   0.0000000000000000e+00	   1.2441825305340877e+00	   3.1602513008169753e-01	   4.4481328627592265e-01	   1.5237600857548270e-01	   1.9332950657559936e-01	   5.6353701886826302e-01	   4.7213209260319067e-01	   3.0223555132407603e-01	   2.8517226982434724e-01	   1.1104145838139965e+00	   8.9137052115290683e-01	   7.5729421026364596e-01	   5.9378213357809662e-01	   4.1368751492634237e-01	   4.2026819056058723e-01	   9.6789209562209011e-01	   6.9010589130421041e-01	   6.4453462078040358e-01	   7.9643951034690141e-01	   6.7336457340176223e-02	   1.1092051223687853e-02	   9.9668131156820577e-02	   2.0583874624713372e-01	   3.0115624098044805e-02	   2.1542679142783495e-02	   2.0025097298447692e-01	   2.3788624750532414e-01	   7.0601092112765473e-01	   7.5384510141556182e-01	   1.7296568800891643e-01	   1.7517989321350780e-01	   8.5786889733467697e-01	   6.6431870140191307e-01	   1.3443536343422599e-01	   1.8949745225338985e-01	   2.2851622032060648e-01	   4.2913795075574285e-01	   4.1628822136672555e-01	   3.7766388897343145e-01	   5.8096329687386372e-01	   4.0900127229319333e-01	   4.9170853670439685e-01	   5.5906976090368588e-01	   5.5625564522433257e-01	   5.2407890057603090e-01	   4.8206673419886692e-01	   5.1007269680333300e-01	   5.3602100596162572e-01	   4.6507762606782976e-01	   5.3714787711083045e-01	   3.5196265167931234e-01	   5.3025383746818966e-01	   5.0854432333605770e-01	   7.0993442604284440e-01	   5.5988030792931476e-01	   9.3265864014862321e-01	   7.7833134981730878e-01	   7.0120881405932489e-01	   5.3968794147598897e-01	   7.2659000765292703e-01	   4.5472013263823613e-01	   7.9587418687761469e-01	   6.2447750624709497e-01	   6.7052088069723459e-02	   8.3524320695165383e-02	   5.7474772693419152e-01	   4.1009610598949842e-01	   4.2191692028239286e-01	   4.2748249440176822e-01	   3.9303150679787136e-01	   1.5805403389821274e-01	   7.0166834650170329e-01	   5.2202835903692468e-01	   6.4568889219632541e-01	   4.7162174527941603e-01	   8.8938167956572678e-01	   8.9432260098559835e-01	   1.0021740488797377e+00	   8.0084064986768011e-01	   1.0618285634760374e+00	   9.0463961961191508e-01	   1.6436990351909203e-01	   6.8493448132178891e-01	   5.9892078826155315e-01	   4.9395351015085398e-01	   2.4545685169966566e-01	   4.6878767424838497e-01	   5.0559256236229133e-01	   3.8551462741632259e-01	   4.0419164888331338e-01	   3.7014762245094196e-01	   6.1924095023258463e-01	   4.8661348843837005e-01	   1.9925187870507477e-01	   3.4894536804844406e-01	   5.1198153713135586e-01	   3.8169990706554274e-01	   8.7481388682500549e-01	   5.5563345053691027e-01	   5.0167914679869530e-01	   3.4385604760005678e-01	   4.1805394585503508e-01	   2.7269343899115200e-01	  -4.4802956968186591e-02	  -5.5732821030753707e-02	  -2.0558095922506717e-01	  -2.1837632925246070e-01	  -4.1028520023148286e-03	  -7.0541000540873741e-02	   4.6410188561809451e-01	   6.0583053319379565e-01	   7.7211910810651629e-01	   6.1143678326171991e-01	   3.1890959799483687e-01	  -6.8225848686625568e-02	
   1.2441825305340877e+00	   0.0000000000000000e+00	   2.6313263844719476e-01	   5.1409677391104858e-01	   2.6530989064776533e-01	   2.2802953668462850e-01	   5.3806581481897109e-01	   4.8710517643359247e-01	   4.1686357888326697e-01	   3.1549769784823539e-01	   8.6876619455578341e-01	   6.3412986493425527e-01	   6.3269673164233897e-01	   6.4119895289132434e-01	   4.0400148716768325e-01	   5.0155937999653100e-01	   9.5786396742983637e-01	   1.0129448146917321e+00	   6.8965129687213289e-01	   1.1162841848865608e+00	  -4.6263190512988772e-02	  -1.5171709694893811e-02	   3.4602401492307727e-02	   1.4201489401200426e-01	   8.1883937147513002e-03	  -7.3963300438249099e-02	   2.7932556632703093e-01	   2.6080155280485484e-01	   5.9255350386430961e-01	   7.9430428404659681e-01	   5.2511705018141085e-02	   9.4693821082410840e-02	   8.1706166879874553e-01	   6.8913164126569504e-01	   3.3827113932505683e-02	   1.6156489176033445e-01	   1.1320133996494214e-01	   3.8348529412152699e-01	   2.9635859641572848e-01	   3.0524643713384647e-01	   3.6183179556291839e-01	   3.9024284510101925e-01	   5.0059549501329914e-01	   4.3183424791079994e-01	   4.3127897350296707e-01	   3.8714473416446860e-01	   4.0049251006694442e-01	   4.5125797086690983e-01	   3.4429368437920310e-01	   3.0818662481290582e-01	   3.6755995527197571e-01	   2.5461119728417497e-01	   5.1205486566190772e-01	   4.6970044332713534e-01	   6.7498648626401803e-01	   5.2691179056602089e-01	   9.8997694559839122e-01	   1.0848944452134206e+00	   5.8794156718018731e-01	   6.5353763255688113e-01	   4.5219739594939806e-01	   4.5841141563128113e-01	   7.5875280236078935e-01	   9.1803255840070774e-01	  -2.9800144444793213e-02	  -3.4923862869216831e-03	   4.8674547072192420e-01	   4.7216831020902783e-01	   6.0919204032554619e-01	   5.4150501664310591e-01	   4.6048380674294087e-01	   3.2701210551224169e-01	   5.2736045125949738e-01	   5.5262363527317993e-01	   5.3402361429025746e-01	   5.2984970294414635e-01	   7.4113118543395362e-01	   8.7351990152127468e-01	   9.9944730621113687e-01	   9.2020549761631543e-01	   9.1270761390864164e-01	   9.6095009029563072e-01	   4.0562033656581564e-02	   4.3141593457704169e-01	   4.3820070469371286e-01	   5.0439907818630259e-01	   5.3598535983116223e-02	   1.7126384831801003e-01	   6.1441436818027395e-01	   4.8178644562876588e-01	   4.8864756438501106e-01	   3.9130924445367882e-01	   7.3981653166931827e-01	   5.2472083754749299e-01	   2.3732227125033847e-01	   3.3549480845715057e-01	   6.1691085006982971e-01	   5.8120082455813804e-01	   1.1199517476312506e+00	   7.9575511939798882e-01	   5.5550288678160387e-01	   4.5278223569181014e-01	   4.2535426499224011e-01	   3.8797944317865452e-01	  -4.8235972971506495e-02	  -4.7200134760316315e-02	  -1.1179096142004190e-01	  -7.5275983464710594e-02	   7.2232088790401536e-02	   1.8918983283607105e-01	   6.3595000974662175e-01	   8.8912935024362549e-01	   8.1449349431339602e-01	   4.6629912632089343e-01	   1.9556251322217374e-01	   8.6968325397991653e-02	
   3.1602513008169753e-01	   2.6313263844719476e-01	   0.0000000000000000e+00	   1.1956667212269212e+00	   4.3070193259655831e-01	   3.6391692826671990e-01	   1.1584576592695686e+00	   7.4154643099532291e-01	   4.7679647644780954e-01	   2.4066616684517245e-01	   5.1412928983648265e-01	   7.1392801931523486e-01	   4.5522662346527532e-01	   4.5698642486678492e-01	   6.9561952887190215e-01	   3.8361121425376843e-01	  -9.0513183180349510e-02	  -1.3315943341105657e-01	   7.3566436684048586e-01	   5.5839170812903727e-01	   5.6325240094323203e-01	   4.6007567989577974e-01	   1.2293741491457362e+00	   1.3927742280451838e+00	   7.2983736175597447e-01	   8.8351817265035182e-01	   2.7586133857835765e-01	   3.0570348498206473e-01	   3.0197076050759042e-01	   1.6027715616288357e-01	   8.6702474131110430e-01	   9.2396814323567156e-01	   5.0188953653676016e-01	   6.3172480555272414e-01	   6.1823495586214194e-01	   7.0115082310501597e-01	   3.9398308142276273e-01	   6.4685849161253284e-01	   4.6441131221546839e-01	   3.6793205273519969e-01	   3.7563403760901376e-01	   3.3950709999807505e-01	   5.9474138702571155e-01	   4.5962276364287125e-01	   4.0570659449660618e-01	   4.2898702014548629e-01	   7.2066004666012329e-01	   6.8137658125157485e-01	   6.0062780058836651e-01	   5.5502623571100929e-01	   7.0897784223088678e-01	   4.7008771192100363e-01	   9.0302295142377065e-01	   6.6478296864783770e-01	   5.2113306428905171e-01	   5.7767599866377728e-01	   9.6548815161188375e-03	   2.7092699518503740e-03	   5.6032873411949835e-01	   2.0458720393037830e-01	   3.5962359233833657e-01	   7.2744861339048339e-01	  -4.9637746565890956e-02	  -7.8368322497909301e-02	   9.2291710766947377e-01	   6.8300289296785566e-01	   7.1204825572938979e-01	   7.4340910496935386e-01	  -1.0498780830615902e-01	   1.6966210302300089e-01	   3.3700560889768816e-01	   3.2354936214702434e-01	   7.7152809734226585e-02	  -2.9449691384918928e-03	   9.0832077101858061e-02	   6.8535046480029074e-02	   3.0368663343285118e-01	   3.7362196420573668e-01	   1.6077874755293431e-01	   1.5619244083432679e-01	   3.7224191217251718e-01	   3.9741969058439969e-01	   7.9289801513192715e-01	   6.1887465092983585e-01	   8.5311146804691407e-01	   9.9365337085472050e-01	   7.4086597244978791e-01	   6.6663045511596208e-01	   4.4359867765164873e-01	   5.7456654356659675e-01	   8.9537274031753877e-01	   9.2876800791412073e-01	   6.3832017656105611e-01	   7.2110334679554600e-01	   3.1429878827802837e-01	   3.1688357622775631e-01	   3.9365376110244610e-01	   1.3835263158918482e-01	   3.9928149940878099e-01	   4.8410973493065901e-01	   4.9904657564068305e-01	   4.9154659806359779e-01	   4.3072046194360170e-01	   2.9156287661890956e-01	  -6.5969548805927336e-03	   3.3032129233805066e-02	   5.6294064027226011e-02	   1.8000545881506474e-01	   1.4688886890154590e-01	   2.1285464457703129e-01	   3.7061160557977035e-01	   2.8116174659662896e-01	   5.3714885435792392e-01	   7.3425873493222549e-01	   5.9403025563028788e-01	   4.2274260104124425e-02	
   4.4481328627592265e-01	   5.1409677391104858e-01	   1.1956667212269212e+00	   0.0000000000000000e+00	   4.4528271038544270e-01	   3.4687509160512053e-01	   1.2255175246195209e+00	   1.3067980993132609e+00	   6.2305888633920792e-01	   4.1284819060476685e-01	   6.1783787781534705e-01	   8.4293801476574748e-01	   6.9012311593541642e-01	   8.0936108888802760e-01	   7.7579768086285439e-01	   5.6981425630518490e-01	   5.3161054766138185e-03	  -6.1706787985704172e-04	   6.1732978312755138e-01	   6.4768694935452009e-01	   5.0426078698196997e-01	   4.1531660515732421e-01	   8.4023733116218335e-01	   1.0985904863488032e+00	   5.8591979400763083e-01	   5.9250616734814365e-01	   3.4752486066724275e-01	   3.4923011557919803e-01	   2.5141230614432086e-01	   2.6148248298168686e-01	   6.4057955136906708e-01	   7.6064604708161243e-01	   6.4114102082690705e-01	   8.0473324554203651e-01	   5.4814076108957444e-01	   6.6291810301856824e-01	   3.8786439301289666e-01	   6.0819798814753279e-01	   5.0450417265797631e-01	   4.2348146224755989e-01	   4.3969204676658757e-01	   2.6523840871995641e-01	   7.1376691547971127e-01	   5.5663183071240663e-01	   5.6463294180956969e-01	   5.2618305898498274e-01	   7.3955148361970413e-01	   7.4443955681429608e-01	   6.9173991883265329e-01	   6.2644335762128489e-01	   7.9182663606497683e-01	   5.6656803448406923e-01	   9.9726406607844764e-01	   7.9683792105337958e-01	   7.3976346275428428e-01	   7.4088248777969712e-01	   1.3155341108586466e-01	   1.1831619341897165e-01	   8.2607535899274698e-01	   4.7053358348073515e-01	   5.3546552440399808e-01	   1.0858601734040303e+00	   1.5723728622198924e-01	   1.9950218915986281e-01	   6.6572332031805359e-01	   6.9693914145000502e-01	   9.2197352704825675e-01	   1.0575611419762141e+00	   1.6425338987988168e-02	   2.4887901766799095e-01	   5.3829577427072417e-01	   4.6675741668954118e-01	   1.5511476595297377e-01	   6.2609361000971156e-02	   1.6950528977608986e-01	   1.3202298788486763e-01	   3.6399653233455731e-01	   5.5168555780989537e-01	   2.8725533931117980e-01	   2.4478762254388914e-01	   4.9391326587591239e-01	   4.8153197899379258e-01	   4.9916173217626569e-01	   6.2983671852763723e-01	   9.5684441319504188e-01	   1.1256094857769994e+00	   4.9217455454649839e-01	   5.7994573670774541e-01	   6.8936955396443511e-01	   7.5837771988999692e-01	   1.2671045979830855e+00	   9.2483494962219970e-01	   9.8749477467052194e-01	   8.4865051519058143e-01	   4.4052527436177524e-01	   4.2285419657252193e-01	   6.2883693007866848e-01	   4.2149984250160599e-01	   6.4257821328956588e-01	   6.9298777783527532e-01	   6.9389380943350332e-01	   6.2277677128849240e-01	   6.0302836520573733e-01	   4.2919436932100224e-01	  -9.9836548434246594e-02	  -8.2313213434626747e-02	   2.2507996208770253e-01	   2.7620472386625516e-01	   3.1843053059287085e-01	   3.2386100307162408e-01	   5.3582987338444377e-01	   5.6816359989458232e-01	   7.4371023243053125e-01	   7.8543084704527455e-01	   6.7687604494301801e-01	   2.3973622132216356e-02	
   1.5237600857548270e-01	   2.6530989064776533e-01	   4.3070193259655831e-01	   4.4528271038544270e-01	   0.0000000000000000e+00	   9.4886677142752840e-01	   2.8220891076748900e-01	   1.8237046834583914e-01	   1.0412370860223061e+00	   7.5176439657209526e-01	   3.7807903728614020e-02	   2.3316583107576398e-02	   1.4862698341229746e-01	   9.1671514015691818e-02	   4.9281012272353319e-01	   3.0994350720340230e-01	   1.1453355386150284e-02	   4.4964709607329831e-02	   2.2178838966696324e-01	   2.4673497186827986e-01	   3.3362161633226528e-01	   4.5019125313557001e-01	   3.1109138153298888e-01	   3.4813261721745659e-01	   5.5242074447081047e-01	   3.8259386795941169e-01	   1.1366192253439866e+00	   1.0475455259101165e+00	  -1.9414582090445939e-01	  -2.2054900634989949e-01	   2.0193076457514386e-01	   1.2628454262333380e-01	   1.1211633449654632e-01	   1.2507772073858561e-01	   2.3326822282847925e-01	   3.3048485814613870e-01	  -1.9479672488584782e-01	   1.0048649045570480e-01	  -5.7474243992717583e-02	   4.6614188121780552e-02	  -1.7660811726652048e-01	  -1.1289100637179843e-01	   3.0475981606285441e-01	   7.0280508928293739e-02	   1.9699352553936292e-01	   1.2817468831408635e-01	   1.8835102005760368e-01	   2.0607293018697412e-01	   2.0103775330624354e-01	   1.8386305194293034e-01	   3.3292785523309365e-01	   3.7666260506892607e-01	   3.7685534369361101e-01	   4.9239028663494111e-01	   4.0259077620546668e-01	   4.1532778974308787e-01	   2.1368054734347455e-01	   2.6830776811561458e-01	   5.2059141707507695e-01	   4.7246702925945550e-01	   1.9958653874220433e-01	   4.0166917436567245e-01	  -7.1112700452440891e-02	   6.7061396513704297e-02	   3.5506030364015717e-01	   4.1019806825395033e-01	   4.6984461403265115e-01	   4.7608974575230589e-01	   1.3331656214113555e-01	   2.1442098044943853e-01	   2.5059852677219352e-01	   2.9076492415582067e-01	  -2.5859290836588233e-01	  -1.7475342460157334e-01	  -8.6704769200017434e-02	  -3.9889690023043697e-02	   7.4802824955084390e-02	   1.1273757741738610e-01	   3.7961134036488639e-02	   6.0770924681564115e-02	   7.6683745295177685e-02	   2.2001980809949467e-01	  -4.4121073796239495e-02	  -2.2019110660835423e-02	   3.0224035637205654e-01	   5.7765253695465280e-01	  -1.0712766533566372e-01	  -1.5511370652392517e-01	   5.0879286581558691e-01	   7.0299074505144676e-01	   5.2129715555311218e-01	   5.6548221160797651e-01	   5.0917953302904650e-01	   4.5274837881073254e-01	   1.4251566838096213e-01	   1.6015480870541560e-01	  -9.1521224337363684e-03	   7.1806364746606746e-02	   2.6513580904211731e-01	   2.5183006156923038e-01	   7.4042389033906697e-02	   1.5585338351544720e-01	  -4.9050556395302383e-02	   9.2141033777962400e-03	  -1.4218714174099914e-01	  -1.1918146510564867e-01	  -1.1176081452613962e-01	  -1.1938942813827371e-02	   9.8738415159072307e-02	   6.4523378623288288e-02	   1.3373825177124887e-01	   4.7150447570605697e-01	   3.5354640283446548e-01	   2.4126555830719115e-01	   5.4570151757360644e-02	  -3.9290141406340774e-02	
   1.9332950657559936e-01	   2.2802953668462850e-01	   3.6391692826671990e-01	   3.4687509160512053e-01	   9.4886677142752840e-01	   0.0000000000000000e+00	   2.9917741434565931e-01	   1.2727991540976810e-01	   8.7479889655111720e-01	   8.7864083909374691e-01	   7.0541426941110166e-02	   6.3399575674138731e-02	   2.5214244003016595e-01	   1.4217391407365623e-01	   5.1240416043180959e-01	   4.2167906982828435e-01	   1.7955830380776389e-01	   2.1744276479164720e-01	   9.7010338423576481e-02	   2.0367028958806699e-01	   1.4031559670396990e-01	   3.4796254702798946e-01	   2.4369060492553488e-01	   3.0577305038101077e-01	   3.1555268468786984e-01	   4.3224558799540891e-01	   8.0750183719153590e-01	   7.3552153991417923e-01	  -6.5875975209693335e-02	  -1.1260439462120771e-01	   1.4443534883360065e-01	   8.0105755314253457e-02	   1.5556866203118369e-01	   1.8374603745495804e-01	   1.3095892474379134e-01	   2.4325075946719593e-01	  -2.0523583198476134e-01	   1.1962248425138115e-01	   1.7977395471448221e-02	   7.5437248323168005e-02	  -1.7519699529076863e-01	   1.0178001138962388e-01	   3.1389506180822968e-01	   1.0133442990794692e-01	   2.0502520174411856e-01	   1.3710134955416092e-01	   2.2365541872384126e-01	   1.9414300746799709e-01	   2.3070068549423195e-01	   1.8923467938546434e-01	   3.5834359956715028e-01	   3.3745670226848834e-01	   4.0114774273786924e-01	   4.7734623397360532e-01	   5.0071784606594449e-01	   4.6212007854012987e-01	   3.0661454047116637e-01	   3.0232909504241828e-01	   4.5639042838341687e-01	   4.3319615208855589e-01	   3.3287207776714778e-01	   4.1689288792257673e-01	   8.3669041835324337e-02	   1.4498131035917802e-01	   3.1018798108148410e-01	   3.2612548596519414e-01	   3.4500706232330769e-01	   3.1447204161015074e-01	   2.7776412453214228e-01	   3.1899743240717326e-01	   8.3272024352583240e-02	   1.4497661871938153e-01	  -1.3229304519641680e-01	  -8.2690685590668264e-02	  -7.8770865292064909e-02	  -2.7146127545817196e-02	   8.0119704901780248e-02	   1.0378897158228041e-01	   1.2277676228121716e-01	   2.0947637967677271e-01	   2.0256704637563613e-01	   2.9730374917483582e-01	  -9.3031294588008295e-02	  -9.6101550170545058e-02	   3.0286656081182806e-01	   5.3869910365420048e-01	  -9.9003985770344027e-02	  -1.5058747501328698e-01	   5.7628814048712695e-01	   7.0299013737241356e-01	   4.3139066466211073e-01	   5.0588876846003350e-01	   4.1503347696578419e-01	   3.9232611148440610e-01	   2.2119108453167356e-02	   5.9069155825701811e-02	   1.1803716251967868e-01	   5.9005183321337168e-02	   3.2622689928591975e-01	   2.0908125111394801e-01	   3.6231011149448746e-02	   2.1414414284258684e-01	  -1.5693448495758506e-02	   4.3285752639306126e-02	   1.9699158023678238e-02	  -7.4043106366794807e-03	  -1.7704225681767907e-01	  -1.3602092543584623e-01	  -1.7342517074909108e-01	  -1.8755832143166531e-02	   1.0113284539291238e-01	   3.0172053287393752e-01	   3.0753687284886605e-01	   1.5368265211698903e-01	  -2.7978799364020725e-02	  -1.0521498353780075e-01	
   5.6353701886826302e-01	   5.3806581481897109e-01	   1.1584576592695686e+00	   1.2255175246195209e+00	   2.8220891076748900e-01	   2.9917741434565931e-01	   0.0000000000000000e+00	   1.2194984317940780e+00	   5.2774436591629503e-01	   2.2454783630216885e-01	   8.7693763677358905e-01	   9.2105111514735682e-01	   9.1416645106374117e-01	   8.7144445919689040e-01	   6.0874486258783711e-01	   4.1363952429324047e-01	   1.3534560943904000e-01	   1.3709230880116299e-01	   7.4044193562557614e-01	   7.5428084087141556e-01	   2.9883196234880910e-01	   2.7722983954849961e-01	   6.0452933375859641e-01	   7.7952418954946867e-01	   3.0509285069491465e-01	   4.0723655292730976e-01	   1.4860277636147734e-01	   1.8687921760337883e-01	   4.4314366328114047e-01	   4.7280288255768299e-01	   4.9004719713030054e-01	   5.7035159091661536e-01	   6.4288324944079300e-01	   7.2808414384353159e-01	   3.3520613282373474e-01	   4.5892613297324469e-01	   2.2252000426891677e-01	   4.7751369258252035e-01	   3.5379153454817303e-01	   2.9557759606832523e-01	   4.0602349245566216e-01	   2.5749996703940353e-01	   7.9216552469854384e-01	   6.0096575392973606e-01	   5.4675732865823601e-01	   5.3557834422643147e-01	   7.4616431996870558e-01	   7.5800151373681668e-01	   6.7187622263536007e-01	   5.7966225353973178e-01	   6.7252094376800520e-01	   4.3773405030455248e-01	   9.1626655774904742e-01	   7.2461977825192425e-01	   6.3305617947548087e-01	   6.1339293359548186e-01	   1.1033496248749154e-01	   7.7797935766766566e-02	   7.4586897035410360e-01	   4.4659089921611239e-01	   5.5946975549493128e-01	   8.6766093205978034e-01	   3.1296972286857766e-01	   3.0121172992763751e-01	   4.7039973891194847e-01	   4.2306180142399646e-01	   7.5939585527860010e-01	   7.9387448145649919e-01	   6.5387710118454234e-02	   3.0118499189633074e-01	   3.5748246491083957e-01	   3.1918881138077720e-01	   2.5912193567354169e-01	   2.4993417939845441e-01	   2.1230816275573255e-01	   2.1604758722998052e-01	   3.8340569979869854e-01	   4.7890315673361727e-01	   3.6146364080838034e-01	   3.7406790199079026e-01	   5.3616406067845224e-01	   5.8371013543364492e-01	   3.6072642044925929e-01	   5.4604744136682326e-01	   6.9845605958194867e-01	   8.3958322501733229e-01	   3.6858748573323041e-01	   4.7201767449601006e-01	   4.9455682213747199e-01	   5.4398438599182741e-01	   9.5575465372461643e-01	   1.1708524147307471e+00	   8.6165645499040555e-01	   1.0096682418517102e+00	   3.0678506466797517e-01	   3.7637475290177974e-01	   5.5273283235553461e-01	   3.3170008273515927e-01	   6.9912315969441796e-01	   7.4055149949309240e-01	   7.2684772751464610e-01	   7.4274509172723391e-01	   6.4789042224221671e-01	   5.3126509322935400e-01	   2.3418492829984254e-02	   1.0952689418225950e-02	   8.8029747987296139e-02	   1.6564863926787143e-01	   1.0483266021857084e-01	   1.3877618569925365e-01	   4.4883055851671727e-01	   3.7237673566003954e-01	   7.1137340337823185e-01	   5.7798816529990538e-01	   4.0258956641447002e-01	   4.1592128725070163e-02	
   4.7213209260319067e-01	   4.8710517643359247e-01	   7.4154643099532291e-01	   1.3067980993132609e+00	   1.8237046834583914e-01	   1.2727991540976810e-01	   1.2194984317940780e+00	   0.0000000000000000e+00	   4.7983535187997878e-01	   2.7860853523931423e-01	   6.7031161297595721e-01	   8.4357470291996717e-01	   8.3373650899988727e-01	   1.0182816127556145e+00	   4.6443480579443763e-01	   3.8890686961915411e-01	   3.0794523143179452e-02	   6.7944697780917454e-02	   4.1356840654779370e-01	   5.0186370614250386e-01	   3.6296228594019087e-01	   2.3089344554166835e-01	   4.3955568816824414e-01	   6.2238402838974072e-01	   2.4259336888952870e-01	   2.6797829084012825e-01	   6.2979072662067870e-02	   9.0548707505070020e-02	   2.2964918933180145e-01	   3.9363776645157572e-01	   3.4528613769148953e-01	   4.4938685729541072e-01	   5.3332464528534951e-01	   6.6108359951917040e-01	   2.9548103391297770e-01	   3.7596425723081905e-01	   2.6879327971941264e-01	   3.2152876618783588e-01	   3.7070279875658224e-01	   2.5385784072634066e-01	   4.5719077766620181e-01	   7.8788194715288709e-02	   6.6358434012259671e-01	   6.0505495730397407e-01	   5.4593695005315479e-01	   5.5143402298824040e-01	   6.8554701394114670e-01	   6.8682215502018518e-01	   7.1546973158827276e-01	   6.3143739559723355e-01	   7.1584286649538542e-01	   5.5422872424778691e-01	   8.0067151695939875e-01	   6.7762304608907109e-01	   5.7015149876247107e-01	   4.9762724411771248e-01	   7.0911657211440840e-02	   1.1437149202988887e-02	   7.4819372443110432e-01	   5.3915927751661319e-01	   6.4836963801269942e-01	   9.9949250161978331e-01	   3.7363717346038566e-01	   3.7882085623176798e-01	   3.4901283656812221e-01	   4.5574218858176119e-01	   7.0208389804413152e-01	   7.8422459063017169e-01	   3.3750322528132190e-02	   2.3800500369516528e-01	   4.5867340005122020e-01	   4.0537043500832554e-01	   2.6491208734921579e-01	   1.8502439095537804e-01	   2.5232811880466555e-01	   1.4314369059735982e-01	   3.1057749543230101e-01	   4.6139678237338067e-01	   2.4454847884773681e-01	   2.4598524199798621e-01	   4.4797542435687149e-01	   3.9221732349733107e-01	   2.6820638483155029e-01	   5.2953847442776825e-01	   6.9820084281667383e-01	   6.9557913190692666e-01	   2.7378525267415549e-01	   4.5209649515793598e-01	   5.1284401888953512e-01	   4.2836175517941621e-01	   8.8401906986522327e-01	   7.8020033204499217e-01	   8.7109975111616278e-01	   8.1786357409692834e-01	   2.8650928708105416e-01	   3.7882214087925276e-01	   5.9121615706797948e-01	   4.9739526095057496e-01	   6.5725381744048084e-01	   6.5862242457369569e-01	   6.8628232203039563e-01	   6.2845827425643319e-01	   6.8353553694480007e-01	   4.8961910555987664e-01	  -9.7698933888871811e-02	  -1.2854457356771271e-01	   2.4334887984717399e-01	   2.6490990818919968e-01	   2.3803146912436496e-01	   1.3232031585972653e-01	   3.9360511194577968e-01	   3.9039406244984520e-01	   5.9574992281358208e-01	   5.0111490474409104e-01	   4.6386921956557992e-01	  -7.5252484262816374e-02	
   3.0223555132407603e-01	   4.1686357888326697e-01	   4.7679647644780954e-01	   6.2305888633920792e-01	   1.0412370860223061e+00	   8.7479889655111720e-01	   5.2774436591629503e-01	   4.7983535187997878e-01	   0.0000000000000000e+00	   1.1283657591370577e+00	   2.3353992717460084e-01	   2.2703137051589317e-01	   5.3435902173314964e-01	   5.1384911446246528e-01	   8.6777174035850413e-01	   7.5813461043414110e-01	   1.9488249365079505e-01	   2.1538161806749512e-01	   2.0722178604284455e-01	   2.8880335451961919e-01	   3.0058581905534099e-01	   4.7814354711832835e-01	   3.2978371142209162e-01	   4.1024243630265761e-01	   4.9374846202653677e-01	   3.6086218658613523e-01	   7.1027574684807049e-01	   6.6897844951007090e-01	  -9.3477829498493134e-02	  -5.7829096528952892e-03	   2.5132587511671689e-01	   2.0938564377636340e-01	   2.9701523754409870e-01	   3.4723312262274070e-01	   2.5480606198779254e-01	   3.3291555489865521e-01	  -2.1003596784977558e-02	   2.2361376223054480e-01	   1.7702116266474349e-01	   2.2794617904270265e-01	   8.0354324633173296e-02	   1.9134023109905827e-02	   4.6299806489949447e-01	   2.6497255499172767e-01	   4.1599564895019320e-01	   3.1062125063909768e-01	   3.7573188812012909e-01	   3.5111283494360346e-01	   4.2707975995220843e-01	   4.2607246173476632e-01	   5.8135980046643121e-01	   6.4177040053154777e-01	   6.0458586956675020e-01	   6.2750647946550620e-01	   7.6768733944508916e-01	   6.4367876496876131e-01	   3.2280895438981100e-01	   3.3838514349561194e-01	   7.1249267609159317e-01	   6.4944339476208557e-01	   5.5443665508964735e-01	   6.6860640847649000e-01	   1.3000374027936082e-01	   2.7477311871974380e-01	   3.9781409483237545e-01	   5.1128417338130749e-01	   5.7759454958628054e-01	   5.6967868708429392e-01	   2.4253874546200405e-01	   3.4027192175420529e-01	   2.8618744372130850e-01	   3.0511733855261075e-01	  -1.5630697005264524e-01	  -9.3345324325517759e-02	   7.9100460092659565e-03	   6.9020244220954954e-03	   1.1287607492302008e-01	   2.4465154530300173e-01	   1.9932819472388147e-01	   2.5257082505947354e-01	   2.7704278856819103e-01	   3.6651682384048889e-01	  -1.1441258753319954e-01	   3.3817288358280621e-02	   5.0297001913686890e-01	   7.9269285956231939e-01	  -5.6662705324441620e-02	  -8.8771801087477089e-03	   8.8037040356635710e-01	   9.7000854095838351e-01	   6.8429746273443992e-01	   6.6724212548145512e-01	   6.2412908106093357e-01	   5.5636256212054669e-01	   1.0569964613728129e-01	   1.8162941627515450e-01	   2.8200258815687063e-01	   3.1526972107857937e-01	   4.4182375342978186e-01	   4.0188981760108489e-01	   1.6763356622471695e-01	   2.8495563162091081e-01	   7.1210469133996146e-02	   6.8545829198418923e-02	  -2.3791683592697160e-01	  -2.3720297600290668e-01	  -3.2631809676174246e-02	  -2.7342546151549414e-02	   8.3694706837921934e-02	   8.4313955022501649e-02	   1.9812891271607649e-01	   4.7275687514255749e-01	   3.8757835536397667e-01	   2.4604577421866278e-01	   4.3038832237190766e-02	  -2.4771606713156180e-01	
   2.8517226982434724e-01	   3.1549769784823539e-01	   2.4066616684517245e-01	   4.1284819060476685e-01	   7.5176439657209526e-01	   8.7864083909374691e-01	   2.2454783630216885e-01	   2.7860853523931423e-01	   1.1283657591370577e+00	   0.0000000000000000e+00	   1.0982008217428484e-01	   2.2859775875817967e-01	   4.0051046919673372e-01	   4.2980662707957429e-01	   8.1084864005491486e-01	   9.2356971420191425e-01	   2.8435963318921520e-01	   2.5309951009770315e-01	   9.1860486899771734e-02	   1.3246188024546829e-01	   2.3130907394949579e-01	   4.0505962151368657e-01	   2.5084785432468071e-01	   3.1282673284645823e-01	   4.5852128485943167e-01	   2.5816117217542045e-01	   7.2442558607783214e-01	   6.4750777231224332e-01	  -5.4894998461408384e-02	  -6.8218218052519319e-02	   2.4113940832962560e-01	   1.4333155782562981e-01	   2.9533558664619353e-01	   2.7276154960162308e-01	   3.1461845606235128e-01	   3.8769764839620730e-01	   7.3899120926222445e-02	   2.3625125398471591e-01	   2.9220966284295175e-01	   3.1289701939416720e-01	   2.0169195095216708e-01	   1.4993034984065223e-01	   2.3350448000351609e-01	   1.4740145478099886e-01	   3.2455872165492755e-01	   2.3332334957045570e-01	   2.6985643266159326e-01	   2.0246446737920110e-01	   3.5316525311881469e-01	   3.5760421618157479e-01	   5.4565015962498098e-01	   6.4718459983975640e-01	   4.2287609381317998e-01	   5.3453494867026541e-01	   8.0028599758575314e-01	   6.0680027306764417e-01	   4.2809113801120380e-01	   3.9419798656037414e-01	   5.1481434429185635e-01	   4.6505062146928899e-01	   5.7015790697932023e-01	   6.1847987822854145e-01	   1.0372053171731350e-01	   2.0298474333127892e-01	   4.3929303211953707e-01	   5.9316698951331126e-01	   4.8614224065430323e-01	   4.3463809554505445e-01	   3.0774665044039590e-01	   3.9964343585386647e-01	   2.7238045972674180e-01	   1.9624313476877697e-01	  -5.9700938094400781e-02	  -9.2927703926407840e-02	   1.2139739355575757e-01	   4.9154600138198536e-02	   1.6525221945730903e-01	   2.4444638929141238e-01	   1.5226403119012616e-01	   2.6664711046397610e-01	   3.2838916637308374e-01	   3.9562589051855895e-01	  -1.4507965158007549e-01	   6.1782202537379233e-02	   6.2301270968663425e-01	   7.3398383159722658e-01	  -3.9217177650533166e-03	   4.4377274157994889e-02	   9.4824984762048059e-01	   8.9664990011915147e-01	   5.0334156884840320e-01	   2.9872318069354015e-01	   4.5701376463249205e-01	   2.7180528610645505e-01	  -2.5548136615168165e-02	   4.8683624026168715e-02	   1.3739849020401199e-01	   1.5578329637655805e-01	   2.9954889946245555e-01	   1.7133626704391525e-01	  -7.2508936607025131e-03	   4.8440448885194054e-02	  -4.9582100417454235e-02	  -1.8411752979192053e-01	  -2.0238151082634509e-01	  -2.1313714919225171e-01	  -1.9080691687081391e-01	  -3.4346546025653946e-01	  -1.5323005764955683e-01	  -1.4468706116911365e-01	   7.5622360380167078e-02	   3.6510649089147135e-01	   2.1753901414766658e-01	   2.5680979389055592e-01	   8.7456597990807738e-02	  -3.5002742967424566e-01	
   1.1104145838139965e+00	   8.6876619455578341e-01	   5.1412928983648265e-01	   6.1783787781534705e-01	   3.7807903728614020e-02	   7.0541426941110166e-02	   8.7693763677358905e-01	   6.7031161297595721e-01	   2.3353992717460084e-01	   1.0982008217428484e-01	   0.0000000000000000e+00	   1.2366640620242317e+00	   1.1490143491495868e+00	   9.2292156342998177e-01	   5.1409951755571615e-01	   4.6213422118120251e-01	   5.7802600475338128e-01	   4.7129161068436781e-01	   8.6009131165302033e-01	   9.8017248694847980e-01	   2.7348031497649385e-02	  -1.1417528526655679e-02	   2.3751056627628997e-01	   3.6613722496943352e-01	   7.3468405465742063e-03	   4.6148963211892373e-02	   7.4514682272869046e-02	   9.5753627212019549e-02	   9.5340225084388808e-01	   9.3882812318967968e-01	   2.5529333598092213e-01	   3.2343112168914728e-01	   7.7438523217560962e-01	   6.8763126673534480e-01	   1.5950430773367569e-01	   2.8723584148209541e-01	   3.4082943196677684e-01	   5.1187249743450636e-01	   4.7532996275264561e-01	   3.6824473743864294e-01	   6.4838935972336476e-01	   4.4759932791235424e-01	   5.4053188690245491e-01	   5.7544513018629140e-01	   5.2619750742525095e-01	   5.1448297057192149e-01	   5.3761967843647585e-01	   5.6803189359606598e-01	   5.2886394746325460e-01	   4.5556115717050533e-01	   4.1864376720391400e-01	   2.1073418177073866e-01	   4.7963414759782813e-01	   3.5292069083320970e-01	   5.5197517815115038e-01	   5.2799364710837604e-01	   3.9493829213469434e-01	   3.3467190606634034e-01	   5.6013521824364609e-01	   3.1839159715352727e-01	   5.2095952662421507e-01	   4.6992302107473216e-01	   6.5949567418141863e-01	   5.1067123046854634e-01	   8.5625372155721510e-02	   7.1074001924477617e-02	   5.1419138399921938e-01	   4.3434243407953249e-01	   1.9863110877912529e-01	   3.6835345747287768e-01	   4.1178415832473136e-01	   1.5042724770492638e-01	   6.6374508596201587e-01	   5.6405561730231779e-01	   5.0507094460893853e-01	   5.5412767790763340e-01	   7.4199287496646082e-01	   8.1144727530235816e-01	   7.1894651515152008e-01	   6.3221103266235845e-01	   7.6318646039240545e-01	   7.9621551417825231e-01	   2.2312445681917775e-01	   6.0750203535815295e-01	   5.6185132751238687e-01	   4.3568292545406290e-01	   3.4398756040576167e-01	   4.4599996836581213e-01	   4.2035347866447004e-01	   3.3961524510413521e-01	   4.7442415051345321e-01	   5.4242892671683274e-01	   6.2540605653829351e-01	   5.3151204559300835e-01	   3.2712620261207381e-01	   4.1716412434076211e-01	   5.6489078345359789e-01	   2.8409976816153087e-01	   7.0024756647719544e-01	   5.8141254707319023e-01	   6.7919820528781227e-01	   5.1354391978507086e-01	   5.2305921337525230e-01	   4.0370577859192947e-01	   2.8861477817699363e-02	   4.4968952483126580e-02	  -7.6379183015228669e-02	  -4.8012338705950938e-02	   7.8158481920601514e-02	   3.4902027632422554e-02	   4.5889885067434799e-01	   3.8952515130010945e-01	   7.9696070177400868e-01	   5.9596065971607048e-01	   3.7218294643387628e-01	   9.4664878574588676e-02	
   8.9137052115290683e-01	   6.3412986493425527e-01	   7.1392801931523486e-01	   8.4293801476574748e-01	   2.3316583107576398e-02	   6.3399575674138731e-02	   9.2105111514735682e-01	   8.4357470291996717e-01	   2.2703137051589317e-01	   2.2859775875817967e-01	   1.2366640620242317e+00	   0.0000000000000000e+00	   8.4706497724565699e-01	   8.6382827225865821e-01	   5.4645418580607696e-01	   4.8750599794852312e-01	   3.2703464098705304e-01	   2.4918717817401220e-01	   7.7623783974122196e-01	   6.9157855764092491e-01	   2.3510694827020248e-01	   1.0611366734628976e-01	   5.0911932458995690e-01	   6.5456352943361407e-01	   2.5452779011455073e-01	   2.7243400855921884e-01	   2.1945628471020575e-02	   7.6219534352412716e-02	   9.1944044512311462e-01	   7.7803408892583281e-01	   5.1507265084685583e-01	   5.7781506856430576e-01	   8.7626171569933198e-01	   8.6887096068534264e-01	   4.0952098196356235e-01	   5.0910333313763656e-01	   6.0445211263603316e-01	   6.8954496064497039e-01	   7.8830148122407140e-01	   5.7465313740346624e-01	   8.7771245713237522e-01	   4.8344213186696317e-01	   4.5641618496263348e-01	   6.0824370729998112e-01	   5.4676457722729899e-01	   5.5118408592796531e-01	   6.3420492533461348e-01	   6.0992120138510519e-01	   6.3260395810552761e-01	   5.7754369113598436e-01	   5.8853945033732058e-01	   3.8780627593664907e-01	   5.5723915897480825e-01	   4.5147936708365499e-01	   6.0792155696418748e-01	   5.4422396406391793e-01	   2.7639881365031227e-01	   2.4061128632857776e-01	   5.7125931238339200e-01	   2.5629083903999833e-01	   6.7979622907268256e-01	   7.9989561280657073e-01	   3.8394556714099498e-01	   3.0412168681125568e-01	   4.4111317133614092e-01	   3.9370894012375757e-01	   6.5262109905459886e-01	   5.4861369881568967e-01	   1.0280183928398980e-01	   2.8954027425476481e-01	   4.5061775062050879e-01	   2.0639354853618883e-01	   6.6146041066524797e-01	   4.3563394539037981e-01	   5.7930828978773397e-01	   4.9456844451772286e-01	   7.5498457776325589e-01	   8.2838973643555636e-01	   5.3835911296366812e-01	   4.9198834328857199e-01	   7.5739992940069489e-01	   6.8471197933856032e-01	   4.0205094486742282e-01	   7.6457976732834687e-01	   9.4855614661065224e-01	   7.0377897245175913e-01	   5.6934360088306291e-01	   7.4660616143689884e-01	   4.5556041149313509e-01	   4.3954773791373902e-01	   5.7430537645586210e-01	   4.9642002973306132e-01	   5.4811646633355426e-01	   4.9119983191308270e-01	   2.4463561230325009e-01	   2.8778729179061457e-01	   5.9300671896946489e-01	   2.6051235621011026e-01	   5.5049915458628074e-01	   5.1768387464777121e-01	   6.1378827685421344e-01	   4.2994806135842795e-01	   5.3086494045454402e-01	   2.6295287894153152e-01	  -7.5225216723080303e-03	   6.7926537812974697e-02	  -9.4292200310326073e-03	  -1.3479995331140610e-01	   5.7739880108415652e-02	   7.9868638185016114e-04	   4.5239149244877069e-01	   3.2825053189013931e-01	   5.9481867223930651e-01	   8.2741388227913149e-01	   6.8077976610803848e-01	  -7.6108806642761319e-03	
   7.5729421026364596e-01	   6.3269673164233897e-01	   4.5522662346527532e-01	   6.9012311593541642e-01	   1.4862698341229746e-01	   2.5214244003016595e-01	   9.1416645106374117e-01	   8.3373650899988727e-01	   5.3435902173314964e-01	   4.0051046919673372e-01	   1.1490143491495868e+00	   8.4706497724565699e-01	   0.0000000000000000e+00	   1.3940289757499142e+00	   8.1919028782456327e-01	   7.4025687007850272e-01	   4.6301906037938900e-01	   3.6257275108435649e-01	   4.9273319516384928e-01	   6.0290452105181425e-01	  -3.4148359892054891e-02	   5.2568098265506772e-03	   2.1315520595159612e-01	   3.6328861770238502e-01	  -2.0451744489885506e-03	   2.6454422271419711e-02	   1.8848152043059510e-01	   1.2929594015228876e-01	   4.6337122710814660e-01	   5.8009281044637606e-01	   2.1557685670975335e-01	   2.4943259333303439e-01	   5.3309910307246755e-01	   5.7447761323444702e-01	   1.8428663805137474e-01	   2.7667564584769677e-01	   1.9908783611575245e-01	   3.6896127472184742e-01	   4.0340110670810209e-01	   3.0096281955124865e-01	   5.0007821262140484e-01	   2.7771515453390472e-01	   4.3025240491262173e-01	   4.2127644733976122e-01	   4.8351496228827140e-01	   3.9530633806952253e-01	   4.3192834948567194e-01	   4.4601598141803489e-01	   5.4776895391310143e-01	   5.0108103083461875e-01	   5.1478923002597088e-01	   3.9707027969234759e-01	   5.6617350822682766e-01	   4.9041246551326878e-01	   7.4411860405207486e-01	   6.0100522759158426e-01	   3.2040743544245609e-01	   1.9428171076293005e-01	   6.7797674526410467e-01	   4.3507094277773761e-01	   7.9107807545896669e-01	   6.6090742248401146e-01	   6.1775293560832112e-01	   4.8250558271050137e-01	   1.5488638471191421e-01	   2.7495547835555612e-01	   5.2085835318507867e-01	   4.6888713966563311e-01	   2.0158066736994651e-01	   4.3460786267891649e-01	   2.7468283563309570e-01	   5.0873991452418867e-02	   3.5692887441157095e-01	   3.1820219214751538e-01	   2.2674819699490423e-01	   2.7872487408849184e-01	   3.9468002116777234e-01	   5.4728851105173848e-01	   5.2093735167749089e-01	   5.0836857978496197e-01	   6.8385483701871808e-01	   7.0796250283970774e-01	  -2.9953441518361101e-02	   3.4042462747590119e-01	   6.3156403736673716e-01	   5.3525779812741137e-01	   2.3403050576341575e-01	   3.0793486183582236e-01	   7.2800263076309402e-01	   5.5422149085942574e-01	   5.9744736436920720e-01	   5.9485176063527934e-01	   7.3521282962356094e-01	   6.1113506041342025e-01	   2.7908500174301010e-01	   4.3559951561995575e-01	   4.9168541080738182e-01	   3.2337672112437571e-01	   6.4895791045441886e-01	   5.4174339489239498e-01	   5.5830578802454445e-01	   4.9489744048492568e-01	   4.5763483674657868e-01	   3.3296143770354036e-01	  -5.7397225481526343e-02	  -1.1277277198772756e-01	  -5.5508742937050555e-02	  -5.9881453264012945e-02	   3.4157861544425572e-02	  -1.2389835744997291e-02	   3.1320998331164573e-01	   3.3239292710795021e-01	   6.2466457086337690e-01	   4.0378156802792387e-01	   2.2710171039351462e-01	  -2.8385534789892690e-02	
