   0.0000000000000000e+00	   1.0920859324206793e+00	   4.7806050831957547e-01	   4.9884041680755342e-01	   6.5901821190967913e-01	   6.8910477028086348e-01	   2.9902944197843984e-01	   5.1713898551300019e-01	   3.9138458743548105e-01	   4.6497761610237959e-01	   5.7625618228572162e-01	   5.6938073820902302e-01	   2.2049028619812083e-01	   1.2707631656764473e-01	   8.4806552754968179e-01	   6.1876088996739775e-01	   6.1851348057058309e-01	   4.0986921237272000e-01	   1.0776394257532709e+00	   8.4166078209892459e-01	   2.9025115885512959e-01	   2.9644240193879284e-01	   3.6432633042789353e-01	   2.7881524502926669e-01	   3.8625141005033958e-01	   4.3276955718764415e-01	   5.1492330749642190e-01	   4.9804308934999175e-01	   5.1299776357770110e-01	   4.6574693513845217e-01	   1.4425100162463192e-01	   1.3544140906695201e-01	   6.1922521104455375e-01	   6.2155636606788045e-01	   3.0116533511910498e-02	  -2.3284702401514909e-02	   1.7960466595181812e-01	   4.3428019753490976e-01	   6.1492591059980495e-01	   4.2073316961554663e-01	   3.7379226372585467e-01	   3.5611460045782767e-01	   4.3247110057033089e-01	   3.3545609576013485e-01	   1.4728870580341816e-01	   1.9382807824024387e-01	   4.5015714005778362e-01	   4.9674687017569819e-01	   5.5892409785049546e-01	   5.6864039125732524e-01	   4.7900354826664371e-01	   4.7106247130103063e-01	   7.2176683103741646e-01	   7.1653870694148081e-01	   6.0441254214990914e-01	   6.4207537082195176e-01	   9.0014098688940591e-01	   8.0110435695830218e-01	   5.2982471145499432e-01	   6.3689460974893275e-01	   4.6997370503988206e-01	   4.1463006924264900e-01	   2.9802471907809769e-01	   4.1828897731574893e-01	   2.9383286527517538e-01	   4.6235288731113405e-01	   2.3944880964057041e-01	   1.5178783929745027e-01	   6.5919059897478882e-01	   6.1715404643294614e-01	   2.3089240574687900e-01	   2.0067950355883057e-01	   3.4270378719285854e-01	   3.1979967154886213e-01	   4.4458239936212229e-01	   4.4196310803789651e-01	   7.7869916557968255e-01	   7.1110129975784331e-01	   5.6629223598998912e-01	   3.5317112091866798e-01	   5.3885021324283122e-01	   3.5904536170287038e-01	   9.0344526750512311e-01	   5.3883551952295705e-01	   4.7902003315060759e-01	   3.2247783221280080e-01	   7.1034538259040247e-01	   3.9560352019937450e-01	   5.0147907731356989e-01	   5.4719008212969633e-01	   7.3036954485747785e-01	   7.7604329139066519e-01	   5.9929361201367137e-01	   5.9872513945509498e-01	   3.2647039683401097e-01	   1.6025696880328841e-01	   5.1896331478865876e-01	   4.1782950521190121e-01	   6.7092810290795701e-01	   7.2421881316690007e-01	   4.7603954475326804e-01	   5.9422251292135631e-01	   5.9450423884415249e-01	   8.0887232326814318e-01	   5.5994996287214138e-01	   4.8174807924206187e-01	   1.8419969911783851e-01	   1.1992156727710029e-01	   2.2476425554704305e-01	   4.7277005972510069e-02	   3.9630208021906072e-01	   6.8338046002341257e-01	   6.0202944558048188e-01	   5.6916789083658359e-01	   3.2096339448139960e-01	   6.1085510227124863e-02	
   1.0920859324206793e+00	   0.0000000000000000e+00	   2.9667363415444453e-01	   5.6992589556985140e-01	   4.7608155845871031e-01	   7.2608573538681698e-01	   9.1184668888786985e-02	   4.8265201113247735e-01	   2.1145483757365516e-01	   4.6094979090767307e-01	   2.8649554516860831e-01	   7.4864946325044346e-01	   4.9888188725578514e-02	   2.1057976463079181e-01	   5.8279629798347421e-01	   6.7719196393311265e-01	   7.0877112008807741e-01	   4.7239884832603896e-01	   1.0061691488852178e+00	   1.0838922569848575e+00	   3.0315079777842008e-01	   3.5707172418623745e-01	   3.1180710111782944e-01	   3.4326287648211179e-01	   3.2938416930961556e-01	   4.9815539193376401e-01	   5.0068301000055504e-01	   4.8697033918023702e-01	   5.4994213969539429e-01	   6.3650616036649887e-01	   6.9735843521486970e-02	   1.0345389336179445e-01	   6.3681404345967441e-01	   7.2433845045088130e-01	   3.8808706223945081e-03	  -3.7079472049272533e-02	   3.0541420143066483e-01	   7.8283873909456225e-01	   7.5177542635418637e-01	   7.2577656192948647e-01	   6.1365447287202923e-01	   7.0580694670206334e-01	   2.7035183333773005e-01	   2.0649921202749796e-01	  -1.5267321423864730e-02	   5.1613702981355238e-02	   3.1684804742203504e-01	   3.8706072674574787e-01	   3.6740721886112648e-01	   5.3142932698872802e-01	   3.3272672190047514e-01	   4.0891063443046421e-01	   6.4431162487007931e-01	   6.8053409766618211e-01	   4.7600597289558838e-01	   6.1706380591917653e-01	   1.2482040819057791e+00	   1.1600538411733472e+00	   3.6719936013535454e-01	   6.7499681468369899e-01	   3.2001327503679583e-01	   5.6287935213351115e-01	   1.8645568894725467e-01	   4.8996059354867294e-01	   2.2141539668078244e-01	   5.5187274782201201e-01	   4.2471056900500528e-02	  -1.6866307470058132e-02	   8.4583308683938474e-01	   6.4593073856594452e-01	   2.1235254449946969e-01	   2.9628250533723288e-01	   3.0144647099394806e-01	   4.1366687362480037e-01	   3.9378885044476075e-01	   5.0425746116676773e-01	   7.4682157011011630e-01	   8.4476812592006190e-01	   7.2502717967162456e-01	   3.4428239574052832e-01	   6.6887105087284815e-01	   4.0980572273916305e-01	   7.4974368195021190e-01	   7.4738812155665835e-01	   3.3677364748072941e-01	   4.0296517209740740e-01	   7.5249529602596499e-01	   4.5906281062951221e-01	   4.3007116621041508e-01	   6.3079289470152922e-01	   7.5761100402193349e-01	   5.3301763124522672e-01	   5.7151862559868449e-01	   3.4751695577284702e-01	   4.2334957487846075e-01	   3.1530902774130232e-01	   4.4450732755824907e-01	   3.2506809635002437e-01	   6.1318210456400646e-01	   5.9927253480949072e-01	   4.5129112781384795e-01	   3.2393315542705114e-01	   5.7886670227141745e-01	   7.5780878778220728e-01	   6.7808055542789314e-01	   4.5098703647768701e-01	   1.4206609772673001e-01	   8.4998331491605031e-02	   3.0748603974176342e-01	   1.6337207488701289e-01	   3.9964568183894156e-01	   6.0313490875093267e-01	   5.2634047332680622e-01	   6.2267152637465417e-01	   2.5727552086434580e-01	   2.0073827748868733e-01	
   4.7806050831957547e-01	   2.9667363415444453e-01	   0.0000000000000000e+00	   8.7607644270550822e-01	   8.0201069968973238e-01	   4.4083039864454460e-01	   1.2001635392172185e+00	   7.4466107371011181e-01	   1.1182444301374843e+00	   4.8527250835557822e-01	   1.6962335394707966e-02	   5.1816303348909522e-03	  -1.9361235901049956e-01	  -1.7240085141983785e-01	   5.9116751054453009e-01	   1.2054672061966025e-01	   1.2389206357458145e-01	   2.1219685818511666e-01	   3.9640776016148771e-01	   3.2748327762771801e-01	   5.0731912513354960e-01	   4.2785450741081243e-01	   1.0787271898544659e+00	   6.5165173840586721e-01	   1.1136025689967897e+00	   8.2530100727741251e-01	   7.4928241465955214e-01	   5.2085940178260626e-01	  -1.3451109312951595e-01	  -4.2382376060652246e-02	   8.6070133093608003e-01	   8.8359295847032848e-01	   7.4814468195347839e-01	   7.8374467364460609e-01	   5.8979162726210665e-01	   4.4913130664379752e-01	   1.8316313789981620e-01	   2.8206861295454344e-01	   3.9529759519696356e-01	   4.2750010723707599e-01	   8.1983008995824544e-02	   7.5134483503284458e-02	   1.9271040058915767e-01	   1.8795541862485884e-01	   2.1601827111422356e-01	   2.2620824877182524e-01	   1.7190082914152241e-01	   2.3365056336151924e-01	   1.8133358204276617e-01	   7.7486557819116064e-02	   3.8359704738303235e-01	   2.1201841103300537e-01	   1.4478270049263889e-01	   2.0657842506949953e-01	   2.9299299284184466e-01	   3.4637531620298567e-01	   2.7892592284197559e-01	   1.9684145630201338e-01	   8.9392233116217357e-02	   3.1243351847993938e-02	   6.1735958287650594e-01	   5.2127414635249525e-01	   4.2982764260964074e-01	   4.5567954287489848e-01	   1.2108828867120234e+00	   8.6624804150005219e-01	   4.0936115755441066e-01	   3.6247078835627722e-01	   1.9868942180158861e-01	   3.6731180154083021e-01	   1.9089816671045487e-01	   1.5443959363072582e-01	   9.1858305739081866e-02	   9.6725305530420275e-02	   1.9999833683518398e-01	   1.1690468467247433e-01	   4.0883817735709388e-01	   4.6286874360767316e-01	   4.5639559633160187e-01	   3.8889547620536885e-01	   3.2482681834099630e-01	   5.1037512201123159e-01	   2.3805388876146794e-01	   1.5197354971686875e-02	   8.2666860355384475e-01	   8.1140313957832411e-01	   6.1643131311824984e-01	   3.6639654115098036e-01	   1.0966704548482220e+00	   8.2586489894239967e-01	   2.3294531764912602e-01	   6.3250624802748789e-01	   7.8914079288278383e-01	   1.2327374932376578e+00	   2.4785974425690010e-02	  -4.2907226450457153e-04	   1.6415148419191994e-01	   2.1110791859940811e-01	   1.1066027293195607e-01	   2.3890547649431082e-01	   4.5226225326953151e-01	   1.0835822795227898e+00	   2.3818002147650144e-01	   3.9294772463484789e-01	   2.6571849625677785e-01	   5.4864449273640625e-01	  -6.4396175518456347e-02	  -9.9913179567512486e-02	  -1.4546982794914518e-02	  -3.8405687496956629e-02	   1.4589241204476361e-01	   1.6404652302887429e-01	   1.3974164833643254e-01	   1.0412480438311875e-01	   1.3432411815365297e-01	  -1.8935699856448701e-01	
   4.9884041680755342e-01	   5.6992589556985140e-01	   8.7607644270550822e-01	   0.0000000000000000e+00	   7.9179080360994092e-01	   1.0161595606801044e+00	   5.6067946070620300e-01	   1.3389684748553199e+00	   8.5151759965796647e-01	   7.2838267507709697e-01	   7.1746012814659268e-02	   4.9106811465154199e-01	  -4.3513389303849855e-02	   2.7103759159560703e-01	   7.5794010364920394e-01	   6.3937434827811646e-01	  -4.5590029542529366e-02	  -4.4654335964656776e-03	   4.7017569048229046e-01	   5.6353389979388335e-01	   1.9930029163808344e-01	   3.4582816405316624e-01	   8.2591691868566874e-01	   9.7908933813336563e-01	   8.0903857141410340e-01	   1.1416280835693313e+00	   8.3498023701023028e-01	   7.9445941574539458e-01	  -1.7840580085853874e-01	  -1.8334654629692523e-02	   3.8160454374943981e-01	   5.4063114343287488e-01	   3.8655511802424103e-01	   7.2112841318665810e-01	   3.0209819323412435e-01	   2.0953408187847480e-01	   2.7636086769561907e-01	   5.0917504706939920e-01	   2.9709407083045669e-01	   6.0895193094497879e-01	   1.0090588319502100e-01	   3.0210746405413369e-01	   2.1262211931800862e-02	  -2.8287071649176307e-02	  -2.0158850790429322e-01	  -1.2400670575405739e-01	   7.8364942437625894e-03	   1.1398311871731878e-01	   6.7894747329094937e-02	   1.6143811292253690e-01	   3.0719588106034346e-01	   3.6104160468006008e-01	   2.5303258350811547e-01	   3.3710976452117142e-01	   1.6254783648360244e-01	   3.3526716026109010e-01	   4.1601810784615234e-01	   2.9611211826938466e-01	   5.9476525260863937e-02	   1.3486410492346584e-01	   5.0646816028664965e-01	   1.1160604368772682e+00	   6.5672316345612325e-02	   6.1638763762242610e-01	   8.9499144375502393e-01	   1.5333655129951540e+00	  -4.2852824420221052e-03	   8.8838539763024499e-02	   4.1508524317219009e-01	   4.8217559098262497e-01	   1.2149735250162061e-01	   2.9800952028085032e-01	   4.8659186341960405e-02	   1.3651579190756560e-01	   2.4876404778856559e-01	   2.8251829363351533e-01	   2.8875838164633311e-01	   7.4576709120797258e-01	   2.6844382547269574e-01	   7.1670266591830331e-02	   1.1849299283418856e-01	   1.9085505026249638e-01	   3.2079576154330014e-01	   4.8790688874504595e-01	   4.8215317014843911e-01	   9.1726589298393846e-01	   7.0706129179937371e-01	   7.7094316764580639e-01	   8.6757369603648504e-01	   1.0425147328742705e+00	   4.0091781128310050e-01	   4.4470572456401186e-01	   1.0137158953168157e+00	   7.7075918788020625e-01	  -7.4008778538091916e-02	  -4.4714325802583839e-02	   2.1252974163292547e-02	   3.4556921549074589e-02	   3.7893539078925037e-02	   1.1883684555570921e-01	   4.7471322215871592e-01	   5.8439775700776619e-01	   1.7697703556641392e-01	   2.3487999064455595e-01	   3.1412562235485536e-01	   2.3226121244528380e-01	  -1.0420076177908183e-01	  -2.5159230176339448e-01	  -9.9556861327354432e-02	   1.1398626746023716e-01	  -3.7526517787471042e-02	   4.9621977486104790e-03	   7.7789290565861494e-03	  -2.8055054088241053e-02	  -9.3087065408244601e-02	  -1.2539892476783124e-01	
   6.5901821190967913e-01	   4.7608155845871031e-01	   8.0201069968973238e-01	   7.9179080360994092e-01	   0.0000000000000000e+00	   7.5896914198098853e-01	   6.2778968468765239e-01	   7.9333332195344053e-01	   8.9616660298865469e-01	   4.1791459643569645e-01	   2.4347624812390165e-01	   1.2903968891359471e-01	   5.6992675706001729e-02	  -6.6459462399634295e-02	   7.2132322161735041e-01	   3.8082346597487948e-01	   5.8658570430503022e-02	  -9.6279328242813114e-02	   5.3780843713110260e-01	   4.9186077534750494e-01	   4.0070118381732345e-01	   3.4537238624688915e-01	   6.2174888316191468e-01	   6.1850142168888200e-01	   7.6754548517862720e-01	   7.9644768685159395e-01	   9.1987611563749283e-01	   8.4743616500917163e-01	   1.5579178699661918e-02	  -1.1995981746270883e-01	   4.1545752624765042e-01	   4.8742460957900524e-01	   4.1645632229840301e-01	   6.2038258803798774e-01	   3.1528330714393954e-01	   3.2075911745258734e-01	   1.0731174094531039e-01	   2.6602975821881297e-01	   2.2074779885846854e-01	   3.6371967159281887e-01	   1.8866076143349531e-01	   2.6270472666125733e-01	   6.2940319866257075e-02	   4.4247059654609039e-02	   5.4081892015151872e-02	   1.1771262555509751e-01	   9.7475953637294693e-02	   1.7301237367719660e-01	   1.9520720869638508e-01	   1.9678020957377673e-01	   2.6324070598120108e-01	   2.4360512322205136e-01	   2.6720984718149221e-01	   3.8357912462553923e-01	   2.7357579718501374e-01	   3.9412288498976167e-01	   4.0480204439349199e-01	   2.3619494698882482e-01	   1.5558706429497970e-01	   5.7749712289632979e-02	   5.3735858984462925e-01	   5.2808630106210719e-01	   7.0685916505914187e-02	   2.5748158392190856e-01	   6.4427903405425480e-01	   7.8389012630861477e-01	   1.2651047752566680e-01	   2.5898970962891277e-01	   3.0511489916478496e-01	   4.0022309521238913e-01	   2.1353274591926710e-01	   1.4634617326246363e-01	   2.9411709447817569e-01	   3.0975923150530477e-01	   4.0622344753437345e-01	   3.4651468005769837e-01	   3.3086455199187043e-01	   4.6422320433699060e-01	   2.0057564018445517e-01	   1.5359762203376242e-02	   1.3620359437259011e-01	   1.4527046957850168e-01	   3.9897439370647841e-01	   3.1045933385413005e-01	   4.1132656024072711e-01	   5.7162798269247839e-01	   6.3795093456953189e-01	   5.4216180341316256e-01	   5.2838894395915637e-01	   6.1210935306699599e-01	   3.6066400594565895e-01	   5.5421815470107738e-01	   7.1505673711645268e-01	   7.1923060682844375e-01	   1.0183354824812314e-01	   4.3983499968919267e-02	   1.1342048064944546e-01	   1.7275435831854602e-01	   1.6874685271398990e-01	   2.6556033477686547e-01	   2.3774579994052514e-01	   6.6973826142297543e-01	   1.3927906953582209e-01	   3.6159453701938565e-01	   2.1856280125222696e-01	   3.2263784833113152e-01	  -8.6895998068328970e-02	  -5.8314670708409649e-02	   2.9165190852877408e-02	   3.3568935768471794e-02	   2.6752186817539780e-02	   1.2382128273186185e-01	   1.5901534121948555e-01	   1.2794661240432773e-01	   1.1221068062038045e-01	  -1.0308220387368570e-01	
   6.8910477028086348e-01	   7.2608573538681698e-01	   4.4083039864454460e-01	   1.0161595606801044e+00	   7.5896914198098853e-01	   0.0000000000000000e+00	   2.4265472895461077e-01	   8.9484304636844469e-01	   5.7184577079111443e-01	   1.0226077971407967e+00	   1.6425830881010925e-01	   6.3779575149620282e-01	   1.8790440242367375e-02	   2.8864745474566811e-01	   7.0216139764913188e-01	   7.0115196063322971e-01	   1.1468302143348656e-01	   8.3969917332532604e-02	   5.5976825179501388e-01	   7.0630277396697871e-01	   2.6679286324690166e-01	   4.1611499658709833e-01	   4.5411557989374907e-01	   6.1195158579379982e-01	   5.1743610277853103e-01	   9.7666517893880045e-01	   7.2851959419143386e-01	   8.8905558867149670e-01	   8.9028828993407486e-02	   2.1412792497874539e-01	   1.3914088141423134e-01	   2.9014447470947147e-01	   3.3097270384275917e-01	   6.0351940557855221e-01	   3.5809400073382250e-02	   3.6666694790216760e-02	   9.3373135388308132e-02	   3.8454811383473930e-01	   3.1152200478780318e-01	   4.4601837369575298e-01	   1.4155204794063725e-01	   3.2704341847708640e-01	   1.7454371373770694e-01	   1.0912978101035863e-01	  -6.0260146479755715e-02	   2.4975934978042683e-02	   1.1725877689164958e-01	   2.4016563004726371e-01	   2.5863267607501933e-01	   3.6111206494266074e-01	   2.4977318967168360e-01	   3.5981115781814899e-01	   3.1504568818313416e-01	   4.1744565138216427e-01	   1.6988135351019207e-01	   3.9508851232672432e-01	   5.3878659974278253e-01	   3.5303184113776631e-01	   8.2500523741325993e-02	   2.9887091066825805e-01	   3.4008094621476598e-01	   9.7601740651114277e-01	   7.7359323376074790e-02	   5.2848692332859382e-01	   4.9569801767947963e-01	   8.9617638615272377e-01	  -8.2609677091459430e-02	  -2.6081697046038691e-02	   5.8112359050352547e-01	   5.4226192468625056e-01	   1.9300505238170221e-01	   3.4405734178459729e-01	   8.6720173603814288e-02	   1.6620114286583931e-01	   3.1679416065772859e-01	   3.1806273464481527e-01	   3.4948417482572969e-01	   7.3304623718277440e-01	   2.8998152412552919e-01	   6.7919935373953674e-02	   2.1734594268988428e-01	   1.4292413652784119e-01	   4.6509671448146794e-01	   6.2138462315817700e-01	   3.1959565348267027e-01	   4.8105966206683504e-01	   6.1513541054002219e-01	   4.5833024267976380e-01	   5.8995542046674920e-01	   7.5073816375436608e-01	   4.0256305746232318e-01	   4.6092038027282201e-01	   7.8156568193252041e-01	   5.5695669786492197e-01	   1.3734438116016573e-01	   1.1962645888462752e-01	   1.3651825105130877e-01	   8.2103401207603455e-02	   1.7775695420932858e-01	   2.3311110883729910e-01	   3.0884024749359590e-01	   3.9466270205578585e-01	   1.2751735948493476e-01	   2.8651424193693331e-01	   3.3076878633924334e-01	   2.6782791384048105e-01	  -1.6708128595775262e-02	  -9.1327297343591171e-02	   7.5510968704683240e-02	  -2.7842215716815310e-03	   2.4422161152173969e-02	   1.4565776855092438e-01	   2.0195087280736707e-01	   1.1627140277219428e-01	  -3.9720391814241029e-02	  -6.3939767494222630e-02	
   2.9902944197843984e-01	   9.1184668888786985e-02	   1.2001635392172185e+00	   5.6067946070620300e-01	   6.2778968468765239e-01	   2.4265472895461077e-01	   0.0000000000000000e+00	   8.3213484094782841e-01	   1.2024613288696280e+00	   5.2871444166137982e-01	   9.0377253782379530e-03	  -7.5298304120637871e-02	  -1.2386903022307220e-01	  -2.1068379571912874e-01	   3.7122298288841410e-01	  -4.1331223701905367e-02	   1.7286118843066377e-02	   1.2739524128187316e-01	   1.0268142777661225e-01	   1.0892269684590672e-01	   4.0091993412604121e-01	   3.1936483235361335e-01	   6.3459044505337747e-01	   4.0243032262829936e-01	   6.7365565495563173e-01	   4.3612333916472867e-01	   3.7670602482193893e-01	   2.5464754390619770e-01	  -1.2798272125740223e-01	  -5.7805213975349393e-02	   7.9006987205814583e-01	   8.3990335067227750e-01	   6.1176526981130441e-01	   5.5226234186275247e-01	   4.7629140109127599e-01	   5.1545985764706570e-01	  -1.3913134121057855e-01	   7.0274760869815048e-03	   1.5468190371586313e-01	   9.9885403614294502e-02	  -7.4727859679996414e-02	  -1.0608732397858460e-01	   2.1393070112101942e-01	   2.5775301704212195e-01	   4.0838487087521108e-01	   4.2944259751769520e-01	   1.4301922511301809e-01	   1.7750753392760843e-01	   2.2391882297267413e-01	   5.4916430568368951e-02	   4.2712669441896794e-01	   2.4115507996316765e-01	   1.2663579656546331e-01	   8.9033927782552605e-02	   2.7091595274723251e-01	   2.6535542279791124e-01	   9.7375529051196480e-02	  -2.9551965155191724e-02	   1.1470978597761035e-01	   6.6320353502396234e-02	   7.9594840160347058e-01	   4.7124942089609784e-01	   6.4526959083790236e-01	   5.9379008525544885e-01	   7.5423853031597610e-01	   5.0675971822336208e-01	   6.4371696821313584e-01	   6.2624360190128103e-01	  -4.3305036573822051e-02	   7.8365261764207106e-02	   1.8184494255180367e-01	   8.1106228047296794e-02	   7.1423087806220406e-02	   3.4535880419214911e-02	   2.1692381582548861e-01	   1.2237888168537001e-01	   2.2704279784798909e-01	   3.0445962654232267e-01	   2.7832574639165197e-01	   1.4066424281873124e-01	   1.4316259988484673e-01	   4.3803395793543864e-01	   7.8581280172876689e-02	  -1.3290908320987208e-01	   7.1189098197089928e-01	   7.2422589249985581e-01	   2.6338699603604737e-01	   1.1874912888023720e-01	   7.5029941851823667e-01	   6.1230069894563899e-01	   6.7086840223090222e-02	   4.2354106903645156e-01	   5.5494395207632796e-01	   8.0988304136560152e-01	   7.0029476088719414e-03	  -3.0062681269173809e-02	   5.6711840202638246e-02	   1.3829500155017949e-01	   4.4091187353996496e-02	   1.3159774149384776e-01	   4.9049205372163796e-01	   8.8294764597651687e-01	   1.9811733351351046e-01	   2.6691173919844213e-01	   8.6986780922222465e-02	   4.3234367479651170e-01	   9.0834117052639315e-02	   5.7310188689827180e-02	   1.6993204219372407e-02	  -3.5049931338062740e-01	   9.0826494131125129e-03	   2.7940585477471596e-03	   1.1901074730665194e-01	   3.9447928085544259e-02	   4.8188769817099748e-02	  -4.5315033600394555e-01	
   5.1713898551300019e-01	   4.8265201113247735e-01	   7.4466107371011181e-01	   1.3389684748553199e+00	   7.9333332195344053e-01	   8.9484304636844469e-01	   8.3213484094782841e-01	   0.0000000000000000e+00	   1.0449882124422130e+00	   9.3146221857061673e-01	   1.5298095734789380e-01	   4.7790106758240036e-01	   5.5128793411106353e-02	   2.5395544068663978e-01	   6.7474068203861304e-01	   5.4444658186229633e-01	  -6.3570000375726576e-02	  -3.2629205751903541e-02	   3.5134806544560937e-01	   4.6985511936570112e-01	   1.8201056542607708e-01	   2.6120216616002273e-01	   5.2342858202988074e-01	   6.5356725723281461e-01	   5.3872908528478847e-01	   7.2439869721538697e-01	   4.9399300020983561e-01	   5.1164972840648471e-01	  -6.8044212826299952e-02	   4.7764180624818534e-02	   3.4493526307844286e-01	   4.9422984596972569e-01	   3.8566944175448853e-01	   6.0204141097438169e-01	   1.5857648676195921e-01	   1.9917214153899343e-01	   5.3897435629932117e-03	   2.7176228731961782e-01	   1.8449919690596780e-01	   3.4546985788848528e-01	   2.2197952119283451e-02	   1.6676435913968546e-01	   1.2903878421021750e-01	   1.0741022696391517e-01	   2.5986851359498384e-02	   1.0420250266628199e-01	   6.3288373807332973e-02	   1.5576342749500138e-01	   2.3272910759966589e-01	   2.5109539333280023e-01	   4.0494105465607505e-01	   4.6158145854459665e-01	   3.3932690171994428e-01	   3.2874829805282285e-01	   2.5208232013432103e-01	   3.5755956940541272e-01	   3.2853367625288432e-01	   1.5330683767217429e-01	   1.8626654827983244e-01	   2.4227321313828060e-01	   7.4762581233331737e-01	   1.1361209267641779e+00	   2.1580717135421615e-01	   7.8589434339260578e-01	   6.1213099272205174e-01	   9.5141772038306649e-01	   1.8784946173978298e-01	   3.1214522875504674e-01	   3.1472200246392190e-01	   3.0889414794047421e-01	   1.4036057637974839e-01	   2.5870241155773754e-01	   9.8542148480222219e-02	   1.2724862359357564e-01	   3.1793842854922072e-01	   3.3867581113280260e-01	   2.6448046506606132e-01	   6.4535071548407019e-01	   2.1150640887964559e-01	  -7.7005680994218673e-02	   6.8748545319024093e-02	   1.8140228889054860e-01	   2.9993494563295797e-01	   4.4571524969998222e-01	   4.7057832495877849e-01	   8.6133592327747088e-01	   4.5502255682010628e-01	   4.9816101470468577e-01	   7.3000748781229641e-01	   9.3971033625048350e-01	   3.5763937646253885e-01	   4.3376266593755081e-01	   8.7591589044982809e-01	   6.7825019210515092e-01	   3.6190621196869241e-03	  -1.0134880697619314e-02	   1.3016421566041218e-02	   4.0722618700543035e-02	   9.0065725497460405e-02	   1.3458931373352778e-01	   5.7440262884440751e-01	   6.0736730774577841e-01	   2.0955573851421347e-01	   2.2685514738372889e-01	   2.5600402117537369e-01	   2.1966839801848567e-01	   3.7166720839716311e-02	  -8.6846727072240171e-02	  -2.0888250288288264e-03	  -1.2963163848782774e-01	  -6.2265388401996469e-02	   1.3342206078946303e-02	   1.3511234108303416e-01	   5.1000668392651048e-03	  -1.3437308790464611e-01	  -3.0467944868947205e-01	
   3.9138458743548105e-01	   2.1145483757365516e-01	   1.1182444301374843e+00	   8.5151759965796647e-01	   8.9616660298865469e-01	   5.7184577079111443e-01	   1.2024613288696280e+00	   1.0449882124422130e+00	   0.0000000000000000e+00	   8.6122586478640706e-01	  -5.1404407781373236e-02	   5.2646274954484470e-02	  -2.1274057940741317e-01	  -1.6131590390531897e-01	   5.3121370362152498e-01	   2.0086208015258997e-01	  -7.8590246676268377e-02	  -5.5140175402738963e-03	   1.9712409656229149e-01	   2.7012701965292429e-01	   2.8093307563488767e-01	   2.0539128745423102e-01	   6.7774052976486587e-01	   5.1810750922136617e-01	   6.9109305155555278e-01	   5.9023791172717432e-01	   4.8320692343855398e-01	   3.8206008158652671e-01	  -1.7843934414139256e-01	  -6.5365904510539516e-02	   5.5814359947668879e-01	   6.4360414668265320e-01	   4.2754987066547295e-01	   5.3624765489276771e-01	   3.8919141439345617e-01	   3.8340639581160285e-01	  -9.5401022400861110e-02	   4.4993271403299472e-02	   4.6705943287933850e-02	   1.2824681239716487e-01	  -1.6765205958955565e-01	  -1.1859242271750445e-01	   1.1003100200771747e-01	   8.5867982864722289e-02	   1.5328537286534760e-01	   2.2718489302803668e-01	   3.8802223911512869e-02	   1.3528198954356530e-01	   1.7798442771168721e-01	   1.5241028347551741e-01	   3.4601092714028137e-01	   2.8520542178779873e-01	   1.9515420414469439e-01	   2.4765372715787548e-01	   1.5280731300500086e-01	   2.0014612786709887e-01	   1.6403022461248434e-01	  -3.3192725019523271e-02	   1.5087612167557879e-01	   1.2437015427275255e-01	   8.2420035398224378e-01	   7.9158541351310285e-01	   4.1573888801082565e-01	   6.5327683803670655e-01	   9.6749460206650428e-01	   7.7177133907009765e-01	   3.4751004583424111e-01	   3.6971879679932301e-01	   1.0397458035587978e-01	   2.1850831459275943e-01	   8.2184757684185206e-02	   6.6452732389556096e-02	  -1.1796804116156225e-02	  -3.8721781350446752e-02	   1.3919929300029318e-01	   9.0483585702441693e-02	   2.3427584811763777e-01	   4.0669955473543729e-01	   1.5900846852090678e-01	  -2.0914456295857507e-02	   1.1952062584309945e-02	   2.1736258873356740e-01	   1.4400740658997116e-01	   1.0348196632150408e-01	   5.1596992269311648e-01	   6.3831376200419554e-01	   3.7316013029746720e-01	   2.2780455437454200e-01	   8.5277447177182819e-01	   7.3811847141097231e-01	   2.2974315645185200e-01	   5.5712461201707331e-01	   7.7744670320368270e-01	   9.9540009989790734e-01	  -5.9231125969869243e-02	  -2.6633330953203208e-02	  -4.1869770943842886e-02	  -2.3119325710910275e-02	   2.1508785393394545e-02	   1.2730259937929905e-01	   4.5138089716006313e-01	   8.8154611349142142e-01	   1.5674004045326317e-01	   2.3625530646839038e-01	   1.4549203860420937e-01	   3.3922065024185249e-01	   8.6056996737728791e-03	  -2.9425710674317224e-02	  -3.6390075371320468e-02	  -2.1888504847237084e-01	  -1.1271196109680956e-01	  -3.2285111736189309e-02	   8.4933974839929302e-02	   7.9118777123652166e-03	  -4.4726526561564943e-02	  -3.7410838511890843e-01	
   4.6497761610237959e-01	   4.6094979090767307e-01	   4.8527250835557822e-01	   7.2838267507709697e-01	   4.1791459643569645e-01	   1.0226077971407967e+00	   5.2871444166137982e-01	   9.3146221857061673e-01	   8.6122586478640706e-01	   0.0000000000000000e+00	  -1.1212756994259799e-02	   5.0194538328166227e-01	  -1.2146737678516800e-01	   1.7996474564718540e-01	   5.0334908804835621e-01	   4.4957961724391826e-01	   8.3120192898103781e-02	   1.6373777257273639e-01	   2.6030226710583287e-01	   4.8870929656218076e-01	   1.7912492580244893e-01	   2.3425032502538456e-01	   3.6417980738287065e-01	   3.7221482050361954e-01	   3.3559940261233029e-01	   4.8945429798118051e-01	   2.9630387173538830e-01	   3.4662600613781935e-01	   4.1013661109630513e-02	   3.3345817563177388e-01	   1.8892356643644820e-01	   3.2647859391824835e-01	   4.1228150107048456e-01	   5.0838148547507422e-01	   3.1878087103273202e-02	   6.4503879049722823e-02	  -2.1431228864767118e-01	   1.0773605635050489e-01	   1.6150558225387973e-01	   1.0132357158846071e-01	  -9.9265896032506629e-02	   1.6205761816230058e-02	   2.7278489023374269e-01	   2.1806541330883225e-01	   1.6245724158280334e-01	   2.3655887914948925e-01	   1.5314136193176039e-01	   2.6956854449268480e-01	   3.3307118461542068e-01	   3.5943279385693067e-01	   3.4492228396995084e-01	   3.8057527870361485e-01	   3.1746314429967210e-01	   3.1993366359124958e-01	   1.5928037997826852e-01	   2.7172168067938651e-01	   2.9280380895853453e-01	   1.0835042551293074e-01	   1.2820596755122651e-01	   4.2745138400355931e-01	   5.5073107222191997e-01	   1.1446153180974128e+00	   4.5486908717973062e-01	   9.6555150411291146e-01	   5.0142714721609627e-01	   6.1436613872270462e-01	   1.9377453982560944e-01	   1.2243656474338768e-01	   3.9108909528797664e-01	   3.3047889585452994e-01	   9.9605528490418427e-02	   2.0014843254545600e-01	  -8.9556132093748575e-02	  -5.4765182824201661e-02	   1.4150520607379152e-01	   1.4605665210087571e-01	   2.6852206194115358e-01	   5.6939198397167101e-01	   2.4503656762823381e-01	  -1.8427329505100280e-03	   1.3571111311535666e-01	   2.4484245312147168e-01	   3.0275362469651257e-01	   3.6992159678018055e-01	   3.9105007083532867e-01	   4.4820678730212282e-01	   3.1633590682457080e-01	   7.4870013376586872e-02	   6.9016906764274444e-01	   7.3419178549795627e-01	   3.0843747309674679e-01	   4.5877144169059092e-01	   7.2271848922400783e-01	   6.1281789220434302e-01	   1.6310320447160612e-01	   1.6262235490331445e-01	   7.1958642642959203e-02	  -2.9184122016082829e-02	   1.6927152706173682e-01	   2.0808899895650679e-01	   5.4960635769147104e-01	   4.8304264087141502e-01	   2.3548926110921214e-01	   2.5749746705109988e-01	   2.7339752983635246e-01	   3.2908243129529391e-01	   2.5350859870196879e-01	   1.3935464429336775e-01	   1.8118126823109981e-01	  -3.8459675394449933e-01	  -3.1960179665219482e-02	   1.1140062341322088e-01	   2.9691352633055645e-01	   1.5666280520212583e-01	  -1.1776374811784587e-01	  -3.6372703055539923e-01	
   5.7625618228572162e-01	   2.8649554516860831e-01	   1.6962335394707966e-02	   7.1746012814659268e-02	   2.4347624812390165e-01	   1.6425830881010925e-01	   9.0377253782379530e-03	   1.5298095734789380e-01	  -5.1404407781373236e-02	  -1.1212756994259799e-02	   0.0000000000000000e+00	   4.8661648387451173e-01	   1.2506882510283066e+00	   5.3441853472997447e-01	   6.2353974961082193e-01	   5.1880222752277327e-01	   1.7892097749350738e-01	  -1.5647690547187276e-01	   4.3827148852546555e-01	   2.4648710164821730e-01	   2.5716582064000459e-02	  -4.4950009504836450e-02	  -1.0457581580797705e-01	  -9.3052951715327792e-02	  -1.2087266954544995e-01	  -5.7618575783353249e-02	   3.3632412608101347e-02	   7.9522414973228317e-02	   3.6385598551486859e-01	   8.7498041559815637e-02	  -1.9406824854432597e-01	  -2.3821573289474157e-01	   1.3629909246844360e-01	   1.3946403585287939e-01	  -1.1485342479698482e-01	  -4.7134049623190663e-02	   9.8500491340385327e-02	   3.0051999595208401e-01	   3.6141274024895181e-01	   1.4524047495193979e-01	   3.6259637149782903e-01	   2.8947429487693094e-01	   4.5925755803348678e-01	   4.4148585636178916e-01	   1.8704843439898131e-01	   2.1031011058597385e-01	   5.5079687902634711e-01	   5.3652634939510768e-01	   5.3766162865973155e-01	   5.5263548670886775e-01	   4.6391680138153618e-01	   5.5778262072941287e-01	   5.4039239085868807e-01	   4.9950095364770991e-01	   6.9998085195641024e-01	   5.9345457799092083e-01	   3.0142699806339667e-02	   1.5445654322137600e-01	   5.4196540404559690e-01	   2.5197440366353158e-01	   2.7536138313574288e-01	   2.8457927887004318e-02	  -2.6407019983800278e-01	  -1.6632567696192227e-01	  -1.8398782292189314e-01	   7.5722693767187724e-02	   1.2877123491173254e-01	   2.4733136612199288e-01	   1.6258893896281784e-01	   1.3780565816918938e-01	   3.8280847075245172e-01	   2.8087210743021429e-01	   5.1588275309323395e-01	   2.6091580072531095e-01	   5.7836241333966609e-01	   5.1164736909112141e-01	   3.4007430004928374e-01	   3.3129212345513709e-01	  -3.3282308553770706e-02	  -5.7490589492342134e-02	  -2.5916824415384006e-02	  -1.2466957513157553e-01	   5.7268482870240345e-01	   3.4245334033935521e-01	  -2.9444821486622696e-03	  -5.9208843578274807e-02	   1.0813031495799723e-01	   1.4885265787258709e-01	   1.4593342206606281e-02	   6.6609875297560170e-02	   4.9075583822595309e-01	   4.3981594033788618e-01	   1.2812861427267908e-01	   1.3865106379406958e-01	   3.7245420047544930e-01	   1.5755095746587403e-01	   6.1349233700901740e-01	   5.2385571012344490e-01	   5.9031727321351013e-01	   5.7548759629153445e-01	   3.0650932338294212e-01	   2.5746671146436262e-01	   2.9756387414099061e-01	   3.4269578713758297e-01	   3.7540269776282637e-01	   1.2577125498902447e-01	   3.4100961973896937e-01	   1.7540656861241480e-01	   2.4992992994068908e-01	   9.8556466846589100e-02	   4.9154686024022981e-01	   5.0883982216124202e-01	   4.9545763884509475e-01	   3.3430763447374112e-01	   3.0408060613184540e-01	  -7.9009479725809337e-02	
   5.6938073820902302e-01	   7.4864946325044346e-01	   5.1816303348909522e-03	   4.9106811465154199e-01	   1.2903968891359471e-01	   6.3779575149620282e-01	  -7.5298304120637871e-02	   4.7790106758240036e-01	   5.2646274954484470e-02	   5.0194538328166227e-01	   4.8661648387451173e-01	   0.0000000000000000e+00	   4.3420766589646392e-01	   1.0738673492368909e+00	   5.8032405257490693e-01	   1.0295278184505703e+00	   1.5217620099237159e-01	   7.8827562234757648e-02	   4.5422361824384178e-01	   5.2207251267362742e-01	  -4.4135290750648357e-02	   1.1794011000343950e-01	   8.7842443490316141e-02	   1.9138632716071069e-01	   1.8253367685350456e-02	   2.7423387267018995e-01	   1.9649605055246588e-01	   2.8355009264319952e-01	   2.2694575670318973e-01	   4.6060626751024636e-01	  -1.8179961447936693e-01	  -1.4439531103102823e-01	   1.1563334126444851e-01	   2.1534710908172949e-01	  -2.6978919451057992e-01	  -3.3405934683085947e-01	   2.1025641524351429e-01	   5.4742201106582455e-01	   3.8914238155606945e-01	   4.1953801625064174e-01	   3.1868996526871773e-01	   4.5486097639652501e-01	   2.0310644174507433e-01	   1.4018281412385794e-01	  -1.8137276249634904e-01	  -9.9008333366865195e-02	   2.2087969805378557e-01	   2.8368354423739206e-01	   3.1790729707677406e-01	   5.1185008438075652e-01	   3.4910448049998477e-01	   5.8251492936155680e-01	   5.5547689593067662e-01	   4.7555227427036562e-01	   2.9074025033197887e-01	   4.0379140494460702e-01	   3.7329649057223102e-01	   3.6297631433363042e-01	   3.6549235400514057e-01	   5.3418849268469026e-01	   3.0876477175287231e-01	   7.1576078979251079e-01	  -5.1215311315868338e-02	   5.1627719989392418e-01	   6.5669585626170826e-02	   4.4213055332656098e-01	  -1.3474087333407753e-01	  -1.3298339450778848e-01	   4.5313667283449988e-01	   2.5105963101521545e-01	   1.3810182601716875e-01	   3.1945539123365241e-01	   2.6915555804707558e-01	   2.8587931897108354e-01	   4.0607051914543879e-01	   5.2390415540771107e-01	   2.4585210894658466e-01	   5.5466681357262337e-01	   9.8602780406454565e-02	  -7.6236798838246009e-02	   1.1397747683732912e-01	   2.2327709820406352e-02	   4.6775591321547372e-01	   8.4698599426447085e-01	   8.9573043389286469e-02	   1.9919140525254703e-01	   3.4475608072123309e-01	   3.6066021076419236e-01	   2.2905573079760377e-01	   4.5771995290543493e-01	   5.0641553243465376e-01	   2.4045106432921970e-01	   3.1223874054803213e-01	   8.4671297261404890e-02	   1.6500205751113439e-01	   1.1351623801984850e-01	   2.6337426718916912e-01	   1.7325590452745879e-01	   3.3277611985696148e-01	   2.9716833363874351e-01	   3.8302605758286595e-01	   3.9555122598510996e-02	   2.9683560797826092e-01	   2.9474789783781530e-01	   4.1539684177809977e-01	   6.7969685794966345e-02	   1.5479915693373092e-01	  -2.1686980645487106e-02	   7.3115426051188384e-02	   1.1731354408308665e-01	   1.3425103094991306e-01	   2.3819318977045104e-01	   1.8683147422410118e-01	   1.1783057594437144e-01	  -1.0586771995210605e-01	  -4.7956361363558518e-03	
   2.2049028619812083e-01	   4.9888188725578514e-02	  -1.9361235901049956e-01	  -4.3513389303849855e-02	   5.6992675706001729e-02	   1.8790440242367375e-02	  -1.2386903022307220e-01	   5.5128793411106353e-02	  -2.1274057940741317e-01	  -1.2146737678516800e-01	   1.2506882510283066e+00	   4.3420766589646392e-01	   0.0000000000000000e+00	   8.7112378478343766e-01	   4.7636733560638755e-01	   4.4383494219882996e-01	  -2.5571760511632329e-02	  -2.8158839721451323e-01	   9.6265549539039694e-02	  -1.0524048449277536e-02	  -2.0447131715521344e-01	  -2.1639530079163657e-01	  -3.3627470539661158e-01	  -1.6253424334626895e-01	  -3.7099627281503456e-01	  -2.6612498559246400e-01	  -1.2153845926223195e-01	  -5.4927730784603444e-03	   1.9208215032418846e-01	  -4.7174944644372538e-02	  -4.5858562720679730e-01	  -4.4200879186569686e-01	  -1.2523288230178092e-01	  -1.3039148622370972e-01	  -2.9654181806041430e-01	  -1.9192130098033336e-01	   1.9210200723025897e-01	   1.7218181512676434e-01	   1.7086259777138815e-01	   1.2537737552423667e-01	   2.6313104147944982e-01	   2.3442228071816668e-01	   1.4973874078997770e-01	   1.8084513122083495e-01	   6.5913727600947778e-03	  -1.3638626949318254e-03	   2.0279468237939377e-01	   1.8093024562729568e-01	   2.2320358990466974e-01	   2.0352995534984078e-01	   1.7581582675586543e-01	   3.1018257145840067e-01	   2.0128710305826275e-01	   1.2173234513317266e-01	   4.0323861227825802e-01	   3.0899363988044759e-01	  -1.8917489819265026e-01	  -2.5207198611841539e-02	   3.1977945140178199e-01	   2.1575435078716919e-02	   7.4581655799878785e-02	  -1.1175632969092544e-01	  -3.8230091745910311e-01	  -2.6322762102264474e-01	  -4.3361930296763085e-01	  -1.3390870693061968e-01	  -5.8113644815884602e-02	   9.9134611377237475e-02	   4.5209082102724861e-02	   6.8929677536221897e-03	   1.8824706679784192e-01	   9.0597137842889836e-02	   4.4071569108936148e-01	   2.0876322314970661e-01	   4.2856129440275020e-01	   3.2127066937742921e-01	   1.3501340946508075e-01	   1.5669772463985726e-01	  -2.7084869410446111e-01	  -1.6403474654498770e-01	  -1.9467099337416033e-01	  -2.9205420350070277e-01	   3.1568717923130618e-01	   2.6402716863683362e-01	  -1.8469006828986606e-01	  -1.3107951109107016e-01	   1.2598687533025272e-02	   1.6998078177872852e-01	  -1.2080051142384174e-01	  -4.2812501970312430e-02	   1.6907139988818648e-01	   9.0339416452529575e-02	  -1.6792341352951295e-02	  -6.8756055785804918e-02	   1.9238473515944141e-01	  -4.5294708342854650e-02	   3.4269222435396168e-01	   2.8305068318670551e-01	   2.2987416689111501e-01	   1.9929953846872517e-01	   1.6800378463100865e-01	   2.4628657651148141e-02	   1.5830275374324751e-01	   1.1885882251196632e-01	   2.5904181307266749e-01	  -2.9225799609106037e-02	   1.5333577763965273e-01	  -2.4361608869970824e-02	   3.9064988141264419e-02	   1.7230823438871168e-01	   2.5569887971167843e-01	   2.5798998888790237e-01	   1.8343131015558889e-01	   7.2617482262545816e-02	   2.0097813023704469e-01	  -2.1362165500062435e-03	
