   0.0000000000000000e+00	   1.6147179447416509e+00	   3.9497478575097494e-01	   6.1134471315622152e-01	   3.2816490269643500e-01	   4.4399396351083242e-01	   3.9722972062367085e-01	   6.9206054304107145e-01	   3.0994582290169664e-01	   4.9493371256502572e-01	   9.2118742366311579e-01	   1.0730061235964381e+00	   8.0209513159511348e-01	   9.2847017623670447e-01	   7.5744041296697173e-01	   7.5913039307459373e-01	   1.4962183847001937e+00	   1.5600279232144365e+00	   1.3440721836304574e+00	   1.2473505988541291e+00	   5.8768099118463846e-01	   4.2233525844672215e-01	   3.4837896291398829e-01	   2.0143166308414459e-01	   4.0736631759996189e-01	   2.6285821354320626e-01	   4.8751832148295238e-01	   4.6530036519836643e-01	   1.2492025289180857e+00	   1.1843636909134487e+00	   4.5122022950367363e-01	   3.9049732706573831e-01	   8.9729330244188055e-01	   8.1508173986081356e-01	  -1.9733359140312337e-02	  -1.4575084561155100e-02	   7.5405426801242026e-01	   7.1771147200794339e-01	   8.1021077452848655e-01	   7.1801268138865659e-01	   7.0698677511119412e-01	   5.4429594375890766e-01	   4.5299188377429395e-01	   5.3836924049457435e-01	   3.1965920004337733e-01	   3.6715133984690734e-01	   4.1737810358401528e-01	   4.7840752511451851e-01	   4.5618046735736667e-01	   3.7657965964673606e-01	   4.9032985740203894e-01	   5.0221651159811553e-01	   6.1742842247658691e-01	   5.9770005983498653e-01	   6.3448988280154617e-01	   8.1072660083451087e-01	   1.7620586957248154e+00	   1.2748597983377441e+00	   6.2878575199328557e-01	   6.1398100723230109e-01	   1.1117876270158924e+00	   1.0071057680399866e+00	   1.0856890960204286e+00	   9.2464733499652962e-01	   4.4330303534439963e-01	   2.6978361962491237e-01	   3.0618375494462935e-01	   2.3197170342672252e-01	   1.1193956777675447e+00	   7.8934587954873048e-01	   1.9528848777726648e-01	   2.5048117372343937e-01	   1.0651246485222161e+00	   1.0154967585997845e+00	   8.9673561485103304e-01	   8.0870893037242353e-01	   8.6218403067300242e-01	   8.4385578033122910e-01	   1.2097245534352334e+00	   1.0949322497470848e+00	   1.2850091919818005e+00	   1.1289980237671620e+00	   9.3782829446292826e-01	   1.2814404207454491e+00	   1.1871957624817782e+00	   9.2521534244741876e-01	   4.8761831054603844e-01	   5.4779231730190314e-01	   5.5740255946923656e-01	   5.1832704252918338e-01	   1.8037690279134791e-01	   1.4883492684080638e-01	   2.9277881009668300e-01	   1.7427234547166753e-01	   1.9588756454534306e-01	   5.3948898557006042e-01	   6.1062673581054761e-01	   6.0661927463207244e-01	   6.5100643912696798e-01	   6.9562461568086731e-01	   5.6665504852131598e-01	   5.1954820741532237e-01	   6.5380635324565251e-01	   5.6717161876441879e-01	   2.8246056188219792e-01	   2.4222623945163485e-01	   3.1974693309522045e-01	   2.2233683200695953e-01	   4.1015860822303726e-02	   3.6519096456764161e-01	   3.3778920062978396e-01	   4.8961651589502198e-01	   4.1964398535802211e-01	   1.9446374127805149e-01	   2.5516578423307423e-01	   2.6347425797775999e-02	
   1.6147179447416509e+00	   0.0000000000000000e+00	   3.6955914492324105e-01	   7.0950122227530754e-01	   3.0301538155926749e-01	   4.7484035105200167e-01	   3.6666494981836778e-01	   7.1904493490837162e-01	   2.3006211661426140e-01	   5.1327005056558817e-01	   6.9895900981272896e-01	   8.6800677539822690e-01	   7.1985236913227524e-01	   8.1315792769735640e-01	   6.0533847409422537e-01	   7.1134557288465838e-01	   1.4744953368696385e+00	   1.6829059707459046e+00	   1.2601091088494316e+00	   1.4318517024834665e+00	   6.4956781314832268e-01	   4.8609872006134125e-01	   3.0935413642004950e-01	   2.8760676864384582e-01	   3.6781932538549372e-01	   3.2325837565508442e-01	   4.0636949887757257e-01	   4.7810325278718241e-01	   1.1816251517116707e+00	   1.2002180182112732e+00	   5.0077129711321389e-01	   4.7313524026173337e-01	   8.7782182977806067e-01	   9.0847523467036340e-01	  -1.1719347138669279e-02	   2.4832974856660910e-02	   6.0558674035227067e-01	   5.9326275150550944e-01	   7.1928200975667278e-01	   6.2662159228914183e-01	   6.7638820363639496e-01	   5.5865131185987549e-01	   2.5185961694127856e-01	   3.4878382208239939e-01	   1.4363569909491516e-01	   1.6418334307720414e-01	   2.6023953336978456e-01	   3.0052575639351153e-01	   2.4662332937700226e-01	   1.7106247025623411e-01	   3.1006629545576270e-01	   3.4373672048330539e-01	   4.6329469477015350e-01	   4.5753847448217216e-01	   5.1988464177799587e-01	   6.1885393131909638e-01	   1.4119043670505020e+00	   1.5492769324441684e+00	   3.8093099595023650e-01	   4.0070452697791281e-01	   9.9297291115945230e-01	   9.1247054925130855e-01	   1.2219022133456654e+00	   1.1324460418508626e+00	   4.3997014281622282e-01	   3.6485018077826864e-01	   1.6590119085357941e-01	   1.3717528399433238e-01	   9.7740595319252188e-01	   7.4257941259708959e-01	   1.8627965113863384e-01	   2.7320507745200490e-01	   1.0517783157793503e+00	   1.1360218826563111e+00	   9.8274233064600403e-01	   8.4653252871104123e-01	   7.9969733796547149e-01	   8.3189702517209141e-01	   1.3808365210281768e+00	   1.2208337444576980e+00	   1.3083777992851344e+00	   1.0583532176504311e+00	   8.4630600690902102e-01	   1.1694436090554836e+00	   1.1016759050576050e+00	   9.6574943955381265e-01	   4.4813928013490978e-01	   5.0716478285955380e-01	   4.9048083114329932e-01	   4.4579548861594298e-01	   4.8704725198901525e-02	   1.7791364696572783e-02	   2.1835482065142536e-01	   2.3139772557959463e-02	   2.1829370976005613e-01	   4.4359643306451813e-01	   4.9428424302629209e-01	   4.7061392532682034e-01	   5.2553967348875097e-01	   4.8959022339664288e-01	   5.0013592919257366e-01	   3.6978100728696373e-01	   5.0176996892501369e-01	   3.7954685566124197e-01	   1.3827431973722348e-01	   1.9546963795766592e-01	   2.0650497065105242e-01	   1.5976727075304251e-01	   1.2688569728720874e-02	   2.9664364903494816e-01	   2.4452933620753564e-01	   3.6957741196276617e-01	   3.5603296224706682e-01	   1.0086868290102949e-01	   1.6201766151974192e-01	   5.1954165203864970e-02	
   3.9497478575097494e-01	   3.6955914492324105e-01	   0.0000000000000000e+00	   8.2702304867112353e-01	   1.0734522498303938e+00	   7.5422515962396042e-01	   1.3911684190171643e+00	   1.0292659871276066e+00	   9.8300781298935846e-01	   6.1388447617204789e-01	   5.2866739516104055e-01	   4.5479827930110861e-01	   7.1158893191018124e-01	   4.0545365833439323e-01	   6.7597427964066958e-01	   4.5566696284219715e-01	   2.7503153580688222e-01	   3.1903322755108637e-01	   6.8679115367818266e-01	   4.7838846639379606e-01	   8.4811867808825891e-01	   6.8567473149973790e-01	   1.1346658162846210e+00	   6.6202900336777937e-01	   5.3059776437672868e-01	   4.8764159200569579e-01	   5.9878314379111708e-01	   6.3828334383224605e-01	   5.7794098307558528e-01	   5.5049784618305353e-01	   1.1322526731124121e+00	   9.4306723495793787e-01	   9.5741898168736372e-01	   8.8018945587270792e-01	   4.8737924832724888e-01	   4.1862795802153308e-01	   4.9143846587758899e-01	   6.1976013810788966e-01	   8.3582013503821040e-01	   7.6815631587517186e-01	   2.7552273862771193e-01	   2.0703172153382235e-01	   5.4195154092184894e-01	   5.5246462048530010e-01	   3.2590522462133120e-01	   3.5734165315253219e-01	   5.0784295153227865e-01	   6.2419314725545982e-01	   3.7999490886446174e-01	   4.1486584341885324e-01	   5.1804837531335246e-01	   5.1915224289597006e-01	   6.3854807797959090e-01	   5.4783491345395652e-01	   8.9592265120094039e-01	   7.2491153829146460e-01	   3.1368638973981550e-01	   4.9182614365455768e-01	   6.5818550211405613e-01	   5.7938429164781746e-01	   6.8401629291770949e-01	   5.1353251705388703e-01	   2.5519901264701561e-01	   3.4568544553749608e-01	   9.8081956814312243e-01	   8.0332244359796445e-01	   6.9900191694916836e-01	   5.7075895584092906e-01	   4.4760883808205365e-01	   5.5373348094725605e-01	   7.6137779677847361e-01	   6.8809237446867955e-01	   6.0859696351086590e-01	   5.0050785619867866e-01	   6.8773581183248544e-01	   4.4904694095894376e-01	   8.5490604298641049e-01	   9.1294142711848214e-01	   4.5126031133895356e-01	   4.5462884695206029e-01	   4.5749120409762478e-01	   5.5340920124590065e-01	   6.9913084973935657e-01	   6.4343936659209000e-01	   6.5197014802714881e-01	   7.1343627178832014e-01	   9.6484704437949065e-01	   5.6392112512359049e-01	   1.0705125530964139e+00	   8.5869155843607703e-01	   3.8811701467794268e-01	   9.0698307797056066e-01	   5.7725936036413272e-01	   7.7380745028657472e-01	   7.0578756928852515e-01	   6.5965184524227816e-01	   6.3979124475214022e-01	   6.6581811159273185e-01	   6.1833115626530710e-01	   7.4322032117820136e-01	   4.5007575100467340e-01	   6.9165036622824283e-01	   3.5900487933785724e-01	   6.2378686574387843e-01	   4.5782005256730740e-01	   5.7634236497883040e-01	   1.3397172312145939e-01	  -2.0814734136786417e-01	   4.8215295708817940e-01	   4.8543361189385670e-01	   3.8962380101204486e-01	   7.8509433009421514e-01	   8.3414609151608321e-01	   6.8056035483259125e-01	   8.2916069632448353e-01	   3.1056617802584785e-01	
   6.1134471315622152e-01	   7.0950122227530754e-01	   8.2702304867112353e-01	   0.0000000000000000e+00	   8.9420578863323930e-01	   1.0617657641673586e+00	   6.8508261876511900e-01	   1.3838591631031834e+00	   4.1303912243538854e-01	   8.9921692470658643e-01	   3.1887156623380425e-01	   5.7618052629578509e-01	   6.0375460833423578e-01	   5.8633992350189135e-01	   4.3591346132283926e-01	   7.5372233448450909e-01	   6.8360625714540924e-01	   6.7525647959028023e-01	   8.3498316320525889e-01	   9.5261877328529587e-01	   7.3351193441211371e-01	   7.3065506151464765e-01	   5.3577330201311058e-01	   8.8969239046071003e-01	   4.7408607745118686e-01	   6.3818800220649197e-01	   4.2431980942837894e-01	   6.0500195891747344e-01	   8.7237192073233638e-01	   8.8727238424967880e-01	   8.7389972229928881e-01	   1.0218940325662580e+00	   1.0077026354130367e+00	   1.2458040898758647e+00	   2.6321690544437587e-01	   3.4896127028385315e-01	   3.1110746728765210e-01	   4.4733880947273036e-01	   6.1435835736788946e-01	   6.7992705724775926e-01	   2.8469554543409681e-01	   4.0073517677586423e-01	   3.3345396060693105e-01	   3.7518065856017524e-01	   2.0255251875886149e-01	   2.7217665932053248e-01	   2.8869049197485180e-01	   4.1254107975350429e-01	   2.1768154488486946e-01	   2.5555988031087840e-01	   3.9648998520561668e-01	   5.4212535716911692e-01	   5.3942393811024325e-01	   5.1632818477734710e-01	   7.3816334600925282e-01	   6.4119599259605042e-01	   6.0679876536734301e-01	   8.1731480272376089e-01	   3.9376864723236293e-01	   5.6220453023052586e-01	   8.9293889201665066e-01	   9.6960154916584340e-01	   7.5118264434529336e-01	   8.1145344300375422e-01	   5.4518081702035559e-01	   9.1996817889260507e-01	   4.6554544257437258e-01	   5.6987008494611491e-01	   6.9030697443109978e-01	   9.2207336066604351e-01	   5.8757841997305638e-01	   7.3285632071141660e-01	   7.4233299506660555e-01	   6.9982854022993612e-01	   8.3270358863517502e-01	   5.6594058746523734e-01	   7.1896034241843954e-01	   9.2309728581011508e-01	   7.6630355572951669e-01	   7.1159722846545226e-01	   7.7965269362474465e-01	   6.4944539409015289e-01	   6.2524045118341987e-01	   8.6568420226316056e-01	   6.6543968217131488e-01	   1.1871203042220022e+00	   5.5723826079112104e-01	   5.8121009543939761e-01	   7.8514889852367487e-01	   6.6564551901765712e-01	   3.6481600555285698e-01	   3.8123320957860973e-01	   7.6470608658138106e-01	   4.2548453346220938e-01	   5.2715804671720723e-01	   6.2818891189007597e-01	   5.1527558471671497e-01	   5.7812882292712475e-01	   6.6716722396513606e-01	   5.6282499154040688e-01	   6.6881288975109632e-01	   6.7638268309871374e-01	   6.1095746272897788e-01	   6.5744628649582815e-01	   2.6284050171939644e-01	   3.2057530292702446e-01	   2.9525933537539029e-01	  -8.0815908297018194e-02	   2.9970568471398651e-01	   5.9390834955372362e-01	   2.8002933742138841e-01	   6.4674590512672014e-01	   6.6542845564075037e-01	   4.3789310157772027e-01	   5.0527854999642119e-01	   2.4520187915998676e-01	
   3.2816490269643500e-01	   3.0301538155926749e-01	   1.0734522498303938e+00	   8.9420578863323930e-01	   0.0000000000000000e+00	   1.0392079822432010e+00	   9.1733225948576169e-01	   8.2582802339231909e-01	   8.8531747007515771e-01	   8.1845004107178809e-01	   2.8270320213634226e-01	   3.6747261527351371e-01	   5.5659245504710653e-01	   3.1330353338282629e-01	   4.2216051001817778e-01	   3.2970596719471917e-01	   2.2746472176933200e-01	   2.5917434337809203e-01	   6.1476876425206284e-01	   5.0681744776149829e-01	   5.5592710136069312e-01	   5.1539770139975682e-01	   7.7096564916443988e-01	   6.4180956473032802e-01	   5.2945832238555957e-01	   4.8690384138569953e-01	   4.1824544803351260e-01	   4.7281709752168016e-01	   4.7707703368159610e-01	   4.4848078921971707e-01	   6.6842430327029134e-01	   6.8775775263796035e-01	   6.3229124877123155e-01	   6.2710403349854416e-01	   2.0182793155201284e-01	   2.3373276723654005e-01	   3.8253212331447128e-01	   6.1854906708726265e-01	   6.4652526362751461e-01	   7.2428955907139680e-01	   3.6152884846499633e-01	   2.6249814702899960e-01	   4.7061543475019108e-01	   3.8568599350959698e-01	   2.5874896031588035e-01	   2.8961388863131798e-01	   4.2303639922249903e-01	   5.4104407334834548e-01	   3.1655044779288150e-01	   3.6172627088226844e-01	   5.0276638773074867e-01	   5.3845304257401017e-01	   7.2862608975253540e-01	   6.7242451263283420e-01	   9.0897576677015113e-01	   7.8521359257162382e-01	   2.4612864854364319e-01	   3.8131292418536350e-01	   5.7850309422320090e-01	   6.5606465923153090e-01	   5.7089340923245702e-01	   6.0063122580774442e-01	   2.0977120857828918e-01	   3.1210398884745777e-01	   6.0643199746490917e-01	   6.9649156281242253e-01	   5.8305273829728299e-01	   5.4990389820097552e-01	   4.3392691544888240e-01	   6.2538584342088921e-01	   5.4011600052117492e-01	   5.2352684253358128e-01	   4.7651434619580624e-01	   3.6674057813617489e-01	   5.8945429803062566e-01	   4.0820515741912056e-01	   5.6852742544901003e-01	   7.0501985769495235e-01	   2.8784067640121735e-01	   3.0173437747491555e-01	   3.4296082591274540e-01	   3.9884148555159571e-01	   4.3245655698282481e-01	   4.7557447965649896e-01	   3.8927286149755802e-01	   7.2671400866225178e-01	   5.5544689780467349e-01	   2.8808344197710828e-01	   1.0712123645474159e+00	   1.0085941971530041e+00	   4.0203689661340197e-01	   8.9793759195512957e-01	   7.0883703662265907e-01	   8.4631189642727178e-01	   7.9011716963597833e-01	   5.1260406128798675e-01	   4.8843183822310521e-01	   5.9535022892831091e-01	   6.1706714119430273e-01	   6.9867843376981176e-01	   5.2829428399361089e-01	   8.2329189360388477e-01	   4.1901430372444032e-01	   6.8617951391094489e-01	   4.7378524277226314e-01	   4.6396144407326079e-01	   1.2898291209045556e-01	  -3.2563805241141613e-01	   5.3612140078005843e-01	   6.3888216416488819e-01	   4.2841063307717220e-01	   8.7666018068768492e-01	   7.7090007212917744e-01	   5.8123270394393556e-01	   6.2693670567179949e-01	   3.5117794936914759e-01	
   4.4399396351083242e-01	   4.7484035105200167e-01	   7.5422515962396042e-01	   1.0617657641673586e+00	   1.0392079822432010e+00	   0.0000000000000000e+00	   6.2346658847955727e-01	   8.9536982303357038e-01	   4.3091250055781627e-01	   1.0967419929574029e+00	   3.6372829125108752e-01	   4.8618479225192329e-01	   5.4151224963103761e-01	   4.7756941482671750e-01	   2.7465892591916846e-01	   3.5893773409748658e-01	   4.5213416447772159e-01	   4.8669543630618428e-01	   7.1747999458252087e-01	   6.9239079561074945e-01	   5.9640644991609770e-01	   6.5909304469658747e-01	   6.2566261649168742e-01	   7.3753634759221720e-01	   6.7108677670522687e-01	   7.1162554227710151e-01	   3.3965194615577621e-01	   5.7031239480108309e-01	   5.7655680617785554e-01	   5.8648183833273870e-01	   5.6150184087899513e-01	   6.2429055371605202e-01	   5.4517194039157713e-01	   6.3265724793021572e-01	   3.9633478753188636e-02	   1.5644222950490094e-01	   2.3857935703758232e-01	   5.3884564245922473e-01	   5.4367784040921019e-01	   6.6251435328506891e-01	   3.1211875332840427e-01	   3.8011057929774600e-01	   2.9520604364201464e-01	   2.5242832255591785e-01	   2.9028109408298385e-02	   1.0636166518124472e-01	   2.3097451094155658e-01	   3.6419385317232617e-01	   1.0499951253233843e-01	   1.3700467353175383e-01	   3.0324566961495331e-01	   3.5145859412693281e-01	   6.1536422703275329e-01	   5.7158214156286280e-01	   6.3619413198016184e-01	   5.6605214657997993e-01	   3.8760460171293853e-01	   5.4172229721891529e-01	   4.0244751592730960e-01	   5.5427872958178515e-01	   6.5293706560225628e-01	   6.7752650694756311e-01	   4.4129550086127495e-01	   5.0297241818136662e-01	   4.3262898418529372e-01	   6.3660449638243044e-01	   2.9735746911452410e-01	   3.4402026012093828e-01	   4.3666417802155200e-01	   6.2110311014712227e-01	   6.4579260826801488e-01	   7.5144345922432121e-01	   5.5901792653609661e-01	   4.6883588195484621e-01	   6.9793164863229795e-01	   5.1440292698259271e-01	   5.1433705807413066e-01	   6.5369351000198972e-01	   4.9576253115067437e-01	   4.8085346550129904e-01	   5.1150328980161675e-01	   4.7711120357079584e-01	   3.2688055623295847e-01	   5.5510714511650905e-01	   4.5563469248470762e-01	   7.5646732834197850e-01	   3.4514137071040968e-01	   3.6486445936369927e-01	   7.8050165696550089e-01	   8.2395348343669605e-01	   2.6991019645692671e-01	   5.4303822685593883e-01	   6.8700841318617645e-01	   5.2470283276714569e-01	   6.1391794155223067e-01	   3.7491333129325705e-01	   2.4171194472759705e-01	   4.3915757387216714e-01	   4.7517101166761944e-01	   4.7498399057627722e-01	   4.6847707227096835e-01	   5.6432421964444401e-01	   3.6927827259299312e-01	   4.1563202889433137e-01	   1.6132410327527552e-01	   2.3044757217549233e-01	   7.0718872277295758e-02	  -2.8601372515334189e-01	   4.4004542861183626e-01	   5.0005727015225532e-01	   3.7566231838657138e-01	   6.0720864629002846e-01	   4.5956342793030047e-01	   2.8505125315374147e-01	   3.4862806801521995e-01	   2.4034050521438080e-01	
   3.9722972062367085e-01	   3.6666494981836778e-01	   1.3911684190171643e+00	   6.8508261876511900e-01	   9.1733225948576169e-01	   6.2346658847955727e-01	   0.0000000000000000e+00	   1.0311214110643061e+00	   1.1176139718047535e+00	   5.9812414173252448e-01	   6.4732066215330730e-01	   5.3978068475845942e-01	   9.0640548372141017e-01	   4.4218345479361854e-01	   7.7909435305985286e-01	   5.2920872509330474e-01	   2.9758044032167996e-01	   3.9531755228011578e-01	   7.4658417524283116e-01	   5.2752875903194463e-01	   7.4555476285908096e-01	   5.2422730514549931e-01	   9.0366339241392235e-01	   4.7136418408672676e-01	   2.4773172051539988e-01	   1.9785006263522942e-01	   3.0462430517563627e-01	   3.5228413617340759e-01	   6.1865147114754304e-01	   6.2237361339673181e-01	   1.0675699892976627e+00	   8.7677395044636008e-01	   8.9431916405952361e-01	   8.2562968952980931e-01	   2.9820865451760997e-01	   2.3932766900126504e-01	   3.5923480903606198e-01	   3.9388090940389409e-01	   6.1718528020175734e-01	   5.0632928426852508e-01	   2.7475290880228942e-01	   1.6682856745911533e-02	   3.9520604358547329e-01	   3.7522952758087713e-01	   2.4475208689541716e-01	   2.7544374974884456e-01	   3.7345605048327590e-01	   4.3131187779320795e-01	   2.4459513860636750e-01	   2.4387480030694303e-01	   3.3346596912001020e-01	   2.8875360697829211e-01	   4.7399177417761168e-01	   2.8998634047742777e-01	   7.4550830426023595e-01	   5.2776163861353875e-01	   3.1974307388202816e-01	   5.0783135466128970e-01	   6.0116111316194665e-01	   4.3324041681258180e-01	   8.3682613818316587e-01	   5.9275612445702008e-01	   3.4982946265133730e-01	   4.2777125512119396e-01	   1.0549887595223753e+00	   8.0608720913539200e-01	   5.2258941944960569e-01	   4.1473087873564218e-01	   3.8594122942818415e-01	   4.6081721512072171e-01	   6.7834060542321717e-01	   5.5117177702885245e-01	   5.1859704447830468e-01	   4.1258997462986502e-01	   5.6279721927101434e-01	   3.2560767902352267e-01	   8.2016667278339772e-01	   7.2716882936475025e-01	   4.7571683082003224e-01	   4.3946111709305069e-01	   4.9267541523568720e-01	   6.0377158999786773e-01	   8.0691182921960225e-01	   6.9077276671538612e-01	   6.8092144631815710e-01	   7.2370933872965437e-01	   9.7553800783293221e-01	   4.3051795990791719e-01	   1.0810172759654915e+00	   6.5954337124895235e-01	   5.1581721272649017e-01	   8.4100666948490799e-01	   5.8495248625820717e-01	   7.5081925156691176e-01	   5.1504526663463590e-01	   5.3001905507249480e-01	   5.3825477857896087e-01	   6.1062928259313876e-01	   6.4960330545872103e-01	   7.7230325160094415e-01	   6.1537365505535191e-01	   7.8911292151467349e-01	   4.4381379992149073e-01	   6.7262573847855400e-01	   4.0478812316346308e-01	   4.4473961587992478e-01	   1.6775667200558936e-01	  -4.9149806969647290e-02	   3.3839650796370752e-01	   3.4557396875465729e-01	   3.2834867078226809e-01	   7.0028321893622991e-01	   6.5846382209131604e-01	   6.2200745259029389e-01	   6.7281574734288097e-01	   3.5738401215433324e-01	
   6.9206054304107145e-01	   7.1904493490837162e-01	   1.0292659871276066e+00	   1.3838591631031834e+00	   8.2582802339231909e-01	   8.9536982303357038e-01	   1.0311214110643061e+00	   0.0000000000000000e+00	   6.3849101995425372e-01	   9.7773849921442491e-01	   6.2129557454862061e-01	   8.2282602403174498e-01	   1.0455050646845017e+00	   8.6536799771741091e-01	   7.7894428818108652e-01	   9.7079049031222453e-01	   6.9175988697599899e-01	   7.3215176605224153e-01	   9.3957224541816520e-01	   9.0638292902457129e-01	   7.9708652639408073e-01	   6.9527059783624034e-01	   7.6566423559484353e-01	   7.8206102554755508e-01	   4.4414213718389012e-01	   5.1195126786217915e-01	   4.4366350413036593e-01	   5.4621915276882782e-01	   1.0159932689359372e+00	   1.0773797904289073e+00	   1.0522592504690151e+00	   1.0844477182722481e+00	   1.1419828909318113e+00	   1.2890189859223455e+00	   3.0057527228137348e-01	   3.1738894141307156e-01	   3.9504988989539919e-01	   4.8141569983431876e-01	   6.6482580015808501e-01	   6.6795473615790069e-01	   3.5447319835338742e-01	   2.8520613845594001e-01	   4.2286193046410114e-01	   4.8276024086088143e-01	   3.0093001236420941e-01	   3.6594623608422222e-01	   4.1279591606000604e-01	   5.0571149912636104e-01	   3.2762690024379487e-01	   3.3235351205084002e-01	   4.8333418205284873e-01	   5.3309897500221015e-01	   6.0441170480089379e-01	   5.0236330474801438e-01	   8.6344213873422082e-01	   6.9088568564146813e-01	   6.3871989891718062e-01	   8.2740249753982376e-01	   5.8999228232076117e-01	   6.1066139697740351e-01	   1.1004616932495279e+00	   1.0769341237202124e+00	   7.6818342333238387e-01	   8.1597177126395493e-01	   6.9941483032109297e-01	   1.0011183406802000e+00	   5.3668690679683873e-01	   5.4069849622891208e-01	   7.2452004228983280e-01	   8.0507997249603025e-01	   7.6599207521579460e-01	   7.7515057820396838e-01	   8.4454740350762592e-01	   7.5882475776206826e-01	   8.9778518583435951e-01	   6.3772723413147525e-01	   9.3731421643093304e-01	   1.0200937653761879e+00	   8.6346325705237637e-01	   7.9344220829584544e-01	   8.9521190335378675e-01	   8.2236485967454587e-01	   8.8230203095250603e-01	   1.0271873528121807e+00	   8.5572036370120419e-01	   1.1314535015535574e+00	   7.4705666286591665e-01	   5.8829132821726315e-01	   9.6033147147285480e-01	   6.7232784744571361e-01	   4.5920729897124729e-01	   5.4839222736397997e-01	   7.9757921325752701e-01	   5.7208661386622228e-01	   4.7781700538730015e-01	   5.8146734545711098e-01	   6.4716096410494228e-01	   6.8963368820728110e-01	   7.9239816696704757e-01	   7.3315340295398657e-01	   7.6166567081372871e-01	   7.6218892828348439e-01	   6.1331308630875592e-01	   7.5001411156126840e-01	   3.2227819914853917e-01	   3.8002846130041412e-01	   2.3303571069831969e-01	   4.2785572364890346e-03	   2.4526009724343326e-01	   4.4491663127123426e-01	   3.1752088852629362e-01	   6.9151397747628296e-01	   7.1436632743181039e-01	   5.8641554062997880e-01	   6.6096266610056686e-01	   2.9727808315870430e-01	
   3.0994582290169664e-01	   2.3006211661426140e-01	   9.8300781298935846e-01	   4.1303912243538854e-01	   8.8531747007515771e-01	   4.3091250055781627e-01	   1.1176139718047535e+00	   6.3849101995425372e-01	   0.0000000000000000e+00	   6.1355332992015743e-01	   6.0683876694433214e-01	   6.0380127161036412e-01	   7.8938828637255620e-01	   4.4111467538633986e-01	   8.4082015827031387e-01	   3.1462019347792469e-01	   1.1741276460777231e-01	   2.0735815750509937e-01	   6.1311660733019191e-01	   4.0881682588482016e-01	   3.7196649165477880e-01	   1.9148243896327702e-01	   9.1562469500137489e-01	   3.3994411566766369e-01	   2.0653765998829135e-01	   2.0216546820395205e-02	   3.0585671801013176e-01	   1.8027815982775369e-01	   3.7943404664641278e-01	   3.6496228662359564e-01	   5.5807626625989082e-01	   4.5783466938562761e-01	   4.9531422830359600e-01	   4.3329984108071151e-01	   5.1204905701726283e-02	  -7.3279065111871766e-02	   4.4581652310486697e-01	   4.1311915105702640e-01	   5.6523950812604928e-01	   4.7223714068369621e-01	   3.7170114767860424e-01	  -2.0781261945265410e-02	   5.4381843635517779e-01	   5.1772238855894370e-01	   3.6370930865286188e-01	   3.5126548870661634e-01	   5.1863824424760541e-01	   5.5448966373314290e-01	   4.3004310304354870e-01	   3.9823891833503661e-01	   4.3306789856377670e-01	   3.7368352393664678e-01	   5.6888670998630997e-01	   4.1942519685885343e-01	   7.1764087005400645e-01	   6.1121271533984245e-01	   1.5382434769028253e-01	   2.6644807098872342e-01	   7.2587576118200892e-01	   5.2912674145710015e-01	   5.1028981515658978e-01	   4.7290864961800916e-01	   9.4446878690053762e-02	   1.7810045556381107e-01	   6.7717924273378483e-01	   4.6465034916962578e-01	   4.2614642826319782e-01	   2.2355669996201810e-01	   3.3280382228146754e-01	   3.0246905834318699e-01	   4.9696669071389565e-01	   3.3068758561393685e-01	   4.5289679726921206e-01	   4.0410142464200405e-01	   4.4660857230021767e-01	   4.1845849415631575e-01	   5.7024790915776857e-01	   4.9280194736760546e-01	   2.0502309585336481e-01	   1.7334346152739444e-01	   2.3636744915058797e-01	   3.7140675546559782e-01	   5.7489225219062923e-01	   3.9935065028720951e-01	   4.5694673640704742e-01	   4.7595384036759381e-01	   6.2328351733704512e-01	   1.5557458353052417e-01	   1.1312407456642943e+00	   6.9921046624833871e-01	   5.1363203287668124e-01	   9.8262283329691635e-01	   4.6851027042639815e-01	   8.3208391610892052e-01	   5.1506126215078796e-01	   3.6655520973101630e-01	   4.9060361634384730e-01	   5.3903018883788789e-01	   4.8999810754200213e-01	   6.8169794588669463e-01	   3.4055012566739540e-01	   5.8135289806152701e-01	   1.8960083802502492e-01	   4.9764360818737885e-01	   4.0710439579393753e-01	   3.0288060704279995e-01	   5.6547577611616252e-02	  -1.6092459436511661e-01	   3.2094325788743377e-01	   2.5724772047022471e-01	   2.6640668784531463e-01	   6.6267939918349017e-01	   6.9583329984743147e-01	   5.3333115936725761e-01	   5.6666817213757781e-01	   1.9582968893055375e-01	
   4.9493371256502572e-01	   5.1327005056558817e-01	   6.1388447617204789e-01	   8.9921692470658643e-01	   8.1845004107178809e-01	   1.0967419929574029e+00	   5.9812414173252448e-01	   9.7773849921442491e-01	   6.1355332992015743e-01	   0.0000000000000000e+00	   5.0807033028062010e-01	   7.3588679289898584e-01	   8.0568830833748772e-01	   7.5868588687973026e-01	   5.3192645244302372e-01	   5.2451032954952126e-01	   4.2387766391013448e-01	   4.5093525187891925e-01	   7.4878201968943869e-01	   7.3645943919661849e-01	   3.8777407878010217e-01	   3.7745708012727258e-01	   6.7138855617425208e-01	   8.3044875968599752e-01	   5.0583678226401074e-01	   4.9965558082252559e-01	   3.0567355771973104e-01	   3.9734038296289942e-01	   5.7341405748547003e-01	   5.9931394759095702e-01	   5.5005277364319660e-01	   6.8781320737111185e-01	   4.6259063799010025e-01	   5.7027479474321274e-01	  -3.6561741019494547e-02	  -2.1148176842153778e-02	   3.4398325011578718e-01	   4.6152464520876979e-01	   5.3509411815001739e-01	   5.4989830668349382e-01	   4.3592210127700104e-01	   3.1311723321640839e-01	   2.7859560934783073e-01	   2.8797769348588154e-01	   8.5356902569866305e-02	   1.2223802588554797e-01	   2.5661939223693941e-01	   3.4845943779393157e-01	   2.0956974540440698e-01	   1.8424700126497237e-01	   3.1651965743348065e-01	   3.6927877393650183e-01	   5.5796834318011213e-01	   5.3064083690007813e-01	   6.5878300569313220e-01	   5.5138035988553868e-01	   3.3873398665671001e-01	   4.3049676001397280e-01	   4.0793570385156974e-01	   5.0240258740937815e-01	   6.1889433309437392e-01	   7.8665303827076494e-01	   3.8413827958401559e-01	   4.2753609516009994e-01	   3.9405937616563547e-01	   7.0943497031354863e-01	   1.7595800940769982e-01	   1.6132926584036916e-01	   3.9334327773874467e-01	   4.3722799761316261e-01	   5.8850881304652125e-01	   6.8965436861013374e-01	   6.3437297681023030e-01	   5.9293248209132199e-01	   7.5476776634070408e-01	   6.7561929623574557e-01	   5.7808525199814442e-01	   6.1815961318979840e-01	   4.4480455333204499e-01	   3.6361280040858102e-01	   4.4910600744454160e-01	   3.9240903020438361e-01	   4.6801560711794499e-01	   5.7783372117603904e-01	   4.9498682967813379e-01	   7.9820538606866231e-01	   4.0468535854255733e-01	   3.2936788071862411e-01	   9.0001138342889009e-01	   6.0510988719771086e-01	   3.2112473316343731e-01	   5.2418296154808608e-01	   7.3802947885150139e-01	   5.6415920249847673e-01	   4.3304698175362955e-01	   2.4794220613130660e-01	   2.6729310598425982e-01	   4.3227644306312812e-01	   4.4100976773571665e-01	   4.5746067746163982e-01	   5.2075068566946148e-01	   4.9692616313072674e-01	   3.6373320783187829e-01	   3.6404854999742553e-01	   3.6618180888924032e-02	   5.2577633091132385e-02	  -4.4477249762493710e-02	  -2.2960907206458919e-01	   2.7637491733521685e-01	   3.7171058023872017e-01	   1.1857701062603682e-01	   4.5135566693913282e-01	   5.1332437637881156e-01	   2.5896074033407229e-01	   2.3998452635602205e-01	   2.6874907056406855e-01	
   9.2118742366311579e-01	   6.9895900981272896e-01	   5.2866739516104055e-01	   3.1887156623380425e-01	   2.8270320213634226e-01	   3.6372829125108752e-01	   6.4732066215330730e-01	   6.2129557454862061e-01	   6.0683876694433214e-01	   5.0807033028062010e-01	   0.0000000000000000e+00	   1.2492847594545431e+00	   1.3249150758999608e+00	   1.0488464109427431e+00	   1.1424550811498650e+00	   6.0675877718559312e-01	   6.7026036986466542e-01	   7.7415313441100586e-01	   1.0051634011589610e+00	   7.3646979816039637e-01	   5.4065832131500724e-01	   2.9667073895963747e-01	   7.0540258168100978e-01	   1.4986342145700893e-01	   4.0864688862309484e-01	   1.3758868961759999e-01	   4.6207560334998404e-01	   3.9435755278638374e-01	   7.5461086316964066e-01	   7.1613687837350393e-01	   4.2759181357940468e-01	   2.9029766649659511e-01	   5.5919996954080187e-01	   4.5601422754307663e-01	  -2.2343144356501078e-03	  -9.5141248551500635e-02	   6.9284567270397823e-01	   6.4886781257393256e-01	   7.8929988997332590e-01	   6.0476990613518322e-01	   5.6849816142927889e-01	   2.3575976518728950e-01	   4.5176480090278337e-01	   4.9887625220121684e-01	   2.4521756112500465e-01	   2.5032915798459521e-01	   4.3744368692696489e-01	   4.8682243606309594e-01	   4.0823939146936450e-01	   2.9938425517790412e-01	   3.7372903381521927e-01	   2.5491253572248662e-01	   5.8665331861861902e-01	   4.3707067018596346e-01	   5.8734771746383052e-01	   6.0331994909100239e-01	   6.9597973703163907e-01	   6.7778543786241230e-01	   8.0137055065061591e-01	   5.1602614456402929e-01	   8.7280391426114146e-01	   6.0958029943907222e-01	   5.0373564268488824e-01	   4.6517276877450009e-01	   5.3572522625078145e-01	   1.9809358566496327e-01	   2.6056376337562215e-01	   6.3785645227070920e-02	   6.6465836188127436e-01	   4.1646252305310760e-01	   5.3520141493128870e-01	   3.9912814297055438e-01	   8.0667047400814706e-01	   6.7895870674132530e-01	   6.5537665682955160e-01	   6.1953347407346238e-01	   7.8389310804828227e-01	   6.0673409989239002e-01	   6.6331565724059260e-01	   6.7328196542263175e-01	   6.6613326574861853e-01	   8.1885349428383380e-01	   8.3396072783946029e-01	   8.4494863231037920e-01	   9.3100659630529958e-01	   5.7721739645917980e-01	   5.0011841486533037e-01	   4.1165595832583685e-01	   7.1083645588825084e-01	   5.7346655857274120e-01	   2.8247703792617651e-01	   4.9617873710487859e-01	   3.5242520795870663e-01	   4.5502446613052777e-01	   2.0066050271137131e-01	   4.0400450633183982e-01	   4.3332492788744059e-01	   4.7359108653375215e-01	   4.4410730233518714e-01	   6.3297508416836479e-01	   4.4516118877632327e-01	   5.0790100473440614e-01	   3.9891123656957655e-01	   3.7224963439875258e-01	   2.1425700066464362e-01	   1.9435287743468743e-01	   1.9372267772867374e-01	   1.0575689226636210e-01	   2.3297653459674304e-02	   1.2328429300005228e-01	   3.2100948996117512e-01	   3.8773930613101171e-01	   3.2485198361112999e-01	   2.3767802160699397e-01	   3.0410392159135280e-01	   3.2605430793438500e-02	
   1.0730061235964381e+00	   8.6800677539822690e-01	   4.5479827930110861e-01	   5.7618052629578509e-01	   3.6747261527351371e-01	   4.8618479225192329e-01	   5.3978068475845942e-01	   8.2282602403174498e-01	   6.0380127161036412e-01	   7.3588679289898584e-01	   1.2492847594545431e+00	   0.0000000000000000e+00	   1.2199763936408332e+00	   1.5647630261579248e+00	   1.0701958394335547e+00	   8.1905414700622647e-01	   8.8861159073745777e-01	   9.7642992186458999e-01	   1.1160512218176135e+00	   1.0207088072275217e+00	   4.8443903863013160e-01	   2.6468775155425306e-01	   5.0181382847405376e-01	   2.2353026128939563e-01	   2.8161196605351224e-01	   1.0674112391004702e-01	   3.3183762965187463e-01	   2.8435452131621014e-01	   1.0100056111333273e+00	   1.0138978227934528e+00	   3.7786670119887933e-01	   3.3031933482824416e-01	   6.0096678167435036e-01	   5.8308850805438883e-01	  -1.6941028951089135e-01	  -2.4153944181783898e-01	   5.4805287055311691e-01	   4.9530321323725857e-01	   6.2618092509317702e-01	   5.3988648853930243e-01	   5.3490642819844136e-01	   2.9434873527879796e-01	   4.2446582928703819e-01	   5.1852346032015706e-01	   2.7172736976784539e-01	   3.3569466239927626e-01	   4.1255422523004942e-01	   4.8073086865206405e-01	   4.8127668510408433e-01	   3.6845474175681436e-01	   4.3084928182577020e-01	   4.1803182605393807e-01	   6.1688385625397268e-01	   5.4584784065004710e-01	   6.3127118369228918e-01	   6.8395224876114336e-01	   8.1695027826431199e-01	   7.6888609577871037e-01	   8.0663161059324018e-01	   6.7999092185716137e-01	   1.0168806530717496e+00	   1.0801784051670769e+00	   7.3972938147672473e-01	   7.2189670154951957e-01	   3.4608535231892201e-01	   2.3738576641337697e-01	   2.2464428379980042e-01	   9.4526727906661917e-02	   8.3901946650760784e-01	   5.4040229460293809e-01	   4.5227927150457375e-01	   4.0153946835286008e-01	   9.3836057208502455e-01	   9.1197468034876650e-01	   7.3935886255914984e-01	   8.2273670393371012e-01	   7.1768585422256459e-01	   6.3308196715636900e-01	   8.0327149246666518e-01	   7.0635924829981811e-01	   8.3164003795336117e-01	   8.3885042554984635e-01	   8.3751846745919023e-01	   9.3564951481925274e-01	   8.7471858068934238e-01	   7.4934867244548098e-01	   3.7075927380677759e-01	   3.3389875966044769e-01	   7.0415243318464238e-01	   5.2070857238412915e-01	   3.3587252915645915e-01	   3.8323053182641392e-01	   4.5765272324551332e-01	   4.0055655814742130e-01	   1.2605385328513161e-01	   4.0417754231247738e-01	   4.8755409516759374e-01	   4.9518825054707255e-01	   5.6765243866651960e-01	   6.5344667041183568e-01	   5.1308763127109092e-01	   4.9369935889205391e-01	   4.6076800428144360e-01	   4.8105176018168538e-01	   1.9972483586726902e-01	   9.9024019430055746e-02	   2.5612869561534912e-01	   1.4612733960214028e-01	  -1.8552644163976700e-02	   2.1835398043156490e-01	   2.3182729393014700e-01	   4.4052235206527035e-01	   3.9019694835606289e-01	   2.0346177070329838e-01	   2.7374526909024688e-01	   8.3675136303314357e-02	
   8.0209513159511348e-01	   7.1985236913227524e-01	   7.1158893191018124e-01	   6.0375460833423578e-01	   5.5659245504710653e-01	   5.4151224963103761e-01	   9.0640548372141017e-01	   1.0455050646845017e+00	   7.8938828637255620e-01	   8.0568830833748772e-01	   1.3249150758999608e+00	   1.2199763936408332e+00	   0.0000000000000000e+00	   1.2406716345124349e+00	   1.3333269790314375e+00	   8.3752596753381781e-01	   6.3874492058451071e-01	   7.5763384747015583e-01	   1.0988944227320259e+00	   8.9821069041816570e-01	   6.7164430765653749e-01	   4.3421914500057257e-01	   8.1989295717062660e-01	   3.9580605257588425e-01	   3.9706039049790581e-01	   2.4231731330965980e-01	   4.4648461843601384e-01	   4.4982085265098237e-01	   8.6928206325841662e-01	   8.8137507928546333e-01	   6.4785185904910569e-01	   5.6713122460493581e-01	   7.3918951196178473e-01	   6.9317045698110447e-01	   8.0131513145154473e-02	   3.0907080615824218e-02	   5.5481463277147847e-01	   5.8978118873645069e-01	   7.7144666173941900e-01	   6.3348852027929692e-01	   6.0512200515944548e-01	   2.1938270627481540e-01	   4.5460818821807719e-01	   4.7606061912896891e-01	   2.9299464047017720e-01	   2.8472065671061364e-01	   4.6890409409274481e-01	   5.0164402511215922e-01	   3.7153590196498149e-01	   2.8153384471990456e-01	   4.0344525215819632e-01	   3.3130752917125506e-01	   6.2710171258931002e-01	   4.7115210359100101e-01	   7.8768204815971277e-01	   6.8398770005277409e-01	   6.0978293654956606e-01	   7.0758637373330580e-01	   7.1831510726906411e-01	   5.2691395530724627e-01	   1.0362224696370832e+00	   8.4820864158027898e-01	   5.7516422178848203e-01	   6.0586023853096560e-01	   5.8797105545530659e-01	   4.7827932404602275e-01	   3.3917661288148676e-01	   1.9676789233842867e-01	   7.4342722312002663e-01	   5.3023986059179051e-01	   7.1519283614080376e-01	   5.5836440055062342e-01	   9.0319001871373028e-01	   7.4972330093658412e-01	   8.0414653881249409e-01	   7.0259500073268433e-01	   9.0459066588021086e-01	   7.7440208756789597e-01	   6.8849736655497373e-01	   6.8526020664138187e-01	   7.2984521029038296e-01	   8.4043317025608455e-01	   1.0168838280296166e+00	   9.6600167352713295e-01	   8.3850047122967175e-01	   8.0306975740494657e-01	   6.1510652987428616e-01	   3.9403446843847401e-01	   9.8111711859282480e-01	   6.7107342379660695e-01	   3.9247290781051353e-01	   5.7858573507378575e-01	   5.6238286915484970e-01	   5.6588289413511128e-01	   3.0452421711129157e-01	   4.3501543920466862e-01	   5.2755454122578049e-01	   5.4984528103687613e-01	   6.1411835361354028e-01	   7.0856068987252241e-01	   6.1126720790867428e-01	   6.6489860193448413e-01	   4.7613265150810297e-01	   5.5696331038840197e-01	   2.7680174211344799e-01	   2.4776473091066137e-01	   2.0138633330402808e-01	   2.4823691267210467e-02	   6.8629615432125993e-02	   1.8210016637433357e-01	   3.4084978844902025e-01	   5.4687506870454761e-01	   4.7664265691839935e-01	   3.8100158214420665e-01	   4.0441385817115855e-01	   1.3289771576063222e-01	
