   0.0000000000000000e+00	   2.2861739836840052e+00	   1.4314329451661612e+00	   1.5409446603476431e+00	   8.1530905305650148e-01	   1.3517123239517761e+00	   1.5897201220720036e+00	   1.5017307607770882e+00	   1.0524927292004993e+00	   1.1890409591157827e+00	   2.0541741874032211e+00	   2.0726627191541889e+00	   1.8604060279112555e+00	   1.8562676825165052e+00	   1.7884291057775104e+00	   1.2821027653721866e+00	   2.1494253240871282e+00	   1.9304890584085694e+00	   1.4007465496366689e+00	   1.8120966721380185e+00	   1.4731011719829901e+00	   1.6113228279450811e+00	   1.2441051957083327e+00	   1.3519366577248140e+00	   1.0256309716436820e+00	   1.2706409313273277e+00	   1.5995253622773191e+00	   1.7731419905800911e+00	   1.8835083259459482e+00	   1.8838663531888771e+00	   1.2783714278275600e+00	   1.3725691260558026e+00	   1.8121409410556630e+00	   1.7285865405568224e+00	   1.0811194569038671e+00	   9.9266880497138810e-01	   1.1849194721265444e+00	   1.3310433622909563e+00	   1.4730257067328807e+00	   1.6715985085118434e+00	   1.6420985261631724e+00	   1.3800626485723297e+00	   7.2363514204674340e-01	   9.8400864049833747e-01	   1.0285218145482102e+00	   1.2416485788514176e+00	   1.3941911912153349e+00	   1.0852207523745214e+00	   1.3154896207100908e+00	   1.3267197800304436e+00	   1.7236209263674294e+00	   1.3583404452603300e+00	   1.4027599137635960e+00	   1.2215897272106824e+00	   1.4494137271128260e+00	   1.4899982062574295e+00	   2.1126875987604974e+00	   1.9389838581770460e+00	   1.7627167698958417e+00	   1.3212132771837928e+00	   2.0160817158330451e+00	   1.5990868626062729e+00	   1.8057420172866558e+00	   1.9241080758730651e+00	   1.2652747296655031e+00	   1.5922704203028617e+00	   1.5824480581284592e+00	   1.2096036529227978e+00	   1.6369351088230901e+00	   8.5642288341435169e-01	   7.4815644016905969e-01	   9.6534202414203796e-01	   1.6590257094620053e+00	   1.7635359644076167e+00	   1.6361814682471960e+00	   1.6731512026355826e+00	   1.0687620952822079e+00	   9.4472551327482601e-01	   1.9297557849215379e+00	   1.8382001981010636e+00	   2.0361161695384999e+00	   1.8610898218970058e+00	   1.6517082190087771e+00	   1.8148470410454429e+00	   1.9530729513306442e+00	   1.9988655281160743e+00	   1.3991716848830693e+00	   1.6221543657800830e+00	   1.6653903114850450e+00	   1.7512491407991888e+00	  -1.5399214258900845e-01	   2.4989687452084755e-01	   1.5047505799431007e-01	   8.4679810077522044e-01	   4.9322578818861151e-01	  -7.1151858598616446e-02	   1.3391675230638065e+00	   1.5256063600018728e+00	   7.8771235660419514e-01	   1.1519047946180689e+00	   7.8999037462243837e-01	   1.1387146153101015e+00	   9.9013052163911686e-01	   1.1271971283453748e+00	   8.6506184066092395e-01	   8.5050789895373291e-01	   4.9334963353022115e-01	   5.1684776480256078e-01	  -4.3352770749506786e-01	   8.6315727199260750e-01	   1.4683183494133847e+00	   1.7059027835738927e-01	   5.3126922188205294e-01	   1.0947041635079537e+00	   3.7320395225017783e-01	  -2.6974226677774543e-01	
   2.2861739836840052e+00	   0.0000000000000000e+00	   1.3710104784607176e+00	   1.4442547308332707e+00	   7.7333989347234944e-01	   1.3193824890893200e+00	   1.4345063797107649e+00	   1.3440060094677062e+00	   1.0055899103023906e+00	   1.1226269474341188e+00	   1.7462972709092011e+00	   1.8746055052015496e+00	   1.6408076172244390e+00	   1.6521820481518812e+00	   1.6613341276724278e+00	   1.2117356100231211e+00	   2.1016816617965008e+00	   2.1042769969946278e+00	   1.4325833983029006e+00	   1.8693748358073063e+00	   1.4832102200118227e+00	   1.7493237490739073e+00	   1.2546243637566541e+00	   1.3242468037779676e+00	   1.0491275015191805e+00	   1.3334209018151562e+00	   1.5587331341789779e+00	   1.7571816715872819e+00	   1.7713244857108610e+00	   1.8497553493926919e+00	   1.3112825088098496e+00	   1.4049325383646261e+00	   1.8449584822094900e+00	   1.7297581738791468e+00	   1.1485595652123959e+00	   1.0418255270114694e+00	   1.2165181524467159e+00	   1.3823136446462667e+00	   1.4848455607868973e+00	   1.7349180188119233e+00	   1.6973659796837188e+00	   1.4294797124083956e+00	   7.1457883603505390e-01	   9.7389764179211114e-01	   1.0308954411413944e+00	   1.2704669756170799e+00	   1.4244529229628820e+00	   1.1589621808424206e+00	   1.2821490782609262e+00	   1.3256431626144896e+00	   1.6493414145953487e+00	   1.3193812865159327e+00	   1.4287058628485210e+00	   1.2639596027500593e+00	   1.4760755924002316e+00	   1.5623713181239105e+00	   2.3261856623303956e+00	   2.3779776044900398e+00	   1.6517125042170915e+00	   1.3215824602460233e+00	   1.8309763071074618e+00	   1.5532969587022833e+00	   1.8070937833547573e+00	   1.8940487192587465e+00	   1.2569867359276512e+00	   1.5719119926856482e+00	   1.5711715896253184e+00	   1.2440224286078183e+00	   1.8081414556116502e+00	   9.8217853766848739e-01	   7.3019968706426086e-01	   9.5512589067245235e-01	   1.4599317718728257e+00	   1.5880814439112410e+00	   1.5171902835369881e+00	   1.5437448951106800e+00	   1.0568397606465376e+00	   9.5325646474570269e-01	   2.0755235066081452e+00	   2.0046522961460727e+00	   2.2630889105363416e+00	   1.9680348023949643e+00	   1.5827867128265973e+00	   1.9478091022695940e+00	   2.0002525485707316e+00	   2.1927932115669515e+00	   1.3786467910333469e+00	   1.6304389628653586e+00	   1.6661481170913137e+00	   1.8953593318061563e+00	  -1.7758995746487560e-01	   2.3532495387494162e-01	   1.1312948347701023e-01	   7.7227488657882248e-01	   5.0710971583964271e-01	  -2.6055362202254396e-02	   1.4150388567560226e+00	   1.5584626269832831e+00	   7.8451701741616742e-01	   1.1065237541460331e+00	   7.3301316596979438e-01	   1.0433451371754976e+00	   9.7528570271282000e-01	   1.1086000998269605e+00	   8.8644070013051302e-01	   8.6709734793782012e-01	   5.0976015293052568e-01	   5.0689121428779471e-01	  -4.2651318320815945e-01	   8.8470070850061400e-01	   1.5189302370897799e+00	   1.6322837564604631e-01	   4.9072698648333468e-01	   1.1136925817107579e+00	   3.6242965389874549e-01	  -3.2206338894269532e-01	
   1.4314329451661612e+00	   1.3710104784607176e+00	   0.0000000000000000e+00	   1.6388309061798498e+00	   1.3668766033159112e+00	   1.2838133689756543e+00	   1.9466155345294094e+00	   1.5659887960014705e+00	   1.5103873544089199e+00	   1.3897113004618733e+00	   1.5098629113420747e+00	   1.4040519399207438e+00	   1.4902292806557302e+00	   1.4586455304906760e+00	   1.6727672482254514e+00	   1.2191587865950417e+00	   1.3500282147675720e+00	   1.2132275971121136e+00	   1.4742685072030530e+00	   1.5480978091040378e+00	   1.1534712816093959e+00	   1.2311626599834060e+00	   1.8564157112646644e+00	   1.7120712203027937e+00	   1.3475266112568303e+00	   1.2927107974536247e+00	   1.3078401345627269e+00	   1.5604451959807131e+00	   1.3221220573935395e+00	   1.3207539053333515e+00	   1.0536639081578756e+00	   1.0105312888106026e+00	   1.6184568370234120e+00	   1.6252602253225763e+00	   1.1914757387999817e+00	   1.2286122854165660e+00	   1.3019679188293607e+00	   1.4062404973513980e+00	   1.6814863573463019e+00	   1.4676556765405753e+00	   1.4489181108472509e+00	   1.5139349143264478e+00	   9.2813815592970783e-01	   1.0770540769912573e+00	   1.1962673072685370e+00	   1.3457322450442510e+00	   1.2510789019321953e+00	   1.2319577568853810e+00	   1.2840497017953607e+00	   1.2460571278167805e+00	   1.2754374470371312e+00	   1.1283638978208033e+00	   1.2091769488655830e+00	   1.2413166101203306e+00	   1.2929296033978006e+00	   1.2794945250940830e+00	   1.2132791418249513e+00	   1.1986338132675207e+00	   1.4426791564593195e+00	   1.1879291217595405e+00	   1.3012696100260075e+00	   1.2655679632200878e+00	   1.1159325490027423e+00	   1.1903905414710518e+00	   1.1052289130535604e+00	   1.2370886778687569e+00	   1.4925468632373737e+00	   1.3299583514103410e+00	   1.2831795476171892e+00	   8.9508437053805456e-01	   8.1109300996434119e-01	   1.1579077728382126e+00	   1.3623760347361726e+00	   1.4210886711418722e+00	   1.4330774183942419e+00	   1.4685331522584386e+00	   1.0540235081099023e+00	   9.5921801156725250e-01	   1.2520173144662652e+00	   1.2759551929066624e+00	   1.2716003891408061e+00	   1.1929976435760365e+00	   1.4288741903099877e+00	   1.3946114053201477e+00	   1.3403154612290291e+00	   1.2922559502660340e+00	   1.3439150094852350e+00	   1.3600894318795178e+00	   1.7600557975528892e+00	   1.4348188194767695e+00	   3.4697104131105036e-02	   4.9029076465254101e-01	   3.4064638588415075e-01	   1.1385962676769381e+00	   5.0026534076440798e-01	  -1.6328106356931998e-01	   1.4163631252617996e+00	   1.2558864426474110e+00	   8.5420060614834359e-01	   1.2637237805259163e+00	   9.0874923189417245e-01	   1.3924721220504661e+00	   1.0229962519722862e+00	   1.1952806925814272e+00	   9.0938526348605186e-01	   8.7153759971903444e-01	   7.2106311901461606e-01	   6.7662684745235979e-01	  -4.2558669742813870e-01	   9.2723426529628417e-01	   1.3398432621339207e+00	   3.5911125164305435e-01	   7.7269579103592811e-01	   1.2342852576668839e+00	   5.1954780520268640e-01	  -1.3286295274065862e-01	
   1.5409446603476431e+00	   1.4442547308332707e+00	   1.6388309061798498e+00	   0.0000000000000000e+00	   1.1200047418422978e+00	   1.8651116273965263e+00	   1.7755444528974968e+00	   2.3669782169715194e+00	   1.2550429891041042e+00	   1.8797794664089924e+00	   1.3518315301455539e+00	   1.6586481608518659e+00	   1.4077546640033849e+00	   1.5433479095351144e+00	   1.4288186255842592e+00	   1.3537879646308750e+00	   1.3834134368048092e+00	   1.2553795807815653e+00	   1.3059117885129330e+00	   1.5729363438342503e+00	   1.1340219364307724e+00	   1.2729016144575205e+00	   1.2750701618606395e+00	   1.5776711223379092e+00	   1.0365681939875138e+00	   1.2471733232063897e+00	   1.1041575169804361e+00	   1.4945539596851778e+00	   1.3188985992935498e+00	   1.4310499080921057e+00	   9.7454519227750014e-01	   1.0249348547028816e+00	   1.5127401155273512e+00	   1.7521097748163694e+00	   1.0277630424514184e+00	   1.1622003464468400e+00	   1.1147364166269267e+00	   1.3072656233590481e+00	   1.3968035578904610e+00	   1.4202043427613367e+00	   1.4129452295665479e+00	   1.3716185215925352e+00	   8.3186794201589442e-01	   9.9095574997279989e-01	   1.2314840719662370e+00	   1.3821430247186075e+00	   1.4109903963650599e+00	   1.2695954521287713e+00	   1.4022483922623379e+00	   1.3364124432924422e+00	   1.4272139063527978e+00	   1.2310784718681120e+00	   1.2996993368246643e+00	   1.2115231394712920e+00	   1.4109608428459581e+00	   1.3651448186640509e+00	   1.2500690365530174e+00	   1.2853729933713329e+00	   1.7315815160940566e+00	   1.5756966153346199e+00	   1.5596809513931080e+00	   1.7669741551414622e+00	   1.3579814683711351e+00	   1.4806965696444094e+00	   9.8187796521672921e-01	   1.4959871784745800e+00	   1.8209777020444480e+00	   1.6457787526513186e+00	   1.1396399613415396e+00	   8.1480473982195600e-01	   6.1872198312430182e-01	   1.0283384050010682e+00	   1.3175788034545017e+00	   1.4254752996762188e+00	   1.3183350745773068e+00	   1.4142707427720043e+00	   8.3952174292613324e-01	   8.3004707733703720e-01	   1.2430502400291021e+00	   1.2818968852293244e+00	   1.2943224410311420e+00	   1.2227264596232126e+00	   1.2369303904279123e+00	   1.3438174297579171e+00	   1.3353168914842457e+00	   1.4225956228844214e+00	   1.1689302540012112e+00	   1.1955857661785594e+00	   1.5529613628221210e+00	   1.4783499454336353e+00	   1.2231240549858230e-01	   4.8558519144958567e-01	   4.7371044985810618e-01	   1.1525057294621082e+00	   3.5331091525026415e-01	  -2.0932897324545033e-01	   1.5461875034152892e+00	   1.3398727246364757e+00	   1.0781504496092988e+00	   1.5040669226586090e+00	   1.2137298725348746e+00	   1.5875021916487648e+00	   1.2689219102706395e+00	   1.5245909152512227e+00	   9.9303529579816796e-01	   8.0537027300664366e-01	   7.1053158143855133e-01	   7.3914474850846057e-01	  -4.4044084624421082e-01	   8.1066701625023696e-01	   1.3772073767202335e+00	   3.8265605093019922e-01	   8.0332502444860188e-01	   1.3186556823289444e+00	   4.5179890424868141e-01	  -1.7883248335815874e-01	
   8.1530905305650148e-01	   7.7333989347234944e-01	   1.3668766033159112e+00	   1.1200047418422978e+00	   0.0000000000000000e+00	   1.0456548159147441e+00	   1.1127981470733084e+00	   1.1160016877479502e+00	   1.2659353066045695e+00	   1.2686540723173223e+00	   8.6418178420439140e-01	   8.4581696842984466e-01	   8.7028198671880563e-01	   9.2058410742122854e-01	   1.0228446167533154e+00	   1.1000138902890075e+00	   8.0753301554511470e-01	   7.3050746263056576e-01	   9.2525454968815524e-01	   9.3446119379613335e-01	   6.5507006010868207e-01	   7.5798705947553402e-01	   1.2436563401063241e+00	   1.3114307998500661e+00	   1.2382030396865291e+00	   1.0474386148070962e+00	   7.3027401136133296e-01	   9.7560857412270785e-01	   7.6639583523070076e-01	   8.1678130745560029e-01	   5.5012878415895650e-01	   5.3232762139360135e-01	   9.8192936282821974e-01	   1.0666843173597373e+00	   7.7633772486707009e-01	   1.0197825803931369e+00	   8.5290417974707977e-01	   9.3142956487372763e-01	   9.9746602790288730e-01	   9.3335924442402163e-01	   9.3089508630073792e-01	   9.8641508407995937e-01	   8.7996464605024372e-01	   8.5288968321086511e-01	   1.0230956078711928e+00	   1.0667566007875269e+00	   9.9831672620435785e-01	   1.0791390397738576e+00	   1.0331636871770178e+00	   9.7421222254511519e-01	   8.5949239119332055e-01	   8.5233209849667291e-01	   9.3415131892044245e-01	   1.0189597022895469e+00	   9.6181103651575584e-01	   9.2579338364064734e-01	   7.1028872923092035e-01	   6.9322908394456006e-01	   9.3629604611067796e-01	   8.9842919372971775e-01	   7.6783534702198297e-01	   8.4511840375466485e-01	   7.1184513047945674e-01	   7.5457871191229242e-01	   6.0082356052599994e-01	   7.9057157559073077e-01	   9.7686730737694738e-01	   1.0571299040661033e+00	   8.2036902961134373e-01	   7.7469780326295734e-01	   5.9523490970281545e-01	   9.6044142430252477e-01	   8.0942996346837526e-01	   8.6694346215989326e-01	   8.4931968174426142e-01	   9.0250460096714813e-01	   7.0105048624222532e-01	   7.0443057987491808e-01	   7.4595454703569497e-01	   7.6603559387381881e-01	   7.3435658626045253e-01	   7.4004708477169567e-01	   8.6196358806900697e-01	   8.8138228288740661e-01	   8.1419683438763513e-01	   8.2738265553696022e-01	   9.3535348517065553e-01	   8.3402450828720021e-01	   1.0590338531839396e+00	   9.1387189643170808e-01	   2.3067447962093646e-01	   5.9824387367027820e-01	   5.3946370817942468e-01	   1.0407403985324961e+00	   2.4556490804513009e-01	  -3.3008285761019401e-01	   9.9491515382858287e-01	   7.7312380662652114e-01	   8.1310445947992316e-01	   9.8076401898187116e-01	   8.3279104176680629e-01	   1.0974969396972569e+00	   7.5149543297201238e-01	   9.5291598504115538e-01	   7.4964415359644276e-01	   6.2280344076524585e-01	   6.3251553556151108e-01	   5.7016089390604707e-01	  -5.0090710329332078e-01	   7.5830191530968705e-01	   8.9032790972427711e-01	   4.0969757424019254e-01	   8.4467241664429416e-01	   9.6194653147948750e-01	   4.6739202601232688e-01	  -8.4384693662288582e-02	
   1.3517123239517761e+00	   1.3193824890893200e+00	   1.2838133689756543e+00	   1.8651116273965263e+00	   1.0456548159147441e+00	   0.0000000000000000e+00	   1.3266670491804391e+00	   1.6181489449158470e+00	   1.1114462382762276e+00	   1.9029701147129563e+00	   1.1375755100396718e+00	   1.4186422318503729e+00	   1.2009983411325171e+00	   1.3181674074594374e+00	   1.2891388273078757e+00	   1.3775410716582159e+00	   1.2209004367872658e+00	   1.1673949716346999e+00	   1.1342131779306828e+00	   1.3720657570356734e+00	   1.1002022645915974e+00	   1.3416847355284780e+00	   1.1581175344007111e+00	   1.4623219115524115e+00	   1.0130891223956093e+00	   1.3382033171581975e+00	   1.0643818434496464e+00	   1.4374244577431745e+00	   1.1071191346505873e+00	   1.2196225377563215e+00	   8.8272481768861966e-01	   9.6304577052797846e-01	   1.3333827587622862e+00	   1.5083098438386149e+00	   8.8250628232056916e-01	   1.0817456907955785e+00	   9.3263866797327288e-01	   1.0985695962761908e+00	   1.1299972679011299e+00	   1.2033074809114026e+00	   1.2440324508195901e+00	   1.1778568787909001e+00	   7.0408808975907700e-01	   8.2737511498942284e-01	   1.0784733004266531e+00	   1.1951193101359963e+00	   1.2762871047137949e+00	   1.1623489218759970e+00	   1.2306467440194191e+00	   1.1931733515944165e+00	   1.3092056047801817e+00	   1.1474636799435272e+00	   1.2375004021452198e+00	   1.1972168749076131e+00	   1.2767683365895679e+00	   1.2635324158679251e+00	   1.1815103562162357e+00	   1.2491410051818697e+00	   1.5649516985090464e+00	   1.5860696045045382e+00	   1.4092107063571817e+00	   1.5842135482146680e+00	   1.3288764800352799e+00	   1.3827203095857374e+00	   8.4778682407122874e-01	   1.4072530408340900e+00	   1.6155821321149852e+00	   1.5826421415276000e+00	   1.1235201948652918e+00	   8.6867203365542234e-01	   5.6170964959657943e-01	   9.1826526244231077e-01	   1.1087095368840518e+00	   1.1818100800166715e+00	   1.1020280341231827e+00	   1.1640435969504133e+00	   6.7589092248372218e-01	   6.6744358204760845e-01	   1.1259117161344163e+00	   1.1633765152212319e+00	   1.2405040223257822e+00	   1.2124033520556827e+00	   1.0940237909332640e+00	   1.2997044369364232e+00	   1.3553143150233011e+00	   1.4347447067912866e+00	   1.0941237326459514e+00	   1.1323771638015017e+00	   1.3669071524144221e+00	   1.4261574513011630e+00	   1.3840507179179115e-01	   5.0035483785133783e-01	   4.9084129516425029e-01	   1.0783065302968446e+00	   2.3940570052863797e-01	  -2.8977964717658539e-01	   1.3682200481544760e+00	   1.1112836029260267e+00	   9.9287619083158940e-01	   1.2378396980702524e+00	   1.0974921510177078e+00	   1.3853698339647609e+00	   1.1249141220031038e+00	   1.3734819895709471e+00	   9.6960594047328941e-01	   7.8165172279433393e-01	   6.2804285265127402e-01	   6.0002379102074377e-01	  -5.6608498158514564e-01	   7.1250589890550731e-01	   1.2232914680681641e+00	   3.3436156085665580e-01	   7.3018678956024730e-01	   1.2118976724096164e+00	   4.0116878117142662e-01	  -2.3794363493337276e-01	
   1.5897201220720036e+00	   1.4345063797107649e+00	   1.9466155345294094e+00	   1.7755444528974968e+00	   1.1127981470733084e+00	   1.3266670491804391e+00	   0.0000000000000000e+00	   1.7781564983617000e+00	   1.4458173359306752e+00	   1.4075592075703804e+00	   1.5887892455054704e+00	   1.5242839427942072e+00	   1.7360010469942435e+00	   1.4652205435864867e+00	   1.5073636368915115e+00	   1.1185846165683204e+00	   1.4354926984409413e+00	   1.2491790152376885e+00	   1.3769507126098235e+00	   1.5335176051476660e+00	   1.1852437991812721e+00	   1.2287257852269413e+00	   1.3487891110015988e+00	   1.4133544173700681e+00	   1.0204701782305439e+00	   1.0690090329995132e+00	   1.2196551781486691e+00	   1.4166566153924240e+00	   1.4160081021367856e+00	   1.3829317597297601e+00	   1.0939623834456755e+00	   1.0796635856629717e+00	   1.6706880220640206e+00	   1.7051307030839018e+00	   1.0839463137114829e+00	   1.0895879198295919e+00	   1.2152808580971519e+00	   1.3159271779297672e+00	   1.5351457897942111e+00	   1.4367651094366543e+00	   1.4520110761941962e+00	   1.4478373543149485e+00	   8.1716106979371550e-01	   1.0009942024102287e+00	   1.1751246095738912e+00	   1.3290241891471848e+00	   1.2311065941837631e+00	   1.1428518224603983e+00	   1.2981247001624969e+00	   1.2391940245761390e+00	   1.3014910587874269e+00	   1.1088620329869328e+00	   1.1933047252529472e+00	   1.1618506001760531e+00	   1.2733253489903134e+00	   1.2524586900656001e+00	   1.2899598161436248e+00	   1.2652197641132008e+00	   1.6492803202259754e+00	   1.2970129812898901e+00	   1.5922588115791740e+00	   1.4875080742455311e+00	   1.2481548133208782e+00	   1.3533521799525141e+00	   1.1435260813015744e+00	   1.3255336352898142e+00	   1.5701879681357249e+00	   1.3212566213974555e+00	   1.2280127315621125e+00	   8.0548594947497265e-01	   7.4382921121877132e-01	   1.0821293605123894e+00	   1.4095138051457436e+00	   1.4329828097605932e+00	   1.4295303839558420e+00	   1.4577943311193662e+00	   9.8732233630467270e-01	   9.1169319367198776e-01	   1.2803107738905888e+00	   1.2444509794408058e+00	   1.3331915679616280e+00	   1.2352355385838483e+00	   1.3454079112074200e+00	   1.3922507044341546e+00	   1.3348700320679647e+00	   1.3220241793530421e+00	   1.2130739900720728e+00	   1.3078600292592988e+00	   1.7124035615757358e+00	   1.4106219758835130e+00	   3.6331682932118713e-02	   4.8832247061810929e-01	   3.3193965852992635e-01	   1.2050361202641451e+00	   4.9768478074847589e-01	  -1.7795901948627380e-01	   1.4367962976590911e+00	   1.3630532385833298e+00	   9.0980824917679992e-01	   1.3805105882677229e+00	   9.6580909612090649e-01	   1.5405256352089209e+00	   1.1314719603311889e+00	   1.3265072674194673e+00	   9.1109183103784042e-01	   8.5010170621641390e-01	   6.9211955501090350e-01	   6.5877370609604968e-01	  -4.4277184054719393e-01	   9.3043342564202158e-01	   1.4040675895092036e+00	   3.6768441273084118e-01	   7.8744054175890010e-01	   1.1972601454487184e+00	   4.6346194739278512e-01	  -1.3670981978551594e-01	
   1.5017307607770882e+00	   1.3440060094677062e+00	   1.5659887960014705e+00	   2.3669782169715194e+00	   1.1160016877479502e+00	   1.6181489449158470e+00	   1.7781564983617000e+00	   0.0000000000000000e+00	   1.2720650448248119e+00	   1.8545568907878185e+00	   1.3658821559098118e+00	   1.6665659709466385e+00	   1.5098580786940745e+00	   1.6277125399573658e+00	   1.4136105775773531e+00	   1.3936562711247305e+00	   1.3301276264540922e+00	   1.2001921119760275e+00	   1.1966568253749172e+00	   1.4340389744442661e+00	   1.0589261300782129e+00	   1.1624530220613933e+00	   1.1958710151388372e+00	   1.4078388405982143e+00	   1.0439153413882853e+00	   1.1615170026099875e+00	   1.0661203851447103e+00	   1.4625736544515999e+00	   1.3183319877605033e+00	   1.4215211039521636e+00	   8.7868471475802057e-01	   9.1290874941522071e-01	   1.3985775769612800e+00	   1.5920161780369000e+00	   9.5101227028824920e-01	   1.0962704238800005e+00	   1.1664907215064384e+00	   1.3374672884074987e+00	   1.4317625476969076e+00	   1.3988515865859865e+00	   1.4792906492893370e+00	   1.3891127259527087e+00	   8.6844962988446017e-01	   1.0417234037424150e+00	   1.1517251468720833e+00	   1.3173889173443245e+00	   1.3844423201951090e+00	   1.2262041627719040e+00	   1.3410509625231128e+00	   1.3215381080362962e+00	   1.3905776081197780e+00	   1.2440480649510157e+00	   1.2824084872584067e+00	   1.1831791349891179e+00	   1.3971748900185266e+00	   1.3149818250378182e+00	   1.1749402784194110e+00	   1.2242303812653978e+00	   1.6449451695239625e+00	   1.4997354296035568e+00	   1.5289579475169606e+00	   1.7277739512903845e+00	   1.3014881980723796e+00	   1.4555255948122454e+00	   9.1243064477167213e-01	   1.4134910881668037e+00	   1.6802754634273329e+00	   1.5024056866846438e+00	   1.0726369094287276e+00	   7.6114036223304049e-01	   5.7328142613225652e-01	   9.9001821800679779e-01	   1.2898482593437166e+00	   1.4154963222285588e+00	   1.3004872357058144e+00	   1.4174140139070612e+00	   8.7193406975888665e-01	   8.9831321249912555e-01	   1.1836760844423611e+00	   1.2054646275946970e+00	   1.2045968238587308e+00	   1.1565046290037122e+00	   1.2032214459812873e+00	   1.2853749235754632e+00	   1.2844298491296129e+00	   1.3114873504692421e+00	   1.1257655822305044e+00	   1.1315843499370537e+00	   1.5558110780190295e+00	   1.4026962403913665e+00	   1.3626587149468866e-01	   4.8060344387647247e-01	   4.9369109127831479e-01	   1.2082934335717892e+00	   3.5857928556737495e-01	  -1.9110611958846563e-01	   1.4576491588617477e+00	   1.2985934039604854e+00	   1.0625414601218797e+00	   1.4860437685181063e+00	   1.2758377658703839e+00	   1.6559756460305817e+00	   1.3091975049856177e+00	   1.5319134301363628e+00	   1.0202687565982331e+00	   8.0149630114446846e-01	   7.3085868338881887e-01	   7.2861700410567087e-01	  -4.3530452845374729e-01	   8.3832149802892997e-01	   1.3739546719057170e+00	   3.6119174345088439e-01	   8.1602491312917014e-01	   1.3200901104459313e+00	   4.8224103331052098e-01	  -1.6953104328168009e-01	
   1.0524927292004993e+00	   1.0055899103023906e+00	   1.5103873544089199e+00	   1.2550429891041042e+00	   1.2659353066045695e+00	   1.1114462382762276e+00	   1.4458173359306752e+00	   1.2720650448248119e+00	   0.0000000000000000e+00	   1.3644960601538347e+00	   1.0709354597317498e+00	   1.0365145659685355e+00	   1.1497609622410154e+00	   1.0909460159026347e+00	   1.2829797734355104e+00	   1.1320252588255384e+00	   9.6853324473258684e-01	   8.8184432284995196e-01	   1.1481681415571146e+00	   1.1596386189747949e+00	   8.2509586134407686e-01	   9.1177958335521692e-01	   1.3256996494538060e+00	   1.2401266027257616e+00	   1.0221432914339468e+00	   9.2877355123584127e-01	   9.7410594101590164e-01	   1.1062513280461421e+00	   9.2660597191031813e-01	   9.3553148873569392e-01	   7.6742238364689530e-01	   7.1849692251631125e-01	   1.1756833073929600e+00	   1.2013707684419981e+00	   8.7564956028281848e-01	   1.0002377365093145e+00	   9.3771521669408331e-01	   1.0140054213428622e+00	   1.0685074510303936e+00	   1.0552954751092809e+00	   1.0273047775416566e+00	   1.0547369994847391e+00	   7.3771631301393104e-01	   8.6876055825918541e-01	   9.3062149674129113e-01	   1.0809344238382819e+00	   9.8511317417857125e-01	   1.1514133626665966e+00	   1.0740876398076031e+00	   1.0500168724382288e+00	   1.0202843502316434e+00	   9.5232339944670619e-01	   1.0811568269673730e+00	   1.2483753625148761e+00	   1.0552836689936658e+00	   1.0545253828879937e+00	   9.3263943029891483e-01	   9.5097187167089903e-01	   1.1437138506992623e+00	   1.0687187270647029e+00	   1.0121533494959238e+00	   1.0079463658103405e+00	   8.1695448638911639e-01	   9.0320851986300976e-01	   8.3180361924640522e-01	   9.1518495921050147e-01	   1.0727864149624888e+00	   1.0599994193209308e+00	   1.0238642324359248e+00	   8.8681224159377836e-01	   6.8857160256148275e-01	   1.0227589958693457e+00	   1.0055511615496193e+00	   1.0142333627040587e+00	   1.0455657789132653e+00	   1.0873519814743096e+00	   8.7645768909905830e-01	   9.0514807570771871e-01	   9.0217544965975149e-01	   8.6840773542040317e-01	   9.2942236259429578e-01	   9.1308759441708953e-01	   9.9383184322790596e-01	   9.9218998329769015e-01	   1.0055302679608289e+00	   9.6175807457923312e-01	   1.0082361591259834e+00	   9.2564788406683118e-01	   1.2881367919955731e+00	   1.1454185978900053e+00	   1.3406868226486704e-01	   6.3297870947987933e-01	   4.0234501804424117e-01	   1.1990633859970412e+00	   2.9412972378472263e-01	  -3.0077486365859385e-01	   1.0712590743122299e+00	   9.6379393595073104e-01	   8.1647825183859113e-01	   1.0999732808670517e+00	   8.3601643373578194e-01	   1.1504685921796878e+00	   8.5383110922782857e-01	   9.7593904233223649e-01	   7.4634734700188676e-01	   7.1936684113689553e-01	   6.1081101949771976e-01	   5.1104717358611818e-01	  -5.6866758202369327e-01	   8.1808203633362564e-01	   1.0653113258139804e+00	   3.8100016626027466e-01	   7.7801759673587978e-01	   1.0007656849945721e+00	   4.2286615972500924e-01	  -1.4052235865858229e-01	
   1.1890409591157827e+00	   1.1226269474341188e+00	   1.3897113004618733e+00	   1.8797794664089924e+00	   1.2686540723173223e+00	   1.9029701147129563e+00	   1.4075592075703804e+00	   1.8545568907878185e+00	   1.3644960601538347e+00	   0.0000000000000000e+00	   1.0691928013961922e+00	   1.2778920794958850e+00	   1.1856131178833746e+00	   1.2688650010469675e+00	   1.2619904342826693e+00	   1.4108582308833211e+00	   1.0431050541658375e+00	   9.7385800501138342e-01	   1.0933360446311566e+00	   1.2538611514911513e+00	   9.3750259158856086e-01	   1.0788631295345201e+00	   1.1710602561874608e+00	   1.4024599930769137e+00	   1.0442398138950852e+00	   1.1661977440729385e+00	   9.6854291388798053e-01	   1.3017113093589596e+00	   9.8630403301153369e-01	   1.0842313832159796e+00	   7.3894560122078690e-01	   7.7052617384909905e-01	   1.2253102398920930e+00	   1.4256186220685625e+00	   8.7209666048934475e-01	   1.1646679260475641e+00	   9.4067511829059236e-01	   1.0771854909149412e+00	   1.1521859320916568e+00	   1.1430426560989413e+00	   1.1752009242963204e+00	   1.1555178454909210e+00	   8.1361002873862465e-01	   9.3306576541412800e-01	   1.0708078891919890e+00	   1.2008933421510195e+00	   1.2246174524117657e+00	   1.2080193112084110e+00	   1.2470946060200976e+00	   1.2028874815674988e+00	   1.2274240238088736e+00	   1.1389191569897226e+00	   1.2090331750610619e+00	   1.1977386346955470e+00	   1.2309625327742784e+00	   1.1737143257972316e+00	   9.8279589264138634e-01	   1.0350281964734349e+00	   1.4423992104131795e+00	   1.4854115314866223e+00	   1.2091652992229194e+00	   1.3862567132612202e+00	   1.0512827447117770e+00	   1.1401049461549877e+00	   7.6613561974005340e-01	   1.1920202313514423e+00	   1.5146481094611670e+00	   1.5274255792638973e+00	   9.9145017402258673e-01	   8.4721459244453123e-01	   5.5944127547592393e-01	   9.7493659330336535e-01	   1.0493161280685757e+00	   1.1249261577572525e+00	   1.0780083732150099e+00	   1.1646597453260061e+00	   7.2558453307037130e-01	   7.7778452315829627e-01	   9.4972659650702340e-01	   9.8678740904785545e-01	   1.0014487569007566e+00	   9.7758947474815339e-01	   9.9964629348495893e-01	   1.0943658316141287e+00	   1.1388483136828160e+00	   1.1510067043121286e+00	   1.0365107254120329e+00	   9.9273597097270361e-01	   1.3352190874339687e+00	   1.2653231708672579e+00	   2.2171969798841734e-01	   5.8488181782424986e-01	   5.9014670429023319e-01	   1.2396615745622144e+00	   2.2923887412855987e-01	  -3.2199682312886030e-01	   1.2926484722235718e+00	   1.0137552262827965e+00	   1.0366501775059511e+00	   1.3142674857611993e+00	   1.2161893297120050e+00	   1.4804765789020120e+00	   1.1444700942332036e+00	   1.3617333683176971e+00	   9.2602485736638962e-01	   7.5425115192711423e-01	   7.1678188386335884e-01	   6.8222221117967996e-01	  -5.2685280607202800e-01	   7.5363070238223318e-01	   1.1755337247547037e+00	   3.8865760298351831e-01	   8.5335373312085783e-01	   1.2234286277693622e+00	   4.9139445274388938e-01	  -1.7671450786691756e-01	
   2.0541741874032211e+00	   1.7462972709092011e+00	   1.5098629113420747e+00	   1.3518315301455539e+00	   8.6418178420439140e-01	   1.1375755100396718e+00	   1.5887892455054704e+00	   1.3658821559098118e+00	   1.0709354597317498e+00	   1.0691928013961922e+00	   0.0000000000000000e+00	   1.7893343180127448e+00	   1.9732102975956065e+00	   1.9784186412758527e+00	   1.8758824183340588e+00	   1.2192320826560672e+00	   2.0154717297509928e+00	   1.7002948255149652e+00	   1.3068010950551412e+00	   1.5047306265984721e+00	   1.4437077664501219e+00	   1.4578412978728106e+00	   1.3905480452457255e+00	   1.4629732193936047e+00	   1.1428498067684938e+00	   1.2957774081579501e+00	   1.5666886734428771e+00	   1.6090175407949283e+00	   1.8499191388702654e+00	   1.7083207466943415e+00	   1.3366961059127489e+00	   1.3509410335261036e+00	   1.7755602675608788e+00	   1.5684596733413056e+00	   1.1910081747333459e+00	   1.0522351709753091e+00	   1.1750031189947763e+00	   1.2770999123723170e+00	   1.4902267006731604e+00	   1.5491934727698127e+00	   1.5206587543888745e+00	   1.3407721446662673e+00	   7.5323096180883931e-01	   1.0346102656218363e+00	   9.8819542301785801e-01	   1.1713270395968620e+00	   1.2362825158801090e+00	   9.8952455033580289e-01	   1.1508726177625490e+00	   1.2039243432050202e+00	   1.4025718162982554e+00	   1.1796112436430355e+00	   1.1645908357878672e+00	   1.0584494585499822e+00	   1.1994072383652772e+00	   1.2693239870083972e+00	   1.7602499801872251e+00	   1.5370904992549903e+00	   1.4331960131725343e+00	   1.0252411077223724e+00	   1.6560210485212545e+00	   1.3520565531948729e+00	   1.5402637380458652e+00	   1.5406118176887753e+00	   1.4047749528324571e+00	   1.4879325325222952e+00	   1.3271979448383271e+00	   1.0045132150118095e+00	   1.4331016337306242e+00	   7.1996219212837775e-01	   9.0024758254139814e-01	   1.1037238891754328e+00	   1.8033297255411622e+00	   1.7807972516071244e+00	   1.8696003903519183e+00	   1.8034582223565994e+00	   1.2409363052398070e+00	   9.8208172482667100e-01	   1.8537622096061517e+00	   1.8039088915163823e+00	   1.7935576973009879e+00	   1.6043673823983009e+00	   1.8497923887526295e+00	   1.7685864842835950e+00	   1.7140054831940998e+00	   1.6343839861165044e+00	   1.5211704239458683e+00	   1.7306955547018719e+00	   1.6137879220107041e+00	   1.4271760123696080e+00	  -2.5319485162052435e-01	   1.8337061962957771e-01	   6.5741070590395800e-02	   8.0056357645656528e-01	   5.1164238764702019e-01	  -8.5284666324081368e-02	   1.1411976735337843e+00	   1.3496760568725790e+00	   6.0658235302848551e-01	   1.0123250781434070e+00	   6.4366290065766396e-01	   1.0459457584413498e+00	   8.1747970591761365e-01	   9.6306886814444581e-01	   7.3491577762412585e-01	   7.3901787136002095e-01	   4.4993537636416325e-01	   4.5672032956414133e-01	  -4.2291510704182678e-01	   8.9287688282524791e-01	   1.3221821935629028e+00	   9.2659752882089677e-02	   4.6671661868542941e-01	   9.8301785364131977e-01	   3.7596348119577755e-01	  -3.2107215596884997e-01	
   2.0726627191541889e+00	   1.8746055052015496e+00	   1.4040519399207438e+00	   1.6586481608518659e+00	   8.4581696842984466e-01	   1.4186422318503729e+00	   1.5242839427942072e+00	   1.6665659709466385e+00	   1.0365145659685355e+00	   1.2778920794958850e+00	   1.7893343180127448e+00	   0.0000000000000000e+00	   1.7041152172658425e+00	   1.9339724717013840e+00	   1.6275750819279537e+00	   1.3316452117143212e+00	   1.9389181725606286e+00	   1.7068320213527224e+00	   1.3808590372406342e+00	   1.7624831491974586e+00	   1.4788277938633263e+00	   1.5973547239110237e+00	   1.2215317172065492e+00	   1.3926498525176201e+00	   1.0309202244333671e+00	   1.2705670464629941e+00	   1.3478583256633929e+00	   1.7304501770974259e+00	   1.8553841994043117e+00	   2.0578174604034078e+00	   1.1786981615786927e+00	   1.2819335128007927e+00	   1.7089212640223450e+00	   1.8110795870076268e+00	   1.0202185868992393e+00	   1.0086599881009719e+00	   1.1485947975849173e+00	   1.3228334680976110e+00	   1.4678043782863994e+00	   1.6075096059430620e+00	   1.6218241737766457e+00	   1.3776341641940462e+00	   7.5651017596010461e-01	   9.9846901406199995e-01	   1.0536887450407415e+00	   1.2522956255079309e+00	   1.3957369936061885e+00	   1.1189925795773805e+00	   1.2423262093430751e+00	   1.2670740892451431e+00	   1.4344807588459285e+00	   1.2027307984395184e+00	   1.2191805212053404e+00	   1.1140284248308041e+00	   1.3146058093241044e+00	   1.3251651373914679e+00	   1.6435452813124549e+00	   1.6483707481011576e+00	   1.6391963249307027e+00	   1.2880126175106050e+00	   1.9423831199272428e+00	   1.8763259077748509e+00	   1.8605165401026835e+00	   2.1677800442726447e+00	   1.1408497229643162e+00	   1.6097483308584253e+00	   1.5190340999613627e+00	   1.2113281028756511e+00	   1.3213347982743509e+00	   7.6900852664046548e-01	   7.0176975101579819e-01	   1.0228225488426936e+00	   1.6003777565320141e+00	   1.7766839818551619e+00	   1.6091279134141914e+00	   1.6799584322961871e+00	   9.9216452182587389e-01	   9.0268457771736665e-01	   1.6989138314752485e+00	   1.7091652004345934e+00	   1.7447569139439429e+00	   1.5750017768323648e+00	   1.5918947191512223e+00	   1.8293687814052459e+00	   1.6542454642981890e+00	   1.7797172758701678e+00	   1.3281386152013808e+00	   1.4855209121524708e+00	   1.5876094921117097e+00	   1.6006394841949250e+00	  -1.2915632711063627e-01	   2.4656752050958725e-01	   1.8721080610460855e-01	   8.0908579840919981e-01	   3.8356221510653765e-01	  -1.3470803611586415e-01	   1.3033697847896670e+00	   1.3494267084922718e+00	   7.9085324754199215e-01	   1.1282420906511830e+00	   8.4715060457054614e-01	   1.1494272459728443e+00	   9.9246952883431538e-01	   1.1415667194555843e+00	   8.3006228262670867e-01	   7.0337861242172595e-01	   5.0112083221619308e-01	   5.3178289430701642e-01	  -4.4811223971542213e-01	   7.9012128672798798e-01	   1.3868032421750456e+00	   1.7541517236144422e-01	   5.1000070659861774e-01	   1.0497883434957369e+00	   3.4883159214037662e-01	  -2.7685473789004267e-01	
   1.8604060279112555e+00	   1.6408076172244390e+00	   1.4902292806557302e+00	   1.4077546640033849e+00	   8.7028198671880563e-01	   1.2009983411325171e+00	   1.7360010469942435e+00	   1.5098580786940745e+00	   1.1497609622410154e+00	   1.1856131178833746e+00	   1.9732102975956065e+00	   1.7041152172658425e+00	   0.0000000000000000e+00	   1.8521519704710929e+00	   1.8703295014270929e+00	   1.2251849761176434e+00	   1.6585301252084244e+00	   1.5106821047041010e+00	   1.1983028633501722e+00	   1.4085418365677638e+00	   1.3001983185649699e+00	   1.3762908399261213e+00	   1.2253268266076249e+00	   1.2557388591034719e+00	   1.1027796903424396e+00	   1.1697454875815636e+00	   1.4701185210016188e+00	   1.6231607537265820e+00	   1.6546969449724092e+00	   1.5685995176404866e+00	   1.0995421513888370e+00	   1.1072330607275538e+00	   1.6032988114293787e+00	   1.5206065253466654e+00	   1.0388567433918143e+00	   1.0197704245143269e+00	   1.2463403767802781e+00	   1.3550280967148505e+00	   1.5270377047958141e+00	   1.5873304857753494e+00	   1.5551761787602634e+00	   1.5030975552954660e+00	   7.5501454265506995e-01	   1.0205854110466559e+00	   9.7458983012467737e-01	   1.1750063583732246e+00	   1.2949529607921400e+00	   1.0281751746343277e+00	   1.2136776955588604e+00	   1.2744081651787615e+00	   1.4823712428665778e+00	   1.2897132117484800e+00	   1.2733183920504503e+00	   1.1581739209893607e+00	   1.3209156488671185e+00	   1.3377314381116217e+00	   1.5224440991755139e+00	   1.5325795368083859e+00	   1.5994601614263622e+00	   1.2156025005127111e+00	   1.7754007707325596e+00	   1.4310418320063381e+00	   1.4616525172108681e+00	   1.5631207278622870e+00	   1.1508277914246656e+00	   1.3800386904599020e+00	   1.4416820952266982e+00	   1.0912030586121138e+00	   1.3119328403145911e+00	   7.4470803295115617e-01	   7.5836576865532068e-01	   1.0683242150072942e+00	   1.6291990293724135e+00	   1.6813583603759887e+00	   1.7238840503074906e+00	   1.7111732395945356e+00	   1.1340139942402891e+00	   1.0035556851857985e+00	   1.5335624979886731e+00	   1.4798522495207311e+00	   1.5999926895862455e+00	   1.5052665355884636e+00	   1.4206435165472404e+00	   1.5747850900461429e+00	   1.6733706697397690e+00	   1.5233605177679599e+00	   1.2043711143325810e+00	   1.4617876567831536e+00	   1.6841427237196880e+00	   1.5052377241725834e+00	  -1.7031041160133545e-01	   2.4544811261434643e-01	   1.2302631033719395e-01	   8.9187678111791380e-01	   5.3172820901372464e-01	  -1.2692037491887970e-01	   1.1858530066997897e+00	   1.2814263718968670e+00	   7.1696020179281639e-01	   1.0558129096383797e+00	   7.3465779832674138e-01	   1.1487738699153154e+00	   9.0318896723038800e-01	   1.0282173063251041e+00	   7.7648925906844057e-01	   7.8025751669791721e-01	   5.2722562645414794e-01	   4.6254353341630350e-01	  -4.4691082292893330e-01	   8.7683808490250148e-01	   1.3338456354376542e+00	   1.3005546025561715e-01	   5.1971288816857231e-01	   9.9923636578810227e-01	   4.0227123080858829e-01	  -2.3538512317759347e-01	
