   0.0000000000000000e+00	   1.0418059264434896e+00	   7.9025957026690608e-01	   6.2986921174709620e-01	   5.2861655872226354e-01	   4.0578680816559720e-01	   7.7729405724396972e-01	   5.2282585926396408e-01	   5.7194473898383114e-01	   5.4099911665284850e-01	   1.2198482800633439e+00	   7.4057943460310205e-01	   9.6978187354165568e-01	   6.9774748124497854e-01	   9.2943594096783289e-01	   8.1143424686615395e-01	   5.1449051580272376e-01	   4.1295905809674549e-01	   8.6660132520396460e-01	   6.0838163102360254e-01	   1.8225375605152169e-01	   1.6559689327500338e-01	   7.0939389447334256e-01	   5.5207134916097944e-01	   3.6734011797491195e-01	   3.0062091159195886e-01	   4.9375503743557891e-01	   4.7657935872206525e-01	   3.6285750365038150e-01	   2.6554341817725180e-01	   4.5682346941537794e-01	   4.2092907849225836e-01	   6.9345634957633362e-01	   7.7837542658673864e-01	   2.9153458082992612e-01	   1.2903020452777542e-01	   5.0737413594789882e-01	   4.3527575746751163e-01	   4.2982347858339609e-01	   4.0099477399337780e-01	   5.5106934376225092e-01	   4.6443782485471558e-01	   3.8593437066457542e-01	   2.2470313422164892e-01	   1.3045448765415818e-01	   1.6675542462879672e-01	   4.3853758978125379e-01	   4.2502895026789372e-01	   1.7596731915810013e-01	   2.9187268358349006e-01	   5.6788255786229613e-01	   4.5583137331431706e-01	   8.1145887272722272e-01	   5.9163414309137696e-01	   6.7666545505090958e-01	   6.1085239808117520e-01	   7.5220108386914730e-01	   8.7462829053733149e-01	   4.2796445840321795e-01	   6.0141629054028145e-01	   6.9942661716322019e-01	   5.9627987264317328e-01	   3.4840184490702258e-01	   3.4093725700371025e-01	   4.5697290669027324e-01	   3.7628800651832806e-01	   2.5468488529398736e-01	   2.9561549329606074e-01	   8.2108829805418637e-01	   5.6232663418229134e-01	   2.6842430712843374e-01	   2.8888831339406995e-01	   4.9188195900886744e-01	   5.3361105363559380e-01	   6.8240300067815707e-01	   6.7113360094748631e-01	   8.1491974921537103e-01	   7.9746778797943751e-01	   4.6473145421866507e-01	   4.4432331909918782e-01	   5.1470909024017530e-01	   4.6744728844141931e-01	   7.9407599891589609e-01	   6.0165433127360901e-01	   9.9176227369969283e-01	   6.9539982159026692e-01	   7.0635375934359368e-01	   7.9339646180224077e-01	   8.4470758436663362e-01	   7.7956736378015512e-01	   6.9153257051329953e-01	   8.7300049785399469e-01	   7.1947469080738469e-01	   7.8264997356404709e-01	   1.9283975066041420e-01	   5.2390780737938580e-01	   5.7078636028103513e-01	   4.8578134126014039e-01	   5.4956370915274200e-01	   5.8671697481807228e-01	   4.7256085192790576e-01	   7.6578428872646620e-01	   5.6868620400152814e-01	   7.9837344867165261e-01	   4.0387811224902315e-01	   2.7912834222765570e-01	   2.0061736661719684e-01	   2.5176257384503298e-01	   4.1788906019702693e-01	   5.0537515295333535e-01	   4.6568057909651189e-01	   5.7450712484634869e-01	   4.0537680513554175e-01	   3.5559164285225608e-01	   8.9618545590117740e-02	  -2.1142126525371806e-02	
   1.0418059264434896e+00	   0.0000000000000000e+00	   5.7660587772573935e-01	   7.2265495844124961e-01	   4.2727549485927419e-01	   4.3297986634318802e-01	   6.4579197075169681e-01	   6.0152039333607077e-01	   5.7206369972019011e-01	   3.7889483869934132e-01	   5.3925821352103398e-01	   6.7590885037322701e-01	   3.6837489649540950e-01	   6.6330617389364088e-01	   7.9561646614843806e-01	   7.0196111674233663e-01	   9.1958828417678695e-01	   8.5773138404537630e-01	   7.1072028752101812e-01	   1.2775990583854120e+00	   3.3370808976148231e-01	   3.1506460907112166e-01	   6.1159105283212456e-01	   5.7596484289831928e-01	   1.6960694384101971e-01	   2.4986651082527567e-01	   5.2013479440072186e-01	   5.2704341923457732e-01	   6.3938307084482926e-01	   6.3573539355029607e-01	   4.9305386180671834e-01	   4.3220220625762695e-01	   9.5641550621343319e-01	   1.0976720447236232e+00	   5.6229873568658460e-02	   1.2071736873389571e-01	   4.9419704805537767e-01	   5.3066352881687773e-01	   3.9006724592457614e-01	   4.9530513464205156e-01	   6.0747133063851733e-01	   7.0364261271917727e-01	   6.5536296383429560e-01	   5.8006080807337879e-01	   4.9230989115989299e-01	   4.9417809981726973e-01	   6.9290405301541880e-01	   7.6267416128464105e-01	   5.4421666466849539e-01	   5.6302129782096066e-01	   7.7532776173494633e-01	   5.4045069696142878e-01	   8.1902298349714175e-01	   7.2189351586297901e-01	   7.3676810995532283e-01	   8.4674685594932664e-01	   1.2989364936594909e+00	   1.5228377571027423e+00	   2.8731878689667933e-01	   6.8655517393925170e-01	   5.9370768301810006e-01	   7.9916201547704513e-01	   7.1370001824638063e-01	   6.5670691684885174e-01	   5.7774446119116245e-02	   1.8707177081440066e-01	   2.1325790704238579e-01	   4.2376694974860413e-01	   1.0129109678302832e+00	   7.3432022161448318e-01	   3.6675342128345551e-01	   3.7382699218698834e-01	   5.6102143847335739e-01	   7.1476098850722580e-01	   7.0493512457348884e-01	   8.9541744671376278e-01	   7.9158779081897190e-01	   9.1524669148149995e-01	   5.7637143855996409e-01	   7.8974564104463851e-01	   8.3148791951289447e-01	   9.2841374762912543e-01	   9.2967363671995518e-01	   1.0744915373552304e+00	   6.2544351340251281e-01	   9.6361489701990577e-01	   7.1234739805056235e-01	   1.0247009948008106e+00	   5.4058531122854026e-01	   8.3110080723188196e-01	   8.9987946431447430e-01	   9.2975715089327116e-01	   7.0221703080464948e-01	   6.0601918009504452e-01	   1.5791230789557853e-01	   5.8883291909467705e-01	   5.0568005018191986e-01	   6.2639454961600005e-01	   1.0650099595175788e+00	   9.4452679303406473e-01	   5.1686566708260195e-01	   4.8855321594815609e-01	   9.9708866700705268e-01	   7.5435897979289379e-01	   4.0587295607908846e-01	   1.1497261592469991e-01	   1.8533834620749221e-01	   2.1955522013056764e-01	   4.6732189499636106e-01	   5.0108750487793452e-01	   6.1918063994936046e-01	   9.8324862006607361e-01	   6.0728558841129687e-01	   4.5511072473409608e-01	   9.9407798829460728e-02	   3.7691082829257906e-02	
   7.9025957026690608e-01	   5.7660587772573935e-01	   0.0000000000000000e+00	   9.0648244626337482e-01	   6.6554109886633905e-01	   4.8646823172840636e-01	   8.6266384457027534e-01	   4.7845286366126660e-01	   7.5540433974634147e-01	   5.8625695549387280e-01	   6.6875501106129298e-01	   5.4462726282888263e-01	   7.1286627509609779e-01	   5.0378400530321521e-01	   1.1292390855267525e+00	   7.9818743643787426e-01	   2.0248331024718161e-01	   1.0523080640742112e-01	   5.1471434010478645e-01	   5.5523606221094679e-01	   4.4736904577998876e-01	   4.2881900395386319e-01	   1.7365094523689815e+00	   1.2081765736432082e+00	   1.0915798552621701e+00	   8.0078163092894095e-01	   9.9087809973444230e-01	   8.1703167452484970e-01	   2.7306619503920996e-02	  -3.2858075532016355e-02	   6.3716252615873958e-01	   6.0785843747257273e-01	   5.4001987697203491e-01	   5.7556342441025943e-01	   6.5468421479588013e-01	   3.4252804889546690e-01	   6.3280676183152862e-01	   6.9874478932069251e-01	   5.5027236334371676e-01	   6.1200671213436197e-01	   4.9046821017932030e-01	   4.6330445436658707e-01	   4.0782181580579002e-01	   2.5341071131174803e-01	   1.4973781427517066e-01	   1.6797394454483461e-01	   3.9630540277777404e-01	   3.6210937890189970e-01	   2.1145172320752031e-01	   2.7753629274519431e-01	   7.2264682855703655e-01	   5.0997462266984561e-01	   9.1727120854952215e-01	   7.9655761524180180e-01	   6.2929694680201353e-01	   6.2986822318854130e-01	   3.3194390317379735e-01	   4.4121738709216851e-01	   1.2349646644002432e-01	   2.4488551174751944e-01	   3.3424425845440953e-01	   3.3340771845252692e-01	   8.3745450657931417e-02	   1.0183611047658041e-01	   7.6981435959970002e-01	   3.8576781395580201e-01	   4.0074813808722387e-01	   4.0105510546976891e-01	   7.2263557840455961e-01	   7.2715326802923541e-01	   3.8261887136599498e-01	   2.9990411360735780e-01	   2.7618347883520683e-01	   2.0884909256514372e-01	   3.9198264931195104e-01	   3.3035764928035127e-01	   4.9074615441420039e-01	   4.8950729943104621e-01	   1.4887493056905207e-01	   1.9640089136023262e-01	   1.4779270225209737e-01	   2.3701481115017670e-01	   1.0166696462537490e+00	   5.7966676404911199e-01	   1.0107387673869752e+00	   7.6516759467334561e-01	   1.0332704496953251e+00	   1.0029583832770239e+00	   9.9864537559769317e-01	   8.6396796624398864e-01	   8.3289795165897917e-01	   9.9068083974287446e-01	   9.3098273146296062e-01	   1.1397709891200638e+00	   6.0762079255976348e-02	   4.1488381979379396e-01	   4.2113926236863769e-01	   3.1289217854382256e-01	   4.2124980236003889e-01	   4.1781955255213199e-01	   3.8136238203686823e-01	   7.4831319844896838e-01	   3.2619432101142798e-01	   5.1207782005586433e-01	   5.4469041260318940e-01	   4.4203372939713514e-01	  -1.4546283488025035e-02	   1.1091558743287350e-01	   1.9979760382567788e-01	   5.9843623177963945e-01	   4.7204501639695262e-01	   4.0867097861361124e-01	   3.0754481045618165e-01	   2.5144058933935332e-01	   3.5922946407951700e-01	   2.3898246548065169e-01	
   6.2986921174709620e-01	   7.2265495844124961e-01	   9.0648244626337482e-01	   0.0000000000000000e+00	   6.4795670134715733e-01	   9.3633988957133807e-01	   9.8636597190144160e-01	   1.2002052198038835e+00	   7.8199555493596373e-01	   8.3752690927624118e-01	   4.4554802415629569e-01	   9.9165204615579505e-01	   4.2480787605890236e-01	   6.8494089202536335e-01	   7.4708288487055052e-01	   1.0052717855164197e+00	   2.6815385206045084e-01	   1.5605384217594853e-01	   3.6826003412105685e-01	   6.8866708579413904e-01	   5.1751015440943826e-01	   5.2472348061010576e-01	   1.0474893429610912e+00	   1.3718001547266727e+00	   6.2310866120077335e-01	   9.8114545214861648e-01	   7.7348593874601446e-01	   7.7537616376599316e-01	   1.2580471203061627e-01	   9.9334519903273549e-02	   7.7707652248775094e-01	   1.0936762091666223e+00	   7.4358833182096229e-01	   9.6321286888812752e-01	   5.6159570680693893e-01	   6.9308252681097149e-01	   2.5237428037703313e-01	   4.4987139484701777e-01	   2.3760037117482435e-01	   4.1457940209092153e-01	   1.7947743507486710e-01	   3.1657332451736869e-01	   5.9936832597933110e-01	   4.2529049216324077e-01	   3.9405029961462540e-01	   4.9888788485876784e-01	   5.7450661773884781e-01	   5.4618143693500898e-01	   5.1070060369139925e-01	   7.0552412405416953e-01	   9.6771685242181626e-01	   8.6745460767790605e-01	   9.2479788944103347e-01	   7.2971842916956731e-01	   5.4750012610545018e-01	   6.0147071377059869e-01	   3.8371662200469286e-01	   3.9048315142112289e-01	   2.7218864416148869e-01	   3.2656999008862958e-01	   5.1036019059235727e-01	   7.4377461735771588e-01	   9.4858792020068333e-02	  -9.9427397142863323e-03	   5.2898495264983658e-01	   8.1931199010314415e-01	   5.1586620765705327e-01	   7.1275024158771449e-01	   8.0914453083791815e-01	   8.1860602446365904e-01	   5.2547848589534918e-01	   5.3956682292875313e-01	   2.8414885878554974e-01	   3.0288792427551847e-01	   4.0200101254816106e-01	   4.7903528028340114e-01	   4.2210206509736575e-01	   5.3853829261652286e-01	   1.7374499225544959e-01	   2.3289500273638766e-01	   2.6780863999534937e-01	   2.9121109471399970e-01	   8.0990909326126037e-01	   8.3569166364525738e-01	   6.1625279495906449e-01	   1.0736244483887842e+00	   6.5405687705869187e-01	   9.7982760469388086e-01	   7.0933877018171598e-01	   1.1478415206274790e+00	   1.2442642426632480e+00	   1.0505100552257334e+00	   1.1416332077594571e+00	   6.1149274167482548e-01	   1.2656783246969097e-01	   5.5431596352719503e-01	   2.8324797975130744e-01	   3.7791060672646815e-01	   6.2133568725337263e-01	   5.3419275685847123e-01	   9.1982811546927767e-01	   5.7954068166402350e-01	   6.6682939356164272e-01	   4.7156967623883439e-01	   3.7712678559386004e-01	   2.0005486675900272e-01	   2.9424933805026782e-01	   3.8205563305326068e-01	   3.5817596131863222e-01	   4.4634789056606711e-01	   5.1139770879621327e-01	   5.2607000486616451e-01	   5.1994649536551241e-01	   2.4449134707820880e-01	   1.9863941951181821e-01	   1.2271942509877398e-01	
   5.2861655872226354e-01	   4.2727549485927419e-01	   6.6554109886633905e-01	   6.4795670134715733e-01	   0.0000000000000000e+00	   1.1116011562837735e+00	   9.0689847799262147e-01	   8.2185531660127420e-01	   1.2689964511361622e+00	   1.0697338650740138e+00	   4.9129212355990193e-01	   5.9028205419116975e-01	   6.9192245135563735e-01	   6.2656726694177634e-01	   7.0324978077637490e-01	   7.4921200151942358e-01	   1.4847460189076744e-01	   1.9358506545834270e-01	   1.0679357967254345e-01	   2.5228264506687770e-01	   4.9476949407085224e-01	   4.6865757859234780e-01	   6.4066711223158501e-01	   5.5742179518456869e-01	   4.7759538425469594e-01	   5.1268514252057484e-01	   5.7353828120390005e-01	   6.5274234460839620e-01	   6.9135792482394348e-02	   1.8554977589219407e-01	   4.2429172254845282e-01	   4.3666687409180815e-01	   4.6769676659574866e-01	   5.9980693203555357e-01	   5.1559065744337018e-01	   4.6660571448135968e-01	   2.6371517179449083e-01	   3.3952371015634103e-01	   3.2647561996066721e-01	   3.7992949630553341e-01	   2.0719383981241715e-01	   2.3769098872753111e-01	   4.6659329131375116e-01	   3.9954658126199433e-01	   3.7986431806943177e-01	   3.7753473942491600e-01	   3.8544598490160953e-01	   3.9086034239870249e-01	   4.4846304142062471e-01	   5.1597855996520026e-01	   5.8488284768460563e-01	   4.7066734326878090e-01	   7.0321721519949765e-01	   4.7174756309894283e-01	   4.2068819370376198e-01	   3.3513613953975613e-01	   2.5425422281607502e-01	   3.2881509536980302e-01	   5.1381170577960533e-01	   4.2480497805266276e-01	   5.5726507804674952e-01	   5.1885425959086007e-01	   1.4342539790994785e-01	   1.3220809268913694e-01	   3.9840451145559569e-01	   4.3968532408571515e-01	   5.8666144031068779e-01	   5.4794020339776306e-01	   5.8873371011438980e-01	   5.2881668752285815e-01	   4.4065592127828762e-01	   4.0253675717912385e-01	   2.9647453870034168e-01	   2.6592478492929250e-01	   3.3683479139551914e-01	   3.4884684189732446e-01	   3.5443962770084247e-01	   3.2905769348234803e-01	   1.7755544366739159e-01	   2.1149681667837189e-01	   2.0917482054591990e-01	   2.7563107556448291e-01	   4.4775440898684848e-01	   4.5841388772822239e-01	   4.3774692866644671e-01	   4.7199319258173006e-01	   4.8648419422964850e-01	   4.8678024088860916e-01	   8.8975357541538291e-01	   8.4701546996567678e-01	   6.4807120498104864e-01	   8.5968667092568118e-01	   7.4432077325266033e-01	   7.9527225718601890e-01	   5.7530083691214651e-02	   4.5079389770061090e-01	   2.6902469094490372e-01	   2.9824335944422919e-01	   3.6180916274694597e-01	   3.2439223592244709e-01	   5.9229550787904262e-01	   9.2644364663693990e-01	   3.7719135138558085e-01	   5.4991762354368556e-01	   2.7217989883847349e-01	   2.3722826730305735e-01	   1.2791545156666886e-01	   2.9478185363146192e-01	   2.4499760977605839e-01	   1.9825086416499912e-01	   4.1568562322886410e-01	   4.5338738717718985e-01	   5.4475508983005250e-01	   2.0160999469452137e-01	   4.5769104306580551e-02	   2.8736567447285789e-02	
   4.0578680816559720e-01	   4.3297986634318802e-01	   4.8646823172840636e-01	   9.3633988957133807e-01	   1.1116011562837735e+00	   0.0000000000000000e+00	   8.3127334414753717e-01	   1.2409292118129054e+00	   9.4869430082533746e-01	   1.1443875418029434e+00	   3.0218169681259066e-01	   7.5723263847938715e-01	   4.1639824780597540e-01	   6.4703438396266744e-01	   5.5999228006330526e-01	   8.3101886726952967e-01	   9.0202961285207148e-02	   1.7375098533777511e-01	   5.0015586927301278e-02	   3.0631948067952014e-01	   7.2217764822818009e-01	   6.9436872079607759e-01	   5.4882316881415838e-01	   6.2466513135572099e-01	   4.2035630046187800e-01	   7.1306608617296041e-01	   6.8287812710294560e-01	   8.6573399006711704e-01	   5.4332042580528532e-02	   1.8510037285667030e-01	   5.1714229850629279e-01	   6.7633221339801108e-01	   5.1922006651233255e-01	   7.2763351274468469e-01	   4.6689099214386176e-01	   6.6914678661546223e-01	   1.3035818184504136e-01	   2.3005369561136985e-01	   2.4309733473181377e-01	   3.7706492347150433e-01	   9.9474336679937381e-02	   1.9184196138507803e-01	   5.8369843647712016e-01	   3.9422107527526973e-01	   4.3427920609843662e-01	   5.6170597073334505e-01	   4.0401782868478225e-01	   4.0575029411224650e-01	   5.7562707809548808e-01	   7.5430439189992149e-01	   7.2193108548801155e-01	   7.2857205322725660e-01	   6.9917916543084069e-01	   4.7361275609004960e-01	   4.0408671440677879e-01	   3.9835269852559002e-01	   2.3865353290998456e-01	   2.4941025745679790e-01	   6.1259031549725185e-01	   4.8486528735634832e-01	   6.8098188856572606e-01	   8.1217199091486536e-01	   1.5817524303711286e-01	   6.2578103049827263e-02	   3.7044064795039283e-01	   6.8377709513285279e-01	   6.9393395248618595e-01	   8.3810802394222483e-01	   5.9131609614317271e-01	   6.4466521195612714e-01	   5.1844108960382096e-01	   5.6522505245630006e-01	   2.4165190300415459e-01	   2.4579046951301664e-01	   3.2749009899402270e-01	   4.0887564446481767e-01	   2.4691433569509513e-01	   3.1663023982562483e-01	   6.4097473763442020e-02	   9.7863656023869594e-02	   1.8264879102183307e-01	   2.4456060827190662e-01	   4.1926651043827906e-01	   5.3383030342824345e-01	   2.9651469968225697e-01	   5.9916322155553958e-01	   3.5736239701210182e-01	   4.9897285427323157e-01	   6.4839361497363324e-01	   9.7993123946538863e-01	   8.4030147287120771e-01	   8.6635557821770659e-01	   8.9460724624382526e-01	   5.8985738752884365e-01	   3.8554064132202498e-02	   4.6725005175813528e-01	   2.0793023619402801e-01	   2.6353575447488869e-01	   4.4243932339786912e-01	   3.1043315279770045e-01	   8.9974150893087701e-01	   6.1812947249653938e-01	   5.6364998394312160e-01	   4.5787505143538393e-01	   3.1433172253922725e-01	   2.5728273506007648e-01	   1.6333236734795692e-01	   2.3195918014600486e-01	   2.1732124005406375e-01	   2.6654588783637717e-01	   4.3451849809281307e-01	   4.0566484902729028e-01	   5.4638738162228551e-01	   2.0904304438906482e-01	   1.3950678811041203e-01	   1.1955304926131201e-01	
   7.7729405724396972e-01	   6.4579197075169681e-01	   8.6266384457027534e-01	   9.8636597190144160e-01	   9.0689847799262147e-01	   8.3127334414753717e-01	   0.0000000000000000e+00	   1.0700883526041465e+00	   1.0062331432252434e+00	   9.7477265064143104e-01	   6.9525385033446874e-01	   8.5506827011721753e-01	   7.3666177548803569e-01	   7.0925668231554517e-01	   7.2593197905378792e-01	   8.5347062924662420e-01	   2.2546753301336045e-01	   1.8066865261801118e-01	   4.1939271003994760e-01	   5.5469028049581692e-01	   5.4352674649553334e-01	   5.3230892312845013e-01	   7.5869083547784300e-01	   6.9161546716831002e-01	   5.2099410360103637e-01	   6.5232424973398162e-01	   4.5450045556301610e-01	   4.7699349461377366e-01	   2.1304248630220984e-01	   2.4952214077357376e-01	   8.5592217325164688e-01	   8.9005638864086700e-01	   8.4294363652590354e-01	   9.3188279559948684e-01	   5.2550912230029989e-01	   5.1356364383689168e-01	   3.6646284042488098e-01	   4.9126058331270461e-01	   3.6019676465478545e-01	   4.9653091482458206e-01	   3.2068514294084904e-01	   4.5928307253171352e-01	   6.0591693109218625e-01	   4.6879774077389524e-01	   4.0099619213298304e-01	   4.7467613956617383e-01	   5.7285082087177919e-01	   5.5865538096699052e-01	   4.5247868704257160e-01	   5.0545682333548503e-01	   8.6230674028030330e-01	   6.9423550120516242e-01	   9.4978578247053924e-01	   5.7199430857440836e-01	   6.9398796197924451e-01	   5.6210858909668415e-01	   3.1032805569672417e-01	   3.6232848735541112e-01	   5.2726661237740435e-01	   2.8528236912174737e-01	   6.8414218027713691e-01	   5.6929386668057536e-01	   2.2040385418726829e-01	   9.6860000532976498e-02	   4.4499223696412199e-01	   4.4462695278204056e-01	   7.4113163747938648e-01	   6.8141648805885513e-01	   6.5744252958833216e-01	   7.7705790945850706e-01	   6.2789745758937543e-01	   5.5958961811443886e-01	   4.7434996399993762e-01	   4.2750670398948598e-01	   5.5377645423587696e-01	   5.4175759257143619e-01	   5.8295668463059602e-01	   6.1467912512026501e-01	   5.1965070437755868e-02	   1.4513790294515008e-01	   1.7625855391874343e-01	   3.0493291532053668e-01	   6.0930336780618555e-01	   7.0184253434928834e-01	   5.2331752362989792e-01	   8.8400708301568498e-01	   3.9092367611812900e-01	   7.7124851511440617e-01	   7.7615233249056237e-01	   8.6874622691520775e-01	   1.0407271628922621e+00	   1.1619425098499025e+00	   9.5820214900284639e-01	   8.0939212648946390e-01	   6.9324594807558745e-02	   4.8242088622478280e-01	   4.8624182463782162e-01	   4.8433311196530138e-01	   6.6249196113273578e-01	   6.2069025999345473e-01	   8.2309481812219532e-01	   9.6790184021501902e-01	   6.5209586674513964e-01	   8.4221890983525727e-01	   5.4982190189436797e-01	   4.7501818520286232e-01	   1.4885982438645096e-01	   4.0379637484983599e-01	   3.0666748740780314e-01	   5.3380826484184252e-01	   7.2176631108701594e-01	   6.2801414737677785e-01	   6.6525767573182071e-01	   3.0718117873367168e-01	   3.0840052619829211e-01	   2.5415957592440230e-01	
   5.2282585926396408e-01	   6.0152039333607077e-01	   4.7845286366126660e-01	   1.2002052198038835e+00	   8.2185531660127420e-01	   1.2409292118129054e+00	   1.0700883526041465e+00	   0.0000000000000000e+00	   8.8212838349907796e-01	   1.1526219157377600e+00	   4.3770743340440410e-01	   9.6211351797860911e-01	   4.2827964770985349e-01	   7.6559976133507390e-01	   5.4573044746720556e-01	   8.3406444152166170e-01	   2.3418086439147234e-01	   2.2517740775775089e-01	   1.9732120884780635e-01	   4.6693711190481002e-01	   4.9493685170652907e-01	   4.5964870689416931e-01	   5.2754762884514350e-01	   6.5462288508472588e-01	   2.5366820623996733e-01	   5.6384269580089330e-01	   4.2345262763871122e-01	   4.7394411323755742e-01	   1.8748898283812437e-01	   2.6720129298448259e-01	   5.6387589650362768e-01	   8.1679429327482878e-01	   6.5690722689976555e-01	   9.1682733698405872e-01	   3.4161374928244032e-01	   5.9755920981771449e-01	   7.9387359950073705e-02	   1.9134894530115687e-01	   7.0384922621433546e-02	   2.4384395575368562e-01	   5.1702206693724405e-02	   2.1463522608764915e-01	   5.8333857619014018e-01	   4.4643956353060887e-01	   4.5753180823239925e-01	   5.6705411977875364e-01	   4.7565063213348513e-01	   4.9900890176036916e-01	   5.6932208385489125e-01	   7.5054680419010789e-01	   7.7658320795672775e-01	   7.3746382928018150e-01	   7.8988252174265550e-01	   4.9727024989943269e-01	   3.8350589080040931e-01	   3.4286444591268267e-01	   2.9084342981909461e-01	   3.0722996485107046e-01	   4.9069499707456132e-01	   4.5349522628978056e-01	   6.9663080981097059e-01	   1.0277050134929409e+00	   2.2077402500820290e-01	   6.9107465024051823e-02	   2.6584107353509417e-01	   6.9682586686466930e-01	   5.7541992600117609e-01	   7.6169389627222850e-01	   5.8527341860056947e-01	   6.4010517883179774e-01	   6.2291847059775785e-01	   6.4212023556436526e-01	   3.3839315549201854e-01	   3.7056346332198231e-01	   4.0699368936472874e-01	   5.0652944468251138e-01	   3.4263202183591168e-01	   4.6062230548514316e-01	   1.7105506080667618e-01	   1.8828175671653860e-01	   3.0122193970053579e-01	   3.6094282283304702e-01	   4.7248142818025934e-01	   7.0140567158246958e-01	   3.8047351761311377e-01	   7.6837891697315364e-01	   3.4200707654364054e-01	   6.1400432493209312e-01	   5.6155281937038437e-01	   9.1911006333729417e-01	   9.7080496307276098e-01	   8.7215081556997887e-01	   8.8168837064228422e-01	   4.7880351025011875e-01	  -1.2941350782562647e-02	   4.2536795356564605e-01	   1.6454391536711904e-01	   2.8266899718469751e-01	   5.3680340394485726e-01	   4.2362898111849928e-01	   1.0790851337484924e+00	   5.9498874602592633e-01	   7.4644834805489035e-01	   5.5967014901286860e-01	   2.8796152506688943e-01	   1.4223500059401711e-01	   3.0509066738036472e-01	   4.1488323474191219e-01	   2.7412639140240569e-01	   2.4339663715587212e-01	   4.4985424696295256e-01	   5.0367132913544721e-01	   5.4397349554621477e-01	   1.6379483034217643e-01	   8.2149006358508345e-02	   7.6357419996758671e-02	
   5.7194473898383114e-01	   5.7206369972019011e-01	   7.5540433974634147e-01	   7.8199555493596373e-01	   1.2689964511361622e+00	   9.4869430082533746e-01	   1.0062331432252434e+00	   8.8212838349907796e-01	   0.0000000000000000e+00	   1.1017598576112761e+00	   4.6445712790343180e-01	   6.5102757956560608e-01	   5.3572404229971360e-01	   6.3037473079379325e-01	   8.5571959012351606e-01	   8.2810681743281567e-01	   1.4781687866890181e-01	   2.2153556946054126e-01	   1.8718517310166519e-01	   3.7717426299379841e-01	   4.4889884359532567e-01	   4.2404130129132445e-01	   8.1607475510234584e-01	   6.7040577099338827e-01	   3.8266145674628271e-01	   4.8188368542198146e-01	   5.5287353830205954e-01	   5.9777903123771370e-01	   8.7629282992122956e-02	   2.0457790219402397e-01	   5.2714699564270573e-01	   5.4131845791555944e-01	   5.3092008106255362e-01	   6.2576966311137905e-01	   4.1770331838845520e-01	   4.1554098565045972e-01	   3.4127858453985283e-01	   3.3753452410165896e-01	   2.7320065403514049e-01	   3.4131003847564645e-01	   2.7520357457075795e-01	   3.2092055156604499e-01	   5.9397513156528303e-01	   5.6775621342775018e-01	   4.8307568454156397e-01	   5.2629489909650884e-01	   4.7714229195512936e-01	   5.4178881944853197e-01	   5.8478492561046802e-01	   7.2797919520009557e-01	   7.9483412901262618e-01	   6.0610921315830413e-01	   8.5048902205882193e-01	   6.4006144767832274e-01	   5.4413890480567173e-01	   4.5020071496018277e-01	   3.2248194575589684e-01	   4.0960271361959522e-01	   4.0973918486593230e-01	   4.3933504835710979e-01	   5.3684426427498155e-01	   6.0803605271714944e-01	   1.8851922179559488e-01	   1.3975320512098119e-01	   4.3096442990156275e-01	   4.5222808743265414e-01	   5.5729639061150615e-01	   5.4587910551281615e-01	   6.5204020725146827e-01	   6.3022126094593045e-01	   5.1337483182317745e-01	   5.3766087191288769e-01	   3.8770499608741343e-01	   3.8820342883392744e-01	   4.4848767464970063e-01	   4.8378714509214249e-01	   3.9053851226329300e-01	   4.0179024350076364e-01	   1.8145037817134388e-01	   1.9833418787829124e-01	   2.9736896494404047e-01	   3.7287302985736731e-01	   4.9324843858119849e-01	   5.7490458734136218e-01	   5.6285427984744396e-01	   6.8230870518647835e-01	   5.2620899788190845e-01	   6.1258063870493906e-01	   8.9097079657423162e-01	   9.4056106100680603e-01	   8.3727215518307185e-01	   1.0663248890232995e+00	   7.6880577164670338e-01	   8.7158293679088250e-01	  -2.9284243476435695e-03	   5.0830946007877398e-01	   2.4543680149370836e-01	   3.5964743230587909e-01	   5.0909225181956441e-01	   4.6036232723326115e-01	   5.4888895429369033e-01	   8.9819546511603532e-01	   4.2427563798798423e-01	   5.7220584083229742e-01	   2.9215760401632218e-01	   2.0512765087407872e-01	   1.8121351652277012e-01	   3.0120048176787623e-01	   2.7164866247075758e-01	   2.6731678335102060e-01	   4.4527761785169495e-01	   5.5245193068410337e-01	   4.5671233293803493e-01	   2.1545533125376193e-01	   2.7179892886635169e-02	   9.4478823312862878e-03	
   5.4099911665284850e-01	   3.7889483869934132e-01	   5.8625695549387280e-01	   8.3752690927624118e-01	   1.0697338650740138e+00	   1.1443875418029434e+00	   9.7477265064143104e-01	   1.1526219157377600e+00	   1.1017598576112761e+00	   0.0000000000000000e+00	   5.9292070906851690e-01	   8.6298718565577537e-01	   7.1755130342221263e-01	   8.2053342279506591e-01	   7.4881331014067065e-01	   1.0288511471092225e+00	   3.4089851342660189e-02	   4.6352952888011875e-02	   1.6901753488406115e-01	   2.0866767711048920e-01	   2.4654851000956757e-01	   2.9306810073234513e-01	   6.5986005198430964e-01	   6.7920593598643308e-01	   4.1676193199580747e-01	   5.4153304725093054e-01	   4.3226330207697633e-01	   4.7970902506999052e-01	  -7.6119116702770681e-03	   4.9486743188180131e-02	   5.0679375270285798e-01	   6.4789495513135564e-01	   3.8408571693402560e-01	   5.6295724204219100e-01	   5.5482817422354480e-01	   5.1199420922479222e-01	   9.9565170466811764e-02	   1.6980394414789352e-01	   4.4798191041713446e-02	   1.9335761159570919e-01	   5.4917404676000238e-02	   1.5483534606375543e-01	   3.5917236562112476e-01	   1.9618215930857591e-01	   1.6274771599814827e-01	   2.3570199488885352e-01	   2.5550183149255445e-01	   2.3406648654673981e-01	   2.6842654081818984e-01	   4.8965861223026774e-01	   5.1077303731952850e-01	   4.5646936800433857e-01	   7.0106497641592891e-01	   4.5959999724088296e-01	   3.1423776737831499e-01	   2.0337613371029295e-01	   1.3949309652748804e-01	   1.8722324036314758e-01	   4.0325721109963014e-01	   3.2021954941056596e-01	   6.3095707390238909e-01	   6.9808528495212496e-01	   1.6904564037442966e-02	  -6.5858265518141973e-02	   5.6406332575764351e-01	   7.0119449826942137e-01	   4.9865626630000504e-01	   4.6640509813957487e-01	   4.8994492167096504e-01	   5.4526753834793151e-01	   4.0919271774319899e-01	   5.1061630252307588e-01	   2.5035531044702086e-01	   2.7756392700371957e-01	   3.1022389852747390e-01	   3.5809370705552723e-01	   2.9863214182311354e-01	   3.3220198450624999e-01	   8.5273474785385217e-02	   1.4194641993850919e-02	   1.1737576831688598e-01	   1.1046662898068955e-01	   3.7558974896102532e-01	   3.8450112408924292e-01	   4.9314131443747616e-01	   5.4153624183868021e-01	   3.0432398036363673e-01	   4.5830968788174486e-01	   8.5109933294504003e-01	   8.9995564752907742e-01	   8.0216838496155618e-01	   8.3563200123550352e-01	   9.1444171472279123e-01	   6.7176763095427994e-01	   6.2348308819351578e-02	   4.0140050031463198e-01	   1.2482241902813714e-01	   9.3872529077354161e-02	   2.6956960990180429e-01	   2.0986911751332987e-01	   8.5273271154776065e-01	   7.9468694572026677e-01	   4.1386758079036567e-01	   4.2838782107682405e-01	   2.5015621943827110e-01	   1.9451433653382796e-01	   1.4038345513592865e-01	   3.8492292028160324e-01	   2.3887860265818123e-01	   2.2903049254449659e-01	   2.6142283142086803e-01	   3.0855562961126881e-01	   4.2823433557982460e-01	   1.3757541173130272e-01	   7.6923788585002165e-02	   7.1618321618660052e-02	
   1.2198482800633439e+00	   5.3925821352103398e-01	   6.6875501106129298e-01	   4.4554802415629569e-01	   4.9129212355990193e-01	   3.0218169681259066e-01	   6.9525385033446874e-01	   4.3770743340440410e-01	   4.6445712790343180e-01	   5.9292070906851690e-01	   0.0000000000000000e+00	   8.0318745293082294e-01	   1.4529450355125983e+00	   7.8246903500751397e-01	   9.3808121810392930e-01	   8.3597924897429154e-01	   3.7640139572905246e-01	   2.1160263539513480e-01	   8.1300528822443674e-01	   3.3064843672018318e-01	   2.1530417483270264e-02	   4.4401368523318982e-02	   5.9907331854174162e-01	   4.3035597267835357e-01	   3.9929020450763747e-01	   2.4713212037003279e-01	   2.9523962078372945e-01	   2.6992117345795541e-01	   3.6471712624789770e-01	   2.0971169262545558e-01	   4.9719250072200988e-01	   4.2389421570554714e-01	   5.3126556459229346e-01	   5.4073887610144045e-01	   2.9670953094164920e-01	   5.9815399491904349e-02	   4.9248044973525795e-01	   3.9844019438062322e-01	   3.4129550448265861e-01	   3.6249526717182751e-01	   4.8600096864011177e-01	   4.0619412137032140e-01	   1.3612390071492095e-01	   7.4817459119285810e-03	  -6.9259729361376879e-02	  -4.5207874538158888e-02	   2.0637044333147170e-01	   1.7158420452844958e-01	  -2.7904615962504112e-02	   8.5183051381645336e-02	   3.0389417521070927e-01	   2.5054129301230044e-01	   5.2689347222653904e-01	   3.1873753857132914e-01	   4.8756499333580522e-01	   3.6442347146157772e-01	   3.6323230747973922e-01	   4.2873935445181810e-01	   3.2328093125408508e-01	   2.8428485437386941e-01	   7.0100433809984741e-01	   4.6899082157300143e-01	   2.4213100701478618e-01	   1.3405291659564050e-01	   5.4757959269297118e-01	   3.9677377503855876e-01	   1.3470493456820656e-01	   1.0294315286206351e-01	   4.4623118336441014e-01	   3.8968321320113447e-01	   2.9125743741754179e-01	   2.2490735488968647e-01	   5.0613240735084630e-01	   4.2678312407621349e-01	   6.5539645758946108e-01	   4.6723797663975425e-01	   7.3648701387634741e-01	   6.3559845836003814e-01	   3.4649789358873678e-01	   2.8822541443390037e-01	   3.5201023468359893e-01	   3.1443513157851477e-01	   6.2730969543904591e-01	   4.5002079285142510e-01	   9.5453251172056719e-01	   5.9089955410394701e-01	   4.7538083728360525e-01	   5.5696181987394355e-01	   8.0348064779693018e-01	   5.6729927740855901e-01	   4.0995428649597798e-01	   5.5442913551465933e-01	   6.1123576254704703e-01	   6.6164493404491409e-01	   1.2205907495797465e-01	   3.2541798176673797e-01	   3.4844595358317237e-01	   2.0071920340704924e-01	   2.3541564540515586e-01	   2.9015106624516146e-01	   4.3821683670935385e-01	   7.8457502972107895e-01	   3.1770269875115903e-01	   6.6204701731806803e-01	   4.1532253265794478e-01	   3.8563209646402730e-01	   2.7680398381233803e-02	   1.4027287715762321e-01	   3.3524427425858644e-01	   4.1755879883459696e-01	   2.4680465430453505e-01	   3.0740652871591878e-01	   3.2691014047768363e-01	   1.6825708084847799e-01	   1.2092806784244590e-01	   4.6159402675705334e-02	
   7.4057943460310205e-01	   6.7590885037322701e-01	   5.4462726282888263e-01	   9.9165204615579505e-01	   5.9028205419116975e-01	   7.5723263847938715e-01	   8.5506827011721753e-01	   9.6211351797860911e-01	   6.5102757956560608e-01	   8.6298718565577537e-01	   8.0318745293082294e-01	   0.0000000000000000e+00	   6.9298262122277410e-01	   1.1764206695020898e+00	   7.9375767328177971e-01	   1.3622701255779572e+00	   3.6969452040111039e-01	   2.0494451984933154e-01	   5.4372307135523912e-01	   5.4361463041246916e-01	   2.9160579738437520e-01	   3.4903810059681584e-01	   6.5570678909262559e-01	   7.4418791577349985e-01	   3.1145660547255649e-01	   5.0049576818381225e-01	   3.7979235679535978e-01	   4.4971003478786448e-01	   3.7845495600841056e-01	   2.9650188026883362e-01	   8.2025091292383134e-01	   9.2610824685083237e-01	   7.2313686066002647e-01	   8.2908989075728989e-01	   3.7029801588134154e-01	   4.3025152684444457e-01	   3.4199004832010288e-01	   4.1885186585212203e-01	   2.0368522983002232e-01	   3.9180165944295386e-01	   3.3682955393754116e-01	   4.3799776523857892e-01	   2.8132394001182798e-01	   1.5058499797442410e-01	   1.7065257012331433e-01	   2.6139744694922196e-01	   3.0578812071217554e-01	   2.6837124373816229e-01	   2.5857119700131476e-01	   4.2593978293606161e-01	   5.1442409656073196e-01	   4.8235594039186480e-01	   6.1939584361555244e-01	   3.6473286474370120e-01	   4.7212632524907594e-01	   4.4784116898481235e-01	   4.1781795575129621e-01	   3.4780976567220001e-01	   3.5936844331950579e-01	   2.6998975824094451e-01	   7.9252784846125457e-01	   8.7141427542660943e-01	   2.3559535679070420e-01	  -6.6788690439956297e-03	   4.6133255854532906e-01	   8.2628941670958833e-01	   3.3043732257823666e-01	   4.0253095351446028e-01	   6.1071102636045005e-01	   5.5246358236413373e-01	   5.6886428263608746e-01	   5.0979515630258720e-01	   5.6236045007173807e-01	   5.0548353916361122e-01	   6.5754097992615224e-01	   6.4443948808058726e-01	   6.0161996023610065e-01	   6.3073803247109850e-01	   1.9509753198062132e-01	   2.3508131648047731e-01	   3.6576156296653384e-01	   3.3228389129877633e-01	   6.8629480373993068e-01	   7.3761720090448568e-01	   6.3811704710328732e-01	   1.1087729934172821e+00	   3.6539562780396057e-01	   7.1686606761831140e-01	   6.6429575883304814e-01	   9.0939404296041892e-01	   7.4008196458580278e-01	   7.0236777994202459e-01	   9.4793068690279259e-01	   5.1169467216448339e-01	   7.6214849334724388e-02	   3.8575187664240418e-01	   1.8094736940663725e-01	   2.1764845836077704e-01	   4.4485212918302547e-01	   4.3174663209734127e-01	   1.0617208911609930e+00	   6.3378375277829757e-01	   6.7430031885806063e-01	   5.8090517293061583e-01	   4.1935394639537349e-01	   2.5200547429467601e-01	   1.1303843625934724e-01	   1.9293326209052597e-01	   3.7541724216496331e-01	   4.3372199551994128e-01	   3.1614007758425716e-01	   3.9237811336191658e-01	   5.6166131866000601e-01	   2.0307910954129310e-01	   1.5854884499359154e-01	   1.6095220388993281e-01	
   9.6978187354165568e-01	   3.6837489649540950e-01	   7.1286627509609779e-01	   4.2480787605890236e-01	   6.9192245135563735e-01	   4.1639824780597540e-01	   7.3666177548803569e-01	   4.2827964770985349e-01	   5.3572404229971360e-01	   7.1755130342221263e-01	   1.4529450355125983e+00	   6.9298262122277410e-01	   0.0000000000000000e+00	   8.0165400461477176e-01	   8.9373338595676133e-01	   8.2437500611984138e-01	   2.0735753307192759e-01	   5.7952212141742003e-02	   4.8051866906164842e-01	   1.8924745014725586e-01	   1.1401369360033146e-01	   1.8568768186528234e-01	   6.2180034463580247e-01	   4.6753345497838927e-01	   5.5004821451006891e-01	   3.8063009220273741e-01	   3.5567402890062250e-01	   3.4750753320928807e-01	   1.4508806579860817e-01	   6.5606341114157030e-02	   4.3793766872457063e-01	   3.7439244759979229e-01	   4.4595348757655151e-01	   4.7746568113834120e-01	   5.8384360023925752e-01	   2.4672041196777422e-01	   4.4597642706723406e-01	   4.5871705746293678e-01	   4.1192368439616028e-01	   4.4843639240633182e-01	   4.1266767170125124e-01	   3.6588603562495786e-01	   1.0156391687982218e-01	  -5.2247832002937526e-02	  -1.0341961899339380e-01	  -8.8598431888316939e-02	   1.2875438499424219e-01	   9.3110850024723774e-02	  -2.5229203359467624e-02	   9.4548080394168177e-02	   3.1009106524403973e-01	   2.3813122388855112e-01	   5.9687122258663194e-01	   3.7385371196871148e-01	   5.2352968944121092e-01	   3.3772152335615035e-01	   2.5476930508755496e-01	   2.9580144745498926e-01	   4.2319374503483953e-01	   2.2000798751065140e-01	   7.6139944135079440e-01	   4.2088541291751608e-01	   7.9696452498318304e-02	   1.7205462379221631e-02	   7.1242076935021892e-01	   4.6473985443701660e-01	   2.7233154058492359e-01	   1.3967895368572469e-01	   4.7158775798491903e-01	   3.6472729534149068e-01	   1.9997216331351506e-01	   2.2112794604355829e-01	   3.6446296543615359e-01	   2.7591087577858686e-01	   4.5135100408335604e-01	   3.2166277016268263e-01	   5.3877198249048197e-01	   4.6370923036720274e-01	   2.0915857508555377e-01	   1.7270357747972545e-01	   1.9014836540452190e-01	   1.8752924957081335e-01	   5.2510389939031421e-01	   3.6178620302521186e-01	   8.4170414559747342e-01	   4.9863124258723623e-01	   4.7974400843669696e-01	   5.4413951898493762e-01	   1.0874552885008544e+00	   6.9297258126966377e-01	   4.0853191181580178e-01	   5.9700477173603506e-01	   6.1689433349174216e-01	   6.9868940314152694e-01	   2.4355562865957769e-01	   3.2887590868737293e-01	   3.7880810057181918e-01	   1.7727996189705350e-01	   1.6619804084457820e-01	   2.3330429164169558e-01	   4.4349920449875846e-01	   8.5225118257335764e-01	   2.4603236866095962e-01	   5.5400566896905723e-01	   3.6506748680726003e-01	   4.0556861291057755e-01	  -3.0422014595099300e-02	   1.7181369829577481e-01	   3.7863549201553942e-01	   4.1644284304679546e-01	   2.2028275987928894e-01	   2.3628924589160857e-01	   3.4955809492399414e-01	   2.2504921845135548e-01	   1.5907191244966432e-01	   1.1882639560783148e-01	
