   0.0000000000000000e+00	   2.0681027674102368e+00	   1.0974400630324974e+00	   1.1466567712735440e+00	   1.0130406586487704e+00	   1.1489803943704959e+00	   1.0093551025409411e+00	   1.1977330616339481e+00	   9.0612577616762846e-01	   9.0491991993627141e-01	   1.6245895759984970e+00	   1.6537005787667209e+00	   1.4735979129946699e+00	   1.4843561839278934e+00	   1.4714832180520609e+00	   1.4140207908668649e+00	   1.5139936459887926e+00	   1.3566664791045693e+00	   1.8262768786829291e+00	   1.9029677654399140e+00	   9.6874086384748981e-01	   9.0110014633281488e-01	   9.1896356064115492e-01	   8.6502702106538965e-01	   7.0678740660740325e-01	   7.4778984823384698e-01	   7.9133457440278177e-01	   8.2330509076645242e-01	   1.4386274246066253e+00	   1.3551049466762675e+00	   8.7718130123114424e-01	   8.6066715253491821e-01	   1.6719649028389847e+00	   1.5575562965541019e+00	   3.8589463621885123e-01	   6.7773309295841844e-01	   1.2770505121715585e+00	   1.1674339996082772e+00	   1.2257068407446039e+00	   1.1049659728948025e+00	   1.3600400897152694e+00	   1.0830848698470732e+00	   8.0466895422949380e-01	   9.1317835928112989e-01	   6.5934162758948966e-01	   7.7351271874666083e-01	   7.3788781867290210e-01	   8.9759622435570130e-01	   6.9962511513965508e-01	   5.8442113435694076e-01	   7.7991877254102215e-01	   6.8712985696074391e-01	   9.3382843079785383e-01	   6.7520006714474468e-01	   1.1453138158180944e+00	   1.1962851223680462e+00	   1.8026570721745345e+00	   1.6739895334776105e+00	   1.2222298228810262e+00	   1.1766298163841629e+00	   1.5378289940049097e+00	   1.1625138884397106e+00	   1.2783835883293517e+00	   1.2733936952357492e+00	   9.9398137489669658e-01	   8.1668886122298434e-01	   9.4171198872638007e-01	   9.1112835142405690e-01	   1.6127094697873754e+00	   1.4640698086394104e+00	   9.2705524587588695e-01	   8.2154581459388898e-01	   1.1536696122820835e+00	   1.1100905511879462e+00	   1.1308543271650782e+00	   9.4910822077725532e-01	   1.4606041138221544e+00	   1.5247140523598746e+00	   1.0910895553039677e+00	   1.6773785805398052e+00	   1.5175430617012082e+00	   1.6442349564391514e+00	   1.3877764270070809e+00	   1.4856161495212432e+00	   1.4757936114643986e+00	   1.4028385571090149e+00	   9.6772218052753434e-01	   8.0993071205128009e-01	   1.2211692646150338e+00	   1.1007529590209586e+00	   5.7757281029219865e-01	   5.4579995408857296e-01	   8.5831824613711183e-01	   8.3730507742884930e-01	   3.2821057971884676e-01	   8.6885846134993139e-01	   1.1190519001750339e+00	   1.1770333244433253e+00	   9.7856617025148862e-01	   1.0113536701574195e+00	   1.0612228123339409e+00	   8.6727831630269514e-01	   1.0572157737210803e+00	   7.8808966918159529e-01	   2.4841848248184975e-01	   1.3634215353662249e-01	   3.1434717452556149e-01	   5.8957558714205160e-01	   2.7120977116443906e-01	   6.9975913832940495e-01	   1.1505443007562992e+00	   7.6315010818057916e-01	   6.8359287721448148e-01	   8.6931841851128344e-01	   4.6801674176748165e-01	  -2.4145324639042336e-02	
   2.0681027674102368e+00	   0.0000000000000000e+00	   8.9912384668671941e-01	   1.0100258462686276e+00	   8.2588448908364820e-01	   1.0262806439693353e+00	   8.7335617953187916e-01	   1.0655778416080741e+00	   7.9112126349104572e-01	   8.0346794210354067e-01	   1.3907716520409497e+00	   1.5860215927029351e+00	   1.3018677119801736e+00	   1.3507620268724012e+00	   1.2794684343818301e+00	   1.2981545927203308e+00	   1.5795744479346954e+00	   1.5173637978533134e+00	   1.4325228463389288e+00	   1.6948338506249572e+00	   8.6065494898418304e-01	   8.0816665490874751e-01	   7.6044327415336488e-01	   7.3080974871025695e-01	   6.2229722452608016e-01	   6.6596465089286350e-01	   6.7139112465907180e-01	   6.9146727531783725e-01	   1.4123556339268548e+00	   1.3871603374840757e+00	   7.4501262037847893e-01	   7.1279429131536587e-01	   1.5430044358413211e+00	   1.5115192378540530e+00	   3.3705352486646872e-01	   6.2041064243015531e-01	   1.1965665953410332e+00	   1.0885240217504466e+00	   1.1687716707410143e+00	   1.0643498490764218e+00	   1.3406188386451949e+00	   1.1197601678897533e+00	   7.7513201774495788e-01	   8.8233917444646615e-01	   7.0451745162772483e-01	   8.3755985996324145e-01	   7.1303497508275160e-01	   8.2392988529716393e-01	   7.3471992811964304e-01	   5.9054258759170986e-01	   7.5779410883121257e-01	   6.5350616583207199e-01	   8.8617972608986895e-01	   6.0442677600496897e-01	   1.0828957558154892e+00	   1.1317921356626219e+00	   1.9162839177940232e+00	   2.0578054824045533e+00	   1.1473388499967476e+00	   1.1209259482932381e+00	   1.4244865183176378e+00	   1.0283567770875603e+00	   1.2640479334558712e+00	   1.3478694746869540e+00	   8.1638641834051651e-01	   6.8709258387952021e-01	   8.7222320203811610e-01	   8.9056178660185081e-01	   1.3716024379143190e+00	   1.4260169278790658e+00	   7.6345070303613050e-01	   6.9866145503238763e-01	   1.1074765391819068e+00	   1.1752307895750449e+00	   1.0264643047936346e+00	   9.2364650725180619e-01	   1.3373553843869330e+00	   1.4359478011648354e+00	   1.1539477636035329e+00	   1.7035351404814292e+00	   1.5560569868539851e+00	   1.6070276413768729e+00	   1.1554338853764303e+00	   1.3910216088093377e+00	   1.3199573736685020e+00	   1.2726048303152595e+00	   8.9780635996469738e-01	   7.7004681513836726e-01	   1.0959922638151298e+00	   9.5949798129782837e-01	   5.0720930959203137e-01	   4.2657222883219481e-01	   8.0679441175019584e-01	   7.2158313927424345e-01	   3.2389249085951283e-01	   7.7024044692104010e-01	   9.1063156004424639e-01	   9.8761913001420509e-01	   8.9219858080762871e-01	   9.0597168459916344e-01	   9.8451113312162875e-01	   7.4618946474895698e-01	   9.3734589007395686e-01	   6.9962632036493688e-01	   2.5675166853516518e-01	   1.5250741971646367e-01	   2.3695860796835921e-01	   4.1541527741550111e-01	   2.4657363957112705e-01	   6.7122649412638069e-01	   9.4621067133611092e-01	   6.9166791909690994e-01	   6.6143944235447305e-01	   7.2354867475533513e-01	   3.9127463204953039e-01	  -8.9482881023148109e-02	
   1.0974400630324974e+00	   8.9912384668671941e-01	   0.0000000000000000e+00	   1.5260238869764484e+00	   1.1365190130421605e+00	   9.4987509390231473e-01	   1.3421065427220848e+00	   1.2146629082437639e+00	   9.3047415308353987e-01	   7.7158251935711586e-01	   9.8233203331919239e-01	   9.6497869899367794e-01	   1.0342709771813356e+00	   1.1700017362497626e+00	   1.2460444781385653e+00	   1.0701743283740299e+00	   7.9235913799127988e-01	   7.1939964830945424e-01	   1.3882804715097155e+00	   1.2863589257515302e+00	   1.1901738493530969e+00	   1.1129530560982710e+00	   1.5846538803089603e+00	   1.4157499919790344e+00	   1.0093435256382206e+00	   1.0050063045457251e+00	   1.0853355253988974e+00	   1.1089977247559515e+00	   8.9298057623031390e-01	   8.4267431980721275e-01	   1.2656461468507334e+00	   1.2733871957026988e+00	   1.2782658154686859e+00	   1.2180516436470163e+00	   7.9494134737347988e-01	   8.7011625200631426e-01	   1.0665401197567708e+00	   1.0624623464113550e+00	   1.0720421786453449e+00	   9.7667803464491731e-01	   1.0601404983653564e+00	   8.9514611649532805e-01	   7.0306761544771434e-01	   6.9620548742797961e-01	   5.3564136823494157e-01	   5.9516415191789829e-01	   6.5894083362129052e-01	   7.6315602433618146e-01	   5.1814747635865865e-01	   4.2630978206549958e-01	   6.1824369430944137e-01	   5.4726160220388043e-01	   7.4186841630826295e-01	   6.5372239662707277e-01	   9.6184619070293365e-01	   8.8599430100336285e-01	   8.0870518970700589e-01	   7.6576889259220016e-01	   7.3684553256745922e-01	   7.4943988268645623e-01	   9.1746531688834798e-01	   9.4625574979092431e-01	   8.9935422725617964e-01	   8.1841612591311830e-01	   1.8001060140146803e+00	   1.3063546917063837e+00	   1.0512622510041187e+00	   9.0687126764276749e-01	   1.1850186632773034e+00	   9.6875121560152999e-01	   1.1116890310652645e+00	   1.0029373715380530e+00	   9.4407829135242438e-01	   8.0382879817638286e-01	   9.8354716728533331e-01	   7.5394101384568935e-01	   1.0804574224298813e+00	   1.0708931659881644e+00	   7.1802021874387456e-01	   9.3954106179351093e-01	   9.6553806362879824e-01	   1.1033176944102117e+00	   1.5207155515507149e+00	   1.1671736479189023e+00	   1.1967286884382282e+00	   1.1735767055741315e+00	   1.1438764368619931e+00	   1.0544361238254578e+00	   1.2222244190018339e+00	   1.0680557123344685e+00	   8.1109199872358162e-01	   8.0875066297321141e-01	   9.4723368185000312e-01	   9.3172041595683264e-01	   2.9289267458646007e-01	   8.5191281809126118e-01	   9.9212748480138391e-01	   1.0434038681276203e+00	   9.1089309737297164e-01	   9.5087052291991625e-01	   8.5317241929463872e-01	   9.4445835372222819e-01	   8.2713667478229580e-01	   7.5484948166220556e-01	   2.5213245316642424e-01	   1.4465208470966101e-01	   3.3494489881786482e-01	   5.7651029776335283e-01	   2.9275054148677671e-01	   6.5791931423400352e-01	   1.0909763921383833e+00	   6.7037810993542746e-01	   6.5756965904182352e-01	   9.2284544577246563e-01	   6.1301916840892046e-01	  -1.9346199820562716e-02	
   1.1466567712735440e+00	   1.0100258462686276e+00	   1.5260238869764484e+00	   0.0000000000000000e+00	   1.0866461659811004e+00	   1.2921656036043911e+00	   1.2453623522570716e+00	   1.7008114638474867e+00	   9.4023149439806253e-01	   1.0176357648374079e+00	   9.6805084873367175e-01	   1.1392088788994479e+00	   9.3684296087606134e-01	   1.3130198665330297e+00	   1.1948903361222465e+00	   1.2191679585380404e+00	   8.4395039598296451e-01	   7.3720063921057077e-01	   1.3562555149665394e+00	   1.4266463077857909e+00	   1.2163347012032513e+00	   1.2638944929326597e+00	   1.3485265858275723e+00	   1.4503485899085342e+00	   9.2306393823534383e-01	   1.1253858113794606e+00	   9.5750392745187107e-01	   1.0126372870708407e+00	   9.4502387519417730e-01	   9.0860039998505226e-01	   1.2456409437088130e+00	   1.3816222589664169e+00	   1.2749904768792482e+00	   1.3884898962465078e+00	   5.7424714233145957e-01	   8.2007247470564970e-01	   9.6794306182649115e-01	   9.4357335310318768e-01	   1.0118820419406624e+00	   9.4924781580225159e-01	   9.9091039162213157e-01	   8.4861065039258077e-01	   7.8162930709469569e-01	   8.1740018745692156e-01	   5.6333338924702947e-01	   6.6809649424162099e-01	   7.6812324850169578e-01	   8.8911814914825127e-01	   5.7864541152081761e-01	   5.1437612354274076e-01	   6.8957813509877097e-01	   6.2652473863324931e-01	   8.1212211480696828e-01	   6.8298980142226073e-01	   9.7200102724523241e-01	   9.1441501977013839e-01	   8.5125518140232737e-01	   8.2921905347186886e-01	   8.1144391255839399e-01	   9.2360214341732527e-01	   8.7335979729634250e-01	   1.2238048497375473e+00	   9.1055646932946299e-01	   9.3766921433197126e-01	   1.3386609837798706e+00	   1.4144715928956351e+00	   1.0149062657299348e+00	   9.9460510372479116e-01	   1.2246137020185774e+00	   1.0475972539320333e+00	   1.1123395358790202e+00	   9.9998509262382207e-01	   9.1120503446173551e-01	   7.8965679239293507e-01	   9.1536401534327694e-01	   7.3089851740452139e-01	   1.0122500672623129e+00	   1.0879081764597149e+00	   7.5032762303053036e-01	   1.0027850618821608e+00	   1.0323512112303923e+00	   1.1817582395234398e+00	   1.3604659080272514e+00	   1.1769701125474668e+00	   1.1633377570232430e+00	   1.1852077268379198e+00	   8.9333781022832293e-01	   8.9425607381194006e-01	   1.1429471183817010e+00	   1.0575162970376168e+00	   8.6250210988481468e-01	   6.9320430246929376e-01	   9.7821991616709203e-01	   8.3198328720011128e-01	   2.2124806025191210e-01	   7.6867218966993778e-01	   1.0282127694004599e+00	   1.0837584149366271e+00	   9.8220274186902423e-01	   9.5113028442124492e-01	   8.9211027224308936e-01	   8.7217338423605417e-01	   9.2337856303487009e-01	   7.9483236314987571e-01	   2.2634421522099502e-01	   9.7758394388706482e-02	   3.7874543404299282e-01	   6.0632592552831055e-01	   2.4766037244943293e-01	   6.2582831196291000e-01	   1.1088697266581147e+00	   6.9047715699554746e-01	   6.4453484191983501e-01	   9.2299193277558633e-01	   5.6977914324642343e-01	   3.2186307726784588e-02	
   1.0130406586487704e+00	   8.2588448908364820e-01	   1.1365190130421605e+00	   1.0866461659811004e+00	   0.0000000000000000e+00	   1.1918950492437148e+00	   1.1957375486443764e+00	   1.1495930795153169e+00	   1.1890817236122899e+00	   9.0076625463278126e-01	   1.0200246499167238e+00	   9.7018094748922101e-01	   1.0155356395155497e+00	   9.9673461016756137e-01	   1.0715960510297473e+00	   9.3425403675185525e-01	   7.4871254334798032e-01	   6.4933609033926998e-01	   1.1987230790336454e+00	   1.1061893357715213e+00	   9.3445375297987965e-01	   8.4730069714342082e-01	   1.0052334391167714e+00	   9.3066523200657081e-01	   8.0925805454317645e-01	   7.8439916678103661e-01	   7.1610703722596747e-01	   8.0349713514934895e-01	   7.8311827486107877e-01	   7.2645291481784702e-01	   8.2602668934068313e-01	   8.2814425269834113e-01	   1.0280672348807123e+00	   9.6772740880933261e-01	   4.0133423906643956e-01	   7.4694617803329078e-01	   8.0811242955327067e-01	   7.6682375419772897e-01	   7.5615099416575493e-01	   6.4099501066739040e-01	   7.8574350191848030e-01	   7.3052755531288538e-01	   8.2871040064987722e-01	   7.3997911137892358e-01	   5.1858782556979699e-01	   5.5565817842155019e-01	   7.9944178614889605e-01	   9.2878493905299297e-01	   5.3207795864662510e-01	   4.5828262388545349e-01	   6.6838491696487290e-01	   6.0312755220732139e-01	   8.3545554675599187e-01	   8.2686944449746425e-01	   8.9931288751289384e-01	   8.4525935256430595e-01	   7.0417971057950268e-01	   6.8056577644040661e-01	   8.9023197740793214e-01	   8.2415610671693718e-01	   9.4338922193593078e-01	   9.2157219792820466e-01	   7.9268181771008239e-01	   7.3389123645730570e-01	   9.6427597307871404e-01	   9.0010579707063176e-01	   9.1712731030996708e-01	   8.3311370017149800e-01	   1.1021686479254487e+00	   9.0903330703472129e-01	   8.9480640515151255e-01	   8.6829202299151165e-01	   6.5987131570656810e-01	   5.9335524326676348e-01	   6.4986181579425029e-01	   5.2500937623026034e-01	   8.4597478645438473e-01	   8.6245765696275711e-01	   7.4846502623465405e-01	   8.1018846849688075e-01	   8.5198168920532413e-01	   9.3695106778182979e-01	   1.0858500275013359e+00	   1.0026731886470432e+00	   9.0948277497409680e-01	   1.0422148701810019e+00	   7.0755882907711887e-01	   5.3709422475043322e-01	   9.7452084941886052e-01	   1.0576231377697611e+00	   8.4586922319477942e-01	   9.3081644115756235e-01	   1.0120570150798076e+00	   1.1054313051390028e+00	   4.1024055158008038e-01	   8.6355941235477340e-01	   8.3362451789404934e-01	   9.6721611729730195e-01	   9.1397026298585726e-01	   1.0144508925995683e+00	   8.7866746338491619e-01	   1.1661642444307354e+00	   9.2592637287043755e-01	   9.1237447084511647e-01	   3.8547603146087367e-01	   2.5494896162440328e-01	   1.9128329016591678e-01	   5.6382664856650777e-01	   3.7659441810689981e-01	   7.5385603767632448e-01	   1.0804741343067723e+00	   8.6088256602592284e-01	   8.3623819192891302e-01	   8.7626018773173731e-01	   6.8782701365087784e-01	   6.3458766767075670e-03	
   1.1489803943704959e+00	   1.0262806439693353e+00	   9.4987509390231473e-01	   1.2921656036043911e+00	   1.1918950492437148e+00	   0.0000000000000000e+00	   1.1001346079319145e+00	   1.4982205529017383e+00	   1.2445245801762721e+00	   1.3743712881058716e+00	   1.1463512937350193e+00	   1.1777238011051927e+00	   1.0998788957029388e+00	   1.2308325102183668e+00	   1.1645227919802785e+00	   1.1909782420923061e+00	   8.7213913962010980e-01	   7.2272530153509396e-01	   1.1884348801360125e+00	   1.2117577472825254e+00	   9.2334088447873841e-01	   8.8940905284806948e-01	   8.6239113665891631e-01	   9.1140924601594908e-01	   6.0945072375871989e-01	   7.8152645424248479e-01	   6.1092068642195585e-01	   7.0231668075034104e-01	   9.2809173396078859e-01	   8.7085358750205133e-01	   7.3579071912126226e-01	   7.8439771027633665e-01	   1.0092481008464618e+00	   1.0293918815493777e+00	   2.4610399545793210e-01	   5.4316506406120368e-01	   7.4870246269564977e-01	   7.2418985137462288e-01	   8.2385077077581648e-01	   7.3935316937681772e-01	   7.2162061978946423e-01	   6.7721516027025441e-01	   9.5523527590802293e-01	   9.1859732316990483e-01	   5.9026185124632935e-01	   6.8721299806714697e-01	   8.8441160869319435e-01	   9.9238257884141101e-01	   6.3218346223128352e-01	   5.9936317257771443e-01	   7.3442062712013423e-01	   6.7890830652124345e-01	   9.3311052452241006e-01	   8.0634324763927956e-01	   9.6345810371981588e-01	   9.2799031961781098e-01	   8.6455221173911356e-01	   8.4263564680006853e-01	   8.8262349279620023e-01	   9.6704018245778078e-01	   1.0078796619353898e+00	   1.1211103585419364e+00	   8.6286516272648062e-01	   8.9671549832631126e-01	   8.6202136269390484e-01	   8.8213179436718436e-01	   7.6032999080815900e-01	   7.5021153150829034e-01	   1.0544968633088410e+00	   9.3594032189761034e-01	   7.7342874425570085e-01	   7.0296850253950571e-01	   7.0234570726319800e-01	   6.5364772827253892e-01	   6.8432266872864389e-01	   6.1654627006379903e-01	   8.5316070068642014e-01	   9.3401042448315508e-01	   6.8700819973500016e-01	   9.5078654662547346e-01	   9.3715838468889356e-01	   1.0488290607833723e+00	   1.0313896024249101e+00	   1.0939417769386899e+00	   9.3618137345541119e-01	   1.0690601715777244e+00	   5.8895390535480618e-01	   5.6817102428632449e-01	   1.0074750199152440e+00	   1.0041752481038413e+00	   8.0084948500244668e-01	   6.9694867697913343e-01	   1.0388001140982739e+00	   9.6369316236882296e-01	   2.4493997278283045e-01	   6.3108582682256120e-01	   9.2683043045522462e-01	   9.6496640217500296e-01	   9.5788579597410983e-01	   1.0298417465652479e+00	   8.7574374700721036e-01	   9.5929282807100891e-01	   8.7098054074214004e-01	   7.9723339560490936e-01	   2.3769760927386288e-01	   8.8024099492428731e-02	   2.8548814310446746e-01	   5.7521739356347945e-01	   2.0563775855824884e-01	   6.0848913551979911e-01	   1.0224229321046454e+00	   7.9123146884154050e-01	   6.7895984869395731e-01	   7.9468582623966499e-01	   4.8325757061154662e-01	   7.2689513890188046e-02	
   1.0093551025409411e+00	   8.7335617953187916e-01	   1.3421065427220848e+00	   1.2453623522570716e+00	   1.1957375486443764e+00	   1.1001346079319145e+00	   0.0000000000000000e+00	   1.4958908764046452e+00	   1.3099907660128305e+00	   1.0441003850887816e+00	   1.0231322635266908e+00	   1.0080293068603812e+00	   1.0120179490339654e+00	   1.0260760165822678e+00	   9.9351771847923231e-01	   9.6278726794951186e-01	   7.5328400523728589e-01	   6.7159798263816850e-01	   1.3321367559919712e+00	   1.2465617111350640e+00	   8.4226038915650592e-01	   8.5744693722304222e-01	   8.6378464893531171e-01	   7.8746693380777943e-01	   6.2993033741115900e-01	   7.0689994674466394e-01	   5.1091791746608439e-01	   5.8857870370747700e-01	   9.0910058665761939e-01	   9.1950207501023351e-01	   8.9687549479000139e-01	   8.7882252937643657e-01	   1.2195182522797652e+00	   1.1937767948847489e+00	   4.5012655306660154e-01	   6.5951598189378735e-01	   7.5363181646088939e-01	   7.2255036897677571e-01	   8.5299335930145992e-01	   7.6053075967579797e-01	   8.4186292044937217e-01	   8.0348454499248068e-01	   9.4158056413614655e-01	   9.2759112670683586e-01	   7.3388374480661323e-01	   8.0861719929035902e-01	   8.2670956041942689e-01	   9.3642709888926634e-01	   7.4572417932102231e-01	   6.3714569835419532e-01	   8.3526357242573357e-01	   6.9141878660487344e-01	   9.5481304175104553e-01	   8.0622303265089634e-01	   1.0059329381693476e+00	   9.3183149004871002e-01	   7.1219835055264402e-01	   7.0914323312096750e-01	   9.4593796365443816e-01	   8.7698991971171392e-01	   1.0347304916612414e+00	   8.5919376370520695e-01	   9.3029882472324599e-01	   8.8534379479691916e-01	   1.0186313982754891e+00	   8.8036055624118537e-01	   1.1805239425674450e+00	   9.9438119642404665e-01	   9.9534411555843094e-01	   8.4280032687756834e-01	   8.7366677299979778e-01	   8.3968093476223293e-01	   8.1037487997040825e-01	   7.5831945683520918e-01	   8.3048424256257714e-01	   7.3342727936281815e-01	   9.8120160445343507e-01	   9.7538814554122122e-01	   6.7355024965482779e-01	   9.2413157416038105e-01	   9.1092540354323415e-01	   1.0313550772253650e+00	   1.1340277248547226e+00	   1.1429330051545796e+00	   9.2881696720128804e-01	   1.0347799801111270e+00	   6.8281577355856282e-01	   6.4914909539898169e-01	   9.0235606217110753e-01	   8.4755572196939011e-01	   8.6025480189245718e-01	   7.9150509679682046e-01	   9.8185244140841466e-01	   1.0244257081914012e+00	   2.3227337267511353e-01	   7.1333197511133017e-01	   9.6349047680833255e-01	   9.9906702126497127e-01	   1.0340167613403424e+00	   1.0721198785821406e+00	   9.1708135894064446e-01	   1.0046674512976361e+00	   8.4985611325269783e-01	   7.8724234891954925e-01	   2.3058081238156325e-01	   9.2316245942869593e-02	   3.1946961239061650e-01	   4.9761656549387340e-01	   2.5760209471685769e-01	   6.9038701668304658e-01	   1.1054023886973168e+00	   7.6372480109441410e-01	   7.6156699144977402e-01	   7.7687566556510501e-01	   4.4176283592094967e-01	   4.3070045808932304e-02	
   1.1977330616339481e+00	   1.0655778416080741e+00	   1.2146629082437639e+00	   1.7008114638474867e+00	   1.1495930795153169e+00	   1.4982205529017383e+00	   1.4958908764046452e+00	   0.0000000000000000e+00	   1.2960780386636690e+00	   1.4228212173265287e+00	   1.1470135757504401e+00	   1.3502346949158617e+00	   1.1242019065886575e+00	   1.3253594650730500e+00	   1.2029571138501021e+00	   1.2692862389925104e+00	   9.3889362841040913e-01	   8.0353906371490558e-01	   1.3959726353335442e+00	   1.4327085170453864e+00	   1.0277295167942797e+00	   1.0644723557935822e+00	   1.0227030424235815e+00	   1.0214100105263584e+00	   6.7885706769302179e-01	   8.9204879966983652e-01	   6.7117619221779568e-01	   7.5785888603227503e-01	   1.0532044782293553e+00	   1.0499389837060609e+00	   1.0318262356682006e+00	   1.1179386751849427e+00	   1.2736785489973252e+00	   1.3840968333408536e+00	   4.1942227466114040e-01	   7.1367636570338189e-01	   8.8715398332288409e-01	   8.3863044349466709e-01	   9.7391391759367063e-01	   8.8200544883351328e-01	   9.5075241159333623e-01	   8.4847102674561270e-01	   9.1229678013237636e-01	   9.5552875540479620e-01	   6.3953428246746291e-01	   7.5736278332899998e-01	   8.5599260707263447e-01	   9.7664670849757040e-01	   6.7672271976125919e-01	   6.0951551249203395e-01	   7.7874362782176954e-01	   6.5529035620591680e-01	   9.4056025171096691e-01	   7.3244614073053993e-01	   1.0252170727922709e+00	   9.5807835740426006e-01	   8.7769731915550953e-01	   8.4918772687310473e-01	   9.3741277603775108e-01	   9.9607378864868845e-01	   1.1051227904278456e+00	   1.3812189483937276e+00	   9.6696226036094002e-01	   1.0605748982148115e+00	   1.0431620668313644e+00	   1.1048463722492623e+00	   9.5240370755896520e-01	   9.2758702242753377e-01	   1.0922897082067811e+00	   9.1146285449245068e-01	   1.0290395079529526e+00	   9.4086197837294927e-01	   9.2949005361732029e-01	   8.5090938224945867e-01	   9.3167832761050340e-01	   8.2004286533371018e-01	   1.0455678624947453e+00	   1.1111369515358840e+00	   8.1889389719708339e-01	   1.1328422600099315e+00	   1.0792410280179996e+00	   1.2113307801905202e+00	   1.2424680513026873e+00	   1.2618174251670280e+00	   1.0567792503431590e+00	   1.1141863033807071e+00	   7.2616764301183290e-01	   6.8333223123006903e-01	   1.0644669881205706e+00	   9.8078110877247737e-01	   8.8156509866351318e-01	   6.9066241076960244e-01	   1.0787232774700390e+00	   9.4971347402015915e-01	   2.0259048812664807e-01	   7.2315988533534437e-01	   1.0542796034070130e+00	   1.0767476981570829e+00	   1.0751494445794656e+00	   1.0800400699299313e+00	   9.2910493351505696e-01	   9.3967525394966656e-01	   8.9959626319432706e-01	   7.9023539932777109e-01	   1.9930771330662767e-01	   5.6025875313790427e-02	   3.5262721676779818e-01	   5.8598575725509616e-01	   2.2801603247792984e-01	   6.5865183159036622e-01	   1.1905237024859572e+00	   7.5519769575194085e-01	   7.0984522888040169e-01	   8.6168780080014307e-01	   4.6107316722726049e-01	   9.1111361844554151e-02	
   9.0612577616762846e-01	   7.9112126349104572e-01	   9.3047415308353987e-01	   9.4023149439806253e-01	   1.1890817236122899e+00	   1.2445245801762721e+00	   1.3099907660128305e+00	   1.2960780386636690e+00	   0.0000000000000000e+00	   1.3393153517801939e+00	   1.0641377358784854e+00	   9.3477229235981529e-01	   1.0939114229186762e+00	   9.7052838653818829e-01	   1.0295931476167199e+00	   9.8964497130505269e-01	   7.3184644618505101e-01	   6.1565481642430064e-01	   1.0350653575797963e+00	   9.9952972616784286e-01	   7.1876865392554712e-01	   6.9428028579092005e-01	   7.7654423099991920e-01	   7.2171282529302383e-01	   4.6252937415585171e-01	   5.8610614314627718e-01	   4.2718068634297962e-01	   5.0979755330002474e-01	   8.0396945325891478e-01	   8.2021221042564174e-01	   6.9415163573907124e-01	   6.9927824816469752e-01	   9.1608212159344804e-01	   8.6333367165192965e-01	   2.6688016044833585e-01	   5.2830584361999755e-01	   6.2159063450743191e-01	   6.3410828434652655e-01	   7.7553815254287684e-01	   6.6295701855499001e-01	   6.7540320536775222e-01	   6.4514082973578524e-01	   8.8283344660643248e-01	   7.7317874411600573e-01	   5.3694473714141966e-01	   5.9207982910852031e-01	   7.6733894596332430e-01	   8.7781960815704374e-01	   5.6776960295251033e-01	   5.0197502805790950e-01	   6.5122138284112563e-01	   5.3370386322464125e-01	   8.1075807188741833e-01	   7.8910374349601031e-01	   8.2252688185759992e-01	   7.4049220565091534e-01	   6.6037878285601270e-01	   6.4121669623519595e-01	   8.2407410311985307e-01	   7.3308887844098825e-01	   1.0973374164382708e+00	   9.2883538593338444e-01	   7.7249227588621472e-01	   7.9329145702890491e-01	   7.7351676051190033e-01	   6.7530388786762707e-01	   7.7817418458562637e-01	   6.7354004270419754e-01	   8.7405475094516161e-01	   7.0459074331113813e-01	   7.4038999954933993e-01	   7.0782616821743816e-01	   6.5437302209847881e-01	   5.9686280404528846e-01	   6.6056178860120451e-01	   6.2754926215347262e-01	   7.4747938833524763e-01	   7.8318290370216914e-01	   5.9328053582302143e-01	   8.3044754310522806e-01	   7.8287773368504632e-01	   8.6980370083968306e-01	   9.1841386758637178e-01	   9.9163788966243138e-01	   7.1163412801273573e-01	   8.1798238326545225e-01	   4.7413803340666916e-01	   3.8323762379175980e-01	   8.3898436025560796e-01	   8.1627114052994487e-01	   8.2961914374413570e-01	   8.4072612877479647e-01	   1.0442152648921281e+00	   1.1672694399982213e+00	   1.7246855846325437e-01	   5.8477215002576777e-01	   8.7426053001907089e-01	   8.3795130138093499e-01	   8.8479605908627168e-01	   9.7004566590024965e-01	   7.7532242812158358e-01	   1.0140995350305273e+00	   7.3906307551165895e-01	   7.4606211613587325e-01	   1.6478645880538431e-01	   3.9028889602503057e-03	   3.2508767849698755e-01	   5.1838319199803640e-01	   1.0714475360335320e-01	   5.6244397204970675e-01	   9.4164500749540903e-01	   7.4132910255121054e-01	   6.4340660065312527e-01	   7.0867211363337823e-01	   3.5471480129512600e-01	   1.6233183804575227e-01	
   9.0491991993627141e-01	   8.0346794210354067e-01	   7.7158251935711586e-01	   1.0176357648374079e+00	   9.0076625463278126e-01	   1.3743712881058716e+00	   1.0441003850887816e+00	   1.4228212173265287e+00	   1.3393153517801939e+00	   0.0000000000000000e+00	   1.0031724679844314e+00	   9.9416332453971856e-01	   9.5464535399691453e-01	   9.2121620506850010e-01	   9.3106059520013162e-01	   1.0934083330095759e+00	   8.1591668474814061e-01	   6.5686637401283265e-01	   9.7271527072030106e-01	   9.7530055031363694e-01	   6.2077745674432794e-01	   6.6718109901847999e-01	   6.4120036203085384e-01	   6.7126789223738192e-01	   3.4360253408819469e-01	   5.6633752244785007e-01	   3.8923792996113249e-01	   4.7291037220862925e-01	   9.0080528381920399e-01	   9.4243056609081388e-01	   6.4021620208704766e-01	   7.3619482132902603e-01	   8.3929893928356780e-01	   8.7995842625878729e-01	   1.4176768004466356e-01	   3.6353311324822324e-01	   5.6809470339463741e-01	   5.9258633006611805e-01	   7.1799754159438789e-01	   7.0500187481802867e-01	   5.9108432916699527e-01	   6.1439615868726749e-01	   7.0051837550913287e-01	   6.9277697019794027e-01	   3.8228226450770814e-01	   4.7333441876759341e-01	   6.2809950254217584e-01	   6.8884122511838330e-01	   4.4964009004385991e-01	   4.4527001052341553e-01	   5.4740549622969792e-01	   4.3417301877657755e-01	   7.0218434842536648e-01	   5.7619207321829558e-01	   7.0012553254000731e-01	   6.5549719431078679e-01	   7.3905651317183285e-01	   7.1419902020609083e-01	   7.1125222632177376e-01	   7.4759160092877053e-01	   1.0191768339445744e+00	   1.2199459922537779e+00	   7.8365223085519431e-01	   8.6151397509504468e-01	   6.5045510199815626e-01	   6.5483930518004940e-01	   5.5596418564780170e-01	   5.0475436625414860e-01	   8.5567523499920395e-01	   6.2596617544938238e-01	   6.3142954646440907e-01	   5.5432199551880301e-01	   7.4049947190088150e-01	   7.0567761297347220e-01	   7.2030204396701925e-01	   7.5702488324346451e-01	   7.0174769106342805e-01	   7.4630199843633327e-01	   5.6324011768172966e-01	   9.0907535091217373e-01	   8.5488943131077066e-01	   8.6207685973820358e-01	   7.9413929845444031e-01	   9.1769917148632663e-01	   7.2728045157065746e-01	   7.1333386092804474e-01	   3.6978604141847077e-01	   3.9661263147232106e-01	   7.8445913951614799e-01	   7.1538706922339246e-01	   6.6560047173802406e-01	   5.2488121425547829e-01	   8.3173781230104094e-01	   7.7135407085290952e-01	   1.7229536974784503e-02	   4.4562535770563844e-01	   8.1903000399927939e-01	   7.6253479235156940e-01	   7.4472069719875467e-01	   7.9251384875988840e-01	   5.8468939961435884e-01	   6.9822578127735457e-01	   6.0121087887415414e-01	   5.2843670169782930e-01	  -9.3848503585926626e-03	  -1.5404498127496988e-01	   3.4585532599138874e-01	   4.8395310749500964e-01	  -8.0024650383038708e-03	   4.6237678468223309e-01	   8.5090750243239066e-01	   5.5130105161870213e-01	   4.4696387246824487e-01	   5.8523441611571925e-01	   2.6850633907766497e-01	   3.0714760705628918e-01	
   1.6245895759984970e+00	   1.3907716520409497e+00	   9.8233203331919239e-01	   9.6805084873367175e-01	   1.0200246499167238e+00	   1.1463512937350193e+00	   1.0231322635266908e+00	   1.1470135757504401e+00	   1.0641377358784854e+00	   1.0031724679844314e+00	   0.0000000000000000e+00	   1.8146760149734038e+00	   2.1694495632572051e+00	   1.6471901810677769e+00	   1.6745205929392353e+00	   1.6048920242209628e+00	   1.4001358429082245e+00	   1.1786999136200069e+00	   1.5446454136331016e+00	   1.4879205384277676e+00	   7.5763452369233386e-01	   6.6417694428449114e-01	   7.9396167538232609e-01	   7.5749197530272339e-01	   4.6879639099886289e-01	   5.1708720234794714e-01	   6.0988606985381333e-01	   6.4001787908152741e-01	   1.4687274452381649e+00	   1.2841536688645243e+00	   7.0871034972813129e-01	   7.2984652567600949e-01	   1.2958217335660227e+00	   1.1946489825471966e+00	   2.4190358142880175e-01	   4.8036893962187288e-01	   1.0016518516915784e+00	   9.1594944299199643e-01	   9.7628512795421940e-01	   9.1231216432977114e-01	   1.1088839525103713e+00	   1.0541759135229725e+00	   7.5546400647944845e-01	   8.3851615593022677e-01	   5.8338406978647417e-01	   6.6214279025908551e-01	   6.8518551452140086e-01	   7.7094183541572558e-01	   5.9913592745309618e-01	   4.9216994989966090e-01	   6.5582299563108082e-01	   5.4136449911058282e-01	   8.1552210470042030e-01	   5.6284140036825836e-01	   9.8880593356205093e-01	   1.0099658175680750e+00	   1.2004741482893084e+00	   1.1646916847125963e+00	   9.7353285344175877e-01	   9.2598224390488681e-01	   1.5651746528172692e+00	   1.1421895741764003e+00	   1.3949260604240141e+00	   1.2451819478039192e+00	   8.7399540250295882e-01	   6.9428560759149927e-01	   7.5187721627069148e-01	   6.9928676394438005e-01	   1.1515842442191095e+00	   9.7598123973997497e-01	   7.8406496844183560e-01	   6.6202411516090587e-01	   1.0782204575246117e+00	   1.0505270030686069e+00	   1.0114548754080941e+00	   9.3835801037311428e-01	   1.2044522147800221e+00	   1.2108067996487097e+00	   9.3430020122383306e-01	   1.3318950287594655e+00	   1.2471944162370074e+00	   1.3358548185730923e+00	   1.2404148856414661e+00	   1.4040858423284215e+00	   1.2553390856533493e+00	   1.1614270894685172e+00	   7.8044077291231873e-01	   7.0569583112839662e-01	   1.1073963690590589e+00	   9.0928158680222959e-01	   5.4739326846040748e-01	   4.9980385492413543e-01	   8.0496722969212220e-01	   7.8698637245475622e-01	   3.0572338411691063e-01	   7.3850693041550031e-01	   9.5632535562948917e-01	   9.2781867738849622e-01	   8.5909350234410931e-01	   9.6023894235409635e-01	   8.2840028486733575e-01	   7.5337199870983718e-01	   8.2090811734923208e-01	   6.3916037988880547e-01	   1.8668198651759807e-01	   6.1865219612214736e-02	   2.5080472081579319e-01	   4.9428826376223345e-01	   2.3212912608912750e-01	   5.9553023792732029e-01	   9.6062214200174223e-01	   6.8125791983251205e-01	   5.9050613072080760e-01	   6.9083136634245035e-01	   3.6341134004672393e-01	   1.3788684397488911e-02	
   1.6537005787667209e+00	   1.5860215927029351e+00	   9.6497869899367794e-01	   1.1392088788994479e+00	   9.7018094748922101e-01	   1.1777238011051927e+00	   1.0080293068603812e+00	   1.3502346949158617e+00	   9.3477229235981529e-01	   9.9416332453971856e-01	   1.8146760149734038e+00	   0.0000000000000000e+00	   1.5657822714702179e+00	   1.8725347619231956e+00	   1.5007657841372168e+00	   1.6420852737106884e+00	   1.4508057557800071e+00	   1.2328217468156513e+00	   1.5206085722546456e+00	   1.6451311186593474e+00	   8.5304014269280348e-01	   7.9260704471150922e-01	   8.3506048544894584e-01	   8.3110068617591859e-01	   5.5420171950895258e-01	   6.2548442355566314e-01	   6.6270166316203438e-01	   7.0267502444777197e-01	   1.5477953161891760e+00	   1.3210880337480895e+00	   8.1296164186879694e-01	   8.3898436010358235e-01	   1.4279167932252339e+00	   1.4468685710013285e+00	   3.0459704024274431e-01	   5.6799509215685506e-01	   1.0859905411865804e+00	   9.5500478193025118e-01	   1.0235952827302746e+00	   9.5444555982323442e-01	   1.2652789109899460e+00	   1.0943552482014902e+00	   8.5101746427442992e-01	   9.8487901969568947e-01	   6.9301488209300999e-01	   8.0774518435289733e-01	   8.0347408659774422e-01	   8.7009776572241793e-01	   7.1710166998168434e-01	   5.9678506194046321e-01	   7.6879212956378740e-01	   6.3557180580348904e-01	   9.1310506366267796e-01	   5.7999962471472721e-01	   1.0872579232995288e+00	   1.1355482593967996e+00	   1.2219983366404763e+00	   1.2175034842852344e+00	   1.0565044768639171e+00	   1.1029387269598676e+00	   1.3906653665086472e+00	   1.3114816986577058e+00	   1.3941883152130163e+00	   1.4163814204080347e+00	   8.8060346537063305e-01	   8.1988819389384382e-01	   8.2099918194534438e-01	   8.4179651861069460e-01	   1.1272590202397976e+00	   1.0531078257994466e+00	   8.8795924512204083e-01	   7.7027040578780048e-01	   1.1937402156280761e+00	   1.1883540858308095e+00	   1.0969453482494973e+00	   1.0013016933547061e+00	   1.3613637709530275e+00	   1.4129653155115895e+00	   1.1124626429333786e+00	   1.4801524750958228e+00	   1.3239146388305283e+00	   1.4312793451392360e+00	   1.2552243698233980e+00	   1.4063207270847051e+00	   1.3301579689168828e+00	   1.2671714252610611e+00	   8.3588103522346491e-01	   7.7509205727312602e-01	   1.1232536253781342e+00	   9.5813748401980292e-01	   6.2332648731540230e-01	   4.6639041076898918e-01	   8.7784027628036032e-01	   7.2871126261238905e-01	   3.1415902512582594e-01	   8.1408821367834205e-01	   9.7303639835785172e-01	   1.0210437525188045e+00	   9.7369866475430888e-01	   1.0139630627676237e+00	   9.0823796717464589e-01	   7.3569780733999801e-01	   8.7703610333851090e-01	   6.6849774547795826e-01	   2.2414456952083089e-01	   1.0403092408699090e-01	   2.1412387347764938e-01	   4.7855506876421922e-01	   3.0002911452965136e-01	   6.5836528993858767e-01	   1.0111643336112131e+00	   7.3386492300716211e-01	   6.8622001987198267e-01	   7.2122467751842601e-01	   3.6471417262692851e-01	  -4.5054578848044667e-02	
   1.4735979129946699e+00	   1.3018677119801736e+00	   1.0342709771813356e+00	   9.3684296087606134e-01	   1.0155356395155497e+00	   1.0998788957029388e+00	   1.0120179490339654e+00	   1.1242019065886575e+00	   1.0939114229186762e+00	   9.5464535399691453e-01	   2.1694495632572051e+00	   1.5657822714702179e+00	   0.0000000000000000e+00	   1.5107069416682342e+00	   1.6549640832307495e+00	   1.4144757692107279e+00	   1.2802162010040863e+00	   1.1298962077003112e+00	   1.3808161975804887e+00	   1.3390531961834022e+00	   8.0442488677834778e-01	   6.8133193288483695e-01	   8.6539338807483079e-01	   7.9155418137073164e-01	   5.4238659168080450e-01	   5.8090677385136946e-01	   6.8036038998159698e-01	   7.1767966991818977e-01	   1.2555543992159797e+00	   1.1342477492255756e+00	   7.3004736664127201e-01	   7.3487354557511197e-01	   1.2436822518203074e+00	   1.1160957219073195e+00	   3.4452458131789732e-01	   5.4898493954366212e-01	   1.0908013738018101e+00	   9.8483986892772024e-01	   1.0218952259971945e+00	   9.3282757087540169e-01	   1.1178796920513145e+00	   1.0532532165171382e+00	   7.6022094291219122e-01	   7.8426281526723773e-01	   5.5030133357712729e-01	   6.1840677036549974e-01	   6.7397047642645347e-01	   7.4661633791494852e-01	   5.5010538023315148e-01	   4.4746001051133244e-01	   6.0780227900444284e-01	   4.9561577662555606e-01	   7.7735634719651603e-01	   5.5606689995269698e-01	   9.9840971935158584e-01	   9.7481673151582171e-01	   1.1389604435231591e+00	   1.1072517331109675e+00	   9.0676436831685769e-01	   8.4286817428819472e-01	   1.6128501057288798e+00	   1.1166555012409518e+00	   1.1470078184547381e+00	   1.0783885816600567e+00	   9.6485960370051338e-01	   7.4244793409080112e-01	   7.6077710891778894e-01	   6.7951647527664416e-01	   1.1042926195552405e+00	   9.2672871749503682e-01	   7.7256563064329387e-01	   6.5964290274603166e-01	   1.0067449960569343e+00	   9.8480247414463529e-01	   9.4507682696424644e-01	   8.8061198418271835e-01	   1.1656878854030157e+00	   1.1657158351928745e+00	   9.5072279626874023e-01	   1.2761308522520616e+00	   1.1653235741579220e+00	   1.2656316790453599e+00	   1.1988436346033260e+00	   1.3268678728649554e+00	   1.1554872109053345e+00	   1.1019585901455380e+00	   8.4672245542361846e-01	   7.0733713486553351e-01	   1.1497471729412567e+00	   9.3981245242447298e-01	   5.6164960571889133e-01	   5.4824980291349501e-01	   8.5719452561839093e-01	   8.6180147306822041e-01	   3.5554337967760785e-01	   7.8420064367399989e-01	   9.2055610170814517e-01	   9.1838409063332715e-01	   8.3877474713946465e-01	   9.9395158647026216e-01	   8.1830381440621835e-01	   7.9959380807926994e-01	   7.7810636748412920e-01	   6.5012426478003604e-01	   2.3786870524173753e-01	   1.2295636575758005e-01	   1.9875412358715622e-01	   4.5552492152246082e-01	   2.9175688284664120e-01	   6.4448109633191863e-01	   9.8190739846251029e-01	   7.0895207780102110e-01	   6.2800281404292313e-01	   7.0768519730206891e-01	   4.2500373671374697e-01	  -2.6431013611917374e-02	
