   0.0000000000000000e+00	   1.5905871543615442e+00	   2.7911394421124119e-01	   4.9304917945411919e-01	   3.7492336346453736e-01	   4.7004072255812268e-01	   2.5783777791461721e-01	   3.6703320481560003e-01	   2.5643954546953884e-01	   2.1170321182089530e-01	   7.3999504092781265e-01	   9.4772906166907012e-01	   6.0945203448040453e-01	   8.1767222310027898e-01	   7.8243264397406365e-01	   9.1664350157615715e-01	   1.0247201403159836e+00	   1.0678600818167170e+00	   9.2214312107231400e-01	   1.3819406209966734e+00	   4.5214894665361854e-01	   6.0551544655504697e-01	   3.4334353115581362e-01	   4.5787393461579212e-01	   1.8798487606828754e-01	   1.7213518285142682e-01	   4.4911462001668545e-01	   6.2911925359260223e-01	   1.0067954252575404e+00	   9.3498202933511432e-01	   1.5347195467678496e-01	   2.3997327608748836e-01	   5.6631694392232179e-01	   6.4926659379502727e-01	   2.0382844046023091e-01	   2.3272211323241823e-01	   6.7695121523515756e-01	   5.6259327282645177e-01	   4.2958815320683230e-01	   3.4620883130660374e-01	   8.4523066069467512e-01	   4.1616695737441028e-01	   6.3074987343105593e-01	   4.1013199698627301e-01	   3.2743827946519632e-01	   3.7211076129774834e-01	   6.1293715695632689e-01	   5.9710333005312144e-01	   6.2532392940818671e-01	   5.1771194134051979e-01	   6.7588837784043720e-01	   5.8749097314951959e-01	   7.5806502585432300e-01	   8.5925075740863965e-01	   7.1296470181920735e-01	   4.1864757241747363e-01	   1.2383512131041861e+00	   1.0039684050773043e+00	   4.5769241848365616e-01	   4.1582536755076338e-01	   3.7656671542517156e-01	   3.0841108055975280e-01	   3.2859229941533608e-01	   3.1992260360259683e-01	   1.0587158442292352e-01	   3.9178462110754891e-01	   2.6138895771239123e-01	   2.6853614940816245e-01	   7.1855538000607022e-01	   4.5307568807054344e-01	   6.0875337919926276e-01	   6.9443850156202724e-01	   8.0225757799577802e-01	   8.0714249081877099e-01	   8.2580745259062449e-01	   7.7507750681384313e-01	   9.5682166161999160e-01	   1.0277535403204812e+00	   9.2742993259581508e-01	   9.9855759523899523e-01	   1.0716665839541359e+00	   9.3414355827182172e-01	   9.2462514137422547e-01	   9.6772237875965239e-01	   7.2240198095159613e-01	   8.1450742964384382e-01	   4.6922610185470026e-01	   3.2249332461436941e-01	   5.9118299656724504e-01	   7.8906283600194271e-01	   6.4444740480911655e-01	   5.1319727317989472e-01	   4.0589266242021504e-01	   3.5726885687097870e-01	   2.5481017408844464e-01	  -1.3576396504953078e-01	   5.6143912066708479e-01	   3.1326925395834332e-01	   9.0380699982200263e-01	   8.4176670973451784e-01	   5.8168351079522662e-01	   4.4154339783056273e-01	   8.8673852259899255e-01	   8.0312064140433481e-01	   5.1311360180273169e-01	   3.6550671526197936e-01	   4.4130639062273525e-01	   7.9831557384005103e-02	   3.1011767583257410e-01	   3.3448372355245543e-01	   6.3417960477644952e-01	   7.0170180846921593e-01	   7.5676210658985954e-01	   8.8773893979368612e-01	   5.3992257145634570e-01	   1.7956444572841465e-01	
   1.5905871543615442e+00	   0.0000000000000000e+00	   3.1189676115754567e-01	   5.3786107564177321e-01	   2.9407584593574559e-01	   4.3044007368811937e-01	   2.1310610903673297e-01	   3.4792631031240651e-01	   1.0104000074923980e-01	   9.8179426663063438e-02	   4.4255413635830931e-01	   7.2340181401863191e-01	   3.9242704231357145e-01	   5.4477828666598538e-01	   5.3860138695858439e-01	   7.0418443491144889e-01	   1.0784104111992661e+00	   1.2525300180704582e+00	   7.1116409551982773e-01	   1.3220452737746879e+00	   5.3705126151591531e-01	   6.7898912117009935e-01	   3.6339234406667137e-01	   5.0654992787498543e-01	   3.1871848067120484e-01	   3.3664776892437726e-01	   4.9393361800663960e-01	   6.7233319473484732e-01	   9.7430011439569342e-01	   9.8010263587784208e-01	   2.9314522434707257e-01	   3.9044642146119946e-01	   7.2146449535672408e-01	   8.1816332617300624e-01	   3.2497708352251692e-01	   3.6626111116852827e-01	   6.5659020353889064e-01	   5.6432894870616401e-01	   4.8270831150384003e-01	   3.8693709880299160e-01	   7.7251647426179271e-01	   3.5696686330231753e-01	   7.6528007562215128e-01	   5.3697851508547756e-01	   5.0431655689973498e-01	   5.3449558407815001e-01	   7.5908826866581680e-01	   7.1501142523215266e-01	   6.8174591929458739e-01	   5.5832202582170420e-01	   6.2852223842125532e-01	   6.0354597802667742e-01	   7.1614611299142994e-01	   7.9737861625129458e-01	   6.8933163995832525e-01	   4.5355725771732963e-01	   1.5181746998633094e+00	   1.0831047287832565e+00	   2.5465416739831476e-01	   2.7802229363873748e-01	   2.5146728973856408e-01	   1.5766094971597408e-01	   3.2614201594669562e-01	   2.7093369760553643e-01	   1.7179892512496278e-01	   3.8778493071736042e-01	   2.9929115616194557e-01	   3.6930368119719437e-01	   7.6029788075192850e-01	   3.0805247858811885e-01	   6.0564062632202897e-01	   6.2401288160059842e-01	   8.1999275780325853e-01	   7.9193044516202438e-01	   8.3219433806989618e-01	   7.7458623010597494e-01	   8.9863411135082127e-01	   1.0040832420620933e+00	   1.1046881275037395e+00	   1.1272022020270354e+00	   1.2287925761464085e+00	   1.0807342410879750e+00	   8.7986086986489931e-01	   9.6185510773180716e-01	   6.5237176582280587e-01	   7.9745648852471795e-01	   4.1741044964127649e-01	   3.3680393044190188e-01	   4.3832831377266679e-01	   5.9866817064860012e-01	   6.0475192492748830e-01	   3.4961233961441801e-01	   3.0409475967018784e-01	   1.9677459974724365e-01	   1.3618538990831272e-01	  -1.5697170194526955e-01	   7.3470965089193563e-01	   4.4369515328481968e-01	   1.0356359328477351e+00	   8.1451570003853091e-01	   4.6286842308298426e-01	   3.0378573068563369e-01	   8.1885485976226446e-01	   6.9219687503012406e-01	   5.6136613609460784e-01	   3.6522040460921978e-01	   4.3166886676965627e-01	   5.6554515169284197e-02	   1.6017931666398311e-01	   4.0845889094509902e-01	   7.5720367112948872e-01	   7.9989494233612379e-01	   6.1061369012022626e-01	   8.9562690757661478e-01	   6.0712877373492291e-01	   2.8435602680864264e-01	
   2.7911394421124119e-01	   3.1189676115754567e-01	   0.0000000000000000e+00	   1.0648974532905946e+00	   9.8334274181346903e-01	   4.2059141403177275e-01	   9.9431114070620119e-01	   5.3834431092022839e-01	   4.4179971158718229e-01	   2.8354017534805059e-01	   2.0464272328569483e-01	   2.9758397510657669e-01	   2.1688580812561192e-01	   1.0462668003322699e-01	   5.6359478342038316e-01	   5.3391754102726519e-01	   1.1154964778529422e-01	   2.1370140685699637e-01	   7.0866957091841198e-01	   4.6350271526104858e-01	   6.1266536661972071e-01	   3.9348733397237123e-01	   1.4314226156767382e+00	   1.0306763633051526e+00	   1.1497884756765790e+00	   1.0138726425970919e+00	   9.6668265567632317e-01	   9.0433294793586583e-01	   3.8134687522326616e-01	   3.1964321973776066e-01	   1.0370793217896672e+00	   1.0158213518111974e+00	   7.4974231790902590e-01	   7.6346519761961051e-01	   1.0132296562466658e+00	   8.7919923125859623e-01	   4.0782032613139518e-01	   3.7860080083380776e-01	   7.5726651947988199e-01	   4.4599931201247345e-01	   2.9216098453194272e-01	   1.0447214292431571e-01	   7.3879484810366380e-01	   6.3458489411276475e-01	   6.1612166157465587e-01	   5.8545698213070352e-01	   6.3562112822306327e-01	   6.3945352221382690e-01	   2.9798055649244848e-01	   3.3773043201316827e-01	   2.7423049103704877e-01	   2.4449222389849484e-01	   2.3804468525694697e-01	   4.3131130243005206e-01	   4.4711026280052113e-01	   3.8786731909611494e-01	   1.2891490392680291e-01	   1.8556044088197671e-01	   7.8165822319043628e-03	   3.0947124650613622e-01	   2.6112843712478256e-01	   2.5304797714867122e-01	   9.1851868688228602e-02	   1.5543945570617804e-01	   1.3924791043783604e+00	   9.1871245393756218e-01	   8.1762882170202533e-01	   8.1295022695433661e-01	   6.0607412798506388e-01	   4.3600573466673403e-01	   6.2807038880106825e-01	   4.9530205966788027e-01	   3.0290890432533840e-01	   2.0507877276359679e-01	   3.5154994213745572e-01	   3.3323030026338107e-01	   7.0487951150701633e-01	   4.6984019920444903e-01	   2.8640475971832463e-01	   4.3395927149181357e-01	   3.3549957764465599e-01	   4.6894262056250441e-01	   5.9681422361627734e-01	   4.8647916681726422e-01	   8.9465923226374877e-01	   6.7506263042444681e-01	   7.2930102222597926e-01	   8.0393612644785983e-01	   6.8125030086209204e-01	   5.8678788119449155e-01	   6.0378076336026942e-01	   5.1690731576284832e-01	   5.1120159326197401e-01	   5.7149983768965584e-01	   2.2746043214843045e-01	  -1.0464332201370009e-01	   6.1577921911855737e-01	   3.1407323152222733e-01	   4.9557051461506568e-01	   3.9736501194083640e-01	   3.1857501978790137e-01	   3.2979607279082684e-01	   3.3533296455940437e-01	   4.4644143068414965e-01	   7.2611869653191918e-01	   7.5993511875660180e-01	   6.4867060527236875e-01	   3.6566859931435103e-01	   1.3159697876724208e-01	   4.9546450467959102e-01	   7.9958910845128661e-01	   4.5624775661368921e-01	   3.1024690690359363e-01	   3.7124711204274335e-01	   5.6427209173482029e-01	   4.4535833139560688e-01	
   4.9304917945411919e-01	   5.3786107564177321e-01	   1.0648974532905946e+00	   0.0000000000000000e+00	   8.1383098075377613e-01	   8.7934694800219426e-01	   8.5250417879778573e-01	   9.6218034365709648e-01	   3.6656481138547825e-01	   4.9454676287323568e-01	   1.9110879212328066e-01	   6.0448630581772900e-01	   1.7939449975602320e-01	   3.2560846047386643e-01	   4.7237872022247773e-01	   7.7225473519667687e-01	   3.0269909693027541e-01	   4.5883814316245158e-01	   6.0094623892246213e-01	   6.3440703468117821e-01	   5.4370543510846403e-01	   4.9448222266718922e-01	   9.9542698738144597e-01	   1.3275282033951614e+00	   8.4598545295789229e-01	   9.3529025494602358e-01	   7.9894913770384512e-01	   9.1110351991284988e-01	   5.7755474959145003e-01	   4.9720273667153114e-01	   8.3188927091200815e-01	   1.0866729245875464e+00	   7.6291541292196086e-01	   8.9568201194661068e-01	   7.7721843641352728e-01	   8.4810094103355183e-01	   4.8077775929160871e-01	   4.3878272025533460e-01	   7.2206804421420667e-01	   4.4954001566092816e-01	   4.5002707403418052e-01	   2.0360702490636234e-01	   8.4225932382590751e-01	   7.4653643822271420e-01	   6.4610019088725246e-01	   6.6308194907165241e-01	   7.8119746807095458e-01	   8.5023324719688576e-01	   4.2100348393609371e-01	   3.7772791365923836e-01	   4.2823526959239788e-01	   3.8299576973744054e-01	   4.7382736804111492e-01	   6.6368842821905649e-01	   6.3423033667136541e-01	   5.7990600102773160e-01	   4.3028944428421267e-01	   4.9068447588411368e-01	   1.0679360858063043e-01	   5.3938511465193839e-01	   2.6328381977586574e-01	   5.0815183416416065e-01	   2.3773548248836385e-01	   3.7088695729576260e-01	   1.0047679863217576e+00	   1.1997606273394328e+00	   7.8784046562963550e-01	   9.7461441605802024e-01	   7.1628787688114481e-01	   5.7105340737396904e-01	   6.4312587504345453e-01	   7.1503219881905200e-01	   4.9128919554578593e-01	   4.2257473467470846e-01	   5.5189301945254110e-01	   5.5138511212081742e-01	   7.8865604539287815e-01	   7.1723927040717272e-01	   5.0279481614139165e-01	   6.1037719058455531e-01	   5.4636826766419144e-01	   6.5845528083599780e-01	   7.0120441434362379e-01	   7.1137259190948365e-01	   9.1129911498656213e-01	   9.7137382466764266e-01	   8.0894316802115374e-01	   9.9415985055433265e-01	   6.9115032963237433e-01	   8.7701672312938572e-01	   9.0529196288673042e-01	   6.2095487237041491e-01	   8.8580468543512914e-01	   5.8495521649329041e-01	   2.5154835288110305e-01	  -1.0220357079284258e-01	   6.8196843913226557e-01	   4.9960376492893888e-01	   7.5917190762370379e-01	   6.4214084229090163e-01	   6.5890146710580322e-01	   4.3130032033627708e-01	   5.8824385995301254e-01	   6.6266998987902659e-01	   9.3093684006963406e-01	   7.3148600509078920e-01	   7.0090969992966135e-01	   2.9202529895717899e-01	   2.5900125945501318e-01	   5.9063799552258578e-01	   8.5840696797799421e-01	   5.7417990367457761e-01	   4.7741945256849222e-01	   5.5964701964238583e-01	   7.4360679574624466e-01	   4.6510347087618298e-01	
   3.7492336346453736e-01	   2.9407584593574559e-01	   9.8334274181346903e-01	   8.1383098075377613e-01	   0.0000000000000000e+00	   7.8956882429346131e-01	   1.1934223883460022e+00	   7.9219167101964505e-01	   1.0488537522244932e+00	   6.4794271800911918e-01	   5.1184429563668266e-01	   4.9257218522417734e-01	   5.1489981373210147e-01	   4.0538306920196299e-01	   5.7697775222254855e-01	   5.1258539009529103e-01	   1.5277179150323200e-01	   2.0925273058022148e-01	   8.1914012618296417e-01	   5.4512733294664362e-01	   2.6053391287446126e-01	   1.9454945674749902e-01	   6.8309727684982136e-01	   5.3936528912952275e-01	   5.4778184319659229e-01	   4.7844932114842781e-01	   4.7911622719932956e-01	   4.4426653622328616e-01	   3.9974973627629562e-01	   3.1181370680506837e-01	   5.1957761879890030e-01	   5.2914006064632702e-01	   5.1241054094276439e-01	   5.9183975940487632e-01	   6.5090980906964857e-01	   5.3043989573473482e-01	   2.3124917297585473e-01	   1.3313676001171390e-01	   4.0402793989665370e-01	   1.5122546419125543e-01	   2.4403041185316660e-01	  -6.1870413131096667e-02	   4.4658155876910444e-01	   2.6933494897033416e-01	   3.9371868171128127e-01	   3.9353225614218562e-01	   3.5804464012546361e-01	   3.8836830480641499e-01	   1.4133644080879132e-01	   1.9825217767322567e-01	   2.2213473385865534e-01	   1.0357104820054550e-01	   2.7874665264209275e-01	   4.4830611204814208e-01	   3.2290872548280458e-01	   1.3587917342449543e-01	   1.1003430822020525e-01	   2.2638943695206909e-01	   2.6869771838247419e-01	   4.4553296752139870e-01	   5.2494241081844573e-01	   5.3307335213653351e-01	   1.1104477367188602e-01	   2.6298078116862350e-01	   7.7467380402771169e-01	   7.1997121167644795e-01	   6.5882628865626347e-01	   5.9806512887727381e-01	   5.0228132491037158e-01	   6.7732987471074035e-01	   5.6915567147936763e-01	   5.5776519431315141e-01	   2.6371603978903480e-01	   1.9040950980202048e-01	   3.1677553675348402e-01	   3.1254242565927071e-01	   6.5777300849547538e-01	   4.3868744167524409e-01	   2.1975625925643877e-01	   2.8378841951808464e-01	   2.6112261164828010e-01	   3.1570456240578620e-01	   4.8900469537694935e-01	   4.4975590512158831e-01	   5.9513208112470417e-01	   4.0337263051494271e-01	   4.7979256401740700e-01	   3.7236392996847328e-01	   6.8106473123328970e-01	   5.8663202061696063e-01	   6.2502258111412068e-01	   7.2800263643278551e-01	   5.7936173019728698e-01	   8.0595955030796662e-01	   2.6494129422426715e-01	  -1.7414251676087365e-02	   4.3996043819876973e-01	   1.6104635724737626e-01	   4.5327461480964493e-01	   4.3465298861983015e-01	   4.8335722927644631e-01	   5.9562418830843111e-01	   4.1416134645601815e-01	   5.5696934193878000e-01	   5.8440110518683430e-01	   5.5647412769052451e-01	   6.1775060798104642e-01	   4.4374878554084851e-01	   2.0448025234419234e-01	   3.5781665095136278e-01	   6.4110112637933980e-01	   4.7096493505034326e-01	   5.4204705087397298e-01	   3.9051080136629301e-01	   4.5276672337434132e-01	   2.9002864424163921e-01	
   4.7004072255812268e-01	   4.3044007368811937e-01	   4.2059141403177275e-01	   8.7934694800219426e-01	   7.8956882429346131e-01	   0.0000000000000000e+00	   7.9280809763761129e-01	   1.2359352886347210e+00	   7.4458333481325301e-01	   1.0270003116377693e+00	   4.9048908504278549e-01	   8.3251830921449488e-01	   4.9309497069669495e-01	   7.1215434426139224e-01	   3.5250420083770689e-01	   6.3674822433865608e-01	   4.0060566956467408e-01	   4.6965364936004417e-01	   4.6416169907236787e-01	   5.5163462321660373e-01	   1.2366085218093417e-01	   2.3029005641835132e-01	   2.7861495676955828e-01	   4.0410327727144585e-01	   1.3965080935902688e-01	   2.3853426977732586e-01	   1.8420505131861190e-01	   2.7858808731508616e-01	   4.5431225325379709e-01	   4.5564817563113746e-01	   2.3601995587409369e-01	   3.6711031631567792e-01	   3.5163418972669758e-01	   4.8640648651121965e-01	   2.3186682516751678e-01	   2.4829975406808738e-01	   1.4256793800771864e-01	   6.0592660812758298e-02	   1.6970954474559874e-01	  -2.5807234453742858e-02	   2.7240797695577212e-01	   2.8548937744792786e-02	   3.4794994909668264e-01	   2.6735215260290512e-01	   3.0626695195163034e-01	   3.9070276435155338e-01	   3.2417026948229521e-01	   3.9204716036784798e-01	   2.4902950983296293e-01	   2.6656728490070841e-01	   2.3767516821104240e-01	   2.0637107473899949e-01	   3.5529546317558558e-01	   5.3480667444375585e-01	   3.2769156287972379e-01	   2.0468266205019650e-01	   3.4357258314269018e-01	   4.7060934586679026e-01	   3.6061781822209488e-01	   5.8484746534867815e-01	   5.4186027227558076e-01	   7.6507354029610064e-01	   3.1215128589981300e-01	   5.2594707464961654e-01	   3.8317832023725534e-01	   6.0738762627915543e-01	   3.9759566346507508e-01	   4.7098414250120679e-01	   3.3526134548461761e-01	   5.7357020584236362e-01	   4.6380369912374919e-01	   6.4524595717322641e-01	   3.7960520918267199e-01	   3.6760071300610986e-01	   4.4339532484206257e-01	   4.5420306877346167e-01	   5.7582400509024190e-01	   5.5946177918690498e-01	   4.1673514607308199e-01	   3.5769480181574564e-01	   4.3263198121705310e-01	   4.6400936109234253e-01	   3.5344882449546966e-01	   5.6564549687262833e-01	   4.0885027367312826e-01	   5.0298122476282392e-01	   2.3169496703506479e-01	   2.1511106733618074e-01	   5.2704963435041274e-01	   6.4683729487728014e-01	   9.5076457075380194e-01	   8.0479793334600802e-01	   1.0387757694105904e+00	   7.4175963188587779e-01	   9.1422725910056818e-02	  -5.0291520558925877e-02	   3.4691041696113928e-01	   4.1596767780930377e-01	   6.9859476862525083e-01	   7.1074637072502700e-01	   9.4011235527194492e-01	   7.6776286909566127e-01	   7.1005684317811901e-01	   7.3952426592999121e-01	   6.8328149667811899e-01	   4.8912389803857736e-01	   5.8476094258846134e-01	   4.2796486989353327e-01	   2.7779032180080276e-01	   5.7445548766306898e-01	   4.7516413789947154e-01	   5.7687107526996817e-01	   8.1418411694437076e-01	   5.8825428976227057e-01	   5.3818863097416902e-01	   3.3025894458715671e-01	
   2.5783777791461721e-01	   2.1310610903673297e-01	   9.9431114070620119e-01	   8.5250417879778573e-01	   1.1934223883460022e+00	   7.9280809763761129e-01	   0.0000000000000000e+00	   1.1628153735489568e+00	   9.7545599208643141e-01	   7.5035075751845770e-01	   4.0126514225864962e-01	   5.3497671615842934e-01	   4.0430539317835595e-01	   3.5077233846294981e-01	   4.2023380050107839e-01	   4.7030225212405374e-01	   2.0778612647467457e-01	   2.2845566843528858e-01	   6.9146420000362829e-01	   4.6225476031892537e-01	   2.6765863445147153e-01	   1.7031448361363988e-01	   5.9282105939408181e-01	   4.7452638894363974e-01	   4.6739739929772389e-01	   4.2455064905807782e-01	   2.7146034839741551e-01	   3.0257571030235880e-01	   4.3517645109773306e-01	   3.8348560996007397e-01	   6.6977351893878945e-01	   6.6234081751320495e-01	   6.3942337400834559e-01	   6.9051490029469753e-01	   6.1192512481910544e-01	   5.2700090329211391e-01	   5.9002064429509164e-02	   8.2657357179326035e-04	   3.3094364539288035e-01	   2.4221782197793813e-02	   1.3920332587772016e-01	  -5.1942617201291216e-02	   4.1062417900486009e-01	   3.2457815854916466e-01	   5.0675832799995968e-01	   4.6844064625429105e-01	   3.7689578980663274e-01	   3.7818577824244132e-01	   1.5295718587880469e-01	   1.8347646234839293e-01	   9.8824087282570569e-02	   6.7354868492381079e-02	   1.7320412158574988e-01	   3.2638878680226574e-01	   2.3433063732866335e-01	   1.6848632788619947e-01	   9.2858435578543869e-02	   2.5110582774994927e-01	   2.5739295620830094e-01	   4.5835383776526473e-01	   7.0483254405740892e-01	   6.4680456022135435e-01	   4.3366915591022398e-01	   5.5969441959550825e-01	   9.4993324907392063e-01	   6.8510333401303958e-01	   8.7523544527045516e-01	   7.8448837430107665e-01	   4.7757355305045135e-01	   7.0127760256794780e-01	   4.7401811284508094e-01	   4.4609487773466228e-01	   2.3975694606994324e-01	   1.6922290334850937e-01	   2.9812033537953636e-01	   2.9125456603722683e-01	   6.2895837972230917e-01	   4.3508274927455892e-01	   2.4694889652313101e-01	   2.6933326417908265e-01	   3.0233508119424746e-01	   4.0834037200682849e-01	   5.1024449537287841e-01	   5.7123533776118918e-01	   5.4390164563063992e-01	   4.9287141596723832e-01	   3.7491047208580314e-01	   3.8308995303160898e-01	   6.4002872747141970e-01	   6.0679332346368353e-01	   8.7736006030563163e-01	   8.6412984164688078e-01	   7.6307686718724588e-01	   8.9566534683856736e-01	   2.4674768425466809e-01	  -1.0991381377262710e-01	   4.3343750904063344e-01	   2.4828009988170591e-01	   5.6925429538122907e-01	   5.5732432737165205e-01	   6.7579100076585885e-01	   8.8130110126368777e-01	   5.5990460299775546e-01	   7.3784072583380556e-01	   6.4233400148938391e-01	   6.7159009205673681e-01	   7.3876217123191024e-01	   6.0309205985081193e-01	   2.6033818975435946e-01	   4.9169236318957737e-01	   5.8752439131059997e-01	   4.6867661201977517e-01	   4.4074897632017646e-01	   3.5083491902735819e-01	   4.2179583204107268e-01	   3.2129893945641674e-01	
   3.6703320481560003e-01	   3.4792631031240651e-01	   5.3834431092022839e-01	   9.6218034365709648e-01	   7.9219167101964505e-01	   1.2359352886347210e+00	   1.1628153735489568e+00	   0.0000000000000000e+00	   7.9519097471658762e-01	   1.1371977334825794e+00	   3.7215484193413506e-01	   8.3585829398115230e-01	   3.8040057720034909e-01	   5.6733742705065926e-01	   2.6248149798369996e-01	   5.2733788368752710e-01	   4.0922259838384478e-01	   4.4036832850744928e-01	   4.5358569234470680e-01	   5.0248065954635246e-01	   1.8098656448701519e-01	   1.9260689238844630e-01	   3.3910745164382772e-01	   4.2603993122117484e-01	   2.7078945214168515e-01	   3.2594229493785282e-01	   1.3414330509243130e-01	   2.1923437097946569e-01	   5.8289763681386308e-01	   5.8611612669514690e-01	   4.8302512741526366e-01	   6.1454218902038216e-01	   5.8099249557808830e-01	   7.3676404672101858e-01	   4.0339903411876721e-01	   4.0023825745332164e-01	   8.2064236296508136e-02	   2.9180102616591101e-02	   2.5938973878552857e-01	  -1.1616911577290648e-02	   2.5112568860042161e-01	   1.4012922149797030e-03	   3.9286728193586962e-01	   3.2930386646337501e-01	   5.1657475761417582e-01	   5.3939500132097074e-01	   4.1391231261975264e-01	   4.4465467941932130e-01	   2.8809657007520684e-01	   2.4300298911060070e-01	   2.5367980802431778e-01	   2.1576874959811942e-01	   3.8225139383288459e-01	   4.8572019363752361e-01	   3.5549823046747714e-01	   2.9447097306353764e-01	   2.8855366487861173e-01	   4.3160658149603370e-01	   3.6549425252898704e-01	   5.3838598000535220e-01	   7.3655255781673057e-01	   9.7409919560654712e-01	   5.7903592555364891e-01	   9.0977539888838299e-01	   6.0838058408337559e-01	   6.4379260070344935e-01	   6.4089020195610569e-01	   7.0898832061956041e-01	   4.2091943455915348e-01	   6.0576769485517912e-01	   4.8754714978993519e-01	   6.2010023766258715e-01	   3.8613466787796463e-01	   3.6183506693774065e-01	   4.6333600543591735e-01	   5.1458708917858209e-01	   6.2441994680556190e-01	   6.2047566971971357e-01	   4.4414796770305232e-01	   3.8075444695755417e-01	   4.9448998721322152e-01	   5.6582963363566618e-01	   5.3644058652472448e-01	   7.4598445118636503e-01	   4.7570402906700471e-01	   5.8614473296669001e-01	   3.5522441674654737e-01	   3.2870849014316500e-01	   6.6057115879182338e-01	   7.5807376909004320e-01	   1.0125851496630134e+00	   7.7755860135655097e-01	   9.2297118144298107e-01	   7.3498815102597370e-01	   1.7299895068583765e-01	  -1.2273451349981856e-01	   4.2391460626264077e-01	   3.7325350408051344e-01	   7.0053090988357936e-01	   6.6671765863030596e-01	   8.9863809252708049e-01	   8.4212735131972982e-01	   7.3149092370258806e-01	   8.0531679857038552e-01	   6.9269423693884380e-01	   5.5160069330246997e-01	   7.0164798667242578e-01	   5.2451413210554432e-01	   3.3031280802531382e-01	   5.4069948259243228e-01	   5.4340375893720316e-01	   5.3019152944507297e-01	   5.6936033494786042e-01	   5.1702132227916953e-01	   5.4337684946280751e-01	   3.7407574730460436e-01	
   2.5643954546953884e-01	   1.0104000074923980e-01	   4.4179971158718229e-01	   3.6656481138547825e-01	   1.0488537522244932e+00	   7.4458333481325301e-01	   9.7545599208643141e-01	   7.9519097471658762e-01	   0.0000000000000000e+00	   1.0054289531906082e+00	   7.9317700078338982e-01	   6.3467748933749280e-01	   7.6240525524691027e-01	   6.8653374758789598e-01	   5.7036922224159992e-01	   4.6556289551522256e-01	   1.4428486133773752e-01	   1.0180404983127962e-01	   5.9934709846074519e-01	   3.5661094830483980e-01	  -1.0222042404973086e-01	  -1.4756164659346441e-01	   2.3885830486266563e-01	   6.7014018431381828e-02	   3.5555291427721812e-02	  -9.5071931585919117e-04	   1.8065659284462611e-02	   1.7552853998949330e-02	   2.7614848243065815e-01	   2.5689917079192792e-01	   1.3190678310325327e-01	   1.3726236307205236e-01	   1.4699780595678624e-01	   2.3030789849648226e-01	   1.1131658027322211e-01	   2.6562942946470634e-02	   2.6946047908612457e-02	  -5.7994047123965456e-02	   1.1630209686331679e-01	  -7.2324991216161094e-02	   1.7881005779620351e-01	  -1.8878113065263095e-02	   4.2146223272988101e-02	  -6.1144824088845411e-02	   8.6424200869153298e-02	   1.2311082331485235e-01	   6.5548708018264498e-02	   7.9291601975464268e-02	   3.7439494181356926e-02	   1.2121045709543754e-01	   5.3135912169567014e-02	  -8.6465104065025587e-03	   1.2549480619798359e-01	   2.3905790263625970e-01	   1.8203806580491691e-01	   4.0076188753746265e-02	  -5.3780751546536207e-02	   1.3396756648696295e-01	   4.6796073709670349e-01	   4.6066939292609715e-01	   7.7266685478989905e-01	   7.5562291582370356e-01	   1.7158376249026253e-01	   4.2223330418016797e-01	   3.4270210846792060e-01	   3.4296855212555377e-01	   2.6483386753059635e-01	   2.0099190114430121e-01	   1.5577976656757497e-01	   5.5995283403244756e-01	   3.2420611810141275e-01	   3.3048107842179431e-01	   1.9222816476601687e-01	   1.6966471028110536e-01	   2.5805646307612201e-01	   2.7879606604433549e-01	   4.4799650868258956e-01	   3.2387240015962310e-01	   8.5832678310192798e-02	   7.1038910008915074e-02	   1.2366713520356171e-01	   1.6740503982740951e-01	   2.7862704077190387e-01	   3.3877130954059403e-01	   3.3305142450640290e-01	   2.2380965886169929e-01	   1.8193899967965033e-01	   4.2341021301895161e-02	   6.0019150459980675e-01	   5.1287850130146284e-01	   5.0434529716277754e-01	   7.1250762427651171e-01	   5.2990835100915046e-01	   8.1750442659242739e-01	   2.9612862282850450e-01	   1.3741386244108666e-01	   1.6825490787977121e-01	   1.4249068318602010e-01	   2.9308867057586507e-01	   3.6195961932437548e-01	   5.3810037642802544e-01	   7.0958260824470909e-01	   4.1641072007041735e-01	   4.7676243169726434e-01	   3.2481121787449463e-01	   2.8849154119046899e-01	   4.7522904188483389e-01	   4.6920041554211844e-01	   3.6968586226190164e-01	   2.8192080882486936e-01	   2.3739907268531796e-01	   2.6678559884780934e-01	   5.1161236684894607e-01	   2.4253004380203991e-01	   2.0164177678185505e-01	   8.6460975903308618e-02	
   2.1170321182089530e-01	   9.8179426663063438e-02	   2.8354017534805059e-01	   4.9454676287323568e-01	   6.4794271800911918e-01	   1.0270003116377693e+00	   7.5035075751845770e-01	   1.1371977334825794e+00	   1.0054289531906082e+00	   0.0000000000000000e+00	   5.3971374213210188e-01	   7.2008930616771016e-01	   5.2976815543579936e-01	   7.1675093181615446e-01	   2.9425972119270782e-01	   4.3928744326564317e-01	   1.6062051604023322e-01	   1.2887832843212055e-01	   2.8056550671126135e-01	   2.7058764916219735e-01	  -1.4361328823377340e-01	  -1.3873507208601299e-01	   1.0495839759953493e-01	   9.5412528411789960e-02	  -5.9202464491458689e-02	  -1.4341441634465777e-02	  -4.2117755364876094e-02	  -3.2265544645192689e-03	   2.1029761576826217e-01	   2.4595813277228068e-01	   5.1002375955779562e-02	   1.4990592094979685e-01	   6.4471043746238965e-02	   2.0208092284593904e-01	  -1.0261710699122264e-02	  -6.1732261948163107e-02	  -7.6510693226983381e-02	  -1.7241195816719762e-01	  -5.8907856986357768e-03	  -1.9537372678356724e-01	   6.7027739656947458e-02	  -8.7161575987013545e-02	  -9.7160213332619493e-04	  -5.5410072658096762e-02	   2.5924127361032182e-02	   7.6521592777579431e-02	   1.1788664465560567e-02	   3.8319837641793524e-02	   3.0766938196205448e-02	   2.3630975230495024e-02	   1.1939899966566980e-01	   4.0247182461362633e-03	   2.6642115755525153e-01	   3.2307478486168167e-01	   1.7053754914203298e-01	   3.1899750722001574e-02	   1.8647545568162449e-02	   1.9953198755076967e-01	   3.7321030841739583e-01	   4.3380849548936595e-01	   6.3831919503610557e-01	   1.1131334648722144e+00	   1.8609372403182262e-01	   5.6706413406448863e-01	   2.9449347329254227e-01	   3.9146636531728907e-01	   1.2874704413383461e-01	   1.4068327029650757e-01	   9.4504382769978246e-02	   4.3446881323612335e-01	   2.6818597901717744e-01	   4.0314468463357422e-01	   1.5998448925732864e-01	   1.6504748802566616e-01	   2.6103849896036591e-01	   3.3314160274014520e-01	   3.1938986971374073e-01	   3.1638041677344392e-01	   1.0174582569280517e-01	   5.9363574326813835e-02	   1.4417748042039083e-01	   1.6165160123727920e-01	   1.6477564793806693e-01	   3.4662453213128597e-01	   2.4269155138518833e-01	   2.3615864140405188e-01	   1.4450022747662461e-01	   6.7266117546498208e-02	   5.0407904067375564e-01	   5.1095912952409139e-01	   5.8506320159617498e-01	   6.3289928492988801e-01	   7.4078695428957775e-01	   7.3120282141835169e-01	   1.8883405463956343e-01	   8.0298722649742249e-02	   9.2337372647747495e-02	   2.2468265790896630e-01	   3.3383958490821963e-01	   3.7678030738121049e-01	   6.5269513135043411e-01	   6.1790015448111468e-01	   4.1274433282291961e-01	   4.3192679748096069e-01	   3.2215713303860677e-01	   2.5458478664581180e-01	   3.4978383800348378e-01	   3.4374610229350211e-01	   3.3470758401019629e-01	   3.4285854876083544e-01	   1.4995242837555081e-01	   2.9599023870676361e-01	   5.8570003154861527e-01	   3.2396892232931312e-01	   2.8864046611666239e-01	   1.9199564979527142e-01	
   7.3999504092781265e-01	   4.4255413635830931e-01	   2.0464272328569483e-01	   1.9110879212328066e-01	   5.1184429563668266e-01	   4.9048908504278549e-01	   4.0126514225864962e-01	   3.7215484193413506e-01	   7.9317700078338982e-01	   5.3971374213210188e-01	   0.0000000000000000e+00	   9.8836481258325759e-01	   1.7432028893339291e+00	   1.3858848216304820e+00	   8.6258957809447689e-01	   7.4893702182194466e-01	   4.4704374985734752e-01	   3.4944857618998681e-01	   6.7682924411052459e-01	   5.8155859349146055e-01	   7.3700891245149128e-02	   1.4003699342929515e-01	   1.4077786660331681e-01	   5.0901971129134652e-02	  -7.8122235353869113e-02	  -1.1915410139634711e-01	   1.6345971220832770e-01	   2.4750610592587680e-01	   4.3517713574937716e-01	   4.0905663735192177e-01	  -1.1551062858387368e-01	  -9.1197368669898096e-02	   7.0491846961499946e-02	   1.5253640245985214e-01	  -6.5414049610128727e-02	  -1.0026405047728443e-01	   3.5393782978418409e-01	   2.6039127229995496e-01	   2.0780250692192992e-01	   1.3723331616974127e-01	   4.5141696535272785e-01	   2.2040216762244286e-01	   1.8436526550677493e-01	   8.2677461228112842e-02	  -6.9245915168593443e-03	   9.2926834922900298e-02	   1.7352387868052299e-01	   1.7544431442317188e-01	   2.4713412786329542e-01	   3.4459817640068313e-01	   2.5844352250623948e-01	   2.2820400352625775e-01	   2.7517041357536448e-01	   3.7554172630394678e-01	   4.5247583807426628e-01	   2.3699400170147472e-01	   2.6119500018473507e-01	   3.8374423099026522e-01	   8.6551340620220363e-01	   4.8387436355448599e-01	   8.0869744193755089e-01	   5.6593552128911662e-01	   1.5063749939115526e-01	   2.4920748798351841e-01	   1.3968910393914149e-02	   3.0468306774607190e-01	   7.5645586029793002e-02	   4.2441411266173051e-03	   1.4081014103842013e-01	   3.6317181354378825e-01	   4.3765304241975933e-01	   4.9641669896670115e-01	   3.9082901419806293e-01	   4.3576390013528382e-01	   4.9811987987334339e-01	   5.1765044773584989e-01	   6.3527791188561722e-01	   5.6844963992230879e-01	   3.0254438813206919e-01	   3.4390530865860092e-01	   3.6566615512151290e-01	   3.3160969551365921e-01	   3.1642663137222860e-01	   4.1347208982323130e-01	   4.5638114610046632e-01	   4.0503362560922435e-01	   1.2311605061968348e-01	  -1.0873003137059616e-02	   6.5916869843268899e-01	   6.2715557620136220e-01	   3.9498373831145034e-01	   5.0771839195538404e-01	   3.6315248587028581e-01	   5.5505318129068071e-01	   2.5455600094289788e-01	  -3.6058103064687528e-03	   1.9027694079170757e-01	   1.5158522479332817e-01	   3.5567262949403666e-01	   4.6089203875733031e-01	   5.7017845162989289e-01	   6.3369625125297802e-01	   5.8409023262532100e-01	   4.8139395752360181e-01	   3.5983200118291159e-01	   3.1870221662296122e-01	   3.8864606316788669e-01	   2.2465423368280987e-01	   3.3039197623752731e-01	   2.1216510291215027e-01	   2.3484053267576949e-01	   3.0973594758003659e-01	   6.4017189907484529e-01	   4.2590392874736560e-01	   3.0228762092672734e-01	   1.3590380904191263e-01	
   9.4772906166907012e-01	   7.2340181401863191e-01	   2.9758397510657669e-01	   6.0448630581772900e-01	   4.9257218522417734e-01	   8.3251830921449488e-01	   5.3497671615842934e-01	   8.3585829398115230e-01	   6.3467748933749280e-01	   7.2008930616771016e-01	   9.8836481258325759e-01	   0.0000000000000000e+00	   8.4402493660961564e-01	   1.5196594271002040e+00	   5.9392540452091513e-01	   1.0081211928934637e+00	   7.3568562487297517e-01	   7.1437286030916436e-01	   6.5985845309557889e-01	   8.1249414941869502e-01	   1.1078314474734390e-01	   2.1926094634677742e-01	   2.6294099403818472e-01	   3.4238469501264590e-01	   3.4759202664866408e-02	   6.6757600640538109e-02	   2.3769861230603720e-01	   3.7399777148239399e-01	   7.3062554347627795e-01	   7.8227439235735929e-01	   6.9265369572285712e-02	   2.0497566540882012e-01	   3.3958218815171232e-01	   4.9316588550277812e-01	   1.0105087121178487e-01	   1.3537177819171781e-01	   3.7633773018620731e-01	   3.2120478539026354e-01	   2.9087007804533105e-01	   1.6727101870918487e-01	   5.7863823333974485e-01	   3.7658604220674480e-01	   4.1075917151507102e-01	   3.1669961976795719e-01	   2.5784613398182937e-01	   3.5979107281326800e-01	   4.4413160384471695e-01	   4.4532541250742314e-01	   4.9212499855974651e-01	   4.6611133733607135e-01	   5.0007976446705693e-01	   4.4725796885181823e-01	   5.5315621482863309e-01	   6.5290146153895368e-01	   6.6276843223714998e-01	   4.8456194277725972e-01	   5.6474562750818735e-01	   7.1881502823336663e-01	   7.8950967038371067e-01	   7.1250949237866401e-01	   7.9789057256113205e-01	   9.0831074485482111e-01	   4.2581698947802826e-01	   7.3501997733302871e-01	   2.1677423203938703e-01	   5.3701184614308672e-01	   2.8730664236837766e-01	   2.9433301832673991e-01	   3.7031023520114043e-01	   4.8527303830817570e-01	   5.9599615668689498e-01	   7.9652147173828469e-01	   6.6003013728675752e-01	   7.0351485934019020e-01	   7.5070830629125762e-01	   8.2763604874677199e-01	   8.3170869528251856e-01	   9.9794207707995819e-01	   6.4920146684491842e-01	   6.5550081254830306e-01	   7.6438253274213674e-01	   7.6972661525059638e-01	   6.1193820810894506e-01	   8.4441101598974522e-01	   6.4269177165844260e-01	   8.8111164729035818e-01	   3.4468050419881946e-01	   2.8330347060377009e-01	   8.7050465515049624e-01	   1.1081753260182481e+00	   7.7936754927520491e-01	   6.7347393841409564e-01	   7.5435736570729028e-01	   6.6541029120987549e-01	   2.6586283068856820e-01	  -2.1653606804793329e-01	   4.1946507992087190e-01	   3.9514281258223372e-01	   7.3605159376889950e-01	   7.3578883958169472e-01	   1.0108663980186003e+00	   7.2744535479808869e-01	   9.6589785704246045e-01	   8.1334578528202184e-01	   6.6673396535755913e-01	   5.1300205405248245e-01	   5.7092640354050317e-01	   2.4628475229050673e-01	   4.7416678074829710e-01	   4.5062095796227220e-01	   4.3730972007597357e-01	   4.8386378889812343e-01	   7.8274350571703943e-01	   6.7183453351152089e-01	   5.9258145997840139e-01	   3.2211752291920687e-01	
   6.0945203448040453e-01	   3.9242704231357145e-01	   2.1688580812561192e-01	   1.7939449975602320e-01	   5.1489981373210147e-01	   4.9309497069669495e-01	   4.0430539317835595e-01	   3.8040057720034909e-01	   7.6240525524691027e-01	   5.2976815543579936e-01	   1.7432028893339291e+00	   8.4402493660961564e-01	   0.0000000000000000e+00	   1.1755159108715045e+00	   6.8037085292341037e-01	   6.2096295905736354e-01	   3.9438161497400959e-01	   2.8752751714092861e-01	   5.1170665888471278e-01	   4.7946303960670866e-01	   1.1736327602239961e-01	   1.7252592849885914e-01	   7.8940973793321045e-02	   1.6340916078582922e-02	  -5.9752663834159357e-02	  -7.3801714119909240e-02	   1.4380109170854322e-01	   2.4613422584327865e-01	   3.4949062607482978e-01	   3.3981867502038376e-01	  -9.7741510057954881e-02	  -8.0830703040607466e-02	   8.8702452090320225e-02	   1.6705451177808378e-01	  -1.9659569744559850e-02	  -5.9699980831555366e-02	   3.1800177806045021e-01	   2.1366204002023750e-01	   2.5386306514491491e-01	   1.3707108421247718e-01	   3.7261179802842737e-01	   1.6212457240089001e-01	   1.7327081552366180e-01	   9.6627521256891960e-02	   5.7412230533171384e-02	   1.5993656460182901e-01	   1.7717266733105083e-01	   1.6463616202589512e-01	   2.0006675297205856e-01	   3.3671653590709422e-01	   2.1545734655605120e-01	   1.3654710039801946e-01	   2.4397699322725014e-01	   3.2893566574258576e-01	   4.6146956613194945e-01	   2.1781416297193706e-01	   1.7994343571242669e-01	   3.1492903530796351e-01	   9.6178208840094137e-01	   4.2539573733334202e-01	   9.2048362268737849e-01	   4.8067467315416035e-01	   1.7192271768001310e-01	   2.0841039193614597e-01	   3.0711705446366470e-02	   3.3254349649669562e-01	   1.3200119101119562e-01	   4.6719504307429181e-02	   1.0379689834175770e-01	   3.4854905412146808e-01	   4.2145779892093316e-01	   4.9465573335704127e-01	   2.9655821819981698e-01	   3.4147883267790585e-01	   4.0826159608980866e-01	   4.2891938270818886e-01	   6.0422568821318912e-01	   5.2047328644833568e-01	   2.4051478974995444e-01	   2.7812584258829059e-01	   2.9732010570889805e-01	   2.8112685864549902e-01	   2.6164952888708148e-01	   3.6645787502497373e-01	   3.5889922972081417e-01	   3.3260692561467226e-01	   6.5313048265313242e-02	  -6.3276194283781215e-02	   6.9560468548242727e-01	   5.6809254713311097e-01	   3.8340891698857499e-01	   4.5777749081225738e-01	   3.5282364414952105e-01	   5.3211335468456722e-01	   1.8628019920102296e-01	  -2.7289946403153541e-02	   2.1209306818860268e-01	   1.8883685835228478e-01	   3.2957460063076999e-01	   4.2682261213909900e-01	   5.7133652034706184e-01	   6.6854666837957177e-01	   5.7412870804858640e-01	   4.4062428216669325e-01	   4.0203082838677595e-01	   3.6126719217519199e-01	   4.2466948076548272e-01	   2.7059397935062562e-01	   2.7449885942734836e-01	   2.3223823238408375e-01	   2.3709764462249966e-01	   3.1888443418518608e-01	   6.3919444834620887e-01	   4.1371478792603755e-01	   3.3351519155701514e-01	   2.4772203385713093e-01	
