   0.0000000000000000e+00	   1.0563204146195193e+00	   3.6534671678128919e-02	  -1.4517251600690190e-01	   1.0612939770854826e-01	   1.3027579653889546e-01	   2.4908348747031245e-01	  -2.2933531036764470e-02	   1.0600914930296751e-02	  -3.7812556804976715e-03	   8.2939365483660898e-01	   5.4036548092704995e-01	   5.0929047212454170e-01	   5.0186097697252852e-01	   2.6666335337475355e-01	   1.2947383168146481e-01	   1.0215461795371943e+00	   9.3634772264287669e-01	   5.1989238225706791e-01	   4.7773688387555863e-01	   1.4193820850175459e-01	  -2.9176127278650987e-01	  -1.7096534779419742e-01	  -2.9821741025785636e-01	  -3.1613225497402586e-01	  -4.5433617086925759e-01	  -1.5418908968489517e-01	  -2.3730857339524108e-01	   8.6509127878181946e-01	   6.7531973163637293e-01	  -1.2472444589467088e-01	  -2.2694035220567801e-01	   3.4184081487373241e-01	   3.0941992086068082e-01	  -3.0629308631875202e-01	  -3.3005341109807873e-01	   1.3983962961388441e-01	  -1.2911031269243212e-01	   9.0793135705171654e-02	  -1.1391042975077195e-01	   5.2421436986981251e-01	   2.5025249004499549e-02	   2.1767224699574535e-02	  -1.7380739525805135e-02	  -3.3517034790892165e-02	  -5.9049817888281585e-02	   3.9469430624730566e-02	  -9.6095460311561798e-02	  -8.0263305429693788e-02	  -1.5541173830769250e-01	  -1.0786751078915577e-01	  -2.1104986472995110e-01	   1.3592058934831383e-01	   4.6786247180332060e-03	   1.7372095186294506e-01	   5.4630108437017835e-02	   1.2738979915502247e+00	   8.8452467725736050e-01	   3.3201171916623839e-01	  -1.9101190408820204e-01	   6.2170161510689037e-01	  -1.2340622030822179e-01	   7.3536615516449022e-01	   6.8407374867131254e-01	  -2.4403978432620116e-01	  -4.0872906143769233e-01	   9.6112770829207050e-02	  -3.2696044820111361e-02	   1.9715692732392245e-01	  -1.0130530952823212e-01	   2.7956953037352555e-01	   3.6138005765989002e-02	   6.8533385022133375e-01	   5.3369257700183637e-01	   6.6513512424208587e-01	   5.5182768667192339e-01	   4.9122009960592578e-01	   3.5574602318517878e-01	   7.0156319015471269e-01	   6.7164296058203887e-01	   4.6524004620595727e-01	   5.4726280342294253e-01	   4.7353315037657573e-01	   2.8906331803205804e-01	   2.1831453372191634e-01	   1.0194677793518697e-01	  -3.4518521836318879e-02	  -8.3398382883808214e-02	  -5.3571407897740946e-02	  -2.5268311374096027e-02	  -3.6124444622405029e-02	  -7.1334436070980113e-03	  -2.8277402319171213e-01	  -6.9061753253933600e-02	   1.9042622866492157e-01	  -6.2582963885238901e-02	   1.3718173659086394e-01	   1.3828223799553629e-01	   2.7100775462918003e-01	   3.4858398775189003e-01	   2.1340935334797875e-01	   3.5463150387452325e-01	   4.7248666520562499e-01	   4.2503579089575483e-01	  -2.9235538436157193e-01	  -1.6899071263001736e-01	  -6.7026444814288601e-03	   1.0747061135456390e-01	   5.1917966319702052e-02	   1.1092147395570986e-02	   9.2428113033980727e-02	   1.2980598768218268e-01	  -3.9049741391867190e-02	  -5.4622532159411256e-02	  -1.3042708280865134e-01	   1.3087789660112231e-01	
   1.0563204146195193e+00	   0.0000000000000000e+00	  -1.0810541527515703e-01	  -1.1892946708685460e-01	   1.0392313738184807e-02	   1.4121566377028874e-01	   4.6391614147238816e-02	  -2.4695207933437307e-02	  -1.0855016643194867e-01	  -1.4120782647819502e-01	   5.0265180190645731e-01	   3.6502373978381275e-01	   2.4818190560011127e-01	   3.4479550673282727e-01	   1.6899253585885549e-01	  -9.0360680537875781e-03	   1.1100816675843308e+00	   1.3110565849068594e+00	   4.5747920020641480e-01	   5.6248298462513957e-01	   1.1551253912915782e-01	  -1.0771745382406799e-01	  -2.3361347323219583e-01	  -4.1199545296787843e-01	  -2.6751657614113605e-01	  -4.0229933677190466e-01	  -1.6511120792166470e-01	  -2.2729016531865492e-01	   9.1670214069590561e-01	   7.5727706427375341e-01	  -1.2194114209561417e-01	  -2.8345255691640087e-01	   3.6319884856064361e-01	   3.5040149287226346e-01	  -3.6266298339073572e-01	  -3.5902276306232161e-01	   9.7231455700420466e-02	  -3.7753254731096877e-02	   4.5605406302737222e-03	  -2.3720301151540391e-02	   4.1006338533929587e-01	   2.1181832099649767e-01	   7.1552139719035068e-02	   1.0295173341344557e-01	   6.2830305309849845e-03	   6.4600879092622424e-02	   1.3278118769420277e-01	   3.1187558455312698e-02	  -1.7043133845995745e-01	  -7.7833046175196180e-02	  -1.2502779226226052e-01	  -1.1630488807875188e-01	   1.0032204974534219e-01	   5.1737259183440382e-02	   1.0635013957925769e-01	   1.5128417807648226e-01	   1.1562899707303982e+00	   1.6564919819540269e+00	   8.8715061223035185e-02	  -1.4394811594809959e-01	   3.3876014711609298e-01	  -1.5307069349213412e-01	   9.1681226889918221e-01	   7.4552038850594493e-01	  -3.7362663559337550e-01	  -5.0556233070223855e-01	  -4.0793598004256339e-02	  -6.1349186299333794e-02	   2.9098357630018490e-01	   2.9769580560260078e-02	   2.0744307726002920e-01	   1.7558514054043975e-01	   7.3624404143596511e-01	   6.4164264378943414e-01	   6.1522684160405905e-01	   5.5719687271355611e-01	   4.7251946311237841e-01	   3.5792052994046475e-01	   8.7970815602377395e-01	   9.6604940426549246e-01	   7.5445727405355179e-01	   7.5657875547918474e-01	   5.2347045979813145e-01	   4.8179428893786658e-01	   1.7332346747030691e-01	   3.5784953865742597e-02	  -2.1715235306996653e-02	  -1.1646648639231616e-01	  -1.3306185373086413e-01	  -8.7116559979944039e-02	   6.8970501970503778e-03	  -4.9235072495384547e-03	  -2.8062126571958823e-01	  -9.1967452242086647e-02	   1.7285550257157556e-01	   1.3986894722687795e-02	   1.5064553608659290e-01	   1.4896518009885054e-01	   4.4043222290066242e-01	   4.7224848701451144e-01	   2.3463545450610163e-01	   2.6355230101048699e-01	   6.9534061313192419e-01	   4.6728563271984946e-01	  -2.1822045611887061e-01	  -1.7193921944518264e-01	   1.9798296935442879e-02	   3.8984813089688916e-02	   1.1642065092204806e-01	   1.0358136860722761e-01	   1.4522116095317822e-01	   2.8349278711198278e-01	  -2.5968331208557127e-02	   1.0276465677231360e-01	  -4.2697071467591982e-02	   5.5000691223651428e-02	
   3.6534671678128919e-02	  -1.0810541527515703e-01	   0.0000000000000000e+00	   4.4149173265735775e-01	   5.2797989566938042e-01	   7.3822773497185358e-03	   8.3975835363337059e-01	   1.3358509390853718e-01	   8.2118206543956340e-01	   2.4039777653658645e-01	   3.0261357490358343e-01	   1.2812559700974188e-01	   5.6944259661311103e-01	   2.7737620720195988e-01	   6.9451851723395452e-01	   6.1091362350191103e-01	  -1.9403788904447666e-01	  -1.7521793541933969e-01	   6.1330278074027145e-01	   1.5173189930503689e-01	   9.0446569342810479e-01	   4.8405920711542233e-01	   1.1493475525223031e+00	   8.7218695796037027e-01	   9.3504061189156507e-01	   7.6261893555373117e-01	   1.0620287773859554e+00	   9.2314866621942571e-01	  -5.0189294099314885e-02	  -1.3642600036983407e-01	   8.4614027767724198e-01	   7.2743251163934186e-01	   3.3290828692823032e-01	   2.5597228118002024e-01	   8.6109071772110968e-01	   7.6302214300903315e-01	   8.3464347099766945e-01	   7.1695834686212101e-01	   7.9767924761177289e-01	   5.6549121874249508e-01	   6.3448091732921386e-01	  -2.2708545442535411e-02	   6.1880586366498780e-01	   3.7857820318403373e-01	   3.8997107439016765e-01	   2.3168227038440478e-01	   5.5375079579985509e-01	   5.5568797054060803e-01	   7.1262889493440640e-01	   3.9645980132918396e-01	   8.6448516584367885e-01	   3.9812698103302785e-01	   7.7944460660652981e-01	   7.0059718416528949e-01	   7.0931675062125721e-01	   5.1671668267557203e-01	  -2.2026276316291038e-01	  -1.8532391663008357e-01	   3.8124642969814587e-01	   1.4797944782874628e-01	   3.8109201823339262e-01	   2.6017004764434676e-01	  -1.3009473443334371e-01	  -1.8731149821537524e-01	   1.3287831287555256e+00	   7.8712310058110235e-01	   6.7693300291439384e-01	   3.5364195993194963e-01	   1.5897964086098962e-01	   1.2838662368056303e-01	   8.5526450611051752e-01	   5.4750370488313360e-01	   1.7227709360273905e-01	   1.5860620538377758e-02	   2.9852784660168308e-01	   1.4810441608289401e-01	   6.0577180419118426e-01	   3.4873873606021494e-01	  -8.7789163076362087e-02	   7.9707239624689938e-02	  -6.7289513356814545e-02	   1.5990965965907580e-01	   3.6365776302217656e-01	   1.8726209799140112e-01	   9.5749850268122816e-01	   8.8282999282568619e-01	   9.0945329186533674e-01	   7.8408756462577034e-01	   1.3946085139762232e+00	   9.8186948887945669e-01	   4.5830623320395764e-01	   8.5507550602958837e-01	   5.6249593826391120e-01	   1.0963020682425286e+00	   2.4166220038704200e-01	   2.0347793808681688e-01	   2.8454319032327163e-01	   2.7959113624354076e-01	   2.8586217693483029e-01	   3.9236464451973890e-01	   2.2241695928904742e-01	   6.4928565638108371e-01	   1.5337146679758901e-01	   4.7549440714433966e-01	   5.7261219526051210e-01	   1.0290629071268158e+00	   4.0384398055802817e-01	   7.0280032259120284e-01	   4.3410497957366893e-02	   2.4696494612014414e-01	   2.6438032129048294e-01	   2.3757420634575352e-01	   6.1847694420860089e-01	   2.8652986359242721e-01	   4.4721946236306065e-01	   9.0491150072565626e-02	
  -1.4517251600690190e-01	  -1.1892946708685460e-01	   4.4149173265735775e-01	   0.0000000000000000e+00	   7.4479379187480976e-01	   7.5876732278153947e-01	   7.6485789574335017e-01	   1.1310520191931119e+00	   5.3899169874115893e-01	   5.1643020960175201e-01	   1.6650224102373948e-01	   3.0595917088225277e-01	   1.4783222275609345e-01	   1.8913817174000261e-01	   2.3400407324686345e-01	   4.6432490908772228e-01	   1.6771932185769844e-02	   6.2733824216360409e-02	   5.8566129190694860e-01	   7.3025428955074678e-01	   4.3533463100581449e-01	   4.6545994356190012e-01	   3.6788603022318628e-01	   8.5398066749205515e-01	   1.8223224808563526e-01	   6.4301141127211114e-01	   1.7017338582258462e-01	   3.0876913438774517e-01	   1.5021406516322314e-01	   1.9172974435103843e-01	   4.8302282958376341e-01	   7.9952888036119352e-01	   7.2750654802032566e-01	   1.0156487647703407e+00	   6.2998482695344438e-01	   7.0666923270517412e-01	   1.3317774356050677e-01	   2.9487686152826298e-01	   2.2801378164317240e-01	   4.0805728723704870e-01	   1.3763150469952509e-01	  -1.3958638767257639e-01	   8.1545590001937684e-01	   6.7100043872834059e-01	   6.7785644773216303e-01	   6.7294110505152605e-01	   7.5448319439710021e-01	   8.9117931039726606e-01	   4.6510977142683430e-01	   5.5748630262377963e-01	   5.0076161918909412e-01	   4.5894795257741128e-01	   5.2087518425682244e-01	   7.9902799465717644e-01	   5.0664304216162148e-01	   7.2202788795499229e-01	  -1.8793405318576817e-01	  -9.3896754308545577e-02	   2.7318138197223862e-01	   1.0004363582935019e+00	   4.3089303611266144e-01	   1.4465022913638663e+00	  -3.2161282662834779e-02	   1.8300986680486203e-01	   4.9579802703617137e-01	   8.5318290513787787e-01	   7.1994587226319240e-01	   8.6243858529807982e-01	   3.8201431222913845e-01	   5.0339212183311055e-01	   2.7699566740859788e-01	   5.8585536333276400e-01	   2.7159902854673723e-01	   3.5240646723531760e-01	   3.9380334315677129e-01	   3.8743424603272969e-01	   3.9067713058529469e-01	   5.2715456780495240e-01	   1.2249038918406960e-01	   1.4678470282341569e-01	   5.8622350797591566e-02	   1.5427464373946687e-01	   3.0517401861059745e-01	   2.9907948991330546e-01	   4.5026849880415687e-01	   7.8231710353223738e-01	   3.3466024661022137e-01	   4.1864818678611027e-01	   6.1469561130287154e-01	   9.2715578671729870e-01	   1.1438306861034286e+00	   7.5274772979447724e-01	   1.0599368733092112e+00	   6.2293291946435325e-01	   3.0987608108637305e-01	   3.9160142287977195e-01	   5.3267836826843240e-01	   4.1061574456938676e-01	   8.5611022899659561e-01	   7.3139111460004436e-01	   8.3803820319317135e-01	   4.4028479987272895e-01	   5.0480704687925648e-01	   6.2438232305024366e-01	   8.7057445067457329e-01	   5.5256426042623508e-01	   2.7901340308545652e-01	   5.6030416886332990e-01	   2.6652690165136345e-01	   3.9479912006822987e-01	   4.3761028144302977e-01	   7.3262145511425403e-01	   8.9799482534812247e-01	   8.3915842304681498e-01	   5.8062399655232144e-01	   2.3011165224907054e-01	
   1.0612939770854826e-01	   1.0392313738184807e-02	   5.2797989566938042e-01	   7.4479379187480976e-01	   0.0000000000000000e+00	   7.7412735249108611e-01	   7.2490139673093446e-01	   5.2817551784666572e-01	   8.0904445984285578e-01	   4.6509815320831605e-01	   3.0621333073109669e-01	   2.1255160800738282e-01	   2.6605534556555810e-01	   1.5977715275587684e-01	   4.4226925878346457e-01	   5.2520683131690049e-01	   3.0561154882196582e-03	   5.1576540582177539e-02	   5.6730118578108535e-01	   4.1455922909327297e-01	   5.3720099622427364e-01	   4.4698835799063763e-01	   3.8360753047373231e-01	   5.0703158467346254e-01	   2.1279580927314748e-01	   4.4728226680375993e-01	   2.1761027197051253e-01	   2.6553557776044751e-01	   1.4096307565729754e-01	   1.4160410922413005e-01	   4.6791110859278512e-01	   5.6248324013749729e-01	   5.4185166224943804e-01	   6.8529810544470227e-01	   5.2942257701969098e-01	   5.0285492363507478e-01	   6.8795780597433104e-02	   2.8467049157689692e-02	   1.0626125500678645e-02	   5.6210549079587085e-02	   1.4190470870354535e-01	  -1.9614162165385837e-01	   6.9110357686231683e-01	   6.0991055802690930e-01	   6.2779692747678018e-01	   5.0492018885340384e-01	   5.4166705026880790e-01	   5.1575778756463153e-01	   5.6764249402483824e-01	   3.7703055263032637e-01	   5.2418102876262462e-01	   2.8705965391144345e-01	   4.8664124747131871e-01	   5.2004823549773516e-01	   3.6244292424756380e-01	   3.7783709152319112e-01	   3.6451032521800424e-02	  -4.4531933896216042e-02	   3.6897233246188971e-01	   3.7677727582023413e-01	   4.4929863857372970e-01	   6.5428386587009302e-01	  -9.3916117316253142e-02	   6.6899661704093186e-02	   4.8506657612479909e-01	   5.4327040383135128e-01	   6.5347699126810277e-01	   4.4046365530389942e-01	   1.6934826974938982e-01	   2.0738972923793672e-01	   5.0049641213317209e-01	   4.8070782276038526e-01	   3.1596427900182422e-01	   2.6751537457448143e-01	   4.1895936875850098e-01	   3.5640281193123441e-01	   4.1438414062992623e-01	   3.4638613320026573e-01	   2.4062265182150568e-02	  -5.3030803503811372e-03	  -7.8948493666818068e-02	   5.8515195743212955e-02	   2.3915891646202875e-01	   7.8106862140131225e-02	   3.9658918148919264e-01	   5.4382147135309700e-01	   2.4206097142738142e-01	   3.7007404635567759e-01	   4.6497331578621615e-01	   5.2936120253568242e-01	   5.1410779076083868e-01	   5.9396576637659748e-01	   5.9386809966068199e-01	   6.1577781084468541e-01	   6.1165126403226536e-02	  -1.9416835729465353e-02	   2.7727003447472237e-01	   1.4239316417045034e-01	   4.5613631352411493e-01	   4.6728909717051331e-01	   4.4906440970541417e-01	   3.8768040918049751e-01	   2.0447173238665919e-01	   4.1013757678350027e-01	   3.3912555563184660e-01	   4.1948431068181147e-01	   1.1875837960030220e-02	   2.0583566757254851e-01	  -4.4903562069600941e-03	   9.5364825510676349e-02	   1.6366963999579315e-01	   4.4117183384347036e-01	   6.7391756161526828e-01	   5.1280944295449704e-01	   2.2016348012999598e-01	   4.9975802692432694e-02	
   1.3027579653889546e-01	   1.4121566377028874e-01	   7.3822773497185358e-03	   7.5876732278153947e-01	   7.7412735249108611e-01	   0.0000000000000000e+00	   4.8476390270163638e-01	   9.3327195084256998e-01	   5.1604821896972219e-01	   8.5527749338405012e-01	   4.8509631360983263e-01	   6.7706987262857043e-01	   3.1832176683882613e-01	   4.2353707416756825e-01	   4.0582032076248736e-01	   6.0920589091928146e-01	   2.5974048494345436e-01	   3.2843954118653962e-01	   4.9273562039657287e-01	   6.8278011396718763e-01	   4.4420939578478473e-02	   1.0833254344410514e-01	   3.3680588156649864e-02	   3.0168175191676611e-01	  -3.9086533867028056e-01	  -3.8466314582569973e-02	  -2.8074206014074954e-01	  -2.1764392328086543e-01	   4.2938866742790316e-01	   5.6807998446291597e-01	   5.0244859925486517e-02	   2.5593984553900623e-01	   4.4470500574718907e-01	   7.7434580437581635e-01	  -1.6512440132662631e-02	   1.2112294938809220e-02	  -1.8225710548293919e-01	  -1.6578423286673505e-01	  -2.6446128805956193e-01	  -1.1261489745827404e-01	  -2.7673131616236434e-02	  -9.8045829376497001e-02	   3.8198824062643927e-01	   3.7158691628303986e-01	   3.0715123398606420e-01	   3.4666536234649542e-01	   3.0921435256958385e-01	   3.4408053325042859e-01	   8.0450142417992643e-02	   1.6642430713411488e-01	   1.1134978920570954e-01	   1.1995267952427986e-01	   1.6431395349308511e-01	   3.6990772053287185e-01	   1.0292404831022670e-01	   3.0461361225500699e-01	   1.1778012549558875e-01	   1.7260689975760191e-01	   2.3461673832517532e-01	   5.3199548169911282e-01	   5.4079628899719623e-01	   8.2218128801421742e-01	   2.4761314295454667e-01	   6.2283995055854968e-01	   1.6736611306490436e-02	   1.2078044962394917e-01	   2.0932607741566295e-01	   2.5029252822205561e-01	   1.3971352180030502e-01	   1.3575738097099310e-01	   1.2387922009328994e-01	   3.3977699996063826e-01	   3.1316328981113717e-01	   4.4030882404593374e-01	   4.1724741612103361e-01	   4.7261554922169741e-01	   2.1394641951941046e-01	   3.0563270614537696e-01	   1.2482872343774777e-01	   9.6668498550470133e-02	   1.3726615880045043e-01	   2.0743849595191949e-01	   4.0441579300040836e-01	   2.8119306417230294e-01	   2.8816269415461016e-01	   3.6643109219305492e-01	   1.2894077943573158e-03	   8.0710195490667269e-02	   1.8740626892964160e-01	   3.6086596144665301e-01	   6.9582640953130759e-01	   4.6679880107186184e-01	   6.1920916690172279e-01	   3.1152263326010626e-01	  -1.9972175883872189e-02	  -5.6397776865961882e-02	   8.1178975240566567e-02	   6.9387320717162582e-02	   6.3323971294019443e-01	   6.0249202847948347e-01	   8.6894706061677107e-01	   3.1990402521229183e-01	   5.0930491367018149e-01	   3.9930181472162218e-01	   2.1399676412007543e-01	   4.2047806998663270e-02	  -1.9754631628167443e-01	   7.3089874210845840e-02	   6.6490026040898223e-02	  -2.8546161794436288e-02	   6.7636510481220574e-02	   4.9845355482553838e-01	   6.2013335527610680e-01	   5.7847413907133305e-01	   1.6717936564310915e-01	   1.8819994512039284e-01	
   2.4908348747031245e-01	   4.6391614147238816e-02	   8.3975835363337059e-01	   7.6485789574335017e-01	   7.2490139673093446e-01	   4.8476390270163638e-01	   0.0000000000000000e+00	   7.8464789681734903e-01	   8.5541783888399769e-01	   5.3950156912878122e-01	   8.2137020559683149e-01	   6.5995718015273863e-01	   9.1031899727438970e-01	   6.1329778931243284e-01	   5.2421335235419586e-01	   6.1660459532443890e-01	   1.0803147161838124e-01	   1.0477145931517118e-01	   8.5344203192537771e-01	   5.2723299337873142e-01	   4.7351686177045627e-01	   1.1502889006446172e-01	   3.7531063439425216e-01	   5.3815419247143459e-01	   1.4601505336378498e-01	   2.6915385061478408e-01	   2.1522560715785533e-01	   2.0614094847533793e-01	   2.9850089163050830e-01	   2.5680383834266318e-01	   3.6349874772216317e-01	   4.5432877627423940e-01	   6.0057285289855000e-01	   6.9116803681753536e-01	   4.0582174386238901e-01	   3.8211338458689936e-01	   2.8804010836545962e-01	   2.4248007742608971e-01	   3.1747838754675994e-01	   1.7600585513692793e-01	   3.8592471176570076e-01	  -2.3765747074427937e-01	   5.8842194535264358e-01	   3.7871178546767026e-01	   4.0709710470588623e-01	   2.8670195983084423e-01	   5.0503745056526617e-01	   4.7352428691645798e-01	   4.5503997486832981e-01	   2.7146604051519180e-01	   5.0234423090393088e-01	   2.0486076760424515e-01	   6.5864225013807287e-01	   5.7414997247702382e-01	   5.7006086081577856e-01	   3.9113444342411707e-01	   1.5731298214188595e-03	   5.2197024366917477e-02	   7.0116032848164234e-01	   4.5402369369553192e-01	   1.1817757231768737e+00	   7.1797353829237265e-01	   1.5145453616102897e-01	   3.3291575777424859e-01	   5.2676656524248844e-01	   5.1414300113493949e-01	   7.7051430981334668e-01	   5.2310192921332965e-01	   1.7118339579323005e-01	   1.7202335033562910e-01	   5.6528341840987961e-01	   5.4213099620858185e-01	   2.9542342937748767e-01	   2.4595127646620271e-01	   5.1728973768930264e-01	   3.6934183218195293e-01	   6.3331666036766032e-01	   4.8600851172925374e-01	   1.7911891957239656e-03	   1.4440328195185320e-01	   4.0062111006030111e-02	   2.3141374111234905e-01	   4.3163959521456252e-01	   1.6569109031998189e-01	   7.1353358460714456e-01	   7.5134303019755588e-01	   2.5868831550170479e-01	   2.2847474028260178e-01	   8.4243887393907835e-01	   8.2376130511807533e-01	   7.6755383472088401e-01	   8.9740953245904165e-01	   7.5285358546437431e-01	   9.0140346621962553e-01	   2.6549570019428781e-01	   8.7857766882178723e-02	   2.8883077118440620e-01	   1.5925229255852497e-01	   4.8397502401159131e-01	   5.7272679864789156e-01	   7.7031467131933073e-01	   9.6801281310607024e-01	   4.6054131130696807e-01	   7.2744605011158447e-01	   4.1335168472151673e-01	   4.4128898463262639e-01	   2.4710265832358999e-01	   5.9176227957856964e-01	   3.8780144710382256e-02	   1.1308145490976243e-01	   2.5088884724663618e-01	   3.7205650675003188e-01	   8.4166860284279621e-01	   4.6211109787468868e-01	   3.5883339016657934e-01	   1.5646572974698880e-01	
  -2.2933531036764470e-02	  -2.4695207933437307e-02	   1.3358509390853718e-01	   1.1310520191931119e+00	   5.2817551784666572e-01	   9.3327195084256998e-01	   7.8464789681734903e-01	   0.0000000000000000e+00	   5.6884741128150007e-01	   8.1304753793871831e-01	   3.7749024085768990e-01	   6.9608399247618624e-01	   3.2541089720649147e-01	   3.7400106932653476e-01	   1.1250700985838877e-01	   3.5910910600060614e-01	   6.2138953229959555e-02	   1.6244466328187795e-01	   4.2605715142823075e-01	   6.3174998558747508e-01	   7.8792966886865171e-02	   1.1938129777939463e-01	  -2.1173406905839805e-02	   3.5329163409168446e-01	  -1.9464374562520190e-01	   1.1908215628808240e-01	  -1.6561392327706204e-01	  -7.6281669112545678e-02	   2.3529819805641444e-01	   2.9404031052669338e-01	   8.4207679284991691e-03	   2.4854109234483016e-01	   4.1090434308798973e-01	   7.2667313501692599e-01	   1.8027947954747128e-01	   2.5402360950295477e-01	  -1.1368848626291725e-01	   5.7871286980162879e-03	  -2.9010470948053778e-02	   6.1822331477494080e-02	  -2.1147248959539618e-02	  -1.5020144792106216e-01	   4.1921169530412355e-01	   3.2441939503738393e-01	   3.3461195772821795e-01	   3.6736014027290953e-01	   3.8405528354863289e-01	   4.2305007869710398e-01	   1.6098840573865233e-01	   3.0526098033661464e-01	   2.4208484981680201e-01	   2.0742694363116743e-01	   3.4609927417792530e-01	   5.2506257091655972e-01	   2.9655157826010492e-01	   4.0581986376671042e-01	  -9.8283566801953881e-02	   5.3722933170254346e-02	   4.1120995931434601e-01	   1.0731213178726908e+00	   6.3364371195841440e-01	   1.4539781294835845e+00	   8.1490104953835005e-02	   4.5149545163415028e-01	   1.2602619836935106e-01	   4.5168664395188185e-01	   3.5521088659091171e-01	   4.8578132875242114e-01	   1.6204869245858949e-01	   3.1067534938955854e-01	   5.6917452114548434e-02	   3.6195193482601207e-01	   1.9086565072162709e-01	   3.5116654836528882e-01	   3.3446924024810432e-01	   3.5870647533931588e-01	   2.4405251812952924e-01	   3.6279528557469459e-01	   1.1453677292565837e-02	   6.3086653578194596e-02	   9.9795147682838203e-02	   1.7329202915172326e-01	   1.6825387260677019e-01	   9.6243718189170463e-02	   3.0986237265101096e-01	   4.9195991298606934e-01	  -6.8610842959833773e-02	  -4.1675049785344830e-02	   4.2334704360688158e-01	   6.3745613540771573e-01	   9.6177015849119296e-01	   6.3289886699458575e-01	   9.2305378007166394e-01	   4.9675884027440986e-01	   9.5090208544853963e-02	   1.0355257546767804e-01	   1.9760807644822578e-01	   1.4980717738638930e-01	   6.3906812422418036e-01	   6.1300905702568265e-01	   1.1866704836776805e+00	   4.9713725716668922e-01	   5.3394818248098652e-01	   5.4110043718622292e-01	   4.4956457004733746e-01	   1.8443238444472171e-01	   5.1825690743672062e-02	   3.2927295685790797e-01	   5.6713230596456804e-02	   9.2602000411204755e-02	   1.7843315433217977e-01	   5.1102407034899211e-01	   7.2950533675151952e-01	   6.4344493046004392e-01	   3.4931332211452509e-01	   2.3952341100391547e-01	
   1.0600914930296751e-02	  -1.0855016643194867e-01	   8.2118206543956340e-01	   5.3899169874115893e-01	   8.0904445984285578e-01	   5.1604821896972219e-01	   8.5541783888399769e-01	   5.6884741128150007e-01	   0.0000000000000000e+00	   8.8241457573690996e-01	   4.1927858560624243e-01	   4.3963637190388272e-01	   6.5832411435761962e-01	   3.4866044175505057e-01	   7.2605575949711176e-01	   7.5049793132193121e-01	  -2.3480395597654366e-01	  -1.2398167543909702e-01	   4.7620488196510075e-01	   1.9913917269069670e-01	   3.3158955922481848e-01	   2.5481378078079941e-01	   6.2356666426511242e-01	   6.3265547565259417e-01	   3.6064883369823092e-01	   3.4506378239821689e-01	   4.6274593528859126e-01	   4.0504912206343763e-01	  -2.7199737284717824e-02	  -4.7422910295516874e-02	   3.5069265381932507e-01	   4.1086055499211888e-01	   1.2087794585320791e-01	   2.4457251758872095e-01	   4.9147065013508667e-01	   4.4946658462434269e-01	   2.3381125880714357e-01	   1.7767998250359637e-01	   1.8307586763087164e-01	   9.1914918491203743e-02	   2.2387293343766163e-01	  -8.5778612824748302e-02	   4.0069033914530444e-01	   2.0461603556258709e-01	   1.8166520836491151e-01	   8.7815936965479333e-02	   2.7331634380141545e-01	   2.8024667267209291e-01	   3.4066434060212897e-01	   2.1620171844229080e-01	   5.3129976214581109e-01	   1.9419754534643927e-01	   4.4149608821293196e-01	   5.5383030078066620e-01	   3.0274347060494350e-01	   2.6004788788025290e-01	  -1.6030294887762983e-01	  -8.7726632775466870e-02	   3.9952035444859374e-01	   3.9195936149129895e-01	   5.4687037997920129e-01	   5.8256365737133553e-01	  -1.8002115753823159e-01	   3.4126438084357474e-02	   8.0453235983793325e-01	   6.1690390002058704e-01	   3.1088354281515324e-01	   1.2431981799363154e-01	  -4.8346972202665288e-03	   6.7385399530813031e-02	   4.4721915429975911e-01	   3.3535174631938358e-01	   1.1642133291371283e-01	   6.5064059595511092e-02	   2.4767031057031669e-01	   1.6732008711251717e-01	   3.1590020520597273e-01	   1.4624834360020206e-01	  -2.7164704617457647e-01	  -1.4012828773549463e-01	  -1.7164966903636211e-01	   4.9232026022828612e-02	   2.0712688726635886e-01	   6.7841865813380847e-03	   6.7062910118965524e-01	   6.2658918671957387e-01	   3.8588952385759745e-01	   3.6350956771675280e-01	   1.0436445577287048e+00	   8.1139010189238292e-01	   5.3018914971155140e-01	   8.3811240604546167e-01	   7.8010054002608364e-01	   9.9201538001640976e-01	  -9.9756695196182466e-02	  -1.9500985308179297e-01	  -8.0644376092930056e-02	  -5.6068423694018814e-02	   2.1558204836456815e-01	   3.3729667427040538e-01	   4.6631055278684092e-01	   5.2296126164692658e-01	   1.0894474288696807e-01	   3.2394796924699659e-01	   3.2807010002538717e-01	   5.3620985292077883e-01	  -2.3822654431853746e-02	   3.1866890506781798e-01	  -2.2495813241598944e-01	  -1.1530801971358279e-01	  -3.4774817778583059e-02	   1.1991390938457901e-01	   7.2623046932430213e-01	   3.0548745712477643e-01	   2.4749685389161047e-01	   6.7973725315389824e-02	
  -3.7812556804976715e-03	  -1.4120782647819502e-01	   2.4039777653658645e-01	   5.1643020960175201e-01	   4.6509815320831605e-01	   8.5527749338405012e-01	   5.3950156912878122e-01	   8.1304753793871831e-01	   8.8241457573690996e-01	   0.0000000000000000e+00	   4.7881892884627242e-01	   8.9714751542767512e-01	   6.1848440866951815e-01	   6.2835187732648423e-01	   5.3234464965347217e-01	   8.3655209416749376e-01	  -9.6340191688639068e-02	   5.6310660004784442e-02	   3.1600626537359583e-01	   2.9586236403436955e-01	   4.2237180503686765e-02	   1.1110953098623047e-01	   2.2912226378740863e-01	   4.7167949799739906e-01	  -8.8245176764286948e-02	   2.1869596609829019e-02	   1.1477103152187671e-02	  -3.1975389180083002e-03	   1.3409411319855841e-01	   2.2980046878170562e-01	   1.0397458827216254e-02	   1.8078678806951401e-01	   8.1741147467520620e-02	   2.9906650457263018e-01	   1.2760989428617564e-01	   1.3595975779225200e-01	   5.3934178847606623e-02	   3.3235171227912336e-02	   5.4781893089359069e-03	   3.6468939076396555e-02	   8.1913966640867100e-02	   5.1988133246411876e-02	   1.5287029948663228e-01	   6.0856573422393846e-02	   5.1421599026596154e-02	   4.5092222930363246e-02	   7.9767176174825538e-02	   9.8500229654000904e-02	   8.4351635635471989e-02	   1.5698326592333905e-01	   2.5418568077180237e-01	   1.6281498378607029e-01	   1.5519235605447312e-01	   4.0291073574042408e-01	   1.7009953584105197e-01	   2.4127790076124767e-01	  -1.4534568298731509e-01	  -8.7626905732071131e-02	   3.3212937192660374e-01	   5.1350943128223725e-01	   5.0230729072675706e-01	   7.2189083395534070e-01	   1.4866571234847283e-02	   3.4665367641775752e-01	   3.1344031802166361e-01	   3.7279167009976222e-01	   5.5827157011453771e-02	   3.9777790358479642e-02	  -8.4970892615089097e-02	   3.6954597999160337e-02	   1.3235980603128600e-01	   1.8001857412168057e-01	   1.0172856516807635e-01	   2.1836514410012622e-01	   2.4867644989171805e-01	   2.5096544458444120e-01	   1.6012614241112730e-01	   1.7458993623195537e-01	  -1.3389294972859209e-01	  -5.1687412488513551e-02	   1.8497429996842684e-02	   1.6675331715361780e-01	   2.2526824400363771e-01	   1.1966018325752077e-01	   4.8772571075955135e-01	   5.3571133114960923e-01	   1.1115358212180773e-01	   1.8204367287213633e-01	   5.4644311905736653e-01	   5.9328402891881860e-01	   5.0673259402248338e-01	   5.2310317980633791e-01	   7.4662173785787500e-01	   5.2956217786884208e-01	  -1.5950663819448951e-01	  -1.8586477708884980e-01	  -1.4077357744238081e-01	  -3.6431808403787791e-02	   2.3142548813678565e-01	   3.1237470994394656e-01	   7.0629161726560308e-01	   3.4772275317342749e-01	   2.0644769003063593e-01	   2.3080586633219902e-01	   2.9528164302459037e-01	   2.1412512177402462e-01	  -1.8469126946512673e-01	   1.1567412254319508e-01	  -1.7585409865228180e-01	  -1.4576198761240089e-01	  -1.7631829567869561e-01	   1.1780899791511208e-01	   5.2261264337296975e-01	   3.0346136008017688e-01	   2.0787317358399809e-01	   2.6539574850403969e-01	
   8.2939365483660898e-01	   5.0265180190645731e-01	   3.0261357490358343e-01	   1.6650224102373948e-01	   3.0621333073109669e-01	   4.8509631360983263e-01	   8.2137020559683149e-01	   3.7749024085768990e-01	   4.1927858560624243e-01	   4.7881892884627242e-01	   0.0000000000000000e+00	   1.1145801719425596e+00	   1.3529834780033456e+00	   9.9379428872962294e-01	   6.5260871001992160e-01	   6.0284658368769906e-01	   6.5432297153486774e-01	   5.9709773360178575e-01	   7.9951590738758915e-01	   5.4273865693488565e-01	   1.4464736297575820e-01	  -2.3688253167950654e-01	   4.6641497166504203e-02	   4.8918900661249265e-02	  -3.3468700135433316e-01	  -3.4129692792008343e-01	  -1.4858591734864002e-01	  -2.3386852789056603e-01	   8.5623246656800966e-01	   7.8651229724603233e-01	  -1.0287169223180218e-02	   3.5337212603776596e-03	   4.5105344709976419e-01	   4.8965089235866355e-01	  -1.9630031704714648e-01	  -2.2023752256782747e-01	   1.7893357584147579e-01	   6.2738628517313528e-03	   1.0096763716675201e-01	  -6.5951109426770488e-02	   4.8364748765411020e-01	  -4.6405797986832295e-03	   2.0559537490545324e-01	   1.1163416301342396e-01	   9.3293222639729889e-02	   3.1971339692139000e-02	   1.6421448292840737e-01	   7.7258567076647633e-02	   3.5493367806458231e-02	  -7.2727519492220380e-02	   2.2797606671276685e-02	  -1.4889647921317023e-01	   2.6457324142755800e-01	   1.5333777665384787e-01	   2.8454076379040943e-01	   1.4106587338232307e-01	   5.0404697217150041e-01	   5.0397224458019130e-01	   4.8659444471479352e-01	   1.7729488667408561e-02	   1.1860055357643340e+00	   1.8967868369478530e-01	   6.7040267448301416e-01	   8.5206102143958673e-01	  -1.0229878787927861e-02	  -1.6267712846631158e-01	   2.2954750571321436e-01	   7.3088270207736061e-02	   5.1445508584595519e-02	  -1.4269146348745698e-01	   3.8938740356953627e-01	   2.3719977555829724e-01	   4.8856908844468783e-01	   4.5060823148074625e-01	   6.7804854000888859e-01	   5.3875886788136329e-01	   5.6843913000132740e-01	   3.8475657763779836e-01	   2.9294116938010850e-01	   3.8751895155677285e-01	   3.1094269849522238e-01	   4.6745239038001996e-01	   7.2478774076630226e-01	   3.7238886197897619e-01	   5.4517728774202290e-01	   3.4371330087079544e-01	   6.1256863712333340e-02	   1.1918611648497057e-02	   3.2400780432229470e-01	   2.9320424929282923e-01	   3.5680296041932641e-01	   3.9784681198014515e-01	   1.9133428190979307e-01	   3.2768231394927533e-01	   1.2162716958819472e-01	  -1.0967901020857869e-01	   6.8974733343097755e-02	   4.7531666959560265e-02	   3.6462803949398337e-01	   4.8654462703186557e-01	   6.0646895429422010e-01	   7.2212379584291952e-01	   5.7086756612557421e-01	   5.3997230574993660e-01	  -3.5683110480311191e-02	   9.4070478352918374e-03	  -2.1128456694787887e-03	   1.9636150541216385e-01	  -4.5194782090742347e-02	  -5.1041629977767899e-02	   5.2313529837929369e-02	   1.8042187159789452e-01	   3.6081973963147534e-01	   1.2942680365299239e-01	   9.6349602711729654e-02	   2.3594246448265266e-01	
   5.4036548092704995e-01	   3.6502373978381275e-01	   1.2812559700974188e-01	   3.0595917088225277e-01	   2.1255160800738282e-01	   6.7706987262857043e-01	   6.5995718015273863e-01	   6.9608399247618624e-01	   4.3963637190388272e-01	   8.9714751542767512e-01	   1.1145801719425596e+00	   0.0000000000000000e+00	   1.0303990764697906e+00	   1.3551427414554715e+00	   5.7165863744123679e-01	   7.1210220063864893e-01	   4.4997560661512120e-01	   5.6081638563313141e-01	   6.0813091367837635e-01	   6.4109746602344042e-01	   2.6761107030219316e-02	  -1.6178927793789444e-01	   4.7322046274974579e-03	   1.4160265019929719e-01	  -3.9593563039029467e-01	  -3.2568240971451951e-01	  -2.4532790661950832e-01	  -3.1659204614015402e-01	   7.4468953613027078e-01	   8.1773679169967273e-01	  -8.9511510353111237e-02	  -1.3736637909986563e-02	   3.3064152512797990e-01	   5.0603976684535779e-01	  -2.2760778368794998e-01	  -2.3337884857397806e-01	   1.0315066461145087e-01	  -6.4986058196595401e-03	   5.4639659125720184e-02	  -3.2858695535372989e-02	   3.5262156739644396e-01	   6.5895316394775846e-02	   1.1288137337526986e-01	   7.4198901031555051e-03	  -1.4629998395112810e-02	  -1.2641738567996793e-02	   9.4400378918705841e-02	   4.3536012739981922e-02	  -5.2239356089162504e-02	  -8.2663201178026263e-04	   7.2180768277759211e-02	  -6.5713319952074157e-04	   1.7120552133541353e-01	   3.0459571448279016e-01	   2.4804265445197976e-01	   2.2850200844588117e-01	   3.0690328859000082e-01	   3.6073131846470369e-01	   3.8571094604025991e-01	   2.4137826006375723e-01	   8.6534349289129830e-01	   4.5465329921319148e-01	   5.7578768803387337e-01	   9.9229556958211085e-01	  -3.7402694268615054e-02	  -5.3235401121470294e-02	   5.2153559558246534e-02	   1.1884322214495306e-02	   4.9538839738827403e-02	  -5.3415299173778470e-02	   2.1383468405080444e-01	   2.4260181756123833e-01	   4.5497017635489301e-01	   5.7043179653074783e-01	   6.1501061164776039e-01	   5.8834696434776268e-01	   4.3929028104373197e-01	   4.1274456752191802e-01	   2.7702244898379497e-01	   3.7833447432851997e-01	   4.2167584835897509e-01	   5.7621091753730891e-01	   5.9404636296874980e-01	   3.7466655816071714e-01	   5.5822733889249776e-01	   4.5527795908375973e-01	   1.4881737695344995e-03	  -2.1460908192657818e-02	   2.9691882690826010e-01	   3.4482739230048981e-01	   4.5360062022980357e-01	   4.1329525555820723e-01	   3.6454957192364845e-01	   3.3190458907942644e-01	   9.3657501998825332e-02	  -8.0421383754891440e-02	   9.5082495223040107e-03	   4.5702028733565978e-02	   4.1331368422808790e-01	   5.2972341986687788e-01	   8.3733772228999970e-01	   5.7666822556402619e-01	   6.2646499024916669e-01	   5.0322570553336232e-01	   6.8160601611526525e-02	   2.8713430388156513e-04	  -6.6099999309630467e-02	   2.0150516083082406e-01	  -1.1582272740612527e-02	  -3.0754245825771201e-02	  -2.7929742927509014e-02	   2.1606893891069812e-01	   3.9655832572713212e-01	   2.2689207761191271e-01	   1.7488301330971850e-01	   3.4941738396673977e-01	
   5.0929047212454170e-01	   2.4818190560011127e-01	   5.6944259661311103e-01	   1.4783222275609345e-01	   2.6605534556555810e-01	   3.1832176683882613e-01	   9.1031899727438970e-01	   3.2541089720649147e-01	   6.5832411435761962e-01	   6.1848440866951815e-01	   1.3529834780033456e+00	   1.0303990764697906e+00	   0.0000000000000000e+00	   1.2623004865133689e+00	   8.6886800910269812e-01	   8.0953469155688373e-01	   2.4096209199043428e-01	   2.6844771907600834e-01	   7.3607887448653986e-01	   3.6036901968026919e-01	   2.5211470755510884e-01	  -1.3625697200566625e-01	   2.9913065112114473e-01	   2.6368831903438111e-01	  -3.2182068454111340e-02	  -1.1607784169150451e-01	   1.3685160177657063e-01	   3.0286977749792495e-02	   4.4784899549699592e-01	   4.1682992433241584e-01	   1.2870109374867109e-01	   9.7038388086783153e-02	   2.7292093641181947e-01	   2.7953518483828427e-01	   8.9554997768211283e-04	  -3.4019471246285619e-02	   3.8156322328231035e-01	   1.6715436238328457e-01	   2.6626304396639922e-01	   5.1949718165186828e-02	   5.1524616477094032e-01	  -1.0385303793787628e-02	   1.9540316565309712e-01	   3.1025353394229283e-02	  -8.0656215557561341e-03	  -1.0197210259239402e-01	   1.0689938652805527e-01	   7.0887272722101546e-02	   1.1247390333814940e-01	  -3.7144385645479054e-02	   2.0417304107899947e-01	  -4.0458279170015862e-02	   3.1926617001874291e-01	   3.0725752392823524e-01	   3.1583180795224192e-01	   1.4552324802087044e-01	   1.8222277276972798e-01	   2.1627486389197983e-01	   4.5583701206651456e-01	  -2.6135780937987015e-02	   9.0086423147592343e-01	   1.5733973381246552e-01	   4.0044219951299986e-01	   4.9088087449474577e-01	   2.6906843959534488e-01	   6.7732281942304379e-02	   2.1458661528865838e-01	   3.6156807786241617e-03	   5.0732514591529519e-02	  -8.8806567854314622e-02	   4.7240940026022549e-01	   2.6882238655445473e-01	   2.3632018801118240e-01	   1.7379603107630834e-01	   4.1768757639164478e-01	   2.6083385270719373e-01	   4.9458316366191168e-01	   2.7318021707747930e-01	   4.3061668113383522e-02	   2.3571400494942199e-01	   2.1277908117080324e-01	   4.3704686286537514e-01	   5.8605310672759359e-01	   2.6542660172910004e-01	   8.3568337789480251e-01	   5.4628612250503739e-01	   2.5529019324076330e-01	   1.6992833923886153e-01	   5.9424886729424642e-01	   4.5998580185252014e-01	   3.7258792789077483e-01	   5.8939051563687106e-01	   3.5832896393336583e-01	   6.0713275542081591e-01	   9.3894183698428141e-02	  -8.9266621926199274e-02	  -2.9544535692038777e-02	  -7.5243415903418259e-04	   1.7639187724545310e-01	   3.8298194466196078e-01	   4.8310000297489775e-01	   7.9974537305353788e-01	   3.6519347692537274e-01	   4.7387499060123178e-01	   6.5535495940060584e-02	   2.1087969956612690e-01	   7.4934007952820292e-02	   3.2198236744267905e-01	  -7.8337231521960191e-02	  -3.3644588051195481e-02	   2.2783928173992767e-02	   1.0545094203401660e-01	   4.7960276647720601e-01	   1.3183281197450084e-01	   1.5013005729501849e-01	   1.9670400159808882e-01	
