   0.0000000000000000e+00	   1.1445952175154979e+00	   6.6237518656214722e-01	   5.8534414362605580e-01	   3.4799777615189376e-01	   5.2070494030389991e-01	   7.1160294751650044e-01	   6.8357710729220533e-01	   6.1839745433308702e-01	   5.7819874541818073e-01	   9.7336316953429214e-01	   5.2200737889934623e-01	   9.0925086545332334e-01	   6.1312180688590057e-01	   8.0271151640624661e-01	   4.2199169605087472e-01	   7.2933982746330162e-01	   6.7542453735308872e-01	   5.7004575992031226e-01	   4.0883189375834034e-01	   6.5308022070468708e-01	   5.4691946026941085e-01	   5.5790359911669907e-01	   4.0029432007871540e-01	   5.4718177922035505e-01	   4.9149094231072044e-01	   4.0370066809380645e-01	   4.3699165032306747e-01	   6.3210628412014791e-01	   5.5266031485970590e-01	   5.9333784987874494e-01	   5.3353213992063564e-01	   9.8668715800634588e-01	   1.0066136474166383e+00	   5.6816056307924068e-01	   5.9332763664702282e-01	   8.7725842231995654e-01	   6.5871467287405017e-01	   7.4296928254336236e-01	   6.1090717454897192e-01	   7.3125608082766225e-01	   7.2373643726055359e-01	   2.6784232338790598e-01	   2.7425818816845471e-01	   1.6179850941347829e-01	   2.4738773272769160e-01	   3.0925554299604829e-01	   3.8049989073419466e-01	   2.5220444648131929e-01	   3.3776902784504548e-01	   3.8689243367742643e-01	   3.7777001794621068e-01	   4.7799941090567366e-01	   4.2982298191121604e-01	   4.6140711351979780e-01	   5.0595520747546141e-01	   9.7262283109925596e-01	   8.1245215575917284e-01	   5.9157844206536847e-01	   3.6414246038768816e-01	   8.6755623322394793e-01	   5.9502119084041361e-01	   6.6228425014530312e-01	   5.6305911187339019e-01	   4.6289412090930815e-01	   4.8657432048469129e-01	   3.8386369770739764e-01	   3.7366943824586346e-01	   4.2002590748473945e-01	   4.5615411396051397e-01	   4.1593643693208027e-01	   6.1350360013009053e-01	   7.5621052452061632e-01	   6.9422825376574393e-01	   8.4059672623875770e-01	   8.0365418367665076e-01	   1.0760000119617210e+00	   8.7010219876807637e-01	   7.6856739198847879e-01	   1.0238008824717493e+00	   9.4814184221405751e-01	   8.6478121084881732e-01	   7.1355974320941551e-01	   5.5023987928981510e-01	   6.7118364025720534e-01	   4.3466140335870951e-01	   4.8450125021831580e-01	   4.0017417176087128e-01	   6.7425943747610428e-01	   5.9401541649158607e-01	   4.7486367580448252e-01	   4.0525646874033394e-01	   3.0677098217726517e-01	   4.0818818903236237e-01	   7.2421334775734869e-02	  -3.1375627420814851e-02	   5.6445943968368262e-01	   6.2286829972335334e-01	   4.2791593583659471e-01	   5.0666334756051612e-01	   4.8318864945996109e-01	   5.2935959859499437e-01	   7.5530732691777425e-01	   6.3689102931415853e-01	   3.1501766471073389e-01	   3.3600693976474427e-01	   4.2508330653281534e-01	   2.5464073477750609e-01	  -6.0518378943851862e-02	   2.4372645419614775e-01	   4.7579865805399979e-01	   3.5015896289348603e-01	   4.0989500124838962e-01	   6.7647145639168815e-01	   3.6692142734772787e-01	  -1.6475321468420262e-01	
   1.1445952175154979e+00	   0.0000000000000000e+00	   4.4969209286728901e-01	   5.6207743465588056e-01	   3.5595815395496261e-01	   3.6908686428351972e-01	   4.7155474771166189e-01	   5.7784519764351683e-01	   3.0953156007223737e-01	   4.3512272419936193e-01	   5.3075953967687406e-01	   6.7207215488193750e-01	   4.5432368590461225e-01	   6.0782493379448976e-01	   5.5358172141975226e-01	   6.8969995710125720e-01	   7.1261474509854472e-01	   9.8757130133205262e-01	   6.2252098795359689e-01	   7.7859739569177933e-01	   3.6751761763368107e-01	   4.6659313399998159e-01	   3.8398254288167621e-01	   3.8285467287052038e-01	   3.7726970468339699e-01	   4.0114354872313052e-01	   1.8431234663754412e-01	   1.7758690827069271e-01	   8.6040219813656071e-01	   8.5366270726955296e-01	   5.9278772498170806e-01	   4.7702374661140434e-01	   9.4662020774485212e-01	   1.0539602363947320e+00	   3.5618549432752311e-01	   5.5450837376191275e-01	   6.6801264164636565e-01	   6.4255207682911641e-01	   5.1970147622630236e-01	   4.5506374553874251e-01	   5.6469330042851107e-01	   7.8459361395025740e-01	   3.0497183581527187e-01	   3.1559912741452700e-01	   1.3562435934500977e-01	   2.5693592076834987e-01	   3.3777572798822897e-01	   4.1972738523594832e-01	   2.9968560588522036e-01	   3.9233630388015950e-01	   3.7244236196998082e-01	   4.5767740749964686e-01	   5.6008190981737538e-01	   5.2664482703944615e-01	   5.3834791148213657e-01	   5.8219679261982438e-01	   1.0473407804880133e+00	   1.1314626889274304e+00	   5.1054029111220522e-01	   4.3023743261825337e-01	   4.7428753085387354e-01	   4.3059812103305728e-01	   6.2483198664976169e-01	   7.5426692472284396e-01	   9.7817008089927604e-02	   1.4292290852461242e-01	   3.0844049914729527e-01	   3.7352750346243552e-01	   7.0682533597260089e-01	   7.9081127735882883e-01	   2.6811850752149524e-01	   7.1333971601293700e-01	   8.2446754795199373e-01	   8.6129322629859195e-01	   8.6508214826542162e-01	   9.2044605974725235e-01	   9.6864584124515318e-01	   9.6498222711328285e-01	   6.5380279386571971e-01	   9.2249067363046300e-01	   8.4881416537746368e-01	   9.3829779726175633e-01	   6.0401705939835837e-01	   5.9691925885119179e-01	   4.4679196809555122e-01	   4.3249339173988910e-01	   1.6634839651907624e-01	   1.6114762028407295e-01	   3.4472429621653150e-01	   4.7611556853653769e-01	   6.6522588921503678e-01	   2.4784843113331398e-01	   3.1951330819182644e-01	   1.2332472645576667e-01	   4.0360352004000774e-02	  -4.2633480162734508e-02	   5.2553009079496638e-01	   6.8236403147331337e-01	   6.4845430644910507e-01	   5.1716690018640910e-01	   5.4645041708150932e-01	   1.7647566071273157e-01	   1.0369226695260976e+00	   5.7068111036529445e-01	   2.9357039707365107e-01	   1.8439116544478223e-01	   6.0089347080929389e-01	   3.3741434193572967e-01	  -2.0488402760869377e-02	   3.7517792959800877e-01	   5.4529755950510783e-01	   4.4643180694866380e-01	   4.4966507320286270e-01	   7.4692373250992761e-01	   3.8669767903145674e-01	  -1.3212211751574970e-01	
   6.6237518656214722e-01	   4.4969209286728901e-01	   0.0000000000000000e+00	   6.4218105395863023e-01	   8.9751788904773044e-01	   6.6571312838627117e-01	   1.2102660424532832e+00	   5.3863860815282139e-01	   6.8224451481147474e-01	   3.4252751258367120e-01	   9.7896816880194248e-01	   2.5353999806071309e-01	   6.2814921073386065e-01	   2.7002240827797325e-01	   1.2028495775635195e+00	   4.9055861179533156e-01	   2.3744654905595569e-01	   2.9434055832875572e-01	   4.3186302847779612e-01	   3.0483991403803795e-01	   5.3006785670659995e-01	   4.1271768006155313e-01	   1.4115340017482709e+00	   6.5134957021645601e-01	   5.9012668595151851e-01	   3.9321462757650727e-01	   7.3669378857258672e-01	   5.0936893862282495e-01	   2.9708976597634784e-01	   2.0877596804942525e-01	   6.0690193439800588e-01	   5.3691739599014321e-01	   7.7955208603164661e-01	   6.5234638660183009e-01	   6.7510975234066373e-01	   5.2315136629920411e-01	   7.3446266931738435e-01	   4.5469041966724433e-01	   6.3801523528242077e-01	   3.8423462438584138e-01	   3.8843352322783353e-01	   4.6136017961001635e-01	   6.1075966670030379e-01	   5.5886010038071365e-01	   4.2626931529418433e-01	   4.6423817815493645e-01	   6.0727901988373412e-01	   6.8576508460529051e-01	   5.1390203530077516e-01	   5.8974646220163418e-01	   7.1705845877531171e-01	   6.2056130548569266e-01	   7.2646812395932769e-01	   5.9457459797020662e-01	   6.8453615138153867e-01	   6.8324854452276862e-01	   3.7912542784168368e-01	   3.1186951335379798e-01	   6.1658561888297891e-01	   2.7502224733524805e-01	   4.4779955559306073e-01	   1.4867698274446667e-01	   3.8054418661258121e-01	   1.1949423109209700e-01	   8.9681947457370992e-01	   4.3311039399645923e-01	   6.5103637755181676e-01	   4.3033485970492058e-01	   1.4098564299054406e-01	   3.6117705061150213e-01	   3.0068824349420797e-01	   4.0087022856761401e-01	   5.0558576818256773e-01	   3.8705744408381565e-01	   6.7364140836180997e-01	   6.4597752784822060e-01	   8.0423563650124863e-01	   7.1706320802750623e-01	   1.5043544547500742e-01	   4.0999932306774728e-01	   2.4444838732028279e-01	   5.5077222489198607e-01	   6.5476376904697253e-01	   3.8878575388928766e-01	   8.3056836093247222e-01	   5.8890193137659630e-01	   6.1930916615549525e-01	   5.5493363112280825e-01	   9.3538946981843529e-01	   6.7542469183289067e-01	   8.1435811963489702e-01	   1.1114128092852529e+00	   6.2237125893813960e-01	   1.0535722696022274e+00	  -3.8744174923053223e-02	  -1.7510355665083766e-01	   7.1505804315648736e-01	   5.1828813400206886e-01	   5.2338924067763148e-01	   7.0361574947395422e-01	   3.8149802023179841e-01	   9.4509581813405763e-01	   3.7935328820576497e-01	   5.6567266167713914e-01	   4.3877339583009523e-01	   7.9504002825147890e-01	   3.3007970438489131e-01	   3.0457452744128033e-01	  -1.9414255968688086e-02	   4.3516513285605546e-01	   6.4779326539564897e-01	   5.2430702338748503e-01	   7.6136621886867573e-01	   4.9929901681815136e-01	   4.4147768621692324e-01	  -9.1354405610468745e-02	
   5.8534414362605580e-01	   5.6207743465588056e-01	   6.4218105395863023e-01	   0.0000000000000000e+00	   5.1403610830021451e-01	   1.0753915077750376e+00	   1.0322729813389142e+00	   1.4020646051563768e+00	   4.4142999866850241e-01	   6.0458889721763298e-01	   6.4220088392350183e-01	   8.3337217860951818e-01	   5.8574031547887861e-01	   8.5851767473082152e-01	   5.5655947327110600e-01	   7.4339084870779915e-01	   1.6034964480308131e-01	   2.2640803414688171e-01	   1.3520104538557859e-03	   3.0696722931959519e-01	   3.7390984894744778e-01	   7.4263477442323178e-01	   8.8874847635080179e-01	   1.3372287453807106e+00	   6.2491157634828265e-01	   9.5328916748426940e-01	   6.4707778363938107e-01	   6.7333009809225741e-01	   3.8877995089354678e-01	   3.0707682585882123e-01	   7.2507762630523676e-01	   9.9281867234338694e-01	   9.0284523665187832e-01	   1.1369698801470660e+00	   9.9954495509693431e-01	   1.1760031286972006e+00	   6.2300925362221593e-01	   6.8004995114211986e-01	   8.3862343338828205e-01	   6.7249827725794409e-01	   3.3376677386107867e-01	   8.9626180292083080e-01	   3.5066525921539071e-01	   3.3191319810290010e-01	   2.7779723750356600e-01	   3.7182719005313158e-01	   3.9807034510672079e-01	   4.8680246170890429e-01	   3.3422082127631125e-01	   3.7575145460765341e-01	   5.8721951313321730e-01	   6.4043399914314625e-01	   5.4001821771435143e-01	   4.9299501691890069e-01	   6.9173770901211051e-01	   7.1004037498948314e-01	   3.8148763677106667e-01	   3.7988335399305639e-01	   7.9029149867614201e-01	   6.1094333330870354e-01	   6.8192260534459348e-01	   5.2627109209342771e-01	   7.6845808309611929e-01	   6.4904215562319789e-01	   4.9414221363637623e-01	   7.9918316349801133e-01	   9.4951739729959084e-01	   1.0826328349192338e+00	   1.3860573527794715e-01	   6.2645122577117351e-01	   7.1152817500687110e-02	   4.4115563977789940e-01	   6.1861118248264146e-01	   5.5495458279533560e-01	   8.4147286772200403e-01	   1.0023888103500711e+00	   8.8233212499015201e-01	   1.3283604402811853e+00	   9.0559754775540999e-02	   5.0269703076063621e-01	   3.8442005475963054e-01	   8.3407483137787763e-01	   7.7799916363560684e-01	   7.4360408249641041e-01	   1.0395627170996964e+00	   1.1894627132602615e+00	   5.6967550577946802e-01	   7.1660066791317922e-01	   8.4937313026918804e-01	   9.0679332619807329e-01	   7.9730213681432860e-01	   3.6471271753047618e-01	   1.0511168399748236e+00	   3.7767172738111915e-01	  -2.1825185275804082e-01	  -2.5783317039680403e-01	   3.8603448821447378e-01	   4.8932694069506411e-01	   2.6940112672930322e-01	   2.7663447731327417e-01	   1.0783266385804970e+00	   5.2942533292030203e-01	   6.5418548881799998e-01	   5.3380759145618417e-01	   8.0774664274284613e-01	   7.6480507586514679e-01	   5.3356598847653847e-01	   3.2473559204043806e-01	   1.4822603519072000e-01	   6.4013295197920939e-01	   4.9466406509797078e-01	   3.8395921627738999e-02	   4.6082922659707448e-01	   5.5489674174977388e-01	   6.2496147965148707e-01	   5.1619546358924809e-02	
   3.4799777615189376e-01	   3.5595815395496261e-01	   8.9751788904773044e-01	   5.1403610830021451e-01	   0.0000000000000000e+00	   6.6974269036317280e-01	   7.7086951175842544e-01	   4.8867760926977238e-01	   6.6657845377817893e-01	   3.0466187374237508e-01	   5.5196452365138715e-01	   3.2306099567486152e-01	   2.5690741235427594e-01	   2.1543272397628488e-01	   7.7761330383937943e-01	   7.0039055288903251e-01	   1.9971343865516056e-01	   3.4874042001745081e-01	   4.1893796610619938e-01	   3.6989644942031707e-01	   1.1814771638474768e-02	   4.9078996921814007e-02	   5.6067788596202262e-01	   3.0272292747932750e-01	  -1.2732087492789080e-02	  -7.4038781036303396e-03	   9.1079059048091951e-02	  -7.6902393154696588e-02	   3.3150366350759802e-01	   2.8533922366962911e-01	   1.4470503770180204e-01	   7.7507638599740719e-02	   5.3635014955742777e-01	   4.6276985499031265e-01	   2.9269661984068146e-01	   3.7341264339975810e-01	   2.5121482971076092e-01	   1.9602796013580293e-01	   3.1838590684587986e-01	   7.8152196584416148e-02	  -6.9633035320099693e-02	   1.7441846012162301e-01	   9.4027255744709659e-01	   8.1096076075054380e-01	   6.5050526702765599e-01	   6.9043423324637188e-01	   7.3749751465272362e-01	   8.5519812357965597e-01	   7.8948629891148803e-01	   7.7119304986611015e-01	   8.0233489930483404e-01	   7.5243652276177919e-01	   7.9590488980962404e-01	   6.8186678267410972e-01	   8.6039954440183863e-01	   7.9183517563656425e-01	   1.4274616019758299e-01	   1.8059762541713295e-01	   7.6339858013490935e-01	   4.3548665507145973e-01	   3.2663356189926679e-01	   1.2724224444533999e-01	   3.2935357256651787e-01	   1.5906212907375811e-01	   4.0086252709145093e-01	   2.2071494769290922e-01	   7.8310019677308185e-01	   5.6662595669145155e-01	   1.7393082766688639e-01	   3.0331112094766405e-01	  -7.5575671878330378e-02	   4.1662047314441328e-02	   2.8428964309724203e-01	   1.9550361178639480e-01	   4.2323282840793686e-01	   5.1202830965105084e-01	   5.4698749434083793e-01	   5.2519536132208444e-01	  -1.1888085162362547e-01	   1.5038524137679818e-01	   2.4973020280893165e-02	   3.6294311106340482e-01	   2.1219860769336990e-01	   1.4212606280315870e-01	   4.4109908474944681e-01	   4.8780414875480926e-01	   1.5103133677408445e-01	   1.5459969118300221e-01	   5.8784679497060965e-01	   6.7245311838499255e-01	   9.8023898260560394e-01	   1.0087363906123867e+00	   5.3953851164864619e-01	   6.7315582230729676e-01	  -2.0507845454293269e-01	  -2.1378893178120317e-01	   5.7693723187806933e-01	   5.1476124500575082e-01	   7.0663706601834442e-01	   7.5118743444945735e-01	   4.2137364164247681e-01	   7.8246121684845238e-01	   4.4726597267580187e-01	   7.3587002837459914e-01	   4.1455293035184992e-01	   5.4459619569076478e-01	   3.4661401309830364e-01	   2.3352719424083462e-01	   2.2670115586115883e-02	   5.0290153099854040e-01	   6.7930552117404275e-01	   5.2384326814542415e-01	   6.8700867128706422e-01	   3.7916432415878609e-01	   3.1602684694522587e-01	  -6.1081058973928411e-02	
   5.2070494030389991e-01	   3.6908686428351972e-01	   6.6571312838627117e-01	   1.0753915077750376e+00	   6.6974269036317280e-01	   0.0000000000000000e+00	   1.0090555944052313e+00	   1.2525537535706621e+00	   7.5430877043697120e-01	   9.3225927932921637e-01	   8.8793853063315109e-01	   8.5384421050173032e-01	   6.9866520642697383e-01	   7.9593998857179782e-01	   8.2561843046839156e-01	   6.1955710382763551e-01	   1.0384627330742176e-01	   9.5634076232389578e-02	   1.0889740778625836e-02	   1.0802639723952505e-01	   2.4977636798620911e-01	   4.0833280341465161e-01	   7.5689496699605097e-01	   7.3811514678612888e-01	   3.6642386156272161e-01	   6.4509920329424209e-01	   4.7674586708320355e-01	   5.0247317775195421e-01	   2.2367905976134816e-01	   1.7395645099496979e-01	   3.1301707277281676e-01	   4.9018060103146244e-01	   5.8727037455162423e-01	   7.0567321945784500e-01	   7.3737994505815774e-01	   8.2830009312409025e-01	   4.9250427689044890e-01	   4.2303544155206479e-01	   6.9300043434597436e-01	   5.0343538493993600e-01	   1.9817937655295720e-01	   5.4427450915459796e-01	   4.1056252241146629e-01	   3.7516139480668165e-01	   3.5900362681281550e-01	   4.3332083369670149e-01	   4.2992258191001664e-01	   4.8165120112713838e-01	   3.9796911073870145e-01	   4.6334606039661785e-01	   7.0101171486958558e-01	   6.5951811311380293e-01	   6.4237823721836429e-01	   4.4609279591045714e-01	   7.3302924858053642e-01	   6.9760162430255612e-01	   1.7487948378849760e-01	   2.5993573630030442e-01	   9.7354822975450195e-01	   7.3976806842359744e-01	   8.1737119932258651e-01	   7.2418125123471111e-01	   6.2320787325138660e-01	   5.1152614999744173e-01	   7.1740153222623670e-01	   1.0046793931509399e+00	   8.8717538210462865e-01	   9.1087817963281481e-01	  -9.7138091040054997e-02	   3.5110284112965900e-01	  -2.7659441448277249e-02	   2.2199583149061577e-01	   3.3903178526797439e-01	   2.5330501959449370e-01	   6.1310127198355946e-01	   6.9669829200457023e-01	   7.0722426719893738e-01	   8.9119837802995117e-01	  -4.8963800358912679e-02	   4.0402499119234031e-01	   2.8303431564398918e-01	   6.0196644180125736e-01	   6.4822196609274763e-01	   4.3301854573418347e-01	   1.0296831788918552e+00	   1.0439976357472813e+00	   5.3688295358648119e-01	   5.4705360521741708e-01	   1.0887846583726069e+00	   1.1615801388055187e+00	   7.8190007919435167e-01	   5.6982319713907015e-01	   1.0854423867521719e+00	   6.5978961160617433e-01	  -2.0248857899919617e-01	  -2.5465243465300536e-01	   2.6063368736998993e-01	   2.6056529075565288e-01	   2.5127961265973908e-01	   2.8992900421805229e-01	   8.7180353709707537e-01	   8.1062968458138407e-01	   4.4682911665639974e-01	   5.9465630955778137e-01	   6.1318095317724697e-01	   6.8824370493492193e-01	   4.5247312856283789e-01	   3.3886331726091512e-01	   2.5299103474946288e-01	   4.8432149720370010e-01	   3.4335400971289642e-01	   2.0013888304032772e-02	   6.1793315856476783e-01	   3.3775832185203364e-01	   4.7265111692631046e-01	   1.4618182205857227e-02	
   7.1160294751650044e-01	   4.7155474771166189e-01	   1.2102660424532832e+00	   1.0322729813389142e+00	   7.7086951175842544e-01	   1.0090555944052313e+00	   0.0000000000000000e+00	   1.1356991987360179e+00	   7.4301449701445288e-01	   5.8841008770710079e-01	   1.0136729762631376e+00	   5.8233897811392654e-01	   7.9304228988289194e-01	   6.4623552564229547e-01	   1.1149285271901068e+00	   7.0037882585353461e-01	   1.7997870102999619e-01	   2.6357911521284616e-01	   2.7831142769521899e-01	   3.2715014247018964e-01	   5.3773612592568276e-01	   5.9699634697973936e-01	   1.1002543194776451e+00	   7.8273152656717970e-01	   5.2819640374818011e-01	   6.0354068337883648e-01	   6.1441225481073536e-01	   5.6048822923129926e-01	   3.7688083191935595e-01	   2.6905806485363637e-01	   6.6696399577753218e-01	   6.5452571108070867e-01	   9.7261766253037751e-01	   9.5190029645191732e-01	   7.4585508343968310e-01	   7.7088205030773949e-01	   6.8558209207631826e-01	   4.5014450478203460e-01	   7.2826340871169082e-01	   4.8079946435302812e-01	   4.0322973278514040e-01	   5.9230091660769513e-01	   5.0496109631392938e-01	   4.7025573712363899e-01	   3.6600511248475881e-01	   4.2618962077795775e-01	   5.2792630485704728e-01	   6.1080705106625821e-01	   4.2707237256902641e-01	   4.5952071906287861e-01	   6.7302770932480893e-01	   6.3010595624263210e-01	   6.1760115475030142e-01	   5.4376055245948063e-01	   6.6181129909649727e-01	   6.3914036035097632e-01	   3.6522137710737990e-01	   2.8462187748309831e-01	   7.2976123603058440e-01	   4.1805963709931404e-01	   6.7247089053723963e-01	   3.5421160882205405e-01	   7.1237748522261568e-01	   4.5511431280359060e-01	   7.3382399668984533e-01	   6.2488934030259879e-01	   8.4011496381237827e-01	   7.2586437948521287e-01	   9.4034139903410682e-02	   4.3397348796064406e-01	   2.5248168107352847e-01	   4.1211922288635050e-01	   5.6166854068785232e-01	   4.6109313986901346e-01	   7.7842030915162397e-01	   8.3253839456170087e-01	   9.1561536681665046e-01	   9.9349377028050634e-01	   8.3427366167152892e-02	   4.5532692464515362e-01	   3.1642549326262337e-01	   7.4000225418233678e-01	   7.1223207495007113e-01	   5.4959547208962167e-01	   1.0237463917877956e+00	   8.3145677898673664e-01	   6.1532218514940829e-01	   6.1145309688384109e-01	   9.4667490880856675e-01	   7.5666525379020388e-01	   8.0890329302126862e-01	   7.0873501012590345e-01	   7.5694893088640036e-01	   7.2658082416701975e-01	  -9.8817087810037424e-02	  -1.7653195391976687e-01	   5.3186882647057931e-01	   4.6230317762895090e-01	   3.4867638851853711e-01	   4.6624082484860047e-01	   7.1793633791577549e-01	   9.8715168021021271e-01	   4.7780321730289121e-01	   5.7777341482518918e-01	   5.0197443959782340e-01	   8.3971109342797645e-01	   3.5073289869995850e-01	   3.0215628901241498e-01	   1.1111323239512769e-01	   4.5007599159594680e-01	   5.5899089833056825e-01	   2.6399914843559080e-01	   5.9074080253363104e-01	   4.4990925866550685e-01	   4.2529487895396767e-01	   1.0844778707267428e-02	
   6.8357710729220533e-01	   5.7784519764351683e-01	   5.3863860815282139e-01	   1.4020646051563768e+00	   4.8867760926977238e-01	   1.2525537535706621e+00	   1.1356991987360179e+00	   0.0000000000000000e+00	   6.5428182522089784e-01	   1.0156229584184397e+00	   7.2470888776926579e-01	   1.0166036961878759e+00	   7.6674353951986574e-01	   1.1251493751716677e+00	   7.3406855294595474e-01	   8.3932471079792448e-01	   2.0787273685422178e-01	   2.8514227715438439e-01	   1.0882995076478851e-01	   2.8977594075036106e-01	   3.4083109380069132e-01	   5.9625562134529753e-01	   6.4204029880053748e-01	   8.0240453784689136e-01	   4.4711738417787555e-01	   8.4859017146192806e-01	   3.8151108714019422e-01	   4.7195297476255749e-01	   4.4586861478600004e-01	   4.0897945034372835e-01	   5.5875009610419157e-01	   7.1099008790891971e-01	   8.6445294380481053e-01	   1.1367383219358134e+00	   7.0147304140184497e-01	   9.6681227714431595e-01	   5.4770250081741312e-01	   5.0395856465441680e-01	   6.9461742372699997e-01	   5.2160819278973070e-01	   3.3711595052834914e-01	   7.1167903055107529e-01	   3.2425348877019433e-01	   3.1693931894932847e-01	   2.5562213901848196e-01	   3.5580259946357928e-01	   3.5668590066089473e-01	   4.2730171348981499e-01	   3.1248446456500745e-01	   3.4798691453614589e-01	   5.2564361399391579e-01	   5.6579025173487696e-01	   5.2327205949620614e-01	   4.6115044989935117e-01	   6.2854536493150504e-01	   6.1185950323467930e-01	   3.9172415046336989e-01	   3.9565026476892573e-01	   7.3639885621119416e-01	   6.2180435672824697e-01	   8.7383930674860233e-01	   7.6409261340383028e-01	   9.0272881775720715e-01	   9.3177152391042073e-01	   4.5572903070754750e-01	   7.7140119068261892e-01	   7.2717350807990322e-01	   8.7088982663674452e-01	   1.2212494337534829e-01	   4.5565594737955428e-01	   7.3121798459992088e-02	   3.7398252653256364e-01	   5.2552290923662104e-01	   4.9996460128268316e-01	   7.5937960751457234e-01	   8.9932718427957958e-01	   8.3243140931621107e-01	   1.1639341908960379e+00	   1.1492978194725038e-01	   5.7148434935057990e-01	   4.8494322731128509e-01	   9.0089572954572517e-01	   6.8891050119476605e-01	   6.5924541003466941e-01	   8.8640993416696312e-01	   9.3979808689283006e-01	   4.2044478572328631e-01	   4.4540323982252877e-01	   7.8574285821201406e-01	   8.4620159572366038e-01	   7.5362733149462979e-01	   3.4707886713665037e-01	   8.3641031465672155e-01	   3.6630936010475379e-01	  -1.6905657577630090e-01	  -1.7882053447039684e-01	   2.8977678004248675e-01	   3.8082956852151606e-01	   2.5450089137908655e-01	   2.5678043865717293e-01	   1.0723477404036024e+00	   6.0188010027952765e-01	   6.6832973726904332e-01	   5.3058165039297678e-01	   4.9948838113124805e-01	   5.0977925409269820e-01	   4.5835392995681462e-01	   2.8400291058247862e-01	   1.9899731009923505e-01	   5.0888608904383137e-01	   3.9019114439582031e-01	   1.8273391195862746e-02	   4.6755927954322785e-01	   4.3154760985433377e-01	   4.3220313753822648e-01	   2.1572503406202939e-05	
   6.1839745433308702e-01	   3.0953156007223737e-01	   6.8224451481147474e-01	   4.4142999866850241e-01	   6.6657845377817893e-01	   7.5430877043697120e-01	   7.4301449701445288e-01	   6.5428182522089784e-01	   0.0000000000000000e+00	   9.4644907929896271e-01	   6.8848062538620558e-01	   2.7033266163209285e-01	   6.8932333600702189e-01	   2.9520260570272833e-01	   9.6525804587729358e-01	   2.4971909044488999e-01	   1.1580198482633892e-01	   1.0391529941197286e-01	   2.5898208531150646e-01	   3.0786965689054445e-02	   1.8644398735163387e-01	   1.1252359952924877e-01	   4.4423996052273901e-01	   1.2843889677001552e-01	   9.0128154045616846e-02	   1.4479998189164434e-01	   1.7384115289819477e-01	   1.8034288046229804e-01	   2.0152495692147818e-02	   1.6082676459003267e-02	  -2.0369645878193492e-02	   3.7393979786132514e-02	   3.3368298943457209e-01	   3.6033621464152138e-01	   3.0649420174824082e-01	   3.0577322676576957e-01	   2.1829809057878374e-01	   6.5874663533282543e-02	   2.7806125993748115e-01	   1.7992349009540631e-01	   3.7833608392503042e-02	   3.0253271455902397e-02	   2.8340456381715046e-01	   2.5686616746396007e-01	   1.6950250586428839e-01	   2.0600717522472972e-01	   2.3744875505892640e-01	   2.8411142863970729e-01	   2.4195140987819586e-01	   3.2206909049457599e-01	   4.0395129933741020e-01	   3.6111128304841350e-01	   4.6945538617889243e-01	   3.6547729182232391e-01	   4.0944301784191695e-01	   3.8737612272430932e-01	   2.0894389301255267e-01	   1.8194086460134423e-01	   5.7227489237547635e-01	   3.6619089041052877e-01	   8.9564981093737772e-01	   6.4253255958508149e-01	   2.4396237786992617e-01	   1.9225819318814263e-01	   8.4564244148276835e-01	   6.6437573650890891e-01	   3.6039920665794378e-01	   2.7343215808633725e-01	  -7.2861196830835320e-02	   2.5617485916699489e-02	   1.4531213487586231e-01	   1.0184149093851720e-01	   8.5529206237176428e-02	   5.9967037920848267e-02	   2.7975967964148207e-01	   3.0121348418139804e-01	   4.7340741983358436e-01	   4.0404869326191928e-01	  -2.1904853645830075e-02	   2.1844208710193735e-01	   1.2523729908216494e-01	   2.5009707258382252e-01	   1.7081812782124053e-01	  -1.8329785233153723e-02	   4.0870654931102862e-01	   3.0719621448206025e-01	   3.4942445996488430e-01	   2.0063860936993477e-01	   8.4075798675892022e-01	   6.8195631163136305e-01	   4.8475901295039275e-01	   7.2382575584878628e-01	   4.6072416209767764e-01	   8.8594751033679220e-01	   6.1564976605402839e-02	  -2.7838599090265533e-02	   2.0997086572512305e-01	   1.3679207950508410e-01	   2.2951216595910950e-01	   3.1441890297128644e-01	   3.2843716755507307e-01	   1.0038784967479606e+00	   2.7064332203425101e-01	   4.1161439389732302e-01	   1.1678504353090775e-01	   2.9463772718623826e-01	   1.9186332558786190e-01	   2.0497683648666323e-01	   1.0195294149610509e-01	   1.6034651970553004e-01	   1.5811921628170661e-01	   1.0398838201529560e-01	   4.6474134096020281e-01	   9.3703684610742216e-02	   2.9681773014305472e-02	  -4.2695859784385150e-02	
   5.7819874541818073e-01	   4.3512272419936193e-01	   3.4252751258367120e-01	   6.0458889721763298e-01	   3.0466187374237508e-01	   9.3225927932921637e-01	   5.8841008770710079e-01	   1.0156229584184397e+00	   9.4644907929896271e-01	   0.0000000000000000e+00	   5.6492015527277029e-01	   6.3544782249598331e-01	   6.2347482786078490e-01	   6.5013640275127194e-01	   6.9414291914718595e-01	   4.7746643294646030e-01	   1.4956765880091749e-01	   1.2170143566260362e-01	   1.2901248997802831e-01	   7.2531220564203913e-02	   1.1012293765775281e-01	   1.7713015441021407e-01	   3.0614917470608893e-01	   2.5212661432253830e-01	   1.8313716783941653e-01	   4.6489678495789338e-01	   1.6499555927299506e-01	   2.7645300603733303e-01	   1.9598888074360127e-01	   2.3919656180293464e-01	   1.4417968290398825e-01	   2.9645204576571127e-01	   3.5947840720809032e-01	   5.2875605708346296e-01	   3.0724869590704124e-01	   4.1806913637683879e-01	   2.4488624336082643e-01	   1.5459282839991129e-01	   2.8380271210225816e-01	   2.3856937814965731e-01	   1.5924391616833078e-01	   2.8365497321446925e-01	   1.4075427829110584e-01	   1.6364605961736242e-01	   7.0499610820176528e-02	   1.5680735273106003e-01	   1.4989403114759436e-01	   1.8954430702389599e-01	   1.5460022959308051e-01	   2.5325400135270953e-01	   3.2639666682404733e-01	   3.4152421205186467e-01	   4.3585734992264852e-01	   3.5665756739541038e-01	   3.8776510447497037e-01	   3.6382096890463472e-01	   2.8245634973420863e-01	   3.6841700107733316e-01	   4.8876175365861929e-01	   5.1570599176582665e-01	   8.1642864984521457e-01	   1.0709618568521637e+00	   4.0112984738460589e-01	   6.3210708555396566e-01	   5.0992826758655196e-01	   6.7310004699916204e-01	   2.3097222177718874e-01	   3.1668726740413156e-01	  -5.3002860734054261e-02	   1.5064335289578440e-01	  -1.7469179021734334e-02	   1.4646652656032708e-01	   2.2062612084426167e-01	   2.5478965514566193e-01	   4.1946665089831114e-01	   4.4684053659082679e-01	   4.2611875615844752e-01	   5.5564350112286431e-01	   5.9754028348973080e-02	   4.7109694187724149e-01	   4.0072686784714551e-01	   4.8313540652034970e-01	   3.2276281280826752e-01	   1.8968958153462390e-01	   4.7158251279656360e-01	   4.5024381552875120e-01	   1.9600431023639064e-01	   7.5181027493871844e-02	   6.0212301956956893e-01	   6.3569983002026531e-01	   4.8913013586093373e-01	   3.0816791730421750e-01	   5.3835870835745903e-01	   3.9076197323048378e-01	   7.4177090975870608e-02	  -2.0506085453262653e-03	   6.1137853614257408e-02	   4.0886492560557749e-02	   1.7074351515320524e-01	   1.5122135924193739e-01	   5.8661436342472251e-01	   4.9063288036351338e-01	   4.0922082171177271e-01	   3.0597593188681421e-01	   1.5797100189161378e-01	   1.3375373029910548e-01	   3.9387937426101671e-01	   2.8138807658738951e-01	   3.5194034455183981e-01	   2.5006847195906062e-01	   3.4743600780910586e-02	  -7.9252457732501475e-02	   4.1512282291304542e-01	   8.4723792009569851e-02	   1.1026313351394139e-01	   9.6665771815836674e-02	
   9.7336316953429214e-01	   5.3075953967687406e-01	   9.7896816880194248e-01	   6.4220088392350183e-01	   5.5196452365138715e-01	   8.8793853063315109e-01	   1.0136729762631376e+00	   7.2470888776926579e-01	   6.8848062538620558e-01	   5.6492015527277029e-01	   0.0000000000000000e+00	   6.3428084062592016e-01	   1.3462231189313572e+00	   7.1682776659983738e-01	   1.1713868490770749e+00	   4.1512020544187728e-01	   2.9563944453381258e-01	   2.6807020605062370e-01	   3.0101044549650197e-01	   1.6311232827808858e-01	   6.0717678008113252e-01	   4.5807323246296672e-01	   9.6095122523202137e-01	   5.8419963869132885e-01	   5.4008748506908222e-01	   4.4411217504044448e-01	   5.8895829566321434e-01	   5.5236583902487146e-01	   3.0954725846151515e-01	   2.1012116244944690e-01	   4.3007764356963135e-01	   4.6240870947270929e-01	   7.5280319211789437e-01	   7.4944956161880827e-01	   7.7054421336865697e-01	   6.6388477186976225e-01	   7.0736048414468644e-01	   5.0930349050366508e-01	   7.6505620165144683e-01	   5.5082708526160407e-01	   4.6287324431771498e-01	   5.9176538176716009e-01	   3.3091414980173273e-01	   2.9608870111305158e-01	   3.0275984604163581e-01	   3.4507943944849662e-01	   3.5779616350172466e-01	   4.1605849270830941e-01	   3.0034951438775070e-01	   3.7003691569505315e-01	   5.5852892169734547e-01	   4.7119996912039930e-01	   4.8693238007913142e-01	   2.7939087510670924e-01	   5.1800702630404005e-01	   5.2613915337992734e-01	   3.4756250657127019e-01	   4.4307623794285100e-01	   8.2580005860938377e-01	   5.2515085310675480e-01	   9.4237343629414094e-01	   5.7463653245779756e-01	   6.5733455775235461e-01	   3.7333406281508663e-01	   8.7041913482283340e-01	   7.4986099663150163e-01	   6.8755829424558246e-01	   5.7843865359975677e-01	   1.3614128488982966e-01	   4.0502053872663563e-01	   2.3717772402387513e-01	   3.6538068772395027e-01	   4.6172155208176802e-01	   3.3567851500482448e-01	   6.9863185604398126e-01	   6.4662568548503774e-01	   9.1250831588706349e-01	   8.0501433583892623e-01	   2.3283769168381466e-01	   5.5544393145576920e-01	   4.5672881838068558e-01	   6.6325807086694066e-01	   7.9314199647099803e-01	   4.9043555735380290e-01	   1.1760420863917143e+00	   7.4879348382487265e-01	   6.3368805876585521e-01	   5.8393069526503782e-01	   1.1523253980669481e+00	   8.6703640407013949e-01	   5.1808193713988404e-01	   7.0264026269320223e-01	   6.5603216285939547e-01	   8.7464795762738223e-01	  -9.5460819828327201e-02	  -1.6078677840641442e-01	   4.6285103414072237e-01	   4.1614448042145347e-01	   2.3507700690701350e-01	   3.8784344976331669e-01	   5.8174120171311205e-01	   1.0165319026937707e+00	   4.9557457854834192e-01	   7.1638394027375496e-01	   5.1356386560577316e-01	   6.6715658489228880e-01	   3.7384638014636812e-01	   2.8875556984261397e-01	  -7.6636971235760241e-03	   3.5401479983953044e-01	   4.1594841721445325e-01	   1.6724723968828403e-01	   5.2793995523267223e-01	   5.0726631722247706e-01	   4.4175819286111440e-01	  -2.3539083312851439e-01	
   5.2200737889934623e-01	   6.7207215488193750e-01	   2.5353999806071309e-01	   8.3337217860951818e-01	   3.2306099567486152e-01	   8.5384421050173032e-01	   5.8233897811392654e-01	   1.0166036961878759e+00	   2.7033266163209285e-01	   6.3544782249598331e-01	   6.3428084062592016e-01	   0.0000000000000000e+00	   6.3623737100330202e-01	   1.7198280691352130e+00	   4.8412574313354662e-01	   8.7051705969146509e-01	   1.0573033885255656e-01	   2.3288520119320946e-01	  -3.7244094944840545e-02	   2.0381011286416792e-01	   1.8971706545799408e-01	   4.3803389884303867e-01	   3.5985319109180192e-01	   6.1088866319145296e-01	   2.4854575051972472e-01	   5.3460348437406113e-01	   1.9010141966774088e-01	   2.8453327169948978e-01	   3.7962716166416366e-01	   3.5509138485400360e-01	   3.3715196781900869e-01	   4.6550010548125265e-01	   5.8582986722953234e-01	   7.9497234668397843e-01	   4.3891365229662410e-01	   6.9254256931498959e-01	   4.0920223302640701e-01	   5.2903711239166440e-01	   5.2816316919598560e-01	   5.6941038928475374e-01	   3.4347725710551380e-01	   7.5462675588271089e-01	   1.7970448371927469e-01	   1.8114591110703784e-01	   1.9406511386212716e-01	   3.0605471895687419e-01	   2.3587246854850896e-01	   2.7456893070276928e-01	   2.3651383583983793e-01	   3.0414034377641225e-01	   4.6309809640400812e-01	   5.8563675191935494e-01	   4.5571198765329768e-01	   2.6232914609885655e-01	   5.7724214412674646e-01	   5.6544242359228825e-01	   2.3666184120396550e-01	   5.3296301212534269e-01	   8.2454378184309740e-01	   1.0080193912577646e+00	   6.8226780173455126e-01	   7.6610374766625078e-01	   9.2036706293342596e-01	   1.0594421461468064e+00	   1.3911415551829903e-01	   4.9867818217443222e-01	   6.2844409146599911e-01	   8.2196363579783971e-01	   1.4140671995300710e-01	   5.1218889940452739e-01	  -5.7120671422506861e-02	   3.1413229859101910e-01	   4.0092073456532190e-01	   3.8859765590949136e-01	   5.9686370575500813e-01	   6.9701335987386592e-01	   6.2916418328650936e-01	   9.6837666227973540e-01	   7.3972958415203488e-02	   5.2119961874244458e-01	   4.5891896760186612e-01	   7.7674856392837366e-01	   5.4129995027166000e-01	   6.4455542822777456e-01	   7.7831027230967986e-01	   1.0568972337261910e+00	   2.1626797927017050e-01	   3.2406406903115997e-01	   5.1732522683377846e-01	   8.3534402006845898e-01	   5.4633852133172656e-01	   7.8454669699457122e-02	   7.2073977343612516e-01	   1.2299041674454794e-01	  -1.0751823109143815e-01	  -3.1916299759646286e-02	   1.6816853116545058e-01	   3.5649535197343296e-01	   1.9392007946512221e-01	   1.1429197602215062e-01	   1.2707363985669520e+00	   3.0569192451965538e-01	   8.6081711843643138e-01	   5.7597327527091435e-01	   5.6991234214515063e-01	   4.4502230882955435e-01	   7.5376837278943365e-01	   4.4515435169785234e-01	   2.2163783278064769e-01	   3.4936657010342281e-01	   1.8775912921115145e-01	  -7.5019083071634574e-02	   4.0649757963930488e-01	   4.0541550909002139e-01	   3.4038309961828878e-01	  -9.3408631399970660e-02	
   9.0925086545332334e-01	   4.5432368590461225e-01	   6.2814921073386065e-01	   5.8574031547887861e-01	   2.5690741235427594e-01	   6.9866520642697383e-01	   7.9304228988289194e-01	   7.6674353951986574e-01	   6.8932333600702189e-01	   6.2347482786078490e-01	   1.3462231189313572e+00	   6.3623737100330202e-01	   0.0000000000000000e+00	   8.7353287208065411e-01	   8.8508265824165555e-01	   2.6464605012670267e-01	   1.9571840102024324e-01	   1.5957569033113725e-01	   9.3198715303135699e-02	   2.2442605326418973e-02	   6.8578394211338178e-01	   5.4488594047313910e-01	   7.0595782896799342e-01	   5.0015092571344810e-01	   5.8538916222768023e-01	   5.3648890894134493e-01	   5.3805928319487473e-01	   6.1117422971144764e-01	   1.5395974977265789e-01	   1.1408614251440384e-01	   3.4599965831309254e-01	   4.4035459597894383e-01	   5.8418834301003042e-01	   6.5692345256709073e-01	   7.0387046048869761e-01	   6.3873238350443617e-01	   5.8133303974046235e-01	   3.7755114611248569e-01	   6.7643311532820982e-01	   5.7839566426076949e-01	   4.9030142961589940e-01	   5.0180472271530485e-01	   9.8130856809433301e-02	   9.0403895554984612e-02	   1.1994986123916468e-01	   1.6614198761672799e-01	   1.5343245145904777e-01	   1.8989847880761440e-01	   9.8452873170084693e-02	   1.5941113997732931e-01	   3.3980298463329323e-01	   2.8486921483406646e-01	   2.7709871478253545e-01	   1.2698246895502160e-01	   3.1984314786041584e-01	   3.2136733667323797e-01	   3.1851569572523869e-01	   3.8531428212694041e-01	   6.3102071210465260e-01	   4.3425615510977517e-01	   1.2794982989318771e+00	   7.4204700892028486e-01	   6.9343040535826539e-01	   4.9307810680221409e-01	   7.9518000710809678e-01	   8.5154447803753275e-01	   4.8672842951712769e-01	   4.6302475086259809e-01	   8.0174582641459199e-02	   2.3741960241941115e-01	   2.9784251419004837e-01	   3.5345505584221010e-01	   3.2330588700692398e-01	   2.6290057899400165e-01	   5.3801528771557283e-01	   4.8965695790435698e-01	   6.9054550780657498e-01	   6.6434700883975217e-01	   2.5024002810895130e-01	   5.1907984942450025e-01	   4.4815612164206875e-01	   5.7489931177841436e-01	   6.4473011231761990e-01	   4.7177895718726792e-01	   9.1391972787065900e-01	   5.9586812213764140e-01	   6.1716771733741238e-01	   5.3616187230903445e-01	   9.9895726467761115e-01	   6.6341030992949634e-01	   2.8719544246100609e-01	   4.1533799787090603e-01	   5.5689684921578153e-01	   7.2107337369333513e-01	  -1.5892349783597694e-02	  -9.3543121487446229e-02	   2.5301774964522933e-01	   2.7521589825833936e-01	   1.4174693695201308e-02	   1.5954607723268571e-01	   5.5736704837957018e-01	   8.6267963310469786e-01	   4.1292843042181748e-01	   4.6416616720513892e-01	   3.2745808851125624e-01	   4.4537375142072211e-01	   1.9203957339910083e-01	   1.5527446655179727e-01	  -4.1900413831745392e-02	   2.0337854865613350e-01	   1.8809258965595391e-01	  -5.3232891808792017e-02	   3.4578758203169663e-01	   4.1387826324148935e-01	   3.1573690314921821e-01	  -2.4880436264843231e-01	
