   0.0000000000000000e+00	   1.2755530269370452e+00	   4.2510479440399351e-01	  -1.8065521752538188e-01	   7.7029324239665978e-02	  -1.1772029336984689e-01	   1.0301742684712888e-01	  -1.6227509023985773e-01	   5.8914369693299239e-02	  -1.9754967719948037e-02	   9.2544495398502202e-01	   4.7705279756138541e-01	   5.8060324214688075e-01	   1.9562848803343999e-01	   5.5661554391684409e-01	   2.4651483457643336e-01	   9.2276596107610287e-01	   1.0438946751337592e+00	   7.6923470251933734e-01	   6.9254035131390479e-01	   2.0834151631842801e-01	   2.0574699842666302e-01	  -1.1286383996057703e-01	  -3.1528790382606187e-01	  -1.2375348703746963e-02	  -1.4801791661993288e-01	   1.4709685769926800e-01	   1.5732188089689808e-01	   8.2114460624595109e-01	   4.3863957794101505e-01	  -1.8074227798179054e-01	  -1.9639667639167818e-01	   6.8031040381113073e-01	   5.0725537454831826e-01	  -5.8188373841051827e-02	  -6.8981564815749852e-02	   4.5006511731857113e-01	   3.7145481851306322e-01	   4.7427559619547610e-01	   4.1050415602166407e-01	   4.1280032317575849e-01	   4.2346121558848976e-01	   2.1575973999422293e-01	   2.5499035382334695e-01	   1.5790436741732822e-01	   1.2035652347201761e-01	   3.8101711719652620e-01	   2.7866127588888073e-01	   3.1191651530428516e-01	   1.7544028437347561e-01	   2.9292073652123463e-01	   2.5097979906629403e-01	   2.8920194967327267e-01	   1.4296725955700179e-01	   3.7885494560087685e-01	   3.1573392206497958e-01	   1.3263289358121928e+00	   9.3130343983574626e-01	   5.3835153414240089e-01	   1.7575063790103795e-01	   5.0696135751215543e-01	  -1.6186703665061891e-01	   5.8470579461482808e-01	   3.8740495361319205e-01	  -1.1747851249747948e-01	  -2.6671669089027372e-01	   2.7248553766724537e-01	   1.9520001659099390e-01	   9.4508484874035503e-01	   6.1069355637227984e-01	   2.4109209062644732e-01	  -1.0376445962138379e-01	   7.0603189467469063e-01	   5.9073082350008543e-01	   6.2611852175013138e-01	   4.1452984818204164e-01	   7.1932953824418544e-01	   6.3100367610415731e-01	   9.8956582181464836e-01	   8.7342695687877814e-01	   9.1190781556437150e-01	   6.4287005469402059e-01	   5.4205271502961072e-01	   2.5738548288947255e-01	   4.3134293015453906e-01	   2.5686986741637841e-01	   7.8600179091641520e-02	  -2.7471580564819492e-01	   6.9306628251298652e-01	   4.5189651324531549e-01	  -4.3341317474820902e-02	   2.7645473465700543e-01	  -1.0728010702016087e-02	   2.2038449844002830e-01	   1.9903222929278039e-01	   3.3558896856239967e-01	   6.6656030023770962e-01	   5.4418511381599721e-01	   4.7711877783232232e-01	   5.0491811405511844e-01	   3.3919052857348742e-01	   5.6949547177505211e-01	   6.7638496732615172e-01	   7.1270688965855056e-01	   3.3255800558719922e-01	   3.1928845406692480e-01	   4.4964547730553661e-01	   3.2750493231699968e-01	   2.2999403732708046e-01	   7.0935883333812524e-02	   3.7006958812629803e-01	   4.1102919908971214e-01	   3.8823140727741606e-01	   4.2115170719376599e-01	  -1.4338028766884578e-02	  -5.8178915663178253e-02	
   1.2755530269370452e+00	   0.0000000000000000e+00	   3.8240919879682772e-01	  -1.2475343978623638e-01	   1.3830762211621889e-01	  -7.2862245189157765e-02	  -1.7574748202063032e-03	  -1.6380370287104928e-01	   2.4094133109417739e-02	  -6.7403072092136682e-02	   6.3079261035292145e-01	   3.6519179880623581e-01	   3.6537415151834995e-01	   1.4424513332163652e-01	   4.6841165108919913e-01	   3.9253328589829661e-01	   9.2117106475456079e-01	   9.6732695797086854e-01	   6.6469943905826778e-01	   9.3006231018972385e-01	   3.6466953386730472e-01	   2.1644970399695768e-01	  -3.8904459189192928e-02	  -1.7702869799976928e-01	   1.4767610286904423e-01	   4.0565079865906156e-02	   2.9383794074379993e-01	   2.5996637805908501e-01	   7.5815648569446936e-01	   5.8399824343574702e-01	  -4.8519679660872381e-02	  -1.0487323125036521e-01	   6.4159177352588204e-01	   5.3600837946904711e-01	  -2.0899168558542878e-02	  -1.8412223395205068e-02	   3.7282633916428332e-01	   3.7260528435229878e-01	   4.5233781370617449e-01	   2.9735385567911427e-01	   4.0216701014013045e-01	   2.5654670742028857e-01	   3.1760175334432034e-01	   3.4184381062987151e-01	   2.5310422498820717e-01	   2.1937363921192968e-01	   3.9594061444581896e-01	   3.1837976104248034e-01	   4.2268043589776738e-01	   3.1713755029725660e-01	   2.8065236754960238e-01	   3.0045308997638132e-01	   2.9616136468251325e-01	   2.5588987611495129e-01	   3.7374792071750296e-01	   3.1109571230712074e-01	   1.2211022856634730e+00	   1.0553205877758489e+00	   4.0808873024094172e-01	   2.5801042607349095e-01	   3.0539629606399360e-01	  -2.0386005039133520e-01	   3.7447354801745536e-01	   3.8526645375702123e-01	  -1.7424335387992318e-01	  -3.1368514265970721e-01	   1.2935998714686825e-01	   1.4604082477451980e-01	   7.1255862253250102e-01	   6.2024861844563417e-01	   1.8804137320987971e-01	  -1.7971893030348740e-01	   5.0240644026618209e-01	   4.4282312668071239e-01	   4.1320947833901300e-01	   2.6067083096091986e-01	   5.8094789043367423e-01	   5.2332909348180146e-01	   8.8495796923757986e-01	   8.3221762836065827e-01	   7.2782952457554451e-01	   5.9214800011947932e-01	   6.2938106987595988e-01	   2.8857229591568068e-01	   2.8194588364144252e-01	   2.9601800104667370e-01	   1.4423436947461510e-01	  -1.8947147900621905e-01	   5.2864714296883575e-01	   4.0680962086756989e-01	   2.2489711274266633e-02	   1.9310006890690143e-01	   5.5328375725211314e-02	   1.9013138540853419e-01	   1.5667208253788295e-01	   2.0709750797870713e-01	   6.4527726751926728e-01	   4.5829690526300543e-01	   4.6684188555734724e-01	   4.0628433048517065e-01	   3.6763150785857424e-01	   4.7246987689344966e-01	   6.6950320321663181e-01	   6.0303522404802834e-01	   3.6444948642291214e-01	   1.9452423702702121e-01	   2.5247859766938313e-01	   8.6423923825833401e-02	   8.5602678473829061e-02	   2.5983339776897757e-01	   3.7062114430568249e-01	   5.0175551567151555e-01	   3.6791713602367376e-01	   3.9807834331066044e-01	   5.0492887404624313e-02	   1.2173300661196058e-01	
   4.2510479440399351e-01	   3.8240919879682772e-01	   0.0000000000000000e+00	   4.3269637371018965e-01	   4.6462715208584998e-01	   8.0113053121959085e-02	   8.9223765476813777e-01	   1.2845042619088992e-01	   4.4185460518102215e-01	   1.9604460129309359e-01	   1.3280550615553435e-01	   1.7932143770765541e-01	   1.8339467155888570e-01	   8.1541928304406999e-02	   4.9337261327704179e-01	   2.7523476120427948e-01	   6.4434969517808735e-02	   1.2425210568665716e-01	   6.9348089816726455e-01	   5.9801375330011963e-01	   4.6470537967615066e-01	   6.1003948372554584e-01	   3.6665433782462525e-01	   2.5188443401057325e-01	   4.4206674519766642e-01	   2.9553573821429924e-01	   5.9183304060615483e-01	   5.2987270474083459e-01	   1.4989576519463024e-01	   5.4297301228056614e-02	   3.7084135627405435e-01	   1.7167972142179802e-01	   5.4426700435914843e-01	   3.4623966487644808e-01	   3.4803781900012759e-01	   1.9049570486253420e-01	   6.2319193755860858e-01	   5.9212906145161859e-01	   6.3669369615552218e-01	   6.0239821326033893e-01	   2.5418316533256158e-01	   3.2368599848425411e-01	   4.1354979997296126e-01	   3.4411457252303751e-01	   1.9912823397765930e-01	   9.4358459637526010e-02	   5.6843470275472663e-01	   3.9577623376332194e-01	   1.9623548348672312e-01	   1.7544968894435217e-01	   4.3636745154588347e-01	   2.6788211180470345e-01	   4.0111306363591220e-01	   3.7531088683754738e-01	   5.8572919128703071e-01	   4.4490255753284030e-01	   1.7607381252744583e-01	   5.6201328547014283e-02	   1.9632782579638811e-01	  -1.3911738976536549e-02	   2.9291193697139761e-01	  -1.0210230893051839e-01	   1.2829886950617678e-01	   4.1856996946042030e-02	   4.3354588340992467e-01	   2.7864199351649299e-01	   4.2697590838831390e-01	   2.3740776986593548e-01	   6.6691484468513995e-01	   3.9395127322521017e-01	   4.6083612373108174e-01	   3.4095192202348057e-01	   3.9684461418513717e-01	   2.8842912012228689e-01	   3.6762597593914959e-01	   2.7637654474568707e-01	   4.6652194452512530e-01	   5.4803657786621818e-01	   2.7548688217348138e-01	   2.7754102629719984e-01	   3.7884562657497584e-01	   3.3762118387083728e-01	   4.2683341206207559e-01	   3.6642585022512308e-01	   7.4724481110820207e-01	   4.0974313742728707e-01	   3.3927021260166279e-01	   2.3435300446611579e-01	   6.2421277266090613e-01	   4.7801155063411771e-01	   3.9478955200886279e-01	   8.0198690914467097e-01	   5.0293416204670938e-01	   7.8658231142789470e-01	   3.4024527603478810e-01	   5.7083158789353827e-01	   7.0642285370604951e-01	   5.5883646832847911e-01	   4.7469494519995192e-01	   5.7787000517367504e-01	   3.8482587643248195e-01	   5.2211516687066206e-01	   6.2083782041191915e-01	   4.1770282936423780e-01	   5.0471469993409157e-01	   5.8511707692904080e-01	   3.7474997988660963e-01	   3.6750564827024479e-01	   2.9608442001702573e-01	   1.7546933029533748e-01	   6.0452548539425022e-01	   3.3512067141746171e-01	   3.1223247813782407e-01	   4.4864464066087389e-01	   1.9625109978755967e-01	  -9.6004611899623740e-02	
  -1.8065521752538188e-01	  -1.2475343978623638e-01	   4.3269637371018965e-01	   0.0000000000000000e+00	   4.2446420323572254e-01	   8.8374943398777805e-01	   5.7585505239725610e-01	   9.9851613459093458e-01	   3.3409445847336272e-01	   6.4591819123555538e-01	  -3.1468815228969532e-01	   2.4442767813284771e-01	  -2.0536987320594943e-01	   3.1779240753540400e-01	   6.4182041693740685e-02	   5.4557748718440990e-01	  -1.5224470567774848e-01	  -9.4923831570957296e-02	   1.8530300592616006e-01	   3.5806844983768671e-01	   2.5981372303150979e-01	   3.9910656886071394e-01	   4.2247582273266637e-01	   7.8797492469569475e-01	   5.5986325613028887e-01	   8.2564323925048444e-01	   2.8783041546559907e-01	   3.9718454220210153e-01	   2.7821911186697218e-02	   1.9608471575989617e-01	   8.3724483966836660e-01	   7.7194957565775368e-01	   3.5027789988721592e-01	   4.7188220509845497e-01	   5.6901347825934367e-01	   6.0255126516843527e-01	   1.3771965537629288e-01	   3.8956096894414882e-01	   1.2303065682002023e-01	   3.0567481352339726e-01	   1.4125976597176493e-01	   2.5112980263033902e-01	   5.4366006981597514e-01	   4.5431565023389114e-01	   4.7899511099125325e-01	   4.3605185635990029e-01	   5.4490912912459355e-01	   4.9464725281120697e-01	   2.8520067636465846e-01	   3.1726938802868426e-01	   3.8356264861257205e-01	   3.1359832676403421e-01	   6.7409632630709559e-01	   4.9239876455943865e-01	   5.1747363179892991e-01	   4.4686698895606836e-01	  -2.3905805250341294e-01	  -3.1740680531874738e-01	  -8.3662280414005703e-03	   2.7145793728099615e-01	   5.3825699597236605e-02	   5.9870705494988019e-01	   6.2024887997604604e-02	   2.8788727560353222e-01	   2.6257255773497135e-01	   7.8033022854474976e-01	   3.5698382669561318e-01	   5.1320922662451929e-01	   7.2256883562679106e-02	   1.3107586886595141e-01	   2.0543478515708002e-01	   3.3688187243178819e-01	  -3.1675060887151274e-02	   1.4550963775411927e-02	   3.9954823902500838e-02	   8.0817935897044123e-03	   9.0370033803419403e-02	   2.9778294082348999e-01	   4.6910401690282016e-03	  -6.0653384189338938e-02	   9.0152648146374428e-02	   2.0190125720843188e-01	   9.6047720939198181e-02	   6.8829258716190866e-01	   3.5252870300695216e-01	   6.0859315424046967e-01	   1.1055096435025945e-01	   6.0930867224825602e-01	   1.7795923299925850e-01	   4.1849792557594229e-01	   1.0900473359236158e+00	   2.8107101494323972e-01	   1.0441922762282385e+00	   2.3034933819624548e-01	   1.4839077052561533e-01	   2.9244924612683693e-01	   2.5616894284613678e-01	   2.6947303727903665e-01	   5.2250530677548712e-01	   4.0141508351733274e-01	   4.9673914491290694e-01	   1.0830068726663605e-01	   3.5623504234546255e-01	  -3.8018644854918508e-02	   3.5182687849511490e-01	   1.4476355390773513e-01	   1.4192775339181848e-01	   2.1706636985986991e-01	   1.4147263980104047e-01	   2.5968818093290980e-02	   4.5606509205001911e-01	   2.8576668336538891e-01	   3.4425012271876637e-01	   1.5584616567233739e-01	   1.8143886121722377e-01	   3.9190575617705316e-02	
   7.7029324239665978e-02	   1.3830762211621889e-01	   4.6462715208584998e-01	   4.2446420323572254e-01	   0.0000000000000000e+00	   7.1344914765831702e-01	   7.2699347654687074e-01	   6.0475642184369671e-01	   9.3172878992361474e-01	   6.5528768243869140e-01	   2.9929392626597860e-02	   5.1244252135181712e-01	   2.3728824257282044e-01	   4.9827612277930033e-01	   7.1502631441485415e-02	   2.4799357117334547e-01	  -1.0180605028724625e-01	  -1.8434222507798625e-03	   7.6448547049354346e-02	   2.4599498704728520e-01	   2.9334921366193129e-01	   4.1831175760025668e-01	  -2.3203717415079286e-02	  -1.3565929394526684e-03	   3.8884961362913900e-01	   4.6331529069385169e-01	   4.9835954872364080e-01	   6.1754770798122860e-01	  -1.0056228419593533e-01	  -5.8967925591783453e-02	   1.0761579899424883e-01	  -1.6641923473814906e-03	   4.0255712417002459e-01	   4.0372728157238830e-01	   5.4328100619939113e-01	   5.4295232956545625e-01	   3.0807102197803216e-01	   3.6105326443363017e-01	   4.1076781381650329e-01	   4.3248993712540679e-01	   1.0181169866087261e-01	   2.9543552633943260e-01	   9.5221236345894300e-01	   8.3389449516199987e-01	   8.1443733725794110e-01	   6.5763174802519242e-01	   9.0589135280420119e-01	   7.3068101452744261e-01	   6.5429154441371029e-01	   6.5278740637181132e-01	   8.2326024923649999e-01	   7.4427657357212285e-01	   5.6516790272836015e-01	   6.0162900430432420e-01	   6.8616264419250372e-01	   6.8824891482401329e-01	  -1.1104087280309065e-01	  -8.4725614525556409e-02	   4.7809217699988771e-01	   6.4169342423414588e-01	   4.6374820910311915e-01	   3.9794901392807608e-01	  -9.3503316391306129e-02	   2.0831010537991429e-01	   4.4385834902740584e-01	   5.4590666204860516e-01	   8.5502983850706693e-01	   8.2645812466390534e-01	   3.2798600651211590e-01	   5.5261685892149393e-01	   4.2646408768314055e-02	  -6.7944858135940561e-02	   1.3879745609435953e-01	   1.7292410483885454e-01	   1.6889399752670053e-01	   1.1921580589172165e-01	   2.5351633024653530e-01	   3.3196116573879519e-01	   7.2737225914327531e-04	  -5.9387953556364913e-02	   6.2638329213029600e-02	   7.9210626199090778e-02	   4.0990675707146429e-02	   2.6233421865019607e-01	   3.3093809517701223e-01	   5.2741148861971054e-01	   2.0329536643915003e-01	   2.1678546308592773e-02	   6.3498685256283816e-01	   8.1281052783173968e-01	   6.0227938918783108e-01	   4.4686559808839876e-01	   7.1263217717102900e-01	   3.8152364634637070e-01	   5.9472481273304914e-02	   1.1661138846108639e-01	   4.2148408742734739e-01	   3.1544951877911370e-01	   5.9630598599190254e-01	   5.2580024445003537e-01	   9.2010805275812246e-01	   6.9487216847671607e-01	   6.9954681989074352e-01	   4.5508844051746361e-01	   3.3918950640653656e-01	   4.7071242708341465e-01	   3.6322729711540852e-01	   3.3355888435964892e-01	   1.2254182104867510e-01	  -3.0710440246786642e-02	   4.9873493271302838e-01	   4.2753012027889403e-01	   6.3649456152285422e-01	   4.1977219207085376e-01	   1.2779328902536113e-01	   9.4117695408000163e-03	
  -1.1772029336984689e-01	  -7.2862245189157765e-02	   8.0113053121959085e-02	   8.8374943398777805e-01	   7.1344914765831702e-01	   0.0000000000000000e+00	   2.6912840677137179e-01	   1.0253440692158111e+00	   4.2149416094849440e-01	   7.8749937478484988e-01	  -1.5508901716877749e-01	   4.2204521481800833e-01	  -3.1387324110680681e-02	   5.1154799716889043e-01	   5.9796258290354974e-02	   4.8288496387279201e-01	   1.5330386980861822e-02	   7.7016577907333850e-02	   8.8313919365295479e-02	   2.7532307138193735e-01	   3.3584330063598544e-01	   4.1243019251025709e-01	   1.9752962555648507e-01	   3.8008639228519614e-01	   5.3191562763396427e-01	   8.4756111270481882e-01	   2.3653988796978415e-01	   4.1292571302229103e-01	   1.4727615797048071e-01	   3.0551689570739005e-01	   4.5777970913675053e-01	   4.9476567189595266e-01	   4.4107256421332314e-01	   6.1906397549426195e-01	   5.9700761404710445e-01	   7.7374844073155602e-01	   2.2442032519072752e-01	   4.4956743047112591e-01	   2.4202239794787478e-01	   3.8412148075481151e-01	   2.6097748381040814e-01	   4.6060538630446701e-01	   8.2127744186591789e-01	   8.1460760671116828e-01	   9.9728491980580392e-01	   9.7760113840502927e-01	   7.4704704895487484e-01	   7.8365847906050912e-01	   6.8021709204732650e-01	   7.5075100359038083e-01	   5.9869274584213794e-01	   6.6164193141405148e-01	   8.6463093854050621e-01	   7.7391054400697257e-01	   6.7354692118999471e-01	   7.2844296073640702e-01	  -1.8408209198917669e-01	  -2.1283760202134444e-01	   2.8554364624317241e-01	   7.0475750930295866e-01	   1.5904956291056091e-01	   7.4730202062433382e-01	   1.1060269239958070e-01	   4.5051980310430229e-01	   9.5547493583519327e-02	   5.7558746735891186e-01	   5.2471408284882126e-01	   8.7478812443516085e-01	   1.6983506915009663e-01	   4.2616505070249316e-01	  -1.0391963394773666e-02	   7.4077576009135018e-02	   4.2207771882683841e-02	   1.8600558035498813e-01	   1.3768765647015002e-01	   7.8237744600845316e-02	   2.0286205611944885e-01	   3.6276447874031215e-01	   1.0954408182728349e-01	   1.2349006893025266e-02	   1.9381954428417592e-01	   2.8388270998584941e-01	   1.3708085588789681e-01	   6.3482633410163192e-01	   3.2087937236714292e-01	   6.3967078454694271e-01	   2.4616447971096703e-01	   3.2458224257320017e-01	   3.4185951937083631e-01	   6.9699848217761917e-01	   9.5148118359046374e-01	   2.0672265416474542e-01	   8.8561993390655547e-01	   1.2416456774173311e-01	  -5.9285546964440647e-02	   3.8910041811103468e-02	   2.3001057755014451e-01	   2.4953708444699335e-01	   6.7586772975544207e-01	   5.2130673096452051e-01	   7.8921729345379688e-01	   3.1270719494908705e-01	   4.9372961252223385e-01	   1.8265898222086818e-01	   1.9174304394445960e-01	   7.0654524238650526e-02	   1.6247693547465042e-01	   2.6532906385029897e-01	   5.5358925267832419e-02	  -8.2003612038108020e-02	   4.7015362475738759e-01	   4.8753977685202543e-01	   6.7949495028147600e-01	   2.3167909082940197e-01	   5.3163688999066754e-02	  -2.3650029421855168e-02	
   1.0301742684712888e-01	  -1.7574748202063032e-03	   8.9223765476813777e-01	   5.7585505239725610e-01	   7.2699347654687074e-01	   2.6912840677137179e-01	   0.0000000000000000e+00	   6.3641645717470163e-01	   8.5562862856491873e-01	   6.3856614043292448e-01	   5.1817184811811259e-02	   4.0769085982920783e-01	   2.9544720204568553e-01	   3.8400754645790142e-01	   1.6335138080543377e-01	   2.4608259816427028e-01	  -2.4465950058768005e-01	  -1.6993606555590945e-01	   2.1609202253720855e-01	   2.5266458076507692e-01	  -2.7681610927400919e-02	   1.9962326912774614e-01	  -1.5427522305142911e-03	   7.5501843385823331e-02	   7.5148432686812205e-02	   1.1722325794766510e-01	   1.2932544042330724e-01	   1.8191911141881689e-01	  -1.2548417063618222e-01	  -1.5647636490869185e-01	   1.9482064495740958e-01	   6.2716008846381802e-02	   3.3847245495125350e-01	   2.6434744313176589e-01	   2.4037404433691281e-01	   1.9982249123584614e-01	   2.2349374268744959e-01	   2.3968344744369866e-01	   2.6190433696185544e-01	   2.8744951047372247e-01	   6.2606941403083906e-03	   8.9394529383636498e-02	   5.2232682478866777e-01	   4.2744177114970644e-01	   3.0467884138035362e-01	   2.0363162615914251e-01	   5.6360779460221844e-01	   4.2092811983339373e-01	   2.4130253287492398e-01	   1.6925721962193518e-01	   5.1424294079778399e-01	   3.1620586747024676e-01	   3.3720054037264513e-01	   2.1308553659856228e-01	   5.1153357627588314e-01	   3.9752453635495100e-01	  -2.1165346758566100e-01	  -3.1205654031240260e-01	   2.0114474025327075e-01	   8.1269207879955549e-02	   5.4311670670422085e-01	   2.4312332537930292e-01	   3.6597218673658109e-02	   4.6635863533620231e-02	   4.6647884720831828e-01	   5.2627927415878140e-01	   6.6272624428828364e-01	   3.9666408956563731e-01	   2.9940740030215413e-01	   1.9836601984290736e-01	   2.2367547847981176e-01	   2.3156393816836363e-01	   1.8055663643377903e-01	   9.7652561548678615e-02	   2.0681675142632164e-01	   2.2553373067433985e-01	   1.7325777113370089e-01	   2.8630380782738196e-01	  -1.0154534153685027e-01	  -9.5375868219848267e-02	   5.0064775610426035e-02	   6.1922212047231751e-02	  -3.9769432555564921e-02	   2.0674972489445007e-01	   4.0846905278876694e-01	   4.6865295506640803e-01	  -2.0856286055530790e-02	   9.7971181924858042e-02	   5.4770157553420196e-01	   4.8735982633035979e-01	   5.4011215286356329e-01	   6.1874593351626461e-01	   6.7708822568053673e-01	   5.0956780567588367e-01	   1.5689647355505504e-01	   3.2742366305962162e-01	   4.4322454105965609e-01	   3.8539667767666697e-01	   4.3164590348365439e-01	   4.5249640823001375e-01	   5.6216470080492587e-01	   5.8726660297085431e-01	   4.9891919223997816e-01	   2.8956077859818186e-01	   3.6418799560637427e-01	   5.3829353766488608e-01	   3.1481183076874658e-01	   3.0705710014223020e-01	   1.4007146933525921e-01	   7.2355796419120585e-02	   4.0991097852000963e-01	   3.2123060940776682e-01	   4.0333042859747614e-01	   4.1484170547553767e-01	   2.1220920328598200e-01	  -6.0939355725076643e-04	
  -1.6227509023985773e-01	  -1.6380370287104928e-01	   1.2845042619088992e-01	   9.9851613459093458e-01	   6.0475642184369671e-01	   1.0253440692158111e+00	   6.3641645717470163e-01	   0.0000000000000000e+00	   5.8977269764368345e-01	   1.1752628785018850e+00	  -5.0313489043227196e-02	   6.4635645687648913e-01	   1.3268871284227468e-01	   7.9850188089509255e-01	  -5.1339782865701372e-02	   5.6845293435993105e-01	  -1.3420094425788143e-01	  -7.1477862714876453e-02	  -9.5880877911234536e-03	   2.5817708292173996e-01	  -2.7894798484340733e-02	   1.3978029102328604e-01	  -4.1640383664940106e-02	   2.6168821996254477e-01	   1.2519953066538236e-01	   4.1507368035340308e-01	  -7.0733379143592331e-02	   8.9548228628808457e-02	   3.4498383105640421e-02	   1.8266712637970584e-01	   3.7961577814503411e-01	   4.8241159784080856e-01	   3.7926672153801205e-01	   6.0126110249492792e-01	   3.6407561789112447e-01	   5.3028610826820366e-01	   1.7830139741646814e-03	   1.8185590327444046e-01	  -2.4788517317754572e-02	   1.3283679571786294e-01	   1.1311052169051132e-01	   1.6825460942606055e-01	   6.8593782594805397e-01	   6.3045978180919138e-01	   7.2569103308689120e-01	   7.0382576316141887e-01	   5.8921061017804210e-01	   5.7160062524196842e-01	   4.9956209577808569e-01	   4.4881023313349022e-01	   4.6938088990223037e-01	   4.1778062348291867e-01	   5.3877994557860220e-01	   3.5076656612579571e-01	   4.5693548583453553e-01	   4.2374123613842035e-01	  -2.9892568068259434e-01	  -3.9298099486106791e-01	   1.2293914735382357e-01	   4.0544707928838841e-01	   3.5490698514340169e-01	   1.0837030796646094e+00	   1.3906597813558672e-01	   5.0319970716858897e-01	   1.3357156274000628e-01	   6.6661165080032181e-01	   5.0803040818487055e-01	   6.9976158673286315e-01	  -2.9536048437854547e-02	   1.3504636431692896e-01	   5.2443332439929838e-02	   1.8794802677476008e-01	   3.1776307810238631e-03	   6.3921830071556371e-02	   1.0571314465363336e-01	   1.0268438668926509e-01	   1.1674758256841147e-01	   2.8971787401441418e-01	  -9.7105046921099475e-02	  -2.0410411628359093e-01	   4.3398644270064783e-02	   1.2535254915246116e-01	  -5.8738286900920471e-02	   5.0327204111305957e-01	   1.3997325015536738e-01	   5.9260073964586102e-01	  -1.1097775769333136e-01	   1.9617794914675743e-01	   2.9212565875565610e-01	   4.7773247195517510e-01	   8.4649883794619041e-01	   1.3907603897428353e-01	   8.5312427007287883e-01	   4.0519562991150018e-02	  -6.3659546002833606e-02	   4.4198618163246994e-02	   1.4022856076434215e-01	   1.7502817785937805e-01	   5.2914131164772193e-01	   3.2061321865840992e-01	   7.4763586554482397e-01	   3.0787639835214548e-01	   4.0834451410654854e-01	   6.3538018454021711e-02	   2.1502513590428154e-01	   1.1418219940521729e-01	   1.5522790319560564e-01	   1.8020713664069507e-01	   6.5530941023927503e-03	  -1.2212701593098922e-02	   3.1232346025249763e-01	   3.7996574196060467e-01	   5.5831375182307630e-01	   2.6490790753008975e-01	   1.8301745337069408e-01	   1.1439519134431268e-01	
   5.8914369693299239e-02	   2.4094133109417739e-02	   4.4185460518102215e-01	   3.3409445847336272e-01	   9.3172878992361474e-01	   4.2149416094849440e-01	   8.5562862856491873e-01	   5.8977269764368345e-01	   0.0000000000000000e+00	   1.0181864500803597e+00	   2.8270088150974776e-01	   6.7419445094397346e-01	   6.0821655214898396e-01	   6.7776252218628097e-01	   3.2121037428936100e-01	   3.7205856871659015e-01	  -8.7494947085418884e-02	  -1.4989170855182919e-02	   3.7380483646453265e-02	   1.8127455118086055e-01	   3.9330464534737410e-02	   2.0995169682984915e-01	  -3.2000646015383966e-02	   3.0471093033174846e-02	   8.5236122819293700e-02	   1.8859688394200128e-01	   1.7777005089652659e-01	   2.7012138782300821e-01	  -2.0035833954414495e-02	  -7.6192397847209721e-03	   5.6914295453455492e-02	   1.7029406642923694e-02	   2.9328851399567762e-01	   3.4685163025670862e-01	   2.7226061263260959e-01	   2.8126308856008608e-01	   2.7116464831207393e-01	   1.8374562860182830e-01	   3.5855695726480141e-01	   2.1630079984432890e-01	   2.0185799641591043e-01	   1.1224130746537600e-01	   5.5697675387943479e-01	   5.1483206743948884e-01	   4.0716064630389759e-01	   3.3394734669551068e-01	   5.1705245535386712e-01	   4.1462236354555015e-01	   4.0043603235155945e-01	   3.8674919564955146e-01	   4.8011857859896412e-01	   3.8612897741357033e-01	   3.1268750285209668e-01	   3.1357076568303288e-01	   4.2808044237683418e-01	   4.0263828936998702e-01	  -2.1946551958194943e-01	  -2.4982341955097553e-01	   2.9787222647529993e-01	   2.9111085618479471e-01	   7.4859763398311141e-01	   4.8925831026019695e-01	   4.1755644352224133e-02	   2.4667950051739396e-01	   5.3408066525212372e-01	   5.3600791566199479e-01	   4.4257543109957820e-01	   3.5255300282387547e-01	   2.3406230251748156e-01	   2.0112271817272265e-01	   2.2388145093972144e-02	   1.3109419153740473e-01	   1.4894778365121134e-01	   1.7620141796767225e-01	   2.3419708694884622e-01	   2.0107541647025609e-01	   2.3943622960090405e-01	   2.7709739247713616e-01	  -1.1359458529192080e-01	  -4.7014825827961043e-02	   7.4095696550888407e-02	   1.3492670910537419e-01	   9.8964854231995858e-02	   1.5707328457944406e-01	   3.1523108926605431e-01	   3.7214041177499524e-01	   6.4627087998692365e-02	  -8.8192551394442195e-02	   8.1305760503883850e-01	   7.3508565498493716e-01	   4.4914345655615001e-01	   4.9684734322744417e-01	   6.3733793616545109e-01	   4.2751494429814824e-01	  -4.5172495405734474e-02	   6.6413207634047289e-02	   2.6500330384548071e-01	   1.6114909395578400e-01	   3.2031974783832584e-01	   3.6681494811427878e-01	   7.4185832339785551e-01	   6.7108044192446137e-01	   4.5586637160404603e-01	   2.9443725002617122e-01	   2.1367695115289359e-01	   2.1939941642338504e-01	   2.6858425276620546e-01	   1.4941574149737208e-01	  -3.2946722647989965e-02	   2.3601004537994668e-02	   2.3556998053270856e-01	   3.0306833724207788e-01	   4.6442240145800684e-01	   3.0135540376510789e-01	   1.8694337541250677e-01	   8.1864522793041305e-03	
  -1.9754967719948037e-02	  -6.7403072092136682e-02	   1.9604460129309359e-01	   6.4591819123555538e-01	   6.5528768243869140e-01	   7.8749937478484988e-01	   6.3856614043292448e-01	   1.1752628785018850e+00	   1.0181864500803597e+00	   0.0000000000000000e+00	   1.5207137651002009e-01	   8.1171319538600506e-01	   3.5779840817347247e-01	   8.5149364888331447e-01	   1.2005666896740723e-01	   5.7152256011086178e-01	  -2.5837979284965312e-02	   1.4671245139541246e-02	  -2.6901419348161908e-02	   2.3934758336198791e-01	  -2.7305748777035288e-02	   1.9620991042543565e-01	  -7.6400073722867473e-02	   1.5481065367672331e-01	   7.9925462047449283e-02	   3.4032358220307252e-01	  -3.3053537330728730e-02	   1.3205739167072961e-01	   1.0052126774989868e-01	   1.4000283244074599e-01	   2.4556670608878631e-01	   2.8986790969387932e-01	   3.4234890925453249e-01	   5.3183874064719516e-01	   3.0929821991269835e-01	   4.8376007174044833e-01	   1.9287224778662160e-01	   2.5430427287927837e-01	   1.4676279203938819e-01	   1.9878047903756013e-01	   2.2598263927321957e-01	   2.3428640188048511e-01	   6.1064171534549616e-01	   6.0293575415831802e-01	   5.8917964249144728e-01	   5.6057822747478236e-01	   5.4876557904126522e-01	   5.0880072481537308e-01	   4.8003786681746197e-01	   4.7790567449757620e-01	   4.1862816673761444e-01	   3.5175596866590575e-01	   4.8314519382282800e-01	   3.9296617736154954e-01	   4.1373012617676724e-01	   4.1578867639426942e-01	  -2.1484575075780613e-01	  -3.1589346294529530e-01	   1.6937476470314036e-01	   3.8899806128829167e-01	   5.2977715814643911e-01	   9.3246208458380064e-01	   5.0998888569278235e-02	   4.0158198518152555e-01	   2.4498069659736132e-01	   6.3846540568096366e-01	   3.6780026414111877e-01	   4.7920128828394815e-01	   1.5477447503403152e-01	   1.7077265569671049e-01	   5.9163874002864630e-02	   2.7999578662518704e-01	   1.2770747564482132e-01	   2.1350045371138432e-01	   2.1418652636503030e-01	   1.8648059320766291e-01	   2.3462286772407975e-01	   3.5035389289833346e-01	  -2.7267249971163140e-02	  -9.7879821628373082e-02	   1.3309504136720723e-01	   1.1650178920132159e-01	   1.1727447888959911e-02	   3.0934557268289908e-01	   1.4357562382445602e-01	   3.6248664401254171e-01	  -1.5238735248727159e-01	  -5.6864534984731256e-02	   5.2383227703905633e-01	   6.7946838647617069e-01	   6.8165579177933899e-01	   2.7982761825161900e-01	   7.8402590580474185e-01	   1.8117123127598816e-01	  -1.0249723001089311e-02	   7.3122943498902013e-02	   1.9074538164110566e-01	   1.5743039016125332e-01	   4.5647050535846989e-01	   3.8064477663643875e-01	   8.0316444311308133e-01	   5.3604857832270225e-01	   4.2825663117024204e-01	   1.6764895651286499e-01	   1.2716760604371274e-01	   1.8420159498258426e-02	   2.1078331632412120e-01	   2.1854702554058258e-01	   2.9937969751515300e-02	   2.8633075200872296e-03	   3.0406164979364719e-01	   3.7467084113925669e-01	   6.0969733002099535e-01	   2.5416208108900573e-01	   1.3252261171029925e-01	  -4.6836258394872889e-04	
   9.2544495398502202e-01	   6.3079261035292145e-01	   1.3280550615553435e-01	  -3.1468815228969532e-01	   2.9929392626597860e-02	  -1.5508901716877749e-01	   5.1817184811811259e-02	  -5.0313489043227196e-02	   2.8270088150974776e-01	   1.5207137651002009e-01	   0.0000000000000000e+00	   7.3379214910322677e-01	   1.3661908389713131e+00	   4.6291781763931500e-01	   6.2388942632613165e-01	   3.0251456656890352e-01	   6.6370953748353512e-01	   6.5516849783159536e-01	   3.4421344804143073e-01	   3.5571729184353795e-01	   3.7233545251130394e-02	   3.8088226712822928e-02	  -3.2840767997090797e-01	  -4.3785370810444380e-01	  -3.1429632326138829e-01	  -3.3441179258131215e-01	  -1.0342063660970274e-01	  -4.8482840348641323e-02	   6.3792057375686928e-01	   3.7880376356283441e-01	  -3.6716533534682883e-01	  -2.2828166309522341e-01	   3.8391488317680622e-01	   3.5558101871633352e-01	  -3.1095699995782566e-01	  -2.3084613765650897e-01	   2.9635418959731541e-01	   9.5130430614289455e-02	   3.0746196638597290e-01	   1.0833318738179540e-01	   4.8249155417555611e-01	   2.0483284631138104e-01	   2.3877710991212019e-02	   1.0204190025101373e-01	   1.9094881175099283e-02	   3.1170503671773563e-02	   1.0313016464634804e-01	   2.9712434758967742e-02	   1.7928396348266853e-01	   4.6919322136336455e-02	   1.1490845527038634e-01	   1.2247391331755764e-01	   7.2243219533807454e-02	  -2.7054225619876086e-02	   1.1012830511057123e-01	   1.0672598642035193e-01	   6.4950086757680559e-01	   4.9583118573713680e-01	   4.9984394034161744e-01	   1.4906495251727869e-01	   8.3073646468781559e-01	   9.5658679900398461e-02	   7.2466937415525956e-01	   5.8756510579587229e-01	  -1.2835850994949533e-01	  -2.9345942988102486e-01	   1.5367853491374783e-01	   7.9077233071250475e-02	   4.0507728848770541e-01	   2.5710682382864664e-01	   1.6364152762626413e-01	  -2.5731972268444023e-02	   7.2323388449396775e-01	   6.3338725059084289e-01	   6.1581121749525647e-01	   5.1003497060902059e-01	   5.9953979018817916e-01	   3.8213857371733861e-01	   4.6872381174399347e-01	   4.4599499247173841e-01	   5.6299558608680811e-01	   4.5594072091274540e-01	   3.4533607905029745e-01	   6.7378796570117055e-02	   1.7167689779765150e-01	   1.9734230147374116e-01	  -8.7118115313153041e-02	  -5.1216356824213083e-01	   7.7714869630516481e-01	   3.7503355729412446e-01	  -2.0379157878306048e-01	   7.2545336512135655e-02	  -1.5485911339759487e-01	   3.9326881054446039e-02	  -6.7683337476840799e-02	  -1.9783853070441039e-02	   1.7939409748711696e-01	   1.0584332759184759e-01	   8.8577795993595998e-02	   1.9468948962063121e-01	   3.1008198936168868e-01	   4.8095152738692271e-01	   4.1210867117785238e-01	   5.3345847890212383e-01	   1.1153403191872620e-01	   8.0948445171010686e-02	   1.9587122490700415e-01	   2.2254020625449390e-02	  -4.4676718525373575e-02	   4.6700031842464837e-02	  -4.2159093320628449e-02	   1.5170904685424541e-01	   2.0336311750571889e-01	   1.9494183241007329e-01	  -5.2921459847984846e-02	   2.8236494375171537e-02	
   4.7705279756138541e-01	   3.6519179880623581e-01	   1.7932143770765541e-01	   2.4442767813284771e-01	   5.1244252135181712e-01	   4.2204521481800833e-01	   4.0769085982920783e-01	   6.4635645687648913e-01	   6.7419445094397346e-01	   8.1171319538600506e-01	   7.3379214910322677e-01	   0.0000000000000000e+00	   8.2482213125521198e-01	   1.2152378324949333e+00	   2.7046782211814735e-01	   5.8013957373900293e-01	   3.6265651723150583e-01	   4.9652191599030859e-01	   1.1389048329486887e-01	   4.1528278531305229e-01	   4.1404816008105416e-02	   2.1568621113685738e-01	  -2.9725415910496900e-01	  -1.8776019221744231e-01	  -4.6504016100523231e-02	   8.2333583439944832e-02	  -5.4803742775273688e-02	   9.4504291145608266e-02	   5.1395311095566076e-01	   4.6946919011792559e-01	   2.2173539675173687e-02	   1.4354355386334305e-01	   6.2526733111222466e-01	   7.9033535767051033e-01	   1.2888874096172961e-01	   2.7050260713437002e-01	   2.6037395103043182e-01	   2.0822441332276240e-01	   2.6262585013135115e-01	   2.1753388268254517e-01	   4.6516226338599143e-01	   3.4256154843873304e-01	   4.5541108113738643e-01	   4.8859962572060861e-01	   5.2205512311766611e-01	   5.2241843207039940e-01	   5.0575847715625488e-01	   3.8238424669826682e-01	   5.8080550339183035e-01	   4.3015530166300364e-01	   5.1892520654796526e-01	   4.8852489390800008e-01	   4.4888462256774364e-01	   2.4912741493007190e-01	   4.1462563299630106e-01	   4.0892174627705558e-01	   2.5880822804989223e-01	   1.5629270331131992e-01	   4.9614354761646412e-01	   4.9895730807434258e-01	   8.9799413384254279e-01	   7.2067185334604444e-01	   4.6611351544024116e-01	   8.8477842019366881e-01	   8.0449347116086038e-03	   1.7094984998331533e-01	   4.5892564907848410e-01	   4.8849608603506212e-01	   2.9018373572618572e-01	   2.6669213685890752e-01	   1.3410331098112133e-01	   9.1502055403283503e-02	   4.4575455792351176e-01	   5.1513420784587005e-01	   4.4485772507820098e-01	   3.4703830944535785e-01	   5.1309461463855199e-01	   5.2118545065726574e-01	   2.6016651236666938e-01	   2.0587405919260640e-01	   4.0254499739657745e-01	   3.9002324243755154e-01	   1.3056585193218426e-01	   3.4094062257714997e-01	   1.1431437227387878e-01	   4.8124785367858891e-01	  -1.7354242779518567e-01	  -3.3238978608042596e-01	   8.0529432654640010e-01	   7.5376527899169332e-01	   3.0277769305711766e-01	   8.0544871331956272e-02	   3.4109776206962517e-01	  -1.9121644060291078e-02	   1.5615757394840151e-02	   4.2516788069773125e-02	   2.4988549144391042e-01	   1.6202258865655089e-01	   4.1445302184738575e-01	   3.0494119253058016e-01	   8.3735970774408919e-01	   4.9991746958153194e-01	   6.0799882041819697e-01	   3.2966296610102147e-01	   1.6639828993949335e-01	   9.7565428594771075e-02	   2.5954579918966980e-01	   1.5967867401791053e-01	   2.3327998013483505e-02	  -6.4558612651467156e-03	   1.5950014228241885e-01	   3.0946768404764330e-01	   5.1619206194224232e-01	   2.9118476865207066e-01	   4.3085199942883415e-02	   2.6222861084613767e-02	
   5.8060324214688075e-01	   3.6537415151834995e-01	   1.8339467155888570e-01	  -2.0536987320594943e-01	   2.3728824257282044e-01	  -3.1387324110680681e-02	   2.9544720204568553e-01	   1.3268871284227468e-01	   6.0821655214898396e-01	   3.5779840817347247e-01	   1.3661908389713131e+00	   8.2482213125521198e-01	   0.0000000000000000e+00	   7.4841120343067591e-01	   6.7605023830210220e-01	   3.5330441716050603e-01	   3.2186618784304349e-01	   3.4274010846796854e-01	   2.3733629571930581e-01	   2.7422458541155048e-01	   4.3784028020956937e-03	   8.1320813668050190e-02	  -2.7690171735205937e-01	  -3.3419413827476008e-01	  -3.1070798297158930e-01	  -2.7547602352798284e-01	  -7.9537697902518328e-02	  -2.4739319286757263e-02	   4.0543589173543104e-01	   2.2272280453184912e-01	  -3.1645210012526592e-01	  -1.9296290349708708e-01	   3.1918892047354469e-01	   3.1073433063165534e-01	  -1.6218034896151948e-01	  -1.2835772702631756e-01	   3.1413898870500995e-01	   4.9761094486862271e-02	   3.4787689707118891e-01	   1.2147117675963642e-01	   3.9653822435502240e-01	   1.6569142089259906e-01	   1.5844174012672169e-01	   2.1909058973237444e-01	   1.2896409396051783e-01	   1.2380944040109669e-01	   1.8741120819800608e-01	   1.3785894693029979e-01	   2.2287223620262431e-01	   1.4220448253795737e-01	   2.0889946084532568e-01	   1.9872854895367817e-01	   5.9332177487200169e-02	  -1.6486446792532489e-02	   1.6125472630744725e-01	   1.4097950058852077e-01	   2.4888537778944964e-01	   1.4188210281849187e-01	   4.3979259765299339e-01	   1.5254329585904991e-01	   9.4754801239735664e-01	   1.9315498074561929e-01	   4.7237943068676308e-01	   4.2467150200967135e-01	   1.3348318555875222e-01	  -4.1027918512821580e-02	   2.4948125027885343e-01	   1.2237903022417967e-01	   3.3040973705874577e-01	   1.9009496300182013e-01	   8.7936324928093085e-02	  -1.2394637148586685e-02	   5.4113163133667519e-01	   4.6692451751015596e-01	   5.0218412315314642e-01	   4.2639680689909160e-01	   4.5659853150093804e-01	   3.1805907951923307e-01	   1.7344377791584806e-01	   2.0478261114433841e-01	   3.0909584102843862e-01	   2.7803931354518574e-01	   2.8620887539746909e-01	   6.4936627484151618e-02	   2.2896086744737776e-01	   2.4575553178603693e-01	  -1.0793784489847637e-02	  -3.8500602735443518e-01	   9.3867147950024610e-01	   4.4424200512376677e-01	  -1.0360834048836388e-01	   1.7606301703013341e-01	   2.3510608541312803e-03	   1.3575949057609882e-01	  -1.6444395164527567e-01	  -3.4676782850431645e-02	   1.7880859391074996e-01	   1.2058844373074445e-01	   1.1626359546373514e-01	   1.8470256702267271e-01	   3.8596566246664105e-01	   5.6699954805437336e-01	   3.9903164976245686e-01	   4.7529206843629179e-01	   6.2581413738633379e-02	   1.2771799271309658e-01	   2.4281577542868141e-01	   7.2599852125090736e-02	  -1.1227665780661610e-01	  -5.0774277991545685e-02	   5.0183896928190667e-03	   1.7149058056693975e-01	   2.9452401003844259e-01	   2.5690999383156471e-01	   3.2598633716338067e-02	  -1.0777803440740008e-05	
