   0.0000000000000000e+00	   1.2322909169809722e+00	   2.1256470967787838e-01	   2.5448366682707946e-01	   4.6295143939196037e-01	   2.6023067431191638e-01	   4.2256190214887845e-01	   2.9825244418183888e-01	   2.4861402812417341e-01	   2.0118876597081803e-01	   7.5500062288661429e-01	   8.4875622746673773e-01	   6.8740301362088641e-01	   7.6924883424458734e-01	   3.4683657687834202e-01	   4.2114121165845397e-01	   8.2035493145439653e-01	   6.6797795907633040e-01	   8.0485469258032083e-01	   8.7984651360550814e-01	   4.0923733542919244e-01	   1.0645512482575105e-01	  -3.1763883475381033e-02	   1.1857177553031988e-02	  -1.8283264157070201e-02	  -1.3124162636729447e-01	   1.5888662222979860e-01	   1.7730439438104537e-01	   6.3992266118905139e-01	   6.0241657688767702e-01	  -2.1003514433404539e-02	  -2.8600580677136066e-02	   5.6784845285943730e-01	   5.6768709177813981e-01	   8.5861383885660059e-02	   1.2473697407915936e-01	   3.5352091155903193e-01	   5.0292335319184445e-01	   4.5268733015725576e-01	   3.3572155923261798e-01	   3.8682091535361096e-01	   1.2269120651861247e-01	   4.1037334188059221e-01	   4.3701266247879600e-01	   2.9741457829777257e-01	   3.9778272508883161e-01	   5.0669328902022481e-01	   4.8820550553058406e-01	   4.7051642722636161e-01	   4.9815148621416971e-01	   4.7922202161604954e-01	   2.7097914103167392e-01	   6.0356996442327493e-01	   5.0776609970145814e-01	   4.5518532250483368e-01	   3.8647881390228461e-01	   1.0072068267851242e+00	   9.6705010082063936e-01	   5.8498905004087509e-01	   5.3427316370895184e-01	   6.2561764789502627e-01	   5.5310151164190158e-01	   5.2684050023085327e-01	   5.7884681801910420e-01	   5.3603012760300689e-02	  -2.0790263677872803e-02	   1.8762214721530643e-01	   1.6217894276755396e-01	   9.0487169220691333e-01	   7.5809350059791136e-01	   4.0283932413691226e-01	   1.4758113373995782e-01	   8.0157109156195838e-01	   8.6691859985281017e-01	   7.3246636664567744e-01	   7.5826376924340799e-01	   1.0572385373873736e+00	   1.0213234138309708e+00	   4.1154999279306864e-01	   4.8086144757534977e-01	   4.5440145123890074e-01	   4.7845876808906296e-01	   5.3671114328341007e-01	   6.0906098526581665e-01	   5.1317032540551466e-01	   4.7503592567256614e-01	   1.2266296021836938e-01	   2.4759822356237832e-01	   6.2170200857442504e-01	   7.2926025653631821e-01	   2.5476915231142294e-01	   3.6334178685853574e-01	   1.2991497217027176e-01	   2.0849654328132908e-01	   2.7946740399552528e-01	   2.9555313619582657e-01	   4.6566224973508996e-01	   3.3922819876290844e-01	   3.6610634145927190e-01	   4.3007226640463314e-01	   4.6238260639691364e-01	   4.5473180670019137e-01	   6.0263029361920728e-01	   5.7684412085194137e-01	   6.5052686106670740e-02	   8.4093567524936505e-03	   1.0546446791566005e-02	   2.0980121403461807e-01	   5.0097226000282657e-01	   5.3669853698759307e-01	   5.6722832405998835e-01	   3.2505921189975662e-01	   1.9469076541044719e-01	   2.1281913091016741e-01	   8.5342327724730813e-02	  -1.9757093380442379e-02	
   1.2322909169809722e+00	   0.0000000000000000e+00	   1.2463868263898174e-01	   3.9480325821801182e-01	   3.4122513320807973e-01	   2.4390973546286376e-01	   3.6739941120396435e-01	   4.0341991742980338e-01	   1.5978029903114163e-01	   1.9960154334229246e-01	   3.4512601773786011e-01	   8.5810223353588100e-01	   2.9788951929008911e-01	   7.0642758582564003e-01	   1.3715955978639613e-01	   4.7909380314131883e-01	   8.4015331827966144e-01	   7.3173954617490933e-01	   7.1792415173158886e-01	   1.0917274856867216e+00	   3.8092025623823317e-01	   1.4326536572173884e-01	  -7.3976143599992883e-02	   5.0259351929396526e-02	  -2.8220406544295834e-02	  -8.9442663219239243e-02	   1.2700473155694042e-01	   1.5164583298845721e-01	   7.1944298830222575e-01	   7.3149179248961116e-01	   6.7542216996367158e-02	   9.3404100982934501e-02	   5.7486662584980186e-01	   6.6345481189829592e-01	  -8.9615887656651714e-03	   3.0375414658453871e-02	   2.4009868384861041e-01	   4.3673986666903508e-01	   3.8841525132248289e-01	   4.0382930048093629e-01	   2.9052852013160529e-01	   7.0273079156926321e-02	   5.5092926877633586e-01	   6.2579798733152459e-01	   3.3185442218870365e-01	   5.1907041576263591e-01	   6.4691614475728698e-01	   6.6985054313946812e-01	   5.2884667587087120e-01	   6.4756317608006442e-01	   5.8654980833193548e-01	   4.2821825432017180e-01	   6.6439559201236043e-01	   6.6094494409527882e-01	   5.5972553662216695e-01	   5.7100714037958533e-01	   1.1331001391188529e+00	   1.1321508809700187e+00	   3.0340468240071061e-01	   4.1434104557388118e-01	   3.2012977229204215e-01	   5.0116221641692715e-01	   3.2536193285855275e-01	   5.4629719455471204e-01	  -8.6811434992145220e-02	  -6.5990109480688328e-02	   6.3816527180496574e-02	   1.1055974876980997e-01	   8.7484007758980420e-01	   7.5308086764345572e-01	   2.3958400922579315e-01	   5.1551549679639853e-02	   6.9574500216763868e-01	   8.0571225286771775e-01	   5.5185317065019568e-01	   7.2114613389903226e-01	   8.0093347112640356e-01	   9.2004696977887379e-01	   4.7001819965690056e-01	   3.7888240160863729e-01	   4.5621346684659747e-01	   4.6344326032915267e-01	   3.9784778780824159e-01	   6.9156396323040237e-01	   2.1810614299247116e-01	   4.2558056686301482e-01	   3.2573828081226469e-02	   2.8091096994613407e-01	   3.9274613171491557e-01	   5.9865480901654433e-01	   3.5368442202780986e-01	   2.6307483814895777e-01	   9.8541023481822379e-02	  -4.2912936265902301e-03	   2.9783999864897337e-01	   3.8960078325798231e-01	   6.4783320954481094e-01	   5.1605677993109589e-01	   5.8215213782071529e-01	   5.7257884503150358e-01	   4.3308256931113631e-01	   2.4334724257080487e-01	   6.5528288714653971e-01	   4.4412918276041191e-01	   7.6618223180666564e-02	   1.9678091234066056e-02	  -7.4593237329189627e-02	   1.0541530510976801e-01	   6.2176055418534704e-01	   6.1917195080312504e-01	   6.5836162780158414e-01	   5.8208634667226977e-01	   3.4345817760476505e-01	   3.6078308463986208e-01	   2.1917393437634797e-01	   3.1462398132580977e-02	
   2.1256470967787838e-01	   1.2463868263898174e-01	   0.0000000000000000e+00	   6.7284669073809056e-01	   5.3322947919077168e-01	   2.3866124150619106e-01	   6.9615240525455147e-01	   2.4522287040324653e-01	   3.2648392847262364e-01	   2.5087938275725669e-01	   5.6629438629741990e-01	   1.1118308816881067e-01	   1.4265391489192158e-01	  -4.4241074771750157e-03	   4.6304058380492352e-01	   1.6583853228875248e-01	  -7.2399091580429720e-03	  -7.9727002687200052e-02	   7.2892728721339450e-01	   4.7376846170542963e-01	   4.2256274426340423e-01	   3.9373599631866246e-01	   8.0279824723576554e-01	   5.4492719521318767e-01	   3.5020303904621214e-01	   3.5227190038316614e-01	   2.7126023287422718e-01	   3.3876626060546572e-01	   2.3414184511799577e-01	   1.3075282324771581e-01	   8.7790889729315591e-01	   7.2248130307855707e-01	   7.0023842168211625e-01	   5.5299466247503615e-01	   4.6424273780901737e-01	   4.3952317782731620e-01	   1.0146327880139198e-01	   9.9307685730142065e-02	   2.6450599604815506e-01	   1.8746303231502823e-01	   4.9229673713078882e-02	  -2.9728643367195793e-03	   2.9261653287644829e-01	   3.0688460609074264e-01	   3.4008902555373743e-01	   2.7233074900733478e-01	   2.9229858020888755e-01	   3.8605725094676685e-01	   2.0262790314022125e-01	   3.6165180059812657e-01	   3.4441562965264405e-01	   2.6726303182788147e-01	   2.8054360930399558e-01	   4.2003640631593275e-01	   2.9336356881542547e-01	   3.1819152016308022e-01	  -8.0048321433997163e-02	   8.3410736127006599e-02	   1.3187227028030099e-01	   2.9128042442059826e-01	   1.1194303811169659e-01	   2.1716691660186005e-01	   2.5000736909048622e-03	  -9.5315616792388244e-02	   7.4415438660605959e-01	   4.6168988881434736e-01	   3.9900589890280652e-01	   4.0842129646844449e-01	   3.0467521229672523e-01	   2.8340931804671610e-01	   3.9464577209648088e-01	   4.4084275730891886e-01	   2.6075519371156264e-01	   1.8435175026494591e-01	   3.1649288092852079e-01	   2.0735422505656700e-01	   4.3959996436529158e-01	   4.6869194416023774e-01	  -1.2618171902045963e-01	   1.7263492265684171e-02	  -1.4226915316665481e-01	  -9.7749401973952141e-02	   7.1061697144683300e-01	   2.3699631369411261e-01	   5.8840700069847429e-01	   5.4871053162490435e-01	   7.1413918468362725e-01	   6.3918622947874626e-01	   3.7726040514248921e-01	   3.8584176469983911e-01	   2.8776365589336489e-01	   4.4094270575503663e-01	   4.2635714359116778e-01	   3.9126089755610055e-01	   1.0087448201077684e-01	   1.9282381063694471e-02	   6.2772140575324820e-02	   4.9694578991044257e-02	   1.6279612579330810e-01	   2.3818251107292115e-01	   2.1772861338592903e-01	   3.9745812309806822e-01	   3.9929794465162788e-02	   2.8769372701668272e-01	   1.0498553881120518e-01	   1.2303982434208413e-01	  -9.1786985366519747e-02	   1.6056999605529082e-01	  -2.5224143756092329e-02	   1.0853867967230836e-01	   2.8917842425415763e-01	   6.8337024281857520e-02	   4.5372985695150178e-02	  -9.6960077825368040e-03	   5.1874516178875299e-02	   2.0187109427031408e-03	
   2.5448366682707946e-01	   3.9480325821801182e-01	   6.7284669073809056e-01	   0.0000000000000000e+00	   5.7000656738217181e-01	   5.7949526687739739e-01	   7.4057115326886092e-01	   1.1553619264912229e+00	   3.0935585505667917e-01	   5.1518718048979850e-01	   2.9453651422225374e-01	   5.7097481503542169e-01	   7.0503894103439747e-03	   3.3743251263865492e-01	   2.1466315543734640e-01	   4.3586203577695737e-01	   1.4619430715926734e-01	   1.4822938373743227e-01	   5.3795531502239102e-01	   7.0378887999290141e-01	   2.6448605247158741e-01	   1.4001504672583548e-01	   3.0923236289640571e-01	   7.4292923875260941e-01	   3.2440005732813436e-02	   1.7227273823653308e-01	   1.0248526048863130e-01	   2.7024073760844569e-01	   4.0291710745883558e-01	   4.5799093833256577e-01	   4.8416961883610365e-01	   6.2958289804387302e-01	   6.3118320539500461e-01	   8.5978755003940710e-01	   2.5747597682416373e-01	   3.5686799301778294e-01	  -1.5370205294447800e-01	   6.8578364269238509e-02	   1.7184738928669419e-01	   3.0660561172028289e-01	  -1.5235324970255604e-01	  -2.6658972051368024e-01	   2.5910740604132676e-01	   3.2836130246544049e-01	   2.4767190135180286e-01	   2.6725177896968844e-01	   2.6052695285895971e-01	   4.3400110127885161e-01	   2.1067458399245143e-01	   4.5027310828909112e-01	   3.4997546524988765e-01	   3.4879336618564105e-01	   2.7987340498946989e-01	   6.1178002586278568e-01	   2.7302525061311567e-01	   3.7601172629426760e-01	   8.5132189163399763e-02	   3.0856759017595708e-01	   1.4194302144732301e-01	   4.7088017447692920e-01	   2.5641689276592450e-01	   8.2529822704009725e-01	   8.8091453940377720e-02	   3.1749663118093630e-01	   3.4262341748859482e-01	   4.5247156899753893e-01	   2.6267153022314277e-01	   3.8246325109130253e-01	   3.6230327103226517e-01	   5.0197077180349281e-01	   5.9345438712946501e-02	   1.0193501815532603e-01	   9.8835700470991522e-02	   1.4089582439034851e-01	   3.6082416869237730e-02	   6.9825093577669500e-02	   2.2953322862842146e-01	   4.8450357293809432e-01	   6.6852836133397655e-03	  -1.4660051413345259e-02	  -5.3544865219850258e-03	   5.8505479441493910e-02	   3.9601030069300097e-01	   4.3961469534958891e-01	   2.3243296736570063e-01	   7.2312891300504101e-01	   1.8782379791755058e-01	   5.0938631066769469e-01	   3.1442364639572951e-01	   6.0929255574510099e-01	   6.7453805193091965e-01	   2.7474668860450130e-01	   6.4057691172624642e-01	   7.5893585200436403e-02	   1.4868968671142793e-01	   2.5644218020162879e-01	   1.4596909744857381e-01	   1.3504836438528148e-01	   3.9570187550916813e-01	   3.0679894280630993e-01	   6.3404561338905252e-01	   3.6235810368843674e-01	   3.3217841569088058e-01	   3.4781737064188867e-01	   1.6689602448253113e-01	   1.7897637683471603e-02	  -3.3766183244772076e-02	   7.2941318779286737e-02	   1.6069593812511029e-01	   2.6154189733927569e-01	   3.0003803624500275e-01	   3.5094213060694368e-01	   2.2628393669222349e-01	   2.0237528991534329e-01	   1.5209614828759344e-01	   1.3486218786611268e-01	
   4.6295143939196037e-01	   3.4122513320807973e-01	   5.3322947919077168e-01	   5.7000656738217181e-01	   0.0000000000000000e+00	   1.1412604240759856e+00	   8.9701872404372751e-01	   6.1177707828483252e-01	   5.9802721872785314e-01	   6.2810363315705620e-01	   5.7929232357102445e-01	   6.1588840149432966e-01	   5.7647817686675684e-01	   4.2080176427166682e-01	   6.5432773306144532e-01	   5.0778394923495029e-01	   2.6562965609972272e-01	   3.3045087164237785e-01	   4.3375972909350796e-01	   4.3670034560570192e-01	   3.9223134573141866e-01	   2.6798917502458625e-01	   4.1714097038875125e-01	   4.6042379642497866e-01	   3.5305360376682254e-01	   2.2135374338248531e-01	   4.2772432343093447e-01	   5.4244653615031146e-01	   3.9806866699166799e-01	   4.1964657523966475e-01	   3.3725248316619072e-01	   3.1798812000813936e-01	   6.7038623809662934e-01	   6.4736268451183776e-01	   4.6708844058775967e-01	   5.3539255656519558e-01	   3.1616025448527335e-01	   3.2741416373693771e-01	   5.9714933272798110e-01	   3.4738835761153425e-01	   2.9524004759847394e-01	   4.2709485035701711e-02	   4.3431895443870705e-01	   4.7257797753468989e-01	   4.8058202581322407e-01	   3.6601289592000646e-01	   3.8261008955439463e-01	   5.2546234333380570e-01	   3.8034459463911946e-01	   5.5463066467270428e-01	   3.9389844352920067e-01	   3.3616351520360299e-01	   2.7941246293548699e-01	   4.0321540413680540e-01	   3.5939886233038193e-01	   3.1649460417142294e-01	   1.5092824736323734e-01	   3.4238714766835021e-01	   6.5067443507535649e-01	   5.9483401097651178e-01	   7.2466263614393744e-01	   6.4076844683067768e-01	   3.1243993658091163e-01	   4.3075777227994844e-01	   5.5619091006544608e-01	   5.7960269397178132e-01	   6.3622111072080145e-01	   5.8234940117015499e-01	   4.0055433979587851e-01	   5.8252572345041698e-01	   3.4451421448154834e-01	   2.4821224559586302e-01	   3.6064808976481183e-01	   3.9152331421005948e-01	   3.6885196161271561e-01	   3.5205726561839895e-01	   5.7631852450875964e-01	   6.3891796968678438e-01	   7.8603797806851977e-02	   1.6026690483318537e-01	   9.3151185397471234e-02	   2.4837394623749962e-01	   6.8544845307297453e-01	   4.2188117485844229e-01	   6.3247337414082649e-01	   8.1968167100997569e-01	   3.7760749570052232e-01	   5.9246014295188076e-01	   7.9538439977620945e-01	   8.4563750495536649e-01	   5.9135181651471092e-01	   7.5579481686070082e-01	   8.4750005502136250e-01	   6.8348421960875605e-01	   1.8431654840063444e-01	   2.2624611150914634e-01	   2.5846831189742359e-01	   2.1616789529415911e-01	   3.4891749716791010e-01	   3.4062594951869646e-01	   7.8956067917081496e-01	   9.7254391102044346e-01	   5.3886675166788134e-01	   6.9789798520169399e-01	   4.6507561539555864e-01	   3.2599778457911205e-01	   1.4385694666363777e-01	   3.8528420154596366e-01	   2.8034585362456110e-01	   4.4642202545127835e-01	   4.5850007313306135e-01	   2.8419677352799938e-01	   3.4716289185688959e-01	   1.8700039385620446e-01	   2.8215056313113518e-01	  -2.8400661710598775e-02	
   2.6023067431191638e-01	   2.4390973546286376e-01	   2.3866124150619106e-01	   5.7949526687739739e-01	   1.1412604240759856e+00	   0.0000000000000000e+00	   5.1101723566187141e-01	   7.2663193593050734e-01	   4.3687965553982216e-01	   8.0053086155216047e-01	   2.3875508445713220e-01	   5.3098995360977908e-01	   3.4977461591991471e-01	   3.5589950360850064e-01	   4.1302803824009504e-01	   5.2498592906229258e-01	   9.7203300612431182e-02	   1.9319777303168245e-01	   1.2658211304775416e-01	   1.9198868637995017e-01	   1.5820317049139559e-01	   2.1848918492819042e-01	   3.1145186437677874e-01	   5.6426660623058833e-01	   3.5836835559100877e-01	   3.3538994241226611e-01	   3.9744702395337506e-01	   6.2982318118649838e-01	   1.4440510450299432e-01	   2.3945809013671737e-01	   1.5893491447925989e-01	   2.5073903440929934e-01	   3.6874270483059085e-01	   4.4343687747979266e-01	   4.2559637310588139e-01	   5.4758470515730573e-01	   1.8125491418825898e-01	   2.9462715529817962e-01	   4.3683967619018210e-01	   3.2213910210247931e-01	   1.2271649706378095e-01	  -1.0598672283680750e-01	   3.8099065425353595e-01	   4.5256187135554943e-01	   4.0402133523925599e-01	   3.7966525955206415e-01	   3.3848020021638342e-01	   4.9693370186668506e-01	   3.5005563944046336e-01	   6.0098382362797276e-01	   3.7242400789299618e-01	   4.3249457643443445e-01	   2.8444174707942826e-01	   4.3821371332024484e-01	   3.8870930216652866e-01	   3.9205261176235817e-01	   3.6497261942382085e-02	   2.4398042889387297e-01	   5.4166241618757660e-01	   6.6071580790348694e-01	   6.4378941858935690e-01	   7.4348767886774059e-01	   1.9363222423537185e-01	   3.6420450483228184e-01	   4.4195942650385228e-01	   7.2850012432821853e-01	   4.9679833158540987e-01	   5.2262298266724094e-01	   1.9764250420992424e-01	   4.5610194314935043e-01	   9.2945146171666576e-02	   1.7275740847253349e-01	   6.2413243223239045e-02	   1.3720523429870923e-01	   4.3875759847140851e-02	   8.8430080967630872e-02	   2.6993996010450311e-01	   4.2796906625944825e-01	  -2.7374513020703692e-02	  -5.5506963500509699e-03	   1.3509972367808008e-02	   1.4840648666297968e-01	   4.2139159661758013e-01	   3.0746556071222603e-01	   3.5962636313660434e-01	   6.5904298026922448e-01	   2.6195258228243307e-01	   5.4471412093082194e-01	   6.8090244042794590e-01	   7.9760485495787470e-01	   6.4903390071391365e-01	   4.7241348676732370e-01	   9.0346480000553664e-01	   3.3248350483926575e-01	   1.1189200144492339e-01	   1.6711653976129659e-01	   2.5569528737181940e-01	   2.7172651900964728e-01	   3.7632771419162331e-01	   2.9209837694152485e-01	   8.3273368382982360e-01	   6.5677136578433881e-01	   4.9948841268516864e-01	   4.9478025810149340e-01	   5.3727069256474358e-01	   2.7581970262864475e-01	   3.3046780388361280e-01	   3.5131904336237413e-01	   2.3760475048859062e-01	   4.5234832786287377e-01	   3.6749135595946059e-01	   2.8890401818875688e-01	   3.5130660296734728e-01	   2.4911467031377327e-01	   3.7401601018589098e-01	   3.5321456429513294e-02	
   4.2256190214887845e-01	   3.6739941120396435e-01	   6.9615240525455147e-01	   7.4057115326886092e-01	   8.9701872404372751e-01	   5.1101723566187141e-01	   0.0000000000000000e+00	   8.1063058281870537e-01	   6.4781827491884936e-01	   4.3235868620997819e-01	   5.2791856210684118e-01	   5.8562363238802340e-01	   5.0149568862483862e-01	   4.3499394165578475e-01	   5.3321532436622343e-01	   4.2981752708535576e-01	   2.9522942587086176e-01	   1.9702663452665578e-01	   6.0923112522297873e-01	   6.2438649064351159e-01	   2.8094486804054025e-01	   1.3652596527622290e-01	   3.6287468915342386e-01	   4.5066235022209078e-01	   1.5679519948298476e-01	   7.0576273633311773e-02	   1.3777587252842993e-01	   1.8396145245940210e-01	   6.1663150830767832e-01	   5.0249429984051175e-01	   4.1115654640637045e-01	   3.6280740536093636e-01	   8.4663170866550241e-01	   8.2017586939776654e-01	   2.1266851925520611e-01	   2.4473898747631709e-01	   2.3345362346359366e-01	   2.0704299195982231e-01	   5.5170344204411492e-01	   2.7503187798161566e-01	   1.9530555026932231e-01	   5.3072974351607571e-03	   3.1592581314605744e-01	   3.2259124661901184e-01	   2.8716711056127964e-01	   1.9313207091691387e-01	   3.0935226545150463e-01	   4.2873165604666735e-01	   2.5080198437554851e-01	   3.3700793315003286e-01	   3.3154927542076768e-01	   2.4815564280544122e-01	   2.0760076184707232e-01	   4.0402403160704081e-01	   2.9843405977455773e-01	   2.5953461574078274e-01	   1.2365738923462688e-01	   1.9475860185624705e-01	   3.5541067347170191e-01	   2.7281085003035860e-01	   5.2621051273888064e-01	   5.3248119357229484e-01	   3.5754250834874279e-01	   3.8956184127984228e-01	   3.3070645400858911e-01	   3.4833551655083189e-01	   3.3751800875065813e-01	   2.9898688937409590e-01	   4.2942973925853700e-01	   4.6469944308514405e-01	   3.6358998874030485e-01	   1.2262893352823437e-01	   3.4993483358303762e-01	   3.1374322530858711e-01	   3.2116713395494129e-01	   2.8301900284644810e-01	   4.9208291484807065e-01	   5.8778729205572544e-01	   7.2157950904673182e-02	   8.2159235983960535e-02	   1.7760826086212642e-01	   2.2047010605242809e-01	   5.2946474869520455e-01	   4.4559104080290085e-01	   3.8261277369212665e-01	   6.6900063850224578e-01	   1.6061178822607236e-01	   2.9041494543612356e-01	   5.7273215719740567e-01	   5.9256888359209037e-01	   4.9516111697973642e-01	   6.6202095695302710e-01	   5.9720061392129109e-01	   5.9066166775205609e-01	   1.5625691858026036e-01	   9.5560957509514155e-02	   1.7726912895791849e-01	   1.8586506974356806e-01	   3.5508113207162650e-01	   3.7340423995839600e-01	   6.0447928390387096e-01	   8.4240720338263952e-01	   3.6050713777513443e-01	   6.0035692616774716e-01	   2.5400741284662476e-01	   8.8218625677784143e-02	  -1.4313348808022548e-02	   2.7822799069283766e-01	   1.5125967072445223e-01	   4.2871978001319772e-01	   4.1083162017257513e-01	   3.3693413544116874e-01	   3.0099249272021728e-01	   2.2815400118074258e-01	   1.7624864738286888e-01	  -8.9281496485910678e-03	
   2.9825244418183888e-01	   4.0341991742980338e-01	   2.4522287040324653e-01	   1.1553619264912229e+00	   6.1177707828483252e-01	   7.2663193593050734e-01	   8.1063058281870537e-01	   0.0000000000000000e+00	   4.0648850548294269e-01	   6.5875701810412779e-01	   2.3710903939586833e-01	   7.8700268743460133e-01	   2.1227681690498607e-01	   5.9496605270648373e-01	   2.2924187050215725e-01	   5.5818546715137618e-01	   3.2798347769477687e-01	   3.1619097201263341e-01	   3.8835985284447277e-01	   5.7617100213592676e-01	   3.9204496105545258e-02	  -4.2934016767306585e-02	   2.1409930844902322e-02	   4.6723746904632130e-01	  -1.6669265177801523e-01	  -7.6534808008618324e-02	  -9.3291115697555924e-02	   3.9659955424153466e-02	   5.6139004261163827e-01	   6.6778788281985235e-01	   1.0729929923422149e-01	   2.3346813581105569e-01	   4.9241402100484977e-01	   7.8123779672732441e-01	   3.5037653296772921e-02	   1.4767410301015857e-01	  -4.9832574758611130e-02	   7.6509875914900868e-02	   2.4951806054101738e-01	   2.1238589271237043e-01	  -9.6130524354474126e-02	  -2.6376841250021393e-01	   2.5288904544947177e-01	   3.0350357035661846e-01	   1.6147216833069619e-01	   1.7196453163048916e-01	   2.2575657406567756e-01	   3.7963793987755257e-01	   1.7207444465495794e-01	   3.6445599338756185e-01	   2.3413559020106856e-01	   2.9881579829977578e-01	   1.6623139472422169e-01	   4.7487894779345052e-01	   2.0055724992192170e-01	   2.8587303540034686e-01	   1.3434404539822925e-01	   2.5467422011241087e-01	   1.7853976216002057e-01	   4.2465048424473878e-01	   3.5701854520472492e-01	   1.0151317393246799e+00	   3.3059743070301290e-01	   6.4983810860695557e-01	   7.5147125359257660e-02	   3.1178730088236706e-01	   1.2666562662719369e-01	   2.1864828425547939e-01	   3.0885455956245489e-01	   4.2939083750352947e-01	   7.4690802677566670e-02	   2.5604862602750387e-02	   1.0736461875899000e-01	   1.9036298565068627e-01	   2.1829949466446185e-02	   1.0798138139454493e-01	   2.0707458290067099e-01	   4.5604378143685947e-01	   1.5205188760424360e-01	   4.6702455919435802e-02	   2.5800378222256320e-01	   2.7247415883730991e-01	   2.7012988434360774e-01	   4.9520076943608071e-01	   8.0689755485330750e-02	   5.2064646947103699e-01	  -6.9430436740122004e-02	   1.6895462498361474e-01	   3.0881336997133296e-01	   5.8845347874591747e-01	   6.0461918765243139e-01	   2.9134980101451885e-01	   5.8145341149260199e-01	   1.3763740076151834e-01	   8.7667928069651957e-02	   1.6144412287270576e-01	   1.1124914791336492e-01	   1.3412241463644139e-01	   4.1612143280282787e-01	   3.4773746558756163e-01	   7.2973429323396810e-01	   4.6238673731390689e-01	   3.9568855364065547e-01	   4.3176335527526771e-01	   2.1897528765717292e-01	  -3.5262569928693276e-02	   1.1734763940541390e-01	   1.0343228030072876e-01	   1.3908910703721789e-01	   3.6064498307289383e-01	   2.4869250485571937e-01	   4.1763955384781970e-01	   2.9749361475116481e-01	   2.9186623268512413e-01	   2.0247023772836248e-01	   5.7304959235905985e-02	
   2.4861402812417341e-01	   1.5978029903114163e-01	   3.2648392847262364e-01	   3.0935585505667917e-01	   5.9802721872785314e-01	   4.3687965553982216e-01	   6.4781827491884936e-01	   4.0648850548294269e-01	   0.0000000000000000e+00	   1.1437064188297446e+00	   5.0407903519907160e-01	   2.4373902527971719e-01	   2.7667388875902194e-01	   2.2287618346988636e-01	   1.1038117741879332e+00	   7.9286434442921983e-01	   5.2359306792322056e-02	   2.3606653261670964e-02	   3.7058332587788040e-01	   2.4702099554611745e-01	   2.5212851969146688e-01	   9.5687290244837991e-02	   6.0682311452664572e-01	   5.2185387336455125e-01	   2.4003464166043784e-01	   2.1456110719530383e-01	   1.8650638165687172e-01	   2.5256826186607750e-01	   2.1891046538194114e-01	   1.2768808187185848e-01	   3.6692398360546308e-01	   3.4979729326530290e-01	   2.6564047612826153e-01	   2.6267370061395201e-01	  -7.6086098581442163e-02	  -7.7539316823866722e-02	   2.8379336148317447e-01	   2.6454749928974086e-01	   3.7170314232487528e-01	   1.4722802822189660e-01	   9.9276892118847979e-02	   1.0010397920025872e-02	  -1.1568528649414775e-01	  -5.3025288768643909e-02	  -2.2315960790264996e-01	  -1.6487436390757387e-01	  -3.5042381908600116e-02	   9.3843665979004759e-02	  -2.1258794289477936e-01	   1.5132771167567369e-01	  -8.8959593481103549e-02	  -1.0356450708195965e-01	  -6.4906189498452173e-03	   1.2147995103312159e-01	  -4.0677105709102587e-02	   1.6334815693304063e-02	   6.3213224630781842e-02	   2.0231768527170405e-01	  -1.9835118337239804e-02	   5.8836581366096659e-02	   3.4512244984983759e-01	   6.0406754664726592e-01	  -4.1918848575895805e-02	  -7.8346105903073032e-02	   5.8460936735637803e-01	   6.1543249111603304e-01	  -1.7302394758641848e-01	  -2.2662248100637544e-01	   4.7636355434559019e-01	   3.4264742238492180e-01	   2.7976878937204863e-01	   2.5907284465737263e-01	   3.0502649088818723e-01	   3.1342058448912480e-01	   3.3057786639501324e-01	   3.4625517746559475e-01	   2.1813002589673144e-01	   2.9687090932778171e-01	   5.9543081893391567e-02	   5.7778927205120373e-02	   1.1382908408906262e-02	   1.2410444198409998e-03	   3.5555470837042236e-01	   1.1421127246548574e-01	   4.8662521034453249e-01	   4.1712800457685917e-01	   3.3960564777767682e-01	   3.8034707829912051e-01	   6.2473371163232594e-01	   6.2915268334413532e-01	   1.8371278368894250e-01	   4.3965766384660598e-01	   5.6930081840916791e-01	   5.1812907664210361e-01	   3.2058112610902223e-01	   1.5852387093551748e-01	   6.3030858994636535e-02	   1.0004751348719824e-01	  -1.2705917070461897e-02	   7.4919832196200006e-02	   1.5154641639170091e-01	   3.1916718886695272e-01	  -9.3256404635242263e-02	   1.0119828381214654e-01	  -1.2139837447780719e-01	  -2.8403734098316913e-01	  -3.2302907091780886e-01	  -6.0913279908460247e-03	   8.8977441853506867e-02	   2.9933206043568750e-01	   5.6995396059234711e-02	  -8.1433845170433936e-02	  -1.8485011479020580e-01	   8.8637312975131718e-03	   7.1882962566320430e-02	  -1.7773609918128422e-01	
   2.0118876597081803e-01	   1.9960154334229246e-01	   2.5087938275725669e-01	   5.1518718048979850e-01	   6.2810363315705620e-01	   8.0053086155216047e-01	   4.3235868620997819e-01	   6.5875701810412779e-01	   1.1437064188297446e+00	   0.0000000000000000e+00	   3.2396672527390791e-01	   3.0611554961421922e-01	   1.5429938216142550e-01	   2.6203908229039946e-01	   8.0095571855941472e-01	   8.8884292854547531e-01	   2.8555261280938684e-02	   4.5793628997877187e-02	   2.5264598110471936e-01	   2.0624345877982844e-01	   1.5197828328786897e-01	   9.2603511894183033e-02	   4.9991747787566410e-01	   6.6095121959404735e-01	   1.8386631957249261e-01	   2.6053415960447357e-01	   1.9621235645306717e-01	   3.5074523433287130e-01	   1.1231128683696548e-01	   1.2997774296884118e-01	   2.6155458966305289e-01	   3.4349133791248732e-01	   1.8988026823929063e-01	   2.8517989654177589e-01	  -1.4809117379711325e-02	   1.1412423442808498e-02	   1.2873397501518549e-01	   2.5938364879384668e-01	   2.5727710949870208e-01	   1.7984998861153131e-01	  -1.1004018328345844e-02	  -1.3758633662200190e-01	   7.9500580094817323e-04	   1.0595879375100774e-01	  -1.3949523609800032e-01	  -7.5512537458562491e-03	   6.0460945401766393e-02	   2.1987107837105443e-01	  -1.2175822496950067e-01	   3.5805823854770963e-01	  -3.9582038140947929e-03	   6.7830656254165442e-02	   7.6421540980810568e-02	   2.6291222566803985e-01	   4.7240161066286111e-02	   1.7641002869649716e-01	   5.4466248940534923e-02	   2.4422314992845140e-01	   5.7147210704496043e-03	   2.7175722378663603e-01	   3.3433309235768044e-01	   8.8806761465560058e-01	  -4.3263956555945116e-02	   2.7416597190976368e-02	   5.4764824996253592e-01	   7.9427232782100876e-01	  -1.2991183572864992e-01	  -1.0206358966976947e-01	   3.6712499478188282e-01	   3.4096046787087081e-01	   1.3474548633250147e-01	   3.5162162045400236e-01	   1.5242029821915090e-01	   2.3459612769538085e-01	   1.5917186598722946e-01	   2.3203100222795381e-01	   1.3884699999712968e-01	   3.0331527056637747e-01	   6.2580668219989644e-02	   4.4638331577976080e-02	  -6.8523683751411956e-04	   8.1079603572392408e-03	   3.3560863936943991e-01	   1.3259989663996560e-01	   3.7522904182370298e-01	   4.3364068613389350e-01	   3.5458679169136781e-01	   5.0535101167610685e-01	   5.6005635284673216e-01	   7.3667950001339844e-01	   3.2530392909937711e-01	   2.9199628935672212e-01	   7.4964103940493165e-01	   2.9169620845000566e-01	   2.8604643154746467e-01	   1.6927525272119157e-01	   8.7511499164757575e-02	   1.3649559548173637e-01	   7.9391654897420769e-02	   1.0676405541201135e-01	   2.7971433757652492e-01	   2.5127120037317957e-01	  -3.8897035989387259e-03	   7.8773197763247135e-02	   2.6295857215060225e-02	  -2.2562714348099458e-01	  -1.0994444816587334e-01	   2.1169063631688041e-02	   1.6270439305069964e-01	   3.0158294702488997e-01	   7.8144552122602129e-02	   6.7977261354731731e-03	  -9.0112222781281906e-02	   1.0411412083741819e-01	   1.8806442803066686e-01	  -6.4132336287203079e-02	
   7.5500062288661429e-01	   3.4512601773786011e-01	   5.6629438629741990e-01	   2.9453651422225374e-01	   5.7929232357102445e-01	   2.3875508445713220e-01	   5.2791856210684118e-01	   2.3710903939586833e-01	   5.0407903519907160e-01	   3.2396672527390791e-01	   0.0000000000000000e+00	   6.3597859848627902e-01	   8.3009679194473640e-01	   5.4405341381484107e-01	   8.7102434275793383e-01	   5.3634556937391964e-01	   4.1768041912703097e-01	   2.0424117198915748e-01	   8.3982234884210383e-01	   5.9701810846781944e-01	   2.9676958680233234e-01	   4.9434757688137668e-02	   3.0885918315277355e-01	   2.5369587228793006e-01	   3.7157469599295584e-02	  -2.4721884087096208e-02	   8.5854600762232031e-02	   1.8608825200338608e-01	   4.9389154700264420e-01	   3.4065272366756677e-01	   2.4341556256586894e-01	   1.8298652480447308e-01	   4.8738480740853340e-01	   3.8961018771680889e-01	   1.5556677273622357e-01	   1.6251451234076908e-01	   1.8419957309290699e-01	   2.3831578728363961e-01	   2.6902088590547030e-01	  -1.2203939517154891e-02	   2.5124708084828823e-01	   5.5428126587675076e-02	  -2.2884884147517733e-03	   7.0161343275135001e-03	   1.5293213145492370e-02	  -2.5750081113000839e-02	   3.5487465664586285e-02	   7.8558299128133030e-02	  -3.2150860318953166e-02	   1.0111154185187665e-01	   5.0305315156439680e-03	  -1.3972434134462181e-01	   1.0063692093579828e-01	   1.3623890732685306e-01	   1.9138292081095654e-04	  -4.4739324693779108e-02	   2.8536661161143806e-01	   3.7894813251773529e-01	   2.7335538273063892e-01	   3.1139906523211486e-01	   5.2157840276579592e-01	   4.8489481048373628e-01	   5.5912879495057943e-01	   3.2198749632749896e-01	   4.7691422003869205e-01	   2.4840600039382349e-01	   1.6970077648752896e-01	   1.2240860495697982e-01	   6.1207187558033349e-01	   5.3502382990685027e-01	   4.9286539326715617e-01	   3.6703663856670271e-01	   5.0179588410503784e-01	   4.9217004813639892e-01	   5.7909756735371021e-01	   4.8301137740632633e-01	   6.4813674626150541e-01	   6.5742049455522522e-01	   2.3168233714545297e-01	   3.9395634785244987e-01	   3.1428080567787214e-01	   3.3740148665506881e-01	   8.0569537685363790e-01	   4.2612292421019898e-01	   9.1491637250193492e-01	   7.3216526904561019e-01	   3.9123544025817297e-01	   3.4729658183449813e-01	   5.0468987367801010e-01	   6.5797066542264437e-01	   1.3979544150370701e-01	   4.1408281971813854e-01	   3.4674307253442915e-01	   4.3110751469255210e-01	   1.1010524321968970e-01	   1.1218928753731680e-01	  -1.6882055955125673e-02	  -1.5833856369525645e-01	  -6.6671875063963340e-02	   2.7168015619160341e-02	   2.6694826015793771e-01	   4.6024925826300672e-01	   1.6802317441591025e-01	   3.6688593579009715e-01	  -1.1466197183641366e-01	  -1.3637719548632568e-01	  -1.3359433340158314e-01	   1.2751804455682494e-01	   6.9141098696114178e-02	   2.3566854294921682e-01	   1.3884295155521700e-01	  -1.5199707123959946e-01	  -1.7286106989024783e-01	  -2.3551141861106459e-01	  -2.0860539249454321e-01	  -2.8659058396401593e-01	
   8.4875622746673773e-01	   8.5810223353588100e-01	   1.1118308816881067e-01	   5.7097481503542169e-01	   6.1588840149432966e-01	   5.3098995360977908e-01	   5.8562363238802340e-01	   7.8700268743460133e-01	   2.4373902527971719e-01	   3.0611554961421922e-01	   6.3597859848627902e-01	   0.0000000000000000e+00	   6.9904742771054695e-01	   1.4421448664713430e+00	   3.0435484009300606e-01	   7.4382826687514314e-01	   8.0383750110536711e-01	   6.4121796411222010e-01	   5.0722262426065401e-01	   7.7928078557783176e-01	   2.3405296305011192e-01	  -2.5633332810912485e-02	  -9.6910573258050414e-02	   2.3848890618952384e-01	  -9.7288974574779960e-02	  -1.3243368175017398e-01	   5.2772147420091273e-02	   1.4961581579213637e-01	   8.8527855631214492e-01	   8.9383002037198889e-01	   8.7873672982597927e-03	   7.6890860188107577e-02	   5.4445381886857769e-01	   6.9366411198827604e-01	   8.4760691236796429e-02	   1.6878058227140424e-01	   7.1728065102186767e-02	   2.6473227122694010e-01	   3.6232947594275999e-01	   2.1963755568774010e-01	   1.9649273182347796e-01	  -2.3750158259343099e-02	   2.6223900499144603e-01	   2.9785137163873610e-01	   1.9179768188304616e-01	   2.1692167039259574e-01	   2.3271054752307657e-01	   3.2717549169310828e-01	   2.6592229856858407e-01	   3.3788457102870528e-01	   2.4938040275254097e-01	   1.7003156414504492e-01	   2.5455101294751903e-01	   3.7620774722169870e-01	   2.1553363004166129e-01	   1.9219314147436956e-01	   5.6050371421139755e-01	   6.4578815880741236e-01	   3.8047608309057801e-01	   4.4889164777187007e-01	   6.4417671227790185e-01	   8.0771767220701329e-01	   7.9650209100257074e-01	   1.0928927155146235e+00	  -1.9651677381092116e-02	   7.8385642220491214e-02	   1.9250250285560100e-01	   2.3278693504321327e-01	   5.0253626660659323e-01	   5.9541034876318311e-01	   1.6311532723089961e-01	   1.4318291704599723e-02	   4.5970675737451228e-01	   5.5428876207749134e-01	   3.8411278146015621e-01	   4.6847805022701317e-01	   5.8517240296401862e-01	   8.4244880884453832e-01	   5.1934399035953582e-01	   4.6026442243762211e-01	   6.2566589881810064e-01	   7.3349284832800365e-01	   4.9174591702607040e-01	   8.4479565097579645e-01	   2.9334645393853664e-01	   7.7511558962851168e-01	  -1.2583816586489557e-01	   1.9631385611050794e-01	   4.0264333934557744e-01	   7.5004188228976987e-01	   4.1291588009500119e-01	   3.3679942393654450e-01	   3.4245739469451814e-01	   1.4788531634113730e-01	   6.5818869978961775e-02	   3.4220921349548039e-01	   2.0003022642434054e-01	   8.5266775458306909e-02	   3.1813480306046610e-01	   2.8192696808107381e-01	   7.0314396841098492e-01	   4.7965960562568621e-01	   6.7559159635623556e-01	   5.4917651195487160e-01	   1.2740104087706430e-01	   1.4931869970956243e-02	   4.5304741430690777e-02	   1.6237898272181300e-01	   3.2934230636565720e-01	   4.5121793500872343e-01	   3.2187816520443052e-01	   3.0875337137652992e-01	   2.3578553392743329e-01	   1.0764836540292877e-01	   8.6815228330943905e-02	  -4.4313334094475021e-02	
   6.8740301362088641e-01	   2.9788951929008911e-01	   1.4265391489192158e-01	   7.0503894103439747e-03	   5.7647817686675684e-01	   3.4977461591991471e-01	   5.0149568862483862e-01	   2.1227681690498607e-01	   2.7667388875902194e-01	   1.5429938216142550e-01	   8.3009679194473640e-01	   6.9904742771054695e-01	   0.0000000000000000e+00	   8.6518256681667383e-01	   6.4196029361152707e-01	   4.4080969258759745e-01	   4.3043185625040453e-01	   2.9022188105553687e-01	   2.7334480403406808e-01	   2.4455877303949031e-01	   2.2847774414769445e-01	   6.1376883491057452e-02	   8.8384775541305333e-02	   1.0591275044605118e-01	   1.9921286471342570e-01	   3.8906434079351224e-03	   2.3797001660314920e-01	   2.2078273534190199e-01	   3.8128772919132914e-01	   3.1502373336975903e-01	  -1.0481068955826230e-02	  -7.8715881616454431e-02	   4.5984252808190113e-01	   3.5546721083189131e-01	   2.8731660020148575e-01	   2.5033846060700693e-01	   3.4509469615168548e-01	   3.2465701150170884e-01	   5.5896081402039122e-01	   9.7911069251824606e-02	   3.5787934896083073e-01	   1.3430382092016874e-01	   1.5844343476646372e-01	   1.1580243070873855e-01	   1.8520412479543211e-01	   7.9174837519564473e-02	   1.4597383030877073e-01	   1.1770841401794455e-01	   1.7933984652814194e-01	   1.1972366793284768e-01	   1.1063529843628554e-01	  -2.8281950593792474e-02	   1.2892333797746047e-01	   6.3183879063250209e-02	   1.4972927623243604e-01	  -3.1896612082791459e-02	   2.6773740974662308e-01	   2.5195666498176350e-01	   6.3513856327518448e-01	   3.0713891332150028e-01	   9.0041395967508797e-01	   3.5213709670380372e-01	   8.6808805629331776e-01	   5.8346708779566203e-01	   1.7842750029132587e-01	   1.6890549214617687e-01	   3.1549088829979111e-01	   2.1271884739378538e-01	   3.3218668564334392e-01	   3.3165048830045651e-01	   3.8172081862768631e-01	   1.9757052143614867e-01	   4.2918296112064219e-01	   4.0597985435193584e-01	   4.9271398113531933e-01	   4.1113560603566623e-01	   6.6834298747326870e-01	   6.0855202615636428e-01	   2.6058270575751474e-01	   3.9870553707012457e-01	   4.0571061330792724e-01	   5.1042859438211508e-01	   5.3053061962768411e-01	   3.5390104409448270e-01	   5.4468199935607353e-01	   5.0060337336082217e-01	   5.3101634314941561e-02	   5.8118105095366177e-02	   5.9307676796001541e-01	   5.6202411612431413e-01	   3.4967874483548482e-02	   3.6133893316548610e-01	   1.6794294843257285e-01	   4.6932742183548898e-01	   4.0050569702065192e-03	   9.4560774361317573e-02	   4.7620308821917957e-02	  -1.0959374588624231e-01	  -1.3623376724864434e-02	  -5.9790235746300644e-04	   3.4133806565362484e-01	   5.8845192793912471e-01	   3.4457706356435919e-01	   4.4248401943115023e-01	   1.5822268602452408e-01	   8.9821998987502871e-02	   1.3772410832590143e-01	   3.2426094122487048e-01	   1.3529888392441097e-01	   2.3471882121396223e-01	   1.9596091202385002e-01	  -7.2292467065089183e-02	  -5.4168953352504903e-03	  -1.0373840383259283e-01	   8.1495808449274770e-03	  -1.8990944498912479e-01	
