   0.0000000000000000e+00	   7.4171279165023529e-01	   3.1502799957219019e-01	   4.7898359176655009e-01	   4.2893704561837848e-01	   5.5223407834167193e-01	   3.2786251463824845e-01	   4.2476650908716918e-01	   3.4768353120709966e-01	   4.8706300557606685e-01	   6.5914616985242347e-01	   7.4358925571020373e-01	   5.3675006567306360e-01	   6.5709916703268823e-01	   4.2229541254060843e-01	   4.5208301260122985e-01	   5.0236071977752061e-01	   4.3761546201561741e-01	   3.3909239326834345e-01	   3.8642710495845345e-01	   3.1179836074923012e-01	   2.7329176855895504e-01	   3.7346387786112756e-01	   3.3929592344009091e-01	   1.1793690480271204e-01	   1.9808608369514241e-01	   2.1539038621378520e-01	   1.9584550404705664e-01	   6.1414935170042084e-01	   5.9896275989444736e-01	   2.9313135165349757e-01	   3.4238032927256429e-01	   4.1786271012544174e-01	   5.3620315335258684e-01	   2.4771305522998227e-01	   3.1051270655228169e-01	   3.8342954853665584e-01	   4.4567968815782666e-01	   4.3439789610002988e-01	   4.5045401987866496e-01	   4.7485154421857934e-01	   4.2092648787288023e-01	   2.5120874709484919e-01	   1.5177462512694756e-01	   7.7610716305086702e-02	   8.9371151510789171e-02	   3.1759057166040006e-01	   3.7467473421082464e-01	   1.5292266503326968e-01	   1.8949050924119870e-01	   2.7302657589822477e-01	   2.4435958657692822e-01	   3.7214534963950924e-01	   2.8527100038353725e-01	   5.9535582661706210e-01	   6.1593424184239365e-01	   5.3896076951664751e-01	   4.4148131472844915e-01	   6.0714024182229354e-01	   5.5394664654726400e-01	   4.5040236183066951e-01	   6.1375209799219310e-01	   5.1346873413113270e-01	   3.9532367779359934e-01	   7.6740980325354008e-02	   1.4577798749933327e-01	   3.2787747346184776e-01	   4.3729916447589035e-01	   1.9402304097398304e-01	   2.1497692133425333e-01	   4.2271682776298491e-01	   4.8480667175480380e-01	   5.4298611328531465e-01	   5.4111632699238965e-01	   3.0462932681424071e-01	   4.1463090242685996e-01	   4.2610782239307743e-01	   4.7180709351168854e-01	   2.9232872883961991e-01	   2.9825270855066749e-01	   5.4189749334237525e-01	   4.5316184741739662e-01	   1.2418190948672340e-01	   3.9329584219378066e-01	   3.3667843839488915e-01	   1.3738981723855778e-01	   1.4430994722574622e-01	   3.6161841626458080e-01	   4.3184019351034308e-01	   5.9112237702366988e-01	   1.8967359166089293e-01	   8.0903340029952711e-02	   2.3557337760207764e-01	   2.2069725723259942e-01	  -1.7943092716021772e-01	  -1.6390432954680353e-01	  -1.3056474760178180e-01	  -2.4699545736723921e-02	   4.5725118068214460e-01	   4.6207551073962455e-01	   3.6717624257799597e-01	   1.3789636995148868e-01	   4.3478106565133801e-01	   3.1172672692790998e-01	  -3.2763522717697714e-03	  -1.5356900264108408e-02	  -4.8703935828318919e-03	  -5.8360189073033919e-02	  -6.1046391965810451e-02	  -1.1275388737349468e-01	   8.8985269213458246e-03	  -2.4790086170016871e-02	   6.6516503535553773e-02	   2.1355724343845550e-01	   4.8450593757162479e-02	  -2.3599108066808760e-01	
   7.4171279165023529e-01	   0.0000000000000000e+00	   4.8679718724307972e-02	   3.6250424488639316e-01	   1.9735545198967963e-01	   3.4219201473839855e-01	  -8.8429881725008166e-02	   1.3115608508425836e-01	   7.6069600167974760e-02	   2.5085571400482221e-01	   2.6644846093500568e-01	   5.6656804639036240e-01	   1.7084443996090309e-01	   4.4775114050004217e-01	   4.2441483778743072e-01	   4.0214054265936616e-01	   4.4948721935692804e-01	   5.4780304263570245e-01	   1.7492157066198932e-01	   3.2203357344468247e-01	   3.9624433482894683e-01	   4.0551815925547674e-01	   2.7423564087777019e-01	   2.2979435952445132e-01	   3.0895037881485443e-01	   3.6545745756590398e-01	   4.3392309631089543e-01	   4.2766106866055287e-01	   4.7452145561228043e-01	   4.9034981911752534e-01	   2.7543786673930493e-01	   2.4694649138563368e-01	   3.8304130260578173e-01	   3.9626634508613140e-01	   2.8175007934389912e-01	   2.3413773663999282e-01	   5.0615127027862439e-01	   5.5910816240286532e-01	   4.3527812637243468e-01	   4.8709093363220374e-01	   4.8024203263525234e-01	   5.1280744997675631e-01	   2.2844737581239899e-01	   2.2517028695645164e-01	   2.7579757870620114e-02	  -2.4266285630234169e-02	   2.7751310850855004e-01	   3.3591908799789449e-01	   1.6635640710280827e-01	   2.5723678377529852e-01	   4.5442849299193339e-01	   5.1520866455677061e-01	   5.8936189352011326e-01	   5.6648687009832144e-01	   5.1995752613287971e-01	   5.8221407669568470e-01	   6.7410402949375159e-01	   6.7597142302345359e-01	   5.6384084002599844e-01	   7.1399623316140781e-01	   2.2984897702857887e-01	   3.6989679655171237e-01	   3.9792476170199320e-01	   3.6230416137992760e-01	   6.2848220463867302e-03	   9.2521079488193068e-03	   1.6627042713715368e-01	   2.3761448277648811e-01	   2.5978668578808334e-01	   2.0994705859725016e-01	   2.3592616080726719e-01	   3.7753368434860396e-01	   4.7432370334981799e-01	   5.3751951940708653e-01	   3.5694332438690946e-01	   5.5376194149526548e-01	   4.1016013799766604e-01	   5.0039103947565933e-01	   1.9220143443474277e-01	   4.2899176088055141e-01	   4.8038371698152516e-01	   4.4127450055006401e-01	   3.6829071819801651e-01	   5.1992104402577022e-01	   3.7271068316131828e-01	   8.6658461462822994e-02	   4.1232810748772819e-01	   4.8952336189935941e-01	   2.7068561479762021e-01	   5.3586318823217705e-01	   1.3885552281054003e-01	  -1.8539969998927325e-01	   4.7968376410247635e-02	  -1.4874120569998145e-01	  -9.6632226544781777e-02	  -1.0741096729334654e-02	   1.2080576262129430e-01	   1.9457374647924275e-01	   4.6919306701398295e-01	   3.3894758965146243e-01	   2.2578621674027372e-01	  -2.2934845191064851e-01	   2.1012198287319525e-01	   9.4714391397224262e-02	  -1.4521919206055839e-01	  -2.1059213362354248e-01	   6.9603498700666455e-02	  -2.9232213134121360e-02	   4.8821302331175813e-02	   1.0352998286967957e-01	   1.4114027158858530e-01	   1.4417484375834050e-01	   1.3272429353801002e-01	   1.4443641787823497e-01	   1.2870406771348919e-01	  -2.1292162479106422e-01	
   3.1502799957219019e-01	   4.8679718724307972e-02	   0.0000000000000000e+00	   7.2630567301589177e-01	   5.2455397623891165e-01	   3.2377016153586857e-01	   7.5430918778321421e-01	   4.9238138688614808e-01	   3.8034281640029133e-01	   2.9987119754795660e-01	   3.7020245663910956e-01	   1.3681392116687158e-01	   3.5620828307378771e-01	   2.6345316715374639e-01	   3.6017157404640032e-01	   4.3118871484692212e-01	  -3.2157830788482111e-02	  -1.1560882359240036e-01	  -2.5157096725023316e-02	  -1.0943686686186538e-01	   3.7865305187869469e-01	   3.9207064688488319e-01	   6.5490700906634791e-01	   5.7982767934942947e-01	   3.6496133616877013e-01	   4.3954085466827625e-01	   3.0157223058822002e-01	   2.8843093071590115e-01	   1.9066490147365495e-01	   1.0103162646900680e-01	   4.0682520657994009e-01	   5.0662915638689077e-01	   3.4363095101221119e-01	   3.6954620456874299e-01	   5.8845721160019770e-01	   6.3413632596090841e-01	   3.8895676486486186e-01	   4.0813655127980131e-01	   5.2041832377039565e-01	   4.3458510236646214e-01	   4.1864616873303617e-01	   2.1619075624388145e-01	   1.3256173003009006e-01	  -2.1393304250484930e-02	  -6.1642869602841807e-02	  -2.9085890078075681e-02	   6.7171288681039859e-02	   2.8002025378877315e-01	  -2.0347221790669373e-01	  -6.0765569529112440e-02	  -1.9225385399649911e-01	  -6.9626834991613762e-02	  -1.7139899925258467e-01	  -7.9941754381479740e-02	   3.8925725795970528e-01	   4.4434665135491430e-01	   5.4588107134076969e-02	   2.2067138862670846e-01	   1.8808702272612590e-01	   1.6415828834959106e-01	   3.1050643749742562e-01	   3.7465410133123356e-01	   1.8357573978898564e-01	  -6.8656875924095768e-03	   5.8363441323895604e-01	   5.1258467442187061e-01	   6.1237922611428208e-01	   6.0045167255673937e-01	   4.7613954377583444e-02	   1.0573725324759822e-01	   4.3121741130696378e-01	   4.9062756080685577e-01	   1.5613798448456861e-01	  -1.0591429420397900e-02	  -7.5319636061008388e-02	  -1.3920261560972433e-01	   3.6040226148538113e-01	   3.2212024708690790e-01	   1.5766898102140878e-01	  -1.0009659013314970e-01	   2.7977245502897230e-01	   1.7015027381317224e-01	  -1.5668719881864274e-01	   1.7489682454776161e-02	   4.0568546756968304e-01	   3.4091175978083832e-01	   7.7936160496819451e-02	   3.8270037768050358e-01	   6.5301497229766003e-01	   4.7301726055826482e-01	   2.6226317573408992e-01	   6.2526000520368663e-01	   4.7395651014576601e-01	   6.1189125484144391e-01	  -3.8864365873003670e-01	  -4.3616361099517759e-01	  -3.5317885166054513e-01	  -3.0847487124065315e-01	   1.3340852250453847e-01	   3.8738591282589330e-01	   4.9906566765307636e-01	   3.9016326309410648e-01	   5.7438506047216187e-01	   4.5900745570191309e-01	   3.5165862440787898e-01	   2.3193004764951303e-01	  -7.6846720707544960e-02	  -6.4635624240561351e-02	  -4.3864746707060359e-01	  -4.2521060424352231e-01	  -7.7245500773641146e-02	  -3.7420749648363105e-01	  -2.7917888171781557e-01	   1.1983418207901042e-01	  -7.9671057507940637e-02	  -3.0439492877963809e-01	
   4.7898359176655009e-01	   3.6250424488639316e-01	   7.2630567301589177e-01	   0.0000000000000000e+00	   5.5009044417330788e-01	   5.4133954286198804e-01	   5.4345328229016476e-01	   6.4885014188331769e-01	   3.7684629765983746e-01	   4.7291881104257821e-01	   4.0252265724085157e-01	   4.0268206269575429e-01	   3.2125955763974617e-01	   4.4885164252212106e-01	   3.9365011491141694e-01	   4.5623781150840814e-01	   7.8798080183786104e-02	  -5.3691087714849706e-03	  -1.3481016199468199e-01	  -9.5465142391253505e-02	   4.4933871180086848e-01	   5.3665367907105122e-01	   5.3121973296183012e-01	   5.5685417130951487e-01	   3.2066961883741540e-01	   4.7351498982930729e-01	   4.1050497222383442e-01	   4.0220700967040274e-01	   1.9838635370633087e-01	   1.3919616193579187e-01	   2.5750454910003728e-01	   4.5685544983088711e-01	   2.6893012736569866e-01	   3.5932120510410304e-01	   5.7050096373223358e-01	   6.6151840534775597e-01	   4.2648499061065293e-01	   5.3176756497235800e-01	   4.8460684170401241e-01	   5.4249353487360419e-01	   5.6196509243138004e-01	   4.5393731207211785e-01	   1.0021950212040820e-01	  -1.8419227204819057e-02	  -9.5669401276384340e-03	   2.8165427908398800e-02	   1.3990801172242548e-01	   3.2842584732377467e-01	   2.1751674994734828e-02	   2.0492840289790448e-01	   1.3572943720290853e-01	   2.2978641987151485e-01	   4.0740440228043566e-02	   1.2094250119849520e-01	   4.8168240514333199e-01	   5.7645111804615479e-01	   2.5061728356127710e-01	   2.8437482969687738e-01	   5.1099171056859216e-01	   4.2546474976960580e-01	   3.1318602184552258e-01	   5.7096625360065312e-01	   1.5766169870161523e-01	   4.0640640337160215e-02	   4.7282380214556052e-01	   6.0941688219695189e-01	   5.6197745187831738e-01	   6.6191380298491176e-01	   2.4094519142216112e-02	   8.9845319973844720e-02	   4.8483350191279190e-01	   5.9836598572910282e-01	   1.9593165627728473e-01	   1.4291340925529669e-01	  -6.6106761448961507e-02	   8.8816091093224914e-02	   3.0284761893724871e-01	   4.0132887083925350e-01	   8.8716653689700553e-02	  -8.4957442255665663e-02	   4.9372831109742155e-01	   3.1801499106049758e-01	  -2.2583911601841408e-02	   1.4605716772357591e-01	   5.2529526989873565e-01	   3.5957700767780071e-01	   6.1830714861040019e-02	   4.2061796427332682e-01	   6.4594743461347237e-01	   4.6906998747367212e-01	   3.3584413079629610e-01	   3.7793057978313704e-01	   5.6971586353341086e-01	   4.7334202376566609e-01	  -3.3929171402628494e-01	  -4.0708156656858807e-01	  -2.4452438867648249e-01	  -1.7692582054101830e-01	   2.4937639580253168e-01	   4.6293087760288787e-01	   4.1948713406695814e-01	   1.7430763741980129e-01	   4.7008122735236096e-01	   4.4139607070035469e-01	   1.6867960367758622e-01	   8.7075867236497267e-02	   1.5347769563523173e-01	   8.5452736449105754e-02	  -2.9434571037202911e-01	  -2.4499367565547128e-01	   9.8139644183440705e-02	  -2.3599259925020205e-01	  -1.0313136628468983e-01	   5.1435496266456797e-03	  -5.0607918235299455e-02	  -4.2119502072139370e-01	
   4.2893704561837848e-01	   1.9735545198967963e-01	   5.2455397623891165e-01	   5.5009044417330788e-01	   0.0000000000000000e+00	   7.9416376552417345e-01	   5.0218284387800005e-01	   4.4820301522427775e-01	   8.5402352451179331e-01	   7.3005380433098210e-01	   3.9595116112621509e-01	   4.2133083320240344e-01	   3.9543106932387057e-01	   3.8399683970309761e-01	   6.2636825622215664e-01	   5.1486402489626693e-01	   4.3045152420023713e-02	   6.7312108619309169e-02	   2.4233098211662987e-01	   2.4566242291790191e-01	   6.0111641856114773e-01	   4.5398150353488065e-01	   5.6277720871865666e-01	   5.3871181022617587e-01	   2.3004838788694973e-01	   3.5536915030615601e-01	   3.7510600145704870e-01	   3.4562683912113473e-01	   3.1674684706643230e-01	   2.4602847051507509e-01	   4.4925609810970485e-01	   5.4173566436932874e-01	   5.1336817628686915e-01	   5.5463247777383451e-01	   5.6415104199893318e-01	   5.2871386890197303e-01	   3.7780597330420779e-01	   3.6714214261753364e-01	   4.5037212297527091e-01	   5.1731894418651969e-01	   4.1847052520681655e-01	   4.2096313581707812e-01	   3.2872886539992907e-01	   2.5003197418126155e-01	   3.1288955867905738e-01	   3.7308380333860114e-01	   3.3510324565546101e-01	   3.6085220889278996e-01	   2.2782244020310369e-01	   2.9402339758813661e-01	   1.6479942690357627e-01	   2.3105354039038772e-01	   6.7752310505232227e-02	   2.2800107553599708e-01	   3.1800640484143394e-01	   4.6404792602453382e-01	   2.4349337490696499e-01	   2.7749141995251742e-01	   4.8578563637308458e-01	   3.3028949786677581e-01	   4.2311186903753062e-01	   4.7211527210477372e-01	   1.3946857332558815e-01	   1.6710996443257589e-01	   4.4322689662031423e-01	   2.1445119644740518e-01	   6.1942478793458844e-01	   5.8306405831909269e-01	   1.9017194339703050e-01	   2.8250767389328002e-01	   4.7446396169074534e-01	   4.5424412241685413e-01	   2.9540171104205254e-01	   1.9360980515083584e-01	   2.0414619015253058e-01	   2.4276013885034156e-01	   2.6892743363334015e-01	   2.8505859103357195e-01	  -6.7319411336180468e-02	   1.4523712617815356e-02	   2.9381583442341036e-01	   1.6030264988625947e-01	   2.1572330688243940e-01	   1.8137304415043071e-01	   2.3235741466739646e-01	   4.9909102542255848e-02	  -3.2405087235991563e-03	   2.9095801458826720e-01	   4.3468606989115255e-01	   3.9164336178968889e-01	   4.6516426618015427e-01	   4.0732838261141507e-01	   4.2810920005430020e-01	   3.6647470412848265e-01	   8.1369290096868163e-02	   1.0751558836503026e-02	   1.1610027628861952e-01	   1.4361194513263056e-01	   2.7380790352727308e-01	   4.3687378898391482e-01	   2.6301647911513765e-01	   1.3188227748500925e-01	   2.4605443887600842e-01	   3.1866834455464427e-01	  -2.4256620674390165e-02	   1.4704541596344303e-01	   2.2083908112694542e-01	   1.2319279739376769e-01	  -1.1874047510648682e-02	   9.3774614635537809e-02	   2.2988559991638532e-01	   8.0920025199310769e-02	   1.2315819003425878e-01	   2.4110830648315132e-01	   2.0044651081477202e-01	   2.4358090561099999e-02	
   5.5223407834167193e-01	   3.4219201473839855e-01	   3.2377016153586857e-01	   5.4133954286198804e-01	   7.9416376552417345e-01	   0.0000000000000000e+00	   4.8246924807301084e-01	   5.8488282828133398e-01	   7.9347808598305924e-01	   8.5256655753134802e-01	   4.7011631068993465e-01	   6.1348027809358574e-01	   5.2635254677749543e-01	   5.9129148068776227e-01	   5.4380163814861404e-01	   5.7503997766754478e-01	   2.0466488271527875e-01	   2.3326968279777280e-01	   1.9726138200198196e-01	   2.9811106371685520e-01	   5.0050246514446162e-01	   4.0931630214696124e-01	   3.8122253987551769e-01	   4.5079845746594494e-01	   4.8397223541925063e-02	   2.2821971123869525e-01	   2.5361242169840997e-01	   2.7830178752855583e-01	   3.6607547915490829e-01	   3.2112692424172284e-01	   2.6563172010592107e-01	   3.8670970925681936e-01	   4.3301802545522428e-01	   5.2233234935028650e-01	   3.9464897564456930e-01	   4.3559919025938032e-01	   2.5575085560932120e-01	   2.8488261138985865e-01	   3.3279977923386239e-01	   4.2575685713459077e-01	   4.4307251865550729e-01	   5.1295567048899360e-01	   2.4710054379610530e-01	   1.1803198260449760e-01	   2.9363745461716761e-01	   3.2206560466771050e-01	   2.9791363074611082e-01	   2.8890512086034392e-01	   3.3931724145937986e-01	   3.6458908538890616e-01	   4.0030770727723941e-01	   3.7201867389406101e-01	   2.7495778412221750e-01	   3.4416948729719343e-01	   3.5718048416464027e-01	   4.3983512413275527e-01	   3.4914820637384214e-01	   2.4680135531803724e-01	   5.8936685139138478e-01	   4.1115782310682064e-01	   5.3965810331360820e-01	   6.1751037650904661e-01	   3.1592426713831290e-01	   4.1986244218376451e-01	   3.1971453334565536e-01	   2.7109243346023021e-01	   5.0121654349674860e-01	   5.5111187384746452e-01	   3.4859574972647231e-02	   1.2291306758132414e-01	   4.8345122242704458e-01	   4.8399017175360992e-01	   3.9855293397914937e-01	   3.5466566070774430e-01	   2.4509655185472906e-01	   3.6808895406430298e-01	   2.6625914565981851e-01	   3.2647096953448562e-01	  -1.2264691711756288e-01	   7.7355495431524687e-02	   3.4684812222135514e-01	   2.6512463524547475e-01	   2.7703357804094142e-01	   3.0616867099514777e-01	   2.5759634963560796e-01	   6.6755119933764637e-02	  -2.6974361589946643e-03	   2.6645098249438898e-01	   3.4893798901685158e-01	   4.1495644321058905e-01	   5.0344353807626296e-01	   1.6359736207846656e-01	   4.5429223009814318e-01	   2.5696896269866099e-01	   9.9394686203519864e-02	   8.3865478141707028e-02	   1.6892219428668859e-01	   1.9537597194211914e-01	   3.0540925802656366e-01	   3.7714643850805585e-01	   3.0042223969428894e-01	   7.7766116971578564e-02	   2.4585817338705537e-01	   2.4146190848803303e-01	  -3.6779121537955761e-02	   1.3756592044834213e-02	   2.5113576889592976e-01	   1.5167901265545511e-01	   6.7092676534283760e-02	   2.1061726973683073e-01	   2.3581816026508529e-01	   1.8689295541966980e-01	   1.9087424790267840e-01	   1.6325536756431841e-01	   1.8241394828937058e-01	   6.9819723689885510e-02	
   3.2786251463824845e-01	  -8.8429881725008166e-02	   7.5430918778321421e-01	   5.4345328229016476e-01	   5.0218284387800005e-01	   4.8246924807301084e-01	   0.0000000000000000e+00	   7.9607681717118006e-01	   5.5790224316298187e-01	   4.3916557210026669e-01	   5.4498869132893279e-01	   3.6817029745130547e-01	   6.8451079087726452e-01	   4.6907211742731314e-01	   3.1721687897557282e-01	   5.6732237359348525e-01	   4.2508335269586271e-02	  -1.0734861454067432e-01	   1.0018519707558773e-01	   4.6882276088583003e-02	   6.7522303039730364e-02	   3.1602510806532841e-02	   4.1059828779577223e-01	   4.9308907523521073e-01	  -9.9373114815788408e-02	   5.7713962289907536e-02	  -1.6034720149130294e-01	  -1.4144873267590435e-01	   2.2639733808900003e-01	   1.9789464860212125e-01	   2.4217135993697225e-01	   3.7785919515919703e-01	   2.6992838461743679e-01	   3.7199893359687075e-01	   2.2183381279868986e-01	   3.8149388280662377e-01	   1.8176732307382676e-02	   4.7320110005586703e-02	   1.6138804818672933e-01	   1.0425425375361766e-01	   1.2074629486344582e-01	   1.9202472803612328e-02	   1.8781702580468346e-01	   2.8699028077276281e-02	   1.1517405281406132e-01	   1.8729854102295063e-01	   1.2692292260578114e-01	   2.5067618591694063e-01	   8.4778349067693687e-02	   1.2193951556269048e-01	  -2.9394781482691829e-02	  -4.7706917467202912e-03	  -1.2020570209830357e-01	  -1.1474516290125428e-01	   2.4669069911156524e-01	   2.3669970278858471e-01	  -1.4268426927073183e-01	  -1.7206746159166053e-01	   2.0125498099526831e-01	  -2.9277269757356162e-02	   4.1754362391865241e-01	   4.0033670830221413e-01	   2.5377028308531369e-01	   1.8191124174347323e-01	   4.3232297680911635e-01	   4.9394493616238039e-01	   4.5448851474515772e-01	   4.9236952127487427e-01	  -1.5886483943634006e-01	  -4.8037831510691319e-02	   3.5406340927064550e-01	   3.2740889932039285e-01	   1.8440777418557333e-01	   2.4419458621915198e-02	   2.6451232881450782e-02	  -1.0816566426732117e-01	   1.5303451165536852e-01	   9.7639564731730216e-02	   1.9004198548225995e-01	  -1.5577423947343211e-01	   1.3878598279964094e-01	   1.4410470278338569e-01	  -2.1014994257735287e-01	  -1.5249311998156968e-02	   1.7677791009448424e-01	   3.3480835247959606e-01	  -1.7514146139413017e-01	   1.9130400600354083e-01	   4.3692056124976508e-01	   3.7452330703610048e-01	   3.4298012732819039e-01	   5.1189904134447406e-01	   5.2335165491151070e-01	   5.3120301283012672e-01	  -2.1526191871019321e-01	  -2.4508199589096183e-01	  -3.0045328061942178e-01	  -2.6729537461019920e-01	   5.0425891125196937e-02	   3.3069113314159382e-01	   5.0189430614347663e-01	   4.0349638072117089e-01	   5.0927178318964250e-01	   2.9789071090654795e-01	   3.9876868760453793e-01	   9.8774606831776635e-02	  -1.1230128856453155e-01	  -7.2970343618026484e-02	  -3.0975106812902153e-01	  -3.5242102025424715e-01	  -1.5103602032547264e-01	  -2.7630800318105847e-01	  -8.7619536334443859e-02	   2.2827763787099775e-01	  -4.3113836340346795e-02	  -1.1412079898321317e-01	
   4.2476650908716918e-01	   1.3115608508425836e-01	   4.9238138688614808e-01	   6.4885014188331769e-01	   4.4820301522427775e-01	   5.8488282828133398e-01	   7.9607681717118006e-01	   0.0000000000000000e+00	   5.4156599636988345e-01	   5.6183984972316259e-01	   5.3626014660603305e-01	   6.4200091986494545e-01	   7.1090374797472966e-01	   7.1345089826596719e-01	   2.9903576111848357e-01	   6.1498113367487628e-01	   1.8155347222655657e-01	   4.1659922961996554e-02	   2.1604108904087690e-03	   1.1131710369197406e-01	   4.0379006116032026e-02	   7.8745851532572450e-02	   1.7671138683449561e-01	   4.4480863132983073e-01	  -1.3481938589547279e-01	   7.3303035965788077e-02	  -1.3209493967501917e-01	  -9.4993761342783145e-02	   2.5944665716562121e-01	   3.1630112986619785e-01	   1.0162241954219842e-01	   3.5112681634131310e-01	   2.3314857848420045e-01	   3.9787513382203726e-01	   1.7573111743023578e-01	   3.4798332646563918e-01	   2.2741002206079414e-02	   9.4721781763911411e-02	   1.2108571373175293e-01	   1.6028907952209331e-01	   1.6373436586848122e-01	   1.5745475207806053e-01	   1.9625116291484057e-01	   9.2747735825374211e-02	   2.1740630725691776e-01	   3.0300769871520122e-01	   2.1621942528504873e-01	   2.7091634192016101e-01	   2.5170133664327166e-01	   3.2974226534190737e-01	   2.0595793274674612e-01	   2.1903202130015476e-01	   2.4220991458067948e-04	  -2.0541592513729910e-02	   2.6514662841881331e-01	   2.4910013597553407e-01	  -3.7988052984858477e-03	  -1.6552773457860481e-01	   3.5062272306038000e-01	   6.7972664073573358e-02	   4.4404438657295203e-01	   5.6880045584438899e-01	   3.0871959341454125e-01	   3.3641962928734637e-01	   3.1038718194662174e-01	   6.1694215386555240e-01	   4.4809259530110301e-01	   6.1600555348828057e-01	  -2.2067033770750749e-01	  -6.4477534606624726e-02	   3.4897913449541484e-01	   3.8722003139921035e-01	   2.8245141926830031e-01	   1.7988365970845033e-01	   6.5434963693349238e-02	   1.1309811277037379e-01	   1.1397517980166862e-01	   1.7095189055334647e-01	   1.5917068632094811e-01	  -1.2933292365575594e-01	   3.3364520752668625e-01	   2.4167117193879514e-01	  -1.2785543955693043e-01	   1.4068966798176141e-01	   1.7132401013238835e-01	   3.2072466021091328e-01	  -2.7181848294469874e-01	   1.5291360059731213e-01	   4.1240875761150181e-01	   3.3935139886750010e-01	   3.9880805739169600e-01	   2.4273886643490145e-01	   5.6473556553703030e-01	   3.4960463438326950e-01	  -1.2368500453169845e-01	  -1.2809511492120662e-01	  -1.4305097319475227e-01	  -1.0054737818880938e-01	   1.4685141147296052e-01	   3.1302554271401001e-01	   4.2880839320978292e-01	   1.9616544425079857e-01	   3.9187438126802765e-01	   2.6561809957539034e-01	   3.1851485949367409e-01	   3.5570221403550747e-02	   8.9205917494684234e-02	   7.0166642540691423e-02	  -1.8558346464249537e-01	  -1.7469283367886568e-01	  -1.4747560070244137e-02	  -1.7439596297359938e-01	   9.8313133411914843e-03	   1.1906347699958034e-01	   6.6646397106872007e-02	  -6.8436804637263191e-02	
   3.4768353120709966e-01	   7.6069600167974760e-02	   3.8034281640029133e-01	   3.7684629765983746e-01	   8.5402352451179331e-01	   7.9347808598305924e-01	   5.5790224316298187e-01	   5.4156599636988345e-01	   0.0000000000000000e+00	   8.6151770620039980e-01	   3.7641536022802419e-01	   3.9758726219252716e-01	   5.2083749336642149e-01	   4.3468857242021053e-01	   5.4831374330611182e-01	   6.0098424280076979e-01	  -1.6482657788554466e-02	   2.7368233477632932e-02	   2.7934748556417338e-01	   3.2397077399694979e-01	   3.3550147600232066e-01	   2.0517355494619949e-01	   3.5186924772161965e-01	   4.6863057747416292e-01	  -8.7908033734346858e-02	   5.6807108166997564e-02	   9.8775938314250356e-02	   1.1783657747433358e-01	   1.8223940421811197e-01	   1.8923794969000526e-01	   2.3540572252788886e-01	   3.6804731402336416e-01	   3.6746575817974514e-01	   4.4268477468806028e-01	   2.8099468485009882e-01	   3.4223449567180719e-01	   1.7285437224342606e-01	   1.4719739374055019e-01	   2.4450236232628425e-01	   3.3832410383312073e-01	   2.2003482020873577e-01	   3.1781597420874413e-01	   2.3460819815307626e-01	   1.7662294949559015e-01	   2.9123856404864085e-01	   3.5293794842389270e-01	   1.7622987607713014e-01	   1.7692092502827542e-01	   1.8706599131412585e-01	   2.0551618219345802e-01	   1.4670987692894810e-01	   1.4102146349405148e-01	   6.4933424467695691e-02	   1.5497307882090913e-01	   2.0340557917760563e-01	   2.5943705669134021e-01	   1.3254744551781528e-01	   1.0915492732910435e-01	   3.6184521603847092e-01	   1.1093147775497830e-01	   6.0067958188729209e-01	   5.0826242110323416e-01	   2.3216200940275961e-01	   3.3279588934280802e-01	   3.8365552875180808e-01	   2.9285554165094774e-01	   4.5337062239998632e-01	   4.5365346727913397e-01	   7.7085470250547461e-02	   1.9619704149063721e-01	   3.5885334767928462e-01	   2.9907374726513780e-01	   2.0601632196667258e-01	   8.7126318426911015e-02	   1.0266064655207524e-01	   1.6199814404855978e-01	   1.3978202812814783e-01	   1.4755775725743783e-01	  -1.8018370255809829e-01	  -9.0573427480455798e-02	   1.1700538401042189e-01	   7.5788814685494837e-02	   1.4840226386230476e-01	   1.6817472428867908e-01	   1.3229100698235746e-01	   8.4262698784326517e-02	  -1.3751122834728069e-01	   1.9785711834832942e-01	   4.1220954329628834e-01	   3.9964839133998065e-01	   5.4716381960538329e-01	   3.7352815971158493e-01	   5.4658807016523880e-01	   4.0567625963673026e-01	   2.5211805639142515e-01	   2.0788934142581048e-01	   2.0381619108294791e-01	   2.1955295076444875e-01	   1.2938801902179359e-01	   3.5341166794458595e-01	   3.8318928526749185e-01	   2.9141667245554936e-01	   2.7570498792882331e-01	   3.2377219734356355e-01	   9.6846602180703928e-02	   1.8802564480900638e-01	   2.7170371673783456e-01	   2.1010263988514577e-01	   9.3622042742361369e-02	   1.9033639597316260e-01	   1.7768785954353167e-01	   1.3517583805450037e-01	   1.8635538025659337e-01	   3.6494115520517767e-01	   3.1241610378821577e-01	   2.9735685783661781e-01	
   4.8706300557606685e-01	   2.5085571400482221e-01	   2.9987119754795660e-01	   4.7291881104257821e-01	   7.3005380433098210e-01	   8.5256655753134802e-01	   4.3916557210026669e-01	   5.6183984972316259e-01	   8.6151770620039980e-01	   0.0000000000000000e+00	   4.1311411066577025e-01	   4.8917485758834145e-01	   5.1267567374599476e-01	   5.8356267415783691e-01	   4.7066378122854008e-01	   5.0703672364151120e-01	   8.4780413509322888e-02	   1.2309579389226832e-01	   1.5473458605549872e-01	   2.8811891405283990e-01	   3.0699277666168878e-01	   2.0594556893913887e-01	   1.9679396568305507e-01	   3.1772757395292356e-01	  -1.3229591849363020e-01	  -1.1742562349790084e-02	   1.1384578094179948e-01	   1.1918672783684436e-01	   1.5961640145303141e-01	   1.8547086985761307e-01	   7.9414085218064881e-02	   2.2847853597886841e-01	   2.1883819721467901e-01	   3.2881129255820485e-01	   1.8893675344122313e-01	   2.3416441207702715e-01	   2.0953132790882106e-01	   2.3228997160318191e-01	   2.7615470655105823e-01	   4.0633939877492498e-01	   3.0313722534805143e-01	   3.7325246054893091e-01	   1.4059369226575627e-01	   9.6111031397653063e-02	   2.0874939136046383e-01	   2.4791162482864565e-01	   1.4266114085927298e-01	   1.8245817291243882e-01	   1.5112262436879853e-01	   1.8337623079834608e-01	   1.9453767927254703e-01	   1.5025063461166810e-01	   9.4467153607370402e-02	   1.2157501864240718e-01	   2.8225032807023254e-01	   3.3333098394088179e-01	   2.6530751148926851e-01	   2.1925290299097122e-01	   4.7113457457105984e-01	   2.6049415894949390e-01	   5.8928865571825950e-01	   6.3413441060520037e-01	   2.8790149864718484e-01	   3.7117926463136569e-01	   1.9894595953072858e-01	   2.8680369313155180e-01	   3.4681703172070999e-01	   4.1933850117766247e-01	  -8.0050788170789814e-03	   1.3960817769213907e-01	   3.9579637746683893e-01	   3.2432041094859299e-01	   2.8981971097924586e-01	   1.8498419623782902e-01	   8.4763371477849681e-02	   2.4066804016749971e-01	   1.6464057232995660e-01	   2.0934786199972552e-01	  -1.3679806136715389e-01	  -5.4135612979505018e-02	   2.5379557032126865e-01	   1.5379175845440307e-01	   1.1097554450238495e-01	   1.6714707564858375e-01	   1.0489824014142096e-01	   1.9845360487200960e-02	  -1.6650133105434856e-01	   1.2095032648820310e-01	   3.5946981131830646e-01	   4.0989784758937509e-01	   5.1574690223256825e-01	   2.1128177871674519e-01	   5.1202750424252375e-01	   3.1290560120854272e-01	   9.3828642864874578e-02	   7.3425154696391520e-02	   1.2856044670125080e-01	   1.2930813913944644e-01	   2.7696631538835725e-01	   3.4050111166158481e-01	   3.6406229652469935e-01	   2.2614764759138706e-01	   2.8383081937779564e-01	   3.8011704197468249e-01	  -4.3705477953808407e-02	   1.3744383394603998e-01	   3.2092183175245032e-01	   2.0636400530816251e-01	   2.9634071227877902e-02	   8.1176298332957975e-02	   1.0090445529794140e-01	   4.7362928863319435e-02	   3.1952030992144401e-02	   1.7998436399824205e-01	   2.1835307684412766e-01	   1.8928800532473189e-01	
   6.5914616985242347e-01	   2.6644846093500568e-01	   3.7020245663910956e-01	   4.0252265724085157e-01	   3.9595116112621509e-01	   4.7011631068993465e-01	   5.4498869132893279e-01	   5.3626014660603305e-01	   3.7641536022802419e-01	   4.1311411066577025e-01	   0.0000000000000000e+00	   5.9957104064534783e-01	   8.4609272053786033e-01	   6.9189735588537349e-01	   4.9636409975287682e-01	   4.4743119169397150e-01	   3.7220748752531452e-01	   2.2638146122907177e-01	   1.9611285703134465e-01	   2.0216738173135890e-01	   1.5432523513291047e-01	   1.0615397542070881e-01	   1.9249451652390887e-01	   2.0750708826655404e-01	  -7.0598642887587340e-02	  -3.6171254704363094e-03	   4.6122975478394057e-02	   4.5918022373547945e-02	   4.5191449407897732e-01	   4.3415721682056135e-01	   6.3420898167283274e-02	   1.4613320463831625e-01	   1.9497233766460648e-01	   3.2957762590312623e-01	   2.6422723752588730e-02	   1.5320029628990756e-01	   3.0174383514858472e-01	   3.3959226190545355e-01	   3.3661731762785851e-01	   3.4003162162360306e-01	   4.1584680863562690e-01	   3.6457084691009689e-01	   1.6682296444359423e-01	   2.9508442291026643e-02	   1.9091755635260187e-02	   7.8966237081009250e-02	   2.4420794737179130e-01	   2.6782833250789423e-01	   6.6046766970788054e-02	   1.1982104477658118e-01	   1.1895810077734649e-01	   1.0538500081255311e-01	   1.3200030766480114e-01	   4.6375738127761891e-02	   5.8515612624186086e-01	   4.7405447309966364e-01	   9.1626409287623195e-02	   5.1263836303092281e-02	   3.1479495340042862e-01	   1.4021994156371806e-01	   3.9949389655713496e-01	   4.8564251928236679e-01	   4.5783646727444560e-01	   2.7260949337105556e-01	   2.7683889335153304e-02	   2.6234809005442683e-01	   2.1487000465147565e-01	   3.4132492741967585e-01	  -4.1504638687446693e-02	   8.7204818910135776e-02	   4.9259958126426479e-01	   5.0847894576027053e-01	   4.2637806703285713e-01	   4.2174094688257641e-01	   2.1029548178507654e-01	   1.5188504488546736e-01	   3.7969231136523557e-01	   4.1102124676975482e-01	   3.4601533430164882e-01	   1.2766073607536799e-01	   4.4773601709145949e-01	   4.2147464787404554e-01	  -1.5149361497674312e-02	   2.5019479803224659e-01	   2.9003112959296018e-01	   3.2379881689770834e-01	   4.7556036525442602e-02	   3.2777687378756060e-01	   4.6416721629651914e-01	   5.3659034258586102e-01	   1.4866459922251440e-01	   1.9739241416581507e-01	   2.8799219091628675e-01	   4.0002260701916470e-01	  -2.3211251820564111e-01	  -2.4724934878217542e-01	  -2.5239375393900193e-01	  -1.4634320617138261e-01	   2.3884987393288790e-01	   3.0778612168047592e-01	   2.9906028529535755e-01	   2.4124669516416483e-01	   4.0871225069299844e-01	   2.8262708710247375e-01	   2.6965775798193481e-01	   1.0694622540133996e-02	   2.3126518945806959e-02	   2.7657020630044788e-02	  -2.5719547537143445e-01	  -3.3006002350355684e-01	  -1.0542203966915022e-01	  -1.3635203128168735e-01	  -7.6538967244213413e-02	   1.9583631202786816e-01	   4.6661425046376659e-02	  -2.6921962449558395e-01	
   7.4358925571020373e-01	   5.6656804639036240e-01	   1.3681392116687158e-01	   4.0268206269575429e-01	   4.2133083320240344e-01	   6.1348027809358574e-01	   3.6817029745130547e-01	   6.4200091986494545e-01	   3.9758726219252716e-01	   4.8917485758834145e-01	   5.9957104064534783e-01	   0.0000000000000000e+00	   6.2938325117766558e-01	   8.6300789311461523e-01	   3.4746517006806987e-01	   5.1975545214047059e-01	   3.1398192381482826e-01	   2.4250674977458053e-01	   1.3227554937895394e-01	   2.6362200092003740e-01	   1.9383935123182511e-01	   1.5991383461236205e-01	   1.5970300054695502e-01	   3.4159001333045758e-01	  -6.9356614169614125e-02	   1.2188133612816912e-01	   5.0623786874881924e-03	   1.0768101723945765e-02	   5.0553145136256672e-01	   5.5979190363578746e-01	   1.9210762187823621e-01	   3.1375104040617768e-01	   3.3484159086587928e-01	   4.8999931696666443e-01	   1.3489532929666836e-01	   2.1810690661274923e-01	   1.6898313152742162e-01	   2.1822381392623563e-01	   1.7393806466007170e-01	   2.2669411903599729e-01	   2.6479872481404487e-01	   2.5048980325798492e-01	   1.8492504160640022e-01	   8.0942328799940816e-02	   1.6722066995169349e-01	   2.2486495026751546e-01	   3.0757388116843309e-01	   2.6233244205048323e-01	   4.0239405025514041e-01	   4.3401680300995799e-01	   5.4910774291957476e-01	   5.0402117771128974e-01	   4.7265319538150113e-01	   3.3554632872074130e-01	   3.9991446514842988e-01	   3.8307888388230166e-01	   2.2838026658238764e-01	   9.2308146616270459e-02	   5.8332129761331764e-01	   4.9899349954215166e-01	   4.3800113616180031e-01	   6.6070115840847055e-01	   3.7131744312552650e-01	   4.1954209340477855e-01	   1.9036752625945261e-03	   1.9333857298590351e-01	   2.7681209750678964e-01	   4.8129177173545012e-01	   8.9084909153122841e-03	   7.9249943535742634e-02	   3.3435324026179231e-01	   4.4827354017067034e-01	   4.4857200389550189e-01	   4.9711743911071604e-01	   2.9833789648397141e-01	   4.3248023800247581e-01	   2.4326539694735660e-01	   3.4810944633699731e-01	   1.7735220827876630e-01	   8.8651865622625392e-02	   3.8179331904663066e-01	   2.4796569337790120e-01	   2.3953498390138023e-02	   2.3202404386513073e-01	   1.2648228327756383e-01	   6.9087551410379686e-02	  -9.6221833308675050e-02	   1.8732284996112503e-01	   2.7123506314655399e-01	   4.8102259494749655e-01	   3.3759823726335847e-01	  -1.4610879584006481e-02	   2.6971584286610689e-01	   7.0808677841189105e-02	  -8.7848152649654135e-02	  -5.8175122030534196e-02	  -1.1324328422061417e-01	  -4.9196749576643176e-02	   3.0907401572450438e-01	   2.7153733379435774e-01	   3.1226482372081604e-01	   8.7288970141442233e-03	   2.6430070256523996e-01	   1.1885466353875063e-01	   2.5872316148344631e-02	  -1.7113556888118475e-01	   2.5519397123595806e-02	  -3.7636671966137569e-02	  -5.0261385230076651e-02	  -7.3422811837893495e-02	  -1.1149608638497921e-01	  -8.7606706246673882e-02	   1.1344445380833515e-01	   9.1671622714234291e-02	   5.3374323967816231e-02	  -6.9984178100188643e-02	
   5.3675006567306360e-01	   1.7084443996090309e-01	   3.5620828307378771e-01	   3.2125955763974617e-01	   3.9543106932387057e-01	   5.2635254677749543e-01	   6.8451079087726452e-01	   7.1090374797472966e-01	   5.2083749336642149e-01	   5.1267567374599476e-01	   8.4609272053786033e-01	   6.2938325117766558e-01	   0.0000000000000000e+00	   7.9411189379784508e-01	   5.1467086755080838e-01	   5.6929879959968888e-01	   2.5222269875884523e-01	   1.3902521882203128e-01	   1.9089754109469326e-01	   2.7930882934626700e-01	   3.5357519477352488e-02	  -2.0764638995010701e-02	   5.6152971132319540e-02	   1.6459296133349929e-01	  -2.1473975776376597e-01	  -1.0965054420669423e-01	  -9.5323771600377735e-02	  -6.8577132699315285e-02	   3.1838978081785185e-01	   3.3240228055384408e-01	  -4.3670788799641341e-02	   6.4242284265131677e-02	   1.7652861804052436e-01	   3.0444232792466125e-01	  -2.5614691676305160e-02	   1.5650270385725976e-01	   1.8518965227898504e-01	   2.0172637172630675e-01	   2.2080870944637249e-01	   2.5753266510798328e-01	   2.4694963253564373e-01	   2.4121361594098123e-01	   2.0242768609721057e-01	   8.0993881882868046e-02	   1.2177822187037350e-01	   2.1509244250102966e-01	   2.2775479725187803e-01	   2.5378942194203868e-01	   1.6633288570974070e-01	   2.2798881583386849e-01	   1.9284167456900517e-01	   1.8407215997136178e-01	   1.6614159246662902e-01	   7.9785045479925723e-02	   5.1946964340174140e-01	   3.9317203078755969e-01	  -9.3242474325350381e-03	  -1.0859531813916205e-01	   3.2710414176205238e-01	   3.8958486459999324e-02	   5.1980791670229831e-01	   5.0422950110831788e-01	   4.5562012393860707e-01	   3.8958952561900939e-01	   3.1206376306712625e-02	   3.3817809358100215e-01	   2.4334350036381858e-01	   3.8880985939823409e-01	  -1.6150385362663860e-01	  -2.9558556291915158e-02	   3.8794811722694167e-01	   3.7704110777450955e-01	   3.6194333177798310e-01	   2.9163981843284453e-01	   1.5443236882673503e-01	   1.0135790548231688e-01	   2.4804499769843641e-01	   2.9520389085225951e-01	   1.9367662464650753e-01	  -4.4732352471988764e-02	   2.4641411766290103e-01	   1.9579867342372370e-01	  -2.1530792822452363e-02	   1.9616725274658844e-01	   9.8352363992959699e-02	   1.9716339680588252e-01	  -8.1976894602619615e-02	   2.6596648305715820e-01	   4.6386534821167080e-01	   5.4416840016831802e-01	   3.9726134601001450e-01	   2.6353634062998016e-01	   4.6812304683307548e-01	   4.4556880802259247e-01	  -8.5923396486901144e-02	  -5.7761771709436575e-02	  -1.0069005032894038e-01	  -3.9771568438563547e-02	   2.6996542983485422e-01	   3.6809170069298436e-01	   4.5574125583946173e-01	   3.4820827026782003e-01	   4.5037395612235148e-01	   3.3962899842645955e-01	   3.9474976589270183e-01	   7.1411651948233373e-02	   1.5640504804311639e-01	   1.6324274435677510e-01	  -1.9359757307368880e-01	  -2.0026038268525961e-01	  -4.2526241323214392e-02	  -4.8971739134748324e-02	   3.9516137384902117e-02	   3.0589883242952909e-01	   1.1661405068700184e-01	  -5.5420427007282447e-02	
