   0.0000000000000000e+00	   5.1185764924582156e-01	   3.2459062861478050e-01	   4.2555153251626776e-01	   4.2613142197493947e-01	   3.2400468565385843e-01	   3.3719303103006770e-01	   4.1229847343175219e-01	   3.6712319353674433e-01	   3.9356103972138196e-01	   5.6979900037184139e-01	   4.4723667691887620e-01	   5.4405738781256630e-01	   4.6045225633939191e-01	   5.2672469222713314e-01	   4.9002328739936529e-01	   2.7917209114823166e-01	   1.8332522827792214e-01	   4.7059602846530346e-01	   4.2873805485636651e-01	   9.0746397748246249e-02	   1.8051328553637197e-01	   1.2014571873305477e-01	   7.3005106473198203e-02	   2.4093714412053355e-01	   4.1385738483085610e-01	   2.2042892820120985e-01	   1.8534904466660285e-01	   3.3616563672005484e-01	   1.7272074927187547e-01	   1.6904449220331402e-01	   2.7918669924513129e-01	   3.7479443400109697e-01	   3.9956744922143694e-01	   1.6849234036162430e-01	   1.9850144126035896e-01	   2.7250914200535442e-01	   2.4227765580493926e-01	   4.3062184423597905e-01	   4.0360671522481895e-01	   1.9466066468274743e-01	   1.8285721404190561e-01	   2.6816564968125367e-01	   2.3794962934281227e-01	   3.1667558134516127e-01	   2.5716660616455739e-01	   4.8400180406300675e-01	   5.3472794405993751e-01	   4.0838612387742568e-01	   3.4526636198912009e-01	   4.1460873204037096e-01	   3.1023235987073433e-01	   3.3592170489074430e-01	   3.6753121818417139e-01	   5.4909976382285475e-01	   4.6118571829070298e-01	   7.9543047709258097e-01	   4.0768029202929978e-01	   5.4653632499589133e-01	   4.3616357064958089e-01	   4.8905233110718926e-01	   4.9763712514564584e-01	   3.2896628200264960e-01	   1.7695463442244003e-01	   1.1982332916178241e-01	   4.1313527285618146e-01	   2.4192868791049393e-01	   2.8317052114768998e-01	   5.0212011475047635e-01	   2.4946151379196024e-01	   1.3667863898602231e-02	   2.5609604459100838e-01	   2.7979728735652704e-01	   3.4475385112985418e-01	   2.0284244767534540e-01	   3.3454163109469809e-01	   3.9183213181548726e-01	   4.2616939879720839e-01	   3.5986109761869595e-01	   8.6760602168452619e-02	   3.4511794894907172e-01	   3.3431299875077070e-01	   4.5417778448458479e-01	   3.7741919374581301e-01	   4.2304616923571120e-01	   4.7828074423964861e-01	   1.9738071899358881e-01	   3.2590040232219442e-01	   6.1398185502417402e-01	   5.7610300631237932e-01	   3.5889883160182234e-01	   3.1360026530757484e-01	   3.6798793241443917e-01	   3.3171103488221598e-01	  -9.7365070073838406e-02	  -1.1733366388765100e-01	   2.0189347058199775e-01	   4.6791699979640211e-01	   4.5320981178872721e-01	   5.4143061025603290e-01	   6.8829127178108762e-01	   4.1240507690080924e-01	   5.2333967823558147e-01	   5.4156100264155183e-01	   4.1503490500467788e-01	   3.6753138401723062e-01	   4.9766592412005828e-01	   1.5271243806954823e-01	  -1.3277055780762922e-01	  -1.1463382254688281e-01	   4.8003082842566153e-01	   4.8533142193182344e-01	   2.8737650305896895e-01	   3.8609401171310131e-01	   2.2523851179477181e-01	   9.1779015241981815e-02	
   5.1185764924582156e-01	   0.0000000000000000e+00	   2.8053493244687516e-01	   3.0189781349254030e-01	   1.9735336379475699e-01	   6.9057868434677191e-02	   3.0876877325555130e-01	   2.5915446785394630e-01	   2.0088839383026269e-01	   2.6820191603905608e-01	   4.3957085703918131e-01	   3.3430333774476129e-01	   4.2044220369031643e-01	   2.3098508053504652e-01	   2.6775163532709556e-01	   1.9282004649376283e-01	   3.1642676214999871e-01	   5.4373835654714242e-01	   4.6194616026906943e-01	   6.8645919911003683e-01	  -1.5061667542700050e-01	  -1.8036986281132161e-01	  -8.7552256149418778e-02	  -1.3262872565740919e-01	   1.6939358200425123e-02	   7.4933100685673965e-02	  -5.8345109859041455e-02	  -3.2073113294192782e-02	   2.4595460814915798e-01	   3.0579465839645159e-01	  -6.3768097499512108e-02	   2.1500771344871605e-02	   3.2060160247921993e-01	   4.5974597580315280e-01	   1.2688047719306200e-01	   2.4844827609709363e-01	   5.1449338691527867e-02	  -8.3690878858921514e-02	   6.8924208694894712e-02	  -1.1029998906851268e-01	   3.5693935055112098e-02	  -1.8563960910848165e-01	   3.5282914410832417e-01	   2.7134508879874214e-01	   3.4770205374932250e-01	   2.1987627466581178e-01	   5.1572074033675985e-01	   4.3155443353232381e-01	   3.4235324234236442e-01	   2.2129677861908131e-01	   3.4184450877678257e-01	   1.7075253103852944e-01	   3.0051107899232715e-01	   3.0549575003823859e-01	   4.5098643008903239e-01	   1.7143909392746476e-01	   4.3056648379797124e-01	   7.6497400407741778e-01	   4.1371031741562980e-01	   3.6829778208270103e-01	   4.0704459186018921e-01	   2.5926485819802469e-01	   3.9462400668704417e-01	   3.6935092716795670e-01	   1.7596725861956908e-01	   2.7715848001189836e-01	   3.1434024026099427e-01	   2.7885589356723667e-01	   4.9654584254584133e-01	   3.7829052482903680e-01	   1.1966840150892670e-01	   2.3300666476976664e-01	   2.6312305387967505e-01	   4.9087195487209251e-01	   1.4592377803278456e-01	   3.7387795971300375e-01	   4.3789767865935203e-01	   5.0019027552648621e-01	   1.3914985445679562e-01	   3.3903548757027258e-01	   3.5720678255900629e-01	   4.2347935791272173e-01	   2.1934574706016344e-01	   1.5993331644899608e-01	   3.7864890630217507e-01	   2.5528241655307166e-01	   2.5227960177461323e-01	   1.7973915119795694e-01	   2.9155023614629733e-01	   3.2951966807401439e-01	   2.9447214838805263e-01	   2.4046320850655917e-01	   1.7137601299225491e-01	   2.6963578964237267e-01	  -5.1953443724630025e-02	  -1.8201243698414921e-01	   5.2340305185435243e-01	   8.0536340407351928e-02	   4.9624812671816709e-01	   2.3980799879102230e-01	   4.2548920453966566e-01	   2.2490151776482986e-01	   6.1834685525560806e-01	   2.8980774153049882e-01	   2.2612541516769602e-01	   5.2001690139256172e-02	   3.5555639444356735e-01	   3.3679764357386005e-03	  -3.5849388785267583e-02	  -9.8026503102574165e-03	   5.2643284528964396e-01	   4.6285841241500097e-01	   3.3581205879746001e-01	   3.1520462352247769e-01	   4.8758859196348814e-02	  -2.0775656968815163e-02	
   3.2459062861478050e-01	   2.8053493244687516e-01	   0.0000000000000000e+00	   7.2355270053658183e-01	   3.6845863732937861e-01	   2.7900348548299003e-01	   8.5032297603053353e-01	   5.9839976671808792e-01	   4.5339287978363796e-01	   3.5313977871792124e-01	   3.3101645226690518e-01	   2.2641671079964865e-01	   4.6623643447661184e-01	   4.3193014085514003e-01	   5.1825697391558534e-01	   5.3032487066017897e-01	  -1.5195728421242979e-01	  -1.8688545822149197e-02	   1.6321672142649338e-01	   1.9755884284043324e-01	   1.8299001352723798e-01	   7.1161041409422754e-02	   7.2186290206818648e-01	   7.3528324860008554e-01	   5.1543065210561367e-01	   5.2297259931615447e-01	   4.9512162769842305e-01	   3.5653065571803366e-01	   7.5852312259785143e-02	   1.0784537717160265e-01	   6.8104876339200948e-01	   6.9985254393493113e-01	   5.4555927303756269e-01	   5.4724352754017747e-01	   6.3734071697718331e-01	   4.8008790786137967e-01	   2.5823765524792408e-01	   2.2808753088475281e-01	   4.9303459251610393e-01	   2.2416361597852083e-01	  -1.8900457645493196e-02	   9.6642388063203181e-04	   2.9264746310618130e-02	  -3.5847931348016698e-02	   1.8122782187473746e-01	   5.8023635805473296e-02	   2.4713504846693851e-01	   1.4164090821980249e-01	   2.2569729875729494e-01	   2.0828014608561332e-01	   4.3193123777027498e-01	   2.8650431432307671e-01	   1.8117885365793898e-01	   3.9777262220418985e-01	   4.9800562033219659e-01	   2.5294032890750384e-01	   2.0994508385991989e-01	   2.3571180474660536e-01	   4.5579306093693928e-01	   3.5388610750118765e-01	   6.4074395543587748e-01	   5.0558493678483818e-01	   4.6205189978985017e-01	   3.4777951497274007e-01	   7.1950755742337491e-01	   6.5174027041627580e-01	   6.4888069335640086e-01	   4.7107893185300026e-01	   5.3878330664535429e-02	  -1.5871818526664394e-01	   3.1635404557978908e-01	   4.1415610628864069e-01	   3.3622861587724673e-01	   2.4218865588263255e-01	   3.9948582786712472e-01	   3.6370206410818479e-01	   4.5664274434518759e-01	   3.7427310903282007e-01	  -6.5715852610299497e-02	  -7.9689629932314543e-02	   2.0886009914568071e-02	   3.3429744213705759e-01	   4.5279364306519898e-01	   4.4593134731560469e-01	   7.3250623769296896e-01	   7.5714848380177813e-01	   5.6081178180673752e-01	   6.9190008924345492e-01	   6.3818103681723160e-01	   6.5451954074969299e-01	   5.8468064774389039e-01	   5.5426337384194757e-01	   6.3633713821157789e-01	   4.8535674060681927e-01	   2.4980052620883542e-02	  -1.6269095642081127e-01	   2.0008958981496788e-01	   4.8825273776312510e-02	   4.0800598926972731e-01	   2.6253690689705489e-01	   5.5585066441850794e-01	   3.0109921577658261e-01	   3.7201749790409627e-01	   3.4153677988076214e-01	   4.5460235698270407e-01	   5.9283966206373062e-01	   4.3527446896346644e-01	   2.6449542587909264e-01	  -3.5213042310117439e-02	  -2.2900452632774965e-01	   2.3831961343102598e-01	   1.6042580040802146e-01	   1.4542691310328343e-01	   3.3482698081729068e-01	   3.9924356489427026e-01	   2.2167425395246465e-01	
   4.2555153251626776e-01	   3.0189781349254030e-01	   7.2355270053658183e-01	   0.0000000000000000e+00	   5.5974638673517352e-01	   6.5180936411854440e-01	   7.8507569114915787e-01	   9.2044408501139596e-01	   6.3965279130727037e-01	   6.8884915514637213e-01	   5.1936993264663178e-01	   6.8578240960928005e-01	   5.3959090078363137e-01	   6.8293885243404784e-01	   5.6796809974200535e-01	   7.0971080903239470e-01	   2.3094795658961076e-01	   2.6107325693139716e-01	   3.3411843827677146e-01	   4.1141555344389147e-01	  -4.1566106955337806e-03	  -3.4257585011240294e-02	   3.9875986994010881e-01	   5.8822523872438814e-01	   3.4503860204903725e-01	   4.8846175064161335e-01	   2.7344693235200990e-01	   1.3710115768707176e-01	   3.3557023190010948e-01	   3.4019924264632534e-01	   4.4537958904295544e-01	   5.9156809701685009e-01	   5.7012149079054320e-01	   6.1329769814695401e-01	   2.7280925697401109e-01	   3.1899947148114050e-01	   9.7225769493476805e-02	   1.4702126573599503e-01	   2.5415788827169428e-01	   3.0813628883098076e-01	   5.2761642112191268e-02	   7.1007484012922159e-02	   8.0510828092469261e-02	   5.4838057070981605e-02	   5.8060100370905379e-02	   7.5239956270211489e-02	   3.3967503531725429e-01	   2.9158073323710321e-01	   2.5963073711201679e-01	   2.8459535930498459e-01	   4.9697873261044945e-01	   3.7785323720465058e-01	   1.5744957669640725e-01	   4.1444633548860982e-01	   4.9080115212656927e-01	   2.6482074821698998e-01	   3.3298360339666766e-01	   4.1191081080962988e-01	   6.0130676602186095e-01	   6.6631453590189271e-01	   6.8582317163139805e-01	   7.8380355865568840e-01	   5.9394582148545294e-01	   6.8215428899280217e-01	   3.6720100747747736e-01	   7.1936495726615624e-01	   5.3069059247106165e-01	   5.7457449779254266e-01	   6.9988072163431128e-02	  -9.3734520164090000e-03	   2.5268069544191057e-01	   3.5696851720224410e-01	   5.6717186112535922e-01	   5.2604216713767671e-01	   5.6533785921320545e-01	   6.1320105066308384e-01	   4.7643517458171725e-01	   4.3688723101035626e-01	   1.8820600659100256e-01	   4.9963833328116837e-03	   2.4035495088035380e-01	   2.2879943409924847e-01	   4.9503736206220433e-01	   3.5359208249320551e-01	   5.4725950025404768e-01	   7.4686195117037801e-01	   2.5027637872911113e-01	   4.6138713436477063e-01	   6.6424401590222648e-01	   8.0183308041356005e-01	   5.9246487164307882e-01	   4.7490908445887847e-01	   7.0435422223993593e-01	   5.4679338405065692e-01	  -1.1644912534032745e-01	  -1.2732791638655408e-01	   2.1514990871673667e-01	   1.6434813980594948e-01	   5.2043050692122350e-01	   3.1185145765650979e-01	   7.4940069732118419e-01	   5.6630127516927053e-01	   5.6737773284539894e-01	   5.9334147276105997e-01	   2.2332196392732317e-01	   4.2944708495727385e-01	   4.3156969151956248e-01	  -3.4463996898380408e-02	  -1.5221768171178737e-01	   3.2038762370982334e-02	   4.2808518235236898e-01	   3.2007701950210665e-01	   2.4990097587117813e-01	   3.2416980859743322e-01	   1.6264398398911944e-01	   1.1144614918748394e-01	
   4.2613142197493947e-01	   1.9735336379475699e-01	   3.6845863732937861e-01	   5.5974638673517352e-01	   0.0000000000000000e+00	   8.0710750818723009e-01	   5.3427166225255229e-01	   6.4485970566240314e-01	   8.4527886500906257e-01	   7.4401604000692378e-01	   4.8000904060177302e-01	   4.9351917983808585e-01	   5.8149178791091383e-01	   5.2273651262825149e-01	   5.7985420666631138e-01	   5.7665208643393462e-01	   1.8479527805541690e-01	   1.1109643793771165e-01	   2.8874705577816423e-01	   2.5052499892424551e-01	   1.7937740431861696e-01	   2.2849701649116178e-01	   1.2125005447088127e-01	   1.8119540064771716e-01	   4.0622101685611478e-01	   4.8039221565806661e-01	   4.6072904658800945e-01	   3.5954978445737085e-01	   2.8743154371453777e-01	   2.1349359384146271e-01	   2.3225913900702122e-01	   3.1247175465062915e-01	   4.0241616957344023e-01	   3.7980975089760916e-01	   2.2954084939047814e-01	   2.7413041248383185e-01	  -1.0284620233623223e-01	  -6.3577199433588361e-02	   1.7315913239617373e-01	   2.4705405368153718e-01	  -8.6981958146248373e-02	   1.2395278775082461e-01	   1.6593796008467082e-01	   7.0702388011550585e-02	   1.4190978773467938e-01	   7.8786162727548001e-02	   4.1107477185297558e-01	   4.0447293936926482e-01	   3.7356861445158812e-01	   1.5280274223502482e-01	   3.6774851162183875e-01	   8.6286003934478467e-02	   2.0890796206915446e-01	   3.6432668403685947e-01	   3.2944623676135565e-01	   2.5288655177035940e-01	   2.8323680958316017e-01	   2.3220833634693916e-01	   5.6419436784459454e-01	   5.5307858588006897e-01	   4.8486473100800831e-01	   5.1124010913313667e-01	   3.5434807349766562e-01	   2.7824033927974007e-01	  -1.0780461140169691e-03	   3.9860493372400113e-01	   3.8512562441737763e-01	   4.2176991669613179e-01	   1.8832309363615862e-01	   8.1277472338240536e-02	   1.2787974450488832e-01	   2.5992268972236199e-01	   3.5840711095665650e-01	   3.1325800706412887e-01	   3.5649964417155611e-01	   4.1634051916437276e-01	   2.2341986200667588e-01	   2.6828148400813917e-01	   1.8314596482181014e-01	  -2.7782305299153886e-02	   3.4308596272624797e-01	   1.1560548599813592e-01	   4.0253082242810934e-01	   3.1469864603675352e-01	   2.3427095361139849e-01	   3.6199869902899062e-01	  -1.1964192206734356e-01	   1.1077414110792758e-01	   4.7663495533170874e-01	   5.0387038218402869e-01	   5.2131306308286640e-01	   5.0073764567353229e-01	   6.4519064619174860e-01	   5.4550487671910863e-01	   1.0107592330567058e-01	   1.2795379024245565e-01	   2.8873261399948680e-01	   2.6173372947874279e-01	   3.8054847982478013e-01	   3.7194618479230424e-01	   5.8832722066780541e-01	   4.6870151513329955e-01	   4.3449463467226829e-01	   4.4571602776386693e-01	   2.2229594729859309e-01	   3.0658155883716570e-01	   2.5096487577050297e-01	   6.1325703215079241e-02	  -1.1797584551088701e-01	   9.0192632394279409e-02	   4.9891224893730257e-01	   4.3408499769101139e-01	   3.5364451465377100e-01	   2.0341712612173760e-01	   1.4867270605485172e-01	   1.2696969660117749e-01	
   3.2400468565385843e-01	   6.9057868434677191e-02	   2.7900348548299003e-01	   6.5180936411854440e-01	   8.0710750818723009e-01	   0.0000000000000000e+00	   4.1468686207801841e-01	   7.4835605042933118e-01	   6.8875067861328843e-01	   7.9917973374114581e-01	   4.7976270017901496e-01	   5.4067289901393234e-01	   4.7913692872009506e-01	   5.6332430784574228e-01	   5.5450725841149962e-01	   6.2839687497928143e-01	   1.1377514120658028e-01	   3.1506734891320873e-02	   3.3037377257743789e-01	   2.0853669716917139e-01	   1.7215309791166908e-02	   1.4626578995387485e-01	   1.1983200741513877e-01	   2.6427123400204122e-01	   3.0881957860673009e-01	   4.4106676182649041e-01	   3.8713106008634740e-01	   3.4890927989852927e-01	   1.6752067926720896e-01	   1.4197285767282372e-01	   1.3805814755383036e-01	   2.8637858383756165e-01	   2.5423316062104595e-01	   2.5834338025756792e-01	   6.2328248697421998e-02	   1.5564955807769348e-01	   4.1434290187548482e-02	   1.0823027843992258e-01	   1.2111947345906018e-01	   3.8103340971601313e-01	   2.2103639189695434e-02	   1.5227798694631808e-01	   2.7301348558964411e-01	   2.4411410771920769e-01	   1.5793526656553331e-01	   1.9118299977922099e-01	   4.6664190717411658e-01	   5.1139357835347643e-01	   4.2335140450584707e-01	   3.4654433588496836e-01	   3.5150325970084939e-01	   1.9551413948552021e-01	   1.2294063071112565e-01	   3.5536502417146953e-01	   3.3760352095330226e-01	   3.8065168393739846e-01	   2.4858594982129911e-01	   1.2733858013507443e-01	   4.9143552093745513e-01	   5.8080024963121679e-01	   3.9758625884694365e-01	   5.9675834931707117e-01	   3.0204383763482212e-01	   3.0348575746001749e-01	  -7.9075979663489102e-02	   4.0716421447167206e-01	   2.8948800824050047e-01	   4.2546301225116234e-01	   1.2222912810742927e-02	   1.4045739089714862e-02	   2.0231119648401244e-01	   3.0596500077126432e-01	   4.2488142343972984e-01	   3.2362596169334779e-01	   3.7265150355582355e-01	   4.2560627326477701e-01	   2.5772576123729379e-01	   2.7369959425398327e-01	   1.2627175492880155e-01	  -8.5349616160433892e-02	   2.2532336963693481e-01	   4.2296423551891733e-02	   4.7265645154444091e-01	   2.2643371522647199e-01	   2.1700926762257161e-01	   3.3684586844632214e-01	  -1.2153687606499181e-01	   2.0456168748174047e-01	   5.1672851613210757e-01	   5.6726607394737738e-01	   5.5728268242593515e-01	   4.8154176611201344e-01	   6.3272764493050748e-01	   5.3074862851869420e-01	  -1.4322160142498465e-02	   4.4696691923305401e-02	   1.3521968311887222e-01	   2.2118245296729075e-01	   4.1104977909128548e-01	   3.6662748138263018e-01	   5.5406423691770179e-01	   5.2337167837273912e-01	   3.8258896699707368e-01	   5.0976954668035412e-01	  -6.3653866874888087e-03	   2.4895365574382800e-01	   1.5035586248569752e-01	  -1.6623354523585401e-01	  -2.6470158654880133e-01	   1.1734177283065765e-01	   4.6998759445626498e-01	   4.2937098956235265e-01	   4.1952357939473156e-01	   1.3768517430338198e-01	   6.9679750397568324e-02	   9.4158970822883714e-02	
   3.3719303103006770e-01	   3.0876877325555130e-01	   8.5032297603053353e-01	   7.8507569114915787e-01	   5.3427166225255229e-01	   4.1468686207801841e-01	   0.0000000000000000e+00	   7.9383706159921474e-01	   6.9968702041029363e-01	   5.3534176143936030e-01	   3.8987892119892908e-01	   4.5322785867877363e-01	   5.4494292042110526e-01	   6.0359559721042466e-01	   5.3124468247615342e-01	   5.9487038726663888e-01	   1.0808917932993467e-02	   7.4765929223030908e-02	   7.1764156186050060e-02	   2.4752141068656580e-01	   2.2660660797228036e-01	   1.3123420122789556e-01	   4.5849446841613761e-01	   5.3557079316744072e-01	   4.5936443781113090e-01	   4.9899640317666610e-01	   4.0249901244300085e-01	   2.9382715037370460e-01	   2.2308610108959953e-01	   2.5214170642103850e-01	   6.0083378210267235e-01	   6.6904783483182506e-01	   6.5548007407955000e-01	   6.4322945270329335e-01	   4.6295027290349466e-01	   4.1702822873580242e-01	   1.3919447962261883e-01	   1.0820920294583314e-01	   3.8441887238315553e-01	   1.6965993559045678e-01	   5.4143850363850193e-02	   6.2118574097090873e-02	   2.1323173728967117e-02	  -8.7689464960082397e-02	   1.0479338793889453e-01	   5.4454822695269699e-03	   3.0860660299691367e-01	   1.3550533641250362e-01	   2.3602088312282116e-01	   1.4364955448869507e-01	   4.7597577885385056e-01	   2.3356556898872255e-01	   2.0784322382275738e-01	   2.8275798663046126e-01	   4.8696378992859546e-01	   1.5597785841087558e-01	   1.9525701950265359e-01	   3.3197965652992101e-01	   6.5905718831888604e-01	   5.4312365283597630e-01	   8.4545726757062500e-01	   7.2065770731789003e-01	   5.7700188841592648e-01	   5.1660252548109153e-01	   6.3564675944307591e-01	   7.5135472913060231e-01	   6.6579716308060699e-01	   5.3030622715664477e-01	   6.9750000214929733e-02	  -6.9548064624162187e-02	   2.9433363706453503e-01	   4.2893158358116784e-01	   5.2800635531961271e-01	   4.3696212906183773e-01	   5.4627479077392460e-01	   5.4081735072078574e-01	   4.8424351015258676e-01	   4.5885142555950120e-01	   2.3574010665384296e-02	  -5.5445518364088786e-02	   1.0025815443160123e-01	   2.5095098583884445e-01	   3.3764682785198047e-01	   3.3541996313030487e-01	   6.1005007593502403e-01	   7.2290069215406483e-01	   2.8214980479033974e-01	   4.0379929424023492e-01	   6.5118761885077192e-01	   6.8384966533682845e-01	   6.0241609781817418e-01	   4.8283817682429819e-01	   7.1614544976412198e-01	   5.3269182500094259e-01	   1.1130049769909103e-01	  -3.9438106329310524e-02	   3.9174237351740737e-01	   1.3638609714855043e-01	   4.8706873728518618e-01	   2.9957254264293109e-01	   6.6011078279371238e-01	   4.4185046009048140e-01	   4.8873193561031913e-01	   3.9398537949143225e-01	   4.5473629563227141e-01	   6.1320569169685502e-01	   3.5741069797081798e-01	   2.1501481646203960e-01	  -1.8866169141886456e-02	  -4.7282260824409714e-02	   3.9874465342946691e-01	   2.7453123220442360e-01	   1.9993066130175630e-01	   4.1884369383151249e-01	   3.9334974320058808e-01	   1.9821207238629823e-01	
   4.1229847343175219e-01	   2.5915446785394630e-01	   5.9839976671808792e-01	   9.2044408501139596e-01	   6.4485970566240314e-01	   7.4835605042933118e-01	   7.9383706159921474e-01	   0.0000000000000000e+00	   7.4673084246016197e-01	   7.7830095102170838e-01	   5.7365703672407875e-01	   7.4619394578308862e-01	   6.3731606601146717e-01	   8.1993807840834798e-01	   6.3069259644027209e-01	   7.5963366452113879e-01	   1.7167766981483054e-01	   1.7463706107341914e-01	   2.6457642022205391e-01	   3.1618755499111267e-01	   2.8465657028258678e-02	   4.7967024098227624e-02	   2.5203174330461775e-01	   4.3697514201889276e-01	   2.8116305031653283e-01	   4.3246596662145398e-01	   2.7031551842767776e-01	   1.6523839817039887e-01	   2.8018863557687879e-01	   2.8453313066868968e-01	   3.6156004645818729e-01	   5.2828747522382746e-01	   5.1433184978154245e-01	   5.5144989533120115e-01	   1.6184886684423944e-01	   2.5976670309396921e-01	   7.6864600947980782e-02	   1.4833969022677865e-01	   2.2224590291221483e-01	   3.2923131409991968e-01	   6.0895863698008298e-02	   1.0161665317279515e-01	   8.4561198987298802e-02	   3.8450907952892556e-02	   1.4599856722956821e-02	   1.6167752033422599e-02	   3.4996568373865711e-01	   2.9180300103226187e-01	   2.5355642407556878e-01	   2.3232801688155752e-01	   4.2806407743615710e-01	   3.1576192290149907e-01	   1.1954704483377082e-01	   3.3654975013269767e-01	   4.8721212987801898e-01	   2.5894092498864973e-01	   2.6015282193088951e-01	   3.2952883940818950e-01	   6.5417469668582473e-01	   7.0003169878545390e-01	   7.6459827155047910e-01	   8.7741732907240078e-01	   5.4345194769456517e-01	   5.8950688161705878e-01	   2.8684017945285445e-01	   7.1669833910560188e-01	   4.6116243901039100e-01	   5.0776997113569777e-01	  -2.3613525911654294e-02	  -2.5049183046168714e-02	   2.5775785750012670e-01	   4.0429379594505499e-01	   6.1503812966067284e-01	   5.6521917868331051e-01	   6.1948738499518463e-01	   6.7154604939364237e-01	   4.7850581002599313e-01	   4.6519819557408770e-01	   1.4555360106360254e-01	  -2.8399649683563424e-02	   1.8536531223513592e-01	   1.2873638145819835e-01	   4.1034454980003365e-01	   2.2218177922839241e-01	   4.5418712618974788e-01	   6.4436674638318847e-01	   8.1196290179918931e-02	   2.9785747212143049e-01	   6.8348983828565557e-01	   7.9040173035062544e-01	   6.1466440995097804e-01	   4.5938321226484136e-01	   7.3875096231384463e-01	   5.4141357105263455e-01	  -1.0502398435411894e-02	  -2.1200392421751417e-02	   3.2547152949135244e-01	   1.9967594814917067e-01	   5.4759082871706410e-01	   3.6500496132779359e-01	   7.6252186410327705e-01	   5.8349936573203309e-01	   5.6531157186232761e-01	   5.3969780069863460e-01	   1.7564928121232409e-01	   4.7566386181988818e-01	   3.1703246508524491e-01	  -9.1578662929532872e-02	  -1.5741574323879087e-01	   1.1452094660567608e-01	   5.3395177784360903e-01	   3.8800371333176675e-01	   3.1640542136385524e-01	   3.2486877772887135e-01	   2.2170463554017422e-01	   1.1656700013983340e-01	
   3.6712319353674433e-01	   2.0088839383026269e-01	   4.5339287978363796e-01	   6.3965279130727037e-01	   8.4527886500906257e-01	   6.8875067861328843e-01	   6.9968702041029363e-01	   7.4673084246016197e-01	   0.0000000000000000e+00	   8.5729800772453257e-01	   5.0135845636207776e-01	   4.9765183339383123e-01	   6.1087153604049227e-01	   6.0270657221064838e-01	   6.7796733651301921e-01	   7.0340648898729197e-01	   1.3801746397239067e-01	   1.0412855313063815e-01	   5.9625519099092091e-02	   9.8274852063874762e-02	   2.2380431039917306e-01	   2.5244002000964116e-01	   1.9462575617173961e-01	   2.9660125693950801e-01	   2.9320462170719569e-01	   4.3495282091713816e-01	   4.0627505754456306e-01	   2.7441166433937897e-01	   2.2146456930093550e-01	   1.9046167548931731e-01	   2.4027134707515968e-01	   3.8525553279557928e-01	   3.7793059959511865e-01	   3.5153696786546818e-01	   1.3954753596640185e-01	   1.1029407881879569e-01	  -1.0238450544924321e-01	  -9.9232850284649454e-02	   1.5321959054042977e-01	   1.6244504833554393e-01	  -8.8505522552764865e-02	   4.8726894975013299e-02	  -7.1088712972440224e-02	  -1.4424729624864588e-01	  -7.0963924804932965e-02	  -1.2678065160526608e-01	   2.4872812802015298e-01	   2.4264638659091442e-01	   1.8699288125276614e-01	   3.9833433792457476e-02	   3.0737864867581610e-01	   1.4128343857326431e-01	   1.5812956904441722e-01	   2.6785807055041055e-01	   2.5984778526675600e-01	   2.0739051985068679e-01	   2.4627303664129807e-01	   3.5829940281027683e-01	   5.9130226421133969e-01	   6.3260699098664375e-01	   6.5379590211287364e-01	   7.0292184874365793e-01	   3.5907983371756513e-01	   3.2304020519877374e-01	   2.2640273173087100e-01	   6.0207062743238338e-01	   3.4999081739025983e-01	   3.4119011475538874e-01	   5.4718962638089633e-02	  -4.3454424702245989e-02	   2.1069609106080273e-01	   3.4060098229427460e-01	   4.5038016329521791e-01	   3.3768304454126719e-01	   4.5258553953446495e-01	   5.0370500212386582e-01	   2.8393420656660245e-01	   2.9706212906796736e-01	   1.5342078138963455e-01	   2.3195370787717162e-02	   2.2058449411719144e-01	   1.5160707857863004e-01	   3.0970147864512138e-01	   2.2609974857833695e-01	   3.3716817598351040e-01	   5.5599861728591282e-01	  -4.9438314048767827e-02	   1.3854242652382978e-01	   5.4074990322168359e-01	   6.0074792443482083e-01	   4.7564561945845257e-01	   3.9644286382158844e-01	   6.7772638652334760e-01	   5.1127914044727130e-01	   1.2695995784472566e-01	   1.9847243647216911e-01	   3.3871768932058022e-01	   2.6168034906444393e-01	   3.3363154272877860e-01	   2.9664138245483862e-01	   5.5432808393074251e-01	   4.1327354662471072e-01	   3.8092307268042047e-01	   3.9591340991591073e-01	   2.5307260894777672e-01	   3.3304114531019990e-01	   2.2935061522652417e-01	   7.9364902092071504e-02	  -3.4868657765192129e-02	   1.0777166402855309e-01	   3.9309879557083738e-01	   2.4598518947257769e-01	   1.2690285552779773e-01	   2.7716765909425978e-01	   1.9834067358244553e-01	   1.2424132170960887e-01	
   3.9356103972138196e-01	   2.6820191603905608e-01	   3.5313977871792124e-01	   6.8884915514637213e-01	   7.4401604000692378e-01	   7.9917973374114581e-01	   5.3534176143936030e-01	   7.7830095102170838e-01	   8.5729800772453257e-01	   0.0000000000000000e+00	   5.9921813763580611e-01	   5.4746304830835235e-01	   6.0469998243097778e-01	   6.4720212938208632e-01	   7.2866835821254283e-01	   8.3720838239158180e-01	   2.5066657603863873e-01	   2.0340645470962504e-01	   2.0059633475033736e-01	   1.5093802098393885e-01	  -3.1786525244826197e-04	   1.1180066591539083e-01	   1.6900634390065122e-01	   2.9034441238841091e-01	   1.4808446943215270e-01	   3.4924451224795083e-01	   3.0626421079705396e-01	   1.9168170285125397e-01	   2.6398228752812714e-01	   2.1697628005220088e-01	   8.6527609098865338e-02	   2.6867903221118794e-01	   2.5204782885729726e-01	   2.6783766482502341e-01	  -1.8890906959596436e-02	  -1.4665715078856103e-02	  -3.7030646369998831e-02	  -2.1926125233980756e-02	   5.6352378270564503e-02	   2.4603449016828849e-01	  -2.5383934029868362e-02	   9.5025442122093823e-02	  -1.3254947711374645e-02	  -2.9013994616012909e-02	  -1.1475013803842865e-01	  -1.0470697050839425e-01	   3.1304421094770107e-01	   3.4745604496935034e-01	   1.6182389676319942e-01	   1.0760539753728598e-01	   2.7336749195829346e-01	   2.4309682577926323e-01	   1.8020734473863456e-01	   3.3448648076092319e-01	   3.7664043489063553e-01	   3.6126934311136005e-01	   2.9063667418423711e-01	   4.2110130531531353e-01	   5.7127952594667741e-01	   7.1346853028955559e-01	   5.8191997196539502e-01	   7.6466765171448303e-01	   4.1325245643883346e-01	   3.4720082412475661e-01	   1.4944350825777142e-01	   6.3228749339645085e-01	   2.2056406605588896e-01	   3.0610203884550180e-01	  -6.5823277463514743e-03	  -8.7226961804117348e-02	   2.3583207953242830e-01	   3.7664084246711077e-01	   4.9913180144396740e-01	   4.5149274553156116e-01	   4.8443960274042208e-01	   5.7861624278819201e-01	   3.4128405416333590e-01	   3.6280899414314627e-01	   3.0561129332395415e-01	   1.7492526733895142e-01	   3.3189959218377990e-01	   1.8159999529529286e-01	   4.6965066198729299e-01	   2.2891391223326057e-01	   3.9184736242751050e-01	   5.4412609700099157e-01	  -4.7245231762679002e-02	   2.0777316197137458e-01	   5.7775250947476575e-01	   6.6713140769381019e-01	   5.0031168204700649e-01	   4.1315346932286701e-01	   6.4616514469046960e-01	   5.7799193362371848e-01	   2.4614086557500588e-02	   1.3611597056911462e-01	   3.5741910130494919e-01	   2.7766529129655937e-01	   4.3984310891872525e-01	   3.6584442979420895e-01	   5.8241341782215816e-01	   5.3524056344292392e-01	   4.7997447642678792e-01	   5.2996333316175226e-01	   1.2016067582521571e-01	   2.6784044671490281e-01	   2.1716270370353569e-01	  -1.2306114651058384e-01	  -9.9328389062253691e-02	   2.4662348992258928e-01	   4.6405637993456311e-01	   3.6475861600710824e-01	   2.0558438097806514e-01	   2.9777685624382771e-01	   1.4389580210034603e-01	  -1.6046925291991251e-02	
   5.6979900037184139e-01	   4.3957085703918131e-01	   3.3101645226690518e-01	   5.1936993264663178e-01	   4.8000904060177302e-01	   4.7976270017901496e-01	   3.8987892119892908e-01	   5.7365703672407875e-01	   5.0135845636207776e-01	   5.9921813763580611e-01	   0.0000000000000000e+00	   6.8650628119287749e-01	   7.5986551949692671e-01	   6.7117416579538935e-01	   6.8583628137189745e-01	   5.9203062394063566e-01	   1.9563240835262480e-01	   1.8337165947668901e-01	   6.0877792389995222e-01	   4.2680031305564292e-01	  -2.4149417390684408e-02	   5.4321633039605868e-02	   1.8084372663459786e-01	   1.8871907533430041e-01	  -1.6929674857139934e-01	   5.6181471942714171e-03	   1.2902810282544624e-01	   1.9544052387511619e-02	   2.8858730144523198e-01	   1.3449823060132707e-01	   2.3450000967606667e-02	   1.3783237209503596e-01	   1.5375954926173044e-01	   2.3507195886755641e-01	  -4.0703908557657285e-02	   7.6125712021945041e-02	  -4.1341782210941883e-02	  -3.8461794619727832e-02	   1.3171918175543859e-01	   2.0517072057711966e-01	  -4.6184396498087582e-03	   4.3494790061353171e-02	   6.4832250185646603e-02	  -4.9674307132649864e-02	   2.2600635397195382e-02	  -2.8157068469850860e-02	   3.7783396374076506e-01	   2.5641935815177885e-01	   2.5180935492330148e-01	   8.5143944590988063e-02	   2.9484818831655768e-01	   1.8386985959383831e-01	   2.3376811352308630e-01	   2.8669293915046956e-01	   4.4676326024522478e-01	   2.5644111169015732e-01	   1.6467663918835146e-01	   2.8545630496765806e-01	   4.4854396932478258e-01	   5.4714708900652409e-01	   3.9646676283603566e-01	   5.0906699586878612e-01	   4.6103833735723737e-01	   2.7714216060257874e-01	  -5.4018781086655074e-02	   3.9199726759274311e-01	   1.8570967261933360e-01	   2.3865845367031993e-01	   1.3415029429399900e-01	   6.3672956081783916e-04	   1.9584801637346419e-01	   2.8853407122539426e-01	   4.0409913427790367e-01	   4.2308547089300136e-01	   4.2990828019522215e-01	   5.7095331668170435e-01	   3.5573774833886596e-01	   3.6478107814090721e-01	   8.7836162155493058e-02	   7.2838861146744746e-02	   3.9529506072882686e-01	   1.5685593829860436e-01	   5.8404743994765596e-01	   2.7211316628150983e-01	   4.6430261329450295e-01	   4.3533697766423751e-01	   8.3007356578609845e-02	   2.8170860871467729e-01	   5.6100329913573521e-01	   5.6638682683498864e-01	   3.7139423521850035e-01	   2.9645267790747332e-01	   3.1877031989770149e-01	   3.0362584708099499e-01	   1.2316056348347416e-01	   1.0607032258995452e-01	   3.4273399964716655e-01	   1.8844235352200153e-01	   3.6068911464795850e-01	   2.3319488415327094e-01	   5.8112066962899167e-01	   3.0678877961562356e-01	   4.7646736879867463e-01	   3.6344291704827297e-01	   1.2677783247022262e-01	   9.9488976997804970e-02	   2.4332462721859413e-01	   1.3295100523768012e-02	  -1.1763157144079510e-01	   6.8667243919293880e-02	   3.8390542257054211e-01	   2.4129339821600629e-01	   8.3236538048953423e-02	   2.0707927476786087e-02	   2.2416687859867279e-02	   5.4239503522839093e-02	
   4.4723667691887620e-01	   3.3430333774476129e-01	   2.2641671079964865e-01	   6.8578240960928005e-01	   4.9351917983808585e-01	   5.4067289901393234e-01	   4.5322785867877363e-01	   7.4619394578308862e-01	   4.9765183339383123e-01	   5.4746304830835235e-01	   6.8650628119287749e-01	   0.0000000000000000e+00	   5.3470208264244723e-01	   7.5511460714950740e-01	   4.4281995699979371e-01	   5.2720632081841812e-01	   4.8161557106390618e-01	   4.6160174501786166e-01	   4.3587247954863850e-01	   5.1054824964531376e-01	   5.5403280685461131e-02	   7.8427215054187732e-02	  -6.6225466884424584e-03	   1.4321620351671627e-01	  -7.1687969867419210e-02	   1.1102649274457677e-01	  -5.0040671213533471e-02	  -1.2840123056415564e-01	   5.1861133242300883e-01	   4.7860615324595879e-01	   1.4166583074389708e-01	   2.7485339483572935e-01	   3.6986542374505332e-01	   4.3764098264714146e-01	  -1.6159499197611782e-01	   4.8445751396582568e-02	  -7.2762162086406318e-02	  -2.1140377917633368e-03	   8.0731932572910267e-02	   1.9613576749860051e-01	   1.0903968738376213e-01	   1.4053222481960384e-01	   5.0609891296056669e-02	  -3.4661903958252825e-02	  -1.0292645713680446e-01	  -4.0413725124764224e-02	   3.2334999845752349e-01	   2.1412815350536876e-01	   1.9762772900595868e-01	   1.7826465434819561e-01	   4.0057253916837832e-01	   3.3545924355565171e-01	   2.0894733756588213e-01	   3.3600876015414827e-01	   4.1841706219989244e-01	   2.4400295268943106e-01	   2.5762534897559691e-01	   3.8710494377730437e-01	   4.8475978851164681e-01	   6.2813663378842632e-01	   4.4960400835898962e-01	   6.0386892163675077e-01	   5.1893546526112910e-01	   6.3356231759082526e-01	  -1.3412453354943216e-01	   3.7689224913704994e-01	   2.0742571362695614e-01	   3.1698492921628002e-01	   1.6162625569716496e-01	   1.5258007516477920e-01	   1.9480340805205795e-01	   2.1982850428028672e-01	   5.7210927720249760e-01	   5.9951010211536182e-01	   5.2324329162611172e-01	   6.4522364746153182e-01	   3.4187420663388829e-01	   3.2727499973223168e-01	   2.4934347416675340e-01	   7.5906832287545689e-02	   4.1892881814818078e-01	   1.4792309964347386e-01	   3.4661690853043442e-01	   2.9822104113793979e-01	   2.6857288019790854e-01	   4.2157998135898356e-01	  -1.2013408399047840e-01	   1.4295576045001754e-01	   4.6217967191689013e-01	   6.0436366007920528e-01	   4.0951117721771069e-01	   2.5463559626342014e-01	   4.4660477191253967e-01	   2.4787688033184566e-01	   7.3223317748511135e-03	   6.6900168583134356e-02	   2.6307294027146705e-01	   3.1795633862404832e-01	   4.6444473195659230e-01	   3.3273311968089581e-01	   6.9240057937284161e-01	   4.5081535300526104e-01	   5.2896570411406119e-01	   4.6467023811069702e-01	   6.1018800887809789e-02	   1.5844887899667615e-01	   2.3379480220945364e-01	  -5.7782002713341343e-02	  -8.0638938575177677e-02	   1.6077796653597687e-01	   4.3822029069221236e-01	   2.8887470723645187e-01	   1.9669500465509637e-01	   2.0153254491455014e-01	  -4.8764878805114577e-02	   5.6630509880770639e-02	
   5.4405738781256630e-01	   4.2044220369031643e-01	   4.6623643447661184e-01	   5.3959090078363137e-01	   5.8149178791091383e-01	   4.7913692872009506e-01	   5.4494292042110526e-01	   6.3731606601146717e-01	   6.1087153604049227e-01	   6.0469998243097778e-01	   7.5986551949692671e-01	   5.3470208264244723e-01	   0.0000000000000000e+00	   7.4819737504853012e-01	   8.4136450548538710e-01	   6.5606661002203293e-01	   1.9673858796434397e-02	   8.1462295994922357e-02	   3.3897499694890265e-01	   2.5740749322082984e-01	   1.2314320134116197e-01	   1.9598596627754611e-01	   2.4898675402579640e-01	   1.7760394268714860e-01	   9.4210520650681931e-02	   1.6951505346324219e-01	   4.2715495290966904e-01	   2.7823156478548960e-01	   1.0734442532294777e-01	  -3.2910301285587001e-02	   1.5211127454958995e-01	   2.4063180471421070e-01	   2.5692836976741745e-01	   3.3626858657101022e-01	   2.3795124603890994e-01	   2.1029370471972536e-01	  -1.2456179319617155e-02	   1.5275857775638696e-02	   1.8244956403082807e-01	   2.1391923982168476e-01	  -2.1132657589037829e-01	  -4.7922506318882632e-02	  -2.6242881081142602e-02	  -8.6395927778003923e-02	   6.2667137615566018e-03	  -1.3957382700641696e-01	   2.5656552541958094e-01	   2.1046933008695118e-01	   1.4203471342140492e-01	  -1.9482335944448922e-02	   1.8266072440003739e-01	   1.3558063657147418e-01	   7.2102823046941433e-02	   2.6753266129941600e-01	   4.0181787979300509e-01	   2.2271539801269005e-01	   1.1833051974293232e-01	   2.7874197538755402e-01	   5.7268655360087117e-01	   5.5230724596979308e-01	   5.8991850100418797e-01	   5.8119221315625791e-01	   3.0466328999935421e-01	   1.9932137565328678e-01	   2.1903554543579862e-01	   5.3718969564222030e-01	   2.9594144331681405e-01	   2.0011262122558060e-01	   4.2779449595040046e-03	  -1.8614579552912899e-01	   1.2881312609637796e-01	   3.5549230990247682e-01	   2.7250838607496736e-01	   3.6782632333750109e-01	   3.3546222423834121e-01	   4.8929596020964816e-01	   4.6492012985759290e-01	   4.1429917153831097e-01	  -1.4942398964125692e-03	   4.1495859634302523e-02	   1.4527031458058320e-01	  -3.6391329066632193e-02	   4.2483930177939810e-01	   1.3800668805107272e-01	   5.2987461875458308e-01	   4.6962188002278638e-01	   1.0914886989533758e-01	   2.3508380003903789e-01	   6.3455438092265282e-01	   6.0689215659282048e-01	   4.2799157079516004e-01	   3.6730105177285727e-01	   5.0541663851323115e-01	   4.0422861428269119e-01	   2.4922461773281335e-01	   2.2379520333430175e-01	   5.0816665507857806e-01	   2.6360259635940508e-01	   4.2495683178754429e-01	   3.2694673474314989e-01	   6.7596834030804565e-01	   3.5973041295843711e-01	   5.3834624941337195e-01	   2.7540865370367518e-01	   2.7767815468486468e-01	   3.2021414241368795e-01	   3.7373103088821907e-01	   1.3006853081561384e-01	   5.1103376353360021e-02	   1.8614429079666103e-01	   5.1940513408367561e-01	   3.8724966172875591e-01	   2.4574554311049862e-01	   1.8868589353681886e-01	   2.5486252924850306e-01	   8.3841983431714173e-02	
