   0.0000000000000000e+00	   9.2362050863307044e-01	   4.7837778297196804e-01	   2.7773704121047671e-01	   3.2295253263215518e-01	  -6.5551459715483349e-03	   6.2661084661963029e-01	   5.1485049603262523e-01	   2.2059565399061759e-01	   2.3338149536467087e-01	   6.5138047928273834e-01	   2.1874536521468169e-01	   5.3786539681589263e-01	   2.4544357344839912e-01	   3.4003802965590679e-01	   3.4839039307226061e-01	   6.0600418096789799e-01	   5.1972473486809179e-01	   4.8836813676951074e-01	   4.6619885815049633e-01	   4.6267763812821594e-01	   5.2662500414248059e-01	  -6.1534941152456085e-02	  -9.7486797065738706e-02	   1.0307420216263832e-01	   1.3854514428262626e-01	   2.3871538660162972e-01	   2.0792144943677948e-01	   2.7786165023227299e-01	   1.0390373258813707e-01	   1.1238848675413071e-01	  -2.9637309313510843e-03	  -5.1561842935666136e-01	  -6.2996207640579649e-01	  -5.3287770826150038e-01	  -5.5486077615189333e-01	   1.4713365358725705e-01	   5.8658348121181225e-01	   5.2322367512820225e-02	   8.7681312866131955e-02	   1.8588944220124620e-01	   3.0495391373414671e-01	   1.0160496192316187e-01	   4.2972530778771367e-01	   1.7422144847067184e-01	   4.3048025607568569e-01	  -6.6817921860701984e-02	   9.5607786154937383e-02	   4.5259477926093494e-01	   4.3536938609109188e-01	   5.2348510963073858e-01	   4.8433688757051374e-01	  -1.2556911514866870e-01	   2.9316805588323369e-01	   9.5810473651821715e-02	   1.8214950723524714e-01	   8.9167879550052165e-01	   8.8756882980949947e-01	   7.6667001154925218e-01	   7.9284578730650346e-01	   8.6069935190382529e-01	   4.2425759511939998e-01	   7.6987869205415649e-01	   7.7428018007087918e-01	   6.0691674891811698e-01	   4.9763707698186910e-01	   5.3051485695156120e-01	   4.9188780189436687e-01	   7.7778736567762907e-01	   7.5820044814750209e-01	   3.2293091075877844e-01	   2.8491105161483066e-01	   9.4830508672102576e-02	  -1.4069106220404681e-01	   6.3333315464510515e-02	   3.6518380346977436e-02	  -2.8452395828443250e-01	  -2.8009328743275430e-01	   3.1365643491660045e-01	   1.8239864141698616e-02	   5.2529619745773970e-01	   4.5431817790943430e-01	   4.1132361778643850e-01	   3.3530556106685028e-01	   7.1680415345888704e-01	   6.5632444800651379e-01	   3.2402286912531963e-01	   4.1539998731528416e-01	   2.4218242102098597e-01	   2.8114412874793271e-01	  -1.7622031643026026e-01	   4.8581673741810112e-02	   1.3007511118827444e-01	   3.6415149294063959e-01	   7.0385706943257700e-02	   2.3043151825099017e-01	  -1.5451634294394615e-02	   3.1953696485195626e-01	  -9.1785762735542620e-02	   7.2385336215237935e-03	   3.7819765282526491e-01	   3.7414137547194271e-01	   2.9660021483689336e-01	   1.6296336874607503e-01	  -4.5029426030622222e-01	  -4.1419671319162965e-01	  -5.1038876808093259e-01	  -3.9501836081724651e-01	  -1.7292838013218353e-01	  -2.3839741105421536e-01	   2.2430531460575284e-01	  -1.6157149150605696e-01	  -1.6739668489467166e-01	  -1.1634448467966688e-01	  -1.4798069705107950e-01	  -4.2619493678750187e-01	
   9.2362050863307044e-01	   0.0000000000000000e+00	   4.0779655853903107e-01	   3.3145272661873443e-01	   3.6682136600556059e-01	   2.7642343019002640e-02	   4.9343431061281318e-01	   4.3994750146972411e-01	   2.5671482407989127e-01	   2.6821887459847571e-01	   6.0523925810584234e-01	   2.5519004272460177e-01	   4.5157715241552177e-01	   2.6696826506968224e-01	   3.3263238062794787e-01	   3.0846063869943924e-01	   6.1688780911782426e-01	   5.9455735016046218e-01	   4.7154562894587765e-01	   5.5677316746782224e-01	   4.5094453030614462e-01	   5.5288457044844874e-01	   2.2957398192029075e-03	  -5.2889087556325645e-03	   2.3941052673003799e-01	   2.6110462728815376e-01	   2.3778022528063683e-01	   1.6151405772268529e-01	   3.8987582370909679e-01	   1.9648682923876576e-01	   1.8987087226123134e-01	   7.0287995034837902e-02	  -4.6336993173948304e-01	  -6.2793534609869817e-01	  -4.3753696285256066e-01	  -4.4977257106536989e-01	   2.4170919826283102e-01	   6.0497416877502430e-01	   5.4786644856099867e-02	   1.3746545907960595e-01	   2.2249473345347889e-01	   2.9614494982511219e-01	   2.3043144860137041e-01	   5.8453351892630212e-01	   2.9377844569533290e-01	   5.5737301294114161e-01	   1.2104675433664411e-01	   1.4586043887944888e-01	   5.8473366332272447e-01	   5.9836423971273744e-01	   6.6850700124757512e-01	   6.4578630218999900e-01	  -3.0027678475215491e-02	   3.2361417999371073e-01	   1.3697041914534613e-01	   1.9503580040866914e-01	   9.4050218292270005e-01	   9.5463908269053188e-01	   8.1114910177662902e-01	   8.3957606355896308e-01	   8.4559614325688381e-01	   5.1199587019115900e-01	   8.5909951399519735e-01	   8.4913403292821821e-01	   5.5868327048105937e-01	   5.8307006745726109e-01	   5.9403381969338331e-01	   5.8914319023182515e-01	   8.7219003707107201e-01	   8.4546271895695557e-01	   3.2924315393471970e-01	   3.2175759415811589e-01	   2.0177341532636944e-01	  -5.3360690935781926e-02	   2.1147770593046955e-01	   1.1835249963307987e-01	  -2.2734180369198970e-01	  -2.2911250562821150e-01	   3.7423696165301445e-01	   1.4484539126976687e-01	   5.5875754054952265e-01	   5.2621883338568232e-01	   4.7758442213567120e-01	   4.0081880496631050e-01	   7.0422417680091531e-01	   7.3072085121849906e-01	   4.1604851354891570e-01	   4.9318295373439930e-01	   2.5608754327835237e-01	   3.8742852168499475e-01	  -1.0063189528017871e-01	  -5.3681817270435285e-02	   1.7389888175924498e-01	   2.7797704257392930e-01	  -6.6500079299782466e-02	   1.1909872515015385e-01	  -1.1328713267841783e-01	   2.5296651587082297e-01	  -7.6740802600464494e-02	  -3.9419910633431338e-02	   3.7564031099617179e-01	   3.3284216742245787e-01	   2.6435478623537606e-01	   2.9850382054878988e-01	  -5.3947592840512149e-01	  -5.2427711880567796e-01	  -4.9627953101384265e-01	  -4.4685328391485091e-01	  -1.8392523656185703e-01	  -2.3336278030102486e-01	   3.4012924018648805e-01	  -3.4227021133479890e-02	  -1.1043168454525285e-02	  -9.3405435271142132e-02	  -1.4565773416144323e-01	  -4.3985984487261243e-01	
   4.7837778297196804e-01	   4.0779655853903107e-01	   0.0000000000000000e+00	   7.4038976587840499e-01	   8.3085829325096755e-02	  -5.3119621796846650e-02	   8.2526744240683714e-01	   6.9895760983976551e-01	   6.1973755721146953e-02	  -4.0292953627262491e-02	   5.2421850231546152e-01	   4.8644807099835180e-01	   7.2696380521865500e-01	   5.9800541260466600e-01	   2.3037039734873799e-01	   5.4274311240137894e-02	   4.9126277576267752e-01	   5.0043399071470895e-01	   3.1601516674074098e-01	   3.4648739829815456e-01	   3.5298459999912124e-01	   5.4777498079115006e-01	   6.3810098956858763e-01	   5.8295358126368069e-01	   1.0557205105842532e-01	   4.1640911738423647e-01	   1.3850245719708285e-01	  -7.1141797379336902e-02	   5.8598172883462185e-01	   4.5822144446916474e-01	   6.5341567616594953e-01	   6.2166626181895812e-01	   6.8278889646082669e-02	  -2.1830916901107531e-02	   3.9611111962720755e-02	  -2.1198989222060545e-02	   3.0565205616100655e-01	   4.9601197274269054e-01	   5.6971004116766019e-02	   1.0472835417736481e-01	   1.0400135319785478e-01	   2.4961962156052767e-01	   3.9369555500364967e-01	   4.5097102305629089e-01	   4.1512180300151064e-01	   3.7324691860128489e-01	   2.2141152046663018e-01	   3.4867490735734608e-01	   5.1000927886983860e-01	   4.3895220749488750e-01	   5.1995821018500910e-01	   4.3431324028393270e-01	   3.4112621037690616e-01	   4.4031639971168057e-01	   4.4854184113722595e-01	   3.2475252932348136e-01	   4.1768121822264559e-01	   4.0444810218966387e-01	   5.3248090602910303e-01	   4.8245148012064820e-01	   6.8748508388999718e-01	   5.5813310650945247e-01	   4.7939988482177309e-01	   4.4441425863878153e-01	   7.8799211460114049e-01	   7.1123668146584473e-01	   6.9317338456121247e-01	   6.0769545277255710e-01	   3.9747664367603663e-01	   3.7319669514839771e-01	   5.2956944415255336e-01	   5.6196935775648893e-01	   4.8254349409210212e-01	   3.1220899612447450e-01	   3.4640477080227988e-01	   3.6704566029904201e-01	   7.5148223112151580e-02	   1.6806668730698332e-01	   5.2813192625039229e-01	   4.4260860182386530e-01	   7.4403559895303073e-01	   6.8299879956791276e-01	   6.8760877712801405e-01	   6.4194609826636273e-01	   8.0750996642224671e-01	   7.3000049531855593e-01	   4.1715538063181190e-01	   5.1109867227502059e-01	   4.7733971368291173e-01	   3.7326795218607178e-01	   4.5678144505683727e-01	   5.1850679919045894e-01	   5.2627160295850095e-01	   5.2217125594581426e-01	   1.1406218004181276e-02	   1.6202469402330125e-01	   1.8877186862526468e-02	   3.1341457500220710e-01	   3.3888818184959824e-01	   4.7485160726720288e-01	   4.7111315601384751e-01	   3.4933552177678351e-01	   5.9662146404109229e-01	   1.9211526091783890e-01	  -1.7417382158137906e-01	  -1.8300240126918993e-01	  -2.8859360737238360e-01	  -2.1046638346873575e-01	  -1.4989822635769931e-01	  -1.5854456332457900e-01	  -3.9915528886610117e-02	  -1.4381890255201136e-02	   7.7216164441307966e-02	   3.0141513624084226e-01	   1.0908196812781787e-01	  -1.5406992867912433e-01	
   2.7773704121047671e-01	   3.3145272661873443e-01	   7.4038976587840499e-01	   0.0000000000000000e+00	   2.3457622140828720e-03	   7.0289452073742417e-02	   5.3229992203225063e-01	   6.7066749594116404e-01	   3.1427494351858112e-02	   6.2164814079476646e-02	   4.0793838928081677e-01	   6.6193491825035922e-01	   5.6846461917145352e-01	   6.2061362301590994e-01	   1.0000654703415719e-01	   7.9983846976845616e-02	   4.3512227000149728e-01	   5.1121524267840812e-01	   1.4448227227923077e-01	   4.3409169057555874e-01	   2.3864884426701014e-01	   4.2998116358712368e-01	   6.9159616396763623e-01	   7.6321546691380160e-01	   2.8989553405950880e-01	   5.3929959732604726e-01	  -3.1657466142166087e-02	  -1.7362083978457432e-01	   5.8330847697455068e-01	   5.3216275426126514e-01	   6.9795476555853464e-01	   7.0030163144531010e-01	   3.1166757502986159e-01	   2.1225116940708444e-01	   3.2571681969558219e-01	   3.4755303697845225e-01	   3.9128093844506262e-01	   5.6044600483407492e-01	   1.3027594025538453e-01	   2.3779856232002727e-01	   1.1138358189192499e-01	   2.6487554847558958e-01	   5.9744080641070263e-01	   5.9598148850934574e-01	   4.4326496056009879e-01	   5.0105006444861466e-01	   4.9735685238066296e-01	   5.6698715457337734e-01	   5.6981136509535646e-01	   5.9759053984037069e-01	   6.2138925181968818e-01	   5.7508548483204514e-01	   6.0909154995533288e-01	   4.7949302334816235e-01	   5.5133914515304294e-01	   4.3760303915679005e-01	   3.8202066770756848e-01	   3.6845578356890418e-01	   4.8900176685020480e-01	   4.7781472045355194e-01	   5.6437874260640286e-01	   7.6717618402170062e-01	   4.3712578294557292e-01	   4.0211031259460100e-01	   6.8399792812834947e-01	   7.5697716159298223e-01	   7.3196019883194130e-01	   7.3316585590118932e-01	   4.2628815737932313e-01	   3.9623177966183037e-01	   4.2452436352058642e-01	   5.9662503553763080e-01	   5.1368141188254901e-01	   5.2508140817397186e-01	   4.3950504678789948e-01	   5.1366954905019346e-01	   1.9925608605961886e-01	   4.1932261003364868e-01	   5.8544767583331003e-01	   6.3704090702101313e-01	   6.5272922317299231e-01	   6.5695887527708319e-01	   6.4312405117716787e-01	   6.4522181649647814e-01	   7.0229385020590174e-01	   7.3780979149190440e-01	   4.8052869666421327e-01	   4.5651621440642887e-01	   5.6557042824588177e-01	   5.1963952751035614e-01	   7.1624346123602112e-01	   4.9647488917981419e-01	   6.0610160117815637e-01	   3.5704318289222758e-01	  -1.9237911503900645e-01	   1.6102503245674590e-01	  -5.1214541949697254e-02	   4.0555033076665553e-01	   4.1582158288848886e-01	   4.7730566701042060e-01	   3.8704247646160295e-01	   2.8625904856819934e-01	   6.0241020703310899e-01	   3.4150231544233967e-01	  -7.3515439045633263e-02	  -1.8070119627543593e-01	  -9.6325454058372270e-02	  -1.4066750394240826e-01	  -2.4957577094477226e-01	  -1.2036990707223170e-01	  -1.2347318287547612e-01	   1.6715284486457524e-01	   2.9683058297458303e-01	   4.0088934064376602e-01	   1.2964727653631725e-01	  -3.0584751321299434e-03	
   3.2295253263215518e-01	   3.6682136600556059e-01	   8.3085829325096755e-02	   2.3457622140828720e-03	   0.0000000000000000e+00	   4.0768734504129422e-01	   1.0662682888942233e-01	   5.9251941613591040e-03	   8.5171958924495916e-01	   6.7500945022113479e-01	   9.6360496625653033e-02	  -2.1682674263259744e-01	  -4.1764167175401962e-02	  -1.7008377336446515e-01	   7.9705748731439752e-01	   6.3776112212091185e-01	   2.3446371816293807e-01	   2.0727998570552580e-01	   3.4075907385984061e-01	   3.4311721029767861e-01	  -1.1625915266160014e-01	   6.7361707345052063e-02	  -1.4190809132194290e-01	  -9.6617936629442985e-02	   4.5309287416697075e-01	   9.7164938423712210e-02	   8.0996719562944963e-02	   7.7128040822626476e-02	   4.9262346293169966e-02	  -3.0977326303145967e-03	   3.5139384487272024e-02	  -9.4019236856567340e-03	  -1.0765500851871446e-01	  -2.4384376519783552e-01	  -2.1625763244681184e-01	  -1.9447483895977147e-01	  -1.0611530181541264e-01	   2.6737998210358827e-01	  -7.5912864671170116e-02	   2.7627908583444862e-02	   7.0479543962162994e-02	   2.3824914791345744e-01	   3.3400134658690739e-02	   4.1353256686796971e-02	  -1.3919490443668930e-01	   9.0991711131698516e-03	  -3.7083642199386473e-02	  -1.4004791753759139e-02	   8.1446645059804076e-02	   8.8395229435837497e-02	   1.4914406775028921e-01	   1.4835956972006242e-01	  -3.2778570028346346e-02	   3.9586170723620306e-03	  -2.0315731607020104e-01	   4.3604767786324744e-02	   4.1702102633773797e-01	   4.3041290019638906e-01	   1.6182317941687308e-01	   8.0671975163197407e-02	   3.4788522190011117e-01	   1.1409001021897103e-01	   3.4252366305732995e-01	   3.4765211488528813e-01	   1.2612013080896703e-01	   1.4213223393357532e-01	   1.0677360008896242e-01	   1.0503270996998264e-01	   4.1926222530545942e-01	   3.7950434559365898e-01	   5.3904357046515194e-02	  -1.6660206801682628e-01	  -7.3137256910660989e-02	  -1.5729916206001274e-01	   1.0405164711180409e-01	   3.5282704593075876e-03	  -6.0512522868637300e-02	  -1.5766654700854882e-01	   1.0042733882924441e-01	   8.4193808171403768e-03	   9.8364460127835118e-02	   2.0401350046659039e-01	   1.8969141287664130e-02	   3.8326471872557194e-02	   1.5826423189539307e-01	   2.0921957730945218e-01	   2.8015958056976303e-02	   8.1721622645346284e-02	   2.2653172737263885e-01	   2.0643206129624869e-01	  -2.0442918479229857e-01	  -2.2853560170569678e-02	  -3.6179022193370192e-01	  -1.5721022259945386e-01	  -8.2329266767787387e-02	   1.5075406122059148e-01	   1.0253865709244564e-01	   1.0254904807134871e-01	  -1.9975769270118024e-01	   6.8623185120313041e-02	  -2.2076706240555818e-01	  -2.0939581587750118e-02	  -3.2835088626905803e-02	   6.1155484289810436e-02	  -5.4123477009733342e-02	   1.3073701087009910e-02	   1.1479728681937906e-01	   1.0887635527538758e-01	  -9.8678893990114841e-02	  -2.8184942848190064e-02	   3.3129945752471884e-01	  -1.1285838235842524e-01	   1.7234200627629728e-02	  -6.9914836993052280e-03	  -5.7887655372623033e-02	  -1.6225151870060009e-01	
  -6.5551459715483349e-03	   2.7642343019002640e-02	  -5.3119621796846650e-02	   7.0289452073742417e-02	   4.0768734504129422e-01	   0.0000000000000000e+00	  -6.8119688252921487e-02	  -1.5211210138138330e-02	   4.8902419749474590e-01	   7.8656852866034144e-01	  -1.2428675028446323e-01	  -1.6195091890985652e-01	  -1.2242178562553056e-01	  -1.6334911442350242e-01	   3.3700306068390506e-01	   2.9576253100192129e-01	  -7.9324401916491920e-03	   5.6537977326988814e-02	   8.9283128632091133e-02	   1.1117056077838809e-01	  -6.3042374300789461e-02	   8.0820559727450253e-02	   3.2428820643119007e-02	   1.0981462130893727e-01	   2.1278096384798989e-01	   2.3151969526188268e-01	  -1.8434520336263732e-01	   3.3587064410160544e-02	  -2.2609733729238302e-02	   3.6152559572736789e-02	   1.4711819635986217e-01	   1.9831106457108716e-01	   1.9820836347837481e-01	   1.0946293538024504e-01	   1.4889677449492400e-01	   1.8687242374374746e-01	  -1.4946181566881298e-01	   2.4620253654636293e-01	  -2.6386899261818142e-01	  -4.6393763405774141e-02	   1.2162933298965957e-02	   2.4044046873667213e-01	  -2.0564761787549183e-02	  -9.5458106075430801e-02	  -2.7679654970366385e-01	  -1.3281478782333289e-01	   7.4253108028159889e-02	   1.8433899754767680e-01	  -2.5855309742278804e-01	  -6.3603918969492218e-02	  -8.0195529264277990e-02	   4.3208622709304853e-02	   8.4219312129158203e-02	   2.7421806729961012e-01	  -1.4721844534718459e-01	   1.6915817928670360e-01	   8.8933279467758863e-02	   8.1970960571311202e-02	  -2.2948391407343727e-02	  -1.0253963955643484e-01	   6.2196291476647653e-02	  -5.8456405153052490e-02	   9.8643561305225030e-02	   3.9002931733674286e-02	  -4.4452159654639896e-02	  -6.4820291968946050e-02	   2.6303048588119264e-02	   1.3457373786976434e-02	   1.5902209728966954e-01	   2.0559850609710631e-01	   3.1509571543697823e-02	  -1.2603609065407995e-01	  -9.9141541357403856e-02	   5.6030229109491653e-02	   2.3659159000144211e-01	   2.4530699853493726e-01	  -9.7835187487788439e-02	   2.1648363311909918e-01	  -1.5329965767228240e-01	   8.2431403149046734e-02	  -9.4925981719691827e-02	   5.8983340964210727e-02	  -1.0124914774099872e-01	   8.7175370473293004e-02	  -5.7281573037708214e-02	   2.4741548306419472e-02	  -2.0805544845832605e-01	   2.8346276335143986e-02	  -2.8180351681367483e-02	   1.9261242596612002e-01	   5.3756370241346834e-04	   1.2862745322395303e-01	  -1.3620143271261720e-01	  -1.0992503782588042e-01	   1.6479793463938205e-01	   9.2997918590034492e-02	   2.1913592769238338e-01	  -1.0906149176234828e-01	  -5.3269789706710473e-02	   8.8746441352490046e-02	  -3.0383606114869216e-01	  -6.9450502205111592e-02	  -7.5648555030104481e-02	  -2.6168673032294165e-01	   1.5739618561458074e-01	   7.6344182974767499e-02	   1.6312780773671834e-01	   1.6140330721712481e-01	   1.1229862853510962e-01	  -8.4464140104802583e-03	   9.9826176747907711e-02	  -3.1566375942734967e-02	   4.9710836229090748e-02	   2.1799112217796779e-01	  -5.3570082662602089e-02	  -7.3051570507947861e-02	
   6.2661084661963029e-01	   4.9343431061281318e-01	   8.2526744240683714e-01	   5.3229992203225063e-01	   1.0662682888942233e-01	  -6.8119688252921487e-02	   0.0000000000000000e+00	   8.2404531887188182e-01	   7.2768529199874671e-02	  -1.5645198301651394e-02	   6.6450239158519642e-01	   4.3069931128279193e-01	   7.6193888722418335e-01	   5.8185995555905479e-01	   2.3479452249832189e-01	   2.0872259995579542e-01	   5.7196364626294582e-01	   5.0942451280070444e-01	   4.4911574464599124e-01	   3.7484150511423503e-01	   4.0679976569293536e-01	   5.1198975995489437e-01	   3.1703830898698121e-01	   2.4150077755409682e-01	   1.0863744847445041e-01	   3.1289534189063206e-01	   2.3909551879112384e-01	   5.5034465894946302e-02	   4.3020029238760693e-01	   3.6924290046419012e-01	   3.4525972312168196e-01	   3.2091722506134618e-01	  -5.9925494576182375e-02	  -1.2461090708670383e-01	  -1.3106823440565613e-01	  -1.2243164336688009e-01	   1.7832885642307239e-01	   4.9945152698216927e-01	   2.1986019044153187e-02	   8.4544969889283630e-02	   1.0640477646970382e-01	   2.6564411710427532e-01	   3.6324992638445597e-01	   4.5436908369043616e-01	   3.4617853241825614e-01	   3.3733017064325044e-01	   1.0403827058405765e-01	   2.3377903966821018e-01	   4.7020463275264601e-01	   3.8312114295954958e-01	   4.7814798798179803e-01	   3.9946930978070361e-01	   2.7091075285134275e-01	   3.8575276978275141e-01	   3.3320598107101729e-01	   3.6079077528366116e-01	   4.9246906181163125e-01	   4.5542790353832496e-01	   4.8237086394132567e-01	   5.1221983374467983e-01	   6.5691044528303588e-01	   4.6383525127476444e-01	   4.8993470621397051e-01	   4.6327848836430885e-01	   5.9920173158155743e-01	   4.9263234856728566e-01	   4.9571496285478245e-01	   4.1422453579746787e-01	   3.9052355032288083e-01	   3.6974245621409485e-01	   3.9446620781124264e-01	   4.5216416302902551e-01	   3.6493607538374551e-01	   1.0544303841294278e-01	   1.8074804675865999e-01	   1.4643646002248759e-01	   2.2086269231574506e-03	   6.6683349208009515e-02	   4.4569674795517494e-01	   2.5370667376303135e-01	   5.8632717537642465e-01	   5.6185103251568003e-01	   5.7295977659010089e-01	   4.9471336843211056e-01	   6.9102227583753617e-01	   6.0233459999403904e-01	   4.6964040278246300e-01	   4.3461338932439691e-01	   4.9380982346149560e-01	   3.7205194327087288e-01	   2.8081465859092702e-01	   5.0375338447835216e-01	   4.6930873900198744e-01	   6.8363911768912122e-01	   9.5726284210832430e-02	   2.2459626402057792e-01	   7.3513569384342933e-02	   3.3077013281740053e-01	   2.0512646638978582e-01	   4.9763694640996398e-01	   6.3299168994348431e-01	   6.0036789443247995e-01	   6.3394371692090146e-01	   2.4471645331939809e-01	  -8.9282082572028465e-02	  -9.0006567751166583e-02	  -2.0806057321418220e-01	  -1.8076103036623536e-01	  -1.4305301478147842e-01	  -1.3282590630910662e-01	  -4.1319665235062558e-02	  -1.6182296692316747e-01	  -1.0905840882360822e-01	   2.1733294180416868e-01	   8.4640574973605387e-02	  -1.6126296758830114e-01	
   5.1485049603262523e-01	   4.3994750146972411e-01	   6.9895760983976551e-01	   6.7066749594116404e-01	   5.9251941613591040e-03	  -1.5211210138138330e-02	   8.2404531887188182e-01	   0.0000000000000000e+00	  -3.2128892403105000e-02	   5.7680564623207670e-02	   6.0244120575720661e-01	   5.4587458252470633e-01	   6.6535018897921638e-01	   5.8378516849565321e-01	   1.6005844596638896e-01	   2.9239085859165997e-01	   4.5616070152859139e-01	   4.0876202096317316e-01	   2.8050812028204825e-01	   3.7864620734442433e-01	   3.8409868796337882e-01	   4.8222732923983447e-01	   2.3674056928803702e-01	   2.3023218107229212e-01	   2.3100919297805755e-01	   4.2052390632928693e-01	   1.8819431803689124e-01	   3.1781419550082290e-02	   3.7058736742579235e-01	   3.3105532288619000e-01	   2.9158645240966902e-01	   2.4279299831782253e-01	  -4.4106949347062441e-02	  -4.9842377769173052e-02	  -4.5213187990582396e-02	   2.8088170551729377e-03	   2.7360754188854186e-01	   4.8345283624014801e-01	   6.2240932471463756e-02	   8.1983801936320433e-02	   1.4125503253975019e-02	   2.8299724724119041e-01	   4.1109288031186686e-01	   5.0714294238408719e-01	   3.4389429228957186e-01	   4.1350306300800532e-01	   2.0065038781702746e-01	   3.1645555474400183e-01	   4.8615767432748597e-01	   3.9217045431710501e-01	   4.9210920933025559e-01	   3.7054582354667587e-01	   4.2884956594268819e-01	   3.2128825404325595e-01	   4.1535946584533462e-01	   3.6370770453239931e-01	   4.4696279489688889e-01	   4.1708944871825060e-01	   4.1103319110406311e-01	   5.5380737790041867e-01	   5.5221483543029526e-01	   5.4513943394628905e-01	   4.0539698332890856e-01	   3.2293637276365716e-01	   5.8106224661987660e-01	   5.3445390761421607e-01	   4.5494499744167627e-01	   4.3113747932115343e-01	   3.4268730352051679e-01	   3.3315690871846704e-01	   2.4001365062476804e-01	   5.1066037803225128e-01	   3.0622044320596192e-01	   1.8140062089764011e-01	   1.2685068126094623e-01	   2.5928023510210779e-01	   7.5690571044972899e-02	   1.6617879506561986e-01	   4.0352481960365982e-01	   2.5150738192604155e-01	   5.1152068044308630e-01	   4.6206057047960825e-01	   5.3524345070083523e-01	   4.0249876413918173e-01	   6.3541448203938899e-01	   5.8479083525037689e-01	   5.3480323507543115e-01	   3.3727251849821671e-01	   5.9462585247847222e-01	   4.4967342256784715e-01	   4.3712458443119562e-01	   3.8472573239154695e-01	   4.9823526186521661e-01	   5.3627336823341687e-01	   3.1643987369985895e-02	   2.9024581300372199e-01	   8.6966569580306935e-03	   3.8933762478027639e-01	   2.7627543900179463e-01	   4.4915648662710017e-01	   5.3983347764637124e-01	   5.1760968960916998e-01	   5.9949357176763651e-01	   4.2413696917455762e-01	  -7.2301893225331065e-02	  -7.5366894954927099e-02	  -2.5927223164589613e-01	  -1.2721520909359402e-01	  -1.3468417555403278e-01	  -1.5593605728751830e-01	  -1.6416349383473172e-01	  -9.1660119150215186e-02	  -7.5326528820340299e-02	   1.2374724519414905e-01	   6.9808806655332747e-02	  -1.5216627057668461e-01	
   2.2059565399061759e-01	   2.5671482407989127e-01	   6.1973755721146953e-02	   3.1427494351858112e-02	   8.5171958924495916e-01	   4.8902419749474590e-01	   7.2768529199874671e-02	  -3.2128892403105000e-02	   0.0000000000000000e+00	   7.8757285935136312e-01	   9.2426028246028843e-02	  -1.3835791847420989e-01	   8.0966140403374801e-03	  -1.2263636821307056e-01	   8.0604978591346033e-01	   6.1289415349781695e-01	   1.9279955036978064e-01	   2.1534942685218417e-01	   2.9009356466017272e-01	   3.2794363181343356e-01	  -1.5071957880979630e-02	   2.4731540042022193e-03	  -7.5144302321611428e-02	  -2.4415246602578228e-02	   3.3723010155117261e-01	   6.5538184171563485e-02	   7.3826253452202492e-02	  -6.6063414822275235e-03	   7.1460561064966566e-02	   2.1074191941233871e-02	   9.3828982429740720e-02	   5.7224647268226167e-02	   1.6524162520456433e-02	  -9.4232504527663866e-02	  -1.1037553715215648e-01	  -8.3480940059840525e-02	  -2.0484189346877105e-01	   2.2223471188188421e-01	  -2.2304646190311689e-01	  -8.2480396707393572e-02	   3.2586525117390144e-02	   2.9501242040384273e-01	  -3.8321373975696987e-02	  -7.3685886531795960e-02	  -2.3898303943250726e-01	  -1.1609466044132485e-01	  -6.0116213181658509e-02	  -6.0309966915329083e-02	  -1.1702884962218399e-01	  -4.2403225583436309e-02	  -2.3230772117686288e-02	   3.7719726595424843e-02	  -4.3469816954278963e-02	  -3.9333667035220038e-02	  -2.2342980107282562e-01	   1.7510545270739735e-02	   3.0854887866977754e-01	   3.5000362244080718e-01	   5.1299732733945433e-02	  -8.3042894977247456e-02	   3.3036456905601114e-01	   3.1349693497114514e-02	   2.9156765236005711e-01	   3.3437764620016908e-01	   1.7668229016154002e-01	   1.1712340524220230e-01	   1.0709537849592564e-01	   9.8113964689175770e-02	   3.6789886398869320e-01	   4.1166645652727618e-01	   3.9290855534553373e-02	  -2.5024707266508456e-01	  -3.8900789561315777e-02	  -1.5063168686399736e-01	   2.4939617654787094e-01	   5.6796071497795142e-02	  -1.1756620592384698e-01	  -1.2162427877145685e-01	   3.5644727638255089e-02	   9.1091749856283821e-02	   9.9311731567652037e-02	   2.5142109772110705e-01	  -5.9068459788611458e-02	   1.0648759181992123e-01	   9.7494980091295619e-02	   1.3786561333448172e-01	  -1.4237416018696880e-01	   1.4306811233727085e-01	   1.0248218965703711e-01	   7.8816924299686508e-02	  -2.1324984099911040e-01	   7.8009426328997690e-03	  -3.4895439354829139e-01	  -9.4675060454520427e-02	   5.9032070143226742e-02	  -9.8964581401930381e-03	   1.4553253799635379e-01	  -3.8590088471251560e-02	  -3.0919636462001882e-01	   4.7714896148852826e-02	  -2.6957338142793108e-01	   3.5355496903294627e-02	  -1.2105492778299348e-01	  -1.8025419103464832e-01	   4.5400164004504279e-02	   5.3500712240474022e-02	   1.4283505497800159e-01	   1.1031222910058544e-01	  -3.2266634823844079e-02	   3.6523378262467265e-02	   2.9889332813363129e-01	  -1.8415741666879473e-01	  -3.6209830751267935e-02	   1.5584366435327904e-01	  -2.7278669953125077e-02	  -8.9413347412681615e-02	
   2.3338149536467087e-01	   2.6821887459847571e-01	  -4.0292953627262491e-02	   6.2164814079476646e-02	   6.7500945022113479e-01	   7.8656852866034144e-01	  -1.5645198301651394e-02	   5.7680564623207670e-02	   7.8757285935136312e-01	   0.0000000000000000e+00	   5.1372071082733894e-02	  -1.4810041293968498e-01	  -2.6372028643752279e-02	  -1.5602957245101637e-01	   5.9218005688479325e-01	   6.7440241722017458e-01	   6.2963185959921855e-02	   1.1626392767026461e-01	   1.8807336118161583e-01	   2.4285851677473830e-01	   5.1628354870004167e-02	   3.6606952012340752e-02	  -1.3636051232661919e-01	  -8.0644058134136803e-02	   3.2834766016242956e-01	   1.5446275510634910e-01	  -1.3995086912354613e-03	   6.4323309804077911e-02	  -2.0612238392252826e-03	  -7.9556349797352058e-03	   7.4350773837454823e-02	   2.6862733122122763e-02	  -6.2773020007889993e-03	  -1.0797749394624567e-01	  -4.4695567796413434e-02	  -2.4289741285676156e-02	  -2.0589066940285103e-01	   2.7156876004432451e-01	  -2.9226570707367139e-01	  -4.9064299853989274e-02	  -1.1302767744774858e-01	   2.1136501818265835e-01	  -8.9983816313406420e-02	  -5.3318893800666366e-02	  -3.5306582802140157e-01	  -9.0128122233341143e-02	  -7.6456987497907480e-03	   1.1845930853445166e-01	  -2.0767846988965735e-01	  -6.0526154546874836e-02	  -8.2261246640528585e-02	   2.4192410421596641e-02	  -2.9756575481881611e-03	   1.0449938088205510e-01	  -1.8557265618158308e-01	   8.9563870093806147e-02	   2.9814068572340446e-01	   3.2892954677394870e-01	   4.8818311522262292e-02	  -1.0961835916867616e-02	   2.5473786652095892e-01	  -1.1686078820175328e-02	   2.5762664982043759e-01	   2.2471036841765976e-01	   9.9342164093918051e-02	   2.3782594091877593e-02	   6.3802011837011133e-02	   7.5221466363785669e-02	   3.1484539625341024e-01	   3.8199881390608070e-01	  -7.4674373131768772e-03	  -2.3872176966545838e-01	  -2.0253435637236117e-01	  -6.8822295784317047e-02	   1.8075295298774591e-01	   2.2102084515258538e-01	  -1.6646127865966501e-01	   1.4432798387193500e-02	  -1.3599442465170353e-01	   2.6608175576076712e-02	  -4.9787547611997642e-02	   7.1016263346723479e-02	  -1.5861979541088705e-01	   1.9922968517547501e-02	   1.2017413103000078e-02	   7.9825406144356764e-02	  -1.9811160900183783e-01	   4.3106973415469485e-02	   7.6280042225925632e-02	   1.5281969368886664e-01	  -1.7120012709124266e-01	   4.2067322140769019e-02	  -3.0869945052881265e-01	  -1.4019223966915301e-01	   9.1342811888410980e-02	   4.2672308867479830e-02	   1.5290964657352740e-01	  -4.9752676057526007e-02	  -2.2244522732093330e-01	  -8.9805085943133502e-03	  -3.5674037565762490e-01	  -6.1649334997363095e-02	  -1.6838601455474969e-01	  -2.0068030137741746e-01	   2.4963066466176933e-02	   2.1352683461091447e-02	   5.6495319931448171e-02	   1.5602354507492841e-01	   4.6563522781363734e-02	   2.8379118737045218e-02	   2.4072959368364372e-01	  -1.0687035106560074e-01	  -6.7429337345349810e-02	   8.6891691530882220e-02	  -2.3774806079739502e-02	  -6.4210981456043620e-02	
   6.5138047928273834e-01	   6.0523925810584234e-01	   5.2421850231546152e-01	   4.0793838928081677e-01	   9.6360496625653033e-02	  -1.2428675028446323e-01	   6.6450239158519642e-01	   6.0244120575720661e-01	   9.2426028246028843e-02	   5.1372071082733894e-02	   0.0000000000000000e+00	   6.9229689980705922e-01	   8.3017846093918901e-01	   7.3949307735026970e-01	   2.6799781876467443e-01	   2.4831433627776550e-01	   7.2577351907348409e-01	   6.9613280381010412e-01	   6.2341306540667496e-01	   6.7639029222391711e-01	   5.2140856015480519e-01	   4.2805472281289375e-01	   2.7291769843444769e-01	   1.7027676730333963e-01	   1.7791596444850988e-01	   2.3601296414353956e-01	   3.1314513593474230e-01	  -1.0817103963876618e-01	   6.4549932217929162e-01	   5.1834759804083452e-01	   3.3524773797409579e-01	   2.7961192183021627e-01	  -9.9924976525660139e-02	  -1.0159839325916577e-01	  -1.9490851976166265e-01	  -1.5143203124832511e-01	   3.9099359196689387e-01	   5.3738809425997491e-01	   6.9258471774496927e-02	   1.1936529513975256e-02	   2.2611497670205030e-01	   2.0545702837267862e-01	   3.4208905089235259e-01	   5.5374336236597044e-01	   5.3324118597156422e-01	   6.1168283610646335e-01	   1.3648470572476720e-01	   1.1688071410905310e-01	   5.0893215572230011e-01	   4.1414334991079899e-01	   4.5180440602138761e-01	   3.7334243871358569e-01	   2.7125558542094245e-02	   1.6184666975861117e-01	   2.5550845455633664e-01	   1.4726452436090148e-01	   6.0243468099494579e-01	   5.8769361237442985e-01	   5.4444675831586220e-01	   5.5443665924784136e-01	   6.5037615899129175e-01	   3.6919107089705661e-01	   6.8115011639633938e-01	   6.3293393276754395e-01	   4.9049021325954900e-01	   4.6132458965714268e-01	   5.2996843243440683e-01	   5.1956680471882666e-01	   6.1938207188102101e-01	   6.1952546699902644e-01	   4.1641532121514357e-01	   5.2972449474071737e-01	   5.5096972544653444e-01	   2.9219029489545473e-01	   3.6357071248489703e-01	   2.9463550682198597e-01	   1.2389983500281407e-01	   1.4308461174179046e-01	   5.6525307453112061e-01	   4.2336756784443552e-01	   7.1687081004207043e-01	   6.5045381224731758e-01	   5.3560483108459223e-01	   4.3572552379885598e-01	   6.1462328759022855e-01	   5.4981080571856411e-01	   4.2092810395914837e-01	   4.4124405292479529e-01	   3.4711411350283938e-01	   2.6842149864896203e-01	   5.9183661184725039e-02	   7.4641260624467493e-02	   3.7524983581883581e-01	   6.4646186328755240e-01	  -6.0664169637359121e-02	   2.1035470036555248e-01	  -1.5841514239787363e-01	   2.5908914691648521e-01	  -8.8444354941510414e-02	   8.7993865554439804e-02	   5.4402948177170685e-01	   6.3902142479066504e-01	   4.6576687168829806e-01	   1.9806082132248798e-01	  -3.4588618752573885e-01	  -4.0626758811902275e-01	  -4.4544598124439239e-01	  -4.2801592965858037e-01	  -7.2257365447281369e-02	  -1.2698917700554319e-01	   6.2044046590535001e-02	  -1.1641566956991445e-01	  -4.7591327001649322e-02	   2.9695398223463509e-01	   5.4669909689862156e-02	  -2.7577514167334538e-01	
   2.1874536521468169e-01	   2.5519004272460177e-01	   4.8644807099835180e-01	   6.6193491825035922e-01	  -2.1682674263259744e-01	  -1.6195091890985652e-01	   4.3069931128279193e-01	   5.4587458252470633e-01	  -1.3835791847420989e-01	  -1.4810041293968498e-01	   6.9229689980705922e-01	   0.0000000000000000e+00	   7.4082815349099529e-01	   8.5624604946175109e-01	  -2.9118129757087288e-03	  -1.4787774249439107e-02	   5.9747916957893343e-01	   6.4209954401994629e-01	   2.9184257151194914e-01	   5.2730118227570144e-01	   3.7075942477831147e-01	   2.7539569574414208e-01	   6.2478566930502444e-01	   5.8567224197426193e-01	   7.4264243025531668e-02	   3.1076533864018252e-01	   9.1997346043909925e-02	  -2.0135884049851943e-01	   7.1853170864528826e-01	   6.8400489485169480e-01	   5.2986258057886149e-01	   5.4140371973258206e-01	   3.1946980792523400e-01	   3.3094158988642108e-01	   2.2886896413505461e-01	   2.8801283380051618e-01	   5.2970979104037696e-01	   4.7533351963216230e-01	   1.6616222256397478e-01	   5.0925973093191232e-02	   1.4461344506864704e-01	   9.6942487390852108e-02	   4.5745051083947408e-01	   5.6149947274308143e-01	   6.1969882510471408e-01	   6.1158618470052928e-01	   2.7723387319598519e-01	   1.8915050765551628e-01	   4.7737213322768401e-01	   4.4623310391814802e-01	   4.1491029171089766e-01	   3.5262762188280850e-01	   2.3738669849519167e-01	   9.1027335825176275e-02	   3.8119167734359016e-01	   1.6530256247155864e-01	   2.9375315419951281e-01	   2.9866610063628213e-01	   3.4519608304145327e-01	   3.3962595171576160e-01	   4.3236913627708407e-01	   5.6271279703490085e-01	   4.3128679032083228e-01	   4.1511649145158658e-01	   4.7424396178008232e-01	   5.5385262732649720e-01	   5.7811585581995373e-01	   6.0809741254719407e-01	   3.7623647017539597e-01	   3.9074018802939414e-01	   3.1835866772309923e-01	   5.4605351301305349e-01	   6.6375879063831844e-01	   5.6697798891205942e-01	   4.1493371395933065e-01	   4.2998274255248770e-01	   3.7008352680518974e-01	   4.3415104257819104e-01	   6.0200617396556266e-01	   6.5225198779184357e-01	   6.8435771599782469e-01	   6.2441574251140652e-01	   5.9153273671746442e-01	   4.9318554811010124e-01	   5.0799863374699050e-01	   5.3367260090058699e-01	   4.4739090383295965e-01	   3.4179342390039608e-01	   3.0747237051613774e-01	   1.9325681422114377e-01	   3.7900652774958443e-01	   1.2506711904260800e-01	   4.8017099226541804e-01	   4.8525663781758233e-01	  -1.0818136343238974e-01	   1.5804381466738615e-01	  -1.9954142042913392e-01	   2.4124494863827750e-01	   1.6004887200525460e-02	   1.4072118891374322e-01	   4.1893204427033381e-01	   4.7409193812206996e-01	   4.4840585325288851e-01	   2.8890498819234189e-01	  -1.7861561966988787e-01	  -2.3662785163172781e-01	  -2.9397161550978923e-01	  -3.3852887234814721e-01	  -9.6401837869074344e-02	  -7.6049334571083149e-02	  -1.8400413952080180e-01	  -2.5491947244127719e-02	   1.4041083634962981e-01	   4.1743692620369771e-01	   1.8224365443922358e-01	  -5.9604656715418050e-02	
   5.3786539681589263e-01	   4.5157715241552177e-01	   7.2696380521865500e-01	   5.6846461917145352e-01	  -4.1764167175401962e-02	  -1.2242178562553056e-01	   7.6193888722418335e-01	   6.6535018897921638e-01	   8.0966140403374801e-03	  -2.6372028643752279e-02	   8.3017846093918901e-01	   7.4082815349099529e-01	   0.0000000000000000e+00	   8.5437638407273253e-01	   1.6115434514853660e-01	   1.1725541409568579e-01	   6.0218740300738871e-01	   6.1744718073692906e-01	   3.5668191028928264e-01	   4.0723556858935717e-01	   5.4775849664269294e-01	   5.2100896586363321e-01	   5.4366166218010625e-01	   4.1670078099156682e-01	   1.3713420458218892e-01	   3.7247046262074035e-01	   2.1467016936587252e-01	  -3.1961213177821940e-02	   6.9431437211730396e-01	   5.9302845736413068e-01	   5.4324488414817396e-01	   4.9311643325847554e-01	   2.0578573202392453e-02	   1.1725747750689255e-02	   1.0543881303023632e-02	   1.6867041191565648e-02	   3.6943374066403400e-01	   5.2336374346326020e-01	  -1.5491470673862553e-02	   3.5626207770923249e-02	   9.9999869455384749e-02	   2.1069813036097901e-01	   3.7210031194144289e-01	   5.6441275677691727e-01	   4.7309823715989319e-01	   5.0592840134191142e-01	   8.9543842909819676e-02	   2.0828591895451617e-01	   4.6659175325827901e-01	   4.3679896909203131e-01	   4.3117685156585317e-01	   4.0056421925869307e-01	   1.3977975224554387e-01	   3.1193997754671093e-01	   2.2010196983553365e-01	   2.0363352276144861e-01	   4.8246403721821479e-01	   4.7251061693980068e-01	   4.3914707698736033e-01	   4.3764688074316094e-01	   6.5815395704725443e-01	   4.4737493003816731e-01	   5.4344034050554446e-01	   4.9039274419560619e-01	   6.7751935836747723e-01	   5.3423131220824038e-01	   5.9564834161410829e-01	   5.5094367342251049e-01	   4.7689847839707544e-01	   4.9188088005342212e-01	   4.6567487949268693e-01	   5.1585683074139022e-01	   5.8245007601076593e-01	   3.8063458163779418e-01	   4.3932029047034671e-01	   4.4909137451225178e-01	   2.1025205245696432e-01	   2.2391674655027832e-01	   4.9186923369108360e-01	   4.6083900567889569e-01	   7.5011261710843036e-01	   6.3569995673448210e-01	   6.0446909272515448e-01	   5.8825518618290440e-01	   6.9317226825808320e-01	   6.4433368238587230e-01	   3.6562395894656041e-01	   4.5410913840040168e-01	   3.0942731882307828e-01	   2.9061191424169530e-01	   1.9746542764860189e-01	   2.8442113895003329e-01	   4.8126009817929571e-01	   6.7632453832701001e-01	   4.7770348321049330e-02	   1.6184983513124263e-01	  -9.8153740775987958e-02	   2.5183959219032864e-01	  -4.5327630056477435e-02	   1.8566159146376021e-01	   5.6895375376619084e-01	   5.6115666810301423e-01	   5.9306041485411942e-01	   1.3961996004819716e-01	  -1.9062870817414110e-01	  -2.1750038898413956e-01	  -3.3153178872192701e-01	  -3.1443315147582873e-01	  -1.8279263792292699e-01	  -1.7293865162862712e-01	  -1.4533741151284352e-01	  -1.7698171760478337e-01	  -8.8763351757902176e-02	   3.4867242349015248e-01	   1.9114828331311534e-02	  -2.2031178214813701e-01	
