   0.0000000000000000e+00	   5.5864300555905300e-01	   3.7182110905487453e-02	   2.5549287677382387e-02	  -3.1163725454875064e-02	  -1.6821529621371352e-02	   1.2732189035988031e-01	   9.9780179625847870e-02	   5.1208818929128527e-02	   4.3413238327863431e-02	   4.7685577369066812e-01	   3.6529934542763187e-01	   5.1284538321325635e-01	   3.3456286692620779e-01	   1.2362639995673974e-01	   3.1054317158224577e-02	   3.2046641318266811e-01	   2.5056365247391477e-01	   3.5581882585337310e-01	   1.8663975526180604e-01	   1.6560090082903053e-01	   4.9433166128180855e-02	   6.0957071696351901e-02	  -8.6299494509044061e-02	  -6.4954766443064554e-02	  -1.3644121039033932e-01	  -1.2105494860867914e-01	  -2.1125556018685643e-01	   3.0489724726482348e-01	   2.5722657033540086e-01	  -3.7756740477207798e-02	  -6.5675539468883021e-02	   1.7168357468989898e-01	   7.7189164757578199e-02	   5.2531429199179247e-02	  -1.1830875149691819e-02	   2.6695180981228633e-01	   1.3387109266680916e-01	   1.0242970043298097e-01	   8.7604097242156120e-02	   3.1337616197410384e-01	   1.0975396708911060e-01	   5.3793797913068642e-01	   4.2043699207663432e-01	   4.8637623187281892e-01	   4.9911913327306551e-01	   5.5376776520283999e-01	   5.4844422124953152e-01	   5.4345512280868102e-01	   4.4685552624708325e-01	   3.0907399268190350e-01	   4.3504984473820957e-01	   6.3525200262333847e-01	   4.7375882927035851e-01	   5.8471362415199613e-01	   4.7997128367726949e-01	   6.6173906733320531e-01	   3.6233520835945737e-01	   2.5990167504481737e-01	   3.2924318950997684e-02	  -5.5160767792612600e-02	  -1.7514397451410613e-01	   1.4975777542186136e-01	   1.2569912273907530e-01	  -7.3464378958377236e-02	  -1.6872399181089132e-01	   8.5960508534285468e-02	  -2.3968578186377175e-02	   1.6184293171693914e-01	   1.2882142851506134e-01	   1.3820698617673688e-01	   3.2102791201421427e-01	   3.7171615614552772e-01	   2.3991856722940541e-01	   3.7455046792179347e-01	   3.3364364074013958e-01	   3.0865216040120536e-01	   1.6090291694798853e-01	   1.4134821931388097e-01	   8.5241895071287641e-02	   3.6475889154941243e-01	   2.1689550258310170e-01	   7.5780021716492351e-03	  -3.8550654151489450e-02	   2.4802510767620051e-01	   1.5373223920760609e-01	   6.3598003323621449e-02	  -6.1482769828861750e-02	   3.2141428440264125e-01	   2.9807655535345590e-01	   1.4241782498990879e-01	   5.1250393842597650e-02	   4.7128733266489843e-02	   2.2138666884722430e-01	  -9.8182756419539857e-02	   1.6766770550149215e-01	   2.5793687057299369e-01	   1.7141970416340913e-01	   3.0176038712985642e-01	   1.4526694926138667e-01	   1.6213022350367673e-01	   2.5268869803298072e-01	   1.0745198954274975e-01	   3.9046836443464206e-01	   6.0618983742961041e-02	   1.3674859229749187e-01	  -5.9498829486309274e-02	   1.7940687372437453e-01	   7.2411364339219131e-02	  -3.0608296130054585e-02	   1.3282123901336754e-01	   3.6687160078171066e-01	   9.7294470677042111e-02	  -4.3134228717832930e-03	   1.5292361297010684e-01	   3.4876831339562861e-02	
   5.5864300555905300e-01	   0.0000000000000000e+00	   1.0948020853453143e-01	   7.8060787399217957e-02	  -7.6961088414444795e-02	  -1.1543590002918744e-01	   1.0637161943267713e-01	   2.3658625945323586e-01	   2.1037876117562876e-01	   5.7032483457667406e-02	   6.8774283899945865e-01	   5.6212327533306261e-01	   5.6900722904785195e-01	   5.1202088215873587e-01	   3.3401977597178389e-02	   8.7606717447965624e-02	   3.6103824521658073e-01	   4.0810596169292179e-01	   3.2796340917834099e-01	   2.7672160006654922e-01	   1.3948458693615506e-01	  -2.0204006117887025e-03	   1.8052291396337605e-01	   2.9253632654581814e-02	   4.2760403567240181e-02	  -5.6136547685095420e-02	  -4.5248877049265501e-02	  -5.7545876263082218e-02	   3.0098893656400544e-01	   3.2937505212935758e-01	   5.0660901825568885e-02	   2.8431462563085055e-02	   1.8545946968548099e-01	   2.7922877186417207e-02	   6.5985204586282944e-02	   2.0490046825646625e-02	   3.9513420408400661e-02	   4.2720281403031933e-03	  -8.4884904673080963e-02	   1.8171248415326770e-02	   1.9308260551859024e-01	   1.9095526733824983e-01	   3.1806749874255308e-01	   2.0659454343917621e-01	   1.6643643575991518e-01	   2.2645812602695178e-01	   4.0792620679734992e-01	   4.3557150051265781e-01	   3.9391142761268672e-01	   4.5746756558814339e-01	   2.7920639435841960e-01	   4.5680633340710985e-01	   6.3721446998180076e-01	   4.7788046616064012e-01	   3.6808145411881488e-01	   2.4044321269529650e-01	   4.1450514777349845e-01	   4.7569039121433432e-01	   3.1351238802787051e-01	   8.5683954296671028e-02	   6.4921859402966603e-02	  -9.6412239633754282e-02	   3.3837403723570814e-01	   2.6628858636775599e-01	  -2.7856526445735427e-02	  -1.4540501390120270e-01	  -1.1961222125408282e-03	  -1.1521128801854821e-01	   4.6921744241111105e-02	   6.2134560643153786e-02	   1.5268976860768793e-01	   4.3873588224874094e-01	   5.6425263100256728e-01	   4.9615497309826262e-01	   6.6897690945470289e-01	   5.6277784409418596e-01	   1.8728355535516289e-01	   2.9119170628894131e-01	   4.3595095555299612e-01	   4.1149507643070093e-01	   4.9457496281546076e-01	   4.0161757016928368e-01	  -1.2323491247466642e-01	  -8.3083060901663466e-02	   2.6118916593750791e-01	   2.4041583122756302e-01	  -1.0916069668260815e-01	  -2.3517249892710179e-01	   2.1970464138221646e-01	   2.5293411122750348e-01	   3.3047747896617449e-02	  -4.7233429272918329e-03	  -1.4871811998098117e-02	   2.4141092955608986e-01	  -1.1408433560519537e-01	   6.5888260586444813e-02	   5.1653059648897437e-02	   1.0250463367988103e-02	   2.2050156425226586e-01	   5.3117152652798698e-02	   1.2578465109254952e-01	   2.0017509604745548e-01	   1.3727969458281597e-01	   3.0551894313945067e-02	   1.2709704958465554e-01	   5.2349623179949623e-02	  -8.9822752057633098e-02	   1.8090915581869121e-01	   1.4044436662988402e-01	   1.2290003652154464e-01	  -8.9919330222676147e-02	   2.8123321470925128e-01	   1.8383549002300550e-01	  -1.7342614341040535e-01	   2.0482796337370962e-01	  -4.7836925395914706e-02	
   3.7182110905487453e-02	   1.0948020853453143e-01	   0.0000000000000000e+00	   7.5301146557884846e-01	   6.4499048583828489e-01	   6.7311910734968838e-01	   8.5464261481027981e-01	   5.6364581713255746e-01	   3.3404109887636491e-01	   3.2703229657142474e-01	  -3.1680103472173815e-02	  -1.3511955047804619e-01	   1.5468700862217977e-01	   3.0468535713863365e-01	   3.7348772101862204e-01	   4.0140700233583965e-01	  -3.7961268947290300e-01	  -3.9133772806816081e-01	   4.4530887815084179e-02	  -1.4037498721822150e-01	   5.1844952596226046e-01	   5.4500328809641718e-01	   7.8493170317111471e-01	   6.6565852615243803e-01	   8.5337420933557973e-01	   6.9597171645701206e-01	   5.4294160280610559e-01	   7.4860658706960659e-01	  -2.8865194238797848e-01	  -3.0699421705919100e-01	   5.2247924176378568e-01	   4.2260932280280772e-01	   4.0267449098269420e-01	   3.3462087923390038e-01	   6.9926423863603193e-01	   6.1359079112245729e-01	   2.9709385286529871e-01	   3.4066594892794339e-01	   2.5061195395119029e-01	   3.6356679676773818e-01	   3.1598117807789511e-01	   3.3396336698278062e-01	   2.8439562832864795e-01	   8.0117043848221367e-02	   1.7653784868332231e-02	  -2.7503514507913909e-02	   1.7450984805868014e-01	   2.6762141728385830e-01	   1.8251103973411020e-01	   3.3329225407276886e-01	   4.7944936236213975e-01	   3.5070964774411806e-01	   2.7296518330094161e-01	   3.1078000018267848e-01	   1.7437611248767088e-01	   2.5781850532814055e-01	  -8.7701881903344797e-02	  -1.3138623140897507e-01	   5.6704261492690189e-01	   2.8744299700713599e-01	   5.0335995395323119e-01	   3.1960582087365697e-01	   1.3080990366295525e-01	  -1.6051940578386423e-01	   7.4017234447269153e-01	   6.8713093937038561e-01	   6.9477865680524320e-01	   5.1573945609944738e-01	   8.3240137084290178e-02	   3.4930440952781229e-02	   2.4344352280200410e-01	   1.8303522356888213e-01	   1.2727432974475167e-01	   3.9740855355782340e-02	   1.5598297507025838e-01	   4.8839162300724229e-02	   8.3781258224242219e-02	   1.5824993680392352e-01	  -2.7876598226583221e-01	  -6.4631283897106928e-02	   7.4282601033356849e-02	   2.5116374819889076e-01	   4.6739641643192331e-01	   2.2009128386711418e-01	   6.7655856048627394e-01	   6.2703181163112842e-01	   5.6111077306711432e-01	   5.4262853781791720e-01	   5.3633059914789849e-01	   3.9255289943290167e-01	   5.4337198872370873e-01	   7.5077829174493393e-01	   5.3792615149595879e-01	   6.3305615969291607e-01	  -2.7008791280127303e-01	   1.7516450024237257e-01	  -5.6340438872051729e-02	  -8.2832698625323373e-02	   1.1470570427808885e-01	   2.2439867942034136e-01	   1.7140330542634580e-01	   3.0266102929714989e-01	   2.6097037803144851e-01	   2.2168612548560693e-01	   2.0407175295674090e-01	   2.0887670829397426e-01	  -6.6828970219095091e-02	  -1.1173021163037483e-01	   2.4035856685127505e-01	   3.3248436491936872e-01	  -3.1895039478592108e-01	   1.5006911394324463e-01	   2.2070213975869846e-01	  -7.3163565255150942e-02	   2.9067354275943830e-01	  -2.0837254029616881e-01	
   2.5549287677382387e-02	   7.8060787399217957e-02	   7.5301146557884846e-01	   0.0000000000000000e+00	   4.9707871843473761e-01	   7.6575121264119583e-01	   7.4510052794534165e-01	   8.5633766549225698e-01	   3.1208153506742298e-01	   6.4467743175995640e-01	   2.4196259545578150e-02	   1.6562517360765258e-01	   1.3099121861150864e-01	   4.3846543226645890e-01	   3.1102672201825776e-01	   5.9965078422944540e-01	  -2.4727210228263730e-01	  -2.3482846516508343e-01	   1.0721951848442832e-01	   6.1495027966742666e-02	   4.6898064870109013e-01	   6.0543513631294288e-01	   6.6731097442493537e-01	   8.1476544060625145e-01	   6.4693428403139486e-01	   7.2200496401942493e-01	   2.3881482667670506e-01	   4.8864287695351738e-01	  -9.5503172911445472e-02	  -7.4673492656938789e-02	   5.3201241733210047e-01	   6.6207948844812103e-01	   4.8180372388769654e-01	   5.7934845662078605e-01	   5.4500288782272821e-01	   5.7385987079242740e-01	   2.5266472781921928e-01	   3.9208750364735018e-01	   2.9660895348475413e-01	   4.4033947169046084e-01	   3.5970571117069966e-01	   2.6833499739746991e-01	   2.3565839458209806e-01	   1.3656666786491403e-01	   4.8330367101935744e-02	   5.5585369580253723e-02	   1.9409750839091849e-01	   3.3761615832757891e-01	   1.5024951724784885e-01	   4.7068911711374645e-01	   4.6833928377050399e-01	   3.8027857576228569e-01	   2.4734896827876451e-01	   3.1898696530208370e-01	   2.5016806654213941e-01	   3.2753155456066885e-01	   1.4147619284457551e-02	   1.6803949239081045e-01	   6.2263688846952381e-01	   6.9293765263170526e-01	   4.9090833380338739e-01	   6.5494818440036817e-01	   5.7798694836995304e-02	   1.6000270248436284e-03	   6.0689316822338124e-01	   8.5777200402707299e-01	   6.4869219145997037e-01	   6.5890849806818386e-01	  -3.9221756672607369e-02	   1.3724254480242304e-01	   4.4624222737999514e-01	   4.0211257630534603e-01	   2.3622678887985021e-01	   2.0428206631270224e-01	   2.5934142558956713e-01	   1.8951861829837352e-01	   3.0363817122358550e-01	   4.4239838311989843e-01	  -1.6197805365928292e-01	  -2.2744939346821657e-02	   8.0411287767344283e-02	   3.0089042418141987e-01	   5.0772136371053700e-01	   2.9936314534583530e-01	   5.2156228694341689e-01	   7.5212615625430668e-01	   5.0672443970171033e-01	   5.4662924263484802e-01	   5.9650823123582963e-01	   6.1127956128986871e-01	   8.0071159726647134e-01	   5.5095987683941439e-01	   7.6303457316875323e-01	   5.1938625786436432e-01	  -1.3904476270175720e-01	   1.0161016290997676e-01	   1.6988085925068383e-01	   2.2877322287355641e-02	   4.2976749679097032e-01	   4.0066627037508684e-01	   1.2363567003611771e-01	   3.1995559874388829e-01	   2.5966987864464486e-01	   2.8890528214578620e-01	   2.4671301704908255e-01	   2.2425816656064090e-01	   1.2656630794171836e-01	   1.7387385421692589e-01	   1.6781766846634585e-01	   2.7538265814216567e-01	  -2.2217692271139317e-01	   2.0026782322320638e-01	   3.0676082355249934e-01	   6.0051590934055057e-02	   3.0884216011426130e-01	  -1.7214280922463274e-01	
  -3.1163725454875064e-02	  -7.6961088414444795e-02	   6.4499048583828489e-01	   4.9707871843473761e-01	   0.0000000000000000e+00	   5.6711003398591386e-01	   5.2979670029071080e-01	   4.0752435375610230e-01	   5.7078835396510619e-01	   3.2381304704973340e-01	  -1.9755576280290954e-01	  -1.8970709966341676e-01	   4.6753195678424488e-02	   1.4745173677214363e-01	   1.8673184774429905e-01	   3.8031320031460569e-01	  -4.1398277110673531e-01	  -3.6248335690518013e-01	  -1.2108633115685763e-01	  -2.1956102387552984e-01	   4.0598953243270008e-01	   4.6022107743512602e-01	   5.3000230663742076e-01	   4.8181407181481661e-01	   6.5958231377692722e-01	   4.6468689950965814e-01	   5.1447057753900027e-01	   4.9938630129014100e-01	  -2.9330038586995599e-01	  -2.5638805253629249e-01	   3.1931883712789688e-01	   2.3056302487315120e-01	   1.2789028276781200e-01	   1.0654380326310650e-01	   3.6629111209122001e-01	   3.8839934253612685e-01	   3.9623007891507672e-01	   3.9931125006264068e-01	   2.6608080641177112e-01	   4.9556924001579594e-01	   3.1054212942521409e-01	   2.4691439149345437e-01	   3.4396178943896549e-01	   2.5633722025499261e-01	   1.8404002932754543e-01	   1.7072264579022411e-01	   1.7530071573923511e-01	   2.1375557236992226e-01	   1.7980762537580947e-01	   3.0527550152951777e-01	   4.0335593927838603e-01	   2.6488850924984503e-01	   2.4758681483256748e-01	   2.5188501379451450e-01	   2.7608344695367881e-01	   3.3761763823780239e-01	   6.0650617539141785e-03	  -4.2394015577379596e-02	   4.5393090386549495e-01	   2.7688932373820585e-01	   3.7012393282056272e-01	   2.9011654818861943e-01	  -7.0633238104039431e-02	  -1.7785044832551472e-01	   5.1002416536562700e-01	   4.3519609779336832e-01	   4.3542246498401116e-01	   3.3323063697710636e-01	   9.7087429254319624e-02	  -1.6988836198708640e-02	  -4.1548543861799229e-02	  -8.1838535372125210e-02	  -1.1948723669004796e-01	  -1.3282997592969184e-01	  -3.4869421107098425e-02	   2.7244653156629176e-02	   9.8784919623099862e-02	  -2.3886299500961598e-02	  -3.5367715311576103e-01	  -2.1263064531818521e-01	  -5.8582411734124609e-02	   1.3864074338511065e-01	   2.6364213821898858e-01	   1.8096681285683267e-01	   3.9356929258159590e-01	   4.3559902124971789e-01	   4.7326612642556642e-01	   5.1342213827523475e-01	   5.1575770385096542e-01	   5.1462817110461101e-01	   4.5665030950584834e-01	   6.2275236749747853e-01	   4.4021393036388984e-01	   4.3261092129760426e-01	  -2.6192523406302493e-01	   1.7366753386726422e-01	  -2.1004852189997252e-02	   7.5711004794523556e-02	   1.0639200614607983e-01	   1.5766522388144133e-01	  -9.3663812286838483e-02	  -4.3014489571988182e-02	  -9.8589421686108680e-02	   4.3133847231863531e-02	   6.0478416725470156e-02	   9.4674134161157539e-02	  -2.0887124043426541e-01	   6.9491854760658403e-02	   2.9422862790668103e-01	   1.5987495775219590e-01	  -1.7470298855717453e-01	   5.9372467315187027e-02	   9.8568466841853261e-02	  -2.0966447570012037e-01	   2.7431585643384254e-01	  -1.0591943045556917e-01	
  -1.6821529621371352e-02	  -1.1543590002918744e-01	   6.7311910734968838e-01	   7.6575121264119583e-01	   5.6711003398591386e-01	   0.0000000000000000e+00	   7.2590350576848417e-01	   7.0348875018219381e-01	   3.8533679135706639e-01	   7.2700449919307841e-01	  -5.2059517027965678e-02	   4.5176650401813088e-02	   1.0655916060593501e-01	   3.1538017436114540e-01	   4.8075892711231843e-01	   6.1040545508784527e-01	  -2.1260722318228403e-01	  -1.9863052122343189e-01	   8.3272692676598578e-02	  -8.3803173679385806e-03	   3.2868462213540467e-01	   5.0370189204718507e-01	   7.3191812630350395e-01	   7.8607489978929712e-01	   5.5942062181778796e-01	   6.0816635751342807e-01	   2.7448392022387319e-01	   5.3862981447573177e-01	   1.3939781215812016e-02	  -3.0661232358237984e-03	   5.2110495250238031e-01	   6.0132679266731937e-01	   4.1757988435698212e-01	   4.1510213377921162e-01	   4.6491778380589743e-01	   4.1279575828984560e-01	   2.3706416545427000e-01	   2.9548327857344797e-01	   1.9591279945061568e-01	   2.4737113886264897e-01	   2.7193374226125400e-01	   1.2821960161929280e-01	   3.4685286438490115e-01	   2.0021166940865043e-01	   1.5569758643995951e-01	   1.2777730729452030e-01	   2.1591637480228304e-01	   3.1613949125342544e-01	   1.6077157735287373e-01	   3.1633230510743199e-01	   3.2242985858235840e-01	   2.5357829766764584e-01	   1.9668214462505584e-01	   2.8895901140277291e-01	   1.6871653986500512e-01	   2.0299588538290339e-01	  -2.0928649978419232e-02	   1.0015307610960346e-02	   3.7158809489728095e-01	   3.7093551383878676e-01	   5.7001855756715025e-01	   5.3028342777018134e-01	   4.6549496344420939e-02	  -4.0120638586684881e-02	   6.9896059534803090e-01	   6.9046700486653312e-01	   4.6458505564220354e-01	   3.8290984090422420e-01	  -1.0665283672765416e-01	  -2.6536193005469839e-02	   3.1757125021532184e-01	   2.5013896178715944e-01	   1.3744450514268416e-01	   1.3046201288661211e-01	   1.7535820328160190e-01	   2.0844346388790835e-01	   1.5051863899351450e-01	   2.1215329326862589e-01	  -1.3501978076513577e-01	  -6.6567907440418170e-02	   1.0396724539939586e-01	   2.6846945656676685e-01	   4.7851711118534229e-01	   2.5835868848554655e-01	   5.7693271423326287e-01	   6.5223703514056841e-01	   4.0020233469363775e-01	   5.1025046784196715e-01	   5.7500777213461796e-01	   5.4464709173068215e-01	   6.6284981158050704e-01	   6.8199287704554690e-01	   6.5357563362374060e-01	   6.0829233717019648e-01	  -7.7292480289139848e-02	   6.8535580589967338e-02	   9.8863542937950563e-02	   3.2777884555799195e-03	   3.0929710471729138e-01	   3.4377460891401035e-01	   8.9558503851667359e-02	   2.8770982297185166e-01	   1.1893432673084872e-01	   2.7300618155526324e-01	   1.7022917238221080e-01	   1.6615397567538104e-01	   1.3130729299172023e-01	   1.1024312875980683e-02	   6.6060145822458075e-02	   1.8269407677764268e-01	  -1.2159966731256346e-01	   2.2056895470020291e-01	   2.3580933261524109e-01	   1.5486215703281184e-01	   2.3540372121434019e-01	  -1.1244453501290785e-01	
   1.2732189035988031e-01	   1.0637161943267713e-01	   8.5464261481027981e-01	   7.4510052794534165e-01	   5.2979670029071080e-01	   7.2590350576848417e-01	   0.0000000000000000e+00	   7.4062496095611774e-01	   4.3215084768481105e-01	   4.6476053933912520e-01	   1.3893878421562336e-01	   6.7137732306551942e-02	   3.0911425906177159e-01	   4.3683824154210060e-01	   4.2813587979313028e-01	   5.4758859066346610e-01	  -3.3934526801244491e-01	  -3.6990456639046421e-01	   5.1069159263710799e-02	  -1.5163335495015762e-01	   3.9399167861383783e-01	   4.3738367802661315e-01	   7.8664898443440878e-01	   7.3030119407899896e-01	   6.3825866729792669e-01	   5.4142705165412086e-01	   3.3537477897148665e-01	   6.0329511986565831e-01	  -1.7684202179531300e-01	  -2.1108301080956621e-01	   4.1767554971440929e-01	   4.0329833930263342e-01	   3.4608582475730176e-01	   2.8431663870883150e-01	   5.7552818414156048e-01	   4.9560291603361006e-01	   1.4021367401758641e-01	   1.4827293706181779e-01	   1.0757905262569008e-01	   2.1318494836058621e-01	   2.3990691114252449e-01	   1.8811056135688145e-01	   2.2331791536553564e-01	  -4.0221443483434947e-02	   5.3620640096317500e-03	  -4.9693558082899915e-02	   1.3307274346737208e-01	   2.5358026220019292e-01	   2.3013490224717600e-01	   4.1113367378650667e-01	   5.4358583295913321e-01	   4.1718830244062288e-01	   3.3550146796371771e-01	   4.2853532292662161e-01	   1.3787713140436786e-01	   1.2583507598461485e-01	  -6.7621984966081808e-02	  -1.3935119616672881e-01	   6.1912418977303274e-01	   3.3779820977377539e-01	   6.8162229597835400e-01	   5.4042660195250947e-01	   1.6218281940861257e-01	  -8.3154712579607923e-02	   7.2479511550004327e-01	   6.9316780865797267e-01	   6.3432996154423982e-01	   4.3216197081977015e-01	  -7.6859263311906789e-02	  -4.3629283455548805e-02	   1.9329209198766245e-01	   1.8558798360575487e-01	   1.2119852299318870e-01	  -1.9596081133101639e-02	   1.8828992113859921e-01	   6.2006343332346420e-02	   2.9308848327973386e-02	   1.1514437910563204e-01	  -3.0259679290132024e-01	  -1.5319492584214922e-01	   5.5918966402157329e-02	   2.8622864988138985e-01	   4.7714908016341262e-01	   2.5214170402706199e-01	   7.0252661958274099e-01	   6.5053925479590147e-01	   4.5439857242771658e-01	   5.1586991783001268e-01	   5.1181356398418043e-01	   4.1712852781896814e-01	   5.6897467748011843e-01	   7.1061497718435285e-01	   5.8255881156608846e-01	   7.0792601083140982e-01	  -2.2708058263679870e-01	   2.1502159151848366e-01	  -1.0089748259063580e-01	  -1.3884476655911848e-01	   6.5686312759366677e-02	   1.3558097383723117e-01	   1.4575504280722906e-01	   4.0320176723723467e-01	   2.5257701603261323e-01	   1.8400079061409322e-01	   1.8135539748822196e-01	   1.5755551575719889e-01	  -1.5344550127928769e-01	  -1.4577440361236266e-01	   2.8910979169891737e-01	   3.9637879026118872e-01	  -3.4242090982492274e-01	   9.7033278189431249e-02	   1.7532712760909358e-01	  -1.2544511799846342e-01	   2.4169906001998309e-01	  -2.2107287682150178e-01	
   9.9780179625847870e-02	   2.3658625945323586e-01	   5.6364581713255746e-01	   8.5633766549225698e-01	   4.0752435375610230e-01	   7.0348875018219381e-01	   7.4062496095611774e-01	   0.0000000000000000e+00	   4.6071055226387292e-01	   7.3066033153140619e-01	   3.4126364770384765e-01	   4.7727270322349147e-01	   3.5287560750749664e-01	   6.3032852374817638e-01	   3.6872820039720156e-01	   7.5587422614255440e-01	  -5.2211169219411845e-02	  -3.7197534182949465e-02	   1.6923666489425962e-01	   1.2709835509427603e-01	   2.9416457153187592e-01	   3.6008488286699258e-01	   6.6334051726467580e-01	   8.2009065082974120e-01	   4.4189591789356647e-01	   5.4445715206885581e-01	  -1.8530519001337153e-03	   2.7472489843572018e-01	   1.0647867615199005e-01	   1.3391859479147408e-01	   4.9002554532757930e-01	   6.2054549747930743e-01	   4.0099650488074734e-01	   4.4393492945884255e-01	   3.3865617547567661e-01	   3.6638538024698408e-01	   3.8101979082492729e-02	   1.4911033106193122e-01	   1.0646808946237143e-01	   2.4451562170208763e-01	   2.5748571697682499e-01	   1.8062133752728721e-01	   2.4432352721224410e-01	   1.0691403734294555e-01	   5.2511011928296818e-02	   5.9469616708758472e-02	   2.1634598577727499e-01	   4.0131358408122675e-01	   2.5424741050568866e-01	   5.5675269447916742e-01	   5.1053689598042884e-01	   4.9752928661733387e-01	   3.3841730148600579e-01	   4.8606216143432374e-01	   1.9837085643463764e-01	   2.3391960222059649e-01	   9.9051412645965953e-02	   2.4664719253928630e-01	   5.7191116330077374e-01	   6.4979424906071248e-01	   6.5151460131909089e-01	   7.5173629476779136e-01	   2.3488764453634209e-01	   2.2476853345484427e-01	   4.7221075227442677e-01	   6.8774133657445979e-01	   4.4968096752555875e-01	   4.3777346293358294e-01	  -1.5323385116453314e-01	  -1.5672243310868476e-02	   3.6674406832197742e-01	   4.1301125025221819e-01	   2.9756242960708690e-01	   2.9232465780777700e-01	   3.8642480775943039e-01	   3.5981822200993296e-01	   2.5665410020352719e-01	   4.3348539979217648e-01	   2.7384496576440535e-02	   6.9932597548296616e-02	   1.6711688609511444e-01	   4.1863811265237594e-01	   4.4179885681098552e-01	   3.3581752928607927e-01	   5.3816031593294400e-01	   7.8722717090627758e-01	   3.0673479266024550e-01	   4.5482339107311709e-01	   5.2984784460265610e-01	   6.6744691586122840e-01	   7.7129044595610619e-01	   5.0600386737795355e-01	   7.3775236765259522e-01	   6.0536846223469332e-01	  -6.1322294162123536e-02	   1.0636858183584792e-01	   1.2496510793552804e-01	   2.9985643746934916e-02	   3.8060176059282669e-01	   3.1873499048594284e-01	   1.6033077257897183e-01	   3.9652361823104321e-01	   2.7409068013126536e-01	   2.1721725585804566e-01	   2.2154028329330383e-01	   1.0602891489735376e-01	   1.6391926014741109e-02	   1.5036100949160114e-01	   1.7169250605591346e-01	   3.9113280943329598e-01	  -1.9312430611360903e-01	   2.0196263666580461e-01	   3.7342547663032688e-01	  -2.1922647657517752e-02	   2.6439662593357616e-01	  -1.6654025299400638e-01	
   5.1208818929128527e-02	   2.1037876117562876e-01	   3.3404109887636491e-01	   3.1208153506742298e-01	   5.7078835396510619e-01	   3.8533679135706639e-01	   4.3215084768481105e-01	   4.6071055226387292e-01	   0.0000000000000000e+00	   6.0205233449195139e-01	   1.0116981135373301e-01	   3.4263310499102237e-02	   3.5334994279191745e-01	   2.8636365573241751e-01	   2.6119782795406432e-01	   3.3964652311159238e-01	  -2.9126362547920825e-01	  -1.7980870922483555e-01	  -1.8963563412970935e-01	  -2.4330267701747005e-01	  -2.2456451459482326e-02	   5.7719117926788355e-02	   5.3126630870014036e-01	   4.7662689296663219e-01	   1.8401276998796004e-01	   6.1859125777722616e-02	   1.2383711497178440e-01	   1.4838265892066599e-01	  -1.3208150205902708e-01	  -1.1349594116153222e-01	   9.0785774352165810e-02	   1.5969549181807130e-01	  -5.6067631417387784e-02	  -1.2581510932240675e-01	   8.9401396911741010e-02	   6.4227080060889563e-02	   1.1843312714415247e-01	   1.1681550187297340e-01	  -6.7997423890187897e-02	   5.5165858862919470e-02	  -1.8422584544071009e-02	  -1.0914678235890581e-01	   1.3397499166183358e-01	   6.0583841848099527e-02	  -7.3916405354277764e-02	  -2.2775220580275039e-02	  -2.6154517521637707e-02	   1.0143006851798550e-01	   1.7837032519704826e-01	   3.8707503157545659e-01	   5.4456428833983261e-01	   4.6443297322198007e-01	   4.9051799717188727e-01	   5.1978232920591383e-01	   2.5027257011594300e-01	   2.0526665726914828e-01	  -3.6408296916330601e-02	   1.8568306108733442e-02	   3.9493869630785849e-01	   2.5774159170740801e-01	   4.1490443668631016e-01	   3.3290362006446306e-01	  -2.2090154248094584e-01	  -1.7080809950237102e-01	   3.9096569584062318e-01	   3.1013920079306828e-01	   6.8636675448968648e-02	  -3.2290151147044893e-02	  -1.2458341261306635e-01	  -1.9701848048202020e-01	   3.6737839254618147e-02	   4.5828458196470225e-03	  -3.9214141544523601e-02	  -7.8288349414506367e-02	   2.3671820803220395e-01	   2.1164464460699370e-01	   2.5411672910464436e-02	   2.6174701960310302e-02	  -5.8121029610618748e-02	  -1.0022649106694967e-01	   5.4202233803663763e-02	   1.3279298250727484e-01	  -8.3694633673381771e-02	  -1.7339718315223007e-01	   4.3376204774506366e-01	   4.0696534847218124e-01	   2.8021126220475329e-01	   1.2937945926147615e-01	   5.2155273870702423e-01	   6.2228464223415869e-01	   3.1469141696841735e-01	   5.2770022820124973e-01	   2.7553454804381450e-01	   4.0169187565732056e-01	  -1.5889450918777553e-01	  -2.4626977934268338e-02	  -3.7834597152336669e-01	  -1.5906389738253465e-01	  -1.0533808824793278e-01	   1.8816304383020752e-03	  -2.6960338150298674e-01	  -2.2111392655626635e-01	  -3.2926241903954961e-01	  -2.0751893852621148e-01	   1.0914097615392063e-01	  -3.5752163662865259e-02	  -2.3267141195832053e-01	   6.0973576004962754e-02	   2.5741967588316422e-01	   1.5482692106794832e-01	  -3.5073771607340160e-01	  -1.9305201873972616e-01	   4.1736142669165630e-02	  -8.5318056525649263e-02	   3.0982688226492300e-01	   6.0742180164204587e-02	
   4.3413238327863431e-02	   5.7032483457667406e-02	   3.2703229657142474e-01	   6.4467743175995640e-01	   3.2381304704973340e-01	   7.2700449919307841e-01	   4.6476053933912520e-01	   7.3066033153140619e-01	   6.0205233449195139e-01	   0.0000000000000000e+00	   9.6429809146005657e-02	   2.7910253222630244e-01	   2.5551005012698225e-01	   3.8898420982267701e-01	   4.7751280945642716e-01	   6.0139518306206829e-01	  -9.5254814305563179e-02	  -2.2501418125687872e-02	   8.5487868476569098e-02	   9.1797272487871728e-02	   1.2773438731168369e-02	   1.8876443586797514e-01	   5.9805500114411503e-01	   7.3560896079593352e-01	   1.9023662641648414e-01	   3.1062082769461474e-01	  -2.2381915782751657e-03	   1.6553171559506136e-01	   1.7181705191881141e-01	   1.4116778499712540e-01	   3.4909838182312480e-01	   5.3883166958716078e-01	   1.6735647603871626e-01	   2.1108200690930565e-01	   7.6944208646002127e-02	   4.3804900055013828e-02	   2.8596389612379210e-02	   1.3652249026356431e-01	   1.4452913867161575e-02	   3.3007089688448871e-02	   5.0605207731828110e-03	  -1.5923468915788824e-01	   2.0832871803177791e-01	   1.7664742326106328e-01	   6.2700706396418393e-02	   9.7708453562502059e-02	   1.0409670765864444e-01	   2.5271464987404796e-01	   1.6809247431393090e-01	   3.9132607029355748e-01	   3.7412958735756013e-01	   3.6117857969982969e-01	   2.8576046028745178e-01	   4.0275295011003370e-01	   1.9524387040653710e-01	   1.6923739468560786e-01	  -5.5710324517705002e-02	   1.7918707257191913e-01	   2.7256795604150263e-01	   4.8462475499877367e-01	   4.0889241268758114e-01	   5.7281476813400944e-01	  -1.6312196051813443e-01	  -2.9780956722991758e-02	   4.3851027868629322e-01	   5.5209121421079543e-01	   8.3655217388662662e-02	   1.0938153743212392e-01	  -2.6325796178070204e-01	  -1.0836670697358138e-01	   3.2805949849989569e-01	   3.1883502922917156e-01	   1.6320048870188458e-01	   1.8953329818376080e-01	   3.0177170459343206e-01	   3.5867249280980429e-01	   1.4127545989387930e-01	   2.4846155740121062e-01	   4.1134293898345581e-02	   4.5077746341872407e-02	   2.2203458343509641e-01	   2.9474122746399045e-01	   2.5115747024187995e-01	   1.3716765021051536e-02	   4.9310005366154785e-01	   6.0495148220928630e-01	   2.8176131651325265e-01	   2.3335207566198735e-01	   5.1826697126361998e-01	   6.9221131536127090e-01	   6.3033388664334256e-01	   4.3882918483366662e-01	   6.3490073884403220e-01	   4.2872934985440525e-01	   6.1554210287472613e-02	  -1.2528821971547205e-01	  -1.4291061719008126e-02	  -6.6850089540088989e-02	   2.8133032512799133e-01	   2.4611813472909022e-01	  -7.8525911299462597e-02	   4.0080661266394091e-02	  -8.1092533244930917e-02	   9.5452487774031050e-02	   1.8005164999131254e-01	   5.1019866373180928e-02	   1.3529486814215408e-01	   7.4552670160450460e-02	   1.5517106152623491e-02	   1.3409486917481689e-01	  -7.1130325549540102e-02	   8.9454871590731802e-02	   3.1156694624412451e-01	   2.4564897482086931e-01	   3.1286767427579165e-01	   3.0318648254009952e-02	
   4.7685577369066812e-01	   6.8774283899945865e-01	  -3.1680103472173815e-02	   2.4196259545578150e-02	  -1.9755576280290954e-01	  -5.2059517027965678e-02	   1.3893878421562336e-01	   3.4126364770384765e-01	   1.0116981135373301e-01	   9.6429809146005657e-02	   0.0000000000000000e+00	   8.5028185093814945e-01	   7.9474590441847592e-01	   7.2939768042512965e-01	   1.2827474178909337e-01	   2.3857039527430041e-01	   4.7783596015124319e-01	   4.4681358449798564e-01	   2.5552098346461394e-01	   1.7778217728425166e-01	   8.3189776056836647e-03	  -1.9750444120574973e-01	   1.9868267065281045e-01	   1.0693096955318221e-01	  -9.6745752957679135e-02	  -5.8243001022608543e-02	  -3.1106489031542534e-01	  -2.6317345768617062e-01	   4.7325274770157799e-01	   4.0749933543893591e-01	   1.1294929419574957e-01	   1.0887405543327999e-01	   9.9415739427958574e-02	  -2.5137516283582542e-02	  -7.2997005095843698e-02	  -1.2721962237386319e-01	  -1.3066115089232938e-01	  -1.3982411696008609e-01	  -1.3752645548144804e-01	  -8.1337279062917087e-02	   7.4664515632931999e-02	   1.1533776263260687e-01	   1.9944871204361353e-01	   9.7406581886668037e-02	   8.9623153880927467e-02	   8.8339857274826294e-02	   3.0537530037390637e-01	   3.8820003669278064e-01	   2.7702403626779709e-01	   4.0537053472145845e-01	   2.5707797094028007e-01	   4.7598231223023441e-01	   4.9589801408330153e-01	   4.6703855737884170e-01	   1.6314102497473876e-01	   1.3368095433256263e-01	   3.6938147698208201e-01	   3.8477214290687217e-01	   1.8117021078616585e-01	   9.0535113232692171e-02	   1.6124289638890832e-01	   4.5381295228998642e-02	   4.2385860947143650e-01	   3.6979711600531839e-01	  -7.8968421396078098e-02	  -1.4414774535485639e-01	  -2.9112451157693897e-02	  -1.0573991982410680e-01	  -3.8249024227101920e-02	  -9.3087890109320323e-02	   6.5704706591945466e-02	   3.6574494491681597e-01	   4.3923247234233143e-01	   4.2001552270347831e-01	   5.6944733501973321e-01	   4.9549210131078752e-01	   2.0598892370364513e-01	   3.3215287693544449e-01	   4.7297565678583259e-01	   3.6244275796779302e-01	   5.0381585700590448e-01	   4.8638359904672446e-01	  -9.0814053545267392e-02	   9.6929225402005350e-03	   2.8715033197853840e-01	   3.1088620194490901e-01	  -3.2109562520684143e-01	  -2.0167996062734211e-01	   5.9677436469987175e-02	   1.8090731794440040e-01	   5.6357584588123039e-02	   2.0217282337015707e-02	   3.1336776031780728e-02	   3.4222098105055465e-01	  -6.9231909677258327e-02	   5.6191352315825588e-02	   5.6177162546905995e-02	   8.5173249891041886e-02	   1.5392565737545480e-01	   9.8980371434093189e-02	   2.5324633136030406e-01	   4.2578546473101131e-01	   2.4600267265831213e-01	   4.8753703412222973e-02	   1.1873441947474747e-01	   6.5867466990289683e-02	  -9.2407735409551162e-02	   1.0092928727154915e-01	   2.9410176629029589e-02	   1.6191826182985308e-01	   1.0615901575298023e-01	   2.4488642218378831e-01	   1.6860136017421565e-01	  -1.5305062227212043e-01	   8.3428236382443788e-02	  -1.5704223391547581e-01	
   3.6529934542763187e-01	   5.6212327533306261e-01	  -1.3511955047804619e-01	   1.6562517360765258e-01	  -1.8970709966341676e-01	   4.5176650401813088e-02	   6.7137732306551942e-02	   4.7727270322349147e-01	   3.4263310499102237e-02	   2.7910253222630244e-01	   8.5028185093814945e-01	   0.0000000000000000e+00	   6.0027223807741759e-01	   7.3148720949701485e-01	   6.3926071486551670e-03	   3.9541676471589193e-01	   5.8453475251738185e-01	   6.0814339212434243e-01	   4.0256663793847119e-01	   4.4497842357147505e-01	   4.3001875154209286e-03	  -1.0839889484586640e-01	   1.4410690779283647e-01	   2.4455706106487080e-01	  -1.5118130981475636e-01	   2.2214411412340367e-02	  -4.8547868870180821e-01	  -3.8967588099741379e-01	   6.4572700131490723e-01	   6.5225982852626219e-01	   1.9023299915232889e-01	   2.9897662864085717e-01	   1.6564709278514711e-01	   1.3017070791858071e-01	  -1.5825324169742566e-01	  -1.7109143412472275e-01	  -2.5126215614686803e-01	  -2.2736463701112217e-01	  -1.9721433870914978e-01	  -1.0091752983704924e-01	   9.9889843027115063e-03	   3.1301074706401766e-03	   2.0879842233315207e-01	   1.5351255058719168e-01	   1.3883975586748060e-01	   1.5964624038946779e-01	   3.2401261894488365e-01	   4.5794033475410223e-01	   2.6621811030581011e-01	   3.8872983995407151e-01	   1.7916322072538959e-01	   3.8877379559621272e-01	   3.8950853095025118e-01	   4.1849688270826502e-01	   1.5896695064529312e-01	   9.2135007353469092e-02	   3.6874326823799308e-01	   5.2192519639496771e-01	   1.4834037026756774e-01	   2.8377839423694767e-01	   1.3886708131663866e-01	   2.5566759046159204e-01	   3.7610333240725402e-01	   5.0766745894425302e-01	  -1.7327742853097183e-01	  -8.3696388849838516e-02	  -1.0670989344866244e-01	  -1.0857232513999132e-01	  -1.5758452338040627e-01	  -6.1669775493198700e-02	   1.4081390686843001e-01	   3.5977347816429023e-01	   4.5194943092557915e-01	   5.0899767982714961e-01	   5.5696972985760895e-01	   5.7839415152710927e-01	   2.1226808356738719e-01	   3.8053997036382281e-01	   5.5971885619509409e-01	   4.5819199379401465e-01	   4.4161184894894578e-01	   5.3153372929672182e-01	   2.3666627759763678e-02	   1.0445021195224144e-01	   1.3076442607642397e-01	   3.4899212668797353e-01	  -3.3641355724580957e-01	  -1.2180956757714086e-01	   1.8873273472494161e-02	   2.8878704621696050e-01	   2.4110832328900070e-01	  -9.0155630612810470e-02	   2.1162380601511288e-01	   1.9851095528973822e-01	   1.6434865008252239e-01	   1.1902585922775413e-01	   2.5294631081540025e-01	   2.0604331114646485e-01	   3.7269972370122650e-01	   2.3515720090009454e-01	   2.9234439212573621e-01	   3.7240945530745184e-01	   2.7189731355279545e-01	   6.9073008243011533e-02	  -3.4716628818112660e-02	  -1.3514887074979196e-01	  -5.1292913146814931e-02	   1.1006751762305372e-01	   2.5387748495547747e-02	   2.3021529726562015e-01	   2.4780860542172961e-01	   3.4915094893406351e-01	   3.1144639041979827e-01	  -4.8005336916975345e-02	   7.6830403704647426e-03	  -1.3092719463967817e-01	
   5.1284538321325635e-01	   5.6900722904785195e-01	   1.5468700862217977e-01	   1.3099121861150864e-01	   4.6753195678424488e-02	   1.0655916060593501e-01	   3.0911425906177159e-01	   3.5287560750749664e-01	   3.5334994279191745e-01	   2.5551005012698225e-01	   7.9474590441847592e-01	   6.0027223807741759e-01	   0.0000000000000000e+00	   8.0248262603839704e-01	   4.2036254721362087e-01	   3.0304281158668767e-01	   3.4735020650805332e-02	   1.5288124921161793e-02	   1.4744124502879756e-02	  -1.4694548512746658e-01	  -5.8748590884488597e-02	  -1.8185486867220077e-01	   4.0157927776897429e-01	   2.4066471791108268e-01	   2.5011859153873051e-02	  -2.9115950685691852e-02	   2.0040973389339740e-03	  -1.9482243832910761e-02	   1.7429011149960461e-01	   5.8241797376044527e-02	   5.8222014223536261e-02	   7.9910301387264931e-02	  -1.4684027991767646e-02	  -1.9533671120033919e-01	   5.2684383393038131e-02	  -7.6076698556328509e-02	   2.6886222225705463e-02	   3.4718807957579589e-02	  -6.6846811168746981e-02	  -6.5682526974464903e-02	  -2.3193949034030013e-02	  -5.1649351663775170e-02	   2.8060641569828582e-01	   1.7040924448905337e-01	   1.0721698007161948e-01	   1.2098675944389549e-01	   2.6600098199672084e-01	   3.4672701958178476e-01	   3.7729263511809197e-01	   4.7559785017069045e-01	   4.3394860667514989e-01	   5.7517571675690715e-01	   6.6965264816977021e-01	   5.3211444072921954e-01	   3.6145227865319429e-01	   2.3202864832540204e-01	   8.7378791781433804e-02	   7.0593102253067391e-02	   2.9330394939876997e-01	   1.2423436081099604e-01	   7.4974469395637150e-02	   1.9692484136103812e-02	   3.6694133377693824e-02	  -9.2970204560287165e-02	   1.8671293722808727e-01	   6.2751462531033420e-02	   4.3913865742144865e-03	  -1.0012538824949041e-01	  -1.4415542096016526e-01	  -2.7311452721553486e-01	   8.7260858806369093e-02	   2.9849382567866456e-01	   3.1068543310415775e-01	   2.7242234994052955e-01	   4.6370150540139449e-01	   4.8389052246280700e-01	   5.7889259251483291e-02	   7.2856202794891925e-02	   9.3075086664990869e-02	  -1.1231365755105535e-02	   4.5421274218220753e-01	   4.7079245380898305e-01	  -7.0000128365148795e-02	  -1.1279221603661020e-01	   5.1150114804487978e-01	   4.0223270700809510e-01	   4.6726843151310593e-02	   6.2494662850773500e-02	   2.2601830282986132e-01	   3.3541156695840751e-01	   7.7632471426399688e-02	   2.0970771180041317e-01	   6.3935974735192469e-02	   3.5382632137088632e-01	  -2.1831632965824196e-01	  -4.0315189275212174e-02	  -2.2635079814649928e-01	  -1.7979297711299058e-01	  -8.8647366351259832e-02	  -1.5363594559334914e-01	   1.6954391779421495e-02	   1.7653191404020124e-01	  -4.9085690945284879e-02	  -6.4924412949351112e-02	   2.3367978078607751e-01	   1.9377656994552753e-01	  -2.7055471661505305e-04	   1.5306126947754981e-01	   1.0332239838364821e-01	  -1.0660663253444962e-02	  -1.1863493853345070e-01	   2.2460366721098069e-03	   1.9496389838534731e-02	  -1.7100834311663243e-02	   3.1661953731031572e-01	   2.2610909431641055e-02	
