   0.0000000000000000e+00	   5.6832637010168729e-01	  -1.5971401986269690e-01	   6.4756935790890729e-02	   8.4333234867497275e-02	   7.9127884761692219e-02	   5.9123137179294093e-02	  -9.9070011237043110e-03	  -3.0662737799117468e-01	  -6.9117077032220448e-02	   5.7175543274625773e-01	   3.6017862567929482e-01	   3.0388486063155012e-01	   2.6807513803216787e-01	   2.1359956087617671e-01	   1.7684585875953213e-01	   6.4635624924264123e-01	   5.2552445141352011e-01	   5.2274077577239053e-01	   3.7922551450686359e-01	  -8.5193908586505170e-03	  -7.1566028402291593e-02	  -2.1187415336557835e-01	  -7.6704777823766820e-02	  -1.9202375395801369e-01	  -1.2521446923041826e-01	  -6.7649401472274440e-02	  -1.2191328532711574e-02	   3.9786390794954102e-01	   2.9497220778962852e-01	  -2.1124418961032954e-01	  -1.8316405158761004e-01	   3.2946614730134882e-01	   3.3658714091172248e-01	  -1.0914702580056719e-01	   3.1639044194951602e-02	   2.4119771404115964e-01	   1.1480484564942572e-01	   8.4418622007950972e-02	   4.8680460778078229e-02	   3.8954051279523438e-01	   3.3708727403022387e-01	   2.7127644389441713e-01	   3.7651373973871416e-01	   3.3215838418007620e-01	   3.7698361884669623e-01	   4.6511252812395787e-01	   3.5373575611991626e-01	   1.1978902097230977e-01	   6.7424891623812017e-02	   1.0593513927479453e-01	   3.9576113319772968e-02	   4.5334926637864886e-01	   5.3793369740310466e-02	   2.4465236736970808e-01	   1.1450785906916044e-01	   7.0504620971617138e-01	   4.8754361591478246e-01	   5.7924810885668121e-01	   4.5093928725413213e-01	   4.1274324934907991e-01	   1.1392317255049664e-01	   5.3498582085385193e-01	   4.3969624326575951e-01	  -2.3682839548646278e-01	  -1.0557178662881657e-01	   1.6351698566019102e-01	   1.7809972617321140e-01	   1.5851945086402397e-01	   4.2673643513188211e-02	   2.4423990217076597e-01	   5.1340778417735544e-02	   5.7959551707578350e-01	   5.1924234930809587e-01	   6.1009148126213186e-01	   4.2006828878270230e-01	   5.1346082878247157e-01	   3.6001519919048780e-01	   3.2545435314406301e-01	   2.7473128395769625e-01	   4.9092139484047609e-01	   4.4769762392207962e-01	   2.8946240757861869e-01	   3.4164099106895696e-01	   1.4048576263214935e-01	   4.1467103889716550e-01	   1.9714401496442135e-01	   2.0269026192861983e-01	   2.2155613274547536e-01	   1.9428281461649005e-01	   3.0998342763852832e-01	   7.7859781299742400e-02	   1.4524256469369623e-01	   2.1978498512924546e-01	  -4.9173583005682676e-02	   4.0753902292819146e-02	   3.9986373513063000e-01	   4.5413774696395404e-01	   4.9742165470594141e-01	   3.1931841045052090e-01	   1.5698017455232283e-01	   3.7013246157714164e-01	   5.1461078920707704e-01	   6.4754785519476044e-01	   5.4290473148510904e-02	   6.6799322106842737e-02	   2.1118210239772833e-01	   4.3484858424944206e-03	   1.1715012078077686e-01	   3.9326940106597774e-01	   5.3800471106744983e-02	   5.8265437249152507e-01	   5.3655000185770541e-01	   1.9928928988292088e-01	   1.1839194869976342e-02	   4.6257503595357810e-02	
   5.6832637010168729e-01	   0.0000000000000000e+00	  -3.7733292357518211e-01	   1.7830142198837651e-02	  -2.1420962124651627e-01	  -1.9087345985194051e-01	  -1.2508965138400871e-01	  -1.8458840591888301e-01	  -2.6998914905305543e-01	  -1.0374771493263560e-01	   5.2911206291900181e-01	   3.7265777213930185e-01	   3.3689125348908977e-01	   3.2510840784682771e-01	   2.1728382821763820e-01	   3.7765093802345817e-01	   6.3533539781427684e-01	   6.9804382041226454e-01	   4.8791652709890920e-01	   4.9631161201929125e-01	  -2.9985373789804548e-01	  -2.9521891930637534e-01	  -7.9859925146929980e-02	   9.1089735268537933e-02	  -3.6845200925256949e-01	  -2.4068257245038374e-01	  -2.4007518569683775e-01	  -1.2113423842122374e-01	   4.0857564701148102e-01	   4.2300439151302549e-01	  -2.1443466145226803e-01	  -2.4047204239906689e-01	   1.4565528513190457e-01	   2.0204948799813521e-01	  -3.9453907692079976e-01	  -2.3140756085486544e-01	   1.5082002352467658e-01	   1.0577666656129373e-01	   4.9882572941961335e-02	   5.5544524422665720e-02	   3.8351099931906701e-01	   4.3274328894875852e-01	   3.2390572096709908e-01	   3.0604734676889001e-01	   1.4709523423001677e-01	   9.4837479942478126e-02	   4.5772772471712120e-01	   3.9003615293983468e-01	   2.1163536020958351e-01	   7.4766702270918167e-02	   4.1845154832777898e-02	   3.5823377334050166e-02	   3.8460707410164452e-01	   1.9478219201251412e-01	   3.0278314283973701e-01	   2.3760750497869876e-01	   5.4957683917733113e-01	   8.2078366789474344e-01	   1.5032952109071607e-01	   2.7357892494060210e-01	   2.0527693313827944e-01	  -5.0562390057916753e-02	   5.4317309614789910e-01	   4.3493912925851363e-01	  -3.6655400881078248e-01	  -3.3292021874280670e-01	  -2.2347401078671739e-01	  -1.3429943656384416e-01	   3.5284967080880462e-02	   4.9969948882503418e-02	  -1.3510475760998834e-02	  -1.1247153194349938e-01	   2.6965543995727398e-01	   5.7067302583995927e-01	   1.0206111941372722e-01	   4.4869514708696095e-01	   5.0114684631654716e-01	   4.3387372448406936e-01	   3.0770166472335536e-01	   5.3524069759419368e-01	   4.5263887595818253e-01	   3.8565248319158563e-01	   2.3100045748879300e-01	   3.8711661054736968e-01	  -2.0117640137097839e-02	   1.4143226105009249e-01	  -8.1310248056311804e-02	   1.0082214522624247e-01	   1.6653475201696855e-01	   1.4124584408207286e-01	   2.4960208935742606e-01	  -3.4084195568343024e-03	   4.0840032064361056e-02	   1.4466316370181715e-02	  -2.1109509406337035e-01	  -2.0908353894489310e-02	   3.9395734831123941e-01	   1.2242180165965617e-01	   5.6954788985513427e-01	   2.8275721141374371e-01	   7.8865444817446076e-02	   1.4305466497247429e-01	   5.2367507643858979e-01	   3.8821459766427546e-01	  -7.4773261672100872e-03	  -2.4665594941529340e-01	   3.4405825193756495e-01	  -1.5429009482072542e-01	  -3.9940683146868217e-03	   9.4980001001300635e-02	  -1.1007510315788301e-01	   5.0971215488443045e-01	   3.2667914547459181e-01	   1.8104666437634437e-01	   1.8130158499650245e-02	  -4.3673309891762317e-02	
  -1.5971401986269690e-01	  -3.7733292357518211e-01	   0.0000000000000000e+00	   5.7641890335958668e-01	   3.4043325553201276e-01	   3.0769637384334825e-01	   4.6570240580544009e-01	   2.3615312838616437e-01	   4.3069926647487955e-01	   2.3107732588316743e-01	  -1.7439830788689620e-01	  -3.3091377289971041e-01	   7.1701246516178360e-02	  -6.2583337034920639e-02	   3.0220103035548795e-01	   1.1377032258191329e-01	  -1.6118601223886195e-01	  -2.2158563661656333e-01	   1.1694867804578554e-02	  -8.0152889608530481e-02	   5.9132837173344366e-01	   5.6176612570372497e-01	   5.7198675775481300e-01	   2.1417971129885302e-01	   7.5320276755009552e-01	   6.1756445767279700e-01	   6.2160705943962868e-01	   5.6272013588562220e-01	  -5.0756326506828077e-02	  -7.3044850262688726e-02	   6.2027948971087166e-01	   6.2090970910058363e-01	   3.7422522369033445e-01	   2.3477964624682973e-01	   6.6058831483989500e-01	   4.9923368076175423e-01	   1.1186615508139451e-01	   6.5985868080114099e-02	   2.8561290070669854e-01	   2.1169935503210163e-01	   5.7304320931417449e-02	  -1.7462554696761626e-02	   2.1600620406019136e-01	   4.3440920440362227e-02	   8.4601549594718300e-02	   9.7995421810900984e-02	   9.5031932406699805e-03	   8.5599807003299361e-02	  -7.5538344614609010e-02	   6.6986861772216522e-02	   3.0659313226319806e-01	   7.1429657054540546e-02	  -1.2146755204581039e-01	  -1.3872317327094119e-01	  -6.4218241041932078e-02	  -9.8188214197647283e-02	  -1.6414697058339930e-01	  -3.2525303742091971e-01	   1.8624588598808361e-01	  -1.1510060695780792e-01	   1.3470751402898273e-01	   1.5608084126940786e-02	  -2.3241767807417316e-01	  -2.5337189063829202e-01	   5.6096247520616238e-01	   5.0618265577128474e-01	   5.1997392140134435e-01	   4.3678617197225100e-01	   2.8643954247837861e-01	   2.7420123502003224e-01	   1.8113339763112582e-01	   3.5161552229937348e-01	   3.5687314868762254e-02	  -1.4614295973683872e-01	   3.5202084798289707e-02	  -1.4540772701545604e-01	  -1.3255081782912764e-01	  -1.4942636100192985e-01	   8.6006034008281718e-02	  -5.8068075798852889e-03	  -5.5789640274134425e-02	   1.3266644298572156e-01	   1.8280130392020125e-01	   1.2867439181135074e-01	   4.1981207186129943e-01	   3.0652549484555691e-01	   2.8314933699570144e-01	   1.9798176207238508e-01	   2.5950480915516699e-01	   2.2596059000213453e-01	   8.2731891076810143e-02	   2.5287793301860995e-01	   2.8627011760858267e-01	   4.7024759776749958e-01	   2.6784708225009801e-01	   2.0894008481103807e-01	  -8.7255730692668440e-02	   6.9537408538059370e-02	  -2.3261930784058266e-01	   2.9926662438145485e-02	   1.8520959208979138e-01	   3.0430690301851671e-01	  -3.0782489056005446e-02	   4.3331647215907029e-02	   2.4888031438312530e-01	   4.5282558471374873e-01	   1.1950978008741460e-01	   1.8264156213368390e-01	   2.3051576414284752e-01	   9.2632263185438574e-02	  -2.7009603817092151e-02	   4.3006854343409104e-02	  -3.7258813430004027e-03	   4.2632773252313419e-02	   1.0908969832805561e-01	   8.3244950405774759e-02	
   6.4756935790890729e-02	   1.7830142198837651e-02	   5.7641890335958668e-01	   0.0000000000000000e+00	   2.8647107546107786e-01	   4.1132130410951628e-01	   3.0452610102371869e-01	   5.9989107791637342e-01	   4.1019634722847409e-01	   5.8908376379032867e-01	  -9.9903906385705607e-02	   1.4880053776821937e-02	  -6.8170278045074584e-02	   9.8141209733372897e-02	   2.8195895532366139e-01	   4.9156620394219808e-01	   9.4553167656119527e-02	   9.3282400920706776e-02	   1.7748418907505031e-01	   2.1964960797488559e-01	   2.3592921406060735e-01	   3.4917729910219442e-01	   5.8710782241580994e-01	   6.6047765093116872e-01	   3.3255505246538952e-01	   5.1606983116195060e-01	   3.3654799125903329e-01	   4.4530133309721653e-01	  -9.1022391489176624e-02	   1.6317854236712420e-01	   2.6135994842101584e-01	   4.7284761418260812e-01	   3.7413502054588399e-01	   3.5149276878081925e-01	   4.0106457365172443e-01	   4.3764887896636345e-01	  -3.5575873946903139e-03	   1.0305981629175218e-01	   9.8681719804328730e-02	   1.0708814683431506e-01	   4.6641573187382481e-04	  -2.6778070080997161e-02	   5.0350868519526304e-01	   4.0614341746896132e-01	   2.5143660483140223e-01	   3.4562067484206649e-01	   2.8327593147538427e-01	   5.5972562408595739e-01	   2.2878329422285174e-01	   3.3061595513376207e-01	   5.2607780940360571e-01	   4.0528236362393660e-01	   1.2327637965977273e-01	   1.2501492174728374e-01	  -7.3670325794630689e-02	   8.3974548645387836e-02	   2.1618099802136476e-01	   4.7030198293980786e-02	   3.1061878886211747e-01	   2.3008001871233247e-01	   3.1951494509854017e-01	   4.4306649585644264e-01	   4.2976169074424878e-02	   6.2448209637958954e-02	   6.6610472066180892e-01	   7.0014553650733269e-01	   4.5851387039655950e-01	   5.4433064001991871e-01	   1.7249941094094798e-01	   1.4287709432120224e-01	   2.8850784270155749e-01	   2.7129743371118425e-01	  -5.2492946062086755e-04	   1.6091712196450531e-01	  -5.3396993531865250e-02	   9.6713860375093719e-02	   2.4112541370107449e-01	   2.9251873122493072e-01	   1.6110185928421489e-01	   9.9453671642083907e-02	   1.4059438705345151e-01	   3.1998072921049237e-01	   9.1804541433504000e-02	   3.8822024500710306e-01	   3.1878181042300546e-01	   5.8334316680036991e-01	   2.4894249843987881e-01	   3.1263567609533949e-01	   2.7826319909102271e-01	   2.3132862155213504e-01	   5.0226934707166271e-01	   3.7204009547504757e-01	   7.2602091497181265e-01	   5.0519679680085472e-01	   2.0339129359054027e-02	   3.9080473249754659e-02	  -1.0438742045945393e-01	   1.3625141786970815e-01	   1.4198005464267208e-01	   3.3360456741801481e-01	   6.3387874199280059e-01	   5.1439580388333572e-01	   2.9544565647187182e-01	   2.5368753103217467e-01	   2.8729621234818931e-01	   3.9322879705139074e-01	   4.7103744446022699e-01	   2.8876825239097248e-01	   1.3792859945917646e-01	   1.0094034425285300e-01	  -1.9560370070168809e-01	   2.4050096406227392e-01	   3.1297401454906848e-01	   2.1324035410174283e-01	   2.5931615820262938e-01	   7.2066707495445526e-02	
   8.4333234867497275e-02	  -2.1420962124651627e-01	   3.4043325553201276e-01	   2.8647107546107786e-01	   0.0000000000000000e+00	   8.4010150061592836e-01	   4.1001642645160136e-01	   3.9732350139154909e-01	   4.8091684948117630e-01	   5.5779882269623982e-01	  -1.2981512938912733e-02	   1.5249875861914314e-01	   1.7178561737557184e-02	   1.2646974096815516e-01	   5.6046273085062492e-01	   3.4635604416746946e-01	   2.7215455340745931e-02	  -5.2242120341548064e-02	   1.3661141078565589e-01	   1.1972952290035510e-01	   2.9466205366463483e-01	   3.8884869330973215e-01	   1.9477688111313918e-01	   1.6462654431079302e-01	   3.4401645524140018e-01	   3.2013949134966957e-01	   5.1054754923468881e-01	   4.4818194758216939e-01	   1.4054164297921032e-01	   2.3967681314571815e-01	   1.5069779787274556e-01	   1.6265960128373547e-01	   4.2829556782552070e-01	   4.6858133162035470e-01	   4.0429705460999904e-01	   2.8722380614931098e-01	   1.0706949224003817e-01	   4.3003540698456029e-02	   3.0475503518340169e-01	   2.8368563931090557e-01	   1.7789743121304918e-01	   1.3816263789550048e-01	   1.1820460084216830e-01	  -4.7383735129632849e-02	   1.9722045036660149e-01	   2.0997144739689858e-01	   1.7693140882728844e-01	  -9.4684483551112190e-03	  -5.6240361059719912e-02	   8.1626622975663546e-02	   9.9789754645872586e-02	   8.2041417791322582e-02	  -1.3765181688083375e-01	  -2.3945538615031947e-01	  -5.9446127315581007e-02	   3.3917273275045345e-02	  -4.2054924306216997e-02	  -1.2123717096437900e-01	   3.8272407665384883e-01	   3.0367216047982415e-01	   3.3524307658694080e-01	   4.1208348585450022e-01	  -4.2033914646307808e-03	   8.5508089931117096e-02	   3.8392134116392274e-01	   3.8008932675484675e-01	   4.5427980592462253e-01	   4.4949107816580652e-01	   1.3211654586143168e-01	   2.8064985872323345e-01	   7.0987925018014195e-02	   2.3605067060587259e-01	   1.3376571949674992e-01	   1.0812824842226104e-01	   9.0547246031834103e-02	   1.8067219029838599e-01	   6.3748912912697561e-02	   7.8081252339074259e-02	   9.3901998335726045e-02	  -3.0436916677455760e-02	   2.3467673169626646e-01	   1.8940350283534929e-01	   4.0664915410790115e-01	   1.8967666511697406e-01	   3.4740800571497155e-01	   4.3309684005148108e-01	   6.3527450171255762e-01	   5.4426337285512549e-01	   3.5200224224971854e-01	   2.9270131137584871e-01	   1.8726622755701802e-01	   2.6603215144358616e-01	   3.6489952974102574e-01	   5.0562540364797515e-01	   1.8813223056965981e-02	   2.4293053513650870e-02	  -1.3520339084671706e-01	   2.0641467512362260e-02	  -5.6156833353314173e-02	  -2.0366474792918136e-02	   3.0553784333205526e-02	   3.3064361703875511e-01	  -8.5389902048602830e-03	   1.6022312578946266e-01	   1.2086539439110411e-01	   3.0920633269254338e-01	  -7.7512394460167069e-02	  -1.5962212947392984e-01	   4.0970246388185166e-02	   3.3671482310893945e-02	  -1.2739129190643741e-01	   3.1801615664100114e-02	   1.8175518717101924e-01	  -1.8906919780598920e-02	  -7.1051574321403604e-02	   1.1208368198763676e-03	
   7.9127884761692219e-02	  -1.9087345985194051e-01	   3.0769637384334825e-01	   4.1132130410951628e-01	   8.4010150061592836e-01	   0.0000000000000000e+00	   3.5224869640815271e-01	   5.6084759425650454e-01	   3.6902836057754407e-01	   6.5547728959827878e-01	  -9.8628345367946346e-02	   1.6534812629986531e-01	  -1.0046978054080638e-01	   1.1751459853406825e-01	   4.0338422425818687e-01	   3.8092069002398027e-01	  -5.5066616607631028e-02	  -1.2241490228323981e-01	   6.8481008400533977e-02	   7.2192145321674644e-02	   2.5615320550631504e-01	   4.2096998751854775e-01	   1.0719616228877443e-01	   1.5836267727106546e-01	   3.0840738303043935e-01	   4.0222354632883883e-01	   4.9375944473475475e-01	   5.0281334990017379e-01	  -5.3314660468468486e-02	   1.7764842927279634e-01	   5.6527622393604531e-02	   1.5741298972259260e-01	   3.9081146246659382e-01	   4.1486457687852618e-01	   4.5670437324619212e-01	   3.1642714954005730e-01	   1.9151288429530219e-01	   2.1245466275712110e-01	   3.4793771862915951e-01	   3.4299263646903699e-01	   1.8003991079708939e-01	   1.3365122709064561e-01	   2.2102204694662583e-01	   5.1923865257641769e-02	   2.3059332326315035e-01	   2.5719186046014547e-01	   3.2384353195735199e-01	   2.2049655847014202e-01	   1.1068957922331664e-01	   1.9616189483025354e-01	   2.6909613809812100e-01	   1.9833412617823726e-01	  -4.4095048161708006e-02	  -1.3023398815595527e-01	   7.9165602937853102e-02	   2.4201583653277747e-01	   3.9878985348972454e-02	  -1.3350164961624356e-01	   4.2041829876139569e-01	   3.6322464975809737e-01	   2.6168591482467818e-01	   4.4836199813247790e-01	  -9.2561141225495136e-02	   3.2168342398351778e-02	   3.6951700713819691e-01	   4.4278798657450552e-01	   4.5744027113372621e-01	   4.2968609835949068e-01	   2.8795758345168010e-01	   2.7226453086947000e-01	   1.3052053324152968e-01	   1.6432896682430398e-01	   1.0020127169807483e-01	   1.3141884900893985e-01	   1.0003179165367353e-01	   1.7219159400498291e-01	   2.3128737037161284e-01	   1.9076985501035540e-01	  -3.3126740087726772e-02	  -1.6007238847416494e-01	   1.6621415310169085e-01	   1.9798906796422683e-01	   2.7975219417358793e-01	   2.6779593332792445e-01	   2.9440844116181220e-01	   4.5022303290955856e-01	   5.1447743423868442e-01	   4.6592934943334774e-01	   3.8758800733008597e-01	   3.9732016483441568e-01	   3.2288444056436605e-01	   2.2657694969446224e-01	   4.9878066155805911e-01	   4.6558671454601741e-01	   3.9529809740492639e-02	   2.0035253548682755e-02	  -5.1566794301350832e-02	   1.5387215414101879e-01	   1.6131444923365834e-01	   7.7300745827697956e-02	   1.7761882230646847e-01	   3.6143117769297184e-01	  -2.6510983900668875e-02	   1.6410118838923896e-01	   8.0224687832369912e-02	   2.5954179584776305e-01	   9.4005543195585461e-02	  -1.7946018848442546e-01	   3.6737736919320065e-02	  -3.3968396077747119e-02	  -2.1695357969866463e-01	   1.0104057263502521e-01	   3.2444004954764050e-01	   1.4777745094319341e-02	  -4.4226613823809338e-02	  -6.1145433331331329e-02	
   5.9123137179294093e-02	  -1.2508965138400871e-01	   4.6570240580544009e-01	   3.0452610102371869e-01	   4.1001642645160136e-01	   3.5224869640815271e-01	   0.0000000000000000e+00	   5.8393299474322635e-01	   6.5097195264148455e-01	   4.6530544216640579e-01	   4.6052030411068701e-01	   3.6814618303983215e-01	   5.0653299844054300e-01	   4.4144172748826138e-01	   3.7075857614235563e-01	   9.7533097128176940e-02	   3.6663585356063275e-02	   5.7271570071568745e-02	   2.1461253906660613e-01	  -2.2234724044787281e-03	   1.1162448357490358e-01	   5.0307973013728302e-02	   3.0454105923316022e-01	   1.4039657291456836e-01	  -1.7700986556097920e-02	  -8.8894447328669079e-02	  -2.6476416417333535e-02	  -1.3329955749306290e-02	   1.7656563166955719e-01	   9.8399718590268345e-02	   2.3312879136035736e-01	   1.5358762327550229e-01	   2.7643503659360524e-01	   1.9445879336429112e-01	   1.5495697042179085e-01	   3.6272053222432966e-02	  -1.3157873530491304e-01	  -1.8802927749560677e-01	  -1.3587802829254023e-01	  -2.9799530859401335e-01	  -1.6160185929540577e-01	  -1.3024670378391412e-01	   4.0750382246677769e-01	   2.4930669129446437e-01	   3.4508575905310057e-01	   4.0000403787468497e-01	   8.5622357619006467e-02	   1.4006433237261987e-01	   7.3728431040243042e-02	   2.0177103495255294e-01	   6.0776777445438399e-02	   1.4334972657604109e-01	  -2.6591357897703123e-02	   1.0438514795339845e-01	  -1.0567696941320298e-01	  -2.3206242374393105e-01	  -2.5130863321921471e-01	  -9.9324318850718976e-02	   3.0016231370571150e-01	   4.7780082557505738e-02	   4.9045037877217368e-01	   2.3265767268272569e-01	   1.1276180777540433e-01	   1.9650889328557000e-01	   3.9215239590380613e-01	   2.6074305329688580e-01	   3.5845241788917337e-01	   2.8156220251344194e-01	   1.0388121126849541e-01	   1.3381021068053328e-01	   3.2246900311551052e-01	   2.8108009271767120e-01	   8.6482839320734514e-02	   9.6083241168713363e-02	   1.3380552909702065e-01	   1.2230255483785515e-01	   3.5589907893036794e-02	   3.9051502968091290e-02	   1.9967048773359125e-01	   2.3108598656065232e-01	   1.4582522295551964e-01	   3.4610165137542825e-01	  -3.0541507536141332e-02	  -2.0068384036722650e-01	   1.5834232651738622e-01	   3.7536058730157201e-01	  -1.2066391451842354e-02	  -1.5635549231004831e-01	   3.6354985056544842e-01	   2.1454331921223144e-01	   4.1405389858510622e-01	   5.5078539267159865e-01	   4.1375916299818571e-01	   6.4200879275435663e-01	   2.1752234967121409e-01	   1.9244509223151710e-01	   3.4064384762216349e-02	  -2.4279741304500596e-01	   3.8889368660297310e-02	   2.0958226193506563e-01	   3.4003666458674586e-01	   6.2067537860469879e-01	   3.5955669841062426e-01	   3.2641352535418650e-01	   4.2303719132536960e-01	   4.6506925240294505e-01	   2.9822476160889028e-01	   2.6303865058703696e-01	   4.4320042918031310e-01	   3.2562091512001456e-01	  -8.4174641052028572e-04	   1.7000551493805185e-01	   3.8234797011285526e-01	   3.2476291423531345e-01	   3.2201657006144568e-01	   3.2659357592614502e-01	
  -9.9070011237043110e-03	  -1.8458840591888301e-01	   2.3615312838616437e-01	   5.9989107791637342e-01	   3.9732350139154909e-01	   5.6084759425650454e-01	   5.8393299474322635e-01	   0.0000000000000000e+00	   4.4305152122644387e-01	   7.9251779799381750e-01	   6.1287128070339814e-02	   4.2285022306257458e-01	  -3.3307145103077314e-02	   3.5519130858851700e-01	   1.5367893260589283e-01	   2.3238788356229909e-01	  -4.0848086350412979e-03	  -2.0998840309704839e-02	   1.5634066187675205e-01	   1.5700860994232044e-01	  -1.0941372035100354e-01	  -7.8629009436701452e-02	   3.3009971709719316e-01	   4.6800892021271523e-01	  -9.4549268643974962e-02	   3.8094323875225558e-02	   3.9242168153398975e-03	   5.2107794589684765e-03	  -2.2237273752851297e-02	   1.6791128622706486e-01	  -7.6059068069214447e-02	   8.1732606285225093e-02	   2.8003333969079097e-01	   2.7993245300744912e-01	   2.7285952954419762e-01	   1.5906956336930173e-01	  -2.4950522713489870e-01	  -1.5626012718685781e-01	  -2.3683844845925378e-01	  -3.0963091527984987e-01	  -2.5773435669110767e-01	  -3.3637321813389365e-01	   4.1727487000151264e-01	   3.2306492694654104e-01	   3.2899757863654477e-01	   4.5907064731239444e-01	   1.2167134187008000e-01	   3.7275768343952043e-01	   2.1707846744563347e-01	   2.5885469556296792e-01	   2.1093181608728828e-01	   1.9424543440424319e-01	   3.9380121785689517e-02	   1.2478621992355718e-01	  -1.8614260877617200e-01	  -9.6992729886457144e-02	  -6.7956629003601970e-02	  -1.1598752544719471e-01	   3.0492259447652392e-01	   2.5520987159710617e-01	   3.6468809946069886e-01	   7.0052272298976870e-01	  -1.6855531201859543e-02	   1.5011015267232428e-01	   5.7020448014456748e-01	   6.3376762178101242e-01	   3.3519025267129754e-01	   3.4170047029047546e-01	   7.8979170499603735e-02	   7.4274608249628782e-02	   2.4857180157101624e-01	   9.9661788864946296e-02	  -1.0815665790308499e-01	   1.1075290038712379e-01	  -3.2797372358583744e-02	   8.9278265514341218e-02	   2.0377663576589772e-01	   3.0386149361483272e-01	  -1.9580865891614611e-02	  -7.9308747332305696e-02	   7.9270502944605817e-02	   2.0633744358085482e-01	  -7.3529721150289412e-02	  -1.3978267292257610e-02	   1.5078317943240921e-01	   4.1671027377522007e-01	   1.0147348514915637e-01	  -2.8878981272633199e-02	   3.2039469095940309e-01	   1.2599525480771290e-01	   6.3135158078376064e-01	   3.5038958043891577e-01	   6.7504273470424214e-01	   4.2804375692586100e-01	  -5.8107768709658031e-02	  -9.0839856845160397e-02	  -2.7114219126464356e-01	  -1.2035126122404388e-01	   1.6799518124459323e-01	   2.2002440699108963e-01	   6.0191633988453619e-01	   5.0072684158933445e-01	   2.7040985373718995e-01	   2.2064264495934374e-01	   1.8461444465912946e-01	   3.2597911301933324e-01	   2.5855873203578406e-01	   1.0069414987949027e-01	   1.2057811318789169e-01	   6.2552312994360662e-02	  -2.1004390088164665e-01	   1.2194406477259879e-02	   3.3151533885610929e-01	   1.0992948914557324e-01	   2.0442016486331777e-01	   1.2206644863908911e-01	
  -3.0662737799117468e-01	  -2.6998914905305543e-01	   4.3069926647487955e-01	   4.1019634722847409e-01	   4.8091684948117630e-01	   3.6902836057754407e-01	   6.5097195264148455e-01	   4.4305152122644387e-01	   0.0000000000000000e+00	   5.3563512291563642e-01	   9.7726235268767489e-02	   1.3096653025793170e-01	   3.8206543193674614e-01	   3.6376853346466498e-01	   4.3601732314642094e-01	   2.5338070931802192e-01	  -1.4907722430899528e-01	  -4.2791668944538848e-02	  -8.0834066563532092e-02	  -2.1010475800644321e-01	   1.0217847067899674e-01	   1.3987833808755501e-01	   4.3076655902170258e-01	   3.1469214248151323e-01	   1.0670581394714559e-01	   1.1300522912450217e-01	   2.0620822741482059e-01	   2.6193321791705904e-01	   3.5494979711203530e-02	   4.8950083854842799e-02	   2.5409361120846496e-01	   2.3612586123652829e-01	   1.2361491788367407e-01	   8.6771080473259543e-02	   1.9099864368388800e-01	   6.7164397397309034e-02	  -1.0703405249816925e-01	  -9.9334794530405446e-02	   1.0096000844654925e-02	  -1.0341114205891236e-01	  -1.4496488422848508e-01	  -1.2524104515734505e-01	   1.4157638148963581e-01	  -7.7646346892082635e-02	  -4.4708471007911657e-02	   1.0177776350960038e-02	  -3.3495663788546085e-02	   4.7973677207192013e-02	  -1.2109907107123663e-01	   5.8867814027467325e-02	   7.2660495341747511e-02	   7.8689105649492441e-02	  -1.4587909955264078e-01	   8.5862456202476706e-02	  -5.2938314106084544e-02	  -9.3116343732123519e-02	  -3.1908790743141136e-01	  -2.0185441382053315e-01	   2.3744714800302248e-02	  -1.3410980264872599e-01	   2.7663374419199954e-01	   1.7764319044841598e-01	  -1.0445838991572556e-01	  -1.9680579061171575e-02	   5.1931250998853173e-01	   4.0406390043535451e-01	   1.5968702706723520e-01	   2.0101442945043813e-01	  -5.7038301290487162e-02	   1.5271417032139353e-01	   1.6397459719868951e-01	   2.4812596365153200e-01	  -1.9033723568649855e-01	  -1.3675281334733283e-01	  -1.2725285262434247e-01	  -8.2444948311722541e-02	  -1.8989652000787524e-01	  -8.6623691045259299e-02	   1.2202428634583549e-01	   1.2384352166140047e-01	  -2.7729602508449760e-02	   1.9994408944251954e-01	  -1.3066509615558129e-06	  -6.9850990153663015e-02	   2.4878690401958045e-01	   3.7558884586121910e-01	   3.1070947300879392e-02	   4.6199394646640447e-02	   3.8828755055135911e-01	   2.5750229237698008e-01	   1.6958335075395509e-01	   4.5921605450386765e-01	   4.0070557736044010e-01	   4.7841235760715106e-01	   9.4942813371143839e-02	   1.2110469632778433e-01	  -1.3095941293023952e-01	  -2.9982574160994702e-01	  -1.4608062253552120e-01	   1.2223226612900573e-01	   1.9352889044918489e-01	   4.0932960614656305e-01	  -5.4174846878802070e-03	   3.3616763803543406e-02	   3.5861755906024706e-01	   3.3747341377065132e-01	   1.2214764126359270e-01	   2.0528486304258126e-01	   2.5448661696731356e-01	   3.2353985738376050e-02	  -9.1382237250913059e-02	  -5.8129422534580887e-02	   5.4786376281759350e-02	   1.3188287213679267e-01	   1.8363990948260417e-01	   2.6165260677225721e-01	
  -6.9117077032220448e-02	  -1.0374771493263560e-01	   2.3107732588316743e-01	   5.8908376379032867e-01	   5.5779882269623982e-01	   6.5547728959827878e-01	   4.6530544216640579e-01	   7.9251779799381750e-01	   5.3563512291563642e-01	   0.0000000000000000e+00	  -9.9979550010869889e-02	   2.5652858466705436e-01	  -4.3730582594963027e-02	   2.3565423235828470e-01	   3.0385395797461978e-01	   5.2200974419863355e-01	  -5.6082980356679205e-02	  -5.1885435585594705e-02	   2.2159720251506429e-01	   2.4755210075348533e-01	  -5.8906665543507555e-02	   5.4870602660270044e-02	   3.9031099530224761e-01	   5.8164960559125034e-01	   1.8938752346681995e-02	   1.6376694463289976e-01	   1.7677360917539314e-01	   2.1376371474026074e-01	  -3.8260445259166993e-03	   2.7793554875735671e-01	   3.4481183410841623e-02	   1.3498023057130104e-01	   3.6051905496216236e-01	   3.2823897522000378e-01	   2.1774715399433936e-01	   3.5490567677487872e-02	  -2.7277234968278802e-01	  -2.1016224698174518e-01	  -1.4421488981004990e-01	  -1.7620596319496465e-01	  -2.3343876217423587e-01	  -1.9063124927864855e-01	   2.7276744155063254e-01	   8.8297161218314213e-02	   3.6082265702915672e-01	   3.7494777842365873e-01	   2.4868551231935626e-01	   3.2077062262133682e-01	   2.8666004907127163e-01	   2.3162497678957994e-01	   2.5589918262594946e-01	   1.6436557735177701e-01	   2.6021374863229668e-02	   7.0700345184641522e-02	  -1.4070621028225105e-01	   2.6010443257219993e-02	  -1.2029913403573107e-02	  -7.2108911407028103e-02	   3.0200160918810703e-01	   2.5085105270429137e-01	   2.5108314070116516e-01	   6.0928650051860678e-01	  -1.0242847683262067e-01	   4.8097215876524518e-02	   5.1312349900882148e-01	   4.7344151890506442e-01	   3.1108433330656482e-01	   2.7958579218066010e-01	   3.0144772100818066e-02	   1.0120985230694307e-01	   1.8088939264012249e-01	   2.0880300136417906e-01	  -1.0603911322152736e-01	   1.6834082221350197e-01	  -6.4787979780861718e-02	   1.1896618876420600e-01	   2.1629915705712149e-01	   2.3445313016181024e-01	   4.4229880510655829e-02	  -4.7456860912245664e-02	   1.2979003819402213e-01	   1.6585703436986907e-01	   3.9948575077849713e-02	   1.7682286202138778e-01	   1.7543988320971718e-01	   4.3469498943520590e-01	   1.4819004614600137e-01	   1.7309709875168913e-01	   2.8324749344309341e-01	   1.4139402551645119e-01	   5.9631780505769905e-01	   4.0820244486112500e-01	   6.8778199481017444e-01	   4.8507854334289957e-01	  -5.5663975495251532e-02	  -1.1189367703902253e-01	  -2.3225139471259840e-01	  -4.1019267131827498e-02	   3.0250340165968315e-01	   3.8390301859175369e-01	   4.7337597570161161e-01	   4.4781406324776313e-01	   1.9667195573283258e-01	   1.6541364614160053e-01	   3.4337992215389204e-02	   1.4791157403274630e-01	   1.6179645694879963e-01	  -2.1184228296037492e-04	   6.5379764549566760e-02	  -1.8479235466743477e-02	  -3.6004495650645468e-01	   1.2369785090384081e-01	   3.1214236036995258e-01	   7.6352638087871794e-02	   3.3788848597914603e-02	  -2.4572897439576129e-02	
   5.7175543274625773e-01	   5.2911206291900181e-01	  -1.7439830788689620e-01	  -9.9903906385705607e-02	  -1.2981512938912733e-02	  -9.8628345367946346e-02	   4.6052030411068701e-01	   6.1287128070339814e-02	   9.7726235268767489e-02	  -9.9979550010869889e-02	   0.0000000000000000e+00	   6.3060820292753339e-01	   7.7366128523740541e-01	   6.0188710566923220e-01	   3.8039697161905711e-01	   4.8114378821861328e-02	   6.5594236942538875e-01	   6.8641069871742166e-01	   3.1346133438503748e-01	   1.1132299169138968e-01	  -9.3338341119120094e-02	  -2.3172492080640067e-01	  -8.2401335538647869e-02	  -1.1879929308588100e-01	  -4.1920673478979975e-01	  -4.5146901855970423e-01	  -3.3412289373287685e-01	  -2.9945903701089704e-01	   6.5558677130712439e-01	   4.9419315524182583e-01	  -5.2812145639304486e-03	  -1.2086949993982699e-01	   1.6102327777085937e-01	   2.0633076356344979e-01	  -3.7603744214632201e-01	  -1.9956015591033135e-01	   1.5884023980158057e-01	  -5.2740172857383999e-02	  -9.2020319825448421e-02	  -2.4802220062083807e-01	   3.3688892847631569e-01	   2.9990046053158981e-01	   2.5474480853706327e-01	   2.7941412434055846e-01	   1.2259088170584326e-01	   2.1769361385852209e-01	   1.5300659841397654e-01	   1.5541539430837437e-01	  -4.7416945991576823e-02	  -8.0729604855275972e-02	  -1.2244402186581968e-01	  -5.2053409897318048e-02	   3.0082373577097204e-01	   1.9189671809889075e-01	   1.3022865611792317e-01	  -2.1256479603841072e-01	   2.6524226628886122e-01	   5.3660825979134974e-01	   2.4804095429187195e-01	   1.3109743212550615e-01	   5.1052786842096909e-01	   4.6011640863893546e-02	   6.7350877099837791e-01	   6.1501911606972104e-01	  -2.8405578641461104e-01	  -2.7630479496880428e-01	   2.1328767451885716e-03	   7.3724412457472993e-02	   1.9475555147789290e-02	  -2.6989926301865377e-02	   3.1077285872978516e-01	   1.3349316873734796e-01	   5.2610291480143911e-01	   5.2129380274856407e-01	   4.4299607162230425e-01	   3.8465052004875450e-01	   3.6608965770111573e-01	   3.2894032136734264e-01	   5.3943270348279437e-01	   6.7185403514396436e-01	   5.7374186089426793e-01	   6.2035544424294964e-01	   1.1892049104790053e-01	  -2.0383473979881831e-02	   5.0774633496266916e-02	   1.8936264499498617e-01	  -2.1961111532767452e-01	  -2.7217154260933557e-01	   1.5558554700996260e-01	   2.9125631545864172e-02	   1.5644928493615876e-01	   1.1774296483164859e-01	  -6.8316093900936431e-02	   1.7035660836704419e-01	   6.2494721393305613e-02	   1.3898921476783910e-01	   4.0766004382140314e-01	  -1.4519191208049964e-01	   2.2595526078096709e-01	   8.2453458846218519e-02	  -2.5546670921561564e-02	   3.0177644319934560e-01	   5.2737950418027180e-01	   5.1322149854846610e-01	   3.5000165621632756e-01	   2.0894336209726150e-01	   3.4654667944627987e-01	   1.1946981983208034e-01	   3.6585558994534717e-01	   3.8062997930517567e-01	   6.0718263691118268e-02	   3.9911303221527378e-01	   3.8760856203622829e-01	   3.6843548515733221e-01	   2.8434127386370789e-01	   3.3478290307668584e-01	
   3.6017862567929482e-01	   3.7265777213930185e-01	  -3.3091377289971041e-01	   1.4880053776821937e-02	   1.5249875861914314e-01	   1.6534812629986531e-01	   3.6814618303983215e-01	   4.2285022306257458e-01	   1.3096653025793170e-01	   2.5652858466705436e-01	   6.3060820292753339e-01	   0.0000000000000000e+00	   3.6864495133544362e-01	   7.5770252878125288e-01	   2.3974034723410209e-01	   1.6737451035842793e-01	   4.8345850771604670e-01	   4.9323937888710434e-01	   2.6106417363630519e-01	   2.6410164818975679e-01	  -3.1272552238350254e-01	  -3.9271892393691138e-01	  -4.3097090094208326e-02	   8.8553738658594824e-02	  -5.6529440253050378e-01	  -5.4958964389597942e-01	  -3.8580485550110694e-01	  -3.9944367872910902e-01	   4.4189900332115023e-01	   4.2503530019021818e-01	  -2.7125196455378880e-01	  -3.0439792932085419e-01	   9.1772443098084799e-02	   1.8752081666038911e-01	  -3.8680638118103616e-01	  -3.4202419514687171e-01	  -1.4999240245824244e-01	  -1.8430790479486395e-01	  -2.7728441127546161e-01	  -3.1937591486428440e-01	   4.5684877520754591e-02	   8.2337898264837436e-02	   2.8746923160613963e-01	   3.0312142301137995e-01	   1.9282467551496252e-01	   2.5883788769880806e-01	   1.3639818376746987e-01	   1.5491040720399724e-01	   1.1078467390678499e-01	  -1.2695271922805101e-02	  -1.6487670802738175e-01	  -5.5149583699853691e-02	   2.5731875817814398e-01	   1.3324178199041004e-01	   4.8055422164109051e-03	  -7.1508561349216959e-02	   1.8874546871127901e-01	   4.0992816022126738e-01	   3.1602146008817655e-01	   3.6631478291037212e-01	   4.6030173856422768e-01	   4.0683920782816108e-01	   4.8550440423646996e-01	   5.8659638324611141e-01	  -1.8396810667036728e-01	  -1.3699007854341669e-01	  -6.4160641246043135e-02	  -1.4832148171724586e-02	   1.0220279033384558e-02	   8.2271742407003565e-02	   2.0551813358529314e-01	   3.9621809551736741e-02	   2.4488597140311635e-01	   3.6009949940123631e-01	   1.9600753229260956e-01	   3.3427325279562947e-01	   3.1432088621408044e-01	   3.4850454950549486e-01	   3.5188568561025957e-01	   4.0633708093090026e-01	   4.5482238568710948e-01	   4.1937106803047230e-01	  -1.2371464981046069e-02	  -8.5003314109267938e-02	  -1.2946871186225720e-01	   2.3122415549369008e-01	  -9.4981859849050734e-02	  -1.2402281517507932e-01	   2.2826705950379936e-01	   2.4061080532018436e-01	   4.5497645442513490e-01	   1.7886219368716452e-01	   2.4260365901898207e-01	   1.5826168563317530e-01	  -1.6319858575185753e-01	   6.0008816167014846e-03	   7.5885715304657070e-02	  -2.0528345474133197e-01	   3.4130758867910105e-01	   1.0165843770394198e-01	   2.0056782014030197e-01	   3.1308976265902067e-01	   5.1208138728509778e-01	   3.9839635923075223e-01	   2.3051084698172128e-01	   1.0550953944833950e-01	   2.6938846687115425e-01	  -3.1852515763167180e-02	   1.1908613139356579e-01	   1.6652443008415341e-01	  -8.5656780296768112e-02	   2.1799956692631167e-01	   3.9346340281198744e-01	   1.8821597212977392e-01	   1.6934853086863980e-01	   2.1204989920711076e-01	
   3.0388486063155012e-01	   3.3689125348908977e-01	   7.1701246516178360e-02	  -6.8170278045074584e-02	   1.7178561737557184e-02	  -1.0046978054080638e-01	   5.0653299844054300e-01	  -3.3307145103077314e-02	   3.8206543193674614e-01	  -4.3730582594963027e-02	   7.7366128523740541e-01	   3.6864495133544362e-01	   0.0000000000000000e+00	   6.5594523404393812e-01	   5.7494283535849966e-01	   2.4531250141296265e-01	   3.1599540122964831e-01	   3.7885805549191365e-01	   2.5190624169687531e-01	  -1.7745105635919467e-02	   4.1862986190683753e-03	  -1.4240290492540966e-01	   1.7338381556817251e-01	  -2.2666188382638428e-02	  -2.0774216626564360e-01	  -2.6419255009987669e-01	  -1.0400937761411012e-01	  -1.1783172567135475e-01	   5.1575878342374026e-01	   3.6383456340476994e-01	   1.8343495741800009e-01	   3.9438936405149609e-02	   1.3047066439341545e-01	   1.0752130265954432e-01	  -2.4423763159757605e-01	  -2.2621739337608798e-01	   2.2830538815628934e-01	  -3.4749326540407140e-03	   4.1052163934663446e-02	  -1.2657195291517598e-01	   3.2706311455590775e-01	   2.8110749281924363e-01	   1.2561835913586300e-01	   6.3877041290996861e-02	  -2.7847679431129698e-02	   2.3323423646865551e-03	   1.9172451659882683e-01	   1.2170797283175806e-01	  -8.2533905099248739e-02	  -6.3098319571724015e-02	  -3.4554965470011439e-02	  -6.4506441681655924e-02	   2.5280790675507603e-01	   2.4074541044653214e-01	   2.3749043206667148e-01	  -9.2904641564827695e-02	  -3.3412537984519791e-02	   2.5010656999918951e-01	   6.2890766840315901e-02	  -9.3436493359873890e-02	   3.2977584333799381e-01	  -1.5083067957224722e-01	   3.3258992722978165e-01	   2.3882307005561304e-01	  -1.5901559179760513e-01	  -2.3759331044069215e-01	  -6.7814411381491399e-02	  -3.0337965704576586e-02	   4.1445750435636711e-02	   5.0617809154406751e-02	   3.6068699944139326e-01	   2.0506023909803800e-01	   3.1769384506038129e-01	   3.4489351317597972e-01	   2.7285822899822337e-01	   2.2764242892936568e-01	   1.6323991828224305e-01	   1.3411798587820534e-01	   3.8714922315073008e-01	   5.3354204974046926e-01	   3.0361415680290177e-01	   4.3054851073452682e-01	   2.5692578902636232e-01	   5.6670171746200440e-02	   2.4891535330055770e-01	   1.7750850694206741e-01	  -2.3008610910915817e-01	  -2.4290018714832390e-01	   4.0012920215277165e-01	   1.2047747149383298e-01	   5.2792790300450906e-02	   2.5470933887118424e-01	  -5.6793441205416781e-02	   3.4738384861898308e-01	   1.5898013865289246e-01	   1.5561475678431036e-01	   4.0833037255210880e-01	  -8.7694144486793996e-02	   1.6647966048850452e-01	   1.7842157162179029e-01	  -1.2620011096307782e-01	   3.3659151182952157e-01	   2.4427202881431029e-01	   3.0121219322944448e-01	   2.7531040771726834e-01	   1.3819038353041918e-01	   2.3519459193705011e-01	   1.1566590827522868e-01	   3.1747179895781352e-01	   2.4486266061168216e-01	   7.5284089453294539e-02	   3.4675715433650822e-01	   2.3274680693327407e-01	   2.2142943157555589e-01	   1.2496261220359714e-01	   2.2502502556595663e-01	
