   0.0000000000000000e+00	   8.8259368349420497e-01	   7.5840059877279808e-01	   6.2377217353682879e-01	   7.9289040001813527e-01	   7.1225995046252066e-01	   7.3143325855596086e-01	   6.5465452534265234e-01	   7.4650347962406427e-01	   6.1392100658209925e-01	   8.3644381076190544e-01	   7.1927939050184264e-01	   7.6841786909072107e-01	   6.7802776503926820e-01	   8.0049799978902825e-01	   7.6905971342697721e-01	   6.6438759559394100e-01	   7.6116654965071617e-01	   6.6785093338806356e-01	   5.4814453238129601e-01	   4.3550990761288311e-01	   3.1955076287165213e-01	   6.7014219999882196e-01	   6.4738981444210508e-01	   5.5382731309399857e-01	   4.3516484412335599e-01	   6.4134489198566880e-01	   4.8651267623558647e-01	   7.6713326052396702e-01	   6.9042939491824917e-01	   4.1297061060733697e-01	   4.1350073706443224e-01	   7.1096756786877302e-01	   7.0890516873178488e-01	   5.4961094786298770e-01	   4.5680253675234145e-01	  -1.3779372694711706e-01	  -9.0288819762558856e-02	   3.0926463737870991e-02	  -2.4503851905476829e-02	   2.2166403198612300e-01	   1.3924590750763913e-01	   3.4085471865308481e-01	   2.2377981612998576e-01	   3.3104424302633467e-01	   3.6557604794043741e-01	   5.2571252203050534e-01	   4.6062620065794047e-01	   5.1437039198117662e-01	   6.1328450073700669e-01	   7.4097717312659150e-01	   7.3170554629275419e-01	   7.7280798875608681e-01	   7.0571198992204054e-01	   5.7123539777052112e-01	   5.0608379029340367e-01	   6.2605040471816520e-01	   7.7220486055749049e-01	   7.1518221156108253e-01	   5.6696883338758697e-01	   8.7218094360848275e-01	   8.0529300599876841e-01	   8.6155804771564282e-01	   8.3757391052899066e-01	   7.1572196897915696e-01	   6.3205760528398869e-01	   6.2807013754854668e-01	   4.9508847965551173e-01	   4.1476206399049714e-01	   3.0709684429242295e-01	   5.6832151622820026e-01	   5.2652701522031020e-01	   7.6740469341128648e-01	   6.8059736899398204e-01	   7.1918909475062043e-01	   6.4414550603972343e-01	   6.2673206919001034e-01	   5.8758220679912909e-01	   6.0211779929379872e-01	   6.5421926181721990e-01	   8.0810296403529369e-01	   7.6653730003308351e-01	   5.3090602970676593e-01	   6.5973711098325749e-01	   7.4775612921750234e-01	   7.3670045164759024e-01	   3.4932081743725674e-01	   1.2694844173336298e-01	   6.7139427006772334e-01	   6.1768723661545577e-01	   6.6783666383342799e-01	   7.0654503176334016e-01	   5.1264270161826653e-01	   5.0273428524946262e-01	   2.9832707982875423e-01	   1.9501301115591191e-01	   3.2978237458082638e-01	   3.9404795460364361e-01	   5.8220264823416701e-01	   6.1241883088539972e-01	   5.2187327422245700e-01	   6.2781288106492039e-01	   5.8195163565419228e-01	   6.0886345714526824e-01	  -2.7518844995326885e-01	  -2.0294477553428397e-01	   4.4595933409729588e-01	   5.0248900036316990e-01	   1.5591294796006033e-01	   3.3067417406086136e-01	   3.5133124674868643e-01	   4.6673083337315313e-01	   5.2641591030008361e-01	   5.9696245234195855e-01	   2.0186798110151269e-01	  -1.1954980683050684e-01	
   8.8259368349420497e-01	   0.0000000000000000e+00	   6.5511761791981837e-01	   6.0242460315574653e-01	   6.1615629347194523e-01	   5.8757233862028435e-01	   5.3245098715029715e-01	   5.1143047440678768e-01	   5.7604670198576635e-01	   5.2430548400895383e-01	   6.2132014372814814e-01	   5.1903948982034032e-01	   5.2579898725288310e-01	   4.5569964642646865e-01	   6.7865308953590242e-01	   7.1250198714897883e-01	   5.2402657251246010e-01	   7.5506959258427941e-01	   5.7138364550710874e-01	   4.4562727175713762e-01	   2.9140074971939589e-01	   2.4730388681339394e-01	   6.3086730863017815e-01	   6.5825743720116192e-01	   4.9755088692122046e-01	   4.3532895192274590e-01	   5.5683342151731829e-01	   4.2930585510784647e-01	   6.0605575494771036e-01	   4.9807293522089902e-01	   3.3232063164210290e-01	   3.4799600335199676e-01	   5.5710893929041694e-01	   5.5380318239949433e-01	   4.3028114835872089e-01	   4.0759182278982242e-01	   1.1027804997268953e-01	   9.3847386133375371e-02	   2.0074742511228177e-01	   1.4255030403897645e-01	   3.3159278006221354e-01	   2.7140609789101494e-01	   3.3996572503398448e-01	   1.9683359859453881e-01	   1.1860612427310295e-01	   1.7458684485296094e-01	   5.1433935308711964e-01	   4.7492358582611471e-01	   3.8850147395115475e-01	   4.8109118403129247e-01	   6.6985353874992715e-01	   6.6505908138769576e-01	   7.1769161938618975e-01	   7.3818843284478719e-01	   5.5661976898329224e-01	   5.8770661619047726e-01	   7.2878720464693825e-01	   8.5524886973708547e-01	   5.6285039374799650e-01	   5.0634678037045266e-01	   7.2274107737026938e-01	   5.9690475389104103e-01	   7.8601327311149949e-01	   7.6959878003639615e-01	   6.2686532544333451e-01	   5.4678380182320274e-01	   4.8672005941627300e-01	   3.9290999341293731e-01	   4.6340722987105987e-01	   4.4193535817803431e-01	   4.4453902787697125e-01	   4.6011230152038107e-01	   6.4350595748514539e-01	   6.1359327772922412e-01	   6.3389077334234667e-01	   6.1117188297571257e-01	   6.8803032130971342e-01	   6.6492718952192886e-01	   5.0136990501186218e-01	   5.9543903015333655e-01	   7.7772157091581084e-01	   7.1135423697188827e-01	   6.1531274748424680e-01	   6.5774884282060797e-01	   6.3880696918930924e-01	   6.2430399442700324e-01	   4.1111929779687556e-01	   2.2782458749154202e-01	   6.1548917859960939e-01	   5.7798435844069074e-01	   6.8548261640966679e-01	   7.0778586102926722e-01	   5.2951648245843708e-01	   5.2634479091024922e-01	   3.7004385411909790e-01	   3.1586237157178260e-01	   4.3604398080735651e-01	   4.8325748754369868e-01	   6.3735111811281098e-01	   6.8218729860276772e-01	   5.1687962189083492e-01	   5.8509048090849303e-01	   6.1847561896853454e-01	   5.7857063969821643e-01	  -1.1409665666476004e-01	  -1.0148235318456092e-01	   4.8953821658262930e-01	   5.3125794735267717e-01	   2.4217928457904292e-01	   4.1860397547700223e-01	   4.9684214780461011e-01	   5.5512275183455140e-01	   5.7061584029699697e-01	   5.4818365876288577e-01	   2.8865903119030412e-01	  -1.3552245105037092e-01	
   7.5840059877279808e-01	   6.5511761791981837e-01	   0.0000000000000000e+00	   7.9837716585981067e-01	   8.3844367515493190e-01	   7.5101648728307746e-01	   8.9202555777474490e-01	   7.5909937222987800e-01	   7.2241156658997430e-01	   5.9794254174665085e-01	   6.1026536103487505e-01	   4.7696875752385509e-01	   7.2106075802720060e-01	   5.9732555646007568e-01	   8.3403971735266302e-01	   7.8555605058989819e-01	   3.8277792452611359e-01	   4.2116546205893735e-01	   6.3575911165318688e-01	   3.4582789366590894e-01	   6.2461778920020461e-01	   5.1873266003676322e-01	   8.8204103553115454e-01	   8.3767161142038438e-01	   8.2099854719631571e-01	   7.4128291515923550e-01	   7.0999810097926086e-01	   6.5713876953136374e-01	   5.4765072133709514e-01	   3.5426065680546581e-01	   7.5072163618386123e-01	   7.4638918264630361e-01	   6.4303564199426677e-01	   6.4125369289700074e-01	   6.8356043621377072e-01	   5.1395827923698312e-01	  -5.5494391400383258e-02	  -4.2201894944964638e-02	   1.4628148663047347e-01	   4.7632933271534873e-02	   2.0762645982308872e-01	   4.8399392140361812e-02	   3.8301171786547944e-01	   2.4285391780612503e-01	   2.1851165706406808e-01	   2.8172245476040436e-01	   4.4024141996017491e-01	   3.9464066398920633e-01	   4.0742569509603427e-01	   5.0953241607552391e-01	   5.3247134695798026e-01	   6.2839559908755316e-01	   5.8064269651553113e-01	   6.0308375618214138e-01	   4.4902331326765238e-01	   4.2336321625982076e-01	   2.6528898296055714e-01	   5.6013591203409052e-01	   6.0103380618555380e-01	   6.0494682649848441e-01	   7.8610074855673640e-01	   7.2058973944991611e-01	   6.1080018801508895e-01	   6.1301026897123034e-01	   7.8887094251822620e-01	   6.7176342380096410e-01	   6.3188242991895560e-01	   5.3744624104209304e-01	   2.9984386668814283e-01	   2.6358627335048634e-01	   6.4821093510024230e-01	   5.5514455473464741e-01	   6.7511471793434941e-01	   5.4585631416437341e-01	   5.5575218524060976e-01	   4.1920192730239014e-01	   4.8144585911640358e-01	   4.3076411093508366e-01	   3.7414531321044908e-01	   4.7402997750071596e-01	   6.0926122755645395e-01	   6.1851926959262116e-01	   5.5142351391847244e-01	   5.8749745883158411e-01	   6.8549242876352812e-01	   6.7714220808272729e-01	   3.9638790701727444e-01	   1.9914299911957439e-01	   6.9075175913767817e-01	   6.7668854693361880e-01	   5.8625852466227546e-01	   6.4052216242630533e-01	   5.4633369919885744e-01	   5.8868066052891765e-01	   2.7562444435192762e-01	   1.9134493862229171e-01	   3.7046430946369779e-01	   3.4523424232660244e-01	   3.8622214001819188e-01	   3.9082789369182125e-01	   5.0386276014208597e-01	   6.6847280113544405e-01	   5.1340290726289439e-01	   6.1706285081238754e-01	  -3.6135046398491544e-01	  -1.7649913348347440e-01	   3.4897332294669481e-01	   4.5629232387987650e-01	   5.2579909453069493e-02	   2.3868882012301990e-01	   3.2577289697302719e-01	   4.0683630485563516e-01	   4.2041472861374030e-01	   4.6499765391347869e-01	   2.2152676885807571e-01	  -2.4568244480924323e-01	
   6.2377217353682879e-01	   6.0242460315574653e-01	   7.9837716585981067e-01	   0.0000000000000000e+00	   7.1040993648637873e-01	   8.3106080954577133e-01	   7.6203970363547935e-01	   9.0037264692385011e-01	   7.0748008221173664e-01	   6.7733456539803816e-01	   4.1142526465587631e-01	   3.4646710437977507e-01	   4.8925968243273577e-01	   4.7497624638510888e-01	   6.2063585474541449e-01	   6.9088631209847973e-01	   3.6388632655263092e-01	   3.9299833254004413e-01	   5.0174302699154483e-01	   3.1722285100346226e-01	   5.4416260082892220e-01	   6.3322301961069938e-01	   7.3547602406317969e-01	   8.3775918842578645e-01	   7.3297090695401668e-01	   7.6793285274848566e-01	   5.3371928237661392e-01	   5.5992094340423870e-01	   4.6945745077488971e-01	   2.8184849347516983e-01	   6.9032972593426067e-01	   7.5395355780778039e-01	   5.9029333878395018e-01	   6.1810456331669716e-01	   5.6949759134293798e-01	   5.6526236231111604e-01	   2.1670487605128136e-01	   1.7287625024903003e-01	   3.3048783849736307e-01	   2.7032694054608353e-01	   5.4972616950993691e-01	   3.5500270532049105e-01	   4.0849895323505736e-01	   2.1485598098996828e-01	   3.0100276336358058e-02	   1.2247673676436700e-01	   4.6836976579432521e-01	   4.5112210416007814e-01	   1.8017703750386732e-01	   3.0585694080292253e-01	   4.3989702659611080e-01	   5.6366823162175894e-01	   5.2208832695632146e-01	   5.4780255118574228e-01	   4.9915244970385464e-01	   5.7290052249711210e-01	   3.0246053216099011e-01	   5.3155353243061065e-01	   3.7763155022334827e-01	   4.2590499563355633e-01	   5.8313155425750340e-01	   6.8787962876850717e-01	   6.0503893101388395e-01	   6.3057094813113057e-01	   6.5773274633241496e-01	   6.9277865957401041e-01	   5.5635516005288510e-01	   6.2575878917342953e-01	   4.9203645837938670e-01	   5.2051069713781750e-01	   5.8583941327087263e-01	   6.6777937918935704e-01	   5.8412356710455260e-01	   4.6545852144014649e-01	   4.9748955377114989e-01	   3.8644608922589307e-01	   5.5734844680923779e-01	   5.6142163255918509e-01	   3.4566250424592199e-01	   4.4147464666509922e-01	   6.7029638785401402e-01	   5.3229197886166735e-01	   6.9734961438234344e-01	   6.5446864945128713e-01	   5.6621485567220320e-01	   5.9586387988696621e-01	   2.6519486420053262e-01	   2.1124388127494909e-01	   6.0155982117629669e-01	   6.8499835171876078e-01	   7.1924974344453818e-01	   7.3534000812472677e-01	   7.3600194992763102e-01	   6.8743314297015823e-01	   4.3227229377000387e-01	   3.6882843723404413e-01	   5.3135453506242714e-01	   4.8938661779583148e-01	   4.8998112420951379e-01	   4.8764145968999861e-01	   5.6475622919784252e-01	   7.0279808762282570e-01	   5.9222763732590267e-01	   6.4141678080395170e-01	  -7.7037335375065935e-02	   2.0919610294108111e-02	   5.2558623791140535e-01	   6.3894592118084248e-01	   2.4586325772978190e-01	   3.0677379866188537e-01	   5.2352748075802902e-01	   6.0400707756106642e-01	   5.4478845200136894e-01	   4.4336552427176340e-01	   3.8438489967160755e-01	  -3.1582499149858634e-01	
   7.9289040001813527e-01	   6.1615629347194523e-01	   8.3844367515493190e-01	   7.1040993648637873e-01	   0.0000000000000000e+00	   8.3710196140503434e-01	   8.4685352355856169e-01	   7.4949652892655705e-01	   8.8381261830322111e-01	   6.3444206522027213e-01	   6.4448120359051220e-01	   5.0005455004869948e-01	   7.3974488494443791e-01	   5.6206195372633083e-01	   8.6022990839548874e-01	   7.3435803179437609e-01	   5.1351574787645415e-01	   4.8084488717207663e-01	   5.3231421944571566e-01	   3.3610193964394353e-01	   6.6520313326061231e-01	   5.4266987757653418e-01	   7.4802033356571185e-01	   6.6836035648378445e-01	   7.7304680411484816e-01	   6.4324467907490168e-01	   7.3953203780693655e-01	   6.1367751409811067e-01	   6.8140027551472482e-01	   4.7680660413640663e-01	   5.4264639195986164e-01	   5.2732021743068991e-01	   6.6500501427971037e-01	   6.4304853319225352e-01	   6.8327943964286164e-01	   5.5633127769547408e-01	  -9.7520880036695165e-02	  -1.2171713256961661e-01	   8.4482859331072191e-02	  -1.5402452708469561e-02	   2.8168845511268975e-01	   1.7497216110455754e-01	   3.8862980315909512e-01	   2.3934095189356136e-01	   3.7973822367803312e-01	   4.2316646390035073e-01	   5.0790661876820176e-01	   4.3254872500869179e-01	   4.8854549523254021e-01	   6.0549791615475912e-01	   5.8016722553501110e-01	   6.2879763439383729e-01	   6.4033766526782476e-01	   5.6252121620703854e-01	   4.8561092475703765e-01	   4.0214526938509665e-01	   3.5932068505960391e-01	   5.5496433867769723e-01	   6.7747801433173493e-01	   5.9243927539474983e-01	   8.0741869225807350e-01	   7.9544800305035179e-01	   6.4626757912953559e-01	   6.8047706720305701e-01	   7.5807613902849025e-01	   6.7461463630438390e-01	   7.4431617617020995e-01	   6.2681202118401902e-01	   3.5232631684435661e-01	   2.9275009875315899e-01	   6.2525678311461963e-01	   4.7870253826440645e-01	   6.9841347193164371e-01	   5.2874429654245669e-01	   5.7365204364334932e-01	   3.8527684807992191e-01	   4.6064243279293032e-01	   4.0132071332048425e-01	   4.2641878302879260e-01	   4.9355963284293608e-01	   6.7929025186764558e-01	   6.5504011371974080e-01	   5.7704001226441415e-01	   6.7149254518796331e-01	   7.2784405224019788e-01	   6.8913073087563492e-01	   2.9293079008624295e-01	   1.3533633815989121e-01	   6.4952423116986269e-01	   6.0248445677199280e-01	   6.2462616222130662e-01	   6.6726671134128757e-01	   5.0267492193838459e-01	   5.8161144175685242e-01	   2.8582607473304500e-01	   1.8659322942784243e-01	   3.2633078096390961e-01	   3.0335719893287810e-01	   4.6391713693465014e-01	   4.8456439720087413e-01	   5.0995433692593628e-01	   6.5168127264337583e-01	   4.9732645203608228e-01	   6.1770876046338319e-01	  -3.4768570479533262e-01	  -1.8627544536682392e-01	   3.7411534682859865e-01	   5.1343692975727551e-01	   1.4294057330593302e-01	   2.4364675791958051e-01	   3.2807216016126195e-01	   4.5284096790638562e-01	   4.1601981035060176e-01	   5.3488721816331108e-01	   1.5458402493224827e-01	  -1.9746908884067824e-01	
   7.1225995046252066e-01	   5.8757233862028435e-01	   7.5101648728307746e-01	   8.3106080954577133e-01	   8.3710196140503434e-01	   0.0000000000000000e+00	   7.2289865220400695e-01	   7.9442540904553205e-01	   8.5163317300784047e-01	   8.4184933490764968e-01	   5.0610992166466928e-01	   4.6907696273955435e-01	   5.7317152472132560e-01	   5.6526206180994365e-01	   7.4000149353459732e-01	   7.9471497569016258e-01	   3.9052934638235032e-01	   3.9155071239485573e-01	   4.8476908814511699e-01	   3.7888016242489142e-01	   6.3332387287920466e-01	   6.2334794268981963e-01	   6.4405393835357594e-01	   7.3822988541396339e-01	   7.2192444717784010e-01	   6.9089892847037293e-01	   7.1723437971849269e-01	   6.9577069778098366e-01	   5.2122621334020613e-01	   4.0211428561541396e-01	   4.9958020164142336e-01	   5.6671869879969072e-01	   5.4417172120038204e-01	   5.5549833213429500e-01	   5.4158014515064523e-01	   5.0815078841630790e-01	   4.8894586978822360e-02	   4.9721316468304272e-03	   2.4156733807428671e-01	   1.3482463834504826e-01	   3.9691589671186489e-01	   2.4301325482250685e-01	   4.2138685775460927e-01	   2.5169770250163892e-01	   2.4874210344792469e-01	   2.9910938461802417e-01	   5.0522995838903784e-01	   4.2930693260728331e-01	   3.3040532164845382e-01	   4.2632275523035051e-01	   4.1689820548843287e-01	   5.1661306070891844e-01	   5.0041875332440766e-01	   4.1836584270235233e-01	   4.8428439956020308e-01	   4.5362983508955440e-01	   3.8860919141730499e-01	   4.8085988520576006e-01	   4.5870171773947244e-01	   4.1600385414806113e-01	   6.5984388899832269e-01	   8.0563228697652578e-01	   5.7878748380178990e-01	   6.0470500413322947e-01	   6.8131982292827065e-01	   7.5674669540841766e-01	   5.9582353710754998e-01	   5.7672783558105234e-01	   4.8843743643080317e-01	   4.0366959864880836e-01	   5.0816854906956033e-01	   4.6709622632860026e-01	   5.3390422896030776e-01	   4.1788243586930607e-01	   4.7701093558579244e-01	   3.4827088487222124e-01	   4.3341010126502300e-01	   4.1823906456463222e-01	   4.2000378173069358e-01	   4.8024686090096624e-01	   6.7991790821054754e-01	   6.1069911919502218e-01	   7.1220369946075524e-01	   6.7632872993733451e-01	   6.1574020586699874e-01	   6.6759843295992327e-01	   2.9136650059526192e-01	   2.3571181768282465e-01	   6.9600238729995756e-01	   7.0089291111323271e-01	   6.8646629611871524e-01	   7.0271914758456844e-01	   6.4769751452757973e-01	   6.0407945992303236e-01	   4.1813393008893995e-01	   3.6900826834571543e-01	   4.8287602812648800e-01	   4.4369202921351947e-01	   5.0326858654625761e-01	   4.7490294388793564e-01	   5.4771208835577778e-01	   6.7205191562791067e-01	   5.5272791330775939e-01	   6.5025814807116245e-01	  -1.5563439900102183e-01	  -2.7377035253727984e-02	   4.9937094875379179e-01	   6.2678041330428236e-01	   2.3581252441854661e-01	   3.5142241144165193e-01	   4.5257593566990340e-01	   5.7252975192462663e-01	   5.2285054428651856e-01	   5.0600503963202681e-01	   3.3033413512362431e-01	  -1.7787155755778686e-01	
   7.3143325855596086e-01	   5.3245098715029715e-01	   8.9202555777474490e-01	   7.6203970363547935e-01	   8.4685352355856169e-01	   7.2289865220400695e-01	   0.0000000000000000e+00	   8.7961260549928377e-01	   7.0506334619681532e-01	   5.1156210582249728e-01	   7.1724337933140792e-01	   6.0000984114871703e-01	   8.4915382953210439e-01	   7.1587121150657151e-01	   7.4818768523944246e-01	   6.7074792473711686e-01	   4.9494699774167616e-01	   3.9257110823916325e-01	   6.0118948362671287e-01	   3.0555108172315115e-01	   6.5817586392273042e-01	   5.5905614349830679e-01	   8.0161846132670922e-01	   7.4238447875308666e-01	   7.4804880689485509e-01	   6.9289500673081117e-01	   5.7851129625279252e-01	   5.3469666911341585e-01	   6.8859126183506758e-01	   5.0290009269382929e-01	   7.6384964876868011e-01	   7.4026429746261346e-01	   7.7039921812691992e-01	   7.6554100111848156e-01	   7.4837083092122958e-01	   6.0551294499708086e-01	  -1.7754997812586548e-01	  -1.7952170753425198e-01	   1.1437977639235068e-02	  -6.3682278889248073e-02	   1.9301908509606094e-01	   3.9522265739730646e-02	   3.6499017930864613e-01	   2.3857928617175875e-01	   3.4344612885407388e-01	   3.9161166202683051e-01	   4.0627857337809259e-01	   3.6689167537357775e-01	   4.2111896588559383e-01	   5.2715745610796994e-01	   5.4824662147366743e-01	   6.0111841440252523e-01	   6.0518827048542945e-01	   5.8215779526998124e-01	   4.2197844537598128e-01	   3.4809366452453572e-01	   1.1214412040865239e-01	   4.4276953150583342e-01	   6.2871801285334483e-01	   5.5371704829354340e-01	   7.8514757437735061e-01	   8.1226198373799163e-01	   6.3654613145057981e-01	   6.3547490782440408e-01	   7.0622364883399624e-01	   6.3582359237842101e-01	   7.0732856217982210e-01	   6.3970722676404324e-01	   1.6978496807353652e-01	   2.0695311229141061e-01	   6.8960089254306567e-01	   5.8666442242658012e-01	   7.0093213388069353e-01	   5.1736809396064287e-01	   5.6676361541019915e-01	   4.0290539816694293e-01	   4.2925480841766489e-01	   3.7979681810616372e-01	   4.3148067909446891e-01	   4.5409322546380765e-01	   6.4543790744041485e-01	   6.0152280625343235e-01	   4.2342152846553965e-01	   5.5331909095222587e-01	   6.4932884220489007e-01	   6.2223965285620075e-01	   2.4545609831390730e-01	   1.3813358101679546e-02	   5.5279681275425108e-01	   5.3359901920407482e-01	   5.6095764253116276e-01	   5.9271062239660433e-01	   5.0213066325418676e-01	   4.6109432174913068e-01	   2.3025066915093517e-01	   1.3468945555548095e-01	   2.5265326276512057e-01	   2.6759090598832308e-01	   3.2806109704842401e-01	   3.3749449374461998e-01	   5.1219308916467987e-01	   5.6735472064935100e-01	   4.9101541374132462e-01	   4.9447189679230841e-01	  -4.2234224554709021e-01	  -3.1255038258052859e-01	   3.3783417668948540e-01	   3.5047953623797667e-01	   8.2167019401993280e-02	   1.9744203800912893e-01	   2.2069350289082473e-01	   3.3296965889424329e-01	   3.6661190673451538e-01	   4.2312843009416662e-01	   1.2322144473137647e-01	  -2.0673802879341840e-01	
   6.5465452534265234e-01	   5.1143047440678768e-01	   7.5909937222987800e-01	   9.0037264692385011e-01	   7.4949652892655705e-01	   7.9442540904553205e-01	   8.7961260549928377e-01	   0.0000000000000000e+00	   6.8382675522233494e-01	   6.0259580487942943e-01	   6.0235429450853617e-01	   5.6524189252505241e-01	   6.9909649652911576e-01	   6.8411797324430113e-01	   6.4978530005715340e-01	   6.7362854195510369e-01	   4.6541927538226069e-01	   3.8017403211367240e-01	   5.2765279601225390e-01	   3.2390876633470500e-01	   6.2305349896233841e-01	   6.6118533055174722e-01	   7.2384370975089896e-01	   7.6326440595203904e-01	   6.8496259389152747e-01	   7.1782554857913305e-01	   4.9259502701338870e-01	   5.1391233715615747e-01	   6.4785420289055851e-01	   4.7545694263561256e-01	   7.4280328972637921e-01	   7.8456538108933294e-01	   7.3369791070196577e-01	   7.4705998111324579e-01	   6.8482866886430016e-01	   6.5428068551093066e-01	   3.6104694068648011e-02	   8.7387219524175212e-03	   1.8690174323557612e-01	   1.2225590254565688e-01	   4.4600623078785206e-01	   2.4578968846468460e-01	   4.5566145682946901e-01	   3.0035459063294839e-01	   2.7738659529332782e-01	   3.6092147402112196e-01	   5.0073675579919930e-01	   4.8462505240925452e-01	   3.3335576423763386e-01	   4.1996694285985536e-01	   5.0604863073315798e-01	   5.7493138858713555e-01	   5.9527459945612704e-01	   5.5189929701817420e-01	   5.0376641386845800e-01	   4.7773602030535650e-01	   1.5549546094302102e-01	   4.0362402047662127e-01	   5.0181814224108923e-01	   4.3456190559462549e-01	   6.3932237209964460e-01	   8.0188048624948627e-01	   6.4744724729107528e-01	   6.4934114600061665e-01	   5.8272451358712929e-01	   6.5945451162959068e-01	   6.5311001808521396e-01	   6.9313575949817596e-01	   3.1521346526342631e-01	   3.5531264357115699e-01	   6.2792672288603590e-01	   6.9119251396270198e-01	   6.4559371567941193e-01	   4.8407742072850363e-01	   5.3387156736536556e-01	   4.0603616137787457e-01	   4.5841024638806704e-01	   4.9156691242824208e-01	   4.0183464080074865e-01	   4.1825573152914475e-01	   7.1665305208750119e-01	   5.9556295473596399e-01	   5.6109685140966858e-01	   6.2542890152318009e-01	   6.1450428799410961e-01	   6.2980322417629819e-01	   1.4210035119554865e-01	   3.1965857743803602e-02	   5.3701897417867073e-01	   5.7565666983137009e-01	   6.8195235114492603e-01	   6.7610192286956694e-01	   6.4960584965729906e-01	   5.4185036464684244e-01	   3.6391596743632104e-01	   2.6649768190008921e-01	   4.0708820741900820e-01	   4.0785322159791937e-01	   4.5657834050395418e-01	   4.5653836804344083e-01	   5.8675341138493531e-01	   6.0670754849048736e-01	   5.4589440129243672e-01	   5.2842649178699785e-01	  -2.2283804201345736e-01	  -1.5663573526819133e-01	   5.0228026813243298e-01	   5.3451790372502095e-01	   2.4858398090271105e-01	   2.8125384858586144e-01	   4.0107473205835154e-01	   5.1137140312812490e-01	   4.9577376743056523e-01	   4.1308858357294487e-01	   2.4660638629979442e-01	  -2.9405043677700538e-01	
   7.4650347962406427e-01	   5.7604670198576635e-01	   7.2241156658997430e-01	   7.0748008221173664e-01	   8.8381261830322111e-01	   8.5163317300784047e-01	   7.0506334619681532e-01	   6.8382675522233494e-01	   0.0000000000000000e+00	   7.8932618776895813e-01	   5.7556383668821853e-01	   4.9473754333181297e-01	   6.5050541686914032e-01	   5.8307354257107880e-01	   7.7720858683603611e-01	   7.1302089212392183e-01	   4.7966440255431653e-01	   4.7374889811633797e-01	   4.5587590080867579e-01	   3.7009614088827969e-01	   4.4857852596840725e-01	   3.9249599691207143e-01	   6.4755347455353363e-01	   6.8816711787400497e-01	   6.6239416244324367e-01	   5.0664137731191738e-01	   6.9642816733328827e-01	   6.1178443526189519e-01	   5.4626095474056213e-01	   4.9767922118196772e-01	   3.8138270877257069e-01	   4.4326735287189323e-01	   5.4274070527471208e-01	   5.4163093627418846e-01	   5.1980963393688051e-01	   4.3684370972235098e-01	  -5.9665623825596897e-02	  -6.3947944594605257e-03	   1.4337336885235977e-01	   8.2219356129507135e-02	   2.9656258517193523e-01	   1.8078730423580755e-01	   3.1417746246549549e-01	   1.5725978431817272e-01	   2.6465484775675518e-01	   2.9961403666613218e-01	   4.5040661909197544e-01	   3.9284710960180363e-01	   3.3006756227214429e-01	   4.8621275222466404e-01	   4.3346580178860805e-01	   5.2965203947677175e-01	   5.1202286096863170e-01	   4.5044726049893619e-01	   4.4126620793200544e-01	   4.3949719059527581e-01	   4.2152686911660686e-01	   5.2205002283448276e-01	   5.6871498718815905e-01	   4.6880814893451628e-01	   7.2468232438756308e-01	   7.8842760516624222e-01	   5.9165938782188587e-01	   6.6761215141119723e-01	   7.3557439408142999e-01	   7.4039823072676048e-01	   6.3501546385617791e-01	   5.2959427141254933e-01	   4.4428600201491375e-01	   3.1987472695229580e-01	   4.1642392675210005e-01	   3.4351078965629855e-01	   5.5247183881623063e-01	   4.6438851711409179e-01	   5.3717489235547911e-01	   4.2124191401088917e-01	   4.9002476557690594e-01	   4.6533146780460183e-01	   4.9800915580152966e-01	   5.9444216183638354e-01	   6.6910008744689797e-01	   6.6491201446097503e-01	   5.7554104641290282e-01	   6.5179092736164246e-01	   6.6613588875163032e-01	   6.9017437576864926e-01	   2.7864160288658191e-01	   1.8398416489179004e-01	   6.5238723247369024e-01	   6.5950367908842922e-01	   6.5210938936000673e-01	   7.0269935334822498e-01	   6.0370521884714179e-01	   6.0698467141622414e-01	   3.2114906029418683e-01	   3.0434268605230086e-01	   3.8302187793190423e-01	   3.8207342434100267e-01	   4.5990438835872305e-01	   4.9274510968870555e-01	   4.9535740989600946e-01	   6.1994416000886898e-01	   4.9030266791168869e-01	   6.1532162146459268e-01	  -1.5090363399320639e-01	   2.2782268397091493e-02	   4.5529496880848835e-01	   5.5680715777934664e-01	   1.4196040570750018e-01	   2.5284144309283868e-01	   3.6798948089255512e-01	   5.0260828308505501e-01	   4.7132441452341961e-01	   5.5105606769410254e-01	   3.0062674144607215e-01	  -8.1517617620014887e-02	
   6.1392100658209925e-01	   5.2430548400895383e-01	   5.9794254174665085e-01	   6.7733456539803816e-01	   6.3444206522027213e-01	   8.4184933490764968e-01	   5.1156210582249728e-01	   6.0259580487942943e-01	   7.8932618776895813e-01	   0.0000000000000000e+00	   4.1953751186169419e-01	   4.8704213546296549e-01	   4.4651300995111415e-01	   5.9995623765169270e-01	   6.1926119309106520e-01	   7.8419760054368315e-01	   2.1469724429631459e-01	   3.7355340094289774e-01	   3.3439049769023999e-01	   3.5207026619952064e-01	   3.7197912086501111e-01	   3.9713064876276877e-01	   5.2494628776117414e-01	   6.9633162051537445e-01	   4.5805205557075807e-01	   4.0125051015764091e-01	   5.6892947580347375e-01	   5.4153120991434556e-01	   3.1281236488011854e-01	   4.1049593480506313e-01	   3.0104892333240119e-01	   4.2550971110770675e-01	   2.9483224219448184e-01	   3.1483063188069471e-01	   2.8697105911696041e-01	   2.4643503753095039e-01	   1.1469077768337266e-01	   1.5581918506282127e-01	   2.5177700401591319e-01	   1.6194999888536935e-01	   3.3939951317420580e-01	   1.4350538172964614e-01	   2.8491061118133232e-01	   1.1120132320990403e-01	   7.5964682289276747e-02	   1.3080856485302922e-01	   4.0583520392915950e-01	   3.4427497653070821e-01	   1.9308660174807846e-01	   2.9583348255128616e-01	   2.5783797823098004e-01	   3.9131720321973906e-01	   3.6981383283382752e-01	   3.1961373501620860e-01	   3.8995402267474955e-01	   4.1473760390910847e-01	   3.8961845794181382e-01	   4.0430628938473084e-01	   2.5327627266237085e-01	   2.4173333678956682e-01	   4.7693043750428538e-01	   6.4368842439062590e-01	   4.2877359567128226e-01	   4.8245708570023915e-01	   5.5450034090588884e-01	   7.1235401592999048e-01	   3.4735672144149121e-01	   3.4394672563473944e-01	   4.7000787446609127e-01	   3.2797512422787467e-01	   3.0174454290263047e-01	   3.1820698279991605e-01	   3.9430075865919190e-01	   4.3365641120788712e-01	   4.3516814330668363e-01	   4.2014964233654573e-01	   3.9709677168774515e-01	   4.0940446476846681e-01	   2.9783598231281821e-01	   4.3567766160505672e-01	   5.3828415732437185e-01	   5.6349811526071303e-01	   6.3640077291820485e-01	   5.2642357467182610e-01	   4.5776130501269929e-01	   6.0265407543335769e-01	   2.6721233917610754e-01	   1.9236776589542373e-01	   5.6917123667963798e-01	   6.3725728009958238e-01	   6.7811119315342461e-01	   6.6645361855412688e-01	   7.1639749986342616e-01	   5.8984522584844579e-01	   3.5170786053410963e-01	   3.6026207869059690e-01	   4.8242589201117525e-01	   4.4288509948887278e-01	   4.7873347998717430e-01	   4.2802243798351541e-01	   4.6697242976768416e-01	   5.8640929876021897e-01	   4.6021862136403180e-01	   5.6733423942004646e-01	   3.3916067578117519e-03	   1.2333391791837442e-01	   4.8348205787042220e-01	   5.7573338838633092e-01	   2.4296426326559040e-01	   2.8582450674749615e-01	   4.3861672073089553e-01	   5.6136204382046229e-01	   5.1671915299468207e-01	   4.4949953516199970e-01	   4.1356483448976311e-01	  -1.1372971426187101e-01	
   8.3644381076190544e-01	   6.2132014372814814e-01	   6.1026536103487505e-01	   4.1142526465587631e-01	   6.4448120359051220e-01	   5.0610992166466928e-01	   7.1724337933140792e-01	   6.0235429450853617e-01	   5.7556383668821853e-01	   4.1953751186169419e-01	   0.0000000000000000e+00	   8.9703351190446290e-01	   9.0384943967593823e-01	   8.1259986574277943e-01	   7.0717730690069280e-01	   6.1337047737767325e-01	   6.1477421623629325e-01	   6.2274949943936142e-01	   5.5443557431341983e-01	   4.0179402616878346e-01	   3.9482794852501751e-01	   2.1239083507189882e-01	   5.5102213286707524e-01	   4.8704866724106016e-01	   3.8493135468127071e-01	   2.6359571953171851e-01	   5.0780307041169259e-01	   3.4651851912178760e-01	   8.0322242913920339e-01	   7.5858505905376528e-01	   4.1228423392641672e-01	   4.1379712510787281e-01	   6.6798098639042991e-01	   6.4194436766993945e-01	   5.2504160860180116e-01	   3.9387977125419804e-01	  -2.8264419693476528e-01	  -2.2734008986143023e-01	  -8.2399037887060239e-02	  -1.3892239178399890e-01	   7.3236010395528656e-02	  -1.6345384353287980e-02	   2.6981713840961546e-01	   2.2843800934787067e-01	   4.9025720248646143e-01	   5.0972784642555879e-01	   4.7563803530163518e-01	   4.0080571297725104e-01	   6.1649806666431761e-01	   6.6320347667535173e-01	   7.2204488065036287e-01	   6.5572514688631767e-01	   7.5850835146192308e-01	   6.4947127942407157e-01	   5.6301462900101362e-01	   3.7584612775426490e-01	   2.5393895701552793e-01	   4.8512168337467754e-01	   7.5101731351769474e-01	   5.2577492407412996e-01	   7.9118535153429925e-01	   7.5766266239249147e-01	   7.6934059542546518e-01	   6.9738856626713408e-01	   5.5284544224787524e-01	   4.6180394177322198e-01	   6.1025844164556275e-01	   4.1843990582444229e-01	   4.9628883353481777e-02	  -2.6443167255141571e-02	   4.7826127040988253e-01	   4.0618725198988187e-01	   6.4937677547510886e-01	   5.0934490128677301e-01	   6.0175660516591134e-01	   5.0582966654210471e-01	   4.3532090521632161e-01	   4.1470055404469974e-01	   5.2836170184296560e-01	   5.6491638747939521e-01	   6.5535042193589865e-01	   6.9673116012267111e-01	   2.7485993452516705e-01	   4.3257328553415020e-01	   7.0086717460538916e-01	   6.6548738113133399e-01	   2.1105889789603829e-01	  -7.3264190658322917e-02	   5.1319955756829760e-01	   3.8943782120097437e-01	   4.9947308581205557e-01	   4.9701726682817449e-01	   2.9443494974895468e-01	   2.2753555048029933e-01	   1.4577612346995739e-01	   9.6870710104404404e-03	   1.8408933382650564e-01	   2.7185276100016698e-01	   4.6173053426901078e-01	   4.8924922763646073e-01	   4.3457912572864638e-01	   3.9628500470103628e-01	   3.6266803216394028e-01	   3.1823117987195870e-01	  -3.7061690875816056e-01	  -3.0819116634334959e-01	   2.7280611425845513e-01	   2.3114309672358169e-01	   5.9916575932884880e-02	   2.4177025841492486e-01	   1.2088575089294670e-01	   2.3973259796841351e-01	   3.5392117745896101e-01	   4.0226283177008537e-01	  -1.5636776450466905e-02	  -1.4106869403343758e-01	
   7.1927939050184264e-01	   5.1903948982034032e-01	   4.7696875752385509e-01	   3.4646710437977507e-01	   5.0005455004869948e-01	   4.6907696273955435e-01	   6.0000984114871703e-01	   5.6524189252505241e-01	   4.9473754333181297e-01	   4.8704213546296549e-01	   8.9703351190446290e-01	   0.0000000000000000e+00	   8.1014667338251567e-01	   8.9747505376895909e-01	   6.0341213442334296e-01	   6.0185946844823179e-01	   5.1057611860455820e-01	   5.3727563898916586e-01	   4.1892330706857983e-01	   4.1636245308280112e-01	   3.3545070718999315e-01	   1.9789485801201409e-01	   4.3997363520648219e-01	   4.5207893846782915e-01	   2.3360666971318525e-01	   1.5687726208614913e-01	   4.0156800112631397e-01	   2.8279452286946227e-01	   7.0835398943700634e-01	   7.6705711669251864e-01	   3.3574110844328786e-01	   3.9144110286902722e-01	   5.2497464203311228e-01	   5.0681199214849604e-01	   3.7896687330316758e-01	   2.6044796021459343e-01	  -1.8750154562850480e-01	  -1.6706115451833847e-01	  -3.7934116432740299e-02	  -8.5504720906646306e-02	   8.0259594235168402e-02	  -4.3853919660701492e-02	   2.7059036972380490e-01	   2.3317408332626482e-01	   4.7906843243952424e-01	   5.0566758938411427e-01	   4.3803471120251786e-01	   3.8023624144420476e-01	   5.9270399270177754e-01	   6.0050597079131374e-01	   6.1319815052170867e-01	   5.5272777000176432e-01	   6.5918435729568348e-01	   5.3755456033251048e-01	   5.1827801375067495e-01	   3.5581410652727552e-01	   1.8138102587584640e-01	   3.5157032157535517e-01	   6.4021433162734565e-01	   4.3714332527922040e-01	   6.3083180477177747e-01	   6.6552888781449104e-01	   6.7644772294823763e-01	   5.9644578774278378e-01	   3.6772565921627609e-01	   3.6973327054539018e-01	   4.7929648117099122e-01	   3.2006903795528946e-01	   6.1965815599649719e-02	   1.4170479971791800e-02	   3.6934209059918000e-01	   3.3750496893471726e-01	   4.9011434995694175e-01	   4.0175765953185549e-01	   4.9706840837502231e-01	   4.4761594382396819e-01	   2.9825787393941222e-01	   3.4962703540637874e-01	   4.7504425364710645e-01	   4.7450240996676013e-01	   6.0504348691678889e-01	   6.6633356385064624e-01	   2.4423923091356342e-01	   3.9271663555457281e-01	   5.7289841272295583e-01	   6.2382281788505956e-01	   1.4548720048940914e-01	  -1.1918109686748637e-01	   4.4785554101881075e-01	   3.3983557725838154e-01	   4.5964567272084855e-01	   4.2069443354531577e-01	   3.0734460182510587e-01	   1.4906127791295976e-01	   1.9035554517693251e-01	   1.1138106935868036e-01	   1.7988278081109871e-01	   3.0913486004046942e-01	   4.4791722640452480e-01	   4.1702182263464121e-01	   4.1862255390628589e-01	   2.9537158958858289e-01	   3.0766697632918583e-01	   2.1144402066563051e-01	  -2.9513735120878781e-01	  -2.6996407478497442e-01	   3.5099898988974537e-01	   2.7073232444550371e-01	   1.8621911013425835e-01	   2.8715556641720186e-01	   1.2917262315670180e-01	   2.1793084873909188e-01	   3.2607861228055290e-01	   3.5989611151349149e-01	   5.5971141396056551e-02	  -1.0300521019051886e-01	
   7.6841786909072107e-01	   5.2579898725288310e-01	   7.2106075802720060e-01	   4.8925968243273577e-01	   7.3974488494443791e-01	   5.7317152472132560e-01	   8.4915382953210439e-01	   6.9909649652911576e-01	   6.5050541686914032e-01	   4.4651300995111415e-01	   9.0384943967593823e-01	   8.1014667338251567e-01	   0.0000000000000000e+00	   8.4983671731423749e-01	   8.0962292412364201e-01	   6.7253605821682860e-01	   5.0363855145718406e-01	   4.5907098495505327e-01	   5.4908809870565922e-01	   2.9495017686436098e-01	   5.1907858229738246e-01	   3.2122548096246051e-01	   6.7341190725825617e-01	   5.6967894928761187e-01	   5.5104947795059944e-01	   4.3086814627513759e-01	   5.9376440508535000e-01	   4.7635416017805521e-01	   7.4956934787656393e-01	   6.9910971136372146e-01	   5.5399383881600217e-01	   5.4138281271378785e-01	   7.0687348523484306e-01	   6.7059076542621388e-01	   6.5918411926089493e-01	   5.1354104415707491e-01	  -2.7727085222074116e-01	  -2.1064669772371719e-01	  -3.0667161099282511e-02	  -1.1737671099417696e-01	   3.0809608161600301e-02	  -4.0513060504036490e-02	   3.7058711572069958e-01	   3.0046909396791399e-01	   5.4349434860486712e-01	   5.5561447048749057e-01	   4.7746703649697270e-01	   4.1835242761469216e-01	   5.7332731246844437e-01	   6.3081748627731793e-01	   6.0297851012707671e-01	   5.9882724884720406e-01	   6.7293671146781198e-01	   5.6863214242288485e-01	   5.0735659206888528e-01	   3.3725006960512238e-01	   1.1776395503583574e-01	   3.9985473092589852e-01	   7.3203253697390847e-01	   5.2216394302242786e-01	   7.9803787773135548e-01	   7.9110790497303185e-01	   6.5787708761633046e-01	   6.4891942129559044e-01	   6.2673756978311501e-01	   5.4640472078403324e-01	   6.7692222126175206e-01	   5.1782065275973688e-01	  -1.0583261581244910e-02	   3.6688435784534054e-02	   4.9804335600962368e-01	   3.5927144927540910e-01	   6.0145000402270488e-01	   4.4213024452807498e-01	   5.3374464982024561e-01	   4.1726700110478765e-01	   3.5579876049302683e-01	   3.5375506831628012e-01	   4.5364654480840111e-01	   4.5480062576690861e-01	   6.2933105229889885e-01	   6.8543550459992608e-01	   2.9541173880294258e-01	   4.9151295790820759e-01	   7.1312093461824733e-01	   6.6704161570364784e-01	   1.8665721464812116e-01	  -6.0079028882938153e-02	   5.5245901890163052e-01	   4.3550106439943970e-01	   5.0125872879697142e-01	   5.3481120091305101e-01	   3.4499914026913686e-01	   2.9329529848767327e-01	   1.4209880024491081e-01	   3.4295656875350453e-02	   1.9163035964836933e-01	   2.4849204339491915e-01	   3.6620742204503731e-01	   4.0546083556980916e-01	   4.9056095309504599e-01	   4.2483820603559574e-01	   3.7036821898518624e-01	   3.5245207501004949e-01	  -3.9413801559384842e-01	  -2.9547670833236284e-01	   2.6821238707203388e-01	   2.2825179343448693e-01	   4.2688552498306012e-02	   1.8440407320026980e-01	   1.6832296958489973e-01	   2.2372523079155759e-01	   3.0341447073157468e-01	   3.9448270239883465e-01	   2.4517343477040321e-02	  -1.3543791921700540e-01	
