   0.0000000000000000e+00	   7.0242858794908258e-01	   6.6885264519557364e-01	   7.5609458166256904e-01	   6.4792803560854417e-01	   5.8981363991193980e-01	   7.1252694152479568e-01	   6.7382266533034685e-01	   5.8561087010036617e-01	   4.5629475648569856e-01	   6.7549348821559818e-01	   6.1625937910860751e-01	   5.4291185797294950e-01	   5.6469654813603976e-01	   5.3068321128529505e-01	   5.6411306250722559e-01	   6.2060860230542514e-01	   4.7639840678639123e-01	   7.8212255529417596e-01	   6.9670144421035962e-01	   3.9930539601513604e-01	   4.4053553638400833e-01	   4.6109283081848246e-01	   4.6783686000375951e-01	   5.2507564736321655e-01	   3.7781659404517193e-01	   2.5135921410308154e-01	   1.8155423444015012e-01	   5.5277150763033522e-01	   3.9186980889077411e-01	   3.4676872530047975e-01	   2.7843007652639434e-01	   7.1457692134590967e-01	   6.7334620714822080e-01	   3.9197751774735895e-01	   4.7103594619361311e-01	   1.9556122545592997e-01	   1.6231857518034304e-01	   6.3042635189005036e-01	   3.7470998565813340e-01	   7.2436257378447055e-01	   7.3017628859356698e-01	   5.1482008700414983e-01	   3.4568949950525807e-01	   3.4069092064451839e-01	   3.7641884273932674e-01	   5.4590880944725428e-01	   4.9608369506759803e-01	   5.7779468643300913e-01	   4.3911779789766758e-01	   6.6087283014313802e-01	   6.4515050404930041e-01	   6.7748715121330427e-01	   7.3275133009719451e-01	   6.8208511288368112e-01	   5.6989132893509642e-01	   8.8982606685427568e-01	   7.6478396690762129e-01	   7.5359135422166590e-01	   6.6872747306596558e-01	   8.6086867151066460e-01	   4.8893747207300320e-01	   8.1861641623827208e-01	   7.4383506423259382e-01	   3.5169686420839597e-01	   4.0601874763848600e-01	   7.5408489839752546e-01	   7.1069959952722117e-01	   4.9147422035978439e-01	   4.8888945166921499e-01	   2.9013372491973488e-01	   6.0063914337791180e-01	   6.1761470412668407e-01	   4.8972970200127852e-01	   6.3972347005331631e-01	   6.3590958405844589e-01	   5.2860670432760959e-01	   4.7501794002226305e-01	   2.9367423502733370e-01	   3.4905948684628652e-01	   6.1832319952428683e-01	   6.3618450524297998e-01	   5.5453361945189450e-01	   6.1172476399887832e-01	   6.7039440030666608e-01	   5.9901901432271731e-01	   4.6849002340505164e-01	   5.5304140328490836e-01	   6.1068705489908659e-01	   7.8136514401506818e-01	   6.3163889715492694e-01	   5.3022719466541168e-01	   6.2835266604273288e-01	   5.8690230216236361e-01	   1.7898762253199604e-01	   9.9420520060346365e-02	   2.8905971353962462e-01	   1.2138313855097579e-01	   5.0788258559067012e-01	   4.8913920029989300e-01	   6.9055105659515315e-01	   6.4844723228708667e-01	   6.0136864440583193e-01	   6.4300297180472121e-01	   5.7513295529016850e-01	   1.2413136262768262e-01	   4.9594799904827658e-01	   5.9001774452391009e-01	  -6.8519576934099199e-02	  -1.4265281435110946e-01	   6.2961296274989365e-02	   1.7258018022111515e-01	   5.1654338939653666e-01	   5.4586319260643190e-01	   4.3036110114762693e-01	  -8.5499741805223711e-02	
   7.0242858794908258e-01	   0.0000000000000000e+00	   4.3116047015884151e-01	   5.3489827419298430e-01	   4.6707355376296406e-01	   4.5370652898839858e-01	   4.2497067763969792e-01	   4.2911395846905176e-01	   3.0213953119247722e-01	   1.9572883252255985e-01	   5.1912454828733690e-01	   4.3653184782883403e-01	   3.5998000296834065e-01	   4.2231544492435880e-01	   3.7332912556439285e-01	   3.6181084902732280e-01	   6.8255559116860132e-01	   6.9158920522174627e-01	   7.2021408478226800e-01	   7.3004661718368902e-01	   1.6024622998918472e-01	   1.0285892335320718e-01	   4.8983239739387852e-01	   4.1172749989854707e-01	   4.8706199439296505e-01	   3.6135809993524270e-01	   1.3765696876632647e-01	   6.5097220498980660e-02	   6.0291737649363719e-01	   5.7113505891134408e-01	   3.5384442256111542e-01	   3.3285417756915758e-01	   6.3405842430471504e-01	   6.5733136787891389e-01	   4.1969130237234337e-01	   4.4349050638286114e-01	   4.2348390011048392e-01	   4.6722135396797776e-01	   6.2291628463766124e-01	   6.0185659392431490e-01	   7.2637460370261586e-01	   7.0646528923048557e-01	   5.7350718864100414e-01	   5.1802127431777212e-01	   4.5324852549480293e-01	   5.0062510810271443e-01	   6.7195933720025669e-01	   6.9561998600481822e-01	   4.3581847834934317e-01	   3.2979209528176923e-01	   4.4085551000354273e-01	   4.6308071420482383e-01	   5.4832151400793960e-01	   6.8471856175555168e-01	   6.6801540861492126e-01	   7.3455233761162275e-01	   7.1549820295674849e-01	   8.7874132453980724e-01	   5.0260395676995828e-01	   4.7637829785299723e-01	   4.8793660704564612e-01	   1.8416905237219883e-01	   5.8737277247553343e-01	   5.7158059296767327e-01	   1.6819934426868141e-01	   1.0246451872618594e-01	   5.4251912885486619e-01	   5.4686545183970481e-01	   4.6028610039045481e-01	   4.3406248179425400e-01	   3.2133598251008255e-01	   5.5277574885553471e-01	   5.4323980612541511e-01	   5.8216543260903175e-01	   5.3045620332381027e-01	   6.5854938117445005e-01	   6.5943364466801935e-01	   6.5231445016597045e-01	   5.1136097422023685e-01	   6.1516237543334895e-01	   6.6188929168798794e-01	   6.7492257178530335e-01	   6.0849859037669340e-01	   6.5605503553036715e-01	   5.9544523323201626e-01	   5.1257829367603036e-01	   4.7522292103283370e-01	   5.3452490771505434e-01	   4.7550738499264800e-01	   5.9446759046094955e-01	   5.9811350856366363e-01	   5.3817604080584447e-01	   6.1932485623731026e-01	   5.1137836871080822e-01	   3.2723711039465420e-01	   3.1165088020179543e-01	   5.4472721577625194e-01	   3.8115227496567755e-01	   7.8272912962376140e-01	   7.2125767871473223e-01	   6.1823981382693116e-01	   5.9119328601948695e-01	   5.9185653446065367e-01	   6.2686761359573195e-01	   5.5570212418058662e-01	   9.8364613066802276e-02	   3.8996234553714970e-01	   4.8412656695358725e-01	   2.0627042847275476e-01	   9.2427717574870116e-02	   2.9647766895624245e-01	   4.1186690928369640e-01	   7.2604137770463884e-01	   7.1920230629033632e-01	   5.1437864949785483e-01	  -3.0050346302949012e-02	
   6.6885264519557364e-01	   4.3116047015884151e-01	   0.0000000000000000e+00	   8.3803606579539192e-01	   7.5636595726529343e-01	   6.7549537748561650e-01	   9.2166528163363448e-01	   7.5959400276676403e-01	   6.4523702095808966e-01	   6.4255528617857416e-01	   6.2712133233538514e-01	   4.5470571375299934e-01	   6.5486207679367769e-01	   7.0402974834951215e-01	   7.0357730646846772e-01	   8.3479900248744499e-01	   6.1081784229536518e-01	   5.0518888740114332e-01	   6.8434164921993246e-01	   5.4904351180413280e-01	   6.3672329426630037e-01	   6.7707765100144368e-01	   8.3605197790160857e-01	   8.2515734033520527e-01	   7.3339305429044543e-01	   6.8822633260208232e-01	   6.3614834996946201e-01	   5.5867715153794217e-01	   5.6523558132565366e-01	   4.3102484061149221e-01	   7.2166351897087500e-01	   6.9729423461263762e-01	   6.8754788363225772e-01	   6.2595028154573007e-01	   6.6827734410426487e-01	   6.5783477454323380e-01	   3.1527576822888914e-01	   7.4181797208749747e-02	   7.1211078340003897e-01	   3.8416518485936535e-01	   5.4011716131143372e-01	   4.7922005827722602e-01	   6.7826560953432957e-01	   4.8026412151443398e-01	   5.4454970458647667e-01	   4.9846222749022190e-01	   4.9323602154317714e-01	   5.2382940616189122e-01	   5.2725035339227744e-01	   3.8047016249457499e-01	   5.3608705739491447e-01	   5.2141675343670557e-01	   4.3491163013646994e-01	   5.8163114436881336e-01	   6.2800850798799779e-01	   5.4905902905525839e-01	   5.6879910461014160e-01	   4.4771403572244250e-01	   4.1569681058177377e-01	   3.7877128662247145e-01	   6.4711222087952613e-01	   4.3144981267099491e-01	   6.1788083425000973e-01	   5.1076178145756923e-01	   8.0416158420740258e-01	   7.1200971898271970e-01	   8.2892645067626958e-01	   8.1154142077735181e-01	   5.3192645970117769e-01	   6.0217331361134940e-01	   5.9529562693894067e-01	   6.4317834695288933e-01	   6.2526537543302319e-01	   4.5765543900004568e-01	   5.7570332718319517e-01	   5.3251564894103143e-01	   5.2787545181221529e-01	   4.7363248365764149e-01	   4.4946374062577099e-01	   4.2759311499840197e-01	   6.0557628478027481e-01	   6.9916713418719878e-01	   4.2108552207670114e-01	   5.1356758482859188e-01	   7.7310122341105092e-01	   7.7038993460618876e-01	   3.6440675840591019e-01	   6.0166679850816607e-01	   8.3022600404482927e-01	   7.8099309532668160e-01	   6.4422770964044218e-01	   6.9755969396925566e-01	   7.5337900458111151e-01	   7.7747634390866605e-01	   2.4215005532657657e-01	   4.3834383925956441e-02	   2.6040689156161911e-01	  -6.4464043139684829e-04	   3.7088178228048096e-01	   5.2049114762227888e-01	   6.3244637584111696e-01	   6.8467961227035601e-01	   5.7682260571107080e-01	   5.9270397558639576e-01	   5.8883652282739041e-01	   2.2399115333098493e-01	   2.8595380131092357e-01	   5.2789931954651992e-01	  -1.1652893388070872e-02	  -1.7061956175238435e-01	   2.0202506019002420e-01	   3.7547024559072711e-01	   4.6710646677530282e-01	   5.5524397227573807e-01	   6.9294395481400217e-01	  -2.7128347951651138e-01	
   7.5609458166256904e-01	   5.3489827419298430e-01	   8.3803606579539192e-01	   0.0000000000000000e+00	   7.7480033596903297e-01	   7.7908588399292711e-01	   8.3949508540461593e-01	   9.0600846774225507e-01	   6.7747209642016970e-01	   7.4687338366655243e-01	   6.0813485403572232e-01	   6.6227377313680547e-01	   5.4668890423165739e-01	   6.9436692917357656e-01	   5.4243441963965355e-01	   7.7717511924279270e-01	   5.9324330053527974e-01	   4.8805866867159597e-01	   6.7784533780184297e-01	   6.1229604066504473e-01	   4.1794839976828690e-01	   4.8736003664373440e-01	   6.8526979768222795e-01	   7.7275025154157717e-01	   6.2576393057254609e-01	   6.3513785183053073e-01	   4.9953670639183606e-01	   4.8354816011344803e-01	   5.5607476000415057e-01	   4.9313459515551150e-01	   5.7798318603075305e-01	   6.0781405001230104e-01	   6.8192895824414601e-01	   6.8980550399988205e-01	   5.7365863098097025e-01	   6.9006433320502070e-01	   2.0289615723869253e-01	   1.3378412067924939e-01	   5.8705770106611788e-01	   3.3054911720329960e-01	   5.1411394423388512e-01	   4.9956114522326645e-01	   6.8767137941484546e-01	   5.4544187112458153e-01	   5.0035906210376235e-01	   5.2388941661023858e-01	   6.1801913849530998e-01	   6.1586175597482373e-01	   7.0495075449317068e-01	   6.1593756891773865e-01	   6.7573026887081367e-01	   6.5319929473649230e-01	   6.3422900663743409e-01	   6.8206820932381296e-01	   6.4039533778479529e-01	   5.5434627197344988e-01	   6.5214139453328546e-01	   6.1158540487483504e-01	   6.6738624212125819e-01	   6.6635426935653053e-01	   7.8562854239324231e-01	   7.0840351632101883e-01	   6.8261509423951805e-01	   6.6107669667840963e-01	   5.9239971652110412e-01	   7.4929633516464078e-01	   8.3130482512315118e-01	   8.3355331258864773e-01	   4.6844015941112904e-01	   5.1889868922258675e-01	   4.8325401951768787e-01	   6.8223667446866454e-01	   5.8939397806385752e-01	   5.0583059321938517e-01	   5.5907694749315595e-01	   5.9032406282289596e-01	   4.9869131042328219e-01	   5.1668960232547689e-01	   3.1303606239907822e-01	   3.5503442851548733e-01	   6.0674199764393455e-01	   6.9530895244844715e-01	   4.2827700771202104e-01	   6.2150103452374172e-01	   7.0590136219364241e-01	   7.2538656347683805e-01	   3.5359662661196789e-01	   6.1192550151489744e-01	   7.4855043150850420e-01	   8.2438830213306857e-01	   7.5419260670173627e-01	   6.3338932042465579e-01	   8.0499891753354236e-01	   7.0195683825722377e-01	   1.7059233924578476e-01	   2.5722499812530740e-02	   2.7276728706255798e-01	  -6.8080749784723865e-02	   4.9888509763498617e-01	   5.1008294400258924e-01	   7.3385398207828789e-01	   6.5566737249087370e-01	   5.9366627470587952e-01	   5.9824631345398327e-01	   5.7146494213809751e-01	   1.8995475342675405e-01	   3.6834810862405670e-01	   4.6439118470031115e-01	  -9.8794567803510390e-03	  -1.7525313605465054e-01	   1.4608177049890014e-01	   2.8752374855772456e-01	   4.8464962413973467e-01	   5.5005256308976247e-01	   5.8266024270881311e-01	  -2.8054095514887695e-01	
   6.4792803560854417e-01	   4.6707355376296406e-01	   7.5636595726529343e-01	   7.7480033596903297e-01	   0.0000000000000000e+00	   8.9275106501890056e-01	   7.0586492543064949e-01	   7.1534378222738471e-01	   7.4651354176231921e-01	   6.3534123237458351e-01	   4.3827502436745203e-01	   4.5658878401872094e-01	   3.6534344369598187e-01	   5.2565743542361898e-01	   5.5019043425637815e-01	   7.0819139360738848e-01	   4.4260446756353178e-01	   3.7714851766862012e-01	   6.5866522242476555e-01	   6.0463285308927195e-01	   5.0243839230439002e-01	   4.8455903434223135e-01	   6.1607532501358941e-01	   6.1011929211376037e-01	   7.6428645249966154e-01	   7.1520864249502247e-01	   5.1395480817788519e-01	   3.9726533515946483e-01	   5.6298429595995292e-01	   4.7550798266431793e-01	   6.0041799165719478e-01	   5.5176980952555288e-01	   5.8765858193707254e-01	   5.7525865025196155e-01	   3.8416223264035804e-01	   5.4614833767450399e-01	   1.0064421002852451e-01	   8.1431024882650492e-03	   6.4329209684107125e-01	   2.9557142825637722e-01	   5.5607580562499792e-01	   5.2500605925676491e-01	   6.5794980825206606e-01	   4.4877434033081620e-01	   4.8593437555977981e-01	   5.0617529876194678e-01	   6.5966922699691299e-01	   6.2094239875752522e-01	   6.3642007934313694e-01	   5.1104103717478144e-01	   5.7134289465947030e-01	   5.9499101878782623e-01	   5.7436998867132338e-01	   7.0377568011878711e-01	   6.7663611422300995e-01	   5.5398794804846851e-01	   5.7363645389817841e-01	   5.5050309727343560e-01	   6.8195475831261843e-01	   6.6613947798612583e-01	   6.9798927132259192e-01	   5.8823214810093494e-01	   5.8386913541401819e-01	   5.8349080553150667e-01	   4.3482252317246622e-01	   5.3024802064400922e-01	   8.0793535107332770e-01	   7.9613400416526392e-01	   5.9440925185490845e-01	   6.6170068668796400e-01	   4.3523066135619148e-01	   6.5396953847522243e-01	   5.6310634331147358e-01	   4.4941933328986128e-01	   5.4137510528776311e-01	   5.5525768865858560e-01	   3.8867479391385917e-01	   3.5505954325211425e-01	   1.0890807957088594e-01	   2.3475957082589893e-01	   5.4072342285422259e-01	   5.5274669392408937e-01	   5.3748514378034173e-01	   6.3146843206115066e-01	   5.8559094548132884e-01	   5.5748544351499796e-01	   5.1370058524327666e-01	   6.4350280298103857e-01	   7.7093963711179214e-01	   7.5861386968794453e-01	   7.7149681106180312e-01	   6.6099082409895527e-01	   7.8799217096517282e-01	   7.3796610320208622e-01	   3.0572576093962023e-01	   1.9562302498121265e-01	   2.5091910855285632e-01	  -7.6847995351455825e-02	   5.4400977799792050e-01	   4.7976255123301226e-01	   8.0199805736241914e-01	   7.7359822423381153e-01	   6.8926407806036016e-01	   7.7913266568765016e-01	   7.4946771989821204e-01	   3.7453597626570911e-01	   4.4815400442321474e-01	   5.4732321489065516e-01	   8.2606646209466381e-02	  -2.0549627379919227e-01	  -9.5009450360077994e-03	   2.3313247820158300e-01	   4.7663580218528001e-01	   6.3556344735238701e-01	   5.2577150492220559e-01	  -2.3759192157242182e-01	
   5.8981363991193980e-01	   4.5370652898839858e-01	   6.7549537748561650e-01	   7.7908588399292711e-01	   8.9275106501890056e-01	   0.0000000000000000e+00	   6.2824105683506692e-01	   7.3112698672552012e-01	   7.3037027771904928e-01	   7.0508131592692580e-01	   3.4523212718997304e-01	   4.4370249168560627e-01	   3.1315168008171745e-01	   5.0839924019260563e-01	   4.5721831084792142e-01	   6.9994521856664005e-01	   4.1468337427020585e-01	   3.4389170355062709e-01	   5.4330555720876528e-01	   4.9323555700386001e-01	   3.2098284216624140e-01	   3.3066986630792816e-01	   5.7539528460482781e-01	   6.4106109474702300e-01	   7.2888735302051444e-01	   7.3117682254200300e-01	   5.1226395153730941e-01	   5.0854340251205377e-01	   4.7551954051293932e-01	   4.6882206844892094e-01	   5.2531229220289688e-01	   5.2892564471469716e-01	   5.1610023861419974e-01	   5.2802093607608036e-01	   3.9951644511924694e-01	   5.8797603285020283e-01	   1.5222903259564463e-01	   1.7379447015327837e-01	   5.8554631187594630e-01	   3.2782104587717298e-01	   4.8878288183609575e-01	   5.0208127910976608e-01	   6.5005126252109280e-01	   4.8709379776673356e-01	   4.4967108950313034e-01	   5.1185966614948541e-01	   6.3153384180769045e-01	   6.2292631251422748e-01	   6.3563325594112263e-01	   5.0766088361129880e-01	   5.7105403697871371e-01	   5.7952230567711305e-01	   6.0003005135965781e-01	   6.6601583027969702e-01	   6.5897681331592084e-01	   5.5092245221580516e-01	   5.5493901803734702e-01	   5.0842020110710473e-01	   6.5924233835518598e-01	   6.6896101935121455e-01	   5.9091666827000988e-01	   5.7222827771980289e-01	   4.9226230282944472e-01	   4.9296926552443954e-01	   3.7038884740116251e-01	   5.7663175031900304e-01	   7.3913738741897161e-01	   7.5787310316574952e-01	   4.8405312142642010e-01	   5.5013357514756722e-01	   3.8940241524071262e-01	   6.4867725432783074e-01	   4.6573335933413285e-01	   4.0350685046695228e-01	   4.7204363263582361e-01	   5.0970822963212215e-01	   3.5477387087610956e-01	   3.5736296256001815e-01	   1.0568353300374431e-01	   2.3250226272399896e-01	   5.0872756010289588e-01	   5.3240127437085194e-01	   4.9398050295768903e-01	   6.3929167252406049e-01	   5.2841610238411285e-01	   5.1081353453378264e-01	   4.7628481722981175e-01	   6.7743123039719877e-01	   7.4670792681660636e-01	   7.2314120927117143e-01	   7.6558024586537277e-01	   6.5321489961750290e-01	   7.8489858817630154e-01	   6.9530129453876222e-01	   2.0431748788828213e-01	   1.3160404497668021e-01	   1.4148630855895886e-01	  -1.7072241113416753e-01	   5.1976681375987899e-01	   4.6874097715958629e-01	   7.5284402426308250e-01	   7.0665661159985715e-01	   5.8816794991962551e-01	   6.8324106356329684e-01	   6.6125338535992606e-01	   4.2061534235609943e-01	   4.0349900653702619e-01	   5.1863760839621387e-01	   2.5522020109880670e-02	  -2.8566042257357166e-01	  -8.5835961755196449e-02	   1.8451108890405302e-01	   3.7695589117973438e-01	   5.5468086438815312e-01	   5.3655400794132158e-01	  -3.7656267334820381e-01	
   7.1252694152479568e-01	   4.2497067763969792e-01	   9.2166528163363448e-01	   8.3949508540461593e-01	   7.0586492543064949e-01	   6.2824105683506692e-01	   0.0000000000000000e+00	   8.7190870099643758e-01	   6.5030862735360406e-01	   6.7444672013459039e-01	   7.7240200223708944e-01	   6.6876072169808221e-01	   7.5141744765999341e-01	   7.8989023533373537e-01	   6.4863508620874166e-01	   8.2876678097314993e-01	   5.9887100880962607e-01	   5.1175226827187403e-01	   6.5286871582854522e-01	   5.1999707898384406e-01	   5.8171430360514931e-01	   6.4088021369835668e-01	   7.3864559700678956e-01	   7.1066104134892261e-01	   5.5438471949504597e-01	   4.9906533408528431e-01	   4.9200889024837080e-01	   4.1466626712598598e-01	   6.2566056376524681e-01	   4.9266727352841710e-01	   6.3334336695842564e-01	   6.2126077823916359e-01	   6.7701789199622675e-01	   6.4874888896431249e-01	   5.0194972299137441e-01	   5.0236470227340202e-01	   2.3358345599063801e-01	   8.1962736264088870e-02	   6.0455466301024674e-01	   3.0667551980815871e-01	   5.4379771907262509e-01	   4.9129585285624489e-01	   6.1605085133212945e-01	   4.4480867793993573e-01	   4.5999174277489141e-01	   4.2879322606959042e-01	   4.7474395621018417e-01	   4.6717919949153530e-01	   5.7345701773875990e-01	   4.2348246267330869e-01	   6.0994634141885484e-01	   5.4542053814725222e-01	   5.2098470447804746e-01	   5.3616226367885456e-01	   5.8960147438500932e-01	   5.0185475214681574e-01	   5.2331874845748427e-01	   4.6630773707659623e-01	   4.8917020353564838e-01	   4.5813722702130666e-01	   7.7882144532132358e-01	   5.6789008351389914e-01	   6.7174615733285714e-01	   6.0824368865375633e-01	   7.1082407536459846e-01	   6.6593119759276354e-01	   7.4695531616794808e-01	   7.2387334928770719e-01	   4.0751641258272420e-01	   4.9609814599771318e-01	   6.7893252534119608e-01	   7.2326399723983648e-01	   6.7558788025040484e-01	   5.4255913031839453e-01	   6.1112760873652905e-01	   5.9580377939177376e-01	   5.6207804358111491e-01	   5.3302636209233256e-01	   4.1791614236111857e-01	   4.3529808866483988e-01	   5.6128504172630500e-01	   7.1401049311991249e-01	   2.9416561229503768e-01	   4.3953096752062992e-01	   7.2529942856844365e-01	   7.2049455600313539e-01	   2.1788753443580050e-01	   4.9356293020868441e-01	   7.6340211767956101e-01	   7.9250421749358979e-01	   6.0349885287880500e-01	   6.3836499786918610e-01	   7.0106263499029398e-01	   6.9422116485169161e-01	   1.2500271008858116e-01	  -6.4817033977546304e-02	   2.4118749283389218e-01	  -6.6857009204418895e-03	   3.5234220424664492e-01	   4.9884318410919748e-01	   6.4157045373666233e-01	   6.2278091662922686e-01	   5.1048933103909566e-01	   5.1971824045634474e-01	   5.2440222443326401e-01	   1.6607007203035368e-01	   2.4706138347986834e-01	   4.3107091103457229e-01	  -7.2248163083275613e-02	  -1.9412405901377777e-01	   1.9629713816243952e-01	   3.2092817594302081e-01	   4.4419515126047282e-01	   4.9713449943706328e-01	   6.3206934072740828e-01	  -2.9224291928853002e-01	
   6.7382266533034685e-01	   4.2911395846905176e-01	   7.5959400276676403e-01	   9.0600846774225507e-01	   7.1534378222738471e-01	   7.3112698672552012e-01	   8.7190870099643758e-01	   0.0000000000000000e+00	   7.1049214297842567e-01	   7.8907605964071137e-01	   6.8741574269705230e-01	   8.2378530795429239e-01	   5.8904583002930355e-01	   7.6241774116384353e-01	   4.7945692170171134e-01	   7.6315042766940600e-01	   5.4706715159850117e-01	   5.0233508822073591e-01	   5.9320212672326933e-01	   5.3173335251114862e-01	   3.8249862985425354e-01	   4.8471195207921669e-01	   6.0719839708486312e-01	   6.6325596957649369e-01	   4.6576794247342546e-01	   4.9741509009225149e-01	   3.8338194787832874e-01	   3.6733898705045420e-01	   6.1740040596818235e-01	   6.0470322428100443e-01	   5.8439558857761320e-01	   6.1800265176705937e-01	   6.6021613332831175e-01	   7.0468010929016367e-01	   4.1160088918797644e-01	   5.2257029099285812e-01	   1.3971706754382729e-01	   1.3089279759538208e-01	   5.0119764705972536e-01	   2.4824315386512216e-01	   4.8261759769332346e-01	   4.7624229357609338e-01	   6.8131666168360361e-01	   5.6864811570403095e-01	   5.1129272529391923e-01	   5.0057640469796283e-01	   6.3777538488756846e-01	   5.8090179463158209e-01	   7.5671309396524666e-01	   6.1673327949520784e-01	   7.3556291814035690e-01	   6.4890575074220513e-01	   6.6011419501444013e-01	   5.7637074766266294e-01	   5.9764988428186316e-01	   5.1396313621888812e-01	   4.8640260059907914e-01	   5.0800917441626292e-01	   6.1879080074076898e-01	   6.6930872201913427e-01	   7.9187413022309505e-01	   8.0052565834555911e-01	   6.4838903605184550e-01	   6.7705854346558703e-01	   5.2045051653185792e-01	   7.0140568138994630e-01	   7.1961508966677723e-01	   7.3685589342749847e-01	   3.5351194349506559e-01	   4.3060999457383231e-01	   5.7558734856148097e-01	   7.0187694436875558e-01	   6.4340080560757007e-01	   6.2361226904099831e-01	   6.0233099549237423e-01	   6.4856222401741626e-01	   5.2214546293334008e-01	   5.7274732099489123e-01	   3.1841059658727577e-01	   4.1152509264788628e-01	   5.5932708994593350e-01	   6.9874912385301557e-01	   2.9895354639868466e-01	   4.7593216922413384e-01	   6.3432259727417251e-01	   6.4031707364955137e-01	   2.2161153090686833e-01	   4.6854887272165657e-01	   7.0375361531564073e-01	   7.5519335126680898e-01	   6.2181143430044006e-01	   4.9421908849927265e-01	   6.7478686117091691e-01	   5.3978369202382981e-01	   6.3968784380131746e-02	  -4.5289729880540128e-02	   2.6662733738619815e-01	  -7.0568653801366066e-02	   4.2237585620152179e-01	   4.2932443366056694e-01	   6.6111265435575828e-01	   5.1214350141542264e-01	   4.5170956371485987e-01	   4.4211828265129538e-01	   4.9699848381504319e-01	   1.7322764072824184e-01	   2.7717202882963726e-01	   3.7002711968376245e-01	  -9.5415632669675093e-02	  -1.8920566119279680e-01	   1.8975568821435168e-01	   2.1824739291769568e-01	   3.8404925263152773e-01	   4.1997271682419091e-01	   5.0468632432896354e-01	  -3.4103577525644552e-01	
   5.8561087010036617e-01	   3.0213953119247722e-01	   6.4523702095808966e-01	   6.7747209642016970e-01	   7.4651354176231921e-01	   7.3037027771904928e-01	   6.5030862735360406e-01	   7.1049214297842567e-01	   0.0000000000000000e+00	   7.4852262303008044e-01	   5.1870977274528918e-01	   5.4426967104057533e-01	   5.7003941830899163e-01	   5.5328692096825005e-01	   7.2063486786985254e-01	   7.2294579302818396e-01	   3.3198169659556842e-01	   1.9445743495298431e-01	   5.0776509963672434e-01	   4.2648083306658924e-01	   4.8039822355092215e-01	   5.9021780931094281e-01	   4.9059873226404227e-01	   5.3244328321678336e-01	   5.4383217954630270e-01	   4.6693607781840518e-01	   4.8577401121406472e-01	   4.0813345970472192e-01	   3.9705601920321398e-01	   2.9954121620108382e-01	   4.1261306975530576e-01	   3.9204119616292576e-01	   4.1428738924371411e-01	   3.7216551795521724e-01	   2.4388485891917625e-01	   3.1904569143243050e-01	   1.7280976601330189e-01	   3.7012013343379051e-02	   5.2348452457511507e-01	   1.5067442949244486e-01	   5.5301660764829819e-01	   5.8267357908045614e-01	   4.4118949197065022e-01	   2.7727809471327269e-01	   3.5159574200734911e-01	   3.2201218133628812e-01	   4.7185563836156885e-01	   4.2674322620671679e-01	   6.3217236474923733e-01	   4.8714629286284816e-01	   6.1578634342620597e-01	   5.2241678767576583e-01	   5.5292952012092389e-01	   5.6135422449356942e-01	   5.8075990086711116e-01	   4.2107095096805602e-01	   4.6249658346958611e-01	   4.4726563239680428e-01	   5.9400314053525594e-01	   6.2430182711757065e-01	   6.7509963304577636e-01	   6.4554736865238693e-01	   4.5939098617957302e-01	   4.6495087535407587e-01	   4.8249460445503362e-01	   6.2540722798799808e-01	   6.5202451296440433e-01	   6.0253311269780052e-01	   4.0679064482087979e-01	   4.7208949073661416e-01	   4.0112414406500685e-01	   5.6050641450884209e-01	   5.3963032081675377e-01	   4.2957913197989356e-01	   5.9560146019082172e-01	   5.5120074102349137e-01	   3.3051465605379371e-01	   3.0255802124711539e-01	   1.0089255569512386e-01	   1.1252095698044395e-01	   4.0797529457610171e-01	   5.0093687804200981e-01	   5.3602978152665404e-01	   4.5499005567869549e-01	   6.1743960923555918e-01	   5.8396409403793237e-01	   5.3382373473459188e-01	   4.9021645143109760e-01	   7.1408412571139690e-01	   7.3332660701607200e-01	   6.0124158589171595e-01	   4.4189413087776608e-01	   6.2279382993627608e-01	   5.7218420861981212e-01	   2.4257630266870919e-01	   1.0143016686910031e-01	   1.7825387341491969e-01	  -1.3710989359298364e-01	   3.2101208553837368e-01	   3.0758697861623102e-01	   5.7198639468403423e-01	   5.8064416916092931e-01	   4.3531910142123476e-01	   5.3882136268301550e-01	   5.3344839092078411e-01	   1.8986379221734670e-01	   5.0467744269516668e-01	   5.4017981278933858e-01	  -1.1093374577590361e-02	  -1.1768563319244449e-01	  -7.3767970830702953e-02	   6.9925276985382673e-02	   3.4609348233444054e-01	   3.3879680581739158e-01	   4.1849117354146470e-01	  -1.2715871252350447e-01	
   4.5629475648569856e-01	   1.9572883252255985e-01	   6.4255528617857416e-01	   7.4687338366655243e-01	   6.3534123237458351e-01	   7.0508131592692580e-01	   6.7444672013459039e-01	   7.8907605964071137e-01	   7.4852262303008044e-01	   0.0000000000000000e+00	   4.7148139449168591e-01	   5.3685971367589858e-01	   4.9224995915095987e-01	   5.9896056361315297e-01	   5.0687525235851061e-01	   7.7871355191691927e-01	   2.5123337981564486e-01	   1.5009485136906314e-01	   3.7188154875441787e-01	   3.1039634099042979e-01	   3.8910164480481269e-01	   5.1002089300923525e-01	   4.5991077059378538e-01	   5.8221906755888420e-01	   3.6485334073942088e-01	   4.7938673878729632e-01	   6.1782977330689581e-01	   5.9535907492733275e-01	   3.0627480260824325e-01	   2.6551744702623820e-01	   4.7112767598598032e-01	   4.9743610928248472e-01	   3.6293223496939564e-01	   3.6150919857574759e-01	   3.3374396963069003e-01	   4.3160502185902494e-01	   4.8370630932325416e-02	  -2.9066103100914648e-02	   3.0487049929123056e-01	   8.5579610952621621e-02	   2.5539290537325637e-01	   2.6823805092770286e-01	   4.8143748230319988e-01	   3.2545011067117835e-01	   3.1156110205125481e-01	   2.6681504977443710e-01	   3.9909165629839249e-01	   3.3622883626018552e-01	   5.5336282984451879e-01	   4.8205900096319393e-01	   4.5132788295562087e-01	   4.0468632505742158e-01	   3.6778070006463220e-01	   3.6975527564879396e-01	   3.8793327373104380e-01	   2.6186222553748484e-01	   3.3915887480334095e-01	   2.9913947726971413e-01	   4.6259584347941729e-01	   5.1585204713170363e-01	   5.2907875601609211e-01	   6.6934231188923632e-01	   2.9683611949378530e-01	   2.8546989426713842e-01	   5.0097372071286250e-01	   7.0355931083443357e-01	   5.4222933869666234e-01	   5.4962359341164069e-01	   2.6841839743908447e-01	   3.6205618836685588e-01	   3.8721079843278350e-01	   4.7114002083405093e-01	   4.0095710746740609e-01	   3.1546151292154323e-01	   3.8479297559542180e-01	   4.1314526317841416e-01	   2.2123515926842593e-01	   2.4668239911106171e-01	   1.0108671262075319e-01	   6.3360125550770141e-02	   2.8143318883251689e-01	   3.8734950532365336e-01	   1.9240064704939491e-01	   2.5962391088942727e-01	   4.4333359735941724e-01	   4.7408085532226329e-01	   2.1322847771220521e-01	   3.8840101466073923e-01	   5.9114707247803633e-01	   5.9072281573039831e-01	   4.7320056324760507e-01	   3.8345305878139951e-01	   5.4069555928902646e-01	   5.1624309459644169e-01	   1.5757909675845921e-01	   2.4113057438443126e-02	   1.5549879965506791e-01	  -2.1415798007259168e-01	   1.9067877198731487e-01	   1.8389683176605209e-01	   5.3385026283883819e-01	   4.6260890550660350e-01	   3.8643383086785121e-01	   3.7364060861817228e-01	   4.5379839897086949e-01	   1.7047675129545065e-01	   2.9815877803964630e-01	   3.7061174807015329e-01	   1.5616588840924579e-02	  -1.5597463424328539e-01	   7.9279827851048111e-03	   2.3448567255948599e-02	   2.0841039512611659e-01	   2.7123268110112059e-01	   4.2216535790322895e-01	  -2.3118732839257167e-01	
   6.7549348821559818e-01	   5.1912454828733690e-01	   6.2712133233538514e-01	   6.0813485403572232e-01	   4.3827502436745203e-01	   3.4523212718997304e-01	   7.7240200223708944e-01	   6.8741574269705230e-01	   5.1870977274528918e-01	   4.7148139449168591e-01	   0.0000000000000000e+00	   7.9603778548312720e-01	   8.5158659017423932e-01	   7.9048566594879022e-01	   6.2857764982139797e-01	   6.5083629794036879e-01	   6.0511863456294157e-01	   5.4319192099974978e-01	   5.4763404422113360e-01	   4.4741679965106740e-01	   4.0149200203112589e-01	   4.4700194848110053e-01	   4.7994695990094732e-01	   4.1965752135980106e-01	   3.1837067821518350e-01	   1.7725541401184361e-01	   2.6728753430609486e-01	   1.4939047722702259e-01	   5.6527728428743718e-01	   4.1824847232834272e-01	   3.3510248821654132e-01	   3.3512738832473288e-01	   5.2130822817740008e-01	   4.9000861220577185e-01	   3.1670077508022321e-01	   2.5198464745583815e-01	   3.2691993837659222e-01	   4.8206864681575000e-02	   4.9574985656638482e-01	   1.3513283948986721e-01	   6.1459099509880433e-01	   4.7822820625957196e-01	   4.6672976501892161e-01	   3.1402628948375250e-01	   2.8333081636210600e-01	   1.8822347578369766e-01	   4.5724089247655597e-01	   3.7227195868994684e-01	   4.5659648500316519e-01	   2.2696113289514736e-01	   6.1638123731526351e-01	   3.8488655898266161e-01	   5.1361360272498668e-01	   3.6887585934205036e-01	   5.9001286270027731e-01	   3.7091052070063979e-01	   4.2377210269037630e-01	   5.7860342942306398e-01	   4.6910915252577279e-01	   4.7048495524195910e-01	   7.0211601862748418e-01	   4.6663352686906950e-01	   5.5576763848734445e-01	   5.8013956986068327e-01	   4.6226202338915673e-01	   3.2529948100762940e-01	   5.9538451664843151e-01	   5.3934073798564819e-01	   2.7060975735741299e-01	   3.4736658344035298e-01	   6.0368075254980302e-01	   6.1819253898029225e-01	   6.5717423717972745e-01	   6.3336239947987749e-01	   6.1043830653087627e-01	   6.2034251451566802e-01	   6.3564193625669851e-01	   6.0321575530028748e-01	   4.8635261987013323e-01	   5.3250703320689086e-01	   4.8152224597792814e-01	   6.9261036112294239e-01	   2.8070073305280230e-01	   2.3810098514841530e-01	   7.0442092899737319e-01	   6.1904210011694949e-01	   2.7036768181687643e-01	   2.2944144053863891e-01	   5.9111535560681694e-01	   6.1972803232252549e-01	   4.6609471600054342e-01	   4.0944059446816228e-01	   5.2404224888900519e-01	   4.7864800804499208e-01	   2.0823748433592365e-01	   6.9130738408881454e-02	   4.4994515423397602e-01	   1.8159049934066263e-01	   4.0086057021190113e-01	   4.3921484079451134e-01	   5.3139714754282985e-01	   4.7122188387478126e-01	   4.7066567676990911e-01	   4.1647176012908194e-01	   4.3407672153102422e-01	  -1.2874203501406706e-01	   3.5085491506057737e-01	   4.5871064401641337e-01	   4.1159653910049068e-02	  -4.7010549179403466e-03	   3.5889518793278402e-01	   3.3479225973526222e-01	   5.1994267083656576e-01	   4.4342034739083835e-01	   4.7241942260495262e-01	  -6.1583749808918439e-02	
   6.1625937910860751e-01	   4.3653184782883403e-01	   4.5470571375299934e-01	   6.6227377313680547e-01	   4.5658878401872094e-01	   4.4370249168560627e-01	   6.6876072169808221e-01	   8.2378530795429239e-01	   5.4426967104057533e-01	   5.3685971367589858e-01	   7.9603778548312720e-01	   0.0000000000000000e+00	   6.0936475875309237e-01	   7.2900131284421765e-01	   3.7574446078753165e-01	   5.3220580391049799e-01	   5.2224989226793550e-01	   5.0707671471244931e-01	   4.6242573797435566e-01	   4.3462000742991158e-01	   2.0075517820543762e-01	   2.6892093124470273e-01	   3.1368442992688739e-01	   3.3121771203198641e-01	   1.6243548006623515e-01	   1.2361848701082837e-01	   7.1999950863885720e-02	   5.5530898260966056e-02	   6.1122802038695112e-01	   5.7213547258135589e-01	   2.8434371712020057e-01	   3.2864573948871989e-01	   5.0535780805619646e-01	   5.6630588997248499e-01	   1.1186035799629854e-01	   1.9698375060854620e-01	   9.6878398896937251e-02	   6.9012329749035622e-02	   3.0914094134012082e-01	   4.3147979070189371e-02	   4.6094988812325854e-01	   4.1945562706024775e-01	   4.9740030367200772e-01	   4.3656090125481156e-01	   3.4275977680696040e-01	   3.3404396102007750e-01	   5.8911467572679732e-01	   4.6992325667812074e-01	   6.7571094395797271e-01	   4.8873493440829807e-01	   7.4043043710349510e-01	   5.4443213192537265e-01	   7.0315945033019800e-01	   4.1662120414101056e-01	   5.0623745468784254e-01	   3.6034671013524666e-01	   3.8387517680330929e-01	   5.3926730670583223e-01	   5.9003259672290886e-01	   6.6208517471936212e-01	   7.6547789127817834e-01	   7.4802065700391762e-01	   5.7579309525082745e-01	   7.0185756091567830e-01	   2.3055657879327762e-01	   3.7870828680337965e-01	   5.0836012139821085e-01	   5.1050963349249190e-01	   1.7619966239115359e-01	   2.3234784881774617e-01	   5.3038715340133302e-01	   6.1443455518083834e-01	   6.0867402484260924e-01	   6.6378590559722306e-01	   5.5266434235659290e-01	   6.0007020974011149e-01	   5.4513497600116112e-01	   6.0129191831688622e-01	   3.6040806069945319e-01	   4.9024872552345061e-01	   4.7938513519672210e-01	   6.3080946575004504e-01	   2.2341537802322042e-01	   2.8754158633983606e-01	   5.2019815074271658e-01	   4.7558073381689431e-01	   1.5826074821402875e-01	   1.9023125274453406e-01	   4.8116593806384644e-01	   5.7021107295132356e-01	   4.5367744771496737e-01	   2.5692635981295936e-01	   4.5981416939527181e-01	   2.8371762108736098e-01	   1.6152876786032305e-02	   9.0305496563617815e-03	   3.2855845662490168e-01	   7.7472256560194963e-02	   3.9814713918574274e-01	   3.4395601950063492e-01	   5.2164030537256900e-01	   3.1959127410158283e-01	   3.3911896577040462e-01	   3.1053687939021535e-01	   3.4740216895801279e-01	  -4.5651693885990517e-02	   3.0657613503140158e-01	   3.3818004113637279e-01	  -5.0001591154473835e-02	  -4.7088926733657881e-02	   2.5799432959568647e-01	   1.9804820975930199e-01	   3.6976081472122158e-01	   2.8425351210620697e-01	   2.6179843863307573e-01	  -1.6584136274783970e-01	
   5.4291185797294950e-01	   3.5998000296834065e-01	   6.5486207679367769e-01	   5.4668890423165739e-01	   3.6534344369598187e-01	   3.1315168008171745e-01	   7.5141744765999341e-01	   5.8904583002930355e-01	   5.7003941830899163e-01	   4.9224995915095987e-01	   8.5158659017423932e-01	   6.0936475875309237e-01	   0.0000000000000000e+00	   8.1334069740676085e-01	   8.4327652996940805e-01	   7.6616405830302026e-01	   5.9846492967723308e-01	   4.7197869018383376e-01	   5.0062478927864718e-01	   3.5940683632009479e-01	   5.2461941374662335e-01	   5.8136072123771165e-01	   6.3153071166183183e-01	   5.7393540408723420e-01	   3.9106406455350701e-01	   2.6931640387976719e-01	   4.7945715552306978e-01	   3.8455049836862865e-01	   4.9744097117131314e-01	   3.4927400162572325e-01	   4.3870848076109403e-01	   4.5712870864380645e-01	   4.6919696221700158e-01	   3.8740147502899225e-01	   4.4493124151813485e-01	   3.1188508496715184e-01	   4.0113546068732758e-01	   9.7346159678698058e-02	   4.6641297235109991e-01	   1.4968636526887380e-01	   5.4654627618195484e-01	   4.4874213685699715e-01	   4.1825900054702714e-01	   2.4959615119390419e-01	   3.2284882392655528e-01	   2.0619747785231907e-01	   2.9621488629089521e-01	   2.8199566032168172e-01	   3.1555946139428892e-01	   1.3333187562323129e-01	   4.5077971743048689e-01	   2.6514441388161819e-01	   3.6832083011254602e-01	   3.1702242209605713e-01	   4.8252485943576745e-01	   2.8430054522837656e-01	   3.9220445942788895e-01	   4.3698158084867600e-01	   2.4813103161441638e-01	   2.4593144700792902e-01	   5.7790305785820206e-01	   3.5185357943950712e-01	   4.8083775970774878e-01	   4.2487429529232196e-01	   6.8153107361862530e-01	   4.8880232918573008e-01	   5.5008180224792624e-01	   4.9226074423867427e-01	   2.8917997608398938e-01	   3.4785214325567798e-01	   6.4266264010690122e-01	   5.6800714870499991e-01	   6.2843325562600783e-01	   5.4455114818711037e-01	   6.1757336428353993e-01	   5.6652007890719824e-01	   5.2487155537888663e-01	   4.7035079182021733e-01	   5.3428218526462223e-01	   4.7856388453114845e-01	   4.8975529445815214e-01	   6.7632141916402366e-01	   3.7602981815868369e-01	   3.2080944458797445e-01	   7.9290403204194382e-01	   6.8241231421815307e-01	   3.7076612451723079e-01	   3.2805133046722312e-01	   6.2819551450817035e-01	   6.0366715370877566e-01	   4.4511010089211500e-01	   4.9236822083651532e-01	   5.1557275667841607e-01	   5.7159434811419574e-01	   2.8547755619685206e-01	   7.1603608267940155e-02	   3.9697335843314935e-01	   1.9677559698153790e-01	   2.8115997504868939e-01	   4.6675598213263969e-01	   4.1182653963428328e-01	   4.9440350398613286e-01	   4.0645636626850812e-01	   3.8203266286664356e-01	   3.2426825733450360e-01	  -1.2388550688803196e-01	   2.9316319610166092e-01	   3.7075863865684777e-01	   1.7253592542035651e-02	   3.7165666180938389e-02	   3.2336710477823283e-01	   3.8533549766995917e-01	   5.2693952554649570e-01	   4.2889151389122310e-01	   5.3945188160724045e-01	  -5.3711777564064644e-02	
