   0.0000000000000000e+00	   7.7682980942728241e-01	   1.4406106698606189e-01	   4.4793218337951979e-01	   2.3446424254532888e-01	   4.7085890574181344e-01	   1.2015177020613962e-01	   3.2870790467684963e-01	   3.0881170698675803e-01	   4.2461561394249875e-01	   6.6471276465808171e-01	   5.5776086812449011e-01	   6.1259727365091199e-01	   5.7881106765305357e-01	   5.1470614089154421e-01	   5.3177341428977454e-01	   3.1540297182483479e-01	   3.0864839991451398e-01	   3.3893392368739877e-01	   4.2057136257551275e-01	   1.9475348187411393e-01	   2.3121372359691056e-01	   3.6501305877814477e-01	   4.7554378665755309e-01	   2.8578994852392337e-01	   2.1219047266070643e-01	   4.4662888718337107e-01	   3.4143940923028038e-01	   2.7480645592847458e-01	   3.0734867773744612e-01	   4.0652954049338039e-02	   1.0287402179763314e-01	   1.9049911582285944e-01	   3.5847996484346312e-01	   2.7946340300237094e-01	   3.4405378210870236e-01	   3.6887681482874435e-01	   3.5144492161877600e-01	   3.6455737036005098e-01	   3.8541760046374240e-01	   5.7529364903457714e-01	   3.9618395060666961e-01	   1.9722229399171615e-01	   1.2240177130753911e-01	   2.5843518093834155e-02	   1.5393795965538098e-01	   3.9662314583156882e-01	   2.4766899514555990e-01	   3.0767093520812746e-02	   3.0858116106708688e-01	   2.2551701973575189e-01	   2.4532138589548272e-01	   2.6497587377820786e-01	  -4.2063173243391816e-02	   4.1485444986929348e-01	   3.3252877088746113e-01	   5.5307412290738700e-01	   5.3429782941304216e-01	   3.5359233499673592e-01	   5.0734566627171374e-01	   1.7282089609107115e-01	   3.2376479540587910e-01	   3.0602710988993326e-01	   2.3275354161012213e-01	   1.2359772291856273e-01	   3.7215266399032820e-01	   2.5126939223116357e-01	   2.9569349853643290e-01	   5.7351806373215153e-01	   5.4032765733294341e-01	  -1.9682616044067170e-02	   7.3657761423384760e-02	   2.3292788325466668e-01	   4.6827528667689022e-01	   2.8366411864171381e-01	   3.3690468015016811e-01	   5.5148920920631350e-01	   4.7420721107928698e-01	   3.2298200323544546e-01	   1.9530881011913281e-01	   4.4141014957551283e-01	   2.8360043765607490e-01	   4.3852882374110141e-01	   4.6725423805545541e-01	   5.9239353635386904e-01	   5.7117555632979267e-01	   3.6923013518340619e-01	   4.1205456907438132e-01	   5.7636548491647766e-01	   5.2468890168358517e-01	   4.2849516668524956e-01	   7.7099971606344367e-02	   3.8637684238839609e-01	  -1.0076097274463494e-01	   3.8395837204981276e-01	   3.0148776069242711e-01	   3.0072786603796825e-01	   3.4497163757285260e-01	   4.4426405019221749e-01	   1.8441627690606976e-01	   3.9550562828551650e-01	  -8.8882981969791372e-02	   3.7220519283213743e-01	   5.0390840946141151e-02	   3.5952168208066576e-01	   1.4640655503410877e-01	   3.8604526055199917e-01	   1.7969148704705451e-01	   1.1091168656709388e-01	   3.2649858073115101e-01	   3.7704662610673090e-01	   3.2395131892610163e-01	   3.3160916602634305e-01	   2.9522630034659120e-01	   2.8245235398822655e-01	  -3.7859775755334571e-02	
   7.7682980942728241e-01	   0.0000000000000000e+00	   1.9830358758742728e-02	   6.4953206100915728e-01	   8.7508782699839971e-02	   5.3346180849027758e-01	  -7.3417431763624003e-02	   4.4285448442666986e-01	   6.0254554733673603e-02	   4.8282844237921235e-01	   4.2357835190789495e-01	   6.4267476456290706e-01	   5.1334211427952237e-01	   6.5776610121794243e-01	   4.8926692801815513e-01	   6.5260074245615496e-01	   2.5630549050752838e-01	   3.2545352911116671e-01	   2.6485294599142722e-01	   5.6990361620796715e-01	   4.0749391594828255e-01	   3.0887174012524693e-01	   4.6843093226151827e-01	   6.1668697788897808e-01	   5.2853530431054740e-01	   4.4602859012918783e-01	   5.2832910104772779e-01	   4.6993669626451562e-01	   2.5397592689070825e-01	   4.2110963293368353e-01	   2.0183729578178106e-01	   3.4162331806517671e-01	  -2.8175423312966109e-02	   2.3362820243912813e-01	   1.6053084951917812e-01	   2.8883532316279403e-01	   4.2270024399827327e-01	   4.1994099601459478e-01	   3.4868495994786775e-01	   4.6753113718277195e-01	   5.4623071143129642e-01	   4.0816190995196860e-01	   4.2251725267494145e-01	   3.2726456494453132e-01	   1.6196394599019520e-01	   2.7719300555432214e-01	   5.2919536739741835e-01	   4.4187223843032686e-01	  -5.8095958215420233e-02	   3.5119390330663103e-01	  -3.3324665759349566e-02	   1.2770022810799075e-01	   1.8519913821284501e-02	  -1.6939851753864810e-01	   3.3070287924042413e-01	   2.9172598603733180e-01	   5.2113528820259913e-01	   6.4699454075566964e-01	   1.4495373054628474e-01	   5.3808794341856681e-01	  -9.4388096680062566e-02	   3.4689025175933202e-01	   1.8743713089663369e-01	   1.6198707427224479e-01	   6.6496448291903038e-03	   4.1669891193802266e-01	   1.5466999278867224e-01	   3.3405462330003100e-01	   4.7352442459561378e-01	   4.1689784660626750e-01	   2.6231250595522798e-01	   4.1956336537324646e-01	   3.9737784998462988e-01	   6.1944926145242152e-01	   3.5579820991421751e-01	   4.6902622886783285e-01	   5.2481147281070939e-01	   5.7618893125076154e-01	   3.2210916521076094e-01	   1.6295549717442809e-01	   4.9424064017280478e-01	   2.6328500351949158e-01	   5.3372800354246286e-01	   6.1084613059290804e-01	   5.0805223161034418e-01	   6.1014497069171936e-01	   4.4440444603734541e-01	   4.3878816948630511e-01	   5.3956806828406412e-01	   4.5720380702012547e-01	   5.8772513349602529e-01	   3.0972618499800233e-02	   5.4909365530635112e-01	  -1.0793443722869527e-01	   2.4873301994382860e-01	   2.9110328343774317e-01	   4.4065183700021027e-01	   4.4642059616864072e-01	   6.1206119617886545e-01	   1.6940531162158062e-01	   5.1158828220393449e-01	  -1.8782169415772462e-01	   5.2830861764268522e-01	   2.8523719278127892e-02	   5.1659899718150259e-01	   1.0899976987472781e-01	   4.0629618505134207e-01	   1.5992300750103888e-01	  -4.7723396654764296e-03	   1.5313441859449997e-01	   5.3380271747925889e-01	   4.8650078581694706e-01	   3.8339665099640069e-01	   4.2027899962387688e-01	   2.8958887833972130e-01	  -6.7944920761590102e-02	
   1.4406106698606189e-01	   1.9830358758742728e-02	   0.0000000000000000e+00	   3.0030242790855477e-01	   4.0863498736697262e-01	   3.4587384642847518e-01	   8.0133696541425847e-01	   4.9926485845033142e-01	   5.3274888918045926e-01	   3.1905904589273604e-01	   5.2066179681979421e-02	   7.8738267561969541e-02	   1.9811096725407132e-01	   1.1206404380935416e-04	   2.3654799734982263e-01	   1.1526143587156147e-01	  -3.2161427167681100e-01	  -3.0348019904061108e-01	  -8.4273284078419539e-02	  -1.1810847373659486e-01	  -1.9519698152452061e-01	  -1.6406341268910934e-01	   4.2855577335647904e-01	   1.2815247939469118e-01	  -2.6400635438416909e-02	   8.8373780436522581e-02	  -1.4302783235527364e-01	  -1.1700333952822831e-01	  -8.3939942200903395e-02	   6.5465733309007873e-02	   3.4499233284302527e-01	   3.1375056776328009e-01	   3.4258687065037741e-01	   2.7403619843549260e-01	   4.0745989394195037e-01	   3.0358842158418864e-01	   7.8065734218006801e-03	  -5.6663989008547327e-02	   6.5189559700638153e-02	  -1.0029168934093386e-04	  -2.0317304862976449e-01	  -2.1646863149321158e-01	   4.7230595387993984e-02	  -3.3572783157838782e-03	  -7.0286470028555967e-02	  -2.0445598799714132e-01	   3.8480843068715999e-02	   8.5877073330490578e-02	  -3.8971114653108896e-01	  -2.2201728852849750e-01	  -1.5420527775064419e-01	  -1.1985929656440361e-02	  -1.6480868543634858e-01	  -3.0096521305327459e-02	  -6.1781432945570994e-02	   2.7796942701110380e-02	  -3.1273370439286874e-01	  -3.0030265677572032e-01	   4.1803272319383844e-01	   1.5604319599255562e-01	   5.3169423009893790e-01	   3.4344219147480637e-01	  -3.3705537190431600e-01	  -3.7366804684016980e-01	   6.6765607852637476e-01	   2.2488821241035123e-01	   5.7561157781195915e-01	   3.3830956757307251e-01	   3.3955622825030901e-01	   4.0002946337194623e-01	   4.6183486104654864e-02	  -1.3697941142862202e-01	  -6.1540827089651612e-02	  -1.2786991084455296e-01	  -1.6431743150796435e-01	  -8.5640141752619692e-02	   1.8637529377751624e-01	   6.8907205012778361e-02	  -1.8397198366868389e-01	  -2.1930119333569437e-01	  -1.0356328267123845e-01	  -2.2240314189918753e-01	  -7.1948086665783798e-02	  -6.9529963404719924e-02	   1.2412524306997558e-01	  -5.5374746079193446e-02	  -1.2719713454143933e-01	  -3.8650487829286304e-02	  -1.3526097548168683e-01	  -7.0824288812290720e-02	   1.4318573790778405e-01	   5.8872970820970849e-01	   1.0389065814490514e-01	   4.6402484550791556e-01	   2.5810118233876517e-01	   2.7700467868691026e-01	   6.8149202400583905e-02	   1.2921461718139660e-01	   7.7540596359141761e-02	   4.0732223463371847e-01	   1.6213473001006556e-01	   5.0052397051525221e-01	  -6.9337769644396002e-02	   1.6937333024604814e-01	   1.2379246118449830e-01	   4.1487508843248244e-01	   9.1043857359417307e-02	   3.5534250134235379e-01	   2.7235033115734814e-01	   3.0802386645702218e-01	   7.1581119717501349e-02	   5.8481734369351043e-02	   4.3654497825282601e-01	   2.8506320595958437e-02	  -7.4935774103780176e-03	   6.7230863106794367e-02	
   4.4793218337951979e-01	   6.4953206100915728e-01	   3.0030242790855477e-01	   0.0000000000000000e+00	   4.1810937445794716e-01	   7.8192856064777483e-01	   1.9544945530577629e-01	   8.5404543889357909e-01	   2.4466521382002621e-01	   7.1378871812016231e-01	   2.3798372141232907e-01	   6.0738774319979738e-01	   4.3800809917729222e-01	   6.0144153415906576e-01	   4.4801215042544357e-01	   7.1576715722457562e-01	  -8.0035965876196130e-02	  -3.1476566985488716e-02	   5.8338703084088771e-03	   3.6716614607087883e-01	   3.8406043142108354e-01	   2.3119955396384823e-01	   5.6348046208001601e-01	   7.8404027461581460e-01	   5.7043212101249063e-01	   6.7734226503535522e-01	   5.7037607126759360e-01	   6.5482978077318899e-01	  -3.6337613863340466e-02	   2.5376129696435235e-01	   3.9772469460253523e-01	   6.5482648766976936e-01	  -1.1351745841427380e-01	   2.6035566071490024e-01	   4.0841354146154685e-01	   5.8401397681104450e-01	   5.0789636012183048e-01	   4.0708890412911924e-01	   4.2574377042793565e-01	   4.0507530094753674e-01	   4.0171202144268736e-01	   2.8395400423221673e-01	   4.6498507295226493e-01	   3.5817278881258552e-01	   1.0334115029339726e-01	   1.8853948737607285e-01	   4.2160225099450072e-01	   4.6262734838490449e-01	  -2.2341544672746755e-01	   3.1896855320433459e-01	  -3.6772568504723865e-02	   1.2423702417544613e-01	  -9.6896917069777821e-02	  -2.4151795943197396e-01	   2.5689922172141633e-01	   1.5027374155192702e-01	   5.5631739394649701e-02	   2.1408554179568323e-01	   2.1268145277799616e-01	   6.2869526114367957e-01	  -4.2712969313385654e-02	   5.1161376706380557e-01	  -1.8800562644313037e-01	  -2.4638932308702777e-01	   3.2451741935982814e-01	   7.5481265188979763e-01	   4.9239514980392302e-01	   7.2798066938740913e-01	   5.2890138084672866e-01	   6.1496547289719683e-01	   3.4371059487058270e-01	   5.0483430071842239e-01	   2.5706820747755438e-01	   3.8090523807373877e-01	   1.8984703230956984e-01	   2.2584509153847437e-01	   5.0489985607719590e-01	   6.3834255423878083e-01	   5.9389545811084243e-02	  -1.3989411640407495e-01	   3.5062945698316283e-01	   4.6188786951204791e-02	   4.8304129099269910e-01	   5.2586588913451560e-01	   5.1826764759012223e-01	   6.3043273541546507e-01	   3.5069719768515489e-01	   5.3608948136790502e-01	   4.4365234133119991e-01	   2.0305356812953754e-01	   8.4198683535091823e-01	   1.8021581150251981e-01	   6.8320598386989384e-01	  -1.8057844920861224e-02	   1.5351003231548277e-01	   2.7368389748499716e-01	   2.9336326794727885e-01	   3.8835532474549650e-01	   5.8802308224822319e-01	   1.5938956242398672e-01	   7.2620929400403511e-01	  -1.2171181105017476e-01	   5.6758089197395167e-01	   8.3543469055103819e-02	   6.5453791606432221e-01	   9.1357751011969357e-02	   5.2160445860314086e-01	   4.4965462384393118e-01	   5.4736058104091836e-02	   1.5320717960808616e-01	   5.0167515633659443e-01	   3.2796095230425987e-01	   5.3914142703116197e-01	   3.4530691125968932e-01	   3.3801827547077445e-01	   1.0811343204607046e-02	
   2.3446424254532888e-01	   8.7508782699839971e-02	   4.0863498736697262e-01	   4.1810937445794716e-01	   0.0000000000000000e+00	   6.1855550489216904e-01	   4.8507576622794202e-01	   4.7493809275498289e-01	   7.3616691635198028e-01	   6.2770992110823343e-01	   2.2145994848017730e-01	   2.2505168082757393e-01	   4.7917569843325236e-01	   2.9617251101171177e-01	   3.9370484728752053e-01	   3.7119207602323312e-01	  -2.6026175499162174e-01	  -2.5769044842168531e-01	  -2.4303909369754056e-01	  -1.6453764358330028e-01	   2.6079404735786960e-01	   2.7297780494563018e-01	   1.6989657170906219e-01	   2.6921308383302422e-01	   1.9467038997330563e-01	   3.6449088107790212e-01	   3.9834103027625167e-01	   4.5352935470079297e-01	  -2.0559672132638807e-01	  -1.1277022306505166e-01	   1.2141240890086845e-01	   1.9733123044340453e-01	  -5.5026597799346967e-02	   1.1900337753760773e-01	   5.3717735615472850e-01	   5.6469048214726225e-01	   4.9510488333253411e-01	   3.3409810934576301e-01	   4.7048948659624495e-01	   3.1084096743018941e-01	   2.3937213627081907e-01	   1.0046919466151230e-01	   4.4919117287563190e-02	   6.7920792646246925e-02	  -2.4072516702936736e-01	  -1.2606899367363988e-01	  -3.5676031211040030e-02	   5.2540716589344109e-02	  -2.4101303780944222e-01	   2.3782095237766177e-01	   2.1358888108383739e-01	   2.3330060420274673e-01	   3.2934574339648630e-02	  -5.7737615031837317e-02	   1.4058713200362197e-01	   9.4574890171088832e-02	  -2.6398826329292346e-01	  -2.0401227571394254e-01	   4.1514859349696859e-01	   2.2408835887499723e-01	   3.3085583959171588e-01	   2.2237121890136663e-01	  -3.3697279280441561e-01	  -3.7412032187946831e-01	   5.6064913753676859e-01	   5.6598897505524370e-01	   5.2354643014445823e-01	   4.9068947089510428e-01	   5.1709134642654142e-01	   5.2532541962068446e-01	   1.4666955589269262e-01	   3.2334610937641665e-02	  -5.1660710126325088e-02	  -3.6682303221712946e-02	  -1.0035207338262819e-01	  -9.5861578674239736e-02	   2.7605083253584850e-01	   2.2891634872664901e-01	  -4.7586920456164597e-02	  -1.2204648230549731e-01	   5.4496255110360235e-02	  -7.6611443372811824e-02	   1.1921015747198804e-01	   2.2332655022543124e-01	   4.5529547020524530e-01	   3.5846266672815619e-01	  -7.5583394863657560e-02	   1.8468132322612360e-01	   3.1303274627490774e-01	   1.4789722697049867e-01	   3.9419339124159591e-01	   4.5691534595699568e-01	   3.3340099116940153e-01	   2.5743660060198764e-01	   1.5800332623543911e-01	   2.9397883904360439e-01	   9.0927508981780703e-02	   3.8018717342458618e-02	   6.4939531461190567e-02	   7.1575109314717555e-02	   3.6316349009626359e-01	   1.7638140706828692e-01	   1.8274582374122994e-01	   7.7693926458858087e-02	   3.5822606695868559e-01	   2.1979432473666985e-01	   3.8651597468051263e-01	   3.0968190662735717e-01	   1.9423568892829929e-01	   2.2684270677042528e-01	   1.2034812972902759e-01	   2.7504198402675028e-03	   4.1526616078135281e-01	   1.1739902927103191e-01	   3.1908273180900903e-01	   1.5832191731897374e-01	
   4.7085890574181344e-01	   5.3346180849027758e-01	   3.4587384642847518e-01	   7.8192856064777483e-01	   6.1855550489216904e-01	   0.0000000000000000e+00	   4.0968762960487082e-01	   8.0217180753120843e-01	   5.0413200794122404e-01	   8.3047781171083923e-01	   3.6080002402537104e-01	   6.1554414609519881e-01	   5.8562627301509718e-01	   6.0814200554740960e-01	   4.5189702664540932e-01	   6.4115169454246956e-01	  -1.8198490912440235e-01	  -1.4309071173145180e-01	  -1.1852767162352479e-01	   1.6127054522003781e-01	   2.4558095537894026e-01	   1.8119478626025315e-01	   4.6376986482394400e-01	   6.2680350201016855e-01	   3.9426313080997755e-01	   5.5336704155540639e-01	   4.9130485334042706e-01	   6.0231873104766298e-01	  -6.1644001801221815e-02	   1.8268903347193782e-01	   2.9457588617649921e-01	   4.5653477316600860e-01	  -1.8601045136726105e-01	   8.0995030391028788e-02	   3.9028271277695881e-01	   5.2661996158401381e-01	   3.5330695746385932e-01	   2.3704206217474005e-01	   2.9118087327144460e-01	   2.5409240419599388e-01	   2.9228373244013728e-01	   1.3661977195834007e-01	   3.0744941973257556e-01	   1.3432693995568662e-01	  -8.5560018564535295e-02	  -6.1613173337835322e-02	   2.1778632901528450e-01	   1.8144902733051935e-01	  -3.3704930655718335e-01	   1.6324538830778271e-01	  -1.1662566128348357e-02	   4.0190138682425533e-02	  -4.5152904031548355e-02	  -2.7658292844619936e-01	   1.8507280244538957e-01	   3.1683828748005176e-02	  -8.2438926396919271e-02	   5.6388512585520273e-02	   3.3471004980955132e-01	   5.2308478881943676e-01	   1.3860506496586711e-01	   4.8714174568952295e-01	  -2.6868931798641205e-01	  -2.9464895170657779e-01	   3.5910888987808953e-01	   6.6097902458757796e-01	   4.0007063915095203e-01	   5.3204311570865759e-01	   3.9742377226041287e-01	   4.5785255383115869e-01	   3.3219753895576282e-01	   3.3033580365861348e-01	   9.0350037432212968e-02	   1.7719912031911955e-01	   7.3209523219403230e-02	   3.5200578205167511e-02	   3.7711875151304675e-01	   4.0552615416605992e-01	   2.7432299030761494e-02	  -1.5972610216661187e-01	   2.3151827504855910e-01	   6.2382692205950174e-03	   3.2976937838130305e-01	   4.1903753246418574e-01	   4.9604959976077156e-01	   5.3855685033797429e-01	   2.3309124713159565e-01	   4.4998846126565240e-01	   4.1699676533671831e-01	   1.4838092437286526e-01	   7.6368120483935420e-01	   3.0020059260131260e-01	   7.3737520795942113e-01	   8.9982115571106205e-02	   1.7362832332718944e-01	   1.7964142039338729e-01	   1.7836371254530758e-01	   1.7840079326040237e-01	   4.5014488337726155e-01	   1.4507617702695091e-01	   7.5400900521144121e-01	   6.9601197938238459e-03	   4.5008604551810072e-01	   7.6554749774229963e-02	   4.9934890841651980e-01	   1.4418103369294646e-01	   4.1940684093641067e-01	   3.3775511765461846e-01	   7.9370085034124099e-02	   1.3060718269915800e-01	   2.7620500948522975e-01	   1.1379304509133463e-01	   5.7919688029080318e-01	   1.4085375102312203e-01	   3.0380466501084030e-01	   3.6005598839767734e-02	
   1.2015177020613962e-01	  -7.3417431763624003e-02	   8.0133696541425847e-01	   1.9544945530577629e-01	   4.8507576622794202e-01	   4.0968762960487082e-01	   0.0000000000000000e+00	   5.4171628083777712e-01	   7.3109944082744160e-01	   3.9088114476106506e-01	   1.1329101689224165e-01	   1.4159978271620122e-01	   2.1223232960863159e-01	  -1.8471146182136321e-02	  -3.9579411660275690e-02	   3.1209936999477071e-02	  -4.5378108211407076e-01	  -4.1041260399602902e-01	  -2.3957895110066074e-01	  -2.7568041500896023e-01	  -4.1051853245814429e-01	  -3.1432959220904699e-01	   1.2944791498958755e-01	  -5.7010984963460673e-02	  -3.5020143550660843e-01	  -1.3829369294297350e-01	  -3.0251573911156054e-01	  -2.1027622677893956e-01	  -1.6942399121501622e-01	  -4.2688439503036087e-02	   4.9640762042505539e-02	   4.4254612670616443e-02	   1.4575770579844172e-01	   5.9200772771093223e-02	   2.3243235789358163e-01	   2.1022355824438463e-01	  -1.4181953793649663e-01	  -1.9846381264311652e-01	  -1.1149023982384390e-01	  -1.2038120104314384e-01	  -2.8253919185936127e-01	  -2.1134457629584968e-01	   1.4554490817378807e-02	  -1.1996018698792160e-01	  -2.0842515332127659e-01	  -3.7151859020024547e-01	  -8.2804240166416465e-02	  -1.0556828288992581e-01	  -5.3270935689205334e-01	  -3.3668834401859304e-01	  -2.6911445604451822e-01	  -2.0650771002405413e-01	  -2.4620183988694497e-01	  -1.9756350954152060e-01	  -1.3323997314249147e-01	  -1.4323901365536335e-01	  -3.9725268503774924e-01	  -3.9424776617417040e-01	   4.8454390844274620e-01	   8.0090302193027041e-02	   7.2069935579132260e-01	   4.5466592958499430e-01	  -4.5868633310706530e-01	  -3.6833735654472982e-01	   6.1221825587204648e-01	   2.5440494898170707e-01	   4.4316920351482325e-01	   2.0338825183726103e-01	   1.2712611530936913e-01	   2.0010165698656518e-01	  -7.0931577775463203e-02	  -2.0595040735363401e-01	  -2.2819675912787110e-01	  -2.5632963987876589e-01	  -1.7312764702308731e-01	  -2.5591039020322359e-01	   2.0403023997379068e-02	  -1.1695513539435343e-01	  -2.9383967387165372e-01	  -2.8836157785376149e-01	  -3.7733390822730478e-01	  -4.0084929535922309e-01	  -2.6342600667100047e-01	  -2.3889429343970597e-01	  -7.0011096198767789e-02	  -1.3330115946381552e-01	  -2.4639572017613745e-01	  -8.2758565299569958e-02	  -1.5407097290819005e-01	  -1.7412453265525840e-01	   6.6063391976452890e-02	   4.9659169955604965e-01	   2.3402132236886858e-01	   4.6594246572369036e-01	   1.8581492271354183e-01	   3.9171519999375078e-02	   2.1681012659433272e-03	  -5.0089678523440040e-02	   3.8650027273315554e-02	   3.4362456034693484e-01	   3.0857927943737784e-01	   6.0386247709127361e-01	  -1.3962923448388165e-01	   2.2582216774537983e-01	   6.1008544711933586e-02	   3.6435417057424258e-01	  -4.9358039157797878e-03	   1.6621941552105957e-01	   4.3600538200698133e-03	   1.9134172735530691e-01	  -9.8757347447108429e-02	  -1.3934001625260584e-01	   4.5963661608961992e-01	  -8.3887427386838992e-02	   4.9505934860192266e-02	   5.9729385668227448e-02	
   3.2870790467684963e-01	   4.4285448442666986e-01	   4.9926485845033142e-01	   8.5404543889357909e-01	   4.7493809275498289e-01	   8.0217180753120843e-01	   5.4171628083777712e-01	   0.0000000000000000e+00	   5.0298217884559182e-01	   7.9096391570472346e-01	   2.6640295002328401e-01	   6.1804251169788671e-01	   4.2389296043334534e-01	   4.7488098855190930e-01	   2.5940386422041045e-01	   6.1414740731832462e-01	  -3.0923222481923768e-01	  -2.2719605419820266e-01	  -1.2639655885145867e-01	   1.1832803998729377e-01	   6.7734070177037614e-02	  -7.6471290282398166e-04	   4.5661852997636893e-01	   5.8468467271066882e-01	   2.9141833084832369e-01	   4.6407777167557135e-01	   3.6509877453015765e-01	   4.5626637402511505e-01	  -1.1300496106595183e-01	   2.2095177133343868e-01	   3.0588292008511553e-01	   5.4131652992070411e-01	  -9.5529119589385883e-02	   1.9776669007887177e-01	   3.7491823591618295e-01	   5.3495915675566830e-01	   2.7070860586262291e-01	   2.2827937611947696e-01	   2.3683038202413606e-01	   2.7221725385075080e-01	   1.3895246247327869e-01	   1.3495569450586670e-01	   4.7031864974924065e-01	   3.7023770889819552e-01	   5.2813874134643682e-02	   6.0056839163919178e-02	   2.9669672836371841e-01	   3.9759055500187523e-01	  -4.2898704762228967e-01	   8.4322873346770855e-02	  -2.3458312265285419e-01	  -1.2994059283074275e-01	  -3.2386608683109702e-01	  -4.2880454953891078e-01	   1.0970762885524080e-01	  -2.1620751253251060e-02	  -2.1572384297327243e-01	  -1.0359623111288147e-01	   2.2890590174288689e-01	   4.8685274301639636e-01	   2.8406074822458016e-01	   7.1848367467146179e-01	  -3.9659804526283343e-01	  -3.4647637216165789e-01	   4.5559328239473773e-01	   7.7386099046399404e-01	   5.0341692102716196e-01	   6.6004174760709156e-01	   3.3705080464469706e-01	   4.4916551203783506e-01	   2.4007090113194626e-01	   3.4095936574406216e-01	   4.9327113230176370e-02	   1.4223258339998412e-01	   1.9840506576865369e-02	   2.0769355962140548e-02	   3.1570250127543492e-01	   4.0574948831963698e-01	  -1.3491393903353616e-01	  -2.7593553867544429e-01	   3.5074788497773152e-02	  -2.1698170900303942e-01	   2.0770606433914901e-01	   2.7905743601044353e-01	   3.0767108753885558e-01	   4.3032906292139833e-01	   9.9615591467026476e-02	   3.1714442116029951e-01	   2.6166987126833352e-01	   1.3602889269649036e-03	   6.8221487689044780e-01	   2.4004725041152464e-01	   6.6233421934163972e-01	   1.7802035596636781e-01	   1.7872513181055275e-01	   2.2300343512370774e-01	   1.7926619389672929e-01	   2.7432442682440183e-01	   4.6459309403609778e-01	   2.6816167478443859e-01	   7.2241871990395190e-01	   1.7064862448323004e-01	   3.1464230073391641e-01	   1.8169054909041965e-01	   5.1149950243163844e-01	   2.1910554934205601e-01	   4.2391949798964784e-01	   4.1744621384212260e-01	   2.6947824539935265e-02	   1.5759409278037420e-01	   3.3233348655308725e-01	   1.6181761995101607e-01	   5.8697246961701310e-01	   1.6808670594539199e-01	   2.6630842340730820e-01	   5.4241429341624299e-02	
   3.0881170698675803e-01	   6.0254554733673603e-02	   5.3274888918045926e-01	   2.4466521382002621e-01	   7.3616691635198028e-01	   5.0413200794122404e-01	   7.3109944082744160e-01	   5.0298217884559182e-01	   0.0000000000000000e+00	   6.2187355248392273e-01	   3.9414747516511006e-01	   3.2489706819953112e-01	   5.3474334648395883e-01	   2.1033360892863684e-01	   2.7612522434050646e-01	   2.9563097204652278e-01	  -4.1556818259791800e-01	  -3.8692044884165960e-01	  -2.4890689820176196e-01	  -2.6799061095491705e-01	  -1.7076792072621000e-01	  -2.0949888676298409e-01	  -1.9411333515126313e-03	   4.6048466787143194e-02	  -2.0351631058143904e-01	  -2.9821753055297169e-02	   4.9233074214553106e-02	   7.6070877978323057e-02	  -1.4159431063110989e-01	  -9.7584239921031976e-02	  -6.4514821597260796e-02	  -8.0676236230894843e-02	  -3.1862443391981413e-03	   3.6896949405713454e-02	   2.3109861269919243e-01	   2.5493904885970287e-01	   7.4466643061308332e-02	   7.1677953475429695e-03	   1.4169032971472137e-01	   7.8417775390010616e-02	  -2.6487306941072708e-02	  -4.4644001197629415e-02	   2.0429448214152036e-02	  -2.0596206633710919e-02	  -2.9883145837275538e-01	  -3.0859626656270589e-01	  -8.6349868504848437e-02	  -2.4585914555273210e-02	  -4.4197254196426200e-01	  -5.4067836354164664e-02	  -3.4583280650403156e-02	  -1.7533793695808590e-02	  -1.7805786641632959e-01	  -2.3166333541949058e-01	   1.0024622280769542e-03	  -1.8892471650531178e-02	  -2.8688320640773901e-01	  -2.6010814590054471e-01	   4.4474728016161558e-01	   1.5302775007414510e-01	   6.4054416028161376e-01	   4.3739388137301149e-01	  -3.6199827128900058e-01	  -2.5116242154820673e-01	   4.9849984451695761e-01	   4.0761146859585767e-01	   3.2451246389482485e-01	   2.3867388421266494e-01	   3.3539982291348391e-01	   2.9589749239261953e-01	  -1.2270272003307585e-01	  -2.5272628062427660e-01	  -1.8238371730827385e-01	  -1.4681832844858281e-01	  -2.1610309631139232e-01	  -1.5252923546333993e-01	   5.0761539631735755e-02	  -4.3319462418355943e-02	  -2.7787745078665249e-01	  -3.2531946502989756e-01	  -2.4074664672320939e-01	  -3.4374560850553831e-01	  -1.3904573664977818e-01	  -3.0560259879041540e-02	   1.5083075670492416e-01	   1.2537421224823969e-01	  -3.3183491237029494e-01	  -4.8525618516505394e-02	   1.2369614757634503e-01	   5.2209395895312954e-02	   1.7268831510785007e-01	   4.7871271608484983e-01	   2.6302680039638893e-01	   4.9395371339123789e-01	   1.8795815556291015e-01	   1.7654391605867972e-01	   3.8141089394248533e-02	   5.2724627699373708e-02	   5.5698358756182488e-02	   2.5747004012326102e-01	   3.4619084974487591e-01	   5.6262797479794924e-01	   5.0779872449268779e-02	   3.4827969995133284e-01	   1.9631124920332749e-01	   4.1676025624330304e-01	   2.9276435302563963e-01	   3.8726579218902712e-01	  -2.0883964133581916e-03	   2.8438821993026508e-01	   5.0774463751248569e-02	  -6.6852245722774095e-02	   3.7157103665322389e-01	   3.4110437894730172e-02	   1.9740793427222919e-01	   2.3249125709864663e-01	
   4.2461561394249875e-01	   4.8282844237921235e-01	   3.1905904589273604e-01	   7.1378871812016231e-01	   6.2770992110823343e-01	   8.3047781171083923e-01	   3.9088114476106506e-01	   7.9096391570472346e-01	   6.2187355248392273e-01	   0.0000000000000000e+00	   3.8003974764874582e-01	   6.1573216520534346e-01	   6.3362881005515637e-01	   6.1040386553765380e-01	   4.3623945090929211e-01	   7.1751567208284883e-01	  -2.5815149821209427e-01	  -2.3712589407220469e-01	  -1.5423475010930235e-01	   6.8703749768600580e-02	   1.7261264663121204e-01	   7.0268410176783855e-02	   3.1590197770585837e-01	   5.2687619458999002e-01	   3.0822741144679855e-01	   3.8102812954938625e-01	   5.3498496947585283e-01	   5.7210836680560406e-01	  -1.1442631530754055e-01	   8.2395224523144850e-02	   5.1686019147322008e-02	   2.4193532908516127e-01	  -3.1882537873199912e-01	  -5.7922948751389342e-02	   3.0143618836827685e-01	   4.4228898261963340e-01	   3.6636582290901587e-01	   2.6979598718776493e-01	   3.2564053959413297e-01	   2.7563915182660581e-01	   3.2479581013218534e-01	   2.2633895898136835e-01	   2.1016066154095947e-01	   1.1006835319611252e-01	  -2.3890968832504397e-01	  -1.8278184885017590e-01	   7.3056078451738324e-02	   1.3539699253279330e-01	  -4.9023018951629233e-01	   4.4419960114228163e-02	  -1.5074984545924044e-01	  -1.0404711780328624e-01	  -2.7617138006491537e-01	  -3.5252266394806753e-01	   7.6850485729072882e-02	  -9.8622017384607713e-02	  -1.4806343716497766e-01	  -1.7843784910903538e-02	   2.4997440100177865e-01	   3.7520671320856958e-01	   2.5611057211964328e-01	   6.3420340368742745e-01	  -3.2916901967128392e-01	  -3.0491545407436393e-01	   4.0945310511898880e-01	   7.5676525941750483e-01	   2.8306205230508041e-01	   4.2478027515944528e-01	   3.2290807385167553e-01	   3.2456142799450910e-01	   1.8959860859992292e-01	   2.0320032280128009e-01	   5.0947705516961976e-02	   1.4265930091453494e-01	   9.9641784331830102e-02	   8.5639749114918312e-02	   2.9900034122303565e-01	   3.3654158729569250e-01	  -1.4200166653734339e-01	  -2.8758003207853100e-01	   1.6644979820132480e-01	  -1.0534997615854613e-01	   2.9197468098275203e-01	   4.1379630186133387e-01	   4.7497066228205442e-01	   5.9788176944055804e-01	   4.5109251441294233e-02	   3.1290876922300348e-01	   3.3782338844482440e-01	   1.2107165146015425e-01	   6.9356055165771802e-01	   3.5629328637009916e-01	   7.3447333861313990e-01	   2.5392207709827852e-01	   1.4768974532731194e-01	   2.5249257406396119e-01	   2.0702556289937482e-01	   1.8340533658547187e-01	   3.8579205004760453e-01	   1.5555796461961688e-01	   7.3575012352069735e-01	   1.3362441729492217e-01	   4.0687954986779351e-01	   1.6934844500525192e-01	   4.9915864230238649e-01	   2.1626700428472490e-01	   4.5406017427063522e-01	   3.9814665420726769e-01	  -3.0514584372852007e-02	   1.8446038331516856e-01	   2.8987334410726684e-01	   1.3554201570213631e-01	   5.6785392956229497e-01	   1.8712172020395726e-01	   3.3808495302213137e-01	   1.5348642063212550e-01	
   6.6471276465808171e-01	   4.2357835190789495e-01	   5.2066179681979421e-02	   2.3798372141232907e-01	   2.2145994848017730e-01	   3.6080002402537104e-01	   1.1329101689224165e-01	   2.6640295002328401e-01	   3.9414747516511006e-01	   3.8003974764874582e-01	   0.0000000000000000e+00	   7.0752832928503162e-01	   7.7987929275197021e-01	   6.4521717562420533e-01	   4.6951562424853754e-01	   5.1991909513166124e-01	   2.4922585786153725e-01	   2.8119473372423098e-01	   3.5990790217728164e-01	   2.8593876910904797e-01	   1.3075841925762829e-01	   2.0673433454133033e-01	   3.8467172919414594e-02	   3.0346469099355083e-01	   1.5969419806452012e-01	   1.1885922191400372e-01	   4.2151575654548501e-01	   3.7347974261403105e-01	   3.9159028389930317e-01	   3.4946020479871237e-01	  -3.2770389416782168e-02	  -7.4741449139990299e-02	   1.3043135041792264e-01	   2.3836076599873171e-01	   1.1923137198576148e-01	   1.5787422001256685e-01	   2.1302600413480394e-01	   2.2813443220334692e-01	   2.7516121452834008e-01	   3.0499915817416873e-01	   4.8808906584443923e-01	   3.6082585383092813e-01	  -1.8701563431390348e-02	   3.9208656242290196e-02	  -1.3464100050071537e-01	   1.0569534838206132e-01	   2.0273052101145789e-01	   2.5868781210244157e-01	  -3.8033815025263894e-02	   2.5286316516919755e-01	   2.5025806135073464e-01	   1.0307769308278339e-01	   2.1667952784477437e-01	  -1.1777426588635778e-01	   3.9470478384623808e-01	   3.0694846761734496e-01	   3.1411254232454622e-01	   2.6363987898194308e-01	   2.5236970989160878e-01	   3.0444545805701484e-01	   2.7327763368764135e-01	   3.6175293920760648e-01	   3.4240603636383843e-01	   3.4962546127412808e-01	  -6.5567951181838724e-02	   2.8938209103698909e-01	   2.9954893977465730e-02	   1.3549974899966238e-01	   2.7491945222653524e-01	   2.6289725865838914e-01	  -3.0044563737710570e-03	  -2.7367934469073988e-02	   3.0233649558332804e-01	   3.9300082321491348e-01	   2.6838838090377826e-01	   4.3454242797689524e-01	   2.8838244793044460e-01	   2.0127764305980525e-01	   2.9444118086367677e-01	   2.0516718090735978e-01	   3.4056363071708190e-01	   2.9769660753641369e-01	   3.2243198091341985e-01	   3.8117953463346543e-01	   4.5861730338107931e-01	   4.5953843773147973e-01	   2.1283119700062353e-01	   2.2361264134481201e-01	   6.3417926342999453e-01	   5.3064990799754574e-01	   2.7945047599147887e-01	  -3.3613960464307258e-02	   2.5591792714251071e-01	  -7.3241097439084413e-02	   4.2948077113709371e-01	   3.6123569417707041e-01	   1.3925096988046254e-01	   2.6368188645614643e-01	   3.1804573083622389e-01	   2.2648767321993971e-01	   3.5544459810952223e-01	   1.8569251036477493e-02	   3.2647976647200772e-01	   2.2788087352760528e-01	   1.8195737695207015e-01	   1.0758683817504741e-01	   3.2398045414509435e-01	   3.0427520817411802e-01	   6.7135657891614270e-02	   2.5779947497211514e-01	   2.3553888742728551e-01	   2.3567900115226401e-01	   1.5923936616345868e-01	   1.6918809646454008e-01	   1.8585778840579914e-01	  -9.2113604204578703e-02	
   5.5776086812449011e-01	   6.4267476456290706e-01	   7.8738267561969541e-02	   6.0738774319979738e-01	   2.2505168082757393e-01	   6.1554414609519881e-01	   1.4159978271620122e-01	   6.1804251169788671e-01	   3.2489706819953112e-01	   6.1573216520534346e-01	   7.0752832928503162e-01	   0.0000000000000000e+00	   6.7081898012333774e-01	   7.7218126211070959e-01	   4.4043954097273791e-01	   7.5062777088979382e-01	   9.4153544886307325e-02	   1.7969678302896558e-01	   1.7566274283340355e-01	   3.4955430062353954e-01	   2.3943070737194438e-01	   1.9935261805121535e-01	   2.9361933634604392e-01	   4.7915124734718317e-01	   2.8664587062579594e-01	   2.9109605920249176e-01	   5.1272157814065122e-01	   4.9722255778451829e-01	   3.4398025165586654e-01	   5.1816487887637042e-01	   1.2092247681080501e-01	   2.1650209032081752e-01	  -7.1931365823527382e-02	   1.6440274692644033e-01	   6.9171697445684979e-02	   2.2919616541671634e-01	   2.8319333012924341e-01	   2.6712670115019677e-01	   2.6040174441333919e-01	   3.6917595951200893e-01	   5.0100989184681710e-01	   3.8446577562645567e-01	   2.0357520052731026e-01	   2.0889171622882377e-01	  -1.6651008092424160e-01	   1.3407270191613868e-01	   3.3327092007555220e-01	   3.9214101466572820e-01	  -2.8906128698251560e-01	   3.1073117307874926e-01	   2.4154792126185393e-02	   8.3672998173802998e-02	   3.6591295241710509e-02	  -1.9877194318614200e-01	   3.6221484487050737e-01	   2.6311563870612015e-01	   2.1767280584958204e-01	   3.3800284838473532e-01	   2.2942417007659177e-01	   5.9426104226451892e-01	   1.6856161569458955e-01	   6.1599982029384992e-01	   8.1719070320914799e-02	   2.1144400263898266e-01	  -7.4109631020960368e-02	   4.3429182244563846e-01	   7.1614139897429457e-02	   3.1545845512051673e-01	   2.9047022655393384e-01	   2.7026989980730853e-01	   2.0161092013604803e-01	   3.1456532582668251e-01	   3.5074376095626808e-01	   4.5843609085178677e-01	   3.0522115108442993e-01	   4.0099127402743673e-01	   3.2508320110028832e-01	   3.7396277658387733e-01	   2.1218421350863448e-01	  -3.6205421872739577e-02	   2.8007311290106546e-01	   8.0000267392271424e-02	   4.5246742680544128e-01	   4.8081372437455183e-01	   3.7544644115034193e-01	   4.8205739455055285e-01	   3.0831046570427262e-01	   2.5998285861109338e-01	   6.1101317458657989e-01	   4.5985769970433077e-01	   5.9820789482748282e-01	   2.9825925735590484e-02	   6.2455427819588605e-01	  -7.9268219849216190e-04	   2.8812225392629864e-01	   2.4843429401652325e-01	   2.1979843863383702e-01	   2.8619836307789953e-01	   5.9870256162661784e-01	   2.8138065816526353e-01	   6.7683348709632241e-01	  -3.2707669848161633e-02	   4.9184334196400281e-01	   1.4889810033243372e-01	   4.1740804501809392e-01	   1.7488524601746711e-01	   3.1737061264237110e-01	   2.1973951074472986e-01	  -1.1363935895350183e-01	   3.1776771330300969e-02	   3.4202826482037368e-01	   2.9240339097610768e-01	   4.0140620222669215e-01	   2.9784268133153263e-01	   2.8021149515431987e-01	  -1.0021601193074503e-01	
   6.1259727365091199e-01	   5.1334211427952237e-01	   1.9811096725407132e-01	   4.3800809917729222e-01	   4.7917569843325236e-01	   5.8562627301509718e-01	   2.1223232960863159e-01	   4.2389296043334534e-01	   5.3474334648395883e-01	   6.3362881005515637e-01	   7.7987929275197021e-01	   6.7081898012333774e-01	   0.0000000000000000e+00	   8.2650828404796783e-01	   7.5221292480118740e-01	   7.6436385150072494e-01	  -1.3538472083404172e-02	   1.1002975577448662e-03	   1.9901297899159864e-01	   2.1071602321201549e-01	   3.2559682258528266e-01	   2.3682554269626360e-01	   2.6653728994446735e-01	   5.3091236382031459e-01	   3.6644979335182831e-01	   3.1830439992963055e-01	   5.5415927995971326e-01	   5.7328751901314645e-01	   2.3028904137232420e-01	   1.7126423238193783e-01	   7.2852200127346653e-02	   6.6023745934006006e-02	  -9.6117733854243687e-02	   6.7494561916984316e-02	   2.2096741894330388e-01	   2.3291954577383162e-01	   4.0626580508432397e-01	   2.9579992557272317e-01	   4.1439633334838522e-01	   3.6572938240996777e-01	   5.2335699608152764e-01	   3.4119820735856388e-01	  -4.8052174514755172e-02	  -1.3659170977265019e-03	  -3.2720450729775385e-01	  -1.3851151831454606e-01	   9.2807995773148189e-02	   1.3001117041165561e-01	  -1.4135699806624857e-01	   2.9369855038632581e-01	   2.9182169541022041e-01	   2.5184571647145659e-01	   1.7222633994101075e-01	  -4.4517781908867144e-03	   3.3076603504562352e-01	   2.1459243742192438e-01	   5.8635957755744220e-02	   1.1022276880144294e-01	   3.2059443597731463e-01	   3.1470803526557756e-01	   1.4948853039038579e-01	   2.7121055556471263e-01	   4.3561211900637213e-02	  -1.8443822191713793e-02	   2.2337833510273752e-01	   4.7697219134531316e-01	   1.2250510077362711e-01	   2.4366168418689077e-01	   4.7899385704280917e-01	   2.9874130582823943e-01	   2.0278426460619947e-01	   1.4646645430210839e-01	   3.1971752344051307e-01	   3.7013020037666966e-01	   2.1402182967531602e-01	   3.5487424184052330e-01	   3.7649734289825632e-01	   2.5618543801071225e-01	   1.7790935192624752e-01	  -7.4267776208915059e-02	   4.2776432714482315e-01	   1.9686182691371512e-01	   4.5902505252682502e-01	   5.7906834884061209e-01	   6.5805551996624656e-01	   5.6402069105189712e-01	   2.6358578584183051e-01	   3.4826809797418595e-01	   5.5411632255651067e-01	   3.6432420303873425e-01	   4.0358359846967651e-01	   2.0016280894800015e-01	   3.5718367816020691e-01	   1.2784370856675925e-01	   3.3389258334248673e-01	   3.6368268057080533e-01	   1.4406518952915426e-01	   2.2403324362911589e-01	   2.5488606834497274e-01	   1.3338702628189314e-01	   4.1448224366707048e-01	   6.1813863069022479e-02	   3.5702535929942414e-01	   1.7406616086864440e-01	   3.3125920094945693e-01	   1.4591392342187387e-01	   4.7640482819535546e-01	   3.4656514341505273e-01	   3.1854502187642908e-02	   2.0412691752301254e-01	   2.1059213442612468e-01	   1.5495549082709145e-01	   2.4872948811832932e-01	   2.1260638752212135e-01	   2.7997938112278403e-01	   3.5025548306283502e-02	
