   0.0000000000000000e+00	   9.0731015950809213e-01	   6.3849107648962711e-01	   7.9306965210468672e-01	   5.0046557083186127e-01	   5.9419061623696667e-01	   6.6771622875497394e-01	   7.3433672575939124e-01	   5.0444051367689746e-01	   5.6904963539924758e-01	   5.5931336552656219e-01	   6.5081298785343045e-01	   6.4290770233438344e-01	   6.8929076572320502e-01	   5.9117574248683236e-01	   6.5203635385663972e-01	   6.3363566816265937e-01	   5.6539123696781446e-01	   7.7237259145878290e-01	   7.6277532513193746e-01	   3.7497622675558456e-01	   4.4628239612542003e-01	   6.0880184652127800e-01	   5.8886212489452083e-01	   5.4719607376815094e-01	   5.6779639936956183e-01	   4.1468270553318953e-01	   4.2388766752550094e-01	   4.4890599869576836e-01	   5.2738775802482996e-01	   5.5556280260343804e-01	   5.3667028538605976e-01	   7.2573795665719598e-01	   6.8038487060563646e-01	   5.0545291996918462e-01	   5.3486163944184129e-01	   3.4306973612858915e-01	   5.3876768829177513e-01	   6.2081959642368634e-01	   6.8004301398059364e-01	   5.0840553121291532e-01	   1.6790775603028096e-01	   6.7322426015049586e-01	   6.1299478459512236e-01	   6.2052238758943390e-01	   6.5001339257035395e-01	   6.1512874528912476e-01	   6.6170712961636990e-01	   6.7495784811318205e-01	   6.5244238842016378e-01	   6.9789897653991528e-01	   7.2122163424998220e-01	   6.9847895759709555e-01	   6.5581652133804047e-01	   7.9611775744693114e-01	   8.0612754220293592e-01	   8.7277399071760198e-01	   8.3059776204797076e-01	   7.8428414297137194e-01	   7.4782859137238011e-01	   7.4537440017940859e-01	   6.3794819187966456e-01	   6.1175007662906222e-01	   5.8889110024626878e-01	   4.4393617616163139e-01	   5.1986873692592817e-01	   7.2645178447576964e-01	   6.9042140516297112e-01	   6.0357087215825744e-01	   6.7057284666179340e-01	   3.8519120534283480e-01	   4.7618621159712138e-01	   6.9208366098232532e-01	   6.9847862873409672e-01	   7.4444739210531086e-01	   7.5172420830030784e-01	   5.9003238555439252e-01	   6.0860605221571085e-01	   5.5192011249134443e-01	   4.8862037446250195e-01	   6.5302631579414872e-01	   7.1016976401631249e-01	   6.3497409308542530e-01	   6.4972726510123091e-01	   6.7818854824174657e-01	   7.8058809673979457e-01	   5.6733937230284792e-01	   6.1579492165896865e-01	   6.9690433776550731e-01	   7.6814513558107367e-01	   6.3834482435387874e-01	   6.6305312772845015e-01	   5.9100746594870146e-01	   6.0701383127352315e-01	   2.6875089486875542e-01	   3.1127719031844026e-01	   6.4060182850861946e-01	   7.0804125847551846e-01	   6.5463188701171282e-01	   7.5947167218866529e-01	   5.9471986746381245e-01	   6.7764065850452704e-01	   7.6198858687647464e-01	   7.7537587082397819e-01	   3.8991293623441198e-01	   4.8976700745655227e-01	   3.4119499173715739e-01	   7.0157549092840021e-01	  -9.5575267043810586e-02	   3.3057710686197017e-01	   5.9081453204134959e-01	   5.2546078414655595e-01	   6.1531105746099635e-01	   7.0482926538759338e-01	   2.9249021008757359e-01	  -3.0955993067367482e-01	
   9.0731015950809213e-01	   0.0000000000000000e+00	   4.1235136296655917e-01	   6.1920343858187232e-01	   3.3941834910031010e-01	   4.2364056492452729e-01	   4.4835430980931340e-01	   5.6640280609122529e-01	   4.0777891283839984e-01	   4.2880636005834000e-01	   4.8898063018076204e-01	   6.3071677895853195e-01	   5.3295392051196799e-01	   6.3164033001980169e-01	   4.4721092063844692e-01	   4.7848864947053471e-01	   7.1123448937307521e-01	   6.8455076293252504e-01	   6.9066166573571075e-01	   7.3803379967402594e-01	   2.2239947415196065e-01	   3.0601751435927715e-01	   4.5035803010210396e-01	   4.4046777523077540e-01	   3.6739024994370073e-01	   4.1325866086488111e-01	   2.9544457283491365e-01	   2.7615315349632708e-01	   4.6830486769875401e-01	   5.7656082495594008e-01	   4.3488314076007251e-01	   4.1609180874996632e-01	   6.7411691537513585e-01	   6.4844331880537265e-01	   3.6039692932074957e-01	   4.4124118752387786e-01	   2.9148239313626956e-01	   5.1167744092281742e-01	   4.9805642346526713e-01	   5.8236251093552560e-01	   4.9051618678923126e-01	   1.3343248615703535e-01	   6.1459231119061197e-01	   6.0013569627395702e-01	   5.3837695861917423e-01	   6.0254134721570252e-01	   5.6869060018680273e-01	   6.3656612966032999e-01	   5.8356152094548586e-01	   5.5513091992959163e-01	   5.9486299380464946e-01	   6.3079788808080994e-01	   6.0322385643220877e-01	   5.9031342439015444e-01	   7.0631822838446201e-01	   7.3057318340119670e-01	   8.9369432631832724e-01	   9.1193162661407656e-01	   6.4500537200847274e-01	   6.6123633302048812e-01	   5.3465415465922983e-01	   4.4400166817740871e-01	   6.3085070856807168e-01	   6.1085918681259099e-01	   2.3024469944701600e-01	   3.3297453083904244e-01	   5.9292948591570860e-01	   6.0374538446322545e-01	   5.5834787464825830e-01	   6.0514782172878490e-01	   2.9902828230698542e-01	   4.0320431496022202e-01	   6.2913880703692349e-01	   6.8996665004104796e-01	   6.8914337019516125e-01	   7.4963564765965573e-01	   6.0874501041579043e-01	   6.5536430076886854e-01	   5.9027368785309364e-01	   5.7049554922036139e-01	   6.7814795894877156e-01	   7.4136312203687349e-01	   5.4863356808406250e-01	   5.8576873307846922e-01	   5.7458389077473715e-01	   6.9568449568245094e-01	   4.2792241167786105e-01	   4.9753920005406582e-01	   5.5439319751103766e-01	   6.3590926629803390e-01	   5.4785896530776834e-01	   5.3722617122062122e-01	   4.6003113993429517e-01	   4.6499502556471473e-01	   1.8499728284232311e-01	   2.6748033345219246e-01	   6.3274739434854643e-01	   6.9388105518191723e-01	   6.7650633094639190e-01	   7.4966295165500463e-01	   5.2277887651865784e-01	   5.9048129540163341e-01	   6.5973694025048824e-01	   6.8506509669393389e-01	   2.4781037977783013e-01	   3.6297253227795179e-01	   2.7438422731718215e-01	   6.4350404392153793e-01	  -1.1595353696792958e-01	   3.0264744968208546e-01	   5.7756248515230546e-01	   5.8149311062889275e-01	   5.7588369603800360e-01	   6.0189461893609919e-01	   2.4169491044306723e-01	  -2.6965651588653305e-01	
   6.3849107648962711e-01	   4.1235136296655917e-01	   0.0000000000000000e+00	   9.0695264085440330e-01	   7.1769257252902907e-01	   7.6602578602537297e-01	   9.6104075922202736e-01	   8.4700874391756553e-01	   5.6561550391544524e-01	   6.0440043959302125e-01	   4.2250966315230998e-01	   3.7719845899699544e-01	   6.5991675526784677e-01	   5.2554953523351045e-01	   7.4347148030074117e-01	   7.3369255416866108e-01	   1.6241379601436096e-01	   5.6661681085140407e-02	   5.5864875493668908e-01	   4.2782010121952041e-01	   7.0937648330054837e-01	   7.1031820155559522e-01	   9.0065696924156535e-01	   8.0680984726275895e-01	   8.3318117488888777e-01	   7.5898014640105849e-01	   6.1874265005908402e-01	   6.2871671673887430e-01	   2.6042473780960484e-01	   2.2611179877482696e-01	   7.4263242541905683e-01	   6.9067623137385403e-01	   6.0589933168263232e-01	   5.5787633813416981e-01	   7.3266678170304478e-01	   6.0537118684961799e-01	   3.8719937155385625e-01	   4.5934675526911323e-01	   6.1346651449655465e-01	   6.2455432601252003e-01	   4.5844168853367251e-01	   6.5660724868968429e-02	   4.4426389928760535e-01	   4.0220533203245684e-01	   5.0563255702767151e-01	   4.4439333238747547e-01	   4.7257989312907189e-01	   4.9218615552623901e-01	   5.9183495673342046e-01	   5.5928414575023533e-01	   6.5059457538922283e-01	   6.1504238249515852e-01	   6.2392876931534103e-01	   5.1872313693152972e-01	   6.7414057388523085e-01	   6.5626183452279196e-01	   4.1181471283474336e-01	   3.7375467108200822e-01	   7.4576416904103016e-01	   6.3266307486350859e-01	   8.4599554389746634e-01	   7.6252452965834516e-01	   2.7533391646786565e-01	   2.9150364100281334e-01	   8.3236513376283972e-01	   7.5261415233288231e-01	   7.1776396129387299e-01	   6.0056627005510155e-01	   4.4941025275063384e-01	   5.7515120019363619e-01	   5.3120807549160598e-01	   5.3843195833908364e-01	   5.9439019584562869e-01	   5.0043957905852887e-01	   5.3727084352247823e-01	   4.4528159869306633e-01	   3.0323928363502611e-01	   2.6975379496384833e-01	   2.7589777923370984e-01	   1.6325799656778905e-01	   3.2476181820171435e-01	   3.8817314926155455e-01	   5.6632113268514483e-01	   5.8310485283788327e-01	   6.5316038772751939e-01	   6.8772641280452673e-01	   6.6095038178691601e-01	   6.8336319846724658e-01	   7.2043153192770726e-01	   7.5735593156607117e-01	   5.6671092663976164e-01	   6.7482632709264645e-01	   6.3502623698004423e-01	   6.1404575276659301e-01	   2.4367041462445377e-01	   2.4128066564488479e-01	   4.5586833515289371e-01	   5.4590777707122295e-01	   3.2368938073831377e-01	   4.6344619782192598e-01	   2.8328443681513643e-01	   4.4072309097095874e-01	   5.6991840156191020e-01	   5.4698574949653012e-01	   4.8353189737309571e-01	   5.5983057435860706e-01	   1.8287564700437101e-01	   4.5447022926989322e-01	  -8.5631616090004484e-02	   1.6776194659858301e-01	   4.4881396836653292e-01	   2.7544300437673608e-01	   5.5393976861199468e-01	   5.9976757130442659e-01	   3.8091018433879875e-01	  -2.4660187275470147e-01	
   7.9306965210468672e-01	   6.1920343858187232e-01	   9.0695264085440330e-01	   0.0000000000000000e+00	   7.0264623361431022e-01	   7.8347309010150057e-01	   9.1394727574258905e-01	   9.1746764850204487e-01	   6.1536119495426178e-01	   6.4776256967766543e-01	   4.5639977231470485e-01	   5.1253921136450475e-01	   6.9421909308749385e-01	   6.5429371038914153e-01	   7.5012845190668220e-01	   7.7390579761286138e-01	   3.2561783727052562e-01	   2.5502988620137662e-01	   7.2566872845363140e-01	   6.3797951277365872e-01	   6.6905146808403071e-01	   7.0124654397256825e-01	   8.6876193914847377e-01	   8.6375916049111434e-01	   7.7422626323511445e-01	   7.8168691515782851e-01	   5.7011199577449734e-01	   6.0044678824144981e-01	   3.9982195453381897e-01	   4.1365016452420883e-01	   8.0154810951344724e-01	   7.8049240017703725e-01	   7.6624847413931885e-01	   7.2097637262721948e-01	   7.4265875689303695e-01	   7.0108130908348998e-01	   4.2620288395626976e-01	   5.8993441299618232e-01	   6.7543430473653054e-01	   7.2557929712804015e-01	   5.2457402173520340e-01	   1.4479474084443300e-01	   5.6925958820715861e-01	   5.0911260603416608e-01	   6.3111183775469004e-01	   6.0801883884981456e-01	   5.4747563185354120e-01	   5.8353069193449791e-01	   6.8786848317570803e-01	   6.3812939698114202e-01	   6.9975827914259736e-01	   6.8131617043715487e-01	   6.5689941550611852e-01	   5.5515305173206708e-01	   7.5607486268640134e-01	   7.5809824536956527e-01	   5.9159393795286119e-01	   5.7192359933830161e-01	   8.0622475039162889e-01	   7.3212681573153215e-01	   8.5447336635295157e-01	   7.9553040906571826e-01	   4.4381119367421940e-01	   4.5115752080429650e-01	   7.3561907936842919e-01	   7.5599938702121583e-01	   8.2454639544425090e-01	   7.5240264626032505e-01	   5.5601732428995920e-01	   6.7558659592367631e-01	   5.7811300210236194e-01	   6.4124633967251454e-01	   7.1764038153687726e-01	   6.5720261038613981e-01	   6.7705039317304094e-01	   6.2025645320215350e-01	   4.5527499940061111e-01	   4.5787613571403851e-01	   3.9396540947250730e-01	   3.2118978504749718e-01	   4.6638277375652692e-01	   5.5214212180961486e-01	   6.7973738714526544e-01	   7.2083654725637325e-01	   7.1029371365462923e-01	   8.0851521176006536e-01	   7.1145978779911345e-01	   7.8019178887433227e-01	   7.4666410757147517e-01	   8.4882230657544511e-01	   6.3552594320001143e-01	   6.9170443036597573e-01	   6.5138810329138275e-01	   6.0674029947056074e-01	   2.5262738598860979e-01	   3.1117679662594566e-01	   5.7844687456876687e-01	   6.7335162323062303e-01	   4.5833800329509822e-01	   6.1092778134983927e-01	   4.0633103007793936e-01	   5.2390694465119148e-01	   6.9997629585067245e-01	   6.7698532753052709e-01	   4.7795189106712721e-01	   5.7762373019367519e-01	   2.7392678720579544e-01	   5.4590239221689096e-01	  -7.8129612970066847e-02	   2.7654348315455590e-01	   5.5587617405722578e-01	   3.7961155484360287e-01	   5.8689360002785418e-01	   6.9793676667317905e-01	   3.6455926016982793e-01	  -3.4554992062386358e-01	
   5.0046557083186127e-01	   3.3941834910031010e-01	   7.1769257252902907e-01	   7.0264623361431022e-01	   0.0000000000000000e+00	   9.3267050623867220e-01	   6.7269518274805939e-01	   5.4025334022528992e-01	   8.8976302816026442e-01	   8.6155853111670455e-01	  -3.0637259492494608e-02	  -2.2870308640907874e-02	   2.6737761323783543e-01	   1.8413390086769421e-01	   7.1114698216510441e-01	   7.7340279119114064e-01	  -7.2601757481369128e-02	  -1.4049660121462113e-01	   6.0525234757384960e-01	   5.0243194466986330e-01	   5.6951880014829837e-01	   5.3727651767330109e-01	   6.3402048130314770e-01	   5.6690521111190173e-01	   8.4629197628099706e-01	   7.3175302011632948e-01	   6.4931232154235408e-01	   5.9919212280420187e-01	  -3.5137320801611950e-02	   1.2610227101635828e-02	   5.1423676666085560e-01	   4.2055562223513548e-01	   3.8312664538615249e-01	   2.6366356786569300e-01	   5.0284486068799217e-01	   3.7910498076319271e-01	   2.5450653246912380e-01	   4.4947175337323703e-01	   6.2045871777497430e-01	   6.7985857837482166e-01	   2.2985341579241209e-01	   1.8509996130691628e-01	   3.0345115937064854e-01	   1.1108245459965746e-01	   4.1447527699904307e-01	   4.6018196063887340e-01	   2.1779967431566954e-01	   2.3774937702546328e-01	   5.2736991087633711e-01	   6.0446560293546658e-01	   4.6025980856077242e-01	   4.8427759691559802e-01	   3.9311337888418962e-01	   3.8664284617046446e-01	   5.3457110057465185e-01	   5.6260798454409766e-01	   4.3924975847754583e-01	   3.7521487095262607e-01	   6.6274628766839727e-01	   6.3173195975907659e-01	   5.7829738198036429e-01	   5.8958600145727491e-01	  -3.5007696416072570e-02	  -4.1124628703914654e-03	   5.1203216980966126e-01	   5.2149651394734930e-01	   6.5923851019941404e-01	   6.0956793287415811e-01	   5.9505682878782284e-01	   6.8855758824318580e-01	   2.0193239907039007e-01	   3.3944861928804054e-01	   3.2038530203888782e-01	   2.8845627291299042e-01	   3.2369602477079695e-01	   2.9673056203215126e-01	   4.4352433462119421e-03	   4.1523050730161722e-02	  -1.9913913502008131e-02	  -1.1597182629148166e-01	   4.0593185050589502e-02	   9.7081405730311987e-02	   6.3009351009446679e-01	   5.4554682705933177e-01	   2.6047687318272600e-01	   3.9613922737410073e-01	   7.2295043637874667e-01	   6.9356712470154436e-01	   6.5051604743489821e-01	   7.6106269424370188e-01	   5.7712234810415342e-01	   6.9875274201302084e-01	   5.9480928326662996e-01	   7.1581867558743761e-01	   1.9856796562476692e-01	   2.9772602789462460e-01	   2.7974080940610269e-01	   4.3755415625290817e-01	   2.6325548359553597e-01	   4.0237537396168438e-01	   5.3215745660023706e-01	   6.5559862949529313e-01	   6.8033453381190478e-01	   7.3318268726830804e-01	   6.6244737033111512e-01	   7.2976761130284973e-01	   3.8007338622040276e-01	   5.7294687304298453e-01	  -8.8842757108488962e-02	   1.1957855864363483e-01	   3.4995613117056668e-01	   1.2401366372930062e-01	   3.9278534602115045e-01	   5.3771225360465780e-01	   4.2517593520631985e-01	  -5.5195781969456965e-03	
   5.9419061623696667e-01	   4.2364056492452729e-01	   7.6602578602537297e-01	   7.8347309010150057e-01	   9.3267050623867220e-01	   0.0000000000000000e+00	   7.3848713069215188e-01	   6.5015292415288084e-01	   8.6662278431963125e-01	   8.6514662788494645e-01	   1.3635875520386503e-01	   1.5152194946002503e-01	   4.2864526816386767e-01	   3.5424960668355304e-01	   7.6749130220182238e-01	   8.2805629751747301e-01	   4.5912019998757367e-02	  -3.4331532544799974e-02	   6.2277707022155759e-01	   5.4517785204475799e-01	   6.3651896381714390e-01	   6.4307724270265065e-01	   7.0732780509875792e-01	   6.6262304011774043e-01	   8.4623423550887611e-01	   7.9100342917247146e-01	   6.8506987025891553e-01	   6.8753578070807309e-01	   1.0330652243733729e-01	   1.3118015624315058e-01	   5.9688907722974727e-01	   5.2823098729323159e-01	   4.6212418159755408e-01	   3.7235156060388225e-01	   5.2789310254325950e-01	   4.2447604915059894e-01	   3.2467564393554699e-01	   5.2532591095306924e-01	   6.6310238639576535e-01	   7.3416386495544439e-01	   3.7869478173516724e-01	   1.5085286102375994e-01	   3.3630600180105974e-01	   1.9277593497623868e-01	   4.1379168744089156e-01	   4.4563517605543140e-01	   2.9285615438590484e-01	   3.2034326876235852e-01	   5.3107542138664388e-01	   5.7744322160698758e-01	   5.1495635519447924e-01	   5.2675133714988032e-01	   4.6710486668713069e-01	   4.3583083196440375e-01	   6.0004289360162322e-01	   6.3336146737953791e-01	   4.9994551777249963e-01	   4.7375583964607837e-01	   7.5307830278535171e-01	   7.2655331629017295e-01	   6.8713830038056778e-01	   6.8882388426163343e-01	   8.4740872636523301e-02	   1.0633370090857942e-01	   5.6409776795224642e-01	   6.0030799489963460e-01	   7.1703078248231811e-01	   6.3753774085857351e-01	   6.6499933009768997e-01	   7.2880485008106421e-01	   3.3453611864722821e-01	   4.3052617589631359e-01	   4.4683696607209267e-01	   4.0431173481769067e-01	   4.6416003790223803e-01	   4.1189971133436099e-01	   1.1456123363212337e-01	   1.4632171829341373e-01	   9.8256277741024522e-02	   4.1197970545833488e-03	   1.7885772584925555e-01	   2.2095920660500301e-01	   6.4903672001465140e-01	   5.9539316081008065e-01	   3.9378345294346406e-01	   5.1917081158883160e-01	   7.3443868525860390e-01	   7.5882456751404526e-01	   7.1332791990037181e-01	   7.8522172144984992e-01	   5.6936231338628074e-01	   6.6271426024241031e-01	   5.7698336072204848e-01	   6.5511964404413714e-01	   2.0690345311690816e-01	   2.9972835148714372e-01	   3.3277750279860646e-01	   5.0374898768536291e-01	   2.7922944112764247e-01	   4.5760767500694233e-01	   4.7320170063575434e-01	   6.2604419107563170e-01	   7.1010785280717792e-01	   7.3484111880330583e-01	   6.2565067495557336e-01	   7.1937536701269122e-01	   3.3562330051702211e-01	   5.5541324879651777e-01	  -1.3070929443015511e-01	   1.7244489227592902e-01	   3.6819434142322405e-01	   1.4508620625827628e-01	   4.1342212493008734e-01	   5.7607653824830718e-01	   3.8132675733414523e-01	  -1.5364927570743026e-01	
   6.6771622875497394e-01	   4.4835430980931340e-01	   9.6104075922202736e-01	   9.1394727574258905e-01	   6.7269518274805939e-01	   7.3848713069215188e-01	   0.0000000000000000e+00	   8.8594658801092074e-01	   5.3617871182342880e-01	   5.7771343551946852e-01	   4.9360337722164083e-01	   4.5350618107276364e-01	   7.1662488047879680e-01	   5.9700462285280465e-01	   7.5101417488589228e-01	   7.3614116403361751e-01	   2.1238699966490454e-01	   9.8753164943477995e-02	   5.7249740723823717e-01	   4.4894638015998994e-01	   6.9044000705524688e-01	   7.0743949520136917e-01	   8.7154862917135623e-01	   8.0129826627771561e-01	   7.9746703075203418e-01	   7.6777974390270354e-01	   6.0545101861690598e-01	   6.2591933905568753e-01	   3.1952605945600282e-01	   2.7032956756521354e-01	   7.6014616356846065e-01	   7.1245204155435737e-01	   6.4900416092142987e-01	   6.0179361607447079e-01	   7.3738624122667673e-01	   6.3095066265184019e-01	   4.4734508721001842e-01	   5.0182439481900332e-01	   6.4334989737759229e-01	   6.4021670627631577e-01	   5.1480491313758225e-01	   9.0215117698746738e-02	   4.9574611225379717e-01	   4.5885002063382008e-01	   5.4544386947416201e-01	   4.9759124007177480e-01	   5.3998041535366093e-01	   5.4763903230592870e-01	   6.1779999235899252e-01	   5.9033255390024042e-01	   7.1066771652178162e-01	   6.7456385241233574e-01	   6.8796039873346460e-01	   6.0201019767777120e-01	   7.1863891821847914e-01	   6.9094716612684637e-01	   4.0604244922266974e-01	   3.7250926329904843e-01	   7.2872495406891535e-01	   6.2195093018249215e-01	   8.7619110405519363e-01	   7.7996312748414920e-01	   3.4572276737176538e-01	   3.7297018805970406e-01	   8.0839427188946278e-01	   7.7075564140404673e-01	   7.2097388268441953e-01	   6.2167242489162744e-01	   3.9102896960085565e-01	   5.3704215259682742e-01	   5.6727604690254574e-01	   5.7961076670554013e-01	   6.4741517135991011e-01	   5.5570968302188839e-01	   5.8923750923935259e-01	   5.0774268918347920e-01	   3.6597742259205368e-01	   3.4314595782368323e-01	   3.0129910318421327e-01	   1.7632196498857550e-01	   3.8402046833451975e-01	   4.4050508604763161e-01	   5.8368700548577723e-01	   6.0079402442213903e-01	   6.9997590356244732e-01	   7.5181463756183708e-01	   6.4550370535522050e-01	   6.6124935857065026e-01	   7.4009971896430149e-01	   7.6796861207002387e-01	   6.1542542800512456e-01	   7.0501931374019045e-01	   6.5797309936846038e-01	   6.2796979833257693e-01	   3.0817444292347307e-01	   3.3285412273915116e-01	   5.3495256484165754e-01	   6.0091715987915462e-01	   3.9957462014512146e-01	   5.2991469531456070e-01	   2.6592656569450196e-01	   4.4414117469533587e-01	   5.7459203225967415e-01	   5.5979763389544712e-01	   4.5138201510897785e-01	   5.5654017426952040e-01	   2.2514159016065452e-01	   5.0673300777160935e-01	  -9.4983618571114287e-02	   2.2965115298195282e-01	   5.0599963544378612e-01	   3.4498566784231965e-01	   5.9557012338213711e-01	   6.6998771502484999e-01	   4.0207296477947030e-01	  -2.8011957040942143e-01	
   7.3433672575939124e-01	   5.6640280609122529e-01	   8.4700874391756553e-01	   9.1746764850204487e-01	   5.4025334022528992e-01	   6.5015292415288084e-01	   8.8594658801092074e-01	   0.0000000000000000e+00	   4.9258285329323659e-01	   5.6440872967729872e-01	   6.2544384713381784e-01	   6.7565719213532194e-01	   7.8123794962809590e-01	   7.8153835344347100e-01	   6.1034414370263324e-01	   6.1180719920829396e-01	   4.2203401953829361e-01	   3.7952721078039264e-01	   6.3796858148268842e-01	   5.7566528040683396e-01	   5.8323387108931168e-01	   6.4140235327706274e-01	   7.9431649974377161e-01	   7.9225641076976627e-01	   6.4692160435294277e-01	   6.8612130018247319e-01	   4.1133245528072260e-01	   4.5845281539765104e-01	   5.1993908907934727e-01	   5.3337842146110059e-01	   7.6906562709589021e-01	   7.8746369682334560e-01	   8.0583144500664061e-01	   8.0964927607927073e-01	   7.3591934366636536e-01	   7.2992830529513886e-01	   4.0794651810615334e-01	   5.5314880371966135e-01	   5.3367238011282103e-01	   6.0907633652215032e-01	   5.2308833762334161e-01	   1.4243569363884648e-01	   5.4589550593761216e-01	   5.5872670043603334e-01	   5.9582156253414320e-01	   5.5587803811248460e-01	   5.7655734042136941e-01	   6.2810152058425728e-01	   6.2247297282158609e-01	   5.3381088654131625e-01	   6.7173255322818481e-01	   6.4839876892298187e-01	   6.5604604501742692e-01	   5.5366696000755566e-01	   7.1702913896332321e-01	   7.2610259395621823e-01	   5.0344356113676181e-01	   5.1442437073371816e-01	   7.5007167201851155e-01	   6.7319560913929699e-01	   8.7439699933442694e-01	   8.1930772024998255e-01	   5.8052277348150638e-01	   6.1881840184875359e-01	   6.6483463671917531e-01	   7.6569380198483827e-01	   7.8678828405040979e-01	   7.0966182283916512e-01	   4.5208444827276267e-01	   5.6255676650271125e-01	   6.6026711373317892e-01	   7.0585239022264157e-01	   7.9246332435756672e-01	   7.2623145817911594e-01	   7.3955054236108175e-01	   6.5559629015349374e-01	   6.0179565068218432e-01	   5.8078455054442846e-01	   5.2335055988269974e-01	   4.5577283441796623e-01	   5.7080594439823040e-01	   6.5571076630697378e-01	   6.3788535244005029e-01	   7.4393290492594133e-01	   7.7810191025437137e-01	   8.4120080180408963e-01	   5.9602280517968542e-01	   6.9056712901956330e-01	   6.6004282537563308e-01	   7.4126845141334474e-01	   6.0020258885415334e-01	   6.5303760860144633e-01	   6.2673671463222791e-01	   5.4499805225176345e-01	   2.3815592351603304e-01	   2.4798053332550135e-01	   6.0420877758289171e-01	   6.4640657535032620e-01	   4.8354862290270034e-01	   6.0979096622610651e-01	   3.2426383345871607e-01	   4.0733228903861118e-01	   6.1891005005548339e-01	   5.5851727354970437e-01	   3.9328675451963768e-01	   4.6082036226972284e-01	   1.0381808083650933e-01	   4.1576361266025003e-01	  -9.4984750688133390e-02	   2.6329512553699663e-01	   5.5389977495216658e-01	   4.5390943118341825e-01	   6.2258372968310649e-01	   6.8348824410625753e-01	   3.1983632611503610e-01	  -3.8731807843506749e-01	
   5.0444051367689746e-01	   4.0777891283839984e-01	   5.6561550391544524e-01	   6.1536119495426178e-01	   8.8976302816026442e-01	   8.6662278431963125e-01	   5.3617871182342880e-01	   4.9258285329323659e-01	   0.0000000000000000e+00	   9.2252505824907516e-01	  -8.5606566382229160e-02	  -1.7565826091559225e-02	   1.6495031853625056e-01	   1.5312006239263795e-01	   5.3948551808267786e-01	   6.2205732881472331e-01	  -1.5998794787528334e-02	  -1.5947338960538529e-02	   6.6017933323906930e-01	   6.1163357664683637e-01	   3.0004883296872908e-01	   2.8416740667992380e-01	   5.3872361348580422e-01	   4.7523050687196888e-01	   6.5056095885318888e-01	   5.4903061083816274e-01	   3.8348801998542725e-01	   3.5456989647349735e-01	  -4.1605025007534227e-02	   5.9165920187313599e-02	   4.0329410484028361e-01	   3.4200107611876340e-01	   4.5205545623977783e-01	   3.3183919113590610e-01	   4.4763794953220581e-01	   3.6654100162567649e-01	   1.4207601625111077e-01	   4.0813740099090678e-01	   5.4706855574681490e-01	   6.4616477290904073e-01	   1.8255008686160368e-01	   1.5378361668090307e-01	   2.9999194364599624e-01	   8.2506292268059361e-02	   3.7153569955777110e-01	   4.5615680920569857e-01	   1.7488038024419111e-01	   2.0526089320651722e-01	   4.6148359923997828e-01	   5.9006614442324112e-01	   3.8630416153088498e-01	   4.4982801397196842e-01	   3.0443760380365253e-01	   3.3425648659851043e-01	   4.4875365324386080e-01	   5.3315158087808689e-01	   4.9815888742686043e-01	   4.3827172949159160e-01	   5.9792510830837542e-01	   5.9660650096401957e-01	   5.1166742129853349e-01	   5.6079610034818650e-01	   5.4996280027478035e-02	   3.2672873759974977e-02	   4.2539501774709820e-01	   4.7940374101380379e-01	   6.6881582505872128e-01	   6.2897585963868341e-01	   6.4487639000860930e-01	   7.3837668110601162e-01	   8.9205911201895097e-02	   2.4137395825387270e-01	   3.1294252687105195e-01	   3.2464347077034561e-01	   3.8636911102891830e-01	   3.9337365582976869e-01	   8.4510419192574140e-02	   1.4177197544610087e-01	  -5.7764027338940436e-04	  -1.4622041640556835e-03	   7.5481785855547823e-02	   1.3804656465044052e-01	   5.7860514358437198e-01	   4.9580354397288956e-01	   2.1470605769792372e-01	   3.5863236535498794e-01	   5.6996389858912289e-01	   5.7268003802210421e-01	   5.1825181126997788e-01	   6.3430529926800761e-01	   5.6459561256858970e-01	   6.6735831984482330e-01	   5.1774464177687185e-01	   6.4964486266687449e-01	   2.0568323035104319e-01	   3.5925623090883485e-01	   2.9224671244285383e-01	   4.6759348158278069e-01	   2.8163566109052707e-01	   4.4301339993722672e-01	   4.9931735823895040e-01	   6.5795908234710565e-01	   6.4253520377238593e-01	   7.5909120445293976e-01	   6.0949791666080899e-01	   7.1572094149389676e-01	   3.4657966334639567e-01	   5.3910933536155681e-01	  -3.7079674023640923e-02	   1.8548421050213901e-01	   3.6248026079465906e-01	   1.6869338596746225e-01	   3.8747208858568677e-01	   5.4643559543613940e-01	   4.2364228284689343e-01	   3.0218190128897950e-02	
   5.6904963539924758e-01	   4.2880636005834000e-01	   6.0440043959302125e-01	   6.4776256967766543e-01	   8.6155853111670455e-01	   8.6514662788494645e-01	   5.7771343551946852e-01	   5.6440872967729872e-01	   9.2252505824907516e-01	   0.0000000000000000e+00	   4.6163949763794142e-02	   6.8437556302319361e-02	   2.6137601210964412e-01	   2.1628508052119508e-01	   5.6480665467329749e-01	   6.8968245922897586e-01	  -1.4027454635752766e-02	  -3.0980887855065815e-02	   6.5661093353526279e-01	   5.9934367925964960e-01	   2.7713622804967952e-01	   2.7364525573565179e-01	   5.2331907043945902e-01	   4.4771454732517446e-01	   6.1772844992510956e-01	   5.1305271959000609e-01	   3.6569271378896373e-01	   3.5992709745122275e-01	  -3.2703223650612907e-02	   5.1602965708587259e-02	   3.7802993111412048e-01	   3.2513454210089721e-01	   4.2216668633711718e-01	   3.2208753914878469e-01	   4.3061952542210397e-01	   3.4587538754149755e-01	   1.6116423536504315e-01	   3.7540638730188336e-01	   5.0319140526966488e-01	   5.8245604636712534e-01	   1.7028236422043114e-01	   1.7152888474001868e-01	   2.9369016042201279e-01	   1.0563577748009334e-01	   3.5633246637010452e-01	   4.5455926245381456e-01	   1.8496042794622236e-01	   2.1813702206299046e-01	   4.6238602989118327e-01	   5.9397930944833455e-01	   4.1760431400176456e-01	   4.7456069447223553e-01	   3.3124512882149448e-01	   3.7260038923683547e-01	   4.7338168231608724e-01	   5.3625436051655317e-01	   4.9327423655207403e-01	   4.6237002301426666e-01	   6.7721541873062496e-01	   6.5924202184631242e-01	   5.9016511664812543e-01	   6.0779074214685935e-01	   4.4775260237426395e-02	   8.0398490997359642e-02	   4.2404130306629972e-01	   4.7943891888248208e-01	   6.5644780281326087e-01	   6.0470924324313002e-01	   6.4203179586099191e-01	   7.2560672921130931e-01	   1.3062840180933674e-01	   2.7193900955310180e-01	   3.4328034341439728e-01	   3.2206561201551454e-01	   3.9149974094937112e-01	   3.6612402416258494e-01	   1.2851745914229593e-01	   1.6303181403391820e-01	  -2.8534930797986871e-02	  -1.6859287708074717e-02	   6.4808933162772503e-02	   1.2031783967148565e-01	   5.5190769962891362e-01	   4.7106603315075868e-01	   2.4379436379291466e-01	   3.5674952655440439e-01	   5.6237516729138115e-01	   5.5621141673315033e-01	   5.8444840999322156e-01	   6.7233325262444044e-01	   5.8061500863749838e-01	   6.7198406356375073e-01	   5.8714524758724218e-01	   6.8478537265330186e-01	   1.4748356302401924e-01	   2.5397757838861013e-01	   2.8805533342624301e-01	   4.2390026776876882e-01	   3.0903046246496074e-01	   4.4691818491305962e-01	   5.6274340378456200e-01	   6.5676652067226682e-01	   7.0856893391707965e-01	   7.4207428176930790e-01	   5.7121582442200969e-01	   6.6153999703009014e-01	   2.9615521498852038e-01	   5.3282215320392423e-01	  -1.1622249093140587e-01	   5.3137270707710418e-02	   3.0756383689152433e-01	   1.6723500548087991e-01	   3.9984328484122844e-01	   5.3286224220465883e-01	   3.1728500574929719e-01	  -8.5229024160802885e-02	
   5.5931336552656219e-01	   4.8898063018076204e-01	   4.2250966315230998e-01	   4.5639977231470485e-01	  -3.0637259492494608e-02	   1.3635875520386503e-01	   4.9360337722164083e-01	   6.2544384713381784e-01	  -8.5606566382229160e-02	   4.6163949763794142e-02	   0.0000000000000000e+00	   8.8883542747446587e-01	   8.7901897879150304e-01	   8.2301713644857499e-01	   3.7112951398691141e-01	   3.0481239634130547e-01	   7.3146987362061533e-01	   6.3408259287460167e-01	   2.3873252897603559e-01	   2.5333412228986685e-01	   3.3322505303792371e-01	   4.2716623007966081e-01	   4.1030335390844375e-01	   4.2793090351477575e-01	   2.4780355475914045e-01	   3.6220678411909091e-01	   2.5499063640666203e-01	   2.9649804068544550e-01	   7.5740728199101226e-01	   6.8522009212786317e-01	   4.6018178450634267e-01	   4.9881750139273207e-01	   4.9472843872465067e-01	   6.0112308359495026e-01	   3.6312348965362495e-01	   4.5838687055663768e-01	   5.0514359095810968e-01	   4.2199131843663934e-01	   3.6135864207196816e-01	   3.2271838014903093e-01	   5.6456363581490221e-01	   1.9474996430190433e-01	   4.4391953752885693e-01	   6.0259556024589878e-01	   3.2946497792747659e-01	   2.2258582627045442e-01	   6.4940914439764585e-01	   6.4036017899222253e-01	   3.3127664562127579e-01	   1.5287008916706613e-01	   4.5020341598527946e-01	   4.1984351761719146e-01	   6.1827885749613243e-01	   4.6502746279115870e-01	   6.2436924065267685e-01	   5.6310336955809515e-01	   3.7162124249567174e-01	   4.4525196890932461e-01	   4.7958562171016444e-01	   3.8309607823280500e-01	   6.3210139790007713e-01	   3.8059380758291123e-01	   6.9728650485422794e-01	   7.3237718386193318e-01	   2.9445255139334592e-01	   3.2217599017896714e-01	   3.3487413009864359e-01	   2.7706273111606128e-01	   1.4194761404865547e-01	   9.5999982869958964e-02	   6.0119492671081776e-01	   5.2778507077607362e-01	   7.2614146075567831e-01	   6.6531424162791863e-01	   6.4778524778444191e-01	   5.8257652917891423e-01	   7.0726971954324003e-01	   6.4675097105696699e-01	   6.9223267158498247e-01	   6.3167546859887580e-01	   7.4419109416542673e-01	   7.3841547108827355e-01	   3.6006406475617903e-01	   4.5324656665172469e-01	   7.7998695861796274e-01	   6.6329143461551809e-01	   2.5630773487867209e-01	   3.0265108313805050e-01	   5.3632157867773267e-01	   3.8225510594573597e-01	   3.3048488374951662e-01	   2.6555430629887949e-01	   3.4614823092609825e-01	   2.0285009299371420e-01	   2.4340141230431006e-01	   1.7804031415154742e-01	   6.0171775460781340e-01	   5.3113555202965312e-01	   5.1591264031621020e-01	   5.2621468121722748e-01	   8.1218118952374213e-02	   1.1474465299978497e-01	   3.0235908606009554e-01	   1.8123589295289644e-01	   9.3285725188769153e-02	   1.1681715210549820e-01	   8.3433566111530688e-03	   2.7926720468130972e-01	  -5.4394552714640977e-02	   2.8401318165639999e-01	   4.3684338609569279e-01	   5.1926721381925756e-01	   5.1556343884070543e-01	   4.4397474912233703e-01	   1.9959089300015603e-01	  -3.5283667918613792e-01	
   6.5081298785343045e-01	   6.3071677895853195e-01	   3.7719845899699544e-01	   5.1253921136450475e-01	  -2.2870308640907874e-02	   1.5152194946002503e-01	   4.5350618107276364e-01	   6.7565719213532194e-01	  -1.7565826091559225e-02	   6.8437556302319361e-02	   8.8883542747446587e-01	   0.0000000000000000e+00	   8.2754375495335497e-01	   9.4099078168801242e-01	   3.2235295035718015e-01	   2.9197358667057832e-01	   7.4697147525358099e-01	   7.4448395711644832e-01	   4.3320166664249071e-01	   4.8419938771586468e-01	   3.0209405739041362e-01	   4.1492314924113705e-01	   3.9348804126037584e-01	   4.5792700883944226e-01	   2.2432175144624991e-01	   3.7188435428080480e-01	   1.8568302176362511e-01	   2.3647779103148986e-01	   8.0160344224710245e-01	   8.0748811755635885e-01	   4.8780727499059789e-01	   5.4510902321253873e-01	   6.1403377860781061e-01	   7.0376354210265124e-01	   2.8670510387058268e-01	   4.3779968839556394e-01	   3.5923845094347928e-01	   4.4696225273436574e-01	   3.0276389972947576e-01	   3.4349695118577833e-01	   5.9345237867348233e-01	   1.4087846200517889e-01	   4.6020915231408832e-01	   5.8429831948914812e-01	   3.6395992705564884e-01	   3.1073126423405983e-01	   5.7332737565399361e-01	   6.1360850269469358e-01	   3.8690059455647929e-01	   2.0360591470412631e-01	   4.7120119149948525e-01	   4.4009720221828824e-01	   5.6720768199952909e-01	   4.5392317791787173e-01	   5.8354073504105985e-01	   5.6787567310223230e-01	   4.3263716192348245e-01	   5.4338182249175515e-01	   4.7339180563307215e-01	   4.3195522030047417e-01	   5.8013723873931600e-01	   4.3521701927325163e-01	   7.8476951164127007e-01	   8.3028140263674521e-01	   1.7258460370931533e-01	   3.1659369412167265e-01	   4.0294698525557776e-01	   3.7039242808305406e-01	   2.7943894223432780e-01	   2.4715997890738076e-01	   6.0971900102327403e-01	   5.8297908649575836e-01	   8.0249516495328876e-01	   7.7929907404151399e-01	   7.7461110649754006e-01	   7.2713692249962425e-01	   7.1267828717834425e-01	   7.0129265743419245e-01	   7.3297087594613619e-01	   6.8957513909339629e-01	   7.8181145166286614e-01	   8.2718626240847792e-01	   4.5085645579486699e-01	   6.0336559231238163e-01	   7.1890144704631975e-01	   7.3123248647872963e-01	   2.7632665721807292e-01	   3.9743077220156658e-01	   4.3479756785735790e-01	   4.0524283658854676e-01	   3.3619246862595303e-01	   2.7673749752160515e-01	   3.1417247759118155e-01	   1.9056830648626449e-01	   2.2933000559361610e-01	   1.9389447006432073e-01	   5.6296892470295623e-01	   5.2433660979573793e-01	   5.0216502069622782e-01	   5.4513847081184130e-01	   1.6320660963606351e-01	   1.9292701576784577e-01	   3.4519743725277929e-01	   2.6961277524229199e-01	   7.0378511402118912e-02	   7.8154611922589823e-02	  -4.3315370665075945e-03	   2.7337227037553496e-01	  -7.3473665581288164e-02	   3.2347461055594234e-01	   4.2205238435950099e-01	   5.0105629147925412e-01	   4.4453990275877736e-01	   4.3375129980725685e-01	   1.3364968835304597e-01	  -3.8115165726422107e-01	
   6.4290770233438344e-01	   5.3295392051196799e-01	   6.5991675526784677e-01	   6.9421909308749385e-01	   2.6737761323783543e-01	   4.2864526816386767e-01	   7.1662488047879680e-01	   7.8123794962809590e-01	   1.6495031853625056e-01	   2.6137601210964412e-01	   8.7901897879150304e-01	   8.2754375495335497e-01	   0.0000000000000000e+00	   8.8005855950712608e-01	   6.7143876993722473e-01	   5.8120829534751584e-01	   5.7981930293929451e-01	   4.8555393107048417e-01	   4.1291864353895263e-01	   3.7353820313110131e-01	   5.9006777676122768e-01	   6.7744179519716652e-01	   6.4293704837316412e-01	   6.4803517789993759e-01	   5.3538847322203820e-01	   6.3247996989606459e-01	   4.7990185649179251e-01	   5.1291265761949467e-01	   7.4526240969072632e-01	   6.6728411580948688e-01	   6.4046908889934340e-01	   6.4905894651502294e-01	   5.7383451416610354e-01	   6.2824232251719181e-01	   5.0243906880108125e-01	   5.4207275869455884e-01	   6.2000284185267152e-01	   6.0334627024146092e-01	   5.8106791314401152e-01	   5.7431267287177723e-01	   7.0841021008386684e-01	   2.9892556971521761e-01	   4.8397944689748107e-01	   5.6841123398841464e-01	   4.3288586299665344e-01	   3.5498180264068990e-01	   6.6288755716701520e-01	   6.5592420892518999e-01	   5.0253126606786824e-01	   3.5604891224754903e-01	   6.0768085997086796e-01	   5.6687426433833421e-01	   7.1191430362742936e-01	   5.6280284731240326e-01	   7.5567029866417390e-01	   7.0250520289751839e-01	   3.8994647416943107e-01	   4.8252804710045122e-01	   6.1276414267835366e-01	   5.3210627619701534e-01	   7.3190097303131052e-01	   5.5386854920876138e-01	   5.9132833144768027e-01	   6.1593560278166604e-01	   4.8143610818896698e-01	   4.8251091908130489e-01	   4.7459071641720524e-01	   4.1138057056667965e-01	   2.7607903136538237e-01	   2.8454270114370972e-01	   7.2556845562414951e-01	   6.7193421414381893e-01	   8.1199179662779308e-01	   7.4893723660476419e-01	   7.2386162105856799e-01	   6.6694121399339912e-01	   6.4767397935253967e-01	   5.9533500497054403e-01	   5.7300825030313396e-01	   5.1095259484159838e-01	   6.8869407017118123e-01	   7.0411392745550594e-01	   5.8245217779863734e-01	   6.6845390153102713e-01	   8.3465747889874153e-01	   7.9627478497681548e-01	   5.4750829615453800e-01	   5.9910660922232073e-01	   7.1861553347035689e-01	   6.3483407255750612e-01	   4.6219891541321789e-01	   4.3241204098965502e-01	   4.8604114300453227e-01	   3.6290919913309166e-01	   2.8988378945338511e-01	   3.0624570177794197e-01	   6.3551228887199329e-01	   6.2504933519200279e-01	   5.0663163356855978e-01	   5.7962585536067235e-01	   1.6982327153276577e-01	   2.4949483004584033e-01	   4.5707896894405747e-01	   3.4128124916571551e-01	   2.0265046180161395e-01	   2.5831892227708780e-01	   1.2000092956033161e-01	   3.9990261952666339e-01	  -1.1905046521813964e-01	   2.7920637006797033e-01	   4.7634354124624062e-01	   4.6296471146231644e-01	   5.4919529631390873e-01	   5.7575820053999693e-01	   2.5521833494976287e-01	  -4.4179810913017437e-01	
