   0.0000000000000000e+00	   7.2659229303288608e-01	   6.3311676970550046e-01	   7.5334051242921829e-01	   2.6027857118736764e-01	   2.6681577594463962e-01	   5.8280188910721953e-01	   5.3484558003253380e-01	   3.0802401101232069e-01	   1.8158404640981116e-01	   6.5709634029066344e-01	   5.2347856152611660e-01	   5.2201982034051397e-01	   3.5076595434097679e-01	   5.6825492224481244e-01	   4.2303279870355992e-01	   5.1666768192599521e-01	   3.5615762775862503e-01	   8.4003767401565232e-01	   7.7288957910997647e-01	  -1.1372396760285852e-01	  -6.3741494134582459e-03	   3.0675260774179686e-01	   4.8805321590612161e-01	  -1.6065527452654513e-01	  -1.7900711421760418e-01	   2.1410556279169435e-01	   1.8536452420593202e-01	   3.1322403212555172e-01	   2.2352149225431833e-01	   1.6576725951479122e-02	   8.6433832824289514e-02	   5.0355215215055027e-01	   5.7887039520480044e-01	   1.8624756900834843e-01	   3.0520853410657323e-01	  -5.3583717601589198e-02	   1.8365783204749971e-02	   2.0269216794056050e-01	   2.3725945115770394e-01	   2.5058373686301427e-01	   3.8595556831078004e-01	   3.3212927163064071e-01	   3.1004735409316875e-01	   2.0583069766856155e-01	   2.9819930062178185e-01	   3.2089959696340509e-01	   3.8716222748462154e-01	   1.2974140437281956e-01	   2.1922370344121944e-01	   3.2322233058672678e-01	   2.4173928601496342e-01	   4.8615668667524825e-01	   2.1194869447376163e-01	   4.4202818516411269e-01	   5.2876366527336405e-01	   8.8945213452001581e-01	   7.3522032771506352e-01	   4.1180335087829639e-01	   5.3952238737403202e-01	   5.1856248917085246e-01	   3.8562693968727174e-01	   4.9566094886715095e-01	   6.6913501912437134e-01	   2.7552624715481527e-01	   4.9635046908199310e-01	   2.4757809941584796e-01	   4.0595731053533957e-01	   4.5101041387873686e-01	   4.0018194834472287e-01	   4.5863780252279096e-01	   4.5325023635376993e-01	   6.0748755461554782e-01	   5.0934509971329578e-01	   6.0200709760404947e-01	   4.7887981276050939e-01	   5.3038075447725930e-01	   3.2154150958126815e-01	   2.8380480515547668e-01	   2.2472914960754559e-01	   4.8331715752001880e-01	   2.9002019524071143e-01	   4.5216315131595414e-01	   1.9419252808581378e-01	   2.3529618109211103e-01	   6.3543772855211911e-01	   5.6926139072912485e-01	   5.8206485604256031e-01	   4.6306726378095470e-01	   5.6334192358871382e-01	   3.1654073133171928e-01	   1.7226706161410818e-01	   4.6212452165669315e-01	   2.9998573878303320e-01	   2.3554123231422301e-02	  -1.6520443146424320e-02	   1.4116916623510606e-01	   5.4078947202341343e-01	   4.5707637279696306e-01	   4.7212109903104799e-01	   5.7290061827122629e-01	   4.2345846062957626e-01	   6.1210393401516505e-01	   7.1633981191069185e-01	   1.2350094495732852e-01	   1.6342436679816269e-01	   4.9195774843673223e-01	   1.9474651940959922e-01	  -2.0001433968748911e-01	   8.8192055023583026e-03	   4.0696993818510052e-01	   4.3227388076925488e-01	   1.4592813584023359e-01	  -5.9010984861826321e-02	  -9.3095955548127482e-02	   2.2456363850628014e-01	
   7.2659229303288608e-01	   0.0000000000000000e+00	   4.8378811883378670e-01	   6.2605365979988115e-01	   2.1341419800254030e-01	   2.4886214578950322e-01	   4.8344043030705069e-01	   4.5841707720297453e-01	   2.5192710935320151e-01	   1.3048966643218396e-01	   4.0612801642915142e-01	   3.7645864326560041e-01	   3.0587793242522665e-01	   2.7927598680866994e-01	   4.5375643634249330e-01	   3.2085010946797016e-01	   3.7190308042210901e-01	   3.1702999557633516e-01	   7.0178976983700425e-01	   7.4356076154270545e-01	  -8.0055156077058445e-02	  -8.2072945440233774e-02	   2.4379404835457014e-01	   4.2903932191346988e-01	   2.0145706677031083e-02	  -6.2323594846113342e-02	   2.9833733518567485e-01	   3.9846271940770345e-01	   2.3962603678297162e-01	   1.3905172655218320e-01	   2.3856494487969446e-03	   9.6271639295715267e-03	   6.2234075251782761e-01	   6.0654290764269403e-01	   3.3548450687964243e-01	   3.9758991788797382e-01	  -9.4863702851145343e-02	  -5.1215132343830724e-02	   2.0883476127166409e-01	   1.9857493516693855e-01	   2.0966990138608244e-01	   3.2270560346873584e-01	   5.5585693621450494e-01	   5.5057978832171861e-01	   5.0501690815629741e-01	   5.2694833073530933e-01	   4.1798480231415669e-01	   5.4312425629262995e-01	   4.9406406145838200e-01	   4.9109505610430937e-01	   4.8697190968165405e-01	   4.5132651882366737e-01	   4.1871599357014155e-01	   3.5555648534304829e-01	   5.0328225527188064e-01	   5.2948130369334367e-01	   7.8019586395310725e-01	   8.0963774906748498e-01	   4.7179068088706766e-01	   5.0996401027976135e-01	   4.0991111731907548e-01	   3.1492648314063687e-01	   3.8110631925735461e-01	   4.2612317509943620e-01	   3.5073194728630563e-01	   4.6710476072269552e-01	   3.2439223025805164e-01	   3.8383798177933648e-01	   5.5012453979489595e-01	   4.6893675914981664e-01	   2.6121738283938406e-01	   3.8498918479823557e-01	   3.5323045498625216e-01	   4.0399213940442735e-01	   3.5273615907321604e-01	   3.2947466596312835e-01	   3.5433877675797087e-01	   3.7225228762942109e-01	   2.6608905908414210e-01	   2.2727175515716475e-01	   3.7271005109470190e-01	   4.2371698350328768e-01	   4.8738672641785630e-01	   2.4361160803676893e-01	   1.5539392766727486e-01	   5.1558656204996267e-01	   5.9430416612459758e-01	   7.0345264107096783e-01	   4.7924801227678759e-01	   4.7525270951517662e-01	   3.9881302794723195e-01	   2.2881431382013767e-01	   4.5967335889086663e-01	   3.3928802852146328e-01	   7.0641478084136566e-02	   1.2077741695901210e-03	   1.8645702283660842e-01	   2.5015264831786066e-01	   5.7879770694847732e-01	   4.3491030065697600e-01	   5.6257874465519497e-01	   5.0666830605533486e-01	   6.5129012024226718e-01	   5.9158467934358816e-01	   2.5400877528673571e-01	   2.4598395849928725e-01	   5.3676738079180664e-01	   9.8206055142087453e-02	  -1.7519250758360638e-02	   6.3592910836040739e-02	   3.6268762103449870e-01	   4.5843027244098711e-01	   1.2843246521357363e-01	  -3.7697081985554867e-02	  -7.5835050390620481e-02	   9.1657654520608575e-02	
   6.3311676970550046e-01	   4.8378811883378670e-01	   0.0000000000000000e+00	   6.9216849912900602e-01	   6.3045094864829843e-01	   3.6413841871902752e-01	   9.0565724792732238e-01	   5.2235476739659259e-01	   6.5934179774098201e-01	   3.6755437539069796e-01	   6.5203292913572497e-01	   2.4251432422050270e-01	   5.7227723788689389e-01	   2.4914587068347357e-02	   6.2080347446690709e-01	   2.1034304466830792e-01	   3.2664526297201724e-01	   2.4329106063488751e-01	   7.9219335309898253e-01	   6.4196940684404868e-01	   2.4109762846237734e-01	   8.7664496614069415e-02	   6.2562017154424943e-01	   4.0752284818846463e-01	   3.2717914069394555e-01	   1.3981815917763293e-01	   3.9204755077172448e-01	   3.1826588763663266e-01	   2.7090456717524769e-01	   8.4008994465685688e-02	   3.2157268161302288e-01	   2.8195618547771806e-01	   6.7605834898991279e-01	   5.9906638551005487e-01	   4.3678396478998882e-01	   4.3056637523281649e-01	   1.0088396393653550e-02	  -1.6494195285835851e-02	   5.4337521775424191e-01	   2.9252493270064323e-01	   1.7182416215358520e-01	   2.6731672066939960e-01	   1.9879898083233638e-01	   1.4178972417011013e-01	   1.1205411604490201e-01	   1.6888190070230957e-01	   2.8580105706210790e-01	   3.2764988793549099e-01	   4.0897889198944201e-02	   2.3078896034539384e-01	   3.1881181206514142e-01	   3.8285782273691593e-01	   5.1331428538613644e-01	   4.2435145799540963e-01	   5.0055664356789320e-01	   5.3970599765844951e-01	   5.8941197042157301e-01	   5.8422700566566488e-01	   4.9729083318225575e-01	   5.0052997442677527e-01	   6.8468141359387036e-01	   3.1290639444680335e-01	   6.3950629609021470e-01	   5.3150411905558015e-01	   5.4372071242150577e-01	   4.9862111085682531e-01	   6.0836726020009324e-01	   5.8437526637832093e-01	   4.4649476341171951e-01	   4.4182596107375449e-01	   2.0464827299009014e-01	   3.2052698817461095e-01	   4.6647951374152541e-01	   2.5851668260235799e-01	   3.9335974110326466e-01	   2.5852961844758476e-01	   4.9659711436432574e-01	   2.2668925316950800e-01	   2.8967163733493817e-01	   1.7155244333008854e-01	   4.1999447096518244e-01	   7.6086088809880659e-02	   4.4309236868231849e-01	   9.0882932572261058e-02	   5.1217351810047418e-01	   3.8899753692283212e-01	   4.4371840503292997e-01	   5.3405871816731254e-01	   6.5679675105587765e-01	   6.1905878515928303e-01	   3.2679399747302146e-01	   4.1471769117800789e-01	   3.6864586381810777e-01	   5.9969381019777612e-01	   2.1431858193364228e-01	   1.5105339173968566e-01	   2.3228249988060601e-01	   4.2320721522904875e-01	   3.5551757686222912e-01	   5.7736424315884627e-01	   5.1141179236317436e-01	   7.1425744824463688e-01	   5.7587495156174562e-01	   7.1692957415821035e-01	   9.9120914048522454e-02	   2.4127700507622621e-01	   3.6254719170455613e-01	   1.8882856815963184e-01	   5.8441806700602603e-02	   1.7949505407306637e-01	   3.0007786071802456e-01	   3.4520774011097949e-01	   1.1224124966641852e-02	   1.0651394304900388e-01	   5.1788511436136990e-03	   3.1206890984294788e-01	
   7.5334051242921829e-01	   6.2605365979988115e-01	   6.9216849912900602e-01	   0.0000000000000000e+00	   2.6290003199757261e-01	   6.4288109623685485e-01	   6.4070812423822165e-01	   8.2067828089313677e-01	   2.8909426444486491e-01	   5.0236598503339558e-01	   4.3706946120159124e-01	   6.0115229852611085e-01	   3.1150341122607161e-01	   4.3558294666873126e-01	   3.6822093846127224e-01	   5.0563249342819006e-01	   3.5243016001003558e-01	   2.2599104398903272e-01	   7.1249301785960351e-01	   7.9370490889579715e-01	  -8.3662145217489339e-06	   2.1525137326057936e-01	   1.0895238505192095e-01	   6.9831288698540783e-01	  -9.5084975877399114e-02	   1.6337488601759986e-02	   3.0985267607113409e-01	   3.9321051175528876e-01	   1.1457665379517545e-01	   2.0836123933593290e-01	   1.0674997182342895e-01	   2.1752300854722464e-01	   5.9152413048821473e-01	   7.0085909098116272e-01	   1.6198028962547900e-01	   4.0701424203786746e-01	  -1.4432534959702081e-01	  -8.7278941634491222e-03	   3.3202369714125812e-01	   3.2338095437048908e-01	   1.6192125169752197e-01	   3.4429294592683890e-01	   2.8944273891059730e-01	   2.4326618783620818e-01	   2.1111536998180655e-01	   3.5385878391159464e-01	   2.5849495685085394e-01	   3.2072922397906295e-01	   2.0785353936236606e-01	   3.8666201581746262e-01	   4.1494424586955986e-01	   4.2852360055205663e-01	   5.2616751433676967e-01	   2.2403455795428601e-01	   4.1982520375055249e-01	   5.7216725152839709e-01	   6.9521317721233822e-01	   5.9395939525529873e-01	   5.5614175978101132e-01	   7.3852922719873626e-01	   5.8769445515041796e-01	   5.7225915584353004e-01	   3.0800878159744771e-01	   6.0863641898442489e-01	   2.7705137861147661e-01	   5.7446030068227516e-01	   4.4934620342040266e-01	   6.5639006552336321e-01	   2.9480042537345297e-01	   3.7887629431102465e-01	   2.4942783616071479e-01	   4.6210044806958739e-01	   3.9638343572331702e-01	   3.3487689597716463e-01	   4.3518710497817165e-01	   3.2180269892617352e-01	   2.8461699953053821e-01	   3.2100411192091893e-01	   1.9577884682141342e-01	   7.7483022425614445e-02	   3.1734633180696087e-01	   2.2300662726872841e-01	   2.0375930129892222e-01	   2.6242571935646919e-01	   6.3850110206319977e-02	   5.3466180159161281e-01	   3.4532726083596244e-01	   6.4933032257526691e-01	   4.9114619259093206e-01	   7.1766018806113829e-01	   3.8319320271487822e-01	  -1.5925678757230569e-02	   5.8603832599581474e-01	   2.0273036104904552e-01	  -3.4638503680564363e-02	  -5.4008539492341467e-02	   7.9692394256942328e-03	   3.0177172447246609e-01	   3.1231424179377476e-01	   2.8875842620181358e-01	   6.5738895414411791e-01	   5.0055970191523236e-01	   5.9345432015258370e-01	   7.1202977722486804e-01	   2.3612962232069740e-01	   1.7242066699916619e-01	   4.0524990996578425e-01	   1.6373498079323145e-01	  -1.8443253888130917e-01	  -5.4105288759143763e-02	   2.5431474975366769e-01	   1.8003439524813283e-01	  -6.1495048474412492e-02	  -2.0440679417613783e-01	  -2.3953306096392135e-01	   1.5252559123817483e-01	
   2.6027857118736764e-01	   2.1341419800254030e-01	   6.3045094864829843e-01	   2.6290003199757261e-01	   0.0000000000000000e+00	   3.0353893677705968e-01	   6.1334919809134036e-01	   2.0258523516450777e-01	   8.8327025718905949e-01	   3.6321594461178769e-01	   4.7900220650015002e-01	  -3.5247145202452583e-02	   5.8283795911617453e-01	  -9.7654489313638987e-02	   6.0579495399383720e-01	  -1.8550656320156983e-01	   1.5701675793904096e-01	   7.2309522188840999e-02	   5.1118847539898071e-01	   3.3080835742242265e-01	   3.4062185894638919e-01	  -1.5547136715555754e-01	   5.1615180858297793e-01	   9.7291489218715877e-03	   5.5538211163282636e-01	   5.0447688266694768e-02	   4.4349323345261893e-01	   2.0610138283827234e-01	   1.6214256740406141e-01	  -8.6832054634067929e-02	   8.2964353363522869e-02	   4.5960966160791747e-02	   3.4257315185098514e-01	   2.2632098293048733e-01	   3.7339568502348464e-01	   3.3421308929471760e-01	  -2.4300381380750205e-02	  -5.8277851245117890e-02	   3.3178175952430738e-01	  -6.0695464228882577e-03	   1.6860141645197174e-01	   1.0162062693059842e-01	   8.5498011904242180e-02	   4.8576472376854571e-02	   1.7271253885609239e-02	   5.2211561309479876e-02	   2.0991792004056073e-01	   2.9418355271349600e-01	   3.2542924766240246e-02	   2.3731427765837323e-01	   2.4015821930566578e-01	   4.5955092672922127e-01	   3.0513229404672254e-01	   5.6923607396410303e-01	   3.2543119820275745e-01	   4.4135322955785627e-01	   2.4422788363650508e-01	   3.5571931503017901e-01	   2.8910362999391348e-01	   2.8823407692139047e-01	   4.8752076518722492e-01	   2.3451551701329343e-01	   4.4276895217823020e-01	   2.6449609883738068e-01	   4.5951647399130524e-01	   2.2073626139428093e-01	   4.2281516386381118e-01	   3.5456549268492737e-01	   3.1280249396414850e-01	   3.5400838086001019e-01	   7.1889788933735849e-02	   1.9842080541718699e-01	   1.9405739950263334e-01	   8.2851111069610545e-02	   1.1196416358580530e-01	   9.3288381184316552e-02	   4.3189656784944075e-01	   1.2431156660685420e-01	   2.4229535017525750e-01	   2.0644684008052955e-01	   2.1877258285907852e-01	  -1.1166571910967003e-01	   4.3959238838156084e-01	  -1.4069351222350279e-01	   5.3116920431240600e-01	   1.7173973109819704e-01	   4.0241255612796728e-01	   3.3083318073650575e-01	   5.4337375753329209e-01	   4.5501719808892716e-01	   3.4814839158731248e-01	   5.0583446121817321e-01	   3.3315210497361608e-01	   6.4275902039253219e-01	   2.2248475363099557e-01	   5.1107234296689869e-02	   2.6039273310431121e-01	   2.9440536598322242e-01	   3.2898872003981039e-01	   5.3675254914374693e-01	   3.0313624489225444e-01	   5.8423591990081158e-01	   2.5462383685919349e-01	   4.3571738851126363e-01	  -3.1755918692528647e-02	   2.1697302838587451e-01	   2.1653308810913649e-01	   1.5564426788128607e-01	   2.1827858033553105e-01	   2.1416968186678884e-01	   3.2034091204180454e-01	   3.8921812848337672e-01	   2.9026502438653276e-02	   2.4821907449506919e-01	   1.3523525517625204e-01	   1.5315134924725465e-01	
   2.6681577594463962e-01	   2.4886214578950322e-01	   3.6413841871902752e-01	   6.4288109623685485e-01	   3.0353893677705968e-01	   0.0000000000000000e+00	   4.5114847581005352e-01	   7.6989020086625870e-01	   3.4522562879938767e-01	   9.1491072813737495e-01	   2.9568578624715425e-01	   5.8670418251562262e-01	   1.5968255968720133e-01	   4.2189236831060889e-01	   1.9129759860265827e-02	   5.8356730354207931e-01	   2.5873670272259902e-01	   1.5658959469016298e-01	   3.1851931825683016e-01	   4.0579917190431242e-01	   3.0037137437710304e-01	   5.1679466121806594e-01	  -1.5814448332683034e-01	   4.9554320198436608e-01	  -3.6219980651181316e-02	   2.7263392754207394e-01	   1.0661131027195656e-01	   1.6733374137611878e-01	   1.9193692207226501e-01	   4.5287712950929720e-01	   4.3570595772916793e-01	   5.6478562637900875e-01	   4.7581932026647400e-01	   4.4510941690772771e-01	  -1.2216340346412838e-01	   1.7194065534687478e-01	  -8.0498006201739861e-03	   2.5976103348408941e-01	   3.3161390304774430e-01	   4.3726644126864078e-01	   2.2562956897188838e-01	   4.3734862416060166e-01	  -1.8926535417392011e-02	  -7.0697302984758181e-02	  -4.0884636342116178e-03	   1.7182020910082024e-01	  -1.1845958445650655e-02	   8.4114379883590634e-02	   6.7892532470616093e-02	   3.2240192851161809e-01	   2.2047030690542227e-01	   3.6311717848704883e-01	   4.0419711523637492e-01	   1.8739738448300097e-01	   1.4909397050670919e-01	   4.8003986971785428e-01	   3.9193488433920148e-01	   1.9665395545288966e-01	   3.5441041350788594e-01	   6.2194018051081124e-01	   4.9745200451436655e-01	   6.9308098311389976e-01	   1.3103151235478300e-01	   4.6232351899082036e-01	  -5.9850173843909935e-02	   2.5124829952730199e-01	   3.6641334021660238e-01	   5.4222955760248615e-01	   1.3722196593293606e-01	   2.0867038534377061e-01	   2.0676117148857270e-01	   5.6497170754412251e-01	   1.7177623912769341e-01	   2.4833142171913197e-01	   2.1875621746128665e-01	   2.9114945242848822e-01	   1.7252594232893428e-01	   3.4023630153026196e-01	   8.9791760393202941e-02	   8.2129996651707352e-02	   2.3125471531478722e-01	   1.9932460167761454e-01	  -3.8145836705815485e-02	   4.5536213176675733e-01	  -9.0166853521262441e-02	   3.7391657340583945e-01	  -1.1384664424280729e-01	   3.3698363865427422e-01	   2.0737458862898278e-01	   5.3866108402409196e-01	   4.5748599100091525e-01	  -6.6203150277463998e-02	   5.9383106605599245e-01	   5.7417628765038101e-02	   7.0573950812446135e-02	   8.2600809036190853e-02	  -2.7073611471740474e-03	   2.1884665615576471e-01	   7.4773400455685646e-02	   2.0758230127535282e-01	   5.4508997469898945e-01	   3.3727723837087287e-01	   2.8626203687592899e-01	   3.9117034715583898e-01	   1.5071431639469698e-01	   1.5006994402642040e-01	   2.6131037401767526e-01	  -3.8810807722818856e-02	   5.8846448609804466e-02	   9.9114349448382322e-02	   7.0210091585354212e-02	   1.1133025349871660e-01	  -7.8426190382473782e-02	  -1.7260512496930633e-01	  -2.2263199499624503e-01	   1.4252972665692448e-01	
   5.8280188910721953e-01	   4.8344043030705069e-01	   9.0565724792732238e-01	   6.4070812423822165e-01	   6.1334919809134036e-01	   4.5114847581005352e-01	   0.0000000000000000e+00	   6.3186695232631518e-01	   6.5446066256845781e-01	   4.4347135033719604e-01	   7.2392448396100950e-01	   3.4457715891518914e-01	   6.4869444048272840e-01	   1.0276757974346054e-01	   5.5336920921133592e-01	   1.9138206249318226e-01	   4.2654099124725792e-01	   2.8635090291050147e-01	   7.6338507853015969e-01	   6.2176480525908018e-01	   3.3413385695377684e-01	   8.7764018434097257e-02	   5.1919812167192525e-01	   3.6328968858482580e-01	   1.9031561882523856e-01	   4.3608924506947151e-02	   1.8712720448811920e-01	   1.4605621165211685e-01	   4.0674095634338253e-01	   2.6695701979361269e-01	   4.0255048677814809e-01	   3.5359719529607403e-01	   7.2528954338328111e-01	   6.1796218227975475e-01	   3.3072083160973764e-01	   3.4566210683665827e-01	   2.8013944830957756e-03	   3.4333207289862756e-02	   4.6108929437985302e-01	   3.1004436214722741e-01	   1.7330774885957687e-01	   4.2250673780095416e-01	   7.5489280246758023e-02	   2.1808459304478649e-02	   8.3944271307019425e-02	   1.3132635172299448e-01	   1.7046406974944492e-01	   2.2351912999017559e-01	   2.0539757426728797e-02	   2.3534700656135887e-01	   3.0071889540439201e-01	   3.8260132595323648e-01	   5.3906833422576639e-01	   3.7497717909239425e-01	   4.3468748124323320e-01	   5.5239316887907919e-01	   5.8032150438550500e-01	   5.2734635995775336e-01	   4.2786682813978050e-01	   5.0739152974345192e-01	   7.3094044843647277e-01	   4.2991274151880604e-01	   6.7827622022979939e-01	   6.2190179671936874e-01	   4.3655086115411140e-01	   4.2083752991754420e-01	   6.2390279647596725e-01	   5.9514800962118874e-01	   3.5165805518512555e-01	   3.5208363905182893e-01	   2.6554894913028204e-01	   3.9866753170330904e-01	   5.3668744594971396e-01	   3.7918774254206833e-01	   4.4692553971588506e-01	   4.0142009475626939e-01	   5.1622986669474780e-01	   2.9405731115152534e-01	   2.7150889331108641e-01	   1.3983400034922433e-01	   4.3106559373807285e-01	   8.1081125810908636e-02	   3.5440890356655697e-01	   1.3926260917465694e-01	   4.4189614599378169e-01	   3.6316290757047565e-01	   3.9724996179371452e-01	   5.6106319387794201e-01	   5.4345472859469579e-01	   5.8028160549558894e-01	   4.2765743332655259e-01	   3.7812942119837611e-01	   4.0796052390923832e-01	   5.1241788049665682e-01	   1.8053148012522829e-01	   1.8162301862967528e-01	   1.9515658925610480e-01	   3.9714485312931913e-01	   3.5793108999718903e-01	   6.2114373453350646e-01	   5.7455702321050472e-01	   6.3457216152029916e-01	   6.1261528429525258e-01	   6.4268417562372027e-01	   1.8574318923688979e-01	   2.8897025364927403e-01	   4.2995490759235400e-01	   1.1459749984121721e-01	  -6.1290096976117283e-03	   1.4294479914408711e-01	   2.0676643530178415e-01	   3.4520042765377901e-01	   2.7889270075836796e-02	   1.1947427025878340e-01	   4.0618328074149574e-03	   3.5237195085152140e-01	
   5.3484558003253380e-01	   4.5841707720297453e-01	   5.2235476739659259e-01	   8.2067828089313677e-01	   2.0258523516450777e-01	   7.6989020086625870e-01	   6.3186695232631518e-01	   0.0000000000000000e+00	   2.6640705671397136e-01	   6.7330183876105409e-01	   4.6636801417229096e-01	   8.1817243062970713e-01	   3.3596052295955525e-01	   6.0784968349667956e-01	   1.4178863519116003e-01	   5.1702598795522881e-01	   3.9406012669197499e-01	   1.8007608396385005e-01	   5.0689361789439746e-01	   5.6037566303303676e-01	   1.6432176000785448e-01	   2.5941019219700645e-01	  -1.2567829807712785e-01	   5.4291790689209596e-01	  -2.7086674633563496e-01	  -1.1609663646858492e-01	  -8.1528605335388749e-02	  -8.3902914946940767e-03	   2.9877941261758706e-01	   5.1994639084482586e-01	   3.2271314189536554e-01	   4.0360534994014241e-01	   5.9756312028432568e-01	   6.3095525731004254e-01	  -1.2033432685390237e-01	   2.0853385586917755e-01	  -4.9773739054150626e-02	   1.2780351354561259e-01	   3.0560494505249614e-01	   4.6277095517295885e-01	   2.0332285259465385e-01	   5.4101838427490234e-01	   3.5443123856273177e-02	   9.7447737683375047e-03	   8.0952972521859262e-02	   2.9099750841302469e-01	   5.7439635435051102e-03	   1.2600306963565233e-01	   1.4417069001673230e-01	   3.6667880575730094e-01	   3.6220290773052954e-01	   4.1586407384248986e-01	   5.1814522904061977e-01	   8.0818631301295074e-02	   2.6944417544415566e-01	   5.6357648166079310e-01	   5.5465425644598065e-01	   3.2394179484761498e-01	   3.7046084920421352e-01	   7.3130516094730869e-01	   6.3661179685431257e-01	   7.9879033443321434e-01	   3.1241900252513433e-01	   7.2459991969956772e-01	   2.5400464082740298e-02	   3.9777518957532271e-01	   4.1637488697418856e-01	   6.4564087740618681e-01	   5.9800638732317404e-02	   1.3456772119763216e-01	   2.4219424235447379e-01	   5.0623456409501388e-01	   3.7138958315126591e-01	   4.1535252252657900e-01	   3.6719255223972735e-01	   4.1215256761417685e-01	   3.0844405101842687e-01	   4.6168554412142160e-01	   1.3480166813637784e-01	   7.7647576921037395e-02	   3.1793699148910265e-01	   3.0482298584065148e-01	   2.0960200892357839e-02	   4.4557274273894837e-01	  -1.2781198459030838e-01	   4.7426584139033801e-01	   7.6834099074148093e-02	   4.9689139612706928e-01	   2.5919686931220642e-01	   6.0449637065095818e-01	   4.9966057444801371e-01	  -1.4046539703192290e-01	   6.4518702463141064e-01	   9.8968380569652206e-03	   4.1056941023912455e-02	   8.2678072268072500e-02	  -5.9454487243011292e-02	   2.5245016801947406e-01	   1.9515868860256474e-01	   2.9520734944757698e-01	   7.4690469974441631e-01	   3.7095808264510627e-01	   5.5056412262545062e-01	   5.4774305133326018e-01	   3.3457330333982083e-01	   9.7776909908286608e-02	   4.2562065482474087e-01	   1.0829485722808965e-01	  -1.6731234683629326e-01	  -2.2554265739535045e-02	   2.9107469185641742e-02	   1.0531997133561570e-01	  -7.1958576211657882e-02	  -1.5774862181954180e-01	  -2.6459275068130728e-01	   1.6803100731252985e-01	
   3.0802401101232069e-01	   2.5192710935320151e-01	   6.5934179774098201e-01	   2.8909426444486491e-01	   8.8327025718905949e-01	   3.4522562879938767e-01	   6.5446066256845781e-01	   2.6640705671397136e-01	   0.0000000000000000e+00	   4.1941419068036895e-01	   5.6544398056682854e-01	   1.4500311287985871e-02	   6.3972699719040738e-01	  -6.7299365687562770e-02	   7.5798958483719681e-01	  -9.1842444211544902e-02	   1.1739268470597233e-01	   1.4615534028485831e-02	   5.5148797223069090e-01	   3.6096412697012414e-01	   3.3745995540043100e-01	  -1.0574224770711310e-01	   5.9128585805452949e-01	   6.7430772534822936e-02	   4.7574312597046997e-01	   9.6765184508283364e-02	   3.3540868680336755e-01	   1.9464753655142122e-01	   2.2767601124487957e-01	   7.4761282100870279e-03	   2.0584897086513892e-01	   1.6883261876098846e-01	   4.3593547776978003e-01	   3.0143908208698789e-01	   3.3782534245148266e-01	   2.4961996373718315e-01	   6.9990688017808514e-02	  -2.3602003558990059e-02	   4.1738287092904569e-01	   7.6283746869245384e-02	   2.5433888131020227e-01	   1.9600326367058973e-01	   6.8941371440593702e-02	   4.1080795267101136e-03	  -3.9964264119311456e-02	   1.3851592388521090e-02	   1.3081280173472476e-01	   2.6039855142261525e-01	  -2.9561254728547856e-02	   2.2147846357284645e-01	   2.0860618755967200e-01	   4.5824385158885261e-01	   3.3199874762717307e-01	   6.0865515779345958e-01	   2.3569724213257923e-01	   4.5299229275706454e-01	   2.9451998260371737e-01	   3.5139783398198415e-01	   2.7913355107006071e-01	   3.1200466565456364e-01	   5.7430402624604071e-01	   2.8384140868190116e-01	   6.1369985961830609e-01	   3.4829881506850424e-01	   5.2014295230093055e-01	   3.4973383181552747e-01	   4.3049709436337502e-01	   3.8786185699503256e-01	   3.6283476053308028e-01	   3.4943036608502104e-01	  -1.9153713559221842e-02	   1.5618720350422063e-01	   1.9518587030282009e-01	   1.3388842532430409e-01	   1.0867200730575081e-01	   1.0665448588210738e-01	   4.5227190700727948e-01	   1.4322084774289218e-01	   1.7025373065686927e-01	   1.4915051238600341e-01	   2.3756736423216657e-01	  -9.9642266547087743e-02	   5.8640237832066877e-01	  -9.1898776139863608e-02	   6.4178290621987066e-01	   2.6343404307046103e-01	   4.4163089873459876e-01	   3.2699813070217099e-01	   6.1527672583434434e-01	   4.6033676963724607e-01	   2.4396283782920741e-01	   5.2612971506106976e-01	   2.6791199521043824e-01	   6.4599796721734404e-01	   2.5505921066032128e-01	   6.9634166866195071e-02	   1.9669592701702665e-01	   2.5266437199141362e-01	   2.0109599063573025e-01	   5.8025767073474677e-01	   2.7931960646585174e-01	   5.7427008049651085e-01	   1.9078362635778834e-01	   4.0525441728079947e-01	  -9.8176708557329295e-02	   1.9750898462262398e-01	   2.1136256744685411e-01	   1.3276451570598707e-01	   2.6790646198572055e-01	   2.1332094136872318e-01	   2.2457949298956922e-01	   3.8549732664458447e-01	   3.3069403985384171e-03	   3.0811738769424468e-01	   7.9514904134813075e-02	   2.1901649880269042e-01	
   1.8158404640981116e-01	   1.3048966643218396e-01	   3.6755437539069796e-01	   5.0236598503339558e-01	   3.6321594461178769e-01	   9.1491072813737495e-01	   4.4347135033719604e-01	   6.7330183876105409e-01	   4.1941419068036895e-01	   0.0000000000000000e+00	   3.4714334623328708e-01	   5.4198257667680960e-01	   2.0839146274376358e-01	   3.8894374878368976e-01	   1.7047241761006589e-02	   5.6186126356792920e-01	   2.7331693293800025e-01	   1.9350176145636724e-01	   2.4575526849602264e-01	   3.0676074746803167e-01	   4.2080989193814511e-01	   5.6157325360911781e-01	  -1.0913446855337192e-01	   4.1092769938984003e-01	   3.8361866253413771e-02	   2.8195944893320524e-01	   6.8527811321400497e-02	   8.1554995956002269e-02	   2.3628173445057696e-01	   4.6035083212533245e-01	   5.0581825901760702e-01	   6.2766389455183602e-01	   4.0466725291359429e-01	   3.3827722806766858e-01	  -1.3193503147252011e-01	   1.4363473758490664e-01	   5.3516809240031687e-02	   2.8440078585339629e-01	   3.8508544266207723e-01	   4.5261905177958606e-01	   1.9833624885969417e-01	   3.3700539269434515e-01	  -4.5281088668313291e-02	  -9.7426613569592313e-02	  -4.9439325739908703e-02	   1.2408861541874544e-01	   4.9510015927884905e-02	   1.0167214973973121e-01	   4.2033423451273387e-02	   2.9877064328129460e-01	   2.4482559000600657e-01	   3.7743941490483179e-01	   4.4416839717822026e-01	   2.5935171149833508e-01	   1.9619639758462787e-01	   4.7159476120820154e-01	   3.2610898887497342e-01	   1.5000114279944476e-01	   3.1560253684799439e-01	   5.7656386658948910e-01	   4.9485268985967712e-01	   6.2903171555909854e-01	   1.3058809467774143e-01	   4.2774017526277097e-01	  -3.1696605252221316e-02	   1.6808613433823472e-01	   3.2035430663770736e-01	   4.6348935587371676e-01	   1.4796869788715805e-01	   2.2487573273136530e-01	   2.0581395204436137e-01	   5.7253870884850233e-01	   1.8741653611034259e-01	   2.6289289749601319e-01	   2.0198050301779114e-01	   2.8224925671818024e-01	   2.0807431738094948e-01	   3.3930510438523875e-01	   1.9287643659051043e-01	   1.0701071245030558e-01	   2.3781938310724948e-01	   2.0513756420421445e-01	  -5.7551715884438887e-02	   4.5791707211847138e-01	  -3.3884738766440332e-02	   3.6762865569158043e-01	  -2.4065877887203083e-01	   1.6840737802160846e-01	   2.3198451555752458e-01	   5.1320817183980871e-01	   4.5463812432636874e-01	   1.6099917143868513e-02	   5.9468171877703058e-01	   1.4024476977989769e-01	   2.6186383644221839e-01	   1.9078291275814463e-01	   1.6468567796757511e-01	   3.2422197148676263e-01	   1.1697760315412750e-01	   2.8714082101628724e-01	   4.9490841634610511e-01	   3.6568851883996401e-01	   2.3559836105805843e-01	   3.4486192525940118e-01	   1.2704401778903296e-01	   9.5884417713711423e-02	   2.2511395312989191e-01	   8.3099230734618255e-03	   1.7702604879956968e-01	   2.3271345112429445e-01	   5.9595148034942230e-02	   1.4954172661554233e-01	   1.0155031382518925e-02	  -1.7858681479547629e-02	  -9.6282062185807371e-02	   1.9446151767364780e-01	
   6.5709634029066344e-01	   4.0612801642915142e-01	   6.5203292913572497e-01	   4.3706946120159124e-01	   4.7900220650015002e-01	   2.9568578624715425e-01	   7.2392448396100950e-01	   4.6636801417229096e-01	   5.6544398056682854e-01	   3.4714334623328708e-01	   0.0000000000000000e+00	   5.0265663477300682e-01	   8.4044652350952453e-01	   3.6905391163235252e-01	   5.7518832638331241e-01	   3.0770493944677257e-01	   7.3088190321140667e-01	   4.5703269781924960e-01	   7.2345036077654978e-01	   4.9843040566778063e-01	   3.0070941701907550e-01	   1.2197076215539912e-01	   5.2598311242723084e-01	   3.5855919769663613e-01	   7.4823217359427860e-02	   2.1082581488915848e-02	   5.7964858888762412e-02	  -9.6632287328745237e-02	   6.8011381973634877e-01	   5.5328987355053383e-01	   4.7023800343995165e-01	   4.7068830184449667e-01	   6.0372862455139054e-01	   5.5360644105716639e-01	   2.1156378704301268e-01	   2.4319675572183069e-01	   3.1746141827078345e-01	   2.5103699503793830e-01	   3.7065614484946330e-01	   4.1594382262897817e-01	   4.3179317171637410e-01	   5.6430942927374983e-01	   1.0505559551855708e-02	   1.8946609421305171e-02	  -8.5011534826859983e-02	   3.9489745875293164e-02	   1.5065752075292022e-01	   1.7168181485484540e-01	  -1.5474202163856654e-01	   4.4535059522360518e-02	   2.5854097422889466e-01	   2.1507713963766045e-01	   5.2458677395564335e-01	   4.2236192296751718e-01	   3.6315819353343687e-01	   5.3864054340567902e-01	   6.5880522156024690e-01	   5.0935982672896341e-01	   3.3452072580656578e-01	   4.1849029660447479e-01	   6.8209183140854401e-01	   4.4550790766350346e-01	   7.6330236752719038e-01	   7.0288523167311401e-01	   3.0552716778997463e-01	   3.4266539239793059e-01	   3.9194840078140342e-01	   4.4519919438056504e-01	   3.3921392718884147e-01	   3.0504037172645193e-01	   4.9229704364069138e-01	   4.6830409760874009e-01	   7.9852255433807207e-01	   6.6832697548210740e-01	   6.6828546855803728e-01	   6.1064140132339229e-01	   7.4148590566379324e-01	   5.1698725358825337e-01	   5.9450530501109033e-01	   4.4842412594140957e-01	   7.1471017663825542e-01	   2.9706080654223332e-01	   4.7313712591946422e-01	   2.7542421404388850e-01	   5.5318898121741444e-01	   5.5226641688817968e-01	   3.3112387239494045e-01	   3.7577044695454326e-01	   4.3642971756175775e-01	   3.9389610715732726e-01	   2.4617219076894434e-01	   3.1949689418528965e-01	   2.5579086729777367e-01	   3.0539754507354600e-01	   2.3763059633527445e-01	   1.8306893684257985e-01	   3.1109627822242425e-01	   5.8365399044811805e-01	   3.3564902723449008e-01	   6.6171153773429792e-01	   3.7294305900076985e-01	   2.9197250725970159e-01	   4.2594720664308894e-01	   4.6836375770166055e-01	   1.3282419927994282e-01	   1.2400738135236911e-01	   4.1651445107557994e-01	   1.9907553648512999e-01	  -3.9085181449290768e-02	   2.3890879706345178e-01	   3.0006995173703865e-01	   4.1123397210826435e-01	   2.4926998228034367e-01	   2.1231250975281674e-01	   9.4471522971340857e-02	   3.9309449071573904e-01	
   5.2347856152611660e-01	   3.7645864326560041e-01	   2.4251432422050270e-01	   6.0115229852611085e-01	  -3.5247145202452583e-02	   5.8670418251562262e-01	   3.4457715891518914e-01	   8.1817243062970713e-01	   1.4500311287985871e-02	   5.4198257667680960e-01	   5.0265663477300682e-01	   0.0000000000000000e+00	   3.2418150802664081e-01	   8.2733270703481709e-01	  -1.8104610599332944e-03	   6.2544759203450973e-01	   5.1232830748403657e-01	   2.7078132467599580e-01	   4.0535289956092158e-01	   3.9386110974033245e-01	   8.0167998111136618e-02	   2.6853887827417261e-01	  -2.5645282826354476e-01	   4.5439943205400779e-01	  -4.4756676323677475e-01	  -1.9829745883020766e-01	  -2.9081013265258182e-01	  -2.5026970230959444e-01	   4.4082127370895713e-01	   7.1379230010701722e-01	   3.1100998257936563e-01	   4.1057056959263039e-01	   4.4723851466679204e-01	   4.9590719648778220e-01	  -3.0102019808775915e-01	   1.0555357157661363e-01	   1.7383019144539269e-01	   3.2600086600622702e-01	   2.2353018077513098e-01	   5.4539729927781744e-01	   3.1439450657924251e-01	   5.8486674450037057e-01	  -1.1097538903538364e-02	   1.2590093871233523e-02	  -6.0618165039716274e-02	   2.0028941855334986e-01	  -2.7103674562541945e-02	   8.6356656716110980e-02	   3.8045578501388191e-02	   1.7582155535200922e-01	   3.0624691618338057e-01	   2.0714236157013566e-01	   4.2375837637780839e-01	  -3.2184270449055565e-02	   2.2380490112433737e-01	   5.1849614865486193e-01	   5.7147558946365618e-01	   2.3638231672699586e-01	   2.6559260148405400e-01	   6.2735895518970319e-01	   5.0557791330944879e-01	   8.2856109586912807e-01	   2.1974224615100868e-01	   7.2971636174125776e-01	  -2.0694619689734983e-01	   2.7677868225779256e-01	   1.4885572523681456e-01	   4.2859644247256418e-01	  -2.1960193032649556e-02	   1.9675926286607207e-02	   4.2455645512678897e-01	   5.2807518860333436e-01	   4.6445480141636181e-01	   5.3014783798639409e-01	   4.4604959629591445e-01	   5.5725324006269794e-01	   3.8222833367856635e-01	   5.5954377781878706e-01	   2.6064478011353232e-01	   1.7626728574335609e-01	   4.0765268987121317e-01	   4.9686150081405611e-01	   1.1237583443640742e-03	   6.0025979501546867e-01	  -2.7274979843313624e-01	   5.8592342663688124e-01	  -6.8550061622968478e-02	   3.0981540767479332e-01	   5.8106645433359388e-02	   4.6975935382668055e-01	   4.1092542962335787e-01	  -2.0890559289345501e-01	   6.0280106249425336e-01	  -1.5145560665722219e-01	   4.4878814938903167e-02	   1.2675019213528649e-01	   2.9510546143387589e-03	   3.9093469713757845e-01	   2.3364710661533750e-01	   2.7664893088126741e-01	   6.3759666812886773e-01	   1.4235770687133298e-01	   4.1690777692256076e-01	   4.0114374075151016e-01	   2.9389885391781845e-01	   7.8832260033246740e-03	   4.3470838368046405e-01	   1.3887628790515796e-01	  -2.2913028371883148e-01	   2.4793778288901239e-02	   9.9226636025011777e-02	   1.8738071622860727e-01	   1.1473009953427610e-01	  -1.9277743443162182e-01	  -2.4883572434180504e-01	   9.0092461708417421e-02	
   5.2201982034051397e-01	   3.0587793242522665e-01	   5.7227723788689389e-01	   3.1150341122607161e-01	   5.8283795911617453e-01	   1.5968255968720133e-01	   6.4869444048272840e-01	   3.3596052295955525e-01	   6.3972699719040738e-01	   2.0839146274376358e-01	   8.4044652350952453e-01	   3.2418150802664081e-01	   0.0000000000000000e+00	   3.6740980960810160e-01	   7.0078209084240262e-01	   1.3599761756317197e-01	   5.0357800741115932e-01	   1.4491948881521932e-01	   6.5510815000352907e-01	   4.1335706907931752e-01	   3.2962262116840613e-01	  -1.8962916046380070e-02	   5.9370410589949807e-01	   2.6888516191236828e-01	   2.2910966481499812e-01	  -2.6083275584914863e-02	   1.5809559180129770e-01	  -4.0156994223097660e-02	   5.6066747549178009e-01	   3.2534375645180336e-01	   2.7145385527486970e-01	   2.5411908412406287e-01	   4.7403642787485678e-01	   4.0465313015968457e-01	   3.3258406596988133e-01	   2.9546394676116566e-01	   3.0003978819503863e-01	   1.2044210893965669e-01	   3.6235306929664285e-01	   2.4323105176334675e-01	   4.3075084702298572e-01	   4.4535966044054520e-01	   3.4031854046453230e-02	   4.1752909408957033e-02	  -6.5245336700820125e-02	   3.8364433607841107e-02	   1.4670163679897560e-01	   1.7124375413647369e-01	  -8.8857599652894220e-02	   1.0089822441495561e-01	   3.9107525143146005e-01	   3.2227113888426617e-01	   5.6064904230915336e-01	   5.5686524112685343e-01	   4.8955818660933170e-01	   5.6726954232644633e-01	   4.7153056917952252e-01	   4.2515910517224476e-01	   3.4199191254667116e-01	   3.8203361660330226e-01	   6.1154372551676850e-01	   3.8744456292481311e-01	   7.2057873407160278e-01	   5.2032019221151771e-01	   4.6463821247803372e-01	   4.1736561838625935e-01	   4.2958172651071608e-01	   4.3599633978559243e-01	   3.0908641731512543e-01	   3.3905970321227885e-01	   3.6462775116361934e-01	   2.5689322162953576e-01	   6.9988025780767016e-01	   5.6229954914243618e-01	   5.8704044573997027e-01	   5.2935326926198112e-01	   6.1333248492532655e-01	   3.4336186478958530e-01	   5.5102870294188677e-01	   3.0303287410856694e-01	   5.9772287232302679e-01	   8.7393378918402917e-02	   5.5493900194820767e-01	   7.9213268588400221e-02	   6.3789451335436453e-01	   4.7773623207469534e-01	   4.5568930646340433e-01	   3.6992812014666587e-01	   5.6637909400071396e-01	   4.5924825602926567e-01	   2.4764228273768948e-01	   4.6142222852016329e-01	   2.4251801577521834e-01	   4.5055984066299581e-01	   2.3801203255369022e-01	   1.9314150656835360e-01	   3.5708762344124789e-01	   5.0873197832557293e-01	   4.2720572399065959e-01	   7.1043584013371763e-01	   2.7217865100306199e-01	   3.0625654140176123e-01	   3.1267264362017333e-01	   3.5419898286262702e-01	   1.2365416669766507e-01	   2.6331300066804619e-01	   3.5874214481168193e-01	   3.3773536440422453e-01	  -1.7625123863324460e-02	   1.6421886893070681e-01	   2.3481005093762083e-01	   4.9479211428829528e-01	   3.2590634095121013e-01	   3.9660362851537656e-01	   2.4264767156583436e-01	   2.8815469307755548e-01	
