   0.0000000000000000e+00	   1.9667006781101967e-01	   6.2001398879544634e-01	   3.8023139913240039e-01	   3.0324256148893697e-01	   2.2781657597564531e-01	   5.3378797585010118e-01	   4.6776200999814316e-01	   2.5905897773558784e-01	   1.4962524343341993e-01	   2.6240313672411608e-01	   5.0583697856183418e-01	   2.7690654962030525e-01	   1.9791587305435529e-01	   1.4754408099745819e-01	   2.5063059609876459e-01	   5.9005984375978149e-01	   2.3021052916442963e-01	   7.4166296226242967e-01	   7.2314792784635773e-01	   1.5702853043262935e-01	   1.9973883788863771e-02	   2.8916844864787916e-01	   2.2162374219451175e-01	   1.3252325904774370e-01	   1.5603826263028048e-01	  -1.2369543288476663e-01	  -1.4228147046241127e-01	   3.9847427972737870e-01	   4.6108362932110569e-01	   3.3193421795461797e-01	   3.5895418484959507e-01	   5.3133948977747492e-01	   5.2719301103615335e-01	   1.2374762109686410e-01	   1.5719987272205818e-01	  -1.0309853119820322e-01	  -1.0539750924382890e-01	   1.4858733314303435e-01	  -5.4572859462060745e-02	   3.0650084387938581e-01	  -2.6360200209060208e-01	   3.1892331474641811e-01	   2.9831832662533653e-01	   2.4359887034661842e-01	   2.4677274418883335e-01	   3.9082019927540507e-01	   4.9293325673546090e-01	   3.1961828179099683e-01	   3.3488259131408543e-01	   1.4758618851483804e-01	   1.9082151946621539e-01	   1.6922407437403120e-01	   1.8592558705996767e-01	   3.1465265145627119e-01	   5.4031793358231328e-01	   7.1382756566595429e-01	   1.9152977646234193e-01	   5.7005917144293439e-01	   4.4370074737845455e-01	   4.8539058174395355e-01	   2.1208856788501815e-01	   6.5991033817667422e-01	   4.0187519705043556e-01	   4.1230720268381049e-01	   5.2957777979669458e-03	   5.3963572609041166e-01	   3.7354544079875635e-01	   5.6469932143121548e-01	   3.9081636187518992e-01	   4.6311447215074386e-01	   4.5108462753455814e-01	   6.0683458566980475e-01	   3.7831978148422896e-01	   5.5171315316664105e-01	   2.2586430723326364e-01	   5.6455722805305530e-01	   3.8996359148060433e-01	   1.4763726805394842e-01	   3.3006663902192995e-01	   4.9594729344245075e-01	   4.9944549047998554e-01	   2.3298113381877514e-01	   2.2820411233460763e-01	   2.7049143046282953e-01	   4.0542913412639370e-01	   5.9108213698752216e-02	   1.8441415447138898e-01	   2.9722254295541772e-01	   3.3052987640978737e-01	   3.2987575874548264e-01	   3.6836953507225012e-01	   3.9461345019649263e-01	   6.2892550525525270e-01	   9.9349700511493819e-02	   1.3197196946684076e-01	   2.0156278723160997e-01	   4.9158911537810146e-01	   4.5754223972636532e-01	   5.6963884927297914e-01	   5.0840658764901436e-01	   6.2629201879852492e-01	   3.3991169811260402e-01	   4.4305287577194441e-01	   1.8674794539270553e-01	   8.2016601748703233e-02	   2.7303155685599434e-01	   9.6287607059983168e-02	  -7.6994758330278272e-03	   3.0389902466065816e-01	   3.2291952861528161e-01	   4.7045768140196187e-01	   4.1380685438831494e-01	   2.8479031674867778e-02	  -7.2794308107454242e-02	  -2.7609959605442852e-02	
   1.9667006781101967e-01	   0.0000000000000000e+00	   2.8471188149119253e-01	   3.2169564922980992e-01	   2.5863993947661112e-01	  -6.7776638212362919e-02	   1.0774362356706213e-01	   7.9782687450314027e-02	   1.9324768276265442e-01	  -1.4794988078773788e-01	   6.6322804181953701e-02	  -7.6914080371657707e-03	  -7.0798365202466809e-02	  -5.7705050111522105e-02	   2.3459573108536613e-01	   2.6840980113159835e-01	   2.5623745226111722e-01	   4.4211130588859426e-01	   2.3947103140571524e-01	   3.9756623990083989e-01	   3.8318701655008475e-01	   2.7249629475869375e-01	   3.2183890993173792e-01	   2.6591950011329507e-01	   3.7195972944846056e-01	   3.6461553752432457e-01	   2.1755614568987761e-01	   9.6015651251714476e-02	   2.1193825293669852e-01	   2.8542340412002598e-01	   4.1138449154668455e-01	   3.7447139390785611e-01	   3.1042887893003029e-01	   2.9093896900445232e-01	   1.5565880005651059e-01	   1.2412077542276677e-01	   3.1988551736510651e-01	   1.9135297952750427e-01	   3.4274882601659018e-01	   1.7968399750926231e-01	   2.6490397566394019e-01	   2.4038565340762302e-02	   1.9923621351108106e-01	   2.2795469787259462e-01	   2.8270573298892704e-01	   2.7209256810805660e-01	   2.5517653639302801e-01	   2.0448842621010199e-01	   1.2148518775739087e-01	   2.8498880494872386e-01	   5.8671068344430019e-02	   2.7254562972767327e-01	   2.1209356017324668e-01	   3.3066229235001438e-01	   4.0056961153271720e-01	   3.3249271870099628e-01	   3.8408486863829594e-01	   8.3566641216789117e-01	   1.1223864307041186e-02	   1.4111609127938857e-01	   3.8269018389939208e-02	  -2.7989314873998500e-02	   1.9911089339195359e-01	   3.6437276254943396e-01	   3.3503379730743432e-01	   4.1195269901578228e-02	   7.0696354384228749e-02	   2.1046383224395091e-02	   3.2814214083954313e-01	   3.3376532166967260e-01	   1.2167456396550760e-01	   6.1103486132319119e-02	   8.5275248592807329e-02	   2.3878141905447878e-01	   9.2880915134120369e-03	   1.5307524770832667e-01	   1.8500159518348380e-01	   2.9313973193247328e-01	   2.0927275578410598e-01	   1.5160421660755069e-01	   3.8053639584891008e-01	   3.4924286731704135e-01	   3.3604143923119423e-01	   3.6084642562556057e-01	   3.3940631250511016e-01	   3.4629457783747014e-01	   1.7200185776093762e-02	   2.7029134684614897e-01	   2.1877984787082938e-01	   2.4186434166300619e-01	   1.1184489272075959e-01	   1.1118854922591220e-01	   8.4019158504646183e-02	   4.7392303418593601e-02	   8.9268901112589203e-03	  -2.9199125391737857e-02	   2.3516073126805653e-01	  -2.4718977793948872e-02	   4.4285486920187411e-01	   6.2779578241913894e-02	   3.6921043714857249e-01	   8.3633024634921893e-02	   3.9221360089502777e-01	   5.3593487080645597e-02	   5.1792949707040840e-03	   4.2754884716278516e-02	   1.4425253966591128e-01	  -3.4958607518303741e-01	  -1.0190414476280511e-01	  -5.5744292609103949e-02	   7.8357080346300928e-02	   2.1734533013816332e-01	   1.2592435188245593e-01	   8.1897968417537714e-02	  -7.3391017185058249e-02	  -1.7349112064269528e-01	
   6.2001398879544634e-01	   2.8471188149119253e-01	   0.0000000000000000e+00	   4.2131507332577733e-01	   6.1336948763692711e-01	   1.4207671292350321e-01	   7.5896889282432611e-01	   3.3264307546395955e-01	   5.6877515090139608e-01	   5.5699876279586308e-02	   4.1015561510732557e-01	   1.7421351944515373e-01	   2.1027557155060406e-01	  -5.0336397845996375e-02	   5.4833446330123403e-01	   4.2295296662701010e-01	   5.7527710142564181e-01	   4.0338836007085888e-01	   8.3189887131168772e-01	   7.8192092515187406e-01	   6.1059725252194452e-01	   2.8396944398165758e-01	   7.3095573426610083e-01	   5.0315577667363676e-01	   3.9177220395881884e-01	   2.8747480428863303e-01	   1.8296312010910684e-01	  -3.3857466724571850e-02	   5.4430657952227324e-01	   5.6525263086630884e-01	   6.3551873933906600e-01	   6.3506368099907162e-01	   7.3890479888831329e-01	   6.4413586168670178e-01	   3.3206546931624953e-01	   1.9995861920883826e-01	   7.6430449770810815e-02	   8.7640644854338791e-03	   4.4137694003118044e-01	   8.7999373034574058e-02	   6.0323118559806366e-01	  -9.0907269155334230e-02	   4.5719345477350115e-01	   3.9871008867852870e-01	   2.7560490385854036e-01	   2.3609168226078631e-01	   4.0883820434921070e-01	   5.1001387288620126e-01	   3.3463042295838591e-01	   2.9868084998605426e-01	   3.2146131644564979e-01	   3.6710251038598102e-01	   2.8862149416443961e-01	   4.6838476846982591e-01	   2.7559314484695863e-01	   4.8433955009357499e-01	   4.5958771969303336e-01	   1.9163282209676866e-01	   4.3488785157199950e-01	   7.4411754562117571e-02	   3.4920461221291221e-01	  -7.5157496403472010e-02	   4.9961902634190325e-01	   3.4321781444042820e-01	   6.0582455614173314e-01	  -9.7095201393790992e-02	   5.9250394965814313e-01	   2.4912335947559766e-01	   5.4428464449635561e-01	   4.9117786944447583e-01	   6.3196380808980113e-01	   6.1056263023349533e-01	   6.5967703179483461e-01	   5.7901720076603302e-01	   5.6189766715236722e-01	   4.0330614458052788e-01	   6.7904488232119276e-01	   5.6140495208036501e-01	   2.1271987336723014e-01	   4.2908143188739090e-01	   5.3337591307078225e-01	   3.9775632011282830e-01	   4.8526947324084535e-01	   2.6956859730761140e-01	   4.3522333834598914e-01	   3.5050120796518353e-01	  -1.9886356091295118e-02	   1.8909268451674915e-01	   3.8920792090318634e-01	   3.2270705892332874e-01	   3.8270811226872747e-01	   7.1282425862019017e-01	   3.2540188936985781e-01	   6.8777271401249451e-01	   2.5836353251462474e-01	   3.3949582329596117e-01	   3.6346047831886358e-01	   4.8214282632197403e-01	   5.3315585378068686e-01	   6.2656306962617014e-01	   4.6446066077126924e-01	   4.5817494875525300e-01	   3.3269688315024104e-01	   2.6705867409317041e-01	   2.1751610872983382e-01	   5.2727380642297879e-02	   2.9396032832698116e-01	   1.1847848640252195e-01	   1.8312721787836703e-02	   3.2727754052936459e-01	   4.0495757052028525e-01	   5.7004830898711467e-01	   5.3387204006453270e-01	   2.8751024528713365e-01	   1.2102954218179124e-01	   1.0812637316206181e-01	
   3.8023139913240039e-01	   3.2169564922980992e-01	   4.2131507332577733e-01	   0.0000000000000000e+00	   3.4893831532673975e-01	   6.9057279689654205e-01	   4.9292153087589280e-01	   8.2455354692380300e-01	   4.2158452763852339e-01	   6.5413978721103472e-01	  -1.1099669600413722e-02	   5.1453388737878192e-01	  -3.2379221247025733e-02	   3.8636156190492954e-01	   2.1217492260942741e-02	   3.3283989013401472e-01	   1.6776734101039598e-01	   3.0780169623143085e-02	   3.2038244520127440e-01	   4.0203207907784977e-01	   4.7886470742445564e-02	   1.5195768009055105e-01	   2.9604261274369631e-01	   5.7108139055410734e-01	   3.5248930878575868e-01	   4.8690294424394853e-01	   2.6133481067495301e-01	   4.8321398310968738e-01	  -1.4418527663959113e-01	  -5.6768773387082083e-02	   1.3493056864316716e-01	   3.3145676746304248e-01	   2.9371940308368261e-01	   5.1781840037907600e-01	   2.8806633629105727e-01	   3.5640782332297338e-01	  -1.2905747912066901e-01	  -3.7952865127287644e-01	   1.4989085664604917e-02	  -2.5157543357270395e-01	  -7.1914357842790030e-02	  -4.8961022058187897e-01	   2.6557063162338346e-01	   1.4894082594898095e-01	  -7.6230931213961363e-03	  -4.8744001856408882e-03	   3.3709026141905823e-01	   3.5148143528423176e-01	   1.0970443462517493e-01	   7.8554539070966156e-02	   1.9851110567559169e-01	   1.7352865620756369e-01	   3.5524164332190805e-01	   3.2494515897621046e-01	   5.0503654074550608e-01	   2.7401464721501806e-01	   3.5695982681319871e-01	   4.5493974830208606e-01	   4.7503258271803139e-01	   6.3472787489767168e-01	   3.3062726816297450e-01	   5.1262436032607661e-01	   4.2675365832103029e-01	   3.5853248519038911e-01	   5.0110299088588239e-01	   5.4265429689138456e-01	   5.5448342544330076e-01	   6.5932863713459255e-01	   2.0358820720494741e-01	   3.9824574479210700e-01	   3.4758282873520985e-01	   3.9544508879638118e-01	   9.2493796851521370e-02	   4.4457204255382042e-02	   2.3745478714308980e-02	  -1.0039542381289382e-01	   2.2493679152241808e-01	   1.3718049502733654e-01	  -6.8661008544727967e-02	   7.6896448285476024e-02	   2.3504181627261339e-01	   1.6453071317529305e-01	  -1.4805872165056050e-01	  -7.7045742336312780e-03	   2.2452017391031828e-01	   5.0358489143337359e-01	  -1.6845769825273460e-01	   1.8610473689713847e-01	   5.3104937834578148e-01	   5.0825715763816459e-01	   8.1448066272936670e-01	   4.2770258755628954e-01	   7.2381078365383922e-01	   4.8123065729342246e-01	   8.1632474506584909e-02	   1.5931343117384500e-01	   3.0524547501480093e-01	   2.4040900894251060e-01	   6.3193973281558158e-01	   3.9096245770222821e-01	   4.1330438324746233e-01	   2.3304896586338844e-01	   4.9623623377708426e-01	   2.8603900376017766e-01	   3.6513661704217693e-01	   1.0607284353714551e-01	   3.6995531030911771e-01	  -4.4234243587061304e-03	  -2.5349220155102013e-02	   1.3640106557525178e-01	   4.6506224292071199e-02	   3.6787085626643828e-01	   3.7126528485148558e-01	   1.5141673216875656e-01	   1.8877728027826704e-01	  -6.7858012027652626e-02	
   3.0324256148893697e-01	   2.5863993947661112e-01	   6.1336948763692711e-01	   3.4893831532673975e-01	   0.0000000000000000e+00	   4.8682553337704093e-01	   7.8194859429460450e-01	   2.7767479287978147e-01	   8.8662136928538238e-01	   3.0958497423512554e-01	   1.0904934189193267e-01	  -2.5469103763772108e-02	  -1.8216241275675618e-01	  -1.3618279735821037e-01	   3.7687549652421282e-01	   2.2286866165920979e-01	   3.4552311384138146e-01	   4.6925198216204322e-01	   5.1009414696196864e-01	   4.4143958802090388e-01	   4.9086578015116100e-01	   1.0362001613671176e-01	   6.7494166832967817e-01	   4.4422647137026389e-01	   4.8917286212072952e-01	   4.4727416713996798e-01	   1.7931496916516421e-01	   9.7678135403304944e-02	   3.1907320585300247e-01	   3.5418942474691073e-01	   6.6497092774324851e-01	   7.0240714220783518e-01	   6.2010321260465051e-01	   6.0979362661006409e-01	   4.7103793009838557e-01	   1.7936131521409113e-01	  -7.2038734845495417e-02	  -1.5208895631713865e-01	   3.1200704801492440e-01	  -3.6042222763017585e-02	   4.3817403014107309e-01	  -2.3879223650209269e-01	   5.7699605817794097e-01	   4.6765805158380003e-01	   3.7321572433949290e-01	   3.4551452165959462e-01	   5.1640580228039668e-01	   5.4055128594308477e-01	   3.3549943595257298e-01	   2.5648118757526361e-01	   3.4372220577725354e-01	   2.8641716487087898e-01	   5.0018961971573817e-01	   5.1081011029417356e-01	   2.0580968677713418e-01	   3.9048746351469343e-01	   3.4613350832406764e-01	   2.8863755755572462e-01	   3.1686738291016270e-01	   9.3427554505827015e-02	   2.2741277460675391e-01	  -4.7252241786531098e-02	   3.1206064655284482e-01	   1.9156382461153521e-01	   4.2999123194444266e-01	  -2.0437401915245704e-01	   4.0548608137320391e-01	   1.5387500586890596e-01	   2.4933545367422089e-01	   3.7687090408567991e-01	   4.4462253340367031e-01	   3.7146060858083646e-01	   3.2792372945009074e-01	   3.4251088739309499e-01	   3.3816824083872626e-01	   2.3242384071990849e-01	   3.9201169367030692e-01	   2.8942259475026522e-01	   1.8407989757476004e-01	   5.3445347038114832e-01	   3.2426572294227762e-01	   1.5883440083533423e-01	   2.2113637042791318e-01	   9.4793242817311246e-02	   1.5761854782465107e-01	   1.6676005074653782e-01	  -1.9406261809420269e-01	  -2.9552532754023954e-02	   1.1010384461987478e-01	   2.0675425894228594e-01	   3.7174462887516507e-01	   7.1076727033872056e-01	   3.6032577183338632e-01	   5.1692787700646159e-01	   3.8373289805778465e-01	   4.1352525727433687e-01	   4.1622830308559905e-01	   4.1816000344977428e-01	   4.1343509188039879e-01	   4.7046251048095067e-01	   3.0294245148244209e-01	   2.1288103411894643e-01	   1.6526071533634235e-01	  -4.2471539000509512e-02	   2.6488941719676851e-01	   3.7944892473124166e-02	   9.7357394743134096e-02	  -1.6713517528361138e-01	   2.4783400873496531e-01	   5.0720175398504708e-01	   1.8542935091974541e-01	   4.8928194340949216e-01	   5.8198102576458399e-01	   2.7445229755710604e-01	  -1.7662532724151045e-03	   1.3161208293497390e-01	
   2.2781657597564531e-01	  -6.7776638212362919e-02	   1.4207671292350321e-01	   6.9057279689654205e-01	   4.8682553337704093e-01	   0.0000000000000000e+00	   4.8075109565475216e-01	   7.0538235934950455e-01	   5.2091502781673837e-01	   8.6203749568044474e-01	  -9.9595257605327767e-02	   3.6089548033321506e-01	  -1.9115690831735541e-01	   2.4409511817357488e-01	  -2.2307067895364813e-02	   1.1603858910240830e-01	   1.6100076769744920e-01	   6.2633915097313780e-02	   2.2585068668051919e-01	   2.1461290271600730e-01	  -3.6472709302888866e-02	   6.9182214685552176e-03	   2.1243712642658824e-01	   4.3989822043812732e-01	   2.2272922116608079e-01	   4.4842380754087829e-01	   1.9015653163367764e-02	   3.6617879318697921e-01	  -1.3207907728280688e-01	  -9.1250012959731716e-02	   1.4831318975367086e-01	   3.5343908468390817e-01	   2.1330783758529148e-01	   4.3913415952813306e-01	   3.3762909013702913e-01	   2.6826959450806687e-01	  -3.7814311167207515e-01	  -6.1010072161485396e-01	  -2.5834671387808450e-01	  -5.3106835236093342e-01	  -1.5795165657385657e-01	  -5.7837741644522744e-01	   2.2798994392547867e-01	   5.9783307067982766e-02	  -1.8941601043911435e-03	  -5.1943670252715844e-03	   2.6132819081017522e-01	   2.4436345353958011e-01	   8.5161373209990981e-02	  -1.2838323883787767e-02	   9.9823431730739459e-02	   1.5094321415757740e-02	   3.6547119244384585e-01	   2.7828653768817135e-01	   1.9033773693866995e-01	   2.9486338715515169e-02	   2.7606361034167515e-01	   1.3734633622071732e-01	   3.6143330299059540e-01	   4.8690815238681284e-01	   2.4919183429261768e-01	   3.8949385855214930e-01	   3.2044106291652052e-01	   9.8462269992191237e-02	   2.5930524520915921e-01	   2.5953495109662361e-01	   4.1487672443197776e-01	   4.7325378953924752e-01	   5.4384662510037741e-02	   2.8846274346003925e-01	   2.0294674018288880e-01	   2.7437448101968132e-01	   4.3645171266359396e-02	  -1.2383291506908911e-01	   1.8294639687985476e-02	  -2.3580169988992256e-01	   7.7478000090907967e-02	  -1.5037240601347668e-01	  -6.6331920624107549e-03	   3.2534449976119623e-01	   1.3713551271151869e-01	   3.8933318613367095e-02	  -2.8922622734692427e-01	  -2.1927746801862233e-01	   3.1825924780764028e-03	   2.3867757190981620e-01	  -2.3343273088364089e-01	  -1.7437644316708668e-02	   3.0587058277730783e-01	   3.0911097052088021e-01	   7.7302285341044152e-01	   3.7614520482714431e-01	   7.4079352008921773e-01	   3.8829225092923036e-01	   4.5269593022469565e-02	   1.5323941929363546e-01	   8.3103341540825160e-02	   1.5712296790086036e-01	   3.7652706687351778e-01	   2.6658752697748311e-01	   2.2248076070404610e-01	   1.1334173095441079e-01	   1.5806048847429316e-01	   2.3683701499186097e-02	   3.6558406433366186e-01	   1.6952339829011429e-01	   3.1216811469293965e-01	   7.1096325176218264e-02	   1.1564936086391930e-01	   2.6048360598291387e-01	  -1.6137928853374056e-01	   2.4654460130967881e-01	   3.4531370851677218e-01	   5.3470839014717650e-02	   1.0052765040726956e-01	  -3.7542021349677296e-02	
   5.3378797585010118e-01	   1.0774362356706213e-01	   7.5896889282432611e-01	   4.9292153087589280e-01	   7.8194859429460450e-01	   4.8075109565475216e-01	   0.0000000000000000e+00	   5.8181226446162593e-01	   8.0334043193419780e-01	   4.3782920049738910e-01	   3.6423697292452384e-01	   2.8705369487975813e-01	   7.6037061471827178e-02	   1.8346208252929729e-02	   3.6924522938809728e-01	   2.8803058858118219e-01	   5.1980110935663260e-01	   4.0117598543748861e-01	   6.8734244149754020e-01	   6.0657043598662752e-01	   2.9942170062121964e-01	  -3.4107379047489131e-02	   5.5864315429721856e-01	   3.7226159867814179e-01	   2.1829463278478817e-01	   1.9649140884805005e-01	   3.8074577978938470e-02	  -2.7161258158841222e-03	   4.3474222994638190e-01	   4.2383790692331635e-01	   5.2189338204941449e-01	   6.1414142716820042e-01	   6.5553522946047860e-01	   6.6357378454121874e-01	   3.3601879305184384e-01	   1.9177388199942963e-01	  -1.4351464574273232e-01	  -2.8435141516974050e-01	   1.6868718599130642e-01	  -1.5971850759624295e-01	   3.1502282075981608e-01	  -3.2963525847598785e-01	   4.8217404294913346e-01	   3.7669648367674580e-01	   2.1733935994252263e-01	   2.1653714931749812e-01	   4.6886656616603128e-01	   5.2441291025884751e-01	   2.7574034614511400e-01	   2.0901667018330991e-01	   3.2838788060798663e-01	   3.1203457105974081e-01	   4.6548358956015712e-01	   5.5918373642922614e-01	   2.5832351737580578e-01	   4.2112118899142492e-01	   3.9322798191707642e-01	   1.5150265027057191e-01	   4.9402418591600961e-01	   1.8900846208808023e-01	   4.8770654175696015e-01	   2.1276781164983338e-01	   5.1984960967180815e-01	   3.6647817854634956e-01	   4.6700145691607292e-01	  -3.1533899002667024e-02	   5.3905087735719959e-01	   3.0271374159095399e-01	   3.0348215038946874e-01	   3.3515709005039773e-01	   5.6386023687031728e-01	   6.1386471579556057e-01	   4.7880260742172842e-01	   3.8529638943419547e-01	   4.2902253880680030e-01	   2.5198921674074559e-01	   5.7991032942864074e-01	   3.7565512883595120e-01	   2.3553613774007176e-01	   4.8474465190739663e-01	   4.1897252389046624e-01	   2.1954230946724596e-01	   1.3619544834720565e-01	   5.6196092798446853e-02	   1.4393921773987417e-01	   2.2654524162911707e-01	  -3.0919439692560757e-01	  -3.9709741751548358e-02	   2.6320905813425499e-01	   2.5750565563861716e-01	   5.0645616957026818e-01	   7.1607599913904285e-01	   5.4576001268228647e-01	   6.8426770980380369e-01	   3.6496762186797227e-01	   3.6194613580329915e-01	   3.7414515228071754e-01	   4.5329363677861534e-01	   4.9500036365040967e-01	   6.2392626042360466e-01	   3.8634426377433595e-01	   3.9161236703001556e-01	   1.7285303858029916e-01	   1.7780531874778138e-01	   3.1538923074991876e-01	   8.9796411947322283e-02	   1.5804814629031930e-01	   1.6728510815258333e-03	   2.4163645975117307e-01	   4.7289872037752023e-01	   2.5650251779007682e-01	   5.1641388359228191e-01	   5.9780485596886757e-01	   1.9500046516451938e-01	   7.0140685464295666e-02	   2.1185967486129686e-01	
   4.6776200999814316e-01	   7.9782687450314027e-02	   3.3264307546395955e-01	   8.2455354692380300e-01	   2.7767479287978147e-01	   7.0538235934950455e-01	   5.8181226446162593e-01	   0.0000000000000000e+00	   3.6273096788661474e-01	   7.2035791338064792e-01	   1.7439016842101621e-01	   7.0328117492073738e-01	   1.7689850167558657e-01	   5.0012939443902671e-01	   8.2837250142967656e-03	   3.9502808227039177e-01	   2.7033396997776032e-01	   6.4201194798046875e-03	   3.9677633878429552e-01	   4.6162358381849611e-01	  -2.0491813365086997e-01	  -5.6577268265254367e-02	   1.6415603853937960e-01	   4.2937488718709393e-01	  -4.3228226174508826e-02	   1.1599836354223551e-01	  -7.9663681551659843e-02	   1.8560984286013923e-01	   5.1514887700074209e-02	   8.2642249830023370e-02	   4.0273003864271496e-02	   2.8485670289316856e-01	   2.5422502732945162e-01	   4.9102626476443084e-01	   5.2425715988146937e-02	   1.7663977918826379e-01	  -2.4593313409598183e-01	  -4.6937770859849265e-01	  -1.4609471957851972e-01	  -3.2096187990807995e-01	  -8.7215052137461391e-02	  -4.1194094043334700e-01	   2.4039854731636828e-01	   1.5478050778644517e-01	  -2.0956086140140832e-02	   3.6416674638007851e-02	   3.7636474793995678e-01	   3.8058008158716827e-01	   1.5918977150794150e-01	   1.2800272239191107e-01	   2.4157844614112101e-01	   2.4493673036139776e-01	   4.2472183425569782e-01	   3.5394805183736366e-01	   4.9845059320512408e-01	   3.0636080793998566e-01	   3.2848127866025323e-01	   2.0465348967578961e-01	   5.4295665443199692e-01	   6.8120000254036783e-01	   5.1322611727554379e-01	   6.8488988370948012e-01	   4.7786796851419416e-01	   3.5939364519033989e-01	   3.5260999420698602e-01	   4.3979437701090873e-01	   5.1233428921516333e-01	   6.1027986674189227e-01	   2.5153361467269975e-01	   3.9459039154623338e-01	   3.8870311394709045e-01	   5.1561345688618820e-01	   1.6730398512377703e-01	   7.5954632384438336e-02	   6.9905110856095687e-02	  -1.1182809169445596e-01	   3.0522140938095232e-01	   1.0493405262755651e-01	  -8.7592285698073740e-03	   9.7449377397698642e-02	   2.0898124957878703e-01	   1.5205997705085889e-01	  -1.6099195487361279e-01	   6.4202764465529387e-03	   8.8225239479841566e-02	   3.8677225936209558e-01	  -2.8799975254355592e-01	   7.8997165906900133e-02	   4.6850746816433780e-01	   4.3532047004580521e-01	   7.4624040536933334e-01	   3.2845921419036839e-01	   7.6291726684824313e-01	   5.4938873202659977e-01	   1.1357448593117893e-01	   1.1633240357888325e-01	   2.8131210766573089e-01	   3.0163651046865098e-01	   5.7532668268437792e-01	   4.6349790379160011e-01	   3.8054284231442520e-01	   3.1366324717713595e-01	   2.9827647609009189e-01	   2.7914872386758155e-01	   2.6289801564681214e-01	   3.1414252365723830e-02	   2.8944955326001726e-01	   9.8986759609320088e-02	  -3.7628191767829760e-03	   2.0661552863023347e-01	   1.0024914654042419e-01	   4.0803625797030396e-01	   4.6000729936448526e-01	   8.1022690058950325e-02	   1.0226453390967159e-01	  -8.4469144685852503e-03	
   2.5905897773558784e-01	   1.9324768276265442e-01	   5.6877515090139608e-01	   4.2158452763852339e-01	   8.8662136928538238e-01	   5.2091502781673837e-01	   8.0334043193419780e-01	   3.6273096788661474e-01	   0.0000000000000000e+00	   5.2096880005804758e-01	   3.2527362380462160e-01	   7.9182165640568847e-02	  -3.7977119488086636e-03	   3.8527755720239698e-02	   4.9311828059503315e-01	   3.3645779119554786e-01	   2.4994784935511466e-01	   3.2286541396429103e-01	   3.9705140786124360e-01	   3.5414912113819974e-01	   3.5566164457411431e-01	   4.7565672627353769e-02	   6.4772978992670949e-01	   4.5580143839583859e-01	   3.9925358690211332e-01	   3.4411611097381239e-01	   2.8918198875183265e-01	   2.1487687113646894e-01	   1.8644310452678303e-01	   1.6563422250027321e-01	   4.3892526549187372e-01	   5.1835818816167523e-01	   4.8505207482543333e-01	   4.8917111506416661e-01	   3.7634885871345358e-01	   1.1094495333509359e-01	  -1.4307511829212805e-01	  -2.3107642168470277e-01	   1.6125227186219593e-01	  -1.1334026577622801e-01	   2.5305726033762599e-01	  -2.2378141020097131e-01	   4.0806413210412895e-01	   2.7676844202910023e-01	   1.3700583657283885e-01	   1.1864972334790708e-01	   3.4233022820043973e-01	   3.8312303971344219e-01	   1.7111061741774564e-01	   9.1632282385494285e-02	   2.9863807327706188e-01	   2.7306646487881381e-01	   4.7795197319261640e-01	   5.2891627712627542e-01	   9.1460979799467962e-02	   2.6583318486087198e-01	   2.5325713704216607e-01	   2.5541443125319824e-01	   3.8745101387805747e-01	   1.6529305527617733e-01	   4.3477842015242268e-01	   1.6993283843056550e-01	   2.6906685101676148e-01	   2.0154700661120251e-01	   5.0641366065961491e-01	   6.0423519420158629e-04	   3.1085315179817430e-01	   1.0862357449449284e-01	   1.9131525484750508e-01	   3.3712659361000941e-01	   3.4153098544712263e-01	   3.2592617196415502e-01	   1.3981945465056125e-01	   1.5001628963372537e-01	   1.3478379046960950e-01	   3.7887237772522647e-02	   2.6096565141751293e-01	   1.7409505818876014e-01	   1.1243101284019197e-01	   4.2922155512477922e-01	   2.1410320950048595e-01	   9.2476010427936309e-02	   1.7556182668637155e-01	   9.3939634764976646e-02	   2.5617149835269887e-01	   2.8578471514117015e-01	  -8.4431390689752792e-02	   1.2321907198573290e-01	   2.7420041765634062e-01	   3.4713758617884605e-01	   3.6458539458963390e-01	   7.1925700889942323e-01	   3.7176675626481875e-01	   4.9533901801275615e-01	   3.1128980614084623e-01	   3.5478017858467148e-01	   2.7898359045936594e-01	   3.3113854355617145e-01	   2.4631529363681831e-01	   4.0736589142483692e-01	   1.2531300197196038e-01	   1.5394947535582870e-01	   8.1409655082123347e-02	  -5.3942494329843483e-03	   2.6814866489685307e-01	   1.1854851853446938e-01	   1.5648823412013993e-01	  -8.9425775622443165e-02	   2.2693764422442092e-01	   4.7237893624792660e-01	   1.8266347947645883e-01	   3.1841561634373372e-01	   4.4274768411804200e-01	   2.3267152923911869e-01	   7.8793232835803917e-02	   1.6504062360849614e-01	
   1.4962524343341993e-01	  -1.4794988078773788e-01	   5.5699876279586308e-02	   6.5413978721103472e-01	   3.0958497423512554e-01	   8.6203749568044474e-01	   4.3782920049738910e-01	   7.2035791338064792e-01	   5.2096880005804758e-01	   0.0000000000000000e+00	   1.4447597226783801e-01	   4.3636655615187736e-01	   2.4133576568877151e-02	   4.6129564667726486e-01	   8.8665044415088295e-02	   2.7508583767356115e-01	  -2.0552836920946588e-02	  -1.5743700339217059e-01	   6.4342930097338102e-02	   5.9825763509090107e-02	  -2.0743150382727088e-01	  -3.5477645909683948e-02	   1.4863808901505740e-01	   3.9521178626656106e-01	   8.2182049577969707e-02	   2.2767881935929624e-01	   1.3285885838339714e-01	   4.4578850692997729e-01	  -2.6310079210060411e-01	  -2.8649425656412775e-01	  -1.2659208503000047e-01	   8.1069707392219345e-02	  -1.5094744522671979e-02	   2.1650612943274947e-01	   1.6215588811597070e-01	   1.5333454477238567e-01	  -3.5269735985496264e-01	  -5.4807089836429457e-01	  -2.9607937455227651e-01	  -4.4411364486878924e-01	  -3.0495472949353253e-01	  -4.4378266442095726e-01	   1.8504670525466824e-02	  -1.4117583384621646e-01	  -2.5078239005522834e-01	  -2.2758002229813312e-01	   8.2281757978514267e-02	   6.9548798158304309e-02	  -6.8300603357105499e-02	  -1.7358084129479706e-01	   9.9723176289357313e-02	  -9.0856317583818747e-04	   3.3130359943744281e-01	   2.4218815620718515e-01	   1.3715000453690609e-01	  -5.2232930211992046e-02	   1.3661568388429396e-01	   4.4742550170013953e-02	   4.5938449662918868e-01	   5.1837905802083128e-01	   4.4858751600616126e-01	   6.3232292010801450e-01	   1.7429065805400323e-01	   2.0914943865190983e-02	   2.7645778889906236e-01	   4.5185187183717057e-01	   2.6104185884316744e-01	   3.8662889290573454e-01	  -2.9547879297056347e-02	   1.9252433623760545e-01	   5.9610320386825316e-02	   1.8071798941204986e-01	  -1.6287271801338069e-01	  -2.9673521316831142e-01	  -1.6468677162251766e-01	  -3.6059783791279254e-01	  -3.6490955482622191e-02	  -2.0101275063200869e-01	  -1.0969804937042661e-01	   1.3379124043708712e-01	   1.6113280453895437e-03	  -4.9323812316014404e-02	  -3.0879703264418945e-01	  -1.4231663722407228e-01	   6.7065442687027077e-02	   2.8319128179078989e-01	  -1.5883062207514123e-01	   9.2274704149255454e-02	   4.3144837648017892e-01	   3.7559458118602973e-01	   6.6220390193864198e-01	   3.3962271039433878e-01	   6.7650853117988641e-01	   3.4117955253243842e-01	   4.2906819837737607e-02	   1.0925932222252425e-01	   2.2267263682717076e-02	   1.0371527691873585e-01	   1.8522033614296188e-01	   1.9433460002780972e-01	   2.8114600890290589e-03	   7.2859044246786409e-02	   1.1609677489673417e-02	   6.7131696670179292e-02	   2.8052202202875920e-01	   1.8751138101461104e-01	   2.2433249813041942e-01	   1.3791442966254128e-01	   1.0061305978597813e-01	   2.4097943569216229e-01	  -1.1189714517261115e-01	   3.4199562389000890e-02	   1.7585119436904051e-01	  -1.3796836759305375e-02	   1.7876308951051634e-01	   7.8778348694204664e-02	
   2.6240313672411608e-01	   6.6322804181953701e-02	   4.1015561510732557e-01	  -1.1099669600413722e-02	   1.0904934189193267e-01	  -9.9595257605327767e-02	   3.6423697292452384e-01	   1.7439016842101621e-01	   3.2527362380462160e-01	   1.4447597226783801e-01	   0.0000000000000000e+00	   4.1731096371378779e-01	   7.4969608858880443e-01	   3.9895411486012078e-01	   7.0406529153678599e-01	   6.6002855954124917e-01	   2.0211801373193633e-01	   7.6257395050366938e-02	   3.5558361146959633e-01	   3.1782883132754958e-01	   1.2675128673691413e-01	   4.7105990038893791e-02	   4.2777644755416627e-01	   2.9554411956315008e-01	  -1.2829643146497535e-01	  -2.4661364079711665e-01	   1.4188661504432898e-01	  -1.0544305177413900e-01	   3.3068033914011363e-01	   2.4990821304344790e-01	   7.5966207091650889e-02	   4.9532526142470452e-02	   1.5489767144469618e-01	   6.3294753097305451e-02	  -8.3713955194648484e-02	  -1.7202644244165710e-01	   1.5426959782336813e-01	   1.5036426790038282e-01	   1.0480160823173387e-01	   9.6830851926986997e-02	   2.7602939610974925e-01	   2.1257753261375095e-01	  -1.3636894101118743e-01	  -1.7008466140829862e-01	  -2.5240145528110675e-01	  -2.5007345675026998e-01	  -1.5645155985998688e-01	  -6.3928696443860747e-02	  -1.1432714013048621e-01	  -6.7694582735090131e-02	   4.3512864752068094e-02	   1.9460655763204091e-01	   6.8913101658078416e-02	   3.2077212191452492e-01	  -7.9936925280887416e-02	   1.1666066780761389e-01	   4.8414088626977117e-02	  -5.9323450047740159e-02	   1.8791096068895202e-01	  -3.0686645656711704e-02	   7.1001103069220894e-01	   2.9293652417782023e-01	  -1.4606315482596400e-02	  -1.9736277638555802e-02	   3.0106431620912066e-01	   1.0979025423167635e-01	  -9.8809806528011718e-02	  -2.2641620947308558e-01	   1.9602880345595175e-01	   8.1724620399992370e-02	   1.5126400694311318e-01	   2.2271167404010944e-01	   2.5992077407606085e-01	   2.8539610051975817e-01	   2.2576204768453811e-01	   2.1127643837603097e-01	   2.8748864120811135e-01	   2.4844502299696750e-01	  -5.3603752347780184e-02	   1.9855068294469749e-01	   4.3701015437107714e-02	   1.2296953693083551e-01	   4.6560310400953364e-01	   2.8312375135534140e-01	   4.3279421158918735e-01	   2.6983530077759055e-01	   2.5956363867543741e-01	   3.0038453727121672e-01	   3.9148359143749401e-01	   3.6908701769711577e-01	  -4.7385495315613112e-02	   3.1860091727330120e-01	   2.7852349817794213e-02	   2.7687155514381279e-01	   5.2362659321532848e-02	   7.6333110557129533e-02	  -3.7310392711820961e-02	   1.4867521262784400e-01	  -2.4125127406254276e-02	   2.7748823521938742e-01	  -1.0891754285879385e-01	   1.0669622631560982e-01	  -2.0529210187339791e-01	   2.3412874835190218e-03	  -1.1874937007752150e-02	   2.0561590000801033e-01	   1.3741679318122693e-01	   1.7505584931729182e-01	  -9.6158964145520470e-02	   6.5472903125584334e-02	   1.7660532243849728e-01	  -6.6647665189081801e-02	  -4.5100811453995984e-02	   1.3528867076064294e-01	   1.8637540754859278e-01	   1.2098900877185134e-01	
   5.0583697856183418e-01	  -7.6914080371657707e-03	   1.7421351944515373e-01	   5.1453388737878192e-01	  -2.5469103763772108e-02	   3.6089548033321506e-01	   2.8705369487975813e-01	   7.0328117492073738e-01	   7.9182165640568847e-02	   4.3636655615187736e-01	   4.1731096371378779e-01	   0.0000000000000000e+00	   5.1663437971881554e-01	   7.3603775337254040e-01	   9.0052070823700339e-03	   4.3698565709661091e-01	   1.8600610220552255e-01	  -4.2830072919811744e-02	   3.1332736705123465e-01	   3.4599569097811850e-01	  -2.4116225907000993e-01	  -2.7768333173733704e-02	   3.0057635765857092e-02	   3.0156160874597493e-01	  -1.9519080408015979e-01	  -6.0231339733347995e-02	  -1.3934759844125866e-01	   5.2784530660581384e-02	   2.7121036218683638e-02	   1.3565878112945048e-01	  -3.6136283291704721e-02	   1.0760440809073568e-01	   1.3256677619926885e-01	   3.1975301119682958e-01	  -6.9163754789149365e-02	   6.9482428565878246e-02	   1.7929900362348379e-02	  -9.3473821925463621e-02	  -3.9502531354939793e-02	  -7.8036249374218117e-02	   3.3073418218896311e-02	  -2.0480876981131463e-01	  -7.0656746369825468e-02	  -1.2361255413827285e-01	  -2.9369951731056121e-01	  -2.4421852929736998e-01	  -1.0215227662385880e-03	   7.1984310347453825e-02	  -7.1956129473377956e-02	  -6.2675792356001625e-02	  -5.1510878122844439e-02	  -2.7187160350266304e-03	   8.5146144044432215e-02	   1.4800586346908290e-01	   2.4113898217607088e-01	   2.0329930750391140e-01	   2.3219199237648536e-01	   5.7958441832421936e-02	   2.8218034104802586e-01	   5.1731632342263745e-01	   6.4402542358260861e-01	   7.3853401578800304e-01	   2.3725640542174992e-01	   1.7792087152749292e-01	   1.1601571090274158e-01	   4.6612170976480194e-01	   1.5324692513806962e-01	   3.1032984454955287e-01	   1.5405685840207134e-01	   9.9271098046388423e-02	   3.0229299081337424e-01	   3.6730074262989376e-01	   2.6348436416399507e-01	   2.5804624225620221e-01	   2.5149494857252574e-01	   1.6021512649286540e-01	   3.0309702901867130e-01	   1.9615889379226886e-01	  -1.7846992088116947e-01	   8.1438861278110092e-02	   2.0237827450095058e-02	   9.5439475172481456e-02	  -1.3270904302554704e-02	   8.6852596327270506e-02	   1.0133062791994885e-01	   3.0819179870100771e-01	   8.4703168651323615e-02	   1.5616150107710913e-01	   3.5582850082368334e-01	   4.4151642810477115e-01	   3.4943373671193267e-01	   7.8784298806043734e-02	   4.2868819045027207e-01	   3.4215384899561979e-01	   2.8966368180057267e-03	   3.1951229366044470e-02	   9.0513248236626487e-02	   2.4324741240813552e-01	   3.5069164939518904e-01	   3.7375351718833827e-01	   1.7046457653829100e-01	   2.5332878683751436e-01	   1.0091582563266288e-01	   1.8903136788511643e-01	   2.0914555325336134e-01	   1.8683983457759606e-01	   2.3085311202855419e-01	   1.1207306914032837e-01	  -1.2605676791563325e-01	   1.7724994414275684e-02	   9.0159859642678655e-02	   2.1320515052994898e-01	   1.9695813500187156e-01	   1.2369757848135336e-01	   1.5883717365409336e-01	  -1.0259939209522997e-01	
   2.7690654962030525e-01	  -7.0798365202466809e-02	   2.1027557155060406e-01	  -3.2379221247025733e-02	  -1.8216241275675618e-01	  -1.9115690831735541e-01	   7.6037061471827178e-02	   1.7689850167558657e-01	  -3.7977119488086636e-03	   2.4133576568877151e-02	   7.4969608858880443e-01	   5.1663437971881554e-01	   0.0000000000000000e+00	   6.1210172738840263e-01	   4.4199937008835122e-01	   5.4602431332737578e-01	   1.0715943840121762e-01	  -1.4581381779738437e-01	   2.3905182529271354e-01	   2.6652755731418126e-01	  -1.3993965439704531e-01	   2.1741397034460895e-02	   6.5278271999411330e-02	   1.2024489956707213e-01	  -2.7375542862397440e-01	  -3.4954926265928532e-01	   4.1113535368245491e-03	  -1.5509679445971153e-01	   1.9763809021863782e-01	   1.1281766769060347e-01	  -1.2924096045850461e-01	  -1.4321831062551560e-01	   2.2953859913531303e-02	  -6.6466127657371990e-03	  -2.7732110665817861e-01	  -2.3820996352521789e-01	   2.2217744807121176e-01	   2.3602445593815619e-01	   1.3112682301136436e-01	   1.9162236105572172e-01	   2.6700781836933918e-01	   3.1224291764019074e-01	  -1.5744406087155416e-01	  -1.6212341240948847e-01	  -3.0083844080802513e-01	  -2.6362116729767315e-01	  -1.7313481722625318e-01	  -1.0442025248492792e-01	  -1.7101986969485933e-01	  -1.0434326637379429e-01	  -7.6424601568843217e-02	   1.2644482011869160e-02	  -9.2413670946355705e-02	   3.2908477931197680e-02	   4.5330463922429983e-03	   1.1134757463318842e-01	  -7.8257118966321981e-03	  -2.0292566145814173e-01	   2.2151610265485934e-02	   1.3259781728624631e-02	   5.4977994283787146e-01	   2.4889788206613217e-01	   5.2116518346672483e-02	  -2.3870747185240938e-02	   1.6386769239514701e-01	   1.9797723637180326e-01	  -1.4385728275079240e-01	  -1.7405901744417374e-01	   2.2805126126787967e-01	   9.1306525775330730e-02	   1.0430744013019803e-01	   1.7241705039195121e-01	   2.0927765063791520e-01	   1.5532098077840087e-01	   1.8124532851435354e-01	   1.3088820568334253e-01	   2.3710438698129765e-01	   1.8134056323573661e-01	  -1.7548044367695587e-01	  -1.9894865479297585e-02	  -8.6469615997904793e-03	   1.5769757871368478e-01	   4.2967727715995441e-01	   3.5122020866955905e-01	   3.1913524286067385e-01	   2.7151237456034494e-01	   3.6236364287420786e-01	   3.7066544471189766e-01	   3.6211069360628978e-01	   3.7203540527712436e-01	  -1.0409112412730606e-01	   9.1592732430459123e-02	  -7.7301670053653475e-03	   2.1040703181515827e-01	   1.1891126708491156e-01	   5.4561057573173352e-02	   3.3329424707942160e-02	   1.9934292666253389e-01	  -4.8109974424195970e-02	   2.0372389505917698e-01	  -7.2481811735092549e-02	   1.7978548918343806e-01	  -1.1008907520238684e-01	   1.4985246660151244e-01	   2.5145593441513937e-02	   9.1191407552720677e-02	   3.8965756789341235e-02	   2.6361398167190186e-01	  -7.3662036508765530e-02	   4.6386714500417937e-04	   2.4910781678357191e-01	   1.0054351039026721e-02	  -5.4712676125932072e-02	   1.6612388571380565e-01	   1.6261216473497764e-01	   1.1081490644823506e-01	
