   0.0000000000000000e+00	   9.2964493061279729e-01	   3.2349882015446380e-01	   5.8742791268975714e-01	   2.7031646751604577e-01	   2.8697684667003437e-01	   2.1426433118439991e-01	   5.3160408279912619e-01	   3.7906659364895301e-01	   3.2140801398974245e-01	   6.9872236909448437e-01	   6.7397309057442301e-01	   3.8619286812148024e-01	   5.8818433613176113e-01	   5.4036570089097724e-01	   6.2594117665262250e-01	   7.3587550836523663e-01	   7.7123586529582111e-01	   7.2153560570272490e-01	   8.1950717943442508e-01	   2.9244949787441338e-01	   3.6921919262428227e-01	   2.7990560877552600e-01	   4.4137097401066827e-01	   2.9643820523452280e-01	   1.6134500935600410e-01	   6.5055926025912258e-01	   5.8729857769298566e-01	   4.5532096613167172e-01	   5.4273373155649884e-01	   7.0731782037791305e-02	   1.2514776874491673e-01	   5.7915237689240073e-01	   7.3952144031143807e-01	   3.4433888350568453e-01	   5.3045427429763592e-01	   6.7190217529408958e-01	   6.4786396535788793e-01	   5.5726430031068208e-01	   5.6605895135624507e-01	   7.2634085648141333e-01	   6.5458657605252801e-01	   3.5252056688760391e-01	   3.0567479313353152e-01	   1.8264545699533768e-01	   3.0158705562520893e-01	   6.4655181671769124e-01	   6.6074300642818107e-01	   3.9150224521860305e-01	   5.3871791717979045e-01	   7.0334182413553958e-01	   6.4986642982001641e-01	   7.2109871246056567e-01	   7.3826033869065000e-01	   7.4397210759679744e-01	   6.7163051318802192e-01	   9.2687414749665020e-01	   8.5167724363526154e-01	   8.5424146220178709e-01	   8.4438179100270605e-01	   5.6443309273541054e-01	   6.3152526619386995e-01	   6.4409892335978292e-01	   7.3958361093753489e-01	   3.8303449875365114e-01	   5.9780580117153370e-01	   5.9228058213846912e-01	   5.9173353978556120e-01	   8.6742057016266183e-01	   8.5592702761761030e-01	   4.0606554696178232e-01	   4.2831071320373099e-01	   7.1561446375332338e-01	   6.4115887865021171e-01	   6.8877893050930594e-01	   6.7618747361834508e-01	   7.1874433102732027e-01	   7.4977255781864127e-01	   6.3552107469089159e-01	   4.9718619544918830e-01	   8.2253890977697552e-01	   7.1783036769838104e-01	   6.0496206125068552e-01	   7.0118585770502473e-01	   8.3948305701052028e-01	   8.3520765675790609e-01	   6.1201587971297422e-01	   6.7601039574257538e-01	   6.1147462135532538e-01	   8.6223719524314202e-01	   5.6337508105649547e-01	   3.3212330644247745e-01	   5.2349355760825944e-01	   3.8879728431401372e-01	   9.6405062433868344e-02	   2.4393037209363846e-01	   4.9914745759632373e-01	   3.6300068355565851e-01	   6.8569061044458168e-01	   5.2040201444126466e-01	   7.1912108318120627e-01	   6.2341822280171821e-01	   7.2769363970472212e-01	   8.8628105670161594e-01	   6.4791779919728154e-01	   3.8110083890993174e-01	   5.8477491260725911e-01	   6.5137594222589523e-01	   7.8200899377345780e-03	   1.7909515370543258e-03	   5.3710806189920235e-01	   4.9293213524674306e-01	   2.0448623486637479e-01	  -1.1068089812809517e-02	   3.1114009432400486e-01	  -7.7099151553161049e-02	
   9.2964493061279729e-01	   0.0000000000000000e+00	   2.0929078010553015e-01	   5.3265819922870650e-01	   2.3686052100434582e-01	   3.0679422348630148e-01	   1.2440761065596379e-01	   4.7862362595465946e-01	   2.9550759262203818e-01	   3.7618007491881994e-01	   5.8737841390680512e-01	   7.0106662197864933e-01	   3.0113785578546143e-01	   5.4506289943754260e-01	   5.1000431043162320e-01	   6.5919219255028905e-01	   6.8686096401915209e-01	   8.0180387038919765e-01	   7.0514724964427034e-01	   9.1122468577280979e-01	   2.3848797168586536e-01	   4.0693206513094682e-01	   1.7524174669262801e-01	   3.4116392398494533e-01	   2.0646819045284556e-01	   9.8424759849680299e-02	   5.9488880449177217e-01	   5.4593450112141695e-01	   4.4192006550649454e-01	   6.1723474717134219e-01	   1.4342502999799629e-02	   6.3527553028499800e-02	   5.1624303956446094e-01	   7.0095437336777344e-01	   1.8849545629200473e-01	   4.0584504010551137e-01	   5.8680138734560150e-01	   5.7458597280460477e-01	   4.3685607632792678e-01	   5.2579815866478541e-01	   7.4544676671180188e-01	   7.1358032217073397e-01	   1.8857586381924479e-01	   1.6642890369072930e-01	   3.4252555347165918e-02	   1.8647863718006430e-01	   5.2714231605525985e-01	   5.2999845749145202e-01	   2.5183408556070880e-01	   4.7513556402425694e-01	   6.2950478125003007e-01	   6.1727435739117720e-01	   6.7299120697290893e-01	   7.1671265374418769e-01	   6.6664138366900549e-01	   5.9587021609575308e-01	   8.7756363324745967e-01	   8.7741340980667160e-01	   7.8271699441367426e-01	   8.3957380731330500e-01	   4.8382817006187095e-01	   6.4966457333162553e-01	   6.5848538038414040e-01	   8.1625433101914746e-01	   2.6407419653932696e-01	   4.9702365910594626e-01	   4.9190602622372281e-01	   5.2402264475730009e-01	   8.6957731910905811e-01	   8.7577953484240445e-01	   3.4262507987088353e-01	   5.0462185054350650e-01	   7.2059442356240344e-01	   7.6556784167872427e-01	   6.4970501571058437e-01	   7.6051736732741670e-01	   6.0501804733818632e-01	   6.7733650668976297e-01	   6.0015859936907212e-01	   5.3776952886303531e-01	   7.8664678838100033e-01	   7.2940398172907517e-01	   5.6918289097438102e-01	   7.1937848603635945e-01	   7.8621186148941713e-01	   8.4306872562828838e-01	   5.6164586987622489e-01	   7.1779168628659651e-01	   5.1450700331206212e-01	   8.3395983946806851e-01	   4.8699611686369476e-01	   2.5024758029539834e-01	   4.0809981536553819e-01	   3.8379049947038257e-01	   1.9207248130837674e-02	   1.6875569769084858e-01	   3.7143467592140822e-01	   2.9043684968634209e-01	   5.7836059770261938e-01	   3.6972032017945616e-01	   5.8234706256851521e-01	   6.2431713680210121e-01	   6.2215388461786425e-01	   8.3884639764016022e-01	   5.4506771959512623e-01	   2.3379474002488221e-01	   4.7159041474527080e-01	   5.2315021909772952e-01	  -3.8686416288164903e-02	  -8.3407550490608745e-02	   3.9225893059336137e-01	   3.2098239812186935e-01	   7.0937409443294047e-02	  -1.0803387055760717e-01	   1.3781235781753695e-01	  -1.2858225402294968e-01	
   3.2349882015446380e-01	   2.0929078010553015e-01	   0.0000000000000000e+00	   7.4481317656666857e-01	   7.5249070210158742e-01	   4.4621343086337401e-01	   8.8292783786195961e-01	   4.7146455797531056e-01	   8.6467881166633020e-01	   5.0899037010144199e-01	   3.3302461142865636e-01	   2.3926698689342260e-02	   4.0236298739213827e-01	   1.9429866017453212e-01	   6.0418710221178018e-01	   3.7228474785470900e-01	   2.9254066940178989e-03	   5.0997534714358325e-03	   1.5010825773654560e-01	   7.3083057758687800e-02	   1.9909179392520504e-01	   1.8421499232813435e-01	   9.0774270545043589e-01	   6.8604146774811270e-01	   8.1528682931737240e-01	   7.2026052627367365e-01	   4.6058091086849318e-01	   3.1629972606510104e-01	   7.4035087902473151e-02	  -7.7072158142495989e-02	   7.7786055856959657e-01	   7.3981814006668334e-01	   6.6806913863682404e-01	   5.2181781532430194e-01	   7.7246561397063429e-01	   6.3030099364111214e-01	   2.8230903481691205e-01	   2.3975488470484255e-01	   2.0708670038541427e-01	   7.3666315983532404e-02	   2.6393193106760826e-01	   8.2787223597331830e-02	   7.2953669853385661e-01	   6.3306614937559080e-01	   5.8225957988768562e-01	   5.5211655892434341e-01	   3.7669182354819403e-01	   5.5309716674454068e-01	   5.1066873587818196e-01	   5.3775379825101111e-01	   3.9533723527334119e-01	   3.8657356120995889e-01	   3.6807679566871909e-01	   4.3194351265023517e-01	   1.5862424989376564e-01	   2.4396289282026512e-01	   2.1122768482266652e-01	   2.3223201878551811e-01	   4.2782201706492606e-01	   3.2726351922396724e-01	   4.8613046986654879e-01	   2.5791032883630405e-01	  -1.5881132341573231e-01	  -1.3309809489436755e-01	   6.7889293965022790e-01	   3.6330730430990216e-01	   6.4430923074617463e-01	   4.0194246413476442e-01	   1.6068794450915025e-01	   1.9222154785594378e-01	   6.7736501584170061e-01	   4.3573833991337863e-01	   4.1717019386423349e-01	   1.6994546234738900e-01	   3.9959549453688026e-01	   3.2288523964300381e-01	   4.7650022379517964e-01	   3.6170440117816938e-01	   1.0699603198955455e-01	   7.3358149287284458e-02	   1.1117607106109439e-01	   1.6079001466077250e-01	   2.8601568768588437e-01	   1.5615880170123742e-01	   2.2742225728642551e-01	   1.1295835416753791e-01	   5.1075240534388744e-01	   1.6212761232648232e-01	  -2.2821029681580483e-02	   2.7756138858244761e-01	   3.4603769989659550e-01	   8.0112669497344013e-01	   1.4624675510582824e-01	   6.5783830355630912e-01	  -1.7592261760002897e-01	  -1.9653727855679398e-01	   6.8185920055794533e-02	  -1.5783938102518730e-01	   1.3550255993530208e-01	   4.5032666066622229e-01	   7.7933556624233666e-02	   5.6817142453504721e-01	   9.3128971710433259e-02	   3.9400207338881477e-01	   1.3001607120475422e-01	   9.2374572413017692e-02	   3.0513738601284740e-01	   2.7275402249427327e-01	  -2.1637739780284010e-01	  -3.1150117249709808e-01	   1.6597960070673626e-01	   2.3327915241915984e-01	   3.4926277329035693e-01	   2.2116813725259432e-01	   3.8358178532468895e-01	  -2.3761994120611238e-02	
   5.8742791268975714e-01	   5.3265819922870650e-01	   7.4481317656666857e-01	   0.0000000000000000e+00	   7.6383907286792274e-01	   6.9397255801255708e-01	   7.6769212203940573e-01	   8.5952351901627944e-01	   8.2455380583360238e-01	   6.6710352656675864e-01	   5.4128936091393642e-01	   4.9542535372267743e-01	   5.5510840590322275e-01	   5.9438987656779463e-01	   7.4087253614937354e-01	   7.6273561733952966e-01	   3.8629050852286501e-01	   3.8899181632633456e-01	   3.5171308124059114e-01	   5.2530706752521961e-01	   2.8784849302951798e-01	   4.5348631488947255e-01	   7.5895535990733087e-01	   8.3832341255313281e-01	   6.9739601043728250e-01	   7.1321707886454955e-01	   6.3453143923831767e-01	   6.0225028691151028e-01	   3.9160073336057433e-01	   4.3038228957676261e-01	   6.8401974905496454e-01	   7.3851689070768678e-01	   8.3164912562949223e-01	   8.2651846918670968e-01	   6.4738620990310880e-01	   7.2003927299080872e-01	   4.4684232121162948e-01	   4.5379003749477453e-01	   4.0246929299152034e-01	   3.4629550497753236e-01	   5.5792509627561160e-01	   4.9487627275380852e-01	   5.1709513754033809e-01	   4.3979859380272246e-01	   3.3621948256217166e-01	   4.5324477556922038e-01	   5.1264589897156720e-01	   5.6950684726574075e-01	   3.8595759377958683e-01	   5.4672917281092059e-01	   5.7060475559138335e-01	   5.3497202625259976e-01	   5.7887172996795466e-01	   7.0161741349022422e-01	   4.0907724617597779e-01	   4.2030959271519847e-01	   5.1765399683003754e-01	   4.8737377199643966e-01	   5.6642063491556982e-01	   6.3167006368739720e-01	   5.9322090059282362e-01	   7.2561381817248882e-01	   3.2863815804313873e-01	   3.5073131756156600e-01	   5.9173580671171311e-01	   6.3569528724478608e-01	   7.4281729830543397e-01	   6.8799337720757348e-01	   4.9991595939199640e-01	   5.4179836310567620e-01	   6.2818926554796728e-01	   5.7013827181321530e-01	   6.1913935063501924e-01	   5.2800988518885905e-01	   6.0154726805043757e-01	   6.5675478912712448e-01	   5.9308427808477571e-01	   6.2349013381938256e-01	   4.6132102134830838e-01	   3.9252976362319814e-01	   5.2313580638758528e-01	   5.1093016222060417e-01	   5.6340108271211131e-01	   5.5179433749875184e-01	   5.6133281459502238e-01	   5.3015146399905388e-01	   5.6394174729130031e-01	   4.8517415182749929e-01	   2.0034938753965076e-01	   6.0627251287447970e-01	   5.9755233235024263e-01	   6.3251009798757818e-01	   4.1710408231938972e-01	   6.5052509261062696e-01	   3.9452784639952644e-02	   4.8500663026409277e-02	   2.8699532137304185e-01	   4.3377291287858277e-02	   3.9675672286042851e-01	   4.2234572959045902e-01	   4.4275894403478522e-01	   7.2833260520218124e-01	   4.2212799279212171e-01	   6.8842680944876533e-01	   3.8555937993366340e-01	   2.2894982816639081e-01	   5.0968612761980403e-01	   4.9219093294206939e-01	   3.3842322672720346e-02	  -1.4826285477683859e-01	   2.7301199206141641e-01	   2.8361459290095531e-01	   2.9740369399832500e-01	   2.3174085510107692e-01	   3.1120569362713246e-01	   5.3351229478485238e-02	
   2.7031646751604577e-01	   2.3686052100434582e-01	   7.5249070210158742e-01	   7.6383907286792274e-01	   0.0000000000000000e+00	   7.8837206781732205e-01	   7.8577424352045955e-01	   5.8162557655082814e-01	   9.0456034453513845e-01	   7.5781628755439390e-01	   3.6382511119747907e-01	   2.3502530940004807e-01	   5.0799254468637256e-01	   3.5417844462982800e-01	   7.1324411589483006e-01	   5.4706228914128863e-01	   1.1992052290034760e-01	   1.4590802112181450e-01	   3.2591977642911808e-02	   1.9577211437001849e-01	   2.4796757097866867e-01	   4.7202253396136201e-01	   8.1061372938329268e-01	   7.3458262738594127e-01	   8.4547242201137007e-01	   8.5892581615094477e-01	   6.5404751951846274e-01	   5.7146671923743941e-01	   2.5546302894671569e-01	   2.3194098663405863e-01	   7.6674846496578497e-01	   7.7182190163911679e-01	   5.5823068290977096e-01	   4.7780689439496671e-01	   5.3842258713974989e-01	   4.8898217149352186e-01	   1.8992193786309419e-01	   1.5705669444857498e-01	   4.6301849315628682e-02	   2.6410793880405528e-02	   3.0840297995510735e-01	   2.7805062106297185e-01	   3.9644259548940597e-01	   2.8841275042328335e-01	   2.3219475201418316e-01	   2.8093642194706503e-01	   2.1547225230159386e-01	   3.1341542739486694e-01	   2.2453829455172047e-01	   3.8799883006664770e-01	   3.0441143677072141e-01	   3.2801262807273635e-01	   3.4524861671055079e-01	   4.6013579126410803e-01	   5.4636222002555981e-02	   7.5742069782578442e-02	   1.6980954363786566e-01	   1.9171763028298094e-01	   3.2983038399619247e-01	   3.6146976795106489e-01	   3.0993775970097659e-01	   3.7019418144195076e-01	  -6.5147668890782650e-03	   2.8539834828525679e-02	   3.2790921124577566e-01	   2.3924287011196874e-01	   4.8016705474390459e-01	   3.2685970563177802e-01	   2.0145192611777346e-01	   2.4349016082823369e-01	   6.0787857615444940e-01	   5.6005324788178246e-01	   4.0536617690077081e-01	   3.6468828862711478e-01	   3.2784851197412318e-01	   4.5638192683656542e-01	   2.8768461702121373e-01	   2.7633008925652491e-01	   1.7606658030412733e-01	   1.3792618051414893e-01	   1.9284074729679784e-01	   2.1747795783072243e-01	   4.2398826690122221e-01	   3.3917491326724836e-01	   2.1790103571174846e-01	   2.0581627980679651e-01	   4.3291911906896552e-01	   2.6554455770000041e-01	  -1.5726690674918975e-01	   2.5784917846042482e-01	   3.8722716264125412e-01	   7.1189123746389515e-01	   1.8716239869697157e-01	   7.4630412039286831e-01	  -2.0306248155990997e-01	  -1.6930532310589050e-01	  -7.3234402350138658e-02	  -2.8505403919675237e-01	   7.4690094262851656e-02	   1.3373590538461450e-01	   7.5638395274399015e-02	   6.4920387376844524e-01	   6.7211767325108501e-02	   3.7361408762736026e-01	  -2.8300322297026177e-02	  -7.0571331635828433e-02	   1.8524513940310849e-01	   9.4710956370348404e-02	  -1.5072558946175968e-01	  -3.1729384839281233e-01	  -6.9946231397813502e-02	   8.4320735117856288e-02	   2.9079420577923676e-01	   1.8996503686450550e-01	   1.0727637065722793e-01	  -6.9193407824308550e-02	
   2.8697684667003437e-01	   3.0679422348630148e-01	   4.4621343086337401e-01	   6.9397255801255708e-01	   7.8837206781732205e-01	   0.0000000000000000e+00	   4.8930989401446884e-01	   5.4822914737615103e-01	   6.6066929063628776e-01	   8.7687498879196302e-01	   3.6856606586809315e-01	   3.5999133051788346e-01	   4.9801091726921587e-01	   4.2890985959401495e-01	   6.0137751961602670e-01	   6.1425177689176780e-01	   2.8385182809295978e-01	   3.3843790945515245e-01	   9.9962290901391915e-02	   3.2807758733472536e-01	   4.5588168746687230e-01	   7.3070226035161190e-01	   5.1653607038247351e-01	   6.1752766820503713e-01	   6.7693263918738167e-01	   7.7646555048298094e-01	   7.0295043276515401e-01	   7.6096348727256502e-01	   2.8537898286776120e-01	   3.8121800931230432e-01	   5.2309757323682760e-01	   5.7850900608291134e-01	   4.1216867289982756e-01	   4.4481765251535488e-01	   2.8568812086582829e-01	   3.8227726474296653e-01	   1.7023648993906226e-01	   2.0159964138717404e-01	   6.3871104339677159e-02	   1.7584357595380534e-01	   3.3892204283567995e-01	   4.7999493823869305e-01	   1.6655823858356777e-01	   9.1461606377990612e-02	   6.6580853836614134e-02	   1.5609882469923039e-01	   1.8710549251520570e-01	   2.0048454587175130e-01	   7.7925659947693390e-02	   2.3816076750844500e-01	   1.8727694280431198e-01	   2.0880630012534895e-01	   2.7115078260543202e-01	   3.9813719830802807e-01	   4.7762155142643301e-02	   3.4689916933246197e-02	   2.7715083096913201e-01	   2.9114621146706954e-01	   3.0285449289883803e-01	   3.9830904460907873e-01	   1.9649426892047944e-01	   4.2197901103586860e-01	   1.0362802574615752e-01	   1.9797236166621510e-01	   1.8693959381870121e-01	   2.5912998119272923e-01	   3.1746118532573064e-01	   3.0050647179783263e-01	   2.9888424931028335e-01	   3.2973113501604234e-01	   5.5203352555377716e-01	   6.4987649385564228e-01	   3.6314110115210801e-01	   4.7896693425147796e-01	   2.6732497807391908e-01	   4.7286424844127972e-01	   1.2497989288188339e-01	   2.2019860128514979e-01	   2.6245201236903870e-01	   1.6588286271837691e-01	   2.8389879633318177e-01	   2.9378150625901239e-01	   4.3401811475320812e-01	   5.1155534732621599e-01	   2.4471480792891587e-01	   3.1995050553297294e-01	   2.8745847990867979e-01	   4.1371649890944351e-01	  -1.3161273297461895e-01	   3.3432657717065950e-01	   4.1271235306859655e-01	   5.2527423361655723e-01	   3.7134414737513988e-01	   6.7808419631431271e-01	  -8.7573273901888044e-02	  -1.0490585488866228e-01	  -5.6533915749666243e-02	  -2.5300500060995390e-01	   9.1029149477724336e-02	  -3.9676787054980962e-02	   2.3398144214656552e-01	   6.2938261840212473e-01	   9.8703199608885642e-02	   3.9676637743166621e-01	   1.8664590980119772e-02	  -7.3287105458066798e-02	   6.3954486444076850e-02	   8.2528652916151218e-02	  -1.9891949724581089e-02	  -1.6937038974807786e-01	  -6.0382055267642787e-02	   1.1774161380221387e-02	   1.4318926013332267e-01	   8.6907015701778334e-02	  -5.8458103012410612e-02	  -1.7290018552550321e-01	
   2.1426433118439991e-01	   1.2440761065596379e-01	   8.8292783786195961e-01	   7.6769212203940573e-01	   7.8577424352045955e-01	   4.8930989401446884e-01	   0.0000000000000000e+00	   6.6863300576162044e-01	   8.8232644310740116e-01	   4.8176747569623990e-01	   4.4661807027902745e-01	   2.0348415909973500e-01	   6.0030024210778132e-01	   3.8751693804628751e-01	   6.3161593867616439e-01	   4.5738700816486638e-01	   1.0887731861414483e-02	  -3.9434191358135438e-02	  -6.0524016765165015e-03	   3.5915567188297637e-02	   1.1301471420803880e-01	   2.1913149798867390e-01	   8.6715727246491492e-01	   7.4697811719316554e-01	   7.1351717083289667e-01	   7.3179720948634153e-01	   3.7739950770515174e-01	   3.2105216111767437e-01	   1.7898253356652616e-01	   9.5861639619456374e-02	   8.4936175394201940e-01	   8.2897153154356107e-01	   6.7320144525949277e-01	   5.0802528576883543e-01	   6.5612234606802322e-01	   5.7646463895750388e-01	   1.7016269881008117e-01	   1.4944249616247871e-01	   1.5638669128486521e-01	  -6.2550350611673855e-02	   2.9894978498944119e-01	   1.8399092851160420e-01	   6.0612277505919110e-01	   5.0402943464153194e-01	   4.4120056627454329e-01	   4.5116826809753074e-01	   3.1448045995407253e-01	   4.3108041714350098e-01	   3.6432034139460157e-01	   4.5581250341717816e-01	   3.7427101847214267e-01	   3.3665339327503924e-01	   3.9358072580787895e-01	   4.2382651985949027e-01	   1.5922415234028092e-01	   1.5698590861658979e-01	   7.2639631209064026e-02	   1.1554814267930127e-01	   2.6369517761642403e-01	   2.4099065926771457e-01	   5.1426943548943416e-01	   3.4189539292191706e-01	  -7.4571883459120192e-02	  -1.6082488299711328e-01	   5.5933491030519134e-01	   3.5443019884748439e-01	   5.7242531024112075e-01	   3.9718287401586388e-01	   6.0733277224243397e-02	   9.1401641690290719e-02	   6.7467702052254197e-01	   4.6562135089384077e-01	   4.5711621375747663e-01	   2.6926635837458029e-01	   4.1835807624955157e-01	   4.0673063594621039e-01	   4.2371918595303781e-01	   3.5581732933593169e-01	   1.6465278389501845e-01	   1.4781732090591054e-01	   8.8225468101589211e-02	   1.5940342166344651e-01	   3.5654359001293057e-01	   2.1773224330960761e-01	   1.6064819375670500e-01	   1.0291677899638529e-01	   3.5407408617433550e-01	   1.4430761727587535e-01	  -7.9210414857114511e-02	   2.0672259895801848e-01	   3.8770392963102529e-01	   6.9264772687514187e-01	   1.7970201087330637e-01	   6.2084895524497818e-01	  -9.7172192892500370e-02	  -1.3862967034150264e-01	   5.1268480943004291e-02	  -1.3805421015594221e-01	   1.3948677339097718e-01	   4.1591462953986713e-01	   8.0589459857501086e-02	   5.3784373879339309e-01	   4.1128522767936555e-02	   3.1177370863440201e-01	   5.5702619018572014e-02	   1.9698752416816720e-02	   3.0204385059279187e-01	   1.7334096877209704e-01	  -6.6267356558668750e-02	  -1.9716629644888720e-01	   7.7857060646398787e-02	   2.0831221656489624e-01	   4.5843788036664879e-01	   3.9464816664917851e-01	   3.3285015794894746e-01	   1.1783397192404621e-01	
   5.3160408279912619e-01	   4.7862362595465946e-01	   4.7146455797531056e-01	   8.5952351901627944e-01	   5.8162557655082814e-01	   5.4822914737615103e-01	   6.6863300576162044e-01	   0.0000000000000000e+00	   6.6750857296639254e-01	   4.5489247606016336e-01	   5.9483369216307103e-01	   7.0027940064519889e-01	   6.0371916599544340e-01	   7.5291127161140126e-01	   6.8977546589813921e-01	   7.6750839127174308e-01	   4.0011118362237880e-01	   3.5648857458178673e-01	   2.2503185249268887e-01	   5.0282778865076583e-01	   1.8488596046954534e-01	   3.9218729774916883e-01	   5.8743890664141651e-01	   8.0450162569906247e-01	   4.2340922464985853e-01	   5.0244083110129867e-01	   4.6733048790265852e-01	   5.2954709259744259e-01	   4.5914769429998553e-01	   5.6087534821404450e-01	   5.0743473318897803e-01	   6.0342611718569950e-01	   6.9416129661772430e-01	   7.3189855215867872e-01	   4.8282797716623282e-01	   6.0308699004437971e-01	   4.3720297910738637e-01	   4.4845313129206094e-01	   4.6177766912523965e-01	   3.2097064205990072e-01	   6.1028166630367031e-01	   5.5721583850954393e-01	   3.4835580953513090e-01	   2.7530287044946145e-01	   1.3529442535229627e-01	   2.8353081442128558e-01	   4.6255145617598042e-01	   4.3469234312408850e-01	   2.3392068401812605e-01	   4.3680700665549543e-01	   5.7524793593688628e-01	   4.8567019898717345e-01	   6.1006080744383961e-01	   6.4828783780824339e-01	   5.2023512257157045e-01	   4.3326275209411302e-01	   4.1007265244324986e-01	   3.2720214222976590e-01	   4.1042667525949034e-01	   5.3218991052089315e-01	   5.5699684266786353e-01	   8.0684827715193075e-01	   4.4705455066834998e-01	   3.7388810797702438e-01	   4.3462796556949324e-01	   6.1356121028483557e-01	   5.9502694983876980e-01	   6.3525244762496302e-01	   4.6274582764245314e-01	   4.8899027758178615e-01	   4.8954740234518668e-01	   4.3987689638714778e-01	   6.2212429633093957e-01	   5.4747038498905054e-01	   6.3732852955030894e-01	   6.6844328517336193e-01	   5.7837281809711039e-01	   6.5758644174046732e-01	   5.1920824399266818e-01	   4.6816442819009674e-01	   5.3517124621062395e-01	   5.1461036249197734e-01	   6.2329757654233542e-01	   5.8103120919280316e-01	   5.7674045684666431e-01	   5.8463330082482490e-01	   4.9492593984810562e-01	   4.8396589305923021e-01	   3.3971492189049746e-01	   5.8938750352271918e-01	   6.7766196279309288e-01	   3.6970986362765629e-01	   5.1410885104637538e-01	   3.7710921877451764e-01	   2.3963243486014690e-01	   2.2463976066096272e-01	   4.1178603701985017e-01	   2.5643095520813936e-01	   5.3905555940665406e-01	   4.7363926068581147e-01	   5.4284973528343361e-01	   5.0357409418532584e-01	   5.0136285830360305e-01	   5.9806258484862751e-01	   4.4355810449996425e-01	   2.8619000437178588e-01	   5.6697392982062289e-01	   4.7103996242715773e-01	   2.4130518667672490e-01	   1.0394623187754690e-01	   3.3223204068617973e-01	   4.1783529611622189e-01	   4.2027244314779677e-01	   4.4315246432718991e-01	   3.6485731402727473e-01	   2.4534388053907047e-01	
   3.7906659364895301e-01	   2.9550759262203818e-01	   8.6467881166633020e-01	   8.2455380583360238e-01	   9.0456034453513845e-01	   6.6066929063628776e-01	   8.8232644310740116e-01	   6.6750857296639254e-01	   0.0000000000000000e+00	   6.5927052453767554e-01	   4.8489651349749685e-01	   2.8351071239915687e-01	   5.9303471763460724e-01	   4.1177743890311380e-01	   7.3766749392557551e-01	   5.4415596422793699e-01	   1.1233389437532897e-01	   1.4540766421716989e-01	   1.0272700172284352e-01	   1.8219110593931537e-01	   1.8699650078220320e-01	   2.9655075693776223e-01	   8.6594711001388303e-01	   7.6895870831485902e-01	   8.1759689181800310e-01	   7.8979202474621979e-01	   5.8554522073632098e-01	   4.7407987751426184e-01	   2.2519441518034447e-01	   1.9179119416497048e-01	   7.6461971836316012e-01	   7.6431927004177835e-01	   6.1682611107523622e-01	   5.3519935654747286e-01	   6.1138392876920822e-01	   5.5514238998587795e-01	   2.2567349990660041e-01	   1.9647461816671047e-01	   1.2006790365894673e-01	   3.1428656045393833e-03	   3.2716729761777685e-01	   2.5638902152425386e-01	   5.8022469917736197e-01	   4.8410299392979006e-01	   4.0289072392433634e-01	   4.4481899532397196e-01	   4.0631437474896248e-01	   5.0221000498209134e-01	   4.4210269384703260e-01	   5.8004087415161854e-01	   4.8388394075105101e-01	   4.8420470249839631e-01	   4.6912681761635000e-01	   5.5817160704356406e-01	   1.7630454183675509e-01	   1.9586033809216435e-01	   2.5697602200280129e-01	   2.8542417782563495e-01	   4.8653877605572604e-01	   4.5423457033122405e-01	   4.5650191649716632e-01	   4.0567184606456091e-01	  -2.3043887880889111e-02	   2.5124387518187404e-02	   4.4417169803260892e-01	   3.2855975110766544e-01	   5.6690976823869610e-01	   3.8088277868930831e-01	   2.2419644464710328e-01	   2.5218628739740090e-01	   6.9009991714972119e-01	   5.3127879580560833e-01	   4.6060820091670840e-01	   3.4946297208873062e-01	   4.0313808302476284e-01	   4.7233695127263864e-01	   4.0327724130049136e-01	   3.7544729512951625e-01	   1.9844209108704833e-01	   1.6973057665077307e-01	   1.8755493277320567e-01	   1.8821479045600065e-01	   4.1033656150790454e-01	   3.1862139004990875e-01	   2.6474711115036920e-01	   2.2014358873144091e-01	   4.6534017283072787e-01	   2.6418809345823463e-01	  -8.3512792025772192e-02	   3.1567574680444982e-01	   4.3906401648127502e-01	   7.6390333004644606e-01	   2.4899171682206123e-01	   7.4494419456399941e-01	  -1.4111120040049002e-01	  -1.6003325351550507e-01	   3.7374475614315894e-02	  -1.7767117701420609e-01	   1.7775617920024830e-01	   3.2441703585774667e-01	   1.8426259422839697e-01	   6.9577170583009074e-01	   1.3017474269116297e-01	   4.5446558129875042e-01	   7.6247052521345463e-02	  -9.6447782385792420e-04	   3.2801996178870663e-01	   2.3080549234556788e-01	  -9.8149859604554829e-02	  -2.6117779102404826e-01	   5.6776285608685674e-02	   2.0878810176752993e-01	   3.9502007273256784e-01	   2.5116828112507544e-01	   2.3411717497691814e-01	   2.3496345178542983e-03	
   3.2140801398974245e-01	   3.7618007491881994e-01	   5.0899037010144199e-01	   6.6710352656675864e-01	   7.5781628755439390e-01	   8.7687498879196302e-01	   4.8176747569623990e-01	   4.5489247606016336e-01	   6.5927052453767554e-01	   0.0000000000000000e+00	   2.6468022318205292e-01	   2.8157755503093679e-01	   3.3482859628784178e-01	   2.6939506163387728e-01	   5.9694818989538045e-01	   5.8892858876330312e-01	   1.7274472390182091e-01	   3.0188478838328553e-01	   1.0292767485345354e-01	   3.3111513198670600e-01	   3.5544877802206809e-01	   5.8646601928140096e-01	   5.6368822836026311e-01	   5.7408413506063671e-01	   6.9523337961830822e-01	   7.1081827156719457e-01	   6.7445821165830688e-01	   6.2368358670230994e-01	   1.5811972549126313e-01	   3.1172591551934686e-01	   4.8104662636616924e-01	   5.1345925195640663e-01	   3.7254765013462093e-01	   3.8704762311412144e-01	   2.9406854649277947e-01	   2.9213353350474991e-01	   1.1209189841299233e-01	   1.4255296113810234e-01	  -6.5306895828443024e-03	   1.0437374767454118e-01	   2.8717866957800314e-01	   4.1976107759426684e-01	   1.2103539023004345e-01	   6.3090298322644262e-02	   3.8679540226597689e-03	   8.4860652963624716e-02	   8.4901228062951195e-02	   1.4099995382669500e-01	   2.8132061332412341e-02	   2.1500427948029846e-01	   1.4715482978634331e-01	   2.0794208952775786e-01	   1.8975933655238608e-01	   3.8292901434250226e-01	  -3.0875487917596655e-02	   9.2491538992378608e-03	   2.8613132102149169e-01	   3.4085690615864894e-01	   3.4563373917212009e-01	   4.4014737861427417e-01	   2.2053307786641499e-01	   4.5942698039994773e-01	   1.0734533170174552e-01	   2.5026363870425156e-01	   2.4723700932283213e-01	   2.2975884798858548e-01	   3.1546897573936017e-01	   2.2910231862368419e-01	   2.6082559871566635e-01	   3.1829522450645220e-01	   4.7450391560390359e-01	   5.5849735753619389e-01	   2.9490527696517699e-01	   4.2863256721793547e-01	   1.9243071438051521e-01	   4.3857338788169237e-01	   7.6168230867243100e-02	   1.4074363425367684e-01	   1.2126216646938900e-01	   1.0732429433288262e-01	   2.4504252086305528e-01	   2.7358671668705731e-01	   3.0047604897431601e-01	   4.2987416861595729e-01	   2.7157592215331211e-01	   3.2999715460219597e-01	   2.8029671405903595e-01	   4.2591239236825207e-01	  -1.2047943000120659e-01	   3.6281972054040018e-01	   4.1210079220631934e-01	   6.0469949437208925e-01	   2.9866451380661757e-01	   6.9009901324965361e-01	  -1.7924696366767481e-01	  -2.3890972079336287e-01	  -1.6479228244991320e-01	  -3.7098037715302934e-01	   3.3961623714617348e-02	  -2.8827702752150311e-02	   1.3539594839119654e-01	   6.2950076892074036e-01	   2.9206142761861960e-02	   3.9301524289741935e-01	   3.2336551135108652e-02	  -1.0067436364595568e-01	   1.5326447754909663e-02	   1.1850060871697389e-01	  -1.5716256092319092e-01	  -3.9489373157309104e-01	  -1.3037095915973312e-01	  -3.3485179704547466e-02	   2.2092480569640194e-02	  -4.3376454605325479e-02	  -1.0730022827828554e-01	  -2.0507192223991849e-01	
   6.9872236909448437e-01	   5.8737841390680512e-01	   3.3302461142865636e-01	   5.4128936091393642e-01	   3.6382511119747907e-01	   3.6856606586809315e-01	   4.4661807027902745e-01	   5.9483369216307103e-01	   4.8489651349749685e-01	   2.6468022318205292e-01	   0.0000000000000000e+00	   6.4087961273489169e-01	   8.6732250268989386e-01	   7.6847089860671070e-01	   5.4727600583338387e-01	   5.7495467355176977e-01	   6.9618502456252851e-01	   6.1758935322141328e-01	   4.1957250778492838e-01	   4.7650322832123732e-01	   1.7376553912743772e-01	   3.4827642468664527e-01	   2.7664172954550903e-01	   4.8968503853439960e-01	   2.5339540728590615e-01	   2.5939703522114327e-01	   5.6046603532019557e-01	   5.7744151350434680e-01	   4.3590052042370286e-01	   4.7568852053651245e-01	   2.1183019123366451e-01	   2.2926725329975617e-01	   5.0522594684643418e-01	   5.6662588570926975e-01	   2.4950173287267452e-01	   4.7926824758524800e-01	   4.0605283786121560e-01	   4.2492870190558657e-01	   4.4585149428144522e-01	   2.6875097688327459e-01	   5.8800509738293771e-01	   5.9008143860171181e-01	   3.3521325334493779e-01	   3.0938970763480456e-01	   2.2489939628707711e-01	   3.2522487102816500e-01	   5.3183673833604694e-01	   5.1116310321205860e-01	   3.5172081621883433e-01	   4.1806626617018611e-01	   6.0187832536689578e-01	   4.6968571810655979e-01	   6.7507809190935086e-01	   5.7923734916178349e-01	   6.1164996296145135e-01	   3.9427980778120236e-01	   6.2282769574417196e-01	   6.0026168061067009e-01	   6.3183795309577317e-01	   5.6769538692478827e-01	   6.4513385410655577e-01	   4.4651528523036621e-01	   4.6430503697493819e-01	   4.0813778382906907e-01	   2.7602718752146560e-01	   5.7559054250671382e-01	   4.6462010537775694e-01	   5.1205919842985059e-01	   6.2320571319116902e-01	   5.6946558599280439e-01	   4.1417648277537017e-01	   4.1709508341453694e-01	   6.3196639700607238e-01	   5.5182414046264039e-01	   5.8990296161586020e-01	   5.6718967333142123e-01	   5.0299142652887208e-01	   5.0854778780475651e-01	   6.6286179047897198e-01	   5.1214359156483769e-01	   5.9930502812842490e-01	   5.4472825202404596e-01	   5.9206632640810697e-01	   5.9932070421207140e-01	   5.3745466740753078e-01	   5.7228947194401392e-01	   3.1595748010413616e-01	   4.2709912873030387e-01	   4.1150007845949221e-01	   5.3242235072502198e-01	   4.0172958960996774e-01	   2.6648106533874050e-01	   4.1655278109786653e-01	   4.4942502454821187e-01	   1.4209157176448142e-01	   2.4537766784524107e-01	   3.7693924533554146e-01	   2.6450565677753735e-01	   4.5151383437266923e-01	   3.7597614920547540e-01	   5.2766160715232702e-01	   6.0144361619631548e-01	   4.1702816388918429e-01	   6.3148133243490256e-01	   3.1670696662778869e-01	   1.7667031266964123e-01	   3.9134660695402940e-01	   3.5229581487108436e-01	   2.3707394064667636e-01	   1.7152322420275365e-01	   2.7709954480976895e-01	   2.9238549713242362e-01	   3.0483612495390872e-01	   1.9978358595681062e-01	   1.2828306364361042e-01	   6.7820204917000054e-02	
   6.7397309057442301e-01	   7.0106662197864933e-01	   2.3926698689342260e-02	   4.9542535372267743e-01	   2.3502530940004807e-01	   3.5999133051788346e-01	   2.0348415909973500e-01	   7.0027940064519889e-01	   2.8351071239915687e-01	   2.8157755503093679e-01	   6.4087961273489169e-01	   0.0000000000000000e+00	   5.3564703778996092e-01	   8.6825623693179255e-01	   6.1885079202726812e-01	   7.7276774921911251e-01	   6.1659826842388188e-01	   6.8248543244416704e-01	   3.5141646477206157e-01	   7.2110536331862285e-01	   2.5650036559573752e-01	   4.6224797178087912e-01	   1.9614478399108676e-01	   5.2681679220189870e-01	   1.2518158722623055e-01	   1.7350604981733914e-01	   5.0280377312605851e-01	   5.7864497691024053e-01	   6.2938042320800869e-01	   8.4079451761275581e-01	   1.1938575775451993e-01	   2.0055618228358355e-01	   4.1894042588701119e-01	   5.5677005660553847e-01	   5.1631212312217789e-02	   3.2047611951223132e-01	   3.9443975880617543e-01	   4.8104420332187880e-01	   3.2459203367969947e-01	   3.5902329449842407e-01	   7.0050902013159733e-01	   8.0413505042553479e-01	  -7.2451799531516869e-02	  -1.1528316399324690e-01	  -3.0257972904266367e-01	  -1.0547087767147256e-01	   3.5646045279233352e-01	   2.7440725171766422e-01	  -6.4697439331655004e-02	   2.9125692764201855e-01	   5.4625014573159159e-01	   5.4051906118846738e-01	   7.2275674073917806e-01	   7.3140657143162413e-01	   5.8789840913439662e-01	   4.6103522161587679e-01	   5.5460911650456668e-01	   5.4405643825451910e-01	   4.0233721204087775e-01	   5.9900471971959968e-01	   2.6527202328697164e-01	   6.5109398882314873e-01	   6.9991697003900799e-01	   6.6678014475728520e-01	  -9.3726026225545364e-03	   4.0631763879971694e-01	   2.5974525385233016e-01	   3.6769803905221154e-01	   6.5926520857047921e-01	   6.4563699488531845e-01	   3.4386264104619702e-01	   4.9842262659804099e-01	   6.5600875292431027e-01	   7.6525985717382405e-01	   6.1056916505187653e-01	   7.5664813768311401e-01	   4.4590940911293653e-01	   5.7935882272838368e-01	   6.5261729951553904e-01	   6.0782716447743146e-01	   7.1240479464787287e-01	   6.5096843967125506e-01	   7.2939526754180994e-01	   8.1367901713764401e-01	   6.4349998476285897e-01	   7.8983889610046187e-01	   3.9857827637518534e-01	   6.8878910305717311e-01	   3.9881043890096268e-01	   7.2640651302631598e-01	   5.7970211205516708e-01	   1.8220563396061362e-01	   5.7861790555910630e-01	   3.3207893407445677e-01	   1.9472061798083543e-01	   3.3966748107108874e-01	   3.5119501866855596e-01	   3.7307881796550380e-01	   5.5000378376222270e-01	   2.9869048340033255e-01	   6.6312149223573391e-01	   5.0711750903018438e-01	   5.2961337225820770e-01	   6.5731388891870823e-01	   4.0466469735538124e-01	   1.4376349682145828e-01	   4.7150704277049188e-01	   4.0778315356741163e-01	   1.9279977778345248e-01	   1.9888359420999679e-01	   2.7119643518468606e-01	   3.6867084872233474e-01	   3.3751046968331438e-01	   2.2616375037050265e-01	   1.5106140904445245e-01	   1.0298269128380252e-01	
   3.8619286812148024e-01	   3.0113785578546143e-01	   4.0236298739213827e-01	   5.5510840590322275e-01	   5.0799254468637256e-01	   4.9801091726921587e-01	   6.0030024210778132e-01	   6.0371916599544340e-01	   5.9303471763460724e-01	   3.3482859628784178e-01	   8.6732250268989386e-01	   5.3564703778996092e-01	   0.0000000000000000e+00	   7.9131433878406776e-01	   6.0616015083641461e-01	   5.8171614383367787e-01	   4.5310635162613988e-01	   3.7481550959629423e-01	   1.4151056839448581e-01	   2.3105316500288320e-01	   1.9027921950456531e-01	   3.9033717130669299e-01	   3.8234108216948803e-01	   5.7299273066258338e-01	   3.6673199291033176e-01	   4.6004482178350092e-01	   4.9062313246312045e-01	   5.5587817880956714e-01	   4.4571488508935869e-01	   4.2629926224724157e-01	   4.3636825286895109e-01	   4.2478141004534681e-01	   4.7651405032433980e-01	   4.3499421836720009e-01	   2.1402355243416391e-01	   4.2614433598560580e-01	   1.9080532698979344e-01	   2.5544718849503312e-01	   2.3838196308685877e-01	   6.2698783010411069e-02	   4.2699494223959489e-01	   5.0177996079254050e-01	   2.7265801278189811e-01	   2.1649553490289963e-01	   1.5798521769374130e-01	   2.5675443482899746e-01	   3.5933742599028995e-01	   3.4336060884212266e-01	   2.3598839710829722e-01	   3.3438787410189419e-01	   4.7474842290960650e-01	   3.8516917423029118e-01	   5.7882802481450157e-01	   5.0697351981320948e-01	   3.5338269966543556e-01	   1.8023234600108701e-01	   3.0540343320307328e-01	   3.2928744198722465e-01	   3.4920762373692449e-01	   3.3586148365949364e-01	   4.6642695343664714e-01	   2.9503647776221331e-01	   2.4139708135199184e-01	   1.4200576646219287e-01	   1.8242719514847447e-01	   4.2576969913741369e-01	   3.2960526147043179e-01	   3.6650749893082024e-01	   3.3280270173394788e-01	   2.9040245309714302e-01	   4.6046509550807141e-01	   4.4762597874776788e-01	   4.7566602363901445e-01	   4.4828585293478412e-01	   4.1909805842316750e-01	   4.5473425179798893e-01	   2.8714941223180673e-01	   3.1025403183964406e-01	   4.9407313675323300e-01	   3.6701248398902142e-01	   3.4953930776604436e-01	   3.3825932245328166e-01	   5.4949682280818979e-01	   4.9557099635106372e-01	   2.5254860555794395e-01	   3.2248286940458559e-01	   1.8193751760006777e-01	   2.6295476179857735e-01	   8.0802881323138204e-02	   2.8138678443053933e-01	   2.9576866373531685e-01	   3.2870108212899052e-01	   3.1828217473235920e-01	   5.3417644165958456e-01	   4.0727929258801088e-02	   1.3528711172289107e-01	   1.7203294796758209e-01	   7.8741130430659501e-02	   2.0772403616236607e-01	   2.0267630537016632e-01	   2.9118868948331267e-01	   5.4917081496019526e-01	   1.0908704338183897e-01	   3.8271406484589132e-01	   8.1151815718303433e-02	   1.6154003763714769e-02	   2.2181982523758892e-01	   1.3986957336103761e-01	   2.2936351237713476e-01	   1.1723587637628154e-01	   7.9407272933009476e-02	   1.1779454720968584e-01	   3.5917519917051910e-01	   2.7747100839630084e-01	   7.1874567379145105e-02	   1.4776943715544621e-01	
