   0.0000000000000000e+00	   6.7145929258084114e-01	   4.4307880907194352e-01	   2.9366385516655291e-01	  -3.4754104555098793e-03	  -6.3376999892392288e-02	   6.8279939770166487e-01	   5.7369746786541076e-01	  -1.8367328648082704e-02	  -1.8407025025108645e-01	   3.2410971030822588e-01	   1.8872342436888312e-01	   6.2515423157877470e-01	   4.1951353986573631e-01	   1.0905702379037586e-01	  -3.4217715090507361e-02	  -1.6260902122644152e-01	   6.1708689638475735e-02	   5.0221661567003584e-01	   3.5840443657499621e-01	   1.9489647078038502e-01	   2.8679431403316946e-01	   1.6179224534179842e-01	   5.6854561598832495e-02	   1.1022890145657509e-01	   1.1711318320855008e-01	   1.6580120781143287e-03	  -6.6086004875855031e-02	   5.8491032973674244e-02	   8.2161903680317616e-02	   6.3689778710183803e-02	   2.1749905290906278e-02	   3.8536849391190497e-01	   3.0417685692406909e-01	   2.0446341623493330e-02	  -9.8465125234947187e-02	  -1.2447801041451062e-01	  -9.4934127415518179e-03	  -2.6080066938823317e-02	   2.1367382868822622e-02	  -8.4378823762581892e-02	   5.2903536764879119e-02	  -9.5995700443567838e-02	  -9.2014371048568896e-02	   7.9716143152837954e-02	   1.9700915537245824e-02	  -8.2747129953936113e-02	   7.1557059880422769e-02	   1.1896209477280209e-01	   1.7706208086252190e-01	   2.2183238001105524e-01	   2.3317763148766785e-01	   7.7206194863771227e-02	   1.6357865051442816e-01	   9.8049138236700778e-02	   2.3424754105413204e-01	   8.1975767720666226e-02	  -2.2986670351713461e-02	   5.6390016203819160e-01	   5.4816146163860469e-01	   6.6638565896809066e-01	   4.7273144176920151e-01	  -1.4659593337930224e-01	   1.3637348216255102e-01	   5.4764299739666555e-01	   3.6104457336590950e-01	   2.3234433786185379e-01	   1.3314481368419898e-01	   3.9518495758897437e-01	   4.0617961970855082e-01	   7.4294135279669438e-02	   3.3888756474666224e-03	   8.9758503249408955e-02	   1.6884647204991587e-01	  -2.1085737622138079e-01	  -1.4908773485012533e-01	   6.8548659142877735e-02	   4.7698133241623114e-02	   1.9038192729156592e-02	  -3.1508170601360554e-02	   5.5137465194222426e-02	   2.4776113054099344e-01	  -1.0664825312302376e-02	  -2.7184727568325781e-02	   2.2358262167961279e-01	   7.3878718733108195e-02	  -1.0013232742439507e-01	  -1.6444714059708907e-02	   3.2448915088510982e-01	   2.9081575362827894e-01	   8.5546258999051272e-02	   1.9770413940458084e-01	  -3.3932274409630578e-02	   1.8864862651577272e-01	  -5.2362858635850128e-02	  -1.8183369996888177e-01	   2.4440156934267820e-01	   4.1704498367003268e-02	  -1.5248134298167895e-02	   2.3321913501477776e-01	   1.9403586914111898e-01	   2.4144522115392597e-01	   2.2593317116775835e-01	   2.3971272078395542e-01	   1.7023272671429585e-02	  -6.1538888423702011e-02	   2.3796289505645507e-01	  -1.1288811117430611e-01	  -2.3955024043523487e-01	   2.3410351956746606e-01	   8.8193089726619461e-02	  -6.7725781062364376e-02	  -4.6028816067718303e-02	  -2.5743523495290375e-02	  -7.4966256276861695e-02	  -1.5558295421002372e-01	
   6.7145929258084114e-01	   0.0000000000000000e+00	   2.9944784668884883e-01	   3.0523226284717231e-01	   1.0666059090957331e-01	  -2.0195261794142199e-02	   4.0865798507466622e-01	   4.3269265509206434e-01	   4.6620230950756354e-02	  -4.7521366383156460e-01	   2.3743068725517374e-01	   3.6185921862066484e-01	   2.8379589273068928e-01	   3.6874455359787317e-01	   1.1499028539961709e-01	  -1.8946012472527314e-02	   1.8212301396916986e-01	   2.1674255518982888e-01	   4.5587629609333391e-01	   4.8903866608300228e-01	  -7.6153738954846048e-02	   1.6879818747484179e-01	   1.5943345445293750e-01	   1.5637377667823921e-01	  -1.0470931887477476e-01	  -1.8575512851020351e-01	  -6.6621541810026982e-02	   2.0283185413419887e-02	   8.9364041039661446e-02	   2.3607369896550945e-01	  -1.6324171185788555e-01	  -1.3354274239770830e-01	   3.4528080463546196e-01	   2.4851807183201180e-01	  -3.5038573201754269e-02	  -1.2407645966729313e-02	  -6.2950118426768481e-02	   5.0556236298601037e-02	  -2.2571043241867421e-02	   1.0088573188068505e-01	  -1.5189519567178166e-04	   1.7585380831283462e-01	  -1.7626766014572919e-03	   2.8556959840615431e-02	  -2.3956150727765812e-02	  -6.8976524077342515e-03	   9.4064612059179070e-02	   2.2653070696183852e-01	   1.8006612766646377e-01	   2.6053279714030647e-01	   2.2548967348085597e-01	   3.5322072998292259e-01	   2.1850612761585897e-01	   3.3845981780985213e-01	   2.2842314805611169e-01	   3.1436017105141834e-01	   3.5858783259285598e-01	   2.3320283919111034e-01	   4.2732744479917217e-01	   5.4752205367468321e-01	   5.1120473017536394e-01	   6.0182422315494710e-01	   1.4545734939528698e-01	   3.6376226206456197e-01	   3.2151114611327947e-01	   3.2809049014894820e-01	   7.0170029908653467e-02	   5.9420577336925372e-02	   4.8631594026899033e-01	   3.9657685922826907e-01	  -1.3987967673076201e-01	   3.4992481582379109e-02	   8.6713165662796882e-02	   9.7561591768409422e-02	  -7.9200395821392808e-02	  -4.2314273854458630e-05	   1.6637142329189533e-01	   7.7764557016007207e-02	   1.1853104992735775e-01	   5.2008722911199158e-02	   6.7197179125516163e-02	   1.8963986885088643e-01	  -3.4754392806727236e-02	  -7.0436897263836673e-02	   5.0430313723041333e-02	   8.4861139911891606e-02	  -5.5443864082398826e-02	  -1.4642005895438168e-01	   2.4673053104018375e-01	   1.8692278924513794e-01	   1.4831593986341471e-01	   1.0722998243339327e-01	  -7.4906661019974495e-03	   4.7273889187592186e-04	   5.4004726150727433e-02	   1.1050314454523925e-01	   2.7399055911881087e-01	   2.0216742254638459e-01	   2.6408933350622305e-01	   1.4717603408157887e-01	   2.2130721011995619e-01	  -4.9883306270635294e-02	   2.0361918185391309e-01	  -1.6026003687694477e-03	  -3.8102756770957820e-02	  -1.6903913053866057e-01	   3.6999976114719541e-01	   1.3914157318637302e-01	   5.6345907867362249e-03	   1.7091535022455276e-01	   2.4442334203784510e-01	   7.9054008688449917e-02	  -6.1689772864317774e-02	  -2.7830111481081915e-02	  -9.5185979520810787e-02	  -3.9469176168549544e-02	
   4.4307880907194352e-01	   2.9944784668884883e-01	   0.0000000000000000e+00	   7.1810228836591972e-01	   1.6983246863670803e-01	   1.9306480308325702e-01	   6.1311130720532003e-01	   3.7836304031962165e-01	   1.6339462934932500e-01	   4.1407910374838819e-02	  -2.7343133231688722e-02	  -1.0054795497224776e-01	   5.0502688236657778e-01	   1.6452131993022029e-01	   5.9485532433595045e-01	   5.2336402875361365e-01	  -1.8079231132008003e-01	  -2.8078940266323454e-01	   2.2408386363586330e-01	   1.9806170734052392e-01	   4.0495210686864924e-01	   3.0392001746469960e-01	   7.8707085990297254e-01	   7.1957574421077064e-01	   2.8036365028652854e-01	   9.3102650426924505e-02	   8.3029065792025292e-02	   6.0996584915615409e-02	   7.8315553418599027e-02	  -1.5284722962256542e-02	   5.7590522285113688e-01	   5.1433972200517386e-01	   5.8661044516518546e-02	   1.8113415998664689e-01	   5.9791789967345077e-01	   4.5604021811031448e-01	   4.1885012169154612e-01	   4.3741599443599716e-01	   3.5069493665455226e-01	   2.3011052591027975e-01	   3.3289081847683533e-01	   4.2613740434238817e-01	   3.0782616317138639e-01	   2.2431712544510468e-01	   5.8172198948510934e-01	   3.9993716621362052e-01	   3.1846717396415014e-01	   4.6385231759260648e-01	   4.7486895942927315e-01	   5.7887130783790519e-01	   7.2854006050765463e-01	   6.8726603428241151e-01	   4.4706540469775613e-01	   6.4193775041039325e-01	   5.6738915333936146e-01	   6.9549917483710355e-01	  -1.9987149243521535e-01	  -1.5798773855935269e-01	   5.0963285199464103e-01	   5.5694467983712903e-01	   2.2684789824855084e-01	   6.9618912756064633e-02	  -3.2865950467303301e-01	  -1.3181271893207269e-01	   6.2999690499455674e-01	   4.4721271379990785e-01	   7.1484167497838658e-01	   6.4338163672411153e-01	   3.8930494342487981e-01	   5.7122558237367216e-01	   1.5438269017040920e-01	   1.7888718127977717e-02	   3.2005026719734009e-01	   3.0139915585468868e-01	   1.9828325650658776e-01	   1.6871088744010726e-01	   1.7929948354075576e-01	   3.1555836466488180e-01	  -1.3884607168674579e-01	  -2.6739328176941668e-01	   5.1720476525393999e-01	   4.1399762780512461e-01	   5.5587688402077351e-01	   5.5320433423234039e-01	   6.5657963695358568e-01	   5.6834901984151776e-01	   1.6221775848965064e-01	   3.5708483795383295e-01	   6.8391724429425083e-01	   7.1110010784968081e-01	   6.2441056146248475e-01	   6.9514920014880144e-01	   4.4079266135596962e-01	   5.9207776507805754e-01	   4.5994284339000879e-01	   4.5710800903677754e-02	   5.6833255870456845e-01	   3.8828244779277332e-01	   1.7106181944128351e-01	   5.6787550304584133e-01	   4.5535023270024466e-01	   5.0207849367967605e-01	   3.3120870533151059e-01	   4.6125366252626454e-01	   4.4598954106315328e-02	  -1.4942147496156771e-01	   5.1007252579348872e-01	   2.1327231057987206e-01	   4.7417221179321525e-02	   4.5326938078657086e-01	   3.4681421651440048e-01	   1.8697240620736266e-01	   1.3558728066414708e-01	   1.4724819483496676e-01	   1.3080172585342542e-01	   6.3609030903210764e-03	
   2.9366385516655291e-01	   3.0523226284717231e-01	   7.1810228836591972e-01	   0.0000000000000000e+00	   5.5013655312744714e-02	   7.9353602212866026e-02	   3.3650800406800158e-01	   6.5524424226862266e-01	  -6.9007447862206844e-03	  -1.0128839200426980e-01	  -1.4622718213187419e-01	  -3.7801586831174232e-02	   2.8664249079775017e-01	   2.1649467854686627e-01	   3.5189436865197543e-01	   4.3174714405886094e-01	  -7.9385158901708643e-03	  -4.1623494206677346e-02	   2.5173223192012445e-01	   3.4043955954621197e-01	   3.6859126364350103e-01	   2.4539913558689597e-01	   6.2659529695585270e-01	   7.3316827345566160e-01	   2.8117326321400737e-01	   1.1451390024515673e-01	   7.9042839706888149e-02	   6.8063388515931911e-02	   1.5602618898508119e-01	   1.6374969998114858e-01	   4.9374053764665865e-01	   6.4007412185176382e-01	   2.3208750505019399e-01	   3.9571272188467954e-01	   6.2270211899545636e-01	   6.6080969494213937e-01	   3.7027758779408970e-01	   4.7089535347156120e-01	   2.2543051327017435e-01	   2.4393769266673890e-01	   1.5690939138165180e-01	   3.5044374389978328e-01	   3.9947741593236352e-01	   3.6289353044055123e-01	   6.8127124244081771e-01	   6.3855442550635744e-01	   4.5135433923016066e-01	   5.8039396112670127e-01	   6.0569139432710928e-01	   6.6415639869968934e-01	   5.6403491976809605e-01	   6.1937030458920728e-01	   4.8341087223358759e-01	   4.1990989199490447e-01	   6.0439195697782888e-01	   6.3105320738477522e-01	  -3.8131597431422300e-03	  -4.4126275493858794e-02	   5.3207021545541167e-01	   5.2439197703357898e-01	   2.1036431489429008e-01	   1.5821211185828324e-01	  -1.1343201320846352e-01	   6.0622196734082381e-02	   5.0579323554022082e-01	   7.2009914420058119e-01	   7.0064078966491894e-01	   7.7036689065803543e-01	   3.8001328264140410e-01	   5.2489388601947418e-01	   3.6454289908228785e-02	   8.3460358610465080e-02	   2.7225279527679436e-01	   3.0149163161356718e-01	   1.4032191775328784e-01	   2.5117512000034890e-02	   2.4754552521631434e-01	   3.5284285941165672e-01	   1.5219986182483956e-02	  -1.1972553404858413e-01	   4.4288124610646618e-01	   4.7774636548481331e-01	   3.6560641744863021e-01	   5.8246140151774117e-01	   5.2496004391876083e-01	   6.9744579814734753e-01	   2.1447826281779681e-01	   4.3823907248410127e-01	   5.9987349906766818e-01	   6.9812927975263017e-01	   5.8192177975122661e-01	   3.8796996309938503e-01	   3.4045445660119655e-01	   2.7439531141695273e-01	   5.1450177365358052e-01	   1.5082447363890025e-01	   4.0274528676383159e-01	   3.3039614664684791e-01	   4.3782431932179255e-01	   4.1654190384684586e-01	   4.1070164993694003e-01	   2.2261947961818493e-01	   3.6891206793315789e-01	   4.0241958372165332e-01	   1.6439330816466177e-01	  -1.1098498040892343e-01	   5.3059335592252310e-01	   3.7632256176198275e-01	   3.6007594983114039e-01	   3.5662458511991979e-01	   2.4753720290244019e-01	   2.1875356385192674e-01	   1.2235068680823544e-01	   2.0931346001673037e-01	   2.6468450047362857e-01	   4.3190033189939234e-02	
  -3.4754104555098793e-03	   1.0666059090957331e-01	   1.6983246863670803e-01	   5.5013655312744714e-02	   0.0000000000000000e+00	   9.4758777414797601e-03	   9.5108074022761502e-02	  -5.3081876235489531e-02	   8.5457991219995977e-01	  -1.7808967382418245e-01	  -4.2108939594075279e-01	  -2.5961856146082718e-01	  -1.6533582231532029e-01	  -3.5118380486207201e-01	   3.7589236176548513e-01	   7.5804286825922745e-02	  -1.3237601468679916e-01	  -2.8578210080869487e-01	  -1.2924868423388036e-01	  -1.2430084693522203e-01	  -6.4514874942410011e-02	  -3.1495808409781612e-02	  -4.2027966873281516e-02	   6.3132827807157565e-02	   6.0474362900237409e-03	  -1.6383944417272511e-01	   4.3042962209858104e-01	   1.6010621684520390e-01	  -2.2886442045179883e-01	  -2.1905511576090614e-01	  -1.3227760185529147e-01	  -1.2709474850230482e-01	  -1.0572586287832555e-01	  -7.4280270593501535e-02	   3.0846343909105359e-03	   4.3290763690105025e-02	   1.8793628431574497e-01	   1.3416858167574799e-01	   3.6015857384270772e-01	   1.5690414444575576e-01	   1.7860445926981855e-01	   1.5015078279908367e-01	   1.1373586936551303e-01	   1.1630508814578908e-01	   9.2559121773107683e-02	   1.8004969484919009e-01	   1.5730814216560018e-01	   1.2274037530148056e-01	   2.1961046650597613e-01	   2.9074603711864239e-01	   3.0590151348800459e-01	   3.4765858568966879e-01	   2.0650522569846799e-01	   1.6157013288852634e-01	   2.4937438557327257e-01	   1.9152335217147470e-01	  -1.8277010099949700e-01	  -1.4634185668456601e-01	   2.2837339475218754e-01	   3.3373110325075972e-01	   2.1013559803380849e-01	   1.5803519171436406e-01	  -1.0089487752208273e-01	  -8.4616541479353782e-02	   6.4712475944228867e-02	   1.8066903137683349e-01	   1.2703936295101143e-01	   1.4872993200667514e-01	  -9.0397238729037210e-02	  -3.5648352907573394e-03	  -1.2565906645349917e-01	  -2.5617895388955142e-01	  -1.8014170193083784e-01	  -2.4474364350437788e-01	  -1.8523706831983089e-01	  -3.6461818717928342e-02	  -8.2623594280601450e-03	   2.1849472236633330e-01	  -1.4808663242307940e-01	  -1.7291405169144902e-01	  -4.5689998029672482e-02	  -1.6605322735088426e-01	   7.4614175810324604e-02	   3.9706553100566561e-02	  -1.1270333677721832e-01	   2.9982694469113360e-02	   3.3010107633036530e-02	   4.2116942030155272e-02	   1.3463505404737502e-01	   8.3640723235559461e-02	   6.4100721075223008e-02	   7.8937830179693524e-02	   2.1734582435248655e-02	   1.9311684902098761e-01	   8.3093894428649201e-02	  -6.3703547257810078e-02	   2.0521598487532283e-01	   1.4905329977848611e-01	   1.1905146610317000e-01	   2.0066240991717960e-01	  -1.4648625299148579e-01	   2.0796984331789276e-01	  -1.6411997368391018e-01	  -4.2635692288003409e-02	   4.5909352646219773e-02	   3.9759264715131054e-02	   4.7550015615099604e-02	   6.6759506261020451e-02	  -2.0181985907282093e-01	  -2.0628187986428792e-02	   2.7872161649873650e-01	   1.5237317337297313e-01	   6.6006175047168214e-02	  -2.5462096840511931e-02	   1.6545235685779569e-01	  -1.5742192468457230e-02	
  -6.3376999892392288e-02	  -2.0195261794142199e-02	   1.9306480308325702e-01	   7.9353602212866026e-02	   9.4758777414797601e-03	   0.0000000000000000e+00	  -3.5823042746508764e-02	  -1.9445889071482361e-01	  -3.6173042998565205e-02	   1.4371211433887068e-01	  -3.5801001768809695e-02	  -1.4710595554063255e-01	  -4.8203119000278072e-02	  -2.3773016285739873e-01	   4.0358907811459266e-01	   4.0937042146849767e-01	   1.0701555934274942e-01	  -1.4091556674835867e-01	  -8.1328605528189296e-02	  -1.0930849450988830e-01	   3.2145315456734436e-01	   3.2500206019824518e-01	   2.3239611491787671e-01	   2.0151812935244462e-01	  -2.3995342201629910e-02	  -7.9123806180336542e-02	   3.3306622344848746e-01	   6.3211241647911987e-01	   1.5153220774288612e-01	   1.5323933338835659e-02	   1.7136197732514807e-01	   1.5651884896046483e-01	   1.0888354289193605e-01	   8.2388403869645271e-02	   3.1574148370969746e-01	   1.7107244331686372e-01	   5.0226812947510246e-01	   4.7543202391310474e-01	   3.7876800098950703e-01	   5.2811257298014769e-01	   6.2615864466660842e-01	   4.4416639947367303e-01	   2.4601859205808568e-01	   2.4142121789735907e-01	   2.5845019151934345e-01	   2.6879961203199210e-01	   1.9423174480173089e-01	   2.2632995428674962e-01	   2.6209779937372202e-01	   2.2712979738742567e-01	   3.0658615859872590e-01	   3.4156891337538903e-01	   4.8324318914892433e-01	   5.1533826199218957e-01	   3.1726858439018779e-01	   3.6705792420976469e-01	  -1.0990823725288909e-01	  -7.6050338310375998e-02	   4.3028828392209395e-02	   1.8891959842444107e-02	  -1.4241683913140085e-01	  -2.0039476159176384e-01	  -7.8770286148620097e-02	  -1.7528232286950401e-01	   3.6033057576076805e-02	   1.7269129959754097e-02	   2.4560957188909993e-01	   1.9075255291507251e-01	   7.7473810362219106e-02	   1.6439826438006971e-01	  -5.3139612444221898e-02	  -1.2905920612598237e-01	   3.5203219832705146e-01	   3.2315401770676405e-02	   4.7712671050347238e-01	   4.2509022155427534e-01	   1.6165450873362824e-01	   2.3176733724842619e-01	  -2.5656743127364878e-01	   1.7061115589855441e-01	   3.5013747619844360e-01	   1.6519954097797931e-01	   4.2564308870963780e-01	   1.8228181989906600e-01	   3.1526105658492265e-01	   3.0478587602145046e-01	   5.0569381189517627e-02	  -6.9642114452053636e-02	   1.8537427094126721e-01	   2.5481358123063585e-01	   2.8359293244046113e-01	   1.7769199351386716e-01	   5.8419300378748928e-02	   1.8068209040866956e-01	   2.7361104257068708e-01	   4.3058897457472306e-01	   1.0438294425871367e-01	   4.2477156558675289e-01	  -3.1206491027925675e-02	   8.5778609076269302e-02	   1.5002065412364941e-02	   1.1951457369965540e-01	   3.4285684500143000e-02	  -4.3798856037378577e-02	   1.8146978002983732e-02	  -1.1557923549133919e-01	   1.7371515231754026e-01	   2.2362200747748284e-01	   1.8601256268482816e-01	  -1.1229711824558883e-01	   3.0650741343553018e-02	   1.0953102620846084e-01	   6.3746489688034896e-02	  -2.5437138072376325e-01	   1.6829141459462324e-01	   3.2835714706381613e-01	
   6.8279939770166487e-01	   4.0865798507466622e-01	   6.1311130720532003e-01	   3.3650800406800158e-01	   9.5108074022761502e-02	  -3.5823042746508764e-02	   0.0000000000000000e+00	   5.8000346956189630e-01	   1.6672256017036008e-01	  -1.0110173187135621e-01	   1.4863663859208043e-01	   1.5412069414379670e-02	   3.7725715155512357e-01	   1.9424195255307042e-01	   7.4310283589179890e-02	   2.4157859844614279e-03	  -1.6711301925104100e-01	  -2.8787660780449731e-01	   5.1249151214901412e-01	   3.1264484069703485e-01	   2.6473191269999075e-01	   2.6138770040066384e-01	   2.9992544162511808e-01	   1.3707937471592596e-01	   2.2159617067745496e-01	   1.5385968934700278e-01	   9.2701347679426366e-02	  -9.8073790817119894e-02	  -2.0873155451820147e-01	  -2.0446289443684804e-01	   3.0128610439549530e-01	   1.7380542689272960e-01	   3.8707568627225783e-02	  -1.6568849589862215e-02	   4.1736820612803635e-02	  -9.9380861528460526e-02	  -9.2702488641872666e-02	  -8.8168135823375980e-03	   1.2870264334118162e-01	   1.8780395668844773e-02	  -8.9145588805564627e-02	   6.6309764787230857e-03	  -8.5856719208255661e-02	  -1.3853162652342535e-01	   5.5793094029220149e-02	  -1.8583413846526887e-02	  -6.2539332827035332e-02	   1.4068002624536752e-02	   6.7029271159726872e-02	   7.4259861019103632e-02	   2.7161993139634211e-01	   2.2018688850549245e-01	   5.0885670983026557e-02	   2.4408629568193718e-01	   6.8912324831587449e-02	   2.5503107966569116e-01	   6.7537604622243230e-02	  -6.0213284552454838e-02	   3.6829811708120053e-01	   3.8299466356951184e-01	   4.5523164358650281e-01	   3.8026713961350928e-01	  -1.7769213854277038e-01	   1.8951050487800870e-02	   3.2085761656369588e-01	   2.3188831180251224e-01	   1.8957987233709028e-01	   1.0449981882392353e-01	   3.3138338400311296e-01	   2.5079061387137158e-01	   1.8640040225816079e-01	   6.2675316258000532e-02	  -1.9547099769436249e-01	  -1.0837658199149239e-01	  -3.2923226786270582e-01	  -2.2158146578957522e-01	  -2.4072583298291106e-01	  -1.8836758380927143e-01	  -2.5571700555067545e-01	  -2.6750312376664337e-01	  -2.4248489388092688e-02	   8.7780306147968945e-02	   9.8714145537610841e-03	   5.3403424361532968e-02	   2.1466859394560542e-01	   7.4315838253934341e-02	   2.7097025128700228e-02	   1.5131739366959943e-01	   3.8365644792351694e-01	   3.8647811415275202e-01	   3.3082359097496461e-01	   5.3704144824428268e-01	   2.3275935428470221e-01	   4.4379176308327983e-01	   5.7680988748875341e-03	  -3.5314074179911614e-01	   1.8048858811826529e-01	  -6.2979372412902690e-02	  -1.2132010645896668e-02	   4.8005840806481470e-01	   2.3292831386872942e-01	   4.1290309053941177e-01	   3.2596202623706005e-01	   3.7000102077575830e-01	  -1.1265119966800782e-02	  -9.4361894812600398e-03	   1.7983178820532902e-01	  -9.5349958921200517e-02	  -3.2075874451956332e-01	   1.4199774479897920e-01	   8.5511515560519197e-03	   5.0348079178671228e-02	   9.4501527208817132e-02	  -2.1721663701407014e-02	  -1.2166195573356982e-01	   2.9408146378316676e-02	
   5.7369746786541076e-01	   4.3269265509206434e-01	   3.7836304031962165e-01	   6.5524424226862266e-01	  -5.3081876235489531e-02	  -1.9445889071482361e-01	   5.8000346956189630e-01	   0.0000000000000000e+00	  -6.8687764838847087e-02	  -2.5971475582226983e-01	   1.4777167754026821e-01	   2.7118748274581594e-01	   3.2801040044912833e-01	   4.8037184884144740e-01	  -5.8570667752132238e-02	   4.8989192267614175e-02	   7.4031024074723978e-02	   3.0946453201266544e-02	   5.9142265690616991e-01	   5.8453102407232127e-01	   2.5071692204471047e-01	   2.0464787588028321e-01	   2.8614428252353818e-01	   2.5986948240908719e-01	   3.1032806811369712e-01	   2.4980633112823003e-01	  -8.1848261269066316e-02	  -1.0720651541061871e-01	   5.9719862127520729e-02	   1.6445746230861133e-02	   2.5469194422430169e-01	   3.7092433375706380e-01	   2.9242902293320394e-01	   3.4527443082732390e-01	   8.4465020268209429e-02	   1.8225753038088580e-01	  -8.2852509470486196e-02	   1.0991562976880530e-01	  -4.9686025385361571e-02	   6.9922432000558421e-02	  -2.4102911847920216e-01	  -2.4210077293417759e-02	   7.9468803146560532e-02	   1.1597693091003025e-01	   2.3344806468008986e-01	   2.8043195078015443e-01	   1.1931646081736527e-01	   1.9387215108873146e-01	   2.6284348328494261e-01	   2.4649953244541695e-01	   1.6191096511657058e-01	   1.9482443596203236e-01	   1.6391805580093441e-01	   9.4141178747221110e-02	   2.1827358521875162e-01	   3.0813832369512850e-01	   6.8591042803611418e-02	  -1.5230505394094801e-01	   3.8363495776976070e-01	   4.0371311461712944e-01	   4.0170501445543844e-01	   5.3740330667372738e-01	  -7.2763450793503701e-02	   1.4132937045329730e-01	   2.7211922373210173e-01	   6.3491263320416769e-01	   2.1908036873334519e-01	   2.7739330072326474e-01	   3.0615263613505084e-01	   2.8711330954052061e-01	   8.5895698067724152e-02	   1.7728810081797203e-01	  -7.5960136923719862e-02	   4.4534586933898598e-02	  -2.8812097166509143e-01	  -4.1378147641227303e-01	   5.5498404563210570e-02	   8.9407093371105792e-02	   7.9252301838840897e-02	  -8.9805762663391714e-02	   3.6242210444988696e-02	   2.3707789527888687e-01	  -5.2476050176824621e-02	   2.2332355099387416e-01	   2.3266508713120643e-01	   3.3778502550144363e-01	   5.2679395737713602e-02	   3.6862898634005753e-01	   3.9457013102414085e-01	   4.2717244864468007e-01	   2.6644374267671694e-01	   1.7660150164068239e-01	   1.4862043084067184e-01	   1.1007612648188948e-01	   1.6026128263248376e-01	  -2.0443909085301837e-01	   1.6596282910151816e-01	  -3.4194774287924300e-02	   2.6647620928746785e-01	   2.7691868625899180e-01	   2.7853994932285919e-01	   2.1274724466248918e-01	   3.5734350974728979e-01	   4.2099730693416887e-01	   6.7938760560465966e-02	  -6.1247430882122006e-02	   2.3941588119915544e-01	   2.2893604811284510e-02	   1.1423159714705711e-01	   2.0764639498657728e-01	  -7.4636164116935216e-02	  -6.1547027494986209e-03	   3.4016456765154121e-02	   1.0358750264237769e-01	   3.5442927554699355e-02	  -1.2760394049353652e-01	
  -1.8367328648082704e-02	   4.6620230950756354e-02	   1.6339462934932500e-01	  -6.9007447862206844e-03	   8.5457991219995977e-01	  -3.6173042998565205e-02	   1.6672256017036008e-01	  -6.8687764838847087e-02	   0.0000000000000000e+00	  -1.5712159523332235e-02	  -3.1749540802791648e-01	  -1.7323015503730696e-01	  -1.2571754934912766e-01	  -3.4865667830551950e-01	   3.0395826891085165e-01	   5.4535647488978489e-02	  -5.0282682850787130e-02	  -2.7482839103978396e-01	  -9.5519949991422978e-02	  -1.2204780777532162e-01	  -8.4662399452330415e-03	   7.9966028079031776e-02	  -4.5636597022662137e-02	   4.3717365739718628e-02	  -9.2325843797558510e-02	  -8.9174590900006845e-02	   2.9546762204812460e-01	   1.6467481497891373e-01	  -2.0123722634385552e-01	  -2.2903388269500843e-01	  -1.7122447184622927e-02	  -3.3605643650994360e-02	  -2.8182506386666417e-01	  -2.3993045159381940e-01	  -1.0429928633749358e-01	  -5.6962253363058865e-02	   3.6335060727877996e-02	  -2.2581821565157537e-02	   3.2064398585825499e-01	   5.3710056248518448e-02	   5.6569369160754092e-02	   2.4317094167901999e-02	   1.1433962529880732e-02	   1.7455872257110702e-02	   3.1964707214037352e-02	   3.3748102154717984e-02	   7.2594968642556490e-02	   4.0833945490480708e-02	   3.3931050684671019e-02	   1.1467337680199108e-01	   2.2656058781274793e-01	   2.1816565947550642e-01	   3.2648551728010046e-02	   9.4976034878306685e-03	   1.7835678995845966e-01	   1.3157340781483692e-01	  -1.1479879185178268e-01	  -8.0344488791522201e-02	   6.5723016425388983e-02	   2.2326396855019065e-01	   1.5885258531686414e-01	   6.5239556170887031e-02	  -6.5982979784617063e-02	  -1.0485591261625049e-01	  -6.6452163320446428e-02	  -2.0089048634073683e-03	   4.0027971249402619e-02	   5.4929589006274968e-02	  -7.3507562354177172e-02	   5.7076813974834776e-03	  -6.7786614300609851e-02	  -2.3608491998073278e-01	  -2.3101355574240429e-01	  -2.1631802468344993e-01	  -2.9206432167432783e-01	  -1.9581247713284948e-02	  -1.4648763724006025e-01	   2.1824485021888995e-02	  -6.6237609090972011e-02	  -2.1113364392898978e-01	  -6.2664729948675585e-02	  -1.7222348108427155e-01	   5.8507950874494903e-02	   8.6211071007100459e-02	  -1.6195836639415476e-01	  -4.7889898725847327e-02	  -8.4520757415502745e-02	   4.9730347857088793e-03	   3.2646875865685654e-02	   3.9368383058249794e-02	   8.4047639596834783e-02	   1.9142746224305562e-01	   1.1976849831624747e-01	   2.7335105915775104e-01	  -6.9923942851915603e-03	  -1.1782789947956668e-01	   1.9911042929981093e-01	   1.2020086496474569e-01	   1.0452631553735686e-01	   2.9465989411584970e-01	  -9.0230498558644359e-02	   2.4456322418312859e-01	  -6.0210810857388442e-02	   5.0070754583285172e-02	   5.5269557348459175e-02	   1.4915465042855960e-01	  -5.3342275714115518e-02	   8.0959685881977148e-03	  -3.5261216919930305e-01	  -6.8003690272502360e-02	   2.9685137875629775e-01	   1.7783072671025119e-01	   1.1861295553949422e-01	   4.4007501106493069e-02	   8.9279895416076921e-02	   4.8939420559754962e-02	
  -1.8407025025108645e-01	  -4.7521366383156460e-01	   4.1407910374838819e-02	  -1.0128839200426980e-01	  -1.7808967382418245e-01	   1.4371211433887068e-01	  -1.0110173187135621e-01	  -2.5971475582226983e-01	  -1.5712159523332235e-02	   0.0000000000000000e+00	  -2.0385659763048045e-01	  -3.3277165526938257e-01	   1.5431920686801889e-01	  -3.1984112378486407e-01	   1.9969487563041127e-01	   2.0025961803673006e-01	  -2.3364809217115823e-01	  -8.0876444496721087e-02	  -4.0481794859034848e-01	  -5.2573332981930920e-01	   1.5109787704461974e-01	   1.7224834333930558e-01	  -7.1188920142282980e-02	  -1.0049550363135297e-01	   7.9775619470665669e-03	   4.3867772009988634e-02	   5.2724518534276926e-02	   1.7718179372762266e-01	  -4.7246832064925151e-02	  -3.7833586671009681e-02	   2.9478418662622297e-01	   9.6764354871764754e-02	  -2.5094279570156058e-01	  -1.6942836689526786e-01	   9.4339424658275897e-02	   6.6621598341363816e-02	   1.6275625254578768e-01	   7.8159565048258953e-02	   2.8100580440769651e-01	   4.7318423013670383e-02	   1.8822523752055409e-01	   4.7225830237473863e-02	  -1.0390631403147517e-01	  -1.5008202619368027e-01	   4.6347776302398475e-02	  -9.5535001521822829e-02	  -1.8575351085238773e-01	  -1.2296365492127155e-01	  -9.4627685666461098e-02	  -4.2563268746938179e-02	   1.2130049978515384e-01	   8.9132983508614372e-02	   5.8009666298265899e-02	  -6.3437950985551106e-02	   4.1043180862147241e-02	   7.2539393878188141e-02	  -2.7513209647216019e-01	  -7.0596559424821154e-02	  -1.2952819675544325e-01	  -1.0389791786590212e-01	  -2.9148720927656596e-01	  -5.7124851481859928e-01	  -1.9904809095475040e-01	  -2.3468073263456496e-01	  -3.7752495652828497e-02	  -3.0477868482030024e-01	   1.0165129621362001e-01	   6.7101090425397997e-02	  -3.0582137945922105e-01	  -1.5322346384407393e-01	   5.7491286686921557e-02	  -1.7651814760798235e-01	   7.9748621719307813e-03	   3.4578383244932412e-02	   5.1495819942153603e-02	   2.7056835415947961e-01	  -6.3140146428583885e-02	  -7.0592885116204596e-02	   2.2262377599559770e-02	  -4.9755262376772788e-02	   2.4530202886254826e-01	  -1.4608283960354983e-02	   3.2973325449225305e-01	   1.5812630520500170e-01	   2.0573548628900640e-01	  -6.0576110931325949e-02	  -4.7281245513855999e-02	   6.9663226486787570e-03	   1.1647776480712501e-02	   8.6087561200103885e-02	  -1.4644209725283089e-02	   1.9286053955917098e-01	  -3.3957554886122135e-02	   2.3861311407733321e-01	   1.6553949585847935e-01	   6.0111566329957957e-03	   8.1227547065746031e-02	   1.5348621002009058e-01	  -2.0128263226497711e-01	   9.4002640818962313e-02	  -1.0393805623021054e-02	   2.2665628977426677e-01	   8.6787533645691070e-02	   1.7808528141373886e-01	   1.8195034549722608e-01	   1.3323111717678085e-01	  -1.1809576561364625e-01	  -6.7572913725923778e-02	   2.8333625487830727e-03	   8.8634956877526677e-02	   7.6611399069813582e-02	  -3.2155680588908428e-04	   1.4653542292020028e-02	   7.1785491395963380e-02	   1.1709282312647105e-01	   1.7096531182837299e-01	
   3.2410971030822588e-01	   2.3743068725517374e-01	  -2.7343133231688722e-02	  -1.4622718213187419e-01	  -4.2108939594075279e-01	  -3.5801001768809695e-02	   1.4863663859208043e-01	   1.4777167754026821e-01	  -3.1749540802791648e-01	  -2.0385659763048045e-01	   0.0000000000000000e+00	   7.6223151252117660e-01	   4.6990652258059185e-01	   6.9811899900370067e-01	  -2.1652122995879677e-01	  -1.3332680236535205e-01	   3.1841881247182269e-01	   4.1169368010269064e-01	   5.1356550780608345e-01	   4.7169628261636742e-01	   1.3696738459383587e-01	   1.8188530532115410e-01	   2.0066655052633306e-01	   3.1877726704705511e-02	   1.8187409337183314e-02	   2.4854676626547828e-01	  -2.3864373971366942e-01	  -6.6250336159779863e-02	   4.8994980255436282e-01	   1.8780373001386996e-01	  -4.6717747287962172e-02	  -2.6285575950484932e-02	   8.5285099927566221e-02	   3.7010398007605201e-02	  -1.4578952706734966e-01	  -1.6290259853374522e-01	  -2.7993403642926573e-01	  -2.9208047751789279e-01	  -3.5008355498715210e-01	  -1.8335729496989037e-01	  -1.5508352301639555e-01	  -1.7771185206105858e-01	  -4.0812003494151858e-02	  -2.0592786724969604e-02	  -1.4384028635174478e-01	  -2.2635366318360556e-01	  -7.4276299552529457e-02	   9.3470402170080322e-03	  -2.8287479460566223e-01	  -2.9281253221389425e-01	  -2.7497173292838617e-01	  -3.4860942920261923e-01	  -2.8789203340110403e-01	  -5.2124500770005217e-02	  -2.5209307296021988e-01	  -1.2115501529827230e-01	   3.3291283754640788e-01	   2.4395754397943475e-01	  -1.9797362030782839e-01	  -2.3016870312637130e-01	   7.2712924697593190e-02	   3.3783559412461542e-02	   1.7706852529404005e-01	   1.7055195955468561e-01	   1.0696042722750296e-01	  -1.2116855178540432e-01	  -1.9201021327709550e-01	  -2.5136864851267715e-01	   2.7043180383290344e-01	   8.2185411880273423e-02	   3.4231651721621528e-02	   1.3084166858621429e-01	   3.1614274926289665e-01	   3.6180159974034432e-01	   7.3093839239927461e-02	  -9.4624725642438665e-02	   1.0238689474265407e-01	  -6.2547909999485549e-02	   2.2907894712933569e-01	   8.4274087275734155e-02	   6.4135925389385701e-02	   3.2001189960824883e-01	  -6.3984163297401087e-02	  -4.2032901662611574e-02	   1.3749186223078674e-01	  -4.6010655262259323e-02	  -1.0132989004996834e-01	  -3.2636176539508226e-02	  -2.0360633110563031e-01	  -2.1112753391200775e-01	  -5.2080280581257091e-02	  -1.5681136832453459e-02	  -1.2895884716831402e-01	  -1.3204208673381060e-01	  -1.4757098161152121e-01	  -1.0431846230726163e-01	  -1.9919282058915877e-01	  -2.5827762328942167e-01	  -1.2689924886319523e-01	  -8.9945558065730846e-02	  -6.9806968237022260e-03	  -2.3905015469296451e-02	   9.7614860374904702e-02	   5.5256689554496613e-02	  -2.9459132858552972e-01	  -2.1652875663594262e-01	   1.3158305067347634e-01	  -1.5139601918643553e-01	  -1.3454613956701722e-02	   1.6273238064124729e-01	  -2.2797551001197025e-01	  -2.1654176136787291e-02	  -5.7722379812632188e-02	  -1.1226280034726198e-01	  -3.9103107759386285e-01	  -1.9066433032102958e-01	
   1.8872342436888312e-01	   3.6185921862066484e-01	  -1.0054795497224776e-01	  -3.7801586831174232e-02	  -2.5961856146082718e-01	  -1.4710595554063255e-01	   1.5412069414379670e-02	   2.7118748274581594e-01	  -1.7323015503730696e-01	  -3.3277165526938257e-01	   7.6223151252117660e-01	   0.0000000000000000e+00	   2.0439469705665059e-01	   7.2156220747292865e-01	  -2.1415362322849910e-01	  -1.1443907849547996e-01	   5.7937086120908110e-01	   5.6135341523842208e-01	   5.9057772213149939e-01	   6.6178801636246587e-01	  -1.5857827419068660e-01	  -6.9921635126865920e-03	   2.0130423010055357e-01	   1.1531530402806539e-01	  -4.2565259131332883e-02	   1.2557428538074461e-01	  -3.6702898695217462e-01	  -1.6576157486714818e-01	   5.6288686076789674e-01	   3.9592133110608019e-01	  -7.7032978350008760e-02	   4.7749803351560351e-02	   6.7950076022115141e-02	   1.1329927534081524e-01	  -2.6967039528410885e-01	  -1.5021310921268735e-01	  -3.4754877414924618e-01	  -2.8026641335066638e-01	  -3.7702816825252805e-01	  -1.9450155188710375e-01	  -2.9986898719141530e-01	  -2.1594685680325310e-01	   8.9446582401942948e-02	   1.7385234400465005e-01	  -8.1492071477822337e-02	  -1.0964645663093965e-01	   6.9794402886893397e-02	   1.0721409455190822e-01	  -1.4007271485090103e-01	  -1.9449043193934493e-01	  -2.4023029020296263e-01	  -2.8801998587549388e-01	  -2.0159058207427100e-01	  -1.4865192645136210e-01	  -1.4431356897685396e-01	  -2.9524511744516823e-02	   4.2914043455964784e-01	   2.5089505646197097e-01	  -2.8220592255280896e-01	  -2.5009452383275238e-01	   3.0774625643957909e-03	   1.4628007531581708e-01	   4.2923835644939368e-01	   3.2786614882213894e-01	  -3.5203085200385204e-02	   6.3944526922512318e-02	  -2.4040518362069158e-01	  -2.5580981706900680e-01	   2.3957335781132472e-01	   1.6674179835532627e-03	  -1.4066307420058827e-01	   2.7451531901505277e-01	   2.3362068413958273e-01	   3.6612851757476239e-01	  -8.1668211035543142e-02	  -2.4490888940114020e-01	   2.5508795860531458e-01	   7.0572175898660300e-02	   5.0972721396226062e-01	   2.2671833388427304e-01	   9.6251684553508909e-02	   3.9051712169458597e-01	  -1.0660080030134780e-01	   5.9514459585281468e-02	   5.7718963685503529e-03	   1.8059921921534897e-02	  -1.4090714013722330e-01	  -5.4713721084192618e-02	  -2.4081590680053488e-01	  -2.9651903760918069e-01	  -1.5759382731725868e-01	  -1.2452272575299049e-01	  -1.2235036251009102e-01	  -2.6553161848170170e-01	  -1.7366496297086731e-01	  -7.5967244919789054e-02	  -1.4348940722353540e-01	  -2.1237466179571463e-01	   8.5942085432363147e-02	  -5.6113824439696404e-02	  -5.5727190588319474e-03	  -2.0194805018377920e-01	   4.0322694194081257e-02	   5.5953663706833759e-02	  -1.4423362201780032e-01	  -4.0852782428437089e-02	   1.9012260322534860e-02	  -1.1057335066870019e-01	  -3.5976199138311113e-02	  -7.6374832337605652e-03	  -1.8499831027943153e-01	   5.2275936647560084e-02	   1.8291853944806043e-02	   5.3846772447258093e-02	  -2.1325493782884486e-01	  -1.2756464722433791e-01	
   6.2515423157877470e-01	   2.8379589273068928e-01	   5.0502688236657778e-01	   2.8664249079775017e-01	  -1.6533582231532029e-01	  -4.8203119000278072e-02	   3.7725715155512357e-01	   3.2801040044912833e-01	  -1.2571754934912766e-01	   1.5431920686801889e-01	   4.6990652258059185e-01	   2.0439469705665059e-01	   0.0000000000000000e+00	   6.1304058823811736e-01	   3.2074426140494700e-01	   2.7042874229924485e-01	  -2.4392653615262894e-01	   9.6126317370397896e-02	   3.0446353609962845e-01	   2.4737985396797307e-01	   4.0931573642340491e-01	   4.3394484404824674e-01	   4.1773523719867045e-01	   2.7140864435622142e-01	   7.8730497812503519e-02	   2.4707849162030471e-01	  -1.6125724595631963e-01	   9.8723039588304758e-03	   3.1049514796815775e-01	   1.4251606086099644e-01	   3.5211629634585351e-01	   2.6735531250846345e-01	   2.8649136150426086e-01	   3.4022518141680136e-01	   3.2167095204997059e-01	   1.6450825744373543e-01	  -2.6273115301497254e-02	  -3.8234805725337315e-02	   9.5814182994751612e-02	   2.4931589089023137e-02	   1.4682175093512894e-02	   7.9572005046799569e-03	  -4.1243409186970906e-02	  -3.4192266187745547e-02	   2.0867904726853764e-01	   6.3958181700264821e-02	  -7.4541248254101647e-02	   1.5697707152773335e-01	   1.3400109738165999e-01	   2.9212513776261062e-01	   3.6162692822444598e-01	   2.8082080495250383e-01	   1.6903157928831761e-01	   3.2502991177129398e-01	   1.6601175248525563e-01	   3.5918760250533754e-01	  -1.7968517380388344e-01	  -1.5824986492603926e-01	   4.2855588114079374e-01	   4.2751649055932667e-01	   3.9952990939927330e-01	   8.8904541211207555e-02	  -3.5169706547076990e-01	  -4.3335610732024549e-02	   6.5013095532844523e-01	   2.2222572904159194e-01	   3.6047556373438738e-01	   2.7657702780293125e-01	   2.3215326468198025e-01	   3.5580053724463701e-01	   1.3646849675776834e-01	  -9.0043486141557591e-02	   3.3155067262052940e-01	   3.5289379491799805e-01	   7.7510458778012881e-03	  -1.0030762439868093e-01	   1.5002317657972403e-01	   1.5787875533165116e-01	   4.2606115183836016e-02	  -1.2174509806914904e-01	   3.5001654454709374e-01	   3.1007792651828547e-01	   3.9627069942378301e-01	   3.1837999430650715e-01	   5.2779725271655542e-01	   1.5781556019964002e-01	   1.9866779281428944e-02	   1.5697140121029377e-01	   4.1861913376424836e-01	   3.8916837895548334e-01	   7.9668714067483853e-02	   2.8209700977148555e-01	  -6.7245201916618924e-02	   2.4054589879424149e-01	   1.3009519470857991e-01	  -1.8855047367985200e-01	   2.4782059686762287e-01	   6.9670008478771223e-02	  -2.0388259525618543e-01	   1.8656444318822235e-01	   2.0921620564712562e-01	   3.4521642904969713e-01	   1.8410410941333527e-01	   3.4714213718981801e-01	  -1.4505994313797185e-01	  -2.9038900574011950e-01	   3.3541464776313579e-01	  -8.6882713528657909e-02	  -1.8583823214480006e-03	   5.1069910155977660e-01	   9.9214653344430442e-02	  -1.7811474870617089e-01	  -2.4860665892245293e-01	   2.6491151069497777e-02	  -1.7989577000077367e-01	  -4.0179825173549211e-01	
