   0.0000000000000000e+00	   9.4406506646896160e-01	   6.7776369019470595e-01	   6.8412710035227509e-01	   6.9769423140298126e-01	   5.4063739269548705e-01	   7.7301936453127096e-01	   7.4782334637585013e-01	   4.6664816756013339e-01	   3.8197111750391649e-01	   9.1108695586650812e-01	   8.1056689396781134e-01	   8.6300186095561338e-01	   8.4192295649316773e-01	   7.4527096790155500e-01	   7.0061142702484325e-01	   7.6927384129943932e-01	   7.5893043287728057e-01	   9.2311371718228763e-01	   9.3014180047837369e-01	   5.5159237261024396e-01	   2.7185183135973490e-01	   5.0348554801989520e-01	   6.1563813132913303e-01	   6.1589157161069275e-01	   6.0650992251257119e-01	   5.9895937184934145e-01	   4.8727556310536141e-01	   7.9709974395865268e-01	   7.4004437224518593e-01	   4.0090244584151569e-01	   3.7956997997161646e-01	   5.8220256694417449e-01	   5.2899165517221247e-01	   2.9300975066845081e-01	   3.5800662907874953e-01	   4.7121714188035968e-01	   3.5343795713021359e-01	   4.4949985226596184e-01	   3.7991958464319375e-01	   5.4984885605854827e-01	   3.9054024323508496e-01	   6.1141769166641491e-01	   5.2506573765644937e-01	   3.8208282625088152e-01	   4.9170445028482312e-01	   7.2920330056398641e-01	   7.1003643005575534e-01	   5.0448905263138333e-01	   5.7491740809413094e-01	   7.4762574219098155e-01	   7.3592163482332529e-01	   8.1920030017609957e-01	   8.3866403136080536e-01	   7.0538711222830430e-01	   7.4306029067040535e-01	   9.2949574621007991e-01	   8.6031945643700936e-01	   7.1228030240509255e-01	   6.6051317583649338e-01	   8.4246667534264563e-01	   7.1636876058866239e-01	   8.7527637698927574e-01	   8.8205620815071351e-01	   2.7814117763319646e-01	   4.6908681023299104e-01	   4.0429288947540054e-01	   3.5997627644779195e-01	   8.3549202592066008e-01	   8.0172361144029269e-01	   6.2786623855032042e-01	   6.3495207126337960e-01	   8.1472292656969036e-01	   7.7451815526074985e-01	   6.6521220022419270e-01	   6.3403466225761385e-01	   6.9284411999034423e-01	   6.3830103304335961e-01	   6.6603500317346154e-01	   6.8006327968441405e-01	   8.2772297304819631e-01	   8.1881166841018183e-01	   5.7119316223726058e-01	   6.4193935620919007e-01	   7.3113329422885998e-01	   7.6134268393490012e-01	   5.9035513218358016e-01	   6.1298700508104131e-01	   6.3266712563447747e-01	   6.7896858252408021e-01	   6.8794161336888848e-01	   3.8258585707688608e-01	   4.8805579975768498e-01	   5.6810429560031617e-01	   3.0513302965378469e-01	   6.8098956035338443e-02	   6.8912853608352220e-01	   5.6329527076553221e-01	   8.0455885633196900e-01	   8.4003010498584496e-01	   7.3091865431864789e-01	   6.4493074597220224e-01	   7.0889642673838693e-01	   5.9384250325372556e-01	   3.7520408866554433e-01	   3.7364290068184536e-01	   1.9560521621430627e-01	   2.4820059214540732e-01	   9.0040329708543920e-02	   2.5745524101401429e-01	   6.7759302739910487e-01	   7.4040189489037911e-01	   6.8123443426764030e-01	   4.2821037540406698e-01	   3.0356489255750740e-01	  -2.0681328036167948e-01	
   9.4406506646896160e-01	   0.0000000000000000e+00	   6.4236067010051034e-01	   6.7426630312399749e-01	   6.5732500117579895e-01	   5.3525040301494953e-01	   6.8463572967229314e-01	   7.1352902321518363e-01	   5.0184268341438643e-01	   3.7508956442601366e-01	   8.5137424165566156e-01	   7.5606738508291127e-01	   8.4074277861707747e-01	   8.3109444556529255e-01	   7.5236672981393460e-01	   6.9628902632271594e-01	   7.4069504832774113e-01	   7.7109838451001900e-01	   9.0164743712353479e-01	   9.2989339586573738e-01	   5.5953036154062530e-01	   3.1460070822577973e-01	   5.3494165349180722e-01	   6.5169156131686279e-01	   6.0982290155836683e-01	   5.9833444461925500e-01	   6.0207204335669573e-01	   4.7396017755247316e-01	   7.8669797454337353e-01	   6.9034806564625151e-01	   3.9926018110262945e-01	   4.0619160338960969e-01	   5.9173477183086731e-01	   5.5068965471702180e-01	   3.0371822570723106e-01	   3.3272618403696252e-01	   4.3493174219676201e-01	   3.1283757716178079e-01	   4.0304432525252298e-01	   3.0156314978420906e-01	   5.0158961253692058e-01	   3.4259312378011458e-01	   6.5986743490112154e-01	   6.1098168909623063e-01	   4.6722520726879835e-01	   5.9257085280821165e-01	   7.4920822271867527e-01	   7.4435524376691165e-01	   5.9472046832911252e-01	   6.5287252936678541e-01	   7.3974630913933970e-01	   7.6710005674492876e-01	   7.4834856799517557e-01	   8.3153825101827583e-01	   6.9011231751887414e-01	   7.0343389394019318e-01	   9.2428624063926201e-01	   8.9676354120976565e-01	   6.8923242879402236e-01	   6.4758996666969415e-01	   8.0128607340186730e-01	   7.4430654143675778e-01	   8.2341806989916999e-01	   9.1041430826395287e-01	   3.7408860288319451e-01	   5.4327828931834432e-01	   4.3109748773543421e-01	   4.0448392620181028e-01	   8.1131168628406614e-01	   8.0965067007341296e-01	   6.7694790876706490e-01	   6.5351785741421475e-01	   8.1542315030045920e-01	   8.1471477864825170e-01	   6.3241323741519717e-01	   6.6951863994164329e-01	   7.0532941124589443e-01	   6.4315601522360799e-01	   6.0352035323088193e-01	   6.4128179287062070e-01	   8.3374462469610133e-01	   8.5480155150721537e-01	   6.0739259344162178e-01	   7.0139154170227336e-01	   7.4377611191348103e-01	   7.6062214019593688e-01	   5.8493714521998841e-01	   6.2470187661145149e-01	   6.2175512344480144e-01	   6.6137363109752811e-01	   6.4530332937326085e-01	   3.0321032551971999e-01	   4.2756506334164934e-01	   4.8358567447062273e-01	   2.7163189610368710e-01	  -8.9861104641939075e-03	   6.4327321684022443e-01	   5.7190519151037844e-01	   7.8031550145040218e-01	   7.6186379710533680e-01	   6.8597574446298970e-01	   5.6281483202294935e-01	   7.0902167784719772e-01	   5.2950952743219482e-01	   3.6702858952035577e-01	   3.4396760071670751e-01	   2.1120700117620667e-01	   1.1470277535321635e-01	  -3.3249733403803279e-02	   3.0787960581866503e-01	   6.5586674021979863e-01	   6.9139841128447665e-01	   6.1189087056994940e-01	   4.2994213809672543e-01	   3.1090022361641817e-01	  -2.8659250806862890e-01	
   6.7776369019470595e-01	   6.4236067010051034e-01	   0.0000000000000000e+00	   8.2095525370515476e-01	   6.5937410646432149e-01	   4.7266837133121276e-01	   8.6560400117914627e-01	   6.7783891246368910e-01	   5.7972218696791589e-01	   4.8585694625971709e-01	   6.1172484158619933e-01	   4.7212470920564076e-01	   7.3815004442580434e-01	   6.1301227475049580e-01	   8.2428047707536800e-01	   6.9901337444323552e-01	   6.1837948127811238e-01	   5.9692291257785401e-01	   8.0878603874553234e-01	   6.9386651381111042e-01	   6.4806948014110888e-01	   3.9799421393135714e-01	   8.0963304687921411e-01	   7.9643528804399133e-01	   7.1806483023677103e-01	   8.0598491407695494e-01	   7.1973836958218962e-01	   6.1726592895657673e-01	   5.6483261714209965e-01	   5.5339787700365384e-01	   6.9312992160099163e-01	   6.4900536195007219e-01	   8.0793088743022323e-01	   7.5799913373570860e-01	   6.9807981148609655e-01	   6.9949989790021838e-01	   5.6053888816887054e-01	   4.6684681763947211e-01	   5.2191935850669879e-01	   4.7572233452078810e-01	   5.5124712946648680e-01	   5.2713203533857433e-01	   5.4157430853234934e-01	   4.0561115861412356e-01	   4.4247035850779315e-01	   4.7077065190502504e-01	   6.2162720435253449e-01	   5.9344911962526081e-01	   4.4305397028262955e-01	   4.8231970308606381e-01	   7.1624243250009334e-01	   6.0714045686261819e-01	   7.5594306308211623e-01	   5.9265646904428226e-01	   7.3828643288254092e-01	   7.4124622298232334e-01	   7.0892308150399874e-01	   6.6506903193948042e-01	   7.4927934313998446e-01	   4.8370497720534594e-01	   7.7627699862410671e-01	   5.5406239542024127e-01	   5.9618027730061551e-01	   5.7561652433550903e-01	   6.4059132165784316e-01	   6.4312373470572293e-01	   7.5363212910507804e-01	   6.3126277278142273e-01	   7.5991661494887974e-01	   6.9560868740607806e-01	   6.8707790575014249e-01	   7.3221772194620793e-01	   6.3924389312488805e-01	   6.7755730759031518e-01	   6.0762754933412244e-01	   6.3984908989884315e-01	   5.9892029682052272e-01	   6.0296611607358819e-01	   4.5258032168022044e-01	   5.7930871453039989e-01	   6.2091601327809465e-01	   5.8721317984546251e-01	   6.2017924898684818e-01	   6.4914831576450571e-01	   7.4951442752248665e-01	   7.9905744087023722e-01	   6.8331729776606620e-01	   6.6764746475002579e-01	   7.1672589660969899e-01	   6.9220796115605698e-01	   7.5871706211046208e-01	   6.9573935151598065e-01	   5.7301720488721364e-01	   7.5012564029580098e-01	   2.1265863937395524e-01	   1.7371121882733040e-01	   5.9981117982814369e-01	   5.5627437294771631e-01	   7.1777669903390384e-01	   8.1304512418446873e-01	   6.4933461877326693e-01	   6.8246970767324244e-01	   6.1586716826428434e-01	   5.9795316398562881e-01	   4.8279295575752273e-01	   4.1320869934387239e-01	   3.1641413730967627e-01	   4.4717381845190962e-01	   6.3396451668460169e-02	   2.9810911829572857e-02	   5.7444601405116680e-01	   5.9497548745621454e-01	   4.4667352858589426e-01	   5.2155177791168439e-01	   4.9496619157893729e-01	  -6.0961275130827733e-02	
   6.8412710035227509e-01	   6.7426630312399749e-01	   8.2095525370515476e-01	   0.0000000000000000e+00	   6.1926532885128915e-01	   5.8288558499586940e-01	   8.5878953592782015e-01	   8.7637988666341493e-01	   5.7130503305444125e-01	   6.0408864117326844e-01	   6.7767387266393952e-01	   6.4854799785717399e-01	   7.1723355902695207e-01	   7.2821135698118900e-01	   7.4387262261597487e-01	   7.6658071357668267e-01	   4.9812179205844087e-01	   4.2447318912743659e-01	   7.6283654294263337e-01	   7.6496010392725311e-01	   5.6867923564676692e-01	   3.4705544694115742e-01	   6.3086476593913987e-01	   7.8105577315220653e-01	   5.2723666370915279e-01	   7.0308012253965757e-01	   6.6556923728264927e-01	   5.6469578472930815e-01	   6.3140703868254555e-01	   6.6883698850254314e-01	   5.9576825917862186e-01	   6.0236300336178616e-01	   7.0135506134372450e-01	   7.1101237651212612e-01	   4.8875997901186463e-01	   5.6541782184754474e-01	   4.5226086181154074e-01	   3.2225500816926733e-01	   4.3315787026548919e-01	   3.4065379726262396e-01	   5.2444973952454510e-01	   4.1307276561733985e-01	   5.6980763419968050e-01	   4.5146409552576483e-01	   4.1511948126315956e-01	   4.9032349827129007e-01	   6.6060369704921185e-01	   6.1248371902740439e-01	   4.8869476622392427e-01	   5.4359341339423173e-01	   6.6929850932913948e-01	   6.3281567211460799e-01	   6.7816660615424629e-01	   5.6014568566317147e-01	   6.5952507174180464e-01	   6.5463826970889316e-01	   6.1467292248666039e-01	   5.6258685944815445e-01	   7.6619367354603640e-01	   6.6771237146309714e-01	   8.2032860122053464e-01	   8.0246511145549260e-01	   5.5779451273401126e-01	   5.6679784998285043e-01	   4.5903878103025580e-01	   7.8382780684603182e-01	   6.0308426891286160e-01	   6.1633361668187114e-01	   6.7276340107382870e-01	   6.7437678906890719e-01	   6.7382807668014988e-01	   7.5913709214026781e-01	   6.4492558339883388e-01	   6.5262698917632167e-01	   5.8393207609032627e-01	   6.0528036460237677e-01	   6.1006760083697098e-01	   5.8918865241178442e-01	   3.6888443534660714e-01	   4.6322834518683270e-01	   5.2957217485239549e-01	   5.2553666743496341e-01	   5.2791815755607352e-01	   6.2236048349342177e-01	   6.5255127647844235e-01	   7.8131062998933909e-01	   6.2029676598643413e-01	   6.0514639931231029e-01	   6.4841779410869327e-01	   6.1791883798699321e-01	   8.2927065306530223e-01	   6.6083420765606204e-01	   6.4211109111282427e-01	   6.1457209211859298e-01	   1.2831828460032851e-01	  -1.9884609187374398e-02	   6.3257030511340639e-01	   4.6566799033579065e-01	   7.9759687141261271e-01	   7.9864531733433253e-01	   6.4222925988577173e-01	   5.6608577055057219e-01	   4.9444102996655526e-01	   4.4495680348840416e-01	   3.6155906868796239e-01	   3.0054364722921667e-01	   2.8121958628765015e-01	   4.1192651055828183e-01	   1.8913503187222361e-02	  -1.1812703040851205e-02	   5.9832759641567956e-01	   6.2987944551481090e-01	   5.5918410172498723e-01	   4.0756636365188664e-01	   3.9296815328766888e-01	  -1.0050911178945614e-02	
   6.9769423140298126e-01	   6.5732500117579895e-01	   6.5937410646432149e-01	   6.1926532885128915e-01	   0.0000000000000000e+00	   6.0458043227138181e-01	   7.5189376646044348e-01	   7.4768444887679442e-01	   8.1727466802480531e-01	   5.3077403122920053e-01	   6.7205879797360601e-01	   6.6246161985967866e-01	   6.9059962302254707e-01	   7.0938910280086065e-01	   7.4685966575837370e-01	   5.9663424375105045e-01	   4.2860983146308107e-01	   5.1914293619448681e-01	   7.1791982170500823e-01	   6.6762768209113832e-01	   4.8798182187138639e-01	   4.2392584287215918e-01	   4.2150186695237923e-01	   4.2456525437403769e-01	   4.5223897075059150e-01	   4.4761146332753565e-01	   5.5695912026605465e-01	   5.1879737059556308e-01	   4.7704156556510008e-01	   5.2708617099888100e-01	   3.6349737495772577e-01	   3.4305917597953423e-01	   5.5006561751018213e-01	   5.5606919155797030e-01	   3.8258655075403070e-01	   4.9006681930923157e-01	   2.6546547944529980e-01	   1.9790041129280267e-01	   3.4981335734175123e-01	   3.1378927444231891e-01	   2.4760859772587906e-01	   2.6965878641397956e-01	   5.7856530864485634e-01	   4.8201072821491642e-01	   4.6966871487039796e-01	   5.5081203805541645e-01	   6.1606696447862097e-01	   6.0055550141512248e-01	   5.3418786900968862e-01	   6.2714147778624874e-01	   5.6356868367822133e-01	   5.8367548096241961e-01	   6.3171415163409117e-01	   6.1602071722175133e-01	   5.2108947025480701e-01	   5.7350372320706455e-01	   6.2100901352963001e-01	   5.4237543835775481e-01	   7.0312599500948081e-01	   5.5120953266752282e-01	   7.7706843947218562e-01	   6.8384585456454750e-01	   5.6733526903397247e-01	   5.9649499620247182e-01	   2.2801552372360889e-01	   4.6612631629631118e-01	   4.2761228524607769e-01	   3.8968693349369599e-01	   6.1727946410746282e-01	   5.4926566750532824e-01	   4.4194047461085129e-01	   5.1482663300018605e-01	   4.2668690113066371e-01	   5.0301447925596066e-01	   3.3619212759336414e-01	   3.8374334233773849e-01	   4.5459353187560791e-01	   4.6893978208071596e-01	   2.8928265002960263e-01	   4.8924760913880438e-01	   5.3336461672964153e-01	   5.0999785869223224e-01	   4.2748296910589823e-01	   4.3539334646323230e-01	   5.1581001207732702e-01	   5.8276216859349450e-01	   3.6017616460159868e-01	   4.3603799016060379e-01	   5.8569157607581279e-01	   5.9348673396752727e-01	   5.6197165366361623e-01	   3.8034699348050327e-01	   4.6507770350457311e-01	   6.3151596990173875e-01	   2.7467292909837637e-01	   1.9119299771411868e-01	   4.8163900094764861e-01	   4.0109088627960160e-01	   6.2441023751048252e-01	   6.5134978626936602e-01	   6.8665366459323063e-01	   6.7908569185637635e-01	   6.3380865091605765e-01	   6.4877368558218684e-01	   4.1845942769221445e-01	   3.0507421937754220e-01	   4.2038350742182573e-01	   4.7868827285163407e-01	   1.2134650006809199e-01	   1.6588132706262215e-01	   4.6220382597661147e-01	   5.9460501027774759e-01	   5.0139714720309603e-01	   4.9818072890650394e-01	   3.7513822824877463e-01	  -9.5275698485845897e-02	
   5.4063739269548705e-01	   5.3525040301494953e-01	   4.7266837133121276e-01	   5.8288558499586940e-01	   6.0458043227138181e-01	   0.0000000000000000e+00	   5.8158254499011708e-01	   7.0441747457791415e-01	   5.2386407767120435e-01	   8.1774326204643222e-01	   5.5397770005799518e-01	   5.8723838855205590e-01	   5.3022098621431901e-01	   5.5421399308287611e-01	   5.8512224856314310e-01	   7.8121331682850725e-01	   3.3930261521081850e-01	   3.1345569616008995e-01	   6.0132741586710170e-01	   5.2738597510507945e-01	   4.2474192069156469e-01	   2.3294260183760046e-01	   2.2851879143535608e-01	   3.0441889059302263e-01	   2.1329403511530531e-01	   3.6411027265289775e-01	   5.0052935708509416e-01	   6.9087044477295989e-01	   4.9471525075096390e-01	   4.0162764767962233e-01	   2.9653182443813153e-01	   2.7933719683973746e-01	   4.2395211321925386e-01	   4.8959576209088868e-01	   2.5175244638131505e-01	   3.5173259628037912e-01	   2.8173736735092597e-01	   1.8407084032758492e-01	   3.9155689320738662e-01	   2.4744139883797772e-01	   2.8831573842081420e-01	   1.0168269587652100e-01	   6.2084710493924589e-01	   5.3435515950331525e-01	   4.2517055805189458e-01	   4.7372014527906858e-01	   6.8156584296186840e-01	   6.4002893065722333e-01	   5.0251469002395655e-01	   6.2659664756165323e-01	   5.6445153642690404e-01	   5.7541581685011545e-01	   6.5971979773885714e-01	   6.0540482763479597e-01	   5.1752914781272696e-01	   5.8350735743423299e-01	   4.7973294444960746e-01	   4.5458806491984333e-01	   6.3841138808110887e-01	   6.9121263717901815e-01	   6.5165050886831055e-01	   6.5732138192302980e-01	   4.5865526552668356e-01	   3.7395352635709495e-01	   2.9998613103596097e-02	   4.0486484238106391e-01	   3.3459176034047311e-01	   3.7722389966535241e-01	   5.3681414917196157e-01	   5.7507792458885221e-01	   3.6798618141108175e-01	   4.7336836247696845e-01	   3.8736951844609535e-01	   4.5079143691060469e-01	   2.0221793905505231e-01	   3.0620755899693847e-01	   4.8594150045266959e-01	   4.3546231699326893e-01	   2.7988113782344454e-01	   2.7258007567352205e-01	   4.2850487739962995e-01	   3.7921103319511407e-01	   2.1662196899329067e-01	   3.0061502993482292e-01	   3.8950215600978294e-01	   4.8125402799540584e-01	   3.5179301788347550e-01	   2.1473015677123419e-01	   4.7951945702531162e-01	   4.7945356209926016e-01	   5.6117329497378965e-01	   3.9898585431565869e-01	   4.2672579215331941e-01	   4.5799844659851929e-01	   2.8686428709107648e-01	   8.1693781762522094e-02	   4.6086835472102250e-01	   3.2359723476998559e-01	   6.2474569076491959e-01	   5.8023086177925709e-01	   5.8845469589181709e-01	   5.1646114545251653e-01	   4.1325403881398926e-01	   3.9008678988436774e-01	   1.1582601185790196e-01	   1.0247661615435580e-01	  -3.7648040336054789e-02	   1.3683376513377410e-01	   2.2930554968740000e-01	   2.4685065450757443e-01	   5.4090467738783143e-01	   6.3044104165243420e-01	   5.7683037605352516e-01	   3.7179501360644041e-01	   2.9205569628012407e-01	  -1.7840634328951793e-01	
   7.7301936453127096e-01	   6.8463572967229314e-01	   8.6560400117914627e-01	   8.5878953592782015e-01	   7.5189376646044348e-01	   5.8158254499011708e-01	   0.0000000000000000e+00	   8.8637472929295358e-01	   5.8365121965190270e-01	   5.3136090581931517e-01	   7.9698640578032121e-01	   7.4089155137178664e-01	   8.0976610226654566e-01	   7.7494542223758534e-01	   7.2282844093723586e-01	   6.9677170039553959e-01	   6.3504997363361371e-01	   5.9675077150307287e-01	   8.4303169000288802e-01	   7.8290354812458229e-01	   5.3434757523222354e-01	   3.1628424993304216e-01	   6.3986715909188518e-01	   6.8532607324161932e-01	   5.2029056917922678e-01	   6.0820935407576104e-01	   5.2374496755488509e-01	   4.7470910816458067e-01	   6.9886131131581397e-01	   7.4490181410523293e-01	   6.4600805224943492e-01	   6.2224689200482963e-01	   7.6954411635677222e-01	   7.5312704217625837e-01	   5.2979898721264318e-01	   5.9414666959938256e-01	   4.4836915676281358e-01	   3.9871295532839268e-01	   4.3491967111162638e-01	   4.5807906624175976e-01	   4.9681740266577645e-01	   4.5664656927017538e-01	   5.8230992838490780e-01	   4.4952812882678972e-01	   4.4001938241087912e-01	   5.3386453899560815e-01	   6.9280814593612949e-01	   6.6059850973505374e-01	   4.9965246671749092e-01	   5.4595860798012408e-01	   6.6815987022714474e-01	   6.2628896972325743e-01	   7.5615773367129802e-01	   6.9126807366309928e-01	   6.5339907541207598e-01	   7.4451636126134857e-01	   6.7442617091277568e-01	   6.1012055517191377e-01	   7.5070771736408715e-01	   5.7216643679718282e-01	   8.8606839075121857e-01	   7.5458081055568704e-01	   7.0171536226921072e-01	   6.5824794963999744e-01	   3.4545295849916036e-01	   5.6076068221915620e-01	   6.2295611807094997e-01	   5.9859118541939238e-01	   7.0246084074857418e-01	   6.7088305310435270e-01	   6.6284586652670630e-01	   7.5055443545289513e-01	   6.9739666630188935e-01	   7.1039426618073920e-01	   6.6031318173827047e-01	   6.3518977964275747e-01	   7.1636976976650213e-01	   7.0347401027710088e-01	   5.7979921413195534e-01	   6.6044482735395282e-01	   6.5692560252552457e-01	   5.8508312708118870e-01	   4.2416774276405533e-01	   5.3367110300660303e-01	   6.0594133881660683e-01	   7.1461934235325575e-01	   4.7067406690472735e-01	   4.9256145164352538e-01	   5.4075676568401754e-01	   6.2227654239501895e-01	   7.4820152203892143e-01	   5.7751793219526726e-01	   5.5932262886784323e-01	   6.4188760758564789e-01	   2.3459509777050802e-01	   2.4888019311800844e-01	   6.6078158237037232e-01	   5.5067246552832416e-01	   7.6837008750462177e-01	   8.5248522081200240e-01	   6.3703812171213003e-01	   6.5879756541987722e-01	   5.0748712330336998e-01	   4.8950272471996437e-01	   3.5010481472162680e-01	   2.7440831495396700e-01	   2.5790805708734393e-01	   4.7935657503698925e-01	   1.6514141162899748e-01	   4.8605684704392568e-02	   6.5325552968748257e-01	   6.9269618003056288e-01	   6.1368726983149235e-01	   5.1238773607785881e-01	   4.2325007114410557e-01	  -2.3569421287015793e-02	
   7.4782334637585013e-01	   7.1352902321518363e-01	   6.7783891246368910e-01	   8.7637988666341493e-01	   7.4768444887679442e-01	   7.0441747457791415e-01	   8.8637472929295358e-01	   0.0000000000000000e+00	   6.5988366814782673e-01	   6.4122240289398091e-01	   7.9615872850865155e-01	   8.5282303199079990e-01	   7.4967193362872053e-01	   8.4330513614641789e-01	   6.6771573237818982e-01	   7.3466256583392497e-01	   5.1901981523926444e-01	   4.6807472109788706e-01	   7.7769083292183350e-01	   7.8587983460438193e-01	   4.0466113624521416e-01	   2.6342253494466367e-01	   4.4771194755435328e-01	   5.7831100715944161e-01	   3.2889006087470896e-01	   4.6490811069689619e-01	   4.4361158926944344e-01	   4.4515515849132797e-01	   7.0071036915401286e-01	   7.3664942645280918e-01	   5.0482633417196698e-01	   5.3260704394074021e-01	   6.1658728344123903e-01	   6.5235287138934206e-01	   3.4011789119075858e-01	   4.6038759317209366e-01	   3.2423216727299797e-01	   2.3142691006647412e-01	   3.4135344110913540e-01	   3.0779421025547571e-01	   4.1846248968276800e-01	   3.0120332138815964e-01	   6.2516654986370812e-01	   5.1501715640829904e-01	   4.4000781704249120e-01	   5.5664438078253820e-01	   7.3485949180743682e-01	   6.8656387296135735e-01	   5.6671881135470237e-01	   6.4693178890079495e-01	   6.4479165541360361e-01	   6.7674100712562180e-01	   7.0856246651643606e-01	   6.8800139558724149e-01	   6.0418920142163057e-01	   6.5778611739524995e-01	   6.0451013153423716e-01	   5.3397564426366828e-01	   7.3696386114125212e-01	   7.2602663076315266e-01	   8.4211172634492593e-01	   8.9419438910943716e-01	   6.5111658289239227e-01	   6.3865178502963160e-01	   1.5107229467612060e-01	   5.9749309525258321e-01	   4.1357161679074783e-01	   4.7713619406419416e-01	   6.2337804387407947e-01	   6.4412792256294660e-01	   5.9855059267148836e-01	   7.1259761039521441e-01	   6.3483625269368960e-01	   6.8132057219392039e-01	   5.3559727819260350e-01	   5.4554121325764959e-01	   6.4511499070952216e-01	   6.1443023463376623e-01	   4.6756292336637040e-01	   5.1085147389143826e-01	   5.9794944943582617e-01	   5.4365076963905512e-01	   3.5849811830162670e-01	   4.9012341398545262e-01	   5.3478519064627528e-01	   6.9785298666671314e-01	   3.9703975154628068e-01	   3.9796211500418899e-01	   5.3333418413424616e-01	   6.2082727892456413e-01	   7.7840914894479618e-01	   4.5930336358255391e-01	   5.8362505919851815e-01	   5.0803522509643306e-01	   1.4631529244453906e-01	   4.7261935750619724e-02	   6.3033373910288093e-01	   4.3104794001496211e-01	   8.1151051741094760e-01	   7.7433105155391069e-01	   6.5733628730787308e-01	   5.3733644514081036e-01	   4.6213804472735276e-01	   3.7475994514557986e-01	   2.2728955409665336e-01	   1.3150275454934490e-01	   2.8010499305174413e-01	   4.1652342141935694e-01	   1.0861279042501527e-01	   9.2566614208464279e-02	   6.5053201678914585e-01	   6.9649949498741393e-01	   6.4760656940211958e-01	   4.6869197194861112e-01	   3.5163055165708235e-01	  -9.1665548055928192e-02	
   4.6664816756013339e-01	   5.0184268341438643e-01	   5.7972218696791589e-01	   5.7130503305444125e-01	   8.1727466802480531e-01	   5.2386407767120435e-01	   5.8365121965190270e-01	   6.5988366814782673e-01	   0.0000000000000000e+00	   5.4808636667828725e-01	   4.3130977717902319e-01	   4.8515189611767218e-01	   4.9353307665974722e-01	   5.0967699126885979e-01	   6.8897500432432057e-01	   4.9967938958657931e-01	   2.0484831489074801e-01	   3.1188941628063582e-01	   5.5164140477277390e-01	   4.6427320315370546e-01	   3.4592421265338658e-01	   4.4175358180322083e-01	   3.2048063934805032e-01	   3.4909351301589175e-01	   2.8150979354512001e-01	   3.7463537653188717e-01	   4.2799965434647669e-01	   4.0757234419014110e-01	   3.2472781473971846e-01	   3.5850653746110772e-01	   2.8503997669743547e-01	   3.0404719367569821e-01	   3.7829176200330822e-01	   4.1506760702693701e-01	   2.7282223671601413e-01	   3.5957879913313989e-01	   1.4018154570665864e-01	   2.5805154456379410e-02	   2.3746626065316567e-01	   1.2084278701899012e-01	   1.7751569142385520e-01	   1.4217896392661308e-01	   4.6301166261759480e-01	   4.1900436714632272e-01	   4.1007261857579802e-01	   4.6727462861335622e-01	   4.7487405843780484e-01	   4.6598825125660054e-01	   4.9124438879520743e-01	   5.7407749035562938e-01	   4.8024033658687354e-01	   5.3142636503270091e-01	   4.5107107833862892e-01	   4.5220125662792426e-01	   3.9764376243621791e-01	   3.9330271457348942e-01	   4.3787521750689828e-01	   3.9881283109642018e-01	   5.6344149856810088e-01	   4.9690657063363197e-01	   5.9572835227564602e-01	   6.3915628219387399e-01	   3.6106147518885873e-01	   4.4075087694386905e-01	   2.6318232533470320e-01	   4.8411697704531387e-01	   3.0358455869278378e-01	   3.1127634565456058e-01	   4.5599181563472901e-01	   4.0556951079606152e-01	   3.7741871654946529e-01	   4.8325519219072216e-01	   2.3481925976105589e-01	   3.8425014715612360e-01	   1.5641509848884416e-01	   2.5453889514827710e-01	   2.6874289206881241e-01	   2.6112155033734907e-01	   9.5521215469643955e-02	   2.7241364908520893e-01	   3.2718091209362921e-01	   3.2139404462860655e-01	   4.3684833493794567e-01	   4.2606422804017907e-01	   4.1268994768123252e-01	   5.2374264762694844e-01	   2.6342234770714756e-01	   3.9969818184375394e-01	   5.5596004943456345e-01	   5.7157370517166506e-01	   4.1630279137447168e-01	   2.7816069574892366e-01	   2.6917876995867746e-01	   4.9877800085071489e-01	   1.6919026625691691e-01	  -3.2529170202026815e-02	   2.8704355864326486e-01	   2.8514865204439033e-01	   4.7576731808641792e-01	   4.3554853149903661e-01	   5.0347434008895198e-01	   4.8394883094678331e-01	   5.0769242648917579e-01	   4.6932481028469436e-01	   2.1702951464640230e-01	   8.3715156637540880e-02	   4.9060878699582333e-01	   4.1240621887891954e-01	  -4.9132758198239868e-02	   1.3932374155375610e-01	   2.2460435197733974e-01	   3.9509895594158212e-01	   2.4912253330526957e-01	   3.4184942572872296e-01	   2.5394455051469744e-01	  -1.5325517053699392e-01	
   3.8197111750391649e-01	   3.7508956442601366e-01	   4.8585694625971709e-01	   6.0408864117326844e-01	   5.3077403122920053e-01	   8.1774326204643222e-01	   5.3136090581931517e-01	   6.4122240289398091e-01	   5.4808636667828725e-01	   0.0000000000000000e+00	   3.9570974967465383e-01	   4.3233269111918604e-01	   4.4381766717182081e-01	   4.2019383155574486e-01	   5.2550077097015890e-01	   7.7782390547158120e-01	   1.9453362176060196e-01	   1.2090806564031356e-01	   4.4922495929243716e-01	   3.8249729758374518e-01	   3.7343286961214361e-01	   1.2989477031058225e-01	   1.7908417088065437e-01	   2.5429769500050620e-01	   1.2527067001064365e-01	   3.1533696303914904e-01	   5.2350621961467603e-01	   6.7907964318232850e-01	   3.5792963347683271e-01	   3.1686586420303653e-01	   2.3962110995380936e-01	   2.2590278547084547e-01	   3.5118400405312089e-01	   4.0546955283215907e-01	   1.9669134108284969e-01	   2.7774413507367768e-01	   2.1500161358188791e-01	   9.5438590299764162e-02	   3.2737123548491215e-01	   1.7648417853168813e-01	   1.6969867381954376e-01	   8.6300587770178142e-02	   4.6147188410886825e-01	   3.6514064726383000e-01	   2.9834411050706100e-01	   3.4927645578906508e-01	   5.4528212133491794e-01	   5.0712149419022479e-01	   4.3904936609960687e-01	   5.7678381810249335e-01	   5.2251882676546524e-01	   4.9288047493034609e-01	   6.0347525421359727e-01	   4.6521634903840559e-01	   4.7430853174159027e-01	   5.1809300662509683e-01	   3.3865643556610209e-01	   3.2268155577821794e-01	   6.7664904633602552e-01	   7.3669040528695040e-01	   6.0565298903908704e-01	   6.2757071117766328e-01	   3.0989448859308699e-01	   2.1913509822081850e-01	   7.3774471793894569e-02	   4.9600413184007086e-01	   2.9178907059200521e-01	   3.2236689480693170e-01	   4.3997655899863730e-01	   4.7985193549693073e-01	   2.5244057871387476e-01	   3.8633196831492567e-01	   2.5999260233916316e-01	   3.3661567012563998e-01	   9.5288959308982193e-02	   1.7519037026226514e-01	   3.3884132353439156e-01	   2.5810671221745368e-01	   1.1022848964197829e-01	   1.0156380780363375e-01	   2.6938526950702868e-01	   2.1406205748833418e-01	   9.9577904782956472e-02	   2.2653282999123692e-01	   3.4212635497132354e-01	   4.8397361354339691e-01	   3.5215987139093374e-01	   1.4584693841276203e-01	   5.4979212956539869e-01	   5.5863234119052385e-01	   5.5319960006073909e-01	   4.6344996086835810e-01	   4.5982040491613552e-01	   4.1381755528216163e-01	   1.6436079966115319e-01	  -2.1584037982208808e-02	   3.2217748843682448e-01	   2.0358458459604334e-01	   5.4850342705729160e-01	   4.9815293318347642e-01	   5.9388072287770211e-01	   5.3381282859463963e-01	   3.7540015891228956e-01	   3.5958328814307994e-01	   1.2061701838212727e-01	   8.5085139742279395e-02	  -4.1933426738086907e-02	   1.4593832916965971e-01	   2.6557879910135407e-01	   1.6294198285974459e-01	   4.0623532345414265e-01	   4.7549444809726221e-01	   4.5743224594594545e-01	   3.0138632648259289e-01	   6.2595249682354928e-02	  -1.1617593861908963e-01	
   9.1108695586650812e-01	   8.5137424165566156e-01	   6.1172484158619933e-01	   6.7767387266393952e-01	   6.7205879797360601e-01	   5.5397770005799518e-01	   7.9698640578032121e-01	   7.9615872850865155e-01	   4.3130977717902319e-01	   3.9570974967465383e-01	   0.0000000000000000e+00	   9.3263005464404791e-01	   8.9210783643123381e-01	   9.1475448759482858e-01	   7.0389074356761605e-01	   6.8227558609555505e-01	   7.4626277235798133e-01	   7.1181962910118146e-01	   8.8952363367303644e-01	   8.7576656785575002e-01	   4.6393884462180446e-01	   2.5090733201654392e-01	   4.8832824381815731e-01	   5.8470137170887204e-01	   4.8762947462117767e-01	   4.7497728195593281e-01	   4.4985246091007036e-01	   3.7449110738897606e-01	   8.4350391146263659e-01	   7.7048235444023949e-01	   3.8276774277584225e-01	   3.8457726706634288e-01	   5.6537453569174434e-01	   5.3700669048399885e-01	   2.5517425139361760e-01	   3.3475303968421288e-01	   3.7234778287608716e-01	   2.8127488809448065e-01	   3.6285650749668708e-01	   3.6703622707294187e-01	   4.7756164550889313e-01	   4.1401510721092183e-01	   5.9496548203880972e-01	   5.3068715265606303e-01	   3.6114382458701705e-01	   5.0189262170107729e-01	   7.1947589548943969e-01	   7.0118712361604085e-01	   4.9715775520816785e-01	   5.8325682670777224e-01	   6.3540151626426733e-01	   6.7827156163735136e-01	   7.5380998671318078e-01	   7.9795387884604718e-01	   6.1213067770804608e-01	   6.9425335919901743e-01	   7.9061931205102465e-01	   7.1131820785733546e-01	   6.1827441810372885e-01	   5.7626810943731599e-01	   7.8294883365886814e-01	   7.3521634837541017e-01	   8.3843559075943264e-01	   8.5360187203183158e-01	   1.4885701759724654e-01	   3.9070119769263706e-01	   3.1931917235304685e-01	   3.0026787151438561e-01	   6.6730673297062637e-01	   6.5740170743329407e-01	   6.3046008568317613e-01	   6.6192362454675369e-01	   7.8593537161778082e-01	   7.5673895266935554e-01	   6.4000303054493923e-01	   5.9785805614238885e-01	   6.7374513583021456e-01	   6.1238334244381532e-01	   6.7088684922941499e-01	   6.7173991689364232e-01	   7.8267701589125305e-01	   7.9503436354411339e-01	   5.0504814348733951e-01	   5.7778736038326084e-01	   6.8138643194483917e-01	   7.3734734076063091e-01	   4.6503203112166680e-01	   4.8563974859275849e-01	   5.7367212647170007e-01	   6.6245597054475747e-01	   7.0898685127695960e-01	   4.2728507973266083e-01	   5.4697232933828366e-01	   5.5520114423036870e-01	   1.8109486152698884e-01	   2.4678871416026031e-03	   5.6129287465191524e-01	   4.6724314613429718e-01	   7.7610310663689241e-01	   8.2606497188662575e-01	   6.9597149219084176e-01	   6.3301264548790781e-01	   5.7285381616134212e-01	   4.9737637559382297e-01	   3.1227234103003876e-01	   2.5471430067436807e-01	   1.9165712347357816e-01	   2.6377388418598413e-01	  -3.2354435674048942e-02	   7.0802585639170329e-02	   6.1919533190440978e-01	   7.2979048548591208e-01	   7.1685935266885559e-01	   4.2140957197735618e-01	   2.5325595999483208e-01	  -9.6533083531772590e-02	
   8.1056689396781134e-01	   7.5606738508291127e-01	   4.7212470920564076e-01	   6.4854799785717399e-01	   6.6246161985967866e-01	   5.8723838855205590e-01	   7.4089155137178664e-01	   8.5282303199079990e-01	   4.8515189611767218e-01	   4.3233269111918604e-01	   9.3263005464404791e-01	   0.0000000000000000e+00	   7.5286431914410845e-01	   9.0162312653095977e-01	   5.6574745027862483e-01	   5.9576575174254764e-01	   6.0988899668834629e-01	   5.6352538201651969e-01	   7.7845564020320290e-01	   8.0475404313946075e-01	   2.9473220330882255e-01	   1.7453616020484056e-01	   2.9205029931628479e-01	   4.2138406931320183e-01	   2.6566817313996505e-01	   3.0447945378798708e-01	   2.8182126521128270e-01	   2.5625624048483392e-01	   7.7951276117316093e-01	   7.5372697430564850e-01	   2.8910810786694408e-01	   3.2388583890099715e-01	   4.6069283066661931e-01	   4.8279642640105436e-01	   1.6465220286668772e-01	   3.0423318032348790e-01	   2.7336681040228394e-01	   2.0387081651263828e-01	   2.8008647690134636e-01	   3.1040358337184265e-01	   3.8882642099973036e-01	   3.0887777115258652e-01	   5.5509108185947786e-01	   4.9022701278165431e-01	   3.5901658474214149e-01	   5.0866037342874415e-01	   6.8159772216432579e-01	   6.4217897071140395e-01	   5.3079939319852953e-01	   6.1465540485443060e-01	   5.9020365627453719e-01	   6.5171023861768962e-01	   6.7562291070985458e-01	   7.2658095594045202e-01	   5.1857659028674030e-01	   6.0903409479919346e-01	   6.3852718144727916e-01	   5.3885171882489913e-01	   5.7190791208661851e-01	   6.0038193237338089e-01	   7.1616504685521098e-01	   7.6825610817575030e-01	   7.3729566375594424e-01	   7.6467172007228545e-01	  -5.0515674127546012e-02	   3.4296778782562071e-01	   2.0068969208166851e-01	   2.6226839345856517e-01	   5.6055778803691281e-01	   5.7459031803012262e-01	   5.0737796022751691e-01	   6.0092680669333753e-01	   6.4454227914935669e-01	   6.5653406555387717e-01	   5.0438275138712174e-01	   4.8570522181383552e-01	   5.8480662973000719e-01	   5.4452515573342486e-01	   5.7555995892623102e-01	   5.6510047490022386e-01	   6.5953804967743346e-01	   6.7242234991180527e-01	   3.5621699285234465e-01	   4.4872650637500477e-01	   5.1729341476955071e-01	   6.4952259277092161e-01	   3.0452373750004824e-01	   3.3985794152365650e-01	   4.6422230910222345e-01	   5.9434963182136258e-01	   6.5456501894675312e-01	   3.4467643961620331e-01	   4.9728978210203800e-01	   4.3121157751664319e-01	   9.0280960738360505e-02	  -3.6641636098975583e-02	   5.2840775844264354e-01	   3.8936886834468665e-01	   7.3713130861867593e-01	   7.3798801444373585e-01	   6.1839835968107415e-01	   5.2739255236931104e-01	   4.4169816955891794e-01	   3.7281835653434425e-01	   1.9676080049986175e-01	   1.0722003655435756e-01	   2.3732454169522987e-01	   3.0881140439512855e-01	   7.3709286520823715e-04	   5.5249436707037379e-02	   5.6251051500480842e-01	   7.0733840029396733e-01	   7.1707999031737168e-01	   3.6699802441329987e-01	   1.5450408327533849e-01	  -5.2191495398855502e-02	
   8.6300186095561338e-01	   8.4074277861707747e-01	   7.3815004442580434e-01	   7.1723355902695207e-01	   6.9059962302254707e-01	   5.3022098621431901e-01	   8.0976610226654566e-01	   7.4967193362872053e-01	   4.9353307665974722e-01	   4.4381766717182081e-01	   8.9210783643123381e-01	   7.5286431914410845e-01	   0.0000000000000000e+00	   8.6553440936996828e-01	   8.3621757749754022e-01	   7.6050963498596102e-01	   7.1867003396504203e-01	   7.1759274831852438e-01	   8.6517636656967345e-01	   8.0212085181313741e-01	   6.0124692085882470e-01	   3.4590809899401020e-01	   6.8306959660231215e-01	   7.3324387696077120e-01	   6.7184134991682865e-01	   6.3564216055097500e-01	   6.5331491749096759e-01	   5.0451439711818691e-01	   7.9336830510129464e-01	   7.2066797916504632e-01	   4.9769763140812517e-01	   4.8389855028242451e-01	   6.7798132207204864e-01	   6.3198444923551278e-01	   4.3885785811817957e-01	   4.1332476673014612e-01	   4.1378153893163228e-01	   3.0864906525977776e-01	   4.1971215769230985e-01	   3.7386381599657015e-01	   5.1653795488657017e-01	   5.0214903631572227e-01	   5.7812865336654551e-01	   5.0387943597363249e-01	   3.7263707905160398e-01	   5.0431116291326350e-01	   7.1587010158441833e-01	   7.1351484908996288e-01	   4.7386608536064434e-01	   5.7913182836125554e-01	   6.4528705269039976e-01	   6.6961276009149262e-01	   7.8830235548263849e-01	   7.8120431310734162e-01	   6.8569060928858327e-01	   7.1823788161887436e-01	   8.2756912080075051e-01	   7.8606562676617164e-01	   6.8093215550938557e-01	   5.5988985055688389e-01	   8.3183357566690774e-01	   7.1810657931745625e-01	   8.0909855732758351e-01	   8.1652879573809967e-01	   4.2025984622815205e-01	   5.8074919420984383e-01	   4.5596705151536054e-01	   3.7704162958258980e-01	   7.0852203131360825e-01	   6.9436787650378706e-01	   7.1972545729721016e-01	   7.1602683421855162e-01	   8.0949182565941125e-01	   7.9724010506090581e-01	   6.7197344573636986e-01	   6.5113870236677751e-01	   6.9961079312922603e-01	   6.4013106402001463e-01	   6.2440747102309357e-01	   6.3697256749100140e-01	   8.0141785552472544e-01	   7.8472059119121840e-01	   5.9194085877988101e-01	   6.6744782944107128e-01	   7.8836441561709358e-01	   8.0099857805915164e-01	   5.7971244636141661e-01	   5.8185991158080563e-01	   6.8385593058701444e-01	   7.2019053905835129e-01	   7.4719797914407660e-01	   4.4895876700877990e-01	   5.9433681612099232e-01	   6.2759558336369548e-01	   2.2774267943824827e-01	   1.1480088943623325e-01	   5.5424608758455318e-01	   4.9426179556575411e-01	   7.3469367663260954e-01	   7.7867763300048809e-01	   7.1715007771477124e-01	   6.8831523407331630e-01	   6.3870810281395540e-01	   5.2693179819772662e-01	   3.5265665814949304e-01	   2.7363613751348492e-01	   1.5541278074178044e-01	   2.1479700423458936e-01	  -5.7300142607221695e-02	   7.9282991233954658e-02	   5.5731727182820090e-01	   6.2022980335510081e-01	   5.4320751633764941e-01	   4.7079649740278529e-01	   3.5400797114726579e-01	  -1.5228166367154944e-01	
