   0.0000000000000000e+00	   8.5772719288397858e-01	   6.1960112755374874e-01	   4.7904065345668034e-01	   4.6784199767257745e-01	   3.5468868577774892e-01	   4.9229149628488028e-01	   4.6405366732248832e-01	   6.0265828092133578e-01	   4.8638582022264509e-01	   7.2547381407015199e-01	   7.0356030823073390e-01	   6.3625796339599050e-01	   6.9178719711438008e-01	   6.8409061974333585e-01	   5.4729400852738097e-01	   6.3080311032723224e-01	   5.3962008140610951e-01	   7.6345576454413622e-01	   7.0862246538266849e-01	   2.7000640654301811e-01	   2.7367197752138206e-01	   5.4404186398793908e-01	   4.2085738005767598e-01	   2.5910444017375439e-01	   2.2545363867355009e-01	   2.9052582045385200e-01	   2.9905930379817636e-01	   5.9780491935994606e-01	   5.1592566245591365e-01	   3.8850025076614436e-01	   3.4751590086308304e-01	   4.7187031403926605e-01	   4.7168070813673990e-01	   1.1660471576853201e-01	   1.3457270579152228e-01	   4.6244321998260374e-01	   3.9450047592919946e-01	   5.0112952440443970e-01	   4.0476114892412463e-01	   5.6433652268420176e-01	   4.8947592295026587e-01	   6.1795639319477935e-01	   6.2275012914201477e-01	   4.4397661649522296e-01	   4.6935417281897218e-01	   7.2892635416603246e-01	   7.3111939889462774e-01	   6.5118524246551546e-01	   6.2531998964797952e-01	   6.3187818899958870e-01	   5.1003644758769850e-01	   6.9646911462845562e-01	   5.5976430813907374e-01	   7.7491368861670384e-01	   8.0473333627162247e-01	   6.8847816765965686e-01	   7.0112771676144048e-01	   7.5476143218831160e-01	   5.7741433375808759e-01	   6.0440167734188033e-01	   3.4764271607427544e-01	   5.5470692628948648e-01	   6.1440775886876586e-01	   1.5358702053966539e-01	   1.1444255851865434e-01	   2.8240141366446936e-01	   2.2783264864507297e-01	   6.3335561299073762e-01	   5.8353759744224687e-01	   2.5758978124119752e-01	   3.2956693832617096e-01	   5.1737663385664479e-01	   5.0467507248362542e-01	   4.9405898448588820e-01	   4.9422204101026462e-01	   4.8808001641148513e-01	   4.2320162981364667e-01	   4.7503500885448385e-01	   4.8011744910553111e-01	   6.6374721170661277e-01	   6.7741513853715152e-01	   7.3447111042987578e-01	   6.3284848764226276e-01	   5.9411707070789721e-01	   5.6240578862686008e-01	   6.3407215883046475e-01	   3.5741519371851893e-01	   6.0734652131698530e-01	   6.7998725560848561e-01	   5.0919474541404064e-01	   5.6978175811029219e-01	   4.1267156007437722e-01	   6.0850366825422209e-01	   3.2666541094611345e-01	  -3.6349521163058209e-02	   5.8849614149936724e-01	   3.0995737158839165e-01	   5.8656158250113388e-01	   5.6366386126160684e-01	   6.4724897917258684e-01	   6.3065503347857088e-01	   7.4171317664692815e-01	   5.3409574080363686e-01	   2.4408751483538832e-01	   3.4817490808871990e-02	   4.5330103145778711e-01	   3.9818300016452013e-01	  -1.3429518950906494e-01	   1.5576049619445698e-01	   2.6557289574904352e-01	   3.4278588757720613e-01	   3.0487503892698664e-01	   1.8402198205219050e-01	   2.6727720317534681e-01	  -1.5537022562056235e-01	
   8.5772719288397858e-01	   0.0000000000000000e+00	   5.8560848571002033e-01	   5.1861617209626965e-01	   4.3605970448957010e-01	   3.8737824583156993e-01	   4.5793119754015849e-01	   4.9999685688421264e-01	   5.3639862503753610e-01	   5.2948293359467824e-01	   6.4823620859792286e-01	   8.0194139177885582e-01	   5.5774605583762793e-01	   7.6031165880949758e-01	   6.2771825452364260e-01	   6.2002439790687536e-01	   8.1462849814681249e-01	   7.1783277151978608e-01	   7.4774621331643898e-01	   8.4004240730381086e-01	   2.7456442472413367e-01	   2.5873835260445488e-01	   5.1769296051531910e-01	   4.2810785261371648e-01	   2.5249044508345503e-01	   2.3531859505733854e-01	   2.9605952298372790e-01	   3.5012884601108962e-01	   7.1362629138032219e-01	   6.1949942473791431e-01	   3.5274638195815955e-01	   3.0708172239356929e-01	   5.6742953387475747e-01	   5.7922380761691394e-01	   1.4280471183284513e-01	   1.6781984165361249e-01	   5.1057461462133524e-01	   4.3677027904875643e-01	   6.0396342686695448e-01	   4.9831724695314283e-01	   6.0037390547874647e-01	   5.1759511901693878e-01	   6.8900098669992982e-01	   7.1845820491670942e-01	   6.0120825783362331e-01	   6.2277818218679037e-01	   8.2273962979338622e-01	   7.8892108274294204e-01	   7.2040522197004242e-01	   7.1246524995362193e-01	   6.5358445033254697e-01	   5.6742764188714911e-01	   7.2716917097764155e-01	   6.3738482058045820e-01	   8.4261941982461952e-01	   8.3591330724229285e-01	   8.1270517752568161e-01	   8.4335800830618413e-01	   6.5969132116593387e-01	   5.9896196405844282e-01	   4.9510287812101178e-01	   3.6436730864095912e-01	   5.8196767506247737e-01	   7.4033821723356574e-01	   7.3160876162586777e-02	   1.0365998879153288e-01	   3.4488901417783313e-01	   3.3983178620382959e-01	   7.2927093336112825e-01	   7.2276113911799056e-01	   6.2822045331970403e-02	   2.2022646684975306e-01	   5.0160071038967058e-01	   5.8974117303232965e-01	   4.7179006370705912e-01	   5.5464263287246829e-01	   3.7068393605766625e-01	   4.0303783497031620e-01	   6.6070730048360649e-01	   5.7014260213060464e-01	   7.5349145941145190e-01	   7.5793102641550902e-01	   6.8957373100652242e-01	   6.8645022342235751e-01	   5.3375838567013756e-01	   6.4341889625956072e-01	   5.7334297219175545e-01	   3.5044902727090171e-01	   5.9417684869962095e-01	   8.2104500494333355e-01	   5.1876927730593692e-01	   4.8848743157302527e-01	   4.2666761256689550e-01	   5.8693305770306203e-01	   3.3186625342959097e-01	  -1.3980636746314926e-01	   6.1647180739938079e-01	   2.5671983043344815e-01	   5.8041154835209263e-01	   4.1028205558957215e-01	   6.7439984343295145e-01	   6.5359789239053456e-01	   7.9135553039630580e-01	   5.7736899993029400e-01	   2.2982349882881731e-01	   2.2908905707759242e-03	   4.0856302272444900e-01	   4.3711480779979817e-01	  -1.7624591947137985e-01	   5.4177321864258651e-02	   2.6191911760731990e-01	   2.6623498341234419e-01	   2.3728597592586290e-01	   1.7986541446735321e-01	   1.5731069927869779e-01	  -3.2600086101293468e-01	
   6.1960112755374874e-01	   5.8560848571002033e-01	   0.0000000000000000e+00	   7.0087545567395670e-01	   7.9589915714682979e-01	   4.8928490079208736e-01	   8.8079220207869757e-01	   6.0349864350281035e-01	   7.6516023735964800e-01	   5.2334538755932825e-01	   3.1492629738766625e-01	   3.6896217343490184e-01	   3.4732827032553082e-01	   3.6975981058294805e-01	   7.1860396326899734e-01	   5.9019817872156688e-01	   4.7194529809116614e-01	   5.1077133390300855e-01	   7.0779973609220748e-01	   7.2092866152800172e-01	   6.0653781735228829e-01	   3.9906820447973029e-01	   7.9409444256751527e-01	   6.2650466198258337e-01	   6.7483155743544998e-01	   5.6879272702092631e-01	   5.3964174939161391e-01	   4.6246482599973904e-01	   6.0805860228789343e-01	   5.9533685075522136e-01	   7.2694966707208830e-01	   6.0868523233754257e-01	   7.3841785201827681e-01	   7.0225536802798971e-01	   5.3566894926280917e-01	   3.9872407507200169e-01	   5.3011381796870549e-01	   6.1472233715788582e-01	   6.7988458921068962e-01	   6.2476000938355503e-01	   6.8175068003251726e-01	   6.3295596618218797e-01	   6.3013097755921121e-01	   6.1183530984936829e-01	   5.5618545769259164e-01	   5.1430498901809474e-01	   6.3324962777417537e-01	   6.2352458001778588e-01	   6.1228769417336848e-01	   4.5156151537626554e-01	   5.7914073130499266e-01	   3.7278214062456311e-01	   5.1719734972422649e-01	   2.5962198855307850e-01	   6.0745782119373648e-01	   6.3151759957138054e-01	   5.7298230628675328e-01	   4.7548643048535005e-01	   5.1968996158893310e-01	   3.1525774006874807e-01	   6.4446829028615416e-01	   3.6305440619095825e-01	   5.1546688130967011e-01	   5.3084377286076623e-01	   5.6259645923393675e-01	   4.5774286661741070e-01	   6.3995670963333440e-01	   5.1575877089185751e-01	   7.4233666502396989e-01	   7.5145219395841378e-01	   4.6747422271602490e-01	   3.2008676188565788e-01	   5.6790002822739671e-01	   5.5951342617335276e-01	   5.0624084002446312e-01	   4.8272442095494683e-01	   3.9683245966098957e-01	   3.4059175203709191e-01	   4.9748665323257235e-01	   4.7619702172709077e-01	   3.9120115847630399e-01	   5.1509034955364830e-01	   7.1733933437345954e-01	   5.3715720911880027e-01	   7.0435744939849743e-01	   5.6806378997705287e-01	   7.5393529364987732e-01	   4.1511408326995036e-01	   8.1815754193296542e-01	   5.6555861809582952e-01	   4.9236070688266470e-01	   7.3937844966099742e-01	   4.5350627443464853e-01	   6.9854605307897333e-01	   4.5993871913804008e-01	   7.2931403942629855e-02	   6.4880370269113796e-01	   4.1349086868425294e-01	   4.8514688331501393e-01	   6.6646093750470681e-01	   4.4153863970993013e-01	   5.7251044282908370e-01	   5.4245364727640955e-01	   5.2988873662620062e-01	   2.4301378704266569e-01	   2.6406127784978012e-01	   2.4236923805792870e-01	   4.7831082272844549e-01	  -2.0061648097623480e-01	   2.0019964413748442e-01	   2.5312188283574910e-01	   3.0275149982700683e-01	   2.5934359408849567e-01	   1.9145066100112276e-01	   3.8336135528176529e-01	  -2.5748198745542569e-02	
   4.7904065345668034e-01	   5.1861617209626965e-01	   7.0087545567395670e-01	   0.0000000000000000e+00	   7.7114425482834192e-01	   8.3065498483208944e-01	   7.2383448468836009e-01	   9.0162265129563535e-01	   6.8039970813103023e-01	   8.0809021482369703e-01	   2.0543732693358002e-01	   4.6968678931681346e-01	   2.2007687006465687e-01	   4.4088538088506618e-01	   5.2780280122712497e-01	   6.9112514811345083e-01	   4.9750324132203066e-01	   5.3902352026335143e-01	   4.6607570445630236e-01	   6.4618962022767867e-01	   4.3047200479327408e-01	   4.2681405847363230e-01	   8.0826001619784804e-01	   8.2900252842527422e-01	   6.3318835658688499e-01	   7.1670667304830471e-01	   5.2487417048286411e-01	   5.1334182635112569e-01	   5.2372573358748509e-01	   6.5445085793521407e-01	   6.6803248397818815e-01	   6.7509199198361836e-01	   6.6919191013257584e-01	   7.2681592438518172e-01	   5.5360070580152032e-01	   5.0101449593592062e-01	   3.0982342989754369e-01	   4.9558996127065685e-01	   4.5489081464727804e-01	   5.7339709948447015e-01	   5.3886141819654632e-01	   5.7414675131864013e-01	   5.2863884107856085e-01	   4.3524183233894076e-01	   3.7243700506530919e-01	   3.9487976287053589e-01	   5.7468443073749398e-01	   5.3559739928588213e-01	   4.6249489529177290e-01	   3.4017697360649757e-01	   5.0919197731329902e-01	   2.7464332535150987e-01	   4.4902899582571998e-01	   2.0408575698670550e-01	   4.7907764020499038e-01	   4.8149436372590021e-01	   5.4287011018228493e-01	   4.2151829857836454e-01	   3.4158977199262458e-01	   3.9448944208338843e-01	   5.6050814638098578e-01	   7.0477027140703763e-01	   4.8550689772738420e-01	   5.2321872720410956e-01	   5.8141007801207334e-01	   7.3028135483294765e-01	   4.8671651000563115e-01	   5.4116135819681688e-01	   5.6509153102544163e-01	   6.5249506425648551e-01	   3.5985603227188312e-01	   4.8303796542668942e-01	   5.2081022903775731e-01	   6.2268455058117500e-01	   5.2826840093155503e-01	   6.3812526584046247e-01	   4.1324810500899484e-01	   4.5321713655728213e-01	   5.9050282656717590e-01	   5.4885382673674066e-01	   5.2767563379587012e-01	   5.6101213797133942e-01	   4.4278272573952782e-01	   5.8972432046649281e-01	   5.8928040510172153e-01	   7.2379265815369132e-01	   5.1312859875214867e-01	   4.6932475746957258e-01	   7.2324568574151249e-01	   6.4166729824158542e-01	   7.4976562465043006e-01	   5.9447347409623363e-01	   7.2571233058757112e-01	   6.1352366796364921e-01	   3.6433790514257736e-01	   1.8284778890888123e-01	   6.2839428312106582e-01	   5.3712817159054693e-01	   6.1383747498119434e-01	   5.7815922314333146e-01	   5.4217353939307167e-01	   5.0541151645892068e-01	   5.5350841756740310e-01	   5.6237021862499703e-01	   3.3209330842679619e-01	   5.9556311810546998e-02	   2.4191884910822403e-01	   4.5617902839725710e-01	  -1.7190437306691247e-01	   2.1704354603668347e-01	   3.9670863071416063e-01	   3.4504204127373977e-01	   3.6284643947563511e-01	   3.3628844008307957e-01	   5.0324287977508142e-01	  -6.0798684273748085e-02	
   4.6784199767257745e-01	   4.3605970448957010e-01	   7.9589915714682979e-01	   7.7114425482834192e-01	   0.0000000000000000e+00	   7.2327765928533416e-01	   8.9228220832408767e-01	   8.1358666211061981e-01	   8.1014593757075004e-01	   7.3379661268190532e-01	   2.9391011814023466e-01	   4.0148711712456181e-01	   3.8095092500151945e-01	   4.4772606642013740e-01	   6.4472216723919007e-01	   6.6887386204276833e-01	   4.6170556997980305e-01	   5.4994909733809405e-01	   4.1577140850352301e-01	   5.3886315520364469e-01	   5.8169558207122918e-01	   3.7214782490640197e-01	   7.6102732295484454e-01	   6.9001687074293394e-01	   5.5219654570054999e-01	   5.6446635668709988e-01	   3.5301228768548421e-01	   3.4284757655592146e-01	   5.7232598824583691e-01	   6.9833915317621809e-01	   6.2153274789635182e-01	   6.4107063160947142e-01	   7.4085931686807871e-01	   7.4898566312836312e-01	   5.7221646384289593e-01	   5.3754921560358904e-01	   4.8151536286155011e-01	   5.4972849080501895e-01	   6.6132344050502723e-01	   5.7826285043977421e-01	   6.7347063538609020e-01	   6.7810160876012504e-01	   5.9729760431527046e-01	   5.6245510953936018e-01	   4.9402072575437234e-01	   4.7685447257096941e-01	   5.3693585730528715e-01	   5.5447418204514287e-01	   5.2297496777418573e-01	   2.7204787998696561e-01	   4.6448412512042048e-01	   2.2675585313764890e-01	   3.8334335529802560e-01	   8.9243294556139163e-02	   4.2573944291159987e-01	   4.0590373986452316e-01	   4.8242503697167310e-01	   3.0948557448362701e-01	   4.1023990520509312e-01	   2.3783660094754761e-01	   7.2282224205443968e-01	   6.4557009319634640e-01	   5.7783632144672559e-01	   5.3361376163513219e-01	   5.3686864449497573e-01	   5.7327791421820951e-01	   6.7590341361683370e-01	   6.2399316182153930e-01	   5.7982164029184746e-01	   6.9386892186512938e-01	   3.6277814483632620e-01	   3.2462339329054124e-01	   4.9094065340298088e-01	   5.4028366695031327e-01	   4.0709818768589645e-01	   4.3972167989043265e-01	   3.3018311248322485e-01	   2.5520387400866423e-01	   4.5156758913922557e-01	   4.5106612180748151e-01	   3.9394592298790509e-01	   5.5208537881129627e-01	   5.7377195588433838e-01	   5.4754760662739344e-01	   7.1019401852641528e-01	   6.3137694490302387e-01	   5.9393928791659456e-01	   2.8911562929464840e-01	   8.0641371063906653e-01	   5.4098340360019381e-01	   5.8419101726730271e-01	   6.7290591501653807e-01	   5.8416403016721086e-01	   6.4484386065643551e-01	   4.6136757404684636e-01	   3.0669305706771184e-02	   6.6334911750329095e-01	   4.6407833604032017e-01	   5.6246537094878746e-01	   6.0952251250679268e-01	   4.5912446724620731e-01	   5.3386439377071393e-01	   4.6540738463827702e-01	   4.8820139331577145e-01	   3.2382252407270229e-01	   2.0344069233072493e-01	   2.4039752434643877e-01	   4.0974716169512770e-01	  -1.5429257206127625e-01	   1.8180463891961535e-01	   4.0162139516300932e-01	   3.8942754878820179e-01	   3.6230623197926592e-01	   2.2895900523736390e-01	   4.0250057063300804e-01	  -1.9373965304258250e-02	
   3.5468868577774892e-01	   3.8737824583156993e-01	   4.8928490079208736e-01	   8.3065498483208944e-01	   7.2327765928533416e-01	   0.0000000000000000e+00	   5.2243617523509012e-01	   7.9070162648275277e-01	   5.9465433112510857e-01	   8.7229138958004004e-01	   1.2786546057821574e-01	   4.1593284257717822e-01	   1.1548539681849725e-01	   4.1928025066286784e-01	   4.7897601765446840e-01	   7.8624266861274539e-01	   3.5264858391397408e-01	   3.6465922657168881e-01	   2.8716324188346304e-01	   4.1436907460351347e-01	   3.7171677656337254e-01	   4.2515484673752985e-01	   7.0316623222586339e-01	   8.0398143884451867e-01	   5.3792992072395096e-01	   6.9924423654390744e-01	   5.0578879813859046e-01	   5.7473696928964135e-01	   3.1636939653698271e-01	   5.7256830845185291e-01	   4.4793222914179065e-01	   5.5722048317220518e-01	   4.5690954729702593e-01	   5.3668273637469188e-01	   5.3460826890736834e-01	   5.5988777908849918e-01	   1.9183899057897502e-01	   4.4993411175301906e-01	   4.0595769852129193e-01	   4.7032738169219768e-01	   4.0420542207049076e-01	   5.0214103173033875e-01	   3.8960221748526447e-01	   2.7910062738074287e-01	   1.8240326815484117e-01	   2.1722450745335631e-01	   4.6704068844536883e-01	   4.7385205073408987e-01	   2.9873502847146494e-01	   1.9386578712250219e-01	   4.0002231251478204e-01	   2.1864105647704085e-01	   3.7239003216560607e-01	   1.1815441496346027e-01	   3.7969205416148671e-01	   3.6212053184269566e-01	   3.8095804290435520e-01	   2.7129755566977665e-01	   2.5406178928805923e-01	   3.8103909671578889e-01	   4.0494233690357795e-01	   6.9699431644884435e-01	   3.5114160183629023e-01	   3.4620037777579182e-01	   5.2786236578167967e-01	   7.0284543666830468e-01	   3.8341677698274657e-01	   4.5023098790472516e-01	   4.1734111212703862e-01	   5.1468682328707294e-01	   2.6367758710250244e-01	   3.9957108976817335e-01	   2.0669235628867480e-01	   3.9052323689445645e-01	   2.3025470910530654e-01	   4.0319464652849091e-01	   2.7081593997542874e-01	   3.0071673338461968e-01	   3.9663136067482202e-01	   3.3168281107992237e-01	   4.0306226663301109e-01	   4.2585169434775916e-01	   4.1136507042097187e-01	   6.6525127057336275e-01	   5.1373058907940161e-01	   7.2256670862540262e-01	   5.1455970399929163e-01	   5.3492593752350814e-01	   6.2674017789397607e-01	   6.0939893534875345e-01	   7.9172811059792991e-01	   5.5745458987539509e-01	   8.0375250443383373e-01	   5.9401698081850807e-01	   3.8139040034091098e-01	   1.8662147262120321e-01	   5.8527052410654523e-01	   4.9232663299259782e-01	   6.1237792070045960e-01	   4.2430308583981557e-01	   5.3705781779946760e-01	   5.4753321454834936e-01	   4.8271292886448541e-01	   5.5154742236488374e-01	   4.8962893832067378e-01	   1.6061254095052999e-01	   2.6302905280078526e-01	   5.2821721815619682e-01	  -8.0092187660897679e-02	   1.5694317577220340e-01	   5.5533586255300349e-01	   4.4145963958252954e-01	   4.1891513859612634e-01	   4.3355918241338931e-01	   4.7411779704079071e-01	  -5.3489182656675481e-02	
   4.9229149628488028e-01	   4.5793119754015849e-01	   8.8079220207869757e-01	   7.2383448468836009e-01	   8.9228220832408767e-01	   5.2243617523509012e-01	   0.0000000000000000e+00	   7.6183133345868637e-01	   7.7377455551388818e-01	   5.6290219041435219e-01	   3.6242400055201102e-01	   4.2820113158907924e-01	   5.1978522538273109e-01	   4.4326037579491545e-01	   6.5718154989174615e-01	   5.5265453650923357e-01	   4.2981596083952378e-01	   5.3339328933591679e-01	   4.8894283403442007e-01	   5.9545599708912322e-01	   5.4239967299014924e-01	   2.6521394935736331e-01	   7.6849128157921909e-01	   6.3617837736244787e-01	   5.6610886760519419e-01	   5.1081611348611766e-01	   3.4182160869662354e-01	   2.7849257859788795e-01	   6.5975522048663882e-01	   7.0570593167799212e-01	   7.2778367710636838e-01	   6.8414340765708559e-01	   8.0734068845106022e-01	   7.8773186594708688e-01	   5.5839964884642002e-01	   4.6559929828841007e-01	   5.1338986012180776e-01	   5.9306086718350715e-01	   6.6041261374013216e-01	   5.8821177216270470e-01	   6.7711729712041813e-01	   6.7070368708979278e-01	   6.5290909894117188e-01	   6.4535780448387059e-01	   6.0419369700650571e-01	   5.8363461017852747e-01	   5.7693204602260884e-01	   5.5233699601332464e-01	   6.6302642504735876e-01	   4.1166181675142122e-01	   5.6111643571857250e-01	   3.1849420150078661e-01	   4.4996033065610880e-01	   1.9210126272855968e-01	   4.8702601023931202e-01	   4.8402136825054676e-01	   4.3678416092556183e-01	   2.9303628053729774e-01	   5.1173306245922168e-01	   2.2727723652423787e-01	   7.8450964320917937e-01	   5.3951033824315209e-01	   5.7901018221303802e-01	   5.1166926664799672e-01	   4.9209900847676480e-01	   4.6587187309902911e-01	   7.4881723201896644e-01	   6.5098510063194392e-01	   6.5003496295048602e-01	   7.2033351157456371e-01	   4.6527497012965041e-01	   3.5041689742865628e-01	   6.7369665393754252e-01	   6.5831215914129326e-01	   6.1409067124428363e-01	   5.4734659302945832e-01	   4.9193194929029238e-01	   3.8792121082534103e-01	   4.6503070914016198e-01	   5.3602134774103594e-01	   3.1590782928677003e-01	   5.2702479632870558e-01	   5.8725312942422558e-01	   4.7372860181852439e-01	   6.6407964939855424e-01	   5.4535429833881821e-01	   5.7355571970019859e-01	   2.5141225564691944e-01	   7.7819145615791518e-01	   4.8465560944723185e-01	   5.0676966000442536e-01	   6.5457035461516133e-01	   4.4991046975967408e-01	   5.9664161401992633e-01	   4.6304517481500418e-01	   7.1485060100514877e-02	   6.5694900829156921e-01	   4.5903477713926227e-01	   5.0064609442963515e-01	   6.9382782034028989e-01	   4.0654991372857591e-01	   4.4724810679424515e-01	   4.1991987280956677e-01	   4.1850405743810282e-01	   1.8783255122001874e-01	   2.1712626997078727e-01	   2.6246140809608676e-01	   3.4886838381619056e-01	  -1.1904404780311650e-01	   3.1611689832751622e-01	   2.4411266152683458e-01	   2.9791773063204857e-01	   3.1941366184453424e-01	   1.7672443902938975e-01	   4.0991303558282755e-01	   3.2946702802492109e-02	
   4.6405366732248832e-01	   4.9999685688421264e-01	   6.0349864350281035e-01	   9.0162265129563535e-01	   8.1358666211061981e-01	   7.9070162648275277e-01	   7.6183133345868637e-01	   0.0000000000000000e+00	   6.7455429702615077e-01	   8.1692932719427436e-01	   3.3248790700281389e-01	   5.7729366009258964e-01	   4.0603427615766341e-01	   5.5294842447189241e-01	   5.3609775507099444e-01	   6.7972741447757867e-01	   5.3027214076173368e-01	   6.2488033238692520e-01	   3.6627388938676730e-01	   5.8213554786353694e-01	   3.5975722714187364e-01	   2.8664480442929746e-01	   7.6190489584529697e-01	   7.8786438059400821e-01	   4.5746070442816900e-01	   5.5468612308255461e-01	   3.0258071100012895e-01	   2.8854355323108455e-01	   6.1234879811550558e-01	   7.7552139299007417e-01	   6.1772554773346422e-01	   7.0281848101634137e-01	   7.3419111116465241e-01	   8.0526387884251061e-01	   5.3151300232311216e-01	   5.6332676262223047e-01	   3.2099869861162256e-01	   4.2871309788649081e-01	   4.5231581529490428e-01	   5.1061578351136871e-01	   5.6558420230399009e-01	   5.7528297547868124e-01	   6.0562430431098724e-01	   5.4193795150523449e-01	   4.8467895381119142e-01	   5.2798035871934246e-01	   5.9733386722200466e-01	   5.5716250302505899e-01	   5.5753955033837643e-01	   3.6034499696750144e-01	   5.2422936910574580e-01	   2.7169412701193169e-01	   4.4340292269353931e-01	   2.2702303977608823e-01	   4.5893039398437063e-01	   4.2984885491424163e-01	   4.7178012049081308e-01	   2.9520014500453523e-01	   3.4087581896169927e-01	   3.1558128453313189e-01	   6.6838011545596321e-01	   8.5199247235325293e-01	   6.5637862166187377e-01	   6.3274643789672036e-01	   5.0241160350846759e-01	   6.8126158991971186e-01	   5.5542566175495356e-01	   6.3662017861661668e-01	   5.1062476160165504e-01	   6.5273734128355865e-01	   2.8426335195963831e-01	   4.5650111027413465e-01	   5.6653323854207138e-01	   6.8838702369240878e-01	   5.6453869034965765e-01	   6.5050539607908808e-01	   4.7019024367568751e-01	   4.5535662322784209e-01	   5.8409447709358575e-01	   6.1400594290263744e-01	   5.4139960898573469e-01	   6.4615724051042611e-01	   4.3042651365037032e-01	   5.7030275293369070e-01	   6.6139952710009775e-01	   7.5622576636078231e-01	   4.1409907057824813e-01	   2.9915998665547361e-01	   6.9145968793073043e-01	   5.9393847485445317e-01	   7.5454023051576402e-01	   5.0729421100414696e-01	   6.9261534331074504e-01	   5.2142728733351706e-01	   3.1424503773722617e-01	   6.9671473917625543e-02	   6.2427564740923192e-01	   4.8583285165008350e-01	   6.2980795889625152e-01	   5.6679952287721502e-01	   5.3628800126653764e-01	   4.1721493498135481e-01	   4.9728168920532179e-01	   4.3319837938134642e-01	   2.4740502614703219e-01	  -3.4742998469096356e-02	   2.7335437967289905e-01	   3.2894965470257109e-01	  -1.9126504664451480e-01	   1.7811545069166604e-01	   3.9987299364793738e-01	   3.6690459737532399e-01	   3.6441444854235183e-01	   2.6027881902028871e-01	   4.1827825156387821e-01	  -1.3291083190112501e-01	
   6.0265828092133578e-01	   5.3639862503753610e-01	   7.6516023735964800e-01	   6.8039970813103023e-01	   8.1014593757075004e-01	   5.9465433112510857e-01	   7.7377455551388818e-01	   6.7455429702615077e-01	   0.0000000000000000e+00	   7.6594414852427917e-01	   4.3966257622655769e-01	   4.7276746829527572e-01	   4.8322008598874910e-01	   4.6491496352869649e-01	   8.2325665698690875e-01	   7.2354760135090979e-01	   4.2207225826663064e-01	   4.5041655288826865e-01	   4.6704365424898542e-01	   5.0813867282596470e-01	   2.9205569046763896e-01	   1.9067610025575238e-01	   7.4318506574232168e-01	   5.9448505704596477e-01	   4.4908622424705125e-01	   4.1345359765144563e-01	   4.4347645216339560e-01	   4.4039712465294073e-01	   4.3866148768555047e-01	   5.5186227696594536e-01	   3.9469809479712337e-01	   3.7963147592281654e-01	   5.0217329772469199e-01	   5.1884051128299247e-01	   3.5349590557325961e-01	   2.6197111235762693e-01	   3.4215868282810125e-01	   4.5268347099553624e-01	   5.2071768476463220e-01	   4.8233394114068739e-01	   4.7025647928452885e-01	   5.6513110752307116e-01	   4.9166423398857689e-01	   4.8496182136319749e-01	   3.6881341289555070e-01	   3.5367507387502034e-01	   5.6453360213928683e-01	   5.7856492269852833e-01	   5.1616417813460425e-01	   4.2310352965562148e-01	   4.8770560124024087e-01	   4.0558248229179339e-01	   4.4725591510028234e-01	   2.5838753393192826e-01	   4.7950031928210785e-01	   5.1765216862205488e-01	   4.4599746637283061e-01	   4.1985607488795468e-01	   5.7758210508875130e-01	   4.6429402419520710e-01	   5.8848208420780790e-01	   4.9823574459255549e-01	   4.1023135806600508e-01	   4.6091664525356502e-01	   5.3071940421055408e-01	   4.6113083395883470e-01	   4.0147160943121130e-01	   3.2745201157336629e-01	   5.0555774949933252e-01	   5.6629659539591326e-01	   2.7755170573329607e-01	   2.3228984999221447e-01	   3.9067932501899966e-01	   4.2108365671024434e-01	   3.5842407175435559e-01	   3.9340079634848568e-01	   2.4881214403883101e-01	   2.1330945240718466e-01	   4.0026101747637477e-01	   3.2281641964628055e-01	   4.0783019604616944e-01	   5.2460916317543349e-01	   6.3371211633564040e-01	   6.1348919923490874e-01	   7.0856807318427850e-01	   6.1707208780883027e-01	   7.0117175852424451e-01	   4.8925097482962171e-01	   7.6101536575760309e-01	   6.1475096061792700e-01	   6.0431906993712547e-01	   7.4843903758092967e-01	   5.5827119654961410e-01	   6.9271037756418763e-01	   4.1431250435440814e-01	   8.1298458474600349e-02	   5.2781529766307955e-01	   2.8668156934207534e-01	   5.0595691405407772e-01	   5.4054141782657317e-01	   4.5630173103794036e-01	   4.8972893285701014e-01	   4.9650225668550985e-01	   4.7190728751891298e-01	   3.1181670682969409e-01	   2.4311561965080811e-01	   2.4244974115238238e-01	   4.1937646513993659e-01	  -1.3500338720283062e-01	   1.9488432136257347e-01	   2.8129680896672121e-01	   3.5222288705897975e-01	   3.0643521537624552e-01	   1.9816768069878896e-01	   3.9967981108258710e-01	   7.3430943446083835e-02	
   4.8638582022264509e-01	   5.2948293359467824e-01	   5.2334538755932825e-01	   8.0809021482369703e-01	   7.3379661268190532e-01	   8.7229138958004004e-01	   5.6290219041435219e-01	   8.1692932719427436e-01	   7.6594414852427917e-01	   0.0000000000000000e+00	   2.9433938080034416e-01	   5.2423649732882127e-01	   2.6306689908351871e-01	   4.8774888594327681e-01	   6.1805705693656576e-01	   8.5278266263946334e-01	   4.4532372581976543e-01	   4.7113838000640074e-01	   3.0476287753896408e-01	   4.6042521065024572e-01	   2.3307525019557551e-01	   2.6523908309413424e-01	   7.0345613722875155e-01	   7.3199673438771229e-01	   4.0901853126669563e-01	   5.2908334900147347e-01	   4.1610170534065782e-01	   4.7511457678397029e-01	   3.6099729927538415e-01	   5.7902028746361112e-01	   3.3087587344651270e-01	   4.0706125946238469e-01	   4.2804215142597535e-01	   5.1404051879710089e-01	   3.3775300739074687e-01	   3.3374120744437519e-01	   1.0826106661196185e-01	   3.0201254722312665e-01	   3.6061268746837760e-01	   4.4209118361815830e-01	   3.5610724042677666e-01	   4.8474063606760293e-01	   4.2004520864549655e-01	   3.4937215396848720e-01	   2.5475809196113475e-01	   2.8542654503975168e-01	   5.2964687645667163e-01	   5.2015109174045715e-01	   4.0314296614846723e-01	   3.3409519589561770e-01	   4.2716310935980156e-01	   3.1678409733606505e-01	   4.3633148481137640e-01	   2.1586980071758069e-01	   4.3412409019645914e-01	   4.3381027012819029e-01	   4.6913370454588754e-01	   3.8608026813936586e-01	   3.7938901365178429e-01	   4.8254287005803753e-01	   4.7776959062229851e-01	   7.2215608832356037e-01	   4.3950927724814104e-01	   4.9764710735619150e-01	   4.6487282018358866e-01	   6.1582214942074398e-01	   2.9443680105584685e-01	   3.5113612078824569e-01	   4.2787444992894869e-01	   5.3782270243233954e-01	   1.7976029342725058e-01	   3.1729869280319262e-01	   2.0990333358635802e-01	   3.9029438889153106e-01	   2.5441174346051953e-01	   4.1798180184894540e-01	   2.3878954015901238e-01	   2.6019538974164835e-01	   4.6827551837476333e-01	   3.8618978707368634e-01	   5.0569427103495257e-01	   5.4559940232781678e-01	   4.6907297513724733e-01	   6.7379819183358092e-01	   6.0650302170758774e-01	   7.5807458070151346e-01	   5.4573172479491872e-01	   5.2102433267612813e-01	   6.9528406683212407e-01	   7.0702338756042327e-01	   7.9865341194414374e-01	   6.0737958275950121e-01	   8.2009723278728619e-01	   6.6179529417632921e-01	   3.3532288318730613e-01	   1.3588363899031322e-01	   5.0046402149130842e-01	   3.3661529320876260e-01	   5.9887802896787889e-01	   4.3165179877358184e-01	   6.0671329033123866e-01	   5.4363584786446462e-01	   5.7205033523871618e-01	   5.3070429386470763e-01	   4.4576030700630453e-01	   1.1901733395391961e-01	   2.5265958047116621e-01	   4.7794990150607497e-01	  -8.3088370072439632e-02	   8.7644319749227317e-02	   4.1279770746439393e-01	   3.6232074203786385e-01	   3.4504989099233485e-01	   3.3645906873856390e-01	   4.1614099811230726e-01	  -2.3010566768352107e-02	
   7.2547381407015199e-01	   6.4823620859792286e-01	   3.1492629738766625e-01	   2.0543732693358002e-01	   2.9391011814023466e-01	   1.2786546057821574e-01	   3.6242400055201102e-01	   3.3248790700281389e-01	   4.3966257622655769e-01	   2.9433938080034416e-01	   0.0000000000000000e+00	   7.1887103351785209e-01	   8.8906545225889877e-01	   7.7164923828648158e-01	   6.9462056082928170e-01	   4.3381641600973442e-01	   5.1800744110217645e-01	   4.6203663932664407e-01	   5.9201645445288442e-01	   5.0870021698279821e-01	  -6.9859567533095551e-02	  -1.9858622131078402e-01	   4.3152552129275579e-01	   3.2751819895108425e-01	  -1.2035967852778587e-01	  -1.3943296944274977e-01	  -2.6869429885530309e-02	   7.8262052293345419e-03	   6.4685192438121752e-01	   4.7735354591000145e-01	   2.2966698478741349e-01	   2.4540102167171696e-01	   3.4168784338671632e-01	   2.9904968432553192e-01	  -1.3781856793269145e-01	  -1.5848337376680552e-02	   3.2656024196210665e-01	   2.3870380242122652e-01	   2.9873152676684461e-01	   1.6674628519074502e-01	   3.9194679067735932e-01	   2.8546615136535708e-01	   5.0987931184178947e-01	   5.3038491087341399e-01	   4.7022393695997111e-01	   5.0016539025625795e-01	   6.0307575852366524e-01	   5.6195237658013231e-01	   6.0102254119001075e-01	   5.1086092017978690e-01	   4.2506215517054302e-01	   3.7031788258892934e-01	   4.9965045731654034e-01	   5.4349865655363350e-01	   5.6393978786816823e-01	   5.8419213000170345e-01	   3.4584583896517535e-01	   3.8320393835227562e-01	   6.5215181771526320e-01	   4.1083428484198092e-01	   4.8723360817502392e-01	   2.9853170948029623e-01	   5.0577252786153704e-01	   4.5823113828581907e-01	  -9.4472166415029618e-02	  -1.1187841363961989e-01	   2.0449966519074125e-01	   1.7339656724181104e-01	   3.7825387984786385e-01	   3.6831249384213571e-01	   1.1057716396041968e-01	   1.9014821987015895e-01	   5.1813876974733342e-01	   4.7239774920777172e-01	   5.0896708327497753e-01	   3.9977728438472460e-01	   3.9200134216999744e-01	   2.6378826912376030e-01	   3.7160423655065777e-01	   4.0295815987097039e-01	   5.5811466037337554e-01	   6.4947975390299084e-01	   5.4955466357394311e-01	   5.8509701237285061e-01	   4.9071704948950112e-01	   4.9818238014866845e-01	   3.6672286580190633e-01	   3.2588568403416118e-01	   2.4691530821478352e-01	   5.3105256952178581e-01	   3.3711513669247961e-01	   3.7278683951690489e-01	   1.6119086409725775e-01	   3.5454973667144063e-01	   2.5900876440284126e-01	  -2.0482488383810188e-01	   3.5796065228405488e-01	   1.1732151956787512e-02	   3.5848580445285105e-01	   3.2597484057186221e-01	   3.7655624792849962e-01	   3.1068492729671099e-01	   4.4677982437137836e-01	   2.1700510462105999e-01	  -1.0751507580512176e-01	  -1.6870769320116030e-01	   3.3501319331272861e-01	   6.4609774051197305e-02	  -1.3582305195126906e-01	   8.3200054766732701e-02	   3.7526877020980856e-02	   1.1372800819912296e-01	   1.5919413015870487e-01	  -7.8529739109243796e-02	  -4.3906057608369450e-02	  -1.9306783002698191e-01	
   7.0356030823073390e-01	   8.0194139177885582e-01	   3.6896217343490184e-01	   4.6968678931681346e-01	   4.0148711712456181e-01	   4.1593284257717822e-01	   4.2820113158907924e-01	   5.7729366009258964e-01	   4.7276746829527572e-01	   5.2423649732882127e-01	   7.1887103351785209e-01	   0.0000000000000000e+00	   7.0805694233752170e-01	   9.3668334230549366e-01	   5.5198179162361072e-01	   5.7912887109690037e-01	   5.9997241985132566e-01	   5.2323377477901245e-01	   4.5603598532866063e-01	   5.7038602977773856e-01	   6.0315194200658137e-03	  -3.0084861969482495e-02	   4.5829559058881542e-01	   4.2652018970353184e-01	   1.8820735232504878e-02	   5.4826942099388362e-02	   3.0280670587565808e-02	   1.0070734973013104e-01	   6.9870333200854906e-01	   6.1703829755370809e-01	   2.5267423807240236e-01	   2.8423974040410405e-01	   4.3755925949490265e-01	   4.8890824305216057e-01	   2.9131803648576690e-02	   1.5400970848235923e-01	   3.6766071499197639e-01	   3.1125705474974741e-01	   3.6174098661514476e-01	   3.5303214625865964e-01	   4.1921307032275223e-01	   4.0180234822276240e-01	   5.5740379348257552e-01	   5.6229008706829253e-01	   4.1058553436402206e-01	   4.7008063286942459e-01	   7.2430268464996761e-01	   6.4946426745845087e-01	   6.4474060912022790e-01	   6.8356584535500309e-01	   7.2109634909616194e-01	   6.4341112298279901e-01	   7.8974234802289534e-01	   7.3891208168155509e-01	   7.5910197801413881e-01	   7.1989754963679486e-01	   4.5765863477790258e-01	   5.6326873871589789e-01	   7.4349799596681665e-01	   6.8389841695612497e-01	   5.9878710482682362e-01	   6.0441271861540657e-01	   4.9659709653422890e-01	   6.0907815838309742e-01	  -6.9813735849883332e-02	   2.4208442843758449e-02	   2.2061380097977004e-01	   2.4089058602584129e-01	   4.6228229225524220e-01	   4.9323822312878596e-01	   1.2712443854701352e-01	   3.4554433224584108e-01	   5.1248504796772609e-01	   5.8518925433035329e-01	   5.2193146510882626e-01	   5.3170310814608257e-01	   4.2246294605601742e-01	   4.1496488910406748e-01	   5.1838008022483928e-01	   4.8941195639752744e-01	   5.6061224878626215e-01	   6.3729972705812710e-01	   4.8740482918888295e-01	   6.6364258716800362e-01	   3.9878883125651376e-01	   5.9726512475677707e-01	   3.6372122361353854e-01	   2.7882788953962834e-01	   4.2343714848031455e-01	   7.6530869346081443e-01	   5.6032179871025489e-01	   3.1650654881747631e-01	   3.8283237213604210e-01	   3.5591422942531326e-01	   1.7645927014070822e-01	  -1.0114384640124470e-01	   4.8364529899024172e-01	   2.3657615871127063e-01	   5.4238685197665071e-01	   3.2800010427105464e-01	   6.1486273580532147e-01	   4.1144315521325198e-01	   5.9557239236886783e-01	   3.2041978608597510e-01	   9.4736456718431991e-02	  -2.3708465560759134e-01	   4.6136859808958369e-01	   2.5320417763530467e-01	  -2.9162810436443326e-01	  -4.6021754704097154e-02	   1.9054952330895691e-01	   2.1455535498837724e-01	   2.5048364233399656e-01	   1.4819447877751979e-01	   1.6204554141902375e-01	  -2.8811657797108481e-01	
   6.3625796339599050e-01	   5.5774605583762793e-01	   3.4732827032553082e-01	   2.2007687006465687e-01	   3.8095092500151945e-01	   1.1548539681849725e-01	   5.1978522538273109e-01	   4.0603427615766341e-01	   4.8322008598874910e-01	   2.6306689908351871e-01	   8.8906545225889877e-01	   7.0805694233752170e-01	   0.0000000000000000e+00	   7.8090851187430266e-01	   6.2561409190266493e-01	   3.8287482063298406e-01	   4.6311331641460385e-01	   4.5396183566018022e-01	   4.4850885881195701e-01	   4.3256787345045483e-01	  -3.9162314284267842e-02	  -2.4678139349447731e-01	   4.2161622026261952e-01	   2.8976153054956927e-01	  -5.0725148256894642e-02	  -9.6158061233911712e-02	  -3.5402716796953212e-02	  -1.8426474183022470e-02	   6.3135888810170671e-01	   5.3360943799514093e-01	   2.7354976517055585e-01	   3.0786716853243024e-01	   4.3691969642070261e-01	   4.0592456849931940e-01	   1.5899829801144360e-02	   5.6171136590947787e-02	   4.0531135457097889e-01	   3.2581277567753247e-01	   3.8270769708506602e-01	   2.4459420347655123e-01	   4.2823831751586394e-01	   3.7740102142763460e-01	   5.2529836711306521e-01	   5.6573298016679097e-01	   5.1062023831907588e-01	   5.2426526142687335e-01	   5.5898954020161995e-01	   5.0548316390805359e-01	   5.9989514339158967e-01	   4.4649713365018107e-01	   4.2444483054675075e-01	   3.1231898349847931e-01	   4.4427581052710041e-01	   4.3750233058027177e-01	   4.9036318613221341e-01	   5.0612670163416218e-01	   2.8550569420590538e-01	   2.8208015447634616e-01	   6.4609676396407789e-01	   3.0652611213520636e-01	   5.7964031990314879e-01	   2.9534863487538399e-01	   4.8760524349553847e-01	   3.7390050567184741e-01	  -5.3318306903246591e-02	  -9.0092119477685917e-02	   3.5663568969123560e-01	   2.9725454802489998e-01	   3.8945821978433970e-01	   3.8699882975908639e-01	   1.5711641589409184e-01	   2.3645904291503725e-01	   5.6257180465755208e-01	   4.9895670438819495e-01	   5.7047984579620370e-01	   4.4266433222018425e-01	   4.4587652435594649e-01	   3.2249466836945662e-01	   3.4403279513215085e-01	   4.2672924941200524e-01	   4.1847424542095213e-01	   6.0151683331566608e-01	   4.5509065010330585e-01	   4.5954614284398132e-01	   4.2982368997738674e-01	   4.0739183025080838e-01	   2.9031001183113309e-01	   1.4168935936049801e-01	   2.9747841320406404e-01	   4.2172343070598117e-01	   2.9169005925023861e-01	   3.1434861302346440e-01	   1.1611412687216552e-01	   2.9025913209794052e-01	   2.6131142595994639e-01	  -1.1495848428645374e-01	   4.0008198887428681e-01	   1.3183948106916887e-01	   3.1859302752487784e-01	   3.6812347629532688e-01	   3.3347321878315739e-01	   2.2453288114608713e-01	   3.2936293679857720e-01	   1.6623428333187196e-01	  -9.1411644197690073e-02	  -1.1124486513919377e-01	   3.4242664700979208e-01	   3.6543494955778140e-02	  -2.8334107223326452e-02	   2.1217924796460819e-01	   3.9748213579919887e-02	   1.2028348675938123e-01	   1.4271387782713374e-01	  -6.7806271977232796e-02	   7.1563069224743037e-02	  -6.8230934874600899e-02	
