   0.0000000000000000e+00	   8.0273653470212514e-01	   4.4874733495103403e-01	   3.3795916730522069e-01	   4.0039599668570558e-01	   1.5042717981223966e-01	   6.6371607049691395e-01	   4.9621553254986001e-01	   4.8515024724029970e-01	   2.3005224796594842e-01	   5.4682294151057276e-01	   4.5461711676101590e-01	   5.6337657744756464e-01	   4.1033004890107239e-01	   2.6912863320003688e-01	   3.6803818282921302e-01	   5.4440110745516845e-01	   2.8215563986695197e-01	   5.6497039336077981e-01	   5.0357684557639282e-01	   1.3287277201083036e-02	  -3.5736722105082060e-02	   1.4551293727652495e-01	   1.9816355596988083e-01	   4.9871669553314957e-02	  -3.5274648635978942e-02	  -2.0715138707044379e-04	   6.9039871535033132e-02	   4.4678337996683345e-02	   1.5933167927110153e-01	   1.2814676204778011e-01	   2.2981698862943711e-02	   2.9092874437766675e-01	   2.2191825165365256e-01	  -1.0879344921322187e-01	  -2.0858087987534507e-01	   2.4807497633507633e-02	  -1.8393060302845106e-02	   3.8561566790031920e-01	   1.3517157276478778e-01	  -1.0421344087116652e-01	   3.5011667790024487e-02	   5.3616599448730007e-01	   4.7813501672317915e-01	   3.7526467151966136e-01	   4.0079114212094746e-01	   5.3169572887159156e-01	   3.1414457283937613e-01	   2.5061787819570919e-01	   1.9458370241926945e-01	   3.8350252960741843e-01	   2.3293479147561308e-01	   4.2222184914646815e-01	   5.3370025636790475e-01	   3.9923313096754498e-01	   4.6811585951131363e-01	   7.6106016293580736e-01	   6.0580453676289747e-01	   5.0078742806572440e-01	   3.2270076013793886e-01	   5.6198974283798231e-01	   2.9833944634013287e-01	   5.4137051089637034e-01	   5.0516636050493513e-01	   1.9279043799507417e-01	   7.6416566024512744e-02	   1.4220000481468262e-01	   6.3528749902336479e-02	   1.4079065791397874e-01	   3.7962477683576556e-01	   4.4929720313862120e-01	   3.6627913272898849e-01	   6.3448058812394703e-01	   4.8876069229838953e-01	   4.6027785649691388e-01	   5.0112001018203944e-01	   4.0908760594760052e-01	   3.9989715125171876e-01	   3.6324347358978415e-01	   1.8533440910715149e-01	   4.4387271547341500e-01	   3.8236799847615444e-01	   5.9785915565022052e-02	   1.8533226716281587e-01	   3.1067148835588421e-01	   3.1938566806727264e-01	   9.0426157195232074e-02	   9.1268182716949461e-02	   3.7113306319557449e-01	   3.7934646052058124e-01	   5.0917633531746986e-01	   4.2038796742773599e-01	   6.7866884092905178e-01	   6.1116758045851372e-01	   2.2167118941639818e-01	   3.8682171747736160e-01	   4.8046356141657642e-01	   4.4398585622408937e-01	   7.2707737435651609e-01	   7.6510242365306302e-01	   6.0063533825230642e-01	   5.8786064484894207e-01	   6.0943439515534781e-01	   5.8569307737179910e-01	  -4.5122438075513416e-02	  -6.3149430548164499e-03	   3.2457323903539620e-01	  -2.6518172593796532e-02	   1.5800500786096022e-01	  -1.4542481213670118e-02	   1.5460345387767549e-01	   4.8265166658763697e-01	   4.3796186179713464e-01	   3.9056400548076126e-01	   2.0109614076946741e-01	  -1.1259931851877668e-01	
   8.0273653470212514e-01	   0.0000000000000000e+00	   2.6903549242230707e-01	   2.1650727845815421e-01	   2.3130122195689551e-01	  -7.3306205224015542e-02	   4.4291269076165318e-01	   3.1020539924321194e-01	   2.9460887982846018e-01	  -5.1140777618030264e-02	   2.7377240492034327e-01	   3.1341792037666150e-01	   3.1747586020073632e-01	   1.1467860398083055e-01	   2.1810412125405348e-01	   2.0002414907657556e-01	   4.8416081089009005e-01	   4.5602791765051071e-01	   6.2188218160810127e-01	   6.8589836334566945e-01	   1.5743329179733628e-01	   1.3354869971629024e-01	   8.2689167226316890e-02	   7.1727742569378458e-02	  -1.2328805340305195e-02	  -9.9827301308904992e-02	   3.1465170688859311e-02	  -2.3975033877448815e-02	   7.2567769583367706e-02	   2.3427548020324290e-01	   1.7880987511545715e-01	   8.0294448685361897e-02	   3.4985384784828455e-01	   3.6086500362747465e-01	   5.9236087092607012e-02	   3.8187001693805560e-02	  -1.3843028990759641e-02	  -5.8619120278137103e-04	   3.1035606130539900e-01	   1.6261932305281135e-01	  -1.3952247573489279e-01	   5.7352448614476879e-02	   3.8387641440516185e-01	   4.1477839803741390e-01	   3.9214646335482528e-01	   3.8127434634513713e-01	   4.5922611607312980e-01	   2.7837806069124382e-01	   2.5732499146750332e-01	   1.0713331760350045e-01	   2.3613747932866577e-01	   5.7223770813699733e-02	   3.5456750566387085e-01	   3.8850886983627403e-01	   4.3700385585454715e-01	   4.5484174430917346e-01	   6.7806404766196338e-01	   7.1566178168941019e-01	   3.1121072908236652e-01	   1.4797176408134782e-01	   2.5439788922783901e-01	   1.1767409730396038e-01	   5.0097831455848607e-01	   5.2657365426672420e-01	   9.8213194199281317e-02	  -2.5546052331695830e-02	   1.9833940828639285e-01	   1.1539398886381490e-01	   1.9682135545011309e-01	   3.3917677992012879e-01	   3.5930823034918635e-01	   3.2556565968578388e-01	   5.0048680374477661e-01	   4.3791092010410959e-01	   2.6037757663972433e-01	   3.6653742481287654e-01	   4.2741761876201190e-01	   4.1997354435634965e-01	   2.7823431736480159e-01	   2.7200509002836043e-01	   4.0030179319270831e-01	   4.5218126593636121e-01	   5.6960313178801181e-02	   2.4174861875403672e-01	   1.8562931486294751e-01	   2.7935385568625160e-01	   1.7713775531960479e-01	   1.2002031580430220e-01	   3.5651767795147954e-01	   2.8957995000808567e-01	   3.2189381123796185e-01	   2.0787216533357325e-01	   4.7163008743606771e-01	   3.9761861005728993e-01	   1.0711164901079077e-01	   2.3411338330329429e-01	   3.3177281065545927e-01	   2.5797302362703312e-01	   5.8520491756988680e-01	   5.7125729536102710e-01	   5.3060929566147741e-01	   4.2736473472462888e-01	   4.6691602871244525e-01	   4.6490894452172105e-01	  -1.1837647805585966e-01	  -7.6072795294623213e-02	   1.4631190626905188e-01	  -1.5717975870141071e-01	   8.7980755048763779e-02	   4.8733841734333989e-02	   2.1721223829807590e-01	   3.1330252729095270e-01	   1.9312843294722376e-01	   2.1742637900083758e-01	   4.4642070772009011e-02	  -1.0740282734506115e-01	
   4.4874733495103403e-01	   2.6903549242230707e-01	   0.0000000000000000e+00	   5.3927804122704659e-01	   5.9894366537826171e-01	   3.7124576124017650e-01	   8.0251264713571979e-01	   4.3926668197947960e-01	   6.6860955503206687e-01	   3.6902470760109068e-01	   3.7352895663399344e-01	  -8.7152932893570664e-02	   4.6631457372762009e-01	   2.0559057891778168e-01	   6.5124752827762777e-01	   5.9162188155925044e-01	   3.0188104312230996e-01	  -1.3947709025308941e-01	   4.6324369239232072e-01	  -2.1177319082216445e-02	   1.3914478048569712e-01	   2.6095151259321292e-01	   7.6748143399630253e-01	   5.8849065342887696e-01	   5.9364115055761768e-01	   4.9963513869177012e-01	   6.0627378450892699e-01	   6.8856846481433887e-01	  -1.6548950963067466e-01	  -1.7895974982731647e-01	   6.7642807574148833e-01	   4.3248486768620931e-01	   6.6578568843116037e-01	   3.2366552632417483e-01	   1.8976980129683904e-01	  -1.0633002540232880e-01	   1.2748285690773889e-01	   1.8278471655649869e-01	   5.1970695134695122e-01	   2.4528174167787664e-01	  -6.4207333628496288e-02	   1.3966051598669776e-01	   5.1299864864340639e-01	   3.0918111863576558e-01	   3.3891990816097706e-01	   2.1937233316520144e-01	   4.5128308730911526e-01	   2.4228689721571214e-01	   4.7431867943043889e-02	   1.0696182300462651e-01	   1.3044021084406593e-01	   1.5355365596545284e-01	   2.8383162782020505e-01	   4.6313482416801877e-01	   1.7752702406324894e-01	   2.5806813620994962e-01	   3.6783334434707976e-01	   3.0988335604917705e-01	   2.8901434791690633e-01	   1.6589074585784069e-01	   6.9109122337992313e-01	   4.1345987941955231e-01	   3.7851224506914249e-01	   4.8380734362073297e-02	   7.4070643241390688e-01	   6.1101916933258704e-01	   4.8814769850744377e-01	   2.4831243200325276e-01	  -6.3785960798262861e-02	   2.7191945973060366e-01	   7.3989151757218097e-01	   5.1118530100582371e-01	   3.5696446242956648e-01	   7.7773043137337128e-02	   5.3796605343601056e-01	   2.7660089216163264e-01	   4.3471985115236400e-01	   1.7198668602822612e-01	   2.8252243819325173e-01	   1.5846514942968326e-01	   5.4265970809258146e-01	   2.5266644379604608e-01	   5.3904763008064682e-01	   5.2901555019577928e-01	   7.1969577027173726e-01	   3.7945391520690552e-01	   5.3390947242709363e-01	   5.7934424797488282e-01	   6.0951015539371411e-01	   4.9843445379803464e-01	   5.3872790651666103e-01	   8.8031727397620618e-01	   4.5076650221233694e-01	   7.8252501406036001e-01	   2.6760197484610249e-01	   1.1965089609358335e-02	   2.7869443517469578e-01	   1.6541235107654770e-01	   4.1217651544834932e-01	   5.9118518027425426e-01	   2.1031066896594058e-01	   5.0548728875453541e-01	   5.1393182982775654e-01	   5.1913823193214970e-01	   6.1048760409522659e-02	   1.1146499602809530e-01	   1.1869216234957614e-01	   2.8253104014507424e-01	   2.0465999598828133e-01	   5.1356261819275079e-02	   1.4867997754797746e-01	   3.9087594836474948e-01	   2.8516551787689848e-01	   3.6325519619289837e-01	   1.1575356773649413e-01	  -1.5110290154000844e-01	
   3.3795916730522069e-01	   2.1650727845815421e-01	   5.3927804122704659e-01	   0.0000000000000000e+00	   2.6464966208379853e-01	   3.5496304265544354e-01	   6.0051059101107984e-01	   8.0371318790970170e-01	   4.7470691100760087e-01	   4.2574045311804137e-01	   5.4718228365654054e-01	   4.4236627911055032e-01	   5.1289538497560561e-01	   6.5361060361541989e-01	   3.8809912090870713e-01	   6.1183461254011395e-01	   1.4155622346675886e-01	  -1.8611951882773252e-02	   2.4191880453179376e-01	   6.7596222011182733e-02	  -1.6608071872526164e-01	  -9.0874968928245006e-03	   5.3608022184735005e-01	   7.4701814360526542e-01	   3.7311998810906896e-02	   1.2419889581980265e-01	   2.2623629813111609e-02	   2.9841339767294511e-01	   3.5660984209465746e-01	   2.1984913904822029e-01	   4.1110233477774100e-01	   6.5684298421068921e-01	   6.5203545076813096e-01	   6.6063534951781211e-01	   2.9623914369797277e-01	   2.5045827530784087e-01	   2.0444966571024309e-03	   2.6695128590204581e-01	   3.7736071192908047e-02	  -2.6646280903213491e-02	   3.9951340060893265e-02	  -1.6146201416190320e-01	   5.2236126420775808e-01	   3.4107112647643945e-01	   2.3547438404775961e-01	   2.5721590061761429e-01	   2.5651171918216215e-01	   2.5975769354812839e-01	   3.6689848755015858e-01	   3.3439079560470031e-01	   4.8500298630718497e-01	   5.2398689476778693e-01	   6.2315014064757768e-01	   6.4152830538857208e-01	   5.1381895947080580e-01	   4.4910979987218186e-01	   1.9666251147987893e-01	   1.5988909153617686e-01	   5.8248769062047379e-01	   6.7452481932611574e-01	   4.6032473730375750e-01	   6.2969300908056103e-01	   3.5273003751700921e-01	   3.9973625641201271e-01	   2.7598050571787525e-01	   4.7612665538893695e-01	   4.9065936197544224e-01	   5.0173413313942583e-01	  -8.8252484764677014e-04	   2.9387659050613690e-01	   3.3982121042748237e-01	   5.5430103874316505e-01	   4.9774506129528684e-01	   4.4842345283730578e-01	   3.1008800140738602e-01	   4.6359932949550231e-01	   3.2376514725747774e-01	   3.4769678670594406e-01	   1.6150010634826437e-02	   5.6646566019320652e-02	   1.5186131779297662e-01	   3.9934325602247572e-01	   1.6565496357676429e-01	  -3.5266573324100353e-02	   5.3116295564491112e-01	   7.1088579554593168e-01	   1.2814875052146601e-01	   2.5288360146843186e-01	   4.2544702567411663e-01	   5.7723148662411816e-01	   7.3912303561567227e-01	   3.1293742124343127e-01	   5.2235744967311981e-01	   3.0840739383577032e-01	  -2.5083655958556383e-01	  -1.3440926364810316e-01	  -3.4636541997765134e-02	  -2.4514730419770286e-02	   4.6562961256940949e-01	   4.8477844741236553e-01	   1.7032085709478562e-01	   2.2428489657427070e-01	   4.5287346239387472e-01	   4.5033468180047875e-01	   2.7136417940469026e-01	   2.8136751618847278e-01	   3.7232657080936093e-01	   2.0109557087326685e-01	  -2.3148612936228857e-01	  -3.3161458942520977e-01	  -1.0186944158651566e-01	   1.0160399203847877e-01	   1.0847272062328306e-01	   1.6969362687190570e-02	  -4.9989924808339047e-04	  -3.0409119652765704e-01	
   4.0039599668570558e-01	   2.3130122195689551e-01	   5.9894366537826171e-01	   2.6464966208379853e-01	   0.0000000000000000e+00	   6.7686304422272814e-01	   5.8413243756115740e-01	   4.8785971190128757e-01	   7.6508022960202382e-01	   6.6678759966509848e-01	   3.7018380610404800e-01	   1.1638846915643541e-02	   5.0914633841360002e-01	   3.0088395932220691e-01	   6.4399073534361895e-01	   5.2346693678517631e-01	   3.1462704546215547e-01	   8.6962045125656834e-02	   4.0113345500684772e-01	   9.7444440304361057e-02	   2.4945488121290771e-01	   1.4402524695452501e-01	   4.7968196659418627e-01	   4.3880972906713145e-01	   5.6017873298605148e-01	   5.8020287984160079e-01	   3.1755488463071879e-01	   5.0276038108448984e-01	   3.3571534274010016e-02	   1.7694513013813787e-01	   3.3454831175312755e-01	   1.5212952078179814e-01	   5.0977978388079759e-01	   3.2418428681349382e-01	   7.0287242894044713e-02	  -8.8106905409346709e-02	   8.1690830762067859e-02	   8.6272659120575884e-02	   3.8663919436236327e-01	   2.9384381007996913e-01	   8.7578735938054833e-02	   2.8250626556354674e-01	   3.6589888324072006e-01	   3.0776552495759413e-01	   3.5144221919341700e-01	   2.8475310338450177e-01	   3.9421876829243296e-01	   2.8087800739347391e-01	   1.4781289158359251e-01	   1.6101124728232441e-01	   1.7730909392084890e-01	   1.4070271318356631e-01	   3.3794675776551436e-01	   4.8038187855972292e-01	   2.3775208209452525e-01	   2.8791757104129762e-01	   4.6951917915791119e-01	   2.8837056142242679e-01	   2.5876992598435089e-01	   1.6614036082019476e-01	   5.8322957765181693e-01	   5.5040871631525534e-01	   5.1624333073902506e-01	   1.1958077382627097e-01	   4.5455394270015953e-01	   4.4383850474061015e-01	   3.7821377242657883e-01	   3.0136419930199099e-01	  -5.0285394713815677e-02	   2.1456644209351217e-01	   5.1422253446330302e-01	   4.4991961614525566e-01	   3.1711647155217604e-01	   2.5206698108513809e-01	   4.2955446477952580e-01	   2.3330717085164984e-01	   3.8348675837657298e-01	   2.9687310772217890e-01	   2.3827484057312653e-01	   1.8005685073222513e-01	   6.3620089535599278e-01	   3.7493231239625924e-01	   5.3009402197655986e-01	   5.4556547949458456e-01	   5.4920602052525402e-01	   2.7552813799590758e-01	   3.4863457416847055e-01	   2.3290699117111840e-01	   5.3162489739319052e-01	   2.9478387713255899e-01	   3.9173301329705257e-01	   6.0154895094872929e-01	   3.1656285674569529e-01	   5.3055223046495181e-01	   1.6577077410364657e-01	   1.1259486902085508e-01	   2.1449374203545779e-01	   1.3803330889027893e-01	   3.4504698896358793e-01	   4.1854477567806092e-01	   2.2451017803573356e-01	   4.1788339587311951e-01	   2.1591716829169921e-01	   5.6052602724653511e-01	  -5.8304760761409266e-02	  -7.0127422249976493e-02	  -2.8600486108596772e-02	   2.6839623948130198e-01	   1.5083137937975211e-01	  -1.5234289738145473e-01	  -1.1914160681369371e-02	   2.8540139350043048e-01	   3.1368356193887409e-01	   2.0613039702588903e-01	  -3.5119868699210334e-02	  -1.7705253818774527e-01	
   1.5042717981223966e-01	  -7.3306205224015542e-02	   3.7124576124017650e-01	   3.5496304265544354e-01	   6.7686304422272814e-01	   0.0000000000000000e+00	   2.9686231296227189e-01	   4.7567154109217274e-01	   4.4428285589101735e-01	   7.2066054095827747e-01	   2.0165681250884626e-01	   8.8385349783371037e-02	   4.5612596597199651e-01	   5.6786851977787611e-01	   3.8803043945922655e-01	   4.5278178071328012e-01	   2.1850189966313664e-03	  -4.2488408902194880e-02	   3.8289639595765722e-02	  -1.1721982563571540e-01	   1.5381142130452795e-02	   6.1891448875066285e-02	   2.1434353129420478e-01	   3.5030968942692614e-01	   5.1809463151540081e-01	   6.3086147900106937e-01	   2.9090026811292613e-01	   5.8216406632328366e-01	   5.8884526785776603e-02	   1.9012528875363327e-01	   1.1100122983650557e-01	   1.3491772898838675e-01	   3.9139429799680830e-01	   2.9716842114713726e-01	   2.4433068359811477e-01	   1.1746307816328265e-01	   3.1837145448463744e-01	   3.0600255605694904e-01	   1.7242369515062395e-01	   3.1644987823953641e-01	   2.3982322759871399e-01	   3.2899392674394023e-01	   2.0773042526718682e-01	   1.2768131442875610e-01	   1.8181816699071565e-01	   1.1641048409805002e-01	   1.4857797529369360e-01	   1.3183641328314838e-01	   6.0405911969026491e-02	   7.6632959522416208e-02	   2.2902758111641891e-01	   1.7590023002345945e-01	   3.8693678579689661e-01	   4.3671149541201637e-01	   2.3726491798116611e-01	   2.7946333649627703e-01	   2.6200918309072907e-01	   1.9735012362344467e-01	   2.4270473252680519e-01	   4.0456831222784839e-01	   4.7322764516381488e-01	   6.6069975384824353e-01	   2.3550272406905343e-01	   1.6908041480212459e-02	   3.8700990467632923e-01	   5.0670516453876968e-01	   3.5074459424811372e-01	   4.2072557765102697e-01	   1.0314004960365103e-01	   2.6935106148340804e-01	   2.3081035783655940e-01	   3.4731412859792421e-01	   1.8783992937914626e-01	   3.5630345904747623e-01	   2.9734717348449491e-01	   2.8106858967676468e-01	   3.7951248690111161e-01	   2.5719691954805118e-01	   6.1104864324413706e-02	   1.2503778773697075e-01	   3.2825608695294456e-01	   2.7104626620404393e-01	   3.3562507402889996e-01	   2.9253471249658602e-01	   4.6040715397937931e-01	   4.1638293762313650e-01	   1.9155702801709901e-01	   1.0322776632942661e-01	   4.9220724428372747e-01	   3.9401529109904038e-01	   4.4322405845044399e-01	   3.6296508588227094e-01	   3.0695825224717982e-01	   3.6957482104787354e-01	   5.3985090420940490e-02	   8.3550196113050673e-02	   3.9205364877376692e-02	   1.0486414625861884e-01	   1.8927408593917852e-01	   2.5513916093496286e-01	   1.2781411280670141e-01	   3.1620593935085223e-01	   1.0693434542459201e-01	   5.4848062746506487e-01	  -1.6757247010900783e-01	  -1.5610231850762135e-01	  -8.0037742984344670e-02	   2.9553772732371897e-01	   4.6190553320001340e-02	  -2.2423218379960216e-01	  -1.9186991140852400e-02	   1.2858540965388535e-01	   3.2351237983601444e-01	  -7.2189765269245042e-03	  -2.1262702693258870e-01	  -3.6501782600905958e-01	
   6.6371607049691395e-01	   4.4291269076165318e-01	   8.0251264713571979e-01	   6.0051059101107984e-01	   5.8413243756115740e-01	   2.9686231296227189e-01	   0.0000000000000000e+00	   6.8406339652841719e-01	   7.3093130494106617e-01	   3.9607346826392609e-01	   7.1401277881446401e-01	   2.7697470467129731e-01	   6.8851263352581105e-01	   4.0157632456722125e-01	   4.2180927318739120e-01	   5.2357976246605176e-01	   5.6418896482039160e-01	  -1.2122222636129694e-02	   4.2125003253169535e-01	   6.8054283349636258e-02	  -1.1849816858286424e-01	  -8.0231438487538387e-02	   5.4308565551008658e-01	   5.4663857786071435e-01	   2.7303192042046259e-01	   2.0275502216412455e-01	   1.8983126171444747e-01	   3.7921405005504361e-01	   2.6959779808232553e-02	  -9.9579239938945741e-02	   3.6428065424098544e-01	   2.4723735400176292e-01	   5.4832660584216641e-01	   3.5282223116143169e-01	   2.5774491685754269e-03	  -1.6800850661523267e-01	  -1.4686769047139142e-01	  -7.9120553075073569e-02	   4.2575021558989568e-01	  -2.6952163314180041e-02	  -2.5445434330273958e-01	  -1.7673781484967657e-01	   5.0524944730259136e-01	   2.9071343040651143e-01	   2.5326042362990531e-01	   1.8758895538063786e-01	   4.2163908259037375e-01	   1.5540077129476612e-01	   1.2943140627994026e-01	   1.4399926726186354e-01	   3.3085872428839164e-01	   3.0709835805360675e-01	   4.5743327159744734e-01	   5.7752115154888495e-01	   2.8433517784024287e-01	   2.9626324843570107e-01	   5.5725920810818230e-01	   4.1670259953524735e-01	   5.2719016955246445e-01	   3.6051677544378330e-01	   7.9115552733481342e-01	   5.7235699119245820e-01	   6.4950142927607890e-01	   4.2193912660745292e-01	   6.2937297321098673e-01	   5.6886315446963764e-01	   4.3008815968212999e-01	   2.3086486791431082e-01	  -1.4112227137640279e-01	   2.6247754412651125e-01	   6.3367978697130722e-01	   4.9818354047632607e-01	   6.0278602650097279e-01	   3.5976337311573103e-01	   5.5621113535838662e-01	   4.4890964100827396e-01	   3.7073228695015342e-01	   2.6767564306675651e-01	   4.5339148512953115e-01	   2.0748196484489850e-01	   5.4310528596578578e-01	   3.4108656838401280e-01	   1.4931758606296014e-01	   2.3517944750734487e-01	   6.3434048752122252e-01	   5.0507479230481689e-01	   1.7659141946010778e-01	   3.3204089063657816e-01	   5.0689860815574206e-01	   4.7361440163224955e-01	   6.8986064881651432e-01	   7.1599521453285064e-01	   6.4273538510985073e-01	   7.5169213045370165e-01	   1.5564620348908403e-01	   1.5948804319245249e-01	   4.3597036349538953e-01	   3.4558456958202527e-01	   6.9876177515203608e-01	   8.2990710782182164e-01	   3.2632969896940228e-01	   4.7989537300254281e-01	   7.1879724734297645e-01	   5.9279637967827536e-01	   2.8750139734224323e-01	   3.2187406249805045e-01	   4.0918623635616264e-01	   3.7396284490678604e-02	   2.1265202025435859e-02	  -1.1893963587999493e-01	   7.9995107527461827e-03	   5.2073341691646646e-01	   3.6625631973442607e-01	   4.0101933905015419e-01	   2.3828879861439911e-01	  -8.0825495584422008e-02	
   4.9621553254986001e-01	   3.1020539924321194e-01	   4.3926668197947960e-01	   8.0371318790970170e-01	   4.8785971190128757e-01	   4.7567154109217274e-01	   6.8406339652841719e-01	   0.0000000000000000e+00	   5.4286343483535582e-01	   6.6781791392279022e-01	   7.1749999243815088e-01	   6.7158658963152895e-01	   6.7955286344492394e-01	   7.9845448149008558e-01	   3.4931236352266259e-01	   6.4312203126190881e-01	   4.0224753930395851e-01	   1.0560346271642779e-01	   3.5828415162942090e-01	   1.9462015344386530e-01	  -2.5255457814589799e-01	  -2.1046706519938030e-01	   4.1941871789766882e-01	   7.1791243526672643e-01	   2.4655769337821480e-02	   8.5518508522841763e-02	  -1.5517650286014090e-01	   1.5603681161840435e-01	   3.9732522365901490e-01	   3.2868705368898188e-01	   1.7911351723264340e-01	   3.9220853974713354e-01	   5.2705942932171668e-01	   5.8788399999441188e-01	   5.3154661335943917e-02	   1.9147140454576300e-02	  -1.5915870652083161e-01	  -6.7555522527506179e-03	   7.9065337539569430e-02	  -1.0005285375828823e-01	  -3.6768655846389345e-02	  -1.6181946000598482e-01	   5.3445964298415249e-01	   3.3929804666300895e-01	   2.9434027240318500e-01	   2.9832262118732766e-01	   3.6137878028113302e-01	   1.9423290680417291e-01	   4.0339152430459524e-01	   3.1521857180108032e-01	   5.2843142048677938e-01	   5.0340323264107023e-01	   6.9701617357588175e-01	   6.8681428702386071e-01	   5.1251227122651621e-01	   4.1387433136696750e-01	   4.1208511763183742e-01	   2.2043599288140067e-01	   5.0356337632699821e-01	   6.4741593839944556e-01	   5.3983154917365794e-01	   8.6837721400701595e-01	   6.3123853238678507e-01	   6.4376031097654085e-01	   2.0078530457210891e-01	   4.1283989187546111e-01	   3.1969068996951161e-01	   3.4217231983826224e-01	  -1.0870325907711920e-01	   2.0278632276598801e-01	   3.2010733029693728e-01	   5.8182787353848320e-01	   6.8400177312400223e-01	   7.2051728951004423e-01	   4.5202210099318929e-01	   6.6156554240514676e-01	   3.7333279157647070e-01	   4.5139381478669516e-01	   2.0332031023231487e-01	   1.5099446069672806e-01	   3.8796382011834840e-01	   5.6302711438782260e-01	   1.4261722817650535e-01	   1.3378364743724912e-02	   4.9293827303113275e-01	   7.1062986204066858e-01	   6.4398299400952874e-02	   1.1489167701999831e-01	   3.8078517044121368e-01	   4.5905946256373176e-01	   8.4695147580541652e-01	   3.1486540695912291e-01	   6.7539665926530645e-01	   3.5439414621286047e-01	  -1.6340518473965326e-01	   4.7342787674707607e-02	   1.4218059989943038e-01	   1.8385733682925662e-01	   6.7781466001453039e-01	   6.1092324863035463e-01	   3.4588711947480894e-01	   3.7621469178918038e-01	   4.2476655185761303e-01	   5.9616323377008817e-01	   1.8467314561050482e-01	   1.8147822440114536e-01	   3.4285470007396979e-01	   1.6052547107548804e-01	  -1.4203575529122803e-01	  -3.3940110494199105e-01	  -2.1679053289871653e-01	   2.2086504367753360e-01	   3.9001171133526125e-01	   1.2523570543175255e-01	   3.0169739051943902e-02	  -3.4487218783638196e-01	
   4.8515024724029970e-01	   2.9460887982846018e-01	   6.6860955503206687e-01	   4.7470691100760087e-01	   7.6508022960202382e-01	   4.4428285589101735e-01	   7.3093130494106617e-01	   5.4286343483535582e-01	   0.0000000000000000e+00	   5.1800967257463948e-01	   6.2228487114685960e-01	   1.1738234340630227e-01	   6.3226976555726155e-01	   3.0127947103764119e-01	   6.6033848885217139e-01	   4.8578520345128451e-01	   3.2630225636451304e-01	   4.4438354945436936e-02	   4.4871817778187351e-01	   1.4585171694587606e-01	   1.9038254255350467e-01	   1.4165973451257866e-01	   5.2872224421584813e-01	   4.5118782212520331e-01	   1.8759660892473184e-01	   1.7888150586165222e-01	   2.0661740244287258e-01	   4.0862864777690366e-01	   1.9014092442669156e-01	   1.1899261953165796e-01	   3.2221352206701270e-01	   2.3529330096729328e-01	   4.9366602260141046e-01	   3.5226602326778578e-01	   3.9711446994279267e-02	  -4.7803482061955657e-02	  -3.8883037353032224e-02	  -4.1906428163785224e-02	   3.7853577040640052e-01	   1.2959390634728304e-01	  -8.7606191435821809e-02	   6.0950235818342621e-02	   3.8652855902511279e-01	   2.8712397798072087e-01	   2.4340915994878914e-01	   1.8789419505616028e-01	   3.6807916809168328e-01	   2.5290857966516472e-01	   1.6498221909255165e-01	   1.3239867763384114e-01	   2.2678626205251162e-01	   1.8694285235844796e-01	   4.3743331622809500e-01	   5.8193183831502138e-01	   2.7272032093957321e-01	   2.6214208061911665e-01	   3.9945574706897891e-01	   2.4000988748480867e-01	   3.5618511490947735e-01	   2.0051264416431283e-01	   6.7230348216317337e-01	   5.6702731927853756e-01	   4.5372660820522592e-01	   2.0823511178887033e-01	   4.3750654471174377e-01	   4.2759622607499559e-01	   3.3634505746079935e-01	   2.3630639993644426e-01	   4.1333939394577024e-02	   3.0110877865533997e-01	   5.2864785928053326e-01	   5.2722637913754555e-01	   3.9434853382645874e-01	   2.1475342397826652e-01	   4.0412511050069316e-01	   2.6521444216372769e-01	   3.5820232486487152e-01	   2.2676503760275521e-01	   2.1557966557032848e-01	   1.7522600590057197e-01	   4.6273474977150986e-01	   2.3019618964831220e-01	   3.6653065606665558e-01	   2.8192179393049177e-01	   6.2858315528549091e-01	   3.4502945920192302e-01	   2.8731294048760081e-01	   2.6877264383934762e-01	   5.7887249033729360e-01	   5.0127613257888715e-01	   4.8128259346139823e-01	   6.2207836062332444e-01	   4.2258900487650908e-01	   6.2792919496356170e-01	   1.6565747961277005e-01	   1.1825149931476031e-01	   2.6335797959183777e-01	   1.6272453511655316e-01	   4.3760631384306869e-01	   5.3291810201105816e-01	   2.2422611925459912e-01	   4.0485531193332980e-01	   3.6572120771452299e-01	   4.5470547375320552e-01	  -7.5900894250951149e-03	   6.1723014987063785e-02	   1.0946856195336888e-01	   1.6955090862713265e-01	   1.0219502397629733e-01	  -1.0368530858755309e-01	   5.5059434193001550e-02	   3.0311310970346439e-01	   1.2777480557813672e-01	   2.7365040488365333e-01	   1.0463938943896536e-01	  -1.5471084532514195e-02	
   2.3005224796594842e-01	  -5.1140777618030264e-02	   3.6902470760109068e-01	   4.2574045311804137e-01	   6.6678759966509848e-01	   7.2066054095827747e-01	   3.9607346826392609e-01	   6.6781791392279022e-01	   5.1800967257463948e-01	   0.0000000000000000e+00	   4.3158518416517427e-01	   3.3031729066130855e-01	   4.7939602186890062e-01	   6.4095482865294928e-01	   4.9902661138520027e-01	   6.7199752472883811e-01	   1.1358952390252687e-01	  -3.6597407764134990e-02	   2.2344336984724278e-01	   3.0962236869113622e-02	  -1.2165289712389901e-01	  -1.1133788454896101e-01	   3.7550675076170237e-01	   5.4679466217822248e-01	   2.6533071342889941e-01	   3.2783483591580653e-01	   7.3198121715616227e-03	   2.7758586185416434e-01	   1.4532849313636031e-01	   2.7912865372500462e-01	   1.5149766571290230e-01	   1.9125532238682771e-01	   3.6207416775052531e-01	   2.8814646385395426e-01	  -6.6733173707623314e-02	  -1.4960658929485601e-01	   5.3423571076891802e-02	   5.5009399817866039e-02	   1.8305451638411610e-01	   9.3009410035811785e-02	   2.0252308871519370e-01	   1.5471747835370883e-01	   2.1910067411490775e-01	   5.1793159579214210e-02	   6.5345809035743080e-02	   4.1224816970351297e-02	   1.8092750398518354e-01	   6.0744653215609165e-02	   7.8398914018753083e-02	   1.0175581072235988e-01	   2.9734082902896752e-01	   2.4518749317040656e-01	   4.5148020179759374e-01	   4.1674126421689828e-01	   1.9070892917304330e-01	   9.4826165123723383e-02	   2.3536447932801702e-01	   9.0476769142358110e-02	   1.5205608718416497e-01	   3.6337446107173393e-01	   4.3377427287002246e-01	   7.3694627971730564e-01	   4.0273003207211555e-01	   2.3019735416981990e-01	   2.1366055619744698e-01	   3.5208091006584574e-01	   1.0971403075837888e-01	   1.4664810476266615e-01	  -4.4162459314503591e-02	   1.7059058473457445e-01	   2.2525935979237358e-01	   4.6450752874642415e-01	   3.9604142553282862e-01	   5.4825876490917247e-01	   4.0344232222262305e-01	   4.7232588743393555e-01	   3.0581104999430464e-01	   3.2516760798263522e-01	   4.2670433103763776e-02	   4.1317104627688533e-02	   4.6434890037975840e-01	   3.6128998495939274e-01	   4.4822987961736638e-01	   2.5680251745508820e-01	   4.3784767068505220e-01	   4.0402241507094405e-01	   2.3857855431511577e-01	   1.8776545829280059e-01	   3.6215492092801149e-01	   2.6075239412899914e-01	   5.0461185344613457e-01	   3.9348895029782166e-01	   3.5128168232803680e-01	   2.9758727792436446e-01	   3.2251537102812200e-02	   1.0983941288160388e-01	   1.1645780620684125e-01	   1.7333633837932511e-01	   3.0183038393883654e-01	   3.1132709348166920e-01	   2.3794143935411677e-01	   3.1589035014799999e-01	   3.6292540979506974e-02	   4.4228867484083212e-01	  -2.2046467324863339e-01	  -2.2046582002912271e-01	  -1.2253818060977974e-01	   3.1473783576741965e-01	   3.4328951038393833e-02	  -2.4319322344061997e-01	  -1.1673466089396888e-01	   1.2561250863699397e-01	   4.0033167437958195e-01	   1.1154182756754077e-01	  -5.5246359517344093e-02	  -2.4904239682476781e-01	
   5.4682294151057276e-01	   2.7377240492034327e-01	   3.7352895663399344e-01	   5.4718228365654054e-01	   3.7018380610404800e-01	   2.0165681250884626e-01	   7.1401277881446401e-01	   7.1749999243815088e-01	   6.2228487114685960e-01	   4.3158518416517427e-01	   0.0000000000000000e+00	   6.9531418577238080e-01	   7.6868684028584633e-01	   6.2188831315927218e-01	   2.4266335756491353e-01	   4.6088643591951317e-01	   5.2566440199401776e-01	   7.2900368982883518e-02	   2.8430278956645505e-01	   9.9821453349005884e-02	  -3.0399415262462909e-01	  -3.5902864522724437e-01	   2.6470101944836932e-01	   4.0408921110166551e-01	  -2.0145697945934107e-01	  -1.7322031082650052e-01	  -2.7447721841245121e-01	  -1.9431703513357297e-03	   3.9961175436042939e-01	   1.4656831561347353e-01	  -4.4700545024977112e-02	   4.7005031400681081e-02	   2.4757246669435687e-01	   2.4049337930485024e-01	  -2.6686189506761610e-01	  -2.1524904774973841e-01	  -3.5928405114865863e-01	  -3.0802242671025276e-01	   1.3023103962587149e-01	  -2.4834202207370784e-01	  -1.2424060574541651e-01	  -3.6148658339643025e-01	   3.9651499369720455e-01	   2.3509207970682872e-01	   8.9372714970458816e-02	   1.5307403805925771e-01	   2.3351510611168608e-01	   8.9739190577163092e-02	   2.4738067155804480e-01	   2.6648234097344714e-01	   4.6315780471655033e-01	   4.8973791314909210e-01	   5.2184460457356130e-01	   5.7917736904648742e-01	   2.8710893542105975e-01	   2.7272945001757060e-01	   4.0791474942975758e-01	   1.7923190875544154e-01	   5.2817209530185782e-01	   4.8373930265063675e-01	   6.3966354793512459e-01	   5.7488031556973840e-01	   6.6982596785465909e-01	   6.5333012244151867e-01	   1.6810961168047422e-01	   2.3237877121389616e-01	   8.1669618107717001e-02	   3.8107682724704689e-02	  -2.3910230119674852e-01	   4.3311070907045959e-02	   2.2050473608373886e-01	   3.6379899040232155e-01	   6.1748644980307310e-01	   4.8508203694013974e-01	   4.0582526390495027e-01	   5.5735711196761417e-01	   7.8893408440828039e-02	   1.5744800613621418e-01	   3.6493458556373271e-01	   1.8170808803118915e-01	   3.6196159147100210e-01	   2.4994931473865067e-01	  -4.7037493786893557e-02	  -1.8928590408605608e-01	   3.8621267504097606e-01	   4.6882636548478229e-01	  -1.2509986613955587e-01	  -4.6114141378937074e-02	   2.4506576839561658e-01	   4.5110244233491537e-01	   6.1480964490109746e-01	   2.8529807660607404e-01	   6.1678065869196796e-01	   3.8815973698304257e-01	  -2.2808496359628568e-02	   1.7968419275474673e-01	   3.0006612846871117e-01	   2.9568926029030201e-01	   6.6618306064264399e-01	   6.6721608191520310e-01	   2.7922738185936752e-01	   2.8261182836973470e-01	   4.8316577004937261e-01	   4.5008792285653798e-01	   3.5780478792386800e-01	   3.7592941140064895e-01	   4.5028913009567850e-01	  -1.5325259430185217e-01	  -1.2880671654745288e-01	  -3.0719027263513443e-01	  -2.2129552236240241e-01	   3.4198189304176774e-01	   3.3595093195839820e-01	   2.9329654480515543e-01	   2.3386027188563913e-01	  -1.0828215832367804e-02	
   4.5461711676101590e-01	   3.1341792037666150e-01	  -8.7152932893570664e-02	   4.4236627911055032e-01	   1.1638846915643541e-02	   8.8385349783371037e-02	   2.7697470467129731e-01	   6.7158658963152895e-01	   1.1738234340630227e-01	   3.3031729066130855e-01	   6.9531418577238080e-01	   0.0000000000000000e+00	   5.1346813068964847e-01	   7.5832340936297593e-01	  -3.2589974180312439e-02	   4.3498528259181413e-01	   3.5195431870805544e-01	   2.4651688386568732e-01	   1.8555276256611208e-01	   2.6044168724709438e-01	  -4.3964672302402252e-01	  -4.3549824792897041e-01	   1.4440915374866214e-03	   3.3457656567301919e-01	  -3.6300904004411688e-01	  -3.1677612442659747e-01	  -4.5190303248231584e-01	  -2.8575797385553248e-01	   4.5927454765304321e-01	   3.8304344551264402e-01	  -2.5361832269441453e-01	   2.1286240870980390e-02	   5.9739569901835779e-02	   2.5689759082934938e-01	  -1.9324066273316015e-01	  -5.0765653595863297e-02	  -2.0805193756044638e-01	  -9.8364988807135914e-02	  -5.8402009581085851e-02	  -1.8753438379915816e-01	  -1.9580412087207153e-02	  -2.6834847562832859e-01	   3.8729512923638754e-01	   2.9017682260213945e-01	   1.4534116183810594e-01	   3.1328427328441133e-01	   2.3817841534574544e-01	   1.3480920969832866e-01	   4.3567817154613814e-01	   4.3454161972335864e-01	   6.3263645450174821e-01	   6.2551468620663109e-01	   6.0335175720914380e-01	   5.2972860001745592e-01	   4.7529110445584261e-01	   4.4559475112762725e-01	   2.9715960680093517e-01	   1.4721568797330464e-01	   4.3231908181435952e-01	   5.8193388829350301e-01	   1.9990694636122747e-01	   4.7533895329136749e-01	   5.4554563854259763e-01	   8.0907979425748988e-01	  -2.2661421779697433e-01	  -1.6253281818641045e-02	  -6.5130673771482711e-02	   3.9040458547592249e-02	  -1.4767730245056898e-01	   1.3173936432400970e-02	  -8.7256773361207879e-02	   1.9266152064526981e-01	   6.3929707066443509e-01	   7.4180590307707606e-01	   2.6241935170828534e-01	   6.7281441324478086e-01	   1.3325363432972848e-01	   3.7691591977041278e-01	   1.7574210618244052e-01	   1.0518045692942615e-01	   1.1900716647012363e-01	   3.6508465397617618e-01	  -1.6448877135779646e-01	  -2.9753227962167955e-01	   8.8688178617337424e-02	   5.1206815969423936e-01	  -2.1160515815207381e-01	  -1.8573386819416299e-01	   6.0674737578528343e-02	   3.9289164205099791e-01	   5.9306794901600124e-01	  -1.7237465379358904e-01	   6.6368910023001026e-01	   3.8411070699629610e-02	  -1.7083832036826838e-01	   1.8110063537434343e-01	   1.8885725241156293e-01	   2.9375248747504257e-01	   6.3710570031858627e-01	   4.9722685015074741e-01	   3.8273484869899232e-01	   1.8584321012900767e-01	   3.3891028236072585e-01	   3.1857541525675642e-01	   1.6967442043886558e-01	   1.1386250212722587e-01	   4.1276921647751114e-01	  -2.6776168392944116e-01	  -1.7252158304566489e-01	  -2.6689781228639031e-01	  -1.7626447985979105e-01	   1.4725962329902589e-01	   3.9540424843808492e-01	   1.2767295127159617e-01	   9.2155440981131653e-02	  -1.4404634153584422e-01	
   5.6337657744756464e-01	   3.1747586020073632e-01	   4.6631457372762009e-01	   5.1289538497560561e-01	   5.0914633841360002e-01	   4.5612596597199651e-01	   6.8851263352581105e-01	   6.7955286344492394e-01	   6.3226976555726155e-01	   4.7939602186890062e-01	   7.6868684028584633e-01	   5.1346813068964847e-01	   0.0000000000000000e+00	   6.3783731248948017e-01	   3.8128089308150703e-01	   4.6172477843024884e-01	   3.8405616874847204e-01	   2.4312126219485386e-01	   3.6232153792081073e-01	   1.9910112398610247e-01	  -3.8006035386397541e-01	  -3.9775168993330773e-01	   2.8436203677272154e-01	   3.7275208030101981e-01	   3.6933058233709029e-02	   7.7109625161543086e-02	  -1.1519849666926221e-01	   1.5227776726771430e-01	   3.9171789422796788e-01	   2.3707292876742528e-01	   3.2442725037007375e-02	   9.5811049403550258e-02	   4.6889872569149105e-01	   4.4277954184430890e-01	   9.0237736748744718e-02	   6.9193265217939962e-02	  -1.7802067318743384e-01	  -2.1909915665064278e-01	   2.6062684673596390e-02	  -2.1228339213454517e-01	  -2.1614351676080190e-01	  -2.5765587775426113e-01	   4.1769525339961033e-01	   2.1631358923628280e-01	   2.2603542155745959e-01	   1.7909372230261955e-01	   1.8601866246183257e-01	   1.5681162423776393e-01	   2.5847619387423104e-01	   1.6792725383494575e-01	   3.2635786902693920e-01	   2.7182484262037265e-01	   5.5019924793705222e-01	   6.6841918622419094e-01	   2.8566682009680561e-01	   3.1637042869709386e-01	   4.4197131460183303e-01	   3.2884041319134999e-01	   5.0158174763252428e-01	   4.1796578135788698e-01	   7.5035046505453662e-01	   6.3314527363848194e-01	   6.3570947641586772e-01	   5.3407388621184049e-01	   3.4815394080233275e-01	   2.9787305764428834e-01	   3.2741639872018191e-01	   2.5114520146970526e-01	  -2.5544598231738762e-02	   2.5610074667905730e-01	   2.7764460722584122e-01	   3.2338364270973902e-01	   5.5802622623150488e-01	   5.0401796467531135e-01	   4.4262314974897404e-01	   5.0771271101630577e-01	   2.9659537953519477e-01	   1.5621574315492814e-01	   2.5628001560182234e-01	   4.4294044452592163e-01	   4.0837374486251138e-01	   4.0409234393648813e-01	  -2.5585696668343084e-02	  -2.8215238945889048e-02	   5.3138619367714457e-01	   5.5964747205450982e-01	  -1.0899999924740711e-01	  -1.1102749417968469e-01	   3.4677681823535850e-01	   5.0158902757328760e-01	   5.8384044158192894e-01	   4.2092427610134486e-01	   5.4925668298503405e-01	   4.7478577717446191e-01	  -8.6790048802421582e-02	  -6.5762983668089907e-03	   1.1970340193969689e-01	   1.3172084370778736e-01	   5.6244173669162989e-01	   6.2387243408593029e-01	   3.1633904035960192e-01	   4.1441971449360049e-01	   4.3541451969405953e-01	   6.8189231079064305e-01	   1.8011326155508686e-01	   2.0062465930495785e-01	   2.1550120901719627e-01	  -1.9751213157784747e-02	  -1.5686980693353561e-01	  -3.3143491703258121e-01	  -2.4908028277624966e-01	   1.9625792034882314e-01	   2.6738381920801929e-01	   4.6107622829714694e-02	  -5.2393947412039968e-02	  -2.1810511171421743e-01	
