   0.0000000000000000e+00	   8.3513752835374377e-01	   7.0319060286472213e-01	   6.6030927277335916e-01	   2.0064037926200418e-01	   2.4649107825339400e-01	   7.0805977013709298e-01	   6.9433335842766186e-01	   2.7146061628366686e-01	   4.6435279973584243e-01	   7.0276321567664390e-01	   7.8507066984662366e-01	   6.2739094095052828e-01	   6.7804439141871620e-01	   5.5700562677929422e-01	   6.3772416217698724e-01	   7.5169604259680112e-01	   6.6792848243637781e-01	   8.3316143853240021e-01	   7.9867412619512468e-01	   2.9388986007424317e-01	   4.9278652642354637e-01	   5.0697198790243481e-01	   5.3772772420246528e-01	   3.5993798280032069e-01	   3.2819284005079613e-01	   2.7752249206363178e-01	   3.3499900684048806e-01	   5.5875577398426968e-01	   6.9483371763785573e-01	   5.3025462392765865e-01	   4.8477064311444851e-01	   8.2779923035301639e-01	   8.2981893566971276e-01	   4.6819082446488558e-01	   4.0708931216279709e-01	   3.3302262138997674e-01	   4.2505551797571861e-01	   3.0947177602345521e-01	   4.2397679954982603e-01	   3.1992243900912409e-01	   6.1700797458673196e-01	   5.9656276890334292e-01	   5.3172373355295277e-01	   6.6066210718146889e-01	   5.7876781643288655e-01	   5.3444925516575359e-01	   5.2584058017955493e-01	   5.7482726774110293e-01	   4.9526705190559062e-01	   5.7084836879879230e-01	   5.1808888663478814e-01	   4.8476369340167075e-01	   6.0565036032790798e-01	   5.5523694395858159e-01	   5.7670412940228999e-01	   8.4931153888823363e-01	   6.3455248314917445e-01	   6.8006558657284022e-01	   5.3802316705857867e-01	   7.4559332056748484e-01	   6.9654536983604143e-01	   7.4888787428981196e-01	   6.4280057436482241e-01	   6.2893056596082086e-01	   6.7653262991835494e-01	   6.2646486091021147e-01	   4.7788535137645294e-01	   3.5588597855767057e-01	   1.3630573018690612e-01	   6.0428274427797435e-01	   5.8604200816338281e-01	   6.4129455480162156e-01	   6.9293290139377062e-01	   6.5187802701044384e-01	   6.7579767049312089e-01	   6.8940909242653658e-01	   6.3682357341006879e-01	   7.2534659435656557e-01	   7.3386099958145112e-01	   7.3934102671920077e-01	   7.5094121817759441e-01	   4.4600350625568402e-01	   6.1259458347563489e-01	   7.4073691326102054e-01	   7.4332683138293465e-01	   3.2201718450802636e-01	   5.5738694016151558e-01	   5.0979268792666632e-01	   6.5615487386372273e-01	   1.8934614822114085e-01	   2.1277555359462927e-01	   2.6579898970580695e-01	   1.7361148884539029e-01	   2.5593390292456952e-01	   2.8527432990566715e-01	   3.4559758908730376e-01	   4.5499234946261363e-01	   2.6223087587821386e-01	   3.1290054197014860e-01	   3.6389870444909755e-01	   2.6843028880921072e-01	   3.7256597993478890e-01	   1.2852544994560502e-01	   2.2517510972538204e-01	   1.3747285577322710e-01	   9.5755622929888956e-02	  -1.0995790431947283e-01	  -1.3790286507589532e-02	   4.8858277133202743e-01	   3.4019005623157816e-01	   1.2153134805508378e-01	   1.9322917053216138e-01	   2.3888385077801486e-01	   2.4333968105234471e-01	   1.2408290101127149e-01	
   8.3513752835374377e-01	   0.0000000000000000e+00	   5.1975281877286683e-01	   4.9168832864721290e-01	   1.5954875223963236e-01	   1.5618035855678036e-01	   5.0348003553976217e-01	   5.7249464265818872e-01	   1.6670379629930626e-01	   3.6628515841090531e-01	   5.1213247302141540e-01	   7.1883252126505304e-01	   4.5291424022317012e-01	   5.5974769350771703e-01	   5.5331089368555997e-01	   5.3668218023704728e-01	   6.7373327388917259e-01	   7.4041081325182367e-01	   7.2112507626343558e-01	   7.9968532522925118e-01	   2.0451015473430409e-01	   3.7988533354486176e-01	   3.7879319379785298e-01	   3.4386117760806678e-01	   2.6192743366551630e-01	   1.8366877819831309e-01	   2.9035012090840667e-01	   2.1125435540178783e-01	   5.0601308915386511e-01	   6.5313159549017963e-01	   3.8218570122151718e-01	   3.1007322948854649e-01	   8.2686668017426990e-01	   7.8296747396185151e-01	   5.6972408789839124e-01	   5.4238554313874077e-01	   4.6009267479451321e-01	   5.8301864452188867e-01	   4.0840323319303745e-01	   5.6304563224438153e-01	   4.2558901019642570e-01	   6.9117790150719571e-01	   4.8354206159049795e-01	   4.6847831436479226e-01	   6.3213155718907033e-01	   5.6856449504799011e-01	   4.6081239237765731e-01	   5.2455712003058053e-01	   5.2308631370629755e-01	   4.4458413422095200e-01	   5.3508241311646143e-01	   4.6615479562972634e-01	   4.1629616017526477e-01	   5.7781944790584849e-01	   6.2853164534646933e-01	   6.7015794980034615e-01	   8.6026445909080218e-01	   8.7432108534107977e-01	   7.4510899875190550e-01	   6.4439291767843088e-01	   7.4070083523827279e-01	   7.4398119060532886e-01	   7.2539240412462613e-01	   7.3123863788129539e-01	   6.2553845838200506e-01	   5.9512617819581359e-01	   7.0649655180989523e-01	   5.9232561962590946e-01	   4.9227278100956884e-01	   2.7160907862862049e-01	   5.0826509783393115e-01	   4.5527214658514481e-01	   5.5710714706204501e-01	   6.2160433365558065e-01	   5.0071071875912243e-01	   5.7328427817248939e-01	   7.3510792905490674e-01	   7.3902321721462638e-01	   6.5141663466979882e-01	   7.9077899214446501e-01	   7.0527452206263552e-01	   8.0790809223761650e-01	   6.0440468347667742e-01	   6.6924848224312383e-01	   7.8780384393124825e-01	   7.2567426948899338e-01	   3.6111606664455453e-01	   5.9913147091822461e-01	   6.4653208673925855e-01	   7.2536314904949717e-01	   2.4869619595313142e-01	   3.0238647670633806e-01	   2.3733365147620586e-01	   2.1953526956316194e-01	   3.9803843025161634e-01	   4.3761410364389908e-01	   5.0747630942812916e-01	   5.3862312303299287e-01	   3.6252672383780105e-01	   3.9672829378792146e-01	   5.1303137770829421e-01	   3.5737698813137764e-01	   4.9146642770302595e-01	   3.0871165468490691e-01	   3.9872896295664434e-01	   2.2153354726785512e-01	   2.6256968912977890e-01	  -1.4173076434483118e-02	  -1.3286421034031872e-02	   4.0865100325974646e-01	   4.3039558485929835e-01	   2.0851188800078929e-01	   2.4666482723666130e-01	   2.7000713364742657e-01	   3.1882891217432036e-01	   1.5262833582130592e-01	
   7.0319060286472213e-01	   5.1975281877286683e-01	   0.0000000000000000e+00	   9.0269271217677771e-01	   5.1658602323935576e-01	   5.1251978101996398e-01	   9.5646790303508789e-01	   8.6843262022865031e-01	   5.2512776253866811e-01	   4.8345957547628404e-01	   7.6553234979987239e-01	   7.7868259672887619e-01	   8.2787876040150643e-01	   8.2611270791532365e-01	   5.6367001093060287e-01	   5.6126087840685357e-01	   6.6424483354973496e-01	   6.0810119670871488e-01	   7.8807972936887083e-01	   7.1043850357759752e-01	   4.7061955377911274e-01	   5.6361687119033721e-01	   9.1346049601656631e-01	   9.2153043764458908e-01	   7.3232293216734767e-01	   6.8576134718528137e-01	   3.8114911591707867e-01	   3.9456115771206607e-01	   6.8249065478732573e-01	   7.1352367135052541e-01	   8.6028472006447543e-01	   8.3710836738121475e-01	   6.6160879559753016e-01	   7.1024599045003600e-01	   1.7905565096954759e-01	   1.1436532826586665e-01	   2.2179253634936275e-01	   8.8564658204400085e-02	   2.3927458017929415e-01	   1.9067567520035744e-01	   3.3898772972667157e-01	   4.2573315468550021e-01	   7.7443727416270469e-01	   6.6568079280625725e-01	   6.8756545474632857e-01	   6.3390825976950049e-01	   7.6651341732071376e-01	   6.6063571097597917e-01	   7.1441521288032384e-01	   6.4642711557316646e-01	   7.3829649723434176e-01	   6.9056109236036611e-01	   8.1009846891195614e-01	   7.5761437564401646e-01	   5.0659523135163287e-01	   4.8429984707967721e-01	   4.3552634287930198e-01	   3.3287383183754249e-01	   4.3580296065244717e-01	   3.4779787017658609e-01	   3.4072584986432775e-01	   3.7076171614420583e-01	   4.7782922575824538e-01	   3.9669692411810442e-01	   2.7845512055364208e-01	   5.0488752929999003e-01	   4.3326687111153184e-01	   3.2084008300004835e-01	   2.8349834009016062e-01	   8.5197235700759363e-02	   6.6088987739342575e-01	   5.7475719546193083e-01	   6.3365406774787691e-01	   7.2257863624688279e-01	   6.7647692240192658e-01	   5.8740596257826228e-01	   4.2640191627460244e-01	   3.5965940296877441e-01	   5.5385972707721731e-01	   5.6954834874710536e-01	   5.1272357067139207e-01	   4.7270887324647226e-01	   3.1279887578594823e-01	   3.2572051033066446e-01	   4.6211193958159441e-01	   5.1750442091667770e-01	   1.8442762549223041e-01	   2.5526692721248184e-01	   2.5859169144528438e-01	   4.9314112805770782e-01	   3.0049944299758174e-01	   4.4081871384620597e-01	   4.4779291592426163e-01	   3.6091877378158432e-01	   5.9016900894136262e-02	   6.5753536410880525e-02	   3.1685145729044489e-01	   3.7050531020281063e-01	   3.9395362206565454e-01	   4.2062400908144160e-01	   2.3097368106147409e-01	   2.6879987644469361e-01	   2.8971963929648992e-01	   1.9901994789277980e-01	   1.1700311133072927e-01	   1.6978853582324108e-01	  -1.7602425842026032e-01	  -2.0847353355677445e-01	  -7.5265232284220482e-02	   3.6741341387098803e-01	   4.8464794440566361e-01	   4.7139280275580686e-01	   4.2403760686055525e-01	   4.3851170643881143e-01	   2.0834183552241242e-01	   2.1904484022678039e-01	
   6.6030927277335916e-01	   4.9168832864721290e-01	   9.0269271217677771e-01	   0.0000000000000000e+00	   4.6445864121863550e-01	   5.2270880421707866e-01	   8.9602354409461782e-01	   9.3260287911483630e-01	   4.0288136293475901e-01	   6.5813680694974186e-01	   6.9988851819122244e-01	   7.8125644183434573e-01	   8.0162732035768358e-01	   8.7217144719287165e-01	   5.6328431843838633e-01	   7.0208478255721252e-01	   6.5568681941484819e-01	   6.1167115063329280e-01	   7.7866090548617306e-01	   7.0405791779774773e-01	   4.1454833038287320e-01	   6.5557186908232368e-01	   9.0747274035495840e-01	   9.4418582340062174e-01	   7.4562849463045566e-01	   7.6120156518610393e-01	   4.2075408191869773e-01	   4.6040641118868142e-01	   6.8672918942811689e-01	   7.4172307097513390e-01	   8.7420502435048297e-01	   8.9788577595941221e-01	   6.1549397858106480e-01	   6.6565509214618668e-01	   1.1292100382099936e-01	   5.8992812704670841e-02	   2.4596657631512889e-01	   7.8058826678692461e-02	   2.0932583912939234e-01	   2.0709968308307597e-01	   3.2284157491719501e-01	   3.7140178791816242e-01	   6.5779844528042020e-01	   4.9646548875744800e-01	   5.5167970688258483e-01	   4.9468552241264441e-01	   6.2743595839385424e-01	   5.6998570769091583e-01	   5.4004561349334868e-01	   4.8054802555487386e-01	   5.6157797891907268e-01	   5.0506493565616195e-01	   7.2116136824404276e-01	   6.8910700426916138e-01	   4.7397583003487537e-01	   4.3411987397612017e-01	   4.1551994135839165e-01	   3.0432571589441371e-01	   3.6364657905247533e-01	   2.7942700822477184e-01	   3.0766834146169808e-01	   3.2885284626373129e-01	   4.3380492327672526e-01	   3.0854058969563131e-01	   2.3795650581914890e-01	   4.4026518243060464e-01	   3.6094747835031826e-01	   2.2821103714649435e-01	   3.1688014323396357e-01	   5.8837877888211425e-02	   6.3366749675695577e-01	   6.1674899449105691e-01	   6.2280706661070839e-01	   7.3706406329892737e-01	   7.1078573045277538e-01	   6.1849028371100190e-01	   4.2395391714629466e-01	   3.4202232965190138e-01	   5.7576540098014783e-01	   5.8201506540174375e-01	   4.9911840556992670e-01	   4.4239644212318885e-01	   3.0039806855291123e-01	   3.4499351548037210e-01	   4.1214930558656654e-01	   4.7100682838765251e-01	   2.4281353046015025e-01	   3.0894083406474337e-01	   2.5219317379599371e-01	   4.1524778729940565e-01	   3.4236829181054357e-01	   4.7621623608545793e-01	   5.7558232494307826e-01	   4.9133167110243359e-01	   2.8551749677630654e-02	   9.1002242220789814e-02	   2.8777574672603623e-01	   3.6452782871011580e-01	   4.1976631542610932e-01	   4.4772736956756720e-01	   3.2368110733293026e-01	   4.0718775306910648e-01	   4.0181597796249102e-01	   2.9021240344859683e-01	   2.6911584622497708e-01	   2.7553514778633714e-01	  -1.6506356004555114e-01	  -1.9283595925647662e-01	  -2.1686324397923235e-01	   2.2558028229982632e-01	   4.2106062469837324e-01	   5.1025100685411151e-01	   5.2841898308362978e-01	   5.6927674583241805e-01	   3.7457503617652405e-01	   2.4527787923212868e-01	
   2.0064037926200418e-01	   1.5954875223963236e-01	   5.1658602323935576e-01	   4.6445864121863550e-01	   0.0000000000000000e+00	   7.7497032532544130e-01	   4.3488445808847942e-01	   3.8578100694779882e-01	   8.1225800360302536e-01	   6.0006799089731233e-01	   2.7345653776082951e-01	   3.4971834192633200e-01	   4.2654706984412077e-01	   4.4303396226585184e-01	   5.8581086945823735e-01	   5.0092988990519749e-01	   2.8817322188440941e-01	   3.6748850955059675e-01	   3.1579709007405049e-01	   2.7416828011582894e-01	   5.6769027611975620e-01	   5.8847391689237893e-01	   4.4249724183253203e-01	   4.5813250463136784e-01	   6.9298695233050667e-01	   6.7240296627862217e-01	   5.8092289967288580e-01	   6.2910174668125474e-01	   3.3237591887831308e-01	   4.0112740617715681e-01	   4.0773665319471886e-01	   3.7432253537545179e-01	   1.8292155113239408e-01	   1.9563919625838036e-01	   5.0139093600101603e-02	   4.7207045202724084e-02	   1.5654785043463584e-01	   1.0439199412044416e-01	   2.4620984286334560e-01	   1.6192724126266858e-01	   2.4863860970354926e-01	   2.6872883217627086e-01	   4.3338575116856770e-01	   4.3737150835298433e-01	   4.2862090832205108e-01	   4.1781691499639689e-01	   6.0507842313541094e-01	   5.5674510079485551e-01	   4.1476545087431005e-01	   4.4072626272070775e-01	   4.5795010186639129e-01	   4.6978859151709063e-01	   5.4791680851632518e-01	   4.5541078882087199e-01	   4.6161838662085830e-01	   4.3942661208788414e-01	   2.3698986164503552e-01	   2.3436219371946404e-01	   4.2688762065086128e-01	   3.7057129599067185e-01	   2.4146766827730590e-01	   2.8977017900179680e-01	   2.7784411322656377e-01	   3.0369297616742585e-01	   1.5477867291404601e-01	   3.4641708038225794e-01	   3.5717485138908811e-01	   2.5131371728327767e-01	   2.4961223467194993e-01	   4.4059429383168022e-02	   4.2811274137213834e-01	   4.1850242315846692e-01	   3.5098266759461860e-01	   3.7957430656401547e-01	   2.6402387816153045e-01	   2.7248967871056978e-01	   1.8642941846981384e-01	   1.6679956091936865e-01	   1.8559749260561270e-01	   3.2189045276726774e-01	   2.2491683044104269e-01	   2.6608177524102622e-01	   1.9645202634915729e-01	   1.3845061959303256e-01	   2.5835976029171259e-01	   3.4756100848133453e-01	   2.4729912682203259e-01	   1.5258210210943238e-01	   3.7105408417919694e-01	   4.0850918963403327e-01	   5.0532181474878235e-01	   6.3324638841675607e-01	   5.8018817004005085e-01	   5.4562128314739633e-01	   1.7838907536663706e-01	   2.1721745885875932e-01	   3.3614447944853471e-01	   3.6587772434325522e-01	   5.6087880879223950e-01	   5.9935001362806184e-01	   3.3416370796832107e-01	   3.7642861042215570e-01	   3.2588173871215786e-01	   4.9247677773079407e-01	   3.1972761898674074e-01	   3.8113285704162486e-01	  -2.2994444541214004e-01	  -1.4375482458866642e-01	   6.2300828009199588e-02	   2.6077353216120730e-01	   4.5470722459666385e-01	   5.4523549496960855e-01	   5.7339598312558582e-01	   6.0995025536553782e-01	   4.2912486973074382e-01	   3.5404245343455587e-01	
   2.4649107825339400e-01	   1.5618035855678036e-01	   5.1251978101996398e-01	   5.2270880421707866e-01	   7.7497032532544130e-01	   0.0000000000000000e+00	   4.6765583811495642e-01	   4.9674048009352234e-01	   6.8744937286573327e-01	   5.1340667867498924e-01	   2.2437008009100123e-01	   4.3198956195509491e-01	   3.8454856824091943e-01	   4.6920387942707809e-01	   4.5360451337289864e-01	   4.7950100491557107e-01	   2.5843938601892269e-01	   3.7051960374875742e-01	   3.3297961937769893e-01	   2.5366148292758772e-01	   5.7375798603049444e-01	   5.0804596642278965e-01	   4.6048329394606319e-01	   5.2307869671530094e-01	   6.6655868153151954e-01	   7.1713160740507731e-01	   6.9920814964090860e-01	   7.2221369453934980e-01	   2.5953196505253673e-01	   3.8056440043399437e-01	   4.4251220361110116e-01	   4.3309607749379786e-01	   1.5278284571985729e-01	   1.8191791938536375e-01	   3.2871922061760803e-02	   3.3890088155513649e-02	   1.3317746375384221e-01	   5.1673984061361908e-02	   1.6301871332213941e-01	   6.6418249864033121e-02	   2.5365301274659408e-01	   1.7418137146163548e-01	   4.2012149976715479e-01	   3.8605131550292315e-01	   3.0903009762037525e-01	   3.0696861647135604e-01	   5.3657596262322327e-01	   4.5953372159540790e-01	   3.0138416211853425e-01	   3.3201777787562348e-01	   3.7833141240349955e-01	   3.6127658040182919e-01	   5.0831544246898197e-01	   2.8412282761198299e-01	   3.4288255056543138e-01	   2.6000322151192345e-01	   2.5023071775675271e-01	   1.7873938746241178e-01	   3.1865936865640182e-01	   3.2096609787589520e-01	   2.1839418124774329e-01	   2.5220308300554617e-01	   2.5530691279713713e-01	   2.1049220852315559e-01	   1.3159645951414442e-01	   3.1682490949969444e-01	   2.6334193272330542e-01	   2.0743364688383897e-01	   1.1705567445514822e-01	  -1.1481356981399682e-01	   3.3682213054389754e-01	   3.4316691318162029e-01	   2.2094982262162061e-01	   2.8776859215198153e-01	   1.7462654837156089e-01	   2.6746250942702737e-01	   1.4111722025763954e-01	   1.2036146514870080e-01	   1.6963615159873205e-01	   2.7600975219398177e-01	   2.3510494330278148e-01	   2.0912831589789627e-01	   1.6532437597906546e-01	   1.8318916650117414e-01	   2.2990343788258555e-01	   2.4547340867453571e-01	   2.1379100211497426e-01	   1.8860267754504662e-01	   1.9197509008223984e-01	   2.4512083771720755e-01	   5.4839572834732619e-01	   4.8930466825717223e-01	   5.7261833889678404e-01	   4.2481025161921376e-01	   1.2966206525590365e-01	   1.3986363528774789e-01	   2.4010409772885805e-01	   2.3079783010986671e-01	   5.2071196048362711e-01	   4.5104374075290532e-01	   2.3499849977894802e-01	   2.4648537753263816e-01	   1.9275951650784023e-01	   3.3806406117664550e-01	   2.0395683410002782e-01	   2.4550080019991610e-01	  -1.6600729166897149e-01	   9.7456942632372281e-03	  -2.6448409289520962e-02	   2.2526123387848626e-01	   4.0826355072529935e-01	   4.0054436309317065e-01	   5.2524842117783987e-01	   4.6813981149894851e-01	   4.0715844215502706e-01	   2.8835645668807930e-01	
   7.0805977013709298e-01	   5.0348003553976217e-01	   9.5646790303508789e-01	   8.9602354409461782e-01	   4.3488445808847942e-01	   4.6765583811495642e-01	   0.0000000000000000e+00	   8.8963345191646859e-01	   4.7159965081239807e-01	   5.1543799844721760e-01	   7.9498869497542679e-01	   7.7121969615945862e-01	   8.8095306929160233e-01	   8.1039338111831416e-01	   5.5295954771148004e-01	   5.7352909889225367e-01	   7.2396801418308177e-01	   6.0255815921775946e-01	   7.8942279376780156e-01	   7.2870779434747335e-01	   4.0640961539323406e-01	   5.8079641879712873e-01	   8.8001826520589244e-01	   9.0216438827342471e-01	   6.1707757437766086e-01	   6.1289272364440173e-01	   2.9840563534037867e-01	   3.3853304089281155e-01	   7.4956398967956361e-01	   7.3311973468768832e-01	   8.3127309829455232e-01	   8.3449566892046589e-01	   6.9195350192149163e-01	   7.4848078099612925e-01	   1.4820140486236844e-01	   1.1083117888088423e-01	   2.4536518468443674e-01	   7.7434339890710385e-02	   2.5603999124565763e-01	   1.9868092942186938e-01	   3.8739914245524210e-01	   4.3624348797067003e-01	   8.0945197410588543e-01	   6.9016945737454072e-01	   7.1141070852921073e-01	   6.6916165235961933e-01	   7.4765274907985579e-01	   6.6299722867923971e-01	   7.2238826489755736e-01	   6.6479624331260312e-01	   7.4707319420868512e-01	   6.8399556700662301e-01	   7.7944298399989864e-01	   7.3298537314805934e-01	   4.9830163735379729e-01	   4.6470919961210516e-01	   4.4844971434590586e-01	   3.2821214651941533e-01	   4.4523778734509950e-01	   4.1184397953620083e-01	   3.9178431782656192e-01	   4.4592559334979914e-01	   5.5644452028437419e-01	   4.4536543811382523e-01	   2.6708251794439830e-01	   5.6156020704228915e-01	   4.6139426172541248e-01	   3.6409850450393588e-01	   2.9325510272366517e-01	   8.5873555720084538e-02	   7.0918465977278755e-01	   6.5677972012436880e-01	   6.9440481147412902e-01	   7.3701236304249118e-01	   7.2756578156876606e-01	   6.0716083176439006e-01	   4.6047379955617845e-01	   4.1021742509589126e-01	   6.1572309863398578e-01	   5.5507344656085866e-01	   5.7991784290674064e-01	   4.8069969248593014e-01	   3.6902189219434156e-01	   3.8288952195442177e-01	   4.4289607006708731e-01	   4.9116622980368785e-01	   2.0201643657355484e-01	   2.5997801472075505e-01	   2.7096831239363811e-01	   4.3451809659947915e-01	   3.4002413590737901e-01	   4.1276278867845195e-01	   4.4404647907259864e-01	   3.4588367551353272e-01	   5.0051069446238966e-02	   9.0729327235401919e-02	   3.2009927316641051e-01	   3.4701670380213800e-01	   4.2305244149822535e-01	   4.3035408738870873e-01	   2.5620976719818961e-01	   2.6942443596212723e-01	   3.4506331600328466e-01	   1.7874365864702685e-01	   1.5665539140619855e-01	   1.5922745127464222e-01	  -8.1746169262563673e-02	  -1.3188824112299083e-01	  -1.1073154181711078e-01	   3.4767930456661111e-01	   4.8232494265906711e-01	   4.5661767031815503e-01	   4.3413138451542377e-01	   4.0015769802688467e-01	   1.6551420207844733e-01	   1.8043604582270673e-01	
   6.9433335842766186e-01	   5.7249464265818872e-01	   8.6843262022865031e-01	   9.3260287911483630e-01	   3.8578100694779882e-01	   4.9674048009352234e-01	   8.8963345191646859e-01	   0.0000000000000000e+00	   3.9756015525628491e-01	   6.0458815846155523e-01	   6.3100063678422513e-01	   8.5857043321639825e-01	   7.9565960382921408e-01	   8.6926170164438687e-01	   5.9608854535490685e-01	   6.6308376792890089e-01	   6.1540805279383481e-01	   6.4975202348845351e-01	   7.1474430788371124e-01	   6.7393528790127299e-01	   4.2948829361300866e-01	   6.1295669890605420e-01	   8.5808341258574927e-01	   8.9489113026402678e-01	   6.2782075367912904e-01	   6.4436662706425751e-01	   3.6318844469157940e-01	   3.8198967414975316e-01	   6.4452531022709314e-01	   7.1395429702995084e-01	   8.2722593045886161e-01	   8.6323536798019318e-01	   6.3115504642270326e-01	   6.9362971813918084e-01	   1.5709818243058918e-01	   1.3954989877670315e-01	   2.4564717069078656e-01	   1.1746040281842277e-01	   1.9055594189313280e-01	   2.1326909882354178e-01	   3.3462088887987312e-01	   3.8985045524345707e-01	   6.6792991230585641e-01	   5.1316607469010511e-01	   5.7988620441034544e-01	   5.2570808113043332e-01	   6.0902890797380604e-01	   5.6600632310807153e-01	   5.6703240997435955e-01	   4.9769823797658957e-01	   5.8315392393590293e-01	   4.9569841847330953e-01	   6.6866010500845885e-01	   6.7871729678348580e-01	   4.5494017381295926e-01	   4.3269990543889281e-01	   5.1009146616265033e-01	   4.1478485718619279e-01	   4.5606214442588122e-01	   3.7732803755041971e-01	   4.5207684769343803e-01	   4.3931907940858422e-01	   4.8727263089315187e-01	   4.1154819277881938e-01	   3.3941183587258683e-01	   5.1734803071282898e-01	   4.1350767197431859e-01	   3.1630051263218961e-01	   2.6445810156498867e-01	   8.7562672726034796e-02	   6.4578002086227193e-01	   6.5448367258400397e-01	   5.7866981271989137e-01	   6.7530339203879630e-01	   6.3423832875583808e-01	   5.6669604092110992e-01	   4.0952327821492840e-01	   3.7413026943815175e-01	   5.7378263773387195e-01	   6.0533107721273183e-01	   4.8784078482181664e-01	   4.8695565695595461e-01	   3.6413538427274089e-01	   4.0028484111158225e-01	   4.4046762718083043e-01	   4.9632955035885973e-01	   1.9800366580808892e-01	   3.4747607149087995e-01	   3.1713020522387325e-01	   4.5799198394918678e-01	   3.6012195521485013e-01	   4.5885397142665740e-01	   5.6119062290816490e-01	   4.2717973370619311e-01	   2.4377762898894581e-02	   9.9560881276323163e-02	   2.3702954377037705e-01	   3.2171519896773904e-01	   4.2866653202304339e-01	   4.3953188833029111e-01	   3.6081344624874762e-01	   3.6698020261282849e-01	   3.7307115491756704e-01	   2.6395584676146694e-01	   2.4981906941883564e-01	   1.7577233634158590e-01	  -5.0985653359049782e-02	  -1.5193475567268794e-01	  -2.5359912583271282e-01	   1.6601154512067823e-01	   3.7212922941816862e-01	   4.4923635637142889e-01	   4.8070490494116180e-01	   4.6148504832795201e-01	   3.0261318239232954e-01	   1.3441971195623495e-01	
   2.7146061628366686e-01	   1.6670379629930626e-01	   5.2512776253866811e-01	   4.0288136293475901e-01	   8.1225800360302536e-01	   6.8744937286573327e-01	   4.7159965081239807e-01	   3.9756015525628491e-01	   0.0000000000000000e+00	   3.6719089212124745e-01	   2.9374341542683574e-01	   3.6970516737728792e-01	   4.7554301228808649e-01	   4.4391861215487549e-01	   5.6963051683646559e-01	   3.1561676717426906e-01	   2.4239432914084433e-01	   3.4869854769038089e-01	   2.8430728583698228e-01	   2.2241658446006340e-01	   5.6907454844283056e-01	   3.4882930379465804e-01	   3.8079522938720634e-01	   4.3669521782819043e-01	   6.2835845377924882e-01	   6.1079528161091590e-01	   3.4388395979119024e-01	   4.1301385974027371e-01	   2.8065317019166502e-01	   3.4120530946148475e-01	   4.0464464114473420e-01	   3.7215317814013682e-01	   1.8427775489242823e-01	   2.0162049557153949e-01	  -5.7329735452350025e-02	  -8.0083796728225382e-02	   9.8292111910043528e-02	   6.5115346777207914e-02	   2.7915845974619102e-01	   8.4132503152547902e-02	   3.0315105029873091e-01	   2.7330019916620030e-01	   3.9225500444624151e-01	   3.8813776130543021e-01	   3.6495920211445354e-01	   3.2129764328461941e-01	   5.6493069742660240e-01	   4.3498671388298854e-01	   3.9046109686477048e-01	   3.4047249771212640e-01	   4.4439451667760344e-01	   3.8770977636245418e-01	   5.2626703620049997e-01	   3.7834631476730618e-01	   3.4623798978488696e-01	   3.7704098339349618e-01	   2.6669822782155761e-01	   1.9788139268919080e-01	   4.5347351477662379e-01	   2.9474698059347132e-01	   3.0029963795558345e-01	   2.3242454326948622e-01	   2.5629594287513124e-01	   2.2604050469692877e-01	   1.4730012697875944e-01	   2.8170821321563017e-01	   2.6354623564054425e-01	   1.3772538768245401e-01	   1.0956910618492244e-01	  -7.3165587586221020e-02	   3.7293208623141377e-01	   3.3433977828551414e-01	   2.9449572265528151e-01	   3.5291066683915623e-01	   2.7418947856276332e-01	   3.2632254841662378e-01	   1.1324317575645310e-01	   1.2559701580124910e-01	   1.3572572223899532e-01	   2.9115219298192857e-01	   2.0515147198086875e-01	   2.4230473725360324e-01	   1.4436940203760812e-01	   1.4318440305052421e-01	   2.2532133058303272e-01	   3.1136453864475500e-01	   9.1950617236601029e-02	   9.2599182193540200e-02	   2.9242898582288024e-01	   4.7381923011985194e-01	   3.0689389503133641e-01	   5.2140225259261885e-01	   4.1731680005596739e-01	   3.6573833164307346e-01	   6.0901594080867191e-02	   9.0412344238644429e-02	   1.7135783704332347e-01	   2.5158561285758918e-01	   3.7311097761996370e-01	   4.3937694049642317e-01	   1.8746537708789204e-01	   1.8552517398343796e-01	   2.0425622126599716e-01	   3.1792661884941253e-01	   9.0473936444211173e-02	   1.3985986831586325e-01	  -9.2342606243364919e-02	  -1.9484920099368297e-01	   1.4769909842015985e-01	   3.3707321924763634e-01	   2.8681257372916868e-01	   3.6471276190244706e-01	   3.9662504712411961e-01	   3.8688949726489108e-01	   2.2264656523951890e-01	   1.8835057476228872e-01	
   4.6435279973584243e-01	   3.6628515841090531e-01	   4.8345957547628404e-01	   6.5813680694974186e-01	   6.0006799089731233e-01	   5.1340667867498924e-01	   5.1543799844721760e-01	   6.0458815846155523e-01	   3.6719089212124745e-01	   0.0000000000000000e+00	   4.3316606614449277e-01	   4.9294899877162623e-01	   5.5657045286115014e-01	   6.0265434074989255e-01	   7.1847762379965685e-01	   9.0620778371773325e-01	   4.8838972771296740e-01	   4.5611678584378873e-01	   5.2892988374318095e-01	   5.1650486402016926e-01	   3.2334474704768390e-01	   6.8568913153376754e-01	   4.9271198936812177e-01	   5.2570023653398557e-01	   5.3357351679554232e-01	   5.7733189120974204e-01	   5.3547699918981639e-01	   5.9137200306338655e-01	   5.0463872181123703e-01	   5.6474086443864369e-01	   4.7177492103434521e-01	   4.9299802284728078e-01	   3.8664099130480667e-01	   4.0535773743076492e-01	   1.8490546664833901e-01	   2.0190679994169403e-01	   2.0034680051907772e-01	   1.8897790748756232e-01	   1.1005088611607790e-01	   1.7069446182531647e-01	   1.8682201165240947e-01	   3.0402888285199675e-01	   4.5382250964874249e-01	   4.0093578986095912e-01	   4.9085702032009693e-01	   4.7358553544297610e-01	   5.1565784786539604e-01	   5.8589543813986145e-01	   3.8541866370914707e-01	   4.1645336824262075e-01	   3.8650817687714367e-01	   3.8654882772998433e-01	   5.1528763501172947e-01	   5.8645853748477017e-01	   5.2139997635928093e-01	   4.2858320604337385e-01	   4.5905091654858221e-01	   3.8777394158832346e-01	   4.7771285450748580e-01	   4.5990092615491479e-01	   4.2247910023473684e-01	   4.5177327268460005e-01	   4.1199942512902210e-01	   3.9029305834377537e-01	   3.3865968136408703e-01	   4.7201471359528746e-01	   4.7259386344519572e-01	   3.5881703360500028e-01	   4.6528459507487407e-01	   2.3677452686318368e-01	   5.3953558856007855e-01	   6.3362881769301416e-01	   5.1541748620834338e-01	   4.9941852227477035e-01	   4.5739622917860429e-01	   3.7834655896082386e-01	   4.1322967442479352e-01	   3.5950684431287644e-01	   4.6941483537442308e-01	   4.8267172030223254e-01	   4.9403747752763627e-01	   4.7809948965749693e-01	   3.9322072702017918e-01	   4.8765798451773296e-01	   4.2300065292199451e-01	   4.8248049756283173e-01	   3.6409261587975783e-01	   4.7184863994235016e-01	   4.5297260422709790e-01	   3.3753775730828167e-01	   6.4102580430373823e-01	   5.9484611795050557e-01	   7.1080340175817314e-01	   6.5813917702184876e-01	   2.9989341190040852e-01	   3.6011683091274571e-01	   4.3873945601285891e-01	   4.3855671461312129e-01	   6.4609838435782085e-01	   6.5892136091587339e-01	   6.2778060150102422e-01	   6.0371282365345957e-01	   6.7280714512735695e-01	   5.2968398631708369e-01	   6.0645585987992301e-01	   5.5991259819862904e-01	   6.5004039390177709e-02	   9.5257334278962963e-02	  -8.8560112462017893e-02	   2.2524314405858009e-01	   4.3677165617928448e-01	   5.3251844189939235e-01	   6.6909631370563827e-01	   6.5087544590294033e-01	   5.8073475144664710e-01	   3.2586656211913656e-01	
   7.0276321567664390e-01	   5.1213247302141540e-01	   7.6553234979987239e-01	   6.9988851819122244e-01	   2.7345653776082951e-01	   2.2437008009100123e-01	   7.9498869497542679e-01	   6.3100063678422513e-01	   2.9374341542683574e-01	   4.3316606614449277e-01	   0.0000000000000000e+00	   6.9182737897986835e-01	   8.7181923795695004e-01	   7.7657724994139443e-01	   5.3909578521412871e-01	   5.8236951749678023e-01	   8.2484332918883396e-01	   5.8276077440198992e-01	   7.4072611447679126e-01	   7.3254109061281714e-01	   1.6576053501148702e-01	   4.0801386749947616e-01	   7.2232535927937658e-01	   7.0253181221777716e-01	   5.0025068726715372e-01	   4.0869967772670157e-01	   1.6485392987241895e-01	   1.7024916630339265e-01	   7.9790433699609620e-01	   8.0515556650260112e-01	   6.9894318626624841e-01	   6.6400362250214506e-01	   7.1352909428560274e-01	   7.5648221001735982e-01	   3.0326485903888906e-01	   2.2668327262485133e-01	   1.7136882410307688e-01	   2.3833346238595454e-01	   1.3654368992496274e-01	   2.3916270687777619e-01	   2.1538728472624563e-01	   5.2852135984589121e-01	   7.1429224998315366e-01	   6.9839463979451588e-01	   7.2158949629079328e-01	   6.9821190760180052e-01	   6.6170395350336864e-01	   6.1514261914135382e-01	   6.8979564140837146e-01	   6.5055624127373701e-01	   6.4422240860858393e-01	   6.9043701716683770e-01	   6.1775735146814825e-01	   6.8733971115198134e-01	   4.8119081968241073e-01	   4.5742706784503817e-01	   4.5867088679794937e-01	   3.7954063709614239e-01	   4.2742210001643799e-01	   3.8403668504294197e-01	   3.6540401727531979e-01	   4.8266918982116336e-01	   5.6636702913952353e-01	   5.2304804000311944e-01	   3.2288262754449454e-01	   5.7701326928676455e-01	   4.9433145055608940e-01	   3.5089409528249271e-01	   3.7557497486782110e-01	   1.4855637983829481e-01	   7.3581440463611836e-01	   6.7130692596235852e-01	   8.2311825468055821e-01	   8.5545534567445591e-01	   8.3094090650004504e-01	   7.5778825617327894e-01	   5.9105615305273584e-01	   5.2627187488727789e-01	   6.8240136081115110e-01	   6.0952357633110643e-01	   7.0180363968408066e-01	   6.3812190427631899e-01	   4.4418560160530773e-01	   5.6153886014695875e-01	   5.0299044204182930e-01	   6.2154227170811771e-01	   1.9616889158689871e-01	   4.3879094900601878e-01	   1.7816591133218335e-01	   3.9534514507443336e-01	   1.3800952415497580e-01	   2.1704922986168829e-01	   1.7162321246920298e-01	   1.3382319136325493e-01	   1.8806219683963604e-01	   2.2226649823155645e-01	   3.9896952275102471e-01	   4.0412250311771869e-01	   2.5948902122628859e-01	   3.2575485293513295e-01	   1.5924132582274980e-01	   1.1811178927377447e-01	   2.9298204432653235e-01	   3.5415119073378118e-02	   7.9545741301761522e-02	   1.1222235319057880e-01	  -5.0814108977660921e-02	  -4.8725577267409406e-02	   1.0832746602996395e-01	   4.6797875638881592e-01	   4.3644771385983661e-01	   3.1224660155002654e-01	   1.8871861586142147e-01	   2.3372165107397214e-01	   1.0637526339457168e-01	   2.5313044325205775e-01	
   7.8507066984662366e-01	   7.1883252126505304e-01	   7.7868259672887619e-01	   7.8125644183434573e-01	   3.4971834192633200e-01	   4.3198956195509491e-01	   7.7121969615945862e-01	   8.5857043321639825e-01	   3.6970516737728792e-01	   4.9294899877162623e-01	   6.9182737897986835e-01	   0.0000000000000000e+00	   7.6128693853688223e-01	   8.9775671848220462e-01	   6.0347152471589349e-01	   6.6061129037522859e-01	   7.5924852655656561e-01	   8.4175922448410523e-01	   7.6331924256409689e-01	   7.5579574639206948e-01	   4.6998476081069435e-01	   5.7817700392608073e-01	   7.2356476708579298e-01	   7.4908627559253582e-01	   5.2200693108686602e-01	   5.1902169809054599e-01	   3.4011314285785021e-01	   3.3183855560758257e-01	   7.1591836727840907e-01	   8.5713964729386583e-01	   7.6057469004926403e-01	   7.5085212446313343e-01	   7.5677836634104323e-01	   7.7049197455969920e-01	   2.8974756105372063e-01	   2.6764735493673442e-01	   3.2460132759698357e-01	   3.4539339300147603e-01	   2.5618274399270174e-01	   3.5915755911642200e-01	   3.0691681703699858e-01	   5.4063683810376484e-01	   6.4436638968853122e-01	   5.3013261158462976e-01	   6.5212540204678293e-01	   5.7316232783117127e-01	   6.1535943405554749e-01	   5.4897041953661097e-01	   6.3624165479142858e-01	   5.1912880245472171e-01	   6.2241725200519626e-01	   5.0804152467872488e-01	   6.3166767994002493e-01	   5.9615996329323862e-01	   5.5279389890973052e-01	   5.2157765711317527e-01	   6.4520360901252205e-01	   5.5928925812321273e-01	   5.8486693774759535e-01	   4.7917174208950708e-01	   5.7706127203465907e-01	   5.4977680832784193e-01	   6.5858959434920383e-01	   5.9410910443289611e-01	   4.5340422359739818e-01	   5.5223527472572354e-01	   5.3885228086812997e-01	   3.7608364652870663e-01	   3.6533781785466390e-01	   1.3338463291248456e-01	   7.6053557351027068e-01	   7.2772802522463031e-01	   7.1443825610422251e-01	   8.2027464462624988e-01	   7.1522157817258103e-01	   6.9932184650679430e-01	   6.0319971422076668e-01	   5.7435844686338589e-01	   7.4158460286443906e-01	   8.1319083206777676e-01	   6.8559193133151974e-01	   7.3275329222962193e-01	   4.7987013041704896e-01	   5.4837964387680693e-01	   6.6716070441642739e-01	   6.8879569281334740e-01	   2.7004556756124859e-01	   4.9286372099455461e-01	   4.2155149354188221e-01	   5.3618906989652726e-01	   2.1603357838554743e-01	   2.5764612303385992e-01	   3.0946040886673737e-01	   2.1293162998211790e-01	   2.1338898839842241e-01	   2.3611914775352855e-01	   3.5460507468458191e-01	   4.5568834040829931e-01	   3.6103344849529290e-01	   4.0159556047354550e-01	   2.9186666718033227e-01	   2.3886774308569245e-01	   2.9551679174626061e-01	   1.9975272662353644e-01	   1.8487020504378410e-01	   1.2419731490235850e-01	  -6.8253125253465843e-02	  -1.1949382756548402e-01	   2.7456699578037860e-03	   3.4253805615435612e-01	   3.8394706950609236e-01	   3.1823958884908005e-01	   2.9296862950980102e-01	   3.0750850776199867e-01	   2.4818308750257362e-01	   1.4754397754360149e-01	
   6.2739094095052828e-01	   4.5291424022317012e-01	   8.2787876040150643e-01	   8.0162732035768358e-01	   4.2654706984412077e-01	   3.8454856824091943e-01	   8.8095306929160233e-01	   7.9565960382921408e-01	   4.7554301228808649e-01	   5.5657045286115014e-01	   8.7181923795695004e-01	   7.6128693853688223e-01	   0.0000000000000000e+00	   8.7432281412340318e-01	   7.0104409598539497e-01	   6.5627591923153639e-01	   7.7863309210350795e-01	   6.2589385183983315e-01	   7.1233727584962026e-01	   6.9783866929485494e-01	   3.3552267239272060e-01	   5.2785744637006971e-01	   8.1714124251201581e-01	   8.3060522787373869e-01	   5.8472458167037955e-01	   5.6058315229548983e-01	   2.8453537409141505e-01	   2.7878944864235683e-01	   8.3306949705368760e-01	   8.1158131320084959e-01	   7.9760963861144984e-01	   8.0404119487762737e-01	   6.3467783789023247e-01	   6.8525970278063064e-01	   1.3950616117286727e-01	   1.0066078419941116e-01	   1.4287450703784335e-01	   1.2845602236580306e-01	   1.0309031675455153e-01	   1.4074333177283987e-01	   2.7304559352655755e-01	   4.6234421403060200e-01	   7.3069121765867018e-01	   6.8246710431220547e-01	   6.8171336427131235e-01	   6.5340020701754586e-01	   7.0993057954250227e-01	   6.5867286446919637e-01	   6.7898188350087829e-01	   6.3042871674615475e-01	   6.8060148742824533e-01	   6.4961387142154359e-01	   7.0778616715812304e-01	   7.0903697523589937e-01	   4.4786571842820505e-01	   4.2478947146992058e-01	   4.2885892931512698e-01	   3.5281922882239736e-01	   4.6449880817230216e-01	   4.0228852367384704e-01	   3.8185833405462577e-01	   4.4005958816278268e-01	   5.3449132680683753e-01	   4.8069029717268758e-01	   2.8092906225206277e-01	   5.4172159102048567e-01	   4.4632662511716481e-01	   3.0264323769938511e-01	   3.5680540929999566e-01	   1.4459224864491760e-01	   7.8209731218669121e-01	   7.5160982103440988e-01	   7.9258549944748791e-01	   8.3028661000132653e-01	   8.0339254084476108e-01	   6.6964172782652875e-01	   4.6733306255190871e-01	   4.2769971225241221e-01	   6.5693910163865388e-01	   5.9002308909206636e-01	   6.7528349953252698e-01	   5.8283520447244430e-01	   4.9882985932708601e-01	   5.3178444353906174e-01	   4.8054133498070090e-01	   5.4910838033181286e-01	   2.3771560534263320e-01	   3.8150600224770548e-01	   2.4242372512592775e-01	   3.9507832641353724e-01	   2.9276315924452967e-01	   4.0458222955147405e-01	   3.8634995127033278e-01	   3.3543565321753821e-01	   1.2815135688087159e-01	   1.8533890532594793e-01	   3.5783173036476840e-01	   3.8698496608767952e-01	   4.0206170157014948e-01	   4.6733964464156919e-01	   2.8349556480363680e-01	   2.3890339158839619e-01	   3.8916093822282150e-01	   2.0717629571621937e-01	   1.5816616921826693e-01	   1.5827018604800325e-01	  -2.9516377868202240e-03	  -5.1918846549323536e-02	   6.6542426906994620e-02	   3.7586762573722093e-01	   4.7191948417365859e-01	   4.4258595471326789e-01	   3.8875563863623053e-01	   3.7432976271205443e-01	   2.0032334782923211e-01	   2.4150204523298574e-01	
