   0.0000000000000000e+00	   8.3093617806563203e-01	   7.4111896920472387e-01	   7.5537098608159425e-01	   3.7921401405709043e-01	   3.6616254320109842e-01	   7.6516915111619399e-01	   7.4470132907217890e-01	   4.2178862723541843e-01	   1.3500418377502493e-01	   5.3939796425991315e-01	   7.0396400500141088e-01	   4.5927496255866634e-01	   5.3706675092827272e-01	   5.1232444890067708e-01	   3.5558036493842499e-01	   6.7975281051738901e-01	   5.9756809496698660e-01	   7.6144827122426295e-01	   7.6148119982706053e-01	   4.8777856339276277e-01	   3.3822233446994032e-01	   5.7785918772484313e-01	   6.2329157971139382e-01	   4.1566369052259466e-01	   4.4599300093087313e-01	   3.7613847624372648e-01	   3.8884092933844583e-01	   5.3511558710109530e-01	   6.9177502258359336e-01	   4.2449929798318120e-01	   4.1389037208924567e-01	   6.9261886041510634e-01	   6.8078320480497734e-01	   3.7976716241744712e-01	   4.2558991875908198e-02	   4.1296781577485664e-01	   4.6404429173762751e-01	   3.8147525468641774e-01	   2.8088111735096949e-01	   6.0563924704593131e-01	   6.0590946889599973e-01	   4.9147434356233294e-01	   5.6378767562144305e-01	   5.9918268126054841e-01	   6.1166466561986055e-01	   6.1066085970435369e-01	   7.2242003395031018e-01	   6.3332693749748936e-01	   6.5270436655624497e-01	   7.2096322764075893e-01	   6.4843663179527000e-01	   5.7198930538813897e-01	   6.3508528259672159e-01	   7.1793991589706163e-01	   5.9849208477263205e-01	   8.6436593316105126e-01	   6.8797513106367447e-01	   7.7430665316682823e-01	   7.6189846456521948e-01	   8.1568992396386508e-01	   7.7424280772415033e-01	   7.0672736626442190e-01	   6.1744114966148755e-01	   6.5176635227226787e-01	   6.9800496743646567e-01	   6.6990153927515206e-01	   7.1263968505979225e-01	   7.6546188211913990e-01	   7.3813984954482847e-01	   3.0207463835930842e-01	   4.4076973204296466e-01	   6.1176955411683620e-01	   6.7268669765665845e-01	   4.9573942166979185e-01	   5.1265411995960686e-01	   6.2671523680086805e-01	   5.1522791764534481e-01	   6.3905936498504734e-01	   5.9020116875242667e-01	   5.5810319451915846e-01	   6.6692566740768444e-01	   4.7453221692223696e-01	   4.2168465344201012e-01	   7.9069542018324834e-01	   7.2581585624791956e-01	   3.1500794981693220e-01	   3.6010005348436780e-01	   6.2843235904094730e-01	   5.8148634501989493e-01	   5.1013710649769428e-01	   2.2986619535117786e-01	   5.9904058825420303e-01	   4.2341634780894932e-01	   4.1411008647244230e-01	   9.2239539984143915e-02	   4.5987461537738084e-01	   4.1453530743451678e-01	   6.7369491108427926e-01	   6.3376315325399712e-01	   5.9921813771968080e-01	   3.0964967727442527e-01	   3.9833654564657478e-01	   4.5189324477942849e-01	  -3.3201704172400842e-01	  -1.5856788197566329e-01	   5.0783117619772646e-03	  -3.1836780274434739e-01	   2.6453836678809384e-01	   2.5948010744199318e-01	   4.3193782547753767e-01	   6.3703541771749583e-01	   6.1319315711530809e-01	   5.7737052287113855e-01	   1.0848661160786839e-01	  -2.5677289447434160e-01	
   8.3093617806563203e-01	   0.0000000000000000e+00	   6.7688234174068751e-01	   7.3304881033735181e-01	   2.2658955594960350e-01	   2.6753841740039891e-01	   6.0279501143761260e-01	   6.6390165052802108e-01	   2.5650193662946125e-01	   6.9488936656832617e-02	   5.9981736909182404e-01	   7.2711081736558525e-01	   4.5617359765723314e-01	   5.7174165918469277e-01	   4.0206195788059340e-01	   3.2468193302108950e-01	   7.5395332668667181e-01	   6.1991560924358369e-01	   7.2545553405082452e-01	   8.0244495063262522e-01	   4.5293574874715214e-01	   2.4544199996120822e-01	   4.7925344342464021e-01	   5.0784744028886286e-01	   2.3762958011024138e-01	   2.8597821002339363e-01	   1.8333921370119752e-01	   1.8483869628171684e-01	   6.0325089667278387e-01	   7.0543313091248228e-01	   4.4148606542092650e-01	   4.6807616386894302e-01	   6.5769744762564042e-01	   6.7051308129323384e-01	   3.2939254174378735e-01	   5.4136681446163458e-03	   3.7768167967380728e-01	   3.5886766729300140e-01	   2.8165018307609180e-01	   9.6077303222545596e-02	   5.0125929066971942e-01	   6.4066169435593856e-01	   5.0635252266846575e-01	   6.3339277160295993e-01	   5.6981269108795207e-01	   6.0897467694360108e-01	   5.8780721653774803e-01	   6.0426709776198551e-01	   6.0409418187587605e-01	   6.9304686096692714e-01	   7.5325509986571260e-01	   7.5645906154569353e-01	   5.8546677189408824e-01	   5.8217893906951956e-01	   7.0799531692834028e-01	   4.6611738658170643e-01	   7.4380724257416686e-01	   7.9531222149147396e-01	   7.7243584600782245e-01	   8.4953173664104009e-01	   6.9807207622139400e-01	   7.9279167537959472e-01	   6.0098796003448951e-01	   6.5549844377435995e-01	   4.9995840863901531e-01	   5.9938481366023344e-01	   5.5444454527344655e-01	   6.7312219184991218e-01	   7.0176857866496734e-01	   8.0756952643196467e-01	   3.0034964115877022e-01	   4.4062404897291418e-01	   6.5840664965309037e-01	   7.4713302533151404e-01	   5.4185266659867393e-01	   6.5846198718228133e-01	   5.2178009385144886e-01	   4.3484674996586770e-01	   6.2770162627127501e-01	   5.1719393203822950e-01	   5.3221949961713955e-01	   5.9305502280959876e-01	   4.3092994632407183e-01	   4.1917022912497326e-01	   7.6231628894300218e-01	   6.9760676588679604e-01	   3.4376965210382737e-01	   2.6897802238547802e-01	   6.4468683183969766e-01	   5.4382661913265740e-01	   4.5058353933595552e-01	   1.2729951706298100e-02	   5.8574125453227521e-01	   3.2155288118752512e-01	   1.8593504481544110e-01	  -1.1306383960496891e-01	   2.4857911060097984e-01	   1.4060740881696965e-01	   6.0449862253371467e-01	   4.6723152264807133e-01	   4.7910036643365317e-01	   2.9449326747354065e-01	   3.5286832970168963e-01	   3.7807690397476079e-01	  -3.2569564666593803e-01	  -3.5405583237786786e-01	  -9.0187044964558691e-02	  -3.6335274308380294e-01	   8.1969677188723389e-02	   7.5207939490786246e-02	   2.2429577682965168e-01	   5.4407873164320086e-01	   5.0145756644227224e-01	   4.4473579207702763e-01	  -5.4674626246312724e-02	  -3.5154551419655011e-01	
   7.4111896920472387e-01	   6.7688234174068751e-01	   0.0000000000000000e+00	   8.1544554127522750e-01	   5.9650599260666981e-01	   6.0075203626660345e-01	   8.8567634030463960e-01	   7.9170330858503168e-01	   5.5433711226804327e-01	   1.5503127730560573e-01	   6.1208395384565062e-01	   7.1776175180309254e-01	   5.9804432244834516e-01	   6.9242535235733227e-01	   6.8860431782187748e-01	   4.5953252868000427e-01	   5.0176704018000184e-01	   4.3056020590969812e-01	   6.5509866023350116e-01	   6.4275363145832420e-01	   4.8415630161893408e-01	   3.2918365859351245e-01	   7.6161616219089934e-01	   7.0640598754485229e-01	   5.9982908428074366e-01	   5.9306070937221633e-01	   5.1016484705989962e-01	   4.7566984381220290e-01	   5.0327032716199738e-01	   7.0673730714164007e-01	   6.0342831400492214e-01	   5.2172358591034063e-01	   6.4633947735519348e-01	   6.3429508344685148e-01	   4.4201931798286254e-01	   6.9197076453550832e-02	   2.1954003054840865e-01	   3.0488145355421559e-01	   1.4614173523145421e-01	   1.1020854110755948e-01	   5.2105942147479134e-01	   4.8993431992291414e-01	   5.3217289461497608e-01	   5.1578128186131189e-01	   4.5215225616874333e-01	   4.8514828484535166e-01	   6.5022879982811954e-01	   6.5107242864576176e-01	   5.5594626463186714e-01	   6.8177789066846106e-01	   6.6927823299753542e-01	   6.9349721123512076e-01	   7.1479639362473957e-01	   7.8325961416259837e-01	   7.1782984317324350e-01	   5.6406434370353831e-01	   5.8961452838796924e-01	   4.9432660757258656e-01	   7.1226356041854433e-01	   7.1193278313550967e-01	   7.1848637323554554e-01	   7.3110366368120938e-01	   4.8158311189803926e-01	   3.4879450874093298e-01	   7.1026583272672927e-01	   7.2225810771247390e-01	   6.8653707292828314e-01	   6.4031116558250767e-01	   7.5055399727668448e-01	   6.8831409045023317e-01	   4.9043085373616080e-01	   5.4178833734033005e-01	   5.6910336380290061e-01	   6.3329342702791958e-01	   3.9050839930112446e-01	   4.3738884326637184e-01	   4.8733045117961515e-01	   2.3670928855590428e-01	   3.7824780256638452e-01	   3.9461406133179350e-01	   5.7539189112954559e-01	   7.0675189191633536e-01	   4.7001257987737488e-01	   4.9998163740289914e-01	   7.5074894236313927e-01	   7.8340119912492368e-01	   3.1629402847235927e-01	   4.9191993366830067e-01	   5.8471981601733858e-01	   6.0406289036330296e-01	   6.9921465863283316e-01	   5.5413813748884033e-01	   7.4605566844633608e-01	   6.6195681140477758e-01	   6.3878688179289322e-02	  -4.8618096919086612e-02	   3.6380564525938264e-01	   3.4601225279236381e-01	   7.9303528097462972e-01	   6.6720666041139953e-01	   6.5967723727433913e-01	   4.8322392115766222e-01	   6.0771007990229275e-01	   6.0542450037231610e-01	  -1.7145552073813364e-01	  -9.2518259972945605e-02	   3.2179318158550718e-01	  -1.9623309626586069e-01	   7.2519723211543194e-02	   5.2022481298629711e-04	   3.0854734218375124e-01	   7.0108287336366559e-01	   6.9617099007361805e-01	   5.0824008935817255e-01	   2.3648720769973747e-01	  -1.7599350182028278e-01	
   7.5537098608159425e-01	   7.3304881033735181e-01	   8.1544554127522750e-01	   0.0000000000000000e+00	   5.0799888357223222e-01	   6.3437434833072781e-01	   8.1031591640044831e-01	   8.6770431636714729e-01	   5.3965804633062164e-01	   2.4750333154582799e-01	   6.0647287894830670e-01	   6.0441856072311606e-01	   5.3587883019579585e-01	   6.3092711757807129e-01	   5.7895581742471491e-01	   3.6822899033263978e-01	   4.8964798432674894e-01	   4.0391093300511471e-01	   6.2235675875591623e-01	   5.8616416130927040e-01	   5.0311675343732043e-01	   4.3672744720901024e-01	   5.9943928281656556e-01	   7.3408466714374798e-01	   5.0429841205732395e-01	   5.0906449673940712e-01	   4.4229950796498341e-01	   5.2717036273327011e-01	   4.1789516105772323e-01	   6.3141628582238285e-01	   4.8250298458926399e-01	   5.2104389893267311e-01	   6.3502999354297729e-01	   6.0918307030045682e-01	   5.0906320243496606e-01	   1.8678227213340354e-01	   4.8272783822272197e-01	   5.6562259627926181e-01	   4.4204489967616889e-01	   3.9179260275433847e-01	   5.6841993605088037e-01	   5.9392393969635582e-01	   4.5881393187359515e-01	   4.5407382180901384e-01	   3.8827915624154136e-01	   4.0142931516238095e-01	   6.0251337115036230e-01	   6.5186531179194129e-01	   3.8422326100292181e-01	   5.4896912523004993e-01	   5.2139792175714739e-01	   5.0763507012676523e-01	   6.2244631780943882e-01	   6.4769402774776785e-01	   7.6381976103874316e-01	   7.1001708703177546e-01	   6.5575543021293758e-01	   6.3823310834775193e-01	   7.4563753917275311e-01	   7.5388776901921584e-01	   7.8477830134875615e-01	   7.2356893916791098e-01	   4.5149904926910778e-01	   3.0355321821631315e-01	   5.8614329054833136e-01	   6.7524878785261144e-01	   6.6062076770225309e-01	   6.5203328314192388e-01	   6.2052183493516844e-01	   5.9775396371676148e-01	   2.9140400256147692e-01	   4.7207614233374184e-01	   5.2124155206374034e-01	   5.8847259931252727e-01	   3.1195791685368784e-01	   3.8000623835653913e-01	   5.3761107818511722e-01	   3.9061518054596472e-01	   4.4288132198109587e-01	   3.3810600500343091e-01	   5.4997772970499359e-01	   6.5415747048762407e-01	   4.6803649101499634e-01	   3.9524079896016917e-01	   7.8902194286162053e-01	   8.1267086153970380e-01	   4.0313081768324033e-01	   4.7294321767183745e-01	   6.9652051576446683e-01	   7.3148623290085735e-01	   6.7340289343400761e-01	   2.9751589911629872e-01	   6.2686500814664436e-01	   4.2777300655269196e-01	   2.2814569644855817e-01	   1.5918446202756067e-01	   4.5730244365972689e-01	   4.3525814165764048e-01	   7.5548185745802643e-01	   6.4361808755717753e-01	   6.3532825859448527e-01	   3.1621657514767743e-01	   6.1115789752824390e-01	   5.6072525419217434e-01	  -1.8755841521949770e-01	  -1.1764594983501760e-01	   1.5225371621157016e-01	  -1.9826721790047236e-01	   7.0626890496830880e-02	   7.0728592459207110e-02	   4.2095692939909557e-01	   6.5517605095604481e-01	   5.0991906163715706e-01	   5.0818949039410710e-01	   2.2751600781847700e-01	  -1.1959233310438552e-01	
   3.7921401405709043e-01	   2.2658955594960350e-01	   5.9650599260666981e-01	   5.0799888357223222e-01	   0.0000000000000000e+00	   8.4445046948009517e-01	   6.3162286252798050e-01	   4.8356213597389153e-01	   8.4235282060506722e-01	   4.9230214647473297e-01	   1.8982945563755754e-01	   2.0887396216262821e-01	   2.5838968015743136e-01	   2.1811366243284913e-01	   5.5560731600838287e-01	   3.7669844365618566e-01	   1.1405613762958784e-01	   2.3502560228022742e-01	   1.6860623829428995e-01	   1.2608241447545385e-01	   4.7032472424652566e-01	   3.9646068534097934e-01	   4.7803402798733885e-01	   5.3409554830955641e-01	   7.4702652194884100e-01	   6.0780243080424534e-01	   6.5289877664011553e-01	   6.0184663643287284e-01	   7.4145104965469943e-02	   2.7716623624003445e-01	   3.8485490904233299e-01	   3.3870656908999258e-01	   3.3837490833505196e-01	   3.0004725126262488e-01	   4.4960697969286767e-01	   3.6600597795430773e-01	   2.7949265233103493e-01	   4.2531314309974888e-01	   2.9490113605728729e-01	   3.4824763632783612e-01	   3.4948144686475269e-01	   3.8275727311219454e-01	   3.6215858653650168e-01	   1.5168358300074677e-01	   8.8216815936090182e-02	   1.1535427188360468e-01	   5.2811823115652357e-01	   4.3475409643729607e-01	   1.3732857572685092e-01	   3.5885567346169556e-01	   2.8703075664732530e-01	   3.0920779615471522e-01	   6.0508198796969892e-01	   6.7855639039442406e-01	   6.4242588435767256e-01	   6.0276069126261289e-01	   4.0757931525184954e-01	   3.6355676444458945e-01	   3.1717897236715853e-01	   3.8396586452735382e-01	   3.8791030951966160e-01	   3.1565471748217178e-01	   2.9763329158217611e-01	   1.3335450176009950e-01	   4.8814386157730438e-01	   4.1732729465142837e-01	   5.3273364491372843e-01	   4.2287413942773749e-01	   5.4185648661183450e-01	   3.4623667240377110e-01	   2.3131473316605419e-01	   3.0029052207411350e-01	   1.4577802470966522e-01	   1.7960552408579250e-01	   2.2393642291290997e-02	   9.0937116252507832e-02	   2.4343549778561394e-01	   6.4579439607817146e-02	  -9.4938912466387221e-02	   1.3930595670819770e-01	   3.4107863918193360e-01	   4.3512666299290981e-01	   2.4724768469761210e-01	   2.3429718611770017e-01	   4.6897664390869509e-01	   4.7290955080377262e-01	   1.6301274148963793e-01	   2.7163708277476789e-01	   5.2243017172279993e-01	   5.8515027093395733e-01	   6.8015244519269202e-01	   5.5916717559499884e-01	   5.7268578936618486e-01	   4.4504807753288061e-01	   2.2697057737224241e-01	   1.0933253522566846e-01	   3.5323474149806372e-01	   3.5535670232628092e-01	   6.7158989666146252e-01	   5.7954501873187569e-01	   6.9771090771732358e-01	   2.8480671525196860e-01	   6.8799411489253792e-01	   5.6503119573692273e-01	   4.9512208752502673e-02	   1.7740063480907009e-01	   4.1837611429279259e-01	  -1.1183081234351611e-01	   1.3420324551943827e-01	  -8.4342595990698738e-02	   1.9836660993552702e-01	   4.7991087062370053e-01	   5.2599453659662254e-01	   2.5992462723665705e-01	   2.5233265133073629e-01	   1.9427810138757905e-02	
   3.6616254320109842e-01	   2.6753841740039891e-01	   6.0075203626660345e-01	   6.3437434833072781e-01	   8.4445046948009517e-01	   0.0000000000000000e+00	   6.0076636126159821e-01	   5.5102779760396337e-01	   6.8393035162745308e-01	   5.1390151198232403e-01	   3.2882320385684960e-01	   2.3010745384386666e-01	   3.6441321626152962e-01	   3.5321593885183439e-01	   6.0081691051226460e-01	   5.0886032412387117e-01	   1.8037477505210286e-01	   1.9068737468527486e-01	   1.1014258406147988e-01	   6.2074856977522866e-02	   4.4720149376707186e-01	   4.6271214685241002e-01	   5.2359792265871818e-01	   6.3438499927075043e-01	   7.3010498587862349e-01	   6.7682227126346572e-01	   6.2082299594861423e-01	   6.7920300326457328e-01	   1.1800806011922994e-01	   3.5606794338208464e-01	   4.4019485038259232e-01	   4.5343474929214389e-01	   3.9646292947115763e-01	   3.1417477818036899e-01	   5.1409157601537703e-01	   4.0347192504058255e-01	   2.0441584350058364e-01	   3.7703771098859029e-01	   2.4429507192929104e-01	   2.5206538192172329e-01	   2.8208151104173707e-01	   3.8083719043352493e-01	   3.8753238722852862e-01	   1.8645019200539908e-01	   8.3700956639838411e-02	   8.1255255504205703e-02	   4.8613175563861744e-01	   4.1060871304332325e-01	   8.2364732038406926e-02	   3.2663374143230040e-01	   2.6222995890998824e-01	   2.7855744392519688e-01	   5.9051188044462899e-01	   6.4037237279427661e-01	   6.1187030122757691e-01	   5.4509054578258220e-01	   4.1392613344110180e-01	   4.7406045242474060e-01	   3.4362805221131759e-01	   4.0839463294920658e-01	   3.7803493166999147e-01	   3.2470771550552058e-01	   1.6102946416091007e-01	   8.0882836221684226e-03	   4.3286518171358634e-01	   3.9908272271037665e-01	   5.2631566192105272e-01	   3.8952471978503556e-01	   4.8532815899275017e-01	   3.0402243332703160e-01	   2.0391406461067590e-01	   4.2616638334315293e-01	   1.9795135782218148e-01	   2.9369004546083566e-01	   2.1181924501549113e-02	   1.2620911871423590e-01	   2.2923930563186770e-01	   3.8995397273009769e-02	  -2.9641099981819349e-02	   7.8651304140559236e-02	   3.5934499417368454e-01	   4.7497005099154199e-01	   3.1714223977127332e-01	   2.9464590992664819e-01	   5.1816029290253451e-01	   5.6819956120996851e-01	   2.8882779249668933e-01	   3.7347620893619160e-01	   5.1600988435499595e-01	   5.8993680506148194e-01	   6.9805288554014688e-01	   4.6544545665756076e-01	   5.8780771882848182e-01	   4.0918692168462845e-01	   9.3187264762564698e-02	   3.7947089142326737e-02	   2.6207190391548829e-01	   2.3058381094445662e-01	   5.9907713443384703e-01	   4.4345166217705889e-01	   6.3767799516034351e-01	   2.7282987417341764e-01	   6.9914795507601024e-01	   5.7522573159826895e-01	   1.4012282637287898e-01	   2.5292406196563544e-01	   3.8938470947101467e-01	  -1.8933822130495506e-02	  -3.0823746420334287e-03	  -1.6493346086943553e-01	   1.3345306329462145e-01	   3.5859643216035786e-01	   3.7602964038036363e-01	   2.4267888038465812e-01	   3.3308336560499152e-01	   9.6583925691945377e-02	
   7.6516915111619399e-01	   6.0279501143761260e-01	   8.8567634030463960e-01	   8.1031591640044831e-01	   6.3162286252798050e-01	   6.0076636126159821e-01	   0.0000000000000000e+00	   8.7113686974016558e-01	   6.3147294699093404e-01	   1.4793488774293337e-01	   6.3405969527244310e-01	   6.4732272944149249e-01	   6.2862754541231514e-01	   6.0231130451621029e-01	   6.7160216125534133e-01	   4.2491452754470371e-01	   3.9180400166209506e-01	   3.1667060940164543e-01	   5.7391718833911731e-01	   5.4860920774297384e-01	   4.2314802888551217e-01	   3.4209453811070595e-01	   6.2012426314233182e-01	   6.1482058477667179e-01	   5.8954668370661767e-01	   5.1299602947287548e-01	   6.3971816720681562e-01	   5.6078289595206754e-01	   4.6744491760504225e-01	   5.8213402732998132e-01	   4.1838473360131434e-01	   3.5882149043143924e-01	   5.8393351403033622e-01	   5.6547295853407731e-01	   3.5167857719707518e-01	  -1.3734382554895095e-02	   2.8655222393277768e-01	   3.8531552954619319e-01	   2.4619165255022124e-01	   2.6120750011160071e-01	   5.6034074479196994e-01	   4.6094794167487624e-01	   4.6193981492697572e-01	   4.2698157957659544e-01	   4.2613548196186596e-01	   4.2276463257161823e-01	   5.8006945880473459e-01	   6.7864023508779625e-01	   5.1110752482626509e-01	   6.4835419069233635e-01	   6.2739690404057147e-01	   6.0502596997121971e-01	   6.3687517747147293e-01	   7.2582149936509266e-01	   6.7743170565654420e-01	   6.1810806588239953e-01	   5.6922952572943197e-01	   4.0218057751232567e-01	   7.4312583547277611e-01	   7.3279363195837766e-01	   7.7097901351914455e-01	   6.5803142154654060e-01	   4.5938954958791400e-01	   2.7275492145605940e-01	   6.5827489468762335e-01	   6.5674810714946585e-01	   6.3734305584572815e-01	   5.8977180147052233e-01	   6.8526353179194888e-01	   5.8979557505333147e-01	   3.0491221280010411e-01	   4.2367327088073692e-01	   4.3405493132254558e-01	   5.0018680897180690e-01	   2.5855615813925703e-01	   3.6252273943570229e-01	   4.2842234946201230e-01	   2.3787231517465574e-01	   3.6265788927455456e-01	   2.9013145166986543e-01	   5.4401885838638642e-01	   6.1924273607692915e-01	   4.2636403954104796e-01	   3.9291573494491244e-01	   7.5309742953250491e-01	   7.4943594851810136e-01	   3.2270841012081808e-01	   4.3402918731474294e-01	   5.8538219441049832e-01	   6.6185232637736224e-01	   6.3970986610413472e-01	   5.5104064531230501e-01	   6.2131333442848369e-01	   6.1835570797676032e-01	   2.7067000910340927e-01	   1.3965923926717355e-01	   4.4471146655752475e-01	   4.6755444608021346e-01	   7.7044441599657065e-01	   7.1396007161833253e-01	   6.4629514130720089e-01	   4.4033407240823486e-01	   5.6223311680419086e-01	   5.6514166292129608e-01	  -2.9428513752583346e-01	  -4.8680979513002640e-02	   2.7526510957345324e-01	  -2.0363954030530235e-01	   2.1674207056831674e-01	   1.5289308885908820e-01	   4.3193779196675530e-01	   6.9909156856920118e-01	   6.4206794473501450e-01	   5.1136740187483243e-01	   1.8141831393839319e-01	  -1.8572595604702599e-01	
   7.4470132907217890e-01	   6.6390165052802108e-01	   7.9170330858503168e-01	   8.6770431636714729e-01	   4.8356213597389153e-01	   5.5102779760396337e-01	   8.7113686974016558e-01	   0.0000000000000000e+00	   4.8685776595988223e-01	   1.7951276142873160e-01	   5.7598699305746048e-01	   6.8510324012035506e-01	   4.8870591952094999e-01	   5.8440387849420328e-01	   5.0404257243059969e-01	   4.2263096125444699e-01	   3.9398956705896815e-01	   3.7527506428626234e-01	   6.0360027909804126e-01	   6.0525506231288739e-01	   3.4749408237861834e-01	   2.7711974582054177e-01	   4.8916545232573394e-01	   5.8288009542495200e-01	   4.3639604458798908e-01	   3.7504533748590729e-01	   4.8374550970221541e-01	   5.1379823811391456e-01	   4.3047043266892804e-01	   6.1940642145211178e-01	   3.6246751790377230e-01	   3.2730715030885171e-01	   6.5889776133083111e-01	   7.0436742449221512e-01	   3.6701820344390929e-01	   5.5674403252299220e-02	   2.7986963366898143e-01	   3.4797607167833811e-01	   2.4423138214869253e-01	   2.4252610679207282e-01	   4.5756119135843948e-01	   5.2256466242782462e-01	   3.4988162692096464e-01	   4.3503029435004603e-01	   3.8342259572411935e-01	   4.3169689332755445e-01	   5.4119460747639114e-01	   6.5853672387052287e-01	   3.9729684998567760e-01	   6.0460810692582001e-01	   5.2210004455979431e-01	   5.7342604421203902e-01	   5.2316919612012702e-01	   6.5523682869942723e-01	   6.5206650140108235e-01	   5.2130778027644242e-01	   5.8179614750450170e-01	   4.5305230871355817e-01	   7.4730453374220440e-01	   7.5376918629236589e-01	   7.4502974213429263e-01	   7.4193383555574222e-01	   4.1548876477535907e-01	   2.9198566735108383e-01	   5.2776813999346439e-01	   5.8924095035923063e-01	   6.0464686854038008e-01	   6.2706992472891199e-01	   6.0272733323421113e-01	   5.5978693492733100e-01	   3.5132629151087347e-01	   4.3547523730085663e-01	   4.2307075173959863e-01	   5.2419234441778784e-01	   2.6949867003364003e-01	   3.8549660624266602e-01	   3.3633172444249670e-01	   1.9874824009973840e-01	   3.9768639973894282e-01	   2.6459201442064906e-01	   4.3355994747588000e-01	   5.7683367773141203e-01	   3.5490741236750922e-01	   3.2032817900936839e-01	   6.9163750720754169e-01	   7.4492966961469076e-01	   2.3939307188640091e-01	   3.5931742911629733e-01	   5.6319711312971710e-01	   6.4072068437104424e-01	   6.7957607325482972e-01	   3.0625315225595295e-01	   6.5234090984223569e-01	   3.7541076472384294e-01	   1.9262992412722324e-01	   1.3497027117279511e-01	   3.8866113690222759e-01	   3.3454681063696950e-01	   7.8970036030979163e-01	   5.4691939775131859e-01	   6.3806987487685496e-01	   1.6268222732366333e-01	   5.4991776371161483e-01	   4.2881761808435559e-01	  -2.2720302984300800e-01	  -1.0231610387589514e-01	   2.4315892822881707e-01	  -1.0719714075463743e-01	   1.4984662732552417e-01	   1.0626199301487840e-01	   3.3714361455120967e-01	   5.8289830309058610e-01	   5.7853238540324770e-01	   4.0757649987449346e-01	   8.7307016003360355e-02	  -1.6581176602476483e-01	
   4.2178862723541843e-01	   2.5650193662946125e-01	   5.5433711226804327e-01	   5.3965804633062164e-01	   8.4235282060506722e-01	   6.8393035162745308e-01	   6.3147294699093404e-01	   4.8685776595988223e-01	   0.0000000000000000e+00	   3.4623183554560455e-01	   2.2026692090614222e-01	   2.4074641127113372e-01	   2.0452519419728285e-01	   2.1850453590070612e-01	   5.2304875225160219e-01	   1.6847095644821067e-01	   1.2906327891061153e-01	   3.1801246641057279e-01	   2.4572941289627170e-01	   2.1021601082490549e-01	   3.7107717265086282e-01	   3.2152024734746998e-01	   4.2909284630609046e-01	   5.5441246106654152e-01	   7.1514984807261250e-01	   5.2958798160781917e-01	   6.6610618375227215e-01	   6.0447564676137255e-01	   1.1479494286070650e-01	   2.8108062529393452e-01	   2.8554834697912934e-01	   2.9008446503292046e-01	   3.6330120628883178e-01	   3.5507664003156425e-01	   4.9821875514371583e-01	   4.0059119492505002e-01	   3.9838276936019601e-01	   5.2082737053997286e-01	   4.2692590741585568e-01	   4.5835430687905515e-01	   3.9875487042788538e-01	   3.7847504724940739e-01	   3.7760869369706562e-01	   2.3973438673194858e-01	   1.7637347210819546e-01	   1.7854022802736602e-01	   5.4098741589177035e-01	   5.3103398206276120e-01	   1.9180966471690664e-01	   3.0817323623174786e-01	   3.1662995588134402e-01	   2.7400607656399656e-01	   5.5087331267140460e-01	   6.3554173114391377e-01	   6.5092782786962555e-01	   6.8679665610872864e-01	   4.5315942251634400e-01	   3.7350076901807816e-01	   3.5914751563578745e-01	   3.9079489338756423e-01	   4.7336920002916083e-01	   3.5278443126494113e-01	   3.8661033837318326e-01	   2.2098790087323672e-01	   4.8687232754446952e-01	   4.3674570485879027e-01	   5.8702552264714236e-01	   4.9927928291708601e-01	   4.9452267580718112e-01	   3.2096669232785546e-01	   1.0873942145974533e-01	   1.1070612331241479e-01	   1.8643143798648701e-01	   1.6180976455616913e-01	   4.2371596743490236e-03	  -2.7013549895513387e-02	   2.2512744154131759e-01	   1.3001625592259217e-01	  -5.4665339125977264e-02	   2.5423447450114650e-01	   3.0357254470259276e-01	   4.1730577257174750e-01	   2.4076076423267823e-01	   9.6645331786868294e-02	   4.8929352948593235e-01	   5.3546879154142490e-01	   1.9535011154298468e-01	   2.9154090093245377e-01	   6.2179144885187487e-01	   6.5573566913714521e-01	   6.4669516203837119e-01	   5.1433260458048602e-01	   4.5434502811724642e-01	   4.1334869964405635e-01	   2.6580962098360028e-01	   2.8035094167317121e-01	   4.7695546898098129e-01	   5.2012622324130153e-01	   6.6738864036796730e-01	   6.4476185578930489e-01	   7.3235049214140946e-01	   3.6123410404623768e-01	   7.3354089656617838e-01	   5.9517510102930848e-01	   8.0661286814499675e-02	   2.0626415203971502e-01	   4.5314690396983315e-01	  -3.4519184938509612e-02	   1.8129190493059824e-01	   3.3617798103683177e-02	   3.4187194158915607e-01	   5.6706673831622889e-01	   4.9337801832668421e-01	   3.3442153872609198e-01	   3.7211616500386169e-01	   7.1644454728237911e-02	
   1.3500418377502493e-01	   6.9488936656832617e-02	   1.5503127730560573e-01	   2.4750333154582799e-01	   4.9230214647473297e-01	   5.1390151198232403e-01	   1.4793488774293337e-01	   1.7951276142873160e-01	   3.4623183554560455e-01	   0.0000000000000000e+00	   1.4806861068226498e-02	  -7.6388534494354843e-02	  -7.2462749527404426e-04	  -4.0979726735716496e-02	   1.3290317149638273e-01	   4.8898289653654536e-01	   8.8157173124874671e-02	   1.3851793940006701e-01	  -2.3519031902141210e-04	  -2.5243011913769074e-02	   1.9672723841868933e-01	   1.6805751470561867e-01	   1.2212448806270035e-01	   2.5801385259269149e-01	   1.2216869363188107e-01	   2.5281008882842271e-01	   2.1516986249418726e-01	   3.0841591824549680e-01	  -1.0563967936620874e-01	   6.3559153513256930e-02	   2.1809192848400424e-01	   2.3572237404060706e-01	   2.2350402211795847e-01	   1.8833392984138358e-01	   4.7567073115275382e-01	   4.4984106808889668e-01	   1.7986760648958958e-01	   2.6445887980580590e-01	   2.0480423086702940e-01	   1.9102999334465448e-01	   2.5375031792929520e-01	   1.7981270673640681e-01	   1.4853738317793451e-02	  -1.4495419886129979e-01	  -1.3255910131913573e-01	  -1.3050451361348164e-01	   1.9284692472308626e-01	   1.0893509510802479e-01	  -2.3751274000427600e-01	   1.7465153920875762e-02	  -9.6688112121553163e-02	  -6.4262658120967202e-03	   2.4118462752221190e-01	   2.4237638853606414e-01	   2.8622744438687431e-01	   2.1378678426410502e-01	   1.8341460208180771e-01	   2.8008639729491513e-01	   8.9389564012473180e-02	   1.0765638314184017e-01	   1.5082713069141362e-01	   2.2516367651914660e-02	   1.0035255025018286e-01	   9.7005887418862041e-02	   1.7468475413208040e-01	   1.4730309352554355e-01	   3.3008079521570605e-01	   2.5450943291119388e-01	   2.6338434302037117e-01	   1.5745755750403906e-01	  -1.8944553488012914e-02	   1.0815792055208917e-01	   2.4959511904622381e-02	  -3.4136261119719668e-03	   5.1513041530900690e-03	   1.0101978545473882e-01	   1.9147729453299830e-01	   1.9723125953067894e-01	  -3.9695122636883261e-02	   1.0410588227736800e-01	   9.7459987998263373e-02	   1.9287180457653172e-01	   5.5400850350004346e-02	   1.3476349884725645e-02	   9.1044082881256982e-02	   1.1447129384704924e-01	  -1.6203349765621716e-01	   3.6602548531513970e-02	   1.5789876195133415e-01	   2.5361578454479883e-01	   2.8206406350986735e-01	   6.2457250588699886e-02	   2.7627890052173154e-01	   1.3294509925612992e-02	   2.9676598080766325e-01	  -5.1781521186957127e-02	   1.8438842317347676e-01	   4.5394802399975780e-02	   3.1437197066551337e-01	   4.5954581141666999e-02	   4.2466395679642088e-01	  -5.2365645256307360e-02	   3.3815853307248722e-01	   1.3042365748310641e-01	  -1.3626472028647396e-01	  -3.5847421309310068e-02	   1.1431716705863915e-01	  -3.3375694952215651e-01	   2.5995388782347678e-01	   1.1311551989657986e-01	   5.4459581998549098e-02	   8.6621162244261557e-02	   1.3986648949519204e-01	   1.2571187201315925e-01	  -8.3096083733262341e-03	  -9.4070359785195803e-02	
   5.3939796425991315e-01	   5.9981736909182404e-01	   6.1208395384565062e-01	   6.0647287894830670e-01	   1.8982945563755754e-01	   3.2882320385684960e-01	   6.3405969527244310e-01	   5.7598699305746048e-01	   2.2026692090614222e-01	   1.4806861068226498e-02	   0.0000000000000000e+00	   7.4453610997270925e-01	   8.8258841419093925e-01	   8.5758364948376054e-01	   6.7535493434455507e-01	   4.2024748201572870e-01	   6.4698652616188335e-01	   3.9874061156338331e-01	   6.1656687957126599e-01	   5.3104976765485290e-01	   2.6460286813677358e-01	   1.0799412261171656e-01	   5.8516259099417356e-01	   4.9216750400373610e-01	   2.1210163740385746e-01	   2.5703388405603000e-01	   2.8498194243239311e-01	   2.3288427547406559e-01	   8.0877526429596402e-01	   5.9290596082693225e-01	   4.8241479339576154e-01	   4.8559929561275206e-01	   4.5379300694139146e-01	   4.3724609824062655e-01	   1.9854901875410824e-01	  -1.6683764061451567e-01	   7.4012537129250613e-02	   1.2690083954294695e-01	   2.4809831766780758e-02	  -1.3243875686428302e-01	   4.0489183821167468e-01	   3.2957057540069623e-01	   3.0784148089984203e-01	   3.9263094269871401e-01	   3.5633229918966408e-01	   3.4968659973152250e-01	   3.1196085896886538e-01	   3.6463607774440332e-01	   4.4350923833821504e-01	   6.0329128790392406e-01	   6.0226933457395515e-01	   6.4332541967656520e-01	   4.5873234175970878e-01	   4.9483248321083129e-01	   4.2785749745015467e-01	   2.8950676233041706e-01	   3.7344616832704486e-01	   3.5229368638728448e-01	   6.2767420401725937e-01	   6.4875505630438335e-01	   6.0630309651025904e-01	   5.2015426306164425e-01	   4.1755839814444162e-01	   2.2435981933467763e-01	   4.5026526697667835e-01	   4.5740951207529446e-01	   3.4885163950528286e-01	   3.5762333931464751e-01	   5.6363558405416447e-01	   5.7979886536538672e-01	   3.1467964296602491e-01	   4.4300106457007116e-01	   7.0605599935751495e-01	   7.0309081169198340e-01	   5.3757312160147719e-01	   6.2859731685445364e-01	   4.2740921724685854e-01	   2.1740230358329826e-01	   5.2943501472930599e-01	   3.6963442024261256e-01	   7.2391535489597958e-01	   6.7728931291580186e-01	   6.0587421972660505e-01	   5.8500359004244651e-01	   6.6001004707972399e-01	   6.0072761670977848e-01	   4.8478006727914069e-01	   5.6415293964966218e-01	   3.8068095869028029e-01	   3.4296365033897758e-01	   3.4661789127926734e-01	   1.8204684682731917e-01	   4.6296610885660444e-01	   4.7442354066261788e-01	  -8.8819318699624991e-02	  -2.3095077284544496e-01	   9.1475930500162034e-02	   3.4158447548776477e-02	   4.1372159215373178e-01	   3.2166828761530686e-01	   4.2267774210912068e-01	   4.2446582612767403e-01	   3.1621099848398904e-01	   3.0451937477622876e-01	  -3.4951245816777887e-01	  -2.8568806917176814e-01	   2.9527011887791624e-02	  -3.5010913107896569e-01	  -5.1856060279285535e-02	   3.1703149651088669e-02	   1.6543032572752403e-01	   4.7804506323390178e-01	   3.8054255964237416e-01	   4.1584973327618890e-01	  -3.1235557579502866e-02	  -2.9469030215477821e-01	
   7.0396400500141088e-01	   7.2711081736558525e-01	   7.1776175180309254e-01	   6.0441856072311606e-01	   2.0887396216262821e-01	   2.3010745384386666e-01	   6.4732272944149249e-01	   6.8510324012035506e-01	   2.4074641127113372e-01	  -7.6388534494354843e-02	   7.4453610997270925e-01	   0.0000000000000000e+00	   6.6000709706912508e-01	   8.1477126704142200e-01	   5.7379175653113612e-01	   3.3318786878768808e-01	   7.1635878468011027e-01	   6.8911200576914922e-01	   8.3587169378876958e-01	   8.5098950134142803e-01	   3.7721433913906949e-01	   1.1375057077056067e-01	   6.5252373404679975e-01	   5.6048600465330756e-01	   2.8859348991768674e-01	   2.8584800819612111e-01	   2.3511634865514813e-01	   2.1189409644061707e-01	   8.1621533095769716e-01	   7.7177819339794085e-01	   5.8146891846649429e-01	   5.1388950349609286e-01	   6.7349429031675345e-01	   7.4015926846431057e-01	   2.2317891419648683e-01	  -1.1901925561833407e-01	   1.2143909268657113e-01	   1.2665624875478476e-01	   2.3304534557813825e-02	  -1.4876341346134569e-01	   3.8237847521211743e-01	   4.6654855852775207e-01	   3.9692769352303686e-01	   5.5255636843024791e-01	   4.7409012289216806e-01	   5.4321114002265902e-01	   5.1119378593180043e-01	   5.3246219762018399e-01	   6.1083703487880192e-01	   6.8314445525760292e-01	   6.8132316479859445e-01	   7.1585254691922207e-01	   5.4162380379928032e-01	   5.7540308331193213e-01	   5.6991717399032860e-01	   2.8593218665221265e-01	   5.4562013052634661e-01	   3.8705710816463879e-01	   6.7320488979237481e-01	   6.6588248393636451e-01	   6.7669654867448670e-01	   7.4495803015163475e-01	   5.9629765034553439e-01	   5.2215578166470966e-01	   5.3806249264912331e-01	   5.6882886344007122e-01	   4.6904769051010614e-01	   5.0402353356036667e-01	   6.8835229979015899e-01	   7.2740524888088975e-01	   4.8685693482995918e-01	   3.7834195947121418e-01	   8.0257688223610879e-01	   7.3866492973509312e-01	   6.2092105189824265e-01	   6.4574138793833236e-01	   4.4788237499661743e-01	   1.9505905165028090e-01	   5.8666498121218169e-01	   5.8436783475463239e-01	   6.4657250897562224e-01	   7.2721777626956896e-01	   5.5285107539445311e-01	   5.2990670228113812e-01	   6.7974469922294056e-01	   6.2875762750098696e-01	   3.9941832230418950e-01	   4.6604989457633728e-01	   5.1339286468478607e-01	   3.5177832702683759e-01	   4.4753878646448614e-01	   1.5922427312328752e-01	   5.9426276720081739e-01	   3.9573142834771435e-01	  -6.0624902891052365e-02	  -1.4286547500691454e-01	   1.5626866375647197e-01	   9.8677884633012858e-02	   5.4774042414166901e-01	   3.8264004436467158e-01	   4.9009126620512450e-01	   2.2719413386339127e-01	   2.8847472586622686e-01	   2.5813681932625510e-01	  -2.8126968349736015e-01	  -3.1205281231363047e-01	   8.4013465138122620e-02	  -1.5966842163542633e-01	   1.3908740576106523e-02	   2.1936265327911963e-03	   1.8485683679197251e-01	   6.5720314890279474e-01	   6.5003730713758012e-01	   3.9542946870544560e-01	  -8.7823137373239921e-02	  -3.2759612130311516e-01	
   4.5927496255866634e-01	   4.5617359765723314e-01	   5.9804432244834516e-01	   5.3587883019579585e-01	   2.5838968015743136e-01	   3.6441321626152962e-01	   6.2862754541231514e-01	   4.8870591952094999e-01	   2.0452519419728285e-01	  -7.2462749527404426e-04	   8.8258841419093925e-01	   6.6000709706912508e-01	   0.0000000000000000e+00	   8.7617381335682620e-01	   8.0476933608074885e-01	   4.8507560928401128e-01	   5.2629294677832439e-01	   2.1785762364057376e-01	   4.7424514120301309e-01	   3.6736624979512472e-01	   4.0172202746012953e-01	   2.4373463555247649e-01	   6.9785885275832160e-01	   5.7087567217864865e-01	   3.5238904379792685e-01	   4.7679719178153851e-01	   3.1681696896172462e-01	   3.2855658489416362e-01	   7.2968925044006250e-01	   5.3483363981401322e-01	   5.2151252368670153e-01	   5.1553852914522436e-01	   3.7654553572582650e-01	   3.1758890273845120e-01	   2.1213388308018602e-01	  -1.7908419638215731e-01	   1.9546666471986468e-02	   7.5765896935039420e-02	  -3.9922713067096979e-02	  -1.3230323799100874e-01	   4.6058874677369110e-01	   3.2206653518806139e-01	   2.8084503189644983e-01	   2.9416648242699212e-01	   2.7709982912667741e-01	   2.6860620466260665e-01	   2.8205810474751847e-01	   3.2957893746796918e-01	   4.1167975030599185e-01	   6.1887566367615565e-01	   5.6200831003959295e-01	   6.1148759221730653e-01	   4.8359645579938448e-01	   5.6500219183348865e-01	   3.9226198873613916e-01	   3.3003797896672016e-01	   3.2042288943174119e-01	   2.6529881938597377e-01	   5.4453568968433674e-01	   5.5388084585302089e-01	   5.3860209878314613e-01	   4.0794755134704541e-01	   3.0266198223625712e-01	   6.7594665814154770e-02	   5.5318030409142982e-01	   5.2868498261347030e-01	   3.1416114510545701e-01	   2.4239140211630461e-01	   5.5122623536028503e-01	   4.6805337093967292e-01	   2.7956172623349207e-01	   4.0066052810409991e-01	   6.5601952668858543e-01	   5.9877057232606989e-01	   4.8831637195687416e-01	   5.5222306252729714e-01	   3.8694619188621360e-01	   1.0276768508973488e-01	   4.1625274324967121e-01	   2.4842154743186973e-01	   8.2614359758069289e-01	   7.0526029023730530e-01	   7.5745437765426837e-01	   6.9758493204310634e-01	   6.9932162364112183e-01	   6.0402395152926458e-01	   6.3245098745517736e-01	   6.8783565701751470e-01	   3.8599541080059008e-01	   3.1546634190138600e-01	   3.7393935963319508e-01	   3.9353242153061418e-01	   4.4230404107506432e-01	   5.4280505124258727e-01	  -1.3534666360032996e-01	  -2.7879725119150855e-01	   1.1909990959023859e-02	   5.2147636837728953e-02	   3.5066629052228637e-01	   3.3975264170893538e-01	   3.8249686639652691e-01	   4.1598893795947545e-01	   2.8987029097703021e-01	   3.2773210883579351e-01	  -3.1976633315790592e-01	  -1.8832502461220149e-01	   7.7056903447689867e-02	  -2.6165892455769013e-01	  -8.8732329142754779e-02	  -3.3425558954905510e-02	   5.6314385866351638e-02	   4.0890493082121332e-01	   3.5350341487360010e-01	   4.4379199303128708e-01	   1.2656146819765479e-01	  -2.0982495238374507e-01	
