   0.0000000000000000e+00	   6.4739682263888076e-01	   4.5810309713658959e-01	   3.8384579593772272e-01	   3.3748462578057464e-01	   3.7134688832447094e-01	   4.5134800471130154e-01	   3.8795081632520567e-01	   4.4815237573664024e-01	   4.2828341827225042e-01	   5.5477167016515860e-01	   6.3317213501615133e-01	   4.8037908031498244e-01	   4.7891179739589534e-01	   5.6076539422799820e-01	   3.8947237221876507e-01	   5.6639775014308280e-01	   3.1667380701243053e-01	   6.2570845696631561e-01	   5.3635698746994920e-01	  -1.2750001353011631e-01	   2.9426862065786635e-02	   2.7946853068249822e-01	   2.2235612346413158e-01	   1.0346198564183706e-01	   6.5070087763315992e-02	   2.5513669928714428e-01	   2.3085445291848136e-01	   4.5727841670043745e-01	   3.8621270261389040e-01	   1.6124725349137695e-01	   1.2185134933954403e-01	   6.2735463794083046e-01	   6.7392614059530498e-01	   3.4836355846543315e-01	   3.5465390271203562e-01	   7.1422599998356194e-03	   1.8228521816801219e-01	   8.9408644132208268e-02	   1.4123518338373087e-01	   1.9036811106728624e-01	   1.5072694374997626e-02	   4.3984304348302850e-01	   4.5887025394437597e-01	   3.9993041651624123e-01	   4.1204276498038472e-01	   4.4519302410281597e-01	   5.1570194263045765e-01	   4.3605488595142328e-01	   4.1157952539001585e-01	   4.1937438409705297e-01	   3.1153555703841873e-01	   5.5109300163449115e-01	   4.2967070158093046e-01	   6.1688539892005090e-01	   6.0157968276802709e-01	   8.2428629395594810e-01	   6.1512033815560840e-01	   7.0057068243577725e-01	   5.4207186755047976e-01	   7.0475968954473656e-01	   3.7348874795018971e-01	   7.0840326365171069e-01	   5.2151203167637239e-01	   3.8709133400708567e-01	   2.0113992471031084e-01	   5.5469192307216431e-01	   4.0908934553429244e-01	   4.5387164707431327e-01	   4.7575263676951840e-01	   3.0356674406423123e-01	   4.8219249602829928e-01	   6.2548471252606586e-01	   5.9409652005215519e-01	   6.5497067177384938e-01	   5.6262399929690754e-01	   5.4191343291210314e-01	   4.2657449875168879e-01	   7.9556641263544378e-02	   4.9131629202128560e-02	   3.0722739164699719e-01	   3.6730777159755312e-01	   3.5043188219965676e-01	   1.8783027947209058e-01	   5.1985216530048850e-01	   5.4531178555981286e-01	   2.8688918298937888e-01	   2.4219147632230925e-01	   6.5981873202416641e-01	   6.1783812436744578e-01	   4.0493454476099744e-01	   5.1840005678830925e-01	   3.8780283705588775e-01	   5.7468278360193292e-01	   8.9728977060456461e-02	   9.5213381508433434e-02	   4.8617561719873074e-02	   1.1908291839774997e-01	   6.2335573760039997e-01	   7.3161711828058829e-01	   2.2329585990630907e-01	   6.7258458407070609e-01	   6.3668917618881160e-01	   7.3798104714726831e-01	  -2.2385906257386609e-02	   1.1450392574724388e-01	   3.4644692830684487e-01	   3.0840415262179743e-01	   2.7920090629094430e-01	   9.5302798876502698e-02	   2.5699771086249795e-01	   6.3374184487568330e-01	   5.2363988286072738e-01	   1.7154273438934231e-01	   2.4803881248262938e-01	   4.7316550685001554e-02	
   6.4739682263888076e-01	   0.0000000000000000e+00	   2.4007370181584237e-01	   3.9573308095455501e-01	   3.1267065730259908e-01	   3.7094168619591217e-01	   3.5243134869519621e-01	   3.7257135748497650e-01	   3.4402132589657952e-01	   3.2608221068510779e-01	   5.4117647069819763e-01	   6.1067435155362282e-01	   4.3214258874977357e-01	   4.5800900836881131e-01	   5.6449411126009086e-01	   4.8125386383015095e-01	   6.4497079765544441e-01	   5.9925292831346588e-01	   4.5508036974772748e-01	   5.5647121701285707e-01	  -2.6450858235720243e-02	   2.8853693583755469e-01	   2.1267602538157032e-01	   2.5184540024127450e-01	   1.9614773995177442e-01	   2.6865713295291227e-01	   3.8616937576337357e-01	   3.8441230433213291e-01	   4.8307188416032742e-01	   3.7842045759986803e-01	   5.0875239970329306e-02	   4.1957297377666701e-02	   3.4896328977277580e-01	   5.2090357100082041e-01	   3.1951180064898388e-01	   3.3118444717664108e-01	   4.0414173450768906e-02	   1.4950251189960401e-01	   9.2067199980419012e-02	   1.8881619758768967e-01	   3.0308107675571577e-01	   6.7227664310367002e-02	   6.6244044159489390e-01	   6.5331287341205835e-01	   5.3610480685225403e-01	   5.7742424990370056e-01	   6.1834964260976844e-01	   6.3300104910992805e-01	   5.1554256547503385e-01	   5.6797730664866475e-01	   5.4094972721475454e-01	   4.8305489300886073e-01	   5.3614718349582557e-01	   4.5269802637602474e-01	   6.3276889125813796e-01	   6.0757599004741780e-01	   5.9420098576586078e-01	   8.2927938926002343e-01	   5.6816749820022838e-01	   5.8019428194231004e-01	   4.7508508414889095e-01	   2.5579356440767526e-01	   6.5039664517505402e-01	   5.9789405730954548e-01	   2.2515061588099644e-01	   1.6312563949259390e-01	   5.1565182164597212e-01	   4.2837425178792438e-01	   2.4927375458244128e-01	   4.0541923665672530e-01	   1.7278787559116796e-01	   3.4402363216102672e-01	   3.9072773054178001e-01	   5.7948673217624957e-01	   4.5173635363728321e-01	   4.6668915983019571e-01	   3.1564554355173463e-01	   4.8132671934046223e-01	   3.4810406919484854e-01	   4.1863553495323980e-01	   5.5885958575454198e-01	   3.9521289884882793e-01	   3.3417909752693759e-01	   3.1444256550179506e-01	   4.4212120764674007e-01	   5.5388131768267179e-01	   4.2877035153662008e-01	   4.2178099430830940e-01	   4.8205594162590121e-01	   5.6071069355519376e-01	   4.5866050102842865e-01	   3.8218839803555693e-01	   4.8994032800993192e-01	   4.3881194932005380e-01	   3.7962322353049111e-02	   1.7439059659788803e-01	   2.8034659102748205e-01	   1.1015112243211360e-01	   8.0222647407622194e-01	   6.9388081477825470e-01	   3.4176882459140673e-01	   5.6297789776728768e-01	   7.8387816576466995e-01	   6.8417956704221350e-01	   2.2194056236770926e-01	   2.0154882302768767e-01	   4.7521576677923771e-01	   4.3446445448329229e-01	   2.8621737760178678e-01	   5.6446439392991349e-02	   5.2263098893698445e-01	   8.3879917269383175e-01	   7.4285994373549513e-01	   3.9028688394027716e-01	   3.5482539965919835e-01	   6.9844935505280370e-02	
   4.5810309713658959e-01	   2.4007370181584237e-01	   0.0000000000000000e+00	   5.1640295059303964e-01	   7.7308913338424268e-01	   5.7379276825933612e-01	   8.7426829900639957e-01	   5.9067418904899238e-01	   6.3039296331046024e-01	   4.8194541222535336e-01	   5.6869931820362418e-01	   4.0057891830446224e-01	   6.9187898011856797e-01	   5.8633437735805427e-01	   6.5266914992404712e-01	   5.3170891266904108e-01	   3.6666591011210475e-02	  -2.0220266939339529e-01	   2.6062906184355661e-01	   1.6382217840568580e-01	  -2.5333699805554299e-01	  -7.9489597981808921e-02	   5.6099685382453357e-01	   2.4555360589664799e-01	   4.3794019062526079e-01	   1.3630104878573523e-01	  -1.0214565857030154e-01	  -7.9475955594534353e-02	   3.0445836227503986e-01	   2.4589698135838622e-01	   6.5382951603437667e-01	   5.6624748117876500e-01	   4.9210821569483587e-01	   4.6940093145165707e-01	   1.7175984989456317e-01	   3.9511479442256359e-02	  -1.5557057476361680e-01	  -4.0413999888636962e-02	  -7.2932528167338140e-02	  -6.4852721387660170e-02	   6.5581905340082847e-02	  -2.4028917382163567e-01	   7.4537374093342268e-02	   9.4585037778540763e-03	   3.6367575979548379e-02	  -3.8779823881547659e-02	   9.2547830094143080e-02	   9.2373785494763466e-02	   1.5175064836936347e-01	   1.0508881570701778e-01	   2.7921160542029722e-01	   2.1168140587903345e-01	   5.1394790975717342e-01	   5.2921763176380054e-01	   3.0468849700210354e-01	   4.0171187080836757e-01	   1.9311350547230374e-01	   1.6316440421116069e-01	   3.5597361780956982e-01	   3.1519514285731987e-01	   7.3522766952002971e-01	   6.2515392539178638e-01	   3.2857513297576385e-01	   3.6806568926782368e-01	   6.0983722606896940e-01	   2.7234463029431871e-01	   4.5913410811685906e-01	   2.7436683686020469e-01	   4.4095584112750030e-01	   3.9782476729359739e-01	   3.9867079031933483e-01	   3.6512629412772446e-01	   4.0946203655085411e-01	   1.6945711425157572e-01	   3.5908484384414141e-01	   1.5431867985960368e-01	   8.2703175523787281e-02	  -1.2597798483852113e-01	  -1.2554581205527443e-01	  -1.0251252005530748e-01	   1.1438320905049981e-01	   2.5994430020788134e-01	   5.3699248875287497e-01	   8.6267193689230914e-02	   6.1567704815317481e-01	   5.5421625226832050e-01	   3.3594405327115523e-01	   3.2787350067052734e-01	   7.0011349393852140e-01	   6.9723040864137942e-01	   3.8189844183278598e-01	   7.6427188715815708e-01	   3.8990365651534120e-01	   7.5872005281775512e-01	   1.4061912720754360e-01	   4.4936830084804091e-02	  -1.5603471905884614e-01	  -1.5150543064455246e-01	   1.6794702633455511e-01	   3.3970602826283214e-01	   1.8838629371137283e-01	   6.6905304317257519e-01	   2.7189085318231143e-01	   5.1409408543366153e-01	   2.5944046059053691e-03	   2.0117041588477716e-01	   6.9489030277372910e-02	   1.7668206104897372e-01	   2.0831859671213607e-01	   8.0137014923652772e-02	  -1.1249987938991621e-01	   2.1139841960532413e-01	   2.6957450020600415e-01	   5.6706475226719871e-02	   1.1147055642936929e-01	   3.2400148769329729e-02	
   3.8384579593772272e-01	   3.9573308095455501e-01	   5.1640295059303964e-01	   0.0000000000000000e+00	   3.4335982456502068e-01	   6.6797987433352213e-01	   6.2285057641711350e-01	   8.5386973833918500e-01	   3.0115639179577597e-01	   5.0429159152903358e-01	   2.7753836781789754e-01	   4.5981274039338738e-01	   3.1409545142869272e-01	   4.2806057119727381e-01	   3.6047381243903143e-01	   4.8055774126595768e-01	   1.5314395445035270e-01	  -2.4351432001432270e-02	   4.6271112917056892e-02	   1.5721539683500829e-01	  -3.2900919146272800e-01	  -3.1229366958277611e-02	   2.2604838719799059e-01	   3.6024463804927503e-01	   2.7968358590600600e-01	   5.3178310610448587e-01	   6.1001814949600143e-02	   1.9321507071143121e-01	   1.3017647060625878e-01	   1.1671214134960804e-01	   3.9437124737527623e-01	   4.8008298474573802e-01	   4.6086870122497126e-01	   5.6362100208314314e-01	   2.7931530127206217e-01	   2.9362288248014679e-01	  -1.9911704264732533e-01	  -1.3027338699871294e-01	  -1.9953285587331015e-02	   1.2871733703636351e-01	  -1.0935934622452150e-02	  -3.2359436567105893e-01	   2.5014367847154051e-01	   2.2564027480921606e-01	   1.9402413412738123e-01	   1.9372570307257064e-01	   1.4986864228408814e-01	   2.9820021141102304e-01	   2.9932739782216600e-01	   3.2480024647310723e-01	   5.2082139873193278e-01	   4.8682753506696130e-01	   5.0387354161363218e-01	   5.5838768880185952e-01	   4.4076061930407989e-01	   4.9546353913631069e-01	   3.5032891407798439e-01	   4.3678397369571792e-01	   5.3194749517190976e-01	   6.0937872561946993e-01	   5.2620591407967643e-01	   6.5048119741346033e-01	   4.3972598369636123e-01	   5.1087743054190771e-01	   4.0968326240823372e-01	   5.6933835824676682e-01	   6.1226416015980012e-01	   6.5071030449734435e-01	   1.5353185250241053e-01	   2.9966736309788944e-01	   1.9292905062068594e-01	   4.8175275990980260e-01	   3.8610511683706816e-01	   2.9924830077068937e-01	   4.0112247790007838e-01	   3.5075877337215233e-01	   1.0056555048974233e-01	   2.8291089853733988e-02	   8.1120492022842591e-02	   1.4256687664986780e-02	   3.9027780892526509e-01	   1.9737153833039495e-01	   7.3921981237981577e-02	   4.3298287685803488e-02	   4.1539068266344970e-01	   5.4107879124751768e-01	   2.0414514455263988e-01	   3.8771546877737634e-01	   3.5794987177620269e-01	   5.6040474048034761e-01	   5.2799794649134923e-01	   4.2858092706424344e-01	   6.4775517573257502e-01	   4.4403529825590271e-01	   1.2839124633218918e-01	   2.1857118956670329e-01	   5.7785317397691410e-02	  -4.4482169658636682e-03	   3.0638722014522801e-01	   2.9190226610971493e-01	   5.3321684749383014e-01	   4.8006013052142793e-01	   5.0886191100138733e-01	   5.4459079324590542e-01	   2.1728627623575322e-01	   3.0557195145092464e-01	   5.0876661118860522e-01	   4.9557186397643344e-01	   3.1514296284105625e-01	   1.1417146342660731e-01	  -2.9087598562521466e-02	   3.9889903953694561e-01	   3.7834684921679429e-01	   2.0163553618176974e-01	   1.7345264501984603e-01	   1.1851032449500351e-01	
   3.3748462578057464e-01	   3.1267065730259908e-01	   7.7308913338424268e-01	   3.4335982456502068e-01	   0.0000000000000000e+00	   6.9191522332871558e-01	   7.8977342289895491e-01	   5.3582849197616245e-01	   8.2273941531320294e-01	   5.6241180548716296e-01	   4.3752217248916486e-01	   3.1665186894670716e-01	   4.7170026150599659e-01	   3.8280894456122277e-01	   5.0796982136560165e-01	   5.3111147449746809e-01	   9.2599360606556089e-02	  -1.6499920336647083e-02	   3.8364362495395044e-01	   2.4932825733933178e-01	   2.1444507322319301e-02	   1.8838646202009937e-01	   3.5747093573550065e-01	  -2.4107163239467575e-02	   4.2963174233300516e-01	   4.4967436924947701e-02	   2.3563564969542032e-02	   9.5794345577281392e-02	   3.4901911221389614e-01	   3.5863041447786947e-01	   5.5135134154251197e-01	   4.6665130550626921e-01	   3.4944255164975924e-01	   3.0687162398550516e-01	  -7.4700004071248896e-02	  -1.3876092341922325e-01	  -1.8557316886506980e-01	  -1.9586760649755203e-01	  -1.9595544694532918e-01	  -1.1247827269977809e-01	   4.8858726629080050e-02	  -4.5663435609238495e-02	   2.9923067136901065e-02	  -6.1523145409007038e-02	   1.2190398285409360e-01	   8.9469633497923085e-02	   3.8441213276319622e-02	   6.4394800881428751e-02	   1.8454659655016886e-01	   2.0173320279326221e-01	   3.0249529918264734e-01	   3.1884987154396649e-01	   5.9600006141115758e-01	   5.4037466157802405e-01	   2.2527199151020219e-01	   4.0058220476533130e-01	   1.5525692140182104e-01	   2.0571390088594976e-01	   3.0385521735532306e-01	   3.5065134331043674e-01	   6.5825020648316068e-01	   5.5709900802554180e-01	   3.2542317335703846e-01	   4.0529563178147548e-01	   3.6596969097431481e-01	   2.0329956531978936e-02	   1.9453174694389724e-01	   4.2411255837639862e-02	   4.7115865997391614e-02	   9.9479326599063445e-02	   3.3616994968033392e-01	   2.6090874197643782e-01	   2.8903753211427596e-01	   1.6338146881426038e-01	   2.9740057379406021e-01	   1.1339208307182794e-01	  -1.4974535279126519e-02	  -1.5843582898873595e-01	  -1.0355943910061552e-01	  -3.7256822049940672e-02	  -9.0063934948738406e-02	   4.7549883938954138e-02	   4.8656425840709511e-01	   3.4797092132169705e-01	   4.5915140712703661e-01	   4.0590746804145772e-01	   3.4740015344534914e-01	   2.8488249232154894e-01	   6.3086890073647628e-01	   6.6624275400350241e-01	   5.0853121081012675e-01	   7.6314671988566896e-01	   3.8374559474607067e-01	   6.0266263157801370e-01	   2.9778426343479014e-01	   1.1917806902301158e-01	  -6.5730216106471328e-03	  -8.4265366705117469e-03	   2.6858814477056042e-01	   3.6891429404986231e-01	   3.5170836685476492e-01	   6.7669984798635197e-01	   3.9512719318127409e-01	   4.7153943271640703e-01	  -1.4615325160975989e-01	  -8.6785429925463967e-02	  -9.9397946618635685e-02	   2.9222215209007468e-01	   3.5898427316982778e-01	   2.3714072271782466e-01	  -6.1758774476891466e-02	   2.9492767642772927e-01	   3.2720427743316327e-01	   1.5485257233234540e-01	  -7.9052730027333509e-03	   5.9501227324314551e-02	
   3.7134688832447094e-01	   3.7094168619591217e-01	   5.7379276825933612e-01	   6.6797987433352213e-01	   6.9191522332871558e-01	   0.0000000000000000e+00	   7.5250811064326995e-01	   8.5137218578928342e-01	   7.4431954616869489e-01	   8.5431606287762052e-01	   3.8239655484057400e-01	   6.2923863633636157e-01	   4.3300855928635962e-01	   4.6551642636771573e-01	   4.7844440732096460e-01	   6.5848063242903898e-01	   5.9491248810916567e-02	  -7.0255141485320666e-02	   1.3318846896788955e-01	   1.1410939216531740e-01	  -5.5651077898727211e-02	   1.6305295263975766e-01	   4.9825117588627364e-02	  -5.7806451483726942e-02	   6.7375246318178053e-02	   1.2206642179151259e-01	  -1.1980665220861478e-01	   5.7288920316804798e-02	   3.1894526727516603e-01	   4.0947534600631458e-01	   3.6970490180737886e-01	   4.1719957821090031e-01	   3.2744863183507189e-01	   3.4095964881470786e-01	  -9.1512010535513874e-02	  -5.4131765558467951e-02	  -2.6836867613718746e-01	  -1.8397075955204995e-01	  -1.0972628733805502e-01	   4.6085285668014918e-02	   1.4683134548876608e-02	  -1.5104144480923676e-01	   1.1466046380514459e-01	   5.8531952532432277e-02	   1.0859127863625764e-01	   1.5711217955142423e-01	   7.5731166205225617e-02	   1.7617390711350853e-01	   3.0402393290292978e-01	   4.1374732497907607e-01	   4.4184423607021783e-01	   5.3512201201252574e-01	   6.6793931822206132e-01	   5.2473451231471446e-01	   3.8495683747409781e-01	   5.0083457874577197e-01	   2.0685557729433518e-01	   3.1831959552598432e-01	   5.5106470539342123e-01	   6.6021751427247310e-01	   7.0949596427553130e-01	   7.9552476426099228e-01	   2.6828293067357956e-01	   3.4266285982749800e-01	   1.7582244688965329e-01	   1.3523875074100539e-01	   3.5688462211338096e-01	   3.1064075065421259e-01	  -3.4386643872577949e-02	   1.5366752789738694e-01	   2.4373092886940662e-01	   4.6428812749766596e-01	   2.7915758343372249e-01	   2.2290363537042601e-01	   3.0860590798592269e-01	   2.1635223239114793e-01	   4.5136331492382512e-02	   2.9124443372103574e-02	  -1.5013648971978094e-01	  -4.9913263922835460e-02	  -5.3944867544903720e-02	  -1.8500220085038599e-01	   1.1422413836954894e-01	   1.9535555899705373e-01	   1.8629717293695264e-01	   2.4221361855177076e-01	   8.4304737353528156e-02	   7.2308967297724319e-02	   5.0890719966767473e-01	   6.9071412621296902e-01	   6.1277228190184718e-01	   5.5523862599596074e-01	   5.9601435303711403e-01	   4.4388108584876751e-01	   1.1840976007936078e-01	   1.2255119191174098e-01	   5.1688717743955517e-02	  -1.3464933401269967e-02	   3.9619337468162552e-01	   3.8859069539863655e-01	   5.8701908553814119e-01	   6.3192632350766986e-01	   5.0762604294407976e-01	   5.3091598368172654e-01	  -4.2592863340991924e-02	   4.9361044054348074e-02	   1.5029811491668510e-01	   5.0659716693243995e-01	   3.2148064626479744e-01	   1.9918702219844844e-01	  -2.5313539082318847e-03	   4.2397231497699350e-01	   4.4408153108523585e-01	   1.3754384501833228e-01	   7.3927176443892628e-02	   1.2849426287015242e-01	
   4.5134800471130154e-01	   3.5243134869519621e-01	   8.7426829900639957e-01	   6.2285057641711350e-01	   7.8977342289895491e-01	   7.5250811064326995e-01	   0.0000000000000000e+00	   8.1598507090605377e-01	   7.2489467935822527e-01	   6.6158124590228740e-01	   6.2575602317223400e-01	   5.5519310475705230e-01	   6.7536425601000238e-01	   6.2143414680148279e-01	   5.6928108221094775e-01	   5.4731897051533651e-01	   1.3565301368729366e-01	  -8.2845415734409913e-02	   2.4124075273967882e-01	   1.2124905177506795e-01	  -3.3206515175700724e-01	  -9.0244545782682650e-02	   3.3212516866304859e-01	   1.2045726967720971e-01	   2.5543434411073174e-01	   1.2099755070060766e-01	  -1.7551597460082224e-01	  -5.8318283784926678e-02	   4.1777036993283290e-01	   3.0347278744628081e-01	   5.5989668749359578e-01	   4.7333727973605844e-01	   5.0026922403869167e-01	   4.9355946789367616e-01	   3.0475417933230557e-02	  -2.3194783245720978e-02	  -2.5081723750352009e-01	  -1.7586454593404305e-01	  -1.6712022452863001e-01	  -6.3766296261320174e-02	   2.5457566439291101e-02	  -3.1938146638597381e-01	   1.9865915867152673e-01	   1.3747160612143888e-01	   1.3214116399172265e-01	   8.0583301400449850e-02	   1.4403339478477004e-01	   1.4317096841708071e-01	   2.9763007362140947e-01	   2.8130419368586856e-01	   3.6046018456927820e-01	   3.9044141566622192e-01	   6.0947615740668915e-01	   6.4018258829267238e-01	   3.2703792355231209e-01	   4.7054848287823703e-01	   2.1197053600323845e-01	   2.7272491131991428e-01	   4.8510358245715501e-01	   4.8322860614191820e-01	   7.8976084511156763e-01	   6.8834860262468223e-01	   3.5743653319750679e-01	   4.4196595373259384e-01	   4.1860091101833519e-01	   2.2921137888999754e-01	   4.9395942573275908e-01	   3.5680630317110829e-01	   2.1099656088946095e-01	   2.7801793297717403e-01	   3.7454553225302717e-01	   4.6354825361627183e-01	   4.4201806246912795e-01	   3.0329201493940428e-01	   4.0727020272153291e-01	   2.9048808619672811e-01	   5.5280511392605744e-02	  -6.1572629052208866e-02	  -2.1730652990251828e-02	  -4.8456257968779212e-02	   7.9669143233747158e-02	   6.6888440134233132e-02	   3.1125793123287793e-01	   5.6896463599852037e-02	   4.6025589665099975e-01	   4.7502938500180847e-01	   1.5840942516146059e-01	   2.4744569165567837e-01	   6.1487377328317883e-01	   6.9771614093999368e-01	   5.2151491230707858e-01	   7.6508792379174029e-01	   5.5158505041280181e-01	   7.0555732808765170e-01	   1.8375933825591373e-01	   1.2919844942520817e-01	  -8.1724081846745691e-02	  -1.3619075350858226e-01	   2.7411509422086056e-01	   3.5515924719485925e-01	   4.0316086794017181e-01	   7.2983359092247646e-01	   4.1582081657655084e-01	   5.4328149317352170e-01	   7.0987969748101246e-02	   2.0445826599775060e-01	   1.0262210354901669e-01	   3.7285320881958056e-01	   2.7743828347869182e-01	   1.0431359176807500e-01	  -7.4645828860920430e-02	   3.4659863428480764e-01	   4.4005161712404300e-01	   1.9462317646219632e-01	   1.8090125312201963e-01	   7.9845178469931888e-02	
   3.8795081632520567e-01	   3.7257135748497650e-01	   5.9067418904899238e-01	   8.5386973833918500e-01	   5.3582849197616245e-01	   8.5137218578928342e-01	   8.1598507090605377e-01	   0.0000000000000000e+00	   5.8859088508742763e-01	   7.3980155541764347e-01	   4.9137025923301347e-01	   6.3892466902649625e-01	   5.1376321165795868e-01	   5.7748908477267047e-01	   3.8787144059541029e-01	   5.6940643873307317e-01	   1.4806582034739055e-01	  -4.9639881492790833e-02	   1.0576413009757155e-01	   1.1302328275120678e-01	  -3.6462920912131852e-01	  -1.0172821706836203e-01	   1.2799263141669984e-01	   1.5928780672694154e-01	   9.9664566576721819e-02	   2.5086491099640296e-01	  -1.3536877797779362e-01	   3.4686983339381992e-02	   2.7933313959279660e-01	   2.6912079182268067e-01	   3.6984328997596005e-01	   4.0288348418423953e-01	   4.3664340993313544e-01	   4.9164360561017317e-01	   1.6013671674763207e-02	   2.8972838698075834e-02	  -3.4763628892894172e-01	  -2.9185320448004448e-01	  -2.0498579345236068e-01	  -3.6787471426621803e-02	  -4.7785169759156754e-02	  -3.6489027902463222e-01	   1.8717067245907054e-01	   1.8380843078853587e-01	   1.2549444214993979e-01	   1.5815740198780939e-01	   8.5081898695790276e-02	   1.9481869456386586e-01	   3.4508686620328372e-01	   4.0825175695506211e-01	   4.8347949136953272e-01	   5.5010731459590934e-01	   6.2711560068652950e-01	   6.1657163192149933e-01	   3.5001856820642741e-01	   4.4556682927348124e-01	   2.0618551104927119e-01	   3.1975336896331696e-01	   5.5234177796752071e-01	   6.2831563652736810e-01	   6.8319276847650867e-01	   7.6636784869317864e-01	   3.7582369809973615e-01	   4.7866310634618914e-01	   2.9697613849214877e-01	   3.9725076262337677e-01	   4.4738740148618117e-01	   4.6827671936400228e-01	   3.1291609487838996e-02	   1.9094028783444078e-01	   1.9169752921210659e-01	   5.0869556597294829e-01	   3.5686501731895220e-01	   3.0836727689113791e-01	   3.7516434782839825e-01	   3.4136209577163740e-01	   3.4037995811202607e-02	  -8.0164270958562687e-03	   2.3905320807832649e-02	  -2.4413099637210903e-02	   1.7687945733797492e-01	   3.6714321065341823e-02	   2.2691994826389037e-02	   5.8066963780965132e-02	   3.1776871318809313e-01	   4.2855162640139427e-01	   1.2805477171647577e-02	   2.0159549251800751e-01	   3.8229805090027508e-01	   6.1597977831646022e-01	   6.1158416997263443e-01	   5.7018478731985978e-01	   6.8216337064409616e-01	   4.9290092495952009e-01	   1.4887237367630674e-01	   1.5250102935075918e-01	   3.9027572416218208e-03	  -9.0427134447205432e-02	   3.3996558562114909e-01	   2.9015609068343196e-01	   5.9841985828942323e-01	   5.8143772856980025e-01	   4.9661619875354218e-01	   4.9823578242736088e-01	   1.6955728728085365e-01	   2.2143569981478559e-01	   2.5550146631973103e-01	   5.2970989053633744e-01	   2.6557447700590597e-01	   1.1067736765075174e-01	  -9.2088084866926850e-02	   3.7627271699434184e-01	   4.6901589282363298e-01	   1.9537391888296013e-01	   1.5360019700726024e-01	   8.4417031257510960e-02	
   4.4815237573664024e-01	   3.4402132589657952e-01	   6.3039296331046024e-01	   3.0115639179577597e-01	   8.2273941531320294e-01	   7.4431954616869489e-01	   7.2489467935822527e-01	   5.8859088508742763e-01	   0.0000000000000000e+00	   7.7645664325559349e-01	   4.9755286909468910e-01	   6.2802245040077787e-01	   5.2450447605383432e-01	   5.1691973204302077e-01	   4.9849970330737470e-01	   5.9486864999344902e-01	   1.7721557567087007e-01	   5.1965060812815177e-02	   4.0104363866431419e-01	   2.4597348174415623e-01	   1.0474671736066590e-01	   1.8036571209655899e-01	   1.0599958409249419e-01	  -1.7920092822341757e-01	   3.7650058673346198e-02	  -1.5199100217203651e-01	  -1.4340669824677063e-02	  -1.5373206927446526e-02	   5.1945634230249704e-01	   6.0473903790765493e-01	   3.1142066550453906e-01	   2.8601181712774415e-01	   3.4527902346092121e-01	   3.3167325099371187e-01	  -8.9714987103753641e-02	  -1.0556203265815467e-01	  -1.2519763400568165e-01	  -9.4020255527966209e-02	  -7.1666215694025287e-02	  -4.0275060125847799e-02	   1.4840727412585120e-01	   2.2920702822790250e-02	   2.8810846684757915e-02	   2.9057368911573556e-02	   1.4249594066450216e-01	   1.7981551008049887e-01	   1.0888309786940700e-01	   1.6941362164871768e-01	   1.9039804195419557e-01	   3.4565580989855216e-01	   1.9398955341398488e-01	   2.6341258054340044e-01	   5.3691772900236956e-01	   3.9012908312664984e-01	   2.3272114853632214e-01	   3.4018493808072703e-01	   2.1916843110796352e-01	   2.5312404560190266e-01	   3.9361477429249392e-01	   5.0056942926196579e-01	   7.0834254710370792e-01	   6.9653769776170205e-01	   2.8865509016861646e-01	   3.4617343393720612e-01	   2.2400890855890843e-01	   3.9841666735373545e-02	   1.6138282915311200e-01	   9.7672750368191633e-02	   4.2923742828008524e-02	   1.4680050346054951e-01	   2.9109744120275577e-01	   3.2107096752354281e-01	   2.6964809593137784e-01	   2.3823917237346690e-01	   2.9977891992246225e-01	   1.0736625045302894e-01	   1.2398494494427795e-01	   4.2200421071917710e-02	  -1.6086986396721548e-01	  -2.0620702010398874e-02	  -8.0301406186573401e-02	   2.7432267304507509e-02	   3.9577630650643336e-01	   3.3077697270995243e-01	   2.3210289891426195e-01	   2.3571301432186031e-01	   8.7289069506867711e-02	  -2.0687417030550437e-02	   6.0807508529125565e-01	   6.4014545598024031e-01	   6.3832276114478137e-01	   6.4065475481831702e-01	   5.1388738261050904e-01	   5.4996616247516361e-01	   1.0743849322635785e-01	  -2.0038303651193273e-02	  -6.8730170717821032e-02	  -5.3292538981429674e-02	   4.1479448036101679e-01	   4.1083775031029135e-01	   4.1587438109203417e-01	   7.1391490952920256e-01	   4.5178033050647493e-01	   5.0034469557725547e-01	  -1.4739481375438887e-01	  -7.3431948796487692e-02	  -9.6260424208757522e-02	   3.3247955208145041e-01	   2.0399826309599364e-01	   1.2176347326083817e-01	  -2.7638821761480713e-02	   3.0317970563533236e-01	   3.8861559006631508e-01	   1.2056494910175753e-02	   1.4471996856894702e-02	   2.0354955812717849e-02	
   4.2828341827225042e-01	   3.2608221068510779e-01	   4.8194541222535336e-01	   5.0429159152903358e-01	   5.6241180548716296e-01	   8.5431606287762052e-01	   6.6158124590228740e-01	   7.3980155541764347e-01	   7.7645664325559349e-01	   0.0000000000000000e+00	   4.7904163312259818e-01	   7.2880577429671822e-01	   4.8949763996285778e-01	   5.2594007623377759e-01	   4.0745739845252493e-01	   5.0601251278689996e-01	   9.6998744924168864e-02	  -1.0340062221877073e-02	   2.7057935194272120e-01	   1.7903272126679109e-01	   3.0136275391923116e-02	   1.3869913174234061e-01	  -1.5239370790149553e-01	  -2.7169095752991529e-01	  -2.0470513501426310e-01	  -1.2212831452310915e-01	  -1.7201498752992672e-01	  -4.0980469332187512e-02	   4.4395759010742247e-01	   5.2062879129231021e-01	   2.5057733159167067e-01	   2.5262804119474258e-01	   3.7967805619109385e-01	   3.1476663967470375e-01	  -1.3349713779867026e-01	  -1.0824743573000514e-01	  -1.4602185791987621e-01	  -6.4867613881041314e-02	  -1.8954037474921276e-02	   7.7193386408355311e-02	   1.4662395829816574e-01	  -6.1510845635869914e-02	   2.3404246723389997e-02	   4.1896840088407536e-02	   5.6901395588807406e-02	   1.3646828402507499e-01	   4.2477199274014867e-02	   1.6789086186445373e-01	   2.1479990156102646e-01	   4.6256979144004534e-01	   2.6048925532510347e-01	   4.5207988559557699e-01	   5.7729240422820971e-01	   3.9845361289038533e-01	   3.1854113623671637e-01	   4.2212869055065494e-01	   2.3440211153460039e-01	   3.0614260852360475e-01	   4.8870359047127188e-01	   6.6865956977498275e-01	   7.2211100559527908e-01	   7.9152556596801649e-01	   2.3001720242605583e-01	   3.3333207383696006e-01	   5.3822974241410873e-02	   4.4569199675094949e-02	   3.0783814359311451e-01	   2.6445298734235906e-01	   8.0591796145111777e-03	   1.9806242836736346e-01	   2.0151553987746468e-01	   3.9504849365283129e-01	   2.1767461734049220e-01	   2.0975153013164594e-01	   2.2318011666520798e-01	   1.2474928059623136e-01	   1.1384108755352293e-01	   9.2041876247407409e-02	  -1.6814314684130421e-01	  -3.0767729101489502e-05	  -4.3832274032514384e-02	  -1.2966721206880005e-01	   1.2418987114579461e-01	   1.3648028852336311e-01	   4.8251028293531381e-02	   8.8842147464131410e-02	  -1.0312216127213805e-01	  -2.0157162090112690e-01	   4.5819800337402627e-01	   6.3270456578546419e-01	   6.2060966179954979e-01	   4.8292629368006990e-01	   5.6085878000230938e-01	   3.5538796263520689e-01	   3.9591738083745012e-02	   1.1381378547216530e-02	   2.0625880630209138e-03	  -3.1798973583454210e-02	   4.3959897744999421e-01	   3.7516849891678050e-01	   5.8222691605548027e-01	   6.6066060333722720e-01	   4.8593162335239048e-01	   5.0643284616648498e-01	  -9.4968570712459482e-02	  -2.1697593901031230e-02	   2.6949259276214929e-02	   3.9246302663455235e-01	   1.6017928487957156e-01	   1.6970287041106252e-01	   2.0687300570580124e-02	   3.3484347725777508e-01	   3.8620081199270162e-01	   6.3974739498646849e-02	   8.5679823644172939e-02	   7.6755383648884110e-02	
   5.5477167016515860e-01	   5.4117647069819763e-01	   5.6869931820362418e-01	   2.7753836781789754e-01	   4.3752217248916486e-01	   3.8239655484057400e-01	   6.2575602317223400e-01	   4.9137025923301347e-01	   4.9755286909468910e-01	   4.7904163312259818e-01	   0.0000000000000000e+00	   7.0951429081363027e-01	   9.0612736982886544e-01	   8.4975876866660660e-01	   6.0704584178777199e-01	   4.6737450016127552e-01	   3.9933246412491230e-01	   1.1928604944412985e-01	   4.6423003354163250e-01	   3.7584604858717874e-01	  -3.7959214380360651e-01	  -2.3180141264055262e-01	   3.3518154629451502e-01	   2.5344915621992792e-01	   1.0759453413950680e-01	  -1.1427408246355611e-01	  -5.6909203962815062e-02	  -1.2607654142784191e-01	   5.6149095936637705e-01	   3.4749537418399656e-01	   2.4878952626260403e-01	   1.1194462008483477e-01	   4.7101845019976185e-01	   5.2705650043370600e-01	   1.1487971545407102e-01	   6.1462152314682814e-04	  -2.0129130629309777e-01	  -7.4291022736797621e-02	  -1.8523403643983938e-01	  -1.8254566387023349e-01	   1.1105971207356749e-01	  -2.2650091643697401e-01	   2.9601852625508179e-01	   3.8656762083362750e-01	   2.4819682568224405e-01	   3.0616438215232694e-01	   2.6617625925359278e-01	   2.3610280754905943e-01	   4.7328257945504193e-01	   5.0828302153967020e-01	   3.5060366677274063e-01	   3.8301514365932343e-01	   5.7502872785891168e-01	   4.6521412683642938e-01	   3.8324623593408214e-01	   4.1066013343598079e-01	   1.8047089032185204e-01	   2.9197142097566953e-01	   3.8699961724516541e-01	   3.6699203743142556e-01	   7.0109746947678953e-01	   3.9031247105057265e-01	   4.6935961044247398e-01	   5.3538233193295726e-01	   3.5007966826894171e-01	   1.4715930703050947e-01	   3.3443677241047953e-01	   1.8541318770086482e-01	   4.1811786624029756e-01	   4.7813794984226266e-01	   1.3586506043529811e-01	   2.7781766366418242e-01	   3.7477918846443992e-01	   4.1005721508638066e-01	   3.4626686185768180e-01	   3.1210552911260214e-01	   1.8389545581610020e-01	   1.5366879330243954e-01	   6.1321642226359295e-02	   6.8549951899186570e-02	   2.2816895140937171e-01	   3.9463499791649381e-01	   2.8012040709131097e-01	   8.3173059569352475e-02	   5.3329226331133361e-01	   5.6629642621923759e-01	   1.4196956607319025e-01	   1.9777886770452840e-01	   5.2268547890413153e-01	   6.1609120573502774e-01	   3.7243627452851513e-01	   5.3563868438955620e-01	   4.2268846512734232e-01	   5.7123301476654575e-01	   8.9739421811845382e-03	   1.2304053498980189e-02	  -7.2089367832379264e-02	  -2.3150297248584528e-01	   4.6539684265685433e-01	   3.9416145226665256e-01	   2.3769677734059597e-01	   6.3006251402255953e-01	   3.9673273231141404e-01	   5.0591904077594385e-01	   1.3832247683919863e-01	   1.6341033742392341e-01	   6.4921031195478651e-02	   1.5919899209463345e-01	   4.1167552866343500e-02	  -1.0592164653158806e-01	   5.1424210995408018e-02	   3.5957897878513279e-01	   4.8990643770213699e-01	   2.0016666574483558e-01	   2.6348741836298484e-01	   7.4102939023508577e-02	
   6.3317213501615133e-01	   6.1067435155362282e-01	   4.0057891830446224e-01	   4.5981274039338738e-01	   3.1665186894670716e-01	   6.2923863633636157e-01	   5.5519310475705230e-01	   6.3892466902649625e-01	   6.2802245040077787e-01	   7.2880577429671822e-01	   7.0951429081363027e-01	   0.0000000000000000e+00	   6.8698203808278369e-01	   7.9040430464586842e-01	   5.3973557107920200e-01	   5.7264383681708941e-01	   3.7045067208153815e-01	   1.8132223308653250e-01	   3.1124229665036957e-01	   3.0193625309620675e-01	  -1.1747236152538910e-01	   8.1534608890656470e-03	  -1.9812136596979224e-02	  -1.7556466021133161e-04	  -2.0178071650218909e-01	  -8.9786591566562685e-02	  -3.7501723300674680e-02	  -3.6892784407954460e-02	   6.1359511523504418e-01	   5.8049968810037722e-01	   8.1342366341289191e-02	   9.7229489836304542e-02	   4.2122950244712209e-01	   4.9194614218280452e-01	   1.5332598937856601e-01	   1.6655903582023107e-01	  -7.5712823362472551e-02	   6.4198510000889344e-02	   1.1824544474011192e-01	   8.4848377052754900e-02	   2.1414288855107344e-01	  -1.0472859639296424e-01	   2.7100487569249432e-01	   3.7484337584499616e-01	   2.5856756487687815e-01	   3.8692043195611464e-01	   3.0653728618091003e-01	   3.9489149022846010e-01	   4.4431684779598346e-01	   6.7249281208594269e-01	   4.0021744123971237e-01	   4.1870975374389868e-01	   5.7745991342939851e-01	   2.7050566825660427e-01	   4.7283528053132262e-01	   3.9139145712241596e-01	   3.5113366413140346e-01	   5.0245239664827757e-01	   6.4334341060715894e-01	   7.1697177047042437e-01	   7.3527290659876476e-01	   6.8094428708571353e-01	   4.0590628887362817e-01	   3.9846162197537910e-01	   1.5469939007794004e-01	   2.0423629514362929e-01	   4.4767967993134800e-01	   4.1973630026855380e-01	   2.2188525676016924e-01	   4.4543656218691285e-01	   1.8850526049772259e-01	   4.6303588988513211e-01	   4.4706270607876847e-01	   5.1921902573751633e-01	   4.2369611569920668e-01	   3.9721534320093227e-01	   3.2400966074561333e-01	   4.0138385821744038e-01	  -5.6854658418674001e-02	   2.3688179168721429e-02	   2.4316554213778696e-01	   1.5289274724194996e-01	   1.4343288216803232e-01	   7.7245311026011843e-02	   2.2116353685164311e-01	   2.9945901130003688e-01	  -7.7481608138443001e-02	  -6.2891724089677400e-02	   4.7944055136147701e-01	   6.2849275829829121e-01	   5.5836863151365645e-01	   4.0295160648448736e-01	   6.2730031125316399e-01	   4.9639983064189741e-01	  -1.6993326904086695e-01	  -2.4270154046970586e-02	  -4.3575745085811565e-02	  -1.4118455949599221e-01	   6.6202862188006550e-01	   4.9937353451782363e-01	   4.9925315696003381e-01	   6.7512237564396627e-01	   5.8565154994311941e-01	   6.3133252475030821e-01	   9.9858902647070646e-02	   1.9535168776472536e-01	   2.8906860213740249e-01	   3.7464443742084652e-01	   5.2496175306819215e-02	  -1.1172281217543613e-01	   1.7688802049093647e-01	   4.8867051393349692e-01	   5.6892791901835316e-01	   3.6712559674866668e-02	   2.3007411442363696e-01	   6.1920883497565013e-02	
   4.8037908031498244e-01	   4.3214258874977357e-01	   6.9187898011856797e-01	   3.1409545142869272e-01	   4.7170026150599659e-01	   4.3300855928635962e-01	   6.7536425601000238e-01	   5.1376321165795868e-01	   5.2450447605383432e-01	   4.8949763996285778e-01	   9.0612736982886544e-01	   6.8698203808278369e-01	   0.0000000000000000e+00	   8.9447425491168209e-01	   7.5357725500352046e-01	   5.5626343425110147e-01	   1.8974185416496253e-01	  -7.1894188529543421e-02	   2.5221971614164362e-01	   2.1272065499746493e-01	  -3.4323431785558001e-01	  -2.0143866873855348e-01	   4.1333799879029315e-01	   2.4984920625354648e-01	   1.5040882181065768e-01	  -1.1395062197890934e-01	  -1.4387665654233181e-01	  -2.3410567250615277e-01	   5.2148686344297401e-01	   3.4469760632487023e-01	   3.5630766709181227e-01	   2.3593765399872801e-01	   3.7119073469395986e-01	   4.2696898471918521e-01	   1.4860314349708628e-01	   7.8281146655105917e-03	  -1.3306322186357095e-01	   2.5813155208197811e-02	  -5.6138924746633553e-02	  -9.2933350501239298e-02	   1.9198777327629127e-01	  -1.8955774365278510e-01	   2.1790150735611036e-01	   3.0882145484695245e-01	   1.4951556941922001e-01	   1.9817812528395690e-01	   2.3215213725595168e-01	   1.7943560230548350e-01	   4.2393742990399885e-01	   4.8872648805785124e-01	   3.6001317950986828e-01	   3.2969326287300005e-01	   5.4282483025830763e-01	   3.7283337430152735e-01	   3.8918831480596405e-01	   4.0229057044121547e-01	   6.3837494072802259e-02	   1.9497492612255610e-01	   3.9481004242930917e-01	   3.6299907992492758e-01	   7.0784124701223505e-01	   4.7366166603272808e-01	   2.8604390556542936e-01	   3.8158774749203717e-01	   3.8396287725587003e-01	   1.4583371899509570e-01	   4.1344127688710786e-01	   2.5598340957418109e-01	   5.3824637584589607e-01	   5.9726890481976169e-01	   1.4458810451458348e-01	   2.6317571005233426e-01	   3.9035832642833657e-01	   3.1499716112700132e-01	   3.2563581187524288e-01	   2.1790965153872999e-01	   9.4239353577198329e-02	   5.7766952170837431e-02	  -1.0213538420224164e-01	   2.1049864436015205e-02	   1.9762134129530212e-01	   3.4778299873543495e-01	   4.1108317902493141e-01	   2.9062283330429147e-02	   5.4587898574770244e-01	   5.1953875943448025e-01	   2.0249329876827515e-01	   1.5692418472731715e-01	   6.2441906952759307e-01	   6.9328100397865156e-01	   3.5350014864113782e-01	   5.8803540050584646e-01	   4.1437705432908489e-01	   6.7345887065717858e-01	  -9.1297910787811201e-02	  -6.9336042070684667e-02	  -1.9229040577652279e-01	  -3.4236199863879679e-01	   4.0077804868402933e-01	   3.7380257340490841e-01	   2.1125777290383826e-01	   6.6843321480769435e-01	   3.4028337183929891e-01	   5.4971944289343577e-01	   1.7019764479131835e-01	   2.9816460683827389e-01	   1.0204744364386831e-01	   1.4178176492603561e-01	  -1.1801652809157556e-02	  -1.9357961859550013e-01	   1.9755472359614711e-03	   2.6081989475062051e-01	   4.3404259465816464e-01	   7.7851962016571893e-02	   1.7892904309067145e-01	  -4.2936746288964017e-02	
