   0.0000000000000000e+00	   5.7825928043159225e-01	   5.5090564191891778e-01	   5.5930313677312582e-01	   2.9777851032973446e-01	   3.2368469967772195e-01	   6.2925612676429110e-01	   5.4205327329069686e-01	   3.0969355187136705e-01	   2.5979112053859232e-01	   7.2305530917152527e-01	   5.3119274069529598e-01	   7.0559342769249489e-01	   5.6029314810785702e-01	   6.0357416448983081e-01	   6.0955202872808745e-01	   6.5604844731162215e-01	   5.1077268875928272e-01	   6.5118433185303282e-01	   5.5433703425274072e-01	   3.2797413850935597e-01	   1.5165500614360733e-01	   3.7245516197730821e-01	   2.9674334296577010e-01	   1.4148237060434490e-01	   1.7095052141659753e-01	   1.4750040281362697e-01	   1.0725851876473011e-01	   7.1155555248408819e-01	   6.4767819675721294e-01	   3.7024516896317372e-01	   3.7626489109614192e-01	   7.5149095953553580e-01	   7.0717390289168791e-01	   4.1400415206684349e-01	   4.0852594533146852e-01	   4.7235705032488928e-01	   4.5800385056327830e-01	   5.9812009487578266e-01	   4.8196221433385528e-01	   4.5709110642830492e-01	   5.7172804066353211e-01	   5.7435013500721366e-01	   6.2074808669506942e-01	   3.3232648936582126e-01	   4.3875952564950876e-01	   5.0015588899290031e-01	   5.0206985853404373e-01	   2.5698255972404072e-01	   3.0454037607656115e-01	   3.1218885549152070e-01	   3.4847330954272360e-01	   4.2284857213816229e-01	   3.2578658311780939e-01	   6.7983402898949863e-01	   6.7361622084282224e-01	   7.4496293786112178e-01	   5.3873083390146581e-01	   7.5918744797635707e-01	   6.6467080103254339e-01	   6.2802919422126813e-01	   4.3791077480053697e-01	   6.2240424999936694e-01	   6.0988442991068670e-01	   3.4546949909417102e-01	   4.0433325410815313e-01	   5.2498740380390796e-01	   5.5287403986105099e-01	   5.0115622275859084e-01	   3.8715475352798689e-01	   2.5591229624418221e-01	   1.5015378457898459e-01	   6.0257501211367337e-01	   4.6879396113343602e-01	   5.5466025494502091e-01	   3.6444417363213610e-01	   3.6377087760893090e-01	   2.4132458553145320e-01	   5.3473000880085997e-01	   5.8218619862103860e-01	   4.4492586452728289e-01	   4.8783125095200075e-01	   5.7439511303197377e-01	   5.8910063535487645e-01	   3.9188849322523239e-01	   4.9766454037071206e-01	   4.5152555166848451e-01	   5.2133279387005238e-01	   6.3293994335920156e-01	   7.2665151263904393e-01	   5.4751768565756076e-01	   5.3937550444722371e-01	   3.3584238658009508e-01	   4.8547782352138624e-01	   2.8959644774805676e-01	   2.8712533794548911e-01	   4.6052852272131584e-01	   3.7934620856776902e-01	   4.8958957797356517e-01	   6.0660155554058304e-01	   5.0338194202668518e-01	   6.7030525813253816e-01	   5.7080348270018988e-01	   5.9524955659421908e-01	   5.6864493790235437e-01	   4.5910748747622399e-01	   4.7539626499451032e-01	   5.5844600871732009e-01	   2.0049170822598536e-02	   7.4397291244246322e-02	   2.0370403843861845e-01	   3.0115236147432500e-01	   5.5685899607664846e-01	   4.3306961486892642e-01	   3.7308771706068544e-01	   9.3150403471287987e-02	
   5.7825928043159225e-01	   0.0000000000000000e+00	   2.0578029569156164e-01	   3.7424549449000288e-01	  -2.8947962075473940e-02	   2.0310172977590471e-01	   2.3014603464822880e-01	   4.2338506361312289e-01	  -3.4751548166705927e-02	   1.2997230487740685e-01	   5.6449373834939442e-01	   6.2874871769490936e-01	   4.9767370100248415e-01	   5.4501149372646140e-01	   2.9291391660151972e-01	   4.0665257911563246e-01	   6.1571967418928830e-01	   6.7708764930541565e-01	   4.5204438851964013e-01	   6.7441592384790294e-01	   2.6415163460740171e-01	   1.4244833262673257e-01	   2.2597457356164291e-01	   2.3144437732441431e-01	   3.8079387266357380e-02	   8.2575962987332358e-02	   1.1538487118438107e-01	   9.8080762562282237e-02	   5.4043980505669076e-01	   5.7762397760872775e-01	   8.4293011254078884e-02	   1.9787219810596335e-01	   4.7474818172964800e-01	   5.5975302826211704e-01	   7.5874053872826586e-02	   1.1221239585719096e-01	   2.8799777545171712e-01	   3.3319328299270712e-01	   4.5884531561524056e-01	   3.4595801439285456e-01	   2.7379429845069253e-01	   3.8920335050827881e-01	   5.8620426780773438e-01	   6.0074068159145788e-01	   3.7419368904254607e-01	   4.9027960355973499e-01	   5.7183633552145485e-01	   5.3178993536936070e-01	   3.5841448644206497e-01	   3.1512538772825904e-01	   4.6783881846400022e-01	   4.0203346668394002e-01	   3.6205003960356780e-01	   1.6646916708349715e-01	   5.9245550518366741e-01	   5.3473399473950833e-01	   5.2794177097603201e-01	   7.4498241716204427e-01	   4.3064709398693413e-01	   4.6555412624619585e-01	   3.8875377911386944e-01	   4.1006223530669750e-01	   5.7563709590980350e-01	   6.2609791910463097e-01	   3.1106203245299374e-01	   2.6766400319298789e-01	   2.3512136840503112e-01	   3.3879289790667255e-01	   2.8193629286361671e-01	   4.9850417419599158e-01	   1.1538375560630762e-02	   4.6389011703458619e-02	   2.3222220610557667e-01	   2.7396560360578748e-01	   1.6457327957941537e-01	   1.5088480886113587e-01	   3.2153854894273623e-02	   1.2833051831362563e-01	   6.7601037697761002e-01	   5.3730512293395816e-01	   6.7251669405566172e-01	   5.6690122107510799e-01	   3.1363335667697168e-01	   4.2663089620644745e-01	   4.6508750938832716e-01	   5.2456473907914014e-01	   1.9841986803259024e-01	   3.0578159654535042e-01	   4.0887601220057623e-01	   4.6716652417789639e-01	   3.9766900651193104e-01	   1.8592839214848916e-01	   2.4092445367572907e-01	   2.0832545880235986e-01	   2.2964484325733109e-01	   1.7017794401601546e-01	   3.7909738948312111e-01	   1.8908669633915420e-01	   4.4076981715810770e-01	   2.7040733463854294e-01	   3.0304431187881664e-01	   2.7382318115412574e-01	   3.3411324941430059e-01	   1.7295523447765920e-01	   3.0728105158792807e-01	   1.0550662417906848e-01	   1.8299121214365321e-01	   1.8691081547856025e-01	  -8.6546439712254421e-03	   1.4007519123430212e-01	   1.9876606239992065e-01	   3.6982683500829139e-01	   4.0850487068846020e-01	   4.0061456694990238e-01	   2.2341141643419099e-01	  -1.5091733822241080e-01	
   5.5090564191891778e-01	   2.0578029569156164e-01	   0.0000000000000000e+00	   8.1197192458374645e-01	   5.9643159541777901e-01	   3.5001740722479302e-01	   8.6823923457634655e-01	   6.3125907753436228e-01	   4.9045838833123867e-01	   2.4143308724629070e-01	   4.6245094537620463e-01	   3.4076618046322021e-01	   6.7077610949755906e-01	   5.3736126602548862e-01	   8.0266020011064998e-01	   6.8816722922425866e-01	   1.7319499822101264e-01	   7.0057250935240623e-02	   7.0271675294084857e-01	   5.9356896184700014e-01	   6.0604321188347854e-01	   3.6567247771170497e-01	   8.2863066398829655e-01	   7.5497113903802138e-01	   6.2299673138504874e-01	   5.6196309664867006e-01	   5.0789924740324532e-01	   4.1696981852572856e-01	   3.5053196552139421e-01	   3.7899971898857499e-01	   8.0300346875452022e-01	   7.2781426697069895e-01	   7.2566472640337198e-01	   6.5789698694890419e-01	   8.0997235610843554e-01	   7.5285444319461725e-01	   5.3396418349483321e-01	   4.8568319474663890e-01	   5.2829615215997183e-01	   4.3950571980023212e-01	   4.7770720227482688e-01	   6.4236478768577010e-01	   4.0794520062451722e-01	   3.8654147545927270e-01	   3.4050460821314177e-01	   2.9208323857807050e-01	   3.8243516499196867e-01	   3.6695798659665585e-01	   2.6012087466417466e-01	   2.5270985907120469e-01	   2.7884252060534531e-01	   2.3781979541336262e-01	   3.3721063332030682e-01	   2.5633655472225192e-01	   4.6073541430813647e-01	   3.9465225645830643e-01	   2.1659166979050229e-01	   1.2536020247272667e-01	   4.8325275348404390e-01	   3.0542359174225875e-01	   3.0309167348304278e-01	   1.3362494328555161e-01	   2.3383813098731226e-01	   2.6568612900612409e-01	   5.2485386335187900e-01	   5.3222183805212686e-01	   7.9588178807339671e-01	   6.9138462936245837e-01	   4.3250412251830106e-01	   3.9518919205232839e-01	   5.4445822472317840e-01	   4.8028265293410916e-01	   6.1956961736016658e-01	   5.0715502950133851e-01	   5.2676015198402393e-01	   4.9192317154480159e-01	   4.8143830653236491e-01	   2.9267150976542244e-01	   2.2120588343971498e-01	   2.1843333277314189e-01	   1.9830324500265784e-01	   4.1823871926141670e-01	   7.4227718171742740e-01	   5.8903875924223903e-01	   5.2535753838813726e-01	   6.4626875268906714e-01	   6.5114749775636860e-01	   5.8462873091774126e-01	   6.6644969671068088e-01	   4.9118233651482091e-01	   6.7115444793403956e-01	   7.6690516691440935e-01	   7.0834267648596438e-01	   8.4418120831753862e-01	   1.9400268037917762e-01	   1.6979010276619172e-01	   4.3151641348437331e-01	   2.1896972423069055e-01	   4.8055602245025014e-01	   5.1574820672935617e-01	   6.1707448126437137e-01	   7.1834898094633326e-01	   5.0357364593773002e-01	   4.5407614796700818e-01	   4.7180032273297268e-01	   4.9465474790611486e-01	   3.5992206061378584e-01	   3.9505474491972947e-01	   1.5801255877485332e-01	   1.8460855854935296e-01	   3.5971281714389580e-01	   2.0950892172277666e-01	   5.3677625490955916e-01	   2.3744759093953011e-01	   4.0019696465960258e-01	   2.7884171250708453e-02	
   5.5930313677312582e-01	   3.7424549449000288e-01	   8.1197192458374645e-01	   0.0000000000000000e+00	   4.5927216963671486e-01	   5.2674981942156551e-01	   6.8523726725688427e-01	   8.3077673800248797e-01	   4.0522272454416308e-01	   4.7942027252440839e-01	   4.1982998571967067e-01	   4.5328109166427344e-01	   5.5475982802844326e-01	   5.8866159407680363e-01	   6.8679192575289649e-01	   7.6494179336047852e-01	   2.2231812997985897e-01	   2.0753200327912852e-01	   7.1293712086021754e-01	   7.0103055313383056e-01	   5.2283282472441339e-01	   3.9275386114061073e-01	   7.6338480731444369e-01	   8.2454940668615939e-01	   5.5860280354705283e-01	   5.5696585808834131e-01	   4.9091947677884396e-01	   5.2480067375160866e-01	   4.0856358949025579e-01	   4.5338706026839332e-01	   7.0297450509757908e-01	   7.5364041980153074e-01	   6.5428747692194378e-01	   7.4107903859394464e-01	   6.8676480208366364e-01	   7.5234635925881410e-01	   5.6629482557925315e-01	   5.6197313132681892e-01	   5.8301702225337426e-01	   4.8064909806228240e-01	   5.3519715767480269e-01	   6.7696092707613231e-01	   5.5187288378771604e-01	   5.1517349992070249e-01	   2.8700566191386040e-01	   3.5078112262708050e-01	   5.4803424707055093e-01	   5.1435689366349790e-01	   2.5404567326154570e-01	   2.6465424465516385e-01	   4.2232367307945018e-01	   3.7692297781599893e-01	   5.1250913175192647e-01	   3.9709419683931146e-01	   6.3449415486625249e-01	   5.4112218655904731e-01	   2.4660891094646742e-01	   2.2419654438088438e-01	   4.9836104292913391e-01	   4.0586356146254859e-01	   3.4973334980856308e-01	   4.3139347881524492e-01	   2.3863021992062142e-01	   4.1469954804933518e-01	   5.3053013013517658e-01	   7.1853905468000723e-01	   6.3724678573748461e-01	   6.5834790485218375e-01	   3.5231360110114368e-01	   4.3310235732683922e-01	   4.5221446713192165e-01	   4.9657991534026763e-01	   6.4314241605995248e-01	   6.0505778793528575e-01	   5.4687936091028977e-01	   5.4850999587750227e-01	   4.3905028015947922e-01	   4.0122286642346461e-01	   3.0884313680305342e-01	   2.5169301640193742e-01	   2.3203847941877404e-01	   3.9281333891816067e-01	   6.1436223918569677e-01	   4.1934795070533915e-01	   4.7402275308248809e-01	   6.8167325259415568e-01	   5.1323045715034876e-01	   4.8367627083376308e-01	   6.6982185870951882e-01	   6.3604498879125049e-01	   7.4652090860731390e-01	   6.8427469192225521e-01	   8.2659789142707574e-01	   6.3902903220843910e-01	   3.0160400946205712e-01	   2.4330945470068846e-01	   5.3716726348957999e-01	   3.0076855016008730e-01	   6.1124674314955352e-01	   4.6651408477718437e-01	   6.1700699628298317e-01	   5.1822320738682093e-01	   4.5644604891152518e-01	   2.8008105976268183e-01	   5.0931369969914242e-01	   3.8315043922026976e-01	   5.1735326944610194e-01	   4.0643290166079954e-01	   2.2650689417928954e-01	   2.8428508227752969e-01	   4.7146727749030859e-01	   3.8123112199500886e-01	   5.7692338678975674e-01	   4.1879387007767438e-01	   5.0650344926837565e-01	   5.4484234693392489e-02	
   2.9777851032973446e-01	  -2.8947962075473940e-02	   5.9643159541777901e-01	   4.5927216963671486e-01	   0.0000000000000000e+00	   7.4544636068757919e-01	   6.8241948375839878e-01	   5.2137320132349640e-01	   9.3372376300910831e-01	   5.8346965631673786e-01	   3.1629291973172091e-01	   3.1493827792625029e-01	   5.0968437039243664e-01	   5.0775691718089933e-01	   7.9492916297027005e-01	   5.1167380361782888e-01	  -1.6734571750795638e-02	  -1.4732590033269555e-01	   3.7458668193241978e-01	   3.2011141569333529e-01	   4.3084436824680711e-01	   3.0479936572330968e-01	   4.9267686338534944e-01	   3.8231404261154095e-01	   4.5599776413609883e-01	   2.9281106736596568e-01	   2.5090231909812821e-01	   5.4657983360063868e-02	   1.9442773569372315e-01	   2.4365126931384137e-01	   4.7867517351797301e-01	   3.4698636454434550e-01	   4.2456362344534609e-01	   4.3979722454931741e-01	   5.1099552646079771e-01	   3.4820920581670650e-01	   1.4550000828944457e-01	   6.5099066775935993e-02	   1.6440340306774526e-01	   4.5247281995435928e-02	   4.1614375632217371e-01	   2.7298674977366760e-01	   1.8019497232444051e-01	   2.2518220068170247e-01	   2.8921522753611356e-01	   2.3886194542955225e-01	   1.3377524629300624e-01	   8.4433120018918367e-02	   2.4956020452449643e-01	   3.6996690232093987e-01	   2.3005211980203055e-01	   3.0662674178930155e-01	   2.9362591707034924e-01	   2.3723763696879743e-01	   1.8701184055198239e-01	   1.4017616278133721e-01	  -6.5418701558948534e-03	  -9.5075015255562875e-02	   4.5530870382129851e-01	   4.1755428139827300e-01	   2.6904254747996431e-01	   3.2661171567871639e-01	   1.7883182044573676e-01	   3.2699656002802230e-01	   2.2144149254716242e-01	   2.9510550695025184e-01	   6.3569566630671526e-01	   5.7398926594108268e-01	   1.6584701246046077e-01	   2.0985982832189753e-01	   3.7383481661320173e-01	   3.7335883555951277e-01	   3.6874079866645793e-01	   4.1185646222466454e-01	   2.8518139025181943e-01	   3.2391660510589987e-01	   2.8963497639772451e-01	   1.4821671481315807e-01	   3.3261523133672082e-02	  -7.3458703355143984e-02	   6.4377185616381088e-02	   2.2915392235580634e-01	   6.3436025895230752e-01	   3.8371682686178643e-01	   4.2420612927159129e-01	   4.1670784393735760e-01	   5.6659475802547954e-01	   4.0932897540226909e-01	   5.0161693579338751e-01	   3.3728435137860535e-01	   4.6552037508140909e-01	   4.7773520744249542e-01	   4.7786710573776336e-01	   5.6698154451068739e-01	  -4.3316164303914183e-02	  -1.2207300247017733e-01	   7.0889494142323706e-02	  -1.0169968670131221e-01	   2.4355877469989368e-01	   2.8548709964070884e-01	   6.2567021540304157e-01	   5.1731234408045867e-01	   5.4902921968493401e-01	   3.9237100325557533e-01	   3.6816636730143748e-01	   2.1242185893782425e-01	   2.9434777894338104e-01	   1.5304876041681470e-01	  -9.2666659116801178e-02	  -2.3375977555827935e-02	  -1.7842640269128497e-02	   2.1669792512238648e-02	   4.6071250798209562e-01	   9.4629729701392912e-02	   2.5234136153513481e-01	   6.7343236380676727e-02	
   3.2368469967772195e-01	   2.0310172977590471e-01	   3.5001740722479302e-01	   5.2674981942156551e-01	   7.4544636068757919e-01	   0.0000000000000000e+00	   4.8046336596188144e-01	   6.7223084359069307e-01	   7.0589339818943553e-01	   8.3127652927251816e-01	   3.8601963253926286e-01	   4.7264174259428171e-01	   4.5047564345033164e-01	   6.1999757508541564e-01	   6.6034928241503987e-01	   6.0654210183663348e-01	   1.2584483094656168e-01	   3.3473211771804713e-02	   3.7869536597260472e-01	   3.8647179834761725e-01	   4.3530440170105195e-01	   4.1441264225322272e-01	   4.1468015595529983e-01	   3.8882384092301803e-01	   3.5382097206623031e-01	   2.1709749430559525e-01	   1.4208110350672321e-01	  -1.7215341366727133e-02	   2.7251062881252947e-01	   3.2023075024407122e-01	   2.6496454027278515e-01	   2.3497579500048626e-01	   3.2411744942169413e-01	   4.9523440156670528e-01	   2.9812694093196312e-01	   2.7610939119413958e-01	   8.3747793345068849e-02	   3.0153440005118368e-02	   1.1798200130426456e-01	   2.8566991093069968e-02	   3.8756479499364621e-01	   2.1112973565590210e-01	   2.5506382793371973e-01	   2.7601991191254027e-01	   2.2270607596498429e-01	   2.6758043786728020e-01	   2.0337898266790369e-01	   1.5476321167522625e-01	   1.9651440762941980e-01	   3.5341152695530542e-01	   3.5000366112878056e-01	   4.3922142903555972e-01	   4.1911758961023593e-01	   3.1589592053753646e-01	   2.7938890307744590e-01	   2.0747532995890988e-01	   3.2777975388586685e-02	   2.0859631554643321e-02	   4.3172416411868608e-01	   4.9189750651740033e-01	   3.2100593126100746e-01	   5.8838622491441994e-01	   3.0344927401669330e-01	   5.0929887073252589e-01	   2.4883063735435090e-01	   3.9569248622780623e-01	   4.2558324292153310e-01	   5.0624303335618015e-01	  -5.1828110687192175e-02	   5.4064802669322912e-02	   3.3646836181687934e-01	   4.3245147404808887e-01	   3.7644464005207079e-01	   4.6008472146995183e-01	   2.9983541868989183e-01	   3.6107649057194763e-01	   1.9607308550624880e-01	   2.3070450305394302e-01	   1.8731801950848903e-01	  -4.2102102256558679e-02	   1.9094371430009416e-01	   2.1644002204966689e-01	   4.6173434398911867e-01	   2.0384492826359171e-01	   3.6941430718515444e-01	   3.5431755122772746e-01	   4.1433368723719738e-01	   3.5960181176214162e-01	   4.3150273871252454e-01	   3.4453417882652626e-01	   5.0769877853984591e-01	   3.7803422903506206e-01	   5.4405746763798724e-01	   4.1782043185959511e-01	  -1.7655341458927627e-02	  -4.3633373350047550e-02	   1.1063169631515411e-01	  -7.1183460205092225e-02	   3.8209393240731748e-01	   2.5936173446022093e-01	   6.7057329741564309e-01	   4.2186644695384035e-01	   5.9148883712965006e-01	   3.6155048072308721e-01	   4.4516602699523555e-01	   1.1708386211771293e-01	   4.5345782648049771e-01	   1.8549240556635166e-01	  -1.2709630045233722e-01	   2.8332351936253058e-03	   3.2612195333276223e-02	   2.2025478902778450e-01	   5.6667006529519970e-01	   2.8440690073378538e-01	   3.3405125550585124e-01	  -6.5191888605784423e-03	
   6.2925612676429110e-01	   2.3014603464822880e-01	   8.6823923457634655e-01	   6.8523726725688427e-01	   6.8241948375839878e-01	   4.8046336596188144e-01	   0.0000000000000000e+00	   7.1651190101346462e-01	   6.2080021838502419e-01	   3.2875641087562635e-01	   6.5378832458730196e-01	   4.8650881938298829e-01	   7.9276121735871641e-01	   6.4415537441777737e-01	   8.3119597323990146e-01	   6.6800555075849610e-01	   2.4963556294782652e-01	   9.6730253814233086e-02	   6.8423488439227143e-01	   5.3304816501254448e-01	   5.4408403177844034e-01	   2.5968033974584021e-01	   6.1158877463676242e-01	   4.9563213342635282e-01	   4.4347526227411033e-01	   3.6362078984450674e-01	   2.3003726647032097e-01	   9.4647400398417861e-02	   4.9283812134288868e-01	   4.7062195592706357e-01	   6.1131373112537279e-01	   4.9848713011363449e-01	   6.7029982476114136e-01	   6.5768708352905925e-01	   5.9349535111377971e-01	   5.3607396268186591e-01	   3.7890362156526702e-01	   3.2664055296711020e-01	   3.8355584273194321e-01	   3.4404162146134681e-01	   4.1358652805096163e-01	   4.9083164831623610e-01	   2.9696728252452564e-01	   3.3155524197930164e-01	   2.7685582983061396e-01	   2.8616176945499461e-01	   2.3178559056051157e-01	   2.5564910120916806e-01	   1.6125017059154662e-01	   2.7098137438272885e-01	   1.8736318826980486e-01	   2.2424516756822493e-01	   2.3370886049775402e-01	   1.6401568054015411e-01	   3.9035795202109025e-01	   3.4914317303262288e-01	   2.1589564980942100e-01	   1.1197634221195951e-01	   5.5164723589690823e-01	   4.4404234253336311e-01	   5.2539524092174905e-01	   3.5440926071271517e-01	   3.9097282750433232e-01	   4.5743776244321244e-01	   4.5425877560809552e-01	   4.3221197104425824e-01	   7.3626646544307361e-01	   6.4991255207220111e-01	   2.4437427851390958e-01	   2.1301996140922141e-01	   4.6352268856723777e-01	   4.0718939957546563e-01	   6.3635229502373059e-01	   5.0910403116463554e-01	   4.9821781440377810e-01	   4.4950950637644832e-01	   4.0178740804285673e-01	   2.5584901273425037e-01	   1.5456034609661215e-01	   1.7267537486856044e-01	   1.6376908140588264e-01	   3.1992981224971939e-01	   6.7906490866241676e-01	   4.9293547423359241e-01	   4.3746823666854895e-01	   5.2375541031018613e-01	   5.1906920607333706e-01	   5.0164052642702006e-01	   5.6623633244050386e-01	   4.5187710555093474e-01	   6.4546494752324146e-01	   7.4916441487646046e-01	   6.1228552004066394e-01	   8.1965398911611276e-01	   1.2743432086001466e-01	   1.2861608803323168e-01	   3.1558983897923198e-01	   1.9050654950196916e-01	   4.8653128655043165e-01	   5.9031822761976760e-01	   6.7182992758238957e-01	   7.8396168108021724e-01	   5.9084393944630564e-01	   5.6083882271393759e-01	   4.9771424931461861e-01	   4.5081578726447180e-01	   4.1316815190296197e-01	   4.2339920207912385e-01	  -3.2387658568637387e-02	   9.5028410306255612e-02	   1.5628109463637574e-01	   1.8953656986965284e-01	   5.9175696047743831e-01	   2.4795450927398263e-01	   3.7204166956866902e-01	   6.4361017774977880e-02	
   5.4205327329069686e-01	   4.2338506361312289e-01	   6.3125907753436228e-01	   8.3077673800248797e-01	   5.2137320132349640e-01	   6.7223084359069307e-01	   7.1651190101346462e-01	   0.0000000000000000e+00	   5.1235438831557767e-01	   5.8548142755733457e-01	   6.1541114116140649e-01	   7.5383889717299890e-01	   6.7429464053746690e-01	   8.0096191878720557e-01	   6.8454749998167741e-01	   7.3902728754337510e-01	   1.7994712471912827e-01	   1.6699600551902585e-01	   6.9020687051324336e-01	   7.0335668618292435e-01	   4.5467790906523148e-01	   2.8179645260149294e-01	   5.3179020519682763e-01	   5.8248592312082803e-01	   2.7624568326413484e-01	   2.2220309733125437e-01	   1.1484831107950558e-01	   1.0314082334426224e-01	   5.5227093975340136e-01	   5.8821594998586002e-01	   5.0581429706794701e-01	   5.2937214826886281e-01	   5.6905222489438967e-01	   7.6566837818450428e-01	   3.9327277835530450e-01	   4.5693971328865701e-01	   3.3543482758436688e-01	   3.5514075357903485e-01	   3.7102927312935619e-01	   3.3670904351975339e-01	   4.9137314761999973e-01	   5.1037067401905767e-01	   4.4462757412829856e-01	   4.7630881197493391e-01	   2.6077746510984268e-01	   3.7321335996560207e-01	   4.2382747519208108e-01	   4.4854911071653802e-01	   2.6945532009160511e-01	   4.1021839177886266e-01	   4.3961418708626010e-01	   4.8535100153278532e-01	   5.3772978507004388e-01	   3.9545165003905725e-01	   5.5554303185755116e-01	   4.6911305129310621e-01	   1.2127672245291742e-01	   1.2000119049011021e-01	   5.6249239336207946e-01	   5.7214818741810203e-01	   5.2316649520616387e-01	   7.2319580747930357e-01	   2.8507831880787293e-01	   6.1464954296674434e-01	   3.7758055953366054e-01	   5.6833733213596127e-01	   5.0377328419621592e-01	   5.5864790821848875e-01	   1.0277898796555007e-01	   2.1852802845253638e-01	   4.4494544528321511e-01	   5.3553115733366752e-01	   6.4387416368652217e-01	   6.5878207864159888e-01	   4.8772552443985584e-01	   5.5438728279480942e-01	   3.9764775803229629e-01	   4.6892428444741313e-01	   2.5358979779344470e-01	   1.4817843680474121e-01	   1.7904465522726920e-01	   2.6812497310217881e-01	   5.7591744855258786e-01	   3.2795961181494743e-01	   3.8680930984342993e-01	   5.6984270381928348e-01	   3.7528369361169933e-01	   3.3167337188972096e-01	   5.9874639203055280e-01	   6.1525779115207535e-01	   7.0831577967444459e-01	   5.6349578711388149e-01	   7.1417386576291197e-01	   5.3872273598072407e-01	   2.4143009303476171e-01	   2.1077492114643237e-01	   3.5154829066782944e-01	   2.3441618330764036e-01	   6.2937901338108426e-01	   4.4490039812114457e-01	   7.1306195389772231e-01	   5.0420736088638130e-01	   5.3745834672094306e-01	   3.5499971240847550e-01	   5.4108819868938762e-01	   3.4333997287958606e-01	   5.1310165674970243e-01	   3.8004433028025442e-01	   9.1849929205914560e-02	   2.0889826769580253e-01	   2.5067517101550690e-01	   3.4589524065877142e-01	   6.4407476579677669e-01	   4.8316558327475123e-01	   5.6465798030952208e-01	   6.3145357792693119e-02	
   3.0969355187136705e-01	  -3.4751548166705927e-02	   4.9045838833123867e-01	   4.0522272454416308e-01	   9.3372376300910831e-01	   7.0589339818943553e-01	   6.2080021838502419e-01	   5.1235438831557767e-01	   0.0000000000000000e+00	   5.8061648708787006e-01	   2.8806698938154046e-01	   3.1735175893976741e-01	   4.6690414409086417e-01	   4.3812978009745873e-01	   7.0604168649090226e-01	   4.0522451877341942e-01	  -2.3816572977999634e-02	  -1.3867833180698247e-01	   3.5699989936630949e-01	   2.9050928346737787e-01	   3.0265496822351545e-01	   2.5355696857907650e-01	   3.4676759722354111e-01	   2.4170164953883932e-01	   2.9683781976210394e-01	   1.6641898119694690e-01	   1.9922235773118896e-01	   2.2401550140222402e-02	   2.0586946325328584e-01	   2.6746972205740926e-01	   3.8342592507557949e-01	   2.6751090127140431e-01	   3.7918942289779928e-01	   3.9604268631859063e-01	   3.9200316251528688e-01	   2.5324217146084899e-01	   1.5696581082242991e-01	   5.3219734900928226e-02	   1.3271690339773262e-01	   6.7784746166232616e-03	   4.5398563300388012e-01	   2.4632428410642473e-01	   1.7814874364497441e-01	   2.1498568206291468e-01	   2.1681548507140197e-01	   1.5013565746983373e-01	   1.1146562782230188e-01	   5.2358240025932902e-02	   2.2539764029093853e-01	   3.7444202437699625e-01	   1.6175051901381354e-01	   3.0092884768701933e-01	   2.8719918233229091e-01	   2.2906710996754359e-01	   1.6383662556583506e-01	   1.2316453502894142e-01	   2.3225394934053928e-02	  -8.8240494770372976e-02	   4.1225945922720197e-01	   4.2408761644505061e-01	   2.6778768529064195e-01	   3.7101502855813440e-01	   1.5846789467036299e-01	   3.4946882585375066e-01	   7.5194727071562426e-02	   2.1142334962601095e-01	   5.3082496753722896e-01	   4.3847428547868439e-01	   9.6384836820350983e-02	   1.9090589813331907e-01	   3.4739420901676410e-01	   3.4163970903880969e-01	   3.8767489724998727e-01	   4.2177115515271607e-01	   3.0694472112106930e-01	   2.9781812457472956e-01	   3.3380956783979848e-01	   1.9035222770427124e-01	  -1.6851793570213706e-02	  -1.0848346876430096e-01	  -2.1344938296592401e-02	   1.1202835326970476e-01	   5.1788806945710930e-01	   2.6588488563156865e-01	   2.8698884837395594e-01	   3.0725398433466011e-01	   5.0134848655404485e-01	   2.7865751180033449e-01	   4.4571793060612958e-01	   3.1602779587405383e-01	   4.3998271830330543e-01	   4.1293397741735594e-01	   3.9274263614000254e-01	   4.6727467648271176e-01	   1.6250136881053614e-02	  -8.8239194019715805e-02	   8.9506851720477759e-02	  -3.5171534864612566e-02	   2.4053573308392578e-01	   2.9873034235550322e-01	   5.2273306297432898e-01	   4.3750579339911405e-01	   4.8265091054834897e-01	   3.4456009243697028e-01	   3.3569898619749128e-01	   1.8586741361284081e-01	   2.8213572575449863e-01	   1.4542690596147781e-01	  -1.6124090844542676e-02	   1.8445622117079293e-02	   2.4426466459214263e-03	   6.9042425940524177e-02	   4.4466600334513751e-01	   1.6240970151760487e-01	   3.1189918017509372e-01	   1.4238875609381696e-01	
   2.5979112053859232e-01	   1.2997230487740685e-01	   2.4143308724629070e-01	   4.7942027252440839e-01	   5.8346965631673786e-01	   8.3127652927251816e-01	   3.2875641087562635e-01	   5.8548142755733457e-01	   5.8061648708787006e-01	   0.0000000000000000e+00	   3.1824534644902630e-01	   3.3067688496903214e-01	   3.9804807017470395e-01	   5.3759407514949842e-01	   4.8176157348501558e-01	   5.6211258407849041e-01	   1.3721630211030689e-01	  -3.7298529571468952e-02	   3.5328143089226938e-01	   3.1866600769821374e-01	   4.3149372304168904e-01	   4.9001063108754062e-01	   3.7141856276410457e-01	   4.0956192192278473e-01	   2.3992222213604522e-01	   1.7081061898479519e-01	   1.7134812055162796e-01	   6.1606476248533659e-02	   2.3629279024726468e-01	   1.9605149441636327e-01	   2.2120239402806108e-01	   2.3017151040055683e-01	   2.4375595705945802e-01	   3.7244626369360573e-01	   1.6785001773722089e-01	   1.6447457536370283e-01	   1.1821229857358465e-01	  -1.3517063564435850e-02	   1.3872494491991877e-01	  -1.0245183995115878e-02	   3.1906592392409833e-01	   1.8806600037995530e-01	   2.5404634447633023e-01	   2.4393646698340615e-01	   9.4732026272396741e-02	   2.3129926413101093e-01	   2.8275501358644362e-01	   2.1697838583870932e-01	   6.0737734524557045e-02	   2.3417820164946790e-01	   3.9215210469925027e-01	   3.7165779621261941e-01	   4.6927851154521427e-01	   3.5713619626464116e-01	   3.0974301662144765e-01	   2.4779158075255409e-01	  -3.2339178824008871e-02	  -2.7915672692190731e-02	   3.8203044471737774e-01	   3.9392973394509989e-01	   2.9976932492772901e-01	   5.2604170315406995e-01	   2.9559710360507968e-01	   3.7491128227114745e-01	   2.3779642086294994e-01	   3.9787140766883278e-01	   2.7469206145525504e-01	   3.7161484085521035e-01	  -1.0951185716300742e-01	   2.5262999651855245e-02	   2.7685062054138171e-01	   4.5880465414124966e-01	   2.8372170353013471e-01	   3.2618045148805719e-01	   1.5211277703933174e-01	   1.8102088862932081e-01	   1.4010526936481849e-01	   1.3624913161054097e-01	   1.0509720898874531e-01	  -5.7171765402024968e-02	   1.7165662331133008e-01	   9.9493188011041234e-02	   2.8209007648068574e-01	   4.5540958269058400e-02	   3.3785533339939977e-01	   2.9696813388754284e-01	   2.5082885238981628e-01	   2.7817958550071703e-01	   4.1134736609638411e-01	   3.4964306192660249e-01	   4.5257638433200342e-01	   3.0267573180744645e-01	   4.7257684640250747e-01	   2.1040250551817341e-01	   2.7040339429759003e-02	  -1.3607355191922559e-02	   1.5733592473022373e-01	   9.3492463554379762e-03	   3.2042423301383860e-01	   1.8102073379190364e-01	   5.1735558551805094e-01	   3.0552055074078210e-01	   4.4948983091107864e-01	   2.3499111666649064e-01	   3.1335616015428491e-01	   1.8320325025572703e-03	   3.6157117745318862e-01	   2.2363070561136608e-01	   3.4282800210767003e-02	  -4.5019005202427180e-02	   1.1141565759364733e-01	   1.7025020509380551e-01	   3.9497308585059104e-01	   3.1079637897790291e-01	   1.9215612922134645e-01	  -5.8279072281599920e-03	
   7.2305530917152527e-01	   5.6449373834939442e-01	   4.6245094537620463e-01	   4.1982998571967067e-01	   3.1629291973172091e-01	   3.8601963253926286e-01	   6.5378832458730196e-01	   6.1541114116140649e-01	   2.8806698938154046e-01	   3.1824534644902630e-01	   0.0000000000000000e+00	   7.4056989332940737e-01	   8.6445284354508989e-01	   7.7441963979660533e-01	   5.6875247560942566e-01	   5.9502267434129097e-01	   6.2727773490576855e-01	   4.0617109897170417e-01	   5.8379390960868505e-01	   5.3473955453217503e-01	   4.5359479930931906e-01	   2.7575070318541867e-01	   3.4793531899661689e-01	   2.6152402086015997e-01	   6.3059640338655687e-02	   2.1284469570102594e-02	  -1.1557756737062204e-01	  -2.3223329744432464e-01	   8.1203703672388983e-01	   6.9174858925964844e-01	   2.8715881101473750e-01	   2.7328755893615186e-01	   6.5179658675805641e-01	   6.9562290070156307e-01	   1.9527328864166121e-01	   1.3906894304043077e-01	   1.1891900224356078e-01	   9.6075347933843647e-02	   2.8219847539182030e-01	   1.8448210109667973e-01	   3.0180665369138526e-01	   3.0401468856474673e-01	   4.1300543811533574e-01	   4.9559044053098478e-01	   3.2653088753492110e-01	   4.8338985823772596e-01	   3.5157612515091224e-01	   3.2538113673524310e-01	   1.7890653197327497e-01	   2.6845053054404144e-01	   2.6466298224293594e-01	   2.4760881354001590e-01	   2.8586504203136487e-01	   1.0690931632214981e-01	   4.4703557616414002e-01	   3.6219088073813432e-01	   4.4139702075374709e-01	   4.1088015884723572e-01	   5.5754639962338093e-01	   5.4767503940047990e-01	   7.1877562303091447e-01	   5.5359626631769876e-01	   7.6298340337611759e-01	   7.7267079253249005e-01	   3.6310795606277885e-01	   3.0707584755659700e-01	   3.7546180889362624e-01	   4.0232082110511752e-01	   1.3136737723159758e-01	   8.9323087930794395e-02	   3.7332260247877808e-01	   3.1244101647554690e-01	   4.7030800571778913e-01	   4.0403328465452498e-01	   3.4860520745677437e-01	   3.1520832015660694e-01	   1.1086278678523662e-01	   3.3928796561768511e-02	   4.5636196781561172e-01	   3.8172335655117823e-01	   4.9698953646280603e-01	   4.6911751929792495e-01	   4.9860827967014032e-01	   4.4488028348260689e-01	   4.8722980518238967e-01	   4.9762502751688986e-01	   3.1212956432460875e-01	   4.1967908705567897e-01	   4.7130470041571160e-01	   4.3121501722607858e-01	   4.2246837247823488e-01	   4.1848087216324537e-01	   3.0755577602511586e-01	   4.5550654268637480e-01	  -1.2713777494232869e-02	   4.3665117441057298e-02	   1.6472762843158500e-01	   1.2230558912689779e-01	   4.0320390415812124e-01	   4.1530923957575905e-01	   5.1652220422002748e-01	   6.5887370524157074e-01	   4.9456239351846221e-01	   5.7235417459758986e-01	   4.0951685191201737e-01	   2.3987671419868029e-01	   2.3809176345945776e-01	   3.4322873071729176e-01	  -1.2333357386281874e-01	  -1.5015808452311763e-01	  -4.1380873201343621e-02	   1.0638529512470554e-01	   4.2689852393176014e-01	   2.7718812986010183e-01	   1.6281326145867608e-01	  -2.0030791045945900e-01	
   5.3119274069529598e-01	   6.2874871769490936e-01	   3.4076618046322021e-01	   4.5328109166427344e-01	   3.1493827792625029e-01	   4.7264174259428171e-01	   4.8650881938298829e-01	   7.5383889717299890e-01	   3.1735175893976741e-01	   3.3067688496903214e-01	   7.4056989332940737e-01	   0.0000000000000000e+00	   6.3122268271333892e-01	   8.3130351537306435e-01	   4.1905136367209700e-01	   4.7716913531199578e-01	   3.1583734666220764e-01	   3.3303618619305630e-01	   5.8087682359276882e-01	   7.3220456075116269e-01	   2.3179246402808629e-01	   4.4271459192548955e-02	   2.1375624409295618e-01	   2.2951233738406621e-01	  -1.0919596264903320e-01	  -2.0362854608906139e-01	  -2.1393102291952465e-01	  -2.5822615944472083e-01	   6.6564751987849380e-01	   7.4293024485675363e-01	   2.0851613583875708e-01	   2.2205580942749228e-01	   4.7294706028853739e-01	   6.7505587752673235e-01	   5.0537646101855793e-02	   4.6847260361904959e-02	   1.0697829457151700e-01	   1.9143262938673414e-01	   2.4140088495438555e-01	   2.3865931119574396e-01	   4.2437383813942708e-01	   3.2412861804731419e-01	   3.5892582407691342e-01	   4.8094999342365763e-01	   2.1815349095385184e-01	   3.3966291559231787e-01	   3.2808412195496151e-01	   3.6260258925286726e-01	   2.6697714520138716e-01	   3.9825667046087943e-01	   3.7016077735195202e-01	   4.3311720378119112e-01	   4.4771815824179256e-01	   2.4169834553538388e-01	   4.4940676350822717e-01	   4.2391450533856689e-01	   1.8313717430291865e-01	   1.9752388158030523e-01	   4.8237141586048016e-01	   5.2649747567339822e-01	   5.2726947990066908e-01	   6.8736288635657550e-01	   3.8079306567452120e-01	   7.2062536539612854e-01	   1.4251774701568631e-01	   1.8551202613410098e-01	   2.2186085849314399e-01	   2.7493210115394978e-01	   3.1544054563449976e-02	   1.1781072741303067e-01	   2.9064442027198756e-01	   3.3522700966991675e-01	   4.9024272099278743e-01	   5.6568454524460121e-01	   3.8418335006178755e-01	   4.8083994933286323e-01	   3.2576233782736141e-01	   4.4601091309227681e-01	   4.2491560276586260e-01	   2.8043184967095602e-01	   2.7412582070766772e-01	   2.4817656462526605e-01	   4.3389951776901953e-01	   3.1076729392941282e-01	   2.3640494538938306e-01	   3.7117068825753652e-01	   2.3244534091318178e-01	   1.9511790751019831e-01	   3.9254925376087157e-01	   4.7757892513395017e-01	   4.9515314440346264e-01	   3.3579277460187218e-01	   4.1327919776889599e-01	   3.7182849304293708e-01	   1.9221456928943395e-01	   2.0473350710098703e-01	   1.7999522783037186e-01	   1.7657558206960672e-01	   5.5601840016372983e-01	   3.9382196647321543e-01	   6.1061011687519595e-01	   4.6611233094272708e-01	   5.1209264047917102e-01	   3.6635500936953125e-01	   5.2533966655539843e-01	   2.9695621516882653e-01	   3.3889836940091050e-01	   2.8330767183754485e-01	  -3.2251190010353176e-02	   4.3648185189946412e-02	   5.6868434405636853e-02	   3.5661907276043781e-01	   5.9836290361393241e-01	   4.9452990139360220e-01	   5.3826669576653396e-01	   4.8426572229988835e-02	
   7.0559342769249489e-01	   4.9767370100248415e-01	   6.7077610949755906e-01	   5.5475982802844326e-01	   5.0968437039243664e-01	   4.5047564345033164e-01	   7.9276121735871641e-01	   6.7429464053746690e-01	   4.6690414409086417e-01	   3.9804807017470395e-01	   8.6445284354508989e-01	   6.3122268271333892e-01	   0.0000000000000000e+00	   7.6612301144293782e-01	   7.6042302976771259e-01	   6.3024913379600433e-01	   4.6310206663178921e-01	   3.2358345925517684e-01	   6.1604841368677732e-01	   5.3896807867014174e-01	   5.7851872943522320e-01	   3.1636164293615121e-01	   5.4359945369964835e-01	   4.0412570393527691e-01	   2.5610788241588572e-01	   2.2217972999505342e-01	   1.6587090870833626e-01	  -8.1916445607386687e-03	   6.0194454902950512e-01	   5.4285316010978435e-01	   4.0901009117881004e-01	   3.4375398683880781e-01	   6.9291175175081099e-01	   6.9620310537612595e-01	   4.0752066246029145e-01	   3.5252808530110336e-01	   3.3624492289570518e-01	   2.5166776659535278e-01	   4.0703616898316697e-01	   2.8794505281524979e-01	   4.1706814552980565e-01	   4.8796867101173103e-01	   4.6827240408226345e-01	   4.8889181156881750e-01	   3.9702491067221313e-01	   4.8844934183110222e-01	   4.5295478471537465e-01	   4.3772915981688820e-01	   2.8819411452667437e-01	   4.4211399329382939e-01	   4.2578459205213337e-01	   4.3819147559680655e-01	   4.3972688332703719e-01	   3.2007730300510495e-01	   5.3846086627140921e-01	   4.5557839752881557e-01	   3.7596717288701331e-01	   3.9634369096818006e-01	   6.8136794057542194e-01	   6.3639289256117815e-01	   6.7587574291282748e-01	   4.6693194257256199e-01	   6.2860041708408276e-01	   6.5114358881620960e-01	   4.9191416008634192e-01	   4.3098318056650498e-01	   6.1537837417035401e-01	   5.8280664608172994e-01	   2.2120843880022506e-01	   2.7246989335972116e-01	   3.5473233103140162e-01	   3.5040030399651884e-01	   4.9938318143863036e-01	   4.3969021832571897e-01	   3.7219524783245567e-01	   3.2937611946660561e-01	   1.8503315804428938e-01	   6.8568582191898847e-02	   3.6899753532447255e-01	   3.5005825400476004e-01	   4.5743956044946765e-01	   5.1414054172302670e-01	   6.4911035268532880e-01	   5.5302304730409813e-01	   6.0881816128862121e-01	   6.4922886350172393e-01	   4.6834333391794342e-01	   5.0841368775083717e-01	   6.5893729620600638e-01	   5.8777715749852066e-01	   5.9141140037316242e-01	   5.8443813160504554e-01	   4.4030245574752258e-01	   6.4082847449147273e-01	   9.3674888002642093e-02	   1.0317739634288332e-01	   3.0593246623195358e-01	   1.3898919076091087e-01	   4.5743804071551797e-01	   4.7631803849995302e-01	   5.9146025805437874e-01	   7.2363715875905132e-01	   5.5475153652725029e-01	   5.3844715713573954e-01	   4.3633823683956063e-01	   3.2936766485487123e-01	   2.9283891323796807e-01	   4.2670095345909964e-01	  -2.8712518492917890e-02	  -2.8003488097429544e-02	   7.6695741583275523e-02	   1.3828316964509610e-01	   5.3763358807443451e-01	   3.2885297923765017e-01	   2.6679202671184066e-01	  -1.3537834273194360e-01	
