   0.0000000000000000e+00	   8.1977021094611668e-01	   7.0782605019219624e-01	   4.7108583692229655e-01	   5.8928852114253705e-01	   4.8616991996206971e-01	   7.5425998235796832e-01	   5.2848591971061332e-01	   5.0697145068119420e-01	   4.3715363662174123e-01	   8.4532386317426889e-01	   6.6496329523887565e-01	   6.9976367820234431e-01	   8.5714301606234033e-01	   6.4529735250884057e-01	   6.5378348692922739e-01	   7.5643867426864553e-01	   8.1888470920636047e-01	   8.8758887310311962e-01	   8.7154277755660137e-01	   2.8262525224307244e-01	   2.4590507169419007e-01	   5.6247352329513189e-01	   3.9759851637022858e-01	   2.2287553042803276e-01	   2.6486416610825209e-01	   1.8409055794422363e-01	   2.3948493363629553e-01	   7.9783480441158550e-01	   8.6693849052530725e-01	   6.3068325680005410e-01	   5.9826541773452080e-01	   8.6928978787726741e-01	   8.4848389248757061e-01	   1.9179410231528971e-01	   2.3158108215371997e-01	   4.7392726702991150e-01	   2.4583529303154897e-01	   6.7760997342648388e-01	   6.3929564091113233e-01	   6.9499913429688354e-01	   6.3819861845949910e-01	   5.1974658615123959e-01	   4.6709157462588813e-01	   5.3899552975460241e-01	   5.7042476075806370e-01	   6.2216129605127657e-01	   6.4766140353839297e-01	   6.2213407765062301e-01	   5.7612218836110696e-01	   5.3038458867293903e-01	   5.0647366244602732e-01	   5.4289346916610814e-01	   3.6357017890931909e-01	   7.7195832070904569e-01	   8.1580959132976227e-01	   8.0751790216578057e-01	   6.8395616534767456e-01	   8.1937843945874533e-01	   6.8174293421956489e-01	   7.6826034752050321e-01	   5.8742958442918680e-01	   7.4633171793978492e-01	   8.2421950640448971e-01	   1.8776979734135027e-01	   3.3605887879907070e-01	   6.6934750694399858e-01	   5.8855222038230859e-01	   7.2129215357790244e-01	   4.7545056586623213e-01	   3.8655295045908078e-01	   3.0915346342549460e-01	   8.0896102547852322e-01	   7.9784784635609252e-01	   7.8334089132712958e-01	   7.1184526596957243e-01	   8.1391794567154063e-01	   7.5713553649503940e-01	   7.3195887505408797e-01	   6.0480834940583406e-01	   8.2816226446074004e-01	   8.5660300480996021e-01	   6.3030123066058064e-01	   6.2770972458376639e-01	   6.8888831923142757e-01	   4.6934743429655762e-01	   3.8314099065278107e-01	   2.8258263252476645e-01	   6.1316688463483471e-01	   7.0768975548236368e-01	   5.8671545510704970e-01	   6.3877259155168675e-01	   3.5046711994646990e-01	   4.0563049100593712e-01	   3.0892315270642462e-01	   1.7193642915208271e-01	   6.0818661358905279e-01	   5.9475137244576859e-01	   7.5490396850517838e-01	   7.9618805330272302e-01	   6.2625858042776339e-01	   7.2655793043793715e-01	   6.8470590673293996e-01	   8.1208440444096630e-01	   4.5455937461824314e-01	   5.7207009248933050e-01	   2.8618808786065597e-01	   1.5843971186435343e-01	   4.6819951383426206e-01	   6.7029148602061672e-01	   4.4094133369649652e-01	   6.7076132572213720e-01	   5.4494600181997122e-01	   6.4566160536646422e-01	   5.0767360668938233e-01	   7.9580122627201558e-02	
   8.1977021094611668e-01	   0.0000000000000000e+00	   7.1982276606967677e-01	   6.6281438783947721e-01	   6.0547989078808662e-01	   5.7892278052741308e-01	   7.1872363179675836e-01	   5.6158484545339815e-01	   4.7166563377545700e-01	   3.7195931814829464e-01	   5.8763844751420102e-01	   5.1817491015841144e-01	   4.5696353208747886e-01	   6.1357967929051660e-01	   5.6858159055709923e-01	   6.2090059935338870e-01	   5.9548942504495495e-01	   8.2388490770339917e-01	   7.3154407578354907e-01	   8.8433607935542224e-01	   3.9162006192695337e-01	   4.0894952892364339e-01	   6.2068392985587573e-01	   5.2949936148242283e-01	   4.8046044796710985e-01	   5.5902433074946023e-01	   4.0416476974491666e-01	   4.4493441520318000e-01	   5.8046653659800496e-01	   7.0055577276756231e-01	   6.3130618012489648e-01	   6.4265320283467819e-01	   7.6165377333376549e-01	   7.4120125383967383e-01	   3.7898822896129680e-01	   3.9161761812235918e-01	   6.1029450647914163e-01	   4.4704799741477452e-01	   7.9326896877440167e-01	   7.9946981331510880e-01	   7.3226588902367995e-01	   7.0626770041083864e-01	   5.1936547536713928e-01	   4.6205362468468036e-01	   4.3680592332620694e-01	   4.6321830454161661e-01	   6.0616808317106086e-01	   6.8393933576721999e-01	   5.4779495486741925e-01	   6.0403181332992972e-01	   6.1720702437227848e-01	   6.3490519250325717e-01	   6.1412505985054977e-01	   5.5591483293482757e-01	   8.1203779952351618e-01	   8.1530809775512747e-01	   7.6357724870543231e-01	   9.0140135175664160e-01	   7.0447962026012756e-01	   7.3753829929641790e-01	   5.4531298992106336e-01	   4.2010246934949880e-01	   5.6119749098624983e-01	   6.8998828915809007e-01	   1.5197014882778889e-01	   3.3365762648677066e-01	   6.6515544198182819e-01	   6.4347279086834108e-01	   7.5735325473675852e-01	   6.9274980623612159e-01	   4.3673109822206396e-01	   4.2144513338963929e-01	   7.2770732920149062e-01	   7.6954026312982315e-01	   7.1346220038390973e-01	   6.2783955313430817e-01	   7.6263322535950873e-01	   7.8817637545275576e-01	   6.6684067344371623e-01	   6.8096450602826719e-01	   7.0809218343096914e-01	   7.7035792095720734e-01	   6.9963666586628437e-01	   7.0483488962290131e-01	   6.7814661896100414e-01	   5.3855632020308275e-01	   5.1358793398601299e-01	   4.4521824636580648e-01	   6.6379437936855246e-01	   7.7915925229437555e-01	   7.1903027585365153e-01	   7.5109203672046743e-01	   5.2388605952963108e-01	   5.3444671709780955e-01	   5.0108340442143950e-01	   4.1540154557383946e-01	   7.5754613416674399e-01	   7.9723629270459218e-01	   8.4167265025168936e-01	   8.1795627057173703e-01	   6.4940571235829880e-01	   6.9673946713787416e-01	   7.2414100974714524e-01	   7.9704815338897195e-01	   6.7051591328367532e-01	   7.0976909544160782e-01	   4.4768224294792280e-01	   2.3893703832260102e-01	   4.1459389306494315e-01	   7.4177220006856071e-01	   6.8511035770678763e-01	   7.9730788230903005e-01	   7.2737620399380809e-01	   6.8244623408928118e-01	   6.1766731770502958e-01	   8.1603273275345500e-02	
   7.0782605019219624e-01	   7.1982276606967677e-01	   0.0000000000000000e+00	   6.3692021578427305e-01	   6.6858802029638775e-01	   4.8517131766493665e-01	   8.5629367311224769e-01	   4.7258528175473791e-01	   4.9611023261412818e-01	   3.5672348377921576e-01	   4.9357505011416070e-01	   2.6697147057366150e-01	   3.4078041169385864e-01	   5.3008947258459782e-01	   6.8825521002055612e-01	   6.3299681517107464e-01	   2.8951627938704894e-01	   5.0685018597442089e-01	   6.6534847017278353e-01	   7.1864161598617982e-01	   5.1957817621201463e-01	   4.7833298895414167e-01	   8.2108154158871882e-01	   6.7334800532283101e-01	   6.6937947160110656e-01	   6.5962159075176441e-01	   5.1168075857610051e-01	   4.9649562509362288e-01	   3.4764614866615762e-01	   5.0781479444538136e-01	   7.3749805222808984e-01	   6.6383681233504888e-01	   7.1097272330064809e-01	   6.4349022602049399e-01	   6.2811112271736658e-01	   5.7214150708032174e-01	   5.7851943173047193e-01	   5.6661294008824736e-01	   6.4365204576373103e-01	   6.7345758858012783e-01	   6.1418061699879078e-01	   6.3267295142124835e-01	   5.4426567581163865e-01	   4.7566972643153826e-01	   4.9878160080709699e-01	   4.5672995438130043e-01	   6.3203749756056526e-01	   6.0204014865803490e-01	   5.4692561745334967e-01	   5.0193229786267146e-01	   6.7453165052971231e-01	   5.7483734587742630e-01	   5.6225819648293152e-01	   4.3978297343141876e-01	   6.1003819834957618e-01	   6.6762713726606171e-01	   5.5637300958962010e-01	   6.4970101284713011e-01	   6.2812722258010223e-01	   5.9775406343293214e-01	   4.2198039106306451e-01	   2.2075202778754846e-01	   2.9775245020373475e-01	   4.6038886758218556e-01	   3.6025291018911504e-01	   3.2696104788442198e-01	   7.5121897106430535e-01	   7.1840312813722917e-01	   6.9508161503393939e-01	   6.2142230089737771e-01	   6.0151332112858980e-01	   4.8159722083728962e-01	   5.4775119957413554e-01	   5.2693948197715157e-01	   5.0714096229005434e-01	   4.1640358450096704e-01	   5.4141736512698069e-01	   5.3470379922480649e-01	   4.2942785991513288e-01	   4.6071465922629751e-01	   5.3137656601793848e-01	   6.7681836445036259e-01	   8.0904724901909508e-01	   7.0994938511567862e-01	   7.8614719993079474e-01	   6.7842705694189620e-01	   7.0612960194671448e-01	   5.9246502014852720e-01	   6.7307730578556191e-01	   7.8710804018587766e-01	   6.2747202836553728e-01	   7.7333155934603537e-01	   5.2977896468773111e-01	   7.2558475795123012e-01	   2.9118582143571592e-01	   3.1357668738923644e-01	   6.4602438148267183e-01	   6.9058725189613290e-01	   6.4376655627739676e-01	   6.3606119648957615e-01	   5.1776739533304206e-01	   7.8204904125606400e-01	   5.6387022879935811e-01	   7.5563976118179355e-01	   6.0328086850627050e-01	   7.3386716726584389e-01	   4.5504310800622860e-01	   2.6130305960864170e-01	   2.7370190311496151e-01	   5.6811600726324252e-01	   6.8177455874374160e-01	   6.7310085961262345e-01	   6.1877423110836394e-01	   6.0764011134283624e-01	   4.5956634414416342e-01	  -1.1396899889349987e-01	
   4.7108583692229655e-01	   6.6281438783947721e-01	   6.3692021578427305e-01	   0.0000000000000000e+00	   7.0997064593883230e-01	   7.8125543376316642e-01	   7.4613419933017866e-01	   8.5958633561827802e-01	   6.4791622910089919e-01	   6.2994533321830082e-01	   2.2996691282066073e-01	   4.3960661385776645e-01	   2.2128169804720854e-01	   4.3088506775239166e-01	   4.0731364649566432e-01	   7.1757511636344551e-01	   2.1546273784336362e-01	   4.1740929507830138e-01	   2.9251477069734433e-01	   6.3325214692658893e-01	   2.4348266635928753e-01	   3.1452797517580261e-01	   6.3723969566781191e-01	   7.4964032286573645e-01	   5.1194518497305708e-01	   6.9493006225165133e-01	   3.5410709310183763e-01	   3.6964595827997693e-01	   2.0123080361007423e-01	   3.9153738934263427e-01	   5.4621679805572565e-01	   6.9412882426176270e-01	   5.4234246277749965e-01	   6.1256946056089179e-01	   5.7499217272311087e-01	   6.3404652401183692e-01	   4.6189438791780291e-01	   3.9255760606259571e-01	   6.0573212300645096e-01	   6.5094168973760369e-01	   5.3163769102676250e-01	   5.6675200139575810e-01	   3.8270358289682366e-01	   3.1543977360848263e-01	   4.2211274958719991e-01	   4.5562058260361132e-01	   5.1673467439614729e-01	   5.1153520227771632e-01	   4.6627149701059528e-01	   5.0370501598067130e-01	   6.1312241926237310e-01	   5.9778089887926789e-01	   5.4184037212466429e-01	   3.7970350390720831e-01	   5.7795361688262392e-01	   5.8450198197594005e-01	   3.6479276065414645e-01	   5.1477094808596857e-01	   4.3315548708998242e-01	   5.6972080694942995e-01	   3.3626018156088916e-01	   4.7023002363794214e-01	   2.4780756291436404e-01	   4.9351153279098109e-01	   4.5153431182646159e-01	   7.1222955289019474e-01	   6.1019615238712477e-01	   7.2412537401690324e-01	   4.7274153395928947e-01	   5.1798846385801356e-01	   2.7410120377133818e-01	   4.6837090599718167e-01	   4.2901597575406214e-01	   5.0330005751348106e-01	   4.2018272076226715e-01	   3.9515929967472974e-01	   4.2547690542596450e-01	   4.7663696118113630e-01	   2.3020196420491421e-01	   2.6554313547711711e-01	   3.4921381803650930e-01	   4.5753821150822632e-01	   5.4336198790504164e-01	   5.7249916017526536e-01	   5.4417758795731308e-01	   6.6632386072501792e-01	   4.8432292393556070e-01	   4.9152349423269848e-01	   5.8144509568081859e-01	   7.1784626502394289e-01	   7.8518060292866343e-01	   6.9267882917850199e-01	   8.3251479603985601e-01	   6.4141565874767570e-01	   4.1726326443483919e-01	   3.5471453130409536e-01	   7.1414639738276309e-01	   7.3420335296762562e-01	   7.2143713475614557e-01	   5.6076937756861256e-01	   7.2534201574498369e-01	   6.6771276772063470e-01	   6.3248083484845996e-01	   6.4445307640691307e-01	   7.6668854642864348e-01	   6.1612378599961826e-01	   5.4576282820580446e-01	   3.6309892874515415e-01	   1.7955243205750179e-01	   5.8682023111017934e-01	   7.1503985519809254e-01	   7.0093316898771785e-01	   6.4514207560951453e-01	   6.2527182000312187e-01	   4.7125527511159360e-01	  -4.9580326252540892e-02	
   5.8928852114253705e-01	   6.0547989078808662e-01	   6.6858802029638775e-01	   7.0997064593883230e-01	   0.0000000000000000e+00	   8.4429012893143052e-01	   8.0974060351435384e-01	   7.7062306023252436e-01	   8.7133234642755375e-01	   6.5316933816572464e-01	   4.6282358328801421e-01	   5.6238603858995539e-01	   5.5428081184796985e-01	   5.5027068840936944e-01	   6.2418356973097566e-01	   6.7297793165582620e-01	   1.9756170630569989e-01	   4.0141097243921986e-01	   4.3576924490311730e-01	   6.1504218406723132e-01	   4.1150755538235989e-01	   4.4219198960042871e-01	   5.8495327397981700e-01	   5.1375706725508352e-01	   5.5893628647009708e-01	   6.6542901416270173e-01	   5.2586783237217261e-01	   5.1336939129508985e-01	   3.2472440420170212e-01	   4.7301630043324472e-01	   4.7741489847441593e-01	   5.0341465134218832e-01	   5.1144760265298350e-01	   5.2983938000305875e-01	   3.6546672111189532e-01	   3.6469258913656366e-01	   2.5759045116402679e-01	   2.0746450677292649e-01	   4.6168692969146186e-01	   4.5574288764668819e-01	   4.3214797201027888e-01	   5.1686812112125113e-01	   3.2743027260180746e-01	   2.8609469095453383e-01	   5.4174897337977956e-01	   5.1894461177205886e-01	   4.5975771746585520e-01	   4.4515461294465108e-01	   6.6995273891064833e-01	   6.4934985688011593e-01	   6.6289894295278207e-01	   6.4814490282417747e-01	   5.4535464481839435e-01	   3.8689289295095913e-01	   4.8664031098912514e-01	   5.5435654973559589e-01	   3.6368907631771002e-01	   4.3003744464952642e-01	   6.5061366456185610e-01	   6.1132820780535124e-01	   5.9285077164307476e-01	   6.1768079053799974e-01	   3.0112679979017792e-01	   6.0214776708456974e-01	   5.8726311579006452e-01	   7.0291793773990618e-01	   5.7874076777872752e-01	   5.8038515676265900e-01	   4.8315426152457625e-01	   4.3473775017447014e-01	   3.7416946282404018e-01	   5.4003273585608857e-01	   4.3571221211757150e-01	   4.8777631891527840e-01	   4.3582109526382523e-01	   4.6225835796368075e-01	   3.7227106725155129e-01	   3.6977582696550021e-01	   1.4618777960827933e-01	   1.5112097914342465e-01	   3.5503801066950114e-01	   5.3119641501494574e-01	   4.9879375454037084e-01	   5.0845014942607580e-01	   4.9220851817725592e-01	   5.3437323743730458e-01	   4.5790932969394416e-01	   3.5007608141973046e-01	   6.4933312059411785e-01	   7.6382787573217525e-01	   7.5624516322863444e-01	   7.8923344111135574e-01	   7.5955242974203496e-01	   6.7738975826195857e-01	   2.9351493835814874e-01	   3.0709804026467269e-01	   4.6179737769638696e-01	   5.6117623470383327e-01	   6.8609245490525350e-01	   5.7888143606165143e-01	   7.5667310760445750e-01	   8.0010483844306690e-01	   6.1000042878124283e-01	   6.7040234646710939e-01	   5.3074101283618269e-01	   5.0562011163214016e-01	   4.9158690946087374e-01	   1.8464704156520645e-01	   1.4422646869548011e-01	   4.2171007645657138e-01	   4.4394459148243526e-01	   5.5516883287811614e-01	   6.1205533260964240e-01	   5.5119066014875773e-01	   3.2733607824876493e-01	  -1.3638816880710433e-01	
   4.8616991996206971e-01	   5.7892278052741308e-01	   4.8517131766493665e-01	   7.8125543376316642e-01	   8.4429012893143052e-01	   0.0000000000000000e+00	   6.5525989884317259e-01	   8.5943464097697042e-01	   7.0879214277828251e-01	   7.8543036057459403e-01	   3.8508638858766187e-01	   6.4030862564236968e-01	   3.8724653677442411e-01	   5.4101251039027409e-01	   4.0897131545470522e-01	   6.7625496482830671e-01	   2.1776567068665309e-01	   3.8754119391043396e-01	   3.5222141584421507e-01	   6.1601292821708109e-01	   2.9975094084510023e-01	   4.1738719873351621e-01	   4.9371586951905877e-01	   5.3394302756564593e-01	   4.2831907672426789e-01	   6.4752784897918958e-01	   4.0047345281842811e-01	   4.5791279168725058e-01	   2.8946439794579709e-01	   4.7874944985667989e-01	   4.1549093698710854e-01	   5.1295425162657182e-01	   4.3555780347761541e-01	   4.9991612334577307e-01	   2.4621037848140101e-01	   3.2092844175944224e-01	   1.7910752191907997e-01	   1.1689526864697791e-01	   4.6113765164386955e-01	   5.3899271497085444e-01	   4.0387531302000368e-01	   5.2651301151512886e-01	   3.5716862209133776e-01	   3.3518997317703503e-01	   5.0730508325545642e-01	   5.4049104353721011e-01	   5.0199098694454691e-01	   4.8952377927434548e-01	   6.4887497196887622e-01	   7.4271139499204941e-01	   5.9955379960734745e-01	   7.2672793227094057e-01	   5.7437219591946664e-01	   4.5795337543622566e-01	   5.5245532752887005e-01	   6.1573487614757272e-01	   2.9408474118877936e-01	   4.2359953638723447e-01	   6.0026569902953852e-01	   7.0335507224197991e-01	   5.3306603619119430e-01	   7.2495035263561380e-01	   3.3721159196898076e-01	   6.6303759235992132e-01	   3.9131867922705899e-01	   7.3237526570845346e-01	   4.3292902633082886e-01	   5.2644500079187084e-01	   4.2306998507673654e-01	   4.4833534578566969e-01	   2.3563515909951266e-01	   5.0841251936727827e-01	   3.7565802031142159e-01	   4.9135584762197365e-01	   3.4963614695796896e-01	   3.9096150007428354e-01	   3.6301708265755878e-01	   3.7513542025650176e-01	   7.7218641448234898e-02	   8.0427407447284507e-02	   2.6745800150746801e-01	   4.0163628969967513e-01	   4.1290879402888103e-01	   5.3270999269763697e-01	   3.6786971514064576e-01	   4.6273879499570036e-01	   3.6426250946949257e-01	   3.2586515629378254e-01	   5.2102153871008583e-01	   7.0466694188699308e-01	   8.2944542291552825e-01	   7.2873886155280143e-01	   8.0062789698976977e-01	   5.6551369613793523e-01	   3.8366524342003439e-01	   3.9123432512490569e-01	   4.9541570599893858e-01	   6.2735863642022138e-01	   7.8822916693068079e-01	   6.4032692980491834e-01	   8.3695876275350889e-01	   7.0999753065674576e-01	   7.1987004274510491e-01	   6.6545991126447845e-01	   6.7456894618944085e-01	   5.5566732356433168e-01	   5.5204218230834612e-01	   3.1641332821074097e-01	   1.0130064446209396e-01	   3.9990698649246842e-01	   4.4508285163964884e-01	   6.6436746919727385e-01	   7.0743644474890843e-01	   6.5688537783042467e-01	   4.4351432996557383e-01	   2.5012860997718066e-02	
   7.5425998235796832e-01	   7.1872363179675836e-01	   8.5629367311224769e-01	   7.4613419933017866e-01	   8.0974060351435384e-01	   6.5525989884317259e-01	   0.0000000000000000e+00	   7.5325523777492587e-01	   7.3965317333152492e-01	   5.6281173530391937e-01	   6.0548161743988982e-01	   5.6720116835082268e-01	   5.8315562954103917e-01	   6.4876929650708670e-01	   5.8566805996481319e-01	   7.2846028923212836e-01	   3.9011226317495151e-01	   5.5259757262543119e-01	   6.2096938089243392e-01	   7.3922881776026250e-01	   2.7871729163956138e-01	   2.6967015765977814e-01	   6.4382556973964589e-01	   5.7174663992212926e-01	   4.3910896533514754e-01	   5.2018023989691886e-01	   3.3998361836455365e-01	   3.6093864011021837e-01	   5.1577410725800854e-01	   6.2883149634882329e-01	   5.9836125823041952e-01	   6.2789552286179195e-01	   6.9625782268055714e-01	   7.3318373667284908e-01	   4.4143145006321238e-01	   4.8452939973168163e-01	   4.4646595929364363e-01	   3.4109302092601823e-01	   6.3139255510426229e-01	   6.3616072820428327e-01	   6.2213106118008277e-01	   6.0963147446508792e-01	   5.2989063942783543e-01	   4.9045093259608902e-01	   6.3982405124095743e-01	   6.3071106574350955e-01	   6.4583064491082665e-01	   6.1065857244222876e-01	   6.8172811028500013e-01	   5.9379469426081477e-01	   7.0200456035504266e-01	   6.1044132322377376e-01	   5.3815282060591885e-01	   4.5182059419189374e-01	   6.5182102148512111e-01	   6.7495988908130267e-01	   5.0460406832961380e-01	   5.1759127766006652e-01	   6.8234255645656894e-01	   5.9194849009589090e-01	   6.0520439341714938e-01	   5.2319849320410683e-01	   4.3401125096610704e-01	   6.1172773382725176e-01	   5.4117648402389029e-01	   6.0210177090005246e-01	   7.6518098046756955e-01	   7.4969540083105102e-01	   5.4062104112410125e-01	   4.1644839795043398e-01	   3.9837228415744064e-01	   4.1922140859974721e-01	   6.1312481181398271e-01	   6.5335087144698212e-01	   6.0991121907890855e-01	   5.5767827506276102e-01	   5.7467396369016244e-01	   5.3644411058551256e-01	   4.1872932097784493e-01	   3.2237516937514971e-01	   5.5665006944959317e-01	   6.6193543716665781e-01	   6.0966112915689941e-01	   6.1758774731875732e-01	   6.6828763162845506e-01	   6.2229782492010044e-01	   4.7664576839759532e-01	   4.1610803064167096e-01	   7.1343334165331118e-01	   7.5473523460620262e-01	   6.8938317898498702e-01	   7.4114780140558656e-01	   6.0574599902347226e-01	   6.1176927717482510e-01	   2.7414479990821716e-01	   2.6465688877783883e-01	   6.5878245291396142e-01	   6.5587415161973417e-01	   7.3198438738667149e-01	   6.4284352360145069e-01	   6.6803451091335420e-01	   7.7757712818815483e-01	   6.1853606546940443e-01	   7.5640706772807076e-01	   6.4859583070081617e-01	   6.7917715368298581e-01	   4.6116934077003280e-01	   2.9760474922986518e-01	   3.1535836046863119e-01	   6.1148788548930411e-01	   6.2445818911102646e-01	   6.9118952755970064e-01	   5.9981433473612211e-01	   6.3347586880766449e-01	   4.9362965708473144e-01	  -2.1937607822258745e-02	
   5.2848591971061332e-01	   5.6158484545339815e-01	   4.7258528175473791e-01	   8.5958633561827802e-01	   7.7062306023252436e-01	   8.5943464097697042e-01	   7.5325523777492587e-01	   0.0000000000000000e+00	   7.6998574988573065e-01	   8.0525586167258767e-01	   4.1192795713837232e-01	   7.1563840737724593e-01	   4.8227040667759602e-01	   5.9924547692638552e-01	   3.8751755420115641e-01	   7.3072888951847437e-01	   3.0409580697628907e-01	   4.3366213828781874e-01	   3.2878731230947844e-01	   6.0983712619607977e-01	   1.9852762305383381e-02	   1.1297532330594540e-01	   4.2352452954249586e-01	   4.8989775084091158e-01	   2.0718291918257348e-01	   4.2327060750531714e-01	   1.3566620289343556e-01	   1.6760119625256423e-01	   3.8158699919174777e-01	   5.2779486444915480e-01	   3.8678826167479752e-01	   5.2570372525694853e-01	   4.9781664395236247e-01	   6.1671988353659668e-01	   2.6498329483514016e-01	   3.7242485966006955e-01	   2.2950070520309035e-01	   1.0271351931350930e-01	   4.8105620082608214e-01	   5.3587836730187299e-01	   4.8842722971949049e-01	   5.3008325606187545e-01	   3.3733855514536176e-01	   3.2102164230884767e-01	   5.1766037345822624e-01	   5.8413604785169626e-01	   4.9767316574537268e-01	   4.8098538723458395e-01	   5.9289284555362842e-01	   6.3042050452974108e-01	   5.3536874711897320e-01	   5.9884903709619586e-01	   4.8307467660720393e-01	   3.4036260201484358e-01	   5.4921396408234102e-01	   5.6652854276932496e-01	   3.1247976335150063e-01	   3.1844555790846557e-01	   5.0438146574466991e-01	   5.9596797697104753e-01	   5.1475857611288123e-01	   7.9580591911706144e-01	   3.7647466870971757e-01	   6.4597475959287709e-01	   4.7922317658690994e-01	   8.6307950847969139e-01	   4.8207053761335561e-01	   6.0525033667603845e-01	   3.1492982663536850e-01	   2.8679297526550895e-01	   8.5237136953508819e-02	   3.5075706290442682e-01	   4.3699088624575444e-01	   5.5177084875180049e-01	   4.4090142831100015e-01	   4.6474151049679180e-01	   4.2375756117241947e-01	   3.9447854737441579e-01	   1.9603295131612358e-01	   7.9399588542289554e-02	   3.6209489481408313e-01	   4.1243229678328186e-01	   3.2717643017815973e-01	   3.8792545270622358e-01	   3.7661454566321961e-01	   4.4860398255764167e-01	   1.9707130572444020e-01	   1.5068007994467958e-01	   5.3328098407852964e-01	   6.3142190803979248e-01	   7.8629703120540606e-01	   6.6590275981576685e-01	   7.8679905216565038e-01	   5.1809221524055926e-01	   3.5291930629257562e-01	   3.1914882763106528e-01	   5.5073310543318321e-01	   5.8176682277622926e-01	   7.6455831531279461e-01	   5.8706346417269029e-01	   8.0720599957233408e-01	   6.6317015242073196e-01	   6.3720899570831346e-01	   6.4573879064894513e-01	   6.8300325253416228e-01	   4.9660066051684959e-01	   4.7752485584453275e-01	   3.6405334991738170e-01	   1.8303870975884262e-01	   4.7306996507996191e-01	   4.6754924524798358e-01	   6.6369948968200965e-01	   6.0325800323867473e-01	   5.7012344821895289e-01	   3.9548275554718998e-01	   7.0155692138342232e-02	
   5.0697145068119420e-01	   4.7166563377545700e-01	   4.9611023261412818e-01	   6.4791622910089919e-01	   8.7133234642755375e-01	   7.0879214277828251e-01	   7.3965317333152492e-01	   7.6998574988573065e-01	   0.0000000000000000e+00	   6.7880543511720270e-01	   4.2949196439581816e-01	   6.0836014147533768e-01	   5.5794306354873269e-01	   4.7500788358353596e-01	   5.6170787282527879e-01	   6.3824589826896494e-01	   1.3893282520288092e-01	   2.9733834657079650e-01	   2.7259777159974991e-01	   4.7108268549987198e-01	   1.2596102685574634e-01	   1.7999516501978846e-01	   4.2436571258764788e-01	   3.9623092490640899e-01	   3.3858599448807580e-01	   3.9852530672770525e-01	   3.3380832586115017e-01	   3.0472440844327880e-01	   2.8893487371988291e-01	   3.9083717400727674e-01	   2.4861344520910922e-01	   3.2999808516216100e-01	   3.6728470474321950e-01	   4.1272258113695737e-01	   1.6356442263861357e-01	   1.7661862598358427e-01	   1.0116194279749764e-01	   4.2966140424483240e-02	   2.4429842418551787e-01	   2.5181128606036918e-01	   3.1318526098663518e-01	   3.3420400040838821e-01	   1.4915893708508299e-01	   1.1368590025350084e-01	   4.3169628258172771e-01	   4.1269391227436913e-01	   2.9297094611678542e-01	   2.1532180709713206e-01	   5.7921203557851753e-01	   5.5098315405009868e-01	   5.7926380163299684e-01	   5.7239609729943541e-01	   4.9810557487696816e-01	   3.2956015515798481e-01	   3.0589350909106411e-01	   3.6334017050074324e-01	   2.1761558336565445e-01	   2.5020540694398152e-01	   5.5908370282024200e-01	   5.2218374160654690e-01	   4.9787342416952279e-01	   6.6715002811168733e-01	   2.2433698769112137e-01	   5.7873012422739589e-01	   6.3232144630915554e-01	   7.3534283368077613e-01	   4.2853135102430706e-01	   4.3912263685567293e-01	   2.4719938978792327e-01	   1.9142233909226519e-01	   1.5796357468781852e-01	   4.0014622211525819e-01	   3.6107799384405864e-01	   4.3203582485551284e-01	   3.6429481225825888e-01	   3.8192172742846175e-01	   2.6222999310857825e-01	   2.5473290661086290e-01	   8.9002355885828000e-02	  -2.4677081331723277e-02	   2.6668217456276150e-01	   4.0804717380601818e-01	   2.9430241763478476e-01	   3.3251084326066616e-01	   3.9504683638472693e-01	   4.8238806406374085e-01	   2.3968969688942271e-01	   1.8232133423521452e-01	   5.0914074545714616e-01	   5.9736926892720144e-01	   6.5648480156117495e-01	   6.4409907257602794e-01	   7.4307747596209928e-01	   6.0567467138102959e-01	   1.5657622487768891e-01	   1.3474917350316454e-01	   3.0414113415021321e-01	   3.3135580176612828e-01	   5.6386613819328579e-01	   3.6184263238295733e-01	   7.2905016143206536e-01	   6.9768979035142786e-01	   5.2836058972822941e-01	   5.1907975058469824e-01	   4.1061577052141568e-01	   3.5076911327069549e-01	   4.2460858934387125e-01	   1.1096887436006894e-01	   9.0885773725800867e-02	   3.3179600704675122e-01	   2.1760724008217705e-01	   4.0057237377259292e-01	   4.6744077875919393e-01	   4.0833901394395722e-01	   1.7965000430686945e-01	  -1.9487139916274415e-01	
   4.3715363662174123e-01	   3.7195931814829464e-01	   3.5672348377921576e-01	   6.2994533321830082e-01	   6.5316933816572464e-01	   7.8543036057459403e-01	   5.6281173530391937e-01	   8.0525586167258767e-01	   6.7880543511720270e-01	   0.0000000000000000e+00	   3.9608420820012480e-01	   6.5483178556267829e-01	   3.6970439596278226e-01	   5.7018380877128394e-01	   3.0610418430455127e-01	   7.0407732935748157e-01	   2.7445095525511914e-01	   2.9794428502288950e-01	   3.6213597645406137e-01	   5.2085482599686372e-01	   2.4007495365470375e-03	   1.0844652365625046e-01	   2.8490993137326681e-01	   3.7242606496032959e-01	   8.0491553075514810e-02	   2.8536286128059563e-01	  -4.6787347937698055e-03	   3.0476650731372193e-02	   3.5645476139622112e-01	   5.1542979616942530e-01	   3.5398188480793580e-01	   4.3737912096941789e-01	   4.6342275053110665e-01	   5.4351494895728669e-01	   5.9879812857334819e-02	   1.8776260375128073e-01	   3.9644286563137204e-02	  -4.9692164299572822e-02	   2.3245398427220693e-01	   3.2909684903376429e-01	   3.7743065649687291e-01	   2.9228086056876212e-01	   2.7257263863893166e-01	   2.9586991791720840e-01	   4.7781991450877886e-01	   5.5556055435976648e-01	   4.1856728899155499e-01	   3.6845565523494028e-01	   5.8749481682277960e-01	   6.5036326326861105e-01	   3.8450543036394758e-01	   5.6307667380433579e-01	   3.8054594555615312e-01	   2.4703555325425369e-01	   3.8539553395776843e-01	   4.6218887715052093e-01	   1.8714232428918531e-01	   1.5724125772772654e-01	   4.8939349714270075e-01	   5.5019573477972339e-01	   4.3470115576494023e-01	   7.7733841608758547e-01	   3.5106522443060928e-01	   6.0839858028330918e-01	   2.3230324155805659e-01	   6.4718341815952618e-01	   2.6224479197897138e-01	   3.9180614852834339e-01	   2.4109395690857807e-01	   1.6324716872742631e-01	   7.8466104737677261e-02	   2.7512137424806804e-01	   3.5699514837816937e-01	   4.3829823281084057e-01	   2.9563910646573716e-01	   2.5667526188602896e-01	   2.5807029700481410e-01	   2.6802808019413604e-01	   1.1922376763183090e-01	  -1.8423554741268822e-02	   2.6113125574788337e-01	   2.7635663040360592e-01	   2.6399891698475131e-01	   3.2190356017056387e-01	   1.7749835051805077e-01	   2.6956445301783666e-01	   6.9038816912337320e-02	   9.4137233082013647e-02	   2.2868054518620839e-01	   4.1788696304730966e-01	   6.8470862995246695e-01	   5.7210261145977159e-01	   6.5980193657307540e-01	   4.1809633759158549e-01	   2.3439621354614004e-01	   2.0961546415319129e-01	   3.5015453694564114e-01	   4.4308052003783965e-01	   6.5851116373263385e-01	   5.3070551336717342e-01	   7.6710510104277141e-01	   5.8625368081887219e-01	   6.1130105428839732e-01	   5.3850044653870865e-01	   5.1031507960188882e-01	   3.0492002126870560e-01	   4.4704193887183907e-01	   3.5650462262230920e-01	  -1.6479001954737296e-02	   2.5959397132786793e-01	   2.3982012444234141e-01	   5.9990954877611935e-01	   5.7354858757086302e-01	   5.5905814296184153e-01	   2.9106707650133823e-01	  -4.2918194453196506e-03	
   8.4532386317426889e-01	   5.8763844751420102e-01	   4.9357505011416070e-01	   2.2996691282066073e-01	   4.6282358328801421e-01	   3.8508638858766187e-01	   6.0548161743988982e-01	   4.1192795713837232e-01	   4.2949196439581816e-01	   3.9608420820012480e-01	   0.0000000000000000e+00	   7.7708574967922606e-01	   8.3359984608363535e-01	   8.9556294706204875e-01	   6.0744212987859947e-01	   6.0478496838546247e-01	   7.2935852739018248e-01	   7.4071070369525793e-01	   8.2402993619450449e-01	   7.2168922011576453e-01	   2.2406670280263719e-01	   1.5859657292859849e-01	   4.2356810713610193e-01	   2.4239309489933494e-01	   5.0383051980282395e-02	   7.4587830787669965e-02	   8.9203372221432903e-02	   1.5083439177227892e-01	   8.8127336576704818e-01	   8.8626204926571539e-01	   5.4738618702299868e-01	   4.9813531704312719e-01	   7.2462207079358421e-01	   7.4385896090244974e-01	  -1.8128783565729535e-02	   3.0598092388742205e-02	   2.7730753733668873e-01	   5.3924034130901390e-02	   4.4968582543694413e-01	   4.5872655362343312e-01	   5.5817695244195265e-01	   4.7228203263265622e-01	   4.4975380125949993e-01	   4.6245702876590439e-01	   5.4377500442949700e-01	   5.5576943305036508e-01	   5.3402910987099916e-01	   5.2074773503136051e-01	   6.3784221435465560e-01	   5.5647636606039752e-01	   4.3554392374459283e-01	   4.2350620546144457e-01	   4.5597554151264008e-01	   3.0152199450787703e-01	   6.6499107900908860e-01	   6.6232864611925257e-01	   5.7446914817880879e-01	   4.4635792876751335e-01	   7.6773638165490232e-01	   6.0416856117800288e-01	   7.4942634851993528e-01	   6.0631555686060046e-01	   7.2441843549337193e-01	   7.9986416278679406e-01	   1.9306646454171816e-01	   2.5739620724607970e-01	   5.3363238315446515e-01	   4.1532977581271852e-01	   4.3496976608937576e-01	   1.8241866029441656e-01	   3.2317841881199572e-01	   3.0657959982412725e-01	   7.9132954256803290e-01	   8.0025248078429922e-01	   7.9630980339481650e-01	   7.6926127989835136e-01	   6.7450177870871231e-01	   6.1881165800932125e-01	   5.9183478848936999e-01	   4.4270272177276782e-01	   7.3140881460052354e-01	   7.4572968156194697e-01	   4.3102264927124267e-01	   5.3773229917599541e-01	   5.9373767363327079e-01	   3.7184376810815356e-01	   2.4436795416913909e-01	   1.3153968662324755e-01	   4.8248850248927733e-01	   5.2830506597209870e-01	   4.8954177281218547e-01	   4.7447621884909136e-01	   2.0823210897087097e-01	   2.0528574517702566e-01	   1.1901306885965030e-01	   3.8842173359363817e-02	   3.9614251597507599e-01	   4.0093731613040662e-01	   6.2247434716648697e-01	   6.4660773371969571e-01	   5.8055834122391703e-01	   5.5156096918451925e-01	   6.2360225286906856e-01	   6.2098341327134310e-01	   3.1160858881709785e-01	   3.9309117959602968e-01	   2.1567520629063774e-01	   3.2709447991651236e-02	   3.9775384336436637e-01	   4.5555594748226275e-01	   1.8296222437037624e-01	   4.7960981746896131e-01	   3.9467864586214463e-01	   5.4532226546818463e-01	   4.7250339451780704e-01	  -3.7954145395388661e-02	
   6.6496329523887565e-01	   5.1817491015841144e-01	   2.6697147057366150e-01	   4.3960661385776645e-01	   5.6238603858995539e-01	   6.4030862564236968e-01	   5.6720116835082268e-01	   7.1563840737724593e-01	   6.0836014147533768e-01	   6.5483178556267829e-01	   7.7708574967922606e-01	   0.0000000000000000e+00	   7.9912278677707493e-01	   8.2803562449898960e-01	   4.1832503941449073e-01	   6.7131559019227105e-01	   5.5037650827778473e-01	   5.9676976274978588e-01	   5.1035723588572957e-01	   6.1081393451885879e-01	   4.0279298413051876e-02	   5.7201471650558687e-02	   2.1752683834453190e-01	   1.6443989797306316e-01	  -6.0735262545428673e-02	   7.0989376763387221e-02	   3.7778677595658373e-02	   1.0098610917687589e-01	   7.1814375588644197e-01	   8.0744814809597254e-01	   3.1265588923149984e-01	   3.7420225330456836e-01	   5.0239333376968054e-01	   6.2127964513141432e-01	  -1.5199526898852586e-01	  -4.8029302361570769e-02	   4.7360441530892451e-02	  -1.6776211869873486e-01	   3.5254033843117849e-01	   3.9925679717568757e-01	   4.2728151132330444e-01	   4.3380413348383851e-01	   3.5590008973791587e-01	   3.7487319911419381e-01	   5.4773147837411451e-01	   5.9977047289189256e-01	   4.9011649711821842e-01	   4.8376239459252540e-01	   7.1375257438395057e-01	   7.1359352480966554e-01	   4.9202784687917417e-01	   5.9813636918950019e-01	   5.1547248074039165e-01	   3.7091959585586998e-01	   6.1688986132179702e-01	   6.3844351476802697e-01	   3.1840387051382812e-01	   2.4814522173810705e-01	   6.8942682799669730e-01	   6.4759745232731580e-01	   7.0697761775620194e-01	   8.8886815002984854e-01	   5.8716212807638779e-01	   8.3934514250822445e-01	   3.0128506876589151e-01	   5.7905741068625116e-01	   3.6122429567334624e-01	   3.7975927379277835e-01	   1.9542054000389897e-01	   3.2527496113716498e-02	   1.2870709106254913e-01	   3.3197143736900930e-01	   5.9865688589035437e-01	   7.1228690833384789e-01	   6.0274717078878937e-01	   6.4621697827486158e-01	   5.1340980627948429e-01	   5.2156112583139991e-01	   3.4940490321302070e-01	   1.4691151344905329e-01	   4.6365307178439885e-01	   4.8129008309360310e-01	   1.8691098500293610e-01	   3.3131548394519178e-01	   2.8247983787677960e-01	   2.5622041016020292e-01	   1.2873573655802096e-02	  -5.4762641380290827e-02	   4.2671787514262943e-01	   5.0745623076528257e-01	   6.4455506995462941e-01	   4.3723212111773446e-01	   4.1822357733967580e-01	   1.2432456112199439e-01	   1.6912438387259909e-01	   1.5568477339829601e-01	   3.7398482447284531e-01	   4.0773562615652009e-01	   7.0916294398349078e-01	   6.1275286817387153e-01	   7.5369511385537580e-01	   4.7380454851686982e-01	   6.3713127199400188e-01	   5.4165142433987912e-01	   4.1704618117552794e-01	   3.3705021736837132e-01	   3.1319643721381096e-01	   1.5031598138290264e-01	   3.7329586013379079e-01	   4.3791426614297874e-01	   1.4285787371685149e-01	   5.2896125463808219e-01	   4.8125714821326671e-01	   5.6140583252456655e-01	   4.8443568087104660e-01	   8.2343423314955533e-02	
   6.9976367820234431e-01	   4.5696353208747886e-01	   3.4078041169385864e-01	   2.2128169804720854e-01	   5.5428081184796985e-01	   3.8724653677442411e-01	   5.8315562954103917e-01	   4.8227040667759602e-01	   5.5794306354873269e-01	   3.6970439596278226e-01	   8.3359984608363535e-01	   7.9912278677707493e-01	   0.0000000000000000e+00	   7.5872874759119224e-01	   5.2395832018201149e-01	   4.8509279228817281e-01	   5.5966275897180529e-01	   5.7641127746644427e-01	   5.5577850627540193e-01	   5.4220589752797554e-01	   1.0259836698626806e-01	   3.7959519982219143e-02	   2.0536292813313828e-01	   2.4063555741774642e-02	  -3.1309178534793161e-02	   6.8404900830595292e-03	   5.5625388536742565e-02	   7.5377956910973321e-02	   7.4917328497682800e-01	   7.5071275886088051e-01	   3.1007480537233645e-01	   3.0437259858884080e-01	   5.1860365704894273e-01	   5.9821503736225623e-01	  -3.4332813429134475e-02	  -2.4384761853065424e-03	   1.6774383645603974e-01	  -5.7386087272589183e-02	   3.5704741334197038e-01	   3.1314682743281397e-01	   4.6626271426960336e-01	   3.8593941639611662e-01	   3.1192537043418955e-01	   3.2016740356688067e-01	   5.5084818702510630e-01	   5.3821829482593220e-01	   4.0753807922069685e-01	   4.2369889326826571e-01	   6.6046509991896984e-01	   5.1478838397856641e-01	   4.5427677139030026e-01	   3.6142097724192923e-01	   3.7658189149343768e-01	   1.9267103232524829e-01	   5.6756364809389104e-01	   5.4221119615476976e-01	   3.8264253763840539e-01	   2.3379485522962493e-01	   6.3793898100491020e-01	   4.2548509759503517e-01	   8.0735673387380524e-01	   6.8308979983487572e-01	   5.9066768636446865e-01	   6.9396433235492627e-01	   4.9642073581922569e-01	   4.5758706615715727e-01	   4.6904035285486967e-01	   3.5509557957830101e-01	   2.6859031870308997e-01	   4.9035790189685249e-02	   1.3889484827297985e-01	   2.6723932564961589e-01	   6.1648102002100202e-01	   6.7547048140431554e-01	   6.6649054344093672e-01	   6.9039237125926944e-01	   5.4054258768472419e-01	   5.0172733692561466e-01	   3.7584405308308710e-01	   2.1063248705511761e-01	   5.4931135628586580e-01	   5.6736631006931648e-01	   1.9037264520906511e-01	   2.7494807495653273e-01	   3.9205855647558407e-01	   2.1838120207254544e-01	   8.0724137476178182e-02	  -8.6888368408247429e-02	   6.0400450646726511e-01	   4.7260825389207706e-01	   4.1090385669258006e-01	   3.6893082708685221e-01	   1.8722838023689717e-01	   1.3296248549459302e-01	   8.7852056528841760e-02	   7.5901713182312119e-02	   3.0575301244180003e-01	   3.0328570684148393e-01	   4.9674550832060771e-01	   5.1370508938832282e-01	   5.1151037161988855e-01	   4.6896723466852669e-01	   4.5829864429936379e-01	   4.7748397045124130e-01	   2.3853049760095957e-01	   3.0305521626896509e-01	   1.8999549908693586e-01	   4.5014074881108465e-02	   3.8414645101128453e-01	   3.9827858463174465e-01	   1.2994912236432837e-01	   3.3815234982764786e-01	   2.3196102570257890e-01	   3.8832426222994620e-01	   3.6606667897461631e-01	   3.9004753863069397e-02	
