   0.0000000000000000e+00	   8.4275927210626711e-01	   4.7974161177646457e-01	   2.5672743020674371e-01	   2.5004757900691338e-01	  -4.5456244705273582e-02	   6.0233086629972765e-01	   2.0977827500527929e-01	   3.4637523111677604e-01	   6.7446477280041814e-02	   6.9028905048601419e-01	   3.9941267768494748e-01	   5.9406042967832207e-01	   3.0230525389219332e-01	   4.1981346958601001e-01	   1.1511400557016847e-01	   3.8084631932640578e-01	   5.4946720646751679e-01	   6.3377575283574927e-01	   7.1209718494910867e-01	   1.8884758949544492e-01	  -2.8579440472232126e-02	   2.7947591015698681e-01	   1.6640513562237047e-01	   1.1028775408364477e-01	  -3.8233458506586257e-03	   1.7415029867225953e-01	   8.9533172257271393e-02	   3.4102707876796451e-01	   2.7016326078463809e-01	  -6.1834702291929708e-02	  -1.2063424081679780e-01	   3.3137645950888406e-01	   2.0556209861437419e-01	   7.8082358408770092e-02	   4.7980054990469062e-02	   4.2469591214507774e-01	   3.8298472787408122e-01	   3.6343207309318942e-01	   2.7344394118836357e-01	   3.2790510517763061e-01	   3.8777941863132159e-01	   3.2887773789758551e-01	   2.6772957274552672e-01	   1.3333781388583618e-01	   6.8883148738782110e-02	   5.2401161651172357e-01	   5.1586057181060641e-01	   3.0903190384167600e-01	   3.2163190039532968e-01	   3.7211342412384968e-01	   3.2140970855873413e-01	   3.6048368566413425e-01	   2.7194882303100787e-01	   4.4693214722716740e-01	   4.2020374335467919e-01	   8.3928850894188423e-01	   7.5967949520931988e-01	   4.1807047014207299e-01	   3.9440796861369237e-01	   5.3646484610033141e-01	   2.9730122767780581e-01	   4.9672813148211614e-01	   4.0359295148980967e-01	   4.4453815677958120e-01	   1.7251750507226266e-01	   2.2759781961341624e-01	   1.3811804509303657e-01	   6.8668150959385565e-01	   6.6523599712044812e-01	   4.1848559213468700e-01	   1.6728091763015057e-01	   6.2066671045697019e-01	   5.2698857800900634e-01	   5.1898109777931456e-01	   5.3032097993372662e-01	   5.6186339559903742e-01	   4.5422516597195461e-01	   3.4301974471552693e-01	   3.5531228118848224e-01	   3.7583586182902601e-01	   4.7826803875989965e-01	   3.3901531147684105e-01	   1.9641018273698924e-01	   4.9320837996534650e-01	   3.5864017204379145e-01	   2.2524103990939914e-01	   8.6576234553134096e-02	   6.4423338524335594e-01	   4.8898448606375755e-01	   2.2675838734262194e-01	   3.4172464048755058e-01	   9.6999435911605453e-02	   4.0953519191138044e-01	   2.1183380706974905e-01	   3.7002500091354429e-01	   3.3999017037676743e-01	   4.5117747306830724e-01	   2.8456704913118436e-01	   4.6810903247493241e-01	   3.2705786471577963e-01	   4.5942889013922616e-01	   4.4326212174712776e-01	   2.6707085164265676e-01	   1.0113241072225708e-01	   3.5619270801594249e-01	   2.7449377243699424e-01	   3.2855160111320791e-01	   7.9745465146858416e-02	   2.4447776314833630e-01	   3.8245937911011074e-01	   1.4720642371213929e-01	   6.2024695607475783e-02	   2.0292873898225272e-01	   1.6417082773568922e-01	  -1.3669019941546659e-01	
   8.4275927210626711e-01	   0.0000000000000000e+00	   3.4176308851575471e-01	   2.4524002580075413e-01	   1.9539131995366266e-01	  -5.7073312288829239e-02	   5.2029074841733969e-01	   2.9435705908589715e-01	   3.0510021371523888e-01	   8.4655737977594597e-02	   5.8062443852035606e-01	   4.8655787037500209e-01	   5.8290739252966772e-01	   3.4629878123314650e-01	   4.2714587841842844e-01	   1.6535561182044189e-01	   4.0331007579957912e-01	   6.5716726827080474e-01	   4.6513626444268275e-01	   6.9099315276432871e-01	   1.8899950290786646e-01	  -3.0883584339832036e-02	   1.6727727275333959e-01	   1.6799217722449300e-01	   7.9140927909306345e-03	  -6.0390558515704219e-02	   1.1175804360159561e-01	   1.4293254846301047e-02	   2.9303608580230506e-01	   3.2457008395461739e-01	  -1.8191464395133927e-01	  -1.8239734790363649e-01	   2.2816465934888891e-01	   2.2925907324540512e-01	   1.1152815709839224e-02	   6.7437254842126889e-03	   3.8946918270505704e-01	   3.5367719908765050e-01	   2.6421242012471635e-01	   2.1610920530698374e-01	   3.4305473859951446e-01	   2.7500984392603767e-01	   2.9086057021058032e-01	   2.3286408341431908e-01	   2.4654829220677610e-01	   1.7331584112528964e-01	   5.2972684077880705e-01	   5.0454680774142702e-01	   4.8622901249712047e-01	   4.1238274892373616e-01	   5.1363394006215624e-01	   4.5079670951632500e-01	   4.5755826278607642e-01	   3.5809776544543620e-01	   4.9308195717362968e-01	   4.2115719559671261e-01	   8.1743421959613927e-01	   7.8020525561347498e-01	   4.2462241991183886e-01	   3.3639920688863545e-01	   5.2657762565697330e-01	   3.5842899668566897e-01	   3.8339443337672324e-01	   4.2234477801749803e-01	   3.1838192983888081e-01	   1.4304900102045945e-01	   1.7034685103432304e-01	   1.1598275148236353e-01	   7.3922806015889653e-01	   7.1468137611297622e-01	   3.2321422966123692e-01	   3.8473192929245177e-02	   5.0735601435792499e-01	   4.5596059691507396e-01	   3.7268899040767856e-01	   4.4332994762883871e-01	   4.9229203565927138e-01	   3.6853950611636122e-01	   3.0617477212534094e-01	   3.2119744932003214e-01	   4.7652303093943921e-01	   5.5584337853123600e-01	   2.0247595508314997e-01	   2.4759666691150820e-01	   3.3214165418046293e-01	   3.1493126482174455e-01	  -6.6499886055889745e-02	   1.5194002009504503e-02	   5.1885413337004904e-01	   4.5418191162623667e-01	   2.0804722152674732e-01	   2.5068019891377091e-01	   1.9961047411197208e-01	   3.7426874043255731e-01	   1.7160176221871234e-01	   3.8933252218857228e-01	   3.4869202716514092e-01	   4.1495327094276796e-01	   3.0836264060600949e-01	   4.2823160171784996e-01	   3.9720672695946946e-01	   4.0143852829059024e-01	   3.8380632182601937e-01	   1.6011010827097943e-01	   1.8587152304514909e-01	   3.5433153826002461e-01	   5.4710703943271310e-01	   3.3641076433037309e-01	   4.9204525568692647e-02	   1.5233026111895179e-01	   3.5808881508050971e-01	   1.5495281957863624e-01	  -5.0736050943513532e-03	   1.3208570869805114e-01	   2.3624812242666873e-01	   2.8900913186612580e-03	
   4.7974161177646457e-01	   3.4176308851575471e-01	   0.0000000000000000e+00	   6.2846651713389545e-01	   6.0730459284068294e-01	   1.9172722375123757e-01	   6.5703203566659896e-01	   2.0475550763578895e-01	   5.6297679150517455e-01	   8.6372181640427814e-02	   3.0390416211227322e-01	  -6.4491396086493796e-03	   4.1907906229837960e-01	   1.0440540553906544e-01	   4.3366626590975899e-01	   2.2117738835637374e-01	   3.3661826065918873e-02	   3.0173144752174352e-01	   3.7487667713218287e-01	   3.9443507444288939e-01	   4.2595578325579619e-01	   4.3005558707073255e-01	   7.7668763533341401e-01	   6.5299754002659682e-01	   5.9962386370292031e-01	   5.5696484144761060e-01	   4.4787909246801244e-01	   3.6956829863180485e-01	   1.2247739151177127e-01	   4.8187662945401374e-02	   5.7423702283766309e-01	   4.4531750208917198e-01	   8.2481291126007861e-01	   5.6854235272769771e-01	   7.0488969610447860e-01	   5.4736002569963571e-01	   4.2492432837994948e-01	   2.7853383845861074e-01	   4.9806913020317778e-01	   3.1487147398633875e-01	   3.8704771572954377e-01	   3.2060107144521055e-01	   6.3994418075806614e-01	   5.5939548865440214e-01	   5.2034172494348530e-01	   5.1211639514542662e-01	   3.3417244810618651e-01	   3.5164022872856981e-01	   3.5497169973965176e-01	   1.6631338207275648e-01	   2.9490100635766392e-01	   1.2363102165824090e-01	   1.3152940596538154e-01	   6.1712572599663673e-02	   3.2385094014250460e-01	   2.6710796669906972e-01	   4.1158850113614043e-01	   3.8246108465682738e-01	   1.9058933827784685e-01	   1.6112201133781132e-01	   2.0605717731879369e-01	   6.2929313714773479e-03	   9.7325237796573483e-02	  -4.1285206246432768e-02	   7.7696111341001572e-01	   5.7812690048050674e-01	   7.1426760346505203e-01	   5.9690686915715852e-01	   4.1121145276441545e-01	   3.8773083791829044e-01	   6.1104946714102015e-01	   3.6056626850183465e-01	   4.3082630485434459e-01	   3.9040821701243128e-01	   3.6533968184837773e-01	   2.3236236280865857e-01	   5.5151133371415473e-01	   4.1268062042246567e-01	   5.1120464058906377e-02	   3.5497963028713220e-01	  -1.4816554449578448e-01	  -7.9237067218361074e-03	   3.2979478412667357e-01	   1.0962673281784081e-01	   7.4087392098361959e-01	   4.6327124021047628e-01	   4.0925964641558465e-01	   1.6453973146169329e-01	   5.5001950475041539e-01	   3.6281703110961394e-01	   3.5962718048112441e-01	   5.8966021296344251e-01	   2.6881103327450512e-01	   4.6322763741096157e-01	  -6.0600489169300831e-02	   7.6567021775453117e-02	   1.3599311754077692e-01	   3.5378210555019285e-01	   1.4994990804773278e-01	   3.9883295458895490e-01	   2.0677815297181959e-01	   2.8627191019040854e-01	   2.4446099532072216e-01	   2.6773352239938636e-01	   3.3641906629659248e-02	   2.2987172073547874e-01	  -1.1231426474918718e-01	   1.7600056331012781e-01	  -2.7005319774457170e-01	   1.2772965233134936e-01	   3.6090312956284976e-01	  -8.9701067570153309e-02	   8.0198278863301917e-03	   1.2190928896448301e-01	  -1.4597615345965187e-01	  -4.3277526759311724e-01	
   2.5672743020674371e-01	   2.4524002580075413e-01	   6.2846651713389545e-01	   0.0000000000000000e+00	   3.4840569069751059e-01	   2.9198997100230251e-01	   5.7349660702544314e-01	   6.2132737259464643e-01	   2.8814572120671628e-01	   1.3620461819582852e-01	   5.9768069618056682e-02	   3.1387306548985794e-01	   8.6957740244931442e-02	   3.3812446356991510e-01	   2.7934616162343849e-02	   2.3979435266070107e-01	  -8.9413919705262593e-02	   1.5983425758905651e-01	   2.5709809835803216e-01	   3.6848615327929451e-01	   4.3061423688222861e-01	   4.9300617449290546e-01	   5.1216495695734310e-01	   7.4557617833008694e-01	   3.3470793264240717e-01	   5.0300618072490311e-01	   2.6046252432980976e-01	   2.0079798986101208e-01	   4.5657519473665864e-02	   2.6020744849926120e-01	   5.6754442315116038e-01	   5.8201539699302129e-01	   7.7281516023287866e-01	   8.0079950096619634e-01	   5.6778133536144160e-01	   5.7009484076485062e-01	   2.1615860278000332e-01	   2.1484615261961243e-01	   3.0188825284175591e-01	   2.1289084946278167e-01	   2.8202128709264679e-01	   3.1426212016149940e-01	   4.5002088901712212e-01	   4.8886481081241728e-01	   3.4291867673686161e-01	   4.8379782142177313e-01	   2.8922917215926613e-01	   3.2432609566443388e-01	   3.6910597212596918e-01	   3.2734311637121394e-01	   2.5078542576639595e-01	   4.6021957571083072e-02	   1.1626264760294158e-01	  -9.7852352685936866e-02	   2.2033655600663912e-01	   1.7560746728381749e-01	   1.1688095733125257e-01	   1.3312917719421297e-01	   1.4911089457670071e-01	   2.3574836213317665e-01	   1.9356758888485620e-01	   2.9874616981901464e-01	   1.3159671276480520e-01	   1.5348594603182453e-01	   5.2974175850215754e-01	   7.6501777667332638e-01	   5.9766115099074102e-01	   6.7087589452544361e-01	   7.9973193618744887e-02	   4.5811584471881751e-02	   3.4906125928202519e-01	   1.5895912318551486e-01	   3.9502668080162029e-01	   3.6852999981303625e-01	   3.4972283764647982e-01	   2.4603391640985769e-01	   4.0980117916235542e-01	   4.8368488528510822e-01	  -1.6332962777448926e-01	   2.7802977035971774e-02	  -2.7345898550823443e-02	   1.2616963347281535e-01	   1.9520358100551627e-01	   1.2682198383874435e-01	   4.1192756415545273e-01	   5.3991814830111018e-01	   1.6034038365864406e-01	   2.2286087549946394e-02	   3.2412948984993140e-01	   3.1761498853057324e-01	   4.9244439099395027e-01	   3.2785780158277905e-01	   3.8412442202057473e-01	   2.1362461138366987e-01	  -7.7246951868677402e-02	   1.1410379690799947e-01	   1.4085310217326819e-01	   2.0105201209344586e-01	   2.6289185960775407e-01	   2.7315786098979855e-01	   3.6665910953604219e-01	   1.9725366760859903e-01	   2.8380351925152747e-01	   1.8151601354838559e-01	  -1.2396387943274476e-01	   1.7505071130013961e-01	   8.8697333208678897e-02	   6.1283562577744186e-02	  -2.3064009723894707e-01	   2.4066601544924815e-01	   4.0215834855588573e-01	  -2.6681384703065580e-02	  -9.7652120608235776e-02	   1.4074911512536981e-01	   2.0044719116529778e-03	  -4.1605629303501790e-01	
   2.5004757900691338e-01	   1.9539131995366266e-01	   6.0730459284068294e-01	   3.4840569069751059e-01	   0.0000000000000000e+00	   7.5565780879871336e-01	   4.2710744569871595e-01	   2.7607347793849651e-01	   9.3135550881681861e-01	   6.4821813769079406e-01	   2.1097349659444148e-01	   7.0420004302736747e-02	   3.9046270906838887e-01	   1.2577858057288027e-01	   6.4085359745807224e-01	   5.4650370078030919e-01	  -4.3921050932569795e-02	   2.3646202522299703e-01	  -1.5989806405551463e-02	   1.0627306633675683e-01	   3.5443248291581342e-01	   4.8763421005596019e-01	   4.9153266038801324e-01	   4.8585638913900986e-01	   5.8874797333374473e-01	   6.0373545438267517e-01	   6.2439524001835267e-01	   5.7115473844020137e-01	  -5.0191640792500609e-02	   1.3949920351063855e-01	   2.4434564445423995e-01	   1.8131631423071370e-01	   4.8530270053850932e-01	   3.3620591269205191e-01	   4.0275518509804431e-01	   2.1243562110233122e-01	   2.9584606848569045e-01	   1.4987359843667081e-01	   2.7363941089603427e-01	   1.2345162387075917e-01	   3.1703411006449866e-01	   2.1566172702467656e-01	   4.3117697341521793e-01	   2.4271524032268427e-01	   1.7243076400463142e-01	   1.9088747063688083e-01	   2.8927229900153439e-01	   2.5093062693367396e-01	   1.3988034292490284e-01	   4.7930033289532319e-02	   2.4524410931896745e-01	   4.7699596837248587e-02	   3.0496398569048255e-01	   3.4848549295249498e-01	   2.0580476423415531e-01	   1.5394897064062191e-01	   2.0704670123040292e-01	   2.5613323426784712e-01	   3.4539324458712023e-02	   1.0418266354775196e-01	   2.6311002647841630e-01	   2.4396877098190617e-01	   7.2096453896257087e-02	   8.1442722713386678e-02	   6.0446338638312280e-01	   5.5636533043671199e-01	   2.8473478333365709e-01	   2.4873927397713033e-01	   1.9102857317027411e-01	   1.9080759350477067e-01	   4.8834603333325227e-01	   3.6259963476895374e-01	   3.4433787502381030e-01	   2.7006466182354849e-01	   2.9593493112992408e-01	   6.6709857030738173e-02	   3.3662649284310836e-01	   3.2108094982152852e-01	  -3.7785991002368582e-02	   1.7361538551602260e-02	  -7.5904193016577498e-02	   4.9093218781139959e-03	   3.7446128259794254e-01	   3.3758249285657155e-02	   5.2080542380423300e-01	   3.1140762164830982e-01	   1.4904166305128549e-01	   6.8896633258870555e-04	   5.2433677388390254e-01	   3.8640049393964276e-01	   5.5223888598147397e-01	   7.0657246679765762e-01	   5.9876785945423849e-01	   6.5514008419354919e-01	  -8.8621648220448573e-02	   1.5061151210657683e-01	  -4.2458734654940242e-03	   1.4218482925318493e-01	   3.5221754132097083e-01	   3.8254299567511330e-01	   3.6584290210024428e-01	   3.9107082829188233e-01	   1.9050904403815297e-01	   1.4723483067512816e-01	  -2.2740710928186511e-02	   1.2704345114377943e-01	  -2.2894786097956002e-01	   1.4328714534263876e-01	  -5.3198026994759340e-02	   1.0791457093956044e-01	   8.8299672143754962e-02	   1.0440116645610417e-01	   3.4820908036225851e-01	   3.2842868423673899e-01	   9.8107492397737195e-02	  -3.0359910559775438e-01	
  -4.5456244705273582e-02	  -5.7073312288829239e-02	   1.9172722375123757e-01	   2.9198997100230251e-01	   7.5565780879871336e-01	   0.0000000000000000e+00	   2.2889461642861589e-01	   4.5178477011066659e-01	   6.3569157941173282e-01	   8.3743864505054189e-01	  -1.3910425291584001e-02	   2.6141429535281080e-01	   1.5576369176493066e-01	   3.2164298765597543e-01	   3.7986086401211944e-01	   6.5965418597568970e-01	  -2.2004647779349670e-01	   3.3923409176784311e-02	  -2.5097219112398544e-01	  -1.2798355483205509e-01	   2.5540276172365389e-01	   5.1488212950868251e-01	   1.5210205279871533e-01	   3.6436313930892572e-01	   3.7405486715432740e-01	   5.4476443873999625e-01	   5.0116358266203198e-01	   5.5774671983726298e-01	  -1.3573492301920501e-01	   2.3520403101492110e-01	   1.3055997753939366e-01	   1.5965632525913701e-01	   2.3373502236099175e-01	   2.6382393983218233e-01	   1.2105597002707735e-01	   5.9284248459205879e-02	   1.6808087558175283e-01	   2.6250862973004219e-02	   1.0293266046330021e-01	   4.6380175100513676e-02	   1.9329392486165473e-01	   2.4066514656327800e-01	   2.5131333143772250e-01	   4.6163898245010868e-02	  -1.2435900257210149e-01	   7.6460270423259809e-03	   2.1239325132470577e-01	   1.4049515667832957e-01	  -6.3443945377244529e-02	  -2.2406428666182011e-02	   1.4754021880326340e-01	  -8.3698680438314965e-02	   2.7209839737838815e-01	   2.5106747557614517e-01	   8.4564035227062184e-02	  -2.4037780418809326e-02	  -1.2310745894308406e-01	  -6.3922908648697374e-02	  -4.1196520084067448e-02	   1.1812781984850940e-01	   2.2445770140351889e-01	   4.1945347590943177e-01	  -1.4334366071706057e-02	   1.7099232103798695e-01	   3.0650921329736247e-01	   5.6293378085186507e-01	   6.1736990659990269e-02	   1.2966933990434815e-01	  -1.4210192831362728e-01	  -1.8149878519291915e-01	   2.7129221945509113e-01	   3.5087924666080889e-01	   2.9444671241125109e-01	   1.7246474436939666e-01	   2.8972651093569535e-01	   6.0842082074963728e-02	   2.3927684878241437e-01	   4.2513115060479689e-01	  -2.2225301878497070e-01	  -2.5073765899003236e-01	  -5.5946591720563724e-02	  -6.8929130739494748e-02	   2.0584905427609068e-01	  -5.9895157269843062e-02	   1.1958887558267074e-01	   1.6652010300157297e-01	  -8.0996416683312394e-02	  -2.3719691495551098e-01	   2.8995829734733924e-01	   3.1223531979113378e-01	   5.8457840927305127e-01	   5.0979410977609574e-01	   7.1532204060714344e-01	   4.5783320936702543e-01	  -2.3561664567083418e-02	   1.5728755418835250e-01	   2.6611585366497506e-02	  -5.0064222548890980e-02	   4.1992221544253683e-01	   2.2608093336140336e-01	   4.7847562406901678e-01	   3.9142437192202367e-01	   1.3326557920920840e-01	   7.7198640998507581e-02	  -1.0531001435670675e-01	  -6.7363964003587795e-02	  -2.9554550023455817e-01	  -6.5996239903970591e-02	  -1.0221928733706779e-02	   1.7970491815049944e-01	   7.1660146733423646e-03	   3.1102110605485400e-01	   4.7878274546922805e-01	   4.2896662098545280e-01	   1.7587254456881113e-01	  -2.3099166249877984e-01	
   6.0233086629972765e-01	   5.2029074841733969e-01	   6.5703203566659896e-01	   5.7349660702544314e-01	   4.2710744569871595e-01	   2.2889461642861589e-01	   0.0000000000000000e+00	   7.2325725258430906e-01	   4.9013418637820977e-01	   2.4610821181621181e-01	   6.9830120201652557e-01	   6.1589473773540793e-01	   7.2556792886260357e-01	   5.9795101077786084e-01	   3.4562012416999693e-01	   3.2390400119034901e-01	   1.4172576502801351e-01	   3.8352658035120113e-01	   4.9108665986599842e-01	   5.9044705746874937e-01	   1.4105725445946604e-01	   1.5320794902359466e-01	   3.0840743899085615e-01	   3.0198192713527539e-01	  -3.2660385998328864e-02	   5.1669261174640192e-02	   8.6040740111083924e-02	   3.4020274295014627e-02	   4.1733856269631719e-01	   4.6435854147632161e-01	   1.7859982644316208e-01	   1.2002923670561326e-01	   6.3109351839504346e-01	   5.6111325242126364e-01	   2.4291279854120085e-01	   1.7912722047833657e-01	   3.0177217529311667e-01	   1.6884454893390488e-01	   4.4019739288279214e-01	   2.8535336605323952e-01	   2.6153728634579904e-01	   2.7903224034421775e-01	   4.9096498170466718e-01	   3.4594386910639346e-01	   2.6202127646499229e-01	   3.2873817519408044e-01	   4.3237522724971961e-01	   3.8955066549041290e-01	   3.6451147663102257e-01	   3.4113327009071820e-01	   4.1049364331582916e-01	   2.6531017172954113e-01	   3.3273290249615572e-01	   1.0746699636639118e-01	   4.0401805745210495e-01	   3.1228632671591189e-01	   4.4720409477098866e-01	   3.8255085013143564e-01	   4.3192826733819589e-01	   4.5616733439419538e-01	   7.1380062179883885e-01	   6.2688992110625819e-01	   3.4545694958609574e-01	   4.9117907024267060e-01	   7.1246670423334335e-01	   6.4681565339324631e-01	   5.0168191006887164e-01	   4.3815288984517053e-01	   3.5943218987328857e-01	   3.1266544616908326e-01	   3.5129546512600857e-01	   2.4046194489892669e-01	   6.5514719221053741e-01	   4.9810316701899682e-01	   5.9948469512341984e-01	   3.9593668034948759e-01	   6.9638666364096213e-01	   6.3301522488267181e-01	   4.8102163483713517e-02	   2.5731893587605148e-01	   1.8364327342423334e-01	   2.5288614843029134e-01	   2.0996403939960556e-01	   1.6721153555432144e-01	   4.0007838425541525e-01	   3.3282477169337266e-01	   1.4637205149368324e-02	  -1.4134819868474258e-01	   6.1331571803556950e-01	   5.8579416558692010e-01	   3.3129477732104901e-01	   4.2966157836141905e-01	   3.0451872910539707e-01	   3.5650699405151376e-01	  -3.5283551361374538e-02	   1.7219635038230643e-01	   2.2424157147801232e-01	   2.9276524013932093e-01	   3.7966762218174277e-01	   4.7491287556138195e-01	   5.6793135721806098e-01	   5.3480133398048690e-01	   5.4999148911725937e-01	   3.5913663603953172e-01	   1.2305945496119365e-01	   2.6428357346137277e-01	   2.5731387323450383e-01	   4.6144198530171954e-01	  -3.5809176540565602e-01	   9.7974178522330924e-02	   3.1019128681406827e-01	   1.2112165392000834e-01	   2.9085740553082307e-01	   3.3334169449281675e-01	   6.7138984861919798e-02	  -3.8012165938217279e-01	
   2.0977827500527929e-01	   2.9435705908589715e-01	   2.0475550763578895e-01	   6.2132737259464643e-01	   2.7607347793849651e-01	   4.5178477011066659e-01	   7.2325725258430906e-01	   0.0000000000000000e+00	   3.0229384871515985e-01	   4.5542595050164070e-01	   3.6842467887673419e-01	   7.9911230635502029e-01	   3.8446028084526279e-01	   7.2917258707594790e-01	   4.5849746335743922e-02	   4.4325308855595635e-01	  -6.1230111576821419e-03	   2.2101252558607021e-01	   1.6735255900050752e-01	   3.4669728266548294e-01	   1.3318656138958395e-02	   1.6630792898141916e-01	  -1.6146374233012007e-02	   2.4992411613964929e-01	  -2.5650693932175717e-01	  -3.8773716825008520e-02	  -8.6745997552321763e-02	  -8.9621970371971782e-02	   2.6335309668591228e-01	   6.0190620238788495e-01	   6.2006736428979511e-02	   1.2297167886313577e-01	   3.8998276596045917e-01	   5.3964702229114547e-01	  -2.6599301050211785e-02	  -4.0472571437116600e-03	   3.7736965384838755e-02	   2.7275375321022342e-02	   1.2981323488766755e-01	   9.5105152136344989e-02	   8.4713377407545629e-02	   1.8901090874231663e-01	   2.0753062336449649e-01	   5.9708015806432674e-02	  -5.4166629946215836e-02	   1.3590956352774938e-01	   2.5401065714487264e-01	   2.0186123032021672e-01	   2.1283742898232749e-01	   2.7833797373080127e-01	   2.9025474321461159e-01	   1.1042553270186904e-01	   2.9186032323205047e-01	   3.6278922430638155e-02	   1.9906405065227059e-01	   9.7032165708208273e-02	   4.0626195762769594e-02	   4.7637643604067900e-02	   2.4606101888370191e-01	   3.6677368844473368e-01	   5.8555232746520836e-01	   8.2743701335124031e-01	   2.8219198296488224e-01	   6.0416311870341455e-01	   4.0259494344606139e-01	   7.0177603894896645e-01	   1.9687932444129647e-01	   2.7077319011403800e-01	   1.8011635012113569e-02	  -1.7226738310050851e-02	   6.1588983448298038e-02	   1.0126955597193299e-01	   5.1079033533043572e-01	   4.3855855443385361e-01	   5.1669722041838884e-01	   3.7058746949427490e-01	   4.0956894484504291e-01	   6.1270856877320778e-01	  -1.8176681525431809e-01	  -8.8079892697020490e-02	   3.1348515216134021e-01	   3.5367479047409495e-01	   3.9922489991138614e-02	   1.2975116860564975e-01	   4.9865616922637940e-02	   2.7325853829720154e-01	  -2.8049566254506003e-01	  -2.9836627421550715e-01	   2.9751092649158101e-01	   4.5045079325737192e-01	   4.1831461650566126e-01	   2.3242761331187078e-01	   4.4491671855546178e-01	   1.4414003988801122e-01	  -5.7018864328618003e-02	   1.2726892543487686e-01	   1.6895859548417036e-01	   8.7725063744538284e-02	   4.5514938654812109e-01	   2.9197486248918253e-01	   6.3051033316732963e-01	   3.7842202013170134e-01	   4.2225521046167697e-01	   2.1367085891054807e-01	   3.8432792721559479e-02	   1.2746950364194370e-01	   3.2557107060324575e-01	   3.1298188312451392e-01	  -3.0687590086888022e-01	   1.3278858172592109e-01	   1.5430625883693172e-01	   2.2161535413194602e-01	   3.3362809956588080e-01	   3.4294262006164217e-01	   2.0038129599387100e-01	  -2.9448174837841190e-01	
   3.4637523111677604e-01	   3.0510021371523888e-01	   5.6297679150517455e-01	   2.8814572120671628e-01	   9.3135550881681861e-01	   6.3569157941173282e-01	   4.9013418637820977e-01	   3.0229384871515985e-01	   0.0000000000000000e+00	   6.0712844278624067e-01	   3.2214644882596633e-01	   1.6509187211508181e-01	   4.5851937859644060e-01	   1.2108759006464472e-01	   6.5802393806661486e-01	   4.1020223938858080e-01	   1.9275531167411795e-02	   3.2746340551503439e-01	   1.2282993211211582e-01	   2.5528434477284323e-01	   2.4508516955829154e-01	   3.1918653425486987e-01	   3.9267057338524941e-01	   3.5900558897628621e-01	   4.2811798684684171e-01	   4.1202274611148693e-01	   5.5246351067550670e-01	   4.2673594355247857e-01	   3.6551732407693240e-03	   1.6577329185703404e-01	   4.3035532432254039e-02	  -1.6658724531626062e-02	   4.4830530234178989e-01	   2.8467872191181565e-01	   2.6487682518983419e-01	   6.9115059964951639e-02	   2.2144421568618608e-01	   9.6182753361663625e-02	   1.8025761043801636e-01	   2.5883082905335350e-02	   2.3651231531063957e-01	   1.2575651957819894e-01	   4.3483448200736663e-01	   1.9472735212758813e-01	   1.4949242029561086e-01	   1.1635018177237574e-01	   3.5960355466487914e-01	   2.7011878047182680e-01	   1.5048291417263454e-01	   6.3085817067075473e-02	   2.0994087254400054e-01	   6.1997902119700146e-02	   2.9983208779263337e-01	   3.7823977392368796e-01	   1.7920636366118903e-01	   1.5570953656814898e-01	   2.7380024992883051e-01	   2.9234159369590840e-01	  -1.4666164977568572e-02	   7.6375159810261106e-02	   3.2827707722855293e-01	   3.2624661485454837e-01	   1.6370211642047522e-01	   1.9830299496263237e-01	   6.3400962002584527e-01	   4.9614948856321850e-01	   1.5410277661165592e-01	   1.1404943943378276e-01	   2.6825337416716777e-01	   2.9682062813700921e-01	   4.1159600632403925e-01	   3.5542429842225942e-01	   3.3888566033087308e-01	   2.7626268998399106e-01	   3.2411208604582536e-01	   1.1204082423945914e-01	   3.7702663419312510e-01	   3.2619458137873941e-01	  -4.2031914268808798e-02	   3.5579977023812069e-02	   3.8279537901304353e-02	   1.4615235344546976e-01	   3.4182302895829320e-01	  -4.4177135816453141e-02	   5.2308953727623064e-01	   3.0705090103529004e-01	   5.5668881279612253e-02	  -7.0901647917418504e-03	   5.4490419701821391e-01	   4.1993273609295895e-01	   5.6080793498084680e-01	   6.9062296045217786e-01	   5.7806061282124011e-01	   7.2313542875527548e-01	  -1.0380408185805905e-01	   1.5531491275481718e-01	  -5.4235081507093913e-02	   1.2465908318274045e-01	   3.5574263021446595e-01	   3.6703715842428569e-01	   3.7484494232968862e-01	   4.4682219913975840e-01	   2.1469197991619415e-01	   1.4508650232504286e-01	   1.9846285000448421e-02	   1.4099215366298123e-01	  -9.9380678456109178e-02	   1.5982523997539605e-01	  -9.7385112735649218e-02	   6.2591470466987736e-02	   4.8690801861804009e-02	   3.2568820154501008e-02	   3.0408394016134693e-01	   2.5537097983672818e-01	   5.8868122038818277e-02	  -2.7379608385162024e-01	
   6.7446477280041814e-02	   8.4655737977594597e-02	   8.6372181640427814e-02	   1.3620461819582852e-01	   6.4821813769079406e-01	   8.3743864505054189e-01	   2.4610821181621181e-01	   4.5542595050164070e-01	   6.0712844278624067e-01	   0.0000000000000000e+00	   1.0199829288897476e-01	   2.6324016791477201e-01	   2.4587949744626880e-01	   2.9884524228527803e-01	   3.0283169235400575e-01	   6.8229228832924316e-01	  -3.2695622828894239e-03	   1.3310515753229207e-01	  -2.5942116021447481e-01	  -9.0722318318787465e-02	  -8.7751989524672017e-02	   1.5444116093172106e-01	  -4.9896221091672077e-02	   1.6493796544473416e-01	   8.7944152533926012e-02	   2.2453777856020574e-01	   2.3778591056797105e-01	   2.4727612949250688e-01	  -2.2997649668799472e-01	   1.4594954142534994e-01	  -1.3492999764301422e-01	  -8.8568393380099114e-02	   4.7151091224378022e-02	   4.6930253243087208e-02	  -7.8052601659043513e-02	  -1.5112981672217241e-01	   1.2034591633415602e-01	   1.2601070526681876e-01	   6.0444180946682219e-02	   9.3325150806780142e-03	  -7.1189095445355951e-03	   2.4672314969604536e-01	   1.4533377912220374e-01	  -8.7050929272903407e-02	  -2.6976659601840774e-01	  -1.6301925332995809e-01	   2.1988212303642315e-01	   1.4557956417668033e-01	  -8.9831774634186567e-02	  -5.2278596636283613e-02	   1.5769227833205862e-01	   3.5432993153715142e-03	   3.3141659203328955e-01	   2.9304533120500054e-01	   1.0027764983916339e-01	   7.2888673099081258e-02	   4.2972447147309495e-02	   1.0965216554752567e-01	   2.7360067389438939e-03	   2.0772381700341946e-01	   3.6859271714028247e-01	   5.5155023789475832e-01	   1.3308605133818310e-01	   2.5033966351110559e-01	   3.0122138341478355e-01	   4.7408301019876609e-01	  -6.1871857244048700e-02	  -3.1055694994394898e-02	   8.3421150355659307e-02	   2.3812381452866252e-02	   2.6286921285585496e-01	   4.0627439269809257e-01	   3.4333966810238392e-01	   2.8016294532246189e-01	   2.7263120913456651e-01	   1.8283171669160994e-01	   1.7446279887891752e-01	   4.3216042920489589e-01	  -1.2911128530096858e-01	  -2.1870664122492572e-01	   1.2567623366275502e-01	   1.6591799097293092e-01	   1.1888667071673528e-01	   1.0239620806335710e-01	   8.7505001605367796e-02	   9.1454838714438158e-02	  -5.5202307772732204e-02	  -1.1016260420605214e-01	   3.1852030989530494e-01	   3.8995342827342055e-01	   4.9940282798252561e-01	   5.0694064017695672e-01	   5.8430391227400091e-01	   4.1022066886542902e-01	   1.6588582106077115e-01	   2.2818081465234327e-01	   1.4676578929584766e-01	   7.7377845160923234e-02	   4.5715816560123501e-01	   3.1466343695608867e-01	   4.3712667140900929e-01	   3.7448225593435830e-01	   9.7162917244650232e-02	   1.1012995173850693e-01	   1.2722512500066291e-01	   8.2759733578598560e-02	  -1.1223650411920592e-01	   1.2249134300735776e-01	   1.7874561612643269e-01	   2.9062982287905337e-01	  -3.3009494667426753e-02	   3.3813493050415078e-01	   4.8859779632974626e-01	   4.0415148343354290e-01	   2.2187416734707172e-01	  -4.7646854045553105e-02	
   6.9028905048601419e-01	   5.8062443852035606e-01	   3.0390416211227322e-01	   5.9768069618056682e-02	   2.1097349659444148e-01	  -1.3910425291584001e-02	   6.9830120201652557e-01	   3.6842467887673419e-01	   3.2214644882596633e-01	   1.0199829288897476e-01	   0.0000000000000000e+00	   5.5785979613477465e-01	   8.5777595393764705e-01	   5.5008056782473924e-01	   4.8817546942381873e-01	   3.1901999194010483e-01	   4.0993437520490394e-01	   4.6633373220957375e-01	   3.2962814473546709e-01	   4.1468727850618736e-01	  -9.1793207814583430e-02	  -1.1901685103531801e-01	   8.9058432849994609e-02	  -5.6678042507122231e-02	  -1.5539553033372555e-01	  -1.9915318621770967e-01	  -1.2394938808496973e-01	  -1.3813748052699482e-01	   5.3315400669610136e-01	   4.3513981012021385e-01	  -1.1410587670496011e-01	  -1.4311230115131041e-01	   2.0697698647089463e-01	   2.1330236074689557e-01	  -1.8676273190313175e-02	  -3.9270212473889371e-02	   3.4495629326610006e-01	   2.0628168955044957e-01	   3.6325402433258447e-01	   2.8345900241235861e-01	   2.6507661509984543e-01	   3.2766727676229479e-01	   2.3164559934046375e-01	   1.8898857732592064e-01	   1.1577590964047386e-01	   9.5858963900585098e-02	   3.6007110520566354e-01	   3.6677005033654730e-01	   2.9293138870269197e-01	   3.1167658587053038e-01	   3.8264821300610358e-01	   3.5790085489350210e-01	   3.4575981715830073e-01	   1.0710670742452025e-01	   3.7874206796628496e-01	   3.1262462409650860e-01	   6.4431451219194469e-01	   5.4217913513725069e-01	   4.8294391351057198e-01	   4.8712408740486118e-01	   6.9792330978684136e-01	   4.8530726207640418e-01	   6.0645547868063820e-01	   5.6854773913987466e-01	   3.6900218748178759e-01	   1.9144594369036977e-01	   2.7376540170668773e-01	   1.7653469055606977e-01	   4.8277207295192709e-01	   4.5015769910083214e-01	   1.4842246997522121e-01	   7.0373259641798955e-02	   5.9669551959466283e-01	   4.2320759764478832e-01	   5.5404523993664978e-01	   4.0582010476343788e-01	   5.7829427508175457e-01	   4.3813220976730327e-01	   3.5216804161641491e-01	   2.9935784565694817e-01	   4.5668316197191233e-01	   4.3068161377796388e-01	   2.4746290166512991e-01	   3.0450170476073685e-01	   3.1509964229153853e-01	   2.4578758044483404e-01	   7.8225261968666721e-03	  -3.3761865877453862e-02	   5.8404271438764943e-01	   5.1320642934208249e-01	   7.6066869135122228e-02	   2.7778362365834952e-01	   6.5836376454967968e-02	   3.0312283856123462e-01	   5.2926229777673001e-02	   1.8654708522582841e-01	   2.5188254947945532e-01	   2.6046833813448705e-01	   2.6684822039626133e-01	   3.9862013072308433e-01	   4.8982174571311621e-01	   4.8458614416971907e-01	   5.7695463675645431e-01	   3.7160628843609289e-01	   1.1331248700821292e-01	   2.7856735511545710e-01	   2.5538474255372157e-01	   5.3677930629444148e-01	  -1.5732692858224132e-01	  -4.4913002071259839e-02	   2.0076044523737430e-01	   2.3706267074530479e-01	   2.7023993631956311e-01	   3.2598318405479992e-01	   9.7945550600186448e-02	  -1.1394296641664153e-01	
   3.9941267768494748e-01	   4.8655787037500209e-01	  -6.4491396086493796e-03	   3.1387306548985794e-01	   7.0420004302736747e-02	   2.6141429535281080e-01	   6.1589473773540793e-01	   7.9911230635502029e-01	   1.6509187211508181e-01	   2.6324016791477201e-01	   5.5785979613477465e-01	   0.0000000000000000e+00	   5.0159355995168065e-01	   8.4735103490517671e-01	   2.2015957570402811e-01	   3.8104939940199201e-01	   1.6481406729147297e-01	   3.8558579844925966e-01	   3.0043625507092581e-01	   4.4076398520674043e-01	  -6.8931651149979657e-03	   3.9036686475378460e-02	  -1.6160162973840730e-01	   1.7971833887598841e-02	  -3.7143661541976986e-01	  -2.4128203952505917e-01	  -1.3964609462465094e-01	  -1.1922717192699464e-01	   4.9126301049184856e-01	   7.6824439757501117e-01	  -1.9398712190158487e-01	  -1.3487784519787060e-01	   1.8578485678992529e-01	   3.6288359946630799e-01	  -2.5796053768036392e-01	  -1.8330070788805697e-01	   4.8072749177470717e-02	  -1.7913313380698789e-02	   4.8390497640554239e-02	   3.1660482159715196e-02	   1.3353310100474988e-01	   1.8707322944843774e-01	   1.2809028599436545e-01	   1.2977091547895414e-02	  -1.2665062262939994e-01	   6.8476257730114287e-03	   3.2147674074452354e-01	   3.0049486996038011e-01	   2.3779165776415456e-01	   3.9665841385869455e-01	   3.3362773294222781e-01	   2.3092272218371818e-01	   3.2110847518808178e-01	   1.2235169412787379e-01	   2.2139414575880900e-01	   1.3478650451207269e-01	   2.2181644564629471e-01	   1.8818173582409506e-01	   3.4715506764018289e-01	   3.9070894997426997e-01	   5.8524520870124985e-01	   7.1783931228386044e-01	   3.8766988076758446e-01	   7.3284297809818000e-01	   2.0065101237761901e-01	   3.8149140299247658e-01	   4.8166647281717517e-02	   1.0043079979616332e-01	   7.0028235558019097e-02	   3.5488082011587818e-02	  -2.9013912332539995e-02	   1.4034804317594458e-04	   5.1805762943098044e-01	   4.1028663077928207e-01	   5.4621956882115130e-01	   4.0137236932597964e-01	   4.5380730466682828e-01	   5.5420893826073347e-01	   2.8814858339818849e-02	   3.1253730311503407e-02	   4.8295224234833645e-01	   5.0066742729431324e-01	   1.3293152540704808e-01	   1.3555136401633980e-01	  -3.5721326602208725e-02	   2.3673332730612218e-01	  -4.4579762279844781e-01	  -3.4730091714908917e-01	   2.6894202065288392e-01	   4.2235006855263235e-01	   2.3317507285163391e-01	   7.3294619062521616e-03	   3.1795464283889591e-01	   1.2584575073881876e-01	  -1.2740300680353683e-02	   1.9179837508702813e-01	   2.2208909908523400e-01	   8.7500658996409880e-02	   3.8412178415810883e-01	   2.5078559537426320e-01	   6.1107008455422396e-01	   4.3018131081242128e-01	   4.8657240705662885e-01	   2.2410494731652453e-01	  -2.2178583158171481e-02	   1.1412964069627579e-01	   4.3908534018063439e-01	   3.0992740450428236e-01	  -2.5163245679925239e-01	   3.9882616921866815e-02	   1.7812387330820845e-01	   2.7175308999248382e-01	   2.7596192959976479e-01	   2.7589201205271235e-01	   2.0403894647016377e-01	  -2.4000689437565065e-01	
   5.9406042967832207e-01	   5.8290739252966772e-01	   4.1907906229837960e-01	   8.6957740244931442e-02	   3.9046270906838887e-01	   1.5576369176493066e-01	   7.2556792886260357e-01	   3.8446028084526279e-01	   4.5851937859644060e-01	   2.4587949744626880e-01	   8.5777595393764705e-01	   5.0159355995168065e-01	   0.0000000000000000e+00	   5.9747199113921412e-01	   6.5478171185707468e-01	   4.8450775442238925e-01	   1.8962186288649679e-01	   4.0360106755086300e-01	   1.3042695904424620e-01	   2.8209877885804652e-01	   3.8331490554838138e-03	  -7.7738278846657613e-03	   1.7019044291692728e-01	   4.2886367799374485e-02	  -3.3497430937528778e-02	  -6.9928720487427654e-02	   3.8428725937375524e-03	  -1.6514025943941441e-02	   4.1296666492641276e-01	   3.5520689710664533e-01	  -1.1806200385895911e-01	  -1.4744039148420141e-01	   3.0822565030773236e-01	   3.0556255644511471e-01	   1.4397926797393218e-01	   9.2788510604359373e-02	   4.7012523945983409e-01	   2.2232336578936907e-01	   4.0774781407062261e-01	   3.2431144061836126e-01	   3.7435119486235802e-01	   3.1052831442098761e-01	   3.3626340956248385e-01	   2.2752976622322568e-01	   2.2406198286998927e-01	   2.3675843421233075e-01	   3.6617818816611025e-01	   2.9998931620147434e-01	   3.5085151152292171e-01	   2.9358010668728685e-01	   4.7512831909912345e-01	   3.8673485481455067e-01	   4.4792097794597052e-01	   1.7225439732996609e-01	   4.6558429934904511e-01	   2.9986837677872330e-01	   5.7472268916883640e-01	   5.1184629087375766e-01	   5.3101287468487901e-01	   4.7750488662373347e-01	   7.6636667978450446e-01	   5.1052937644704077e-01	   2.6314387241472914e-01	   3.9547421971050700e-01	   5.2721105694168535e-01	   3.6395732034317441e-01	   3.9585929213052001e-01	   2.8686674707243032e-01	   5.5462170276651024e-01	   5.0241257606078771e-01	   1.6566728495826588e-01	   5.6691059715628711e-02	   4.6459882316579998e-01	   3.2545475250132661e-01	   3.9482134261958102e-01	   2.2768084433734243e-01	   6.1908616595658583e-01	   4.2961355879096852e-01	   9.3935217293068529e-02	   2.8412569159182882e-01	   2.6958104600464855e-01	   2.8339333642274633e-01	   1.6482562137127044e-01	   2.3822888387023694e-01	   3.7382201300437384e-01	   2.8485270888008257e-01	  -1.0521532678321910e-01	  -1.3327058817897280e-01	   6.2955968873314183e-01	   6.1584588836916110e-01	   2.6807274964671550e-02	   3.1989695470912582e-01	   1.7067120385976131e-01	   3.1985461933042281e-01	  -4.3958777090747254e-02	   1.6939069799687190e-01	   2.1412538938909303e-01	   2.4237051409653815e-01	   1.6597560406515544e-01	   3.2069646196845425e-01	   5.0615718917194608e-01	   4.7074151937516662e-01	   4.9575372162402342e-01	   2.9688822394307535e-01	   1.5897336397232700e-01	   1.8461844907068084e-01	   2.5901541803289224e-01	   4.4267517420163571e-01	  -2.7544994870026801e-01	  -1.3701012456443837e-01	   1.7939659081848075e-01	   1.4699980915561950e-01	   3.5951035740401327e-01	   3.0673714291775689e-01	   6.9408129104345476e-02	  -2.0019115841669760e-01	
