   0.0000000000000000e+00	   6.1681279839676784e-01	   5.6375476850683826e-01	   4.1995298504044887e-01	   1.7523803126932377e-01	   1.3309645199492839e-01	   3.2486062170815933e-01	   4.2282044134118235e-01	   1.9772874781697020e-01	   1.3632299763621891e-01	   6.2437521896132597e-01	   5.8363318404066000e-01	   4.8101939477405464e-01	   3.5517424004824594e-01	   4.3254696837677298e-01	   2.8342054977059528e-01	   7.7420480531061342e-01	   6.6617364021380898e-01	   7.3380296058201633e-01	   6.5181033608373906e-01	   2.3649732413431523e-01	   2.0877376007749238e-01	   3.4531008616043724e-01	   3.0701671227549876e-01	   2.9628314131191258e-01	   2.5606433456537692e-01	   2.7177264756303210e-01	   2.0794747618666853e-01	   5.6953079412709740e-01	   6.9470279766946741e-01	   3.6350189541374905e-01	   3.2386363917506988e-01	   6.0879508346827405e-01	   6.0777651213455286e-01	   3.5651137533444188e-01	   3.6523319526694775e-01	   4.8306298023700672e-01	   3.8551886494176996e-01	   5.2904430437584937e-01	   5.8959412065934824e-01	   5.1540386212100064e-01	   3.3590786691778546e-01	   3.0854562792318824e-01	   3.4127156467349973e-01	   4.5576080447379153e-01	   5.1054152577157286e-01	   3.4233531632263192e-01	   4.7930043578515186e-01	   4.3551884307502020e-01	   4.5293854526146970e-01	   5.2536082610784796e-01	   4.4176932904351984e-01	   5.4184145948982898e-01	   4.4037201106759122e-01	   6.4682165058314456e-01	   5.8550618691777045e-01	   8.7989471576721878e-01	   6.2687637959764486e-01	   6.2547405373885223e-01	   5.0361285750719420e-01	   5.9720451856314194e-01	   2.9084661528662381e-01	   7.2857823454338222e-01	   4.1815330546190910e-01	   2.4376975007997270e-01	   2.3089180603338078e-01	   4.1333101543071543e-01	   3.3346266932305335e-01	   4.8389337423077139e-01	   2.8250595896564018e-01	   5.4593727222748767e-01	   6.0938115972512419e-01	   8.3543963811238697e-01	   7.6821136265835088e-01	   8.0859277315678635e-01	   7.6618931118096967e-01	   6.5021397870746889e-01	   5.5977512516201933e-01	   6.8998893001949990e-01	   5.3920181628583852e-01	   7.4751266405876582e-01	   6.1594115036571750e-01	   5.5001621068763573e-01	   5.6090757147297021e-01	   4.6982256371895781e-01	   4.4226094802762372e-01	   6.2304243334315756e-01	   4.0165988896808880e-01	   5.5201512166575228e-01	   5.7312339428084857e-01	   3.2475609970503455e-01	   2.6534086143975222e-01	   2.7943613226108233e-01	   4.7689835149918691e-01	   3.1599180531684451e-01	   3.0775068694698127e-01	   3.6347267397519628e-01	   6.6530315513063865e-01	   6.6640343241217093e-01	   6.6239886813111126e-01	   5.0627550979966018e-01	   5.7942077423322158e-01	   4.1592475157255343e-01	   5.4261778860739474e-01	   2.3286852473927852e-02	  -6.0957030008939345e-02	   2.3038774224109448e-01	   3.3704628945348991e-01	   1.0154231939628597e-01	   1.3383360249655282e-01	   3.3034252777984741e-01	   5.7957844727940699e-01	   5.3202580228443863e-01	   3.6027691152945124e-01	   2.0474249452186738e-01	  -2.0383279230376909e-02	
   6.1681279839676784e-01	   0.0000000000000000e+00	   3.2331842118946769e-01	   4.1401399388773152e-01	   4.7542641665245988e-01	   4.1496151879711901e-01	   1.9788544327495255e-01	   3.2472674736453655e-01	   4.6023892347918555e-01	   3.2926708899585672e-01	   2.4023079364712746e-01	   3.5891977420433741e-01	   2.4735882272600249e-01	   2.3127081829667323e-01	   6.2058228425716377e-01	   3.9344286860128908e-01	   7.1071603519791626e-01	   8.0014295390212120e-01	   5.7754760258205140e-01	   7.0434148463464685e-01	   5.2218388430293916e-01	   5.4293688955634412e-01	   2.9271588530129256e-01	   3.1786956575052494e-01	   5.0711329572554709e-01	   4.8900515629868058e-01	   5.9372085132291241e-01	   5.3649784583797500e-01	   3.9600027492911910e-01	   5.8139305897632654e-01	   2.9931102196118486e-01	   2.1357838323411593e-01	   5.4855305824844613e-01	   5.7349700662178071e-01	   3.2246767441806956e-01	   2.6183313143236925e-01	   3.3871603889390772e-01	   2.3214753994509796e-01	   4.6143271700464927e-01	   5.2619795419331761e-01	   4.2627729043656581e-01	   2.8805391419344190e-01	   3.5211067596732692e-01	   3.3071355817886827e-01	   4.2550984966896127e-01	   4.0955320485008617e-01	   4.2441196119221469e-01	   4.8188437776470538e-01	   2.4770104205203147e-01	   2.4608984874077422e-01	   4.5849816841284552e-01	   3.5757510707175966e-01	   5.8157131632517756e-01	   5.6721717116975823e-01	   6.7690395058397590e-01	   5.8144202126171363e-01	   6.8988461711271065e-01	   8.7887090141289992e-01	   5.7082578483777735e-01	   5.7418115062744790e-01	   4.7664800465195167e-01	   3.0904260381265736e-01	   5.6173485626980102e-01	   5.5522300800829039e-01	   4.5168197958887585e-01	   3.7233385889361281e-01	   5.3416960136594227e-01	   4.7133230273502880e-01	   7.9506814581430529e-01	   7.4789262196201967e-01	   3.7601759643703458e-01	   4.8882496331047803e-01	   5.7934432904736766e-01	   6.6360247180955689e-01	   5.0429650770258205e-01	   4.5662273559238320e-01	   4.4113098490691194e-01	   4.2277205018207770e-01	   6.6501568927865429e-01	   6.6324707679666695e-01	   6.5968142827277976e-01	   6.0110970821035725e-01	   7.3274162286854239e-01	   6.4618988101273522e-01	   5.5092977499460494e-01	   4.9364658525677191e-01	   5.5959544019911855e-01	   3.4730473130297934e-01	   7.5536475579677154e-01	   7.1206536201670600e-01	   4.6482324561128785e-01	   4.2362887897853907e-01	   5.0417614510938935e-01	   6.9555185036378397e-01	   4.0304814061003202e-01	   3.1146874858018686e-01	   5.1864465785073821e-01	   4.7404505816944653e-01	   7.1927103825243410e-01	   5.8583390677637714e-01	   7.1288609974722639e-01	   6.9901660861156034e-01	   7.6272078820017652e-01	   7.3490836883634691e-01	   8.6761036709280814e-02	  -1.1317374290519491e-01	   3.5820971973401150e-01	   4.2916182650131368e-01	   1.6195039807804703e-02	   1.0803298791101196e-01	   4.7073392716715234e-01	   6.6572902107639276e-01	   5.5239408169051107e-01	   2.0906209716095087e-01	   6.0485481450507805e-02	   7.4527220546903972e-02	
   5.6375476850683826e-01	   3.2331842118946769e-01	   0.0000000000000000e+00	   8.1003775782472054e-01	   3.0640718739808448e-01	   3.7326712843205478e-01	   8.3790108049223577e-01	   6.5409997532703024e-01	   4.4334090311663510e-01	   2.8383790110133322e-01	   5.9305116390703627e-01	   5.4759994013716573e-01	   6.3227605508987150e-01	   5.7941464400942633e-01	   6.1835350305350434e-01	   6.4879381700001515e-01	   1.9657702679581945e-01	   2.6556369950067465e-01	   6.8375075706837019e-01	   4.8147295663661738e-01	   1.9231448477292290e-01	   1.5046096873470843e-01	   8.1356208634324678e-01	   8.2917701197740601e-01	   4.6593624703073228e-01	   4.9543076802623798e-01	   4.6935560704529444e-01	   4.2353197780235713e-01	   3.4252827841269717e-01	   2.9169214273786859e-01	   7.0248183298729105e-01	   7.2296271960152803e-01	   6.2007201219270724e-01	   5.0361994244837816e-01	   5.0982875763719326e-01	   4.8292207143793181e-01	   3.4834875509666097e-01	   3.2567172294180408e-01	   3.7902155271565052e-01	   4.3074523274832233e-01	   3.3716455997344991e-01	   3.2533187103448036e-01	   3.9651666437420313e-01	   4.0026418256107665e-01	   3.1470211353715855e-01	   3.6956129496155554e-01	   4.7358096116370363e-01	   5.1196857757972580e-01	   4.6254368040260146e-01	   5.2747577421570835e-01	   5.8466614997186972e-01	   5.2450027887118966e-01	   5.2006208696543343e-01	   4.6679243386963143e-01	   5.1827649138240217e-01	   5.7121303859497963e-01	   3.4498633867870471e-01	   2.2985135260248418e-01	   4.6832105871084473e-01	   4.0889409153310530e-01	   5.1547589729344889e-01	   4.7571931076305823e-01	   2.3387720782565413e-01	   2.3721890189180150e-01	   6.6446505296195102e-01	   4.2012352528922009e-01	   5.4127462356985179e-01	   3.7446402961057795e-01	   1.3108414295685317e-01	   8.5095968504767416e-02	   5.2853321786058660e-01	   5.4782968239131136e-01	   5.7896010168167356e-01	   5.5124875074185775e-01	   5.7137605260586133e-01	   5.2011282140628179e-01	   5.8512155329165472e-01	   4.9332339114953005e-01	   2.4325382128288969e-01	   3.6753787791651210e-01	   4.6845858899642784e-01	   5.6701897862111406e-01	   5.4486865413034480e-01	   4.1216002410007635e-01	   6.5349812940725227e-01	   6.3988677833530971e-01	   5.5167567442794319e-01	   4.5042297629840711e-01	   4.3384194334087306e-01	   5.6137730999820645e-01	   6.6551403775792184e-01	   6.3472527160883840e-01	   5.8569214431815864e-01	   5.3705362111223953e-01	   7.9450211562550638e-02	   3.1659237111787442e-01	   1.5664456331061163e-01	   3.9747633574366531e-01	   4.6296212193330333e-01	   6.2826912882484642e-01	   4.9406237241402540e-01	   4.2834603737254917e-01	   1.8653740684485418e-01	   2.6537356478711122e-01	   1.6898223287979822e-01	   7.9768828895453420e-02	   1.8224895116170139e-01	   2.8805718446284856e-01	  -3.6852510889739558e-02	   1.5829850127092362e-01	   3.0154843733719994e-01	   3.4544197022445100e-01	   5.8282657829688378e-01	   4.8870569003029007e-01	   5.3085696090130463e-01	   2.7321198248508712e-02	
   4.1995298504044887e-01	   4.1401399388773152e-01	   8.1003775782472054e-01	   0.0000000000000000e+00	   4.0341327023949408e-01	   5.5046649363133926e-01	   8.6132261532172005e-01	   8.5502378497483256e-01	   5.1930094898282997e-01	   4.1922773524757934e-01	   4.6984931885190895e-01	   6.3614499775125199e-01	   5.0858589343409266e-01	   6.5574527343910372e-01	   6.1489737913906906e-01	   7.5625703778717579e-01	   1.9581812507797441e-01	   2.9596991166837139e-01	   6.6035880165657490e-01	   5.5720152010063417e-01	   1.7284215765966460e-01	   2.1163788659248228e-01	   6.1134856124082337e-01	   7.8990050980140925e-01	   4.8500770121392611e-01	   6.4291212877125170e-01	   4.3436856853405464e-01	   4.5865974337424892e-01	   3.5085683735769280e-01	   3.4382919933705747e-01	   5.7364391768199952e-01	   6.1935341251869180e-01	   6.9343097297348477e-01	   6.8065634143976506e-01	   5.7529630060809567e-01	   6.1190795496862671e-01	   2.6669106464776160e-01	   2.5917860620356503e-01	   3.4577929355619919e-01	   4.2046934032301064e-01	   1.9251260131050857e-01	   2.3381237938540489e-01	   4.3179850583811535e-01	   4.5605731211566580e-01	   3.6537038806262562e-01	   4.1255155991419912e-01	   5.2282093900613258e-01	   5.6580445013167346e-01	   4.5826215513179286e-01	   5.7253316775574703e-01	   6.3738783613549832e-01	   5.0258664379575857e-01	   5.5064926212512633e-01	   5.0682537779355497e-01	   5.6421126346395312e-01	   5.7703863537879729e-01	   2.7287990546594276e-01	   3.0064528473841967e-01	   5.6866948992050925e-01	   6.6825129272915451e-01	   6.9323895879704989e-01	   7.6227245236522057e-01	   2.7049370793061450e-01	   5.1500564822282557e-01	   7.4397804402980583e-01	   7.1944213881017016e-01	   7.4868213380885673e-01	   6.8234424698156360e-01	   1.8048021556916585e-01	   2.6197955802658013e-01	   3.5060298998811407e-01	   4.3652762402718664e-01	   5.5700912223442411e-01	   6.0323628651427907e-01	   5.5407764522295611e-01	   5.2352087504755151e-01	   5.1628863930703284e-01	   5.5751333097720013e-01	   2.2378839780146997e-01	   3.8202389690657196e-01	   4.0855393290002195e-01	   5.2581695726859035e-01	   5.1610898554760898e-01	   4.4839038916437535e-01	   6.3693223621802597e-01	   7.1310605355733780e-01	   4.2822289228624555e-01	   5.1789453360423310e-01	   4.6901064477535226e-01	   6.6785499837265327e-01	   8.2398733031146998e-01	   6.3263477972067916e-01	   7.5218714016381516e-01	   5.8021352014745053e-01	   6.4432436890409728e-02	   2.2969949275255036e-01	   1.7251672582836827e-01	   3.5290064652897546e-01	   5.6224380731995516e-01	   6.2117155022976822e-01	   6.3609284890981388e-01	   4.4654150504943158e-01	   3.4214773666054815e-01	   3.2815192074819310e-01	   1.2262293493034512e-01	   1.8309320667680994e-02	   9.2112799138395929e-02	   2.6052822858533869e-01	   2.6651237856903331e-02	   1.7602739736771528e-01	   3.1309282500921282e-01	   3.9892116739108008e-01	   5.7566140528892917e-01	   5.4353779059523699e-01	   5.1172400358176828e-01	  -1.4731421038682685e-01	
   1.7523803126932377e-01	   4.7542641665245988e-01	   3.0640718739808448e-01	   4.0341327023949408e-01	   0.0000000000000000e+00	   8.9840853408029919e-01	   2.2273592364589351e-01	   3.2639082125275942e-01	   9.2330772146423945e-01	   8.8859908626580020e-01	  -1.8891217394281043e-01	   2.2008966691699723e-02	  -1.5574303444621870e-01	  -6.0098561670146516e-02	   3.8151428541270560e-01	   3.7487453158808814e-01	   2.4354316877324891e-01	   3.3237019504103049e-01	   7.9611081153146607e-02	   1.0568466938679477e-01	   3.9902764088604104e-01	   5.1347329695941957e-01	   2.7057988073846700e-01	   3.4209422761487474e-01	   6.2312354538352921e-01	   7.5143122837259746e-01	   5.5623374083435340e-01	   6.1196251591935458e-01	  -1.8234393666422610e-01	  -3.4451204928244578e-02	   2.6910368964738091e-01	   8.8464234790483126e-02	   4.4842440223861657e-01	   4.6472035349159191e-01	   4.7849641212195038e-01	   4.1466554500335756e-01	   9.5755915578128417e-02	   4.5184038467647743e-02	   1.5211005763163232e-01	   2.1590025644479027e-01	   1.7365519564138671e-01	   1.9417917882141764e-01	  -1.3727641378993166e-01	  -1.4456941841120619e-01	   2.2686275038003206e-01	   1.0079253145517356e-01	   4.7681417400082124e-02	   7.4159822219606569e-02	  -6.8520827689855651e-02	   1.6767760245876384e-01	   3.1222241280567398e-01	   2.1727489510491918e-01	   4.3158484035877487e-01	   4.5419298587198959e-01	   4.3066931236958439e-01	   4.0343924603991282e-01	   3.0411488722867841e-01	   5.8510931911584896e-01	   6.1687284210388471e-01	   6.0209470975453194e-01	   4.7638436545496865e-01	   4.7384692158067188e-01	   1.2931627128977155e-01	   2.5744840015082737e-01	   4.6735659471541696e-01	   3.9211620100439659e-01	   5.3967926751968576e-01	   4.6737058092326100e-01	   3.8507346561574529e-01	   4.8174520252703201e-01	  -5.4350142861039535e-02	   1.8510453851235864e-01	   2.3674846901156069e-01	   3.1522256126843701e-01	   1.3846992715992182e-01	   7.5736083993312692e-02	   1.1231314769352793e-01	   1.1575055558554866e-01	   3.0190328853489284e-01	   2.9610909611806485e-01	   3.3026019773308068e-01	   4.0178028090010415e-01	   2.8228563239226812e-01	   3.0803826401370460e-01	   3.9078324315611568e-01	   4.4361611801406947e-01	   2.3324749136863138e-01	   2.8900496880287690e-01	   5.1231579614776035e-01	   6.8036499975806475e-01	   4.5755597172496609e-01	   4.2877240447409504e-01	   5.1536091966622011e-01	   5.1253258374124833e-01	   1.3200236906925461e-02	  -2.2695947761250383e-02	   1.6754591895564583e-01	   1.7664054959420955e-01	   2.9356449185981814e-01	   3.5232414184448579e-01	   4.4168436403679279e-01	   5.1981702102894101e-01	   3.5601776711860189e-01	   4.8686231823601034e-01	   9.0233126942873637e-02	  -1.3434059895591208e-01	   1.9549489514286278e-01	   2.5827982637011321e-01	  -2.7659934974817069e-01	  -1.1190070251146807e-01	   1.8602913878742500e-01	   2.7785098777106498e-01	   3.6579938688616043e-01	   2.8199708754230755e-02	  -5.1454612330616642e-02	  -1.9500059428946854e-02	
   1.3309645199492839e-01	   4.1496151879711901e-01	   3.7326712843205478e-01	   5.5046649363133926e-01	   8.9840853408029919e-01	   0.0000000000000000e+00	   3.5856057373240280e-01	   5.2059135430282732e-01	   9.2851315410977431e-01	   9.2388977115547433e-01	  -1.2439477246979840e-01	   1.5583702941380403e-01	  -6.6606902460634415e-02	   9.8320491262575804e-02	   4.3870611823649353e-01	   5.6191277668971884e-01	   1.7410099515580071e-01	   2.8848314403312775e-01	   1.6847139196520994e-01	   1.4554546192002649e-01	   3.1835739228688037e-01	   4.4663319815627167e-01	   3.2154635997229009e-01	   4.6432891080778615e-01	   5.3691920195400888e-01	   7.4054032381529022e-01	   5.6984936408809472e-01	   6.8185212977630782e-01	  -1.4378907418212822e-01	   2.2045245802679490e-02	   2.9242125380789052e-01	   1.6792785828911527e-01	   4.3708428569491287e-01	   4.9020629773241647e-01	   4.7554849137069721e-01	   4.4584266391533445e-01	   8.7887101462484241e-02	   2.5475992541350891e-02	   1.2830093121736583e-01	   2.3156709605864273e-01	   2.0300882751822419e-01	   1.7927790481494765e-01	   1.1200360872114821e-02	   9.7721803768270610e-03	   2.7917308695361409e-01	   2.1975588490407594e-01	   2.1111395476880765e-01	   2.4220458267390743e-01	   7.3388479392522910e-02	   3.0329012379399667e-01	   4.1207050166075304e-01	   3.3302716829444429e-01	   4.7158958146223973e-01	   5.0639122882599641e-01	   4.5583768929372936e-01	   4.7602510655102026e-01	   2.0536102795010572e-01	   4.9001993977186276e-01	   5.3860229389741776e-01	   6.4799129753250373e-01	   4.8451981678283462e-01	   6.1928611923096333e-01	   1.1171672640259973e-01	   3.1811311348779514e-01	   5.4450141999229162e-01	   4.2076979951045324e-01	   5.8449688880821582e-01	   5.1553880986569744e-01	   3.3026557423120190e-01	   4.4190224128276168e-01	  -9.2246656485474171e-03	   1.7876748310586837e-01	   2.6454894418243663e-01	   3.3304977476062264e-01	   1.5969298608728005e-01	   8.7939886506196552e-02	   1.5045627870001713e-01	   1.9222496074233814e-01	   2.5941187080585010e-01	   3.4753809218425435e-01	   3.5062259714461103e-01	   4.3636996427320884e-01	   2.8783502475613754e-01	   3.4664180926546023e-01	   4.4774193739314028e-01	   5.2092930815253968e-01	   2.5042595034144188e-01	   3.5790633577793585e-01	   4.7661453772210288e-01	   7.0084038824700312e-01	   6.3814744588837224e-01	   5.4491234994540694e-01	   6.8784486491678742e-01	   5.8803252280573159e-01	   4.4494542771324287e-02	   1.2940015995966168e-02	   1.6524241910743226e-01	   1.7033924157004504e-01	   3.4140814846698442e-01	   4.1862100772574196e-01	   4.8677926481797784e-01	   4.8941079604755655e-01	   3.2610628379251688e-01	   4.4708146348505551e-01	   1.3931373959884796e-01	  -1.0678736649491377e-01	   2.0001556273062437e-01	   3.2683610513184985e-01	  -2.1524019523792298e-01	  -1.9133047129994394e-02	   2.2460184642069692e-01	   2.7945446696575560e-01	   4.2697902356616119e-01	   1.8986429088896278e-01	   1.4942195421499496e-01	   4.5644009681511513e-02	
   3.2486062170815933e-01	   1.9788544327495255e-01	   8.3790108049223577e-01	   8.6132261532172005e-01	   2.2273592364589351e-01	   3.5856057373240280e-01	   0.0000000000000000e+00	   8.1353771871659153e-01	   3.7374505295520272e-01	   2.1963377587347235e-01	   4.9226419258548726e-01	   5.2333483837709815e-01	   6.3184718563405706e-01	   6.5795221346800370e-01	   5.7143394680931725e-01	   6.5665521581356057e-01	   3.4774470864393912e-02	   1.6041890166980077e-01	   5.7390931835465664e-01	   3.9931656644796909e-01	   1.0192557352623124e-01	   8.9413400475800570e-02	   6.4585927129030751e-01	   7.7006110851467646e-01	   3.4267218066446847e-01	   4.4703124441170872e-01	   3.9024996295594161e-01	   3.9860637156573631e-01	   2.6622803185894733e-01	   2.2838249235031349e-01	   6.3401060545877741e-01	   6.5752300291108212e-01	   6.4810390712909671e-01	   5.6118977160663686e-01	   5.7483376065979253e-01	   6.0495199341560446e-01	   2.8035717857470005e-01	   3.1359679366664334e-01	   3.6320929210662534e-01	   4.2643513731286309e-01	   2.0858611536297311e-01	   2.5545276882921253e-01	   4.8963200274309193e-01	   4.8946509989627440e-01	   3.4437526660698120e-01	   3.9486354544818458e-01	   5.6538771395122223e-01	   5.9474624104618090e-01	   4.9562934292088745e-01	   5.8663048528729156e-01	   5.7768807705659209e-01	   4.9061255271854254e-01	   4.6901339689426930e-01	   4.5260981162173752e-01	   4.8533378635819474e-01	   5.3690414797804187e-01	   1.2396093008319410e-01	   1.0838157497540503e-01	   4.1486633774674786e-01	   4.7910278596665629e-01	   5.9906015642814536e-01	   6.4961940001677942e-01	   1.2344545673762228e-01	   3.1713171487045061e-01	   6.9813184769041126e-01	   5.8300698321286992e-01	   6.1780094685755271e-01	   5.5352839416231014e-01	   9.2061054769821779e-02	   1.5424895536631461e-01	   4.4552658127742495e-01	   4.3195366079802633e-01	   4.2564141510885856e-01	   4.4070895839636204e-01	   4.5048698192260045e-01	   4.0854798540973081e-01	   4.7993024355078912e-01	   4.9588943937602703e-01	   1.0797595717722835e-01	   2.9053182237613129e-01	   3.2501798376950686e-01	   4.8100047074227581e-01	   4.4193876595757753e-01	   3.4835081346433772e-01	   5.9990733947927244e-01	   6.3666186798281887e-01	   3.6503216596950216e-01	   4.1152766609585972e-01	   3.8089787532280572e-01	   5.3829014215107507e-01	   7.7138382264529315e-01	   6.5727837283375790e-01	   6.7665560785723589e-01	   5.2640664352601052e-01	   6.0757697548878359e-02	   3.3056479459179666e-01	   1.2767889941056296e-01	   3.4408225338510207e-01	   4.6199259068735821e-01	   5.5502986308969426e-01	   5.2948735742547071e-01	   3.6569609969048078e-01	   2.3838050552296752e-01	   2.1589351403574047e-01	   2.0800118554270974e-01	   1.5881345579785844e-01	   1.3464716628708262e-01	   2.6301578560241429e-01	   3.4739404723325991e-02	   2.9927321329841816e-01	   3.0114633923710288e-01	   3.1461988717872724e-01	   5.2136910903306377e-01	   5.7484228429326745e-01	   6.0328726861873960e-01	  -3.8257314015249823e-02	
   4.2282044134118235e-01	   3.2472674736453655e-01	   6.5409997532703024e-01	   8.5502378497483256e-01	   3.2639082125275942e-01	   5.2059135430282732e-01	   8.1353771871659153e-01	   0.0000000000000000e+00	   4.6238905410518988e-01	   3.9690731199220625e-01	   3.9319830007451484e-01	   5.5027239208916900e-01	   4.8075720362905755e-01	   5.7395246377231812e-01	   5.4649150725164686e-01	   6.2925760555450316e-01	   2.3494094581660008e-01	   3.3812370550453030e-01	   5.7512745931355702e-01	   4.0241316579101993e-01	   1.8745492886702042e-01	   1.8944633908895725e-01	   5.2925196519766171e-01	   7.0612849602693206e-01	   4.0898371589551097e-01	   5.5158081135752135e-01	   3.9813908453008562e-01	   4.0202633685437184e-01	   2.4007970608372853e-01	   3.6211913999318252e-01	   5.7023706251171702e-01	   5.3899296893988691e-01	   6.4955468049623732e-01	   6.8773284415709823e-01	   6.7408553243433844e-01	   7.2261486331366842e-01	   3.5592404066479150e-01	   3.6013404601994259e-01	   4.0802028303863269e-01	   4.9663939708474003e-01	   2.6810713953062448e-01	   1.6676194990352242e-01	   5.1085168190047459e-01	   5.3026350554230062e-01	   3.5912712592544144e-01	   4.3939910505500129e-01	   5.9109845591770616e-01	   6.6981540032527243e-01	   5.1837860132959190e-01	   6.3997523528358014e-01	   6.8062524871849650e-01	   4.9491870313706671e-01	   6.3699166532458595e-01	   5.3834501417273650e-01	   6.0639789610927575e-01	   6.0794125627080131e-01	   2.7367434479368202e-01	   2.6659365642136273e-01	   5.5707365257227237e-01	   7.4409789507081325e-01	   6.5880744246898826e-01	   8.8812508409323221e-01	   1.8516529928057632e-01	   3.4648519107888787e-01	   6.1039299103317979e-01	   6.2661125291885811e-01	   6.2213778997446023e-01	   6.1601131854192082e-01	   1.9871481325189261e-01	   2.8189919299583721e-01	   4.5951740568686661e-01	   4.7886008730175356e-01	   5.5949821389614107e-01	   6.0398286730071682e-01	   5.8076295354984375e-01	   5.7193513760315717e-01	   5.2844977330622589e-01	   5.9754510240867909e-01	   3.3121449464409541e-01	   4.9593856803883174e-01	   4.7311883004258998e-01	   4.9388647171850808e-01	   4.1629936189443950e-01	   3.1656739065889977e-01	   5.4619991902154330e-01	   5.9637105653644551e-01	   3.7477363053638713e-01	   3.8226264001858756e-01	   4.7787576483756283e-01	   6.6375837046182984e-01	   8.4877929253681017e-01	   6.7497279436910917e-01	   7.9552202519956738e-01	   6.4666276645374798e-01	   1.4392410776981390e-01	   3.0706142677236525e-01	   2.3365619804794940e-01	   4.4989696136104540e-01	   6.2473216641009655e-01	   6.8715315590775705e-01	   6.4478090269465982e-01	   5.0488974040377876e-01	   3.7191249496717699e-01	   3.8477673497429304e-01	   1.6603805193275564e-01	   5.2187013603578317e-02	   2.7529275671712067e-01	   4.5473603709893184e-01	   1.4204643845034035e-02	   2.9050094564172907e-01	   4.0667864869735426e-01	   4.7495791275208199e-01	   6.0179646259630115e-01	   7.0215939498054447e-01	   5.9141937358622143e-01	  -5.3466280020227540e-02	
   1.9772874781697020e-01	   4.6023892347918555e-01	   4.4334090311663510e-01	   5.1930094898282997e-01	   9.2330772146423945e-01	   9.2851315410977431e-01	   3.7374505295520272e-01	   4.6238905410518988e-01	   0.0000000000000000e+00	   9.1179893100482967e-01	  -4.9965062108003583e-02	   1.9956238427657885e-01	   2.3485066411931176e-02	   1.4859503753298342e-01	   5.4156011153383143e-01	   6.0609192556978342e-01	   2.0153634441741580e-01	   3.2983587513578239e-01	   1.8479109972954044e-01	   1.4785167167559154e-01	   4.0229401755598654e-01	   5.0457908064152734e-01	   4.4569272425626627e-01	   5.4766537580916885e-01	   6.2337386540790196e-01	   7.6642201974109669e-01	   6.5964406323077185e-01	   7.2486866889338331e-01	  -1.1456368793644835e-01	   6.5021533490539074e-02	   4.0148991400567252e-01	   2.9190818049958167e-01	   4.5813650197084066e-01	   4.3993268168070299e-01	   4.5350465339033968e-01	   3.9326364741896208e-01	   1.3515763995156832e-01	   8.7112360506757469e-02	   1.8708696902631183e-01	   2.8334998780370152e-01	   3.0727534439032139e-01	   2.1906418648430662e-01	  -3.9379779317851686e-02	  -7.8621722553173401e-02	   2.3501000323469148e-01	   1.3763094074720025e-01	   1.8119092276210555e-01	   1.9980046936048421e-01	   1.3377460038671173e-02	   2.1793025081258038e-01	   3.9740681252975307e-01	   3.4419743585133722e-01	   5.2463212059367448e-01	   5.7095026165901930e-01	   5.2307933269550655e-01	   5.4155626373748611e-01	   2.5017323015491832e-01	   5.2564601058222893e-01	   5.7537281091192938e-01	   6.0331465126627781e-01	   4.6993492061757869e-01	   5.4560613358094223e-01	   1.3221949924944870e-01	   2.9063756321641104e-01	   5.9018702714473914e-01	   3.7823692269148218e-01	   5.6051705574868249e-01	   4.5300526931932156e-01	   3.5029022158429535e-01	   4.3391113258307379e-01	   1.1816361116786261e-01	   2.7358013138214410e-01	   2.9952221962380426e-01	   3.6139833092650131e-01	   1.7356819268628632e-01	   1.3114953985807898e-01	   2.1159562788057731e-01	   1.9615979205096981e-01	   2.8951667275504972e-01	   3.6347824237879034e-01	   3.9123734882264799e-01	   5.1194250080376158e-01	   4.1731924052008090e-01	   4.0489376357521123e-01	   5.6235147081727721e-01	   6.2911648472698734e-01	   3.5229738134800193e-01	   4.0517454139797288e-01	   5.9319871836032401e-01	   7.7366115678273539e-01	   6.6011214632297333e-01	   6.4782533546147203e-01	   7.0372704458777047e-01	   6.7057558929322270e-01	   9.8531900844696776e-02	   8.3130192448240492e-02	   2.7145758329239295e-01	   2.6192791382696723e-01	   3.9658662108826692e-01	   4.8999509091003857e-01	   5.5604401940374681e-01	   6.1595665376826481e-01	   4.1726697679985325e-01	   5.4608263251973033e-01	   2.3537070674857041e-01	  -5.6319899630106916e-03	   3.5147912884777638e-01	   4.5649559380458160e-01	  -3.0928138783510173e-01	  -7.6911487601853207e-02	   2.9234008748488982e-01	   3.5379562193577940e-01	   4.9218919737987343e-01	   2.0575386501924303e-01	   1.6326939296087198e-01	   1.9608076055590901e-01	
   1.3632299763621891e-01	   3.2926708899585672e-01	   2.8383790110133322e-01	   4.1922773524757934e-01	   8.8859908626580020e-01	   9.2388977115547433e-01	   2.1963377587347235e-01	   3.9690731199220625e-01	   9.1179893100482967e-01	   0.0000000000000000e+00	  -1.4538280052740110e-01	   1.6706414289711183e-01	  -1.2043606509674767e-01	   7.9910461387893317e-02	   3.2667290826730572e-01	   4.7561902957862245e-01	   1.8491605032407793e-01	   2.5309498967858951e-01	   6.7103621039312195e-02	   6.1456329260857416e-02	   2.1764074151760962e-01	   3.5405320399976636e-01	   2.2450389468762766e-01	   3.6754614549659065e-01	   4.6707828237884919e-01	   6.7932491048398280e-01	   4.3699833335168176e-01	   5.4226068778344738e-01	  -1.5364485193136693e-01	   9.2580622708452014e-03	   2.1733437540940589e-01	   1.0603500611082289e-01	   4.2869468505898783e-01	   4.5756891879750827e-01	   4.3678799319873673e-01	   3.8634420726770713e-01	   1.0504481371717266e-01	   2.0035757384580567e-02	   1.1480592663181818e-01	   1.7599147507893811e-01	   2.5119171143724373e-01	   1.4811328271991564e-01	  -1.9519831008063424e-01	  -1.8868090992515257e-01	   2.4991815053841299e-01	   1.3879667911308952e-01	   2.3375135209033032e-02	   6.2182331577967584e-02	  -6.4205434122081656e-02	   1.6481827175050745e-01	   2.9266939207817766e-01	   1.9310917872897396e-01	   4.1652305443542031e-01	   4.2084569203730171e-01	   4.1238120598893635e-01	   3.8357610377999940e-01	   2.2024184351092707e-01	   4.7081267719733066e-01	   5.7064377489356488e-01	   6.0144163250672122e-01	   4.7998832530942703e-01	   5.0795451544176085e-01	   1.4407993680105713e-01	   3.0097169366694998e-01	   4.0257288154608040e-01	   3.1810330336827319e-01	   5.5604425054415274e-01	   4.8316626869269463e-01	   2.6074678494500991e-01	   3.8183415371683549e-01	  -1.0687227646576586e-01	   1.0257645739225361e-01	   2.3414277658054547e-01	   2.8373952925493351e-01	   1.1271222760641791e-01	   6.0235857148610635e-02	   1.0568874921453647e-01	   1.3304744213458081e-01	   2.4696093569095157e-01	   2.7807074279625510e-01	   3.2720565679292157e-01	   3.9746278128597168e-01	   1.8611028011155412e-01	   3.3359472790761197e-01	   3.9048922566304756e-01	   4.8968426917049135e-01	   1.4630731239202840e-01	   3.5297530748560368e-01	   4.4701778340325249e-01	   6.6744465088553029e-01	   5.0503509538810143e-01	   4.3399293732624633e-01	   5.5895668287516176e-01	   4.6416539805965806e-01	   7.7920866094737820e-02	   1.4674527639965136e-02	   1.9279618228725928e-01	   1.8024082441829589e-01	   2.6408396309033649e-01	   3.3326437885551402e-01	   4.2389483366947067e-01	   4.7396698947378835e-01	   3.0320766146027239e-01	   4.3148811451270841e-01	   1.8497049363678242e-01	  -2.9962826621074669e-02	   1.7656278353271587e-01	   3.1103326365475076e-01	  -1.9417675927321987e-01	  -6.8333398964978920e-02	   2.1680886987133471e-01	   2.8498645581621074e-01	   4.1453198423713400e-01	   1.2347797959966411e-01	   3.6242298638570578e-02	   1.4490011340251008e-01	
   6.2437521896132597e-01	   2.4023079364712746e-01	   5.9305116390703627e-01	   4.6984931885190895e-01	  -1.8891217394281043e-01	  -1.2439477246979840e-01	   4.9226419258548726e-01	   3.9319830007451484e-01	  -4.9965062108003583e-02	  -1.4538280052740110e-01	   0.0000000000000000e+00	   7.4511469895202742e-01	   8.3044968068594760e-01	   6.8227943660901036e-01	   4.6735112553968228e-01	   4.1744475217956289e-01	   3.1265091710620246e-01	   1.9692057768978330e-01	   6.8783434212781291e-01	   5.7078165367276912e-01	  -9.8476753250004018e-03	  -7.5580167319812125e-02	   4.1049945002613508e-01	   3.9113678629086907e-01	  -3.7265192282028028e-02	  -3.1421610463947973e-02	   1.4387985209930083e-02	   5.8914639696654369e-03	   6.9679867440690679e-01	   5.7802877587155121e-01	   3.4969269077838305e-01	   5.1816823747144325e-01	   3.8953133415289121e-01	   2.6366475846404069e-01	   5.4410823319291281e-03	   8.3792657225988970e-02	   3.6960653205265870e-01	   3.4300472095860457e-01	   3.5199514894484840e-01	   3.9985187474752393e-01	   3.5396226469556324e-01	   3.0939997303674849e-01	   3.1660256828592570e-01	   3.2563280689810115e-01	   2.4781041447248053e-01	   3.0539787782990557e-01	   3.6450104644334580e-01	   3.7867653408748436e-01	   4.1796452904947867e-01	   4.0407183472282782e-01	   4.7293789593578517e-01	   4.7648889500778857e-01	   4.3517302111244832e-01	   2.8734059606934303e-01	   4.5603426856013496e-01	   4.6985174110357941e-01	   3.2187348696512574e-01	   6.2997234724102638e-02	   2.5272874525882094e-01	   2.2697979810162558e-01	   3.7157234944087414e-01	   1.4085155156151422e-01	   3.5715175956019074e-01	   2.6284263287354243e-01	   1.3395410225359888e-01	   5.7925156923121557e-02	   2.4027380932553372e-01	   1.6437007117471350e-01	   2.7558909897626223e-02	  -7.8232709724560520e-02	   6.0840348761685048e-01	   5.2620933495790134e-01	   6.6099240975329687e-01	   6.0810422833092426e-01	   6.8978353536437353e-01	   6.7980536604783137e-01	   6.3642773338018188e-01	   5.2189263886214721e-01	   2.6924591653958629e-01	   2.3379870994488874e-01	   3.9514148186596065e-01	   3.4938231593846303e-01	   4.5738164957483923e-01	   3.7501489264276694e-01	   4.2809515628427230e-01	   4.2647036365245411e-01	   3.5594276727659180e-01	   1.9964779820030762e-01	   2.9808903758747568e-01	   2.9788509342488800e-01	   3.4182768087866933e-01	   3.0957084638458465e-01	   1.9873060128302575e-01	   2.4487345650332698e-01	   2.0726140663789466e-01	   3.4628991778103735e-01	   1.8913348435636071e-01	   4.6844393143998031e-01	   5.2397490669948843e-01	   5.3671697270622332e-01	   2.8481807919109536e-01	   2.7685555871832407e-01	   1.3569646553037656e-01	   1.8072433096810880e-01	   1.4448437064208824e-01	   1.7366783740077041e-01	   1.5339828948868031e-01	   2.0552408067694330e-01	   2.2901765086761949e-02	   1.6594232252778510e-01	   1.9185880631802577e-01	   3.3604458038871582e-01	   4.4200277988865350e-01	   4.5863581110638901e-01	   4.7154738903014842e-01	   1.7906305220157633e-02	
   5.8363318404066000e-01	   3.5891977420433741e-01	   5.4759994013716573e-01	   6.3614499775125199e-01	   2.2008966691699723e-02	   1.5583702941380403e-01	   5.2333483837709815e-01	   5.5027239208916900e-01	   1.9956238427657885e-01	   1.6706414289711183e-01	   7.4511469895202742e-01	   0.0000000000000000e+00	   6.8818445868427580e-01	   8.7614710567863385e-01	   5.0768634507248001e-01	   6.9528622244337490e-01	   3.4743484511912526e-01	   3.1370333987006960e-01	   6.2774289355063895e-01	   5.7894191979284682e-01	   8.0950478886339133e-02	   8.7788803950532457e-02	   3.7363585028525975e-01	   5.1091198123146042e-01	   1.0706458397523293e-01	   2.3483004308743230e-01	   1.1201895846208851e-01	   1.8966986346870407e-01	   6.8860091236013843e-01	   6.6444532963704694e-01	   3.8987909168483781e-01	   5.7156220866710850e-01	   5.3403457906799656e-01	   4.7311822334597864e-01	   1.4564929492549528e-01	   2.2656769725480103e-01	   3.9594139925472038e-01	   3.6357516030411985e-01	   3.9146909590166373e-01	   4.2857070847662937e-01	   4.5518608493600843e-01	   3.4567513609941602e-01	   2.1121795827507411e-01	   2.2411673047498876e-01	   4.2131032426732484e-01	   4.1637545727254710e-01	   3.0239317861502912e-01	   3.5917895960137980e-01	   3.6811013999506143e-01	   3.3197167223749113e-01	   4.7431241556081977e-01	   3.7346110672580751e-01	   4.3048480186759597e-01	   2.7145154217139078e-01	   5.2626948061309342e-01	   4.7921756161737028e-01	   3.5286234990147586e-01	   2.1555045106006940e-01	   4.1776758687272691e-01	   3.7805501467624980e-01	   5.6778725412559183e-01	   3.3347533887772679e-01	   5.1204983020195716e-01	   6.1088142157816749e-01	   2.9370944104226754e-01	   3.4399957128633341e-01	   4.8195278353277432e-01	   4.3767650561110316e-01	   7.1266516488682347e-02	   8.8567809047589586e-03	   4.6526871263598257e-01	   5.0344486305821989e-01	   7.0446709806359631e-01	   7.1466612867670454e-01	   6.6963545828378734e-01	   7.2205229394609782e-01	   5.1507501729321947e-01	   4.7497646539881760e-01	   3.0963500658746712e-01	   3.1402631450840268e-01	   4.9794230153975350e-01	   5.7448249018869946e-01	   5.1875136519072518e-01	   6.0286863414314407e-01	   6.1238376204101130e-01	   7.2660649757648610e-01	   4.2294068103961424e-01	   5.4924198102854194e-01	   4.5561284567543908e-01	   5.2173851700902940e-01	   5.1092200089506312e-01	   3.9170208160230569e-01	   4.6685258383303296e-01	   3.6877991756607253e-01	   1.1687480685374502e-01	   1.9780181390701873e-01	   2.4205019358118737e-01	   4.3057766704400330e-01	   5.6643029248467203e-01	   5.3864954813012422e-01	   5.4522636350880904e-01	   4.1078472790256476e-01	   2.8981028301110223e-01	   3.1961022944292178e-01	   1.8773421170259605e-01	   2.3551495369408959e-01	   2.1670064798372929e-01	   3.6806422221869917e-01	  -6.2304131298356581e-02	   8.7628467160154752e-02	   2.4754651343739109e-01	   3.3477672208768894e-01	   5.5167856119142555e-01	   5.2543252773514548e-01	   4.9712981954070867e-01	   1.0382531411242100e-01	
   4.8101939477405464e-01	   2.4735882272600249e-01	   6.3227605508987150e-01	   5.0858589343409266e-01	  -1.5574303444621870e-01	  -6.6606902460634415e-02	   6.3184718563405706e-01	   4.8075720362905755e-01	   2.3485066411931176e-02	  -1.2043606509674767e-01	   8.3044968068594760e-01	   6.8818445868427580e-01	   0.0000000000000000e+00	   8.0537652796240256e-01	   6.8116049315447902e-01	   5.9617273951885097e-01	   1.6249549294905691e-01	   1.7143050385186642e-01	   6.4232418179840578e-01	   5.1550630918955676e-01	   1.2349636049753637e-01	   6.2225704928847936e-02	   5.4766399252498887e-01	   5.4427493997319809e-01	   3.1862410279768869e-02	   4.4810937260598344e-02	   2.2521643309335193e-01	   1.9919765476821882e-01	   5.7248634811920440e-01	   4.9891647587611521e-01	   5.8211037268881416e-01	   7.2423123441205706e-01	   4.6803683997704071e-01	   3.2747030293255858e-01	   2.0901337178893598e-01	   2.1168580526610839e-01	   4.3284144816801873e-01	   4.2327358866223763e-01	   4.4654405070889563e-01	   4.9390593654254517e-01	   4.2667705494944391e-01	   3.5159402842061077e-01	   4.0816196299368562e-01	   3.8915066944696985e-01	   3.1655554141938391e-01	   3.7835145188116093e-01	   4.7450042895199818e-01	   5.1214133733233624e-01	   4.9600865389216492e-01	   4.4861049284565224e-01	   5.1021121151804016e-01	   5.1635461866983490e-01	   4.9480310344292155e-01	   3.6349929912815604e-01	   5.4851997990014356e-01	   5.6268334654770524e-01	   1.9066791226931107e-01	   4.6052738089461441e-02	   2.4896004948364803e-01	   2.2380505619093188e-01	   3.2697455960454525e-01	   1.9655207017150467e-01	   2.2003088846453334e-01	   2.5030886275323389e-01	   3.1473083841503746e-01	   1.2307720422721874e-01	   3.5161881482785340e-01	   2.7562568213021466e-01	   9.7496770517007558e-02	   3.9582501618320304e-02	   6.3194578886341490e-01	   5.4822238800104528e-01	   5.6221731136573627e-01	   5.2640024738768276e-01	   5.6635023097214998e-01	   5.4936628315222269e-01	   4.9790496860827882e-01	   4.1437854770572968e-01	   1.8504809152641671e-01	   2.4898961053608262e-01	   3.8473478658461752e-01	   4.4585389070113357e-01	   6.3648583886709764e-01	   4.4971219114131117e-01	   5.9657726524234966e-01	   5.6932000968669116e-01	   4.6515713712190143e-01	   3.4755159874461694e-01	   4.5674694003649996e-01	   4.1806478763346611e-01	   4.7016640298318113e-01	   5.0858259882764945e-01	   3.5325177810917352e-01	   3.7973028585330620e-01	   1.7075380790410966e-01	   3.6672145087385810e-01	   1.9720324131934575e-01	   4.7184530590303275e-01	   5.3060423843907034e-01	   5.7352381908186456e-01	   4.4444478219063555e-01	   3.8747851753028550e-01	   2.4808013413680244e-01	   2.9607583234967616e-01	   2.8800158758516109e-01	   2.5408998012819894e-01	   2.5487541682923770e-01	   3.6501355643627392e-01	  -1.2004635726212465e-01	   1.6159107131258385e-01	   2.2837849509357355e-01	   3.2719197035046699e-01	   5.4756978322397587e-01	   5.7982259891378174e-01	   5.6259348015239374e-01	   1.3460885596153246e-01	
