   0.0000000000000000e+00	   6.9513638175727344e-01	   6.2665340164493344e-01	   5.6288725497668290e-01	   3.4220772687551526e-01	   2.0652561276714004e-01	   6.0376612223409654e-01	   5.1206942480559137e-01	   3.9759771308383118e-01	   2.1575089664837957e-01	   5.8809269698523248e-01	   4.8386184828666245e-01	   4.6221375308270712e-01	   4.8182355871758009e-01	   4.9683010829039653e-01	   4.7391978501171450e-01	   5.1231339696028033e-01	   4.4911207864989788e-01	   6.1998326355610667e-01	   4.5092829814280344e-01	  -7.7190534674406050e-02	  -1.0005833669709807e-01	   3.6693571202458997e-01	   3.1988899311974101e-01	   1.7680266638795450e-01	   1.9340140901833933e-01	   2.8057548793935150e-01	   3.4349256632990383e-01	   2.2726778095085631e-01	   3.0754209431601431e-01	   1.1474274979759139e-01	   5.3817590459969290e-02	   4.5167304288523258e-01	   3.9203819136159912e-01	   1.4694608237725115e-01	   5.8595084929083885e-02	  -1.7000654442273255e-01	  -5.9906999283304480e-02	  -8.3464024600395495e-02	   5.0206485042100277e-02	  -2.4442378712351576e-01	  -9.0003963789326680e-02	   1.8847664881394066e-01	   1.0290919170368151e-01	   2.2247148946570927e-02	   4.4926689980564649e-02	   2.6232461122656542e-01	   3.0794068606576364e-01	   6.8233084965942215e-02	   2.0359016647014938e-01	   3.0344771432924000e-01	   3.1972573404145938e-01	   3.2039110361509537e-01	   5.0507606222615020e-01	   3.6586797969147444e-01	   4.4035635527256589e-01	   8.3740400176778529e-01	   6.5567101256746163e-01	   7.8196743134549640e-01	   6.4552375436494913e-01	   5.9828400950356353e-01	   4.3982653964845031e-01	   3.6525063020536663e-01	   1.7187242753310253e-01	   2.6384641889124194e-01	   3.4644995975684989e-01	   3.9793463962878151e-01	   2.9055623763727700e-01	   5.3699351003574114e-01	   2.3940886538419862e-01	   2.3791972265165590e-01	   2.6136163225212178e-01	   4.4454449406338914e-01	   3.9412116220694970e-01	   3.2667743906827773e-01	   1.7557496340146342e-01	   4.7531596486019578e-01	   2.8580579834552350e-01	   4.7186137163303937e-01	   5.2982445961649016e-01	   4.6629099113454331e-01	   5.0931632402708193e-01	   1.2336989686706590e-01	   3.1349214794584207e-01	   4.6712320029750087e-01	   4.4384202215485219e-01	   2.4079221507004017e-01	   3.1898283376258962e-01	   5.2432783287055806e-01	   4.8679819356317705e-01	   3.7346362181913939e-01	   4.4889432797653994e-01	   3.3365130299048851e-01	   5.4602918294697034e-01	  -2.6462293835884410e-01	  -1.4864518893409795e-01	   1.4937086441863229e-01	   4.0157885110840963e-01	   4.3935757810919679e-01	   5.3727106291532878e-01	   4.3774815183806826e-01	   3.8214068470228202e-01	   5.0123945704414996e-01	   5.2459613223490587e-01	   2.9457979922602284e-01	   4.8582601380815427e-01	   4.1755360790814455e-01	   5.6543780284895950e-01	  -2.5195347070791213e-01	  -2.4068137007572818e-01	   1.5097920068644757e-01	   2.9361423824916572e-01	   3.3956325866961257e-01	   1.6913919104657396e-01	   6.3354301225285251e-02	  -1.0579715404136963e-01	
   6.9513638175727344e-01	   0.0000000000000000e+00	   6.3354674534069777e-01	   6.0609041848217626e-01	   4.9635102422813016e-01	   3.7675963976233756e-01	   6.6411812940213077e-01	   6.4287642926552158e-01	   5.0783245966958790e-01	   3.9779027926211341e-01	   5.8024030110123959e-01	   6.0492804818075363e-01	   5.0215876898356582e-01	   4.9942942892813780e-01	   5.3607955524514106e-01	   6.4433810526609581e-01	   6.4711502259735743e-01	   6.2968206916835878e-01	   7.3906677821622613e-01	   7.4027512190433220e-01	   1.3834671421342876e-01	  -9.1220301831509004e-03	   5.1995133503490387e-01	   4.6402976230846449e-01	   2.1543657890894821e-01	   1.8360908735926734e-01	   3.6137080347874978e-01	   3.2467320222140367e-01	   4.1038242119205720e-01	   5.6940000806803337e-01	   3.1488619403882034e-01	   2.7991184790449841e-01	   6.2314729677866842e-01	   5.7910055076687794e-01	   2.0380094415058492e-01	   1.9896543237920850e-01	   9.1568207171339941e-02	   1.9873746618676391e-01	   1.2472172216226604e-01	   1.4565879061148262e-01	   7.7311653167569704e-03	  -1.9045599169805701e-02	   4.4214392952385251e-01	   3.3913809216937840e-01	   2.7683311508929320e-01	   3.2347349509668366e-01	   4.8363507150791901e-01	   5.0423448653811342e-01	   3.8556121026324652e-01	   4.1569615716426939e-01	   4.0806338832617250e-01	   4.0189956067496002e-01	   5.2200305466805008e-01	   6.0597041136903007e-01	   5.4629610142202889e-01	   5.7628397528771735e-01	   6.2481184254030553e-01	   7.2395469018210423e-01	   5.6710867929756548e-01	   5.8688013097302305e-01	   5.7285602697763194e-01	   5.1601719832568271e-01	   4.3720611173831764e-01	   4.3524344738738235e-01	   2.3945260648379421e-01	   2.4832180722292757e-01	   4.1836507256301242e-01	   3.7834644286147467e-01	   5.3963523868083019e-01	   4.3820633998450154e-01	   4.6220500701755546e-01	   5.5623092186038359e-01	   5.9221638766018347e-01	   6.6388721853441557e-01	   5.8198616280934623e-01	   5.2043504914910910e-01	   6.3239658707524637e-01	   6.1047607843394913e-01	   5.2682475788940553e-01	   5.5173862955459718e-01	   5.9321824473951579e-01	   6.6648040690743304e-01	   5.1499750534133193e-01	   6.1750874896637364e-01	   5.4947211027979770e-01	   5.6901916495226845e-01	   4.9315343037206916e-01	   4.8059864527593260e-01	   5.9015466845866738e-01	   5.8682136482080760e-01	   4.8156547966871777e-01	   5.3114958698996728e-01	   4.9558999517673585e-01	   5.1539018671565506e-01	  -2.5750322450950294e-02	  -2.4638677104357526e-01	   3.8595088117289533e-01	   2.2366008221332623e-01	   5.9195081793165327e-01	   5.3784592944547305e-01	   5.4062927373484393e-01	   3.6157185686903631e-01	   6.0273487582748320e-01	   3.9110833859928840e-01	   2.3071313257906759e-01	   2.1174257723809092e-01	   2.3575800938279251e-01	   3.8510941054203784e-01	  -6.0896768828372368e-02	  -4.5072861582461869e-02	   3.0564825727646627e-01	   4.8226584034514486e-01	   4.7860830322810516e-01	   3.6643687564847771e-01	   3.6950123007326924e-01	   4.7540638073227177e-02	
   6.2665340164493344e-01	   6.3354674534069777e-01	   0.0000000000000000e+00	   7.6020482799500189e-01	   5.8393841368447519e-01	   2.8302550890291811e-01	   8.0994731152605737e-01	   6.4864821166416076e-01	   5.4924844306134746e-01	   3.1533273387845751e-01	   4.9963322376869945e-01	   3.7293419447413800e-01	   4.3990469633599849e-01	   3.9838083189065365e-01	   5.4893308750841363e-01	   4.9851357772086896e-01	   3.4677499315927457e-01	   2.6093066096525058e-01	   5.7546253372011946e-01	   4.5301121655533461e-01	   1.3106726041497177e-01	   4.2653539353012443e-02	   8.3255955788228975e-01	   7.3541404374081265e-01	   5.4200073969175144e-01	   5.4085899940667259e-01	   5.5154651215543271e-01	   6.2801959839565880e-01	   2.6152893131738897e-01	   3.4704195245193437e-01	   5.1630901509243299e-01	   4.5318799241278496e-01	   6.7304413662034057e-01	   6.1127574795392536e-01	   6.4853972189494979e-01	   5.1124328421270759e-01	   1.7144635968451019e-01	   2.4388393737218880e-01	   1.1511830728989909e-01	   1.1178901744886405e-01	  -7.6730499482313697e-02	  -1.3170562684479159e-01	   2.6652644780321738e-01	   1.5724807967855015e-01	   1.0719952439484204e-01	   1.4145374640204711e-01	   3.5866358578049057e-01	   3.5062576886154961e-01	   1.5202292764565326e-01	   2.8812360833070938e-01	   3.6721039944013073e-01	   3.2693313372992194e-01	   4.1281878693669932e-01	   5.4893078427739894e-01	   4.6308934736524388e-01	   4.8467163241779937e-01	   4.1769518452743298e-01	   3.6219342507685470e-01	   6.4917880357122681e-01	   4.8277304254839148e-01	   6.2125385519366838e-01	   5.3411142694391578e-01	   1.9608108383042155e-01	   7.1480536610747755e-02	   7.0470753072668157e-01	   6.1864437839471464e-01	   6.5657136032585994e-01	   5.1299806597333164e-01	   3.4043467107306769e-01	   2.4055577077631624e-01	   3.6034910421144939e-01	   4.9735582522469929e-01	   3.1433938811727624e-01	   3.2171383451990637e-01	   3.0153840760608402e-01	   1.7835965847364482e-01	   4.4926921853117441e-01	   3.8232230910352649e-01	   3.7764302034467451e-01	   4.3480738550622561e-01	   5.2168950608755649e-01	   5.8316722536160803e-01	   2.8202390055418092e-01	   3.3157229306412483e-01	   6.9670308243215340e-01	   6.2957388046233587e-01	   4.7333199762858880e-01	   5.0891705436918100e-01	   7.2902101538962183e-01	   5.6040477264708710e-01	   4.7842156792809060e-01	   5.5929220669417268e-01	   4.5162601292868543e-01	   5.3389283461750026e-01	  -1.5448147975465609e-01	  -1.7910624748911358e-01	   1.8780787219923042e-01	   1.2741174145167869e-01	   3.7348373495542059e-01	   4.1929038552397402e-01	   4.0431477291345674e-01	   3.2139401486395758e-01	   4.8433938023370426e-01	   3.6844192029539646e-01	   2.8731739108715354e-01	   4.4220907317579417e-01	   3.9126146108179649e-01	   5.9793111498882112e-01	   6.9633792899265815e-02	  -2.8482557166994847e-02	   2.2638268307389667e-01	   3.5411901530492934e-01	   3.4072190721037832e-01	   2.4021644306774512e-01	   3.0348582300005378e-01	  -1.7776699054132844e-01	
   5.6288725497668290e-01	   6.0609041848217626e-01	   7.6020482799500189e-01	   0.0000000000000000e+00	   6.7914038180430314e-01	   5.5107762695323537e-01	   6.4299468585461117e-01	   8.8562981208411462e-01	   5.5966789586418531e-01	   5.5849423740843374e-01	   3.3885143688831687e-01	   5.3242626004124904e-01	   2.4712762302315952e-01	   4.5297104067798843e-01	   3.0228547048760823e-01	   5.5415015237217280e-01	   2.6430110816885577e-01	   2.3532405442101004e-01	   4.4916692932819269e-01	   4.7772588543011674e-01	   1.5463597482458200e-01	   6.7241256070856917e-02	   6.6740890490603066e-01	   8.2120355547610568e-01	   4.0626733803140774e-01	   5.7214881061894918e-01	   3.4392759215414803e-01	   5.1630900417683911e-01	   1.8690019215313441e-01	   3.6166513335027284e-01	   4.2776455661969959e-01	   4.6680760487708545e-01	   6.1244216166949117e-01	   6.9224821713214180e-01	   6.2859129583705353e-01	   6.3613919795817253e-01	   2.5786747273608152e-01	   3.9513146076435346e-01	   2.1954679228200941e-01	   3.4974383138128184e-01	  -4.6220950278790633e-02	  -1.0029069144452438e-01	   4.6934349164513700e-01	   3.9775826834688016e-01	   3.5867661595779077e-01	   4.1078704881690531e-01	   5.6571973895119276e-01	   5.7933998914107976e-01	   4.0347138476573219e-01	   5.3363001253962639e-01	   3.9529418194610377e-01	   5.1174845522344303e-01	   5.1882317333663996e-01	   6.5971317889464709e-01	   5.1121057966347749e-01	   5.7664094883566197e-01	   4.0329417463442024e-01	   3.5145074071664889e-01	   6.0394864338755572e-01	   6.6065330372056197e-01	   4.4784191482081281e-01	   7.0427374469070081e-01	   8.9793676120893756e-02	   6.6755362958645467e-02	   5.0835384637023406e-01	   7.4301708165321778e-01	   7.3946832208453450e-01	   7.4914213868886936e-01	   3.7097887936181362e-01	   3.3550931812957369e-01	   2.2406789467538363e-01	   4.6058823220989187e-01	   2.3255740530827185e-01	   2.7914601177627252e-01	   1.8905516147737972e-01	   1.6281768412793066e-01	   4.3970032232111905e-01	   4.7642800581404610e-01	   2.8005523083728501e-01	   3.0659827525352190e-01	   4.1925818750189742e-01	   5.1024122561263530e-01	   2.4361905461381628e-01	   4.1222865600313863e-01	   6.1235351016417128e-01	   7.3920323116647646e-01	   4.1390123895599396e-01	   4.6285335633734315e-01	   6.6143000083776038e-01	   7.3649315314448760e-01	   6.5797751457264875e-01	   4.6722393294998354e-01	   6.2653956436994185e-01	   5.1243513866186619e-01	  -7.8618197699638320e-02	  -6.1225269726272277e-02	   2.7834072975807889e-01	   1.3101275396498316e-01	   5.1632165358128934e-01	   3.2315939145225991e-01	   4.5024129150168057e-01	   3.1748704875180039e-01	   3.9185920324267587e-01	   3.1859740433058614e-01	   4.0227775792700793e-01	   3.9290137301707628e-01	   4.2467138986863207e-01	   4.8293354182931525e-01	   1.0381708128581366e-01	  -1.0440526971255429e-01	   2.0238978584429174e-01	   4.1744169932158520e-01	   4.4457512304913049e-01	   2.3506255457578093e-01	   2.3604287866963031e-01	  -2.0458981635390205e-01	
   3.4220772687551526e-01	   4.9635102422813016e-01	   5.8393841368447519e-01	   6.7914038180430314e-01	   0.0000000000000000e+00	   7.7347871262713341e-01	   5.9854077577054787e-01	   7.2075920641426050e-01	   7.1769402945859406e-01	   7.6319373742646301e-01	   3.1444719111492320e-01	   4.2865752943670976e-01	   2.9017627561035741e-01	   3.8790801983270978e-01	   2.3556690982762316e-01	   5.8310014883268457e-01	   4.2870144501629859e-01	   3.5739996916836286e-01	   3.9528827194179678e-01	   4.5103296058153025e-01	   2.2051808171642440e-01	   1.4851566766785967e-01	   5.4988032744870619e-01	   6.0945495525693261e-01	   3.3085181172351230e-01	   4.0635072700849195e-01	   2.0267905915001810e-01	   3.3440370651787998e-01	   2.9330767472262681e-01	   4.7792606881575350e-01	   3.5678193144998832e-01	   4.0037010853261257e-01	   6.1749193031293637e-01	   6.5825628304501504e-01	   5.4871650817650264e-01	   6.4798044772173746e-01	   3.4743044156682723e-01	   4.1680957478737807e-01	   3.3761072376204743e-01	   4.5446218577484043e-01	   8.4482655389888001e-02	   7.6330414480724820e-03	   7.3843294497494449e-01	   6.8264828818722612e-01	   6.1744564578186112e-01	   6.3882335773134036e-01	   7.4450229179938709e-01	   7.7530065570925399e-01	   5.8089009530645919e-01	   5.4614883168548056e-01	   4.0778013834973759e-01	   4.7593746098139600e-01	   5.3032034386384197e-01	   6.8128045391831416e-01	   6.7083852890260665e-01	   7.3638978486802453e-01	   2.5731008980197823e-01	   3.3775072390545519e-01	   4.0509511326961606e-01	   4.9244438502199828e-01	   4.1876736786608393e-01	   5.8107701633586850e-01	   3.0194276855502838e-01	   2.7887858875753146e-01	   2.7114051466519956e-01	   3.7939968017539577e-01	   7.2276442870788460e-01	   7.2316515359746281e-01	   3.0836320441440901e-01	   3.9482700271864096e-01	   3.3229633699086997e-01	   5.3208226070932518e-01	   1.5183252416831958e-01	   2.5762101468002430e-01	   2.4375685450284629e-01	   3.0524683937399033e-01	   5.1786998666955908e-01	   5.9130981624351930e-01	   2.9428795991387191e-01	   2.4935516384689030e-01	   4.7108367478796198e-01	   4.4687464472544480e-01	   3.6355785919658984e-01	   4.8387435190674594e-01	   4.3971597743456203e-01	   5.5029905590391059e-01	   3.8036216474963080e-01	   3.1331624437314504e-01	   5.6798709301052075e-01	   6.5146414401364183e-01	   7.2065346991121915e-01	   5.4876708140173380e-01	   8.0147070461771341e-01	   6.0233958155169842e-01	   1.9306774506102964e-01	   5.1651428075296570e-03	   6.0272499507221378e-01	   2.7402004784252831e-01	   7.6421528363882207e-01	   6.4992296926359194e-01	   6.6109135261767915e-01	   5.4118349080156469e-01	   4.3712675966737341e-01	   4.5811607377282010e-01	   5.6792215844471705e-01	   4.9450075117836523e-01	   5.8777027436879992e-01	   2.9292915906928735e-01	   2.6890062891843536e-01	   5.6763283694847760e-02	   5.1055620779824484e-01	   7.7166399880350856e-01	   7.6964221974051517e-01	   3.9490497613945580e-01	   1.2206484999974827e-01	  -2.2288552819843432e-01	
   2.0652561276714004e-01	   3.7675963976233756e-01	   2.8302550890291811e-01	   5.5107762695323537e-01	   7.7347871262713341e-01	   0.0000000000000000e+00	   4.4676497494075806e-01	   6.1416003580555945e-01	   6.2930272579085123e-01	   9.0752210516405163e-01	   2.2610652095480160e-01	   3.8333250810267488e-01	   1.8059530252663938e-01	   3.2782542945721049e-01	   9.0232866307025955e-02	   3.3309638244723416e-01	   1.9970628019727454e-01	   1.9594087858588724e-01	   8.1209345807860905e-02	   1.9719416158595504e-01	   1.1224625151642723e-01	   1.5517746719541667e-01	   2.3600222766905213e-01	   4.1791677556101903e-01	   8.6728488541352886e-02	   2.8056642000893856e-01	  -9.1314822137474272e-02	   1.5064485969005595e-01	   3.2112162959041152e-02	   2.0571618379156731e-01	  -8.9445269136842087e-02	   2.5888798904077991e-02	   2.2837399273617259e-01	   2.9948383010277679e-01	   2.5521074818074396e-01	   4.1324433574836195e-01	   2.6247409816922673e-01	   3.4378474161555139e-01	   4.1783524939078082e-01	   5.1756070611085248e-01	  -6.6874461837264476e-02	   1.0059314407039744e-02	   6.9581586790039074e-01	   6.3067334584551205e-01	   5.8009851854472338e-01	   6.3668551602253398e-01	   7.5721996466893970e-01	   7.3724483461072299e-01	   6.8540178414015507e-01	   6.9561440036033872e-01	   5.8962605995559081e-01	   6.8313458684283224e-01	   6.1542285189783252e-01	   6.4725906858363425e-01	   7.1326584092944689e-01	   7.3291717871910944e-01	   1.0429057597503824e-01	   2.0997341640992545e-01	   3.5913876394573130e-01	   4.9497765640316749e-01	   3.2561970221674696e-01	   5.4477123221559431e-01	   1.4841191620069066e-01	   1.4407304951434302e-01	   1.8085685110501093e-01	   3.9227812237691512e-01	   5.7289965164327150e-01	   6.2416768091227559e-01	   3.1296778132961278e-01	   4.6944513766322393e-01	   3.5883156949961068e-02	   2.3982365120530291e-01	  -1.6691972793193910e-01	  -1.7894274551413436e-03	  -1.1263962495050321e-01	   3.5889501064589623e-02	   2.0893522160726752e-01	   3.2813567634514096e-01	   6.5894527894350657e-02	   6.9750396164791978e-02	   3.0790897800354100e-01	   2.8642049530406927e-01	   2.7240627780619847e-01	   4.3767073816252755e-01	   4.0874356683852353e-01	   5.3672892922583115e-01	   3.4158932799804909e-01	   3.5382545211932054e-01	   5.5139996388852341e-01	   6.2479947722203633e-01	   7.1238507793850214e-01	   4.3269817641114777e-01	   7.5145885681676428e-01	   5.7869314304545449e-01	   2.0367667828019925e-01	   4.2983132670899545e-02	   5.6805441077291030e-01	   2.8315177217010562e-01	   7.4816233737108173e-01	   6.1500548084417295e-01	   5.3799196134453597e-01	   4.7281417695171485e-01	   2.1041150562979577e-01	   3.3676587140744302e-01	   5.1504676505712488e-01	   3.4506497584099277e-01	   4.7754187803052484e-01	   2.7148916646927396e-01	   1.9584383837724689e-01	  -8.3433845411215457e-02	   4.2679486608023987e-01	   7.9305495286043859e-01	   7.9443183494750624e-01	   2.7123154628216095e-01	   2.5509222363182325e-03	  -1.9281282993931964e-01	
   6.0376612223409654e-01	   6.6411812940213077e-01	   8.0994731152605737e-01	   6.4299468585461117e-01	   5.9854077577054787e-01	   4.4676497494075806e-01	   0.0000000000000000e+00	   7.5915922313953543e-01	   8.0526689500412618e-01	   5.0242027177768012e-01	   8.0525944838361452e-01	   6.5632815025943181e-01	   7.7894788354640410e-01	   7.0029361973226600e-01	   6.8043982443013151e-01	   5.9398504616595083e-01	   2.6184490197587562e-01	   1.7496863720461919e-01	   3.9154620922085259e-01	   3.2201822768376281e-01	  -1.6882937754850527e-01	  -1.9545986971071344e-01	   6.7527056038559541e-01	   6.0700015515711847e-01	   2.4942084828983585e-01	   2.4975574330004280e-01	   5.1023136364526722e-01	   5.5511707221484130e-01	   9.2811657699158168e-02	   2.3672084480892069e-01	   1.5155114218504268e-01	   8.0549328779721041e-02	   4.6052594927332990e-01	   3.9257502781408071e-01	   3.4973388727332289e-01	   2.8911477444478967e-01	  -7.6046192802243992e-02	  -2.2724844856145164e-03	  -3.0992662121563253e-02	  -4.3567699457995379e-02	  -3.9843241060330720e-01	  -2.1291059102069962e-01	   3.0677821806939576e-01	   1.9664307367956083e-01	   7.5861669018378014e-02	   1.7573973125930825e-01	   4.6727006260506021e-01	   3.9469862809837364e-01	   3.0706230440618043e-01	   4.6281839253161999e-01	   6.0924624510368508e-01	   5.1546632286175764e-01	   6.2858980156974265e-01	   6.9324398823914257e-01	   5.2646197703042552e-01	   5.1850877550780472e-01	   2.8429698780786572e-01	   3.1047413795187762e-01	   7.7955005792848653e-01	   6.3132480027065419e-01	   8.3321568901250354e-01	   7.6779854184576735e-01	   9.0711689080212154e-02	   3.3353827580360804e-02	   5.6382963720717871e-01	   5.7290194730801114e-01	   4.9225145665526043e-01	   4.0655799165676104e-01	   2.2388912054844634e-01	   2.0848281899138357e-01	   2.3303274096529922e-01	   3.2787353774529548e-01	   1.0788508704593082e-01	   1.5747195503567601e-01	   1.1207137174797223e-01	   5.6085010391001611e-02	   3.2068484176355294e-01	   2.6360591008072931e-01	   1.8962943913992750e-01	   2.1448517643756415e-01	   3.0768837678371974e-01	   4.4117262762442500e-01	   1.6283345350997691e-01	   2.4081620798973802e-01	   6.4438192656463888e-01	   6.4244274514207311e-01	   2.9824865831649394e-01	   3.5184548082640116e-01	   7.6713690616777019e-01	   6.4825384458541369e-01	   6.1460564002409157e-01	   7.4479304730655449e-01	   6.2101968134020280e-01	   7.3737466505165172e-01	  -1.6834989845702172e-01	  -2.2891014395979009e-01	   2.0196885629463257e-01	   8.6076576098617602e-02	   4.9601922479967742e-01	   5.3329556575937298e-01	   4.1897941694061303e-01	   3.3742020477459828e-01	   4.4871592793462123e-01	   2.8046104791272342e-01	   2.4729647199340543e-01	   3.6917659502031075e-01	   3.7341072581488999e-01	   6.4115835489172279e-01	  -8.0627596572340587e-02	  -5.5224771393757997e-02	   1.8762559607783652e-01	   4.1884260840369220e-01	   4.5586253430366169e-01	   1.5889572319881595e-01	   2.1642003700536591e-01	  -9.8107234109256508e-02	
   5.1206942480559137e-01	   6.4287642926552158e-01	   6.4864821166416076e-01	   8.8562981208411462e-01	   7.2075920641426050e-01	   6.1416003580555945e-01	   7.5915922313953543e-01	   0.0000000000000000e+00	   7.3841721264947624e-01	   6.7661561865176068e-01	   5.5098855212768116e-01	   7.9488471388798843e-01	   5.1360743655083141e-01	   7.1371170902838510e-01	   4.2030477078779271e-01	   6.6225692055655394e-01	   2.7376789101163923e-01	   2.5462683772819644e-01	   3.8894182761126894e-01	   4.3318900590291054e-01	  -4.4110416586230208e-03	  -9.2809395240878237e-02	   6.1562804538261184e-01	   7.5851287727929373e-01	   1.9711923051718333e-01	   3.1887986756525044e-01	   2.9471548117299534e-01	   4.2638127936463166e-01	   1.7362774577959267e-01	   4.0608424179582758e-01	   2.8591770965268959e-01	   3.2377808202173958e-01	   5.3872314840676916e-01	   6.0883655575518003e-01	   4.7156882217219603e-01	   4.7521360107194499e-01	   1.1165227855185950e-01	   2.4749203102908671e-01	   7.4674161704718536e-02	   2.3888333415562588e-01	  -1.9545496620233421e-01	  -1.6911776566612113e-01	   5.4471309616368480e-01	   4.7796455893652057e-01	   4.0255321384412390e-01	   4.9459717213243348e-01	   6.5349247853625481e-01	   6.2701427072408511e-01	   5.5005756878628476e-01	   6.4341299360361215e-01	   4.9820921932897211e-01	   5.6693602055311276e-01	   6.2291554858117493e-01	   7.0845304628948191e-01	   5.1999979847701083e-01	   5.6266192885428090e-01	   2.9648300133286454e-01	   3.4256164952713064e-01	   6.2920348180540131e-01	   7.3921445050517598e-01	   5.7136261485348883e-01	   9.0836428479294307e-01	   5.7645985699268695e-02	   9.5439164709174421e-02	   4.0379961439894441e-01	   6.5401809229108476e-01	   6.1018242092729302e-01	   6.6333268104071819e-01	   2.2954905230379313e-01	   2.5236953276553598e-01	   2.6891111494493314e-01	   4.0730191579322217e-01	   1.6885338401307953e-01	   2.5454045801470537e-01	   1.4889247668273364e-01	   1.7996964523614870e-01	   4.2672127871375165e-01	   4.6433346797483588e-01	   2.8682640347312122e-01	   2.5712239518246482e-01	   3.5996185630695055e-01	   4.9310321105568999e-01	   2.0377043079830703e-01	   3.9450207744763122e-01	   5.5295202412697009e-01	   6.7700846556238936e-01	   3.1645700760445383e-01	   3.1943318826286932e-01	   6.5407218878042528e-01	   7.5363327275173253e-01	   7.5684504104402883e-01	   6.0544179998506320e-01	   7.3568621753469710e-01	   6.2814198567496748e-01	  -1.9190012267835753e-02	  -4.9717185924633839e-02	   3.0670212423924187e-01	   1.0184101797798650e-01	   6.1797960318713674e-01	   4.0567378496635476e-01	   4.9999188985753928e-01	   3.3312624930950108e-01	   4.1277291433008789e-01	   2.5207920868038636e-01	   4.1488920963792719e-01	   3.8883430533049224e-01	   4.2122927808754512e-01	   4.4151866325285904e-01	   2.7041344322536257e-02	  -2.9378276046913163e-02	   1.8783994949031591e-01	   4.4464557468598964e-01	   4.9165773934990625e-01	   2.3216552166933363e-01	   2.7847692315893213e-01	  -2.4087459005292300e-02	
   3.9759771308383118e-01	   5.0783245966958790e-01	   5.4924844306134746e-01	   5.5966789586418531e-01	   7.1769402945859406e-01	   6.2930272579085123e-01	   8.0526689500412618e-01	   7.3841721264947624e-01	   0.0000000000000000e+00	   7.6180989603010252e-01	   6.2524503740463189e-01	   5.9655997851606435e-01	   6.5003391245485154e-01	   6.7391247332568005e-01	   5.7758588982370618e-01	   6.1223074983116899e-01	   1.3247046278795185e-01	   6.6820209572090006e-02	   1.8284255033432401e-01	   1.8992925838718056e-01	  -3.2902254967599437e-02	  -6.4433134494456340e-02	   4.9983556288800890e-01	   5.1285286958821708e-01	   2.8337896100664089e-01	   2.5453993219247245e-01	   4.4106572363798324e-01	   5.1362775341476052e-01	  -2.5817541094140611e-02	   1.5052538715901018e-01	  -2.8350939578292197e-02	  -3.3138392481650000e-02	   2.5946937144624693e-01	   2.4753490837569292e-01	   2.9380440549445275e-01	   3.1304188861967386e-01	   1.4575764371202118e-01	   1.4261319018739066e-01	   1.6726371780783411e-01	   1.8663732369859207e-01	  -2.2458867998007201e-01	  -6.2543857061500341e-02	   5.1531742305284345e-01	   4.0356650814066319e-01	   2.7864802644002495e-01	   3.3766307376140897e-01	   6.3830589329976273e-01	   5.4174480016240367e-01	   4.6437636551124051e-01	   5.2425274218418183e-01	   5.4780593464164418e-01	   5.0263486409892377e-01	   6.3280780912713908e-01	   6.8467182014002292e-01	   5.8665299198477538e-01	   5.5559417910220832e-01	   1.1668954197158972e-01	   2.2002971582277278e-01	   6.0842202210848539e-01	   6.3125946660216770e-01	   6.2601683545857401e-01	   7.5178439684028553e-01	  -4.3232333441645357e-02	  -4.5844849525563704e-02	   3.8677854792975030e-01	   5.0332058777854660e-01	   4.1645476354245681e-01	   3.9460859538181542e-01	   1.7248331785668969e-01	   2.2806114914329828e-01	   7.4188004837235116e-02	   1.7128924472051718e-01	  -1.0866033896288090e-01	   1.3343552961631309e-02	  -4.3439055511838146e-02	  -1.4530383114747560e-02	   2.1989291357014629e-01	   2.6538198856443584e-01	   9.2966605646212980e-02	   4.1955765143537382e-02	   2.0027721286285671e-01	   2.7879304244628822e-01	   1.3254477006699519e-01	   2.2734338409501909e-01	   5.0336154465253502e-01	   5.8178456688097846e-01	   2.3617263828975271e-01	   2.8402384556046567e-01	   7.0782926247894307e-01	   7.4145334259698958e-01	   6.7629630052833689e-01	   7.5208187202514443e-01	   7.6840941345590086e-01	   8.0706589786415650e-01	   1.3657060536827812e-02	  -5.8084821110189838e-02	   2.9617959231493585e-01	   8.9060003047589126e-02	   5.8371157688496966e-01	   5.4531156266871195e-01	   4.9029389074621615e-01	   4.5395821902438699e-01	   3.6559683299132684e-01	   2.7920951004132255e-01	   3.1840100273207461e-01	   2.9188726085296196e-01	   3.4088284246406836e-01	   3.8387965084086245e-01	   1.7729132688636767e-02	  -5.3814903363263007e-02	   2.5022752836748308e-01	   5.4012506064031651e-01	   6.0324367345314378e-01	   1.8672661578542338e-01	   7.4730550044257271e-02	  -1.0111384063546192e-01	
   2.1575089664837957e-01	   3.9779027926211341e-01	   3.1533273387845751e-01	   5.5849423740843374e-01	   7.6319373742646301e-01	   9.0752210516405163e-01	   5.0242027177768012e-01	   6.7661561865176068e-01	   7.6180989603010252e-01	   0.0000000000000000e+00	   3.2228430799885610e-01	   4.8685983227632407e-01	   3.2760505865075096e-01	   4.5528278046700305e-01	   1.6605796779443024e-01	   3.9105135999261509e-01	   1.3315796273337435e-01	   1.4019141844938310e-01	   9.5944105191081597e-02	   1.8740710672010280e-01	   1.3507727484672347e-01	   8.8555696821779023e-02	   2.4866260275610269e-01	   4.2495610087307667e-01	   1.6673353338287156e-01	   2.3919223464045219e-01	   3.2629954403442823e-02	   2.2841197348858022e-01	   1.3107427077317664e-02	   2.0674409817473782e-01	  -7.5598026012286074e-02	   1.8236375339261899e-02	   2.2399275943475394e-01	   2.7017186669247034e-01	   2.6794746931761404e-01	   4.0948673910578193e-01	   3.2614671590861938e-01	   3.6596202896249197e-01	   3.8116081811723174e-01	   4.7248081785332530e-01	  -5.8285679748213519e-02	   5.6825707592783908e-02	   7.2793246322936156e-01	   6.5359364518864638e-01	   6.0230356493908133e-01	   6.4839906940518843e-01	   7.9717264837838520e-01	   7.2323608848309240e-01	   7.0347663628148982e-01	   7.0402806661739992e-01	   5.9865706057639778e-01	   6.5376630109825440e-01	   6.3103524388431820e-01	   6.5225542566071759e-01	   6.9038726036019349e-01	   6.9824748606714193e-01	   7.1624661039238008e-02	   2.2372288642880173e-01	   4.1630558933986289e-01	   5.7024743015091151e-01	   4.1109531792985526e-01	   6.1673171693321627e-01	   9.1833750159295804e-02	   8.5507744484677461e-02	   1.7580274168910420e-01	   3.6961696187964777e-01	   5.1269388394960125e-01	   5.6851033688454944e-01	   2.1763523334458343e-01	   3.5533255437647959e-01	   4.4688944021090284e-02	   2.1743678699399660e-01	  -1.8333044925799155e-01	  -1.7790418975184824e-02	  -1.4064175663987805e-01	  -9.2572252375894802e-03	   1.7271952283617256e-01	   3.1770847168458999e-01	   6.2795707619496224e-02	   4.5927218574975989e-02	   2.7167312318327103e-01	   2.9063730645397778e-01	   1.7529852480307040e-01	   3.4795656067868119e-01	   4.0308522529769553e-01	   4.8191653381957111e-01	   2.7644437355560897e-01	   3.0588861951862645e-01	   5.7996029754619960e-01	   6.6999860098131725e-01	   6.8166535681997775e-01	   4.9156463813034851e-01	   7.6039657386871462e-01	   6.3449146660690270e-01	   1.8075605735105188e-01	   3.6030781972351600e-02	   5.1827944669670989e-01	   1.7481945583381620e-01	   6.6884319806329928e-01	   5.5205240571647829e-01	   4.9950691516488332e-01	   4.7018402520394020e-01	   2.1551432172601165e-01	   2.8812690952422093e-01	   4.8516564650030597e-01	   3.0615302412495315e-01	   4.2683830143766183e-01	   1.7740895286584937e-01	   1.5393634650159915e-01	  -1.1200756952704777e-01	   3.3110984762181050e-01	   7.0936246821794546e-01	   7.2444948895773220e-01	   2.0699672761035270e-01	  -3.8018014111710720e-02	  -8.8475035151659540e-02	
   5.8809269698523248e-01	   5.8024030110123959e-01	   4.9963322376869945e-01	   3.3885143688831687e-01	   3.1444719111492320e-01	   2.2610652095480160e-01	   8.0525944838361452e-01	   5.5098855212768116e-01	   6.2524503740463189e-01	   3.2228430799885610e-01	   0.0000000000000000e+00	   7.8126875054994394e-01	   9.4898419370589315e-01	   8.0731106343465653e-01	   7.6868444662823221e-01	   6.1239339722502328e-01	   3.0201403251199732e-01	   2.4587915322822049e-01	   3.1403255570409505e-01	   2.5034452737458351e-01	  -1.9638298958645797e-01	  -2.6945649018164980e-01	   4.4900150145574502e-01	   3.7957408372383045e-01	   1.1967064419270054e-01	   1.7753052947097031e-02	   4.3669996597551430e-01	   4.0591240480712681e-01	   1.5654936183447352e-01	   2.6033755453402635e-01	   1.0331024569494055e-02	  -9.0789932628190892e-02	   3.3861902395085242e-01	   2.1549599859173374e-01	   9.4514237836803433e-02	   6.1553278407337972e-02	  -1.2652765634479066e-01	  -9.5042232234802862e-02	  -8.7993189528274715e-02	  -1.0073519646473707e-01	  -4.3428535077579300e-01	  -9.7664997837179954e-02	   2.1107660293961919e-01	   1.2875950685445103e-01	  -2.8398913301009868e-02	   6.8263666697093536e-02	   3.4920638768933610e-01	   2.5686720864387341e-01	   2.1123038598722382e-01	   3.5894608010088191e-01	   5.7741260081308443e-01	   4.3869100797366267e-01	   5.3632882031724449e-01	   5.4791238679495147e-01	   4.5286339253057190e-01	   4.2535294001118124e-01	   3.2318853988763019e-01	   3.8165434993108949e-01	   7.3134036437401440e-01	   5.8066006763626521e-01	   8.7167475703516972e-01	   6.5418138728222641e-01	   2.0877046077655287e-01	   9.8955758827906443e-02	   2.9249077409781155e-01	   2.9036870976296925e-01	   1.9774295491822069e-01	   1.4047451975158631e-01	   1.4252368212764707e-01	   1.1930666723040224e-01	   2.6830378347772044e-01	   2.2725552725689796e-01	   1.5806192929077312e-01	   1.9933242387414518e-01	   1.4260805055191311e-01	   8.1842973514415995e-02	   2.9859074119524892e-01	   2.1154107299894026e-01	   1.9031301774210174e-01	   2.3141459254018362e-01	   2.4982920975639655e-01	   3.9934502994635868e-01	   9.6635839866256762e-02	   2.2977513814147946e-01	   5.3258811805089679e-01	   4.4531460994501731e-01	   1.6389510830612916e-01	   2.1604430710841149e-01	   6.4341900537349606e-01	   5.2680820062908140e-01	   4.1385675478634615e-01	   6.6042723747301157e-01	   4.2517546111439447e-01	   6.6389339319220508e-01	  -1.3098018994920482e-01	  -7.8108396668818594e-02	   1.7177144699388663e-01	   1.4248610730160630e-01	   3.8135164850192460e-01	   4.8134398492208946e-01	   3.7055503937519624e-01	   3.0158481793340020e-01	   4.3580605026376867e-01	   2.2847797446370116e-01	   1.1831245031948212e-01	   2.9169721295435180e-01	   3.0767877217305512e-01	   5.5905332598758128e-01	  -2.0454258422784494e-01	  -4.3812648126561091e-02	   9.0484317791983571e-02	   2.6497760565358980e-01	   2.8847167416627284e-01	   9.0327546223088917e-02	   7.2579322496488324e-02	   4.9752100390605528e-02	
   4.8386184828666245e-01	   6.0492804818075363e-01	   3.7293419447413800e-01	   5.3242626004124904e-01	   4.2865752943670976e-01	   3.8333250810267488e-01	   6.5632815025943181e-01	   7.9488471388798843e-01	   5.9655997851606435e-01	   4.8685983227632407e-01	   7.8126875054994394e-01	   0.0000000000000000e+00	   7.6227836524399661e-01	   9.0778220421115530e-01	   5.3188367275810700e-01	   6.6251544436892706e-01	   3.0911130639568424e-01	   3.0552411509844046e-01	   3.1512369541204904e-01	   3.4602746293370834e-01	  -1.1231125171232272e-01	  -2.1590570569484485e-01	   3.8848369791312493e-01	   4.7378901383875455e-01	  -1.2611650599677184e-03	  -5.7263024445465202e-03	   2.1230714623652119e-01	   2.5760254930398208e-01	   2.2551911895634474e-01	   4.3139346980981269e-01	   8.3178753944114475e-02	   6.9200237172456908e-02	   3.8528800066077712e-01	   3.9782261330188590e-01	   1.5471019755160514e-01	   1.7131871586005146e-01	  -2.3603661300460321e-02	   1.0294246468708844e-01	  -1.3793463067162667e-02	   9.9243753988808303e-02	  -2.8563792918688446e-01	  -6.0797852711298395e-02	   3.8129067133811051e-01	   3.4392790061433814e-01	   2.4190432906463963e-01	   3.5597200267907492e-01	   4.9330277779194825e-01	   4.3689524461536289e-01	   4.6684450838272584e-01	   5.9518317612843685e-01	   5.3548249947768878e-01	   5.5301127979871390e-01	   5.8552097242063772e-01	   5.8734985189347433e-01	   4.5054768347613122e-01	   4.8628271361571673e-01	   2.5835529030762672e-01	   3.8305343735675768e-01	   6.1087374722346777e-01	   7.2540050485751018e-01	   6.7896702546180177e-01	   8.4542069855725599e-01	   1.4108867846643397e-01	   1.5803991370387335e-01	   1.4336064983091495e-01	   3.4932022049359890e-01	   2.6018834881534392e-01	   3.3405646204641726e-01	   1.4155330916570816e-01	   1.5845154640798337e-01	   3.3735534742035200e-01	   3.3519443210471572e-01	   2.4454134796597551e-01	   3.2751762502474280e-01	   2.0844670842690757e-01	   2.2256385869873535e-01	   3.7694368829585079e-01	   3.7750360914402109e-01	   2.5526291675568563e-01	   2.5628141203093596e-01	   2.7892515361456022e-01	   4.3624037214568168e-01	   1.1599021761974471e-01	   3.5608642946701430e-01	   4.3582061751687928e-01	   4.6721430156948196e-01	   1.7586790077687836e-01	   1.7845429472755930e-01	   5.4528937667252786e-01	   6.1943794418379516e-01	   5.3705422936980962e-01	   4.9577485403407040e-01	   5.5714836784689048e-01	   5.4746500248926666e-01	  -4.8493773434689164e-02	   1.3219830219332073e-02	   2.0599603682031953e-01	   1.0774851924339447e-01	   4.8621087447055245e-01	   3.4368484266246141e-01	   4.2813033115167926e-01	   2.2895804789104998e-01	   3.5799101835973129e-01	   1.2338404118051324e-01	   2.3091964342658766e-01	   2.6181443110570940e-01	   3.6148072697547484e-01	   3.7880250825361939e-01	  -1.2787745410735143e-01	   1.6710997763673609e-02	   5.9504703897383729e-02	   2.5956521756174006e-01	   3.0701999793898843e-01	   1.0707692319229919e-01	   1.6085325590328234e-01	   1.2846479701485106e-01	
   4.6221375308270712e-01	   5.0215876898356582e-01	   4.3990469633599849e-01	   2.4712762302315952e-01	   2.9017627561035741e-01	   1.8059530252663938e-01	   7.7894788354640410e-01	   5.1360743655083141e-01	   6.5003391245485154e-01	   3.2760505865075096e-01	   9.4898419370589315e-01	   7.6227836524399661e-01	   0.0000000000000000e+00	   8.4824632112371612e-01	   7.4842354250634135e-01	   5.6602946257170061e-01	   2.2582816527768063e-01	   1.6481119414886219e-01	   2.2164783569832705e-01	   1.5507945761908465e-01	  -1.7733275751770905e-01	  -2.5107620638090633e-01	   4.0349024925418597e-01	   3.1711019124808365e-01	   8.1225045642008470e-02	  -6.4206428252721895e-02	   4.2644035422162146e-01	   3.7954482985702032e-01	   1.1099759152559226e-01	   2.2505357087095856e-01	  -4.5359320248342189e-02	  -1.3679164166355268e-01	   2.6140047980510811e-01	   1.4783937198465272e-01	   7.4079542837414386e-02	   2.0217395875368298e-02	  -1.2901860857346828e-01	  -1.1046914237536774e-01	  -9.8792706500505464e-02	  -1.2022658447199583e-01	  -4.1724585098194017e-01	  -4.9480160085590585e-02	   1.6475842588111173e-01	   1.0513691833322272e-01	  -5.2100010256393804e-02	   5.8507385700493776e-02	   2.8370019326205365e-01	   1.9176529170654893e-01	   2.1084510573185983e-01	   3.4546439074835700e-01	   5.5847175575361541e-01	   4.0723247667852247e-01	   4.9526272001967730e-01	   4.8409491817032690e-01	   3.8784326446018152e-01	   3.4485266694093769e-01	   1.9801345755432159e-01	   2.9702607052818375e-01	   6.5771414020919527e-01	   5.5123315312751309e-01	   8.2417066491628799e-01	   6.4128685712004840e-01	   1.0756767544137844e-01	   2.4249171005492953e-02	   2.1252578083017462e-01	   2.2721738667523636e-01	   1.0603765056806960e-01	   5.6377245134557621e-02	   2.5219966453084254e-02	   4.5634521092871513e-02	   2.9056288097258831e-01	   2.2070006999098257e-01	   1.0590971264419274e-01	   1.5441518818819394e-01	   1.1349727641380913e-01	   5.5270417795396404e-02	   2.1140409583818062e-01	   1.6543088825334090e-01	   1.5656815759542259e-01	   1.8045748588095936e-01	   1.9979687848256317e-01	   3.1701687384325439e-01	   4.1972892704545621e-02	   1.6540691484332518e-01	   4.2568406288270066e-01	   3.0998479040467519e-01	   9.0392715172088106e-02	   1.5861687420663462e-01	   5.6086983996633200e-01	   4.7164370740943162e-01	   3.5225496867639805e-01	   6.2136686165606358e-01	   4.1079987884482039e-01	   6.3739252180402928e-01	  -1.1212490389166802e-01	  -7.5709928307715488e-02	   9.4781964213713987e-02	   6.1598572828077541e-02	   2.9101013148862043e-01	   3.9532063103981463e-01	   3.0773924789387863e-01	   2.7108347765082180e-01	   3.6545524809602697e-01	   1.3500783922752535e-01	   5.1692140335866110e-02	   2.1028295292831312e-01	   2.2862894073659662e-01	   4.7619480399648861e-01	  -1.5413300055746298e-01	   3.1774356710597695e-02	   5.5917764122647540e-02	   1.7676004615757193e-01	   2.2001387648825110e-01	   3.0968552346984410e-02	   7.0504106812167774e-02	   1.6194224459154233e-01	
