   0.0000000000000000e+00	   4.7056587877045764e-01	   4.2829156076830655e-01	   3.3597471843972948e-01	   5.6652323095763202e-01	   4.1607766084103548e-01	   6.0486209109187206e-01	   5.4881583083042185e-01	   6.0573044141889310e-01	   4.4485279034779596e-01	   4.6894358999416569e-01	   2.1098726472069243e-01	   3.3232044393392268e-01	   1.2030454019987470e-01	   2.1864055457726267e-01	   2.7402994455119478e-01	   3.8247944111566168e-01	   3.7019948557211635e-01	   3.9941335670257405e-01	   2.5916042413742557e-01	   4.1273560046321617e-01	   3.1114974892278602e-01	   2.5345049844607048e-01	   2.3044095198670328e-01	   1.9023812535905876e-01	   2.0378933888423906e-01	   1.3429289699619368e-01	   1.6543686679717534e-01	   1.0788340186208822e-01	   9.6399865161489892e-02	   1.3718730041614921e-01	   2.8151876399523140e-01	   3.7825993528645707e-01	   4.1929644160236795e-01	  -1.4913564893006120e-01	  -4.4739689388079436e-02	  -1.5900179355757632e-02	  -1.7015203723972677e-01	   2.8154190330965023e-01	  -9.9858545300116931e-03	   2.9983239809310414e-01	   9.6977797156981543e-02	   4.5688554064204712e-01	   4.4435761141227148e-01	   1.6795134091613734e-01	   2.3185254810873912e-01	   4.2307717820086976e-01	   2.6785409118316483e-01	   2.6921907494535618e-01	   1.5275364145037817e-01	   3.1445508083311313e-01	   9.7050617871345377e-02	   2.2668681760198794e-01	   7.8593056819483004e-02	   4.2776888280611769e-01	   2.7203559727085974e-01	   5.9630653181928195e-01	   9.9273946111318845e-02	   4.1120243201847789e-01	  -9.9092495843421363e-02	   4.7602402704931124e-01	   2.5463158785576262e-01	   3.6636881313529246e-01	   3.2480500235699838e-01	   1.0374447597269934e-01	   2.9701456614787985e-01	   1.0633665188323813e-01	  -7.5104549872773055e-02	   4.9340800651715172e-01	   1.0033111497126533e-01	   4.1404342082182666e-01	   1.6826900850984466e-01	   4.8972556033332826e-01	   4.2344532483886554e-01	   5.8300631499614053e-01	   5.5257095476646767e-01	   4.1907501711490325e-01	   2.4477019610992018e-01	   4.8515944257195298e-01	   3.9578935842652285e-01	   4.8546472630266541e-01	   4.8306500495256932e-01	   1.2238697043201530e-01	   1.7781715126428888e-01	   4.6225277738152520e-01	   3.2643044766362245e-01	   1.7318296612053241e-01	   6.5836392697480539e-02	   5.2621841685048976e-01	   4.1705032920543245e-01	   4.3129653036051852e-01	   5.3906130955321307e-01	   4.8440695925207167e-01	   4.4492301034262460e-01	   2.9240718130334092e-01	   1.3895388356420593e-01	   4.0205378751734017e-01	   3.2945344074761557e-01	   4.7686598700290816e-01	   6.0495256180116441e-01	   3.0614791020512781e-02	   5.3567742290745279e-01	   9.1963396633459746e-02	   3.0239147092191432e-01	   1.1495886551505224e-01	   1.3200650306942521e-01	   1.6722786356229760e-01	   2.2283931577578109e-01	   3.5610690774935161e-01	   3.9640244087564219e-01	   1.7257279826078631e-01	   4.4972001367989656e-01	   4.7947430899576088e-01	   5.0918690831699742e-01	   2.5471282478401353e-01	   9.5893172785982694e-02	
   4.7056587877045764e-01	   0.0000000000000000e+00	   2.4512651132908175e-01	   3.9445349390162970e-01	   3.8611477227527929e-01	   2.9535821318528804e-01	   2.1609688458193205e-01	   3.2319519804162977e-01	   3.9525869559216498e-01	   4.5923632466196135e-01	   3.0068777408740194e-01	   5.2112391433211092e-01	   4.1434001341705018e-01	   5.9569663041162857e-01	   4.8941797954367622e-01	   6.1130010840528026e-01	  -1.0296567432460435e-02	   2.2681082406342074e-01	   4.4849473585784738e-01	   5.0449521207126857e-01	   2.8712391135224730e-01	   3.9535277691350013e-01	   2.9459844775642358e-01	   3.3801944454683763e-01	   3.5083651248030917e-01	   3.0459766199983329e-01	   4.4594885063720846e-01	   3.5501290619682346e-01	   1.7279614320804337e-01	   3.3357960097246758e-01	   1.1305758408340039e-01	   1.6610535967731860e-01	   2.2836720168461030e-01	   2.1218111146391469e-01	   2.7450789906446744e-02	   3.8364699083519610e-02	   3.5978752718457085e-01	   1.7124976593512656e-01	   4.5502278953414066e-01	   4.4510322266577673e-01	   4.4921819572450361e-01	   3.8328158141789992e-01	   3.2227356883942943e-01	   3.8539194821638639e-01	   8.5910674167041873e-02	   2.6911521071140460e-01	   4.7969468762258416e-01	   4.3114266105326038e-01	   3.7848584435875332e-01	   4.4534129657063126e-01	   4.8611340839259198e-01	   4.5331555906414989e-01	   4.8428672935985456e-01	   4.5405867386574716e-01	   6.5482714117407315e-01	   6.8692522130896272e-01	   2.4179515671496671e-01	   3.2680016774899390e-01	   6.5011726200095071e-02	   1.6312306577603983e-01	   1.8057731596650409e-01	   3.5366217100335506e-01	   1.6506693768612128e-02	   2.5861950026000113e-01	   1.7424847105446295e-01	   2.9954568191982495e-01	  -1.0882183255469630e-01	  -2.6121242728141567e-02	   5.4095455476921450e-01	   5.2576967975659683e-01	   3.9937701180114754e-01	   1.9031845054752133e-01	   3.6376445812353914e-01	   3.9884427241454506e-01	   3.1238551221257216e-01	   2.9874799127988116e-01	   4.1022326246327817e-01	   5.0687024240623646e-01	   1.9436231608915121e-02	   5.6796769698007898e-02	   1.0966223605599602e-01	   6.0447244319743676e-01	   5.3360187915359569e-01	   5.0956973195329147e-01	   5.3167974332741363e-01	   3.2311924429412464e-01	   4.5588781614327334e-01	   3.4299192394913314e-01	   6.2622974251029373e-01	   6.1949239778769161e-01	   6.2778829096764022e-01	   5.2186697621614386e-01	   5.3695633808113097e-01	   4.5205989308285321e-01	   3.7936245000218188e-01	   1.4179366071103205e-01	   6.8862382047973458e-01	   5.9347926008850727e-01	   5.9794390435834555e-01	   5.3037370633833103e-01	   4.8700758993894455e-01	   3.9338989270442587e-01	   4.1940606599835717e-01	   1.6997151162993840e-01	   3.1991631203137683e-01	   1.5067371217846764e-01	   4.3646484143696496e-01	   3.0667528875927597e-01	   3.0369754922875664e-01	   4.6743669799520138e-01	   5.1407314728713149e-01	   6.1615892897523417e-01	   4.4631860443141202e-01	   4.3402358475043401e-01	   4.2396441841258659e-01	  -2.6589720024377150e-02	
   4.2829156076830655e-01	   2.4512651132908175e-01	   0.0000000000000000e+00	   6.2618294837877098e-01	   7.3393533763438001e-01	   5.5593556320811399e-01	   6.5532550884781027e-01	   3.0738989832164276e-01	   6.1061938071586019e-01	   1.2296039444591492e-01	  -1.1429357522407779e-01	  -3.1449272480160606e-01	   1.6832085662260490e-01	  -1.4059048245045769e-01	   5.5626413073499847e-01	   3.4024537637925856e-01	  -1.5239347408876108e-01	  -6.9169102686509387e-02	   4.3558290408810918e-01	   1.3212801387625156e-01	   4.1996558432440467e-01	   4.2407033355279145e-01	   7.6376169930282256e-01	   5.3382843318568307e-01	   7.2827878365701371e-01	   6.7658609857137764e-01	   6.7670657306989679e-01	   6.9869324261152466e-01	  -2.2351477506950997e-02	  -4.6104644769693866e-03	   7.1919428940104846e-01	   7.6399789230345816e-01	   7.3196462591031342e-01	   5.8499150571026337e-01	   5.9577597764846535e-01	   3.7651874308046784e-01	   1.7504471930963089e-01	  -9.5529331791003747e-03	   3.0906680635144868e-01	   3.5461822682256283e-02	   2.0051549333294627e-01	   2.0819019014305823e-01	   4.1184438715591071e-01	   3.8075698689916987e-01	   3.0436309160670250e-01	   2.9512696059899146e-01	   3.5746985740496817e-01	   1.6831681013210092e-01	   9.1318676714254921e-02	  -7.2924697527571372e-02	   2.4419451140225368e-01	   4.3868705609427426e-02	   7.3824570002015847e-03	   1.6511567344285497e-01	   2.1945455294839750e-01	   7.3040566906349427e-02	   1.3567582605436315e-01	   5.9085428067322074e-02	   1.7996387464390329e-01	  -2.9189475318386549e-01	   3.2550967666031050e-01	   2.1058688365896524e-02	   2.6024309412494007e-02	  -2.4728015583132274e-02	   7.6775479841762373e-01	   5.7752784965005299e-01	   3.6862286916636461e-01	   2.0816085658696304e-01	   4.0925843477793483e-01	   3.4412117819949106e-01	   5.5060516109418400e-01	   2.1272574297707977e-01	   2.2545393995109497e-01	   9.6342773866305409e-02	   2.6138224881773137e-01	   1.8562777860654878e-01	   4.3707897746665142e-01	   2.2165958528358803e-01	   6.3831826697645644e-02	   1.9630205830020234e-01	   1.2684214138380753e-01	   3.6188370458123498e-01	   4.8051094915211501e-01	   2.2756653908398394e-01	   6.1312744319157297e-01	   3.5738734388890403e-01	   5.7833215148438211e-01	   1.9016720180818028e-01	   5.8975089004469106e-01	   1.1255489782773015e-01	   3.9051254154143100e-01	   6.7729482372495664e-01	   5.1439217248197178e-01	   7.3568116054072319e-01	   2.1130067138268949e-01	  -1.3716365221351762e-01	   4.0780946429837350e-01	   2.3898581815735970e-01	   2.9802141759943496e-01	   4.6927086429576759e-01	   9.4492564232359605e-02	   5.1739119065813355e-01	   9.4688055095205087e-02	   1.1765402197890275e-01	   6.0250756051226012e-02	   1.9998200758983349e-02	   2.4235389148948569e-01	   1.9192936478302774e-01	   1.5832254802790297e-01	   4.4932407266892294e-01	   4.8946104924121758e-01	   3.7728736917957628e-01	   3.8050889248633152e-01	   5.0715155887371954e-01	   2.3018895142181611e-01	  -1.3126847827331886e-01	
   3.3597471843972948e-01	   3.9445349390162970e-01	   6.2618294837877098e-01	   0.0000000000000000e+00	   2.4483928255361936e-01	   2.4873055569691249e-01	   4.8391388443499561e-01	   6.3236153358672342e-01	   2.0969037199435842e-01	   2.4916397986130992e-01	  -3.3085400133260945e-02	   3.9803210433185091e-02	  -2.7109206336098035e-02	  -2.4184353652784996e-01	   2.5863636958193698e-01	   2.5192687586398338e-01	   2.1433481402769189e-01	   2.6544576280161758e-01	   4.5242056147070664e-01	   4.3141768621226106e-01	   4.5684903365659257e-01	   5.1969445684305871e-01	   2.9825244970286391e-01	   3.3460428044087193e-01	   3.4855156001359000e-01	   4.0807666275031440e-01	   3.4609828856395808e-01	   3.5978540703674067e-01	   1.6933019004103642e-02	   1.7303372074039730e-01	   5.9970176615166182e-01	   6.9162080195290809e-01	   7.1769903159189852e-01	   7.8446583782651580e-01	   2.7480246213509713e-01	   3.2688867626679852e-01	  -2.5748655965733294e-02	  -1.8877969734899916e-01	   2.0544791872516238e-01	   4.7853068817409777e-02	   3.1785374400533106e-01	   1.3196628539724983e-01	   4.5762596897555519e-01	   3.9515878375348423e-01	   5.6233374076419107e-01	   5.8639260061860488e-01	   4.4483068190085973e-01	   1.9784674902501231e-01	   3.0196031402784074e-01	   1.6276336238861119e-01	   4.2025035966157226e-01	   3.0742874035956241e-01	   3.3421425565861029e-01	   2.7906045181755612e-01	   2.6618896728142150e-01	   1.9388677496166379e-01	   3.1789821002631413e-01	   3.8539529644612702e-01	   2.5099760957603268e-01	   1.4494589234812746e-01	   4.3920240324120319e-01	   4.7773603984086660e-01	   4.1234353878267960e-01	   5.4363195071787340e-01	   4.4361072354879588e-01	   3.5701954472371644e-01	   4.2283822285869721e-01	   4.2810639049426086e-01	   4.6072767369780843e-01	   4.5394683181670281e-01	   3.6795603648126091e-01	   1.0800860229975252e-01	   3.7695433447924820e-01	   2.3691360684828588e-01	   4.8524551333377008e-01	   3.1982791101490771e-01	   4.1105780223394350e-01	   2.3139196739308507e-01	   1.8513806733599467e-01	   2.2591696047896331e-01	   3.3474273098881457e-01	   4.7760394983166155e-01	   4.1735680956460586e-01	   5.2160862329801805e-01	   4.7767927306898972e-01	   3.5405836320341066e-01	   4.6167915537387549e-01	   2.7273929710942574e-01	   4.7373301388445915e-01	   1.7363685263067813e-01	   5.5664247692950841e-01	   4.8295073419964796e-01	   4.5580968642054087e-01	   4.2882688014377657e-01	   2.8717639982758192e-01	   7.1175521104068440e-02	   4.7537019734254787e-01	   2.9554610440106877e-01	   6.2457527669730406e-01	   5.2221007876202430e-01	   4.5790702503853492e-01	   3.4910921707846698e-01	   5.7379085655265594e-01	   3.7958848954497543e-01	   3.7135898316665295e-01	   2.9398241548693543e-01	   4.2327356903897817e-01	   3.7893515355061447e-01	   3.1485835910558985e-01	   5.1056761115790006e-01	   2.6837690019791671e-01	   4.1849908955560466e-01	   4.8663731624961215e-01	   6.3710378217751606e-01	   4.2897156843644796e-01	   5.5170797423583176e-02	
   5.6652323095763202e-01	   3.8611477227527929e-01	   7.3393533763438001e-01	   2.4483928255361936e-01	   0.0000000000000000e+00	   7.7502264121550579e-01	   6.9103176994995597e-01	   2.5546802543454200e-01	   9.1939041007940081e-01	   4.5169145416437340e-01	   1.3030621940588197e-01	  -1.0205403218497966e-01	   5.3900409662627524e-01	   2.4860259555045930e-01	   6.9036734966836066e-01	   5.7401503329194326e-01	  -3.2504488547323557e-01	  -1.5360089977245989e-01	   3.0747464747761233e-01	   5.0430792505701399e-03	   3.0746545427888150e-01	   3.2908265750697308e-01	   7.5516501640615608e-01	   5.6628667986519499e-01	   6.6407024800757086e-01	   5.7721707480842221e-01	   6.0402317810320971e-01	   6.1666022473807458e-01	  -1.0369997385615139e-01	  -4.6025534874795479e-02	   3.6982887762716121e-01	   4.8311384627852189e-01	   4.8748352351041624e-01	   3.4442977274812647e-01	   3.4806801534008075e-01	   1.1969854911946462e-01	   1.9823757592827207e-01	   2.7230687605785973e-02	   3.3759367967977066e-01	   6.9305635985487626e-02	   1.0224122337820840e-01	   1.4130744772280335e-01	   3.8710312846465145e-01	   3.8332215765723454e-01	   1.0263185058190885e-01	   1.4316174221180050e-01	   3.7141643844600969e-01	   2.0180483996942447e-01	   1.2814954933877692e-01	   2.9295978946123395e-02	   2.6317017636466183e-01	   2.7691060158113116e-02	   1.0432207305495492e-01	   2.1666282149775623e-01	   3.8959970105540948e-01	   1.6361899601036617e-01	   6.3815813851352043e-02	  -1.6127176445838221e-01	   1.4512133333057209e-01	  -4.1008262510765409e-01	   3.5745502291885728e-01	  -6.0731233369656010e-03	  -1.6665593540128557e-01	  -2.0050497443517296e-01	   6.1861916516691873e-01	   5.8217854782119649e-01	   1.4009741270660603e-01	  -4.7127429323506734e-02	   5.1742795637811245e-01	   3.0871539330616121e-01	   4.6139374545846396e-01	   1.5646359627786993e-01	  -1.5635848382344615e-02	   3.4029109889630545e-02	   9.6185034342104833e-02	   1.3984711879836251e-01	   3.3941696343763073e-01	   1.7721848414486813e-01	   1.9265767913191786e-02	   1.2709756285241047e-01	   2.5033387438068506e-02	   3.5911043992152264e-01	   3.3669063103593122e-01	   9.0086077839641565e-02	   5.7832716900261216e-01	   3.3732479027554152e-01	   4.2894944331176343e-01	   1.0645150873454565e-01	   6.5564608097840849e-01	   2.7374931448065848e-01	   4.9912693208102321e-01	   7.3698846919990302e-01	   6.5460217133984355e-01	   7.5225708611523245e-01	   3.2820723367773541e-01	   6.9439152793479824e-03	   4.6674225754025045e-01	   3.3365689140247001e-01	   1.9550923041843332e-01	   4.2357882868200325e-01	  -1.0084439625132380e-02	   6.3948261091394931e-01	  -1.2166613768527486e-01	   8.6351511741450504e-02	   8.1098529497235353e-02	   5.1887730940229984e-02	   1.3634166010251356e-01	   1.6661754757712488e-01	   2.0985688005299685e-01	   4.6522418026987594e-01	   4.9853750248021012e-01	   4.7469665135414707e-01	   4.4858521552621805e-01	   4.5817612541519370e-01	   2.5969106360536154e-01	  -4.3416140356177670e-02	
   4.1607766084103548e-01	   2.9535821318528804e-01	   5.5593556320811399e-01	   2.4873055569691249e-01	   7.7502264121550579e-01	   0.0000000000000000e+00	   5.4550741110566359e-01	   3.5663510374823293e-01	   6.7693034238005745e-01	   5.9223191084355831e-01	  -1.1341291743994598e-02	  -1.0119030988685157e-01	   3.2623193596052402e-01	   1.2885451067489820e-01	   4.8155581364373823e-01	   4.4122584297915790e-01	  -3.2126373123130442e-01	  -1.4873006325072932e-01	   1.5579691864648762e-01	  -1.0710875848353832e-01	   3.1285512135069732e-01	   4.2825425551074758e-01	   5.5516437968233767e-01	   3.5741651639113287e-01	   6.3327347773374010e-01	   6.0898065331007678e-01	   4.7261788212529321e-01	   5.4002116542577783e-01	  -2.2098740359898583e-01	  -1.4728159359803339e-01	   4.1305608280550254e-01	   4.9450217136271835e-01	   4.4466508520007109e-01	   3.2155551482478656e-01	   3.7870629392943267e-01	   2.5888678519779323e-01	   2.2739559322665026e-01	   1.1687556640930167e-02	   3.8058576194834803e-01	   1.5500187284201333e-01	   9.3226185626604952e-02	   1.3929827071550166e-01	   2.5799673998063416e-01	   2.0132248166559322e-01	   1.4828547085788285e-01	   1.2596534032035472e-01	   1.9507016714305536e-01	   3.8733550722447392e-02	   1.1702806046900943e-01	   4.3727471970633772e-02	   2.4224722827013268e-01	   1.1590580762176064e-01	   3.5419242151941491e-02	   1.2668004592532875e-01	   3.5768897387177256e-01	   1.2028428975218097e-01	   2.9964229378188368e-02	  -1.3515460494473758e-01	   1.3862775126497445e-01	  -2.1809499439367097e-01	   2.4308014825165977e-01	   6.4690131422808383e-02	  -2.0047529078115822e-01	  -2.3982955262391864e-01	   4.6960719276223117e-01	   6.2077669847909667e-01	   2.4684124070588820e-01	   1.4940301328920264e-01	   3.3484768734301124e-01	   2.2389535855705556e-01	   3.4287551782827130e-01	   2.3639228113503552e-01	  -3.3968405646927172e-02	   7.8448327061480555e-02	   1.0352521488639696e-01	   1.6624756274312272e-01	   2.2644710986854066e-01	   5.9525031435653943e-02	   8.7825583290839004e-02	   1.5045877049663059e-01	   2.1902137353809911e-02	   1.9819776326988875e-01	   2.3094655969272387e-01	  -1.9149230991728584e-02	   4.1695204811758901e-01	   1.1302680371392204e-01	   3.7204138499733019e-01	  -1.8061154890835530e-02	   4.5952377880962969e-01	   2.9397457052470982e-01	   4.9407467957496137e-01	   5.0239277673663585e-01	   6.2078226029564521e-01	   5.6281128659192969e-01	   3.0922930631428952e-01	   2.9514300721300651e-02	   4.0017090606553851e-01	   2.7955047829362639e-01	   2.1184170947597641e-01	   3.0514319397889245e-01	   1.8214271172135515e-02	   5.6376367970590391e-01	  -1.1892803585803960e-01	   1.7686645582059010e-01	   4.9884660820522300e-02	   1.3881750300197998e-01	   1.1440632456246796e-01	   2.3193560982311628e-01	   3.2372009733112633e-01	   4.8024666704141028e-01	   4.0983386835032587e-01	   3.4501326380234937e-01	   4.7278884083720224e-01	   4.8592826679797296e-01	   3.0051293703053289e-01	   3.6675536791858174e-03	
   6.0486209109187206e-01	   2.1609688458193205e-01	   6.5532550884781027e-01	   4.8391388443499561e-01	   6.9103176994995597e-01	   5.4550741110566359e-01	   0.0000000000000000e+00	   6.1149662134949667e-01	   7.4241335711717271e-01	   4.3416861633339549e-01	   3.5453910455375670e-01	   1.1622261300409505e-02	   4.5549359562269259e-01	  -3.8933908254713843e-02	   3.3326478036181179e-01	   1.8292107937247595e-01	  -5.3894379885258262e-02	   4.9993096644755007e-02	   2.1778784205597940e-01	   1.5647046694071135e-02	   3.7822397347340064e-01	   3.1058942608525064e-01	   4.2349423537400810e-01	   2.9417679758162996e-01	   2.5409641293931712e-01	   2.2559640162800698e-01	   1.8613237867421398e-01	   1.6425400100795468e-01	  -7.6819296741319265e-02	  -5.1802600788234870e-02	   4.4444636545453198e-01	   5.1321134790088418e-01	   5.7975316352134820e-01	   6.0152864800388339e-01	   9.2929665148277565e-02	   9.3713027384745740e-02	  -2.4303845892346287e-01	  -3.1182104905068669e-01	   1.0964493221212668e-01	  -2.4637013058913487e-01	  -6.8953157963374825e-02	  -2.2919160996451948e-01	   5.1791011128464626e-01	   4.4268375654359082e-01	   4.3525883948229149e-01	   3.9721322641656276e-01	   3.6575307483550967e-01	   1.5440606408738156e-01	   3.6139458356678800e-01	   1.3379950100526283e-01	   4.0783726073140886e-01	   5.6474462636021058e-02	   2.4202928843947022e-01	   1.3039407702428588e-01	   2.6313858457850442e-01	  -1.1167069969984778e-02	   6.9829020249251889e-02	  -1.3451600575604603e-01	   4.2370400115819329e-01	  -1.4637781784602957e-01	   3.8166938035494180e-01	   1.3986687953498406e-01	   1.2020066757715282e-01	   1.5230230359156260e-01	   3.2241438733103617e-01	   3.3891644348437366e-01	   3.6669486496033254e-01	   1.2767126705913262e-01	   3.5366252055375136e-01	   8.2984028710108640e-02	   3.5412622797260923e-01	  -6.7433522639191681e-02	   2.5117704688424802e-01	   1.3968207493623472e-01	   4.6483612092361914e-01	   4.2744377916932630e-01	   1.8464567040206201e-01	  -1.3663007051226517e-01	   3.1430311393442334e-01	   3.1635376595821652e-01	   3.6408784496340618e-01	   3.4800591877062992e-01	   9.3325965718943027e-02	   1.2372529108315284e-02	   4.3996027527974951e-01	   3.6069201279032664e-01	   1.2182038258019581e-01	  -6.3102078497462855e-02	   4.4955930899364327e-01	   1.2063160470446856e-01	   3.7203876441242162e-01	   5.9953776529384761e-01	   4.3309819207872191e-01	   4.5180210918744379e-01	   3.0189783827869787e-01	   1.4371308442416622e-01	   2.6501249793055676e-01	   2.7415367326615994e-02	   2.8092143770962713e-01	   4.1850518958903415e-01	  -5.5443704584168127e-02	   5.8026261930240530e-01	   5.5854901405798789e-02	   2.9431024049664833e-01	   1.9413768119819663e-01	   1.9675509738019065e-01	   4.0250544893421836e-02	   1.9443682586863892e-01	   3.0181072589439001e-01	   2.7862668715457517e-01	   1.0528722086223610e-01	   2.8489194645857208e-01	   3.9151989603479437e-01	   5.0677649252233470e-01	   2.7896211983699570e-01	   2.0364332114752284e-01	
   5.4881583083042185e-01	   3.2319519804162977e-01	   3.0738989832164276e-01	   6.3236153358672342e-01	   2.5546802543454200e-01	   3.5663510374823293e-01	   6.1149662134949667e-01	   0.0000000000000000e+00	   2.9342760898860026e-01	   5.6351327727253619e-01	   2.9716404623577852e-01	   4.2770956730749576e-01	   1.2123562235053223e-01	  -1.1197466940135756e-01	  -9.8521674436766085e-02	   2.2091172247332196e-02	   2.2966096277840520e-01	   2.9432658300604725e-01	   7.5814146782932648e-02	   1.0100591048099489e-01	   5.2180359294917300e-01	   4.7432884867864783e-01	   7.9015879457911664e-02	   1.0572563684643899e-01	   1.3415813448058009e-01	   2.3096603496487988e-01	   6.7379768308937785e-02	   2.6826566518897386e-02	  -2.3079078949545695e-01	  -1.2844580939387518e-01	   2.3566540217789894e-01	   4.1434640010331303e-01	   4.7926597526160003e-01	   6.6716418924208098e-01	  -2.0381093248167524e-02	   2.3750936743726161e-01	  -1.8443070531343275e-01	  -3.2118503218928002e-01	   2.1963564322300011e-01	  -1.5750211770768408e-01	   7.0350431185695825e-02	  -1.6428106184395488e-01	   5.2889996431762787e-01	   4.3865926613948852e-01	   5.7806269101345009e-01	   6.0464506523270767e-01	   4.9466001840589147e-01	   2.3612630094949932e-01	   5.4728127917228364e-01	   4.2693827255174188e-01	   6.3314374171251298e-01	   4.6544723863972487e-01	   4.8039365925914179e-01	   2.4812394206935501e-01	   3.4743352011189638e-01	   1.6796583622239433e-01	   2.7513554813211538e-01	   8.3604055607130467e-02	   5.0181024322941747e-01	   4.0061173517380533e-01	   5.2401360846471345e-01	   7.1127023385822663e-01	   3.7193668619899500e-01	   5.5590610201417145e-01	   1.7078651598440769e-01	   4.4298149370041062e-01	   4.4788220329945888e-01	   4.4492924056281308e-01	   2.8193362311876002e-01	   1.2860458193289209e-01	   3.6412724896063514e-01	   1.8751930630236979e-01	   3.9320500621751070e-01	   3.3708484705527536e-01	   5.7284650120572245e-01	   5.1400028721730040e-01	   2.6729517042524326e-01	   3.3714538205195328e-02	   3.7749650751113273e-01	   2.8886891692621491e-01	   3.9724182069389036e-01	   3.9627763782913028e-01	   1.4726233188917696e-02	   1.9462897573659221e-01	   3.9914841795399747e-01	   2.5603700554677594e-01	   1.7113186101612668e-01	   7.5578770174041146e-02	   3.3112328077802927e-01	   3.0081515113571833e-01	   6.0708168410246888e-01	   4.0697963977355373e-01	   4.8639693476328594e-01	   2.1013488127088142e-01	   4.5798574411637122e-01	   3.3511466811101204e-01	   4.5033586482983956e-01	   2.6650301487732025e-01	   5.9958584657640002e-01	   5.2091052325589327e-01	   2.9142758259750434e-01	   3.8212798902144279e-01	   4.7102872674455076e-01	   5.4279345512684252e-01	   4.4568129554090652e-01	   5.1880855754723343e-01	   3.0989638796727309e-01	   5.4661919929976210e-01	   5.1389191956635571e-01	   4.5997779296523861e-01	   2.8335069388707078e-02	   3.9628637109946008e-01	   5.9438553489665069e-01	   6.7614907483706066e-01	   4.9403506840158029e-01	   3.4020993665191090e-01	
   6.0573044141889310e-01	   3.9525869559216498e-01	   6.1061938071586019e-01	   2.0969037199435842e-01	   9.1939041007940081e-01	   6.7693034238005745e-01	   7.4241335711717271e-01	   2.9342760898860026e-01	   0.0000000000000000e+00	   5.5517119028382611e-01	   3.8083620987497291e-01	   2.4142801245027261e-02	   6.8430994519811117e-01	   3.1107540323645877e-01	   6.8674251923998264e-01	   5.7937475322284593e-01	  -2.7845346770125246e-01	  -1.5400994288856024e-01	   2.5226398121894578e-01	  -9.9946656933037718e-03	   2.5604205976255984e-01	   2.5007127658827499e-01	   6.7074158458060795e-01	   5.0496698384155958e-01	   4.4093355070493134e-01	   3.7009692284853468e-01	   4.4300957952778841e-01	   4.4233180964644769e-01	  -2.4414753901635715e-02	   1.1038817876658499e-02	   2.8062753798522666e-01	   3.9651665484722987e-01	   3.4900788496495216e-01	   2.6163859202846917e-01	   1.2375657828742112e-01	  -6.1101101790026077e-02	   9.9751652810265670e-02	  -5.7384703158236905e-02	   3.0246456934249766e-01	  -4.0555802940442937e-03	   8.8888493505701341e-02	   4.9866549967549370e-02	   3.7102455409832275e-01	   3.6510484400101906e-01	   7.8684019823878015e-02	   1.1560223915325174e-01	   3.4713095794262416e-01	   2.1446030090946586e-01	   1.3709447487950843e-01	   1.0129885299155937e-01	   2.0954525224657514e-01	  -2.9143240729538313e-02	   1.8337585298348510e-01	   2.1892540360882307e-01	   3.8474345170665813e-01	   1.3001480368390761e-01	   1.2565011940903884e-02	  -2.0239907472033372e-01	   2.0944752511690196e-01	  -3.7838644840035895e-01	   3.9870169648774484e-01	   2.1020109572324778e-03	  -1.6859418237131243e-01	  -1.7387862058840908e-01	   4.4330743825793328e-01	   4.4314403506496347e-01	   2.1796700862217730e-02	  -1.9232261843952742e-01	   4.4923875152666404e-01	   2.3192536270773445e-01	   4.7502502180641448e-01	   1.2660919867171788e-01	   8.5445705016860080e-02	   4.9004731942243578e-02	   1.9499168922743676e-01	   1.8492913656933790e-01	   2.8422206985791870e-01	   1.1249266422428006e-01	   8.1139350925930220e-02	   1.6143518148038177e-01	   9.6433790705819603e-02	   2.8457998774514476e-01	   3.0841499206549472e-01	   5.5067131293084715e-02	   5.2032967815407338e-01	   2.8392921386494124e-01	   3.2457973932301021e-01	   3.3355067979789627e-02	   6.8675555929937238e-01	   3.0772098808815684e-01	   4.8614187239553974e-01	   7.0989592874138308e-01	   5.6449877971508422e-01	   6.4033197162151434e-01	   2.5597628158837199e-01	   2.9021000846702068e-02	   3.7113078045270559e-01	   2.3367738165307797e-01	   2.0754102175910860e-01	   4.3604408548633844e-01	  -3.6575761872080968e-02	   6.3502132026859726e-01	  -1.2990115634420199e-01	   7.7348750992967813e-02	   4.2658570926552133e-02	  -1.6515039146409297e-02	   6.1419298810478737e-02	   1.0576195483592496e-01	   1.4151714303042287e-01	   3.1525884666591003e-01	   3.0161101516988109e-01	   4.3381704441689706e-01	   4.4685625045569533e-01	   3.8999540337246186e-01	   2.3653216687135731e-01	   9.8534581039492319e-03	
   4.4485279034779596e-01	   4.5923632466196135e-01	   1.2296039444591492e-01	   2.4916397986130992e-01	   4.5169145416437340e-01	   5.9223191084355831e-01	   4.3416861633339549e-01	   5.6351327727253619e-01	   5.5517119028382611e-01	   0.0000000000000000e+00	   4.5357661152114753e-01	   5.2445029501493590e-01	   5.1544948235612686e-01	   3.1265685936298332e-01	   3.5334872584867449e-01	   4.4736808851893273e-01	  -1.1989619066974536e-01	   9.2066273439307109e-02	   1.1407055721242780e-01	   8.0696571235640030e-02	   3.7194608455889222e-01	   3.9044682229119182e-01	   1.5202452646838857e-01	   1.0099882055616324e-01	   1.3980351836974847e-01	   1.1281888655645446e-01	   1.9695932938680305e-01	   1.0072117654627463e-01	  -4.5537780700668148e-02	   1.4930469468816393e-01	   5.4809933124159355e-02	   1.8073741842373686e-01	   2.0115034488705907e-01	   2.4758494226138014e-01	  -1.6077277569643417e-01	  -1.4377199978325347e-01	   9.9328666553719969e-02	  -7.8515486537694384e-02	   3.6939411136610478e-01	   1.3248104478339059e-01	   1.5376621905099364e-01	   1.9202006118297251e-02	   1.8782003502091532e-01	   1.9080634853240352e-01	   1.7403478496392613e-01	   2.4181717860924146e-01	   3.2185954748740842e-01	   1.5355949636804322e-01	   3.9205510787787862e-01	   4.6046144261158573e-01	   4.5983113571977030e-01	   4.4162515613313019e-01	   4.6087006919670931e-01	   3.9993633632954456e-01	   4.9788025656938123e-01	   3.2702755033683450e-01	   4.7617992715651813e-02	  -1.3375662584179734e-01	   2.0402195741519305e-01	   2.1105623035418916e-01	   3.4572356693284800e-01	   4.7611245631338084e-01	  -2.6942917081194475e-02	   1.6688557347850333e-01	   1.0075477167852667e-01	   3.3086188006547124e-01	   3.1816051231533783e-02	   2.9367983830137820e-02	   3.9204293563823966e-01	   2.9171376529233350e-01	   3.5775368305679323e-01	   2.8816920153772435e-01	   1.7571162135094109e-01	   3.3046458431155085e-01	   3.3939134598396359e-01	   2.9528965898985282e-01	   1.9923646320974675e-01	   2.3764435107773089e-02	   1.5324851948224014e-01	   8.1159487954365450e-02	   4.6898878294162491e-02	   3.1009878130863933e-01	   1.6116622896919899e-01	   2.7203860103710364e-01	   2.4974874844237543e-01	  -2.1030991886671797e-02	   1.8867725107549960e-01	   3.0068812084979940e-02	   4.2724703073948378e-01	   5.0193385810232560e-01	   6.7917150716616426e-01	   4.6200688556357328e-01	   4.7327811363593913e-01	   1.7652098888412282e-01	   5.6013556740980419e-01	   4.4499091636467847e-01	   4.6881546958561221e-01	   4.5385505157959005e-01	   4.6546354928922945e-01	   4.8028918658950792e-01	   1.9896378967397280e-01	   3.3723326158570627e-01	   1.8172167901312539e-01	   3.0826915086734530e-01	   4.2723270745089159e-01	   4.5370682304920251e-01	   3.8082824056422393e-01	   4.6930755310181815e-01	   4.7384158077923000e-01	   4.4844541937253746e-01	   5.8584009962994288e-02	   4.7393009386100399e-01	   5.0486585678137541e-01	   4.6020780104908643e-01	   5.5037005241843895e-01	   3.7290129569519048e-01	
   4.6894358999416569e-01	   3.0068777408740194e-01	  -1.1429357522407779e-01	  -3.3085400133260945e-02	   1.3030621940588197e-01	  -1.1341291743994598e-02	   3.5453910455375670e-01	   2.9716404623577852e-01	   3.8083620987497291e-01	   4.5357661152114753e-01	   0.0000000000000000e+00	   5.0531115553828387e-01	   6.7549764161258641e-01	   3.6817836741383225e-01	   1.6225048087317709e-01	   1.4160174300306783e-01	   8.5054707242402952e-02	   1.5712173438718963e-01	   1.5803150724079648e-01	   1.5672603005430258e-01	   3.0164545146035830e-02	  -1.7447200922435957e-01	  -1.1651689965048873e-01	  -1.1842970670108045e-01	  -3.5045222359852823e-01	  -4.1012558349431677e-01	  -2.6883229238254525e-01	  -3.6035693797112867e-01	   2.8157939113942954e-01	   2.6515501734208091e-01	  -1.3564528365006873e-01	  -1.3979898321332623e-01	  -7.7033652324362309e-02	  -2.5540167211921989e-02	  -4.6998513309202239e-01	  -3.5597125791298456e-01	  -1.7128806204511651e-01	  -1.8271241408227595e-01	   1.1016757414967004e-01	  -1.0570650564428333e-01	  -7.3401756015830433e-02	  -2.7278273201906966e-01	  -2.6859599793660194e-02	  -3.2916458916513333e-02	  -6.1781611123336355e-02	  -1.7737641871655783e-03	  -4.4177197224364140e-02	  -1.2429266043455312e-02	   1.4847445940415935e-01	   2.3466461441812295e-01	   1.3061985312824120e-01	  -5.3792242239566427e-04	   3.5592178021850501e-01	   1.1751850239837772e-01	   2.4608964009245193e-01	   7.4308411194466406e-02	   5.1394260217822979e-02	  -2.1800504603703141e-01	   2.5761061627234028e-01	   4.8313462022693585e-02	   1.7530805190446636e-01	   9.8212967180507399e-02	   2.6617797370810738e-02	   9.7908129625839307e-02	  -3.0217839442092426e-01	  -1.3769969275662472e-01	  -1.3247239944591493e-01	  -2.9844038917096705e-01	   2.7165855159979480e-01	  -1.6301606563474191e-01	   8.5854178793962566e-02	  -4.1478379839699431e-02	   3.4453053844832593e-01	   2.1114458022067029e-01	   4.2682642054481612e-01	   3.6605226861592105e-01	  -3.0097208163588816e-02	  -1.6164869480991667e-01	   3.2362349445516836e-01	   2.9288448965267549e-01	   2.7359622868332367e-01	   1.4457962558043655e-01	  -4.0617092980481159e-03	   4.4313848728780497e-02	   7.2643168784309042e-02	   9.9867657072147085e-03	  -1.8770905841143604e-01	  -1.5182385543489374e-01	   2.8400114796912107e-01	   3.2408085856144675e-01	   1.2853708288824864e-01	   2.2452770477058917e-01	  -3.0402335114121309e-02	  -1.4644581767093084e-01	   1.9202793111285882e-01	   3.2818020330511288e-01	  -4.8534998054974229e-02	  -4.0710379369840878e-02	   5.5099756762860247e-02	   1.5551400716334846e-01	  -7.8365758650267958e-02	   1.1523770019147452e-01	  -9.9186389630713020e-03	   1.7027184618281430e-01	   1.7967390128925120e-01	   1.2916116855209184e-01	  -3.7766235395901605e-02	   2.3704244564337761e-03	   8.1613964839672481e-02	  -1.8198360356344109e-01	  -2.9812579121628791e-01	  -9.5176148302533731e-05	   9.2725406937577068e-02	   8.9012297857108291e-02	   2.5665943774706290e-01	   3.3487057829324740e-01	
   2.1098726472069243e-01	   5.2112391433211092e-01	  -3.1449272480160606e-01	   3.9803210433185091e-02	  -1.0205403218497966e-01	  -1.0119030988685157e-01	   1.1622261300409505e-02	   4.2770956730749576e-01	   2.4142801245027261e-02	   5.2445029501493590e-01	   5.0531115553828387e-01	   0.0000000000000000e+00	   3.1738064258915116e-01	   5.4954346658986353e-01	  -4.5846384163459333e-02	   1.9338111011374520e-01	   4.5850755963811510e-02	   2.0908718924471001e-01	  -4.8062660317379963e-02	   1.4597642366655966e-01	   1.1252808501694828e-01	   1.2152462671106182e-01	  -2.4469232851673001e-01	  -1.5370659748042387e-01	  -2.2008581999782106e-01	  -2.4851298985463588e-01	  -9.4270845570046238e-02	  -2.6633780368538373e-01	   1.1387900724956387e-01	   2.3393621560309685e-01	  -3.2056648277735045e-01	  -3.1670789256509801e-01	  -1.6097254702220926e-01	  -5.0536754211419246e-02	  -3.9484524865849624e-01	  -2.7508205337235203e-01	   1.0178529361133667e-01	   7.9811442312127598e-02	   1.9882684750539625e-01	   1.7220200586258921e-01	   8.4653959110271140e-02	  -2.1603749920643046e-02	  -3.6520444658191369e-02	   1.6787303419310642e-02	  -6.8005641224377134e-02	   9.1498604426861696e-02	   1.4524838080103361e-01	   1.2282286294983494e-01	   3.9233408041599410e-01	   5.9520489332739057e-01	   4.8923067258064884e-01	   5.6621796504106348e-01	   6.3437815467316394e-01	   3.9039711604928506e-01	   3.6111895113115899e-01	   3.9756570686038828e-01	   8.2955932623719350e-02	   1.1359793873372301e-01	   2.0391035155197715e-01	   6.2748447578393352e-01	   1.2475085832774718e-01	   5.7692090713137967e-01	  -3.4112003580301961e-02	   3.4579135862137778e-01	  -3.1523890185932879e-01	   9.7376306304886896e-03	  -1.3172193780676450e-01	  -4.1497014413812436e-03	   1.4964398827357889e-01	   6.8533710949234272e-02	   1.8401600438928756e-01	   1.4556474751210768e-01	   2.9294378645815644e-01	   4.5000866763608016e-01	   3.1730146274981164e-01	   3.4805177709186547e-01	   4.8587022940306590e-02	   1.1352674678889170e-01	   8.2234506130055979e-02	  -8.4117344212667772e-03	  -7.1831003916180636e-02	   1.9194560363328439e-01	  -4.2111443109835778e-02	   1.9544516494008096e-01	   5.3699170314550772e-02	   1.4700185286493422e-02	  -6.5216353612035316e-02	   9.6797806902363975e-02	   1.6359342224288687e-01	   6.0561252162244616e-01	   4.2939839358988396e-01	   1.4485725785721237e-01	   1.0354125645035459e-01	  -2.1285581939308268e-01	   4.0150576886798373e-01	   4.8878995444835999e-01	   2.7301585226815772e-01	   3.3696434047575080e-01	   3.6138981228608347e-01	   2.3937596505168410e-01	   2.9194464958713950e-01	  -5.2497975287180823e-02	   4.1970061548472826e-01	   3.0756498074959499e-01	   5.2282452831536874e-01	   4.5190353890859086e-01	   3.7097304064918113e-01	   4.5540556413852895e-01	   3.3631851682127778e-01	   7.3330230757215925e-02	  -1.5724595471090025e-01	   2.2746770894483420e-01	   1.8495168856561667e-01	   1.4897563946588482e-01	   3.9244493817034876e-01	   3.9488663759998893e-01	
   3.3232044393392268e-01	   4.1434001341705018e-01	   1.6832085662260490e-01	  -2.7109206336098035e-02	   5.3900409662627524e-01	   3.2623193596052402e-01	   4.5549359562269259e-01	   1.2123562235053223e-01	   6.8430994519811117e-01	   5.1544948235612686e-01	   6.7549764161258641e-01	   3.1738064258915116e-01	   0.0000000000000000e+00	   6.5403827306754780e-01	   6.5987980125418544e-01	   6.2058608410169058e-01	  -4.2527974674556535e-01	  -1.1541080474218626e-01	   1.2243794373547368e-01	   2.9769738435330158e-02	   3.0494401347691054e-02	   1.5745172120107082e-02	   3.8197323661935162e-01	   3.4042567038405563e-01	   1.4934920350041006e-01	   2.0375852657781395e-02	   2.2822055321180884e-01	   1.3852441554309786e-01	   2.3911451254599070e-01	   2.6930898143760612e-01	   7.8821503334611479e-02	   8.1963247814763329e-02	   1.4419742790611415e-01	   4.6183904402060341e-02	  -1.4402651659169652e-01	  -2.6020834033912016e-01	   2.1785633452573466e-01	   1.4374940600231717e-01	   3.5539897382623448e-01	   1.8922492159376914e-01	   7.0622515588610324e-02	   4.9565458812075150e-02	   4.9034983223167398e-02	   7.6177062996643174e-02	  -1.4666421111854611e-01	  -4.5135551466754867e-02	   7.8482836005446449e-02	   4.8306865941538248e-02	   2.3922315013708222e-02	   1.2143633292266448e-01	   1.5005407842113899e-01	   1.8234657763735708e-02	   2.0692157859127536e-01	   1.3232403027966128e-01	   4.1487187933308456e-01	   1.7021832565964118e-01	  -2.3456832352210050e-01	  -2.9405212413290804e-01	  -4.9322586811091917e-03	  -2.0512685712214165e-01	   1.5870902323790792e-01	  -1.4701826474012133e-02	  -3.4024810924139631e-01	  -1.9779912975265318e-01	   1.4441994767920840e-01	   1.8973001065583547e-01	  -1.6302498059078308e-01	  -2.9200729360830735e-01	   4.3106457091234468e-01	   1.4774170423120833e-01	   1.6364755022742219e-01	  -1.2454205880312362e-02	   6.2041915527059815e-02	   1.1947767794492611e-01	   1.5222268004471473e-01	   1.8328580683691553e-01	   2.0223287677313301e-01	   8.5230286562678934e-02	  -1.1402194527643319e-02	   1.9294221848450371e-01	  -6.8673253596999245e-02	   2.1064652216523039e-01	   3.4755875762353194e-01	   1.3687562960775557e-01	   3.2824024862462664e-01	   2.7160521066792409e-01	   1.0883315720091324e-01	   1.7314920119105202e-02	   4.9589601120492843e-01	   3.8401064934436618e-01	   2.5187873806280547e-01	   4.1619779549455632e-01	   2.9470484398272184e-01	   2.3326488407825852e-01	   2.7622752761712310e-01	   1.3903832617477724e-01	   2.1569648369967562e-01	   1.2864870721333352e-01	  -3.7296209041644428e-02	   1.2888554129062144e-01	  -7.5304391096898710e-02	   2.8689240675514510e-01	  -1.6613033366974667e-01	  -8.4740708889418315e-02	   1.5092233313582537e-01	  -5.3112793585448972e-03	  -7.7384247554660715e-03	  -3.8397122384851441e-02	   9.1438675989461385e-02	   7.4470264928909596e-02	   1.3911661823270777e-01	   2.2040460042498605e-01	   1.7801276648217498e-01	   1.4166155376123168e-01	   2.9419242523573313e-01	   8.6520915546376143e-02	
