   0.0000000000000000e+00	   1.7579818947519901e+00	   1.3015599054118459e+00	   1.3365528089203031e+00	   4.8121229650789754e-01	   4.4109874832996598e-01	   1.2343872573061114e+00	   1.2772678640601975e+00	   3.5885081050466988e-01	   3.2159400455870202e-01	   1.1479293462347215e+00	   1.1058192034992944e+00	   7.2767537974331498e-01	   9.6512804489439541e-01	   8.1548280084583502e-01	   5.6213929029823495e-01	   6.9740921305718773e-01	   7.6009486624596756e-01	   1.5303272075074890e+00	   1.5309227573881046e+00	   6.3240463372661404e-01	   3.9753449649880196e-01	   8.8757939271626218e-01	   7.8159016393715219e-01	   6.5117580668162089e-01	   5.4626775822638041e-01	   6.7433103951935491e-01	   5.3961804295998328e-01	   4.7123113298304398e-01	   7.0246263006337972e-01	   1.0717185121491997e+00	   1.0188203857499274e+00	   1.5380934065168721e+00	   1.7105043108377358e+00	   9.3052977308702489e-01	   9.0007064532648540e-01	   4.2420560623025255e-01	   7.1724801616249234e-01	   6.7990405388835984e-01	   8.5931683337705944e-01	   7.2547917853992805e-01	   6.1930077600637246e-01	   8.8524605717045868e-01	   9.1741767359061932e-01	   9.1057806366602634e-01	   9.6411391409587210e-01	   8.7345876239046683e-01	   8.8148943155087500e-01	   9.7445729258115155e-01	   8.9993985904019524e-01	   8.9699480662277153e-01	   1.1826671767043637e+00	   6.4390762636063692e-01	   1.0653755251042099e+00	   9.6108962019480570e-01	   1.0506027416213115e+00	   1.6883293283682068e+00	   1.3592254677948079e+00	   1.2919855178755524e+00	   1.1672398173372454e+00	   1.1420890635808334e+00	   7.7969452840377751e-01	   1.1444192645097138e+00	   1.2030351955686427e+00	   7.3056663115226206e-01	   7.6820548177707548e-01	   1.2127902243327124e+00	   9.5487298687311672e-01	   1.2371672299671184e+00	   1.1015616739203002e+00	   7.1255486510965049e-01	   9.8567737684179813e-01	   7.8966841614847971e-01	   7.1866914330512199e-01	   8.5646129242677027e-01	   8.1372381212040656e-01	   1.0924497845636920e+00	   1.0644003676413609e+00	   6.1634159129609711e-01	   9.4314128703497513e-01	   9.2695927431315406e-01	   1.2487784785191829e+00	   8.2236831442492953e-01	   8.2948844177555969e-01	   8.7874916828708582e-01	   1.1271955789018595e+00	   4.7723883877439477e-01	   1.0375477699237796e+00	   8.6157088977779139e-01	   1.1929750829422958e+00	   8.6387888778562183e-01	   4.9047183834729491e-01	   5.9421170287052183e-01	   7.7717149136809960e-01	   4.0694129283943253e-01	   4.2357959660838307e-01	   9.4342658591847228e-01	   8.2107655081154030e-01	   1.0092396950919593e+00	   8.9653861881571162e-01	   7.2900016891973118e-01	   9.8999205612516727e-01	   9.3319271914438651e-01	   1.0455340186681963e+00	   3.7736165818504319e-01	   5.0207935100985934e-01	   6.0717738437515578e-01	   6.5679967966308339e-01	   4.0414109165587453e-01	   5.0802080510700010e-01	   1.0106096385616674e+00	   9.2406016750969677e-01	   4.5361244580211635e-01	   8.4649169274690383e-01	   8.0754922061734169e-01	   4.5450177065289601e-02	
   1.7579818947519901e+00	   0.0000000000000000e+00	   1.3206678854675993e+00	   1.4135575717795763e+00	   5.1792040172350862e-01	   4.2881264012091214e-01	   1.0869977844375962e+00	   1.4095247805620579e+00	   3.7940098796083332e-01	   3.5288766451167225e-01	   9.4875270997293515e-01	   1.1001918892517879e+00	   6.2930781198200902e-01	   1.0417617066567408e+00	   7.6069025293558146e-01	   5.5047838317537678e-01	   6.3272779367045728e-01	   8.5119793349944195e-01	   1.2348675511236511e+00	   1.3857395138619870e+00	   5.9880773293418865e-01	   3.4743261755844551e-01	   9.7272252009745164e-01	   9.2190645068245969e-01	   6.9976566059829015e-01	   6.0183853343166260e-01	   6.5635364342740277e-01	   5.4074540637297142e-01	   4.4358444374701955e-01	   7.3833320864712793e-01	   1.0983922393322147e+00	   1.1583539742137225e+00	   1.3011898299990468e+00	   1.5109603240551119e+00	   8.8467436147148715e-01	   9.4691387848588204e-01	   5.1489649250617442e-01	   8.6764963497050029e-01	   7.6259446265425956e-01	   8.9651255336134617e-01	   7.9185329223003698e-01	   6.5145408168722474e-01	   9.3725035410130397e-01	   8.8526631575780756e-01	   7.5589834967546243e-01	   7.9978559725004561e-01	   1.1160828026756930e+00	   1.0071957299592946e+00	   7.9706439909636273e-01	   7.5037331220599990e-01	   8.5387499608882478e-01	   9.5113319445382172e-01	   9.3642358840737971e-01	   1.1318503880407049e+00	   1.1636811193385139e+00	   1.1734520334112941e+00	   1.6619746478514630e+00	   1.8180250659301274e+00	   1.2937350286325910e+00	   1.3499284965282479e+00	   1.0342573692369668e+00	   6.9848723934807933e-01	   1.0761357771002786e+00	   1.2140270461520495e+00	   5.6686446165128923e-01	   6.1850641689766039e-01	   1.1420612928162264e+00	   9.0799145110557311e-01	   1.4092964822406218e+00	   1.2331841088723159e+00	   6.5414084568712505e-01	   1.0165254350515307e+00	   7.7215372228088264e-01	   7.9181639851155561e-01	   8.7387211485058591e-01	   8.6315666017504600e-01	   1.1724168715980077e+00	   1.2404277262812400e+00	   5.9031249661122176e-01	   1.0920396883743630e+00	   9.3315214058831186e-01	   1.4031892793639991e+00	   7.7601544535790390e-01	   8.3110308191275784e-01	   9.3242418546476391e-01	   1.1400568442830179e+00	   4.4775908913035622e-01	   1.0488809167312256e+00	   9.9867685821918351e-01	   1.1897093818984590e+00	   8.9529920251105677e-01	   4.4958076025521498e-01	   6.8079238672449838e-01	   7.8213682625001080e-01	   4.1343987702733842e-01	   4.5569838502431953e-01	   1.0186443654868462e+00	   8.6539282308251686e-01	   1.1088074156237622e+00	   1.0211527396199294e+00	   8.1888161501524492e-01	   1.0234822121296905e+00	   1.0738570402853773e+00	   1.1018232600602647e+00	   3.9555721416481016e-01	   4.8678282858653599e-01	   6.4532708091571545e-01	   6.8017490618699494e-01	   3.7911260181079848e-01	   5.5109384283350238e-01	   1.0241133683628010e+00	   1.0183436338478293e+00	   5.3150454041558637e-01	   9.8459346959126337e-01	   9.0260397840144679e-01	  -8.4970273162085583e-03	
   1.3015599054118459e+00	   1.3206678854675993e+00	   0.0000000000000000e+00	   1.4275376437997325e+00	   7.6841958732994453e-01	   5.7666522745230153e-01	   1.7978765164790536e+00	   1.3785633380527185e+00	   6.2095187456482082e-01	   5.2799518829469150e-01	   9.9325652104971995e-01	   9.9569911560407154e-01	   8.7775050101839525e-01	   9.3802244012865166e-01	   9.8445915174480980e-01	   6.4141196128539335e-01	   5.2272677201155160e-01	   6.5734547962132972e-01	   1.2235175809247250e+00	   1.3292334826796084e+00	   7.6767734208167204e-01	   4.3583637167968053e-01	   1.2862742657329975e+00	   9.8092157052055240e-01	   8.5405530482044989e-01	   6.1518867156126433e-01	   8.4315959886846170e-01	   6.1974521774034041e-01	   4.2733322089969167e-01	   6.5944586067647315e-01	   1.2148904562932439e+00	   1.1519192218555419e+00	   1.2350459599110881e+00	   1.2834260899876890e+00	   9.9625022860825274e-01	   9.3110112000764322e-01	   4.1158775366921690e-01	   6.9988838398315378e-01	   6.4338421401425039e-01	   7.1645225872408791e-01	   7.4885200109572403e-01	   6.6418587057483647e-01	   8.3988280331676501e-01	   7.5356523635678163e-01	   7.7752391181097003e-01	   7.9109581415225849e-01	   8.4257892187070049e-01	   8.2243509347614963e-01	   7.6903848378408057e-01	   7.2785129419366668e-01	   7.4521752998230473e-01	   9.3936659030689096e-01	   6.3725600584440845e-01	   1.0064117109221071e+00	   9.1064667089378337e-01	   1.0059706806625022e+00	   1.1086610900524769e+00	   1.1203051975578824e+00	   1.6230134689557256e+00	   1.1816726307666681e+00	   1.0564962185991611e+00	   8.0127428238126930e-01	   9.0439449890641477e-01	   9.8941797480280758e-01	   7.3850123959922565e-01	   7.4966538435541796e-01	   1.2645487122058636e+00	   9.8086007307077450e-01	   1.1880211462685506e+00	   1.2650906484687470e+00	   6.4960845201595063e-01	   9.6565956016976962e-01	   7.4431946079893252e-01	   6.8279432880858482e-01	   7.6669614561994015e-01	   7.3285821730649781e-01	   9.2660082856765180e-01	   9.6497410668365580e-01	   5.9076262422576575e-01	   8.9873026400791267e-01	   7.9882870386308558e-01	   1.0399157141131805e+00	   7.4790380443698179e-01	   7.4873265205924433e-01	   7.9525478223794621e-01	   9.6785116083062128e-01	   4.0808346215078450e-01	   8.6610307489482730e-01	   8.8931477590810304e-01	   1.2446005358682473e+00	   7.8959019427632560e-01	   5.0214308199458535e-01	   5.7600857371137926e-01	   7.6168093019737915e-01	   3.2403889298601107e-01	   3.8878567205778175e-01	   7.9144381645861617e-01	   6.8307811893738568e-01	   8.7724329688109437e-01	   8.3065468890736338e-01	   5.4472400153461131e-01	   8.5140240544124446e-01	   7.1128548799498859e-01	   9.0269771467625359e-01	   3.1154841890423146e-01	   4.7991909618611650e-01	   4.8784436064563069e-01	   5.6300168899392333e-01	   3.1764438009625756e-01	   4.3768127041695770e-01	   8.3811049829530482e-01	   8.0055181383520635e-01	   5.2483702653016728e-01	   7.3114990204827413e-01	   6.6492885569038107e-01	   6.0072672439776799e-02	
   1.3365528089203031e+00	   1.4135575717795763e+00	   1.4275376437997325e+00	   0.0000000000000000e+00	   4.6449148732406609e-01	   4.1960017473846850e-01	   1.0989444909565935e+00	   1.8734232809331663e+00	   3.1166185825263210e-01	   3.7818763748449330e-01	   7.2876436370216879e-01	   9.1672142827955783e-01	   5.5313088466408034e-01	   9.9071223133179043e-01	   6.7065676645762151e-01	   5.6335362777258446e-01	   4.9773039882288539e-01	   5.9998104315358947e-01	   1.1796897011882914e+00	   1.5110251179257470e+00	   5.0364265681851639e-01	   3.2108885254863873e-01	   1.1859286191846894e+00	   1.2308286605269338e+00	   6.4736782437417018e-01	   5.9290445794754798e-01	   6.7589708508117174e-01	   5.6405232499872549e-01	   2.5509594221810272e-01	   4.6305917215102443e-01	   8.2015278485426302e-01	   1.0571313727142770e+00	   9.9929619086295929e-01	   1.1788373371802949e+00	   9.2755084201159155e-01	   1.0052534526672301e+00	   4.4393870815319381e-01	   6.8458601347232284e-01	   6.4530757286641716e-01	   7.5060612625081546e-01	   6.1822004706707590e-01	   5.9097743067320552e-01	   7.6134935876521281e-01	   6.6311942835206095e-01	   7.4182965391152211e-01	   7.0505036147767675e-01	   8.7217026445634027e-01	   8.0567748837345077e-01	   7.0705753865388465e-01	   7.2471288521836896e-01	   6.7253458186212800e-01	   8.7428705524248684e-01	   7.5854707925780329e-01	   8.3455494554023157e-01	   1.0000579488929093e+00	   9.8709498243381932e-01	   1.1630350753149605e+00	   1.1203262850906273e+00	   1.2547663202259320e+00	   1.5015392561212710e+00	   8.4762075300113104e-01	   6.9709328660707515e-01	   8.7312827531648673e-01	   8.9257500966297743e-01	   4.9326557587326847e-01	   7.6947348245957115e-01	   1.2278411045017354e+00	   1.1545844034743036e+00	   1.3896265107648451e+00	   1.4232818226573156e+00	   4.3239234313510666e-01	   7.9978441241630738e-01	   4.9245495396404138e-01	   4.9779794498209640e-01	   5.7575363428053294e-01	   5.8525040886895152e-01	   8.8320144213883400e-01	   9.3413322245599129e-01	   5.1756241138240733e-01	   7.8099475224630532e-01	   7.9975903723778785e-01	   1.0222155670981175e+00	   6.3061525195324120e-01	   7.0833175281531902e-01	   8.4384463101567142e-01	   1.0175875923270048e+00	   3.1864126099742318e-01	   9.5108591730795866e-01	   9.7232835261516626e-01	   1.2632823908933097e+00	   9.3189425332559439e-01	   5.0542415165080479e-01	   7.9032727373281675e-01	   7.8269746376346605e-01	   3.4058040215836327e-01	   3.3526701301413664e-01	   9.0932608495093625e-01	   6.6806904881025730e-01	   1.0535038213427508e+00	   9.5211121735658444e-01	   7.0299213917420011e-01	   9.6689624189979106e-01	   8.4569837298879702e-01	   1.0268317346663713e+00	   5.3197277739476767e-01	   6.6278615784297434e-01	   7.2146492836590526e-01	   7.3906623769235480e-01	   2.9464169659581735e-01	   4.4274627901858826e-01	   9.3288556877888806e-01	   9.5261627556221562e-01	   5.6230908173087335e-01	   8.6366763875109065e-01	   8.3524847982459061e-01	   1.0464690991792559e-01	
   4.8121229650789754e-01	   5.1792040172350862e-01	   7.6841958732994453e-01	   4.6449148732406609e-01	   0.0000000000000000e+00	   1.0153053841830360e+00	   8.5642652540914499e-01	   5.6735370569233723e-01	   1.6541773342338384e+00	   1.0231704359678899e+00	   5.5278083380210208e-01	   6.5366037922732001e-01	   8.7686442069458970e-01	   5.3827225880769891e-01	   1.0293129973280246e+00	   9.3847693226830420e-01	   3.3725031902644742e-01	   5.0773477734085837e-01	   4.1811077086456017e-01	   4.2707301913286394e-01	   9.5650985851597881e-01	   8.2758411699721479e-01	   6.0956611565406571e-01	   3.9475622461034077e-01	   9.2463390238866272e-01	   7.6617302759148309e-01	   1.0089576476817623e+00	   8.4821573798968342e-01	   5.3912555187368316e-01	   6.3309863806338984e-01	   7.6466512229798744e-01	   6.3618010788814372e-01	   4.8752069366287565e-01	   4.5936735134496842e-01	   3.8892252111960307e-01	   3.0599758973786451e-01	   2.5401594226054902e-01	   4.0955007092909279e-01	   4.8425724971272277e-01	   3.4935586908860766e-01	   5.9122276589506395e-01	   7.7873346931169185e-01	   5.3022940207155145e-01	   3.6498651421405809e-01	   4.0882810753780580e-01	   4.5562132352505114e-01	   4.6319425393549807e-01	   3.6932415897626764e-01	   3.8836333236064102e-01	   3.7575705815880844e-01	   5.0075626795877271e-01	   3.6834098044659364e-01	   4.2289581031854856e-01	   4.4055821412996782e-01	   4.1006831397084265e-01	   3.4006907253898216e-01	   4.3810465587372260e-01	   5.0189961212173329e-01	   6.8715077490471721e-01	   4.8194201090069422e-01	   5.3723451394028499e-01	   4.8466923431838410e-01	   3.2221586742001918e-01	   4.7119523123798451e-01	   4.6442403531391846e-01	   3.4074480977816646e-01	   5.8398036036718903e-01	   4.6985478265494485e-01	   4.8210072812342536e-01	   5.6762225264454602e-01	   4.8585790970906112e-01	   5.4667703135844170e-01	   5.2557207868717859e-01	   4.6389473568922546e-01	   3.6776853442650742e-01	   3.1285224326930422e-01	   3.6673565150555348e-01	   3.7180449366116941e-01	   4.2768713816132259e-01	   5.0369225908704252e-01	   3.6235130994059733e-01	   4.0169402816240146e-01	   5.1257516455409491e-01	   5.5080086636964309e-01	   3.0582431839038382e-01	   3.5491904829008492e-01	   2.7769976422464859e-01	   4.0213427624146536e-01	   5.0113057493719104e-01	   5.1322657226204726e-01	   3.1120088190337952e-01	   1.8900519328371579e-01	   2.9751670362210114e-01	   4.1389826524401419e-01	   2.2737071502351400e-01	   8.4733614853435030e-02	   2.4177872350070229e-01	   6.6897305048687017e-02	   3.6089928839788565e-01	   3.3712238519306265e-01	   3.4205482252986164e-01	   5.0555912697809857e-01	   3.4275536568182752e-01	   4.5575389344124551e-01	   1.1083140734337218e-01	   1.6546775542256753e-01	   3.3567518269871544e-01	   2.4304672553297302e-01	   1.9116951523065619e-02	   5.6917290360123149e-02	   2.1823538182467914e-01	   3.2589780570672200e-01	   2.9141390334999590e-01	   2.5858993195599794e-01	   1.3725762191871352e-01	   1.1724594227418439e-01	
   4.4109874832996598e-01	   4.2881264012091214e-01	   5.7666522745230153e-01	   4.1960017473846850e-01	   1.0153053841830360e+00	   0.0000000000000000e+00	   6.1348096269708374e-01	   3.9499517467176393e-01	   9.2925345245043767e-01	   1.2259266345041040e+00	   5.3292259533290653e-01	   5.6776185089000686e-01	   8.0960875929986209e-01	   3.9431942517529828e-01	   7.3901102036003441e-01	   8.5906703288433095e-01	   5.0422445501447033e-01	   7.0239064093785553e-01	   4.2129526853801158e-01	   4.2628341376770201e-01	   1.0037387730255929e+00	   1.1341575948920037e+00	   5.2785949687078282e-01	   3.9802821169282543e-01	   9.7181127313934745e-01	   1.1157026314998479e+00	   1.1758200742290137e+00	   1.2070308871124291e+00	   5.4732983975000704e-01	   6.8717945120444646e-01	   5.5901359045837296e-01	   5.1394186920155083e-01	   3.7397305558481070e-01	   3.6629277228122709e-01	   3.0813722874422939e-01	   2.7319474507357744e-01	   3.1633146473156137e-01	   5.5060402252711427e-01	   5.8683491114807607e-01	   4.9922518998717480e-01	   5.6868592377893556e-01	   8.1299115357283847e-01	   4.2089414549375864e-01	   3.0592697615522524e-01	   5.0458187375520946e-01	   6.3082338130472326e-01	   3.4016026948803002e-01	   3.0096646112074454e-01	   4.7443099730148847e-01	   5.6946198876877518e-01	   4.5045899119769711e-01	   5.3554293861301216e-01	   2.8374766708328070e-01	   3.6565570156351007e-01	   3.3958773757024702e-01	   3.3835902468201884e-01	   4.0095357089018890e-01	   4.0218188664212889e-01	   5.9352415990978380e-01	   4.3545144471971120e-01	   3.1618634696046727e-01	   2.2084080910776929e-01	   2.4201858560375383e-01	   3.3448831187093175e-01	   3.3897896320294557e-01	   3.6955377619165664e-01	   4.8369740876946882e-01	   5.0112530966443503e-01	   3.6547362824020491e-01	   5.3995811768215851e-01	   4.4129314143620441e-01	   5.1414137990372333e-01	   4.4602997277393697e-01	   4.7129114567985853e-01	   2.6888599070369334e-01	   2.2163481527550494e-01	   3.6487637474225798e-01	   3.7582284285230122e-01	   4.8475263678088598e-01	   5.7150916823577491e-01	   3.3535448758294389e-01	   4.8708310117865972e-01	   5.9572864677622583e-01	   7.4165459757316943e-01	   2.4505367898694885e-01	   4.6504762195971405e-01	   5.2151955214558421e-01	   6.3195605648314590e-01	   4.3933599364338671e-01	   6.0715184413594114e-01	   2.6200319334785593e-01	   1.6492917478203048e-01	   3.0598485183453256e-01	   1.5368636294439250e-01	   3.2685943650487348e-01	   1.7027371487822102e-01	   1.7094512210105145e-01	   5.7496549168049839e-02	   2.7900729457146334e-01	   2.5354481201303586e-01	   2.8606337322522507e-01	   3.2239259318320512e-01	   3.6811362326456670e-01	   3.2625047448418343e-01	   5.7081469148602119e-02	   7.1783850711778889e-03	   1.7295931963034430e-01	   8.9478024444297213e-02	  -1.0209909973399389e-01	   8.2482892599749905e-02	   2.2827107095095509e-01	   2.9172959194913844e-01	   1.9018037658575981e-01	   8.7935589815558671e-02	   2.1735415559403629e-02	  -1.1820776001314776e-02	
   1.2343872573061114e+00	   1.0869977844375962e+00	   1.7978765164790536e+00	   1.0989444909565935e+00	   8.5642652540914499e-01	   6.1348096269708374e-01	   0.0000000000000000e+00	   1.1705674717154524e+00	   7.4519976693587187e-01	   5.5205831642818004e-01	   1.1697012670355669e+00	   1.0499862745151194e+00	   1.0551517937355350e+00	   8.8544012451355081e-01	   1.1755256467632154e+00	   7.1779226759981363e-01	   5.6699701403592406e-01	   5.9273545390591875e-01	   1.1530531178978762e+00	   1.1092533401440721e+00	   8.8007940291846110e-01	   5.4759745167304552e-01	   9.7668075987827618e-01	   7.0251333789259984e-01	   7.9305695102487639e-01	   5.6472213037162566e-01	   8.6486886762356141e-01	   6.3898275360739154e-01	   5.5066489252244555e-01	   7.3293719375269528e-01	   1.1662777616552193e+00	   1.0030524928620439e+00	   1.2239063493327347e+00	   1.1993875060795935e+00	   8.6547318010494667e-01	   7.5789588041867240e-01	   3.3097344204956947e-01	   5.8638539872554840e-01	   5.9111127537112140e-01	   6.4370181853856157e-01	   6.9004334513370746e-01	   6.9011003379716540e-01	   7.3943221048596441e-01	   6.8874874126242658e-01	   7.5447750271930825e-01	   7.9545969157775120e-01	   6.7165688184712513e-01	   6.6803070232110850e-01	   7.7460041346092878e-01	   7.1084959456217223e-01	   7.8877531163128189e-01	   9.5207829319633208e-01	   4.7224495754840001e-01	   9.1297884324512069e-01	   7.2511513334853384e-01	   8.0364894982082702e-01	   9.8244363626156517e-01	   9.1721007319594627e-01	   1.3960531914645566e+00	   9.3821663581967696e-01	   1.2259936543826357e+00	   8.5567410721236858e-01	   9.1586732170043961e-01	   9.7729295880253553e-01	   9.0915843959347398e-01	   7.8570061509155698e-01	   1.0977278504088894e+00	   8.3588197391707930e-01	   9.1792211701695259e-01	   9.3651756348260617e-01	   7.9034282471009565e-01	   9.6793562768799579e-01	   8.2358113431692459e-01	   7.0298779861177096e-01	   7.7111641988998403e-01	   6.9569500587296862e-01	   8.4675729883585094e-01	   8.4274414702225142e-01	   6.0360947673285636e-01	   7.9334467026632849e-01	   7.4817346220956082e-01	   9.0703425956716832e-01	   8.2410512486635012e-01	   7.6978664141636122e-01	   7.0806152211125595e-01	   9.0233410073402376e-01	   4.7172127206487718e-01	   8.2688470031019190e-01	   7.8759441454366463e-01	   1.0838948600582976e+00	   6.6888684216123129e-01	   4.6014451575673709e-01	   4.3593208119939708e-01	   6.8791988953852767e-01	   3.2880314386118209e-01	   3.1918958521432678e-01	   6.7365916536362125e-01	   5.4738467094168886e-01	   7.2172726279612964e-01	   6.5516926747806248e-01	   4.7226247198265908e-01	   7.6480653824384337e-01	   6.1266047607207685e-01	   7.6845032709377437e-01	   1.7610838918203547e-01	   3.4542411153146074e-01	   4.0202475452880848e-01	   4.4050875953044044e-01	   3.1524822542769398e-01	   3.8117330343237510e-01	   6.9601799434770639e-01	   6.5222943299999436e-01	   4.2418665297023272e-01	   5.8049292483613224e-01	   5.2437052805701079e-01	   9.5038764259550174e-03	
   1.2772678640601975e+00	   1.4095247805620579e+00	   1.3785633380527185e+00	   1.8734232809331663e+00	   5.6735370569233723e-01	   3.9499517467176393e-01	   1.1705674717154524e+00	   0.0000000000000000e+00	   3.8337121955015663e-01	   3.6772495125607507e-01	   7.2028407871736366e-01	   1.1101146569100460e+00	   5.7779271159122159e-01	   1.3556685466505747e+00	   6.9875573394167534e-01	   6.4647174645110128e-01	   4.6405679995702676e-01	   5.9005983662301298e-01	   9.8386026402387738e-01	   1.1606208125118056e+00	   5.8465970514290222e-01	   3.7585343705630092e-01	   1.2385496657806925e+00	   1.2249967570603089e+00	   7.0316482390389534e-01	   6.2345309698091222e-01	   7.1677850653052155e-01	   6.0769358088101355e-01	   2.6169831291917500e-01	   5.0762768029371463e-01	   9.4409238787121907e-01	   1.2924114741404276e+00	   1.0350626991130347e+00	   1.2373413515112033e+00	   8.6800216889821957e-01	   9.3752300514388931e-01	   3.9610806245455421e-01	   6.7183736705211727e-01	   6.1224142204885501e-01	   7.0814101142417774e-01	   6.0187994775911480e-01	   6.2750352254380859e-01	   7.5170776898419278e-01	   6.4916792028509163e-01	   6.2405697914628599e-01	   6.0612106312561542e-01	   8.7415195792207090e-01	   7.7189223263619033e-01	   5.9997085983788911e-01	   5.9065963840977809e-01	   6.6284873612576600e-01	   7.6563787015263807e-01	   7.8182686223403497e-01	   8.5843815083124642e-01	   9.4207949407040137e-01	   8.7525679126212241e-01	   1.1871107806047883e+00	   1.1048948083486025e+00	   1.1944172557659627e+00	   1.3610445773164337e+00	   9.1176956721579716e-01	   8.4060021330303203e-01	   8.4517971987757290e-01	   9.2355547250904069e-01	   4.8059163357800416e-01	   7.7057602310668105e-01	   1.0858889384394637e+00	   9.9003779096498268e-01	   1.2507677057431206e+00	   1.2172427353172486e+00	   5.1892161195749775e-01	   8.7715510058286006e-01	   5.5910486857040875e-01	   5.5322830600027517e-01	   6.4340432212500243e-01	   6.1917360050580761e-01	   8.6543592390350188e-01	   9.4997430818156559e-01	   5.0333521378866752e-01	   7.2037776971397616e-01	   7.8622407824118945e-01	   9.9600430408023155e-01	   5.6988814432861834e-01	   6.2950183287482531e-01	   7.9332869034534770e-01	   9.8011573513725647e-01	   2.4847928343393338e-01	   8.3139725231002948e-01	   8.5702621267333645e-01	   1.0504517772980140e+00	   8.0396783837110908e-01	   3.7465062868844357e-01	   7.0540698413481873e-01	   7.5118871923743213e-01	   2.8271465672503859e-01	   2.2880618702077113e-01	   8.0880514565368689e-01	   5.4452658347609684e-01	   9.4489934700529321e-01	   8.8153740597563091e-01	   7.2409350624823432e-01	   9.6264878908622042e-01	   8.1988037969451755e-01	   9.9968904145666926e-01	   5.2599439242291179e-01	   6.4486594907855510e-01	   8.2157068070179085e-01	   7.3937058506914055e-01	   2.8567271137366285e-01	   3.7087892782351267e-01	   7.9993177394294002e-01	   8.5345729627192368e-01	   5.1633596941052884e-01	   8.6995864941055256e-01	   7.8400065532159113e-01	   9.0415164195885356e-02	
   3.5885081050466988e-01	   3.7940098796083332e-01	   6.2095187456482082e-01	   3.1166185825263210e-01	   1.6541773342338384e+00	   9.2925345245043767e-01	   7.4519976693587187e-01	   3.8337121955015663e-01	   0.0000000000000000e+00	   1.1006322999134286e+00	   5.2885202256673514e-01	   4.8299247362758219e-01	   8.2714853895970786e-01	   3.6895870490384625e-01	   1.0496057852066769e+00	   8.3726408176106315e-01	   3.5334072021791174e-01	   3.5723689240506157e-01	   3.2748897650577241e-01	   3.1561850841635608e-01	   9.0846307368152746e-01	   8.0154858294320219e-01	   4.3628419074931707e-01	   2.4320704489748776e-01	   8.5935769624546632e-01	   6.6275957240962491e-01	   8.5816291465493522e-01	   7.4444275443144836e-01	   6.0991330452338910e-01	   5.7193290015162868e-01	   5.8255419047358203e-01	   4.3839149973217778e-01	   3.9288560716922055e-01	   3.4607752471309911e-01	   3.5792520519767457e-01	   2.8195372604958219e-01	   2.6552128490227367e-01	   3.5478313767670921e-01	   4.6761452726749619e-01	   2.7016010113191602e-01	   5.5765451601194393e-01	   7.1399082951018111e-01	   4.9188629562705849e-01	   3.6269765293549067e-01	   4.1475294083519892e-01	   4.4947422491266886e-01	   3.7908119230393372e-01	   3.1873269738685817e-01	   3.9159746570144871e-01	   3.6215117449095208e-01	   4.8433708275500720e-01	   3.4864360826907737e-01	   3.2671461561895143e-01	   3.9520438098884159e-01	   3.3075045536647418e-01	   2.6365142146164428e-01	   3.1644558565435854e-01	   3.9100935480140081e-01	   6.0013942053507441e-01	   3.9291971747792082e-01	   4.8583911285158443e-01	   4.2154697765302362e-01	   2.7934987249603060e-01	   3.8770395664984558e-01	   4.8471710408934243e-01	   3.1617230737151025e-01	   4.9046657234724417e-01	   3.7778058152136029e-01	   3.6049380311691998e-01	   4.4615435309175089e-01	   4.9413901159239382e-01	   4.4073621530299317e-01	   5.2283620862825386e-01	   4.4763961073358222e-01	   3.3487551090074452e-01	   2.5522074214901869e-01	   3.2691434950374210e-01	   2.9154911131501904e-01	   4.3488333646028965e-01	   4.3038073119711684e-01	   3.2528861749691806e-01	   3.1738145142516772e-01	   5.4852589079687442e-01	   5.3243012398086509e-01	   2.9563874789115197e-01	   3.1484171264451882e-01	   3.5998640627512385e-01	   3.3284686811647335e-01	   4.9188552972433353e-01	   4.5603143704904603e-01	   2.5140654065153623e-01	   2.2065933812033525e-01	   1.7741956372774850e-01	   2.7689519391425671e-01	   2.4334187439521185e-01	   1.1118468899890020e-01	   1.9486642158145193e-01	   3.3300552153040473e-02	   2.8591200524180643e-01	   2.3172562873105679e-01	   1.5493496927221839e-01	   3.1630570440788336e-01	   1.8680777634463780e-01	   2.5265152937405755e-01	  -5.7086798792507859e-02	  -2.0081673353416627e-02	   1.8955214253338842e-01	   7.2231662977388963e-02	  -4.6952258573632326e-02	   1.0859036104349180e-01	   2.0019178362456128e-01	   2.3401432878969283e-01	   2.2888850328899821e-01	   9.5879006517392271e-02	   4.3568723780175608e-02	   4.9384310944052837e-02	
   3.2159400455870202e-01	   3.5288766451167225e-01	   5.2799518829469150e-01	   3.7818763748449330e-01	   1.0231704359678899e+00	   1.2259266345041040e+00	   5.5205831642818004e-01	   3.6772495125607507e-01	   1.1006322999134286e+00	   0.0000000000000000e+00	   3.7491963950391083e-01	   3.8325695072355620e-01	   5.8847364935629543e-01	   3.0098033690052839e-01	   6.7299541142063568e-01	   7.3707717885857460e-01	   3.7776243500010864e-01	   4.7721627785377985e-01	   2.7428406719987902e-01	   3.1545050606525138e-01	   7.1079578739255322e-01	   7.6839543669923027e-01	   5.1559498034011508e-01	   3.9295814818361030e-01	   8.4438737826266741e-01	   8.0172284697563612e-01	   8.5280117564428604e-01	   7.4775238262131982e-01	   3.5763376217613940e-01	   4.4854362963849215e-01	   4.1338765027371405e-01	   4.2198107124650197e-01	   3.1266043305217722e-01	   2.8664680287226663e-01	   3.8394984881790789e-01	   3.9330628501269227e-01	   2.9547718441077858e-01	   4.3895540295468288e-01	   5.1138312638727657e-01	   2.9503996165895086e-01	   4.3224012653962768e-01	   6.6169121185371405e-01	   5.8092289932217633e-01	   4.1674714104164895e-01	   6.2180664854190770e-01	   6.5362533781617715e-01	   4.2973810485853625e-01	   4.0480054488092776e-01	   5.2466364186456282e-01	   5.9358647212729343e-01	   4.5909280870667929e-01	   4.7696731671316650e-01	   3.3764751950071020e-01	   3.4434773175549055e-01	   2.9960931650717310e-01	   3.2870407015583564e-01	   3.2847349711344437e-01	   3.6527157654194142e-01	   5.4682698212457659e-01	   4.8908912029487095e-01	   3.2890811106034079e-01	   2.4712677849693110e-01	   2.3986572555496002e-01	   3.2721275685105650e-01	   3.2240138354175812e-01	   3.5811317354680405e-01	   5.8229100167979198e-01	   6.2339298352574068e-01	   3.7971383956143528e-01	   5.6295363355475847e-01	   1.8249640453189736e-01	   2.8553545111148115e-01	   2.7154685831565861e-01	   2.9933667552758936e-01	   1.3584638038982100e-01	   7.1629783948791770e-02	   2.7658237518456441e-01	   2.4792220993193773e-01	   4.1668955522781070e-01	   4.5441631454718395e-01	   2.9692793277060331e-01	   3.9538585201235160e-01	   4.6221882489777288e-01	   5.5588376894436164e-01	   2.6900624474041490e-01	   3.9597904050117189e-01	   5.0850912591558151e-01	   3.6096723188998764e-01	   5.0034256829958568e-01	   5.7399737985739141e-01	   3.8665452497369640e-01	   3.7028039039562993e-01	   3.5852893736500846e-01	   1.6024600452573387e-01	   2.9772221104522778e-01	   1.4841201092492692e-01	   1.7665706482763807e-01	   8.1314435875337682e-02	   3.7721401339797805e-01	   3.2549784544300120e-01	   1.0736392987985791e-01	   2.0010951566057342e-01	   2.6795348144243458e-01	   2.4622106715498226e-01	   1.0147732523957914e-01	   4.1905131425036886e-02	   2.0782233469950182e-01	  -2.2751158073098927e-02	  -1.2726596051335592e-01	   9.8102839335369785e-02	   2.5003300133411466e-01	   3.5913965633322087e-01	   4.2614903569897233e-01	   9.8207005026601277e-02	   7.1001009248952598e-02	   6.0489012350481430e-02	
   1.1479293462347215e+00	   9.4875270997293515e-01	   9.9325652104971995e-01	   7.2876436370216879e-01	   5.5278083380210208e-01	   5.3292259533290653e-01	   1.1697012670355669e+00	   7.2028407871736366e-01	   5.2885202256673514e-01	   3.7491963950391083e-01	   0.0000000000000000e+00	   1.0294074352941776e+00	   1.2628391478184087e+00	   7.4193219751960160e-01	   1.1123543462496839e+00	   6.6260640937858073e-01	   1.0475811077378578e+00	   7.7907256060090024e-01	   1.0856714504345015e+00	   8.9799150358956992e-01	   8.7580919613903907e-01	   4.9873016678037213e-01	   6.8253387296371537e-01	   4.6098016127954988e-01	   6.1908346454957230e-01	   4.8297041331527657e-01	   6.7778418635543103e-01	   4.8881431391761082e-01	   9.5983551203064288e-01	   1.0086601935684871e+00	   1.1180329834466305e+00	   8.5406230902021751e-01	   1.2261333564562586e+00	   1.1633340516158541e+00	   7.2484576030228820e-01	   5.9600341611793961e-01	   4.6034566564802032e-01	   6.1145757918788735e-01	   7.7748181400839422e-01	   7.5597862001289906e-01	   8.0333913317629801e-01	   7.0710510620674727e-01	   7.1223138711396183e-01	   7.8439044913995426e-01	   7.8885174946361469e-01	   9.1627984816869756e-01	   6.2598027216066010e-01	   5.9012490902560555e-01	   8.9703908068269600e-01	   7.3787993781123573e-01	   9.3422853565495068e-01	   1.0778845037877953e+00	   4.1150390999764747e-01	   8.4932540634116926e-01	   6.7825570094001786e-01	   6.9259963638608490e-01	   9.7557544640343574e-01	   8.4696535343436341e-01	   8.4464018857406176e-01	   6.4117533234809720e-01	   1.0397256211124923e+00	   6.9351720842582865e-01	   1.1206235759871768e+00	   1.0250487168585496e+00	   1.1519469357274805e+00	   7.3085314743055096e-01	   8.0349235806772989e-01	   6.0496894871233953e-01	   6.0197319804030425e-01	   6.1414000843376848e-01	   1.0690590442486325e+00	   8.5920130045097021e-01	   1.2157120628881588e+00	   7.8373174062604767e-01	   1.0399357030168590e+00	   8.0104895016619670e-01	   1.0473688585488150e+00	   9.1894829739034756e-01	   9.2353930407649509e-01	   8.8836062159321261e-01	   9.9165666473107861e-01	   9.8266862273161160e-01	   1.1100437081356858e+00	   8.2480837872948332e-01	   8.2285195455160198e-01	   9.4731949964099749e-01	   6.4741507766522588e-01	   9.4266033828506557e-01	   6.6768078923198559e-01	   8.7969573820422409e-01	   4.4913922507088655e-01	   2.5904348870305699e-01	   1.7038240945559369e-01	   3.9356736771070810e-01	   3.7482705924590387e-01	   2.6748896396918870e-01	   5.9362765655139871e-01	   4.9398431596087311e-01	   5.5226627539535333e-01	   4.5965705148583275e-01	   3.6787047449878635e-01	   5.1518508478794978e-01	   5.5319068242104597e-01	   5.0081713259367133e-01	  -2.9940784846458370e-02	   6.9394057867903494e-02	   2.2475539634840358e-01	   2.6560551333041704e-01	   1.9326613233057702e-01	   3.6069921057916832e-01	   6.4237149193446730e-01	   5.2472891844654856e-01	   2.4418339544248741e-01	   3.8932791761162133e-01	   3.3914035620033006e-01	  -1.4056846567854109e-01	
   1.1058192034992944e+00	   1.1001918892517879e+00	   9.9569911560407154e-01	   9.1672142827955783e-01	   6.5366037922732001e-01	   5.6776185089000686e-01	   1.0499862745151194e+00	   1.1101146569100460e+00	   4.8299247362758219e-01	   3.8325695072355620e-01	   1.0294074352941776e+00	   0.0000000000000000e+00	   9.0109406223208532e-01	   1.3952428428833792e+00	   7.6923977570821900e-01	   8.2523700288284185e-01	   5.8110691106059609e-01	   1.0059073896360773e+00	   8.9496335172155783e-01	   8.7748886847003416e-01	   8.8992111039929811e-01	   6.4977548865915946e-01	   9.0932679116045889e-01	   7.3901796426888777e-01	   7.4999685739856847e-01	   7.0953019640267079e-01	   7.5743288039067858e-01	   6.8432633881430915e-01	   5.2325750774268009e-01	   1.0619189453599791e+00	   1.3546472125654043e+00	   1.3883059580580774e+00	   9.8767141570053607e-01	   1.0529510531774320e+00	   4.6828699862183887e-01	   4.6527642825120574e-01	   2.2019987794285545e-01	   6.6372995117386258e-01	   5.2796819742706491e-01	   7.1571339830808800e-01	   6.2586942627209152e-01	   8.4070960972211473e-01	   5.6390256994739030e-01	   5.8861562241797127e-01	   4.8735746704030580e-01	   6.3545788215223598e-01	   6.0263456596723586e-01	   5.5351723941944864e-01	   5.2786848364263850e-01	   5.0769191607701436e-01	   5.3873608514707993e-01	   7.2655099289094816e-01	   5.0168854840082522e-01	   7.9705059615601037e-01	   5.7356882260909803e-01	   6.3281682713022724e-01	   9.5885827415687930e-01	   8.8778408014868604e-01	   8.1114783471931251e-01	   7.0926179845052351e-01	   7.3843952674063684e-01	   6.0984806608600672e-01	   6.5413555431603532e-01	   8.6672280768696619e-01	   4.9550323240381000e-01	   5.3680856538820154e-01	   6.7422508772056144e-01	   5.8560430070641356e-01	   6.9528704149820653e-01	   7.1385775723618272e-01	   8.8519548010107518e-01	   1.2533748819465265e+00	   8.3825052658724275e-01	   9.6818474424207812e-01	   8.2725796273464902e-01	   9.1213100631700117e-01	   7.8207661509831550e-01	   8.9865711171003992e-01	   5.4347423759356595e-01	   8.1397391685049070e-01	   6.2232182824105287e-01	   9.8104338887321596e-01	   6.0633216102761034e-01	   7.3998172606475054e-01	   4.8854723248757942e-01	   8.0078277278128196e-01	   2.8705485007852272e-01	   8.5720571794929978e-01	   5.0071277520769497e-01	   7.3640061696985826e-01	   4.1278693785037301e-01	   1.2578032190589039e-01	   3.4048848900197942e-01	   5.0223540486517315e-01	   2.4428128760773360e-01	   8.1523854666868303e-02	   4.1435886248656018e-01	   3.2885052629532385e-01	   5.1971134683982834e-01	   5.4015512623097262e-01	   6.4081278636163019e-01	   7.0890788593958409e-01	   7.3903380860241286e-01	   7.2285071121204481e-01	   2.0783411298846846e-01	   3.0968415324274762e-01	   5.2818632772435936e-01	   4.5447201275983584e-01	   9.9473374591412519e-02	   1.8935417281615724e-01	   4.8178772230303191e-01	   5.6327272681885798e-01	   2.6450756413033683e-01	   5.2718956475471579e-01	   3.8491247616822044e-01	  -1.0548167305822344e-01	
   7.2767537974331498e-01	   6.2930781198200902e-01	   8.7775050101839525e-01	   5.5313088466408034e-01	   8.7686442069458970e-01	   8.0960875929986209e-01	   1.0551517937355350e+00	   5.7779271159122159e-01	   8.2714853895970786e-01	   5.8847364935629543e-01	   1.2628391478184087e+00	   9.0109406223208532e-01	   0.0000000000000000e+00	   6.1287319812321517e-01	   1.3041799456396377e+00	   9.0480957323613920e-01	   7.8024750186542635e-01	   7.2956094020543538e-01	   6.8448143510514980e-01	   6.1068228535648628e-01	   1.1956590998620125e+00	   8.3986640761193820e-01	   7.2170083897606008e-01	   4.5135305508029600e-01	   8.7514191146390197e-01	   7.1070289706886691e-01	   1.0567637900240945e+00	   8.0249373881391661e-01	   9.2681404337782969e-01	   9.9432311305562693e-01	   1.0383473395154361e+00	   7.9549392778698769e-01	   7.5199020744575906e-01	   7.1958982127512761e-01	   5.7817092047761687e-01	   4.3844523532947338e-01	   3.3184617988478454e-01	   5.5221446578967459e-01	   6.2589468089872968e-01	   6.1934999180619621e-01	   6.8612848096640777e-01	   8.3269966825142228e-01	   5.2711875599932512e-01	   5.1677105161521464e-01	   5.6857631826926758e-01	   7.2588172289172981e-01	   4.4463814404585422e-01	   4.2658000648188765e-01	   6.0758539828619706e-01	   6.4355168431469356e-01	   6.5170461859072149e-01	   8.3777044093311592e-01	   2.7914132261289182e-01	   6.0394267962884141e-01	   4.5233007356707250e-01	   5.0510259564858084e-01	   6.1340910683383321e-01	   5.4354023720131894e-01	   7.7829745042498810e-01	   5.0772709054902643e-01	   6.5087158270196865e-01	   5.0804982559645095e-01	   5.9553705362749010e-01	   6.1745564190883906e-01	   8.9961925520438246e-01	   6.5499095698601117e-01	   6.0839258286772002e-01	   4.8424427826399730e-01	   3.8167595070993171e-01	   4.7085631588240889e-01	   1.0207509052126702e+00	   8.4911702316509152e-01	   1.0533000616403563e+00	   7.5195013141584410e-01	   7.5786361047470785e-01	   6.2345280782654722e-01	   7.4185733070290238e-01	   6.6026363093852214e-01	   8.0010202203831993e-01	   7.8857041298265462e-01	   6.5352826707191647e-01	   6.6552238860911506e-01	   9.1146353655212842e-01	   7.6560291808524628e-01	   5.3436442611516033e-01	   6.4481814482583022e-01	   4.5683597250410213e-01	   7.1706826896441489e-01	   4.3639461693274639e-01	   6.7210336094940426e-01	   2.4426776397460181e-01	   1.3338340427434567e-01	   1.1808211274178207e-01	   2.7852736326540950e-01	   2.4404565085537194e-01	   1.2987876819441196e-01	   3.2172744411314319e-01	   2.1219057039855319e-01	   3.2403351379314504e-01	   3.3992931186811576e-01	   3.0100328779816127e-01	   3.7796714725333269e-01	   3.9580485753851635e-01	   3.3897216129299335e-01	  -5.7823177075253515e-02	   1.3075239217115698e-02	   1.3463764182806093e-01	   1.8532600519387260e-01	  -6.0545695078209519e-02	   8.9710597802371228e-02	   3.7544586469705499e-01	   3.3261823266496793e-01	   1.4227450246670806e-01	   1.6472390352895577e-01	   1.0903878217637103e-01	  -1.6594968668296781e-01	
