   0.0000000000000000e+00	   1.3473009558049589e+00	   1.0221724903085030e+00	   9.1447722272832110e-01	   4.2189384425590576e-01	   5.5991925657626151e-01	   7.5571475282285572e-01	   8.7894185205497899e-01	   5.7070368004408301e-01	   4.7791562405960997e-01	   8.3913662551642132e-01	   7.1083947508577738e-01	   6.8515335712442982e-01	   6.1559430950146021e-01	   7.6228575671663745e-01	   6.5562486927806329e-01	   8.3306469591439913e-01	   6.6976743765159885e-01	   1.3240852610914944e+00	   1.1585447405572311e+00	   6.0357917193919564e-01	   1.3929187294199463e-01	   6.9552399497131723e-01	   6.4341047657224237e-01	   7.8292803670992051e-01	   6.9242293395800536e-01	   6.8016872804209316e-01	   5.2996298392683150e-01	   7.0596228791425963e-01	   3.3450877752213709e-01	   7.5974959657652819e-01	   6.2490163934532539e-01	   1.1638403176824423e+00	   1.1358737331697755e+00	   6.6941781435488790e-01	   6.0838385581716903e-01	   7.6097157361126144e-01	   6.8545230501840371e-01	   8.0179843834310494e-01	   8.8513581150989240e-01	   6.9099657457995955e-01	   8.1212156790337897e-01	   7.8690164635675830e-01	   7.5796854230843191e-01	   5.4849916531851983e-01	   5.2457674632370788e-01	   7.6352410205142363e-01	   8.2381940145572474e-01	   6.2253488223537867e-01	   4.6081762968818218e-01	   7.2408038297369015e-01	   6.6120239010759430e-01	   9.0635964498132771e-01	   6.2325143307837272e-01	   9.6217776372009256e-01	   9.1221330152041313e-01	   1.2118027105837741e+00	   1.2463132620196526e+00	   1.2306456139850614e+00	   9.3681189672502663e-01	   9.8561529213304133e-01	   4.5512568370090611e-01	   9.8262459082755393e-01	   7.8919669845661355e-01	   5.6101085540361895e-01	   5.5663182842398151e-01	   8.8934317343782632e-01	   8.6309788838768031e-01	   8.3200826396381000e-01	   8.7215147841227314e-01	   8.3154249405191039e-01	   5.8084472217928007e-01	   9.5707140225495435e-01	   7.2076776975614598e-01	   8.3233230265292257e-01	   6.2455305246487336e-01	   1.3496929230114063e+00	   9.2083811107960944e-01	   6.1678971203089172e-01	   7.2157639209840829e-01	   9.4330326010790888e-01	   7.4818062178615818e-01	   9.9020607893555679e-01	   9.1383176317116532e-01	   8.0235699849109787e-01	   6.9042281888087853e-01	   8.9745954467042144e-01	   6.0132738967982369e-01	   1.1079562303290411e+00	   1.0301245293763415e+00	   8.5082043717846390e-01	   5.8212034723604766e-01	   7.1427814910774123e-01	   7.4976808749309076e-01	   2.1336579979023308e-02	   2.1371013775045949e-01	   9.1763130057864384e-01	   1.1131322328220039e+00	   9.6204235771299962e-01	   7.8211808124279525e-01	   1.0375874804017846e+00	   8.6308880321282311e-01	   7.6776421638073533e-01	   9.6010827999570336e-01	   5.1788682426192123e-01	   3.9241786873164197e-01	   6.3519727086713096e-01	   6.4958342095234911e-01	   3.1115316799837905e-01	   4.2966008956050894e-01	   6.0130551883713401e-01	   9.7949210752863791e-01	   5.2740402025654365e-01	   9.1126412175101490e-01	   6.0459858933969624e-01	  -3.5752351949358285e-01	
   1.3473009558049589e+00	   0.0000000000000000e+00	   6.7981463230049533e-01	   7.5072643850430598e-01	   2.6080676876208669e-01	   3.7528600949783675e-01	   4.9643927479347816e-01	   6.3374635649655553e-01	   4.1562960285326533e-01	   3.1820184145142238e-01	   5.4344735736878580e-01	   6.1271813199619118e-01	   4.5506163791034243e-01	   4.7964575375653601e-01	   5.9772982446685874e-01	   5.6460246826105587e-01	   6.9050428236975525e-01	   7.3321855541592806e-01	   1.2115467859532998e+00	   1.2964910310904156e+00	   5.2913682429730047e-01	   1.2482328080080074e-01	   5.0242081777770498e-01	   5.1032805533083647e-01	   5.1858064746733123e-01	   4.1613041356468372e-01	   4.9011844222345946e-01	   4.0261897618928688e-01	   5.9295640758984114e-01	   3.5006025910089100e-01	   5.2911132378232117e-01	   4.3836457819277336e-01	   9.0677356620334437e-01	   9.1588924560630947e-01	   4.0558281856563483e-01	   3.5960908490061227e-01	   6.5944938506576567e-01	   6.4969367920707610e-01	   7.7546600493727891e-01	   7.2205037849654363e-01	   7.5892534300626946e-01	   8.2165799974438136e-01	   9.3025263487007126e-01	   9.0560018171697676e-01	   6.7697659484563166e-01	   6.6791878402398430e-01	   1.0011899383573064e+00	   1.0255395970666239e+00	   6.5408496376412617e-01	   4.6841371447050217e-01	   6.9721430617440860e-01	   5.9388531768155950e-01	   8.3285939743955839e-01	   6.1838280225469267e-01	   8.8128647142094241e-01	   9.5370674644922337e-01	   1.3334874938304540e+00	   1.5677006948419436e+00	   1.0180931597053651e+00	   8.3372414186091715e-01	   7.8739724025251479e-01	   4.0880618126429813e-01	   8.0512790746025853e-01	   8.5407928358049445e-01	   3.5899245741767805e-01	   3.0420674997571967e-01	   6.8963481645802660e-01	   6.9097369828611133e-01	   7.3008741932888532e-01	   8.3996543453817984e-01	   5.9244824762009018e-01	   4.9034466980291336e-01	   8.2935287969087712e-01	   6.5774797362475979e-01	   7.5039698552110212e-01	   7.0719607575081367e-01	   1.1020129650702604e+00	   9.6197109036929007e-01	   3.8733537138059521e-01	   6.1656156926610639e-01	   7.1136647968335687e-01	   6.0889564295596610e-01	   9.3028317162882512e-01	   9.4012881124543746e-01	   6.0795286846862506e-01	   5.5141075872829703e-01	   9.8979516588595318e-01	   5.7322494509287880e-01	   7.7652821875049860e-01	   8.2488130774851598e-01	   9.6973871920590826e-01	   5.4846159625508473e-01	   6.0546400275434409e-01	   6.2083336782523535e-01	   1.4644090878052271e-01	   2.3573660450344625e-01	   1.0801737479899756e+00	   1.0755407526064522e+00	   1.3043688980040569e+00	   1.0497943154975564e+00	   9.1269628421714089e-01	   8.6258234825668789e-01	   9.1967445333910458e-01	   1.0092265352094962e+00	   4.6325117855614428e-01	   3.9746124048716130e-01	   6.2601318355908087e-01	   6.4550029125500241e-01	   1.9133952682749505e-01	   5.0238768109358656e-01	   7.9318515812218759e-01	   1.0776942559801208e+00	   8.0674902526373338e-01	   1.0064131637913973e+00	   5.0143416203127145e-01	  -4.0881867771715841e-01	
   1.0221724903085030e+00	   6.7981463230049533e-01	   0.0000000000000000e+00	   1.4630873191605729e+00	   5.5117194347838394e-01	   9.1176548647692879e-01	   1.4219086518924502e+00	   1.3960052421629934e+00	   8.0622975113232009e-01	   8.3369266731316061e-01	   1.0617546947215224e+00	   8.5563575976818806e-01	   9.5320131856515744e-01	   9.1834628904222626e-01	   1.0731592071694491e+00	   8.9641992695841777e-01	   6.2369226827887470e-01	   3.9997858448343576e-01	   1.0271955698310680e+00	   7.2002759499822244e-01	   4.4095521136253912e-01	   6.1400868181080745e-02	   1.5048094218660188e+00	   1.2276753959632376e+00	   8.5071174424596263e-01	   9.4082631869088484e-01	   6.1951159863395699e-01	   5.6417207201656216e-01	   7.4620829671762934e-01	   3.6514374974407676e-01	   1.3863178911381904e+00	   1.2047109162796978e+00	   1.3248013316774190e+00	   1.3332930648487289e+00	   1.2293707736835551e+00	   1.1071006692630292e+00	   6.3349046778572526e-01	   5.6213098907568404e-01	   5.9377571643732330e-01	   7.5011390032393632e-01	   4.3369068904769625e-01	   6.4845087164320214e-01	   6.9568486140323593e-01	   6.6651700877097253e-01	   5.7992180438598873e-01	   5.7416922149834337e-01	   5.6436174686092455e-01	   6.3802684298886225e-01	   6.5565802914831750e-01	   6.4007919547446601e-01	   7.6390989557236810e-01	   7.9618355659242079e-01	   7.7458375560684112e-01	   4.6411080812460881e-01	   8.1314095370918082e-01	   7.0686234032193707e-01	   4.6522482805614507e-01	   5.9231966538340819e-01	   1.0056946465222125e+00	   8.2181753723092021e-01	   1.2407590630785936e+00	   6.5470027605849701e-01	   9.4183641173411081e-01	   5.4516489096750242e-01	   1.2958046039784004e+00	   9.3494196006004038e-01	   1.0750867615380069e+00	   1.0705326465637151e+00	   6.5825391778959508e-01	   7.0226851049267169e-01	   1.2126412320635129e+00	   1.0044491661278123e+00	   9.1093979680512505e-01	   8.8337429562954317e-01	   9.6194152426378510e-01	   6.1052121180966989e-01	   1.1030654561479640e+00	   7.7826469202802406e-01	   6.2931375051740424e-01	   6.8741224102433540e-01	   8.4622885382322022e-01	   8.1358516348591114e-01	   9.6003228477882385e-01	   7.8406573532437296e-01	   1.0872568880845885e+00	   9.0585880124886353e-01	   6.3479028868460641e-01	   5.6294382843050805e-01	   1.4245219599716554e+00	   1.1080795462085009e+00	   7.8848286194423900e-01	   6.5548421407795143e-01	   9.5642393346433252e-01	   9.5138288136055582e-01	  -2.0772904400453560e-01	  -1.5413660964209869e-02	   5.1580540967892718e-01	   6.6114975857291525e-01	   5.7475986731785977e-01	   4.5342050815752499e-01	   7.9466655949607579e-01	   7.9198350625611824e-01	   4.2293826941273654e-01	   5.4059810979365086e-01	   3.9477195925223796e-01	   2.3580805674140590e-01	   4.3739637759044464e-01	   6.3556840878436227e-01	   3.0951929776876169e-01	   2.2764279882660615e-01	   3.5987790482540449e-01	   7.1320432919448495e-01	   3.9516713650654611e-01	   6.6162680507063687e-01	   5.0232938787788339e-01	  -3.5031294529293155e-01	
   9.1447722272832110e-01	   7.5072643850430598e-01	   1.4630873191605729e+00	   0.0000000000000000e+00	   2.8843841574437340e-01	   8.5325387658231500e-01	   1.1353584788428197e+00	   1.6164379472663681e+00	   6.0102084983601423e-01	   7.9389198582343989e-01	   7.9753683823522992e-01	   9.0716398460555392e-01	   7.4769416698253954e-01	   9.5730196689674940e-01	   7.9840770563288421e-01	   1.0294321028937019e+00	   5.1095841813759446e-01	   4.2389968055454891e-01	   9.2590967982516070e-01	   7.5888620495428105e-01	   3.9429780878401188e-01	   7.0942685872877442e-02	   1.0641003711906287e+00	   1.3205879181582634e+00	   5.8938864494739018e-01	   7.1860323526027170e-01	   4.1459962375702691e-01	   3.9080627095853576e-01	   6.6754187305814183e-01	   4.2866085593838626e-01	   1.1123559467470201e+00	   1.2118935275807345e+00	   1.0674373473325154e+00	   1.1666607375034355e+00	   8.3468304202902199e-01	   8.7573049289245031e-01	   7.0564938464516958e-01	   6.5323361976403549e-01	   5.6119669951105755e-01	   7.7077716316332345e-01	   5.1722895946548864e-01	   7.5556011033069437e-01	   7.3492270248325309e-01	   6.6094721351119734e-01	   5.6653194206167345e-01	   5.7748835532388676e-01	   6.2495010799105088e-01	   6.5843089640922270e-01	   6.3542692623947850e-01	   5.7601263810312631e-01	   7.8221951457762340e-01	   7.2192125438565768e-01	   8.9787112610693465e-01	   4.2476866294214977e-01	   8.0384040386971389e-01	   7.5995588802886171e-01	   4.7580577593420381e-01	   6.1237903046581477e-01	   8.3702457606707670e-01	   8.1075983894642134e-01	   1.1215036695739922e+00	   6.3018204849444637e-01	   8.4301024303561822e-01	   5.8281655807090182e-01	   9.4007807123218246e-01	   7.5011997886878734e-01	   9.1152515666369960e-01	   1.0051464665797005e+00	   4.9325352274426015e-01	   6.3991386937463401e-01	   9.6455666723047195e-01	   9.7650595039872790e-01	   8.2140103753138050e-01	   1.0927264684054305e+00	   8.7080225563294900e-01	   6.5524796429415266e-01	   9.5525115953494932e-01	   8.5895949220684509e-01	   4.6426436982727559e-01	   6.0295552417160980e-01	   7.3493112934908134e-01	   7.4434018454584661e-01	   9.1305015308690762e-01	   9.3053877654246875e-01	   1.0240342324944367e+00	   8.6661574504890471e-01	   6.8410635979641665e-01	   5.2514946290906261e-01	   1.2892129268942405e+00	   1.1228107365844846e+00	   8.5157115999019606e-01	   6.6806273528270199e-01	   9.6645345079440814e-01	   7.9306271220831115e-01	  -9.3079027611197268e-02	   1.2494392020115845e-01	   5.5104810715752706e-01	   7.0616674484643649e-01	   6.9170732507435906e-01	   6.0352565206087239e-01	   9.8841790582421529e-01	   7.9134285144980954e-01	   6.0137759975076888e-01	   6.1207186715977591e-01	   5.7395697991686667e-01	   3.2823303370676249e-01	   5.7434109259637700e-01	   7.6781328454896958e-01	   2.8678397236715092e-01	   3.6136231963343884e-01	   4.4539484538448776e-01	   8.1594009328033557e-01	   5.5601244625047963e-01	   6.8750865551323193e-01	   5.0501666399254641e-01	  -2.7301659877120910e-01	
   4.2189384425590576e-01	   2.6080676876208669e-01	   5.5117194347838394e-01	   2.8843841574437340e-01	   0.0000000000000000e+00	   8.1333472153536412e-01	   6.4611340128439343e-01	   4.8752798804127873e-01	   1.2941545160621921e+00	   7.6669389175399472e-01	   7.6015371892547845e-01	   4.4119270917466230e-01	   5.9103068962657956e-01	   3.7277484806237554e-01	   8.4365245999308913e-01	   2.4139874954209237e-01	   4.4346919940946361e-01	   3.1716922119341229e-01	   4.7375747861578577e-01	   3.5951796931297808e-01	   3.5132068168083580e-01	   9.7103108702164348e-02	   4.4544988984653644e-01	   2.9339937812788730e-01	   6.9868600398012604e-01	   6.4047439700776199e-01	   6.9184464425457115e-01	   5.2300817113154197e-01	   5.4584880138351233e-01	   2.4200451640748705e-01	   4.5362804176263094e-01	   3.1787138064183601e-01	   6.3137027221070918e-01	   5.1704935446589639e-01	   7.3320681202366378e-01	   6.7614947049115148e-01	   2.2827015669586564e-01	   2.6599146051134803e-01	   3.1807144411190352e-01	   4.5398464859897647e-01	   2.4306911950119225e-01	   2.9677137662082692e-01	   2.2793003519027033e-01	   2.3222157613843772e-01	   2.8632645055791478e-01	   3.1917962871479905e-01	   1.6721879298661513e-01	   2.6647676486430522e-01	   2.8665844258910589e-01	   4.7850608096702091e-01	   3.6776872169254282e-01	   4.8275015649680669e-01	   2.7752780144941502e-01	   4.9169512310814190e-01	   3.6621136107956298e-01	   4.0217242326859276e-01	   2.3549645505892389e-01	   3.2456229100224232e-01	   6.3587932068130126e-01	   5.6613221319297025e-01	   6.5338476155541036e-01	   6.7866096839121814e-01	   5.1490252676635784e-01	   3.9126265199862920e-01	   7.1889535504105906e-01	   6.8540648175715546e-01	   6.0863517651291210e-01	   5.5603193445509524e-01	   3.9921426867521292e-01	   3.5462633869836324e-01	   6.6438803919086276e-01	   3.1574556879858112e-01	   6.3507468105343823e-01	   1.6310656167964174e-01	   6.9311087173870700e-01	   5.1441505778403263e-01	   4.7470867060347932e-01	   3.2676164550912623e-01	   6.3028645578540909e-01	   3.7120271009329886e-01	   4.5764542070165615e-01	   3.4511842097410539e-01	   4.7938825194997436e-01	   1.5586154949503414e-01	   3.6152048086720423e-01	   3.6670805556213287e-01	   2.2965611655181639e-01	   2.0419618503940995e-01	   5.3597983564594898e-01	   5.4758226169079360e-01	   3.5733253996343667e-01	   3.2697532474807772e-01	   3.9879937862268933e-01	   7.1440325004885596e-01	  -1.2854047060877885e-01	  -2.0515465335322076e-02	   1.7663878027773386e-01	   1.4428841859590344e-01	   1.8655514741874307e-01	   1.2153726272442331e-01	   9.5631930723283493e-02	   5.1678763502474112e-01	  -6.1365168256033817e-02	   2.5318809734042735e-01	   1.6935726125657448e-02	   1.0432787785939893e-01	  -1.1968554935145746e-01	  -1.5986226747032654e-02	   3.7607209453504403e-01	   1.7280227595729386e-01	   1.0875612079382239e-01	   2.3691723222523511e-01	  -4.1901328375836065e-02	   2.3303037107995861e-02	   9.7246362060220831e-02	  -2.6215732792717250e-01	
   5.5991925657626151e-01	   3.7528600949783675e-01	   9.1176548647692879e-01	   8.5325387658231500e-01	   8.1333472153536412e-01	   0.0000000000000000e+00	   9.0889337312191798e-01	   1.0904133193572521e+00	   9.8428790931983179e-01	   1.5998289678545810e+00	   9.1200457474816443e-01	   8.4427585916557002e-01	   7.8312336414444483e-01	   8.9272297041957427e-01	   8.7986375626641455e-01	   7.3422979852881698e-01	   5.2061281950351224e-01	   3.0396917737318618e-01	   6.0440492715826999e-01	   4.6746490584402178e-01	   4.2416210062649901e-01	   1.1252432641792620e-01	   8.3632918382633037e-01	   8.7509619721965426e-01	   7.6060531369929429e-01	   9.8255026619375641e-01	   7.3647856656464639e-01	   7.5569273879697751e-01	   6.4674364876667423e-01	   4.1011089198339051e-01	   8.9032504557764791e-01	   8.8959211788195325e-01	   8.5058548666938294e-01	   8.8222169246096993e-01	   9.4516946756178999e-01	   1.0321687359673599e+00	   5.0353705883987809e-01	   4.1573363849630024e-01	   4.5535232728625152e-01	   5.9412371093486083e-01	   3.3853457602363973e-01	   5.2909547069933438e-01	   4.7029994178497414e-01	   4.4973592573115084e-01	   4.6584774390445804e-01	   4.8753171397255146e-01	   3.4424446469534808e-01	   4.3320755770891389e-01	   4.5526361519049274e-01	   6.3002213270382990e-01	   6.0835690715382651e-01	   6.8508661182105035e-01	   5.3228646111596645e-01	   4.3333937343309464e-01	   5.9534222005965598e-01	   5.5967423385534298e-01	   1.9110498567176137e-01	   3.1057526590022538e-01	   7.2477583007681334e-01	   8.4509770242933446e-01	   8.3213347800069337e-01	   8.1582985097746064e-01	   6.4740788652926762e-01	   3.8399125442885446e-01	   9.7764795580398933e-01	   1.0613857875114507e+00	   8.0111436567766381e-01	   9.0681987652826512e-01	   3.7214654182029772e-01	   3.2218106727230295e-01	   1.0446917093592551e+00	   7.8130368470529754e-01	   7.2137381260252564e-01	   5.5426755583164078e-01	   7.6647967859616939e-01	   5.8488738626189185e-01	   6.0704498993036982e-01	   5.6902973589631434e-01	   6.3687446225365940e-01	   4.1344149900527044e-01	   6.5128668323780947e-01	   5.6804248096184851e-01	   6.9993418843356592e-01	   4.6415863713399425e-01	   7.5605725808900781e-01	   7.6117749539164858e-01	   4.4070592166830613e-01	   4.6193246448445779e-01	   9.0327036555360929e-01	   8.3583555163482059e-01	   5.7147509715795164e-01	   4.4247464526175045e-01	   7.9925333199312953e-01	   7.1797371506198682e-01	  -3.0697997396089982e-01	  -1.4504572924115486e-01	   2.4527278299989252e-01	   3.6814444287831033e-01	   3.4188203385017524e-01	   2.5506573647627695e-01	   4.5529028899474927e-01	   5.4769825493405877e-01	   1.8261590609603626e-01	   3.2483738930820094e-01	   2.8290995676781938e-01	   2.0754208133899094e-01	   1.8328872103286731e-01	   3.1514792430089983e-01	   4.0710575287305817e-01	   1.2444362449191956e-01	   1.7552083763400966e-01	   4.1604482627231620e-01	   1.8334730763077001e-01	   2.9189104888404971e-01	   2.5922580783306237e-01	  -3.8172218632973692e-01	
   7.5571475282285572e-01	   4.9643927479347816e-01	   1.4219086518924502e+00	   1.1353584788428197e+00	   6.4611340128439343e-01	   9.0889337312191798e-01	   0.0000000000000000e+00	   1.4563604765410476e+00	   1.0826048365624947e+00	   9.2682302871448075e-01	   1.1807672757350882e+00	   8.4345351850087635e-01	   1.1662860431222957e+00	   8.9874081120496030e-01	   9.5901408284930589e-01	   6.9007242116313883e-01	   4.5702203778138462e-01	   2.7332039315418111e-01	   8.2206117584442762e-01	   5.5925260647498420e-01	   3.6224307127754307e-01	  -2.7828126058561182e-02	   1.1636743579716420e+00	   8.2296570483079945e-01	   6.3471271957143549e-01	   6.5401781539266868e-01	   4.1110294791531671e-01	   3.2886847340056685e-01	   7.4406022481915923e-01	   3.6514287183871863e-01	   1.3335747391351926e+00	   1.1283297997942139e+00	   1.1810239597357652e+00	   1.0895681934981005e+00	   1.1326987241692097e+00	   9.7183964345550056e-01	   5.1076341098174372e-01	   3.8545370775207216e-01	   3.9142084798101973e-01	   5.5055241511467434e-01	   3.9911116783841816e-01	   4.5327173297858281e-01	   5.8282151816653338e-01	   4.9657465975816906e-01	   5.4778290599477319e-01	   4.8163744158670424e-01	   4.5561526536649927e-01	   5.2060053702171638e-01	   6.8697041776154599e-01	   5.2696111167189275e-01	   6.1393922951942059e-01	   6.7283947355438756e-01	   6.9887020148333634e-01	   3.8803589182243431e-01	   6.2328425685216426e-01	   5.3734355282811774e-01	   2.9712506503445224e-01	   4.0694582915559813e-01	   8.5900187025864083e-01	   5.8188590025411591e-01	   1.3654734348441897e+00	   7.1429247287723274e-01	   8.8888358890246855e-01	   4.2086678842529002e-01	   1.0149738750986010e+00	   7.6892279489257098e-01	   1.0300312430787568e+00	   9.1509328703463311e-01	   4.3923988780884893e-01	   5.9073309546777053e-01	   1.1046476442100961e+00	   8.8026159535607784e-01	   6.6757817493140570e-01	   6.4376868308194091e-01	   8.1539322184074003e-01	   5.4382131287161273e-01	   8.8426040157734997e-01	   5.8307338556806898e-01	   4.8227374655859834e-01	   4.7182409807738906e-01	   5.7734206789981102e-01	   4.8686323173886148e-01	   7.4416686964829115e-01	   5.6350658161510270e-01	   6.6595252890268297e-01	   6.1771823003549386e-01	   3.6876579964628775e-01	   2.8100608710984287e-01	   1.0668280880244938e+00	   9.4520847990278101e-01	   7.5268130720419069e-01	   7.5936049975483644e-01	   7.7865829156331245e-01	   8.9423951115073042e-01	  -1.8607435262246336e-01	  -6.6608815833535770e-02	   3.1489895331739254e-01	   3.7163089594345777e-01	   4.7997344257077679e-01	   4.1590583417060356e-01	   7.0212499350136448e-01	   9.3368715062566709e-01	   3.4754413416765106e-01	   4.9809317574950063e-01	   3.3073952101214976e-01	   1.9481526387221126e-01	   3.5802087381963132e-01	   5.4364008069352909e-01	   2.5327556518948957e-01	   2.6375970944702992e-01	   2.5634361809391509e-01	   5.6341784429592745e-01	   3.3608485368540497e-01	   3.7371305401637767e-01	   3.3005795721615450e-01	  -2.4920473021890815e-01	
   8.7894185205497899e-01	   6.3374635649655553e-01	   1.3960052421629934e+00	   1.6164379472663681e+00	   4.8752798804127873e-01	   1.0904133193572521e+00	   1.4563604765410476e+00	   0.0000000000000000e+00	   8.6707516812132668e-01	   1.0724952228686324e+00	   1.1352885366112682e+00	   1.2142287733513735e+00	   1.0117589042903541e+00	   1.2279752455244897e+00	   9.1648375460011089e-01	   9.1524635273920607e-01	   5.9471480114434672e-01	   4.6218006535166084e-01	   8.1751570428044151e-01	   6.3075595552157171e-01	   4.2294032457350417e-01	   6.6697762359323537e-02	   1.1070701445646813e+00	   1.1353594102681306e+00	   6.8281281201610422e-01	   8.0574206702227358e-01	   5.0530565512941772e-01	   4.3285565922287678e-01	   7.9877352153127534e-01	   4.9353456389237471e-01	   1.2538591251716649e+00	   1.2945499042519186e+00	   1.1765842663758890e+00	   1.2328524942580767e+00	   9.7718911563060162e-01	   9.6611126230194411e-01	   6.3012030254251050e-01	   5.4253739892771979e-01	   4.9669922145241718e-01	   7.7901111992995276e-01	   4.4832375361725035e-01	   6.5110011298615567e-01	   6.7256791166357577e-01	   6.1548150867489348e-01	   5.7621966624935483e-01	   5.6458343752485307e-01	   5.7137805779947759e-01	   6.3509712304133836e-01	   6.5272828099580205e-01	   6.0607381911846803e-01	   7.2841028373184147e-01	   7.7435778174922276e-01	   8.2630398695919827e-01	   4.6236532802517327e-01	   7.7499944044875058e-01	   7.3147474932855550e-01	   4.1240367264290068e-01	   5.3077747680435983e-01	   8.7069691301088281e-01	   8.2534464310226219e-01	   1.3031354874422609e+00	   8.2498729371121882e-01	   9.3423139592682714e-01	   5.8442823587610870e-01	   1.0092331285052158e+00	   8.8333463186919259e-01	   8.9135425640960952e-01	   9.6663551757599686e-01	   4.3245153832792882e-01	   5.4194579495898765e-01	   1.0822005617638384e+00	   9.5613338800568004e-01	   8.1347040966320239e-01	   9.2802764743502442e-01	   9.2276518999275536e-01	   6.5284961793585916e-01	   9.3180447567040925e-01	   7.6286194779704775e-01	   6.0819271720412693e-01	   6.0324368798267936e-01	   7.6066091486443166e-01	   7.2508918866007999e-01	   8.6398057270921513e-01	   8.0715910353234055e-01	   8.7402217874811305e-01	   8.2634046082775903e-01	   5.2698811312509930e-01	   4.2399875665897829e-01	   1.2545445966989250e+00	   1.1051597507670290e+00	   7.7006349310205913e-01	   6.0423579935261995e-01	   9.2922190971796503e-01	   8.0148731862890987e-01	  -1.6115540743956561e-01	   5.1420116554239940e-02	   3.8662647939266054e-01	   5.9220118218260853e-01	   5.9567820083364686e-01	   5.1203744056180633e-01	   8.8626633372739194e-01	   7.9796374066720421e-01	   4.8071690754550711e-01	   5.4775066487219759e-01	   4.6768181569988032e-01	   3.0054961249090739e-01	   4.5080188635524965e-01	   6.5083370195630774e-01	   4.5390984545913510e-01	   3.4979763575147038e-01	   2.7364952936159670e-01	   6.9798601019934858e-01	   3.7377618988329375e-01	   5.1971830484800441e-01	   4.5940148855373658e-01	  -2.3836818382725566e-01	
   5.7070368004408301e-01	   4.1562960285326533e-01	   8.0622975113232009e-01	   6.0102084983601423e-01	   1.2941545160621921e+00	   9.8428790931983179e-01	   1.0826048365624947e+00	   8.6707516812132668e-01	   0.0000000000000000e+00	   1.0555653789218484e+00	   1.1598135023213891e+00	   7.8203708634008062e-01	   9.5263308551844861e-01	   7.3474809956588083e-01	   1.0650087941536179e+00	   5.3288577190151354e-01	   6.2729743419043149e-01	   4.3861359762553176e-01	   6.3653864662515869e-01	   4.7081202762904134e-01	   3.7747428288974616e-01	   1.1322388160782095e-02	   6.6085134426595704e-01	   5.1976925794502571e-01	   6.3511491852062474e-01	   6.2302383616129253e-01	   5.0964850601611400e-01	   4.1314108015928341e-01	   8.9167400733617419e-01	   5.0775472653559761e-01	   7.4909406152270708e-01	   6.2042759244949197e-01	   8.7591078853883253e-01	   7.7821558459626328e-01	   8.2348690663329993e-01	   7.5750750013189261e-01	   3.7058373341391410e-01	   3.5268776713825611e-01	   3.3370549180479797e-01	   4.7375981578777743e-01	   4.0848055903613856e-01	   4.6092770567629127e-01	   3.6994586706200627e-01	   3.2789573197848509e-01	   3.7718883800304820e-01	   4.0657896682231187e-01	   3.0208289662865140e-01	   3.6056804474577558e-01	   4.3831514154700035e-01	   5.5325795524237686e-01	   4.8974899923315407e-01	   5.8455856680673102e-01	   5.6459751415428361e-01	   4.6758924571714849e-01	   5.0906820171216338e-01	   4.7336162646211333e-01	   3.1180698279135405e-01	   4.2893510938186569e-01	   7.2545070612292706e-01	   5.9589676495173249e-01	   1.1153866716869267e+00	   9.4455215049305286e-01	   8.0329625129352178e-01	   5.7381618614940366e-01	   8.6048849704796004e-01	   7.4892992007304937e-01	   6.9072468079657989e-01	   6.3206097018853624e-01	   3.4561174085254409e-01	   3.8846953364664277e-01	   9.1608720389308818e-01	   5.4040143967413290e-01	   7.4900820847961347e-01	   4.3892230078957972e-01	   9.3357242731894308e-01	   6.3644429357308219e-01	   7.2946097224018913e-01	   5.0732530978964840e-01	   7.2714989477298420e-01	   4.7741989754880182e-01	   6.2796259916051256e-01	   5.0485707395225876e-01	   7.2022971332414609e-01	   4.0284237657411037e-01	   5.0728021377862487e-01	   4.9741800626321503e-01	   3.3223895875850434e-01	   2.6815686181692866e-01	   7.4505209101947156e-01	   7.5090767911161915e-01	   5.1733822322949785e-01	   4.5806141137172940e-01	   5.4170471932578024e-01	   8.2475473541484212e-01	  -1.9371082356175273e-01	  -1.0687462885027819e-01	   1.7112761715767655e-01	   1.6860483122532738e-01	   3.1294257236986250e-01	   2.7722873370021661e-01	   3.1828815404637328e-01	   7.2701069558925757e-01	   8.6017384250581835e-02	   3.6778882548541442e-01	   1.2043497678121126e-01	   4.8017072760592833e-02	  -3.0962386679596776e-02	   1.7393118546477046e-01	   3.9633425322581151e-01	   2.3195869255937912e-01	   9.2288284864891157e-02	   3.2417412250287825e-01	   1.0323379842442537e-01	   1.3224927288921887e-01	   1.5174253591597883e-01	  -3.2007470554666329e-01	
   4.7791562405960997e-01	   3.1820184145142238e-01	   8.3369266731316061e-01	   7.9389198582343989e-01	   7.6669389175399472e-01	   1.5998289678545810e+00	   9.2682302871448075e-01	   1.0724952228686324e+00	   1.0555653789218484e+00	   0.0000000000000000e+00	   8.7715400589041204e-01	   8.9841949430679646e-01	   8.0759137317203655e-01	   9.5516483294110788e-01	   9.1144007765110679e-01	   7.8891853992826622e-01	   5.4464367158873261e-01	   3.6948258262290007e-01	   4.7053599711162453e-01	   3.4734828422641750e-01	   4.1305080607023809e-01	   1.7753010800690217e-01	   7.4918490358651679e-01	   7.8912273363924745e-01	   6.2757872139922632e-01	   8.2290825831814240e-01	   6.5827392079279357e-01	   6.6017240040023817e-01	   7.4075379622360749e-01	   6.0441429158567495e-01	   8.3283864240474159e-01	   8.3248467647693691e-01	   7.5784098616720530e-01	   7.7175876283188694e-01	   7.6825723248199385e-01	   8.1561973793888898e-01	   4.7339686702075912e-01	   4.3060696791238640e-01	   4.1452029939839985e-01	   5.4044146357270950e-01	   3.7967201956115487e-01	   4.8201986223222715e-01	   3.9824487644867129e-01	   3.5773697997287912e-01	   3.7353768077869248e-01	   4.2550939243507502e-01	   2.7048398778454752e-01	   3.2932081199037772e-01	   3.7133678385896440e-01	   6.0195001384657099e-01	   4.9864973736160101e-01	   5.7744752500610996e-01	   4.8183272112884945e-01	   3.9187732251260038e-01	   4.8850546700439157e-01	   4.5658132793388567e-01	   1.6536876986757271e-01	   2.6348555721985850e-01	   5.7469845725939761e-01	   6.7894428772433779e-01	   8.6333440700848918e-01	   9.1453966835992306e-01	   6.7714655446618099e-01	   4.4317604795924515e-01	   9.3291046699830427e-01	   9.1559945471646287e-01	   5.9265041541797658e-01	   6.4856119570118720e-01	   2.0940387764053475e-01	   2.0371454662336980e-01	   9.7648504062811847e-01	   7.4392712371461678e-01	   7.4226750267209574e-01	   5.3958335889956766e-01	   8.5336294565494974e-01	   5.2170689865233177e-01	   5.3220802765705533e-01	   5.3790701037128630e-01	   6.2759462647223574e-01	   4.8357710990247793e-01	   6.4366530715429005e-01	   5.7973441680024795e-01	   7.0247069143309404e-01	   4.5524144819838369e-01	   6.8567437484558214e-01	   6.3805232954907476e-01	   3.5982087780220345e-01	   4.1706524409056833e-01	   7.9471672990451014e-01	   7.8214320602125320e-01	   5.3225330043787822e-01	   3.6613737896936449e-01	   7.8414078086731553e-01	   6.8508904462408926e-01	  -2.9814922499537100e-01	  -8.7855025393526812e-02	   1.4307273407739424e-01	   2.7313339800783737e-01	   2.7034791269658442e-01	   2.1943971757616740e-01	   3.8869161213730630e-01	   4.7815771587821454e-01	   1.0931095562329771e-01	   2.5262466163740466e-01	   2.1189353365383745e-01	   1.0893103166460398e-01	   7.5978297058113209e-02	   2.7800680264947975e-01	   3.8497610401427995e-01	   1.3747754488346758e-01	   9.8410256121442413e-02	   3.6616676965041695e-01	   1.2786925131581975e-01	   2.3090628540644367e-01	   2.3125391494227665e-01	  -2.7337901138033444e-01	
   8.3913662551642132e-01	   5.4344735736878580e-01	   1.0617546947215224e+00	   7.9753683823522992e-01	   7.6015371892547845e-01	   9.1200457474816443e-01	   1.1807672757350882e+00	   1.1352885366112682e+00	   1.1598135023213891e+00	   8.7715400589041204e-01	   0.0000000000000000e+00	   1.1492995980109790e+00	   1.7131052382960525e+00	   1.1163367499670112e+00	   1.1199990387287067e+00	   7.0561500252713882e-01	   7.9499141200547618e-01	   4.6718495146990796e-01	   7.5249667294880274e-01	   5.7231081224270419e-01	   3.8399124540172597e-01	  -8.7705795304001175e-02	   9.9743696932443238e-01	   8.1882366399002127e-01	   7.7717427459314836e-01	   7.8741071100940108e-01	   5.4432292985296904e-01	   4.6089852101410872e-01	   9.9222267673146380e-01	   4.4049999976227527e-01	   1.1101800499322698e+00	   9.5752112316973170e-01	   1.2237577742499415e+00	   1.1587756652104932e+00	   9.7437225219959045e-01	   8.7508548913030515e-01	   5.5911009129064104e-01	   3.9141336865864884e-01	   4.1103684942144725e-01	   6.5687393358378110e-01	   4.3239270314145584e-01	   5.5816484588335780e-01	   4.2315569722779428e-01	   4.0631621943025559e-01	   4.4109035445180445e-01	   4.2956693325391321e-01	   3.8444259980377132e-01	   4.1498541156420943e-01	   6.2205464704724855e-01	   5.1619661499633129e-01	   6.7504264749078313e-01	   6.8663005242533837e-01	   7.4460068679971014e-01	   3.8958491105730458e-01	   7.5504436827890009e-01	   6.0221996528822830e-01	   3.8610646970459495e-01	   4.6693712096758494e-01	   9.5384542411045870e-01	   7.0299634962365509e-01	   1.3803135067890226e+00	   7.8484338532541797e-01	   1.0872458025120075e+00	   5.8801942291179421e-01	   9.3371102970673692e-01	   9.1869621970375603e-01	   8.2907384206540313e-01	   7.7640546756893691e-01	   5.2364381898910883e-01	   5.5049039359005603e-01	   9.3979751178673832e-01	   6.6476046584234361e-01	   7.7479223601230596e-01	   6.3541794079437675e-01	   8.8660826619839572e-01	   5.8415395979871243e-01	   9.2420331501664510e-01	   6.4026294133237249e-01	   8.2540759661808571e-01	   5.8890887969982142e-01	   8.1799621250745513e-01	   6.5546253977009095e-01	   7.8040910910684913e-01	   5.9091842844552700e-01	   7.1190151138163160e-01	   7.3493684058830855e-01	   4.6006620427464762e-01	   3.9101570381276912e-01	   1.0306981141501610e+00	   9.3309334407982292e-01	   5.0984571086492680e-01	   4.5499871267595143e-01	   5.3121740400661566e-01	   7.2315331351468670e-01	  -2.7278787638391089e-01	  -1.2733628998140822e-01	   2.4970730791276816e-01	   3.5050503585531567e-01	   3.7503850341749267e-01	   2.9909853918309537e-01	   4.6154786461404296e-01	   7.5497834237618799e-01	   1.9518336092363486e-01	   4.4292433619261806e-01	   2.5378974953148625e-01	   1.4048557994189947e-01	   1.5714209046084829e-01	   3.8344310815927773e-01	   4.9614895463822495e-01	   2.3374567647498262e-01	   7.2574637283733520e-02	   3.7963379999039421e-01	   1.3626770504146646e-01	   3.4709845606756878e-01	   3.8995787483466116e-01	  -3.3944177016430926e-01	
   7.1083947508577738e-01	   6.1271813199619118e-01	   8.5563575976818806e-01	   9.0716398460555392e-01	   4.4119270917466230e-01	   8.4427585916557002e-01	   8.4345351850087635e-01	   1.2142287733513735e+00	   7.8203708634008062e-01	   8.9841949430679646e-01	   1.1492995980109790e+00	   0.0000000000000000e+00	   1.1119588747735898e+00	   1.7935021685392165e+00	   8.4247727883813350e-01	   8.7410659023677217e-01	   6.9602757355116540e-01	   6.5484187397786964e-01	   6.4019620456040438e-01	   5.6973246999822713e-01	   1.7244148614469162e-01	  -1.4847161906591494e-01	   7.8943103043587948e-01	   9.1423022641026375e-01	   6.6111018172268954e-01	   6.8532113275560791e-01	   3.8773753102961511e-01	   3.7063237268187099e-01	   8.3006477650007116e-01	   6.9574933508828996e-01	   8.3425582527304165e-01	   8.4405326205833187e-01	   9.9289483005336687e-01	   1.0471650038191203e+00	   6.8343612097395645e-01	   7.4755910284863836e-01	   5.7887613527842552e-01	   6.0051973084687404e-01	   3.7200288748439625e-01	   7.9232040837535300e-01	   4.4174402349251785e-01	   7.8201170038568846e-01	   5.0714422346715882e-01	   5.0651262764308203e-01	   4.3636746678710858e-01	   5.4211920007833325e-01	   5.3441810567800785e-01	   5.3112432764687989e-01	   5.4555094275480231e-01	   6.6042959662633649e-01	   7.2247857565784090e-01	   7.6050291844854656e-01	   8.8198068705682620e-01	   5.7793123799071788e-01	   8.3113894489114226e-01	   8.6277576912536502e-01	   4.1816438190627525e-01	   5.2853366820813930e-01	   8.3412223423080856e-01	   9.5739077350864910e-01	   1.1569147967042432e+00	   1.0198781716491752e+00	   9.0644361065711410e-01	   7.5368568929938673e-01	   7.8755623499406058e-01	   8.8423782324780753e-01	   6.1095128301822310e-01	   7.3664307222195602e-01	   3.8859030548185780e-01	   4.5187612343523470e-01	   7.7211448654357795e-01	   5.9567422689499239e-01	   9.1252235584144559e-01	   9.3048275225176291e-01	   9.7882576364462237e-01	   8.4569381143497135e-01	   8.3983748292455374e-01	   9.7063218804850371e-01	   6.4964725953718072e-01	   6.7412061625110353e-01	   7.9258600193184425e-01	   8.0044722498866983e-01	   7.1092457932812581e-01	   8.2096872595097237e-01	   7.2642987080896582e-01	   9.0214555038430300e-01	   5.2037677641441760e-01	   4.2892095654318180e-01	   1.0350969596413886e+00	   1.0705676633333339e+00	   5.8810810229423893e-01	   3.7681967450581988e-01	   6.7132760735744057e-01	   5.5740693874397862e-01	  -2.9686993967264391e-01	  -4.9057947831608828e-02	   2.0713428032002779e-01	   4.7549915703150919e-01	   5.0456580348548297e-01	   4.4110335353896968e-01	   5.5060198129455751e-01	   5.8389716388699198e-01	   2.8107428443518656e-01	   4.1135547621534768e-01	   2.4807991121893549e-01	   1.8616635790637615e-01	   2.3179724611478683e-01	   4.2690642283847891e-01	   6.3821151218943262e-01	   3.0938706139005928e-01	   1.1210120069853670e-01	   4.6442156959752601e-01	   1.8105714237012352e-01	   4.1442308798696803e-01	   4.0769051043831228e-01	  -3.1005717369062685e-01	
   6.8515335712442982e-01	   4.5506163791034243e-01	   9.5320131856515744e-01	   7.4769416698253954e-01	   5.9103068962657956e-01	   7.8312336414444483e-01	   1.1662860431222957e+00	   1.0117589042903541e+00	   9.5263308551844861e-01	   8.0759137317203655e-01	   1.7131052382960525e+00	   1.1119588747735898e+00	   0.0000000000000000e+00	   1.1755777600091464e+00	   1.0973392630373138e+00	   7.5054751881629145e-01	   6.9000238859987439e-01	   4.0864203934018245e-01	   6.7622307135711690e-01	   5.1345546062764758e-01	   2.7730384086620674e-01	  -1.6524420337731852e-01	   9.2880586858926562e-01	   7.7267090441829323e-01	   6.9161999245393668e-01	   6.8832124062915301e-01	   4.0991525985865451e-01	   3.7136775961685431e-01	   1.0449762481735270e+00	   5.1882070722601392e-01	   1.1930463054640938e+00	   9.9998707906290418e-01	   1.1370218752984549e+00	   1.0528652337649960e+00	   8.3984793701089355e-01	   7.6282572621576705e-01	   6.3894789538819519e-01	   4.2697366001420023e-01	   4.0671757977111522e-01	   6.3186628600596850e-01	   4.5569505269665128e-01	   5.4042443248504679e-01	   3.5003148407937751e-01	   3.2645078279910617e-01	   3.6424448085739120e-01	   3.5596173623502447e-01	   3.3564884042421989e-01	   3.3731954490480703e-01	   5.9618687875211429e-01	   4.2109234470162982e-01	   6.2951956785198193e-01	   6.1045166235878989e-01	   7.3078862493500540e-01	   3.3153226932304020e-01	   7.5409348681369048e-01	   5.5199940170023443e-01	   2.9384232814751909e-01	   3.4496611697527629e-01	   8.3832766493998012e-01	   5.5745251852511957e-01	   1.2723638424599095e+00	   7.4922748991741472e-01	   1.0314283110984803e+00	   5.1841641107319991e-01	   8.3206849516571313e-01	   8.4390306358565259e-01	   7.7556184344564694e-01	   7.1340142201695111e-01	   4.5392110061866681e-01	   5.1737359998380938e-01	   8.9097221787452774e-01	   6.9237294735834809e-01	   7.5112804826871726e-01	   6.3576359177551323e-01	   8.5674596543698933e-01	   5.9199022914181021e-01	   8.2932171759304185e-01	   6.3818406229020530e-01	   6.6246774333417380e-01	   5.9677615812267293e-01	   7.4060661994271926e-01	   5.8309006440223254e-01	   7.2836654899347009e-01	   5.8372954027641710e-01	   6.5117751899467946e-01	   7.2489767778952074e-01	   4.0670325958859749e-01	   3.2943837798338454e-01	   9.2122377646895226e-01	   8.9311900061392635e-01	   4.9247588517900481e-01	   4.5855322705988233e-01	   4.5543423747173722e-01	   5.8947751747769128e-01	  -2.6735893810678235e-01	  -1.5757262684607035e-01	   1.9988772449527692e-01	   2.9324560656532567e-01	   3.3463360957292682e-01	   2.5945086768159364e-01	   4.3317864779513648e-01	   7.0168399707223617e-01	   1.6394673153703676e-01	   4.3032844220306249e-01	   2.5267713745842946e-01	   1.5675705198596740e-01	   1.7223218398826573e-01	   4.1108266990099973e-01	   4.5001089193490501e-01	   2.3395842122486202e-01	   4.5484226837925863e-02	   3.2574009191805270e-01	   1.4977615822204521e-01	   3.3844520093580943e-01	   4.4324765663798027e-01	  -2.4299133794190708e-01	
