   0.0000000000000000e+00	   1.3258983533619635e+00	   1.0204575373125973e+00	   1.0097470485344597e+00	   5.3688623832007276e-01	   2.6561051887211029e-01	   1.0415471787210655e+00	   9.4153988629954899e-01	   8.3639161986001820e-01	   8.0618855309301118e-01	   1.2551183087640654e+00	   8.7268667498681229e-01	   1.0336836248788359e+00	   9.4185938694527438e-01	   1.0793984960056957e+00	   8.9424551979772526e-01	   1.0861326442661052e+00	   8.9542098695365713e-01	   1.4380177504542677e+00	   1.2859745831843390e+00	   6.5986175944851322e-01	   5.9777396964442420e-01	   5.2689352776310183e-01	   4.5135133348342055e-01	   1.0589762498051306e-02	  -1.9937260625620755e-02	   5.4284207546291841e-01	   5.2671189697978460e-01	   8.6834523844622180e-01	   8.9223154083207667e-01	   9.0415988005304071e-01	   8.9807514178569092e-01	   1.2242293204700005e+00	   1.1154717661716165e+00	   5.9058939551176493e-01	   4.6240678538378222e-01	   7.2291656799877080e-01	   7.3021154655169351e-01	   8.0828831229576736e-01	   8.1585643158739851e-01	   7.5017979694387127e-01	   7.0300920650877419e-01	   6.6571660238523178e-01	   5.2306118766982568e-01	   4.2776525385336139e-01	   4.6912171778198170e-01	   5.7282645107995911e-01	   5.4932080479151046e-01	   5.2189941393174022e-01	   3.1545521332830229e-01	   7.0421002813180822e-01	   3.7904840895223046e-01	   6.6056060207734635e-01	   4.9569648059759586e-01	   1.1148309901570808e+00	   8.3376303096283277e-01	   1.4077501212198620e+00	   9.3144899764402411e-01	   6.0443855389924206e-01	   6.1597378315025186e-01	   1.0275982783891688e+00	   7.2424565454698420e-01	   8.5407641268191870e-01	   5.8575518489984224e-01	   3.4347855444183162e-01	   4.1727435915059358e-01	   6.2436813323314921e-01	   5.1839006462996085e-01	   1.0735737625213928e+00	   8.9261248665236792e-01	   8.2989637988989684e-01	   8.2317022343882751e-01	   9.2482940554329562e-01	   8.3515741833944146e-01	   6.7303547623786675e-01	   8.5393120928652377e-01	   1.1704940111000099e+00	   9.7970115260773760e-01	   8.9270488352256094e-01	   7.4587492565055447e-01	   9.5974601635264534e-01	   7.3456722821135434e-01	   1.2063216818952480e+00	   1.0387474130579994e+00	   9.2599160250855683e-01	   6.4019544109683846e-01	   8.6024261057017215e-01	   7.1604774931354542e-01	   1.0369472608609915e+00	   8.7068578542543240e-01	   7.2488627350917212e-01	   7.9933238714768429e-01	   4.9309117185256862e-01	   8.5619324392186846e-01	   6.7535458197165854e-01	   2.9674103688380082e-01	   9.7241257390030822e-01	   9.4816304398051576e-01	   1.0626307985370165e+00	   1.2340085530185421e+00	   7.3026827872653854e-01	   9.1738537065815984e-01	   1.1445927021864963e+00	   1.0531674925165462e+00	   8.5113620683210744e-01	   8.2057262947500564e-01	   7.7727719571641363e-01	   9.2059806729813609e-01	   3.8866731997038823e-01	   6.7672668576541584e-01	   7.0087493914476706e-01	   9.2375788832774042e-01	   8.1710610014099339e-01	   9.6883101834005636e-01	   9.1012152264194512e-01	  -2.8877644744987250e-02	
   1.3258983533619635e+00	   0.0000000000000000e+00	   8.2635762974946092e-01	   7.3927324589991184e-01	   4.7085382185661839e-01	   3.5922878641929934e-01	   6.9930001142292020e-01	   6.2982151626998506e-01	   6.8063423809504953e-01	   5.6745841693291932e-01	   8.8240517913699712e-01	   6.7647137093795928e-01	   6.6603565461725323e-01	   7.5495142903794821e-01	   7.9524548696385866e-01	   7.0041471986498605e-01	   8.8682879999037434e-01	   9.9655043531064080e-01	   1.2168624565171122e+00	   1.0682825200740191e+00	   6.0785715669959139e-01	   6.4155829210824755e-01	   4.6061770154236337e-01	   4.2874333614406185e-01	   9.6516728241935995e-02	   9.8211838425531869e-02	   4.9389050367128362e-01	   5.0347558361211175e-01	   7.4597505342724424e-01	   7.7137381137146388e-01	   7.8027042705613980e-01	   7.7929310536820873e-01	   1.0974159718658278e+00	   1.0957459362581452e+00	   4.9962819342559495e-01	   3.9051913544768974e-01	   6.2682249745727825e-01	   6.1876301163534098e-01	   8.5973765237914512e-01	   7.3244336378255781e-01	   6.9486498949035591e-01	   6.3807766372325248e-01	   5.7065911845348538e-01	   4.3231682539242344e-01	   4.0735337771416696e-01	   4.3054470755853114e-01	   4.9787485525381991e-01	   4.6534647055359130e-01	   4.4790254583331618e-01	   3.1062135785368572e-01	   5.7023635141442774e-01	   3.5130898163256319e-01	   5.9197895040778148e-01	   4.4083484989058486e-01	   8.2445370129002926e-01	   6.6726710351955709e-01	   1.3724420910905739e+00	   1.3761759673716536e+00	   5.9971382232984349e-01	   6.4682820168426813e-01	   8.5809441612468162e-01	   6.0916493328920807e-01	   7.1211684142475640e-01	   5.8558496197750609e-01	   3.4480744777511851e-01	   4.1806685861655146e-01	   5.2748624537237021e-01	   4.3826540247172036e-01	   7.3091522798098085e-01	   5.9127112780956281e-01	   6.5150691277990536e-01	   7.1669074615809858e-01	   8.1727014276435594e-01	   8.1835382801193979e-01	   5.6729748841308025e-01	   7.7532681804136350e-01	   8.8426503013401347e-01	   9.7444433222483873e-01	   7.8504499654736348e-01	   8.8525661703992020e-01	   8.4065533771981971e-01	   8.7213451579779844e-01	   1.0942493520315715e+00	   9.5171616244209489e-01	   9.2088713330078620e-01	   6.8375866305318456e-01	   8.0697186710382651e-01	   5.9686626072766369e-01	   8.4475704759989367e-01	   7.6021996294210081e-01	   6.6899780283029098e-01	   7.4008683378417894e-01	   5.0499283031423392e-01	   8.1075505562648731e-01	   6.5273799692871437e-01	   3.1901365581779645e-01	   9.6079226800135542e-01	   7.9175675676319179e-01	   9.8096182772704421e-01	   1.0259220679059406e+00	   5.5652901574475067e-01	   8.1844729045012798e-01	   8.0535761657306570e-01	   8.0901746269239749e-01	   7.0705006332325038e-01	   6.9299112382708183e-01	   6.1046513967574101e-01	   6.2293927772427171e-01	   3.3070674424672108e-01	   5.1837088022125855e-01	   6.5603691430284339e-01	   9.3164222516210771e-01	   7.7052852484192358e-01	   8.9314709194873965e-01	   7.2175817011766608e-01	  -1.1032080826006862e-02	
   1.0204575373125973e+00	   8.2635762974946092e-01	   0.0000000000000000e+00	   1.2198846742508183e+00	   9.2235071313770456e-01	   5.4890218670253699e-01	   1.3138873678040166e+00	   9.0482752482946660e-01	   1.1900334963870534e+00	   9.1358912418110172e-01	   1.1867430430503016e+00	   6.9144653946901247e-01	   1.0017858093981225e+00	   8.2419538180444774e-01	   1.3276210144771896e+00	   9.7538398963475326e-01	   8.3733824925029321e-01	   8.3919679299593386e-01	   1.3471121575186824e+00	   1.1159269776959673e+00	   9.0788658374616926e-01	   6.8160490220041392e-01	   1.1777591299595862e+00	   8.5732400960531385e-01	   2.7692774877372683e-01	   2.4288873745697956e-01	   7.5468392695195852e-01	   5.7358858332887208e-01	   6.8535520355702684e-01	   7.5064416617291896e-01	   1.4011120782599986e+00	   1.1446539025161095e+00	   1.2232881528538440e+00	   1.1141778225218468e+00	   1.1067822690290674e+00	   8.4858186405584846e-01	   9.5667176690771460e-01	   8.8124342314116111e-01	   9.1503622092779979e-01	   8.2976692704543320e-01	   7.9663516854450611e-01	   7.0182124526406819e-01	   8.8277488320833775e-01	   6.4476607904137617e-01	   6.8206504302965665e-01	   6.7996540075112299e-01	   6.5611539960885901e-01	   7.0890293009624605e-01	   7.2997715457891654e-01	   5.4026716400223873e-01	   1.0316217401234899e+00	   6.3442496753977329e-01	   6.9297181255733875e-01	   6.6416292838963631e-01	   9.7483734226258023e-01	   1.1075701395256918e+00	   8.6393853141163501e-01	   6.1324369849700733e-01	   7.3783772827272120e-01	   6.4150349887276537e-01	   9.9592003641847104e-01	   5.9992233394107863e-01	   5.7698254659244808e-01	   3.7333385614561693e-01	   8.8218260909552237e-01	   7.7403516342009993e-01	   1.1037513307564264e+00	   8.6168943431490796e-01	   1.0355454303783826e+00	   1.0214660063560188e+00	   1.0038214809537342e+00	   9.2534544993637091e-01	   8.4538581536781277e-01	   7.2366747961100708e-01	   7.2245795375775013e-01	   7.9813360206153050e-01	   9.8250706623366824e-01	   8.5376259545949085e-01	   8.7294485003097233e-01	   7.2536140142686334e-01	   8.2529124217098271e-01	   7.8174603154437483e-01	   1.2874518070325311e+00	   1.1032038304583609e+00	   1.5011746577753986e+00	   1.0229205770104168e+00	   1.0544453573041470e+00	   8.8794429818153953e-01	   1.2677113472339037e+00	   1.0694851801182759e+00	   1.0789881942151149e+00	   9.7792312089262146e-01	   8.1509963255920637e-01	   9.2544676997115594e-01	   5.1302052926065123e-01	   3.4868014772891076e-01	   9.1818135394751743e-01	   9.8535781973246905e-01	   1.0934501825243110e+00	   1.3361709071422603e+00	   8.1205321609504000e-01	   1.1276496184329119e+00	   9.1934653585319104e-01	   9.1160357901704603e-01	   7.4249469165259052e-01	   7.9795925593736761e-01	   5.5371875408723903e-01	   8.0074171418735007e-01	   3.3963031673949301e-01	   5.8800136629413624e-01	   9.6852790188248106e-01	   1.1074490891201147e+00	   1.0090970049819219e+00	   9.6393816122877474e-01	   1.0794131918384198e+00	  -2.0729589954967834e-01	
   1.0097470485344597e+00	   7.3927324589991184e-01	   1.2198846742508183e+00	   0.0000000000000000e+00	   7.6326257956612520e-01	   5.8566707323205913e-01	   1.4584766952007842e+00	   1.6182988436008221e+00	   1.0141788569388819e+00	   1.3861399992851775e+00	   9.9671081098296999e-01	   1.0289138067479568e+00	   7.7468967640136199e-01	   1.0976356352139509e+00	   9.1386696874606432e-01	   1.1964008936798920e+00	   8.3718570951634552e-01	   5.9943942012531060e-01	   1.1482328792327638e+00	   1.4234801094290503e+00	   8.4004804796635923e-01	   7.2403629404134351e-01	   6.7722671447814176e-01	   7.6980499320089690e-01	   8.9290271726465947e-02	   8.6055643125058048e-02	   8.3110659556282829e-01	   8.0546749543931961e-01	   6.2835927499690936e-01	   7.3577114792267739e-01	   1.0502353073636579e+00	   1.3366650698261475e+00	   9.7571633605105668e-01	   1.1419827052523750e+00	   8.8982508854567577e-01	   8.4309423225308600e-01	   6.7991990015736381e-01	   6.7812085401489952e-01	   6.7019534063966379e-01	   6.4669055235694584e-01	   6.4620918497222857e-01	   5.2744988219267941e-01	   6.8162507690777974e-01	   4.7884388890695884e-01	   4.6857705727569615e-01	   5.0241951409846064e-01	   5.2513914930970895e-01	   5.1465272904254555e-01	   5.3626670741210902e-01	   3.5645014250980123e-01	   8.6546792483605195e-01	   4.6707644916983632e-01	   5.8796741472958647e-01	   4.6065200969644571e-01	   8.8271669791323404e-01	   8.5191417338477882e-01	   7.8280268774420736e-01	   5.0868222422854625e-01	   6.0950456780412410e-01	   6.3793094857184784e-01	   1.0325713809059489e+00	   9.0873082270480898e-01	   5.4614396145063393e-01	   3.9488149157873237e-01	   6.6867739457088782e-01	   9.6735309769487843e-01	   9.0408565937497187e-01	   8.6817711254808472e-01	   1.0535145968163162e+00	   1.1286477202435987e+00	   8.0628295909898040e-01	   8.9849966600808340e-01	   6.4539660734633264e-01	   4.9205317292266493e-01	   4.6487938619252678e-01	   5.9251698014608545e-01	   8.9752630620790075e-01	   8.8739363828271856e-01	   8.4686521719165797e-01	   5.5041204032019553e-01	   9.1452691319641821e-01	   5.9890243383808717e-01	   9.1192696787212202e-01	   1.1038928211612400e+00	   1.0838645021586082e+00	   8.8690275067946467e-01	   7.9506104187128557e-01	   8.8755005434020662e-01	   1.2258214041113349e+00	   1.1870726821801802e+00	   1.1593243624362672e+00	   8.1031121455191957e-01	   9.9023780719595311e-01	   7.1756507457415253e-01	   5.4439777546597612e-01	   3.8447820219666146e-01	   7.4485743379686620e-01	   9.7640574967646587e-01	   9.1566485856358071e-01	   1.0047095136688027e+00	   9.1215423233323656e-01	   9.2944157054370780e-01	   1.1178115093623140e+00	   9.3469109756797064e-01	   1.0176781925627734e+00	   9.0708548079808748e-01	   7.7027765425904526e-01	   9.5372839208467974e-01	   2.5768030504705636e-01	   5.5785513343992799e-01	   7.6239914705507961e-01	   9.1664638199785919e-01	   8.5515381279456903e-01	   8.8546290967942443e-01	   9.6858396433554894e-01	  -1.6196636863884400e-01	
   5.3688623832007276e-01	   4.7085382185661839e-01	   9.2235071313770456e-01	   7.6326257956612520e-01	   0.0000000000000000e+00	   1.1403101097159314e+00	   7.3482324665876586e-01	   5.7269505944663623e-01	   1.1548678500717773e+00	   5.4592380969620180e-01	   7.6405755240449258e-01	   4.2206623654952435e-01	   4.8646778725694806e-01	   4.3746860665891985e-01	   7.7148262540487333e-01	   5.0192368977750201e-01	   4.2821301927726091e-01	   5.8970580822731855e-01	   7.5985909291092846e-01	   6.6927754149362728e-01	   6.7251333088061327e-01	   5.6845414876730871e-01	   9.3726047585043848e-01	   7.8215681376450374e-01	   5.5293590815905436e-01	   5.0848107289681033e-01	   7.7607979995028442e-01	   6.5426478148066880e-01	   4.4588888076994643e-01	   3.8545507847010163e-01	   7.5966262015332531e-01	   7.3190522613181586e-01	   6.3463270707933561e-01	   6.4889129998222717e-01	   8.1585002338374446e-01	   8.2947590622840706e-01	   5.7510075184847254e-01	   5.9717478660615031e-01	   7.3614746145197696e-01	   5.5730088825341662e-01	   3.9932204087174145e-01	   3.5583340012486891e-01	   8.2103004078563235e-01	   6.0998879727117550e-01	   7.9887546500191964e-01	   7.8935547963516006e-01	   6.2313132329190313e-01	   6.6888861740861871e-01	   7.5200097296253043e-01	   6.7053220590902241e-01	   1.0260233790286348e+00	   8.5702313288493825e-01	   6.0820143507394131e-01	   8.5119731174874635e-01	   6.0974611075357132e-01	   8.9343935262670837e-01	   5.7148472800122851e-01	   3.6224215562147050e-01	   6.7079788451498124e-01	   5.7331495545444966e-01	   6.4371700350277761e-01	   3.4064537422645402e-01	   1.1806075410645744e-01	   5.8001904050609489e-02	   1.1258768494415325e+00	   1.0146426285580865e+00	   1.1350000916331275e+00	   9.2883093538712891e-01	   6.9320855577455964e-01	   6.7917699115925445e-01	   5.7564580578712676e-01	   5.0042580908207090e-01	   4.1462337837530677e-01	   4.1071195193146431e-01	   3.8796008040328545e-01	   3.1559428152331781e-01	   5.6328279854034213e-01	   5.0255829914088634e-01	   6.6877956233381763e-01	   6.9845924539768234e-01	   6.2548444462689434e-01	   7.5717027063870812e-01	   6.8593066327012864e-01	   6.8785698969400677e-01	   9.0398710780250124e-01	   9.7639627940144391e-01	   5.5918695129857499e-01	   4.3609007811078720e-01	   7.7955714441456381e-01	   7.3708045577383985e-01	   8.6253798226472167e-01	   6.0285341776553392e-01	   7.9337425198909617e-01	   8.1739314358771842e-01	   4.9386832390434982e-01	   3.8033200634500741e-01	   6.6051684891002971e-01	   7.6150101996095532e-01	   8.2160889675555426e-01	   8.2819554315352506e-01	   4.1732169786284451e-01	   6.9115008322573501e-01	   4.0735896263823856e-01	   5.1620348266238247e-01	   3.4449562355420321e-01	   4.6432412824456437e-01	   2.8057427399349599e-01	   3.9254615887632638e-01	   3.5982796035988940e-01	   4.5862201135385483e-01	   7.5074278324930699e-01	   9.0896787237367249e-01	   6.7084294535377731e-01	   6.0117655519819369e-01	   7.5900578273025932e-01	  -1.2290162150420463e-01	
   2.6561051887211029e-01	   3.5922878641929934e-01	   5.4890218670253699e-01	   5.8566707323205913e-01	   1.1403101097159314e+00	   0.0000000000000000e+00	   4.2712141561745259e-01	   4.0001950863369856e-01	   6.8140050516199480e-01	   4.3200643191592658e-01	   3.8391175671689964e-01	   3.9947242389573079e-01	   1.0457070752589520e-01	   2.6696959021392241e-01	   3.3764158307114966e-01	   2.9059312186535652e-01	   2.7143155617810177e-01	   4.0229170640283107e-01	   4.5918496580720825e-01	   4.4620208425491792e-01	   4.3667676429230423e-01	   4.5625448492868892e-01	   5.0717974796252729e-01	   5.0979794323262062e-01	   5.8907226461178852e-01	   6.3227098619259836e-01	   5.8156386627983880e-01	   6.5041965601601348e-01	   2.1303496900503952e-01	   2.1078308537642881e-01	   4.2494478136421976e-01	   5.2441635942174591e-01	   4.2503044449791616e-01	   5.0953660489817332e-01	   5.3311685049447011e-01	   7.2348602924715844e-01	   2.4890741965402691e-01	   3.4621858652904469e-01	   3.9669537264065124e-01	   3.4201009748995653e-01	   2.7494122071397581e-01	   1.0216344223946225e-01	   5.5145962545504090e-01	   3.7640612066506046e-01	   6.2617133042614281e-01	   6.4662472994077735e-01	   3.9938634651344451e-01	   4.2364650955398131e-01	   5.4766252060885900e-01	   6.2319213009827723e-01	   7.6762493214340488e-01	   8.5157656509981139e-01	   4.6587671245385137e-01	   6.7200148613086808e-01	   3.1804108466487696e-01	   5.7254234524003345e-01	   3.8193369383517556e-01	   3.4756346353750028e-01	   7.0702900076018271e-01	   7.3806786629246846e-01	   4.7308122306235006e-01	   3.7893152961717774e-01	  -2.9766685471966470e-03	   7.5764728412253624e-02	   7.7901402403650433e-01	   1.0149236381216171e+00	   1.0161860132535983e+00	   1.0513997333695038e+00	   4.3266916512570719e-01	   4.8154531546705426e-01	   2.8352250897943593e-01	   3.4735976984138778e-01	   1.8717882614767714e-01	   2.2633665094923855e-01	   1.6267569715563884e-01	   1.3842625230586705e-01	   2.6025037169311360e-01	   3.8876601985704534e-01	   4.1795043421119493e-01	   5.5301717327822519e-01	   4.2092096242383226e-01	   5.8260361180521625e-01	   3.0222218980382654e-01	   4.1657640995064432e-01	   5.7577539989053894e-01	   7.8921383044503812e-01	   2.3331505433407282e-01	   1.8375928401938374e-01	   4.9841872665638964e-01	   7.1819653685022788e-01	   8.4182501586600478e-01	   4.9452733018029943e-01	   8.5508517582698496e-01	   6.3283049881623532e-01	   2.3024200099076986e-01	   3.2862945927684750e-01	   3.5884130192894864e-01	   5.0917087267282080e-01	   5.4643831168823698e-01	   5.2415311168883383e-01	   2.0151588642386262e-01	   4.0768239533234718e-01	   2.2750757232558594e-01	   2.6016732126021358e-01	   1.8150845275260610e-01	   2.0088338987504389e-01	   1.8135411658405423e-01	   1.8912695324376297e-01	   2.2045994753365800e-01	   2.6701498325612988e-01	   5.9792270232224709e-01	   7.4472462128977934e-01	   5.5973324484151377e-01	   3.9061831014885756e-01	   4.4674578627867501e-01	  -2.0279237633922659e-01	
   1.0415471787210655e+00	   6.9930001142292020e-01	   1.3138873678040166e+00	   1.4584766952007842e+00	   7.3482324665876586e-01	   4.2712141561745259e-01	   0.0000000000000000e+00	   1.4875207778640662e+00	   1.2203458171060939e+00	   1.3791457133563332e+00	   1.4155493068453735e+00	   9.1752822268525092e-01	   1.1225430436047588e+00	   1.0568019952607015e+00	   1.0162969011063654e+00	   1.0936912714984706e+00	   9.7331972237357767e-01	   7.1102163849405242e-01	   1.0795342524030023e+00	   1.1140589371329122e+00	   7.6357454786948431e-01	   6.1876476135900227e-01	   6.5879535115056387e-01	   5.0202044673858837e-01	  -1.0134940721920592e-01	  -1.3719745191652971e-01	   7.2729136658999449e-01	   6.5829213969248357e-01	   6.3768659563692420e-01	   7.4367749270374661e-01	   9.4773860460475579e-01	   9.7936050803806940e-01	   9.9704426985856498e-01	   1.0205685890676810e+00	   9.2386780713182526e-01	   7.8548795272644845e-01	   8.7467432565303638e-01	   7.7880979041673126e-01	   7.3844773841839184e-01	   6.4435616239762439e-01	   5.6712910631487357e-01	   5.7913389658684156e-01	   5.3077407686501088e-01	   3.7558152946961476e-01	   3.5729008432257237e-01	   3.8092983416436854e-01	   3.8716198389337919e-01	   3.9950880622049056e-01	   4.2623834521549769e-01	   2.1879397845756873e-01	   8.3023089074608147e-01	   3.4961993245178308e-01	   5.0333563503578227e-01	   4.3747508624764692e-01	   8.8431934211659424e-01	   7.3322208272835721e-01	   7.5468435095887221e-01	   5.5847632505880374e-01	   4.8538662404216215e-01	   4.7839703281020313e-01	   1.1551556982003393e+00	   8.1808489256116079e-01	   5.6702123983722053e-01	   3.8078048070204307e-01	   6.5815672935948133e-01	   8.0798801786545738e-01	   8.7309429321832788e-01	   7.5807125264749453e-01	   9.8388658570060716e-01	   1.1758874980947678e+00	   9.5526796646072876e-01	   9.0554273412025088e-01	   7.1048488444863400e-01	   5.3672509189938322e-01	   5.0073595204613097e-01	   6.9489815529303611e-01	   9.5262103552235011e-01	   7.8639952064291530e-01	   9.5720934075251352e-01	   5.6897207299001651e-01	   9.3960716718455795e-01	   5.6011038406187441e-01	   9.3400148440008057e-01	   1.0735229305306584e+00	   1.0355684048795577e+00	   7.1670761794506244e-01	   8.1253270402947464e-01	   9.1431155780647932e-01	   1.2900708854999217e+00	   1.0999179877827059e+00	   9.9362004258276415e-01	   9.0225639014550629e-01	   7.4924935546971683e-01	   7.3454421393645164e-01	   5.4033828710063592e-01	   3.4288974990306559e-01	   7.3959611888007060e-01	   7.8262675476144450e-01	   8.1972837708719226e-01	   9.6433269850436187e-01	   9.8818554393938318e-01	   9.8573798657767819e-01	   1.1226774179281538e+00	   9.0913579790262544e-01	   9.6312223845512068e-01	   8.7387828819539193e-01	   6.8851515617783321e-01	   1.1307457200722759e+00	   2.1789736742139729e-01	   5.4522738215370892e-01	   6.8020653622149108e-01	   7.7049129494976543e-01	   7.5666705151022451e-01	   8.1535072508904927e-01	   1.0356319560257503e+00	  -1.6837164643432517e-01	
   9.4153988629954899e-01	   6.2982151626998506e-01	   9.0482752482946660e-01	   1.6182988436008221e+00	   5.7269505944663623e-01	   4.0001950863369856e-01	   1.4875207778640662e+00	   0.0000000000000000e+00	   8.5118245848620511e-01	   1.6154193282907703e+00	   1.0202436594488002e+00	   1.2144402624969046e+00	   9.0209311340707909e-01	   1.3585013100115315e+00	   7.8918793011790023e-01	   1.3018748683156491e+00	   9.2075773724669829e-01	   5.7558361833370020e-01	   9.4960681007708836e-01	   1.2620765061680859e+00	   7.2644837176878174e-01	   6.3197528151276305e-01	   4.2736609396765923e-01	   5.0665791728346710e-01	  -1.9929891279406717e-01	  -2.1663646892902977e-01	   7.9987550445913302e-01	   7.6796124973602686e-01	   6.1473899010425548e-01	   7.5442503168519293e-01	   8.0632337757684192e-01	   1.0496206347742612e+00	   9.3965658513587269e-01	   1.0389972171291488e+00	   7.1696326768041785e-01	   6.8719381897070675e-01	   6.0959250039106483e-01	   5.8871583432306052e-01	   5.7971320933869630e-01	   5.2017932528077293e-01	   5.2143562295079682e-01	   4.8426129316802458e-01	   4.5644789970148097e-01	   3.2612369186843948e-01	   2.5497805142273400e-01	   2.8958106027405961e-01	   3.5400084740074800e-01	   3.3928765672853650e-01	   3.6094759201273191e-01	   1.6844789724624148e-01	   7.0932000550723828e-01	   2.8898862212514936e-01	   4.5225096397256592e-01	   3.2487961632205692e-01	   8.2887987628220072e-01	   6.2267256697420914e-01	   6.2773876084052449e-01	   3.8555577895497251e-01	   4.0281163795964559e-01	   4.6662308489105109e-01	   8.9209606680855025e-01	   9.6606125785118868e-01	   5.7389891353977918e-01	   4.6803228381396739e-01	   4.2429912085557070e-01	   7.3775669091573737e-01	   6.6952923333115710e-01	   6.5672155966733337e-01	   9.9354983806065278e-01	   1.1779933682566004e+00	   8.0209525469570353e-01	   9.1339867115846851e-01	   6.3564434485315879e-01	   4.5319711356819098e-01	   4.2019110820708122e-01	   5.9806309270844182e-01	   8.9459043922636527e-01	   8.3427312757766203e-01	   7.8151025815433428e-01	   4.3417746402230573e-01	   1.0331505078755194e+00	   4.7902068748294580e-01	   7.5950796775232232e-01	   9.9737336734417925e-01	   8.4519808660444495e-01	   6.3435597174241787e-01	   6.8227393072203768e-01	   8.3914861631349136e-01	   1.1218367671383411e+00	   1.0331613005913831e+00	   9.0357711791504502e-01	   6.4063047016187147e-01	   6.9513356430517292e-01	   4.9643015339081509e-01	   4.9836362120449740e-01	   2.2442389789845352e-01	   6.0335121903872369e-01	   7.4610775744082991e-01	   6.9572700553708755e-01	   7.9633066821689458e-01	   8.5430658885316046e-01	   7.3827483654501025e-01	   1.1353654626709146e+00	   8.5913721111271257e-01	   1.0974979168758960e+00	   8.1887570868504178e-01	   6.8025664586283663e-01	   1.0355475084899013e+00	   1.7072056018967333e-01	   4.5963578289842028e-01	   5.4144091268788053e-01	   6.5088567428575794e-01	   6.4025514572200093e-01	   7.1190597942122547e-01	   8.3463204095759669e-01	  -1.7192942255163307e-01	
   8.3639161986001820e-01	   6.8063423809504953e-01	   1.1900334963870534e+00	   1.0141788569388819e+00	   1.1548678500717773e+00	   6.8140050516199480e-01	   1.2203458171060939e+00	   8.5118245848620511e-01	   0.0000000000000000e+00	   8.3793290991343838e-01	   1.1969844949247235e+00	   5.9580360508745966e-01	   8.6296454051233273e-01	   7.1619303186322136e-01	   1.1711679912137114e+00	   7.5323429017166887e-01	   7.7444077763988872e-01	   8.2653755544626506e-01	   1.0641642768718296e+00	   9.1817645874234965e-01	   6.3643017841657934e-01	   5.1706141008838569e-01	   8.2742361847753321e-01	   6.3306947408814729e-01	   2.9133588789963671e-01	   2.5554550764729278e-01	   5.8480951543130555e-01	   4.7985191946624983e-01	   5.9035159023365869e-01	   6.2289085243789677e-01	   9.3108166290865357e-01	   8.7740117111436111e-01	   8.5760342437138781e-01	   8.9999568387915507e-01	   8.8664047767280474e-01	   7.6813245135807662e-01	   7.5325651297480711e-01	   8.8421017848050121e-01	   9.7397883303831678e-01	   7.5237082112456821e-01	   4.7217644882594845e-01	   6.3484054192705586e-01	   7.8092220734496287e-01	   5.8145635772833271e-01	   6.8323237202067189e-01	   6.7781079396299415e-01	   5.9900300920025384e-01	   6.4313780640197526e-01	   6.2156822074965112e-01	   4.5583412792650568e-01	   9.2713634575795489e-01	   5.4581646872508394e-01	   5.5242997277973405e-01	   6.3598249243543759e-01	   8.3401467856403788e-01	   8.8618781971779059e-01	   7.1945277110269168e-01	   5.6832016309989131e-01	   5.8494664645759353e-01	   5.0726350226029981e-01	   9.1374211542520301e-01	   5.4587815586305122e-01	   3.7368942927026516e-01	   2.2460049475427496e-01	   8.9400601992290107e-01	   9.4698121678184621e-01	   9.9403237706121550e-01	   8.2782593028225782e-01	   8.9992142230697292e-01	   8.9738203169180975e-01	   7.3380166215655662e-01	   6.4162090819621709e-01	   6.4241039583258841e-01	   6.5466155768293666e-01	   5.5687342342047730e-01	   6.3218075979630461e-01	   8.1073367179349665e-01	   7.3319552779549946e-01	   7.9331032731627715e-01	   6.7624154204201758e-01	   8.0459104268811044e-01	   8.0937530423217297e-01	   9.2913355912334294e-01	   8.9912710808336471e-01	   1.0825672470492707e+00	   9.6468331155738640e-01	   7.2597262446202238e-01	   6.2845874724066952e-01	   1.0293440754625678e+00	   8.9227107882742807e-01	   9.3216564074397312e-01	   7.3968089832681216e-01	   7.8401288195955643e-01	   9.3266177284834895e-01	   7.8297392008981537e-01	   4.7547902672285586e-01	   9.0045951674117775e-01	   8.9052307864563551e-01	   9.9110220946307104e-01	   9.8448547454551349e-01	   7.7777026447615483e-01	   1.0225069371516373e+00	   7.0714327173551572e-01	   8.4634534044303955e-01	   6.1635348364199016e-01	   6.9924901202333423e-01	   4.7894688081406073e-01	   7.1687511998245335e-01	   3.4461247449023213e-01	   7.0771869800995513e-01	   9.0893895092456822e-01	   1.0409088984885329e+00	   8.8969048516727745e-01	   9.5795481689674333e-01	   1.0317808279133642e+00	  -1.2646200357946050e-01	
   8.0618855309301118e-01	   5.6745841693291932e-01	   9.1358912418110172e-01	   1.3861399992851775e+00	   5.4592380969620180e-01	   4.3200643191592658e-01	   1.3791457133563332e+00	   1.6154193282907703e+00	   8.3793290991343838e-01	   0.0000000000000000e+00	   9.0853777782427370e-01	   9.8123204138604203e-01	   7.8396909785445856e-01	   1.1323418863169783e+00	   7.4808060987032587e-01	   1.3656908173157820e+00	   8.4491511256814300e-01	   4.9163486008777035e-01	   8.9874078815585901e-01	   1.0655295409677541e+00	   7.4718604292011181e-01	   6.2818554404852567e-01	   4.4388736485978286e-01	   4.7613267814106064e-01	  -1.6381641378908088e-01	  -1.6527144433767232e-01	   7.3893613091276433e-01	   7.8606374746791552e-01	   4.9839825867403720e-01	   6.3913589995231879e-01	   7.8476983599022809e-01	   9.9984985351875222e-01	   8.2151215505506281e-01	   8.7128903644133626e-01	   7.3260752720477407e-01	   6.5929725671034800e-01	   6.2690550983631232e-01	   5.7755781702756326e-01	   4.9896011723965267e-01	   4.8008194494824064e-01	   4.4776502434449006e-01	   3.9350924100840434e-01	   4.3970561178556128e-01	   3.0786338369903488e-01	   2.5281805434893645e-01	   2.8654691881902622e-01	   3.1776827559780629e-01	   3.2193761247423935e-01	   3.6568732976346180e-01	   1.6551384930941634e-01	   6.8361791282806561e-01	   2.8460876125874335e-01	   4.1013551073245907e-01	   2.8438685896591559e-01	   6.9984366365672757e-01	   5.8229201136868158e-01	   5.6781728805559828e-01	   4.0353879411931687e-01	   4.1439890115716715e-01	   4.7036180925320586e-01	   8.9955508698906939e-01	   9.3747049496979895e-01	   5.1486453085188300e-01	   3.5710156841740548e-01	   4.7543139317928840e-01	   7.9370025915289244e-01	   7.0114731663707819e-01	   6.6342891687622285e-01	   9.0078389519499880e-01	   1.0934324363658772e+00	   7.9628618108242688e-01	   8.6723628054837021e-01	   6.0848471815623451e-01	   4.1331491963039663e-01	   4.2703242031180200e-01	   5.2957440243751308e-01	   8.1061374049614299e-01	   7.5884153899545204e-01	   7.3760319316832135e-01	   3.6412434987088727e-01	   7.8611199443654312e-01	   3.6527581956030608e-01	   6.6184946896695673e-01	   8.9364939511955344e-01	   7.8186156748762203e-01	   6.1050285634761048e-01	   7.4859531643452182e-01	   8.4862378072666333e-01	   1.0033736969968015e+00	   1.0889253872998965e+00	   9.0034804233075472e-01	   7.5150254431226560e-01	   6.7631892371558722e-01	   5.4178448012766589e-01	   3.7607337861123846e-01	   1.2719771178888226e-01	   5.6207604568199077e-01	   7.3444000263515796e-01	   6.6798559880295616e-01	   8.0841112935730430e-01	   8.2388724139986058e-01	   7.6407821301950107e-01	   9.8841065319357735e-01	   7.9192607804634063e-01	   9.3860739325419917e-01	   7.1671672937192121e-01	   6.6861958219100837e-01	   9.7307010615158274e-01	   6.8303658551210414e-02	   4.1449282389987407e-01	   5.9273523091961799e-01	   6.0522711634206638e-01	   6.8757706345496239e-01	   7.0282205824391086e-01	   7.9668995851285540e-01	  -1.5420892664615182e-01	
   1.2551183087640654e+00	   8.8240517913699712e-01	   1.1867430430503016e+00	   9.9671081098296999e-01	   7.6405755240449258e-01	   3.8391175671689964e-01	   1.4155493068453735e+00	   1.0202436594488002e+00	   1.1969844949247235e+00	   9.0853777782427370e-01	   0.0000000000000000e+00	   8.6947630345872040e-01	   1.5052678878320960e+00	   1.0238554949015672e+00	   1.2305621366758390e+00	   9.6559318464373911e-01	   1.2220015268581064e+00	   1.0376583841430231e+00	   1.2858487208416793e+00	   1.0255268353920177e+00	   8.0008959643277688e-01	   6.6352003994057285e-01	   6.4848593493336637e-01	   4.5944116129617041e-01	  -2.8563818693474109e-02	  -5.7157840991324087e-02	   6.1373505276667406e-01	   5.2574070032154552e-01	   9.7090742343455450e-01	   1.0318183773263685e+00	   9.5848166287945824e-01	   8.6518883479406283e-01	   1.1478579066822807e+00	   1.0833324495463303e+00	   7.1322389760400062e-01	   6.0546794677039406e-01	   9.2313484509925559e-01	   8.4398516838164073e-01	   9.1697899358100710e-01	   7.5884094938870839e-01	   7.0300385567646873e-01	   7.2926338026948789e-01	   6.0228190428544681e-01	   4.7914128604534123e-01	   4.4429232870431123e-01	   4.8176125108221646e-01	   4.6332269472094795e-01	   5.0389497594205501e-01	   4.8716136629207191e-01	   2.9339439089948260e-01	   7.6928387611581961e-01	   3.9192645985804275e-01	   5.3144991600447011e-01	   4.6321858089004786e-01	   8.8123366209918674e-01	   7.7041563848275252e-01	   9.3029743421752764e-01	   7.1631120410481308e-01	   5.0256547102953519e-01	   4.8178693886449259e-01	   1.0660079277826959e+00	   6.2807227593685744e-01	   7.1995948003258659e-01	   5.3045685070082893e-01	   5.7007087107436916e-01	   5.8581587856452688e-01	   7.6150731241433811e-01	   6.5002283196984023e-01	   9.7181668310533287e-01	   8.7962330335832262e-01	   9.9469627821418305e-01	   8.5845093533542594e-01	   9.3527360380112456e-01	   8.1603704520118847e-01	   7.3779155938312968e-01	   9.2880233905296983e-01	   1.2074014006177052e+00	   8.1052642200021485e-01	   1.0816348333895613e+00	   8.3248143851858414e-01	   1.0480854658849159e+00	   7.7499836736703498e-01	   1.2286475763660720e+00	   1.2023790025104486e+00	   1.0797475303032369e+00	   7.2465784519422283e-01	   8.7184098009712896e-01	   7.5346025777249070e-01	   1.0603972865192739e+00	   8.5278215073741825e-01	   7.5517301163442252e-01	   7.4688699138598302e-01	   5.3976124197614062e-01	   8.1922375446388851e-01	   6.5904436133574429e-01	   3.6092521422718182e-01	   8.4426810580198119e-01	   7.3858843616627312e-01	   8.6814298187084216e-01	   1.1098324448123207e+00	   7.1850065082721537e-01	   8.5741314576761640e-01	   8.7123115893735537e-01	   8.4363829939360602e-01	   7.2964661497262007e-01	   6.9832664458637661e-01	   5.3963413573593255e-01	   8.5470068285457756e-01	   3.6329892274078418e-01	   6.8776148739864340e-01	   6.7381416767199476e-01	   8.2875959424471923e-01	   7.7412406091732078e-01	   8.4916131620022672e-01	   1.0447497026634858e+00	  -1.4149565248794968e-01	
   8.7268667498681229e-01	   6.7647137093795928e-01	   6.9144653946901247e-01	   1.0289138067479568e+00	   4.2206623654952435e-01	   3.9947242389573079e-01	   9.1752822268525092e-01	   1.2144402624969046e+00	   5.9580360508745966e-01	   9.8123204138604203e-01	   8.6947630345872040e-01	   0.0000000000000000e+00	   7.3789031849192055e-01	   1.4319661989552248e+00	   6.1413569356975151e-01	   1.0367630624170712e+00	   1.0727593079796611e+00	   7.3145894617619911e-01	   8.6312104307229032e-01	   1.0765122865371679e+00	   5.4811381536623749e-01	   5.3741806876986242e-01	   2.3941979921974607e-01	   3.6699978142508405e-01	  -1.3180201183396881e-01	  -9.5835656064133579e-02	   4.7294480611419909e-01	   4.7592103424479237e-01	   8.8128828917407687e-01	   9.9717384873461046e-01	   6.8223312480811604e-01	   9.5394459346311633e-01	   1.1382237146092988e+00	   1.2866241554335871e+00	   4.8710570744806136e-01	   4.8599387535309935e-01	   5.4938468022420439e-01	   5.3152930504832907e-01	   5.5634282026134674e-01	   5.7171833107545023e-01	   6.7032580413805487e-01	   5.9120795175819363e-01	   4.1199530767745324e-01	   3.3897884678549095e-01	   2.9675038643452145e-01	   3.4853982522298388e-01	   3.4095158414983001e-01	   3.2774819731175625e-01	   3.9056850717747171e-01	   2.9596565819113330e-01	   6.6398475869811346e-01	   4.2698302207918276e-01	   5.3068425284426290e-01	   2.9308135413237230e-01	   7.4682997837747145e-01	   5.8363485806429893e-01	   6.0390417507524763e-01	   4.5730833851370195e-01	   5.1933667721487375e-01	   6.3907963974332260e-01	   8.4420485479536511e-01	   1.1632867778187106e+00	   8.1753561024455867e-01	   9.4976088365359534e-01	   2.4133781532976623e-01	   6.5117491926289461e-01	   6.0464702971786921e-01	   7.3531283577795037e-01	   7.3106408926011079e-01	   7.7418778339949623e-01	   8.1734420522971052e-01	   9.3204500623815123e-01	   7.4261202438352980e-01	   6.4933672994849434e-01	   5.3560332835792046e-01	   6.7180206878708371e-01	   8.3801629925790866e-01	   9.7632170920291605e-01	   8.2897407162146686e-01	   5.5792360590235535e-01	   1.1749951791917328e+00	   7.0109156231607739e-01	   7.2993744999696886e-01	   1.0162509676273630e+00	   7.3700611255279791e-01	   6.7491068519886677e-01	   4.3446650722963309e-01	   5.4940966142001324e-01	   6.9812281610045923e-01	   8.8580486163873295e-01	   7.5130696816866627e-01	   5.3068076980336210e-01	   4.5954131827610745e-01	   4.7752092973199789e-01	   3.3809779218416769e-01	   1.6873330237785072e-01	   5.1154093795267508e-01	   6.8893935004373297e-01	   5.9724352908028511e-01	   7.2261305221407224e-01	   4.1208515771059911e-01	   5.5183762933742275e-01	   7.1959343830499556e-01	   6.7191285133801049e-01	   8.2039716469123825e-01	   5.0376774347774300e-01	   5.3295650761296254e-01	   6.3540844108104100e-01	   1.1489148620279220e-01	   4.1071470690108614e-01	   5.5456051523483696e-01	   6.2822162788907787e-01	   6.1030031412199848e-01	   5.9258382800536014e-01	   6.1717420939421985e-01	  -3.4258210770760256e-01	
   1.0336836248788359e+00	   6.6603565461725323e-01	   1.0017858093981225e+00	   7.7468967640136199e-01	   4.8646778725694806e-01	   1.0457070752589520e-01	   1.1225430436047588e+00	   9.0209311340707909e-01	   8.6296454051233273e-01	   7.8396909785445856e-01	   1.5052678878320960e+00	   7.3789031849192055e-01	   0.0000000000000000e+00	   9.9676249613899148e-01	   1.1667767775790971e+00	   9.3790316373926441e-01	   1.1735523590505963e+00	   8.8555910746542987e-01	   9.7633650177884168e-01	   8.0103572102839948e-01	   7.0244611786900690e-01	   5.5317994597451436e-01	   5.8212378578920587e-01	   3.9448807901059635e-01	  -1.0981699605236714e-01	  -1.7322213089829216e-01	   5.6845555097130618e-01	   3.8489680107900526e-01	   8.6907118788478066e-01	   9.3126808207545353e-01	   9.1126578926132396e-01	   7.3885929715604193e-01	   1.0296768283956332e+00	   8.8130803297431759e-01	   6.3839169823049036e-01	   4.4007357690975957e-01	   9.1769782495587915e-01	   8.0706065758424383e-01	   8.0130806056013926e-01	   6.9592921046899914e-01	   6.5389999812399713e-01	   8.4836675412761298e-01	   5.3633046826901210e-01	   4.8304079430411262e-01	   3.5258316740788309e-01	   3.7599158511778669e-01	   4.5197527387054959e-01	   4.8841143723078828e-01	   4.3539082339598900e-01	   2.2370448626034717e-01	   6.8121484136080135e-01	   2.9153432541442070e-01	   4.7361023093629062e-01	   3.5874852287681802e-01	   8.9908863267531425e-01	   6.6837695464065006e-01	   7.3346431414806246e-01	   4.7611314057772475e-01	   3.3842159537501892e-01	   3.0471272508695219e-01	   7.4586293526057623e-01	   4.7450784833919835e-01	   7.5624263397911673e-01	   5.2541424256439639e-01	   4.0345138243575240e-01	   3.1449320265157771e-01	   5.8095399011014226e-01	   4.6325037131949703e-01	   9.0474391967580758e-01	   7.5920275135919502e-01	   1.0223640528135756e+00	   8.3553097983240143e-01	   1.0002166633108602e+00	   8.1033987856399659e-01	   8.6064137013284703e-01	   9.9187688788184258e-01	   1.2805623880786019e+00	   7.5288626689246019e-01	   8.4692227940971143e-01	   6.1118566348738701e-01	   9.5503199343688927e-01	   5.9574466257576852e-01	   1.1589298058694826e+00	   9.9369581785481031e-01	   9.2480088464862187e-01	   5.6896366140099008e-01	   8.3928696121436408e-01	   8.0153997856331882e-01	   8.5984021172705782e-01	   6.4248520324103819e-01	   5.6585680231500457e-01	   5.5498838351716950e-01	   3.2712799632376477e-01	   5.2114475632888890e-01	   5.6859814996331992e-01	   2.4026989459432091e-01	   8.1171871184102173e-01	   6.2795491917456592e-01	   7.4297895541551051e-01	   9.4270209942352168e-01	   6.6749723317245691e-01	   6.7560161469816538e-01	   8.8402980363148342e-01	   7.1648725682117442e-01	   7.2961497341480086e-01	   6.4595870592440219e-01	   4.5810449922111657e-01	   8.2358306972034612e-01	   3.5944310750683101e-01	   6.6734103355430430e-01	   5.8371354045450263e-01	   6.1261334274731527e-01	   6.6668074687575907e-01	   7.3648978340427707e-01	   9.3800347578123255e-01	  -1.4080186366254849e-01	
