   0.0000000000000000e+00	   9.8115949816624393e-01	  -4.9408650350285332e-01	  -3.8385854070329878e-01	  -3.7143683224895890e-01	  -2.6497177462518207e-01	  -2.3115023704793197e-01	  -7.7991186132052970e-02	  -1.5952996480750287e-01	  -1.0855424926151171e-01	   7.2185964953967507e-01	   6.5211486744134695e-01	   4.4123441586473833e-01	   5.1285151352689451e-01	   2.1837640511467107e-01	   1.7466543889826658e-01	   6.8224729223234337e-01	   7.1656320426968245e-01	   4.5094914653425155e-01	   3.3297046847504874e-01	  -1.1445634603223258e-01	  -1.6458160002900868e-01	  -1.7102364437651540e-01	  -2.1062513818525158e-01	  -4.6016719219706109e-01	  -3.2484104354503929e-01	  -4.0798230773088962e-01	  -3.1382602991252506e-01	   6.2738611822217227e-01	   6.8171002698894567e-01	   1.1185719501478918e-02	  -1.2637095458118874e-01	   1.0502622487651808e-01	   1.2638899091007191e-01	  -2.8896120060284536e-01	  -1.7381861020600656e-01	   2.1384312231056068e-01	   6.0590933411327130e-03	   2.5596120811243550e-01	   4.4755042424310193e-02	   9.5595585012541548e-02	   1.8263472639330267e-01	   2.2795315233927488e-01	   2.7995878948892772e-01	   1.0460059301885932e-01	   1.1260613358614582e-01	   2.9034329183512159e-01	   2.1576067234461713e-01	   2.5086570397369824e-02	  -5.5651843430667994e-02	  -1.3645544356493405e-01	  -2.1945067914248989e-01	  -3.0447542274183729e-02	  -1.2488036438288529e-01	   2.3967584936640832e-01	   1.5453083889405306e-01	   6.6683043158236177e-01	   7.9162920079210541e-01	   1.9481729304674314e-01	   1.4721060447470147e-01	   5.4462089993025509e-01	   1.1334698160121612e-01	   7.9657733030752897e-01	   8.2200406134639947e-01	  -2.4634821253557282e-01	  -2.7665914982260298e-01	  -1.5228215818687879e-01	  -1.4796781042691753e-01	   4.9879901362016044e-01	   1.0076410437055373e-01	   2.2365933575785955e-02	   3.2883216174085503e-02	   2.8660576578305980e-01	   2.2709156046925272e-01	   3.4321416142789846e-01	   1.5124234986335916e-01	   4.8593464822334259e-01	   4.2791624143261464e-01	   4.5884328179019962e-01	   5.0995374941707439e-01	   4.7233215690625929e-01	   6.5299558746784381e-01	   1.8605016500331234e-01	   1.1462494612393845e-01	   1.5913323038027236e-01	   2.2554784165006436e-01	  -4.5140423931741572e-02	  -3.7811691524557427e-02	   1.2374829400095341e-01	  -4.9664945362735587e-02	   1.2505008711879631e-01	  -1.3832225077975815e-01	  -1.1052624048637594e-02	  -1.6732005680800466e-01	   3.3905414734449307e-01	   1.5074977529496494e-01	   4.0152744959164793e-01	   4.5417240166442324e-01	   5.1252287562391052e-01	   6.6675172589776088e-01	   1.7842996391034177e-01	   1.4596420687749717e-01	   2.7373615554443215e-01	   3.7941227213463069e-01	   8.2194413106809666e-02	   1.2923078126695756e-01	   2.2249939000983182e-01	   1.7488314161906374e-01	   3.1639005587437896e-01	   1.5994976638437094e-01	   5.4088158869537842e-02	   4.9141958519124135e-01	   6.7194804200733915e-01	   7.4608398951679966e-01	   2.7687744126651737e-01	   1.1495079891497038e-01	
   9.8115949816624393e-01	   0.0000000000000000e+00	  -4.7789381304074152e-01	  -1.1363725371464937e-01	  -2.9048461728449715e-01	  -4.1330279670718242e-02	  -2.9488306531379027e-01	   5.6604053330285176e-02	  -2.3898584077647439e-01	  -7.5783042703433348e-02	   6.3584200141985014e-01	   8.2533246394463522e-01	   4.5211462641513644e-01	   5.8502365169730353e-01	   2.1775767583025749e-01	   2.4623914160400995e-01	   6.9331041960444628e-01	   6.1357459727771368e-01	   4.1046641041102078e-01	   6.3050242672246570e-01	   3.8649441695155107e-02	   7.6902830243912895e-02	  -2.2242879850932257e-01	  -1.3882104145746541e-01	  -2.2845203029015265e-01	  -9.8715433120216356e-02	  -2.2144474991744731e-01	  -1.0175107776216633e-01	   7.1719178361206770e-01	   6.8744997305012390e-01	   6.7953295575624129e-02	   4.0242257014311096e-03	   1.9265627978482974e-01	   3.1865848143961539e-01	  -7.4581100998345612e-02	   6.6669286978941256e-02	   4.0658062887276702e-01	   3.0826509533329621e-01	   5.0685906100494971e-01	   3.8357321344952860e-01	   4.0578632520929164e-01	   6.4313883325341914e-01	   3.9239332480339456e-01	   4.0361548470580716e-01	   2.0955534966158323e-01	   2.3150299593390392e-01	   5.2558837880333775e-01	   4.1064439349037735e-01	   1.7426963615721644e-01	   1.2779200220030107e-01	   2.0430200146314459e-01	  -4.3732827378377019e-02	   3.3416693423478028e-01	  -2.7346774855578578e-02	   6.0561532787943906e-01	   5.3821984558781732e-01	   5.2538761388658262e-01	   9.3952022496062015e-01	   4.4552332118426891e-01	   4.9965810011058243e-01	   4.9461595907013717e-01	   2.5333364517157320e-01	   6.9582201870595051e-01	   8.7255411596279575e-01	  -1.9202402713359315e-01	  -7.9665130742796061e-02	   4.1407647193943645e-02	   5.3995862285087487e-02	   4.6424273926588494e-01	   3.1674912447296405e-01	   2.0247480005720334e-01	   3.1244647494004174e-01	   5.2028877249654837e-01	   4.8709358111933482e-01	   4.6202216372024751e-01	   4.0912693297381852e-01	   6.7451517398044836e-01	   6.9783415899283163e-01	   4.9465706913949892e-01	   6.4938376666218744e-01	   6.3488960844182829e-01	   9.0794350201956164e-01	   3.9449067219559886e-01	   3.3778386514711783e-01	   2.8745882434193759e-01	   4.1059791216241337e-01	   1.4071364719899249e-01	   1.2601018510502301e-01	   2.4098255007268621e-01	   2.5972853763686793e-01	   2.5874282785026942e-01	  -2.7022881978042779e-01	   7.8289761883784989e-02	  -2.1745243043649656e-01	   4.1867605104098099e-01	   4.3703803059859581e-01	   7.2562797948336177e-01	   6.9572291142098008e-01	   8.5438335744002480e-01	   8.3807192433776900e-01	   4.0555700050931698e-01	   2.4738097560910294e-01	   5.6061540023261380e-01	   4.6157493007536632e-01	   3.1684825356657337e-01	   2.7353289766655392e-01	   4.7735259722968376e-01	   3.9238180877927753e-01	   2.8769996840221040e-01	   3.6406346993423733e-01	   3.3853762298717832e-01	   6.4318675918201340e-01	   7.1588117637286830e-01	   8.4500909484604958e-01	   4.4801304237934580e-01	   6.6791463227248840e-02	
  -4.9408650350285332e-01	  -4.7789381304074152e-01	   0.0000000000000000e+00	   9.4488708735678439e-01	   1.1877077946695638e+00	   6.5269389720746218e-01	   1.4031312463297014e+00	   6.0368566676619295e-01	   7.7061425319498977e-01	   5.2847567051479072e-01	  -3.4815251544909900e-02	  -1.6397477280799666e-01	   1.3117306665152137e-01	   4.3925126005786685e-02	   4.1700263919186031e-01	   4.3400231955363744e-01	  -5.8235163252825051e-01	  -5.5461684276818080e-01	   3.2988262476656327e-01	   2.5056081489238219e-01	   4.8786108431763375e-01	   4.8524578079345532e-01	   9.4610170415660877e-01	   9.1675376104763573e-01	   1.0015622437257332e+00	   8.1913920412771912e-01	   1.0834241639458415e+00	   9.0119116183746173e-01	  -3.7950368934218742e-01	  -5.8553935332041829e-01	   5.6881439100588582e-01	   5.8632030292461590e-01	   6.6518547764151581e-01	   4.3016493061379002e-01	   6.5673896845668878e-01	   4.4043176513072679e-01	   2.4745635923784615e-01	   3.3983326229981953e-01	   1.8661300638556599e-01	   1.9863555616950940e-01	   6.2927410354092883e-02	   6.7210961508165634e-03	  -6.1807548126549677e-02	  -1.6628687585296906e-01	  -1.0203211581069578e-01	  -1.1864738387503689e-01	  -1.1017235855868478e-01	  -1.1064238622535739e-01	  -1.2792095486287697e-01	  -2.0974181048315138e-02	   3.0470736869211162e-01	   3.9380387706536996e-01	   2.4620242743257559e-01	   2.8871634700818588e-01	   1.0004876244301070e-01	   1.3672975230677045e-01	  -6.7496679999903408e-01	  -4.8320901703930785e-01	   5.7223756279813465e-02	  -6.8117899155587802e-03	   1.5781664855015654e-01	   2.4099925974923653e-01	  -8.4651988360375477e-02	  -2.7203957317150490e-01	   7.4071155820501400e-01	   7.8627932803969336e-01	   6.9436692789322596e-01	   6.0331449652081559e-01	   1.0335907265617614e-01	   2.9650367943944350e-01	   3.3282502523168167e-01	   2.6481183703551459e-01	   3.9890910221481987e-02	   4.9017283465778811e-03	  -1.4493900113892771e-01	   1.0829166478751402e-01	  -2.1149608028844777e-01	  -8.9211845644185384e-02	  -6.3310086924247999e-01	  -5.4388826038412841e-01	  -1.2566880529295255e-01	  -3.9503690825969162e-01	   1.1936546323986377e-01	   4.5284634757227292e-02	   3.9104820533600609e-01	   3.7659986353221397e-01	   5.0471227540285168e-01	   3.5601749511945685e-01	   4.6901892490507946e-01	   4.9968314881666415e-01	   4.1064112543150311e-01	   6.9788648650874319e-01	   5.8311587620563599e-01	   9.4338004553015498e-01	  -3.4457673207756739e-01	  -2.5915939365482904e-01	  -2.2260424168931975e-01	  -3.6030740992556215e-01	  -9.3836874790611230e-02	  -1.6893547695428751e-01	   2.7526080224937310e-01	   5.3630992380301068e-01	   1.1915399008844697e-01	   3.0703836116209754e-01	   2.9555580228458517e-01	   4.2806097455796582e-01	   1.4333732588878234e-01	   3.1373354169660317e-01	  -2.3169021879430995e-01	  -2.9566389451205127e-01	   1.7903720282819924e-01	  -4.2911803078679400e-01	  -1.0750976708814836e-01	  -3.9259809393106854e-01	  -6.7051782168126600e-02	  -3.0096988915461681e-01	
  -3.8385854070329878e-01	  -1.1363725371464937e-01	   9.4488708735678439e-01	   0.0000000000000000e+00	   1.0089042455688055e+00	   1.2099112515487096e+00	   8.1456899425758400e-01	   1.2532486190970902e+00	   6.4508909371253165e-01	   9.1029845612394911e-01	   1.1963843761738309e-01	   2.0543774815828841e-01	   2.9984001300098034e-01	   3.0236397811243532e-01	   5.9932757407229853e-01	   6.9443649406090491e-01	  -3.9851941610694541e-01	  -4.2764157868831959e-01	   3.1233028688183928e-01	   5.0003377438165009e-01	   8.2733107719262622e-01	   9.7344648919585919e-01	   6.3830160827804294e-01	   9.4317190108260163e-01	   1.1530251553821214e+00	   1.2962306672057082e+00	   1.0430888330861827e+00	   1.1326775606058606e+00	  -1.0475959625839810e-01	  -2.8345617373940579e-01	   7.7483272989514917e-01	   9.7451749150674105e-01	   6.9981514444910131e-01	   8.0964416015803320e-01	   9.3323981565744618e-01	   8.8573232381665801e-01	   4.5270478467339698e-01	   6.3806603769899772e-01	   5.3748815355564206e-01	   5.0311983898576618e-01	   3.3201817122424121e-01	   2.7640820826981966e-01	   2.6112337001373220e-01	   6.5861500007055457e-02	   8.6938720680688392e-02	  -3.4326879385352944e-03	   2.0634050212241095e-01	   1.4211522758752604e-01	  -3.8742350529608775e-02	  -8.9429154205885764e-02	   2.9460128858416446e-01	   1.8906271677676148e-01	   2.8638997393584403e-01	   1.4980717121767889e-01	   3.5208272174056338e-01	   3.1508492345320649e-01	  -5.9696986898321414e-01	  -2.9342714183331009e-01	   1.9985675782189019e-01	   1.2082099125163152e-01	   2.9435860527592311e-01	   6.1126112304214986e-01	   1.8105101731072798e-01	   6.9267292962799890e-02	   8.1540691009636757e-01	   1.1743602417046293e+00	   8.8943745757282222e-01	   8.2501649493019047e-01	  -8.2894396932700672e-03	   5.8994562819186391e-01	   4.7897381772121322e-01	   5.0851312498267243e-01	   1.2051433973876001e-01	   1.1666332809555637e-01	   9.9319554640724967e-03	   3.2799730835438334e-01	   5.3099288552262064e-02	   2.4824301852120578e-01	  -2.7462773853090028e-01	  -2.9090419600608225e-01	   2.9277035992291078e-01	  -2.9222355654365349e-02	   5.3300214956304981e-01	   4.2146844447190668e-01	   7.4925369750168103e-01	   6.2698021786103053e-01	   7.7195214969156767e-01	   5.7925899270183767e-01	   6.8106474915663306e-01	   7.5143964188379175e-01	   7.7776729968780722e-01	   4.9559283242575858e-01	   1.0216040483595972e+00	   7.9477570726130986e-01	  -2.2162205156643594e-01	   1.1905779474575295e-01	   1.4148947112591637e-01	  -7.6281037736749078e-03	   3.4997465993619964e-01	   1.4354752037769353e-01	   6.9810906108125981e-01	   6.3902980399004250e-01	   4.7318425509801687e-01	   4.4690230235884076e-01	   7.0981893404489260e-01	   7.3984791388760818e-01	   2.6811192835569148e-01	   4.7371630512061946e-01	  -1.0976329937641965e-01	   8.6331371256972267e-02	   4.8699287184891826e-01	  -7.7999299235571844e-03	   1.6202263730765909e-01	  -3.3772722229805388e-02	   2.4551080989923135e-01	  -2.6229196718427102e-02	
  -3.7143683224895890e-01	  -2.9048461728449715e-01	   1.1877077946695638e+00	   1.0089042455688055e+00	   0.0000000000000000e+00	   1.1147588246304316e+00	   1.4327299964149793e+00	   8.8322224541761285e-01	   1.3740418156364558e+00	   8.7579687064233780e-01	   1.8864306874475256e-01	   1.5198502279924106e-01	   4.1960212855422646e-01	   3.4069470876651153e-01	   7.9306061080813961e-01	   7.7408032844935926e-01	  -4.8726261773892865e-01	  -5.0880920202742308e-01	   4.2885391020666586e-01	   4.3446804189048283e-01	   5.6218023562683328e-01	   5.8618307151521498e-01	   9.1302641706196341e-01	   1.0179442905488696e+00	   9.3992680557257169e-01	   9.2250481302703902e-01	   1.2113970696492133e+00	   1.1607732268963256e+00	  -1.6401639772208992e-01	  -3.4604516799102780e-01	   7.5701502560515910e-01	   7.6914003475609471e-01	   8.0428033667664700e-01	   6.7805028492593411e-01	   9.3180815112976889e-01	   7.4988636496964645e-01	   4.1912500292568167e-01	   6.5206310233630083e-01	   4.2109059298972229e-01	   4.0428373737009615e-01	   8.3322475670618651e-02	   1.4338873239117350e-01	   5.5907107582289749e-02	  -1.1794732354701384e-01	   2.3442451178134170e-02	   1.0858907153720666e-02	  -2.7938922146989353e-02	  -9.4263372458055550e-02	  -7.6279774773010595e-02	   1.5169296396432660e-01	   3.9807524957534979e-01	   5.3040478736307861e-01	   3.9639258859367665e-01	   4.9149104342209193e-01	   2.7678923472369688e-01	   3.0633307983470059e-01	  -7.3394031807457483e-01	  -3.7888124480369972e-01	   6.6693844927551288e-02	   1.1987656693145020e-02	   4.8319733750833715e-01	   6.5337929945074091e-01	   9.1082997149354875e-02	   3.9517156691182019e-02	   1.0450147654162900e+00	   1.0180883255649285e+00	   8.1439730809956745e-01	   7.0977187303455624e-01	   2.2985925365568766e-01	   5.7743760149882795e-01	   5.2324948594305121e-01	   3.9098891246427842e-01	   9.0972213922953127e-02	   5.0125798430879227e-02	  -4.0910984883765884e-02	   2.0859100449759216e-01	   5.3551910412824241e-02	   1.5742083880600216e-01	  -4.1628263636110485e-01	  -4.1101568530333960e-01	   1.7189008377281817e-01	  -1.8113567960568874e-01	   4.5096565114009202e-01	   3.7139332457579866e-01	   6.5981379923438821e-01	   5.5803612832308347e-01	   8.6347618007211979e-01	   6.2537125452251763e-01	   7.2676395739902089e-01	   8.0995290670163822e-01	   7.3427067174438165e-01	   9.3989316794039968e-01	   8.5273266715871832e-01	   1.1166110973890138e+00	  -2.8463936660701211e-01	  -9.8163446973689575e-02	  -6.0806199351751369e-02	  -2.4423941308857877e-01	   1.3072140728308687e-01	   7.5016601478148356e-02	   4.6004185015613830e-01	   6.1172680779643174e-01	   2.6883088298340596e-01	   3.1480486288944781e-01	   4.2294009322034787e-01	   5.1485902322693078e-01	   8.1043946464960118e-02	   3.0876518866666713e-01	  -1.6825342490029194e-01	  -1.3215283023728658e-01	   2.6636032805240506e-01	  -2.1983388104485654e-01	   4.3095205350532143e-02	  -1.8226966197358710e-01	  -3.0042428869712357e-02	  -1.2345023761542706e-01	
  -2.6497177462518207e-01	  -4.1330279670718242e-02	   6.5269389720746218e-01	   1.2099112515487096e+00	   1.1147588246304316e+00	   0.0000000000000000e+00	   7.9231468549966566e-01	   1.3474943890456519e+00	   9.2602749208818280e-01	   1.3531248600562731e+00	   2.3816212937357098e-01	   3.6497536148648324e-01	   4.0256894781712144e-01	   4.0326044169168929e-01	   6.8740619154518645e-01	   8.5700109868293561e-01	  -3.2850457818316392e-01	  -3.3764287224683853e-01	   3.0697094424179300e-01	   4.6700016030510072e-01	   6.0831583842696824e-01	   7.8511877998408364e-01	   4.6541887655132030e-01	   7.3409393549801216e-01	   8.0198032695959953e-01	   1.0537457987967718e+00	   9.2959238357996599e-01	   1.1846755773322450e+00	   2.0161751678144515e-02	  -1.3690830305256035e-01	   7.6211489213335981e-01	   8.7180470260170062e-01	   8.0313883558559485e-01	   9.6058303064800121e-01	   8.8752887458548801e-01	   8.2829671758614420e-01	   5.5448989795852732e-01	   8.4883854395333636e-01	   6.1804907813691679e-01	   6.6304804725563715e-01	   2.7938785594713328e-01	   3.2621970256113042e-01	   2.8658939434286601e-01	   6.8272981372578589e-02	   1.2831517375812304e-01	   2.4493534295433217e-02	   2.1815826610217007e-01	   1.1043610234438650e-01	   6.5019758538378053e-03	  -1.9914554995631665e-02	   2.7150570104593480e-01	   1.9191032438868930e-01	   3.0579138997672045e-01	   2.5307885279339926e-01	   4.0213352570750083e-01	   3.2767984016235202e-01	  -5.4400336897486135e-01	  -2.2706895670059585e-01	   8.2420687534965134e-02	  -1.4168674276421812e-02	   5.2834101640700804e-01	   9.7259974631174639e-01	   2.8454095421193404e-01	   2.7477161305320363e-01	   8.5554681734285098e-01	   1.0182037908305117e+00	   6.4992567943364721e-01	   5.8933671277887911e-01	   1.1075737555756664e-01	   5.8940793290332794e-01	   4.8078860340601715e-01	   5.1683789325278862e-01	   1.0685176575165597e-01	   8.5967963223410104e-02	  -5.8448770421520628e-02	   2.5109650265667610e-01	   2.1263635906273759e-01	   3.3342817088537019e-01	  -1.3431320403081798e-01	  -1.6873314226655711e-01	   4.2107085643772074e-01	   2.5009475332187475e-02	   6.4577248324203307e-01	   5.6672434658239190e-01	   7.3867581317878328e-01	   5.5871670633505277e-01	   9.2218459226208693e-01	   7.8283286647954731e-01	   7.5359970014173705e-01	   7.6013788760696299e-01	   8.5090607687357622e-01	   5.4415946279648353e-01	   9.7793322945210026e-01	   7.3381207077927668e-01	  -1.6588687333410393e-01	   1.0883769140043610e-01	   1.6584759724278952e-01	   1.0107312072884596e-02	   4.0923873120360710e-01	   2.2928550198221792e-01	   6.4891698503505801e-01	   5.0687807085713876e-01	   4.2644331590506868e-01	   3.0407729097879965e-01	   6.4210750711772879e-01	   5.5604829662888167e-01	   2.1716083689651064e-01	   3.8348146164922808e-01	  -1.3079198354125307e-01	   4.5987971316300537e-02	   4.4747867934491348e-01	   3.8759287535145619e-02	   2.1744751502520895e-01	   4.2599327764252889e-02	   1.4165276903967217e-01	   4.0036416111779848e-02	
  -2.3115023704793197e-01	  -2.9488306531379027e-01	   1.4031312463297014e+00	   8.1456899425758400e-01	   1.4327299964149793e+00	   7.9231468549966566e-01	   0.0000000000000000e+00	   8.3348503270425967e-01	   1.2052721874129804e+00	   7.2257670063319124e-01	   3.0106984368672651e-01	   1.3743556210512847e-01	   5.0770347799957927e-01	   3.7199007152158231e-01	   7.3801508929709925e-01	   7.5019781489978632e-01	  -4.0605961187097367e-01	  -3.9834140770900850e-01	   5.6463135274874199e-01	   4.4070216261866679e-01	   4.9850781068216510e-01	   4.7998914546195981e-01	   1.0086957417175817e+00	   1.0365247656878249e+00	   7.9081560917230775e-01	   7.4212441713166244e-01	   1.0065424047216105e+00	   9.4849410037862236e-01	  -1.3881119657443611e-01	  -3.7352775570940588e-01	   6.6996892902882410e-01	   6.0744743318223304e-01	   9.0862635427660232e-01	   6.0546580334690814e-01	   8.0341950170762222e-01	   5.7388409613745095e-01	   3.9427423641938553e-01	   5.0837266884696919e-01	   3.6089572674823323e-01	   2.9384397918385013e-01	   1.5060999851862999e-01	   9.1832593636566318e-02	  -5.4290696503085413e-02	  -1.9441327596048014e-01	  -5.6149524745257903e-02	  -4.8829237831695113e-02	  -1.0735258452021665e-01	  -1.6057004601366792e-01	  -1.5890457616146614e-01	   6.9057034771234801e-02	   3.0505631462907695e-01	   4.8882208785949488e-01	   3.1893450509694604e-01	   4.5079004533552242e-01	   1.9105279654579191e-01	   2.1698689753708841e-01	  -6.8764031091116207e-01	  -3.8861612619904262e-01	   7.1778431944975490e-02	  -2.9973552794971065e-02	   5.3131662680214542e-01	   5.1963826928450485e-01	   1.6045936534977617e-01	   2.5100137066725439e-02	   9.8763760247658694e-01	   9.3525203764039455e-01	   8.2215807435745569e-01	   6.7082177423603750e-01	   3.5345431987126613e-01	   5.1567724504615253e-01	   4.7703251111741618e-01	   3.3965493449595868e-01	   1.6362090876670243e-01	   9.7414706345138019e-02	   1.2036575240439901e-02	   1.8900259813476067e-01	   2.8541107696880886e-02	   9.8994927904673347e-02	  -4.5603260035027438e-01	  -4.0555685675513403e-01	   9.3587554517126678e-02	  -1.9277186526677062e-01	   2.9914889939352374e-01	   1.8507046070254876e-01	   6.4573787075697686e-01	   5.7033102211751108e-01	   6.7492432315901119e-01	   4.4682213683837879e-01	   7.6657642283724614e-01	   7.3179208208153956e-01	   5.3666923918070886e-01	   9.5651860138781197e-01	   7.8970928695688514e-01	   1.2318164238503733e+00	  -2.9694594705570604e-01	  -1.7704838918062285e-01	  -1.3100077337653748e-01	  -3.0275947623708338e-01	  -3.0132411029571869e-03	   6.0612252363517617e-02	   4.1260693122679903e-01	   7.3044994862161816e-01	   2.1660060957790001e-01	   3.8897971267910808e-01	   3.6604369147722915e-01	   4.7477207424082546e-01	   6.8449806074194139e-02	   3.4859135815140041e-01	  -1.5968423334534293e-01	  -2.4592144710232888e-01	   2.0412386385585579e-01	  -3.1034272211493014e-01	   6.2370834634440035e-02	  -1.7100920922774482e-01	  -9.2213043306813042e-02	  -2.2153447635017995e-01	
  -7.7991186132052970e-02	   5.6604053330285176e-02	   6.0368566676619295e-01	   1.2532486190970902e+00	   8.8322224541761285e-01	   1.3474943890456519e+00	   8.3348503270425967e-01	   0.0000000000000000e+00	   7.5305582711352292e-01	   1.0342329362459080e+00	   4.5709920402559889e-01	   5.5161516594386506e-01	   6.2314766623327666e-01	   6.1616843204246385e-01	   7.6857653893599598e-01	   9.5018344926534237e-01	  -2.1764603215047121e-01	  -2.4726330169022559e-01	   5.1208716788139985e-01	   6.3593000023455193e-01	   7.3282018193054643e-01	   8.4254423614341734e-01	   5.5090549495553665e-01	   8.4301164607016410e-01	   7.1080950902946516e-01	   9.4522696082134483e-01	   7.9207765518384698e-01	   1.0121505765190446e+00	   1.2496388918426213e-01	  -6.2934280152822805e-02	   7.7558687773585544e-01	   9.4614569452093122e-01	   9.1857454394259364e-01	   1.0497831662140842e+00	   9.4941927386271108e-01	   9.6170825904201063e-01	   4.9632228434335601e-01	   7.1115756910334771e-01	   6.4308785869467777e-01	   5.1185390524748153e-01	   3.4316120514216869e-01	   2.6478631516546641e-01	   3.0271950337953141e-01	   8.4806077241566580e-02	   1.7195864558071647e-01	   8.8679765753015075e-02	   2.4661900445475388e-01	   1.1926403830884549e-01	  -4.1253578990951008e-02	  -7.8435606865034938e-02	   2.0010406962423999e-01	   1.1001658033219730e-01	   2.0855733357003003e-01	   1.6316079495333280e-01	   3.8175485476688548e-01	   3.0426442601451681e-01	  -5.5283026732999008e-01	  -2.1353027883580850e-01	   2.0641118400503028e-01	   4.5429307327333489e-02	   6.7657708794441562e-01	   1.0403663810477699e+00	   5.0692094111181507e-01	   4.3216270048221506e-01	   8.8964142009390712e-01	   1.2056329470402658e+00	   8.9214350815378896e-01	   8.1551954886100897e-01	   2.2867255331297398e-01	   7.8265148288678510e-01	   4.9044028605147816e-01	   4.4841343723002725e-01	   1.5558419323626352e-01	   1.2058789733617917e-01	   1.1340211232052923e-01	   3.1932188983255760e-01	   2.7362311453882404e-01	   3.8330461750599648e-01	  -1.0960360730546512e-01	  -1.4653915146787863e-01	   5.3907864693529617e-01	   1.1583308035694087e-01	   6.3787946441747556e-01	   5.0679833412518094e-01	   9.3115761523932716e-01	   7.2552054762527851e-01	   7.6131891139968044e-01	   5.8399121597953063e-01	   7.5129871030929540e-01	   7.5182656854506880e-01	   7.7403007334388974e-01	   5.1326649111331357e-01	   1.1728397051504889e+00	   7.8747169401250072e-01	  -7.8317941268025146e-02	   1.0882834950324975e-01	   2.3315776614299022e-01	   3.4413401191564781e-02	   4.3106987437465022e-01	   2.9593311133776795e-01	   7.8317548806447301e-01	   6.8565636399170393e-01	   4.7615323301364532e-01	   4.9956616461073189e-01	   7.1486528937019567e-01	   7.2062406087860675e-01	   2.2124124058147868e-01	   4.7689175973562770e-01	   2.0476477348327707e-02	   9.7523121062631807e-02	   4.8749946851517850e-01	   8.8346838138678635e-02	   3.8314881431702930e-01	   1.9922234916310994e-01	   2.3417738158366641e-01	   1.7708459265134362e-02	
  -1.5952996480750287e-01	  -2.3898584077647439e-01	   7.7061425319498977e-01	   6.4508909371253165e-01	   1.3740418156364558e+00	   9.2602749208818280e-01	   1.2052721874129804e+00	   7.5305582711352292e-01	   0.0000000000000000e+00	   9.7640086463726372e-01	   3.4498966674111192e-01	   2.2848536293759436e-01	   5.4083283001896953e-01	   4.2556724351815600e-01	   8.2245751257093891e-01	   7.4698505000653315e-01	  -3.3747378617915225e-01	  -3.1185326522973622e-01	   4.4938071984618932e-01	   3.5764145948424986e-01	   3.8355854566528369e-01	   3.8563820961430012e-01	   7.2920263763428461e-01	   7.8369784641454809e-01	   5.5213574923082787e-01	   5.5793831218838785e-01	   7.3867573689829458e-01	   7.3642058931438403e-01	  -2.7307329460876318e-02	  -1.8751833240013624e-01	   5.9950417550153401e-01	   5.0397092062359283e-01	   6.9534622072916918e-01	   5.6793450172551285e-01	   6.9117228612716053e-01	   5.5208036902637270e-01	   3.6759512303685971e-01	   5.4802197331884195e-01	   3.4277567650762125e-01	   2.9230480297144423e-01	   9.0061890169443951e-02	   1.2502356689722233e-01	  -1.4324761883075822e-03	  -1.4764449680437791e-01	  -2.2724614889825679e-02	  -2.1667417439331330e-02	  -1.1162351010022761e-01	  -1.8865717119421468e-01	  -1.2906694909876890e-01	   1.0231648008951597e-01	   2.4690847736103047e-01	   4.3499866219988403e-01	   3.1076239277939671e-01	   4.9844734256059925e-01	   1.3773346767917996e-01	   1.5155802296525664e-01	  -5.1453577362563296e-01	  -2.4394878698014569e-01	   1.2864836837059709e-02	  -6.2258776307991238e-02	   6.1144410777745528e-01	   7.1349116123259892e-01	   2.1774122271052951e-01	   2.0562387965158685e-01	   9.0181214198696624e-01	   7.8302761592783809e-01	   5.9994871017194140e-01	   5.1006824820608254e-01	   2.6461249658446201e-01	   5.0542375770757886e-01	   5.8464126062895416e-01	   4.2584694706653581e-01	   1.6166242121650881e-01	   1.2642340250539963e-01	   2.9892358057310945e-02	   2.1548943774453611e-01	   1.2038801055938771e-01	   1.6856849962090933e-01	  -2.9378725282192047e-01	  -3.4967841859345927e-01	   1.8687057436344143e-01	  -1.3185593952764893e-01	   3.7876284766443524e-01	   3.3599908683908108e-01	   6.2125722814507967e-01	   4.5445205170478331e-01	   7.3666353512545735e-01	   5.5627105879007566e-01	   7.3645313309802329e-01	   6.3948981184219911e-01	   6.2175057885437868e-01	   9.7054099940664340e-01	   7.2960501953871315e-01	   1.0823009443154734e+00	  -4.4241816551768059e-01	  -2.0667363705973313e-01	  -1.5498035514765221e-01	  -2.9034736524304644e-01	   8.6280789477360190e-02	   1.9098390028234055e-01	   4.3305417556270359e-01	   5.7974648343764201e-01	   2.1232349388537111e-01	   2.6750465510098614e-01	   2.8871283979485407e-01	   3.3263089593492406e-01	   2.5410415977113490e-02	   2.1570420685896816e-01	  -2.8364771694750790e-01	  -2.2278063896313641e-01	   8.3120789708628157e-02	  -1.9984859464457785e-01	   5.6085194603962413e-02	  -9.1950760384689204e-02	  -1.3015083175252773e-01	  -7.5338460192023435e-02	
  -1.0855424926151171e-01	  -7.5783042703433348e-02	   5.2847567051479072e-01	   9.1029845612394911e-01	   8.7579687064233780e-01	   1.3531248600562731e+00	   7.2257670063319124e-01	   1.0342329362459080e+00	   9.7640086463726372e-01	   0.0000000000000000e+00	   2.7351482861422854e-01	   3.9660155021930199e-01	   3.8761865409774698e-01	   4.5060222039425857e-01	   7.1427686932705003e-01	   9.0891291576794742e-01	  -2.0621417120331073e-01	  -1.4642511445320822e-01	   2.3872185554256220e-01	   3.2212972238721910e-01	   5.4387863939769254e-01	   6.4828390336190012e-01	   3.8477002365523566e-01	   6.4721413894525659e-01	   6.2078455239017871e-01	   7.9056411203168375e-01	   6.5851180639173479e-01	   7.3543002288820247e-01	   5.4416295381928922e-02	  -7.2173054843622866e-02	   7.0292174293437593e-01	   7.3180001236417047e-01	   5.7690580056546636e-01	   7.2725572673693317e-01	   5.8199300921249242e-01	   4.9157066735335164e-01	   5.4402136566494785e-01	   6.6685811586701094e-01	   5.4126808019043493e-01	   4.8142454887569641e-01	   3.4089244374084876e-01	   1.9087637986878772e-01	   2.5252181828130837e-01	   7.5530268309563955e-02	   4.3907377786739497e-02	  -6.4043249513403053e-02	   1.6370172245456363e-01	   5.3171063601315620e-02	  -6.9836534982559609e-02	  -1.3034458290926440e-01	   1.1839469246576625e-01	   7.5506684495810036e-02	   2.2702892384264367e-01	   2.3663934240651274e-01	   2.1133184815364475e-01	   1.1503256221039859e-01	  -3.4614752347890243e-01	  -1.0252583679285321e-01	  -2.2969933709524062e-02	  -1.2936861587081153e-01	   4.8667291268978630e-01	   8.7922749206038142e-01	   3.1677446819602917e-01	   3.1299057033965699e-01	   7.3091684138033697e-01	   7.6776785731529817e-01	   4.2300342147418357e-01	   3.5173522064048601e-01	   1.3753980447483981e-02	   4.2704445409651748e-01	   5.2587685259624406e-01	   6.0468810631421688e-01	   1.7593465262933344e-01	   1.7120704548793461e-01	   1.6431813297274677e-02	   3.0501244031582564e-01	   1.9701472251763533e-01	   3.7083500789567109e-01	  -3.5135292443475769e-02	  -1.3354909683931737e-01	   4.2037476410516394e-01	   8.2132640560355769e-02	   5.9794357027260947e-01	   4.5885301837779957e-01	   7.0122987801285064e-01	   4.6444662558759986e-01	   7.0593550268054328e-01	   5.9277245171999027e-01	   6.7662392619378542e-01	   6.0118704795485189e-01	   8.0873847165210044e-01	   5.4218495049969706e-01	   9.1458011243930848e-01	   6.9553792613175014e-01	  -3.4600108176358974e-01	   9.6246360321455129e-02	   8.4886542117158514e-03	  -8.4442909325875809e-02	   3.3026588306160520e-01	   2.4605577813194787e-01	   5.8816360977950932e-01	   4.4232761407940591e-01	   2.7841182938382225e-01	   2.0685244072052586e-01	   4.2088703998164212e-01	   3.4532254167709131e-01	   5.1441426768246944e-02	   2.3634103984564506e-01	  -2.1740177167388891e-01	  -1.8525329624221192e-02	   2.8725668697767703e-01	   9.1464173980950442e-02	   1.3423489841141534e-01	   4.6861962502199192e-02	  -1.4124192308657526e-02	   3.1852333937574424e-02	
   7.2185964953967507e-01	   6.3584200141985014e-01	  -3.4815251544909900e-02	   1.1963843761738309e-01	   1.8864306874475256e-01	   2.3816212937357098e-01	   3.0106984368672651e-01	   4.5709920402559889e-01	   3.4498966674111192e-01	   2.7351482861422854e-01	   0.0000000000000000e+00	   1.0880217549089808e+00	   1.4317609567004095e+00	   1.3366606381456407e+00	   7.4459956340404743e-01	   6.8535399298223965e-01	   3.4175823833237345e-01	   3.2292184696733411e-01	   8.7565351444214801e-01	   8.0845562304449814e-01	   1.7814403621917482e-01	   1.2842559442418910e-01	   3.1608145184309566e-01	   3.8511623524430411e-01	   2.5515076174503319e-02	   1.4798542499323897e-01	   1.4398702180497663e-01	   2.2967503365409125e-01	   5.8515942091283657e-01	   4.1458426662615888e-01	   3.6687948319304475e-01	   2.0736948490346876e-01	   4.5818129304144689e-01	   4.2709491620342510e-01	   2.8575432634518488e-01	   3.2410504976640475e-01	   4.5975358349330891e-01	   3.7346705051611639e-01	   5.2738046089100687e-01	   2.9888939664732173e-01	   3.3601041424764849e-01	   3.6167323199688184e-01	   1.8449415767099711e-01	   1.1674159804063064e-01	   1.6269179381407636e-01	   2.4920751429330534e-01	   1.6603801482447322e-01	   8.6078105412951911e-02	   2.4873344287252970e-02	   2.1587999621106607e-01	   1.8292547669396270e-01	   2.2589652544901556e-01	   3.1046613221102592e-01	   2.3221823107335643e-01	   4.5756792782362216e-01	   3.8280080110544046e-01	  -4.5749441405258072e-02	   2.9034551646743201e-01	   3.1490190408187163e-01	   2.3343220748214075e-01	   1.0506159034866969e+00	   5.5878506581064313e-01	   9.6284137208314913e-01	   8.9247438522020783e-01	   3.1799591072831102e-01	   3.1023493900697424e-01	   4.3198059404899786e-01	   3.9884394883926921e-01	   6.2390642435977217e-01	   6.4862375402607531e-01	   4.1535561731569831e-01	   2.9144644995327351e-01	   4.3262943938522369e-01	   3.6783479177504658e-01	   5.1222427818269189e-01	   4.0390774245941924e-01	   5.9653473730047590e-01	   5.2946106686282102e-01	   5.2938067239967697e-02	   1.4131430758207386e-01	   5.8787626296620898e-01	   5.4842852156710631e-01	   4.9544908112367814e-01	   3.9497429474234852e-01	   6.7236867788135757e-01	   6.5421204603592331e-01	   3.8820568040070802e-01	   1.7678267272810427e-01	   6.2344242445742726e-01	   4.6435108065923897e-01	   4.4935326237116918e-01	   2.5732900156014327e-01	   4.3588315333919875e-01	   3.5291781505462000e-01	   1.1737558311339084e-01	   2.1123740807994573e-01	   2.4455200301293703e-01	   1.5900959933291700e-01	   4.4513087224641473e-01	   6.6791454673103512e-01	   5.4320289290679380e-01	   5.9106194475821350e-01	   3.8715284499681313e-01	   4.1871916030225081e-01	   3.8121974540620451e-01	   3.9292101790625028e-01	   1.1492002008803508e-01	   3.1891447596641376e-01	   1.5264294984879290e-01	   1.2124540948041954e-01	   1.7585590547525565e-01	   2.2687364889347383e-01	   5.6275150488920267e-01	   5.1050235503238028e-01	   1.9470177717080309e-01	   1.5604593793813093e-01	
   6.5211486744134695e-01	   8.2533246394463522e-01	  -1.6397477280799666e-01	   2.0543774815828841e-01	   1.5198502279924106e-01	   3.6497536148648324e-01	   1.3743556210512847e-01	   5.5161516594386506e-01	   2.2848536293759436e-01	   3.9660155021930199e-01	   1.0880217549089808e+00	   0.0000000000000000e+00	   9.0433778310212731e-01	   1.3615649063094240e+00	   5.7827514755135867e-01	   7.3294056054516021e-01	   4.2998816134727386e-01	   3.8311781985764909e-01	   5.7986494332262972e-01	   7.7217364519351739e-01	   3.4482475025170900e-01	   3.3789601607627512e-01	   7.1816225085888988e-02	   2.8175538213560991e-01	   3.6442232936759807e-02	   2.0733975636673033e-01	   8.0098767520564648e-02	   1.8410815272396089e-01	   7.5924168869689257e-01	   6.0861231106415747e-01	   4.4127770361451002e-01	   4.2452125281226577e-01	   5.2640056654908640e-01	   7.2498041964372117e-01	   2.9259308771820991e-01	   3.9560342128114240e-01	   6.9165320247978501e-01	   6.1578596764456384e-01	   8.0265358553616906e-01	   4.7723043751366234e-01	   5.8456439762904333e-01	   6.5606115109907659e-01	   4.8640474156936797e-01	   3.7464232868374664e-01	   3.6342524116634201e-01	   3.6615564141317458e-01	   4.8964227996317905e-01	   3.5142822829576065e-01	   2.7051458107404169e-01	   2.1941211467547120e-01	   2.7461659432097613e-01	   9.4896485826589522e-02	   3.4229499535448499e-01	   1.1810848941451695e-01	   5.8402521003639352e-01	   4.5232700444592100e-01	   6.5794457758796956e-02	   4.9334153948727355e-01	   3.3822087455235877e-01	   2.7309331104255380e-01	   8.9513304055912790e-01	   7.8700749494851119e-01	   8.9428642287168836e-01	   1.1919016887370009e+00	   2.2519389065122891e-01	   3.0059779752131327e-01	   3.6891687778622723e-01	   3.2892284006176015e-01	   4.1342356733769214e-01	   6.5909815455451004e-01	   5.9144425344897444e-01	   5.4854592678834346e-01	   6.2268112563933242e-01	   5.5655390314484221e-01	   7.3386887924330246e-01	   6.3197065916530104e-01	   8.8486550082249460e-01	   1.0005812968453391e+00	   4.2496758419599473e-01	   3.4550096895745686e-01	   9.2854669576215443e-01	   7.0301467345479618e-01	   6.7687497851868217e-01	   5.9813308437832224e-01	   6.7703370970729382e-01	   6.4620733371910744e-01	   4.1466174951975349e-01	   2.9154782866927165e-01	   4.8997434267802631e-01	   4.4734261050114771e-01	   4.9768940438210868e-01	   9.7031408210226031e-02	   4.0259862650076517e-01	   1.6164088288180190e-01	   2.3135503561588980e-01	   2.8033208861612724e-01	   5.5073548613471934e-01	   4.3432274948795940e-01	   7.6358519351980492e-01	   8.5744326879118216e-01	   4.9091671168916506e-01	   3.7477765082191367e-01	   4.2860511977390203e-01	   4.0121081089917798e-01	   4.8702913578337259e-01	   5.0113097675474672e-01	   2.4651640419656151e-01	   3.0225224303623954e-01	   2.0156398997612535e-01	   1.8961331583361932e-01	   3.9043545272717439e-01	   4.9426724703483027e-01	   7.7234115846080098e-01	   7.5529000694629689e-01	   2.5442974945700847e-01	   1.2875042901580827e-01	
   4.4123441586473833e-01	   4.5211462641513644e-01	   1.3117306665152137e-01	   2.9984001300098034e-01	   4.1960212855422646e-01	   4.0256894781712144e-01	   5.0770347799957927e-01	   6.2314766623327666e-01	   5.4083283001896953e-01	   3.8761865409774698e-01	   1.4317609567004095e+00	   9.0433778310212731e-01	   0.0000000000000000e+00	   1.4155276410078450e+00	   1.0347094602347942e+00	   8.6524379313052169e-01	   1.6554892420843270e-01	   1.1104239027104350e-01	   8.3087572815010491e-01	   8.2989237671600358e-01	   3.1662630783472978e-01	   2.4718719890638424e-01	   4.7290227175065513e-01	   5.5502903639400991e-01	   1.9075302217472045e-01	   2.9988692917492510e-01	   3.3805363653352810e-01	   4.1487615387237631e-01	   4.9185936722596879e-01	   2.3394190275661203e-01	   5.0267775935718650e-01	   3.2300696082422442e-01	   6.0975400294581850e-01	   5.2997848571881290e-01	   4.8023339990291636e-01	   5.1955344862865749e-01	   4.8034480202522667e-01	   5.2320805810184545e-01	   5.8143500782122637e-01	   4.2120892924598929e-01	   3.0087289199565959e-01	   4.0923891630303372e-01	   7.5757431839074865e-02	  -4.5366090053311645e-02	   8.3564906631155206e-02	   1.8544446410859855e-01	   4.3458076073311494e-02	  -6.3080385124325788e-02	  -7.9635987763082908e-02	   2.9909552622289726e-01	   2.3659209572077011e-01	   4.3793588611148926e-01	   4.1940940457759290e-01	   4.4918873920894797e-01	   4.3175254227833298e-01	   4.3636476941654623e-01	  -2.3255092075044259e-01	   1.1488193893453547e-01	   2.3721413882257009e-01	   1.7079743504717404e-01	   9.9402428981815016e-01	   5.8379809576361030e-01	   7.9791552529110454e-01	   6.5687136354240105e-01	   4.7856861520360539e-01	   4.7275369009250162e-01	   5.3102257061883118e-01	   5.0170249989746374e-01	   6.2796943151436491e-01	   7.5882017438232141e-01	   4.6793686741803692e-01	   3.1028370538102146e-01	   3.8000295716868193e-01	   3.2253825043286927e-01	   4.2631503854958630e-01	   4.0985307091312662e-01	   5.6184784478065231e-01	   5.1721318047109111e-01	  -2.5924975035438651e-02	   8.1419197131002971e-02	   6.1337654227211347e-01	   5.0411921824468375e-01	   6.5938530001953677e-01	   5.2488214973971492e-01	   8.7618362091373714e-01	   8.9686501376451300e-01	   5.8069328472051718e-01	   3.7406117765910951e-01	   7.8550421381396451e-01	   7.3713886175497367e-01	   5.4915754547766127e-01	   4.9198187560743023e-01	   6.0718441091418329e-01	   5.5004864706684065e-01	   1.0179013661989098e-01	   2.1434935315449960e-01	   1.9680215116363284e-01	   7.0087875668996755e-02	   3.4400779403699738e-01	   5.6332852085092910e-01	   6.5216999463057945e-01	   8.1683290278714749e-01	   5.1928606878528749e-01	   5.1764352454665152e-01	   4.0107710164168581e-01	   4.2317976622102965e-01	   1.9526828041359991e-02	   3.1634276088006791e-01	   1.3944051565159546e-01	   1.1600917797796886e-01	   1.8912424767716357e-01	   1.7551395793437832e-01	   4.5296962503621196e-01	   4.1855036833031417e-01	   2.0165215752108007e-01	   6.3477308040978994e-02	
