   0.0000000000000000e+00	   1.1234150470106661e+00	   2.3336700207690064e-01	   2.9931083611646592e-01	   1.5622618474205924e-03	  -1.0541143595609521e-03	   2.5232180605371168e-01	   3.0992383907407184e-01	   1.8796456176933243e-01	  -1.9939988532346997e-01	   7.6768046902380793e-01	   7.2449225380531057e-01	   5.9436140842713014e-01	   4.8377102329509325e-01	   4.6520627512773793e-01	   6.8029128824455054e-02	   1.0133297438351720e+00	   7.8492254838691777e-01	   6.6186339434488506e-01	   7.2213345545167762e-01	   2.5659821294304341e-01	   2.1949255893404732e-01	  -3.5382875349855576e-02	  -1.1428381260870143e-01	   1.4604838933663644e-01	  -6.7087066000900045e-02	   3.4289889334648654e-01	   3.5746221491980079e-01	   5.6456988833961441e-01	   5.6520779720101244e-01	   8.7955322757334096e-04	  -3.7636009514274080e-02	   5.7476530182214580e-01	   6.9473247093669788e-01	   3.8040049926455732e-01	   4.5160214053831577e-01	   1.0077670004174330e-01	   2.8070366894164589e-01	   3.5925013707815501e-01	   5.7721414726483999e-01	   4.1391892202103342e-01	   5.0918559087443294e-01	   5.2557882282425539e-01	   5.9386038182137779e-01	   6.9124064583653477e-01	   8.0115913497288038e-01	   7.5161327851599735e-01	   9.1285194536540781e-01	   7.9504547194951991e-01	   8.0058264049782624e-01	   8.2914777217483893e-01	   8.7079807905109452e-01	   6.7691224883503831e-01	   6.3999282832363513e-01	   8.3233285794969536e-01	   9.0274403923157587e-01	   1.1703511501785933e+00	   7.6568134432825863e-01	   8.0005188117797976e-01	   7.4900933397439784e-01	   5.6352790256880958e-01	   5.3420617445942886e-01	   4.1990321060371155e-01	   3.9833487906623982e-01	   8.1428080497976438e-02	   2.8881493510547490e-01	   5.4453403686700141e-01	   6.7039738024476736e-01	   4.3406242999023420e-01	   4.5027031373137433e-01	   3.8888197323395418e-01	  -3.8957698721076468e-02	   6.7834894371047183e-01	   6.3137003092285382e-01	   7.1293036840723722e-01	   5.9753129820677686e-01	   3.3616810730409941e-01	   6.0811127676857701e-01	   6.7631215819891521e-01	   7.0505409257015039e-01	   7.4767697532746846e-01	   7.6004640483666752e-01	   5.9237503043543627e-01	   5.2644286604006663e-01	   3.0665767963984503e-01	   3.3795312115078868e-01	   2.8811914619643203e-01	   4.1594865962304906e-01	   4.2810768593683229e-01	   5.6537578500222907e-01	   2.2123927554471015e-01	  -1.1335522085423032e-01	  -1.1537804686788991e-01	  -2.6555287059972921e-01	   2.1235352291742998e-01	   3.2434125508297812e-01	   6.9932080394650575e-01	   7.6236157435725649e-01	   6.8348774776978682e-01	   8.4840769244480607e-01	  -1.3836523845763712e-01	  -1.4620073819413823e-01	  -1.4598225731032674e-01	   1.5302083927233187e-01	  -3.3120844248736719e-01	  -4.2121319450484851e-01	   1.7342065768378337e-01	  -1.4684289867288322e-01	   1.3988762172500999e-01	   7.1150386762242479e-01	   6.8210915600203181e-01	   4.6072347604175673e-01	   2.1498241891737699e-01	   3.3600648464124266e-01	  -1.0394991071165173e-01	  -4.7042111703269851e-01	
   1.1234150470106661e+00	   0.0000000000000000e+00	   2.5115678218819204e-01	   4.0499805950271062e-01	   2.0364951276985949e-01	   1.4262426831721978e-01	   6.9045863113433484e-02	   1.2331380908368214e-01	   1.5376048192401484e-01	  -6.3674271567688526e-02	   4.6746252359652263e-01	   5.2632589919888673e-01	   4.0855300743452194e-01	   5.4350585153427666e-01	   5.2940538439459706e-01	   1.7585997756919763e-01	   9.6233276093063458e-01	   7.3007597775175836e-01	   6.2324277367385461e-01	   8.0425186555699368e-01	   4.3781467779894012e-01	   4.2677841704845232e-01	   1.2729685300141655e-01	   1.1312888092722105e-01	   4.1105771845830402e-01	   2.1646238570920009e-01	   6.5969895413328605e-01	   6.2968390522218476e-01	   3.1510074255646525e-01	   3.4172020342380666e-01	   3.8705081692625695e-02	   8.6776388772151838e-02	   4.9236648007206701e-01	   6.0442909033953152e-01	   5.6084173689934447e-01	   5.7419053041537904e-01	   2.5300403763089419e-01	   4.1263594968756168e-01	   4.2156855450633429e-01	   7.6908258728923229e-01	   6.8188036133903673e-01	   6.8183353161086258e-01	   6.2834790256474948e-01	   6.4091220846947350e-01	   7.0137398185492461e-01	   7.8273446623029974e-01	   8.0176960680031018e-01	   8.9038608781226758e-01	   6.9097177711990510e-01	   7.7099636387129966e-01	   8.5131868127882604e-01	   8.4489042493004674e-01	   6.9231590199397441e-01	   6.9930352055097944e-01	   7.0966358960602993e-01	   8.3033768311947775e-01	   1.3258137931476290e+00	   1.0424018158994512e+00	   6.4313161468976077e-01	   7.8786714775871469e-01	   3.5661653549685490e-01	   3.6262964813806275e-01	   2.9522891840510213e-01	   3.0011369652909836e-01	   9.1814866862598571e-02	   3.6033073600519494e-01	   5.6591941296022785e-01	   6.5663959153324669e-01	   6.7600076103327578e-01	   7.9145254036077339e-01	   3.4068216585738664e-01	  -1.0720958739135569e-01	   5.5114063387554268e-01	   3.5707383189678860e-01	   4.7464259387877400e-01	   4.3868149637953946e-01	   3.3641245407997339e-01	   5.1797905075774642e-01	   7.8781021122227801e-01	   8.4979740415035998e-01	   9.4358446733970835e-01	   1.0915064040606863e+00	   9.1834606294239540e-01	   7.5330755618546474e-01	   6.2499573105765749e-01	   6.4984452742610865e-01	   5.1948677971380508e-01	   5.9934916623982837e-01	   5.2296138061305475e-01	   7.4735997638620921e-01	   1.3979718290315751e-01	  -1.0603248980581119e-01	  -1.0966270530813144e-01	  -2.1183497753833525e-01	   3.9757515606018190e-01	   4.9560518915152474e-01	   7.1636165905946503e-01	   7.1900683397886100e-01	   5.0487901509721578e-01	   6.1832461622703383e-01	  -1.5453604503167542e-01	  -2.5294670081720289e-01	  -1.6059883091869606e-01	   2.4920830716762044e-02	  -2.6701198293306105e-01	  -3.5633256985096790e-01	   7.8864452756685910e-02	  -1.3343705286144422e-01	   1.1828875604759501e-01	   6.8965035028947463e-01	   6.8150967304910415e-01	   3.4933161386700645e-01	  -6.4360071958556335e-03	   3.3421116655089678e-01	   2.7125714502337677e-02	  -4.0161699324374928e-01	
   2.3336700207690064e-01	   2.5115678218819204e-01	   0.0000000000000000e+00	   6.8034930525277204e-01	   6.9108057684171431e-01	   4.9484269351593640e-01	   9.3756071294755183e-01	   2.8760193913222182e-01	   5.9018102886714807e-01	   4.5471615136406807e-01	   2.6071636729418135e-01	   2.9694946738942563e-01	   6.2263768986674495e-01	   5.0252295096901833e-01	   6.1238099481144836e-01	   5.8383123811803084e-01	   2.7903896424876135e-02	  -3.7371520534202174e-02	   6.2203524942508537e-01	   3.4214559121496907e-01	   2.2307262227576999e-01	   1.0220377045777829e-01	   1.1011378031388588e+00	   7.5788404555902611e-01	   7.2455336441843587e-01	   7.4197961090842213e-01	   4.5444029678513254e-01	   4.4978065236408288e-01	  -3.6508007505985519e-02	  -1.0533109645460356e-01	   6.9012647049076359e-01	   8.5755842129335436e-01	   7.7790341471279534e-01	   6.1365927656086616e-01	   8.3738653510280603e-01	   6.2481642444829633e-01	  -1.0982181626498061e-01	  -1.9366639669667540e-01	   1.1693367561496759e-01	  -4.4246476402058765e-03	   9.0266880429082513e-02	  -2.3529338009871902e-02	   2.0371116419414917e-01	   1.7134096424667844e-01	   2.0215028464949181e-01	   1.9282673990617244e-01	   1.6021393680811657e-01	   2.0185940212992956e-01	   2.3506372958535759e-01	   1.4507196654971447e-01	   5.1944072222331938e-01	   2.6328415611811135e-01	   2.5826777109678645e-01	   1.5251285569183615e-01	   2.4422683161084518e-02	   6.2516084603975522e-02	   7.4121326971910859e-02	   3.7137726445902942e-02	   2.4759105987391453e-01	  -5.6119284662291642e-03	   2.9273088440808520e-01	   2.1118421083077393e-01	   8.8807631616569363e-02	   5.0338672980347651e-02	   6.8804294101897523e-01	   5.0582276447915886e-01	   7.2744575514420207e-01	   5.3406991596755315e-01	   2.5169644142256709e-01	   4.3799172745643677e-01	   2.6711722212411487e-01	  -1.6115372799303129e-01	   1.4905195303094187e-01	   6.7113644873900383e-02	   2.5166848079137716e-01	   2.0114706492345230e-01	   1.3054602362753931e-01	   3.2144821798582141e-01	  -1.5090188706798760e-01	  -3.4319836695798536e-02	   3.8883756256867796e-02	   1.0809815532131845e-01	   4.5070926788150056e-01	   2.1859977468721770e-01	   5.8457222834607170e-01	   4.9821121056523521e-01	   2.5568679798556770e-01	   1.9316178440177639e-01	   4.5123645512694388e-01	   3.7383705352085539e-01	   4.0329111496960883e-02	   3.8407002369443621e-01	   3.2933366116124407e-01	   6.3551175909369673e-01	   9.5433281400155695e-02	  -6.0720748117711595e-02	   1.5878334771526201e-01	  -4.1718163822278664e-02	  -7.6403353666626012e-02	   2.5269088656442226e-02	   3.7288814212024096e-02	   4.2637498590679290e-01	  -1.8831941707642830e-01	  -1.1898846154819410e-02	  -3.3759630581360606e-01	  -1.0320729809794252e-01	   2.2658851057725538e-01	   2.3631033019887138e-01	  -1.8245932639143864e-01	   9.4104218684305588e-03	   1.7771050897943083e-01	   1.3358879796444571e-02	   6.1141939034366224e-02	   1.4020551179956808e-01	   4.2161738345456432e-02	  -5.8510035932685467e-01	
   2.9931083611646592e-01	   4.0499805950271062e-01	   6.8034930525277204e-01	   0.0000000000000000e+00	   3.2747712737315710e-01	   6.9603377016666268e-01	   4.8925901969746166e-01	   7.1681358976650489e-01	   3.5131869817141109e-01	   5.8404675376941284e-01	   1.3412063841015406e-01	   4.5649772705501412e-01	   4.7469554631284372e-01	   6.5925352441114415e-01	   5.2211485899929511e-01	   5.9625224147431366e-01	   1.3224193593849076e-01	   1.3909847895531180e-01	   3.4835298139390858e-01	   3.6758800575837691e-01	   1.5600238789604787e-01	   1.1685325210332821e-01	   5.1122213136550065e-01	   7.4375909411697405e-01	   4.6319391267091381e-01	   4.7464350519401477e-01	   5.2855457849139276e-01	   4.2507137676137607e-01	  -1.0577630833794519e-01	  -3.9814355610688502e-02	   2.7963040648970905e-01	   5.1883450277153575e-01	   4.9094744727018824e-01	   5.4206268468846441e-01	   6.2028495400415440e-01	   6.1630792321996786e-01	   1.4089359416418043e-02	   9.3505646001794229e-02	   2.2218992234483365e-01	   2.1753580869700456e-01	   2.5786146310610158e-01	   2.3316002286836832e-01	   5.9447402244308285e-02	   7.6392998736705159e-02	   1.0557505388949991e-01	   1.5887510840957120e-01	   9.9524709696035538e-02	   1.3376925839786974e-01	   1.4722214785254253e-01	   1.5249644748617458e-01	   4.1069037492021676e-01	   2.8459184956843542e-01	   2.2670589607187533e-01	   1.5635666727486427e-01	   1.1311594333624286e-01	   1.1574791931637639e-01	   2.2061673371742452e-01	   1.7989401176453118e-01	   2.3525055812139789e-01	   9.9883524795225706e-02	   3.0941319553223173e-01	   4.0709279664555459e-01	   5.6705974535379490e-02	   1.4527228644742868e-01	   4.6953809354561049e-01	   8.0515906663367609e-01	   5.6420396877267320e-01	   5.9885180351481027e-01	   3.4279933205382646e-01	   3.5481134909137563e-01	   1.0917500950285924e-01	  -1.7405914353668001e-01	   1.0459832305320520e-01	   3.6649174336787593e-03	   1.8202957312067511e-01	   2.7801610319960868e-01	   4.3337429681313072e-02	   2.5659641376465725e-01	   3.5361331522349021e-02	   1.6645464345237684e-01	   2.5229279257389359e-01	   4.2260411371460743e-01	   5.4862796186080276e-01	   5.6920242113993114e-01	   5.3277322512510061e-01	   6.8080130709863607e-01	   4.1103677096577068e-01	   4.2978748831629082e-01	   6.4533687826303465e-01	   4.9845180182972676e-01	   1.8342706713021578e-01	   1.5342326924906732e-01	   5.7632305439313414e-01	   3.1342810870643090e-01	   2.4476257713481695e-02	   7.1513328785324681e-02	   1.2247741072102644e-01	   3.7633968398859990e-02	  -6.4224889049986814e-02	  -2.7014179763807548e-02	   3.4230432682776163e-01	   2.3412313070430936e-02	   1.7155049819562417e-02	  -9.9624156912009043e-02	  -2.5064050726776388e-01	  -1.4014468090673685e-01	   2.1929231799780152e-01	   2.8328176731682381e-01	  -9.6030976459426876e-02	   9.8285100962387476e-02	   1.1684315164204430e-01	  -1.5672613006890653e-02	  -2.9235709788984821e-02	   1.9548722823583281e-01	   7.5763616122707669e-02	  -4.1058473441735921e-01	
   1.5622618474205924e-03	   2.0364951276985949e-01	   6.9108057684171431e-01	   3.2747712737315710e-01	   0.0000000000000000e+00	   5.8506208251697167e-01	   3.3113786372983428e-01	  -1.5882647484633294e-01	   8.2226621893517715e-01	   7.1380348672474303e-01	   2.9194775428114991e-02	  -9.0171012407477158e-02	   2.8790991900753227e-01	   2.6638036326183939e-01	   5.6261642079575314e-01	   2.6901631982193630e-01	  -6.6452634037797303e-02	  -1.0243134368752677e-01	   2.6489357665332158e-01	   1.9997865247252006e-01	   2.6313767986065129e-01	   1.8885295324969703e-01	   8.8393294447627802e-01	   6.7392284654234447e-01	   8.9724191821441301e-01	   8.1718170674251900e-01	   7.6844458699774087e-01	   7.4033616247374712e-01	  -2.7561323969543422e-01	  -4.1303735781819351e-01	   2.5609960851361024e-01	   4.5001361566015163e-01	   8.5590800395294458e-02	   3.6637897989450418e-03	   6.2294770922968290e-01	   3.0742661810565491e-01	   3.3331165402639598e-02	  -4.3455797888766162e-02	  -9.9392693335782351e-02	   1.5729637998433621e-01	   7.3818041310369148e-02	   1.3566583385513117e-01	   1.4280042752064639e-01	   1.2621343756106793e-01	   9.6703701453520849e-02	   4.8356544965703727e-02	   6.4854169822916835e-02	   8.8149085980367123e-02	   1.0597249708928572e-01	   3.8459066598525091e-02	   3.4769236318817098e-01	   1.8946073218850720e-01	   1.8906898479444734e-01	   1.8698351540484651e-01	  -5.4152436075185995e-02	   5.9977972328006793e-02	   1.0872373491753705e-03	   4.5516453454973065e-02	  -2.6809415249267849e-02	  -5.8878409899480913e-02	  -2.4390180777514630e-02	  -1.4293404660675066e-01	  -1.7696247334458806e-01	  -2.6179707778867733e-01	   3.7607899268005834e-01	   1.4842049834468971e-01	   3.0865868295811288e-01	   1.6904049009047795e-01	   3.4397556592484624e-01	   3.7317252364421261e-01	   1.6063382650617503e-01	  -2.7209055380453195e-01	  -2.8111532341381827e-02	  -1.7780413184341182e-01	  -6.3833702267392156e-02	   9.1473981921825570e-02	  -2.6643514932647262e-02	   1.4027986697993260e-02	   4.6079361609444355e-02	   7.4470715826703754e-02	   8.1305239351868855e-02	   1.4241113313180814e-01	   3.8644946386825824e-01	   2.7404362235118568e-01	   6.6851226135375030e-01	   5.7256310731387972e-01	   4.0989252422147049e-01	   4.2692986526982390e-01	   2.5834550524729477e-01	   3.7137181314925283e-01	  -1.9883527763741876e-01	   1.9312738729139048e-01	   1.0162928870022256e-03	   5.5848668216659547e-01	   1.3897576931293740e-01	   2.3184196792489936e-01	  -1.0530129531723249e-01	  -1.6538358818803424e-02	  -2.3927876722169267e-01	  -1.4668757885898726e-01	  -2.4441235690457494e-01	   2.1565753669437582e-01	  -2.4462407264916025e-01	  -3.1834823428812259e-01	  -1.8598809886036216e-01	  -8.4580495446030982e-02	   1.0785553395651436e-01	   1.2913971454278339e-01	  -1.5282864006447297e-01	  -7.2798957187411015e-02	  -4.0079743153793417e-02	  -1.4082680948694209e-01	  -3.0814338558369031e-01	  -1.1435800697079178e-01	   9.6240453825187353e-02	  -2.1449599312151482e-01	
  -1.0541143595609521e-03	   1.4262426831721978e-01	   4.9484269351593640e-01	   6.9603377016666268e-01	   5.8506208251697167e-01	   0.0000000000000000e+00	   2.7825991655680099e-01	   2.6868166897057666e-01	   3.4364956290761978e-01	   8.5490135959533542e-01	   9.2564355491528867e-03	   2.2954117469528618e-01	   2.6072420369358973e-01	   3.2294481998322488e-01	   3.0885659616596500e-01	   4.6337347033078913e-01	  -1.6934369484906558e-01	  -9.1476575914215166e-02	   3.6474406834117137e-02	   6.2051335634273778e-02	   2.6035636725478706e-01	   2.4456690282748972e-01	   5.5945992457095639e-01	   7.2286108757585910e-01	   4.4504704710647586e-01	   6.4385456929988005e-01	   4.7574986681267151e-01	   6.2497812949712073e-01	  -1.6083898606735189e-01	  -1.9923712898771267e-01	   1.8386810681712379e-01	   4.7166025732964889e-01	   1.2889946060186555e-01	   1.7426168491367378e-01	   3.1146556438181827e-01	   2.5174590026568627e-01	   2.0469714950049245e-01	   2.0276594317240637e-01	   8.9827259737724444e-02	   2.4016434571976764e-01	   4.1035573724474317e-01	   2.2925271355983340e-01	   6.4535020813269645e-02	   7.7611173118447979e-02	   6.4125247572301952e-02	   4.6668082698676415e-02	  -1.6586472634434645e-04	  -1.0405090261620231e-02	   7.1764648484506824e-02	   1.0599767361299148e-01	   1.9934797068272159e-01	   1.6251538272612170e-01	   1.6979899399518733e-01	   1.8728493543285413e-01	  -2.3243335596509197e-02	   1.3457855012847068e-02	  -4.3660237437210911e-02	   5.1209288273021229e-03	  -2.2742611941236328e-02	  -4.0058810107983914e-02	  -4.5438638740990866e-04	   9.7601250961571059e-02	  -1.0343510232110456e-01	  -3.1783594680292425e-02	   2.3905814417138199e-01	   3.7853742404673008e-01	   1.8891834749948949e-01	   2.1094978875038692e-01	   1.4691743704049615e-01	   1.9516636728465811e-01	   1.5650645930424698e-01	   8.5661914872334488e-03	   9.0055036365700863e-03	  -1.1966147361207816e-01	  -3.7604197108319880e-02	   1.2680554779830774e-01	  -8.9393112843174347e-02	   6.8576407174533172e-02	  -1.1150724820407162e-01	  -2.9090551074854965e-02	   1.2850874703467519e-02	   1.3561023027184418e-01	   3.4287429045349482e-01	   3.5835656873972022e-01	   3.1596128475324536e-01	   3.1809016769514159e-01	   5.1759369728802218e-01	   3.3139643073873648e-01	   2.7579224927132423e-01	   2.7316410396426516e-01	   1.0030532406368640e-01	   1.6999604129184584e-01	   4.2891729935666306e-01	   2.7068503209695999e-01	  -1.0988224493007809e-02	   1.4176076308908983e-01	  -9.0208120197506014e-02	  -1.1298954883413928e-01	  -1.9027538757004536e-01	  -2.4696440284827831e-01	   1.4102013891846687e-02	  -2.1327319663504905e-02	  -1.5426290922532318e-01	  -3.1907879735818351e-01	  -8.0439395182442502e-02	  -1.2164610380807714e-01	  -1.2589141024751520e-02	   1.0781396924550356e-01	   1.1529610552422073e-01	   1.0203739054753353e-03	  -8.9989238107069977e-02	  -1.1848981836000581e-02	  -1.2423235082357277e-01	  -5.9648988091049022e-02	   2.7645698104395509e-02	  -1.2665376363070921e-01	
   2.5232180605371168e-01	   6.9045863113433484e-02	   9.3756071294755183e-01	   4.8925901969746166e-01	   3.3113786372983428e-01	   2.7825991655680099e-01	   0.0000000000000000e+00	   7.4894696639046543e-01	   6.1639302413680930e-01	   3.7735237924252374e-01	   5.6848278508893657e-01	   5.0824967856029701e-01	   1.0344619561755133e+00	   5.9785827152226168e-01	   4.8902025795246934e-01	   5.2666469059399701e-01	   8.7164072170134110e-02	   1.2409121115350298e-01	   3.6705215807005159e-01	   3.5903061675693369e-02	   1.1033674629351405e-02	  -2.1622939549455933e-01	   4.8346579685397717e-01	   3.3450105569221306e-01	   2.1650794075571503e-01	   1.5626935200121592e-01	   5.9534915834955855e-02	   1.0942788720845850e-01	   2.3454142084193830e-01	   1.7188250896674565e-01	   3.5518573703358847e-01	   4.6723498267011543e-01	   5.5341999999942604e-01	   4.9717506881376528e-01	   4.0767050066720972e-01	   3.8298236436207056e-01	  -1.3524296926723853e-01	  -2.3328291321348921e-01	   7.6670094516001014e-02	  -8.1615682526434169e-02	   3.9330755660621643e-02	  -6.4712097713794103e-02	   4.9678787181080528e-02	   4.8875163499066003e-02	   1.8927585699667007e-01	   1.6571522558964044e-01	   1.0735155955648180e-01	   1.1376323856237847e-01	   2.5709662252724136e-01	   1.0999221563446153e-01	   4.1077349648035100e-01	   2.1736605809352336e-01	   2.7961566205191729e-01	   1.3264487409161513e-01	   1.0481109127341097e-01	   5.3494455398709388e-02	   6.8903998446851494e-02	  -4.4817952695853135e-03	   3.0004734268360106e-01	  -9.3450932724837878e-03	   6.8856993653598542e-01	   5.3971124689478833e-01	   4.5163303924580672e-01	   3.8299086733217386e-01	   6.1268092969782206e-01	   4.2176467221655295e-01	   4.9043479218016622e-01	   4.4458136624959421e-01	  -4.0508830420548161e-02	   1.0796905931386135e-01	   2.8235499762960503e-01	  -1.2044635314693726e-01	   2.2938531588597871e-01	   2.6343625534460363e-01	   3.5998581473395153e-01	   2.7341696765519030e-01	   1.2486296076492504e-01	   3.3012855106913369e-01	  -2.0961532962029608e-01	   8.1189728084087691e-03	   7.0995863400848319e-02	   6.0949827690369468e-02	   3.1093411794771164e-01	   1.0444474974760827e-01	   2.6438728656869287e-01	   2.3409644370334748e-01	   1.7954758592578035e-01	   1.2258241619561128e-01	   4.6753568770074228e-01	   3.4326835358624086e-01	   1.4104225037840454e-01	   3.2637382815347593e-01	   2.8749835962681691e-01	   4.3502352418902512e-01	  -6.0762720696330264e-02	  -9.7081072430184906e-02	   1.1851310586166702e-01	  -6.5273112849527790e-02	  -7.7013263828182993e-03	   1.1636525520928191e-01	   1.0350095449644617e-01	   4.1299755688464856e-01	  -8.7893255265760944e-02	   1.1339079719332223e-01	  -4.5916961863750905e-01	  -3.2439947167201483e-01	   4.2461577380773047e-01	   1.8555556887419744e-01	  -1.9600016097538878e-01	   4.0630879772405329e-02	   7.9643901953299109e-02	   6.0212062685872487e-02	   1.8967593997577831e-01	   5.7712348593736404e-02	  -7.3437512332791749e-02	  -6.5659863655409001e-01	
   3.0992383907407184e-01	   1.2331380908368214e-01	   2.8760193913222182e-01	   7.1681358976650489e-01	  -1.5882647484633294e-01	   2.6868166897057666e-01	   7.4894696639046543e-01	   0.0000000000000000e+00	   9.7925278973959848e-02	   2.2340529978689452e-01	   4.5947624453351821e-01	   8.3652992372743473e-01	   6.9134091505388673e-01	   5.3821701251567544e-01	   1.7786925207494755e-01	   3.9068477171824073e-01	   2.1706039922798576e-01	   3.4064532547252002e-01	   1.4720375700872984e-01	   5.1420822283951610e-02	  -4.4380521130167855e-02	  -2.1468022091921696e-01	  -7.0386540504194142e-02	   7.6680269703694043e-02	  -1.4496973423761883e-01	  -1.3723718702925192e-01	  -6.9710104068491013e-02	  -7.6468769806491241e-02	   3.5143214274687434e-01	   4.4558864669343939e-01	   7.8212718464563846e-02	   1.4328840258049599e-01	   4.2132428970517066e-01	   5.6335290515540026e-01	   9.2873838779230292e-02	   2.8686700539739579e-01	   8.0248703186992940e-02	   6.3986563546108738e-02	   3.1182158470510490e-01	   1.3277343468211833e-01	   2.1310756763433689e-01	   1.3923134757989689e-01	  -6.4507088683711369e-02	  -1.0668424411290610e-02	   6.7331936562044101e-02	   1.1722240661868646e-01	   5.5395282671555107e-02	   7.8860260593174497e-02	   1.5685799968748299e-01	   1.4319973172430400e-01	   2.5252471476754801e-01	   2.2505327004625517e-01	   2.1624115437158442e-01	   1.0784459595954010e-01	   2.0459050485604952e-01	   9.9130833267441848e-02	   1.6776027747394467e-01	   1.1618381234696175e-01	   2.7272083884102333e-01	   1.0781978053464715e-01	   5.7598416097428640e-01	   8.2794357808256169e-01	   4.4755942610188937e-01	   6.2678407833363259e-01	   1.3887441095037115e-01	   5.2686092473367219e-01	   3.0074818052587104e-01	   4.7088178711877304e-01	  -1.1987021562305505e-01	   3.6847243264645762e-03	   1.1212365609735397e-01	   5.3361355440007113e-02	   2.4018887509246734e-01	   3.4205834633226018e-01	   3.6108920447036436e-01	   3.5437450472172749e-01	   6.8103386051688516e-02	   3.5688272827295053e-01	  -4.5941742604833163e-02	   1.7960576513245938e-01	   2.2765656519779914e-01	   2.4111444821284544e-01	   2.7153351960646444e-01	   1.9657586354888160e-01	  -3.6299224042853552e-02	   9.2484216097699315e-02	   1.4369083367183783e-01	   1.6664397306511147e-01	   4.3119759566839777e-01	   2.9265816455939558e-01	   3.4627728685970094e-01	   3.5915383709771806e-02	   4.7821694872749088e-01	  -2.6562614275712569e-02	  -1.7831554850557454e-01	  -5.8878366669452710e-02	   1.2303298712853705e-01	   4.1781523458948214e-02	   6.7127894961589163e-02	   1.3986449780585172e-01	   3.0445292045709210e-01	  -1.9416411426561375e-02	   1.1049383840416782e-01	   1.6884587421801672e-01	  -3.8308602918850759e-01	  -2.9595272446519522e-01	   2.6370404865510844e-01	   1.4541082639250416e-01	  -1.2289918192374111e-01	   1.2157216140718183e-01	   6.0733097108971547e-02	   1.4950031521078067e-01	   2.3819879214087575e-01	   1.1279218315846731e-01	  -1.6614249510375501e-01	  -5.1925757256251326e-01	
   1.8796456176933243e-01	   1.5376048192401484e-01	   5.9018102886714807e-01	   3.5131869817141109e-01	   8.2226621893517715e-01	   3.4364956290761978e-01	   6.1639302413680930e-01	   9.7925278973959848e-02	   0.0000000000000000e+00	   4.4331043171975060e-01	   3.4293204639581698e-01	   1.6235529706184038e-01	   6.5542127815128681e-01	   4.5544891236444773e-01	   8.8906822190607981e-01	   3.3902675873108817e-01	   5.2979157984416603e-02	   6.0304007253594923e-02	   3.6517453327708238e-01	   1.9600751256291535e-01	   2.7953707444153306e-02	   2.9012263642822639e-03	   5.7769218011060264e-01	   3.8544051929468004e-01	   4.6721408630010886e-01	   2.9417429088020602e-01	   3.4828976869743700e-01	   3.6207197201309937e-01	  -3.0205602533072511e-02	  -2.0344380587725605e-01	   1.3388446567825285e-01	   2.9861694079136214e-01	   1.6755924551567400e-01	   1.0783455060647640e-01	   3.9250871871776444e-01	   5.0067635391944851e-02	  -6.0729166820070048e-02	  -1.9730563322271938e-01	  -7.3385810984380240e-02	  -2.9237757525367976e-03	  -5.0366833002702137e-02	  -1.3388269439481831e-03	  -4.0618636995822779e-04	   1.1341947186253816e-02	   3.9658065551187872e-02	  -5.3869306964406446e-03	   5.8514732546977206e-02	   1.1766553173021510e-01	   1.5184932226930914e-01	   4.0235155574985471e-02	   2.8007505846602948e-01	   1.5111493891701991e-01	   1.5662722310570729e-01	   1.9059312699167685e-01	  -2.9897140149294892e-02	   8.0743444755181248e-02	   1.0829770762558637e-01	   1.3630441133308616e-01	   1.6172380439899897e-01	   2.3032030768222123e-02	   3.6837369084499133e-01	   1.3986094196280807e-01	   9.2278850066228352e-02	   2.8249640498121805e-03	   4.7031024943179195e-01	   1.3399723419693702e-01	   2.8133849018976709e-01	   1.5505687130112519e-01	   2.1312847600174128e-01	   1.3865190937745511e-01	   8.4930821490058594e-02	  -4.2308692133869630e-01	  -7.8399725700708973e-03	  -3.1808140096262719e-02	   6.0409273463430044e-02	   1.3141973564265499e-01	  -1.5644459974665173e-01	   2.8196728166417695e-03	   5.4831406802727981e-02	   1.5036974012308962e-01	   8.5844818614617902e-02	   1.4724876976190965e-01	   3.4155460748651251e-01	   2.2041615011230042e-01	   4.2122576278482743e-01	   3.8439688454367177e-01	   2.3292251066864186e-01	   2.3020424492971464e-01	   3.6557763276409616e-01	   3.3984335654409320e-01	  -1.6589114227622292e-01	   3.0277761564707295e-01	   9.6628180766783721e-03	   4.0740352823882264e-01	   9.9780283092742259e-03	   1.4047761529800851e-02	  -9.6176111297688785e-02	  -5.2819463829564282e-02	  -1.7853402793291295e-01	  -3.0833905481443932e-02	  -8.2561567226186613e-02	   2.2143654743935606e-01	  -2.7444842385808310e-01	  -1.5210421396991416e-01	  -3.3464388587285704e-01	  -2.8618435948488352e-01	   1.1792371364929602e-01	  -8.1345653738757392e-02	  -1.6965750565254109e-01	  -5.9736076017712400e-02	  -4.9315344218982635e-02	  -7.8541219309237367e-02	  -1.6234854193295878e-01	  -1.1186814928251654e-01	  -3.4482523703721978e-02	  -3.1190290953103822e-01	
  -1.9939988532346997e-01	  -6.3674271567688526e-02	   4.5471615136406807e-01	   5.8404675376941284e-01	   7.1380348672474303e-01	   8.5490135959533542e-01	   3.7735237924252374e-01	   2.2340529978689452e-01	   4.4331043171975060e-01	   0.0000000000000000e+00	  -3.7147593823029519e-02	  -4.8689365478930954e-04	   2.8115792343692148e-01	   3.8944243538307943e-01	   3.9397034188493490e-01	   6.9899803420241713e-01	  -2.4519311493074492e-01	  -2.2588811285892865e-01	   8.3293232007216576e-03	   8.5387508995935415e-03	  -3.4729531511694463e-03	  -5.9263094436493656e-02	   6.8975853566585432e-01	   8.7815147443090669e-01	   3.8454685569552532e-01	   4.9181205923583243e-01	   3.2857386737435379e-01	   3.1237645186745988e-01	  -2.4160631914215680e-01	  -2.3205570814667137e-01	   2.2833748636555851e-01	   4.7651183968916055e-01	   3.6975482897129874e-02	   3.2411985293163262e-02	   3.1134299302035817e-01	   1.7372975685524986e-01	  -1.5994888176110442e-01	  -3.6543174791056940e-02	  -3.0628766562437881e-01	  -7.0437383506021953e-02	  -4.2106162813035808e-02	   5.9119841227444373e-03	  -1.6404889306430062e-01	  -1.3821771263416177e-01	  -1.6382995866806072e-01	  -1.8493127311512964e-01	  -1.9600370164674374e-01	  -2.4814115596677094e-01	  -1.7923739663142135e-01	  -2.5090137259027911e-01	   4.4775726284219542e-03	  -1.3468994573674015e-01	  -8.9369693188796548e-02	  -4.5195830690565611e-02	  -3.2163822774820428e-01	  -2.5971636284705268e-01	  -1.8693488250842144e-01	  -1.1350246865846871e-01	  -2.6019873940773225e-01	  -3.0968971179748339e-01	  -1.1222303334176079e-02	  -3.4082699975330248e-02	  -7.5269207450023620e-02	  -1.2865412459453471e-01	   3.2206931230545865e-01	   2.7128147505673050e-01	  -1.4803758811327544e-02	  -2.0831357230983071e-02	   7.9094755099006653e-02	   1.3220695123280590e-01	   7.7707941678351988e-02	  -6.9385701674215025e-02	  -1.4865736555897840e-01	  -1.7192405123395810e-01	  -8.8199657879426602e-02	   5.9826374755422081e-02	   3.2261007809220095e-02	   1.2208893926283524e-02	  -1.8651995924175105e-01	  -5.6449076437406050e-02	  -8.7894710139953966e-02	  -2.3602200030110022e-03	   1.6814214838356928e-01	   1.3070291162715145e-01	   2.6061985252503428e-01	   3.2902795341735369e-01	   3.2970202162190593e-01	   1.4677275217347038e-01	   8.9994169746963421e-02	   9.6941995402831604e-02	  -5.6206507919780997e-02	   2.1105304202795694e-01	   3.6377151565212351e-01	   5.0781401741933319e-01	  -1.0174425533765083e-01	   1.7878113830896518e-03	  -2.8273914916190890e-01	  -2.8023424697435423e-01	  -4.2322417773805832e-01	  -4.1942519808413226e-01	  -2.5662502602384629e-02	   9.6926126121559944e-02	  -1.0121572329809504e-01	  -3.2651644655997097e-01	  -1.9866966147522364e-01	  -1.3973582610125501e-01	   2.5510885652924482e-02	   1.8074520257616461e-01	  -2.2174980616510558e-02	  -7.8272149133302382e-02	  -2.1528193915339361e-01	  -1.8556552082814273e-01	  -2.3670287775192558e-01	  -2.2294476660359347e-01	   6.9350875181969182e-02	  -9.7991201763687266e-02	
   7.6768046902380793e-01	   4.6746252359652263e-01	   2.6071636729418135e-01	   1.3412063841015406e-01	   2.9194775428114991e-02	   9.2564355491528867e-03	   5.6848278508893657e-01	   4.5947624453351821e-01	   3.4293204639581698e-01	  -3.7147593823029519e-02	   0.0000000000000000e+00	   9.3536752055440997e-01	   1.0181327330620136e+00	   6.1339391088833439e-01	   5.5003982229166604e-01	   2.5482099375360778e-01	   7.3856230810140167e-01	   7.4014960713916600e-01	   4.7177958076750226e-01	   3.4975006191316738e-01	   2.0072395630951645e-01	   1.1367820664649976e-01	   3.7265127577110889e-02	  -1.0605040763733947e-01	   5.3525874307743672e-02	  -1.0103729644707066e-01	   1.2074290914335722e-01	   2.1146625815351169e-01	   7.7035711586665800e-01	   6.6917253112138431e-01	  -1.4949514740723393e-02	   2.1662081570594523e-02	   3.4665221274675589e-01	   4.5985817124031581e-01	   2.6377684927038947e-01	   2.0053294523819640e-01	   6.3753616663281998e-02	   1.7524950569256750e-01	   2.3590967315297973e-01	   3.7296587792689473e-01	   2.9775389742466662e-01	   2.6223928635088362e-01	   4.3529733955580663e-01	   4.7374273727971083e-01	   5.8806588763917400e-01	   5.6943586383661982e-01	   6.3636583842236039e-01	   6.4000105415773700e-01	   7.0711827489717149e-01	   5.8068551105666888e-01	   6.1422482685395963e-01	   5.7766050731569052e-01	   5.7650752523915849e-01	   3.9055797050532920e-01	   5.6405210812728890e-01	   5.4384714313400462e-01	   4.8569149089769414e-01	   4.3432466508100115e-01	   6.9121521752297310e-01	   5.9820000344104418e-01	   7.6717433475898500e-01	   5.9687605065784055e-01	   8.3919557084936902e-01	   8.0715034852561685e-01	   1.4940003497934379e-01	   1.7723103323178102e-01	   3.9292429707164395e-01	   4.6383891810492356e-01	   8.1571034772842055e-02	   1.8656407568484801e-01	   4.4159847906317301e-01	   6.1488960355397346e-02	   5.9215203095759261e-01	   7.1599132889626016e-01	   6.8800848514547919e-01	   6.2865719586590818e-01	   1.8277673568802094e-01	   5.1442589598387078e-01	   3.0872227366891686e-01	   4.9310344214715479e-01	   5.2442077237571583e-01	   5.1656275635364590e-01	   5.6989951431554309e-01	   3.4769660386363516e-01	   2.4361448567722968e-01	   2.2581353219615413e-01	   2.3237738978830716e-01	   2.5879879443646736e-01	   3.6277596152251829e-01	   4.4770130075156739e-01	   4.2190878444547120e-01	   8.8362777276599483e-02	  -3.9503368476032696e-02	  -2.0491505340976565e-01	   1.8369300289040949e-01	   1.8094794655215546e-01	   6.7756594308783014e-01	   6.0075414528954363e-01	   6.2387546618959111e-01	   6.9248610453459214e-01	  -2.7406380179950912e-01	  -5.5901413163544279e-02	  -2.8860399110756058e-01	   7.9269938346095484e-02	  -5.6815578322543348e-01	  -4.8702742254224307e-01	   1.3243756857666308e-01	  -1.9475599112488248e-01	  -1.6516479497885237e-03	   4.3160532430084386e-01	   6.5246506150637296e-01	   7.2746590176975712e-01	   3.9999289567876206e-01	   3.4554941292477548e-01	  -1.3567477519056043e-01	  -6.0558078692195605e-01	
   7.2449225380531057e-01	   5.2632589919888673e-01	   2.9694946738942563e-01	   4.5649772705501412e-01	  -9.0171012407477158e-02	   2.2954117469528618e-01	   5.0824967856029701e-01	   8.3652992372743473e-01	   1.6235529706184038e-01	  -4.8689365478930954e-04	   9.3536752055440997e-01	   0.0000000000000000e+00	   9.5258649593084255e-01	   8.0123735377667060e-01	   3.5855218004399347e-01	   2.8284402954293858e-01	   5.7849151714817759e-01	   6.6788542085777325e-01	   2.8983859704138026e-01	   3.2044320861014502e-01	   2.6048822753907319e-01	   1.8429143812749646e-01	   6.2951466410671704e-03	   4.6307573187249360e-02	   6.7144019541188163e-02	   3.6389639163344416e-02	   1.6088866233517646e-01	   2.5067530537802163e-01	   6.6076965103701357e-01	   7.6904594251189540e-01	   1.3595472932352645e-01	   2.0563155296896851e-01	   4.6753514333211355e-01	   6.3472301727213676e-01	   2.1587346443645222e-01	   3.5046913884778647e-01	   1.3821685200879000e-01	   1.7862633094424912e-01	   4.3655561312580249e-01	   3.4078756841916263e-01	   4.9264181245540128e-01	   2.4823972649780646e-01	   1.9455687357048193e-01	   2.2076484813150385e-01	   3.3719459618819969e-01	   3.8525039240756087e-01	   3.6162283532210843e-01	   3.8830713223821822e-01	   4.8939139396886627e-01	   4.7343065808366208e-01	   5.3884642289272988e-01	   5.8413404835435401e-01	   5.0319592851393014e-01	   3.0458571579124938e-01	   5.1459611302157882e-01	   4.1031036770613538e-01	   4.6039982594447404e-01	   4.4915072491558522e-01	   5.5583513477668267e-01	   5.1034984923077320e-01	   6.0708399255831968e-01	   8.0033410073447953e-01	   5.9424889106438528e-01	   7.8072821126823877e-01	   1.0851747940215319e-01	   4.3728308334987898e-01	   4.5341918091318073e-01	   6.3138465066612259e-01	   6.0353904983691149e-02	   1.8048835835575922e-01	   3.0693865626419659e-01	   1.4281226652211867e-01	   4.4161244948898037e-01	   6.1366422100610241e-01	   5.3543873439366019e-01	   4.8615170478944936e-01	   1.2413019547220365e-01	   5.3985357022595037e-01	   3.0011605021827048e-01	   5.4869811047497841e-01	   6.2910992548528100e-01	   6.8162966925964696e-01	   6.1385783929119930e-01	   4.3211085536972094e-01	   2.1191532660830437e-01	   2.8066133888215972e-01	   3.1020175024836244e-01	   3.3428878866883249e-01	   3.7872934797028995e-01	   4.4148168062602317e-01	   3.7490405052188974e-01	  -9.7892494471702077e-02	   2.5863901001234235e-01	  -1.3665171405888754e-01	   1.3735645869970206e-01	   1.3826562261062941e-01	   5.1870839020495396e-01	   4.0553383417631816e-01	   3.8280302456715298e-01	   4.3389270399667768e-01	   1.2640016455317876e-01	  -1.4298266057659942e-02	  -2.6242145190359913e-02	   1.3108579026046879e-01	  -4.7710180105856514e-01	  -5.0913674545977139e-01	   2.1126360452170562e-01	  -1.0358807360007749e-01	   3.4086476268664775e-02	   4.0708028321198436e-01	   3.3681486273371236e-01	   4.2020260611781435e-01	   2.7108567611555606e-01	   2.5090060299138439e-01	  -1.4277440465817773e-01	  -5.6276118089336236e-01	
   5.9436140842713014e-01	   4.0855300743452194e-01	   6.2263768986674495e-01	   4.7469554631284372e-01	   2.8790991900753227e-01	   2.6072420369358973e-01	   1.0344619561755133e+00	   6.9134091505388673e-01	   6.5542127815128681e-01	   2.8115792343692148e-01	   1.0181327330620136e+00	   9.5258649593084255e-01	   0.0000000000000000e+00	   8.9911710826526670e-01	   7.7898594668532484e-01	   4.5953151658873403e-01	   3.9111187763927358e-01	   4.3606078967772977e-01	   4.9123897524682775e-01	   3.1576981856966813e-01	   1.2860023903701209e-01	   1.1768681114848431e-02	   3.1774626644745313e-01	   1.4738557734915619e-01	   2.0549706146449306e-01	   5.4802182273431511e-02	   2.5543762684017718e-01	   3.4055243865528551e-01	   4.1421924870802013e-01	   3.7209762705200672e-01	   1.4182965102338616e-01	   2.3645872458232406e-01	   4.5092735547261653e-01	   5.0124143905271545e-01	   3.8913514797096060e-01	   3.2439363435435969e-01	   2.0077297021876443e-02	   6.4494613120525943e-02	   1.9195370615677992e-01	   2.3503326320339146e-01	   2.6257286500085536e-01	   1.7130887980497111e-01	   1.6795984712498008e-01	   1.8085047256650391e-01	   3.3796693413140666e-01	   3.2606977545484084e-01	   3.0236474080792958e-01	   3.8389080219612598e-01	   4.5998471152858250e-01	   3.6798965966114555e-01	   5.5968603261249938e-01	   5.1462209307279827e-01	   5.2115548116006005e-01	   3.9764160547745120e-01	   3.5403975005289029e-01	   3.5888755560866653e-01	   3.8427682294513232e-01	   3.6005407919808657e-01	   4.7623388269966815e-01	   2.9381077245099413e-01	   7.2730420598313261e-01	   5.6430406348276729e-01	   5.5590997612797532e-01	   5.3399623860179046e-01	   2.7905052229416671e-01	   3.3915067503945157e-01	   5.5628933285564675e-01	   6.0776823208143937e-01	   1.7334359183410936e-01	   3.1154047845831290e-01	   2.8845275853219449e-01	  -9.0293769235896715e-02	   2.6271060846601657e-01	   4.2607418032573485e-01	   4.2569051146407622e-01	   3.8275462774094710e-01	   6.0266974855133888e-02	   4.0204201843102960e-01	   1.5754321599465862e-01	   4.3057319864577193e-01	   4.4998356178531840e-01	   4.9815296053572233e-01	   6.5708833598058614e-01	   3.3553050684747032e-01	   3.3552800087081919e-01	   3.4680272153367231e-01	   3.2339467492255169e-01	   3.3515651050555556e-01	   5.5675941627949332e-01	   5.5270434064384788e-01	   2.4377410824807991e-01	   1.8626719315481169e-01	   2.2459893216985372e-01	   2.1047616561278593e-01	  -4.7851137302545632e-04	   7.2191479167498504e-02	   3.1192968354047812e-01	   2.3511422924177933e-01	   1.7422594102974859e-01	   3.1874419448184371e-01	  -2.5424114917013456e-02	   1.7282030575856672e-01	  -1.7110169497477928e-01	   1.1068335671787559e-01	  -5.7100606863385950e-01	  -5.4986719514748494e-01	   2.5022742116117858e-01	  -5.2458088811432685e-02	  -1.4887461396743074e-01	   2.0123968965984770e-01	   3.0888175718494360e-01	   3.0625252204399156e-01	   1.8819981830973831e-01	   1.7721904509678488e-01	  -6.0155576526332466e-02	  -7.3660816269845331e-01	
