   0.0000000000000000e+00	   8.0252682296948719e-01	   4.9703434681183456e-01	   4.6121389841033278e-01	   3.7839554733673936e-01	   2.3115685404825093e-01	   2.6876395881044279e-01	   3.2505314883561193e-01	   1.7387101689400980e-01	   1.1527707683752207e-01	   4.1078373990627931e-01	   5.2921003647475362e-01	   3.2956164118418840e-01	   3.9172522988569297e-01	   3.7599595102326377e-01	   2.5988630624123604e-01	   1.3862942469698189e-01	   1.7823324684117975e-01	   5.7881193356052585e-01	   6.6448094578632633e-01	   4.5039365557773975e-01	   3.8714095660418013e-01	   3.0501420666706397e-01	   3.8168695986347928e-01	   4.2181548344504710e-01	   3.2257397701160107e-01	   4.0076350771991387e-01	   3.3364300735218438e-01	   3.4967708327382006e-03	   6.0065366240946806e-02	   1.6550044964813587e-01	   2.6752050397889504e-01	   2.5857446478606616e-01	   4.1855009631316481e-01	   3.7346863556027987e-01	   5.3904448500277335e-01	   8.8255595751137705e-01	   5.1962527704960570e-01	   5.2279695429974438e-01	   7.0102834860008667e-01	   4.6855145236638313e-01	   3.7727847968197570e-01	   7.3003943400540161e-01	   7.4949803914889490e-01	   5.1780482083796442e-01	   6.0714675479848612e-01	   7.4210132152362229e-01	   7.0829983063803148e-01	   7.2242473784194949e-01	   6.2823149124239541e-01	   8.5842984475535933e-01	   7.7289329146403829e-01	   6.8412443231808795e-01	   5.3454937581920148e-01	   9.2887239840448443e-01	   8.9588067014852324e-01	   8.7185309074632911e-01	   4.5537932359148181e-01	   5.9758412222316748e-01	   5.0912054532560014e-01	   3.6560600778283203e-01	   2.2161123204414318e-01	   2.4609689739168213e-02	   1.0736203105535921e-01	   1.0520156711162371e-01	   2.6352778441184466e-01	   6.7231605634485891e-01	   5.9179295312812352e-01	   8.2793332078004833e-01	   8.1787964439518013e-01	   3.1648501291833914e-01	   4.2828673491495023e-01	   3.3963439901337111e-01	   3.4278755390339316e-01	   3.3697841391832795e-01	   1.6549739371343902e-01	   6.2350035331189768e-01	   6.7024751975594676e-01	  -1.1073372545222956e-01	   1.1566611812197831e-01	   3.0072080004958007e-01	   5.7529925665199788e-01	   2.2936212109020482e-01	   4.9862176146103865e-01	   4.5478533871364052e-01	   6.2015240056676779e-01	   3.6434836254876529e-01	   3.9627779107871908e-01	   4.3410698871830844e-01	   5.4884028900909310e-01	   6.8942685405152571e-01	   4.3187113150443301e-01	   3.4255164755576184e-01	   5.1893341895984535e-01	   3.7079382035080051e-02	   1.2003158959942534e-01	   6.2719630358296441e-01	   9.5571490165342909e-01	   8.3263351458799728e-01	   8.6433917368933977e-01	   5.5002927429350690e-01	   6.4292658151827276e-01	   4.6855209481959242e-01	   6.4321900938305654e-01	   4.8331545089126959e-01	   4.2199601861772351e-01	   3.2633056850347797e-01	   3.7442445179987549e-01	  -3.6921611537469717e-01	  -1.1870266464839614e-01	   5.5276720976632188e-01	   6.5802911869975100e-01	   6.4117921055826155e-01	   5.8654210790232419e-01	   3.3203041713588044e-01	  -9.3428587717145267e-02	
   8.0252682296948719e-01	   0.0000000000000000e+00	   1.2074212736570218e-01	   1.4473114831018144e-01	   4.6033922078324602e-02	   2.9139730872539200e-02	  -1.8183914446004892e-01	  -6.2459386840815999e-02	  -1.3096866199099255e-01	  -1.3323359627645329e-01	  -1.6527092317820769e-03	   1.7877018956449589e-01	  -2.4600551149988997e-01	   1.5050028331543128e-01	   7.8486056368596999e-02	   1.6026039271282264e-01	   1.3520903062708356e-01	   3.0538718693364975e-01	   3.3023830934535120e-01	   4.8879347270185192e-01	   1.4899675803999479e-01	   1.3381716745788219e-01	  -5.5234167842445302e-03	   1.1338350115198802e-01	   4.6032482157604859e-02	  -7.2232565643428490e-02	   3.2195400439960442e-01	   1.4922667361282682e-01	  -1.9105615775256263e-01	  -1.4477422878231430e-01	  -1.6144678729628195e-01	  -6.9822545402254341e-02	  -1.0730971679091528e-01	   3.7186946359455920e-03	  -7.0039637899228610e-02	   1.1749417152015496e-01	   4.2079848843852852e-01	   1.9650048610713577e-01	   3.0807070697643774e-01	   3.3865353222496541e-01	   2.3024598160585411e-01	   1.6468190314339534e-01	   5.3543973553230240e-01	   5.4842791781313016e-01	   3.7738937411016005e-01	   5.3947247177611291e-01	   6.5444031548262926e-01	   5.8831165434437049e-01	   7.0012438342296957e-01	   7.3816924627464386e-01	   7.3448558903739647e-01	   7.9399217356969909e-01	   7.3753329595438100e-01	   6.5846819397469858e-01	   8.2300553980125168e-01	   8.6978128894144890e-01	   1.0273202261647643e+00	   1.1537333114245261e+00	   4.8671145812127481e-01	   5.3773195112942251e-01	   3.1497736135657667e-01	   1.4366972408150999e-01	   4.5529149372197132e-02	   1.7176409273543194e-01	  -1.2155162934884142e-01	  -9.3799949075092398e-02	   2.0124436278576585e-01	   1.9477744090100882e-01	   7.6916061864899876e-01	   6.6857706688886953e-01	   9.7917566972700362e-02	   9.1743566249454900e-02	   2.4200612539724259e-01	   2.4105619222598657e-01	   2.7635416465144885e-01	   2.2027817386282005e-02	   1.7112421674607084e-01	   3.9840166100509139e-01	  -3.9457803850763931e-02	  -7.4398770853648821e-02	   3.7482533000374135e-01	   3.6964223173168786e-01	   9.5115082644116583e-02	   3.2558509141113978e-01	   1.5129588588580267e-01	   3.8514633671862780e-01	   2.9106537362000950e-01	   2.6682710673214394e-01	   1.7333416081406702e-01	   3.8859672932700029e-01	   4.2825199670182362e-01	   1.2715099973677793e-01	   3.5498295016978050e-02	   7.4553776991178364e-02	  -6.9428878914705769e-02	   7.8229463298594773e-02	   4.5856201449595446e-01	   7.0649850566415417e-01	   7.6229733673569600e-01	   5.8908663739137246e-01	   2.2077016180375039e-01	   1.8183024715703164e-01	   3.5124473363773512e-01	   3.2843070724554180e-01	   3.7186177550124222e-01	   2.8220068036042306e-01	   1.5123490119702396e-01	   3.1342618536324346e-01	  -2.1038468225669676e-01	  -1.2470892682169343e-01	   2.9824302056078106e-01	   6.1016099507178811e-01	   6.5208656493863448e-01	   6.1463992863478145e-01	   1.7968401923663629e-01	  -1.1104004568906831e-01	
   4.9703434681183456e-01	   1.2074212736570218e-01	   0.0000000000000000e+00	   8.8544324274894171e-01	   9.9755351008296955e-01	   5.6305200998736937e-01	   7.5960756922020101e-01	   4.5373615646958454e-01	   5.5122567207788919e-01	   3.8694868866466525e-01	   4.6892623605670913e-01	   6.3125378813167776e-01	   6.3242797507957726e-01	   2.6326789785118149e-01	   7.8145511122245559e-01	   6.1430313037257045e-01	  -1.9729152840184259e-02	   7.3905597134294926e-02	   9.2550187937982764e-01	   7.7076666601465837e-01	   5.1539142558608964e-01	   3.9381917830038266e-01	   1.2288711350891934e+00	   7.7451489879118884e-01	   8.0182238393030725e-01	   6.1262347790659688e-01	   6.6307100837617960e-01	   6.1514107713674282e-01	   2.8986367238786864e-01	   3.3265072582648830e-01	   8.6170049002723526e-01	   7.6124365713597275e-01	   9.0234910768246746e-01	   8.2513197925351878e-01	   8.1232830468910666e-01	   7.3947916114302592e-01	   3.8331839952509289e-01	   3.3980835350015282e-01	   3.9737456457902653e-01	   5.1593186871594798e-01	   4.7289670486811641e-01	   2.2443692374524749e-01	   6.0107388554397745e-01	   5.9212898285024929e-01	   5.4428239262114886e-01	   4.5425406019363895e-01	   5.9701652184983578e-01	   6.6142097274012024e-01	   4.7899286860250656e-01	   4.3520194185798239e-01	   5.6777859440619527e-01	   4.8885882472148878e-01	   5.6705521679297255e-01	   4.0418242347654015e-01	   4.4171461200678469e-01	   4.9491161655624472e-01	   1.9822801365185830e-01	   1.0165914851665658e-01	   2.4786169392366822e-01	   1.4827543157020839e-01	   1.4619870543305802e-01	  -1.0170286851017254e-02	   9.6934961489679033e-03	   1.5986479536838949e-01	   8.4669338891469104e-01	   5.8426410110283911e-01	   8.7397191725409529e-01	   6.6426032757227893e-01	   6.1546372222811829e-01	   6.2028214266648873e-01	   4.2922307222048606e-01	   4.3195787632245425e-01	   5.2460069162461576e-01	   3.4257302577850191e-01	   4.0296174874395607e-01	   3.9626647644006652e-01	   6.1558820590961938e-01	   4.9428303774209464e-01	  -1.1755769367538617e-01	   2.3921645882483344e-01	   8.4197697397028870e-02	   4.9003909302307169e-01	   5.8812860708939241e-01	   5.1537059882459590e-01	   7.4661108698251100e-01	   6.0276147482811182e-01	   3.8933700197573207e-01	   6.7740823295343544e-01	   5.9745285965078221e-01	   5.6400460352480830e-01	   5.8989412877206759e-01	   7.0416123105589923e-01	   4.5683080593233599e-01	   7.3515743395353750e-01	   8.1217790171195625e-02	  -1.0235402750653567e-01	   4.7986457874199528e-01	   5.2421725801467201e-01	   4.2421106876850417e-01	   6.7493053677600845e-01	   5.2018585915340521e-01	   5.7297200167766360e-01	   4.0841260586219946e-01	   4.3930448644448644e-01	   2.3800167524226679e-01	   4.0761193205407387e-01	   4.0067336738372139e-01	   4.7236375490479421e-01	  -3.9359469707327227e-01	  -1.1138026444971122e-01	   5.2379704668512894e-01	   3.8436870313125709e-01	   3.7144368044438331e-01	   4.9324043519147476e-01	   1.5713270149404840e-01	  -5.5350181836967348e-02	
   4.6121389841033278e-01	   1.4473114831018144e-01	   8.8544324274894171e-01	   0.0000000000000000e+00	   7.2663647825409239e-01	   9.5777181657869859e-01	   6.4830461425167873e-01	   7.6296195519593013e-01	   5.6851222853703864e-01	   3.9336395151070891e-01	   3.5059394639323704e-01	   1.0364157419779456e+00	   4.0528246580371741e-01	   5.9459082242982564e-01	   5.5135166923330137e-01	   8.7719354774718794e-01	  -6.1185143226877943e-03	   1.6605411341482229e-01	   5.1993372994995379e-01	   9.2938411356037876e-01	   7.0823235836895782e-01	   8.1631733248319671e-01	   7.6733415063381405e-01	   1.2062587722680989e+00	   8.9503371458176018e-01	   9.9545039663517998e-01	   5.9619838813567572e-01	   8.8168063246259476e-01	   2.3573308021064621e-01	   4.3041774985881726e-01	   8.8144218021798393e-01	   9.1748912535156268e-01	   8.7467977311421197e-01	   9.2181367008321802e-01	   7.2837922923875476e-01	   9.7489972522217339e-01	   4.7676729253474992e-01	   5.9252206498361260e-01	   5.1749371188264570e-01	   6.9681011953043492e-01	   4.9515273658198544e-01	   4.5924388140958983e-01	   6.4131220697660640e-01	   6.2243276379809986e-01	   6.5073503734333016e-01	   6.5264305203394124e-01	   5.9440775953040748e-01	   6.5660411830610987e-01	   4.8916328370661261e-01	   4.8872114990086596e-01	   4.0227445104097931e-01	   3.9662181123725138e-01	   3.0537804432398008e-01	   2.6252460708704795e-01	   3.9264448935669549e-01	   4.5128661271834702e-01	   3.0107138474371725e-01	   5.9540317418492750e-03	   2.1541486118207304e-01	   3.3274909613187886e-01	   9.2164415911776029e-02	   1.5075589491585789e-01	  -2.3925831448547586e-02	   2.1140871587162438e-01	   3.8109245437959760e-01	   6.4085454913131190e-01	   8.0608225360687658e-01	   9.7951636594641978e-01	   7.2783453694417055e-01	   6.8505315611812834e-01	   3.0521698261670510e-01	   6.7662780164002534e-01	   4.8230109406280641e-01	   5.1727421569857124e-01	   3.6187656119661910e-01	   4.1107605129646024e-01	   4.4863973973130911e-01	   5.8708802602283972e-01	  -1.0093236796327516e-01	   2.8503048951203652e-01	   1.3801183799653505e-01	   4.5944397557829270e-01	   6.0790441360215597e-01	   6.8094840458171602e-01	   4.5639751465492767e-01	   6.9913277945637564e-01	   6.0046092203919388e-01	   7.4694414318265046e-01	   4.8268303402286705e-01	   6.0066779478746168e-01	   7.5950389318805744e-01	   5.0053781287762644e-01	   9.9703211857630503e-01	   5.1255098353646122e-01	   2.9218672269123536e-01	   1.3931248411758695e-01	   6.2728589357991482e-01	   4.8429125297882225e-01	   4.7724189645701309e-01	   5.0231057319402439e-01	   7.9102907466009231e-01	   4.1514552118787329e-01	   5.7298785194677115e-01	   3.1679462428358235e-01	   3.4418003379273010e-01	   3.8340482233295481e-01	   3.9418229310502789e-01	   2.4415873975553987e-01	  -1.3145688101876646e-01	  -3.6989330375007533e-02	   7.2182440901729739e-01	   5.3189995995449268e-01	   4.2639659158546028e-01	   5.5053503760248645e-01	   1.7998601077345658e-01	   9.9031069504181293e-02	
   3.7839554733673936e-01	   4.6033922078324602e-02	   9.9755351008296955e-01	   7.2663647825409239e-01	   0.0000000000000000e+00	   9.0221005877525839e-01	   8.5928594374950007e-01	   7.8002003609705617e-01	   1.2460606795442344e+00	   6.7122875392412951e-01	   5.5796995658486326e-01	   6.8269490986831161e-01	   7.7090233209534365e-01	   3.8319964603550583e-01	   8.2231910909347994e-01	   5.6409525328982479e-01	   1.9022819192550189e-01	   1.6860639301708238e-01	   6.9943176056657363e-01	   6.5508437185921187e-01	   5.8234883943049620e-01	   6.2816742326262953e-01	   8.7187714974007346e-01	   5.2182101497902433e-01	   7.3605831215750528e-01	   6.7964102525503356e-01	   7.5936042679588589e-01	   8.7006611028579339e-01	   5.7154228766830872e-01	   5.5409976037332609e-01	   6.6303869036645913e-01	   5.8005123742340758e-01	   7.9617471821001162e-01	   7.3205824764109417e-01	   7.7166213800269812e-01	   6.1236596461549031e-01	   3.4052245344490456e-01	   4.9296342008078348e-01	   4.1036041903917553e-01	   5.8202061917197412e-01	   5.5131811358367511e-01	   5.4347695599903068e-01	   6.5813300568095856e-01	   5.8493158053659333e-01	   6.8025120742187806e-01	   5.4376087486480462e-01	   5.4833044974111922e-01	   5.8859150162270490e-01	   4.5972610994300978e-01	   4.6423377322250048e-01	   3.7762737464254093e-01	   3.2841408017172585e-01	   3.1710482439852600e-01	   2.6123706483712061e-01	   4.3142763430381942e-01	   4.3678811651064720e-01	   2.1569915542909890e-01	  -1.1586647896465048e-02	   1.9798714891473546e-01	   1.6879630703761028e-01	   8.4390448189323175e-02	   1.2138870650842923e-01	   2.5195165008888687e-02	   1.6470672328721764e-01	   4.3842330246928679e-01	   4.2393585897238428e-01	   6.1387145055070214e-01	   5.4923785284033289e-01	   3.9714769826049279e-01	   5.6431071332068328e-01	   3.4166010766114790e-01	   4.7085101522253014e-01	   5.7557850224248819e-01	   5.5048945331915733e-01	   3.3035093071984067e-01	   4.0180578416480317e-01	   4.4487147313465042e-01	   3.2052128364713678e-01	   7.9749245108060099e-03	   2.9125175505808087e-01	   2.9043915218870220e-01	   3.9685872824660434e-01	   6.7584182225296352e-01	   6.5135346918147008e-01	   4.4298495843681468e-01	   3.8583346313326383e-01	   3.9494826490746371e-01	   5.4351266074367599e-01	   6.5159347970159054e-01	   6.2375585759407237e-01	   8.0113743690729533e-01	   9.3612237357321737e-01	   7.1218470494089181e-01	   8.5843007808015492e-01	   2.9581273448531842e-01	   1.9704270714096367e-01	   6.1430547270288205e-01	   3.7850495411616808e-01	   5.7717116585184924e-01	   6.2463068595801119e-01	   8.2638889541052385e-01	   6.3988965789262575e-01	   6.1069444198296297e-01	   4.4523153730883791e-01	   4.1161477037343092e-01	   4.9666712804853624e-01	   6.1329872807816344e-01	   3.7404917003053978e-01	  -4.6465676575375181e-01	  -2.1923776909447537e-01	   7.1886696723247101e-01	   4.7647976739363984e-01	   3.8158303546039124e-01	   3.9250930505847487e-01	   3.2264953145744335e-01	   1.8289632333672981e-01	
   2.3115685404825093e-01	   2.9139730872539200e-02	   5.6305200998736937e-01	   9.5777181657869859e-01	   9.0221005877525839e-01	   0.0000000000000000e+00	   6.1746975096236600e-01	   9.3851005005656651e-01	   9.1275536063760310e-01	   8.3146652872728299e-01	   4.1420436289572082e-01	   8.9493423861427956e-01	   3.6872552338049958e-01	   4.2143214119241790e-01	   4.3843409649172044e-01	   5.6399177210747786e-01	   1.9440315696309382e-01	   2.5117194385969149e-01	   3.6548513069789201e-01	   6.5990004979484918e-01	   5.3630805727404807e-01	   6.5179765678880619e-01	   5.1016930372674241e-01	   5.4266657317542677e-01	   6.3451976138929556e-01	   8.0327464116395597e-01	   3.6188694957702638e-01	   7.2303219109510697e-01	   4.9068430106158589e-01	   6.5669486676341537e-01	   5.9628229532805954e-01	   6.3192137735529663e-01	   6.9612383592452298e-01	   6.9529690484395434e-01	   5.1046143912669406e-01	   5.4807136968995307e-01	   3.3336899749413457e-01	   5.1496825699799742e-01	   4.8510860479256501e-01	   5.2707240151736734e-01	   5.1053280682783586e-01	   5.6243555145377300e-01	   5.2316098647414799e-01	   4.8510695834554485e-01	   6.2005328069577137e-01	   6.1925757264638648e-01	   4.1826863977898571e-01	   4.7086815756190781e-01	   3.8047779520859765e-01	   4.4962113112113150e-01	   2.6081714864770644e-01	   2.3718011561783717e-01	   1.8479390151793973e-01	   1.6591211853536847e-01	   3.1053495506964890e-01	   3.3338459773494589e-01	   2.9619518925849597e-01	  -4.7206551803305061e-02	   2.2280878783735181e-01	   3.0484243134297129e-01	   1.5112806339784518e-01	   3.6023047695132276e-01	   7.4040503989411754e-02	   3.0576445627277443e-01	   1.5447282688587108e-01	   3.9751723368073977e-01	   4.7346764202615932e-01	   6.2604735874674311e-01	   4.1233368500864642e-01	   5.4001516380022818e-01	   1.4859143992822482e-01	   4.7710422880084558e-01	   5.6727554253281165e-01	   6.3865117978420949e-01	   3.2373964842142189e-01	   4.9599601108612845e-01	   4.1514309253681014e-01	   4.7317507965569322e-01	   1.8736680505874490e-01	   2.8041955590801465e-01	   3.4378396340516554e-01	   3.9545600218750376e-01	   5.0495932939149513e-01	   4.7455290744340672e-01	   2.2795527317568687e-01	   3.5056604586260337e-01	   4.6097968388729604e-01	   3.4315336864671903e-01	   4.0795074617105198e-01	   6.0502260903462057e-01	   7.4674435764541569e-01	   5.6117128100690450e-01	   9.7463969648934268e-01	   5.0129667796843869e-01	   2.5881858070973651e-01	   3.4622663126179831e-01	   5.9930673826705538e-01	   3.3174697571645456e-01	   4.1483883018290113e-01	   4.2457477262440235e-01	   8.1352091197402454e-01	   4.3525803780672645e-01	   6.7519122221308292e-01	   2.7780172206207016e-01	   3.9290619050078313e-01	   3.9271763818637723e-01	   5.0491553757439311e-01	   2.1715115063203919e-01	  -3.4418839114908173e-01	  -3.0043905496596762e-01	   6.0238578890447581e-01	   4.1000834961839439e-01	   4.0810061984490242e-01	   4.8326305467163183e-01	   1.5528512616786241e-01	   1.4763586490897762e-01	
   2.6876395881044279e-01	  -1.8183914446004892e-01	   7.5960756922020101e-01	   6.4830461425167873e-01	   8.5928594374950007e-01	   6.1746975096236600e-01	   0.0000000000000000e+00	   1.0307773066652599e+00	   1.1033291332111173e+00	   5.3950538856367647e-01	   4.2579250174162897e-01	   6.2195971095091740e-01	   8.6797841465164283e-01	   2.6328104826147652e-01	   4.1782641545344051e-01	   2.1992643545517479e-01	   1.3746083876045490e-01	   2.3060837997022915e-01	   4.9165331036177529e-01	   4.2266484281280814e-01	   5.1628326192878971e-01	   4.6863822659864096e-01	   4.0134615079233343e-01	   2.9244321840074772e-01	   6.4166703228520350e-01	   6.5606938517572599e-01	   2.4859089790046490e-01	   3.9923995204561602e-01	   8.5024122129923185e-01	   6.6265550204499357e-01	   8.1675328307900241e-01	   6.5381175635584632e-01	   9.0318731956608866e-01	   8.3369031817428518e-01	   6.0305111685093005e-01	   6.0479505729861860e-01	   2.8860811999935576e-01	   3.8082596594512375e-01	   5.6378054883013151e-01	   5.5151106193045085e-01	   5.2780512630831522e-01	   3.6114730457470201e-01	   4.0552654570850644e-01	   4.6542752460823439e-01	   4.3694147134098815e-01	   4.4080558004841086e-01	   3.4608967349256298e-01	   4.3725009010818716e-01	   1.3865909106731222e-01	   1.3392162539430169e-01	   7.9536979106157896e-02	   3.3941251640789954e-02	  -2.5171312849519090e-03	  -1.2253787273957574e-02	   1.3630005805913809e-01	   1.6430970200428946e-01	   1.6227383326816707e-02	  -2.7365824619815660e-01	   2.7851926725426096e-01	   1.9705531659147013e-01	   3.5925003416927026e-01	   1.9099123383980879e-01	   2.3323952351156446e-01	   3.0814977960919754e-01	   3.6864108398494605e-01	   5.3338387166733603e-01	   6.7653134803652804e-01	   6.9335387815245642e-01	   1.6624621012067756e-01	   3.4108005135898078e-01	   2.6708674596151361e-01	   4.9740405891996708e-01	   6.3100013708135649e-01	   4.8961443659130971e-01	   4.3201127252841881e-01	   5.7471814135965538e-01	   4.2312365843237171e-01	   4.2070099792471644e-01	   1.5640928053330100e-01	   4.3545395279323806e-01	   1.9092625012916672e-01	   4.6908289770680045e-01	   2.8271744206194221e-01	   2.7591603313804286e-01	   1.7397342801809179e-01	   2.3516333657581701e-01	  -5.6962630638095427e-03	   2.7104407608050690e-01	   3.4346654653195191e-01	   2.4441660548554378e-01	   3.5633190154393901e-01	   3.9422573857610721e-01	   4.2547806005752947e-01	   5.2848420961294695e-01	   2.0955462761468641e-01	  -3.1099515973673008e-02	   4.0410154501516493e-01	   2.0569604714804049e-01	   2.0669500211252428e-01	   3.0792395809162643e-01	   6.3151296383254185e-01	   6.0399995330474809e-01	   3.1898359251303787e-01	   3.2937118301331086e-01	   1.2160933142021947e-01	   2.3372789747717068e-01	   2.4213482596361297e-01	   2.2147845603981867e-01	  -3.5330547976809290e-01	  -1.1537444516410450e-01	   3.6304463128572623e-01	   1.5325768791516077e-02	  -8.4727206862650634e-03	   5.4122105217377189e-02	  -1.0708062777542035e-01	  -2.3920481313031171e-02	
   3.2505314883561193e-01	  -6.2459386840815999e-02	   4.5373615646958454e-01	   7.6296195519593013e-01	   7.8002003609705617e-01	   9.3851005005656651e-01	   1.0307773066652599e+00	   0.0000000000000000e+00	   1.0945537883385332e+00	   8.5012785117005762e-01	   3.6865187721218529e-01	   9.4999127038285647e-01	   7.0994189532704111e-01	   7.3682257586109501e-01	   4.3728734643713735e-01	   4.0191732248287759e-01	   1.7281725592318042e-01	   2.3016886499037187e-01	   2.7434519947930169e-01	   4.6615818704886092e-01	   4.9787479856575279e-01	   6.0104562632849057e-01	   2.3791447957568454e-01	   3.6460339731640151e-01	   5.4671255543629971e-01	   7.3431543874313143e-01	   2.4482191904951905e-01	   4.5301901413449425e-01	   7.0603206762296278e-01	   7.0303004592796248e-01	   5.6014182050624151e-01	   5.2997775185401719e-01	   7.0311843937237828e-01	   8.0885665942898188e-01	   5.1209944413106268e-01	   6.1121439668824085e-01	   2.9877072023902329e-01	   4.8415986694996294e-01	   4.5596958304303675e-01	   6.1215303666918819e-01	   6.2811144590480616e-01	   5.8851994063907398e-01	   4.2365161331007084e-01	   4.1583296377987145e-01	   4.8509508060792472e-01	   5.4788249953469881e-01	   2.9316708490949916e-01	   3.6339504449797533e-01	   2.1369442128177527e-01	   1.9518314640283743e-01	   1.0443216798945400e-01	   2.6929144222516316e-02	  -2.7472909069167207e-02	  -6.1933763158810662e-02	   2.1180689654646329e-01	   2.1709848212543834e-01	   2.1945076071906769e-01	  -2.1162994579082708e-01	   3.9186918383643587e-01	   4.9630026756713441e-01	   4.6239458435914299e-01	   6.5193048455089353e-01	   2.4558045032694528e-01	   4.1603711850640840e-01	   1.3987050533437562e-01	   5.4875199884919057e-01	   5.9225466745222255e-01	   7.6195727190172868e-01	   3.1398457355256526e-01	   4.3875648491696051e-01	   1.8674668626747915e-01	   6.1790304163355769e-01	   6.2663048123343779e-01	   6.6048315290647908e-01	   4.1962891973091532e-01	   6.7008247647750574e-01	   4.4054927562490881e-01	   5.3460297057226458e-01	   1.2774604222576458e-01	   3.1805414935974807e-01	   3.7672589296627584e-01	   4.3143248344769569e-01	   4.1705556342680761e-01	   4.4990352755512109e-01	   1.8058798377099652e-01	   3.4217764705665921e-01	   2.1026044964769075e-01	   3.3659248013974219e-01	   5.1356236352084950e-01	   5.1356750089340519e-01	   4.5007635388738720e-01	   3.8454101482797726e-01	   7.5628067353831285e-01	   4.9195029397192697e-01	   2.1455450073950469e-01	   1.5370722232342426e-01	   4.1062300442813898e-01	   1.9774624462669918e-01	   2.9117820378186848e-01	   2.4702318716510907e-01	   9.8904067587218791e-01	   5.1655986181024660e-01	   5.8869375275400126e-01	   2.6533589730858348e-01	   3.5117391153513039e-01	   2.9370625340916245e-01	   4.2608946234622180e-01	   2.2521766411649422e-01	  -3.7198013433617960e-01	  -2.1616224077402837e-01	   4.8996665473529233e-01	   1.3440366894160255e-01	   1.0811310718786496e-01	   1.3224415431797157e-01	   2.8492788486680149e-02	   9.6755792312781003e-02	
   1.7387101689400980e-01	  -1.3096866199099255e-01	   5.5122567207788919e-01	   5.6851222853703864e-01	   1.2460606795442344e+00	   9.1275536063760310e-01	   1.1033291332111173e+00	   1.0945537883385332e+00	   0.0000000000000000e+00	   8.3562741484153080e-01	   3.9799221007636082e-01	   6.4808171987702845e-01	   7.9251019610796236e-01	   3.5065631593143387e-01	   5.9019542758016563e-01	   3.6008451643805950e-01	   1.0621979598190358e-01	   1.7588766784062579e-01	   3.5084851429264047e-01	   3.9033062819871467e-01	   5.4873668664554764e-01	   6.2278959999069949e-01	   4.0187449837845857e-01	   2.7171192511459202e-01	   6.1561904796910127e-01	   6.9549896332329475e-01	   3.8167044795445765e-01	   5.7740850882437744e-01	   7.8872457708588750e-01	   6.4046365486166146e-01	   6.4463122034553499e-01	   5.4163480551426857e-01	   6.9565042169435243e-01	   6.5026855361449531e-01	   5.8788350481652796e-01	   5.0781173608937813e-01	   2.0499906199108614e-01	   4.3926674069199156e-01	   4.2532530622048498e-01	   5.1653327873206256e-01	   4.6960818163645424e-01	   5.3848885199247032e-01	   4.1998541639492670e-01	   3.8715846077216892e-01	   5.1152097197543778e-01	   4.8581582314718075e-01	   3.2504840555602810e-01	   3.7553346547841415e-01	   2.3824885902675128e-01	   2.7358786026096632e-01	   1.1464332329080848e-01	   8.8200597381313695e-02	   7.8370408216266417e-03	   3.7608694674039635e-02	   2.4333509692444188e-01	   2.3631669772551051e-01	   7.7210011121049901e-02	  -1.7133715969194485e-01	   2.2076932456787016e-01	   2.1500060388673523e-01	   2.1097774388596957e-01	   2.8362886209164295e-01	   7.2579680117398029e-02	   1.7488147102692964e-01	   2.5780646101241722e-01	   4.5733504340997133e-01	   4.2957448670558146e-01	   5.0753691147379243e-01	   1.5744977333574034e-01	   3.4272227141458689e-01	   1.6950112855362576e-01	   4.4735742183922284e-01	   5.6171253880556660e-01	   6.1158334933338121e-01	   3.7035522697505024e-01	   4.9318633310154003e-01	   3.0709801060326142e-01	   2.6084044583365029e-01	   1.0967596846951579e-01	   2.9611526721539355e-01	   2.6889604093417807e-01	   3.5932479357599945e-01	   4.3080657731352018e-01	   4.2511308680464976e-01	   1.3882876552153114e-01	   2.0415007993449913e-01	   8.8123668339676373e-02	   2.8452312970064958e-01	   4.4190573359336149e-01	   4.5089148388383160e-01	   5.4236648670290422e-01	   5.9530258244979550e-01	   6.1803784685996588e-01	   5.5018815781252528e-01	   3.5056307239978801e-01	   2.6500380734366596e-01	   5.0906717526455281e-01	   1.7818138558963073e-01	   3.7075311157803792e-01	   3.2532359158164981e-01	   7.4679565501701128e-01	   5.2294036760268814e-01	   4.8688396636213099e-01	   2.8525283613361174e-01	   2.7993081496765582e-01	   3.7105345618263713e-01	   3.6151314430607345e-01	   1.8546397588893526e-01	  -4.1687787525530262e-01	  -2.3797440800197853e-01	   4.6766740364043285e-01	   1.7871509286204704e-01	   1.5222055151824576e-01	   1.1481858812600798e-01	   8.5390487955716798e-02	   1.1531761797709349e-01	
   1.1527707683752207e-01	  -1.3323359627645329e-01	   3.8694868866466525e-01	   3.9336395151070891e-01	   6.7122875392412951e-01	   8.3146652872728299e-01	   5.3950538856367647e-01	   8.5012785117005762e-01	   8.3562741484153080e-01	   0.0000000000000000e+00	   4.2560145008389771e-01	   6.5242203703755963e-01	   6.2167032521309373e-01	   4.5431903256998052e-01	   5.2362466852291600e-01	   4.7970576170060714e-01	   7.2089350807392455e-02	   4.8700242078927175e-02	   2.4998309392447232e-01	   2.4924270249405944e-01	   2.5307921420376434e-01	   2.9969139213621060e-01	   2.6419411907936152e-01	   2.6681829950562541e-01	   3.0722495583061349e-01	   4.0066789954423426e-01	   7.8220162474232108e-02	   2.9270706320547479e-01	   5.1432945242625427e-01	   4.2610371591165608e-01	   3.5623990685529089e-01	   3.3203278792098695e-01	   4.7006814380805534e-01	   5.5162619656554501e-01	   4.0976404540745154e-01	   3.3093677932688997e-01	   1.1236578847526339e-01	   2.1246947987946746e-01	   1.8848963527102330e-01	   2.6886507515408076e-01	   3.4813490746305625e-01	   3.7531298592293699e-01	   1.9435317418955680e-01	   1.3414255319273133e-01	   2.7843256667344440e-01	   2.8427813650444744e-01	   1.1012763998249753e-01	   1.5177546032700473e-01	   1.2185766573484512e-01	   1.4765499390070197e-01	   9.8862489280944599e-02	   1.1266000872324933e-02	   7.1524327331828189e-02	  -2.8837954740960972e-02	   1.4551827227162123e-01	   8.8708626238933802e-02	   8.6242745114490732e-02	  -1.7935426883838446e-01	   1.7684849739283715e-01	   2.3266884048871600e-01	   3.3636132938482172e-01	   5.5768839621956112e-01	   1.0094047720422561e-01	   2.1945668873951643e-01	   3.1962176176573476e-01	   4.8500641988911863e-01	   2.8502147211247120e-01	   3.5319481258887742e-01	   2.0135143838700001e-01	   1.5130218318976899e-01	   1.5944978286890649e-04	   4.3764107572402949e-01	   4.4303957471193250e-01	   3.6254304837246043e-01	   3.6271359616206855e-01	   4.7560446504429804e-01	   4.0521194776247038e-01	   3.0392467827899089e-01	   8.1324702007150418e-02	   9.6861019959339198e-02	   2.0775706438085154e-01	   2.7623334125494614e-01	   3.9347445732719033e-01	   4.0747869478587329e-01	   3.9689411210244679e-01	   3.1657393728690286e-01	   2.4984837019270109e-01	   2.8158451173612259e-01	   5.5570194837675246e-01	   5.3252381565533025e-01	   3.5210914262898224e-01	   4.1488268981369758e-01	   5.7737633725286475e-01	   3.6206498478001631e-01	   1.2243426917786948e-01	   1.4726901667038275e-01	   2.7399699990249865e-01	   1.0944905020436602e-01	   1.4734325017120306e-01	   1.4799250644790934e-01	   5.6168134763291611e-01	   3.7249498357414396e-01	   3.5241974956819383e-01	   1.0668130106026097e-01	   2.5112198649990991e-01	   2.4632451552569390e-01	   3.3939759882591153e-01	   1.3746604229033532e-01	  -3.1343810694356178e-01	  -3.1094640579870886e-01	   2.7934003877353486e-01	   8.6682251864823270e-02	   1.2888015949747220e-01	   1.7905358589380907e-01	   1.8643711715754632e-01	   1.8125152965963548e-01	
   4.1078373990627931e-01	  -1.6527092317820769e-03	   4.6892623605670913e-01	   3.5059394639323704e-01	   5.5796995658486326e-01	   4.1420436289572082e-01	   4.2579250174162897e-01	   3.6865187721218529e-01	   3.9799221007636082e-01	   4.2560145008389771e-01	   0.0000000000000000e+00	   5.6910098593135294e-01	   6.3488745076063546e-01	   2.5338728077021827e-01	   6.1187557701617989e-01	   3.6440950132442868e-01	   3.3683445090132363e-01	   4.1659749208461293e-02	   5.0922884328167117e-01	   4.4056885557328057e-01	   3.6827450881670853e-01	   2.6963288313780959e-01	   4.1395848421105058e-01	   2.7923240486927725e-01	   3.4645276512581108e-01	   3.4318863361935681e-01	   1.8661609285637540e-01	   3.1525340361830800e-01	   4.3767369550907753e-01	   3.7866097856900161e-01	   3.3850050187623804e-01	   3.2679168578028561e-01	   5.2096358713423119e-01	   5.5522571058171499e-01	   3.7408329463805079e-01	   3.4882224694730302e-01	   3.9676919229452140e-01	   3.7930019354396666e-01	   4.4857593082822095e-01	   4.0697714805638069e-01	   3.1631116139121351e-01	   4.5260475075952011e-01	   3.3402420455641901e-01	   3.4791228969150700e-01	   2.2756774734090346e-01	   2.0275015643980321e-01	   2.6883037085905237e-01	   2.9613119550831268e-01	   1.7736670633284263e-01	   1.6781780518728789e-01	   2.1528687326320159e-01	   1.1390632651153862e-01	   2.7963400249291281e-01	   1.9667668881606298e-01	   4.1835163140190867e-01	   2.7449976555673228e-01	   1.0888878385877425e-01	  -9.0802833769481978e-02	   7.3661402289391123e-02	  -1.2508277674108390e-01	   6.9264284318000705e-02	  -1.1357835941548995e-01	   1.8077403766312214e-01	   6.3959788760005291e-03	   1.0181508684577520e-01	   9.2966824888511684e-02	   2.7217310358099084e-01	   2.7769677739145843e-01	   2.3522705821602502e-01	   2.4993806747304759e-01	   3.2818345800882009e-01	   4.5785277320736162e-01	   2.7557930214691573e-01	   3.0969030209603837e-01	   2.0489743593200530e-01	   1.8762093329451737e-01	   3.3395534023213824e-01	   3.2701921801004519e-01	   9.8059283821323229e-02	   2.4540457087247894e-01	   2.9088915842830054e-01	   3.9896418769687636e-01	   5.6389012091698354e-01	   5.6521421445707853e-01	   4.6340951486807941e-01	   3.1427948388322408e-01	   3.8287971137269888e-01	   2.8750052922227121e-01	   2.1402050967216243e-01	   1.2711655589009035e-01	   3.1500642842306908e-01	   3.8626564541149822e-01	   2.1041280625174952e-01	   3.4748587365038930e-01	   1.2216155794047009e-01	   1.9653583300757016e-01	   3.5972903699659825e-01	   2.1575551818287125e-01	   2.9108605478989980e-01	   3.8583039414032150e-01	   2.5112975335299487e-01	   4.2927472435435055e-01	   2.5883363613781829e-01	   2.9978171437306927e-01	   2.6494504933836655e-01	   3.3749050300869704e-01	   2.7202161818622667e-01	   2.5398471737355149e-01	  -3.3910501379530650e-01	  -2.8496961828649725e-01	   2.5373711766897489e-01	   1.6430926046366001e-01	   1.5637258046375790e-01	   1.4720550903543836e-01	   3.3208893768142950e-01	   1.2857939924263231e-01	
   5.2921003647475362e-01	   1.7877018956449589e-01	   6.3125378813167776e-01	   1.0364157419779456e+00	   6.8269490986831161e-01	   8.9493423861427956e-01	   6.2195971095091740e-01	   9.4999127038285647e-01	   6.4808171987702845e-01	   6.5242203703755963e-01	   5.6910098593135294e-01	   0.0000000000000000e+00	   5.3059721088212464e-01	   8.4922291821222706e-01	   5.8083099204952371e-01	   7.5371292873018081e-01	   1.6968940552992637e-01	   3.2524111245814030e-01	   4.9804549200360437e-01	   8.4763976538338692e-01	   8.8839088552130741e-01	   8.3543089255278347e-01	   4.9327768035904773e-01	   8.2762325991554264e-01	   7.2296494725315763e-01	   8.9298162188292851e-01	   4.0936947254042555e-01	   6.5594634807438357e-01	   4.3275574186038906e-01	   6.5674345338966411e-01	   7.1253825448236430e-01	   7.8906528089511663e-01	   7.0162910604013706e-01	   9.0830224019300898e-01	   6.8481680402142642e-01	   8.7816021085009166e-01	   6.0993338353321291e-01	   8.6295098456221309e-01	   6.3158691388825028e-01	   9.0675616805852433e-01	   6.3492728692843492e-01	   7.0293836939661247e-01	   6.1011866665865266e-01	   6.3227636064685000e-01	   5.7409530072293513e-01	   7.0074880370074621e-01	   5.2373951169661093e-01	   6.2156022414630618e-01	   4.9895011331930517e-01	   4.7185553298595301e-01	   4.7175352475933258e-01	   3.7573024875891298e-01	   3.2956112034353152e-01	   2.7460943742602811e-01	   5.9113875995116583e-01	   5.9489069610737477e-01	   4.0453216313138818e-01	   2.6145471602149282e-02	   2.4893135698752542e-01	   3.5704873040869045e-01	   2.3007634845248731e-01	   3.6297878432893355e-01	   4.3127744705750828e-02	   3.2201118678845914e-01	   2.7369297087858724e-01	   6.2257702906374568e-01	   6.7403093104548073e-01	   9.3718941494998054e-01	   6.2418908040168919e-01	   5.4562750915669123e-01	   2.7256089969829594e-01	   8.3807906866340298e-01	   6.7563504132011165e-01	   6.7205362125435020e-01	   5.3386304956937514e-01	   6.8601077443313130e-01	   5.9219595917794432e-01	   8.5213949733929795e-01	   1.2469183266443834e-02	   3.8970716366003910e-01	   4.6407695239267344e-01	   8.4503728118553090e-01	   6.6807943630671041e-01	   1.0012523286209249e+00	   5.5552287224473895e-01	   9.1652632800589462e-01	   4.9592382276428487e-01	   6.3402928685707360e-01	   5.1817995103083048e-01	   7.2914890942399913e-01	   6.9764101043600790e-01	   3.6801885127469025e-01	   7.8022499146784141e-01	   3.8391350472598179e-01	   2.6227153496967182e-01	   1.5002412188707562e-01	   6.5989052487104782e-01	   5.2244754555395212e-01	   5.7023772999021993e-01	   5.4215909849459520e-01	   9.8737468634776060e-01	   4.8814035483137730e-01	   7.6648259707756961e-01	   3.6995949893170943e-01	   5.6312591921042776e-01	   4.7728729879310294e-01	   4.6286164014232928e-01	   3.0913810890777960e-01	  -2.1983423248848213e-01	  -2.5428459760493044e-01	   6.5046895445139064e-01	   4.7395453928925735e-01	   3.9774293869830318e-01	   4.0436926956437114e-01	   2.6733029947582948e-01	   1.2081870178895920e-01	
   3.2956164118418840e-01	  -2.4600551149988997e-01	   6.3242797507957726e-01	   4.0528246580371741e-01	   7.7090233209534365e-01	   3.6872552338049958e-01	   8.6797841465164283e-01	   7.0994189532704111e-01	   7.9251019610796236e-01	   6.2167032521309373e-01	   6.3488745076063546e-01	   5.3059721088212464e-01	   0.0000000000000000e+00	   5.0847014504956645e-01	   7.6237637600079333e-01	   3.6237870002291994e-01	   1.2855441649867058e-01	   2.7369860933302861e-02	   3.0604450209084594e-01	   1.6462108129960887e-01	   3.4663080301325910e-01	   3.2619366234828828e-01	   4.7598217778028806e-01	   2.9987726444844676e-01	   5.1299234663815274e-01	   4.1603423690444530e-01	   2.0283897137518328e-01	   2.5755799226733217e-01	   5.3364318109425701e-01	   4.3434444795041893e-01	   4.5456378531585018e-01	   3.5418186677977975e-01	   6.3815391541030442e-01	   7.0192128520241492e-01	   6.8217963792093628e-01	   4.6642887626549162e-01	   3.0692935269313182e-01	   3.5131124514706324e-01	   2.3994717619042150e-01	   4.2331647838449682e-01	   3.7239905646149696e-01	   3.7361058431319766e-01	   2.4923328667281575e-01	   2.3916066761999066e-01	   2.5256694653510892e-01	   1.9255298881587882e-01	   1.7774213494472194e-01	   2.2762276489947136e-01	   1.0669531846571399e-01	   2.8477627631419245e-02	   1.7073905422561472e-01	   5.6498010944566031e-02	   7.5563070964008758e-02	  -7.2028442505641223e-03	   1.4697331168197572e-01	   1.4412158404983350e-01	  -4.7308902145629189e-02	  -3.4592640874097436e-01	   2.4409218015838866e-01	   7.2332929168623203e-02	   3.1187116001251031e-01	   1.9497811195492648e-01	   1.2025827018797544e-01	   9.7043058616672701e-02	   5.0675207374489872e-01	   6.1167168671304406e-01	   5.8188931694338708e-01	   4.7345065616955784e-01	   1.5087370231272876e-01	   1.4892358149826890e-01	   2.0389865619421027e-01	   5.8282527818332608e-01	   3.3170982842220009e-01	   4.6324685601134435e-01	   3.3433947257078922e-01	   4.5028447750590123e-01	   3.8556884800909097e-01	   2.3758497812082646e-01	  -1.8225971582974874e-02	   2.2412653410283973e-01	   9.4887800024705000e-03	   3.0547469244198577e-01	   3.3331060235833970e-01	   4.5147326460064213e-01	   5.0937008892533620e-01	   4.0015096309596299e-01	   1.2832102365879131e-01	   3.8774816049358096e-01	   5.1218819219330969e-01	   3.1812332787161179e-01	   3.0584236992581515e-01	   4.8097633396434747e-01	   4.3566830993009220e-01	   6.5382316057171841e-01	   1.0450606667579568e-01	  -4.3146974592300394e-02	   2.4608470108160174e-01	   9.9729610973224220e-02	   1.2983133571285160e-01	   2.3122481519594285e-01	   4.9043539514224316e-01	   6.2812743829203954e-01	   1.9588458142588877e-01	   2.5825185187062932e-01	   1.3864092744179510e-01	   2.8180335180562599e-01	   2.2508909717752590e-01	   2.2952114101282048e-01	  -4.5636600533174176e-01	  -2.8778243936620673e-01	   3.4629531981073075e-01	   6.8011434659166717e-02	   1.0938494934280039e-01	   2.9318191940786081e-02	   1.8790218802142580e-01	   1.3557978358925438e-01	
