   0.0000000000000000e+00	   1.2137891546920754e+00	   6.0429193123426617e-01	   6.3602331540185097e-01	   3.7727804170820856e-01	   4.5322273144476927e-01	   8.6072145137539358e-01	   1.0345983808407404e+00	   8.3056649155056039e-01	   5.6305243789049864e-01	   1.1248082020339116e+00	   1.0281002039741582e+00	   9.1264924643631784e-01	   9.2078922338429892e-01	   5.0235140494287112e-01	   6.2199770026976464e-01	   5.1223628057244563e-01	   4.5404253929286920e-01	   6.5784895269254517e-01	   9.8752197429798050e-01	   2.2746919133935511e-01	   2.4963462055190719e-01	   3.2707964570483244e-01	   2.4262874224949282e-01	   3.8713975027598607e-01	   3.0738785761203219e-01	   3.2783922601052540e-01	   3.8826014230519623e-01	   3.5749846251233963e-01	   2.7587840978695433e-01	   1.6987764699168725e-01	   1.6183838302740455e-01	   1.0312613341494037e+00	   1.1140691259694737e+00	   4.6603474203795281e-01	   4.3511711344224335e-01	   2.0801563207518528e-01	   2.0254741528698170e-01	   4.3822650404790431e-01	   7.8383867645527106e-01	   4.5015904211970353e-01	   3.1567384086799938e-01	   3.9627838102631513e-01	   3.9532292731721241e-01	   3.5656407264806345e-01	   4.0347378436750325e-01	   3.9056353157348239e-01	   3.4457917983236946e-01	   2.4843344910915621e-01	   3.2949000633275172e-01	   2.6595905493523414e-01	   2.8073234814177445e-01	   4.4833276750479262e-01	   3.7470944841840870e-01	   6.2052663964392840e-01	   4.8528960748625166e-01	   6.9515518062602499e-01	   8.2975697155194106e-01	   6.4804732249262786e-01	   6.8796500500036595e-01	   1.1875356332788551e+00	   1.0520675457540487e+00	   5.1810105664224004e-01	   6.0444703907376141e-01	   4.4226211260423842e-01	   7.6061382225492324e-01	   7.4771418721195981e-01	   7.4428140315702418e-01	   8.6302646143977191e-01	   9.7788146587557956e-01	   3.7638888486178834e-01	   4.9392663496558675e-01	   6.6396252963476798e-01	   6.3705231334048651e-01	   5.4314299122463805e-01	   5.5513345603171149e-01	   5.9142321579943968e-01	   6.1573702928649832e-01	   3.8994220617202868e-01	   1.1736394254372697e-01	   6.3566351531859433e-01	   5.1932849496168043e-01	   4.5262242975643385e-01	   5.1489601227604442e-01	   6.6975965552738981e-01	   6.5897614560211037e-01	   1.7498101335400379e-01	   2.7505866116986599e-01	   9.6543463814893793e-01	   8.0426375851625398e-01	   5.6803002837951166e-01	   5.4848057905491476e-01	   6.6167958572438845e-01	   5.5404662939971872e-01	  -1.8133530481526006e-01	  -4.4975309107849318e-02	   7.0769197768981329e-01	   5.6455337789512949e-01	   7.3125227997364828e-01	   5.3871304786316765e-01	   7.5086595177258286e-01	   8.1606470344229998e-01	   7.8088566286128724e-01	   6.7084234975676460e-01	   2.9152005131257497e-01	   1.7086495911043309e-01	   3.3679087514547190e-01	   7.3624523159901178e-01	   3.0127276016717643e-02	  -4.5892713203455884e-03	   5.4157734546348313e-01	   7.0572909909224857e-01	   6.4652165423264585e-01	   4.2439945056179518e-01	   2.5673133775531887e-01	  -7.1350062746428328e-02	
   1.2137891546920754e+00	   0.0000000000000000e+00	   3.3637544205960707e-01	   5.5726293989201847e-01	   3.9665256741284594e-01	   4.8349908337350406e-01	   5.8879869613717883e-01	   9.4708857969092097e-01	   7.7194392553881253e-01	   5.5042905880448822e-01	   7.1531553560222694e-01	   9.8451905790925975e-01	   5.6780000913188411e-01	   8.6576211622041677e-01	   4.1011220285461386e-01	   5.5411695132813354e-01	   4.2751607359701727e-01	   4.3659240154711459e-01	   5.0967370248144894e-01	   1.1156562315605734e+00	   2.4797576045907635e-01	   2.5727768326894512e-01	   2.4218858495191437e-01	   2.6850497099071846e-01	   3.2546248556596619e-01	   2.9553620868933644e-01	   3.3175188625080182e-01	   3.8638383735004228e-01	   3.3621548699216025e-01	   2.7164242870836136e-01	   1.2061313343183729e-01	   1.1721944345882358e-01	   8.5722356713440584e-01	   1.0148882469324585e+00	   2.8612239456885158e-01	   3.2414901798254198e-01	   2.9631822244553613e-01	   2.2375917250449331e-01	   3.7271521674424252e-01	   8.4506241168552054e-01	   6.1450789929052296e-01	   4.1692456096619979e-01	   4.7902764136131143e-01	   5.1399235638275942e-01	   4.5027745808478670e-01	   4.9298028684590289e-01	   5.2047212353409789e-01	   4.8301978874079798e-01	   3.8153179775134927e-01	   5.0911985421404671e-01	   2.7595577711406216e-01	   3.7212935562278371e-01	   6.2983554577539025e-01	   3.7938658510819678e-01	   8.1110824883003041e-01	   6.0191203145742445e-01	   5.3211560078544773e-01	   8.3940140258591200e-01	   5.6201622727776435e-01	   7.5383411570577452e-01	   8.6669193072183326e-01	   1.0106744388602218e+00	   3.9988061706309641e-01	   5.1741240977573122e-01	   1.9688313149409109e-01	   6.0144573645953003e-01	   4.8744449242216109e-01	   5.8998754107926410e-01	   8.8447787631325792e-01	   1.0715561338228121e+00	   2.9524242070900797e-01	   5.0187499196393981e-01	   5.7062818829701678e-01	   4.6579658545759095e-01	   5.9580109032389494e-01	   4.4178030705436327e-01	   5.1029764224563801e-01	   6.4820409238662924e-01	   1.9283365259031351e-01	   4.7316162752953826e-02	   5.2863938358647422e-01	   3.2695578859117108e-01	   4.1655458979602944e-01	   4.7985395928613050e-01	   5.3423356616630080e-01	   5.8395563776673476e-01	   2.0056082435648601e-01	   3.0381774523258526e-01	   7.8932041804104014e-01	   8.1911061979743738e-01	   5.8403114922799260e-01	   5.1084842831002708e-01	   5.7299366583741473e-01	   4.7446174368041832e-01	  -9.8726563840738066e-02	  -7.6440452274448914e-02	   7.4317522954842274e-01	   6.0880195808739901e-01	   8.5720100874888761e-01	   4.9339975084610532e-01	   6.3919920228902261e-01	   4.9926649210793578e-01	   7.0479871390110505e-01	   4.2454726408671517e-01	   2.0567695735965297e-01	   5.0156431541891311e-02	   3.6636120701494979e-01	   7.1243343515589708e-01	   7.3591350283946175e-03	   8.4753071016402989e-02	   5.6151549947712831e-01	   7.2237244157945990e-01	   9.0627735875041049e-01	   3.6213698378797821e-01	   2.3764797025720430e-01	  -7.4273357647432994e-02	
   6.0429193123426617e-01	   3.3637544205960707e-01	   0.0000000000000000e+00	   1.2939159386004415e+00	   7.7136705018511575e-01	   7.2470611578707389e-01	   1.2704033151510115e+00	   8.8896057094902003e-01	   7.8442980749994673e-01	   8.8518818626753781e-01	   5.8106251832404920e-01	   4.4236906939356840e-01	   8.7301026706182006e-01	   5.6989155540849146e-01	   9.2716971282377969e-01	   9.1872620824498386e-01	  -1.7811253023768972e-01	  -1.6489394749334343e-01	   1.1297562849170829e-01	   3.4830531698297762e-01	   3.3071371932417870e-01	   5.5007855763876601e-01	   1.2925471441251035e+00	   8.5465682044146851e-01	   9.5892003810753423e-01	   8.3348545194404577e-01	   6.4601374515153787e-01	   6.6194379471437215e-01	  -1.6026220493399684e-01	  -1.5409170347914103e-01	   3.9256213095122350e-01	   4.1622494730020143e-01	   4.7649661869061588e-01	   4.1018923349271763e-01	   8.7748850826225178e-01	   7.7027292452118001e-01	   2.6055193949773064e-01	   3.8764834567256773e-01	   6.2369784856029331e-01	   6.4389034143344781e-01	   1.6826376048227834e-01	   9.3519806680066625e-02	   2.7226597403699715e-01	   2.6445599344457943e-01	   1.7529782431294066e-01	   2.2011711832514191e-01	   3.1090476723150112e-01	   3.1288105364527885e-01	   3.4292821448268834e-01	   2.8233048721574028e-01	   7.1081387437339527e-01	   5.4350903807090689e-01	   3.4804308790791577e-01	   5.4068024590193486e-01	   5.8191829555418850e-01	   3.6682656896062510e-01	   6.0954849661070967e-02	   8.5265455875225424e-02	   4.3876909454443469e-01	   3.7318860697934730e-01	   5.5729085539258272e-01	   5.5400986810094233e-01	  -6.2061548772283703e-02	   2.1881850507303284e-02	   1.2881036619108892e+00	   1.1121231832194707e+00	   7.4973568820620484e-01	   6.1761375904485494e-01	   6.0842585279026540e-01	   6.1319255551290730e-01	   2.3719560934747638e-01	   4.7790541865161629e-01	  -2.1086807250055829e-02	   3.0954856438734767e-02	  -1.0108084591614444e-01	   1.2153722633988849e-01	   2.7490605924750156e-01	   2.2259210832629725e-01	   1.2565131534409393e-01	  -1.7240890087314492e-01	   2.9177490252281571e-02	   2.0536127402991122e-01	   5.5862889720939157e-01	   5.0324745219041267e-01	   8.9884000884982396e-01	   1.1158110970930835e+00	   7.0671871688732602e-01	   6.5221358095980086e-01	   9.2583348809748300e-01	   8.1078595826955990e-01	   8.2863228067869321e-01	   7.4668874924465067e-01	   9.2203496374502614e-01	   7.8888175443893915e-01	  -9.2035958045213279e-02	  -1.2645781971777115e-01	   6.1941440983660312e-01	   2.1931327894040817e-01	   3.8880726663629445e-01	   2.3856502365938775e-01	   5.3772263632308093e-01	   7.9474900433197249e-01	   5.4611789107208919e-01	   6.0444623140583520e-01	   5.5076799413549049e-01	   6.1719378368460087e-01	   3.4755191016395959e-01	   7.2933059769063546e-01	  -2.2218166832337342e-02	  -8.9113075171594794e-02	   6.3775013676325409e-01	   3.3758156556969177e-01	   3.0647697452911526e-01	   3.5095241812933375e-01	   3.7132863677135941e-01	  -1.9479264391062751e-01	
   6.3602331540185097e-01	   5.5726293989201847e-01	   1.2939159386004415e+00	   0.0000000000000000e+00	   8.0632104312871777e-01	   9.0157854865468501e-01	   1.0895003580748921e+00	   1.2172402197446119e+00	   8.1677693927235206e-01	   1.0112541650314819e+00	   4.8280341145881156e-01	   5.8787258690257405e-01	   6.4394280686888017e-01	   6.6007213190460934e-01	   7.8816491309911263e-01	   9.4754732635277450e-01	  -9.5872081801266010e-02	  -4.0528317155023058e-02	   1.3555335748096656e-01	   5.2447643351825335e-01	   3.4269328627192186e-01	   5.5063482187785495e-01	   1.0574100912433675e+00	   1.0692686988026885e+00	   8.6832183012500952e-01	   1.0123693996142435e+00	   6.3821500732067837e-01	   6.1264997627946682e-01	  -1.3420212722360050e-01	  -1.1295133643797939e-01	   3.7622503654523642e-01	   4.3695656705473357e-01	   5.9020598045723416e-01	   5.7501721420965812e-01	   8.9436095279938921e-01	   9.7120863034619342e-01	   3.7217732757948291e-01	   3.8545421391865231e-01	   7.1805460874263982e-01	   7.8855929558951088e-01	   3.4790324641329279e-01	   2.4341236113180686e-01	   4.6857681086087249e-01	   4.7864741828414437e-01	   3.7559143263014289e-01	   4.1787924780647945e-01	   4.7577030730442421e-01	   4.6638381168591569e-01	   5.1339854720084743e-01	   4.6561860869880867e-01	   7.6280794177717404e-01	   6.3377209751847896e-01	   5.5481936991421810e-01	   5.8247979250199200e-01	   7.6379067344070195e-01	   5.0753495343058375e-01	   1.3657012093677037e-01	   2.6954596925131258e-01	   4.9499487335634451e-01	   5.3141271419393543e-01	   6.0848188105165635e-01	   7.2372440435531193e-01	   8.2656849640808158e-03	   1.3504194842225631e-01	   9.7502081879808244e-01	   1.3339309326352975e+00	   8.2155925865766433e-01	   7.8131109991558700e-01	   6.2477881723194995e-01	   7.8631876188845817e-01	   1.5707365714617794e-01	   6.3066179671486278e-01	  -2.7241225223251429e-02	   5.2651213602388808e-02	  -4.0269128058623066e-02	   1.8103627978148257e-01	   2.2186637104222356e-01	   3.0945147301120068e-01	   1.1600840043790731e-01	  -1.8191152691063334e-01	   9.9520048645956441e-02	   2.3959682154605394e-01	   4.8311011161837414e-01	   6.2187826325464679e-01	   8.5322508122942553e-01	   1.2108228406583548e+00	   6.7913424371055087e-01	   6.7219508173341092e-01	   8.3654234316933329e-01	   9.6107594705854582e-01	   1.1492665271596492e+00	   8.7539530817715405e-01	   1.2012827062693245e+00	   7.7549514147293597e-01	  -1.3797057993735987e-01	  -1.4926526422386532e-01	   7.2847596804495518e-01	   3.1119693795995618e-01	   6.3360677776804142e-01	   3.1681309556881310e-01	   7.3607210725661443e-01	   6.9504666122003911e-01	   8.0625685298145267e-01	   6.3412548335516938e-01	   7.3043111367292046e-01	   5.2862332047448057e-01	   3.3335271852964032e-01	   7.3568344935122143e-01	   6.2806818919265678e-02	  -2.0797942145077939e-02	   7.3565372699991016e-01	   3.7719201472946268e-01	   5.8767153345829359e-01	   3.2789312751840033e-01	   3.6427402084882626e-01	  -2.1400619446081193e-01	
   3.7727804170820856e-01	   3.9665256741284594e-01	   7.7136705018511575e-01	   8.0632104312871777e-01	   0.0000000000000000e+00	   1.5140604717935957e+00	   5.8918538517870900e-01	   6.2511399623183384e-01	   1.0489949984667832e+00	   1.4371393590161783e+00	   3.5527539370909400e-01	   3.3067725872572618e-01	   5.4798268649062354e-01	   3.8466229015241515e-01	   1.1291285107512143e+00	   8.2716613910035663e-01	  -1.9316331570452872e-01	  -1.8035585909579699e-01	  -1.0909939804012265e-02	   2.4911293923857075e-01	   5.4763848241730673e-01	   7.6143590419337082e-01	   7.7479098315667860e-01	   5.9302721512363032e-01	   6.9796685569879213e-01	   5.0715157642318220e-01	   1.1715190102611051e+00	   1.0804875894650807e+00	  -2.0450878444405715e-01	  -2.7641853621047119e-01	  -7.1085701299959947e-02	   4.0906851400480705e-02	   8.4247784415771326e-02	   1.1195616251343785e-01	   3.8239568032715898e-01	   3.2362456094496433e-01	   4.5897810417477336e-01	   3.8282811074645556e-01	   7.5115968797589228e-01	   6.4870169857627247e-01	   2.4845135478687447e-01	   3.3014326322974863e-01	   2.5847048541151135e-02	   7.4244004651419532e-02	  -5.1839658249919415e-02	  -3.8776640821337000e-02	   3.9517882559166072e-02	   9.0807374304083061e-02	   1.0779149471699312e-01	   1.2600665893883201e-01	   3.8496783880716084e-01	   3.4864014337880012e-01	   1.5689987134723235e-01	   2.6088100839151851e-01	   4.0256444660939045e-01	   9.8164522081426633e-02	  -3.5874084508631485e-02	  -3.5243194629209038e-02	   5.9917113972744032e-02	   1.1492948894524889e-01	   2.1760989005361517e-01	   3.5606752636232719e-01	  -2.6997769398249638e-01	  -1.4320535068526058e-01	   6.2033539064329624e-01	   7.0566437121643122e-01	   2.2242498161119958e-01	   1.9080147502119998e-01	   4.6644566530398324e-01	   4.7411002872941033e-01	   2.5689015443922270e-01	   1.9922774535369941e-01	  -2.0251512645008340e-01	  -1.9633834001307585e-01	  -1.3433422610756385e-01	  -3.1789510928515022e-02	  -2.5852313155823536e-02	  -3.5612535206240102e-02	   6.6751772810846016e-02	  -1.3182074083297807e-01	  -1.0890327006299341e-01	  -1.1714432839173956e-02	   6.9666014283522426e-01	   4.8036190191327321e-01	   6.8270903768738167e-01	   6.9760294172973214e-01	   8.6591482894709593e-01	   1.1930537685398626e+00	   6.0869397361443389e-01	   5.9933049566500296e-01	   5.6783992698182972e-01	   6.6973944483800696e-01	   8.1767287591921201e-01	   1.0655099438092501e+00	  -8.4840131994225396e-02	  -4.9893255244344581e-01	   2.9985638441771595e-01	  -1.4596587957133109e-01	   1.6976419274209967e-01	  -1.8126496402220602e-01	   4.3294046286055954e-01	   4.9336276920445954e-01	   3.9407707129477593e-01	   3.6405441604341388e-01	   6.2281728409008907e-01	   4.1167609061739391e-01	   2.5478017893877952e-01	   7.0469211726576975e-01	  -6.1749120390606873e-03	  -1.3766028049925327e-02	   2.6444475412814950e-01	   8.5714399435802502e-02	   1.7413636787724412e-01	   5.8502907222504863e-01	   5.8291842501303548e-01	  -1.8615919394209643e-01	
   4.5322273144476927e-01	   4.8349908337350406e-01	   7.2470611578707389e-01	   9.0157854865468501e-01	   1.5140604717935957e+00	   0.0000000000000000e+00	   5.9117077177917332e-01	   7.6195993464531375e-01	   9.7980033537846278e-01	   1.4311329052322419e+00	   3.9963528653842090e-01	   4.3300646331940301e-01	   5.0637618307494137e-01	   4.1495519252394714e-01	   1.0863856200916027e+00	   9.0051759176694779e-01	  -6.6257619463641837e-02	  -1.0633448248647162e-01	   7.1503410480198842e-02	   3.3751708730765762e-01	   5.9398171969807134e-01	   8.3429712173290149e-01	   7.5918031388798091e-01	   6.8152839720736424e-01	   7.3069912275831672e-01	   6.5027659633090473e-01	   1.0853966279765175e+00	   1.1417828334074291e+00	  -1.2844518003199779e-01	  -1.9091386878662883e-01	   1.3981680225954227e-02	   1.1471827787248208e-01	   2.0486936169183578e-01	   2.4934819375928952e-01	   5.2335469978634974e-01	   4.1490496200063576e-01	   4.2476587003097760e-01	   3.7550852612684266e-01	   8.3208573409631503e-01	   7.1608894530344747e-01	   2.8542814590596222e-01	   4.2534737606670570e-01	   1.5208950556706186e-01	   2.0735734142148454e-01	   1.3216435440970231e-01	   1.3188313063854906e-01	   1.5174395868365484e-01	   1.8229930367792999e-01	   2.3586608132509462e-01	   2.0891949463973089e-01	   4.5152092425366458e-01	   4.0538819774076568e-01	   2.5340505714596173e-01	   3.4838084544624776e-01	   4.8891395651955166e-01	   1.4705965190192011e-01	   7.1057712465506268e-02	   9.9678935977533245e-02	   1.7287057957552615e-01	   2.2420155107449075e-01	   3.1878698172318759e-01	   4.7458784723018932e-01	  -1.5779279154580886e-01	  -4.5959056522520213e-02	   5.6187589078702815e-01	   7.7780496873827365e-01	   3.6248833802897668e-01	   3.5119680431607769e-01	   5.0627838806890302e-01	   6.1035155405054597e-01	   2.3551555891020692e-01	   3.4543160191965211e-01	  -1.5551310663486684e-01	  -5.8795429752458189e-02	  -9.2016782904025637e-02	   1.2788209089979799e-01	   4.3412860765206986e-02	   5.5425609020085954e-02	   2.1018856976581055e-01	  -2.7874291095777295e-02	   2.6685666375715660e-02	   1.3525417625347547e-01	   7.4154631837611995e-01	   5.5130977176778095e-01	   7.0121717498264968e-01	   8.3360865842873988e-01	   7.4864983951712405e-01	   1.1111965778663475e+00	   6.8707782420410990e-01	   6.8689529341211486e-01	   6.5322077775213883e-01	   7.0718023109122619e-01	   8.8313696819334786e-01	   1.0638925120869236e+00	  -8.1113051559952590e-02	  -4.6579650063525307e-01	   3.9346313602340188e-01	  -5.0174984137429803e-02	   2.8277235510632326e-01	  -1.1259027842652018e-01	   5.1985584344383762e-01	   4.9297335463525416e-01	   5.1313553673985868e-01	   3.5416086417517062e-01	   6.4466808930095432e-01	   3.4608709049432040e-01	   2.8468656391566416e-01	   7.0938449559753425e-01	  -4.5472346565169498e-02	   1.8824710006255116e-02	   4.1830661370991928e-01	   1.9159254837705594e-01	   2.9167910464811941e-01	   5.4809974632676717e-01	   4.5999530782626485e-01	  -2.4315746261163165e-01	
   8.6072145137539358e-01	   5.8879869613717883e-01	   1.2704033151510115e+00	   1.0895003580748921e+00	   5.8918538517870900e-01	   5.9117077177917332e-01	   0.0000000000000000e+00	   1.2321211983169329e+00	   8.5348503469538195e-01	   7.0159368130972621e-01	   7.5829423600686929e-01	   8.0643807942076362e-01	   9.2053581403219831e-01	   8.0901209579188993e-01	   6.5645745881064022e-01	   7.1745711685688263e-01	   1.8907335142863166e-01	   2.3564165958529876e-01	   1.8210052075601574e-01	   4.6555148181519279e-01	   2.2725237772901072e-01	   3.2041940331429092e-01	   7.4427106449702607e-01	   5.0269840529873744e-01	   6.9960323453312878e-01	   5.9082185676588983e-01	   3.7695258674058063e-01	   4.0079013377824402e-01	   2.2701787183073990e-01	   2.1620916640303636e-01	   4.9803959668940984e-01	   4.9009588813069727e-01	   8.2827377633837052e-01	   8.5180297948570882e-01	   7.2692266017006568e-01	   7.2912484264710686e-01	   2.1671808824697147e-01	   2.9209585598926241e-01	   5.4233819679612894e-01	   6.7586878518472560e-01	   2.6192305800026294e-01	   1.8910668649435350e-01	   3.6576165126579718e-01	   3.7887437121773876e-01	   3.0522763532253649e-01	   3.6850845550541395e-01	   4.4883855459769184e-01	   4.3234807117032714e-01	   3.7984360218232782e-01	   3.2459388269920864e-01	   5.9380420710860593e-01	   4.6607102820652563e-01	   4.5735771819203164e-01	   4.9799938499656154e-01	   6.6160180706282445e-01	   4.6144027052863218e-01	   3.1055810804554473e-01	   3.8847345306585179e-01	   7.6164314868128702e-01	   6.4144617434376283e-01	   9.5259537518420179e-01	   9.4234792596009076e-01	   3.4075725191568473e-01	   4.6637967212830483e-01	   8.6993020587471326e-01	   1.1285047454042225e+00	   1.0673803648471185e+00	   9.1005864002590042e-01	   5.9871985282289208e-01	   7.0227687915143333e-01	   2.9312954445039041e-01	   5.5637120834672504e-01	   3.0142237223641327e-01	   3.3565578165148785e-01	   2.1549134961756924e-01	   3.9385598038056041e-01	   5.5774078123653492e-01	   5.8580867713761398e-01	   3.6195169111247527e-01	   8.5659774107940304e-02	   4.2054964834569736e-01	   4.8453815068943257e-01	   5.5024040642023386e-01	   6.0864117198638823e-01	   7.5737256082169324e-01	   9.8221573442183774e-01	   5.0653829151516216e-01	   3.4804824730176270e-01	   9.7502251859117517e-01	   7.7660814909410814e-01	   7.2215836459452376e-01	   5.8544076398471900e-01	   8.1273809352793569e-01	   6.4021133220657811e-01	  -1.8165911574707841e-01	  -1.6734160661963715e-01	   7.4105306720269593e-01	   3.5236840979763212e-01	   6.3857267532199680e-01	   4.3175305777259998e-01	   6.6391275372805070e-01	   9.6266433059341505e-01	   7.2388585597031285e-01	   7.5603118636831612e-01	   3.6343377830808371e-01	   3.4896546642785087e-01	   3.5683671544777673e-01	   7.1673968535244603e-01	  -1.1371939630243642e-01	  -9.6739508221253045e-02	   6.4229040854237540e-01	   4.5850535774665335e-01	   5.2038249512212742e-01	   3.8648551481566851e-01	   3.0594249023351039e-01	  -1.2877337229412281e-01	
   1.0345983808407404e+00	   9.4708857969092097e-01	   8.8896057094902003e-01	   1.2172402197446119e+00	   6.2511399623183384e-01	   7.6195993464531375e-01	   1.2321211983169329e+00	   0.0000000000000000e+00	   1.1416717098184894e+00	   9.2991146573131367e-01	   8.9548302663640000e-01	   1.2583085032681223e+00	   9.7853956177274393e-01	   1.2575124569393306e+00	   7.6291635113322243e-01	   1.0140277506924067e+00	   2.0592615735810910e-01	   1.9140377955967805e-01	   2.6061118487936485e-01	   7.0248938704829500e-01	   1.5634689395653217e-01	   3.0262611708329068e-01	   7.0585691823291696e-01	   6.3282726784509524e-01	   5.6498097307640327e-01	   6.0897020858459627e-01	   3.7161977252491407e-01	   3.9674810640479330e-01	   2.6925374509519856e-01	   2.6411644079059404e-01	   3.5927439106447701e-01	   3.8785469918604415e-01	   8.9952164321354333e-01	   9.9808934599095378e-01	   6.6829180079614137e-01	   6.8163288168000991e-01	   3.5269028898502508e-01	   3.9010811440429760e-01	   7.0194771026953207e-01	   1.0613194764307508e+00	   5.1607669960762936e-01	   4.1051668927585361e-01	   5.9939911354423603e-01	   6.4467184613142381e-01	   5.7703331584723061e-01	   6.1523660587894402e-01	   6.3721174360966570e-01	   6.3497012103435546e-01	   5.9205718777879013e-01	   5.7265071420482838e-01	   6.0004376768493262e-01	   5.7187926381545140e-01	   6.9105442804652140e-01	   5.6288404370820655e-01	   9.7743189400211350e-01	   7.3775037431171198e-01	   2.3553944206890956e-01	   4.7456372619737497e-01	   9.1325456617248624e-01	   9.3313273340886960e-01	   1.1198146362335342e+00	   1.3521309453283761e+00	   3.3314890777219891e-01	   4.4804883040034804e-01	   6.5406049891480689e-01	   1.2218435257891513e+00	   1.0113071778459515e+00	   1.0211507882590829e+00	   7.5960376535364960e-01	   1.1999181516096902e+00	   1.3669607088780139e-01	   5.4589981792687170e-01	   2.8878732854345035e-01	   3.9838249790888736e-01	   2.6483854927770456e-01	   4.4961482110596990e-01	   4.4544583914906311e-01	   5.4193251091086503e-01	   2.4729527052266415e-01	   5.2492010043652684e-02	   4.2145599921646515e-01	   4.0952831018666042e-01	   5.9598716391679385e-01	   6.3605396489906019e-01	   8.7618249334072129e-01	   1.1246999971407425e+00	   3.9921001816191792e-01	   4.2617504362439362e-01	   1.2343621822062543e+00	   1.1602172221120488e+00	   8.5563708893738655e-01	   6.1966576220335579e-01	   9.1545160614486820e-01	   6.1223181906270296e-01	  -1.6079981616108496e-01	  -1.4753559528428517e-01	   8.1168558320632989e-01	   4.8090340215488070e-01	   8.7706082501430183e-01	   5.3270199244732863e-01	   8.5254267771606607e-01	   7.9154136434410349e-01	   8.8740134762692213e-01	   6.5461617363851710e-01	   3.7578310748963306e-01	   1.8140305192942133e-01	   3.4531379315167793e-01	   7.6369068881043312e-01	  -1.4620604015392316e-01	  -6.1951948175364022e-02	   7.5146268354409340e-01	   5.9620881600800724e-01	   7.7888283567888239e-01	   3.3518867949674236e-01	   1.8415762707504182e-01	  -2.1131046101863471e-01	
   8.3056649155056039e-01	   7.7194392553881253e-01	   7.8442980749994673e-01	   8.1677693927235206e-01	   1.0489949984667832e+00	   9.7980033537846278e-01	   8.5348503469538195e-01	   1.1416717098184894e+00	   0.0000000000000000e+00	   1.3658273156395453e+00	   8.2316194450554647e-01	   8.8054168602570426e-01	   1.0638157029145778e+00	   9.9902376965521533e-01	   1.1005063338969927e+00	   1.0950488366977809e+00	   1.1958713337120321e-01	   2.5717296244775398e-02	   1.6621320484931285e-01	   5.1492572410153348e-01	   2.1668392407880363e-01	   3.7587642330732213e-01	   7.0792426464693281e-01	   4.9200205429031107e-01	   5.9089925044474734e-01	   4.6643988161222572e-01	   6.0250698026250138e-01	   6.2471074730210074e-01	   2.1227990886183806e-01	   1.4376151251704167e-01	   7.8806243748753044e-02	   1.3308941733464733e-01	   4.4351873761110566e-01	   5.2051337462649594e-01	   3.1549589035691850e-01	   3.0368038470075520e-01	   4.6379423909738166e-01	   4.3618672699771499e-01	   7.8701147917711900e-01	   1.0365544659316344e+00	   4.7787379058482415e-01	   4.3911374696709815e-01	   2.2778752682215025e-01	   2.7311136500547417e-01	   1.7368149510536099e-01	   1.7634986583236278e-01	   2.6000841466749985e-01	   3.3442096857072123e-01	   2.9360450676062333e-01	   3.1852702816976336e-01	   4.1648157259577423e-01	   4.0966489737554124e-01	   4.2875133717682579e-01	   3.8267801052415779e-01	   7.1632172122785209e-01	   4.2393414146470926e-01	   8.5019973797588050e-02	   2.2251646866805846e-01	   4.9438453457235743e-01	   5.1938950086842184e-01	   7.3392794269053030e-01	   8.6638743169261989e-01	   1.2518699965274269e-01	   2.1319228395905709e-01	   5.2307664382457930e-01	   7.9204341677498757e-01	   4.3681922610812823e-01	   4.2250548147148792e-01	   7.3793686530624958e-01	   8.6532260091423197e-01	   1.2424671129848144e-01	   2.9182801689540694e-01	   2.1021099035438828e-01	   1.9180473120245303e-01	   2.2653009374116306e-01	   2.1923847345491823e-01	   2.3222962709716463e-01	   2.7828641797958176e-01	   2.3153487481772733e-01	   9.3127389438561262e-02	   2.5913080984904130e-01	   2.5323197249516316e-01	   7.8762996911537986e-01	   5.6230248264003269e-01	   8.0441394840857217e-01	   8.4667278072532159e-01	   5.7075499413999520e-01	   7.2791249232621824e-01	   1.0916970320910067e+00	   9.8457743121881414e-01	   6.3405005930553504e-01	   5.8728155106795432e-01	   8.2358229713195252e-01	   7.6766144139998327e-01	  -9.6476143895596056e-02	  -2.6858033794291514e-01	   5.2088890536079402e-01	   1.6839440778811712e-01	   4.4966821972434823e-01	   1.6496636326536310e-01	   5.6443688316191376e-01	   6.0326976354551709e-01	   5.2031000267683170e-01	   4.3421508555564259e-01	   2.8349466553883496e-01	   1.6460714189772352e-01	   2.3931272316155788e-01	   7.7006916441161699e-01	  -1.2608180556614662e-01	  -3.8168255992155856e-02	   4.1540451282965662e-01	   3.2295524213749760e-01	   3.8057452424023791e-01	   5.6486670247640403e-01	   3.4545037063927353e-01	  -2.6845482913145019e-01	
   5.6305243789049864e-01	   5.5042905880448822e-01	   8.8518818626753781e-01	   1.0112541650314819e+00	   1.4371393590161783e+00	   1.4311329052322419e+00	   7.0159368130972621e-01	   9.2991146573131367e-01	   1.3658273156395453e+00	   0.0000000000000000e+00	   6.1812880545217452e-01	   5.9582240494356653e-01	   7.9631202546919821e-01	   6.9923633758854753e-01	   1.3855314722537928e+00	   1.3377590532457408e+00	  -6.4969178950634365e-02	  -1.7436555093165626e-01	   2.3647456055856712e-02	   3.5856939202786509e-01	   3.4486077557650335e-01	   6.0532206825372137e-01	   9.2454828180390902e-01	   6.9482023760310285e-01	   7.4595860106445011e-01	   6.2440916109156830e-01	   9.7013251470195627e-01	   9.0650906782489427e-01	  -1.5015739714189659e-02	  -5.5987834986023576e-02	   6.3061664201793488e-02	   1.9323770379450111e-01	   2.6158113870152006e-01	   3.1915910658921526e-01	   5.1622638867987436e-01	   4.5644096530073042e-01	   4.9203503076760113e-01	   5.0859486075301064e-01	   8.2447592406284465e-01	   8.9287718956926443e-01	   3.5815395586484366e-01	   4.2073886588824272e-01	   1.8215264375855783e-01	   2.2403185663725234e-01	   1.2351831296005854e-01	   1.3825413957486068e-01	   1.8100445274117116e-01	   2.4144967883262719e-01	   2.2907325821378222e-01	   2.4356174762748434e-01	   4.4277246412712917e-01	   3.8735699668416751e-01	   3.0391819724893443e-01	   3.5256326381719405e-01	   5.6165469857167138e-01	   2.5340392725044325e-01	  -7.9652726480362764e-03	   6.1726245075143099e-02	   2.7213407354903013e-01	   3.0077779203595928e-01	   4.6426485351025681e-01	   5.6428658475572946e-01	  -9.4453874213540151e-02	  -3.6374927245999195e-02	   7.3520302090093137e-01	   9.2635822150024916e-01	   4.0330549967447554e-01	   3.6903938438684802e-01	   6.4602834439512069e-01	   7.4681729135662422e-01	   1.1304819004727486e-01	   2.6414047319385581e-01	  -1.1280359709999260e-01	  -4.4984944049436613e-02	  -4.1303784652188411e-02	  -2.7162146040379843e-02	   9.7111150049595849e-02	   1.0945888212804759e-01	   1.4988638560457312e-01	  -5.1549592303841152e-02	   4.5860250196609713e-02	   1.3948149146891647e-01	   9.0474901754112103e-01	   6.2877533152730314e-01	   1.0135631234328073e+00	   9.9534620828454456e-01	   9.2317039584886507e-01	   1.0621077357736450e+00	   9.0453232151534690e-01	   8.9414400343848033e-01	   6.9102799053168351e-01	   6.7425243023081893e-01	   1.0302207901584814e+00	   9.1417995186839818e-01	  -5.5729675268615352e-02	  -3.4656835388475266e-01	   4.6585510109659500e-01	   3.7586050737928596e-02	   3.0398546750155203e-01	  -2.5003256385483761e-02	   5.6406895133431745e-01	   4.7694123235216901e-01	   5.1808276660832697e-01	   3.5972177421112095e-01	   5.5780622058806451e-01	   3.2763929394036884e-01	   3.0977744747262764e-01	   8.3226421295450370e-01	  -5.8369712760659581e-02	   2.1774220068118789e-02	   4.9372822044225956e-01	   2.1164082388594449e-01	   2.9981852169750856e-01	   5.5862324463529578e-01	   4.8199411689710220e-01	  -2.7252397082450236e-01	
   1.1248082020339116e+00	   7.1531553560222694e-01	   5.8106251832404920e-01	   4.8280341145881156e-01	   3.5527539370909400e-01	   3.9963528653842090e-01	   7.5829423600686929e-01	   8.9548302663640000e-01	   8.2316194450554647e-01	   6.1812880545217452e-01	   0.0000000000000000e+00	   1.1654592995751134e+00	   1.2102247199782559e+00	   1.1005150579843519e+00	   6.5760696286562059e-01	   7.2048687197342287e-01	   3.6775788461579939e-01	   2.3413543746765450e-01	   4.4127052271206574e-01	   5.1888411949584201e-01	  -2.1257689025665712e-02	   2.7193353763574683e-02	   4.2591463555693299e-01	   2.3787043026403232e-01	   2.0893911546974278e-01	   1.0796136069962317e-01	   2.2873557122051835e-01	   2.5948297991585867e-01	   4.9303099286816687e-01	   4.3548325791677567e-01	   1.6139701873435641e-01	   2.7715812298454195e-01	   6.7542435965094683e-01	   8.0229068581580021e-01	   3.9069261300314839e-01	   2.5934225321726606e-01	   2.0192311336754334e-02	   1.4441491590348851e-01	   3.1488782037051383e-01	   6.0579766033102422e-01	   2.5651032450427669e-01	   1.5924228038168245e-01	   2.8548152159417428e-01	   2.7734435400980595e-01	   2.9776944122466276e-01	   3.3156464552933779e-01	   3.1849232525733212e-01	   3.0553797812648353e-01	   1.7607866971162867e-01	   2.0790830586703876e-01	   1.2339625633188371e-01	   1.5562461277257711e-01	   2.9723140009912002e-01	   2.1706889882021155e-01	   4.3039640422902958e-01	   3.6554896130152503e-01	   3.6910740185564622e-01	   4.9320294708322188e-01	   6.6836025953270206e-01	   6.1833713254756018e-01	   1.0935123504427393e+00	   8.5623227210751951e-01	   4.9280829428834444e-01	   4.7650620957196854e-01	   4.8696875303443576e-01	   6.5350849902587738e-01	   6.7571468250304745e-01	   6.2338929386271513e-01	   6.2266992195473125e-01	   8.4453723836615580e-01	   1.7615954596496389e-01	   1.9560432865044652e-01	   3.9930399567814429e-01	   5.7224393006006935e-01	   3.7697898552545317e-01	   4.0639375345782475e-01	   4.3079472887440245e-01	   4.7034883635843383e-01	   4.5230253254230063e-01	   2.6830427305464222e-01	   6.0836619158020211e-01	   5.4854453092175015e-01	   6.0377065264608942e-01	   4.3331493175571745e-01	   8.7029560987570476e-01	   6.3511232534158124e-01	   2.0240726197688913e-01	   2.1722628159669011e-01	   9.6727702793295922e-01	   6.5101960993065955e-01	   2.9770626840036790e-01	   2.4841550031242596e-01	   4.7354435261511008e-01	   3.4126217527037356e-01	  -4.7194108898483855e-02	  -2.4531070192826868e-02	   5.5925494960319933e-01	   3.5114322375607571e-01	   4.4532432306682695e-01	   3.0618889138830541e-01	   4.9912411515094290e-01	   4.8410409495660645e-01	   4.4273927844036826e-01	   3.2064327078691851e-01	   6.0957035908334359e-02	   4.3356599986048225e-03	   3.5014623823709090e-01	   6.2456644169708819e-01	  -1.5290609658849549e-01	  -7.4003495587505783e-02	   5.0276982377086066e-01	   6.0047075779617176e-01	   3.5318227847236794e-01	   3.3268329037105582e-01	   1.7351180977336250e-01	   2.3626916223702870e-02	
   1.0281002039741582e+00	   9.8451905790925975e-01	   4.4236906939356840e-01	   5.8787258690257405e-01	   3.3067725872572618e-01	   4.3300646331940301e-01	   8.0643807942076362e-01	   1.2583085032681223e+00	   8.8054168602570426e-01	   5.9582240494356653e-01	   1.1654592995751134e+00	   0.0000000000000000e+00	   8.5518724771096288e-01	   1.3818657652896478e+00	   5.4303667002307532e-01	   6.4020947867464129e-01	   5.1049399917330618e-01	   4.3942037556067282e-01	   3.6436265938499568e-01	   6.7695166426147824e-01	  -5.9759648757846714e-02	   1.0232802526845188e-02	   3.7604110115769612e-01	   2.7355286022658110e-01	   2.0688683551538961e-01	   1.7154967278093297e-01	   1.2220446444582618e-01	   1.3240074684311032e-01	   6.5566116239166894e-01	   6.6829446111992918e-01	   2.6097599214205092e-01	   3.6906179859942606e-01	   9.2190821116394284e-01	   1.1757097763155808e+00	   3.5300966312902238e-01	   3.6629106113814913e-01	   1.9233913589704596e-01	   2.2002728072879535e-01	   4.1532827864720878e-01	   8.2865944845950423e-01	   4.7133211604095554e-01	   3.5925987476655391e-01	   5.0584330153658241e-01	   5.4319273804829382e-01	   5.3662028385476068e-01	   5.7520065542969545e-01	   5.8361741101066233e-01	   6.1057434829808643e-01	   4.2531254785789319e-01	   4.4269762866066431e-01	   2.5061173489660638e-01	   2.9092750337398643e-01	   5.5576665104437351e-01	   3.1598329629214106e-01	   7.0786859691225712e-01	   6.2144908466829329e-01	   3.6557849878410087e-01	   6.2646500045960851e-01	   9.0329322154630753e-01	   9.3975531905652754e-01	   1.1396201016617813e+00	   1.3101339489704760e+00	   6.3126672964785568e-01	   7.0995633151215731e-01	   3.2820402459059705e-01	   7.2222304936923321e-01	   7.8322174744509498e-01	   8.1033636086220395e-01	   6.7786736911305290e-01	   1.0233978066086320e+00	   6.7877956127353201e-02	   3.2558003156908011e-01	   4.8159786825375217e-01	   7.5731969270881305e-01	   5.0376792178423058e-01	   5.9845420390511039e-01	   5.3077901825360874e-01	   7.0920520819092425e-01	   4.3637462862824816e-01	   3.4077126403843166e-01	   7.1749903521897929e-01	   6.0561582579882844e-01	   6.0789205731281537e-01	   6.2479942211960249e-01	   7.6434993055711320e-01	   7.7303798668234158e-01	   1.8514446544864716e-01	   2.2302320704173856e-01	   8.9695643199200570e-01	   8.3695188045467361e-01	   3.9355539513126692e-01	   2.6703065581828139e-01	   4.9079903229669242e-01	   3.1171249455021610e-01	  -8.3473347289119690e-02	  -3.8474371997502047e-02	   6.8505352249741247e-01	   4.6032807311469293e-01	   7.1443318620378882e-01	   4.9453282078026772e-01	   5.5765132876029999e-01	   4.8832352896794662e-01	   5.9020521836124107e-01	   3.6450149741446253e-01	   5.7065874804410201e-02	  -7.7174909303786107e-02	   3.9975335389435251e-01	   6.6738148602228375e-01	  -2.0540694082130623e-01	  -4.1502692525247978e-02	   5.5305949033101376e-01	   6.4859300185132429e-01	   5.6341405416925894e-01	   3.2877725009725911e-01	   1.0684245707942865e-01	  -9.0383336560137265e-02	
   9.1264924643631784e-01	   5.6780000913188411e-01	   8.7301026706182006e-01	   6.4394280686888017e-01	   5.4798268649062354e-01	   5.0637618307494137e-01	   9.2053581403219831e-01	   9.7853956177274393e-01	   1.0638157029145778e+00	   7.9631202546919821e-01	   1.2102247199782559e+00	   8.5518724771096288e-01	   0.0000000000000000e+00	   1.2000977761384963e+00	   9.3316743396994439e-01	   9.7024306651103565e-01	   1.3074556911447288e-01	  -4.7483820265936914e-02	   2.6522952642738656e-01	   4.1256477779244688e-01	   2.0662933642731966e-02	   2.0020582913387100e-01	   6.2199753893159693e-01	   3.5729691208310260e-01	   5.1829088766201603e-01	   3.5791309135838284e-01	   4.0089595691928592e-01	   3.9130882975043180e-01	   2.3409019669630504e-01	   2.0843471873156505e-01	   1.0108314784166289e-01	   2.0132801684520718e-01	   5.4033661555150037e-01	   5.7044822105475679e-01	   5.1465655600027338e-01	   4.0631162833282808e-01	   2.0646967820122361e-01	   3.6877816041348122e-01	   5.5334534682812941e-01	   7.1099304735385205e-01	   2.6417680694602463e-01	   2.2321471486024513e-01	   1.9793471226246412e-01	   1.9171265489369310e-01	   1.6852504962795500e-01	   1.9221271327157832e-01	   2.3348660253391706e-01	   2.4472593101520085e-01	   1.8691248291182663e-01	   1.9175646833225773e-01	   3.6961656090392092e-01	   3.4402999921708022e-01	   2.8134163431626574e-01	   2.7910635631774944e-01	   4.9175261951643784e-01	   3.4414946940181207e-01	   9.2237384334155001e-02	   1.9281404347258987e-01	   5.1124551887474856e-01	   4.4471353854126150e-01	   8.9172202605987594e-01	   8.8356691167457424e-01	   2.1501209624824702e-01	   2.2899725050598738e-01	   8.2322656810205819e-01	   9.6118863483573835e-01	   6.2626188366600322e-01	   5.1112916604680692e-01	   6.4705828348260341e-01	   7.4585407335005716e-01	   1.0990032541229219e-01	   2.1670535702515747e-01	   2.9924020948102836e-01	   2.7421214344776196e-01	   2.5575147353096805e-01	   2.4333585236740790e-01	   3.9451332709635545e-01	   3.8691378452047431e-01	   2.5553349375887047e-01	   1.0340061229023453e-01	   3.3604834016191532e-01	   3.3281088686473559e-01	   6.5213942872399988e-01	   4.8277710761370052e-01	   1.0190245254502457e+00	   8.5757587785700917e-01	   3.5149170400775359e-01	   4.2538742066359964e-01	   1.1506206912771766e+00	   7.2832508771477378e-01	   4.3138662062076549e-01	   3.4361248858829513e-01	   5.7876089002846365e-01	   4.8724912094170003e-01	  -5.1136750485536488e-02	  -1.1412039789902445e-01	   5.2293850118222673e-01	   2.4878722833688344e-01	   3.6675408929806547e-01	   2.1791325388571123e-01	   5.3295086976147732e-01	   6.1174198859578699e-01	   4.0502718422631301e-01	   3.7875397327593036e-01	   1.8850280041654305e-01	   1.2900633262338071e-01	   2.0534986560340851e-01	   5.6101227967652012e-01	  -1.8843679652827008e-01	  -5.2750704172935217e-02	   5.4516004899095172e-01	   4.8738191368959166e-01	   2.4807972059660355e-01	   3.5200030199026866e-01	   2.8642992547680968e-01	   3.5635256068439466e-02	
