   0.0000000000000000e+00	   1.1075059047834086e+00	   5.2900886508957612e-01	   4.9178525208724411e-01	   5.1942228564953674e-01	   4.3701240593910817e-01	   6.5188247851842229e-01	   6.2743207612042717e-01	   3.0872533898596349e-01	   2.4538885937864446e-01	   9.3426683899817298e-01	   8.7078295123053973e-01	   6.2462166962684318e-01	   7.1250688159504760e-01	   5.0085211307985944e-01	   3.1723493516037993e-01	   7.3609311329378702e-01	   6.9479702684634759e-01	   8.6920917762655425e-01	   5.9643275409653085e-01	   3.0847156025583461e-01	   3.5355485583911617e-01	   3.2543660254306583e-01	   2.6379033119290479e-01	   2.7954718940264822e-01	   2.1072919345039934e-01	   4.1425480377440960e-01	   3.1307240141242987e-01	   4.0431280705919403e-01	   6.0981537179943257e-01	   2.1439248669643546e-01	   1.9347451666193990e-01	   8.0642963300314474e-01	   6.7217852755768315e-01	   1.9016887865089915e-01	   2.5193498611035164e-01	   6.0628240935009403e-01	   4.0858912476244985e-01	   6.6510790827995026e-01	   6.3330876443649886e-01	   6.8585510997552923e-01	   6.5902763357418337e-01	   3.4270467561651696e-01	   4.0894648335923672e-01	   2.7203652515190302e-01	   3.4889610661517145e-01	   4.6008236663878299e-01	   4.5672503311798596e-01	   2.8285851107404658e-01	   2.8473208544064577e-01	   5.4259655654630978e-01	   4.9099576725715949e-01	   4.0898386434953593e-01	   4.8207160813262961e-01	   4.3407552441623926e-01	   7.2472441196904835e-01	   7.3759639894838358e-01	   1.0529323981614631e+00	   5.7096420545873328e-01	   4.6953497718371584e-01	   9.0052657055395846e-01	   7.6301391440946120e-01	   5.4317842724603738e-01	   7.1492307618396411e-01	   5.0026728150955291e-01	   4.6296070283715340e-01	   3.5270733648045960e-01	   3.4116017945649713e-01	   3.0555339119278452e-01	   4.5840131252512123e-01	   3.6593787664075150e-01	   1.6806325351785981e-01	   4.5305567230624449e-01	   5.9510080189773573e-01	   3.1979931309839760e-01	   5.3429011238072111e-01	   5.2665929675183909e-01	   7.2823458637402394e-01	   5.6650938252297656e-01	   6.8304608154450808e-01	   7.1565140092217405e-01	   7.9610183504749377e-01	   5.7652520117550077e-01	   3.8269375215156531e-01	   6.4114484083337642e-01	   8.9301784634883807e-01	   3.6770801835823974e-01	   1.7193480750876028e-01	   5.2547419049365862e-01	   6.3103662734427168e-01	   5.1692795852724682e-01	   4.5965324239770922e-01	   3.3400736579438622e-01	   1.0760653920936346e-01	   3.9941068768466864e-01	   4.3603668806071338e-01	   5.0887828815650649e-01	   6.8735455257479217e-01	   6.0652286132966204e-01	   7.1870552213520067e-01	   4.1677399249072494e-01	   2.0919377243348081e-01	   3.0303975656976168e-01	   1.2611176622361880e-01	   6.5377347378818784e-02	  -1.4017145271142506e-01	   3.5007932689729515e-01	   2.4887150675276212e-01	   2.4851338345275864e-01	   3.5557674869891576e-01	   4.6238696393452305e-01	   5.8162925129701148e-01	   5.9265295925911932e-01	   2.9916899354927456e-01	   2.2545108840773281e-01	   1.6866698104930844e-01	
   1.1075059047834086e+00	   0.0000000000000000e+00	   6.1393888655771500e-01	   6.9218025048262943e-01	   5.0148482895807622e-01	   5.2459910584849490e-01	   6.5985508738126564e-01	   7.6407678371318855e-01	   3.2054461973387760e-01	   3.1913071727369385e-01	   6.0125904499334804e-01	   8.3420454943008571e-01	   3.3086092565818120e-01	   6.1014329716847704e-01	   5.8083953571328717e-01	   5.4470913698348888e-01	   6.6278390429315814e-01	   7.7888418641531842e-01	   7.8038541023506769e-01	   8.4534983207779990e-01	   4.4257472183338675e-01	   5.3677596451051834e-01	   4.8083231575407476e-01	   4.7934431696122748e-01	   3.3745508770265059e-01	   3.6798432761910077e-01	   5.6674291479098970e-01	   4.5547803694553246e-01	   5.1185548643861856e-01	   7.0976928576698417e-01	   5.0525908880428105e-01	   4.5055532562817768e-01	   9.0995948672390592e-01	   8.6075629858744251e-01	   3.2325600984644787e-01	   2.8168367845774628e-01	   7.4536778612667254e-01	   4.2606028080887282e-01	   6.6140596824874431e-01	   5.7116988440027205e-01	   8.3822304883127408e-01	   7.6975044369409229e-01	   4.7082969483088044e-01	   4.9999684428989288e-01	   3.5654093436136669e-01	   4.0559869507847618e-01	   5.4890601401248751e-01	   5.6290643527625794e-01	   3.8746533009307615e-01	   3.8147048204775014e-01	   5.6186699906670112e-01	   5.4467491822661607e-01	   5.3689832582892705e-01	   6.8414744016957874e-01	   4.4849237874540282e-01	   8.9892201510402736e-01	   9.3660692295509529e-01	   1.3560986283478782e+00	   3.7685848309360337e-01	   4.8257806828407901e-01	   4.8486478100847119e-01	   6.8371404874224717e-01	   4.1188471939017973e-01	   4.7483678524283868e-01	   4.5026658883944581e-01	   5.5741453419369258e-01	   3.5352476557043816e-01	   4.1362526082614581e-01	   5.1684514758045896e-01	   7.4746446163451163e-01	   4.0662990137280053e-01	   2.5208656646719413e-01	   6.1582104612605626e-01	   6.5737451333513275e-01	   3.3493374887498129e-01	   5.5435848507850727e-01	   6.5225936663495543e-01	   8.2308408255448506e-01	   5.1706872619932509e-01	   8.6225063605103636e-01	   6.7080687986494247e-01	   7.0131428259522366e-01	   6.7489995922615609e-01	   6.0451275292340256e-01	   6.4779643703691869e-01	   8.3105534913378420e-01	   4.2935142792841996e-01	   2.9962821248544813e-01	   4.4718959489445131e-01	   5.9420460919002260e-01	   4.9316083776799269e-01	   3.1843503979522714e-01	   3.9248933688709542e-01	   3.1406086573913819e-02	   4.3652835709998505e-01	   5.5757684788500506e-01	   5.1380604996543011e-01	   7.4663788167972722e-01	   7.3306231832112423e-01	   8.0713409546562254e-01	   3.6055290169878706e-01	   9.4251765138319663e-02	   2.8861497837905048e-01	   9.9894290276028030e-02	   1.6948733080703376e-01	  -3.7091660758327399e-02	   4.5754423897363283e-01	   2.6216248228864009e-01	   2.0359496517285067e-01	   2.5945233884792013e-01	   5.2229592305204020e-01	   8.5272885867047654e-01	   7.2689659432426268e-01	   2.7380057569062194e-01	   2.2216241620172575e-01	   1.7065192973273302e-01	
   5.2900886508957612e-01	   6.1393888655771500e-01	   0.0000000000000000e+00	   1.2116090483915691e+00	   5.7459756501965009e-01	   7.5350843351604702e-01	   1.1138516568399941e+00	   7.4654062826574064e-01	   2.8415635592946564e-01	   6.7515184725977173e-01	   4.9363965995474879e-01	   4.2353359083075298e-01	   2.2061402350726633e-01	   3.1753387810131023e-01	   8.1951848452357068e-01	   7.0670242733469846e-01	   1.7335082586911268e-01	   2.5107025291374530e-01	   6.2414278007432367e-01	   8.0382911977480542e-01	   3.5009980907197003e-01	   4.8557557946473290e-01	   1.3593301449929027e+00	   1.0905983025566088e+00	   6.6625857115777509e-01	   8.0277669994762291e-01	   9.2915004891439279e-01	   1.0337768139167398e+00	   1.7559197959798636e-01	   2.0552490024887107e-01	   8.4931254930980649e-01	   8.0007267700498819e-01	   7.0763358186387126e-01	   6.6355813094020633e-01	   6.7961187606761975e-01	   6.0535730364858509e-01	   5.1461494469509772e-01	   2.9820154676409732e-01	   3.3778985819376883e-01	   4.0608113366117926e-01	   4.4976045553697297e-01	   4.1234720648238332e-01	   3.1277031056153493e-01	   2.7664074278944850e-01	   2.2644829713988673e-01	   1.9040566120106001e-01	   2.6837720909949081e-01	   2.3933652480390227e-01	   1.2068495865089124e-01	   3.8729997591821060e-02	   1.8376062657223333e-01	   1.0812150215310513e-01	   1.8699504358233701e-01	   2.9608954685495653e-01	   1.1452265051144050e-01	   4.4791285581370088e-01	   3.6325263398553542e-01	   3.0031750005235702e-01	   2.2367840643008979e-01	   2.7685179305253982e-01	   1.6931086182984048e-01	   2.2948287747122598e-01	   8.1270998881938949e-02	   7.8793141778077891e-02	   6.4953835822950834e-01	   5.4915409574715424e-01	   5.3071470008668553e-01	   5.3176505692727227e-01	   2.6107195977844549e-01	   3.4426046722406456e-01	   6.4597253500277396e-01	   5.9861222178333129e-01	   3.0055803883231602e-01	   2.5816857650583874e-01	   1.7613750597323941e-01	   1.3681631992011670e-01	   4.1868071630115333e-01	   4.0661815675580393e-01	   2.0065021564039986e-01	   2.4996492521285404e-01	   1.1250608716642499e-01	   1.8602925479941734e-01	   6.6034189305028501e-01	   5.3506139096482119e-01	   6.6600437689408198e-01	   6.3167189479219521e-01	   4.9194892352093605e-01	   4.9485269472264493e-01	   5.2614906193121713e-01	   4.1379419956145747e-01	   4.8948199374848611e-01	   5.5645667721682268e-01	   9.2871852447269099e-01	   5.7716435567885693e-01	   1.7138595864818182e-01	   1.9647093595812701e-01	   1.4569106415950800e-01	   2.4520977529464816e-01	   3.9344061887522030e-01	   5.1501930024274201e-01	   5.8338635000861783e-01	   2.8814465915305837e-01	   2.8026224097436264e-01	   2.0462369002397801e-01	   3.2462858379867787e-01	   1.8316875002466049e-01	   7.4276627154786845e-01	   5.2024165401536504e-01	   2.2494920615877953e-01	   4.3655399062837712e-02	   3.3958981929125914e-01	   5.1865870132308123e-01	   6.1168148457679017e-01	   3.0212281989025019e-01	   3.6372156547041878e-01	   1.0342365770974185e-01	
   4.9178525208724411e-01	   6.9218025048262943e-01	   1.2116090483915691e+00	   0.0000000000000000e+00	   4.1452315094393544e-01	   1.0937056757130459e+00	   1.3579684677183304e+00	   1.4596533867134365e+00	   2.7273332979492565e-01	   1.0478022291593108e+00	   3.5328230260246513e-01	   5.3488230268615311e-01	   1.4169613859280419e-01	   3.3240493453792974e-01	   8.4174699551163135e-01	   8.7696192258186334e-01	   3.8371858638785528e-01	   4.5155142805722548e-01	   5.8241717961961070e-01	   1.1685569268551799e+00	   3.6690403976084440e-01	   5.4612220223964592e-01	   1.0948421155208059e+00	   1.3442862684625325e+00	   5.3510011409544356e-01	   9.8632547708559615e-01	   8.3512487836398508e-01	   1.0848480380098549e+00	   3.9405764777853819e-01	   4.6460980875637459e-01	   9.8282977481622791e-01	   1.1179658368379488e+00	   8.3483842872282010e-01	   9.5446763164928339e-01	   5.3255416094349850e-01	   5.7434712542547428e-01	   5.7041173793269595e-01	   4.6033734402533927e-01	   2.9871290646481491e-01	   4.9441467549875695e-01	   5.1602010382566454e-01	   5.9462624039637901e-01	   2.7772961921944539e-01	   2.1072312208771687e-01	   1.5325183866753311e-01	   1.6980362002601629e-01	   2.3889865498205184e-01	   2.1292169689280660e-01	   2.6921030985797453e-02	  -8.8246723305097058e-02	   4.9925949120309031e-02	   3.8979574489652813e-03	   7.4369392559139269e-02	   2.1999994822611418e-01	  -7.6147837286217488e-03	   4.8135446562995976e-01	   5.5564367689651561e-01	   3.7858199788191588e-01	   8.6020349163460894e-02	   2.4915536088269480e-01	   1.0372884489518870e-01	   4.1988007035983610e-01	   1.6135666602443885e-01	   1.4880171519927482e-01	   7.1620451276175146e-01	   6.7501550965534574e-01	   4.3925442643810547e-01	   5.8410773733409804e-01	   3.3125176568754028e-01	   4.2938721732224994e-01	   6.1047369981841637e-01	   7.0925568439995779e-01	   4.0512046409719354e-01	   4.7494507283782295e-01	   2.9604728694628374e-01	   2.6596690648008869e-01	   5.7545224338940892e-01	   6.1735659360950823e-01	   3.3762337711128221e-01	   4.2577936797709615e-01	   3.2492969613405703e-01	   3.1280564847684483e-01	   6.7321325757682593e-01	   7.3594243158160755e-01	   5.8108583115434675e-01	   6.4082859998640296e-01	   3.9688960107486621e-01	   4.5205267891258949e-01	   4.4568686772261601e-01	   3.8619430933021970e-01	   4.3592579248564600e-01	   3.9734180606419012e-01	   9.6808379756292262e-01	   2.3276940745210886e-01	   2.3036392437267850e-01	   2.6204652894588876e-01	   1.4921535450098866e-01	   3.7644487186785652e-01	   3.8825651028575936e-01	   5.8366027309674706e-01	   6.6374626446347651e-01	   3.8497958283839416e-02	   3.6845616280739346e-01	   4.0019812191513439e-02	   3.0677845066191062e-01	   1.0500632025421128e-01	   9.6736320675002441e-01	   4.0034450144294365e-01	   2.5800725569222788e-01	   1.4731307620492270e-01	   3.4917032055944486e-01	   7.2418785557032606e-01	   7.1395828527509664e-01	   2.5712943329552446e-01	   3.7454775782755778e-01	   1.5974301803568147e-01	
   5.1942228564953674e-01	   5.0148482895807622e-01	   5.7459756501965009e-01	   4.1452315094393544e-01	   0.0000000000000000e+00	   5.6266066119360980e-01	   4.9600200412818041e-01	   3.8865985306179074e-01	   1.1323057082013270e+00	   4.3827757146911828e-01	   4.9856538249718463e-01	   5.4774644079483048e-01	   3.7725548981143114e-01	   5.9394093730677433e-01	   4.9151999551715742e-01	   3.7558627587570703e-01	   2.7382801264191015e-01	   1.5823407924717886e-01	   3.9678604722082361e-01	   3.0163580806479778e-01	   5.9048656537347710e-01	   6.7344141085490350e-01	   6.2035829159434663e-01	   3.8678322470775589e-01	   9.7286949428448510e-01	   6.0511199665599880e-01	   7.3620929709636052e-01	   3.1305433050296799e-01	   2.9232187802337678e-01	   2.8283290993451626e-01	   4.4161252747712737e-01	   2.9938665769597561e-01	   5.2726337867011319e-01	   4.5482633810468187e-01	   7.2948938907803340e-01	   7.8851776127126383e-01	   6.6951512501712596e-01	   5.9301784992793127e-01	   6.5406023837072058e-01	   5.0551191061311240e-01	   5.5754887195631264e-01	   3.3941148000071086e-01	   6.1570000213899312e-01	   5.5964230109635449e-01	   5.8045115389850066e-01	   6.1153009953301041e-01	   6.2509071641606118e-01	   5.9559223133040251e-01	   5.5075138638792120e-01	   5.6062434665330296e-01	   5.9358796622305166e-01	   6.4684617540473799e-01	   5.4774153083533406e-01	   5.0890257826343555e-01	   6.1415386573839759e-01	   6.9648492939811990e-01	   4.4868594672587231e-01	   4.5588914242194761e-01	   6.1154217909685837e-01	   5.1804142797042263e-01	   4.2962575032733069e-01	   4.1179785045957962e-01	   1.7515655488544113e-01	   1.8425001304870997e-01	   6.8942772320640611e-01	   6.8057702166136647e-01	   7.1836885352421598e-01	   6.8142722008825074e-01	   3.7618743448143288e-01	   5.3872996020729169e-01	   5.5193745857475829e-01	   3.5276136624176158e-01	   2.5090312377216217e-01	   3.5206483016044027e-01	   2.6248166400935824e-01	   2.7987647797481852e-01	   4.4828738531003909e-01	   4.5325380873656873e-01	   2.6795316804376595e-01	   3.2160402790526654e-01	   3.3807072723123716e-01	   4.8834331987336321e-01	   4.4485305754058613e-01	   2.8328246132997348e-01	   7.6030671321286569e-01	   6.8670318726586954e-01	   3.5414621060541857e-01	   3.8534603774308673e-01	   5.1501780020138166e-01	   6.3434795888423434e-01	   6.0611221309603569e-01	   4.5325465978297608e-01	   4.2128825390793312e-01	   3.7753780031714756e-01	   3.7479007861053559e-01	   2.7743516285246306e-01	   7.5619239581833464e-01	   5.2622388719924340e-01	   6.7259396339609090e-01	   4.6327749922878642e-01	   1.1267878592578889e-01	   3.0761357917066778e-01	   7.1221086206551223e-02	   2.4619270196616144e-01	   1.5857850674568846e-01	   3.8132870267364161e-04	   2.8977511521519528e-01	   1.8714973218078254e-01	   1.0903408385834894e-01	   1.9852144979771569e-01	   6.3758928752400867e-01	   4.8769961045018245e-01	   3.4108280509580552e-01	   3.9892819264297380e-01	   3.7600019557441761e-01	  -6.9926933317761716e-02	
   4.3701240593910817e-01	   5.2459910584849490e-01	   7.5350843351604702e-01	   1.0937056757130459e+00	   5.6266066119360980e-01	   0.0000000000000000e+00	   9.1447307117602561e-01	   9.8228723198492007e-01	   4.0429559833826328e-01	   1.2661016445388891e+00	   2.5581497221935362e-01	   4.8985500806819093e-01	   7.6448174076890876e-02	   2.3597797541870841e-01	   5.5130757000751629e-01	   5.8680662730191846e-01	   3.6597077935490474e-01	   4.1237053227245257e-01	   5.8571060983704681e-01	   9.0744040411829285e-01	   3.2727867931228971e-01	   6.6213677164226326e-01	   8.5625225884436007e-01	   9.4339062258765660e-01	   5.0135932106039827e-01	   9.7518506928650051e-01	   5.2376716304168058e-01	   9.5836913330117057e-01	   4.1049806152520568e-01	   5.0592132655081024e-01	   7.0775745218879338e-01	   8.2793781751452755e-01	   7.7682843354775688e-01	   8.6577262823493517e-01	   6.5280099105231193e-01	   7.4672081767615661e-01	   5.5400964183698398e-01	   6.3750318734597011e-01	   3.2851896402991143e-01	   7.0984971184611678e-01	   4.0661243020939419e-01	   6.0265553415097772e-01	   3.8214966763068015e-01	   3.1101714153024335e-01	   3.0362178441854654e-01	   3.5986529200101908e-01	   3.4175861764222182e-01	   3.2159831860564736e-01	   1.5751067788628059e-01	   7.3485652755587244e-02	   1.4143520732285925e-01	   8.5683177979762021e-02	   1.8786504082671693e-01	   3.4174497758833960e-01	   8.8496027185533593e-02	   5.8377106795077194e-01	   5.7630968593171872e-01	   3.8769445063675090e-01	   2.3242891864333839e-01	   2.8212463995660503e-01	   1.8624507123377324e-01	   4.5931689950446652e-01	   3.1329090936712173e-01	   2.5043925006398116e-01	   6.5548038109676221e-01	   7.2717991261198034e-01	   6.5661040044784780e-01	   7.9003249959560540e-01	   3.8937032907517732e-01	   4.1964747888163179e-01	   6.8288975845917455e-01	   8.7134811299713233e-01	   3.9782236362168522e-01	   5.4255261355655215e-01	   2.7681102267637614e-01	   3.2056108909122943e-01	   6.0432435181557709e-01	   7.2767793185268559e-01	   4.1453208843802192e-01	   3.6248821270018700e-01	   3.0477334999936495e-01	   3.4743531955841311e-01	   4.6676616470985721e-01	   7.8173383801123320e-01	   4.6960511901934415e-01	   5.4658679026438250e-01	   4.0257888204894193e-01	   4.2680448633775780e-01	   5.6589666697628949e-01	   4.6288761133246614e-01	   5.9301985255693845e-01	   5.9760879791128596e-01	   7.2264896517813781e-01	   2.6022515362569260e-01	   1.0825403670712687e-01	   1.9927010707937085e-01	   1.7646251950624822e-01	   4.0196082137703565e-01	   4.9834764681537891e-01	   7.2728430119214316e-01	   4.9313311486773992e-01	   1.2241747948926708e-01	   4.4214879915646133e-01	   2.5779244988184125e-01	   3.6566527743571420e-01	   2.2995214458204449e-01	   8.9355718402892759e-01	   5.8932527799939072e-01	   3.5305861167221592e-02	   8.9401503571364879e-03	   2.6119251992692927e-01	   7.3475488181522697e-01	   5.8217793334047840e-01	   3.9415930866675641e-01	   4.9855184223873822e-01	   1.4423953477757720e-01	
   6.5188247851842229e-01	   6.5985508738126564e-01	   1.1138516568399941e+00	   1.3579684677183304e+00	   4.9600200412818041e-01	   9.1447307117602561e-01	   0.0000000000000000e+00	   1.4147061895672242e+00	   3.7272265165543744e-01	   8.0569593823453012e-01	   6.0864322553824191e-01	   5.7846406861083788e-01	   4.3102130524248827e-01	   4.5854961459275162e-01	   9.2219784816082728e-01	   8.2183508198765498e-01	   5.4250634435525846e-01	   6.0000460001364830e-01	   6.1283815994915869e-01	   8.9862663607892757e-01	   3.8807126682482040e-01	   5.3570798815976373e-01	   8.9497379848432113e-01	   8.2517973691408131e-01	   4.5096283337009169e-01	   6.2394700925726887e-01	   7.0766368665697754e-01	   8.3954718895283076e-01	   5.0995032317696709e-01	   5.6600601322919020e-01	   7.9943908668515384e-01	   7.9870817510056435e-01	   1.0409528980134000e+00	   1.0633697537963807e+00	   4.5159116333434490e-01	   4.7039496361915611e-01	   6.2968284896189397e-01	   4.0844695415737575e-01	   3.8427196109765233e-01	   5.0371832411014772e-01	   5.9619505180570964e-01	   6.1658165748321858e-01	   3.1198051865446719e-01	   2.9883897118482294e-01	   1.9000035799967921e-01	   2.3176395902896632e-01	   3.7965533400025059e-01	   3.4217521415547658e-01	   1.2335635470583334e-01	   2.2695940115814311e-02	   2.1843648277833783e-01	   1.5051619213296769e-01	   1.6166634650868308e-01	   2.6133783655002518e-01	   1.3001331771366317e-01	   5.6755341903731771e-01	   5.8480728007199045e-01	   4.2622170670133980e-01	   3.4939637642121180e-01	   3.3812398794046644e-01	   4.3117497537733102e-01	   5.2469216396636631e-01	   4.8104414480814311e-01	   3.8416574097436251e-01	   8.4136948084377061e-01	   6.1767360243757563e-01	   4.9880348103714511e-01	   5.0802890027532766e-01	   2.6005828596619196e-01	   3.2598432217303891e-01	   6.6296531067133646e-01	   6.9467052240150684e-01	   4.6113744035502835e-01	   5.3242341536637550e-01	   4.0733691193919885e-01	   3.4453740813123135e-01	   7.2281681891306482e-01	   6.9409173900637156e-01	   4.9022521627407278e-01	   4.5028477430901853e-01	   4.9776623210785598e-01	   4.4537180347782779e-01	   6.9116519760636363e-01	   6.3432245114166874e-01	   5.8441909301930262e-01	   6.2776710478332276e-01	   2.8157722653719058e-01	   2.5317036101160495e-01	   5.8212687502167948e-01	   3.6959896319201269e-01	   5.2847564725306362e-01	   5.2685920408039444e-01	   8.3779148718564000e-01	   3.7094548965130342e-01	   2.9698970026906357e-01	   3.0087755668423222e-01	   2.9382057804633332e-01	   5.1573737389659335e-01	   5.1614391055095221e-01	   7.9609631942869075e-01	   7.8959172649554976e-01	   2.8765359977641181e-01	   4.9450817584925855e-01	   2.1903198126179127e-01	   2.1244767738339121e-01	   3.7673844681253482e-02	   8.8769070847627773e-01	   4.3811545127119689e-01	   2.6509764005244790e-01	   1.7281354515257272e-01	   4.0967211433632300e-01	   6.9117668120308695e-01	   6.8179828298906597e-01	   3.1803038004498779e-01	   3.1142176053998877e-01	   4.7790933031673401e-02	
   6.2743207612042717e-01	   7.6407678371318855e-01	   7.4654062826574064e-01	   1.4596533867134365e+00	   3.8865985306179074e-01	   9.8228723198492007e-01	   1.4147061895672242e+00	   0.0000000000000000e+00	   3.6482963382087596e-01	   8.6667367660216754e-01	   5.0654956894017744e-01	   7.2021594869936167e-01	   3.5685379701987480e-01	   5.2920133970294092e-01	   8.0248912694289276e-01	   8.9037882524994849e-01	   6.9958800506375696e-01	   7.3713189385282718e-01	   5.7852669315167993e-01	   1.0107526828944202e+00	   4.5962383350384095e-01	   6.2882767374231163e-01	   6.7807910769245805e-01	   8.2242078144391650e-01	   3.5073771367921358e-01	   6.5001653197013520e-01	   5.6547910519544187e-01	   7.0067167014783927e-01	   7.1209873411626989e-01	   8.0860229883284029e-01	   8.2186446894101506e-01	   8.8705746534554331e-01	   1.0386099878161696e+00	   1.2105793228579498e+00	   3.4805070004509986e-01	   4.1903998580596935e-01	   6.2186153290282509e-01	   4.8406220001097533e-01	   4.0253481129848218e-01	   5.0248643307867036e-01	   6.4773874758716921e-01	   6.5453299017934596e-01	   3.2009845941445669e-01	   2.8234277722285839e-01	   1.8985804095607539e-01	   2.6557673496880096e-01	   3.7739608450895262e-01	   3.3680719015019761e-01	   1.1571763784561023e-01	   2.5676992304758728e-02	   1.7210816736849749e-01	   1.5007038000049525e-01	   1.3167007121175628e-01	   2.4355023430139811e-01	   1.0851299017442785e-01	   5.7107674829595034e-01	   6.6389732703211335e-01	   5.3191746754985636e-01	   2.3377773135337207e-01	   3.6076279537783840e-01	   3.6282638955065111e-01	   7.6889110166211017e-01	   4.7916099765007730e-01	   4.5047609480959028e-01	   7.2365577440327844e-01	   6.6563264405150047e-01	   4.2945380274145806e-01	   5.3958640880315234e-01	   2.9225078559649137e-01	   4.0505389436769645e-01	   5.8870166658465228e-01	   6.6768992963400531e-01	   5.5421936840816144e-01	   7.0136770178109697e-01	   4.7204335473640319e-01	   4.8408809583268442e-01	   7.3956837022191813e-01	   8.0762011978047998e-01	   5.6619310246025734e-01	   6.6644386581338055e-01	   6.9966703523444296e-01	   5.8197226729093499e-01	   5.9347168684822094e-01	   7.5001055080245771e-01	   5.3818510724897251e-01	   6.1382969407630639e-01	   2.1384824407547984e-01	   1.9127610688893082e-01	   4.0761321492838998e-01	   3.1603646734210550e-01	   4.7859750877938534e-01	   3.3654759102102377e-01	   6.9966502028422739e-01	   1.1169030998100829e-01	   4.1457143286586873e-01	   4.2175083366589866e-01	   3.3129637619250313e-01	   6.1922612850176484e-01	   5.1768762142668301e-01	   7.2757898851483160e-01	   7.0818846520782608e-01	   9.7202575224042659e-02	   4.3619305722331220e-01	   8.9625663811970596e-02	   1.7043051855533162e-01	  -3.3027344398460827e-02	   8.2905992150348173e-01	   2.9332658456924265e-01	   3.3301507642818995e-01	   3.2604888971121132e-01	   4.4898899975910828e-01	   7.8817201852028551e-01	   6.7473366379208877e-01	   2.7457658820488307e-01	   2.8258736559361353e-01	   1.0518491411266323e-01	
   3.0872533898596349e-01	   3.2054461973387760e-01	   2.8415635592946564e-01	   2.7273332979492565e-01	   1.1323057082013270e+00	   4.0429559833826328e-01	   3.7272265165543744e-01	   3.6482963382087596e-01	   0.0000000000000000e+00	   2.9102850024027682e-01	   3.8507721673022988e-01	   5.3861361927561779e-01	   3.1379841562513944e-01	   4.8997728745227692e-01	   4.3640073420499403e-01	   4.0813375484950221e-01	   2.9655261145547318e-01	   1.9923149409928761e-01	   2.2526384736578570e-01	   1.6853832471718663e-01	   6.5097034984523738e-01	   5.5430259974877294e-01	   4.2425947568970862e-01	   2.3368696047964765e-01	   4.6058923799339951e-01	   3.2756276023234937e-01	   4.7227668045383298e-01	   1.0942790150178709e-01	   4.5105697019027502e-01	   3.9700979622560445e-01	   4.7321008211124038e-01	   2.9672433536540754e-01	   4.7991989422313930e-01	   4.7245245653971829e-01	   5.0399162578401557e-01	   6.3770678766956357e-01	   5.4882364675469353e-01	   3.5648519513593474e-01	   6.0191686927013144e-01	   2.4326967619145895e-01	   5.3023407682649459e-01	   1.7944263342702382e-01	   6.9154032434274004e-01	   6.6116006470883892e-01	   6.5794554248281678e-01	   6.7215835879318209e-01	   8.2277168153655855e-01	   7.2719645821219325e-01	   7.9693331192894479e-01	   7.5475657570116406e-01	   7.5167326380142518e-01	   8.5550812261393172e-01	   6.7881009743256238e-01	   5.4565551919456801e-01	   7.3520399125386715e-01	   6.1662074363113273e-01	   3.0463089509987290e-01	   3.2964229867639561e-01	   5.6592746869796107e-01	   5.2383391915320909e-01	   4.1674812234874031e-01	   5.8550800374280587e-01	   2.6841857364045407e-01	   2.7019666285931987e-01	   5.4459394508327974e-01	   6.6484336460774573e-01	   6.1364253024018034e-01	   5.4513978815623942e-01	   2.7266853043138067e-01	   4.6914480466955166e-01	   4.4157101684590905e-01	   2.8394743225259950e-01	   3.3638745265397435e-01	   3.5269196888553761e-01	   3.2826615550091398e-01	   3.3348756094275350e-01	   4.5153574134436880e-01	   4.4595578108220768e-01	   2.9934483350110130e-01	   3.0489374950755571e-01	   4.3073123066568714e-01	   4.9673238356617977e-01	   3.0925942469043644e-01	   2.4648575674322598e-01	   4.8520178759562183e-01	   4.7692848822982625e-01	   1.0937766140240604e-01	   8.9019389507022206e-02	   3.6921429466302352e-01	   3.4711493097263768e-01	   5.7734102233298912e-01	   2.7985084680782785e-01	   1.9563301206202019e-01	   2.2368196956765679e-01	   3.5750076415256404e-01	   2.2167295495934375e-01	   8.4574620562261571e-01	   4.8602175976407791e-01	   7.4339517736844885e-01	   3.7063248466535914e-01	   5.8733594669026390e-02	   3.1943513769682946e-01	   5.1337255241347392e-02	   2.5128394322615250e-01	   5.5650875345338462e-02	  -5.0960517650046534e-02	   1.7685495151930788e-01	   3.6555234854247158e-02	   5.9278517923985558e-02	   2.2719903734929212e-01	   6.8581039586447656e-01	   4.0602800602595529e-01	   5.4710990766534608e-02	   4.4859123256235145e-01	   2.7954599454482693e-01	  -2.6593923141647169e-01	
   2.4538885937864446e-01	   3.1913071727369385e-01	   6.7515184725977173e-01	   1.0478022291593108e+00	   4.3827757146911828e-01	   1.2661016445388891e+00	   8.0569593823453012e-01	   8.6667367660216754e-01	   2.9102850024027682e-01	   0.0000000000000000e+00	   1.7741464363325932e-01	   3.6040349411605299e-01	   7.1401809588451950e-02	   1.5104844387953062e-01	   7.1019738360767914e-01	   6.8689514445005739e-01	   2.6976212377282782e-01	   2.6626308560122852e-01	   4.4602673892097239e-01	   8.0069458421115169e-01	   3.0400632613383843e-01	   5.9294622906125916e-01	   7.5875439896016461e-01	   9.4414936079360112e-01	   4.8019448070186510e-01	   1.0355186664546474e+00	   5.9786937014207864e-01	   9.0224363294580967e-01	   3.7605685208394929e-01	   3.7275109781078675e-01	   6.6039752639516069e-01	   7.7354937629795661e-01	   4.9031730822016611e-01	   5.8652272818272477e-01	   4.4771851235154109e-01	   5.7884931195209166e-01	   4.3306844398188749e-01	   5.7428906993923801e-01	   1.3751392805858365e-01	   6.4441528679748061e-01	   2.9660906514492819e-01	   5.3481374180317065e-01	   8.6412287803320317e-02	   4.0408065861850473e-02	   3.3753696651465902e-02	   7.9122700343840655e-02	   7.5721339156945511e-02	   5.9269926177006008e-02	  -1.0548574963328053e-01	  -1.9680123170473035e-01	  -1.4532657516420378e-01	  -1.6608024364735266e-01	  -8.3366507263862633e-02	   6.1418698961321239e-02	  -1.4087764091589219e-01	   3.3664130872812470e-01	   4.0072997228570451e-01	   1.0776955049534094e-01	  -1.9480607503423925e-02	   2.3805124861045676e-02	   1.4978311997710747e-02	   2.3851959293551084e-01	   1.4277614936310074e-01	   4.0598275071817930e-02	   5.7192364558192044e-01	   5.3675802478276302e-01	   3.2340309671908329e-01	   4.5817592476186719e-01	   2.8570358509296057e-01	   2.9237382437489662e-01	   5.8270808230418725e-01	   8.5014684983546407e-01	   2.3280594052154102e-01	   3.9489526994543422e-01	   2.0040718606289407e-01	   1.0721850510464873e-01	   4.0153257269031722e-01	   3.6721689347264908e-01	   2.7277710963515323e-01	   2.5925785843817484e-01	   2.7764722790174812e-01	   2.5952132529870597e-01	   5.5470577016662015e-01	   7.5638754477050274e-01	   4.6541859092045113e-01	   4.9251251959868214e-01	   2.8406190599178549e-01	   4.9201067971477686e-01	   3.2818884092105599e-01	   3.2879041280061239e-01	   2.8202351972946371e-01	   2.8126682151210819e-01	   7.2623562525302499e-01	   1.3816450926986096e-01	   1.6361720351504916e-01	   1.5292680824696589e-01	   5.0483255294531196e-02	   2.6316979899186843e-01	   2.0771089396345185e-01	   4.0846153600966550e-01	   4.5659068479327575e-01	  -6.7453365948268854e-02	   3.7899385552292142e-01	   2.5616340711691610e-02	   2.7280291396815382e-01	   5.3235342515727528e-02	   7.1529790159909756e-01	   3.1386415932739803e-01	   1.1729172076141182e-01	  -3.7782311866654220e-02	   1.3173555269114551e-01	   4.7744404889043129e-01	   4.2444312649318050e-01	   2.5336462420385542e-01	   4.6493476645541681e-01	   1.5604054949271845e-01	
   9.3426683899817298e-01	   6.0125904499334804e-01	   4.9363965995474879e-01	   3.5328230260246513e-01	   4.9856538249718463e-01	   2.5581497221935362e-01	   6.0864322553824191e-01	   5.0654956894017744e-01	   3.8507721673022988e-01	   1.7741464363325932e-01	   0.0000000000000000e+00	   8.8787101836815807e-01	   1.1359330459917814e+00	   9.9536444511479194e-01	   4.3931720973176225e-01	   3.6355830226960617e-01	   5.3303382408405142e-01	   4.0062810422837875e-01	   4.8407970504857667e-01	   2.6281725767694036e-01	   4.3643918586034974e-01	   4.4394215308224283e-01	   3.2144349582721926e-01	   2.4292869877569581e-01	   2.1793632655739054e-01	   1.2812927021553028e-01	   4.2399090609814333e-01	   2.1454215289473089e-01	   4.1417842449073344e-01	   4.1354494354389104e-01	   2.5859466726854086e-01	   1.7458216305567922e-01	   5.6938478145668725e-01	   4.5895929130125157e-01	   2.5056531245498859e-01	   2.9017543766793935e-01	   6.7014900025395963e-01	   3.8101032097024551e-01	   7.4397542566029040e-01	   4.2741304878140718e-01	   7.3651675699336638e-01	   3.0113869111381664e-01	   3.7446515505475686e-01	   4.6057221179221791e-01	   3.2571913975347982e-01	   3.7382514768852004e-01	   5.6227787805710994e-01	   5.3889956498811098e-01	   4.1867308173573858e-01	   3.8917034338143786e-01	   6.0753378257228985e-01	   4.9781450643222502e-01	   4.4268314932288777e-01	   3.6585537167407078e-01	   5.8190857081273284e-01	   6.1573885680890295e-01	   2.7618198849030501e-01	   3.9814955733753288e-01	   5.4496120483736243e-01	   2.5674989146812011e-01	   9.1593470587623482e-01	   5.3768129440714152e-01	   5.4816930689765742e-01	   6.4393525548862518e-01	   4.6447162611352111e-01	   2.6402771729049335e-01	   3.7848423619685945e-01	   2.3713286607160267e-01	  -8.1650923094671188e-02	   8.2292153812983885e-03	   5.3223027468684081e-01	   1.5363721136939706e-01	   4.3781973997667722e-01	   4.1947377595658242e-01	   4.5551726785013047e-01	   4.2444895237117425e-01	   5.2473016213036550e-01	   4.5231586967957005e-01	   2.3555786756302716e-01	   2.5535764844282199e-01	   6.2459378951708211e-01	   6.8278179891793100e-01	   5.7553042266410792e-01	   3.0263045123219517e-01	   8.3109650751554265e-01	   6.5672191103819477e-01	   2.7357815720034995e-01	   1.0491875708069208e-01	   4.6520765504215023e-01	   3.5819896957571412e-01	   4.3885915891894189e-01	   2.9154063877656966e-01	   1.9847070070979980e-01	   2.6500823397697071e-01	   2.3537007882284794e-01	   2.1770955209621295e-01	   5.7806077526599953e-01	   5.9011287059356787e-01	   5.0061285409891088e-01	   4.8501104552277652e-01	   1.9124964437279846e-01	   3.2582422950086398e-01	  -1.2157901448906583e-02	   4.6376371613769007e-02	  -2.1659109219907002e-01	  -3.2315796363435878e-01	   8.7308207555145942e-02	   7.5163553278886505e-02	   9.4640283289507507e-02	   2.5785933895970803e-01	   5.1839372504850323e-01	   3.3933121170869551e-01	   2.7287029370833926e-01	   2.0169523320072236e-01	   8.7658279770197300e-02	  -4.2494478384706207e-02	
   8.7078295123053973e-01	   8.3420454943008571e-01	   4.2353359083075298e-01	   5.3488230268615311e-01	   5.4774644079483048e-01	   4.8985500806819093e-01	   5.7846406861083788e-01	   7.2021594869936167e-01	   5.3861361927561779e-01	   3.6040349411605299e-01	   8.8787101836815807e-01	   0.0000000000000000e+00	   6.8507924902503226e-01	   1.1932784406537873e+00	   4.6503080906056421e-01	   6.3973294522810276e-01	   7.6877060459084068e-01	   6.1422228109577592e-01	   4.8827825361590005e-01	   4.9260389864930088e-01	   4.6466735585620261e-01	   6.0023894072806105e-01	   3.3766444502789378e-01	   4.0185790146521000e-01	   1.7007140458151004e-01	   2.1461197596462278e-01	   4.0055098532383643e-01	   2.4936313306025848e-01	   6.2869468421488173e-01	   7.9239551104730865e-01	   3.7071515025563395e-01	   3.5173433115816899e-01	   5.9680383885129973e-01	   6.7405609046088799e-01	   2.6723484494204686e-01	   3.3164478869221775e-01	   7.6863309054228268e-01	   6.2220742604319512e-01	   7.0580227940411222e-01	   4.4280393181808325e-01	   7.5231747353906608e-01	   4.4417562263848792e-01	   4.7129268254897749e-01	   4.7441950934875521e-01	   3.3337458706408934e-01	   3.9574261788226117e-01	   6.2723385927367881e-01	   5.5298947777797547e-01	   4.3340487372237185e-01	   4.1974456649181313e-01	   5.9938108270030277e-01	   5.8682016921653890e-01	   5.5429934982937556e-01	   5.2595328791913087e-01	   5.9988207592378529e-01	   7.1888424741002666e-01	   5.0088098279012605e-01	   6.6933415672267549e-01	   5.0728171962695845e-01	   4.5000334655293861e-01	   7.5649503962826081e-01	   9.8184792033639157e-01	   5.4270290762340534e-01	   8.5156068286888587e-01	   3.7558260634047325e-01	   4.8779507342429274e-01	   3.9184069821138151e-01	   4.0826813556355834e-01	   1.9851904700357001e-01	   3.8581476948638532e-01	   5.1636982971893008e-01	   3.5966937773900465e-01	   6.7038195887282692e-01	   7.1099566620621990e-01	   5.5475123522194192e-01	   6.9103146818254202e-01	   5.8338271822356480e-01	   7.4842291536670824e-01	   4.1681757188226837e-01	   4.5370001247898822e-01	   7.9668462242255533e-01	   8.1874356053175701e-01	   5.8297775619097192e-01	   5.2773386492296970e-01	   6.9335579020398097e-01	   7.2664986678615895e-01	   2.6097947534517407e-01	   1.9839250025542002e-01	   4.1950329488578386e-01	   4.4590292850693425e-01	   6.2316276115782598e-01	   2.5952452369206463e-01	   3.0951443230779724e-01	  -1.6568842023725369e-02	   3.4334861964940144e-01	   2.7358439539438750e-01	   6.1331016919242276e-01	   6.3211621143053165e-01	   6.2397244611842595e-01	   4.9327911231275523e-01	   2.6856185038712532e-01	   1.3002985136137105e-01	   9.7010670166111507e-02	   3.4396647715553876e-02	   1.1326040911028226e-02	  -1.8432090702332826e-01	   2.8224094261395638e-01	   9.5095169118858250e-02	   1.1278822344164559e-01	   2.5641872346731176e-01	   4.9076206002924633e-01	   4.9507146729517837e-01	   3.4781077723440618e-01	   1.7459499234577466e-01	   1.3379770038438327e-01	   1.0974832499367697e-01	
   6.2462166962684318e-01	   3.3086092565818120e-01	   2.2061402350726633e-01	   1.4169613859280419e-01	   3.7725548981143114e-01	   7.6448174076890876e-02	   4.3102130524248827e-01	   3.5685379701987480e-01	   3.1379841562513944e-01	   7.1401809588451950e-02	   1.1359330459917814e+00	   6.8507924902503226e-01	   0.0000000000000000e+00	   1.0459711584120692e+00	   3.7782907730343779e-01	   3.0457469247617341e-01	   5.1784080352799444e-01	   2.7613237213657327e-01	   2.6303372023201915e-01	   6.9017016510110996e-02	   3.5436424816156553e-01	   3.2952311065092532e-01	  -1.7504158118110010e-02	  -1.0479342803036686e-01	   9.9723332576685253e-02	  -8.2096546317281527e-02	   1.6460223287192366e-01	  -2.0239276179667164e-02	   5.0708388751275923e-01	   4.4866400027368369e-01	   2.4789867323092043e-02	  -5.6416640633567709e-02	   2.9809713078905631e-01	   2.1624513728839728e-01	  -6.5273823001173958e-02	  -9.9795705102137672e-03	   4.3262096602980615e-01	   2.6652921008898084e-01	   3.6357955631426381e-01	   1.6352253549023796e-01	   5.2519885314475667e-01	   1.5515372400435942e-01	   6.9856969134296121e-02	   1.3406057801081822e-01	   3.0786013142456572e-02	   1.0063879801545635e-01	   2.7131440472410784e-01	   2.2951127894817397e-01	   1.5395717921387811e-01	   1.6394947216502020e-01	   3.6722137730353227e-01	   3.1871013733516934e-01	   2.1227002527067251e-01	   1.0114733096093891e-01	   4.0835433471112109e-01	   3.1193483511071762e-01	   9.9018795516795793e-02	   2.3188364295745131e-01	   4.8749655249628576e-01	   1.5313964530476967e-01	   1.1477142810749501e+00	   4.6899976874324972e-01	   5.3847200600941791e-01	   7.0766503987285190e-01	   1.8431751015683678e-01	  -4.2231191875612556e-02	   1.1560054083027159e-01	  -1.6362435512196277e-02	  -1.5546490214131625e-01	  -9.4662335821169272e-02	   3.7712375573383022e-01	   1.7050750515008928e-01	   3.3585879387930073e-01	   3.5160622949939435e-01	   4.2226903226553864e-01	   3.4789762088780252e-01	   3.6117225093610023e-01	   2.2886886244550586e-01	   1.7150624668290537e-01	   1.3027134010128730e-01	   6.1042472000457981e-01	   4.8980546341224795e-01	   3.4523671957197505e-01	   1.0731893921899341e-01	   3.9139611922213979e-01	   2.8914644162263897e-01	   1.8809034778000978e-02	  -1.6868445127994386e-01	   1.8085395620496084e-01	   1.6984338252943115e-01	   2.3269251801473639e-01	   1.8243259559631436e-01	   4.8978921939624401e-02	   1.2009767096583168e-01	   2.8235519847631718e-01	   1.8184937015884922e-01	   4.5103960675527971e-01	   4.2688017697739433e-01	   2.3764953587600759e-01	   2.4910406763262083e-01	   1.1500534992486507e-01	   2.3569595390655487e-01	   9.8797785792542833e-05	  -2.2677991183770820e-02	  -1.7730589069861322e-01	  -3.1003229599828319e-01	   1.7323518718699169e-02	  -1.1319614950384290e-03	   9.8288417896701383e-02	   3.0601653488438824e-01	   2.9196210371838593e-01	   5.9669110969317291e-02	   1.9999580660088467e-01	   1.7814528928508253e-01	   7.8041260194422632e-02	   1.5967084170995796e-01	
