   0.0000000000000000e+00	   1.8254215342610283e+00	   8.6966376796147948e-01	   9.5930758843347430e-01	   8.2877850887459936e-01	   7.5766233867343113e-01	   1.0178428767666521e+00	   1.0198829568049257e+00	   1.0485071989169781e+00	   6.6912906214413037e-01	   1.4088217216540158e+00	   1.2032703184838065e+00	   1.4141002732331114e+00	   1.1570788615473968e+00	   1.0574915722862750e+00	   1.0353343944785875e+00	   1.2142073624261336e+00	   1.0257018561974411e+00	   1.0602810709658348e+00	   9.6161992646806072e-01	   6.9032297163622025e-01	   6.8980365851170122e-01	   3.8507028013440525e-01	   4.2031870544056465e-01	   4.8451767251619232e-01	   3.5895401792206083e-01	   8.7241015199205174e-01	   7.4735878853109394e-01	   1.0181331756520915e+00	   9.5575367855756010e-01	   6.1427261426975943e-01	   4.9370446294576886e-01	   1.2330938790794623e+00	   1.3818790271591994e+00	   5.8685170542580989e-01	   7.4556092092895587e-01	   8.3433737282119769e-01	   1.1486250350054426e+00	   1.0698397532875403e+00	   1.0503099705925900e+00	   6.8843743650981304e-01	   5.5693916207726679e-01	   7.1214358637660635e-01	   7.1281077233766454e-01	   5.9791527240368691e-01	   7.3907749639682485e-01	   7.9902283181033262e-01	   8.4113596571825100e-01	   6.8043475414846255e-01	   7.8199894657775948e-01	   8.5678642783477932e-01	   9.1024496422878132e-01	   8.3717609758480394e-01	   6.3663495534380621e-01	   1.2001836104503472e+00	   9.5622763329194049e-01	   1.2740756428819371e+00	   1.3490217757835943e+00	   1.3529205978401850e+00	   1.2185984640125413e+00	   1.4789282174095040e+00	   1.2029791015863007e+00	   1.2453798862346421e+00	   1.0975562762450994e+00	   5.1131373699213811e-01	   9.0736549657442955e-01	   1.1109400350014842e+00	   1.1769995003545919e+00	   7.0700604275516721e-01	   6.0880894058822632e-01	   7.8958623168194519e-01	   7.2802001718530862e-01	   1.0237880130945995e+00	   1.0164109730009092e+00	   7.8603262253054007e-01	   8.7356595013733684e-01	   9.8809134605245241e-01	   9.3507148533830720e-01	   1.2611443587249063e+00	   1.0240882176369563e+00	   1.4414473025118455e+00	   1.3196767264811742e+00	   9.9974837416088802e-01	   1.0812019874342056e+00	   1.2106773890308353e+00	   1.0598239155384663e+00	   1.0179271756064761e+00	   7.7920863051538847e-01	   1.4009529450421947e+00	   1.2644679792170737e+00	   8.5320505271802050e-01	   7.7811580007870407e-01	   5.2760610248609241e-01	   6.0867097874356935e-01	   4.1958983445416376e-01	   5.1395639462598508e-01	   9.6969484646052007e-01	   9.0589661976485913e-01	   9.5826917413967871e-01	   9.0975739527356236e-01	   6.3583212180115012e-01	   7.4597172475049800e-01	   6.7791652891370646e-01	   6.5341338347296918e-01	   5.5088697325261715e-01	   4.1992301476294325e-01	   4.9927338506773011e-01	   8.1654749337524590e-01	   1.3661525571352545e-01	   3.5682152576635218e-01	   9.1411983064140667e-01	   7.7786927591197419e-01	   5.9431868217536732e-01	   7.3981345452094627e-01	   6.3933362055579712e-01	  -2.6886899011588611e-02	
   1.8254215342610283e+00	   0.0000000000000000e+00	   7.1344690487071016e-01	   7.6902858785885597e-01	   7.5280693870078430e-01	   6.5205879162264302e-01	   8.6771298381828099e-01	   9.3215969416537747e-01	   9.1506749708182589e-01	   5.8333058564418072e-01	   1.2385166295483070e+00	   1.1523849729078204e+00	   1.2492861698603055e+00	   1.0908912223172107e+00	   9.7919469296919326e-01	   9.7905322666898786e-01	   1.3431566940297448e+00	   1.1963133055585344e+00	   9.9792381436311595e-01	   1.0671725152554448e+00	   6.4194243049113042e-01	   5.9058128038852675e-01	   3.7691402240621108e-01	   3.7145734763044930e-01	   4.0582121962811712e-01	   2.7395054099837407e-01	   7.6296413896239579e-01	   6.4772267201094769e-01	   1.1598640522159893e+00	   1.0324822935713316e+00	   5.2806090561689689e-01	   3.8633411346377333e-01	   1.0493189005602110e+00	   1.2535932361337121e+00	   4.4582698076489363e-01	   5.9348584167873408e-01	   8.2343984556523098e-01	   1.1181259747277983e+00	   1.0196311489370038e+00	   1.0055594513542545e+00	   7.6136806896141895e-01	   5.8173171773563015e-01	   6.6075766360201182e-01	   6.6171919321774986e-01	   4.6705974160753305e-01	   6.1569388003688064e-01	   7.0544704498473843e-01	   7.4267830592396245e-01	   5.8655682425673694e-01	   7.1842911096400375e-01	   7.4962675206966567e-01	   8.4266553337039296e-01	   7.8584605935939789e-01	   6.1141865986269472e-01	   1.0859153449398289e+00	   8.9154323243262401e-01	   1.4807535349750991e+00	   1.6387833037995587e+00	   1.1437623874180791e+00	   1.1786547100540841e+00	   1.3435855178536584e+00	   1.2163266314756287e+00	   1.2997038772077274e+00	   1.2221708682759413e+00	   3.5545028252926664e-01	   7.4537191381150425e-01	   9.0042261642077537e-01	   9.8706907673272015e-01	   7.0105343893074956e-01	   5.9087027679036019e-01	   7.9476409352210065e-01	   6.7180909359377516e-01	   1.0692198348749262e+00	   1.0333081789909517e+00	   8.5829319333065579e-01	   9.2830956613784088e-01	   9.9738674753886902e-01	   9.3652536333832626e-01	   1.2875797570683494e+00	   1.0523714138982239e+00	   1.5217748587703308e+00	   1.3508738364084114e+00	   9.8469409036268241e-01	   1.1366467324460729e+00	   1.0504743860819321e+00	   9.3797840930056997e-01	   9.7469164544521880e-01	   7.2801661013753893e-01	   1.2211453408787136e+00	   1.2202745059294156e+00	   7.8343144281999577e-01	   7.0130813040567475e-01	   4.5686754693153531e-01	   5.4217679843943545e-01	   4.2724781130712669e-01	   5.6365580868037091e-01	   8.1701409358132260e-01	   7.8045815872948798e-01	   8.7943123384214683e-01	   8.3347353186577400e-01	   6.3433465394703903e-01	   6.6054516575529942e-01	   7.1769040089135649e-01	   6.1905686532849469e-01	   5.2166351469056460e-01	   3.6447932712699072e-01	   4.4440543821382983e-01	   7.5423218241134493e-01	   2.2779529319631969e-01	   4.2287173096788300e-01	   7.8781342013101729e-01	   6.9273972257440330e-01	   5.1739402010118174e-01	   6.0211842252333170e-01	   5.0998995828193738e-01	  -3.4981236548416263e-02	
   8.6966376796147948e-01	   7.1344690487071016e-01	   0.0000000000000000e+00	   1.1703702715495050e+00	   1.2616956249527529e+00	   9.9551707187542693e-01	   1.3687896066940106e+00	   8.9903177269414991e-01	   1.1787507390429932e+00	   9.1425237540378901e-01	   8.8471469981591766e-01	   7.7602624313601254e-01	   1.0356392234871810e+00	   9.2744944717326960e-01	   1.2740003233990398e+00	   1.1727426899472646e+00	   5.3110438812456984e-01	   4.6939196740184919e-01	   9.9938540088810401e-01	   7.1859759471562179e-01	   9.7685991632179170e-01	   9.1581799466567004e-01	   9.6603656244998415e-01	   9.4719667924197426e-01	   1.3063996704093628e+00	   1.0217100682326037e+00	   1.0760749599719082e+00	   9.6671408300793760e-01	   6.2354612532722764e-01	   5.7544529042135151e-01	   1.2666999600718525e+00	   9.4151905407792957e-01	   1.2766374859133227e+00	   1.0571747444837269e+00	   1.2047410768954376e+00	   1.1324668531149260e+00	   5.2229280642992792e-01	   9.1376821364516303e-01	   1.0529141376935585e+00	   9.4133493679394642e-01	   5.5232888752266418e-01	   5.9555705626112188e-01	   5.6683297169965985e-01	   5.3098406005438126e-01	   6.4843324678291114e-01	   6.7053937540351627e-01	   6.7788061028097635e-01	   6.8188762758605670e-01	   5.4524630588687684e-01	   6.5387108470680999e-01	   7.6008298530029383e-01	   8.8379602629769272e-01	   7.1424832800605720e-01	   7.5223276339004430e-01	   9.6778237854410831e-01	   9.2106031566344171e-01	   4.9336621088441523e-01	   5.1543991080518348e-01	   7.0603903648869759e-01	   6.8459954879956086e-01	   7.2440374328401846e-01	   7.2708044602833954e-01	   5.0646207533695398e-01	   4.8480020904745857e-01	   1.0146293588547950e+00	   8.4509430831322985e-01	   1.0941647267300005e+00	   1.0737731491601514e+00	   6.0101650971437059e-01	   6.0347650674254105e-01	   8.1236083952266458e-01	   5.8196504728916554e-01	   6.2105727786713638e-01	   5.9442549184497184e-01	   4.4272615090220691e-01	   6.1640077516073943e-01	   7.0822712852922987e-01	   6.7459819180431446e-01	   5.3048266476330175e-01	   5.4050357180010178e-01	   6.7492814978963167e-01	   7.0267937666874214e-01	   9.0413265098933060e-01	   7.4976664060514830e-01	   1.3446371755772561e+00	   1.0611429241363612e+00	   8.1299786479177105e-01	   6.8422432632780150e-01	   1.1962223264895726e+00	   1.0865681105083211e+00	   7.9750743627544274e-01	   1.0022170113698747e+00	   6.6152711682746046e-01	   9.6597321476071207e-01	   2.6098391124493348e-01	   1.9743397302489887e-01	   9.1091835665547949e-01	   9.0599915064055170e-01	   7.1200699899490372e-01	   8.6197122251264691e-01	   5.7295027626820627e-01	   8.8075260646971698e-01	   5.9534420889849338e-01	   6.9410541535450054e-01	   6.5027646848648146e-01	   8.7165882741081468e-01	   4.3301350209098954e-01	   6.6529836177878210e-01	  -1.2590436984703235e-01	   1.6609573318787399e-01	   8.1291312362143819e-01	   7.4871415301857280e-01	   5.3906818980610005e-01	   6.8836101473775446e-01	   8.0914066254996353e-01	  -1.5149438985780715e-02	
   9.5930758843347430e-01	   7.6902858785885597e-01	   1.1703702715495050e+00	   0.0000000000000000e+00	   9.5388464739283874e-01	   1.3054390485763132e+00	   1.2167467516421109e+00	   1.6024659655178706e+00	   1.2368669394553529e+00	   1.4882355484938738e+00	   8.6462720622674016e-01	   9.3350452735191336e-01	   9.4509061878267775e-01	   1.0658984772549576e+00	   9.9901836709458747e-01	   1.1289061500001980e+00	   6.1060154809042422e-01	   6.0231233871005552e-01	   9.1900624790677155e-01	   7.1389796916870185e-01	   6.5348697215826579e-01	   8.7653816890560299e-01	   4.8475097085495134e-01	   7.5657619457736558e-01	   7.8431730528312893e-01	   8.4397174642663897e-01	   7.7577498450816662e-01	   8.1944409644895810e-01	   5.4727323765799185e-01	   6.6987580383260503e-01	   9.9393044315019241e-01	   1.1122501650727887e+00	   1.2285033555521296e+00	   1.3815984035813393e+00	   1.0956967966350619e+00	   1.2173980228982633e+00	   6.5203359360972279e-01	   7.9951745555497256e-01	   8.9501424903727300e-01	   9.1381729858840144e-01	   4.9830744278985217e-01	   4.9890297473041423e-01	   5.2464612860722393e-01	   4.5345033552201197e-01	   5.6213339876162505e-01	   6.5191970380749442e-01	   5.8210202921691723e-01	   5.5845404856727199e-01	   4.4084530495615637e-01	   4.8173629482582603e-01	   6.5098904781710942e-01	   6.5036938823209245e-01	   5.7628625619334661e-01	   4.3161817154440596e-01	   7.8657620254884097e-01	   6.2976866011143429e-01	   6.4497858225708482e-01	   5.9420757741633634e-01	   7.0820215328660474e-01	   6.6245288072287412e-01	   7.8981856504026260e-01	   9.3474924349149702e-01	   5.7981458913448780e-01	   5.1215938665534688e-01	   1.0199510175264357e+00	   1.4540111216238270e+00	   1.0699328048741532e+00	   1.2344259661687240e+00	   4.4248692876063472e-01	   5.8462177433201412e-01	   6.7381119384854082e-01	   6.1378296832578350e-01	   7.0557456853717804e-01	   6.8687976230875569e-01	   4.5204885979600629e-01	   5.3747447053744990e-01	   6.7461853712698205e-01	   6.8345177202858931e-01	   6.9217983416714679e-01	   7.4567937804683726e-01	   8.1754381265768239e-01	   8.4662417982402127e-01	   7.8520297308834874e-01	   7.1380784137004272e-01	   1.1499646074188268e+00	   1.1754444738825673e+00	   7.1152737378645148e-01	   6.6397864337272738e-01	   1.2379609237927909e+00	   9.9026855625760368e-01	   9.0350022263421526e-01	   8.8151091697397821e-01	   8.5797342087497053e-01	   7.7564849716437134e-01	   2.9248067028190078e-01	   3.1317054373767705e-01	   7.6909998433660975e-01	   6.8005268124128682e-01	   7.7011897944975694e-01	   6.8914012837785754e-01	   7.6198896902403590e-01	   7.1425206027611798e-01	   7.6637363336775421e-01	   6.3412444344422436e-01	   7.4130013433749253e-01	   6.8217473383093230e-01	   6.6138731553782493e-01	   8.2297207612057033e-01	  -1.7586219174919826e-01	   7.0807550673849917e-02	   8.6654955144292278e-01	   6.9591171285680697e-01	   5.7468242502401901e-01	   7.8747688294352436e-01	   7.3699209710573199e-01	   8.3565295135823239e-03	
   8.2877850887459936e-01	   7.5280693870078430e-01	   1.2616956249527529e+00	   9.5388464739283874e-01	   0.0000000000000000e+00	   1.1200510822212297e+00	   1.4440699229352052e+00	   9.9876796851545802e-01	   1.3719324563841628e+00	   9.3404634025840660e-01	   7.5091464872391622e-01	   8.5405954138706286e-01	   9.4453929320910823e-01	   8.1125169003340958e-01	   1.1103047028849955e+00	   9.8755637030411414e-01	   5.5146653559430880e-01	   5.5383696999725018e-01	   1.0222193129708250e+00	   7.9880213980788373e-01	   8.5200162568914561e-01	   7.3168318675412458e-01	   8.0263173005310240e-01	   6.4026649085844478e-01	   9.1481967263893338e-01	   7.8514221224946446e-01	   9.4909153799114487e-01	   7.7600376247394220e-01	   7.6646245851270245e-01	   7.5051263488198972e-01	   1.0150896226759758e+00	   7.3436426027504653e-01	   1.2407192804818854e+00	   1.0334048503375457e+00	   8.1617329771665048e-01	   8.5173755129932305e-01	   4.9583175702040400e-01	   8.4771682440017471e-01	   9.5356216253015280e-01	   9.2817794421873523e-01	   5.5766607179799388e-01	   5.9864003708336078e-01	   5.3010202083706526e-01	   5.0107896704092536e-01	   6.3955053861998246e-01	   6.9392714853364901e-01	   6.7634747848750010e-01	   7.0798171707906921e-01	   6.0702183678904498e-01	   7.1467171422481868e-01	   7.5014953720918587e-01	   9.2505878625912885e-01	   7.5714983143832659e-01	   7.5484341888391415e-01	   9.9154167181326891e-01	   9.0304291026064742e-01	   5.0439511479774457e-01	   5.6935747565822370e-01	   8.2527950528658245e-01	   8.2645924822438011e-01	   8.0030434679774742e-01	   8.6265614692482107e-01	   6.1554412301919736e-01	   6.2436922216709745e-01	   6.2813768358347111e-01	   6.4513889369566779e-01	   1.2781862428051933e+00	   1.2261079737645348e+00	   6.4290346314033242e-01	   7.9327909883879855e-01	   7.9406507907109580e-01	   5.7780587014355778e-01	   5.9420200827342096e-01	   5.7819909556762161e-01	   4.0505123204861898e-01	   5.3212755497500774e-01	   7.0514360065081005e-01	   7.2881350170506298e-01	   5.8349925780432754e-01	   5.9136119172746315e-01	   7.3009228927371472e-01	   7.8175101583747131e-01	   8.7205664013932760e-01	   6.5982849471816118e-01	   1.1560000465765652e+00	   9.2583073248589931e-01	   7.3561678944909559e-01	   4.4823733144288808e-01	   1.1615830776372364e+00	   1.1474426639990360e+00	   8.3822802321400414e-01	   1.0797811701327986e+00	   7.1125692564327192e-01	   9.8614317724874978e-01	   3.8724203990388695e-01	   3.4762386667488532e-01	   9.7176766545957360e-01	   9.7427559762554816e-01	   7.7333966988365366e-01	   9.0084233271924841e-01	   6.1835634482157875e-01	   8.1577300296695032e-01	   6.1335161499695667e-01	   6.5295437077291574e-01	   6.2358873051626873e-01	   7.3174497203056821e-01	   3.8952333668957978e-01	   6.1948585275666812e-01	  -1.4074883464371041e-01	   2.5860379156185354e-01	   9.2646463681451108e-01	   8.6368949602164402e-01	   7.0997501320468959e-01	   7.9351739525857434e-01	   8.0613601095745890e-01	   5.7778100541235673e-02	
   7.5766233867343113e-01	   6.5205879162264302e-01	   9.9551707187542693e-01	   1.3054390485763132e+00	   1.1200510822212297e+00	   0.0000000000000000e+00	   1.0575694020295248e+00	   1.2691158482540070e+00	   1.2233142847943559e+00	   1.5742947508787071e+00	   6.6811342396023710e-01	   7.2024951680988081e-01	   8.0772375926282058e-01	   7.8911856571671057e-01	   9.1240644243339131e-01	   9.3371894511241882e-01	   4.8964947121406688e-01	   4.7721215300655495e-01	   7.9498353288445900e-01	   5.8709031616548379e-01	   6.0510523494434243e-01	   7.3505485879587174e-01	   5.1787028180816519e-01	   5.8237966322489521e-01	   8.8691961890753612e-01	   9.3498876708372380e-01	   6.8096405110962488e-01	   8.8837935103494148e-01	   4.9407090848809593e-01	   5.8324882431931313e-01	   9.6666516110345380e-01	   9.2585177932896690e-01	   1.0143798159814175e+00	   1.0104040814194826e+00	   8.9771567510176875e-01	   9.4308066541757318e-01	   5.0693766491670167e-01	   7.0854461578282035e-01	   7.6869018408143119e-01	   7.7085169608470072e-01	   3.5506708675183424e-01	   4.5175995961075488e-01	   4.7359808286484578e-01	   3.8556590058932605e-01	   4.9133472031535819e-01	   5.5204115812086396e-01	   5.4649344843627001e-01	   5.1957851083906326e-01	   4.7603566876182202e-01	   5.0570352185123557e-01	   6.4759287096696083e-01	   6.4230763860472651e-01	   5.7868520501379073e-01	   5.1308557554242729e-01	   7.2096611849513392e-01	   5.9054460467613112e-01	   4.8997529103871751e-01	   5.1958314474722056e-01	   6.5655165009207761e-01	   6.1756231188426425e-01	   6.7921866347664872e-01	   8.3081544707530308e-01	   4.6881903359874089e-01	   3.9984002217849596e-01	   8.9122334026749472e-01	   1.0163622276311017e+00	   9.0217967657077303e-01	   9.9712371101703878e-01	   4.6342390111297826e-01	   6.2257027615395732e-01	   6.2296314555408105e-01	   5.0750866930827410e-01	   5.6463450569958140e-01	   5.4636452877803432e-01	   3.7703608722824894e-01	   4.2577823567138851e-01	   5.6437678735310803e-01	   5.9406690546157848e-01	   5.3222352721811550e-01	   6.3546549269859420e-01	   6.2984946039302514e-01	   6.5458879810234083e-01	   5.8880631876995038e-01	   4.9477195733742152e-01	   8.9086244884997656e-01	   7.4748811193486375e-01	   5.7583148202981249e-01	   3.6410680471188117e-01	   1.0159875188410170e+00	   8.2324443027687066e-01	   9.2155180837450279e-01	   9.5255165794256746e-01	   9.1503531476193578e-01	   9.0120678661989972e-01	   3.4182863751106912e-01	   3.3435288451556833e-01	   7.3597315556535137e-01	   7.1233051164653527e-01	   7.3518858968496026e-01	   7.4921104041942310e-01	   7.0260378369367216e-01	   7.4658897144888625e-01	   6.6816205668973461e-01	   6.8941777528848136e-01	   7.6409488952769233e-01	   7.5579696566087218e-01	   4.4455627344519144e-01	   6.2624299876551082e-01	  -4.4704019467071497e-02	   1.6647576370109501e-01	   8.2243522541124703e-01	   7.3005612398043973e-01	   5.6634780163337684e-01	   7.4877995771369854e-01	   9.9619846400977907e-01	   7.9152359692296656e-02	
   1.0178428767666521e+00	   8.6771298381828099e-01	   1.3687896066940106e+00	   1.2167467516421109e+00	   1.4440699229352052e+00	   1.0575694020295248e+00	   0.0000000000000000e+00	   1.2835349925065558e+00	   1.4042321951050798e+00	   9.5418569344245130e-01	   8.8929158161894861e-01	   1.0355641749655702e+00	   1.1410495165791454e+00	   9.7915039789482150e-01	   1.0756501242619929e+00	   1.1198889394458200e+00	   7.1325741862978276e-01	   7.2090712895360498e-01	   1.0290843658008169e+00	   8.3341295315241704e-01	   7.7655664966174398e-01	   7.2708634218368184e-01	   6.5038410954869186e-01	   6.5593073546646075e-01	   8.2606031805899471e-01	   7.2129323006548951e-01	   8.1160138719689934e-01	   6.8977409968045778e-01	   9.3787263429738688e-01	   9.5308732335318480e-01	   1.1452934887386219e+00	   8.8931770164059831e-01	   1.4826363148272199e+00	   1.3700625414375875e+00	   8.0488843056449844e-01	   8.7220449236114783e-01	   4.9649047677240071e-01	   8.6165838185047405e-01	   1.0025822501872066e+00	   9.4359326151268241e-01	   6.7177620662544646e-01	   7.0296691200897377e-01	   5.3939503193911420e-01	   5.3017163924732502e-01	   6.2556694263875146e-01	   7.0705794702526148e-01	   6.7700555578182087e-01	   6.9095847058308835e-01	   5.5232723108921378e-01	   6.5130141637535144e-01	   7.5049655687900430e-01	   8.7802078756885127e-01	   7.1212720985265676e-01	   6.4958649074584440e-01	   1.0116931231019350e+00	   8.6317520669662318e-01	   6.8899390216016010e-01	   6.7294059851346177e-01	   8.4582610576834938e-01	   8.1246854790237300e-01	   9.8703415224972291e-01	   9.9255413955231331e-01	   7.7370083305368154e-01	   7.6922489856964094e-01	   6.6691593238023172e-01	   7.7085393786599510e-01	   1.3750390002186645e+00	   1.3599348978326187e+00	   5.1508287630883420e-01	   5.4600540698508648e-01	   8.7177797035580018e-01	   6.3525000567284151e-01	   7.7570144204592162e-01	   7.8717422016986993e-01	   5.5277100007762314e-01	   7.3292237791380355e-01	   8.1679858660162152e-01	   7.8899778317133928e-01	   7.6387182579894219e-01	   7.0915271035702721e-01	   9.0084429419274592e-01	   9.8079368265877420e-01	   8.5163446960283240e-01	   8.0965925310283238e-01	   1.1404945736179601e+00	   1.1805982900418941e+00	   6.5520162956814887e-01	   4.9852780423325865e-01	   1.2720519592437742e+00	   1.1768666489178179e+00	   8.4060319004368722e-01	   9.4298918542183841e-01	   6.6905706962548361e-01	   8.5813423957736945e-01	   3.0058296573299553e-01	   3.2932700941617415e-01	   9.0917018462267984e-01	   8.4547761738698335e-01	   8.1315276194723585e-01	   8.7369025379557774e-01	   6.4374013473658864e-01	   7.8525420661617462e-01	   6.2799787400025098e-01	   6.5868931676298492e-01	   5.8666433232260662e-01	   6.4806607467794108e-01	   4.2139913748882257e-01	   6.9395110887427525e-01	  -1.3913151517479741e-01	   1.6144009934065215e-01	   8.7712373505638075e-01	   7.6670855959665862e-01	   6.2600449159288762e-01	   8.0817482426235743e-01	   8.0191473296765803e-01	   5.0185237640085409e-02	
   1.0198829568049257e+00	   9.3215969416537747e-01	   8.9903177269414991e-01	   1.6024659655178706e+00	   9.9876796851545802e-01	   1.2691158482540070e+00	   1.2835349925065558e+00	   0.0000000000000000e+00	   1.2753580911058626e+00	   1.3350408427884639e+00	   8.1448849528108702e-01	   1.0882955368337903e+00	   9.9026153912987369e-01	   1.1194720941161187e+00	   9.0898858986024667e-01	   1.0692325584908369e+00	   7.9891285819793156e-01	   8.8468750159510501e-01	   9.8319877622553609e-01	   8.8238923186774199e-01	   5.4897764686077655e-01	   7.0803914163661141e-01	   3.7248471830344848e-01	   5.2146705619549039e-01	   5.5862549819921636e-01	   5.8564761880282146e-01	   6.2091338276433572e-01	   6.2612298175635239e-01	   7.4588065969199624e-01	   9.5638038275198756e-01	   8.3079108597693685e-01	   8.6209090089250884e-01	   1.2493967208163304e+00	   1.5123871254361210e+00	   7.2171829024236034e-01	   8.5422697518715807e-01	   6.5119654672184513e-01	   8.2444064767943193e-01	   9.1671768497385664e-01	   9.3300456135566279e-01	   6.6448863860418350e-01	   5.9097670731991858e-01	   4.9718428167787765e-01	   4.3516712285301001e-01	   4.9370769145541216e-01	   6.0059836842696646e-01	   5.6208699711292742e-01	   5.6143853021325318e-01	   4.3321001436965156e-01	   4.8340326109315890e-01	   6.1007353439468848e-01	   6.2776721843035455e-01	   5.9945440451135490e-01	   4.4536595053183742e-01	   8.0669121175323355e-01	   6.2389878310438440e-01	   8.5929333238403682e-01	   7.3666253764101752e-01	   7.4012887799991167e-01	   7.2970377362430616e-01	   9.5239159059668921e-01	   1.2242426416952665e+00	   7.7435653055861853e-01	   7.3833448707881488e-01	   6.5065960070523521e-01	   1.0891243945822098e+00	   9.9566512096918247e-01	   1.1358173504373108e+00	   5.0123351201457911e-01	   6.1049653258878656e-01	   6.8729179320688616e-01	   5.9563309171992973e-01	   8.0446525400638103e-01	   8.0420871502314217e-01	   5.2898142357429978e-01	   5.9386529279965961e-01	   7.4235648908998608e-01	   7.8352582544967486e-01	   9.1961819577384496e-01	   9.5001099014377499e-01	   1.0212099228849403e+00	   1.1077346226919551e+00	   7.6872843698508597e-01	   8.0141259362916306e-01	   9.5542893951770691e-01	   1.0443079367025330e+00	   6.2985168054575902e-01	   4.7437294863620622e-01	   1.2564189658325156e+00	   1.0687992755999922e+00	   1.0054840628110480e+00	   8.6339268843077166e-01	   8.5427594563419396e-01	   7.4012881156079890e-01	   3.7133643465816130e-01	   4.5747231920148002e-01	   7.2875872782104179e-01	   6.7074320326338455e-01	   8.7217250988951323e-01	   7.6996837619261316e-01	   8.4023828813624302e-01	   6.6239716318975705e-01	   8.0511275791391601e-01	   6.1493968286702239e-01	   6.6053443109625931e-01	   5.1929102304461383e-01	   6.7861924142803387e-01	   8.7695771547351420e-01	  -1.0112459236960598e-01	   1.6390494958492868e-01	   8.8102905322338421e-01	   7.2940501542382741e-01	   6.3381610488969420e-01	   8.4617638933184391e-01	   7.0421835945363487e-01	   4.3318745331789935e-02	
   1.0485071989169781e+00	   9.1506749708182589e-01	   1.1787507390429932e+00	   1.2368669394553529e+00	   1.3719324563841628e+00	   1.2233142847943559e+00	   1.4042321951050798e+00	   1.2753580911058626e+00	   0.0000000000000000e+00	   1.1460045967527557e+00	   8.8234161732483907e-01	   9.2342243825973469e-01	   1.1734003363718459e+00	   9.4158078157868430e-01	   1.0706260326648136e+00	   9.8697566827717531e-01	   7.7200673626302008e-01	   7.5706420838691768e-01	   1.0007606728595739e+00	   8.4328872908833497e-01	   6.6312257787420803e-01	   7.0451464750970261e-01	   5.4428485652520298e-01	   5.0115644811152993e-01	   7.5582198854869775e-01	   7.0743478872345777e-01	   7.8293983835749659e-01	   7.2371464752089110e-01	   8.0671102792178262e-01	   8.8161621021255376e-01	   9.4053871849217141e-01	   8.1017469666889841e-01	   1.3109847103577503e+00	   1.3688855303094967e+00	   8.5692718843519688e-01	   9.2984895088685593e-01	   5.8099599670476387e-01	   8.4121722992479420e-01	   9.5489134774221496e-01	   9.2178926419403995e-01	   5.8203954367115984e-01	   5.9973653015585660e-01	   4.1285991103710784e-01	   3.9052496122322150e-01	   4.9120135066173065e-01	   5.8747290349034220e-01	   5.3244174182144854e-01	   5.7667181733654915e-01	   4.7209513051300522e-01	   5.9106784132656232e-01	   6.6029901770879995e-01	   7.9586247802746091e-01	   5.7031262142894423e-01	   5.7084582530098249e-01	   8.2963865448391383e-01	   6.9957507030694832e-01	   7.1443850286702093e-01	   7.7364634958982836e-01	   8.8128906895936843e-01	   8.5241329448727676e-01	   9.0864233848539389e-01	   1.0909120848379277e+00	   7.5257868462174671e-01	   7.3411096414112775e-01	   8.3473596479349621e-01	   9.8042082322726976e-01	   1.1820640480517559e+00	   1.2602898919405758e+00	   6.3235202287033898e-01	   6.9744036319646352e-01	   8.0494396430602255e-01	   6.5248194148073979e-01	   8.7154574479842739e-01	   8.5818893389696549e-01	   5.9419967429770693e-01	   7.2029585202000079e-01	   8.0898362777466870e-01	   8.2783482377592776e-01	   7.8990072339019612e-01	   8.0534485826706281e-01	   9.2682598788776760e-01	   9.9330536679005033e-01	   8.4392117184010829e-01	   6.7571712281315921e-01	   1.1468996741454565e+00	   9.4860439457428136e-01	   7.2303771126687111e-01	   4.6083728884351643e-01	   1.3105582316656013e+00	   1.0801588051148689e+00	   8.0529311558025019e-01	   9.4558724446506370e-01	   7.3666314296412161e-01	   8.8118648216880124e-01	   3.5985355765827043e-01	   3.6524004581485758e-01	   7.9412518687361677e-01	   8.0223456958856176e-01	   7.1791008909543574e-01	   7.6595566389892678e-01	   6.9196482200375109e-01	   7.5597089375639159e-01	   5.9244106874445102e-01	   5.8692246749477683e-01	   6.3244521470802151e-01	   6.6882194331630285e-01	   4.5151396416293255e-01	   7.3470228092987899e-01	  -2.0465260336138595e-02	   2.4356369381374920e-01	   8.3921781280035379e-01	   7.0209459515582207e-01	   5.8021936173562716e-01	   8.3136274054993842e-01	   8.4599543791234355e-01	   4.2616066610885288e-02	
   6.6912906214413037e-01	   5.8333058564418072e-01	   9.1425237540378901e-01	   1.4882355484938738e+00	   9.3404634025840660e-01	   1.5742947508787071e+00	   9.5418569344245130e-01	   1.3350408427884639e+00	   1.1460045967527557e+00	   0.0000000000000000e+00	   6.5427180917995609e-01	   7.5601908057329459e-01	   7.1847764608443943e-01	   8.4908812593410987e-01	   7.9839714834179243e-01	   9.0118030803963789e-01	   4.2562761003746263e-01	   4.3490516220170339e-01	   7.9786275962940811e-01	   5.6800477217674128e-01	   4.8078795709015160e-01	   6.1440234024502560e-01	   5.1619486535959003e-01	   6.9064428305097725e-01	   7.2916599805424520e-01	   8.8271179980787162e-01	   5.5473385632505423e-01	   6.1707349472476836e-01	   4.0715424085262547e-01	   5.2087777131871971e-01	   9.0851298832692129e-01	   1.0443698255799667e+00	   8.7056308608765554e-01	   9.6680773014268973e-01	   8.7075226873536449e-01	   9.4340474560197662e-01	   4.9491010286863646e-01	   5.7977804236101860e-01	   6.1950077457989150e-01	   6.6159705857603279e-01	   3.2688667185586223e-01	   3.5892995584917314e-01	   4.3374548216099923e-01	   3.4253284016359309e-01	   4.5784540165552023e-01	   5.1810939405377598e-01	   4.6924537703195457e-01	   4.4853826087109777e-01	   3.8750700650610437e-01	   4.3062087728826193e-01	   5.5202155089896721e-01	   5.1548529633950446e-01	   5.2346971381005103e-01	   4.3690334044349710e-01	   5.8472824209977237e-01	   4.8675168295075166e-01	   4.4143729643265045e-01	   4.5415528859617704e-01	   5.2646972016244453e-01	   5.1675921795448765e-01	   5.4744385626267633e-01	   7.8733529253848578e-01	   3.7969001718068052e-01	   3.4759829131254655e-01	   9.0475505296926562e-01	   1.1308633709050022e+00	   7.8001498190456919e-01	   8.9864886469227212e-01	   3.1971282010596647e-01	   5.4741336670886653e-01	   5.6555620372454285e-01	   4.3208921257310695e-01	   5.6710141493304134e-01	   4.8419866863759897e-01	   3.3398274841287584e-01	   3.7367892685152621e-01	   4.5115996723230334e-01	   4.7930793964868595e-01	   4.9493001636258116e-01	   5.6004789969594104e-01	   5.9561742286792974e-01	   5.9356941184815037e-01	   5.5594092700326569e-01	   4.7901737914219616e-01	   8.7545449779573792e-01	   7.6630862469258876e-01	   4.8769378726684198e-01	   4.2257516946501722e-01	   8.8470589130346555e-01	   7.5044957616817987e-01	   8.3369543843928406e-01	   8.1388980268152378e-01	   8.3365210598293582e-01	   7.2053049070935560e-01	   1.9238268390963006e-01	   1.8444694253851021e-01	   5.2515852892914539e-01	   5.2884988953063705e-01	   6.3384286245817889e-01	   6.0511859584580507e-01	   6.5329426389231593e-01	   5.5301548765857733e-01	   6.4148316426247076e-01	   5.4255411545046295e-01	   6.2286653657214974e-01	   5.8439321526331733e-01	   4.9665205830374565e-01	   6.0193866809886720e-01	  -1.9140151848793757e-01	  -2.2753272701610944e-02	   6.8038301999098172e-01	   6.0723977969935250e-01	   4.9150225049488039e-01	   6.3582794161463496e-01	   6.7730588045341367e-01	  -3.8783998985392802e-02	
   1.4088217216540158e+00	   1.2385166295483070e+00	   8.8471469981591766e-01	   8.6462720622674016e-01	   7.5091464872391622e-01	   6.6811342396023710e-01	   8.8929158161894861e-01	   8.1448849528108702e-01	   8.8234161732483907e-01	   6.5427180917995609e-01	   0.0000000000000000e+00	   1.2692273352510410e+00	   1.5487760019964893e+00	   1.2166945483094862e+00	   1.2083284794466913e+00	   1.1646573007042382e+00	   9.0892363831796996e-01	   7.4419194969284352e-01	   9.2432697628086191e-01	   7.3137583599653400e-01	   7.3416310915582672e-01	   6.4504084430753628e-01	   6.2839860922902346e-01	   6.8513576743459192e-01	   5.9648970135552659e-01	   4.5567119309037379e-01	   8.5844134211664236e-01	   6.3977023888728690e-01	   8.8640565956957906e-01	   7.8055740339535651e-01	   7.4179909765476526e-01	   6.4060354852027579e-01	   1.0480638683235837e+00	   1.0549111555197630e+00	   6.9295702778843737e-01	   7.1329572556714460e-01	   8.6785509810382633e-01	   1.0476888293722015e+00	   9.8232457917991889e-01	   9.8452776523277230e-01	   6.2834204228103441e-01	   5.7629702352487155e-01	   8.4264714854987599e-01	   8.5120654528718798e-01	   6.9109702892711056e-01	   8.4454543194888831e-01	   9.6500073113213214e-01	   9.9211309927335734e-01	   8.0686102297725548e-01	   9.7795323094796605e-01	   1.0538945945316935e+00	   1.0872365468527734e+00	   1.0680637922070213e+00	   8.3844684275693337e-01	   1.2049776120533240e+00	   1.0754385840375598e+00	   7.9001133125321499e-01	   8.5894502689204144e-01	   1.0020333704324049e+00	   9.7479337922011133e-01	   9.7215792909839194e-01	   9.7500032666996339e-01	   8.3655423894139247e-01	   7.3398573741904738e-01	   6.0703185204240184e-01	   8.5551382156398836e-01	   8.8993093488048558e-01	   9.7912176475415480e-01	   5.8923804781680111e-01	   5.3192527628367048e-01	   1.0864770345669941e+00	   8.4072045007525631e-01	   1.0940900828038715e+00	   9.6344147328325824e-01	   9.0464533692256976e-01	   1.0030947451130114e+00	   1.0383482408144094e+00	   8.8480545037114644e-01	   9.5120329879125887e-01	   8.4894713956163992e-01	   1.1096520257789813e+00	   9.7986510394192505e-01	   1.0716833080280461e+00	   1.1359517519180991e+00	   1.3332688528373706e+00	   1.0120847885862598e+00	   1.0448710989175820e+00	   8.7583397496630411e-01	   1.0836864306575167e+00	   1.0552376406004584e+00	   7.9068634091143497e-01	   7.2072238514847820e-01	   4.6108732742709685e-01	   4.7312478552174136e-01	   3.0022315008507633e-01	   2.7645820884449812e-01	   8.2193079177950668e-01	   8.6665255603647551e-01	   8.5333642679233568e-01	   9.3372860321595275e-01	   5.4574569545942642e-01	   5.4554889030173948e-01	   5.3974793376068808e-01	   4.5999079446428504e-01	   4.4720275765407635e-01	   4.0684859945950513e-01	   4.3641619329650760e-01	   6.8038633217513755e-01	   4.2286743018912450e-02	   2.8177888289827724e-01	   8.5117106651158358e-01	   7.1699772502639814e-01	   5.6074027992724829e-01	   5.8712493639070173e-01	   5.5811144012285341e-01	  -8.7962557489477414e-02	
   1.2032703184838065e+00	   1.1523849729078204e+00	   7.7602624313601254e-01	   9.3350452735191336e-01	   8.5405954138706286e-01	   7.2024951680988081e-01	   1.0355641749655702e+00	   1.0882955368337903e+00	   9.2342243825973469e-01	   7.5601908057329459e-01	   1.2692273352510410e+00	   0.0000000000000000e+00	   1.3362628144955402e+00	   1.6561433639454128e+00	   1.1311828588369441e+00	   1.3494349645236539e+00	   8.6933953698661603e-01	   8.0307381378321341e-01	   9.2720675379066098e-01	   8.6948719845288325e-01	   7.6659964266211655e-01	   6.4054727599223049e-01	   4.9422972822389921e-01	   6.1763265421444546e-01	   4.5913401985241103e-01	   3.9732690528186893e-01	   7.8597736347223912e-01	   5.1153591608138382e-01	   1.0626057295856914e+00	   1.0092654624163631e+00	   7.0616061039473155e-01	   6.6990777231540721e-01	   1.0805686897614692e+00	   1.2112026318443998e+00	   4.6742205527450287e-01	   5.6385619030593304e-01	   6.5044472830504840e-01	   7.9258558100313259e-01	   9.6586837572603079e-01	   9.9639677602320598e-01	   7.4219385415288563e-01	   6.4346764828819814e-01	   5.2863200083807005e-01	   5.6983050936454493e-01	   4.9665371133762498e-01	   6.6317821690028023e-01	   6.4239920183175714e-01	   7.0409512409349717e-01	   5.6788344835049620e-01	   7.2645837778241296e-01	   7.4542632764693151e-01	   8.8693261063978879e-01	   7.9490990019664820e-01	   5.7584776527201231e-01	   1.0653175475460486e+00	   9.2184182059136699e-01	   8.2285188593727898e-01	   8.3030836517535511e-01	   9.8758017791638530e-01	   9.9835192855081500e-01	   1.1720346168426632e+00	   1.4783858138054262e+00	   9.4726073403753319e-01	   9.3584870026657130e-01	   4.0490479811584829e-01	   8.0800273594067629e-01	   9.0918121245027939e-01	   1.0424349236914359e+00	   5.1632907893788493e-01	   4.8945217922849038e-01	   8.8112921738219185e-01	   6.9989275970822795e-01	   9.9103485007558578e-01	   9.3847268990549315e-01	   7.7518888849121570e-01	   9.2969406592117376e-01	   8.2097197980607273e-01	   7.7854708825519703e-01	   9.1610345800402171e-01	   7.4575613296942422e-01	   1.1031472903646338e+00	   1.0276504711330945e+00	   1.0021681721379008e+00	   1.1227291351847528e+00	   1.0732966515549187e+00	   1.2206046464432714e+00	   7.0593744417360493e-01	   6.6356987950413704e-01	   1.1445561945544125e+00	   1.1690440055271685e+00	   6.3018018202218218e-01	   5.6537176278045598e-01	   3.6810019679966322e-01	   3.9425974313988904e-01	   2.3389717591713027e-01	   2.8332190338182045e-01	   6.9687342969630783e-01	   7.4665677378181783e-01	   6.7489011711387070e-01	   7.1632971558561320e-01	   4.7079931757900734e-01	   4.4401496770769600e-01	   5.0517918538399464e-01	   4.0047410961585972e-01	   3.6284491757201831e-01	   2.8984435366415812e-01	   4.1250085129996805e-01	   5.5753046245412319e-01	  -7.7459051498267720e-02	   1.2255997695411759e-01	   6.8931322432429398e-01	   5.8162722734506000e-01	   4.3178785471116921e-01	   5.0059441131524818e-01	   4.1918230273544688e-01	  -1.0178901821299458e-01	
   1.4141002732331114e+00	   1.2492861698603055e+00	   1.0356392234871810e+00	   9.4509061878267775e-01	   9.4453929320910823e-01	   8.0772375926282058e-01	   1.1410495165791454e+00	   9.9026153912987369e-01	   1.1734003363718459e+00	   7.1847764608443943e-01	   1.5487760019964893e+00	   1.3362628144955402e+00	   0.0000000000000000e+00	   1.3783779021547222e+00	   1.3368241848413962e+00	   1.2666895616005815e+00	   1.0536547376906535e+00	   9.5816296458895511e-01	   8.5951101792059381e-01	   7.8790998815886648e-01	   8.5269753844351381e-01	   7.7478905086490224e-01	   6.2014159693796422e-01	   6.1350148535507965e-01	   6.9647449866641131e-01	   5.2984020187773651e-01	   9.2020786131090149e-01	   7.4873213894789292e-01	   1.1170205569363982e+00	   1.0410508659653670e+00	   8.2985079451064359e-01	   6.7863550311238663e-01	   1.2752539300921621e+00	   1.3114221909539068e+00	   7.0034077048533472e-01	   7.4135632224801129e-01	   7.1199224064080691e-01	   1.1218630954729107e+00	   1.1210767429847031e+00	   1.1336854475537159e+00	   6.4953915410636220e-01	   7.0507990554396271e-01	   5.9204533460559605e-01	   6.1772945737385743e-01	   5.5096834354135060e-01	   6.9215479140658154e-01	   7.3432761582965111e-01	   7.8280652713836119e-01	   6.4026943095293842e-01	   7.9455880420003455e-01	   8.8396297935741952e-01	   1.0388683712069759e+00	   8.0644274893211443e-01	   6.9202254702603805e-01	   1.1637699754788307e+00	   9.7440101587371009e-01	   9.0871623892776365e-01	   9.4481533765868098e-01	   1.0478846863560178e+00	   9.7952523747189535e-01	   1.2196193363553636e+00	   1.1943522463591050e+00	   1.0334525661781160e+00	   9.2637198875068250e-01	   6.3415044378024954e-01	   8.9520045281921945e-01	   9.7978441234173985e-01	   1.0604228622284417e+00	   6.5047609184018340e-01	   5.3049467894391866e-01	   1.1636141244820057e+00	   9.2468325707221488e-01	   1.3870450146081581e+00	   1.2847795766065899e+00	   1.0580572246552802e+00	   1.2425953897126378e+00	   1.1189237230788092e+00	   1.0545094004768560e+00	   1.0823929692304406e+00	   9.8995628546849268e-01	   1.2274510533456473e+00	   1.1952301856143506e+00	   1.0027926643642031e+00	   1.0666969471837451e+00	   1.2676773827972572e+00	   1.0489238735997661e+00	   9.2830359765008208e-01	   6.9209835688502308e-01	   1.3231536970214770e+00	   1.1449753906979161e+00	   7.2919349622411600e-01	   7.1600735041046260e-01	   4.8781614681868724e-01	   5.9273616801572460e-01	   3.1575865920051432e-01	   4.1156715829465074e-01	   8.7059450837786079e-01	   9.0064773660137409e-01	   7.6637952613167137e-01	   8.8089931157188883e-01	   5.5692536784283064e-01	   6.6816742130255213e-01	   5.1629335323888059e-01	   5.2520685014878910e-01	   4.6057943702621834e-01	   4.8435787347262343e-01	   3.7383302565012083e-01	   6.1324814433500185e-01	   2.7873629612358678e-02	   2.8933100886256452e-01	   7.8958991487815355e-01	   6.8587571098879863e-01	   4.9399467812542031e-01	   6.3861062835215965e-01	   6.3998652358830654e-01	  -7.8946482769908732e-02	
