   0.0000000000000000e+00	   1.2158649138684352e+00	   1.1478325615684448e+00	   7.7896688010605752e-01	   7.9564471859989450e-01	   8.2375333574183263e-01	   1.2412885673946124e+00	   7.3830236173299391e-01	   7.1506994746399233e-01	   5.4159782783877197e-01	   1.2312725213337461e+00	   9.5577084961573244e-01	   1.2802746325963072e+00	   8.2899858012099192e-01	   9.4371142692582710e-01	   8.1843719870285092e-01	   1.0376137773921468e+00	   9.1312447226528093e-01	   1.2441540353242682e+00	   1.0622660808155899e+00	   4.9529743633806134e-01	   6.9230402485135500e-01	   6.3976150777521035e-01	   5.2267773701606579e-01	   6.0890395409832188e-01	   4.1017846519076540e-01	   8.5657488015870209e-01	   7.9847712160156870e-01	   1.2089986940225332e+00	   9.5953105743136402e-01	   6.7740921740643600e-01	   5.2110414177427489e-01	   1.1634664121861986e+00	   9.6953260515545747e-01	   6.8853932922820427e-01	   5.8703468149054006e-01	   4.7193336533369101e-01	   4.0935856282602956e-01	   5.1780914682705725e-01	   4.7742756432964001e-01	   9.3740458827565776e-01	   5.6212040871981461e-01	   6.9722799670146385e-01	   8.3114114803393668e-01	   7.3006488167710948e-01	   6.9140980430012489e-01	   8.1811538221538149e-01	   8.6740823163126124e-01	   7.6084041392977242e-01	   6.5416697987926353e-01	   1.1318316126621006e+00	   9.1937978302925050e-01	   9.0110107699075104e-01	   9.1619322168992501e-01	   9.1546706976452008e-01	   9.5684255108456373e-01	   1.4784678604694590e+00	   1.1154302681719630e+00	   1.1532694494500291e+00	   8.3666955870478266e-01	   1.1931754040364955e+00	   6.3750253308502802e-01	   1.2891887232053059e+00	   9.2838063374186575e-01	   5.2998555020499860e-01	   4.5348282163824516e-01	   9.2601357729069300e-01	   7.0404010584918575e-01	   7.5950504889105552e-01	   7.8566759362649641e-01	   3.3405208774145823e-01	  -7.6693823798924504e-02	   1.2872106957485863e+00	   8.2269553424953279e-01	   1.0084496873857596e+00	   7.7808659575082673e-01	   1.0891465202044655e+00	   8.5701394205968628e-01	   8.9639461076567328e-01	   7.3429366490648251e-01	   7.3941330866737554e-01	   8.1051229277565506e-01	   7.4254823978219509e-01	   6.9651244375569210e-01	   7.7774356506602360e-01	   9.2103534257888808e-01	   1.6774262715817109e-01	   8.1625397839174565e-02	   4.5388526867001766e-01	   6.6681816037439112e-01	   7.9602419873765906e-01	   7.4397765424456008e-01	   6.3751698255826417e-01	   5.3599721937596168e-01	   3.5735575199835540e-01	   2.4035231715338462e-01	   4.7127353911382691e-01	   5.2627712179268415e-01	   9.8128700868979313e-01	   1.0000002133013561e+00	   4.2832877588393506e-02	  -3.6512882314105005e-01	   3.8151446985789000e-01	   5.0728454852522853e-01	  -1.4008526618011582e-01	   6.0090338921167830e-02	  -2.6607408661482788e-02	   2.1882505583223039e-02	   4.1210276701873072e-01	   4.7415192164507508e-01	   3.3705029275177273e-01	   4.2469372113576709e-01	   6.6539525951848122e-01	   2.7664974293611244e-01	  -3.1901424518358490e-01	  -3.7691379520883417e-01	
   1.2158649138684352e+00	   0.0000000000000000e+00	   9.6740391199370979e-01	   9.0757254737355164e-01	   6.6861542883402525e-01	   7.0329496121529755e-01	   9.8380351165683111e-01	   9.7451198156817309e-01	   6.6453819228975841e-01	   4.6983066973763027e-01	   9.3069763797899641e-01	   1.2266191409406353e+00	   1.0863709182930315e+00	   8.8306458870582349e-01	   9.6023325449922536e-01	   8.2843559015781998e-01	   1.1455960444614472e+00	   1.1488814863812031e+00	   1.0622481042891514e+00	   1.3507940877529778e+00	   5.8291160029743594e-01	   7.0565030108739846e-01	   5.8483213566017889e-01	   5.9623196046504812e-01	   5.2676255354445600e-01	   4.5682991289473418e-01	   7.4239390653570358e-01	   7.0910612575953957e-01	   1.2702958050292457e+00	   1.0053322657502202e+00	   6.8157328171314235e-01	   5.9659327371684390e-01	   1.1296366694051070e+00	   1.1689063733238860e+00	   6.3019857177917205e-01	   7.0708059560103376e-01	   5.6310841102276854e-01	   4.0319475648192143e-01	   5.7195559240197624e-01	   5.5802584320210646e-01	   1.0307633554209488e+00	   4.9784591405685386e-01	   6.2818279811755384e-01	   8.4871668156546365e-01	   7.9035107933387827e-01	   7.5377829643495720e-01	   8.2412615608137985e-01	   9.3300274182854892e-01	   7.8485328673859767e-01	   7.7226801784018861e-01	   1.0008888269752190e+00	   1.0797809886963381e+00	   9.0811845049598205e-01	   8.4138499733167138e-01	   9.4794154274431586e-01	   1.0275396089391047e+00	   1.2539443987191110e+00	   1.4513591212729067e+00	   8.0546158336523543e-01	   8.5942385053533710e-01	   8.0249390344040905e-01	   7.2673473063979155e-01	   1.0923461678904975e+00	   1.1569041570682712e+00	   5.6898787929396466e-01	   7.1024324569079755e-01	   8.0931620420058814e-01	   7.3353754571424612e-01	   8.5790332199878427e-01	   8.9745203860003664e-01	   2.1287283080235289e-01	   4.0138289397216552e-02	   1.2571906366945884e+00	   8.8308416411752344e-01	   1.0267626940959707e+00	   8.5115559781440231e-01	   1.0271504456899203e+00	   1.0443409231806595e+00	   1.0124839547717399e+00	   1.0434046949903053e+00	   1.0279434235197062e+00	   8.9922512991929449e-01	   1.1111553033470944e+00	   8.0738229184719223e-01	   1.0211272568195713e+00	   1.0399437330773258e+00	   4.0538125305849920e-01	   3.1018819594553937e-01	   5.9493243183324529e-01	   7.7737589848990452e-01	   6.2793931977060147e-01	   6.6375376991066437e-01	   4.8205054570167771e-01	   7.2214196183816359e-01	   3.0924967180828233e-01	   2.4211251162730596e-01	   4.8518913439276140e-01	   4.7232392307611548e-01	   8.6605455030501322e-01	   8.5707922169885942e-01	  -5.8574119128849800e-02	  -3.5611102818481832e-01	   3.5178993445629309e-01	   4.2450644173466978e-01	  -1.5110835478820195e-01	   9.3282796341920368e-02	  -1.0428221241640925e-01	  -3.9165596339889981e-02	   4.5884936097767670e-01	   4.1746785343997761e-01	   2.4332869195068402e-01	   3.4046661257837152e-01	   6.2939739089354430e-01	   1.7344977313985199e-01	  -4.5051410842607686e-01	  -4.9227543027601239e-01	
   1.1478325615684448e+00	   9.6740391199370979e-01	   0.0000000000000000e+00	   1.1079587904723815e+00	   1.0296665968644774e+00	   9.8235761156720869e-01	   1.6205208838307787e+00	   8.4133493314824859e-01	   9.7832854172558448e-01	   6.8749225267231517e-01	   9.9159033371694216e-01	   7.2367048011321133e-01	   9.7496240683219648e-01	   6.3443421844552961e-01	   1.0937299837574428e+00	   8.9986279560600169e-01	   7.5306689908226843e-01	   7.3496214581388253e-01	   1.3012566369925873e+00	   9.5732626723382441e-01	   6.0621109669654294e-01	   8.7313167097554434e-01	   1.1706732850304222e+00	   9.1572970883296323e-01	   8.7085361220686941e-01	   6.3659039035654053e-01	   1.1710112312628600e+00	   9.9554461796888405e-01	   8.5166066033704280e-01	   8.5820733843474251e-01	   1.1608799060745123e+00	   8.3432741357357232e-01	   1.2372726735972681e+00	   1.0394987831286151e+00	   9.1794724971854913e-01	   6.5641609271537316e-01	   4.2882904484474066e-01	   4.2771665332611231e-01	   5.2929234379648871e-01	   6.2293918076657240e-01	   6.4653435133680526e-01	   4.6596132566426057e-01	   7.4581307940040553e-01	   8.6589257112438023e-01	   6.8695999662429030e-01	   6.3758717713755975e-01	   8.2628859754470119e-01	   9.3237028092977770e-01	   6.5155415311048892e-01	   5.5550992848549741e-01	   9.7390597325802608e-01	   7.6824440609870526e-01	   9.2776209998828318e-01	   1.0429823128378539e+00	   8.5927799580623987e-01	   1.0968753173534866e+00	   9.1436552099232760e-01	   7.4992156979722213e-01	   7.6020500892756493e-01	   5.5056003147698351e-01	   9.4188517138607997e-01	   6.0380895113327948e-01	   7.5997114647413100e-01	   5.9527647407540896e-01	   9.8618151437763069e-01	   7.1730712445740297e-01	   1.1127142269552239e+00	   7.4026007525273529e-01	   9.5275629732767175e-01	   8.6378394291502714e-01	   3.8782559316490200e-01	   1.4016331352211536e-01	   9.3470702977517028e-01	   7.4132300648989502e-01	   7.4573455800354671e-01	   7.4352404659444693e-01	   8.3057746316264403e-01	   7.8603601389768518e-01	   5.5018111034330897e-01	   7.0543277062089638e-01	   6.2143197686628371e-01	   7.7148501288254212e-01	   7.4647015955586693e-01	   6.8304441539878991e-01	   9.9349021985281938e-01	   9.9204678816535263e-01	   1.9239776560856459e-01	   2.0300355932632189e-01	   7.1902048510413696e-01	   8.7982302076912089e-01	   8.5795641816791490e-01	   7.9989227345649905e-01	   5.6220137748956167e-01	   4.8884198940994877e-01	   3.4220891512889612e-01	   2.8245639272421497e-01	   6.2800795272646881e-01	   6.0484000473990873e-01	   8.5803001306181748e-01	   9.6592823031165054e-01	  -1.1876486978650276e-02	  -2.7661886568824440e-01	   2.6219020390543357e-01	   6.0786802500762527e-01	   5.9034954283113721e-02	   2.0006700407085759e-01	   1.6578647725371004e-01	   2.4538508377752771e-01	   4.1861789215364603e-01	   4.4370934524497563e-01	   3.6847331770926040e-01	   5.5157175771494327e-01	   6.7693733691374702e-01	   3.2415074863486587e-01	  -2.6227769631282893e-01	  -2.3428935696964365e-01	
   7.7896688010605752e-01	   9.0757254737355164e-01	   1.1079587904723815e+00	   0.0000000000000000e+00	   7.2458503676670549e-01	   9.6544722478238754e-01	   1.0361362766798241e+00	   1.5419614618628505e+00	   7.7421950453523114e-01	   8.8456280869373582e-01	   6.0642762500451730e-01	   8.3144463106804756e-01	   6.7415627965581371e-01	   7.5096910583667376e-01	   7.4064004727530031e-01	   9.1525328030826891e-01	   5.6226500687887504e-01	   6.5705508320851658e-01	   9.6057271107483544e-01	   9.4516102824323422e-01	   6.1230001410065638e-01	   9.0544852993952940e-01	   8.3898400467952206e-01	   1.2345162559913749e+00	   5.3180764137870118e-01	   6.6128304719578945e-01	   7.0906421210903314e-01	   7.9137530059626326e-01	   6.6924398057360635e-01	   7.9397608706367806e-01	   1.1015023142319660e+00	   1.1338235827176069e+00	   9.9931922948948282e-01	   1.1963360291216256e+00	   6.4429776716548193e-01	   7.0370958556750152e-01	   3.4016697841894611e-01	   4.6815179065867119e-01	   3.6598646987927680e-01	   5.3526998718889973e-01	   6.0229765443915362e-01	   5.0808927173852436e-01	   5.4691283680702196e-01	   6.1876321875729956e-01	   5.7617000900395388e-01	   5.2324309828316029e-01	   7.4296596236450452e-01	   7.2830575294520006e-01	   5.8404804814203193e-01	   4.4327502385022677e-01	   7.5756120114517189e-01	   6.8321383094695687e-01	   7.9987575138130496e-01	   6.8700742714354890e-01	   6.5376957829190452e-01	   8.6438195786740213e-01	   6.9863052739076958e-01	   5.8636404623014893e-01	   5.2037636580175683e-01	   5.0029333889085081e-01	   6.9329384406276118e-01	   7.3839599831098868e-01	   5.9595525421759166e-01	   6.2258241879125953e-01	   5.3184291001672201e-01	   7.6738940813471146e-01	   8.1040698722871829e-01	   7.6329930043386995e-01	   8.5492863220778859e-01	   8.1319372556870118e-01	   2.3862018486257103e-01	   1.4390819443385292e-01	   7.1075172932218345e-01	   7.7082037607596132e-01	   5.9841273594314626e-01	   6.8914280813357776e-01	   6.7124188460079048e-01	   8.4840560497599271e-01	   4.8548710198546990e-01	   6.7633162117072398e-01	   5.6859448797722101e-01	   6.8938542288016025e-01	   7.0440866174290939e-01	   6.4179264449030116e-01	   7.5270586114292093e-01	   9.0109567476165975e-01	   1.4603679608400011e-01	   3.2790016517787823e-01	   6.3557868165541542e-01	   7.1344624905120591e-01	   8.0502237751891303e-01	   5.1568873083556199e-01	   5.0064897319509105e-01	   5.0662155204885373e-01	   2.2948258465957341e-01	   2.1365262976938174e-01	   5.2901357659367565e-01	   3.6353467116391069e-01	   7.7236538590154158e-01	   6.6560209852089269e-01	   6.9392016140027782e-02	  -1.5927971908155358e-01	   4.3700147061878281e-01	   3.7492749675496756e-01	  -7.3343045788112002e-02	   6.0272379718808888e-02	   5.8149213366257210e-02	   7.4407258743609581e-02	   3.3965288642392427e-01	   2.8980180141697676e-01	   2.7732799346606729e-01	   4.0859075124685806e-01	   5.9626997710890894e-01	   1.9436502350874924e-01	  -2.7362738163742528e-01	  -3.2827395671869042e-01	
   7.9564471859989450e-01	   6.6861542883402525e-01	   1.0296665968644774e+00	   7.2458503676670549e-01	   0.0000000000000000e+00	   1.0937774473079056e+00	   1.2452622454427620e+00	   6.4400284945928654e-01	   1.2998139787181122e+00	   8.5703754888012662e-01	   8.8624189844449153e-01	   6.0931141485638041e-01	   7.3267285650808678e-01	   4.7369830092151732e-01	   8.7671500764709343e-01	   7.4620740611810132e-01	   8.0378780799217142e-01	   8.1261444122142812e-01	   9.0868085199260573e-01	   6.0931392953594532e-01	   3.1758763857876127e-01	   5.0617407543491599e-01	   7.3288246157134385e-01	   5.2944983220352348e-01	   7.8686788216673287e-01	   5.7639753120488579e-01	   8.6816312842153764e-01	   8.4646567158169783e-01	   8.0288501231907805e-01	   7.5009867645062300e-01	   6.5030346075128409e-01	   4.4397807040156712e-01	   9.6253726940943896e-01	   7.7293985458015935e-01	   1.1331795252829386e+00	   8.9248484504945425e-01	   2.5605175620854120e-01	   3.5441433295830788e-01	   3.2805822393123996e-01	   4.1075131669693687e-01	   5.6254671772408216e-01	   4.8961662220750152e-01	   1.1169547182918051e+00	   1.0632183829272974e+00	   9.3179151841202512e-01	   9.1003705408490887e-01	   9.2982298983919620e-01	   1.0727526704056329e+00	   9.5517545603093079e-01	   7.1240031423643735e-01	   1.0691683811128485e+00	   7.9510305667484149e-01	   1.0622372285575767e+00	   1.0420347568774557e+00	   6.5601496400505033e-01	   8.2893929061182248e-01	   7.6318873797106290e-01	   5.4755373485424286e-01	   8.1241836308425930e-01	   6.2764097862159751e-01	   1.0295120723428524e+00	   7.7775994012897076e-01	   6.6445577949662127e-01	   3.7857333530625970e-01	   7.3111304598480342e-01	   6.4091944740146722e-01	   1.0609461290407260e+00	   9.5325177652229398e-01	   4.6276518275022493e-01	   5.7525766774373877e-01	   3.9746099350912140e-01	   1.1718621528498070e-01	   7.3740697588426452e-01	   5.9760305814427928e-01	   7.2140177464609989e-01	   6.2349821660028704e-01	   7.6120362333321745e-01	   8.4379740622056776e-01	   5.6709930244379880e-01	   7.1096701685182251e-01	   5.4675533670739673e-01	   6.5125764982209611e-01	   5.2371945071515236e-01	   6.3322140971721097e-01	   6.8696751153753288e-01	   8.1854351936444303e-01	   1.0898037723479718e-01	   1.8109831188872852e-01	   4.6795192110080980e-01	   5.8079436248294103e-01	   8.2977987999342517e-01	   8.9940286072633502e-01	   5.6110010881175665e-01	   6.2230293272627257e-01	   3.6882482825784124e-01	   3.4535530878097725e-01	   6.4584126438821321e-01	   5.0455335309158089e-01	   8.4127142353623696e-01	   8.5823466955357042e-01	  -3.0767429634655272e-02	  -1.6296903423835044e-01	   2.1072394944935052e-01	   6.7573104109011473e-01	   1.5987364316363464e-01	   2.9798914700103762e-01	   2.8483231211192950e-01	   2.8787868944824246e-01	   4.2667306880238054e-01	   4.2291918297720704e-01	   5.5822247419501880e-01	   6.8940657648380343e-01	   5.6104291616380497e-01	   3.5790112275639197e-01	  -4.2474753671416537e-02	  -2.2032418251966539e-02	
   8.2375333574183263e-01	   7.0329496121529755e-01	   9.8235761156720869e-01	   9.6544722478238754e-01	   1.0937774473079056e+00	   0.0000000000000000e+00	   1.1258037779544081e+00	   9.1119836465537651e-01	   1.0709522354265155e+00	   1.4434090334945744e+00	   8.3764762604264864e-01	   8.6276316023033428e-01	   7.4557842488339832e-01	   7.9226168067226599e-01	   9.5551014200058781e-01	   1.1732126623692880e+00	   8.3774321779064687e-01	   8.1749777303323956e-01	   7.6046445311868671e-01	   6.5288133694396855e-01	   3.0604378508166052e-01	   7.7125601131892263e-01	   7.3252173521637531e-01	   8.4516608634472579e-01	   8.6599975966314813e-01	   7.8967640003554318e-01	   8.0850156277375285e-01	   1.1792559913031628e+00	   8.1923141292934565e-01	   1.0863364745934967e+00	   8.9122560825951791e-01	   7.4091707628143322e-01	   1.1149999193689251e+00	   1.0693205462705828e+00	   8.9050636579488085e-01	   8.2151082565505362e-01	   1.7484656923103084e-01	   4.5582652124565443e-01	   2.9855706516175706e-01	   4.0066904899181355e-01	   7.1016778920648693e-01	   6.7677525364811963e-01	   1.0071472919758941e+00	   9.9836618148372036e-01	   7.9220113212440002e-01	   7.8205568020118277e-01	   1.1365166253527625e+00	   1.0408171435595832e+00	   8.3087134239589011e-01	   5.6167215195645537e-01	   1.0072826290434238e+00	   7.2565493917509349e-01	   1.2552509860228023e+00	   1.0544947433591589e+00	   7.5110878663075997e-01	   7.5666206585820694e-01	   6.6662735297997633e-01	   4.7059695320217332e-01	   7.2366342871830192e-01	   6.9604143468704172e-01	   7.5454857181853607e-01	   9.5768644158152338e-01	   6.7963178036889926e-01	   3.8793077819769023e-01	   5.1964813427500123e-01	   6.5472290642448316e-01	   9.2278089616899650e-01	   9.1756988209521861e-01	   5.9043048848857138e-01	   6.6165705484206006e-01	   3.2653964753154369e-01	   1.6794807180305227e-01	   9.5147833713850105e-01	   9.2877557895354257e-01	   8.7421540407584719e-01	   9.1139303216964385e-01	   7.9611119333853519e-01	   8.7660489740267900e-01	   6.4267231035906403e-01	   7.6537234444687852e-01	   6.3263131566261466e-01	   8.6984533442062206e-01	   4.3019032312358590e-01	   8.0022399583941273e-01	   6.1758673550228005e-01	   1.0906193509532318e+00	  -7.3847550845521831e-02	   1.9124860490484719e-01	   5.1902533190763933e-01	   4.7742599369042593e-01	   1.3342081745867123e+00	   8.4599756934818693e-01	   6.0963441079730507e-01	   6.8394547747534096e-01	   3.1879405277803857e-01	   3.0265919296881910e-01	   8.2683187715830442e-01	   5.4751114997368977e-01	   1.1131560515630383e+00	   8.6056024830773381e-01	  -6.5889584153238201e-02	  -1.5931370654438448e-01	   4.6512750425701044e-01	   5.9279363726677059e-01	   1.1732188820102282e-01	   3.1754489621007087e-01	   4.2678423047376129e-01	   1.3383919383152895e-01	   2.3938512128839112e-01	   3.6255057215954750e-01	   4.4473568763334781e-01	   8.0072524454713745e-01	   7.4571296927700703e-01	   2.9873615902108652e-01	  -1.2618361852905230e-01	  -1.5408919860985013e-01	
   1.2412885673946124e+00	   9.8380351165683111e-01	   1.6205208838307787e+00	   1.0361362766798241e+00	   1.2452622454427620e+00	   1.1258037779544081e+00	   0.0000000000000000e+00	   9.3917167258384171e-01	   1.3201229758009065e+00	   8.4916439037743108e-01	   1.1711267355247417e+00	   8.9893791247581267e-01	   1.2262384828646122e+00	   6.6609327686923181e-01	   1.2638662235014739e+00	   1.0075219923235605e+00	   9.8379042260776994e-01	   9.4770034838902439e-01	   1.3387461964779481e+00	   9.4383153237556749e-01	   4.6099881871043202e-01	   6.7415220773666118e-01	   9.6186361035212897e-01	   7.3941527330382040e-01	   7.3316882886800461e-01	   5.4107314970551812e-01	   9.5025697647168084e-01	   9.7070265050168825e-01	   1.0697944837784366e+00	   1.0100859829717637e+00	   9.4168860945270039e-01	   7.1265405132096893e-01	   1.4278200770110132e+00	   1.2078764300439484e+00	   9.8229012461446419e-01	   6.6953498403388412e-01	   3.5583072026097151e-01	   3.4437460764303929e-01	   4.2849989308403524e-01	   4.4911166415435955e-01	   7.3821439887433737e-01	   4.2828047744115993e-01	   8.1969224368184768e-01	   8.6950127274686517e-01	   7.1309479020970812e-01	   6.7788390755552919e-01	   8.5006797376619481e-01	   9.7665881376334407e-01	   7.0351411090579863e-01	   5.3810390141295905e-01	   1.0070099028804902e+00	   7.6420885423157081e-01	   1.0718017596921501e+00	   1.0518785916315403e+00	   7.9250353493788117e-01	   1.0061311295540609e+00	   9.9631340818167902e-01	   7.6358682283324886e-01	   8.7292838117604865e-01	   6.3598818147461678e-01	   1.1517244376501177e+00	   8.2896460239109704e-01	   9.1519433145623652e-01	   6.4261833831141391e-01	   8.1913346272553533e-01	   6.4256296073507713e-01	   1.1004344949981333e+00	   7.8342314720620465e-01	   8.2066340642197488e-01	   8.0445873615472363e-01	   3.6214043915303479e-01	   8.9476118961047957e-02	   1.0732316452879322e+00	   8.6249004923044792e-01	   9.6672647824387947e-01	   8.0846784896473334e-01	   9.8435045054779990e-01	   9.4634238364117851e-01	   7.6316366291535986e-01	   8.7911861871902475e-01	   7.5933130563365414e-01	   9.0218885550908023e-01	   7.2496290725710077e-01	   7.9611888108952023e-01	   8.6760517983154095e-01	   1.0161204998897742e+00	   1.1064114788713583e-01	   2.2087257562456108e-01	   6.4346820387296400e-01	   7.6741991809597265e-01	   9.6136272584475035e-01	   9.0484716368596940e-01	   6.0601815924223978e-01	   5.5439644604820915e-01	   3.2440677537952034e-01	   2.4602374956560252e-01	   6.3353072354192763e-01	   5.2455444442952848e-01	   9.9971769291829138e-01	   1.0272777080812301e+00	   7.0764081584391098e-02	  -2.5511165307970463e-01	   3.2469086337863340e-01	   6.5873982704822820e-01	   7.6532203559054962e-02	   1.8000025156705921e-01	   1.5782360518664867e-01	   2.0638464944230953e-01	   4.3306444382663811e-01	   4.4549541818102378e-01	   3.4132646612959638e-01	   5.5716133486421937e-01	   6.9730494644946872e-01	   3.2635032253113555e-01	  -2.2693836709175180e-01	  -2.6644099141009436e-01	
   7.3830236173299391e-01	   9.7451198156817309e-01	   8.4133493314824859e-01	   1.5419614618628505e+00	   6.4400284945928654e-01	   9.1119836465537651e-01	   9.3917167258384171e-01	   0.0000000000000000e+00	   7.5252011985419809e-01	   9.5346770025354122e-01	   6.4127222291605968e-01	   1.2364598036417178e+00	   7.6554674399357836e-01	   1.0431610400468381e+00	   8.1366590953285356e-01	   1.0265335681729957e+00	   7.1302878074074583e-01	   7.7624771432018524e-01	   8.4880111615733678e-01	   8.8299372554240185e-01	   5.8737810867627716e-01	   7.8224682401925683e-01	   6.3585916221567118e-01	   9.4139465692149815e-01	   3.6069569580559441e-01	   5.2865287199706246e-01	   5.6671128837101703e-01	   6.9376417969689375e-01	   7.6137612745227667e-01	   9.7910635889850917e-01	   8.1087245137583852e-01	   8.7492524917809389e-01	   9.4401975269246541e-01	   1.2303474027380101e+00	   5.1433277188679249e-01	   5.7906022168960603e-01	   2.1200128685393488e-01	   3.2695084525408508e-01	   2.2078802193661171e-01	   3.6374433702059983e-01	   6.4205937915247591e-01	   5.0480164090088209e-01	   4.9178055616870830e-01	   5.6531239580936676e-01	   5.4967512327265966e-01	   5.0941394273716267e-01	   6.7640746240394700e-01	   6.8568208644264550e-01	   5.7373955552953515e-01	   3.9596181588706142e-01	   7.0753045830594508e-01	   6.3038542127408237e-01	   7.9640663399885514e-01	   5.7845166160053019e-01	   5.9647748919642707e-01	   7.0647014789218321e-01	   6.0263208705579507e-01	   5.7708590962339901e-01	   4.6045472180445518e-01	   4.7667839769280906e-01	   6.0016639340593303e-01	   8.2418970846193029e-01	   6.3964672663743838e-01	   7.2537238669692106e-01	   3.5922922529186679e-01	   6.1181128208641966e-01	   6.4214904127820338e-01	   6.5057409562343149e-01	   6.9567356405662151e-01	   7.5807982162776022e-01	   2.0710968340378785e-01	   1.5381484396924067e-01	   8.1501238810850019e-01	   9.2676312754823920e-01	   6.9808232616871180e-01	   8.1316018993506134e-01	   7.0778720518574056e-01	   8.9835253383336078e-01	   6.3669175439676351e-01	   7.8638384661695604e-01	   7.0380404138060493e-01	   7.4859902615653018e-01	   6.6279203851088819e-01	   7.5517121942723253e-01	   7.0627874341091368e-01	   8.4200795422214725e-01	   7.5522600051002781e-02	   3.7362221475839258e-01	   5.9275593974427887e-01	   4.6786076589922754e-01	   7.6509019613098095e-01	   4.7828174347420938e-01	   4.0871193676414952e-01	   5.6123962870964994e-01	   1.4263557869952784e-01	   5.3904188733410144e-02	   4.3633590389503496e-01	   2.7315139327367721e-01	   8.0278809916358218e-01	   6.3605955903790212e-01	  -2.1208015989546934e-03	  -1.9114786343700549e-01	   5.0722455896565632e-01	   3.5640901507119066e-01	  -1.2020968821215613e-01	  -1.9673872167794555e-02	  -6.8843351888191129e-02	  -8.0952396895362603e-03	   2.9546195341829579e-01	   2.2543975596481960e-01	   1.7777410629604612e-01	   2.9965224303408883e-01	   5.4446306152694546e-01	   8.4689385920148449e-02	  -3.4433795487690483e-01	  -4.5683768288272053e-01	
   7.1506994746399233e-01	   6.6453819228975841e-01	   9.7832854172558448e-01	   7.7421950453523114e-01	   1.2998139787181122e+00	   1.0709522354265155e+00	   1.3201229758009065e+00	   7.5252011985419809e-01	   0.0000000000000000e+00	   9.4588876967796653e-01	   8.5199021368459893e-01	   7.4564990153116528e-01	   9.6320071539817098e-01	   4.5675516438410507e-01	   1.1884588252152413e+00	   8.4371072722308083e-01	   8.6768080629890687e-01	   8.4343194144061839e-01	   8.7127953220667775e-01	   6.8915687632824729e-01	   1.6656314661467370e-01	   4.5671921577085023e-01	   8.2307757156292649e-01	   6.6524149117228759e-01	   7.3071506781531093e-01	   4.8413495249831867e-01	   6.3462515399134733e-01	   7.8151853764690926e-01	   9.2469423588419697e-01	   8.2335243908533162e-01	   7.6071064133080946e-01	   5.3427610767021538e-01	   9.4072427142967907e-01	   9.3947860233961378e-01	   9.8589119974134509e-01	   6.4937158594210898e-01	   2.4567833811805295e-01	   3.0760510825607323e-01	   2.9224295913467563e-01	   3.1874592147792719e-01	   6.0813913777702444e-01	   3.6147459140411231e-01	   7.2664593535255739e-01	   7.1243883461104762e-01	   5.0499538216774487e-01	   5.0418856821509250e-01	   7.1114250524949985e-01	   8.1213614418385482e-01	   5.4122220092735074e-01	   3.5704312578717801e-01	   7.5074349409104368e-01	   5.3918160231939671e-01	   9.3468190646251192e-01	   8.4614302441970290e-01	   6.8095600357255892e-01	   7.7299518025394098e-01	   6.5059213032292085e-01	   5.0587542175382971e-01	   5.6956796856161640e-01	   4.8748823316317885e-01	   7.6188591102422198e-01	   8.3525265240937807e-01	   6.4629422120829461e-01	   3.3785051872845023e-01	   5.8675737727408805e-01	   6.2959424826582477e-01	   7.6373287555073210e-01	   6.0962497410799799e-01	   5.3744614508950572e-01	   5.3377412232920340e-01	   3.7251058279563320e-01	   1.8218237502910414e-01	   7.6201072083931332e-01	   7.0647523648103916e-01	   7.8407379075538119e-01	   6.8612468342145028e-01	   6.8682449041242744e-01	   7.6628345584887614e-01	   7.1473647332747070e-01	   8.4902668040097873e-01	   8.0322247363847898e-01	   8.0289332348517373e-01	   5.7274206839597985e-01	   7.7783041916796547e-01	   6.4227450556273746e-01	   8.6154018390982812e-01	  -3.2475680139077361e-02	   3.7160381950827048e-01	   6.1854237345815555e-01	   7.1034772175395200e-01	   8.0937310976575239e-01	   7.5904825806380349e-01	   4.8264865490184439e-01	   5.2211491921306208e-01	   1.8673306070019821e-01	   2.8356983917937839e-01	   6.3889363696668688e-01	   4.6445102465622601e-01	   8.8103247980853117e-01	   8.0904810815432293e-01	   1.8058229269980870e-02	  -1.6941624251707618e-01	   3.3028105404530961e-01	   6.2247705702647316e-01	   1.9028080896528446e-01	   1.8934949887373625e-01	   2.9610539096929978e-01	   1.8907127886104419e-01	   3.2815550950782990e-01	   2.8131873140002162e-01	   3.4088684969927807e-01	   6.8388898072162629e-01	   6.4333228444386270e-01	   3.4096519282380944e-01	  -2.1012689872562034e-02	  -5.7990682823537323e-02	
   5.4159782783877197e-01	   4.6983066973763027e-01	   6.8749225267231517e-01	   8.8456280869373582e-01	   8.5703754888012662e-01	   1.4434090334945744e+00	   8.4916439037743108e-01	   9.5346770025354122e-01	   9.4588876967796653e-01	   0.0000000000000000e+00	   6.3167892615308796e-01	   7.6900406130022581e-01	   5.5953745055663218e-01	   7.9999046707376908e-01	   7.8490810080985829e-01	   1.0865511740251363e+00	   6.5032282296135291e-01	   6.7702694080312753e-01	   6.0368221907769548e-01	   4.4015418835728620e-01	   1.9047057879954668e-01	   5.4048402215541669e-01	   6.2936984252410244e-01	   8.2277435267555143e-01	   5.2924024921639312e-01	   5.4729452199563833e-01	   5.9671040456122115e-01	   8.2343654291523993e-01	   5.9938319682993235e-01	   9.3036685979821310e-01	   7.2547007475844882e-01	   6.3277530929082748e-01	   8.0804758909040453e-01	   8.7364550489904147e-01	   5.9315344988303653e-01	   5.7341676757326288e-01	  -2.7314281537422540e-02	   2.9449942394712181e-01	   7.5124110583553366e-02	   1.7580808904121908e-01	   4.5931672606396756e-01	   5.4842712979983399e-01	   6.8069146877401876e-01	   6.4511509641796172e-01	   5.4041098242157126e-01	   5.2551136726621139e-01	   7.7094436821320667e-01	   7.1891929764989948e-01	   6.0139552462671775e-01	   3.0222525508673426e-01	   7.0257511923902849e-01	   4.4732021279952966e-01	   9.2382016969473946e-01	   6.8995883399574842e-01	   5.1772359930661604e-01	   5.0771609612091284e-01	   4.0220151493772538e-01	   2.2501099719915704e-01	   4.1601007403314666e-01	   4.8300467656752144e-01	   4.9974957639546408e-01	   9.8674008601639640e-01	   4.9010198961346685e-01	   2.5956612537640189e-01	   3.5062648945024466e-01	   5.0498238335545320e-01	   5.9915440169016998e-01	   6.3024249451830872e-01	   3.7909628227101916e-01	   4.7337308842289594e-01	   2.6426476802290177e-01	   2.2125150443745595e-01	   6.5664638461311398e-01	   8.7508977780346686e-01	   6.6741723657912533e-01	   8.7618098479279549e-01	   5.4129708645319052e-01	   6.8637286593992264e-01	   5.0302876830159615e-01	   6.3303717902685774e-01	   4.8795111164566263e-01	   7.2690264956559070e-01	   2.6945753039855924e-01	   7.4332172650113315e-01	   4.8390476738270771e-01	   8.2849623228232405e-01	  -2.0833477920525259e-01	   2.8775472782054390e-01	   4.7715567490095184e-01	   2.6816700206679495e-01	   1.1101692854250327e+00	   6.9837932264555969e-01	   3.9789851230941575e-01	   5.3724999326229383e-01	   2.0073069135223537e-01	   1.7814535329286127e-01	   6.4888181364937758e-01	   4.0820722765988898e-01	   9.2195281805668350e-01	   6.6318685051675275e-01	  -3.8473793317371503e-02	  -3.2452167823656272e-02	   4.8568254084113549e-01	   5.2616033380615557e-01	   4.1332939290187075e-02	   2.2952356168671528e-01	   2.8285540245361246e-01	   1.1529070042353126e-01	   1.5701118626712285e-01	   2.3991908210423968e-01	   4.0065859099444034e-01	   6.6466742378369026e-01	   5.5289252393936050e-01	   2.3210910054275535e-01	  -1.1321748814951389e-01	  -1.7555999473817213e-01	
   1.2312725213337461e+00	   9.3069763797899641e-01	   9.9159033371694216e-01	   6.0642762500451730e-01	   8.8624189844449153e-01	   8.3764762604264864e-01	   1.1711267355247417e+00	   6.4127222291605968e-01	   8.5199021368459893e-01	   6.3167892615308796e-01	   0.0000000000000000e+00	   9.7472672265103555e-01	   1.2965880235666989e+00	   7.3733463099643548e-01	   1.2305816411919102e+00	   1.0052419137601101e+00	   1.2904220040477750e+00	   1.0715811975906293e+00	   1.1390729116843579e+00	   8.5440213980565627e-01	   2.4852649896996626e-01	   6.0388243593293744e-01	   8.9554231441633469e-01	   5.6766826611238197e-01	   6.6733303683000111e-01	   3.0789054404883698e-01	   7.6112496057216772e-01	   7.8183973099820259e-01	   1.3799522243729181e+00	   1.2142404299182332e+00	   7.5711166380257522e-01	   5.5539506892075852e-01	   1.0023559277114491e+00	   8.4433125164976519e-01	   7.1604983846515757e-01	   4.9837420162771118e-01	   3.4346681311297111e-01	   1.8896332324236031e-01	   4.3763641320044488e-01	   2.6069838458296857e-01	   7.1538581985246708e-01	   3.0105313734088507e-01	   8.2789884004096403e-01	   9.5661108129796502e-01	   7.0956484990808832e-01	   7.2758645006582023e-01	   8.2671816367531692e-01	   1.0079150168361390e+00	   7.5689077867016408e-01	   5.7023656510653864e-01	   9.7592952281133238e-01	   7.4009075478021324e-01	   9.6273791821690369e-01	   1.1170220525826924e+00	   7.4088689197500190e-01	   7.3988053335529735e-01	   1.0639115415842226e+00	   7.5567547282060910e-01	   7.5158105071934855e-01	   5.7618359240559536e-01	   9.3357045611101763e-01	   5.5946922278101319e-01	   1.1185558346713316e+00	   6.0638646284651077e-01	   6.5930750397623628e-01	   2.7846232994916670e-01	   7.4704537613682653e-01	   5.3808932271979204e-01	   5.2783821802084829e-01	   5.5812922315105440e-01	   4.1664257548873124e-01	   1.1994635389212244e-02	   1.2037018716262402e+00	   8.7904322848848493e-01	   1.0293395376270387e+00	   7.5368304708639855e-01	   9.9967499350741540e-01	   8.9727931628808077e-01	   9.8389583600985508e-01	   7.9695188861388022e-01	   8.2629236113214488e-01	   1.0259721885250710e+00	   6.4854012013086948e-01	   8.8423562221633589e-01	   7.4989358219046243e-01	   8.7616142729294644e-01	   1.1183291677092716e-01	   1.2706987479887055e-01	   4.8947374475340366e-01	   5.3757527418590012e-01	   8.9037675782840031e-01	   8.6355465720762281e-01	   6.0809818741727151e-01	   6.1695346791550287e-01	   3.4471614788595412e-01	   1.6494927936472642e-01	   5.6696295155078225e-01	   5.0712439902386097e-01	   9.4837300565384841e-01	   1.0454989130726471e+00	   2.0617330371212963e-02	  -3.1972697895264768e-01	   3.3366759565678483e-01	   6.0930113038784794e-01	   3.8446925821120879e-02	   1.8422034524213915e-01	   1.4640861258678561e-01	   1.4436198248018134e-01	   3.4889579416602373e-01	   3.9636104622754809e-01	   3.7244507494765972e-01	   5.5216573483136577e-01	   6.4926456030893209e-01	   3.3806907351256993e-01	  -2.0922588929134997e-01	  -2.2170960196695477e-01	
   9.5577084961573244e-01	   1.2266191409406353e+00	   7.2367048011321133e-01	   8.3144463106804756e-01	   6.0931141485638041e-01	   8.6276316023033428e-01	   8.9893791247581267e-01	   1.2364598036417178e+00	   7.4564990153116528e-01	   7.6900406130022581e-01	   9.7472672265103555e-01	   0.0000000000000000e+00	   1.1665133371059579e+00	   1.3168634314896834e+00	   1.1268116298398982e+00	   1.2308156481461814e+00	   1.2415589575475479e+00	   1.1283785835735014e+00	   8.0593468750610031e-01	   9.0377643370116967e-01	   4.7941041053374667e-01	   7.3515380905617378e-01	   5.5388977450170895e-01	   6.5558068327951657e-01	   4.7045828035694692e-01	   4.0945058792083955e-01	   6.0360036849840248e-01	   7.6240866104260796e-01	   1.2177916962835942e+00	   1.3598072902467992e+00	   6.4380405140835817e-01	   6.1314086496182352e-01	   9.6944605977494569e-01	   1.1489543995269393e+00	   5.3964959981658300e-01	   5.4690227234036315e-01	   3.0108333946677507e-01	   3.1586842975044072e-01	   3.0260498889347026e-01	   3.3944117815141184e-01	   8.9823049778779085e-01	   5.4562770402001504e-01	   5.6190784538022509e-01	   7.1565798563806793e-01	   6.1050585356143550e-01	   5.8906140745052737e-01	   7.5636796483481872e-01	   8.2019549854349250e-01	   6.4919164470083257e-01	   4.6662803039131795e-01	   8.0692098268103607e-01	   7.2712373001022645e-01	   9.1470033473787460e-01	   7.1988716349963899e-01	   7.5672818456581847e-01	   7.4217612042943693e-01	   7.7717080860005627e-01	   7.6123011602250912e-01	   6.2505231559651719e-01	   6.4215169086659318e-01	   6.0877651915280562e-01	   7.4205620022138419e-01	   9.6863883156345976e-01	   8.0363955537123211e-01	   3.4652124065877937e-01	   4.8057808559547061e-01	   6.1922439258101658e-01	   5.9085820690151269e-01	   6.0226353912531205e-01	   7.2104251265389296e-01	   2.5801698657514477e-01	   1.6072100886482268e-01	   1.3074331846299887e+00	   1.1891330474515895e+00	   1.1745432743009316e+00	   9.6493602625491548e-01	   8.9790858831122056e-01	   9.8682790577356083e-01	   1.2068808343783770e+00	   9.9357427889876271e-01	   1.1457269907484200e+00	   1.1299029573097825e+00	   7.6403003236974054e-01	   1.1134797764664748e+00	   7.8386788069087754e-01	   9.9149453794418263e-01	   9.6229736016506640e-02	   4.3199291940103435e-01	   6.1551983256650389e-01	   4.6469156741668866e-01	   7.5503225277624941e-01	   6.6050963062254309e-01	   3.9207500270461204e-01	   7.5032571048157759e-01	   2.3156792153321765e-01	   1.0530784750204830e-01	   4.8480887429223929e-01	   4.0683642439363432e-01	   9.9304046240808364e-01	   7.9777224653827106e-01	  -4.8206215364230177e-02	  -2.7727371356726715e-01	   5.1887056585701563e-01	   4.8384297376870977e-01	  -1.1579068669447382e-01	   7.4988505396127614e-02	  -5.6697265421259163e-02	  -8.4715615699351557e-02	   3.1784952819738643e-01	   3.3137134766204668e-01	   2.2158414718411384e-01	   3.5916256950494846e-01	   5.8049714529283758e-01	   1.0779805831136864e-01	  -3.7228714035302679e-01	  -5.1427892912437989e-01	
   1.2802746325963072e+00	   1.0863709182930315e+00	   9.7496240683219648e-01	   6.7415627965581371e-01	   7.3267285650808678e-01	   7.4557842488339832e-01	   1.2262384828646122e+00	   7.6554674399357836e-01	   9.6320071539817098e-01	   5.5953745055663218e-01	   1.2965880235666989e+00	   1.1665133371059579e+00	   0.0000000000000000e+00	   7.2477872461581871e-01	   1.4352211397968864e+00	   9.5384521499839736e-01	   1.2674787589390242e+00	   1.0488108516004204e+00	   1.0418931132960394e+00	   1.0087243623725404e+00	   4.0490168995306958e-01	   6.0943544339015221e-01	   6.8898624131881658e-01	   5.4916051115941522e-01	   5.8843250679936299e-01	   3.0667248929530960e-01	   7.1719035824028199e-01	   7.6891012897823185e-01	   1.3228152233916199e+00	   1.0316756116230201e+00	   6.1351033533652743e-01	   4.5728089927140014e-01	   9.9585862262506553e-01	   9.7544882480902317e-01	   7.2637425002662903e-01	   4.6873295591494141e-01	   5.1224334380019121e-01	   2.9129675314669534e-01	   4.9921204681850240e-01	   3.8464390948459054e-01	   9.1712768403436318e-01	   3.6769927731574648e-01	   5.4992838085055440e-01	   6.5634937060744036e-01	   4.5945916482063670e-01	   4.6163256992510943e-01	   6.5819241069944545e-01	   7.8057218664546213e-01	   4.9068876607393125e-01	   4.1243047607598482e-01	   7.7792611353258201e-01	   6.5352737751737211e-01	   8.2214660056521938e-01	   8.1268532713269537e-01	   8.2426843782588022e-01	   8.1716610118007860e-01	   1.0493208623458490e+00	   9.2274593064716548e-01	   7.4927297827502060e-01	   5.8828656068911378e-01	   8.4344442868871017e-01	   5.8658421559187324e-01	   1.0970773468080661e+00	   7.5382696790688197e-01	   5.1141639755080426e-01	   4.1990307650921743e-01	   6.8694401974757047e-01	   4.7865173976642195e-01	   7.5355385571799038e-01	   7.2979789428555830e-01	   3.7604051417857398e-01	   1.3840449853308726e-01	   1.2131104161188286e+00	   8.5890065669791882e-01	   1.0883924240294842e+00	   7.4185688554014484e-01	   9.6756602146566428e-01	   8.3529203608854252e-01	   1.1930116628331828e+00	   9.1359064155513370e-01	   1.1096415388497416e+00	   1.0874335448124368e+00	   8.6649010999277576e-01	   9.4770756367038445e-01	   7.7910278759232832e-01	   8.5397887266566308e-01	   1.5438524403312584e-01	   3.2304148061885757e-01	   6.0970549835644539e-01	   6.9638737766929548e-01	   6.7006435313660739e-01	   6.6137737075056835e-01	   4.7562249570832826e-01	   5.0342251515709013e-01	   2.8096100430941623e-01	   1.9160215902710806e-01	   4.8631778014995652e-01	   4.5016336821209718e-01	   8.2344031187073674e-01	   9.4232574426523719e-01	   5.9940498874191929e-02	  -3.3802690399306790e-01	   3.0418730160813434e-01	   5.0410335518179139e-01	   4.3193908398193696e-04	   7.8553754710917967e-02	  -3.0020508893007138e-02	   2.6133301702954094e-03	   4.2601983155042944e-01	   4.5129725297468137e-01	   2.3377202538456732e-01	   3.7117473290464081e-01	   5.7968458374978504e-01	   1.2828612219945412e-01	  -2.6764433722235381e-01	  -3.9266194396765802e-01	
