   0.0000000000000000e+00	   7.8532105945809327e-01	   1.4700285124200210e-01	   4.5069456106897382e-01	   2.8880949551356505e-01	   5.4629133722651479e-01	   3.4721830547393595e-01	   6.2158407930261794e-01	   7.5603899979480527e-02	   4.1413692728621437e-01	   5.7594496509254056e-01	   5.5079791605484130e-01	   2.9407687599483967e-01	   4.5313158393351605e-01	   1.4565106062652608e-01	   2.1547837080271609e-01	   9.5477344838313549e-01	   8.7175687102724719e-01	   4.6233604913503390e-01	   4.5358291195437417e-01	   3.7187720477751224e-01	   1.4905481370291415e-01	  -1.0757806445748155e-01	   2.5969841171120955e-01	   1.1054864491116476e-01	   2.7967952083746694e-01	   2.6723775901859098e-01	   2.6383380277767371e-01	   6.5430884892299512e-01	   6.8299978431906516e-01	   1.5582775858683101e-01	   2.4460969842333488e-01	   6.7236514389810342e-01	   6.3940402976849842e-01	   2.2694459521680385e-01	   4.0001340253801182e-01	   7.0242997802434148e-01	   3.3135608421137058e-01	   1.4669998103297924e-01	   4.1415048979482388e-01	   3.5008490569960221e-01	   4.0523020541757510e-01	   5.5453491766079577e-01	   4.0065329129955951e-01	   3.7280549193350088e-01	   4.3250823979751135e-01	   5.6776469386342432e-01	   6.0374478136517418e-01	   4.7359580761145548e-01	   5.2954814806636041e-01	   6.9249513222735470e-01	   5.7306506042205885e-01	   8.0849150566013661e-01	   7.6429611725491375e-01	   5.7318687372462795e-01	   7.2829450965321385e-01	   1.3102027298310224e+00	   7.4275313853000757e-01	   4.1225435101216151e-01	   5.0129495634686061e-01	   5.5803275268588981e-01	   6.0372715384746112e-01	   6.9453908231630268e-01	   7.6220755959068909e-01	   2.2754632736511110e-01	   4.0078620008793087e-01	   3.0800899074186416e-01	   4.4682957615124635e-01	   2.0040168316085816e-01	   5.5040629020023479e-01	   3.0768869101728169e-01	   4.0460004483682521e-01	   6.7128308638146283e-01	   6.8252000746921226e-01	   5.0673877813988311e-01	   6.7992607910888880e-01	   7.9676193253480287e-01	   8.2232732103742623e-01	   6.1918971283142032e-01	   6.6903049051115449e-01	   7.5691066225547166e-01	   8.1113242650372563e-01	   2.3078627571077526e-01	   5.3399249355855105e-01	   4.0379395662861572e-01	   4.2963719048975557e-01	   8.9712844645749384e-02	  -8.7766154438691634e-03	   4.9700761578679142e-01	   6.9388638207131192e-01	   6.2761697514113424e-01	   1.7374989015210010e-01	   3.8435374620481744e-01	   1.9311621630336544e-02	   3.2256425152628448e-01	  -5.7336767895644999e-02	   5.0311453243118165e-01	   5.0492166777978498e-01	   8.5586093497076443e-01	   8.3580897115667263e-01	   8.8997891543842345e-01	   1.5342520562678902e-01	   8.7383656242868435e-01	   5.6609316465841308e-01	   3.2660319255090076e-01	  -2.5540889351867391e-01	   6.0038217184145093e-01	   3.1717929968005026e-01	   5.0532592478400598e-02	   4.0077094822111126e-01	   5.3122059319197046e-01	   6.7371158452857605e-01	   6.4099060277498843e-01	   6.3330012495839716e-01	   4.7461130512022909e-01	   4.0524372182902363e-02	
   7.8532105945809327e-01	   0.0000000000000000e+00	  -2.8137969138620661e-01	  -7.9633743165037421e-03	  -3.4315120376339478e-02	   1.4736318527052819e-01	  -8.8410038983723474e-02	   2.4383361873951143e-01	  -5.7127781366331391e-02	   1.5213362090196325e-01	   3.1864572624091198e-01	   5.5721002107688955e-01	   8.3792795486886493e-02	   5.8773119022907339e-01	   4.0955507891231709e-02	   1.5192971122553861e-01	   7.0835506209280708e-01	   8.4248500777283963e-01	   3.5106353440929966e-01	   8.1531539486691784e-01	   1.4664392713888968e-01	   2.0145397400253287e-01	  -3.9812093766600926e-01	  -2.0083084995776074e-01	   4.2015320868747541e-02	  -2.8087107507416220e-02	   1.4334113862503783e-01	   4.3710954564805962e-02	   2.7382378296239063e-01	   5.2342384934376185e-01	  -1.6610787115493481e-01	  -2.0085309982413840e-01	   3.6596247298721440e-01	   4.2059199807000075e-01	  -2.1316672282213556e-02	   1.3485719545837749e-01	   4.7046196757808079e-01	   1.3742761021350694e-01	   1.1573479888025530e-01	   4.5111767356837285e-01	   2.7862178904570506e-01	   3.7818365952850858e-01	   6.5300602309903200e-01	   4.2939650230183712e-01	   3.6021524526627852e-01	   4.8067256848092327e-01	   6.3481650330085293e-01	   6.6048078467502480e-01	   5.0901643173848643e-01	   6.6040840845519011e-01	   6.1115613384894230e-01	   5.7126124363710906e-01	   6.4203567866108935e-01	   6.3387616312097073e-01	   4.3938961591640291e-01	   5.9683171801640911e-01	   6.1380953429591845e-01	   1.0624795051685894e+00	   3.1129142150139438e-01	   7.4851981499567710e-01	   2.8657987110648048e-01	   8.1667692314951834e-01	   4.4703896238581797e-01	   8.8150233211081197e-01	  -1.1956511575407022e-01	   1.1754446235802056e-01	   1.3044981492983712e-01	   3.6153943496006569e-01	   2.3545784397670666e-01	   4.6916865292560728e-01	  -7.6940345164023427e-02	   6.7766718939136897e-02	   3.2999096176432158e-01	   6.0603123981905327e-01	   1.7093440348502470e-01	   3.3117815361275421e-01	   4.8127054664110513e-01	   5.6691093308211549e-01	   4.0098989517093137e-01	   4.6982083374561595e-01	   6.2199665246553915e-01	   4.6525876019655255e-01	   1.5492442759412561e-01	   4.5451844510066419e-01	   1.2959510894406542e-01	   9.0779957770146080e-02	   1.0182099993247722e-01	  -1.7722332175122435e-01	   2.1988109111405121e-01	   4.5561086374805915e-01	   2.1662839009285709e-01	  -2.1256594586135413e-01	  -7.0837584931733047e-02	  -4.5339034840138592e-01	   2.3183208107916858e-01	   9.8494473831169355e-02	   5.1651917890012977e-01	   4.7566198512041469e-01	   6.6646158949973189e-01	   4.6698246504669683e-01	   4.2441133933473291e-01	  -2.0607870489191935e-01	   5.2367754088967156e-01	   8.2234679474329719e-02	   2.0841539267725509e-01	  -2.4132559229226033e-01	   4.6281890760723438e-01	   7.4625823903066713e-02	   2.4499350442536948e-02	   2.1242404785904395e-01	   3.1200319709642066e-01	   5.6819930841880539e-01	   4.4789577073581510e-01	   4.0329968502528463e-01	   2.5750580824888081e-01	   1.6519152595308634e-01	
   1.4700285124200210e-01	  -2.8137969138620661e-01	   0.0000000000000000e+00	   6.5583620928752817e-01	   8.7508896162831751e-01	   5.4425558973601829e-01	   1.1618205071451069e+00	   3.8420820373001774e-01	   4.2556437740368813e-01	   1.0014338546886012e-01	   2.4198715744026381e-01	  -2.1893720851944959e-01	   5.3431619778514483e-01	  -1.8736216562995903e-01	   7.6916907543294499e-01	   1.0314629262337605e-01	  -1.9340628433344176e-01	  -1.9486044712222539e-01	   6.6840406056183604e-02	  -6.3248208172698120e-02	   6.3623350884718222e-01	   4.4649477453616587e-01	   8.7881591162907846e-01	   7.4458496181810274e-01	   8.2296822651214174e-01	   8.1824641727662506e-01	   5.5827703649823213e-01	   6.9518202984518940e-01	   2.0721326534009787e-01	  -1.3326417495291734e-01	   1.0430411568931253e+00	   7.5597172153827219e-01	   4.1506650017808172e-01	   2.6883447007242944e-01	   8.4688086099093396e-01	   5.8556938726145780e-01	   3.7771874626503804e-01	   5.1376198602039402e-01	   4.8278265290360922e-01	   3.5034824914635815e-01	   2.8318833346356598e-01	   2.6692172007280823e-01	   1.2895481249453680e-01	   1.9874079157899671e-01	   1.7917802273451514e-01	   1.3150591324632441e-01	   1.6170365618998800e-01	   1.6946241327390321e-01	   1.1126544868310348e-01	   3.9462060776143303e-02	   2.4777258815621539e-01	   1.6485922462517011e-01	   1.3451802683395964e-01	   1.8629748957989595e-01	   3.1057441631368410e-01	   2.7171390347805813e-01	   1.3644319902180413e-01	  -7.1445797573584033e-02	   2.3986224524426863e-01	  -3.4674122543853297e-02	   3.2782349323577442e-01	  -2.0671736901340021e-01	   6.8342733062004724e-02	  -3.7978828960145088e-02	   1.0765246872670420e+00	   4.4859082669162803e-01	   4.8257058551565657e-01	   3.0568697964672009e-01	   1.0805102444869420e-01	   2.7137312083228743e-01	   9.8302570841507642e-01	   5.8398047171192624e-01	   3.0920934268208050e-01	  -3.0650739782519899e-02	   5.5940596774418545e-02	   1.8028940043500474e-01	   3.5365092649585528e-01	   3.4061247165981395e-01	   1.7582412728374162e-02	  -6.6208607628011285e-02	  -5.2335960288731977e-02	   1.9460555855491196e-01	   5.2703646226039291e-01	   4.7564950245803622e-02	   8.2501966103754110e-01	   7.0542112209757379e-01	   4.8184829345771729e-01	   4.4175479563784148e-01	   5.5069815700078661e-01	   3.9844811006018765e-01	   3.9090508096606824e-01	   7.7022152531097876e-01	   5.5892996366447589e-01	   1.0781759719308897e+00	   1.3089648552702460e-01	  -1.0245695668497989e-01	   3.1109215798230400e-01	   1.2950391533024133e-01	   2.3910006972956699e-01	   3.3129115195093090e-01	   2.2414809576726757e-01	   5.7889931278771867e-01	   1.0248777712850396e-01	   5.3263571835996837e-01	   2.1171960614847860e-01	   8.0811978931960446e-02	   1.4383895205200431e-01	   2.6311763891724826e-01	   4.2578198578099725e-02	  -5.5924830627387352e-02	   4.5605188554199011e-01	   2.6853361546115606e-01	   2.7627592408940504e-01	   1.4352182908131328e-01	   2.3343459074157952e-01	  -1.1031184160793528e-01	
   4.5069456106897382e-01	  -7.9633743165037421e-03	   6.5583620928752817e-01	   0.0000000000000000e+00	   6.1265692761772006e-01	   1.0445333006572592e+00	   1.1147338630875840e+00	   1.2881771794022461e+00	   4.2702641136725183e-01	   6.2162302881936105e-01	   5.6388713963797776e-01	   4.0797143186158286e-01	   5.9773599790386944e-01	   2.0758601337307803e-01	   3.7443948065226640e-01	   3.4851078268802677e-01	   2.8985277448778957e-01	   1.3645330724252680e-01	   9.2916928666054912e-03	   2.9609841428110806e-01	   4.8380931798917498e-01	   4.7910689359045150e-01	   1.9957003838151513e-01	   8.9304326857189309e-01	   4.0776144955700044e-01	   8.7114012319496248e-01	   3.6460260649286663e-01	   5.8367535595691278e-01	   4.9386070539199400e-01	   3.4939810731814236e-01	   7.1771953033498148e-01	   9.7441958257944361e-01	   7.6737254255596432e-01	   8.5830362869941235e-01	   5.7263210233873096e-01	   5.9439838803214617e-01	   6.6981007197331011e-01	   4.3891577232765155e-01	   4.5459311788948509e-01	   4.5044186481352622e-01	   4.0296767902153591e-01	   5.8848402633005925e-01	   3.9317059905491814e-01	   4.1408140699037110e-01	   3.5454500611675044e-01	   3.3985246728381524e-01	   3.7127197849736926e-01	   3.6290711874047848e-01	   2.8421691777562497e-01	   1.5494463259243574e-01	   3.9516187822665305e-01	   2.2055633435865746e-01	   2.3045345852239713e-01	   2.2859237752614026e-01	   4.3812757735085500e-01	   2.9275235649986392e-01	   4.0078334038031821e-01	   6.9262169822093864e-02	   3.9558328442562390e-01	   1.4578209019533128e-01	   5.8219109356416054e-01	   1.0738641139750052e-01	   5.5409045114076205e-01	   3.4134479059461720e-01	   8.9790522752970003e-01	   1.1466883379685315e+00	   6.9066943534195302e-01	   6.6203585751609650e-01	   1.8770551336008962e-01	   4.5526660601923852e-01	   6.2565638632804721e-01	   8.1137881314119031e-01	   3.2886669220571735e-01	   2.8396311052622836e-01	   2.6593730909720037e-01	   4.4098273946540018e-01	   5.7843028655254947e-01	   6.2353079847217330e-01	   3.9163376532376043e-01	   2.9423024433473127e-01	   4.8192324678839371e-01	   5.6093618575343274e-01	   4.0444944243809150e-01	   4.5170584953533988e-01	   8.2197849760797648e-01	   1.3230294363844854e+00	   2.0468830951161793e-01	   4.0315786098486139e-01	   5.8660383414590178e-01	   7.5512970946050406e-01	   9.5780849469559826e-01	   6.6221063165431637e-01	   1.0099360941932796e+00	   5.8503745972581855e-01	   2.3204211460830576e-01	  -1.9924455522661436e-01	   3.5122595293229936e-01	   1.5260111897413947e-01	   4.6757846485189514e-01	   3.3809990040409349e-01	   7.0023533712425268e-01	   5.3494318477515923e-01	   5.8957132932876133e-01	   7.1756530264726293e-01	   4.1665378533061215e-01	   1.0024963603371420e-01	   4.3029078207799537e-01	   6.1607761364965807e-01	   3.6656589551652657e-02	   2.0620101737275402e-02	   5.1940336895703254e-01	   5.1857097853682921e-01	   4.7929130072957732e-01	   3.8212950273870311e-01	   2.9126160093743109e-01	  -9.8983419526602098e-02	
   2.8880949551356505e-01	  -3.4315120376339478e-02	   8.7508896162831751e-01	   6.1265692761772006e-01	   0.0000000000000000e+00	   8.3579831638098967e-01	   6.9449248515347906e-01	   4.3399504580475301e-01	   3.9927344710434226e-01	   2.2819996033026232e-01	   8.2357534836034862e-02	  -9.6203541996217140e-02	   2.0747540949705559e-01	  -1.7088026302047998e-01	   3.3105365481025345e-01	  -7.4216879827099402e-02	   6.6056583192161275e-02	  -3.3450741562202117e-02	   1.6785906110088872e-01	   1.2522643507162082e-01	   8.9045831040478673e-01	   6.7087682268498250e-01	   7.0116927612799440e-01	   7.2037992905794979e-01	   8.5695120992530205e-01	   9.7102940195382370e-01	   9.2248255793643197e-01	   1.0119106167680356e+00	   1.2712546691271270e-01	  -1.0503619944333650e-01	   8.7325936765094681e-01	   7.3630858278563471e-01	   4.1262723947949959e-01	   3.7816730985032349e-01	   9.4125023808443742e-01	   6.4074661426821056e-01	   5.0524750920641548e-01	   7.5078468978906610e-01	   4.4813903052158732e-01	   3.2029976970451612e-01	   2.5195814225938495e-01	   3.6524845808455697e-01	   3.4988108403683899e-01	   3.5275195318964681e-01	   4.1559548410520297e-01	   3.7008336956240634e-01	   4.2292556169938816e-01	   3.7506085987131144e-01	   3.9669265244955332e-01	   2.9897301759815925e-01	   4.1660937619794663e-01	   3.2112948445826356e-01	   3.6068081655982531e-01	   3.9504343760205657e-01	   4.6379338121701563e-01	   4.0836006626950300e-01	   3.4250147295324573e-01	   1.3049016745381031e-01	   2.7974991202646465e-01	   1.3990195962461613e-01	   2.2367976058698827e-01	  -7.3495555474360985e-02	   1.0617377204029169e-01	   3.2355633942705138e-02	   8.6921069563178166e-01	   4.5338742213323435e-01	   5.7606972558766301e-01	   4.5163565483132639e-01	   3.4860402447509709e-01	   5.5938640136021722e-01	   6.8040299306216978e-01	   4.7810348967051242e-01	   2.7545571771446065e-01	  -9.9645511890893892e-02	   4.0927978906857412e-02	   5.1222115115887812e-02	   2.6643849465263025e-01	   2.9998590716315326e-01	   1.4195791096021307e-01	   1.9849246465863463e-02	   1.4436844915277103e-01	   1.8783375186396101e-01	   3.6773439760706417e-01	   1.8193673617882186e-01	   8.2253007603340933e-01	   7.1719108262051434e-01	   6.3030807047026061e-01	   6.1702242650266936e-01	   5.8527691381484437e-01	   5.4978053807020077e-01	   6.3470653075552874e-01	   7.8082317850475924e-01	   7.1329578778175984e-01	   7.1727691691517936e-01	  -6.1728893322139329e-02	  -3.3069518891909216e-01	   4.4567461715163559e-01	   1.5870290860736469e-01	   5.1847049744248308e-01	   5.1581246059103680e-01	   4.6036250362049691e-01	   4.0113569799202264e-01	   3.2721764943108900e-01	   5.5351390234623465e-01	   3.5367121187448936e-01	   7.5836497584028092e-02	   4.1737549760064485e-01	   3.2434192657732336e-01	  -1.8491335871463130e-01	  -2.3475385152505121e-01	   5.2975573486175964e-01	   3.9668188599598680e-01	   3.2638775128278685e-01	   7.9256317476984653e-02	   1.4354959246679927e-01	  -1.7843826988437184e-01	
   5.4629133722651479e-01	   1.4736318527052819e-01	   5.4425558973601829e-01	   1.0445333006572592e+00	   8.3579831638098967e-01	   0.0000000000000000e+00	   7.9957095806890932e-01	   9.6424320598115243e-01	   5.8119357868694610e-01	   8.7013096674613344e-01	   5.1841103337267713e-01	   4.2419882280711502e-01	   5.2943083490904330e-01	   1.7149373492914025e-01	   3.3189267682578333e-01	   2.2369764213876331e-01	   3.5965347116200175e-01	   1.9741618770866184e-01	   1.2979023244604510e-01	   2.4752439801659171e-01	   6.3140959255533280e-01	   6.1180781570945553e-01	   1.3377600165164649e-01	   4.8566857051276269e-01	   4.1363907696061747e-01	   8.4708357806273260e-01	   3.7752942291402158e-01	   5.7821960614735302e-01	   4.1826238331888776e-01	   2.1786621840936943e-01	   6.5370244178097059e-01	   6.9174647552796009e-01	   8.3855617990577858e-01	   8.2054549109595665e-01	   6.2171204032957950e-01	   7.5523873578142597e-01	   6.9391655529847440e-01	   5.0511438961653021e-01	   5.1573238371644570e-01	   4.7922646899125176e-01	   3.9872636644000498e-01	   7.3162935971730847e-01	   6.3970534648287725e-01	   6.4504190296775954e-01	   5.8969343515634398e-01	   6.0452159126140503e-01	   6.1151243062646876e-01	   5.3405947197289927e-01	   4.2702638195790421e-01	   3.2045771147950286e-01	   5.1954184757816102e-01	   3.1639349143267959e-01	   3.4655082611596955e-01	   2.9161113104901754e-01	   5.5031133511982477e-01	   3.2806418928032299e-01	   4.6536284056769750e-01	   1.9158113700120905e-01	   5.8100566424549271e-01	   2.8824097919393615e-01	   6.0573102285925751e-01	   2.1905809259256492e-01	   4.0201813995688795e-01	   2.5987471969274284e-01	   8.5774732586258096e-01	   8.8009797783652555e-01	   8.1788994919963820e-01	   8.2052623342444631e-01	   1.6382044363943207e-01	   5.1583839767072004e-01	   5.6949416970873667e-01	   7.6539669907254826e-01	   3.9629693710951824e-01	   2.1759399093118245e-01	   2.8889104156896916e-01	   3.6357140822860351e-01	   5.7285554240293224e-01	   5.9383012915163924e-01	   3.7585415923677373e-01	   2.5449222654065207e-01	   4.6307159668032571e-01	   4.7548601884415598e-01	   3.1270640288867568e-01	   3.4775993933494409e-01	   7.8017260274778011e-01	   8.7118281835697187e-01	   2.5242053792613756e-01	   2.5347733847704851e-01	   7.1044261256965802e-01	   7.4625289661083005e-01	   9.2381432714469736e-01	   7.2938736460390852e-01	   9.1570930415909235e-01	   4.4310271147645031e-01	   1.4344401244830096e-01	  -2.5800071855835777e-01	   5.5461869299293887e-01	   1.6464244423624444e-01	   6.1555104103854108e-01	   4.0435996022052040e-01	   8.6572010673055089e-01	   3.4931026063532694e-01	   7.1534941431830590e-01	   5.9076475174947563e-01	   3.9191376755751073e-01	   6.7963497786514837e-02	   5.3863589172944448e-01	   4.1366217691804152e-01	  -1.3570473368034786e-01	  -9.6257491758300978e-02	   6.1936110589098681e-01	   7.0970110059532177e-01	   4.1281889092008905e-01	   3.6855257926061025e-01	   2.8424464059794380e-01	  -1.9703944329091030e-01	
   3.4721830547393595e-01	  -8.8410038983723474e-02	   1.1618205071451069e+00	   1.1147338630875840e+00	   6.9449248515347906e-01	   7.9957095806890932e-01	   0.0000000000000000e+00	   9.1778028002186185e-01	   5.0647280814695894e-01	   3.8272126008661295e-01	   5.1809058601412905e-01	   2.0331325192217134e-01	   8.7706435670467120e-01	   1.6063032973876260e-01	   6.4131633526105902e-01	   2.4804157352003631e-01	   7.9969123539207584e-02	   9.4648542987869885e-02	  -3.0251207644618926e-02	   1.4441160135511105e-01	   5.9654392435807357e-01	   5.5364637062787714e-01	   3.0268189185979433e-01	   5.9577220603867520e-01	   5.4921730285164716e-01	   7.0559736020805619e-01	   3.8453933137972107e-01	   5.6631762122448226e-01	   4.4635762062123258e-01	   1.6682267459315411e-01	   7.9031727411543340e-01	   6.9931365552107871e-01	   7.5263297465962931e-01	   6.4958268217897264e-01	   6.5977492548931338e-01	   5.7660134778222094e-01	   6.5037054870093169e-01	   4.4097156156304107e-01	   6.4928325047444901e-01	   5.3516288808416490e-01	   3.5620194455051868e-01	   6.0852369795237482e-01	   3.2785603877849956e-01	   3.9149337204683327e-01	   3.6922859086205884e-01	   3.5026636265459549e-01	   3.5099550557165832e-01	   3.4146429044511850e-01	   2.6749730144522976e-01	   1.8228265377435873e-01	   4.5297847723674528e-01	   3.0025668479624829e-01	   2.4599281433213471e-01	   2.1783511396144098e-01	   5.6038881172918853e-01	   3.7038042300842605e-01	   3.0406094897613695e-01	  -2.6165774488747487e-03	   4.9101074352813356e-01	   1.5047189832043154e-01	   7.5518082166798417e-01	   7.1898403414303119e-02	   4.1721949466262187e-01	   2.4736511580651779e-01	   1.0711838586912348e+00	   8.0464757933460107e-01	   7.3575339940903417e-01	   6.0794262140198985e-01	  -1.1790341755946818e-03	   3.0735811614770903e-01	   8.4502443923795678e-01	   6.2189508256562243e-01	   4.3061222227544699e-01	   1.8287336960579145e-01	   2.8151210729759685e-01	   3.3610091579273899e-01	   6.0369839631659750e-01	   4.9151090592779656e-01	   1.9192086131091060e-01	   1.8440737095630791e-01	   2.2999660015816548e-01	   4.7729760883971595e-01	   5.1964046828325761e-01	   2.6624856515195688e-01	   7.8654433406433533e-01	   9.6493460956298494e-01	   3.1609987659610889e-01	   2.7864442499075148e-01	   8.6000166812014545e-01	   7.5065503823189383e-01	   6.6081453569141146e-01	   7.3934143085614434e-01	   6.6972148905656503e-01	   7.1348229296606047e-01	   1.9165947944175604e-01	  -2.1059198761186973e-01	   4.9820668116886635e-01	   2.5090149963849939e-01	   4.4229903150312999e-01	   3.6900602697031282e-01	   4.7095853043986691e-01	   5.0944566505968458e-01	   3.5643976525061166e-01	   6.1978612978564052e-01	   1.9064332197362330e-01	   5.4288081006889422e-02	   2.9806058238920319e-01	   4.6874153854973599e-01	   1.5429744358638102e-02	  -4.8210074391009956e-03	   4.7170816542316973e-01	   4.7685167442834525e-01	   4.4883234165356234e-01	   3.1481245437300093e-01	   3.0889817598417818e-01	  -1.5416592508192550e-01	
   6.2158407930261794e-01	   2.4383361873951143e-01	   3.8420820373001774e-01	   1.2881771794022461e+00	   4.3399504580475301e-01	   9.6424320598115243e-01	   9.1778028002186185e-01	   0.0000000000000000e+00	   3.4669257159886024e-01	   8.0947160479691149e-01	   7.3820432393835056e-01	   7.6077619170152411e-01	   7.3925683271705545e-01	   5.5620389210574439e-01	   2.8740048144462604e-01	   4.1430556415991082e-01	   4.8256054899435524e-01	   3.6314967207465637e-01	  -1.3908304747919403e-01	   3.4805258262069705e-01	   3.6093387123602017e-01	   3.4787394930252830e-01	  -1.1533244561247620e-01	   4.6418331697910370e-01	   2.4720991503099604e-01	   6.2431277900266580e-01	   2.5355807605116809e-01	   3.8486212537405728e-01	   6.0195535892855379e-01	   5.2114697751856753e-01	   3.8238324733782503e-01	   6.0469675513425081e-01	   8.0363294180738654e-01	   1.0354308187644752e+00	   3.5218404469607806e-01	   5.0781568850124670e-01	   8.1633146990697036e-01	   3.5849521906660936e-01	   4.1710495896600525e-01	   4.8669671177296009e-01	   4.9525727050010981e-01	   8.8051645336355167e-01	   4.5613704061762872e-01	   4.2216337661138115e-01	   3.6813623618174984e-01	   4.1655370417888155e-01	   4.0633340102722432e-01	   4.1315337702708516e-01	   2.9308398626689547e-01	   2.2148784980760167e-01	   4.7696860096132898e-01	   3.0038982838850797e-01	   2.9429006818435610e-01	   1.9447077070928967e-01	   4.8894837058253993e-01	   3.2081272603815614e-01	   5.2043017348684262e-01	   2.0484744282284872e-01	   6.0484731100851929e-01	   3.5450267349938541e-01	   8.9717272038417706e-01	   4.4640883125131386e-01	   7.2258457673883592e-01	   6.0628396860533873e-01	   6.6737333431863288e-01	   1.0770154834458272e+00	   7.4169526541724262e-01	   8.2617985574523445e-01	   1.4239103384975954e-01	   5.2231581571150032e-01	   4.1817183565970384e-01	   5.4254779671131170e-01	   4.1290178473707656e-01	   4.5746560313729834e-01	   4.2637145228721673e-01	   5.8383730413173396e-01	   6.6216453644289885e-01	   5.9115702759030220e-01	   4.3603372827448689e-01	   4.0457267571178124e-01	   6.9890148986851375e-01	   6.7094393578909750e-01	   3.2698421872154587e-01	   6.2001538987086435e-01	   6.5672351025861753e-01	   9.9065526287842265e-01	   1.0510382331985352e-01	   9.3750973862897449e-02	   6.8458085485757003e-01	   9.2543383838780802e-01	   8.4130858244887341e-01	   4.5812654661434815e-01	   7.2233730144932840e-01	   3.0655031119280557e-01	   3.6346200595483524e-01	  -2.6338797680875109e-01	   3.7855038045200962e-01	   1.8655755141800121e-01	   5.1169585591888855e-01	   3.2664764266172752e-01	   8.5781460918893049e-01	   3.4608506210335493e-01	   7.3011661775480530e-01	   6.0539591648099067e-01	   2.3178935263291328e-01	  -7.4732786745575069e-02	   4.5929686031400319e-01	   5.0529036825794194e-01	   6.3246524699155496e-02	   1.3901975174307216e-01	   4.0944166632117468e-01	   5.7697458738975160e-01	   5.1450643571256827e-01	   4.5729632981410501e-01	   2.8370990269904556e-01	  -1.4370079962735754e-01	
   7.5603899979480527e-02	  -5.7127781366331391e-02	   4.2556437740368813e-01	   4.2702641136725183e-01	   3.9927344710434226e-01	   5.8119357868694610e-01	   5.0647280814695894e-01	   3.4669257159886024e-01	   0.0000000000000000e+00	   7.0315663852791388e-01	   2.0512770886715709e-01	   3.1985132745074890e-01	   3.7499045023354610e-01	   1.8425953727812500e-01	   5.3877448632510583e-01	   5.6538572108448459e-01	  -3.6009837666388843e-02	  -4.0276819350670151e-02	   3.9359903558066400e-02	   1.6613858911056262e-01	   2.2696066161315248e-01	   4.9572715905868736e-01	   1.1148669662320995e-01	   2.2237127676812646e-01	   1.9624820115601890e-01	   2.9799211685693722e-01	   2.3995232109309917e-02	   2.4701138766802033e-01	   2.0924476506796758e-01	   1.0232364746790679e-01	   3.2156033265854411e-01	   2.7348733708240014e-01	   3.7579161290289798e-01	   4.2787581576669154e-01	   2.9232774133865758e-01	   3.0175246814845319e-01	   3.7281446642206451e-01	   1.0938345392772303e-01	   2.6080294679179838e-01	   1.6038603916751110e-01	   2.5034289947568489e-01	   4.5068401336968783e-01	   2.9836713190018005e-01	   4.6435803458539066e-01	   4.2432325609388466e-01	   4.5429591238505418e-01	   2.7880544059691859e-01	   3.5903788781439910e-01	   2.8629677930114283e-01	   2.4288212617112337e-01	   2.9992331865599903e-01	   1.6602420275952071e-01	   1.4129180918724807e-01	   1.0588931523059954e-01	   3.2378810295554245e-01	   1.5557724422583358e-01	   6.4809800908600237e-02	   1.7321221135491388e-01	   6.4010813989194482e-01	   3.2079447702458680e-01	   4.4038273074299067e-01	   2.5130111481811507e-01	   1.3189736640967667e-01	   3.8183767878237733e-02	   6.3647253331014209e-01	   4.8946937460286521e-01	   5.6376329372283762e-01	   4.5782452221783093e-01	   2.2160517709611340e-02	   2.8413920431674733e-01	   4.4405178889291097e-01	   5.2988058384793046e-01	   1.5021039048696780e-01	   5.5342706730172227e-02	  -7.3156453129146093e-02	   9.9238650794652633e-02	   1.2961884696661860e-01	   1.4345420735345682e-01	   4.7157406888038017e-02	   1.4350213063157974e-01	   1.1615043822737200e-01	   2.6951310008925183e-01	   3.2558444639801931e-01	   7.3313415772893187e-02	   4.3799999284663571e-01	   3.2281148627785983e-01	   1.8652988766183343e-01	   1.6568734721987836e-02	   6.0297000426223846e-01	   4.6638039618756166e-01	   3.7061326565583591e-01	   5.7934009183587376e-01	   5.9413506363867818e-01	   3.9497963008223497e-01	  -6.6362186482591845e-02	  -9.3323955547090082e-02	   3.6889875269643502e-01	   2.8887471181991775e-01	   2.2613741275844829e-01	   2.0557682020322407e-01	   3.5745479797002688e-01	   2.1739410211840210e-01	   2.3086739598284112e-01	   3.3261636719013749e-01	   2.1505174776139704e-01	   2.9434223022469008e-01	   2.4346220887615655e-01	   4.3602319257956235e-01	  -2.3460623192906147e-01	  -1.9210223824487607e-01	   2.1690970653799346e-01	   3.6517758055551691e-01	   1.6402512524098273e-01	   3.3848231266629773e-02	   3.5644154532898494e-02	  -2.7814153619584175e-01	
   4.1413692728621437e-01	   1.5213362090196325e-01	   1.0014338546886012e-01	   6.2162302881936105e-01	   2.2819996033026232e-01	   8.7013096674613344e-01	   3.8272126008661295e-01	   8.0947160479691149e-01	   7.0315663852791388e-01	   0.0000000000000000e+00	   4.4254727844592334e-01	   8.0340485499444281e-01	   4.3506241448444594e-01	   5.5876177155686313e-01	   1.7793614140947678e-01	   6.0901084240602599e-01	   3.9953061280373936e-01	   1.5054771182384805e-01	   4.2420153245807120e-02	   2.7067140140994228e-01	   2.0449358578247873e-01	   2.6701588969147694e-01	  -2.4716544821779968e-01	   1.2891946430929163e-01	   4.6994571777467242e-02	   3.8860826307552132e-01	   1.9383126703750408e-03	   1.6582095197471367e-01	   3.8467321546045574e-01	   3.1598019294098706e-01	   6.6651221406714159e-02	   2.5839113047454088e-01	   5.2957997373427201e-01	   7.1261488400963169e-01	   1.7544749756184372e-01	   4.9537685622604999e-01	   6.4355864955284636e-01	   2.2909296820727945e-01	   2.8328095058576569e-01	   3.1065406757761871e-01	   4.1568241359180402e-01	   6.7814404572891951e-01	   3.8172882558794036e-01	   4.0013390603331939e-01	   3.1702689885639013e-01	   3.7658739011238646e-01	   2.7565741956419798e-01	   2.8402926004260198e-01	   1.5468338846382598e-01	   1.6995411402476665e-01	   2.4750820185793346e-01	   9.3342404770173498e-02	   1.5464932131173981e-01	   4.6317546453761398e-02	   2.9871316404455261e-01	   5.8623011896580271e-02	   3.0332208375257214e-01	   1.6747136941155347e-01	   7.4950650664585550e-01	   3.8866179747284235e-01	   6.2357359581535399e-01	   5.6923503180251434e-01	   3.9589369690036674e-01	   2.7029613426938148e-01	   4.1178928508798163e-01	   7.4671257503970478e-01	   6.1158611717778222e-01	   6.1233121427785320e-01	   1.2339655749471516e-01	   4.1730096042381482e-01	   1.6564329446271439e-01	   4.6264522589436846e-01	   2.4286983477489399e-01	   2.5714532828141456e-01	   2.7801280146422269e-01	   3.5209674182596867e-01	   3.6126666850603617e-01	   2.8664545631404836e-01	   3.3700862854507513e-01	   3.0082719003406422e-01	   5.5729120651112096e-01	   4.2938781763468215e-01	   1.9438341844506812e-01	   4.1054989281594795e-01	   3.6299383119922041e-01	   3.8398729989211633e-01	   7.0284446450516146e-03	  -6.7411262201749325e-02	   5.2102921107987976e-01	   6.0854972231898308e-01	   6.4485954101873766e-01	   4.6683770335904595e-01	   6.7390602608409012e-01	   2.0512258280929463e-01	   1.3888301796039040e-01	  -2.3937883403193552e-01	   2.2628831969899982e-01	   1.1090488102896072e-01	   2.7848287882133227e-01	   1.2374911183684149e-01	   7.1531291783457740e-01	   2.8561771850368134e-01	   6.0728281779507098e-01	   4.4630959169038675e-01	   2.2068128094737496e-01	   1.2190314418336962e-01	   4.5021974141809040e-01	   4.1138515354742816e-01	  -1.8132324871912608e-01	  -1.8651707284721160e-02	   2.8008139280457367e-01	   4.3675424434188942e-01	   2.9024317174495468e-01	   2.5730085405632502e-01	   2.2889311339366747e-01	  -1.3908842404099137e-01	
   5.7594496509254056e-01	   3.1864572624091198e-01	   2.4198715744026381e-01	   5.6388713963797776e-01	   8.2357534836034862e-02	   5.1841103337267713e-01	   5.1809058601412905e-01	   7.3820432393835056e-01	   2.0512770886715709e-01	   4.4254727844592334e-01	   0.0000000000000000e+00	   6.8312523451547769e-01	   9.4920357688037849e-01	   5.1900810003043674e-01	   4.7263951252143005e-01	   3.1732206012851388e-01	   5.9138249476686200e-01	   3.4315022215599866e-01	   4.3857851725901439e-02	   2.4499528356290329e-01	   2.4850759225567406e-01	   6.3269280531131192e-02	  -1.0363772316569284e-01	   2.0796605256944939e-01	   1.1590773109993119e-01	   2.3750618611006147e-01	   5.8625722605122652e-02	   1.1826043257194860e-01	   7.5214036580331622e-01	   4.4018060913693263e-01	   2.1099034415715504e-01	   2.1802791365392168e-01	   3.7063260549073235e-01	   4.0563819524982503e-01	   1.7119162175933697e-01	   3.1024521242639513e-01	   5.1672346933820179e-01	   6.1600834340756624e-02	   2.4216354125924716e-01	   2.2672946066180444e-01	   3.3043516318101190e-01	   6.5560390626153553e-01	   4.9011762198910458e-01	   4.0089625989017863e-01	   3.1791480952171752e-01	   3.2657460911707548e-01	   4.0227029474621756e-01	   3.6912292138863567e-01	   2.7539952385575167e-01	   1.8310782868156011e-01	   3.7769123602783500e-01	   2.2565519380851179e-01	   2.2974637809976634e-01	   1.6601355583730618e-01	   2.9475180148174096e-01	   2.0051438125987237e-01	   3.2900848040417546e-01	   1.9880341320367140e-01	   2.3392751201651629e-01	   1.2970157511463531e-01	   6.4207434446118083e-01	   4.0178246999005074e-01	   5.6486324462845139e-01	   4.5634734503066454e-01	   3.4882367347326515e-01	   5.3315715901498739e-01	   2.4829312236741385e-01	   3.4980753377444951e-01	  -1.5897404520441577e-01	   1.4059931421677876e-01	   4.1184062444225439e-01	   2.4191420286997481e-01	   3.5681309801042060e-01	   3.7811318165737751e-01	   3.7181061835807377e-01	   3.4899640399526943e-01	   4.2437768752967259e-01	   4.7759436596483018e-01	   4.6536957780334764e-01	   3.9169368339647131e-01	   5.9069280550994541e-01	   5.4785713959042504e-01	   3.7663593406714835e-01	   3.7922265821640178e-01	   4.5636463688264867e-01	   5.3673205419555392e-01	  -5.2533597704123844e-02	  -1.6142977865717895e-01	   4.9585858848333042e-01	   5.1718288066037699e-01	   5.1513923979389387e-01	   3.3974020396760934e-01	   4.1055211539633785e-01	   2.4049675284319300e-01	   3.2179020430645838e-01	  -1.7013279364820777e-02	   2.2393259037834845e-01	   1.4438576969372530e-01	   3.7784724579173251e-01	   3.3213514765136243e-01	   6.7666892149331903e-01	   3.2726427742388914e-01	   4.5847951937795833e-01	   2.3939163261645063e-01	   2.0243297768346419e-01	   1.2766533955250237e-02	   2.6436199915765068e-01	   1.9663703980539626e-01	   1.7519577645714313e-01	   2.0177218885394954e-01	   3.2040946472275461e-01	   7.2217026763977754e-01	   5.3005798382802138e-01	   7.0593457643790558e-01	   4.4555051339977292e-01	   1.0334251631662963e-01	
   5.5079791605484130e-01	   5.5721002107688955e-01	  -2.1893720851944959e-01	   4.0797143186158286e-01	  -9.6203541996217140e-02	   4.2419882280711502e-01	   2.0331325192217134e-01	   7.6077619170152411e-01	   3.1985132745074890e-01	   8.0340485499444281e-01	   6.8312523451547769e-01	   0.0000000000000000e+00	   4.9251683072477082e-01	   1.2686399726296178e+00	   1.6326384318661846e-01	   6.6894564718878169e-01	   6.2597222206017189e-01	   4.9935653507388622e-01	  -4.9598606593132213e-02	   4.7117891814585189e-01	   1.1651406019051179e-01	   2.4320920489897674e-01	  -5.6855926466046458e-01	  -2.1741126644412155e-02	  -1.0343732419006338e-01	   8.9645835690012166e-02	  -3.4513453660431778e-02	   1.3220387426648311e-02	   4.8284931878584680e-01	   5.9777274328881447e-01	  -1.6325528789619190e-01	  -7.6648293813437410e-03	   4.1095059265083700e-01	   6.1912288322607245e-01	  -7.6808183024898308e-02	   1.9057921199495398e-01	   6.7023995258258440e-01	   9.4171024179239959e-03	   2.3663027113020640e-01	   3.3328748296613142e-01	   4.5988284131393931e-01	   8.6211950647633828e-01	   4.6646319810910936e-01	   3.9319750285780031e-01	   3.2078947167920918e-01	   4.3870373638649440e-01	   4.0955570554120879e-01	   4.1105326177472873e-01	   3.1314025231713893e-01	   3.4802083721102378e-01	   4.5021949057707095e-01	   3.2714999553675062e-01	   3.5633315875875221e-01	   1.9839083674939040e-01	   4.1137779899183219e-01	   2.2452970812249518e-01	   4.2112127748811612e-01	   4.3040969832735637e-01	   6.2653892908579145e-01	   6.6767824111566609e-01	   7.1794525126326492e-01	   9.9607359246609639e-01	   6.3174683610249871e-01	   7.3393264329832375e-01	   1.4857908508858489e-01	   6.2290047838712570e-01	   3.9573936341011684e-01	   5.8863888881860682e-01	  -3.8021984019233811e-02	   2.6297001711755941e-01	   5.5444994935469477e-02	   1.5946248793453929e-01	   2.0479432378337814e-01	   5.3356596919259447e-01	   3.1407054297962439e-01	   3.4516158193783619e-01	   4.2237516250508228e-01	   3.5494267488573056e-01	   3.3531829462931728e-01	   4.4926963861028024e-01	   6.6321070004342175e-01	   5.0739570543322798e-01	   2.0621016691389676e-01	   6.6966836712385924e-01	   2.2941261352243980e-01	   3.3172827401934463e-01	  -8.6849399066967897e-02	  -1.8492794692821576e-01	   4.6631233112004022e-01	   6.5232826331396998e-01	   4.9808066173303345e-01	   1.3637738788985068e-01	   3.1928158644100579e-01	  -1.3998223938199403e-01	   2.3331988246358748e-01	  -1.9204498094980077e-01	   3.1643829307983523e-01	   2.3399022501375821e-01	   4.2236386378701729e-01	   1.7842874112546445e-01	   7.3834133587327933e-01	   3.1921490264686304e-02	   6.7634057664670744e-01	   2.1278293447280727e-01	   1.5250626232108069e-01	  -1.7821989571725663e-02	   5.0208832147253735e-01	   2.8631454882945784e-01	  -4.9410511708804835e-03	   1.0224558124778677e-01	   1.3498350446610588e-01	   5.2589077461562872e-01	   3.3879416422297959e-01	   4.4383927566138520e-01	   1.7057667350802552e-01	  -1.9238109102873521e-01	
   2.9407687599483967e-01	   8.3792795486886493e-02	   5.3431619778514483e-01	   5.9773599790386944e-01	   2.0747540949705559e-01	   5.2943083490904330e-01	   8.7706435670467120e-01	   7.3925683271705545e-01	   3.7499045023354610e-01	   4.3506241448444594e-01	   9.4920357688037849e-01	   4.9251683072477082e-01	   0.0000000000000000e+00	   5.4660034840222749e-01	   7.1905434972192761e-01	   2.9033815320485357e-01	   1.9220677688580079e-01	   1.2323823117580279e-01	  -1.6730881170565284e-01	   1.1718086094811207e-01	   3.7625758727601860e-01	   3.3292634408737537e-01	  -4.9027060580375042e-03	   1.8038622682758043e-01	   3.2052165764839130e-01	   3.8112864288371223e-01	   1.8910951250818633e-01	   3.2220241310309544e-01	   5.3747599020851988e-01	   2.2556880118479639e-01	   3.8115352755936055e-01	   2.5892097878185638e-01	   5.0145685395790285e-01	   4.8603326355991328e-01	   4.1899329034915589e-01	   5.0134013043291248e-01	   5.3297275619151119e-01	   2.0582097688894296e-01	   5.3876361027752973e-01	   4.4499853295506853e-01	   3.2216789855468753e-01	   8.2429081860695386e-01	   4.4889047403423937e-01	   4.5874773195363427e-01	   4.3163843488423048e-01	   4.2716668125298718e-01	   3.9799814532643363e-01	   3.5366112501020891e-01	   2.8876922044607728e-01	   2.3112409961351912e-01	   4.3216198194260924e-01	   3.1327057438729289e-01	   2.6726486673067340e-01	   1.1930320639555031e-01	   4.8243845739488522e-01	   2.5667069908386653e-01	   1.9491592268265395e-01	   3.9966500424807816e-02	   4.9602015141263595e-01	   2.1919431600906625e-01	   9.9450791864353394e-01	   3.3614087164726941e-01	   4.1272160216399911e-01	   2.9694737237694169e-01	   6.6764746366523198e-01	   7.1147789424724228e-01	   5.4428655935355441e-01	   5.5694563976197498e-01	  -1.6894730563211652e-01	   1.4636103148968069e-01	   5.4084450716076271e-01	   2.7918323747569362e-01	   4.3463432010802860e-01	   2.8919719147685491e-01	   4.2113819549676690e-01	   3.1759001080521376e-01	   4.9803897506487821e-01	   3.9684874254750269e-01	   2.4125650480437572e-01	   2.9770965130504845e-01	   3.5759838783865344e-01	   3.9552220091614992e-01	   4.1306750269036274e-01	   2.5936478459849777e-01	   5.3364805642949542e-01	   5.9454244132608447e-01	   9.1828369003953567e-02	  -6.0601566980139916e-02	   7.0565830348694536e-01	   5.9534639647127496e-01	   3.8907938422781913e-01	   4.0137720908367153e-01	   3.6283188395834248e-01	   3.7190747369472488e-01	   2.3135005976885764e-01	  -6.5877978692873831e-02	   3.5565083703360989e-01	   1.8141065543036200e-01	   3.4171806522211823e-01	   1.8540019964199086e-01	   3.9516777428295252e-01	   3.0331800371370093e-01	   1.7483922315945652e-01	   2.5777126400386607e-01	   8.3689468382968247e-03	  -8.1799550752713168e-02	   1.5200192774148077e-01	   2.5359123995291444e-01	  -4.5419778285308195e-02	   4.8688798564777924e-02	   2.8235928421328027e-01	   4.3898243313799679e-01	   3.8360031904549385e-01	   3.3725159525541454e-01	   3.0955101528752976e-01	  -1.4854847149143596e-01	
