   0.0000000000000000e+00	   1.0363690250124149e+00	   5.5385730609523387e-01	   4.8504879725528349e-01	   3.3833001199803109e-01	   4.6187916146803254e-01	   5.7143890529938957e-01	   5.1833693757375521e-01	   5.4257930310002012e-01	   3.3466971224029618e-01	   1.2031770704229838e+00	   8.3558928573986957e-01	   8.4815782971870424e-01	   7.1831164901415956e-01	   5.1503869447418038e-01	   4.8728906916603831e-01	   8.3984628965080432e-01	   6.1899919525266278e-01	   7.6829687206300767e-01	   7.4386507904958898e-01	   4.1578518430338146e-01	   3.7434438102126844e-01	   3.9461974764483287e-01	   1.4271828968353403e-01	   1.7712634086512943e-01	   1.5535349183879482e-01	   2.2522509395974605e-01	   2.5920097033712619e-01	   6.3440314484211247e-01	   4.9076690074016766e-01	   1.9165928594033860e-01	   1.3615497257956216e-01	   5.9505287256096884e-01	   5.3510437360755658e-01	  -8.7863926644119822e-02	  -6.8410846396516026e-02	   5.5857653072619662e-01	   3.9041862347944439e-01	   6.2400975626965072e-01	   6.0033815688314895e-01	   4.1484462070739658e-01	   3.0980813990413614e-01	   2.2747753407705257e-01	   3.2820284974376945e-01	   3.3086294706376329e-01	   3.5395924035064835e-01	   4.4881194813934822e-01	   3.5522002900653860e-01	   5.3884342243452255e-01	   4.2496387275222824e-01	   5.6535814988933475e-01	   5.2660597893568672e-01	   5.3729079281480951e-01	   4.1138456655504524e-01	   7.3498158525964052e-01	   6.1284769122468041e-01	   8.4680230437937631e-01	   1.0869304639519621e+00	   5.7754290612549797e-01	   5.4962696742382899e-01	   6.6047280252988294e-01	   5.0483229981029509e-01	   8.3484500950865614e-01	   8.2762443832010113e-01	   1.3642411159963247e-01	   2.8746380000894745e-01	   3.3413139603803427e-01	   4.2860294069366700e-01	   6.1432741769905785e-01	   6.0693424851082300e-01	   4.8156066536535114e-01	   4.2515068127834726e-01	   7.7856750099575023e-01	   6.4389919802601792e-01	   6.6098674737348917e-01	   6.8835992183860129e-01	   8.1614947287359274e-01	   6.6420787504673973e-01	   6.8524267884847478e-01	   5.0101614111463044e-01	   7.4922717370140490e-01	   7.2703551192964988e-01	   6.5300261685704797e-01	   6.0191040790823958e-01	   5.1446036148731156e-01	   6.2819380336405151e-01	   3.6110817719804905e-01	   3.5673759303777425e-01	   4.0822965670635486e-01	   5.0897797438355386e-01	   3.3113011327239300e-01	  -2.2818283097076446e-02	   2.6726730634556645e-01	   6.8705869802257818e-02	   2.5076422377441632e-01	   8.6535274179864799e-02	   5.1873011812161973e-01	   6.8437831731065435e-01	   5.6432796191609791e-01	   4.9847472236813173e-01	   3.6493562395743756e-01	   2.1667898417668860e-01	   2.9418611368875042e-01	   3.9607396403931849e-01	  -9.8336059556906996e-02	  -2.3303219892375751e-01	   1.6700196355729885e-01	  -4.7434269755227971e-04	  -7.1615698340218067e-02	   2.7881909098495061e-01	   2.1940888270923145e-01	   5.3353403403992694e-01	   4.8257224735922788e-01	   4.7000138915770068e-01	   2.5399106805278671e-01	  -1.6158788094132501e-01	
   1.0363690250124149e+00	   0.0000000000000000e+00	   3.2589307555283797e-01	   3.2493501293594268e-01	   3.2788977273921227e-01	   4.9515667046561762e-01	   3.7010131710104843e-01	   4.2068091722217338e-01	   6.2104984768628202e-01	   4.4455942475741161e-01	   1.0176893004924525e+00	   9.1765774957445867e-01	   8.9329027496531133e-01	   8.4411779073018112e-01	   6.4891719065341436e-01	   5.4253146873006020e-01	   9.0956900276131059e-01	   7.8801259554142988e-01	   6.7544449320900235e-01	   6.9782874289176600e-01	   2.5697811814727378e-01	   2.0810670737701373e-01	   3.2379629356273670e-01	   1.2563938959692181e-01	   1.0829591503167529e-01	   2.3106903429604895e-02	   3.2942454063336335e-01	   2.4678872506634855e-01	   7.0517839166900509e-01	   5.5291944281413730e-01	   1.3553939743617424e-01	   5.9553479310404292e-02	   5.7915963651528879e-01	   5.1702214498330068e-01	  -1.5079444360342459e-01	  -1.5544202493357412e-01	   7.1617766301613672e-01	   5.1296831178818636e-01	   6.9230352360070591e-01	   6.9326704813670459e-01	   6.0348063154478049e-01	   4.3352134893240329e-01	   4.5800754437935665e-01	   5.8744998735288578e-01	   4.1400768697305435e-01	   5.1350547483677489e-01	   6.5328535563842960e-01	   6.2515232078752492e-01	   5.6339008989098038e-01	   5.8344055113935644e-01	   5.3809328529042744e-01	   6.0675821317167866e-01	   6.6723991490885581e-01	   5.3283675560903243e-01	   8.8207663687251903e-01	   8.8421445358986683e-01	   9.5974498105556094e-01	   1.3242847688844988e+00	   3.8571062884955515e-01	   4.5330304879711841e-01	   4.0505271627954581e-01	   4.6214320375918772e-01	   7.1673328797073799e-01	   8.3472969612895942e-01	   9.5250541907590705e-02	   2.3779774398512171e-01	   1.6703731252430895e-01	   3.1763689682038732e-01	   4.8976157778148777e-01	   3.6681636790559358e-01	   5.5437825235107718e-01	   5.1076850698599474e-01	   8.4122913867058291e-01	   8.9437003923622516e-01	   7.7228888172011334e-01	   7.2750661496114910e-01	   9.0758619808069885e-01	   9.0061989794678310e-01	   7.1226535368989197e-01	   5.4703510948443390e-01	   8.3558919885685645e-01	   7.5307909644057569e-01	   7.4220816432115300e-01	   6.4159829713110006e-01	   6.3942146170259462e-01	   7.2668922090248000e-01	   4.6770453987356186e-01	   3.5243389062546082e-01	   4.8328207320279837e-01	   5.9971914966130169e-01	   3.9018446571048870e-01	   3.1352442497367981e-02	   3.0123867571925050e-01	   9.0083675403843072e-02	   3.1964020323616249e-01	   1.6267760685585639e-01	   6.5794306725626650e-01	   7.9683573707896538e-01	   7.4555475104278957e-01	   6.0492814920175908e-01	   1.7043623197951621e-01	   1.3569606918483634e-01	   2.0098141747977355e-01	   2.7432169901228753e-01	  -4.5476044049692459e-02	  -2.0946744502027970e-01	   1.3337268740637825e-01	  -8.7814465162840180e-02	   1.0688936575987233e-02	   4.1036454510082765e-01	   3.7561133770873778e-01	   7.7500349586000450e-01	   5.2321819145853765e-01	   5.4072733648246829e-01	   2.8653502658041652e-01	  -8.8286436972081342e-02	
   5.5385730609523387e-01	   3.2589307555283797e-01	   0.0000000000000000e+00	   8.5862287167317974e-01	   6.0612039695832454e-01	   5.8075838373365107e-01	   8.6334083325788236e-01	   5.2347279788332191e-01	   7.1930393125182923e-01	   6.2555814743890936e-01	   4.9921974247058398e-01	   5.4368915481197744e-01	   5.1394229882734854e-01	   5.1654851277103875e-01	   6.0318106452355702e-01	   7.7976965930952125e-01	   1.6460817324030025e-01	   1.6918326804218253e-01	   7.9171392057798862e-01	   5.6709649019541175e-01	   6.0629614908881457e-01	   5.1054368581579179e-01	   9.6281772036757995e-01	   6.5044998721238390e-01	   7.3384459545979830e-01	   6.1173629734114521e-01	   3.6896590853394079e-01	   2.9107315554560148e-01	   3.4919379002604206e-01	   4.0076429443506228e-01	   7.4404334172817166e-01	   7.0844570081134628e-01	   7.6136514386983967e-01	   5.7198504530293071e-01	   5.3460325964021915e-01	   4.5924096068771264e-01	   5.2424011646493351e-01	   4.1626014826839908e-01	   5.6524979833694822e-01	   5.0919422661831737e-01	   2.6608162381491030e-01	   1.2641281310434116e-01	   3.2901282527726183e-01	   4.0784733804301326e-01	   4.2746423297641328e-01	   4.1129914971586556e-01	   4.7034965255666417e-01	   4.4703360197174175e-01	   6.7472038002006163e-01	   5.4087504911945961e-01	   8.7556525334749524e-01	   6.9339272745961156e-01	   6.5691245017363331e-01	   6.2532694964684798e-01	   4.4104222839877494e-01	   4.9959534315290760e-01	   2.3551495854887572e-01	   3.0207004382904024e-01	   6.9783309376734703e-01	   4.2202277259668736e-01	   6.7414321501350605e-01	   4.8393211079635901e-01	   3.3966610793611407e-01	   4.2655267480401315e-01	   7.2281851334617475e-01	   7.6396574906898773e-01	   4.9756904386434569e-01	   3.6447772566617664e-01	   2.8757372290846078e-01	   3.8969971345343779e-01	   4.4562503814933374e-01	   2.6093200751931300e-01	   3.5314901492993145e-01	   2.4699644049858693e-01	   2.2732335532661790e-01	   3.4645571427744704e-01	   5.2803266838130303e-01	   3.9307655790656326e-01	   3.4532109710514836e-01	   3.6306776557344311e-01	   3.3482816674231125e-01	   4.2499809484840456e-01	   7.5249584206809383e-01	   6.6093454223574011e-01	   7.8219616314836837e-01	   6.2243654505023172e-01	   4.4365054489275624e-01	   4.0988139597062423e-01	   6.7732706740164283e-01	   6.0954511656533006e-01	   4.1805442817937649e-01	   2.5670492013041678e-02	   2.0373598338706028e-01	  -8.9938371607272249e-02	   1.1249858040459636e-01	   9.6123985767305659e-02	   4.3658168155022670e-01	   5.5249988175149556e-01	   4.7833632871418974e-01	   5.2430874879023270e-01	   1.7773789587332722e-01	   2.6619199229273061e-01	   1.7682647431588941e-01	   3.0864866031978122e-01	  -3.7832716356619206e-01	  -3.5868641321056721e-01	  -5.3414097798263685e-02	  -3.0342503117449293e-02	  -1.6119168669138931e-01	  -4.4819384641180939e-02	   2.1643814703983394e-01	   5.3222941174022331e-01	   4.2141063560491065e-01	   1.1849900586639077e-01	   1.0273064507889115e-01	  -2.7678320822792679e-01	
   4.8504879725528349e-01	   3.2493501293594268e-01	   8.5862287167317974e-01	   0.0000000000000000e+00	   3.8640145760941752e-01	   6.6181105925107797e-01	   6.5885187656516353e-01	   9.1882878059210915e-01	   5.6411152644696605e-01	   6.6412958275192113e-01	   4.6448527543327123e-01	   5.1529473939541448e-01	   3.7519216716901321e-01	   5.0357472288631333e-01	   3.9153367841483100e-01	   5.0685075816316072e-01	   3.8411703875374953e-01	   2.5819368824391242e-01	   6.2414558347605231e-01	   7.8309621774549909e-01	   3.2938457567225388e-01	   3.8623977676496113e-01	   6.5714670951767962e-01	   8.2550946184458474e-01	   5.4974443190902045e-01	   7.7324119033309180e-01	   2.8685688897615691e-01	   3.5031647640200836e-01	   2.5351504517385726e-01	   3.5698453518130108e-01	   4.7613472585188343e-01	   6.5740751121986662e-01	   7.0241891821792701e-01	   7.3527365068082462e-01	   4.2402730107534670e-01	   5.9138805167424413e-01	   4.0538003498135156e-01	   3.7857030626363697e-01	   4.8508495135116608e-01	   3.9361164210678057e-01	   1.7755783418929150e-01	   2.5681289682362274e-01	   3.5914351677654416e-01	   3.8759551037505724e-01	   4.6382445128016925e-01	   4.0824812104004865e-01	   4.1191754848532441e-01	   3.4786132372727568e-01	   5.7508164710333565e-01	   4.5053621441019126e-01	   7.3707740194256532e-01	   8.1692727237878537e-01	   4.3121671032343478e-01	   3.2130078180546007e-01	   3.8958969337279414e-01	   3.7492950277513754e-01	   3.1287500413356578e-01	   4.0751239985300175e-01	   6.8297267120405714e-01	   5.8397269233426519e-01	   5.6294871782737932e-01	   4.7696900171647688e-01	   4.9690911687769052e-01	   5.3141517446663977e-01	   4.3219499371875886e-01	   6.2661461913689176e-01	   6.5581139822103829e-01	   6.8796245935787448e-01	   3.0792167228123052e-01	   5.3669506465994310e-01	   3.8006390194139378e-01	   3.5230698882636324e-01	   4.0103602659310661e-01	   4.0331546764119791e-01	   3.4729431219315260e-01	   3.8660748823998781e-01	   4.8423356141883150e-01	   3.8813926335996352e-01	   4.6335827654329864e-01	   4.4152868575322529e-01	   4.7443604070988810e-01	   5.2837300092701867e-01	   5.9922430514454061e-01	   6.0238951036634658e-01	   5.6157539124659583e-01	   7.9365770216399067e-01	   3.0068876177280635e-01	   3.1667308144198242e-01	   5.8843378853919837e-01	   6.5081344688310261e-01	   5.5533314923249388e-01	   9.3042875650643023e-02	   3.8976932731093505e-01	   1.2685263610274300e-01	   1.4434567598581949e-01	  -8.8049067736916450e-03	   4.6001054452225015e-01	   6.2075948663940139e-01	   4.8404958946491627e-01	   4.3060451459980970e-01	   3.5642665656368400e-01	   3.7171464969199641e-01	   3.2551171808715001e-01	   5.8317466415353780e-01	  -1.1224441412223535e-01	  -7.2806571266544079e-02	   7.3108760017901092e-02	   1.5643862373580406e-01	   7.2153329585855118e-03	  -2.5999712574864453e-01	   2.8820103450416862e-01	   3.6742220639307838e-01	   3.7386626761021186e-01	   1.4783872774558174e-01	   1.0647127370071191e-01	  -1.6889875705085167e-01	
   3.3833001199803109e-01	   3.2788977273921227e-01	   6.0612039695832454e-01	   3.8640145760941752e-01	   0.0000000000000000e+00	   7.3059490403926308e-01	   8.7145519774117974e-01	   5.4312198730599381e-01	   7.0508987156908731e-01	   4.6749251323742014e-01	   2.5602907331210867e-01	   3.1608074534506991e-01	   3.2260752251691732e-01	   1.9997132479777779e-01	   3.7420215597127149e-01	   2.6859591996098520e-01	   1.7226539360758516e-02	   3.1453830496826568e-02	   4.6804686018521358e-01	   5.0873062370750310e-01	   5.7711480008081706e-01	   4.5018551511365229e-01	   1.4874777673118761e-01	   5.8434634227900850e-02	   3.2650111477612553e-01	   6.0079696054731492e-02	   5.9441103105109505e-01	   3.8530282827660123e-01	   2.4863357202167069e-01	   1.7120861583289521e-01	   1.7890953866956419e-01	   1.1574766991377183e-01	   5.9468714502894959e-01	   5.0254692197965301e-01	   3.3571328213141349e-01	   1.5181612617468868e-01	   2.2421411337138400e-01	   2.3737456807800572e-01	   5.3648134524559610e-01	   4.0533893493359030e-01	   3.1334555463625874e-01	   5.6725818220019888e-02	   3.7386310412704588e-01	   4.4033027256014445e-01	   5.1762374610395434e-01	   5.3897323367867900e-01	   3.7546066601391453e-01	   4.0398889973922336e-01	   7.5575682041342596e-01	   6.1301863080662167e-01	   6.9075733227550584e-01	   6.7520827599829603e-01	   5.2149370453890254e-01	   5.4205901314831872e-01	   3.9742810246391902e-01	   4.0368111999246475e-01	   2.3161131376331301e-01	   3.4795258778637678e-01	   8.3603846159021700e-01	   4.7987507079208935e-01	   6.4205812313660393e-01	   5.6163650070420879e-01	  -5.8817325673600686e-02	   2.7891862118166250e-01	   2.5016415445920348e-01	   6.1572942682560872e-01	   6.1525074959287607e-01	   5.4165045493914810e-01	   2.6239391425231512e-01	   4.0031518251497800e-01	   1.3386653617579655e-01	  -7.4864360835104601e-02	   2.5566861179685341e-01	   2.0338247998918915e-01	   8.8285812656974522e-02	   4.5741688245314563e-02	   2.5104073060800153e-01	   1.8616389024782509e-01	   9.0860434497007925e-02	  -1.6908878920124850e-02	   6.1224811428964167e-02	   1.3737152829355587e-01	   3.8651897090953724e-01	   2.9289359237823809e-01	   2.8926115715523826e-01	   3.5194492370884084e-01	   2.1045166788525124e-01	   4.6546735448573635e-02	   5.5637531360266457e-01	   5.6509459353715386e-01	   6.0151849641094013e-01	   1.5145915228839896e-01	   3.2062347834697286e-01	  -5.9011675258017378e-02	   2.0188510931672482e-01	   2.0416100276522925e-01	   4.3387011279033993e-01	   3.1732726167981140e-01	   4.6267595815164869e-01	   4.0928546355087403e-01	  -1.7643723220286864e-01	  -1.5842281556831938e-02	  -3.6039509457483070e-02	  -5.6881032912641558e-02	  -4.4322330822983279e-02	  -2.0156828960358519e-01	  -2.3911020582232129e-01	  -2.2188786654287757e-01	   2.5334368603109038e-02	   6.8110766927776431e-04	   2.3210488498188203e-01	   5.6096432979067989e-01	   5.1939146016143223e-01	   1.2533832317234017e-01	   6.7653532210581024e-03	  -7.6804997961083435e-02	
   4.6187916146803254e-01	   4.9515667046561762e-01	   5.8075838373365107e-01	   6.6181105925107797e-01	   7.3059490403926308e-01	   0.0000000000000000e+00	   5.4547290189815423e-01	   6.4361207607984550e-01	   9.0532606761637113e-01	   9.7226526676493807e-01	   5.1041128664771995e-01	   5.8232833492309455e-01	   5.1718679082275820e-01	   5.7154389122908655e-01	   6.6459214766992092e-01	   5.1280352942641250e-01	   2.4970230825773279e-01	   2.1300057333490013e-01	   5.6644218525560752e-01	   4.7242136621894770e-01	   4.2855094394261073e-01	   4.6354808702288536e-01	   4.3315037284338564e-01	   4.4742895301925251e-01	   3.0624280667601750e-01	   3.6871045542477326e-01	   7.3414263422998938e-01	   6.4057941410241270e-01	   3.7132983124034918e-01	   3.6860141236881172e-01	   2.1561357397096800e-01	   2.7456923330282818e-01	   5.1666893729367402e-01	   4.7740993687699440e-01	   2.2160305546713555e-01	   2.1474108486182270e-01	   4.5492314285096613e-01	   4.7945604781742468e-01	   6.0607597509459010e-01	   6.4209851818583263e-01	   3.6341168009317087e-01	   3.3581023576577002e-01	   6.0044825730499229e-01	   7.0302790070287080e-01	   5.7399518082933421e-01	   6.6411775199007372e-01	   7.5745992178507948e-01	   7.4391824751688573e-01	   9.2637632106542056e-01	   9.3086050018177402e-01	   9.2286081365436046e-01	   1.1031364898210336e+00	   7.8313031293164226e-01	   8.5864790249153200e-01	   6.6261258784397725e-01	   8.1122689268363390e-01	   3.2756524658596403e-01	   5.3137297818775697e-01	   7.1004608428017990e-01	   5.0468656067125783e-01	   4.3702917158394117e-01	   4.9939935889445780e-01	   2.0246685225574751e-01	   4.3143214269568125e-01	   2.7602943599302171e-01	   6.2467903909000633e-01	   3.6951356445908051e-01	   3.8762264029191162e-01	   2.0761499024454144e-01	   2.1904562854156112e-01	   4.2228372992089197e-01	   2.7137016898932753e-01	   3.1888549891887019e-01	   4.2056150861086178e-01	   2.8479773718229240e-01	   2.9269448785437235e-01	   4.6199615441018982e-01	   4.1736391791842453e-01	   3.2439717880480717e-01	   1.9332256336108281e-01	   3.2387884396857847e-01	   3.2935265921830809e-01	   7.0845459037451386e-01	   5.6322631299867709e-01	   5.0456417937579756e-01	   6.4921089780028252e-01	   6.3345349729051326e-01	   4.3574166649571466e-01	   5.1963474971206869e-01	   8.1968437566296382e-01	   4.7457783029810363e-01	  -3.8091728616525093e-02	   2.2647483429136100e-01	  -8.5934066756693975e-02	   2.3676635387376432e-01	   2.8695132414498914e-01	   5.1416041332432327e-01	   6.8100349560018658e-01	   7.0605006511779511e-01	   5.7538573857413422e-01	  -8.9733651393634151e-02	   1.5703330825177483e-01	  -8.4610929053932998e-02	   3.0649899720525708e-01	  -4.1076050989265929e-02	  -1.8208359821110384e-01	  -2.6728163722634402e-01	  -2.4498704673428906e-01	   2.3187077923320445e-02	  -9.8727600867399096e-02	   3.3023703010845623e-01	   5.2917006696331470e-01	   4.5172295574270754e-01	   1.5651106010117999e-01	   8.1740010418270351e-02	  -1.0993963218790273e-01	
   5.7143890529938957e-01	   3.7010131710104843e-01	   8.6334083325788236e-01	   6.5885187656516353e-01	   8.7145519774117974e-01	   5.4547290189815423e-01	   0.0000000000000000e+00	   1.0692656587552014e+00	   8.1948081075278101e-01	   6.0905694902092067e-01	   5.9765402450517469e-01	   5.7998715192673012e-01	   5.7915827818804566e-01	   3.8885451610542171e-01	   2.6109068604577879e-01	   3.6710054268310910e-01	   2.2931419743858444e-01	   2.2261585218373367e-01	   6.2271752450702056e-01	   7.4771843430042195e-01	   4.8068217728246276e-01	   2.3137403349357347e-01	   2.2102099670768732e-01	   8.1216022529507187e-02	   2.4980508231037113e-01	   9.6728453966380135e-02	   1.5091505746376063e-01	   5.2153295266066192e-02	   3.4428495346457039e-01	   3.2416728476914392e-01	   3.4897271456863049e-01	   2.9636438144692401e-01	   8.3955479243172693e-01	   8.0224808836547201e-01	   4.3157733200907089e-01	   2.7507811693974454e-01	   3.1249007909017107e-01	   3.3935509125607699e-01	   5.1731674667387084e-01	   3.8952332549307067e-01	   3.1689540763956814e-01	   1.5227370233443341e-01	   3.6765421480362975e-01	   4.0786198887715208e-01	   6.1412900467027454e-01	   5.1728175869577098e-01	   4.1394129551336584e-01	   4.1456593916291934e-01	   7.8800759446233948e-01	   5.8695147488466859e-01	   8.8464454478872323e-01	   6.6880760839965425e-01	   5.4689136232757740e-01	   4.5863532409088370e-01	   4.4187339902626199e-01	   3.5318655508368196e-01	   2.2181879095484203e-01	   4.4629568600096509e-01	   8.7996334070754501e-01	   6.2361129627909495e-01	   1.1871018286269894e+00	   9.3417258921736834e-01	   3.4916250185571057e-01	   6.3571245827307343e-01	   4.6918058747519042e-01	   6.1041886817790403e-01	   8.5791348938948642e-01	   7.5298137067711957e-01	   3.9200380429707055e-01	   6.2527067270732939e-01	   1.0308425211759355e-01	   9.4915677787650796e-02	   4.4531292053951177e-01	   3.7702103598910403e-01	   3.2262140593030070e-01	   3.1476356264736421e-01	   4.2642380669939178e-01	   2.9802310982544500e-01	   3.8538597493752491e-01	   3.0445551620495043e-01	   3.0797598470932358e-01	   4.0452304538285527e-01	   4.2314392757366270e-01	   3.4732822529074980e-01	   4.9980104442360890e-01	   4.3844535144566482e-01	   6.7985735385643509e-02	  -4.5082711682595238e-03	   8.9145553536433586e-01	   5.8915042015149088e-01	   7.5495402593296990e-01	   2.7820353148477772e-01	   4.5999786788390323e-01	   2.0468915475710248e-01	   2.6544941019220258e-01	   2.3781971871399415e-01	   4.3257884950690417e-01	   4.2325085076580454e-01	   6.0678964413914682e-01	   5.5874139978691406e-01	   3.6007881907599282e-01	   3.5652500529119618e-01	   3.3356161311303129e-01	   3.2527835770511671e-01	  -1.2447102381173986e-01	  -1.9629729597741211e-01	   1.1263954686501487e-01	   1.2224097465286629e-01	  -1.7686289830973106e-01	  -3.6953590742103852e-02	   2.6806749923388518e-01	   7.0221629563171095e-01	   6.6312258185539574e-01	   2.3490708928287168e-01	  -4.0262112513287920e-03	  -1.4247745806339551e-01	
   5.1833693757375521e-01	   4.2068091722217338e-01	   5.2347279788332191e-01	   9.1882878059210915e-01	   5.4312198730599381e-01	   6.4361207607984550e-01	   1.0692656587552014e+00	   0.0000000000000000e+00	   7.9689327139496369e-01	   7.9097318765040558e-01	   5.8532366284268111e-01	   7.7091758880928252e-01	   4.9972499609542637e-01	   5.8187210656551480e-01	   2.7916978243142510e-01	   3.8741589527577297e-01	   3.6655873366821040e-01	   3.3201755516476000e-01	   5.1328676076283064e-01	   8.2889235857660726e-01	   1.8435400449598358e-01	   8.2214149405565984e-02	   1.6950839640279436e-01	   1.8989649601093139e-01	   3.9189210943823376e-02	   8.9946103347417594e-02	   3.8221768942834085e-02	   2.7579435417139048e-02	   3.5422985115186090e-01	   4.4261659917788959e-01	   1.9677603400945995e-01	   2.9443988108891511e-01	   5.7706303438954698e-01	   7.2104975088898460e-01	   1.2958863146307209e-01	   1.0811719824640692e-01	   1.7253659667588744e-01	   2.5347951360083260e-01	   3.1284510641956975e-01	   2.3518850796545421e-01	   1.8804043717677943e-01	   2.2471409517892793e-01	   2.6533069793286312e-01	   3.0236797213112260e-01	   3.8438962692020484e-01	   3.2585733057937494e-01	   3.4832643965303173e-01	   3.1565170451662550e-01	   6.0929806117962881e-01	   4.7274198746044183e-01	   7.4623024059696563e-01	   6.9405408163513793e-01	   4.7776541540581430e-01	   3.0239667615073729e-01	   4.3969387416222483e-01	   3.0232730910062744e-01	   2.7227274311814825e-01	   5.3420919880924256e-01	   7.7416707556772690e-01	   6.6417876338119020e-01	   8.1427047920253437e-01	   8.5188788692830575e-01	   4.0520569923915828e-01	   7.7515415365661156e-01	   2.1511089396380692e-01	   4.3125491147483319e-01	   5.6199052193858323e-01	   6.2489448577601947e-01	   4.9906194708807539e-01	   7.8092375980136142e-01	   1.6009375537908357e-01	   2.4481035194267578e-01	   5.5937276746717290e-01	   5.6533604229414380e-01	   4.8496377183641193e-01	   5.1236801027308487e-01	   3.7671544105975863e-01	   3.1171618110427768e-01	   4.3458351355033009e-01	   3.3076251482268437e-01	   3.4030401337516009e-01	   4.0519897738628036e-01	   3.9624389487404105e-01	   3.7738285183869202e-01	   3.2338504029547649e-01	   4.2709298880732277e-01	  -3.2808891403537536e-02	  -1.0340566515529559e-01	   7.2108421221128105e-01	   5.2142249560200593e-01	   7.4486449204695626e-01	   2.3796251966224244e-01	   5.3069332848752959e-01	   2.6479576167417029e-01	   1.8812120294469425e-01	   1.8762257849361996e-01	   3.5140775362813848e-01	   4.5215819752906861e-01	   6.5161693738654769e-01	   4.7349719893872189e-01	   4.7978945531351413e-01	   3.1518119551387802e-01	   3.6521807648515725e-01	   4.4358570978186540e-01	  -5.0853296234260582e-02	  -5.0132214884754264e-02	   1.9179855034962451e-01	   2.9935526245899735e-01	   3.4165758522274346e-02	  -1.2213736541556935e-01	   2.1198106943833053e-01	   5.4750410954723305e-01	   6.2380422139982861e-01	   3.8227152063599817e-01	   1.1930791215353997e-01	  -6.9032135393732777e-02	
   5.4257930310002012e-01	   6.2104984768628202e-01	   7.1930393125182923e-01	   5.6411152644696605e-01	   7.0508987156908731e-01	   9.0532606761637113e-01	   8.1948081075278101e-01	   7.9689327139496369e-01	   0.0000000000000000e+00	   1.0476191292797121e+00	   7.5796600959248916e-01	   8.7389050528054635e-01	   9.2756496194671101e-01	   8.0895426522011227e-01	   8.1782679373693068e-01	   6.8932087649722895e-01	   2.6097232971597883e-01	   2.8428590529156672e-01	   6.3215415968180932e-01	   5.8650518664652651e-01	   2.6329908611396502e-01	   1.5730698211834163e-01	   4.4456486991533001e-01	   3.2305872619160869e-01	   2.4979093521679191e-01	   1.4022836992493665e-01	   4.1709901807350658e-01	   2.9082598697540629e-01	   2.4927484798917865e-01	   2.7556245234253224e-01	   1.1345059020791987e-01	   1.2849685339028524e-01	   4.6645474159146250e-01	   3.7584098390416693e-01	   6.3315973912659085e-02	  -1.4974443780411581e-02	   4.8303320883925643e-01	   4.5746846418833814e-01	   5.7188053090028756e-01	   6.2118525741827346e-01	   4.4609432994955389e-01	   2.3103219197157285e-01	   4.3158528280139391e-01	   5.6743571550381944e-01	   3.6992422497582039e-01	   3.9978646957220471e-01	   6.5805921260510802e-01	   6.2673069363689216e-01	   7.8041461026557524e-01	   6.4015467794612857e-01	   8.6182831914545088e-01	   7.4599312959274555e-01	   7.7833874051490970e-01	   7.5352992331922575e-01	   6.4777045782903364e-01	   6.8776447727722345e-01	   1.9903944025287013e-01	   5.7819724010715334e-01	   7.7672886303237221e-01	   5.6457067154323037e-01	   6.3029235615615919e-01	   6.6559844489414954e-01	   2.9854905650781793e-01	   6.1815744327205957e-01	   3.0261591988916975e-01	   4.6875522473473208e-01	   2.4790040492463841e-01	   2.7197402670540927e-01	   4.5484155265415571e-01	   4.8954973433482574e-01	   2.7113775290926090e-01	   2.2361936449591574e-01	   3.6658159313945909e-01	   3.4908315818763530e-01	   3.7888349321053505e-01	   4.1661717527375675e-01	   4.6782543457841708e-01	   3.8810977254206425e-01	   3.4696616990385837e-01	   2.0159082276593018e-01	   3.5634147705025276e-01	   3.4448488619412909e-01	   7.1278944183947013e-01	   4.6437186679613435e-01	   6.8040276994129900e-01	   5.6994062021230918e-01	   4.1842967372457951e-01	   3.1198968957908735e-01	   9.9082199298300555e-01	   9.1319850726585861e-01	   5.3739239797902871e-01	   3.3162117803314079e-03	   4.1879059594588564e-01	  -1.9847997913226195e-02	   1.8159609433964990e-01	   3.3056569387032131e-01	   4.2249127627167582e-01	   5.5287151969892734e-01	   6.1677991709022473e-01	   5.3259649384700847e-01	  -2.9992748771954205e-02	   2.2868174954516224e-01	   3.9534275916767607e-02	   3.5218085628368428e-01	  -1.9324105968768815e-01	  -3.7039604656287634e-01	  -1.7582938173738524e-01	  -1.8122950919251662e-01	   4.5996383566700917e-02	   5.2648802184012229e-03	   3.3043791195786243e-01	   6.8109718107661676e-01	   6.0975954552400058e-01	   3.0302198429783783e-01	   1.0291308703125807e-01	  -1.8844993681726915e-01	
   3.3466971224029618e-01	   4.4455942475741161e-01	   6.2555814743890936e-01	   6.6412958275192113e-01	   4.6749251323742014e-01	   9.7226526676493807e-01	   6.0905694902092067e-01	   7.9097318765040558e-01	   1.0476191292797121e+00	   0.0000000000000000e+00	   5.5634597339467595e-01	   8.2862961015825731e-01	   6.7132512999502847e-01	   8.3913192485875154e-01	   6.7599918954357041e-01	   7.5351242689613707e-01	   3.0728046935509684e-01	   3.5050419273960970e-01	   4.5641190965525369e-01	   4.4957112047238645e-01	   2.3569486882450763e-01	   1.9417489865088561e-01	   4.4005373009001825e-01	   4.8815549277078285e-01	   3.9098891459109281e-01	   4.0378263833407591e-01	   3.2517989146507487e-01	   3.0566884986701570e-01	   3.6700855759455553e-01	   4.9228959388869631e-01	   2.2829084769964453e-01	   3.5875323156818495e-01	   3.8641474906614287e-01	   3.8151292689916461e-01	   2.7446471289411106e-01	   2.3127695208855309e-01	   5.4362052612152478e-01	   6.3742147296427054e-01	   6.0304287340485552e-01	   6.4669615327738861e-01	   5.7050829718659701e-01	   4.0941224319695180e-01	   5.6872486001038103e-01	   6.9249738378679115e-01	   4.7099412357878268e-01	   4.8550035995250873e-01	   7.4152894980804296e-01	   7.1169938354707984e-01	   6.5914963856904318e-01	   6.5407428857089689e-01	   9.2429009830630549e-01	   8.6526577767004509e-01	   7.8595351046598427e-01	   8.2039045024627733e-01	   7.3058313750613368e-01	   7.7901840945821821e-01	   1.0345538146532984e-01	   3.9091837344029956e-01	   5.8400487156821612e-01	   4.8810282433317376e-01	   4.0541199409557221e-01	   4.5717803190700490e-01	   3.2933344677201509e-01	   4.8893871160893587e-01	   3.9092308413965354e-01	   4.4967775539986637e-01	   2.5258210282271698e-01	   2.6541569975148982e-01	   3.6723245804083637e-01	   3.9318930802198127e-01	   2.7094829134766485e-01	   3.2816766952748666e-01	   3.6325633621134656e-01	   3.8907713996594001e-01	   3.7728022238140546e-01	   4.4202066316428218e-01	   4.5811130923745697e-01	   3.1855349262447918e-01	   5.4406362977649758e-01	   4.0072215655552662e-01	   4.9070581478442049e-01	   5.0136296146263382e-01	   6.7924863094460475e-01	   5.3633697808853287e-01	   7.5927596778063700e-01	   6.3045230738130997e-01	   4.3054677406004244e-01	   3.0599059586226007e-01	   9.3651778721751677e-01	   9.1207358502913960e-01	   5.1191483269538152e-01	   2.0035987782400101e-02	   4.0715537899863663e-01	   4.6022183565492578e-02	   3.9103271357507191e-01	   3.5550574195510731e-01	   5.4216131241284993e-01	   6.3327158783248017e-01	   7.1610210207163472e-01	   6.1284421249372278e-01	   7.0424520707308230e-02	   2.1649085395144407e-01	   2.3155120449678421e-02	   4.0056844377652961e-01	  -1.7182090328800262e-01	  -1.8184291555404125e-01	  -8.9368117004853073e-02	  -4.9988074500000874e-02	   8.3014861319715451e-03	   9.2476646670206410e-03	   4.9759864190590508e-01	   5.0327029185484617e-01	   4.8227698709210298e-01	   1.8024686247380778e-01	   1.6400308739877739e-01	  -6.2226456720457513e-02	
   1.2031770704229838e+00	   1.0176893004924525e+00	   4.9921974247058398e-01	   4.6448527543327123e-01	   2.5602907331210867e-01	   5.1041128664771995e-01	   5.9765402450517469e-01	   5.8532366284268111e-01	   7.5796600959248916e-01	   5.5634597339467595e-01	   0.0000000000000000e+00	   1.0895636255121468e+00	   1.4921983007974591e+00	   1.1193883755854523e+00	   7.1621736074397313e-01	   6.9847352979358590e-01	   8.4990471255055866e-01	   7.3253812100979632e-01	   9.3088389339405064e-01	   8.3708774106818806e-01	   1.8869583946890894e-01	   1.2968578216768104e-01	   4.9731606274525464e-01	   2.2766244420872195e-01	   1.2797893720367365e-01	   1.1254181163499642e-01	   1.2715603437724021e-01	   1.4623619995436876e-01	   6.7928448002302566e-01	   5.8555621960098581e-01	   1.7063290454119029e-01	   1.4799366936219005e-01	   5.1383764371685559e-01	   4.6539337443772832e-01	  -8.4939507383661961e-02	  -1.4457455497972310e-01	   6.9914595131079715e-01	   4.7321267596902594e-01	   5.4211491796092826e-01	   5.8979251379634601e-01	   4.3535322382545871e-01	   3.5890997028883465e-01	   3.3317029510978818e-01	   4.3876651574197401e-01	   3.6356687969411572e-01	   3.7619553895073171e-01	   5.6486374239652837e-01	   4.8403892370753687e-01	   4.4246613498311888e-01	   4.2368646654934877e-01	   5.2015617491807542e-01	   5.2246576166761771e-01	   5.1558049467866951e-01	   4.8396842787478733e-01	   7.0285491513582798e-01	   6.6211187280369854e-01	   6.0703127146739755e-01	   8.6785792110737658e-01	   3.3303390130480343e-01	   3.3090613377245398e-01	   5.5266184851191102e-01	   5.1535572020434051e-01	   1.0007258033538429e+00	   9.9604867982141410e-01	   2.2762113462440084e-01	   2.3754645689958523e-01	   1.9251153159995010e-01	   2.8595536988849191e-01	   5.3893882362662038e-01	   4.6808114166004300e-01	   4.7159464810656682e-01	   5.2664372873258758e-01	   7.1978542777369492e-01	   7.8952213026136175e-01	   7.1572615790414373e-01	   7.8495852106126718e-01	   8.2209734153524106e-01	   7.1194547192960422e-01	   7.8870708531196132e-01	   5.7461320429727236e-01	   8.2486610540301131e-01	   7.7230796303635540e-01	   7.3261526991571346e-01	   6.0289419820060375e-01	   7.5697499261243451e-01	   7.4647491033895108e-01	   3.6236057942873456e-01	   4.1122082809686877e-01	   5.5665644690578220e-01	   6.1160775512727505e-01	   2.8858586927313412e-01	  -1.0984429886942707e-01	   2.9892284793361923e-01	   1.9499389495923582e-02	   1.6499195391819163e-01	   1.2710715221051225e-01	   3.9185206271458034e-01	   5.7125964102380655e-01	   5.2519985419564608e-01	   4.6474438623451703e-01	   2.5981801792328724e-01	   2.6430416509622212e-01	   1.8404043057600633e-01	   4.1649500421637109e-01	  -1.3486998628322783e-01	  -3.0730403262024214e-01	   4.1191493692291088e-02	  -1.0468178355533199e-01	  -1.1928797155652761e-01	   2.1088436248081691e-01	   2.2174237870169700e-01	   4.9251987719309609e-01	   4.1091030302827763e-01	   3.6090317069804145e-01	   2.5637970380800679e-01	  -6.8150162285923757e-02	
   8.3558928573986957e-01	   9.1765774957445867e-01	   5.4368915481197744e-01	   5.1529473939541448e-01	   3.1608074534506991e-01	   5.8232833492309455e-01	   5.7998715192673012e-01	   7.7091758880928252e-01	   8.7389050528054635e-01	   8.2862961015825731e-01	   1.0895636255121468e+00	   0.0000000000000000e+00	   9.7453384714244395e-01	   1.2898429033511274e+00	   6.1077065533854236e-01	   9.1223594024217824e-01	   6.6672886113323071e-01	   6.8289683900561482e-01	   6.5125102474149676e-01	   7.3946913914621792e-01	   1.3320728194079079e-01	   9.6848050733908078e-02	   4.5050872282745497e-01	   2.9361036100996535e-01	   7.0841131166698004e-02	   9.6302175407527835e-02	   1.6407209287629135e-01	   1.5277408214948648e-01	   6.3221740330947829e-01	   7.4998752398337898e-01	   1.8228694782442550e-01	   2.1896444770537443e-01	   5.1616621368604465e-01	   5.0101755588740782e-01	  -1.3798135097057140e-01	  -1.9276893950649251e-01	   5.5546542016955525e-01	   4.5032737328638689e-01	   5.0084739470597561e-01	   5.5439960938509669e-01	   4.4896652526181180e-01	   4.3952097934160778e-01	   2.5521784164337485e-01	   4.1601925609940743e-01	   2.5183091368382360e-01	   3.0960209948231349e-01	   5.6506063285612163e-01	   4.8493345828304496e-01	   5.3236377715293692e-01	   4.8599105000536824e-01	   7.1911671986442605e-01	   6.4192658113219481e-01	   7.5967545255814739e-01	   4.8936247566199453e-01	   8.4726049204044063e-01	   7.5174673297752082e-01	   5.0472219429772847e-01	   7.6015334542873991e-01	   5.2322855781777433e-01	   5.3511417777837311e-01	   6.4970133893768278e-01	   7.5515423372475421e-01	   7.2185466243231489e-01	   1.2328592001438152e+00	   1.8418438834763110e-01	   3.0534367001638774e-01	   1.2339308411974730e-01	   1.9827961398631630e-01	   4.2816446932622765e-01	   5.3427893903693835e-01	   5.3637830211195714e-01	   5.6653964688396430e-01	   8.8881783887573262e-01	   8.0794663424002822e-01	   8.8062335226437971e-01	   9.3220580427705291e-01	   7.5127662748662694e-01	   7.5512705773313826e-01	   7.1659361516662889e-01	   5.4026345550951971e-01	   5.8768039550013462e-01	   5.8334541744465029e-01	   6.6972628346504148e-01	   7.3802822839687532e-01	   5.8570054826316531e-01	   7.0692869924148471e-01	   3.9816450864139380e-01	   3.5046079547653725e-01	   6.4703187919378757e-01	   6.8192898814536052e-01	   3.1716549911767083e-01	  -1.5126370192554719e-01	   3.4417486229627009e-01	  -4.3968296828007840e-02	   1.3328655278947649e-01	   1.3363809015742500e-01	   4.0709039875085651e-01	   6.3636099899463350e-01	   6.5843783240506493e-01	   4.6885548099252544e-01	   2.2241262337358003e-01	   1.7798084384416776e-01	   1.0874754821553227e-01	   3.2965189457929234e-01	  -2.5215811963161400e-01	  -3.9621319059383114e-01	   8.8114636717527853e-02	  -3.2621166096687276e-03	  -1.0805497791503251e-02	   1.9049673380863044e-01	   1.6758968350737696e-01	   4.7873009475624007e-01	   4.0084976260858685e-01	   4.8341373340385441e-01	   2.8009741347327100e-01	  -1.3712316885504228e-01	
   8.4815782971870424e-01	   8.9329027496531133e-01	   5.1394229882734854e-01	   3.7519216716901321e-01	   3.2260752251691732e-01	   5.1718679082275820e-01	   5.7915827818804566e-01	   4.9972499609542637e-01	   9.2756496194671101e-01	   6.7132512999502847e-01	   1.4921983007974591e+00	   9.7453384714244395e-01	   0.0000000000000000e+00	   1.2243892229928233e+00	   9.0626147209530150e-01	   7.7100896489472881e-01	   6.8756841843308192e-01	   6.7278542261348961e-01	   8.1172951642651614e-01	   6.8301819959243459e-01	   2.3901355079815434e-01	   1.5375387531602364e-01	   5.5894115373943087e-01	   2.6590653075685655e-01	   2.4558625525280528e-01	   1.3655487743686548e-01	   3.0579585473837639e-01	   2.4046587128032432e-01	   4.9844774382200741e-01	   4.5797157018612877e-01	   1.1677999890631650e-01	   7.1496665447578295e-02	   4.6908452198998862e-01	   3.7148269037126824e-01	   1.4704857913378029e-02	  -9.2368715297577078e-02	   7.9053878295393387e-01	   5.8306434223524106e-01	   6.2835846398978390e-01	   6.7422332099896021e-01	   5.9025336270758666e-01	   3.8891132032052855e-01	   3.8407073447803464e-01	   4.9732679532238455e-01	   3.7072422333890742e-01	   3.9509972015100836e-01	   6.0497564867434750e-01	   5.3496218898647785e-01	   4.9493141498629301e-01	   5.1251838146918538e-01	   5.5355067665377200e-01	   5.6472081138974595e-01	   5.7889883747829485e-01	   5.8230918862799341e-01	   7.2727222659344182e-01	   7.6166692517746015e-01	   4.9414675525638596e-01	   7.2756414045455076e-01	   3.3345233866486140e-01	   3.3654953634547152e-01	   4.4113944982347120e-01	   4.1086576644055672e-01	   7.5943854434530478e-01	   8.2271169994014359e-01	   2.9181422328797685e-01	   2.7269875802740740e-01	   1.4845542368786968e-01	   2.2967825452247653e-01	   5.5297928594277856e-01	   4.4284948615687947e-01	   4.2034473291470209e-01	   3.8137428127677597e-01	   5.3399119775755588e-01	   6.0582070974228930e-01	   5.4008358737794260e-01	   6.0429312910540933e-01	   7.2590637635482058e-01	   5.4959237003609152e-01	   6.6786347372467081e-01	   5.5673869860225544e-01	   7.4325092740875509e-01	   7.2626041637792793e-01	   7.1181416347595083e-01	   5.0794884718700062e-01	   8.8955389478074953e-01	   7.7028260869412601e-01	   4.2835338125034617e-01	   4.0456936317054187e-01	   6.7935261865822383e-01	   7.3684586044206268e-01	   3.0171433653585089e-01	  -5.1931498604434703e-02	   3.3881998791248991e-01	   2.5485009103392967e-02	   2.5150631669663603e-01	   2.2097861292323276e-01	   4.5419256918539375e-01	   5.5799440566411196e-01	   5.2140715520762160e-01	   5.1541259017774821e-01	   1.0546182930525994e-01	   1.9184728704940290e-01	   1.3921488062431381e-01	   3.2576869684471066e-01	  -1.3394685526910427e-01	  -3.0685787123712044e-01	  -5.6645238243933568e-02	  -1.6855328971918690e-01	   1.8369076924835308e-03	   2.3528845414282284e-01	   3.3297804082812704e-01	   5.3733002773493810e-01	   4.4295611258505285e-01	   3.9232434908091002e-01	   2.8038067769154174e-01	  -5.8152618886189382e-02	
