   0.0000000000000000e+00	   1.5118564213975465e+00	   7.2004894660551866e-01	   7.4206142691037291e-01	   6.7056380875147148e-01	   5.2507933562682574e-01	   8.4977550313673866e-01	   7.2825078401896892e-01	   4.7526334946147791e-01	   4.6554263615918284e-01	   7.9740625691687483e-01	   7.4249558441705843e-01	   6.8942050893318596e-01	   5.8560605329298088e-01	   9.1983356897718105e-01	   1.0105896115825763e+00	   1.2644837846585339e+00	   1.0402419091639263e+00	   1.2263400755645306e+00	   1.3104509234646018e+00	   6.4163739562592959e-01	   2.4794188414951113e-01	   6.3130987483551304e-01	   6.6885531649260943e-01	   4.4580993134223063e-01	   3.9235272190815690e-01	   5.5919923897479396e-01	   3.7009391552291609e-01	   1.0239510501990892e+00	   9.7092801746022817e-01	   7.4148500643236959e-01	   6.6815068124889043e-01	   1.0771654302378071e+00	   1.2005209383427009e+00	   3.4682582755313701e-01	   3.3034569312590450e-01	   4.5863567985756737e-01	   5.6787815754137405e-01	   4.1798757564169126e-01	   2.2873658306774691e-01	   5.9327666343550967e-01	   4.2020662122078256e-01	   1.0367631998335898e+00	   7.3389597710210719e-01	   6.4944166066580089e-01	   5.2744019734776137e-01	   9.4552267846262306e-01	   1.0452054262237538e+00	   3.3570427260493918e-01	   1.6491171226664070e-01	   6.3082236158422522e-01	   3.8866118480783307e-01	   4.9973713851804658e-01	   8.8225164034519565e-01	   7.5294617693589194e-01	   6.5262385453265070e-01	   1.5690569928906029e+00	   1.5900586819072826e+00	   3.7546812948373254e-01	   3.6814137865978380e-01	   6.4907472826206891e-01	   4.8854567188132786e-01	   1.2217899686931022e+00	   1.1252907648340595e+00	   4.1047101334822800e-01	   2.2244070973879013e-01	   2.9761546094447633e-01	   2.6623206168729741e-01	   1.0060424011390234e+00	   9.8659518063725427e-01	   8.9833415317305776e-01	   2.7385982017842653e-01	   9.7088164126493615e-01	   9.9096478383032571e-01	   1.0604536073263875e+00	   9.1710036557244801e-01	   1.1956911439484679e+00	   9.1682855440661915e-01	   9.1972520057696794e-01	   1.1139292224438160e+00	   1.1758600887670991e+00	   1.3237137645391095e+00	   1.0412368224288024e+00	   1.1117821472280618e+00	   8.7735562025464331e-01	   7.8698711348630124e-01	   5.5381465038589517e-01	   6.0456690909635258e-01	   7.8274004800801189e-01	   8.1398299266775798e-01	   1.0033099793339932e+00	   6.8979374505646351e-01	   7.0771241726680945e-01	   6.9792692693649960e-01	   3.6541014641409264e-01	   2.3999917289375636e-01	   9.6297405353232424e-01	   6.9410668301754264e-01	   1.3256207048544566e+00	   1.2953052335328650e+00	   7.3699031563344675e-01	   6.1557192902968683e-01	   1.2020027968844011e+00	   9.9792627062194406e-01	   1.4320218689066874e-01	   1.0640103224068828e-01	   6.1872684757422436e-01	   4.6772480540977263e-01	   1.5078872126383769e-01	   5.1405159688670043e-01	   9.7698836637025377e-01	   9.5459217799865737e-01	   7.9199881539093231e-01	   1.0074070737733638e+00	   4.2128007860608696e-01	  -2.7687862957358556e-01	
   1.5118564213975465e+00	   0.0000000000000000e+00	   5.8181956654861056e-01	   5.9760299293873098e-01	   5.7088232319480203e-01	   4.2009885448792117e-01	   6.3817013806842848e-01	   5.5550216463125057e-01	   3.4430230364749537e-01	   3.1227863784527471e-01	   6.2557201942922125e-01	   5.2610771320666982e-01	   5.0559586908745668e-01	   4.8062320324729008e-01	   7.4246984952365092e-01	   7.5475092264245747e-01	   1.0990927072376302e+00	   9.8440068300650119e-01	   1.1253858419288076e+00	   1.1625331674981194e+00	   6.0472837123820944e-01	   3.1655524323601947e-01	   6.1866172934847707e-01	   6.8634622715762583e-01	   4.8476886906696376e-01	   4.2285811663488065e-01	   5.3459751038587533e-01	   3.4968318806662663e-01	   8.9266378921824385e-01	   8.5605881442474496e-01	   7.4865501425573777e-01	   6.9679527046495970e-01	   9.7120853676143437e-01	   1.1331050141900636e+00	   3.5530294370234616e-01	   3.7823204590511605e-01	   4.4941773725162126e-01	   5.2295561514374933e-01	   4.0201248807509626e-01	   2.0277774192781706e-01	   5.6859144235059111e-01	   3.8888115050159555e-01	   9.4225786026548819e-01	   6.8996980772284333e-01	   7.1160795967141643e-01	   5.8087059441758715e-01	   8.5535645137969962e-01	   9.7651201998537562e-01	   3.4356723565363517e-01	   1.9392625257390203e-01	   5.4846453786121341e-01	   3.0149020637768636e-01	   3.5022341474478053e-01	   7.3729353119024932e-01	   5.9998677461814187e-01	   5.3581231046268019e-01	   1.3854489717710925e+00	   1.2830569811625796e+00	   2.1026239286111115e-01	   1.6363983821411848e-01	   4.5680176592611871e-01	   3.6656122442777644e-01	   8.7393229540239648e-01	   8.6472911701616195e-01	   3.8115503401880080e-01	   2.2300720093465798e-01	   2.4961052155282978e-01	   2.5744730942455196e-01	   8.9402702703771553e-01	   8.3189294825094628e-01	   6.9720966951438712e-01	   1.9906222723171854e-01	   8.9848989929257028e-01	   8.7574494093413358e-01	   9.8238579616494315e-01	   6.9099032425719498e-01	   1.1346036601862168e+00	   9.0247851276916624e-01	   9.7642061929165591e-01	   1.1004191711925018e+00	   1.0520227731581884e+00	   1.1234242332139299e+00	   9.0844023389912898e-01	   1.0372747048327224e+00	   7.7673980148082911e-01	   7.0266424901393643e-01	   5.8332929948228640e-01	   5.8605250853928503e-01	   6.4656462069522314e-01	   6.5948637908370367e-01	   7.8488943517606558e-01	   6.8216455281940758e-01	   5.9641496819489337e-01	   6.1776999789594500e-01	   1.7846968108220274e-01	   1.1855851621068503e-01	   8.4054779374977207e-01	   5.8995406732908162e-01	   1.1093182838300149e+00	   1.0657980924188863e+00	   5.1773959563038707e-01	   4.5703513661540363e-01	   1.0277265943980816e+00	   8.9355500612481498e-01	   1.6591046434568285e-01	   7.0821620100491894e-02	   5.0202268641509995e-01	   4.4801828598187293e-01	   1.2194894872139768e-01	   4.5300713930344105e-01	   8.2809794648892399e-01	   9.5137343859262002e-01	   7.1434337231346023e-01	   1.0168282695158559e+00	   3.8624229372799540e-01	  -2.4040511071812742e-01	
   7.2004894660551866e-01	   5.8181956654861056e-01	   0.0000000000000000e+00	   1.1939387950879292e+00	   9.1277189014289073e-01	   3.3956642727967423e-01	   1.1767366936047492e+00	   5.7669475490600075e-01	   6.4042228335242446e-01	   5.5113425578151043e-01	   6.9569664953763533e-01	   4.4240496942927054e-01	   9.2476655102182481e-01	   7.0252297256274743e-01	   1.3201189582954111e+00	   9.2462301055213103e-01	   3.4717886610958965e-01	   2.5671109167295258e-01	   9.5751098505984000e-01	   8.4541751809831034e-01	   8.8610821219003755e-01	   4.6959388769950039e-01	   1.7356223772302930e+00	   1.3916606673979661e+00	   1.1068329759376847e+00	   7.6251791324000873e-01	   1.2464555010262766e+00	   9.0132748472412583e-01	   3.4467007489932011e-01	   3.3037127905515634e-01	   1.0242983370071852e+00	   9.1882686460548091e-01	   1.1190020344385097e+00	   9.1755026087442282e-01	   9.8643349555958859e-01	   7.4677407767408999e-01	   6.4193538119670290e-01	   7.1033575622772660e-01	   6.4662267931327500e-01	   4.1792644734269085e-01	   3.9376926671790308e-01	   1.7861921792026256e-01	   5.2447773764643801e-01	   2.4100054778190111e-01	   3.4290756985862947e-01	   1.1016634295350346e-01	   6.4860470943337523e-01	   5.4609651552800953e-01	   6.2488251372808092e-02	  -5.1560728961787955e-02	   6.3894003880585926e-01	   5.0504224957633526e-01	   2.5070486174964585e-01	   5.8249971167238390e-01	   8.2379065590492295e-01	   7.9566492446989567e-01	   5.5315404145130709e-01	   7.0415812322929383e-01	   7.6241699890756753e-01	   4.4005376599381779e-01	   9.5319201491408612e-01	   6.9018523046048252e-01	   5.8035397152567525e-01	   5.4774095190116956e-01	   1.5125955991678095e+00	   9.1133552149230834e-01	   7.2381562698968516e-01	   5.9188450773680912e-01	   1.0556549690743116e+00	   1.0864769409453841e+00	   1.1123739606435163e+00	   5.4015669359562668e-01	   6.4790560568695488e-01	   5.5021458812691781e-01	   5.9853342382334540e-01	   6.4218256870323265e-01	   6.5748262003951463e-01	   4.9462906900827841e-01	   2.6099578138695745e-01	   3.9099900528472775e-01	   5.2329108040162875e-01	   7.1068996245844407e-01	   1.2529459363659590e+00	   8.6394108817128834e-01	   1.6112937978431696e+00	   1.4688494498064357e+00	   1.1821412373149325e+00	   1.1876577838484932e+00	   1.4719815779440761e+00	   1.4771691461127876e+00	   7.7661264543632547e-01	   9.0624540080479155e-01	   8.4710350486512676e-01	   1.3836606439326429e+00	   4.3709328526811414e-01	   3.6644626178454848e-01	   7.3375319808477546e-01	   7.4199854517633701e-01	   5.3862060912180898e-01	   6.5371809994763308e-01	   3.2978484767702421e-01	   8.2593336566742848e-01	   6.1135022165453612e-01	   8.5150106564707262e-01	   2.9989426409454628e-01	   2.8369612152205448e-01	   7.0515196541527092e-01	   5.4684153272763492e-01	   1.4636830121377761e-01	   2.8872538960226624e-01	   7.7088504874692920e-01	   3.5196403887822186e-01	   1.7699045092653390e-01	   5.0723389136888641e-01	   4.1711909631409178e-01	  -1.4405435968673597e-01	
   7.4206142691037291e-01	   5.9760299293873098e-01	   1.1939387950879292e+00	   0.0000000000000000e+00	   1.0153279888677957e+00	   4.9973689051718972e-01	   1.3614358518098602e+00	   1.1753703383807077e+00	   9.3115864353998301e-01	   8.7523818907891782e-01	   8.0818248249023050e-01	   5.8625945682511993e-01	   9.8380871918296520e-01	   7.9101379460825616e-01	   1.1095951824243966e+00	   9.9195110188770941e-01	   4.7949847895903824e-01	   3.0864453270091413e-01	   7.3675832014588372e-01	   8.6026142138807504e-01	   8.9024892098498321e-01	   5.3805718686265114e-01	   9.6759227957313576e-01	   1.0230407769964500e+00	   7.2036463383970950e-01	   7.1639678500793480e-01	   7.5018174358346912e-01	   6.7801853712779825e-01	   4.4635332107350068e-01	   4.0656984830388870e-01	   9.5970338140004796e-01	   1.0710083491717242e+00	   1.0781638063541259e+00	   1.0415815145143617e+00	   6.5759142081214828e-01	   5.8926116257378103e-01	   4.0975733797236796e-01	   5.2430177414621260e-01	   5.5703970297407979e-01	   2.6681256199372294e-01	   3.2396317978113737e-01	   1.9518001037078478e-01	   4.7760151919927168e-01	   1.5755598223179043e-01	   3.4330331345709914e-01	   1.6452696692584870e-01	   5.9720618568083972e-01	   4.6904511763458467e-01	   1.0278402084367574e-01	  -5.6491314615396537e-03	   5.8607297434373429e-01	   3.6504269767891662e-01	   1.8369424309216853e-01	   4.8910175368955389e-01	   7.1199222777853710e-01	   7.0668018667780685e-01	   6.6310496808572239e-01	   6.8179199149537617e-01	   6.9346284026036475e-01	   4.9506282866176710e-01	   1.0905507833281674e+00	   1.0921786626181622e+00	   5.7724440480053618e-01	   6.2707292536247672e-01	   8.9637008978982191e-01	   9.6120787392262474e-01	   5.8508282138519818e-01	   4.8488755162455127e-01	   1.0344224362349017e+00	   1.2188482831328562e+00	   1.2473453601797957e+00	   6.3600987416011923e-01	   7.6527631464337653e-01	   6.8551609227793253e-01	   7.2996110753006005e-01	   8.1397453674207509e-01	   7.9189877129647868e-01	   6.4103250477584106e-01	   3.7373470992564733e-01	   4.6253073781941823e-01	   5.8811742674407375e-01	   6.9579491658418369e-01	   8.8212555500168133e-01	   7.9198333482557470e-01	   1.0246611432608197e+00	   1.0773297246452846e+00	   7.7059381184257769e-01	   9.2154634184447448e-01	   1.2793992896275501e+00	   1.3164005465682880e+00	   9.5440792148032916e-01	   7.1101340368501997e-01	   1.0318198241844798e+00	   9.6175236176690959e-01	   4.2341685609847962e-01	   1.8685573994667246e-01	   6.1616984855648604e-01	   6.7161726217509010e-01	   6.3843520824773459e-01	   7.7393975999521558e-01	   5.5382249216959489e-01	   8.0876280261688704e-01	   5.8231215731664054e-01	   8.1251246611332451e-01	   2.1007451458841048e-01	   1.2885991055468993e-01	   5.5776686440758905e-01	   5.6357774121882820e-01	   2.3197599504105521e-01	   2.8551168740083266e-01	   6.2394810518018562e-01	   3.3842566563673460e-01	   2.7142278790137581e-01	   4.9436992394723744e-01	   3.3030977282599566e-01	  -1.1058094867760450e-01	
   6.7056380875147148e-01	   5.7088232319480203e-01	   9.1277189014289073e-01	   1.0153279888677957e+00	   0.0000000000000000e+00	   7.6322677092231361e-01	   1.1522876820577268e+00	   9.6148611529030270e-01	   9.9754599967462954e-01	   8.3508021136814126e-01	   7.2352069301614663e-01	   6.4018439893306944e-01	   1.0053187123674645e+00	   7.4040375360732491e-01	   9.0365934168004436e-01	   7.5853926937661675e-01	   3.5472096001034809e-01	   2.3852074921421582e-01	   7.9203013654016541e-01	   7.8348360227827507e-01	   4.5278497512426807e-01	   6.0125279842074990e-02	   7.4606178081785690e-01	   7.5839851526539370e-01	   5.6326072660358073e-01	   3.9580322523809980e-01	   7.0057673881139104e-01	   5.2784544339429074e-01	   4.4813813704981476e-01	   4.0289834690813692e-01	   5.4887180026384774e-01	   5.2309357603879025e-01	   7.2200865735061637e-01	   6.9017458545070010e-01	   6.3250787395838381e-01	   5.0051755756683980e-01	   2.2278656057460422e-01	   3.2589495289045367e-01	   2.8666305669506964e-01	   4.5872310860340992e-02	   2.1985569786755171e-01	  -4.9299113234405594e-03	   5.1288062176628202e-01	   2.4426372770801713e-01	   4.7361459778705306e-01	   3.1585416581221271e-01	   6.6081951995017596e-01	   4.5529800870068848e-01	   3.0016775671714835e-01	   2.0258507804876696e-01	   7.8246420941193517e-01	   5.3351556205630501e-01	   4.5903250779939025e-01	   5.7065373308490530e-01	   7.6340960485243325e-01	   6.0418157862262156e-01	   6.0090553554722381e-01	   6.7190570748345047e-01	   1.0934405607485043e+00	   9.3158106359903137e-01	   1.0740438519854763e+00	   9.9896671456855446e-01	   4.6487757773013921e-01	   5.3850685132741560e-01	   7.9855284618588462e-01	   6.8042651463480719e-01	   8.0472718117508446e-01	   6.7295221267726313e-01	   8.7772691644222334e-01	   9.9673094598562983e-01	   7.9966693945900447e-01	   3.8283199826800890e-01	   5.9960755976228541e-01	   5.7472528491720554e-01	   5.1268319300201903e-01	   6.1696277238950126e-01	   5.6202265146328267e-01	   6.2755938407078460e-01	   2.1682880777117852e-01	   4.0800714775764357e-01	   4.6115108959876205e-01	   6.0025220103876509e-01	   6.9244395867736763e-01	   4.6850192499793847e-01	   8.9490102821478723e-01	   8.1503300818225677e-01	   5.5369954805864674e-01	   6.3784165502090695e-01	   1.0785471639187070e+00	   1.2664529683018122e+00	   9.6763375895987180e-01	   8.4034158440789797e-01	   1.0791720044066098e+00	   1.0609761987189721e+00	   2.8171152754517398e-01	   1.8094603988588634e-01	   4.7781750641013920e-01	   5.3583057830047964e-01	   6.2624635806508089e-01	   7.0478113688174360e-01	   5.5262955844310124e-01	   8.7477126785798620e-01	   5.6129306600151230e-01	   8.6788019520252346e-01	   2.3050111567091436e-01	   8.7576390318714226e-02	   5.3025260539317887e-01	   6.8596764637628660e-01	  -6.4444621917767175e-02	   2.5179478052572596e-01	   5.4583504522052684e-01	   3.8202469891826135e-01	   3.1049221095517637e-01	   4.8699812994298047e-01	   1.5925740594588486e-01	  -8.5935076187165185e-02	
   5.2507933562682574e-01	   4.2009885448792117e-01	   3.3956642727967423e-01	   4.9973689051718972e-01	   7.6322677092231361e-01	   0.0000000000000000e+00	   6.3206440969577882e-01	   6.1474304768003540e-01	   6.8524227499218893e-01	   9.2100802799409898e-01	   6.5909477302806152e-01	   7.2259092410279468e-01	   7.2478399226144019e-01	   7.7087682602973695e-01	   5.8164657077429194e-01	   6.7245846408196086e-01	   4.1058982865261201e-01	   2.9306572797510810e-01	   3.6215036521001481e-01	   3.6697150809796963e-01	   3.1298940044901491e-01	  -7.0718152641654666e-02	   2.2520327494599318e-01	   2.2594754004550921e-01	   8.4622660726807492e-02	   2.1668290331898984e-01	   2.7905804356844155e-01	   2.8207904662989103e-01	   5.2371491347874122e-01	   4.4514134247620418e-01	   1.6473343201451018e-01	   2.2223505618253364e-01	   2.7037794628429923e-01	   3.0657841761765658e-01	   1.1006596497162896e-01	   9.8322776762221509e-02	   3.7701214967145048e-02	   2.0687417868679880e-01	   1.5957395541534861e-02	  -1.1213439138891010e-01	   2.1783794369907802e-01	   1.5822887146797737e-01	   3.6307518602907918e-01	   1.4764330336527429e-01	   2.5518859006301903e-01	   2.7251008785457109e-01	   4.5698935329192963e-01	   3.0348850364080510e-01	   3.7631436637894616e-01	   3.6154034893216869e-01	   5.6282970723383396e-01	   3.1965030367173158e-01	   4.1202053169760211e-01	   4.0962159220669669e-01	   4.8184300585182427e-01	   3.5264682479995335e-01	   4.2611737582803427e-01	   4.0178052163377664e-01	   6.6123104876673278e-01	   7.7011892385303460e-01	   6.5198460196514507e-01	   6.2621803257029640e-01	   4.1567645997164165e-01	   3.6705113431306780e-01	   2.3592897323513293e-01	   2.5504295520964254e-01	   3.0928812109970444e-01	   2.2981001776894294e-01	   3.2480680566578046e-01	   5.3129152901323029e-01	   5.3689179429826484e-01	   3.1018485759176040e-01	   3.4005937683288895e-01	   3.7217204754251676e-01	   3.8736051260198523e-01	   4.0560423167139853e-01	   4.3242187774789898e-01	   4.9456528204307137e-01	   3.3410629949865212e-01	   4.1563602829249485e-01	   4.5550934099267765e-01	   4.9860239737792605e-01	   3.0773943043718543e-01	   2.5628230876957991e-01	   3.6211709193931951e-01	   3.7380220687668908e-01	   3.8720319023901474e-02	   1.5406339017800266e-01	   5.2223467022414982e-01	   5.6474619042099838e-01	   7.0720224383942831e-01	   4.8501684760431224e-01	   8.0881896829954070e-01	   5.0741598402887278e-01	   2.0737573225156519e-01	   8.9773877998734306e-02	   3.2314883949697781e-01	   2.3294476916428736e-01	   5.2385406690961411e-01	   5.5512952810204652e-01	   5.4951046331362852e-01	   5.5117493634684189e-01	   4.2720221406154729e-01	   5.4638001992578500e-01	   9.3592955921145790e-02	  -1.2961013910023843e-02	   2.3222783224011589e-01	   5.2457116637534795e-01	  -2.1531162216153077e-01	   2.0134976722853318e-01	   3.6722224524335390e-01	   3.5975906031871430e-01	   4.6759111904433426e-01	   3.7057034282703855e-01	   9.9809221736085210e-02	   2.0402357796750814e-02	
   8.4977550313673866e-01	   6.3817013806842848e-01	   1.1767366936047492e+00	   1.3614358518098602e+00	   1.1522876820577268e+00	   6.3206440969577882e-01	   0.0000000000000000e+00	   1.1816129212118069e+00	   1.2075145727876371e+00	   9.7838018898800394e-01	   1.1309868411378050e+00	   7.6796598082077638e-01	   1.2355009485243742e+00	   7.7222155434809281e-01	   1.1653232199402954e+00	   1.1588208724789462e+00	   5.8292387592264983e-01	   4.2384500596830987e-01	   8.6291567248788881e-01	   9.3591171886560520e-01	   7.5283341190058006e-01	   2.7349473173952410e-01	   8.2292545736467737e-01	   8.1967278919979369e-01	   5.5855246325887187e-01	   4.4175881346913282e-01	   6.5255328644950750e-01	   4.9329884572135840e-01	   6.5721259857913750e-01	   5.5989895956604840e-01	   8.2898549964049073e-01	   7.9988381758122395e-01	   1.1138921223900240e+00	   9.9706255675278399e-01	   4.7411613181449086e-01	   4.0186296005248445e-01	   3.3685115421290535e-01	   4.2075986733042720e-01	   4.0597134223977654e-01	   1.2264058714058872e-01	   3.3558883514989257e-01	   1.7178224541863113e-01	   5.0063283998964292e-01	   2.0834531065183778e-01	   3.7238426717263257e-01	   1.6894442047249880e-01	   5.3444211419410192e-01	   4.3794089007198073e-01	   1.6088811891837124e-01	  -5.3965841060591324e-02	   6.5777627659573246e-01	   3.8717859813320110e-01	   2.6638031968852238e-01	   5.0833360422604201e-01	   7.7068186244271319e-01	   6.7948063968538563e-01	   7.8764339737556921e-01	   8.0620490769619080e-01	   8.8374490664824978e-01	   5.9779035734504526e-01	   1.5204668145589078e+00	   1.1093540383241804e+00	   7.3458397249327900e-01	   8.6055340758977716e-01	   8.1119371933966511e-01	   6.3054596040527511e-01	   6.4606632947035514e-01	   4.9966767298777259e-01	   8.8380513690725893e-01	   1.0363017191937625e+00	   1.2269511590383377e+00	   5.5872172048690572e-01	   8.5998611189225227e-01	   7.3101340808358906e-01	   7.7603948373843989e-01	   8.5885794926868175e-01	   7.8641987063277996e-01	   5.8629090025420161e-01	   4.0279494085521328e-01	   5.8071825670177102e-01	   6.1508643647659877e-01	   8.0196425630166157e-01	   8.6684268024275901e-01	   7.0881399737513984e-01	   9.9338083221801754e-01	   9.4902463091221212e-01	   5.8762761820806531e-01	   7.2439376720910964e-01	   1.2203367158525693e+00	   1.2668243566976018e+00	   1.1570842505490022e+00	   8.2601506448148354e-01	   1.1407023083106940e+00	   1.1390508306366498e+00	   4.7671846444917620e-01	   1.8671276016037408e-01	   6.5875782487515344e-01	   5.4826171715130156e-01	   8.1193166725837795e-01	   9.0191352617009213e-01	   7.2198151627229257e-01	   1.1181630247721654e+00	   6.9382011744927630e-01	   9.1318379738392630e-01	   1.3854198855260325e-01	   6.8008501885462064e-02	   5.5208929802414031e-01	   5.8865246477075395e-01	   2.1017296070170080e-01	   3.6409040790502545e-01	   5.8883236075075307e-01	   3.9611830734515435e-01	   3.4317337420768584e-01	   5.0597713893756835e-01	   1.7496028385929827e-01	  -1.8965672060370115e-01	
   7.2825078401896892e-01	   5.5550216463125057e-01	   5.7669475490600075e-01	   1.1753703383807077e+00	   9.6148611529030270e-01	   6.1474304768003540e-01	   1.1816129212118069e+00	   0.0000000000000000e+00	   1.1053588896262507e+00	   1.0430385450535060e+00	   9.3117812683696299e-01	   8.5817749963994872e-01	   8.9091931109627898e-01	   6.8827863663618016e-01	   7.0571087337861049e-01	   8.1882337223214108e-01	   6.7486473337895214e-01	   4.6334786490922086e-01	   5.4671269468620498e-01	   7.4510252688485479e-01	   5.0533827359489703e-01	   2.1259979820361624e-01	   3.8056359485452596e-01	   4.4579079466855864e-01	   2.1485709165982073e-01	   2.3286410628669044e-01	   2.5660718391548881e-01	   1.7747119457649468e-01	   6.7951656168447494e-01	   6.1921093999850729e-01	   5.4248941324260536e-01	   6.0777913196103572e-01	   7.7567502455133008e-01	   8.4522468662860706e-01	   1.9350591249239310e-01	   1.9297606304280696e-01	   9.4040853465374885e-02	   1.9024950328186216e-01	   2.5275786976184250e-01	   5.5405964084701571e-03	   2.4476056220715861e-01	   1.6912857703727036e-01	   4.4814238879007157e-01	   2.0226920850740640e-01	   3.3591896336599042e-01	   2.1342554015238929e-01	   4.6768477098933553e-01	   3.6113790412702479e-01	   1.5919635086683009e-01	   3.8303344072671747e-02	   4.5852647972804778e-01	   2.7446752567609545e-01	   2.0520670346681741e-01	   3.5285948198826972e-01	   5.1651992001101976e-01	   4.6431382822867490e-01	   7.5431701077748026e-01	   6.9131793695580412e-01	   5.5849423311953716e-01	   5.5933724492883230e-01	   1.0133131802984752e+00	   1.2138115687034232e+00	   6.6282976831606899e-01	   8.2125207151492197e-01	   3.5180975543290482e-01	   4.8809661716781738e-01	   3.9020062769864955e-01	   3.3052084826461925e-01	   6.7468626903527074e-01	   8.2397232406518639e-01	   9.1441758723465116e-01	   5.0175434127197782e-01	   8.1636466882399361e-01	   8.0889348888114576e-01	   7.1896118736768300e-01	   8.9794752898028318e-01	   6.7806325636853515e-01	   6.4978089390611782e-01	   4.6833723681044159e-01	   5.9607940817971994e-01	   5.9868382014726496e-01	   6.6011778971518953e-01	   4.6137720501769153e-01	   4.6854757731352636e-01	   5.3052846863580105e-01	   5.0943474775182662e-01	   2.4970901082070712e-01	   4.0035439860220423e-01	   7.3142461230687683e-01	   8.0106832174011389e-01	   9.8266469528360856e-01	   4.7572832283033062e-01	   8.8865183552473059e-01	   5.4786207222694894e-01	   3.9635390718691982e-01	   5.4305993282294830e-02	   4.5634749651861040e-01	   4.2581277936278933e-01	   7.7017387382267244e-01	   8.0008777768361328e-01	   8.8411637156289125e-01	   7.4396104155635168e-01	   5.7619352645566280e-01	   6.8822222154105128e-01	   4.3117204235267478e-02	  -9.6064640678161464e-02	   3.9636253098280089e-01	   4.0750976889558427e-01	   2.3370397254497055e-01	   3.1231591829508454e-01	   4.0000174833251201e-01	   3.1770471767114600e-01	   3.6789543272584663e-01	   4.5669790904155394e-01	   1.0484807196859661e-01	  -1.6097157990452482e-01	
   4.7526334946147791e-01	   3.4430230364749537e-01	   6.4042228335242446e-01	   9.3115864353998301e-01	   9.9754599967462954e-01	   6.8524227499218893e-01	   1.2075145727876371e+00	   1.1053588896262507e+00	   0.0000000000000000e+00	   1.1234950381665534e+00	   9.5433937381876277e-01	   6.3222946696261140e-01	   1.0679055976234095e+00	   5.5648661867540983e-01	   8.0250276781539842e-01	   7.3809523970176849e-01	   3.6485678372931640e-01	   2.0649902710799967e-01	   5.2440815530034757e-01	   6.1375954254977105e-01	   2.6007352910193071e-01	   2.3063595253067361e-03	   4.2140159143716144e-01	   4.0795009220182821e-01	   1.7537664681017523e-01	   9.7592562796232601e-02	   3.0631771658744528e-01	   2.0680744400874090e-01	   4.6588874243128331e-01	   3.7027369866304194e-01	   3.6999861164158948e-01	   3.6075325444357065e-01	   5.7361933614323157e-01	   5.6949261239049331e-01	   2.4264426229323366e-01	   1.6198413215027230e-01	   8.8786644246439223e-04	   3.8188733853908821e-02	   4.6641987550996737e-02	  -2.0603300488653220e-01	   4.8435932868819857e-02	  -1.4468130459792136e-01	   1.5485476886022462e-01	  -9.3098900786306213e-02	   1.2842411804412562e-01	  -3.3762014497929059e-02	   2.4839757883254268e-01	   9.2035756196515259e-02	   9.6489108136818144e-02	  -7.0285271661607696e-02	   3.4402555247307309e-01	   1.3509628089191789e-01	   2.5022157844779441e-01	   3.1100165205410529e-01	   3.8378855555466768e-01	   3.2073166065877384e-01	   4.2763457834280250e-01	   4.3984919252721461e-01	   7.9692372840434056e-01	   6.1970354954046314e-01	   1.1267826393856690e+00	   1.2210496328988538e+00	   3.8527097971435209e-01	   5.6533635688283734e-01	   4.6862935422041940e-01	   4.7849868432837350e-01	   3.3142602090586298e-01	   1.9860213619177586e-01	   5.8791381723432989e-01	   7.0736443052664977e-01	   7.6794179358484760e-01	   4.7369442133348244e-01	   5.9850634754643817e-01	   4.6376992236980774e-01	   5.3290539620430988e-01	   6.3065868333541386e-01	   4.8165619274391808e-01	   2.5978507233081838e-01	   2.2422488573589267e-01	   3.3103317950036065e-01	   4.0835385693359338e-01	   4.5732279795079034e-01	   4.4062086242273873e-01	   3.4263752600367203e-01	   5.2421251599775764e-01	   4.6694704517726010e-01	   2.4223499545202815e-01	   3.3123772368791354e-01	   8.3630787512420124e-01	   8.1244988613733671e-01	   8.3396684969383195e-01	   6.2888472106170923e-01	   8.6610348182692687e-01	   7.4996419573494466e-01	   3.6041034364900454e-01	  -4.9141557970960537e-02	   1.9290156282059195e-01	   2.3859322921201664e-01	   5.2502810382456155e-01	   5.1717223349099894e-01	   5.4718763027388784e-01	   8.1387837686105835e-01	   3.4885876371767538e-01	   4.8491101848236706e-01	  -1.4201893219402362e-01	  -2.3034776489732864e-01	   2.4465763585054873e-01	   3.6147504111005879e-01	   4.6570006622601127e-02	   1.3181611504410046e-01	   1.8352690497981927e-01	   1.3854948117346580e-01	   1.7442366281613922e-01	   1.9951312032225421e-01	  -1.4381329687748123e-01	  -1.5136784620235066e-01	
   4.6554263615918284e-01	   3.1227863784527471e-01	   5.5113425578151043e-01	   8.7523818907891782e-01	   8.3508021136814126e-01	   9.2100802799409898e-01	   9.7838018898800394e-01	   1.0430385450535060e+00	   1.1234950381665534e+00	   0.0000000000000000e+00	   9.7526243725980977e-01	   8.6514270138013283e-01	   1.0048372738991096e+00	   8.1063187124602343e-01	   7.7578227410609923e-01	   9.3367995379281388e-01	   4.5423353160201080e-01	   2.5230665579360162e-01	   4.2443837523925415e-01	   5.2986946779660760e-01	   4.1938861852509779e-01	   1.4761177637392592e-01	   3.4079958311057545e-01	   2.9793501831227909e-01	   1.3089517396772032e-01	   1.7207874575337384e-01	   3.1002582504235204e-01	   2.4600327073092626e-01	   5.2222710740564504e-01	   4.4082901947923392e-01	   3.2697229222617841e-01	   3.7886820742136812e-01	   5.2806876958421767e-01	   5.5404601841099987e-01	   1.1660850957409752e-01	   7.1619953372776129e-02	   7.9266423154408072e-02	   1.7572499250120588e-01	   1.4616357265378568e-01	  -7.6985705187520792e-02	   1.6397497335038663e-01	   1.1288388887034209e-01	   2.4123566204729227e-01	  -8.6106041802508620e-03	   1.5805580012523845e-01	  -1.5240313241021989e-02	   3.3647438745146274e-01	   2.0225123252946622e-01	   1.1059730400855501e-01	   4.7893388213877799e-02	   3.5391822225023356e-01	   1.9202152337205178e-01	   2.2062657673964081e-01	   2.9470996488624890e-01	   4.5113024358612164e-01	   4.6716756466368770e-01	   4.7085133975342253e-01	   4.1981364709878211e-01	   6.8960723573752081e-01	   7.4644340661230424e-01	   9.7119013838471846e-01	   1.2661129225260439e+00	   4.7891388322392769e-01	   4.7641842846240007e-01	   3.4867010873625287e-01	   4.5286020845883446e-01	   2.7694971030262777e-01	   1.7480722896297579e-01	   5.5776302871095307e-01	   7.3496917141040830e-01	   8.8492383615388759e-01	   7.4140694762507131e-01	   5.5827793512952595e-01	   5.4300010388140318e-01	   5.1322001915468018e-01	   6.4217324592165392e-01	   4.9439813180816844e-01	   3.8721860665113461e-01	   3.2761456336285799e-01	   4.2292000717379208e-01	   4.8587567548945010e-01	   4.4764811222824230e-01	   3.6348001641515099e-01	   2.4559287547450467e-01	   4.2495146644040710e-01	   4.4302713381628195e-01	   1.5673866369230779e-01	   2.4936084852173851e-01	   6.9516246409374072e-01	   8.2254957925625827e-01	   8.6954467298434646e-01	   4.7309176892088101e-01	   9.6525642513001120e-01	   5.9447692743736491e-01	   2.7789113502777585e-01	   4.2187391379336192e-02	   3.4730332142782472e-01	   3.4406069796369143e-01	   5.8849485764016229e-01	   6.0036942313142516e-01	   6.6352575745103881e-01	   7.3405014154116410e-01	   4.4774863141005594e-01	   5.6176928947904925e-01	   9.8335399791641773e-03	  -8.9707684461396167e-02	   3.2435372959635178e-01	   4.6785660291994791e-01	   9.8670144127930917e-03	   1.6208278045535823e-01	   2.6126784865539288e-01	   1.6058444991318124e-01	   2.2715274576452171e-01	   3.3925287607458232e-01	   3.9363841923797339e-03	  -1.0420587674919946e-01	
   7.9740625691687483e-01	   6.2557201942922125e-01	   6.9569664953763533e-01	   8.0818248249023050e-01	   7.2352069301614663e-01	   6.5909477302806152e-01	   1.1309868411378050e+00	   9.3117812683696299e-01	   9.5433937381876277e-01	   9.7526243725980977e-01	   0.0000000000000000e+00	   1.2192436130306679e+00	   1.5862356869209535e+00	   9.9509601542287218e-01	   1.0940885576216868e+00	   1.1373087773685790e+00	   8.2337261323793076e-01	   6.3572304779491706e-01	   7.1551142309253457e-01	   7.7148635166201485e-01	   5.5586789731958341e-01	   1.8692885009380744e-01	   4.4474693051576569e-01	   3.8679238038917807e-01	   2.4138711841707711e-01	   2.1029843392258538e-01	   3.0883351425212530e-01	   1.9019241306787518e-01	   8.9078950482761787e-01	   8.2602518828171656e-01	   5.0407640192824299e-01	   4.7377664280880571e-01	   9.0042742273250354e-01	   8.8930928013489952e-01	   1.4990799783586664e-01	   1.0816460094255406e-01	   1.7660371742929160e-01	   2.6503575272485547e-01	   2.5612828551726174e-01	   2.1168573054855963e-02	   4.2626427004766609e-01	   1.9489360430093769e-01	   4.1328212276272208e-01	   1.9669929408795911e-01	   3.1152839870812787e-01	   1.8922648559786948e-01	   4.8961188952595114e-01	   4.3565894955598300e-01	   1.6288161340303475e-01	   2.5096593939381458e-02	   4.9918013231820713e-01	   3.0533406896036536e-01	   2.9627629446404019e-01	   3.3766936463169217e-01	   6.1700584871537401e-01	   5.2278380210509368e-01	   7.2643413285096470e-01	   7.6074120501784182e-01	   6.9585683987820390e-01	   4.9425800927978858e-01	   1.3107922867415929e+00	   9.1769670848961216e-01	   9.1008243366314145e-01	   9.8785115453122097e-01	   3.6411298961925809e-01	   3.3694635210358753e-01	   2.9711431280328099e-01	   1.9768907656390683e-01	   6.7020420338884390e-01	   7.4959551259082513e-01	   8.2331050221011559e-01	   4.2777169548025989e-01	   6.0580279557127015e-01	   6.3358828884222795e-01	   6.7737158640654704e-01	   6.7871601981365481e-01	   8.1435083843197109e-01	   5.5978446808944227e-01	   5.8363440610049988e-01	   7.5967095758425840e-01	   7.4805010731640231e-01	   8.3757276284459015e-01	   6.6712872011451518e-01	   5.9248110623397554e-01	   5.9634984633903798e-01	   5.8614509885392785e-01	   2.7906094516395902e-01	   3.7693643286333300e-01	   8.1851993801916767e-01	   7.7505972677592794e-01	   8.8340495513075190e-01	   6.0013993114142894e-01	   8.3868436396488100e-01	   7.3311274326063258e-01	   3.4938631232145351e-01	   1.3828016353968459e-01	   5.6921368652401239e-01	   4.4195134873608355e-01	   7.8376965557998823e-01	   8.3870881021371990e-01	   7.6777196860418884e-01	   1.0291379495057924e+00	   6.8295005364438555e-01	   7.3157985898172384e-01	   3.2711362351914630e-02	  -4.3922077590059477e-02	   5.3375443432278413e-01	   3.7429384924269460e-01	   1.8471235693237087e-01	   3.5513323051674206e-01	   5.0814428024367775e-01	   3.8124038340211752e-01	   3.6584062712382859e-01	   5.1726599977994192e-01	   1.1967283770050598e-01	  -1.4042271558637770e-01	
   7.4249558441705843e-01	   5.2610771320666982e-01	   4.4240496942927054e-01	   5.8625945682511993e-01	   6.4018439893306944e-01	   7.2259092410279468e-01	   7.6796598082077638e-01	   8.5817749963994872e-01	   6.3222946696261140e-01	   8.6514270138013283e-01	   1.2192436130306679e+00	   0.0000000000000000e+00	   9.5406681522560799e-01	   9.9925621340695736e-01	   7.2299146966099748e-01	   8.4692422543081758e-01	   8.2968991970401362e-01	   7.4022006931345530e-01	   4.6201678280358666e-01	   5.5421422116126751e-01	   4.8318191073236749e-01	   9.3172307707241164e-02	   2.0107831852141758e-01	   1.7927721657217019e-01	   4.4347410370151136e-02	   4.2034863365901863e-02	   1.9282773352550259e-01	   8.0796462758969234e-02	   9.1837558487803850e-01	   9.0730718686727996e-01	   2.2993576117149711e-01	   2.4680028561954231e-01	   6.1429326584620592e-01	   6.4228835526800088e-01	  -1.0193289241425879e-02	  -2.5741458447127417e-02	   9.5381771803797089e-02	   2.4879265887658253e-01	   1.1787813837776351e-01	  -2.8334106707294363e-02	   4.5701223590115903e-01	   2.4402095552473058e-01	   4.3637373573656768e-01	   2.5677883523543299e-01	   3.3992085528394456e-01	   2.6080985014339952e-01	   5.0461756045863959e-01	   4.4307680246476083e-01	   2.6686811486444556e-01	   1.7432916878957949e-01	   5.1697067675035258e-01	   4.3546011589571521e-01	   3.6811731810923592e-01	   3.0571321190674572e-01	   5.7600820477068659e-01	   5.0198314562765756e-01	   7.4580921885537799e-01	   7.8254440900690825e-01	   5.8376135668544304e-01	   6.9244957912576544e-01	   8.6485413299601199e-01	   7.6324828705559966e-01	   9.3500962675912347e-01	   9.1993677623341186e-01	   1.4556075915139283e-01	   1.9517744492898362e-01	   2.9029822035409758e-01	   2.1663472857466431e-01	   4.9453840109119296e-01	   6.0177399003275533e-01	   6.7130214099916385e-01	   3.6144295320426156e-01	   5.8100699800176170e-01	   6.6891037056703406e-01	   6.6070609530233559e-01	   6.7759320632248554e-01	   7.1904884142965486e-01	   7.4086568762474292e-01	   5.9607370754278544e-01	   8.0856880438148715e-01	   7.2210407648896491e-01	   7.2418542383683338e-01	   4.5827388200895253e-01	   3.6592621307447865e-01	   3.8429856070314317e-01	   3.8804328821416817e-01	   8.9920473793104930e-02	   1.8575648220576438e-01	   4.8590052815563445e-01	   6.2025078191079075e-01	   8.4703923317807051e-01	   3.8948194495233091e-01	   7.5993500552769544e-01	   5.0842164225831743e-01	   2.7842563112299062e-01	   2.4443547043499719e-01	   5.7188844915623216e-01	   4.8259797591613574e-01	   8.4950211869985037e-01	   8.7602562279786778e-01	   9.4897937716546044e-01	   7.1495599915814700e-01	   7.3599472914384090e-01	   6.8750201235322650e-01	   1.4262062882108978e-01	   6.5551043580361568e-02	   5.6881791767345291e-01	   3.7233454857043818e-01	   8.4830527296207048e-02	   3.8907641051532060e-01	   5.1458260389778143e-01	   3.6514444858884848e-01	   4.6409171470787197e-01	   6.3624590796392855e-01	   1.9381585675758478e-01	  -7.0773476811361896e-02	
   6.8942050893318596e-01	   5.0559586908745668e-01	   9.2476655102182481e-01	   9.8380871918296520e-01	   1.0053187123674645e+00	   7.2478399226144019e-01	   1.2355009485243742e+00	   8.9091931109627898e-01	   1.0679055976234095e+00	   1.0048372738991096e+00	   1.5862356869209535e+00	   9.5406681522560799e-01	   0.0000000000000000e+00	   1.1786363346471844e+00	   1.3794855908775996e+00	   1.2307265695541529e+00	   5.7104822954287637e-01	   4.2587761479167124e-01	   7.5365217460447032e-01	   7.8509121066387677e-01	   5.4575785581174763e-01	   1.4770292399787469e-01	   6.6065254030261422e-01	   5.8422124266319564e-01	   4.0336343542879588e-01	   3.2477196451679224e-01	   4.8039216303089316e-01	   3.4447940130302640e-01	   6.5891965545743036e-01	   6.4165533674231368e-01	   5.6810608005060748e-01	   5.2939803715013978e-01	   9.0567962057524287e-01	   8.4019370990290765e-01	   4.0399122333791815e-01	   2.5773668236380498e-01	   2.2520772776824027e-01	   3.1444156416527724e-01	   3.2445704225663935e-01	   7.9752477853754430e-02	   3.5145414100558853e-01	   1.0657258020594557e-01	   3.8167568180554501e-01	   1.2629518987123228e-01	   2.9788832045529601e-01	   1.6532455939167640e-01	   5.2793630509571254e-01	   3.8700415908884883e-01	   1.1770563460022529e-01	   2.6267492865580978e-02	   5.7352516544628007e-01	   3.5746625619677935e-01	   2.9333116113640756e-01	   3.4817213088612670e-01	   6.8748248120646693e-01	   5.6052164358767276e-01	   5.6889856094710778e-01	   6.5154595777854973e-01	   9.2573007305445953e-01	   6.0082660957908551e-01	   1.5034035251375006e+00	   1.0646888178809453e+00	   7.1018388081415618e-01	   7.7376534703056765e-01	   6.3706010683821401e-01	   5.6929922266694699e-01	   4.5762247156752595e-01	   3.3360509236786784e-01	   8.3722150922270122e-01	   9.0507002668215120e-01	   8.3029394424393932e-01	   3.9184573902963538e-01	   5.5589479614790138e-01	   5.7631351931311536e-01	   6.1813638044154517e-01	   6.5335478996741903e-01	   7.4416357811731448e-01	   5.3485470484709641e-01	   3.9090726051428876e-01	   5.8344537474138014e-01	   6.2795381798841254e-01	   7.8120737443354515e-01	   7.6311531735247451e-01	   6.2830339653552858e-01	   8.0442994869222906e-01	   7.7633241311678813e-01	   4.5000376860971608e-01	   5.5456616378152990e-01	   1.0790071092783353e+00	   1.0376252530366832e+00	   8.8435626128392453e-01	   7.0940828708808412e-01	   9.5963822948635769e-01	   9.4967988415346039e-01	   3.2249734946073139e-01	   2.1421292748742815e-01	   5.3804933957856416e-01	   5.6723149539905138e-01	   6.3617439210675353e-01	   7.4219816850165365e-01	   6.4515438662136182e-01	   1.0795481821562927e+00	   6.0033277410078600e-01	   7.2012765333576823e-01	   8.5063919085282949e-02	  -3.1962104108083297e-02	   5.3116556969462914e-01	   4.4427022286337758e-01	   1.3375121172652565e-01	   3.6872160658683273e-01	   5.9317160486284903e-01	   2.8356672137167988e-01	   2.9304289705241426e-01	   4.6384751611238856e-01	   1.2669771156418386e-01	  -1.1426092074611502e-01	
