   0.0000000000000000e+00	   7.5695950979451199e-01	   5.5155614352208227e-01	   6.0231339678234119e-01	   2.8733667538458668e-01	   1.0073477272235096e-01	   6.5299015718063114e-01	   4.2646832876020380e-01	   1.8326320954366662e-01	   2.1499692055677311e-01	   6.8157280261586772e-01	   7.1018209322604864e-01	   5.1950223076247337e-01	   7.8083617939555705e-01	   5.2706316072118664e-01	   8.1692881307444298e-01	   2.6183577725435014e-01	   3.1760162739548714e-01	   9.4534451708557543e-01	   7.8053927996971650e-01	   3.0954325361378460e-01	   1.4098155669706830e-01	   2.4047454551835207e-01	   3.6272941443139145e-01	   1.1806126258310232e-01	   9.5056178421852364e-02	   3.1118807445241026e-01	   2.3092422245668420e-01	   3.4630485392765931e-01	   2.5739052528959172e-01	   2.4203836330279012e-02	   4.9545043825723084e-02	   2.4337201135429393e-01	   3.0474869870573895e-01	  -9.8925398304319109e-02	   9.7115883408911835e-03	  -1.5881174322728642e-01	   1.4622410945538772e-01	   2.5665953655594531e-01	   4.7013881863747448e-01	   2.8619395335828884e-01	   3.5658903147969084e-01	   3.9122708536598055e-01	   2.8339165481711848e-01	   2.8605570579425732e-01	   3.4271258243144803e-01	   5.6902127963222382e-01	   4.6329806190233058e-01	   4.2406209318712540e-01	   3.7999654073323497e-01	   5.8386286910439744e-01	   3.1170631919795194e-01	   5.8325390607485672e-01	   3.1077418738858964e-01	   8.5826691393708010e-01	   7.1896925965819036e-01	   4.5045666905065740e-01	   2.9640848516610274e-01	   6.9770535527166488e-01	   4.6119916092756480e-01	   1.2642651600178085e+00	   5.2215100027018502e-01	   4.7140064752088406e-01	   3.4841778645674859e-01	   7.4961722421098179e-02	   2.3795466134528853e-01	   3.0589972523088632e-01	   2.2740326639498010e-01	   3.7543431818429968e-01	   5.3690667101973766e-01	   3.2647498134381964e-01	   1.1996514854376669e-01	   3.2619376519604959e-01	   2.1994200557949775e-01	   4.8871055999464397e-01	   3.0976128287661797e-01	   2.3860036091760586e-01	   2.7023848723226357e-01	   2.5261935324605655e-01	   2.8560336652167911e-01	   3.9916259744303578e-01	   5.0155754565238331e-01	   5.9809272154711246e-01	   5.7884145459004288e-01	   4.9637392876401087e-01	   7.6114044120638735e-01	   4.1152808698086873e-01	   2.3930400806270324e-01	   5.9361643850980250e-01	   6.7817403268939846e-01	   4.3669890957028484e-01	   2.0330805056013931e-01	   3.7325361454626428e-02	   2.7563054170142043e-01	   2.0276833187145638e-01	  -2.0064222151082545e-02	   5.9482341537489836e-01	   6.0073047186103490e-01	   6.8862589461166124e-01	   8.0600648682333542e-01	   2.4001142347076222e-02	   4.3163343269700394e-01	   1.6448651390862981e-01	   4.6878157714519803e-01	   3.4283167016747806e-01	   7.2770850200394394e-02	   1.7807182482052528e-01	   3.9991657265935576e-01	   3.2280012339914743e-01	   9.1067258106852081e-02	   4.0199267860240390e-01	   5.1694140595614668e-01	   4.0841774007947984e-01	   3.2653759707820018e-01	   4.4350882657615937e-01	   1.3346084880979020e-01	
   7.5695950979451199e-01	   0.0000000000000000e+00	   6.1421467978781652e-01	   4.2683921752604903e-01	   3.5173487795679853e-01	  -9.5181712561396865e-04	   4.8539550828819228e-01	   8.0037568725389044e-02	   1.8420136688214142e-02	  -1.3095221231595169e-01	   4.7179843077774453e-01	   2.6236267675227726e-01	   2.9188512176115716e-01	   3.2523040646480439e-01	   4.2894584478607806e-01	   3.1542624277222009e-01	   5.8964461247175792e-01	   6.5426505623049847e-01	   8.9340304725960462e-01	   8.5544002301928179e-01	   4.1635015862608860e-01	   3.8691914734152583e-01	   4.8825909153040348e-01	   4.7596615216802607e-01	   4.0595293665639715e-01	   3.6825694001684767e-01	   4.8612020313816429e-01	   4.3164892013464234e-01	   4.0682848579684205e-01	   2.9425173523774706e-01	   2.3896546892242337e-01	   2.3514004560224994e-01	   5.4964193822073559e-01	   5.6050684272251172e-01	   3.0093557230457735e-01	   3.6078802413802746e-01	   1.5651050474002046e-01	   3.4372717088303728e-01	   4.8494045627057081e-01	   5.4297706695476622e-01	   4.9844922832485061e-01	   6.5309987076674547e-01	   4.8358297225002916e-01	   4.0070266159986639e-01	   3.8388908561496921e-01	   3.9911121375804259e-01	   6.3223103100353828e-01	   4.8358112584728019e-01	   4.5331065055114050e-01	   3.3889645825314707e-01	   5.7532317340986561e-01	   4.5562957579117358e-01	   5.1443707945084971e-01	   4.8816979010952510e-01	   8.0328048764626347e-01	   6.2852009718941471e-01	   7.3460120228749981e-01	   1.0074501204550639e+00	   5.0826041484347895e-01	   4.8889441862389060e-01	   3.9423721277050805e-01	   2.1202432987031380e-01	   7.5874450516040903e-01	   4.9567721167971679e-01	   3.5797225850860026e-01	   3.9618507860732499e-01	   5.9424128458675241e-01	   5.2684395679100926e-01	   6.2821909753598848e-01	   7.3301446630329159e-01	   2.5415368439216274e-01	   1.5759840426120203e-01	   5.2519477436121242e-01	   4.3323365796275742e-01	   5.4834477333879283e-01	   4.4745137425887599e-01	   5.6982240194727141e-01	   5.5540213973111030e-01	   6.1491686059673889e-01	   5.2157330423874937e-01	   6.6239383036742427e-01	   7.6735014775177113e-01	   8.2513880265471518e-01	   6.3592946356236901e-01	   7.0579726462223713e-01	   5.2446307599087172e-01	   6.0770569262143526e-01	   3.8907132094604552e-01	   3.6010356167617946e-01	   5.0455546006450747e-01	   4.1945671410409530e-01	   3.8900816888660827e-01	   9.2600384184861301e-02	   4.9114324517856306e-01	   5.8467090878650166e-02	  -1.4038242199539594e-01	   8.4105726162698513e-01	   3.9110936803385088e-01	   7.5984375441438023e-01	   6.0934666179253361e-01	   1.9913131318325036e-01	   3.1736153022586111e-01	   5.7286237947294072e-01	   5.4724646854838910e-01	   6.0062835131310932e-01	   3.1632044922494668e-01	   3.0602518886052532e-01	   3.3931541560087736e-01	   9.9962172309422961e-02	  -1.2385926485325155e-01	   6.7173026022311122e-01	   5.2179601572559953e-01	   3.7608588363691481e-01	   4.6493392625551416e-01	   6.4000852395883423e-01	   8.3267979478543724e-02	
   5.5155614352208227e-01	   6.1421467978781652e-01	   0.0000000000000000e+00	   6.2816529385580899e-01	   6.5329038727597044e-01	   1.5230353517266540e-01	   9.1856494213084294e-01	   1.8679931925687265e-01	   2.3510968391019527e-01	  -5.9239293143062831e-02	   5.5621048566660281e-01	   1.7856195593155608e-01	   4.1700284439767571e-01	   4.3204552922977235e-01	   6.5578741273423025e-01	   4.3754184295381054e-01	   4.0977296349631909e-01	   3.8208642662900660e-01	   8.7066378046956994e-01	   4.7454730959193425e-01	   5.7717529144454116e-01	   3.5900925901025593e-01	   1.0053950453789735e+00	   7.2398081209890097e-01	   7.7927085049747791e-01	   4.9331364643751008e-01	   9.2099189636641654e-01	   3.4054853340333108e-01	   3.5370987530329406e-01	   2.3551356473452789e-01	   6.5102999476068446e-01	   6.1665533411751516e-01	   6.7230871554365157e-01	   6.1618462524299134e-01	   6.2550858740707893e-01	   6.8452780691961168e-01	   1.1761970588787915e-01	   5.3703701621859734e-01	   3.9736942912097539e-01	   4.9865540523773833e-01	   3.7735215142124029e-01	   4.9053881583712122e-01	   4.6118709067807534e-01	   3.9475083684594842e-01	   3.9686426981258494e-01	   3.7801737701068738e-01	   5.8409716993260519e-01	   4.6357468925387024e-01	   3.2437895768821196e-01	   2.7156613432356469e-01	   4.5483375747550414e-01	   3.2803477787601376e-01	   4.1794116272645832e-01	   5.4375766913289636e-01	   6.2000039090736103e-01	   5.2624476616437332e-01	   5.6408712417644413e-01	   4.3840725289543903e-01	   4.3948937217701078e-01	   3.1653776726642513e-01	   2.9162762242727841e-01	   1.1384489099723252e-01	   2.8465959297403026e-01	   2.3374228054598167e-01	   7.8053759929531119e-01	   4.6323617289840535e-01	   7.0453695960336316e-01	   4.7303959646025595e-01	   4.0010692604906306e-01	   4.7924696013001339e-01	   3.5613954629627009e-01	   7.1828942906179000e-02	   2.6068543371850100e-01	   1.7576947919079189e-01	   4.2830479216985906e-01	   1.8861440419654954e-01	   6.3218448490044299e-01	   5.4364796184932929e-01	   2.9123322346796493e-01	   3.0723900168773399e-01	   5.9472214250231292e-01	   7.3028986104034088e-01	   9.7889988258742633e-01	   8.5423267444887307e-01	   9.8939004151963983e-01	   7.1970707744702578e-01	   6.0312532518910400e-01	   6.0235503816074343e-01	   5.4466082272848237e-01	   4.7011389286427702e-01	   3.9113000525595881e-01	   5.5192061740599485e-01	  -5.9820568759299609e-03	   5.9813403612122540e-01	   2.1044131999277400e-03	  -3.9907685470630183e-01	   6.5085253510622654e-01	   2.5680555582076670e-01	   4.4266472952592073e-01	   5.3001841260292060e-01	  -3.9684778387048203e-02	   1.3077117060380947e-01	   1.8660947135708117e-01	   2.5869644867728203e-01	   3.7510943816013542e-01	   3.7026589738274845e-01	   1.6839874038885830e-01	   2.1684164438216524e-01	  -2.6565326337542317e-02	  -1.1720631946778245e-01	   7.7207462259948401e-01	   4.4655793752656381e-01	   1.7690514572385929e-01	   4.8262579204528833e-01	   5.3760053509814743e-01	   4.6306824612197717e-01	
   6.0231339678234119e-01	   4.2683921752604903e-01	   6.2816529385580899e-01	   0.0000000000000000e+00	   8.5414411902158860e-01	   6.8856336902623916e-01	   5.2990200898300210e-01	   1.0344970246139265e+00	   6.9971537302794407e-01	   6.2073863488586611e-01	   2.6196977852505110e-01	   6.0718946080872793e-01	   3.3840016353539931e-01	   7.0105868583767650e-01	   5.6642572621557163e-01	   6.4803713227288440e-01	   3.3915753541599043e-02	   1.1340520193326827e-01	   6.0417971835289674e-01	   6.8700565955332937e-01	   4.5752543616466673e-01	   4.6933171633419357e-01	   4.3850161526355080e-01	   7.6068565410241795e-01	   3.5776846460411643e-01	   4.8167034249773522e-01	   6.0347651873207597e-01	   4.5336763858662715e-01	   1.0702451032780672e-01	   8.5235415359223819e-03	   3.2240097278999463e-01	   4.4024611912485495e-01	   3.5221572512561122e-01	   4.1702899414830763e-01	   2.4276403189351098e-01	   4.3848550127301300e-01	   4.4286448759995468e-02	   1.8078780407329118e-01	   2.8120917401230655e-01	   3.5608818208983350e-01	   1.8830902351753351e-01	   3.6399985748362512e-01	   3.5318349167480489e-01	   1.7161483362791402e-01	   3.3611784685577906e-01	   3.7243300730035556e-01	   4.2325547523616058e-01	   3.8976639585120459e-01	   5.0468662918238560e-01	   4.5655818948206278e-01	   7.6213284782947821e-01	   4.6507862490954238e-01	   7.5748613471882476e-01	   5.6807811407772435e-01	   7.7589609488573530e-01	   6.5519594354865385e-01	   1.6049618469720853e-01	   1.8878219601977467e-01	   6.4795194038643367e-01	   6.4837915725861794e-01	   4.4200808474382491e-01	   6.2248390962276490e-01	   1.2545353328539816e-01	   1.5078830364623108e-01	   3.1125432552546417e-01	   5.7141112925734883e-01	   5.3802971949000977e-01	   4.9338784673812530e-01	   3.4860357699766803e-01	   6.7136485863014328e-01	   2.4110966911317186e-02	   1.5912502290394015e-01	   1.6643176020407363e-01	  -1.3753735282504481e-01	   2.3634156760776143e-01	   5.0503203548585167e-02	   2.0355794578065717e-01	   3.2739506329209989e-01	   4.4752877231219127e-03	   2.7400768511496251e-02	   3.0677506431972623e-01	   4.1499764937747757e-01	   5.9698304416746273e-01	   5.8269478577615386e-01	   6.7466694675181682e-01	   8.7099214803530667e-01	   5.3363432900528862e-01	   6.0767479691577053e-01	   6.8388755292238557e-01	   6.8644683070780932e-01	   8.8038215253953944e-01	   2.7867687755963405e-01	   3.7573883055418661e-01	   3.2315835441756252e-01	   6.5538271755231900e-02	  -6.4572352904343225e-02	   6.7680856645716958e-01	   1.9322785691583566e-01	   7.1362349893570309e-01	   6.0310533508396580e-01	   1.6830942765979917e-01	   1.5186898233057503e-01	   2.7716423313443672e-01	   2.6775198853485482e-01	   4.1532119152179786e-01	   1.3076570100175353e-01	   3.1309571078271159e-01	   4.4017218517284801e-01	   2.0108204920478712e-01	   1.2274871604018694e-01	   4.5704998995190949e-01	   5.5961212841751840e-01	   3.2282401935864591e-01	   4.3830400556424842e-01	   5.4238470479573131e-01	   9.8796125228200068e-02	
   2.8733667538458668e-01	   3.5173487795679853e-01	   6.5329038727597044e-01	   8.5414411902158860e-01	   0.0000000000000000e+00	   8.3675154054429157e-01	   3.7635777092592348e-01	   6.0475960997043932e-01	   8.1729708562429826e-01	   4.7326744470882165e-01	   1.7613696587524830e-01	   1.9491679295756068e-01	   2.7355503256644464e-01	   3.5594279601744799e-01	   6.8517584988402036e-01	   2.9157412602605765e-01	   2.9851085837324964e-01	   3.3205717648838451e-01	   4.7128378038985314e-01	   3.6646068775890484e-01	   6.9569151729464451e-01	   6.3894841076873665e-01	   5.4157145407865204e-01	   6.5514791053514332e-01	   6.8521417463918111e-01	   8.2271275602163219e-01	   9.4527564722404556e-01	   6.5725698327334059e-01	   1.9894676540550216e-01	   3.6510867234337135e-02	   5.4582075415254805e-01	   5.4916647137070329e-01	   5.4126157099462058e-01	   5.9400045630742393e-01	   5.9140846822299942e-01	   6.5755659580041093e-01	   6.7165597817201550e-02	   1.5145360523959916e-01	   2.9566266200221553e-01	   1.7435798427821547e-01	   4.1954321519971882e-01	   4.7624335254883277e-01	   3.5812327680589767e-01	   2.1785254515906829e-01	   3.9827557921345758e-01	   3.5756672737134781e-01	   3.6883214652086488e-01	   3.8413997416632584e-01	   4.5743838494671185e-01	   3.5161488858224815e-01	   5.9543336476600084e-01	   4.5121472419105346e-01	   6.0264814774131492e-01	   5.7575321252302014e-01	   5.8846139352261662e-01	   4.9099464334067044e-01	   1.8146535671824821e-01	   2.5206796091914419e-01	   3.6855987250869743e-01	   3.8850598604434555e-01	   1.3759475385060760e-01	   2.8132812955173592e-01	   1.7273218245874949e-01	   1.6406775956120828e-01	   5.9907088362904948e-01	   4.9629889283656792e-01	   6.5910895865664199e-01	   5.7413852918893593e-01	   1.6984218554674302e-01	   3.2450596045787455e-01	   2.5532533025487908e-01	   1.8271147731915194e-01	   4.1806197791741062e-01	  -1.1841214697868056e-01	   3.7403955765822511e-01	  -5.4160872024311371e-02	   4.0734124133560723e-01	   4.7836563290976264e-01	   2.5147005416517743e-01	   2.5133434097712659e-01	   4.9262737226732123e-01	   5.0866887336766953e-01	   7.8853402549516560e-01	   6.6380184097527262e-01	   6.5336576491230403e-01	   3.8031263160133305e-01	   7.3201267111345325e-01	   8.6437011994478907e-01	   2.1785536724504870e-01	   2.4559439887307047e-01	   4.2705729212575394e-01	   9.4461002493207186e-02	   4.0291045628358356e-02	   1.4342060655087777e-01	   1.4118253401679648e-01	  -4.4879054397328066e-01	   5.3864855226478336e-01	  -3.7192375960195298e-02	   4.5627706833994597e-01	   4.8185316659807986e-01	   2.0504977647707068e-01	  -2.1734220973165952e-01	   4.1861983650324902e-01	  -9.6740577781417564e-02	   5.1181652336862371e-01	   1.9349487473411120e-01	   2.8613695806067274e-01	   4.0318928483062871e-01	   5.1474679058424719e-02	  -5.5288079202254717e-02	   2.6462581709678545e-01	   3.8911171496862218e-01	   2.8149519230432013e-01	   4.8685417549849330e-01	   4.6543392566547592e-01	   3.4974366730725220e-01	
   1.0073477272235096e-01	  -9.5181712561396865e-04	   1.5230353517266540e-01	   6.8856336902623916e-01	   8.3675154054429157e-01	   0.0000000000000000e+00	   1.2777968254340832e-01	   8.0578398686713193e-01	   6.9514245096365657e-01	   8.5148347900626620e-01	  -8.4557881084924333e-02	   2.3745256976070894e-01	   1.0562851388374504e-01	   2.9360036935499817e-01	   2.8907092947130753e-01	   2.2727246901269699e-01	   4.7243690352353304e-02	   1.2140828378043096e-01	   1.2299025945700368e-01	   2.5169522871137490e-01	   3.3956132689959606e-01	   4.5884918442900308e-01	   1.0445160017500334e-01	   4.1428027024278113e-01	   2.1253186410087016e-01	   5.7370298071631165e-01	   3.2460600882999480e-01	   4.9868723596876890e-01	  -1.1557168178419046e-01	  -1.9017581051658972e-01	   1.1693951603576341e-01	   2.0299511771137677e-01	   2.1681085242133685e-01	   2.2783058323694305e-01	   1.7819546885890178e-01	   3.6768619195081592e-01	  -2.0941546779040920e-01	  -1.7071568710080173e-01	  -1.1024734161385605e-01	  -4.1034239159682719e-02	  -7.1600430192678671e-02	   7.4504269828061881e-02	   3.6540669959129846e-01	   2.6480487957258819e-01	   4.5606744419528283e-01	   4.7529420976613768e-01	   3.0263213643434039e-01	   4.0983190182600682e-01	   5.5728779859952737e-01	   5.3144926433776030e-01	   5.7188792108622055e-01	   4.5263900265800971e-01	   4.3021030577140079e-01	   2.9763581122741289e-01	   3.9763202859610297e-01	   4.5092990280851586e-01	  -9.7634614504657075e-02	  -8.1918190638735816e-02	   3.5938208845145775e-01	   3.4307931812223968e-01	   1.3613753528196135e-01	   4.0461099639861647e-01	  -1.3280614010363570e-01	  -3.4739200436248119e-02	   2.6576778861728412e-01	   4.1401811089731816e-01	   3.4257886709576713e-01	   3.9089652961480442e-01	   1.8119259916794792e-02	   2.3022939383622945e-01	  -1.0628690007038881e-01	   8.4305566056734296e-02	   6.7749756134108302e-02	  -4.4478901514149699e-01	   3.7856229880551810e-02	  -2.5308354725779525e-01	   4.4196100068033956e-02	   2.1835815849627602e-01	  -2.6625582837737249e-02	   2.9859153686645316e-03	   1.2306404284815937e-01	   1.2546501509979763e-01	   2.8846598687538910e-01	   1.7299522922552274e-01	   2.1630129882641436e-01	   3.0224396695717626e-01	   3.2318599758611616e-01	   3.6237011595179569e-01	   1.4201862833718262e-01	   1.3433856671123728e-01	   3.4020639637147793e-01	  -1.1614134006823743e-01	   1.4907759811156851e-01	  -3.5231311832400351e-02	   9.7692283126662810e-02	  -1.0229942531974681e-01	   3.0545404176863677e-01	  -2.9814477565752499e-02	   3.6387409846039642e-01	   4.5956224438965093e-01	   3.3512147859419045e-01	  -1.6395710942858377e-01	   2.9649871150709017e-01	  -5.9916752719814025e-02	   3.7254516448175545e-01	   7.5740288403338907e-02	   4.6729160294791428e-01	   2.9585589848413013e-01	   5.4732264824150598e-02	   2.4217841839751363e-02	   1.1901574462416599e-01	   2.7170605788195018e-01	   2.2233453055171776e-01	   2.7449246384440595e-01	   2.7091203064125424e-01	   1.6682506938530149e-02	
   6.5299015718063114e-01	   4.8539550828819228e-01	   9.1856494213084294e-01	   5.2990200898300210e-01	   3.7635777092592348e-01	   1.2777968254340832e-01	   0.0000000000000000e+00	   4.8565805326957867e-01	   1.4329308813512215e-01	   1.1274662513852422e-01	   7.5006243108387682e-01	   6.9664758080359879e-01	   8.2380010567275508e-01	   8.0175091512418073e-01	   6.5511124246711938e-01	   7.2943759991074741e-01	   5.1797141722369222e-01	   5.2022028685210642e-01	   1.1038984787763586e+00	   8.2748705970222891e-01	   3.9580600017068518e-01	   1.2322589994272080e-01	   4.0233582647887267e-01	   3.4755169267194974e-01	   1.6765505856170246e-01	   7.5357169263319312e-02	   3.7066289017213161e-01	   5.0283704001235316e-02	   6.2587800191803356e-01	   5.6226241938660038e-01	   3.1002651604421227e-01	   2.1798437268591042e-01	   5.6330749739539066e-01	   6.5801606934280987e-01	   1.9823103147598869e-01	   3.9904734465530989e-01	  -5.7344335439130194e-02	   2.3521889195274803e-01	   4.0288797868944187e-01	   6.6035902800435708e-01	   3.9222924834389594e-01	   4.5836896449000503e-01	   4.9692449227058877e-01	   4.4799380137816081e-01	   4.7391686423130719e-01	   4.9607612333831574e-01	   6.2264427051382132e-01	   5.3367951925650248e-01	   3.7326811273080296e-01	   3.4847917052040084e-01	   3.6640903910228179e-01	   2.8113907929117710e-01	   3.1029479557200168e-01	   4.4029849128170895e-01	   6.0310962380196720e-01	   6.1145798761538184e-01	   3.6157545158741999e-01	   1.5608087783369590e-01	   4.6190641717293024e-01	   2.4850455382680509e-01	   4.1785130765525019e-01	   3.7770534030412495e-01	   3.0218893076325160e-01	   3.3250084838244826e-01	   4.9740019560269466e-01	   5.3150242741798703e-01	   6.3820934257506745e-01	   5.1253650899112557e-01	   6.8054231489545081e-01	   7.3289426949731029e-01	   3.4262196529185540e-01	   7.8465746607516415e-02	   2.3493404761845110e-01	   3.3921884306293315e-01	   4.0321378367000310e-01	   3.9378969286863402e-01	   5.5014074735727136e-01	   4.9219031128632057e-01	   2.6364995221963744e-01	   3.5292675583019784e-01	   6.1191410911884969e-01	   8.0505095855026010e-01	   8.3213215691272979e-01	   8.3736099136909170e-01	   6.5829401654036013e-01	   8.6745494318611749e-01	   2.9024349465986132e-01	   2.8052415556765331e-01	   4.8034641904672770e-01	   5.6768240451290275e-01	   4.1604565988408360e-01	   4.6242054201178673e-01	   7.8278495133041637e-02	   5.2778648283980922e-01	   3.2309970941002276e-02	  -2.0905814202671888e-02	   6.8191432290711995e-01	   5.2683976146208000e-01	   5.1081631064584587e-01	   6.3004519786852164e-01	  -8.9773875869980313e-02	   3.4057370912077795e-01	   1.3056288905771279e-01	   3.6447009499140093e-01	   3.1454842147957374e-01	   1.1490103078251440e-01	   1.8982075260642114e-01	   2.6210448432343336e-01	   1.7874325591559445e-01	   1.0674929699352305e-01	   7.2792570811200530e-01	   5.4888855293125871e-01	   3.0625660595851678e-01	   4.9489533119661067e-01	   3.3613414183361728e-01	   3.3062924590620335e-01	
   4.2646832876020380e-01	   8.0037568725389044e-02	   1.8679931925687265e-01	   1.0344970246139265e+00	   6.0475960997043932e-01	   8.0578398686713193e-01	   4.8565805326957867e-01	   0.0000000000000000e+00	   6.4025375442253429e-01	   1.1043691251912933e+00	   1.8181897446562145e-01	   9.2267408428286501e-01	   3.5449541041414256e-01	   8.0700762294129313e-01	   3.6009408787563763e-01	   6.4071928520876176e-01	   4.5033427103811910e-03	   8.5249407902254395e-02	   4.2223527018973750e-01	   5.7395351307491937e-01	   3.1078392502217173e-01	   2.7545737464703773e-01	   6.2028681891395264e-03	   3.0513697658480632e-01	  -2.6883063211885473e-02	   2.0770204501479655e-01	   1.7148881801414878e-01	   1.9749335605833254e-01	   2.1441471039443641e-01	   1.2266787118862614e-01	   1.0250901315083495e-01	   1.6968353164470476e-01	   1.6395790937680041e-01	   3.4094177829553413e-01	  -6.8776600963188814e-02	   1.6140901390058035e-01	  -1.4308474689565984e-01	  -1.7044666188638846e-01	   6.2629390196507734e-02	   2.3563169995724448e-01	   2.4403150138101213e-02	   1.6915930636674398e-01	   2.6799619810393810e-01	   1.0851548039345789e-01	   3.0827405538192482e-01	   3.5733065008720782e-01	   2.8616054795676604e-01	   3.2038032587456200e-01	   4.4216283901577530e-01	   4.2142474091949139e-01	   5.0509913095696735e-01	   2.5715452059952026e-01	   5.4933215587380191e-01	   2.8375619549287379e-01	   5.2199024323552023e-01	   4.8893704728769904e-01	  -1.6571118170768787e-01	  -1.7369482795844399e-01	   4.9322428046834049e-01	   4.3071497610166898e-01	   3.9873965823001589e-01	   8.0718280876176041e-01	   3.3880080357744542e-02	   1.6243476910756457e-01	   1.1223278290140002e-02	   4.2202261761485899e-01	   3.1921391082734402e-01	   3.5671992446910966e-01	   1.9904785987480750e-01	   4.7284536009113542e-01	   4.7148635571487255e-02	   1.6196342991589457e-01	   6.0619742978891597e-02	  -2.6743227620018278e-01	   1.4407307089362478e-01	  -2.9697617625232032e-02	  -9.3029298106922921e-04	   1.4966720410879930e-01	  -7.3919543895331591e-02	  -3.5830813312513365e-02	   1.9459446725601071e-01	   2.3009227626001397e-01	   2.9409940250717620e-01	   3.5775378623183973e-01	   2.3017628802976509e-01	   5.4157960162025376e-01	   2.1093080189401639e-01	   2.7797883970132259e-01	   3.7119679074630468e-01	   4.7387707107345090e-01	   6.0279313389989642e-01	  -3.5654717156820365e-02	   3.0440849637597645e-01	  -2.4041595535588200e-04	   9.0533392673506852e-02	   9.5854414081749953e-02	   3.9490808479463763e-01	   1.5949813666432233e-01	   5.2286240721431532e-01	   4.7632953731508632e-01	   1.8603660710704314e-01	   1.0251766649732642e-01	   2.0235342017247043e-01	   9.5154658924677893e-02	   2.5673940053013822e-01	  -1.1904713986294999e-01	   3.5650514209998790e-01	   4.2070226197509142e-01	   2.7758408021286946e-01	   3.0868179762779369e-01	   1.8981359899822897e-01	   3.9979081209540479e-01	   3.2252836310461458e-01	   2.8510323956102579e-01	   2.5138826691258059e-01	  -2.1233189304196400e-02	
   1.8326320954366662e-01	   1.8420136688214142e-02	   2.3510968391019527e-01	   6.9971537302794407e-01	   8.1729708562429826e-01	   6.9514245096365657e-01	   1.4329308813512215e-01	   6.4025375442253429e-01	   0.0000000000000000e+00	   7.4393362763489002e-01	   1.8570516715252042e-01	   2.9120684275976910e-01	   1.9596228971758786e-01	   3.4568566878792611e-01	   5.6342298588625628e-01	   3.7212366385985196e-01	  -6.1095466759686003e-02	  -7.0126655963230339e-02	   1.4216520081842371e-01	   2.2631280826258721e-01	   2.4219284357102061e-01	   2.1322280914473871e-01	   1.2554865222086117e-01	   2.2894084331568426e-01	   1.9093094314267511e-01	   2.7798832946959418e-01	   3.4738348166507005e-01	   2.0251117331196533e-01	   4.5401062478069888e-02	  -1.0029774329228457e-01	   2.1377901713906586e-01	   2.4621984876927494e-01	   5.8409658156833043e-02	   1.3795858294427729e-01	   3.1068947814845295e-02	   8.6824904812963150e-02	   3.5045079252955746e-02	   5.4419957532518937e-02	   1.4570274695208391e-01	   6.8370464909471079e-03	   4.0489417549646231e-02	   1.1920150141410425e-01	  -9.8383696923043815e-02	  -2.0282325291111161e-01	  -5.1687883423796287e-02	  -5.6708647173367099e-02	  -8.3770173166351214e-02	  -4.9846081028965157e-02	   9.2975998205776900e-02	   6.2834121317897659e-02	   1.9999069914153222e-01	   9.8577809936743907e-02	   2.5439637846584118e-01	   1.8278437972110972e-01	   2.1789967134586138e-01	   1.6136623124307864e-01	  -3.1014774333173744e-02	  -3.0153101243582947e-02	   1.3088952800968884e-01	   2.0134587483668723e-01	   1.9364107601975455e-01	   3.4231635405888766e-01	  -1.1631385219456719e-01	  -6.8952612871801558e-02	   2.0541188288512366e-01	   2.0754604853316569e-01	   7.6319888325861909e-02	   9.2655746052991581e-02	   2.6285248215246644e-02	   1.4189696116816228e-01	   1.1708069225986313e-01	   2.7835885050714565e-01	   2.5155177442451127e-01	  -1.9327494558058475e-01	   2.2160284077506842e-01	  -7.5115413968177142e-02	   8.3185323034607531e-02	   1.5094831097648445e-01	  -2.9855759904602226e-02	  -4.4132719394622454e-02	   1.6004451494537647e-01	   1.4196147709358892e-01	   1.1088148208728124e-01	   1.6020984049810022e-01	   2.7267670784018272e-01	   2.1060682216621507e-01	   6.9895857490896732e-02	   2.9845821117568094e-01	   2.5311510809009941e-01	   2.4577501550367176e-01	   3.3626758509887189e-01	  -2.8360483103605928e-02	   1.6665299322114319e-01	  -1.5453006531120533e-03	   4.7751229380534874e-02	  -6.0683986613885556e-02	   9.5395506447286699e-02	  -6.6238903428605625e-02	   1.1523971179353369e-01	   1.5224761934148537e-01	   6.0026918051648691e-02	  -2.1460464077597924e-01	   8.6936697270126928e-02	  -1.9811227342273496e-01	   9.9617000643554859e-02	  -1.1758441791220317e-01	   1.7331551796502678e-01	   1.8481057181061850e-01	   9.6016881143590596e-02	  -7.0310741536544055e-02	  -4.8747410933138585e-02	   9.2156587417452668e-02	   4.9372210188340128e-02	   2.2111403069901753e-01	   2.4700203288540082e-01	   5.5077202083550887e-02	
   2.1499692055677311e-01	  -1.3095221231595169e-01	  -5.9239293143062831e-02	   6.2073863488586611e-01	   4.7326744470882165e-01	   8.5148347900626620e-01	   1.1274662513852422e-01	   1.1043691251912933e+00	   7.4393362763489002e-01	   0.0000000000000000e+00	  -2.4198000070613554e-02	   5.3885675506450059e-01	   1.1804346745543191e-01	   3.9956635309024785e-01	   2.2016653467017011e-01	   5.3388513877765487e-01	  -2.4097712712176717e-01	  -1.4099839817980350e-01	   1.9077113877691808e-02	   1.6408797285718577e-01	   1.7791834731608506e-02	  -2.1851465370972428e-03	  -1.5851502121293037e-01	   1.3391612150445259e-01	  -1.5043391203232093e-01	   3.2308182808360245e-02	   7.1219804446845197e-02	   1.7295206453679690e-01	  -9.0744100686831350e-02	  -1.8543421632386173e-01	  -2.1200130899231073e-01	  -6.9085740532134149e-02	  -2.4410745882863499e-01	  -9.9270636077785648e-02	  -2.7872439892134948e-01	  -9.4277996379708101e-02	  -2.7664685503716679e-01	  -3.5307870462113400e-01	  -3.1490688301558672e-01	  -2.0824922995394518e-01	  -2.4812903645686007e-01	  -1.6211226630592931e-01	  -2.4298364896926057e-02	  -1.5928360946983569e-01	   3.1718982179230644e-02	   8.9335406607766676e-02	  -2.4889297821176437e-02	   3.7511698678107581e-03	   2.4194852112881959e-01	   2.4618893823636634e-01	   2.9667828382499639e-01	   1.6511992041892160e-01	   3.2458056927985840e-01	   6.4041811093550532e-02	   2.3190701264741545e-01	   1.6626716990054652e-01	  -2.2481824143530582e-01	  -2.1404093698385279e-01	   3.0283379394575971e-01	   3.3845169449078150e-01	   3.5554410597139718e-01	   6.2298437342393742e-01	  -2.1544427846157588e-01	  -1.5437972618336315e-01	  -8.7339145695515860e-02	   3.2938302419735443e-01	   2.8351576100854627e-03	   4.0172825555362258e-02	  -1.1534731289300444e-01	   1.6078206453758614e-01	  -8.6506140695169043e-02	   1.4737640526561555e-01	  -8.9177632996360362e-02	  -4.4295628908703727e-01	  -4.8095223198522325e-03	  -1.7257654207824621e-01	  -2.7214043798486626e-01	  -1.7328172993945681e-01	  -2.2028469111240184e-01	  -2.2782530762112543e-01	  -4.1863192636913876e-02	  -8.5915550237424143e-02	  -4.7064064046671718e-02	  -2.7135220417503013e-02	   1.4742539257141878e-02	   2.6768008600405852e-01	  -7.9315462075969078e-03	   2.0020750507766397e-01	   3.2532401975221564e-01	   3.2936292544972601e-01	   5.0152376099008356e-01	  -5.3799020473881888e-02	   4.8696674398020467e-01	   2.4824542353243341e-03	   2.0806942206369031e-01	   1.1299843878014962e-01	   1.2862928586966557e-01	  -1.3257940164793688e-01	   2.9014885406355062e-01	   2.7857363424883602e-01	   4.2619560381863353e-01	  -1.0166892083992270e-02	   2.8082395740009336e-01	  -8.7222371204580651e-02	   8.5659278524869029e-02	  -1.8693423287417915e-01	   4.8871730070528280e-01	   1.9841548423802916e-01	  -4.9166257592436119e-02	   1.2831123239349601e-01	  -1.6277114253823302e-01	   1.3854603337009180e-01	   2.0435399132898002e-01	   1.3376501149892939e-01	   8.4941092158214049e-02	  -1.3102853636544445e-01	
   6.8157280261586772e-01	   4.7179843077774453e-01	   5.5621048566660281e-01	   2.6196977852505110e-01	   1.7613696587524830e-01	  -8.4557881084924333e-02	   7.5006243108387682e-01	   1.8181897446562145e-01	   1.8570516715252042e-01	  -2.4198000070613554e-02	   0.0000000000000000e+00	   5.7258849743483042e-01	   1.1587768585643861e+00	   8.2967704370551998e-01	   8.7849453628078533e-01	   7.2085354874464314e-01	   5.6897372215457920e-01	   4.5584776331153914e-01	   8.9516756749213400e-01	   5.7318952829198266e-01	   1.5526487062557251e-01	  -1.5947073306218737e-02	   3.9815041966105547e-01	   2.6060099844276974e-01	   1.2983172621031472e-01	  -2.8793136194733625e-03	   2.4831499527038367e-01	   6.7401174918289208e-03	   7.9620771518478317e-01	   6.5680173554506938e-01	   3.2606822630857735e-01	   3.1869730052339806e-01	   3.7811869747935534e-01	   4.1951257772754080e-01	   2.4561455143537031e-03	  -3.1939502075788044e-02	   2.4020018373181554e-01	   3.7965639020519942e-01	   4.5492430426346397e-01	   4.7340703319329180e-01	   3.9397601577398705e-01	   3.5210281496209589e-01	   1.2531421957240690e-01	   1.2630508644198477e-01	   5.4000256276637154e-02	   6.8864527315866952e-02	   3.0225360718806082e-01	   2.0583859396015580e-01	   6.3702654833564146e-02	   7.6432936822349570e-02	   9.1661139744156447e-02	   7.3374285306569323e-02	   1.9778147203042626e-01	   2.6786018059222882e-01	   2.8322202243195055e-01	   2.6658991943945221e-01	   3.0827574745904746e-01	   1.2706900293153264e-01	   1.0942396476810180e-01	   2.4981951515521592e-03	   4.2832524528667820e-01	   2.1390260649853787e-01	   2.6885141094654907e-01	   2.3076231495374430e-01	   2.5101169680034718e-01	   1.0962259963991636e-01	   7.9332736841299906e-02	   5.0238717462341275e-03	   3.5203038137125003e-01	   3.4311580792892304e-01	   4.4751140567646397e-01	   3.1640450546497650e-01	   4.4781531326855778e-01	   5.3257665567633461e-01	   6.3413150624008086e-01	   5.3275730466034898e-01	   4.0619964654543467e-01	   3.8799152018029354e-01	   4.4810862432957660e-01	   5.7312366590250063e-01	   7.5196157709969713e-01	   8.2950916877792280e-01	   6.4135734888807971e-01	   7.2793285589975520e-01	   6.9407827479719775e-01	   6.2891345681585864e-01	   2.2366147474143033e-01	   1.6495477360444635e-01	   2.8062331003982471e-01	   4.3055192215259830e-01	   2.1813484966917554e-01	   2.8643749219900189e-01	  -9.0874024120275246e-02	   2.9179074747351275e-01	  -5.1288263327679821e-02	  -4.0133266149910606e-02	   3.9959075951087397e-01	   2.5981856921524193e-01	   2.1707675450735797e-01	   3.6458648785806896e-01	  -2.4179992181534848e-01	   2.5331743154180680e-01	   1.1925803106268460e-02	   1.9659753811204056e-01	  -4.1944842750928156e-02	  -1.5399132909282018e-01	  -8.0426878925534878e-02	  -1.8217355966953810e-01	   2.9340830616253998e-02	  -1.4796578061158968e-02	   3.9024830005379652e-01	   3.2743617320221940e-01	   1.5745907984254029e-01	   5.9896990538228767e-01	   4.9680267065038097e-01	  -1.0222842911923888e-03	
   7.1018209322604864e-01	   2.6236267675227726e-01	   1.7856195593155608e-01	   6.0718946080872793e-01	   1.9491679295756068e-01	   2.3745256976070894e-01	   6.9664758080359879e-01	   9.2267408428286501e-01	   2.9120684275976910e-01	   5.3885675506450059e-01	   5.7258849743483042e-01	   0.0000000000000000e+00	   7.6163494624436390e-01	   1.2442337295624699e+00	   5.0887244913759255e-01	   1.0294037401824931e+00	   1.0498357726038199e-01	   1.9465728749137107e-01	   7.1635798074372659e-01	   8.9930507902463241e-01	   3.6633560186275990e-02	  -3.4687691548683758e-02	  -1.1253250539729565e-01	   1.0086330154499200e-01	  -3.2182406779614403e-01	  -1.9758989427634302e-01	  -7.1067674318703476e-03	  -5.3782493974322117e-02	   4.3954245504693851e-01	   4.7084769551870703e-01	  -1.3075520068698521e-01	  -1.1706797862596104e-01	   5.4351547360975895e-02	   2.3506816187914414e-01	  -3.4574566228560505e-01	  -9.6511426509602913e-02	  -6.4543277925811063e-02	  -1.7771276870358434e-02	   2.4321392125857216e-01	   5.0374772632555920e-01	   1.8875165360574028e-01	   2.8136753453319918e-01	   2.8422071778110358e-01	   1.8102328216411592e-01	   2.5655319633936924e-01	   3.2444204192817411e-01	   4.1781708373986981e-01	   3.5193886645301953e-01	   4.1432748407060405e-01	   4.1913646745100563e-01	   4.2699662784650150e-01	   2.6059011013379335e-01	   5.1945083610744169e-01	   3.1639429467582647e-01	   5.5770416797979561e-01	   5.7775469701879589e-01	  -1.3998268786765067e-01	  -1.7720108413740679e-01	   5.3349236838288849e-01	   4.1555093991848352e-01	   6.4842702044216516e-01	   8.7007366686888232e-01	   1.2352672705822995e-01	   2.6652388983973874e-01	  -1.7058296131929965e-01	   1.9506822254714773e-01	   1.8282053021085307e-01	   2.0613307187495006e-01	   4.1970465123122042e-01	   6.8285741745539308e-01	   1.3115485282385003e-01	   2.0701362388499317e-01	   1.6313960349040937e-01	   1.8004343732765477e-01	   2.8941516499421455e-01	   3.5110435772270521e-01	  -3.9042911063199223e-02	   1.8721157152940143e-01	   2.0057544513672997e-02	   1.0135655970368460e-01	   2.8948263895083626e-01	   3.6499686917533153e-01	   3.3664471875435675e-01	   4.8283258998602158e-01	   2.7211062383621443e-01	   7.3111586137315032e-01	   3.4197631911661905e-02	  -9.7333782093297558e-03	   4.5676101115558920e-01	   7.7613153924436662e-01	   6.5300010724588520e-01	   1.9028898266877764e-01	   2.7358227812821945e-01	   2.2002142361620741e-01	  -3.2936899782263052e-02	   2.5929811008836789e-01	   5.2399002794153315e-01	   4.4485379938618824e-01	   5.9465547903286009e-01	   5.4748109339111140e-01	   3.4054694184488934e-02	   5.2331597887237591e-01	   5.5039801048228310e-02	   3.8954262525734112e-01	   1.0730889879247860e-01	  -1.5773685176846700e-01	   2.9574968173835442e-01	   3.4738595736812899e-01	   3.1189609688220615e-01	   2.8129644391247988e-01	   3.7852197770994767e-01	   5.4124534174727978e-01	   4.5252282765850216e-01	   3.5743589477480975e-01	   2.2300413712806960e-01	  -1.1400451396058345e-01	
   5.1950223076247337e-01	   2.9188512176115716e-01	   4.1700284439767571e-01	   3.3840016353539931e-01	   2.7355503256644464e-01	   1.0562851388374504e-01	   8.2380010567275508e-01	   3.5449541041414256e-01	   1.9596228971758786e-01	   1.1804346745543191e-01	   1.1587768585643861e+00	   7.6163494624436390e-01	   0.0000000000000000e+00	   1.0186527636274898e+00	   1.1195864534719631e+00	   8.3545234158538206e-01	   5.1220305782998898e-01	   5.0023395322661246e-01	   7.5422352164768702e-01	   6.1294766820675950e-01	   9.5477414636903499e-02	   5.5299890109578656e-02	   3.3491996272531410e-01	   3.0520965505461095e-01	   2.9269423877828608e-02	  -3.5330016851874133e-02	   2.8950547804304966e-01	   9.6031783207700977e-02	   5.2058990421940576e-01	   5.2875709262437465e-01	   1.4432207668869906e-01	   1.5210311543532673e-01	   2.9406766553461916e-01	   3.6269959537555152e-01	   2.9715291446745652e-02	   6.7720120855836730e-02	   2.5806767941872527e-01	   3.9226532123352931e-01	   5.2532949793873351e-01	   5.4533262456566844e-01	   4.9491390301282101e-01	   4.2248844560577525e-01	   2.2109573432206717e-01	   2.0607724275432335e-01	   2.0837078423049329e-01	   2.2286340330887330e-01	   3.8675868530802798e-01	   3.3718274831441480e-01	   2.4625193788054811e-01	   2.7171869595316001e-01	   2.7390428707945652e-01	   3.1538491138512786e-01	   2.8961324715059755e-01	   4.8601428044831807e-01	   4.1238621907360762e-01	   3.9934658736024098e-01	   7.8334290645244442e-02	  -5.6720494355697364e-02	   1.7343250589507744e-01	   6.6235573359552796e-02	   3.8126812959564077e-01	   3.3978020362923439e-01	   1.1914769067232825e-01	   1.7612082962451023e-01	   2.6887641911319748e-01	   2.8827257795704830e-01	   1.9792397424417268e-01	   1.8175729781173483e-01	   4.4523985217103673e-01	   4.8743969066832998e-01	   2.6774064004310405e-01	   3.7628138184331011e-01	   3.7909404085950116e-01	   4.6822077540516305e-01	   5.0325707710326895e-01	   5.2632419663635033e-01	   2.8750944023684155e-01	   4.3644099824069527e-01	   2.5497376017890366e-01	   4.9107850174757295e-01	   5.7950330670130312e-01	   7.6039439460178104e-01	   6.7343122785691478e-01	   7.5760289802366265e-01	   6.0974355865804464e-01	   8.0276344353478457e-01	   2.8784210002104049e-01	   2.7183792058252298e-01	   3.3912895557981876e-01	   5.3570645288978247e-01	   4.0261318500804666e-01	   3.5587592126719236e-01	   8.7310651029166506e-02	   3.6321344127116584e-01	   6.3658136705652792e-03	   4.1846664622395540e-03	   5.3880048490894084e-01	   3.1374716673928693e-01	   3.4611210204064508e-01	   4.2816560416442234e-01	  -1.5525119746479449e-01	   1.8884992283015348e-01	   1.6170095515502952e-02	   9.6628359136657044e-02	  -3.6579300023014309e-05	  -1.6915554847891720e-01	   1.8447231710650050e-03	  -4.8582672396576009e-02	   8.7511813216565315e-02	   7.5733227510418638e-02	   4.8191365399821173e-01	   4.4658273232137580e-01	   2.9428184098093302e-01	   5.7444634093842484e-01	   3.6972671815617641e-01	  -2.8449475453110485e-02	
