   0.0000000000000000e+00	   1.7745048232832694e+00	   7.0851221521482899e-01	   5.2569596207561742e-01	   7.5214208271064775e-01	   7.6476188818449897e-01	   4.9787932292905063e-01	   3.6326809543254041e-01	   7.0361821285659409e-01	   8.5378058625421516e-01	   1.0234494305622885e+00	   6.6239071287497331e-01	   9.4253564451633920e-01	   8.5068619517787347e-01	   1.0392119514677862e+00	   8.9930134582168808e-01	   1.4431782726666851e+00	   1.5645753208623481e+00	   1.1146992513676479e+00	   1.2718559606224467e+00	   6.3137434317067553e-01	   4.9046968055436968e-01	   5.4901973294951822e-01	   4.4367184935600179e-01	   4.1470567887294518e-01	   5.9091238453322292e-01	   8.4551049722703642e-01	   8.3499391327325656e-01	   8.0362906115789401e-01	   5.0159342228502057e-01	   9.9382056076731659e-02	   2.5283704663082741e-04	   9.7931287194518668e-01	   8.8074585162340835e-01	   4.2157400751428081e-01	   4.5561167754058463e-01	   4.8061137674002741e-01	   6.5791494230327296e-01	   8.8695995437129216e-01	   8.6384402399100013e-01	   6.3803598732266309e-01	   6.4191312769221809e-01	   6.8003572015210112e-01	   6.2171780066427251e-01	   7.0498801202379491e-01	   6.9868238200914201e-01	   8.0143584223231368e-01	   7.2331870391072473e-01	   7.9614202560275249e-01	   8.0352906681164082e-01	   1.0086037952918936e+00	   1.1804368319982195e+00	   1.1789244326367998e+00	   1.1286695242668638e+00	   1.2578550675322000e+00	   1.3101330289189677e+00	   1.6664216516764021e+00	   1.8144805729628386e+00	   8.1790163604752941e-01	   6.6427323071529376e-01	   6.2592380238376599e-01	   3.2514547476914002e-01	   1.3995244323849652e+00	   1.3230250818149698e+00	   5.0840040011739351e-01	   5.4118290181711526e-01	   8.6987565084312513e-01	   8.3645577339372956e-01	   1.1572554086602114e+00	   1.0717425646149845e+00	   1.1499049073631065e-01	   3.3192669398349489e-01	   7.5976723700594428e-01	   9.9513169970866033e-01	   5.4876235368861881e-01	   7.4087397698919533e-01	   4.2128379399834692e-01	   6.6017737880331495e-01	   1.1881588233809068e+00	   7.8407449139852059e-01	   1.5526884938159566e+00	   1.5662655751183319e+00	   1.0771985809054867e+00	   1.0265534135756751e+00	   1.1191324341006736e+00	   1.2309953897808998e+00	   7.2164295375423293e-01	   5.8289212213605213e-01	   1.0059758017858897e+00	   1.1442083022418350e+00	   8.6868726915631334e-01	   3.9162481877405603e-01	   6.7702443988433614e-01	   4.8579766773941080e-01	   3.9307206934114058e-01	   1.0853113462965121e-01	   8.3414352563112115e-01	   7.7812008806640343e-01	   8.2587110412862597e-01	   7.3125934811681004e-01	   8.1275713791879234e-01	   6.0204348968555466e-01	   6.5554437772578722e-01	   8.0162808764058446e-01	   3.9439246619291074e-01	   2.4745002035958147e-01	   2.9350593136214614e-01	   2.6299831107039895e-01	   3.0831846348101977e-02	  -1.8976777202454154e-01	   6.1725329546202112e-01	   7.4212217831606808e-01	   6.4881882263573898e-01	   6.0494215158889275e-01	   1.3003043322207175e-01	  -2.3156868073321638e-01	
   1.7745048232832694e+00	   0.0000000000000000e+00	   5.6995957660481833e-01	   4.4269688969183729e-01	   6.4456452362267103e-01	   6.5532828778264318e-01	   3.6231218993353814e-01	   2.8148034550071455e-01	   5.7258206261900046e-01	   7.5287790436871438e-01	   7.8085658300244520e-01	   5.5492494319212482e-01	   7.3863049268186631e-01	   6.9962366142072296e-01	   7.9296212442878589e-01	   7.6706321773825270e-01	   1.4051848490650374e+00	   1.5127317232846069e+00	   9.8215435038603394e-01	   1.3309396339490995e+00	   5.1942543752478521e-01	   3.7693915298102143e-01	   4.0999641906926498e-01	   3.3370330273973359e-01	   3.1504832052206355e-01	   4.9820155869733196e-01	   7.1058642324018795e-01	   6.9201523327889092e-01	   6.9843654691940127e-01	   4.8600093698217139e-01	  -4.4114464559418714e-03	  -4.9215534996418342e-02	   7.6730426264811047e-01	   7.3701971041384584e-01	   2.8046785598988461e-01	   3.0941756648083685e-01	   3.5450569447577496e-01	   5.2016041408415714e-01	   7.1909350308029418e-01	   7.1689488735693796e-01	   5.8566582692948677e-01	   5.5928024853029112e-01	   6.0034827041412675e-01	   5.3800828107816345e-01	   5.8234879953787244e-01	   5.8738950156530367e-01	   7.1564202156246914e-01	   6.5541967995282513e-01	   6.4925695720133425e-01	   6.8259956131280541e-01	   8.5159950966366194e-01	   9.9972263963261765e-01	   1.1077553792434316e+00	   1.1071621010817891e+00	   9.9288944807739532e-01	   1.1434927213084043e+00	   1.5285767604697871e+00	   1.8527588240578572e+00	   6.0722875380175001e-01	   5.1803507528485948e-01	   4.2622902578272426e-01	   2.4091239815237114e-01	   1.0925970433693246e+00	   1.1300972894375259e+00	   3.7301969472020796e-01	   4.3804420174036707e-01	   6.5403938258263816e-01	   6.5272123410374505e-01	   1.2347214658441725e+00	   1.1228418435616807e+00	   3.3638925235496824e-02	   2.2669941259223156e-01	   5.9946398699393844e-01	   7.6538272409651498e-01	   4.3629698411170947e-01	   5.7282789987853899e-01	   2.9676014994434341e-01	   5.3831437455652176e-01	   1.2125477787290773e+00	   8.9779184941986712e-01	   1.4637538062166640e+00	   1.4113513142183389e+00	   1.0008552132391066e+00	   8.9460184529798570e-01	   9.3214195360802177e-01	   1.0697058858683679e+00	   8.0520528291684812e-01	   5.9182572899634089e-01	   8.0359979489680589e-01	   9.7585782577119518e-01	   6.9473363703097879e-01	   2.3902438067640458e-01	   4.8400379356164047e-01	   3.2780056989153922e-01	   3.2603814018332955e-01	   1.3788019761370593e-01	   7.0214866828711109e-01	   7.0835388795604615e-01	   7.4426016056968469e-01	   6.4245537378980933e-01	   6.6724316151076091e-01	   4.2614430339266229e-01	   6.4335658710621568e-01	   5.8314525362816405e-01	   2.3633584862256210e-01	   1.1962762714648280e-01	   1.5382440554877974e-01	   1.5738500095660096e-01	   8.0103830220960071e-02	  -1.6263202426324383e-01	   5.6092293157571560e-01	   6.6515258295659008e-01	   6.0388898569083682e-01	   4.8702874609231012e-01	   2.3765647807307052e-02	  -1.7040156274779003e-01	
   7.0851221521482899e-01	   5.6995957660481833e-01	   0.0000000000000000e+00	   1.5833193740825848e+00	   4.1535333478529068e-01	   3.3325697649238167e-01	   1.0849307740441909e+00	   8.9225999583304028e-01	   5.1134145991861002e-01	   5.3651943572416083e-01	   8.9758136842690617e-01	   6.9382766793563422e-01	   1.0237217133162579e+00	   6.6644065196974522e-01	   1.0447730592646336e+00	   1.0861683817204693e+00	   5.6611387249898260e-01	   6.2851930271223544e-01	   1.0776738241225825e+00	   8.2430706632138784e-01	   6.3537855324298109e-01	   5.5798101162597713e-01	   1.6157185147819686e+00	   1.3299957495918922e+00	   8.0323039956187603e-01	   7.5546135136113723e-01	   5.4672870587830236e-01	   5.2363484260724902e-01	   5.7936140402755787e-01	   4.6512517457792157e-01	   8.5801178062653904e-01	   6.3940577010038147e-01	   9.6861712466086103e-01	   9.4948776419621739e-01	   6.4910298892753726e-01	   6.7542981741168506e-01	   6.3672309108380776e-01	   6.7915216955433177e-01	   7.5205648803204672e-01	   6.3842226733454011e-01	   6.8833951367857305e-01	   5.1118713775755131e-01	   5.3927160457126200e-01	   4.4210668820943033e-01	   4.1164263979138072e-01	   4.7508501056779534e-01	   5.3493299548877860e-01	   5.3429010947020372e-01	   4.4228665504626752e-01	   5.6844934401021341e-01	   5.7744356378122086e-01	   7.6263700014967295e-01	   6.1322886385885622e-01	   5.6859980492174167e-01	   7.7741268047878342e-01	   7.0177369645704890e-01	   5.3153390957907953e-01	   5.8197507490489864e-01	   6.3920039307186505e-01	   5.9189930766147925e-01	   8.0687733578869103e-01	   5.0266043858240894e-01	   8.4699198852450719e-01	   8.2910345525986595e-01	   1.1211019602430674e+00	   9.4861274779020377e-01	   7.2851499276342369e-01	   7.4385397408285725e-01	   4.1552955640107109e-01	   5.0093301559510928e-01	   6.2957833286630838e-01	   8.0254407591062915e-01	   1.0457059068374428e+00	   9.8207426193170055e-01	   9.3770260277485207e-01	   9.6068498335422103e-01	   6.1663800028043980e-01	   7.0267862799496983e-01	   3.7928817822298622e-01	   2.8311384059744871e-01	   6.6660229285610817e-01	   8.0858653806351910e-01	   9.7093902224431405e-01	   1.0244587659328237e+00	   1.0629539547683322e+00	   1.0114662472727305e+00	   8.1328754291658245e-01	   8.2929352524872302e-01	   9.2781614277622015e-01	   1.0945590963754868e+00	   8.3728738786700618e-01	   6.3028205962571326e-01	   9.7376301474445770e-01	   6.0282153909272540e-01	   3.7812543780183483e-01	   2.3708248039638873e-02	   6.4784031219640614e-01	   5.8147205773995581e-01	   6.1758452520059037e-01	   6.3879667895631320e-01	   8.1617632628994075e-01	   6.8346357369733834e-01	   5.3190039768954733e-01	   1.0167684354433288e+00	   5.0487516890244244e-01	   3.9504418249876960e-01	   4.1023915623542162e-01	   2.2326020965905152e-01	  -1.1838384489179618e-01	  -9.7740796427802951e-02	   6.8045373647829610e-01	   6.5187179185564681e-01	   4.9319696346308561e-01	   4.8828617852059120e-01	   3.1129621246355060e-01	  -4.6596196107213222e-01	
   5.2569596207561742e-01	   4.4269688969183729e-01	   1.5833193740825848e+00	   0.0000000000000000e+00	   2.3221560211863662e-01	   2.3842745108024699e-01	   9.9853172458308836e-01	   1.2039383405195914e+00	   3.6506809439936766e-01	   5.0679375898455559e-01	   7.7708831812603940e-01	   7.7357917844374846e-01	   8.4461732654796706e-01	   7.4209890892776686e-01	   7.5958953426533604e-01	   1.0996484347436200e+00	   4.6511446368627823e-01	   5.1555923895452582e-01	   9.3086858104179304e-01	   7.4260163920800415e-01	   5.0876855299240720e-01	   4.9219039024776329e-01	   1.3865554416765682e+00	   1.5604574195059917e+00	   6.7940987307200840e-01	   6.2818201239420890e-01	   3.3710438002482535e-01	   3.6128071232792003e-01	   5.7435964907290527e-01	   5.8965073218677988e-01	   1.0805358504330655e+00	   9.5967544586516607e-01	   8.7835360167119392e-01	   8.7563792385013006e-01	   5.9122175843702285e-01	   6.6529762691596095e-01	   5.7559536435721970e-01	   6.1145750087622286e-01	   6.4622933751948608e-01	   5.2514753887823562e-01	   5.7749524171613398e-01	   4.6124072571169278e-01	   5.3488091431878892e-01	   4.2444033190984132e-01	   3.4939095682021570e-01	   4.0104356482746201e-01	   4.8990371872250099e-01	   5.2898350710528541e-01	   3.4557854150266981e-01	   4.7585864087309532e-01	   4.4421822346758066e-01	   5.4155290989251559e-01	   4.6149626085821288e-01	   4.0539246552864672e-01	   6.2848877193625441e-01	   5.7308474426712686e-01	   3.5548146029574290e-01	   4.4468684449050211e-01	   5.2906714387997467e-01	   5.9334709800273133e-01	   7.1577111907793367e-01	   6.2413488882152335e-01	   7.3109878968573028e-01	   7.2878942633066657e-01	   1.0056883764182003e+00	   9.4581040703886221e-01	   6.0256275400116688e-01	   6.2992079915010979e-01	   3.0089275614930261e-01	   3.5618785437151507e-01	   6.2596354479670069e-01	   7.7402686106134566e-01	   9.1919900495543838e-01	   8.2815774523797403e-01	   9.4580066093342396e-01	   9.3232611525231079e-01	   6.3991968169320912e-01	   7.2408907712716064e-01	   3.0938550624438149e-01	   2.7276019370553828e-01	   5.5429957019765419e-01	   6.5747625018978328e-01	   8.1575565093662450e-01	   8.9343581362647084e-01	   8.0341381520981614e-01	   8.3336762787441054e-01	   7.8175769095813763e-01	   7.8722385489972546e-01	   7.2489581446623363e-01	   9.0093057764436513e-01	   7.3183707590884706e-01	   4.4953163875070734e-01	   8.3228656948690460e-01	   3.7027640705957193e-01	   2.7798108020109324e-01	   5.0699138235325382e-02	   5.2909843691487390e-01	   5.7824991539494242e-01	   5.5876691672638068e-01	   5.5094117438742984e-01	   6.7854970332787790e-01	   4.9402675208268521e-01	   4.2744179824285983e-01	   7.7768615830347310e-01	   4.3354577578412812e-01	   3.6761705673344675e-01	   3.3278344381521818e-01	   1.4503807773553132e-01	  -1.3111820533182095e-01	  -2.5642425879287386e-02	   6.2884486224390979e-01	   6.1246175067796194e-01	   4.8970450642671193e-01	   3.9595716263274267e-01	   2.6002999131234839e-01	  -3.8547718237327627e-01	
   7.5214208271064775e-01	   6.4456452362267103e-01	   4.1535333478529068e-01	   2.3221560211863662e-01	   0.0000000000000000e+00	   1.3200280032266019e+00	   3.9375869191027080e-01	   1.3949560597343949e-01	   1.2302968344894483e+00	   1.0043288714003789e+00	   6.6869819604524039e-01	   4.2598130548089669e-01	   6.5979123011325946e-01	   4.9342507775058919e-01	   8.7864797047687349e-01	   5.9543787535578963e-01	   7.7622407587066755e-01	   7.2263209107446325e-01	   6.3542878762959276e-01	   6.6306463670127880e-01	   5.1425741624884669e-01	   5.3546015644114919e-01	   3.7484159240340720e-01	   1.8112091384672180e-01	   3.0559085982296086e-01	   5.1444839081874072e-01	   1.0594205814441138e+00	   9.0666471372354052e-01	   5.0773574116039055e-01	   2.0023355994442865e-01	  -5.5274128655796811e-02	  -2.0065030293935862e-01	   5.2136998464667172e-01	   5.9328450786802922e-01	   2.6267061209370129e-01	   3.6757188902442722e-01	   3.6878988963815834e-01	   4.0105041634376420e-01	   5.9551393566508681e-01	   5.9537952501032354e-01	   5.4375534963407679e-01	   5.6151454379430299e-01	   3.1531863312550767e-01	   3.7175019252960351e-01	   4.9279605246958391e-01	   5.5242358570534200e-01	   3.8245335790689833e-01	   3.7592241074829208e-01	   5.8151160762948473e-01	   5.5358285728783152e-01	   6.9180112959284334e-01	   8.0711880042427220e-01	   8.6572613530189146e-01	   7.0841394816927183e-01	   1.0268443381830907e+00	   8.5313284546577850e-01	   9.5936224205763398e-01	   8.2991868877197539e-01	   6.0669095958029950e-01	   4.7382362429577712e-01	   5.4452527902532188e-01	   2.4410001373010312e-01	   8.0876652786089165e-01	   8.2924267509104554e-01	   2.2863832368876669e-01	   4.0340076091604660e-01	   6.5088723542057447e-01	   6.2777584942690345e-01	   5.4691129169649877e-01	   5.6916690445342777e-01	   5.2802067447947507e-02	   2.3286304622122442e-01	   4.7783019388927239e-01	   6.8925624013058240e-01	   2.4253027541102823e-01	   5.1860791331081035e-01	   2.8705601776569528e-01	   4.0291123912679666e-01	   6.5698624909761238e-01	   3.2981696260755972e-01	   8.2077435881915028e-01	   7.5826522148008579e-01	   7.5031669043289939e-01	   6.1667116934556176e-01	   7.0762839882833140e-01	   7.3629951002462957e-01	   3.9817802088154458e-01	   4.4823842947618972e-02	   8.3078942587630455e-01	   7.0892762488384864e-01	   7.8770560518149457e-01	   6.2536375907546049e-01	   6.5041748127910703e-01	   8.8290441609794912e-01	   4.1256772722536084e-01	   1.2558201984513144e-02	   5.5573350780692976e-01	   4.1902183539045867e-01	   6.6495936833089853e-01	   6.0357954201942865e-01	   7.4205571298281348e-01	   9.0179658079409575e-01	   4.9719381687613107e-01	   6.4723177764660289e-01	   3.2679052532577751e-01	   2.2313667896212955e-01	   1.8478374538002187e-01	   3.0234151041639656e-01	  -1.3737361307546198e-01	  -2.9583983164969219e-01	   4.4172853740618850e-01	   7.3123247918989243e-01	   5.8312391464809921e-01	   5.9606244804634734e-01	   1.0771623366059033e-01	  -1.4778509534284678e-01	
   7.6476188818449897e-01	   6.5532828778264318e-01	   3.3325697649238167e-01	   2.3842745108024699e-01	   1.3200280032266019e+00	   0.0000000000000000e+00	   3.9192275964250822e-01	   2.2578849295011696e-01	   1.0859640997465296e+00	   1.3012137137218323e+00	   7.0875584039355555e-01	   5.9713626538809295e-01	   5.7754194427950867e-01	   6.4676297419149942e-01	   7.0357055456402140e-01	   6.4967308879156704e-01	   8.1049381353546046e-01	   7.6735759188206720e-01	   6.9615287539624493e-01	   7.7408310381859746e-01	   4.7244734010161987e-01	   4.3038064798041564e-01	   2.8988450177158842e-01	   1.9964020617072709e-01	   1.3817199095996599e-01	   4.6089237005298728e-01	   8.0049164774384352e-01	   9.0127676007336333e-01	   5.6669477296235859e-01	   2.7662335472261651e-01	  -6.3059619029952024e-02	  -1.7670270291380047e-01	   5.7803440830464659e-01	   6.3430976906401970e-01	   1.6594494631781950e-01	   3.3974694325729776e-01	   3.9358643233663543e-01	   4.2650668152652349e-01	   6.0184557938942129e-01	   6.6757476056877196e-01	   4.4337784415887083e-01	   5.2894426724266130e-01	   4.4373284943788871e-01	   4.8539208733297712e-01	   5.9083103749104771e-01	   6.6986586234250745e-01	   5.1181189500209379e-01	   5.2229101815664269e-01	   7.2738718138623792e-01	   6.3213889260631495e-01	   7.4127724610992818e-01	   7.4140752416180100e-01	   8.4122495465240110e-01	   7.0912313074516375e-01	   1.0731078489610473e+00	   9.8242771437451915e-01	   9.5972231182200263e-01	   8.8173862210579768e-01	   7.0535818415883489e-01	   6.7243818338841244e-01	   5.8967347917781343e-01	   3.5546561629273732e-01	   7.8065933918617603e-01	   8.0897330898447184e-01	   1.7651023430431045e-01	   3.5490428902644722e-01	   7.2390895724916604e-01	   6.9099057297262956e-01	   5.8393965739380449e-01	   6.1656252233866238e-01	   1.1758365916148905e-01	   2.5104093946766426e-01	   5.2653320569608553e-01	   6.6719683006789254e-01	   3.5645506761190293e-01	   5.5824575032590640e-01	   3.5739323207469348e-01	   4.9127691741859980e-01	   7.4104633829013478e-01	   4.9726407685380142e-01	   8.2303690028655474e-01	   7.7921395481625833e-01	   6.7181791041135430e-01	   5.9268303289970792e-01	   6.4747039145433904e-01	   7.4918824085072522e-01	   4.2095629103990451e-01	   5.0127177074757646e-02	   8.0111807539790347e-01	   7.1268481786912619e-01	   7.9146376086207104e-01	   5.7810919435958041e-01	   6.6042811908789067e-01	   6.8281266577176336e-01	   4.2792692032122692e-01	  -4.5915584303405067e-02	   5.7611036582076514e-01	   5.2736815135839599e-01	   7.6960310818424538e-01	   7.7093755693380328e-01	   6.7925824163346049e-01	   8.1288476294565459e-01	   3.7216294411245610e-01	   5.7728283962257199e-01	   3.2788365755612087e-01	   2.7031604519211488e-01	   1.9721064860907431e-01	   2.5864657361502902e-01	  -2.0551388439100857e-01	  -2.8057591619850103e-01	   4.8203441714347367e-01	   7.9561050371073483e-01	   7.0570123817971964e-01	   6.4845274386535201e-01	   1.1920275057365606e-01	  -6.0954382573460204e-02	
   4.9787932292905063e-01	   3.6231218993353814e-01	   1.0849307740441909e+00	   9.9853172458308836e-01	   3.9375869191027080e-01	   3.9192275964250822e-01	   0.0000000000000000e+00	   1.1205753583814748e+00	   6.5766642822327603e-01	   6.0423343668073948e-01	   1.1064512238525843e+00	   1.0176230650806846e+00	   1.1492025874633442e+00	   8.2806087702918352e-01	   8.4630028996055873e-01	   8.0761522598752644e-01	   4.7639114850279385e-01	   4.6224292560599045e-01	   1.0326254053331883e+00	   6.5625158872757727e-01	   4.0533734976429336e-01	   3.3562938559153865e-01	   9.2774800791157297e-01	   9.0387804370874825e-01	   3.8119026792925598e-01	   3.9553581026601897e-01	   3.3086496874073112e-01	   2.9533148575606699e-01	   5.7587339462774589e-01	   3.9797130903264910e-01	   5.8707034488180532e-01	   4.3379298288844870e-01	   1.0692238446923790e+00	   1.0384250367349874e+00	   4.8327575495830238e-01	   6.2377448660440560e-01	   5.9300850919422132e-01	   5.3376424967051550e-01	   6.2584093632066595e-01	   6.3840279613177775e-01	   5.2210973708189035e-01	   4.3991924348460959e-01	   5.9048450604465508e-01	   5.2485244587846280e-01	   6.3113351965902142e-01	   6.8634633219427654e-01	   5.7067930692484548e-01	   5.8946713896300706e-01	   6.5679431655066500e-01	   7.5895683924221236e-01	   6.5311185652877424e-01	   6.8734554972985806e-01	   4.9360829176571547e-01	   4.7984039045443760e-01	   7.7276194054398573e-01	   7.0017048331102694e-01	   4.6281253441597220e-01	   4.0360260319470120e-01	   9.3500611466288364e-01	   7.5433927715606131e-01	   1.2874338007848316e+00	   7.6372732211348859e-01	   6.1997333848863312e-01	   7.0504467140274718e-01	   7.1463902099072252e-01	   7.8627868417335645e-01	   9.4995088233929448e-01	   9.0206396058276617e-01	   1.9242045018447296e-01	   2.8931077925140392e-01	   5.4206998205535384e-01	   7.4375364396221788e-01	   8.4570263283854008e-01	   7.7345898576215466e-01	   8.0859443142073650e-01	   8.8031174132025025e-01	   7.6045011679152508e-01	   6.3812907174587119e-01	   3.1194467250460217e-01	   1.8698835326194729e-01	   4.3085836698056357e-01	   5.3036906586273225e-01	   6.7165857117250527e-01	   6.8770928367533035e-01	   7.2544756244255637e-01	   7.5370269053616734e-01	   4.0196595017568132e-01	   4.1071722573892189e-01	   8.6237721004007595e-01	   8.9006504633563366e-01	   1.0036530659256937e+00	   9.1797728004954615e-01	   1.0496467681327242e+00	   7.8082533068115956e-01	   3.7604044821773169e-01	   7.6171839505162667e-02	   6.5886833923973576e-01	   5.6783246176042657e-01	   7.9794410951636818e-01	   8.7651753775935592e-01	   1.0648942658170015e+00	   8.7799036597260638e-01	   5.9920621056103551e-01	   1.0207114488522027e+00	   5.4945729059883597e-01	   4.9011081376344900e-01	   5.1960764292633455e-01	   3.7106675205830553e-01	  -1.5995875713819316e-01	  -1.1590162731333489e-01	   7.1076182167007262e-01	   8.3863302088687741e-01	   7.2341763350101029e-01	   5.9027173742231687e-01	   3.6105475666915648e-01	  -2.8130570672672323e-01	
   3.6326809543254041e-01	   2.8148034550071455e-01	   8.9225999583304028e-01	   1.2039383405195914e+00	   1.3949560597343949e-01	   2.2578849295011696e-01	   1.1205753583814748e+00	   0.0000000000000000e+00	   4.0631475555417351e-01	   6.0777222239456186e-01	   8.1240540586572130e-01	   1.1484443569957588e+00	   8.4089858334866185e-01	   9.5672118414103324e-01	   5.4071700022995073e-01	   7.6993678885638972e-01	   3.7881124818685374e-01	   3.8594364171553980e-01	   7.4809821582332503e-01	   5.5678048381955270e-01	   2.6450901589769704e-01	   2.6995311387513654e-01	   9.4147666883122960e-01	   1.1168415044922921e+00	   3.4012228649891141e-01	   3.9348621373258563e-01	   8.3614944830011653e-02	   1.1492731757054069e-01	   6.0618271074074825e-01	   6.5069669211504544e-01	   8.0087568762119699e-01	   7.9927683859842080e-01	   9.1901569744972089e-01	   9.3004320673045371e-01	   5.3041927762472518e-01	   7.3712305227685959e-01	   4.5582465549658269e-01	   4.6274665965453371e-01	   4.6905913575958136e-01	   4.8525654035214938e-01	   4.0748293565628418e-01	   3.4992487424388058e-01	   7.3503252713987777e-01	   5.6665063735943466e-01	   5.7965700086743932e-01	   6.2325152140491102e-01	   5.9784580825354838e-01	   6.5768797154470171e-01	   5.3498711523392695e-01	   6.8729592784614002e-01	   5.5621943337527968e-01	   5.1169940734617980e-01	   4.3292565068535971e-01	   3.9580733848968419e-01	   5.9949063565247607e-01	   5.5996770244635319e-01	   2.7901417987839711e-01	   3.2876574426114447e-01	   6.3449367547883451e-01	   7.6465696984077836e-01	   8.3506902339547340e-01	   1.0942587452765153e+00	   5.4674794234844781e-01	   6.2761953944961590e-01	   7.0207592760934201e-01	   7.6812705239128898e-01	   7.4453888927975498e-01	   7.8698773644512088e-01	   8.2315284865069852e-02	   1.8142685141862869e-01	   4.8696794150073364e-01	   7.5425766677810968e-01	   6.5520877606915762e-01	   6.1680990655687984e-01	   6.7355507462268038e-01	   7.5929304301939093e-01	   6.5761040837024376e-01	   6.8927449109317973e-01	   2.9867696976024599e-01	   2.5601223585721616e-01	   3.9875150737879106e-01	   4.7157571404267129e-01	   5.2604300034628515e-01	   6.3308544791648580e-01	   5.8063245686939680e-01	   6.6463083292206260e-01	   3.9426621495859576e-01	   3.7082649369696130e-01	   5.6467619993629714e-01	   6.7711015455324541e-01	   9.0611030482579269e-01	   5.9813679447201995e-01	   9.1383985603127083e-01	   3.4006271193278403e-01	   2.0668063843045897e-01	   5.9051506946496884e-02	   5.3542079499070383e-01	   5.8628385260860905e-01	   7.0651772307482397e-01	   6.2990982522972339e-01	   7.5725471983046921e-01	   4.7746116310967585e-01	   4.8588241731329246e-01	   7.1974265250444835e-01	   5.0427025773636869e-01	   5.3914066805030858e-01	   4.1341252529567396e-01	   2.0721456224632240e-01	  -2.6246176190054199e-01	  -8.7145162517922467e-02	   7.0782811448992877e-01	   6.9604300112435924e-01	   6.7938072270027605e-01	   4.8888754103145854e-01	   3.7595307143220225e-01	  -1.9648780159114490e-01	
   7.0361821285659409e-01	   5.7258206261900046e-01	   5.1134145991861002e-01	   3.6506809439936766e-01	   1.2302968344894483e+00	   1.0859640997465296e+00	   6.5766642822327603e-01	   4.0631475555417351e-01	   0.0000000000000000e+00	   1.1945082203494570e+00	   9.0656710163562959e-01	   7.1860643167952709e-01	   8.4915144532419562e-01	   6.8617852614938113e-01	   8.6624021794354189e-01	   7.3627870514589888e-01	   7.2434009262419230e-01	   6.7858258305569763e-01	   7.7914453295026809e-01	   6.8330623864444229e-01	   2.7396867691523064e-01	   2.9126916952704046e-01	   4.8042777487618227e-01	   3.0764452261100833e-01	   1.2875989385390674e-01	   3.2901389090194094e-01	   5.3476933922139114e-01	   5.0973632158744597e-01	   6.7251275576241010e-01	   3.5592349163073661e-01	   4.5388825183084847e-02	  -1.0016605463504828e-01	   6.8646010458581985e-01	   6.5831547033513771e-01	   1.4567947695213648e-01	   3.1795432513717031e-01	   2.7605401402198704e-01	   3.2458172779944705e-01	   4.7032570662223039e-01	   5.1906914598978160e-01	   4.5466490969057238e-01	   4.2246169858226679e-01	   5.2829336478901490e-01	   5.2670030672590840e-01	   6.1169881620766564e-01	   6.6754356403876036e-01	   5.4909265085413739e-01	   5.3349512585515213e-01	   7.0519000395268672e-01	   6.9480227316583820e-01	   8.5412022334395465e-01	   8.5501531238292161e-01	   9.8300211466331477e-01	   8.5003181398706584e-01	   1.0150382459104745e+00	   8.4116544518503122e-01	   7.8199080431221979e-01	   7.2238219210200427e-01	   7.2773175572062065e-01	   5.8456993118141842e-01	   7.6395696407152136e-01	   4.7029763270324265e-01	   7.6752776448698434e-01	   8.4224540249498547e-01	   2.9486251263906904e-01	   4.2747814645297322e-01	   7.5993749825570100e-01	   7.0855132648561225e-01	   4.1227492626309814e-01	   4.5287191101665303e-01	   1.6188804225715683e-01	   4.0150105646477224e-01	   5.4277516687674310e-01	   6.8517790265739098e-01	   3.3464378809288592e-01	   6.0558972576505909e-01	   3.9438519839700381e-01	   4.2153305312408923e-01	   6.2556359686702490e-01	   3.3603070446231620e-01	   7.1860995128562444e-01	   6.7449709564137628e-01	   6.6071542188422061e-01	   5.3269038606973496e-01	   6.5792250508392724e-01	   7.3558472752771431e-01	   3.6740012800649269e-01	   3.1256204940249055e-02	   8.1606386590956337e-01	   7.3988848739922874e-01	   8.9715559605753725e-01	   7.1215543290043481e-01	   7.6547409670594335e-01	   8.1612100615122818e-01	   2.2285296542859734e-01	   2.2395727893473653e-02	   5.0513686396600321e-01	   4.8592963501121278e-01	   7.9304273914405710e-01	   7.5031601147411930e-01	   8.0215825476801228e-01	   8.8313298482483393e-01	   4.7295197319435950e-01	   6.7081383928109095e-01	   2.8287658502439084e-01	   2.2789444577965245e-01	   1.5158443889250081e-01	   1.8743803910161275e-01	  -2.5008317657116208e-01	  -3.4732407141445282e-01	   4.4957365881867656e-01	   8.9034064276187463e-01	   6.3583018896246735e-01	   5.1860449235762873e-01	   1.2098199824615430e-01	  -2.8406042322130776e-01	
   8.5378058625421516e-01	   7.5287790436871438e-01	   5.3651943572416083e-01	   5.0679375898455559e-01	   1.0043288714003789e+00	   1.3012137137218323e+00	   6.0423343668073948e-01	   6.0777222239456186e-01	   1.1945082203494570e+00	   0.0000000000000000e+00	   1.0665788480485439e+00	   9.9725381412259650e-01	   9.2319755073771714e-01	   1.0674621837935017e+00	   8.1200419339691932e-01	   9.3796036393785698e-01	   1.0205926805987109e+00	   9.3743405678668135e-01	   9.4878280366341128e-01	   9.3280197098107664e-01	   4.2742252110865298e-01	   4.4893540296742052e-01	   4.9365406175260673e-01	   4.5198971901661322e-01	   1.5177843721474202e-01	   4.4142669400339529e-01	   5.7840362564020742e-01	   6.3176901684345743e-01	   9.0965465236822096e-01	   5.6678742807570570e-01	   1.4315362595277889e-01	   8.7739962096434795e-02	   8.7293548118483455e-01	   9.4413074500349936e-01	   2.6367808370628931e-01	   4.7408597011794751e-01	   3.7150795840899431e-01	   4.9378649026040927e-01	   6.2739970678483292e-01	   7.0237114267199119e-01	   5.0597192913539790e-01	   5.9101109655463269e-01	   6.1639348708840258e-01	   5.6580870322620136e-01	   6.7208693125123020e-01	   7.6240043415208703e-01	   6.4892252666203032e-01	   6.2474213466046202e-01	   7.6889862549731203e-01	   8.0631528110311179e-01	   9.0431693747375042e-01	   9.1386121656746910e-01	   1.0513650009999780e+00	   9.0101158279839233e-01	   1.2578177092186209e+00	   1.0873271468941859e+00	   9.9882706580312963e-01	   9.7557063948893785e-01	   7.5379420579372369e-01	   7.4870876732852043e-01	   7.4262222364443065e-01	   6.8519832146008508e-01	   1.0437200072914514e+00	   1.1080051709705629e+00	   3.3399877580290699e-01	   5.8617960444591388e-01	   8.4314652417670422e-01	   8.4979890835035232e-01	   5.3700105760519545e-01	   5.8628966495702506e-01	   1.7553369698836024e-01	   4.4372447917222740e-01	   6.7008606867647225e-01	   8.6813187862213337e-01	   4.6655671675697963e-01	   7.3529689050865543e-01	   4.4829510497649194e-01	   6.0139415492663062e-01	   9.1939400647350888e-01	   5.9399689184357241e-01	   1.0166783597606746e+00	   9.6164546625103609e-01	   8.2263199621749106e-01	   7.9099897759839299e-01	   8.3229695803742398e-01	   1.0394352386397998e+00	   4.8157457382660673e-01	   1.7210852872864013e-01	   8.6114180044791699e-01	   9.0885927668271527e-01	   1.0574259829563997e+00	   5.3076741123183635e-01	   8.3874799539503464e-01	   5.3408953084289634e-01	   3.5869288607806649e-01	   2.6220001293575886e-02	   6.4261248882762079e-01	   5.8874451511127235e-01	   9.2077808832546859e-01	   7.6160958887271446e-01	   8.3262050182891123e-01	   6.8071019865872051e-01	   4.5171141126674463e-01	   6.6507722356740950e-01	   3.3884280334260031e-01	   3.1575688263033219e-01	   1.5479157114099390e-01	   1.7344630076380158e-01	  -2.6563593322130519e-01	  -3.1814331250481520e-01	   5.7566015316910313e-01	   9.4925099800883650e-01	   7.5241844049476181e-01	   6.2179258692696471e-01	   1.2729316829000950e-01	  -1.9628605138762736e-01	
   1.0234494305622885e+00	   7.8085658300244520e-01	   8.9758136842690617e-01	   7.7708831812603940e-01	   6.6869819604524039e-01	   7.0875584039355555e-01	   1.1064512238525843e+00	   8.1240540586572130e-01	   9.0656710163562959e-01	   1.0665788480485439e+00	   0.0000000000000000e+00	   1.2723968901173435e+00	   1.8194983690428705e+00	   1.3353787185519643e+00	   1.1380791804644546e+00	   1.1757157171711998e+00	   1.0383361029441944e+00	   1.0381722040127328e+00	   1.5328791125581369e+00	   9.7428097483693299e-01	   5.4208780027079362e-01	   4.7450824055768187e-01	   7.7499023861850613e-01	   7.2676930112846694e-01	   3.4910220186869906e-01	   4.9421494601384147e-01	   5.3083026090518515e-01	   5.4939379850654446e-01	   1.0597443924124350e+00	   6.3279365298561541e-01	   4.0947476888664913e-01	   2.7413409232659075e-01	   1.3897790513608084e+00	   1.3364565950833889e+00	   4.6372041245119189e-01	   5.8019594933481100e-01	   6.2406566561978050e-01	   6.9304835670482445e-01	   8.2089960285327945e-01	   8.6673841775772764e-01	   6.7793977302566055e-01	   6.8115350521185380e-01	   7.1232704620515230e-01	   6.7159226450342913e-01	   7.7380922574657929e-01	   8.2168041884481435e-01	   7.7631063358995633e-01	   7.5459867053285890e-01	   8.2928695494775284e-01	   8.9717478346615731e-01	   9.3537422589343688e-01	   9.7435425060024705e-01	   8.2887103481338964e-01	   8.0138301487996022e-01	   1.2063656643795535e+00	   1.1886594999043141e+00	   9.9397531621332436e-01	   9.1088567644574614e-01	   9.7097069269118730e-01	   8.0156801486613238e-01	   1.1183881981614268e+00	   7.2351506309958746e-01	   1.1586604768939412e+00	   1.2429058247436446e+00	   6.0882892745570705e-01	   7.1769716539400275e-01	   1.0006971785691638e+00	   9.6612611872995990e-01	   4.6798129254752530e-01	   5.0695404541206468e-01	   3.2360752090019607e-01	   6.5907338562969564e-01	   1.0482416894655004e+00	   1.2711129600707443e+00	   8.7286024325007616e-01	   1.0699741157222016e+00	   7.6772458952063405e-01	   7.9182169935607216e-01	   8.0206492034062604e-01	   5.2158983905108236e-01	   9.4170298685572051e-01	   1.0396631524764972e+00	   9.8962379475558326e-01	   1.0633216045789742e+00	   1.0414571780393245e+00	   1.1736288261899799e+00	   5.1112467639263626e-01	   4.5227347407765234e-01	   1.0865117376513462e+00	   1.1861676366660534e+00	   1.2808229631773540e+00	   6.9046435903041004e-01	   1.0477353740186672e+00	   6.3911817062333642e-01	   4.3297067898022334e-01	   5.2947267119203979e-02	   7.6156446107689935e-01	   7.3282828326627814e-01	   1.0503977928000456e+00	   9.3454813285471849e-01	   1.0745399885761999e+00	   8.0259757395033149e-01	   5.4048950362945902e-01	   1.0070794412404651e+00	   4.8503513394288467e-01	   4.2382199308525592e-01	   4.0478497243363909e-01	   2.6640293868183684e-01	  -1.9427149692398279e-01	  -1.7535291341911402e-01	   7.2675616330096682e-01	   9.3472352788431878e-01	   7.3888760568528289e-01	   6.8436042237310801e-01	   2.8792903397048453e-01	  -3.5629797947493663e-01	
   6.6239071287497331e-01	   5.5492494319212482e-01	   6.9382766793563422e-01	   7.7357917844374846e-01	   4.2598130548089669e-01	   5.9713626538809295e-01	   1.0176230650806846e+00	   1.1484443569957588e+00	   7.1860643167952709e-01	   9.9725381412259650e-01	   1.2723968901173435e+00	   0.0000000000000000e+00	   1.0974261959037932e+00	   1.5285552331513184e+00	   7.0244280370677015e-01	   9.5117587471871090e-01	   7.0120634728518316e-01	   7.0086806082338171e-01	   1.0523633084020230e+00	   7.8864459540077125e-01	   3.5391188076002872e-01	   3.1353711225916281e-01	   6.7076566294438489e-01	   7.6390579490611954e-01	   1.9775750196285483e-01	   3.9451583708971855e-01	   2.8307481726431671e-01	   3.3188382188754434e-01	   9.6043587190312263e-01	   6.9582783215933808e-01	   3.8474021279715637e-01	   3.5133460290643653e-01	   9.7119797365931115e-01	   1.0138161200096503e+00	   3.3484234456156842e-01	   5.2443829200727421e-01	   5.6051351729065368e-01	   5.6695774355166084e-01	   6.7878275273679323e-01	   7.9397270213210847e-01	   6.5991264042655740e-01	   6.0978203647038010e-01	   7.8826243832929133e-01	   6.9703301679529761e-01	   7.3533537414021977e-01	   8.1092163697207420e-01	   7.7898596174664037e-01	   8.3757021720142255e-01	   7.5009264722107838e-01	   8.7772982060018967e-01	   7.7776136778838723e-01	   7.2266825373039068e-01	   6.7900423465897219e-01	   6.1145650213927827e-01	   9.7334042443645918e-01	   9.7054704634955113e-01	   6.4952830844618259e-01	   6.6980921321798248e-01	   8.6792789865951681e-01	   9.7737442077942338e-01	   9.7053379048194743e-01	   8.6657313324802210e-01	   8.2268066067789203e-01	   9.0186178433986208e-01	   4.7398155912190160e-01	   6.5093139381085019e-01	   9.2427061100911634e-01	   9.0954926548632964e-01	   3.3524880193857592e-01	   3.8438085674081995e-01	   3.3521720277277089e-01	   6.3905700954098255e-01	   8.6465939100694822e-01	   8.7690184936875992e-01	   7.5204871200589662e-01	   8.8692913236350690e-01	   7.4652205691094153e-01	   7.4033710238692418e-01	   6.2381813480874293e-01	   4.6683232329536173e-01	   7.1264284871555639e-01	   7.4418589847934025e-01	   7.6366835465135086e-01	   8.0558161760636104e-01	   7.4558186456425735e-01	   9.2105013235635924e-01	   4.5148402750472322e-01	   3.2821174632538769e-01	   8.0193324131769417e-01	   9.3465494086478340e-01	   1.1496463916851420e+00	   5.9101763765915616e-01	   1.0038361506982743e+00	   4.6135231394578469e-01	   3.6237776059710508e-01	   1.6064646425099888e-01	   6.9495325550430642e-01	   8.1775624924657031e-01	   1.0292545744685542e+00	   8.0657084975243565e-01	   9.6632959499863269e-01	   5.9696362054705476e-01	   6.0168963009172816e-01	   8.1108163376236964e-01	   5.3961214768872034e-01	   4.8840271490464615e-01	   4.2750151652912283e-01	   2.5707186536774856e-01	  -2.2806752276078865e-01	  -1.1228577359725690e-01	   8.3171325074507918e-01	   9.2853544741204241e-01	   8.2785364428377861e-01	   6.2912292700353067e-01	   3.3954338204942275e-01	  -2.1294045176764645e-01	
   9.4253564451633920e-01	   7.3863049268186631e-01	   1.0237217133162579e+00	   8.4461732654796706e-01	   6.5979123011325946e-01	   5.7754194427950867e-01	   1.1492025874633442e+00	   8.4089858334866185e-01	   8.4915144532419562e-01	   9.2319755073771714e-01	   1.8194983690428705e+00	   1.0974261959037932e+00	   0.0000000000000000e+00	   1.1390037795415957e+00	   1.3028536305716165e+00	   1.1165034340314217e+00	   9.6849944043043223e-01	   9.6444588229890937e-01	   1.3547601004252066e+00	   8.7415785275378821e-01	   5.5798242391586661e-01	   4.8537013176278965e-01	   9.4961051146155828e-01	   8.0987758848549773e-01	   4.2121348258684205e-01	   4.8774518786168986e-01	   5.5266437874677699e-01	   5.2503290522990342e-01	   9.8942507275954561e-01	   6.2786346366102941e-01	   4.6710105770984345e-01	   3.0825073521161822e-01	   1.3134211828016891e+00	   1.3137525462846802e+00	   5.2722208308278917e-01	   6.1683301983139960e-01	   6.3105122060318430e-01	   6.2416220247448806e-01	   8.5616178712464452e-01	   8.0375117708353505e-01	   7.0137714801926299e-01	   6.5033098122322197e-01	   6.4575469452621936e-01	   5.9371126542600305e-01	   6.8395439598876862e-01	   7.4593796021177894e-01	   6.8436885547494752e-01	   6.5308378075440832e-01	   7.4116911965792098e-01	   8.4272697990567524e-01	   8.6927197866004191e-01	   9.8406100530710705e-01	   8.5165169585695033e-01	   7.9041747679085284e-01	   1.1700370735472181e+00	   1.0370025835348455e+00	   9.2519371701126674e-01	   8.4112860762565855e-01	   9.1152502305323468e-01	   7.6552331717670175e-01	   1.1258974980164789e+00	   7.3463512333492453e-01	   1.1679993664648425e+00	   1.1907453417126577e+00	   7.4355251384130128e-01	   7.9368035845477802e-01	   9.4150368598139056e-01	   9.0780861950793135e-01	   4.4772226741686233e-01	   4.9446875917870370e-01	   3.7707849576475244e-01	   6.9587398122787048e-01	   9.8340882906941085e-01	   1.1744631314177025e+00	   7.9652732680265514e-01	   1.0430843074337115e+00	   6.5867354409594292e-01	   6.5277905798488078e-01	   7.2594944935417238e-01	   4.8005431150565758e-01	   9.3581840301673713e-01	   1.0242494259857400e+00	   1.0623296909304754e+00	   1.0784230823969359e+00	   1.2160186128975010e+00	   1.2354348048971793e+00	   5.3281906739614959e-01	   4.8321008725424258e-01	   1.1861405905369160e+00	   1.2377976349621169e+00	   1.2181495905697357e+00	   7.3544252940506571e-01	   1.0929129877961763e+00	   7.1012407423921686e-01	   4.0594149115274664e-01	   9.9662274676128190e-02	   7.8303027551661686e-01	   6.3586505174043184e-01	   9.0102437798009805e-01	   7.9985900676221866e-01	   1.0404112473830669e+00	   8.4564753335342457e-01	   6.2641522167596064e-01	   1.1318566717445788e+00	   5.3672741348049824e-01	   4.8646466725948767e-01	   4.4185131285192319e-01	   2.8642453879922597e-01	  -1.7935761746132214e-01	  -7.7569643655883549e-02	   8.0015286275740183e-01	   9.1827762758523157e-01	   7.4722586562717108e-01	   7.0624436168350579e-01	   3.1399214205527914e-01	  -4.2221809164907137e-01	
