   0.0000000000000000e+00	   1.2014878424623325e+00	   6.0918788431901549e-01	   6.5543430294903149e-01	   4.6266606037789332e-01	   3.5560135549286392e-01	   4.3872544687723286e-01	   5.2703290762641153e-01	   4.0787153130875375e-01	   4.6709504415763614e-01	   7.8545667066746405e-01	   8.4329656733856617e-01	   4.7232141540649858e-01	   5.2039278226900598e-01	   4.4171399678644951e-01	   7.3498478235631115e-01	   7.4750244339763261e-01	   6.1108041640630506e-01	   9.1045968468623717e-01	   6.4792429601703683e-01	   4.2383583862635260e-01	   4.4089069514934132e-01	   4.1051717533313747e-01	   4.6475794170698825e-01	   3.4223249906162578e-01	   4.1806382164629163e-01	   3.2059427869944546e-01	   5.5369899499497433e-01	   4.3686036465204753e-01	   4.3495318740085720e-01	   4.3636303621217742e-01	   3.9266032045013100e-01	   8.8931246373705553e-01	   7.8993465031267540e-01	   4.5755966489141142e-01	   3.1914786390220162e-01	   9.3402409154833321e-01	   3.5602610905110571e-01	   8.6050939435393958e-01	   6.0446015067060610e-01	   8.5838230401515991e-01	   1.0425698292186905e-01	   4.5365791505751241e-01	   3.9883622695334653e-01	   4.2210956464754090e-01	   3.4597177011293179e-01	   5.5325412083365677e-01	   5.1189910768692415e-01	   3.9750888760404512e-01	   3.4727308777612487e-01	   5.4765639219550499e-01	   3.3756917148457022e-01	   6.4721721040764801e-01	   4.6064616442143935e-01	   9.2230286511468029e-01	   6.5525260380290962e-01	   1.2358622608135523e+00	   7.5032249805308648e-01	   1.0296314133350772e+00	   7.2226961353416763e-01	   8.8711849906593987e-01	   7.1389033347292097e-01	   7.6997083509249797e-01	   6.1570255390923356e-01	   4.6088244175413162e-01	   4.6995245995029439e-01	   5.6747944833125363e-01	   4.4476088442192097e-01	   7.8104991159403647e-01	   5.9540137716028863e-01	   4.6837361224298979e-01	   5.4752734337363007e-01	   7.0827535842633615e-01	   5.9597554801560271e-01	   9.0278215617407409e-01	   8.9517593310217414e-01	   8.1820096244744200e-01	   6.5117178844226065e-01	   7.7389259464171767e-01	   7.1234619688822121e-01	   8.3457236049749695e-01	   7.8629862907472348e-01	   6.1702103940259667e-01	   7.4426061828746148e-01	   7.0949220971501625e-01	   7.2295372928509516e-01	   7.4742601586666957e-01	   5.4025428391165342e-01	   9.2605874542646616e-01	   9.1414417429289485e-01	   7.4331465846170908e-01	   5.1954706335489265e-01	   5.4300321032582455e-01	   4.1571136463000374e-01	   6.9254936891788813e-02	   2.4595981003850509e-01	   4.9058213601037814e-01	   9.3652043541957830e-01	   8.4039196098941171e-01	   8.7242638550047691e-01	   8.7929887699055531e-01	   6.7571812590743796e-01	   1.0513757088413289e+00	   9.1011840567301105e-01	   5.2587583329396581e-01	   5.1827177758507115e-01	   2.9795396186292822e-01	   2.5905102998518764e-01	   2.5796897483797010e-01	   2.5027490030570615e-01	   5.5103007638199708e-01	   6.6819913545788934e-01	   6.0946129959356177e-01	   6.6293232931148338e-01	   3.0586266473811852e-01	  -3.0486432255301316e-01	
   1.2014878424623325e+00	   0.0000000000000000e+00	   5.5043056696792125e-01	   5.7612864653370066e-01	   3.4450539781549233e-01	   2.5427712059965663e-01	   2.7737890726104558e-01	   3.5693770983093653e-01	   2.3227803276862621e-01	   3.3251116555287280e-01	   4.8573974925475416e-01	   7.3075813287461577e-01	   2.4330156765565447e-01	   3.7766848839900807e-01	   3.5316317281514953e-01	   6.5428393597491086e-01	   6.9662206016981987e-01	   7.4260730968615563e-01	   1.0290217043902909e+00	   9.5761234406802287e-01	   5.3447274786381582e-01	   5.3247322596709490e-01	   6.2087745009533557e-01	   5.9744627797004901e-01	   3.6756934982223743e-01	   3.9540902669526595e-01	   3.7164247244316012e-01	   5.3132135639987355e-01	   4.9358527518470074e-01	   5.3613836848003538e-01	   6.6909360909153837e-01	   5.6495994735061505e-01	   9.0144329114308064e-01	   8.2186009119081371e-01	   4.4051749244191823e-01	   3.5016992047095336e-01	   8.9517471161875561e-01	   3.6758771915074817e-01	   7.9237580957037179e-01	   6.9192930318483215e-01	   7.3089178841967073e-01	   7.0728048759200274e-02	   5.1621250252477591e-01	   4.9227258493882342e-01	   4.7484101444827814e-01	   4.1234674303217028e-01	   5.8121034940352634e-01	   6.1737789286025491e-01	   4.4633718833565350e-01	   4.3787917456057190e-01	   6.0551844926997822e-01	   4.4834332475999217e-01	   7.5778185724378366e-01	   6.0436786640586426e-01	   8.4717516731268316e-01	   7.8892458489955897e-01	   1.2606509819352538e+00	   9.7778281062791628e-01	   6.9957884262439862e-01	   6.2937480752966846e-01	   4.8031492192978942e-01	   5.3599400834875000e-01	   7.0424843772907286e-01	   5.9879117422120309e-01	   2.7832480549337874e-01	   3.0851033142453449e-01	   5.0385270214896316e-01	   4.8362937716439025e-01	   9.0389483147504979e-01	   6.4384851707137747e-01	   5.2702378590742860e-01	   5.7763671789026483e-01	   7.5457503635787226e-01	   7.0701089228884639e-01	   8.8818178718570095e-01	   8.9301016550615453e-01	   8.8249796962177229e-01	   9.1637862616109245e-01	   8.3741378461251559e-01	   7.9063761262051080e-01	   8.8937711955709464e-01	   9.3170689818853025e-01	   7.4811297514550568e-01	   8.0998537180500785e-01	   6.4033617569931545e-01	   7.1144457513184056e-01	   8.9755834949904834e-01	   7.0203643708657382e-01	   7.5129311182245562e-01	   9.1405643446877782e-01	   6.8377861135849116e-01	   4.9752315628667709e-01	   5.0234025820572425e-01	   3.7545278445064151e-01	   1.4168550831259305e-01	   2.5131758044466068e-01	   6.4455717870613183e-01	   1.0070260586431710e+00	   8.3388885214428754e-01	   9.2543091606199002e-01	   7.5620210864524740e-01	   5.6241571552870462e-01	   8.6992823588621704e-01	   7.7415923686327781e-01	   5.3477681888384632e-01	   3.9888021093287357e-01	   1.3103546628838167e-01	   1.1240184297592454e-01	   1.8554100613837535e-01	   1.9384976783081431e-01	   6.6745841768591652e-01	   8.1955050619184378e-01	   5.6541585244064962e-01	   7.2047048833013205e-01	   3.5940949069712746e-01	  -2.9926160201517982e-01	
   6.0918788431901549e-01	   5.5043056696792125e-01	   0.0000000000000000e+00	   1.0229418044737044e+00	   6.4394947368971911e-01	   3.0024062489791753e-01	   1.0986933514092962e+00	   4.8441938613144508e-01	   7.4750730426382206e-01	   5.1233672266112473e-01	   7.8525176079626691e-01	   3.6352605853610992e-01	   7.0222397903378964e-01	   2.7338002027649660e-01	   8.8271861840481736e-01	   9.7814086790488053e-01	   6.7780208788321128e-01	   4.8695234479504873e-01	   9.9158482227807454e-01	   4.7601219458775224e-01	   6.3120794311931416e-01	   4.7360979331950392e-01	   9.4459147975244440e-01	   9.6565432764431869e-01	   5.6748890306900890e-01	   4.8748331758861380e-01	   6.7061002046419338e-01	   6.8182978855745002e-01	   6.6485942794272224e-01	   4.5797962139390547e-01	   7.6011133109154827e-01	   6.8595365013368426e-01	   8.2754807444316048e-01	   7.1983564870004668e-01	   8.1039847370045404e-01	   6.9848674524026377e-01	   7.6288288367985513e-01	   2.7616887807150492e-01	   7.5731133222033808e-01	   6.1183252158852530e-01	   5.8099367319936523e-01	   1.6855434308896011e-01	   2.5899152466859210e-01	   2.2090209300826474e-01	   3.8176372268109010e-01	   2.9685403490647216e-01	   3.2506667806528361e-01	   2.9886135300784927e-01	   2.5405199225765301e-01	   1.8913537761308477e-01	   3.9204861112734646e-01	   2.3867546190281885e-01	   3.2181026559474751e-01	   3.2990141545101509e-01	   7.8016623199995472e-01	   4.5311251869285696e-01	   4.5116442108392518e-01	   4.6311407513242392e-01	   5.4574704967999832e-01	   3.6043312805636774e-01	   4.2747590254786894e-01	   1.9054847019570842e-01	   4.5791465057731984e-01	   3.9829369680148169e-01	   8.5110218454650266e-01	   5.9792911244359426e-01	   7.3924521009888844e-01	   6.0259888927449778e-01	   5.8805883521738433e-01	   7.8060383694058355e-01	   6.1362099286487026e-01	   3.6065575860863658e-01	   4.9632721199798591e-01	   3.1909424592163110e-01	   6.5529712449672828e-01	   5.1419036043721245e-01	   6.0064197454420964e-01	   4.9619785254575888e-01	   5.0253167395161136e-01	   5.4259079440675340e-01	   5.3372918072412756e-01	   6.4158788145102463e-01	   1.0212980276767931e+00	   9.1319351269615101e-01	   9.7001151012817388e-01	   9.3196991388104955e-01	   6.9415654425164353e-01	   6.3046594233842035e-01	   1.0741379123719834e+00	   8.1075526470495396e-01	   1.0141812997564239e+00	   9.5373961322711009e-01	   9.4056808584149398e-01	   5.3958213941888500e-01	   1.6612839408646102e-01	   3.6943875038040741e-01	   3.8811739691452984e-01	   7.0020618516055522e-01	   6.2957284632884236e-01	   7.0415753735468578e-01	   5.6273070475290654e-01	   1.0154185005186096e+00	   6.8053428316060527e-01	   9.0102771817181693e-01	   6.4195768266245690e-01	   6.4841869074793679e-01	   5.5456658668020253e-01	  -1.4236564088851356e-01	   2.6601099658493631e-02	   1.9076827076267641e-01	   4.8369646517395681e-01	   6.4999326225380227e-01	   4.7742793662423066e-01	   3.9688479501292351e-01	   2.3503370362713252e-01	  -3.9097821466968979e-01	
   6.5543430294903149e-01	   5.7612864653370066e-01	   1.0229418044737044e+00	   0.0000000000000000e+00	   5.3707589121303512e-01	   3.9132454513329834e-01	   9.9323516531814893e-01	   1.0433332899540737e+00	   7.3358862450246243e-01	   7.4756509027995066e-01	   6.4988621272947633e-01	   5.7364049077206469e-01	   6.3907340205880869e-01	   6.0823277408362597e-01	   4.3972866508753772e-01	   9.2044793183134055e-01	   7.4714536891187400e-01	   3.6266673792422766e-01	   6.6245695991824927e-01	   3.9004333742511238e-01	   4.8935481743007581e-01	   5.2159059562865762e-01	   4.5583376728262665e-01	   9.0886012807651961e-01	   2.8836994925765019e-01	   4.5767691163331903e-01	   3.4005158750306158e-01	   5.4174254638445052e-01	   5.0692558084046579e-01	   4.2858454851449257e-01	   5.6732659258649132e-01	   6.9008997570532804e-01	   8.4750890339705864e-01	   9.3209166735759286e-01	   5.8474185038775295e-01	   7.0546920796630430e-01	   5.6154477346869891e-01	   2.4121939837258316e-01	   5.8237952567076956e-01	   5.1119494707919100e-01	   6.3480217496363822e-01	   2.2336215469596882e-01	   3.3778245460437761e-01	   3.0293521156869352e-01	   2.8237752279104011e-01	   2.7298206929614921e-01	   3.8649270123693968e-01	   3.2085522940739952e-01	   1.3532219100858950e-01	   6.5516471291627770e-02	   2.5423683437249256e-01	   9.5085912714930304e-02	   2.2591714688070674e-01	   2.1351432654696254e-01	   7.0500738919627970e-01	   4.2396351040917540e-01	   5.8009802495364882e-01	   3.7632271851610261e-01	   6.1605184190330020e-01	   4.2191980639699350e-01	   6.7883942502657046e-01	   5.1021394183234292e-01	   4.6076915841472632e-01	   3.8655546811089053e-01	   7.2491396995624557e-01	   9.7330518610516481e-01	   7.1159101055799923e-01	   6.6294372494583209e-01	   5.5962114188802548e-01	   6.1120140889785568e-01	   3.8665655412338662e-01	   4.9371323024747038e-01	   4.2458433639209359e-01	   2.7129755395144894e-01	   5.5354087275398267e-01	   5.1167694235270933e-01	   5.4717313986614269e-01	   4.2599109808342595e-01	   7.8199653173929806e-01	   5.1670382044905105e-01	   6.5338762953907081e-01	   6.1652916997590657e-01	   5.1506497617787494e-01	   6.8688832468468275e-01	   5.9631193115295034e-01	   8.3991671647083110e-01	   4.3453304789656555e-01	   4.6165986139274340e-01	   9.0953166100256766e-01	   8.6116250492445778e-01	   8.6617731822632560e-01	   6.5774228273964819e-01	   8.6238383761511939e-01	   4.1157379459949422e-01	   1.4236574011468081e-01	   2.6379622583033313e-01	   4.0073967703976765e-01	   8.3442241826172825e-01	   5.6219210797102104e-01	   6.1982156255774346e-01	   6.9215859600741791e-01	   9.2610179546768134e-01	   7.6449018361624388e-01	   9.6363781256850434e-01	   5.5020599913647572e-01	   4.8149952771941201e-01	   5.4151314515146465e-01	   8.5620691558600082e-02	  -7.1231023321569970e-02	   1.9526084744209660e-01	   6.4633745665366804e-01	   5.6323172771597707e-01	   5.4968578197202822e-01	   4.3417786685227877e-01	   1.6417023538382483e-01	  -3.2802704593888304e-01	
   4.6266606037789332e-01	   3.4450539781549233e-01	   6.4394947368971911e-01	   5.3707589121303512e-01	   0.0000000000000000e+00	   6.3619924975458764e-01	   5.1476451397375311e-01	   2.7554339520352394e-01	   9.6468173231157928e-01	   8.6019845338219469e-01	   4.9340673578597793e-01	   3.3095444805204488e-01	   5.7647513470670608e-01	   9.7159489718304765e-02	   6.4535856735518071e-01	   8.6423974345094323e-01	   5.5789135007829893e-01	   5.6137777052004945e-01	   4.7561285551172960e-01	   2.7979281605676665e-01	   3.5428899158208466e-01	   2.6236552750797792e-01	   2.2023986340646615e-01	   2.7030695930512877e-01	   7.9316877232683292e-01	   5.6348435181243617e-01	   4.4123817705049795e-01	   6.5080053864990894e-01	   4.3323225274927418e-01	   3.5181108191157101e-01	   1.7795773539809913e-02	   1.0145153242480207e-03	   3.6196318515216486e-01	   3.7300741931480208e-01	   3.6902917011558756e-01	   2.9599110040981930e-01	   5.0087020378136204e-01	   4.2273888506355911e-01	   5.3087380683190133e-01	   3.5507089496312427e-01	   4.6503416848141549e-01	  -1.4829821771383053e-01	   5.2086348522541726e-01	   3.7330499837427261e-01	   5.7164863731179238e-01	   5.3025733043974732e-01	   4.7762857841784262e-01	   4.9439982433606600e-01	   5.1518276344897584e-01	   5.5820775465298422e-01	   6.3565910676848980e-01	   5.9901716696147411e-01	   5.3443226545270384e-01	   7.1039267898243730e-01	   5.1539976877357729e-01	   4.6132698265032562e-01	   3.0919231458891955e-01	   2.8988760847969447e-01	   8.3279147819915134e-01	   7.3578002008464594e-01	   5.2842621659632916e-01	   3.7352726282544407e-01	   4.0037517740611883e-01	   4.5820079417970316e-01	   4.9509706198662251e-01	   7.1502684193640076e-01	   7.9805489278411035e-01	   7.1865159145057134e-01	   4.7294015660527877e-01	   5.4391708450014653e-01	   4.9175041936783415e-01	   2.1548249216291571e-01	   6.2700039063265722e-01	   4.7254873460414626e-01	   5.2823757764220347e-01	   3.3028420843809236e-01	   4.7259106676523310e-01	   4.7580093074936447e-01	   3.7096678835244895e-01	   4.0748962439759018e-01	   5.6074433998142770e-01	   6.0094043281111742e-01	   3.3502451933667599e-01	   4.5532348897700431e-01	   4.4771498526179687e-01	   7.8033503843536223e-01	   3.5455546519480219e-01	   2.5157729347266083e-01	   4.8122581614356508e-01	   7.9393709303884663e-01	   8.0151068419549210e-01	   8.3463426981521371e-01	   7.8057966529466183e-01	   5.8387472294244180e-01	  -6.8665647591664635e-03	  -9.1690919915270508e-02	   1.9108385855273069e-01	   3.3819933433589910e-01	   6.3949868412398381e-01	   5.7145723728027642e-01	   5.1001981298686294e-01	   6.6116507705460636e-01	   4.9470900530816719e-01	   5.8385690108194688e-01	   6.2085623638974541e-01	   4.5591788009972578e-01	   5.0636097618671760e-01	   1.3680957318870759e-01	  -2.5853496527349001e-01	   1.1313039533148438e-01	   3.6486159161949311e-01	   5.0392113826382512e-01	   4.9037512218937751e-01	   4.9078505428586028e-01	   4.7335599230456044e-01	  -2.5901009621839777e-01	
   3.5560135549286392e-01	   2.5427712059965663e-01	   3.0024062489791753e-01	   3.9132454513329834e-01	   6.3619924975458764e-01	   0.0000000000000000e+00	   2.8931893220327964e-01	   1.8695424344705705e-01	   3.7119984045675991e-01	   8.0625094234637984e-01	   1.8154351776373515e-01	   1.4718306723574537e-01	   1.4716124811319578e-01	  -5.0952632757316312e-02	   2.2625349466947892e-01	   4.6970286772538361e-01	   3.7344348562326291e-01	   2.7225206328858997e-01	   2.5152986288843848e-01	   2.2677057943946385e-01	   2.7569403814784116e-01	   3.9295237857609833e-01	   4.6297235935076793e-02	   1.0247576616769989e-01	   6.0446926420873803e-01	   9.5248044576254820e-01	   1.9285480109057271e-01	   4.7410765314780529e-01	   1.8820169108855925e-01	   1.9124598539791293e-01	   1.2705290286632157e-01	   6.1906093951572566e-02	   2.9107181965617257e-01	   2.0499803481901285e-01	   3.0350208018255470e-01	   2.8781043871699519e-01	   2.9752826730919574e-01	   2.3626752153004268e-01	   2.4132315254077880e-01	   2.6068748409607362e-01	   2.5117009719014233e-01	  -3.3546470082468627e-01	   5.3134485810490428e-01	   5.1920736103811993e-01	   4.6838936698606359e-01	   4.8497632536108304e-01	   4.1170688701873814e-01	   4.6809781533643258e-01	   3.6375846132508283e-01	   3.7558147003882814e-01	   3.6613706096201609e-01	   3.7086877922960426e-01	   2.7614269521704787e-01	   3.5782356873952931e-01	   2.1211131428620753e-01	   3.2883633308668381e-01	   2.9394967323556609e-01	   1.2445821714408911e-01	   4.5141405754980679e-01	   3.5417608240571752e-01	   3.8213258681356810e-01	   2.5653014332139989e-01	   2.3808044590558430e-01	   1.4575732729514110e-01	   3.2629705662195468e-01	   5.2671691518380415e-01	   4.4523469809590449e-01	   4.2556438091904236e-01	   3.2460291761163068e-01	   1.4732552488456996e-01	   3.0823475956777874e-01	   2.2166674565595140e-01	   3.6366723746701601e-01	   4.6553111607736436e-01	   3.1691990407059678e-01	   8.4716994987409075e-02	   3.9504258704800460e-01	   3.8270513183979188e-01	   3.0375626936487005e-01	   2.6923105737903130e-01	   3.3658555448575572e-01	   4.3074181345999007e-01	   3.9122801544124848e-02	   4.0475305869347317e-01	   2.5552160719001227e-01	   5.1312520893839608e-01	   9.6416044259116304e-02	   2.4804428955929714e-01	   2.3391369375038928e-01	   3.2364215130855595e-01	   4.1962265506216773e-01	   4.7396530457645836e-01	   6.3720465221337153e-01	   3.4448283020836834e-01	  -1.3727315652116996e-03	  -1.6372727365372250e-01	   3.5304512973210724e-02	   1.6964789112694675e-01	   3.9653353901709548e-01	   4.5680360301709722e-01	   5.6531121673516926e-01	   4.0584168635672713e-01	   2.8036616892393657e-01	   4.4412581617151609e-01	   3.3940034745202735e-01	   3.9631868212991000e-01	   2.9135116173200772e-02	   4.5621303954046497e-02	  -1.2335588650508525e-01	   8.6567547254543492e-02	   2.1837496090811986e-01	   3.8262946931988495e-01	   3.1575872976368075e-01	   3.9586838555122278e-01	   3.4867849823948693e-01	  -2.5953490978431099e-01	
   4.3872544687723286e-01	   2.7737890726104558e-01	   1.0986933514092962e+00	   9.9323516531814893e-01	   5.1476451397375311e-01	   2.8931893220327964e-01	   0.0000000000000000e+00	   9.0427141953780898e-01	   8.6842965276570494e-01	   5.8466929799159617e-01	   7.5008014493379804e-01	   5.4005004689722402e-01	   9.7550631369811069e-01	   4.6521146005146879e-01	   5.7269216387097477e-01	   7.3029232628836260e-01	   5.0455677471440663e-01	   3.2197386658483218e-01	   6.5598510365837648e-01	   2.8915590755559084e-01	   2.7672764903996883e-01	   1.5409443674483791e-01	   2.8049825904031050e-01	   4.4178772376414555e-01	   1.7086295089557299e-01	   3.0251101245520706e-01	   1.2958238193349736e-01	   2.3613527835919185e-01	   6.4127499891772488e-01	   4.5305008141596659e-01	   3.6886674562463212e-01	   4.2633701182538569e-01	   6.5173531635217696e-01	   6.3546309305253967e-01	   3.0332283394111259e-01	   4.1449397339065902e-01	   4.2101324123821893e-01	   5.1259323263703430e-02	   3.7336845208482389e-01	   3.0690011078437557e-01	   4.5560036242280572e-01	   1.2588391779347216e-01	   3.1789544278857923e-01	   3.0640836772817759e-01	   4.1677551193482981e-01	   4.0946434618052324e-01	   3.8607336232643119e-01	   3.3201513165706803e-01	   2.7786293489848862e-01	   1.9213697029291199e-01	   3.5528639717577398e-01	   1.8510020680637487e-01	   2.5040321788735453e-01	   2.2803448527384168e-01	   5.7702622698342954e-01	   3.5475893177722145e-01	   1.4918435017957099e-01	   3.7584827928446946e-02	   5.7179641099506895e-01	   3.9372667269352096e-01	   6.4547745581131089e-01	   3.6359093860225966e-01	   4.1994350667955377e-01	   3.9565948598131007e-01	   6.3473246025765984e-01	   7.6357612553947374e-01	   7.5280692916594782e-01	   6.6354918009387209e-01	   3.4550388111883362e-01	   4.3185854716486766e-01	   3.7541387562179829e-01	   3.0831116767934874e-01	   3.8450292389043633e-01	   1.7761323124949657e-01	   4.4029232068640239e-01	   3.8988911316205599e-01	   3.9948172294934203e-01	   2.9230900811224192e-01	   3.3394868716995990e-01	   3.7675268599886808e-01	   3.4701804156631472e-01	   4.1806787007416024e-01	   4.1477979939843718e-01	   5.0525230975491586e-01	   4.2911272192743632e-01	   5.8412471025020307e-01	   1.6283808592435772e-01	   8.6798875642464746e-02	   6.3835397230266533e-01	   5.5588850338854578e-01	   8.1023258765839801e-01	   8.3589393378728460e-01	   7.6756386737726823e-01	   4.4495541204395672e-01	   1.9203805775159372e-01	   2.2633084659323011e-01	   3.4234840196159416e-01	   5.8503769609763312e-01	   5.5427489347838077e-01	   6.2958258844969150e-01	   4.8986530118627036e-01	   9.3736682626511370e-01	   5.3928425280237891e-01	   7.1631038630075627e-01	   5.7775300789651951e-01	   5.6052436635826963e-01	   6.3681433721456715e-01	   1.0194716408721469e-02	  -9.8500563363679128e-02	   1.8960182180165169e-01	   3.7111905907004294e-01	   6.0169048278507475e-01	   6.7005690698134934e-01	   2.3867970632698876e-01	   1.2702151541495049e-01	  -2.4987912297031620e-01	
   5.2703290762641153e-01	   3.5693770983093653e-01	   4.8441938613144508e-01	   1.0433332899540737e+00	   2.7554339520352394e-01	   1.8695424344705705e-01	   9.0427141953780898e-01	   0.0000000000000000e+00	   7.5160897766868351e-01	   7.0361089369659169e-01	   7.0422763030452562e-01	   8.9992697878237671e-01	   7.9464703246793889e-01	   1.1075661489860300e+00	   3.4081138663025456e-01	   6.0832523584431508e-01	   6.2893698627724681e-01	   2.4847620594459416e-01	   4.1281398995099444e-01	   1.9653616582487404e-01	   1.9566672727163056e-01	   3.0178624578883328e-01	   4.2565995066037920e-02	   3.6001751221765338e-01	  -1.8854367812287601e-01	   5.2550531608899428e-02	  -7.9956890373841738e-02	   1.2888121351032727e-01	   5.0152921191362243e-01	   4.4683780049805116e-01	   2.8779220562057783e-01	   4.6614302236360616e-01	   6.3726416669159980e-01	   7.2760786267620003e-01	   1.1837657454203977e-01	   1.8825985748962590e-01	   2.5618293184926066e-01	   2.4533952584514941e-02	   2.3958857897725139e-01	   2.4307494331459650e-01	   4.9801647879855693e-01	   3.0227391895152922e-01	   1.4857134842662170e-01	   1.4685940146408641e-01	   8.8077161189671682e-02	   1.4181932292827287e-01	   2.5895147809091523e-01	   1.9559361362759947e-01	  -8.2201722772011244e-03	  -6.7580315866369908e-02	   5.2694996060677617e-02	  -1.2197403480175104e-01	   5.0592395117519333e-02	  -4.0335301757918267e-02	   4.1235044783446395e-01	   1.9289114832625393e-01	   3.8833123671212622e-01	   7.4781903023909982e-02	   4.8245700712871886e-01	   3.3654834597222927e-01	   8.8407825491311731e-01	   8.4605511381636822e-01	   5.2683435790855049e-01	   4.9308777176141649e-01	   5.5226599880568383e-01	   7.8556803671697772e-01	   3.7620422410070475e-01	   3.4076706392105177e-01	   3.1012224083058065e-01	   1.9149307718607392e-01	   1.0182463914109281e-01	   4.3963842235109174e-01	   2.9374200237702208e-01	   8.1446021193692208e-02	   3.4558323253946321e-01	   4.6466091632336087e-01	   3.3718541289967885e-01	   1.5481930500478941e-01	   6.0295572952004106e-01	   3.8057902559297374e-01	   5.2945485650722723e-01	   4.2791005444842223e-01	   2.3354042309343132e-01	   3.9619106114596864e-01	   2.4082604652716066e-01	   3.2873904808912097e-01	   4.9862224255015089e-02	   1.4180356596346545e-02	   5.7265801038340036e-01	   4.4316029129509071e-01	   5.3403085199699385e-01	   3.5880241588684791e-01	   4.2926809917867859e-01	   1.9245389463236506e-01	   1.1940182147746231e-01	   1.0965648798375614e-01	   2.4928457902200343e-01	   6.2482885703341795e-01	   3.4763553450603096e-01	   4.0946653254770415e-01	   4.7271027827961515e-01	   5.5193698903134392e-01	   5.8258823517161762e-01	   6.3542328506087442e-01	   2.7069528207288601e-01	   1.3834117919318153e-01	   4.4355518005754463e-01	   1.2510885170547689e-01	  -9.4672712530266476e-02	   3.3229155689755756e-02	   3.1036317422179632e-01	   3.0251081480436948e-01	   4.9305760541330723e-01	   1.6046186542203478e-01	  -2.2336286168118207e-02	  -1.8313001912978305e-01	
   4.0787153130875375e-01	   2.3227803276862621e-01	   7.4750730426382206e-01	   7.3358862450246243e-01	   9.6468173231157928e-01	   3.7119984045675991e-01	   8.6842965276570494e-01	   7.5160897766868351e-01	   0.0000000000000000e+00	   1.0639580792100187e+00	   8.4954123902298173e-01	   4.6447318500676615e-01	   1.1207021374440937e+00	   4.9249597091839281e-01	   9.2315949705012690e-01	   8.4872557626419287e-01	   5.8003104786565740e-01	   3.8415703938863754e-01	   4.0199805728839111e-01	   3.7484450676577831e-02	   2.6284929059407869e-01	   3.2846881737671280e-01	   1.6846774842305137e-01	   3.8341474105530532e-01	   2.5950571530060423e-01	   1.6950224410798218e-01	   3.2001498268075246e-01	   5.1370491731825019e-01	   4.6859481454271140e-01	   2.9800401488806832e-01	   8.5837417058743273e-02	   1.3227160492918141e-01	   3.8593783620871336e-01	   3.8193659133284580e-01	   3.1575062223793754e-01	   2.5183293128308049e-01	   3.3726819408391046e-01	   7.8453958901390550e-02	   3.4682342636785762e-01	   2.1080038594889727e-01	   3.5182731770068865e-01	   1.6986381939894067e-02	   1.5815470982679747e-01	   8.0162732901398873e-02	   2.1105756323174246e-01	   2.1313204512969858e-01	   2.2008905042335622e-01	   1.7334569381693399e-01	   1.5513427266503818e-01	   1.5244819541378735e-01	   2.6061944581149388e-01	   1.4253051890905299e-01	   1.8666542001011080e-01	   2.2944625541195646e-01	   4.5650804557493085e-01	   2.1110189352369382e-01	   2.7356540072756103e-01	   1.2022970878025932e-01	   5.6939390080951657e-01	   3.4998922934678622e-01	   6.6793768407020437e-01	   4.5853430608514723e-01	   4.1722632385139202e-01	   4.4564215038659521e-01	   8.2446526739580628e-01	   8.0076935552794803e-01	   5.2859732908112067e-01	   4.2247366149229421e-01	   3.3730457953635196e-01	   3.7842842482579259e-01	   1.8191496045427322e-01	   2.4777995981105633e-01	   3.2654111731333701e-01	   1.2040438497671915e-01	   3.8212183670448052e-01	   3.2719853147576056e-01	   2.4770385417599955e-01	   1.6586279425517356e-01	   3.6308829183934982e-01	   3.0644179752596212e-01	   4.4621395681488296e-01	   4.3670853153979339e-01	   3.7071400235490293e-01	   4.1151999330021510e-01	   4.5970124087303788e-01	   5.3638496017172665e-01	   1.8376676865872238e-01	   1.8102310532386925e-01	   6.2345513281606224e-01	   4.9613152669449317e-01	   7.4965168987006381e-01	   6.9273423930145273e-01	   6.9957460548342454e-01	   3.6491636361291813e-01	   8.3647626234700984e-02	  -1.0962213858774090e-02	   1.7672701516459194e-02	   4.2469888490486252e-01	   3.7149699502693651e-01	   4.3791336941091508e-01	   3.4969499708713725e-01	   6.9298899943399395e-01	   3.6349899605640423e-01	   5.8908297357048711e-01	   3.3641593937236641e-01	   2.8165724790778551e-01	   5.3994676349318182e-01	  -7.4769051448581633e-02	  -1.6539563760204465e-01	  -7.7508252527660637e-02	   1.8019126786852802e-01	   3.2732695582398230e-01	   5.0499458864814728e-01	   1.9651700851685105e-01	   1.5348007037739017e-01	  -2.0948377766764331e-01	
   4.6709504415763614e-01	   3.3251116555287280e-01	   5.1233672266112473e-01	   7.4756509027995066e-01	   8.6019845338219469e-01	   8.0625094234637984e-01	   5.8466929799159617e-01	   7.0361089369659169e-01	   1.0639580792100187e+00	   0.0000000000000000e+00	   5.8467354016534578e-01	   4.5850973351280255e-01	   6.1752527013993608e-01	   3.3757741554929299e-01	   5.6003184585280918e-01	   6.9563287235924853e-01	   5.4585809866439150e-01	   3.6733396072251745e-01	   3.4717706034146073e-01	   1.3671788047938577e-01	   3.6547943570652902e-01	   5.1774583672806163e-01	   6.2110687266556538e-02	   3.1820906872596977e-01	   2.8357920651463059e-01	   3.5246684040233750e-01	   3.0123441972470000e-01	   6.7212345286534814e-01	   3.3071496003230860e-01	   2.5663776538768379e-01	   7.3821746272772118e-02	   9.5587518306658265e-02	   3.5388625136767338e-01	   3.4997692996633989e-01	   3.0888331104321887e-01	   3.2619875079822597e-01	   3.0064197469635812e-01	   7.4903199012453667e-02	   3.0592548294233307e-01	   2.8714438481797183e-01	   3.4813478111865570e-01	  -1.3000862967299626e-01	   3.3237745993383677e-01	   3.0932211851147262e-01	   3.2964898288714206e-01	   4.0333181370344146e-01	   3.5042459999985670e-01	   2.8897475143023071e-01	   2.3327673163402310e-01	   2.7524496481059241e-01	   3.1550145113280736e-01	   2.3183965473669030e-01	   2.5081328500331262e-01	   2.7067050178469160e-01	   4.2140964829604788e-01	   3.4631348385040062e-01	   4.4183946382513084e-01	   1.6356622198252896e-01	   6.0276941676484230e-01	   3.6706646214310623e-01	   6.8946837584989062e-01	   6.1768741235420821e-01	   3.6929256124532922e-01	   3.5891774262143278e-01	   6.7431807365062191e-01	   9.4692371102082296e-01	   4.7381937919760514e-01	   4.3074256322916693e-01	   3.6331994197853540e-01	   2.8506301905501152e-01	   1.8526509722569531e-01	   3.0941009589756757e-01	   3.4180791343037603e-01	   3.0478148975572023e-01	   3.4969851860289097e-01	   2.9340142678982534e-01	   3.4404322279205246e-01	   2.4320811071084547e-01	   4.7555920052064543e-01	   3.4055676530189510e-01	   4.8872850737720952e-01	   5.6474258028610835e-01	   2.2647599250469566e-01	   4.9944621910536124e-01	   4.4798369942916594e-01	   5.7490967146832450e-01	   1.8200956717615557e-01	   2.4759393974941610e-01	   5.7459351997493546e-01	   4.8757933459275826e-01	   7.5949585128042962e-01	   4.9097788901335171e-01	   8.5300547522957915e-01	   2.4088099253703882e-01	   4.8323997260513354e-02	  -1.1983529047043114e-01	  -7.4018083992384770e-02	   3.6871321839979954e-01	   3.8131374145562857e-01	   4.9338348888462913e-01	   5.5208675924043860e-01	   6.2823912440636365e-01	   3.4774508604929527e-01	   6.0836772308784282e-01	   3.1644547008033996e-01	   2.6179996088379098e-01	   1.5281446260757589e-01	  -1.3704429682039862e-01	  -1.9813184502800688e-01	  -5.9443407001851981e-02	   2.1934224711505126e-01	   3.0948631940064852e-01	   4.5138958211843927e-01	   1.9760450468239399e-01	   7.5645908933761566e-02	  -3.7139370510516173e-01	
   7.8545667066746405e-01	   4.8573974925475416e-01	   7.8525176079626691e-01	   6.4988621272947633e-01	   4.9340673578597793e-01	   1.8154351776373515e-01	   7.5008014493379804e-01	   7.0422763030452562e-01	   8.4954123902298173e-01	   5.8467354016534578e-01	   0.0000000000000000e+00	   5.8581962820411571e-01	   1.2085815835763922e+00	   7.2961479178435351e-01	   9.2800165135886037e-01	   7.8360754255623288e-01	   7.8120509612652100e-01	   3.1712453303935245e-01	   7.0473163642993630e-01	   1.8563664242073524e-01	   2.3623540387095193e-01	   3.3921840656456159e-01	   3.8077561629596363e-01	   4.3724004426027202e-01	   1.1359036195597433e-01	   1.0764204505657078e-01	   3.0132611030275375e-01	   4.3877807381639550e-01	   4.9731587905765628e-01	   3.2079528219227615e-01	   3.1808801687338850e-01	   3.3346661750245427e-01	   5.9806359997307734e-01	   5.3704305725275514e-01	   3.1097404671303497e-01	   2.2211997778718656e-01	   4.6612536922818648e-01	   5.7903283679228111e-02	   4.1731089501474000e-01	   3.0286976831025048e-01	   5.8156680437998154e-01	   1.7520346879392926e-01	   1.4912454179509887e-01	   1.0407572159387789e-01	   1.9754175168517657e-01	   1.7353028064836579e-01	   2.7428946545450561e-01	   2.1638688319774413e-01	   1.1352396935982256e-01	   7.8065882495277919e-02	   2.4504204543262581e-01	   2.8569042064485368e-02	   1.9441039603532712e-01	   9.9421819822630583e-02	   5.6540582889654800e-01	   2.4825490656414484e-01	   5.4525396813573512e-01	   3.5920682133802895e-01	   5.4444843230467932e-01	   3.1175936630014772e-01	   8.6460080842904641e-01	   4.8397673658764645e-01	   6.2561286482487755e-01	   4.4636476208218567e-01	   8.5782272021120654e-01	   5.4545183693775279e-01	   4.3903530528349483e-01	   2.8495880262473472e-01	   3.7303641739168736e-01	   3.6667459266249430e-01	   2.3889444988170622e-01	   3.8605410015339203e-01	   4.6483591853752659e-01	   2.2662440237584583e-01	   6.6348996033339014e-01	   5.5042724043519087e-01	   4.2481683011067717e-01	   2.2265566013903620e-01	   4.3412673851053751e-01	   3.9484463009851034e-01	   4.7794560763146854e-01	   4.3729859260900028e-01	   6.0600044611955906e-01	   5.1036688507929084e-01	   6.9394511377841417e-01	   5.4642965788416598e-01	   3.9745544953786560e-01	   2.8574525549599794e-01	   8.7686799932219039e-01	   5.3035144031813564e-01	   6.2804802646665958e-01	   5.2160024379048964e-01	   4.4855393717325742e-01	   2.6318660626110424e-01	   6.1882714465783903e-02	   1.3977362407328983e-02	   2.2379781486313260e-01	   5.2794771310256605e-01	   4.5469009443747671e-01	   5.1275425838712951e-01	   4.0960448554293538e-01	   6.1013574505942525e-01	   5.3527620725971026e-01	   5.9917542634242671e-01	   3.3154338137970890e-01	   3.0292744881432632e-01	   4.6941829536014495e-01	   5.1234783634494602e-02	   4.6353848023997238e-02	  -5.6550410845476080e-02	   2.3914342732993815e-01	   3.6748901198603778e-01	   5.7178847909201147e-01	   2.4489986505686145e-01	   1.7170766190847447e-01	  -2.8182707706323229e-01	
   8.4329656733856617e-01	   7.3075813287461577e-01	   3.6352605853610992e-01	   5.7364049077206469e-01	   3.3095444805204488e-01	   1.4718306723574537e-01	   5.4005004689722402e-01	   8.9992697878237671e-01	   4.6447318500676615e-01	   4.5850973351280255e-01	   5.8581962820411571e-01	   0.0000000000000000e+00	   5.2769156055518573e-01	   7.8627297388068773e-01	   2.7130660276528412e-01	   6.2702489668370265e-01	   6.9200763298376333e-01	   6.2628344429208149e-01	   5.9720425747728723e-01	   5.9498667383890458e-01	   1.6434578093526755e-01	   1.0560711650171045e-01	   9.4791022394958013e-02	   2.2270162768905985e-01	  -5.5585938022954869e-02	   5.7815580089244353e-02	  -1.1032924594363383e-01	   5.5904300585285595e-02	   7.1161519325663591e-01	   7.3536709530185940e-01	   3.0427585172063781e-01	   3.9998984142405813e-01	   7.7405960433226229e-01	   8.3400814928320954e-01	  -8.7997133834502583e-04	   3.6941364269215599e-02	   4.4355450618633718e-01	   2.5671726568784320e-01	   3.8617117020455588e-01	   3.7143016814780488e-01	   6.5577015119529725e-01	   2.1002900230171995e-01	   2.6693895938632778e-01	   2.9183710570512533e-01	   2.8203748749558671e-01	   3.1195893404948344e-01	   3.8515253627565199e-01	   4.2943250960275187e-01	   2.5060945373827997e-01	   2.5530859580721055e-01	   3.3576546974279858e-01	   1.9073539384219873e-01	   4.3579200435569454e-01	   2.8772460729375976e-01	   5.1423347867253766e-01	   4.6160131129680354e-01	   6.7375447737694416e-01	   3.0792311229589658e-01	   6.6524732429468680e-01	   6.4373797324721149e-01	   8.7552494712666473e-01	   1.1978442132833069e+00	   7.7693726924593653e-01	   9.6202874312821007e-01	   3.1730457872873574e-01	   4.9962656928340954e-01	   3.7553096805534164e-01	   3.7497570110083428e-01	   4.4615832755727958e-01	   2.7070954277740278e-01	   3.8052104061345804e-01	   6.0525325942959685e-01	   7.5381246792875634e-01	   5.2326668784703823e-01	   6.5770840372422934e-01	   7.8751257338016112e-01	   4.9040968408395891e-01	   4.5865206333618580e-01	   7.3076052645148959e-01	   6.1339858067803699e-01	   7.4727942708697681e-01	   6.4618421216228883e-01	   3.9429610489267547e-01	   5.6944851555156040e-01	   3.0149685038088436e-01	   4.1999962838113308e-01	   2.5360844361665191e-01	   1.3416461074624608e-01	   5.1331440893530944e-01	   6.7520424595270101e-01	   6.0891451163496857e-01	   3.8479158785836104e-01	   4.5448822244941195e-01	   3.1040892932914793e-01	   4.0505502912287702e-02	   7.5765517384262973e-02	   3.6085372414355071e-01	   6.8731992301798517e-01	   6.5345847348780284e-01	   6.3829624518940076e-01	   6.3513477761650750e-01	   4.8474868519946579e-01	   6.9452962924837192e-01	   6.0184776246979266e-01	   2.5895622524859829e-01	   1.6358051439515903e-01	   2.9346471291761145e-01	   2.0549104240748314e-01	  -7.4326970853736643e-02	  -1.9473721546541607e-02	   3.1496036153748613e-01	   4.4556963076495459e-01	   4.7670551233577030e-01	   3.1377277193514019e-01	   4.5382589441717081e-02	  -8.4797597242877581e-02	
   4.7232141540649858e-01	   2.4330156765565447e-01	   7.0222397903378964e-01	   6.3907340205880869e-01	   5.7647513470670608e-01	   1.4716124811319578e-01	   9.7550631369811069e-01	   7.9464703246793889e-01	   1.1207021374440937e+00	   6.1752527013993608e-01	   1.2085815835763922e+00	   5.2769156055518573e-01	   0.0000000000000000e+00	   6.6738760291203769e-01	   9.3350275958195017e-01	   8.0005052387083220e-01	   5.7300321207201010e-01	   3.0685094880928532e-01	   4.9834637132043719e-01	   9.1350708472829459e-02	   1.4316413090039298e-01	   1.8553771114995590e-01	   1.4855969685691972e-01	   2.7319762935645703e-01	   3.9571463744002278e-02	  -1.5132277966072685e-02	   2.3903714051728880e-01	   2.9032742572563469e-01	   5.1182494269233092e-01	   2.9908220928693480e-01	   9.3471594112111311e-02	   1.2721683027617703e-01	   4.9650528243476694e-01	   4.5197222232829581e-01	   1.4852761306377096e-01	   1.4398560614059591e-01	   3.4935929980075248e-01	   1.1852119461965909e-02	   3.0099841700728425e-01	   1.9373970040500363e-01	   4.4479812244493799e-01	   1.8081620472283810e-01	   1.7275214205067102e-01	   1.3060424959189545e-01	   2.0017285823487113e-01	   2.1607284933793519e-01	   2.7401724232469471e-01	   1.8335202063368430e-01	   1.3274831945954702e-01	   1.1987947017576987e-01	   2.4559452686586380e-01	   8.3150034488519237e-02	   1.5727834534237670e-01	   1.2110395227645987e-01	   4.6196085912025808e-01	   2.0837962641575614e-01	   2.1173725621321060e-01	   2.1469599061631705e-03	   5.0570760249506774e-01	   2.8149535213108368e-01	   8.6921003500560046e-01	   4.7109317223311359e-01	   4.6817436827865078e-01	   4.8284318705232088e-01	   7.9103048621695948e-01	   6.4422380570295823e-01	   4.8019617843066942e-01	   3.4616783363132742e-01	   3.4524859770839933e-01	   3.1438409398195150e-01	   2.6395465395989415e-01	   3.9642260639449928e-01	   3.6443716510228286e-01	   1.4228978947483420e-01	   4.4238951097848556e-01	   4.2084965321969192e-01	   3.3899252872235824e-01	   1.9862385539666266e-01	   2.4303660534538513e-01	   2.6113148752979537e-01	   3.4658239843980587e-01	   3.5729734187559992e-01	   3.8064963994868423e-01	   3.4942615720572162e-01	   4.0900773843042465e-01	   4.2582915966307155e-01	   1.3707013289091796e-01	   4.5553724140313744e-02	   6.3677094009919266e-01	   3.8205413848808822e-01	   5.7332508852876229e-01	   5.8539874280863646e-01	   5.1249686379430170e-01	   3.3802281103096815e-01	   9.8450387561971997e-02	  -6.5356037556312516e-02	   1.2875324948077535e-01	   4.6065395881640808e-01	   3.4419924823305814e-01	   4.5688395653760272e-01	   3.8832117821143347e-01	   7.3923051263285888e-01	   4.2693853811696003e-01	   5.3764276523015742e-01	   2.5370371836204053e-01	   2.3490407794216278e-01	   4.8713043096528930e-01	  -1.1867796875411394e-02	  -1.2186828128380611e-01	  -3.9271540407970512e-02	   1.3581482105347328e-01	   3.1719051000624232e-01	   5.4082245753909319e-01	   1.8694748496658881e-01	   1.6200412988625792e-01	  -2.7854998181591850e-01	
