   0.0000000000000000e+00	   1.4459050099911945e+00	   7.5473805365356206e-01	   6.2956935210208842e-01	   6.9083514577194138e-01	   6.7311197040631554e-01	   6.6065942595110627e-01	   8.8662868274367745e-01	   5.9976170348404390e-01	   5.6129221273452978e-01	   1.0586741327267395e+00	   1.0953341009260935e+00	   9.6063676815918164e-01	   1.0432586079412409e+00	   8.1830948765778222e-01	   8.1684332776365776e-01	   1.3562379611699640e+00	   8.3549834904151388e-01	   1.2940264765990017e+00	   1.0265722922208314e+00	   5.7070294797384269e-01	   6.4603239656259104e-01	   6.2370606781842541e-01	   6.0947570986228528e-01	   4.7111222293745736e-01	   3.9277272081214953e-01	   5.2984835128612984e-01	   7.3439436268959069e-01	   1.0378781692652959e+00	   9.2554526082560962e-01	   3.5879879208772336e-01	   3.3027395348656097e-01	   1.0527501946348314e+00	   9.5318087651613270e-01	   5.6281008029037261e-01	   5.9930258831802563e-01	   6.3750068912731228e-01	   5.9333068139674427e-01	   1.0044189565547375e+00	   1.1129922449995302e+00	   7.8895235179716672e-01	   1.0281670181928186e+00	   8.3019694008368539e-01	   6.9401521308939218e-01	   8.5675694058331531e-01	   8.9232598333248514e-01	   8.8717240281265175e-01	   8.4941901219760907e-01	   8.0669123642424068e-01	   7.9345009878703587e-01	   7.4830065404917767e-01	   5.4656012009650190e-01	   8.7453985739255513e-01	   6.0664837188951226e-01	   1.2864779474671790e+00	   1.0239025899177827e+00	   1.0409666870786745e+00	   8.4533739806488795e-01	   1.3648039804389944e+00	   1.1097735455079947e+00	   1.0014343038225693e+00	   7.2849413486498094e-01	   1.1444633793757486e+00	   1.0340276738367613e+00	   4.0692084401125334e-01	   4.5127816266001397e-01	   9.9641049602712040e-01	   8.3741897415954791e-01	   7.7550037291323470e-01	   6.3398888245619356e-01	   5.8313615686954479e-01	   3.1618487603075218e-01	   1.0555058360980383e+00	   8.2250560787206739e-01	   9.8858190492083842e-01	   7.4140594649448044e-01	   8.9056546013784277e-01	   7.4403120828279135e-01	   9.3919031570067435e-01	   7.6236213278170595e-01	   1.0993157032843806e+00	   1.0390251112220152e+00	   9.1355059010591266e-01	   8.9697992070105625e-01	   8.4791919897487000e-01	   6.7418040867521722e-01	   5.2969855115908404e-01	   3.8861671974465922e-01	   9.4074712493845303e-01	   1.1093836745433536e+00	   9.0346046830089866e-01	   7.0654945014793202e-01	   4.9325126582749812e-01	   7.2626069889690714e-01	   8.2956495252922147e-01	   5.8061889060541427e-01	   1.2027119224604823e+00	   1.1401433145592839e+00	   1.0113830792430618e+00	   1.1030418485253901e+00	   6.8746975130196419e-01	   7.3462862881759172e-01	   1.0094228728982009e+00	   8.9619830855784877e-01	   9.7125072508254950e-01	   6.7764325647615498e-01	   4.0529841814248818e-01	   6.4146667036029215e-01	   3.8182774140375014e-01	   6.3646458393103977e-01	   9.7826208969986883e-01	   1.0332562112861570e+00	   8.2630637539894325e-01	   9.0823141802268570e-01	   6.1099767649146319e-01	  -7.2694885734779474e-02	
   1.4459050099911945e+00	   0.0000000000000000e+00	   6.9055505713675247e-01	   6.3605609944856745e-01	   6.0583662347151845e-01	   6.3764864388823095e-01	   6.1233270487868863e-01	   6.8972493280105696e-01	   5.2773344114693677e-01	   5.1960047794848818e-01	   8.0922199229912928e-01	   8.9467794980500470e-01	   8.9045561989755917e-01	   7.8062187984732478e-01	   7.5755888178331310e-01	   7.2517021848637386e-01	   1.3705431615477945e+00	   1.0979516680451227e+00	   1.1519935142666649e+00	   1.0414261888525471e+00	   6.2954929582619767e-01	   5.8497407062813467e-01	   6.0810857108898353e-01	   5.9097306922389725e-01	   4.8930573685133694e-01	   4.3616152723880264e-01	   5.0006417604057696e-01	   6.8668145017370097e-01	   9.5161310252491105e-01	   1.0408269674183988e+00	   4.2295155387130912e-01	   3.9653860644547190e-01	   1.1703225499053940e+00	   9.9166753824073228e-01	   5.5363868010013029e-01	   6.1729190207747142e-01	   6.1067991802360744e-01	   7.0652642413677991e-01	   1.0034147829931541e+00	   1.0053332152236336e+00	   8.0235635314702403e-01	   1.0886328134313843e+00	   5.9759729039480414e-01	   5.0281137457751623e-01	   6.2871249617296954e-01	   6.8925898700697064e-01	   6.3025574729824241e-01	   5.8795119211625368e-01	   5.7841530501091987e-01	   5.8487831241479371e-01	   5.8809218868740543e-01	   4.0074482544107498e-01	   6.2420305056646963e-01	   5.2524224050741131e-01	   1.0161658762433203e+00	   7.9969224330023669e-01	   1.5201990265447389e+00	   1.3040918186994199e+00	   1.1170938276024851e+00	   1.0286573472079743e+00	   9.1457677182514341e-01	   6.8838102558069492e-01	   1.1726150166411209e+00	   9.7516762767219489e-01	   3.9088407044665374e-01	   4.2648648789479965e-01	   9.4856738421974007e-01	   8.7584323162508793e-01	   9.6908002666289483e-01	   7.9380783081094941e-01	   6.5613564862187568e-01	   4.5015282139096158e-01	   8.7059693730278509e-01	   8.2374220004102605e-01	   8.2355015830383527e-01	   8.6932030657209247e-01	   8.7519476880741665e-01	   8.3010502130750896e-01	   9.8457652679932117e-01	   1.0219570779714275e+00	   1.2197621934767995e+00	   1.2133686962920780e+00	   9.5579682009321754e-01	   8.3599290847907426e-01	   8.7875690370767567e-01	   7.0585078800457890e-01	   5.9077933305118402e-01	   4.6825156048721045e-01	   9.5851454990329965e-01	   1.1544646443219224e+00	   7.4418689412425154e-01	   6.5365923268561021e-01	   4.5181439871213458e-01	   7.3535048815795967e-01	   8.0592533395463883e-01	   6.3814830530937761e-01	   1.0380004369801612e+00	   8.8732380915337539e-01	   7.9994397564957409e-01	   8.2484208876030229e-01	   6.4496750110640444e-01	   7.2059659736359172e-01	   1.0055124507153448e+00	   9.7540633253234388e-01	   9.5073330962503466e-01	   6.2761900720414543e-01	   4.1852742852148994e-01	   6.7159177417404869e-01	   3.7061792116554876e-01	   5.2713036132814017e-01	   9.0119647373148681e-01	   7.9400490510839850e-01	   6.9362956574772638e-01	   9.2821633063698583e-01	   5.8152692039011356e-01	  -1.0975950506412180e-01	
   7.5473805365356206e-01	   6.9055505713675247e-01	   0.0000000000000000e+00	   1.5239768362431683e+00	   1.1258340609222157e+00	   8.1587038573120441e-01	   1.4974644591115354e+00	   1.0342807120701829e+00	   9.1552048575964762e-01	   5.6913587318140624e-01	   8.6524868423674595e-01	   6.6578701719814481e-01	   9.9353473474414644e-01	   8.0792640003164640e-01	   1.3469072482706537e+00	   1.0165487940648206e+00	   8.0142640941715193e-01	   5.3712477497593525e-01	   9.1944604888401427e-01	   8.2456976364366474e-01	   1.0482446478922669e+00	   6.5414177510017968e-01	   1.2917168556523431e+00	   1.0532552328616827e+00	   1.0730566355232660e+00	   8.2559775789191781e-01	   9.3962048005740306e-01	   8.0444659761817050e-01	   9.2480497969536435e-01	   7.6661446745399031e-01	   1.2305564495256796e+00	   1.1387864764391684e+00	   1.1936700011921337e+00	   1.0901829724733356e+00	   8.3806625291093373e-01	   7.0417393906218650e-01	   8.0957089835389962e-01	   5.3074219046914606e-01	   1.1622917864042193e+00	   9.8276790757289600e-01	   1.0011031015241054e+00	   8.2503507658801278e-01	   4.2592591139321234e-01	   3.0324814657368321e-01	   4.5718834045579593e-01	   4.5812484094503991e-01	   4.4504094702364816e-01	   3.5834194275320008e-01	   2.8567194235765059e-01	   2.2689686463722611e-01	   2.9862697877391980e-01	   1.6691921675916804e-01	   3.6447885207273722e-01	   3.0558606985462899e-01	   6.9931742764133953e-01	   4.3727122426208509e-01	   5.0772820123066809e-01	   5.8983872799442327e-01	   6.9489158504628801e-01	   6.1870303210697852e-01	   6.4065481209817920e-01	   5.9717219688030554e-01	   8.9035627814454876e-01	   6.9239280378159396e-01	   8.1439994454677089e-01	   5.4866420847534125e-01	   9.7208553493070304e-01	   7.9215881500028529e-01	   9.2906361731328602e-01	   7.5172581733094301e-01	   7.6491586354366947e-01	   2.6144985271622551e-01	   6.3992642629063257e-01	   3.2885581840298822e-01	   5.1562605497322100e-01	   4.6600152224876595e-01	   6.6042183462241211e-01	   5.7272458816479688e-01	   8.6282956075191830e-01	   8.2298195316593792e-01	   1.0696907924995607e+00	   9.6348158691162045e-01	   1.2445720036234951e+00	   1.1603640895943310e+00	   1.2178188582751899e+00	   8.4426078512639413e-01	   9.0003342248543394e-01	   6.7526241314280167e-01	   1.1048227658136258e+00	   9.3467064451171578e-01	   6.2702959520039236e-01	   6.8047195798988847e-01	   5.1748452252638555e-01	   7.6649520925254100e-01	   7.3015882749184380e-01	   4.6890806748882374e-01	   7.0756819169880281e-01	   6.0365017260236020e-01	   4.2626829855112625e-01	   6.0282909746293700e-01	   5.6958226125091560e-01	   7.2656363427509163e-01	   6.8682728722046493e-01	   8.0046580242308163e-01	   8.2605192662323623e-01	   6.3041469747946244e-01	   3.2543504721997846e-01	   7.2824138215296041e-01	   2.7329116023461941e-01	   4.6535186316810923e-01	   6.7119354944085363e-01	   4.7490780660468768e-01	   4.0893558949967274e-01	   7.9349775759091712e-01	   8.1229443701894655e-01	  -7.9357859368487257e-02	
   6.2956935210208842e-01	   6.3605609944856745e-01	   1.5239768362431683e+00	   0.0000000000000000e+00	   1.0163925037624060e+00	   1.1190301081953475e+00	   1.4586940961048127e+00	   1.2427650866727384e+00	   9.4101339014402963e-01	   8.4872765158268415e-01	   7.4126055469812402e-01	   7.1655680998984927e-01	   9.4432470796985257e-01	   8.5055388385028441e-01	   1.1999889751027615e+00	   1.2595147270500580e+00	   7.0908752150510157e-01	   4.8143069124442678e-01	   7.2929238336301960e-01	   6.9289994018716461e-01	   1.0953381056942251e+00	   6.6310387353706168e-01	   1.0945965121294463e+00	   1.2750072553736902e+00	   1.0050107995969009e+00	   9.4525770739323101e-01	   8.3688344071239285e-01	   8.3451443997222541e-01	   8.4281021998848127e-01	   7.7475022887020695e-01	   1.1267795785359447e+00	   1.3402470339527683e+00	   1.1665150414684489e+00	   1.2187427935946860e+00	   8.8326067652419871e-01	   8.4200814595367290e-01	   7.4450087589520764e-01	   4.6472904061132336e-01	   1.1008177227487999e+00	   8.7160777294788139e-01	   9.5389230742882691e-01	   7.9515284119724272e-01	   4.7833526282615063e-01	   3.7308563693227126e-01	   4.9540333466740638e-01	   4.8680481135772458e-01	   5.0639869627077538e-01	   4.0510902357793999e-01	   2.8232946276008775e-01	   2.4867593307279945e-01	   3.3761274075033798e-01	   2.2987486000327689e-01	   3.6084634705938773e-01	   3.6860316778122709e-01	   6.8478420183919186e-01	   4.1160001547421893e-01	   4.7172003831337622e-01	   4.9913944917696262e-01	   6.3936333198569917e-01	   5.9560387322560537e-01	   6.2165887078238480e-01	   7.4467419572938132e-01	   8.5075929600784639e-01	   7.2408083448199623e-01	   9.7192048512580864e-01	   7.9170373674393346e-01	   1.0608209758845804e+00	   9.1051729413948512e-01	   7.5432591188099951e-01	   6.6711078530113577e-01	   8.5560681775768044e-01	   4.0969944760290472e-01	   5.9560193502580161e-01	   2.8722964760350134e-01	   4.4106657113678827e-01	   4.5397807283405595e-01	   7.3022897608147586e-01	   7.4102612203512841e-01	   8.5988199479924532e-01	   7.5816512279869375e-01	   1.0427566794847596e+00	   8.8322114749803549e-01	   1.1716877791027451e+00	   1.2080861166827579e+00	   1.2553592718817648e+00	   1.0284132197084235e+00	   8.1844593241640018e-01	   7.5653463075592164e-01	   1.0518774972890714e+00	   8.8971063864987432e-01	   7.2755173875889456e-01	   6.8235490504796004e-01	   6.5594490177435305e-01	   7.2208544934230634e-01	   6.8680564775014108e-01	   4.5738737267274104e-01	   7.2462989441142001e-01	   5.7924942438415350e-01	   4.6976231368641630e-01	   6.2995210968709914e-01	   6.7338387010484535e-01	   6.8322170421035222e-01	   5.8649249834896722e-01	   6.9358994936905383e-01	   7.1058173416741155e-01	   6.1065713431577784e-01	   2.8946162404632553e-01	   7.4936587342403416e-01	   3.0659244396086638e-01	   4.8570831532793141e-01	   6.5714060388470430e-01	   4.5412091912627706e-01	   4.4998875560675577e-01	   7.7249139766314312e-01	   8.5364640388305602e-01	  -1.2128670315719565e-01	
   6.9083514577194138e-01	   6.0583662347151845e-01	   1.1258340609222157e+00	   1.0163925037624060e+00	   0.0000000000000000e+00	   1.0459850171626339e+00	   1.2464054782257175e+00	   9.6604365381175861e-01	   1.3390693043343167e+00	   8.9553120242717432e-01	   5.2859067751318123e-01	   6.6012248756416947e-01	   1.0241310362865628e+00	   8.1914816274960733e-01	   1.0003810100054353e+00	   7.0054117662712412e-01	   6.4965687758300106e-01	   4.8093796838940361e-01	   6.4918387361357366e-01	   5.3085544285564601e-01	   1.1632269141230385e+00	   7.0877169070523571e-01	   9.9553966136975169e-01	   1.0505674071945048e+00	   1.1977513577643086e+00	   9.9611459981194728e-01	   1.1008476338481277e+00	   1.1140310452922646e+00	   6.5238060526177488e-01	   6.0581526422161092e-01	   8.5527941439990252e-01	   8.3849800202100244e-01	   9.1698633230476112e-01	   9.1417179820705263e-01	   1.1026184078432886e+00	   8.2007489446242976e-01	   7.6599028863950225e-01	   5.8852373657230606e-01	   9.4435312384402725e-01	   8.1272253173754461e-01	   8.6628569481766093e-01	   8.7714979679717764e-01	   4.1105798821196138e-01	   2.4612104861583739e-01	   4.4284998605029458e-01	   4.6288709460540139e-01	   4.0593074966976905e-01	   3.2112023049781879e-01	   2.7033472008581044e-01	   2.8463864658141308e-01	   3.7505531775087042e-01	   2.6349916690583769e-01	   4.1524467305470414e-01	   4.6305389225849325e-01	   6.2697951825760301e-01	   4.8891464271332219e-01	   4.6578034128510681e-01	   4.6226838758484751e-01	   7.0793551976288593e-01	   5.5948852329863108e-01	   7.8076002428308433e-01	   6.8765894667984828e-01	   6.9288991656973919e-01	   6.4590811308570206e-01	   1.1091228001629529e+00	   7.3232942695867420e-01	   9.6332515465425628e-01	   8.1594078694944883e-01	   6.4907920163509425e-01	   5.6785835370171345e-01	   7.4492608002633365e-01	   2.6185100027783914e-01	   5.3002644437026825e-01	   3.4036802670022337e-01	   4.5496588298766705e-01	   4.9756210613455298e-01	   7.2710416886909157e-01	   5.7190476956746683e-01	   8.6010552652131367e-01	   7.1068177489031903e-01	   8.6806587153380343e-01	   8.1424784427775121e-01	   9.7518123394091416e-01	   9.6981299379954322e-01	   9.7177557826214289e-01	   7.9861008269671152e-01	   7.9753617128527921e-01	   9.3012924194914959e-01	   1.0387848791564820e+00	   8.1109040302321389e-01	   6.3568767718855401e-01	   8.8766282760077364e-01	   5.0022931787513891e-01	   9.1201873599624705e-01	   8.1224615884955242e-01	   4.5281136307865449e-01	   6.7835551991772014e-01	   4.9540996293434819e-01	   3.9510969588837985e-01	   7.2284951496458638e-01	   6.3318238465587739e-01	   9.2854976731889338e-01	   7.6867504223981009e-01	   9.3911180585505905e-01	   7.4378937299756864e-01	   8.7668669591972304e-01	   3.8448961820540362e-01	   7.9458087632847174e-01	   3.1308659392310523e-01	   3.9619662013649976e-01	   6.5303866238398611e-01	   4.6133084183908180e-01	   3.2621562559221690e-01	   6.3347310772308651e-01	   1.0533194353609370e+00	   5.6234297280385440e-02	
   6.7311197040631554e-01	   6.3764864388823095e-01	   8.1587038573120441e-01	   1.1190301081953475e+00	   1.0459850171626339e+00	   0.0000000000000000e+00	   9.4735470372473918e-01	   1.0606022898526548e+00	   9.5513035971294569e-01	   1.4281249214960694e+00	   5.1464244593611919e-01	   8.0093717821508492e-01	   8.0180734483417226e-01	   9.1687782162899112e-01	   8.2793669540065962e-01	   1.0401497425154553e+00	   5.9613295128688748e-01	   3.6055856069717901e-01	   5.9810544395189380e-01	   4.8291955459730140e-01	   1.2007117730842747e+00	   8.4357813858255892e-01	   7.6738073931692152e-01	   1.2096054285098017e+00	   9.0306114254192749e-01	   1.1891206490508881e+00	   9.0194838392588250e-01	   1.3066349920248403e+00	   6.0613413446747078e-01	   5.8859757762633025e-01	   6.2717438714777174e-01	   7.3254139877637403e-01	   9.0418957623041618e-01	   1.0065114466442362e+00	   1.0752660145733899e+00	   1.1531281413628769e+00	   7.0356117766356951e-01	   6.1419716385199685e-01	   9.7015110330046284e-01	   9.0157660029372200e-01	   8.1124469975665936e-01	   9.9129214917640662e-01	   8.1459013238411382e-01	   6.5086981150546697e-01	   7.7571580993846234e-01	   7.7048232600100397e-01	   8.0001866402327781e-01	   6.6846630787730066e-01	   5.9468489422889315e-01	   6.2296912044188524e-01	   7.5777068013383242e-01	   5.7705516992595474e-01	   5.6646318910622517e-01	   6.2628989211331043e-01	   8.6491935669867581e-01	   7.1805086856059130e-01	   4.2172200972487683e-01	   3.8331772076615256e-01	   8.8234207075169158e-01	   7.7661837117353549e-01	   7.4693922036429550e-01	   8.8719819250035759e-01	   6.4376117926018939e-01	   7.1830569408248057e-01	   1.0180464995484180e+00	   1.0429350480098458e+00	   1.2300306164977957e+00	   1.1744983030052516e+00	   6.3838727241751447e-01	   6.3815205230925309e-01	   8.1224121100416213e-01	   5.1997073436716046e-01	   5.5994486590856996e-01	   4.2434914914844230e-01	   3.9958722334284169e-01	   3.9252184641499938e-01	   7.9005891247250393e-01	   8.4244452019086102e-01	   8.5875897479109276e-01	   6.0259464032973964e-01	   7.8609953985299497e-01	   7.1478014519060640e-01	   9.3698000911305790e-01	   1.0252103436021929e+00	   1.0692411528861452e+00	   1.1112330998224866e+00	   7.1500990920439056e-01	   9.3158340946976503e-01	   9.1723874955495077e-01	   9.6665469874537913e-01	   1.0838401445300336e+00	   9.2923645748176875e-01	   8.6849310609639763e-01	   8.6417403212403787e-01	   8.3884021111277884e-01	   5.1621719092070684e-01	   9.9447695771719125e-01	   7.3833685768282653e-01	   7.5980095002627379e-01	   9.9289470818334880e-01	   9.5992530206380045e-01	   8.7168527126632056e-01	   7.4604548768771917e-01	   8.3531316067814454e-01	   8.6637416231370812e-01	   9.2229478158292011e-01	   5.3610368666622921e-01	   8.3561957793967678e-01	   2.5969091122747079e-01	   6.2207057609921845e-01	   8.5042996397349868e-01	   6.7556282450867411e-01	   5.5793414317981727e-01	   6.7558909028966918e-01	   1.0131750491264815e+00	   6.8757069731800791e-02	
   6.6065942595110627e-01	   6.1233270487868863e-01	   1.4974644591115354e+00	   1.4586940961048127e+00	   1.2464054782257175e+00	   9.4735470372473918e-01	   0.0000000000000000e+00	   1.3784864070804403e+00	   1.2084296506012686e+00	   7.8130822627873464e-01	   8.5291716042535870e-01	   8.1136320431243192e-01	   1.1107685043667053e+00	   9.0409439120718194e-01	   1.2605135803083645e+00	   9.8810414705746119e-01	   7.8321059989942676e-01	   5.2286769071679706e-01	   7.2039833192046254e-01	   6.3916784364603552e-01	   1.0326378633594431e+00	   6.5210550300733583e-01	   8.9218648472179785e-01	   9.3323234066124661e-01	   8.5928393326481045e-01	   7.5867782644345261e-01	   7.3009928318088879e-01	   7.3965466827170379e-01	   9.3903278641109877e-01	   7.5453435542523750e-01	   1.2246702901299427e+00	   1.2518479258430899e+00	   1.1609551643280807e+00	   1.1892995614820110e+00	   8.9413481211934864e-01	   8.0802531421819723e-01	   6.7720538123226459e-01	   4.2269221935751738e-01	   1.0253416121421721e+00	   7.7576720308076719e-01	   9.3712215706040680e-01	   8.5996158335899509e-01	   3.4440557899261159e-01	   2.3501746681501035e-01	   4.3294339100319085e-01	   4.6733780317491080e-01	   3.9262267743431223e-01	   3.0960918124877129e-01	   2.4243407530196542e-01	   2.0911306008148131e-01	   2.6226713330633422e-01	   1.5613826698241909e-01	   3.6861786179595679e-01	   3.9472958463750329e-01	   6.2959817482272329e-01	   3.6616280754098712e-01	   4.2332868158228010e-01	   4.5979336966459650e-01	   6.3229281833506390e-01	   5.4719767324727586e-01	   7.9083404477346197e-01	   8.0326472798422743e-01	   9.8112208854769800e-01	   8.1917053370307447e-01	   9.9624874474318592e-01	   7.5315163990707712e-01	   9.5749687531704097e-01	   8.3221323917623868e-01	   6.9770092798336181e-01	   5.7841386889161206e-01	   8.8614640121064769e-01	   3.8137364456945466e-01	   6.6657709772985807e-01	   3.1527758106565540e-01	   4.7399799281682775e-01	   4.7207928630587598e-01	   6.8758650856596049e-01	   5.7627635450285475e-01	   8.4472675261062513e-01	   7.2246088672147679e-01	   1.1406328990521819e+00	   9.7443304991657098e-01	   1.0654225787644604e+00	   1.1302576169244545e+00	   1.0526952847440278e+00	   7.6748740506669799e-01	   6.7538746878384026e-01	   5.6567109667282156e-01	   1.0862028889965443e+00	   7.9728253825283901e-01	   6.8082400622361972e-01	   7.0054765716529332e-01	   5.7985444483197002e-01	   7.5665853549252160e-01	   7.8643482041644908e-01	   4.7269852152123004e-01	   6.3084995517444353e-01	   4.9978855358030022e-01	   3.9663580472639209e-01	   5.4383323201307865e-01	   6.9319029360123874e-01	   7.8150162766264331e-01	   6.3349901833686739e-01	   7.0055651366433214e-01	   7.0110293409163238e-01	   6.4821233347753671e-01	   2.6546416698024144e-01	   7.4345954678035542e-01	   3.6525817963776069e-01	   4.2056608997309347e-01	   5.5284696445085413e-01	   4.1244118529595752e-01	   4.1516220884521005e-01	   6.5114545931111634e-01	   8.4324103089916191e-01	  -8.8241006870885902e-02	
   8.8662868274367745e-01	   6.8972493280105696e-01	   1.0342807120701829e+00	   1.2427650866727384e+00	   9.6604365381175861e-01	   1.0606022898526548e+00	   1.3784864070804403e+00	   0.0000000000000000e+00	   9.6919094769931358e-01	   9.6457873592825538e-01	   1.0144018928751728e+00	   1.2101080356695928e+00	   9.8367422679563976e-01	   1.3840172956956360e+00	   1.0868935498383250e+00	   1.2758132962729081e+00	   8.7789776062843583e-01	   5.0251316347669972e-01	   7.2100438266813538e-01	   5.6425666466699553e-01	   8.7175683086065914e-01	   7.8567854308967144e-01	   7.3488446127944140e-01	   9.3761115409644413e-01	   6.9447030811767685e-01	   6.7223934971227539e-01	   6.0210961120813378e-01	   7.5793090455819145e-01	   9.7945143742385932e-01	   7.8214172485117173e-01	   7.6406120700698066e-01	   8.9997811779809789e-01	   1.0043726663562764e+00	   1.1682952111815239e+00	   7.7069175927663891e-01	   7.6779137162263367e-01	   5.5954575939425566e-01	   3.4004284679750729e-01	   1.0035154121973207e+00	   8.3660972311599613e-01	   8.3643772966811580e-01	   8.8222897575080017e-01	   6.3231526691534401e-01	   5.2657310183093176e-01	   7.3239043468617715e-01	   7.3336580471666624e-01	   7.1365703769107403e-01	   6.3360863754037133e-01	   5.2183888886514673e-01	   4.8812907769643354e-01	   4.9903585050605037e-01	   3.7723911319027137e-01	   5.5712358669416973e-01	   5.2949024432932101e-01	   8.6000688517197676e-01	   5.7945934012857525e-01	   4.5865043455586074e-01	   3.7600603720709358e-01	   7.8539733268698342e-01	   6.8100531119380503e-01	   9.1751713179161953e-01	   1.0536644574127292e+00	   1.0714447977792778e+00	   1.0877557446075345e+00	   9.0364399177691901e-01	   9.6159229864681384e-01	   1.0051446879173129e+00	   8.8836680154236625e-01	   5.0261550907019181e-01	   4.1341116633045250e-01	   8.5088036982966675e-01	   4.0032637844931768e-01	   8.2892035452468227e-01	   4.2355906829681589e-01	   6.2853143881281448e-01	   4.4022578152094038e-01	   7.8444136558531719e-01	   6.9348468271769137e-01	   8.3312326522911784e-01	   6.0290918212078703e-01	   1.1036964088137671e+00	   9.0538358028842325e-01	   9.2009840715531221e-01	   1.0566475970149412e+00	   9.7811742446440197e-01	   8.3351312612648887e-01	   4.9618743033829060e-01	   4.1590353088707721e-01	   9.0808694820412850e-01	   8.1801713072385618e-01	   8.9449176237365946e-01	   6.1723269015923821e-01	   6.7738974572020194e-01	   6.4846916830642276e-01	   7.2164873990531364e-01	   5.0377450737200702e-01	   8.3784143151388946e-01	   7.4751561671265887e-01	   6.4731221556760266e-01	   8.0480658237954972e-01	   7.9582229747422550e-01	   6.9995228769455342e-01	   6.3428578445245631e-01	   5.9505562104425735e-01	   6.9005057220838861e-01	   6.4657071677476341e-01	   2.9444962809156894e-01	   6.6564672027634819e-01	   3.7324421108407541e-01	   5.0095910753241601e-01	   5.9608310137463050e-01	   5.5578727494796865e-01	   6.1369153606760973e-01	   6.6329299861284297e-01	   7.5449566703584847e-01	  -1.2635075032114726e-01	
   5.9976170348404390e-01	   5.2773344114693677e-01	   9.1552048575964762e-01	   9.4101339014402963e-01	   1.3390693043343167e+00	   9.5513035971294569e-01	   1.2084296506012686e+00	   9.6919094769931358e-01	   0.0000000000000000e+00	   9.8928256814406756e-01	   5.9264698021845552e-01	   7.1535322950113722e-01	   1.2214942381396043e+00	   7.9050335231889091e-01	   1.0818093405807980e+00	   7.9624469103725748e-01	   6.0964389390525353e-01	   4.5535292421466822e-01	   5.1678808270388288e-01	   4.7387037144144062e-01	   9.9097884966684802e-01	   7.2186590406744555e-01	   7.0516301910277035e-01	   8.3205055840509989e-01	   7.5794027366788286e-01	   6.5558896819763046e-01	   6.5818716405560795e-01	   7.1552980068923944e-01	   6.7697056643839404e-01	   5.9193795627477153e-01	   7.3272822190159426e-01	   7.9512581456555831e-01	   8.4481894562211668e-01	   8.7573258319687874e-01	   1.0475490812558734e+00	   8.0797516375172207e-01	   7.5679325029300182e-01	   5.1887569244123521e-01	   9.7070507634669401e-01	   7.6334637384242598e-01	   9.7244186182520431e-01	   8.9609797104423095e-01	   2.9588221985756380e-01	   1.7750733917621744e-01	   3.2614207891924368e-01	   4.0294336958502797e-01	   3.2229544821826034e-01	   2.3539920613737983e-01	   1.5767615339638608e-01	   2.2065780029988244e-01	   2.6472293446452555e-01	   1.5247068383796111e-01	   3.6814310188299720e-01	   3.3807447459461981e-01	   5.3284038832607039e-01	   3.0165178546999299e-01	   3.9154245132735488e-01	   4.1935358650096854e-01	   6.4943657075612660e-01	   5.0112591327078793e-01	   9.2332428410827105e-01	   7.8734175835647902e-01	   7.4256630424332226e-01	   7.5262945838197559e-01	   1.1259093085491014e+00	   7.3232228100169727e-01	   8.4610823574285687e-01	   7.2629408431069098e-01	   4.9318050343584008e-01	   4.5827944519696334e-01	   8.3569162997483759e-01	   3.9769028873505308e-01	   5.8735594114496192e-01	   2.9931949588493273e-01	   4.9643796900611614e-01	   4.5246341593427064e-01	   7.9506507902473533e-01	   6.3741501478250817e-01	   7.9839091719730926e-01	   5.5707495007794239e-01	   8.7205350871422094e-01	   7.7315379765041192e-01	   8.5776720708545129e-01	   1.0812073274724290e+00	   8.8469724128388694e-01	   7.3484254552557449e-01	   5.8088009594881207e-01	   6.8479926109438916e-01	   1.0476519634576409e+00	   7.3149037438872422e-01	   6.7592781482313646e-01	   8.3285564836177917e-01	   5.5914380513515727e-01	   7.9274258776448814e-01	   7.5713872409902050e-01	   3.7006032081199614e-01	   5.6424861992555708e-01	   3.9862469376579479e-01	   3.3194097864998362e-01	   5.5244187207818352e-01	   7.0591540362032856e-01	   7.8973089140887098e-01	   6.8995295556648151e-01	   7.3025527659030287e-01	   6.5353906696274444e-01	   7.2478082579609782e-01	   4.0820040681024972e-01	   7.4794010444752224e-01	   2.9030116564714614e-01	   3.5441462098342147e-01	   5.9127656320088939e-01	   4.7180735849544853e-01	   3.3643824713495629e-01	   4.8664069156758416e-01	   8.5632279417410961e-01	   1.9435816945541477e-02	
   5.6129221273452978e-01	   5.1960047794848818e-01	   5.6913587318140624e-01	   8.4872765158268415e-01	   8.9553120242717432e-01	   1.4281249214960694e+00	   7.8130822627873464e-01	   9.6457873592825538e-01	   9.8928256814406756e-01	   0.0000000000000000e+00	   3.9255707371056153e-01	   7.2583616329586964e-01	   7.4360333116333477e-01	   8.6897440285238658e-01	   6.9962745777852742e-01	   8.0434235174589708e-01	   4.3492853888669486e-01	   3.4396334124131367e-01	   4.0836476349672135e-01	   3.0489855997928395e-01	   9.3153830118637093e-01	   8.1162434647726123e-01	   5.7612898246591981e-01	   9.1791881059082492e-01	   6.8769241959453298e-01	   8.4540339884573745e-01	   6.7304681239586173e-01	   8.7080685750072673e-01	   4.4045739478540469e-01	   5.1205569723710731e-01	   5.5063066384025738e-01	   6.6651286495449080e-01	   7.3728324351776187e-01	   8.0721553109121480e-01	   8.3735968544077921e-01	   7.8835675417159401e-01	   5.8555366723199564e-01	   4.8115083163939049e-01	   7.8236651051591100e-01	   6.6209715068817132e-01	   6.8815166431473362e-01	   8.4041650442125571e-01	   5.3134208668198069e-01	   4.3434463426657677e-01	   5.7536216930921602e-01	   5.2672393768317871e-01	   6.0218033143629091e-01	   4.6792807799197661e-01	   4.1770357017793802e-01	   4.7270246305559904e-01	   5.5764664048411128e-01	   4.1141221612479612e-01	   5.3234442624331746e-01	   5.6509332274560597e-01	   6.4607790131317111e-01	   5.3762696997629678e-01	   3.9760970784565824e-01	   3.6535110122397596e-01	   6.7477748995286568e-01	   5.7198027283194697e-01	   7.5188452818562268e-01	   9.0584072072390398e-01	   5.9587999392690816e-01	   7.1661464516801043e-01	   8.3874705259465254e-01	   8.3425881387861711e-01	   8.5033594869636331e-01	   7.9088551953891539e-01	   4.2157418115428230e-01	   4.4402864105400730e-01	   7.9940306724191945e-01	   5.6959673241408848e-01	   4.0167895386614932e-01	   2.7354758297297233e-01	   3.5609935617792976e-01	   3.6562231245389221e-01	   6.6884288541691816e-01	   7.0068941872459689e-01	   7.1237061169334137e-01	   5.3392439789739710e-01	   7.2802545031171717e-01	   6.1593466491989668e-01	   7.1491680751586351e-01	   8.4291714378449756e-01	   7.7425996764894445e-01	   7.4741029988618946e-01	   4.5658837546194253e-01	   6.8353960899663468e-01	   7.4088064855281321e-01	   7.1981881686651183e-01	   8.6270459025526913e-01	   8.6471602208285581e-01	   6.7969936021480037e-01	   6.6669717697735154e-01	   6.3636385844786925e-01	   3.1690507025827452e-01	   6.8558169684405890e-01	   5.2251599949825711e-01	   5.4796587306776812e-01	   8.5062198556353597e-01	   9.2560220641203750e-01	   6.8603454868894909e-01	   6.8794077929456765e-01	   6.5900563174828941e-01	   6.5266017183401226e-01	   7.7607675777044460e-01	   4.3958013917598571e-01	   8.5286863757981779e-01	   2.3927297340028714e-01	   3.6601554658442603e-01	   5.6602583625434444e-01	   4.6614641919758315e-01	   3.7544051209634838e-01	   4.5237041918129561e-01	   8.0275026686474660e-01	   3.2155770866856420e-02	
   1.0586741327267395e+00	   8.0922199229912928e-01	   8.6524868423674595e-01	   7.4126055469812402e-01	   5.2859067751318123e-01	   5.1464244593611919e-01	   8.5291716042535870e-01	   1.0144018928751728e+00	   5.9264698021845552e-01	   3.9255707371056153e-01	   0.0000000000000000e+00	   1.1205264443894041e+00	   1.0899188675076306e+00	   9.7874889344261906e-01	   1.1421953788306696e+00	   1.0205439976097734e+00	   1.1188606610095562e+00	   7.0030624322217361e-01	   9.3119490883307943e-01	   8.8962268147761814e-01	   5.8231100034503913e-01	   4.9059950350883752e-01	   5.4291882829784754e-01	   4.9050130215999466e-01	   3.1104278447462747e-01	   2.1853267143821981e-01	   3.4518211903606222e-01	   4.4582066051938879e-01	   1.4723739219620635e+00	   9.5333741664767679e-01	   5.6467554698247613e-01	   5.6972650938755165e-01	   9.3677043932223336e-01	   9.4176682121693356e-01	   4.2122925364284586e-01	   4.3080524670549936e-01	   4.8876459107693326e-01	   3.9100380161573406e-01	   8.3353447132395930e-01	   8.6501859489877175e-01	   8.2512936017865046e-01	   8.2009384530755391e-01	   4.8449394992425626e-01	   4.3656098923115733e-01	   5.4062094301701857e-01	   6.1711266738099158e-01	   5.9692140897615953e-01	   5.8066999741499681e-01	   4.4299189987213916e-01	   4.1237740448082577e-01	   3.6910494086840107e-01	   2.7660234621428537e-01	   5.8955367936957004e-01	   3.6760306626030892e-01	   8.5004915247467061e-01	   5.7922800454128098e-01	   5.5759120568507869e-01	   5.5344438937414098e-01	   8.5299816922431115e-01	   6.6810013672104374e-01	   9.5508037350503805e-01	   6.6015186504598167e-01	   1.3088616606588261e+00	   1.0531592231546840e+00	   4.4145691575462148e-01	   4.3053181990382888e-01	   7.2069660711599492e-01	   5.8167414016927688e-01	   6.1245313477136620e-01	   4.2957952068632888e-01	   5.5929131473058957e-01	   3.0871365515023302e-01	   9.9814728373476891e-01	   6.2249408471346301e-01	   7.6442573760601062e-01	   5.3264029889318665e-01	   6.3676277709846785e-01	   5.2045725574769974e-01	   6.9994122395624070e-01	   6.1631984990113808e-01	   1.0863486808256264e+00	   1.0343127697667678e+00	   8.5961471333421302e-01	   9.9002616487949491e-01	   8.2789577098283973e-01	   6.0000470956201335e-01	   3.6147600392616286e-01	   2.2349647938854372e-01	   8.1781119972267136e-01	   7.7000616720814707e-01	   5.7817946363493178e-01	   3.3972642568291056e-01	   3.4653405738233961e-01	   3.7709004586036637e-01	   6.3615874391548244e-01	   4.8893669544580842e-01	   7.4130024252765325e-01	   8.0246074010764168e-01	   6.1844623267752796e-01	   5.7253465454610031e-01	   3.9620969501104836e-01	   4.1460740455754858e-01	   5.2580795769421906e-01	   4.6312620271289123e-01	   5.5181609166819789e-01	   3.4717873490924167e-01	   1.5130527184825610e-01	   4.0354230085451948e-01	   2.8423246238755512e-01	   5.0011212630468327e-01	   5.8525056321246383e-01	   6.3106954267661064e-01	   6.0032362414168272e-01	   5.5738556487839119e-01	   5.1354112390367679e-01	  -1.9820095772569357e-01	
   1.0953341009260935e+00	   8.9467794980500470e-01	   6.6578701719814481e-01	   7.1655680998984927e-01	   6.6012248756416947e-01	   8.0093717821508492e-01	   8.1136320431243192e-01	   1.2101080356695928e+00	   7.1535322950113722e-01	   7.2583616329586964e-01	   1.1205264443894041e+00	   0.0000000000000000e+00	   1.0185379011511582e+00	   1.3827402397082054e+00	   8.8713758677742993e-01	   1.1225239014411272e+00	   1.0193589534771181e+00	   6.6306263524974696e-01	   6.2970803896620464e-01	   5.1167524393914976e-01	   6.3912200909488881e-01	   6.7323967810137286e-01	   4.6177633484976099e-01	   6.9434633689872249e-01	   4.0724778712153381e-01	   4.6436799156750419e-01	   3.6665069411602735e-01	   6.1941358300602223e-01	   1.0712091749070658e+00	   8.6369412479114660e-01	   4.5331275860724163e-01	   5.2485750443749968e-01	   9.1142917160143955e-01	   1.0913169543404293e+00	   6.6084934887549718e-01	   7.3083422119191221e-01	   4.5440753305546189e-01	   3.4824234519894381e-01	   9.2617348757157258e-01	   8.6697990466071850e-01	   7.4242627770975089e-01	   9.3381696579166096e-01	   7.2543095492534182e-01	   7.4244902751898356e-01	   8.6603618266034332e-01	   9.8483813079793747e-01	   9.1277772023193005e-01	   8.9825508064432891e-01	   7.3244485840767559e-01	   7.5043057282557513e-01	   7.1349450595273756e-01	   6.3680776435996878e-01	   8.0035449265164171e-01	   5.7195130144276018e-01	   1.2111677401288985e+00	   8.6266556719388365e-01	   5.9969438017847065e-01	   5.0576309071629044e-01	   1.0801214368133623e+00	   1.0301245584782130e+00	   1.2061768120567358e+00	   1.1404571790053868e+00	   1.1387952093747005e+00	   1.2948345608244736e+00	   6.7625662434628353e-01	   9.1587799178680740e-01	   9.8401292259303352e-01	   9.6419820781530075e-01	   4.5070924034288945e-01	   3.8079990945313075e-01	   6.6465044327309697e-01	   3.7659149578282081e-01	   1.1376176084475029e+00	   7.4861243120792420e-01	   7.8714672506578465e-01	   6.3247121221939495e-01	   7.4088289542659380e-01	   7.2781507155708469e-01	   8.5134828476828495e-01	   6.1202764913987906e-01	   1.0828991514655679e+00	   9.6179900744509750e-01	   7.0919067289844007e-01	   8.2240656884479468e-01	   8.1923734187009889e-01	   9.1035581391026055e-01	   3.3769846444155810e-01	   3.2247505245612806e-01	   8.6607310149526606e-01	   9.8692377673496900e-01	   7.6903356583288351e-01	   4.2635526078991365e-01	   4.5636434847801999e-01	   4.7367333375894627e-01	   8.1589601052662919e-01	   6.2655313993866324e-01	   1.0040164045595805e+00	   1.0096700800426683e+00	   8.9579340721806711e-01	   8.1307772324553829e-01	   5.6993679911888140e-01	   5.0415539815895705e-01	   5.1413415214955638e-01	   4.8423992572558450e-01	   6.7888310025575815e-01	   4.9892024809377289e-01	   3.1539639831067079e-01	   4.7828817024629955e-01	   4.3243311558956299e-01	   5.1645470088598344e-01	   6.2936967077060302e-01	   7.1001440928370707e-01	   7.6137838237525035e-01	   5.6260544602340135e-01	   5.5649468013654335e-01	  -1.8996877586082805e-01	
   9.6063676815918164e-01	   8.9045561989755917e-01	   9.9353473474414644e-01	   9.4432470796985257e-01	   1.0241310362865628e+00	   8.0180734483417226e-01	   1.1107685043667053e+00	   9.8367422679563976e-01	   1.2214942381396043e+00	   7.4360333116333477e-01	   1.0899188675076306e+00	   1.0185379011511582e+00	   0.0000000000000000e+00	   9.9053463189045976e-01	   1.4246489219078855e+00	   9.5664569247138487e-01	   1.0239305084804378e+00	   7.5777952454193742e-01	   8.1352117425563808e-01	   8.1990523134260462e-01	   9.3081651456723824e-01	   6.4928224923339506e-01	   7.2992547412367104e-01	   7.5977676981152231e-01	   6.1795860688113236e-01	   5.0097416456926869e-01	   6.2137417133072725e-01	   7.4324182050194931e-01	   1.1412713965068104e+00	   9.3336141321028809e-01	   7.2300020407980992e-01	   7.1964179893770541e-01	   1.1403975353111466e+00	   1.0970505766710898e+00	   8.1563160639816812e-01	   7.0460327913263010e-01	   7.0478803170029825e-01	   5.7332945861344653e-01	   1.0792188592421570e+00	   9.8949973645261236e-01	   1.1888578235841920e+00	   1.0504428725113306e+00	   4.1431704682081449e-01	   3.1567712619806615e-01	   4.6198322270457948e-01	   5.6242624901691551e-01	   5.0008475176928391e-01	   4.2789723692124404e-01	   3.0392654037023042e-01	   3.6474886286342523e-01	   3.7801331976486330e-01	   2.7445434020098070e-01	   6.1473541118804809e-01	   4.4491837182536276e-01	   8.1756473777918237e-01	   5.3470954199633891e-01	   6.8998414092708993e-01	   7.1348076287057327e-01	   9.5974127389153874e-01	   7.0174878079332248e-01	   1.3313202956591268e+00	   8.2908205269799096e-01	   1.1958542362325790e+00	   1.0351512284163011e+00	   8.4351296909714812e-01	   6.0827288851858108e-01	   9.7526946533907299e-01	   7.9581103788787644e-01	   7.1696357253519172e-01	   5.9128776116374682e-01	   7.5034231708668708e-01	   4.0528286119128942e-01	   8.6673334135758984e-01	   5.5030525728958524e-01	   7.6184651946052706e-01	   7.1871042823929010e-01	   9.6946522215488695e-01	   7.3775913065197418e-01	   9.9389301284608567e-01	   8.0622770086716933e-01	   1.2431774607760813e+00	   1.1051673268371915e+00	   1.1543355803347874e+00	   1.2654120562573088e+00	   1.0290932361524012e+00	   7.6997868849143625e-01	   5.7520030825598589e-01	   6.5788076429561948e-01	   1.3417111250806375e+00	   1.0281162578928007e+00	   6.4011446442260456e-01	   6.5873724707613324e-01	   4.1620990044946105e-01	   6.2931225852234418e-01	   8.9261627209131511e-01	   5.1847310142986480e-01	   7.9297523416481086e-01	   6.7486424044585869e-01	   5.5638194296917465e-01	   6.7445023037963348e-01	   5.3027710353695268e-01	   6.4677089132017729e-01	   7.7986645440926239e-01	   7.7749658929437293e-01	   7.0672076151069663e-01	   5.7646989842428198e-01	   2.9370855182132521e-01	   6.9729887460547846e-01	   3.8648000777004865e-01	   4.6306579326235442e-01	   7.0288080227175109e-01	   6.0105964355510633e-01	   5.1090593423084996e-01	   5.4447919443664650e-01	   8.1624587674927807e-01	  -1.3177314030406628e-01	
