   0.0000000000000000e+00	   6.4007732814686125e-01	  -1.2514536462146703e-01	   4.7790113361299724e-01	  -1.0299178276874896e-01	   1.0620799666768585e-01	  -1.8643029380522688e-01	   3.1346492510430723e-01	  -1.1869476557060821e-01	  -1.4576162482229676e-02	   3.3860035476159883e-01	   4.5509275621424583e-01	  -1.5193060061325428e-01	   5.1593909940508376e-01	   1.1157194426600833e-01	   4.2357529682387551e-01	   5.0232851155249358e-01	   1.4240008602747192e-01	   5.7803514178303139e-01	   4.7923101018294989e-01	   2.7721128649376186e-02	  -6.3166382344536282e-02	  -1.7674022196232686e-01	   2.2162000167960993e-01	  -1.0116672460131913e-01	  -4.1302499472169497e-02	   3.2707220860956304e-01	   3.1216545739642843e-01	   2.7060460743178799e-01	   1.9374470143826358e-01	  -1.1566901900595782e-01	  -2.7512092891162326e-02	   2.0313732195980574e-01	   2.3298169912608754e-01	   1.2921895110872608e-01	   6.4308160580874213e-02	   2.7723288521304956e-01	   6.2918436554627322e-01	   8.0752155369875317e-02	   3.5225749694410202e-01	   5.3068871090226755e-01	   3.3318857333111745e-01	   5.6564180281831765e-02	  -6.5161142142621337e-02	  -2.1079139161851029e-02	   4.2907313752173562e-02	   1.6451098220517940e-01	   1.1582533827393447e-01	  -7.9226558370803682e-02	  -2.7373221385258103e-02	   7.5605670051328566e-02	   2.2989538261418480e-01	   1.1363877734627406e-01	   1.1448459380506958e-01	   3.2009892174985727e-01	   1.8808129261564074e-01	   1.5542089149845977e+00	   6.0604411085138488e-01	   2.1919710667593570e-01	   7.1867832586487146e-01	   1.2950907179609503e-01	   4.5330384295893217e-01	   4.4524809117890429e-01	   6.0279787752258185e-01	  -1.8256507978488787e-01	   2.9915484543690524e-01	   9.9100946996476785e-02	   2.9453407526012992e-01	   1.6741520310037644e-01	   1.6787252895006377e-01	  -1.7861746759433916e-01	   3.3516992107590104e-01	   2.8640281344920471e-01	   4.6164935339392804e-01	   2.3995204011160831e-01	   3.1476907837378532e-01	   5.0840880623042628e-01	   4.8491547708046767e-01	   5.9107637894302645e-01	   3.3152478634468691e-01	   4.1288537616726501e-01	   5.1668497610978581e-01	   4.0272444125319629e-01	   6.9164399966818069e-01	   5.8933650213892463e-01	   6.1648499537427492e-01	   3.2970980063311633e-01	   6.5197912378213452e-01	   4.3369541608921724e-01	   5.1696695695372441e-01	   5.7747306550046340e-01	   9.8071014397546619e-02	   4.6247970247398396e-01	   1.6242121290290901e-01	   3.1068165627135191e-01	   3.2199979628899256e-01	   4.8868301826665850e-01	   8.8925250898055008e-01	   6.2071691760039716e-01	   7.2728799146708301e-01	   6.3584713557585948e-01	   2.3264054826814451e-01	   5.6447211730687263e-01	   4.8215514362934497e-01	   3.1443673580259052e-01	   2.7641689527871272e-01	   2.8183774102918291e-01	   4.0512512657280214e-01	   1.4764258581135952e-02	   4.2355809997567506e-01	   5.3682088391066074e-01	   4.0986786585083146e-01	   5.1097614723093432e-01	   5.9413115066345912e-01	   4.4275518567425476e-01	   2.9010843434813766e-01	
   6.4007732814686125e-01	   0.0000000000000000e+00	   1.8743646812755439e-02	   4.2809914003146687e-01	   5.6918982870947507e-03	   1.5061634501014423e-02	  -1.4421170708093733e-01	   1.8378634827453005e-01	  -5.3789622914637195e-02	   1.6302969655937838e-01	   1.0015151515655411e-01	   3.7301127178115723e-01	  -1.6719097469738339e-01	   3.7435181499728443e-01	  -6.6209226935475665e-02	   2.4786526363623967e-01	   5.2369518560952910e-01	   3.1177040824980645e-01	   4.3060765940176554e-01	   6.8485139300413023e-01	   1.8642947139779564e-01	   2.5187325988252011e-02	  -9.6166953673627015e-02	   2.3334359594988863e-01	   1.3995476372127663e-01	   1.1602255424239791e-01	   2.4033346568893627e-01	   1.7045394854545323e-01	   2.2361636419530001e-01	   6.4494203274882880e-02	   1.1476728625107102e-01	   9.8884864190186841e-02	   2.6297084299021833e-01	   3.3350961879620733e-01	   1.9964397996206762e-01	   1.3353286140789869e-01	   6.5443000962583500e-02	   4.1308964045972091e-01	   9.9762145771558369e-02	   3.1915239013781072e-01	   2.2442423346225349e-01	   2.3904237415195051e-01	   8.1913813881987096e-02	   4.6550536722725709e-02	   6.6374095384879941e-02	   7.1596584447408268e-02	   3.6762621372809201e-01	   2.3493391119862589e-01	  -4.6248361511473754e-02	  -9.0315016956904651e-02	   7.3883308332477670e-03	   4.2252207908902370e-02	   6.1144234998930326e-02	   1.4929999412815156e-01	   2.1586313156301623e-01	   2.6177073408049545e-01	   7.0659837022337535e-01	   7.2998524343345395e-01	  -1.4687301955575366e-01	   1.2282656019662691e-01	  -1.0131648536389473e-01	   9.2034085021511738e-02	   3.5648345055281100e-01	   4.8251615951364335e-01	  -3.1905782323999308e-03	   2.6975036176199153e-02	   3.6401151263451836e-02	   8.0682305588341635e-02	   1.9104135301729253e-01	   2.3775483512327922e-01	  -6.8539252466883915e-02	   2.1311884145018281e-01	   3.2729470108562309e-01	   3.9426727379181226e-01	   2.9338722364726733e-01	   4.4666441197559753e-01	   4.1913479970374695e-01	   4.8371938303605683e-01	   5.0481729703328160e-01	   4.5722362537679367e-01	   3.5655497968429628e-01	   3.9453621343117207e-01	   3.3747763599993152e-01	   4.5977463597992740e-01	   3.9661078968508423e-01	   2.8788847893016961e-01	   2.5532355810313156e-01	   5.1006886440948962e-01	   1.8373519916063311e-01	   1.6711182053151671e-01	   3.4036002725086956e-01	  -1.2628921945880831e-01	   2.2143501895278697e-01	   7.8172533069993805e-02	   3.3215410913989779e-01	   2.4895335402424812e-01	   7.2221054976279719e-01	   4.7348563492279833e-01	   8.2485529573687077e-01	   4.8026702033244900e-01	   1.4802132961707473e-01	   7.0269908891287272e-02	   2.1367029763403284e-01	   1.2897939421053006e-01	   4.9994656663340027e-02	  -2.9606374083703625e-02	  -1.0086648179094561e-01	   3.1899565770114757e-01	   4.0556191788501936e-02	   2.4045752530210721e-01	   3.7675991587868124e-01	   4.9645925036436012e-01	   3.1138432171555763e-01	   4.9500794015612493e-01	   3.6098850586569126e-01	   1.3265211593604626e-01	
  -1.2514536462146703e-01	   1.8743646812755439e-02	   0.0000000000000000e+00	   2.8831188890326914e-01	   8.1009272521994380e-01	   3.7534605309875840e-01	   1.3773997866303191e+00	   4.2166316695371020e-01	   7.4009799793308195e-01	   1.9141015904815523e-01	   2.1700938725960402e-02	   1.1361990589316184e-01	   6.8241441171573625e-01	   1.8520997812820922e-01	   4.2132720837105925e-01	   2.6602669244956884e-01	  -3.6050018911116165e-02	   1.1456137598786306e-01	   3.2070817867211954e-01	  -2.6018053591615731e-05	   3.5655338409409781e-01	   6.0578473529931148e-02	   1.1710968292221640e+00	   4.6973263020898492e-01	   6.9760280170257749e-01	   3.7860784977799800e-01	   1.1598681365567079e-01	  -2.2019045630468897e-02	   9.1089122119736798e-02	   2.9031797936454870e-02	   8.5876498314680716e-01	   4.2210282813936395e-01	   7.7209309237883117e-01	   7.7671485208572011e-01	   7.1024299370489907e-01	   4.2541055237410985e-01	   2.8481200375185373e-01	  -1.5069484369404867e-01	   5.2200572888495389e-01	   1.5690211153724090e-01	   1.5091393294730099e-01	   5.8313819689352425e-02	   6.0910176921084525e-01	   7.2972370731081004e-01	   5.5053610124347285e-01	   6.2893056339436326e-01	   5.0981964442040184e-01	   3.1746928745532504e-01	   5.0695279897880219e-01	   5.7915679622660077e-01	   6.4687799355327558e-01	   4.7886379498171627e-01	   5.9074636210927722e-01	   7.4114922043518805e-01	   4.8532629961234441e-01	   5.2967928380514295e-01	  -7.3022572328025587e-02	   4.5608356015083160e-02	   5.8599836572726993e-01	   1.0321645838301365e-02	   4.7933286502523609e-01	   1.8092252650801061e-01	   3.2447087699820004e-01	   2.1259105053752986e-01	   6.3771561972075830e-01	   9.8870238937431049e-02	   8.2146515806221498e-01	   3.4213293620896823e-01	   5.5650849190320617e-01	   2.3666763251019959e-01	   6.4017864419240100e-01	   1.4498934575739394e-01	   3.8262613114716010e-01	   1.9714924675177239e-01	   3.5427801475582760e-01	   1.0341696644203732e-01	   2.6492808927734518e-01	   2.0033195067326387e-01	   1.5080080632642509e-01	   3.8165530629705596e-02	   4.1649086968374094e-01	   2.4349934834254677e-01	   3.6366926819992385e-01	  -2.7370787102468326e-02	   4.4368709023724695e-01	   1.5712018395508906e-01	   1.7267370128705983e-01	  -2.3209484080656501e-01	   4.9708500488728941e-01	   2.7776257819225725e-01	   2.5272451896482978e-01	   4.3608462856043584e-01	   5.6304825564773790e-03	   5.4096863357686797e-01	  -4.5828749938411441e-02	  -7.3293035134720630e-02	   2.7806828598302746e-01	  -1.4271377202409899e-03	   3.2345501905697166e-01	   4.0069245043743651e-01	  -1.3097820829998774e-01	   3.3630795249120005e-01	  -3.0016664698044437e-01	  -6.2542059617469517e-02	  -3.4732094998591539e-01	  -2.3258144672723247e-01	  -3.4915148931739487e-01	   3.6200593049689983e-01	  -8.5188270872833982e-02	  -8.2514812717131181e-02	   2.0690237298457936e-01	   4.7985428853788265e-01	   1.0586395207530636e-01	   2.2265675310962840e-01	  -5.2352565678445866e-02	  -2.8236708884852180e-01	
   4.7790113361299724e-01	   4.2809914003146687e-01	   2.8831188890326914e-01	   0.0000000000000000e+00	   3.9257304177014524e-01	   3.5434753838103128e-01	   1.8720240399499743e-01	   8.6545404847048346e-01	   3.4048258422606975e-01	   4.9949576657781380e-01	  -2.0036321924932366e-02	   2.6957529578528222e-01	  -1.2835189050619508e-01	   5.7509488333662651e-01	   5.5424922254059407e-02	   3.0583233967178264e-01	  -1.1153843305399427e-01	  -2.4602477572540454e-01	   2.7809117378904535e-01	   3.8552872890150075e-01	   2.0068725565733755e-01	  -4.9531857824958295e-02	   4.1062880396533263e-01	   1.1022101667398065e+00	   5.9809065016806140e-01	   7.9640474868085331e-01	   1.2061047433392696e-01	   4.2919301304245712e-02	  -2.1530684077215678e-01	  -4.0210824890608826e-01	   2.5622619486377018e-01	   4.4535227615056172e-01	   2.1716301684043143e-01	   4.3353079157126584e-01	   4.9539894305571031e-01	   5.7237115034158925e-01	   3.8592104241340325e-01	   4.9138724481460294e-01	   3.7737335760269269e-01	   5.4583385034504772e-01	   2.4530443010981517e-01	  -8.7382768286580773e-02	   2.7737537631729314e-01	   2.0945227985618636e-01	   2.4822325790331984e-01	   1.9330154160582405e-01	   4.5109273114654047e-01	   3.8540053901815741e-01	   1.9885844940813516e-01	   7.0857496086566635e-02	   2.6177304419548325e-01	   3.0004695119198571e-01	   3.4048284574118737e-01	   2.3914192459132322e-01	   5.8329104658808617e-01	   3.8257518911774652e-01	   4.3155307800125187e-01	   3.4876029522880009e-01	   8.9192616488683249e-02	   1.7716321625721304e-01	   1.2039173557090754e-02	   4.7723413095323630e-01	   1.4091225813208041e-01	   1.8975204692831157e-01	   3.5072704000648419e-01	   5.8705290698912971e-01	   2.8693080394755444e-01	   3.3313585444469668e-01	   1.1532477337356302e-01	   1.3630529938804181e-01	  -1.1410469179674868e-01	   6.6516359091421606e-01	   7.5386598437110583e-02	   2.1557178067883984e-01	   9.8274915674168822e-02	  -1.2086463978276918e-01	   3.9080286864787189e-01	   6.5995339318206991e-01	   1.4129259047656234e-01	   9.8366737131651821e-03	   1.5087268698389897e-01	   8.2560449664598093e-02	   2.5944823253025900e-01	   4.5506515468894826e-01	   6.7530098702242292e-01	   4.8717976406784602e-01	   4.8325973685450552e-01	   4.5670171790054903e-01	   5.6052199326558716e-01	   3.6074747163359422e-01	   6.7033996373457572e-01	   3.2590988612508698e-02	   3.4824766461743872e-01	   1.6422080431528538e-01	   3.3693136267450907e-01	   3.0565402045034590e-01	   6.5731500835161538e-01	   6.6672890643816429e-01	   8.0154173315749955e-01	   5.9928404094605114e-01	   2.1261341334166980e-01	   9.4072806891113386e-02	   1.2400466928188510e-01	   2.0573015063483795e-02	  -8.7212257629705081e-02	  -1.6830769963556202e-01	  -1.2371332380976421e-01	   4.4615502381160799e-01	   8.0739897173402131e-02	   2.8484864608398869e-01	   5.3113288781455981e-01	   7.2567647433337024e-01	   6.8337023684040799e-01	   6.7127747262370074e-01	   6.3713826884347691e-01	   8.7999573347174925e-02	
  -1.0299178276874896e-01	   5.6918982870947507e-03	   8.1009272521994380e-01	   3.9257304177014524e-01	   0.0000000000000000e+00	   5.6502448586717890e-01	   6.7970387176458835e-01	   4.7924187793924844e-01	   9.9148750070695613e-01	   6.2962959347288827e-01	   3.4650299845908256e-02	   5.5073358325232247e-02	   2.5153984927626932e-01	   1.6116990294030661e-01	   2.3352058620687027e-01	   1.7405262662745535e-01	   2.3087099828609903e-02	   1.1889290137025629e-01	   9.9911177011395333e-02	  -5.7484426428271208e-02	   4.8414117566190740e-01	   1.1597524093880444e-01	   8.3830029060043665e-01	   5.3079320724571555e-01	   5.4745499986934143e-01	   4.0032268385679248e-01	   7.7478592032522806e-03	  -1.6099442778435491e-01	   1.2428237254067215e-01	  -8.3953940589389681e-02	   6.4881842142596047e-01	   5.1870483114357513e-01	   3.7864135609834126e-01	   4.1484224085824517e-01	   5.0866874763185188e-01	   4.5269807436140708e-01	   2.0821669332872073e-01	  -1.3436070144387133e-01	   4.3965530993583812e-01	   1.3307141122733421e-01	   1.0450781263805348e-01	  -1.5869873719860711e-01	   1.6245033995016706e-01	   2.7537584956465522e-01	   3.1602613564978810e-01	   2.6444741045650888e-01	   3.3706641699262119e-01	   1.4674297651329843e-01	   2.2822111605551609e-01	   2.0581288026304806e-01	   1.4918840417892323e-01	   1.0249364858327836e-01	   2.4253254640525937e-01	   3.3459558928627620e-01	   2.2687146210819792e-01	   2.3138387706635033e-01	  -1.1306744718409066e-01	   1.4166356628774079e-01	   1.4213293828382684e-01	  -3.2369250521493406e-02	   4.5198817234505778e-02	   1.2695000161880801e-01	   3.8233924705567190e-02	   3.1116359544953606e-02	   4.4231292799035948e-01	  -7.3693971556799437e-02	   3.1679913009895250e-01	   9.9762939278009222e-02	   8.4630485540342804e-02	  -5.7458267183889147e-02	   3.1550996157054090e-01	   3.1599906942720979e-01	   4.9756626541715129e-02	   8.7170420417900796e-02	   3.7285273706502454e-02	  -9.6295027659007590e-02	   2.7756444401787145e-01	   1.4795538760567140e-01	   1.0148881053305131e-01	   1.3152874850225946e-01	   3.1416265675046046e-01	   4.8838138359465766e-03	   3.9897075099338275e-01	  -1.4159774951487245e-01	   2.3592806474607858e-01	  -1.9845602810110406e-02	   2.8772490363273207e-01	  -2.3792018995113390e-01	   3.5556132056922801e-01	  -4.6572096326833720e-02	   3.0693755251782229e-01	   1.1770439480468052e-01	   1.4721797993322255e-01	   3.3370928316284720e-01	  -1.3382374803084332e-01	  -6.6329919622205219e-02	   1.5575270611198019e-01	  -7.2563411434324598e-02	   3.6475974561771396e-01	   3.2097368998442266e-01	  -2.3762549420752430e-01	   1.6798855661676249e-01	  -5.2195308876943858e-01	  -3.0469466531064610e-01	  -5.9687074742196666e-01	  -5.4613862732950125e-01	  -2.1652757620739274e-01	   2.6824981616512455e-01	  -3.0914064360097630e-02	  -1.7556518898722540e-01	   3.6008745583776314e-02	   4.0212802998374708e-01	   5.8986130733730574e-02	   1.1698075801120726e-01	   5.0175287204940036e-02	  -2.2808101083529433e-01	
   1.0620799666768585e-01	   1.5061634501014423e-02	   3.7534605309875840e-01	   3.5434753838103128e-01	   5.6502448586717890e-01	   0.0000000000000000e+00	   3.2293813495045187e-01	   3.3858816535544339e-01	   9.4645174628011886e-01	   6.5651365621502178e-01	  -3.3463969941523349e-02	   1.5065368927751049e-01	   1.5290689782811387e-01	   3.0345644449365278e-01	   4.0991871732900942e-01	   4.2368082005443836e-01	  -1.3689011233066506e-01	  -6.9273249414195395e-02	  -6.5309772898906771e-02	  -8.1975655445486101e-02	   2.1424594432704949e-01	   1.4086084817374850e-01	   5.8142469557795973e-01	   3.1780377128397497e-01	   3.7719623045867701e-01	   4.4400482574216676e-01	   3.8235941742198654e-01	   4.2143044158291398e-01	   4.1146800226568046e-02	   7.9923819643426125e-02	   2.6880406387839884e-01	   1.2896412309239652e-01	   7.5779901518288936e-02	   1.6233481995292637e-01	   1.9434111535302687e-01	   2.0337263302551462e-01	   3.1528565358870586e-01	  -2.5042457926146990e-02	   1.2281737805752450e-02	  -2.7806692051201686e-02	  -6.8834786626493880e-02	  -1.2190838488389968e-01	   3.7945696328645110e-03	   5.4760343517637269e-02	  -1.3678467181505043e-02	  -2.1743434317324690e-02	   1.2450786970311041e-01	  -1.0387907099986743e-01	   1.4884533367666561e-01	   9.7391999902393264e-02	   1.9568447731555344e-01	   3.3424104079215494e-01	   4.0727419116189156e-01	   2.1303775414444626e-01	   1.7273787219941131e-01	   2.6503283107607148e-02	   1.0446992684655140e-01	   2.8117240756841990e-02	   3.3912121107825838e-01	   3.6609410841885293e-01	   2.8410820849198726e-01	   4.9476143688965857e-01	   3.2400340609651718e-01	   2.5494904524801443e-01	   4.9883928638044084e-01	   2.8308925754508707e-01	   2.5722951878093941e-01	   1.7639956564605630e-01	   2.2991972942795296e-02	   1.0992337321356505e-01	   1.8585401508911492e-01	   1.5012251299045432e-01	   4.1183186499944742e-02	   8.1704495308334124e-02	  -8.0534880734817432e-02	  -5.7780387391738276e-02	   2.2843852925894376e-01	   1.2358343413984155e-01	   1.3857967939506194e-01	   1.0650584749698570e-01	   9.1619436341688565e-02	   7.4573757278720981e-02	   1.3569520722457398e-01	  -1.2813171047008638e-02	   2.4762655262204333e-01	   3.6444244078620047e-01	   2.6049589967143794e-01	   2.4797047224268235e-02	   2.3989815324119512e-01	   2.2044087981536689e-01	   3.5487728508904459e-01	   2.3049208575017124e-01	   5.5311044814001353e-01	   3.8110169322096238e-01	  -2.6374403779116495e-01	  -1.0323478876538450e-01	   2.2287823719158877e-02	   8.2911724313446455e-02	   2.2911447726370932e-01	   2.2367627803068085e-01	   1.7137351280109420e-01	   1.1761955751553642e-01	  -1.9639579620079600e-01	  -3.4663396051913126e-01	  -2.9612725790949246e-01	  -4.6215852604679741e-01	   2.4670066331778207e-01	   3.2641698598099247e-02	  -3.1137485375125540e-01	  -1.8824631723030819e-01	   6.7182581915772727e-02	   1.0780580859916290e-01	   1.7943379712013074e-01	   4.5609265139697303e-01	   5.6431520278757679e-03	  -3.0801714742437819e-01	
  -1.8643029380522688e-01	  -1.4421170708093733e-01	   1.3773997866303191e+00	   1.8720240399499743e-01	   6.7970387176458835e-01	   3.2293813495045187e-01	   0.0000000000000000e+00	   5.6649928955385753e-01	   7.5086725852980574e-01	   2.3307924124507773e-01	   1.8075189175657874e-01	   2.9076096948807412e-01	   9.6733896966332544e-01	   3.5861824805276626e-01	   4.0370758157275555e-01	   2.8856614993993945e-01	  -6.5035314835047431e-02	   1.5893982129304399e-01	   2.7791421653301929e-01	  -8.6916310482105713e-02	   2.6382024041625612e-01	  -5.8478865456913871e-03	   8.4763317157658591e-01	   3.3872517347735281e-01	   4.7991715591389750e-01	   2.9478356928960192e-01	  -1.7380791224251393e-01	  -2.6669100503098891e-01	   1.8888588857128999e-01	   8.8202033715405762e-02	   9.5889062834540839e-01	   6.1926137438706397e-01	   6.7743911373227395e-01	   6.2954983416248766e-01	   3.6690657715600100e-01	   1.8128994358577344e-01	   3.6755365060441880e-01	  -1.0519057979968391e-01	   6.3274797912838099e-01	   2.8223234551560583e-01	   1.4259756006947177e-01	   7.2521452235397549e-02	   5.9502592585554159e-01	   7.3877790101963436e-01	   5.5256035260939740e-01	   5.9309369611969587e-01	   5.2318885340905197e-01	   4.0994258870652051e-01	   5.5855163035767363e-01	   5.4196905135727391e-01	   6.6402351956964756e-01	   3.2007511677012151e-01	   5.4367339497646872e-01	   6.0317063853470720e-01	   6.1741328955982588e-01	   6.9575075106463480e-01	  -1.8857313766406270e-01	  -1.3233892305048925e-01	   7.6507987215988638e-01	  -6.3478479221306811e-02	   7.5307465112180472e-01	   1.9425626977425323e-01	   2.9719622645102867e-01	   2.4242207546192496e-01	   3.1226963376164851e-01	  -9.8844507824012995e-03	   5.2265562789417230e-01	   1.2076363396961226e-01	   4.8197359000072260e-01	   7.5520619865447100e-02	   6.2796457589968768e-01	   1.3557253215059545e-01	   3.1473324471148928e-01	   1.7589796811209668e-01	   2.8824865141576173e-01	   9.1627100374731874e-02	   3.2455871720619706e-01	   1.5912775632738810e-01	   2.5606168943717783e-02	  -3.2197471818434228e-02	   3.8465131546602821e-01	   2.7335221201145277e-01	   2.8344977569187596e-01	   3.0458149223087795e-02	   2.6792017693341541e-01	   8.0990362420503823e-02	  -1.0279833546992345e-01	  -2.9920183940522760e-01	   3.9525079752407410e-01	   2.1303575166284316e-01	   1.3235516883069415e-01	   4.4573805152824042e-01	  -1.8131379977676262e-01	   3.3400063764136706e-01	  -1.0375752843398145e-01	  -3.0909717564698388e-02	   1.8006422050175605e-01	   2.2408802086056875e-02	   2.1367763096774980e-01	   3.8859388862363853e-01	  -1.3657622945430870e-01	   2.8831148005594376e-01	  -4.2773504261578221e-01	  -1.1528850236068161e-01	  -4.6414422899211610e-01	  -2.6539629072758864e-01	  -3.8700321028452173e-01	   2.3442983039352239e-01	  -1.2266301424425094e-01	  -9.2246555841266092e-02	   1.4487863544071802e-01	   4.0293754521823488e-01	   1.7864195339745914e-01	   9.4867401390870673e-02	  -9.4107587993547612e-02	  -2.7273912783892362e-01	
   3.1346492510430723e-01	   1.8378634827453005e-01	   4.2166316695371020e-01	   8.6545404847048346e-01	   4.7924187793924844e-01	   3.3858816535544339e-01	   5.6649928955385753e-01	   0.0000000000000000e+00	   4.9419823437140781e-01	   7.1619060539215351e-01	   2.5917150011848877e-01	   5.2147724804077755e-01	   2.0390047295776348e-01	   7.3816931577236500e-01	   1.0467286337740566e-02	   3.0606171471440408e-01	  -6.1252240180406793e-02	  -1.6925513962225275e-01	   3.6333919185629548e-01	   3.0354679682980013e-01	   7.5021108901081490e-02	  -2.0672661587325483e-01	   4.5367466650953947e-01	   8.3877842329356644e-01	   3.4926164987549480e-01	   4.2502504961501414e-01	  -3.5596977788101319e-01	  -3.3498652122807843e-01	   2.9548506461459151e-02	  -2.0705009226016052e-01	   6.7900985590304241e-01	   1.0468634718168057e+00	   3.9414129800591718e-01	   5.6551324202091013e-01	   3.2220459513478916e-01	   4.1207157269330719e-01	   6.1571670997955474e-01	   4.5381842501383729e-01	   6.1490606166603801e-01	   6.5278708697973553e-01	   3.5012560168365875e-01	  -7.4523166402325230e-02	   3.1855200704642200e-01	   3.2037587154674702e-01	   3.4686107421616030e-01	   2.7610741294188468e-01	   6.3981245800244246e-01	   5.5931068044723209e-01	   2.2529210003865519e-01	   7.8727905404369747e-02	   2.7552255944194526e-01	   1.1259136603332531e-01	   2.9089324501140296e-01	   1.2025029101264248e-01	   7.6300894383759843e-01	   6.0516272738477583e-01	   2.9288003741447077e-01	   4.1196429431995675e-02	   3.3448644785515086e-01	   7.7136870534447580e-02	   3.5191165102714611e-01	   4.6597209056433786e-01	   1.1138404021993056e-01	   3.1002690414571032e-01	   9.5741694088286283e-02	   3.0223864956428181e-01	   2.2383149447795769e-01	   1.9508376853132325e-01	   2.1461640704394633e-01	  -3.4878263835853102e-02	   1.7109528053121137e-01	   6.0208360852006459e-01	   1.5755738335269215e-01	   3.7608004962503849e-01	   8.6445692266138088e-02	  -2.5176180803600050e-02	   7.5701429528532227e-01	   6.8343893441986370e-01	   1.3681261146184515e-01	  -4.7536656483091480e-02	   3.2864123758372904e-01	   2.5526170143099114e-01	   3.3065229742599495e-01	   4.1136032554391921e-01	   3.9341335257945076e-01	   2.2450925192352500e-01	   1.6391694663721207e-01	   1.3457137987555090e-01	   4.2155612344160315e-01	   1.7609433398097649e-01	   4.7588172838083659e-01	   1.5776654074962965e-01	   1.1534878475079896e-01	   8.9146539462573990e-02	   1.3886253143974406e-01	   2.9321532145958956e-01	   4.3961062824527780e-01	   5.9324803490841660e-01	   7.1242967694368853e-01	   7.2797529980283726e-01	   1.5156312308750783e-01	   8.6226862331909598e-02	  -1.5183203218462044e-01	  -1.3222787372983938e-01	  -3.9609467033208762e-01	  -2.7184213077039782e-01	  -3.9330867424819588e-01	   3.2493359086329954e-01	   1.5887604972537553e-01	   3.4467869288972802e-01	   5.3310155939554582e-01	   7.4625386212496470e-01	   7.7925304054167333e-01	   4.4843377101348669e-01	   4.8680168402516216e-01	  -1.2329041902450332e-03	
  -1.1869476557060821e-01	  -5.3789622914637195e-02	   7.4009799793308195e-01	   3.4048258422606975e-01	   9.9148750070695613e-01	   9.4645174628011886e-01	   7.5086725852980574e-01	   4.9419823437140781e-01	   0.0000000000000000e+00	   7.6808710382865164e-01	  -9.4623417238659593e-02	   1.3060942462557115e-01	   2.4964945591404691e-01	   2.8438244020223125e-01	   2.4092918055267731e-01	   3.5027897606912711e-01	  -2.1028344086195158e-01	   2.8311219781893195e-02	  -1.0682151613105025e-01	  -2.3065124919726226e-01	   1.8114305387124785e-01	  -4.6678083539747312e-02	   8.1164007973189256e-01	   4.6755616377938086e-01	   5.1558665925486058e-01	   4.0708604827352102e-01	  -1.2512609280936749e-02	  -2.2231826208512277e-02	  -1.7028421203130393e-02	  -1.2251615550259670e-01	   5.6560724015436981e-01	   4.2378790382915005e-01	   3.5691352296859119e-01	   3.9412980948234116e-01	   3.8481488623081339e-01	   3.8639058098737111e-01	   3.2598228510965221e-01	  -1.9878667737106837e-01	   2.1080071098907560e-01	   9.7329998916145882e-02	  -5.4612276444730143e-02	  -3.0406435173792218e-01	   2.0110462063420009e-01	   2.1986731370243687e-01	   2.6128046492469109e-01	   1.9078755902188341e-01	   3.8265033255752312e-01	   1.5886891605691167e-01	   3.4616725729460956e-01	   2.0913249410611104e-01	   2.8826706746446956e-01	   1.7651855924330656e-01	   3.3213462907050467e-01	   3.1378281855577211e-01	   2.3426560155639059e-01	   2.7912517028545064e-01	  -1.4598089467613423e-01	  -6.0632292526189201e-02	   2.9140208132079670e-01	   1.9556711007979965e-02	   1.9272489280212124e-01	   2.3161985963836310e-01	   1.5981821820655814e-01	   1.3143657263687233e-01	   4.9230640152596417e-01	   6.3074386177231656e-02	   3.4496097187933999e-01	   1.0944592498839535e-01	   4.0624162765154945e-02	   1.4664886449044384e-02	   2.1516702193327078e-01	   1.5964712729289521e-01	  -7.4837111036325926e-02	  -6.0791887170096748e-03	  -1.4786514898736192e-01	  -7.3321489080802466e-02	   2.4764589361716280e-01	   1.4089238414910782e-01	  -1.3082064647629491e-02	   6.4545481967610063e-02	   1.4377706648072003e-01	  -1.5333321086436551e-02	   6.6732319829443873e-02	  -7.2367918474971080e-02	   2.1068973411535394e-01	   3.9832435253955953e-02	   6.7063230164762844e-02	  -2.2799658703984932e-01	   1.7820376480040598e-01	  -5.8437033212634375e-02	   2.8421884819574839e-01	   2.9608281750540588e-01	   1.2181413279169465e-01	   2.5660193625600597e-01	  -1.8743429150333901e-01	  -7.3327988955786780e-02	   1.2583691136854128e-01	   6.8255091563459033e-02	   2.6917390929747748e-01	   3.0500602656603026e-01	  -1.4262247018658131e-01	   2.3287747347110702e-03	  -6.5661982616663817e-01	  -5.3227176161012701e-01	  -6.9079756650021795e-01	  -6.9417335405015224e-01	  -1.2250705307122750e-01	   7.6370295863259940e-02	  -2.1657362801901969e-01	  -1.5581906408323809e-01	   8.5637397506195534e-02	   3.4570126219994368e-01	   1.8058919237883214e-01	   2.1073143423526272e-01	   8.0644061736552166e-03	  -3.9557711520566241e-01	
  -1.4576162482229676e-02	   1.6302969655937838e-01	   1.9141015904815523e-01	   4.9949576657781380e-01	   6.2962959347288827e-01	   6.5651365621502178e-01	   2.3307924124507773e-01	   7.1619060539215351e-01	   7.6808710382865164e-01	   0.0000000000000000e+00	   3.2284118392344407e-02	   2.8172236276254969e-01	  -7.4303135398987155e-02	   3.9546512085899416e-01	  -1.1580203539906979e-01	   1.4527934866119585e-01	  -1.5735203017311442e-01	  -2.0074701082847557e-01	  -1.7284354769337770e-01	   8.4038311425115461e-02	   3.5052264953012412e-02	  -1.5625598644970304e-01	   3.0222919845466184e-01	   4.5200446888178003e-01	   2.4258008918520521e-01	   3.0281653363841499e-01	  -2.7920015340216897e-01	  -2.7494972626837116e-01	  -8.2902922962146700e-02	  -3.4058701586515577e-01	   3.4748183560482271e-01	   5.0268816439705100e-01	  -1.7591049787024531e-03	   1.2819484291078478e-01	   1.6720547144898168e-01	   3.2248656964667544e-01	   3.2638909192639903e-01	   9.5816379878882335e-02	   2.3132867562497494e-01	   2.5323241554662557e-01	  -2.4797954173818262e-02	  -3.3448233778470915e-01	  -1.3574658316974039e-01	  -1.0326882085533887e-01	  -1.6880073124628029e-02	  -2.0084649628928603e-01	   2.5416489499820849e-01	   1.0764383951891984e-01	  -6.7390365858402967e-02	  -2.8853885673722424e-01	  -7.4789655639302011e-02	  -1.5245660215519652e-01	   1.9757492761577504e-02	  -7.2214940624376500e-02	   2.3580168714830069e-01	   1.8719943877757375e-01	   1.0302999108420528e-02	  -5.4312831199197248e-02	  -6.0059232409797991e-02	  -8.6882186216093713e-02	  -7.3036982993449533e-03	   2.7726745415606685e-01	   7.6743380332590181e-03	   1.2637869235786905e-01	   2.3533753330199653e-01	   3.4822411560785360e-02	  -7.5403186804126637e-02	  -1.7796427886688082e-01	  -1.2201062528244645e-01	  -5.9459847635742587e-02	   7.5624993392535936e-02	   3.2762614666335754e-01	  -2.5784442527375617e-01	  -6.5192465069025984e-02	  -2.8386096142003692e-01	  -1.6996592305113231e-01	   3.7652490977548053e-01	   3.0832245832271077e-01	  -4.2793478597247747e-02	  -7.7776315177304087e-02	   6.8319180221945733e-02	  -1.4990847142484054e-01	   1.1136658366840915e-01	   8.8663756841360075e-02	   9.7589160199363326e-02	  -1.4105646538215638e-02	   1.6317780001624563e-01	  -2.6401111619236972e-02	   5.9607666640658821e-02	  -1.5036177376668047e-01	   2.4145269387033022e-01	   9.7964547564041854e-02	   2.4752959266396829e-01	  -3.0501931038113420e-03	  -1.4880466353737132e-01	   8.2949932526374615e-02	   1.1752336639380379e-01	   1.3642783599359656e-01	   4.2823848049180246e-01	   3.1858964396419681e-01	  -3.6532666134298175e-02	  -1.8495378832710430e-01	  -4.2887641775683388e-01	  -6.6692674509441985e-01	  -7.2936898713792631e-01	  -7.4907858603615551e-01	  -1.8040545680709424e-01	   4.8087415921359004e-02	  -7.1985876193288195e-02	  -5.8997568290167147e-02	   1.1272559267229761e-02	   3.6667635098660634e-01	   3.2355426771346529e-01	   2.2497844692749885e-01	   2.2691691614388404e-01	  -6.9449418893501091e-02	
   3.3860035476159883e-01	   1.0015151515655411e-01	   2.1700938725960402e-02	  -2.0036321924932366e-02	   3.4650299845908256e-02	  -3.3463969941523349e-02	   1.8075189175657874e-01	   2.5917150011848877e-01	  -9.4623417238659593e-02	   3.2284118392344407e-02	   0.0000000000000000e+00	   7.2720518677308910e-01	   5.1161336830773796e-01	   5.2801518632256017e-01	   4.4984540540773377e-01	   2.0475326623598228e-01	   5.0845346848118500e-01	   2.5673306547487873e-01	   3.6608339464239398e-01	   1.9514345388891849e-01	   1.2953383792581921e-01	   3.7670824826350167e-02	  -6.1125403346224218e-02	  -4.0120918996657109e-02	  -2.7131241646457982e-01	  -3.0019920579808568e-01	  -2.2803374244484520e-01	  -2.4154458894254610e-01	   8.2456179620261216e-01	   4.3141543979140040e-01	   1.3130299573611617e-01	   1.4131170221789122e-01	   1.5006630791617132e-01	   1.9750853072408409e-01	  -2.9240930939547821e-01	  -2.9267890725391649e-01	   3.3800775833062141e-01	   3.8979293619427324e-01	   5.0343461931161659e-01	   4.5802180113920521e-01	   4.8936222593377893e-01	   4.2625651092326788e-01	   8.5032631936762760e-04	   1.6359327127818357e-01	  -4.3482299903376556e-02	   5.4787538053744653e-03	   1.4754666103570269e-01	   2.4143208606137706e-01	  -1.6312344464122913e-02	   9.7631750700057807e-02	   1.3497777778117748e-01	   1.6978053949106683e-01	   1.5189857967827552e-01	   1.1906890758187737e-01	   4.8339753249616696e-01	   4.4137568551935824e-01	   2.0143787789132256e-01	  -1.2859482472058542e-01	   2.4700787049186987e-01	   2.4663778819674151e-01	   3.2965040745039520e-01	   1.3737605182158524e-01	   2.1022672378474472e-01	   1.8888182916302243e-01	  -2.1367991729880620e-01	  -1.9696192089418230e-01	  -3.0790523330393016e-01	  -2.7307481809270706e-01	  -2.9589943737629684e-02	  -2.7856461908467589e-01	   1.6854764963330102e-01	   3.2432837793009284e-01	   3.9454377488654352e-01	   5.4087083916265821e-01	   5.5057145090478188e-01	   3.8403774480555131e-01	   6.4715186044914064e-01	   2.6196892182390596e-01	   3.7254030197047339e-01	   2.2816328100797226e-01	   6.3712947154822652e-01	   6.0142374342542027e-01	   5.1594633818399749e-01	   3.1040813492500968e-01	   2.7450501019290829e-01	   2.1253440508071569e-01	   4.6201342471303641e-02	  -1.3228450569991343e-02	   2.6197337580446223e-01	   1.9983281905929054e-01	  -7.2510153215752576e-02	  -1.7457663702165147e-02	  -8.8474413269947108e-02	  -3.9150227575825626e-02	   1.6746523918643411e-01	   1.8748943299042425e-01	   2.1282514654773418e-01	   3.2584313198632042e-01	   1.7163935103366826e-01	   3.3851049165340097e-01	   2.0546671735099609e-01	   2.2997103136793423e-01	   7.2981255869418199e-02	   1.8340779548550895e-01	  -9.7331470494845751e-02	   4.3406918488207255e-02	  -2.0880114660626900e-01	   6.4690841073884259e-02	   2.2713698638982682e-01	   3.1063128843387833e-01	   7.1400074191734872e-02	   1.1890341012241337e-01	   2.8457896127136190e-01	   1.2665616361860874e-01	   1.9027444690907083e-01	   3.2652349639546707e-01	
   4.5509275621424583e-01	   3.7301127178115723e-01	   1.1361990589316184e-01	   2.6957529578528222e-01	   5.5073358325232247e-02	   1.5065368927751049e-01	   2.9076096948807412e-01	   5.2147724804077755e-01	   1.3060942462557115e-01	   2.8172236276254969e-01	   7.2720518677308910e-01	   0.0000000000000000e+00	   5.6007043216877195e-01	   1.2150004339728604e+00	   2.8584479601639745e-01	   7.0069293863686244e-01	   3.8613623161863675e-01	   3.7605962389123537e-01	   2.5217312102277306e-01	   2.6240770261638202e-01	   1.1895602157823201e-01	   4.2186857002622742e-03	   7.4798813216560766e-04	   2.9296407858004336e-01	  -1.3467373195759852e-01	  -3.1853255374907186e-02	  -1.6606972758985669e-01	  -1.2444962890359659e-01	   5.5224441318331707e-01	   3.8609335987935045e-01	   2.9028546629426427e-01	   3.1886117697982314e-01	   2.3668158903156805e-01	   3.2735061911953034e-01	  -9.8713290517963154e-02	  -2.5396223856822997e-01	   3.4714298131926158e-01	   2.9210850949099543e-01	   3.4326711397074522e-01	   5.6003154888191897e-01	   5.5134213195216564e-01	   4.4056264257680910e-01	   7.8533147194007474e-02	   1.5019064510298655e-01	   2.4564579586221678e-02	   9.5884629412374439e-02	   2.5069490106448844e-01	   2.5233629238008504e-01	   1.1904672383579325e-01	   6.0686143370641897e-02	   1.7151198801246631e-01	   1.7375711171376426e-01	   2.5177759638740627e-01	   2.9874477186601700e-01	   6.8671280222684294e-01	   5.2140627087448765e-01	   4.3877315645597803e-01	  -7.3289696008784447e-02	   2.8735528230443996e-01	   7.6694312803130937e-02	   5.0797969237928786e-01	   4.2770689114643362e-01	   3.5664934627112788e-01	   5.6710317479821271e-01	  -5.2483121260909496e-02	   1.0736005968657987e-01	  -1.4278082670968814e-01	  -1.7905138718403990e-01	   3.3697694279782066e-02	  -2.4712453626037351e-01	   1.2404209091338156e-01	   2.4070605830610595e-01	   4.9665371519984125e-01	   4.9609883747933037e-01	   4.8219540303706493e-01	   6.3699373119719049e-01	   7.2620018591424995e-01	   4.1895507456944053e-01	   4.0775594345348887e-01	   2.1221458507449431e-01	   5.3313321024529703e-01	   7.1521550664931444e-01	   2.1491491635464183e-01	   6.9987206941093105e-01	   3.6415778269271865e-01	   5.0096533155015033e-01	  -6.5212003347065329e-03	   4.4486612525356400e-01	   2.9225109599412186e-01	   2.5335664673548058e-01	   1.0672628327150015e-01	  -8.2038208085404490e-02	   7.7458673046879686e-02	   1.0476249239641980e-01	   5.2698663272407180e-02	   1.5242996985429538e-01	   2.3051299198131536e-01	   4.6657838751535508e-01	   4.0993353477942152e-01	   5.4202399452781758e-01	   2.9343507404331048e-01	   3.1163301193595688e-01	   1.4828497973192437e-01	   9.6272891356457238e-02	  -1.7070848327853663e-01	  -7.3512969354779537e-02	  -2.2706306108103252e-01	  -5.8303628469797891e-02	   1.4746633450183352e-01	   2.1056967898943904e-01	   1.4611382446443644e-01	   2.8937525606915321e-01	   4.0533351616673458e-01	   4.3465446999627938e-01	   1.4152644881868515e-01	   1.0900730501760013e-01	
  -1.5193060061325428e-01	  -1.6719097469738339e-01	   6.8241441171573625e-01	  -1.2835189050619508e-01	   2.5153984927626932e-01	   1.5290689782811387e-01	   9.6733896966332544e-01	   2.0390047295776348e-01	   2.4964945591404691e-01	  -7.4303135398987155e-02	   5.1161336830773796e-01	   5.6007043216877195e-01	   0.0000000000000000e+00	   3.4329399304322483e-01	   6.7157901256553798e-01	   3.7388275047404718e-01	   2.4348729271556546e-01	   4.1813165020729981e-01	   2.4875419646504399e-01	  -4.3099668244817917e-02	   3.0945592629264135e-01	   2.6752353241351429e-01	   4.3911434274651745e-01	   4.4454219795717169e-02	   8.1252840808083482e-02	   6.3646037249689563e-02	  -5.2878288872621977e-02	  -7.9195623457971695e-02	   6.4642910122544928e-01	   6.2691323865013016e-01	   5.5179151306694829e-01	   2.9175245332721628e-01	   3.9190561608917029e-01	   4.2210847165048826e-01	  -3.9240768280848937e-02	  -2.5723963702383779e-01	   3.3241380445761426e-01	  -1.0169581546016621e-01	   4.9644202551045336e-01	   2.1137524748321607e-01	   3.1317130851867281e-01	   5.3367718208442572e-01	   3.4150006286644369e-01	   5.8745899598601725e-01	   1.7423988173665933e-01	   3.6104244161923943e-01	   1.3225637540167068e-01	   1.5243375208772753e-01	   2.8137841652508733e-01	   4.7385014740469750e-01	   4.1608043509618742e-01	   3.9162641701573520e-01	   4.8195486791398179e-01	   5.4495717437862790e-01	   5.6012429732401969e-01	   4.5966242446730671e-01	  -1.4880202786813337e-01	  -2.6897717283112926e-01	   6.5750313227222168e-01	  -2.5036270351069721e-02	   9.1788828314743609e-01	   1.8826892770017242e-01	   3.4379208193485600e-01	   2.7652961520805053e-01	   1.7530871435093845e-01	  -2.0817241966419622e-02	   1.9441276717810768e-01	  -4.8154968668444452e-02	   2.3992859813995424e-01	  -8.3759453239899972e-02	   6.0283425957080627e-01	  -5.8533511769002497e-02	   7.0584847316218913e-01	   3.9490121283064739e-01	   6.4957644245030255e-01	   4.0225222470547189e-01	   3.0767383295102013e-01	   4.7527367399975103e-02	   2.4467953373088724e-01	   7.9942333745821284e-02	   5.4592881924173597e-01	   5.0588471445189243e-01	   3.0611282556559244e-01	   1.8785161026653832e-01	   1.9718197726763198e-01	   2.3490811687422811e-01	  -9.8121336172408757e-02	  -1.3331623996764616e-01	   3.0040249517674811e-01	   3.0038447002066748e-01	  -1.0593974293374170e-01	   1.3841399250075512e-01	  -1.7463555280415727e-01	   2.9602710468205568e-01	  -2.5346193484266999e-01	  -1.7939495081302434e-01	  -7.7439083048748761e-02	  -7.3333234617499701e-02	  -4.3603305190840741e-02	   1.6615384526679827e-01	  -4.0017632807291717e-02	   4.4450621878611229e-01	  -1.2747725576573543e-01	   1.2625660619409310e-01	  -1.4114972680447402e-01	   3.9762425299346572e-02	  -2.6252394292451076e-01	   2.1472729621313909e-02	  -1.1823372540734420e-01	  -1.5268831060310109e-01	  -5.5692128712862748e-02	   8.9563940359445787e-02	  -1.3671470754107184e-02	   7.1114460593207265e-02	  -2.7457007661764787e-01	  -1.1932637882882843e-01	
