   0.0000000000000000e+00	   6.5332928326530360e-01	   3.3088373613692790e-01	   4.3334650485647380e-01	   6.4463503532023503e-01	   5.8945871838211938e-01	   6.0252186756731629e-01	   3.6756539466488186e-01	   7.5546671616502392e-01	   5.4312857113691060e-01	   6.5973059126893874e-01	   5.3103120106961743e-01	   7.7642636908574836e-01	   5.6470141954070918e-01	   4.9444262294830177e-01	   5.2310792215397517e-01	   3.4370896839457321e-01	   2.9344520223336334e-01	   6.7459851090224965e-01	   5.4547856807788475e-01	   4.6191265226762884e-01	   3.4563169834576202e-01	   1.0175587297198130e-01	   2.9433134161303182e-01	   1.8487320566210846e-01	   2.8282768739671571e-01	   6.6123650667556855e-01	   7.6738992999245914e-01	   2.4705725344637658e-01	   1.0120054039767196e-01	  -1.0708618600963692e-02	   9.4003571507704733e-02	   4.8595646918075841e-01	   3.4398925842542971e-01	   2.8368974915961898e-01	   2.9753336441613609e-01	   9.8435152544997490e-02	   2.0312867049475606e-02	   4.3389320158296873e-01	   1.5191051834044494e-01	   4.5137304146010759e-01	   2.0701594248552010e-01	  -3.4701395547299438e-02	  -6.9581072674334027e-02	  -1.4792492489802239e-01	  -1.9246883109315313e-01	  -1.0846562739490069e-01	  -3.9502655978419211e-02	  -2.1584398742727450e-02	  -6.4119350048784038e-02	   1.5357881711864749e-01	   5.3341372993541809e-02	   1.5681179326153108e-01	   1.9945862005283005e-02	   3.3932173803208554e-01	   2.9829850916089216e-02	   8.7262937812971053e-01	   4.0331767877772329e-01	   4.9702639635427115e-01	   1.8787818768828229e-01	   9.1161243959418559e-01	   3.1070496823302507e-01	   5.2657679085249276e-01	   2.0031806929732865e-01	   3.0599250295156744e-01	   3.5692500174950820e-01	   4.5808179086764961e-01	   3.6124551081758072e-01	   9.2783602095866191e-01	   6.0429533629183663e-01	   5.0396805630814157e-01	   1.4557197509682840e-01	   6.0724106406531231e-01	   4.3417348936502509e-01	   6.4866641727393737e-01	   3.8751461373878471e-01	   4.8186687587528271e-01	   1.2205829577660531e-01	   3.0091840927787050e-01	   3.0113277666471072e-01	   3.7097171839442894e-01	   3.3218604007056113e-01	   2.1372137662242918e-01	   2.5797423664524061e-01	   5.0914118524211927e-01	   4.0551297655244423e-01	   3.7475331116496291e-01	   4.3122392237723151e-01	   7.9986492938063469e-01	   6.2779351018874652e-01	   2.1199395460032222e-01	   3.8167133123724456e-01	   2.6297924362665615e-01	   5.9162684085310591e-01	  -3.3720360047309417e-01	  -2.2129216062046109e-01	   2.0491364588433557e-03	  -1.5878711796917699e-01	   4.2027071403613322e-02	  -8.5951187824209532e-02	   2.0876308103274308e-01	   6.2958498544273156e-01	   2.6521625732013543e-01	   4.2606724420804204e-01	   3.3124872228957536e-01	   9.8281092373282586e-02	   3.4120309859889342e-01	   4.5920238892310106e-01	  -3.7756607540827092e-01	  -2.3165262375266790e-01	   4.2872256835480099e-02	   4.3605606355904374e-02	  -1.6918158208929010e-01	   3.5552548902630765e-01	   1.8966590287266002e-01	  -1.7353622186813489e-01	
   6.5332928326530360e-01	   0.0000000000000000e+00	   2.3224096649820547e-01	   2.5793781854816528e-01	   3.4539323488470786e-01	   4.2189203791118568e-01	   2.3861238653610334e-01	   2.9182532814294476e-01	   2.8904661598235337e-01	   2.8675307891959428e-01	   5.4348969585395257e-01	   6.2456609578544420e-01	   2.7721618227162392e-01	   4.7947538119367322e-01	   2.5086674885020688e-01	   3.0574385124268355e-01	   7.9096952753690308e-01	   7.6266971930662120e-01	   8.3178847170891501e-01	   8.4359620289180182e-01	   3.8572669597249276e-01	   4.3023851852646972e-01	   3.3002241848246816e-01	   2.9524306618924984e-01	   2.7586386719591127e-01	   2.7133235829825114e-01	   4.7235168334126632e-01	   3.8292446507298378e-01	   3.2193799915617871e-01	   3.8925899186009560e-01	   1.4040922670544753e-01	   1.9724957961757697e-01	   5.8827217086808969e-01	   5.9211293037167534e-01	   2.3182928456342622e-01	   2.2085935357977476e-01	   1.9176379951754025e-01	   1.8935039064907946e-01	   4.1027569297167549e-01	   3.2194319818600375e-01	   6.0084091445613974e-01	   2.4775356808717680e-01	   2.6073311572962371e-01	   2.2355900082661512e-01	   1.2145712552616297e-01	   2.0223637490890342e-01	   2.7152324616279544e-01	   4.0250789634479894e-01	   3.0052922602729382e-01	   4.4047918356033827e-01	   4.3498499046053712e-01	   4.5308027716172683e-01	   7.6798331147762322e-01	   6.3353601508463508e-01	   7.1816567913434592e-01	   6.1116008029446522e-01	   1.0779845991843122e+00	   1.0227174086622930e+00	   5.2180553049674838e-01	   6.5864030099666637e-01	   2.5030639123497678e-01	   1.7816011536520668e-01	   4.5188390755332586e-01	   3.8971864578878362e-01	   2.2300483925061818e-01	   1.7416048939895290e-01	   3.6954091195662003e-01	   3.6467406629267612e-01	   8.5197816884379862e-01	   8.8535689898040859e-01	   5.1340202736985896e-01	   4.6073211694134286e-01	   5.2635813321956748e-01	   5.0145234994403798e-01	   6.4528835685529451e-01	   3.4557847723798724e-01	   5.2321250248869988e-01	   4.6201283973576646e-01	   6.0288998512251002e-01	   7.0825406387824907e-01	   5.9868849152587511e-01	   4.8426609462609133e-01	   3.5723052148954937e-01	   3.3913253248587466e-01	   4.1968411870485917e-01	   3.2411496879696988e-01	   5.6633495896032182e-01	   2.7249017799888425e-01	   5.5633971425555451e-01	   9.0363005045713163e-01	   6.2392273871074200e-01	   6.2536967768003959e-01	   3.9329591658299723e-01	   5.1478652870409669e-01	  -2.1105849898490803e-01	   7.4892235926155959e-02	   2.7926118564450231e-01	   3.4018068115758199e-01	   5.5104853541226084e-01	   4.5872648969422580e-01	   3.8623285394862628e-01	   4.5792003054886909e-01	   4.1099435302681880e-01	   4.2001693374674209e-01	   3.1382283338207789e-01	   3.3738905509872252e-01	   3.8647673418350115e-01	   5.7507360578276523e-01	  -5.2285847820493847e-01	  -1.4516167841543126e-01	   3.7539524640312244e-01	   5.1662015989079002e-01	   2.5532106490234374e-01	   5.0531580183006874e-01	   2.1310499968106034e-01	  -3.4219288699004230e-01	
   3.3088373613692790e-01	   2.3224096649820547e-01	   0.0000000000000000e+00	   1.0107831830257614e+00	   1.0350895187200868e+00	   7.7324849311383381e-01	   1.2674593456247185e+00	   6.2260307569091844e-01	   7.5000207949015607e-01	   6.0796359154726354e-01	   4.0745400325242193e-01	   2.0800825198534462e-01	   5.7690459804562544e-01	   3.9557716255157382e-01	   7.1832842256616769e-01	   8.4321192338376549e-01	   1.3902888563533503e-01	   8.6310217472528372e-02	   5.7862437954585044e-01	   4.0693173479916622e-01	   9.0217957895894219e-01	   6.3729467719354427e-01	   9.5303001310682978e-01	   1.1114372770629155e+00	   8.6471197897113972e-01	   1.0949443269173980e+00	   9.5040412935105356e-01	   7.8027027446185881e-01	   2.2406973960766713e-01	   1.2884280700239237e-01	   1.0064238000520811e+00	   1.0159975058509498e+00	   7.2187102067118292e-01	   5.9231478049052499e-01	   9.7628311922455291e-01	   9.9892063317605273e-01	   3.6300411774855829e-01	   4.1366114520324260e-01	   6.8995769975575227e-01	   6.3514330926677010e-01	   6.1048326719816282e-01	   5.2780137330777444e-01	   3.8767459402139615e-01	   3.4045909146562270e-01	   3.9958277089911215e-01	   3.8162423475710228e-01	   2.9270085521103456e-01	   3.1380235573256327e-01	   3.8072183378860774e-01	   2.2193571791487443e-01	   6.2641394606361711e-01	   3.3443665572305448e-01	   3.0134896863608407e-01	   2.0834269970022301e-01	   6.9010840669796780e-01	   2.9790550123141157e-01	   2.4449871425244399e-01	   1.5183381369693402e-01	   3.0650942199820153e-01	   4.4284714417062700e-02	   4.4231005375801452e-01	   3.3906378950309352e-01	   3.0235128788596927e-01	   2.5999432866890992e-01	   1.2778113510771527e+00	   7.7418559050318358e-01	   1.0093965762429291e+00	   7.4837876455047869e-01	   4.5788008121372709e-01	   4.6390462923379250e-01	   7.3061889720992901e-01	   3.1052270544961574e-01	   6.4133117318369248e-01	   4.3091619384306595e-01	   3.6311554751836145e-01	   4.5935523906965015e-01	   3.7770141858200712e-01	   2.5140821850659417e-01	   1.8679795354830914e-01	   2.5577980926392868e-01	   4.0540701771028553e-01	   5.8374370520233476e-01	   8.7062837490471068e-01	   7.2423099985530992e-01	   1.0593789024467573e+00	   1.1924158665621407e+00	   7.0472936388178420e-01	   7.6169322310282583e-01	   8.4905251947100946e-01	   8.0118720930981135e-01	   6.1255271433270053e-01	   6.5383146515983892e-01	   5.5103523825578093e-01	   8.5742236242501590e-01	  -5.6413273221283575e-02	  -9.9010950988060158e-03	   4.0417804654850470e-01	   5.7174282473139659e-02	   4.4559787684295776e-01	   2.2040069389956032e-01	   5.7854868394477998e-01	   8.1141552475738843e-01	   5.5950086508072183e-01	   5.0546220711200385e-01	   4.9444272086526936e-01	   5.2447726565533548e-01	   5.3276796335872889e-01	   5.0573422387220091e-01	  -2.6352984868387386e-01	   3.4987873961159890e-02	   4.9490245465576832e-01	   4.7630295934965028e-01	  -3.6636111211814218e-02	   3.4316846590946937e-01	   3.9597952435604961e-01	  -1.2570940083758095e-01	
   4.3334650485647380e-01	   2.5793781854816528e-01	   1.0107831830257614e+00	   0.0000000000000000e+00	   7.2328567505778274e-01	   9.8509118399419193e-01	   1.1441524093738173e+00	   1.2685222779056693e+00	   7.7925714647941990e-01	   8.0089431046112358e-01	   4.8769964568276858e-01	   5.4854955012557971e-01	   6.4710590522787037e-01	   7.5016740554161676e-01	   4.3417368518300919e-01	   9.6079553324047651e-01	   1.7452567109265296e-01	   6.8255925794406036e-02	   5.4606389591029847e-01	   5.8588761012545587e-01	   5.1137032975636643e-01	   6.6824502968888599e-01	   4.7098474499744891e-01	   1.0167821060708810e+00	   3.6377618918139210e-01	   7.0189570368285925e-01	   5.6656397372884726e-01	   6.2433057056105801e-01	   2.9203494704840621e-01	   2.7242243063070126e-01	   6.1726081010962564e-01	   9.7336380980330606e-01	   8.0177300609229196e-01	   8.3978183387027172e-01	   6.5464118160266216e-01	   9.6327978105064660e-01	   1.2757463162787391e-01	   3.0264310733188154e-01	   4.5139281358960426e-01	   5.8222533849639013e-01	   5.1831682348519914e-01	   4.0594372594481587e-01	   2.4505140793878485e-01	   2.0553890280676679e-01	   2.2860292555125475e-01	   2.3476487285228481e-01	   1.5228242352756310e-01	   1.5818586264162593e-01	   1.6486530388999573e-01	   4.5298992032032748e-02	   3.6141933844274549e-01	   2.1086098288648192e-01	   1.0830253145827674e-01	   1.3328295704541455e-02	   5.4362380450808656e-01	   1.5956525570186933e-01	   1.5997485401515912e-01	   6.6118174355523834e-02	   3.2414178204186173e-01	   1.1317888639906440e-01	   6.6590387665205819e-01	   7.7465108164466134e-01	   4.7968314270438039e-01	   4.0001897696787797e-01	   7.6046315203499915e-01	   1.1687120608925690e+00	   1.0999466860097786e+00	   1.0413091651480657e+00	   6.2622603779296759e-01	   4.8978922594468632e-01	   5.3306066532804419e-01	   5.1592071695165354e-01	   6.7820802185732598e-01	   6.4163688659043649e-01	   3.6593198282789696e-01	   5.2108169727646725e-01	   3.1641524043636526e-01	   2.3317287383143886e-01	   1.8623958788631059e-01	   3.3015525137411778e-01	   4.9294358723334586e-01	   6.5111265077049296e-01	   5.5122089142813280e-01	   6.4815101318961466e-01	   8.0893581918617985e-01	   1.2273482426462845e+00	   4.8716575415659791e-01	   6.1852593869159689e-01	   1.1100721709640133e+00	   9.0383240225280692e-01	   6.7178280617261155e-01	   5.0731786568325843e-01	   7.5084830493916255e-01	   7.1170246721135078e-01	  -1.2389115972064871e-01	   4.0782623599070790e-02	   2.6500779975896549e-01	  -6.5323063012695651e-02	   3.5056249827455399e-01	   3.5043519547229098e-02	   7.0793461918901546e-01	   7.0104773009707666e-01	   5.4296809214093666e-01	   4.6835529783403307e-01	   5.3674310979125683e-01	   2.7365794398194876e-01	   7.5522123918985196e-01	   7.2376920408916001e-01	  -3.9087062290987840e-01	  -4.8006924205106133e-02	   3.4722188433187945e-01	   2.6658124168221015e-01	  -1.3205543577417853e-01	   2.1282032802149861e-01	   3.6411446045353879e-01	  -7.7334905640407833e-02	
   6.4463503532023503e-01	   3.4539323488470786e-01	   1.0350895187200868e+00	   7.2328567505778274e-01	   0.0000000000000000e+00	   9.6181680670851732e-01	   1.3862028135419597e+00	   6.2323611041526106e-01	   1.4037076252112668e+00	   9.1924887120068832e-01	   5.8926230797345913e-01	   3.9372725833226652e-01	   9.4499381445218700e-01	   5.1784435950144192e-01	   9.4577125811900442e-01	   7.9633441338661148e-01	   1.6227710545197951e-01	   2.0881001186372899e-01	   4.3835935791269615e-01	   3.0711849501778959e-01	   8.6668402185667359e-01	   6.4134927361257721e-01	   6.4684336119908359e-01	   6.7466477425846405e-01	   7.0369168094302359e-01	   7.8477652819481236e-01	   9.9044107805331882e-01	   1.0879577418305930e+00	   3.7414866973931588e-01	   1.8203890746256929e-01	   6.0220546753549553e-01	   5.9919028064860813e-01	   6.0313377559284709e-01	   4.5068762010112978e-01	   8.1096831304087269e-01	   7.7231541053202191e-01	   2.1848331512721114e-01	   1.9430153971392108e-01	   5.9239606443717252e-01	   3.8712202066763007e-01	   4.8836476688846486e-01	   3.4779448595041934e-01	   2.5541000330620545e-01	   2.0320957364994607e-01	   2.8166474420409865e-01	   2.3467836194780975e-01	   1.2387051355586805e-01	   1.8326951825963717e-01	   2.6671176730269242e-01	   1.6563898374981048e-01	   4.6525054568387658e-01	   2.3706529763441053e-01	   1.8258430277173546e-01	   9.1414160473676079e-02	   4.6959347714367083e-01	   1.4786383955079327e-01	   3.3242209505720205e-01	   1.6952753852427555e-01	   4.9023497743157518e-01	   1.1216988486318913e-01	   8.3576461673319113e-01	   3.7419762358962338e-01	   2.5255677236050134e-01	   8.0970276563678292e-02	   9.2757057427524026e-01	   7.7720762458622972e-01	   7.7865329011394890e-01	   5.9497880951455961e-01	   5.1891010360740186e-01	   5.1427796181775476e-01	   7.3079326091191610e-01	   2.6085132177097015e-01	   7.2576515320807622e-01	   5.7264307135012160e-01	   4.9430253435032900e-01	   4.8293302203858030e-01	   5.1291793409684283e-01	   2.9868925428223475e-01	   2.7949133483881344e-01	   3.2550453819169961e-01	   3.2435795767576669e-01	   4.0182897512482757e-01	   6.8239243537869831e-01	   6.1849703792707866e-01	   8.2479254204444263e-01	   7.6005412732080135e-01	   5.9344971785729039e-01	   6.6076488685648793e-01	   9.1501625178841972e-01	   7.3252179903628623e-01	   4.3060875441240132e-01	   6.5009947520521016e-01	   4.9812665894197294e-01	   1.0113269331024723e+00	  -2.8961802136071407e-01	  -2.4526908039363507e-01	   1.2536942122128220e-01	  -5.7341726011515097e-02	   2.2136490163934899e-01	   5.8704724632616244e-02	   4.9600695046601917e-01	   1.0229100226757524e+00	   4.2418550663004029e-01	   4.4648961426920669e-01	   3.8407912848184600e-01	   3.4591427758453636e-01	   5.2650075370817917e-01	   3.8968873137039101e-01	  -3.3613147272022437e-01	  -1.6429637109351819e-01	   3.0294217826605430e-01	   3.0629544145764259e-01	  -1.9910949749510348e-01	   3.0532781937026798e-01	   2.7357722220663860e-01	  -1.1620279415050065e-01	
   5.8945871838211938e-01	   4.2189203791118568e-01	   7.7324849311383381e-01	   9.8509118399419193e-01	   9.6181680670851732e-01	   0.0000000000000000e+00	   1.1712237140061716e+00	   1.2334534145482821e+00	   1.1596081685633735e+00	   1.3514110982410328e+00	   7.4689061715105054e-01	   8.9599605662365212e-01	   1.0162314381766087e+00	   1.1489427008516682e+00	   6.6969613039939169e-01	   9.6195528172030242e-01	   2.6539895193847707e-01	   2.4475567573943419e-01	   6.0087257151737117e-01	   4.4309387189745519e-01	   6.7337144165894058e-01	   7.4653181807956925e-01	   4.0018074430605621e-01	   6.4841990590880805e-01	   2.8802797850565065e-01	   5.4871158124329400e-01	   6.2444967537004903e-01	   8.7659126323533321e-01	   3.9971957930729990e-01	   4.1867498833902894e-01	   4.4722314895984894e-01	   6.1827486255359609e-01	   7.9943011151305632e-01	   7.6987226387893615e-01	   6.0434026982755584e-01	   8.2914550758397398e-01	   9.3115865084702806e-02	   1.2503143193598368e-01	   3.8459166665488603e-01	   3.4686661501921495e-01	   4.1896859358876493e-01	   3.0282681608746337e-01	   2.1064519726805461e-01	   1.8366882569539922e-01	   1.6207241571340880e-01	   2.0596122952805301e-01	   9.2587876289125570e-02	   1.1208120688941930e-01	   1.0797059792877009e-01	   9.3646964143415015e-02	   2.8579594628801336e-01	   1.5245392693519880e-01	   1.3842356704329301e-01	   1.1964169164198513e-01	   3.7156238769567834e-01	   7.6739313500213402e-02	   2.8091454140957839e-01	   2.1718201456001310e-01	   4.2303035866659416e-01	   2.1446042450146111e-01	   1.0329542251697736e+00	   9.6508840628650638e-01	   5.4648946355318417e-01	   3.9828355045717212e-01	   7.7169959327677584e-01	   1.0367327062437746e+00	   8.3646388925692128e-01	   8.4158115972825454e-01	   5.5887607417781582e-01	   5.2273472367916707e-01	   5.8216362978274128e-01	   4.3467635376743596e-01	   5.4317028919231070e-01	   5.3875265315756837e-01	   3.8080159014881260e-01	   3.1730277029642384e-01	   3.0721265136076475e-01	   2.0976246182397026e-01	   3.0436245548833263e-01	   3.8563392568643795e-01	   4.4996145297219448e-01	   5.4494619436691882e-01	   5.0034557357316278e-01	   6.5851482703309250e-01	   7.3943953480520430e-01	   7.5561804538711308e-01	   3.9434978279176197e-01	   4.7742893532563435e-01	   1.1113619054731929e+00	   9.8457281586926826e-01	   5.8511950594770634e-01	   5.5307080245853801e-01	   6.4765388838927473e-01	   7.8787787439969803e-01	  -2.9043100402913868e-01	  -2.6799549514566073e-01	  -4.7689566348176129e-02	  -2.8006494957679318e-01	   1.9883917611065188e-01	  -5.0689399836522063e-02	   8.3909282989729084e-01	   9.4563996895443148e-01	   5.2282482505811190e-01	   4.5590858064919704e-01	   3.1635329536005730e-01	   7.0714850284609332e-02	   7.4319657496631952e-01	   5.9383829940806276e-01	  -3.8725148677055216e-01	  -1.7109874278536658e-01	   1.6175056360924911e-01	   2.5781470727229561e-01	  -1.7160963102606080e-01	   2.9504493096045620e-01	   1.7970877544863245e-01	  -3.5177282032349305e-01	
   6.0252186756731629e-01	   2.3861238653610334e-01	   1.2674593456247185e+00	   1.1441524093738173e+00	   1.3862028135419597e+00	   1.1712237140061716e+00	   0.0000000000000000e+00	   1.0007046304113150e+00	   1.3579020458337439e+00	   1.0080564104397247e+00	   5.4407406291665517e-01	   5.1098664443349273e-01	   9.5911127787932537e-01	   6.8215519585074413e-01	   6.6437934702547607e-01	   8.5322434908466538e-01	   9.6199531929108725e-02	   5.3940522235448332e-02	   5.1730015754416048e-01	   3.7923450969070888e-01	   7.2507346203587741e-01	   6.3413987633197610e-01	   5.0602225030343129e-01	   7.2653732908254820e-01	   4.6883778608637977e-01	   6.7366976634063425e-01	   7.1481145923588285e-01	   8.3641137566540857e-01	   3.4023137704292422e-01	   2.0509341095513473e-01	   6.3007695006916897e-01	   7.3540288734691051e-01	   7.4830749003310171e-01	   6.2201544079877302e-01	   7.0121249828826571e-01	   8.2570572987563495e-01	   1.5267085363876345e-01	   1.6808737825020037e-01	   4.6335804135091518e-01	   3.4540237236195542e-01	   4.8425641101194900e-01	   3.9943731707681140e-01	   2.2576216134530414e-01	   1.8022802621875764e-01	   2.7086947891165292e-01	   2.5318018605271686e-01	   1.0814840302311136e-01	   1.2297585075171200e-01	   2.1265423403611466e-01	   7.4096338574778708e-02	   3.8002994454678402e-01	   1.6955432837331294e-01	   6.9741297809990846e-02	  -2.7014070116249633e-02	   4.3273966033811279e-01	   8.7720117644516218e-02	   1.8311616322582411e-01	  -3.0374217483120536e-03	   4.3290402376246001e-01	   5.7265450599928221e-02	   9.2841434257516076e-01	   6.3863654128143199e-01	   3.0131292671533716e-01	   1.6412499975639963e-01	   8.7270399714444558e-01	   9.9099818333878043e-01	   1.0232749886822625e+00	   8.3729992072987469e-01	   4.9318137064461898e-01	   4.5895529482915776e-01	   6.2738998231297394e-01	   3.0282643557876904e-01	   6.3294173683760835e-01	   5.0437058537779644e-01	   3.3733597549116384e-01	   4.0934142447887367e-01	   3.2602997229921160e-01	   2.0996693192696467e-01	   1.9077622273626119e-01	   2.6201638100632479e-01	   3.4166936552531563e-01	   5.1656902585982678e-01	   5.2620065389778026e-01	   5.7855099862702009e-01	   7.6948595690266997e-01	   9.5295684311308126e-01	   3.8999577126038382e-01	   5.3377251383059310e-01	   1.0017074852599337e+00	   7.8178558517949326e-01	   4.8849698853612900e-01	   5.7158206921974053e-01	   6.0529407924682577e-01	   9.4648535228102182e-01	  -1.8726097603263328e-01	  -1.6564528630943728e-01	   1.3461532161721435e-01	  -1.5552954210088246e-01	   2.0812609720581854e-01	  -8.8894488066429446e-03	   6.6938582149796355e-01	   1.0392819885384832e+00	   5.1695854807154284e-01	   5.2645704200025067e-01	   4.5759500232727834e-01	   2.7987661794967900e-01	   6.3217567916996387e-01	   5.7399606821743876e-01	  -3.2952533798937794e-01	  -1.0887046052728340e-01	   2.7746731453988555e-01	   2.0562328807826410e-01	  -2.1017807216381157e-01	   2.9792432736046398e-01	   3.7316145843769033e-01	  -1.0273408820550303e-01	
   3.6756539466488186e-01	   2.9182532814294476e-01	   6.2260307569091844e-01	   1.2685222779056693e+00	   6.2323611041526106e-01	   1.2334534145482821e+00	   1.0007046304113150e+00	   0.0000000000000000e+00	   8.2971234858432275e-01	   1.0705288108654045e+00	   4.6452445965148553e-01	   9.5555657301725250e-01	   6.9227562628845418e-01	   1.1214261757845108e+00	   2.5354002972790030e-01	   7.5390163037698499e-01	   2.1590896933862080e-01	   1.5078343408282213e-01	   4.5140597459498699e-01	   4.8208487701035507e-01	   3.6680756184750707e-01	   6.0174881198967733e-01	   1.9538057177966439e-01	   5.6282054667149939e-01	   6.5230519295547490e-02	   3.4373486167141915e-01	   2.4792131471174489e-01	   4.3673535937456309e-01	   3.6984660289379567e-01	   5.0365075500806877e-01	   4.0367122418833051e-01	   7.0212848793433713e-01	   7.3713356108676775e-01	   9.0855189613070952e-01	   3.6075788974146333e-01	   6.3567721343016448e-01	  -8.7119883387812319e-02	   5.2401094218071938e-02	   1.6213483975556933e-01	   2.4449784120852805e-01	   3.1937175577001586e-01	   2.5807587814824018e-01	   1.8226447360887738e-01	   1.4586946792780803e-01	   1.9442800275424735e-01	   2.4181332279303352e-01	   1.0447049163258251e-01	   8.1733098805902529e-02	   8.8287221950107186e-02	   1.8747595586117188e-02	   1.5629623880982138e-01	   5.1155344944087411e-02	   2.7232975804428291e-02	  -4.2843853201710275e-02	   2.8920965062689957e-01	   4.0648276810466163e-02	   8.6087602568280283e-02	   1.9883126890168450e-02	   3.3636496842042074e-01	   1.6313736050888236e-01	   7.5726409804934081e-01	   1.2091875565583448e+00	   4.8689240913072673e-01	   4.4729321399626637e-01	   4.6743351118423321e-01	   1.0355071873131179e+00	   8.0040592264132826e-01	   9.0935133043718885e-01	   4.6554174380842739e-01	   3.9653541438920764e-01	   3.7380588834146922e-01	   5.5131872820821526e-01	   4.9030875372027993e-01	   5.8235193576776445e-01	   2.3079111866074872e-01	   3.2703539630842055e-01	   1.5538039677078719e-01	   2.5065096306055801e-01	   2.3288560319625626e-01	   3.6526889043753386e-01	   4.3834248498898520e-01	   5.6005962711139334e-01	   2.5870919086089572e-01	   4.9811553483563742e-01	   4.8311652781334097e-01	   7.8141320218379884e-01	   2.1132436354008355e-01	   2.9789188855827553e-01	   8.6127103012876716e-01	   8.0624940010269430e-01	   6.7111610353162554e-01	   4.7080347230635072e-01	   8.1913388040570501e-01	   6.5318337696987072e-01	  -2.0790936308679803e-01	  -5.0109671391501576e-02	   3.8510789379025030e-02	  -1.7975730723360078e-01	   2.8404640773716849e-01	  -3.6397636005208345e-02	   9.6738746658141328e-01	   7.7123107533166446e-01	   6.0520305900314575e-01	   4.6924234665624698e-01	   3.5393115046243273e-01	   6.3002578893870925e-02	   8.5940215222665373e-01	   7.6297362947010483e-01	  -3.1809815897983273e-01	  -7.8432767743944753e-02	   1.9426571618513672e-01	   1.8885265975284690e-01	  -9.8413540434023436e-02	   2.7881134900039672e-01	   2.7518339748186127e-01	  -2.2616117048052148e-01	
   7.5546671616502392e-01	   2.8904661598235337e-01	   7.5000207949015607e-01	   7.7925714647941990e-01	   1.4037076252112668e+00	   1.1596081685633735e+00	   1.3579020458337439e+00	   8.2971234858432275e-01	   0.0000000000000000e+00	   1.2412519957994208e+00	   6.3767692590894198e-01	   6.4118541388761285e-01	   1.3893979734067703e+00	   8.0958869478100814e-01	   7.9343347821165977e-01	   8.0251609549801151e-01	   1.2780444432472463e-01	   1.5471018775198442e-01	   3.8141663808375320e-01	   2.4846674091516674e-01	   6.2949579532298894e-01	   5.7999013672572153e-01	   3.2820041407257311e-01	   5.1517687308435200e-01	   3.0440850578336259e-01	   4.7569223238166541e-01	   6.5636761642062580e-01	   9.8160045657995798e-01	   3.7645203113246112e-01	   2.2920395487352097e-01	   3.3299034364021368e-01	   4.3401517090540898e-01	   5.6928256407648603e-01	   4.6825029668601736e-01	   5.1244695905814597e-01	   6.1143639980636366e-01	   1.0679994067725271e-01	   9.5358476099092607e-02	   3.9697635992500563e-01	   2.5336576159651997e-01	   3.9365485850239140e-01	   2.5387632434053414e-01	   1.1885510489821441e-01	   6.4989406941575498e-02	   1.2704017457115410e-01	   8.7224304329795638e-02	  -2.1781946137500539e-02	  -1.7284592486420506e-02	   1.1012691730977925e-01	   1.4513685857451350e-02	   2.7043615039329921e-01	   1.0162835450783497e-01	   6.4117548238757666e-03	  -9.6643072096117971e-02	   3.1697219502975998e-01	  -1.3735467990954793e-02	   2.4942473654960762e-01	   2.5911789727662424e-02	   4.7628757381728781e-01	   8.6228486816707015e-02	   1.1710849919225923e+00	   6.0963257893737988e-01	   3.2403884978829667e-01	   1.4621441140161873e-01	   6.4440559859050317e-01	   8.0906864208496165e-01	   6.7536076282964819e-01	   5.9144279498425534e-01	   4.9073033202507577e-01	   3.5930426347199235e-01	   5.1250104357959103e-01	   2.3043263714636233e-01	   6.0582614496785092e-01	   5.6014654515429463e-01	   4.7422291303607578e-01	   3.5768967916100652e-01	   3.9493948190179756e-01	   1.7083192383462215e-01	   2.4781814274811698e-01	   2.4289564111447037e-01	   2.9582128490937698e-01	   3.6369386329114134e-01	   4.5798791490659202e-01	   4.9054889160854298e-01	   6.6831770791801381e-01	   6.7451775520372359e-01	   3.3317792389721312e-01	   4.7338889187976596e-01	   9.5656654597054536e-01	   6.8071090713934435e-01	   3.4521046904441399e-01	   4.4780070407887207e-01	   5.1196075055894574e-01	   8.3953942770174828e-01	  -3.3873426008667679e-01	  -4.1955923663601946e-01	  -7.9947267843683723e-02	  -3.5098337083613035e-01	   8.2783779725250084e-02	  -1.1987750187033824e-01	   5.4016957471347227e-01	   1.0506219864363169e+00	   3.4937050624476773e-01	   4.0593110718712166e-01	   2.5637712646256233e-01	   5.1986968795294936e-02	   5.4100067962150511e-01	   3.8573447453855592e-01	  -3.3265882604943070e-01	  -3.4038646594523936e-01	   4.4287403161624883e-02	   8.0298157727712594e-02	  -2.6451046096128666e-01	   2.0102087986236777e-01	   1.2120407573956965e-01	  -1.7838107562133837e-01	
   5.4312857113691060e-01	   2.8675307891959428e-01	   6.0796359154726354e-01	   8.0089431046112358e-01	   9.1924887120068832e-01	   1.3514110982410328e+00	   1.0080564104397247e+00	   1.0705288108654045e+00	   1.2412519957994208e+00	   0.0000000000000000e+00	   7.6513714039143199e-01	   7.4471407314069138e-01	   1.0465505291399360e+00	   1.0089526148915757e+00	   7.1340939296535477e-01	   9.3888006445810090e-01	   2.5333400080506763e-01	   2.0001736223783356e-01	   3.4896620753540836e-01	   2.1577640577650925e-01	   5.6357056882225787e-01	   6.6035974159898159e-01	   3.5976668633337433e-01	   6.1908022937647733e-01	   2.6522011740425383e-01	   4.9400561871348458e-01	   5.1375221922434933e-01	   8.0262290257427571e-01	   3.5722987974365744e-01	   3.0091595743083610e-01	   3.5677392326198676e-01	   5.1549393670101462e-01	   6.1494338282610905e-01	   6.1684376207805180e-01	   5.5229827527880460e-01	   7.3046680483014392e-01	  -7.7431494172591478e-03	  -5.4007808577988418e-02	   2.4587617870376866e-01	   2.1201659488519078e-01	   2.7926726318827666e-01	   2.0524550804218655e-01	   1.3625352218320671e-02	  -7.5189719144457033e-03	   3.4396549924675473e-03	   3.9940354311190106e-02	  -1.0918264214655399e-01	  -9.8034109390381707e-02	  -3.4501043935780878e-02	  -5.4657600977400751e-02	   1.4185535902889523e-01	  -2.4351799030767663e-02	  -8.6806529947474662e-02	  -8.5728876809110399e-02	   1.4298520788592695e-01	  -1.2235536870945110e-01	   1.6277367858492167e-01	   3.2871855845828100e-02	   3.3638181225983405e-01	   2.8454104992748457e-02	   9.2180453782542215e-01	   8.1057876283495223e-01	   3.6909326428448780e-01	   2.1228159724738449e-01	   6.8312427803157139e-01	   9.9568727468806040e-01	   6.1762824192883869e-01	   6.2690658663992149e-01	   4.4419925382382702e-01	   3.2200567551779491e-01	   3.7386154523576320e-01	   3.1150595537952497e-01	   4.3626756529062322e-01	   4.6509977695430088e-01	   3.4514721162226075e-01	   2.9493519193497025e-01	   2.1347066909284990e-01	   1.0682852013321098e-01	   3.0667925428208864e-01	   3.3775199528914490e-01	   3.9130545747024176e-01	   4.5415217437481148e-01	   4.2812149406996580e-01	   5.1710727330415918e-01	   6.6971814935379093e-01	   6.3081357739639932e-01	   3.4136515045043014e-01	   3.8667547956707565e-01	   8.9588501687907496e-01	   6.7148848747980139e-01	   3.9175896429745294e-01	   4.4821845525572129e-01	   6.3732073497126640e-01	   7.5805462956875791e-01	  -3.3493557405240487e-01	  -3.6733379666145827e-01	  -1.8589894193929135e-01	  -4.2109066864058836e-01	   1.4111513198217837e-02	  -2.5378438049604252e-01	   5.7614107613553156e-01	   8.5982718414086245e-01	   3.0453306135509944e-01	   2.9875685438280319e-01	   2.4182488192282814e-01	   2.5794324173835637e-02	   6.0661622651875191e-01	   4.1156483277147393e-01	  -2.6335440810027888e-01	  -2.3410252748145274e-01	  -2.9594188513574374e-02	   5.3127839874785268e-02	  -3.1157006010062066e-01	   1.5406397736351035e-01	   1.5704816727908505e-01	  -2.1262149096151989e-01	
   6.5973059126893874e-01	   5.4348969585395257e-01	   4.0745400325242193e-01	   4.8769964568276858e-01	   5.8926230797345913e-01	   7.4689061715105054e-01	   5.4407406291665517e-01	   4.6452445965148553e-01	   6.3767692590894198e-01	   7.6513714039143199e-01	   0.0000000000000000e+00	   5.6431496376066748e-01	   9.4902590829382583e-01	   8.3558488740617864e-01	   7.3441659582206686e-01	   6.9466236130390602e-01	   5.9911516572485135e-01	   3.8172207774367040e-01	   6.1355053260922265e-01	   3.1457138387357209e-01	   5.4719260910090872e-01	   5.5073835287584161e-01	   5.2081980818182738e-01	   5.9110443172828375e-01	   4.3319005757741025e-01	   5.7008648722219646e-01	   6.2151336782144917e-01	   6.3524702208652417e-01	   3.3285917967552275e-01	   2.1309500089455125e-01	   2.0018760134981409e-01	   2.8811506246757840e-01	   5.7875190061179838e-01	   4.3110261212939560e-01	   5.8296751881283004e-01	   6.9960610608771068e-01	   3.1853079543283563e-01	   2.2365924363320305e-01	   5.0253342955341829e-01	   4.2666378272179223e-01	   5.1219546802048055e-01	   3.4576794896957852e-01	  -1.4404344593820922e-02	  -4.4455570380132453e-02	  -7.2711859959861208e-02	  -2.2366092497488020e-02	  -7.1986810024553552e-02	  -3.7535812158196510e-03	   1.2316134986212165e-02	   7.6714434889381594e-02	   3.0158003390808186e-01	   2.9822355843902199e-01	   1.6642099639654137e-01	   2.0341723782685295e-01	   4.1484385679578839e-01	   1.5143742417281095e-01	   4.0947671049654100e-01	   2.9145383337749547e-01	   2.1858719998037460e-01	   1.1374767465793736e-01	   4.7314527010732654e-01	   2.8285572188123781e-01	   5.8021031263139367e-01	   1.7018889108763158e-01	   5.2182660195023933e-01	   6.0465487901923243e-01	   5.9083644201419749e-01	   6.4297195409828256e-01	   6.9615773573608808e-01	   5.4056586107335036e-01	   3.7130823483289344e-01	   2.8017298118375189e-01	   5.2419799681383461e-01	   4.2337192761748443e-01	   5.2784021480859578e-01	   3.4365260620814475e-01	   2.4159126810221593e-01	   3.1138387105088299e-02	   5.3296871968023041e-01	   5.0663911953964680e-01	   7.6216070169744488e-01	   6.7952716660428980e-01	   4.8755328015748178e-01	   5.3387185646650737e-01	   7.9486291196439940e-01	   5.5436600139023651e-01	   4.1800219865121113e-01	   4.1151216250387435e-01	   7.4842203531722984e-01	   6.6227854744602455e-01	   3.5451310233335687e-01	   5.1562510924635030e-01	   4.9988914708846321e-01	   6.5566506522305490e-01	  -1.7276480405410610e-01	  -1.8058605776613812e-01	   3.3980037136685355e-02	  -1.5204509277838912e-01	   8.3198254366134372e-02	   1.0610788031715930e-02	   2.5252776846014136e-01	   5.7565445835483664e-01	   1.2393097374901674e-01	   2.3601254803885913e-01	   3.0672225599283520e-01	   9.9753933663271760e-02	   3.8092053266417414e-01	   4.0681048658928465e-01	  -5.2167457417504592e-01	  -3.4903702891121119e-01	   1.1085515011828845e-01	   1.9839660119200678e-01	  -1.0192512217988252e-01	   2.3990028736193234e-01	   9.7539185185993679e-02	  -2.5000252544898277e-01	
   5.3103120106961743e-01	   6.2456609578544420e-01	   2.0800825198534462e-01	   5.4854955012557971e-01	   3.9372725833226652e-01	   8.9599605662365212e-01	   5.1098664443349273e-01	   9.5555657301725250e-01	   6.4118541388761285e-01	   7.4471407314069138e-01	   5.6431496376066748e-01	   0.0000000000000000e+00	   6.8575028448843689e-01	   1.5558791010568180e+00	   1.2924532986473475e-01	   4.5265965920328710e-01	   4.5618515384462965e-01	   3.7649409345689983e-01	   5.5221392518082424e-01	   5.5357255412735451e-01	   3.3872982995902723e-01	   4.2424828319971297e-01	  -4.0936569049999927e-03	   1.9426477387640456e-01	  -1.5660922414010520e-01	   5.6017138206772191e-02	   9.9643919454255950e-02	   2.7327668343269179e-01	   5.4008165569381550e-01	   7.7710586639007229e-01	   1.1826101928937237e-01	   3.2253151387502238e-01	   5.7040927215477877e-01	   7.0967370012587760e-01	   5.9565953707297434e-02	   2.5133964789390784e-01	  -1.7088548790514937e-01	  -2.6147045639799697e-02	   1.0193392037905644e-01	   1.0697473196088141e-01	   2.5038790463783572e-01	   4.5180383607924864e-03	   1.8444726679498605e-01	   1.5172460932442683e-01	   1.5062491221714722e-01	   2.1126355956857779e-01	   1.4568362183468678e-01	   1.4523262511940049e-01	   1.5217985175602750e-01	   1.7098851653878910e-01	   1.6296013252004057e-01	   1.7514217370361476e-01	   2.0070936853068921e-01	   1.1134610974123410e-01	   3.0254069788020049e-01	   1.5073601781634599e-01	   3.1996439960123263e-01	   2.4187150354653508e-01	   4.2081371183494581e-01	   4.3509892566448449e-01	   7.3166454754005339e-01	   9.8454149414501757e-01	   5.4852888033725766e-01	   5.8388305737753743e-01	   1.3806912868672014e-01	   4.6062709013305403e-01	   4.6462050963141599e-01	   5.9190036752785780e-01	   4.4609451041189391e-01	   4.3505476860153375e-01	   2.7913581504370366e-01	   4.5754151977621144e-01	   4.5741901612975355e-01	   5.0680210496385025e-01	   4.3263218013920640e-01	   2.3217282201039463e-01	   2.5687067150283766e-01	   3.0722149618262173e-01	   4.3591804022434560e-01	   4.1443463163756966e-01	   3.9581817734652897e-01	   4.1046198805187611e-01	   4.9570480049631646e-02	   3.0213811877797642e-01	   2.6650212100348381e-01	   3.4959657282479439e-01	   3.3252545601769899e-02	   8.6205885935712101e-02	   6.2795475586402572e-01	   7.2139361467382590e-01	   4.4773125738907632e-01	   2.9845663379200060e-01	   3.9168349860895113e-01	   4.0508667230036216e-01	  -2.0416468097949469e-01	  -2.6840697871989139e-01	  -2.3250332537498621e-02	  -1.7561284195951518e-01	   2.8059144450050760e-01	   1.7551558247338037e-02	   7.2845216208795627e-01	   5.5021320418950159e-01	   3.8034858830023666e-01	   2.6602047808403290e-01	   6.8105599208341611e-02	  -1.4241453746166097e-01	   4.6665955153472832e-01	   4.8263853979176019e-01	  -3.4534522063554263e-01	  -1.9693683341225354e-01	   4.2647297766608770e-02	   1.8991224863442885e-01	   2.9024658648178228e-02	   2.7834409557609907e-01	  -7.0411422575802811e-03	  -3.0674695858934953e-01	
   7.7642636908574836e-01	   2.7721618227162392e-01	   5.7690459804562544e-01	   6.4710590522787037e-01	   9.4499381445218700e-01	   1.0162314381766087e+00	   9.5911127787932537e-01	   6.9227562628845418e-01	   1.3893979734067703e+00	   1.0465505291399360e+00	   9.4902590829382583e-01	   6.8575028448843689e-01	   0.0000000000000000e+00	   9.9483562228301903e-01	   7.2048172616778994e-01	   7.7584042365002237e-01	   2.1852984734950046e-01	   2.1138181200910355e-01	   3.9444348647440070e-01	   1.8879764706293178e-01	   6.0115072737771003e-01	   4.5196196413517842e-01	   3.2181810801909022e-01	   5.0514168794527059e-01	   2.3319305800295886e-01	   4.4779269457144438e-01	   5.4937362094677811e-01	   7.9729709683701300e-01	   3.5499863668263076e-01	   2.7578904588512287e-01	   2.3329767266857876e-01	   3.5536325694675081e-01	   5.2777857254709426e-01	   3.7419681793360088e-01	   4.7571356525526487e-01	   6.2451512105933016e-01	   1.3753332139677962e-01	   1.6105653372827200e-01	   3.8627176325554302e-01	   2.5792431936368176e-01	   4.1482040531292463e-01	   2.4445106916648632e-01	   1.0900823557036354e-01	   4.2469425132182652e-02	   1.0725117649109317e-01	   6.3902234353872323e-02	  -7.3641413310227633e-03	  -4.9885242654134528e-02	   1.3561848137001020e-01	   2.3589948196083153e-02	   3.0738887185482161e-01	   1.8699018187293137e-01	  -1.5838416841819972e-03	  -4.2919394506035699e-02	   3.3789112315653119e-01	  -2.0089355312114796e-02	   2.4801116982094601e-01	   1.5365619831112496e-03	   3.6169317380044474e-01	   4.1461154209137048e-02	   9.5458194708240407e-01	   5.2979505802472027e-01	   5.1842856107968516e-01	   2.3134021616228562e-01	   5.3851322083895004e-01	   6.8384991737461842e-01	   6.7974272569599481e-01	   6.6037575053045083e-01	   5.1180295697097777e-01	   3.3608544173078941e-01	   3.4177689878057477e-01	   2.1327270458819531e-01	   5.4931738034473021e-01	   5.3200792557616960e-01	   5.5502786516352032e-01	   3.4200971257916041e-01	   3.4007689878876285e-01	   4.7423737843983106e-02	   3.1128220576932841e-01	   2.4209877335148239e-01	   3.7664755400786842e-01	   3.8710262976447479e-01	   3.3521324352065396e-01	   3.9815625362591106e-01	   6.3257358984680478e-01	   5.5918900005997219e-01	   2.0875348440938016e-01	   3.6054415560080671e-01	   8.1313694813496817e-01	   6.1106266916009377e-01	   2.8461961918326950e-01	   3.4597001968932245e-01	   4.5034471278204768e-01	   7.0794674872004526e-01	  -4.0092187234985710e-01	  -5.2322081071989357e-01	  -9.0663294484979395e-02	  -4.0896592778572838e-01	   5.4977888950504823e-02	  -1.8228726564817696e-01	   4.3829841921426360e-01	   8.3044596201147225e-01	   2.3329164572932098e-01	   2.9540575432604710e-01	   2.3021494978712140e-01	   2.9354791364859530e-02	   4.7029080981370608e-01	   3.5598952047258731e-01	  -3.9231450010392921e-01	  -4.2790859188888886e-01	   1.8947451084149081e-02	   8.5824365031014385e-02	  -1.8704538484124522e-01	   1.5258598691622210e-01	   5.4914316145369324e-03	  -2.1780467544308987e-01	
