   0.0000000000000000e+00	  -5.0838364141981363e-01	   3.1364613707833588e-01	  -2.6329121934178096e-01	  -1.8551247797603376e-01	   1.4875757785152233e-01	   7.2904333632709151e-01	   2.2619255633810481e-01	  -1.3278354844295513e-02	   4.6276207135984425e-02	   4.4723674323224116e-01	   5.8916749438194227e-01	   4.4087068399611595e-01	   9.3412848053434483e-01	   2.3672416519798976e-02	   1.8981568605597066e-01	   2.0493215189224076e-01	  -4.3141426592064347e-01	   5.5009494167009720e-01	  -3.0742450279059963e-01	  -2.7724083819429642e-02	   9.9272268454395046e-02	   2.2636982879289952e-01	   1.7790450734378263e-01	  -1.7707928660494560e-01	   8.5097662475123903e-02	  -1.6316656739066243e-01	  -6.3058292738595839e-02	   9.5270308796078257e-02	   1.5931209925310655e-01	   3.5308395083217248e-01	   3.4558381652840875e-01	   9.2314553004027644e-01	   3.4987372994750199e-01	   4.1463189760955983e-02	   3.5269466500745150e-01	   6.0339091526526745e-01	   5.5688089362405624e-01	   6.0367881470911111e-01	   5.3868287446452601e-01	   2.5039263156137509e-01	   4.1074904012432167e-01	  -1.4071194569758683e-01	  -1.4949669729930504e-01	  -1.2931964403057566e-01	  -3.2354148563902263e-01	   4.6350277182651875e-02	  -5.5083349930075805e-02	   1.4651044582654826e-01	  -3.9262965124846916e-01	   5.4758483485601542e-02	  -4.9053938226128324e-01	  -8.9006832695677218e-02	  -1.5760512518977543e-01	   5.3010756951410021e-01	   2.4201053068981410e-01	   1.3774316609143253e+00	  -6.7367752517400603e-01	   1.1417619166443274e+00	  -5.2424513116803706e-01	   1.2295035007085575e+00	  -7.2407388060820232e-01	   1.1830521453706190e-01	  -6.6387304501379873e-01	   2.5822012831272867e-01	  -5.1148484998000487e-01	   3.6979502553769111e-01	  -2.5725965414444030e-01	   2.0843512302609574e-01	  -6.0574024770014834e-01	   2.5934333865602560e-01	   6.9193263107456138e-01	   2.1568204366000371e-01	   1.8835068400037649e-01	   1.0434449554318026e-01	   3.6681504208847915e-01	   5.3985483622944519e-01	   1.9083884908789822e-01	   3.3261907191665142e-02	  -6.4452113985839510e-01	  -2.0136927649341604e-02	  -3.7308164002927763e-01	   7.6315427582669057e-02	   4.4361208568086163e-01	   3.0074599855224735e-02	  -3.9543912382620050e-01	  -7.9082014876927648e-03	   1.6484716198440430e-01	   3.5174627005712933e-01	   3.8636746990535565e-03	   2.1023462546233651e-01	  -1.3112097863755454e-01	   1.9913375607256578e-01	  -2.4937140166673727e-01	   1.9311057932692877e-01	   2.1358683269205345e-01	   2.9593835436614879e-01	   2.2928552890113327e-01	   3.2076230266596728e-01	   2.1858160225277301e-01	   8.1017871675065445e-01	  -7.9111595057751158e-02	   1.0818459571494461e+00	   3.8428779348655427e-02	   7.6846493564192497e-01	   3.6313002288106538e-01	   8.1084130301338680e-02	   1.2842382650054926e-01	   3.6162154991657619e-01	   1.9892370569188753e-01	   9.2144947739361951e-02	  -9.6313303445232867e-02	  -9.5334207525304658e-03	   2.3229780323901417e-01	   3.8246118010350150e-01	   1.6711939002142451e-01	
  -5.0838364141981363e-01	   0.0000000000000000e+00	   7.2738500431069039e-02	   9.4202854107410428e-01	   3.3220464361905022e-01	   2.5580710320644195e-01	  -1.8184136834107853e-01	   3.5769364518195296e-01	   3.2773348145292774e-01	   4.0346199326471821e-01	   1.9881328500304375e-02	  -4.3734168701808115e-02	  -8.2428028250475294e-02	  -4.2793284163213452e-01	   2.9698801561553256e-01	   1.9177409757313099e-01	   4.4143262258670313e-03	   8.8457550522313655e-01	   1.7639279450747086e-01	   9.9821572063816244e-01	   1.8200203514957798e-03	  -9.0910448224600385e-02	   6.9939841338552217e-02	  -4.0413905040179764e-03	   3.8069682115025144e-01	   1.2083931964576128e-02	   4.3874621261959329e-01	   1.9693991597381466e-01	   4.9034509421131786e-02	   2.5924381763396848e-01	  -2.6437400617261531e-01	  -2.4098032118135890e-01	  -4.3811780285700297e-01	   2.0875563451948656e-01	   2.8006715721468095e-01	  -1.5086493928551533e-03	  -3.0765858368459659e-01	  -6.6417912688453623e-02	  -3.0009616921585230e-01	  -4.4474459201292865e-02	   2.0315722922934995e-01	  -1.3221716469352884e-01	   6.7762324702480381e-01	   6.5179341322275308e-01	   6.4488198030579835e-01	   9.5281948264915228e-01	   4.9545073755579083e-01	   5.5024514978207717e-01	   3.7588723704969995e-01	   9.4663108792891171e-01	   3.3862275349199811e-01	   9.9175212837270632e-01	   7.2158659185373986e-01	   8.6615549892599786e-01	   2.1913295524091957e-02	   5.2880864584603593e-01	  -6.5607568095462876e-01	   1.9638141761579158e+00	  -6.3645846220317437e-01	   1.6631930013266503e+00	  -7.1305409157836697e-01	   1.5098361237284383e+00	   2.9480313951617992e-01	   1.6065165331504505e+00	   8.2479414556958938e-02	   9.9243811290119244e-01	   5.9643330850735331e-02	   8.6200432749083167e-01	   5.7090423747475927e-01	   9.8559513761309692e-01	  -7.0992499131910636e-02	  -3.5275459434511358e-01	   1.0742242847927748e-02	  -1.6553145294113200e-01	   6.7461468827586718e-02	  -2.1669410965442132e-01	  -5.7533050006469154e-02	   1.7371827109291524e-01	   1.1702808283133542e-01	   9.7196893711063748e-01	   5.0964436382150191e-01	   9.8854690780721566e-01	   5.6081830450906756e-01	   2.1500533689401474e-01	   4.8454938202420850e-01	   1.0869074713611242e+00	   4.1185784481808851e-01	   1.6009600063005192e-01	   2.9216301653700316e-01	   8.3597092119893202e-01	   3.7243376057756145e-01	   7.7326987130285096e-01	   3.1764055962089999e-01	   1.0200010037005860e+00	  -6.9260410876213083e-02	   1.3315394318671285e-02	   1.5895073809839727e-01	   2.0568162726555828e-01	   2.3414048656632325e-01	   4.9491385193548598e-01	  -3.1715872908551923e-01	   8.8465722315178175e-01	  -6.4056675963604504e-01	   5.0204643129064042e-01	  -5.0030956493201917e-01	  -1.5096170423760361e-01	   5.6587524281475940e-02	   2.2218399192357402e-01	  -4.0239503198102523e-02	  -1.6147852759720474e-01	   2.6637312938140478e-01	   5.8943487956036322e-01	   4.1097311421941052e-01	   2.0366176944760100e-01	  -4.8507107231539224e-03	  -4.5004159685059837e-02	
   3.1364613707833588e-01	   7.2738500431069039e-02	   0.0000000000000000e+00	   5.8300222295538939e-01	   5.0718410465393193e-01	   5.1475223056477992e-01	   7.5764096461644470e-01	   1.9521877687447511e-01	   2.9277944189800659e-01	   2.0537531333616146e-01	   3.4799235025818853e-01	   1.7843696358710201e-01	   3.4522545195930238e-01	   3.3028977328609460e-01	   4.7869290904525008e-01	   6.6572890266217799e-01	   3.4232147197183976e-01	   7.4072856203215215e-02	   2.3596257687424183e-01	   3.9415697202305998e-02	   3.8312515929637531e-01	   9.1247000084380803e-02	   1.1990872127889101e+00	   6.8952600207057535e-01	   6.8142489092447323e-01	   5.9127598684752314e-01	   5.7426848049178181e-01	   2.9768521423175365e-01	   2.7407248593917410e-01	   1.5615136097463608e-01	   9.1676448296589086e-01	   6.4662444474453673e-01	   3.5088725943829324e-01	   3.3287465826656759e-01	   5.7661215119282927e-01	   3.9100952593767230e-01	   3.2509452488885276e-01	   2.0964398358664055e-01	   5.4964983795091360e-01	   2.4349823321838304e-01	   4.2334151400436859e-01	   3.4650273759318707e-02	   1.8620391739973588e-01	   1.0488894973713493e-01	   2.1175341265021289e-01	   1.6566958273407445e-01	   1.5526425284308232e-01	   5.0367928105204372e-02	   1.5790211333876703e-01	   7.4235367642274938e-02	   3.2293148714106279e-01	   1.8241979892144572e-01	   1.5643481821569138e-01	   2.6942077249728663e-01	   4.2530585523496278e-01	   2.7559575152520605e-01	   2.1616357431780844e-01	   3.9410855265840580e-02	   2.5018561974690895e-01	  -3.4851261992112602e-03	   2.0822637141557659e-01	  -2.4794432091109351e-02	   3.3316343626787770e-01	   6.4010816541508031e-02	   7.3381954929438387e-01	   2.0894542718937542e-01	   5.3480592495458390e-01	   2.6541863688226075e-01	   2.5285048830713552e-01	  -1.3983285818963798e-01	   7.0521289188777458e-01	   2.7007154892447599e-01	   3.6232286337788466e-01	  -1.4487909963687579e-01	   5.0696826878407353e-01	   3.9894771798545829e-02	   5.5235578623486359e-01	   4.9758025506638726e-01	   3.8101498038005244e-01	  -5.8283145378088909e-02	   5.1821982919797471e-01	   1.4947231987835283e-01	   6.3018402678401908e-01	   4.7628372547179504e-01	   6.6942710213564249e-01	   2.5873128221378272e-01	   6.4462502355720963e-01	   3.7070277334810392e-01	   5.5023174222924132e-01	   3.6992368086083266e-01	   1.5065221337347182e-01	   2.3096950071289074e-01	   1.4389210962286114e-01	   3.4721668041454073e-01	  -8.0943060162922117e-02	  -1.3867622161315563e-01	   9.6769197724591666e-02	  -2.7612751254604195e-01	   2.1362870334754666e-01	   1.0829928096230233e-01	   1.7189063095972298e-01	   2.4554652786707293e-01	   9.2094130789243889e-02	   3.1360808175170306e-02	   1.4663070577434470e-01	   1.7339759712719149e-01	  -1.4604355458756632e-01	  -8.9309142357098803e-02	   7.8936796727009345e-02	   1.1437072085227321e-02	   7.7698455349805781e-02	   2.3295735942343393e-01	   2.4089845516048630e-02	   9.2543605575219512e-02	   2.1804430584242676e-01	  -1.5491649984588549e-01	
  -2.6329121934178096e-01	   9.4202854107410428e-01	   5.8300222295538939e-01	   0.0000000000000000e+00	   5.5109656421123410e-01	   6.1611468879288878e-01	   2.0053958279440715e-01	   5.6461046333836584e-01	   3.7394448119129253e-01	   4.3936625416610081e-01	   4.6020627374785954e-02	   5.6227678076418937e-02	   2.1184160862990516e-02	  -7.6600117861250899e-02	   3.7138139698340666e-01	   4.9352927838109228e-01	   3.8751371864025289e-02	   4.8400296935611092e-01	   8.4285154943431334e-02	   6.6313231258248262e-01	   2.4516027985045119e-01	   9.2324120086255443e-02	   5.5478746229282261e-01	   5.7846852431608575e-01	   7.8448672453923152e-01	   5.2791944311163630e-01	   8.2421771124014165e-01	   4.3916019803517442e-01	   3.2943643218384583e-02	   1.9472426925422964e-01	   2.2537700455918874e-01	   1.6639323402566905e-01	  -1.2540329945894360e-01	   3.1374476658522599e-01	   6.1332368891108946e-01	   3.6248080284802947e-01	  -6.2042188384460101e-02	   2.1006126200185986e-02	   8.8728027747573837e-02	   9.3345303431484991e-02	   3.7095039800036583e-01	  -8.8260181570773116e-02	   5.5663950057086997e-01	   4.5534471965404344e-01	   5.4718703890357845e-01	   6.6641368517918576e-01	   4.2895874925191874e-01	   4.1672493605300304e-01	   3.1004150499099514e-01	   6.3891087959132187e-01	   4.9071936620810741e-01	   7.9173429483231128e-01	   7.0433527201375234e-01	   9.1371993952135844e-01	   2.1611222471300745e-01	   5.5121170814222265e-01	  -3.2176298991543761e-01	   9.1168800181575249e-01	  -2.9080354763262234e-01	   8.2285587722396558e-01	  -3.4506442687072064e-01	   8.3091018376781034e-01	   3.1956921196984794e-01	   7.9070541926117421e-01	   5.0906250785356977e-01	   9.8304303085894218e-01	   2.7047408912831095e-01	   8.4324839399714535e-01	   4.7191845947871536e-01	   5.3366563526016053e-01	   1.9853595378705410e-01	  -2.1858807699414348e-01	   1.3709895239108227e-01	  -1.9045752190364709e-01	   2.8261871527568072e-01	  -6.7521325432622001e-02	   9.9673024683811048e-02	   4.3652613174705324e-01	   2.2062277239289196e-01	   4.8118728408817746e-01	   6.7624537916476757e-01	   7.3512497420814515e-01	   7.7440334978775616e-01	   4.8774247027102913e-01	   8.2927930988418241e-01	   9.8783065264561598e-01	   6.5498652201503083e-01	   4.3600947209909258e-01	   5.1718761440070149e-01	   8.3567648861239252e-01	   4.1517685614485034e-01	   6.9365371087176197e-01	   4.0030131594047214e-01	   9.0392306854331883e-01	  -2.0520714356442160e-01	  -2.4259538175345746e-01	   1.3939710595220237e-01	  -7.4271339500143266e-02	   2.8380743205437298e-01	   3.7209949193140429e-01	  -8.8488480470479802e-02	   6.0789082932478944e-01	  -3.5925466530948280e-01	   2.5738027955354853e-01	  -2.5889008982893652e-01	   3.6279707626097027e-03	  -3.8068199885113872e-03	   8.5018997721363690e-02	  -1.0385331689305320e-01	  -2.3610997108609316e-01	   1.6243730495444986e-01	   5.6160510397636809e-01	   3.5912373806277764e-01	   1.7727563502666163e-01	   5.0688641727075039e-03	  -1.4037190528917223e-01	
  -1.8551247797603376e-01	   3.3220464361905022e-01	   5.0718410465393193e-01	   5.5109656421123410e-01	   0.0000000000000000e+00	   5.6100172621936417e-01	   2.0056075543218119e-01	   2.5276282528611638e-01	   1.0350613961173345e+00	   4.7439204085995790e-01	  -4.1568600607143534e-02	   5.3936967732469442e-02	   2.6649194991072250e-01	  -1.9506714918763499e-01	   1.0158171513220009e+00	   4.0743492910631846e-01	   1.3991375482765755e-01	   6.3745750032063164e-01	   1.1682466298388643e-01	   1.9003613541111372e-01	   2.6441959419449423e-01	   1.6001376076327634e-01	   4.4771132741937658e-01	   1.8436854250484591e-01	   6.6666606402033990e-01	   2.8777232671974984e-01	   6.5683891208176448e-01	   5.3094613461592788e-01	   3.1572304504829979e-01	   4.2551730985736941e-01	   3.5003757657224827e-01	   1.9069402546649114e-01	  -1.7291748354738720e-02	   2.5815869517362000e-01	   9.5138767894411364e-02	  -1.0500093743382792e-01	  -1.9859476722208469e-01	  -2.1522276435190768e-01	  -4.6767932246439409e-03	  -2.5329710244817538e-01	   9.6061369682724509e-02	  -3.7986384259270917e-01	   2.6114660576341087e-01	   1.6508265352652660e-01	   2.7317721627251706e-01	   3.4111265762514559e-01	   1.0943973290862255e-02	   5.3005175979806286e-02	   2.2752129822764505e-02	   3.7040895041155558e-01	   1.9730848833867740e-01	   5.6115179083941968e-01	   1.0172635058188538e-01	   2.9614020829478221e-01	  -9.6110654338099302e-02	  -3.0010870105795378e-02	  -1.8932517789709816e-01	   3.5369665781556575e-01	  -1.7263575859066158e-01	   2.3146029140443519e-01	  -2.3601521651728585e-01	   3.5009659992573394e-01	   1.6434172278256964e-01	   3.8038976812473418e-01	   2.0597602707979004e-01	   5.4261610519415893e-01	   1.2372312318462902e-01	   2.5099722180597372e-01	   5.2044218055110933e-02	   2.7791226330991431e-01	   3.2806923292711293e-01	   9.9220235610410545e-02	   1.6574892855212076e-01	   3.3000483747559572e-01	   1.3269591529895761e-01	   2.0138703357739929e-01	   2.0476584496018177e-02	   4.4766327695205310e-01	   4.7692989981610501e-01	   5.7320943740437713e-01	   4.1919061598179352e-01	   5.5684568143969271e-01	   5.0240198609651654e-01	   2.8789367228646306e-01	   4.3334252488687075e-01	   4.2886055717835214e-01	   4.3027569282803224e-01	   1.7440485588572349e-01	   3.3958046958851901e-01	   3.0934319556211975e-01	   1.0257620357448077e-01	   1.2134986546818850e-01	  -2.1301056948698664e-02	   3.0518645916922676e-01	  -3.3072793011448126e-01	  -4.4120743452023747e-01	  -1.1378624222435586e-01	  -3.0776897705536704e-01	   2.6405075241318385e-02	  -6.3689927336906052e-02	  -3.0805563766844751e-01	   2.5786327927404940e-01	  -3.2551453855539225e-01	   2.1189846998090008e-02	  -1.6921320777880161e-01	  -1.1205676865733226e-01	  -4.8348444865522297e-02	   3.4255481931142807e-03	  -2.3725766873444601e-01	  -3.2930893738831518e-01	   9.9980213059061591e-03	   2.2752068386800034e-01	   1.6279908224937353e-01	  -9.0303613737142286e-03	  -1.0177814366230603e-01	  -2.4002462516798462e-01	
   1.4875757785152233e-01	   2.5580710320644195e-01	   5.1475223056477992e-01	   6.1611468879288878e-01	   5.6100172621936417e-01	   0.0000000000000000e+00	   4.5069189834371981e-01	   6.1179967394133683e-01	   6.3373477526820055e-01	   8.8200224922281234e-01	   3.6241814517874388e-01	   3.1143767577355291e-01	   3.9806695156066330e-01	   2.8200519965707305e-01	   3.9741487410517323e-01	   8.8303817796977724e-01	   3.3776895135785157e-01	   1.7800226335738981e-02	   8.4640485314433564e-02	   7.3405700132846419e-02	   5.1174189174033669e-01	   3.3882623594144207e-01	   4.4916083435283599e-01	   4.7779180481708727e-01	   3.9687790857410093e-01	   7.5053237931034988e-01	   4.9594307933806975e-01	   4.7754819016256755e-01	   4.6911326801363740e-01	   1.7099555549172629e-01	   4.0567650405234862e-01	   5.0352063009161796e-01	   4.3235033547625867e-02	   3.1377005304942407e-01	   1.6975932138187239e-01	   1.1478509349053269e-01	   1.3299458109898374e-01	   1.0174644248133297e-01	   1.9557455580646202e-01	   1.4820372777112395e-01	   2.6835397791672944e-01	   1.7181883519487187e-01	   2.0177485605636963e-01	   8.4067079550675952e-02	   1.8656072137318977e-01	   1.9505540269696525e-01	   1.6174331108346476e-01	   3.4406435629913905e-02	   5.0098368894879841e-02	   1.3306970309211655e-01	   2.1114934590413212e-01	   1.8585531966369853e-01	   2.4135460823179281e-01	   3.1768516037616434e-01	   1.1807452369429483e-01	   2.2675369417012747e-01	   5.9825243390012030e-02	   2.7427950189983075e-01	  -2.7593865232362045e-02	   2.3403653540033659e-01	  -1.1636709295045971e-02	   2.3651941809737831e-01	   2.1699301232404297e-01	   2.1602904038643950e-01	   2.0588155937997377e-01	   2.6311895301268434e-01	   1.0888423422747831e-01	   1.5175010807791278e-01	   1.6379771335989041e-01	   5.4721398908664891e-02	   4.4276689299171179e-01	   1.4782966006629186e-01	   3.7406900058401943e-01	   1.9566314891143934e-02	   3.9984215490265718e-01	   1.3228137524185402e-01	   1.5836873326186404e-01	   2.4135779058315032e-01	   3.8051950580550248e-01	  -2.9552998712593450e-02	   5.8197672249927968e-01	   1.2328510556182749e-01	   3.7622904646538852e-01	   2.1591562867059258e-01	   3.1459081509106140e-01	   1.9949637456978153e-01	   5.3011781751019127e-01	   1.3300066347112521e-01	   3.1256508336347261e-01	   4.0966609859712377e-01	   7.9503892109201849e-02	   1.7793261140252442e-01	   5.7988801668226383e-02	   2.5746388370491063e-01	  -2.9070743894363615e-01	  -4.0700155197200477e-01	  -1.6076369860521494e-01	  -3.5216980204061260e-01	  -2.6936317525205488e-02	   6.6291057358016200e-02	  -1.4385930541141480e-02	   1.7675660845870131e-01	  -6.1333897783381365e-02	   1.3022510683763261e-01	  -1.1010382461179746e-01	   2.4437464161959972e-02	   5.3097265120210471e-02	  -1.5164784889171257e-01	  -2.6867770928049756e-01	  -3.0630174009582412e-01	   5.0201322432318160e-04	   1.3032662384416416e-01	   2.3097596268709011e-01	   1.3106447113932698e-01	   4.6860688219895467e-02	  -4.3768389739247376e-02	
   7.2904333632709151e-01	  -1.8184136834107853e-01	   7.5764096461644470e-01	   2.0053958279440715e-01	   2.0056075543218119e-01	   4.5069189834371981e-01	   0.0000000000000000e+00	   5.5728967427583265e-01	   3.9240818473305211e-01	   2.4117305769287742e-01	   6.0287555864645614e-01	   3.4372980209635784e-01	   7.7012914828256385e-01	   6.9791096828526911e-01	   3.7644904581851107e-01	   4.3907057724410925e-01	   2.3683265555330074e-01	  -2.1752338336121990e-01	   5.1255555007111431e-01	  -2.9830234637116294e-02	   2.4552399585229534e-01	   2.0450356680083676e-01	   7.2819240807941643e-01	   4.6538206950494898e-01	   8.2094905103686278e-02	   2.6022251591589474e-01	   2.3314781941932239e-01	   2.0947330264459471e-01	   2.6471595360961175e-01	   1.8689140558218198e-01	   8.0211615310015172e-01	   7.4619080114068570e-01	   5.1659601715361614e-01	   3.4004253001255941e-01	   1.3893497280507763e-01	   2.3451023322641223e-01	   4.0361742076382090e-01	   3.0716289662394647e-01	   6.0394229906700914e-01	   3.5538018838301888e-01	   3.2886815338339592e-01	   2.2096116049411527e-01	  -1.6148000335387297e-01	  -2.0281680298095212e-01	  -1.3323755558102068e-01	  -2.1510603623770896e-01	  -6.7195168099471000e-02	  -1.0063191736135697e-01	   6.4636437869061772e-02	  -2.3260222418595966e-01	   8.9673599672621326e-02	  -2.4243345520019505e-01	   1.5065270438482527e-02	   7.0923583195803580e-02	   3.3699681627889400e-01	   2.5065968992078969e-01	   5.1594148858171363e-01	  -1.9565011595601473e-01	   4.9912090971325285e-01	  -1.5781564825126337e-01	   5.7758695376327318e-01	  -1.9952265784571926e-01	   1.0039199002505493e-01	  -3.2600390276685859e-01	   3.6789179544883510e-01	  -2.1305045852011573e-01	   1.9420784408719644e-01	  -1.5765565948158081e-01	   2.5867947565710686e-01	  -1.9774856962856402e-01	   3.8228370692299057e-01	   7.6463283251004988e-01	   4.2906663700679032e-01	   2.8070188786522704e-01	   3.9770342570731826e-01	   4.5986761720937730e-01	   3.8751291649167902e-01	   2.2694382499930127e-01	   1.4315884009113014e-01	  -3.3098538383242998e-01	   2.0135884692710213e-01	  -4.2583234298102346e-02	   3.8038649635042943e-01	   5.1413451691164669e-01	   3.1370997145517754e-01	  -3.8621767761986364e-02	   2.2276718307324705e-01	   1.5726893715811374e-01	   5.1575518886413518e-01	   3.4260524395247421e-01	   1.7401378026102540e-01	   1.2023909528265006e-01	   1.4746322088705857e-01	   5.9689317047765478e-02	   9.1008888847315228e-02	   1.8571531769439487e-02	   6.5606300998855241e-02	  -1.3652455130611893e-01	   1.7969215891595153e-01	   4.9567968145572489e-02	   3.5129491564499404e-01	   1.1333793893946401e-01	   3.9018536974289464e-01	  -5.5048990612736630e-03	   2.5556490361996137e-01	  -8.2788618362355498e-03	   5.6943657823084214e-02	   9.8288633138000223e-02	   3.1572676890338730e-01	  -1.1117536326843610e-02	  -2.2916513356341725e-01	  -8.8277511874776005e-02	  -1.5789343331256345e-01	   5.6374746245179866e-02	   2.2974370602316782e-01	   7.1884958424012048e-03	
   2.2619255633810481e-01	   3.5769364518195296e-01	   1.9521877687447511e-01	   5.6461046333836584e-01	   2.5276282528611638e-01	   6.1179967394133683e-01	   5.5728967427583265e-01	   0.0000000000000000e+00	   5.1130045812629010e-01	   6.3110596708707822e-01	   3.6618272127331231e-01	   5.5363069335961967e-01	   4.5980444990728275e-01	   4.5570166441033638e-01	   2.3007215544758325e-01	   3.1342781407816650e-01	   1.6551038073322016e-01	   2.2037202538006442e-01	   2.4604453371773358e-01	   3.8315483439389425e-01	   4.2159980240617415e-02	  -2.5440037788749363e-02	   1.6809873668644107e-01	   1.7814069144254438e-01	   3.1573911184711319e-02	   1.1116343843655604e-01	   1.0248091846784627e-01	   3.8815992365188630e-02	   2.4469968514741386e-01	   5.0230002385258743e-01	   1.6896255273396807e-01	   3.4211129061467732e-01	   2.7904857551893197e-01	   6.6371918522471574e-01	   1.3970654225126242e-01	   1.2166552050202151e-01	   5.1033567822101548e-02	   1.5820123635143679e-01	   1.4920572830453571e-01	   2.3624917458202954e-01	   2.4301461520835443e-01	   2.0324807718013674e-01	   2.0488654974984000e-01	   1.6704422955287759e-01	   2.4707375598052206e-01	   2.8528036877450880e-01	   3.0044569437813828e-01	   3.0974140712496107e-01	   3.2741497697607896e-01	   3.1995022728125999e-01	   2.7863556201399564e-01	   2.6046502531132654e-01	   4.3872523889009940e-01	   5.6912848826445717e-01	   2.2517293481048212e-01	   4.4654194446730161e-01	   1.2782110031520988e-01	   3.4203979117013428e-01	   6.6382401355374515e-02	   4.1388394123721961e-01	   1.9005580356865023e-01	   4.1140613659105374e-01	   4.2612097123151216e-01	   2.6054017793379985e-01	   1.7154833700232555e-01	   2.9590975831274063e-01	   1.3426910289577829e-01	   2.7562112111040132e-01	   3.8995125050140222e-01	   1.6119979735716905e-01	   3.6202090677593675e-02	   2.2092860546443233e-01	   3.2556311238292091e-01	   3.6310502670727834e-01	   1.8315586199600936e-01	   5.1946710436943455e-01	   9.9377139024837413e-02	   2.7165596231235795e-01	   1.3194651175974106e-01	   1.1570812510525434e-01	   4.5791348058073528e-01	   4.1209118962924990e-01	   3.3325754383415351e-01	   4.2274338418340018e-01	   3.5606291743510260e-01	   3.6816990850255149e-01	   2.2921752455339423e-01	   3.8954074814345083e-02	   4.4829578400216319e-01	   5.5586108100865017e-01	   4.3711697408496686e-01	   2.9310814850737710e-01	   4.0518788189609312e-01	   3.0358256346079460e-01	  -1.1762300588958421e-01	  -2.0512123741021626e-01	   1.5452329847765864e-01	   7.9852666748245777e-03	   2.8469735639878158e-01	   3.4814642539170959e-01	   2.0265268391433111e-01	   2.8437730705589265e-01	   1.0612393694419309e-01	   1.4938542617089695e-01	   9.7323676901033065e-03	  -1.2116852366383762e-01	  -8.8359632420607053e-03	   1.8309509738680971e-01	  -1.1115176746383284e-02	  -2.0544513530208236e-01	   4.7889748943521208e-02	   2.3216584759888048e-01	   1.9989806232424556e-01	   1.8293485391811873e-01	   1.5006905939270396e-01	   3.4334218523524848e-02	
  -1.3278354844295513e-02	   3.2773348145292774e-01	   2.9277944189800659e-01	   3.7394448119129253e-01	   1.0350613961173345e+00	   6.3373477526820055e-01	   3.9240818473305211e-01	   5.1130045812629010e-01	   0.0000000000000000e+00	   7.8517467976091071e-01	   2.7170639750349568e-01	   2.5934829051955421e-01	   6.3117062144090275e-01	  -3.8445917997896456e-03	   9.5706826452336891e-01	   3.8686320789604656e-01	   2.0113738801779743e-01	   5.2364422127107813e-01	   2.6061719844065945e-01	   1.8526983847567249e-01	   2.2614546121666823e-01	   6.0803311663111495e-02	   3.6222647975785249e-01	   5.7442112538222408e-02	   3.0756296190063043e-01	   8.1200652450152011e-02	   3.0498366652695130e-01	   2.9480382135563038e-01	   4.7852432558761854e-01	   6.4033882602082814e-01	   2.5113865148500281e-01	   2.0182694598550005e-01	   1.1093721928754260e-01	   4.7884729499321216e-01	  -7.4185565472625184e-02	  -2.6077573888057737e-01	  -1.7587614583680805e-01	  -1.2809248278686591e-01	  -6.2500656591851764e-02	  -1.9710654182883128e-01	   5.4552732173038326e-02	  -1.7754252763130859e-01	   2.0837650377994907e-01	   1.5523165757763585e-01	   2.1128985450045779e-01	   2.9498215382119802e-01	   1.2138946411581900e-01	   1.3450879689694129e-01	   1.2124595226194940e-01	   3.4156478756611364e-01	   1.5266377396145028e-01	   4.1021027053790304e-01	   1.4249290864362704e-01	   3.0232440876668354e-01	  -6.0220688931764937e-02	   1.1053178593680150e-02	  -1.2826876233540568e-01	   3.5417130146643433e-01	  -1.2496326417043910e-01	   3.1809865060556286e-01	  -6.9350762470255164e-02	   3.9292732576438549e-01	   1.6350228288323507e-01	   2.9456501218413467e-01	   2.6932974371760232e-02	   2.9925050983546980e-01	   4.4139545106996254e-02	   1.6024743176508421e-01	   1.1654997739857183e-01	   2.7584135765347034e-01	   2.2244823612031306e-01	   1.4430310884101655e-01	   2.7817013463175827e-01	   3.9170714876059842e-01	   8.7019962077150403e-02	   2.4814008346326744e-01	   2.3278749657005575e-03	   3.8622493413964171e-01	   3.3534797533385063e-01	   4.3363943418514334e-01	   3.9167512500249257e-01	   4.7579776105091787e-01	   2.6470590094492225e-01	   3.4495429157267776e-01	   2.7643027608614151e-01	   3.0467327791195020e-01	   2.2240783385806767e-01	  -7.0220501258102419e-02	   2.7984014357767240e-01	   3.6831507016927845e-01	   7.4734792808362732e-02	   7.8244729323520668e-02	  -8.2279233264966556e-02	   1.6404953731450053e-01	  -3.8665370473564981e-01	  -2.4077297490074162e-01	  -1.8627139100612677e-01	  -2.1461497257337975e-01	  -2.3215284914181823e-02	  -3.8815836496476672e-02	  -2.6648917650592385e-01	   1.6811972120173052e-01	  -2.2774067379981663e-01	  -1.6077475494985262e-02	  -2.5863387490497325e-01	  -3.5344742858910810e-01	  -2.9009124202357624e-02	   1.0024206378676603e-02	  -8.7931120227338858e-02	  -2.8601104992274362e-01	  -6.9265736324963093e-02	   9.4461384060809769e-02	   9.9226098238935592e-02	  -2.8086311939217914e-02	  -1.0562480895715198e-01	  -2.0116139009007561e-01	
   4.6276207135984425e-02	   4.0346199326471821e-01	   2.0537531333616146e-01	   4.3936625416610081e-01	   4.7439204085995790e-01	   8.8200224922281234e-01	   2.4117305769287742e-01	   6.3110596708707822e-01	   7.8517467976091071e-01	   0.0000000000000000e+00	   3.6247413957185981e-01	   5.7699349979915715e-01	   4.7297754132971154e-01	   2.3762764270356562e-01	   3.4481427869467052e-01	   7.8619482762866943e-01	   4.1753560126208805e-01	   2.4747819223128620e-01	   1.6395497773953424e-01	   1.6056901623165096e-01	   1.8667033827545801e-01	   1.0333042621944583e-01	   2.2192194541185456e-01	   2.2691504389626604e-01	   1.5085874053937037e-01	   3.1283009189811128e-01	   1.3324965373263956e-01	   1.1619212852644382e-01	   5.7830474644340824e-01	   4.5742965161662358e-01	   7.8892458915264640e-02	   1.5997457907459597e-01	   8.0905389968474489e-02	   4.2662859289673583e-01	   2.7107823695243578e-02	  -4.8628954936123507e-02	   4.8455333596450094e-02	   6.1259506270530131e-02	   4.1263917906245298e-02	   2.7404803097837261e-02	   9.1834395626552476e-02	   1.5604081383323620e-01	   3.5096516969816005e-01	   2.5533290031126388e-01	   2.9649064816548903e-01	   3.7533310810842685e-01	   3.3894523511235380e-01	   2.0194044481117790e-01	   3.0105086795347175e-01	   3.4803101188924962e-01	   3.1808449808057226e-01	   3.6223732899753058e-01	   3.2797577776054798e-01	   4.4535933752230905e-01	   2.0827890835586946e-01	   2.3164677865421707e-01	  -5.9046370496246003e-02	   3.9742229718502520e-01	  -8.0524562289357532e-02	   3.7702922074167589e-01	   9.8142205643535832e-03	   4.3402330350525276e-01	   4.1099197438501217e-01	   3.8465427589758261e-01	   9.8962381595733132e-02	   4.0959134366429811e-01	   1.4281972498556911e-01	   2.8156747275526101e-01	   2.7952019130016453e-01	   6.8021499368322913e-02	   2.5592473612789346e-01	  -2.2273852379967506e-02	   4.4357270890884137e-01	   4.2449627570947862e-02	   3.1438761992809300e-01	   8.5586797616314103e-02	   4.8331868658221339e-02	   2.9225031934392859e-01	   3.8790980098615968e-01	   2.0352786184441440e-01	   7.1024391517288110e-01	   2.5366352260661634e-01	   1.7816016757724690e-01	   1.0740735948771785e-01	   3.4666670922553178e-01	   3.2052934582872239e-01	   3.3770447937334724e-01	  -9.9207659884619423e-02	   3.7079421988692501e-01	   4.8288769443291790e-01	   2.1663683268759182e-01	   1.8816099498716610e-01	   2.3877359951510871e-01	   2.6323331459910315e-01	  -2.7104597054335100e-01	  -1.4242719137171383e-01	   4.1180463817441705e-02	  -3.4129615412625609e-02	   8.5954891130686856e-02	   2.6131880939250929e-01	   4.3141729278870812e-02	   2.1571954918923630e-01	  -5.1004704276757275e-02	   1.8554785291640424e-01	  -1.1255256999948016e-01	  -6.1304043790783282e-02	   2.2038870951228274e-03	  -9.4283407428832955e-02	  -1.9632756493494125e-01	  -2.8749680792940674e-01	   1.2903958898890658e-01	   3.6536019292334709e-01	   4.1650734080210505e-01	   3.7236919815016217e-01	   2.8060199151993781e-01	   2.2019379891282262e-01	
   4.4723674323224116e-01	   1.9881328500304375e-02	   3.4799235025818853e-01	   4.6020627374785954e-02	  -4.1568600607143534e-02	   3.6241814517874388e-01	   6.0287555864645614e-01	   3.6618272127331231e-01	   2.7170639750349568e-01	   3.6247413957185981e-01	   0.0000000000000000e+00	   3.7876286146175975e-01	   1.1508239603580213e+00	   5.1735247765810644e-01	   3.1056595872926790e-01	   4.6872238524568660e-01	   6.7210588439667363e-01	  -2.0517483959438856e-01	   3.1400443871307765e-01	   6.0648400397951552e-02	   2.5933485787603855e-01	   1.8219746638151679e-01	   2.7494469356243545e-01	   1.8739950689858625e-01	  -1.6777204530175580e-01	   7.9475565193510816e-02	  -8.7865441057930177e-02	  -1.2685009224611735e-01	   7.8647890834702172e-01	   2.9807399111278793e-01	   4.5171614651496472e-01	   6.4006896502513244e-01	   3.6395173244155343e-01	   3.8059824887666138e-01	  -2.3184958159929287e-02	  -1.5984299325167518e-02	   2.7343891329357789e-01	   2.6589389788282308e-01	   2.7352923758012138e-01	   3.1532637078439352e-01	   3.6517870590769486e-01	   3.6648441474561178e-01	  -1.2507327469201926e-01	  -1.0684040159319108e-01	  -1.7610089046006214e-01	  -1.3577201211626355e-01	   8.4857322674216779e-02	  -3.2727998497726729e-02	  -6.8274048778180940e-02	  -2.5495503526641722e-01	  -1.1258028713898130e-01	  -2.4559566967829660e-01	  -4.3290539038496188e-02	   3.5090193418576734e-02	   2.0182528910042943e-01	   1.8545646997047854e-01	   1.9754287117838495e-01	   5.6883645403239241e-03	   9.4280644053480189e-02	   1.8622363842341682e-02	   3.2041625372414168e-01	  -5.6384820545056467e-03	   3.2066545437711469e-01	  -1.0941548060471795e-02	  -1.2660760503442163e-02	  -2.7079738376096685e-01	  -9.0269614037286047e-02	  -2.1959172418994685e-01	   2.3224667012873268e-01	  -1.3634994080856697e-01	   3.7297929007647790e-01	   3.2598778395693534e-01	   5.8581789827881647e-01	   7.3496529855117565e-02	   4.4556912707826074e-01	   1.3420887588110819e-01	   4.4021977366802056e-01	   7.8715961679545171e-02	   2.0356539681383551e-01	  -3.0299564403974494e-01	   3.7950150035236291e-01	  -1.5566425482977392e-01	   2.0836797835068288e-01	   2.4400886092730556e-01	   4.2131252989227978e-02	  -1.7650360669015636e-01	   3.5256811436564389e-01	  -3.3743121338905911e-02	   1.0877377487312026e-01	   1.6782429266497639e-01	  -1.2295285643381500e-01	  -1.7205879912055216e-01	  -9.4397716698765413e-02	  -2.2167531994731360e-01	   7.0023753849203771e-02	   2.3826914192351031e-01	  -1.0043089478291035e-01	  -1.0602098159318277e-01	  -1.1009109670896594e-01	  -7.6418110930727493e-02	   1.1024239215286495e-01	  -1.0849080295740456e-01	   1.7853709112557886e-01	  -1.6341053395205990e-01	  -2.3591120320907578e-02	  -1.6520221001620281e-01	  -3.3646818144673163e-01	  -1.3560563329399833e-01	   3.3467235289670783e-01	   1.1291338549021129e-01	  -2.4470385071616860e-01	  -1.2873282470384131e-01	  -2.1443750543098550e-01	  -8.3714840536266683e-02	   1.5144712714135072e-01	  -2.7373835597725573e-02	
   5.8916749438194227e-01	  -4.3734168701808115e-02	   1.7843696358710201e-01	   5.6227678076418937e-02	   5.3936967732469442e-02	   3.1143767577355291e-01	   3.4372980209635784e-01	   5.5363069335961967e-01	   2.5934829051955421e-01	   5.7699349979915715e-01	   3.7876286146175975e-01	   0.0000000000000000e+00	   4.2670340755009528e-01	   8.3936799373074256e-01	   1.9236256008892162e-02	   5.5390560364906238e-01	   3.5618153853534340e-01	   5.6647631771514592e-02	   3.1419081467778320e-01	   5.3377064757961834e-02	   2.7841159525980787e-02	  -3.2252729261838073e-02	  -1.6918666693691596e-02	  -3.5435765941867897e-03	  -1.5045203081655131e-01	   1.0519858598405113e-01	  -2.8546905285976576e-01	  -1.8851178831566176e-01	   4.4874396715783460e-01	   6.7995367908111892e-01	   1.3074232153825008e-01	   1.6680206109089205e-01	   7.9700283928465088e-01	   8.1450704925339634e-01	   1.1066468451217631e-01	   2.3718024701813906e-01	   4.0482122247835467e-01	   2.2039046985767835e-01	   3.4067942757157937e-01	   2.6853275276361671e-01	   1.6509726713813014e-01	   2.8885797290453946e-01	   3.2285704737251536e-01	   3.2520939970570101e-01	   2.9383938437361101e-01	   2.6523430057387476e-01	   5.7353114859244114e-01	   3.9063399269407179e-01	   5.5914920367659349e-01	   2.1714547633762790e-01	   3.7226509646251127e-01	   9.5054614892530254e-02	   1.7800093775132925e-01	   2.8739581651246232e-01	   5.9170648919525060e-01	   4.6867658711995969e-01	   4.2869066985646559e-01	  -1.3776354214904585e-01	   5.5561004857875751e-01	  -1.9180541381945984e-02	   6.3652683919099107e-01	  -6.7587728257847327e-02	   5.0738469110389151e-01	  -2.0851161976856426e-02	   1.3102152560994423e-01	   4.3267136680156679e-02	   5.2080958759603990e-01	   2.1591979711202239e-01	   1.9749605360056874e-01	  -3.3431999268112750e-01	   2.4566881731891427e-01	   1.3762146374074760e-01	   4.7822609502708907e-01	   1.6967870229599263e-01	   2.3112466570242302e-01	   3.1592454298046618e-01	   4.8499850267821187e-01	   5.2066828329485992e-01	   1.7004602604660907e-01	  -1.6488624610326877e-01	   3.5675142823138700e-01	  -8.8559255098649758e-02	  -4.5775922869147098e-02	   2.5403817103247567e-01	   1.1772026119287768e-01	  -5.0040147896216408e-03	   1.7109304158111335e-02	   1.8100394735092510e-02	   3.7692834539143494e-01	   1.9304555525588085e-01	   2.7623411791568786e-01	  -8.0318292224539969e-02	   2.8390858855247891e-01	  -1.8602604474825032e-02	  -4.1357396383076291e-02	   7.2835135523352024e-02	   4.0772623692401644e-01	   3.6110213346276904e-01	   3.1492916180298763e-01	   4.6510487962580505e-01	   5.0632626840143946e-01	   1.0962020579201406e-01	   4.2449380340710274e-01	   1.0962792353176555e-01	   2.1131628278165912e-01	   6.0633688784941658e-02	  -1.1341399583438105e-01	  -1.0093301480460211e-01	   2.7564950761899171e-01	   1.8484598223427107e-01	   3.3217125133228170e-01	   3.1659501107743482e-01	   4.1867031996661191e-01	   3.1974255045563738e-01	   4.0531812856449279e-01	   2.4523480770598804e-01	
   4.4087068399611595e-01	  -8.2428028250475294e-02	   3.4522545195930238e-01	   2.1184160862990516e-02	   2.6649194991072250e-01	   3.9806695156066330e-01	   7.7012914828256385e-01	   4.5980444990728275e-01	   6.3117062144090275e-01	   4.7297754132971154e-01	   1.1508239603580213e+00	   4.2670340755009528e-01	   0.0000000000000000e+00	   5.1172496417134727e-01	   6.5958765895938798e-01	   4.1851574445444706e-01	   5.6657801698124632e-01	  -9.1884830442334378e-02	   2.9943053286461352e-01	  -4.7893791974487121e-02	   2.8513063557771046e-01	   1.9336893212121586e-01	   3.9047856473587716e-01	   2.2539227744335960e-01	  -8.6639854650579204e-02	   7.3089896572449381e-02	  -2.6815130831764900e-02	  -5.8903290495629632e-02	   8.0150431877468176e-01	   4.8787118540832874e-01	   4.7471273094767463e-01	   5.6052651791281594e-01	   4.9498128613089709e-01	   4.6223115249027025e-01	  -1.0468603812343892e-01	  -7.6046998101687191e-02	   2.9042121227396173e-01	   2.4035882836873690e-01	   3.8636288079644959e-01	   2.7463085650543223e-01	   3.0140147363688263e-01	   3.1240278479942796e-01	  -2.2623323117909866e-01	  -2.0008648401625534e-01	  -2.2164103218774162e-01	  -1.7092769913129846e-01	  -7.2396173734204650e-02	  -1.3344201306530887e-01	  -8.9480195628709083e-02	  -2.2093281430367984e-01	  -6.4985700697661478e-02	  -2.0169523217367574e-01	  -9.4397677461449669e-02	   1.4801198888591650e-02	   1.6388232401531111e-01	   9.0153286363343965e-02	   2.5657000573468436e-01	  -7.7183336568356326e-02	   1.8601773108480382e-01	  -8.5603083330065430e-02	   3.7430966166139090e-01	  -4.1343036077606816e-02	   2.2325866057852609e-01	  -1.0026545222032199e-01	   6.8832663247178159e-03	  -2.4272258156450882e-01	  -4.5433890196038232e-02	  -2.5828902651029190e-01	   9.2084698617862670e-02	  -1.8162939454416516e-01	   3.4864205049691149e-01	   3.7144717095630070e-01	   7.1339453805358088e-01	   3.9673453185330432e-01	   4.6125166180465066e-01	   4.2529455082134882e-01	   3.9036225535866176e-01	   2.3204165979626268e-01	   3.5439316198373155e-01	  -1.9927798852643405e-01	   3.7414771174562689e-01	  -8.1058580494935223e-02	   2.1140325235124366e-01	   3.6739308517036268e-01	   1.0241492860625623e-01	  -1.7046443611654238e-01	   3.2917866261988682e-01	   3.4431354845197430e-02	   2.1887746208898273e-01	   1.7734729159505819e-01	  -8.0987698627190866e-02	  -2.6224860768807184e-01	  -1.3129274207787320e-01	  -2.7463583478384607e-01	  -2.6212583748221996e-02	   8.1400316909307893e-02	  -1.5095898797507190e-01	  -1.4552851138159623e-01	  -9.3939073147306651e-02	  -1.5137149131384545e-01	   1.0961132339289240e-01	  -1.4555984699277455e-01	   2.4805475888806064e-01	  -2.7796538291529799e-01	  -2.5051196956430237e-03	  -2.2341447067374942e-01	  -2.6934850575867286e-01	  -1.4042518857595759e-01	   2.9477136336251886e-01	  -3.4014172194624395e-02	  -3.5215168905990923e-01	  -1.9437219192150854e-01	  -2.2443460517001979e-01	  -6.0481303129344910e-02	   1.1310369423619498e-01	   8.7847277496044540e-03	
