   0.0000000000000000e+00	   1.2853306674807781e+00	   3.5565657761713915e-01	   3.3579692257551047e-01	   3.0813767974802048e-01	   1.4481215554337548e-01	   4.9961925829348375e-01	   7.3574148133676942e-01	   1.9863907559967856e-01	   2.0076120912711234e-01	   7.0779882508333158e-01	   6.6976740868114704e-01	   7.2068679105741906e-01	   6.7764759728703283e-01	   6.5586073314796167e-01	   4.7232470011773431e-01	   7.9657410753388869e-01	   6.2853786380308474e-01	   9.8012647479074522e-01	   7.5389824034257680e-01	   8.5945909387418168e-02	   5.4106242048036261e-02	   1.4375402602352058e-01	   7.8161498805323998e-02	   9.7296826120271990e-02	  -2.3528517405271895e-03	   5.0080798090681999e-02	   1.2770796330417356e-01	   7.6371287430664059e-01	   5.7732440336473756e-01	   3.0624720777600217e-01	   2.8333864958327987e-01	   5.2810777876691728e-01	   5.7070924614054608e-01	   4.0588831023184765e-02	   1.8610733264526585e-01	   3.3560628087086475e-01	   1.9649176564847842e-01	   4.3172050477123775e-01	   2.1872383127732772e-01	   4.3259776848685361e-01	   3.3003325556214508e-01	   3.3272980038870031e-01	   3.9637584763543082e-01	   1.3103725367626656e-01	   1.9969524421194998e-01	   3.6913313085131294e-01	   4.6280254839963614e-01	   2.2271933320578277e-01	   3.8752757160981788e-01	   3.6858197259323777e-01	   4.7169786334750879e-01	   5.4378811712727371e-01	   5.6856636054117482e-01	   5.0737751711832602e-01	   6.2065510033376592e-01	   9.6437884594985857e-01	   8.2093883436326920e-01	   5.6000497546892891e-01	   5.5692310894714625e-01	   8.5540444947646810e-01	   7.0320563462640173e-01	   6.4998236482529326e-01	   5.4388612765300315e-01	   1.0761495599419080e-01	   8.6935800069886771e-02	   1.5742706706483200e-01	   1.7170347787579771e-01	   7.8267645606840422e-02	  -1.1185987261662515e-01	   2.5700638754778726e-01	   1.8244855858146894e-01	   4.2283965068959867e-01	   5.4181249606998283e-01	   6.0144527148226690e-01	   3.9637717911991432e-01	   6.7316131000586299e-01	   5.3296347022683899e-01	   5.8918734795920980e-01	   3.1440139345634288e-01	   6.4906103070126064e-01	   7.1917354605648609e-01	   5.7360921024595624e-01	   5.7707001263460800e-01	   4.3694694405083379e-01	   4.9799974408444087e-01	   3.8400637648118341e-01	   1.1267349879360679e-01	   6.8669356206531418e-01	   5.8067530957675118e-01	   5.1253001845861401e-01	   4.7303838807033194e-01	   2.2840374042983766e-01	   4.0319819368503756e-01	  -1.1809053618665462e-01	   3.4631786459105959e-02	   1.9950900202260050e-01	   2.7916720038806087e-01	   5.4248488281039298e-01	   8.4482673174090861e-01	   5.9641091161858195e-01	   6.7090991568666114e-01	   8.1861178312927585e-01	   7.5858867484914105e-01	  -3.3783736049881753e-02	   1.5108521095895139e-01	   3.2060934384057821e-01	   3.4831552230623120e-01	   1.6796130303199078e-01	   2.6373445087657355e-01	   2.3244700995193404e-01	   8.4046403052138352e-01	   6.3633024027826213e-01	   5.6987199108719233e-01	   4.2503156454272584e-01	  -4.1871848950561175e-01	
   1.2853306674807781e+00	   0.0000000000000000e+00	   2.9388066177498251e-01	   3.6047289846177227e-01	   2.4407018599197050e-01	   1.2192522028914675e-01	   3.5469452153075631e-01	   5.7186343905349912e-01	   1.4247730629409872e-01	   2.0950938963553825e-01	   4.0655974965410363e-01	   5.0399999099072423e-01	   4.0153966010463216e-01	   4.4597755929384159e-01	   4.9104197428620799e-01	   3.8594940648616005e-01	   6.7011644041402019e-01	   5.1981927535241623e-01	   7.1688516791690882e-01	   7.5693456231933742e-01	   9.8758932166101654e-02	   9.0408700380222182e-02	   6.5511201936845152e-03	   5.2291270706681790e-02	   1.1620377837007677e-01	   9.8737101915417052e-03	   1.4059782531503137e-01	   1.8272700519368973e-01	   5.9092012548819284e-01	   4.5862517788967117e-01	   2.0416129954865059e-01	   2.1168929771733497e-01	   4.2359864915549023e-01	   4.3011602871195820e-01	   2.4737222120232934e-02	   5.9728877631127761e-02	   2.9839867535691689e-01	   6.7774613103796427e-02	   3.1697884585307273e-01	   9.1118295630775101e-02	   3.0399480089973002e-01	   2.2693880039065448e-01	   1.9503047746136759e-01	   2.7058448751899500e-01	  -2.5894804666876284e-02	   1.9902517931057927e-02	   2.7797314130296191e-01	   3.3899462133415564e-01	   8.0756518364312052e-02	   2.2374542969399977e-01	   2.4484612692055857e-01	   2.9723144483433944e-01	   4.7963554707503375e-01	   5.7197525148103934e-01	   3.4891860304206218e-01	   5.5587275985633156e-01	   1.1344154212805706e+00	   9.5824960392766756e-01	   2.7197881250681488e-01	   3.5069256204135413e-01	   6.1337911511956467e-01	   5.3994420181497571e-01	   4.2423333443152844e-01	   3.4521651935459646e-01	   4.0439055780541251e-02	  -7.0791172620177133e-03	  -2.6775527677221987e-02	   1.0050224853180032e-03	   1.9444168066419501e-01	  -8.4289345003892999e-02	   3.0654815117240169e-01	   1.8570642832718470e-01	   4.6749481012423511e-01	   5.5401645341909311e-01	   6.4774989049742848e-01	   4.5602101682881840e-01	   5.8246604947730429e-01	   4.2387902117007276e-01	   4.5909385485421550e-01	   3.1084862852891992e-01	   5.6737218003001033e-01	   6.8998852930944132e-01	   4.9674826948130058e-01	   5.1290374345307344e-01	   3.6799934140077789e-01	   4.2216731568577404e-01	   4.4833138352631841e-01	   1.7405859900332243e-01	   5.8742307265544103e-01	   6.2656094369458304e-01	   6.7118980166899345e-01	   4.7646837515799778e-01	   3.9722816191376459e-01	   4.7993935932057225e-01	  -8.6744422932975190e-04	   8.5060937661325109e-02	   1.6841960834880834e-01	   3.2565652067526152e-01	   5.1859582601572385e-01	   7.0724822309056290e-01	   6.8153581264015195e-01	   5.6775684207455845e-01	   7.7056892738923333e-01	   7.4097023340195878e-01	   3.6899209669242691e-02	   1.1055671270643806e-01	   2.1455358396716945e-01	   1.9161504372593313e-01	   2.0722942904129377e-01	   2.0614669508824418e-01	   1.8155836132252179e-01	   8.6569933986006364e-01	   5.7853980010832828e-01	   5.4776168954676852e-01	   5.8120684138992940e-01	  -3.7206540222234086e-01	
   3.5565657761713915e-01	   2.9388066177498251e-01	   0.0000000000000000e+00	   1.0156581847109731e+00	   8.1684383121815840e-01	   4.3074387609932729e-01	   1.3422594738423510e+00	   7.2596114925673561e-01	   6.3742377374178727e-01	   3.0280513405386422e-01	   5.4821147993820873e-01	   2.8286643667685407e-01	   5.2893363705467600e-01	   4.6381733072815878e-01	   7.5353311615432506e-01	   7.2693240857745078e-01	   1.2740374777718921e-01	   4.3237355638154375e-02	   3.3771909810285994e-01	   2.7715263016133934e-01	   7.6599343398073261e-01	   5.3969893111359091e-01	   1.0182023852185704e+00	   7.9944742770496524e-01	   1.1622805616667089e+00	   9.2198120821807550e-01	   7.2990711831581501e-01	   8.3221924195717600e-01	   2.0486455204312706e-01	   1.0592772313079177e-01	   1.0497673810822195e+00	   9.7459764024987883e-01	   6.9431921242885208e-01	   7.9324051937074069e-01	   9.2884532849651014e-01	   8.5999285908027767e-01	   2.8009150367936309e-01	   1.3484084060938112e-01	   3.9877268123371079e-01	   3.5151887151662459e-01	   2.7903470166457367e-01	   1.5386127540429514e-01	   4.5424228653680532e-01	   4.1337367592175817e-01	   4.3562368179646527e-01	   3.4034362215407876e-01	   3.6104056631044185e-01	   3.7583194359153083e-01	   2.4093897911141621e-01	   2.2857115264998876e-01	   2.3893032140501569e-01	   1.7248812731442892e-01	   1.3822647647136688e-01	   2.2550562298179849e-01	   3.0918105130195006e-01	   3.5870085256372558e-01	   7.5592387196327979e-02	   1.4839071277270063e-01	   3.5852293622674125e-01	   2.5218801491298961e-03	   3.6686524473826726e-01	   1.5111957028833703e-01	   3.8083650160358890e-02	  -3.1205620186455004e-02	   1.1907688009645170e+00	   5.7824906661113729e-01	   6.7002518277737866e-01	   6.0691491409757370e-01	   2.1670883403267580e-01	   2.8666437192488625e-01	   5.9053435628415951e-01	   4.1842904706452694e-01	   1.2215401684816432e-01	   1.3457459125221646e-01	   2.6382735750508152e-01	   8.6390735099472898e-02	   2.4793971132915527e-01	   2.2706475602223894e-01	   3.6979272976827932e-01	   3.0908420327167913e-01	   3.0303027618691958e-01	   4.7732085514065548e-01	   4.9592461007644129e-01	   3.6387621545708565e-01	   9.8547296829405950e-01	   8.6655765327006373e-01	   6.9516076769100343e-01	   4.7476604543053424e-01	   8.2697649668417383e-01	   6.2657320383315884e-01	   5.3199354073481930e-01	   6.0384659621876924e-01	   5.9235925968509473e-01	   7.3524490570705348e-01	   1.1219752124785992e-01	   1.5474013296653039e-01	   3.7175020925960051e-01	   4.6943061511105655e-01	   2.0431783426512426e-01	   3.8641849570296449e-01	   3.7389239836097365e-01	   6.3988743166053585e-01	   3.6745970815764667e-01	   4.7729152104118044e-01	   4.2967852090224096e-01	   5.6148272908754482e-01	   2.7814258331989417e-01	   3.3340737630976303e-01	  -3.1838993584061615e-02	  -8.9461099541186834e-02	   3.8340454132013602e-01	   3.2938261263476720e-01	   2.4540279979721946e-01	   5.0593303313566729e-01	   5.1190322001978850e-01	  -7.7513490394706799e-02	
   3.3579692257551047e-01	   3.6047289846177227e-01	   1.0156581847109731e+00	   0.0000000000000000e+00	   7.6990191041854483e-01	   5.1697288317122647e-01	   1.0660084240338266e+00	   1.1129635297725515e+00	   4.5753260026558418e-01	   4.1485154975432370e-01	   4.5595768978386730e-01	   4.8944505217482392e-01	   4.7055324588371794e-01	   5.4248382243848581e-01	   8.5770220697162203e-01	   8.6923848626449496e-01	   2.7869494299040332e-01	   1.9055645001164417e-01	   2.9559640236808626e-01	   3.8847753912737965e-01	   1.0376272616772240e+00	   7.7458181652685509e-01	   6.5181025091123024e-01	   9.6361295605773933e-01	   9.9007497652276300e-01	   8.6086665128983109e-01	   8.7523739803366818e-01	   1.0058915841978531e+00	   3.3643939841545639e-01	   2.6596685956216459e-01	   8.8811613778726195e-01	   1.0503329305964708e+00	   6.5094836732058992e-01	   8.1270249247200133e-01	   6.5066617432037199e-01	   7.1320965509979306e-01	   4.5339093932440389e-01	   1.8458435069935114e-01	   5.6095613815107770e-01	   4.3630518724891643e-01	   3.9232435101753554e-01	   3.3644569314116052e-01	   2.2974915004948615e-01	   1.6301443817998423e-01	   1.8998293530781180e-01	   1.0807283634806311e-01	   1.6019190159727603e-01	   1.3342598709417572e-01	  -6.0813272236352071e-02	  -6.0389485242842961e-02	  -6.1241719528463681e-03	  -1.4200337931455859e-02	  -2.4259621902575365e-03	   2.0030807290511815e-01	   2.0566127707326923e-01	   2.5388437464309310e-01	   2.1784740413406492e-01	   2.4299920466794889e-01	   5.7675548859528754e-02	  -1.5420907950646340e-01	   2.7300329248024402e-01	   3.2465188439024933e-01	   7.6882405586987876e-02	   1.0073762268019504e-01	   9.1345131938675994e-01	   7.4000119702607026e-01	   4.2103423843730303e-01	   4.8950291860045581e-01	   2.5801615885801066e-01	   1.4085337797733183e-01	   7.6320406983366507e-01	   6.0584451667817851e-01	   2.9987863866689662e-01	   3.7433702572787630e-01	   3.0481450034830970e-01	   1.4204757972725690e-01	   3.3698761837363939e-01	   3.9119659709845950e-01	   5.0928794455157245e-01	   5.0729014044369558e-01	   4.3614288239735560e-01	   5.8992518195820431e-01	   5.8344225389344295e-01	   5.8031073225570740e-01	   1.0036762541327215e+00	   1.0987688671925830e+00	   9.2662375298878519e-01	   9.6720621553005359e-01	   8.5702730419509576e-01	   6.7612190548144457e-01	   5.4636191633722719e-01	   4.7373427277844093e-01	   8.6928423254438791e-01	   6.6696202819262174e-01	   2.1590795675270294e-01	   2.4845500144345006e-01	   2.4249943410447083e-01	   3.2354439746344210e-01	   7.2131174332511566e-02	   2.4313137223191006e-01	   6.3434546262286684e-01	   6.1402061845727285e-01	   5.4499155528011811e-01	   5.7513609037210167e-01	   3.7906569631323095e-01	   5.2423583740358137e-01	   3.0212536196225109e-01	   3.3683678176539561e-01	   6.4405677876289022e-02	   7.1246986009970009e-02	   3.5169443935302802e-01	   2.8991461937592472e-01	   1.9068713497506562e-01	   5.0565689893873123e-01	   5.7996877316731466e-01	  -1.1398420505000101e-01	
   3.0813767974802048e-01	   2.4407018599197050e-01	   8.1684383121815840e-01	   7.6990191041854483e-01	   0.0000000000000000e+00	   3.8620365514100385e-01	   9.0272124241463048e-01	   7.8612669406192881e-01	   3.4677457619529301e-01	   2.7125124854875987e-01	   8.2890783346026875e-01	   5.5772796257240764e-01	   6.0927954334542489e-01	   6.4471187929872942e-01	   9.5239057382451420e-01	   8.6526013429868787e-01	   1.1641192065179840e-01	  -2.9908834875842488e-02	   2.6603574747516290e-01	   1.3515171583387331e-01	   7.4028415874624487e-01	   6.1436920294587671e-01	   8.2407053760214655e-01	   7.9651566781793126e-01	   7.0807100934683043e-01	   4.0714918569708447e-01	   8.8862247424151131e-01	   1.0128713943088894e+00	   2.8110680854799108e-01	   6.1721270506429719e-02	   7.9057159420126144e-01	   8.8759383299049233e-01	   3.4845932585623229e-01	   3.6912064099272801e-01	   4.1746914676799596e-01	   4.8549337652388980e-01	   2.7204158669879941e-01	   1.8069357215757681e-01	   3.1402946833399242e-01	   3.4856059455142352e-01	   2.8021282349756527e-01	   2.3229478197774539e-01	   1.7133573335648611e-01	   5.3895471100744156e-02	   1.7775949304859806e-01	   5.7299066244476171e-02	   1.0429084684968379e-01	   1.5496172800107689e-02	   2.1642793030515178e-04	   9.2974265228870697e-03	   1.9387347293374217e-02	   3.0291835246911005e-02	   6.1041973970232165e-02	   1.3359377006035847e-01	   1.4118629111748648e-01	   2.2949417473780070e-01	   6.8063644107110091e-03	  -3.5842755904269538e-02	   1.1228404464290884e-01	  -1.6910183976099682e-01	   1.5249504830198149e-01	   1.6907881190022594e-01	  -6.1013187252689616e-02	  -1.0332944925815979e-01	   6.6777459976331743e-01	   3.8374239740725052e-01	   2.1280960649020492e-01	   1.4537230070711235e-01	  -5.0578668938332842e-02	  -4.8118274129787419e-02	   3.5835368826411945e-01	   3.7297766057001935e-01	  -1.4403091917638342e-01	   4.0806284185794392e-02	  -2.7685416420665902e-02	  -2.0462899129456341e-01	   2.2873809335244835e-01	   8.5486566709888731e-02	   3.2758231180322217e-01	   1.6972053911332699e-01	   2.1214007192156570e-01	   2.5705125285488467e-01	   3.1291802005998770e-01	   2.0206075892419104e-01	   8.8509609599938277e-01	   6.2193229422954477e-01	   4.8723677633761153e-01	   4.2021879821851998e-01	   6.1885430095921579e-01	   4.5529398905075247e-01	   4.4319013488404146e-01	   6.8167266579751506e-01	   5.9865265899581066e-01	   7.4866650443262073e-01	   1.3791057287841813e-01	   2.4277011457972533e-01	   1.0108938714878185e-01	   7.6029498290267214e-02	  -1.5912977883878732e-01	   2.4114249339274627e-01	   3.3518720569582178e-01	   6.7123369691519097e-01	   2.3132607643537942e-01	   3.8945482992217639e-01	   1.4833046873248387e-01	   4.3535613772433052e-01	   1.6456773686826293e-01	   6.7235937224751768e-02	  -7.7998926938227242e-02	  -6.6524852141965768e-02	  -1.0663702889802864e-02	   8.4086370151932988e-02	   1.6743435093427531e-01	   1.7873960129177086e-01	   3.6374457003977967e-01	  -5.9413722250251655e-02	
   1.4481215554337548e-01	   1.2192522028914675e-01	   4.3074387609932729e-01	   5.1697288317122647e-01	   3.8620365514100385e-01	   0.0000000000000000e+00	   3.4177039387352254e-01	   4.7781114818391551e-01	   8.3336538438805563e-01	   9.5324914038385289e-01	   3.6165630538249638e-01	   3.8545287286455843e-01	   3.9208531011143832e-01	   3.0710337713338209e-01	   5.3184797305428222e-01	   5.1873885174457701e-01	   2.2329834006735111e-01	   9.6577040796811842e-02	  -6.8579952402812117e-02	  -1.8887278370031322e-02	   4.8303781275484203e-01	   4.3891441831695371e-01	   5.1438149161114288e-01	   5.9841414703209195e-01	   5.0536549687881471e-01	   6.4834887878071257e-01	   4.4353116074172561e-01	   6.8173635649993269e-01	   2.0304010109676640e-01	   2.0456724438039001e-01	   1.5881105587775912e-01	   1.9487043670179954e-01	   9.0004766671822195e-02	   1.9153636055806528e-01	   2.6578424761606967e-01	   3.7046747470034674e-01	   5.5882315012801864e-01	   3.1898707151367373e-01	   4.1734427507393801e-01	   3.2294547712654498e-01	   4.2808116247305700e-01	   3.5512944936161017e-01	   3.8378262705371743e-02	  -1.1627822404068591e-02	  -4.1015982290636507e-02	   7.6826328357690338e-03	   7.4586829076773345e-02	   5.9126107813870538e-02	  -1.4727747949384709e-02	   5.7572367276583380e-02	   2.6486820652106918e-01	   1.7084246868642469e-01	   2.2191099602236494e-01	   3.8205647083356981e-01	   2.3084185392707074e-01	   1.5920251302360838e-01	   1.6382274771445615e-01	   8.1526755648820129e-02	  -5.5337060888377516e-03	   2.0867440312282964e-02	   1.5373518020661942e-01	   3.5511916847687985e-01	  -2.9988636598985668e-03	   1.8495275543778174e-02	   4.9616724335659212e-01	   7.3866436208301156e-01	   2.5248790771735879e-01	   3.1769068269253536e-01	   1.5284725124407425e-01	   2.0967811912700168e-01	   1.3111598461382767e-01	   1.1007306438965128e-01	   2.3962991666734937e-01	   8.8281816903475821e-02	   5.7578121075710781e-02	   7.2480817284730035e-04	   3.1133671998263591e-02	   2.7519690662246488e-01	   4.2884938467191880e-01	   3.8332477815325072e-01	   2.8021436648429321e-01	   2.6864844505966201e-01	   2.8127723856772169e-01	   2.6185451992630482e-01	   5.3349153474134980e-01	   7.8876536827676880e-01	   2.4103852488919969e-01	   2.1163031835105803e-01	   4.8303633688155612e-01	   4.2383279267914448e-01	   4.7131854574716892e-01	   1.0670437608670036e-01	   6.1848964820474883e-01	   1.9528599127068455e-01	   1.9822916973003124e-01	   3.6507325287257064e-01	   1.6502844339799302e-01	  -8.3960169024372866e-02	   9.5318683528571965e-02	   5.4677419085070629e-02	   4.8325245408158446e-01	   2.5391012074253350e-01	   2.3537376986853795e-01	   1.9807820334857820e-01	   2.4790521282736910e-01	   3.5866786172963716e-01	   1.3598721688739079e-01	  -6.8177729860049510e-02	  -1.2508494923487234e-01	   1.6116198108735555e-01	   2.3921433527757277e-01	   9.9314021270177896e-02	   2.5456530834405244e-01	   1.7187980592448598e-01	   1.7118989690359226e-01	   5.7597712221790415e-02	
   4.9961925829348375e-01	   3.5469452153075631e-01	   1.3422594738423510e+00	   1.0660084240338266e+00	   9.0272124241463048e-01	   3.4177039387352254e-01	   0.0000000000000000e+00	   1.0229036645692300e+00	   5.0978551518492743e-01	   2.3645560770363358e-01	   8.0876808323747529e-01	   4.2909707406730357e-01	   7.2136134656929130e-01	   6.9937289825321380e-01	   9.2461614913250068e-01	   8.6048243972299121e-01	   2.9079477217564892e-01	   1.8925219049519865e-01	   5.1240947580494067e-01	   3.9652740208077092e-01	   8.4361755178993825e-01	   5.9257902349493108e-01	   7.9320940108626092e-01	   7.4138287207202436e-01	   7.9818970650307863e-01	   6.1863838827087436e-01	   6.1883091723733208e-01	   7.3598963595281031e-01	   4.0063502298378628e-01	   2.3510507803055994e-01	   1.1126834515381410e+00	   1.0004468466320009e+00	   8.9703207848614264e-01	   9.6096730157315402e-01	   7.4643368846792613e-01	   8.2363408653840220e-01	   3.7436569362246608e-01	   1.5410566320122016e-01	   4.9842300781117715e-01	   4.3515262701557728e-01	   3.5938466488841958e-01	   2.5580955742163269e-01	   4.2190130397112280e-01	   3.6307961785793497e-01	   4.0887195234553564e-01	   3.2518071694791201e-01	   3.1463535489111794e-01	   3.0918764053857484e-01	   1.6355860457948346e-01	   1.5867356384040163e-01	   1.8010237049497874e-01	   1.3678859515100469e-01	   1.2483719991111109e-01	   1.9819818133934253e-01	   3.3397658594355667e-01	   3.6417888154176803e-01	   2.0007607291951024e-01	   2.2611670771691428e-01	   3.9740695995654662e-01	  -1.3052737160947155e-02	   5.2353276403355931e-01	   3.1846740921060607e-01	   2.5714201879045795e-01	   1.9667779093207349e-01	   9.2940369722166805e-01	   5.8524316970615931e-01	   7.1717298631772786e-01	   6.0989916213620377e-01	   2.0857160977418904e-01	   2.0846668361036555e-01	   6.1409725874950660e-01	   4.8839814156641714e-01	   1.7619292087158311e-01	   3.0874616087066470e-01	   2.4719206636537477e-01	   1.4159017217589015e-01	   4.8621200510910584e-01	   3.4074413047192648e-01	   4.8227478910197263e-01	   3.6240177623377984e-01	   4.3522357252823940e-01	   5.8345076581847555e-01	   5.3353832837577242e-01	   4.4643421327364136e-01	   1.0316252886873440e+00	   8.8991903914549042e-01	   7.1842862214005188e-01	   5.5227630677354145e-01	   9.5797184037736116e-01	   6.9416813532206745e-01	   4.3898780038963725e-01	   6.0443476980155242e-01	   5.6133303567902360e-01	   7.0357607882455186e-01	   2.0009314859151747e-01	   1.6479849045987613e-01	   4.3506331995398295e-01	   5.2889366756873146e-01	   1.6163816100256440e-01	   4.2270366278317284e-01	   3.7485253247505734e-01	   8.3976415197452758e-01	   4.7036333579868306e-01	   6.7885535551900988e-01	   2.9327824735193425e-01	   5.0301521918632430e-01	   4.2857638857864350e-01	   4.4954019793705235e-01	   5.7692549852435902e-02	  -1.0171858274606576e-02	   3.7719943436302600e-01	   3.2700412618212749e-01	   2.0752724197202438e-01	   5.3589991080315325e-01	   4.5756246441373905e-01	  -1.7281548737684002e-01	
   7.3574148133676942e-01	   5.7186343905349912e-01	   7.2596114925673561e-01	   1.1129635297725515e+00	   7.8612669406192881e-01	   4.7781114818391551e-01	   1.0229036645692300e+00	   0.0000000000000000e+00	   4.5671587257406776e-01	   4.3745212291200875e-01	   8.8192487021476174e-01	   9.9578301313856676e-01	   1.0113080525036842e+00	   1.1405701131158930e+00	   1.2048271858936719e+00	   1.1513233379298069e+00	   4.4352072001940779e-01	   2.8239744801842337e-01	   4.4406531620244277e-01	   3.5559726686874932e-01	   6.6884105590348630e-01	   5.4508845688585084e-01	   5.7346602253315071e-01	   7.4189897503798419e-01	   5.8049621148554587e-01	   5.0247238851109799e-01	   5.4191758944337043e-01	   7.4144576892515324e-01	   5.8080264649054270e-01	   4.2696464396640493e-01	   7.3214055280391144e-01	   8.2452082342074429e-01	   5.5506164154475468e-01	   7.6252419416475148e-01	   2.8560987212372257e-01	   5.0285735057922853e-01	   5.2773867194305757e-01	   2.5649600724045757e-01	   6.6776230777707191e-01	   5.2741374206617064e-01	   5.6979845309676069e-01	   4.7415730626152136e-01	   3.5272048463281125e-01	   2.8345751350682657e-01	   2.5996433538906943e-01	   2.1885442390135254e-01	   3.0104994949174196e-01	   2.6713943482706987e-01	   9.3514269809668302e-02	   1.7364854215020062e-01	   1.6241000142422865e-01	   2.3795217138419797e-01	   2.1050950766970722e-01	   3.2214474970361606e-01	   4.2712919058740595e-01	   4.5688636098230817e-01	   3.3923009923957637e-01	   3.0256364493473803e-01	   3.4856070974639797e-01	   1.7681991010586939e-01	   6.4555189028948046e-01	   8.2365964028491812e-01	   2.3988199227692411e-01	   2.7690204817458131e-01	   6.0352264558701307e-01	   6.1865513100534841e-01	   3.3414605316412582e-01	   4.0604686958835634e-01	   1.1866026340484311e-02	  -6.1404421134589597e-02	   4.4658612621836635e-01	   4.2875794738873180e-01	   2.2805883100332092e-01	   4.5820802456904508e-01	   2.7056917528840319e-01	   1.1243928373608061e-01	   4.3772888307459590e-01	   4.0052602239891055e-01	   6.9753915232062935e-01	   4.2812836791422026e-01	   5.1532186728360696e-01	   5.6532107825481237e-01	   6.2144044777849805e-01	   5.8384163965881553e-01	   9.1584820865321459e-01	   9.1329424696233974e-01	   6.3915782957519518e-01	   5.8949312230990625e-01	   9.2222180686597954e-01	   7.4053005600245803e-01	   4.8100833786714825e-01	   3.9794000449357841e-01	   5.4124273622223906e-01	   5.1540457814217533e-01	   5.6268061877665379e-02	   1.5279121981665350e-01	   2.1992333029379063e-01	   2.3219012579916642e-01	   1.7407993548879769e-01	   4.0826830371149131e-01	   6.1626387961721019e-01	   7.0513229958992141e-01	   5.8924945074767177e-01	   6.9323030117206619e-01	   9.0203210718032500e-02	   3.2556287611229051e-01	   3.6983181017768307e-01	   3.5946254466493843e-01	  -2.9539074355773295e-02	   6.3247956001054775e-02	   1.8767261541285829e-01	   3.5610437421531571e-01	   3.1398101912226312e-01	   4.0877955954304734e-01	   4.3829944757047029e-01	  -3.7054536117549813e-01	
   1.9863907559967856e-01	   1.4247730629409872e-01	   6.3742377374178727e-01	   4.5753260026558418e-01	   3.4677457619529301e-01	   8.3336538438805563e-01	   5.0978551518492743e-01	   4.5671587257406776e-01	   0.0000000000000000e+00	   9.8700705073342943e-01	   4.1512197037123943e-01	   4.0373017428614644e-01	   5.4538927946273419e-01	   3.1710612350810702e-01	   6.3760444364990931e-01	   5.0325555555627877e-01	   1.8036196479720717e-01	   1.2837753507188654e-01	   1.9205512755701547e-02	  -3.7546053513479389e-03	   2.4530292245574697e-01	   1.4539537007247727e-01	   5.5417261698339537e-01	   4.4867016986282404e-01	   3.6512632339336354e-01	   4.2906332080650061e-01	   1.1046517958767471e-01	   3.2961784020673363e-01	   1.4535043162032688e-01	   1.9693484114213911e-01	   1.4498218341807817e-01	   1.3899780154500616e-01	   7.9645597361690620e-02	   1.6839908605789422e-01	   1.8461635884689737e-01	   2.5589273747118213e-01	   4.2099324248171960e-01	   3.3502107530163200e-01	   3.3210234983671177e-01	   2.6367016363465190e-01	   3.8614021890970307e-01	   2.1253223538760813e-01	  -5.5399457630739531e-03	   2.8033923929362645e-02	  -1.1014958693160408e-01	  -5.6423306158345544e-02	   4.9061547871208949e-02	   1.4685535115223142e-01	   4.1028028471050186e-02	   1.1964036592568698e-01	   2.7380087206324277e-01	   2.1529892380156473e-01	   2.4270125005397281e-01	   4.3589069502759675e-01	   1.8776855459049588e-01	   1.5266617999672907e-01	   1.2305776594960682e-01	   9.1528520045040848e-02	   1.1456941067467516e-01	   6.1531518816312341e-03	   2.7404913707726436e-01	   3.1959371657134283e-01	  -2.1807463832669169e-02	   3.5599829122272324e-02	   5.8391234962004934e-01	   4.7037752953446532e-01	   2.1723540846718523e-01	   1.7723137366196945e-01	   1.0159796249896130e-01	   2.0312840800991544e-01	   2.6016103451539674e-01	   6.9005239488710901e-02	   1.7241428201075804e-01	   2.7259282587703545e-02	   1.0759999093758300e-01	   1.9629158910419674e-02	  -6.9316703378708322e-02	   7.2783101754855598e-02	   3.7767519418699147e-01	   3.7128290882687487e-01	   2.4687432538622250e-01	   3.3434706988455498e-01	   3.6836686835281507e-01	   3.1582185803989277e-01	   5.5686064962970572e-01	   6.8851003488748497e-01	   2.6767383163166680e-01	   9.0880955108880876e-02	   5.7247963498607024e-01	   5.1801462436072221e-01	   3.4996889442019535e-01	   1.6400459163188352e-01	   4.5175167887851331e-01	   2.9446729654474768e-01	   9.8342079192877338e-02	   1.6239985027331896e-01	   1.7951117455481266e-01	   4.6037098242034176e-02	   1.1388964759299598e-01	   1.1475691697676541e-01	   4.5507924146264633e-01	   3.9187378287923874e-01	   2.3267024908723488e-01	   3.0477754271047408e-01	   2.8443157183306655e-01	   3.2880795799891577e-01	   1.4505801099203949e-01	   2.0110930291560475e-01	  -2.5624061981324953e-01	   8.6365638110434934e-02	   2.4252934291075429e-01	   1.7232278397740258e-01	   6.1472204767002422e-02	   2.0014256465463018e-01	   2.4966268173455808e-01	  -2.6603393547698303e-02	
   2.0076120912711234e-01	   2.0950938963553825e-01	   3.0280513405386422e-01	   4.1485154975432370e-01	   2.7125124854875987e-01	   9.5324914038385289e-01	   2.3645560770363358e-01	   4.3745212291200875e-01	   9.8700705073342943e-01	   0.0000000000000000e+00	   3.1771706125834359e-01	   5.7306839293989031e-01	   4.6506414092109805e-01	   3.1179857434278202e-01	   6.1138203532233792e-01	   5.1620331595788915e-01	   1.4655883298682190e-01	   1.0062088508224878e-01	  -6.3627087026129889e-02	   6.6999689797255527e-02	   1.8587954238919996e-01	   1.2504402070237203e-01	   2.7614869819075172e-01	   3.6316537302438973e-01	   1.8545758613044916e-01	   2.5696729519856187e-01	   1.8803012936485078e-01	   4.1760705361156880e-01	   1.3097239830365559e-01	   2.5098301399551831e-01	  -9.8025159717257684e-02	  -2.3833931098441383e-02	  -1.3200856476739792e-01	   3.7681085991316159e-03	   4.6218364028543140e-03	   1.0028470656830865e-01	   3.5481881549321470e-01	   2.5813464888483245e-01	   2.3467316523697496e-01	   1.0690077394678181e-01	   2.9666369027051220e-01	   1.0647018675614840e-01	  -2.4149869255305514e-01	  -2.3283295273021387e-01	  -3.6555857385118706e-01	  -3.0953787143817685e-01	  -1.5917173334444759e-01	  -1.1681236787457271e-01	  -2.3776684290951522e-01	  -1.1606929484375751e-01	  -4.4311928063441534e-03	   2.4145455376199783e-02	   1.0851800511878917e-01	   3.3759526236697673e-01	   3.1240234817291497e-02	  -5.3083235515391141e-03	   1.9690429821012390e-01	   1.0819596612897768e-01	  -8.7827244355285258e-02	  -2.4135141496035600e-02	   2.6022092316711987e-01	   5.8410076843132008e-01	  -1.2131203823422287e-01	   4.4175672480186619e-02	   3.8783702717453988e-01	   4.1796670664228475e-01	  -9.5488753701928844e-02	  -2.1398524191651960e-02	  -1.6627742440274224e-02	   1.3013556159019643e-01	   1.0012360307289712e-01	  -6.5521855810682261e-02	   9.6215539893942117e-02	   2.7974732069853236e-02	   1.1299936546217079e-02	   6.0618821927103730e-02	  -1.1927360975167670e-01	   1.2625827789824512e-01	   2.4624737902058252e-01	   2.4769410601986980e-01	   1.9911001731140809e-01	   3.0426649557637087e-01	   3.0287048440914710e-01	   3.3788324912474960e-01	   3.8251437618613265e-01	   5.9481951346817497e-01	   2.4278341270946194e-01	   1.0035489984736060e-01	   4.7369052518189286e-01	   3.4043678296947277e-01	   3.2798012511273866e-01	   1.2388427967037794e-02	   5.0428374081941529e-01	   1.9428661375148115e-01	   9.4356130926719656e-02	   1.3983569517506025e-01	  -4.6745003067467567e-02	  -2.3584549108288250e-01	  -7.3444047850296901e-02	  -1.1579817653504955e-01	   5.9061952885564284e-01	   3.8507165371156804e-01	   2.6688392995777260e-01	   2.8156548850875385e-01	   1.7419804404362461e-02	   2.1424931822630522e-01	   9.4776253344187184e-02	  -1.1260071479548434e-01	  -2.8144886956127368e-01	   1.5375728883023804e-01	   1.9109844924171848e-02	   6.2925798449106354e-02	   5.2587160751238482e-02	   1.2277414397529837e-01	   1.6961830801614397e-01	  -4.5074673598965075e-02	
   7.0779882508333158e-01	   4.0655974965410363e-01	   5.4821147993820873e-01	   4.5595768978386730e-01	   8.2890783346026875e-01	   3.6165630538249638e-01	   8.0876808323747529e-01	   8.8192487021476174e-01	   4.1512197037123943e-01	   3.1771706125834359e-01	   0.0000000000000000e+00	   9.6264965680088022e-01	   1.0922266221064816e+00	   1.2224136420239582e+00	   9.5102268427357661e-01	   8.7921093519670224e-01	   6.0937280998792565e-01	   4.0064431229675651e-01	   6.4503087758315203e-01	   3.4525385923909196e-01	   4.3615759867671750e-01	   3.6842994971469234e-01	   7.8456312272397366e-01	   6.3693960108089998e-01	   3.9314337933229149e-01	   2.6741069462336597e-01	   3.2554049109481492e-01	   4.3831824173352180e-01	   7.9759689627563146e-01	   5.6457971320102429e-01	   5.9565282930986929e-01	   5.2241000159212558e-01	   5.3817456531465280e-01	   5.8230791085911648e-01	   1.9545054175470525e-01	   4.3940528288117869e-01	   4.5543577698441101e-01	   4.2186191749578095e-01	   5.7481822030658714e-01	   5.7497446270986485e-01	   6.7319314576255129e-01	   5.0801049782919727e-01	   4.2151821371111942e-01	   3.6631463347100918e-01	   3.4712217334233397e-01	   3.6871365179635118e-01	   3.7561373557560573e-01	   3.4329887910585843e-01	   2.7872444773212290e-01	   3.6993936338166428e-01	   4.1661547149211930e-01	   4.6423636101008237e-01	   4.0294688175704890e-01	   4.4504333691142189e-01	   5.3105015211421081e-01	   5.5701943438198187e-01	   2.0114227073692167e-01	   1.6749465446095088e-01	   4.0834641274270689e-01	   2.7186261804342549e-01	   5.3469596176064760e-01	   5.2509151454994463e-01	   4.4226133574041854e-01	   4.1727408534718335e-01	   3.7714032382949980e-01	   3.5174411943406375e-01	   4.2489195776810779e-01	   3.7121717012068256e-01	  -1.8512659820588091e-02	   5.7418466996176649e-02	   2.1349996074022756e-01	   1.9403038650882007e-01	   7.1772865158786794e-02	   2.7942152381630053e-01	   7.4369894288484881e-02	  -2.5859077221091889e-02	   4.0880911335443060e-01	   2.7763878478384463e-01	   7.7760482110175388e-01	   4.0321871609806714e-01	   7.0438085140387785e-01	   5.7487476276185701e-01	   6.1255718914694535e-01	   4.3778720910871111e-01	   9.0982910901394509e-01	   6.9823679614903400e-01	   2.8178399125491771e-01	   2.0110393787846131e-01	   7.4632581561606537e-01	   6.9879242395700225e-01	   3.8246463097086175e-01	   4.3408452485048127e-01	   2.6155303771095617e-01	   4.3763813429342213e-01	   1.5420144293590263e-01	   2.6131089905709393e-01	   3.1520238838428521e-01	   9.2365162255462915e-02	   2.1309521079687183e-01	   4.5437412625821350e-01	   3.6196488658154435e-01	   5.9725491583385748e-01	   3.8289761821351581e-01	   4.9749999890403451e-01	  -6.6225644051083943e-02	   3.3717189664502617e-01	   3.8804938502342756e-01	   1.5516049323247055e-01	  -9.7216617281307177e-02	   2.0798277199832171e-01	   1.7734221894181754e-01	   3.1098544486282387e-01	   2.8214791127087302e-01	   3.0173275557439566e-01	   2.6804304710180360e-01	  -1.5703062167278822e-01	
   6.6976740868114704e-01	   5.0399999099072423e-01	   2.8286643667685407e-01	   4.8944505217482392e-01	   5.5772796257240764e-01	   3.8545287286455843e-01	   4.2909707406730357e-01	   9.9578301313856676e-01	   4.0373017428614644e-01	   5.7306839293989031e-01	   9.6264965680088022e-01	   0.0000000000000000e+00	   1.1205810641748009e+00	   1.3206230771305365e+00	   9.7525092041186234e-01	   9.6088291971281148e-01	   6.0152863852819016e-01	   4.2531446921433086e-01	   3.6705159079933414e-01	   2.9465439397872012e-01	   2.9552673251645312e-01	   2.4828770395990352e-01	   4.3558444394461265e-01	   5.5227499285447046e-01	   2.1455235358295516e-01	   1.4268078087629693e-01	   2.2743326061457281e-01	   4.1486079661413588e-01	   7.5254946685397905e-01	   7.0327777419910587e-01	   2.8897665505065084e-01	   3.6712129838026469e-01	   2.1044680475136029e-01	   3.9456217333629751e-01	  -1.2267800990708300e-01	   8.0362290637160286e-02	   4.8407850757770665e-01	   4.0239108889372338e-01	   6.0490507730636767e-01	   5.0055988827186293e-01	   7.3642394015989909e-01	   5.4147349212016616e-01	   1.2398532416997089e-01	   4.6617229849877720e-02	  -2.4446290560319966e-03	  -1.5358293454384650e-03	   1.6960423408274872e-01	   1.1601139567216431e-01	  -2.4132636826122655e-02	   9.0354746602678268e-02	   1.6793740437295318e-01	   2.9971993621305232e-01	   3.5786141171573438e-01	   4.5633628514106883e-01	   4.4490087808359846e-01	   3.8635074551386350e-01	   3.2673894309160639e-01	   2.7807286687472166e-01	   1.6269566004217811e-01	   2.7434375354245688e-01	   5.3273524188106114e-01	   8.7475290169537268e-01	   3.3354115603699597e-01	   4.6935226292444343e-01	   2.0253757206666756e-01	   3.2335037983391268e-01	  -6.0734338029021168e-03	   4.8450633068296875e-02	  -1.2241751817191560e-01	  -2.2207741062404163e-01	   2.0851717698079697e-01	   2.2353905195281132e-01	   2.3522684305126407e-01	   5.2309698335034382e-01	   1.8660667587622473e-01	   1.2721959071435057e-01	   3.1283274556500296e-01	   3.2099356068317503e-01	   7.2866989291268902e-01	   4.1495477712177797e-01	   6.0257692265033713e-01	   5.4260605777393700e-01	   6.5289539578293110e-01	   5.9466181840887700e-01	   6.6961595484721104e-01	   6.3521324026354142e-01	   3.1128990497419218e-01	   2.5248572754676807e-01	   7.1209784015410671e-01	   5.8566656668687511e-01	   2.9709330771107822e-01	   1.5262058148515312e-01	   2.6526706327927907e-01	   2.3272157599995658e-01	   1.1342454183454780e-01	   2.1952293488492497e-01	   1.1222794162183457e-01	  -9.8609356983813165e-02	   1.0499301449165686e-01	   2.7164985217123744e-01	   5.6058483835456074e-01	   4.4014707569367145e-01	   4.1813707328222288e-01	   4.5486223784747282e-01	  -2.2213191785185249e-01	   1.6247983041456557e-01	   2.0242712839467053e-01	   7.8755898544258310e-02	  -2.7618279091511450e-01	   1.9173428852000829e-01	   3.4797389582779323e-02	   2.3329816616703292e-01	   1.7403706810644889e-01	   1.4726236601899284e-01	   2.1327331154783963e-01	  -3.3878134765157447e-01	
   7.2068679105741906e-01	   4.0153966010463216e-01	   5.2893363705467600e-01	   4.7055324588371794e-01	   6.0927954334542489e-01	   3.9208531011143832e-01	   7.2136134656929130e-01	   1.0113080525036842e+00	   5.4538927946273419e-01	   4.6506414092109805e-01	   1.0922266221064816e+00	   1.1205810641748009e+00	   0.0000000000000000e+00	   1.1895911469374536e+00	   1.2562673890180538e+00	   9.6618555034494080e-01	   5.3760043138921110e-01	   4.4047273102395396e-01	   5.0059555353273510e-01	   2.9722892037858439e-01	   3.4341650705610521e-01	   2.1627789951112578e-01	   5.6056040905398852e-01	   4.3103588352914241e-01	   2.8251982201931347e-01	   2.1614115568392145e-01	   1.8807919938585921e-01	   4.0597078332821501e-01	   7.3337362467471201e-01	   5.5774632221187836e-01	   4.7844433103613593e-01	   4.5109340328253378e-01	   3.9374042538739645e-01	   5.3236166720836797e-01	   6.8003429380923519e-02	   2.4487152699951936e-01	   4.5947325666333705e-01	   2.9944902801185125e-01	   6.8162948178797056e-01	   5.3148097746128498e-01	   6.1662344585859763e-01	   4.8982789217479106e-01	   2.9547279888691624e-01	   2.3567945712197588e-01	   1.6644115227290657e-01	   1.7039532383583422e-01	   2.8037863856123124e-01	   2.4156102895566381e-01	   9.8111986688146344e-02	   1.9256000620903824e-01	   2.1149525218841822e-01	   2.8565738845926003e-01	   3.0297020760935289e-01	   2.9690618260954144e-01	   4.6601135040037694e-01	   3.8769166550679568e-01	   2.7007316161028910e-01	   2.5547134408301531e-01	   3.9497476724267006e-01	   3.0248316968807876e-01	   7.8074507833835538e-01	   8.1460826256217733e-01	   3.8403040342152195e-01	   4.4588750067492627e-01	   4.4239730584267378e-01	   4.1739160481315274e-01	   2.8439691700604280e-01	   2.4898732917843333e-01	  -5.5314545565880710e-02	  -9.0963769478224113e-02	   3.1618913131946547e-01	   3.4468727583830383e-01	   1.8436624347123731e-01	   4.7520126750453728e-01	   2.0144410977271537e-01	   9.8617245501816719e-02	   4.3961866190960425e-01	   3.7768488198491046e-01	   7.5296329673565654e-01	   4.4651511822173878e-01	   5.6438893128437206e-01	   6.0053932060886472e-01	   5.6561719845004632e-01	   6.1075390868662205e-01	   7.7715973692905826e-01	   6.5535138439379781e-01	   3.6407356213809600e-01	   2.1387106718674675e-01	   8.1860873453675365e-01	   5.2358119092519972e-01	   2.2684177812508152e-01	   2.6167584418218970e-01	   1.8209800663516551e-01	   3.4472962160171150e-01	   5.6485676611800664e-02	   2.2632047961146054e-01	   2.1310712611047397e-01	   7.6064675384658872e-02	   1.2078118684336381e-01	   3.6962452509044197e-01	   4.1473643282304196e-01	   6.3559907218125156e-01	   3.7946970123682583e-01	   5.3889282398298399e-01	  -1.2185679376628389e-01	   2.9619184138171090e-01	   3.7335624318751576e-01	   3.2202858275966223e-01	  -1.3234680313619623e-01	   1.3403815365883698e-01	   1.9901573362088557e-01	   2.2031313673570241e-01	   1.3666696771929365e-01	   1.8660838749135231e-01	   2.1143256538816754e-01	  -4.5693376250505613e-01	
