   0.0000000000000000e+00	   1.1090070108773220e+00	   4.7610314475788612e-01	   3.2421435570781504e-01	   1.2964411039427248e-01	   1.1446458851383806e-01	   3.5103265936210193e-01	   3.4682821011578657e-01	   2.5232039721118005e-01	   3.0072178633668258e-02	   6.4548890005749093e-01	   5.3691999037029725e-01	   3.8160542848038354e-01	   5.4281621911215361e-01	   3.1951223311128529e-01	   2.4675061773510368e-01	   7.7925603794427034e-01	   9.2851468173076701e-01	   4.0833332187853361e-01	   5.1927277568511210e-01	   2.3435648518094770e-01	   4.0795212823986343e-01	   1.3307241035298878e-01	   3.6634355752471988e-02	   8.1332311572277341e-02	  -1.5614884253505101e-02	   2.4542636954325681e-01	   2.2535209651660051e-01	   5.3194982933161139e-01	   5.6192999159415313e-01	   1.6397061807466978e-01	   1.3705701659016220e-01	   4.9494544437757726e-01	   4.8824127148230650e-01	   9.8236505216241138e-02	   3.7174118972259557e-02	   1.7166193225831247e-01	   1.4716451530077873e-01	   3.1323441898960680e-01	   4.0624455306397850e-01	   2.9041621511173094e-01	   6.1249403898816068e-01	   5.3299356325889580e-01	   5.1247963235520810e-01	   3.3661748206530218e-01	   3.8683510098457891e-01	   6.2911909400155763e-01	   5.3955253041321949e-01	   4.4866949835375863e-01	   4.0873851044755916e-01	   4.3368613510623644e-01	   3.2298051065812494e-01	   5.0363879148650970e-01	   6.0642816831709323e-01	   5.9156002085649617e-01	   6.1191578983043726e-01	   9.4085563874286637e-01	   8.2767344409686672e-01	   4.4814862651660986e-01	   3.7574457767374320e-01	   7.8699763193862216e-01	   3.8284904452912155e-01	   6.7815199717091013e-01	   8.6832966655515165e-01	  -3.7651487535973513e-02	   1.1068701773951208e-01	   3.1993997171154992e-01	   2.6095817814801475e-01	   3.5680758586521577e-01	   2.1390456653627193e-01	   6.3962566807954102e-01	   4.8414541920307752e-01	   5.0703520541232228e-01	   4.5664334764539583e-01	   4.7307387658228545e-01	   6.1063681289285399e-01	   6.0534975886052544e-01	   5.2238696344488600e-01	   5.3936708045196458e-01	   6.4518075474068148e-01	   6.2027380435244006e-01	   7.1832854383904188e-01	   7.3402349984419935e-01	   7.6280936173929115e-01	   1.0891725339329497e-01	   2.3035506862307920e-01	   3.3396329683336007e-01	   7.8631273072699473e-02	   4.7489014822289044e-01	   5.6133452060420108e-01	   2.9280400125141137e-01	   1.0086820700194045e-01	   1.5345147993591080e-01	   1.6244347499597495e-01	  -1.4363867554981949e-01	   6.5915743205632399e-02	   5.9987727360227183e-01	   7.4019200108365546e-01	   8.1086305349628041e-01	   9.6195950800969010e-01	   9.5546640867671936e-02	   5.5091791381706801e-01	   4.1645254895004596e-01	   5.8230383823135456e-01	   1.6647824277798567e-01	  -2.0618055068628419e-01	   1.9786132582122296e-01	   1.1972473142184206e-01	  -2.1809677363634919e-01	  -9.0996277063897291e-02	   3.4388331547511414e-01	   5.8631109683680527e-01	   6.4125120710483718e-01	   3.1348450873716827e-01	   1.8115875136538853e-01	   3.9385844908637231e-02	
   1.1090070108773220e+00	   0.0000000000000000e+00	   6.6276220529002317e-01	   6.2756827379257363e-01	   3.3816032231450321e-01	   3.0209444156509269e-01	   3.5367023590481173e-01	   4.2134840383306743e-01	   4.5024542478423074e-01	   2.7097749041325669e-01	   3.7643521547583808e-01	   4.1070649971841006e-01	   2.2838301250872695e-01	   5.3570182613135808e-01	   3.9623449747958567e-01	   4.5840902484130897e-01	   6.0604913453683307e-01	   6.8749745559778608e-01	   1.7010044822602566e-01	   3.9100506803819690e-01	   5.5073505845778448e-01	   6.7190978155288483e-01	   4.5342230444064030e-01	   4.0874927043023018e-01	   4.3056064256146004e-01	   3.4324868451014612e-01	   7.2477192155772241e-01	   6.1754170798043517e-01	   2.6947926939230749e-01	   3.0414336593792451e-01	   4.6611074564369781e-01	   4.3990690267503790e-01	   5.2089542151859214e-01	   5.8173631173855600e-01	   3.7788309277649551e-01	   2.7828027298428037e-01	   3.0653974722515420e-01	   2.9288608676412642e-01	   3.2956574085553025e-01	   4.4225055143074177e-01	   2.9727378616127831e-01	   6.5031164630336047e-01	   5.2516468784812487e-01	   4.1540174502709704e-01	   2.3206663441500403e-01	   3.3836925781104316e-01	   5.6548511147533831e-01	   4.7390258901375348e-01	   3.8133321507110468e-01	   3.8332926338293877e-01	   4.9524848517966380e-01	   3.0296995746296240e-01	   5.9035673592457083e-01	   6.6334092649492826e-01	   4.8707624445552522e-01	   5.5739824665219329e-01	   1.0716278649692836e+00	   9.3832935446773602e-01	   3.0182570315758783e-01	   2.8591246965359263e-01	   5.7606800153240745e-01	   2.6085083767035011e-01	   4.2298554723189263e-01	   4.9706933286481503e-01	   1.9691485501103886e-01	   2.9421902478783907e-01	   3.6650453513948789e-01	   2.9325103163100846e-01	   4.3651358945544344e-01	   4.5510433377349102e-01	   5.9042521559093997e-01	   6.8494159377743180e-01	   2.4314421277220091e-01	   5.4842296173445648e-01	   2.9468304617342744e-01	   4.4569550840814487e-01	   4.8606117124470871e-01	   5.5332319330258950e-01	   6.5261755027449164e-01	   5.8015225756857880e-01	   4.4674318619184411e-01	   7.3945858629339500e-01	   6.7234580215141271e-01	   8.2961664888736464e-01	   3.5024873443363352e-01	   5.0086033481992498e-01	   5.0109368333325488e-01	   3.7852032382939094e-01	   4.2231608333236720e-01	   5.9943230429909433e-01	   4.1867010867397564e-01	   1.2622007824234754e-01	   4.2297495208787506e-01	   2.2572727564844172e-01	  -6.8767985851898361e-02	   7.5883266726726462e-02	   5.1085942374967663e-01	   6.7193560369369998e-01	   7.6415681142511305e-01	   7.3041330397114457e-01	   1.6763307526955962e-01	   4.6070457618361543e-01	   5.2952345396271716e-01	   5.7025541624511600e-01	   3.8517343533912751e-01	  -1.0865152549954288e-01	   1.2280537798817888e-01	   6.4218964212623492e-02	  -2.4636171943746105e-01	  -8.9065557666021977e-02	   4.4818272147985239e-01	   5.6814103394025728e-01	   5.7825460038420673e-01	   5.1931806043342432e-01	   4.0631356250580891e-01	   6.3953350057737932e-02	
   4.7610314475788612e-01	   6.6276220529002317e-01	   0.0000000000000000e+00	   8.2427161389998937e-01	   6.4965730195623550e-01	   2.8583024530592360e-01	   9.6380104756652951e-01	   4.2983642268839189e-01	   8.6038901562838199e-01	   3.3366032482695479e-01	   3.5016349935638075e-01	   2.7910489940680483e-01	   4.6681717994421124e-01	   4.4953991233640583e-01	   8.9442408086657865e-01	   5.1573363952444085e-01	   2.7903032504473180e-01	   2.9982120397771872e-01	   4.0313053819279404e-01	   2.9712334552582137e-01	   5.7736141450217882e-01	   2.7397778285575852e-01	   1.0024272373762957e+00	   7.6737171667287407e-01	   5.6622575503816652e-01	   3.9819605366508326e-01	   6.7218566138641100e-01	   6.4330947087791945e-01	   2.5861731368024810e-01	   5.3206212310927911e-02	   6.8180540250184629e-01	   4.8997899955087204e-01	   7.4081220150889171e-01	   6.2906394436181234e-01	   8.7913863343002796e-01	   6.4100585860860149e-01	   3.9963346805259531e-01	   3.6666610519515896e-01	   4.9035321991215630e-01	   3.5464217720173158e-01	   1.7561891129677984e-01	   5.4239704876586559e-01	   5.3236503051722461e-01	   4.1577121393675898e-01	   3.9220392872539700e-01	   3.9805362536981487e-01	   5.0974586774843178e-01	   4.9680765975689278e-01	   4.0309255808691719e-01	   3.4062962386245160e-01	   5.0862364345052191e-01	   3.2063890625532115e-01	   3.6514913088486917e-01	   5.5663932876415823e-01	   4.3239054868602766e-01	   4.1915441921595498e-01	   3.1840752385856863e-01	   4.2863309761210222e-01	   4.2061954378497923e-01	   3.6275092185504304e-01	   4.1756041886984868e-01	   2.6088244151589668e-01	   2.8505259398309168e-01	   3.8767930190798694e-01	   6.8173063541282941e-01	   4.0727212232986537e-01	   8.7822800756494124e-01	   5.9406445396913843e-01	   4.2171666281567843e-01	   4.8875745669835868e-01	   5.4481475629957676e-01	   5.0759165228829806e-01	   2.5298107705116257e-01	   4.6464318795752940e-01	   3.4399024640580844e-01	   2.8206847090719123e-01	   3.9794207447888807e-01	   4.2710576594100935e-01	   3.3864973491782968e-01	   1.5837867572945297e-01	   2.4235682894521676e-01	   4.9326701138515239e-01	   8.3914863653499894e-01	   5.2213527234022294e-01	   9.0672176286602002e-01	   7.0213044977889794e-01	   6.2485291760567818e-01	   5.8018772759359805e-01	   7.5706251858270157e-01	   7.0116044261040689e-01	   6.1070992859291728e-01	   4.3370714514462488e-01	   8.0553325388401453e-01	   9.0528437294537922e-01	   3.5607416592863517e-01	   1.8675110289675023e-01	   5.2819122777815197e-01	   4.6837217459786262e-01	   5.9963330866821418e-01	   5.8591971043049962e-01	   3.1073636560189755e-01	   7.5565424381213497e-01	   5.3944276721858897e-01	   4.3595113945962322e-01	   4.1787545472608623e-01	   2.5946703161281082e-01	   2.5682868637065182e-01	   1.3988260373716921e-01	   4.7799476956821643e-02	   3.0132340184818851e-01	   8.1703802010588045e-01	   6.9500275273727929e-01	   6.2443497380637991e-01	   5.6784700144490796e-01	   6.4716495158767617e-01	   9.4899236761036676e-02	
   3.2421435570781504e-01	   6.2756827379257363e-01	   8.2427161389998937e-01	   0.0000000000000000e+00	   8.9970394156452915e-01	   8.4487761177950016e-01	   6.1684768853226313e-01	   9.7733661694047691e-01	   6.7784079587891399e-01	   5.4831081226540246e-01	   3.2063447484601565e-01	   4.0171843477582664e-01	   3.2307427109252801e-01	   5.5840216535345122e-01	   4.1484767277225276e-01	   5.9366961689738362e-01	   2.2453097094792837e-01	   1.9999018325418161e-01	   7.3860513770240555e-02	   2.7945467297071402e-01	   5.2402712806056206e-01	   6.2972913924799989e-01	   7.0858230531084432e-01	   9.6832957334092540e-01	   8.2993996193628727e-01	   8.0863790740087060e-01	   8.0221088024164133e-01	   8.6037098689547076e-01	   1.6952825169139824e-01	   1.0761557974883793e-01	   8.1823472379194628e-01	   9.1415926827348071e-01	   4.0427622623863829e-01	   6.0533075672073566e-01	   5.5810262473832717e-01	   5.0963558861460745e-01	   2.3239940198258896e-01	   2.0861223488998418e-01	   2.7165549122428706e-01	   2.0377273282781061e-01	  -4.5188489129077108e-02	   2.5932526647016441e-01	   2.3038035754825514e-01	   1.2093371865285332e-01	   6.4215349408735620e-02	   9.3023885802853562e-02	   2.6658529776465023e-01	   2.0198668765352348e-01	   1.3240437009128805e-01	   9.7975599813446071e-02	   2.3494333549406601e-01	   4.8521091188640841e-02	   2.0045702613742875e-01	   3.6407150076545175e-01	   1.8362910104076932e-01	   2.4129397255485252e-01	   3.0670027025390662e-01	   2.7770767714955980e-01	   2.0351042617300915e-02	   5.5929502477338092e-02	   2.9447743236669299e-01	   2.3296828844735673e-01	   1.6233729090829890e-01	   1.8182242524721740e-01	   5.4547410913660344e-01	   5.5433660315996136e-01	   3.2515930109641256e-01	   3.9693037275908422e-01	   1.5755835544187236e-01	   4.1242574834774720e-01	   2.1402345677794943e-01	   9.7872519188932383e-01	  -4.5704887356633965e-02	   7.2943809008223726e-01	   1.9273439599364683e-01	   1.3216255465278581e-01	   1.8775982742591485e-01	   2.0140469183554890e-01	   4.0419792243641423e-01	   1.3418562554798802e-01	   2.3343707241502781e-01	   3.7199544160892029e-01	   4.1925144876536974e-01	   5.9323335106685959e-01	   4.9095858068473364e-01	   6.3374941444260580e-01	   2.8548519193934291e-01	   4.8905372498223149e-01	   4.3304425561979959e-01	   5.5823669831644307e-01	   5.9644468959481312e-01	   2.5353169579957163e-01	   8.5041213502635071e-01	   4.6326835817993040e-01	   8.1943393026826225e-02	   3.2387449398209887e-02	   2.2412763591456286e-01	   2.5097648405711270e-01	   3.7686289506164472e-01	   3.4323552054901124e-01	   3.2937369738745648e-01	   2.5489165768846378e-01	   4.3084077033786095e-01	   1.0524254405530589e-01	   3.5088694464862469e-01	   1.1053173821665012e-01	   9.7621392094502574e-02	  -4.4353613029646598e-02	  -3.5899038131162242e-02	   2.1437469915707055e-01	   4.6141180291071432e-01	   3.4734964159060022e-01	   4.2624736992663381e-01	   3.9382244526511340e-01	   4.5080294128417753e-01	  -4.6670979974882010e-02	
   1.2964411039427248e-01	   3.3816032231450321e-01	   6.4965730195623550e-01	   8.9970394156452915e-01	   0.0000000000000000e+00	   9.9489268245524776e-01	   5.7323666593595934e-01	   8.6061632871155025e-01	   7.8606049926587340e-01	   7.0829643938626818e-01	   1.3016278335972026e-01	   1.7243023132203156e-01	   1.3002151297092659e-01	   2.9789651432021091e-01	   3.4604464266678980e-01	   4.3593920541051490e-01	   6.6826670370197239e-02	   1.9966499630245396e-02	   1.4377723628338640e-01	   1.7301779990743907e-01	   3.6987354833695618e-01	   1.1826211354953214e-01	   6.9078516030183412e-01	   8.9018127987539375e-01	   8.9543750232277897e-01	   1.0033788521014764e+00	   7.2933123614703976e-01	   5.6582660533782669e-01	  -4.1564436939849479e-02	  -1.3149162895873598e-01	   6.8954717616440253e-01	   7.7511858793031607e-01	   2.1194278543394873e-01	   2.8390067850074241e-01	   4.6107279346417895e-01	   4.1334609527440280e-01	   6.1178168953666383e-03	  -3.2034916117739794e-02	  -9.3599630117301144e-02	  -7.2170380349664331e-02	  -3.0444339860411251e-01	   4.2889040433061076e-02	  -2.0218771191836515e-01	  -3.3099309987438863e-01	  -2.7515404480637401e-01	  -2.3339479902248911e-01	  -1.5723604410008460e-01	  -2.2731452540940605e-01	  -1.7310222295170299e-01	  -2.2124798531832651e-01	  -1.0560066182888306e-01	  -3.0936411055764079e-01	  -3.2915834187980643e-02	  -1.9130821032551402e-02	  -1.7662289035947662e-01	  -1.7523289097677952e-01	   1.7313576273539566e-01	   1.5966194219862637e-01	  -2.4148566439659921e-01	  -2.1844949349282408e-01	   7.5160150345311413e-02	   1.8791895801097142e-01	  -6.2393825746574129e-02	  -9.9388938995336476e-02	   6.8943717745822319e-01	   3.5273119517908724e-01	   1.0351662408902526e-01	   4.8315363658500456e-02	   1.6793772884572583e-01	   3.7527695242000458e-01	  -1.9222419933541991e-02	   7.0521902000972336e-01	  -3.2098751551000904e-01	   7.3059211142567426e-01	   5.1554462016097827e-02	  -1.5399378525956320e-01	  -2.0035350678224162e-01	  -1.6024230210193763e-01	   1.4724313393400129e-01	  -2.2706174814820457e-01	  -7.5629659618037595e-02	   1.0246173682782028e-02	   1.8991566827186640e-01	   2.3439683593067062e-01	   4.9400064470071781e-01	   2.8749058334333388e-01	   7.7660952360088631e-02	   4.9283257538161046e-01	   2.2100346473987884e-01	   2.5528517787685207e-01	   3.1600991357415903e-01	   1.2942016526782221e-01	   6.4403858482300769e-01	   4.5592279013550974e-01	   2.7517272506114987e-01	  -9.0111214458135899e-02	  -1.1513424434753278e-01	  -1.9341793314593683e-01	   9.1553461940325306e-02	   2.1348902076033651e-02	   3.8201367009562830e-02	   2.3557144282522205e-01	   1.2322690921086954e-01	  -2.7703795129026338e-02	   1.0814679021754253e-01	  -1.2916285903115715e-01	  -1.8898942814688613e-01	  -7.4451457613890120e-03	  -5.2032555355527664e-02	   4.3444349656391580e-02	   2.7655810606592834e-01	   9.7561315217388228e-02	   7.3540568658855152e-02	   2.6185947749315724e-01	   2.6474849312316573e-01	  -2.3236698239579723e-01	
   1.1446458851383806e-01	   3.0209444156509269e-01	   2.8583024530592360e-01	   8.4487761177950016e-01	   9.9489268245524776e-01	   0.0000000000000000e+00	   3.2793224896513423e-01	   1.1405950405963583e+00	   4.1870592818088592e-01	   1.0584850917048008e+00	   4.9682436449033363e-02	   2.8427847459826711e-01	   1.9503228946217532e-02	   3.3374792148357324e-01	   6.1244985692977899e-02	   5.8687688100624436e-01	   1.2269762098720227e-01	   5.5943250477271432e-03	   3.1370891005164020e-02	   2.3728908360189727e-01	   1.6548670232364732e-01	   3.5311214769296140e-01	   3.4023535596722848e-01	   6.5916136945596371e-01	   6.2411858329103331e-01	   8.6106728046026526e-01	   5.6186635327438583e-01	   5.6613524355821743e-01	   5.9317451383759559e-02	   1.6262371442569226e-01	   4.6410067355665863e-01	   7.2749188525593367e-01	  -4.5128092765938072e-02	   2.5768935441839269e-01	   1.3717152871972851e-01	   1.7720719842808302e-01	  -2.2951176625461286e-01	  -1.5434612036389458e-01	  -1.9009883349778414e-01	  -1.3582736555102362e-01	  -4.8177553025325892e-01	  -1.2371317433892717e-01	  -2.0061619073354042e-01	  -3.4360174809464239e-01	  -2.6558404447315476e-01	  -2.1045836703054138e-01	  -1.4626085934721902e-01	  -2.2045673864212265e-01	  -1.2088653996278048e-01	  -1.2290899891504456e-01	  -1.2032588082168928e-01	  -2.2239711404836041e-01	   1.8971145653810698e-02	   1.2918485745165292e-01	  -1.3650585864904324e-01	  -1.3577533372889694e-01	   2.2169072727304373e-01	  -4.4817091804813637e-03	  -4.3675685757152383e-01	  -2.7653860242535760e-01	   1.2688239135104968e-02	   4.1570399049091500e-01	  -1.6103064821763893e-01	  -1.4044275389435740e-01	   4.9786063894083310e-01	   5.8432821728572359e-01	  -2.0152492834856928e-01	  -5.1767058895520558e-02	  -1.0585480697104082e-02	   2.9333416624908443e-01	  -2.0340069487932444e-01	   6.4549674928687251e-01	  -3.8639780964788956e-01	   4.7986747098560301e-01	  -1.2748802760190941e-01	  -1.1398986667420281e-01	  -2.4314290920306236e-01	  -1.3060124985569901e-01	   2.8948992467378953e-01	  -8.2656908799376969e-02	   2.4511008975411988e-02	   7.8105808032596077e-02	   4.0206141623157575e-02	   4.1470570526803835e-01	   2.8819092153620895e-01	   3.7009681376881354e-01	  -3.1873513315091945e-02	   2.6094317090911323e-01	   1.5994334114269651e-01	   2.1234938359137936e-01	   3.2038465594740384e-01	   1.4119571513642459e-01	   6.0656203348355375e-01	   1.6942654179591246e-01	  -1.3724074817604319e-02	  -1.2968531517984333e-01	  -2.5189510995848718e-01	  -2.1430677500890230e-01	   1.3442388865486610e-01	   2.0115619020510140e-02	   8.3150136267501867e-02	  -8.7064308042659772e-02	   3.4675942100741652e-02	  -2.6841124089855573e-01	   2.5801714493533523e-01	  -1.9762847016045493e-01	  -2.7988657142353907e-01	  -3.3009292339330215e-01	  -4.2751441180431726e-02	  -4.5551794957675008e-02	  -1.4543793237929195e-02	  -3.0729981338440727e-02	   9.4686813514395216e-02	  -1.1282993618418165e-02	   1.6359081852055496e-01	  -1.7260687065384078e-01	
   3.5103265936210193e-01	   3.5367023590481173e-01	   9.6380104756652951e-01	   6.1684768853226313e-01	   5.7323666593595934e-01	   3.2793224896513423e-01	   0.0000000000000000e+00	   7.1210214623957824e-01	   7.3978899439100998e-01	   3.5201373148377613e-01	   5.6783371990314291e-01	   4.6861263772621797e-01	   8.6710003523026158e-01	   5.3664870976068058e-01	   7.3451772430424833e-01	   4.7361964738808304e-01	   2.7813996771813687e-01	   2.2212234681277693e-01	   5.4546300787762525e-01	   3.6029197596110618e-01	   1.9996334652625256e-01	  -5.8362209626479276e-02	   3.4850758699226336e-01	   3.2159228934016082e-01	   9.3401977590112178e-02	   4.3496050645061866e-02	   1.4494966276242954e-01	   1.4591046536491706e-01	   5.5215310186388133e-01	   3.0710606771708909e-01	   3.4821766704751872e-01	   2.0218515925235367e-01	   6.7516159767560024e-01	   6.6540674719363191e-01	   4.6994749739635977e-01	   5.6241306731716090e-01	  -4.1802716611953748e-02	   3.2124966346317854e-02	   2.7469029073510215e-01	   1.2809505769383209e-01	  -3.1628839123235955e-02	   2.8838106119797918e-01	   4.1117907622597255e-01	   3.4939899467003543e-01	   4.5341662415411765e-01	   4.2807443681346385e-01	   4.3228652169348447e-01	   4.3284622680579643e-01	   3.9521292480271886e-01	   2.6912454139013653e-01	   2.8864623101909093e-01	   2.1667865138225473e-01	   8.1311835574491620e-02	   3.6341236216571698e-01	   3.2733018836188538e-01	   2.4476305339553392e-01	  -3.1793606738953375e-03	   5.7821908468045802e-02	   2.6890924256849308e-01	   2.0878722885868509e-01	   4.1255608491573376e-01	   4.8220777704532347e-01	   3.2355497811665973e-01	   5.1278322749099137e-01	   6.6344257111823646e-01	   4.7451891286082037e-01	   7.6617158151344533e-01	   6.2382944600532797e-01	   1.8175266470154899e-01	   2.0981592311005617e-01	   4.0608810238364423e-01	   2.2105286498819393e-01	   3.7636213610353192e-01	   4.0337128394944677e-01	   3.8937890628404509e-01	   2.6973810612414473e-01	   3.2262665129389512e-01	   3.7880783282228442e-01	   2.0827147968221330e-01	   1.3127862199276777e-01	   1.7178292966155292e-01	   3.9389040851047119e-01	   6.6892345165066358e-01	   5.8127228508825590e-01	   4.9636579868107134e-01	   4.5582479110560664e-01	   2.1494631079046095e-01	   2.4209644440276978e-01	   5.3042008406941554e-01	   4.8038749816600151e-01	   4.2503736713170309e-01	   3.0259194978863085e-01	   5.2851768500813323e-01	   7.0074283183034880e-01	   2.2566187991802433e-01	   8.4893859674275221e-02	   4.0152500852967965e-01	   2.4662889738084159e-01	   3.5189307988053403e-01	   4.5523493032528739e-01	   2.6989026946794559e-01	   5.4136027383604135e-01	   3.5744220221904588e-01	   1.8617373675600976e-01	   3.0750972473223859e-01	   8.1071947562427193e-02	   5.6688630072109655e-02	   9.5565321206419862e-02	  -1.8682848697897081e-01	   1.5153519712253657e-01	   4.8624620266302737e-01	   5.2468239222075985e-01	   3.6745980277187501e-01	   1.5562127873589171e-01	   3.1404213710320933e-01	  -1.3481986382414274e-01	
   3.4682821011578657e-01	   4.2134840383306743e-01	   4.2983642268839189e-01	   9.7733661694047691e-01	   8.6061632871155025e-01	   1.1405950405963583e+00	   7.1210214623957824e-01	   0.0000000000000000e+00	   4.5123032897776888e-01	   6.9529103006127169e-01	   5.1109936621399243e-01	   6.7151621677433759e-01	   4.4484926032180838e-01	   6.8671275128584874e-01	   2.1922520463808820e-01	   4.7609679882839540e-01	   3.7692192182509943e-01	   2.7359350807582850e-01	   2.8798938246374634e-01	   5.0753364912634336e-01	   2.4962558198775633e-01	   2.2178577174242858e-01	   1.8973047362463361e-01	   4.3995594838038388e-01	   3.6266138629410399e-01	   4.7253511305040014e-01	   3.0520035065198176e-01	   2.9125442327605361e-01	   3.4855580614319448e-01	   4.6096392801890990e-01	   4.6706491595648042e-01	   5.9272440557103612e-01	   3.4147805981681556e-01	   6.0074379944139034e-01	   1.5664673299640036e-01	   2.6429465535252744e-01	  -1.6930383713511377e-01	  -7.8778231984842802e-03	   4.3177748493573684e-02	   4.5721262925285416e-02	  -2.0273866058081183e-01	   7.7154329470197222e-02	  -2.2831842478961656e-03	  -9.2181570069600344e-02	  -2.0699265609827801e-02	   2.5630340574339924e-02	   9.7375946635360200e-02	   3.3473564978822437e-02	   7.8581606067505305e-02	   2.6940725581872844e-02	   5.3851471414147208e-02	  -8.9409580426692850e-02	   5.6841659031577826e-02	   2.1648188142471389e-01	   1.4716951714380122e-01	   1.1232374907774953e-01	   2.2583617671309758e-01	   7.8560628000182209e-02	  -1.0510494738622908e-01	  -4.0415040940974332e-02	   3.6570898593885709e-01	   6.3185346259068287e-01	   2.2910357282863011e-01	   3.2159681534477819e-01	   4.2558696491198800e-01	   5.7036366342070233e-01	   1.1118223390009713e-01	   2.1861105368904676e-01	  -2.1474856101089585e-02	   2.9222324181785275e-01	   5.8508696288837050e-02	   6.6345019756036505e-01	   8.6321611830462164e-03	   6.8034120211749349e-01	   2.0176710687181110e-01	   1.2695904006844974e-01	   9.1347052116679678e-02	   1.6375865448579213e-01	   3.6551405293886752e-01	   1.5634293355833673e-01	   1.8625339966468352e-01	   2.7863958278416601e-01	   2.5790600750017828e-01	   6.3858067860122170e-01	   2.0713288681630160e-01	   3.9069663842510910e-01	  -8.3158415999107768e-02	   1.0807623820731739e-01	   3.1558635494389808e-01	   4.5619706514365521e-01	   3.9089408906094641e-01	   1.3293206356729592e-01	   5.1273773348706708e-01	   2.9237254658802625e-01	   2.2403763579682382e-02	  -6.9814292552585908e-02	   7.6501501742469655e-02	   2.2317877868819450e-02	   2.2866506574695136e-01	   2.5466741374779539e-01	   2.4411936424328923e-01	   2.0489451978472195e-01	   2.5299376232924148e-01	  -1.6311704466280923e-02	   3.0612936225255227e-01	  -1.1886712672459189e-01	  -1.9973612938093233e-01	  -1.5061006942105243e-01	  -8.1903593824697682e-02	  -2.0521232572887991e-02	   8.1763961727119916e-02	   1.2505855617997455e-01	   2.2173916353127207e-01	   2.6528340367777955e-02	   1.6644197200956629e-01	  -1.5509021110991322e-01	
   2.5232039721118005e-01	   4.5024542478423074e-01	   8.6038901562838199e-01	   6.7784079587891399e-01	   7.8606049926587340e-01	   4.1870592818088592e-01	   7.3978899439100998e-01	   4.5123032897776888e-01	   0.0000000000000000e+00	   6.1705488733079561e-01	   3.3026693482962283e-01	   3.5368771012260897e-01	   3.6844843755017509e-01	   5.0872126513041716e-01	   9.7746684167777265e-01	   6.8668190666616624e-01	   1.9849792155215013e-01	   1.4251959675527412e-01	   1.3394557639275650e-01	   8.0778668559638531e-03	   4.5199617258944358e-01	   2.6375594719422285e-01	   7.3877416229000958e-01	   7.0530398914010606e-01	   4.4689703458422569e-01	   4.5857149879709203e-01	   6.3840259528011345e-01	   6.2476593707216388e-01	   1.2484656006422322e-01	   5.6492745230786023e-03	   3.5234930245367008e-01	   3.6465447265660833e-01	   3.0478443535617039e-01	   3.1727280155479792e-01	   6.4769949629321799e-01	   5.8880204263843205e-01	   2.9974979792137185e-01	   1.4034923356434759e-01	   2.8655620493993683e-01	   3.5319179917849097e-01	   1.6660342019342817e-02	   3.8349347270402978e-01	   1.8306285961946267e-01	   2.4334861295464496e-02	   1.2952737759472110e-01	   1.7838399000511743e-01	   2.7201369086017096e-01	   1.7334017199750248e-01	   2.6731086396640696e-01	   2.1990775740065713e-01	   3.4149060272675230e-01	   1.7743129996312090e-01	   2.7546562011819359e-01	   2.9603305492688409e-01	   2.2481880892264625e-01	   2.4889293911967220e-01	   9.1532211036381456e-02	   1.6249948904202693e-01	   1.8479213731646993e-01	   2.3262639697788773e-01	   2.6524614785370704e-01	   2.8575067704682594e-01	   5.3728224405926450e-02	   1.3676041633664440e-01	   6.8391330762125746e-01	   5.2121948417521302e-01	   4.4351039016428351e-01	   3.5886828226711726e-01	   4.3812018854367851e-01	   4.4735286010123260e-01	   4.1605025069250745e-01	   4.3475405038490400e-01	   2.5103646070624860e-02	   5.0096120809456934e-01	   2.8576064361520115e-01	   1.0989979940470176e-01	   9.5482594207899923e-02	   1.0162017058582375e-01	   2.1503992037364997e-01	  -2.7858891470790070e-02	   1.7759483226114725e-01	   2.4406195561314153e-01	   6.3826772740447579e-01	   4.0755596277486339e-01	   7.6096294029640521e-01	   4.7553703277245762e-01	   3.9918730074489106e-01	   6.0068629706210053e-01	   5.1512480484088918e-01	   5.7683208179057233e-01	   3.7719276639686700e-01	   2.8814791576976168e-01	   8.4703767793023266e-01	   7.2867299923198303e-01	   4.5987959772040393e-01	   2.8326232468838197e-01	   2.8954358840795924e-01	   2.4124711152265402e-01	   4.0005852782593204e-01	   3.2592642495478574e-01	   1.3560503078758895e-01	   5.1421835098708213e-01	   3.9585992047228158e-01	   1.0512057046788428e-01	   3.8063583492081171e-01	   1.0252996598671334e-01	  -1.2297943155519564e-01	   2.8213845218846907e-02	  -8.4650284105216453e-02	   3.8369270723587851e-01	   7.1088211728195339e-01	   5.9972610162485873e-01	   3.7368274156742209e-01	   4.2846815971745700e-01	   5.3023270015739810e-01	  -8.0092547119098981e-02	
   3.0072178633668258e-02	   2.7097749041325669e-01	   3.3366032482695479e-01	   5.4831081226540246e-01	   7.0829643938626818e-01	   1.0584850917048008e+00	   3.5201373148377613e-01	   6.9529103006127169e-01	   6.1705488733079561e-01	   0.0000000000000000e+00	  -1.0265975850890374e-02	   2.7206202977070271e-01	   1.2154141677531992e-01	   3.7642630270402688e-01	   3.8519477028134486e-01	   9.6392066948385757e-01	   3.6066514929082388e-02	  -1.3757280910393427e-01	   1.5183789296289420e-02	   1.3962870623508622e-01	   1.4972608939049276e-01	   2.4141791341213908e-01	   3.6455589870937971e-01	   5.9179297939101649e-01	   3.6226024110929017e-01	   5.7098269462748774e-01	   5.2719670876853852e-01	   5.3226253719516015e-01	   3.6875778637519056e-02	   8.2900926880306661e-02	   2.5683693012165876e-01	   3.8980363819068714e-01	  -2.9670616656522555e-02	   2.4046564386920385e-01	   2.4092040809619059e-01	   2.8669911342060683e-01	  -1.4738901844108246e-01	  -7.7959232149920052e-02	  -1.4030257830653242e-01	  -2.3172486025994522e-03	  -4.0050704162024753e-01	  -1.8223590170304328e-02	  -8.0686411991958973e-02	  -2.6459923758882636e-01	  -7.3627603262446911e-02	  -1.0928811743718821e-02	  -1.0305571360792775e-02	  -8.7669756369597437e-02	   8.0497408451223745e-02	   1.3930000900128858e-01	   6.7362656035457449e-02	   7.3751706969125447e-02	   1.1047719279809089e-01	   2.4180809662263703e-01	  -5.9180989411602103e-02	  -2.1395215062217109e-02	   5.8475002738852873e-02	  -3.8102709606841506e-02	  -2.7152548924801484e-01	   2.7115064031895636e-03	  -3.1657143647440218e-02	   4.7636494083949560e-01	  -3.5488802336501102e-01	  -1.5728854139294932e-01	   5.6395956334935338e-01	   7.9577764426835018e-01	  -7.1084605313140287e-02	   7.3941965517723335e-02	   7.7595030388348640e-02	   4.3434330612047023e-01	  -1.3493986314388540e-01	   3.6405307006431309e-01	  -3.4535445196154418e-01	   2.6236899820491655e-01	  -1.0996527624472935e-01	  -8.8766300169770079e-02	  -1.6755967934200841e-01	   3.6465916070026277e-02	   3.0569739303100862e-01	  -8.2904897472685202e-02	  -1.8222926908491630e-02	   6.1800838906471894e-02	   1.4927303166798045e-01	   3.9435084921996505e-01	   4.8951609305502519e-01	   4.5668832768489331e-01	   5.3644686241666684e-02	   3.3372485180603262e-01	   2.5591097086519887e-01	   2.3316667286115872e-01	   2.9402227985206758e-01	   1.8670607756957341e-01	   6.5007215204204949e-01	   2.1958243669937760e-01	   9.0943647218931972e-02	  -6.8207753752407105e-04	  -2.7482559818731550e-01	  -1.7625945153108416e-01	   2.1853704655816333e-01	   7.0672492830806108e-02	   9.9419173231075963e-02	   9.4732128730897567e-03	   8.2793502715823905e-02	  -2.4726506496171902e-01	   4.9360628141369578e-01	  -4.8515194907138882e-02	  -2.6747036606371427e-01	  -2.8319654315877774e-01	  -1.0761846197218702e-01	   2.1113090602055070e-02	   6.3733840336095748e-02	   1.4877310183034714e-01	   1.4677831707772140e-01	   1.1581983297236888e-02	   2.8978694151871920e-01	  -8.9614372389755115e-02	
   6.4548890005749093e-01	   3.7643521547583808e-01	   3.5016349935638075e-01	   3.2063447484601565e-01	   1.3016278335972026e-01	   4.9682436449033363e-02	   5.6783371990314291e-01	   5.1109936621399243e-01	   3.3026693482962283e-01	  -1.0265975850890374e-02	   0.0000000000000000e+00	   1.0729596563228263e+00	   1.1623691201499833e+00	   9.8646516889775704e-01	   4.3204163285963648e-01	   1.2014672317810290e-01	   6.2996158203760133e-01	   5.0785133689831119e-01	   3.6299897199340858e-01	   4.4245312259947894e-01	   1.7060501921063204e-01	   2.7310409459338676e-02	  -4.6195758223655188e-02	  -5.4239519449573503e-02	  -1.2342894031740081e-01	  -1.5457902214010508e-01	  -5.7199903734930731e-02	  -4.9574558267518776e-02	   6.2434292954820680e-01	   6.5306930828962617e-01	   6.4701266465718166e-02	   4.4565665642589500e-02	   5.9367402883383091e-01	   5.2718480952281987e-01	   1.1030332792873382e-01	   2.1672000170080949e-01	   2.3936479387993945e-01	   1.6449200778078343e-01	   4.8837772925529921e-01	   4.4241422612995346e-01	   3.5372403075247510e-01	   4.8504147016757304e-01	   3.7931349231748923e-01	   3.8187715371885855e-01	   5.0109545050433435e-01	   5.0694358995728395e-01	   5.5443318670205788e-01	   5.1499541818657990e-01	   5.0673469869535470e-01	   3.6976768441068092e-01	   4.0418884459674725e-01	   2.6085026440923442e-01	   1.2903064819424739e-01	   2.1726656399333225e-01	   6.3531490554129921e-01	   5.6993483670662659e-01	   1.1116077407006675e-01	   1.8663711615165293e-01	   5.4290911127083441e-01	   4.6167314059496212e-01	   9.1793592413783909e-01	   6.5780017241127242e-01	   6.8623332096347789e-01	   9.0504823834862158e-01	   1.5333301754828632e-01	   3.2594022284044444e-01	   5.2786395668797648e-01	   5.8510831228400606e-01	   1.5384696172420720e-01	   2.0757771137519521e-01	   5.6585968999558900e-01	   2.6592388623317925e-01	   5.6560123701330589e-01	   3.8194355402093810e-01	   5.1298147285647433e-01	   4.8740513234504007e-01	   4.7917881789798122e-01	   3.8848840962448550e-01	   3.1344795077324306e-01	   4.3901427899546114e-01	   5.9583594085887326e-01	   6.3261457630264151e-01	   5.6368111938362286e-01	   5.2696300524980322e-01	   7.0214395806125929e-02	   2.4163591741579976e-01	   1.4265163139304151e-02	  -9.4364605195440265e-02	   4.3306560196355626e-01	   6.4175155941093831e-01	   1.8677382222572947e-01	   1.4816745683151486e-01	   1.2160301287106084e-01	   2.8568928349313027e-01	   5.2795245113582689e-02	   1.2664000828595842e-01	   6.5269316129673727e-01	   4.9490520830627815e-01	   3.5624657786167313e-01	   5.3084701661250278e-01	   1.2591332904310720e-01	   5.7562886193697260e-01	   3.8703353259766826e-01	   3.5656665696394019e-01	   1.5369767481206981e-01	   6.0740880971463400e-02	   1.2771490710034733e-01	   1.0136896333943342e-01	  -4.4215822885549219e-02	   8.3196388855445252e-02	   2.9043654160866972e-01	   4.1236167975930610e-01	   4.3201804774801988e-01	   5.1240314741268507e-02	   1.5561431932642955e-01	   8.8257757918787788e-02	
   5.3691999037029725e-01	   4.1070649971841006e-01	   2.7910489940680483e-01	   4.0171843477582664e-01	   1.7243023132203156e-01	   2.8427847459826711e-01	   4.6861263772621797e-01	   6.7151621677433759e-01	   3.5368771012260897e-01	   2.7206202977070271e-01	   1.0729596563228263e+00	   0.0000000000000000e+00	   7.9875905520799328e-01	   1.0698513452154950e+00	   4.0357951406782655e-01	   3.5482550394276674e-01	   6.0719526453435380e-01	   6.4627339049456600e-01	   1.5573401669100301e-01	   2.6418546337070231e-01	   2.4397362124174421e-01	   1.5970317313712296e-01	   3.3212548582181964e-02	   1.2500297537761035e-01	  -9.6337051372182691e-03	   4.4879148200965252e-02	   1.5529124744243387e-02	   1.0239558295542539e-01	   6.3469713585535648e-01	   8.5229463092841939e-01	   1.4784347560180949e-01	   1.8956733440159609e-01	   3.8803179361983320e-01	   4.9816964107591694e-01	   9.2477644062860964e-02	   1.9880609156337931e-01	   1.3843774868452735e-01	   2.1086540631046619e-01	   3.2866586183984464e-01	   4.4153436912556299e-01	   2.9682353684005325e-01	   4.6482921537394201e-01	   2.7404048004729376e-01	   2.5413201108479955e-01	   3.6597691794559567e-01	   4.2356432926642185e-01	   4.5231772433551903e-01	   3.7528856081481549e-01	   4.2809743942561357e-01	   3.2374737166276779e-01	   3.2719348746447724e-01	   2.2128531138476740e-01	   1.5419122286090342e-01	   2.4906293780845262e-01	   4.5877877731547045e-01	   5.0820339056030273e-01	   1.7717134547802524e-01	   1.2869362216125702e-01	   2.8881785017585060e-01	   3.6018585633130445e-01	   7.4164339514354982e-01	   7.6604638283567761e-01	   4.9595151843969087e-01	   7.9633882987791005e-01	   2.3577017125932054e-01	   5.2537871223487242e-01	   2.9875785132438171e-01	   4.2354360204693414e-01	  -1.6643699363619365e-02	   2.7914663406004997e-01	   3.6942251717493879e-01	   3.9205313340212045e-01	   4.2998870166681291e-01	   5.1029549800443375e-01	   4.7919597723647461e-01	   5.6258572622684921e-01	   4.4712334680256288e-01	   3.9783680208014327e-01	   4.7034562778293632e-01	   6.1624370905799364e-01	   5.4964172376154774e-01	   7.2071398488179073e-01	   5.5951910672896410e-01	   8.3592885905954439e-01	   1.7317845111052982e-01	   4.9393600391483433e-01	   1.0845369172874086e-01	   1.1647047376745423e-01	   3.6904579556980915e-01	   5.9070248212661169e-01	   1.6840032628188736e-01	   3.4918250762624899e-02	   2.4990318626649285e-01	   2.2213062276063578e-01	  -4.7510885512244194e-02	   1.3808277431887231e-01	   4.6405668522046778e-01	   4.3318200174462729e-01	   3.0260646493973142e-01	   4.3121529690119509e-01	   2.6555151049919512e-01	   3.6149041708365776e-01	   4.1305164363192182e-01	   1.8917751542059039e-01	   4.1987179734597502e-01	   1.5460585762134466e-01	  -8.4952211934726685e-02	  -2.7406111886003326e-01	  -1.2021434550960688e-01	   2.5653699152533700e-02	   2.1132594887903602e-01	   3.8767469205880750e-01	   3.5482762809083179e-01	  -4.1427041576571122e-02	   3.3285032145101717e-01	   1.3168905783558232e-01	
   3.8160542848038354e-01	   2.2838301250872695e-01	   4.6681717994421124e-01	   3.2307427109252801e-01	   1.3002151297092659e-01	   1.9503228946217532e-02	   8.6710003523026158e-01	   4.4484926032180838e-01	   3.6844843755017509e-01	   1.2154141677531992e-01	   1.1623691201499833e+00	   7.9875905520799328e-01	   0.0000000000000000e+00	   9.4475523981496312e-01	   6.3818182967895987e-01	   2.5993728036079422e-01	   3.4105451292999822e-01	   2.0232409827898556e-01	   3.5051131375567257e-01	   3.0498923121994465e-01	   4.2526437169198933e-02	  -1.1473450182718370e-01	  -2.1800295766107980e-02	  -3.3346679145458136e-02	  -2.4600067871519221e-01	  -2.5117422542730483e-01	  -1.1740144292793120e-01	  -1.0097236396183865e-01	   6.0129941003490250e-01	   3.9823057402115669e-01	   2.9432315571858913e-03	  -1.0122310885380059e-01	   6.4644214675406853e-01	   5.8558714985902793e-01	   3.2801767692997996e-01	   5.1567816572104630e-01	   5.5800786572941651e-02	   1.7318711086383121e-01	   3.4770119955631629e-01	   3.2892704053249100e-01	   1.1427989880930906e-01	   3.7858717476410625e-01	   4.5888405529229970e-01	   4.7193833892833781e-01	   7.3219157662771328e-01	   7.1754987525457392e-01	   5.8850473844308926e-01	   5.9958695721555011e-01	   6.1042421469316099e-01	   5.1238467635165774e-01	   3.9532027320913876e-01	   4.1531273825184167e-01	   3.7452562218076662e-03	   2.7017419985843172e-01	   5.0083385135014158e-01	   4.8057847905227324e-01	  -1.4242446205288911e-01	   3.6379573673771190e-02	   5.0787298814551207e-01	   5.1653354513702732e-01	   6.6038546668557463e-01	   6.9554887665304788e-01	   4.2129217190862323e-01	   7.3571107369590882e-01	   3.5414635117485199e-01	   5.5363319830968338e-01	   7.8446990999470489e-01	   9.1003335765574356e-01	   1.3621289668575742e-01	   2.1492265884637127e-01	   4.4846694605832915e-01	   7.4559238181858736e-02	   5.5939809634772741e-01	   1.9581868874952302e-01	   4.4119869738258077e-01	   4.8683674540449928e-01	   5.0119721353651148e-01	   5.1582953653819597e-01	   2.4990447827095147e-01	   2.8136769135004053e-01	   3.9410000177410737e-01	   4.9437729279608666e-01	   5.8784701758239499e-01	   4.2158740173580028e-01	   1.3941096326030550e-01	   3.3243905047206351e-01	   8.5994966097177633e-02	  -1.4481547923254410e-02	   4.9027558830834223e-01	   5.0890770749668335e-01	   1.8240474150600217e-01	   1.3306567989120352e-01	   1.8379175384729401e-01	   2.7076108855421260e-01	   1.1801986760459220e-01	   8.4296135152313545e-02	   5.0411275421413571e-01	   3.8901313055055925e-01	   2.7980912242955452e-01	   4.7086429243482675e-01	   1.3967591325338047e-01	   4.4920274231363350e-01	   2.5561985518653757e-01	   2.4368212291442981e-01	   1.5370461723075726e-01	   1.3897912827216780e-01	   1.8909490457654368e-01	   1.2026295863387254e-01	  -2.0267934193965809e-01	   4.4723327427240368e-02	   3.4779053473390192e-01	   4.8495014608779735e-01	   4.1430396660785240e-01	  -7.7090573611353061e-02	   2.1252954838257007e-01	   4.1469692772054187e-02	
