   0.0000000000000000e+00	   7.9108112453757873e-01	   3.7181131018283947e-01	   2.9234315447218934e-01	  -1.9795440180840583e-02	   3.2018987005060784e-02	   2.1624125458414134e-01	   3.0211174838675703e-01	  -1.4678547147032672e-01	  -3.0835136256357115e-02	   3.8088019077368140e-01	   3.2679848421553848e-01	   1.7684026849311849e-01	   1.8666533406912561e-01	   1.5614789303081969e-01	   1.9672314576245756e-01	   4.6433938559755672e-01	   4.9110258872948187e-01	   4.2876273026161660e-01	   1.6811797504424078e-01	   1.4494658021931028e-01	   1.1723774912956744e-01	   2.0744227146227343e-02	   2.3913040673493707e-01	   1.6685754524074281e-01	  -3.8927513379187144e-02	   4.3834146815891872e-01	   3.4509505015923919e-01	   1.1001186764519048e-01	   1.1312121416737014e-01	   2.0861603801614489e-01	   2.1105090578602503e-01	   5.5188661515778326e-01	   2.8492970000818912e-01	   8.3843448488546246e-02	  -8.5202569143880802e-02	   2.0150789813635037e-01	  -1.8217603144079664e-02	   5.8977754737382648e-01	   4.7740787834964599e-01	   2.7947468385741281e-01	   1.3893054927205961e-01	   2.6600139344399393e-01	   1.2227460548435717e-01	   3.2875605911393851e-01	   1.7890690531970266e-01	   3.3878387251302478e-01	   1.2375743329166516e-01	   4.5517479643961073e-01	   1.8117366209903191e-01	   1.5378401646569015e-01	   8.0274244776996143e-02	  -1.0442985881993549e-01	  -1.7760847553667630e-01	   4.4123259330681025e-01	   4.4012844126440492e-01	   1.3357816093831338e+00	   3.2581457503501976e-01	   4.1166205297459391e-01	   2.0452068795920941e-01	   3.2703795763035709e-01	   2.6489738193462192e-01	   3.8887061980785931e-01	   1.0329026603770089e-01	   5.0322522340042468e-02	   4.2808334938507518e-02	   9.6362909325722154e-02	   2.6858251894532479e-02	   2.8398860817433597e-01	   1.9932429195646206e-01	  -1.7918511480150542e-01	  -4.8511047124602753e-02	   3.3358139345192855e-01	   6.7726688560484694e-02	   6.1439844822882050e-01	   1.5246129708580661e-01	   4.2404279774336079e-01	   7.9387218922356617e-02	   5.8962799167293101e-01	   1.7503430753607618e-01	   4.7441651864707102e-01	   7.7184039620439016e-01	   1.2154588003452881e-01	   2.7417063521197932e-01	   2.3503300147647688e-01	   3.4854931832373620e-01	   1.2390016663422425e-01	   6.1952115886499082e-01	   1.6512778256058430e-01	   3.4975583435297197e-01	   2.2114299141484398e-01	   7.3108567010809936e-02	   5.7077966674786297e-02	   5.6496269033748027e-02	  -3.6407193761262913e-01	  -2.3488450363317101e-01	  -6.8495667441064875e-02	   3.0999477056198488e-01	   4.0806017681095602e-01	   4.9353553856510318e-01	   1.8344053656764520e-01	   2.9394462012276301e-01	   1.8377282879422679e-01	   2.1543990315896785e-01	  -1.2590962463649014e-01	  -1.4717418843457919e-01	   1.2114280866514586e-01	   3.3798112040291306e-01	  -4.0276170157849495e-01	  -2.9379875455380577e-01	  -8.9965263464948445e-02	   3.0312188881701618e-01	   2.8941884915474014e-01	  -1.6255756889678885e-01	  -3.6275647541523637e-01	  -4.3902733865032284e-01	
   7.9108112453757873e-01	   0.0000000000000000e+00	   1.8169850733850312e-01	   1.6817509669351291e-01	  -1.6360841942004350e-01	  -9.3407957156249541e-02	   3.9205224382295935e-02	   1.8956568460962164e-01	  -1.3045124344957224e-01	  -8.1537629982174856e-02	   4.4739112718631097e-01	   2.3207518573217872e-01	   1.9692822829869512e-02	   2.3767969723115071e-02	   9.4079660036465756e-02	  -1.1093831149850655e-02	   6.8249419194164185e-01	   5.1657827716318994e-01	   4.2294649261070771e-01	   2.2198091549600746e-01	  -6.0215117844651320e-02	   1.0951212417351185e-01	  -1.5483100704446993e-02	   1.4663053195437381e-01	  -2.2857293461282163e-02	  -1.5450960009832540e-01	   1.8207471147675786e-01	   1.3145954154425077e-01	   1.8570511978604129e-01	   1.4697407115807762e-01	   7.9164759153220229e-02	   1.8007435889045159e-02	   4.5784085830635468e-01	   2.9476283448083362e-01	  -4.1785855576579566e-02	  -1.3117636050589798e-01	   1.4270984635030337e-01	   7.1073155748218084e-02	   4.2994836861049002e-01	   2.2827785264112210e-01	   2.8244323385843245e-01	   1.7894702150380368e-01	   8.4393734942508528e-02	   1.2255647053109558e-02	   2.1718095396880019e-01	   6.4975321319118137e-02	   2.4809375040223092e-01	   1.8183209588215365e-01	   4.5428951348180935e-01	   1.7961875132486427e-01	   9.4640424281293212e-02	   8.1680542985156340e-02	  -1.2775462615557340e-01	  -2.1350824230888629e-01	   4.8496653824831337e-01	   3.3915754499215306e-01	   6.3626361371013507e-01	   4.9572937295385516e-01	   3.2118431858794266e-01	   2.4762600900409429e-01	   3.5051505747569356e-01	   2.1219846660487465e-01	   3.8534130702737290e-01	   2.3677909428948793e-01	  -4.0082170784223907e-03	   3.3649349956550785e-02	  -3.9345467070074691e-02	  -6.3401167438662864e-02	   3.1720900601610263e-01	   2.7834683596423998e-01	  -1.9656356731275287e-01	  -3.4068505744933746e-02	   2.6251452858501523e-01	   2.0974873379101544e-01	   3.8180740740957592e-01	   2.2064615585539227e-01	   2.8597340274247263e-01	   1.5918974693386198e-01	   6.2642004940143270e-01	   3.1419984474348944e-01	   5.9782014146834817e-01	   6.2724033163479931e-01	  -2.6724840952124015e-03	   1.5265575232295378e-01	   2.5134880666124260e-01	   2.8314613706677244e-01	  -1.9792935436413216e-02	   3.3744537683704356e-01	   2.1308181373626098e-01	   3.2140372783715343e-01	   6.3149216453074683e-02	   1.0381340647533761e-01	  -7.0555200936498086e-02	  -2.1148241161817277e-02	  -1.8100197235901305e-01	  -2.4339195883248430e-01	  -2.0513074034314318e-02	   2.5720479417944564e-01	   4.3402994533083561e-01	   3.0541306325381307e-01	   1.8733773421839314e-01	   1.5440476193637329e-01	   5.3736557957330539e-02	   5.3951122993380774e-03	  -4.1008037348470994e-01	  -5.8769195674722952e-01	  -4.0178288416874418e-04	   7.4935655630075024e-02	  -1.7896974160542653e-01	  -1.5031280364423133e-01	   3.8146860434367331e-02	   2.7744143014891265e-01	   1.6542485868269863e-01	  -2.7668589786764991e-01	  -4.7986527045646232e-01	  -3.9342156487806951e-01	
   3.7181131018283947e-01	   1.8169850733850312e-01	   0.0000000000000000e+00	   8.1876080424934106e-01	   4.6317418781687714e-01	   5.8247117513684721e-01	   5.5965321972955251e-01	   6.7287372158642667e-01	   2.7667159208599501e-01	   3.8657940063323126e-01	  -6.6739518075483562e-02	   5.0992475748053677e-02	   3.5701371167060708e-01	   2.3096194410219439e-01	   6.7631731849508936e-01	   9.0163968300323027e-01	  -2.4445845973239258e-01	  -2.0536101691988595e-01	   1.5111949412511025e-01	  -1.9050617818684693e-01	   3.7465469388572736e-01	   1.4949758114014777e-01	   1.1426757847081013e+00	   9.6885410289063634e-01	   9.1006973371510502e-01	   6.4975676652221148e-01	   6.5236806776943046e-01	   6.7211846567573330e-01	  -2.7273604841028415e-01	  -1.7276557720085492e-01	   6.6093072251771667e-01	   6.4304555022536758e-01	   4.8537662001719795e-01	   3.8545439169233592e-01	   7.9615729301114502e-01	   5.4942849942475003e-01	  -9.0152756793082128e-02	   1.8944229263693477e-01	   4.3212892768712213e-01	   2.4215317019116223e-01	   9.4769084283819041e-02	   4.1692763773188805e-02	   3.0817308819044870e-01	   2.1994062617977664e-01	   1.3142370440722684e-01	   1.6077972784427078e-01	   1.4016004103891075e-01	   9.3436430867669548e-02	   2.5275430687147954e-01	   3.0413755664341297e-01	   4.6423703699921637e-01	   2.9284376042206195e-01	   4.5785038962052610e-01	   2.9431778693171357e-01	   1.0373283552809193e-01	   4.2192683637725287e-01	   1.3759173480852410e-01	  -3.7904105304703971e-02	   1.4207827414478072e-01	   1.7765613941216946e-01	   1.4618241023388492e-01	   4.2496386065786224e-01	  -3.4214563525449063e-02	  -2.0939770610992903e-01	   1.1077219885856844e+00	   7.8129855200399234e-01	   4.5348661590683537e-01	   4.2616698446364459e-01	   1.7663191721264843e-01	   2.0646228876629709e-02	   3.2939296339054214e-01	   2.1593893414774137e-01	  -2.5813014856747164e-03	  -2.7238853681696878e-01	   1.9434912607708910e-01	  -1.6621199935949363e-01	   6.7586896933635593e-02	   8.9774214173864390e-03	   1.2080979977668156e-01	  -1.6071384678523593e-01	  -7.1754912574545734e-02	   1.7026377114463614e-01	   3.3855585422593848e-01	   3.1917151363808732e-01	   8.0815849952156649e-01	   8.9731378736164236e-01	   2.1206133532236318e-01	   3.9481501752123355e-01	   7.0271099493739675e-01	   5.4318043061708943e-01	   2.3598644498554339e-01	   1.5819170069591088e-01	   4.0748213340633338e-01	   3.1531606766626336e-01	  -2.9880912730531445e-01	  -3.7668553235577877e-02	  -2.4974948488777757e-01	   4.1795919786442565e-02	  -1.2510823862375614e-01	   1.8894751989921940e-01	   1.0022322173258674e-01	   1.9641588909426067e-01	  -1.9160693726850829e-02	  -7.1752495617477513e-02	   2.1431070987798194e-02	  -6.7985494347851602e-02	  -1.1026819287239522e-02	  -5.7115458574444056e-02	  -2.1896035322723803e-01	  -2.0311099184054968e-01	  -9.8391824984087911e-02	  -6.6709982181758692e-02	   1.1035975405143400e-01	  -1.6522779061739556e-01	  -1.9159400159226281e-01	  -2.6043269423230775e-01	
   2.9234315447218934e-01	   1.6817509669351291e-01	   8.1876080424934106e-01	   0.0000000000000000e+00	   2.7774120796692248e-01	   3.9976958415455210e-01	   4.9196681064716857e-01	   8.6541277043204423e-01	   1.0836296490316540e-01	   3.4749655575730320e-01	  -1.0063910882005526e-01	   2.4480884276343363e-02	   3.5443607254304972e-03	   1.7834955256302840e-01	   2.3812842714051624e-01	   5.2347388199947376e-01	   1.2565017283068917e-02	  -2.3414346903501037e-02	   4.3204396214551244e-01	   2.2960421840856882e-01	   5.0520909482722098e-01	   5.5652079542884612e-02	   5.5108521270924293e-01	   9.7484389367910584e-01	   4.4336664560050199e-01	   6.1930743855737758e-01	   4.0114271162123433e-01	   4.1163147085217239e-01	  -1.0035681970292296e-01	   1.2227123818287707e-01	   6.6414944714417157e-01	   7.7223316994114832e-01	   8.0378134957273661e-01	   8.5230205359402800e-01	   5.0358232375249168e-01	   4.1343231500336741e-01	  -1.6906604072085815e-01	  -1.2374485783471333e-01	   3.8558901572485749e-01	   2.9752450679439640e-01	   2.2313995145288584e-01	   1.6657384279107595e-01	   3.4244350833359649e-01	   2.4327103747891640e-01	   9.8147846682991313e-02	   1.4213733080047686e-01	   2.6114213889482285e-01	   2.8503928004184520e-01	   1.6600090006441864e-01	   1.4762685464800168e-01	   2.2436492630323132e-01	   1.3939279460998244e-01	   2.6104833000663130e-01	  -7.5589732027256636e-03	   2.8108249593804480e-01	   5.1131573991549384e-01	   2.3022919738962677e-01	   2.2150073996344102e-01	   1.8765406152803055e-01	   3.0474417366838280e-01	   3.2212085914327021e-01	   5.3152534882556646e-01	   3.2953300997050561e-01	   1.1086765626293335e-01	   5.6671336696752950e-01	   9.0185506347400968e-01	   6.0961435941247910e-01	   6.2455556417270242e-01	   2.7198266821538591e-01	   2.0384861121001258e-01	   2.4868468418566209e-01	   1.6279127940262572e-01	   8.9948697613051409e-02	  -4.1983264679319690e-02	   1.2343180376704788e-01	  -9.7343888006675164e-02	   3.2323771392951106e-01	   3.6706978781130117e-01	   1.4302819307396258e-01	   5.3043100968923451e-02	   1.0342307415265737e-02	   4.3745783380750511e-02	   3.4620198854939727e-01	   2.8341503784917654e-01	   4.8943619733383870e-01	   5.5099141523363093e-01	   2.7403107458151804e-01	   1.3796145655458972e-01	   6.8723318385834009e-01	   7.3381023212789598e-01	   3.0622461722681210e-01	   2.3575215669946575e-01	   5.4730325031558902e-01	   1.5210199185922649e-01	  -1.7810061005034178e-01	   1.7838802866705805e-02	  -7.8051807882001348e-02	   2.8210822914490852e-01	   7.6933545778831172e-02	   2.5048264351852917e-01	   4.1706237798323081e-01	   1.3180555263849075e-01	   3.4003402755870438e-01	   1.2520217521154028e-01	   2.6077365398974994e-01	   8.4697508035748714e-02	   4.7172407127992949e-02	   3.1808149549976239e-01	  -2.2973597606978108e-01	  -1.6296855703089508e-01	   1.5360574885348680e-01	   1.0172126978808196e-01	   2.8340607640925680e-01	   1.1442883640401857e-02	  -1.1763249134817219e-01	  -1.9582020058354244e-01	
  -1.9795440180840583e-02	  -1.6360841942004350e-01	   4.6317418781687714e-01	   2.7774120796692248e-01	   0.0000000000000000e+00	   7.0359967873226459e-01	   8.4834525901683544e-01	   3.9322282935813829e-01	   8.9190065990277967e-01	   4.5970238024162557e-01	   1.8891929885690867e-01	   1.9492521790031581e-02	   6.0840873390753558e-01	   1.8479285157565015e-01	   8.5239107468616093e-01	   3.5933923753263514e-01	  -2.4842878007083108e-01	  -4.1848879815233803e-01	  -6.8784608912638878e-02	  -2.5398102163411856e-01	   5.7260039885441227e-01	   2.5780674082396926e-01	   2.0920641607581050e-01	   1.2949397220342477e-02	   4.0012898232741601e-01	   4.7043660733685638e-01	   1.2681334921319914e-01	   2.8488434377846444e-01	  -4.4625299544325286e-02	  -2.1604159465870937e-01	   8.6967172115185593e-02	   4.8820678392955057e-02	   1.8026628719438495e-01	   9.3758939420213350e-02	   1.5976103843247391e-01	   9.2927438462836270e-02	  -1.0779821323076343e-01	   2.3655226599847451e-01	   3.7893591517457931e-01	   1.3322982800890035e-01	   3.6395468711770163e-01	   1.5523707367344844e-01	   2.5789545782652079e-01	   2.7132032352595231e-01	   2.6990942526265366e-01	   5.2186341839912775e-01	   1.0282779311020229e-01	   7.2398755481230564e-02	   1.2186291443264924e-01	   1.7022444670551207e-01	   1.9350123212237313e-01	   2.2414188051524875e-01	   2.4688870972295957e-01	   2.8670233452927496e-01	   9.7218160861550412e-02	   2.0510043051701971e-01	  -4.5263728346732819e-02	   1.4840430000423272e-02	   3.5199092563630602e-01	   3.5042417521161517e-01	   3.9880481495896364e-01	   3.6766930543086052e-01	   1.8555714747411189e-02	  -9.6591490076867570e-02	   5.6575452248589397e-01	   4.6449173128545401e-01	   6.6965116358131138e-01	   5.6582912928504636e-01	   5.6537342906888728e-02	   6.9043934763960743e-02	   2.2182249566081003e-01	  -3.2141565089696629e-02	  -1.6353672113469896e-02	  -2.1939288628192172e-01	  -3.9855426022141378e-02	  -2.1791122608961855e-01	  -1.4965746137720762e-01	  -3.0145485148648637e-01	  -1.4767504909502743e-01	  -3.2768308342193181e-01	   1.1219244485076064e-02	   7.4748907367459025e-02	   3.0057228656338736e-01	   3.0356822653881627e-01	   5.1924357261262566e-01	   3.5813131933187015e-01	   1.9810099144546917e-01	   2.0113577475862968e-01	   6.6961545849803983e-01	   4.5448922798344465e-01	   2.3396867357301143e-01	   3.4855796419164931e-01	   5.2358679879113446e-01	   6.9052808456854697e-01	  -5.5948583563831006e-02	  -5.8169274268497717e-02	  -1.0441935297719530e-01	  -1.1165006721372921e-02	  -7.3252845512798412e-02	   8.9798298382473052e-02	   3.1282080788880073e-01	   6.7661296591396070e-01	   1.8982596379538969e-01	   2.5093382479642540e-01	   3.2840610442693596e-01	   2.3448984767142533e-01	   2.7465865786511162e-01	   1.6278001679228543e-01	  -1.1190673427018161e-01	  -3.3848567636284599e-01	  -1.6277870055805627e-01	  -3.1667051499718235e-01	   1.3296349897941737e-02	  -9.1574160139673594e-02	   1.6255438926386506e-02	   8.8004360428658016e-02	
   3.2018987005060784e-02	  -9.3407957156249541e-02	   5.8247117513684721e-01	   3.9976958415455210e-01	   7.0359967873226459e-01	   0.0000000000000000e+00	   5.6315162051071888e-01	   8.0844798630755643e-01	   6.8330120878843892e-01	   1.0296229810298718e+00	  -1.6696235953084365e-02	   5.9306687347145226e-02	   3.2109768290728485e-01	   3.9548140715152963e-01	   4.9850188046012944e-01	   6.0253936220475846e-01	  -3.2293764069899500e-01	  -4.9021172507044997e-01	  -9.1819529599100849e-02	  -2.8541808308175559e-01	   6.4603195191102536e-01	   2.8927054333079311e-01	   4.4846215026844516e-01	   3.3903781271131017e-01	   6.3887259739476077e-01	   6.0327739280753145e-01	   5.4428865452931774e-01	   7.3697776117993352e-01	  -3.8715728802744359e-01	  -2.2536777093025817e-01	   2.3902979779450453e-01	   3.2230080986899606e-01	   6.8255289231948998e-02	   6.6127291093490193e-02	   4.1322036386793648e-01	   2.1051751460806459e-01	  -1.3831493447881008e-01	  -3.3241018565046466e-03	   3.3824969874448962e-01	   1.2489690290467532e-01	   2.2928878199672170e-01	   2.7772657855154696e-02	  -1.2816891209675113e-01	  -2.1798780624907241e-01	  -2.6672099241413105e-01	  -4.0564708947385716e-02	  -2.1092269912903269e-01	  -3.1250252901020847e-01	  -7.1168768078481284e-02	   8.9087411217200985e-02	   2.0825545929610562e-01	   1.4429697786768422e-01	   4.4858928536125919e-01	   3.5010869331451094e-01	  -1.4330223083499084e-02	   9.0388649368720056e-02	  -7.6264383686674167e-02	  -2.3931032369568439e-01	   1.9974665919498971e-01	   3.5255528059573477e-01	   2.6564575577255178e-01	   6.9256869438402013e-01	  -1.7722454573874857e-01	  -2.9739717813833139e-01	   6.5998559596860495e-01	   7.4057331039334273e-01	   2.6106462524782381e-01	   2.4351517992557922e-01	   3.5662286282821094e-02	  -7.6523473752445670e-02	   3.4509719824255364e-01	   9.7085659679180078e-02	  -8.4406827208827431e-02	  -3.5402418709969036e-01	   5.2410498951455088e-02	  -1.8553472403878421e-01	  -1.6561685072009871e-01	  -1.8913051800077599e-01	   7.2713963600542098e-03	  -4.9998479485996938e-01	  -3.0053730260749079e-02	   1.3535888138658997e-01	   7.9836182960017321e-02	   1.8267160025139625e-01	   3.7998763131864860e-01	   5.3343921536817096e-01	   6.3089792936245462e-02	   2.3066321166375567e-01	   5.5988834605262472e-01	   5.0493951747428811e-01	   2.4164808938532384e-01	   1.3883267900860802e-01	   5.9090245011654718e-01	   3.4788697759096565e-01	  -2.0667761835657367e-01	   8.6402412117988686e-02	  -3.7198444675298997e-01	  -4.8925627292040565e-02	  -2.7282093448739975e-01	  -1.0023612614957621e-03	   3.8876780678840961e-01	   2.6269864962021550e-01	   1.3861344587311383e-01	   1.1867104585239957e-01	   1.5567499036434079e-01	   3.3468154983963702e-02	   3.8184532310568078e-02	   1.2890573591343715e-01	  -3.4614448600938708e-01	  -3.5205287496067650e-01	  -1.5965071692445010e-01	  -2.6374524380362863e-01	   4.5204528416407402e-02	   4.4058779968809171e-03	   3.3662371103504458e-02	  -1.9473826627406807e-02	
   2.1624125458414134e-01	   3.9205224382295935e-02	   5.5965321972955251e-01	   4.9196681064716857e-01	   8.4834525901683544e-01	   5.6315162051071888e-01	   0.0000000000000000e+00	   7.3550325274462158e-01	   7.2017356521550335e-01	   3.9040430709059348e-01	   4.8829262547554281e-01	   1.8201517591765953e-01	   8.3913257213361903e-01	   3.0379046081899169e-01	   7.7994818061013726e-01	   4.3730223929759404e-01	   6.8013698301852735e-02	  -8.8138259543307479e-02	   2.8244032394159363e-01	   5.7433914206676345e-02	   6.4571871388956392e-01	   3.4412109989564837e-01	   2.7653415476747434e-01	   2.3214047246166208e-01	   2.7132055090154850e-01	   4.2259084719642331e-01	   1.0943560501714715e-01	   4.1962152613759990e-01	   3.2071863816722729e-01	   2.0377553042774757e-01	   2.6089304081764647e-01	   2.7020745550476860e-01	   4.3491897190935042e-01	   3.6648907928848318e-01	   8.9755576544062410e-02	  -2.8719937111826240e-02	  -1.6395317116662550e-01	   2.2734280089123364e-02	   5.2578130441889082e-01	   3.2558961672184211e-01	   4.5911564359682078e-01	   1.7239189273403865e-01	   3.8205092415544600e-01	   3.2560743294845379e-01	   2.1606079915774051e-01	   3.8216868878396487e-01	   2.8610650805962623e-01	   2.5430323480615791e-01	   2.2408039303861016e-01	   3.2618516411205439e-01	   2.7995187599054283e-01	   3.0610659796945494e-01	   2.1408327187533316e-01	   2.6448198743728457e-01	   3.6232638945849777e-01	   3.9032357460806688e-01	   7.3690879269582107e-02	   8.8921357939515888e-02	   3.2675163361393156e-01	   2.8437260551117932e-01	   5.8904670007230742e-01	   4.5239052303677579e-01	   3.7869540394357193e-01	   1.1317142469214125e-01	   6.0269388018854397e-01	   5.1903561143166321e-01	   6.0032167342439147e-01	   4.9865106142938154e-01	   1.5066344183404265e-01	   2.4728114310799859e-01	   3.1159035608832203e-01	  -6.4286437412563360e-02	   2.5857115587910673e-01	  -1.0088331163508827e-02	   2.7938158738039709e-01	  -9.2152460298924460e-03	   1.4012409578866339e-01	   7.5182419012726501e-02	   1.7006188734596092e-01	  -6.7403599920630136e-02	   3.3576166307427813e-01	   3.2733326695035159e-01	   3.6804109002373503e-01	   5.3150464027043487e-01	   6.3098074665805293e-01	   4.4268248253802867e-01	   1.7625877330181747e-01	   2.6659430144050955e-01	   6.5204727874191371e-01	   4.5900794240127829e-01	   4.5611718311222627e-01	   5.0119872783009900e-01	   5.8706096863050183e-01	   4.4052257971024572e-01	   1.2440426622466475e-02	   4.3772953360403571e-02	   1.8218289351276643e-01	   2.7595168608978105e-01	   2.8946091964197840e-01	   3.0382028026996299e-01	   3.7375049227882245e-01	   5.9337490255847558e-01	   3.1733601740569417e-01	   3.0282181145623327e-01	   3.1040555616285248e-01	   1.9792218723434851e-01	   2.3439464431700463e-01	   7.9337218037498589e-02	  -1.6553405774116892e-01	  -1.4899733153091826e-01	   1.6665478368632142e-01	   7.1772795008655535e-02	   2.2537720952697143e-01	   1.7116612178508486e-01	   1.3461323272433434e-01	  -6.6244890082276464e-02	
   3.0211174838675703e-01	   1.8956568460962164e-01	   6.7287372158642667e-01	   8.6541277043204423e-01	   3.9322282935813829e-01	   8.0844798630755643e-01	   7.3550325274462158e-01	   0.0000000000000000e+00	   3.8038087637272616e-01	   6.5906098755211240e-01	   1.1693804892859885e-01	   3.6452071604534964e-01	   3.0051895548276608e-01	   6.3933682092147581e-01	   4.2526521228606629e-01	   6.0508511771746543e-01	  -9.4715161670590742e-02	  -5.6048387047089282e-02	   6.5657044877943452e-02	  -1.1654965107883442e-01	   3.9022728541832624e-01	   1.2812027405167425e-01	   4.5390587772586111e-01	   6.1328254261144677e-01	   2.5351685877819735e-01	   2.9942648809201422e-01	   4.1660642601225584e-01	   5.4624716308075350e-01	  -1.5522392977930421e-01	   7.1127170592894071e-02	   2.5045467535519100e-01	   5.1149181480636052e-01	   3.4006037257864091e-01	   3.7451059192983949e-01	   3.5319383077830702e-01	   8.5376538593845447e-02	  -3.0020006004475480e-01	  -1.8033953395808650e-01	   3.8857816915140381e-01	   3.6055082041035597e-01	   2.1793712880987126e-01	  -3.4797225797074584e-03	   1.4596751488739942e-01	   6.2011274426213056e-02	  -8.1879500609658970e-02	   1.3219390647892049e-01	   1.4768909733399505e-01	   2.2986302693052504e-02	   1.3890695702172340e-01	   3.8362451824124438e-01	   3.9296349365721434e-01	   3.6941122543139393e-01	   4.8671627152149799e-01	   3.2434665645436928e-01	   2.9743442158382999e-01	   5.1242607954398178e-01	   1.2154193345519733e-01	   5.0499146509810355e-02	   3.0051945488159237e-01	   5.6789251401834251e-01	   4.8739955391642797e-01	   1.0036598990900503e+00	   6.3491162112782787e-02	   1.0398974531626037e-02	   6.2728292510496475e-01	   9.1829011590866927e-01	   3.6594263789010145e-01	   4.2466832722947090e-01	  -3.5541297894174473e-03	  -6.2583145256174963e-02	   2.1208396168686147e-01	   2.6251514902951384e-01	  -6.0099622031339436e-02	  -1.8513702455538655e-01	   1.5418854192015211e-01	   4.2057245568408688e-02	   1.1555636592971824e-01	   2.1286854531731855e-01	   2.8785464467909383e-01	  -2.8329197786506122e-01	   8.5759829726441028e-02	   2.9589536750302997e-01	   1.0307793893273785e-01	   2.4701296177419699e-01	   3.7589309850529579e-01	   6.3857335758518063e-01	   5.5074251692947267e-02	   2.2098747693276125e-01	   5.9154220649402589e-01	   6.9509694500930908e-01	   4.4594184936839754e-01	   1.4187571983604105e-01	   5.9595647714151168e-01	   2.0635002312705655e-01	  -2.7988775862448062e-01	   9.9821438249726474e-02	  -1.6913568370252702e-01	   2.2674120241106405e-01	   5.4931024481232014e-03	   2.0867928982462813e-01	   3.5862262577035586e-01	   7.8518471358139552e-02	   1.2028984813698616e-01	   5.1887488179285200e-02	   2.3865680897001743e-01	   2.8430738523121356e-02	  -1.0093335069082856e-02	   9.6412377265082810e-02	  -4.8415753922449578e-01	  -3.4900368742494947e-01	  -7.2696923169084285e-02	   6.0264265563640104e-02	   2.7862469339176454e-01	   7.4796007776278775e-02	  -2.0743652165836832e-02	  -1.8026715626167916e-01	
  -1.4678547147032672e-01	  -1.3045124344957224e-01	   2.7667159208599501e-01	   1.0836296490316540e-01	   8.9190065990277967e-01	   6.8330120878843892e-01	   7.2017356521550335e-01	   3.8038087637272616e-01	   0.0000000000000000e+00	   9.6148607407938169e-01	   2.8351841349849982e-01	   3.6466783803707312e-02	   6.9496116846467260e-01	   2.5021796212833991e-01	   8.1055244745117783e-01	   4.9209963829864178e-01	  -1.4850486438547580e-01	  -6.3448831011150719e-01	  -3.2272253823161345e-02	  -9.0491880461274071e-02	   3.8444054406242067e-01	   2.2132057882066711e-01	   2.6172141793126802e-01	   7.7668561710115297e-02	   2.8018089139195756e-01	   4.5092542078996822e-01	   3.3955875084659470e-02	   2.0778671608968444e-01	   1.3548923653945782e-02	  -2.5101653653065964e-01	  -1.1233685165298277e-01	   2.5414633603767639e-02	   3.8928539388098295e-02	   2.5254039978496800e-02	   4.5106095139256360e-03	  -7.3358114154457005e-02	  -1.9871571345262407e-02	   3.3495548317736512e-01	   2.8423821519965375e-01	   1.1559140737498354e-01	   2.0172575457872818e-01	   3.4587528633652015e-01	  -7.1347472045974233e-02	  -3.6591177798872727e-02	  -1.3466159747682258e-01	   5.7840754025652683e-02	  -1.1485366947781878e-01	  -2.4496436326219883e-03	  -7.4387219854926565e-02	   3.3739740632932343e-02	   1.3740567121064506e-01	   1.0816044235115249e-01	   1.7881782194920404e-01	   3.1017518768257102e-01	   6.3083735438735980e-02	   6.4947940598836296e-02	  -2.1676378292613463e-01	  -1.4128946835397654e-01	   2.5348228102809423e-01	   2.5254571831024836e-01	   3.4317700905355947e-01	   3.9597314996107008e-01	  -3.7329159782917384e-02	  -1.0231414439210244e-01	   6.2003543297399610e-01	   4.7210651582513008e-01	   3.5783064693146510e-01	   2.7383478063510602e-01	   1.1389520517330165e-01	   1.8520621889062816e-01	   3.3320899031846529e-01	  -3.1034455370654225e-02	   1.6654782549499780e-01	  -1.7907606479672675e-01	   9.0856840456834856e-02	  -1.1955218469727859e-01	  -2.4315174892644670e-01	  -2.7102299603090096e-01	  -8.9183182990865931e-02	  -2.1670436859716036e-01	   1.0732927390229272e-01	   4.3033730233250481e-02	   3.1522677473298116e-01	   4.3493719187930380e-01	   5.4685494182995043e-01	   3.9129658054539035e-01	   3.0597036376842474e-01	   4.6162550194598105e-02	   6.9316930778193642e-01	   4.4677130695957601e-01	   1.0858675216887999e-01	   4.3425137842984135e-01	   3.9916472308456724e-01	   7.2878399315202824e-01	   5.8809517574888448e-02	   1.3417441471852264e-02	  -7.9021045799498400e-03	   3.8333265103387498e-02	  -7.8918255041334883e-03	   1.1426428284869324e-04	   1.8044928172279101e-01	   5.6227688330559611e-01	   2.1344013971831616e-01	   2.8696715979714726e-01	   2.5481903579328880e-01	   1.8604242031639867e-01	   1.6981553865198251e-01	   2.5008040724482525e-02	  -9.4368300823246015e-02	  -1.3230324836664889e-01	   3.8393808544634249e-02	  -1.3702696226667804e-01	   4.7807895545219158e-02	   1.7490861572579541e-01	   2.4756189075640653e-01	   4.7471760110878752e-02	
  -3.0835136256357115e-02	  -8.1537629982174856e-02	   3.8657940063323126e-01	   3.4749655575730320e-01	   4.5970238024162557e-01	   1.0296229810298718e+00	   3.9040430709059348e-01	   6.5906098755211240e-01	   9.6148607407938169e-01	   0.0000000000000000e+00	  -6.7248669437737696e-03	  -3.5513588844556243e-02	   3.1063666578397142e-01	   3.0529381852096743e-01	   4.8107690334077180e-01	   6.7344542062882484e-01	  -2.9782374880785445e-01	  -6.9984103026074640e-01	  -5.9454890955051291e-02	  -1.6236905848177216e-01	   3.6693917960536554e-01	   9.4896084680550039e-02	   4.5707157896964862e-01	   4.3494683650398014e-01	   4.4554121193607743e-01	   5.1558530821550241e-01	   3.7648847209107222e-01	   4.1113779737887257e-01	  -3.8031435771473010e-01	  -4.0813773700029909e-01	   3.7096446389578347e-02	   3.0301493246037953e-01	   7.9348925767869019e-03	   2.2795154476574937e-02	   2.3130512477060061e-01	   4.0819427924853546e-02	  -5.4450490130859758e-02	   9.3709601107620055e-02	   2.1593772826602059e-01	   8.0648349728214205e-02	  -1.1544388439899465e-02	   1.7331644305734889e-01	  -2.2916382743510960e-01	  -2.8295486499592581e-01	  -4.5134520033502823e-01	  -2.8369416086216814e-01	  -1.8562932627918086e-01	  -1.6854234742887458e-01	  -2.1684858811437957e-01	  -6.1500156306509679e-02	   1.1596117083527518e-01	   1.1397766302182226e-02	   2.9236653828026987e-01	   3.1361622377285286e-01	   2.2822325246518751e-02	   3.6335929641396147e-02	  -1.4593187375296315e-01	  -3.2224639927702081e-01	   5.8883366786248767e-02	   1.9875889846819442e-01	   1.1217721719957671e-01	   5.8128060532816894e-01	  -2.4128779188979146e-01	  -3.7307432410025365e-01	   6.3507506801203140e-01	   6.5158485621288209e-01	   1.1899195857359667e-01	   9.1952011307558257e-02	   6.9753331391416901e-02	   1.4877808147748976e-02	   2.7481916780714344e-01	   4.4077303191235352e-02	  -1.2100081573628510e-02	  -3.7166288371648376e-01	   6.3951684681282803e-02	  -2.2749486043439443e-01	  -2.2416226357607744e-01	  -1.9993197979395247e-01	  -5.2101656742916252e-02	  -3.3795696792131552e-01	  -3.6807904982299765e-02	   2.5550133829173195e-02	   1.4854559232826858e-01	   2.3805549660570319e-01	   3.8852997994873562e-01	   4.7005041416554671e-01	   2.1982751265933295e-01	  -1.9892159094197788e-02	   5.4343762038162757e-01	   4.5916739397366585e-01	   1.2461968664719823e-01	   1.8840846230082417e-01	   4.5257912803844841e-01	   4.7047097100046753e-01	  -7.2487994733872518e-02	   1.1635214832839011e-01	  -2.0242241396729474e-01	   6.6492082489874663e-02	  -1.6391003619082534e-01	  -1.1339989886763343e-02	   2.1693359193920156e-01	   2.1054189856558941e-01	   1.9313643091270227e-01	   2.0769545669066183e-01	   1.6509397802715464e-01	   1.0796548725844199e-01	   1.0056773591515364e-01	   1.2928299754813205e-01	  -2.4462108723995402e-01	  -1.8821447742813285e-01	   1.4706681776824455e-02	  -1.4736688241841765e-02	   8.8157676633291521e-02	   2.4723578498720036e-01	   1.7199952945862096e-01	  -2.0073455076904723e-02	
   3.8088019077368140e-01	   4.4739112718631097e-01	  -6.6739518075483562e-02	  -1.0063910882005526e-01	   1.8891929885690867e-01	  -1.6696235953084365e-02	   4.8829262547554281e-01	   1.1693804892859885e-01	   2.8351841349849982e-01	  -6.7248669437737696e-03	   0.0000000000000000e+00	   2.7291629085949620e-01	   6.5126913261610653e-01	   7.4371677191778854e-02	   2.4004835799971347e-01	  -9.7012151835900451e-02	   5.3945975444518668e-01	   2.7896277090346555e-01	   1.8212316336085480e-01	   1.0486996265953662e-01	   7.9388141484281041e-02	   1.9035796703621499e-01	  -3.0344270289638881e-01	  -2.7056613622130732e-01	  -2.9265867967963960e-01	  -2.1756507279123724e-01	  -3.2651769306514189e-01	  -7.0598849663206356e-02	   6.2505558288865459e-01	   1.7096876610292244e-01	  -1.5266235383747423e-01	  -2.1404097324788640e-01	   1.2935399332116754e-01	  -3.6026336681949572e-02	  -5.0587596081321740e-01	  -6.1808377830553207e-01	   1.2550758893417824e-01	  -1.4195155560346459e-01	   2.4306960085183321e-01	   1.6233113744216521e-01	   2.9904748783902091e-01	   1.5502150017799299e-01	   1.2606268412839250e-01	   8.4443032883845429e-02	   2.4296297419448712e-01	   1.6339124466968510e-01	   2.1663938572510119e-01	   1.3463623613353545e-01	   3.2930772171630923e-01	   1.4655463624678908e-01	   4.8450385123663696e-02	   4.3651403956018991e-02	  -1.9439447503478052e-01	  -6.1619614820525304e-02	   4.5984088955333446e-01	   1.2252276754601132e-01	   2.1290020645336596e-01	   2.5640026217275547e-01	   3.4458674238943654e-01	   1.1023072356666068e-01	   5.5875394278926738e-01	   7.2093157521156581e-02	   4.5215055067023779e-01	   2.9299933062238515e-01	  -6.4738035535847241e-02	  -2.0915338284452778e-01	   4.3435933184286013e-02	  -6.4504521794807895e-02	   1.1100082782505744e-01	   2.5628950928263233e-01	  -8.6053641707097464e-02	  -2.6197673506788749e-01	   3.4659265711863801e-01	   1.5152092399194667e-01	   3.5772149808969095e-01	   3.8864820883773230e-02	   3.1006488719802695e-02	  -1.5641807940845875e-01	   2.9597244653549476e-01	   1.5862328689187130e-01	   6.1440016972799982e-01	   4.3560178950522277e-01	   3.1570228895668656e-02	   1.9295057244291883e-01	   2.5521383685354626e-01	  -9.1548829792427039e-03	  -3.2247107429575747e-02	   2.0464814560574332e-01	   1.2456149020709065e-01	   9.5054179152881502e-02	   1.9972780804530313e-01	   3.4251165758794183e-01	  -3.2195088149015637e-02	   2.4349207268253525e-01	  -2.9936249490012359e-02	  -2.2984273712387882e-01	   1.8371163877593807e-01	   1.5943738682376521e-01	   4.9766475954141565e-01	   1.7384683160528225e-01	   1.8078454888733073e-01	   5.1169921445761712e-01	   9.7367406749844648e-02	   1.9333857642118388e-01	   1.7112981101932578e-01	   6.0459221071261948e-02	   1.6687456213728186e-01	   5.3655620961636286e-02	  -2.3355620871451538e-01	  -3.0716417264851614e-01	   4.5859060181675355e-02	   9.1281387061572461e-02	  -3.3602497136100147e-02	   4.4831739973464207e-02	   6.1486927263712757e-02	   3.3725870456219824e-02	
   3.2679848421553848e-01	   2.3207518573217872e-01	   5.0992475748053677e-02	   2.4480884276343363e-02	   1.9492521790031581e-02	   5.9306687347145226e-02	   1.8201517591765953e-01	   3.6452071604534964e-01	   3.6466783803707312e-02	  -3.5513588844556243e-02	   2.7291629085949620e-01	   0.0000000000000000e+00	   8.0334944837712280e-02	   9.0082763813865618e-01	  -1.0118924566623320e-01	   1.5539439333870184e-01	   8.2207506497385383e-02	   2.5609151458109247e-01	  -2.5080940259018486e-01	  -1.6659774113234530e-01	  -1.9694090090984234e-01	   2.8381145556839902e-03	  -1.9665522178203079e-01	  -1.0087406885634907e-01	  -1.6262469972031232e-01	  -3.3704619211740761e-01	   4.9403086657018300e-02	   3.7875695124710201e-02	   4.2768082048421772e-02	   2.5853895526259607e-01	  -1.2914077485278944e-01	  -9.1437976402411650e-02	   1.6758697845056397e-01	   8.6524017083339413e-02	   9.9088561966075017e-02	  -1.1322779184765593e-01	   2.6016630152863190e-02	   8.6647633324802284e-02	   1.9548056612563175e-01	   2.7333187652035645e-01	   5.3949885681481971e-02	  -6.2439021323265093e-02	  -7.4681768547988194e-03	  -1.5505890094277336e-02	   3.4868539026808053e-02	   1.7412598448400396e-01	   1.8695463354756075e-03	  -1.6902173891671984e-01	   1.1139246901621865e-01	   2.3472921753905054e-01	   5.1849148811048462e-02	   8.1871922240820530e-02	   9.9179566631292501e-02	  -7.9649519304433494e-02	   2.6218606403458000e-01	   2.1171896485799194e-01	   2.5916729407003353e-01	   2.9553569241174210e-01	   4.8392489276455364e-01	   5.8051922792748878e-01	   4.0004401269552498e-01	   4.6473357751756245e-01	  -2.2208458033423452e-02	   3.9941755074120006e-01	  -1.4076714002998289e-01	   1.3217199713894501e-01	   1.6901332469301866e-01	   2.1978543744072032e-01	  -2.1370170146164391e-01	  -2.0102522319692098e-01	   5.6040338141031272e-02	   3.8759146544531387e-01	  -6.5114634722842027e-02	   6.2068647989074098e-02	   4.9004287206092803e-02	   1.7566381305152945e-01	   1.4512561725680684e-01	   2.0417670903584706e-01	   1.2969112789780313e-01	  -2.7090498128000745e-01	   5.0181184052183518e-02	   2.5004987568471043e-01	  -1.5620115328104664e-01	  -1.2490343119224739e-01	  -7.6918251342888391e-02	   1.5159544480958903e-01	  -9.9726465580262588e-02	   2.7442409600257237e-02	   1.6812615066892947e-01	   3.7974522151544254e-01	   8.3111811754620984e-02	  -2.0115648645398537e-01	  -1.5494958226105736e-02	  -1.2109786952734045e-01	  -2.5647373931447204e-01	  -4.8595945430374980e-02	  -7.9372758014405423e-02	  -9.0204792768658490e-02	   7.7090688132628246e-02	   1.2253012152733089e-02	  -6.4602203048752901e-02	  -1.2232819208251966e-01	  -8.0169962514142754e-02	  -2.3669442979030167e-01	   7.2373037767487880e-02	   6.7340811565049397e-02	  -6.6136378194102910e-02	  -1.3669301436268398e-02	  -2.3950267507169001e-01	  -2.3612147644804368e-01	  -3.4975182274373218e-01	   1.3642058504568169e-01	   3.7270444599694608e-01	  -1.5313008069351942e-02	   7.4688650566175213e-02	   2.8060966739716538e-02	
   1.7684026849311849e-01	   1.9692822829869512e-02	   3.5701371167060708e-01	   3.5443607254304972e-03	   6.0840873390753558e-01	   3.2109768290728485e-01	   8.3913257213361903e-01	   3.0051895548276608e-01	   6.9496116846467260e-01	   3.1063666578397142e-01	   6.5126913261610653e-01	   8.0334944837712280e-02	   0.0000000000000000e+00	   2.9971980157516492e-01	   1.0588897487023086e+00	   5.0675147540277621e-01	   5.1582872179465188e-02	  -1.3114028817331252e-01	   4.2271468931825533e-02	  -1.5655800149378177e-01	   2.9149088014729863e-01	   3.8625883106633285e-01	   2.6566821506094174e-01	   2.3198124117310918e-02	   2.0299637738224471e-01	   1.8527225815215570e-01	   2.4347733261853834e-02	   2.5694279019769661e-01	   3.2048588542251716e-01	  -7.8629643840830071e-02	  -2.8693000980759793e-02	  -4.9553356943037023e-02	   1.2327299685253755e-01	  -3.7645328276068729e-02	  -9.4585786643653271e-03	  -1.7240951533435236e-01	   9.5278894212762658e-02	   1.9175226047859761e-01	   4.2380117020492558e-01	   3.0088725922933424e-01	   1.6340930040843832e-01	   2.5462991070497643e-01	   3.0673578929742390e-01	   2.5996750584987016e-01	   2.3684649117449380e-01	   2.8428127022047406e-01	   2.3266625535191329e-01	   1.8604811394982665e-01	   2.4779727003517921e-01	   3.2830516598705900e-01	   3.2631590127584242e-01	   3.5430887477648781e-01	   1.0948518593535633e-01	   3.4228491103631814e-01	   2.3736918521727030e-01	   2.9189404191322643e-01	  -1.3720359051308554e-02	  -9.2359020376430928e-02	   1.1805503639418588e-01	   6.5311643177156736e-02	   3.4093543459966763e-01	   1.5014122279238357e-01	   1.3442482338146630e-01	  -5.7809502340757570e-03	   5.4276536550778220e-01	   1.4470177064498024e-01	   2.7374635879836556e-01	   1.6939981428312328e-01	   9.3805404062124134e-02	   1.2008541778067536e-01	   2.6282737826818470e-01	  -1.5323124497427036e-02	   2.5551564601582244e-01	  -1.6904877526041130e-02	   3.3598986733125213e-01	   3.1984638734731494e-02	  -4.5738885880916125e-02	  -1.5052205965739618e-01	   1.1311264775785790e-01	  -1.9916522059627753e-02	   3.1789643684994595e-01	   3.5558846686996776e-01	   4.1123476057193026e-01	   4.8830574307139180e-01	   7.1614973853016994e-01	   3.6204143670897121e-01	   2.5637085275683602e-01	   2.9674589449659672e-01	   4.1835833467983657e-01	   2.2974961624500403e-01	   2.3770382483382624e-01	   3.8983009015320214e-01	   2.9150820547841272e-01	   6.0400342407660934e-01	  -3.2104674564684001e-02	  -9.6987089284876038e-02	   2.3320097507359877e-01	   1.6169239654943199e-01	   2.0482533223989133e-01	   1.9841117146495971e-01	   1.2041489185289111e-01	   5.5812523336376541e-01	   7.0379934547538034e-02	   1.6146317367326754e-01	   2.9550934870982870e-01	   2.8442330771010432e-01	   2.5044393831198764e-01	  -1.5116119878103051e-01	  -2.2493378128214855e-01	  -1.6769653332976231e-01	   1.2604324612079509e-01	   7.2826006095216889e-02	  -9.4473073012537462e-03	   1.7775499721716195e-01	   2.6108141352385905e-01	   1.5636118501762795e-02	
