   0.0000000000000000e+00	   5.0118889823275525e-01	   5.7968196472693856e-01	   4.5802766202024792e-01	   7.7129000654495983e-01	   3.2309165404862306e-01	   7.8554707866859952e-01	   5.7649296445149667e-01	   5.4652059029870759e-01	   1.6848751829630543e-01	   9.3338125016508278e-01	   3.5542531063660998e-01	   9.0305624896348358e-01	   3.7497227242364140e-01	   6.2014769316410456e-01	   3.7615256338845154e-01	   1.0525565994372107e-01	   1.1254214348552663e-01	   7.3242105541165436e-01	   4.4134314108292855e-01	   8.9832197991596419e-01	   7.3227851878928474e-01	   4.1356489245462724e-01	   2.0408016092937920e-01	   4.2492471932251175e-01	   9.3778007432318955e-02	   5.2823344714523168e-01	   3.6326457990826921e-01	   6.0300934694514907e-01	   3.4958622258286320e-01	   4.9635176537022718e-01	   3.4255685142491871e-01	   5.3547056188899289e-01	   4.6790999841164838e-01	   2.0188059848587192e-01	   1.0859561289175039e-01	   3.3809760280048712e-01	   1.8720613210223985e-01	   4.2279095923910603e-01	   2.3460904985735354e-01	   3.4148073426546305e-01	   3.7423800712736421e-01	   6.5262004885288027e-01	   5.2332626329935650e-01	   5.4655845203580633e-01	   3.9644011619706371e-01	   5.5649560250629138e-01	   5.8495264185794105e-01	   6.0585833750987117e-01	   5.5597136694901494e-01	   6.1563816688202400e-01	   5.1782420105521321e-01	   4.6947530221594147e-01	   4.6715086419526847e-01	   4.6504529022230584e-01	   5.9816686931366680e-01	   4.2660433552736254e-01	   2.1834632839985157e-01	   7.7153017039851091e-01	   5.6014299401378398e-01	   9.3244857290201533e-01	   5.8456676516736417e-01	   8.1688831463227959e-02	   3.7403032735910519e-01	   3.4966178184564245e-01	   3.2222910855945391e-01	   6.3392848175082839e-01	   4.5297122779521587e-01	   2.5752924013893197e-01	   8.0126937636965101e-02	   8.9854668447651431e-01	   6.6937174365754715e-01	   2.7006792579072980e-01	   1.5326102441055683e-01	   3.1670438415029617e-01	   1.6510091148422201e-01	   6.0612820363960507e-01	   2.2228390850933799e-01	   1.6475021959019862e-01	   6.5281061721603695e-02	   7.6190353125426907e-02	   1.4989850904046259e-01	   5.6422399901863129e-01	   2.0126908761173096e-01	   4.8890832856870858e-01	   3.2707868959779163e-01	   2.4240963105401050e-01	   1.4056313941975945e-01	   6.3013640207330279e-01	   5.8055770274417506e-01	   5.7784570721108508e-01	   4.4114475195815916e-01	   2.0526247309051965e-01	   2.6840211231597222e-01	  -1.7898543537951500e-01	  -5.9283070344233529e-03	   2.5168737322080120e-01	   4.7806074993198877e-01	   7.2290425054698060e-01	   8.9043058022803079e-01	   5.4805073552222350e-01	   6.2344150068877113e-01	   5.1842217828144022e-01	   5.7147535646362690e-01	   1.5661288233457246e-01	  -9.5200689627289614e-02	   2.4900563005027621e-01	   6.3581488556081700e-01	  -3.4868983284212493e-02	   7.0567688663427483e-02	   2.1019168083064446e-01	   5.1928875759877768e-01	   6.7813680933995202e-01	   5.4913356391159740e-01	   2.4073034168558136e-01	  -2.2550990655960845e-01	
   5.0118889823275525e-01	   0.0000000000000000e+00	  -1.6634378475916722e-01	   2.8672985304049003e-01	   1.3127100894467011e-01	   3.5404897857950546e-01	   2.5304451615842379e-02	   4.0545255563358179e-01	   3.7408382223504878e-02	   1.6646190461355476e-01	   2.9845211667098864e-01	   6.5575656758238232e-01	   2.7334949883205456e-01	   8.2304113699038972e-01	  -1.3085471324384264e-02	   3.7788908076511252e-01	   2.3916024460396015e-01	   2.7628783904310805e-01	   1.6767055164550881e-01	   4.6050030458016616e-01	   4.3720439290553487e-01	   6.2704956572391390e-01	  -1.6367015262010531e-01	   4.7875962463842119e-02	  -8.0140812182929080e-02	  -7.3405609717745457e-02	   2.5858702850721099e-01	   2.2518205880030873e-01	   2.6250283135419772e-01	   4.0022587462373604e-01	   1.6012222905126626e-02	   1.5271448010589529e-02	   1.3914198113510357e-01	   4.0701572320242008e-01	  -2.3119667149332362e-01	   6.9282306921759754e-02	   3.4336345498408394e-01	   3.4358068054880819e-01	   6.3500195064758713e-01	   5.6666695883509099e-01	   4.7848433042689281e-01	   3.7171330717392664e-01	   7.8836288479073668e-01	   5.8897769317438531e-01	   4.9900942040713880e-01	   4.8887894668491327e-01	   7.2355385608481937e-01	   6.9151837561139651e-01	   6.8359047623305969e-01	   7.7148416594499558e-01	   7.0344645126678307e-01	   5.7825146341721023e-01	   8.0657344613350035e-01	   6.2829961085066965e-01	   8.0514799622545441e-01	   7.6573486626939991e-01	   5.2979379819009464e-01	   5.6177009833870728e-01	   8.0795137815147500e-01	   8.6657312204190140e-01	   6.6722293943585131e-01	   8.6219710809101624e-01	   2.1657232179318525e-01	   5.7104786598108825e-01	  -1.3105866968622457e-01	   3.0183137455055792e-01	   1.6391964458591948e-01	   4.2377820709824843e-01	   4.5537694792255345e-01	   1.1183379928466093e-01	   4.8126231476693648e-01	   4.5478118750217184e-01	   2.8990945259420436e-01	   3.8863112457338261e-01	   1.3035304933626024e-01	   3.0541769194862051e-01	   2.1255975858327372e-01	   1.5726279054798345e-01	   1.8466442930443122e-01	   1.8890845461868461e-01	   2.8478870639002990e-01	   1.9209968211261763e-01	   1.8233777936862652e-01	   2.2868947273731902e-01	  -9.2345593318855557e-02	   1.2561931696908907e-01	   1.0096458570562075e-01	   6.9742699711622780e-02	   3.5297624099127572e-01	   5.1695418552677252e-01	   4.5824046787814865e-01	   1.1870583039390961e-01	   1.0157359733517458e-01	  -3.4311320232376097e-02	   2.6970831096256438e-02	   2.4782314925642726e-01	   6.2384241677675467e-01	   7.5867629845725615e-01	   8.1739901864838171e-01	   6.9047333850015480e-01	   5.3507246656190499e-01	   4.3506701417936028e-01	   5.3823130870423341e-01	   4.3558164253920795e-01	   1.1478480384472171e-01	  -8.0622481390479381e-02	   2.1705359014410838e-01	   3.9074499113279187e-01	   3.8126725601393970e-02	   6.2138989272298772e-02	   4.3513461114083951e-01	   5.8620176745081531e-01	   5.6532513329261269e-01	   8.1184450572612354e-01	   3.4903645380467996e-01	  -1.5657273578154252e-01	
   5.7968196472693856e-01	  -1.6634378475916722e-01	   0.0000000000000000e+00	   6.1216205270858881e-01	   9.9309003907258342e-01	   1.9743025099411232e-01	   1.1477839863314423e+00	   3.5700279735452128e-01	   9.8595956095660364e-01	   1.3397882404535980e-01	   3.6639554470964009e-01	  -1.0379269884953189e-01	   3.0474639354668787e-01	  -1.9733470402520747e-01	   1.1602109185540597e+00	   4.3515213714360201e-01	  -3.7957960077994574e-01	  -4.0399839058786369e-01	   8.1379702066524218e-01	   2.9384324000602702e-01	   3.4274360381075808e-01	   2.1340653252957573e-01	   1.4256651576110819e+00	   7.2280960422487328e-01	   1.0274495944795798e+00	   4.6118957636865870e-01	   5.8414068659987117e-01	   5.2688012594159739e-01	   2.4821179809257696e-01	  -2.2310331518164400e-01	   7.7035018083808149e-01	   6.2515213081167165e-01	   2.7698337210657115e-01	   1.1751395960662889e-01	   6.6544144299568497e-01	   4.1332487657151196e-01	  -2.3958647345067099e-02	  -4.3832568050725711e-02	  -2.0806850319713913e-01	  -1.9613367820685976e-01	  -2.7949652579585343e-01	   9.9948870381554838e-02	  -2.2058452231171755e-02	  -6.3824960278525036e-02	   7.6048909217198771e-02	  -1.4633974944197128e-01	  -1.0899526486220146e-01	  -3.0533130574263490e-02	  -6.4314804360474959e-02	  -6.8655423548860200e-02	   8.7381449890269261e-03	  -6.2130373551300196e-02	  -1.7587011502969405e-01	   4.1730784240130006e-02	  -2.4326546284635259e-01	   1.4411234331388021e-02	  -1.9080913377987185e-01	  -3.2735872461718291e-01	   7.1709812485811625e-03	  -2.2596147031030139e-01	   2.9598496332362258e-02	   1.9449096338281881e-02	  -4.9594404475912057e-01	  -4.0424443676541322e-01	   8.5464530244242831e-01	   3.0378265405732974e-01	   3.6090387278919045e-01	  -5.3189960491325620e-02	   9.0694012896851712e-03	   1.7514103439975498e-01	   2.8442398366905119e-01	   2.0371109639471571e-01	  -1.4107492554898488e-01	  -2.1998985597694948e-01	   5.6291454382782290e-02	   5.9870914749490779e-02	   3.7346853389742463e-01	  -5.6791614031686165e-02	  -2.7537291232832678e-01	  -1.4891741836483424e-01	  -4.6072023462355993e-01	  -2.4253037498685281e-01	   4.3873933540409532e-01	  -9.6282800406250771e-02	   8.0846195226215101e-01	   3.5135961557855205e-01	   4.7254847514221732e-01	   2.7594687748537500e-01	   5.0107151473234346e-01	   4.2369253257247663e-01	   3.6887428987450227e-01	   8.4232830235737843e-01	   4.0014332339199166e-01	   7.2581675928695555e-01	   1.5744135605689040e-02	   1.0701047924247285e-02	  -2.8330565812151398e-01	  -1.3627544874569719e-01	   4.3602307009010632e-02	   3.2639265951114077e-01	   6.5893963998254798e-02	   3.3500077576600029e-01	  -5.0303517641772322e-02	   2.2989518870765929e-01	   1.7237016505881531e-01	   1.3864407180085103e-01	   9.6976250842621681e-02	   2.1909454701810205e-01	   1.4074243718597670e-01	   9.1820440545138465e-02	  -1.6910760428649627e-02	   1.1231633767390937e-01	   2.1780531516727844e-01	   3.6776044242357753e-02	   3.0527247223917564e-01	   2.4726575455459532e-02	
   4.5802766202024792e-01	   2.8672985304049003e-01	   6.1216205270858881e-01	   0.0000000000000000e+00	   7.7091183736816260e-01	   5.2092090266193658e-01	   6.7705207721648053e-01	   9.3058149777508847e-01	   7.9898645947368063e-01	   4.7213450516194777e-01	   3.8883652320268464e-01	   4.1886898491908475e-01	   2.7030318954476573e-01	   3.4490340350497911e-01	   6.3829940300620736e-01	   7.1797545852230338e-01	  -8.3727635026637423e-02	  -1.2970321201596124e-01	   4.7298712422315575e-01	   5.6638017446714561e-01	   3.0693536482572220e-01	   2.8166166195207493e-01	   6.8228864211405549e-01	   1.0437754785204170e+00	   6.6041416931861674e-01	   6.6567137820649147e-01	   4.3017689074761611e-01	   4.1830746268372421e-01	   2.0714046623476362e-01	   1.5277442803620948e-02	   4.9836715588273156e-01	   5.9545759723797209e-01	   2.1311089452031259e-01	   3.0860656704775918e-01	   4.4081151467472973e-01	   5.4251841416119961e-01	   1.5432514847201574e-02	   5.7591726923521880e-02	  -8.1197659567882816e-03	   1.6250939470545950e-01	   1.5231557298808181e-02	   2.4600144628119780e-01	   3.0615942970665067e-01	   2.7107497963138433e-01	   4.2026837697056063e-01	   2.9967982635345125e-01	   2.3818110407167037e-01	   2.7691567522447974e-01	   2.2471674777344683e-01	   2.0388950216278151e-01	   2.9114418225785532e-01	   2.7884244123279606e-01	   1.4183750437833312e-01	   3.7163308928489147e-01	   3.1082361277338166e-02	   3.5797080890088129e-01	   2.4436602824904990e-02	   1.9384657132789907e-02	   2.2322777238700831e-01	   1.9649798855585521e-01	   1.0803239302261371e-01	   3.3289954832107266e-01	  -3.9809764648063922e-01	  -2.2497489188051034e-01	   5.4673992720444020e-01	   7.1435969173220881e-01	   4.9234114719114019e-01	   4.0609082403098279e-01	   2.7730161715252521e-01	   4.0154716583939787e-01	   1.6252820753514810e-01	   2.7608568285604412e-01	   5.1557565322429305e-02	   1.3962974934399469e-01	   1.3862312951918149e-01	   2.1049559052350508e-01	   4.0581219890412951e-01	   5.5930610713368342e-02	   6.0243171597190434e-02	   1.0777433918329700e-01	  -5.4939849610094314e-02	   1.1114423126130363e-01	   4.7929201987843062e-01	   1.4952839962790329e-01	   7.2000197128009313e-01	   7.1495108443198829e-01	   4.0405763992561228e-01	   3.5860949391158814e-01	   6.2497684137115173e-01	   7.7061680834112056e-01	   4.9568805082583500e-01	   6.5239998121069853e-01	   5.7344827776755092e-01	   3.7934153254850855e-01	   1.0711852965547690e-01	   2.8978904804249928e-01	   7.9813777827337812e-02	   3.2599026601014203e-01	   2.7367558678960896e-01	   4.2193811765880762e-01	   3.9664529370579049e-01	   2.1927053294232815e-01	   2.1474735801349143e-01	   2.4419010954935594e-01	   3.6000715077052370e-01	   8.4691800042281482e-02	   8.6776549366247999e-02	   3.8250969508179378e-01	   3.5830968623510023e-01	   2.1803036391822603e-01	   3.1071296383850200e-01	   2.7387811831674125e-01	   3.0170258348702012e-01	   3.5150430527204740e-01	   5.0628436067715077e-01	   1.2270257078081766e-01	
   7.7129000654495983e-01	   1.3127100894467011e-01	   9.9309003907258342e-01	   7.7091183736816260e-01	   0.0000000000000000e+00	   4.7037877629221159e-01	   9.1959932273010403e-01	   5.2619965579165018e-01	   1.0836224649892883e+00	   3.8536921357044851e-01	   6.1912915152732895e-01	   1.3922452620448481e-01	   5.4626712518208442e-01	   9.4470753020645865e-02	   9.7397859453490898e-01	   5.4789016697875170e-01	  -9.7450148195679126e-02	  -3.1387093499410051e-01	   5.7422821589029138e-01	   3.2636487796288655e-01	   5.7900904024338051e-01	   3.8515090173612754e-01	   8.2588520638855178e-01	   6.3286420100844987e-01	   7.8673411209198685e-01	   5.2963781422144762e-01	   7.9792640579013507e-01	   6.1576905352615918e-01	   2.9343856972877436e-01	  -9.5134375064445817e-02	   5.2759248517872992e-01	   4.8139731355839877e-01	   1.9586132457080130e-01	   1.0301482802835706e-01	   4.4213182325007233e-01	   3.1065608377179205e-01	   7.1640225111053210e-02	   3.6296649642725059e-03	   6.8391381097599638e-02	   5.8325001694394408e-04	  -2.1712129642151065e-02	   1.2236108492009559e-01	   1.6402172977641746e-01	   6.1463154811258809e-02	   1.6397990593772577e-01	   2.0702205645047799e-03	   6.4633564855796133e-02	   8.9006720608690928e-02	   5.4696629806506324e-02	   6.3161399869157309e-02	   1.5511091094310828e-01	   7.5257979594642310e-02	   2.0359069275888379e-02	   1.6474538877122133e-01	  -6.9622849096642347e-02	   1.7204153187086496e-01	   1.0809017284781799e-01	   2.9577265029439217e-02	   1.6617895616520439e-01	   3.1604196740629559e-02	   2.1357324627466356e-01	   2.6052625988634992e-01	  -2.6376232947100364e-01	  -1.9168088062244909e-01	   6.7140654098478925e-01	   5.2205656813818302e-01	   4.2218090777343464e-01	   1.3158110992196972e-01	   2.0430151516581332e-01	   3.0363450510374407e-01	   4.5889962572818216e-01	   3.5111714912275194e-01	   7.8113103495915659e-02	  -1.2934103469694114e-01	   1.8735487972202469e-01	   1.9020368683342520e-01	   3.5434104856045312e-01	  -3.6574905941094520e-02	  -7.7751310141993199e-02	  -1.6631974337925515e-01	  -2.4766504598943673e-01	  -1.5006866823226989e-01	   5.0979802759794435e-01	  -9.1604274823105750e-02	   8.5795551878981446e-01	   4.2978670378333278e-01	   4.8069764246264557e-01	   3.3663670673019036e-01	   5.4585731548625083e-01	   5.4599273813924309e-01	   4.9255631646272635e-01	   6.9763404672775731e-01	   4.9351187271815133e-01	   6.2972678872155075e-01	  -6.5536770233651967e-02	   1.1593614437580881e-01	  -1.4514773315237836e-01	   1.0573618108307518e-01	   2.1948565725483421e-01	   4.3472770224304202e-01	   3.1881302612448903e-01	   3.8734502830884143e-01	   1.4963320344599118e-01	   2.5204169308238045e-01	   2.5218081278276477e-01	   2.0907034793513396e-01	   7.4172735017693685e-03	   4.0872700721465943e-01	   6.6298786492042114e-02	   9.4097436063820317e-02	   8.7998292404850451e-02	   2.1141709997739228e-01	   3.9521118479431594e-01	   2.8654629099543444e-01	   4.5584288766413478e-01	   2.0527902772363719e-02	
   3.2309165404862306e-01	   3.5404897857950546e-01	   1.9743025099411232e-01	   5.2092090266193658e-01	   4.7037877629221159e-01	   0.0000000000000000e+00	   4.1932875601253822e-01	   6.9575764388925265e-01	   6.4279845722463846e-01	   1.0123908918392137e+00	   3.3978984384531946e-01	   5.9153533611143172e-01	   3.7569071627037959e-01	   4.8316060737838351e-01	   5.2328779249552726e-01	   7.3415010887219045e-01	   5.4883412699549758e-03	  -1.1634950496142554e-01	   2.1848103897416363e-01	   4.8775290486199618e-01	   4.1389531123105638e-01	   5.1880563331816143e-01	   2.1789898816349129e-01	   3.2820978239187126e-01	   3.5198367641231909e-01	   5.5769403293086461e-01	   4.3973227296380774e-01	   6.0070341515625469e-01	   3.9219969374729535e-01	   1.8119583209883314e-01	   3.7703885946399207e-01	   4.5528505189105378e-01	   2.9470355894401989e-01	   3.1320306067943082e-01	   4.1291687455147835e-01	   2.7337054292267765e-01	   1.9500525237935870e-01	   2.7371131377758134e-01	   1.9701766986032410e-01	   2.2253905667516047e-01	   1.5379187439144676e-01	   3.3105231468443619e-01	   1.9667600460702375e-01	   1.6638889077609037e-01	   3.0851740591574639e-01	   2.5983721989240138e-01	   1.3063615446777824e-01	   1.7381491562783555e-01	   1.4681786817660958e-01	   1.5267073923632629e-01	   1.2263997739820773e-01	   1.1961251989822001e-01	   4.8516979907915196e-02	   1.6859940884770486e-01	   5.0941391014900993e-02	   1.8612028500563668e-01	   1.2832449894452236e-01	   1.8188663598554808e-01	   1.0566480236114149e-01	   2.1389802902205848e-01	   1.3928398132246070e-01	   4.8966609617552997e-01	  -1.1031443314446525e-01	  -9.3548703213225906e-02	   4.9061035118068269e-01	   7.3372744008844704e-01	   3.7416565892862003e-01	   3.5899919015954734e-01	   3.2524672870645072e-01	   4.2246312550043852e-01	   2.7742633718028115e-01	   4.6981574136838233e-01	   8.6464273905123346e-02	  -1.6807814491355311e-02	  -2.3234330243528079e-01	   9.5226477782830263e-02	   1.2470913312855578e-01	   7.8645268692843370e-02	   8.2647047474742066e-02	   3.2384989488318333e-02	   1.5705560573552718e-01	   3.9041186039841566e-02	   5.6031117137404574e-01	   1.9691437535268033e-01	   4.3690842332749813e-01	   4.0343781923230765e-01	   1.8369630264847714e-01	   1.3257111127214816e-01	   2.9681824609673224e-01	   4.4448921034744415e-01	   4.5383790659402279e-01	   3.6762932838161377e-01	   7.0771782170637232e-01	   1.5861425088809888e-01	   1.3334045744549180e-02	   1.2893624554664054e-01	   7.6418951403267071e-02	   1.8558223011011551e-01	   2.6979317999357566e-01	   4.0608627884367632e-01	   4.7979638616342574e-01	   2.2891348418965865e-01	   3.6975292559016837e-01	   2.9615233603041391e-01	   2.6035197388633857e-01	   4.7464316458404987e-01	  -6.2514457253633790e-02	   3.3576497713216502e-01	  -1.7949396862104522e-01	  -2.4054945997148633e-01	   3.4384830176136588e-01	   4.9993714489491226e-01	   5.9429375506776083e-01	   4.5709974962175437e-01	   2.6035149001135816e-01	   1.8942615235040028e-01	
   7.8554707866859952e-01	   2.5304451615842379e-02	   1.1477839863314423e+00	   6.7705207721648053e-01	   9.1959932273010403e-01	   4.1932875601253822e-01	   0.0000000000000000e+00	   5.7606413062556261e-01	   1.0984039133617920e+00	   2.7773500171458165e-01	   7.3532741247776279e-01	   3.1235052265926783e-01	   6.1260976032134951e-01	   6.4977737179298528e-02	   7.9671846706940552e-01	   4.2375712801268572e-01	  -3.8027569244279746e-01	  -3.3992502785159739e-01	   6.8028217353586307e-01	   3.9890719507084416e-01	   3.7225768637661788e-01	   2.5372097469033905e-01	   8.1135575906768653e-01	   5.7681976921719302e-01	   6.4087197257711859e-01	   3.3451414488185649e-01	   3.4937753550846040e-01	   3.6586735141583282e-01	   3.6375232753712305e-01	   2.2978781336528503e-02	   8.2184072378432316e-01	   6.7907701604241266e-01	   4.2282791821683618e-01	   3.2147465232562650e-01	   6.9075054572227379e-01	   4.9284599573244076e-01	  -5.3747939517613599e-02	   3.1866026964387312e-02	  -1.5844619480924019e-01	  -1.9946714345497329e-01	  -1.5747785011683429e-01	   3.0500562944337151e-01	   1.3018280855976422e-01	   1.1851938514173041e-01	   3.2726287268544413e-01	   9.7204159949680791e-02	   2.2839945055438744e-02	   6.3753783230707392e-02	   1.2904762023293587e-01	   4.0070249739806767e-02	   1.3289168939433016e-01	   1.3958670884968874e-01	  -1.0003221366854312e-01	  -6.5012016448972717e-03	  -1.0016649519535478e-01	   7.7531991277695611e-02	  -1.5592667205694835e-01	  -3.2129753684518025e-01	   1.3928058272461313e-01	  -2.1847460242240418e-02	   3.0862737959907238e-01	   2.8690237334676721e-01	  -3.4852670931646967e-01	  -2.5263796458984911e-01	   1.1464450514842890e+00	   6.6191391107076747e-01	   7.3431110117233123e-01	   3.2893980874984813e-01	  -1.2745706777243232e-01	   1.0474577493271253e-01	   3.5552591196622635e-01	   3.5776810736712533e-01	  -1.0369686652778953e-01	  -8.8147576646270362e-02	   6.3742231129564246e-03	   7.4140854801421893e-02	   4.6773637510063842e-01	   6.2809094433686132e-05	  -2.5321899712114837e-01	  -3.7868497593951986e-02	  -2.6569721359969373e-01	  -1.8571476800705877e-01	   4.9745040607320101e-01	  -8.3319381685460450e-02	   7.7182050637537314e-01	   4.3460887077630911e-01	   1.8692439676786005e-01	   6.2775827542951843e-02	   4.4623320701251201e-01	   3.9043143040292300e-01	   3.2805329344316764e-01	   8.4587228161173045e-01	   4.2993208624687029e-01	   6.5138367670531916e-01	  -1.1593774105801047e-01	  -2.3658763213185951e-02	  -1.5825440131608556e-01	  -2.8457524645863728e-02	   1.2842223292352475e-01	   4.1748554192118326e-01	   2.5296568408686337e-01	   5.0553925796497734e-01	   1.1407233615391062e-01	   2.8675490230475953e-01	   2.1949707818091224e-01	   1.3659083767960545e-01	   2.0312578439480783e-01	   2.8165454202896956e-01	   1.4070272993069755e-01	  -7.1980379384263193e-03	   1.2043627926433548e-01	   2.0966593628933727e-01	   2.2590706826668117e-01	   1.3300920566474653e-01	   2.3503615830568769e-01	  -7.5728550405439105e-02	
   5.7649296445149667e-01	   4.0545255563358179e-01	   3.5700279735452128e-01	   9.3058149777508847e-01	   5.2619965579165018e-01	   6.9575764388925265e-01	   5.7606413062556261e-01	   0.0000000000000000e+00	   6.8371896342612604e-01	   9.0365892189458108e-01	   5.8699270914694646e-01	   7.4577126529144544e-01	   5.5881423529627483e-01	   7.7648488403605742e-01	   4.9907886804199530e-01	   5.7538316053724714e-01	   6.9281473163651561e-02	   7.5860783141739094e-02	   5.2349867083106405e-01	   7.8444345472410848e-01	   3.1653572689112996e-01	   3.8424697788755779e-01	   2.6122377172399674e-01	   3.5028323340628964e-01	   2.3500022679956567e-01	   1.7290845041536701e-01	   2.9340954203965541e-01	   1.7834588870495222e-01	   5.9061471627198991e-01	   3.9447649936207357e-01	   3.3273634712800632e-01	   3.3563832340305105e-01	   2.3784617924170348e-01	   4.4751438000047722e-01	   1.0383313954757700e-01	   3.7874434489654697e-02	   1.6956410181545539e-01	   4.5559852555011146e-02	   1.1838808314396917e-01	   2.0803974786448848e-01	   2.3793278119015548e-01	   3.0055380797055997e-01	   5.2514423293517920e-01	   4.8447192845827586e-01	   6.6928383263984137e-01	   5.3790000731570098e-01	   4.6169966447444183e-01	   4.9537450700922336e-01	   5.0880888302523797e-01	   4.4678863160005428e-01	   3.9914657444970680e-01	   4.5082405513004825e-01	   2.5898141825486387e-01	   4.5013412908873751e-01	   2.3708242996615195e-01	   4.7275877782315695e-01	   1.6421815154372377e-01	   1.7713271690803495e-01	   4.6203659860536783e-01	   5.2608660147911790e-01	   4.2745098994310893e-01	   7.8952095202209693e-01	  -7.2372399088093745e-02	   1.6909936515868465e-01	   3.4528406383458971e-01	   6.2235772885233964e-01	   3.3175711140270997e-01	   3.8272001018068696e-01	   2.8774807685953357e-01	   3.6470988851305591e-01	   4.4110267760184441e-01	   5.8354865088669527e-01	   4.1955003636743227e-01	   4.0519377907350529e-01	   1.9783974320549261e-01	   3.3224491733199557e-01	   3.3785830232712444e-01	   1.4135324737495164e-01	   9.0610245461448607e-02	   2.3377650966248265e-01	   2.2482993402402562e-01	   2.0422191018666186e-01	   5.0519891595179167e-01	  -3.5510265876974312e-02	   4.0030963159102761e-01	   3.2202083353468808e-01	   7.8480591007881267e-02	  -1.4867264781822662e-01	   6.0536619714562523e-01	   7.8191954632626492e-01	   5.8722808398249804e-01	   4.2238146585840874e-01	   5.3047126142917700e-01	   2.2991587076055747e-01	   2.4813892702166725e-02	   2.4645571234175917e-01	   1.5727007454635641e-01	   4.8256380644763153e-01	   5.1997680225490384e-01	   6.4104612650908976e-01	   7.7146255776783002e-01	   3.7772095770789188e-01	   2.8383563083170282e-01	   4.5553051436558600e-01	   1.4836463694075203e-01	  -4.5984185451544285e-03	  -6.8196764324401693e-02	   5.1968914241801856e-01	   9.1652126528469796e-02	   1.3973795686605281e-01	   2.4456424712959729e-01	   4.5541831234501728e-01	   5.1672473197033231e-01	   4.4554479779962408e-01	   2.2523973809734621e-01	  -3.2049676584200569e-02	
   5.4652059029870759e-01	   3.7408382223504878e-02	   9.8595956095660364e-01	   7.9898645947368063e-01	   1.0836224649892883e+00	   6.4279845722463846e-01	   1.0984039133617920e+00	   6.8371896342612604e-01	   0.0000000000000000e+00	   6.3522704703425714e-01	   5.5800462323346878e-01	   3.7302482239799273e-01	   6.1916345712011445e-01	   2.2624083080182694e-01	   9.7990950492687867e-01	   7.1348186875966702e-01	  -2.4344790708618974e-01	  -3.2047496418689991e-01	   5.8139028135112225e-01	   5.2097954315975470e-01	   2.7260512215253740e-01	   2.1417608632771379e-01	   8.1894726255673744e-01	   7.3370703350495792e-01	   8.5932573149076075e-01	   5.7214331633156534e-01	   5.6435816776746250e-01	   5.2445201764188709e-01	   4.3881913031716940e-01	   1.9955536162503701e-02	   7.2440275849753821e-01	   7.4987745721660992e-01	   2.4639980737279554e-01	   2.2518583270674625e-01	   5.3059406764732120e-01	   3.9786228076801067e-01	  -4.3220806206414913e-02	   7.1158853848882320e-02	  -1.7745848481716889e-01	  -1.3324502656356432e-01	  -1.7756665810243355e-01	   2.2648730392015359e-01	   6.0757363110697515e-02	   5.0750677825585296e-02	   1.9635574412419943e-01	  -1.2581311496312010e-02	  -6.8659218039482275e-04	   6.2417397791899962e-02	   4.9436523737240431e-02	   2.6152172041190389e-02	   1.4204759287266053e-01	   1.2344192245113038e-01	  -7.4599245478583790e-03	   1.9069363622552135e-01	  -1.5727232827106960e-01	   8.1873874158436874e-02	  -1.2366760050056108e-01	  -2.5602129950061620e-01	   2.1867193915664176e-02	  -7.4442559286448357e-02	   1.5699599002012490e-01	   3.0181942570808640e-01	  -3.7113076317924715e-01	  -2.5830568848018809e-01	   9.4423999173347450e-01	   6.1012248965346316e-01	   4.0162648219885794e-01	   1.1957544346947796e-01	   1.4476742733815945e-01	   4.5318181601979546e-01	   3.1757687785873856e-01	   3.4179500048608791e-01	   5.4299026541202514e-02	  -8.0817510518532157e-02	   5.4438980382010171e-02	   2.3742407173245542e-01	   2.7060501051310393e-01	   1.1827057947581720e-02	  -1.5753942176780825e-01	   9.9468521173245256e-02	  -1.9477399024227199e-01	  -1.9525155863798865e-01	   3.7942972028866356e-01	  -2.6540115319740848e-02	   6.9593712795004770e-01	   4.6508071511681454e-01	   2.2496393411020899e-01	   1.3816182391435244e-01	   4.5679189767242279e-01	   5.3923556644284087e-01	   4.5088085846689985e-01	   8.8995057807134170e-01	   6.9558888095594607e-01	   6.2821805341144521e-01	   1.2972878292137624e-01	   1.5151745256106286e-01	  -2.5190880494941759e-01	  -3.1314292049565019e-02	   1.0725578556020904e-01	   4.0933532235734826e-01	   2.9186785155178108e-01	   3.9970662472362012e-01	   8.0746737281671366e-02	   2.1217706436611328e-01	   1.3114422981555779e-01	   2.1774009200543221e-01	   1.3415451602067993e-01	   2.3220783070184872e-01	   2.3011603154410637e-01	   1.4571890893365530e-01	   1.9487060691683106e-01	   2.7092903034691779e-01	   3.5431339020209662e-01	   2.2415257989207271e-01	   3.1715350339343112e-01	   5.5342814702270968e-02	
   1.6848751829630543e-01	   1.6646190461355476e-01	   1.3397882404535980e-01	   4.7213450516194777e-01	   3.8536921357044851e-01	   1.0123908918392137e+00	   2.7773500171458165e-01	   9.0365892189458108e-01	   6.3522704703425714e-01	   0.0000000000000000e+00	   3.6339045666131997e-01	   5.5446438423994504e-01	   4.2349334216239382e-01	   5.6726097283377974e-01	   4.3713523244750863e-01	   5.5095901285738069e-01	  -9.3670605763251605e-02	  -1.3987205901146260e-01	   8.1393585908085556e-02	   4.1760555388138143e-01	   9.0438712220223913e-02	   1.4854418563105365e-01	   5.1958219400447453e-02	   1.7113321279976806e-01	   1.0344488040271776e-01	   2.7901670267545675e-01	   2.4267326009608972e-01	   2.1379004432738255e-01	   3.2417264978571381e-01	   1.2431159158655238e-01	   5.4112996910029465e-02	   1.3264628572777673e-01	  -4.7459778144884071e-02	   1.0958022572174408e-01	   9.5900016954822545e-02	  -3.5577018732309396e-02	   1.1359064837233973e-01	  -1.8291460382162689e-02	   1.4737293376850504e-02	   9.8633734537021706e-02	   1.2050829683720660e-01	   1.5556740513741452e-01	   2.1085763882455713e-01	   1.8395448838399109e-01	   3.3095699380559812e-01	   2.6258778091010138e-01	   1.7881897504304362e-01	   1.7922812540013833e-01	   1.9348289329896351e-01	   1.6367528739550094e-01	   1.4360754513444446e-01	   1.7541479050424963e-01	   4.2911663992360183e-02	   2.2452008586145950e-01	  -1.6442625963007076e-02	   1.7696421447483929e-01	  -4.8943408683197213e-03	   1.2567901373238927e-01	   9.6431848194040617e-02	   2.0665875875665851e-01	   1.1145908728970290e-01	   5.3702645132106264e-01	  -1.1131885994909949e-01	  -5.9239298394766847e-02	   3.4073772953633047e-01	   5.8525362498110567e-01	   1.4334716617332285e-01	   1.4443062816605121e-01	   2.3355530416965525e-01	   5.6697678362541915e-01	   2.1918839420748282e-01	   3.5117841052696597e-01	   1.8367068255628974e-01	   4.8321378705379558e-02	  -8.5909259148921308e-02	   1.0710417249829707e-01	  -2.5702764442053412e-03	   3.7610180979561940e-03	  -9.2679532370763290e-02	   2.6147658842789998e-02	   8.4651832339515370e-02	  -5.2696614575511780e-02	   2.9540448011125242e-01	  -1.3894094922669617e-01	   2.7678089598219968e-01	   1.7994307231163192e-01	  -5.8198025343882978e-02	  -2.2608899273275779e-01	   2.9353397054813446e-01	   4.2755729798110820e-01	   3.3056642639514061e-01	   2.8181698656841864e-01	   5.8977292081172317e-01	   1.0917332052131871e-01	   9.4681213567658920e-02	   2.4722775515941220e-01	  -2.4105884520631303e-02	   1.8452564992566964e-01	   1.9006245244104392e-01	   2.8008269236938510e-01	   4.1186867880198563e-01	   1.7145170774995161e-01	   9.0465790353470701e-02	   1.7140530576263549e-01	  -4.7170944508149577e-02	   1.5720245485321377e-01	  -1.6369413971450053e-01	   1.6540227887406617e-01	   9.2505009815701412e-03	   2.7672104681868492e-02	   2.0549523510856027e-01	   3.0527063920022840e-01	   3.9098154006606423e-01	   3.2824296278253084e-01	   1.0332386088175241e-01	   1.3351616130897165e-01	
   9.3338125016508278e-01	   2.9845211667098864e-01	   3.6639554470964009e-01	   3.8883652320268464e-01	   6.1912915152732895e-01	   3.3978984384531946e-01	   7.3532741247776279e-01	   5.8699270914694646e-01	   5.5800462323346878e-01	   3.6339045666131997e-01	   0.0000000000000000e+00	   6.0295079915617900e-01	   1.1120369158102901e+00	   4.7288531309820658e-01	   4.4515956634445680e-01	   3.4500119833757847e-01	  -7.9415142351349513e-02	  -9.7899377122408815e-02	   3.9366539856837962e-01	   3.7765101026173320e-01	   3.3953691149944315e-01	   2.9616662002564675e-01	   2.4721198174544690e-01	   1.9042513434767877e-01	   1.6416590040200696e-01	   3.5330404784297179e-02	   1.7285328189910570e-01	   1.1457645911402936e-01	   3.9168941884426672e-01	   2.2261504349892233e-01	   3.1233109785009278e-01	   2.2950737252324938e-01	   1.7533989894739196e-01	   2.0072188553743991e-01	   1.2600044124224338e-01	   1.1758374665735140e-01	   6.4714319957646066e-02	   6.5453821409285393e-02	   1.4021100570357481e-01	   7.0878104852223817e-02	   2.0629139179691347e-01	   2.8794756264152549e-01	   5.4689020816223066e-01	   5.0310758988338500e-01	   5.7037234018020311e-01	   4.7550206808242651e-01	   5.4240567173770726e-01	   4.4317278803452281e-01	   5.7657474855633439e-01	   4.9029100373339696e-01	   4.8853726882856874e-01	   5.3769909386313941e-01	   3.8861980687437075e-01	   3.1846807751524392e-01	   3.6216554083475827e-01	   5.1854464542365308e-01	  -2.0836456424650023e-02	  -8.5544762084511575e-02	   5.6824257096859587e-01	   3.6212017660131579e-01	   5.8681828399126656e-01	   4.4450360233206948e-01	  -1.3712711749157686e-01	   1.9356732015510544e-01	   3.4790769402856275e-01	   3.4185885840220870e-01	   5.0361955703589445e-01	   4.1641198792446421e-01	  -2.0312640187644764e-02	   1.2317573948988983e-01	   7.0315123935982271e-01	   6.7189795390538387e-01	   8.8804045599037595e-02	   8.1299058418023928e-02	   1.7889846295273126e-01	   1.5946803892758621e-01	   3.9285578450371700e-01	   1.7737740022468390e-01	  -4.8632182072694652e-02	   2.0906172829030192e-02	  -9.5147601426144410e-02	  -4.3482608980787978e-02	   4.3958466273768426e-01	  -3.5291002351180788e-02	   3.7677090928601814e-01	   2.2768140464135067e-01	   3.3908024241041120e-02	  -5.7358056706893416e-02	   4.3738324557639091e-01	   4.2621972802516828e-01	   3.5013751484673683e-01	   4.5158665771031903e-01	   1.8974769696057506e-01	   2.7360541489544715e-01	  -3.2609169521559417e-01	   4.3224673233289178e-02	   1.0997569775712451e-01	   4.2127475088251876e-01	   4.3807194016367534e-01	   5.9751638146866726e-01	   4.1184427355278524e-01	   4.4173238728923608e-01	   2.6149392402258581e-01	   1.1327359485821054e-01	   3.2710118681869341e-03	  -3.6101932780288080e-02	   1.1696916872519170e-01	   2.8851565008910901e-01	   5.0848581266132828e-02	  -1.0678376463052098e-02	   1.4349075430928973e-01	   3.2581541166652728e-01	   4.0944059245542463e-01	   3.6963722231750562e-01	   1.8063170193114664e-01	  -1.9185625029967388e-01	
   3.5542531063660998e-01	   6.5575656758238232e-01	  -1.0379269884953189e-01	   4.1886898491908475e-01	   1.3922452620448481e-01	   5.9153533611143172e-01	   3.1235052265926783e-01	   7.4577126529144544e-01	   3.7302482239799273e-01	   5.5446438423994504e-01	   6.0295079915617900e-01	   0.0000000000000000e+00	   4.6456556847070729e-01	   1.0753834073154862e+00	   1.9121020992664554e-02	   4.3047030619522075e-01	   1.6695935599624417e-01	   1.4769361837438560e-01	   1.1125838348616900e-01	   5.5419562832252622e-01	   2.0616273536309287e-01	   3.4714061556022185e-01	  -1.3350306307923546e-01	   1.5898976387148125e-01	  -3.1085935374148211e-02	   7.7097184928422713e-02	   7.2132347820606920e-03	   8.6459088456880065e-02	   5.2309374174175383e-01	   7.2492581642362430e-01	   1.8421721862506688e-01	   2.7091438182022981e-01	   2.3042507054592370e-01	   5.4544450468874417e-01	  -3.1483561291830560e-02	   1.8059722507897055e-01	   9.2506118413183985e-02	   4.0224474200372995e-01	   1.6945726755841367e-01	   3.3240925274464572e-01	   3.8548713949048674e-01	   5.8001588914726088e-01	   5.8542806542326942e-01	   6.2788989676009388e-01	   7.1893725968640798e-01	   7.1055383453964926e-01	   5.5302545126940805e-01	   5.8225805864993641e-01	   6.0971316502672690e-01	   4.9413099074816746e-01	   4.9654355799025235e-01	   6.5900961729706986e-01	   4.0060622052919681e-01	   3.5585311992911134e-01	   4.4664907742096099e-01	   4.8768144482303311e-01	   1.3702672588388232e-01	   1.0660654552584285e-01	   3.6217890678202669e-01	   5.0921874907270503e-01	   4.4959128685520988e-01	   7.5566960426551677e-01	   1.0561210723293019e-01	   3.9052413035190797e-01	   1.6452983998223614e-01	   6.0699613143468611e-01	   4.0472737974176276e-01	   7.1124082125429577e-01	   9.3142745837725749e-02	   1.1189635858618026e-01	   3.0448760733830654e-01	   4.9329679024257811e-01	   3.1120701808923518e-01	   4.3383261334264728e-01	   5.0355823774288093e-02	   4.0224787925220157e-01	   1.2555262985322324e-01	   2.4204600058367198e-01	   1.9929506615301940e-01	   5.3344638032238456e-01	   4.6392414282272904e-01	   1.6722414806689737e-01	   2.1910976222916287e-01	   2.2755942842431853e-01	  -9.7289092979097463e-03	   2.8136904342481206e-01	  -1.7557713026114438e-01	  -2.2719067479038571e-01	   1.1158986071709903e-01	   3.7743230846785786e-01	   2.3826524919309583e-01	   2.7341695950727829e-01	   3.5923919316461483e-01	   6.0669236764587638e-02	  -4.3530314178094484e-02	   2.6230705365973878e-01	   3.2397965854932348e-01	   5.6883579292022624e-01	   4.4852984726574929e-01	   5.4430159060251682e-01	   5.6635307108062993e-01	   2.3478817049021330e-01	   3.8956154626817474e-01	   1.4926652435717169e-01	   1.6524195116501336e-01	   1.3135395598898050e-01	   2.3801494960530206e-01	   1.9106550681999099e-01	   2.1927461302035167e-01	  -3.9708735340068198e-02	   5.0543003375767315e-01	   5.8549974609015232e-01	   3.7082233202448023e-01	   5.2884699155138504e-01	   1.9296515859675678e-01	  -1.0333813279288705e-01	
   9.0305624896348358e-01	   2.7334949883205456e-01	   3.0474639354668787e-01	   2.7030318954476573e-01	   5.4626712518208442e-01	   3.7569071627037959e-01	   6.1260976032134951e-01	   5.5881423529627483e-01	   6.1916345712011445e-01	   4.2349334216239382e-01	   1.1120369158102901e+00	   4.6456556847070729e-01	   0.0000000000000000e+00	   6.1066996621475933e-01	   4.3650821149647379e-01	   4.3286447983870241e-01	   4.5422136734650440e-02	   7.0478433651675861e-03	   3.7870213594101992e-01	   3.8821326245131510e-01	   2.9295235488677718e-01	   2.5602490722689053e-01	   1.1249282081345373e-01	   5.8774938383770105e-02	   1.6934035405563039e-01	  -1.6634435974685917e-03	   3.2365336236592662e-01	   1.4451674867066000e-01	   3.8663370345937570e-01	   2.8689594898572907e-01	   2.5831682184841021e-01	   1.8565680698212669e-01	   2.0130894375511432e-01	   2.0972400747663228e-01	   8.3942605283660279e-02	   7.9317615484476127e-03	   6.1230453384411257e-02	  -8.2558723860506385e-03	   1.6556735358545127e-01	   3.4947767625253486e-02	   1.6360419057537481e-01	   2.8789869018811171e-01	   3.9080296950396093e-01	   3.5738782981965139e-01	   3.9432338321973032e-01	   3.0450806493188637e-01	   4.1341243236545244e-01	   3.6813556381209017e-01	   5.0070752159618881e-01	   5.0707185750537453e-01	   5.5316932685748998e-01	   5.7736185738146129e-01	   4.8101914268497731e-01	   4.2007836585326636e-01	   3.4387708087698671e-01	   4.5735164095846542e-01	   1.5572705822154773e-01	   1.4018664450347914e-02	   5.1070738852241804e-01	   4.2202316324267491e-01	   7.8578574598259343e-01	   5.8068426634218895e-01	  -4.2197225339027115e-03	   3.1129069713834062e-01	   3.5411327282768618e-01	   3.1471845564429368e-01	   3.8872051925024137e-01	   3.1105983698310286e-01	   1.7931634416890668e-01	   3.0832581929606601e-01	   5.7522574382523617e-01	   6.6805908254534840e-01	   2.1902557079355345e-01	   2.9117493033220799e-02	   1.4776036012398827e-01	   6.9320078333720572e-02	   2.3413147444898888e-01	   8.8165923439723487e-02	  -1.0866812748639649e-02	   1.1792119621277264e-01	  -1.5887511966388466e-02	  -9.7694458984006805e-02	   2.3032792059096738e-01	   5.9135639473314398e-02	   2.4060503242914535e-01	   6.5104138639761083e-02	  -1.3676207582221264e-01	  -1.3154449445869279e-01	   4.6443427932821107e-01	   4.7375291583135898e-01	   4.2710983720251255e-01	   3.4374351300609979e-01	   1.9727501374068435e-01	   1.3063585357898161e-01	  -2.1290284384896430e-01	  -8.6276549890767079e-02	  -8.7804212204987755e-03	   2.3017070559377417e-01	   4.4449270250521555e-01	   6.3874040988272918e-01	   4.7657157725161692e-01	   5.8654683409136876e-01	   2.6896738564367617e-01	   3.0299480372706711e-01	  -1.9297488241292260e-01	  -7.3567922051118229e-02	   1.5793160565673156e-01	   3.3526229813861913e-01	   5.1461828131104351e-02	   4.2158641538452141e-02	   1.8255357033305891e-01	   3.2407552616747143e-01	   4.2546540100565439e-01	   2.8367217756654894e-01	   1.1895212756078054e-01	  -2.0280401229467609e-01	
