   0.0000000000000000e+00	   9.8778938511970604e-01	   9.5743830470022095e-01	   8.2509184078669484e-01	   2.3047836329843924e-01	   4.4772305120428119e-01	   1.0231222276977452e+00	   8.0495381740724148e-01	   5.1542649515666561e-01	   5.4548363869007455e-01	   1.0328193730238633e+00	   5.7569346783805830e-01	   6.8854211049091063e-01	   5.5358268379106412e-01	   7.6252272995366921e-01	   6.8280021214062558e-01	   4.7113313029099280e-01	   3.0254864461830039e-01	   1.1803012423605952e+00	   1.0631833580757037e+00	   6.0479617524896845e-01	   5.9434012110092715e-01	   4.9105628618256703e-01	   5.2377471755834448e-01	   3.7855806870200476e-01	   4.6294061883677606e-01	   5.4001176191360556e-01	   4.8314582867170930e-01	   7.0397131542957314e-01	   6.0342064786055460e-01	   5.5408097085892849e-01	   5.3287607725295194e-01	   7.0360441551333774e-01	   6.1358870039770452e-01	   1.5585025308117634e-01	   1.2516058000516533e-01	   5.2807607269933221e-01	   5.1248101894783615e-01	   7.0761800514860418e-01	   5.6468132259985904e-01	   8.5205460333134475e-01	   8.7038342393232426e-01	   1.3738759247742530e-01	   5.7046367662614478e-02	   1.6872608120760627e-01	   1.3089287143046863e-01	   3.3819960373325764e-01	   2.0651226244413012e-01	   1.7668455790582410e-01	   6.5755419316976829e-02	   1.9930716926294023e-01	   1.5520389710400917e-01	   2.3351616021691579e-01	   1.2378607778593796e-01	   7.7038760625290981e-01	   5.7102057106858384e-01	   1.0431609676160782e+00	   8.6395133859802353e-01	   7.0667982666141571e-01	   6.2438118234341378e-01	   9.0962441511131531e-01	   6.3420998130802642e-01	   3.5730305070851009e-01	   3.3266136453685408e-01	   5.0180603335372365e-01	   4.5893943671950782e-01	   4.5752283087758377e-01	   3.1306117416093066e-01	   8.7354044705031586e-01	   4.9615864969346846e-01	   8.6426994803340240e-01	   7.0062086262384882e-01	   5.7780880683281255e-01	   4.6571026944549554e-01	   5.2317914358013795e-01	   4.1696544162227767e-01	   5.6268929207874341e-01	   5.4522742038833827e-01	   4.6971495796136792e-01	   3.1582623747254079e-01	   8.1344671469555108e-01	   4.9831015873599649e-01	   8.3316427806349802e-01	   8.1203645530266366e-01	   7.6000163835341028e-01	   4.4999649012822335e-01	   7.4760897444130936e-01	   8.2239063427264036e-01	   1.2249167979764022e+00	   8.3717507314577566e-01	   5.1921829348023807e-01	   3.6246506916797672e-01	   4.1962536190905886e-01	   3.6263890833324991e-01	   2.5321306752236672e-01	   6.1503567917063684e-01	   5.1810461641075434e-01	   4.8201673123873440e-01	   4.6640329136516401e-01	   6.3431123257889066e-01	   4.7140548515831016e-01	   5.1607085710334688e-01	   5.6096038124781700e-01	   5.4507652812960050e-01	   3.1116489513063467e-01	   3.2410665553064266e-01	   6.3733611820760150e-01	   2.8571883728500214e-01	   2.6715958931252470e-01	   1.8564734273461042e-01	   1.5693458136716690e-01	   7.2858869680922034e-02	   1.3681146781938316e-01	   2.5969754132208933e-01	   4.6218837781518740e-01	  -4.8727082791105922e-02	
   9.8778938511970604e-01	   0.0000000000000000e+00	   5.7175573803771351e-01	   6.7803485071715375e-01	  -7.3709471900408954e-02	   2.6482257767574069e-01	   5.1312267971521408e-01	   5.7221998119013262e-01	   4.1341923519301715e-02	   3.5021751675709761e-01	   6.7851932924723235e-01	   6.3782448348465748e-01	   3.1721973286237609e-01	   4.6758863953265228e-01	   4.9754101834976217e-01	   4.8481416993150711e-01	   6.0344346444771491e-01	   3.7865085641078511e-01	   7.8846356626793279e-01	   1.0555940237644326e+00	   5.8827172822284535e-01	   5.3204602862850670e-01	   3.6864286509068767e-01	   3.2614550437617790e-01	   6.2297947953390213e-02	   2.1790270108692850e-01	   3.7869049217480877e-01	   4.1231016334013104e-01	   5.3317165348415418e-01	   4.7548587008825788e-01	   5.1583889036870589e-01	   5.2179441801685433e-01	   7.4689767565652498e-01	   7.3764534455374409e-01	   7.8980394380766331e-02	   4.8756546612304927e-02	   4.1217340401451524e-01	   5.3894659242909682e-01	   5.0452651784981972e-01	   5.0349542584527907e-01	   7.5705360837435198e-01	   7.6702537685298577e-01	   1.4185771002226977e-01	   1.2492781905112539e-01	   1.5331084548057897e-01	   1.4173194846661058e-01	   3.5300114904591345e-01	   2.4023803432131699e-01	   9.0390116539307105e-02	  -2.8594936124699506e-02	   2.2601421360374813e-02	   2.8888019314500291e-02	   1.0573025012460902e-01	  -7.8594934492892218e-02	   6.5222924544658989e-01	   5.6040621429171467e-01	   8.1178065651716080e-01	   1.1559971848154713e+00	   4.2932274466748832e-01	   5.0371087089279054e-01	   4.3643469663278556e-01	   3.1313126620741322e-01	   4.6774988977817511e-01	   4.6467078257730376e-01	   1.1238553599652287e-01	   1.3317408860870961e-01	   3.3127471898510397e-01	   2.1504316110074440e-01	   8.9506437294173957e-01	   4.7851716779972198e-01	   6.1497656680092572e-01	   5.6550474870162404e-01	   5.0345354243380713e-01	   4.1082651515581498e-01	   4.7094571053431722e-01	   4.6168672959074569e-01	   4.6198652235576437e-01	   4.5179493659336600e-01	   5.6021801597104648e-01	   2.9000475744048998e-01	   6.8786634756727894e-01	   3.2084135402634795e-01	   5.5152763337327593e-01	   6.0861644351911015e-01	   5.4761522893786774e-01	   2.6421181842254760e-01	   4.6392742178463892e-01	   6.4018555975234048e-01	   8.5639599284541768e-01	   5.1442871165459048e-01	   3.0955029549518237e-01	   7.3880255655964988e-03	   2.0879790087014152e-01	   1.4839061159239542e-01	   3.9327369293089637e-01	   4.3536843891402249e-01	   4.6562237300971998e-01	   3.4475772543690825e-01	   3.6180895991089246e-01	   3.9181799513379517e-01	   6.0062515596940325e-01	   4.1118801046082637e-01	   2.9185346870540413e-01	   2.8447957880844915e-01	   1.2172542983858770e-01	   1.2186611745388484e-01	   5.2449684612591396e-01	   8.7577633290253462e-02	   4.0903475429391684e-01	   1.4396250163121477e-01	   3.8056668391209227e-02	  -2.6499820131593681e-02	   1.2067391909244815e-02	   2.3555682596009594e-01	   3.4070218154567711e-01	  -1.9167988802038288e-01	
   9.5743830470022095e-01	   5.7175573803771351e-01	   0.0000000000000000e+00	   1.0659669561028577e+00	   5.2904746404631187e-01	   5.2086138114485936e-01	   1.2698527767663415e+00	   8.5639388470196254e-01	   7.5436404090933928e-01	   5.4370035737349898e-01	   9.3064032383944995e-01	   6.3013616127977845e-01	   5.8248609764443904e-01	   4.7979622239215658e-01	   1.0427557695401675e+00	   6.6198734068874676e-01	   2.6655006904363121e-01	   3.3926550443933956e-01	   1.0630600392232503e+00	   8.2919731622887149e-01	   6.6101085447166053e-01	   7.2398226872273119e-01	   1.1334406240993236e+00	   9.7948246996233090e-01	   6.7024785153816058e-01	   7.4118968437789612e-01	   8.0761693463918260e-01	   6.4492794744642967e-01	   7.1826992667208489e-01	   6.6567081241291215e-01	   8.3542443923183252e-01	   7.2937991832588600e-01	   8.5099020689344207e-01	   6.9343061029990449e-01	   3.7930423149111592e-01	   3.0238051646512043e-01	   5.0375315706644375e-01	   4.0479977317537846e-01	   5.8654591509192078e-01	   6.1856123369051830e-01	   6.5043423737020944e-01	   7.8793415023840963e-01	   1.6744758774714599e-01	   1.2731515735952723e-01	   2.7114618182950040e-01	   2.2508074047530990e-01	   3.0429564299710155e-01	   2.6658229677379802e-01	   2.6158585615033886e-01	   2.1592127602408792e-01	   2.5394186383934786e-01	   2.3791719204737755e-01	   2.4157616034837515e-01	   3.5178621085586159e-01	   4.4232048429097043e-01	   5.3620796856853636e-01	   5.5879613518519888e-01	   5.5971629743516260e-01	   6.9035921840347270e-01	   6.0491761684690126e-01	   6.7887410707521079e-01	   4.2049070628395036e-01	   2.7604897552649321e-01	   2.5701373146197248e-01	   6.6804749300700483e-01	   4.9152184676848754e-01	   5.3255267035151355e-01	   3.9319463494851720e-01	   6.1947786627941437e-01	   4.7628893536371220e-01	   7.1487865805068984e-01	   5.5990215710965996e-01	   4.5884423899006616e-01	   4.2888454042061930e-01	   4.3792597175164183e-01	   3.1145201665537997e-01	   4.8813040483695869e-01	   5.0434509989061915e-01	   2.6977830551860504e-01	   3.6370434306861366e-01	   4.9923207453011548e-01	   6.2943307871843379e-01	   9.2415167841802470e-01	   8.0833025327043295e-01	   6.9157562777886528e-01	   5.6568764916515002e-01	   7.4428309304650631e-01	   9.9198261835860257e-01	   6.0782103527844400e-01	   8.3333243905600718e-01	   5.1522619628201005e-01	   3.9139574950175621e-01	   5.7574548727403585e-01	   4.8304051481683719e-01	   4.3851189618643543e-01	   6.2464011743911296e-01	   4.0328580527242264e-01	   4.6638434321702604e-01	   3.0050524270634371e-01	   5.3855098766166631e-01	   2.5235610887745946e-01	   4.8138784890340292e-01	   3.6110437803825757e-01	   5.1371995950357363e-01	   2.7974706479672362e-01	   2.9696555448502016e-01	   5.0718163626940715e-01	   2.2319682137914054e-01	   3.6114575572992408e-01	   4.1762045164054751e-01	   2.7916604282969748e-01	   1.7184520510827578e-01	   2.1935783420690455e-01	   2.7112951443573846e-01	   3.9459824104389785e-01	   1.1383453484512385e-01	
   8.2509184078669484e-01	   6.7803485071715375e-01	   1.0659669561028577e+00	   0.0000000000000000e+00	   4.8353092936933406e-01	   8.4816955801602756e-01	   9.7669093637091042e-01	   1.0748365875706376e+00	   6.4739109612666212e-01	   7.7066237978911056e-01	   6.1731105022490684e-01	   7.9634191408581745e-01	   4.8117074626749451e-01	   7.5223954393593906e-01	   8.1375140030536841e-01	   8.7209939007975978e-01	   2.8772550597847674e-01	   3.5941137486709218e-01	   6.8314790475836751e-01	   9.3002962116295906e-01	   6.3298839251184746e-01	   5.8401312086647739e-01	   1.0542639519318753e+00	   1.3209234385164050e+00	   5.1320807193267415e-01	   8.2375518499760958e-01	   8.8023453124501538e-01	   8.1103073552581662e-01	   5.5731743318767790e-01	   6.4843040761090398e-01	   8.2402842107401320e-01	   8.2276331597532160e-01	   8.1518956700350165e-01	   8.8972611429404425e-01	   5.6500035867485310e-01	   5.6541916978925544e-01	   5.4177643897908578e-01	   6.6988688028785426e-01	   6.0389716295199269e-01	   5.4822734895569492e-01	   6.4514889951524035e-01	   8.5404226719052045e-01	   3.1745302899911687e-01	   2.7875653754798868e-01	   4.4431742135476671e-01	   3.9216490255586128e-01	   4.7397798604196595e-01	   4.1486097669262462e-01	   3.7849257923610635e-01	   3.0048332839511327e-01	   3.7152260609939741e-01	   3.7379886184537942e-01	   3.8161613372043923e-01	   3.5636026426723061e-01	   6.6389221955883326e-01	   7.2029162051925544e-01	   6.1160863962887191e-01	   6.1409005770398384e-01	   7.1031959397824818e-01	   7.5568999743385545e-01	   6.6501744948736885e-01	   5.0369541771804782e-01	   4.4338982957578615e-01	   4.4055670983017331e-01	   6.0071504791521380e-01	   6.5060927130628776e-01	   7.9150023114791945e-01	   6.7248445345867192e-01	   6.6916320322428025e-01	   6.2779053110902994e-01	   5.4555320769885807e-01	   4.6541527943049210e-01	   3.6128591776195895e-01	   3.6237499103622256e-01	   3.2617342673422967e-01	   2.3912931225005951e-01	   4.9585371500460296e-01	   6.2358678742517704e-01	   3.3571978243981176e-01	   3.4139969985134899e-01	   6.5968767025942776e-01	   7.6764375434611676e-01	   7.3371556950732020e-01	   7.5389035655621628e-01	   6.8721115637415253e-01	   7.7665131345425320e-01	   5.5505703958470953e-01	   9.1749781375636497e-01	   5.9141781464928123e-01	   7.9422925970930047e-01	   6.7061909872396575e-01	   2.9552218007433978e-01	   6.5804995595671623e-01	   3.7522179376303794e-01	   3.4118808613756302e-01	   5.5201936499362692e-01	   4.8766436432309718e-01	   5.2939824959136450e-01	   4.4606784836863655e-01	   5.9003928066666034e-01	   3.1278143210831100e-01	   3.7479198466205449e-01	   3.8045936166490746e-01	   4.4310102381075678e-01	   2.9297240595126356e-01	   3.3983568878608034e-01	   3.9323711150562440e-01	   1.9102738406061986e-01	   3.0795362078083116e-01	   3.7635626165585379e-01	   3.8960043213401263e-01	   2.7527022089849112e-01	   2.5575914991155990e-01	   2.8566122276552935e-01	   4.1745322146395336e-01	  -5.0449953856397008e-02	
   2.3047836329843924e-01	  -7.3709471900408954e-02	   5.2904746404631187e-01	   4.8353092936933406e-01	   0.0000000000000000e+00	   7.8849571500405968e-01	   5.0604457377978196e-01	   5.0093293890512403e-01	   9.4819301107631737e-01	   4.6504403409338058e-01	   1.6388947444076693e-01	   2.3137220432900746e-01	   2.9521949602492731e-01	   3.8096770725126722e-01	   2.5705380021930718e-01	   4.1232971634451115e-01	  -2.0014539782161753e-01	   2.1943298355001577e-02	   1.5747611407995915e-01	   1.2073505440627018e-01	   2.0215864376432696e-01	   1.7636827847925715e-01	   5.1166816518821556e-01	   6.0423379158987023e-01	   1.0878516888908953e+00	   8.2235261729083531e-01	   4.4974702805790517e-01	   2.5242450912048847e-01	   2.2845163863212753e-01	   2.2060049298758702e-01	   1.1979562347275478e-01	   8.8578201717686128e-02	   9.5283940541806028e-02	   1.1962468403513579e-01	   2.8588198861819303e-01	   4.1903200795880308e-01	   1.4377905004219113e-01	   3.1089934637257531e-02	   1.4885870180900445e-02	  -1.4176065985249826e-02	   5.6576853183559851e-02	   3.3026173881415162e-02	   1.2205712395026564e-02	  -9.2892262879006537e-02	   4.3709287174056359e-02	   2.4221137827557030e-02	   1.7135415036457644e-02	   1.2985469715982658e-02	   1.9612223952758107e-01	   3.1255708268720639e-01	   3.1899470808363106e-01	   2.8034188823425210e-01	   3.2512563714163756e-01	   6.1191507495652442e-01	   4.4807286550552348e-02	   8.6990743023123929e-02	   2.3486596292526202e-01	   7.9816011019285243e-03	   2.9142424866965699e-01	   5.2544293613219750e-01	   3.4628993511654227e-01	   4.1901062532020400e-01	  -5.0845732603713150e-03	  -2.1001946530500820e-03	   5.2961898465245749e-01	   4.7252034299360351e-01	   2.7777898511474386e-01	   2.5056843855609934e-01	   5.4503239648235606e-02	   2.9066818485577672e-01	   1.7677482348725582e-01	   2.4945598066116395e-01	  -4.7177566483390235e-02	   6.0431759060709675e-02	  -7.1926941569957784e-02	  -1.6275785702980489e-01	   8.6188391639445930e-02	   1.8058738112254624e-01	  -1.1268213100142625e-01	  -5.2307093426343813e-02	   4.7633832746554410e-02	   2.7215408237378513e-01	   2.2895549209538552e-01	   2.8879910679498164e-02	   5.1329062032854790e-02	   2.5022120230870015e-01	   1.2551376928237432e-01	   1.4878929259770815e-01	   2.3912456596671836e-02	   5.2261380205259167e-01	   5.1438692398243946e-01	   6.0651571933773685e-01	   7.8347091824876602e-01	   5.4693030647934859e-01	   1.9655025089333730e-01	   4.6776856661994404e-01	   2.1204650367901434e-02	   1.4943783464771024e-01	   1.3024096577897559e-01	   2.7998969518007855e-01	  -1.0853770963314222e-01	   1.4766102422004734e-01	   3.0307386158899297e-01	   2.4371303381900994e-01	   4.8779247385838737e-01	   2.6817768265674075e-01	   9.0588582286831726e-03	   5.2516145978050967e-02	   1.7890750957524590e-01	   2.7710018464943731e-01	   2.3896311795975644e-01	   2.4639703429896653e-01	   2.4240045594517751e-01	   2.1731163787991925e-01	   1.5302113284796537e-01	   1.4948191964126323e-01	
   4.4772305120428119e-01	   2.6482257767574069e-01	   5.2086138114485936e-01	   8.4816955801602756e-01	   7.8849571500405968e-01	   0.0000000000000000e+00	   7.1256616302555031e-01	   8.0770761130236668e-01	   8.8838589052664729e-01	   1.1391136235359833e+00	   3.6190653797910205e-01	   5.2382951567514868e-01	   6.2939722981192925e-01	   7.9551600528657873e-01	   5.3876298142908152e-01	   8.8154272321880689e-01	   2.1831132204809384e-02	   2.1781144197831701e-01	   3.5606944594899276e-01	   4.0279947400428079e-01	   3.6659342293656594e-01	   3.0653677600704232e-01	   5.1100585050771763e-01	   7.1524769975490821e-01	   4.5107800407765647e-01	   7.2739203018376997e-01	   7.9880862047398049e-01	   6.7082336206163029e-01	   4.2367230971407255e-01	   4.4036469561358255e-01	   3.2135881496982405e-01	   3.9598820923977973e-01	   3.1891456176443556e-01	   3.9964516810157619e-01	   3.0032353434104447e-01	   3.7405627422997201e-01	   3.1677838489532867e-01	   4.2412759753328166e-01	   3.2252687246471673e-01	   2.3148905802389930e-01	   2.6999941418746748e-01	   3.7551372574257902e-01	   3.0276855750918802e-01	   2.1901261861213761e-01	   3.2558439823637847e-01	   2.7609213597875171e-01	   4.0076744677091364e-01	   3.3499074595547862e-01	   4.2503354843043489e-01	   4.0817137935105191e-01	   4.7454796797412035e-01	   4.2708576356801226e-01	   5.3514870797599456e-01	   3.9344942969634794e-01	   4.6591270692792919e-01	   4.8945709677556060e-01	   3.1365178673268240e-01	   2.7628793775341010e-01	   5.1784363417612123e-01	   7.2910238745449973e-01	   6.1151999781983413e-01	   7.9765905355847944e-01	   2.5456993289236712e-01	   3.7948449829677872e-01	   5.1708376446701076e-01	   6.2387785697357967e-01	   4.7459920780066078e-01	   3.8217378373003086e-01	   3.4200229252341890e-01	   3.8104938723038234e-01	   2.6120741711101081e-01	   2.7562261556079926e-01	   1.4964072499177716e-01	   2.0602482804924421e-01	   6.4346677558240042e-02	  -1.0045633762365886e-02	   2.2698530749313403e-01	   3.6247005529728293e-01	   2.0799158025253589e-02	   3.5178421058368277e-02	   3.3133782692161623e-01	   4.9777588572730325e-01	   3.9338523385571106e-01	   3.1993011113651554e-01	   3.1897500642568072e-01	   4.7660147741002440e-01	   2.8805422522946617e-01	   4.4748100812707697e-01	   3.3007835804080049e-01	   6.1169052421795289e-01	   6.9006617857114794e-01	   3.6752019969206229e-01	   5.9044468720464571e-01	   3.3879436859528350e-01	   2.8370249307409001e-01	   4.9042890899520419e-01	   3.6166400225573858e-01	   4.5123950776956945e-01	   4.7034725091444657e-01	   4.9031664005457198e-01	   1.3767902479385447e-01	   2.5582770327666876e-01	   3.1635128066732920e-01	   2.7515838413910759e-01	   3.1318111629251910e-01	   2.0893370154448929e-01	   1.8531838227170075e-01	   2.1462249121626525e-01	   2.8774856978461133e-01	   5.0000445242079716e-01	   3.6164451944432713e-01	   3.0558513102484580e-01	   2.8230801478030904e-01	   3.0362539124680471e-01	   2.7828120398331690e-01	  -1.0243037580353975e-01	
   1.0231222276977452e+00	   5.1312267971521408e-01	   1.2698527767663415e+00	   9.7669093637091042e-01	   5.0604457377978196e-01	   7.1256616302555031e-01	   0.0000000000000000e+00	   1.3252188871967574e+00	   1.0213875176445819e+00	   8.0661880087856253e-01	   1.1238807517106713e+00	   7.6352329651927309e-01	   1.1095701986807565e+00	   8.5092777327081881e-01	   9.9416665844817198e-01	   8.4472597778467584e-01	   3.1348040051806492e-01	   3.7096651121003582e-01	   8.9742589936724282e-01	   7.2997876100028647e-01	   6.7095489843006206e-01	   7.3379393911860891e-01	   7.2571720652579197e-01	   7.9504190408182696e-01	   5.4276826205974449e-01	   6.2542225927656403e-01	   7.3665690292439101e-01	   6.1590749015898993e-01	   9.4436940252537527e-01	   8.0408216944926669e-01	   7.6489218264806569e-01	   7.0536026137489316e-01	   7.3290118812192695e-01	   6.7196851739978247e-01	   1.9914935594050578e-01	   1.3839601333639276e-01	   5.6132076454531010e-01	   5.1405418406678294e-01	   6.1211894445091142e-01	   5.5339858682067100e-01	   7.0856073890994453e-01	   7.2001930197330710e-01	   2.6088254052970961e-01	   1.8549066460813188e-01	   3.0303071557945666e-01	   2.5292575036804987e-01	   4.0661837658196281e-01	   3.2710000374575460e-01	   3.6311509883287491e-01	   2.7755612559036980e-01	   3.3446244543510428e-01	   2.9862659092104993e-01	   3.5868389648767834e-01	   2.8212706026977713e-01	   5.7493279557800048e-01	   5.7929693953371952e-01	   5.6660567486939406e-01	   5.0249318238390273e-01	   6.1085196322363711e-01	   6.0299273960480892e-01	   8.3806099126155897e-01	   6.3510508905237562e-01	   2.6502417468961953e-01	   3.6186634247016153e-01	   5.1479160824913728e-01	   5.4210533985115084e-01	   4.2959339209908898e-01	   3.2922687499499642e-01	   4.9815955950658158e-01	   3.0802016780453606e-01	   7.9143057783105952e-01	   7.1313639004766793e-01	   6.0703570009938601e-01	   5.0174070436553897e-01	   5.0295708331299271e-01	   3.1901476417233648e-01	   5.3652238228646865e-01	   5.9196822440142172e-01	   2.8267833644774076e-01	   2.9765107727515200e-01	   5.8779590530882397e-01	   5.9656729605330217e-01	   9.2956113327762246e-01	   7.3775393746615103e-01	   5.7446019037564189e-01	   4.9905162743792020e-01	   6.9214242231442102e-01	   6.9350543205728798e-01	   6.1702417704149726e-01	   8.5222954707586696e-01	   5.4627169969646416e-01	   3.9232793677925426e-01	   5.1598700895478289e-01	   4.0387845832736402e-01	   3.3829705998941911e-01	   6.5037555135839109e-01	   4.8420079665477034e-01	   5.6825192588075635e-01	   4.7458508940204347e-01	   5.8389050431967382e-01	   3.0859840711139824e-01	   4.8984460222452136e-01	   3.5672427837941040e-01	   4.5227608474972048e-01	   1.6890588175748858e-01	   2.5436210238770712e-01	   4.6414383658530600e-01	   2.4558729511219646e-01	   3.4285241741242922e-01	   4.3969958214239924e-01	   2.5410589587442273e-01	   1.5647947217313313e-01	   2.1756589508253552e-01	   2.7640375712497905e-01	   4.3766958132622058e-01	   1.0036389353998254e-01	
   8.0495381740724148e-01	   5.7221998119013262e-01	   8.5639388470196254e-01	   1.0748365875706376e+00	   5.0093293890512403e-01	   8.0770761130236668e-01	   1.3252188871967574e+00	   0.0000000000000000e+00	   8.4096376929416139e-01	   8.3943807105869350e-01	   7.9147122738284981e-01	   1.1074117655818683e+00	   9.2698055360364418e-01	   1.2398701536838004e+00	   7.8904264492466514e-01	   9.4286080350734824e-01	   1.7541736345390005e-01	   2.8559364361589262e-01	   7.3315166402607845e-01	   8.2428179208440788e-01	   5.5079364913652218e-01	   5.9060232543634461e-01	   5.6506341366412693e-01	   7.9961008953983537e-01	   3.9913745289305402e-01	   4.9370280069185901e-01	   5.1550434900111153e-01	   4.7907688168771217e-01	   7.6417945464936587e-01	   7.6611563607966915e-01	   6.1272828970686943e-01	   6.1618264706575410e-01	   6.7571434681574449e-01	   7.3995867930273873e-01	   2.0913550840033859e-01	   2.7448102378712325e-01	   3.6941901010606820e-01	   4.8973046033854428e-01	   4.3394812622977952e-01	   4.2754295236916262e-01	   5.6139833642454495e-01	   6.4316812861880224e-01	   2.7256010960851196e-01	   2.1290158248587826e-01	   3.1548181413589732e-01	   2.5718013135275741e-01	   4.3136342896694352e-01	   3.5126173672698657e-01	   3.6679438748646831e-01	   2.9087799546801985e-01	   3.4671994186003774e-01	   3.2030330321017997e-01	   4.3944695520690225e-01	   2.3442590402442307e-01	   6.0190038111068578e-01	   6.3176310591889318e-01	   3.9913376947994667e-01	   4.1244369313421164e-01	   5.0773924442418028e-01	   6.0853176755456351e-01	   7.1225826967847494e-01	   8.2036277785515710e-01	   1.9587313892341252e-01	   4.4207937072470516e-01	   3.5545302516374500e-01	   5.3146853200943378e-01	   3.8398089823763215e-01	   3.3809508642385988e-01	   4.3493574677325614e-01	   3.2652511090007486e-01	   6.0526886066648755e-01	   7.1104806523996322e-01	   4.5569473460183307e-01	   3.7805106606621192e-01	   3.9251372308954768e-01	   2.1064974092336397e-01	   3.9977683846534706e-01	   5.5909083127634962e-01	   1.6913815429351453e-01	   1.4407857915990779e-01	   5.6749208555052488e-01	   6.2532648010976066e-01	   6.9222515768560611e-01	   6.9840675372164218e-01	   4.1602406574353284e-01	   4.8653391150482089e-01	   3.7297834143673192e-01	   4.8748792338576308e-01	   5.2541540486793126e-01	   7.9399038769070618e-01	   7.1539879768066372e-01	   3.3561032409675318e-01	   6.1089500706704969e-01	   2.4557550040418449e-01	   2.7952189979722619e-01	   7.0278401883169606e-01	   4.4820665282256589e-01	   5.3714171476270356e-01	   5.0963821415949440e-01	   5.5442348706819933e-01	   4.1918764279121157e-01	   2.8719332050847607e-01	   3.9208876549971827e-01	   3.0311348715906761e-01	   2.2929790335543873e-01	   2.0220819553970718e-01	   2.8610275308596028e-01	   3.0531217878978895e-01	   3.4474745640380344e-01	   4.3867558303418014e-01	   2.6184855097982346e-01	   1.8002848617802689e-01	   2.2197443491053181e-01	   2.8356482000882849e-01	   4.0157854880343069e-01	   1.8423093685232060e-02	
   5.1542649515666561e-01	   4.1341923519301715e-02	   7.5436404090933928e-01	   6.4739109612666212e-01	   9.4819301107631737e-01	   8.8838589052664729e-01	   1.0213875176445819e+00	   8.4096376929416139e-01	   0.0000000000000000e+00	   9.4953457067494818e-01	   5.0262453894130443e-01	   4.2950829441595834e-01	   8.0473235918615260e-01	   6.3387552312389595e-01	   7.2803376172424994e-01	   7.7710850276969345e-01	   9.4900694888372054e-03	   2.5340934928626752e-01	   4.7594583016172198e-01	   3.5021509298562487e-01	   3.3714988722466482e-01	   3.6698287350891590e-01	   5.7068725391475805e-01	   6.5323305498172246e-01	   7.2396074232533303e-01	   7.0964232673816097e-01	   6.1551790282842245e-01	   4.3740236425058104e-01	   6.0394822718390684e-01	   6.1288887113473978e-01	   4.3354767363152824e-01	   4.0936524002370073e-01	   3.3952576486806668e-01	   3.2924083911223057e-01	   2.3369921436465763e-01	   2.4845025054631503e-01	   2.4459646174248961e-01	   2.9335986115784207e-01	   3.0929571030440600e-01	   3.7166142968914090e-01	   2.4576969290078735e-01	   3.3530942267295777e-01	   3.4428544076553752e-01	   2.5666003716753083e-01	   3.1729795047227033e-01	   2.8245110538406987e-01	   3.8818918781533984e-01	   3.7474734179202651e-01	   4.5949580222419439e-01	   4.8979459698262628e-01	   5.2063427981138521e-01	   4.3649875841268032e-01	   5.6866420768585024e-01	   6.6298826867570171e-01	   3.4167626846528182e-01	   4.9968396539823656e-01	   2.3250181009508275e-01	   1.0854957404405044e-01	   5.6871388032134884e-01	   5.0667994075605605e-01	   7.4790187362803395e-01	   6.7481686909919136e-01	   1.0980504376286621e-01	   2.4331974231376366e-01	   6.5489812629168520e-01	   6.5959439873783265e-01	   3.7956158201583068e-01	   3.3003281455849687e-01	   1.7770876402528998e-01	   1.8838072684971313e-01	   3.8062655092149705e-01	   3.5603335396018715e-01	   3.4339320982948096e-01	   3.5299732919461813e-01	   2.4739321197710590e-01	   1.2057662250366431e-01	   3.2240006767042900e-01	   4.1944520271492547e-01	   4.9308584392332169e-02	   2.1815665219382679e-01	   2.9118364161411486e-01	   5.5218826412801203e-01	   5.3594060496524976e-01	   4.3201625937165827e-01	   3.1374201200605767e-01	   4.6017022204270608e-01	   3.9313422487876032e-01	   3.6976268714724875e-01	   2.5647021083524796e-01	   7.3027902980208681e-01	   5.7932310741788351e-01	   5.3442714694461457e-01	   5.9489098439007337e-01	   3.9854208030817062e-01	   3.0234264348696466e-01	   7.5661256192928661e-01	   3.9275289792453344e-01	   6.1767786152001192e-01	   4.0178813052268142e-01	   6.2589812992484906e-01	   6.6303099549716790e-02	   2.7075707943783101e-01	   4.0864559485110169e-01	   3.3179817521322519e-01	   3.3481751322025766e-01	   3.0157777116083306e-01	   1.3184644715393104e-01	   3.4252947339887579e-01	   2.8824959133860811e-01	   6.1804055412774117e-01	   4.7352902978491773e-01	   4.1059978487440885e-01	   4.6800112417242712e-01	   3.7985820640026108e-01	   4.4537174735162910e-01	   1.3675774407770422e-01	
   5.4548363869007455e-01	   3.5021751675709761e-01	   5.4370035737349898e-01	   7.7066237978911056e-01	   4.6504403409338058e-01	   1.1391136235359833e+00	   8.0661880087856253e-01	   8.3943807105869350e-01	   9.4953457067494818e-01	   0.0000000000000000e+00	   4.9963497117779399e-01	   5.9198425037790603e-01	   7.4850993122563270e-01	   8.1307395806105975e-01	   8.9065386847958250e-01	   1.3922365783428410e+00	   1.7315923372125744e-01	   3.9207604672772373e-01	   4.3964987392593902e-01	   4.4579544243400915e-01	   5.3158685731323230e-01	   5.3682161598729827e-01	   4.9927190508059827e-01	   5.2088629256179819e-01	   2.8113433270517807e-01	   5.1133064150026408e-01	   8.3193643328460110e-01	   7.8578748415134858e-01	   5.5227212854526875e-01	   6.4737949932189598e-01	   5.0278451226780096e-01	   5.7752105520588548e-01	   4.5363323228839469e-01	   5.1324664433970613e-01	   2.8676624847180210e-01	   2.3097148610704019e-01	   3.2022100267459447e-01	   5.4433970254659314e-01	   3.0986646379079708e-01	   4.8900671802924273e-01	   3.7797616401519124e-01	   4.0743471774372853e-01	   5.1588436924658776e-01	   4.7221368586689200e-01	   5.2913316285675993e-01	   4.8924680103760620e-01	   6.5016395192194532e-01	   6.0296571779915142e-01	   5.8894980171490552e-01	   5.1989852231325173e-01	   5.8275327913296637e-01	   5.2804032723204286e-01	   5.7047555555327778e-01	   3.8489770099828063e-01	   4.6624153340362307e-01	   7.5525418019809465e-01	   2.9191046553494127e-01	   3.3280602518824415e-01	   5.5051825802656429e-01	   5.3683573520402372e-01	   7.2411439052551763e-01	   9.4143428911096183e-01	   3.6107019428384218e-01	   5.6908748903161988e-01	   5.7500232313847166e-01	   6.9370758026983026e-01	   4.8305230423492418e-01	   4.2763910677541905e-01	   3.4245982793367979e-01	   2.0933095185154701e-01	   3.4664830700016280e-01	   3.4318056506930505e-01	   3.4686285929517913e-01	   3.5430185814009268e-01	   2.3420212355220910e-01	   1.9579572548444557e-01	   3.4739729274791581e-01	   4.8235828556215210e-01	   2.0540347675197118e-01	   2.2158875650898852e-01	   4.5121515863215717e-01	   6.7027241656282932e-01	   5.1821940521265253e-01	   5.6201032545398666e-01	   5.8792633694587704e-01	   6.5495044988888451e-01	   2.8521066377374243e-01	   5.4471647944769230e-01	   3.8511848110428332e-01	   6.9712784344715495e-01	   6.2486904563975632e-01	   3.4992684298484744e-01	   4.2677987054289912e-01	   1.4543690578366489e-01	   3.8055700312802987e-01	   6.5230603196407255e-01	   5.9662106024589279e-01	   7.1341146744843720e-01	   5.9050739740932179e-01	   7.1991332858124357e-01	   3.4898052237112509e-01	   2.3499843002911064e-01	   4.2145951300054035e-01	   2.5118505761454329e-01	   2.6753633793416198e-01	   2.8037502992957875e-01	   3.3114036444927081e-01	   3.1802562920630478e-01	   3.9184534505711849e-01	   6.6999182642667010e-01	   5.6864461351068030e-01	   4.6772615187092265e-01	   4.4655464807864370e-01	   3.9224020350261501e-01	   4.3793948271614319e-01	  -6.9666359034086328e-02	
   1.0328193730238633e+00	   6.7851932924723235e-01	   9.3064032383944995e-01	   6.1731105022490684e-01	   1.6388947444076693e-01	   3.6190653797910205e-01	   1.1238807517106713e+00	   7.9147122738284981e-01	   5.0262453894130443e-01	   4.9963497117779399e-01	   0.0000000000000000e+00	   8.7182611584887748e-01	   1.0268997444130752e+00	   7.1928497855471396e-01	   8.6774623284684171e-01	   5.8652794422931853e-01	   4.9768992472200113e-01	   4.3709517409692644e-01	   9.0858066499198720e-01	   7.6333200182768368e-01	   5.9658014951313310e-01	   6.4056344885658445e-01	   5.5046582283079060e-01	   5.2242932717415558e-01	   3.7401135692548171e-01	   4.2219257888897582e-01	   4.8242884363996030e-01	   3.8794512065356268e-01	   1.0841724222113698e+00	   7.9101334662424660e-01	   7.7129611060670478e-01	   7.3512910405666509e-01	   8.2522991271203616e-01	   6.9186576504941855e-01	   1.3520017429824902e-01	  -1.4375649351748412e-02	   5.9793686244911859e-01	   5.7326120439135031e-01	   6.2138314900634273e-01	   6.0857761056044735e-01	   6.9241973295291803e-01	   7.1353278297706368e-01	   1.8241336793236909e-01	   1.1796161609625790e-01	   2.0594795961427526e-01	   1.6626330848060164e-01	   3.5847436070277955e-01	   2.1645754754634866e-01	   2.5110538122236603e-01	   1.5891391464571303e-01	   2.4627165944827073e-01	   2.1990816056569457e-01	   2.2991665471539724e-01	   4.1430442455658578e-02	   5.2670145746215014e-01	   4.8237869627719421e-01	   5.7395564580961100e-01	   6.4131930369038670e-01	   4.9829883465352109e-01	   4.0167567741818511e-01	   7.2210287299112197e-01	   4.3000698046633967e-01	   3.4476248058195363e-01	   3.6913806352855233e-01	   3.6100841487388374e-01	   3.5133361071519692e-01	   2.5570872580304577e-01	   1.4869397552327521e-01	   5.1684074154541526e-01	   2.1387113178880973e-01	   9.0759535013480785e-01	   8.6937501380204651e-01	   7.3586304171077999e-01	   6.3910337611115919e-01	   6.7961489056964897e-01	   5.3536043794261623e-01	   5.9225139333697041e-01	   5.9745320348950515e-01	   3.8631422791203029e-01	   3.7603085825376992e-01	   6.4056800037606876e-01	   4.7979510514430629e-01	   9.1468556064560247e-01	   7.2843789931955516e-01	   6.5556321151581454e-01	   3.7052583148629009e-01	   7.2638538811467201e-01	   5.7755877048494120e-01	   5.4422565247813970e-01	   4.9694871244733019e-01	   3.3315761668083349e-01	   1.6411604812935554e-01	   3.5856896021950380e-01	   2.0038337686968624e-01	   3.2290212296528115e-01	   5.8449349009079843e-01	   4.0410134864253816e-01	   4.5546657889278841e-01	   3.5602882063741448e-01	   4.3134420941394047e-01	   3.7266950164000651e-01	   3.5415394215050888e-01	   2.6427539312166048e-01	   3.0010531999663348e-01	   3.8387168181500841e-02	   1.0872231377925437e-01	   4.5263329881290232e-01	   1.0723966412416513e-01	   4.4792218476527995e-01	   2.5714346828663187e-01	   1.3206556851915471e-01	   2.2945154664679904e-02	   1.0363206283104252e-01	   1.5286259889599546e-01	   3.9467908118711553e-01	   9.5813418063881259e-02	
   5.7569346783805830e-01	   6.3782448348465748e-01	   6.3013616127977845e-01	   7.9634191408581745e-01	   2.3137220432900746e-01	   5.2382951567514868e-01	   7.6352329651927309e-01	   1.1074117655818683e+00	   4.2950829441595834e-01	   5.9198425037790603e-01	   8.7182611584887748e-01	   0.0000000000000000e+00	   7.4486448844235842e-01	   1.2726628714448822e+00	   7.1999977005018312e-01	   7.8465423746417062e-01	   3.1791366665942911e-01	   4.6524827925114220e-01	   5.4516176520519155e-01	   7.8576259736157139e-01	   5.4955609820041063e-01	   5.5388589475262129e-01	   4.9130244077280205e-01	   7.0580555245946264e-01	   2.8562270098534892e-01	   4.0456005827551672e-01	   4.2815544964343100e-01	   4.0500624622393089e-01	   8.5912736800663492e-01	   9.3518629741980730e-01	   7.3988319186511442e-01	   7.6086771778905493e-01	   8.2463390683259885e-01	   9.0130754291026782e-01	   2.5426991737354177e-01	   2.2079908116265423e-01	   3.9472268919687947e-01	   6.2063184200477317e-01	   4.0215448955500499e-01	   5.4776497093263710e-01	   5.1259712947120661e-01	   6.8592326539025583e-01	   3.1884063309163302e-01	   3.2475092491148899e-01	   3.9272021262916834e-01	   3.2983381191316913e-01	   5.2191622060968135e-01	   3.9593574928522846e-01	   4.1773220740944089e-01	   3.0257478583902941e-01	   3.8810637363100053e-01	   3.7576038745738705e-01	   4.0108067183886803e-01	   7.6302646353370945e-02	   5.0708451168611912e-01	   6.8372794733867837e-01	   2.3446639030822489e-01	   3.7558190381842771e-01	   4.6228893625402318e-01	   3.7390269605387355e-01	   5.6504335120458038e-01	   5.5174131127454762e-01	   3.4733424338319036e-01	   5.8431315801638617e-01	   2.2795830958892782e-01	   4.0541724673392893e-01	   3.5157833161409757e-01	   3.0117514032474202e-01	   3.9468982972922312e-01	   2.1863132613265390e-01	   6.2634355520510143e-01	   7.7524126592085885e-01	   6.0033467905972271e-01	   5.8233293797678720e-01	   5.8444377291704885e-01	   5.0534538679352070e-01	   4.7812661768230191e-01	   6.1473973172050844e-01	   2.1955149927345050e-01	   3.0183218252341626e-01	   5.4008290548316873e-01	   6.8735073307784678e-01	   6.0232645723593126e-01	   7.2324256748975668e-01	   4.5241367656403630e-01	   5.0213381226185394e-01	   2.2275498352605014e-01	   3.9295407043104502e-01	   2.8416879764313280e-01	   4.5985326829619089e-01	   4.6615287326028798e-01	   9.3638662490706875e-02	   4.3146368965500470e-01	   7.8406600502469673e-03	   3.2438449632445771e-01	   6.1049356490833095e-01	   4.1019943439277201e-01	   5.3766206465042332e-01	   3.9943993604042671e-01	   4.1656781895003486e-01	   3.8922695769179694e-01	   1.4325152416638995e-01	   1.9089221782736196e-01	   7.5643923292846429e-02	   5.9056941831170821e-02	   5.5430623217406494e-02	   1.8440428788270050e-01	   1.7280119394019788e-01	   6.2109566834636820e-01	   3.9734719816140629e-01	   2.4939422289653113e-01	   1.3749189162571257e-01	   2.2537856811765389e-01	   2.5565015275037195e-01	   4.4195734199467235e-01	   1.1520453779120682e-01	
   6.8854211049091063e-01	   3.1721973286237609e-01	   5.8248609764443904e-01	   4.8117074626749451e-01	   2.9521949602492731e-01	   6.2939722981192925e-01	   1.1095701986807565e+00	   9.2698055360364418e-01	   8.0473235918615260e-01	   7.4850993122563270e-01	   1.0268997444130752e+00	   7.4486448844235842e-01	   0.0000000000000000e+00	   9.8520656640629700e-01	   7.1911243796087310e-01	   7.0559687076022881e-01	   1.8159020646125310e-01	   2.3392083778868736e-01	   6.1345112075451436e-01	   4.3638579560193697e-01	   4.1003738909703102e-01	   4.8974057339124172e-01	   2.3742865330256080e-01	   3.4071583081702328e-01	   2.3558789724628687e-01	   2.9122665893120281e-01	   4.5160951126819676e-01	   3.6736086487079045e-01	   9.7232043459937778e-01	   7.1739357459702213e-01	   4.1448865714876892e-01	   4.0674957448932647e-01	   3.6434796172249562e-01	   3.4976985350992451e-01	  -1.5157729427107966e-01	  -2.1333241003584610e-01	   4.5340455746511193e-01	   4.6172414035843556e-01	   5.2813253119313053e-01	   4.4089509206892646e-01	   4.9103371382786648e-01	   5.4562284637293246e-01	   1.5556067830481116e-01	   7.6412404575920898e-02	   8.9284702914153191e-02	   2.7911360708211631e-02	   3.1156421867852313e-01	   1.6762734685894953e-01	   2.2185842871317790e-01	   1.2222981124527511e-01	   2.4645532801830683e-01	   1.5372184545825171e-01	   2.9208409098719734e-01	   6.3800655411398732e-02	   3.9172042744998264e-01	   4.1283642779122820e-01	   2.2398357341565459e-01	   2.6296011799410385e-01	   3.6059012095749787e-01	   3.2902720234558630e-01	   7.5725787039720838e-01	   7.4161088194313396e-01	   1.2434098473259078e-01	   2.8984906640644076e-01	   2.0739030025415287e-01	   2.8990347920556642e-01	   3.6415306227501193e-02	  -5.1924836561141004e-02	   2.2668697674515786e-01	   3.6858036767014921e-02	   5.3801279229667609e-01	   5.9995935827733538e-01	   5.5013412755903279e-01	   5.2054676687775425e-01	   4.3978157286006037e-01	   2.9935532492844685e-01	   3.1164212636773703e-01	   4.0158432483202450e-01	   7.9220695277808770e-02	   1.7293230094829887e-01	   4.3803518586761481e-01	   3.5602799299804638e-01	   6.0033866734321706e-01	   5.1316725138461228e-01	   2.8489523681740858e-01	   2.1772012531096477e-01	   4.3679299263495225e-01	   3.5410394726839323e-01	   4.6086174220059278e-01	   5.5721912033526066e-01	   3.3148830836081589e-01	   2.0791685532534751e-01	   3.3290773761346065e-01	   1.8660845462280343e-01	   2.4336487260387957e-01	   5.4636154255512492e-01	   3.1343931437867223e-01	   5.1991560113878887e-01	   3.5072253913672441e-01	   4.1332981826214471e-01	   2.6817869410535072e-01	   3.7157181459982824e-01	   2.5826458133449492e-01	   2.4934919474387446e-01	   3.5404998829571557e-02	   6.6437490788062742e-02	   2.4128181388455949e-01	   3.5166188116381020e-01	   2.6530235276374348e-01	   3.8554411294939994e-01	   1.1751606451681254e-01	   3.4785933584365603e-02	   1.1438633459279610e-01	   1.4810318316245558e-01	   3.3174348451439578e-01	   1.4808954361915222e-01	
