   0.0000000000000000e+00	   1.5047952715695787e+00	   9.7458678047242486e-01	   6.9687000593085535e-01	   6.0371750138575409e-01	   7.1058345817977886e-01	   7.7342773145841859e-01	   6.1713839361283840e-01	   5.3046827566227372e-01	   3.9618162554292541e-01	   7.9472221161641587e-01	   9.3531890949902408e-01	   8.1031604646867073e-01	   8.2486651404102251e-01	   9.1226358069351177e-01	   8.5094105617877480e-01	   8.2571761563171686e-01	   6.5924977013738384e-01	   9.3441246595924787e-01	   7.4785831744020748e-01	   6.8788128063557752e-01	   8.1728678197869864e-01	   7.4974816668829980e-01	   4.8783010411288741e-01	   4.7211464975051026e-01	   3.7162209277071701e-01	   4.4624492009551808e-01	   4.2743865611049542e-01	   5.1261448689054989e-01	   5.6892869083300657e-01	   5.5643031139578181e-01	   4.1311213980586931e-01	   1.2146487450802459e+00	   1.2610331856669541e+00	   7.0761846621204783e-01	   6.4415885982266730e-01	   5.2377279687382194e-01	   3.9914088637074840e-01	   6.5442788175549227e-01	   5.4491910300041513e-01	   5.0822057255505793e-01	   5.3635551582131191e-01	   5.6424432734112928e-01	   7.2153173794158654e-01	   8.4808201394832650e-01	   8.0162639956195392e-01	   5.3031319817963407e-01	   7.2184472403087174e-01	   5.8801272685836281e-01	   4.7877393332468965e-01	   6.8684289752065175e-01	   6.2851660172813262e-01	   4.3032215259660805e-01	   6.7873234988660369e-01	   7.8257672558462521e-01	   8.6712180380746939e-01	   1.6207690845532006e+00	   1.1989243258350022e+00	   1.1074317256569002e+00	   6.9480036932226585e-01	   1.2598209645870553e+00	   8.4974243694982765e-01	   1.2677507948949582e+00	   1.0412561149165176e+00	   7.0451987442663000e-01	   9.5610498854449499e-01	   1.1698874583136061e+00	   8.4016246852113008e-01	   9.5713299893184856e-01	   8.2207442547090681e-01	   8.0130665957988412e-01	   7.5369716582930646e-01	   8.9159167852026355e-01	   6.9947653215759109e-01	   9.5496972115569023e-01	   6.0078651857642984e-01	   8.7411646608495253e-01	   9.1514256431868013e-01	   1.9209106296884784e-01	   5.2641134609182982e-01	   7.6336771242572854e-01	   8.7129844498044151e-01	   6.1798475646744477e-01	   6.3811233657327704e-01	   7.7644175311476127e-01	   6.4834208134732907e-01	   5.2496274330927339e-01	   2.3503312703356433e-01	   1.3850396824169569e+00	   8.6738429657985228e-01	   6.4293192035402436e-01	   5.0818524552732991e-01	   3.5489600273221994e-01	   5.7408615113306982e-01	  -1.3803589531482535e-01	  -3.7231055111462952e-01	   6.6036110443800822e-01	   7.1882436860661769e-01	   1.0101174083086937e+00	   9.9968553955098316e-01	   4.1526647592939858e-01	   6.7169508601574035e-01	   4.6976362170441222e-01	   9.8166094081481114e-01	   7.5030276634322524e-01	   4.1608239639923394e-01	   2.3681592213969196e-01	   6.1299928865128783e-01	  -2.0551438793602682e-02	  -2.6891296187707213e-02	   2.1128754347078804e-01	   5.0183576024694088e-01	   4.8324576905783878e-01	   7.8345053253844377e-01	   3.6362744717120049e-01	   6.2004245962995414e-03	
   1.5047952715695787e+00	   0.0000000000000000e+00	   9.2991055618054419e-01	   7.7879723380874488e-01	   5.3615177716913764e-01	   7.4335803628614328e-01	   7.4412329394211196e-01	   6.0647318882587187e-01	   5.6256025431883727e-01	   5.0614901537997159e-01	   6.4257778915116470e-01	   9.7832047669558653e-01	   7.4575896208004200e-01	   7.2324228976660332e-01	   8.7552682813082727e-01	   8.8446613431195853e-01	   7.5896180390087775e-01	   7.1850283562609985e-01	   9.6777567250453400e-01	   8.8302739920342987e-01	   6.1244722749260816e-01	   8.2000672771092031e-01	   7.5727485935729055e-01	   4.4960421861607858e-01	   5.1968653008647614e-01	   3.7014923966855906e-01	   3.6322275670324433e-01	   3.4982291772003032e-01	   5.4135437137250886e-01	   6.3069147652684898e-01	   6.4124706629417882e-01	   5.0673537433023585e-01	   1.0020912102688970e+00	   1.1849713428665147e+00	   6.2890270096221501e-01	   6.0297658397336829e-01	   5.2337350024719920e-01	   4.1146972530990239e-01	   5.2723795841437837e-01	   5.5849688791288887e-01	   5.1798269519207540e-01	   5.9815176415943982e-01	   5.4990082788016958e-01	   6.3898770730567311e-01	   6.7573956785392608e-01	   6.6260600686371263e-01	   5.2623343940495149e-01	   7.3199075717195627e-01	   5.4650802999418424e-01	   4.7477833999984576e-01	   6.7354012546622299e-01	   6.4803276321816694e-01	   5.2413942474513409e-01	   8.0266361640482509e-01	   7.2173101956349039e-01	   8.8501742149071427e-01	   1.3355626711951776e+00	   1.2907140592687856e+00	   9.9414201551414449e-01	   6.5138065191337957e-01	   1.0343475188847298e+00	   7.9490392164884049e-01	   9.8708073467148683e-01	   8.5685990713953919e-01	   6.1541579207153707e-01	   8.0971987680535717e-01	   9.5265862401096979e-01	   6.9462686017581821e-01	   1.1190307876662278e+00	   9.1193909213719815e-01	   7.7165659021328969e-01	   8.6263058030993700e-01	   8.1385151759454755e-01	   6.7625624999246559e-01	   8.3139388053385777e-01	   5.9970240559773413e-01	   8.4955340768854337e-01	   9.4933791931257205e-01	   2.4482159049008778e-01	   6.4534534277401834e-01	   8.4695756322387428e-01	   9.1337303666563063e-01	   6.6558588542107988e-01	   8.0379232863636263e-01	   7.2547351902531421e-01	   7.1373891652287658e-01	   4.5876841659361423e-01	   1.7828044119928818e-01	   1.2395652740889882e+00	   1.0529113978516820e+00	   7.7608859613685055e-01	   5.7848024451526392e-01	   4.0852898029106821e-01	   6.0163208962072878e-01	  -9.5148293679485685e-02	  -2.8286629599382401e-01	   7.6049514236800231e-01	   6.7847512166657054e-01	   1.1385735124313336e+00	   1.0678806506831842e+00	   5.5802982983916594e-01	   7.3339076126694880e-01	   6.4359249517861594e-01	   1.0447128603990672e+00	   8.0220712887742818e-01	   4.5545391353449705e-01	   3.3619926808462197e-01	   6.9703207714876136e-01	   8.9814174889593229e-02	   1.4593307178610579e-01	   3.1605985075088894e-01	   6.3532122745534558e-01	   4.9985713882210553e-01	   9.1445993363647249e-01	   4.2980144006988874e-01	   3.0180384552494180e-02	
   9.7458678047242486e-01	   9.2991055618054419e-01	   0.0000000000000000e+00	   1.0726688836190301e+00	   8.2097199570411261e-01	   9.6687941678485612e-01	   1.4528096240509283e+00	   8.7007387665358515e-01	   8.1227434117302111e-01	   5.5499023403613723e-01	   7.1812451893149509e-01	   7.7281820295894199e-01	   9.8566557996461368e-01	   5.7297289044349986e-01	   1.2315486393670418e+00	   8.8889604940417599e-01	   5.4841669893587175e-01	   4.6100403479067981e-01	   7.1192086520045517e-01	   6.2309759834520573e-01	   7.6029655494567860e-01	   8.2651852708909479e-01	   1.4588620221434510e+00	   9.7739508438299760e-01	   8.6289125278228740e-01	   7.4662664890454200e-01	   5.4898899432936576e-01	   6.0300834465731645e-01	   5.0569775489896118e-01	   5.2699082995039326e-01	   8.8694645860697230e-01	   6.5983032622711357e-01	   8.4512257534851376e-01	   8.3609065346099709e-01	   1.0177517394135962e+00	   8.4696642932562305e-01	   6.9361642216149311e-01	   5.3543599255526442e-01	   7.1424664854325859e-01	   8.2139253872809204e-01	   6.3710518640479397e-01	   7.6350162967868651e-01	   4.9204358011669980e-01	   5.4299639037698411e-01	   6.4780792189471814e-01	   6.2309765909948811e-01	   3.9968455759824056e-01	   6.3550318858422672e-01	   4.1352084037368836e-01	   4.4057556661276337e-01	   5.0486038410558753e-01	   6.1586251706638684e-01	   3.6801324273426161e-01	   7.9313573821342209e-01	   5.3643220586546470e-01	   8.3962952571545602e-01	   7.0600602032129189e-01	   6.8504042522234343e-01	   7.3157929879722217e-01	   4.6817520778170152e-01	   8.4119008698451059e-01	   6.0647455156309549e-01	   7.1682302238222484e-01	   6.0331634437259152e-01	   8.6595014160380557e-01	   9.2564039690173505e-01	   9.4534574080780898e-01	   7.4513911319832715e-01	   6.5327534814100208e-01	   7.6556756159772266e-01	   6.8967175501597466e-01	   4.6022885681075776e-01	   5.7878501150081874e-01	   4.6601593215206788e-01	   5.5224797344313514e-01	   3.4674583619455285e-01	   5.3529047961473863e-01	   7.2745514154498048e-01	   1.7178576658709638e-01	   3.8539270931450237e-01	   6.4406058433482793e-01	   7.4476827252978484e-01	   8.6687988049724374e-01	   8.6022558087098566e-01	   8.1308712139997608e-01	   7.3516940386085550e-01	   6.3513541979691979e-01	   3.4403222100165332e-01	   1.0779074381494917e+00	   1.0842313099831937e+00	   8.1665078658553192e-01	   8.1611404882903849e-01	   5.9420335210472397e-01	   7.6943478832421297e-01	   6.6236863384255038e-02	  -1.2919242160056416e-01	   6.4109564826393295e-01	   5.9693465548341840e-01	   9.0113240803208350e-01	   9.6356232610403525e-01	   3.4972284988560043e-01	   7.7888830748810478e-01	   4.8913687780829140e-01	   9.4929747725415059e-01	   7.2349919337863322e-01	   6.8478281425586074e-01	   2.7913346249478110e-01	   4.8534470290792364e-01	  -7.7439798186332773e-02	   5.5576827388475525e-02	   4.2650383509999845e-01	   6.6067184880509555e-01	   7.2604264271716756e-01	   6.8402642362351063e-01	   4.7117711907868720e-01	   2.8551787455089513e-02	
   6.9687000593085535e-01	   7.7879723380874488e-01	   1.0726688836190301e+00	   0.0000000000000000e+00	   1.0335999298897791e+00	   1.0040337748004620e+00	   1.0411091769995999e+00	   1.3405426933418525e+00	   8.1532449775528404e-01	   5.0385680404350663e-01	   4.1114843305151033e-01	   7.0868209659817638e-01	   7.4620056288788317e-01	   6.0892094016966802e-01	   8.8714769366373714e-01	   9.9569553809628986e-01	   3.4183528309336342e-01	   3.4450689099060883e-01	   7.1775407232345501e-01	   6.7181250503239054e-01	   5.1806917240094452e-01	   5.6097208041404634e-01	   8.4360262954177612e-01	   7.4272151747891524e-01	   1.0493879674483737e+00	   9.5658467692416083e-01	   7.5103557193834902e-01	   6.5239258533368594e-01	   3.4572012007132752e-01	   4.0947349305861391e-01	   8.6622316266227717e-01	   8.8007170380187094e-01	   6.2299048630568599e-01	   7.9220387112763291e-01	   6.4001607353842738e-01	   5.5132626895575498e-01	   2.9603580210553265e-01	   1.3332851263293263e-01	   5.1015084404750544e-01	   4.8751693748833513e-01	   3.6394379910215513e-01	   4.7364986817178489e-01	   2.3646271528766760e-01	   1.9502119691218478e-01	   3.5821345842995761e-01	   3.4376949418069669e-01	   1.7509690224305641e-01	   3.6417368746738715e-01	   2.5112806941578658e-01	   1.9641571493072457e-01	   2.8166293573754009e-01	   2.2876587460274850e-01	   1.4328252056715327e-01	   5.6993875421299167e-01	   3.2511488209462508e-01	   4.6839374140179368e-01	   5.4119380083408786e-01	   7.0383139620388602e-01	   5.4397259396200814e-01	   3.8626619956538299e-01	   7.5859086759603900e-01	   7.5730944720642956e-01	   6.9696114802125975e-01	   7.0106268457146581e-01	   6.8064861845965197e-01	   7.2030068505226186e-01	   6.0185725525479472e-01	   5.2021930911907921e-01	   6.6225194004112886e-01	   7.2096449082308744e-01	   4.0472351447565924e-01	   4.0392810518413091e-01	   4.4200869650726027e-01	   2.7135663230885637e-01	   3.5782844736695923e-01	   1.4937298762932483e-01	   3.3115443374256653e-01	   5.7638690550516736e-01	   4.0483158978387820e-02	   2.6784370913493138e-01	   4.2534751978907115e-01	   4.7281595290538414e-01	   7.2537512472835808e-01	   8.0758116202653019e-01	   5.5245755669967389e-01	   3.8887895291611813e-01	   6.2869066355955472e-01	   3.8756786882248906e-01	   6.8702882687434652e-01	   7.3508458548908484e-01	   6.2384060502979843e-01	   5.1405281902750666e-01	   4.5640896773216061e-01	   4.2048654729091495e-01	   9.5820265263126800e-02	  -1.5024031186916209e-01	   5.1249941644809527e-01	   3.9684650687493778e-01	   6.5344733841328240e-01	   6.8712141028237350e-01	   3.6438352033869081e-01	   5.5599215698159132e-01	   5.2282964121568398e-01	   8.7228354408257480e-01	   5.8259003197900117e-01	   4.5281846415095889e-01	   2.0485610521912434e-01	   4.8333157476316990e-01	  -8.3042988622529790e-02	   2.4517234030989049e-01	   3.8697198605978578e-01	   5.3539657151352182e-01	   6.3225486827956279e-01	   5.1993503904614369e-01	   3.0742874583756458e-01	  -6.5007792296322614e-02	
   6.0371750138575409e-01	   5.3615177716913764e-01	   8.2097199570411261e-01	   1.0335999298897791e+00	   0.0000000000000000e+00	   9.0348046878932231e-01	   9.3201081892138471e-01	   1.0354661303499861e+00	   1.0541170468422023e+00	   5.4355661445522097e-01	   5.6737024647615686e-01	   6.7457721022576989e-01	   8.0695345888587144e-01	   6.8568595619667772e-01	   9.1907770013724432e-01	   7.6729396734954525e-01	   3.0787188234210822e-01	   2.1962345685072901e-01	   4.0373741185962264e-01	   2.8895911411722158e-01	   5.3622392005644792e-01	   3.9077778274319458e-01	   7.4244058817237446e-01	   8.3025997235918003e-01	   9.8671907397504077e-01	   8.5480878382602399e-01	   6.7691168898365406e-01	   5.3747817283164523e-01	   4.3513703322092812e-01	   3.2551809113071190e-01	   7.5083740908380059e-01	   7.0828841632571327e-01	   5.2068444391900148e-01	   5.0688137227913965e-01	   4.8997809910392764e-01	   3.6907634178016574e-01	   2.8317783614700165e-01	   1.9104240571394010e-01	   5.9480523038411071e-01	   3.6541942640184399e-01	   1.3688447124857386e-01	   2.5986809900434177e-01	   3.9752876168654122e-01	   3.1447395901707664e-01	   4.9751513918072932e-01	   4.3048048547289747e-01	   3.5880441460619222e-01	   5.1706494634800337e-01	   3.7946210053226509e-01	   2.6791816299910975e-01	   3.5865933419468982e-01	   2.2312641718158149e-01	   1.7466072071919653e-01	   6.1461457147801635e-01	   4.8490514920506467e-01	   5.1763249571153036e-01	   4.7152060178506511e-01	   4.9950537455789640e-01	   5.1771984045288943e-01	   2.9335032937916533e-01	   6.5885012816875244e-01	   5.3268025730945867e-01	   5.5706761146638761e-01	   4.6707772034495465e-01	   5.3939707597664621e-01	   5.9804053224093390e-01	   4.4928295019002562e-01	   2.8793113932125236e-01	   2.6407192171542782e-01	   3.1368335261031260e-01	   4.7118450833955300e-01	   2.5883479612167382e-01	   4.3717652221240677e-01	   1.4865372891355322e-01	   2.4666313344681617e-01	   2.3174749581803530e-02	   2.9117401202181370e-01	   5.6533322298848776e-01	   2.7112940661352903e-03	   1.7238506254286673e-01	   4.0320078403075327e-01	   3.5956623655371173e-01	   6.2083047273822478e-01	   5.4100314122511983e-01	   5.6889361490223578e-01	   3.2632595529143082e-01	   4.1021388998939912e-01	   2.8667198321877208e-01	   5.3743220689922488e-01	   4.2806317363791058e-01	   3.4265596390894226e-01	   3.1865253224105611e-01	   2.8909983772788722e-01	   3.1446953546890860e-01	   1.6417578925877702e-01	  -2.3618641718647715e-01	   5.0179064559342068e-01	   4.2263927151149910e-01	   5.3838306998854679e-01	   5.1491456907018618e-01	   6.9478546227633581e-02	   3.6023246503677586e-01	   2.3277196938548572e-01	   5.5045428343295677e-01	   4.5874376476649936e-01	   3.6223393456004749e-01	   9.3876038767297360e-02	   3.4517466738977720e-01	  -5.2252644820174686e-02	   9.7085552982275336e-02	   3.2001463912466049e-01	   3.5066991669609082e-01	   3.8814683987252774e-01	   2.8294557652319974e-01	   3.2910297617340978e-01	  -8.9520347268938649e-02	
   7.1058345817977886e-01	   7.4335803628614328e-01	   9.6687941678485612e-01	   1.0040337748004620e+00	   9.0348046878932231e-01	   0.0000000000000000e+00	   7.5933895531947238e-01	   7.4070242451532242e-01	   8.5448749054445572e-01	   6.9315871668762119e-01	   6.5339177151494698e-01	   7.5873310399988092e-01	   8.4149195394331300e-01	   6.1694255169278600e-01	   1.1364110813736983e+00	   1.2587481635897679e+00	   4.6819367960916303e-01	   3.9330917367156942e-01	   5.2535536232482982e-01	   4.5937548826253605e-01	   7.7355371274185769e-01	   7.8910791746993625e-01	   9.1756749436550333e-01	   8.1122611602585237e-01	   8.4675538404201389e-01	   7.8942874423844733e-01	   5.1986482340865903e-01	   5.7259419143253942e-01	   5.8342806098817568e-01	   5.7226219179046167e-01	   7.8595821301396951e-01	   6.4679155851874892e-01	   5.5701978399789587e-01	   6.2120137900851780e-01	   6.5535639980776383e-01	   5.9409211744361612e-01	   6.4674128557351207e-01	   4.8994357580595838e-01	   6.8173478063600468e-01	   6.4226301648972783e-01	   4.8548615760700903e-01	   7.4357551753532103e-01	   4.0046243749525118e-01	   3.4845102360601016e-01	   4.3714174371462178e-01	   4.1537036925573390e-01	   4.2069584410544292e-01	   5.1731225815870330e-01	   3.1337838710662214e-01	   3.3286981131691401e-01	   4.0262248283168467e-01	   3.9917097565966758e-01	   2.8200711699976339e-01	   6.4636127252040299e-01	   5.1764954761818949e-01	   6.0401439801681989e-01	   5.5249274679273208e-01	   5.6090530499905822e-01	   5.9695858248833633e-01	   5.2192704750542140e-01	   7.2628836079439973e-01	   6.9729270456056602e-01	   5.8946099061803769e-01	   4.4160778359822117e-01	   6.7944975722047629e-01	   7.6079869973522107e-01	   5.9158601263394306e-01	   4.4471178400364436e-01	   5.3520725863079388e-01	   5.5843755319856581e-01	   6.6659564338312971e-01	   5.8136745756245956e-01	   5.6486422847929574e-01	   4.5982431624916648e-01	   5.5524359846175608e-01	   2.9802059700348960e-01	   4.4393910791365926e-01	   5.6520819669297795e-01	   9.8536789757644530e-02	   3.0775754319472709e-01	   6.0555832422253009e-01	   5.8161575292918266e-01	   7.8627002330902829e-01	   7.8275933749791526e-01	   8.2890358706764067e-01	   6.5919740750639988e-01	   5.0076593865868246e-01	   2.5381205816558117e-01	   7.9854126868559516e-01	   7.4727352449691220e-01	   7.8407728958399292e-01	   5.5808973589242594e-01	   6.6903097609183371e-01	   5.6930240949927780e-01	   4.6243269298726561e-02	  -5.8055596481916133e-02	   5.8854448503871570e-01	   4.0288432613156167e-01	   8.6953669609123763e-01	   7.5573014399805705e-01	   3.2923240066164028e-01	   5.8765962111088776e-01	   5.6151238289390593e-01	   7.1015527312128579e-01	   6.2339407060431085e-01	   4.5719171985719642e-01	   3.8424526001752229e-01	   5.4754075815821523e-01	  -1.0845614969974390e-01	   5.3697771930338284e-02	   3.4200790145364557e-01	   6.3615331286206822e-01	   6.3168905446378343e-01	   5.4549297049116863e-01	   4.1139850600817862e-01	   2.0881558828370332e-02	
   7.7342773145841859e-01	   7.4412329394211196e-01	   1.4528096240509283e+00	   1.0411091769995999e+00	   9.3201081892138471e-01	   7.5933895531947238e-01	   0.0000000000000000e+00	   1.2107855542833179e+00	   8.3482472656910645e-01	   4.9202814587957755e-01	   6.5339936193722814e-01	   7.3071046795799299e-01	   1.0426705577657012e+00	   6.0418999112377436e-01	   1.0197331568961610e+00	   8.4174202128397280e-01	   4.6011821004676751e-01	   4.1698676389253425e-01	   6.6438091371903529e-01	   6.2065513186223853e-01	   5.6734210446575473e-01	   6.1467473744232737e-01	   1.1321178188406489e+00	   9.4461238550365956e-01	   7.5568430786220397e-01	   6.8766155998704326e-01	   4.2373999601559148e-01	   4.5037173170558426e-01	   4.9863433685077646e-01	   4.9651937817804337e-01	   9.2935835062683769e-01	   8.3414623655718279e-01	   7.6724887628395522e-01	   8.0261822603101296e-01	   7.2220460367295336e-01	   5.7537674471232125e-01	   4.0713892001137719e-01	   3.3607772033504124e-01	   5.3187345207005610e-01	   5.2807678923484125e-01	   4.3740320778335406e-01	   5.3150102960467338e-01	   3.6932557543340910e-01	   4.1558193817539935e-01	   5.1002832933892717e-01	   4.6383798477398547e-01	   2.4069046378959430e-01	   4.7353503913579065e-01	   2.8897478238401331e-01	   2.6167168772664728e-01	   3.2078752791240811e-01	   3.7561179604223627e-01	   2.2313527676174538e-01	   6.5448309854170361e-01	   3.3031025765103283e-01	   5.8072507469134682e-01	   5.7418298190500383e-01	   5.3048220669129531e-01	   5.2560294472623781e-01	   2.8558771802111332e-01	   6.5808347713794846e-01	   5.1502917899255918e-01	   6.8930107289662923e-01	   5.9955103604031990e-01	   6.3884729329216317e-01	   7.6880445269962217e-01	   6.9497537667523490e-01	   5.4124663184372501e-01	   5.0533427131977693e-01	   6.0543027644890812e-01	   4.8543284977588586e-01	   3.2069850439575442e-01	   4.9757802191576550e-01	   3.0775396176013531e-01	   3.8318364769172125e-01	   2.3151205108033371e-01	   3.4232444558658753e-01	   5.9539261113182862e-01	   1.6333814552202502e-01	   3.1142977675652606e-01	   5.2430850133741924e-01	   5.3942062535950497e-01	   6.6723281025690873e-01	   6.4471108534509136e-01	   5.5323593058110709e-01	   4.8287578859209679e-01	   4.8882625328463525e-01	   2.7989465755363574e-01	   7.7063148924949332e-01	   7.8285664426344337e-01	   6.5694551792803069e-01	   7.8604765628053008e-01	   4.5466096856859967e-01	   6.5595704612585970e-01	   6.0987816174245757e-02	  -1.2344392072257333e-01	   4.4702234524526407e-01	   5.2291374807566249e-01	   6.6482850608031607e-01	   7.8075927958468316e-01	   2.2167463265035703e-01	   6.5818177217454321e-01	   3.6068232395795080e-01	   8.3088138499510755e-01	   6.0647941735603605e-01	   5.3698594710880543e-01	   8.9468098014775302e-02	   4.1768317209314632e-01	   7.6846961856734848e-03	   1.6012487851372068e-01	   4.5385867517486789e-01	   6.0180388415415698e-01	   5.2481620980559951e-01	   5.6216955257730972e-01	   3.8940755956445539e-01	   9.6196605807888497e-02	
   6.1713839361283840e-01	   6.0647318882587187e-01	   8.7007387665358515e-01	   1.3405426933418525e+00	   1.0354661303499861e+00	   7.4070242451532242e-01	   1.2107855542833179e+00	   0.0000000000000000e+00	   7.2237358370976490e-01	   4.5053499892904858e-01	   4.6360330434672992e-01	   7.1396570808189375e-01	   8.6313935989379054e-01	   8.0972216158347665e-01	   7.6091727130285736e-01	   9.0059711912694884e-01	   2.8883607382378418e-01	   2.4470703017898970e-01	   6.5370403863354043e-01	   5.8863042129242082e-01	   3.5975200438240645e-01	   3.7373812198486667e-01	   7.3033327265701464e-01	   6.6022126513254964e-01	   7.2481048139370474e-01	   6.6668169294548874e-01	   4.9418815754966749e-01	   4.0139805179265131e-01	   3.0820364835241137e-01	   3.2409193491731997e-01	   7.4244395113551465e-01	   8.6142353679376638e-01	   5.5793242437674495e-01	   6.7936893595314218e-01	   4.8439878748234294e-01	   3.8386619013121742e-01	   1.9381781733195708e-01	   5.9592260578209301e-02	   3.8538196925586582e-01	   2.8179429181980198e-01	   2.6189576537498810e-01	   3.3658077435295214e-01	   2.6185570322543711e-01	   2.0036363529566509e-01	   3.7892973521689388e-01	   3.5480668440030583e-01	   1.3848202409189297e-01	   3.3228623863622275e-01	   2.2313743721835438e-01	   1.5160283570461464e-01	   2.3528183974466696e-01	   1.5101193734850374e-01	   8.8381515318981543e-02	   4.4259147501950158e-01	   2.5015273769254182e-01	   3.1753309890598352e-01	   4.2083430583012466e-01	   4.6279547391315040e-01	   4.8555657342141489e-01	   3.2100576723901469e-01	   6.3959398121514222e-01	   5.9173031884069172e-01	   6.1011823337736903e-01	   6.1672089213947512e-01	   5.1779629515169723e-01	   6.4330553517243649e-01	   5.3267612667673570e-01	   4.7595042928760473e-01	   4.5783836439448461e-01	   5.7603073081215805e-01	   2.7988003728222643e-01	   2.3831597085747760e-01	   3.3262704686055611e-01	   1.0196248581926336e-01	   2.1532711142888136e-01	   4.4393301409110020e-02	   1.9450603034315408e-01	   4.1643997521681386e-01	   6.6085587222286052e-02	   2.4396909872385636e-01	   3.2424712927058125e-01	   3.0519290444543123e-01	   5.2000396746013478e-01	   5.6804981478069572e-01	   3.8950801770403598e-01	   1.8506917028888401e-01	   3.6146455810525480e-01	   2.0830312678340426e-01	   5.8291271691241398e-01	   5.7227723419722387e-01	   5.4321021171771955e-01	   5.2405957183208529e-01	   3.6894412979373803e-01	   4.3703596140566336e-01	   4.4180091520948324e-02	  -1.1007826487165175e-01	   3.9617226926452387e-01	   3.5196278005263265e-01	   5.4218123459715861e-01	   6.2379691175489560e-01	   2.9546299809415122e-01	   5.2695243549994664e-01	   4.0203729655647352e-01	   7.8476557791484625e-01	   5.1700536074117154e-01	   3.2863063121809571e-01	   1.1422045987096739e-01	   4.6616562597623223e-01	  -3.9994580214507768e-02	   2.5455957473235413e-01	   4.3588963772112194e-01	   5.2991474291552187e-01	   4.7860926108270352e-01	   4.4014401873459985e-01	   1.9770714478335302e-01	  -1.4424777515140898e-02	
   5.3046827566227372e-01	   5.6256025431883727e-01	   8.1227434117302111e-01	   8.1532449775528404e-01	   1.0541170468422023e+00	   8.5448749054445572e-01	   8.3482472656910645e-01	   7.2237358370976490e-01	   0.0000000000000000e+00	   1.2411525596178241e+00	   5.4017526536500349e-01	   6.1536275575536226e-01	   6.3092720402464220e-01	   4.1916882968407132e-01	   7.9125614039163328e-01	   6.4237510965439393e-01	   2.6602412365378936e-01	   2.5416451858538514e-01	   5.5153306841883953e-01	   4.6353923457575280e-01	   6.1620314569433432e-01	   3.8080803732690588e-01	   9.2498109934780481e-01	   7.5684347335732238e-01	   6.6057281339687812e-01	   5.5371490958416514e-01	   2.4627457556964946e-01	   1.6488204746200219e-01	   4.6040120966931741e-01	   3.9688508907660885e-01	   8.0224147703446103e-01	   7.4316894637603270e-01	   4.6744169751615783e-01	   4.9889260939123015e-01	   5.0472945120037682e-01	   3.5436487363395391e-01	   3.8399375586895146e-01	   2.8079328043763752e-01	   3.2355059868117308e-01	   2.8351349290721506e-01	   1.7569166346296575e-01	   2.1775469049070206e-01	   4.1201804624412958e-01	   3.0696801521437433e-01	   4.7913203651923186e-01	   3.8026991085028694e-01	   3.7101827813609473e-01	   5.4465446006754159e-01	   3.6322730418381377e-01	   2.8676290652192482e-01	   3.4948493904301930e-01	   3.0655748229396768e-01	   2.2372398605352195e-01	   7.1356123878199096e-01	   3.3212545149218003e-01	   4.8783714884794521e-01	   4.1618993684535327e-01	   5.2706071651591424e-01	   3.8047200471678683e-01	   1.9986819248080961e-01	   5.5829171830117130e-01	   4.5853880829402099e-01	   5.3046942591267765e-01	   3.6004803421639042e-01	   5.7651097595077883e-01	   5.4260225518516469e-01	   3.4261209384419722e-01	   1.8743275597379461e-01	   3.1193151115918094e-01	   4.7748796611106181e-01	   5.3732013675058166e-01	   2.9656938287681461e-01	   4.0564300341057347e-01	   2.3680105447745045e-01	   2.6591384813452468e-01	   1.9224796582847409e-01	   3.1909730919113705e-01	   6.2417080885435272e-01	  -1.8026390056869564e-02	   9.3779561703237924e-02	   3.7061462242755250e-01	   3.4080018994330635e-01	   4.4152988284874745e-01	   4.2222312314211830e-01	   5.6580245422061481e-01	   2.9998748885183313e-01	   1.9467226266588206e-01	   2.5867612705887888e-02	   4.8434595305951267e-01	   4.1096741628767791e-01	   5.1068381935429052e-01	   5.4184806627983406e-01	   4.2987512735326361e-01	   6.3277356446301924e-01	   2.1703941598164428e-01	  -1.4993095565877282e-01	   4.9618671271019293e-01	   2.4115874494938658e-01	   6.1914637002459816e-01	   6.3333849161690359e-01	   2.3985423363920333e-01	   5.3957382335595672e-01	   5.2993415650981979e-01	   5.9904037989905767e-01	   6.4148996904282818e-01	   5.7190336074332970e-01	   2.9402654366571784e-01	   5.9668717292881079e-01	   4.6163951933570320e-04	   1.3446097280180064e-01	   4.0160119095369784e-01	   4.3643022970087925e-01	   4.6491734724098177e-01	   4.9566420801240513e-01	   5.2275096308168290e-01	   1.3301747108586046e-01	
   3.9618162554292541e-01	   5.0614901537997159e-01	   5.5499023403613723e-01	   5.0385680404350663e-01	   5.4355661445522097e-01	   6.9315871668762119e-01	   4.9202814587957755e-01	   4.5053499892904858e-01	   1.2411525596178241e+00	   0.0000000000000000e+00	   4.3490869896182205e-01	   5.7492770204552535e-01	   4.5119261438277208e-01	   2.7712538135097503e-01	   4.7124686000706389e-01	   4.4707398661599945e-01	   1.9578859867279935e-01	   2.5152056216180546e-01	   4.6070696579671050e-01	   4.6409628815142390e-01	   4.9150356943094864e-01	   2.8568867285897315e-01	   7.0988421197322482e-01	   5.4898107441128441e-01	   3.0513258074648253e-01	   1.9014985013576957e-01	  -8.3281148044120110e-02	  -1.3760334082807343e-01	   2.8208582557333461e-01	   3.5631038648755214e-01	   4.3535506999648038e-01	   4.0081971711596598e-01	   2.9290025391911501e-01	   3.7591624691787323e-01	   3.1809032140351506e-01	   2.1694934010075662e-01	   3.9849032352115177e-01	   3.0801583233487484e-01	   1.3535322953208412e-01	   1.4390863606612769e-01	   1.5412928265449352e-01	   1.7537972184222608e-01	   4.4490565838813212e-01	   3.1203103902731855e-01	   4.1588418240857356e-01	   3.7852090250055503e-01	   3.8415812900045959e-01	   4.3561597872461477e-01	   3.4964580620051461e-01	   3.8238871977837879e-01	   3.8344568364348836e-01	   3.9310234530762111e-01	   3.0336290674946564e-01	   5.3651027492742298e-01	   2.7893966018353228e-01	   3.2200779338981955e-01	   2.8093496624218434e-01	   3.7339830516521511e-01	   3.0261119938881742e-01	   2.6504229432659704e-01	   3.7789506234425474e-01	   3.2587210175266534e-01	   3.2844343969727458e-01	   1.9364248884250243e-01	   4.9321801265028764e-01	   4.8636340009678491e-01	   3.0072016052106082e-01	   2.4819741499110609e-01	   3.1526992436989210e-01	   5.1174155153375001e-01	   3.8833283915305983e-01	   3.1958147554898764e-01	   2.0347918970122170e-01	   2.2780782640610836e-01	   1.8051412346038342e-01	   1.9736589482872957e-01	   2.5606378522730516e-01	   4.0987297319075899e-01	  -6.2897763526960776e-02	   8.4752469534968858e-02	   2.7859831667150059e-01	   2.6077460136489250e-01	   1.8010893465135636e-01	   2.4162823170749259e-01	   3.7944516244739063e-01	   2.6280224509866768e-01	  -1.1864059608869225e-01	  -3.0184695204310202e-01	   3.7851938876754671e-01	   3.3390573830502129e-01	   5.3657881128116003e-01	   4.7535785487421556e-01	   5.1284118149753644e-01	   7.7318215009814428e-01	   1.4578091476292310e-01	   2.6951599709875235e-02	   4.6639313015337991e-01	   7.0689437645624159e-02	   5.5226197704991586e-01	   4.8034269876476776e-01	   4.2911254581156405e-01	   5.9804856915090432e-01	   6.8679576392271890e-01	   5.0375493444262187e-01	   7.3564795046917419e-01	   6.0037989108255696e-01	   5.1037541092142857e-01	   8.4998512096154533e-01	   1.1006457679202030e-02	   9.8044557494293277e-02	   2.9828998493359943e-01	   3.1457520234499609e-01	   4.2265648295615144e-01	   4.5492070472556884e-01	   4.9185556894386484e-01	   3.5120464425579234e-01	
   7.9472221161641587e-01	   6.4257778915116470e-01	   7.1812451893149509e-01	   4.1114843305151033e-01	   5.6737024647615686e-01	   6.5339177151494698e-01	   6.5339936193722814e-01	   4.6360330434672992e-01	   5.4017526536500349e-01	   4.3490869896182205e-01	   0.0000000000000000e+00	   9.0860107494953413e-01	   1.3366594070833144e+00	   8.5205105785145596e-01	   8.4256151261975654e-01	   7.8271830399000308e-01	   1.0555713449076281e+00	   6.7583787102352433e-01	   6.2074516771344246e-01	   5.0621113393323469e-01	   7.7499168417955699e-01	   4.7283631226393841e-01	   8.4814723787904578e-01	   5.4127904401002191e-01	   3.5063624764260354e-01	   2.6896465136237324e-01	   1.7212235011510185e-01	   1.8354130483053130e-01	   9.8038775544076384e-01	   9.0067968180176605e-01	   6.5238890572317687e-01	   4.8523147756491203e-01	   7.0240626928080985e-01	   7.0050422636598009e-01	   4.2521366263011284e-01	   3.6493421498231360e-01	   4.7015070673334058e-01	   5.6949878832156720e-01	   4.1004967205420806e-01	   3.8724571354965287e-01	   2.9204511866523197e-01	   4.8184889015790872e-01	   5.4765573172404047e-01	   5.8398840936171847e-01	   5.3332844559109727e-01	   4.7387781361878745e-01	   4.9518901047040148e-01	   5.9674419886191898e-01	   2.9751680058013241e-01	   2.5671648422168186e-01	   4.5876777364811389e-01	   3.7207407870408765e-01	   2.2266887634462423e-01	   5.5701370374251180e-01	   4.5311245588529653e-01	   4.9449617635697685e-01	   5.7216603243181607e-01	   4.9749314263481809e-01	   4.4469077195469880e-01	   3.1881688068055414e-01	   5.2972430525198810e-01	   4.0116180716154198e-01	   7.7795696450662732e-01	   6.2156709560086620e-01	   5.9726129163812380e-01	   5.8787953845910501e-01	   5.1981981890884454e-01	   4.0797513430678750e-01	   3.5416836260158419e-01	   3.9769699169329548e-01	   7.2925755447447072e-01	   5.6254999811477813e-01	   8.2455062018410252e-01	   6.2721530864153507e-01	   6.7882462899393758e-01	   4.9320081980037500e-01	   7.2252224613803739e-01	   7.6611941240361192e-01	   5.8105169914973687e-01	   5.8006324310393176e-01	   9.7973239680271273e-01	   6.1028370791991970e-01	   4.5090831596044506e-01	   3.4752770048838516e-01	   7.0720905060095962e-01	   4.1434384038513655e-01	   1.6747867177365114e-01	  -6.7399849836728323e-02	   6.0946459517494778e-01	   4.2603469665638943e-01	   3.9619100603469692e-01	   4.2946735653635554e-01	   3.3915338859183669e-01	   5.6858708289993565e-01	  -2.2492134369028624e-02	  -2.5673048129877013e-01	   4.5067625567048225e-01	   3.8062941678337581e-01	   5.5264751369391329e-01	   7.7254719534945138e-01	   1.4582576545992337e-01	   5.1341769247783620e-01	   3.4394811866337843e-01	   5.2569776379582822e-01	   4.5998684446026300e-01	   1.4282762439734525e-01	   1.1193350400367985e-01	   3.5398337230515481e-01	  -2.2254031229343477e-01	  -7.7035644729696331e-02	   4.0841199864057343e-01	   5.6266666184381808e-01	   4.7082814225341552e-01	   4.1259815373505682e-01	   1.5422688127228618e-01	  -2.2331722548794120e-02	
   9.3531890949902408e-01	   9.7832047669558653e-01	   7.7281820295894199e-01	   7.0868209659817638e-01	   6.7457721022576989e-01	   7.5873310399988092e-01	   7.3071046795799299e-01	   7.1396570808189375e-01	   6.1536275575536226e-01	   5.7492770204552535e-01	   9.0860107494953413e-01	   0.0000000000000000e+00	   9.1259212093671449e-01	   1.1176605874183063e+00	   7.3378407022947423e-01	   9.6262320699137938e-01	   7.6641118141922537e-01	   7.9786365212420518e-01	   8.2056423816686186e-01	   6.8460622367143420e-01	   5.6859062831074703e-01	   5.2716195741052818e-01	   6.9022597760368321e-01	   5.0774146523480179e-01	   4.1098982681779911e-01	   3.0365502517086185e-01	   2.8797544382882928e-01	   2.2023393272263925e-01	   5.6016442194219307e-01	   8.5551294117265830e-01	   6.1854186535560685e-01	   6.0993750972003136e-01	   6.2194066920781199e-01	   8.2371288831905642e-01	   3.7307867758675201e-01	   3.8679438247818854e-01	   3.1180386849847791e-01	   3.2735273214567207e-01	   3.5011635056474388e-01	   3.0506444543471972e-01	   3.2552287767438604e-01	   4.9690070735622427e-01	   4.0412540104056066e-01	   3.8654415171449796e-01	   4.4943064731314020e-01	   4.1376518129096795e-01	   3.8838073225191472e-01	   5.2118033947756603e-01	   3.3138952929740667e-01	   2.6058395937999912e-01	   4.5219745200180544e-01	   3.3975743887218601e-01	   2.4654662037018676e-01	   6.3128042955353125e-01	   4.6900792913349532e-01	   5.4344978192701054e-01	   7.9975026420740947e-01	   7.7695612346912246e-01	   6.4551867229384530e-01	   4.7170565468427639e-01	   7.2297889947580174e-01	   6.0068076882495602e-01	   8.7082778449144715e-01	   7.5707790546349085e-01	   4.8217928476096122e-01	   5.3121440548651222e-01	   5.5640945672813202e-01	   4.2507958077409391e-01	   6.1479650147260201e-01	   6.1331711993775007e-01	   5.0815157800450872e-01	   6.6231598937073066e-01	   6.4555795027391905e-01	   5.8588839475865917e-01	   6.1115400733385616e-01	   4.5867295438945538e-01	   6.3344340683961620e-01	   7.6826534043298889e-01	   2.4739586535089267e-01	   5.5827059082250119e-01	   7.4423564194668457e-01	   6.4598825074766186e-01	   4.0616439009538319e-01	   5.3390733952737279e-01	   5.1797962578708678e-01	   4.0752823614054717e-01	   2.1339996607582115e-01	  -9.8667235326241991e-03	   7.3857971828061963e-01	   5.9777493727143727e-01	   5.2345307260419438e-01	   5.1435583504652294e-01	   4.5004661229394205e-01	   5.9395253668331227e-01	  -2.6764545031231150e-02	  -2.9602774908971180e-01	   4.5599243930803202e-01	   4.0718061945871376e-01	   7.3284963043537421e-01	   8.9303456701365880e-01	   4.4294924276984599e-01	   6.5574663833903546e-01	   6.3136946074004086e-01	   7.8323662956269680e-01	   6.8279002740852124e-01	   2.0486049464076603e-01	   2.3011853815410277e-01	   5.4309866305055932e-01	   8.3970561383074863e-02	   1.0998432900253431e-01	   3.0275519338997725e-01	   5.4067425843519112e-01	   5.2202885160512214e-01	   5.3332045275728945e-01	   2.8883544916301229e-01	   5.9868393404284216e-02	
   8.1031604646867073e-01	   7.4575896208004200e-01	   9.8566557996461368e-01	   7.4620056288788317e-01	   8.0695345888587144e-01	   8.4149195394331300e-01	   1.0426705577657012e+00	   8.6313935989379054e-01	   6.3092720402464220e-01	   4.5119261438277208e-01	   1.3366594070833144e+00	   9.1259212093671449e-01	   0.0000000000000000e+00	   1.0105709213994054e+00	   1.0763344817398581e+00	   1.0524390454985539e+00	   7.7299880467664051e-01	   5.4065700731442501e-01	   6.5712233232344497e-01	   5.9254179734998746e-01	   6.6925594157313373e-01	   5.5102514576853046e-01	   9.4520241190327492e-01	   6.8520429029240126e-01	   5.6975086465090274e-01	   4.8902986006089338e-01	   3.1481578445338460e-01	   3.3710587914570422e-01	   8.0451768069992369e-01	   7.7964766538579822e-01	   7.3654176617440648e-01	   6.4182432877683882e-01	   6.7631166786312447e-01	   7.5488321540773662e-01	   5.3085856698725897e-01	   4.5389198353544319e-01	   4.6880219092014230e-01	   4.6658421490929475e-01	   4.5359692983205202e-01	   4.6231027188425733e-01	   3.7506829537173098e-01	   5.9471151804603717e-01	   5.4950519256875052e-01	   5.8249156660628931e-01	   5.7542938694819845e-01	   5.5963854515086531e-01	   4.5966398088728133e-01	   6.4019010164427115e-01	   3.5121549907390359e-01	   3.1596829185470232e-01	   4.8113369455710875e-01	   4.2403382829340752e-01	   2.9480271886633513e-01	   6.7693762811939695e-01	   4.5693769774144433e-01	   5.5349529269030195e-01	   5.3862411363984686e-01	   4.7279018916756155e-01	   5.5843773141878617e-01	   3.6701754539000309e-01	   6.4101882086250506e-01	   5.5385494423478743e-01	   6.7653191449515537e-01	   6.0717710136566239e-01	   6.0604933464470123e-01	   7.3999714580607567e-01	   7.1271265118164639e-01	   6.0277000182696949e-01	   4.7556639087533692e-01	   5.3189157822527733e-01	   7.1145246109435789e-01	   5.4888990140474314e-01	   7.5341962428756282e-01	   5.0761078888085986e-01	   5.5082665300929534e-01	   3.7319403916896154e-01	   5.8189160560962083e-01	   6.9408444892465815e-01	   3.7744729656808845e-01	   5.1656077693855562e-01	   7.7829146456630971e-01	   6.0957253130941780e-01	   6.5153821464360251e-01	   5.4238105496811129e-01	   6.4465699113792996e-01	   4.8038912135641759e-01	   3.3552714850022541e-01	   4.0831501971101546e-02	   7.1505074369818789e-01	   6.1485085592841660e-01	   6.2974702365517521e-01	   5.9134717756530997e-01	   4.8999400277402344e-01	   6.4197961917737567e-01	   1.5385494238911966e-02	  -1.2242788413960827e-01	   5.1021428755821874e-01	   4.6098773022147682e-01	   6.8522841390925893e-01	   8.3171069017286470e-01	   2.7747961103947139e-01	   6.6494396827540136e-01	   3.7615796185176220e-01	   7.0306366072068038e-01	   5.6527916173678538e-01	   3.0841570090962922e-01	   1.2697165635405797e-01	   3.9523253939766406e-01	  -1.6219405664078723e-01	   1.0055359899608432e-01	   4.5559239441904475e-01	   6.2343276177602713e-01	   5.0111929542383959e-01	   5.0725270317102389e-01	   2.8303777345635367e-01	  -2.1574124474129323e-03	
