   0.0000000000000000e+00	   2.6181418147713056e+00	   1.8048642413785290e+00	   2.0225084515830689e+00	  -1.8797679825713751e-01	  -1.5749169331161839e-01	   1.2604831438297865e+00	   1.1465773729482760e+00	  -2.3830467180344755e-01	  -1.8956081310141301e-01	  -1.3024937239754858e-01	  -5.2700784515654873e-02	  -4.1815576657607600e-01	  -4.4839367495394167e-01	  -1.4339757968934649e-01	  -1.5792411181639970e-01	  -1.3647299055102580e-01	  -1.3872312029083639e-01	   2.0854221053380688e+00	   1.9276442158582971e+00	  -1.3630273945660260e-01	  -1.4299131921010766e-01	   8.8059098771283228e-01	   9.0304897523918459e-01	  -2.9670525686612514e-01	  -3.0583803581278962e-01	   3.4793492993875332e-02	   4.5253531679951754e-02	  -4.7100163438443421e-01	  -4.8007118305392038e-01	  -5.4380061850225725e-01	  -4.4018893310888785e-01	   9.4216989728598599e-01	   8.6672993085677041e-01	  -3.5170290154090661e-01	  -2.2787442714528400e-01	  -1.1012611024053054e-01	  -1.0891124638728888e-01	   8.9908021950316858e-02	   6.6086998233910205e-02	   4.3606607767709971e-02	   7.0033475580146581e-02	  -3.4884974830306698e-01	  -2.0854631115277963e-01	  -1.2584316338229504e-01	   3.5409899997576760e-01	  -3.1199888215170196e-01	  -3.5196500383791718e-01	   4.1418273001384831e-01	   6.9540249486875627e-01	  -3.3823687749318326e-01	  -2.4665693487223103e-01	  -2.0512317912061059e-01	  -1.7966189692158016e-01	   3.5744820784274690e-02	   1.2811294628536734e-02	   2.0776706191858394e+00	   2.5846761225238075e+00	   2.1967889466323003e+00	   1.6440530097006072e+00	   1.1280267529777450e+00	   1.1355925562024145e+00	   2.4133457088572488e-01	   8.7486619727373582e-01	   8.5075107758981883e-01	   1.2065794877347031e+00	   2.3047347047422448e+00	   1.8048421303562876e+00	   1.7466263901807284e+00	   1.8541907151095578e+00	  -4.3659823680313042e-01	  -4.4116629534647156e-01	  -5.8817533745286954e-01	  -5.9258600664646699e-01	  -4.9559841923549941e-01	  -5.1808822699933887e-01	  -2.6602873032886554e-01	  -2.6625060816043650e-01	  -5.5797894703123574e-02	  -1.1013723375081511e-01	  -3.8477006943551562e-01	  -4.5611060038339257e-01	   8.5229151302996214e-02	   2.4842816120166419e-02	  -3.2664954541142260e-01	  -3.1359638257469219e-01	  -1.6612290394953128e-02	  -2.3334188938592119e-02	   5.8857459882916560e-02	   3.0631738011940497e-03	   7.6452893898901947e-02	   4.0565496940788794e-02	  -2.5717150333381140e-02	  -4.0701013478140924e-02	   2.4341640397254563e-01	   2.8143684740767883e-01	   5.8889969881728933e-02	   1.2355167701154166e-01	   1.8441483580393955e-01	   2.0814148455595582e-01	   2.0804893822322652e-02	  -4.6990956215637479e-03	   1.7003528199556358e-02	  -1.4663176760093209e-02	  -1.6505708003513822e-02	  -2.9776227141935091e-02	  -6.5736330853465752e-02	  -5.1822199995034693e-02	   3.2865429722478101e-01	  -4.8272386663894169e-02	  -2.4950893032630272e-01	   7.6370550605240561e-02	   2.6156178127680135e-01	  -2.4979909605794000e-02	  -4.4603709648196772e-02	  -6.3201391086817283e-03	
   2.6181418147713056e+00	   0.0000000000000000e+00	   1.8367916619409566e+00	   1.9341557979611506e+00	  -1.6090148198163851e-01	  -1.2936744802951000e-01	   1.2282707832640516e+00	   1.1512678809479744e+00	  -2.1091655374000082e-01	  -1.6239512179698565e-01	  -1.3615356619158253e-01	  -8.6055525934961560e-02	  -3.8060587281231117e-01	  -4.0879749621805550e-01	  -1.1891908090852511e-01	  -1.3321740259855511e-01	  -1.2055707337263685e-01	  -1.1808296434137548e-01	   1.9490960365664329e+00	   1.8523168644010854e+00	  -1.0867971399960086e-01	  -1.1600043860035361e-01	   8.8575463163821500e-01	   9.1511562599580853e-01	  -2.7929401901746287e-01	  -2.8603940147216200e-01	   5.9259085732878122e-02	   6.9835359195299221e-02	  -4.4701662298519351e-01	  -4.5459160108411961e-01	  -5.0957534572972463e-01	  -4.0259992045862136e-01	   9.4281118283573129e-01	   8.5898417912968639e-01	  -3.7443334373093501e-01	  -1.8248515557884365e-01	  -8.2244591101497164e-02	  -7.9918734939540992e-02	   9.7361374614355067e-02	   7.5270700973451565e-02	   6.8594460427958040e-02	   9.4705149824487259e-02	  -3.4377806882439343e-01	  -2.1322313942578239e-01	  -1.2957982588617700e-01	   3.5978628262767309e-01	  -2.9037130662200006e-01	  -3.3120359535307947e-01	   4.2719040972928890e-01	   7.0362767834827833e-01	  -3.5410041803598274e-01	  -2.6356627966628099e-01	  -1.8414837526620353e-01	  -1.5776243011287397e-01	   5.2308432628377963e-02	   2.7756237306531824e-02	   2.2305728896160422e+00	   2.7228702238617863e+00	   2.0923613725944081e+00	   1.4893146673258415e+00	   1.2420594784632906e+00	   1.2194454976595919e+00	   1.7634112615602349e-01	   9.3469520239233117e-01	   8.2782657535239212e-01	   1.2303969652454800e+00	   2.1692315461371288e+00	   1.8710218115469517e+00	   1.9990715652314663e+00	   2.0011423201582454e+00	  -4.0768419478119172e-01	  -4.1476310429383817e-01	  -5.8266658534811033e-01	  -5.8275962778134704e-01	  -4.8070608711728946e-01	  -5.0431050449366654e-01	  -2.6271837254074781e-01	  -2.6358879272508839e-01	  -6.3506866596324874e-02	  -1.1441771417197964e-01	  -3.5457629864597462e-01	  -4.2337223153161108e-01	   9.8902071497384864e-02	   4.0552567877294651e-02	  -3.0025257819376588e-01	  -2.9168479904518185e-01	  -2.7068426839793731e-02	  -3.0828094110152506e-02	   6.7076454998989177e-02	   1.5719321106035137e-02	   6.3517991875243165e-02	   2.8060983524144285e-02	  -2.4311730083591852e-02	  -3.7400721490629514e-02	   2.6221189202983997e-01	   3.0011977442623511e-01	   7.1278926435235604e-02	   1.3822743895907189e-01	   1.8765152222092818e-01	   2.0369494239808864e-01	   3.3779515717651219e-02	   1.0313246934297767e-02	   2.8229901609624585e-02	  -2.4010662880685775e-03	  -6.9919823486527628e-03	  -2.0821107544414089e-02	  -5.2897669434567668e-02	  -3.7289606136747561e-02	   3.3640286960523630e-01	  -2.5776420094340585e-02	  -2.2844571829824373e-01	   9.8094704476271347e-02	   2.5214332247054783e-01	  -3.2454056197123965e-02	  -5.1932996550170578e-02	  -1.8645233679477759e-02	
   1.8048642413785290e+00	   1.8367916619409566e+00	   0.0000000000000000e+00	   2.4721499057364507e+00	  -1.9681479989133274e-01	  -1.5719733434437885e-01	   1.8154289499280074e+00	   1.6986666285097096e+00	  -2.3048309672751699e-01	  -1.6011345965631882e-01	   4.7690544032506575e-02	   5.9264412452597934e-02	  -1.7966264490834397e-01	  -2.2790077641279799e-01	  -1.4105799271355282e-01	  -1.6058355382573020e-01	   9.2297493329420624e-02	   7.6011764818554123e-02	   1.4133252330157329e+00	   1.3697984623828132e+00	  -7.9513514602722810e-02	  -9.4361354161243860e-02	   1.3609533500541271e+00	   1.3965044465224798e+00	  -3.3485512107345194e-01	  -3.4296865703357998e-01	   9.8923585319399501e-02	   1.0755069252658904e-01	  -3.2465672295173598e-01	  -3.5514853603632307e-01	  -4.0343769730522849e-01	  -2.3648147033356434e-01	   1.0600915327640590e+00	   9.6379422851180996e-01	  -3.4281425455243614e-01	  -9.2974328348125773e-02	  -6.6916678283865313e-02	  -6.2284485654664372e-02	   1.2684759893696338e-02	  -9.2452858733739034e-03	   1.0373941593344588e-01	   1.2910495548816145e-01	  -1.6378723808554554e-01	   3.9247119024382699e-03	  -3.1826306419473142e-02	   5.0633701482357796e-01	  -3.3684826466218437e-01	  -3.8316170647417036e-01	   5.7187195628849907e-01	   9.0607302644401511e-01	  -1.7654682751158057e-01	  -7.2172567784209524e-02	  -2.0532985020482308e-01	  -1.7270557393518757e-01	   5.3472201993489475e-02	   2.0500127754901100e-02	   1.8656906049433410e+00	   1.7052272441454452e+00	   1.5790714962876453e+00	   1.1806244892285345e+00	   1.4277719856652964e+00	   1.3261002198393668e+00	   9.1001575965457951e-02	   9.5505053001338547e-01	   8.1472867596078480e-01	   1.2863996116483640e+00	   2.0167622459535233e+00	   1.9481471889033373e+00	   1.3147675274566690e+00	   1.3277524095405333e+00	  -2.5700412735886191e-01	  -2.6816697987511684e-01	  -5.7293752120420915e-01	  -5.7306999968055172e-01	  -5.8944656173504573e-01	  -6.0608807841604773e-01	  -6.8194126551920642e-02	  -7.2079478299012553e-02	   1.2466129633113021e-01	   1.0852427295527450e-01	  -2.0065858052175722e-01	  -2.6879011235453004e-01	   4.4285364618544258e-02	  -2.5357809777179514e-02	  -2.5388190144194944e-01	  -1.9963726872736670e-01	  -9.3179357259062012e-02	  -8.9004145828038256e-02	   2.2586868029385629e-02	  -2.6057124406670167e-02	  -3.1495523429185004e-02	  -6.0384226790434745e-02	  -7.9634819999796339e-02	  -8.5146001824487672e-02	   2.3316100771428999e-01	   2.4293670576912149e-01	   1.9864496015640103e-02	   8.7749366437628609e-02	   1.1792295085938075e-01	   1.1419205457179164e-01	  -1.6917377413933447e-02	  -3.0438500265168263e-02	  -2.4036733826087318e-02	  -4.5581158443124326e-02	  -5.3370784075889625e-02	  -6.1678995030044051e-02	  -6.9816422069127776e-02	  -5.8724394067576458e-02	   2.4844538343769168e-01	  -2.3077607888297137e-02	  -2.5045335205047864e-01	   1.2145870670973843e-01	   9.9644835250718100e-02	  -9.7891742851800342e-02	  -1.1125645190840576e-01	  -9.9191528487943256e-02	
   2.0225084515830689e+00	   1.9341557979611506e+00	   2.4721499057364507e+00	   0.0000000000000000e+00	  -1.5760213828747785e-01	  -1.1588461793289931e-01	   1.6314353505888144e+00	   1.4414411833165355e+00	  -1.9804904706387028e-01	  -1.2285701295761207e-01	   5.3209371966444062e-02	   9.0421741613323059e-02	  -1.9781972653550800e-01	  -2.4543780450172670e-01	  -1.0403747046971490e-01	  -1.2147278519331055e-01	   7.2893323190592857e-02	   5.0454671590840723e-02	   1.6147993106785852e+00	   1.5487266770518524e+00	  -4.8508230500810857e-02	  -6.2555031314792856e-02	   1.2098201239843074e+00	   1.2365130555061310e+00	  -3.0820751055350498e-01	  -3.1694592288114498e-01	   1.4006108025925676e-01	   1.4767470882091990e-01	  -3.0812819196735147e-01	  -3.3409842802509299e-01	  -4.2850033823484746e-01	  -2.7271590039705745e-01	   9.9253985476877360e-01	   9.1181105577149335e-01	  -3.1240175332501885e-01	  -1.3302254516220680e-01	  -3.1074760734533167e-02	  -2.8333799191930371e-02	   5.8718742908231016e-02	   3.9519799954955977e-02	   1.4200705861279556e-01	   1.6750857566911181e-01	  -1.5329836643604006e-01	   9.6982297404392208e-04	  -6.3576895195646632e-02	   4.3144423895434258e-01	  -3.0320204689683200e-01	  -3.5603880417511197e-01	   5.0770803173843726e-01	   8.1156664617253216e-01	  -1.7251621390797467e-01	  -6.6588969761626732e-02	  -1.7369577863322022e-01	  -1.3847283359581264e-01	   1.0776890585530627e-01	   7.4397980538906977e-02	   1.9042841930351602e+00	   1.9047417583226107e+00	   1.7208680414716477e+00	   1.3573884666546210e+00	   1.1900477626931856e+00	   1.1561390055991536e+00	   1.6520836389488150e-01	   8.5259507883109587e-01	   7.9988570732123210e-01	   1.1800736278062216e+00	   2.1899682485121277e+00	   1.8311339785756242e+00	   1.4353974581706634e+00	   1.4905828276955191e+00	  -2.7449305162196691e-01	  -2.8136060240822669e-01	  -5.5074669927564246e-01	  -5.5566809863242117e-01	  -5.8378820655892938e-01	  -5.9910142023612767e-01	  -6.7082539070110442e-02	  -6.8795314295859764e-02	   1.2456445290794114e-01	   1.1072649833582393e-01	  -2.0407984981415755e-01	  -2.7544684588354595e-01	   9.5442225739230058e-02	   2.8736204473652292e-02	  -2.2914446048052284e-01	  -1.8147656909057730e-01	  -4.5819575878601256e-02	  -3.7783505664968395e-02	   7.9072822770520551e-02	   2.7595479257154880e-02	   2.6361537570459583e-02	  -5.4076132155993165e-03	  -3.3544132691526070e-02	  -4.0190435513206030e-02	   2.8417152693654335e-01	   2.8736280400963388e-01	   7.9314010077557340e-02	   1.4665301860757704e-01	   1.8485609094219010e-01	   1.8178203274017310e-01	   1.0092208974420744e-02	  -6.3757793216691399e-03	   4.1818142363159675e-03	  -1.5323120144542310e-02	  -1.9099921756581588e-02	  -2.4691243526464828e-02	  -3.8325480104124017e-02	  -2.5379454247252103e-02	   2.7281601609615830e-01	   1.7695291117063149e-02	  -2.0572938154956794e-01	   1.7345461140717192e-01	   1.5206559544543410e-01	  -4.3510336799913570e-02	  -5.8642777822833350e-02	  -4.6522569046267497e-02	
  -1.8797679825713751e-01	  -1.6090148198163851e-01	  -1.9681479989133274e-01	  -1.5760213828747785e-01	   0.0000000000000000e+00	   2.6795925522795230e+00	  -1.8788264053538054e-01	  -2.4092536412166532e-01	   2.0696928592821315e+00	   2.1773184738913858e+00	   2.1813779012638049e-01	  -1.1190467757319554e-01	   1.5320840387808035e-01	   1.5459280241607196e-01	   2.3619831400260911e+00	   2.2924752907684498e+00	   2.2135093717486518e-01	   2.9415953408642292e-01	  -6.5773328105808979e-02	  -5.4900417346608131e-02	   1.6189234216490322e+00	   1.7436156374836471e+00	  -2.9627769908426999e-01	  -2.5492874736301796e-01	   1.3164533274452632e+00	   1.2729898059487366e+00	   9.5067763742517686e-01	   9.3018262369254134e-01	   7.9620104541773618e-01	   8.9813621542024880e-01	   5.3070325809637398e-01	   4.1255554019221208e-01	  -4.5427348370696868e-01	  -4.6742783787721598e-01	   4.1535913258525470e-01	   4.4338876689523032e-01	   1.4151789504059198e+00	   1.4761122081884213e+00	   9.6166274093745518e-01	   1.0350862092429349e+00	   9.5271591306002235e-01	   9.3075688390654787e-01	   4.5437226264653147e-01	   5.0229847560717279e-02	   2.6515358233117992e-01	  -2.0068984059644765e-01	   1.3860196414194776e+00	   1.1628652573242464e+00	  -4.9876313898831437e-01	  -3.9539165668778947e-01	   5.6744348701252591e-02	  -3.0154585849361634e-02	   1.5737317569075924e+00	   1.8110449021300601e+00	   1.1832657420800006e+00	   1.2968203225807515e+00	  -7.5874048990286158e-02	  -1.2890300899223145e-01	  -8.2460217890927293e-02	  -3.2067653961305467e-02	  -2.1422080001768370e-01	  -8.4732677420293293e-02	  -3.2186028334520250e-01	  -4.8968112017215087e-01	  -5.1130741096027776e-01	  -3.9947425757120858e-01	  -1.5832506723837506e-01	  -1.4273953819482971e-01	  -6.7047073625239942e-02	  -6.1742943169229993e-02	   5.1396806704857978e-01	   5.4736820571368838e-01	   4.2551486067202943e-01	   3.8956338675006918e-01	   2.7958693144150515e-01	   2.7601406293197117e-01	  -3.2872693549559351e-02	  -3.3895302518146424e-02	  -7.5609445521671689e-02	  -9.9037685629482577e-03	   7.4144830907846271e-01	   6.8104148247072949e-01	   9.8444892817880969e-01	   1.1921122995016549e+00	   1.4148522045371095e+00	   1.1317013879324365e+00	   7.0181640977704551e-01	   7.9959956136158084e-01	   1.0392077004962470e+00	   1.2790416562639833e+00	   6.0323379597109184e-01	   6.1699431710150632e-01	   7.7198756602051333e-01	   7.9211333998346189e-01	   4.9724417785630204e-01	   4.0533801616608639e-01	   1.1922935608503673e+00	   9.7738341813903296e-01	   7.0563981732682313e-01	   5.7136563004856111e-01	   5.3639531590430933e-01	   5.6851500954475997e-01	   5.5861519713009766e-01	   6.5434845703372102e-01	   6.9353618672478068e-01	   7.4714532807681100e-01	   7.4290220266245188e-01	   7.4874178397151270e-01	  -3.2061157680251057e-02	   1.6210172351710033e+00	   1.8432268821961677e+00	   9.3032968552511885e-01	   2.5343248538207264e-01	   7.6683448840298607e-01	   7.6195155520630986e-01	   6.5376840342335796e-01	
  -1.5749169331161839e-01	  -1.2936744802951000e-01	  -1.5719733434437885e-01	  -1.1588461793289931e-01	   2.6795925522795230e+00	   0.0000000000000000e+00	  -1.3668827990233340e-01	  -1.8925461477869696e-01	   1.7268547151343614e+00	   2.1189012654423407e+00	   2.4592717942095194e-01	  -4.8880810134410618e-02	   1.7203521154085416e-01	   1.7297931186000298e-01	   2.1966195125417651e+00	   2.0373234231076602e+00	   2.3993437457493844e-01	   3.0029566851374728e-01	  -4.3900481492612185e-02	  -3.2730537543004486e-02	   1.7631768117639419e+00	   1.8898297503337642e+00	  -2.4104111479402315e-01	  -2.0064075868054110e-01	   1.0926327477809810e+00	   1.0573679051947702e+00	   1.1405749246989310e+00	   1.1171361686441905e+00	   7.6139273907839189e-01	   8.4799381131182661e-01	   4.4470153602438223e-01	   3.7690951934803002e-01	  -3.8938662998896428e-01	  -4.0123227544857804e-01	   4.0076418498779531e-01	   4.1194931940430096e-01	   1.6179262224638942e+00	   1.6962501580457865e+00	   9.7055566831120343e-01	   1.0522661886249003e+00	   1.1470809562402868e+00	   1.1183591412332721e+00	   4.5809360117128206e-01	   8.4357792947608867e-02	   2.4058981909460317e-01	  -1.7571272026053791e-01	   1.1908647223988591e+00	   9.8226663572376383e-01	  -4.3543038524879857e-01	  -3.4243949167179449e-01	   5.2503605668229369e-02	   4.0996599409575275e-03	   1.3426694127032124e+00	   1.5872093736219870e+00	   1.3483010014179813e+00	   1.4506220576949636e+00	  -5.0068404847294211e-02	  -9.9587015479472546e-02	  -6.0776718163702712e-02	  -1.3500018567549796e-02	  -1.8525233502352118e-01	  -6.1341721593823083e-02	  -2.6129787777891511e-01	  -4.3953203119455203e-01	  -4.5194772713604114e-01	  -3.4200298340764573e-01	  -1.2419467088495158e-01	  -1.1488766932030280e-01	  -4.2522043214035313e-02	  -3.8246649985499245e-02	   4.5810552442719277e-01	   4.8323234193089587e-01	   3.4290428810507195e-01	   3.1026255733986430e-01	   1.9013143775101130e-01	   1.8696614221578572e-01	   3.4007875144200670e-03	   5.5433635503973492e-03	  -1.6343131907362980e-02	   4.3792580282451470e-02	   7.1621760315235894e-01	   6.3923381166406412e-01	   1.0721041779318132e+00	   1.2655155094102299e+00	   1.3625768020942519e+00	   1.1158643728429336e+00	   6.6995325097227476e-01	   7.7725602781384562e-01	   1.0920066257110488e+00	   1.3234866656710178e+00	   5.8454563851858099e-01	   5.9086717768310981e-01	   7.6740441983151730e-01	   7.9391869209730137e-01	   6.0313314512963345e-01	   4.9613674204455438e-01	   1.2862373373037579e+00	   1.0830069309367396e+00	   7.7816333213964195e-01	   6.1640148445124787e-01	   5.5591758708089223e-01	   5.8889238055583637e-01	   5.7164860945857465e-01	   6.7082169624264154e-01	   7.0622014763019880e-01	   7.6365581007906280e-01	   7.7847324725523170e-01	   7.8131296781618242e-01	   1.5245560925908907e-02	   1.8523395483363092e+00	   1.6372338772191068e+00	   1.0877816874853474e+00	   2.6277301397464858e-01	   7.4586333794366344e-01	   7.3561927167762620e-01	   6.2260520815202680e-01	
   1.2604831438297865e+00	   1.2282707832640516e+00	   1.8154289499280074e+00	   1.6314353505888144e+00	  -1.8788264053538054e-01	  -1.3668827990233340e-01	   0.0000000000000000e+00	   2.3061737783231617e+00	  -2.2297972959206441e-01	  -1.3229087852714916e-01	   2.1916945023469950e-01	   2.5463053612434777e-01	  -5.3733777106092354e-02	  -1.0895851479967793e-01	  -1.3480294863559159e-01	  -1.6053017525043581e-01	   2.1981581864038499e-01	   1.8441575694980245e-01	   1.0281973847733517e+00	   1.0049763457338079e+00	  -3.1250443197061287e-02	  -5.1657972409010655e-02	   1.5924994306807316e+00	   1.6189640243734393e+00	  -3.7740633126572065e-01	  -3.8491648857338046e-01	   1.7371650184594903e-01	   1.8271518526146585e-01	  -2.4355022994993725e-01	  -2.8736149977424219e-01	  -3.6209125833046490e-01	  -1.4850125185837398e-01	   1.0852279255938080e+00	   9.9350195606334391e-01	  -3.3456261616795829e-01	  -1.2594726390131211e-01	  -1.2361017125981609e-02	  -8.9968129184611785e-03	  -1.4748454108001437e-02	  -3.2783354266675578e-02	   1.7990291578652845e-01	   2.0520666979684968e-01	  -5.4956016389241705e-02	   1.3794131685162384e-01	  -2.2798712956081987e-02	   5.3554705535487512e-01	  -3.5004350863294770e-01	  -4.1170750772774684e-01	   5.5495493004932284e-01	   9.2701954322971825e-01	  -5.9430619785382083e-02	   5.2632277740800953e-02	  -2.1504596809989823e-01	  -1.6801412308313429e-01	   8.8362028525978006e-02	   4.6488057809628773e-02	   1.3061309501982743e+00	   1.1747023174511626e+00	   1.1438297286770693e+00	   9.0979216786295070e-01	   1.2118704712902555e+00	   1.2176199569610302e+00	   1.2831399710634220e-01	   7.8868104510206760e-01	   7.3214090830993606e-01	   1.1858299959785301e+00	   1.4190110931964441e+00	   1.3621819911671007e+00	   9.0380725189920796e-01	   9.1567009004821009e-01	  -1.9679505111899967e-01	  -2.0516542387096032e-01	  -5.8617778132352338e-01	  -5.7931062502850628e-01	  -6.8352992908389587e-01	  -6.9572367664959900e-01	   6.8020450969963120e-02	   6.5189304284804475e-02	   2.6295387884316779e-01	   2.6642727584115411e-01	  -1.1253244493910436e-01	  -1.9030713489090656e-01	   4.9805282472867300e-02	  -3.0487463867354170e-02	  -2.0870329657016970e-01	  -1.3352577592876777e-01	  -1.3677518670895444e-01	  -1.2520453493131012e-01	   1.8216412241277229e-02	  -3.0230452237898078e-02	  -7.9164285493110081e-02	  -1.0731130541802653e-01	  -1.1037848389521492e-01	  -1.1147895905316153e-01	   2.6642899164930073e-01	   2.5697985325101674e-01	   2.6239801703672419e-02	   9.5864377270111323e-02	   1.1690753495455868e-01	   9.2653343944206837e-02	  -4.5972441820915450e-02	  -5.8635358249164979e-02	  -5.6459923395650535e-02	  -7.4594561115295693e-02	  -8.4476967575295936e-02	  -8.9266282968773189e-02	  -7.8744865858822052e-02	  -7.2545499081252407e-02	   2.2378247589745004e-01	   1.1053028421284458e-02	  -2.4206129777206570e-01	   1.8465150335975933e-01	   3.4381850789117853e-02	  -1.3288560188813095e-01	  -1.4665249109225442e-01	  -1.4293627597835859e-01	
   1.1465773729482760e+00	   1.1512678809479744e+00	   1.6986666285097096e+00	   1.4414411833165355e+00	  -2.4092536412166532e-01	  -1.8925461477869696e-01	   2.3061737783231617e+00	   0.0000000000000000e+00	  -2.7393768717472444e-01	  -1.8575522026997535e-01	   1.8201149057968871e-01	   2.1927843122067586e-01	  -2.5097052980864046e-03	  -4.4512005793341788e-02	  -1.9666534594958790e-01	  -2.1990485679970387e-01	   2.0948944790300994e-01	   1.7723015208541343e-01	   9.0484696239462670e-01	   8.8751558945270337e-01	  -8.3479593660268664e-02	  -1.0319364591279410e-01	   1.7551708904190735e+00	   1.7709334967069488e+00	  -4.2091606663226888e-01	  -4.2499261818681650e-01	   1.1751651421498356e-01	   1.2702430913478299e-01	  -2.5417875334579004e-01	  -2.9993075567853167e-01	  -3.1807939369655919e-01	  -9.4875438133308912e-02	   1.1139474955381476e+00	   1.0167214563700719e+00	  -3.9548019978174331e-01	  -9.9546843314719691e-02	  -6.4880114882291270e-02	  -6.1383636975250795e-02	  -9.2213562750332517e-02	  -1.0766492412177302e-01	   1.2321389787321188e-01	   1.4524695113749614e-01	  -6.1296548227652667e-02	   1.4779868498409085e-01	  -1.3343232829874114e-02	   5.9107280168297860e-01	  -3.9075299645919465e-01	  -4.4807482183005659e-01	   6.5370416351808203e-01	   9.9986973424984882e-01	  -5.5319550001653006e-02	   5.8436780571394994e-02	  -2.6997986074907171e-01	  -2.2396341080704801e-01	   2.0484001402185651e-02	  -2.2648585517140246e-02	   1.1956856295453255e+00	   1.0660682015610867e+00	   1.0425736358204938e+00	   7.8492104212761660e-01	   1.3394339878587405e+00	   1.2470189411500554e+00	   5.4718930945632599e-02	   9.0815967083404048e-01	   7.3907409299334814e-01	   1.2234215383962288e+00	   1.2836946125450799e+00	   1.3369343689075610e+00	   8.3377088560061963e-01	   8.3173415851202659e-01	  -1.8961587079477055e-01	  -1.9995727532565935e-01	  -5.6064685281833582e-01	  -5.4386640117387819e-01	  -6.3316747160725695e-01	  -6.4198038514789368e-01	   8.4220689934347018e-02	   8.0885913944702015e-02	   2.7175956625376568e-01	   2.6206805888818363e-01	  -1.1992522615091745e-01	  -1.8777268137653058e-01	  -2.0421598343649337e-02	  -9.9148240715370928e-02	  -2.4370859256927951e-01	  -1.6544679917717103e-01	  -1.9339173609228133e-01	  -1.8311850958742731e-01	  -5.4230122618721746e-02	  -9.9790833703037124e-02	  -1.4289143835442644e-01	  -1.6752185491552296e-01	  -1.5168364956717961e-01	  -1.4917448610116674e-01	   2.0760459424415986e-01	   2.0136396585622240e-01	  -4.9017985068142242e-02	   2.2593632581325677e-02	   4.3741702246545174e-02	   2.2853629425430122e-02	  -7.0428693407600079e-02	  -8.1064067867485601e-02	  -8.2562066085267033e-02	  -1.0230293334818609e-01	  -1.1359303980228797e-01	  -1.1923801670066431e-01	  -1.0144629179005828e-01	  -9.3786283451854066e-02	   1.9682238505432845e-01	  -5.0940909878029426e-02	  -2.9921444515768980e-01	   1.1737031279400716e-01	  -1.5077755059716922e-02	  -1.8049495649881703e-01	  -1.9736771586962015e-01	  -2.0066260444053260e-01	
  -2.3830467180344755e-01	  -2.1091655374000082e-01	  -2.3048309672751699e-01	  -1.9804904706387028e-01	   2.0696928592821315e+00	   1.7268547151343614e+00	  -2.2297972959206441e-01	  -2.7393768717472444e-01	   0.0000000000000000e+00	   2.2189167549126330e+00	   2.7343918684631630e-01	  -9.5383804129309316e-02	   2.1331282862603210e-01	   2.0709083642446663e-01	   1.9483434408516034e+00	   1.9820315559484700e+00	   2.8174508211156074e-01	   3.6754965677078588e-01	  -1.1655278577892891e-01	  -1.0482247099331708e-01	   1.5576718906952545e+00	   1.6479643781120568e+00	  -3.0843440838785063e-01	  -2.7110153581214291e-01	   1.7135124298623452e+00	   1.6769695402740366e+00	   7.1771083981239625e-01	   6.9292242653351155e-01	   9.4501673836408673e-01	   1.0675256765527439e+00	   6.8460380827392320e-01	   4.9956878642356795e-01	  -4.8969910304020214e-01	  -5.0199689695936001e-01	   4.2541592806097828e-01	   4.7653931918944359e-01	   1.1700717246739369e+00	   1.2424740852468203e+00	   7.8780790461995998e-01	   8.3619275661400028e-01	   7.2373283924101850e-01	   7.1743354202293386e-01	   5.4226795937204697e-01	   1.0916337388489644e-01	   3.4345852668821125e-01	  -1.8069782916599858e-01	   1.7001539907353653e+00	   1.4355667615027388e+00	  -5.1823279562265134e-01	  -3.9875129142927207e-01	   1.6843012084310532e-01	   2.5994047564716825e-02	   1.9783488541768248e+00	   2.3154355543296696e+00	   9.4176548236211666e-01	   1.0352062804998572e+00	  -1.1421697620937611e-01	  -1.7466860378822513e-01	  -1.2833102742945190e-01	  -7.9330000960453770e-02	  -2.3887792254448842e-01	  -1.1424229269112865e-01	  -4.1872882800903138e-01	  -5.4740771365350094e-01	  -5.4733062890138839e-01	  -4.4461689297693391e-01	  -1.9648199148907095e-01	  -1.7298915841376927e-01	  -1.1360566095918920e-01	  -1.0879103964188178e-01	   6.7611178500925884e-01	   7.1367139888424502e-01	   5.5701891855805330e-01	   5.2254514353930848e-01	   3.7257152078822431e-01	   3.7272602046538406e-01	   1.6864477857405274e-02	   8.2496587396028841e-03	  -4.5897060322003171e-02	   2.1846577853644800e-02	   8.8185445149738151e-01	   8.3100004310621045e-01	   7.0997907407390437e-01	   8.8864334021205005e-01	   1.4674043510612524e+00	   1.2135115248203290e+00	   6.3797395462060724e-01	   7.1915001620200592e-01	   8.4619878851385999e-01	   1.0434863020405654e+00	   5.0191330767898101e-01	   5.3543502828383516e-01	   6.6603414535307537e-01	   6.7946606929954001e-01	   2.9299882559273532e-01	   2.0810250649418635e-01	   9.1574809507818422e-01	   7.2820503877569887e-01	   4.9244568516108278e-01	   3.8476767612406132e-01	   4.2870014228210873e-01	   4.5759229202675467e-01	   4.5828135212995952e-01	   5.4092199649919170e-01	   5.7937324639189225e-01	   6.2374577562838185e-01	   6.0466226886263386e-01	   6.1284035370975865e-01	  -2.0848346501919898e-01	   1.2975163591654102e+00	   1.8722899717051980e+00	   7.2868166718725569e-01	   9.9565545493515220e-02	   6.7838711927957795e-01	   7.0144058679301668e-01	   5.8491749286036687e-01	
  -1.8956081310141301e-01	  -1.6239512179698565e-01	  -1.6011345965631882e-01	  -1.2285701295761207e-01	   2.1773184738913858e+00	   2.1189012654423407e+00	  -1.3229087852714916e-01	  -1.8575522026997535e-01	   2.2189167549126330e+00	   0.0000000000000000e+00	   3.5382624609856339e-01	   1.8427723538559083e-02	   2.5402032766662896e-01	   2.4151350358196938e-01	   2.1966123015363217e+00	   2.0707658674207368e+00	   3.5558360340070838e-01	   4.1696987039190975e-01	  -8.3631083349834379e-02	  -7.2520944102511684e-02	   2.1496488924848292e+00	   2.3267807098992139e+00	  -2.0293496701961206e-01	  -1.6594998077537504e-01	   1.2597123995016450e+00	   1.2219799281044916e+00	   9.8350392065823289e-01	   9.4712169315880790e-01	   9.4111453810830481e-01	   1.0405340751956644e+00	   5.5418954072008475e-01	   4.6464895521782890e-01	  -3.8523113216988791e-01	  -3.9365805194108050e-01	   4.1010030159107735e-01	   4.4419671402508953e-01	   1.5113284107930380e+00	   1.6267063492273339e+00	   8.2827310980368329e-01	   8.9011706255268952e-01	   9.8880003898333135e-01	   9.8723660624250764e-01	   6.0252730598106152e-01	   1.9669641999898657e-01	   3.1717672827166465e-01	  -1.3235802090492582e-01	   1.3592299656614943e+00	   1.1186257684797585e+00	  -4.1733750577797268e-01	  -3.0067676534847787e-01	   1.8645137805341064e-01	   9.9043065319255510e-02	   1.5757346580052543e+00	   1.9921573817510829e+00	   1.1905322469050277e+00	   1.2788734493750811e+00	  -7.2937359586342843e-02	  -1.2937155434871345e-01	  -9.6987037497748826e-02	  -5.3528232757254109e-02	  -1.9812380054777787e-01	  -8.8748495493804050e-02	  -3.2588612199836459e-01	  -4.7429465541892013e-01	  -4.6419747934930089e-01	  -3.6498575828910240e-01	  -1.4048476040862759e-01	  -1.2933582485247391e-01	  -7.8423693392244892e-02	  -7.4431922917011742e-02	   6.1096448465540731e-01	   6.4003177624014629e-01	   4.3040380179170895e-01	   3.9836029437553888e-01	   2.1928907347261226e-01	   2.1971062901804345e-01	   9.4613080564744975e-02	   8.9465161503537727e-02	   6.2703170858751128e-02	   1.3595972859724070e-01	   9.0277204311450732e-01	   8.0995440359307758e-01	   8.3090077969444709e-01	   1.0002006791032354e+00	   1.5672969497825486e+00	   1.3299222782258127e+00	   6.2564499521975481e-01	   7.2521662767874373e-01	   9.5281148314042430e-01	   1.1570578200923389e+00	   4.9382917961097639e-01	   5.1930494006422645e-01	   6.9718539684720149e-01	   7.2226055854802462e-01	   4.3426104612218286e-01	   3.2980591534946990e-01	   1.0565827032168955e+00	   8.7454070811607665e-01	   5.9712518719600882e-01	   4.5281558875340344e-01	   4.8216027779861698e-01	   5.1495845855556333e-01	   5.0359288044806527e-01	   5.9711210826844230e-01	   6.3112154902286322e-01	   6.8484073187231331e-01	   6.9340184701473684e-01	   6.9829682294367146e-01	  -1.5197606921785420e-01	   1.6582987747917348e+00	   1.7725958274055857e+00	   9.5995144374949393e-01	   1.0386857139366781e-01	   6.8502953381714460e-01	   7.0010708290532364e-01	   5.6744936018719805e-01	
  -1.3024937239754858e-01	  -1.3615356619158253e-01	   4.7690544032506575e-02	   5.3209371966444062e-02	   2.1813779012638049e-01	   2.4592717942095194e-01	   2.1916945023469950e-01	   1.8201149057968871e-01	   2.7343918684631630e-01	   3.5382624609856339e-01	   0.0000000000000000e+00	   9.5019813855938695e-01	   7.4601462517277917e-01	   6.4477045322885518e-01	   2.4583209857700952e-01	   2.2957233715992734e-01	   1.6673326556564310e+00	   1.4758233129945557e+00	  -1.9128749806631914e-01	  -2.0405217244549104e-01	   4.2528420793394683e-01	   3.9913805384645751e-01	   3.4281864468274748e-01	   3.7240460913110585e-01	   9.6009769010771323e-02	   9.1934296809585314e-02	   3.8300705005853258e-01	   3.6207375992484547e-01	   6.7162636666814801e-01	   5.6755763377751500e-01	   3.5002129936556142e-01	   5.6778180203555662e-01	   1.1848034628336281e-01	   1.2538988820927399e-01	   5.8574526004833725e-02	   2.7351989949524746e-01	   2.8062086489957860e-01	   3.2024802160518256e-01	  -1.8655227652575571e-01	  -1.6596509929400111e-01	   3.6364577481283189e-01	   3.4097160492833112e-01	   8.6240541921995828e-01	   1.0141370826556513e+00	   4.9188356694278074e-01	   5.2489126880828341e-01	   1.0363291000413968e-01	   4.1453842834438065e-02	   2.2645067636664534e-01	   3.6011053402627802e-01	   7.3852727189109613e-01	   7.2498322898928091e-01	   2.0427186001927100e-01	   2.4968865738710619e-01	   2.0325872992724561e-01	   1.7918160794583005e-01	  -4.1752901832969300e-02	  -1.1284044831505549e-01	  -1.2458468572253886e-01	  -1.7375421909617716e-01	   1.3575063763577899e-02	  -5.5818899726020520e-02	  -2.3534712602707653e-01	  -1.3516821493567005e-01	  -1.4741662204810563e-01	  -7.3211179202899074e-02	  -4.2563678717959432e-03	   1.2217151854734814e-03	  -2.0298240760429190e-01	  -1.8058125078935894e-01	   8.3280592798009034e-01	   8.2229810699823402e-01	   9.3667300143203638e-02	   9.4113181199813253e-02	  -3.0020032594689883e-01	  -2.8744820368847651e-01	   7.6326485189215520e-01	   7.4074101879915544e-01	   1.0079590630007398e+00	   1.2333935592079819e+00	   9.4666052383575394e-01	   8.3276007544923047e-01	  -3.1453455539213512e-02	  -3.5186224772585324e-02	   3.7993403778069423e-01	   5.6828059574982404e-01	  -1.4212352436871672e-01	  -8.6785333709441873e-02	  -2.1860471486937583e-02	   1.8294736793198183e-02	  -2.3345113256363878e-01	  -1.9997413874695422e-01	  -8.7369546667094497e-02	  -6.7528350317839408e-02	  -4.9518537174796484e-02	  -1.9199645619926534e-01	   1.2836168612562576e-02	  -2.1868397070604485e-02	  -1.2515789356750090e-01	  -2.3068161004316279e-01	  -1.3754359661393928e-01	  -1.1633441372372799e-01	  -1.3758867659276469e-01	  -1.0330981195257991e-01	  -1.0511918571703428e-01	  -7.5949900720161945e-02	  -1.7603678601683218e-02	  -1.9463613342861303e-02	  -4.8783986954140068e-01	   2.7861661215107769e-01	   1.5410774226979970e-01	   2.6124499658908873e-01	  -5.9618199038876196e-01	  -8.5973709920168520e-02	  -6.1532104179769211e-02	  -1.4595604855524519e-01	
  -5.2700784515654873e-02	  -8.6055525934961560e-02	   5.9264412452597934e-02	   9.0421741613323059e-02	  -1.1190467757319554e-01	  -4.8880810134410618e-02	   2.5463053612434777e-01	   2.1927843122067586e-01	  -9.5383804129309316e-02	   1.8427723538559083e-02	   9.5019813855938695e-01	   0.0000000000000000e+00	   5.9976862831720090e-01	   5.5696201869889306e-01	  -1.0188970911509876e-01	  -1.2390473045849007e-01	   6.3660189736634021e-01	   4.5547385513045807e-01	  -1.4493213661001833e-01	  -1.4356920265719303e-01	   1.1842106810817243e-01	   8.0122332060110019e-02	   3.6055440885886952e-01	   3.4977671849418773e-01	  -3.0319757565752109e-01	  -2.9618110336314596e-01	   2.5343377808443096e-01	   2.3866044786972185e-01	   3.7323121207472271e-01	   2.9307268438515632e-01	  -9.7595095874172658e-02	   5.8472293408323342e-02	   3.2916124580321793e-01	   3.7012093004312835e-01	  -1.8491919931337336e-01	  -3.3759931389550141e-01	   9.8745625795253922e-02	   1.1069719839416811e-01	  -3.0170016927566412e-01	  -2.9055421284807759e-01	   2.3378308614073956e-01	   2.2605783087419432e-01	   6.9334754379202623e-01	   1.1000201137564560e+00	  -1.5510081770915854e-02	   2.4672792425521065e-01	  -1.9573154808971127e-01	  -2.4084838549592930e-01	   3.3332612106760018e-01	   3.6378886586731968e-01	   8.2484129369498704e-01	   9.7950577522875004e-01	  -1.6435960876756839e-01	  -1.1890440214547403e-01	   4.5186678984370197e-02	  -1.3011895187192224e-04	  -9.0313623451600794e-02	  -6.1160129001727813e-02	  -1.2560666421517869e-01	  -1.1563002891784649e-01	  -1.0989418366779945e-01	  -1.6946491573295114e-01	   3.7487112611261775e-01	  -5.2935458310691817e-02	   1.9151946291325686e-01	   1.0400436962609794e-01	   3.4690072887880563e-02	  -6.1914334937746653e-02	  -1.4052612497148995e-01	  -1.2711145152216319e-01	   2.3017456837903605e-01	   2.0738790247718591e-01	   4.1177255156580696e-02	   6.0363069752304349e-02	  -2.8248859891998573e-01	  -2.6350044432580494e-01	   1.0170806017014986e+00	   1.0261798255424488e+00	   1.1165737816768302e+00	   1.1143711383243113e+00	   3.8197191637535854e-01	   3.0488111364522424e-01	  -1.2299989305202208e-01	  -1.7269934745551907e-01	   8.9579875734196776e-02	   2.2987625593616520e-01	  -2.2148440530191099e-01	  -1.7125437360574114e-01	  -1.3118614350322580e-01	  -1.5953925411960293e-01	  -2.5523892859740521e-01	  -2.3815491150383894e-01	  -1.9502423010110095e-01	  -1.8600205581636148e-01	  -2.7290938467235657e-02	  -1.2994298478082719e-01	  -1.4239367143328432e-01	  -1.1784489015774555e-01	  -1.2708786072126213e-01	  -2.0334906915540207e-01	  -2.3222760220604655e-01	  -2.3451177238970311e-01	  -2.3557843664985698e-01	  -2.2873911991287160e-01	  -2.2268825132882669e-01	  -1.9710007469735102e-01	  -1.6169250488063069e-01	  -1.6886555962882066e-01	  -2.8801156357746593e-01	   1.0539797315370157e-03	  -1.2718013441044002e-01	   1.3462349830231449e-01	  -4.2389839437867116e-01	  -1.7196661292439747e-01	  -1.5460744768661905e-01	  -1.9765127427643342e-01	
  -4.1815576657607600e-01	  -3.8060587281231117e-01	  -1.7966264490834397e-01	  -1.9781972653550800e-01	   1.5320840387808035e-01	   1.7203521154085416e-01	  -5.3733777106092354e-02	  -2.5097052980864046e-03	   2.1331282862603210e-01	   2.5402032766662896e-01	   7.4601462517277917e-01	   5.9976862831720090e-01	   0.0000000000000000e+00	   2.5477221879071532e+00	   1.3465318067390869e-01	   1.2827646351708211e-01	   7.9499011839989775e-01	   6.6837056554947694e-01	  -4.1876216460040450e-01	  -4.0090897526352681e-01	   3.1421299918202827e-01	   2.7960671813627785e-01	   1.5752005216428586e-01	   1.4008359726847200e-01	   6.8581485938662062e-02	   9.4694516632493064e-02	   2.7220717818187717e-01	   2.6126565260888390e-01	   9.1898015471198280e-01	   8.1346200260877077e-01	   6.7913217769823053e-01	   8.2374693905899865e-01	  -2.1883337593222021e-01	  -2.1554222817428717e-01	   1.4860938828323522e-01	   3.2814111012224967e-01	   2.7188573890587520e-01	   2.7945395621147445e-01	  -2.1216518424901296e-01	  -1.9688299226499434e-01	   2.5029620885569565e-01	   2.1184149694827203e-01	   1.0915354441827869e+00	   1.1114990275378673e+00	   2.2945461784163379e-01	   1.0752728651243203e-01	   1.8507672526721572e-01	   1.8473022783575646e-01	   1.8620633072610729e-01	  -2.6431407425161889e-02	   9.9846326348328451e-01	   1.0837635747244379e+00	   1.5114887819778389e-01	   1.6724347794012279e-01	   1.2273655045221497e-01	   9.7996803999369650e-02	  -3.1465740468367781e-01	  -3.7362734868001107e-01	  -3.7437110768308451e-01	  -4.0203401702849173e-01	  -1.9511820460384105e-01	  -2.0569552887333062e-01	  -4.0686710961169070e-01	  -3.0120986104550967e-01	  -3.5518224727701303e-01	  -3.2548995294675015e-01	  -2.8876548859409573e-01	  -2.4081429696560502e-01	  -3.6881230959610006e-01	  -3.7531251993215625e-01	   8.7268570824457381e-01	   8.1939827534342236e-01	   5.2624391101118095e-01	   5.4611666793684988e-01	   1.9830449582828999e-01	   2.2188977576355820e-01	   1.2402443618829637e+00	   1.2261329346809298e+00	   7.0353978367759373e-01	   8.6276657692191572e-01	   9.1696797591737234e-01	   9.6728789634033430e-01	  -4.8430524738087399e-02	  -4.3584892866763286e-02	   4.5843055404269761e-01	   5.8421432982585919e-01	  -1.3628738175486182e-01	  -8.1487167664193116e-02	  -4.4907605565732728e-02	  -1.5769879655525804e-02	  -2.3057331217729077e-01	  -1.9708556293689100e-01	  -8.4268031978505478e-02	  -6.1553926291599004e-02	  -5.5411591949444200e-02	  -1.8647193274206894e-01	  -4.6710636605067218e-02	  -7.0558280823119476e-02	  -1.5507762142169843e-01	  -2.4717968323712486e-01	  -1.6006201617601765e-01	  -1.2503056892258410e-01	  -1.5144898123952505e-01	  -1.0900223831750393e-01	  -9.9677410148071216e-02	  -6.4914024619594529e-02	  -1.4127168025356317e-02	  -1.4626954042979807e-02	  -3.4539194146964547e-01	   1.3986144983295451e-01	   2.0850155706358103e-01	   1.7426422486989954e-01	  -4.9663533804705967e-01	  -9.0390364389998812e-02	  -5.5739899039954736e-02	  -1.5414772984233804e-01	
