   0.0000000000000000e+00	   7.8749054733073409e-01	   8.4575534792879326e-01	   8.4794401278684617e-01	   8.4463248149090364e-01	   8.0469236419040913e-01	   8.3509130686104605e-01	   7.9574390302281983e-01	   8.9375492936857936e-01	   7.5641969282183630e-01	   7.9851832858819338e-01	   7.7561356728479214e-01	   7.8749289534776312e-01	   7.7925055449444192e-01	   8.7541815415219570e-01	   7.8351862590379096e-01	   8.5644789774010710e-01	   7.7618028636237157e-01	   8.1394226794906044e-01	   6.6623523582026878e-01	   7.0311576700738121e-01	   7.4609595892241964e-01	   7.1274036316833511e-01	   7.2837878445312432e-01	   7.2506902663519823e-01	   7.7745882483934958e-01	   5.9021023828988473e-01	   6.8235924081376120e-01	   7.9458312926584862e-01	   7.1982392583604904e-01	   7.8101723257350497e-01	   7.9647763783301184e-01	   8.2390263332457125e-01	   8.0357620074421898e-01	   7.3272683394523175e-01	   7.6623146162704292e-01	   7.4471349433366951e-01	   7.3765055506587518e-01	   7.6004428349809938e-01	   8.2160828214311321e-01	   7.1112658199640866e-01	   7.0645563238097575e-01	   8.4165707717352001e-01	   8.2715079263553215e-01	   6.1487781329083191e-01	   6.0754864739975112e-01	   8.2430024977028227e-01	   8.3761730129678902e-01	   6.2540126162562015e-01	   7.5391787985211955e-01	   8.0396273453267386e-01	   7.4380663954528692e-01	   8.0237502488463475e-01	   7.8308350077775657e-01	   8.2664702834470738e-01	   8.0454434955120568e-01	   8.7638941317504204e-01	   7.0080320769098470e-01	   8.5551458172237371e-01	   8.3955221274922820e-01	   9.3521388711445985e-01	   7.8793206494421864e-01	   9.1670792527958467e-01	   8.2081370552331945e-01	   8.1491289671252698e-01	   7.7609613787009024e-01	   7.7338127293809700e-01	   7.3181169177189154e-01	   7.1093847718277958e-01	   3.4263437247272860e-01	   6.4967491322896009e-01	   6.3092602380744056e-01	   7.7298247987957724e-01	   7.0200141063132859e-01	   8.4567172107929833e-01	   7.4866852897487168e-01	   8.7174131124263843e-01	   8.2023745801278836e-01	   7.6662703736417837e-01	   7.5684229910428202e-01	   8.1992522141450697e-01	   8.5699973196475132e-01	   8.1750650412434966e-01	   8.1537639465066336e-01	   8.3037359585826165e-01	   8.3266384809456118e-01	   7.5830416595629635e-01	   6.8986019720958214e-01	   8.8410016776047506e-01	   9.1528255641909384e-01	   7.7697486504611923e-01	   6.1567505517007715e-01	   6.2457791769742355e-01	   5.9204574343495608e-01	   5.8493470967290062e-01	   6.7642283876438980e-01	   7.3967913407630770e-01	   8.1716999476468133e-01	   7.4690071311858097e-01	   8.1939248609946413e-01	   6.7069401228697895e-02	   0.0000000000000000e+00	   5.6070699194667972e-01	   6.2753848165803683e-01	   3.9787933695421701e-01	   1.4493883587844270e-01	  -1.3757011947567151e-02	   5.6945619677755077e-01	  -4.7679185447348005e-01	   7.5498551017137583e-01	   8.3893824077159607e-01	   8.1528801317747845e-01	   6.7127824457901641e-01	   7.1573741888255682e-01	   7.4867747102531568e-01	  -2.2471909216150587e-01	
   7.8749054733073409e-01	   0.0000000000000000e+00	   7.7191895403899502e-01	   8.5948900798997707e-01	   7.8256123707915848e-01	   7.8888236009437196e-01	   8.2052164261036131e-01	   8.3250407536656557e-01	   8.4501891230202519e-01	   7.7748362307021956e-01	   7.0724864960633216e-01	   8.3297705526471288e-01	   7.2820349225357894e-01	   8.0943663960163414e-01	   8.4848007866501696e-01	   7.9331659829047130e-01	   8.0414897956770359e-01	   8.9404253892447660e-01	   8.2866870751036203e-01	   8.2242349169707718e-01	   6.8280990526705376e-01	   6.9943063837869435e-01	   6.6171953338501366e-01	   6.9810238550887049e-01	   6.7452501098627515e-01	   7.2147555581244394e-01	   5.5850307818829159e-01	   6.3799078462030856e-01	   8.0402935811111309e-01	   8.0869760645765454e-01	   7.5983270241240275e-01	   7.8479158125839077e-01	   8.4263172135966935e-01	   8.7259203397008500e-01	   5.3703402695980540e-01	   5.9863868831204370e-01	   6.9203328919781415e-01	   7.3765762578415239e-01	   7.4034881663535190e-01	   8.1853116524066949e-01	   7.1324759169901464e-01	   7.2983184766509190e-01	   8.4564184629358696e-01	   8.4619985768203088e-01	   7.6810314249173217e-01	   7.5553406119798638e-01	   8.8204142264932517e-01	   8.8782734320361323e-01	   7.7844694409337478e-01	   8.4880429268901847e-01	   8.6222270371116749e-01	   8.1402562644062404e-01	   8.7330738810407105e-01	   8.3569730832483091e-01	   8.8098341372621503e-01	   8.7698837958430298e-01	   6.9118050532990472e-01	   9.3130342249304388e-01	   7.9682940414399916e-01	   8.8235597645223496e-01	   7.9362960592155130e-01	   7.8955772700745364e-01	   7.8856911611408809e-01	   8.5544387134963518e-01	   7.2886778135823604e-01	   6.9960323355815612e-01	   7.7996760278731236e-01	   8.0148404481007174e-01	   7.6107504349100652e-01	   6.1466713964498054e-01	   6.0600701188886696e-01	   6.1133724671239875e-01	   7.3089942764469384e-01	   7.7489717658277024e-01	   7.5972989684676651e-01	   7.4947992711921374e-01	   7.9583064851178609e-01	   8.4734251121465998e-01	   7.9591610721214656e-01	   8.5657008200621187e-01	   8.5599236996751671e-01	   8.8516610639778026e-01	   8.4460468732679583e-01	   8.1401758704239879e-01	   7.9577876984379126e-01	   7.8259212654985200e-01	   7.1543321122835835e-01	   5.6791930325161599e-01	   8.7473974427423884e-01	   8.8265330944667597e-01	   8.6164578105548328e-01	   6.2736389036269569e-01	   6.9812294121441698e-01	   5.7948139099552631e-01	   7.4590281860219754e-01	   7.6687520546500321e-01	   9.0194348837067650e-01	   8.2486402257919667e-01	   9.2279938886652246e-01	   7.8180577233573800e-01	   1.9433772207513783e-01	   0.0000000000000000e+00	   6.4600875206213515e-01	   6.3379504738454129e-01	   3.5785488344524063e-01	   2.4816945688847530e-01	   1.1632893579052288e-01	   5.7101188601825692e-01	  -3.3592467502462037e-01	   7.9243014447946569e-01	   8.6361551435951855e-01	   8.4218664173487223e-01	   7.4881882767988794e-01	   7.4387081258744947e-01	   7.1339978454440589e-01	  -2.2689704354294765e-01	
   8.4575534792879326e-01	   7.7191895403899502e-01	   0.0000000000000000e+00	   8.6863191107798376e-01	   9.0193466363654573e-01	   7.8644178505359497e-01	   9.2828718867862103e-01	   8.2906930820705294e-01	   8.7515540391369862e-01	   6.7796111036230189e-01	   6.9858007663588384e-01	   7.3162578974637960e-01	   7.3758752145239415e-01	   7.7616440963250333e-01	   8.9663914609990014e-01	   7.8852258906837136e-01	   7.7717091259648141e-01	   8.0431406997143151e-01	   8.8689454047092997e-01	   7.7279471687032952e-01	   9.1550596517324545e-01	   8.7689826230235390e-01	   8.9872559844430056e-01	   8.7593308147304838e-01	   9.1714712473322124e-01	   9.3439786209019782e-01	   7.7593393655209231e-01	   8.2478731051117227e-01	   8.0750714622938558e-01	   7.4947374570808400e-01	   9.1675214313853748e-01	   8.7678866845903203e-01	   8.8388818911407507e-01	   8.5828217789984651e-01	   7.9313673074251545e-01	   7.1563945095585579e-01	   8.4285166875188366e-01	   8.2770357913476456e-01	   8.6833934858524486e-01	   8.8748797217608844e-01	   7.6720498987988128e-01	   7.2423304465785920e-01	   8.2660556596076806e-01	   7.7790954360882991e-01	   6.6412481567235215e-01	   6.2975869359163439e-01	   8.4121331080590367e-01	   8.0783197406492602e-01	   6.3105185447196988e-01	   7.2489859863171802e-01	   8.5206583824010762e-01	   7.9208543019130906e-01	   8.1910004441846829e-01	   7.9493011619392218e-01	   8.4431246578815422e-01	   8.2678376352053440e-01	   7.2040138925553054e-01	   7.4355964087646287e-01	   7.5771394286840699e-01	   7.6529536066084147e-01	   8.1911882789492307e-01	   7.0070846960793320e-01	   7.9996053435943137e-01	   7.6512650057530018e-01	   8.8170319658400442e-01	   7.4131044139456548e-01	   8.4706349946535009e-01	   7.4326258177238558e-01	   6.9196430336610870e-01	   4.4014805395812107e-01	   7.8867622249054758e-01	   7.4825151591594496e-01	   8.2652153565071151e-01	   7.8157804444202117e-01	   8.5455669946336710e-01	   8.0772264730226295e-01	   8.8886127768628520e-01	   8.6406265953531780e-01	   8.2085949350991294e-01	   8.5854538930763158e-01	   8.1606540766192026e-01	   8.4939296751182014e-01	   8.5025938075506535e-01	   7.9353196967061024e-01	   8.8615306972276353e-01	   8.5841565163836853e-01	   8.4237770417116842e-01	   7.4626173917844907e-01	   8.6251439225290327e-01	   8.0261600407926714e-01	   7.2829213667173254e-01	   5.7600925026798278e-01	   4.8553536625677995e-01	   5.1868741346076097e-01	   6.8066437905013566e-01	   7.3709956971474355e-01	   7.8833478764030485e-01	   7.6833613618839425e-01	   7.3821998826715407e-01	   7.0163210977129720e-01	   3.5639948581304692e-01	   0.0000000000000000e+00	   5.8884828383382382e-01	   5.9345792603123049e-01	   5.5064473557186600e-01	   3.1129591880085150e-01	   6.1207746675275614e-02	   6.1665733492771979e-01	  -4.9086075437346022e-01	   7.4782945338089590e-01	   7.8314097828851681e-01	   7.3407035377003349e-01	   5.8026498523264447e-01	   6.6040551016980642e-01	   7.3283304019103568e-01	  -7.7867894484668410e-02	
   8.4794401278684617e-01	   8.5948900798997707e-01	   8.6863191107798376e-01	   0.0000000000000000e+00	   7.9810550463584784e-01	   9.2055781614307963e-01	   8.8934086035433713e-01	   9.6465999600704200e-01	   8.6922800792782162e-01	   8.9832564668283077e-01	   7.9617054387238029e-01	   9.0651423811072629e-01	   8.2212247466501154e-01	   9.1799127299712535e-01	   8.8677457639318447e-01	   8.8746345659091552e-01	   8.2862307661553503e-01	   8.6574308061681826e-01	   8.6470894983363578e-01	   8.2433287974879565e-01	   7.9101292341455609e-01	   8.4617730196387386e-01	   7.6052498093780052e-01	   8.9102845731878233e-01	   7.3642893556836375e-01	   8.5380145619889825e-01	   5.9158775215208137e-01	   7.3376841018815053e-01	   8.7254867312121798e-01	   8.4717554326529587e-01	   8.3143487671334193e-01	   8.8423823857871520e-01	   8.6736438854318010e-01	   9.2197040461778434e-01	   6.4516839731885711e-01	   7.0789187691570998e-01	   8.2058943815009211e-01	   8.6772076148716382e-01	   8.1599424495592143e-01	   9.2558497895952996e-01	   8.3165419558088294e-01	   8.4315942887053930e-01	   8.7509751567893135e-01	   8.6223094554846935e-01	   7.2122356607479954e-01	   7.3016384314195748e-01	   9.2156605793076474e-01	   8.9243610266622952e-01	   7.1731793597819138e-01	   8.2358704904328772e-01	   9.0381979344576413e-01	   8.6691439965634931e-01	   8.7914482678087091e-01	   8.6866932238881367e-01	   8.9550588931589148e-01	   8.8790183898108022e-01	   6.8321703557230817e-01	   7.4203437527247185e-01	   7.8464981942251866e-01	   8.7137001054083330e-01	   8.5203685393721873e-01	   8.7254210377964170e-01	   8.4661128815229514e-01	   8.8122378447998384e-01	   8.2217398065793779e-01	   8.6820423029812965e-01	   8.1045686415549556e-01	   8.3339491331239746e-01	   6.4134673708352041e-01	   4.6888960505883792e-01	   7.4471290073620933e-01	   7.3560134438993696e-01	   8.3124425056284135e-01	   8.5858624775144587e-01	   8.6624440530860436e-01	   8.7080513197130005e-01	   9.0106236710166077e-01	   9.3613045565356545e-01	   8.6835637280226474e-01	   8.9803044732789217e-01	   8.6607829116300683e-01	   8.9694799661701619e-01	   8.3741062720304371e-01	   8.7410264575888708e-01	   8.6258078726402465e-01	   8.9090000385268131e-01	   7.5978071312851403e-01	   6.4846852802617483e-01	   8.8834227073349625e-01	   9.0541848659904800e-01	   8.0739365284389630e-01	   5.4936850207154808e-01	   6.2915326883932221e-01	   5.2826204565798462e-01	   6.4109328344105632e-01	   6.6160251586618413e-01	   8.5312767164136805e-01	   7.9815861588488468e-01	   8.1633432267059858e-01	   6.9896254149000880e-01	   1.7798273734096234e-01	   0.0000000000000000e+00	   6.3336622912938945e-01	   5.8422351419989238e-01	   4.1869601011448609e-01	   2.5580598457923015e-01	   1.3968331237086835e-02	   5.1436384823485870e-01	  -4.3452783406001522e-01	   7.8748054806906831e-01	   8.3348597081461628e-01	   7.8375385005808718e-01	   6.6436911511524999e-01	   6.9483443163069691e-01	   7.6339419897440197e-01	  -2.4863439552360306e-01	
   8.4463248149090364e-01	   7.8256123707915848e-01	   9.0193466363654573e-01	   7.9810550463584784e-01	   0.0000000000000000e+00	   8.3784405132781237e-01	   8.5956558451232989e-01	   7.6807000670904824e-01	   8.9086297122399205e-01	   6.8034740028930107e-01	   6.8708977824977691e-01	   6.8718478216282319e-01	   7.0552258977412563e-01	   7.1931207641410211e-01	   8.1437805651076378e-01	   6.9954303115425054e-01	   7.9891635132982231e-01	   7.6673491506955793e-01	   7.8351285091291434e-01	   6.7951494366141019e-01	   8.0854309037081840e-01	   7.7548830218599751e-01	   7.6664643102106345e-01	   7.6094054308149850e-01	   8.7292488171223304e-01	   9.0257870987574873e-01	   8.5852439803238734e-01	   8.9333142960821599e-01	   7.5009753237640497e-01	   6.8178538619333229e-01	   8.1240596807999310e-01	   7.7347824877954663e-01	   8.3332791616023583e-01	   7.8537972824692459e-01	   7.2766376124454857e-01	   6.5856793945292058e-01	   7.1208817502480604e-01	   7.4113493055766999e-01	   7.1927726867899744e-01	   7.6368110895240204e-01	   6.3271454837191066e-01	   6.0033651723871995e-01	   8.5314214200463767e-01	   7.9957346396464624e-01	   6.3631306153033185e-01	   5.9783503536470661e-01	   8.1095584537878029e-01	   8.2167366845407774e-01	   6.4714461675391255e-01	   7.4179990400435503e-01	   8.3646672401383504e-01	   7.7680520004537357e-01	   8.0812053009402973e-01	   8.1834690685786027e-01	   7.6273305975127936e-01	   7.5251455512031362e-01	   7.8712239013833663e-01	   7.4185781223423986e-01	   8.0608435087057939e-01	   7.5798837682056830e-01	   8.6031628342965472e-01	   7.2159098466352134e-01	   8.1260072388615467e-01	   7.5917519659992005e-01	   8.3603672737003110e-01	   7.3073036769503952e-01	   7.8324473303991793e-01	   6.8987747873285865e-01	   7.7084505321815955e-01	   4.6858621978723725e-01	   7.0175644439269802e-01	   6.8734863635919419e-01	   7.4200709745701832e-01	   6.8819035336652479e-01	   7.4808510540697482e-01	   6.8406989594200784e-01	   8.1215124523167104e-01	   7.8125377681881958e-01	   7.5211304956414837e-01	   7.9487387933732379e-01	   8.0264672133165904e-01	   8.0233328742134224e-01	   7.5818548415196885e-01	   7.2232133268560272e-01	   7.7067029884376348e-01	   7.7035756390998933e-01	   6.9092290020028424e-01	   6.1286645742928236e-01	   7.9700878542035103e-01	   7.8389141375546134e-01	   7.4297557005934201e-01	   5.6965192434254730e-01	   5.1457799112444269e-01	   5.4480400286303743e-01	   6.6978243537466953e-01	   7.0046718125465346e-01	   7.2586438519365148e-01	   7.7055263138458618e-01	   7.2706508592379016e-01	   7.4563482376001966e-01	   2.0621828632174019e-01	   0.0000000000000000e+00	   5.3346994236369305e-01	   5.6889370928442562e-01	   4.4039941832049645e-01	   1.9134768539928382e-01	   1.0741229021283180e-02	   6.8291366294158062e-01	  -4.9738824889470329e-01	   7.2948977490306322e-01	   8.1322671902035282e-01	   7.6299140099361429e-01	   5.8640007092241009e-01	   6.5720430829282717e-01	   7.1768869309873096e-01	  -1.2124338424261610e-01	
   8.0469236419040913e-01	   7.8888236009437196e-01	   7.8644178505359497e-01	   9.2055781614307963e-01	   8.3784405132781237e-01	   0.0000000000000000e+00	   8.2311286355515301e-01	   9.0160459485886701e-01	   8.6590591169743414e-01	   9.3189712365204169e-01	   8.2751103265496151e-01	   8.4795051484702544e-01	   8.4920888206776368e-01	   8.7469540288749503e-01	   8.1021847164587224e-01	   8.2742330622226667e-01	   7.9306504796661603e-01	   7.7343534348694032e-01	   7.7403232250663734e-01	   7.2882517087662801e-01	   7.0069361053852453e-01	   7.8769506844870141e-01	   6.4740438882451357e-01	   8.0425138099673976e-01	   6.7648543016707885e-01	   8.2624339642359179e-01	   6.1541221045981032e-01	   7.8640113921873156e-01	   7.8506561235510619e-01	   7.3577372190597345e-01	   7.0438065132702476e-01	   7.5966690777343682e-01	   7.8444076758267078e-01	   8.3536001028522155e-01	   6.0108076848996539e-01	   6.6125689823873035e-01	   7.1108607861455675e-01	   7.6705007876906950e-01	   6.8754054483551430e-01	   8.0784940752010281e-01	   7.0003796002217933e-01	   7.0057536936543097e-01	   8.3320739757507623e-01	   8.1679662195695657e-01	   6.2916839426020177e-01	   6.4748005492016525e-01	   8.4439919250024054e-01	   8.3951430912688019e-01	   6.7975339036594740e-01	   8.0484926399166201e-01	   8.7715918453232877e-01	   8.5172110797116474e-01	   8.4557544333343437e-01	   8.4412288156937443e-01	   7.9340454975487706e-01	   7.7836629656680412e-01	   6.3877624603275796e-01	   6.5600573902612691e-01	   7.6850756272900589e-01	   8.0975372020733427e-01	   8.5939636764140281e-01	   8.5898460969292778e-01	   7.9379793300007950e-01	   8.0844497318483610e-01	   7.8101261004798106e-01	   8.7594237858806434e-01	   7.2803383840249991e-01	   7.4746511000455906e-01	   6.2266185646496741e-01	   4.4349181191393372e-01	   6.7806301588103057e-01	   6.8205204385218066e-01	   7.4275908666742874e-01	   7.5204335052070181e-01	   7.5847306670437442e-01	   7.5811956713392514e-01	   8.1753172564045617e-01	   8.3537187537603463e-01	   7.6301365033336832e-01	   7.9735552363012197e-01	   7.7741495117112269e-01	   7.9557018524073198e-01	   7.0559312422280551e-01	   7.5902816733432499e-01	   7.5494664098398523e-01	   7.9679927366580761e-01	   5.8339404009603391e-01	   4.8833002524903335e-01	   8.2696680217532204e-01	   8.4881185431186301e-01	   7.5948351594108732e-01	   5.0510846072648052e-01	   5.9835085772606500e-01	   5.2527960622223846e-01	   5.8354545906002708e-01	   5.6202899765874703e-01	   7.4824591441028443e-01	   7.1353931734867426e-01	   7.1081988481859804e-01	   6.2584684936743895e-01	   4.7610043176240485e-02	   0.0000000000000000e+00	   4.9840183802590921e-01	   5.0721868009428694e-01	   3.5484875657966275e-01	   1.8279333405766124e-01	  -4.3584027345496795e-02	   4.9412489432622275e-01	  -4.2129138824825907e-01	   7.1359782606906652e-01	   7.8385978091740760e-01	   7.2451316112084052e-01	   5.9624867070627419e-01	   6.0436006220707195e-01	   6.9677349437432734e-01	  -1.6622546812949363e-01	
   8.3509130686104605e-01	   8.2052164261036131e-01	   9.2828718867862103e-01	   8.8934086035433713e-01	   8.5956558451232989e-01	   8.2311286355515301e-01	   0.0000000000000000e+00	   9.2025059884120830e-01	   9.1412773373975509e-01	   7.6669722582152999e-01	   8.1409895623465922e-01	   8.4304700349757600e-01	   8.4841128038693425e-01	   8.5161235962131221e-01	   9.3064670998793542e-01	   8.6987222634389672e-01	   8.6595624488517142e-01	   9.0281413548727174e-01	   9.4700595898581641e-01	   8.9375719544840093e-01	   8.1848991683610750e-01	   7.9684328786742742e-01	   8.4941016941474989e-01	   8.3841997631282239e-01	   7.9534661636846438e-01	   8.4096844440767793e-01	   6.3339229984820866e-01	   7.1314810910208770e-01	   8.9056084768097055e-01	   8.3841879679146758e-01	   9.0452127154142381e-01	   8.9482280778769108e-01	   9.4876026456226226e-01	   9.3575335070295818e-01	   6.1076566265436960e-01	   6.0299327501425304e-01	   8.0324266303803282e-01	   7.8598932047093084e-01	   8.5779320354420541e-01	   8.7977133629410531e-01	   8.2279903003946808e-01	   7.6228617544903088e-01	   8.2105692313678624e-01	   8.2031708214649801e-01	   8.1390057569085128e-01	   7.9707419109017696e-01	   8.9009629737792240e-01	   8.6628569922455512e-01	   7.7449036146671213e-01	   8.2898393783268221e-01	   8.9674274571913482e-01	   8.6773096531058047e-01	   8.9693832558541087e-01	   8.5867980561733193e-01	   9.0648681372009143e-01	   9.0350596639113423e-01	   7.4174175804362608e-01	   7.9849184244634164e-01	   8.1598468520375567e-01	   8.2842841407474654e-01	   8.4847503423592308e-01	   7.3641271554576115e-01	   8.5308137158184028e-01	   8.5075655244392789e-01	   8.2755272533835234e-01	   6.9419835045470846e-01	   8.9638058696428657e-01	   8.5473000368514618e-01	   7.5463786595793114e-01	   6.0782737638417994e-01	   7.3129917220790885e-01	   7.1494540898425285e-01	   8.4050211321894042e-01	   8.1847557880638888e-01	   8.3914472455429978e-01	   8.1966806124886549e-01	   8.8760921437052442e-01	   8.8460724272451963e-01	   8.9069551190155072e-01	   8.9717241805148928e-01	   8.9805120295586072e-01	   9.1820029614669740e-01	   8.9656679785818461e-01	   8.4843701309618935e-01	   8.7866960735357891e-01	   8.5911562579280365e-01	   7.4733812329824922e-01	   5.9096389583750208e-01	   9.2518125442598231e-01	   8.5429380724897275e-01	   8.1945100515741520e-01	   6.6198922379243919e-01	   6.1991216429221041e-01	   6.2807831537536241e-01	   7.4255749175682184e-01	   7.5394677219952433e-01	   8.5072541713624950e-01	   8.3464468609999765e-01	   8.3473274923985552e-01	   7.6755471234378403e-01	   3.0453548300316657e-01	   0.0000000000000000e+00	   6.4839564682377482e-01	   6.5117052624077632e-01	   4.7770184363058066e-01	   2.9109041815395043e-01	   2.2981817964654747e-01	   6.1344807645525146e-01	  -3.8730313451555654e-01	   8.0204015002229534e-01	   8.1497561779460881e-01	   8.1994207095268479e-01	   7.2338768417396415e-01	   7.4486874012537729e-01	   7.3909492727117188e-01	  -7.0715922768126452e-02	
   7.9574390302281983e-01	   8.3250407536656557e-01	   8.2906930820705294e-01	   9.6465999600704200e-01	   7.6807000670904824e-01	   9.0160459485886701e-01	   9.2025059884120830e-01	   0.0000000000000000e+00	   8.5835802751807866e-01	   8.9140801098500355e-01	   8.2810556116882217e-01	   9.4570409995906246e-01	   8.4516269601116700e-01	   9.3509826536356733e-01	   8.7928768171117788e-01	   9.0124914085950125e-01	   8.5806373359763732e-01	   9.0277332873569960e-01	   8.8825104054908266e-01	   8.8069334969001134e-01	   7.6300313331896652e-01	   8.0060160580798900e-01	   7.5383232798431599e-01	   8.6411596524521994e-01	   6.9208105955079524e-01	   8.1472415601464732e-01	   5.3784009748530059e-01	   6.7949212892117261e-01	   9.1093247105149622e-01	   8.8745102039873436e-01	   8.4487442950255276e-01	   8.9905917091155230e-01	   8.8681118320880115e-01	   9.4229091175826585e-01	   5.1804353312017715e-01	   5.8944542418820833e-01	   7.9057520750264332e-01	   8.2673864674894648e-01	   7.9628922133359814e-01	   8.8547259785718146e-01	   8.4082868084305118e-01	   8.2118100230011581e-01	   8.3083721623432161e-01	   8.4278293214569322e-01	   7.8227294178613915e-01	   7.9603064116864752e-01	   9.1914734628252914e-01	   8.7556975003767534e-01	   7.7200335833539646e-01	   8.4051133585223803e-01	   8.9621944618073401e-01	   8.8308918078447163e-01	   8.8400058498325496e-01	   8.5186053063960854e-01	   8.9430459563315368e-01	   8.9129602273817599e-01	   6.7297471059429381e-01	   7.1973761750918142e-01	   7.6226435759527078e-01	   8.4196247420610248e-01	   8.2349656720050113e-01	   8.4879795201343256e-01	   8.4308240225100317e-01	   8.9477585624008560e-01	   7.5403723913069021e-01	   7.8620343592352926e-01	   8.1746587365932832e-01	   8.5276272811130149e-01	   6.4289156288584803e-01	   5.4375014742816241e-01	   7.5188114420592855e-01	   7.5432941255308705e-01	   8.4597853403669054e-01	   8.7302074656141748e-01	   8.4737459031398732e-01	   8.7453115037370521e-01	   8.9657092933729765e-01	   9.3435968671813496e-01	   9.0721461634295220e-01	   8.9985065489390603e-01	   8.9618528000509845e-01	   9.0566099651468945e-01	   8.3304385322282437e-01	   8.6931652267576487e-01	   8.3630168940918392e-01	   8.5427776958650103e-01	   6.8659221933753622e-01	   5.2446609159111302e-01	   8.8219557626278555e-01	   8.6638722292481130e-01	   7.9520924868985277e-01	   5.5040605366750217e-01	   6.3392834765135286e-01	   5.4267132947223884e-01	   6.3852890800935946e-01	   6.3528547793960410e-01	   8.4678208594593407e-01	   7.9845684035414888e-01	   8.2594502639268164e-01	   6.8417347236129733e-01	   2.2699088669362252e-01	   0.0000000000000000e+00	   6.1474739419285207e-01	   5.8468361041731798e-01	   3.8763714101895186e-01	   2.1683075650728995e-01	   1.0178316164618155e-01	   4.8238657053754230e-01	  -3.8892691057784678e-01	   7.7958413958398975e-01	   7.9773600691858526e-01	   7.7919155827639064e-01	   6.8604485651687508e-01	   6.9864495864605480e-01	   7.3172758472113020e-01	  -2.2799757994721057e-01	
   8.9375492936857936e-01	   8.4501891230202519e-01	   8.7515540391369862e-01	   8.6922800792782162e-01	   8.9086297122399205e-01	   8.6590591169743414e-01	   9.1412773373975509e-01	   8.5835802751807866e-01	   0.0000000000000000e+00	   8.4439265523889007e-01	   8.1814197003297473e-01	   8.2374807570805997e-01	   8.4995983477045822e-01	   8.4422993257700252e-01	   9.1338885806204173e-01	   8.1512072494627141e-01	   8.5127487097743415e-01	   8.4441325728587202e-01	   8.5393407351926554e-01	   7.6424229554006828e-01	   7.5105789844055026e-01	   7.7161614311431614e-01	   7.4562841469705909e-01	   7.5256053698616587e-01	   7.2837125064642816e-01	   7.8826471911195339e-01	   6.2099540140717246e-01	   7.2525016932858155e-01	   8.1005159856183317e-01	   7.4615445994257390e-01	   8.1058308745588326e-01	   8.2067398618263965e-01	   8.6510993639679190e-01	   8.5793083437864159e-01	   6.6875064360378333e-01	   6.8324745415541344e-01	   7.2389148915651103e-01	   7.6392522542910302e-01	   7.4609272334790622e-01	   8.3834621810983356e-01	   7.2470136089272930e-01	   6.9021170009361432e-01	   8.0747431377208190e-01	   7.9342101060209580e-01	   6.8402429710317980e-01	   6.7378951683930888e-01	   8.3349685582774635e-01	   8.4143307182263882e-01	   6.9209995887514308e-01	   8.0766124155036700e-01	   8.4889640126373012e-01	   8.2114302300280761e-01	   8.4506775216256558e-01	   8.4646166433081405e-01	   8.4148516884353286e-01	   8.3419933110444566e-01	   8.0044770901483275e-01	   7.8643855731581414e-01	   8.5455235137216901e-01	   8.4282156754199555e-01	   9.1661695661931397e-01	   7.9445452268374006e-01	   8.6254839552057505e-01	   8.1846478944324397e-01	   8.8178857481492812e-01	   8.0680410080466003e-01	   8.0738090964844200e-01	   7.8276399623379378e-01	   7.0100947411767311e-01	   4.9600011879956307e-01	   6.8528160050867215e-01	   6.5427025039022335e-01	   7.6840014689594005e-01	   7.2679028596987649e-01	   7.9569790174515453e-01	   7.3976441509258395e-01	   8.4677859898450292e-01	   8.3978088980559684e-01	   7.9559841086460503e-01	   8.2473767779240981e-01	   8.4379918050404334e-01	   8.7044475074426653e-01	   8.4184383612207847e-01	   8.0657601803883683e-01	   8.4415554370704771e-01	   8.2857907175751566e-01	   6.7987951000141955e-01	   5.5366051386208226e-01	   9.1320963122777965e-01	   8.9349631677853802e-01	   8.1294311131295527e-01	   6.7952046342436678e-01	   6.8647371893023823e-01	   6.8361491515791928e-01	   7.0172594178941439e-01	   7.4277956489552199e-01	   7.9731380848470756e-01	   8.0899725033486791e-01	   7.9642382927228361e-01	   7.8254741983287057e-01	   9.3117311417190610e-02	   0.0000000000000000e+00	   5.8219305084260287e-01	   5.4165653944923309e-01	   4.2276223857678702e-01	   2.5843594594469604e-01	   9.5438642112442115e-02	   6.4715296722410098e-01	  -3.8893050887557873e-01	   7.9752246689946771e-01	   8.1388230996865396e-01	   8.1347382049178174e-01	   7.1974318869213882e-01	   7.0176737257832245e-01	   7.2784319494434324e-01	  -9.0689072272075455e-02	
   7.5641969282183630e-01	   7.7748362307021956e-01	   6.7796111036230189e-01	   8.9832564668283077e-01	   6.8034740028930107e-01	   9.3189712365204169e-01	   7.6669722582152999e-01	   8.9140801098500355e-01	   8.4439265523889007e-01	   0.0000000000000000e+00	   8.2542156887292217e-01	   8.7185248711743202e-01	   8.4851968503153286e-01	   8.8217689393108545e-01	   7.9436371541005879e-01	   8.6406008024861736e-01	   7.3898230170113766e-01	   7.4608599334300918e-01	   7.3287510194424765e-01	   7.1303955285868748e-01	   5.5984005211547494e-01	   6.8486835366002397e-01	   5.6243067337477248e-01	   7.4829263581003747e-01	   5.0380262552813493e-01	   6.6137241332369168e-01	   4.0540921680305336e-01	   5.9780115231110043e-01	   7.4105458682595926e-01	   7.1045186627833634e-01	   6.3221551540014231e-01	   7.2430081954298153e-01	   7.1832327716761490e-01	   8.0484580326578448e-01	   4.9035080398933995e-01	   5.9515871715791224e-01	   6.2510218035424725e-01	   7.1816064493155940e-01	   6.1008926224220295e-01	   7.6412691509863850e-01	   6.8696942406121519e-01	   7.2443860224942203e-01	   7.1792154395157548e-01	   7.2237596960058736e-01	   5.7867575350943290e-01	   6.1331565118174702e-01	   7.7818567161115215e-01	   7.6798987644277794e-01	   6.2123856934698074e-01	   7.5189083506766752e-01	   7.8241131720954171e-01	   7.6940475706084266e-01	   7.8650072428818540e-01	   7.9261849773156057e-01	   7.4962604466889093e-01	   7.4056033917988540e-01	   5.7718742134304368e-01	   6.1659634674595332e-01	   7.1064488685882421e-01	   7.9808529705148068e-01	   7.9827731499343813e-01	   8.6129700919665508e-01	   7.3593919915564354e-01	   7.7774433278171018e-01	   7.4697094935903396e-01	   8.8265787970048804e-01	   6.4100677017868080e-01	   7.2456237287243774e-01	   4.8971480324231831e-01	   4.0215996163025824e-01	   5.7883347016138920e-01	   5.8287980738062839e-01	   6.7105908096086364e-01	   7.0132199364547754e-01	   7.1364367993189193e-01	   7.1437967236635214e-01	   7.4335674641473370e-01	   7.9185057403719905e-01	   7.1792544978871009e-01	   7.3973348622162738e-01	   7.3092001904028325e-01	   7.6478530476093043e-01	   6.9065976830007469e-01	   7.8036673044252680e-01	   7.2218877574414453e-01	   7.6356749078087871e-01	   5.4185185994624230e-01	   4.1901647980271739e-01	   7.9902636643111624e-01	   8.5342228011374233e-01	   7.4018311545331905e-01	   4.9663250858173347e-01	   6.4151143259109045e-01	   5.4222485735163028e-01	   5.1547441678487238e-01	   5.1091339351011211e-01	   7.2224935744003960e-01	   6.4904102127392749e-01	   6.9911678215598538e-01	   5.7454746324759598e-01	  -1.3722732188631090e-02	   0.0000000000000000e+00	   4.9816332044557521e-01	   4.8236427566951651e-01	   3.1834525421042603e-01	   2.2638611943354059e-01	   2.2482941969409458e-02	   3.9287896478084372e-01	  -3.6312105756645696e-01	   6.6915046518966559e-01	   6.9789460617291810e-01	   6.7673149430240565e-01	   6.2005743126359159e-01	   6.1500319212246124e-01	   6.6787415119612858e-01	  -1.8567199001132373e-01	
   7.9851832858819338e-01	   7.0724864960633216e-01	   6.9858007663588384e-01	   7.9617054387238029e-01	   6.8708977824977691e-01	   8.2751103265496151e-01	   8.1409895623465922e-01	   8.2810556116882217e-01	   8.1814197003297473e-01	   8.2542156887292217e-01	   0.0000000000000000e+00	   8.5098292588152669e-01	   9.7428451473898114e-01	   8.5508743097043372e-01	   8.6595537055023386e-01	   8.5444140070725938e-01	   8.6405343387341915e-01	   7.7461649650952347e-01	   7.9842959665135615e-01	   7.0985010372373025e-01	   5.6996017605458649e-01	   6.9246252698772537e-01	   6.5456546513256075e-01	   6.8431066271851138e-01	   5.0950069555603061e-01	   6.3442259342923413e-01	   3.8054254757991113e-01	   5.1755667963632002e-01	   8.4424639960499426e-01	   7.7807054230162387e-01	   6.6742742333723870e-01	   7.1016141219449447e-01	   7.9726522725290050e-01	   8.1870725300437519e-01	   4.2728641892040486e-01	   4.8335319343309924e-01	   7.1254317848695781e-01	   6.7723835539121668e-01	   7.1631008776268823e-01	   7.6557121809192075e-01	   7.7029392198347346e-01	   7.6046199031483019e-01	   6.6239618405729006e-01	   6.8064476901285553e-01	   6.2888836224831846e-01	   6.5433542080186913e-01	   7.7184692963418933e-01	   7.3889311545535119e-01	   6.6567314643883801e-01	   7.6407766045210801e-01	   7.8688638677493694e-01	   7.5723592371611814e-01	   7.8562507083824951e-01	   7.3432479862203270e-01	   7.8496108347163918e-01	   7.5054662495540958e-01	   5.7972162462044574e-01	   5.6756244304933701e-01	   7.3322049611733486e-01	   7.7398528403986255e-01	   7.9951112525788948e-01	   7.7796810692747864e-01	   8.1373214346866485e-01	   8.0773205497433320e-01	   6.8683738103593606e-01	   6.7261200130724286e-01	   6.7859740844715644e-01	   6.7497192671352091e-01	   5.5615381843678569e-01	   3.7820938749804500e-01	   6.4539869988746845e-01	   6.3610033285488388e-01	   7.9256971940292720e-01	   7.5353116384217644e-01	   8.0430291217742067e-01	   7.6841200123008357e-01	   8.3151474606879772e-01	   7.9895990688139140e-01	   7.9737629922849029e-01	   7.5174798963725742e-01	   7.9185145971743043e-01	   8.0440312757825994e-01	   7.5248165451354532e-01	   7.7614862360600467e-01	   8.0535922129135862e-01	   7.3456706636950342e-01	   5.8445680815047130e-01	   4.4598740259433400e-01	   8.3303320078469534e-01	   7.9496370455470466e-01	   7.1894509988966238e-01	   5.0926502135335316e-01	   5.7347179827845762e-01	   5.6007512377461455e-01	   5.0247822037607404e-01	   4.8925389005403874e-01	   6.8157614221413154e-01	   6.6436916926593848e-01	   6.5086679295059802e-01	   5.7716327523831523e-01	  -1.6611629599332847e-02	   0.0000000000000000e+00	   5.3164403398196447e-01	   5.4192996449093367e-01	   2.8153730141129685e-01	   1.5457783933593805e-01	   5.5745812778369638e-02	   4.6207118825749993e-01	  -3.7051448286048994e-01	   6.7594705051166981e-01	   6.7518044087054263e-01	   6.9933708329156685e-01	   6.3000642536303264e-01	   6.7188189043398139e-01	   6.4447141296099164e-01	  -1.0817588416081439e-01	
   7.7561356728479214e-01	   8.3297705526471288e-01	   7.3162578974637960e-01	   9.0651423811072629e-01	   6.8718478216282319e-01	   8.4795051484702544e-01	   8.4304700349757600e-01	   9.4570409995906246e-01	   8.2374807570805997e-01	   8.7185248711743202e-01	   8.5098292588152669e-01	   0.0000000000000000e+00	   8.3814573931615532e-01	   9.5987129312229758e-01	   8.5913123283442761e-01	   8.8851190608984587e-01	   8.5661422594114134e-01	   8.9846260862747762e-01	   8.2591156232639029e-01	   8.1988568485145696e-01	   6.9578978531582836e-01	   7.6290814085452086e-01	   6.5693790085947312e-01	   7.6080245574128380e-01	   5.9217448475284795e-01	   7.1008670422317177e-01	   4.4116737846161147e-01	   5.8248720725327585e-01	   9.0597270004967423e-01	   9.1017438504343140e-01	   7.7758414259534425e-01	   8.4681335189362095e-01	   8.2775054552496785e-01	   8.9462377569553708e-01	   4.2230335652805767e-01	   5.0425973692484183e-01	   7.6507212401393299e-01	   7.8286907259073912e-01	   7.7861711429701908e-01	   8.6231665578778416e-01	   8.2641477086935988e-01	   8.2375284987696917e-01	   7.7750429578888647e-01	   8.0495781883002226e-01	   7.5146213891542069e-01	   7.7218799843680008e-01	   8.9890872920579779e-01	   8.4302916747147183e-01	   7.7903620904491089e-01	   8.5669287552938700e-01	   8.6057918277780832e-01	   8.5418049605648916e-01	   8.6621507929738151e-01	   7.9066236800350920e-01	   8.9983334534670156e-01	   8.6600676584408554e-01	   6.5756560470616743e-01	   6.9994407600994357e-01	   7.4648479454005590e-01	   8.6321485560509281e-01	   7.8886673272750829e-01	   8.6876920001788971e-01	   8.2375698085702087e-01	   9.0710008959182753e-01	   6.6262792840195006e-01	   7.3403028763349731e-01	   7.4274734781656604e-01	   7.8388760778728961e-01	   5.7958949774694912e-01	   4.7703626295640300e-01	   7.2966154599700428e-01	   7.2659255019102642e-01	   8.5203008003659908e-01	   8.7753089038394738e-01	   8.5949991004924586e-01	   8.7360467860415514e-01	   8.7052013328594358e-01	   9.0982122778426244e-01	   8.8817371382682020e-01	   8.6528915794976946e-01	   8.8743504050906186e-01	   8.9100768609471270e-01	   8.0778144832870291e-01	   8.6370075923616729e-01	   8.2201637934052518e-01	   8.1752560883639647e-01	   6.6344322024338032e-01	   4.9105760771718610e-01	   8.5584397865353057e-01	   8.5433165483622986e-01	   7.6246638711175219e-01	   4.6905135463743247e-01	   6.3025731878569191e-01	   4.8593382578930078e-01	   5.5513748212816127e-01	   5.6506186367063593e-01	   8.1915817089929210e-01	   7.6785383985438127e-01	   8.1291418971967766e-01	   6.3992614808291459e-01	   1.4305674565625490e-01	   0.0000000000000000e+00	   5.8700908455421408e-01	   5.1739936022701671e-01	   2.7157710645045485e-01	   1.1895820158647331e-01	   4.9088426517556488e-02	   4.5287973764278644e-01	  -4.1859035862763438e-01	   7.2320483652315981e-01	   7.4944011300238267e-01	   7.3668079156500921e-01	   6.4768203086305343e-01	   6.4512891444693587e-01	   6.6853226188872494e-01	  -3.0604376657006083e-01	
   7.8749289534776312e-01	   7.2820349225357894e-01	   7.3758752145239415e-01	   8.2212247466501154e-01	   7.0552258977412563e-01	   8.4920888206776368e-01	   8.4841128038693425e-01	   8.4516269601116700e-01	   8.4995983477045822e-01	   8.4851968503153286e-01	   9.7428451473898114e-01	   8.3814573931615532e-01	   0.0000000000000000e+00	   8.7669986591492566e-01	   8.7491823523885970e-01	   8.5438060683731920e-01	   8.3218644800273511e-01	   7.8166357374560302e-01	   8.1329463258771206e-01	   7.3335070801149260e-01	   6.0420281735288950e-01	   7.1859599787589779e-01	   6.6093833425114534e-01	   7.1993930503761328e-01	   5.1984915665038578e-01	   6.5528974236883974e-01	   4.0011308389327710e-01	   5.5202376836435585e-01	   8.2266812244253962e-01	   7.6043352686796306e-01	   6.7032144886907874e-01	   7.1331980070279632e-01	   8.0517710323315517e-01	   8.2961803269333645e-01	   4.8274944876733084e-01	   5.3823343319715011e-01	   7.2469748617563645e-01	   6.9850714159174254e-01	   7.3904772755211767e-01	   7.9255216132739459e-01	   7.7341913040381860e-01	   7.4886893360644025e-01	   6.7922481153739456e-01	   6.8947734970948826e-01	   6.4451000606848896e-01	   6.5734281694182906e-01	   7.7640484956015965e-01	   7.4483720988775870e-01	   6.5370417553663551e-01	   7.5101254231497072e-01	   8.0574358949581182e-01	   7.8053536103279320e-01	   7.8312730409912068e-01	   7.4201516836294645e-01	   7.9848300061112532e-01	   7.6772639151437372e-01	   5.6424944970655155e-01	   6.1721718968491179e-01	   7.2851877044343460e-01	   7.6066635441606811e-01	   8.0511656468516990e-01	   7.4978637109737645e-01	   7.8271388677874609e-01	   7.8035386776538651e-01	   7.3352593623631168e-01	   7.0540243908713240e-01	   7.0497528182917457e-01	   7.0562887255183082e-01	   5.6618945516557273e-01	   4.0520892236444539e-01	   6.3791419337258359e-01	   6.2642758848507052e-01	   7.7730224666162773e-01	   7.4687929976789780e-01	   7.8454239519792368e-01	   7.6053247471073204e-01	   8.2911209893478877e-01	   8.1512737003371960e-01	   7.8401633939945925e-01	   7.8258855564788787e-01	   7.9040423312515673e-01	   8.1603457032011240e-01	   7.5105400598562333e-01	   7.6465187432996773e-01	   8.1257610500574395e-01	   7.5747922882964003e-01	   5.8659016799782249e-01	   4.5968283615180228e-01	   8.6580366642717521e-01	   7.9427301694421693e-01	   7.4186754556126944e-01	   5.4152296826311797e-01	   6.2135784494121382e-01	   6.1562004971583451e-01	   5.5838502469593965e-01	   5.3799741071679930e-01	   7.1785003192515640e-01	   6.6837183319730298e-01	   6.6750551019845206e-01	   5.8383501628205581e-01	   1.4741738694906843e-02	   0.0000000000000000e+00	   5.3275456904546403e-01	   5.6933407308860606e-01	   3.2405127117304278e-01	   2.3051811318576448e-01	   8.7542029103222813e-02	   5.0154896617850331e-01	  -3.1361264413802725e-01	   7.0384772369143522e-01	   6.8829861100391643e-01	   7.0314587735535627e-01	   6.5709618304516570e-01	   6.5154432629794146e-01	   6.4725130550035481e-01	  -4.6657458108378132e-02	
