   0.0000000000000000e+00	   4.5764971564403945e-01	   2.0895872197766496e-01	   3.6067920799618863e-01	   2.3281865905675098e-01	   2.6468956667807680e-01	   6.9479838776004263e-02	   1.3027471834769450e-01	   1.1259533767424151e-01	   2.1781685078152871e-01	   5.5528398721233696e-01	   4.1466351829911841e-01	   3.6005431382538511e-01	   3.1466002902876999e-01	   1.1683366381275154e-01	   1.6141960829596586e-01	   6.0709209917070917e-01	   5.4516736836164292e-01	   5.4983289290876136e-01	   5.7120047758930315e-01	  -9.1693319070721025e-03	   7.8093774083453776e-02	   3.5084165507678448e-02	   1.7717838840378763e-01	  -1.2454198866950159e-01	  -7.3420243665778179e-02	   1.3960536319786798e-01	   1.6907654766481717e-01	   2.3276698314750138e-01	   1.4500188354386051e-01	  -1.0084957881814399e-01	  -7.0119900339259220e-03	   3.8998829502930338e-01	   3.3208453850455089e-01	  -1.1353381969054437e-01	  -2.6691124275282263e-01	   2.1590114232208951e-01	  -1.8872243972987458e-02	   3.9303900170469384e-02	   8.8261075080901238e-02	   4.6580957318596838e-01	   1.2946160881031810e-01	  -1.1287079011850072e-01	  -1.8601852796719645e-01	   4.3782051307854359e-03	   2.8066913142328984e-02	  -4.3752208653682748e-02	  -1.0112693119288130e-01	   5.7931238774983007e-01	   3.7356345774608429e-01	   3.9429154113784615e-01	   4.0988851855717451e-01	   5.0458740465720275e-01	   4.0246670056599332e-01	   4.4150770634603620e-01	   3.7266379441879571e-01	   8.3682012204252598e-01	   3.8400327703162163e-01	   6.3418232389431994e-01	   3.7593781794487668e-01	   5.2800945349713835e-01	   2.6361770651947708e-01	   2.9429028520859363e-01	   3.2089746756964477e-01	   9.6541839293725982e-03	   2.9794004925492651e-01	   1.4218498996506806e-01	   5.4514562084464542e-02	   5.7968827821954516e-01	   3.1908275164081179e-01	   1.5606399241797486e-01	   2.0816191221453767e-01	   3.1674449014860040e-01	   2.8044897657193496e-01	   2.9990773210444521e-01	   2.9574791928905836e-01	   3.9129176248064884e-01	   2.4331882086588807e-01	   5.0430882336862515e-01	   4.8067769632613006e-01	   5.3683732801867245e-01	   3.6190821774893095e-01	   2.3363986744158091e-01	   2.9461803714597246e-01	   2.1462498619801512e-01	   1.3950691979445859e-01	   1.5126241254431350e-01	  -2.0970970382109731e-02	   5.6374167529981867e-01	   5.4267320597723656e-01	   4.4710048739625202e-01	   3.0392472715666052e-01	   1.1965131486554309e-01	  -6.9077320557844116e-02	  -8.8755682722890903e-04	  -2.7815161784187328e-02	   8.2286858439957838e-02	   3.5293483297196654e-01	   5.0898718355322081e-01	   6.0811520223371396e-01	   3.7419139252225697e-01	   2.9110746967397561e-01	   2.2246065352805744e-01	   2.0044598069348313e-01	   1.8523837184701558e-01	   2.3788214017565462e-01	   5.4583621438176055e-01	   3.7959258167255211e-01	  -1.0241342288813240e-01	   2.0137494109882276e-01	   3.1968950037421229e-02	   2.1924689397966179e-01	   2.6239217861509551e-01	   2.4560018460295585e-01	   6.5398415364028670e-02	  -5.4145836348915927e-02	
   4.5764971564403945e-01	   0.0000000000000000e+00	   1.1406963929555253e-01	   3.5882897847329875e-01	   1.4457466081635736e-01	   1.5906898650031415e-01	   8.0392886566282115e-02	   2.5110529555871530e-01	  -1.3779218197969126e-01	  -1.2046306197105622e-01	   2.4333557266398717e-01	   3.8841000793861080e-01	   1.3383706637729414e-01	   2.0698445693527789e-01	  -1.5482526251461415e-01	  -5.4020962858339641e-02	   4.3660832033634417e-01	   5.4917683991965138e-01	   2.3869515975544212e-01	   5.1068717178531231e-01	   3.4411720226543391e-01	   5.3049078066245381e-01	  -2.2537883744435945e-02	   2.4273782936891364e-01	  -3.8895100052530857e-02	   3.7291107957950945e-02	   2.3931885538326031e-01	   4.5499571389925297e-01	   3.8184957635994188e-01	   2.9946066402057991e-01	  -8.2647955786782468e-02	  -3.8429200903920893e-03	   2.7589696067955216e-01	   4.9228657072206528e-01	  -8.3924195349931077e-02	   6.4326935945352146e-02	   4.0868005410056490e-01	   3.6322557634377794e-01	   4.2511236718351136e-01	   4.4561550585606358e-01	   5.1953321220334880e-01	   4.7849458839770465e-01	  -2.6634966469953711e-02	  -1.3272587902493294e-01	   8.0050827324862822e-02	   1.2582504234769268e-01	   1.4519168507149943e-01	   9.9139730924437591e-02	   4.9857640420938221e-01	   4.2769104966843807e-01	   3.7375288265294321e-01	   4.2695318154043355e-01	   6.3572004847367780e-01	   3.9519224794332120e-01	   6.1630490156249951e-01	   5.7071933110652262e-01	   5.5704841174033259e-01	   8.9012498259314943e-01	   4.7853315571943050e-01	   6.0912606541197756e-01	   3.9781186592797202e-01	   1.9155794864828246e-01	   3.9126294970779840e-01	   3.5954481724620913e-01	  -1.5321606246593733e-01	   1.4914050648631541e-01	   1.5310187772393649e-01	   2.3423254021831480e-01	   4.5952219726565924e-01	   3.7373580969944781e-01	   4.1212259857881295e-01	   5.2721960321177108e-01	   3.3014134858921040e-01	   4.7813014352298094e-01	   2.6393537267805550e-01	   4.7935998919168438e-01	   5.4668101575085426e-01	   6.6130262344411272e-01	   4.2774343632382889e-01	   5.0270289056340500e-01	   5.7979184344359436e-01	   5.1557310409782187e-01	   5.7094001399176131e-01	   6.5339009250000690e-01	   3.1187809411926465e-01	   3.8677221768873327e-01	   5.6831708784628432e-01	   5.1229235098228321e-01	   5.6984070122669439e-01	   6.9487322420823827e-01	   5.7011366386970819e-01	   2.9911175967862841e-01	   1.0891514100798486e-01	  -1.6906961429666192e-01	   2.5057965414984840e-01	   9.0083287426393502e-02	   4.5330824720772367e-01	   3.0634474645210880e-01	   6.9444116643873988e-01	   5.3864983306973047e-01	   4.1169227665087066e-01	   3.0178271255158073e-01	   2.7448842253768535e-01	   2.0738637608704166e-01	   3.5696365454318968e-01	   2.8039889673818097e-01	   5.7260384818627030e-01	   2.1266603973301632e-01	   1.6317157730227042e-01	   3.4186384697291905e-01	   2.4541956863474934e-01	   4.2152185196613018e-01	   5.5175858775284625e-01	   2.8886716180027128e-01	   3.4805714145119881e-01	   1.3116115221661434e-01	
   2.0895872197766496e-01	   1.1406963929555253e-01	   0.0000000000000000e+00	   6.7373817442125972e-01	   6.5825658138773702e-01	   6.7363585804531112e-01	   8.0420190971610550e-01	   5.7958598678997486e-01	   6.4365213674397836e-01	   5.7668609804862592e-01	   4.5277797918398854e-01	   1.6530829045944886e-01	   6.4643709733096277e-01	   4.0525444642264519e-01	   6.4041747780879799e-01	   4.5520876253462983e-01	  -1.9559518062162484e-01	  -7.4179812923523492e-02	  -2.6162527033202362e-02	   1.1348798608892147e-01	   5.1001276898650172e-01	   3.2593014703460299e-01	   6.2590848958284462e-01	   3.1075299000273798e-01	   4.8456852832743924e-01	   3.9055556771461220e-01	   3.1478839442796690e-02	  -2.0419669407995564e-03	   3.2198814566171524e-01	   3.3639878398184625e-01	   6.7507820507130689e-01	   5.5061261038504772e-01	   4.5034110266517702e-01	   3.6714707566182686e-01	   4.6116206984382008e-01	   3.5524781091911167e-01	   3.1694675839737646e-01	   2.1227055061982147e-01	   5.7327222761088370e-01	   4.7490218696684317e-01	   5.9963439605884808e-02	   9.4804131350255103e-02	   4.5476891612862191e-01	   2.9268701414944864e-01	   4.6818362342429876e-01	   4.8638859298470122e-01	   4.1510021796968655e-01	   3.1885846129043038e-01	   9.0024803604620895e-02	   2.6386589304743385e-01	   4.8199375072764261e-01	   3.6244319831095417e-01	   3.6663072056762414e-01	   4.4019599054514746e-01	   3.5019451581317040e-01	   3.0734113472158203e-01	  -9.7268302526248199e-02	   1.0922701070996624e-01	   4.4366395274314484e-02	   1.5491100407400971e-01	   1.4186879472171884e-01	   4.0832794493535995e-01	  -3.0545566155875564e-01	  -2.4733646113212210e-01	   6.8578072899333209e-01	   4.6151601601254266e-01	   4.9401772314295433e-01	   3.7134929315174015e-01	   2.2927455487177922e-01	   3.2806826945194056e-01	   4.0752226172488681e-01	   2.1517263043174514e-01	   5.4400950619760025e-02	  -1.3853260043967206e-02	   2.4815501789032461e-02	   4.2242612671979748e-02	   2.4623248842251810e-01	   1.1322873978416327e-01	  -7.7931510481451995e-03	   1.8520104666940063e-01	  -7.3027979819003191e-02	  -5.4793379766389767e-02	   3.2166086250997211e-01	   1.0596504116807637e-01	  -5.1934206547696517e-02	   6.9888428728283714e-02	  -8.6014189098240438e-03	  -1.7057578446720165e-01	   3.6416597429242120e-01	   2.4905932670795106e-01	   3.5196543058817120e-01	   5.1086127698777895e-01	   5.0809192390401314e-01	   4.5973190829010202e-01	   4.7061805152841052e-01	   3.3265465278107742e-01	   5.0879320549921869e-01	   3.0588440750601398e-01	   2.2581971095581638e-01	   2.5453071424053036e-01	   3.9250264395406775e-01	   3.0434914104704219e-01	   3.1330489559415847e-01	   4.4177428433800142e-01	   3.4410313184400537e-01	   1.3665548894625701e-01	   2.4190450073536302e-01	   1.8132930725080748e-01	   8.4468581510105042e-02	   2.1376433551280510e-01	   4.4540037649152731e-01	   2.8324818925878259e-01	   5.2292441074795570e-01	   4.8824846421528717e-01	   2.8163741073347248e-01	  -5.1204690218351445e-02	
   3.6067920799618863e-01	   3.5882897847329875e-01	   6.7373817442125972e-01	   0.0000000000000000e+00	   4.7570486454959704e-01	   7.4356593947555738e-01	   4.5643861199716906e-01	   7.6058468915307231e-01	   2.8507589638880249e-01	   5.2484328303745553e-01	   3.6730766441974066e-01	   4.2153954908764779e-01	   4.1606555948679202e-01	   5.8660085641450366e-01	   3.1462342038150837e-01	   4.4850995245402014e-01	  -5.4218288301585052e-02	   3.8006148873417439e-02	   9.9492888005030339e-02	   4.5663658256922723e-01	   5.9990272545409296e-01	   6.1994669345706255e-01	   5.1197568020880424e-01	   6.1308038912457330e-01	   5.2444401024707987e-01	   5.1486951799855762e-01	   3.7065336443979713e-01	   3.4564983639290803e-01	   1.3216377872657559e-01	   1.9619521735830198e-01	   5.0289336958267317e-01	   4.8750648536721869e-01	   5.8035015526061584e-01	   7.1200920807935542e-01	   5.1235981651595330e-01	   4.5942078340482384e-01	   5.6317959329708100e-01	   5.6203398544260541e-01	   6.1049469386283051e-01	   6.5604379338718277e-01	   3.7409556864897486e-01	   4.5110850830671778e-01	   4.5777240824843390e-01	   3.5054353778950664e-01	   5.8693367114833717e-01	   6.4358739811913335e-01	   5.1397062400704485e-01	   4.8481638641007446e-01	   4.2068096647393199e-01	   4.7351527076982658e-01	   6.9924821945190929e-01	   6.0864971202210871e-01	   6.4569040666497735e-01	   5.8225895273508366e-01	   6.8225786215030548e-01	   7.0598149260006493e-01	   2.1450178472947018e-01	   3.6631108993196060e-01	   2.7935196057268386e-01	   5.0982890631447364e-01	   1.8924326377814935e-01	   4.8858576937900072e-01	  -1.7727555773247741e-01	  -7.9266595184679794e-03	   4.2951756863166252e-01	   6.7859508883143216e-01	   7.1733364592833193e-01	   7.0032745932316320e-01	   5.8917938167066897e-01	   7.1972759061214275e-01	   5.1485463820652910e-01	   3.2116309324874132e-01	   1.3816813318295412e-01	   1.4073179258975582e-01	   8.2307783805151830e-02	   2.0992807836481170e-01	   4.4991287436777871e-01	   4.4567240132134850e-01	   1.8781383990243944e-01	   3.0167574531105834e-01	   1.2051471366431421e-01	   2.3376940580803490e-01	   5.0227003400922365e-01	   3.5012680933211543e-01	   3.7765917604959243e-01	   4.7856670111041899e-01	   4.6677874351504073e-01	   2.2747432706964069e-01	   6.2059487123702395e-01	   5.7220464645873892e-01	   5.8825101431431770e-01	   5.8888791067206259e-01	   5.8644545679892524e-01	   4.0447042228159397e-01	   6.5722380263579971e-01	   4.8421309036954852e-01	   7.5566778039186744e-01	   6.6082873408645126e-01	   5.6105738958054396e-01	   4.9309257786172012e-01	   6.5554695435729649e-01	   5.9554691741414412e-01	   6.4033288205525341e-01	   5.6103941618267295e-01	   5.5940604993424081e-01	   4.3817307018976104e-01	   6.4073468655243171e-01	   5.7581931187846735e-01	   1.1455846237857634e-01	   5.2564612666110655e-01	   6.4107848461728101e-01	   5.0731630865077915e-01	   6.8344515356253632e-01	   6.9724245723702394e-01	   5.0786185404326156e-01	   1.7664347687772206e-01	
   2.3281865905675098e-01	   1.4457466081635736e-01	   6.5825658138773702e-01	   4.7570486454959704e-01	   0.0000000000000000e+00	   7.6876353947532350e-01	   6.7208641065395669e-01	   5.6082916622673240e-01	   7.5586715558815953e-01	   6.8528667135914845e-01	   4.5653651303368759e-01	   3.0039048785257372e-01	   7.0296654138855597e-01	   5.4446885751759433e-01	   5.5674691478866367e-01	   4.1576106239257127e-01	  -2.0086050551677320e-01	  -1.2306005450359904e-01	  -1.8939989744597080e-01	  -6.5395674425692801e-02	   4.2304362422819497e-01	   2.3707392648935582e-01	   2.8780715287788028e-01	   2.3515457898254322e-02	   3.1687789731345217e-01	   2.1684256162417503e-01	   2.3172713475116374e-01	   1.8135944650956884e-01	   1.1179056715719901e-01	   1.3376904380330173e-01	   3.6333535774166670e-01	   2.3221078790560576e-01	   3.2276026516857220e-01	   2.3887024308649191e-01	   4.3961783804650834e-01	   3.3321772017706019e-01	   2.6274608136774613e-01	   1.3076990749211206e-01	   4.1524456227052009e-01	   3.9953289295098321e-01	  -5.5814276553526998e-02	   2.5390001276359445e-02	   4.8007387212486979e-01	   3.9285481124158328e-01	   5.4865253693884974e-01	   6.2864979591155845e-01	   3.4300736977957469e-01	   3.8640633388070500e-01	   2.3153880594586140e-01	   4.4611913744374226e-01	   5.7939096356555320e-01	   4.5068610941559706e-01	   3.6708344622948147e-01	   4.6736903622205989e-01	   1.4796169973386727e-01	   1.9951400459950835e-01	   3.3520273845769201e-02	   1.0575020378609198e-01	   1.9400823834051098e-01	   1.9583614296898455e-01	   1.6708499038845392e-01	   4.0429583906301608e-01	  -3.4871063379021477e-01	  -2.8873430126634619e-01	   6.8753881841105446e-01	   4.8347164196006298e-01	   5.4031765083370864e-01	   4.5051261638026174e-01	   3.1059413426997895e-01	   3.7578359837239594e-01	   2.6524495784894464e-01	   9.1647460439160472e-02	  -2.5464052283013201e-02	  -1.1868527924787058e-01	  -6.1106793466343734e-02	  -1.6812632439458707e-02	   1.1445164010932926e-01	   1.1600766314988024e-02	   3.2132347918234272e-02	   1.5376233451557642e-01	  -7.1615737330239265e-02	  -3.0488115104565967e-02	   1.2021097268889532e-01	   3.8584092358780247e-03	  -1.4009199397052546e-01	   4.0445647479529570e-02	  -1.9340512309706887e-01	  -1.7635803221216323e-01	   2.1588410124308732e-01	   1.9153518498447050e-01	   2.0318533432255070e-01	   3.7427483905881476e-01	   5.0229881331794068e-01	   5.0659608664569467e-01	   2.7548959206170182e-01	   2.8392156858959339e-01	   3.2081408751093787e-01	   1.8541458771007630e-01	   6.5213955210913069e-02	   1.3373138985372399e-01	   1.8118019760511678e-01	   1.2843527388054246e-01	   1.2956726327999299e-01	   3.8504963438632189e-01	   1.0925433448995772e-01	  -1.4833336428636146e-01	   5.6549519289990302e-02	  -2.9320768861347251e-02	  -1.4843355656375970e-01	   4.8508708223236486e-03	   1.8006815713445606e-01	   1.2913746936760906e-01	   4.0793296128721512e-01	   4.0757544870795204e-01	   1.1710187458794787e-01	  -4.0521016676794158e-01	
   2.6468956667807680e-01	   1.5906898650031415e-01	   6.7363585804531112e-01	   7.4356593947555738e-01	   7.6876353947532350e-01	   0.0000000000000000e+00	   6.1364160519272326e-01	   7.4414030232156370e-01	   6.3622306635966863e-01	   7.5600402370178055e-01	   4.8136373346496120e-01	   3.7824530957459102e-01	   6.4531165260346190e-01	   6.1950963859321229e-01	   4.9182888423671228e-01	   5.6165831994347648e-01	  -1.2682635272315046e-01	  -3.9698217201884635e-02	  -3.6946210758424886e-02	   1.9219248829834995e-01	   5.3283351971740633e-01	   3.8836467759353405e-01	   3.5814100782908520e-01	   2.0022999416837503e-01	   3.9317491503743451e-01	   3.6181290514201714e-01	   2.7696980944207367e-01	   2.5254707253214770e-01	   2.0446057026415199e-01	   2.5460133037666632e-01	   4.6304775091711092e-01	   3.9227038136538983e-01	   6.1901466791095672e-01	   5.3965563974245567e-01	   5.2119652479237355e-01	   3.6402488701334096e-01	   3.9110296778315390e-01	   3.1423914178807943e-01	   5.6674217425467022e-01	   5.0835360365422344e-01	   1.5235210336702620e-01	   1.3077684235946060e-01	   5.4509576225744460e-01	   3.8601091933986242e-01	   6.2937852874864375e-01	   6.7877551284527149e-01	   4.8786539397883105e-01	   4.5625906132089156e-01	   3.8043822545302203e-01	   4.3119310155143042e-01	   6.3096657572836523e-01	   4.8926458874475648e-01	   4.8649866582659923e-01	   5.2192726643563248e-01	   3.6578052820540896e-01	   3.9371069459853331e-01	   1.2230520780527897e-01	   1.6699818444560366e-01	   2.8302661559648318e-01	   3.8791267163709653e-01	   2.2291847988609603e-01	   4.9748806326113326e-01	  -3.1209175534368577e-01	  -1.3247676462000224e-01	   5.9558509911240753e-01	   6.1936949686986020e-01	   6.3999396833711686e-01	   5.9496786557573289e-01	   5.3591761397596316e-01	   6.4731578169678650e-01	   3.3758879908025086e-01	   1.8997909484665204e-01	   3.6937254072354417e-02	   1.5960968741364899e-02	   2.8957417944292180e-03	   1.0153621713944214e-01	   2.2016066690349118e-01	   1.6735348323761234e-01	   1.3916151221454306e-01	   2.1366691913163419e-01	   1.3781908017199646e-03	   9.7982070229810730e-02	   3.5144231887954203e-01	   1.7084678226123701e-01	  -1.5143179684551415e-02	   1.8064917843482903e-01	   7.3312589519299309e-02	  -4.0871577548015188e-02	   3.9723089903982411e-01	   3.3748946753462600e-01	   3.9510657808794536e-01	   5.1096714785157094e-01	   5.4599805348245301e-01	   4.9314269590719767e-01	   4.1300941881845232e-01	   3.3693410375777211e-01	   4.8338799923449716e-01	   4.1658773905676028e-01	   2.8542022285912028e-01	   3.0119513963346223e-01	   4.6057089891463421e-01	   2.7873713586772264e-01	   3.3707454113499935e-01	   4.7728508167610750e-01	   2.5111083458220934e-01	   1.4134565668237070e-01	   2.5123398295329669e-01	   2.5925664156832495e-01	  -1.3238807512217740e-01	   1.8476480722002503e-01	   3.9353792347130789e-01	   3.4266990893554239e-01	   5.0163076552034802e-01	   5.7969379354410988e-01	   3.3304618138045605e-01	  -1.0246044132704800e-01	
   6.9479838776004263e-02	   8.0392886566282115e-02	   8.0420190971610550e-01	   4.5643861199716906e-01	   6.7208641065395669e-01	   6.1364160519272326e-01	   0.0000000000000000e+00	   6.9314521795469286e-01	   8.0792380660751340e-01	   4.5500264394858192e-01	   4.0637411558786030e-01	   3.1303439396689192e-01	   6.2147876343587671e-01	   4.2396506140437129e-01	   4.2301502454744083e-01	   2.6801848971197628e-01	  -1.0332459824211747e-01	  -2.6567298315964785e-02	  -1.6332555560053919e-01	   5.3345025656037659e-02	   3.0952298249369981e-01	   1.2561635161731804e-01	   2.3012422794267190e-01	  -8.2568585653664123e-02	   1.2565136497476201e-01	  -2.5207893955381477e-02	  -2.4421764290839046e-01	  -2.0017240572217274e-01	   5.0345375511062018e-01	   5.0284063782878186e-01	   3.9970884694519215e-01	   2.3047286029461869e-01	   4.6748068646826757e-01	   3.7602042863505802e-01	   2.4253283062894981e-01	   2.8120681139348630e-01	   1.0731698886275716e-01	   3.7005710320902760e-02	   4.7328312787435495e-01	   3.5809274983585926e-01	  -1.1671112678347892e-01	  -8.2459147903199873e-02	   2.7185313281719409e-01	   9.3343892723535687e-02	   4.8414205020906231e-01	   4.6036818246912858e-01	   2.0315591569525854e-01	   1.5466865392626408e-01	  -6.7127612467902595e-03	   1.2882959773996505e-01	   3.2866810632340782e-01	   1.8959993905533462e-01	   2.1989930725247972e-01	   2.7087526961046787e-01	   1.8552608643950239e-01	   1.7096479219121863e-01	  -1.3031293499439681e-01	   7.3467207253161207e-03	   5.3522894535223495e-03	   1.6492470275518401e-01	   1.6036170574137942e-01	   4.9137722241394499e-01	  -2.2150863545074845e-01	  -4.3639076655207679e-02	   7.0476605776519896e-01	   3.0705626961512539e-01	   4.3353002247875727e-01	   4.2420454525450324e-01	   2.1416787488426259e-01	   3.1271415687992643e-01	   1.9676691680799169e-01	   6.9177995135407219e-02	   1.7050773714873547e-02	  -5.9910074564845914e-02	   5.2001092076943761e-03	   2.8451321736812300e-02	   1.1739228188140506e-01	  -1.3135375376497081e-02	   8.5095196412589544e-02	   1.4093401032183486e-01	   2.4419477627201758e-02	   8.1202821910282039e-02	   2.7197904939283890e-01	   1.9282448670037888e-01	  -2.7187950141204814e-01	   2.6624122941289088e-02	  -1.7842354713662148e-01	  -1.6940728373797953e-01	   9.6321221384863098e-02	   1.0152073414786955e-01	   2.4806213674785271e-01	   4.3103659834282027e-01	   3.7789981305145592e-01	   5.0762267287169283e-01	   3.9870028014819875e-01	   3.1291617291627349e-01	   3.7715566210098028e-01	   1.8353131415812995e-01	   1.5344225352264731e-01	   1.4449968157078524e-01	   3.7975482424619345e-01	   2.9947995218723600e-01	   2.6433153020147176e-01	   5.3744939089411048e-01	   3.2378196065603038e-01	   1.7615415716351869e-02	   1.6496981982964087e-01	   1.7164055844964909e-01	   1.5098076465405935e-01	   1.5295546674269778e-01	   3.5986393947552642e-01	   2.7552170082271532e-01	   5.4651587457464279e-01	   4.9421875539714366e-01	   2.4373769982093987e-01	  -9.4801153518905640e-02	
   1.3027471834769450e-01	   2.5110529555871530e-01	   5.7958598678997486e-01	   7.6058468915307231e-01	   5.6082916622673240e-01	   7.4414030232156370e-01	   6.9314521795469286e-01	   0.0000000000000000e+00	   5.3283657267822804e-01	   5.2100434794095518e-01	   3.2818007126638715e-01	   5.2967430042119756e-01	   4.8112208173404203e-01	   7.0289627989259706e-01	   2.6673826026364483e-01	   3.1745359085688396e-01	  -4.0623257818551348e-02	  -3.3540751416112652e-02	  -8.3837054743376646e-02	   2.5519515766581391e-01	   4.7835542222754207e-01	   4.1714507615178220e-01	   2.6542592759016020e-01	   2.1706308264836990e-01	   2.5803362524099560e-01	   1.8633487697266526e-01	   9.1313461161953657e-02	   9.2684991860731702e-02	   3.1544544604674446e-01	   3.2256011448040828e-01	   3.5254895990993107e-01	   2.9625585749623190e-01	   6.4814416369974048e-01	   6.8775813898218008e-01	   4.2582387423752632e-01	   5.1217011317625849e-01	   3.2836742182679785e-01	   3.7218057079184408e-01	   5.1773785871833833e-01	   4.8433871494063302e-01	   1.5793374005669139e-01	   2.8001817576898991e-01	   3.5111872567002367e-01	   2.4965591718319571e-01	   6.9617994076134126e-01	   6.8384114942838581e-01	   3.2865868442045815e-01	   3.4335179250705805e-01	   2.0980514585333265e-01	   3.2584443574619243e-01	   4.9098795012734769e-01	   3.5474832119767646e-01	   4.4313691262923360e-01	   3.8454657299574668e-01	   3.9130527891959477e-01	   4.5183245128025684e-01	   6.2217402246691089e-02	   1.5941898249297232e-01	   1.4734745739584315e-01	   4.4671824635618451e-01	   1.7029567019169725e-01	   5.9849802245285144e-01	  -2.0645427097084607e-01	   5.1454145166464710e-02	   5.4688483720037184e-01	   5.7180269776856396e-01	   6.5900635821260589e-01	   7.8034241429720586e-01	   4.1340491652819150e-01	   5.9520335678914249e-01	   3.5058744397089503e-01	   2.1575370702935298e-01	   2.3384927231780728e-01	   1.4933040047554019e-01	   1.9884743546078770e-01	   2.2086867595128640e-01	   4.1095856528085861e-01	   3.5693276871980217e-01	   1.9144103108136445e-01	   1.3659721607073844e-01	   6.0810403558752418e-02	   1.3110160179010902e-01	   4.4839333423281746e-01	   3.1822436050534719e-01	  -1.7507102446272134e-03	   3.3560770393441963e-01	   1.9108864889283539e-01	   1.4505854610849167e-01	   2.8200578894087469e-01	   2.8844383051032885e-01	   4.8353971918702188e-01	   4.6325075780595937e-01	   5.6122408501563759e-01	   4.7648141911416653e-01	   5.3131952805375682e-01	   3.2785782641719530e-01	   5.7267248814886451e-01	   5.2744136976814571e-01	   4.2075647688017098e-01	   3.5814881911688257e-01	   5.1069505964240791e-01	   5.3681196031323841e-01	   5.0058042019436655e-01	   6.1895550582860337e-01	   4.4745457575336711e-01	   2.7357921550125841e-01	   4.5179500987423593e-01	   4.7277199226214994e-01	   3.6009355209148928e-03	   3.5412330155905469e-01	   5.6918194870437544e-01	   4.8631693063999692e-01	   6.3423095392730888e-01	   6.5701455614070747e-01	   4.1374482333555551e-01	   5.6491065189957612e-02	
   1.1259533767424151e-01	  -1.3779218197969126e-01	   6.4365213674397836e-01	   2.8507589638880249e-01	   7.5586715558815953e-01	   6.3622306635966863e-01	   8.0792380660751340e-01	   5.3283657267822804e-01	   0.0000000000000000e+00	   7.2204448064076565e-01	   5.8975345562848180e-01	   3.2361360283724472e-01	   7.6201437952503226e-01	   4.9962591197048645e-01	   6.5860987214545463e-01	   3.8127967097237148e-01	  -9.8524614372736324e-02	  -4.7970506229016649e-02	  -1.9503052214125460e-01	  -1.2774828052030998e-01	   1.2567252117106564e-01	  -1.4181109763784028e-01	   1.5856708176769926e-01	  -3.1034162915586966e-01	  -1.2946944515791019e-02	  -1.6175073902141535e-01	  -3.1367069547543341e-01	  -3.5751489740114628e-01	   3.0421622189655245e-01	   2.9879832665666750e-01	   2.8959326761416088e-01	   9.9416236541311903e-02	   3.9295579558595328e-01	   1.6217624935647001e-01	   1.8913333329804236e-01	   1.4650745042652141e-01	  -1.0171745476565983e-01	  -2.8025624779470970e-01	   1.8908741626360190e-01	   8.3679158496240524e-02	  -3.0429019591984596e-01	  -3.2790135959165106e-01	   2.4490477886051992e-01	   1.2047852431529860e-01	   3.8392634347910992e-01	   3.4088907941579771e-01	   7.0183427359138864e-02	   6.3785386316527151e-02	  -2.4989309257989575e-02	   9.9899135317725776e-02	   2.0761801389546003e-01	   8.2699503889906656e-02	   2.4145993366261415e-02	   1.5294997953867218e-01	  -1.3686647359323589e-01	  -1.6970655287307146e-01	  -1.1528171025559572e-01	  -1.9359239359827046e-01	   7.1536652594186415e-02	   5.2743615078933340e-02	   2.6288129622422352e-01	   5.3323105259599002e-01	  -2.0868201102991385e-01	  -5.4964215624123638e-02	   6.7916169053457442e-01	   2.7876595623092149e-01	   2.7975409576807958e-01	   2.3126991879159814e-01	   1.7633035984946194e-01	   2.2880619509404526e-01	   5.0785393098876155e-02	  -1.2454630130538227e-01	  -2.0799133927790040e-02	  -9.7777474285417568e-02	   6.8111237528133209e-03	  -3.4635410226533256e-02	   8.6365453205115607e-03	  -1.9221310753044468e-01	   5.4936287774873119e-04	   4.9810921129110328e-02	  -1.1174962757532549e-01	  -1.9460080660039930e-01	  -3.1366815548968217e-02	  -1.2353149918460128e-01	  -4.8744276947057630e-01	  -3.2506273862399471e-01	  -5.1497506809076277e-01	  -5.6203116723941293e-01	  -6.6251769215148387e-02	  -1.0596865683466931e-01	  -1.3173848241468118e-02	   3.2309813476951360e-01	   3.6438496860254477e-01	   6.1132412594786500e-01	   8.5323880054098175e-02	   1.4995579281814125e-01	   4.4571977238516622e-02	  -2.2321421544326217e-02	  -1.1525797735488712e-01	  -3.2924628461536978e-03	   1.6565666761765524e-01	   1.6121140964502023e-01	   9.1246558900550806e-02	   3.4272297627365428e-01	   1.2259160942379513e-01	  -2.0893344420244764e-01	   3.0784442529617491e-02	  -1.7440973196309738e-02	  -1.1099325849767661e-01	  -1.4344702109858853e-01	   6.9979154035787222e-02	  -2.5808635360387009e-03	   2.6273356214519011e-01	   2.4152721785868916e-01	  -4.1712726695461930e-02	  -3.0035005608616694e-01	
   2.1781685078152871e-01	  -1.2046306197105622e-01	   5.7668609804862592e-01	   5.2484328303745553e-01	   6.8528667135914845e-01	   7.5600402370178055e-01	   4.5500264394858192e-01	   5.2100434794095518e-01	   7.2204448064076565e-01	   0.0000000000000000e+00	   5.3860724409066618e-01	   3.6072402086180888e-01	   7.1342071945283259e-01	   6.7202499552628947e-01	   6.1716118462110170e-01	   5.7220236522385637e-01	  -1.9950640565534383e-01	  -1.2227032204786298e-01	  -2.4593614778295364e-01	  -1.5676182777684153e-01	   2.6583782635499831e-01	   8.2843325768856030e-02	   3.8564852490053136e-01	   1.0816715563099606e-01	   2.1944154794832726e-01	   1.5747551091230599e-01	   1.1860209051685439e-03	  -9.7515735475403292e-02	  -1.0284045497958717e-01	  -4.8660767606137773e-02	   3.3690744406432793e-01	   2.5965792270582921e-01	   3.2660292656166057e-01	   2.1891408238530841e-01	   3.9237677513001246e-01	   2.3862214339786827e-01	   1.2477900066811765e-01	  -1.7252625462135397e-02	   1.5141433085761657e-01	   1.8395458926406866e-01	  -3.7492575590377941e-02	  -3.3693984301848390e-02	   4.5387008798397721e-01	   3.8802012542464120e-01	   3.4386191276399436e-01	   4.3864838172569937e-01	   2.4991855243003475e-01	   2.9584350859026709e-01	   8.0492647287053853e-02	   1.8180704933955061e-01	   3.2048520590489449e-01	   2.9901917821415119e-01	   7.9760278775764581e-02	   2.3961762677269149e-01	  -6.9522347330127590e-02	  -2.4741793311294006e-02	  -2.7148535485234392e-02	  -1.3733471145342910e-01	   1.0508959474381097e-01	   1.0883673729009929e-01	   2.7182107943511041e-01	   5.6149481733744266e-01	  -2.6502392711133832e-01	  -2.1452010334153121e-01	   6.0908296680240781e-01	   6.0486369417240526e-01	   2.9171837895542130e-01	   2.5662366776030765e-01	   2.7534593376615007e-01	   3.7893181146335725e-01	   1.4979404922434797e-01	  -4.6059209463459171e-02	  -1.3433167215379588e-02	  -9.1548103956791083e-02	  -8.0926008809359450e-04	  -2.8170040511153540e-02	   9.9187028338919236e-02	  -2.1036121381338677e-02	  -6.4462846620600742e-02	  -4.6183158056356338e-02	  -2.8775304072090901e-01	  -3.7710688700325956e-01	  -7.3938198421399814e-02	  -2.1613367834423847e-01	  -2.5507341585096904e-01	  -1.8291373267996536e-01	  -2.9748825389117084e-01	  -4.5929656051048007e-01	   1.9269501553665119e-01	   8.8427591095735669e-02	   6.3820221399441490e-02	   2.9965668422734504e-01	   5.9197104335157313e-01	   5.2195235814241447e-01	   7.9186025007167385e-02	   2.7484960009323761e-01	   1.6066544613425354e-01	   1.7988170029922701e-01	  -7.5005189892628221e-02	   7.9211539988972096e-02	   3.3898760454973925e-01	   1.3676312487541090e-01	   2.3250237993097578e-01	   2.4813376041644145e-01	   2.2794445794555637e-02	  -1.3854420968954950e-01	   1.1093550435449333e-01	   1.1362701954331408e-02	  -2.5925456583916190e-01	  -6.3351271540465715e-02	   1.3414515182185394e-01	   2.3619846662411598e-02	   1.7504483338941690e-01	   2.4008694832449773e-01	   2.2808158411395798e-02	  -2.3940659609195197e-01	
   5.5528398721233696e-01	   2.4333557266398717e-01	   4.5277797918398854e-01	   3.6730766441974066e-01	   4.5653651303368759e-01	   4.8136373346496120e-01	   4.0637411558786030e-01	   3.2818007126638715e-01	   5.8975345562848180e-01	   5.3860724409066618e-01	   0.0000000000000000e+00	   6.2499681654715555e-01	   8.1040089192598763e-01	   5.5113965060644210e-01	   4.6619058873498131e-01	   2.1131164459803392e-01	   4.1621311159026564e-01	   4.3078334595090739e-01	   2.0080662887649536e-01	   1.8996458414721973e-01	   1.5159899021615811e-01	   1.5850766852505499e-02	   2.4194344968423639e-02	  -1.5774243026121212e-01	  -2.1924924886463543e-01	  -1.8697151904221485e-01	  -1.4194835053471300e-01	  -1.1355793220685412e-01	   4.1442148410821911e-01	   3.0319097942492884e-01	   9.4706336134288333e-02	  -1.2726593505801739e-02	   4.7871577709684299e-01	   3.4157662143633677e-01	   8.0092663893401056e-02	   2.9387515786643562e-02	   3.2753127674780551e-02	  -2.5746302983610742e-01	   1.4420397715605501e-01	   1.3304237361359222e-01	  -7.3580572631560485e-04	  -1.8062647143974520e-01	  -7.3134487039637958e-02	  -1.5110629872302769e-01	   5.2326409696652476e-02	   9.2628199425886903e-02	  -1.1257134376042292e-01	  -1.7868661804892566e-01	   4.1383592182906770e-01	   2.3612223424127382e-01	   3.1651497416683400e-01	   3.7601160854135407e-01	   2.8264539112439679e-01	   1.3890860730977000e-01	   2.0016420076330277e-01	   6.5927527674396524e-02	   4.1638410621960747e-01	   2.1673109428203091e-01	   5.2596977548682267e-01	   4.5937324344279179e-01	   7.6387242522428278e-01	   6.7981763723671473e-01	   4.3585725122407176e-01	   4.7583244135213665e-01	   3.8179140355328411e-01	   4.1850125031950858e-01	   1.4337665063972466e-01	   1.9473492616413893e-01	   5.0581846957056120e-01	   4.1136432414474855e-01	   4.8599037611277138e-02	  -3.0315363265328819e-03	   4.8850684449226314e-02	   1.1100155526109437e-01	   1.2357113570758460e-01	   1.7148092259832654e-01	   2.8761585416697788e-01	   1.0862836777078907e-01	   3.5121759746532699e-01	   3.7697207721753723e-01	   3.5508071206164538e-01	   8.8985039366184321e-02	   1.6981029265815528e-01	   1.7383080139094625e-01	  -9.5180157468758672e-02	  -9.2424118229505553e-02	  -2.0969179521351058e-01	  -2.8701673368929309e-01	   4.5676083760929354e-01	   4.3685223832888503e-01	   8.4386696948890172e-02	   2.3030564504647819e-01	   7.3701517075868819e-02	   1.4175601641592564e-01	   4.0261686829699730e-02	   3.2933555347639643e-02	   2.4428045171479220e-03	   1.1248113867209461e-01	   9.8944682860839739e-02	   2.2860753043573809e-01	   2.3543819391706819e-01	   2.1371724812469248e-01	   1.3155729850033027e-01	   8.4065260591756993e-02	   4.7569502289121879e-02	  -4.9193442797345818e-02	   3.5392048982489488e-01	   1.5099290078453989e-01	  -3.2096483013292237e-02	   4.7658314347195620e-02	   1.1523861160999856e-02	  -9.3507569032462053e-03	   1.8157237463404791e-01	   2.1915043927136352e-01	  -3.8560167245008645e-02	  -1.6600091249177379e-01	
   4.1466351829911841e-01	   3.8841000793861080e-01	   1.6530829045944886e-01	   4.2153954908764779e-01	   3.0039048785257372e-01	   3.7824530957459102e-01	   3.1303439396689192e-01	   5.2967430042119756e-01	   3.2361360283724472e-01	   3.6072402086180888e-01	   6.2499681654715555e-01	   0.0000000000000000e+00	   4.5156706842843031e-01	   7.9655597729481298e-01	   9.3868991668243251e-02	   2.5143821215872419e-01	   3.5821136186803948e-01	   3.8028028093506216e-01	   5.6403291701414726e-02	   3.2711276510920162e-01	   1.6654928191241081e-01	   1.7670749773218447e-01	  -1.4853364232347746e-01	   2.6714677979332663e-02	  -2.7053594844266649e-01	  -2.5027613270253268e-01	  -8.8722169369124970e-02	   8.5279501406142197e-02	   3.4747758487105351e-01	   3.3374368250408964e-01	  -2.7652548307252958e-02	  -6.3970013816509769e-02	   4.3145356404129698e-01	   5.1074330199933571e-01	  -1.0924246753627692e-01	   1.2220016202073110e-02	   8.7164951692974377e-02	  -7.1418198536034400e-02	   1.0819561417189655e-01	   1.6110965303065852e-01	   1.4283932776288233e-01	   1.0862137256317683e-01	  -1.5426743710886065e-01	  -2.1488029257700314e-01	   6.0732000099805998e-02	   9.2835566333350106e-02	  -1.8659136733968940e-01	  -1.5870027438271705e-01	   3.8080748319917823e-01	   1.6989238699359990e-01	   2.5790208367956097e-01	   3.1871709919477770e-01	   3.0854981734212122e-01	   7.3384114095010153e-02	   2.3181923007847868e-01	   2.1222026576406899e-01	   4.9114830781218688e-01	   2.7819763793304958e-01	   4.4980321513033578e-01	   6.0123848464198326e-01	   5.0869495461496339e-01	   7.2061502343767525e-01	   4.0671930681165003e-01	   6.2147264575899031e-01	   1.2636389313148585e-01	   4.0856025963229425e-01	   1.5950235114383560e-01	   3.7705087793698411e-01	   4.9952894348611432e-01	   4.3448987849371962e-01	   1.5776233860723876e-01	   1.3689422586900141e-01	   1.4521619906736077e-01	   2.3850977853910804e-01	   2.0581419371410978e-01	   3.9332352324155662e-01	   3.4196582752242738e-01	   3.7830681976249936e-01	   4.0135133893169694e-01	   1.8353623851160450e-01	   3.6141755395592934e-01	   2.6830749773398765e-01	   2.9858359673157953e-01	   4.2383754178605931e-01	   2.3351869859293537e-03	   2.7879189075745642e-01	   6.8263150208078244e-02	   4.9311828969660090e-02	   3.1952891541769607e-01	   5.2735393242636364e-01	   1.8435922323961729e-01	   1.5338118848408391e-01	   1.5541146739169293e-01	   3.3578074168550340e-02	   1.5265486745726903e-01	   3.3079851175650168e-02	   1.1189737387032000e-01	   1.6810003463786535e-01	   2.0407534015974077e-01	   1.9301938232442400e-01	   4.9954234530196762e-01	   3.3594152881870976e-01	   4.1123421624407824e-01	   2.0714720123507008e-01	   2.1062036941982284e-01	   1.6771193838078638e-02	   4.4672707497819353e-01	   3.1158647491882629e-01	  -9.8114731358419308e-03	   1.3882340551555566e-01	   6.0035768222082384e-02	   8.6497800498927663e-02	   2.8649557283739252e-01	   3.5484432659994181e-01	   2.1821785120651382e-01	   1.5899452605900963e-01	
   3.6005431382538511e-01	   1.3383706637729414e-01	   6.4643709733096277e-01	   4.1606555948679202e-01	   7.0296654138855597e-01	   6.4531165260346190e-01	   6.2147876343587671e-01	   4.8112208173404203e-01	   7.6201437952503226e-01	   7.1342071945283259e-01	   8.1040089192598763e-01	   4.5156706842843031e-01	   0.0000000000000000e+00	   5.9369198500483866e-01	   5.9104476307081200e-01	   3.7702370124546769e-01	   1.1241660545351828e-01	   1.5932132090999876e-01	  -1.1650425457244158e-01	  -2.2696394855888164e-02	   2.6083410641321142e-01	   7.2109114150267245e-02	   1.3018210173188710e-01	  -1.4056424344965676e-01	   1.8586472846998429e-02	  -2.9065277840273615e-02	  -9.2639727571547564e-02	  -5.5687604569292781e-02	   2.9207888297219647e-01	   2.5686193522677137e-01	   1.9535468802106964e-01	   4.7780684191044379e-02	   4.2241466876216871e-01	   2.6156658771045371e-01	   2.4338603985535168e-01	   1.7020114597673630e-01	   6.4681571284450318e-02	  -1.3987797773763638e-01	   2.3510240679691580e-01	   2.2241696294826208e-01	  -5.1588907453571364e-02	  -1.8363382050161953e-01	   1.5206024226170103e-01	   2.4701732334688840e-02	   2.4722579001599426e-01	   2.7382083091361553e-01	  -8.3214846172336900e-03	  -1.6893471647561366e-02	   2.7118855569259809e-01	   2.9392482369815248e-01	   3.4851833642201868e-01	   3.4012264349031551e-01	   2.1207486125892946e-01	   1.6176160020424818e-01	   7.2440835269048459e-02	   3.6106899347182905e-02	   1.6624577221861470e-01	   9.6197422607685337e-02	   4.0288512926472142e-01	   3.5641554783606894e-01	   6.3319000446010998e-01	   6.1033846797786273e-01	   1.0643694686500049e-01	   9.0431986597063863e-02	   5.7524855867460278e-01	   4.2608612089389708e-01	   2.9958090470978993e-01	   2.7158546610240925e-01	   3.8573463616846448e-01	   4.0055341838298231e-01	   8.6794467307934525e-02	  -2.5726124391842835e-02	  -6.3200275756671491e-03	  -2.9662262909700792e-02	   3.9802208620238668e-03	  -8.1969445452151103e-03	   1.4486914098625608e-01	  -4.7445902152489894e-02	   1.4184690298222896e-01	   1.6540164945746336e-01	   1.1127821001095807e-01	  -8.4293275524047265e-02	   1.2498997327326689e-01	   7.6024479175239967e-02	  -3.0819767968163708e-01	  -1.8165190200986617e-01	  -2.5316097379225477e-01	  -3.5746752114322189e-01	   3.3192047373265937e-01	   2.8077912821878193e-01	   1.1014359568546042e-01	   3.0097289518089504e-01	   3.6374381889141560e-01	   3.2238904383890515e-01	   5.7218670016630460e-02	   1.8963592051175379e-01	   4.9229612503389836e-02	   4.5230282718488585e-02	  -2.9154788377992742e-02	   1.4143612576755810e-01	   2.8832954374907105e-01	   1.6874505145146088e-01	   1.1837416537295438e-01	   2.4048758612242799e-01	   2.6482958355764526e-02	  -1.2301630819425494e-01	   2.2527971364518765e-01	   1.0477062202732601e-01	  -4.9611731002358286e-02	  -6.7849410350271488e-03	   2.3715040101616219e-02	  -1.8618818325619426e-02	   2.4093764317906063e-01	   2.3146969858844052e-01	  -5.7904050927101366e-02	  -2.4080363828521750e-01	
