   0.0000000000000000e+00	   5.8270522901766419e-01	   4.3622689615599536e-01	   3.8919547315685860e-01	   7.4302255253587635e-02	   1.2262060072687314e-01	   2.4171150934655056e-01	   1.4637714185929426e-01	  -1.0204725866236938e-02	   2.3983690688223516e-01	   5.1290711305113346e-01	   2.8255009024443672e-01	   4.0148323558591437e-01	   4.9476873780740738e-01	   3.4263838418463688e-01	   4.3547982024655896e-01	   3.4514242549072255e-01	   2.1938342822731571e-01	   6.2906039315937601e-01	   4.6592025168453810e-01	   1.5644985443893325e-01	   2.1648085748416435e-01	   3.4611779977745827e-01	   3.9631540710002028e-01	   9.8058866528115164e-03	   8.7187762251220324e-02	   9.7479876004948535e-02	   5.9543008907011814e-02	   2.7851869738590201e-01	   1.9161187269550378e-01	   8.8146169840615435e-02	   1.6633757632329349e-01	   4.5438347104396404e-01	   4.3233582348308486e-01	   1.8867285659466088e-01	   1.0893454202701336e-01	   3.1225941353097797e-01	   4.0205630766980865e-01	   2.0517174452929804e-01	   2.3942561159364559e-01	   3.1512817790378489e-01	   2.5541501593637006e-01	   5.6842178413392208e-01	   5.9574772001037257e-01	   2.9288591690635857e-01	   2.1558055855163832e-01	   5.5227353005601520e-01	   5.4048570570061572e-01	   4.5505391699368636e-01	   3.8681811348801731e-01	   3.9239453896454213e-01	   4.0349695144030190e-01	   5.1098441961678920e-01	   5.7741831043614189e-01	   4.8089903421112296e-01	   4.8171231721616020e-01	   6.0844404515637840e-01	   3.2491483151158806e-01	   5.5071177105774938e-01	   1.8665305573045016e-01	   4.7985247739491022e-01	   1.7422004399772212e-01	   3.2547656668307090e-01	   2.2061000158906777e-01	   2.5446961717715261e-01	   2.1061007829342010e-01	   2.3634813099642887e-01	   8.2892451153552343e-02	   4.7375703475046221e-01	   4.2445996707860867e-01	   4.2107092078910446e-01	   3.6809848189195782e-01	   5.2997460411284625e-01	   3.9147317273819937e-01	   5.5625916673786102e-01	   4.8506165131945378e-01	   5.7483148869779921e-01	   5.4523483715684895e-01	   2.6026750182527847e-01	   3.1776255993820235e-01	   3.6600848152618515e-01	   4.8719918705362164e-01	   4.4889723780340707e-01	   5.2092258071702047e-01	   5.0089355889018694e-01	   4.5164630972978698e-01	   3.5302115474745321e-01	   3.2236969748641475e-01	   4.1119385820876930e-01	   4.2898640322191350e-01	   4.1616620199336818e-01	   3.7465577057340815e-01	   2.5420557684761558e-01	   3.7790895360235743e-01	  -2.3157471963844575e-01	  -1.3470354952576136e-01	   2.9474842846285421e-01	   4.8480781485547908e-01	   3.5021872748650484e-01	   5.9783553613742768e-01	   9.0221485141409208e-02	  -1.3321584952279955e-01	   1.0417533973155443e-01	   1.3614976485457073e-01	   1.6832710818998398e-01	   2.0767807834044932e-01	   2.6659081803559498e-01	   2.8679517957899336e-01	  -1.8401206566682493e-01	   2.3484277295897965e-01	   4.4372389527393741e-01	   3.2078042131619822e-01	   2.4115602076028869e-01	   3.7943431404070688e-01	   3.3920305941653334e-01	  -2.8711352167326565e-01	
   5.8270522901766419e-01	   0.0000000000000000e+00	   2.3293997009642305e-02	   3.4839682930457616e-01	  -3.1880741587308986e-01	  -2.5106062700869680e-02	  -3.6497228431594475e-02	  -5.7941556114460779e-02	  -2.9875325277673653e-01	  -1.7136177599258845e-01	  -3.0575151231265977e-02	   1.2516718464632859e-01	  -2.1944878433875054e-01	   1.3301750020190284e-01	  -2.1080443762861500e-01	   4.7379465107923159e-02	   5.1699967446711292e-01	   5.9486559899982749e-01	   5.9640810324020288e-01	   6.8225920084371883e-01	   1.8022002388856784e-01	   1.7999561084124904e-01	   3.1394070173085625e-02	   1.9214470017507373e-01	  -2.0406230879972609e-01	  -6.5805592580893899e-02	   5.0128085782187956e-02	   2.8061294224386824e-01	   5.1393801757045088e-01	   5.3152445617339006e-01	   8.9042874148137469e-02	   1.4438037658675729e-01	   6.5148594718441144e-01	   7.0433577613435550e-01	  -1.3151361139164694e-02	   6.2639633420560822e-02	   1.5814323126856167e-01	   2.9908623930390493e-01	   2.0306197159322392e-01	   1.6183724498776109e-01	   3.3465614753718875e-01	   3.6300946192957428e-01	   3.9050712275376737e-01	   4.7675150252379578e-01	   3.0819801719510498e-01	   3.5502318557556589e-01	   3.1975068147705865e-01	   3.6237823931737090e-01	   3.0996024542310141e-01	   2.9812883194263057e-01	   2.1803888995586873e-01	   2.0696083768589479e-01	   3.2325697563230826e-01	   2.4021007637859493e-01	   5.1795354690051409e-01	   3.1020574369383713e-01	   6.5965526179169132e-01	   7.1462865085453486e-01	   1.8585076582375193e-01	   1.2498629426245778e-01	   7.4191960278192463e-03	  -8.9850916307999462e-02	   5.2684231749443700e-01	   5.2967020917781893e-01	  -1.2692765331624918e-02	  -9.6072630331850165e-02	   2.6078771761386504e-01	   2.3232116613786619e-01	   4.4778632731058976e-01	   5.1947574699753563e-01	   5.8880502768921955e-03	   1.1985013294980301e-01	   3.9644392451159804e-01	   4.3106309542468374e-01	   2.9497462162297011e-01	   2.6757021009092263e-01	   4.3904289644428113e-01	   4.5238724502909178e-01	   5.2006343566873026e-01	   4.7545180447542512e-01	   5.2809199074938318e-01	   6.3209781498642503e-01	   4.8106379713976205e-01	   5.3269314408782176e-01	   5.4986169128557916e-01	   4.0145008005881500e-01	   4.5390064183408391e-01	   2.2644148013519344e-01	   5.3748484399285548e-02	   1.1580378673273514e-01	   1.2257685109868188e-01	  -2.5345947225088629e-02	  -1.3196166703086154e-01	  -1.1063315812356521e-01	  -2.9078561365104224e-02	   2.4150608507518000e-02	   2.4177302964306091e-01	   2.8590651453820437e-01	   4.7544571657210155e-01	   2.9390752240365681e-01	   1.4842411765559824e-01	  -2.0131086924870450e-02	   1.1429754829371552e-01	  -9.2378184640880073e-02	  -6.8774900429165897e-02	  -1.7422040582505136e-01	   1.6103532576780755e-01	   1.3433387014715681e-01	   7.1281451115340677e-02	   2.2061799011462921e-01	   2.0587224305371060e-01	   1.2274927925478517e-01	  -1.9679115469574998e-01	  -2.2397928144591579e-02	  -1.8047502029548322e-02	  -4.6854025365308377e-01	
   4.3622689615599536e-01	   2.3293997009642305e-02	   0.0000000000000000e+00	   5.7452910068439167e-01	   7.4092109891241120e-01	   4.0956599885779754e-01	   6.9694563152443068e-01	   4.1912782375635543e-01	   4.7816582298178428e-01	   4.8879802342978196e-01	   3.2608746871409533e-01	   2.0592431224115001e-01	   6.1374543531478420e-01	   3.4307557820131906e-01	   6.9913631260435105e-01	   5.8869262129669675e-01	  -2.4653328758277937e-01	  -2.6090606421329948e-01	   1.4822400729387464e-01	   8.7569268815024845e-02	   4.1353057425769407e-01	   4.5361321613385730e-01	   7.5556894164788291e-01	   4.8532236278918400e-01	   5.2648066527925153e-01	   5.0543736435268283e-01	   4.1116676521975520e-01	   5.8161889702395608e-02	  -1.1926408749033121e-01	  -2.0110141469509957e-02	   5.5090066279273198e-01	   4.8722783112647994e-01	   3.3821287529812999e-01	   2.9314974318050135e-01	   6.6519785481092897e-01	   5.2567033221153681e-01	   3.1976800462587551e-01	   3.9287982935867871e-01	   4.0002511583100686e-01	   3.2610223966822516e-01	   2.4023559692962944e-02	   1.1340163624905492e-02	   5.6612896519642453e-01	   4.5115459643779043e-01	   5.7637406304623273e-01	   4.2572866449792790e-01	   5.3949396043763753e-01	   4.5261690701314611e-01	   4.5296529923439366e-01	   3.1553852431444390e-01	   6.0588566372946895e-01	   6.3147298897371784e-01	   3.6023290169939098e-01	   6.6172385963539782e-01	   3.4123581678238635e-01	   5.4185024043814090e-01	   9.5367399166914654e-02	  -2.2404526056774532e-01	   2.7656450955868461e-01	  -5.2098755917104257e-02	   5.2191358045653424e-01	   1.4361867110368592e-01	  -1.7520386516854303e-01	  -2.2736639469245426e-01	   8.6089437986247885e-01	   4.9116730364955485e-01	   5.9853323961957783e-01	   4.1302908647417369e-01	   6.1586395157826587e-02	   9.6058907396760818e-02	   5.1965524003918218e-01	   3.9512043891482429e-01	   9.2571762087556062e-02	   1.0494460910646790e-01	   2.7697043297147367e-01	   1.1619797840444229e-01	   4.6534602458120944e-01	   3.9933361063568606e-01	  -2.0491973151161696e-01	   4.8514657401237206e-02	  -2.4921727107108638e-01	   2.1984914337358136e-01	   1.1770359403578079e-01	   2.8792622362435399e-01	   3.7878919338609174e-01	   4.2211202902338568e-01	   2.6307254694613236e-01	   2.7486530529129333e-01	   6.7271360519669066e-01	   4.6094091983662766e-01	   3.7401416308839724e-01	   4.8344070381125193e-01	   3.5172019460542031e-01	   6.1640304910617005e-01	  -1.9071247390884077e-01	  -2.7372108230390468e-01	   4.0437318719127524e-01	   5.0487478826840793e-01	   1.0472684987859276e-01	   3.5996144680329994e-01	   3.1845919188365168e-01	   3.7061326257151236e-02	   1.4448976180988149e-01	   3.5970921728208621e-01	   2.1102778673167150e-01	   2.3609394107496590e-01	   2.8070958090345899e-01	   3.2687460519535361e-01	  -1.0961428108773599e-01	   1.2864677817057452e-01	   4.8448478249895860e-01	   3.9194910040712955e-01	   5.3923000613293670e-01	   4.9862300666805970e-01	   5.0696482804058607e-01	  -1.7823751827524931e-01	
   3.8919547315685860e-01	   3.4839682930457616e-01	   5.7452910068439167e-01	   0.0000000000000000e+00	   4.4960555310991474e-01	   4.8042526147583808e-01	   4.5577802588709487e-01	   5.5049296089294497e-01	   2.1885359058430792e-01	   3.7547754394262955e-01	   1.6763999694210935e-01	   5.5271223423065274e-01	   2.4223736243985722e-01	   4.0070672343911273e-01	   3.0232862351577033e-01	   5.8049445961782176e-01	  -8.5852722874521906e-02	  -4.2352063101940701e-02	   1.4888707440040122e-01	   4.8523827645406303e-01	   2.9462326753243190e-01	   4.3877096975271868e-01	   6.3918646991024874e-01	   7.2637855857190137e-01	   4.6561642863572866e-01	   5.1937593308815844e-01	   3.0865189725776304e-01	   1.8338846121707231e-01	  -1.5858243577195383e-02	   1.5696814864708777e-01	   4.9471148917819185e-01	   5.5453850040925379e-01	   3.2135979373220241e-01	   5.3420161913383835e-01	   5.4267283453896664e-01	   5.8901575217083046e-01	   3.3144253235613297e-01	   5.4873751919707947e-01	   3.4651074035282126e-01	   3.5458615145026218e-01	   2.2318492392093725e-01	   3.7121615220398391e-01	   5.0877909104097141e-01	   3.5549199804631787e-01	   5.5700852076114216e-01	   5.3057029839618053e-01	   3.9185863359861167e-01	   4.0476693481963771e-01	   4.4803529416276583e-01	   4.7436762886679773e-01	   6.2420245967149346e-01	   6.3159010625606526e-01	   6.7529547446071336e-01	   5.3203292236469590e-01	   6.5385962904785955e-01	   5.1798403465427267e-01	   7.7969045269826870e-02	   6.5125012550969807e-02	   2.2375850213274170e-01	   2.7004675531263012e-01	   3.1296971940814894e-01	   3.4756422121104552e-01	   4.3052544847565669e-02	   5.8085667775827084e-02	   6.0364364878859167e-01	   5.7343935882564667e-01	   6.8261937854931154e-01	   7.1081297481295047e-01	   6.6436649292010666e-02	   1.2314930097063555e-01	   3.5516541118132544e-01	   3.9507482144525713e-01	   1.2331720785577910e-01	   1.8380940768499177e-01	   9.2614746654381130e-02	   9.4067534240844977e-02	   4.5692554621353587e-01	   6.3951156699963407e-01	  -9.2823911956572414e-02	   9.9176526115164689e-04	  -1.2256749002650000e-01	   4.4308544888632184e-01	   2.4245963027062789e-01	   5.5867568416200220e-01	   4.9525274640418149e-01	   8.0697947976014106e-01	   4.0058560075580657e-01	   5.1524125827675882e-01	   5.0937753844819045e-01	   6.8387182327185692e-01	   6.0045765627115033e-01	   3.4887898390266975e-01	   5.0568454763431903e-01	   3.8523675244142580e-01	   1.0278179354378766e-01	  -6.6315120649450748e-02	   4.8016555559590995e-01	   3.3538353374604918e-01	   3.6375205691438667e-01	   2.9526608240100638e-01	   6.4272927787444700e-01	   9.9970579015661892e-02	   4.7289585777001331e-01	   1.2434397206097697e-01	   3.5200350025686022e-01	   1.6413096222846252e-01	   4.2298507195087509e-01	   2.3589564440519456e-01	   1.8648079137670773e-01	   4.2081201885124220e-01	   4.2187272081926785e-01	   4.7632264623475096e-01	   3.3708024404675596e-01	   4.5596725102732560e-01	   5.0208590421819799e-01	  -2.3166363090960318e-01	
   7.4302255253587635e-02	  -3.1880741587308986e-01	   7.4092109891241120e-01	   4.4960555310991474e-01	   0.0000000000000000e+00	   6.1341590146712910e-01	   7.1136116739326294e-01	   6.1793181011315923e-01	   7.2788437493400138e-01	   6.4935055395684826e-01	   4.5806126912182710e-01	   4.3565559473186377e-01	   6.7143276812298525e-01	   4.5660056231468704e-01	   7.3168599935647705e-01	   5.6238448850151301e-01	  -4.8023416571148259e-01	  -4.1428400303052049e-01	  -1.7184735634580117e-01	  -1.2632960087514389e-01	   2.9546668722811681e-01	   3.8439752503345964e-01	   6.4251324008303157e-01	   3.2347410014397898e-01	   4.4758315058689402e-01	   3.6468805646990543e-01	   3.7790032342524649e-01	   1.1740215177224381e-01	  -2.1192695827057062e-01	  -1.0611198566302049e-01	   4.3177862916385401e-01	   3.7642531166863602e-01	  -1.8881497297444819e-02	   2.5407315501725258e-02	   4.5112656677712099e-01	   3.5745281021323722e-01	   2.1125508210174279e-01	   2.6098712553234338e-01	   2.4263681399109732e-01	   2.4173164486489002e-01	   1.4914358353239430e-02	   9.6588455741874329e-02	   2.8271139614911478e-01	   1.4646296928369401e-01	   4.3463072727841273e-01	   3.5257599980323545e-01	   4.0560061401419323e-01	   2.9723722884791587e-01	   2.6056650297652018e-01	   2.8992473552200215e-01	   2.9325695485818465e-01	   3.6995147246799875e-01	   2.9871397283721973e-01	   3.8305337850815568e-01	   1.1869942550552959e-01	   3.5226222381677091e-01	  -3.5421427139405681e-01	  -3.7981634721296187e-01	   6.6991346979517863e-02	   9.2646037647026933e-02	   5.0274096293003234e-01	   4.6202996783665407e-01	  -3.5108683375751198e-01	  -2.9283236637117011e-01	   6.3598509693745298e-01	   5.6877379331367073e-01	   4.4255505301408382e-01	   3.8364693032540503e-01	  -8.8059774007435587e-02	  -4.6677296297638990e-02	   4.4535440776085933e-01	   3.8353804148255988e-01	  -1.2866271021953282e-02	   5.3716598389912426e-02	   1.0430707194033007e-01	   3.4695918738423800e-02	   1.7985147806369686e-01	   2.2861713860222349e-01	  -4.4791706252596342e-01	  -1.7080357652444161e-01	  -4.7390463306463759e-01	  -9.3766480339599931e-02	  -2.7426736749060435e-02	   1.3573575030995416e-01	   4.6634082988158146e-02	   2.1614758538115941e-01	   5.3638043277514452e-02	   1.3110694032619474e-01	   4.9266581132834136e-01	   4.4043988054985683e-01	   4.4697811356903572e-01	   5.4458027655974039e-01	   5.2225781594536103e-01	   6.2249776128254708e-01	  -4.7152820137386357e-02	  -1.5538681090752707e-01	   2.5125493603180715e-01	   2.6516319177890768e-01	  -1.8343081648173397e-03	   1.2597813256599896e-01	   4.1477639846709058e-01	   1.8267973909916219e-01	   3.3628184276965867e-01	   3.3328445194922451e-01	   1.5371903242795237e-01	   1.5373610631999896e-01	   3.3658210517773918e-01	   1.3189383189556356e-01	  -3.5051011475296136e-02	   1.7888743805978793e-01	   2.8007628920238414e-01	   3.1489324534772506e-01	   6.6439492852305260e-01	   3.5477385544583212e-01	   3.3397614810090259e-01	   1.6149072905224639e-02	
   1.2262060072687314e-01	  -2.5106062700869680e-02	   4.0956599885779754e-01	   4.8042526147583808e-01	   6.1341590146712910e-01	   0.0000000000000000e+00	   3.3761507389779644e-01	   5.4808797279204546e-01	   5.2850485946261716e-01	   7.3097708526954819e-01	   3.1834765301968831e-01	   5.4341030808646984e-01	   4.0903469133433373e-01	   5.3453130145557948e-01	   4.8171780321584445e-01	   6.5332749468562723e-01	  -1.1636155006245544e-01	  -1.0678839872774128e-01	   1.4014182261774749e-01	   1.2555757630645345e-01	   2.3505102420066415e-01	   3.7666501891295801e-01	   3.8283818476084824e-01	   4.4116846935500476e-01	   3.6178002080981270e-01	   3.9163214090562121e-01	   3.1063483874940573e-01	   4.1832617398895511e-01	   3.1107131087782414e-04	   4.6178006608355179e-02	   3.9732687876036926e-01	   4.7577577637653845e-01	   1.6601114164631720e-01	   2.8058411457986021e-01	   3.5103112737449527e-01	   4.2972549867250431e-01	   4.0631196547895193e-01	   5.0214371657296097e-01	   2.7953580437526537e-01	   4.7046662343235823e-01	   2.8211808302541497e-01	   4.1378960191734365e-01	   4.0087523955146520e-01	   2.6266574468619763e-01	   4.6848812776975279e-01	   4.2710426809034407e-01	   3.8903492048591010e-01	   3.9705300830636037e-01	   3.2495641676377435e-01	   2.8677594313449251e-01	   2.2184697461251951e-01	   2.7030077600538771e-01	   4.3330844911503441e-01	   2.7154621484263292e-01	   2.1489651615242977e-01	   4.3732714690142094e-01	  -1.3238763109875379e-01	  -4.9836876534035651e-02	   6.9948694731815003e-02	   1.3129697283302069e-01	   2.0884056149842625e-01	   4.6306915509989877e-01	  -4.4697672571557145e-01	  -3.6867931601229043e-01	   2.3596211824139521e-01	   6.8512651237969513e-01	   2.6347473606604105e-01	   3.9708517951238853e-01	   6.3631090632862526e-03	   1.0552458035318867e-02	   3.6745541827585965e-01	   4.1271372694580327e-01	   9.8034729127422865e-02	   1.7499566191980528e-01	   1.7921874883153177e-01	   7.9891396776349405e-02	   2.5381679617787489e-01	   3.5932496396168168e-01	  -1.3100672968775154e-01	  -3.2382833596284106e-03	  -1.2809477157145274e-01	  -4.7572964404387644e-02	   2.5470822124298109e-01	   4.0787386295101391e-01	  -1.3267727012389757e-01	   2.1225207981763178e-01	   7.9675211463528711e-02	   3.2399771075190653e-01	   3.4680058729998353e-01	   3.4327450504525298e-01	   6.1367839658422729e-01	   5.5142971225604442e-01	   6.8584908874556860e-01	   3.0096865658326316e-01	   2.0740903685531661e-01	   7.0336562432400704e-02	   5.2702076229264205e-01	   4.4067719101976488e-01	   2.9693014065436585e-01	   3.5825028843056417e-01	   3.7557972980129900e-01	  -2.8790022031590826e-02	   2.4061257075749815e-01	   2.1250879007838997e-02	   1.7385179828060335e-01	   1.8688584049369883e-01	   3.2245069408888727e-01	   3.0782134581330079e-03	   1.2621019547173315e-01	   4.5355140764803925e-01	   4.5656450227644885e-01	   4.8106027164476417e-01	   4.9880617760639079e-01	   1.7075846995642174e-01	   3.7237039907255665e-01	   8.8425696325446113e-02	
   2.4171150934655056e-01	  -3.6497228431594475e-02	   6.9694563152443068e-01	   4.5577802588709487e-01	   7.1136116739326294e-01	   3.3761507389779644e-01	   0.0000000000000000e+00	   7.8002298274658877e-01	   7.5119069503954194e-01	   4.7051179516635933e-01	   5.9281789232025950e-01	   5.0254146463115279e-01	   7.4343873648302372e-01	   4.5943188398564538e-01	   6.6358019524210676e-01	   3.4847123603484031e-01	  -2.3186707023507164e-01	  -1.8897108186322617e-01	   1.6201251027209951e-01	   2.4033440911017948e-01	   1.5615828939939227e-01	   1.4740306392376046e-01	   5.9751207320813304e-01	   1.4250310791150955e-01	   2.1381703441532518e-01	   1.5964857899032753e-01	   1.9341134653784528e-01	   4.2632238709900558e-02	   2.4299399965970370e-01	   2.1705212759764803e-01	   5.7788772642228137e-01	   4.6475640650573086e-01	   1.9940169839641936e-01	   2.6165735161978781e-01	   3.6980531708535364e-01	   2.7172483417702309e-01	   1.2067588293054612e-01	   2.0299674332666195e-01	   2.8350358579809343e-01	   2.7324484174491398e-01	   2.6615679213768582e-02	   7.4725363604567663e-02	   3.2094944391893354e-01	   2.2901932684107554e-01	   4.7817119902823368e-01	   4.3713509543768742e-01	   4.7624180289297302e-01	   3.1955669029518263e-01	   2.8255450625116402e-01	   3.1246820022221938e-01	   2.5795208074497167e-01	   2.8463949656134085e-01	   2.6542225067617320e-01	   3.9369395971797921e-01	   2.7365638902325046e-01	   3.9874699369357219e-01	  -2.4412258324880018e-01	  -2.6261137268883816e-01	  -5.3524746028735436e-02	  -6.7242766988525687e-02	   5.3891482696034332e-01	   4.2810737653995790e-01	  -1.1411354311274195e-01	  -2.4079781363331984e-02	   6.0836279694340112e-01	   4.1718611486856605e-01	   5.4060054640550603e-01	   3.7206899367270907e-01	   3.5396129482993838e-02	   9.0680368124601535e-02	   5.2622403782599203e-01	   2.8653195723662067e-01	   2.2035885233280367e-01	   2.7729358110224056e-01	   2.8793640393525177e-01	   2.4568099495053228e-01	   4.2510587864302241e-01	   3.7562747404126540e-01	  -1.8435271190674765e-01	   1.7365143524412516e-02	  -2.1072859937113275e-01	   1.8474701527549359e-01	   1.6652524081474687e-01	   2.3762698971897381e-01	   2.5189721635868567e-01	   1.9896995674598203e-01	   2.2814397456518909e-01	   1.6456843422837034e-01	   3.5816588447322606e-01	   3.1308799734505888e-01	   5.2199973117057397e-01	   5.2510701150503392e-01	   2.4957731326362589e-01	   6.3800860753391075e-01	  -1.0963998783427327e-01	  -9.4972074884415586e-02	   1.0660163401121342e-01	   4.6702977990170917e-02	   1.5703004457142844e-01	   1.9745047607663899e-01	   3.8655922246935570e-01	   2.8214167257542028e-01	   3.0661276382746905e-01	   5.3875425262381560e-01	   3.8534138152013328e-02	   1.6760188060837736e-02	   4.3775585377404086e-02	   1.6368621074902251e-01	  -8.6094537071258498e-02	   1.1953248987848500e-01	   1.9071589390280128e-01	   2.8996248088921184e-01	   6.4915394841873353e-01	   3.5381531211195050e-01	   2.3624008318967293e-01	  -2.1698666862150123e-01	
   1.4637714185929426e-01	  -5.7941556114460779e-02	   4.1912782375635543e-01	   5.5049296089294497e-01	   6.1793181011315923e-01	   5.4808797279204546e-01	   7.8002298274658877e-01	   0.0000000000000000e+00	   7.8736044654078130e-01	   7.0579930879220332e-01	   5.7066682747285569e-01	   7.8842846296229196e-01	   6.3452428593211097e-01	   6.4010011520094223e-01	   5.5214243911777605e-01	   4.5091116280623678e-01	  -1.5973069592939876e-01	  -8.0953448581749243e-02	   1.5428721933064243e-01	   3.2805644073259743e-01	  -1.0507433628389201e-01	   3.0575147836185711e-02	   5.2816146717823620e-01	   2.6277722835544082e-01	   2.6398080847611638e-01	   1.8937317846697538e-01	   7.0264085307181947e-03	  -5.5364428931014953e-02	   2.0956172380440014e-01	   2.0166468256011666e-01	   5.6333970330524785e-01	   5.7040907887924741e-01	   1.4349607243742479e-01	   3.1465367145859946e-01	   3.6180144521036273e-01	   3.5479802144799388e-01	   2.1905228145947425e-01	   2.7154264992829802e-01	   2.2919089179157334e-01	   2.9760649836853864e-01	   1.8128813606373739e-01	   2.2529805520691815e-01	   2.0361223912370588e-01	   6.2329937690116799e-02	   4.5971192078359013e-01	   4.1114902772756640e-01	   3.9808454427660878e-01	   2.3972883190202338e-01	   1.1543794326597526e-01	   1.9517534288465932e-01	   2.4126123308768743e-02	   8.8915682822780479e-02	   3.9986324785906813e-01	   1.8235460679618726e-01	   1.9894409367020394e-01	   2.9300998412931167e-01	  -3.3283560907008070e-01	  -2.1498677625553378e-01	  -1.1266100233531348e-01	   1.0151714211200806e-02	   3.8915452487496710e-01	   7.4038281481065649e-01	  -2.9164818811913734e-01	  -6.4650696270619229e-02	   4.0511539304653144e-01	   6.5685760116376046e-01	   4.1136345932164387e-01	   4.2077981122728364e-01	   1.3091642014012021e-02	  -8.0621012753645492e-03	   5.1910598029062338e-01	   3.5735283392439088e-01	   1.8051970241971407e-01	   2.0722002323414462e-01	   2.3285685479602228e-01	   2.6083630691706206e-01	   4.2977395725120476e-01	   4.5572162126356419e-01	  -1.6388045428310674e-01	  -5.3482263227150363e-02	  -1.5019294009820186e-01	   1.1406379918321687e-01	   2.0038693807433072e-01	   3.0660828581440236e-01	   5.2203904289554674e-02	   2.2241568477535656e-01	   1.6869728059001821e-01	   2.3037904492464689e-01	   2.2751958916487688e-01	   3.3948695603635282e-01	   6.6721310044315918e-01	   4.7956708772853229e-01	   5.1619452391541720e-01	   5.7322053548177154e-01	   5.2825385018596689e-02	   9.3218161979436547e-03	   1.7380159336463749e-01	  -3.3001643102503302e-03	   2.2906000764596868e-01	   1.9623247690663234e-01	   5.4168623751229905e-01	   2.4807596056448550e-01	   4.6783722458600119e-01	   3.6907954580169688e-01	   1.5542494779636123e-01	   1.2357781268957336e-02	   1.7307986825072064e-01	   2.6387168603661582e-02	  -2.8289723018234063e-02	   2.6232250679517927e-01	   2.3325471795317104e-01	   3.6425891394988730e-01	   6.8640273252952244e-01	   2.7427436851713038e-01	   2.1784498754378639e-01	  -1.3504146964659042e-01	
  -1.0204725866236938e-02	  -2.9875325277673653e-01	   4.7816582298178428e-01	   2.1885359058430792e-01	   7.2788437493400138e-01	   5.2850485946261716e-01	   7.5119069503954194e-01	   7.8736044654078130e-01	   0.0000000000000000e+00	   7.5400665113861387e-01	   5.3228137220796357e-01	   5.5544258440534500e-01	   7.2041475916350772e-01	   5.4145516452452014e-01	   7.2302814679359473e-01	   4.2994751901176281e-01	  -3.4505691822623302e-01	  -2.7008924977659982e-01	  -4.0522984002689319e-03	  -1.1385055228774007e-02	  -3.1711574635813651e-02	   3.3458410278500432e-02	   3.7405914799459866e-01	  -7.4512380160675889e-03	   1.9824185552356066e-01	   8.5351289677355890e-02	  -1.8058652003434467e-03	  -1.1385037947536514e-01	   1.0756896482177643e-01	   4.8145505895907249e-02	   4.9190496193888222e-01	   4.1439056817273046e-01	   3.4355519642856339e-02	   5.8249718049431770e-02	   2.3972791883538180e-01	   1.7629824810954270e-01	   3.4349993852716670e-02	   7.2760339101319307e-02	   9.5388720078708786e-02	   1.6737010015901438e-01	  -8.4869027311227120e-03	  -1.6574154018039307e-02	   4.0178714744420210e-02	  -9.0056579420863148e-02	   2.5822584132894894e-01	   1.9217399066701701e-01	   2.8907123693177150e-01	   5.2722151167788181e-02	   3.2178654780372247e-02	   7.6879363279539314e-02	  -1.4034562947618756e-01	  -1.0455625710012477e-01	   8.1045552053957193e-02	   4.3718566238233558e-02	  -1.1557616130783455e-01	   1.0919501476865023e-01	  -4.4419375454168919e-01	  -3.0753618037351876e-01	  -1.2180499047110302e-01	  -6.3914678907385447e-02	   4.3710146488343415e-01	   6.3131843254231446e-01	  -3.9649127466196665e-01	  -1.7902863849552614e-01	   3.3748306952586415e-01	   5.5224032683669733e-01	   1.8704752238085018e-01	   1.0447801944201687e-01	  -5.7946020370570540e-02	  -7.9579475870358629e-02	   3.5637467344299756e-01	   1.7785636664408389e-01	   1.2835439302382845e-01	   1.6138467649852850e-01	   2.1036184791279416e-01	   2.2584912984547884e-01	   1.7019432799250267e-01	   1.2476912804279953e-01	  -3.0965440795467813e-01	  -1.6475266654747300e-01	  -2.9791161812229644e-01	  -1.8417937763077993e-01	  -2.1638495724694475e-02	  -2.1376164932496215e-04	  -2.1736693971751675e-01	  -1.4027044548339057e-01	  -1.2903289134920704e-01	   1.1804755404471545e-02	   1.4651843114270055e-01	   1.2925702677063852e-01	   3.5252356605209134e-01	   4.3251782105966352e-01	   3.1605515753167912e-01	   5.0997455966884364e-01	  -7.5362246527801852e-02	  -1.0601610502603212e-01	  -4.7715074209692043e-03	  -7.8078635352537396e-02	  -6.5086637444472267e-02	   7.1011198722802024e-02	   2.8458508527447252e-01	   2.0792460421219328e-01	   1.7580083629074214e-01	   3.1262790595255824e-01	  -1.2938936798750977e-01	  -1.5550927552349439e-01	  -1.0679374645424396e-02	  -1.8583861983114863e-01	  -1.1429929628736320e-01	  -8.4980251929936190e-02	   2.4848282810385848e-02	   1.5141328979833321e-01	   5.9586849282582688e-01	   4.4314238790488999e-02	  -3.1504816481545156e-02	  -1.9193504753798996e-01	
   2.3983690688223516e-01	  -1.7136177599258845e-01	   4.8879802342978196e-01	   3.7547754394262955e-01	   6.4935055395684826e-01	   7.3097708526954819e-01	   4.7051179516635933e-01	   7.0579930879220332e-01	   7.5400665113861387e-01	   0.0000000000000000e+00	   5.3871855911596556e-01	   6.7092536811050085e-01	   6.7333871333202766e-01	   7.7295299092374425e-01	   6.9767519603465789e-01	   7.4825070522141290e-01	  -2.1092064331489374e-01	  -2.5401876164644860e-01	   1.3154120752640938e-01	   5.1164460192504341e-02	  -1.3256245501046576e-01	   1.0364968572369175e-01	   4.9264179648193285e-01	   3.7836179096745975e-01	   3.7349079672586216e-01	   3.0202958513345068e-01	   2.3580030047923570e-02	  -1.7530681303268439e-01	  -8.4336651831296738e-02	  -7.5257776693418738e-02	   3.9512404012574620e-01	   4.5750648789916937e-01	   3.2109311764247223e-02	   1.0635103117787659e-01	   4.0685512128666224e-01	   3.6604731499574850e-01	   3.4133938791095741e-01	   3.5956122059588386e-01	   2.1472318357544920e-01	   3.1893917075246669e-01	   2.6729979536580578e-01	   2.1180457757423971e-01	   3.1561587280057513e-01	   1.5342183110026952e-01	   3.9989558519803109e-01	   2.4039981165651697e-01	   4.3790812544727165e-01	   2.6174950672252750e-01	   1.4661002653361191e-01	   8.8014876716034862e-02	   3.5744722026270354e-02	   1.0654384062466876e-01	   3.7860125133618805e-01	   2.0299477452054501e-01	   9.9931496016652854e-02	   3.2016673309028598e-01	  -1.9228722192380643e-01	  -2.4882782561558917e-01	   5.7941319583338466e-02	  -6.5237445805876610e-03	   4.0014737370819259e-01	   6.7086641838266003e-01	  -4.9135147680942681e-01	  -3.3289818381102543e-01	   3.6172889140149966e-01	   7.6931388859662020e-01	   1.3580036643752677e-01	   1.8424849244872465e-01	   2.5932244271545678e-02	  -7.1445151683418168e-02	   4.7070611889133995e-01	   3.9662862793102105e-01	   1.7614524860495889e-01	   1.4350876689741529e-01	   3.7566654714412206e-01	   3.0545886306008169e-01	   3.2367016342430538e-01	   3.3054138171659286e-01	  -2.5000526011928503e-01	  -1.2727193127060188e-01	  -1.9238137739857206e-01	  -1.3002390942323083e-01	   1.7270599159644590e-01	   1.8823849113117369e-01	  -1.2154018734283747e-01	   1.2171449786797045e-01	  -3.4407821393539526e-02	   1.7692627880890341e-01	   3.9029511036516035e-01	   3.3226973665485193e-01	   5.2427869733861843e-01	   5.2367049885362849e-01	   6.3304554154643211e-01	   5.2279622793000113e-01	   1.5954604808546966e-02	  -1.3523585470036423e-01	   3.0813901390338994e-01	   2.4438608081146082e-01	   5.9206933788500074e-02	   2.6975053345441585e-01	   2.3882807601521605e-01	  -4.1212769619254588e-02	   1.7706974799282765e-01	   5.4128715530961512e-02	   1.9312920741017123e-01	   1.2142419706298688e-01	   2.0873264188267385e-01	  -9.7578194597542467e-02	  -8.0084905097877496e-02	   1.2575254587893581e-01	   3.3064713601459345e-01	   3.3494949374857191e-01	   6.0813655957394863e-01	   1.6058264896897823e-01	   3.0795338011297074e-01	  -3.1686066348127200e-02	
   5.1290711305113346e-01	  -3.0575151231265977e-02	   3.2608746871409533e-01	   1.6763999694210935e-01	   4.5806126912182710e-01	   3.1834765301968831e-01	   5.9281789232025950e-01	   5.7066682747285569e-01	   5.3228137220796357e-01	   5.3871855911596556e-01	   0.0000000000000000e+00	   6.7416430285803286e-01	   8.6670851692955631e-01	   7.4229521944385346e-01	   6.8213983614722551e-01	   4.1662528561202716e-01	  -4.8976967747387051e-02	  -1.6701056205795425e-01	   2.3995136664975492e-01	   8.6811081852927102e-02	  -7.7560039926727289e-02	  -3.1673403873636652e-02	   3.3103581912096669e-01	   1.0701902000809059e-01	  -6.9757066562246423e-02	  -1.3847578806343769e-01	  -2.1450822191081256e-02	  -4.7927695810868809e-02	   2.3191802270653289e-01	  -1.9708733078212548e-03	   9.6424722204526414e-02	   1.4470577052497663e-01	  -4.4636200286375383e-02	   1.0720449999402987e-02	   5.4618820915874881e-02	  -3.7983436117818396e-02	   1.6764098897823337e-01	   2.2261014105015495e-01	   8.6514354739604421e-02	   2.3746106088302971e-01	   2.0729888008545216e-01	   1.4922043418811159e-01	   2.0128789908919650e-01	   1.7246754505193157e-01	   1.4984095687102028e-01	   1.6069443128081060e-01	   3.9010417999465380e-01	   3.0242593602853629e-01	   3.0138848608539481e-01	   3.2960250748419206e-01	   3.7478552435642909e-02	   1.5123314753625591e-01	   3.4374957919061322e-01	   2.0850463169531758e-01	   1.5321891551770600e-01	   3.5853801563988913e-01	  -7.3503750087839964e-02	  -1.8346126580809766e-01	   1.4258212718686403e-01	   1.1350337804947601e-01	   5.8963172742909842e-01	   6.3618139162624976e-01	  -1.0150198959940199e-01	  -8.3116232399729817e-02	   1.4830122922998334e-01	   4.6852375985888217e-01	   7.6779890243644872e-02	   3.0839810243722593e-02	   1.9820481114464761e-01	   9.7379397405920373e-02	   6.3399986838936451e-01	   4.4026296190865255e-01	   3.9083332949000127e-01	   2.5931663588142873e-01	   4.6303941027766760e-01	   3.4817169908316892e-01	   3.6331315959733645e-01	   3.5393717537372504e-01	  -1.2111189877945239e-01	   1.7789048599326292e-02	  -2.9877365759022029e-02	   2.9494038033294839e-02	   2.0348811684990159e-01	   2.2651551195893099e-01	   4.5242354913566665e-02	   5.6379561829298944e-02	   2.4547227792703581e-02	   1.0616014425125933e-01	   3.4225901078389709e-01	   2.5037494999505722e-01	   5.0373420038187600e-01	   5.8014336139400080e-01	   4.1334509110500972e-01	   6.1016011881719656e-01	  -5.2881389635664827e-02	   8.4434238040917535e-03	   5.5249910100853047e-02	   1.8171106227331235e-01	  -1.8230388991717261e-03	   2.5183834040573760e-01	   4.3568439554792691e-02	   1.7277773170176070e-01	   2.3966634777332840e-01	   2.3297219812622877e-01	   1.2779657857110041e-01	   1.1828097005008546e-01	   9.6635067576350903e-02	   1.4707278623461967e-02	  -2.0029234032653365e-01	   2.4795300224868255e-01	   1.8645050666803506e-01	   2.5643818234247595e-01	   5.9852994734666631e-01	   2.8702464320218979e-01	   2.2321250987914212e-01	   4.4162641709391819e-02	
   2.8255009024443672e-01	   1.2516718464632859e-01	   2.0592431224115001e-01	   5.5271223423065274e-01	   4.3565559473186377e-01	   5.4341030808646984e-01	   5.0254146463115279e-01	   7.8842846296229196e-01	   5.5544258440534500e-01	   6.7092536811050085e-01	   6.7416430285803286e-01	   0.0000000000000000e+00	   5.8217413385497396e-01	   7.6723029053185110e-01	   5.0323065332100003e-01	   5.4524694534620588e-01	  -4.8864506134449384e-02	  -4.5085633009170734e-02	   1.2928721505990831e-01	   3.4787049206370574e-01	  -1.1479801123106574e-01	   1.7915910355695317e-02	   3.7555758183352989e-01	   3.2563762048462974e-01	   7.8107899978127074e-02	   4.8507430041639613e-02	  -5.0989694338940683e-02	  -2.8701041329602311e-02	   2.3713897087821434e-01	   1.9953308859759525e-01	   3.1037324302787617e-01	   4.1223804595740388e-01	   5.6535809772766454e-02	   3.0420087234406873e-01	   1.4307116779884435e-01	   1.7876286338751124e-01	   2.2383241615316274e-01	   3.5369320878349203e-01	   1.5728893314448367e-01	   3.3809448274979675e-01	   3.2488285606297873e-01	   3.7044854626508722e-01	   2.0933956932795994e-01	   1.1570350009417286e-01	   2.6209781575014518e-01	   2.8829749380900149e-01	   3.3193178676895796e-01	   2.4131783735043638e-01	   2.2656096921130969e-01	   2.9910347177774127e-01	   4.2359974318732375e-02	   1.0432216019318379e-01	   4.9830724612500177e-01	   8.6135262465215953e-02	   3.1313586093759260e-01	   2.9866649632779219e-01	  -1.7322501583488456e-01	  -1.1737388921338791e-02	   4.9929263755551900e-02	   2.7468667676495168e-01	   4.2089372742109443e-01	   8.1459629832672886e-01	  -1.3361914248575416e-01	   7.9388884793264280e-02	   1.4705059837748319e-01	   6.6124546652731497e-01	   2.4326280895799082e-01	   3.3405594347397605e-01	   2.2966815477503322e-01	   1.5663137133318564e-01	   5.2279708732134067e-01	   4.7559447306847896e-01	   3.3368407657695165e-01	   2.9185971179222064e-01	   3.2598372418939781e-01	   3.1950184971189788e-01	   3.9919192688437638e-01	   5.5505281293358710e-01	  -6.6884234871972370e-02	  -7.0969373138615913e-02	  -7.2976187183051322e-02	   8.4248911467755219e-02	   2.0356005850863695e-01	   3.3668804904706062e-01	   4.7753423029135697e-02	   2.8199792513384858e-01	   6.1653978147417035e-02	   1.6279855891283937e-01	   2.5698292698822200e-01	   4.3312742028659124e-01	   6.1651562202697119e-01	   4.2821720422393272e-01	   5.2263022170346640e-01	   4.4959025809223241e-01	   1.5700465856617557e-01	   1.0158341240422233e-01	   2.0285242348878044e-01	   7.3876513628127916e-02	   1.6781244674007145e-01	   1.1673311955775972e-01	   4.3788801100767466e-01	   2.2355349248615322e-01	   4.0660647832787933e-01	   9.6411330459453104e-02	   1.2101482727801434e-01	  -9.7017776299432312e-02	   1.9189333196202896e-01	  -6.6249513657790832e-02	  -3.9944943250490937e-02	   3.4968208918098465e-01	   1.5193996978291902e-01	   3.6842725701144552e-01	   5.0136595764465142e-01	   1.7683993243109780e-01	   2.1343509307682298e-01	  -1.9031976807386136e-01	
   4.0148323558591437e-01	  -2.1944878433875054e-01	   6.1374543531478420e-01	   2.4223736243985722e-01	   6.7143276812298525e-01	   4.0903469133433373e-01	   7.4343873648302372e-01	   6.3452428593211097e-01	   7.2041475916350772e-01	   6.7333871333202766e-01	   8.6670851692955631e-01	   5.8217413385497396e-01	   0.0000000000000000e+00	   6.7182374447442883e-01	   8.8236179751415134e-01	   5.5965019969791152e-01	  -2.3614176559895494e-01	  -3.5503295753242309e-01	   1.4554496535821432e-01	   5.2191516494955051e-03	   1.3313843166411337e-02	   4.7843317799276933e-02	   5.1069254510033779e-01	   1.8570833688194913e-01	   1.8893260780402144e-01	   9.5539776999993387e-02	   1.0580061371089890e-01	  -1.1140704139651189e-01	   8.4517697450786966e-02	  -6.1473695692277980e-02	   3.0375511016679929e-01	   2.8499227236903379e-01	  -2.8350924977316672e-02	  -1.5664942522264656e-02	   2.9993657461969137e-01	   1.5926541093044039e-01	   1.7253301973429203e-01	   2.3934957491264108e-01	   1.7218353910180342e-01	   2.6189233343979113e-01	   7.1007716018828312e-02	   8.7204757407836550e-03	   2.8654571962941550e-01	   2.0475329147470084e-01	   2.5940563079634310e-01	   1.8974591934174617e-01	   4.2541259461980041e-01	   2.8976933313773501e-01	   2.9607242215255403e-01	   2.6693718127507909e-01	   1.7546395827869704e-01	   2.4849325193438460e-01	   2.9655507873224413e-01	   3.2576760361269064e-01	   9.6191876739703641e-02	   3.7288769441891745e-01	  -2.0090403425385181e-01	  -3.7263281434657985e-01	   8.9952297379924689e-02	  -2.5078363854977630e-02	   6.2343741122569507e-01	   5.7978471677847532e-01	  -2.8955181231300331e-01	  -2.6516390900321551e-01	   4.1604672426750899e-01	   5.8766370564619763e-01	   1.9731489070930838e-01	   9.1177035623452363e-02	   1.2541759931879126e-01	   3.5199530984918986e-02	   6.6798608936932014e-01	   4.5549620368554877e-01	   2.4877103240394374e-01	   1.6622477534291641e-01	   3.7849147652617410e-01	   2.6565826447378638e-01	   3.4836521843611901e-01	   3.0327085865907438e-01	  -2.4732588806698369e-01	  -3.7023813261366535e-02	  -1.8976819822937219e-01	  -4.3675917159815232e-02	   1.0352573190592676e-01	   1.3782967087913447e-01	   1.6930468432690790e-02	   5.4992237867833353e-02	  -2.5467844522900511e-02	   1.2830585530810429e-01	   4.6047010139545308e-01	   3.0380690285998935e-01	   4.6310889875907424e-01	   6.0337722063139287e-01	   4.4365997727844997e-01	   6.6721574966732289e-01	  -7.3983375775494756e-02	  -8.3401580995604296e-02	   1.3935867980092961e-01	   2.2998297973088658e-01	  -1.0071362156558847e-01	   2.1168292320030124e-01	   1.1112533497656008e-01	   1.3716435684144751e-01	   1.7580373763970275e-01	   2.9547092564404509e-01	   1.3216847517406788e-01	   1.5949417075352842e-01	   1.0643172535741660e-01	  -1.5151664871932897e-03	  -2.3278961092786293e-01	   1.7549123726358826e-01	   2.7839113435069851e-01	   3.1480518822747300e-01	   6.5836013907448132e-01	   3.3732106956309837e-01	   2.9926577778718444e-01	  -2.2290840814047183e-02	
