   0.0000000000000000e+00	   9.2284164175650985e-01	   8.2681997369718974e-01	   8.6452219796793028e-01	   8.2484464690497816e-01	   8.3321552524236875e-01	   8.1879330652483284e-01	   8.2099342681941656e-01	   7.8949439549545330e-01	   8.0499331971424959e-01	   8.6393228580715742e-01	   8.5970617031726060e-01	   8.6609446459263983e-01	   8.7054448469826273e-01	   8.9542885905080705e-01	   8.7367259244427564e-01	   7.8508641110597255e-01	   6.1075439370042028e-01	   9.2316938424193717e-01	   8.7406159441719733e-01	   7.1512148183824853e-01	   7.4652127031735327e-01	   8.1564635099164251e-01	   8.6227830217970369e-01	   8.4040368420981726e-01	   8.8445347053093593e-01	   8.3763515668726440e-01	   8.6343893023364715e-01	   5.2950554112631776e-01	   5.4309077517922477e-01	   5.6619422111057038e-01	   5.9279953375161754e-01	   8.2396449523226933e-01	   8.4463545250771699e-01	   7.2599713421593604e-01	   8.3095846560582909e-01	   5.2945216308584597e-01	   7.9425595077005218e-01	   7.3332562566284509e-01	   8.2290141786844306e-01	   5.0243726726720395e-01	   6.8944616096173228e-01	   8.7970536868854743e-01	   8.8054328514940261e-01	   8.7066052224763801e-01	   8.9287276900041002e-01	   8.6216869654117045e-01	   8.9966338298908677e-01	   8.3591401556909606e-01	   8.6824822861163919e-01	   7.2150520230839210e-01	   7.7023167543876991e-01	   7.1599907909435667e-01	   7.4632484887488881e-01	   7.1512477132675722e-01	   7.1309232631216313e-01	   9.0010651088990745e-01	   9.1854899593647099e-01	   8.6098137846449996e-01	   8.5618461014540403e-01	   8.4439595005497214e-01	   7.8045688884953623e-01	   7.8824444075223510e-01	   8.0362043493989110e-01	   5.3950659247231614e-01	   6.0760716064833398e-01	   8.4757059065743601e-01	   8.4607065672294701e-01	   8.2304611108919667e-01	   7.9939290476359159e-01	  -9.5365342960029603e-02	  -2.9078835394590880e-01	   4.9170386997544879e-01	   5.1401163128572336e-01	   4.4805821513432531e-01	   4.7724886964427410e-01	   5.2017988168441653e-01	   5.6504954572428800e-01	   5.5266030937563881e-01	   5.8746223486394555e-01	   7.7043875611095380e-01	   7.6116903026976179e-01	   8.7842340774972172e-01	   7.4809885483748884e-01	   8.4735087815215215e-01	   8.1532796865863189e-01	   8.1928609779953621e-01	   8.8410923938903729e-01	   6.8347166266594084e-01	   7.5346912176528424e-01	   4.2041732751469307e-01	   5.2530729240279450e-01	   1.8330567805494838e-01	   3.9775416049276724e-01	   5.7361798767170191e-01	   2.1007190724304617e-01	   8.7672200741844564e-01	   8.5958203126868815e-01	   7.9140727311037262e-01	   7.5434252275110436e-01	   6.3913462263849319e-01	   4.0671376498369283e-01	   5.8843259277464610e-01	   5.2912591355192373e-01	  -2.8723436363202698e-01	  -3.9915623345625739e-01	   4.7110340725116884e-01	   2.8268604632121913e-01	  -7.6100630479628839e-02	   7.9269424244661602e-01	   8.8509559181105368e-01	   8.3059611841595871e-01	   4.7383259682565104e-01	   6.7575454195655926e-01	   3.5025171686651133e-02	  -3.6537869994255612e-01	
   9.2284164175650985e-01	   0.0000000000000000e+00	   7.7024389364315615e-01	   8.0838080442092897e-01	   8.0126699667916534e-01	   8.0713293152623200e-01	   7.3547338282644314e-01	   7.9558570346059154e-01	   7.5112610391070778e-01	   7.8718898439188734e-01	   7.8475685975503806e-01	   8.6452831231598959e-01	   7.8528922615327379e-01	   8.2391096757671978e-01	   8.7926636324640928e-01	   8.4043891486061040e-01	   8.3360466713003789e-01	   7.0536507877664933e-01	   9.2821672488953999e-01	   8.9146501270446366e-01	   7.1645761855511814e-01	   7.6315341805634129e-01	   8.0701050248169803e-01	   8.1594872204395941e-01	   8.2402677206276564e-01	   8.5244486772691808e-01	   8.1141095765529569e-01	   7.9446908057316423e-01	   6.0467893316610088e-01	   6.4493054379256565e-01	   5.9431433855256566e-01	   6.3633535406986697e-01	   8.3931620857581235e-01	   8.8032809037234605e-01	   6.9160906457882576e-01	   7.6194942340197747e-01	   5.2433647195153454e-01	   7.9996187395972829e-01	   7.3207944325308061e-01	   8.2933499259686394e-01	   5.3080454350535400e-01	   7.6275623042875229e-01	   8.2878423404196977e-01	   8.2331197402623513e-01	   7.9584468081414594e-01	   8.2820334102709026e-01	   8.0705404374494294e-01	   8.4503213581648029e-01	   7.9652139674676314e-01	   8.0843569634750834e-01	   6.8049744792278855e-01	   7.2502335566685505e-01	   6.5557463899085722e-01	   7.0226541559330846e-01	   6.8019994794321059e-01	   7.0952991753765970e-01	   9.2984588861007134e-01	   9.7042226332752812e-01	   7.7051358920083968e-01	   8.1338811944483380e-01	   7.6399753092524336e-01	   7.6687257921790275e-01	   7.7210664914525251e-01	   8.2545973379910720e-01	   5.0144428454252910e-01	   5.1367414281683488e-01	   8.0771444791491409e-01	   8.1096842866699792e-01	   8.0974011096033227e-01	   7.7671581314638383e-01	  -8.4308951762508105e-02	  -2.5352617235526143e-01	   5.5658676947139218e-01	   6.1946703331673203e-01	   4.8151079051821799e-01	   5.5988712793719386e-01	   4.8682178170736934e-01	   5.6473854536759638e-01	   6.3814162224997406e-01	   6.8344960889561823e-01	   8.0890523805076975e-01	   8.0987056959999315e-01	   8.9132475599038297e-01	   7.7151662624741513e-01	   8.2386232474276211e-01	   7.5776214795025698e-01	   7.8364822680602964e-01	   8.1846120123954014e-01	   6.3160055309569352e-01	   6.7040875319677562e-01	   3.2573785773058445e-01	   4.3476973765921467e-01	   9.7808995045898350e-02	   2.8295589282100786e-01	   5.0277221693896523e-01	   9.6813011452725500e-02	   8.2241242292234673e-01	   7.8544463890051985e-01	   7.3294369216597333e-01	   6.7370692260743903e-01	   4.9449114910582614e-01	   2.3979300942963169e-01	   5.6975091703242764e-01	   4.2643280327857014e-01	  -2.9725852173722322e-01	  -4.1936872291894123e-01	   4.0085233899024775e-01	   1.0916997825622063e-01	   7.3139343577064819e-03	   6.9364409676108074e-01	   7.8758659357626315e-01	   7.4521944391436024e-01	   3.7727775478069048e-01	   5.9698971088260722e-01	   1.1395205599962167e-02	  -3.9538887812929513e-01	
   8.2681997369718974e-01	   7.7024389364315615e-01	   0.0000000000000000e+00	   9.0550821283546101e-01	   9.4317266603619543e-01	   8.7881933779690979e-01	   9.5942644070260019e-01	   8.6386890842882824e-01	   9.3432641541721073e-01	   8.9297456146994003e-01	   7.1025946698911846e-01	   7.4120852342561150e-01	   8.3117718542852759e-01	   7.6071755638434757e-01	   8.2455256442064129e-01	   8.0525528250085321e-01	   5.7515032078079198e-01	   4.7461337031178075e-01	   8.4341600217217727e-01	   7.8176084236903998e-01	   6.5708953410995896e-01	   6.7417380497575430e-01	   8.6985029304032380e-01	   8.4563989399710870e-01	   7.8582362727511068e-01	   8.4230495342829736e-01	   8.1271053994621001e-01	   8.2810334682113296e-01	   3.5616080530990007e-01	   4.0088445969155612e-01	   5.9679705926713611e-01	   5.4990051654530803e-01	   7.1307080552111446e-01	   7.3878677553448313e-01	   8.4326463251780415e-01	   8.2201160085744496e-01	   4.3487785453407701e-01	   6.9012758620619896e-01	   6.9115265785821500e-01	   7.5479334498341588e-01	   3.7884547057007306e-01	   5.9795463592820308e-01	   8.7533341835470591e-01	   8.3361833387884543e-01	   8.7555316840302788e-01	   8.8066119696940259e-01	   8.0690428839240880e-01	   8.2412282285920846e-01	   7.6921404406782845e-01	   8.0438463705237506e-01	   7.8376720979817582e-01	   7.4968735545908238e-01	   6.5399211423582759e-01	   7.4444037395428975e-01	   6.8777709565257050e-01	   7.0367214803392775e-01	   7.5621852148646829e-01	   8.0220465453121426e-01	   8.1440720152633883e-01	   8.3574224414341169e-01	   8.0364697706146249e-01	   7.2424522239052647e-01	   6.4602422889750377e-01	   6.8176779615123539e-01	   7.2969855276883977e-01	   6.3493517984135273e-01	   8.6440827453744928e-01	   8.6539161264077435e-01	   7.4239533324171247e-01	   7.7758961852205832e-01	  -1.4001576491628592e-01	  -3.0715880629096337e-01	   3.8813895717506064e-01	   3.8673985812940126e-01	   3.9817835497263121e-01	   4.1715389061759967e-01	   6.2310100851453021e-01	   6.1776591681738446e-01	   5.0305389087772190e-01	   5.7919041255867831e-01	   7.0639274373900551e-01	   7.1146507175599116e-01	   7.8581093497354948e-01	   6.6006435801110142e-01	   8.1571171810281740e-01	   8.3687951719013087e-01	   8.4243294763466192e-01	   8.4396637456360435e-01	   7.6029185237612773e-01	   7.7662208082035167e-01	   5.1474393284239361e-01	   6.2656943543139798e-01	   3.4467439173917164e-01	   5.4001626360985178e-01	   5.5987265076416581e-01	   2.7477437940863653e-01	   8.2559884966060881e-01	   7.8826134646026369e-01	   8.0839898835146440e-01	   7.8303016130261049e-01	   7.5866663024422465e-01	   3.7295707736362843e-01	   7.7152216201948887e-01	   6.0100079505578485e-01	  -2.1791241501866054e-01	  -3.0605727292207546e-01	   6.2441397265708365e-01	   4.0958280607297748e-01	  -8.2406633440980884e-02	   7.2893698297025655e-01	   8.4268126732605753e-01	   8.3857819543871481e-01	   5.9434406183860911e-01	   7.5218412013232550e-01	   1.2860937801442729e-01	  -2.8979958962842439e-01	
   8.6452219796793028e-01	   8.0838080442092897e-01	   9.0550821283546101e-01	   0.0000000000000000e+00	   8.4385505442437603e-01	   9.6325872063211460e-01	   8.8905382117810627e-01	   9.5768401328525787e-01	   8.6075755591734193e-01	   9.0367964696882541e-01	   7.5087636963924642e-01	   8.3079135560377226e-01	   8.1441565130526006e-01	   8.8534258995191295e-01	   8.2421549468549149e-01	   8.5948905745371740e-01	   6.2000701110635836e-01	   4.9255831222100116e-01	   8.3972393529944256e-01	   8.4273852654052672e-01	   6.0063796416649362e-01	   7.2539315111466629e-01	   7.8093563223066864e-01	   9.0985438399312102e-01	   7.3539392142803639e-01	   8.4369578001286449e-01	   8.0805535987494093e-01	   8.7956779123954631e-01	   3.4583788789618686e-01	   3.9243535676308150e-01	   5.0548548671844684e-01	   5.4634810782549148e-01	   7.2688387419070888e-01	   7.8996202490758471e-01	   7.8090318492916122e-01	   8.5754376657440323e-01	   4.4726761967863349e-01	   7.3441153837669404e-01	   7.1688388202281927e-01	   8.1374071039953422e-01	   4.0816191817293290e-01	   6.1463282657781160e-01	   8.7575172776844445e-01	   8.6081289839997355e-01	   8.6609091844795749e-01	   8.8718674802769493e-01	   8.5386195711514479e-01	   8.8458340442888161e-01	   7.7370211433923841e-01	   8.6220819245396418e-01	   7.3917839643106609e-01	   8.1302502407845112e-01	   6.5666515810127479e-01	   7.2786735190055718e-01	   7.0512840683079625e-01	   7.3733639959328334e-01	   8.1510993639416174e-01	   8.4073813810114906e-01	   8.1345050800920560e-01	   8.5642186352745475e-01	   7.8015119133581456e-01	   7.8135365649980448e-01	   6.5313665078746497e-01	   7.0581227658903378e-01	   6.1337484532501552e-01	   7.4263904204666298e-01	   8.3708212733131848e-01	   8.9232852311482125e-01	   7.6087777884902263e-01	   7.6288331792301600e-01	  -8.4918153872863653e-02	  -2.4935748848553635e-01	   3.5660019910910601e-01	   3.7971652399784911e-01	   3.3794421600962854e-01	   3.8487214897084393e-01	   6.0181677037939363e-01	   6.3206024564591301e-01	   4.9459361357381082e-01	   5.2622139212332864e-01	   7.1785465988857089e-01	   6.9999437505309259e-01	   7.7580538897423246e-01	   7.0549035528330850e-01	   8.0941955044938263e-01	   8.6515311541306295e-01	   7.8822988069839872e-01	   8.8062685747860137e-01	   7.4552452028110472e-01	   8.4114254382283793e-01	   4.4475461004971334e-01	   5.5349473447306052e-01	   2.8641856364625862e-01	   4.6027150225934255e-01	   5.9244975683792322e-01	   3.1419540795283929e-01	   8.5158558555149699e-01	   8.3411579149391990e-01	   8.1984712605024201e-01	   7.8015612817345337e-01	   7.6383555193605979e-01	   3.6242510730977956e-01	   7.0984697202509184e-01	   5.6501284683069564e-01	  -2.8421082825151994e-01	  -3.7359281206747419e-01	   6.2032689009392339e-01	   4.1641643227261227e-01	  -6.8303452268401565e-02	   7.4651834439424980e-01	   8.6121103918129127e-01	   8.4671019488092758e-01	   5.1642944903677679e-01	   6.8578929157820090e-01	   2.8284574843709200e-02	  -3.6083855041808810e-01	
   8.2484464690497816e-01	   8.0126699667916534e-01	   9.4317266603619543e-01	   8.4385505442437603e-01	   0.0000000000000000e+00	   8.3557741791188078e-01	   9.2905909249489238e-01	   8.1220234713490291e-01	   9.4870571127077130e-01	   8.8238793320746911e-01	   7.1443233563725039e-01	   7.5382819170608184e-01	   8.1092771051719992e-01	   7.3525926593857949e-01	   8.4748360073506213e-01	   8.3852922727709034e-01	   6.4653668319596536e-01	   5.7039787164668843e-01	   8.7625577099348639e-01	   8.0037600084485483e-01	   7.3657659607181847e-01	   7.3216047836185805e-01	   8.8369706830865380e-01	   8.1988019919133537e-01	   8.3295073257286367e-01	   8.6894578847229531e-01	   7.7966879773522357e-01	   7.8893381239400950e-01	   4.7538995365258707e-01	   5.1235780333413550e-01	   6.6399139904013749e-01	   6.0175276973408742e-01	   7.6138654381925142e-01	   7.6672098845448300e-01	   8.0933816335706443e-01	   7.7578695339504766e-01	   5.6114153651664744e-01	   7.6628904781163110e-01	   7.2398412961592840e-01	   7.7030643864802828e-01	   4.9101834991597598e-01	   6.7664036559995122e-01	   8.7808635776264821e-01	   8.4976044235399151e-01	   8.7392549352575033e-01	   8.9108675068096499e-01	   8.1986047536169004e-01	   8.2252879145014357e-01	   7.5801946520258601e-01	   7.8816062183749258e-01	   7.6968720912981348e-01	   7.1539269498819558e-01	   6.5796582619411270e-01	   7.5339392051828036e-01	   6.7721236920317873e-01	   6.8427507542000354e-01	   7.9028632165546420e-01	   8.2043328287573214e-01	   8.0762395969840195e-01	   8.1708175636710689e-01	   7.7335923192074985e-01	   6.7445355680551500e-01	   6.9951239966629797e-01	   6.8548838837555404e-01	   6.6334680336799301e-01	   5.3260976003626537e-01	   8.8521417867825614e-01	   8.7560632674677052e-01	   7.8147772552325090e-01	   8.0763920757444363e-01	  -1.4759835442200242e-01	  -3.3032199526273126e-01	   4.6657548408159749e-01	   4.7863838161784356e-01	   4.6461104162765965e-01	   5.1040289308404385e-01	   6.7597051646458661e-01	   6.4021068591207764e-01	   5.8747375933876167e-01	   6.8841184824864377e-01	   7.9147997216575805e-01	   7.6673882151109152e-01	   8.4307698307806889e-01	   7.1171796428414802e-01	   8.3877023800056083e-01	   8.4384925752406548e-01	   8.2256746323287078e-01	   8.4295487558608906e-01	   6.8953407412996615e-01	   7.2884150838187445e-01	   5.1853368884291107e-01	   6.6247000077169649e-01	   3.5312316114456638e-01	   5.4809705118229646e-01	   5.9620507507629050e-01	   3.2004832596525817e-01	   8.4474138510003705e-01	   7.8726200374285471e-01	   8.0656986862734670e-01	   7.7801836963623694e-01	   6.6862462906936004e-01	   4.1419865793901522e-01	   7.7653919701759744e-01	   6.1977935815812490e-01	  -1.7110607678081791e-01	  -2.6184559319453038e-01	   5.8422995517893805e-01	   3.7477796332602298e-01	  -4.5045641210039067e-02	   7.3590421384666649e-01	   8.6715675781252188e-01	   8.5127425261532697e-01	   5.7529361961798475e-01	   7.5825692681668877e-01	   1.6595759250869035e-01	  -2.5753100325505945e-01	
   8.3321552524236875e-01	   8.0713293152623200e-01	   8.7881933779690979e-01	   9.6325872063211460e-01	   8.3557741791188078e-01	   0.0000000000000000e+00	   8.7551440725673924e-01	   9.4083196431112803e-01	   8.6880137079136799e-01	   9.2050342589056866e-01	   7.7019118778653328e-01	   8.3951038077467066e-01	   8.2467492748428506e-01	   8.7604201489419808e-01	   8.2356962356677554e-01	   8.4526030931704343e-01	   6.4626649511545020e-01	   5.3517466332378283e-01	   8.4329678666619112e-01	   8.4266361700161685e-01	   6.1078777072292101e-01	   7.1422543638073943e-01	   7.9321042677855735e-01	   9.1016285975209343e-01	   7.4250008052418548e-01	   8.4715196487084832e-01	   7.9592824378290028e-01	   8.5851780414400181e-01	   3.8510037513105011e-01	   4.2092431756026683e-01	   5.0563264000126329e-01	   5.3769716462863093e-01	   7.1150093813403825e-01	   7.8376182080537327e-01	   7.6555141095379475e-01	   8.5099393671246726e-01	   4.2514651143916932e-01	   7.3902316177546346e-01	   6.5919753604383302e-01	   7.7658767584240507e-01	   3.7384551388614218e-01	   6.0803838378994857e-01	   8.7303763339153018e-01	   8.5250048169100578e-01	   8.3560971085903468e-01	   8.6286705139271191e-01	   8.3934435044770050e-01	   8.6192761064828827e-01	   7.4118113066487634e-01	   8.5655649330956785e-01	   7.3193821080037325e-01	   8.0925472284733535e-01	   6.5787121673003779e-01	   7.1697030440412912e-01	   6.6979771616766248e-01	   7.0171956118167378e-01	   8.1495553012726751e-01	   8.4818630630230885e-01	   8.1259033646404788e-01	   8.5856684907656255e-01	   7.7433808018647476e-01	   7.9735744094561911e-01	   6.2879740245038085e-01	   6.7930157485826070e-01	   6.2688921608848092e-01	   7.6957749256208141e-01	   8.4662864272435201e-01	   8.9315521155315136e-01	   7.8279201965914813e-01	   7.8642915113434397e-01	  -6.7413853064213020e-02	  -2.2951637844758618e-01	   3.6454914241266512e-01	   4.0341049494951525e-01	   3.3921235485942108e-01	   3.9914539506394014e-01	   5.9277414447773658e-01	   6.2984831101925187e-01	   5.3321480611033389e-01	   5.7825498481478121e-01	   7.3065785562397934e-01	   7.1022290941969601e-01	   7.7503179594702332e-01	   7.0517909110270793e-01	   8.3047494966766577e-01	   8.7567391413965912e-01	   7.6916182816122292e-01	   8.7318667341341338e-01	   7.3468048085790905e-01	   8.5791259933475106e-01	   4.8298896692791893e-01	   5.8796625790834622e-01	   3.4927705235164552e-01	   4.9016595759919490e-01	   5.8225204348131154e-01	   3.2983388273553260e-01	   8.0519048012181949e-01	   7.8179344877369994e-01	   8.0961288052550162e-01	   7.5769698737149049e-01	   7.6707093452408692e-01	   3.6549860542512819e-01	   6.9282107862952069e-01	   5.5804860937053113e-01	  -1.9870985612448150e-01	  -3.0859128355411852e-01	   6.6188182267592632e-01	   4.0295671295439406e-01	  -1.3642171991423788e-02	   7.5423174497990320e-01	   8.5089693776865816e-01	   8.3323531406507079e-01	   5.4779045300108897e-01	   7.1161940994265760e-01	   7.8762190104400234e-02	  -2.7656840677712646e-01	
   8.1879330652483284e-01	   7.3547338282644314e-01	   9.5942644070260019e-01	   8.8905382117810627e-01	   9.2905909249489238e-01	   8.7551440725673924e-01	   0.0000000000000000e+00	   8.8666627126665398e-01	   9.4624272057240133e-01	   9.0981866020653723e-01	   7.3111331627933440e-01	   7.4458253748402048e-01	   8.3980441782464377e-01	   7.5838608220481096e-01	   8.0792808738982913e-01	   7.8151081825132740e-01	   5.6071439224850428e-01	   4.7147355114066369e-01	   8.3692286467027088e-01	   7.9120135192680885e-01	   6.4556284900801253e-01	   6.5963106504854763e-01	   8.1607024812378981e-01	   8.1673849255753239e-01	   7.3766454108067525e-01	   8.0925119479367202e-01	   7.2389583941514923e-01	   7.7264368964108532e-01	   3.7717473700633264e-01	   3.9744590671824265e-01	   6.3341487572176958e-01	   5.7058703652472587e-01	   7.3920122183435477e-01	   7.6078285686346514e-01	   8.2103355452993232e-01	   7.9273442948409778e-01	   4.1133178757390287e-01	   6.8984750501045933e-01	   6.1500840838280801e-01	   7.0357147483572047e-01	   3.5271419210200189e-01	   6.0169443874561790e-01	   8.9139925698138978e-01	   8.5534190475871064e-01	   8.9300373351302864e-01	   8.8001648263438459e-01	   8.3016605307292102e-01	   8.3019658838798815e-01	   7.3071882153860379e-01	   7.8953720624547141e-01	   7.4670312078743517e-01	   7.1037309021209116e-01	   6.1088142554930880e-01	   7.3153031313467531e-01	   6.2133325698009045e-01	   6.6122587378232844e-01	   7.3554307232659455e-01	   7.7303885483355850e-01	   7.8473619962447971e-01	   7.9769703655124036e-01	   7.4413050137803260e-01	   6.7549176638087949e-01	   6.2271376059602002e-01	   6.5563635393579467e-01	   7.0234117143331865e-01	   6.0708647444650510e-01	   8.5819617027402573e-01	   8.6037358122820673e-01	   7.5046463659760421e-01	   7.7519007148511254e-01	  -9.5259437246805787e-02	  -2.7383427027896678e-01	   4.1513548462638283e-01	   4.1337309375950393e-01	   4.3284362119811282e-01	   4.6300829929483789e-01	   6.7958468154915463e-01	   6.7557407733528185e-01	   4.9325100498810004e-01	   5.9162318083577026e-01	   6.9215986009137920e-01	   7.0054090898007837e-01	   7.8266231278700060e-01	   6.8012515603114843e-01	   7.8937675505329508e-01	   8.4409519937464861e-01	   7.9705009693690831e-01	   8.5361264282501359e-01	   6.5946114307304016e-01	   7.2549714226465745e-01	   5.2531730822073675e-01	   6.5161238419515322e-01	   4.1386764547869875e-01	   5.6662925827388744e-01	   5.9633637197863387e-01	   3.0396032156669284e-01	   8.2518853630547628e-01	   7.8015037599689108e-01	   8.0538427520111799e-01	   7.7868785478589608e-01	   7.5806762248034532e-01	   4.4188242186078125e-01	   7.6895402355486620e-01	   6.1630833171302613e-01	  -2.2669222851058504e-01	  -3.0663172912001818e-01	   6.0913392805763111e-01	   4.1798315038470973e-01	  -3.8448288675215679e-02	   7.5768941592194350e-01	   8.7210942387934742e-01	   8.5663874085708125e-01	   5.9633395596535144e-01	   7.3095478940489533e-01	   1.2552175373857977e-01	  -2.9055970665673048e-01	
   8.2099342681941656e-01	   7.9558570346059154e-01	   8.6386890842882824e-01	   9.5768401328525787e-01	   8.1220234713490291e-01	   9.4083196431112803e-01	   8.8666627126665398e-01	   0.0000000000000000e+00	   8.4640285372482538e-01	   9.2069918582050048e-01	   7.0138367264419066e-01	   8.7271771145772692e-01	   7.7187289131072245e-01	   8.8349976761955462e-01	   7.8967713405189288e-01	   8.0822865650772169e-01	   6.2796356695156852e-01	   5.4988670229459613e-01	   8.2638041477244140e-01	   8.4342802367672354e-01	   6.0449332015938473e-01	   7.2135181686620808e-01	   7.4763922075715405e-01	   8.7906084523225902e-01	   6.8982713604146206e-01	   7.9775517642276617e-01	   7.3287732524081661e-01	   8.0279282912347005e-01	   4.2805103874075701e-01	   4.5586184499735888e-01	   5.8773160010299852e-01	   6.3412079210742722e-01	   7.6855785917430075e-01	   8.3162609886702787e-01	   7.5024047901374247e-01	   7.9532535812728433e-01	   4.1072619174682262e-01	   7.3298600537430902e-01	   6.6502946828408782e-01	   7.7476906189311312e-01	   3.9257146931809994e-01	   6.3952191013850723e-01	   8.7411089313500656e-01	   8.6260235629459303e-01	   8.4136486472333161e-01	   8.4280163796437824e-01	   8.5810579771092277e-01	   8.7449573325515317e-01	   7.0361973936309363e-01	   7.9855065304772643e-01	   6.6172741280236880e-01	   7.2164299771636753e-01	   5.7673304996513330e-01	   6.6283682490643980e-01	   6.3196055406443907e-01	   6.9260526357499375e-01	   8.1990446393342475e-01	   8.1977861764690307e-01	   7.2987296533377100e-01	   7.6926472204542162e-01	   7.3059136547702008e-01	   7.7954896320260803e-01	   6.4416753304958263e-01	   7.2956419930816563e-01	   6.3169594698416742e-01	   7.0297291240384185e-01	   7.8862469908142274e-01	   8.4040014204218605e-01	   7.1171584521033648e-01	   6.8935362734092931e-01	  -6.2125381818901014e-04	  -1.7451917738589848e-01	   4.3375740507728283e-01	   4.6191380361584272e-01	   3.8474308678826713e-01	   4.5727749660701833e-01	   6.1216437987382599e-01	   6.8090617622238858e-01	   5.4948174953080853e-01	   5.5375923695854401e-01	   7.0539793623407954e-01	   7.1729071997978588e-01	   7.6157029149062749e-01	   7.1659519604200561e-01	   7.6501426235107162e-01	   8.4743983829121627e-01	   7.3732687873292946e-01	   8.3704191776467129e-01	   6.2910401277746297e-01	   7.3965666928284790e-01	   3.6137315336390075e-01	   4.7565336579956696e-01	   2.8237623088213748e-01	   3.8873686972099819e-01	   5.5188422894044931e-01	   2.6791606470875612e-01	   8.2862122866208388e-01	   8.0226696105676099e-01	   7.4800693411376995e-01	   7.1733775129044031e-01	   6.8360888101068951e-01	   3.0968089614966909e-01	   7.0438158229617687e-01	   5.0880154509483866e-01	  -3.2919599969565072e-01	  -4.0095460455729182e-01	   5.5871228579888499e-01	   3.0588177814911272e-01	  -1.7360677984212057e-02	   7.2084661910685521e-01	   8.4075220167060716e-01	   8.1108744176976366e-01	   4.5348720755092020e-01	   6.3956934338063498e-01	   6.1250255791978153e-02	  -4.1620740747886864e-01	
   7.8949439549545330e-01	   7.5112610391070778e-01	   9.3432641541721073e-01	   8.6075755591734193e-01	   9.4870571127077130e-01	   8.6880137079136799e-01	   9.4624272057240133e-01	   8.4640285372482538e-01	   0.0000000000000000e+00	   9.3809204601893681e-01	   7.4940102380627105e-01	   7.6400504989235674e-01	   8.3898207741360786e-01	   7.4167240829256031e-01	   8.1941266241518385e-01	   7.9385621156061992e-01	   6.1011147931266674e-01	   5.3873588810118778e-01	   8.2827940436511827e-01	   7.6789348446125283e-01	   6.5872586161243074e-01	   6.7874825037555475e-01	   8.3306551986335120e-01	   7.8911000279192156e-01	   7.8364212190702154e-01	   8.4126845605325284e-01	   7.3441984441896224e-01	   7.5717477329880167e-01	   4.1029492834140635e-01	   4.3824752647173687e-01	   6.2517247187138336e-01	   5.4637405606179024e-01	   7.3179637833198796e-01	   7.4095787811253699e-01	   8.2965530978390423e-01	   7.8315522579803165e-01	   4.8078168409720778e-01	   7.0247849172990806e-01	   6.2644069978547978e-01	   6.8907025598617211e-01	   3.9449999625300292e-01	   5.8865932204510862e-01	   8.7528916557059644e-01	   8.3533916784260309e-01	   8.6225106966092668e-01	   8.6491171871814898e-01	   8.0816690356709076e-01	   8.1062871485163090e-01	   7.5786271920653481e-01	   7.9766318802277991e-01	   8.0218493556806481e-01	   7.4311419942519852e-01	   6.5168627991165962e-01	   7.5365666378998064e-01	   6.4463477946859782e-01	   6.6195364528501643e-01	   7.4977628784215078e-01	   7.8896756772118504e-01	   8.0251691581782625e-01	   8.0823921416633593e-01	   7.5991984873546214e-01	   6.9926293793600469e-01	   6.5687740397011207e-01	   6.5762888667060704e-01	   7.4535480305479063e-01	   6.4685129190641377e-01	   8.8420789339740136e-01	   8.6266280495807812e-01	   7.8444272252780278e-01	   7.9114790595892637e-01	  -2.1344211621414400e-01	  -3.5825756148185051e-01	   4.5330876928746172e-01	   4.6967125622634209e-01	   4.3518174454793074e-01	   5.0076656920807860e-01	   6.1387678468861495e-01	   5.7739674751461234e-01	   5.5546025906362650e-01	   6.3962899787771321e-01	   7.3796324470776520e-01	   7.1242317685366308e-01	   7.6186031885082073e-01	   6.3350370721282867e-01	   8.4380481757134884e-01	   8.6624152762138951e-01	   7.6076601727095294e-01	   8.2256286322879968e-01	   7.1803273338879403e-01	   7.6008781791468139e-01	   5.2787965806033021e-01	   6.5667858582477978e-01	   4.0411426361843128e-01	   5.4349914778387898e-01	   5.5249709015338189e-01	   3.1043364115982619e-01	   8.0528489460679897e-01	   7.3742701149765844e-01	   7.9671952638026489e-01	   7.7319151548363418e-01	   6.8769000958186832e-01	   4.0622725001083188e-01	   7.5459124094330932e-01	   5.7780997687770908e-01	  -1.8427240855473420e-01	  -2.6525381365871264e-01	   6.3300807019794170e-01	   4.1774338538827649e-01	  -1.2120201846285089e-02	   7.1217598949833982e-01	   8.3784418305743080e-01	   8.5620048610680555e-01	   5.7580122626248864e-01	   7.3010526233525030e-01	   1.2034106660928079e-01	  -2.5846251751458155e-01	
   8.0499331971424959e-01	   7.8718898439188734e-01	   8.9297456146994003e-01	   9.0367964696882541e-01	   8.8238793320746911e-01	   9.2050342589056866e-01	   9.0981866020653723e-01	   9.2069918582050048e-01	   9.3809204601893681e-01	   0.0000000000000000e+00	   7.2921664317144741e-01	   8.1862206550457661e-01	   8.0666125599401450e-01	   8.2106374612328281e-01	   8.0354970118077240e-01	   8.0129730867686622e-01	   5.9332322405965954e-01	   5.2040468314613264e-01	   8.2049750563277490e-01	   7.9621392882198649e-01	   6.1184278624677857e-01	   6.8902721781058518e-01	   7.7286781863739618e-01	   8.1801776648485525e-01	   7.4443999497986979e-01	   8.3316408449949297e-01	   7.2637340961337038e-01	   7.7969360502308616e-01	   3.7240675050169136e-01	   4.0924550509888591e-01	   5.5914358271678610e-01	   5.3637535103804690e-01	   7.2225978765490351e-01	   7.5710494586910815e-01	   7.8640854018781203e-01	   7.9672420691212642e-01	   4.7014954089941491e-01	   7.4793993020784355e-01	   6.3364498268277125e-01	   7.1420468730662701e-01	   3.7717086960134849e-01	   5.7098707968988438e-01	   9.0679047807037894e-01	   8.8117645059007987e-01	   8.6103491476176852e-01	   8.6656339274670091e-01	   8.6396110336712406e-01	   8.7470522134093553e-01	   7.6979642910087520e-01	   8.3393423308843029e-01	   7.6554433352424511e-01	   7.6803546926528243e-01	   6.5828459007434548e-01	   7.4531502057800103e-01	   6.6825586011126425e-01	   7.1541872022668862e-01	   7.9622733095447717e-01	   8.1950412566966868e-01	   7.9251850713819216e-01	   8.2346321622357188e-01	   7.6617076153781194e-01	   7.9996464610335871e-01	   6.3658276578135931e-01	   6.6895109612932591e-01	   6.9456088477731315e-01	   7.1096949458949510e-01	   8.6395174536394337e-01	   8.6815213382420842e-01	   7.8499398971577272e-01	   7.9035105033751596e-01	  -2.2247781453970680e-01	  -3.5589996505465488e-01	   3.9738148223442121e-01	   4.4463174510239084e-01	   3.4854928903945903e-01	   4.6121964176045793e-01	   5.6579156750349058e-01	   5.9337208658009499e-01	   5.3382294825770993e-01	   5.9308154155226789e-01	   7.0257110950471668e-01	   6.9318886884924080e-01	   7.4167939821973750e-01	   6.2306892165315075e-01	   8.2078234745510348e-01	   8.7651220167614130e-01	   7.3394017190908323e-01	   8.3351882684323142e-01	   6.9201474302847787e-01	   8.0795056564823886e-01	   4.7142027019197663e-01	   6.0634333217504155e-01	   3.8649529705801555e-01	   5.0080996572948222e-01	   5.9221638554134093e-01	   3.0674388982010725e-01	   8.3766021099600185e-01	   7.8162398266853417e-01	   7.8387984219920770e-01	   7.6752067478068553e-01	   6.8515279000900664e-01	   3.5602587707695965e-01	   7.3823022810341743e-01	   5.7987215892936794e-01	  -2.2054531503079097e-01	  -2.9122992820452226e-01	   6.7359179050839879e-01	   3.9136135653752935e-01	   3.8606268882527471e-04	   7.3919164746962718e-01	   8.5954426123238614e-01	   8.5590616325064550e-01	   5.3549944629635071e-01	   7.4271317427336414e-01	   1.6767528245661134e-01	  -3.0575808296788481e-01	
   8.6393228580715742e-01	   7.8475685975503806e-01	   7.1025946698911846e-01	   7.5087636963924642e-01	   7.1443233563725039e-01	   7.7019118778653328e-01	   7.3111331627933440e-01	   7.0138367264419066e-01	   7.4940102380627105e-01	   7.2921664317144741e-01	   0.0000000000000000e+00	   8.1757099148219647e-01	   9.1857608429620230e-01	   8.3806644054654000e-01	   9.0713005573283334e-01	   8.3375453780877695e-01	   8.0554988814459483e-01	   6.1191308197595362e-01	   7.9942220440556233e-01	   7.3039112589494304e-01	   6.8035854908879267e-01	   7.0445246035947195e-01	   7.1701559979053453e-01	   7.6838624982663117e-01	   7.3161799696654528e-01	   7.6845949305456651e-01	   7.3162107228645223e-01	   7.6627522353780186e-01	   5.8030093515764614e-01	   5.5687876324538021e-01	   5.4304548589824919e-01	   5.5937678465029206e-01	   7.0632690001521847e-01	   7.4748427272073326e-01	   7.1198974260838921e-01	   7.7624572483948229e-01	   4.1982738307392731e-01	   6.7126086561495313e-01	   5.2294640524648783e-01	   6.3187180705459589e-01	   4.0949519720413591e-01	   6.2213696274855135e-01	   7.6667516644491762e-01	   8.0507984343604488e-01	   7.5532117143661037e-01	   8.1012104867752877e-01	   7.2519336616346508e-01	   7.6181326542905259e-01	   6.8916848106132389e-01	   7.7624267527761992e-01	   6.5032526212514241e-01	   7.2986849169602630e-01	   5.6582112233464521e-01	   5.9064005199825753e-01	   5.6813323376136426e-01	   5.1459237007383718e-01	   7.2176939930561623e-01	   7.8916272759693018e-01	   6.9771492738381369e-01	   7.1229893035327507e-01	   7.2773128251625097e-01	   6.1690478556439921e-01	   7.2129004239657069e-01	   6.3863136011688715e-01	   5.2803674504206943e-01	   6.1190419185921796e-01	   7.1629647857781786e-01	   7.1706422504278189e-01	   6.8950878911650415e-01	   6.6507378997395550e-01	  -1.0294347369177051e-01	  -2.5916250915485134e-01	   5.1332848024959954e-01	   5.3023715956277184e-01	   4.5006410694170307e-01	   4.9787201905043499e-01	   3.5487818279417238e-01	   3.6879618580740209e-01	   5.4715586482595402e-01	   6.0466975000969325e-01	   7.3920022662296558e-01	   7.1079795555217329e-01	   7.7865378657544015e-01	   6.8804188143894796e-01	   8.8192768089067763e-01	   7.9896332359187183e-01	   6.2921395622344933e-01	   7.4664032035396521e-01	   6.5390294538660743e-01	   6.8126959592536751e-01	   3.5565552540659806e-01	   4.3028968923686067e-01	   1.1507566790710190e-01	   3.1685075994897816e-01	   4.4897750706326917e-01	   1.7297001483781602e-01	   7.3877737164027146e-01	   6.7148544705797297e-01	   6.9530696377719914e-01	   6.0889588097529768e-01	   5.0863485770095263e-01	   4.1458622511122556e-01	   4.2805027879944468e-01	   4.5957375470352879e-01	  -2.1329900918824879e-01	  -3.4447773741245008e-01	   4.0765064714882515e-01	   2.0472670093900364e-01	  -6.8669138281490516e-03	   6.4670948075836465e-01	   7.3534222448183417e-01	   7.0445417735304439e-01	   3.7590429371524858e-01	   5.4544914656653631e-01	  -4.3181911903043715e-04	  -3.1338687731093218e-01	
   8.5970617031726060e-01	   8.6452831231598959e-01	   7.4120852342561150e-01	   8.3079135560377226e-01	   7.5382819170608184e-01	   8.3951038077467066e-01	   7.4458253748402048e-01	   8.7271771145772692e-01	   7.6400504989235674e-01	   8.1862206550457661e-01	   8.1757099148219647e-01	   0.0000000000000000e+00	   8.0628600722888022e-01	   9.1519797236564560e-01	   8.3509682850333322e-01	   8.5314246104500735e-01	   8.0883654866218968e-01	   7.2515090177481756e-01	   8.3979994278236980e-01	   8.3127713131208059e-01	   6.7469665465595163e-01	   7.2432198606240306e-01	   7.5449321510957812e-01	   8.3957152745467212e-01	   7.4288711487600012e-01	   8.1503381251301954e-01	   7.6055171991011106e-01	   7.7319127013994504e-01	   6.4463740191368557e-01	   6.4464874978623121e-01	   5.7800235962623103e-01	   6.5463722433731619e-01	   7.7253249375209188e-01	   8.3048147241637604e-01	   6.4465114371006105e-01	   7.1969326198970229e-01	   4.9885383615989332e-01	   7.9271931795773343e-01	   6.3632301804336655e-01	   7.5704555841912768e-01	   4.6364885476152129e-01	   7.0145640844125468e-01	   8.3577029124521762e-01	   8.6839647957433974e-01	   7.9265596444238562e-01	   8.2237548770425661e-01	   8.2562248877781574e-01	   8.5191728018734580e-01	   7.3127265675220132e-01	   7.9690615305695056e-01	   6.4278594387208854e-01	   7.3034214799763875e-01	   5.7942179206976285e-01	   6.2870686592250014e-01	   6.3810768615964097e-01	   6.5637958762275272e-01	   8.5451842024510771e-01	   8.4416529218537151e-01	   7.0543495052987248e-01	   7.1100538228432564e-01	   7.7085648403050533e-01	   7.8695020139409166e-01	   7.7529979092134882e-01	   8.0010251339509209e-01	   6.0783227626945768e-01	   6.8088325353633827e-01	   7.3297123115931395e-01	   7.6253242151036082e-01	   6.6766721646150118e-01	   6.2817626175780794e-01	  -9.8771038165258868e-02	  -2.5644595002479309e-01	   5.3412350445678869e-01	   6.0331305501481991e-01	   4.1693865014666093e-01	   5.4897799217883447e-01	   4.2458933079089700e-01	   4.9586752648623478e-01	   6.4934135452255970e-01	   6.0896951478802708e-01	   7.5617791521221278e-01	   7.5317293127489815e-01	   7.9501182062575337e-01	   7.1875614804447130e-01	   8.1088648078793790e-01	   8.4460415077979034e-01	   6.7390613834817303e-01	   7.9487222356133014e-01	   6.0595545486030955e-01	   6.8583388212746954e-01	   2.6206371350153229e-01	   3.4727555328814386e-01	   9.6269293164756131e-02	   2.1572882260329374e-01	   4.3792351488755954e-01	   8.2923225386534752e-02	   7.8779804285446164e-01	   7.3598841247134872e-01	   6.8370618867430544e-01	   6.4086827870722585e-01	   4.5640704060420090e-01	   2.3243326745205950e-01	   4.8755169319553038e-01	   4.2144934458654976e-01	  -3.3305980931892676e-01	  -4.3390872020080362e-01	   3.7865152328412149e-01	   1.0088717758691530e-01	  -5.5260580321337988e-02	   6.2434257677474569e-01	   7.6595317751182790e-01	   7.3209271211247573e-01	   3.3408251216046947e-01	   5.3403077667179799e-01	   1.8976927720232635e-02	  -4.4290533245329128e-01	
   8.6609446459263983e-01	   7.8528922615327379e-01	   8.3117718542852759e-01	   8.1441565130526006e-01	   8.1092771051719992e-01	   8.2467492748428506e-01	   8.3980441782464377e-01	   7.7187289131072245e-01	   8.3898207741360786e-01	   8.0666125599401450e-01	   9.1857608429620230e-01	   8.0628600722888022e-01	   0.0000000000000000e+00	   8.5406507128589593e-01	   9.2001151003290815e-01	   8.2720393184071472e-01	   7.2216086189866791e-01	   6.1499462646109693e-01	   7.9521939121481577e-01	   7.0528458960822660e-01	   7.8004811137855889e-01	   7.4592720722733397e-01	   8.3230010568765689e-01	   8.3026933097221267e-01	   8.3499294042355676e-01	   8.6172427834867948e-01	   8.4106254709078621e-01	   8.5831436309801057e-01	   5.2063096073873072e-01	   5.1204852038390958e-01	   6.0938320434893400e-01	   5.6653481353921686e-01	   6.5339429855057296e-01	   7.0040470671339783e-01	   8.0171300463328332e-01	   8.3230352407628749e-01	   4.4246752217883817e-01	   6.9068003625159236e-01	   5.9768262547097750e-01	   6.9129358069326285e-01	   4.1913843713285837e-01	   6.1562864913505355e-01	   8.4595472190068344e-01	   8.6144088108674532e-01	   8.5186813743141876e-01	   8.6773333850437673e-01	   7.8156594804391344e-01	   8.1842234109752854e-01	   7.5546102883616451e-01	   8.4367613036191469e-01	   7.4388352339816088e-01	   7.7998812910856796e-01	   6.1361480844539562e-01	   6.8272397853836542e-01	   5.9646711788436180e-01	   5.8643388289244269e-01	   7.2687589914377837e-01	   7.9009646273528988e-01	   7.6121844204348021e-01	   7.8203769408416024e-01	   8.2526986508521016e-01	   6.9354356991759003e-01	   7.2781822486035264e-01	   6.8581786723849025e-01	   6.7857879119566811e-01	   6.8445973378911018e-01	   7.4033974190560081e-01	   7.3782810347163719e-01	   6.7845699821584005e-01	   6.7553494776143808e-01	  -9.8962689077244481e-02	  -2.7841435149169608e-01	   4.5222924444995805e-01	   4.6521818012020688e-01	   4.2802608582873314e-01	   4.7596767111454452e-01	   4.3041368976218142e-01	   4.5774086232237388e-01	   6.0219590413197088e-01	   6.3831108829641614e-01	   7.3678211829633355e-01	   7.1177700245265063e-01	   7.9115385592533971e-01	   6.4957946845621650e-01	   8.6786821540233983e-01	   8.2081747599731281e-01	   7.5456562264806082e-01	   7.8990054507637386e-01	   7.3233872168151537e-01	   7.4246129263343064e-01	   3.8816651777194056e-01	   4.7552609260343148e-01	   1.5842845675760836e-01	   3.5692265663913142e-01	   4.5605179389389416e-01	   1.5219567585571997e-01	   7.7336510028417815e-01	   7.1155182292258667e-01	   7.3975700077516016e-01	   6.5422805385748961e-01	   6.0011258517187460e-01	   3.7305398550898899e-01	   5.0507365189621967e-01	   4.6785080930831052e-01	  -2.7781002386311077e-01	  -3.8516658197281051e-01	   4.3789661767902827e-01	   2.0705757095095875e-01	   1.8515239971659957e-02	   6.9740373197110606e-01	   7.8043609507234313e-01	   7.6465280169970495e-01	   3.8338943879987797e-01	   6.0350745220625801e-01	  -1.2356314316190900e-02	  -3.5111299829933584e-01	
