   0.0000000000000000e+00	   9.0641827118293339e-01	   8.7049561593975733e-01	   8.3743452770768179e-01	   7.2166656486246605e-01	   6.8142235277406926e-01	   8.1641148406639141e-01	   8.3734443899645927e-01	   6.8633134086615777e-01	   7.9271038255400395e-01	   8.8856782583088734e-01	   8.5396567819229574e-01	   8.1907316181789214e-01	   8.3482108207784989e-01	   7.8819746078116193e-01	   7.8858047970186340e-01	   5.9513503677350010e-01	   5.7697984802862590e-01	   7.8725475357614405e-01	   7.1366307494184600e-01	   7.4226259462561472e-01	   6.5603748403177087e-01	   7.3046982907476710e-01	   7.9728622392698167e-01	   7.2822886874139070e-01	   7.2881936654216406e-01	   7.4579245197799504e-01	   7.1647998708879301e-01	   5.1809249962259984e-01	   5.9580112871032520e-01	   6.9670149334315234e-01	   7.1487110768834394e-01	   8.3395526096757722e-01	   8.4165340646527653e-01	   7.6286606241374333e-01	   7.5185704467216641e-01	   6.7474762838852476e-01	   6.4898495782710541e-01	   8.3581392399163790e-01	   7.9885068081160249e-01	   7.6923443132769331e-01	   7.5929544972730389e-01	   8.1505723285756027e-01	   7.6263562475966085e-01	   7.8488592894293530e-01	   7.7255424052553590e-01	   7.7024348497380546e-01	   8.4569438071996883e-01	   8.2897608034071624e-01	   8.1589433394073185e-01	   8.5683242445250429e-01	   7.9258257963235179e-01	   8.0338301950787872e-01	   8.2363177619084904e-01	   8.4100212537233610e-01	   8.2742171896646854e-01	   9.1509534304238527e-01	   8.3565283092467912e-01	   8.6549199703039748e-01	   8.7766976947652908e-01	   8.1540966315598729e-01	   8.0712302886477816e-01	   5.8948390415308172e-01	   7.8223977524123156e-01	   7.5086571331012719e-01	   8.2513820914845515e-01	   8.7304636557386217e-01	   8.5470909901549641e-01	   4.7104681835787449e-01	   7.1684434771889149e-01	   4.6323873615121147e-01	   4.8240945060443646e-01	   7.2868423415897032e-01	   7.2570377145814535e-01	   7.5894205906615952e-01	   7.2862844345698297e-01	   8.5006180049746094e-01	   8.1443710875528730e-01	   3.9250938191046680e-01	   6.5676488920082621e-01	   6.4441255132957020e-01	   8.8473779665305252e-01	   8.5975680597060611e-01	   8.2582744977842926e-01	   9.1508492974350331e-01	   8.6389974878622589e-01	   7.2618672351617497e-01	   7.6829228886745804e-01	   8.9124118496507276e-01	   8.8352199366315332e-01	   7.4319135911904088e-01	   7.1010377166796101e-01	   5.8756503900703883e-01	   5.8088284757716147e-01	   4.0413633473930999e-01	   5.4907379096546816e-01	   7.5219253920063178e-01	   8.3214830394208716e-01	   7.1813183770465527e-01	   7.5228377338426489e-01	   7.0769328241006457e-01	   6.9958673531901672e-01	   7.5892759841065149e-01	   6.4445010611630982e-01	   7.1650084233828115e-01	   6.8437383668854479e-01	   7.6872098542139655e-01	   7.2151021991941566e-01	   2.2508554412581167e-01	   4.9681081028301555e-01	   4.9225046037918851e-01	   7.1131856650935943e-01	   7.3505673151161477e-01	   8.2472012220098057e-01	   7.6623404436330866e-01	   5.8031058796389333e-02	
   9.0641827118293339e-01	   0.0000000000000000e+00	   8.2751946216537164e-01	   8.5037954308736530e-01	   6.9896011140541603e-01	   6.9634023544882018e-01	   7.7222300271310307e-01	   8.0529488339694910e-01	   6.8776390444583158e-01	   7.7384800347779736e-01	   8.3434333185762077e-01	   8.5948340782395771e-01	   7.6676142545824044e-01	   8.0627081959772751e-01	   7.5027090158614906e-01	   7.9555559176928925e-01	   5.6849515521828220e-01	   6.4646247436688709e-01	   6.8675421414319238e-01	   7.0356171131572875e-01	   7.5628990617270131e-01	   6.6159081838353417e-01	   7.0597075160427425e-01	   7.8875561679584827e-01	   7.6597863339924399e-01	   7.7575234039767860e-01	   7.3688795978276167e-01	   7.1687821135183716e-01	   5.4685552794828329e-01	   6.5823365950188606e-01	   7.1713757943258849e-01	   7.4056989509081461e-01	   7.8678086403486380e-01	   8.2173973217539908e-01	   7.5701457599553845e-01	   7.6369731332804269e-01	   7.6658733327145256e-01	   7.3781650138842458e-01	   8.5663449581737305e-01	   8.4407390482153177e-01	   8.6592916207470427e-01	   8.3335693461305960e-01	   8.0075788373361356e-01	   7.7106114928089919e-01	   8.2505772394643639e-01	   8.1376712142403096e-01	   7.9783461906517283e-01	   8.8002015660877442e-01	   8.4578576260811555e-01	   8.6745976507982125e-01	   8.8677744578882889e-01	   8.3498585877483467e-01	   8.5611051255778858e-01	   8.4796659270731456e-01	   8.8935010685190086e-01	   8.7881657940203217e-01	   8.2935871651169546e-01	   8.9685695462363735e-01	   8.7460471516867611e-01	   9.0600292149529915e-01	   7.8497277485629857e-01	   7.7669994779418750e-01	   5.2735224913332912e-01	   7.4653147688842980e-01	   7.4055782532083447e-01	   8.0719564316959769e-01	   8.4412881129988537e-01	   8.5509807647117531e-01	   4.0233079144922973e-01	   7.3323210446439369e-01	   4.6111359403180646e-01	   5.2798547090202264e-01	   7.3979047411568299e-01	   7.5495886697450731e-01	   7.3403084427058252e-01	   7.1337571024982438e-01	   8.5574333804427161e-01	   8.5479451746992718e-01	   3.3375418715493199e-01	   6.8671305399619409e-01	   5.8584611067987202e-01	   8.8917538257382134e-01	   8.8681209300335018e-01	   8.8734039569383205e-01	   9.0822466949609726e-01	   8.8840404279527596e-01	   7.7643664732946305e-01	   7.9552801764169423e-01	   8.8586846784092355e-01	   8.7268348987199484e-01	   7.8575261684037201e-01	   7.4131514955625111e-01	   6.0084369037136454e-01	   5.6401619966440086e-01	   3.9811580046534034e-01	   6.0276574332985833e-01	   8.1353804364688187e-01	   8.5865766744454364e-01	   8.0104149847023964e-01	   7.9560565237102965e-01	   6.8899402137572441e-01	   6.9218246834998909e-01	   7.8625879361728068e-01	   6.4860838170106960e-01	   7.1578793349520220e-01	   6.5982475926676143e-01	   7.3178283027298374e-01	   7.1704815942000244e-01	   2.1161704589142849e-01	   5.2549799753726523e-01	   5.2795306060419378e-01	   7.9225593521241577e-01	   7.9935003811268746e-01	   7.9314927322057316e-01	   7.4634874793311812e-01	  -3.3579278207069359e-02	
   8.7049561593975733e-01	   8.2751946216537164e-01	   0.0000000000000000e+00	   9.2111941142866016e-01	   8.2334635248023813e-01	   7.7628457030622144e-01	   9.3144590221728851e-01	   8.8139908693353219e-01	   8.2232759197551986e-01	   8.2811283455037221e-01	   8.3911114411481225e-01	   7.8579746667261086e-01	   8.4974247585492291e-01	   8.5524417684538423e-01	   8.5649308804709956e-01	   8.9486921962361565e-01	   2.8680940167582081e-01	   3.1591004396167555e-01	   7.5285227394805854e-01	   7.0385493079979988e-01	   8.1843860239877075e-01	   7.3127820324305970e-01	   9.0515468572022739e-01	   9.2787570484296211e-01	   8.8659429854647842e-01	   8.8037152533803997e-01	   8.0970544524747456e-01	   8.0888399953153611e-01	   3.8075008555494683e-01	   4.6415979466035340e-01	   8.6584263412614904e-01	   8.3867671616060402e-01	   9.1349496952038522e-01	   9.0546479471346952e-01	   8.4716707535185876e-01	   8.7986198847323793e-01	   6.7726525319904862e-01	   6.3393262236420223e-01	   8.6309333370707308e-01	   8.2209582308324936e-01	   7.8993538497081883e-01	   7.4151634280787382e-01	   7.1618438633307191e-01	   6.2373130550722733e-01	   7.4514477834327997e-01	   7.3019708941422556e-01	   6.5839035107471300e-01	   7.5445447116347497e-01	   8.3308555229069203e-01	   7.2709642249132200e-01	   8.5115161555612295e-01	   7.2147000024434760e-01	   7.3282534353396889e-01	   7.7888033827029857e-01	   7.7100388235151218e-01	   7.4162358592098698e-01	   7.1007452203368704e-01	   7.4049538020088201e-01	   8.7872641184961231e-01	   8.5605865945686122e-01	   8.4652501677885583e-01	   8.2740546197793052e-01	   4.5970502267459501e-01	   6.9675935738466865e-01	   9.0471790199857383e-01	   8.9402423680696697e-01	   9.3346608783129326e-01	   8.7611660505857503e-01	   4.9093693154621765e-01	   7.6090325159534977e-01	   4.8043227358228224e-01	   5.4621789007373844e-01	   6.2502877687909009e-01	   6.0986245984577836e-01	   6.6307959763663904e-01	   6.1860629525067190e-01	   8.0268125890245279e-01	   7.5933418264936703e-01	   1.5461857910745899e-01	   4.7899872736301763e-01	   4.1977101437116204e-01	   7.6799924755178828e-01	   9.0987963468666055e-01	   8.6494109016406573e-01	   9.3990117224630820e-01	   8.8040489177249937e-01	   7.5748270973311493e-01	   8.2036561980464850e-01	   9.2201917766441688e-01	   9.2563874732914742e-01	   7.2583067725812977e-01	   7.4568581317050908e-01	   6.5459990683574087e-01	   7.0743486421573532e-01	   4.7809967060359548e-01	   5.4001635945060167e-01	   7.1383394717366799e-01	   7.9528465084044486e-01	   5.9960747408113324e-01	   6.3507266912460747e-01	   7.1592482124145329e-01	   7.5462578328398511e-01	   7.8822544387945825e-01	   6.7054332605894107e-01	   7.4735766856196340e-01	   7.2722490485661129e-01	   6.3226655981334490e-01	   7.1711868203653895e-01	   2.8312952790664914e-01	   5.2397914878233776e-01	   4.5110551834773571e-01	   5.6283245160220141e-01	   7.0445608415921324e-01	   7.8655812262222247e-01	   7.2897605783423036e-01	   6.8307379209516100e-02	
   8.3743452770768179e-01	   8.5037954308736530e-01	   9.2111941142866016e-01	   0.0000000000000000e+00	   8.5799867393893825e-01	   8.7123353113251290e-01	   8.9336346992726678e-01	   9.1767046618792514e-01	   8.2121110617311821e-01	   8.8452346922155978e-01	   8.1006938873650070e-01	   8.4194815798277756e-01	   7.7441812235326335e-01	   9.0193898767618674e-01	   7.8499951290545089e-01	   9.2408300664769760e-01	   3.7677459023169746e-01	   4.0985026197447649e-01	   7.2746829958536352e-01	   7.3369599042420819e-01	   8.3857750912869444e-01	   7.9069604284995854e-01	   8.3557983314483764e-01	   9.2946248919951080e-01	   8.7146032320656697e-01	   8.8734520414434503e-01	   7.7372144949857924e-01	   8.0489046659848873e-01	   4.4061851989094825e-01	   5.4816683168051483e-01	   7.9587345146764821e-01	   8.6105784004947317e-01	   8.7617338317243054e-01	   9.1981292383823487e-01	   7.6326239239865723e-01	   8.6337500347148055e-01	   6.5863013705000761e-01	   6.5664225599438297e-01	   8.4719245269796972e-01	   8.2356573538836830e-01	   7.9930082323992035e-01	   7.8505747254906688e-01	   7.3299581073591402e-01	   6.6509467067534822e-01	   8.0160837984862054e-01	   8.2188819783696410e-01	   7.0718287682836634e-01	   7.8438977945286492e-01	   8.4748844288526259e-01	   8.1768018141397603e-01	   8.6575475801600987e-01	   7.9428058888391284e-01	   8.1353070502931812e-01	   8.1816405040647489e-01	   8.0904164494032660e-01	   7.9238705787826746e-01	   7.0928462288633720e-01	   7.6905204900926316e-01	   8.3850027170118147e-01	   8.8960816715534274e-01	   8.4090401717472196e-01	   8.7145370648773268e-01	   5.4442314499045985e-01	   7.9344676064792385e-01	   8.4714953158731898e-01	   8.6962897024886432e-01	   9.1693847620426050e-01	   9.0988340770249032e-01	   4.5019310511308491e-01	   7.1342813136877847e-01	   4.4216016846176109e-01	   5.6957691298594826e-01	   6.9043707741954863e-01	   6.8871261783496607e-01	   6.6833345662414478e-01	   6.2472586864201518e-01	   7.9597542182817027e-01	   7.8297423971657354e-01	   2.5569370606596653e-01	   5.2127729571021120e-01	   5.0945879780568004e-01	   8.1110319124499708e-01	   8.8052865985698836e-01	   8.9186993215628707e-01	   9.2162495792425592e-01	   9.2396035927987152e-01	   6.8303914632287654e-01	   7.6019614251601975e-01	   9.0465239503319261e-01	   9.2019135246065120e-01	   7.7991656742853810e-01	   7.3270260621230854e-01	   6.9865671440957100e-01	   6.3579761040529548e-01	   4.7087265031927300e-01	   5.4334846743176413e-01	   7.4301147705208870e-01	   8.0908925248629560e-01	   6.8867823419428698e-01	   6.9747042612335375e-01	   7.5980294845982554e-01	   6.9264859875433904e-01	   8.1809740661172958e-01	   6.4906627754975865e-01	   7.8899991390422997e-01	   7.0953429268315338e-01	   6.3092822666758797e-01	   6.7644900569147759e-01	   3.2642249331862305e-01	   5.0684689424542384e-01	   4.7900243410855387e-01	   6.5217637754845281e-01	   7.5067298101323665e-01	   7.9194670109468435e-01	   6.9437884937248295e-01	   7.5666729983921210e-02	
   7.2166656486246605e-01	   6.9896011140541603e-01	   8.2334635248023813e-01	   8.5799867393893825e-01	   0.0000000000000000e+00	   9.0188970916751188e-01	   8.0489120575480211e-01	   8.2006414836154895e-01	   8.9485843112225250e-01	   8.9598592658450549e-01	   7.6131820493772340e-01	   7.2235253059865845e-01	   7.4461662104204240e-01	   8.0965186115261967e-01	   7.6521572350705336e-01	   8.7679535712902246e-01	   2.8707128150397682e-01	   3.2157677483320751e-01	   6.1518506917540672e-01	   6.1665621315216623e-01	   8.0654028981150172e-01	   8.2224369279336429e-01	   7.6932052909468351e-01	   8.4891679659320785e-01	   8.6651932808567400e-01	   8.7701021218851305e-01	   7.2080573800945835e-01	   8.0825554173416869e-01	   3.4806525601443472e-01	   4.3218270837481088e-01	   7.5336595889759606e-01	   7.9635134235209271e-01	   8.0919048627995382e-01	   8.3539489093901376e-01	   6.7461252172980712e-01	   8.0524360873687029e-01	   5.5843958842408459e-01	   5.2869600716350162e-01	   7.3935312577879342e-01	   6.5760004033061381e-01	   6.6466707328187291e-01	   6.2135035860781496e-01	   6.2383536994942435e-01	   5.5574507103031401e-01	   6.4198460374688648e-01	   6.7741718537182294e-01	   5.5128856562744932e-01	   6.2065647868386797e-01	   7.3178113285711199e-01	   6.7182369918725460e-01	   7.4468486616340113e-01	   7.0545414541226292e-01	   6.5349876641465343e-01	   6.9543411232110453e-01	   6.4350336492547322e-01	   5.9966294751158777e-01	   6.3314748352918659e-01	   6.4402868609587494e-01	   7.3556661630193454e-01	   7.6141247499449161e-01	   7.7839380941881653e-01	   8.2116995532177084e-01	   3.7823712614015287e-01	   6.5549357002384001e-01	   8.3440168279998572e-01	   8.4058186517125888e-01	   8.1955162763559897e-01	   7.9020218374802709e-01	   3.9581564587660434e-01	   6.3161956219604631e-01	   3.9090647654490551e-01	   5.0204686476630322e-01	   5.4070522426926093e-01	   5.3603100273044779e-01	   5.2616087650351984e-01	   4.9122691744627017e-01	   6.3629511233838354e-01	   6.0887743966458552e-01	   2.8876345139992377e-01	   4.3932954605410496e-01	   4.8101453620270418e-01	   7.0327413075117184e-01	   7.7381412437352559e-01	   7.4000065169671558e-01	   8.5634550750650262e-01	   8.4415419313772189e-01	   4.8479360246580949e-01	   5.6962660967041900e-01	   8.4046258945047336e-01	   8.3904333720130431e-01	   7.1235446183740403e-01	   6.9863422483335191e-01	   7.2160092799606845e-01	   6.7569233489991753e-01	   4.2686503082136074e-01	   5.3317540989910872e-01	   5.6806063341427238e-01	   6.4071711138551857e-01	   5.2646349300576190e-01	   5.9509315274355623e-01	   7.3494603760628030e-01	   7.6455161850439457e-01	   7.2432685778499351e-01	   5.9647644212410222e-01	   7.3932619182407122e-01	   6.6546247744052256e-01	   4.6482058960725253e-01	   4.7540806356178195e-01	   2.8806698021621036e-01	   4.1150809934856247e-01	   3.8833541073205596e-01	   5.7673282176766372e-01	   7.3943400296985939e-01	   7.1388870728450082e-01	   6.3042408884116841e-01	   2.1084107361417473e-01	
   6.8142235277406926e-01	   6.9634023544882018e-01	   7.7628457030622144e-01	   8.7123353113251290e-01	   9.0188970916751188e-01	   0.0000000000000000e+00	   7.8350818871881334e-01	   8.3683324172422946e-01	   8.0882793392340524e-01	   9.3460908108297436e-01	   6.9774167903688067e-01	   7.5517127105127357e-01	   6.3617699640521153e-01	   8.0586268022628516e-01	   6.0114810602339697e-01	   8.5522786366828507e-01	   2.7957889601061298e-01	   3.2398992863980675e-01	   5.8411778107086221e-01	   6.3968985850493987e-01	   8.2133576396298491e-01	   8.0782136137863914e-01	   6.7524825662159693e-01	   8.2448106483053740e-01	   7.7823989844299080e-01	   8.1721633058540277e-01	   6.4533502713108937e-01	   7.7226175749136683e-01	   3.2782328958146689e-01	   4.4783907493671998e-01	   6.8154774443771327e-01	   7.8416570485771009e-01	   7.7593295131064166e-01	   8.1660003227858347e-01	   5.9187762155475321e-01	   7.6331474190142801e-01	   4.7686722329578041e-01	   4.9263069567276652e-01	   6.8945177451779194e-01	   6.7873765741747016e-01	   6.2773235321862231e-01	   6.6274711466545710e-01	   6.6421384955188301e-01	   6.0122688838716698e-01	   7.1237916138061641e-01	   7.5585679698169650e-01	   6.1751166189651530e-01	   6.7889076388386860e-01	   7.7306539313075129e-01	   7.4071981829082345e-01	   7.6626403010025568e-01	   7.6604196928293611e-01	   6.9907334097868012e-01	   7.3462810162141579e-01	   6.8353931854180239e-01	   6.6580784082670297e-01	   5.7913937625976963e-01	   6.1073444040078695e-01	   7.3372232300388363e-01	   7.9251724715657190e-01	   7.6864439007102758e-01	   8.5026060311770346e-01	   3.6063764275433685e-01	   6.3660936536731660e-01	   7.5002652432563022e-01	   8.0810419768859376e-01	   7.8602052687736301e-01	   7.8530973781009172e-01	   4.0384281367447372e-01	   6.5727220032134492e-01	   3.7983614900330243e-01	   5.2534398587549846e-01	   5.5376963476362318e-01	   5.7022301127983244e-01	   4.9985927422978393e-01	   4.7066270623893830e-01	   6.5040263618266669e-01	   6.5726965800519421e-01	   2.5742246855855944e-01	   4.3386746121788178e-01	   4.5222304730475466e-01	   6.7739677708372237e-01	   7.0592244605193366e-01	   7.5543915848124910e-01	   7.9557600983684484e-01	   8.0386662284959010e-01	   4.5341885677990235e-01	   5.1988090433110057e-01	   8.1133066082943261e-01	   8.4217984825474934e-01	   7.4279978600432028e-01	   6.6694157708205970e-01	   7.1227828009011385e-01	   5.7670623490391726e-01	   4.2777490251485928e-01	   6.1765021230422834e-01	   6.2731963159689852e-01	   7.0364112800441414e-01	   6.0409874123674068e-01	   6.2615068677873587e-01	   7.4412683140070013e-01	   6.9029504849530010e-01	   7.3999395210978824e-01	   6.0940782065694554e-01	   7.6054697589592268e-01	   6.6187599468571334e-01	   4.8951718893995355e-01	   5.0012136884667058e-01	   2.4760855581044983e-01	   4.7130734008652508e-01	   4.4540433336053459e-01	   6.3342598417436613e-01	   7.6221875506074177e-01	   7.3765475844900341e-01	   7.0550926223558563e-01	   1.0211685840455373e-01	
   8.1641148406639141e-01	   7.7222300271310307e-01	   9.3144590221728851e-01	   8.9336346992726678e-01	   8.0489120575480211e-01	   7.8350818871881334e-01	   0.0000000000000000e+00	   9.1576299092071678e-01	   8.4466058360304608e-01	   8.1612160640906661e-01	   8.5063363964933547e-01	   8.1159804014007964e-01	   8.8296667386134287e-01	   8.7693169628290191e-01	   7.7642238867918723e-01	   8.4829272490738106e-01	   2.9974345785372830e-01	   2.9572792599869913e-01	   6.6196453164240354e-01	   6.4109748316046211e-01	   7.4281899906945181e-01	   6.5277985960049645e-01	   7.7241356157482810e-01	   8.2092797295462638e-01	   7.6350403351837859e-01	   7.7903490168039125e-01	   6.0027138172711036e-01	   6.5847793888965311e-01	   4.5264638312876432e-01	   5.1286343174860383e-01	   8.0104504940971610e-01	   8.0649535568445896e-01	   8.7590138436907683e-01	   9.0420063564041753e-01	   6.8708687153110093e-01	   7.6860987608413189e-01	   5.3173624248948748e-01	   5.1731206630861470e-01	   7.8116868101504466e-01	   7.2772102061033217e-01	   7.0274925962027013e-01	   6.4453125234712560e-01	   6.6653063598118822e-01	   5.9895901303016841e-01	   7.1429529206709730e-01	   7.1032149125586375e-01	   6.2936927047022939e-01	   7.2056040740376293e-01	   8.5811227609929919e-01	   7.3825648729097226e-01	   7.9817936598723804e-01	   7.1957118022371658e-01	   7.0765102817172343e-01	   7.5080400970680095e-01	   7.1721409546825154e-01	   7.2180579612668327e-01	   6.1453064714807737e-01	   6.8237171704597177e-01	   8.7642319764745014e-01	   8.4684449928644212e-01	   9.4111322208764880e-01	   8.7484416006080845e-01	   5.2849083245199879e-01	   7.7191038371672938e-01	   8.5740885787176457e-01	   8.0003438557894357e-01	   8.7966906171574411e-01	   8.1556776381552309e-01	   4.3336702018687856e-01	   6.7469037852416702e-01	   3.9752802601885168e-01	   4.8241782935421768e-01	   6.5228479906141856e-01	   6.4728973640374798e-01	   6.7945912990137680e-01	   6.5356862297928775e-01	   7.7287465836311409e-01	   7.3637157852961699e-01	   1.8101133500383412e-01	   4.4814388756250956e-01	   4.1480792469650468e-01	   7.5928573054808823e-01	   8.1285450312568519e-01	   8.0156881308750227e-01	   8.7410185471256752e-01	   8.1047507120775375e-01	   5.5595739142746003e-01	   7.1364987480991948e-01	   8.6353780958205362e-01	   8.9609855580219233e-01	   6.3685124606999954e-01	   6.0010324149224881e-01	   5.0508620032454599e-01	   5.3077435367724957e-01	   4.0722363625235036e-01	   4.7337743234578489e-01	   6.1735674542895735e-01	   7.0772669982586900e-01	   5.4643190376315942e-01	   5.7252171644589789e-01	   6.6564140597255150e-01	   6.4981675600083988e-01	   7.0904539832089930e-01	   5.6178476365643171e-01	   6.6842489055078447e-01	   5.7745868482024876e-01	   5.5073065117817355e-01	   6.5881246191021048e-01	   3.1692939822243438e-01	   4.1875823738012069e-01	   3.3289879686554164e-01	   5.1904788927914103e-01	   6.1470635180107092e-01	   6.9765965873453095e-01	   6.0924705577806870e-01	  -4.0958367271290992e-02	
   8.3734443899645927e-01	   8.0529488339694910e-01	   8.8139908693353219e-01	   9.1767046618792514e-01	   8.2006414836154895e-01	   8.3683324172422946e-01	   9.1576299092071678e-01	   0.0000000000000000e+00	   7.9668597797298712e-01	   9.1594729204266845e-01	   8.8763517736529474e-01	   9.1746756018547282e-01	   8.5039716914437835e-01	   9.4930528534309477e-01	   7.4116669594274831e-01	   8.7410450503675885e-01	   3.9598049249038803e-01	   3.8436186326828670e-01	   6.3432142510517431e-01	   6.4519482631082603e-01	   7.6122455251967880e-01	   6.8974818997967768e-01	   7.4806636722018427e-01	   8.6407190358318930e-01	   7.6426269769909505e-01	   8.0891458479463085e-01	   6.4782193267802457e-01	   7.1199195845668306e-01	   4.6967438558665986e-01	   5.4199801167510897e-01	   7.4157723709639223e-01	   8.1839722600778531e-01	   8.1919063675560178e-01	   8.9543281285659071e-01	   6.9007142393064669e-01	   7.8557541141912823e-01	   5.8047893141160745e-01	   5.5398354309874032e-01	   7.9331277980933979e-01	   7.4197177636872103e-01	   7.3168154952930031e-01	   6.8274181346558716e-01	   7.7804517250380811e-01	   7.3068433017118939e-01	   8.1767055379283127e-01	   8.2427548660366634e-01	   7.5266395166788036e-01	   8.0872942403593373e-01	   9.0360753904547919e-01	   8.3840813692328364e-01	   8.7589525362615561e-01	   8.0040782648792863e-01	   7.8331184820587096e-01	   7.9512150974638895e-01	   8.0091209770469984e-01	   8.1173338142720330e-01	   6.7573844127416371e-01	   6.5899524527855591e-01	   8.9980421361736407e-01	   9.0445573750592145e-01	   8.9760129399351918e-01	   9.4977837464616999e-01	   4.0782546484033222e-01	   7.4427042593589743e-01	   8.1119414953466862e-01	   8.5295801234163293e-01	   8.6804554800551692e-01	   8.6071048929788341e-01	   3.4172646206331270e-01	   6.4680375853226157e-01	   4.0288244628721520e-01	   5.4176096467664270e-01	   6.7477550186334623e-01	   6.7971041006643740e-01	   7.2658325178567107e-01	   7.0696629088447049e-01	   7.9420171665063000e-01	   8.0174188307575611e-01	   2.9871056407888419e-01	   4.8849515445623692e-01	   4.8022101334045186e-01	   7.8994173256240241e-01	   7.8846946857556410e-01	   7.9103816998221110e-01	   8.9373336533879999e-01	   8.4752276787690284e-01	   5.5728878817791994e-01	   6.7015147980612133e-01	   8.8699830558523018e-01	   9.1707142582518175e-01	   6.8349524043472787e-01	   5.8882674730155871e-01	   5.3850401532418424e-01	   4.5321698276468980e-01	   3.3252808430351111e-01	   4.7270753299249985e-01	   6.5862256486653736e-01	   7.3227384320875966e-01	   6.5028773358090364e-01	   6.3630426127324058e-01	   7.1325832237152442e-01	   6.0206461704578595e-01	   7.2702047550449589e-01	   5.0682308710997126e-01	   6.8392372968284909e-01	   5.4819715635154820e-01	   5.8304735300722532e-01	   5.7429922824890767e-01	   2.9584225155581856e-01	   3.7879575310625035e-01	   3.6106180593721815e-01	   6.3705125562532516e-01	   6.9008376194087262e-01	   7.5099941896639422e-01	   6.6910408976724201e-01	  -1.1678434209328173e-01	
   6.8633134086615777e-01	   6.8776390444583158e-01	   8.2232759197551986e-01	   8.2121110617311821e-01	   8.9485843112225250e-01	   8.0882793392340524e-01	   8.4466058360304608e-01	   7.9668597797298712e-01	   0.0000000000000000e+00	   8.1984422038985338e-01	   7.4701880002398058e-01	   6.6318938385995951e-01	   8.1221293024465990e-01	   7.7455299456483795e-01	   8.1425550639658306e-01	   8.4710744158926832e-01	   3.1424239132167531e-01	   3.7588447692916854e-01	   6.0179061994909544e-01	   5.9689879170675320e-01	   7.3034917463544224e-01	   7.0377006220467597e-01	   7.7726970058791822e-01	   7.8608310342568788e-01	   7.8785227186667151e-01	   8.0660425616317788e-01	   6.1856041694757824e-01	   7.1176595065814707e-01	   5.0281462566257473e-01	   5.6220956331276650e-01	   8.2630712911634041e-01	   8.3141630741942751e-01	   8.0431036035676851e-01	   8.3682662504754224e-01	   5.9777157464395136e-01	   7.1787349869513217e-01	   6.1337823918044632e-01	   5.5621535725264204e-01	   7.6224529766593774e-01	   6.8379859108465335e-01	   7.3749870530323525e-01	   6.2273226466187437e-01	   5.2665649902947542e-01	   4.4737242437037977e-01	   5.4240848659349994e-01	   5.7533444097750741e-01	   4.7233138761955107e-01	   5.6489631968314824e-01	   6.6040098891042698e-01	   5.9015094934442081e-01	   6.5777817914660786e-01	   6.0002740189240911e-01	   5.8033360321118110e-01	   6.4398721803942438e-01	   5.7392639145654867e-01	   5.3200692973944463e-01	   5.7382056228243639e-01	   6.7092529046291804e-01	   7.0413365041758669e-01	   7.1165343026110239e-01	   8.1530822456187435e-01	   8.0220536141755483e-01	   4.7911778129439908e-01	   6.9892142033344418e-01	   7.9135397612885028e-01	   7.3576950467227653e-01	   7.1178459461479271e-01	   6.4735250042753567e-01	   3.9253701559590659e-01	   6.2728951848628034e-01	   5.5330932853905446e-01	   6.1341235433237873e-01	   6.7115945978543401e-01	   6.6993979711583618e-01	   6.4450760204903390e-01	   6.1666121702132348e-01	   7.1325630573985299e-01	   6.5945089617554331e-01	   2.7804609574523220e-01	   5.2216895986506917e-01	   4.6592784799570930e-01	   7.4463719663215555e-01	   7.7995875504558265e-01	   7.4357874708075211e-01	   7.9389212511624574e-01	   7.7465977288229027e-01	   4.8398631115715662e-01	   6.2498244788568780e-01	   8.1170248547267998e-01	   8.0979880849520658e-01	   5.9408268404205389e-01	   5.9005425277158663e-01	   5.7054700302051220e-01	   6.0279919423609873e-01	   4.7592807797340464e-01	   5.5701317142405582e-01	   5.3305757321901837e-01	   5.8069759427583223e-01	   4.2944365310128546e-01	   4.7636484095862031e-01	   5.9686799794034473e-01	   6.6889190667358545e-01	   6.4010088983129854e-01	   4.7837011384197964e-01	   6.2367280015437754e-01	   5.3293468475310812e-01	   3.8998507080417388e-01	   4.8043676282956732e-01	   3.0312277535404086e-01	   4.2069862256826612e-01	   3.1308654536785557e-01	   4.8046136708480103e-01	   5.9167454486317272e-01	   5.9862274892665202e-01	   5.4516221632707640e-01	   7.2828014048145054e-02	
   7.9271038255400395e-01	   7.7384800347779736e-01	   8.2811283455037221e-01	   8.8452346922155978e-01	   8.9598592658450549e-01	   9.3460908108297436e-01	   8.1612160640906661e-01	   9.1594729204266845e-01	   8.1984422038985338e-01	   0.0000000000000000e+00	   7.8265209825136861e-01	   8.3067890367206609e-01	   7.2495435620391202e-01	   8.6419151265465843e-01	   7.0044860786902352e-01	   8.8355527969915904e-01	   4.0154601250950517e-01	   4.1568988597425038e-01	   6.6393489692348751e-01	   7.0877705351599707e-01	   8.0102402098853920e-01	   7.5971085802043192e-01	   6.9360015614736548e-01	   8.4932236618700496e-01	   7.8503961114894616e-01	   8.3727107170992576e-01	   6.9673467721848592e-01	   7.9888870153715430e-01	   4.3557604778816772e-01	   5.5609229235977331e-01	   6.8370794292054349e-01	   7.7189771639095262e-01	   8.2075041069290622e-01	   8.6054360270830788e-01	   6.5579727265754062e-01	   7.8297444333618182e-01	   6.1447279868521121e-01	   6.0326560772148929e-01	   7.9883777310394111e-01	   7.7212144960045048e-01	   7.3944803539246351e-01	   7.2961182498501098e-01	   7.6089618119273439e-01	   6.9781761478067073e-01	   7.5932842206727957e-01	   7.7705575222541579e-01	   7.0608830276936185e-01	   7.7149157054445761e-01	   8.1639726830482351e-01	   7.8373917149931727e-01	   8.2128948829351578e-01	   7.8476947030563271e-01	   7.6317516923551243e-01	   7.9368721800397579e-01	   7.8630821246759341e-01	   7.7133901491364032e-01	   6.9103704904526164e-01	   6.6445406461859280e-01	   8.1523336947033054e-01	   8.6799131664202633e-01	   8.2556802714098476e-01	   9.2704609980200070e-01	   3.8594722134421772e-01	   6.9876548422803753e-01	   7.8596110485549542e-01	   8.6618740049111209e-01	   8.2711858919019821e-01	   8.2415769076311352e-01	   4.4357985484068718e-01	   7.1975096692421126e-01	   3.7442900648421984e-01	   5.1391694625173467e-01	   6.0322473533653720e-01	   6.3103250635840269e-01	   6.0441705316863559e-01	   5.8600398830727796e-01	   7.4374297577629889e-01	   7.6346863284619793e-01	   3.4460633948091729e-01	   5.4532268769211933e-01	   5.5870470809057549e-01	   7.8143852256830360e-01	   7.9007494681269463e-01	   8.0918041193627976e-01	   8.6582574072343732e-01	   8.4978826744977187e-01	   5.4276920667753270e-01	   6.2198362837950594e-01	   8.9545886637609329e-01	   9.1888608875378719e-01	   7.6409098264268160e-01	   6.8464620932218345e-01	   6.9122321262804998e-01	   5.6488433401809823e-01	   4.3626038242940796e-01	   6.4471796845432139e-01	   7.0771554565285533e-01	   7.6551533648028469e-01	   6.6160042508226080e-01	   6.8040125814933616e-01	   7.7510416240126523e-01	   6.9655739035715603e-01	   7.6255593488008977e-01	   6.0051123823776187e-01	   7.7837328316642129e-01	   6.5773175311822552e-01	   5.9511538562229382e-01	   5.4670125370041889e-01	   1.9514213373264522e-01	   5.0075454575761102e-01	   4.8037545891018435e-01	   6.9287808291468633e-01	   7.7815137990451066e-01	   7.9707275418731216e-01	   7.4599387361340441e-01	   7.0231329621140107e-02	
   8.8856782583088734e-01	   8.3434333185762077e-01	   8.3911114411481225e-01	   8.1006938873650070e-01	   7.6131820493772340e-01	   6.9774167903688067e-01	   8.5063363964933547e-01	   8.8763517736529474e-01	   7.4701880002398058e-01	   7.8265209825136861e-01	   0.0000000000000000e+00	   9.2708862230019262e-01	   9.3604420597629678e-01	   9.0874041318585430e-01	   8.3307138015090454e-01	   8.2995119468220946e-01	   5.3364158260198780e-01	   5.4013092273642949e-01	   6.4318987734478783e-01	   5.7228612998560213e-01	   7.2171153421760348e-01	   6.5015912817943045e-01	   7.6429269045524695e-01	   8.0337924899572788e-01	   7.4713085825149383e-01	   7.3010607957150742e-01	   6.6487945608530485e-01	   6.7559726749127291e-01	   5.7969305629768342e-01	   5.9140198227395246e-01	   7.8523492341087120e-01	   8.1973534771120737e-01	   7.7149318615828433e-01	   8.3063410902199375e-01	   7.2824936998606682e-01	   7.4215431150794076e-01	   5.6885901448787479e-01	   5.2092247906181743e-01	   7.4805456976877516e-01	   6.5021118823927382e-01	   7.3584410969625358e-01	   6.5882032679579361e-01	   8.0926173540268453e-01	   7.8378371571183059e-01	   7.8780177034274268e-01	   7.9744080780055149e-01	   7.6443968163213716e-01	   8.2170986677148639e-01	   8.3830734474296120e-01	   8.0317995254688446e-01	   8.6409727150466920e-01	   7.8804506231964611e-01	   7.3921867519947249e-01	   7.5317451548666037e-01	   7.6012359673680885e-01	   7.6701103956611938e-01	   7.7545746704836860e-01	   7.3671682318541776e-01	   8.4832178010515180e-01	   8.4099813862742501e-01	   8.3075603936108977e-01	   8.2642688045878732e-01	   4.3107928996842443e-01	   7.1823201320702712e-01	   7.5345664450557592e-01	   7.9925916017366505e-01	   8.3316669078789363e-01	   8.2371904404379814e-01	   2.5512104631759314e-01	   5.6180153362622498e-01	   4.9225486963053122e-01	   5.6900296632011460e-01	   7.2731297262025285e-01	   7.0031338643607310e-01	   8.0375350507054666e-01	   7.7905837259171296e-01	   7.8794539391070528e-01	   7.7309695873788975e-01	   3.9529467030553361e-01	   5.6868345122438757e-01	   5.6239087874086113e-01	   8.3437729630527846e-01	   8.0270966430575252e-01	   7.3673380324800353e-01	   9.0631441009495162e-01	   8.3398342384541557e-01	   5.4717115432527563e-01	   6.5042715849191424e-01	   8.3085366100438751e-01	   8.1790404804170647e-01	   6.4931548928490779e-01	   5.9312979354198103e-01	   4.5499839221040062e-01	   4.6896442079955614e-01	   1.9489477823171741e-01	   3.6676956737193095e-01	   5.9102409408775691e-01	   6.6772972323796387e-01	   6.5399121338838151e-01	   6.5728845123039392e-01	   6.0608898767216257e-01	   6.3069831729819636e-01	   6.3123937705591815e-01	   4.6918946216138380e-01	   5.8051795222187219e-01	   5.0429772022591235e-01	   6.4262660394283444e-01	   5.6614373800403872e-01	   2.9331366350072108e-01	   2.6285286082539877e-01	   3.0086903068484716e-01	   6.4069683423279700e-01	   6.7340803310725439e-01	   6.6268453380553072e-01	   6.2442178594683129e-01	  -1.0214123758202197e-01	
   8.5396567819229574e-01	   8.5948340782395771e-01	   7.8579746667261086e-01	   8.4194815798277756e-01	   7.2235253059865845e-01	   7.5517127105127357e-01	   8.1159804014007964e-01	   9.1746756018547282e-01	   6.6318938385995951e-01	   8.3067890367206609e-01	   9.2708862230019262e-01	   0.0000000000000000e+00	   8.2285390796237123e-01	   9.3857318082842445e-01	   7.0498502088162152e-01	   8.2940679130782058e-01	   5.0585694186673313e-01	   5.2592631373636844e-01	   6.0259508616534219e-01	   6.0114030149424214e-01	   7.1621801965325016e-01	   6.4042629623188108e-01	   6.7018804124904330e-01	   7.8882644738001240e-01	   7.0251896753561682e-01	   7.2007129880405374e-01	   6.1730424610073731e-01	   6.2571371357139738e-01	   5.4510388904236229e-01	   6.1367713984940087e-01	   6.8681783481537884e-01	   7.8303950297585623e-01	   7.2480464524016108e-01	   8.1472749772748898e-01	   6.4638056966487856e-01	   7.0833623158203152e-01	   5.5193495089123734e-01	   5.4558361285544532e-01	   7.1483488780014381e-01	   6.7440100650565382e-01	   7.1258131095706512e-01	   6.8626270306788317e-01	   8.4565980183963707e-01	   8.4142384497597611e-01	   8.8430844315085744e-01	   8.8772538334465056e-01	   8.4769119551261296e-01	   8.8174178037968987e-01	   8.8788228489136911e-01	   8.9716182423071444e-01	   8.9996629620398183e-01	   8.6886305281637877e-01	   8.3612340505241944e-01	   8.2185561658805861e-01	   8.3238482059265251e-01	   8.6683457252325002e-01	   7.3037896003373493e-01	   6.8634199665105955e-01	   8.5492007560606309e-01	   8.8193508506927287e-01	   8.0661575827447896e-01	   8.5903096532097767e-01	   4.1276287234186670e-01	   7.3855594254672707e-01	   6.9208454653237572e-01	   7.8102947268903189e-01	   8.1913744330573657e-01	   8.5880004102366014e-01	   2.2864135041691230e-01	   5.5169395682189049e-01	   3.7543973057447388e-01	   5.3844941766731047e-01	   6.9637540167627776e-01	   6.8767366872005686e-01	   7.3392604832492658e-01	   7.1968147384201664e-01	   7.6565243997949683e-01	   8.0474345029145722e-01	   3.5149757063775144e-01	   5.1371275726087950e-01	   5.4072887941931436e-01	   8.0036195593981574e-01	   7.7199110619123512e-01	   7.7154765308652429e-01	   8.7373137549784441e-01	   8.4772734887127887e-01	   5.4051868688224380e-01	   6.1842343820962131e-01	   8.1402988780892871e-01	   8.3823450682326583e-01	   7.0891772274678466e-01	   5.9892552697838719e-01	   4.7363960880329914e-01	   3.8314791156486921e-01	   1.6965894843632073e-01	   3.9183042393951323e-01	   6.5524748000451360e-01	   7.3846749287926228e-01	   7.5816804203515442e-01	   7.2824219695459869e-01	   6.6204544736583093e-01	   5.8394856433959086e-01	   6.9088675702429547e-01	   5.0716024065616083e-01	   6.4676175078722853e-01	   5.1260374403659925e-01	   6.5259182658720416e-01	   5.7995610063705483e-01	   2.3287033401566237e-01	   2.9134542993013779e-01	   3.5897579285310904e-01	   7.2813938322076721e-01	   7.4937531751985664e-01	   7.3288377497380153e-01	   6.7672416643375699e-01	  -1.2931513375930742e-01	
   8.1907316181789214e-01	   7.6676142545824044e-01	   8.4974247585492291e-01	   7.7441812235326335e-01	   7.4461662104204240e-01	   6.3617699640521153e-01	   8.8296667386134287e-01	   8.5039716914437835e-01	   8.1221293024465990e-01	   7.2495435620391202e-01	   9.3604420597629678e-01	   8.2285390796237123e-01	   0.0000000000000000e+00	   8.7394026634969646e-01	   8.7565960464826764e-01	   8.1374391939975332e-01	   4.2285940361056729e-01	   4.3962380894565911e-01	   5.7365277637888323e-01	   4.8548194256755006e-01	   7.0735263471224163e-01	   6.3420067982982598e-01	   7.7900078725525235e-01	   7.6430453355533623e-01	   7.2696583797615444e-01	   7.2448853403144442e-01	   6.3603312916424848e-01	   6.4961846324110106e-01	   5.8941168556809898e-01	   5.8273804959709807e-01	   8.3395977981380576e-01	   8.1630045670694451e-01	   7.6958485441473390e-01	   8.1376586506623061e-01	   6.9710579612554069e-01	   7.1187600735071177e-01	   5.6439690174745571e-01	   5.2309907343569084e-01	   7.4759590226357742e-01	   6.4219583937041502e-01	   7.1923563443074112e-01	   6.0773830338053259e-01	   6.9492903296979103e-01	   6.5448246185612313e-01	   6.8267657336158927e-01	   6.7487884254084951e-01	   6.5563000913752045e-01	   7.1612072753594003e-01	   7.8379352695401050e-01	   7.0298709123939762e-01	   7.8682330811441870e-01	   6.8639878303340818e-01	   6.6143165798526526e-01	   6.9132596721933370e-01	   6.7291986713789509e-01	   6.6830518953649287e-01	   6.6491389632884235e-01	   6.9255021750349388e-01	   8.2368682981407781e-01	   7.7740065415280990e-01	   8.3947452562721092e-01	   7.8649174159383228e-01	   4.2368954972108186e-01	   6.7309578613396526e-01	   7.7994468415933582e-01	   7.5887353320038664e-01	   7.8334319657802565e-01	   7.3323340268653303e-01	   2.4944458918480275e-01	   5.4030322708699141e-01	   5.3944312750554646e-01	   5.6614584461195172e-01	   7.2195632177793923e-01	   7.0705315122261647e-01	   7.8951179184496156e-01	   7.7822645071261387e-01	   7.6585670356062385e-01	   7.3188031497659489e-01	   3.0633548022498314e-01	   5.5181802006070013e-01	   4.6530780964978591e-01	   7.9354376741440524e-01	   7.8275669510761070e-01	   7.0294569270451390e-01	   8.6225756421978095e-01	   7.9666691936973533e-01	   5.3076882195589969e-01	   6.8470219966832746e-01	   7.9006066862996904e-01	   7.8985266055203929e-01	   5.5162077936054388e-01	   5.2306041363898848e-01	   3.9053800458574561e-01	   4.6938137575794026e-01	   1.8791971023300677e-01	   3.4864546571619370e-01	   5.2591007865971617e-01	   6.0652007666580654e-01	   5.2473309464704632e-01	   5.4260874351316968e-01	   5.6471827534114061e-01	   6.3319704571762614e-01	   6.1365878970910959e-01	   4.6891193375442619e-01	   5.2992507821895107e-01	   4.5460303099107424e-01	   5.5630936312367263e-01	   5.3581802382306609e-01	   2.9307584863326608e-01	   2.4734377928061421e-01	   2.2480477758034512e-01	   5.0090415787258735e-01	   5.6402999499989059e-01	   5.9156746571399743e-01	   5.6240934995974878e-01	  -1.4944588903686265e-01	
