   0.0000000000000000e+00	   9.3704254687895994e-01	   3.5987163069653921e-01	   3.5960168341724552e-02	   3.3890151672031754e-01	   2.8403061443062916e-01	   2.3193254686588027e-01	  -8.3193810234709259e-02	   2.6029429605378840e-01	   2.0861748819407144e-01	   6.7461906172733532e-01	   2.1171811649002509e-01	   3.3589785907043912e-01	   1.4712132330785407e-01	   3.6894216887961562e-01	   2.4426331589580055e-01	   7.7936150321192121e-01	   7.8314102460920543e-01	   4.4745264636504423e-01	   6.9214227082851476e-01	   2.2126368211748570e-01	   3.6119834997695677e-01	   7.0294249791820890e-02	  -7.8980308194857393e-02	   4.2192357034375266e-01	   3.2376512009678515e-01	   4.4515674148732864e-01	   3.8773082336296388e-01	   4.9154735566548841e-01	   5.3713617694008375e-01	  -1.2116508463309926e-01	  -1.2171491161020681e-01	   7.7653729150331063e-01	   6.7993206263375761e-01	   2.4974528479607519e-01	   3.7444488183861362e-02	   3.5232231573892725e-01	   4.7994177029079776e-01	   4.5385950874618392e-01	   3.2637922013315346e-01	   2.7442191739230221e-01	   2.5974604008215613e-01	   4.4296909888251546e-01	   5.6870380512927021e-01	   5.2268253059444070e-01	   5.7009793096071815e-01	   5.4196505629854552e-01	   5.8366258914132163e-01	   6.6746033418551320e-01	   6.4005838770304402e-01	   5.3587622367641763e-01	   4.5748354060989094e-01	   6.2304034129986108e-01	   7.0436557329243843e-01	   4.4563093912502921e-01	   5.2557718100759665e-01	   9.2739108124604597e-01	   9.1242541312768033e-01	   7.7607454550724253e-01	   7.6440091173196023e-01	   6.4138352116732233e-01	   3.1544891636308725e-01	   4.6858025213860544e-01	   2.6873211683175469e-01	   1.1581063021190605e-01	   5.9258101948646115e-03	   6.0514776136884807e-01	   4.0482712059900161e-01	   8.9213764719133415e-01	   8.9240922033200587e-01	  -6.9285022774326716e-02	  -1.4985025092130125e-01	   4.7953542140977734e-01	   5.7793355607379859e-01	   3.5147080524634877e-01	   3.3797337888693402e-01	   1.7437801947499939e-02	  -4.9569828027602653e-02	   8.1334800825199460e-01	   7.6961389254286194e-01	   8.0560764501627968e-01	   8.6146462884623376e-01	   1.9074343782588563e-01	   3.4011367902465200e-01	   5.9598514827438143e-01	   5.2179569201062492e-01	   2.8640403680084608e-01	   4.1251338674367910e-01	   3.3154434724124371e-01	   3.7503680827874336e-01	  -2.3454344098570812e-01	  -8.4971756565454595e-03	  -2.9140447531330027e-01	  -5.2429136606118788e-02	   2.7711107689172365e-01	   2.7370929105639530e-01	   5.6226075925662133e-01	   6.1466333316543620e-01	   2.3910316485118233e-01	   4.1053745763544752e-01	   4.6908413383085212e-02	   9.0614201306371614e-02	   1.1959744297127500e-01	   1.4378104316158022e-01	  -9.1016949518799295e-02	   1.7110085432688649e-01	   2.2634304735757657e-01	   4.3557674617700559e-01	   6.3593551758247402e-01	   4.7526037354198525e-01	   4.9259253183129026e-01	   2.5601977335737935e-01	  -1.4024456049237968e-01	   4.6500117742919794e-01	   4.3779251307405696e-02	  -2.2663271355306186e-01	
   9.3704254687895994e-01	   0.0000000000000000e+00	   2.5236606695880359e-01	   1.0901594551604421e-01	   4.0936068563675215e-01	   4.0733874401995507e-01	   2.0144527488735206e-01	   3.0801709337569792e-02	   2.3552970544501159e-01	   2.7246299749460728e-01	   6.1122022601674164e-01	   3.3816499545219214e-01	   2.4802031582026907e-01	   2.4439897419135564e-01	   3.3662967434370217e-01	   3.1288282346228080e-01	   8.1869183590023731e-01	   8.3004817574202383e-01	   4.6250868248279409e-01	   7.9587546547834598e-01	   3.4670630125821433e-01	   5.1253768140840861e-01	   3.9615572829846790e-02	  -4.7679188189225320e-02	   4.0502100079872605e-01	   3.7058107909274934e-01	   4.8143482172251983e-01	   4.8823840197734869e-01	   5.6902494365940348e-01	   6.3780643418932903e-01	  -4.6823899566590291e-02	  -6.3651427387977676e-03	   7.8124579076974965e-01	   7.5130274951759568e-01	   2.6405575201005166e-01	   9.2560270895597957e-02	   3.9245011280816666e-01	   5.2902889056277114e-01	   4.9166059049393795e-01	   4.0617879553949049e-01	   3.3147630428928437e-01	   3.6410016390252137e-01	   4.8885355587123475e-01	   6.1682757150231304e-01	   5.9763807299554605e-01	   6.6452389177476290e-01	   5.9780549694786622e-01	   6.6438422763763105e-01	   6.6862724828394549e-01	   6.7969304269390296e-01	   5.4539190564003814e-01	   4.8755895407066396e-01	   6.4305640555511645e-01	   7.0224038103009034e-01	   4.9684980126985523e-01	   5.7624178862366149e-01	   8.9711117624113201e-01	   8.8060993157428658e-01	   7.3797147428981646e-01	   7.5402426880003559e-01	   5.5258791721164080e-01	   3.3951109148802983e-01	   4.3900982748600331e-01	   3.1076785711851668e-01	   9.6319723744294330e-02	   4.8329467167726819e-02	   6.4018079168455078e-01	   4.7678143582966520e-01	   8.8015064411608057e-01	   8.7703061654302328e-01	   7.6187802585544334e-03	  -4.6341171935262500e-02	   5.1162404321011024e-01	   6.6162151520615131e-01	   3.5050803464749397e-01	   4.0785253534674082e-01	   3.7853903246170252e-02	  -2.9563494788367103e-02	   8.4999735744955429e-01	   7.7150830163109529e-01	   8.4806072646390795e-01	   8.7794072455600491e-01	   3.5443760735225494e-01	   4.8490970498897018e-01	   6.3830956426623020e-01	   5.8534002425753340e-01	   3.4690987833904419e-01	   4.8111560691791744e-01	   2.9020322217698186e-01	   3.4286791013249285e-01	  -2.1723686184540997e-01	  -1.1062096177031817e-02	  -3.3674272259797533e-01	  -1.1402475834076392e-01	   3.1829509524829808e-01	   3.1562461707840878e-01	   6.4106867356526664e-01	   7.1186656102482482e-01	   3.4645489374360694e-01	   4.8618485153191981e-01	   8.5476860460045517e-02	   2.6616849559641942e-02	   1.9025754657789246e-01	   9.2406708407578225e-02	  -9.0324821683963968e-02	   1.0720299249963465e-01	   3.0798994174933469e-01	   4.1937874980119749e-01	   6.1689808252536138e-01	   5.2112142745063184e-01	   5.5622209875441286e-01	   3.1933560486165236e-01	  -1.5146612204042184e-01	   4.9262246680727928e-01	   8.8153861762513656e-03	  -2.9919169062731416e-01	
   3.5987163069653921e-01	   2.5236606695880359e-01	   0.0000000000000000e+00	   6.6447064109289578e-01	   6.0510040990742586e-01	   5.6073748798640388e-01	   7.9386820225967525e-01	   4.9067762593854547e-01	   7.3784521852142793e-01	   5.6933194341527305e-01	   3.6273833198407379e-01	   3.8001395253793446e-01	   4.8818709703377650e-01	   5.6003756404852334e-01	   7.9588509218605785e-01	   6.1139840766811893e-01	   1.7115317501279387e-01	   2.1811655574461536e-01	   5.7972184430513618e-01	   3.4129822219242001e-01	   1.6935360310673156e-01	   2.9027618542661593e-01	   8.1352638033609370e-01	   6.4062580782654566e-01	   6.8368993883324825e-01	   5.8360870852458180e-01	   5.1411298421468121e-01	   4.4618422914717226e-01	   8.8376337131813143e-02	   2.3007713490224280e-01	   3.9859666205797983e-01	   3.6114635838676790e-01	   4.6023356879304012e-01	   4.8155892763096075e-01	   7.4995170272426048e-01	   5.9609153445358065e-01	   3.5667378574144459e-01	   3.5824880498377137e-01	   4.5954333955923810e-01	   3.1636681885048124e-01	   4.3147339107394483e-01	   2.2499367184831459e-01	   4.9764508479549108e-01	   4.0241035987834012e-01	   4.8110723566597940e-01	   4.6257715105804986e-01	   4.4408024220344722e-01	   4.5053784239995226e-01	   4.9243891131552814e-01	   4.4292220198810206e-01	   6.3653933861967771e-01	   6.1574051165741794e-01	   4.3972648040454221e-01	   4.6418888500942723e-01	   5.1920618219555026e-01	   4.7447910557084844e-01	   1.7593996418998964e-01	   2.3299237360734937e-01	   4.4437434151293387e-01	   4.4340097253242022e-01	   6.4137404559064304e-01	   4.2009854828471849e-01	   3.2694150714221021e-01	   1.8605818085597337e-01	   7.5382392099665718e-01	   5.5040342163752198e-01	   5.2279815182852474e-01	   4.8843777725795179e-01	   2.1460366505841588e-01	   2.3130108152189627e-01	   7.0671118987697096e-02	   1.2805986385517101e-01	   2.4353113213877553e-01	   2.4647954177329520e-01	   2.0256427071387820e-01	   1.6856475757392000e-01	   1.3467195546273522e-01	   1.7061757233444483e-01	   3.9047799723632703e-01	   5.0280632298417016e-01	   1.8874482378378771e-01	   3.8951620821800426e-01	   1.1566400738101981e-01	   2.2360602271447633e-01	   6.1827723204087093e-01	   6.0431553743004507e-01	   4.1580767820079406e-01	   3.7406535790081114e-01	   7.4833227966709348e-01	   7.0724612284733945e-01	   5.0396893706987111e-01	   6.2979004260049587e-01	   4.9144905939982081e-01	   6.8806491181688678e-01	  -6.5917094788621788e-02	   1.0123347398598234e-01	   3.3361233937301793e-01	   2.2427172131615714e-01	   4.7400342473099488e-01	   4.1320787971618700e-01	   5.4711579440415492e-01	   5.6720455155401273e-01	   3.2891847657661588e-01	   1.7878336977632420e-01	   2.0870244734914772e-01	   2.5362708002303902e-01	   3.0343222152408394e-01	   4.2728535671805790e-01	   3.2632937811624484e-02	   7.1134395146339874e-02	   3.9894522901505847e-01	   4.9945674011243835e-01	   5.1271006980346390e-01	   3.7823650727573699e-01	   3.3319519812097925e-01	   1.6728232098864151e-01	
   3.5960168341724552e-02	   1.0901594551604421e-01	   6.6447064109289578e-01	   0.0000000000000000e+00	   6.7905178916035003e-01	   8.1560580317575959e-01	   7.2411274987158336e-01	   9.0277557225622729e-01	   6.0772870908651244e-01	   7.8119692072483748e-01	   9.5679917493936874e-03	   6.3937793506986695e-01	   2.7825563699951478e-01	   7.7433517086906645e-01	   5.7457905716471835e-01	   7.4506498703296353e-01	  -8.6677021234552697e-03	   1.3827143828423394e-02	   5.3752534154968268e-01	   3.8410908611825179e-01	   3.6823611770380021e-01	   5.1582570796363014e-01	   8.0973665824079055e-01	   8.9189635039146409e-01	   6.0177304483798477e-01	   7.5174699689932467e-01	   4.5942870860078644e-01	   5.6449214089291133e-01	   9.1476451652597351e-02	   2.0697455538198073e-01	   6.7690132323102947e-01	   7.9431718610015323e-01	   2.8588680328694693e-01	   4.8453612386495409e-01	   7.3744204048391204e-01	   8.2269345335892941e-01	   2.6915328919262793e-01	   3.0876014858394030e-01	   3.2598630321316147e-01	   2.7232120918541980e-01	   2.7743909034963599e-01	   2.2636881789926105e-01	   5.3815121274511535e-01	   3.5847759598961260e-01	   5.0270077469462293e-01	   5.1429561478324493e-01	   4.1555858576256333e-01	   4.0798583433742930e-01	   3.8687795174423156e-01	   3.8822660062756842e-01	   5.7380179056624203e-01	   6.4612200168304590e-01	   3.7189541283732469e-01	   2.9682568498150547e-01	   5.3011342756784974e-01	   3.4640562211552561e-01	  -9.5556973677750651e-02	  -8.5063492123980178e-02	   2.5358667335771895e-01	   2.7326811719742805e-01	   4.4052137019776749e-01	   6.3570421764864549e-01	   1.8299362283666964e-01	   2.0889132425700990e-01	   7.1192490281137832e-01	   8.1483272222801029e-01	   4.5343463031280895e-01	   6.0906018467711587e-01	  -4.1730710670084617e-02	  -6.9674768298954260e-03	   2.1161858209435219e-01	   4.2944986598925483e-01	   6.7601174635814290e-02	   1.0579176687801836e-01	   8.7695560268974057e-02	   1.3766422260658251e-01	   8.8702927493419681e-02	   2.3357864170092274e-01	   2.6158365600495653e-01	   2.1804528757106734e-01	   7.6342588857088584e-02	   1.4988632686700140e-01	   2.4275089301707459e-01	   3.2195016534211546e-01	   5.1894081846391404e-01	   6.2298700631230075e-01	   4.7402602993104670e-01	   3.5493288897477804e-01	   6.0321227995981497e-01	   6.0774047541607057e-01	   6.9246846048911537e-01	   7.0050625571059488e-01	   6.1019499241704178e-01	   5.4659136644251216e-01	  -1.6085314599236361e-01	  -3.0951973831407867e-02	   3.2158027935266154e-01	   2.0743478836025897e-01	   6.6538182286317149e-01	   4.8142290685271338e-01	   6.9890377738638043e-01	   4.3521207161321646e-01	   5.6936992692840038e-01	  -3.8291701465707688e-03	   3.4245069585521004e-01	   1.3636429357640731e-01	   6.2052049900319028e-01	   4.1473449770708332e-01	  -1.0069342017903971e-01	  -1.7897992364266088e-02	   4.2723202139445093e-01	   6.5117648052109245e-01	   6.2899635618047867e-01	   3.5286164965792366e-01	   3.0705779531387817e-01	   2.1586162588302704e-01	
   3.3890151672031754e-01	   4.0936068563675215e-01	   6.0510040990742586e-01	   6.7905178916035003e-01	   0.0000000000000000e+00	   8.3066496794523459e-01	   5.7400931040841541e-01	   6.1227503814770023e-01	   6.9669342737851747e-01	   7.0938286956760266e-01	   1.4720047959189742e-01	   5.8370395506610384e-01	   2.3691617296606277e-01	   6.4748262683255453e-01	   6.7379306813270934e-01	   7.1883645438827859e-01	   1.5863189389236626e-01	   2.9170572664525896e-01	   3.7486803665403434e-01	   3.9847619595877659e-01	   6.0951163515089424e-01	   5.7521302510160877e-01	   6.0329922446921258e-01	   5.5968436293168433e-01	   6.4285265953389092e-01	   6.7831668758469510e-01	   7.2501934526507616e-01	   8.0151165321474793e-01	   1.5348822354012534e-01	   3.7946991714386902e-01	   3.1936502727652372e-01	   3.8489720905263936e-01	   4.5149733632171485e-01	   5.5452117599105510e-01	   5.1227808642828165e-01	   5.1567159888826208e-01	   5.0147527001033632e-01	   4.9776931402995078e-01	   5.3206197590940962e-01	   4.2630339105928028e-01	   3.4614507422227198e-01	   3.6286811105841593e-01	   4.8981850754458445e-01	   3.6741457908316844e-01	   5.6418136120021445e-01	   5.7970610356760555e-01	   5.5809438915320775e-01	   5.8684313532290178e-01	   5.6336594395819728e-01	   5.4341177857661971e-01	   7.1152358585807918e-01	   7.0765283015893110e-01	   5.9563661117856859e-01	   5.7310322125062219e-01	   6.1561363638089994e-01	   5.4847193747988066e-01	   2.2549634688584877e-01	   2.5461674637840831e-01	   4.0421650776751045e-01	   4.4448802873862409e-01	   4.4787272756663044e-01	   5.1701946477824468e-01	   1.7113351968742271e-01	   2.0960253322076880e-01	   5.6094195516429823e-01	   5.7596630401452620e-01	   5.5766727945761685e-01	   5.9206717038539369e-01	   2.8515344304063905e-01	   3.5925814356415342e-01	   2.3968968008169733e-01	   2.8888896200471575e-01	   1.7490883416414352e-01	   2.5992883019880314e-01	   3.8613446968327775e-02	   1.5344683048612154e-01	  -7.9237716436064108e-03	   6.4414376027281312e-02	   4.4444446610671123e-01	   3.5930513048589319e-01	   3.1428667409679734e-01	   4.2837477263053469e-01	   3.2500056414452944e-01	   3.9775114571637354e-01	   6.4116073697116072e-01	   6.3115550467070303e-01	   4.1914429991260915e-01	   4.4395322968745121e-01	   4.9630906117910550e-01	   5.4731890704636055e-01	   4.8437650694077516e-01	   5.9536594024951639e-01	   2.8602063761218854e-01	   3.4032040066817015e-01	   1.9671979125620978e-02	   8.3448973321895686e-02	   5.6133638910866068e-01	   4.2629895822480041e-01	   6.5945910326094548e-01	   6.0092944357464162e-01	   5.0937926903418507e-01	   3.3260061504889998e-01	   4.0867225425178622e-01	   7.0322554343293819e-02	   1.7008883981038725e-01	   4.2869533693744896e-02	   5.0818207481866018e-01	   5.1655661943686026e-01	   1.1448929653901274e-01	   1.3505851474477254e-01	   6.4897124768972536e-01	   6.9561948349667801e-01	   4.8090641918227228e-01	   4.3245450789196926e-01	  -1.0233722309158016e-02	   4.3717956977215464e-02	
   2.8403061443062916e-01	   4.0733874401995507e-01	   5.6073748798640388e-01	   8.1560580317575959e-01	   8.3066496794523459e-01	   0.0000000000000000e+00	   6.6592186681586885e-01	   8.1515049497519143e-01	   6.4789601702511246e-01	   8.3689457840212778e-01	   1.5351724243774101e-01	   6.9894441722917700e-01	   3.7139568229290987e-01	   7.7480564156920939e-01	   6.4463532365625786e-01	   7.8618788516909122e-01	   2.2869786302706444e-01	   3.0359674333082343e-01	   5.2137556941152730e-01	   4.9997199257798336e-01	   5.1755435049571008e-01	   6.1667264202932714e-01	   6.4741784550300885e-01	   6.5229452767146390e-01	   5.0876033285395461e-01	   6.3825800781294095e-01	   5.7640593497427239e-01	   7.3891376176107038e-01	   2.1698397046651985e-01	   3.9825209069102346e-01	   4.2135038478688036e-01	   5.5285501580400376e-01	   3.9879507465392672e-01	   5.8882089047714237e-01	   6.1041742901953366e-01	   6.4950241001420583e-01	   4.0621979349382831e-01	   4.5438417703078493e-01	   4.7028234299320454e-01	   4.5829839018582574e-01	   3.7880517789361329e-01	   4.0472023064821050e-01	   5.3699506902304384e-01	   4.0647267155775835e-01	   5.7581281085902958e-01	   6.1328539432693707e-01	   5.2899660062347131e-01	   5.6104032613492527e-01	   4.7585763290283661e-01	   4.7294686475180114e-01	   6.2977850730565832e-01	   6.3753275709049584e-01	   5.6173394598187909e-01	   5.1650682814080640e-01	   6.3883850050368152e-01	   5.3531499501410496e-01	   1.7854472987933306e-01	   2.1301834310432299e-01	   4.3720847090095405e-01	   4.4921554277028780e-01	   5.8438978633837568e-01	   7.0818625580186467e-01	   3.3258225392254814e-01	   3.8354542976149775e-01	   5.9514055188068238e-01	   6.9177693090312564e-01	   5.7404742902756412e-01	   6.6464521806860499e-01	   2.4518719544183032e-01	   2.7905969609531217e-01	   3.0450889242928281e-01	   3.6937899257178664e-01	   1.9728034356823002e-01	   2.5547408653856507e-01	   6.7201066943033697e-02	   1.6307344317338152e-01	   7.9984170499223517e-02	   1.7997635939647016e-01	   4.2051249965458526e-01	   3.8017226173118579e-01	   2.5458331693447600e-01	   3.5622627496803899e-01	   4.3357737109454764e-01	   4.7598010302926186e-01	   6.5258063695473911e-01	   6.6069338763356211e-01	   4.8779130853224684e-01	   4.4738706872762080e-01	   6.1686306050566764e-01	   6.5968191532212395e-01	   5.3187863505044153e-01	   6.3771959840980674e-01	   3.3624473667143084e-01	   3.8591552351843961e-01	   4.9402334453864181e-02	   1.7249002883018394e-01	   5.0698009723813942e-01	   4.4035163657501419e-01	   7.5733152868201148e-01	   6.3927746690139720e-01	   5.5091935318585983e-01	   3.5897094638840110e-01	   4.3750089029518974e-01	  -1.5279104937353089e-02	   7.6342096757646916e-02	  -6.7404416275565496e-02	   5.5421869764219922e-01	   4.0398332101099244e-01	  -7.2694498401591392e-03	   1.3455680694393066e-01	   5.5370673676060955e-01	   6.9210055642900592e-01	   5.0550713355635946e-01	   4.2594099814554331e-01	   1.8113896205315980e-02	  -5.5851880778626933e-02	
   2.3193254686588027e-01	   2.0144527488735206e-01	   7.9386820225967525e-01	   7.2411274987158336e-01	   5.7400931040841541e-01	   6.6592186681586885e-01	   0.0000000000000000e+00	   7.2832141442543818e-01	   7.3016858919267214e-01	   7.2727508535822794e-01	   3.0413964518945535e-01	   5.9297005160456373e-01	   5.8458908925766062e-01	   6.9922870280139449e-01	   6.8855600998847066e-01	   6.4672560091734577e-01	   8.5199707760617693e-02	   1.2267392697540670e-01	   7.3158129232159053e-01	   4.7272516889140592e-01	   1.2758148515153700e-01	   2.7571734568090933e-01	   7.4680533129210025e-01	   6.0182050251874075e-01	   3.7434617856335040e-01	   4.8303392886213214e-01	   2.1641173860611845e-01	   2.8946353578997003e-01	   1.8817982789632870e-01	   2.5977224140468719e-01	   5.7445666616803948e-01	   5.4925751954716517e-01	   4.1153047505707141e-01	   5.0993782185522851e-01	   6.4585839835085390e-01	   5.8361772237347043e-01	   1.6562111262548326e-01	   2.6040887690997394e-01	   2.9713622332127765e-01	   2.6557635208292263e-01	   3.2724278684491381e-01	   2.9431288779087328e-01	   5.3575712441529899e-01	   4.0497130172602341e-01	   4.9229624899664515e-01	   4.5811990170728656e-01	   3.9265539364973884e-01	   3.8059149376654733e-01	   3.7923550298292885e-01	   3.1999752460826120e-01	   4.6836044709621460e-01	   4.8039666671857428e-01	   3.1152678414298596e-01	   2.8523968246313858e-01	   4.5046473547022448e-01	   3.6538779378970254e-01	  -2.0172371230959031e-02	   1.1272129252342984e-02	   2.4766767815336005e-01	   2.7329426878598884e-01	   5.5111374036281990e-01	   5.9056171717706085e-01	   2.7227713399617059e-01	   2.2246035523817095e-01	   8.2375155612199125e-01	   7.2599524490165113e-01	   4.3204148701253231e-01	   5.3046980994706450e-01	   6.5130373783305703e-02	   7.2745690410762037e-02	   2.9981876751439018e-01	   3.3530854843925378e-01	   3.0472311887832182e-01	   3.1416711248820217e-01	   3.0189897664125254e-01	   3.0332152190769074e-01	   3.6506907970084945e-01	   4.8476146925685321e-01	   2.9232656264062334e-01	   3.4255199690262655e-01	   1.2122550647410479e-01	   2.2592198545263287e-01	   2.3255714466794586e-01	   3.1567531324132647e-01	   4.8736481284470323e-01	   5.0000163218921923e-01	   3.0305383607686687e-01	   1.8368157605050855e-01	   6.7024689559273687e-01	   6.8648540034187577e-01	   5.5666443384974651e-01	   6.8451451746092973e-01	   4.6990398719871895e-01	   6.0892106529678314e-01	  -1.2562839375362056e-01	   7.4409558747337873e-02	   1.9951539634313775e-01	   1.3327648714475782e-01	   5.3798872418215715e-01	   4.6089763431854824e-01	   4.7207379561505614e-01	   5.7642804197107578e-01	   4.2609758727712849e-01	   1.8774570874298774e-01	   2.8419644082287304e-01	   1.8026426291381092e-01	   3.4612440410840728e-01	   3.2970390284351070e-01	  -8.4310133780309215e-02	   5.0443684950541690e-02	   3.4107688173920592e-01	   5.5879900911787828e-01	   6.3593502875073082e-01	   3.7971359222705747e-01	   4.3481655433719374e-01	   1.2677922137317280e-01	
  -8.3193810234709259e-02	   3.0801709337569792e-02	   4.9067762593854547e-01	   9.0277557225622729e-01	   6.1227503814770023e-01	   8.1515049497519143e-01	   7.2832141442543818e-01	   0.0000000000000000e+00	   6.1170825124839390e-01	   8.3129377619999145e-01	  -1.0099751787591896e-01	   6.2147309041458465e-01	   2.6612805252123695e-01	   7.2843018242064805e-01	   4.5401631254675345e-01	   6.5705708212015679e-01	  -1.2098681562195293e-01	  -8.5970333001762975e-02	   4.9254539372738843e-01	   3.4350739710889278e-01	   2.7151704754583728e-01	   4.0468399061904070e-01	   6.3629548871193164e-01	   7.2012211919882851e-01	   2.9188022762595017e-01	   5.4677128706199019e-01	   2.1793541199383587e-01	   3.9278453324825657e-01	   3.1119690114186031e-02	   1.2845360971769496e-01	   5.7364756507468806e-01	   7.2260569084640047e-01	   1.3049228174978411e-01	   3.6469420788480716e-01	   5.5928655213760359e-01	   7.0238351029386303e-01	   1.4563982364465985e-01	   1.8375828351637088e-01	   2.4080019708292177e-01	   2.2651189554532802e-01	   2.2683782033310088e-01	   2.2085172029312825e-01	   3.8887720307308987e-01	   1.9902741546079553e-01	   3.6629010279383939e-01	   3.8363646228843939e-01	   2.5470635425380539e-01	   2.4070036813889337e-01	   1.9307706248285769e-01	   1.8608091191052864e-01	   3.4307733670426105e-01	   4.2904934986597243e-01	   1.9708952931591900e-01	   1.0215186339293945e-01	   3.9718432039682278e-01	   2.4278091881905428e-01	  -2.2948728200413115e-01	  -2.3407083724859679e-01	   6.0053244520166957e-02	   8.7657714929116282e-02	   3.2061447725919284e-01	   6.8506708208274514e-01	   8.9602322538730031e-02	   1.9549035818426019e-01	   6.3700809952458515e-01	   8.4440712223260816e-01	   2.7528042287761156e-01	   4.8704087922754030e-01	  -1.2427644273503949e-01	  -1.1066476902134144e-01	   2.8082446543510253e-01	   4.4464220629448259e-01	   6.8603807473289952e-02	   6.2335495952484228e-02	   8.1227543908337196e-02	   1.2920367623791998e-01	   1.7258013056751775e-01	   3.3415761975743158e-01	   1.0126167912394836e-01	   3.5429182336584944e-02	  -4.5563930646930088e-02	  -8.8037627284238487e-03	   3.0887015560222197e-01	   3.4424408458852307e-01	   3.3881413247043746e-01	   4.4998242596597360e-01	   3.6237718351183940e-01	   1.9500644839152209e-01	   5.3947296516974363e-01	   5.1914705683051166e-01	   6.8088886191321207e-01	   6.7464328099302873e-01	   6.0716114812311817e-01	   5.4657349160659163e-01	  -1.1733669023420452e-01	   3.2062849318382824e-02	   1.7469481742951284e-01	   1.0936795095266727e-01	   6.1574769547431729e-01	   4.6185493935608291e-01	   6.1442344182473507e-01	   4.6368015880235969e-01	   5.2995043415318466e-01	   6.2378793379203046e-02	   3.2639477275765327e-01	   7.4046186179150070e-02	   5.4646668440237678e-01	   3.0456828480805137e-01	  -2.1729215738675262e-01	   3.7504214047854860e-02	   3.0758176004009746e-01	   6.0658083003246610e-01	   6.8941257350002616e-01	   3.1725028594104265e-01	   2.5894522715861767e-01	   2.3727858059096452e-01	
   2.6029429605378840e-01	   2.3552970544501159e-01	   7.3784521852142793e-01	   6.0772870908651244e-01	   6.9669342737851747e-01	   6.4789601702511246e-01	   7.3016858919267214e-01	   6.1170825124839390e-01	   0.0000000000000000e+00	   8.0186494893295945e-01	   1.2909163440444596e-01	   4.3103626109731702e-01	   4.3365982390145164e-01	   5.9609660495214278e-01	   7.4776987067924361e-01	   7.1287070802966113e-01	   7.6094546001604924e-02	   1.3436745061956307e-01	   5.6206547687994901e-01	   3.9034130199895856e-01	   2.4186221762920018e-01	   2.5906973071630185e-01	   6.6075295171741266e-01	   5.0644280095723715e-01	   4.2166324734435190e-01	   4.7271017255295167e-01	   4.1161065792976770e-01	   4.6016956465296710e-01	  -1.3603691888074251e-02	   1.6419059426976435e-01	   3.1536973118608314e-01	   3.3739735998141068e-01	   3.5031447793383885e-01	   4.0224866956923200e-01	   5.2387130675968829e-01	   4.4824095086978188e-01	   2.5467831525511814e-01	   2.6333944737694281e-01	   3.5556459737173857e-01	   2.1580308532062381e-01	   2.7798287826233603e-01	   1.8921752681670451e-01	   2.5319390195021257e-01	   1.2881408323100726e-01	   2.9615218411087163e-01	   3.0201710526286873e-01	   2.4334830726343426e-01	   2.6187627480259451e-01	   3.0142158180103579e-01	   2.2569992601723174e-01	   4.2177245644445827e-01	   3.8624172640917076e-01	   2.7003339430460221e-01	   2.2737786169256063e-01	   3.3943977432981570e-01	   3.1968164445901259e-01	   1.0241632085885510e-01	   1.0593293403434134e-01	   3.0121291305936970e-01	   2.5851650391475955e-01	   5.5630510155447488e-01	   5.6108871008711514e-01	   3.1585960371913702e-01	   2.6994401648715549e-01	   7.3365995739581313e-01	   6.7790043527788990e-01	   3.8197700032246057e-01	   3.6581085294285076e-01	   2.4488744742320034e-01	   2.2222278228887127e-01	   2.2633954087561026e-01	   2.0824335868919389e-01	   1.9783033660871641e-01	   1.8322294954884957e-01	   2.1044804148415908e-01	   2.3002405397714065e-01	   9.3890547484802203e-02	   1.5082498273707939e-01	   2.8458244652636600e-01	   2.7001325950303656e-01	   1.2577735919085054e-01	   2.8221623391298095e-01	   1.2856348354283989e-01	   2.9832206176464593e-01	   4.5590973593606143e-01	   4.5039644897835962e-01	   3.4179404493676085e-01	   2.8028313700644575e-01	   6.1148692180472808e-01	   5.3368641010437357e-01	   4.6873095076085997e-01	   6.1916659423720766e-01	   5.0254003489570109e-01	   7.0199540641994584e-01	  -4.7402254366200658e-02	   8.2581860263335236e-02	   2.1642653078391647e-01	   1.9609699236701747e-01	   4.0702845258211173e-01	   4.4113518618558434e-01	   5.7067554811977284e-01	   6.9312411384746309e-01	   2.3050761598664660e-01	   2.0741959583464148e-01	   1.6796752514726521e-01	   1.7593215197661061e-01	   3.8879149592038520e-01	   5.2102889501973393e-01	   8.3419720065194131e-02	   8.5404456087961531e-02	   3.2270027406600171e-01	   4.0829361476617126e-01	   5.0960957076631508e-01	   2.9938019708992730e-01	   1.1010431420247885e-01	   4.8462935213375351e-02	
   2.0861748819407144e-01	   2.7246299749460728e-01	   5.6933194341527305e-01	   7.8119692072483748e-01	   7.0938286956760266e-01	   8.3689457840212778e-01	   7.2727508535822794e-01	   8.3129377619999145e-01	   8.0186494893295945e-01	   0.0000000000000000e+00	   1.0132312620816802e-01	   6.0693859998966804e-01	   4.4011383479538174e-01	   7.5609343149704911e-01	   6.4394204239984232e-01	   8.1564221420413374e-01	   4.8756563408199574e-02	   1.0248747975297844e-01	   5.3124930269617210e-01	   4.1981421419214027e-01	   2.3771723402737041e-01	   3.3385150574535050e-01	   6.1571457693347043e-01	   5.9369402908656654e-01	   3.6314340491729491e-01	   5.3245290632103637e-01	   3.8381635932388891e-01	   4.8906685452134652e-01	   2.8843795863871292e-02	   1.8381434269297858e-01	   3.4736169596262850e-01	   4.7426878827263663e-01	   2.5444660135021629e-01	   4.0618247306417476e-01	   5.0668678954844359e-01	   5.5066721642873206e-01	   1.5665628188982278e-01	   2.1966775253509804e-01	   2.7063877008247167e-01	   1.6839662238433170e-01	   1.4713345645225787e-01	   1.2463409187785385e-01	   3.5927178878245775e-01	   2.2716110227062219e-01	   3.8620439995147510e-01	   4.2521779772973595e-01	   3.0200080565375759e-01	   3.2124048856205112e-01	   3.0248376587318615e-01	   2.6826607562922711e-01	   4.1624352616279930e-01	   4.4523875465093321e-01	   2.9915442682141435e-01	   2.4566359470258869e-01	   3.4636168887553770e-01	   2.7205571459771793e-01	   8.0126307789011600e-02	   7.7699702692276551e-02	   2.6248209329974737e-01	   2.6776080686655690e-01	   5.3811791704369338e-01	   7.8880531728330872e-01	   2.9509651525846037e-01	   3.2704939867256877e-01	   7.1139597871293347e-01	   8.5488765835208491e-01	   3.3826663845047261e-01	   4.2210109820788311e-01	   1.7249637248414035e-01	   1.7470066831526315e-01	   2.0855492469208897e-01	   2.5812758486299003e-01	   1.1694424897182173e-01	   9.2097740988209664e-02	   1.2793302363951523e-01	   1.7528177261878872e-01	   6.6247859834105277e-02	   1.2138245842272036e-01	   2.6339964287975165e-01	   1.9683578232661245e-01	   1.2722333967098620e-01	   2.0847553214119241e-01	   1.7921010351469185e-01	   3.2423849334698041e-01	   4.5111670603007764e-01	   4.5967563194271038e-01	   3.6263615976649965e-01	   2.9155871448605664e-01	   5.2194956623846334e-01	   4.9408902915695213e-01	   4.7111103888865674e-01	   5.7882379751140101e-01	   4.5759402067469956e-01	   5.4750674163257917e-01	  -5.2621154289740901e-02	  -5.2217135069492129e-03	   2.2475960019031471e-01	   2.0795304671999904e-01	   5.0182990226978252e-01	   4.8033884850004055e-01	   4.9287096952642723e-01	   5.5790933737708781e-01	   3.2193430318102212e-01	   9.2424532692128109e-02	   1.3554257747182041e-01	   5.2919371908122459e-02	   4.7670823828948433e-01	   4.5763789076127748e-01	   7.2013290737629021e-02	   5.0651881341803658e-02	   3.2381685527455212e-01	   5.1060949401619848e-01	   5.2093753819204891e-01	   3.9145078539938288e-01	   1.4199172341349642e-01	   9.4174669165349084e-02	
   6.7461906172733532e-01	   6.1122022601674164e-01	   3.6273833198407379e-01	   9.5679917493936874e-03	   1.4720047959189742e-01	   1.5351724243774101e-01	   3.0413964518945535e-01	  -1.0099751787591896e-01	   1.2909163440444596e-01	   1.0132312620816802e-01	   0.0000000000000000e+00	   4.3501800214100472e-01	   6.7501970864864647e-01	   2.7810525337341474e-01	   5.2760828900458601e-01	   3.1422512561297999e-01	   6.7895163106202405e-01	   6.3529316334420660e-01	   4.0358294947095752e-01	   4.6754330018589718e-01	   3.1867203596416954e-02	   5.0546928054243954e-02	   6.2951426249240480e-02	  -1.1742274339555084e-01	   2.7943350264831690e-01	   1.4905046465864624e-01	   2.4232440579481312e-01	   1.5691949702768265e-01	   5.9855577561248241e-01	   5.6213458623755552e-01	   5.7375154887888601e-02	  -3.7410037354363893e-02	   4.7598113407823478e-01	   4.2192799000653602e-01	   1.1454300459805958e-01	  -1.0870337104600752e-01	   2.7444054398515960e-01	   3.6458726810268532e-01	   2.4035519114896464e-01	   2.8119963038236528e-01	   3.0196015972378992e-01	   2.9035840156944021e-01	   3.8259280834533438e-01	   5.1446105957115018e-01	   3.5869253484174879e-01	   3.8811275198402412e-01	   4.0998838810971916e-01	   4.3224300030136631e-01	   4.2844742377387623e-01	   4.2570238950469275e-01	   3.4014055836315693e-01	   3.0168158559696789e-01	   3.4498006114592350e-01	   4.4631783682556575e-01	   2.6817442118479629e-01	   3.1980397721097042e-01	   5.1259550786181407e-01	   5.3780295108852583e-01	   3.6566588578754600e-01	   4.6204865729584610e-01	   4.6680653382567805e-01	   1.5675274230570022e-01	   5.1173536406997011e-01	   3.4322836549229407e-01	   8.4476407532439360e-02	  -1.0854166504633495e-03	   2.8528515333511173e-01	   1.7674067427538467e-01	   4.1640520510364937e-01	   3.8097358188944208e-01	  -9.6226334318587584e-02	  -2.3574349942179512e-01	   5.0104058689668440e-01	   5.8078377000558290e-01	   4.3330467689379815e-01	   3.3412883493871870e-01	   5.6559393802032953e-02	   4.8087836001679603e-02	   5.6305393239080037e-01	   5.9438986332901356e-01	   5.4567990573171177e-01	   5.4766787133631389e-01	   1.9694291152579629e-01	   2.5539441055619816e-01	   4.0561523657059539e-01	   3.1017523181474188e-01	   3.7017079963181612e-02	  -1.1738161455511939e-02	   2.6386401194763065e-01	   3.0207425924702841e-01	  -2.6028465838116999e-01	  -3.1579320043347014e-02	  -3.6682128120467339e-01	  -1.4678169454494128e-01	   8.8242447210004571e-02	   6.7530117317202043e-02	   2.9520242749224729e-01	   2.8923492241064197e-01	   1.2834527095475140e-01	   2.1234068777176929e-01	  -1.6470468027197116e-01	   4.8159583593020472e-02	  -1.4412810890336717e-02	   5.1586572104596197e-02	  -1.6097897879219328e-01	   3.2623746270020647e-02	   3.9944775439373081e-02	   1.6846341206981733e-01	   4.3418129978257747e-01	   1.0094473808664568e-01	   2.4654651891673135e-01	   1.2531377139264588e-01	  -1.8438551287636773e-01	   2.0677460917703794e-01	   1.5373263409277202e-01	  -1.7545146584160826e-01	
   2.1171811649002509e-01	   3.3816499545219214e-01	   3.8001395253793446e-01	   6.3937793506986695e-01	   5.8370395506610384e-01	   6.9894441722917700e-01	   5.9297005160456373e-01	   6.2147309041458465e-01	   4.3103626109731702e-01	   6.0693859998966804e-01	   4.3501800214100472e-01	   0.0000000000000000e+00	   5.1971135174884120e-01	   8.5771320038110810e-01	   5.5629100439093915e-01	   7.1149911358484763e-01	   2.9241816920035041e-01	   3.6229439287557980e-01	   5.2257959043864410e-01	   5.1093843163004626e-01	   4.3650001938798488e-01	   4.1811982938700798e-01	   4.3671056754503612e-01	   3.9418047182671612e-01	   3.4881089625546846e-01	   5.0299902979865907e-01	   3.6918148045610555e-01	   4.8541293708135308e-01	   4.9472024975554341e-01	   5.5838132614052927e-01	   5.6720275677773779e-01	   5.8187225707966250e-01	   3.8845962147050539e-01	   5.6174123634192441e-01	   3.5603863570624011e-01	   3.8556528037573345e-01	   2.0303295469068394e-01	   2.9410348640408696e-01	   1.7522178739574659e-01	   2.5177893451301259e-01	   3.1651381407448625e-01	   3.4254318412942020e-01	   5.3455635684065894e-01	   4.5241046577941119e-01	   4.9337731602714419e-01	   5.1775228664099870e-01	   4.7193163406419952e-01	   4.5327437566414247e-01	   3.5001464405424298e-01	   3.8403938397861292e-01	   4.5632935326131618e-01	   5.0297572668028567e-01	   2.8263905597772765e-01	   2.4751310000983556e-01	   4.0989674823209371e-01	   2.3485894252913797e-01	   1.6384127786975851e-02	   2.6482844988759555e-02	   1.8962364851809160e-01	   2.6215322289441345e-01	   4.1006920116029860e-01	   6.1246162082196098e-01	   4.9309462675116555e-01	   5.9710287119493111e-01	   4.8819966636815060e-01	   5.8543989795361373e-01	   4.1364640031691474e-01	   5.3139919047129347e-01	   4.1197811207545967e-02	   2.6589670761541433e-02	   3.9667399076562354e-01	   3.5273301911323329e-01	   3.9309435509558033e-01	   4.8663063879168333e-01	   3.6953412953474107e-01	   4.5286718015668809e-01	   1.6152749838010827e-01	   2.6530218151705537e-01	   3.7968832312276579e-01	   2.8452149858133524e-01	   2.7031400554810159e-01	   2.5795488514366394e-01	   3.2154536866198713e-01	   4.2548501342359729e-01	   4.9923390321111871e-01	   5.1781142182741768e-01	   2.0774559714913143e-01	   1.3461992608100518e-01	   3.4893931195153227e-01	   4.3219777990841357e-01	   2.6190774128922351e-01	   4.0041637771879185e-01	   3.9176180382248488e-02	   7.8245580592525232e-02	  -1.8811480000441305e-01	  -1.5359808941815373e-01	   3.0281707293486870e-01	   1.8092817051267504e-01	   5.2446806413254388e-01	   3.4807739779907088e-01	   3.0344115356793905e-01	   1.4177155530362501e-01	   3.7097021377665118e-01	  -1.4280863458241677e-01	   1.4800902139043015e-01	  -4.5839440580072680e-02	   5.2343140003121880e-01	   2.4379960421360275e-01	   1.0911882057542598e-01	  -1.3432807216178988e-01	   3.3655832749231568e-01	   5.0570610340118594e-01	   2.4859561410870118e-01	   2.5973703054147440e-01	   1.5896458925475854e-01	  -4.4895355723878830e-02	
   3.3589785907043912e-01	   2.4802031582026907e-01	   4.8818709703377650e-01	   2.7825563699951478e-01	   2.3691617296606277e-01	   3.7139568229290987e-01	   5.8458908925766062e-01	   2.6612805252123695e-01	   4.3365982390145164e-01	   4.4011383479538174e-01	   6.7501970864864647e-01	   5.1971135174884120e-01	   0.0000000000000000e+00	   5.3652223798147158e-01	   6.8406436957714045e-01	   5.4031316257095430e-01	   3.0732691119037137e-01	   2.7362830368231617e-01	   4.2609373886237778e-01	   2.5755581929536253e-01	  -1.2966007758430098e-01	  -1.1454907695813171e-01	   3.0088431530241511e-01	   9.9992163208744336e-02	   1.4398509850516483e-01	   1.0485879088942068e-01	   9.7498906181476191e-02	   9.2134125608211451e-02	   3.3268272758703726e-01	   3.1809064625937566e-01	   2.0768043014598936e-01	   1.0362988729960126e-01	   2.5708901501283804e-01	   2.8022892596446602e-01	   1.8797487118703202e-01	   6.3216012101722591e-02	   4.8986981516926750e-02	   7.6322533745720345e-02	   7.0681958601344408e-02	   5.9462835194260141e-02	   1.1691087340072370e-01	   1.2776558487346185e-01	   2.2538250907273885e-01	   2.4225124842101833e-01	   1.5454969095709503e-01	   1.7580756082982640e-01	   1.5970164762188563e-01	   1.6529373707466588e-01	   1.3465246986539994e-01	   1.1635757089561527e-01	   1.6885573376553431e-01	   1.9225939876489023e-01	   6.9590234972141785e-02	   1.8806933628340480e-01	   6.1575038533732002e-02	   6.6723267684886609e-02	   1.6047127695211652e-01	   1.8905135495719902e-01	   1.7118460663134216e-01	   1.9108153158242241e-01	   5.9307934711906451e-01	   4.4838286969804897e-01	   6.0187023640181614e-01	   5.0571786635149141e-01	   4.0686308478628685e-01	   3.2037985691594895e-01	   1.5421565967813969e-01	   1.3447289789698011e-01	   1.0748038465789397e-01	   6.1161945038845353e-02	   4.4204955469063389e-02	  -1.2211249811473807e-01	   2.6097498527709534e-01	   2.4037702190678684e-01	   2.9709095547420322e-01	   1.8416267343538376e-01	   9.4567851058454361e-02	   1.3540787705410778e-01	   2.5444080128478563e-01	   2.8940921817324700e-01	   1.5439228876481989e-01	   1.9844944859818861e-01	   1.2432383707148130e-02	   1.6599049187668088e-01	   2.4083294483598572e-01	   2.0189080504649315e-01	  -1.7824222039549691e-02	  -1.2171842589963888e-01	   3.2655985106259544e-01	   3.4810104961476640e-01	  -1.0138028943071371e-02	   1.8583463891211532e-01	  -5.1788908845026779e-03	   1.6533308030153504e-01	  -1.1729065330380689e-01	  -1.2407565388156558e-01	  -6.9254050363353192e-03	  -5.3861019276729954e-02	   1.1589096361752010e-01	   1.1589565447265290e-01	   1.4107225268208153e-02	   2.9782944859959665e-01	  -5.6551972195568533e-02	   9.6134222342514494e-02	  -1.7824938269572344e-01	  -9.8123056369369910e-02	   1.1656262025635615e-01	   1.9066985057156499e-01	   1.3846985633335629e-01	  -1.6111932236077842e-01	   2.3231855214444784e-02	   8.2521515024241821e-02	   7.8148680465420020e-02	   8.2065269608157798e-02	   7.1203457730385097e-02	  -9.6518959533306678e-02	
