   0.0000000000000000e+00	   7.6729383381904537e-01	   4.8316162679597652e-01	   6.8492490411013451e-01	   6.0460987363242702e-01	   5.4165653115641565e-01	   7.7066789269923175e-01	   7.3277271539327360e-01	   6.4044226361068568e-01	   4.8918079099378897e-01	   7.6080391680696957e-01	   6.5344181001652935e-01	   4.8428953379145112e-01	   4.8753415386530524e-01	   5.6168175108406171e-01	   4.2344331874640728e-01	   5.5149109838483634e-01	   6.1255608008903040e-01	   6.9647578292679269e-01	   7.1864908085875001e-01	   2.8841938327033001e-01	   1.9278415217797337e-01	   3.3248349021502532e-01	   2.7424049009707002e-01	   3.2606671103924761e-01	   2.6967110425324220e-01	   4.1346863414703761e-01	   3.7973128448254267e-01	   5.1773129626054359e-01	   5.6025647722311966e-01	   3.3618874835606360e-01	   3.6033849868394474e-01	   6.3365450682153046e-01	   6.5766821831691824e-01	   3.8006680667329229e-01	   3.2428105363045595e-01	   7.0045704474218970e-02	   1.7960506488231065e-01	   2.7718539050319546e-01	   2.7695359337279191e-01	   1.1653473559153391e-01	   2.8939020057808316e-02	   3.7901899337547440e-01	   4.7170083335472046e-01	   4.0651720484320319e-01	   4.1850976808107154e-01	   5.6590755964698491e-01	   6.1493047819599822e-01	   4.8544573445392458e-01	   3.9945923859196575e-01	   6.7996723705364592e-01	   5.0436645908833899e-01	   4.9714116870366359e-01	   6.2465324018338642e-01	   5.9237257141045097e-01	   7.0977570311704818e-01	   4.7599417075041484e-01	   5.7493748591664029e-01	   7.2578962467674613e-01	   6.4052428613259205e-01	   6.1565510501297860e-01	   6.4402122580573029e-01	   7.0445519848450955e-01	   6.1042754173199587e-01	   4.8082724582702630e-01	   3.8751319699930253e-01	   6.1867343116054641e-01	   4.5793226615751526e-01	   4.2381668559483149e-01	   1.8103509532949591e-01	   3.9673911118665628e-01	   3.9786690980683126e-01	   4.3817245180602371e-01	   4.6123592595132368e-01	   5.1915623242770848e-01	   5.1212818912957470e-01	   6.3215090170404076e-01	   5.1988235564162222e-01	   4.9193854553136313e-01	   4.1576161232735620e-01	   5.8753852284168739e-01	   6.9817675902509668e-01	   3.9676066283077571e-01	   4.0385844153559808e-01	   5.8351216524973570e-01	   6.3393471210301067e-01	   3.7007982262882477e-01	   3.4201431986767833e-01	   6.1238277412052933e-01	   5.5885575578437863e-01	   5.5674923512718211e-01	   4.8171005000812028e-01	   2.3988207215143542e-01	   2.1935517388153875e-01	   3.2960261197964424e-01	  -8.6273234934529611e-02	   5.3421198699813832e-01	   4.7093345574232737e-01	   5.6844868534999082e-01	   5.6826707759586936e-01	   3.9488487560642238e-01	   3.0562478977925828e-01	   3.8797318017024784e-01	   3.2594033993438937e-01	   1.7492980771404190e-01	   2.1633219191962726e-02	  -7.2592463385348542e-03	  -2.4889340877913360e-01	  -6.6442542341453636e-02	   2.4548099698523462e-01	   3.4737777529450198e-01	   4.8759486539661456e-01	   2.6426490311067707e-01	   2.2581113831841138e-01	   5.3303825326063856e-02	  -2.5318064754022349e-02	
   7.6729383381904537e-01	   0.0000000000000000e+00	   2.3147367108786704e-01	   5.7075310016360792e-01	   3.4746485664529553e-01	   3.7516022746072308e-01	   5.2162012483319087e-01	   5.7319113867119409e-01	   4.5660195258479996e-01	   3.3538021239777482e-01	   5.8171940741410122e-01	   7.2716378655492409e-01	   4.6674703241531978e-01	   5.5020987917389730e-01	   4.0756175258323030e-01	   4.8081004850163123e-01	   7.0835999894153390e-01	   6.7961291614183872e-01	   5.2815147858759048e-01	   7.8468414477851445e-01	   2.7317261855535668e-01	   3.2590298141935792e-01	   2.1223219932762166e-01	   2.7045370858807716e-01	   2.4435565990269759e-01	   1.7327929375043216e-01	   2.6866077461947718e-01	   3.3361226409092692e-01	   5.2289061055949237e-01	   6.2937138248220614e-01	   3.2184743918167180e-01	   3.1988156083314101e-01	   5.9105831667898800e-01	   6.5088607832737644e-01	   2.6255970855021377e-01	   2.7447686220507045e-01	   2.1888607884089584e-01	   3.2452195708205245e-01	   2.9410165095852825e-01	   2.7676936794077878e-01	   3.1732570133492233e-01	   2.4402582759940683e-01	   2.8682241957072169e-01	   3.6122792987812508e-01	   2.6025536378103337e-01	   2.8953850843325918e-01	   4.6525506641576814e-01	   5.0170842642539326e-01	   3.0602336848647338e-01	   2.8889725689236667e-01	   5.4373640213429908e-01	   3.5121100348006479e-01	   3.8418777682574556e-01	   4.3531985440152243e-01	   5.0174843407350200e-01	   5.9621551118341998e-01	   5.5898784733519280e-01	   7.6621541928642789e-01	   5.8506122227652790e-01	   6.6353010586155436e-01	   5.8971982759483177e-01	   6.0847592210156354e-01	   7.4422845791266046e-01	   7.4294947857987803e-01	   2.2800205456040012e-01	   2.5052420548496246e-01	   3.9982833823428887e-01	   3.2868936147965921e-01	   5.7370613060399300e-01	   4.1132940051048505e-01	   3.8675344671671358e-01	   3.6173102660207057e-01	   5.4301626924200486e-01	   6.4970201117048032e-01	   5.1291010021839001e-01	   4.9740479888355738e-01	   5.5144770506098173e-01	   6.2288092135071704e-01	   5.1041276979906858e-01	   4.3440976564328782e-01	   7.3847928830909115e-01	   6.7875522750331529e-01	   2.4779958231808513e-01	   4.9733176992792649e-01	   4.5276142052580282e-01	   5.9528922720258204e-01	   1.5308398666589737e-01	   3.0514743223994933e-01	   5.7991849343313495e-01	   5.8361293726424812e-01	   5.1904820840530008e-01	   4.1977382224307774e-01	   3.0728768183264860e-01	   2.0775862125539488e-01	   3.1162766088122590e-01	   5.5402162781442651e-03	   5.4518217242192646e-01	   4.2716477320098106e-01	   5.0719840874593280e-01	   4.6342471846573141e-01	   2.8907597877507274e-01	   1.7872739845426752e-01	   3.6885065191424737e-01	   2.4039206060134100e-01	   3.1441210528959129e-01	   1.8899131568638036e-01	   9.1115796891024128e-02	  -4.0890923203173030e-02	   4.4044418353243013e-02	   2.1678954702343831e-01	   3.8669840438905323e-01	   4.4798046737911656e-01	   2.6469402297720646e-01	   1.8550994222380260e-01	   1.6846183462264655e-01	   1.4079111758865559e-01	
   4.8316162679597652e-01	   2.3147367108786704e-01	   0.0000000000000000e+00	   6.0430245313290532e-01	   7.1715866168578501e-01	   6.2047200574590211e-01	   8.2544623313548737e-01	   5.2053503965543491e-01	   6.4775664771408437e-01	   4.2276295496188615e-01	   5.7406906840074801e-01	   3.3328207114074082e-01	   4.1085910399603515e-01	   2.1702948882601786e-01	   7.1531838956643157e-01	   3.4342519692054829e-01	   7.8802643409534578e-02	   4.0127888808477813e-01	   6.4665740358384327e-01	   3.5223660588418143e-01	   3.5589687960735217e-01	   3.6764442317729051e-01	   5.8807869129312440e-01	   3.1269503153990291e-01	   4.4834426878998890e-01	   3.9617565441394409e-01	   4.6913214179042229e-01	   4.0532212558982972e-01	   3.5351134605716439e-01	   3.6985324521185509e-01	   6.0547633906056830e-01	   5.1067597319507141e-01	   4.7275818962802668e-01	   4.8187642159430760e-01	   3.9489818111097824e-01	   2.1246237668327539e-01	   3.4581121802261150e-01	   3.0242247972534908e-01	   2.7662376350654794e-01	   5.6745786655088348e-01	   9.9250374995626833e-02	   9.0505207287515127e-02	   5.3218584062654395e-01	   5.5678937724776167e-01	   4.9329169759152214e-01	   3.7117089536719128e-01	   4.4042749774862977e-01	   5.2763127818631772e-01	   5.3022201248691236e-01	   5.4980563982606223e-01	   4.9595433097214520e-01	   5.8209536976941356e-01	   2.3686060925520847e-01	   5.2613657556723248e-01	   4.0752291368630544e-01	   5.5361450065876761e-01	  -5.4576003590753742e-02	   1.3608390725319092e-01	   3.4145790044676250e-01	   1.2925363176021415e-01	   6.0556854844541985e-02	   2.2077436317976395e-01	  -2.8591549313173953e-02	   4.7987659583980996e-04	   6.5780987809740110e-01	   5.2568935015694873e-01	   5.2779227306328247e-01	   4.0257987642150100e-01	   7.1848132827091238e-02	   1.9467349607439621e-01	   3.5539462311319947e-01	   2.8005355688936590e-01	   2.7329695596357556e-01	   1.8952299667476591e-01	   3.5302684678725671e-01	   3.6279331080245841e-01	   4.2897921852421633e-01	   1.7824261814734438e-01	   3.4863354499010557e-01	   4.3602497412366814e-01	   2.9459154802066412e-01	   4.7881370160606962e-01	   4.4087235223882526e-01	   2.0299398835418964e-01	   5.9772019464670556e-01	   4.1444861060587346e-01	   5.1268847766817627e-01	   2.0566703753530688e-01	   4.0893889811709661e-01	   4.2034546494543057e-01	   3.0089421541832262e-01	   4.2147490054684877e-01	   1.5005940517486599e-01	   2.7937373645352992e-01	   2.1260896433805007e-01	   6.6630915822570413e-02	   3.9278954943787037e-01	   3.5839086083128030e-01	   2.2518990435926686e-01	   2.5845109653087261e-01	   2.6265464708521724e-01	  -1.0500100984532967e-01	   1.5877316261616298e-01	   1.5376413158773239e-01	  -9.4490350626380726e-02	  -2.0004207038958249e-01	  -1.1839595931913913e-01	  -3.4591196638138344e-01	  -7.8564779934188242e-02	   2.1126492261598306e-01	   3.3417722293497421e-01	   2.5793041685080642e-01	   1.3697223716086071e-01	   2.0260175690788298e-01	  -1.8328852197817800e-02	  -2.5083140080407851e-01	
   6.8492490411013451e-01	   5.7075310016360792e-01	   6.0430245313290532e-01	   0.0000000000000000e+00	   4.4093409628452640e-01	   6.2997582902711990e-01	   7.3346970647553578e-01	   8.2228504920542300e-01	   4.2512996757793009e-01	   5.9551689716660572e-01	   5.6212737743442154e-01	   6.5808187262358619e-01	   3.2931978894356290e-01	   4.5981887899227952e-01	   6.0226802408886337e-01	   6.5061470115846443e-01	   2.9476401845179218e-01	   4.2686445196869272e-01	   6.4425194346375092e-01	   7.0820809466492485e-01	   4.5876036282395810e-01	   4.6196933512802763e-01	   5.2680793463792663e-01	   5.7252709077201946e-01	   4.6369686544674504e-01	   4.6906681750744217e-01	   3.8073452173928779e-01	   3.8573839041424096e-01	   4.6419345761425501e-01	   5.3272663717815549e-01	   5.9969753086038624e-01	   6.8706169460767463e-01	   5.8175520176004847e-01	   7.2050634047972761e-01	   6.0406567275067702e-01	   5.7693624253731834e-01	   2.0048320926788232e-01	   3.0911860158724697e-01	   1.7537452501699591e-01	   4.4700977275680126e-01	   5.2495342655575900e-02	   1.0850393137580061e-01	   5.4749844091554056e-01	   7.0056099492494517e-01	   6.2005249235963367e-01	   5.7698517985474695e-01	   6.7176363719630106e-01	   7.3111077003675573e-01	   4.8208074213068253e-01	   5.4342437659798581e-01	   5.9199630066340059e-01	   5.3998448064198634e-01	   4.4405335834161214e-01	   4.8743469135968653e-01	   5.3338997977783831e-01	   7.2602729577002556e-01	   1.3169666249328382e-01	   3.7427310120712914e-01	   4.7113093141617368e-01	   5.8404167550479136e-01	   2.1211076267706841e-01	   5.7916698446108872e-01	   3.5802030852017974e-01	   3.2376958790742172e-01	   5.5535926859100393e-01	   7.9409570757496506e-01	   6.3606861299027750e-01	   6.7651678219455058e-01	   1.9517260310392132e-01	   1.2209331181053103e-01	   5.0772003742218830e-01	   4.3175965386931237e-01	   4.0887763954827805e-01	   4.2173773373152201e-01	   4.5987476202443200e-01	   3.6569739288253467e-01	   5.4583530011527670e-01	   5.3149286713948252e-01	   4.3841281387077335e-01	   4.0769074643049896e-01	   5.3382672836648382e-01	   5.5611712350581100e-01	   5.0696999984157254e-01	   2.8717976495663922e-01	   7.1237583008800520e-01	   7.3652076650500986e-01	   4.1882160171354504e-01	   3.7836847761281006e-01	   5.4659259484195089e-01	   4.9290238493796579e-01	   4.5388215439586482e-01	   3.7802417665585836e-01	   1.7063339877282119e-01	   1.8415999620922238e-01	   2.6598500439935402e-01	  -6.0303836462241175e-02	   5.6557039475179205e-01	   4.5510346289248832e-01	   4.9601178315829880e-01	   4.1099592276406915e-01	   2.2691124204077995e-01	   6.3227691096103295e-02	   3.6240121270246162e-01	   3.3593334140550968e-01	   2.9986081240699836e-01	  -6.3093027869150553e-02	  -1.1458239275570185e-02	  -2.8762958141349071e-01	  -1.1118963962781017e-01	   2.3105104082132488e-01	   4.8142540548824764e-01	   3.6813182698534680e-01	   2.6005595891393035e-01	   3.7879048134473936e-01	   1.6344239670596966e-01	  -8.9850936269969900e-02	
   6.0460987363242702e-01	   3.4746485664529553e-01	   7.1715866168578501e-01	   4.4093409628452640e-01	   0.0000000000000000e+00	   7.0017016670248000e-01	   8.0735994940205391e-01	   4.9395750731962940e-01	   7.8210493896696875e-01	   4.0700172827631947e-01	   7.2137227141719751e-01	   4.0948004638249902e-01	   5.8737318715197795e-01	   3.2938678422148054e-01	   7.1094174823450240e-01	   4.0341459972610827e-01	   2.4546538154243397e-01	   5.2418298921315687e-01	   5.6771895180210175e-01	   4.2043022935387542e-01	   4.9028472753148755e-01	   4.3285714028722427e-01	   3.4541157343429096e-01	   1.6175810277166680e-01	   2.9611044929545938e-01	   2.4890736673619407e-01	   3.9832456788926995e-01	   4.3886779216658267e-01	   5.0158984449269550e-01	   4.7800190838301498e-01	   4.1655400759165362e-01	   3.8414349557097804e-01	   6.1140834012618561e-01	   5.8200238059198617e-01	   3.2955442998146323e-01	   3.1398710981730887e-01	   3.3484689560564829e-01	   3.4958878859257259e-01	   4.9057414718637166e-01	   5.8045911251721405e-01	   2.3312430380736793e-01	   2.1941358088505220e-01	   3.4684859382140254e-01	   3.8906799729767161e-01	   4.5080513401296601e-01	   3.7868672698974848e-01	   4.3543194390135798e-01	   4.5281809220236457e-01	   4.8125780663165979e-01	   4.5693962766654084e-01	   4.6721569444505778e-01	   4.7588072089194372e-01	   2.3920561573755533e-01	   4.8899995556533260e-01	   5.5433294700314595e-01	   5.5335377080266701e-01	   1.3295892416557784e-01	   2.5447977342610567e-01	   7.0201486511291178e-01	   4.0865337030823801e-01	   3.6769395027303353e-01	   3.6449517438074575e-01	   3.5768960740685374e-01	   3.0840675845429966e-01	   4.5521741148009953e-01	   3.6582080595748723e-01	   5.4218773841852386e-01	   3.8777456374859332e-01	   2.9352819501086619e-01	   2.3644217235830356e-01	   3.5787318799590895e-01	   3.0654525003792060e-01	   4.3282563581109901e-01	   4.1117285793847375e-01	   5.5279412642495529e-01	   5.5587277562428505e-01	   4.0183875487527737e-01	   2.2896047141397927e-01	   2.9012875725529819e-01	   4.1110079091429214e-01	   3.0596279846404628e-01	   5.0966364524604524e-01	   4.6723755684488044e-01	   3.5367912353298897e-01	   3.9397181894631617e-01	   3.9984343292114832e-01	   2.4772489723008814e-01	   1.9924701570174372e-01	   4.2788377848895393e-01	   3.3599107027500202e-01	   4.0184449504753139e-01	   4.2942811785995399e-01	   2.0435966717298054e-01	   3.2159347396560140e-01	   1.4615866382847403e-01	   1.5047382003732447e-03	   3.2195770914944388e-01	   2.8168471520013527e-01	   3.2065341918111079e-01	   3.0774648979396729e-01	   1.6979210043772153e-01	   1.8326244252129759e-01	   2.1754887250880856e-01	   3.6327885582173919e-01	  -1.0301858543738143e-01	  -1.7580517700504461e-01	  -7.5494092538620272e-02	  -3.0633992475004512e-01	  -5.5237423174874942e-02	   1.6352506937309924e-01	   2.3327423678061959e-01	   2.3015561557839437e-01	   2.4360645556798444e-01	   1.6205611955449373e-01	  -2.0648557163845414e-02	  -3.1549954797432583e-01	
   5.4165653115641565e-01	   3.7516022746072308e-01	   6.2047200574590211e-01	   6.2997582902711990e-01	   7.0017016670248000e-01	   0.0000000000000000e+00	   6.8197379360682620e-01	   5.7026743686402015e-01	   5.7431489619083664e-01	   6.7322589610682992e-01	   5.7244981152960639e-01	   5.6159719901166694e-01	   5.3895336118497994e-01	   5.6310206360664872e-01	   6.0094141389456301e-01	   6.7833175509740773e-01	   2.2961887514424631e-01	   4.9016803738145864e-01	   4.7030090070420399e-01	   5.0279431188027723e-01	   6.3544348584709431e-01	   5.1422035904976959e-01	   3.1721484165294400e-01	   3.4780328033381835e-01	   2.9786040612532427e-01	   3.8240147375657629e-01	   3.6780099552890888e-01	   5.2642483806675922e-01	   3.7734741775017433e-01	   4.0503580400108652e-01	   4.5277866582061171e-01	   4.7840558594624855e-01	   5.2638777713731721e-01	   6.1620827111918675e-01	   4.9374434206714435e-01	   5.4854946832273832e-01	   3.8451200780104783e-01	   3.7919012211637504e-01	   4.5660746133881780e-01	   6.3118206687444145e-01	   2.2778982013076349e-01	   2.5435160721965455e-01	   4.5493060931513996e-01	   5.2245915188683889e-01	   4.9953870880732143e-01	   4.4211671079895398e-01	   4.9512857674504257e-01	   5.0513128037357768e-01	   4.9000464033387486e-01	   5.6934885638451016e-01	   4.3321472082974355e-01	   4.6061414805134615e-01	   3.4166550197790457e-01	   3.8348392710427176e-01	   5.3937678921455290e-01	   5.6104285418404309e-01	   1.2119223955129249e-01	   2.1987555715472551e-01	   6.1775936983856006e-01	   5.2038499624937373e-01	   3.2985546266630072e-01	   4.6348687565267377e-01	   2.9389309419469911e-01	   2.2935896797450311e-01	   3.7068713500298378e-01	   5.7757188154305283e-01	   4.0373924856633026e-01	   4.4099064656004755e-01	   3.2571118363400736e-01	   3.9941250608339807e-01	   2.4282921025888110e-01	   2.3552653719952960e-01	   3.9830489515346740e-01	   3.0786095862370610e-01	   4.7484705924788922e-01	   3.6998688943953595e-01	   3.7676095921881203e-01	   3.2467233472767520e-01	   1.3756451752503296e-01	   2.6956742172976206e-01	   3.3133455879827101e-01	   3.0974916116988893e-01	   3.2735927697127665e-01	   3.1733693513732031e-01	   3.5438682735161814e-01	   4.2783737503018254e-01	   1.6520380037884266e-01	   2.4156762622085309e-01	   5.3407009611632017e-01	   4.9242468916723714e-01	   4.7455947809654797e-01	   4.1118488897561262e-01	   2.6802636084678366e-01	   3.5283196627964958e-01	   2.2658358864564165e-01	  -3.4008887560372618e-02	   3.6178071619077384e-01	   3.8976419710789878e-01	   3.6850104005996587e-01	   2.3991352836458213e-01	  -2.3361965271206604e-02	   6.5732347649651343e-02	   3.4376867164506114e-01	   3.9810969060389578e-01	   1.4045515290622587e-01	  -1.8334423770239666e-01	  -1.1568634787386439e-01	  -2.5363412730391277e-01	   2.0121846263402190e-03	   2.9124981737970768e-01	   3.7185043019461306e-01	   2.3592977286153757e-01	   2.3509770511494216e-01	   2.1454855004183493e-01	   9.4770864336446062e-02	  -1.8048161539366742e-01	
   7.7066789269923175e-01	   5.2162012483319087e-01	   8.2544623313548737e-01	   7.3346970647553578e-01	   8.0735994940205391e-01	   6.8197379360682620e-01	   0.0000000000000000e+00	   8.0753851087864703e-01	   7.9405771544111037e-01	   6.0114399390100437e-01	   7.5689326050128869e-01	   5.7076246592880342e-01	   4.8328625865644481e-01	   3.8725927723230297e-01	   6.9854988511255012e-01	   5.0156760520993793e-01	   2.8900186923482341e-01	   5.3253710767809415e-01	   7.6499335297490390e-01	   6.6214783037064640e-01	   3.9735649259498018e-01	   3.6951987675034015e-01	   4.4316211329112593e-01	   1.9700684371862026e-01	   2.8224038617184288e-01	   2.1611061446626254e-01	   3.6356996790794721e-01	   3.5750324966129310e-01	   5.8679037507865661e-01	   5.9721526874727116e-01	   5.7007427730542648e-01	   5.2103917315661363e-01	   7.1595569867262721e-01	   7.2734542631400123e-01	   3.7481030512312558e-01	   2.7643123995066410e-01	   1.4001388155565442e-01	   1.9148940784038049e-01	   3.1767097921673360e-01	   4.8825708845076243e-01	   2.8912040937267298e-02	  -1.3203357033752800e-02	   4.0773839953548707e-01	   5.0916276991903331e-01	   5.4340729520946596e-01	   4.7242148986850552e-01	   5.4494268266784618e-01	   6.2149541137431819e-01	   5.2343357529112167e-01	   4.8371378418586863e-01	   5.5997684330310293e-01	   5.8085082346772610e-01	   3.1796310195861982e-01	   5.6070079029551612e-01	   5.3951273739862915e-01	   6.8550648333753816e-01	   9.3259365447168327e-02	   3.1163481312049018e-01	   6.2824866158425063e-01	   4.9515084537135423e-01	   3.7613328017511349e-01	   5.4907423976618852e-01	   4.4485868886632041e-01	   4.3927646728906666e-01	   6.5132108028456670e-01	   5.2070176451260064e-01	   6.7935558854103217e-01	   5.1638398950570363e-01	   1.8209647349886440e-01	   1.7144614463004401e-01	   4.9146193282519857e-01	   3.3174689584570699e-01	   4.4184560466027933e-01	   4.0729351253530682e-01	   5.4311745861235616e-01	   5.4142341714504205e-01	   5.6995450137001746e-01	   3.6564388420411331e-01	   4.0034930557488069e-01	   4.0527928325593576e-01	   4.6848578694195564e-01	   6.2636155329245424e-01	   4.8970505268177944e-01	   3.1271434318542246e-01	   6.5673959819543337e-01	   5.8761027299916724e-01	   3.7141499919494403e-01	   1.9517830009601245e-01	   5.2486546208838736e-01	   4.2089342798556906e-01	   4.0840167658337601e-01	   4.0217667750382236e-01	   1.2142291006222072e-01	   2.0878709464821837e-01	   3.0601244980325704e-01	   2.1136476691715530e-03	   4.5483345389787477e-01	   3.8659015156167514e-01	   4.3104617300299419e-01	   3.6355651068975980e-01	   2.6298471517438970e-01	   1.3292285573573670e-01	   2.7900588370625679e-01	   3.0000762939999315e-01	   7.1713707169544894e-02	  -1.2690091594680009e-01	  -1.3278738742611215e-01	  -3.7867453609731094e-01	  -7.2545659375930535e-02	   2.2748237274039856e-01	   2.7132757186988016e-01	   3.8089390571815723e-01	   2.3858070957676125e-01	   2.4672815155129252e-01	  -6.3271380954012923e-03	  -1.7664329813121521e-01	
   7.3277271539327360e-01	   5.7319113867119409e-01	   5.2053503965543491e-01	   8.2228504920542300e-01	   4.9395750731962940e-01	   5.7026743686402015e-01	   8.0753851087864703e-01	   0.0000000000000000e+00	   5.6291055369151621e-01	   7.1385016962982928e-01	   6.4264308915023682e-01	   7.1039487290036418e-01	   3.2658236510439820e-01	   4.9288237900064863e-01	   5.0679376767380757e-01	   5.5236655042766036e-01	   2.7707795201620888e-01	   3.5511525502285213e-01	   7.0705488173777553e-01	   7.7878568376485013e-01	   2.6381779082016782e-01	   2.6200707376824561e-01	   3.5586920488765550e-01	   1.9190469009076677e-01	   1.8693923544337093e-01	   9.7056903853694254e-02	   1.8208395798257518e-01	   1.6390463161368404e-01	   5.6853568588894832e-01	   5.9684853733726628e-01	   5.0654423670056647e-01	   4.9725046498614711e-01	   6.1025710068058037e-01	   7.0642121708361438e-01	   3.9206057640699643e-01	   3.7095577655842638e-01	  -1.1560612311968281e-01	   8.6853361472303478e-03	   1.8427616729197113e-02	   2.7483322692122603e-01	  -1.9132933809140798e-01	  -1.7609308389736689e-01	   3.7490249451856994e-01	   5.0844674619852437e-01	   5.2655492965885109e-01	   5.4325475706620541e-01	   5.7924306529644598e-01	   6.7278782024892103e-01	   3.6946535726909691e-01	   3.8267608231529637e-01	   4.3609361150410964e-01	   4.6765997735985365e-01	   3.0930164592425685e-01	   4.3399277252393420e-01	   3.8546915663440035e-01	   6.1540384969294237e-01	   3.6203384255016381e-02	   1.7084574322234136e-01	   4.9048710017929581e-01	   6.2319705645249912e-01	   2.5799280097288091e-01	   7.0548286865245768e-01	   4.6332828421439765e-01	   4.6427133212216376e-01	   6.0832781650715795e-01	   6.2384368825233227e-01	   6.2706669117518754e-01	   5.9156712781228848e-01	   6.6981591729074003e-02	  -5.3733262042728275e-04	   4.8934044272041050e-01	   3.4497305321834959e-01	   3.9627040205539654e-01	   4.1516070922177895e-01	   5.0812582922035188e-01	   4.6779657433049887e-01	   5.6706362542783950e-01	   5.3697759608286866e-01	   3.3713606331659385e-01	   2.1066074583945693e-01	   4.8224817365746236e-01	   4.5960969473963176e-01	   4.0035909486864985e-01	   2.1069607710661625e-01	   6.7597830579417817e-01	   6.0248445222952807e-01	   2.2574733920754103e-01	   7.5784102712380452e-02	   4.1744543882795482e-01	   2.9180936189016549e-01	   5.1868859664502165e-01	   3.6060478278370989e-01	   1.6849196038960582e-01	   1.5927529394624679e-02	   2.3911508939930354e-01	  -2.0813253809996764e-02	   4.3967625806810018e-01	   3.4411803614332209e-01	   5.6281026542927737e-01	   3.8245759592898043e-01	   2.2885815214817976e-01	   3.9353471854541758e-02	   2.3867925744735330e-01	   4.7198832977972793e-01	   1.5368253866127124e-01	  -8.9851049812772255e-02	  -1.0209056170971696e-01	  -3.3071159689214769e-01	  -1.1887207967682970e-01	   2.1031242895637206e-01	   3.2456334208139515e-01	   3.9716582829456382e-01	   3.2854950127381588e-01	   2.7255861321459657e-01	   6.6053635956644971e-02	  -1.1929350898704215e-01	
   6.4044226361068568e-01	   4.5660195258479996e-01	   6.4775664771408437e-01	   4.2512996757793009e-01	   7.8210493896696875e-01	   5.7431489619083664e-01	   7.9405771544111037e-01	   5.6291055369151621e-01	   0.0000000000000000e+00	   6.7251654734017796e-01	   7.6614392465309555e-01	   4.8386304418069481e-01	   5.3709627201928978e-01	   4.3631666716867556e-01	   6.1297538773319349e-01	   3.1258529999949070e-01	   4.5826730647606317e-01	   6.1779800853445133e-01	   4.8721786472782547e-01	   4.0292356565867543e-01	   3.2792693890051294e-01	   2.8367848858018285e-01	   1.0567011525340742e-01	  -7.7885997820083513e-02	  -2.8619111016259077e-02	  -2.3872955149421959e-03	   1.5600591212159107e-01	   1.8306179421764485e-01	   5.7515753741602249e-01	   5.6976894889763774e-01	   3.5600630929863608e-01	   2.6123838181337783e-01	   5.5496348525607786e-01	   5.6689637872869025e-01	   1.2777403990145508e-01	   3.8454499387515315e-02	   1.9731282325527189e-01	   2.2313575511875861e-01	   4.1827106620780652e-01	   4.8274618025508031e-01	   1.2410582727628919e-01	   8.1871709447357527e-02	   2.1825974438191281e-01	   2.7942042739372652e-01	   2.2444111267296263e-01	   1.9113319401124629e-01	   3.3960773843038805e-01	   4.0945726822950235e-01	   4.0779433431132828e-01	   3.4433607266386818e-01	   4.5159007297345510e-01	   5.3227879594175254e-01	   2.2106163737658857e-01	   4.9041788088215676e-01	   5.1215688274234172e-01	   5.8680930593021530e-01	   2.3722367033594902e-01	   2.9841408327834529e-01	   6.3257053272597208e-01	   4.5695604882038721e-01	   5.2833322199761312e-01	   5.7261436076207839e-01	   4.7006169388812929e-01	   5.1766213147967843e-01	   4.9219172753619189e-01	   2.8994171080678222e-01	   3.1581810301067503e-01	   1.3773497383712374e-01	   2.6092171406201170e-01	   2.3426307582931821e-01	   2.6115549660558113e-01	   9.4605277501205759e-02	   3.3781551254163528e-01	   3.1907629942852822e-01	   3.8347651011361911e-01	   5.1668441015491973e-01	   4.1345286403681858e-01	   2.6765907012187795e-01	   2.7623369154119515e-01	   2.5418037925374326e-01	   3.3718872463416849e-01	   5.0722981417816237e-01	   3.2537687468707993e-01	   4.1436069018036725e-01	   3.2444746442301647e-01	   3.1754079369019805e-01	   1.9930578512058897e-01	   9.7148061634062255e-02	   5.9292825610341393e-01	   4.9553726861863495e-01	   2.9258411205824664e-01	   2.8632851342338217e-01	   3.7183284736821351e-02	   1.8156382996381201e-01	   3.6094013209126224e-01	   1.5606520859725834e-01	   3.5709404055371807e-01	   3.9149840747437947e-01	   2.6929470982233172e-01	   2.4511153905954872e-01	   2.7043048863402824e-01	   6.9310573444079523e-02	   2.2701864069592087e-01	   2.3786419042125223e-01	  -1.8194193149032818e-02	  -2.1528607766584881e-01	  -1.1006911674127848e-01	  -3.9555287537315076e-01	  -5.6966259283533396e-02	   1.7648562400196807e-01	   7.7825505375332060e-02	   2.5689786799960301e-01	   1.6045170284277249e-01	   1.0426405822886353e-01	  -1.1041684229210511e-01	  -1.3566605569261025e-01	
   4.8918079099378897e-01	   3.3538021239777482e-01	   4.2276295496188615e-01	   5.9551689716660572e-01	   4.0700172827631947e-01	   6.7322589610682992e-01	   6.0114399390100437e-01	   7.1385016962982928e-01	   6.7251654734017796e-01	   0.0000000000000000e+00	   5.7623849014797746e-01	   6.1093886014642118e-01	   3.5799642387528913e-01	   6.3380377045888669e-01	   3.6705662192559624e-01	   4.6242789415089458e-01	   2.6952441289459689e-01	   3.1994470565490180e-01	   3.1422455881050271e-01	   4.3840133949498239e-01	   3.3874457526817270e-01	   2.7028954319167803e-01	  -4.7317319614420206e-02	  -7.3154638786257081e-02	  -1.8510017611606966e-01	  -6.8450230006310592e-02	  -8.6075243523893757e-02	   1.6291644575487214e-02	   4.3735927170618505e-01	   4.6723299033222093e-01	   3.3436595044315065e-01	   2.7661970841713363e-01	   3.6221740418827819e-01	   5.1186923161086628e-01	   1.9595656984369841e-01	   2.6457147009591364e-01	   5.0297934774189337e-03	   4.4322819095413045e-02	   2.0635425690914169e-01	   3.9508307601228976e-01	  -1.4299839181126742e-01	  -9.4699369799400329e-02	   2.1663490588435602e-01	   3.3299432325480594e-01	   2.3888497684934396e-01	   2.6128950184754229e-01	   3.8947948643507480e-01	   4.2502666575307424e-01	   3.7233014660362029e-01	   3.4763694694239061e-01	   3.4776821784462797e-01	   4.9662488265892635e-01	   2.9323717786973053e-01	   2.9270745831532885e-01	   3.8309385075835078e-01	   4.8597261672626035e-01	  -1.7194932032345886e-02	   1.4863800588915583e-02	   4.3858353218742607e-01	   5.8406092568451329e-01	   3.3189032191793705e-01	   7.6191430561409035e-01	   3.2273777975249252e-01	   3.9930834767552237e-01	   3.8226328363436402e-01	   4.9266542656674450e-01	   1.5488015155290819e-01	   1.6217150193693419e-01	  -1.8928640037714540e-02	   6.3114146137791781e-03	   2.3594914271002784e-01	   6.6975289364495899e-02	   2.0632043985754372e-01	   1.8615609309749404e-01	   2.2062807611033322e-01	   2.8739763758789361e-01	   3.3377155259401076e-01	   4.0202080061669598e-01	   3.3804443497034729e-02	  -3.4951608211929011e-02	   1.9964403396366420e-01	   1.3689480077116720e-01	   1.2690950881941179e-01	   1.7047128288662178e-01	   2.2732749861826168e-01	   1.9897520522197493e-01	  -4.7009098853752526e-02	  -1.1243474488078928e-01	   5.5326459317105670e-01	   4.4511399093022419e-01	   2.7256679035286158e-01	   1.0678556451228687e-01	  -3.9801434756326033e-02	   7.6216535918409822e-02	   3.3205101892084887e-01	   7.7529628945501805e-02	   2.8182052427701559e-01	   3.8370619122643990e-01	   3.0110738123560055e-01	   1.0380328499727334e-01	   7.7619169262922408e-02	  -1.9032499567882007e-02	   3.1950072134235130e-01	   3.7082875912288626e-01	   1.9056184367769036e-01	  -2.7873568010399075e-01	  -8.1702307701337781e-02	  -3.5303913511275148e-01	  -1.0795446915043083e-01	   2.0776854258180788e-01	   1.3431332422893502e-01	   2.2073278107168431e-01	   2.4765206983006416e-01	   1.9317300597017178e-01	   7.7365697207258430e-02	   2.5048646840966925e-02	
   7.6080391680696957e-01	   5.8171940741410122e-01	   5.7406906840074801e-01	   5.6212737743442154e-01	   7.2137227141719751e-01	   5.7244981152960639e-01	   7.5689326050128869e-01	   6.4264308915023682e-01	   7.6614392465309555e-01	   5.7623849014797746e-01	   0.0000000000000000e+00	   7.6425423696988948e-01	   7.5784424091286129e-01	   6.6801426671348296e-01	   6.9434449914067242e-01	   5.2433747528765995e-01	   4.6644954675897532e-01	   5.3490932653228485e-01	   5.2586380801127919e-01	   6.3144909892471446e-01	   2.0447210085666620e-01	   2.1552500510703423e-01	   2.0462300891204155e-01	   1.5437734510336459e-01	   1.8527229650214661e-01	   1.1573798406726263e-01	   1.8096091519309782e-01	   2.1795649235696565e-01	   6.1295331444884282e-01	   6.2541432020461474e-01	   3.4282068281674388e-01	   3.1059663845233487e-01	   5.4280223336418265e-01	   5.9792431443893079e-01	   2.3287398568905035e-01	   2.4096092521514553e-01	   1.3177176558476444e-01	   2.0145955545572830e-01	   3.1972591861457550e-01	   4.1943809056367065e-01	   5.4952855035450776e-02	  -5.5254216832655870e-02	   2.7643393348946516e-01	   4.1328681439413006e-01	   3.0544518707806684e-01	   2.9732554867682515e-01	   4.4198157903501806e-01	   4.7831664468695878e-01	   4.7044840935037507e-01	   3.6616009366703289e-01	   5.2667978896540202e-01	   4.6057222075541515e-01	   3.0636837909522052e-01	   5.1056442789440171e-01	   5.6266115590628751e-01	   6.1801441236811117e-01	   1.7362247894805294e-01	   3.4905445506211680e-01	   7.0045939852143690e-01	   5.6265154567945075e-01	   5.2563862478599666e-01	   6.4779401108170231e-01	   5.2531467378280905e-01	   5.3962329751770932e-01	   3.4598050590063645e-01	   3.2029795803008831e-01	   4.5208095050097674e-01	   2.9570864218782478e-01	   3.3938146361561272e-01	   2.7133139380107019e-01	   3.1182450744326834e-01	   2.1324562870318792e-01	   2.9289327769931572e-01	   2.9390108187047315e-01	   4.0316782748234270e-01	   4.7620257612443972e-01	   5.5352315716541767e-01	   5.6777183129242170e-01	   2.6912751861862333e-01	   2.6255125662792494e-01	   4.3049683995943971e-01	   5.3412034226408034e-01	   3.9818048779880333e-01	   4.0006295268683134e-01	   3.9420691714311734e-01	   4.8941554300712226e-01	   1.2437840864656326e-01	   1.5198740956630707e-01	   5.6673424257044780e-01	   5.7733461417795695e-01	   4.8532212073497188e-01	   4.0377665343181696e-01	   1.9761353125564218e-01	   2.0319561101280734e-01	   3.0494403131683268e-01	  -7.1428359265196754e-03	   4.2634617490735655e-01	   4.0289955182867643e-01	   4.1075070598473096e-01	   3.9274995855939060e-01	   2.6522267708205360e-01	   9.6126573217391487e-02	   3.3118869901853604e-01	   3.0450212920377789e-01	   1.1773799194566860e-01	  -7.7456152132114903e-02	   6.8394588596340632e-03	  -3.1732991440668024e-01	  -7.2919729764021002e-02	   2.3741093021581422e-01	   2.7918939670579657e-01	   3.3328599568569506e-01	   2.7760339309698417e-01	   1.5889792391101232e-01	  -4.2633448926014429e-03	  -9.3393262236985769e-02	
   6.5344181001652935e-01	   7.2716378655492409e-01	   3.3328207114074082e-01	   6.5808187262358619e-01	   4.0948004638249902e-01	   5.6159719901166694e-01	   5.7076246592880342e-01	   7.1039487290036418e-01	   4.8386304418069481e-01	   6.1093886014642118e-01	   7.6425423696988948e-01	   0.0000000000000000e+00	   6.5846001765949547e-01	   8.4590664831123297e-01	   4.8175433705591469e-01	   6.8782076080990728e-01	   4.3984094857727607e-01	   4.6659713491781024e-01	   3.8586445485554477e-01	   7.7267488821885644e-01	   2.7105437208025185e-01	   3.6353268050241266e-01	   1.2164242427330901e-01	   2.1651471667987915e-01	   1.2635976636473445e-01	   9.5735195696755787e-02	   6.8517945062457952e-02	   1.5128969199352155e-01	   5.0380386966621693e-01	   6.2577233346160210e-01	   3.2010288736118320e-01	   3.1484881093461847e-01	   4.4570117296948686e-01	   5.8367501728035220e-01	   2.2816127729737501e-01	   3.4958544932605973e-01	   7.0422245940803097e-02	   1.4236655253238750e-01	   2.0559075133841301e-01	   3.1682514264706607e-01	  -1.9122333879892284e-03	   2.3301080383265723e-02	   2.7883964990316062e-01	   4.1217539163299949e-01	   2.9908510504849400e-01	   3.3052330290068010e-01	   4.6118325086574719e-01	   4.8017989748858508e-01	   4.0085531536198238e-01	   3.2305143459461327e-01	   4.5581667792502067e-01	   3.7902213603395724e-01	   3.3152592007658854e-01	   3.7398617826707264e-01	   4.5701310176624715e-01	   5.2274990097822371e-01	   2.1583585732195135e-01	   3.9721107564495084e-01	   6.0311929657715524e-01	   7.1022538620575226e-01	   4.6248878150725736e-01	   7.4417444393668908e-01	   5.4287304893727284e-01	   5.8548200844994358e-01	   1.7619281474987411e-01	   3.5954391265282137e-01	   3.2020079151221564e-01	   3.1499192756453542e-01	   3.4298291891075272e-01	   3.3323231849895935e-01	   2.9438455087089910e-01	   2.5552963643891513e-01	   3.2750092638057487e-01	   3.9078563735641925e-01	   4.1349353395047106e-01	   3.5196441056287564e-01	   4.5558209548827211e-01	   6.6425569034902843e-01	   2.3309329647418012e-01	   1.8488775212172914e-01	   5.4124319604002680e-01	   4.2679104741849094e-01	   2.5403716305281604e-01	   4.4122456229383999e-01	   3.3718276766871941e-01	   5.1296283693546674e-01	  -3.5908798288361306e-02	   9.9644024661824662e-02	   5.8190617377648468e-01	   5.7342683750298584e-01	   5.4443858084871433e-01	   3.2088683184342215e-01	   3.1604562014686111e-01	   1.8558052089683874e-01	   2.5173914048466822e-01	  -3.2976865321475070e-02	   3.8836646710321726e-01	   3.4876670465218562e-01	   4.2786091467522552e-01	   2.8501824509393792e-01	   2.0514756053927519e-01	   1.1404467385895012e-02	   3.2717428751352229e-01	   3.6512400509435683e-01	   3.5482594077245655e-01	   9.8131949160377485e-02	  -2.7259809153589203e-02	  -1.8138588519243870e-01	  -7.5442639842459649e-02	   2.5243592496530398e-01	   3.4121749956504027e-01	   3.2834980834674354e-01	   4.0073960481194104e-01	   1.7113144410481207e-01	   1.3417027567258816e-01	   5.9356195049184060e-02	
   4.8428953379145112e-01	   4.6674703241531978e-01	   4.1085910399603515e-01	   3.2931978894356290e-01	   5.8737318715197795e-01	   5.3895336118497994e-01	   4.8328625865644481e-01	   3.2658236510439820e-01	   5.3709627201928978e-01	   3.5799642387528913e-01	   7.5784424091286129e-01	   6.5846001765949547e-01	   0.0000000000000000e+00	   7.4289340737138332e-01	   5.3975748414981706e-01	   5.6194073000469691e-01	   3.3104991374090426e-01	   5.7698681151939257e-01	   2.0377686393746539e-01	   4.1676559310018280e-01	   2.9252357874063178e-01	   3.0016455295491146e-01	   4.7144116840523970e-02	   1.7716605119815071e-01	   1.3576704906622508e-01	   1.7046375026681101e-01	   8.0609551465372978e-02	   1.9651654389100484e-01	   4.9500639347941722e-01	   4.8207589589579369e-01	   2.3015706708257938e-01	   2.5886124768877017e-01	   4.2353554738204624e-01	   4.5317521957334794e-01	   2.3452215180558195e-01	   3.4738562904686887e-01	   2.8545562412836567e-01	   2.4516888037752393e-01	   4.0828932194065926e-01	   4.3802415252983601e-01	   2.1954998614446902e-01	   1.6279539007962854e-01	   1.4706805255322253e-01	   2.7860805039068315e-01	   3.0849656246851315e-01	   2.7384989152276562e-01	   3.0456388335545059e-01	   3.1839930534706462e-01	   4.6795556991690040e-01	   3.5494896595422454e-01	   4.0480984523358887e-01	   3.0846406712902674e-01	   3.1377332382234391e-01	   3.4418562542803949e-01	   5.0141838230376257e-01	   4.0264392308748420e-01	   2.5295787684829596e-01	   3.3598187925530909e-01	   5.5308000100124299e-01	   3.0295385216759829e-01	   4.2245874883638956e-01	   3.5048088987228543e-01	   3.0980306799051338e-01	   3.1084610629529130e-01	  -1.0326069317730999e-01	   8.8751466423596354e-02	   2.8130399872848272e-01	   2.6192553219538883e-01	   2.9081704116416418e-01	   3.6615407582377524e-01	   9.6318565481282939e-02	   5.9768468665599095e-02	   2.6240780717132450e-01	   2.8760695988017393e-01	   3.3415431960905168e-01	   2.8368923621034936e-01	   3.3499597264250652e-01	   4.1603455703631398e-01	   1.0324975562433407e-01	   2.4157511179894564e-01	   3.5728186566196740e-01	   4.1931206531669329e-01	   2.6392042065247928e-01	   4.6564451846896826e-01	   5.4249941013663969e-02	   3.3752288426085258e-01	  -7.4147140831570965e-02	   1.7327404994120710e-01	   4.8694506778095736e-01	   5.0408860536901401e-01	   3.8775994620959275e-01	   3.2549553977929652e-01	   3.4298384700176637e-01	   3.5235645315844288e-01	   1.2336878577992427e-01	  -5.3602938576464025e-02	   3.2958790565402657e-01	   3.3441312410977253e-01	   2.1830801981615677e-01	   2.0837173426476197e-01	   1.0553645117561058e-01	  -4.2534831051258486e-02	   4.4455220273691093e-01	   2.1639492704349717e-01	   9.7075091639672775e-02	   2.6806812380374176e-02	   1.8407366652130476e-02	  -2.0127942899737467e-01	  -5.5109651407360231e-02	   2.9248734502350171e-01	   3.1724932638809417e-01	   2.7495008766622842e-01	   4.3172551929732944e-01	   2.7936698066663540e-01	   8.2950299520539089e-02	  -1.2286040306971627e-01	
