   0.0000000000000000e+00	   9.8542856986148353e-01	   9.6971244087465447e-01	   9.8249971636204503e-01	  -1.0681753653104351e-01	  -1.1740862404595959e-01	   9.0793791411061986e-01	   8.9055897003034779e-01	  -3.0350399877621309e-02	  -1.2189746278573509e-02	  -2.2935140739188364e-01	   3.1229857989725482e-02	  -4.5153133911946564e-01	  -5.2585401699720091e-01	  -1.6334084440107727e-02	  -3.0952274140394125e-02	  -2.3084894916458526e-01	  -2.2759792599993495e-01	   9.7769525547291503e-01	   9.7777683200146570e-01	  -4.8997961874019356e-02	  -6.9442357789438400e-02	   7.6588737741245305e-01	   8.0265944209932938e-01	  -1.1077654079688592e-02	  -6.1379183641224536e-02	  -5.5077089623439789e-02	  -4.7193744899475962e-02	  -2.1334676424666471e-01	  -2.1375391315263101e-01	  -5.5701607084539928e-01	  -6.4221172473131849e-01	   7.7304279205912041e-01	   7.4830657674982159e-01	  -3.1471801408969757e-01	  -4.3728034983923769e-01	  -4.5236413091487487e-02	  -3.0406654359608834e-02	   7.6669033163400777e-02	   5.4073393640077266e-02	  -8.2705753960395187e-02	  -6.1771404139899400e-02	  -7.0334637198723265e-02	  -1.3542940792818606e-01	  -2.2864366636023578e-01	   1.7747884225373498e-01	  -2.0938002676656764e-01	  -1.8112998296217175e-01	   4.7396827711842154e-01	   5.8462165704214897e-01	  -2.2934375243807414e-01	  -3.8512940390152994e-01	   7.5016009924877341e-03	  -4.1073667244453493e-02	   4.7150044541018232e-02	   2.6457230962361404e-02	   9.7919455504302499e-01	   9.8595646676760595e-01	   9.7521891791494641e-01	   9.6346266773369171e-01	   8.5566714768973928e-01	   8.3866543644773273e-01	   3.4856839246828530e-01	   8.1042340609267871e-01	   7.3734647028295919e-01	   8.3482105833949172e-01	   9.8352437254424674e-01	   9.6617575211616025e-01	   9.4626279877410935e-01	   9.4966382118573578e-01	  -2.7014517700502683e-01	  -2.5746679797478128e-01	  -1.6165848816882114e-01	  -1.9464991140279433e-01	  -2.6449277304054103e-01	  -2.7693301619053662e-01	  -1.8336106257464055e-01	  -1.7059200434969846e-01	   9.5079037427099417e-02	   8.9148210742850675e-03	  -1.7939063478158032e-01	  -2.5293460022464281e-01	  -6.4118198388220971e-02	  -3.4354626159325455e-02	  -2.2589700486336872e-01	  -2.1956164858642607e-01	   1.1333891596541001e-01	   1.1029305516954814e-01	   8.9543763130179962e-02	   5.0935174280487092e-02	   2.6583330156159241e-02	   1.1030647268350699e-01	   8.6515572750376191e-02	   4.9327204772551730e-02	   4.6107371857320709e-02	   6.9722035115197117e-02	  -2.5255153822253381e-03	   6.9195868132208183e-02	   5.5339162523817056e-02	   1.0524875105034807e-02	   0.0000000000000000e+00	   0.0000000000000000e+00	   2.8320517819902156e-02	  -1.0958286627731312e-02	   6.1780011627321649e-02	   1.4491441879856981e-01	   0.0000000000000000e+00	  -4.1311272378999182e-02	  -3.0298962182727561e-02	   9.1767057622966428e-03	  -1.3401155321997965e-01	   2.4395343958115517e-02	   1.2591442155502494e-02	  -9.6615751605519699e-04	   4.3315316240608347e-03	   7.0210384030076595e-02	
   9.8542856986148353e-01	   0.0000000000000000e+00	   9.7051397954785279e-01	   9.6992847583701103e-01	  -5.4039649286263300e-02	  -6.6732442351079946e-02	   8.9809306858236582e-01	   8.7267566668402885e-01	   2.0823174156163148e-02	   3.6204272370246565e-02	  -2.3449272574321417e-01	  -4.7185495812722043e-02	  -4.7425823542552303e-01	  -5.4144574165982184e-01	   2.8867112419774112e-02	   1.6442861603522534e-02	  -2.1146888303446815e-01	  -2.0755996271720517e-01	   9.7353884061320217e-01	   9.7162924808586171e-01	  -3.3779276572211215e-03	  -2.4336467827647465e-02	   7.5264755688901608e-01	   8.0861383313672741e-01	   3.1881929857069849e-02	  -9.8887092234956637e-03	  -4.4042964181362901e-02	  -3.2346880773825436e-02	  -1.9491114626833439e-01	  -1.8937568626349899e-01	  -5.1322306598283640e-01	  -6.1423000564797658e-01	   7.7941891305950661e-01	   7.5029986795469794e-01	  -3.0474219801981040e-01	  -4.3959833586589814e-01	  -1.5248283283509925e-02	   7.9537389299723837e-04	   1.3173980763942356e-01	   1.0592293593330394e-01	  -6.8778833264901848e-02	  -3.5616525419049680e-02	  -1.1687352076767195e-01	  -1.9814319790349325e-01	  -1.9754392803086035e-01	   1.8749181287226757e-01	  -1.4975334416470873e-01	  -1.2701890350312189e-01	   4.3498163371117549e-01	   6.0020848385074665e-01	  -2.4113526234752641e-01	  -4.0018129950600567e-01	   4.2374634478272930e-02	   1.0990429958822864e-02	   8.3485178988060599e-02	   6.3654556493874942e-02	   9.8332915713968538e-01	   9.9080406843863078e-01	   9.8363924529525226e-01	   9.3006621617753993e-01	   8.7869242763459732e-01	   8.7709070839259795e-01	   3.1903079422540620e-01	   8.0559002309184402e-01	   7.2327961255244277e-01	   8.5940035254501979e-01	   9.7498867189237171e-01	   9.6945371502673783e-01	   9.5946173497803899e-01	   9.5894262922348439e-01	  -2.4425264150516940e-01	  -2.2616925513116384e-01	  -1.5087062357339226e-01	  -1.8155265281339822e-01	  -2.2174526145787748e-01	  -2.3448828801338928e-01	  -2.1946340584800944e-01	  -2.1143545614861931e-01	   1.5318847696411928e-02	  -6.3973256397829512e-02	  -1.6197837480978422e-01	  -2.2860316375174844e-01	  -3.0576284989528080e-02	   1.5695793878455069e-02	  -1.8809999844502903e-01	  -1.8690287630762764e-01	   1.6689499449735534e-01	   1.6445068239727273e-01	   1.3623378913339315e-01	   9.9826322269041423e-02	   1.2828143328166505e-02	   1.2113531153778020e-01	   9.1367876799138104e-02	   8.9565284742757517e-02	   6.4276121148779994e-02	   9.4872607556517247e-02	   4.5126017996829713e-02	   1.0767803001377349e-01	   7.6822100595008228e-02	   2.7518917177133319e-02	   0.0000000000000000e+00	   0.0000000000000000e+00	   7.1086115078652617e-02	   3.3079640004063646e-02	   1.1272927770749006e-01	   1.9192116749007543e-01	   0.0000000000000000e+00	   3.9138626552111665e-02	  -4.7484279537606700e-02	   4.7476333257943190e-02	  -7.8486911782035679e-02	   4.8234215197101069e-02	   1.3900555157910064e-02	   4.2670937994539276e-02	   4.9281583968808974e-02	   1.2217050886372313e-01	
   9.6971244087465447e-01	   9.7051397954785279e-01	   0.0000000000000000e+00	   9.8780077696228752e-01	  -2.7869400232205743e-02	  -7.5240208689708071e-02	   9.6757835284038263e-01	   9.4938610899014386e-01	   5.4753589844549505e-02	   7.0990353627081004e-02	  -1.4722129012138810e-01	   1.7610927049675949e-02	  -3.6934272279720370e-01	  -4.6883379501118000e-01	   6.7546732417322924e-02	   5.5311709080412205e-02	  -9.9364874535444486e-02	  -9.9375121358281984e-02	   9.5379262380276020e-01	   9.4972530406194866e-01	   4.0125260085892074e-02	   1.5179243600407313e-02	   8.7058241199459241e-01	   9.0583097938788681e-01	   8.2139400915741886e-02	   2.7316701462367171e-02	  -5.8308842256716203e-02	  -3.9071714045934798e-02	  -8.0028816989104246e-02	  -8.6082474953799393e-02	  -4.9754427494879139e-01	  -5.4701540025366469e-01	   8.1453659888450769e-01	   7.8776571828652431e-01	  -3.1535739487216813e-01	  -4.0224834074631466e-01	   1.4666261572555081e-02	   3.7644255678079837e-02	   9.2038914121892149e-02	   7.2780735329921520e-02	  -6.8211535894125416e-02	  -3.5415786709782203e-02	   3.1230511691173968e-02	  -5.3461792132081139e-02	  -1.1275339197604387e-01	   2.9542858064492639e-01	  -1.3621390983753537e-01	  -9.9873008776519945e-02	   5.6434453065135137e-01	   6.8441732220365625e-01	  -6.8277355667133194e-02	  -2.3312476839630691e-01	   1.0028468555044316e-01	   4.0407386069076748e-02	   7.2337770089495462e-02	   6.0331302818364851e-02	   9.7060676992504291e-01	   9.6848267855224790e-01	   9.6642711095722444e-01	   9.1777331276598073e-01	   9.0703049323315055e-01	   8.9332802043310733e-01	   2.9464619313946327e-01	   8.0154211731432157e-01	   7.4088281409722256e-01	   8.5691667107644476e-01	   9.8787219626891021e-01	   9.8872369503660229e-01	   9.0705195962175134e-01	   9.0914695249602173e-01	  -1.4439424452083952e-01	  -1.3467705216323878e-01	  -7.3179977095442827e-02	  -1.1304120643296051e-01	  -2.4779646520509485e-01	  -2.6355101600848307e-01	  -9.9075700055233876e-02	  -9.2185692810534930e-02	   1.2015434712484828e-01	   7.5168242206170688e-02	  -4.1757022592243336e-02	  -1.1639503398905157e-01	  -6.2139459915374756e-02	  -5.0435197815876720e-03	  -1.1273385882082530e-01	  -1.0726715790385126e-01	   1.0815857862960185e-01	   9.4676320573436598e-02	   1.0800416017573872e-01	   9.3395906376902149e-02	  -1.3589729713019893e-02	   5.9199067725596390e-02	   4.4683506031584164e-02	   4.7169466963705088e-02	   5.6101705420887760e-03	   3.3172107714972018e-02	   1.7705178480559119e-02	   8.4255194740600906e-02	   4.0575899564710270e-02	  -2.4854564837401626e-02	   0.0000000000000000e+00	   0.0000000000000000e+00	   4.5855784013294071e-02	   6.9823132677081842e-03	   6.6090225649925560e-02	   1.2479330878302260e-01	   0.0000000000000000e+00	   1.1732997559314475e-02	  -6.2757063061993079e-02	   7.0859076724940309e-02	  -5.6626752215241979e-02	   6.4008621409061633e-02	  -3.7967027281527239e-02	   1.6936490752843762e-02	   1.8248095024528298e-02	   6.0361124039053173e-02	
   9.8249971636204503e-01	   9.6992847583701103e-01	   9.8780077696228752e-01	   0.0000000000000000e+00	  -5.6660246539518608e-02	  -8.9547445409279766e-02	   9.4656042452928146e-01	   9.2993522078181434e-01	   1.5215795569145915e-02	   3.7229947626339896e-02	  -1.6426406664048249e-01	   6.8128160836137971e-02	  -3.7406271069741526e-01	  -4.6592156567428600e-01	   3.5053704889914647e-02	   2.2104287324772199e-02	  -1.3388320186283581e-01	  -1.3641220795060954e-01	   9.6631832028590359e-01	   9.6633874516767837e-01	   1.1736560887058357e-02	  -1.1708988629326379e-02	   8.3173159823420717e-01	   8.6749340597177182e-01	   4.4045563848800692e-02	  -1.5651718537172683e-02	  -4.6663627712399215e-02	  -2.6505105559965783e-02	  -1.1317039048407845e-01	  -1.2099077216281032e-01	  -5.3210591286221154e-01	  -5.7603653623581219e-01	   7.8356599452333686e-01	   7.6022599053807505e-01	  -2.9491248203538434e-01	  -3.8829976856332982e-01	   6.6268522179238377e-03	   2.5096318011307489e-02	   6.8010865029299206e-02	   5.1592577992764746e-02	  -5.3237442387371256e-02	  -3.0504850065804397e-02	   3.0987917311269996e-02	  -4.1386217953622198e-02	  -1.7580984263056942e-01	   2.4848049416107115e-01	  -1.8846136651004791e-01	  -1.4979578645318944e-01	   5.3655257428622449e-01	   6.3909381576447521e-01	  -1.2096626227434631e-01	  -2.8269689192829450e-01	   6.7794082836112074e-02	   5.8128970034945805e-03	   7.4614692875253588e-02	   6.0330223662105248e-02	   9.6125620216588670e-01	   9.6711612730023155e-01	   9.6397780688758106e-01	   9.3890559758711045e-01	   8.6722742267266861e-01	   8.4798579085588788e-01	   3.1771492585106548e-01	   7.8670018511124828e-01	   7.4431482148412775e-01	   8.4924425517890334e-01	   9.8757898504917119e-01	   9.7762206641530169e-01	   9.1869392882081669e-01	   9.2209357275064141e-01	  -1.7739909228815751e-01	  -1.6967226226961468e-01	  -9.7803698236644615e-02	  -1.3788221526991268e-01	  -2.8019018581634308e-01	  -2.9508819964217475e-01	  -9.0103793259702775e-02	  -7.8299615614473100e-02	   1.5721274154487236e-01	   1.0007509563489980e-01	  -8.3183794594505492e-02	  -1.6350189473039356e-01	  -6.8079473896842768e-02	  -2.8373355762279569e-02	  -1.5632690677615418e-01	  -1.4559029344890845e-01	   8.8062637369753727e-02	   8.1929658696413513e-02	   9.8720903069550656e-02	   7.3445379051987891e-02	  -1.0472246902636916e-02	   4.8799731309761743e-02	   1.4536906281563459e-02	  -1.9235552891563533e-03	   2.5752897093040329e-02	   4.2900565601610381e-02	   8.7889421104597378e-03	   7.8475786716134616e-02	   5.1331098863300194e-02	  -1.0010801829814505e-02	   0.0000000000000000e+00	   0.0000000000000000e+00	   1.0678304879672135e-02	  -1.8425926827360793e-02	   4.3019018445405122e-02	   1.1056017823745069e-01	   0.0000000000000000e+00	  -1.8206337418455353e-02	  -4.5553380068776225e-02	   6.3070389115038122e-02	  -8.7388479144307363e-02	   7.5268174197490406e-02	  -2.2407059935349759e-02	  -8.6583253745057924e-03	  -6.0909812663664806e-03	   3.3967336362154252e-02	
  -1.0681753653104351e-01	  -5.4039649286263300e-02	  -2.7869400232205743e-02	  -5.6660246539518608e-02	   0.0000000000000000e+00	   8.8240321189374615e-01	   2.4528510949118836e-02	   3.9770111466695360e-02	   9.3001271582445977e-01	   9.3651412975488157e-01	   1.3587150084429334e-01	  -3.3879393380789924e-01	   5.2626477928327933e-02	   1.8011654687661742e-02	   9.3716923796296425e-01	   9.5232020701561482e-01	   4.3791791617398218e-01	   3.7374433211928287e-01	  -1.1244637233004276e-01	  -1.2423420346874980e-01	   9.1871181444383998e-01	   9.2731738286403942e-01	   4.6372138552636846e-02	   9.9707348100571858e-02	   8.4562702929067746e-01	   8.6242521871716726e-01	   3.9340308017265746e-01	   5.0414925736389271e-01	   7.4460644293029388e-01	   7.8730394298883610e-01	   3.9107323757802642e-01	   3.4173917945916954e-01	   4.0355766529703352e-02	   3.0588607903909014e-02	  -2.4450463864632527e-01	  -1.2161981751716208e-01	   8.8022425738454890e-01	   8.8704433855836440e-01	   7.3666410264415427e-01	   7.5733254132457839e-01	   4.7851883404851037e-01	   6.0914241359721921e-01	   2.2976424420462158e-01	   3.4130605077382036e-04	   3.1570604834523669e-01	   2.8372611929090974e-01	   8.2904580705690245e-01	   8.4337470523069202e-01	   2.1165616310394524e-02	   1.9315267510052128e-01	   4.0952309295021005e-01	   2.5204309546395293e-01	   8.1009622321578900e-01	   9.2243486554551324e-01	   7.4015530894392889e-01	   7.8615016672610172e-01	  -3.9606464554812162e-02	  -7.9042979961368970e-02	  -7.2941660059939156e-02	  -1.6385261100023163e-01	   1.0375480664514458e-01	   9.0531492267119706e-02	  -5.1613647801840479e-01	  -2.5242616649861671e-01	  -3.1388897786164638e-01	  -9.7530032812263523e-02	  -8.4158591189652465e-02	  -3.5580525380727902e-02	  -1.3366157138154289e-01	  -1.4298246124318734e-01	   5.1698344067709612e-01	   5.5835057228266782e-01	   6.3306806763013823e-01	   6.1169832859521289e-01	   3.6751613287578544e-01	   3.2913551714332423e-01	   2.6852255616381476e-01	   2.2829805537083167e-01	  -3.0583547501666575e-01	  -9.2717781280564890e-02	   7.1691661446784072e-01	   7.0789259827650619e-01	   5.4936201590253964e-01	   7.3814334111111934e-01	   8.9168953275867802e-01	   8.8562224981952808e-01	   5.3375107087056128e-01	   5.4897314294664945e-01	   7.5462338320174782e-01	   8.4375523877033431e-01	   6.0429257140542626e-02	   1.7468934540174785e-01	  -1.6775867795042164e-02	   2.0085181174191319e-01	   3.1820421590336084e-01	   3.4906916941644645e-01	   7.8938298937540285e-01	   7.2377247190437810e-01	   4.7778455077157278e-01	   2.7463490288569525e-01	   0.0000000000000000e+00	   0.0000000000000000e+00	   3.6830385012605693e-01	   3.8984520742188772e-01	   4.4294970964411251e-01	   4.5518111394051841e-01	   0.0000000000000000e+00	   5.6521006803010376e-01	  -3.5794894048324782e-02	   8.7699249280633507e-01	   9.5082742701170475e-01	   7.1845330809692942e-01	   1.4662635972203922e-02	   3.7735553477542322e-01	   3.8541114384690645e-01	   3.6595568687875879e-01	
  -1.1740862404595959e-01	  -6.6732442351079946e-02	  -7.5240208689708071e-02	  -8.9547445409279766e-02	   8.8240321189374615e-01	   0.0000000000000000e+00	  -5.3028925219603319e-02	  -3.3842908782367467e-02	   6.9546883308102514e-01	   7.2715131678179890e-01	  -3.3224889802434730e-02	  -4.3381867754856535e-01	  -3.0665949904778497e-02	  -2.4798226308046772e-02	   7.6767382679388141e-01	   7.8600100330580347e-01	   2.7976399639417077e-01	   2.0587766299894061e-01	  -1.0997888401386992e-01	  -1.2005267205288425e-01	   7.2033807297116759e-01	   7.4212414558127038e-01	  -7.9373455904734935e-02	  -1.8015876378036588e-02	   5.2122411650518363e-01	   5.5984249164923983e-01	   7.2112556459324906e-01	   7.6950486903247428e-01	   5.1316600901188858e-01	   5.7856262622869914e-01	   3.4230690512956508e-01	   2.5156274043563848e-01	  -3.1816813124142571e-02	  -3.7135020662704576e-02	  -2.2537470867767467e-01	  -1.9507710343803994e-01	   8.6235696874941059e-01	   8.0680167104820222e-01	   6.7461078722628598e-01	   7.0798506825015806e-01	   6.7320921231858188e-01	   7.1472827753474666e-01	  -1.1327404363394005e-03	  -1.4000775216154343e-01	   2.2489592379467407e-01	   1.5416803016873204e-01	   6.7390198525269440e-01	   6.4142834332317988e-01	  -8.3957629789476212e-02	   8.7242577605342944e-02	   2.7602855479238042e-01	   1.4254925507780855e-01	   4.8896520407480465e-01	   6.9366820223363423e-01	   7.9537847659517036e-01	   8.1412495319753897e-01	  -7.9293264907196265e-02	  -1.0273630332717341e-01	  -9.1435187970272711e-02	  -1.6618401771902125e-01	   2.6118661439208851e-02	   2.4251560898731241e-02	  -4.1809440732541509e-01	  -2.4749613078183258e-01	  -2.8830922019913680e-01	  -1.0730635520033022e-01	  -1.1905818354584238e-01	  -8.2904543326669272e-02	  -1.2670217823838847e-01	  -1.3396939934193458e-01	   3.2394919106381703e-01	   3.7385587468806336e-01	   4.7369302338699448e-01	   4.7140247807053470e-01	   4.4853380378693969e-01	   4.2566987564201980e-01	   2.2530638410064724e-01	   1.8634959862640332e-01	  -4.1950152757217962e-01	  -2.3090592681620448e-01	   4.6437467076395272e-01	   5.0477125425182989e-01	   7.2201368161100055e-01	   7.3416065616226689e-01	   7.4553997226247870e-01	   7.2584396140646168e-01	   3.9430216283113328e-01	   4.9418803097063824e-01	   6.9151526086084925e-01	   7.1830285115343462e-01	   4.1133382553388909e-01	   4.1223711390819179e-01	   1.3299816496489059e-01	   8.5661647770798294e-02	   6.5480010131768795e-01	   6.5451173025750164e-01	   8.7987089593843493e-01	   8.1544507721900228e-01	   7.3691211140339630e-01	   6.2131402600971875e-01	   0.0000000000000000e+00	   0.0000000000000000e+00	   1.4453233153555567e-01	   1.6081947476868277e-01	   2.3690271797374607e-01	   3.0958309626640379e-01	   0.0000000000000000e+00	   6.5379884113769349e-01	   3.2969232177285368e-01	   7.9648108808877849e-01	   8.3250962903214498e-01	   7.6893852882934377e-01	   4.0778218354136997e-01	   1.5130499279187259e-01	   1.5973097435378356e-01	   1.8318093733188651e-01	
   9.0793791411061986e-01	   8.9809306858236582e-01	   9.6757835284038263e-01	   9.4656042452928146e-01	   2.4528510949118836e-02	  -5.3028925219603319e-02	   0.0000000000000000e+00	   9.8944076644318768e-01	   1.1339340387493857e-01	   1.2865148525075440e-01	  -1.1467875122109719e-01	   7.8704657219944796e-02	  -2.7357765485144520e-01	  -3.8876917287461832e-01	   1.2378060308522551e-01	   1.1177095715957180e-01	  -5.7654719002617157e-02	  -6.1993903598891190e-02	   8.8869795143477159e-01	   8.7651784998393811e-01	   9.2478170304211751e-02	   6.6611249756961144e-02	   9.2243353249193527e-01	   9.4871745843480815e-01	   1.4793805563825219e-01	   8.3832519164698791e-02	  -6.3885314492508005e-02	  -3.7418003226404227e-02	   3.1125905695331670e-02	   1.9891501273432827e-02	  -4.6952652559739133e-01	  -4.9760463487320894e-01	   8.2593551420686828e-01	   7.9707825393196541e-01	  -3.0280399455364831e-01	  -3.5071605009824192e-01	   5.9636896588164012e-02	   8.9369652119606097e-02	   7.6209305464125937e-02	   6.4773425206964552e-02	  -6.6042051192925721e-02	  -3.1857504570183819e-02	   1.6256717174043456e-01	   6.1102418663464733e-02	  -1.0854985849857268e-01	   3.2136781819278792e-01	  -9.2214133387670344e-02	  -4.5386592839743126e-02	   6.3300726828779252e-01	   7.0519993495675681e-01	   1.7870818517901003e-02	  -1.4483763620752699e-01	   1.6329659397140847e-01	   8.3979425429137056e-02	   6.9576551678688370e-02	   6.2674963665172362e-02	   9.0925672303381377e-01	   8.9122797198002912e-01	   9.1106711406714513e-01	   8.5821304826516720e-01	   9.2286848702272017e-01	   9.0858585338037390e-01	   2.6827979076639613e-01	   7.8193330603187772e-01	   7.3783495521976317e-01	   8.5608465433900094e-01	   9.4480119740011781e-01	   9.5708154069159612e-01	   7.9434916094758501e-01	   7.9798134410735710e-01	  -8.5869196988402452e-02	  -8.4304483977339723e-02	   3.5434071459345892e-02	  -9.1818836626367459e-03	  -2.4645052449850391e-01	  -2.6601165421050499e-01	   5.5886113347750743e-03	   1.5116139668323713e-02	   2.1995704907508290e-01	   1.8763936236495504e-01	   5.2710209614736554e-02	  -2.9984073762141041e-02	  -8.8016990040683141e-02	  -8.5954279468171378e-03	  -4.4007058008342308e-02	  -4.1187780417906120e-02	   6.9593434332987703e-02	   4.4969867088169010e-02	   9.3699783692050370e-02	   1.0009469733821542e-01	  -3.3862566028397031e-02	   1.5647365444669038e-02	   1.3072333759765308e-02	   2.7435299786183323e-02	  -4.4669233303499464e-02	  -1.3120628215992015e-02	   6.6831687511460878e-03	   7.2611394943614516e-02	   1.1581406330078767e-02	  -6.9428730630936880e-02	   0.0000000000000000e+00	   0.0000000000000000e+00	   3.1491124822379181e-02	  -1.8223719686590503e-04	   3.5320809229565972e-02	   7.0237853729819499e-02	   0.0000000000000000e+00	   1.8181459132523989e-02	  -7.5589280414242579e-02	   1.0334533377755289e-01	  -1.7614625202516190e-02	   8.1033468161665984e-02	  -8.1149061543950948e-02	   1.0208918453840093e-02	   5.5306572959729306e-03	   2.4022909255762573e-02	
   8.9055897003034779e-01	   8.7267566668402885e-01	   9.4938610899014386e-01	   9.2993522078181434e-01	   3.9770111466695360e-02	  -3.3842908782367467e-02	   9.8944076644318768e-01	   0.0000000000000000e+00	   1.1632274138880956e-01	   1.3238984780623722e-01	  -1.2489846067940308e-01	   7.0558398677750184e-02	  -2.5619633402262421e-01	  -3.6918158249600991e-01	   1.2106885398634024e-01	   1.1321006041990603e-01	  -6.0616014573489252e-02	  -6.5707469806575491e-02	   8.6337182957521552e-01	   8.5113274247993687e-01	   1.0205569404736917e-01	   7.4157861412626355e-02	   9.2458708876775453e-01	   9.4592007096147657e-01	   1.5457904839930756e-01	   9.7170789705673860e-02	  -5.9930221789528053e-02	  -3.2157760057030284e-02	   4.5090265777450948e-02	   3.6017121247325604e-02	  -4.5203264504706764e-01	  -4.7469890106951929e-01	   8.2456639823555322e-01	   8.0108742682145928e-01	  -2.9782811399045606e-01	  -3.6175606377961500e-01	   7.3633972482099741e-02	   9.7369166351880310e-02	   7.9430615288089562e-02	   6.7408423642214124e-02	  -5.0392916315479264e-02	  -1.9160687247961446e-02	   1.7549328872364001e-01	   7.1679847278717290e-02	  -9.1710868272538285e-02	   3.3237803066186533e-01	  -6.1631311814515130e-02	  -1.5599505317522888e-02	   6.5260213158134384e-01	   7.0733510641860220e-01	   6.3017434153300439e-02	  -1.1271863281445406e-01	   1.7810001644847351e-01	   9.9107219315790543e-02	   8.1805788359149492e-02	   7.7685173707165212e-02	   8.9341844161886041e-01	   8.7070362801912804e-01	   8.9117964339323030e-01	   8.4756234255017571e-01	   9.1404176027685335e-01	   8.9903031919452081e-01	   2.5227700912533518e-01	   7.7037441169675680e-01	   7.2447635222422502e-01	   8.3884211040056111e-01	   9.3004401005589543e-01	   9.4454212302842455e-01	   7.6432466071722760e-01	   7.6949390284968433e-01	  -7.6698585938895128e-02	  -7.7314759684776191e-02	   4.3992543165370109e-02	   7.4589438490637260e-04	  -2.2202245477394678e-01	  -2.3929704571716970e-01	   2.8698303913658414e-02	   3.5844920788291969e-02	   2.1813727366342847e-01	   1.9063843568314326e-01	   6.5936226585074142e-02	  -1.2384611699345601e-02	  -6.7313183558492931e-02	   4.3644968371628224e-03	  -2.5509786535490256e-02	  -2.2486279231039637e-02	   6.1430006433397730e-02	   3.7073386150780145e-02	   9.9459905643096064e-02	   1.1214415790218971e-01	   1.5675973249166552e-03	   3.7675741196139437e-02	   3.4480337744397613e-02	   1.7419748184236188e-02	  -2.9090118895452873e-02	   3.9266870860077702e-03	   2.7602772185129930e-02	   8.8038387458524645e-02	   3.2860592436031739e-02	  -5.3703866812212168e-02	   0.0000000000000000e+00	   0.0000000000000000e+00	   1.8214330907635495e-02	  -3.9446396049986222e-03	   2.9856928782821174e-02	   6.4837115377180857e-02	   0.0000000000000000e+00	  -1.2142249834097125e-02	  -5.3119752510343315e-02	   1.1003720770380038e-01	   1.2156841363511018e-02	   1.0058128304569044e-01	  -6.0098216306718938e-02	   7.3006478374984165e-03	   1.1816761955398395e-03	   1.7098421809081398e-02	
  -3.0350399877621309e-02	   2.0823174156163148e-02	   5.4753589844549505e-02	   1.5215795569145915e-02	   9.3001271582445977e-01	   6.9546883308102514e-01	   1.1339340387493857e-01	   1.1632274138880956e-01	   0.0000000000000000e+00	   9.9062352257564346e-01	   2.3372209033516023e-01	  -2.4618012993221791e-01	   3.8827233581266871e-02	  -2.6071326474268568e-02	   9.5816312347128207e-01	   9.6408959420632900e-01	   4.8767987475092833e-01	   4.4141710118937283e-01	  -4.4065467895010625e-02	  -5.8404614451262160e-02	   9.1078661734804178e-01	   9.0214471148865905e-01	   1.5116843069159458e-01	   1.9705426878707749e-01	   9.6417859906823766e-01	   9.6184716460740094e-01	   1.0996177805377422e-01	   2.3758428757735711e-01	   7.7683984588023858e-01	   7.9723804976292123e-01	   3.6998004080184144e-01	   3.4156435850528732e-01	   1.1963818529998801e-01	   1.0457991706585897e-01	  -2.2120202143687800e-01	  -3.6963927306360604e-02	   7.2756511791135003e-01	   7.8188036432449193e-01	   6.8732353664987889e-01	   6.8708194299023362e-01	   1.9339719021167651e-01	   3.7703767446236430e-01	   3.3206578678029386e-01	   5.2645398385253783e-02	   3.5912005364129046e-01	   3.6735301732581932e-01	   8.0731216766991654e-01	   8.4430843803211553e-01	   1.1070178701708489e-01	   2.8859713373314705e-01	   3.8997963141758718e-01	   2.5144208579177535e-01	   9.1315789584765661e-01	   9.5702928067426396e-01	   5.8669700662240165e-01	   6.3938733810707082e-01	   5.5904553113136232e-02	   6.1057235678510470e-03	   1.1865240343230523e-02	  -8.7891514275123844e-02	   2.0338348588970767e-01	   1.8682777170899689e-01	  -4.7939148211030569e-01	  -1.6149946956017167e-01	  -2.5464347366047502e-01	  -2.6934777911440645e-02	   4.9326116339027280e-03	   6.0654490865178178e-02	  -6.3158939081537191e-02	  -7.2046610438709247e-02	   5.6803000229492939e-01	   6.0645703155492792e-01	   6.5289561868768731e-01	   6.0584963330633457e-01	   2.4954341276314262e-01	   2.0915061180536432e-01	   1.9434448026923395e-01	   1.5772113525040443e-01	  -2.1245267675252952e-01	  -6.8216887588560381e-03	   7.8323676848022783e-01	   7.3425721010347500e-01	   2.8911873200082194e-01	   5.9163061921976079e-01	   8.3886829072203917e-01	   8.3561322778106817e-01	   5.6720894279955103e-01	   5.1284569750682185e-01	   6.8313766556191857e-01	   8.0020781468026581e-01	  -2.0110641598364340e-01	   1.3210613996338168e-02	  -5.7459791351162866e-02	   2.9504764038162468e-01	   3.4855035993069890e-02	   9.7190088604822533e-02	   6.0354876647230160e-01	   5.5264842806901071e-01	   2.2156853182386865e-01	  -2.2004824910455831e-02	   0.0000000000000000e+00	   0.0000000000000000e+00	   4.4918756817395733e-01	   4.6284516589431701e-01	   5.0916927125064515e-01	   4.9462521247814362e-01	   0.0000000000000000e+00	   5.1993140770713620e-01	  -3.1398396993661604e-01	   8.0315361154492748e-01	   8.7428306236765652e-01	   5.4613369371822462e-01	  -2.8067579398008152e-01	   4.5452394483932795e-01	   4.6381008824254155e-01	   4.4692391591599423e-01	
  -1.2189746278573509e-02	   3.6204272370246565e-02	   7.0990353627081004e-02	   3.7229947626339896e-02	   9.3651412975488157e-01	   7.2715131678179890e-01	   1.2865148525075440e-01	   1.3238984780623722e-01	   9.9062352257564346e-01	   0.0000000000000000e+00	   2.4841792368354632e-01	  -2.0541554731665240e-01	   2.0329296873286495e-02	  -5.7243205302895672e-02	   9.7779866650062097e-01	   9.8082155173942720e-01	   5.0157222781075872e-01	   4.5244536978380179e-01	  -3.2272217268060954e-02	  -4.6392428379903400e-02	   9.3714281472977934e-01	   9.2781054417578412e-01	   1.7320738714150652e-01	   2.1156288412590107e-01	   9.4943143671301367e-01	   9.3345507401371020e-01	   1.9098131486138448e-01	   3.2356523608353915e-01	   7.6448013006638127e-01	   7.8200602855393364e-01	   3.1120952825974313e-01	   3.1878378608174707e-01	   1.5205096760565667e-01	   1.4107955922819213e-01	  -2.3708826094365520e-01	  -3.9496196476407994e-02	   7.7875035451794017e-01	   8.3213226614198677e-01	   7.0243296523517595e-01	   7.0516024296710800e-01	   2.7320841571704402e-01	   4.5013841500743967e-01	   3.6539106211766065e-01	   8.9248474844608364e-02	   3.6340583932480042e-01	   3.8931245345361354e-01	   7.6058454942715059e-01	   8.0075697124272704e-01	   1.5139232274077732e-01	   3.1774075469343666e-01	   3.7872532871554143e-01	   2.6111978677387238e-01	   9.2354523341065820e-01	   9.6547762167264206e-01	   6.5806440990364523e-01	   7.0465611010106133e-01	   6.5520629308630507e-02	   2.1860886144115597e-02	   1.7955225398182027e-02	  -8.1332943693078766e-02	   2.1156699704138707e-01	   1.8196396083315866e-01	  -4.6447817982189332e-01	  -1.3734270728488154e-01	  -2.3325072535344321e-01	  -9.7011549815923370e-03	   2.2431996669049908e-02	   7.3812708597091145e-02	  -4.9043915865461821e-02	  -5.7775590630974691e-02	   5.4640145135097562e-01	   5.8514676782141617e-01	   6.0972891911539873e-01	   5.6025421940540210e-01	   1.7586981894806414e-01	   1.3486717131368828e-01	   1.9850219093199356e-01	   1.6401782451156288e-01	  -1.6510950610235858e-01	   4.2986253718525338e-02	   7.8278542528083839e-01	   7.1842771762883129e-01	   3.3046240766944157e-01	   6.1449723505252907e-01	   8.3744015053652110e-01	   8.3839704610269217e-01	   5.6168836990018001e-01	   5.2808463185995658e-01	   7.2495719080942500e-01	   8.3273230520927732e-01	  -1.5754194691268558e-01	   2.3194037328394600e-02	  -7.0186063419173494e-02	   2.6207309667261341e-01	   1.0468325755340258e-01	   1.5694491729665080e-01	   6.5100077486630781e-01	   6.1072395942662316e-01	   2.9494555518345694e-01	   4.0519350458729522e-02	   0.0000000000000000e+00	   0.0000000000000000e+00	   3.9566906130095181e-01	   4.1686284484294478e-01	   4.7719427415261539e-01	   4.8404964998511879e-01	   0.0000000000000000e+00	   5.6333707339877415e-01	  -2.7761803063638668e-01	   8.6353774383423587e-01	   8.7456329115877440e-01	   6.2919012440137001e-01	  -2.3739893927487327e-01	   4.0864104818676072e-01	   4.1960311932678690e-01	   4.0571654640296173e-01	
  -2.2935140739188364e-01	  -2.3449272574321417e-01	  -1.4722129012138810e-01	  -1.6426406664048249e-01	   1.3587150084429334e-01	  -3.3224889802434730e-02	  -1.1467875122109719e-01	  -1.2489846067940308e-01	   2.3372209033516023e-01	   2.4841792368354632e-01	   0.0000000000000000e+00	   5.0031209555118217e-01	   4.4649477445883590e-01	   3.1203453454152802e-01	   2.4923285330236250e-01	   2.2480808693296989e-01	   8.1917581584698274e-01	   8.5322935162250801e-01	  -2.4797737602800576e-01	  -2.6314191794639458e-01	   3.1292820618139772e-01	   2.9802958701898319e-01	   1.1682890815557555e-01	   9.2554833729279629e-03	   2.8374102720218708e-01	   2.2438319589807373e-01	  -1.1224105087309300e-01	  -3.6627840473815051e-02	   4.2393825411318531e-01	   3.2130680175942083e-01	   1.8866793779733573e-01	   5.4507541514747526e-01	  -6.5582710489705293e-02	  -5.1363594898184615e-02	  -3.8042584120691440e-02	   2.8830654262030114e-01	   9.5770596954135256e-02	   1.6230827911506279e-01	  -1.1065218988696018e-01	  -1.1189028657845569e-01	   9.2517648652421791e-03	   7.2316765833591368e-02	   4.3963477369490145e-01	   4.0071439868589881e-01	   6.0774127873589179e-01	   6.0772967497674146e-01	   2.3112405872378887e-02	   4.7005746663226503e-02	   2.3249694231814519e-01	   2.9733429201539230e-01	   5.2635320362797211e-01	   6.1627695435927821e-01	   3.4751270419908442e-01	   2.8283318686983577e-01	   5.7841476117426197e-02	   6.8674363593022911e-02	  -2.0831715000204443e-01	  -2.1534841501671875e-01	  -2.4820449269528194e-01	  -2.9594453408619287e-01	  -1.5781017807809739e-01	  -2.4885146048898218e-01	  -3.8907387005633565e-01	  -3.3024993106095490e-01	  -3.5912675922387904e-01	  -3.3312450441732278e-01	  -1.8056166950763822e-01	  -1.5772474400972550e-01	  -2.0884501283769744e-01	  -2.1933673402512419e-01	   7.3280178962686504e-01	   7.1855522389148618e-01	   1.7632932731912954e-02	  -1.7278805315783036e-02	  -3.0600749474037059e-01	  -3.2294888297012536e-01	   1.6247601310062998e-01	   1.2508756457247369e-01	   2.1796400029200136e-01	   3.6707524166414618e-01	   5.5814552213901025e-01	   4.8242696845972755e-01	  -1.5724148182512307e-01	  -8.1782420889198321e-02	   3.2026083819851142e-01	   3.7521075615995392e-01	  -2.3345044547700349e-02	  -3.6778281956784543e-02	   4.4402513363576646e-02	   9.0476441570228078e-02	  -3.8255885086912245e-01	  -4.6730493540248730e-01	  -3.2252001308488593e-01	  -2.1062709961035493e-02	  -2.9285615740099069e-01	  -3.2881161483736515e-01	  -1.0250177062700694e-01	  -9.5602150015450985e-02	  -1.9206105240015564e-01	  -3.1611574613826909e-01	   0.0000000000000000e+00	   0.0000000000000000e+00	  -1.0195273238648880e-01	  -8.9013967380931300e-02	  -8.2119245914567554e-02	  -5.9835306626253609e-02	   0.0000000000000000e+00	   1.6590911172243311e-01	  -3.8714599943160988e-01	   2.3296114970327286e-01	   6.7528856884109326e-02	   1.4614366960262895e-01	  -4.1212034764580341e-01	  -9.8576721917804117e-02	  -8.9819228958945674e-02	  -1.7515680070607509e-01	
   3.1229857989725482e-02	  -4.7185495812722043e-02	   1.7610927049675949e-02	   6.8128160836137971e-02	  -3.3879393380789924e-01	  -4.3381867754856535e-01	   7.8704657219944796e-02	   7.0558398677750184e-02	  -2.4618012993221791e-01	  -2.0541554731665240e-01	   5.0031209555118217e-01	   0.0000000000000000e+00	   3.2744242082427044e-01	   2.2519720272579710e-01	  -1.6400463566397783e-01	  -2.0000398753256798e-01	   1.1632019703036853e-01	   1.4490813972277680e-01	  -1.2905039008065403e-02	  -8.5542074338178491e-03	  -6.8027757279524953e-02	  -8.5745259176894253e-02	   1.7592083677538692e-01	   8.0021704714794278e-02	  -1.4677799048563589e-01	  -2.7040033865517143e-01	  -1.3531984992897544e-01	  -8.6609527171361098e-02	   3.6621423523345367e-02	  -6.1676911905208451e-02	  -4.0580611328777688e-01	  -1.1144404808836081e-01	   1.0487358415942645e-01	   1.2515365156111319e-01	   3.3284621806326527e-02	   1.4795736733713513e-01	  -1.5596234197479231e-01	  -9.3331296964385593e-02	  -5.0676741454761554e-01	  -4.9468201218140673e-01	  -7.0443970887341650e-03	  -4.3000063520227061e-02	   5.9791224399943144e-01	   6.8952269838943903e-01	  -1.8366951511967244e-01	   2.6611674960787795e-02	  -5.2556846341340335e-01	  -4.6665657472288979e-01	   2.7985936430570574e-01	   1.0233179857328156e-01	   6.6503376823538865e-02	   2.8075068509013840e-01	  -2.5599215407390921e-02	  -1.8601248916956853e-01	  -1.7873004715339669e-01	  -2.0037371375591601e-01	  -5.3357479832608273e-02	  -2.0453096440433471e-02	  -4.9929107391828126e-02	   3.9693305201156326e-02	  -7.7239516483514875e-02	  -1.5304760829588177e-01	   2.4110444468260425e-01	   9.9680785425396712e-02	   2.2595327282592576e-01	   3.2113383861322474e-02	   5.9706439334923478e-02	   5.2302686314256042e-03	  -4.1528156505791919e-02	  -3.3035472318739253e-02	   3.9817085338484638e-02	  -7.7742265518039137e-03	  -1.4509577239642316e-01	  -1.8281145025555201e-01	  -6.8005665860202014e-01	  -6.8319940987299688e-01	   1.9483979299539564e-01	   2.2803271125569993e-01	   8.0264447790841986e-01	   7.4692881283091872e-01	  -1.7816959487967514e-02	  -1.6315409974228148e-01	  -3.7677311168607547e-01	  -4.0796113772205012e-01	  -2.5745419619611548e-01	  -1.9009519315171339e-01	  -4.0671485087138581e-01	  -3.7965245444159867e-01	  -2.9636308214876822e-01	  -3.0367645831589041e-01	  -3.3473484159237882e-01	  -5.8789289056724170e-01	  -4.7589156027436919e-01	  -3.1060050307829051e-01	  -3.3346128676519543e-01	  -4.0186267483047200e-01	  -4.4957899190241601e-01	  -3.5771807460524929e-01	  -2.9735191146232043e-01	  -3.4280205054285651e-01	   0.0000000000000000e+00	   0.0000000000000000e+00	  -4.4426784448709072e-01	  -4.3404232079386784e-01	  -4.5934867354046405e-01	  -4.1385295455478571e-01	   0.0000000000000000e+00	  -1.7540219412614472e-01	  -2.9710456697996268e-01	  -8.3013456999559129e-02	  -4.1739424062311947e-01	  -2.1463192430538118e-02	  -3.7129204746960087e-01	  -4.3755003832035688e-01	  -4.3403564920577042e-01	  -5.0753754719043154e-01	
  -4.5153133911946564e-01	  -4.7425823542552303e-01	  -3.6934272279720370e-01	  -3.7406271069741526e-01	   5.2626477928327933e-02	  -3.0665949904778497e-02	  -2.7357765485144520e-01	  -2.5619633402262421e-01	   3.8827233581266871e-02	   2.0329296873286495e-02	   4.4649477445883590e-01	   3.2744242082427044e-01	   0.0000000000000000e+00	   9.5521284925950911e-01	   2.9922762862441360e-02	   1.4110214929574096e-02	   3.8503682890236257e-01	   3.3253154838379667e-01	  -3.7756246208363931e-01	  -3.9880321484229941e-01	   1.1700983477114189e-01	   1.0927551031240673e-01	  -1.2598362010258077e-01	  -1.2751275733566891e-01	   5.2810175642050039e-02	   5.6539842988456435e-02	  -3.8363337080767723e-02	  -1.5658721912026143e-02	   5.5218038160119698e-01	   5.0872006292220939e-01	   5.3903020755530950e-01	   6.5066116703191890e-01	  -4.6108992133993681e-01	  -4.5938799143475495e-01	   4.1531071079638432e-01	   5.9047739659020704e-01	   1.0772084988074329e-01	   1.0142005897141569e-01	  -2.8726530334417177e-01	  -2.5313106367561450e-01	   7.8977734232710747e-02	   5.2350731537612966e-02	   4.6713020937203020e-01	   5.1467167793912227e-01	   1.9143309341155351e-01	  -3.4869986836513975e-02	   1.8372323549169053e-01	   2.0880609596204214e-01	  -1.9905539792254204e-01	  -3.3648933566287265e-01	   4.9758355552828354e-01	   5.7680678044273803e-01	   3.8673628701525610e-02	   9.0353960492424612e-02	  -7.8179710582699249e-02	  -5.4594713270987527e-02	  -4.2837628629436314e-01	  -4.6873838280866764e-01	  -3.9744443713756927e-01	  -3.8488078026949868e-01	  -4.2198193372807435e-01	  -3.2608110142966962e-01	  -1.0211073180167987e-01	  -5.5957019832178334e-01	  -3.7079236660021608e-01	  -4.2858046583266418e-01	  -4.1121607444733643e-01	  -3.9919307109537366e-01	  -4.5927076516311333e-01	  -4.5962792138887065e-01	   4.9855677255705488e-01	   4.5078350135718903e-01	   4.8927920658961233e-01	   5.0074148512380390e-01	   2.1299374392407300e-01	   1.9830802915229684e-01	   7.3548922494064328e-01	   7.2709749192134132e-01	   3.0138108571104644e-01	   4.1667436083191245e-01	   4.0966168519766066e-01	   4.6487914259246199e-01	  -4.9795062719737264e-02	  -1.1665769870307055e-01	   3.4843004613576001e-01	   3.5601218843111421e-01	  -2.6769629813904805e-01	  -2.5882958767976155e-01	  -1.7418523766973198e-01	  -1.4755927422563214e-01	  -1.7868530365718077e-01	  -3.7059053499064404e-01	  -3.8083944964718608e-01	  -1.2111301223213700e-01	  -2.2271190470839311e-01	  -2.7435892889228813e-01	  -1.6904871301575691e-01	  -1.9118065254372632e-01	  -1.6327053071841735e-01	  -1.7211366072263320e-01	   0.0000000000000000e+00	   0.0000000000000000e+00	  -1.8474334781794791e-01	  -1.4496362710083530e-01	  -2.4379628626772137e-01	  -3.1199778366713288e-01	   0.0000000000000000e+00	  -1.8499994841026363e-01	  -1.7550847742335868e-01	  -1.7440501624555307e-02	   1.2975738233486978e-01	  -1.9424236815302792e-03	  -2.6902939418970240e-01	  -1.5856652776694671e-01	  -1.6938680614310622e-01	  -2.8771576872117915e-01	
