   0.0000000000000000e+00	   9.8363765289361438e-01	   9.5293641423230779e-01	   9.4532415633059497e-01	  -1.2327474109716775e-01	  -1.2653985462911452e-01	   8.5795498345523313e-01	   7.8065014832031843e-01	  -1.1389300796079388e-01	  -7.7586805546934506e-02	  -1.6126569913618738e-01	   1.7526749819587217e-01	  -1.4049332068396525e-01	  -1.0952536737142510e-01	  -9.6531737872044776e-02	  -8.9302147357465667e-02	  -2.0119615591476864e-01	  -2.5413306161804283e-01	   9.7161406508239034e-01	   9.5900365787224351e-01	  -6.4693977846842873e-02	  -6.5365796308212404e-02	   7.7083786329772819e-01	   7.4535697727065553e-01	  -1.4042382894155034e-01	  -1.3837000182150860e-01	  -7.6384670502447030e-02	  -7.5140347553575917e-02	  -5.9475877850194883e-02	  -4.5894367088729779e-02	  -3.4405852029435235e-01	  -4.2192913007065858e-01	   7.8683446205413587e-01	   7.4405601350753858e-01	  -1.5504093284498002e-01	  -3.0110456771148503e-01	  -8.7999852896159192e-02	  -8.0118474023125122e-02	  -1.0033406711888324e-01	  -9.4541656842894894e-02	  -3.9655913449063961e-02	  -2.1719440266117919e-02	   1.5369591957182946e-02	   8.9043887954323442e-02	  -5.5544007040115539e-01	  -3.2639372404380640e-01	  -2.0815349113993326e-01	  -2.0417176117903096e-01	   6.1464183979440777e-02	   3.7801588549035592e-01	  -1.1404679239261836e-01	  -1.6732131570013595e-01	  -1.1476250046715128e-01	  -1.5335618625030301e-01	  -2.6545814069655574e-02	  -1.0651053864984166e-02	   9.5123692262498338e-01	   9.7612456815311677e-01	   9.5473776388689080e-01	   9.1968428570780447e-01	   7.5168515014382342e-01	   7.7121031278012708e-01	   4.5597258335558388e-01	   6.7469629959898303e-01	   7.5411127922334487e-01	   8.3620232470294686e-01	   9.3395668990348124e-01	   8.9181006078577152e-01	   9.2917084715979725e-01	   9.3903694308924135e-01	  -2.8655580327431629e-01	  -2.8118078984220329e-01	  -1.0635788887987914e-02	   3.5005841559219541e-04	  -1.0239082702210514e-01	  -1.0051434228598627e-01	   5.2589288857471786e-02	   6.1044372317617834e-02	   2.7038231634606030e-01	   1.6805491796902469e-01	  -1.5391792436819260e-01	  -1.9981928835657498e-01	  -6.3558783093251303e-02	  -7.2807066775358753e-02	  -1.5386118768601514e-01	  -1.3302762125512604e-01	   9.8179507036730534e-02	   9.4455168725554844e-02	   4.6517036017129035e-03	   2.2717068440646013e-02	   4.3352227288229114e-02	  -3.3778281509834002e-02	   1.1364800527945723e-01	   6.6026787081711433e-02	  -8.9920953942455889e-02	  -7.5668862566109968e-02	  -1.0854597627701126e-01	  -8.3303309237226758e-02	  -4.1807111739863886e-02	  -3.3209390107305753e-02	   2.1243945932276581e-01	   1.8800351768208542e-01	   2.6066664462351030e-01	   1.2554363125339796e-01	   2.1507033578507215e-01	   2.0069508796606281e-01	   2.0487568904512737e-01	   2.0775105860987486e-01	  -1.3121080155311809e-01	  -1.1073701906786797e-01	  -1.7436567300225220e-01	  -8.5782485018154539e-02	  -6.2805244423294437e-02	   4.1004739754074135e-02	   9.1267044057344898e-02	   9.3299105565487275e-02	
   9.8363765289361438e-01	   0.0000000000000000e+00	   9.5732210857631173e-01	   9.2897877326464995e-01	  -9.8370224768788664e-02	  -1.0257947277331084e-01	   8.3442082536069284e-01	   7.7349554343987337e-01	  -8.3515256778716546e-02	  -5.3361703444291655e-02	  -2.1125175570402674e-01	   9.2034812766123533e-02	  -1.3996351930603376e-01	  -1.0802108109064179e-01	  -6.8225089506414247e-02	  -5.8812934229523148e-02	  -2.0930355700539960e-01	  -2.5691556979825741e-01	   9.6512816637675081e-01	   9.5738136381100714e-01	  -4.7127666760223771e-02	  -4.4717523118944863e-02	   7.7134732107602200e-01	   7.4984737242731403e-01	  -9.1462071055540564e-02	  -8.9697727552121520e-02	  -7.3129158763021701e-02	  -7.4724324280778229e-02	  -5.4550814715816964e-02	  -3.8286176082439963e-02	  -2.9117244010367693e-01	  -3.6835382408238748e-01	   7.5728305805193563e-01	   7.0694831854482776e-01	  -1.5712272809461567e-01	  -2.1854337495813786e-01	  -7.2965133413605526e-02	  -6.6241237173490508e-02	  -6.3836228926572466e-02	  -5.4852846498722491e-02	  -3.9029560482673219e-02	  -2.0004881810057482e-02	  -7.8448654837202458e-04	   5.9100918808067650e-02	  -5.5699848733988144e-01	  -3.4232319957540708e-01	  -1.6863875304428033e-01	  -1.6184631153798038e-01	   1.8997353732731325e-02	   3.4543389721485906e-01	  -1.4915834247170787e-01	  -2.1095144689635340e-01	  -7.3144832360511808e-02	  -1.1812499674159645e-01	  -7.9503565646670965e-03	   1.3260140851948734e-02	   9.8087662309543133e-01	   9.8619355203375858e-01	   9.5915140799655529e-01	   8.9478020714438200e-01	   8.2177931437129326e-01	   8.4072806715430048e-01	   3.7626378077611972e-01	   7.0521928232394915e-01	   7.2048403708348219e-01	   8.3410824464509559e-01	   9.2390981980695575e-01	   9.1266266703886956e-01	   9.5710152298053175e-01	   9.6208513989409838e-01	  -2.7631288831627793e-01	  -2.6773541576787074e-01	  -1.0565284479968431e-03	   1.0281882971600390e-02	  -7.9691328671634323e-02	  -7.4647396079290468e-02	   2.4996064149301347e-02	   3.3666314818268248e-02	   2.1579573829616455e-01	   1.2579400067033097e-01	  -1.4351148169535519e-01	  -1.8408490681130754e-01	  -4.5333796970605127e-02	  -4.5129903815341293e-02	  -1.3212827712297101e-01	  -1.1949952644610318e-01	   1.4474231329857878e-01	   1.3874754911914211e-01	   3.7003630240835847e-02	   5.9410717511084725e-02	   7.8294382028411699e-02	  -6.9874021287851043e-03	   1.5103456781601171e-01	   1.0656877651171412e-01	  -8.1791123878054359e-02	  -6.8722710000753556e-02	  -7.9761378268331587e-02	  -6.2459278779816933e-02	  -2.1874345967024152e-02	  -1.4899981425759337e-02	   2.3859355916769948e-01	   2.0822387147931190e-01	   2.8725636217181760e-01	   1.6682450502165619e-01	   2.5407974798919924e-01	   2.4040298478136474e-01	   2.3193826005667240e-01	   2.4009731347694993e-01	  -1.2303113445836977e-01	  -8.6371168763867176e-02	  -1.4038814913938125e-01	  -7.8002612520033363e-02	  -4.6090711600578468e-02	   7.3673862142540167e-02	   1.3172869701245885e-01	   1.3429955628241458e-01	
   9.5293641423230779e-01	   9.5732210857631173e-01	   0.0000000000000000e+00	   9.7259025798434962e-01	  -1.4505836798891490e-03	  -1.1990998242088468e-02	   9.2344459478753271e-01	   8.8258595954481678e-01	   7.3611063208676580e-03	   3.4486036262048173e-02	  -7.9541248084902483e-02	   2.3522668530613514e-01	   7.3672445948608542e-02	   9.2239771245958571e-02	  -8.1009914659938790e-03	  -2.4059839883416208e-03	  -4.8878005622545954e-02	  -1.4618027194873520e-01	   9.5250863444588663e-01	   9.5004653344052881e-01	   3.4033031565093866e-02	   3.4837308846473174e-02	   8.9534488699547121e-01	   8.7138856724871028e-01	  -8.3657477665373368e-03	  -8.9083717323567967e-03	   1.7580796378784849e-03	   2.3324609324238232e-03	   1.3401483245396081e-01	   1.4939983159812331e-01	  -1.2955464950859291e-01	  -2.3035610418032104e-01	   7.4009458125819827e-01	   6.8911692283804271e-01	  -1.6872608954890178e-01	  -2.3164760604918280e-01	   3.5000289013137419e-02	   3.3663357581098584e-02	  -1.0647834918433574e-01	  -9.1044614304948895e-02	   2.9645917063375792e-02	   4.1798821338106078e-02	   2.2038788015352753e-01	   2.8736445084396040e-01	  -5.3278396969869923e-01	  -3.4307580820179440e-01	  -4.3565677220577172e-02	  -3.3306339940633048e-02	   1.2869784867066070e-01	   3.8045068067592408e-01	   8.9841787228644734e-02	   2.5478696224786657e-02	  -4.9092691306395382e-02	  -5.6713732503973616e-02	   1.8550738784009559e-02	   2.9694102819856506e-02	   9.5544773464907196e-01	   9.5652954336413232e-01	   9.6089879488064833e-01	   9.2552481123315133e-01	   7.6885311921245747e-01	   8.2396695542743004e-01	   3.2767179685159509e-01	   5.8521040666060653e-01	   6.9125681898123026e-01	   8.0341922242478625e-01	   9.7053734327009722e-01	   9.4085804646437132e-01	   9.1196411806040079e-01	   9.3232527041169999e-01	  -1.0455370842355169e-01	  -9.1954132629666535e-02	   2.0236854845282892e-01	   2.1504738488546185e-01	   1.0780055170985679e-01	   1.1113631323918050e-01	   2.4753292273369895e-01	   2.5333397608397723e-01	   3.4608280248648293e-01	   3.0586726236876544e-01	   3.6204098298625753e-02	   7.7169114875207910e-03	  -3.3944030319813072e-02	  -4.1268087103076431e-02	   3.4456585002730425e-02	   5.1616497140009626e-02	   6.3600027356644800e-02	   7.3043280048536927e-02	   1.1986164417857983e-02	   1.7763842354490578e-02	   6.8275184203872609e-03	  -1.1344385891784686e-01	   7.0139954254098705e-02	   4.6858656205283657e-02	  -7.1823507589220001e-02	  -9.1111031963775568e-02	  -6.8169820168323694e-02	  -5.9620083544202881e-02	  -4.5723258135164174e-02	  -5.8538533210947666e-02	   1.6838384206456736e-01	   1.2336088822616882e-01	   1.9503124819677828e-01	   1.0269244706435793e-01	   1.6847656526928698e-01	   1.5520472617221545e-01	   1.5334877360715576e-01	   1.6400849144061358e-01	  -1.9203093927129228e-01	  -2.1246187919610544e-02	  -1.1975865839011758e-02	  -3.0078458189196820e-02	  -1.7769523329692694e-01	   3.8598129348844122e-02	   8.1854574126310753e-02	   6.5764408906135371e-02	
   9.4532415633059497e-01	   9.2897877326464995e-01	   9.7259025798434962e-01	   0.0000000000000000e+00	   2.2432151190918313e-02	   2.0555953476201001e-02	   8.9894405185689918e-01	   8.7924845109745009e-01	   3.3848521669592936e-02	   7.8601486972670123e-02	   1.0310740936976441e-03	   3.2643015349138749e-01	   1.4359876172311789e-01	   1.6474971874077157e-01	   1.6857955969415406e-02	   2.3540462178245819e-02	   4.7969667973624369e-02	  -6.3046766713491159e-02	   9.4120114824693402e-01	   9.3360774513725109e-01	   8.0798439232121710e-02	   7.8279645445836127e-02	   8.9859747562871428e-01	   8.9714826230790456e-01	  -1.0066576176900276e-03	   8.1601542824458178e-03	   4.4669929318774809e-02	   4.7576860611507496e-02	   2.0616716956676095e-01	   2.1685580467942689e-01	  -1.0369834898004129e-01	  -1.9105080940735225e-01	   7.2879098736930414e-01	   6.9099384730202174e-01	  -1.5438914065023090e-01	  -2.2607614617672700e-01	   7.7982214285543611e-02	   7.9269814414948209e-02	  -1.1544959548705694e-01	  -9.6928627381512658e-02	   7.9514998773926898e-02	   8.7923135965861612e-02	   3.0282043982934542e-01	   3.7389996982746604e-01	  -5.3424452840185599e-01	  -3.2719716514627312e-01	  -2.3173505356156653e-02	  -1.3242766116269544e-02	   1.7247476319767432e-01	   4.0419070886520930e-01	   1.6544103154566348e-01	   1.1440369880453956e-01	  -3.4595712012507912e-02	  -3.3248809685941239e-02	   5.4287283986997045e-02	   6.3676222762152124e-02	   9.1500290386735805e-01	   9.3456680104122336e-01	   9.3121927832186813e-01	   9.1271849004859373e-01	   6.8870981488801530e-01	   7.3381564410746247e-01	   3.1754925132349593e-01	   5.3222849554369023e-01	   6.5696878035932549e-01	   7.6559244434924034e-01	   9.4563006034637054e-01	   9.1265696041754052e-01	   8.9335604446962980e-01	   9.1490187876089157e-01	  -3.2278628029624855e-02	  -1.5318983078436585e-02	   2.4582271359309910e-01	   2.6072236797066445e-01	   1.2481387521306951e-01	   1.2941181118539807e-01	   3.3926506399470868e-01	   3.4694829569988489e-01	   4.3700991700971026e-01	   4.1324230142611845e-01	   1.1896466474189624e-01	   8.1235671679332488e-02	  -1.3961876660070673e-02	  -2.4836193825376308e-02	   7.6367320195169702e-02	   1.0177421722405708e-01	   6.3294491310754125e-02	   8.2583172049167819e-02	   3.2328462022873948e-02	   3.6215418628808532e-02	   7.4516578614591492e-03	  -1.3618316688578114e-01	   7.2677820650109498e-02	   4.5286959203687777e-02	  -5.2110091188450634e-02	  -8.8516742191304024e-02	  -5.3603079031563632e-02	  -4.0689534888345966e-02	  -2.6716237454814343e-02	  -4.7561131621470382e-02	   1.8819362624240910e-01	   1.4768657787775899e-01	   2.0874388062616528e-01	   1.1442038211509939e-01	   1.7500094195455415e-01	   1.5942948407901755e-01	   1.7417538368384713e-01	   1.7987794014670005e-01	  -2.1959575488767363e-01	   8.0728480430897163e-03	   1.9269459661167811e-02	   1.5695812929431313e-02	  -2.1151796915068180e-01	   4.6932031820843163e-02	   8.6171532750243085e-02	   6.8140455805554612e-02	
  -1.2327474109716775e-01	  -9.8370224768788664e-02	  -1.4505836798891490e-03	   2.2432151190918313e-02	   0.0000000000000000e+00	   9.8891392049619353e-01	   5.1488564785171177e-03	   1.1666604868537367e-01	   9.5411954321232240e-01	   9.6999342657762289e-01	   2.8737102740011522e-01	   2.6280358689774397e-01	   5.2879996226765758e-01	   5.1659364393401630e-01	   9.7308034817740063e-01	   9.6861876074335351e-01	   4.6942524846170153e-01	   3.9141159449306451e-01	  -1.2356187108850186e-01	  -1.1862118789701964e-01	   9.4720905470066974e-01	   9.4906671508918006e-01	   2.2561833884132798e-01	   2.6966794559376944e-01	   8.4105007722898595e-01	   8.2409097300541445e-01	   8.9378827507813630e-01	   8.9308178768932356e-01	   7.9083466366670385e-01	   8.0989913482223397e-01	   4.8093901693618557e-01	   3.8069095994664892e-01	  -5.9989065445391739e-02	  -4.5790353303926744e-02	  -1.0538053599131721e-01	   1.8798277077218814e-01	   9.3121723994507666e-01	   9.4871075908036273e-01	   7.2156736334670601e-01	   7.6365885584269733e-01	   8.7668850234326590e-01	   8.5858337216821545e-01	   6.5911917140318066e-01	   5.2991093443660175e-01	   4.7544167854675981e-02	   4.6100720792652261e-02	   8.5522828120227612e-01	   8.1432889686435750e-01	   1.5923880196349216e-01	   9.4437895489811532e-02	   5.2684861224119972e-01	   4.8809689519348937e-01	   7.8930803575719666e-01	   9.1221017428657636e-01	   8.5958469466955045e-01	   8.6073780592835447e-01	  -1.0212864022566667e-01	  -9.9263277552830459e-02	  -1.2864175235874570e-01	  -1.6186246757455169e-01	  -2.7057060402880861e-02	  -6.4066681224518224e-02	  -3.4935576697889770e-01	  -1.7438458006546620e-01	  -1.5535174876424665e-01	  -1.3789244209136348e-01	  -3.2341819159315194e-02	   7.2114101816413731e-04	  -6.5524364430390780e-02	  -7.7676944100140088e-02	   6.2121781096433026e-01	   6.2228805056298853e-01	   6.3627798654355661e-01	   6.3231442103115310e-01	   4.9903726369364593e-01	   5.0489146831945964e-01	   5.2011187623361210e-01	   5.2071387161127314e-01	   3.3705143387254055e-01	   4.3082091354384877e-01	   7.3183892751505097e-01	   7.0224397757273826e-01	   8.4612497077974980e-01	   8.4936822295391234e-01	   8.9233666088988950e-01	   8.8805524562191285e-01	   5.2740396341884421e-01	   5.8595112274921946e-01	   7.5836413417176196e-01	   7.3232787980955649e-01	   5.7256595803209298e-01	   3.9984335852039365e-01	   5.2690361147653098e-01	   6.1961519301506440e-01	   7.1283055820395425e-01	   5.3946299309915935e-01	   8.8025284021374350e-01	   8.2480600858023134e-01	   7.3893156128821658e-01	   6.6274363399971081e-01	   2.6063471877464228e-01	   1.5248528298393380e-01	   3.0127729691961636e-01	   5.8133213985994781e-01	   4.4714622871733467e-01	   4.2859545043939551e-01	   2.3333793159318200e-01	   3.0935842769101263e-01	   1.2112812259402549e-01	   9.5897308453237318e-01	   9.3274198782205875e-01	   8.6411316456120280e-01	   1.1073602684611090e-01	   6.6989024430773236e-01	   5.8496620331253169e-01	   5.6934006136146731e-01	
  -1.2653985462911452e-01	  -1.0257947277331084e-01	  -1.1990998242088468e-02	   2.0555953476201001e-02	   9.8891392049619353e-01	   0.0000000000000000e+00	  -1.7384065891196381e-02	   1.2529676828772973e-01	   9.2872386851868416e-01	   9.6417610209807736e-01	   2.3892992342810324e-01	   2.5072150350051936e-01	   5.3556967107063347e-01	   5.3963392408122768e-01	   9.5397084469862814e-01	   9.4629039770346268e-01	   4.2996286147897922e-01	   3.4455119688531188e-01	  -1.2691669129336938e-01	  -1.1908537781173587e-01	   9.4043772708046525e-01	   9.4050438017371396e-01	   2.0810422771421594e-01	   2.7092415070859732e-01	   7.8857996778746298e-01	   7.7802186770757775e-01	   9.2321948238063389e-01	   9.2354593411490349e-01	   7.7841336128305705e-01	   7.9844065387438068e-01	   4.4256945999846986e-01	   3.5252295941540446e-01	  -7.6325991630952272e-02	  -5.9847064699462889e-02	  -9.9195979659481431e-02	   1.8301609778327443e-01	   9.4764727133615934e-01	   9.6281953124126629e-01	   7.3803186241940422e-01	   7.7815868228574980e-01	   9.0411621675868714e-01	   8.8711199429506493e-01	   6.4343173319030933e-01	   5.1768015086790098e-01	   2.1380099241968896e-02	   6.2851151733720828e-02	   8.2319773483625425e-01	   7.7743557485500359e-01	   1.8692198844052965e-01	   7.7722665274800110e-02	   5.1174051913383845e-01	   4.9506959874698825e-01	   7.4095557023691616e-01	   8.8016384390440416e-01	   8.8203544845378201e-01	   8.7746575270980298e-01	  -1.1374526120251129e-01	  -1.0635407379340095e-01	  -1.2961547540584756e-01	  -1.5799586120506817e-01	  -3.2820908624953161e-02	  -5.5769203146689268e-02	  -3.5282236520540333e-01	  -1.7273703932139012e-01	  -1.6237337556972756e-01	  -1.2663963179499024e-01	  -4.4227283093548932e-02	   2.1959913998148535e-03	  -6.7174749904596487e-02	  -7.7700360090802653e-02	   5.9809279382242209e-01	   5.9475545875057811e-01	   6.2254771428779143e-01	   6.2508387540226462e-01	   5.0500345575347383e-01	   5.1344010475769042e-01	   5.2921701589390469e-01	   5.3374255970111029e-01	   3.3681534897996968e-01	   4.1602886634355929e-01	   7.1057006749868257e-01	   6.8316600398167926e-01	   8.5567847266001096e-01	   8.5789798422076058e-01	   8.7877841902319243e-01	   8.7443502460164635e-01	   5.2187301819262344e-01	   5.8802620329807587e-01	   7.7522484057882579e-01	   7.4774500527373955e-01	   5.7609487719230357e-01	   4.1851040435168380e-01	   5.3251636773383126e-01	   6.1386825428600256e-01	   7.6327778954920678e-01	   5.9778868193325863e-01	   8.9182749236331138e-01	   8.5132919116995542e-01	   7.6374888642975280e-01	   6.9095054672254108e-01	   2.7966671645982227e-01	   1.7198853020375743e-01	   3.2213149722849216e-01	   5.8408483183287663e-01	   4.4914356104668973e-01	   4.2789260109461441e-01	   2.5355689474982224e-01	   3.2213868451428035e-01	   1.7853009680755172e-01	   9.5765362415265098e-01	   9.2200091016420060e-01	   8.8665182586302449e-01	   1.5034093310544266e-01	   6.5325528613506956e-01	   5.8062773417759894e-01	   5.6218461670493425e-01	
   8.5795498345523313e-01	   8.3442082536069284e-01	   9.2344459478753271e-01	   8.9894405185689918e-01	   5.1488564785171177e-03	  -1.7384065891196381e-02	   0.0000000000000000e+00	   9.0367201934051566e-01	   1.9260865473389482e-02	   3.1116310881109364e-02	   8.6370309750872412e-02	   4.5791968490941293e-01	   1.5166389260583640e-01	   1.4881020630123928e-01	  -8.5186411500485330e-03	  -2.5236801868949192e-03	   2.1236907808967038e-03	  -1.2434519224739035e-01	   8.7400559153991508e-01	   8.7284658876764776e-01	   3.6118074459497981e-02	   3.5415827317665322e-02	   8.6497240223023208e-01	   8.1835634716807037e-01	  -3.6357539146712318e-03	  -4.6077147827828235e-03	  -1.4657547828756138e-03	  -3.7007700540064433e-03	   1.8905598818050023e-01	   2.0469183889464082e-01	  -7.4977873053829094e-02	  -1.9287092382048379e-01	   7.5532996144921238e-01	   7.0588327783537985e-01	  -2.1453489698908315e-01	  -4.4868465548412151e-01	   5.1441674366473296e-02	   4.5666161476592235e-02	  -1.5058772161333406e-01	  -1.3408953118596248e-01	   2.2353518658960483e-02	   3.1721960097011094e-02	   3.1895593742944633e-01	   4.0489845920890549e-01	  -5.0926696655582737e-01	  -4.0245594974145238e-01	   2.3640960014419839e-02	   3.5655665656243882e-02	   8.5444701256304462e-02	   3.2507955322545495e-01	   2.5167434257716409e-01	   1.6195695584750402e-01	  -5.9288910771358963e-02	  -3.4692036475832397e-02	  -2.0360133118078313e-02	  -1.5774693742868572e-02	   8.4913650623958326e-01	   8.5828116977262359e-01	   8.8142289049331390e-01	   9.0917854586376778e-01	   6.0221123610015304e-01	   7.5060949095285268e-01	   4.5184770144548314e-01	   3.8468624715244670e-01	   7.3235152460448794e-01	   7.8062262435496710e-01	   9.3872220142315044e-01	   8.3474176900464225e-01	   7.6292541572271722e-01	   7.9148004913387726e-01	  -7.9333862721400819e-02	  -5.8512547250017352e-02	   2.8011295444357120e-01	   2.8775727109007154e-01	   1.7328181809164975e-01	   1.7030647825346060e-01	   3.3614353551270137e-01	   3.4005510043664872e-01	   3.9784210119849528e-01	   3.8640923405699690e-01	   7.5642690101920512e-02	   6.0854661821965000e-02	  -5.0573892113760094e-02	  -6.5024702683866051e-02	   9.8339084840955035e-02	   1.2325457708548881e-01	  -1.9937800670894953e-02	  -9.2730508154024553e-03	  -4.8099283404890031e-02	  -6.3722880034943030e-02	  -6.7372695466080962e-02	  -1.9218538015514786e-01	  -3.1443801576705128e-02	  -2.8324077630771001e-02	  -1.0467781844148311e-01	  -1.4373359736541144e-01	  -9.1773774181273970e-02	  -9.6968711047745154e-02	  -9.9985517930664958e-02	  -1.2161431079024293e-01	   3.2481176549480073e-02	  -1.1399874551534664e-02	   5.3783494908412638e-02	   1.5376970668019437e-02	   4.2141134011859642e-02	   3.1731092397580374e-02	   1.3725900889484772e-02	   3.0050717225188459e-02	  -2.3841310655410303e-01	  -1.9778704883083864e-02	   2.7913108353321964e-02	  -4.9269476680375887e-02	  -2.6439261584681928e-01	   1.9528258474999041e-03	   1.7453327598867068e-02	  -1.4243230696474523e-02	
   7.8065014832031843e-01	   7.7349554343987337e-01	   8.8258595954481678e-01	   8.7924845109745009e-01	   1.1666604868537367e-01	   1.2529676828772973e-01	   9.0367201934051566e-01	   0.0000000000000000e+00	   1.0843325013926959e-01	   1.5208796192057691e-01	  -3.3190338360334325e-02	   3.5418204536370101e-01	   3.7381086908978728e-01	   4.1086595314317909e-01	   6.1907650083829702e-02	   6.9733315739804402e-02	   2.2349565055319869e-02	  -1.4619902062474266e-01	   7.9453647955149165e-01	   8.0231172768961334e-01	   1.2810709528238556e-01	   1.2106857057962322e-01	   9.0195066351054054e-01	   9.0379553542497204e-01	   4.2730947027649027e-02	   8.2381262390158222e-02	   1.2385712597065196e-01	   1.2778530805413510e-01	   3.3802570582591390e-01	   3.6100672243730603e-01	   1.0921851656455962e-01	   1.3715363171932476e-02	   6.1843943781260080e-01	   5.7004904715579530e-01	  -2.8967133021956670e-01	  -2.7587558391223405e-01	   1.9724996425240765e-01	   1.8075647437083342e-01	  -4.5024751020562102e-02	  -2.9543760494847686e-02	   1.4395365228870732e-01	   1.5073229376733627e-01	   4.3052834123476780e-01	   4.8566156298939522e-01	  -5.0059115126296549e-01	  -2.8481647143578104e-01	   1.4111342235753366e-01	   1.7025578859783999e-01	   3.0803606577391685e-01	   3.3402132331962653e-01	   3.4546807257308226e-01	   3.0970717558849864e-01	  -1.3189238238359614e-02	   1.5436247612325003e-02	   9.6260054793048194e-02	   9.5344914991120647e-02	   7.7298966143953018e-01	   7.5952548491030647e-01	   8.4187263765115972e-01	   8.2869366061880179e-01	   6.4137037557648335e-01	   7.5715177689611912e-01	   1.9387524039130349e-01	   4.1541562262966547e-01	   5.6262645385681986e-01	   7.1170447127146952e-01	   8.5811080343763635e-01	   8.7899782672200888e-01	   7.0445945353062034e-01	   7.3360980703700507e-01	   5.5647495829958621e-02	   7.2983203033695848e-02	   4.4175311337464507e-01	   4.6274103507499920e-01	   3.8534386511295154e-01	   3.9116060018324428e-01	   4.7660923932823818e-01	   4.8927326847006342e-01	   3.9269274382153591e-01	   3.9207783751055880e-01	   2.1744069678856509e-01	   2.1528866577344383e-01	   6.3427374492294269e-02	   5.6076524035773498e-02	   2.3567380000088783e-01	   2.4722241432959124e-01	   4.4976220172001674e-02	   6.6034061220925172e-02	   6.4132641380061348e-02	   4.2761676897230656e-02	   2.9196669304816718e-02	  -1.0034073659138680e-01	   5.0533990087811370e-02	   5.2468153180708403e-02	   3.0680363355417281e-02	  -1.0704285795302405e-02	   1.7315584094833279e-02	   3.2509084589432309e-02	   3.0838231422474393e-02	   7.2422274169518250e-03	   6.0041697699369921e-02	  -8.4461748612032796e-03	   8.6855893154099667e-02	   9.0739652039496951e-02	   8.8209810607682237e-02	   7.7211571523327291e-02	   3.5540521533305489e-02	   5.8554776178085022e-02	  -1.3849719667401594e-01	   6.8729571465889538e-02	   1.8718435241625042e-01	   8.3346356667327565e-02	  -1.7267364398309293e-01	   7.8906543501161525e-02	   8.9756624902002841e-02	   6.0274461033269819e-02	
  -1.1389300796079388e-01	  -8.3515256778716546e-02	   7.3611063208676580e-03	   3.3848521669592936e-02	   9.5411954321232240e-01	   9.2872386851868416e-01	   1.9260865473389482e-02	   1.0843325013926959e-01	   0.0000000000000000e+00	   9.8065469446477849e-01	   3.7780160151896264e-01	   2.8705990891513411e-01	   5.0226270637490456e-01	   4.7409553109135560e-01	   9.5182442327759320e-01	   9.5459280639825972e-01	   5.5015920717681721e-01	   5.0106409149121534e-01	  -1.2327200520190981e-01	  -1.2423440449545944e-01	   9.3902566584248848e-01	   9.4871356904587900e-01	   2.2766596064464611e-01	   2.6502661283148299e-01	   9.3562413917219645e-01	   9.2435579829244541e-01	   7.7306743473743367e-01	   7.6772009119219364e-01	   8.0384043198860344e-01	   8.1909937968839230e-01	   5.3291472852669564e-01	   4.2354877337718555e-01	  -1.8148689972623828e-02	  -2.0341880656649007e-03	  -1.3832648146603171e-01	   2.1002479282038894e-01	   8.6073094906143677e-01	   8.8996695631366318e-01	   7.0133772877455869e-01	   7.5010703473094265e-01	   7.6748606446362810e-01	   7.6452829827399815e-01	   6.6444789789136816e-01	   5.2383738109824407e-01	   8.9874702150801691e-02	   5.5819585473329519e-02	   8.9079788707959029e-01	   8.6186847743366313e-01	   1.1705878966544954e-01	   1.5654097509299048e-01	   5.1757100292488445e-01	   4.5687898089645185e-01	   9.0037580395744010e-01	   9.7172139959357362e-01	   8.1222008824185199e-01	   8.2117422498702097e-01	  -7.2033002347218850e-02	  -7.8466703639134786e-02	  -1.1299177305519778e-01	  -1.6416602767798869e-01	   1.1499596012307049e-02	  -4.7168600935753063e-02	  -3.8812425502447268e-01	  -1.7207496435943442e-01	  -1.4655684188556356e-01	  -1.1799386188837366e-01	  -1.1659237191496705e-02	   2.3975419306792728e-02	  -6.7044161646787351e-02	  -7.4302222603366136e-02	   6.7454128777347921e-01	   6.8220636597217488e-01	   6.5097364637616295e-01	   6.3912560155012854e-01	   4.7723881704277482e-01	   4.8247380260344330e-01	   4.8382799516564556e-01	   4.8337707389929996e-01	   3.6713670321169251e-01	   4.6857427388413797e-01	   7.7742931697256790e-01	   7.3380128574263537e-01	   7.4955962747550187e-01	   7.6599751724954690e-01	   8.7372368531324573e-01	   8.7309227600705663e-01	   5.4410035351395025e-01	   5.8956706573874595e-01	   7.4062309202053889e-01	   7.0551423151407699e-01	   5.5700258721746432e-01	   3.3338592383436128e-01	   5.0886032301326367e-01	   6.2168368068449031e-01	   5.9134156093431389e-01	   4.0839008641477120e-01	   8.4133653218452520e-01	   7.6090618011434763e-01	   6.6770284395295387e-01	   5.7375284423220774e-01	   1.7585109912156996e-01	   6.5027455947433435e-02	   2.3140095620998075e-01	   5.9673565916581839e-01	   4.1353564491147010e-01	   3.9593188387755540e-01	   1.4741572753356103e-01	   2.2863469687448074e-01	  -2.5657303865709830e-02	   9.4361780434976605e-01	   9.3268427997043568e-01	   8.0112874156424696e-01	   3.4316405056932311e-04	   6.9347220872462956e-01	   6.1834716232626241e-01	   5.8243183128290732e-01	
  -7.7586805546934506e-02	  -5.3361703444291655e-02	   3.4486036262048173e-02	   7.8601486972670123e-02	   9.6999342657762289e-01	   9.6417610209807736e-01	   3.1116310881109364e-02	   1.5208796192057691e-01	   9.8065469446477849e-01	   0.0000000000000000e+00	   3.4336941609283278e-01	   3.1477370439533076e-01	   5.3377301433678326e-01	   5.2294978121122970e-01	   9.6591772305081403e-01	   9.6312975145569713e-01	   5.2591203455740021e-01	   4.5694653643038430e-01	  -8.6727023623715538e-02	  -8.5898402979050756e-02	   9.7541260724444023e-01	   9.7924177895368425e-01	   2.5939225622214984e-01	   3.1464526054485886e-01	   8.7473024604806560e-01	   8.6014014877628020e-01	   8.5755684039868585e-01	   8.5451190485393602e-01	   8.1775461749650358e-01	   8.3232441820181324e-01	   4.7492342830848810e-01	   3.8765041131065892e-01	  -5.7624393427724817e-03	   1.3423306961535993e-02	  -1.0675626217606647e-01	   2.0166091166116401e-01	   9.2415095671254588e-01	   9.4939714155995159e-01	   7.3313776536974840e-01	   7.7950276820173636e-01	   8.5773974591533120e-01	   8.5540501261098134e-01	   6.8431519371549554e-01	   5.5121051053298153e-01	   2.4607036180898854e-02	   5.2777598688383581e-02	   8.5456517899572382e-01	   8.1518529311849341e-01	   1.7348838651182613e-01	   1.5411266823588521e-01	   5.2311836127948641e-01	   4.9101163217513499e-01	   8.3940287667284041e-01	   9.4594388571413890e-01	   8.8102207778442687e-01	   8.8537585646200423e-01	  -5.5942090180165660e-02	  -4.9471547597751603e-02	  -8.6360129197360413e-02	  -1.2726470499024789e-01	   9.6732556042276926e-03	  -3.7126020338600879e-02	  -3.6057555707171884e-01	  -1.5026083360654782e-01	  -1.2616225315816954e-01	  -8.8847662834123736e-02	   1.0222391043728827e-02	   5.2770821348746597e-02	  -2.7271254122315187e-02	  -3.3826606790895559e-02	   6.5205209613602488e-01	   6.5573469647370242e-01	   6.4003386385159189e-01	   6.3680143611012119e-01	   4.7200819784123221e-01	   4.8043140514184823e-01	   5.3532355911208396e-01	   5.3884846061628311e-01	   4.0579297119269009e-01	   4.9702564659502885e-01	   7.7347879673890096e-01	   7.2952042710282528e-01	   8.0893474838419988e-01	   8.1807070113943070e-01	   8.8774270324765758e-01	   8.8864138240822188e-01	   5.8313617793172989e-01	   6.3766847015520767e-01	   7.9790752237153950e-01	   7.6276746400625817e-01	   6.0149241895030947e-01	   3.7753280925588178e-01	   5.6670438814313839e-01	   6.5501476334864717e-01	   6.7743496004851456e-01	   4.9593089647665378e-01	   8.8259763973862593e-01	   8.2161284105965859e-01	   7.4084466597333865e-01	   6.5028003078608054e-01	   2.6597952691625315e-01	   1.5707611991090853e-01	   3.2650715450637269e-01	   6.4419159146328830e-01	   4.8609280978325620e-01	   4.6525180941862326e-01	   2.3852696027191772e-01	   3.1477318679957239e-01	   3.1019457685414094e-02	   9.7078355517817627e-01	   9.3629569623867170e-01	   8.7269803340988517e-01	   5.6193735316329596e-02	   7.1306595689953789e-01	   6.4778620371452333e-01	   6.1877975209295188e-01	
  -1.6126569913618738e-01	  -2.1125175570402674e-01	  -7.9541248084902483e-02	   1.0310740936976441e-03	   2.8737102740011522e-01	   2.3892992342810324e-01	   8.6370309750872412e-02	  -3.3190338360334325e-02	   3.7780160151896264e-01	   3.4336941609283278e-01	   0.0000000000000000e+00	   7.8743925145077664e-01	   4.3378343030422861e-01	   3.1612027903763701e-01	   3.2030085512432405e-01	   3.0969133893848183e-01	   8.3188999632297622e-01	   8.6284056215852822e-01	  -1.8779906959078396e-01	  -1.9788513271839875e-01	   4.0459535683612347e-01	   4.0212666356320653e-01	   1.3487139090359684e-01	   8.3546581621071675e-02	   3.8063954947634993e-01	   3.3212781644992451e-01	   2.2047101453936302e-01	   2.2010123723887998e-01	   5.1198226919556200e-01	   4.6643994423719265e-01	   3.2411419351663784e-01	   3.9552223529208008e-01	   1.0502747454231548e-01	   1.4697340050462979e-01	   1.6463652284663449e-01	  -4.1633837999545599e-02	   2.4793385596528167e-01	   2.8817005731223694e-01	  -5.1136498743653253e-02	  -1.1311866561271280e-02	   2.3477781398811748e-01	   2.2285317262355697e-01	   6.0258990508387755e-01	   6.3241672613272581e-01	   4.6040024443128569e-01	   2.9963167901021770e-01	   3.1056581111433723e-01	   2.6607599277909333e-01	   2.7316820223893606e-01	   4.1832427854148679e-01	   6.5153543889380860e-01	   6.1990225597735849e-01	   3.1338764054669527e-01	   4.0612607828727543e-01	   2.0762208632805151e-01	   2.0579747902972831e-01	  -1.5755731352928287e-01	  -1.2496341469932547e-01	  -2.1144462761225416e-01	  -1.4531352722321095e-01	  -3.6343600957666311e-01	  -3.9747715838644709e-01	  -5.6000326249744090e-02	  -4.8032237541270528e-01	  -8.1205411737643077e-02	  -2.2103100100530634e-01	  -7.0339689464354628e-03	  -1.5841772854249692e-01	  -2.0561386582355454e-01	  -1.9072224046877029e-01	   6.3626877316873331e-01	   6.2775835849250572e-01	   3.1531815139197644e-01	   3.0420487203478574e-01	   3.0607997369339029e-02	   2.7799342940253984e-02	   4.7864330440381042e-01	   4.6782233993536715e-01	   6.9907477332873980e-01	   7.6476099753369198e-01	   6.2989547265257373e-01	   5.7343150769960816e-01	   5.7038298311096247e-02	   3.6589914655816028e-02	   4.1738927799034203e-01	   4.7587776734355874e-01	   4.7396253328258170e-02	   1.0221366537963789e-01	   1.1058292942091552e-01	   6.2000778320932939e-02	  -3.2579177793068743e-02	  -2.8842046125646414e-01	  -1.9279738806296069e-02	   3.3794417391474929e-02	  -6.1352197152035243e-02	  -2.1891687841157531e-01	   1.1482947667731483e-01	   4.3464287979633878e-02	   4.1767488175390773e-03	  -9.1877760986640231e-02	  -4.1691117583512885e-03	   2.9418850634046669e-03	  -3.0041757113212837e-02	   1.3140312141806929e-01	   3.1944793989294139e-02	   2.7392597288216053e-02	  -2.4488188516397488e-02	  -8.0976599967131952e-04	  -4.8979429657793244e-01	   3.1785641765070582e-01	   2.6390029477428423e-01	   2.2280402009828593e-01	  -5.3771861477470673e-01	   1.0991393283986334e-01	   1.3806060509961304e-01	   5.0995382915624402e-02	
   1.7526749819587217e-01	   9.2034812766123533e-02	   2.3522668530613514e-01	   3.2643015349138749e-01	   2.6280358689774397e-01	   2.5072150350051936e-01	   4.5791968490941293e-01	   3.5418204536370101e-01	   2.8705990891513411e-01	   3.1477370439533076e-01	   7.8743925145077664e-01	   0.0000000000000000e+00	   4.6035841616559681e-01	   4.0421233287470093e-01	   2.6184031833010912e-01	   2.5243766091456021e-01	   5.4140659241222266e-01	   4.7286467717003827e-01	   1.5799916999287433e-01	   1.5324948932758753e-01	   3.7832216004659824e-01	   3.6322211078010147e-01	   3.8867437350608258e-01	   3.6177261989639109e-01	   1.9730101662239036e-01	   1.6736340699189750e-01	   3.2588380687343965e-01	   3.2590767385158670e-01	   4.9947791410320019e-01	   4.7798549432996995e-01	   1.1446380986312610e-01	   1.0644500818428582e-01	   4.1012474986198005e-01	   4.3882999306765247e-01	   8.4334597829470101e-02	  -4.0575307778033093e-01	   3.2191080181465997e-01	   3.4630189853158044e-01	  -5.0768507683913007e-02	  -2.5210560959389196e-02	   3.4283791873768371e-01	   3.3156628763706997e-01	   6.5285981311460572e-01	   7.3377688807376007e-01	  -1.0151063104095354e-02	  -5.0918918698008873e-02	   2.1430112494064785e-01	   1.7280326245026387e-01	   2.2341661070297464e-01	   3.2066007648262074e-01	   6.6555872780767600e-01	   6.3382493132175433e-01	   1.4256004183307375e-01	   2.6096181504434790e-01	   2.4619429962223882e-01	   2.2830673257248590e-01	   1.0239206679177887e-01	   1.7764487657965139e-01	   1.2592314539720811e-01	   2.6351407695803580e-01	  -2.0335138491337107e-01	  -9.5880904120616797e-02	   3.1907313454128522e-01	  -2.8557958213893392e-01	   3.2728470776029672e-01	   1.9306168946848606e-01	   3.3866865792167583e-01	   1.3575642861254955e-01	   4.9583114642651908e-02	   8.5469867475206560e-02	   3.7994546291918041e-01	   3.6675777736434961e-01	   3.7854955528147344e-01	   3.8890503044399055e-01	   1.1850153518057785e-01	   1.1520410977757756e-01	   6.1237836782499155e-01	   6.1651378455085593e-01	   8.2975900179059492e-01	   8.1961250508288108e-01	   4.8408080517256830e-01	   4.2844948041459063e-01	   1.2384414248866087e-01	   8.9035009049376612e-02	   3.7294323148852487e-01	   4.4352999938311854e-01	  -3.6030427127357226e-02	   3.4434756640991410e-02	   1.1175512879374316e-01	   6.7703707441678182e-02	  -8.1922817539020851e-02	  -2.9014803151546265e-01	  -6.3714875307159635e-02	  -4.4361919758851454e-02	   9.4776182348086310e-02	  -5.3423011011280247e-02	   1.1960366416903026e-01	   1.0093793483098545e-01	   3.8941103096979388e-02	  -4.0146314511753593e-02	   3.5664757597190282e-02	   5.6076156907037517e-02	   2.1971869251979637e-02	   6.4047121721925587e-02	  -3.3353424452674655e-03	  -1.5942279453248054e-02	   1.6491885347260031e-02	   1.5912631397687498e-02	  -2.9433964909672439e-01	   2.9461892492190811e-01	   2.3455102351146190e-01	   2.7832317814802238e-01	  -4.5700342009038486e-01	   2.8929952279540504e-02	   4.7238944579211052e-02	  -2.9834090209770781e-02	
  -1.4049332068396525e-01	  -1.3996351930603376e-01	   7.3672445948608542e-02	   1.4359876172311789e-01	   5.2879996226765758e-01	   5.3556967107063347e-01	   1.5166389260583640e-01	   3.7381086908978728e-01	   5.0226270637490456e-01	   5.3377301433678326e-01	   4.3378343030422861e-01	   4.6035841616559681e-01	   0.0000000000000000e+00	   9.8444151593755369e-01	   4.1284114079171075e-01	   4.0472689564309650e-01	   6.3035421681589354e-01	   4.5199018505101196e-01	  -6.2711147700490022e-02	  -4.7402800963210992e-02	   5.2089159216761072e-01	   4.9885928550689396e-01	   3.8058746687123357e-01	   4.3689734516308820e-01	   3.9945999168747148e-01	   4.4222394738438542e-01	   5.0083865472180622e-01	   5.0641508891020115e-01	   8.6851547467371548e-01	   8.5784016049813061e-01	   7.6001596962211915e-01	   7.2313227155334170e-01	  -2.2311759565145289e-01	  -2.2870870611791866e-01	  -4.4409370431977638e-02	   2.0156182355369945e-01	   6.2431816758965131e-01	   5.9825357851217298e-01	   1.2790343764665593e-01	   1.5078758669142267e-01	   4.9492072807298609e-01	   4.7261243879958759e-01	   8.7465852830860835e-01	   8.3862160591346768e-01	  -1.9339051976912467e-02	   2.0816729852749228e-02	   6.3185688211510893e-01	   6.4478322758419848e-01	   4.5103877546918070e-01	  -1.4375201888470381e-02	   8.7456616419538324e-01	   8.8945017148768146e-01	   2.6814825523628227e-01	   4.1528807951346514e-01	   3.7921474809429767e-01	   3.5125864021249914e-01	  -1.0367845037320007e-01	  -1.3015157663045185e-01	  -3.6819107431114467e-02	   5.5575761962760569e-03	  -1.5063263554227202e-01	  -6.1157008164275842e-02	  -4.2111813434775630e-01	  -3.7648095173438212e-01	  -3.3343785225437489e-01	  -2.4303907559632543e-01	   2.3935910281707030e-02	   8.7164814100180718e-02	  -7.4899249828805775e-02	  -6.0770149090155871e-02	   7.9112839614361141e-01	   7.8140445568019723e-01	   8.5008624638241503e-01	   8.6268988440967564e-01	   7.9440444077957995e-01	   7.9874197748483122e-01	   9.1424534825824444e-01	   9.1499820523404063e-01	   5.4352577493938303e-01	   7.0755165559560074e-01	   8.3043369197383976e-01	   8.6936814757088510e-01	   3.2583294091380999e-01	   3.1304486065542514e-01	   7.5998087799363923e-01	   7.6077196290390448e-01	   3.2231009662287849e-03	   6.9837284251367759e-02	   2.3254753369446432e-01	   1.6768265220696887e-01	   2.9516221059839400e-02	  -1.5071195468332094e-01	  -2.0929371252287630e-02	   5.2520726073851380e-02	   2.8624489470994113e-01	   1.5372815909160611e-01	   3.0989504881919056e-01	   2.9472109650856521e-01	   2.1344012586870359e-01	   1.3651677308310348e-01	  -6.9507190752488887e-02	  -1.3022797781622064e-01	  -1.0347570053050602e-01	   7.7734303846694774e-02	  -5.7316954955373992e-02	  -6.2881324794837476e-02	  -1.0323521011407907e-01	  -7.4148863997604966e-02	  -1.1356614434217555e-01	   4.4873154811131222e-01	   6.7024122901166017e-01	   4.4556929366119924e-01	  -3.0534976525718427e-01	   1.3736013199006619e-01	   9.7853717696530729e-02	   3.1349141082052528e-02	
