   0.0000000000000000e+00	   8.5887108444041094e-01	   5.6282805971965888e-01	   5.4085964962262534e-01	   4.6489631023437794e-01	   5.6092814842977323e-01	   6.9667129626479585e-01	   7.4086900067663275e-01	   6.5598272082207765e-01	   5.2588687023164948e-01	   8.4611735569241553e-01	   7.6277719043802017e-01	   6.4093020193298056e-01	   7.6790721094138858e-01	   5.7711916151784814e-01	   6.5175859480122778e-01	   4.9181636428707232e-01	   4.8904262208701310e-01	   6.6734743185129686e-01	   7.1203822901921665e-01	   2.0892782985643166e-01	   1.9082896610737737e-01	   2.3121184810761033e-01	   9.1992779190555596e-02	   3.3250722976568836e-01	   3.8332683892710229e-01	   2.5638615115727792e-01	   3.0427828989112282e-01	   4.6837270586894569e-01	   5.7679615611192769e-01	   1.8942402195076835e-01	   2.0447398322340848e-01	   5.3053407634045224e-01	   5.9698275540632983e-01	   9.6573892328989996e-02	   9.3272443566257551e-02	   1.7125209340843683e-01	   2.1823601350195673e-01	   4.1262518203403864e-01	   3.7439997347920329e-01	   2.8854636919471605e-01	   4.2687921813765273e-01	   5.0123354260323261e-01	   4.9226999830918061e-01	   3.1166626178494500e-01	   3.1693501924590711e-01	   4.8933334364783576e-01	   5.3508295576687692e-01	   6.3286627741698331e-01	   5.0199670954304276e-01	   6.7401744476922310e-01	   5.8357474625223582e-01	   5.8896539611804266e-01	   5.4143908711288891e-01	   4.9595002569219138e-01	   4.9293158180738106e-01	   7.3091069361111438e-01	   6.3513277778264920e-01	   7.3381737644037248e-01	   5.8875382854312730e-01	   8.4236606947050507e-01	   6.8767715766821658e-01	   6.2588586833747661e-01	   6.9510632009236484e-01	   4.6154963480952593e-01	   6.6284296086100869e-01	   4.9843416163100851e-01	   4.7053132844757639e-01	   5.5225023483882629e-01	   4.8941609785080387e-01	   1.8539962013617783e-01	   1.2549151403069908e-01	   5.5036889954815915e-01	   5.9625424506293767e-01	   4.2800518750426753e-01	   4.2315096545202668e-01	   2.6183399112144246e-01	   1.3021009696277508e-01	   3.5196378939925410e-01	   3.5596388065941509e-01	   5.1871517696158431e-01	   4.9980836844457865e-01	   5.0270567616184247e-01	   6.1921201671845716e-01	   5.3136727260320771e-01	   5.6084029796553780e-01	   1.5403879703461301e-01	   3.4466728259771440e-01	   6.8390484801301732e-01	   6.7629156710605343e-01	   5.1897437092842791e-01	   5.5333325289012725e-01	   5.0395927945959196e-01	   5.5994911912131651e-01	   5.0249739831840068e-01	   1.9761428503694325e-01	   4.7782359308634159e-01	   4.3341552692331309e-01	   7.0267869300334518e-01	   6.7006927461379651e-01	   7.4871059595037781e-01	   6.5974787061120921e-01	   7.2335095140167027e-01	   6.6204971297967274e-01	   4.1281424311538628e-01	   3.6860194717271155e-01	   7.3898570253593621e-01	   6.8137542112737748e-01	  -9.8384608923182085e-02	   2.7071170369030706e-01	   3.9338466107026548e-01	   5.5388426755581044e-01	   6.6462805278764514e-01	   6.0124193372868551e-01	   1.5256906092979966e-01	   2.3575718693976136e-01	
   8.5887108444041094e-01	   0.0000000000000000e+00	   4.2154926811891680e-01	   5.6345141672986843e-01	   4.6373550112705464e-01	   4.7349974289735364e-01	   4.9423612911252790e-01	   6.7900503716001426e-01	   5.3311887745743092e-01	   4.6642734886830106e-01	   7.6239618742169890e-01	   7.0723084719404050e-01	   4.7993359583349127e-01	   6.5929443723892212e-01	   5.6004879920936068e-01	   6.6800138367904238e-01	   6.7104394776249143e-01	   7.0194699511084335e-01	   5.3193271341613124e-01	   6.9205771262643745e-01	   3.7465715150853673e-01	   4.0223531063402762e-01	   1.9354899918031784e-01	   1.4969918128047566e-01	   4.2606970293110102e-01	   4.6287323277767378e-01	   3.4288817184382075e-01	   3.9046051499803458e-01	   5.4203590978825233e-01	   6.8698863261839060e-01	   2.5713816488928587e-01	   2.4117263580068288e-01	   6.2339025418696392e-01	   7.2103139730543497e-01	   2.0595633362931756e-01	   2.1703874832751824e-01	   2.2744307666483005e-01	   3.1361373708251350e-01	   5.7309405022729876e-01	   5.2657653882870725e-01	   3.8735432881045601e-01	   5.3984451962038527e-01	   2.9020688286213658e-01	   3.1759564548821650e-01	   4.2362829044979239e-01	   4.5958666580458518e-01	   6.3493200456896204e-01	   6.4585461603874039e-01	   7.5443239923610617e-01	   6.9884570352157871e-01	   7.4256046232552708e-01	   7.3123772619547189e-01	   6.9212607745773558e-01	   6.2898028698746200e-01	   6.8997756584243253e-01	   6.6993820831160344e-01	   8.6456630734124074e-01	   8.5134174504948978e-01	   8.3765756620218068e-01	   7.8171889573334341e-01	   8.3339080666380727e-01	   7.1927768853269303e-01	   8.2326107846292773e-01	   8.6571454486127131e-01	   4.4008386513615672e-01	   5.8316503623160276e-01	   5.5815343734972833e-01	   5.6674392806356966e-01	   7.2182032872873625e-01	   6.5334995309118749e-01	   5.5298660024354587e-02	   6.1717582653471686e-02	   5.0062385905543016e-01	   6.0753479280567979e-01	   4.0826471204622089e-01	   3.7840743155336193e-01	   5.3339632411515445e-02	  -6.4725891589987192e-02	   5.1143278139650017e-01	   5.3712829159486430e-01	   7.5295219094739596e-01	   7.4129205921652175e-01	   6.3360739051356152e-01	   7.6046746674087884e-01	   6.8538527946142702e-01	   7.1290181262589891e-01	   3.5019624410064676e-01	   5.5469138925847261e-01	   7.4039155803537859e-01	   7.7646266746193959e-01	   4.1954112603891036e-01	   2.9879872963915788e-01	   3.5157331248981116e-01	   3.0428750301404228e-01	   5.3438244296859472e-01	   2.7936250002877366e-01	   6.8799840808353463e-01	   5.9493248690975997e-01	   8.2123090787075737e-01	   6.9702160075464681e-01	   7.7707932546465541e-01	   4.3932727109259018e-01	   7.5874735445886365e-01	   5.1622237563219386e-01	   4.0655270084673889e-01	   3.2367239047516555e-01	   6.8048112629051771e-01	   6.5455987835759277e-01	  -6.5542366627763790e-02	   2.2988431178246835e-01	   4.4460262480584417e-01	   3.2254407172875510e-01	   4.2161788937096051e-01	   4.9263238974424950e-01	  -9.4974304298157508e-02	   6.2615347328588353e-02	
   5.6282805971965888e-01	   4.2154926811891680e-01	   0.0000000000000000e+00	   6.3965009163387165e-01	   5.5186880805933836e-01	   4.1996793645658159e-01	   8.1586081937854105e-01	   5.7854544147638087e-01	   6.0217727628204454e-01	   2.1533477222597530e-01	   5.9102367287381241e-01	   3.4395048888520641e-01	   5.6970907775311730e-01	   3.7122542751588444e-01	   6.8519729761145054e-01	   4.3626250079039386e-01	   3.0168477629134205e-01	   2.7145959836389555e-01	   6.5037005885028920e-01	   5.1469610065565641e-01	   3.7596359756086351e-01	   3.0282174145769009e-01	   7.8149869955925677e-01	   4.0505535693478889e-01	   5.9615770811169555e-01	   5.3188368648921058e-01	   4.3718783377679232e-01	   4.7618941128367709e-01	   2.9924852952305037e-01	   3.3116406364228607e-01	   5.6738699674596216e-01	   5.2831972461297605e-01	   6.1071200830870020e-01	   5.0808579792396524e-01	   4.2074591504307413e-01	   1.9174238413833217e-01	   2.2028484987155544e-01	   2.4691418327861081e-01	   4.2238557107808894e-01	   3.8924986641035830e-01	   3.4798300897599227e-01	   4.0904449715655289e-01	   6.5314004984374607e-01	   5.5748281083143469e-01	   3.3740719243147382e-01	   2.9882698391102730e-01	   4.9670259020365737e-01	   5.4602120935259202e-01	   4.9559752395794476e-01	   3.5150954415467328e-01	   6.5382361247843268e-01	   4.6795104295687673e-01	   5.4874462275073488e-01	   6.4736678245066004e-01	   4.4904851137889035e-01	   4.8572319551331478e-01	   2.9838558811839094e-01	   2.6263323297727792e-01	   3.8995863284437715e-01	   2.9788479926256162e-01	   5.4541415880548094e-01	   3.1823017699806849e-01	   4.3850159252360776e-01	   3.6002500384012776e-01	   7.4650065387946407e-01	   3.9559866571983460e-01	   5.5912909401045929e-01	   4.1273526215385270e-01	   3.4667927564803214e-01	   3.0677135309558456e-01	   3.7418956621025296e-01	   2.9067939061007342e-01	   4.5978884331838765e-01	   5.1423443639062683e-01	   3.1336321773326758e-01	   3.8139351321048953e-01	   4.3695127022242308e-01	   2.5428684741165852e-01	   1.7140253962818475e-01	   2.8257914209204577e-01	   2.8521545496371681e-01	   3.2722795405868838e-01	   3.6286819353476285e-01	   4.4184724162465927e-01	   5.5461770087068718e-01	   5.4664205496045648e-01	   1.6025609200448690e-01	   2.9396431032013665e-01	   6.1169955016288868e-01	   5.6463385941723465e-01	   6.0038035758186836e-01	   6.1433178508886044e-01	   5.8655942968902741e-01	   6.4128032087918618e-01	   3.2481740133506942e-01	   3.0498277507586757e-01	   3.8498732796854629e-01	   3.5303818312122265e-01	   5.6783461194581741e-01	   6.4954427586259933e-01	   4.3311873980534360e-01	   7.1180452701688779e-01	   5.4912187221710140e-01	   5.9385424681508581e-01	   5.3316744970018759e-01	   6.2030619925815733e-01	   5.8947870497114785e-01	   3.9768296718323154e-01	   1.0232004903613570e-01	   3.8482136153619545e-01	   5.0934637577827147e-01	   5.5431606556740542e-01	   6.6142077667144938e-01	   3.9523875314956902e-01	   3.5498183546692114e-01	   3.6069243503740200e-01	
   5.4085964962262534e-01	   5.6345141672986843e-01	   6.3965009163387165e-01	   0.0000000000000000e+00	   4.6363034214082083e-01	   6.9432810898158315e-01	   5.8834109087829867e-01	   8.1490008451957041e-01	   4.1399697140106995e-01	   5.2167258556745288e-01	   4.8834129379716423e-01	   5.1874223880628656e-01	   2.8637234662402739e-01	   4.0640648551670416e-01	   4.7532500713686043e-01	   7.0175491654358124e-01	   4.6350735312836333e-01	   3.9595517709928063e-01	   5.3519486717130682e-01	   7.6167594395420057e-01	   3.3473376813568556e-01	   3.7584159307869996e-01	   6.0204832695146693e-01	   6.8962704498170835e-01	   4.3700442503021453e-01	   6.5240951685540005e-01	   3.2236564369105347e-01	   4.0910824483147901e-01	   4.6275413286533229e-01	   4.8579310567719181e-01	   5.0962118235234999e-01	   5.8120971204017779e-01	   5.6655547565673081e-01	   6.3389216637012047e-01	   2.8928006877829049e-01	   2.4591302912452045e-01	   2.2221762008925955e-01	   2.1595008247647218e-01	   4.5656472385141289e-01	   4.3107492723863272e-01	   4.4863864519774216e-01	   5.2219357737688776e-01	   4.7066305866923497e-01	   3.5137989482977960e-01	   3.8858563137919461e-01	   4.5039597730632153e-01	   5.1124939159035621e-01	   5.8750980770718386e-01	   5.4389518959817273e-01	   4.9021285805414616e-01	   6.1497155475927157e-01	   5.2660821388005541e-01	   6.4376622860796362e-01	   6.5074905818804152e-01	   5.4183326580496327e-01	   5.4452847465559395e-01	   4.6260367942698866e-01	   3.8113965281038215e-01	   3.9910579971502125e-01	   4.1013228412728087e-01	   4.5852816194568624e-01	   6.5999545146502836e-01	   5.6473157207693825e-01	   6.0088219123646769e-01	   4.5592640523413841e-01	   4.9058477515438120e-01	   5.0739890074072658e-01	   4.8893647430183790e-01	   4.3304206821821634e-01	   3.8149568126926625e-01	   1.9409311409907110e-01	   2.4451368415984648e-01	   4.2591669374521179e-01	   4.8722697688382760e-01	   4.0643719093499880e-01	   4.1457818259964546e-01	   2.6617447862335936e-01	   2.1339053500454885e-01	   3.1046214437551845e-01	   3.2627268990493996e-01	   4.6558479505800504e-01	   4.7335457304742601e-01	   4.5940335825838791e-01	   6.1579986072173942e-01	   6.0804311698704039e-01	   7.7033773303680719e-01	   2.3943013938599017e-01	   5.0918176351900601e-01	   6.2141403234825865e-01	   6.9139960810915002e-01	   6.3849697448870302e-01	   5.2207171735101832e-01	   6.7929550314498965e-01	   4.1209138275647661e-01	   4.2441659394999537e-01	   3.0722016567284866e-01	   4.1227101739745609e-01	   3.8246126123137503e-01	   6.5137713553799292e-01	   6.8487553810431212e-01	   6.3877595900318895e-01	   4.7479701478000974e-01	   6.2927689535453668e-01	   4.7862843351709128e-01	   6.1344333756713043e-01	   5.3455009656523966e-01	   6.2555900445145496e-01	   4.5464978134736034e-01	   9.3884205148342559e-02	   3.7097505398176001e-01	   4.7909821324089952e-01	   5.3829256468306985e-01	   6.0807357251562555e-01	   4.9278898773783375e-01	   1.6526783420815763e-01	   2.6962914375490843e-01	
   4.6489631023437794e-01	   4.6373550112705464e-01	   5.5186880805933836e-01	   4.6363034214082083e-01	   0.0000000000000000e+00	   5.5792177661694387e-01	   3.2843135460460338e-01	   3.0582834877725878e-01	   7.2213586513303984e-01	   2.4519159971465987e-01	   2.9605692138566431e-01	   1.7997887296977055e-01	   2.5054736096102720e-01	   1.3729545112540001e-01	   4.9226564934969419e-01	   3.2582518381822112e-01	   3.0088969028563106e-01	   3.2864187512770326e-01	   1.9254890920636508e-01	   2.1382525179800665e-01	   6.3421109345712068e-01	   5.9970318728554051e-01	   5.1642038143558289e-01	   2.9924075083786605e-01	   3.3109704398840456e-01	   1.3154125147919798e-01	   8.2993590409032936e-01	   7.8040351116131279e-01	  -2.3718373563399529e-02	   1.2613337615388012e-01	   1.2809681609986856e-01	   6.2649183553838486e-02	   2.7609325456193184e-01	   1.7491280767624848e-01	   3.0534968099439092e-01	   9.9105249207839835e-02	   2.5786647283735981e-01	   1.3675618040066378e-01	   5.0535911518705245e-01	   3.9441327738715126e-01	   2.4114520912815079e-01	   2.4543866003482398e-01	   3.1628788680156189e-01	   2.2451660969001908e-01	   3.5377289250756189e-01	   3.9244697454472166e-01	   3.8695034366943598e-01	   4.2136980287420100e-01	   5.5907593482805829e-01	   5.5512873628253179e-01	   5.7259462825473473e-01	   5.9777010182669132e-01	   5.3529688297986477e-01	   5.6899654483824669e-01	   4.8988540352459320e-01	   5.1146074115790718e-01	   4.2047354439532819e-01	   4.4248137833822337e-01	   6.8951146746331082e-01	   6.6387271654389568e-01	   6.0097926656782197e-01	   3.8159260711191373e-01	   5.7587903212286462e-01	   5.0828609953355441e-01	   6.3438670359349780e-01	   3.4861647808414459e-01	   4.8780358746933422e-01	   4.3134436577776691e-01	   3.0099974957406955e-01	   3.4237858959500522e-01	   1.9177527882728559e-01	   1.4819359715952360e-01	   1.2232520451981735e-02	   1.0664450527704022e-01	  -7.6709784459654998e-02	  -3.3649950732718092e-02	  -7.4251438206724169e-02	  -2.1479657747168979e-01	   1.4099556440881705e-01	   2.7865270655324004e-01	   4.2965528534309050e-01	   4.6482656745460044e-01	   4.9724688727470046e-01	   4.2418299439904317e-01	   6.8350451123977418e-01	   5.9866620232661383e-01	   6.0943711482430452e-01	   5.4361205646512012e-01	   7.2693957626097250e-01	   6.6463354591928114e-01	   3.6501569276877111e-01	   3.4002467366605854e-01	   2.8352455428483975e-01	   4.2356077836143813e-01	   2.2382339692607620e-01	   1.7336283715565926e-01	   3.2603676864136355e-01	   4.0167189322055452e-01	   5.2515443747843815e-01	   5.5810919526136904e-01	   3.5188625455446876e-01	   4.0851731680527537e-01	   4.3050530773335871e-01	   2.7646965020855385e-01	   2.2576144330356093e-01	   2.2329397626449504e-01	   4.3738903425281267e-01	   4.9918228450411606e-01	  -1.4739181933258685e-01	  -6.7422252140391367e-02	   2.1237864632874162e-01	   2.2923690542008429e-01	   2.2115166832766303e-01	   6.5365652121752812e-02	  -9.2984838680378323e-02	   1.0580889404810778e-01	
   5.6092814842977323e-01	   4.7349974289735364e-01	   4.1996793645658159e-01	   6.9432810898158315e-01	   5.5792177661694387e-01	   0.0000000000000000e+00	   5.3293856099112680e-01	   7.2765020432282956e-01	   5.8869014436170697e-01	   8.6297899085176211e-01	   3.4154269576584606e-01	   5.3471905951430221e-01	   2.0912758136825971e-01	   5.0409591954695765e-01	   1.9547777157429158e-01	   4.8587138721290546e-01	   2.1354667203564337e-01	   1.5434110500639245e-01	   2.2088012468569024e-01	   4.3881027928816518e-01	   7.6883993322112182e-02	   1.8063383915091963e-01	   2.4079532911012064e-01	   3.3956916409208898e-01	   7.4608761130319806e-02	   3.5188768675741333e-01	   2.9875890210285999e-01	   3.5951025997726704e-01	   1.2352444057196743e-01	   2.0662404733051357e-01	  -3.6641333536944314e-02	   9.1390540033472412e-02	   1.3554403933107045e-01	   2.6027723630564709e-01	   1.0033972296356867e-02	   2.6497119723882811e-02	  -4.2441422736115952e-02	  -5.8046056619864062e-02	   1.8199443793664188e-01	   1.5286398124088110e-01	   6.3090351651874849e-02	   1.2233565057898180e-01	   3.5621226554430785e-01	   3.0823064324200200e-01	   1.9451076883253174e-01	   2.7446116896935702e-01	   1.9494075224658097e-01	   3.6638031092454576e-01	   3.5610389865534081e-01	   3.6022296903071604e-01	   3.9364921245647067e-01	   3.5297251831847831e-01	   4.5817136494508859e-01	   4.4215663602753141e-01	   2.0138461545823405e-01	   2.6265325345303536e-01	   3.3451730555964915e-01	   2.6314362594472551e-01	   4.7347213883238337e-01	   3.9229068340422824e-01	   5.1538724903842459e-01	   7.0981708300488600e-01	   3.3620896881628604e-01	   4.2242723436505969e-01	   4.0304804296781405e-01	   6.8589842140764157e-01	   3.6015566514923608e-01	   3.3528138615861192e-01	   1.6765686669071234e-01	   1.3164913843074616e-01	   5.1967579338146573e-02	   1.3327872115733341e-01	   2.0708193288736731e-01	   2.1415941459161442e-01	   1.6496251476426188e-01	   1.1229323317435400e-01	   8.4552201703762903e-02	   7.1543969127066814e-02	   1.4217659420512058e-01	   8.5882661292091392e-02	   2.5495110633743689e-01	   1.8597792925053561e-01	   1.6462372904873243e-01	   3.2094683716395411e-01	   3.4683562087640224e-01	   4.4516470949726111e-01	   1.1181647313583122e-01	   1.6946379125659169e-01	   4.8986923100393076e-01	   4.6746300252309636e-01	   6.1110639751587048e-01	   5.3284627063186618e-01	   5.7092782806084574e-01	   4.9489065918099251e-01	   2.1073439867677207e-01	   8.5005318141779182e-02	   1.3012885715690869e-01	   1.8520675708143669e-01	   4.1069569287101804e-01	   5.2724011639014456e-01	   5.1831437820612969e-01	   5.2223806272098294e-01	   3.9272280765159207e-01	   4.5630022167044693e-01	   3.4524759602870980e-01	   3.2319606213370733e-01	   6.1495735792701667e-01	   5.2156784570263248e-01	  -5.7431921852736434e-02	   1.2614561172520733e-01	   1.9688607585886292e-01	   4.8456951325254899e-01	   5.4778158926979281e-01	   3.5597399887616094e-01	   1.2838512935179902e-01	   1.3842975507500369e-01	
   6.9667129626479585e-01	   4.9423612911252790e-01	   8.1586081937854105e-01	   5.8834109087829867e-01	   3.2843135460460338e-01	   5.3293856099112680e-01	   0.0000000000000000e+00	   8.0214150876023171e-01	   6.7525550399050172e-01	   4.3923621580972416e-01	   6.9381345258781113e-01	   6.7664861747518779e-01	   6.9912224612216045e-01	   6.8293379886598737e-01	   5.5115977691560780e-01	   4.8018339295512891e-01	   1.7238703290763127e-01	   1.5618008283817505e-01	   6.6714639284953581e-01	   6.1183617851709393e-01	   1.0353821704480317e-02	   1.0923241942740289e-02	   3.9087315121529753e-01	   1.2582408228860414e-01	   3.1559443485050698e-01	   4.0026987426786498e-01	   7.7071518663972619e-02	   1.3035485537708275e-01	   3.3972346058096009e-01	   4.0152422424420842e-01	   3.2036149033304784e-01	   3.8306741531092564e-01	   4.8952114329434576e-01	   5.2739686512865303e-01	   1.0798837319702087e-01	   4.3319926816396778e-02	   3.8097898802745361e-02	   1.5547290594171159e-02	   2.1511747409072737e-01	   1.7790494732087037e-01	   1.5042579171087528e-01	   2.3854833223824479e-01	   5.3393886116982259e-01	   4.7489357822426098e-01	   1.6685961287573819e-01	   1.3704999738360013e-01	   3.0139381845012009e-01	   3.7850193719663294e-01	   3.7592009001348697e-01	   2.6407850249926440e-01	   5.2579324933124982e-01	   3.8016217982517497e-01	   4.6916858093134728e-01	   4.8487232534162295e-01	   3.0377935832748604e-01	   3.1625928741972420e-01	   2.6703005236997129e-01	   2.2883540152011783e-01	   3.6389833413860750e-01	   2.3910457376138805e-01	   5.8305115909519301e-01	   5.1793254072829986e-01	   3.3294252400914848e-01	   3.9728342093775110e-01	   5.5681454253341012e-01	   5.8006867376779736e-01	   4.1987382302088344e-01	   3.1305782456405845e-01	   2.3134447380000894e-01	   1.7653550925204356e-01	   2.4379264808724016e-01	   2.2783892303428310e-01	   4.9779875414659525e-01	   5.4969966905622536e-01	   3.6891460199724396e-01	   4.1907075022953288e-01	   4.3266513073132284e-01	   3.3031062872141909e-01	   8.3722504393678565e-02	   8.6491182730735264e-02	   1.4956710157629999e-01	   1.5605754254042348e-01	   1.7079319855705011e-01	   3.7631195220572211e-01	   3.4546599921941329e-01	   3.5794970105384738e-01	  -9.4906308483999807e-02	   6.8723802809687443e-02	   5.2241607240884980e-01	   4.5095256850592147e-01	   5.7193306678526401e-01	   5.9901522992688494e-01	   5.9573888019595100e-01	   6.1918404541713290e-01	   1.7880383817456610e-01	   6.1266945082718884e-03	   2.0916713011821647e-01	   1.4090244990150802e-01	   4.8194314179293662e-01	   5.2278748582888601e-01	   6.0914820667187697e-01	   7.6392339491994421e-01	   5.3087480499814821e-01	   6.3679256025569153e-01	   3.9952786968738918e-01	   4.5153856213470212e-01	   7.0555902286736205e-01	   5.1480850369473741e-01	  -1.3659937473511916e-01	   2.3658754892227718e-01	   2.9709679193950539e-01	   5.1944158657021433e-01	   7.0872247300500102e-01	   4.0620586166013634e-01	   2.8378217297078751e-01	   3.2814229125779271e-01	
   7.4086900067663275e-01	   6.7900503716001426e-01	   5.7854544147638087e-01	   8.1490008451957041e-01	   3.0582834877725878e-01	   7.2765020432282956e-01	   8.0214150876023171e-01	   0.0000000000000000e+00	   5.4810218523179177e-01	   6.9319446324039280e-01	   6.8577458182717410e-01	   7.8672884681542299e-01	   4.6612917469038384e-01	   7.1078089225794849e-01	   4.1416476921688350e-01	   6.0925206012574562e-01	   3.8482817105850020e-01	   3.2656083245533135e-01	   5.9720758559594767e-01	   7.7604263805458662e-01	   4.6493773222601079e-02	   1.3193624281271635e-01	   2.5739104077376895e-01	   2.6757914423479490e-01	   2.8088308788744942e-01	   5.2075641000828676e-01	   6.5162082962079870e-02	   1.4861566335445037e-01	   4.5752580549915295e-01	   5.3714273764109943e-01	   2.5844060780453343e-01	   3.6107415529260817e-01	   4.9893598019705732e-01	   6.3444258878159054e-01	   6.9847738429956605e-02	   1.0580865443222132e-01	   4.8549912305804382e-02	   4.3233107456560019e-02	   3.1517828334391718e-01	   2.6538779757569131e-01	   2.6048627909764621e-01	   3.3941208750589213e-01	   4.5170012005214888e-01	   3.9026232902657465e-01	   2.6435739145885062e-01	   2.9901371278234179e-01	   4.0486824778370817e-01	   4.6360310038341546e-01	   4.8419633123171013e-01	   4.3713028370099072e-01	   5.7933576959286359e-01	   4.8140097669246718e-01	   5.6388131288553967e-01	   5.0565547369642183e-01	   4.4045465374525516e-01	   4.3635412986730054e-01	   4.8390587967359955e-01	   4.1148239695099464e-01	   4.6241040772337438e-01	   4.0290085166605361e-01	   6.0017000560987976e-01	   8.1401715033785249e-01	   5.3178433067890518e-01	   6.5041945638818177e-01	   4.1490724175756549e-01	   6.9220955814525764e-01	   4.7846832899166292e-01	   4.4637553121466689e-01	   3.6754075395943181e-01	   2.9876413145288183e-01	   9.0736931166652712e-02	   1.3569669241730636e-01	   5.0107965784894593e-01	   5.4042349545814972e-01	   4.3498801548028698e-01	   4.3540497452912552e-01	   2.9987612539884984e-01	   2.4726802491054700e-01	   2.2613422621597357e-01	   1.8845418293195959e-01	   3.8282736586034333e-01	   3.5255968637027590e-01	   3.1287683442050679e-01	   5.4272040843411673e-01	   4.7845584512415351e-01	   5.6400663040489896e-01	   3.6675602496265378e-02	   2.8637034454540672e-01	   5.9889773578537386e-01	   5.8052127916482010e-01	   6.0882377717630609e-01	   5.1918202078417730e-01	   6.2623111621776295e-01	   4.5865479840074164e-01	   3.0951281155767180e-01	   3.5323925642886798e-02	   3.2493760703760177e-01	   2.4662081395613478e-01	   6.0367384923614220e-01	   6.1289541742852527e-01	   7.6206678096328062e-01	   6.0010911595752581e-01	   6.5061295590866908e-01	   5.9040068876962837e-01	   4.6463285917785541e-01	   4.3697705761057126e-01	   7.7291187550292029e-01	   5.9428430408144617e-01	  -1.1076858151475372e-01	   1.9804699157257949e-01	   3.3362480641750775e-01	   5.0750187981276174e-01	   6.6516758194413561e-01	   5.3406095842301027e-01	   1.3211342454343744e-01	   2.5062152832506834e-01	
   6.5598272082207765e-01	   5.3311887745743092e-01	   6.0217727628204454e-01	   4.1399697140106995e-01	   7.2213586513303984e-01	   5.8869014436170697e-01	   6.7525550399050172e-01	   5.4810218523179177e-01	   0.0000000000000000e+00	   4.6105923305193991e-01	   5.7732406778603163e-01	   5.7831133556051606e-01	   6.1503442016590593e-01	   5.0947677536088032e-01	   6.1338346964871693e-01	   4.2445145990366251e-01	   1.1283127144774655e-01	   1.3468532206044945e-01	   4.2669711754986706e-01	   3.5608242024190190e-01	   2.0819082180020962e-01	   2.2645095632431150e-01	   3.6625828945386696e-01	   3.4737969454691986e-02	   1.5546299902533667e-01	   8.6830514768989717e-02	   4.3478677759594209e-01	   4.1825182106153502e-01	   1.0451394517767876e-01	   2.4204706404050305e-01	   4.6434606231214967e-02	   3.3317691938739971e-02	   2.3383707506670415e-01	   2.4499472876334688e-01	   3.5103988593063365e-02	  -1.0314662534015243e-01	   1.0868177541400298e-01	  -7.5594552382802688e-02	   2.1870630939909907e-01	   1.2632390442494504e-01	   3.5210619464287100e-02	   8.9141308088415014e-02	   4.1140692969096310e-01	   3.7886579139306809e-01	   9.7504516435589300e-02	   1.0403225509984226e-01	   2.3028052311826477e-01	   3.1819539060924723e-01	   4.3834310312241531e-01	   3.6298982567813687e-01	   5.3165219444319178e-01	   4.6351149300016675e-01	   5.3016802570340493e-01	   4.7398560427852249e-01	   2.9282029327772058e-01	   2.8765605655419157e-01	   2.8656540429303795e-01	   3.0355666834311695e-01	   6.0514895336897889e-01	   4.6329376046192372e-01	   7.0511372122668403e-01	   4.6317570701567390e-01	   4.0233165791001052e-01	   4.3427686419123213e-01	   6.9118583986858795e-01	   5.8300616132947658e-01	   3.5440030303624703e-01	   2.5482512614191311e-01	   1.6487788564155206e-01	   1.8945715843030489e-01	   2.9239924240158521e-01	   3.1886999777468084e-01	   2.5830322369662528e-01	   3.0715682299512337e-01	   1.1030682704118869e-01	   1.6690596903755162e-01	   1.5477504981560941e-01	   1.9827696466164640e-03	   6.1419880612064957e-03	   2.9919284886215949e-02	   2.3165923826774590e-01	   2.0587984360094255e-01	   2.8417041092280149e-01	   3.5107603144935601e-01	   5.2851861969427361e-01	   3.9068134182055941e-01	   2.2565199170254358e-01	   1.7938760108139579e-01	   6.7702474979562777e-01	   5.3022589925692776e-01	   4.9557621892419268e-01	   4.5267718143702340e-01	   4.2625173006464423e-01	   6.0887121251259824e-01	   6.8444815559903213e-02	  -7.8057104456648513e-02	   1.4990795539936491e-01	   1.5859801787867644e-01	   4.4789906666956047e-01	   4.8888289716470318e-01	   5.2735527670800919e-01	   7.1176092961448978e-01	   4.5152497167594385e-01	   4.6265763976565721e-01	   1.5471539523881084e-01	   1.9868067629295683e-01	   6.3348314109186921e-01	   6.3914889747457737e-01	  -1.9663633543869813e-01	  -7.8746086391198816e-02	   9.8902286807113687e-02	   3.0438364665718742e-01	   4.7112075073479948e-01	   1.9943614427003190e-01	   6.4025125636202329e-02	   1.3707450940576382e-01	
   5.2588687023164948e-01	   4.6642734886830106e-01	   2.1533477222597530e-01	   5.2167258556745288e-01	   2.4519159971465987e-01	   8.6297899085176211e-01	   4.3923621580972416e-01	   6.9319446324039280e-01	   4.6105923305193991e-01	   0.0000000000000000e+00	   3.7758233024215382e-01	   5.6648070760422775e-01	   2.1791644974413069e-01	   5.8172323374791379e-01	   4.9996128583827015e-02	   4.0335060038443993e-01	   9.3225517391050519e-02	   5.5767580102490943e-02	   1.6179156741432432e-01	   3.8826422966811514e-01	  -1.5452232939504204e-01	  -2.2024054938447508e-02	  -3.1249334170544872e-03	   1.6501471112757149e-01	  -2.5782848747011537e-02	   3.4258325459510752e-01	   1.5890724842498424e-02	   1.2056609025074852e-01	   5.7431777077089657e-02	   1.6411493464499824e-01	  -1.6792844710211974e-01	  -3.0335568068169814e-02	   4.1113768402496632e-03	   2.2056302013560236e-01	  -1.2107035139985674e-01	  -6.7946783015113907e-02	  -1.3846326998463732e-01	  -1.5423917651160496e-01	   2.9283847321569741e-02	  -2.6104219627635498e-03	  -7.6484477002256496e-02	  -2.6303941018728228e-02	   2.9158993292194563e-01	   3.4060161515678788e-01	   2.1558359649391269e-02	   1.1058736646659428e-01	   9.8851566606428784e-02	   2.6228947736113295e-01	   2.0361604494714514e-01	   1.8243778950988301e-01	   2.5570283677669237e-01	   1.5770579702852489e-01	   3.5034922604695801e-01	   2.2354234496562597e-01	   5.3208199123198810e-02	   4.6982506882458135e-02	   2.6790627703406833e-01	   2.2011985216159907e-01	   3.5803501937067361e-01	   2.4907641447684950e-01	   4.3252561275764112e-01	   6.9856578062566155e-01	   2.3306063402804095e-01	   3.5550223825982674e-01	   3.1515417339158297e-01	   7.0452385752037028e-01	   2.3959089648738680e-01	   2.1495792737991065e-01	   8.8819897625580332e-02	   2.5415045367933868e-02	   4.2293991504290300e-02	   1.3999938959013256e-01	   2.4083974893983784e-01	   2.0035756586013320e-01	   2.2472077763275911e-01	   1.4763273487290995e-01	   8.4821559461964097e-02	   1.2006424158371215e-01	   7.7094189610679140e-02	  -1.3064823866738410e-02	   1.4951151892195189e-01	   7.2031648298360437e-02	   2.4035299799431434e-02	   1.8298494307983060e-01	   2.0936319566168995e-01	   2.8254422229288756e-01	  -6.8424729587770045e-02	  -2.2833101559456420e-03	   3.4196830770319064e-01	   2.8323189251464964e-01	   5.2899830713998186e-01	   4.3473039011737080e-01	   4.8325436996120635e-01	   4.3153067348109819e-01	   1.7270324967012485e-01	  -9.5519180311387682e-03	   4.7879903243148378e-02	   4.4644445551550505e-02	   2.6018280394031101e-01	   3.6033634330325570e-01	   4.7337206336240023e-01	   4.2751837535399984e-01	   3.0252021594617806e-01	   3.9535902489594510e-01	   3.2846678016170111e-01	   3.2350097654602050e-01	   5.5196815637861085e-01	   4.4803461328792765e-01	  -7.4560224704637940e-02	   7.7579952854028689e-02	   1.2226662677377721e-01	   3.8991212587041196e-01	   5.1897123006289159e-01	   3.9627823051674693e-01	   2.0712362485775368e-01	   1.0424183076015810e-01	
   8.4611735569241553e-01	   7.6239618742169890e-01	   5.9102367287381241e-01	   4.8834129379716423e-01	   2.9605692138566431e-01	   3.4154269576584606e-01	   6.9381345258781113e-01	   6.8577458182717410e-01	   5.7732406778603163e-01	   3.7758233024215382e-01	   0.0000000000000000e+00	   8.0256508634699986e-01	   7.3705168161461576e-01	   7.8517421779418983e-01	   6.9682636580737745e-01	   6.7430738094248621e-01	   4.9897547463561254e-01	   4.6515520114087794e-01	   7.8526968638819183e-01	   6.9818869189026500e-01	   2.1754774665165644e-01	   2.0585667572826113e-01	   2.6749953227954887e-01	   7.6932444618749152e-02	   2.8612147370368485e-01	   3.4109715083238401e-01	   1.9515972473033000e-01	   2.8059572173090408e-01	   5.5555748039043007e-01	   6.3549290217741827e-01	   2.7333541352988266e-01	   2.8586732612466714e-01	   5.4580659572463053e-01	   5.7281494505304353e-01	  -1.3112404205395732e-03	  -8.7060795885011547e-02	   1.9751055501815029e-01	   2.4726692368382291e-01	   4.2165748826908944e-01	   3.4436167894817099e-01	   4.0521029170000478e-01	   3.9257665569902322e-01	   4.2282230216583427e-01	   4.6456350012405445e-01	   1.5675900362687706e-01	   1.9005926329835621e-01	   4.6499188829101934e-01	   4.6579869349197550e-01	   5.1734546712053620e-01	   3.9581763880708298e-01	   5.9307131421343484e-01	   5.1641446281649617e-01	   5.1716445351157025e-01	   4.2914459432013807e-01	   5.0264472459162013e-01	   4.5135010762920103e-01	   5.9066081029678408e-01	   4.9845155985292178e-01	   5.2440764673805318e-01	   4.2581844657832824e-01	   6.6044549970400324e-01	   5.0609480078365587e-01	   5.9962785627449422e-01	   6.1876816473916540e-01	   4.5635582871776903e-01	   4.7112444975522094e-01	   3.5046435113639862e-01	   3.0880639896820844e-01	   5.2866814627721193e-01	   4.6577616470698824e-01	   1.6487768512033302e-01	   1.5924854873721761e-01	   6.0676907497927746e-01	   6.4839865741487290e-01	   4.5658460698320091e-01	   4.7782022845439742e-01	   2.8308512172824296e-01	   1.6971604218410102e-01	   3.2857417542461953e-01	   3.3708280066255381e-01	   5.1727713758979532e-01	   4.9213718258731953e-01	   5.4581967316670565e-01	   6.4980196582948269e-01	   5.5970026853049648e-01	   4.9813913219691203e-01	   1.7313149555090748e-01	   3.5301386772908472e-01	   6.2954400829397716e-01	   5.9321891768395207e-01	   4.2913164970203466e-01	   4.2102407386273172e-01	   4.4506352740355848e-01	   4.2910853872704868e-01	   4.0189564082209850e-01	   1.4714862644170854e-01	   4.3129720141288336e-01	   3.6220436865693439e-01	   6.3768124808268811e-01	   5.6563803550482328e-01	   6.4907419070973205e-01	   5.9634633926886749e-01	   6.3813041249437630e-01	   5.8495173581977045e-01	   3.7272075345830868e-01	   3.8522186371276701e-01	   5.9022041184774499e-01	   5.1669534665795247e-01	  -9.8110134108678332e-02	   3.0883432992836674e-01	   3.2860653668175832e-01	   5.0516733617633791e-01	   6.3316501155300287e-01	   5.9334910496648074e-01	   2.2028616104598542e-01	   1.7183205958815012e-01	
   7.6277719043802017e-01	   7.0723084719404050e-01	   3.4395048888520641e-01	   5.1874223880628656e-01	   1.7997887296977055e-01	   5.3471905951430221e-01	   6.7664861747518779e-01	   7.8672884681542299e-01	   5.7831133556051606e-01	   5.6648070760422775e-01	   8.0256508634699986e-01	   0.0000000000000000e+00	   6.5112878972732680e-01	   8.9830135873998129e-01	   5.2950294603614412e-01	   7.1238447324411702e-01	   4.1012632641484204e-01	   3.4847623503754221e-01	   6.5020609727530410e-01	   7.1793051418965370e-01	  -3.6605004311664621e-02	   6.4115911136139014e-02	   5.1026550383967542e-02	   6.4814955698829335e-02	   5.7582890334284820e-02	   2.5197270248619646e-01	  -8.3181493416745016e-03	   8.4624470124562479e-02	   5.8401374604628331e-01	   6.4223677090330411e-01	   7.6436285544038612e-02	   1.7247722348207001e-01	   3.8517124382355572e-01	   5.2923732265092016e-01	  -1.8097900699157565e-01	  -1.2000418933271356e-01	   7.9784446536343437e-02	   5.4141358633095826e-02	   2.2549357197969427e-01	   2.0306526159683128e-01	   2.2889767820399448e-01	   3.0101556191847412e-01	   2.4445111486760385e-01	   2.4004005979330967e-01	   3.3255823236433245e-02	   5.7354201132351089e-02	   2.2658603572121749e-01	   2.9856791648437070e-01	   3.5956820433460013e-01	   2.9787569114315549e-01	   4.1592440156632260e-01	   3.8433420467551460e-01	   4.7808768562426218e-01	   3.9630996584772149e-01	   3.5718535336025781e-01	   3.1515408729989380e-01	   4.8357048468329489e-01	   3.9883465237250937e-01	   4.4295412057079908e-01	   3.8787876812481148e-01	   5.8387765594712859e-01	   6.5750002233247384e-01	   4.4677641317635730e-01	   5.8733895424100591e-01	   2.2812843428787721e-01	   5.7837753432263073e-01	   2.0431133856218306e-01	   2.1906473358003165e-01	   3.6736388682310051e-01	   3.2201748365423316e-01	   3.8291090868775843e-02	   1.8765641587617146e-01	   5.2481389346009077e-01	   6.0809553995839050e-01	   4.5513138974416223e-01	   4.5428964239217828e-01	   2.4995672033949670e-01	   2.3315728370332200e-01	   2.9035375210606162e-01	   1.9127843809541528e-01	   4.1299487135205043e-01	   3.3147231378124509e-01	   3.6493973113479761e-01	   5.8134717313058948e-01	   3.7365051170388930e-01	   3.7519406356955326e-01	   2.3270031880627415e-02	   2.2446550230365228e-01	   5.2806205127332728e-01	   5.3738162653044275e-01	   5.1135720744875135e-01	   3.9899251445238537e-01	   5.2939181033064275e-01	   3.5238138666993712e-01	   2.4422895132216083e-01	   3.1165778893137456e-03	   2.5344618121203510e-01	   2.0787169401649225e-01	   5.1730276494993221e-01	   4.4562578946131293e-01	   7.6540918187407070e-01	   5.7517291702810813e-01	   5.7987315209253198e-01	   5.4681630768385858e-01	   2.2332036282734813e-01	   1.5612756552027890e-01	   6.1280798926040603e-01	   5.6887784814987352e-01	  -1.7705676295072337e-01	   2.2117926226000253e-01	   1.7513989715338701e-01	   4.6412927904682411e-01	   5.8697128643680285e-01	   5.3661455418152237e-01	   9.8759560762626819e-02	   4.6320545200745397e-02	
   6.4093020193298056e-01	   4.7993359583349127e-01	   5.6970907775311730e-01	   2.8637234662402739e-01	   2.5054736096102720e-01	   2.0912758136825971e-01	   6.9912224612216045e-01	   4.6612917469038384e-01	   6.1503442016590593e-01	   2.1791644974413069e-01	   7.3705168161461576e-01	   6.5112878972732680e-01	   0.0000000000000000e+00	   7.6316064841866660e-01	   8.0213187434892974e-01	   4.5802150872944680e-01	   1.4193143584368850e-01	   1.3434216780805619e-01	   6.2919464783593249e-01	   4.2127338061710151e-01	  -1.8297840897469205e-03	  -2.4337541905465696e-02	   2.9000085451902774e-01	   2.4597778966904547e-02	   2.6760211266568945e-01	   1.9434821317898046e-01	   1.5586293250882549e-01	   2.3829959544318435e-01	   3.1709788544313661e-01	   3.2447322956559560e-01	   1.5371589320190848e-01	   1.1257344432479403e-01	   3.5502929223339574e-01	   3.5732759322002483e-01	   5.2402667203993197e-02	  -6.5862417620274422e-02	   3.3776971203001199e-01	   2.0962929699928251e-01	   3.0364528993474954e-01	   2.7950026948365053e-01	   2.4377724630439279e-01	   2.6430636049241324e-01	   3.3574606683304636e-01	   3.5345414177282242e-01	   2.2674038666704002e-02	  -1.0532050066579493e-02	   2.0891566700233050e-01	   3.0522993882815574e-01	   3.8295556863256108e-01	   2.1037115093640119e-01	   4.6062368542548604e-01	   4.2719385436563651e-01	   3.7163518506754983e-01	   3.6791344505870105e-01	   3.6552631136251684e-01	   3.3037917430356645e-01	   2.3870884685153615e-01	   2.4347805130195935e-01	   3.4117006809179673e-01	   2.7909359987211724e-01	   4.6537160023511048e-01	   1.7353904803191655e-01	   2.5736243809272441e-01	   3.0527417013897379e-01	   4.3831849014240343e-01	   3.2153796041867311e-01	   1.7279815739606191e-01	   1.0967147382426466e-01	   2.3651601395689678e-01	   2.0485487018957405e-01	   2.6589231629829946e-01	   3.0334509114188274e-01	   4.6362554492261482e-01	   5.6389645071301886e-01	   3.4349408175213147e-01	   4.3649287144376947e-01	   3.3782258822331807e-01	   1.8970766719168677e-01	   2.7591662651648936e-02	   7.4362577237168964e-02	   1.9204966302267612e-01	   1.8006728980342784e-01	   4.4204058411724678e-01	   3.8841893790012616e-01	   3.4398811961803460e-01	   2.5566585053273083e-01	   1.3256026515531208e-01	   1.5408212853379735e-01	   5.2404046376868652e-01	   4.3536657013451430e-01	   3.9359542516541085e-01	   4.3052385114689345e-01	   4.3662095209310681e-01	   5.2952628444636896e-01	   2.4629561196334865e-01	   1.2535408692394578e-01	   2.7233607190978493e-01	   2.5081735915018044e-01	   4.3301681952096593e-01	   4.4677902488437943e-01	   5.2710541290225521e-01	   6.7120828828107615e-01	   4.4569455927077661e-01	   5.4191347774158427e-01	   2.6782875625753222e-01	   2.8246593650494178e-01	   4.2081352666854011e-01	   3.7663351482777008e-01	  -2.7337123941679156e-02	   2.4754755021408828e-01	   2.1724540324822372e-01	   3.7738535732220241e-01	   5.5915607269772494e-01	   3.2616441408502433e-01	   1.8316325422812232e-01	   7.3980098261893890e-02	
