   0.0000000000000000e+00	   8.3598393259141823e-01	   3.9784325116984087e-01	   5.1253244597867353e-01	   2.2777557046308605e-01	   3.3633750753809111e-01	   4.6434028924619963e-01	   4.2492096581362698e-01	   3.1831493177100900e-01	   2.9054398098975048e-01	   6.2013875471091007e-01	   6.8995130291131268e-01	   4.7954445978482418e-01	   5.7648311765723004e-01	   5.2657531298641491e-01	   5.3775162838495005e-01	   5.0087641248631543e-01	   3.6211291897540931e-01	   6.6830872556414556e-01	   6.3590576892083961e-01	   2.9208127302538056e-01	   3.4632444865401796e-01	   2.5247605442405691e-01	   2.9357161453992814e-01	   2.1629553750974473e-01	   2.8523570848965657e-01	   2.6198909088543271e-01	   3.5021563496295066e-01	   4.6609866993293564e-01	   3.8071199903798492e-01	   5.2835902772794285e-01	   4.7622693265732097e-01	   6.2298984676669988e-01	   5.8629719071570841e-01	   2.6602802768125755e-01	   3.0954653676068034e-01	  -5.7100478290934238e-02	   8.6522301514155020e-02	   2.9057052605028511e-01	   2.7207073683591632e-01	   1.2311247605496280e-01	   4.5653363407289815e-01	   5.7213200453900570e-01	   5.1990364566372671e-01	   4.6032347057944578e-01	   3.2978226224972357e-01	   6.2140296918337745e-01	   6.0789009117463422e-01	   5.2281762322464742e-01	   4.9852161086201063e-01	   5.0892940375579743e-01	   4.5258796034816978e-01	   5.1795006746207184e-01	   3.5039513678753165e-01	   4.7937121826817641e-01	   3.5236414820792300e-01	   6.7412791219519108e-01	   6.1868233779860060e-01	   5.9175253646935766e-01	   5.0045177628475213e-01	   6.9643866300451496e-01	   5.4584948542333445e-01	   6.9887452602815014e-01	   5.8831991810503959e-01	   6.9821333179755751e-02	   3.9058910791478163e-01	   3.1177919792151559e-01	   2.1818231471581773e-01	   3.7041351987124971e-01	   8.2606521217996290e-02	   2.7595958419782407e-01	   3.8079736812406489e-01	   3.7195563323187569e-01	   4.7223724478954898e-01	   5.0680751934087076e-01	   6.3890823486355008e-01	   3.9238214987196085e-01	   4.8605786592318290e-01	   5.4194822217446648e-01	   4.3785124457604241e-01	   6.8315984693229059e-01	   6.7396037323678681e-01	   4.8784514601556006e-01	   5.8464570078875067e-01	   5.7851690518180932e-01	   5.3136981242415615e-01	   1.5427133259753678e-01	   2.0170591949319355e-01	   3.0537890224799213e-01	   4.2700891260116308e-01	   5.8035472725707105e-01	   4.1566278931529455e-01	   4.0250707316323020e-01	   2.9691283774742383e-01	   2.3713693996041155e-01	   9.3475106151327092e-02	   6.0832607135465877e-01	   6.0726620806500486e-01	   6.5263957402858408e-01	   6.4330793621297133e-01	   3.7085679377812053e-01	   5.2697655421480072e-01	   3.3244682515481438e-01	   4.3298445653526596e-01	   5.5659970958561331e-02	   8.2780065884191845e-02	   6.1399732169791686e-02	   1.6627670033480746e-01	  -8.9438903226800703e-02	   1.5794768658484959e-01	   5.9357008925637922e-01	   6.5934648976363674e-01	   5.1303066743282089e-01	   4.9777899820678995e-01	   1.7531845503322799e-01	  -1.8490618486427485e-01	
   8.3598393259141823e-01	   0.0000000000000000e+00	   4.6355158918497469e-01	   6.0572689520698608e-01	   2.9828648524984436e-01	   3.9375260018211133e-01	   5.5927912028663851e-01	   5.0297053413517090e-01	   4.4511723641351919e-01	   3.9209538576450037e-01	   5.8387057841854584e-01	   6.5920031975111359e-01	   5.1832604715897490e-01	   5.7194482422733839e-01	   6.5694944270818345e-01	   6.0271175128046905e-01	   4.6181566663702400e-01	   4.0956348224333261e-01	   6.1115580812576553e-01	   6.7271484536685333e-01	   3.5868781242943837e-01	   4.1040321306704208e-01	   3.5944427983090677e-01	   3.1848033917718399e-01	   2.2195225510243694e-01	   3.1598549160951817e-01	   3.2776148622401158e-01	   3.8753139314783552e-01	   5.3249467143125750e-01	   4.8745205066893360e-01	   5.9061897806899577e-01	   5.3006867724288431e-01	   6.4486159247246577e-01	   6.5182361228678665e-01	   2.6774469130697370e-01	   3.0691020424957627e-01	  -2.5549043868010761e-02	   1.4881792145667380e-01	   2.1647428675137226e-01	   2.3152338683242216e-01	   1.7393770451831592e-01	   5.2603497627592566e-01	   6.2268090690431044e-01	   5.1019370151287757e-01	   5.4174541903420803e-01	   4.2145967582483046e-01	   6.8559458012958485e-01	   6.2179687311889387e-01	   5.8159257333768100e-01	   5.5861322561062465e-01	   5.1342087239867817e-01	   4.6170078472209886e-01	   5.7236052747471045e-01	   3.8716191863728316e-01	   4.7766770086398946e-01	   3.7739827771417317e-01	   6.1140508616683886e-01	   7.4172639359776316e-01	   6.1391348182129268e-01	   5.9614683944698355e-01	   6.5559340090896268e-01	   4.7975820287520315e-01	   6.6291892483732529e-01	   6.1971986679474345e-01	   1.3755843912563021e-01	   3.3695552462955680e-01	   3.2204122143928676e-01	   2.3606429124237399e-01	   3.2303338704986312e-01	   2.1035686682848394e-02	   3.1220293679512162e-01	   4.0084658208709778e-01	   4.3048653218196653e-01	   5.1278798747693355e-01	   4.7637111333261922e-01	   6.3325950138690423e-01	   3.8875054608816528e-01	   5.5748124444018576e-01	   4.9261354624046916e-01	   4.7895754640447019e-01	   7.0117999640381323e-01	   7.1294405114329162e-01	   5.9372180169407041e-01	   6.9216030068357171e-01	   6.3289571790866517e-01	   5.5302621483831449e-01	   2.2223517868573150e-01	   2.6164271310894344e-01	   3.9581012841051422e-01	   4.6828824384921480e-01	   6.3749083192012335e-01	   4.7335863459399413e-01	   4.2689940175945473e-01	   3.4425591108153936e-01	   2.2518013961406608e-01	  -8.1341016783050904e-03	   5.9057964531657836e-01	   5.1543720037245766e-01	   7.1796944769899895e-01	   6.7076604421565778e-01	   3.6360559442844154e-01	   6.2171321996710260e-01	   2.9275708379630083e-01	   4.5750552404917966e-01	  -8.1815379022799031e-04	  -1.4420363420208596e-02	   4.5291884012501629e-02	   1.3178744993300698e-01	  -1.4229356998941917e-01	   5.2553473019215056e-02	   4.9524806395684762e-01	   6.7765750359842136e-01	   5.7116436835832096e-01	   5.8638667067123962e-01	   1.0522171768353775e-01	  -2.6461774089736217e-01	
   3.9784325116984087e-01	   4.6355158918497469e-01	   0.0000000000000000e+00	   7.3879947163784632e-01	   6.1468351740511840e-01	   5.7114319185881257e-01	   7.5234724577161671e-01	   5.3805325742298671e-01	   6.8322540458598957e-01	   4.9799697492212724e-01	   6.2939106555873559e-01	   4.1511804476027558e-01	   4.9736038897848578e-01	   4.2063928144171581e-01	   6.5822266664410178e-01	   6.0978199850609793e-01	   9.8014948268773782e-03	   3.9473872670372841e-02	   1.0172286969509778e-01	   1.6063656133682130e-01	   6.0538355375939668e-01	   6.1417558367919611e-01	   8.3009718132420052e-01	   7.3307425202064769e-01	   6.7415473051598995e-01	   7.0788696549902597e-01	   6.4542746067251722e-01	   6.9790382660479688e-01	   2.4653373967294050e-02	  -2.1436000487005153e-03	   5.4299160983264738e-01	   4.6293904636352928e-01	   3.0415513031536434e-01	   3.2248568108694292e-01	   7.5191822449980461e-01	   6.8375984982526505e-01	   2.6274932279985252e-01	   4.4952859387949395e-01	   5.4060568704179524e-01	   5.1362302710018748e-01	   5.2916708219926389e-02	   3.6889605763124500e-01	   7.2195016282052737e-01	   7.2945851096010883e-01	   5.4418856921292891e-01	   5.1730502913486276e-01	   7.0108551939864849e-01	   7.6314672800326178e-01	   6.5302165287193881e-01	   7.0412943204594791e-01	   8.0927748110224385e-01	   7.6499184199425141e-01	   7.3071019390733483e-01	   6.5886833821390389e-01	   7.2139741835810067e-01	   7.7154860603670417e-01	   5.3105713570775995e-02	   2.0245362115410759e-01	   6.0754915701855983e-01	   5.6221378339635697e-01	   4.4013508047551131e-01	   3.6553464321492940e-01	   2.1522909507900048e-01	   1.1305404425381901e-01	   7.4335707910586035e-01	   7.5537061043495690e-01	   6.3994679818518829e-01	   5.7548806756000181e-01	   4.9783629593861611e-01	   4.3149605776264999e-01	   3.7117125882927859e-01	   3.2920814995160097e-01	   5.0743270650607852e-02	   1.0091519836267673e-01	   1.2428936748444958e-01	   3.0529911437824953e-01	   2.6850760475706653e-01	   3.9283571136358358e-01	   9.1485093941425288e-02	   3.1680340066223717e-01	   3.1256701319994068e-01	   4.3537865479723187e-01	   4.6061417441582642e-01	   3.3131849127495205e-01	   7.7320513823129178e-01	   8.4217774343986962e-01	   6.0151852411863516e-01	   6.1338088736034224e-01	   7.0532271176734984e-01	   7.7782501208500143e-01	   7.1483547837735939e-01	   7.2856655140626536e-01	   6.4019843724123382e-01	   6.4844362384278775e-01	   2.6622241237766231e-01	   7.6823803218125583e-02	   6.8262720073170169e-01	   5.7220555027764308e-01	   6.2226945936038258e-01	   6.0999296411437220e-01	   4.7285000463705340e-01	   5.7760244382115078e-01	   4.2055100725503236e-01	   4.8579683000385393e-01	   2.6043491205916014e-01	   4.5481548966785590e-01	  -4.0024517601844785e-02	   5.3813998499187582e-02	  -3.3381648203072734e-01	  -3.8715856877801824e-02	   5.2462318529844321e-01	   4.6234811462155184e-01	   5.1379084666097208e-01	   5.3544872603034410e-01	   4.1549726145633381e-01	  -2.6113578295847339e-01	
   5.1253244597867353e-01	   6.0572689520698608e-01	   7.3879947163784632e-01	   0.0000000000000000e+00	   5.1992538751384254e-01	   6.1597829841649598e-01	   7.8290572957249216e-01	   7.7935012439349494e-01	   6.8999201548780875e-01	   7.3228350144754650e-01	   5.5226923901449754e-01	   5.4233846402020580e-01	   5.0162038644167917e-01	   5.2597780236321734e-01	   6.1871635440509931e-01	   6.8733072662876404e-01	   8.4727706916248785e-02	   5.7040146645794709e-02	   4.8506075890488616e-02	   1.7241948266713306e-01	   4.2202448553156968e-01	   5.3107455985102137e-01	   6.4460525579378070e-01	   7.7351207613946338e-01	   4.9521278070917929e-01	   6.3043044531424131e-01	   4.5347003185837464e-01	   5.4732478999054091e-01	   1.3319084382020768e-01	   1.5241389262800986e-01	   5.1492906639687597e-01	   4.8823297173112185e-01	   4.2077148599790892e-01	   4.5586509408532805e-01	   4.9239983990436215e-01	   6.0755882223107704e-01	   1.8133972454230990e-01	   3.0682343830534797e-01	   4.0855003246426352e-01	   4.8155580008481658e-01	   2.5339988741935837e-01	   3.9838678720290682e-01	   5.9653629768037786e-01	   5.0353939941219850e-01	   5.6225287241756150e-01	   5.9929991738683774e-01	   6.0147812371450293e-01	   6.1998622259797231e-01	   5.4528711251009465e-01	   6.8501199080753516e-01	   6.7188977216733703e-01	   6.0643418731634924e-01	   6.4781791824380086e-01	   5.9232863245790568e-01	   6.6331164762760741e-01	   5.9364459169050510e-01	   1.6274190006062569e-01	   3.2245538575735860e-01	   7.1578614327117063e-01	   7.0502264467415654e-01	   6.3586131816222791e-01	   6.3999923643142664e-01	   3.4488468760160973e-01	   3.5957801408942125e-01	   4.9601873626016013e-01	   6.8269184778941483e-01	   6.1489561435133600e-01	   5.9546344504958237e-01	   4.1351659703176202e-01	   2.9648638920473130e-01	   1.9816397231424804e-01	   2.7381451058052408e-01	   7.2407679990062201e-02	   2.1564151485147842e-01	   7.2992194870173638e-02	   3.6553782197769391e-01	   2.4254295777159882e-01	   4.0957290268159596e-01	   1.7037753106226411e-01	   2.6759334459459055e-01	   4.4048954096140330e-01	   4.8371779624511257e-01	   5.3720706094326232e-01	   4.8407399000209095e-01	   7.8178180220238702e-01	   8.3224634591595947e-01	   4.5501788577462154e-01	   5.7578798169829914e-01	   7.9658887623407937e-01	   8.7925227024148878e-01	   8.2195869577203784e-01	   7.1215539340190626e-01	   7.3777248490304781e-01	   5.9731050204268632e-01	   6.2181197242465916e-02	  -1.2374340678770235e-01	   5.7396737945106890e-01	   4.2860927933070059e-01	   7.0527354730232572e-01	   5.7622853654257167e-01	   4.9677364520224043e-01	   6.5284619379473108e-01	   3.5090240665401606e-01	   5.6195367896487292e-01	   1.4448119806240337e-01	   2.3740797486165527e-01	  -1.5294776560540488e-01	   1.2426467854092882e-01	  -4.6481579753127500e-01	  -1.6611853799669973e-01	   4.2100471752864760e-01	   5.0786386252513049e-01	   5.0285715107766427e-01	   3.5844828635054804e-01	   1.4169473170805558e-01	  -4.1465298437224535e-01	
   2.2777557046308605e-01	   2.9828648524984436e-01	   6.1468351740511840e-01	   5.1992538751384254e-01	   0.0000000000000000e+00	   8.8499186093457083e-01	   6.7732562814228170e-01	   5.5884692125618352e-01	   8.7558180927224660e-01	   5.8303964106275519e-01	   2.9522350943814701e-01	   2.0923587437461533e-01	   3.2971067561123973e-01	   3.1933610882352237e-01	   3.8206467534342781e-01	   4.4868720838808390e-01	   1.3964679636301183e-01	   1.3082719318096928e-01	   2.2022719449361822e-01	   2.9373320751109677e-01	   7.2082068353761164e-01	   7.1682540884063961e-01	   4.4437327632845075e-01	   3.9460506482828972e-01	   5.8818945692346747e-01	   5.9812851423166202e-01	   5.4753852430727601e-01	   5.1752679105811839e-01	   1.4636720781173629e-01	   1.6018169131297760e-01	   5.3750006226488023e-01	   5.1098443329592136e-01	   5.0467272697139021e-01	   5.2360046108664760e-01	   7.0230519374533218e-01	   7.5235415325375210e-01	   6.9652349655633652e-03	   3.7306539832120655e-01	   3.8108195706854586e-01	   3.9422688081205176e-01	   1.8679496005757648e-02	   4.4148809349920370e-01	   5.8287363959205885e-01	   5.2613286577012230e-01	   6.1340129669726573e-01	   6.1477738822033512e-01	   5.5557314915104161e-01	   5.9025828416654647e-01	   3.8862130911299025e-01	   5.1640243487068416e-01	   5.1805754495752554e-01	   5.2151735026702994e-01	   4.6341005811517072e-01	   6.1302010449506450e-01	   4.8829468957448852e-01	   5.4127588660609871e-01	   8.1544681819932019e-02	   1.2967617980035628e-01	   3.7064212705584804e-01	   4.5338310844335661e-01	   3.7919477896776749e-01	   4.4196881596776494e-01	   2.7254237973530937e-01	   2.9200388984348746e-01	   4.6008868765816807e-01	   4.2285228123674828e-01	   6.6834560338995264e-01	   6.1259472449269259e-01	   2.9711739951793514e-01	   2.5752532616490015e-01	   5.8034141937119632e-01	   6.1925215930730682e-01	   1.6046470887885766e-01	   2.5352306255122159e-01	   2.1395569152026489e-01	   3.2560120369278323e-01	   2.2677173990874452e-01	   3.9049658273104848e-01	   1.9150491190186864e-01	   1.8220120922812599e-01	   3.5549758192155412e-01	   3.4366495159455179e-01	   1.5997817681793980e-01	   3.9171239214447900e-01	   3.7904557022582375e-01	   4.7132648708050806e-01	   1.9165769745521163e-01	   3.2389420195562357e-01	   3.5004105233220484e-01	   5.0411236465124021e-01	   6.2935737768209177e-01	   6.3406796968873980e-01	   5.2679764820098862e-01	   5.0113484776408590e-01	   2.9649044796208135e-01	   1.3607487204116714e-01	   5.3727531305712695e-01	   4.2024139249934306e-01	   5.1719344525756783e-01	   4.8801072792349193e-01	   5.2927060769198220e-01	   5.3481629274523179e-01	   5.8241505418328998e-01	   4.1206961041931656e-01	   3.6832536137159200e-01	   3.3339925856593683e-01	   9.3350250319675213e-02	   1.2374732177491421e-01	  -1.0274369663449551e-01	  -7.7105881513982788e-02	   5.2593872270645836e-01	   4.2967136263161959e-01	   4.9694211522248333e-01	   4.7250038809038686e-01	   4.8050723996494982e-01	  -7.7642343014257487e-02	
   3.3633750753809111e-01	   3.9375260018211133e-01	   5.7114319185881257e-01	   6.1597829841649598e-01	   8.8499186093457083e-01	   0.0000000000000000e+00	   6.9177140052103181e-01	   6.8082696752888106e-01	   8.7189609591897244e-01	   7.3733181783520618e-01	   4.2896778740599245e-01	   3.5981886636381577e-01	   4.9446623181309024e-01	   4.8615674811960663e-01	   4.9895905576001848e-01	   6.0215631607759401e-01	   2.3867561544086252e-01	   2.0211339821089228e-01	   2.3225852412030049e-01	   2.8238997395209897e-01	   6.4625253076350286e-01	   6.7973764413184945e-01	   5.0483404304596502e-01	   4.9655940921975023e-01	   5.2578644561658550e-01	   5.8258276071185344e-01	   5.3563066915138891e-01	   5.8651357451383168e-01	   2.0374135230355797e-01	   2.4461174618071396e-01	   5.1603815411742671e-01	   5.4061301663311556e-01	   4.9652234715128835e-01	   5.6225362485621466e-01	   6.3648897198764343e-01	   7.2890205182595369e-01	   4.1114527324299863e-02	   3.5696323837077992e-01	   3.5719986390845865e-01	   3.6894081924049482e-01	   2.0433214489070310e-02	   4.6795562587177386e-01	   5.5983964318450474e-01	   4.8470753232119956e-01	   5.9332340927975824e-01	   6.2358980099409866e-01	   6.1640060256615004e-01	   6.0126984269020678e-01	   3.7521783314971813e-01	   5.6866071961055553e-01	   5.3987483532938763e-01	   5.8439130749825452e-01	   5.8119804184764812e-01	   7.1706178251915642e-01	   5.9277065547644470e-01	   6.0168859767353544e-01	   1.9550031450802297e-01	   2.1278696551668044e-01	   4.8523673631209774e-01	   5.2542375454844537e-01	   5.2433208362242634e-01	   5.9959878962323943e-01	   3.6562702533833097e-01	   4.1969754546299742e-01	   4.1285931849383162e-01	   4.8308957058725915e-01	   5.9619005743305020e-01	   5.9294627683205059e-01	   1.5382249679871535e-01	   1.0607127692153316e-01	   4.1051781523378966e-01	   4.8683970797645409e-01	   1.1149130195674108e-01	   2.3096489118891422e-01	   1.3662796986783365e-01	   3.7697548345962151e-01	   1.7539513322624667e-01	   3.6260701725327321e-01	   3.0346316963392217e-01	   2.7372321283128564e-01	   4.2829175029476485e-01	   4.3926603506622885e-01	   6.4791016302476037e-02	   4.1406416814594371e-01	   4.6537778447439032e-01	   5.1319083955233058e-01	   5.7203679053420525e-02	   2.3811029347198212e-01	   5.0770114377848374e-01	   6.0851369180983117e-01	   6.8324573995753335e-01	   7.0860331178682445e-01	   5.9485250674018353e-01	   5.1864764614162284e-01	   3.2488780883194235e-01	   3.6362598846165859e-03	   5.7864236319076412e-01	   4.3005707415387623e-01	   6.3051366524934116e-01	   6.0503305403571161e-01	   5.9384271264348854e-01	   5.4446409720334588e-01	   5.4252596256534147e-01	   5.0418844520220474e-01	   3.0454802084094934e-01	   2.6242294446046055e-01	   4.1151854772690809e-02	   7.6087364170889932e-02	  -1.5876583475344236e-01	  -1.0840019943870102e-01	   5.5134018641611637e-01	   5.1660388459541962e-01	   5.0066749491182216e-01	   4.5969826875319098e-01	   3.9703172354228777e-01	  -5.5707032823497163e-02	
   4.6434028924619963e-01	   5.5927912028663851e-01	   7.5234724577161671e-01	   7.8290572957249216e-01	   6.7732562814228170e-01	   6.9177140052103181e-01	   0.0000000000000000e+00	   8.2957512027114422e-01	   7.4406639741033931e-01	   6.9106160046020526e-01	   6.4252165556461582e-01	   5.8767227380602538e-01	   7.2765446503955022e-01	   7.2221475740124363e-01	   6.1482048606794093e-01	   6.7593291170497816e-01	   2.6630748458601716e-01	   1.8477442551550405e-01	   2.9186695631342902e-01	   3.4022750258780299e-01	   5.4964142892023704e-01	   6.1043227885973816e-01	   4.9399085863667613e-01	   5.0267890229800993e-01	   3.9486879357986282e-01	   5.0474061561359185e-01	   4.5378213401359918e-01	   5.3594525680160432e-01	   3.5119640406554031e-01	   3.2871901748745042e-01	   6.4736235078289872e-01	   5.8183107291390512e-01	   6.4791048718304012e-01	   6.5057712505840726e-01	   5.6652938752678184e-01	   6.2732003197598685e-01	  -4.3450683729016892e-03	   2.8546580761090401e-01	   3.6920481123664783e-01	   4.3998663690093126e-01	   2.0802540214552490e-01	   5.2534257432222109e-01	   6.0212412910137636e-01	   5.7756452609184761e-01	   6.2568570184897498e-01	   6.0541360983157677e-01	   6.1494789515072423e-01	   6.7032378906916568e-01	   5.5005290509185634e-01	   6.5627802486080622e-01	   7.0239039156947558e-01	   6.6385311828070059e-01	   6.0878984435887840e-01	   5.7443681056185492e-01	   6.7018793134493526e-01	   6.1059340784684957e-01	   1.5161617607910080e-01	   2.2738058781014736e-01	   7.1366146945948605e-01	   6.2529674024307258e-01	   7.0419633605585075e-01	   5.9894197581782538e-01	   4.8673515545620022e-01	   4.4672214994368625e-01	   4.2317371896028289e-01	   6.2447767951759281e-01	   7.2679131230596039e-01	   5.9660226739155287e-01	   3.3399429806894249e-01	   2.3026191842892457e-01	   4.0914520242468988e-01	   4.7840091236820104e-01	   3.1382173856399709e-01	   3.7873815648519171e-01	   3.2791554113838184e-01	   5.1801003209591379e-01	   3.7818900412872231e-01	   5.2695390435922107e-01	   2.0021110483212984e-01	   3.2041055569893995e-01	   5.0345975383298380e-01	   5.2265142231713746e-01	   4.1455680740900697e-01	   5.9900938379942181e-01	   6.9098904102446423e-01	   7.5482322598807028e-01	   2.1876477740212741e-01	   4.4405700329859826e-01	   6.8901684621141879e-01	   7.1921611099099159e-01	   7.5224369589597573e-01	   6.6399366676312743e-01	   6.3864584907908484e-01	   5.2149172297263136e-01	   9.4286851879672798e-02	  -2.2070899252280170e-02	   6.2127420157935775e-01	   5.3189029803946297e-01	   6.7330971931017447e-01	   6.0288245324226208e-01	   5.4995140045294777e-01	   7.2031021463040035e-01	   3.5742660571804552e-01	   4.7894542429962783e-01	   5.0625145540980243e-02	   1.1228372515256296e-01	  -1.8798189217145062e-01	  -3.1193256460510618e-02	  -4.2446924399060365e-01	  -1.3211266083026904e-01	   5.6236634130403473e-01	   5.1026915827046693e-01	   5.6752647124610922e-01	   4.6473994727287887e-01	   2.0365260389844758e-01	  -4.4435527620481030e-01	
   4.2492096581362698e-01	   5.0297053413517090e-01	   5.3805325742298671e-01	   7.7935012439349494e-01	   5.5884692125618352e-01	   6.8082696752888106e-01	   8.2957512027114422e-01	   0.0000000000000000e+00	   6.9912791385862372e-01	   8.2784106261008295e-01	   5.0382169983330805e-01	   5.5314412052389017e-01	   6.7125972936067657e-01	   6.9994372860081322e-01	   4.9827508076931271e-01	   6.5161992095625254e-01	   3.1347284088688204e-01	   2.1177519786259180e-01	   1.4844502532698164e-01	   1.9557365012516881e-01	   3.0981877159974275e-01	   4.4156574483466859e-01	   3.8820391008377247e-01	   4.6472933388280507e-01	   2.6887426307734441e-01	   4.9212506558188118e-01	   1.2783299173800278e-01	   2.7707968513659270e-01	   4.1415125002496578e-01	   4.4080139467503754e-01	   6.4571392497032343e-01	   7.1160144091549826e-01	   6.4452259360572295e-01	   7.4535430677721681e-01	   3.9423875095390215e-01	   5.3962480253451794e-01	  -5.2440785326851036e-02	   1.7103188075442458e-01	   2.6500788171563500e-01	   3.4832976658794146e-01	   2.6964649899728171e-01	   4.5636397599405820e-01	   4.4805088274209892e-01	   3.7215386407660045e-01	   5.7341279518536203e-01	   5.6588774516122398e-01	   5.0346556698802591e-01	   4.9872172748383414e-01	   3.4501957554950347e-01	   4.7609483691903909e-01	   4.6581535326908885e-01	   4.8850514297916470e-01	   5.0586824990944268e-01	   5.6184745364339550e-01	   5.2679145920945181e-01	   5.4151242439070746e-01	   1.6306986434636386e-01	   1.9036277903989823e-01	   4.9502339374824356e-01	   4.9522491220623621e-01	   6.3244117756196383e-01	   7.1778133364262109e-01	   4.5165191731037091e-01	   5.9003491543419451e-01	   3.1533386315095197e-01	   5.4674528097263675e-01	   5.4008054614905943e-01	   4.7080775315625167e-01	   1.1349860970093709e-01	   8.7138639742661227e-04	   2.2660696495837890e-01	   3.6347685195116269e-01	   2.8590440152727159e-01	   3.4003621366910175e-01	   2.4351750196552416e-01	   4.8555589461435655e-01	   2.9408194981239055e-01	   4.6332650176010903e-01	   3.0731478234692278e-01	   2.9680820227627569e-01	   4.9417225324180891e-01	   4.7526774145811512e-01	   3.4717562798741275e-01	   5.6286172883623253e-01	   5.8113714591609700e-01	   5.9609602068352374e-01	   7.4901403005139755e-02	   2.6206599653190665e-01	   6.5325633037868147e-01	   6.4637144267065683e-01	   7.1477262240170480e-01	   5.3164132871929892e-01	   5.8355080476552434e-01	   3.9342493578312809e-01	   2.6038072129412768e-02	  -1.3493152639954442e-01	   4.5318422550478932e-01	   3.9996633501027912e-01	   6.3239612705852499e-01	   5.1853119518068846e-01	   4.1087542463849780e-01	   6.2424792251901207e-01	   2.3910709459590915e-01	   3.4783701159087060e-01	  -5.0642849611183399e-02	  -4.1384544096449496e-02	  -3.9414808649922667e-01	  -1.7004607810662822e-01	  -4.5358536005843264e-01	  -1.6033386484610612e-01	   4.3777112846833777e-01	   4.4221641379192989e-01	   4.6619322517516248e-01	   4.0299062666917435e-01	   9.7531775558552636e-02	  -4.5541564580263039e-01	
   3.1831493177100900e-01	   4.4511723641351919e-01	   6.8322540458598957e-01	   6.8999201548780875e-01	   8.7558180927224660e-01	   8.7189609591897244e-01	   7.4406639741033931e-01	   6.9912791385862372e-01	   0.0000000000000000e+00	   7.7108450155361163e-01	   5.2299691559486750e-01	   4.1397287764370916e-01	   5.6272818054778961e-01	   5.2503157884267071e-01	   6.0576957708489754e-01	   6.7596552179464564e-01	   2.6511186714115775e-01	   2.9929294799640443e-01	   1.6634482853404570e-01	   2.4907252641424238e-01	   5.8231607706401778e-01	   6.1333516119374476e-01	   6.2589894953905834e-01	   5.5864606590434729e-01	   5.1227978873840696e-01	   5.9849314373157647e-01	   4.6423770435074818e-01	   5.2007372917108285e-01	   2.5390720161480895e-01	   2.8813854777165249e-01	   4.9476301654968013e-01	   5.5406270281210857e-01	   5.1608885111833935e-01	   5.7668505899414990e-01	   6.3011805849403157e-01	   7.0807221974538026e-01	   7.0633365716155291e-02	   4.3164424810706570e-01	   3.7948399630777985e-01	   3.6920587397946492e-01	   6.5172518832353005e-02	   5.1249353462553138e-01	   6.4596215369711041e-01	   5.6801611744445024e-01	   5.8189107894669834e-01	   5.8934561940912800e-01	   6.7823481514044770e-01	   6.6529179764089386e-01	   4.1242009160719728e-01	   5.5274594225334384e-01	   5.7802380765392236e-01	   6.0274724913736832e-01	   5.9502903942654273e-01	   6.9613750165532862e-01	   5.9955197896660628e-01	   6.3532189178290921e-01	   1.9609205115706460e-01	   2.7068895233156726e-01	   4.5499831620401610e-01	   5.4503916139179265e-01	   5.2433563969216068e-01	   5.9158818695018944e-01	   4.2018555605391633e-01	   4.6005296061402623e-01	   5.9530723078834036e-01	   5.6250255271570548e-01	   5.8708096240687413e-01	   5.6146831929047458e-01	   2.2366741902886858e-01	   1.7229384407369353e-01	   4.0440298935591346e-01	   4.5362542026265618e-01	   2.2925677138159756e-01	   3.5929330560049189e-01	   2.6645367201164727e-01	   4.8143159347700237e-01	   2.3991365822196706e-01	   4.2710018619042789e-01	   3.4980373854565305e-01	   3.7060413953951499e-01	   4.8829748231948295e-01	   5.3329330820073895e-01	   2.2870466637933509e-01	   4.8063293805726925e-01	   6.0810938665841441e-01	   6.4519199880360822e-01	   2.4615585992054900e-01	   3.7140757035024213e-01	   5.8319317409813898e-01	   6.6878402047207086e-01	   6.8301690052225905e-01	   6.9317375077825782e-01	   5.8067103014394927e-01	   5.1727795358353623e-01	   3.7041080787340341e-01	   2.0834828029004479e-02	   5.9916987142018430e-01	   4.1159882745691456e-01	   6.3429386103853991e-01	   5.8901582928638396e-01	   5.1843653187929628e-01	   5.2672584693124103e-01	   5.2206411407505293e-01	   4.7477541074509688e-01	   2.6890349357368581e-01	   2.3006507975141238e-01	  -5.7145739934197602e-03	   8.7877254150520931e-03	  -1.8299904789503219e-01	  -4.5956619982048370e-02	   5.5866301121985029e-01	   5.0744627550173005e-01	   5.1896430232329427e-01	   5.6595800358229642e-01	   3.8545340494298952e-01	  -1.4072588590487986e-01	
   2.9054398098975048e-01	   3.9209538576450037e-01	   4.9799697492212724e-01	   7.3228350144754650e-01	   5.8303964106275519e-01	   7.3733181783520618e-01	   6.9106160046020526e-01	   8.2784106261008295e-01	   7.7108450155361163e-01	   0.0000000000000000e+00	   4.1042758433235538e-01	   4.7921347914656537e-01	   5.2844132151883905e-01	   5.7596037727286509e-01	   5.2381107358425194e-01	   6.8951188251159568e-01	   2.2557161278765511e-01	   1.6689647504363672e-01	   6.0510791550942827e-02	   1.2658874809963402e-01	   2.6697275267249443e-01	   3.5032326661234281e-01	   5.2878205736665895e-01	   6.1689956231646459e-01	   2.9138576044771725e-01	   5.0132582900047407e-01	   1.6037731843022601e-01	   2.7274840570960007e-01	   3.2396638534598388e-01	   3.3063090017657915e-01	   4.4732938865917049e-01	   5.6397339727933771e-01	   4.2944196096636994e-01	   5.2166323945167625e-01	   3.7797075404398245e-01	   5.0248230782375969e-01	   3.2054487112938623e-02	   2.7562542643129134e-01	   2.3153822029348820e-01	   3.5451719550063737e-01	   2.4306915088774705e-01	   5.1829835737046470e-01	   3.7305409053858873e-01	   2.7596812694098055e-01	   4.1503055773660125e-01	   4.6563375276478430e-01	   4.5114465613490973e-01	   4.2541004001705818e-01	   2.5659942802299351e-01	   4.1164335223048321e-01	   4.2164223779590138e-01	   4.5872134889174809e-01	   4.6587740936328381e-01	   5.7738564360056088e-01	   4.5948957947692393e-01	   5.4119606860716052e-01	   8.7375520823257696e-02	   1.4213671565807900e-01	   4.1213393109927121e-01	   4.3506520230316248e-01	   5.2681198416148212e-01	   6.8654318920246593e-01	   3.8343875667081034e-01	   4.4659138624480171e-01	   4.3489079996598334e-01	   5.7920439309719063e-01	   4.2265110247086429e-01	   4.2068435613210631e-01	   6.1572214633475078e-02	   4.5542379668802827e-02	   3.5249505430554696e-02	   1.8238150087275060e-01	   1.3970983603610368e-01	   2.1342242725326643e-01	   1.1930343340502030e-01	   3.9969774196833935e-01	   3.3702326124012680e-02	   2.0974179198607090e-01	   2.9214875457562395e-01	   2.0471925644682765e-01	   4.0086753809227882e-01	   3.7588309858944075e-01	   2.8798961854560190e-01	   4.9095325228178799e-01	   5.3162525152406181e-01	   5.7101595746395128e-01	   1.5370729056221177e-01	   2.7536923925733614e-01	   6.4342594178952084e-01	   6.3775365343948820e-01	   5.4833518267703507e-01	   4.7147293777281096e-01	   4.5398792290150675e-01	   2.4967386058376895e-01	   1.6147977929447671e-01	  -1.1089868282724437e-01	   3.9409688053916414e-01	   3.1205859552581716e-01	   5.0512288914790793e-01	   4.3083872323663330e-01	   3.3163678255231255e-01	   3.4562600323114745e-01	   1.5924067319070284e-01	   2.6279760781401029e-01	  -9.4470758814540534e-02	  -1.0218162133409482e-01	  -3.6072503921786725e-01	  -2.5250214047104458e-01	  -3.7787706820887701e-01	  -1.7885036843766328e-01	   3.2953812132027149e-01	   2.9146548918347348e-01	   2.5341341703352899e-01	   2.5466017042903560e-01	   2.8275625572285565e-02	  -3.2095128381632876e-01	
   6.2013875471091007e-01	   5.8387057841854584e-01	   6.2939106555873559e-01	   5.5226923901449754e-01	   2.9522350943814701e-01	   4.2896778740599245e-01	   6.4252165556461582e-01	   5.0382169983330805e-01	   5.2299691559486750e-01	   4.1042758433235538e-01	   0.0000000000000000e+00	   8.1020781127116437e-01	   8.5704108659289491e-01	   7.9731786270975347e-01	   7.8444563055188177e-01	   7.4931814820704679e-01	   4.5401320952483282e-01	   3.9884620943955879e-01	   4.0143743875089466e-01	   3.7801462498839999e-01	   3.5248434452880661e-01	   3.6042652637437811e-01	   5.7291333052032523e-01	   4.8889897154080542e-01	   2.0772917543822125e-01	   2.9185924266436691e-01	   3.7064459038161257e-01	   5.3771252643865375e-01	   3.2879238653630122e-01	   2.8380498227608586e-01	   3.5943340513754490e-01	   3.6835401141470470e-01	   4.6912881264651562e-01	   4.6814217886468390e-01	   3.8793902734600039e-01	   4.2863226097092955e-01	  -3.1131581247459423e-02	   2.2783191145045817e-01	   2.5215333694461417e-01	   2.3346928896880648e-01	  -1.0921363367240212e-01	   3.6348167061555087e-01	   5.2263342180579486e-01	   5.4726235544305035e-01	   3.7702600200873709e-01	   3.0395354244476258e-01	   5.7759554047997896e-01	   5.9935691159152504e-01	   4.7567979257511472e-01	   4.9888967063239292e-01	   6.3841087506122807e-01	   5.8477394302479757e-01	   5.4842340660922850e-01	   3.9686749043404029e-01	   5.9949302874231181e-01	   4.8813280619912458e-01	   3.5864828921001224e-01	   3.0147979788444035e-01	   5.4759196305322222e-01	   4.0529834072728532e-01	   6.3030930109641359e-01	   5.0392802663034686e-01	   6.3936117809608206e-01	   5.2020555325301077e-01	   3.9578162251551058e-01	   5.9714202177782871e-01	   4.1184428034638210e-01	   3.6492669920337023e-01	   2.1460828679574478e-01	   7.7985157826358786e-02	   2.3853127825545947e-01	   2.2806473931682386e-01	   3.0072409743694001e-01	   3.7047045267424628e-01	   3.9820473944139956e-01	   6.4210916608833113e-01	   3.4085463724207615e-01	   4.5464130050894092e-01	   3.9107303617410250e-01	   4.6123553971245479e-01	   5.4606427726278528e-01	   6.3083554176093037e-01	   2.7087584617291083e-01	   4.3299726976917741e-01	   7.4171767603735606e-01	   7.2531375352619265e-01	   1.2021783608294606e-01	   3.1291408405193033e-01	   5.9283789141452092e-01	   6.1685051578117034e-01	   5.4682765456572735e-01	   5.3530177168021709e-01	   5.0368763885560097e-01	   3.9830790627086804e-01	   2.2600673022697076e-01	  -4.9444169948841446e-02	   5.7952535970772856e-01	   4.6237486604398359e-01	   5.6508346789086672e-01	   5.3115992978897997e-01	   4.4859267317322565e-01	   5.1548185753351117e-01	   3.0208607199956283e-01	   4.4977995648553898e-01	   4.0343290012605545e-02	   1.2043403789995716e-01	  -9.4492177512248199e-02	  -6.4013818959868365e-02	  -2.2372396623825735e-01	   9.5767819290206224e-02	   5.8670319366594470e-01	   4.8612744424498627e-01	   5.2541901394529877e-01	   5.3943119647574844e-01	   2.0085272860061720e-01	  -2.6148213123048780e-01	
   6.8995130291131268e-01	   6.5920031975111359e-01	   4.1511804476027558e-01	   5.4233846402020580e-01	   2.0923587437461533e-01	   3.5981886636381577e-01	   5.8767227380602538e-01	   5.5314412052389017e-01	   4.1397287764370916e-01	   4.7921347914656537e-01	   8.1020781127116437e-01	   0.0000000000000000e+00	   7.7825384010300158e-01	   8.7061864077395756e-01	   6.2381747703049473e-01	   7.3137526044791390e-01	   5.1625921230274385e-01	   3.8925347996356929e-01	   3.8944048904449036e-01	   3.4086799547283841e-01	   2.8251611790271608e-01	   2.8414584943744581e-01	   3.5309902639458501e-01	   4.0498278191130543e-01	   1.1887415558608780e-01	   2.3660269040228099e-01	   2.3893245560915502e-01	   3.7450034474892796e-01	   4.8656150872342868e-01	   4.3310079518111333e-01	   4.3746404796893112e-01	   4.7338116664638952e-01	   5.0126578466620764e-01	   5.2057010208535770e-01	   2.6221167650789051e-01	   3.1277956797745077e-01	  -7.0294088863859058e-02	   1.4631963024260403e-01	   1.9525106340767870e-01	   1.6261301480302875e-01	   2.3387215079345942e-02	   4.0751643719976804e-01	   4.1927911630730441e-01	   4.0774568392791144e-01	   3.2337658682319387e-01	   2.1685779279580841e-01	   4.9038534348577689e-01	   4.8645860482915798e-01	   4.0374940626382172e-01	   4.1067399465172039e-01	   4.9782342917108302e-01	   4.7224439469871693e-01	   4.0823261336621547e-01	   2.2628198546850997e-01	   5.2956827063302259e-01	   3.3602439425096609e-01	   3.7233877855052960e-01	   3.3168199543547577e-01	   5.0568235843926523e-01	   3.4838758199638320e-01	   6.8923810484182590e-01	   6.8521261314701221e-01	   6.6768202051428815e-01	   6.7452051580319239e-01	   2.7129558474641519e-01	   6.0346948886441942e-01	   2.7367884927541841e-01	   1.8235039191860733e-01	   1.0294849947521506e-01	  -4.4254704806132181e-02	   1.2290034680766822e-01	   2.4178871501728721e-01	   3.7604879851332534e-01	   4.7649423847254574e-01	   4.8467629549229618e-01	   7.1418743484430824e-01	   3.4277740940030405e-01	   4.0849751810858725e-01	   4.4672514588921813e-01	   3.5541465600602851e-01	   5.6664637269579421e-01	   6.0197300450157543e-01	   2.9881484165639305e-01	   4.6494609313297958e-01	   6.6463175688361265e-01	   6.4978432115513152e-01	   7.8181447522000763e-02	   2.1647726292664732e-01	   4.7749068595123900e-01	   4.7466711712392162e-01	   4.3151568650354655e-01	   2.6951699899037240e-01	   3.2511739498510100e-01	   1.2706484228331366e-01	   9.4712685166763955e-02	  -3.2614978311344821e-02	   5.4040065258024361e-01	   4.7484923715735988e-01	   4.7866887430753974e-01	   3.8492157453301334e-01	   3.3724218526554656e-01	   4.2804474601936787e-01	   1.8549493953245627e-01	   3.0608446347930007e-01	  -7.6806727974603750e-02	  -6.2276976580329872e-02	  -2.2178444229592303e-01	  -1.3826351757073696e-01	  -2.4297023075576973e-01	   1.0753782004379593e-01	   5.4599163189289435e-01	   3.8714895802879323e-01	   3.4554028676324761e-01	   3.6857541724532727e-01	   4.7790072095349537e-02	  -3.3529490964369502e-01	
   4.7954445978482418e-01	   5.1832604715897490e-01	   4.9736038897848578e-01	   5.0162038644167917e-01	   3.2971067561123973e-01	   4.9446623181309024e-01	   7.2765446503955022e-01	   6.7125972936067657e-01	   5.6272818054778961e-01	   5.2844132151883905e-01	   8.5704108659289491e-01	   7.7825384010300158e-01	   0.0000000000000000e+00	   9.2479986462632580e-01	   7.4322032709299268e-01	   7.3744242750382916e-01	   5.6684164211967403e-01	   4.9351454512930637e-01	   3.0085248203036352e-01	   2.7443026896898381e-01	   3.5308882156011101e-01	   4.0341038768713866e-01	   4.2881354320100368e-01	   3.3429424646390260e-01	   1.5229965794699074e-01	   2.6557286810855041e-01	   2.6461127582032418e-01	   4.2558800591053408e-01	   4.9123261482159097e-01	   4.8265364589308679e-01	   4.1246586888825088e-01	   4.5023013061673101e-01	   5.5093063836178913e-01	   6.1006393667920111e-01	   3.6527496544770488e-01	   4.1218110999935487e-01	  -2.0805709997465893e-02	   2.3711183891834520e-01	   1.9232130636392175e-01	   1.7536747468703998e-01	   4.9713773191091694e-02	   4.4552564203060008e-01	   4.5758809335709671e-01	   4.3117493196917522e-01	   3.5194189048526120e-01	   3.0078664049336179e-01	   5.4817433908020474e-01	   5.1327591891199131e-01	   3.0169061239476885e-01	   3.7794468746543669e-01	   5.2741999322141409e-01	   5.1207912808811384e-01	   4.5614524829779707e-01	   4.1271998196453052e-01	   5.3979121466729119e-01	   4.1078990336085741e-01	   3.5870456156111957e-01	   3.0696177082618836e-01	   5.1432264573357100e-01	   3.8431897296772688e-01	   6.8101609215049641e-01	   5.9661170581672707e-01	   6.3992978892677166e-01	   6.3907004832828962e-01	   2.9854510859104011e-01	   5.0127156200053335e-01	   3.6607059888371674e-01	   2.9613873792741463e-01	  -3.0740324976173263e-02	  -1.3431557553936488e-01	   2.2598652284558385e-01	   2.4992803101764255e-01	   3.7161531810516696e-01	   4.5466904489858723e-01	   4.1266045262349954e-01	   6.4492463742923856e-01	   3.2747878973803568e-01	   4.3831135890115813e-01	   4.2077004090192144e-01	   5.1725329304727508e-01	   5.9359512425594907e-01	   6.3077943227099831e-01	   1.7156783008900214e-01	   5.0241520105178650e-01	   6.5421562370220376e-01	   6.0569024025753126e-01	  -1.0589870578603239e-01	   1.2426053816193761e-01	   5.6169746860400094e-01	   4.9269722040746700e-01	   4.9433916197862970e-01	   4.0530414784137275e-01	   4.1137314412025683e-01	   2.4137400852827073e-01	   1.0058791215013591e-01	  -1.9589945275937259e-01	   5.0649193369203238e-01	   3.5662941514201973e-01	   5.1015728175823583e-01	   4.4332209991358640e-01	   4.2287868063801271e-01	   5.2088029211618125e-01	   1.6652166579191174e-01	   3.1561597213610199e-01	  -1.0537648423381361e-01	  -8.4664380119363364e-02	  -2.7003891063877505e-01	  -2.2531790645233851e-01	  -3.1245082840382526e-01	  -1.4544254687276433e-02	   5.7046468731509048e-01	   3.7374325537222797e-01	   3.9827119330785210e-01	   4.9518120288967649e-01	   9.7520014875805569e-02	  -3.2342213288868338e-01	
