   0.0000000000000000e+00	   7.5631600000601629e-01	   4.4177744124163154e-01	   4.3614705039188656e-01	   5.6824184824021928e-01	   7.1730673456943461e-01	   4.5102503587878257e-01	   4.5650720962886249e-01	   4.9640508190054045e-01	   3.5453257913693703e-01	   6.7062701756712784e-01	   3.6098817341739842e-01	   3.7503466167825528e-01	   2.5595738179147026e-01	   4.5663253674101728e-01	   3.2062795008239697e-01	   5.3391064064953486e-01	   3.4541459659254464e-01	   5.1117748964644438e-01	   4.3618514876455772e-01	   6.4788664497094484e-01	   6.1077800238811220e-01	   3.4294777058128029e-01	   2.8052411145867384e-01	   3.8695929858086830e-01	   4.3888927938196576e-01	   5.9419019345608826e-01	   5.3063531819836529e-01	   3.5487341400369310e-01	   2.4206647613497595e-01	   3.4156484601243275e-01	   2.8705014067934131e-01	   6.3615152244263284e-01	   5.0833825042844416e-01	   1.8619024139306734e-01	   3.3462207084877826e-01	   3.9252705063109361e-01	   3.4212519983451906e-01	   5.9471512890059419e-01	   4.0180611583087467e-01	   3.9333480893982958e-01	   1.5055803305164533e-01	   6.5516317973206017e-01	   6.4450832906728239e-01	   5.4419492495081401e-01	   4.8679603042517783e-01	   6.6026767817189036e-01	   6.4370521022548632e-01	   5.1895722288979196e-01	   5.2707192561990568e-01	   6.4219862595155763e-01	   6.0422038213303531e-01	   6.5369061658637329e-01	   6.5063611519438869e-01	   6.3085206559526608e-01	   5.9373362385268091e-01	   6.0670440303126327e-01	   6.1834529952583350e-01	   6.0662871801330642e-01	   4.7105680725872345e-01	   5.6238427291473503e-01	   3.5244301850798238e-01	   4.8480838507318935e-01	   2.2211156213748245e-01	   2.9727117339357051e-01	   2.8150341857822520e-01	   5.8753778343396512e-01	   5.9496948480529144e-01	   7.3319504763750831e-01	   6.4077956335678599e-01	   5.9357866760884648e-01	   3.3103543976370675e-01	   7.6908334668941716e-02	   7.3740609432374912e-02	  -1.9884760314569743e-02	  -1.3748363653465978e-01	   2.4508627252040496e-01	   1.2999200300999572e-01	   5.1329132533691213e-01	   4.0504232527877132e-01	   5.5106493253468680e-01	   4.9256925592956391e-01	   4.4731809788459587e-01	   3.5348098816850659e-01	   5.4216830039906705e-01	   4.8271333436182412e-01	   4.8488019590191384e-01	   4.4930428424991165e-01	   5.3994854154067617e-01	   5.2690499587968220e-01	   3.4651502448483423e-01	   4.3099746508393921e-01	   1.4587542493977837e-01	   2.2815863990258378e-01	   2.3011882471901191e-01	   8.4596316639898861e-02	   5.5274083708940214e-01	   4.8791557084238907e-01	   5.5329356023326270e-01	   4.7061688265717583e-01	   3.9229202625633919e-01	   2.4811607607234382e-01	   3.6189149836137768e-01	   2.6354366010687902e-01	   2.3396392787358325e-01	   3.7958775874714118e-01	   2.8718581819908229e-01	   2.6415217849861661e-01	   8.5976315648927631e-02	   2.6652676032521144e-01	   5.0375006807019285e-01	   3.8252055533144541e-01	   2.9426412104768868e-01	   2.0718481033325989e-01	   1.2029158845192031e-01	   1.8249011645907731e-01	
   7.5631600000601629e-01	   0.0000000000000000e+00	   2.1693168032586568e-01	   3.5770507288751374e-01	   3.8561593730274868e-01	   4.7303306683800772e-01	   2.3222191981492674e-01	   3.9806828306844111e-01	   3.1546688258481814e-01	   3.6242475996322510e-01	   4.7128609702697677e-01	   4.9579251201645291e-01	   1.8249446042757744e-01	   1.8569646697831876e-01	   3.3090055965830850e-01	   2.8843744120897419e-01	   6.4935253932786385e-01	   5.3146637682100450e-01	   5.1691943637294924e-01	   6.4756166227534595e-01	   4.9231137490180099e-01	   3.9738035555243734e-01	   1.6237678082077500e-01	   1.2736173390846339e-01	   2.3716420527826942e-01	   2.6944810647350298e-01	   3.8335893477409799e-01	   3.2797934304459581e-01	   4.9233631739728123e-01	   4.5066080108482476e-01	   2.4940984633839164e-01	   2.3375990342562830e-01	   6.8881101057330496e-01	   6.1275899826198454e-01	   2.6640083565347354e-02	   1.2819770861794189e-01	   2.7700135209288379e-01	   2.3288984436176674e-01	   4.2604418900133251e-01	   2.9264945881312082e-01	   2.9608386582879598e-01	   2.5668892569144919e-01	   4.9542175639308494e-01	   5.4969273509137917e-01	   5.8076464993879595e-01	   6.0402574694994116e-01	   6.4163907839657441e-01	   6.0096058316744316e-01	   5.1307967462041448e-01	   5.8329456578903294e-01	   6.7177318233611660e-01	   4.8738275432806472e-01	   5.6201370779227966e-01	   6.2304974825750481e-01	   5.1995174247545406e-01	   4.7940444191064929e-01	   7.4746462531530944e-01	   8.0841657216020379e-01	   3.1092726205716492e-01	   3.5294643698120964e-01	   2.2908341651729414e-01	   3.4787049775422008e-01	   4.0662862018559631e-01	   3.4446624281777172e-01	   8.3185769164522610e-02	   7.2143977592634037e-02	   4.0498118226747815e-01	   4.0044428365312412e-01	   5.8170399385952420e-01	   4.6893187445822049e-01	   4.0022224085753677e-01	   2.4324700869664134e-01	   1.9139704956542566e-01	   3.0167786745472891e-01	   1.3674701458758626e-01	   8.9849629948870136e-02	   8.7065183123972878e-02	   1.6427012106956032e-02	   6.8026916916068592e-01	   5.8775139876419047e-01	   7.5504732234219862e-01	   7.1989871709315834e-01	   4.5123136734495656e-01	   4.2339144927546302e-01	   5.6162739878066303e-01	   4.9049298808017194e-01	   3.2462481129744558e-01	   4.4229872771514189e-01	   4.1033298506160143e-01	   3.9688570220527142e-01	   1.7286617805176677e-01	   2.1908892963647225e-01	  -2.1674416509480869e-02	   5.5283085132171686e-02	   2.1309034221897188e-01	   4.2833953128911050e-02	   4.1799260784476133e-01	   2.1133510592358132e-01	   6.0102112519965845e-01	   4.6024883391431043e-01	   3.1378887181783877e-01	   7.8860313306684499e-02	   3.8192628134169959e-01	   2.1756611173888618e-01	   3.0692701640655962e-01	   2.2269383786428470e-01	   2.1449180576355059e-01	   1.5900764955229818e-01	   1.5097848038433723e-01	   1.0506068942825433e-01	   2.4075724691063038e-01	   3.1089651086308023e-01	   1.4174521346291843e-01	   1.9716753483120580e-01	   7.5382967986356766e-03	   2.5621397434104404e-01	
   4.4177744124163154e-01	   2.1693168032586568e-01	   0.0000000000000000e+00	   6.6544640230898244e-01	   7.5853512022970659e-01	   6.3409635309585044e-01	   8.2031879455353107e-01	   5.3917644505556916e-01	   6.0576820940694220e-01	   2.4464890227358593e-01	   4.7467688311441059e-01	   2.1208179667630017e-01	   4.9318014153111073e-01	   4.2235359367598058e-01	   6.1630527818015790e-01	   4.8258501227380707e-01	   2.9950966623498936e-02	   1.2425947988599567e-01	   6.7706178709469633e-01	   2.9014222494411973e-01	   5.8307163060389255e-01	   3.6533632862059096e-01	   8.8157353694437035e-01	   7.7203509382822744e-01	   7.2843141931334232e-01	   7.2587889453827192e-01	   7.2415677067138740e-01	   6.2890045820698104e-01	   2.1280894431581848e-01	   1.4719954207489272e-01	   6.6212395879693098e-01	   5.8840331599212836e-01	   5.2157689163306831e-01	   3.2155952417428235e-01	   6.2219679755265600e-01	   5.2312686859382440e-01	   5.6653726680909011e-01	   4.4741549819210841e-01	   5.6993552216760746e-01	   4.6229299715503919e-01	   4.5457474716762569e-01	   2.0714364615153025e-01	   6.1041225346071937e-01	   5.4326224153377356e-01	   5.5418932734437276e-01	   4.2145146276748924e-01	   5.3561119312090810e-01	   4.7962153830503129e-01	   5.8052263196941545e-01	   5.1449270412288051e-01	   5.8657516879970539e-01	   8.3064178637116204e-01	   5.9929576821204844e-01	   4.3161690943660064e-01	   7.2516232232418609e-01	   5.7968049562016544e-01	   2.6572050856167796e-02	   1.1506368460972476e-01	   6.3966972226975716e-01	   2.5447400902947936e-01	   5.8849641525316343e-01	   2.8772994891735171e-01	   1.5367142463202119e-01	   1.1795259769694040e-02	   8.0286557804367908e-01	   6.7054580282537124e-01	   7.9427171393687557e-01	   7.1193241435064292e-01	   4.4838578404068186e-01	   5.1291890339514568e-01	   6.2475347449573093e-01	   5.0977188255514072e-01	   1.7870216875838296e-01	   5.9564519765634996e-02	   1.4262851883784289e-01	   2.1522217748735056e-01	   4.7091996707588124e-01	   4.1982519528116502e-01	   1.1451145210596278e-01	   2.2109016506209142e-01	   1.7148146680198867e-01	   2.1380536063199349e-01	   6.1043907252422502e-01	   5.4122196128920463e-01	   6.2328490910130485e-01	   6.3883954059997405e-01	   6.6903271782494689e-01	   6.5272974135754791e-01	   7.1237370241970988e-01	   7.3058984245496927e-01	   6.6006860170490378e-01	   6.6458515957362496e-01	   5.3871318804039570e-01	   6.8805581937722726e-01	   2.8372125334298876e-01	  -4.5278058584902713e-02	   6.5298745259649582e-01	   5.9854648443654757e-01	   5.1641672150434603e-01	   4.6933948421783184e-01	   4.7422177968008727e-01	   7.5237602967502315e-01	   3.3133878517289717e-01	   4.6415228725868990e-01	   3.5701210386323051e-01	   6.4812865058859770e-01	   2.2575174911266072e-01	   5.6468466938021367e-01	   1.9802414103029387e-01	   2.7607881022767206e-01	   5.8683178630590571e-01	   4.7321786894688855e-01	   4.6162718216864457e-01	   3.1081208182081183e-01	   2.4825816791297742e-01	   3.5068040783780074e-01	
   4.3614705039188656e-01	   3.5770507288751374e-01	   6.6544640230898244e-01	   0.0000000000000000e+00	   6.6558284878939322e-01	   4.8217058666992574e-01	   6.5979152951276543e-01	   6.7795549986356041e-01	   5.1979024239898008e-01	   2.8347827374299850e-01	   4.0592996279423865e-01	   5.3744322367594866e-01	   4.4831083145839523e-01	   5.9203891269242326e-01	   5.3080476593424097e-01	   5.0748871945999574e-01	   3.1132924488360630e-01	   2.6249804679067923e-01	   7.4042083175245987e-01	   5.6717862734346358e-01	   4.4231941763382371e-01	   3.6241119779115838e-01	   7.2186674731392830e-01	   7.8303875335948026e-01	   5.6428013336872285e-01	   6.6375234456797627e-01	   5.1404468571283291e-01	   5.5173351389558922e-01	   4.3844571152481093e-01	   4.1741965563089467e-01	   6.1394202375203555e-01	   6.4602151567198285e-01	   6.2155425778753703e-01	   6.1107877148004053e-01	   3.6062044720807274e-01	   4.0305532358719276e-01	   5.8759761347690564e-01	   5.6061486268160143e-01	   4.6613883704364006e-01	   3.9881348598137351e-01	   4.9866435201854348e-01	   4.5167557246343260e-01	   3.1582799238015058e-01	   3.2282852405917795e-01	   3.6478021814246225e-01	   3.5631207443234530e-01	   3.8051044680641716e-01	   3.8398862520692773e-01	   3.2826821729099054e-01	   4.5708425285586091e-01	   5.1535152583154242e-01	   6.7333572320047375e-01	   5.8062577597488363e-01	   4.0024550678304810e-01	   6.6408336120860734e-01	   5.8096221313963858e-01	   3.3034896771381564e-02	   1.0404612674860639e-01	   4.1002092022483727e-01	   3.2912229885265820e-01	   3.1411212343732164e-01	   3.7807091006593430e-01	   3.5024593851377578e-01	   3.1003579608740878e-01	   4.9370091382062742e-01	   5.6435482451897234e-01	   5.0907315751436211e-01	   6.2096830208440723e-01	   2.4929942203480293e-01	   2.8836777951678050e-01	   5.9058905128808270e-01	   5.7384438887198064e-01	   4.8899936915399073e-01	   4.1348582923425203e-01	   4.1607180419331702e-01	   4.4409840828559477e-01	   5.1033495537213647e-01	   5.0106624876648476e-01	   3.5262249542074270e-01	   3.9112728809737857e-01	   4.0641494547905205e-01	   4.1669712560963368e-01	   6.5889569345001731e-01	   6.4664597099022691e-01	   6.0696168589918598e-01	   6.9203132283526592e-01	   6.7054350473533220e-01	   5.9824986320051599e-01	   7.3320372982296778e-01	   6.8981874034697777e-01	   4.9720514269028215e-01	   5.0017498968460372e-01	   5.4216493470076321e-01	   6.1752923935389004e-01	   1.9851214901916600e-01	  -1.1248933594344632e-02	   4.4044365993286777e-01	   4.9846873009088788e-01	   5.7179952216530305e-01	   5.1466288242387825e-01	   6.4545398614322980e-01	   4.5914573558737604e-01	   5.2840607889309310e-01	   4.6299268065768612e-01	   5.0514336786036051e-01	   5.0852551254234446e-01	   2.6259525996965366e-01	   2.5254993455755437e-01	   8.8848851040716978e-02	   2.8632683264264369e-01	   4.7546561933394282e-01	   6.0517028715434940e-01	   5.5032844775080436e-01	   2.8249145856889091e-01	   1.9025214925467085e-01	   3.2868204330307399e-01	
   5.6824184824021928e-01	   3.8561593730274868e-01	   7.5853512022970659e-01	   6.6558284878939322e-01	   0.0000000000000000e+00	   7.6530163393871065e-01	   7.8923929128132464e-01	   7.2817006194867462e-01	   8.2041463617555022e-01	   4.7389532384051702e-01	   4.2707541517690251e-01	   3.1280065855634037e-01	   5.6355519885880268e-01	   4.7388741901678544e-01	   7.1777390275372932e-01	   4.9455270264223528e-01	   3.3744353558730605e-01	   4.1784357488359181e-01	   6.6195560795376607e-01	   4.0703551193991694e-01	   7.7620096181276876e-01	   6.1958638582591563e-01	   7.1273490874300116e-01	   6.2586859027734876e-01	   6.2736850843273495e-01	   6.9907177456692604e-01	   7.8169747294679859e-01	   7.2550247104509991e-01	   4.7321029476316567e-01	   4.2939811936291766e-01	   7.2017086561310673e-01	   6.6166595199579181e-01	   6.3879549969251248e-01	   5.3370469969035039e-01	   4.1182406923076581e-01	   5.2473399270975318e-01	   5.9507441138714012e-01	   5.2025549258554449e-01	   6.6613097856858361e-01	   5.1777855277442786e-01	   6.5380719234036566e-01	   4.0097333622236775e-01	   4.5037667806598569e-01	   3.8186281506337832e-01	   5.0751611710171496e-01	   4.5161737466405499e-01	   4.7584861722732358e-01	   4.5071330950622679e-01	   5.1490189543058473e-01	   5.9664804263474847e-01	   6.6540059312840072e-01	   7.1802320392002206e-01	   7.8877350587245720e-01	   5.9615168962790233e-01	   8.2476710518532670e-01	   6.6107648907613492e-01	   1.4359425103467957e-01	   2.2337071839831357e-01	   7.0463172312687528e-01	   4.3750468275691012e-01	   6.9993905134988910e-01	   3.7071180792150937e-01	   4.2350281251457333e-01	   2.8978494780947150e-01	   5.1881454051679188e-01	   5.2031702590800388e-01	   7.6642745335085072e-01	   7.5924781845946421e-01	   4.6209488345860916e-01	   5.1744178335229796e-01	   5.3421990686385312e-01	   3.9788992419028879e-01	   2.9274100273017967e-01	   2.1594178300643443e-01	   1.4327727817610086e-01	   2.5833532653351798e-01	   4.9771980446559344e-01	   4.7411664400525011e-01	   3.9791846793568930e-01	   4.4301648943268790e-01	   4.0927173151178670e-01	   4.3989528058616090e-01	   6.8070357526237424e-01	   6.2621361582654589e-01	   6.0672249002150269e-01	   5.4787653703454131e-01	   7.1781570197397748e-01	   5.7249997570695799e-01	   7.5159371690076771e-01	   6.5544669430594682e-01	   7.5004061754169671e-01	   7.6790245943322022e-01	   5.6451240263527458e-01	   6.4288372311008868e-01	   4.0828514146042405e-01	   1.4392603155873829e-01	   5.9310788228641109e-01	   6.2115052338887022e-01	   6.9771104566184250e-01	   6.9526315301992581e-01	   5.7426584771749312e-01	   5.7094593974043129e-01	   5.1795426159907232e-01	   6.4142696180568293e-01	   5.1790027787268089e-01	   6.9177040492844954e-01	   4.4172984310003854e-01	   5.1117002755642826e-01	   3.4569039372839339e-01	   4.6600734048616821e-01	   6.0655117277970971e-01	   6.7602023249880727e-01	   6.2387703449163434e-01	   5.4287989700414641e-01	   3.3586103964058128e-01	   4.3638881638870075e-01	
   7.1730673456943461e-01	   4.7303306683800772e-01	   6.3409635309585044e-01	   4.8217058666992574e-01	   7.6530163393871065e-01	   0.0000000000000000e+00	   7.7715999221674048e-01	   7.4081395878966272e-01	   7.5919756621751944e-01	   6.8361243476028888e-01	   5.9405739424433590e-01	   3.7275682309464209e-01	   5.6148813868319869e-01	   4.6202234873936809e-01	   7.8871948382830759e-01	   6.5886190968929037e-01	   4.6013713221854136e-01	   4.3807924426745548e-01	   6.3540004791443061e-01	   4.5369316977232027e-01	   7.5974942678225066e-01	   6.2114953469769185e-01	   6.2851944198344645e-01	   5.0056435337106220e-01	   5.7676832049318705e-01	   6.4105989723447143e-01	   7.0540616267948664e-01	   6.5032850620506255e-01	   5.9791212149059858e-01	   5.0688547511494653e-01	   7.2010994815804463e-01	   6.5540396966151282e-01	   7.2892826068010974e-01	   6.1844753423032206e-01	   3.3618847130967389e-01	   5.0459584341177621e-01	   6.0020506160965337e-01	   5.0922538351503754e-01	   7.4084396671947439e-01	   6.2812511169393970e-01	   6.2215316751305538e-01	   3.5133070016330259e-01	   5.4899114500065294e-01	   4.3515935249345272e-01	   5.2368416994185818e-01	   4.2883586745996966e-01	   5.3259326859687861e-01	   4.5763902677688661e-01	   5.1249529752393030e-01	   5.6230684056547187e-01	   6.6030311551394405e-01	   6.1517096010353733e-01	   6.8094112490313297e-01	   5.7058277053675732e-01	   7.0519311984210131e-01	   5.9956443269483661e-01	   3.1408109532901018e-01	   3.6335530323379250e-01	   6.2499842786093929e-01	   2.8576940464342304e-01	   7.3656677049757269e-01	   5.8642093395962647e-01	   4.2681640553874978e-01	   2.7473876865684022e-01	   5.1008657756890385e-01	   5.6245482608726416e-01	   7.1919899192849102e-01	   6.5212181023567750e-01	   5.8207250691066559e-01	   6.2040225855755649e-01	   6.0004011542248414e-01	   3.8626749292123697e-01	   2.5417410463319462e-01	   2.8834556494010921e-01	   1.0958571161886003e-01	   1.9792878159049285e-01	   4.2370776540538985e-01	   3.8815644719641496e-01	   4.6609786753733273e-01	   4.8137202393456135e-01	   4.8618502971537192e-01	   4.7878875022511158e-01	   6.1279188383147309e-01	   5.9007684463485122e-01	   5.8811298133728185e-01	   5.3220407684087090e-01	   5.3291353315126777e-01	   4.6895746129933569e-01	   6.7296116560533537e-01	   6.7283767034215425e-01	   6.2743234056351938e-01	   6.5007795483344755e-01	   5.1547535230825414e-01	   5.0385457775394782e-01	   4.0255699500469549e-01	   2.4539650314358336e-01	   6.4490698361872534e-01	   6.0593995885107121e-01	   6.8466033389979031e-01	   6.3385836135174523e-01	   4.5482149697494845e-01	   3.2121198729354061e-01	   4.0072672663279918e-01	   4.7824967505840682e-01	   4.7036548850799847e-01	   6.6992277863557581e-01	   3.6908600765161137e-01	   3.8183675988301569e-01	   3.0374909266363748e-01	   4.4118083268716435e-01	   5.7524514536094329e-01	   6.4335677059638852e-01	   6.4070080712729705e-01	   5.6908309373941046e-01	   4.8340658677899329e-01	   4.1769245369335900e-01	
   4.5102503587878257e-01	   2.3222191981492674e-01	   8.2031879455353107e-01	   6.5979152951276543e-01	   7.8923929128132464e-01	   7.7715999221674048e-01	   0.0000000000000000e+00	   7.7504758729746104e-01	   8.5354795879916923e-01	   5.7830352818048292e-01	   5.3986321264692327e-01	   3.4230011486620920e-01	   6.5870774276830757e-01	   5.0881680130816487e-01	   7.7659425435335683e-01	   5.8239592283186914e-01	   1.8862484162984788e-01	   2.7228615134837697e-01	   7.8599568282582855e-01	   4.3336386093533902e-01	   6.0251637019686177e-01	   4.4974028162339896e-01	   8.3254991869482076e-01	   6.6882823183665996e-01	   5.5862505079452673e-01	   6.3953017082710795e-01	   5.7168009839600509e-01	   5.3132320865976213e-01	   4.4653042206440741e-01	   3.7272830851245159e-01	   7.1740968672700123e-01	   6.6600030700273827e-01	   6.3446231797001740e-01	   5.1407567998273229e-01	   4.6504353896301898e-01	   5.1741873797133797e-01	   5.6602824692617559e-01	   4.6349335359926891e-01	   5.7287582876886523e-01	   4.7797061843012917e-01	   5.1510560843835462e-01	   2.8461210798111802e-01	   4.0406006731686483e-01	   2.9410400987823415e-01	   4.2426921921475635e-01	   3.5326689306384718e-01	   3.4655935363303164e-01	   2.9181432616570124e-01	   4.1087286513808685e-01	   4.7643975334934074e-01	   5.4371938800348796e-01	   6.7366024238250777e-01	   6.0029928364598550e-01	   4.0645619291978963e-01	   6.4857852487916245e-01	   5.3014775096732281e-01	  -8.7864533443869963e-02	   4.5546004354342182e-02	   5.5437250083174716e-01	   1.6677576708023314e-01	   7.1932722634612944e-01	   5.1325875639107299e-01	   3.1376740504381950e-01	   2.0867895785189705e-01	   7.0391852003680477e-01	   7.1515470169925055e-01	   6.9301667842937953e-01	   6.9397896938216808e-01	   2.8591198564517761e-01	   4.0457872049129751e-01	   5.9741338409502454e-01	   5.0680678459826567e-01	   2.8639120683102787e-01	   2.5681988694056690e-01	   1.8131439382016279e-01	   3.1653009685522104e-01	   4.4003481048527326e-01	   4.2583885577547431e-01	   2.0166983946428371e-01	   3.0717641788685773e-01	   2.6651264513370471e-01	   3.2558190159408185e-01	   6.2753477036433680e-01	   5.7853996601434166e-01	   5.9641570950822398e-01	   5.9797073597991246e-01	   5.8554873316902112e-01	   4.4487680498220317e-01	   7.1984829945933215e-01	   7.7028044549927088e-01	   7.1824515906005115e-01	   7.2566467465875772e-01	   6.3130815862017509e-01	   6.8507670206828508e-01	   2.9091659841658180e-01	   6.0379528704028712e-02	   5.0985670968376717e-01	   5.3319234866936416e-01	   6.1086707898767800e-01	   5.7220226073128189e-01	   4.8461088135284713e-01	   5.2212907870216574e-01	   3.7650193492610606e-01	   5.5070086664583129e-01	   4.7657399986806154e-01	   6.2920084557134026e-01	   2.0459682854952868e-01	   4.3174719716429311e-01	   2.1239521755957508e-01	   3.9149280414508358e-01	   5.7326332810447322e-01	   6.9509149445456142e-01	   7.1601766250808829e-01	   5.6593299205604319e-01	   4.5245220816850495e-01	   3.5821887064554014e-01	
   4.5650720962886249e-01	   3.9806828306844111e-01	   5.3917644505556916e-01	   6.7795549986356041e-01	   7.2817006194867462e-01	   7.4081395878966272e-01	   7.7504758729746104e-01	   0.0000000000000000e+00	   7.7870154647844791e-01	   7.4285949467931489e-01	   4.2394796083288977e-01	   5.2596271985446685e-01	   4.8651673428888631e-01	   6.1317210408614009e-01	   7.5088696895467044e-01	   6.6549266407520058e-01	   4.1871821897382699e-01	   4.6695531014786917e-01	   7.2478697304817752e-01	   5.4747171851691012e-01	   5.5617211373623709e-01	   4.4892984480542358e-01	   6.5312099570933990e-01	   5.9624976565980226e-01	   5.1594098651970566e-01	   6.3913856584149042e-01	   4.9329187700354582e-01	   5.1082282646064447e-01	   6.5099671293771555e-01	   6.2726749049667452e-01	   6.5135822862207027e-01	   6.9559280482349073e-01	   6.5747684402283069e-01	   6.4560028150177318e-01	   2.7862464358804606e-01	   3.9721534893885102e-01	   6.1063268821048489e-01	   5.4918006127812946e-01	   6.6258188960720310e-01	   5.3985666668171017e-01	   6.0847802114199578e-01	   4.5801072816362087e-01	   2.4930585889308388e-01	   1.9926374125398144e-01	   3.7789285887698604e-01	   4.1029893778128279e-01	   3.2470705459192140e-01	   3.3307104236893792e-01	   2.5885303679887767e-01	   5.2411243508346872e-01	   5.0377732687488874e-01	   5.4299333025242902e-01	   5.8296173498293324e-01	   3.9036012479294357e-01	   6.8314540020090031e-01	   5.9079887344274440e-01	   6.8399413358209205e-02	   1.4922442661113078e-01	   3.9954564776189194e-01	   3.1679172442491782e-01	   5.2633745333271420e-01	   7.3364398005352083e-01	   3.0665480050439675e-01	   3.4365819275324899e-01	   4.3462935600831321e-01	   6.4460214155579110e-01	   5.3713621375724163e-01	   6.2738603687906047e-01	   2.6923815571415899e-01	   4.1577349201324698e-01	   3.8185555409321248e-01	   3.7788289920508344e-01	   3.4989945285188734e-01	   4.3423719767856972e-01	   2.1995528995756414e-01	   3.7915056660367707e-01	   3.2246282564959822e-01	   4.0545185925595084e-01	   4.6754281581519508e-01	   5.0991003390763245e-01	   5.2223089734098749e-01	   5.1205751329521054e-01	   6.9645460931977399e-01	   6.5430912217682113e-01	   6.4539392109809390e-01	   5.8258193032570627e-01	   6.0583681430841441e-01	   4.3592068935718370e-01	   7.8681727398854262e-01	   7.0370170867095094e-01	   6.2258488840841120e-01	   6.2079671838487371e-01	   6.2405967779085414e-01	   5.6564716493034739e-01	   3.8418065360419063e-01	   1.6424168412783924e-01	   4.6199350409441248e-01	   5.1516600802764900e-01	   6.5635997408684899e-01	   5.9817838900250875e-01	   6.3084687717950505e-01	   2.6481397115681143e-01	   5.0774696023869081e-01	   5.3691818433503857e-01	   6.0104341612035483e-01	   5.8715369130935602e-01	   3.9410579216775732e-01	   3.0023422574781344e-01	   2.7574070695199815e-01	   3.6243070884715062e-01	   4.9583228504328436e-01	   7.7216641824326282e-01	   7.2678888405837949e-01	   6.5781385095832834e-01	   4.7517277573707367e-01	   4.6046074819794958e-01	
   4.9640508190054045e-01	   3.1546688258481814e-01	   6.0576820940694220e-01	   5.1979024239898008e-01	   8.2041463617555022e-01	   7.5919756621751944e-01	   8.5354795879916923e-01	   7.7870154647844791e-01	   0.0000000000000000e+00	   5.9864831803859220e-01	   5.1650542249562026e-01	   3.6306197784996364e-01	   6.0866825358821541e-01	   5.0364383624707887e-01	   7.5896684901933797e-01	   4.9134468765545319e-01	   2.7868496696670791e-01	   3.9424492780428899e-01	   6.7521676592216684e-01	   4.0835129833773898e-01	   6.8421873775140896e-01	   6.0183273558751216e-01	   6.7765011834090738e-01	   5.3189659390997956e-01	   4.5503169762033219e-01	   5.5730273517222539e-01	   6.1227207112285487e-01	   6.2379067910575725e-01	   4.9220106442876482e-01	   4.2852965647726604e-01	   6.6627005131675299e-01	   6.1858846249925248e-01	   5.9759346080136910e-01	   4.8595673606261575e-01	   3.4464744069330844e-01	   5.2358311389935164e-01	   4.9792809445400593e-01	   3.9727009201963104e-01	   5.5649473147407025e-01	   3.9649259226755595e-01	   5.3404594437398667e-01	   3.3391576823258068e-01	   2.9479855328613003e-01	   1.9282441488789903e-01	   3.6075363577248298e-01	   3.7430259998032978e-01	   2.6208264793514513e-01	   2.4744592332836951e-01	   3.4107343210215957e-01	   5.4508153652402580e-01	   5.2788228782185831e-01	   5.8790558340252630e-01	   6.1573019030476150e-01	   4.6647653252809962e-01	   5.8065252793259026e-01	   4.9432907444302887e-01	  -4.0285646277490809e-02	   8.7655987059643448e-02	   5.7489823089091230e-01	   3.5520908449868560e-01	   7.2125417324890906e-01	   4.7479203616088977e-01	   3.3805522094386875e-01	   2.5902237104829945e-01	   4.7693508441255361e-01	   5.9791845316598147e-01	   6.0896496941864453e-01	   6.6037163587666958e-01	   2.8461035007271657e-01	   4.1126494732346341e-01	   5.6740302079233396e-01	   4.4362642723613555e-01	   3.4602382689147343e-01	   3.3796502462287481e-01	   1.9059280169848880e-01	   3.0521979536209320e-01	   4.4480882290652146e-01	   4.4720195447459893e-01	   3.1728312672890213e-01	   3.3652640729462135e-01	   3.1015899050180662e-01	   3.6913373440366137e-01	   5.6998256277876191e-01	   4.9856013483653655e-01	   5.1255085728728489e-01	   4.5032267191782116e-01	   5.6202828598180588e-01	   3.1544132642261846e-01	   6.5607068692007253e-01	   6.3295055367768593e-01	   7.2447614674011751e-01	   7.5645897698249476e-01	   5.8249415402263582e-01	   6.6237076065698508e-01	   3.5017058900271258e-01	   1.9787054897620171e-01	   4.4633603796922616e-01	   5.3487007572975720e-01	   6.5268444473617582e-01	   6.2592381929922825e-01	   4.3520262269937249e-01	   4.2801384673123927e-01	   4.7210258685177298e-01	   6.4106629698448048e-01	   5.1833866379887561e-01	   6.3436823910842699e-01	   3.0316233765870693e-01	   4.1422102649463421e-01	   2.6106659904832141e-01	   4.8036472168755973e-01	   5.8950927783564233e-01	   7.4272287491546463e-01	   7.4034553736992104e-01	   6.5473013365562915e-01	   5.1980162055078760e-01	   4.2816712748659147e-01	
   3.5453257913693703e-01	   3.6242475996322510e-01	   2.4464890227358593e-01	   2.8347827374299850e-01	   4.7389532384051702e-01	   6.8361243476028888e-01	   5.7830352818048292e-01	   7.4285949467931489e-01	   5.9864831803859220e-01	   0.0000000000000000e+00	   3.6816363395428064e-01	   4.2315291489640994e-01	   4.8488185159391961e-01	   4.4607954499361652e-01	   6.6597704799731061e-01	   7.0272311013718725e-01	   4.5762839762257923e-01	   5.0885000006309444e-01	   5.4288241181093788e-01	   5.1792529106245500e-01	   5.1416074727161831e-01	   4.1478062185610642e-01	   3.3356351921547195e-01	   1.9323806263215138e-01	   2.5551635702217224e-01	   3.6752763778034081e-01	   2.6135883359724982e-01	   3.0166879598733815e-01	   6.7532755146628953e-01	   6.5049253429289400e-01	   4.9510779594594323e-01	   5.0534497171675341e-01	   5.7568761283147540e-01	   5.9272404727279349e-01	  -6.1796097935118519e-02	   4.7837781607105598e-02	   3.3251172595652556e-01	   3.3630895471202632e-01	   4.3119129598274786e-01	   2.8384353785726490e-01	   4.1860326353962968e-01	   3.0299907679143973e-01	   1.6756462554009319e-01	   9.1822197160787392e-02	   2.2824427435810857e-01	   2.5751799814494092e-01	   2.3587573343208906e-01	   1.8776076563199098e-01	   2.3669311408344804e-01	   4.0282715327595958e-01	   4.3736204813538948e-01	   2.8871629708642926e-01	   4.8618370516752907e-01	   3.8379797978423652e-01	   4.4688662438601012e-01	   4.1388151311287880e-01	   1.0977680619721947e-01	   1.9937277899834616e-01	   2.4878686237105552e-01	   9.4123840889520999e-02	   5.0691803314912454e-01	   7.2560704033085321e-01	   4.3832576528643696e-01	   4.9387681961954422e-01	   1.2950834008687562e-01	   3.2554522613136011e-01	   3.0461475278966627e-01	   2.7911047458999155e-01	   2.3462886064261274e-01	   3.5785839495795901e-01	   2.7293755634652184e-01	   2.7215595745953369e-01	   3.2419679269867763e-01	   4.9048106032787098e-01	   1.8652038958809644e-01	   3.1187175847710796e-01	   1.2394989030714570e-01	   1.8978776311155943e-01	   3.6195666754840805e-01	   4.2657218963495780e-01	   4.7119515977828991e-01	   4.3954049240705256e-01	   4.2643531951567470e-01	   4.7023458399554485e-01	   4.1456366648944742e-01	   3.1491057323567995e-01	   1.4211224774331052e-01	   9.5570073369579220e-02	   4.1048828269803461e-01	   4.0139910474467189e-01	   4.6791522597383312e-01	   4.1130043456541165e-01	   4.1831243143482000e-01	   2.4117359546254546e-01	   2.6015005968974186e-01	   1.5124143880628560e-01	   2.3878559741893840e-01	   2.8337149383687071e-01	   5.1549383029260998e-01	   5.3147893729711548e-01	   2.9790605955825467e-01	   1.3821863288315989e-02	   2.8945618026598707e-01	   3.7200125052242550e-01	   3.9092840211495100e-01	   3.7246100935054488e-01	   2.5753009336126170e-01	   2.4514978573915003e-01	   1.8372691274458494e-01	   2.3619638187623287e-01	   1.7178042233416579e-01	   5.1909599467354783e-01	   5.1568421179784052e-01	   5.9162233627649119e-01	   5.0233164867253965e-01	   2.3221617950419254e-01	
   6.7062701756712784e-01	   4.7128609702697677e-01	   4.7467688311441059e-01	   4.0592996279423865e-01	   4.2707541517690251e-01	   5.9405739424433590e-01	   5.3986321264692327e-01	   4.2394796083288977e-01	   5.1650542249562026e-01	   3.6816363395428064e-01	   0.0000000000000000e+00	   6.1154824722563705e-01	   7.0514776798398926e-01	   5.6128571732294497e-01	   6.7453550094512293e-01	   5.7749306728322636e-01	   4.0641204510554474e-01	   2.7800204562447295e-01	   6.8323027658022839e-01	   5.1276825395545944e-01	   4.8232734992276738e-01	   4.7072138097225302e-01	   5.5945551062216237e-01	   4.1944673839720154e-01	   2.8618660362610104e-01	   3.9099409390530082e-01	   4.7556740218390420e-01	   4.4300330099405488e-01	   4.5852091391367750e-01	   2.8908306863478161e-01	   3.7046360904148090e-01	   3.0009437749824852e-01	   5.5771623522815794e-01	   4.2319391107418158e-01	   2.1788894347091242e-01	   2.7403032054126442e-01	   4.1611573766738058e-01	   2.9643549098477218e-01	   4.3544518769363300e-01	   2.3369014946421865e-01	   3.5433229872927452e-01	   1.8318781608709889e-01	   3.1275578879733151e-01	   2.5859529770993794e-01	   2.9609647082171453e-01	   2.7308015187886647e-01	   2.9192733540160709e-01	   2.3040802387714709e-01	   2.8814122816004450e-01	   3.9631703952662961e-01	   3.3592395313931300e-01	   4.3660698190698455e-01	   4.1754602536544566e-01	   3.8466935302005900e-01	   3.6016544529761008e-01	   3.5551219201940881e-01	   1.4799626972491980e-01	   2.0881036856900925e-01	   4.6994393561198322e-01	   3.5490635182407748e-01	   5.6051569131159895e-01	   5.0906732852890180e-01	   3.6577456976409584e-01	   2.7296386722047594e-01	   5.1529285216817911e-01	   5.3641755579817929e-01	   3.5323539540082904e-01	   3.1023470521944141e-01	   3.1511374670826908e-01	   2.7329375140565354e-01	   5.4225474937232099e-01	   2.5926988380760208e-01	   1.3605992123381991e-01	   1.7906917950090379e-01	   1.5306997934984648e-01	   4.0235829804204058e-02	   2.7006826665960038e-01	   1.4238944442504609e-01	   3.3108463757312928e-01	   3.7243758991332332e-01	   3.7518883999807912e-01	   3.9804372826428958e-01	   5.2758361882674032e-01	   4.5544706675421165e-01	   6.1911603338062826e-01	   6.2226011593021635e-01	   3.4422109670609430e-01	   3.4254752436258618e-01	   5.7198591094334017e-01	   6.1773483760514281e-01	   3.4291488471102827e-01	   3.5782732486986579e-01	   3.6319168632519228e-01	   3.9066228463711078e-01	   8.3694776844645959e-06	  -9.7872944018114368e-03	   1.9032336560413887e-01	   2.0427501957327124e-01	   3.7818056423060953e-01	   2.5014626264723971e-01	   1.5513663224822871e-01	   3.9481128873886573e-01	   8.8052628749218848e-02	   1.6981149001354440e-01	   1.5293714795934657e-01	   3.2857011477435660e-01	   1.4520093696732858e-01	   2.2554862672916365e-01	  -6.2521479457389589e-02	   1.4636204517179005e-01	   2.5364949296970518e-01	   4.2578930293512374e-01	   3.6703839082632228e-01	   1.5906918487620958e-01	   2.3971075875238712e-01	   1.8927350444055441e-01	
   3.6098817341739842e-01	   4.9579251201645291e-01	   2.1208179667630017e-01	   5.3744322367594866e-01	   3.1280065855634037e-01	   3.7275682309464209e-01	   3.4230011486620920e-01	   5.2596271985446685e-01	   3.6306197784996364e-01	   4.2315291489640994e-01	   6.1154824722563705e-01	   0.0000000000000000e+00	   5.5418150744232253e-01	   8.4112208081424455e-01	   6.3477088498104373e-01	   7.2198962426980073e-01	   5.9996214816306481e-01	   5.3768812221739082e-01	   6.8757088537642341e-01	   7.5878589874846203e-01	   2.9896697165333247e-01	   2.8514035579445246e-01	   4.3076621525458114e-01	   4.3458459175450559e-01	   2.3621040206207461e-01	   3.8742286763988842e-01	   2.5695798146422921e-01	   3.1441240072070842e-01	   7.3650871009732499e-01	   6.7240636101840612e-01	   4.3037200384053886e-01	   4.8319115478724584e-01	   5.9338080328754628e-01	   5.8993392252029553e-01	   1.3460955042551853e-01	   1.7272584480031375e-01	   3.5979989583280725e-01	   2.4225406384692649e-01	   3.5089651303457559e-01	   1.6518319957769548e-01	   3.4627175927495019e-01	   4.3524969235846478e-01	  -2.1140512723457058e-02	  -7.5337658856202624e-03	   8.8662452402865105e-02	   1.4355201135666742e-01	   7.3590066098909265e-02	   3.8876412369555642e-02	   1.5264778068350898e-02	   2.6871931058912674e-01	   1.9260847429545710e-01	   2.3570394782752935e-01	   2.8807409286768992e-01	   1.6284904399737121e-01	   2.8172086102619720e-01	   2.1563574529014429e-01	   1.0079350234987872e-01	   1.0593740945046586e-01	   1.4963344807467999e-01	   2.9763047805544185e-01	   2.3160976471939337e-01	   5.8651221788553420e-01	   3.8903689634415317e-01	   4.7149843725485663e-01	   2.9402133318197249e-01	   4.8705145861470578e-01	   8.3542626305462067e-02	   1.5509439174839829e-01	   5.3014198916381081e-02	   1.0944634079507269e-01	   2.9541556486436771e-01	   2.0141425644614261e-01	   4.6889139965978066e-01	   5.5306952379432284e-01	   4.8946210883464358e-01	   4.6195628034079550e-01	   2.7577687265326989e-01	   2.8646838686989229e-01	   5.3070521408121618e-01	   5.4541464067364165e-01	   5.5205748962900536e-01	   5.2839014717452093e-01	   5.8605883514278456e-01	   6.2404348840148671e-01	   5.8754357100760712e-01	   6.2412283863858642e-01	   2.0923324514551273e-01	   2.0815699399777016e-01	   5.1255944646356011e-01	   5.2463264760572625e-01	   2.3254447422442659e-01	   1.6661632410488086e-01	   5.3914458676781740e-01	   3.7457100250248243e-01	   9.2161123811481865e-02	   1.6083427556517974e-01	   8.2209725930026206e-02	   1.9832109483873578e-01	   3.5272398957233991e-01	   2.3874613424201085e-01	   3.3669463610731110e-01	   1.1538593515614931e-01	   1.9029047785092507e-01	   1.6845698678040072e-01	   3.4933799008179611e-01	   2.3625744329423232e-01	   2.7476934198032027e-01	   3.0379320845653892e-02	   6.0723343983911063e-02	   1.1693723337859963e-01	   6.3501476957888436e-02	   4.5391589254321091e-01	   3.8486324959124513e-01	   3.1250182277787752e-01	   3.7089312097015842e-01	   2.5891192202157237e-01	
   3.7503466167825528e-01	   1.8249446042757744e-01	   4.9318014153111073e-01	   4.4831083145839523e-01	   5.6355519885880268e-01	   5.6148813868319869e-01	   6.5870774276830757e-01	   4.8651673428888631e-01	   6.0866825358821541e-01	   4.8488185159391961e-01	   7.0514776798398926e-01	   5.5418150744232253e-01	   0.0000000000000000e+00	   6.8953792307292461e-01	   8.2259206532291151e-01	   6.4154769728348859e-01	   3.6377945088954272e-01	   3.9646446640201516e-01	   6.2976395487367109e-01	   4.6619821073742362e-01	   5.3393799068344516e-01	   4.7853973678421347e-01	   6.2357236638231051e-01	   4.5071632402083228e-01	   3.0299684406092320e-01	   4.1546832583442317e-01	   4.5908921582589601e-01	   4.6924634652638941e-01	   6.0135350788769026e-01	   5.2715226061987308e-01	   6.0016149322546164e-01	   5.4043395332975430e-01	   5.7454677310766522e-01	   5.0058993439127342e-01	   3.0028941407708826e-01	   3.5371857314896610e-01	   4.8082180992909590e-01	   4.0446307574416768e-01	   4.4226635630226840e-01	   2.6606852481830123e-01	   4.9989693276431030e-01	   3.3153195459182128e-01	   7.4178648027271893e-02	  -6.4698897340002282e-03	   9.7700742955682499e-02	   6.8289601251681945e-02	   7.8789537207266974e-02	  -5.0628657905744988e-04	   1.8265033419854065e-01	   2.7791078786921231e-01	   3.0296410931203749e-01	   3.0400192407101179e-01	   4.8477489125430512e-01	   3.9085614981057226e-01	   4.5887015211836002e-01	   3.0302007076546389e-01	  -1.2059998190452351e-01	  -4.5131904153000217e-02	   4.6891056384626106e-01	   2.3921405698613230e-01	   6.5987616095292290e-01	   4.6372947999859504e-01	   5.4236633367643350e-01	   5.2338049396364439e-01	   4.6749209443349538e-01	   5.0962888890649083e-01	   3.4801813174711049e-01	   2.8911983021993221e-01	   9.6802393901409600e-02	   1.4081074289304726e-01	   4.4288736854663496e-01	   2.4268288031127322e-01	   3.1655267284486349e-01	   3.1177376013904473e-01	   3.6140340290843503e-01	   3.2156117789304733e-01	   4.4030983751133412e-01	   3.9713871121993954e-01	   2.3929809367336072e-01	   3.4756961187208751e-01	   2.5397779288924577e-01	   3.1857663945750730e-01	   5.5109323921181574e-01	   5.6718573569978137e-01	   4.2259085771524224e-01	   4.0217571066165991e-01	   3.2637114809720030e-01	   2.0497850014707872e-01	   4.9260267599856772e-01	   5.0344602441840847e-01	   4.7342931405036270e-01	   4.2517234027420003e-01	   4.7629242739032451e-01	   5.1951859821713264e-01	  -1.4553219187792574e-03	   1.0647318027891473e-02	   1.2434212485969250e-01	   1.6120709248110265e-01	   3.9944357950200943e-01	   3.7141810377539974e-01	   1.6555462207335325e-01	   3.7834865328369677e-01	   1.6250823137083464e-01	   3.6478841022843678e-01	   2.8878198724637044e-01	   3.8056533614172883e-01	   1.9463466356200515e-01	   1.4733694398907843e-01	   1.6796927703448511e-02	   1.6213881714278303e-01	   7.6971112562652988e-02	   4.4445578690315313e-01	   4.2687160327012130e-01	   3.2998892285180886e-01	   3.8254537306029823e-01	   2.2800185982553683e-01	
