   0.0000000000000000e+00	   4.9200959981266934e-01	   5.0076330892434884e-01	   3.5565553985425891e-01	   3.5280794203323079e-01	   6.0635612615323672e-02	   6.0662716273477901e-01	   4.0027777857142088e-01	   4.7843244240545024e-01	   3.5633924613662216e-01	   7.2046215031139160e-01	   5.7823976761527085e-01	   6.4425474706292607e-01	   5.3164381105171210e-01	   3.6898638170157994e-01	   2.3452037927489483e-01	   1.4007082333257237e-01	  -1.1987282014677341e-02	   5.3974014358053213e-01	   2.5974071682192196e-01	   1.9883157984229641e-02	  -3.9164479713582237e-02	   3.7736720365586174e-01	   3.4645079979348020e-01	   4.0039977601622712e-01	   3.7455112303299853e-01	   4.3910811288339935e-01	   1.9435381673725505e-01	  -2.2191576311817879e-01	  -2.4029338924954108e-01	   1.9771710302538270e-02	   4.5819882682988394e-02	   3.4103891502352718e-01	   2.9897538376416244e-01	   3.3555648915474123e-01	   3.9562874329324038e-01	   2.5374100163264038e-02	   7.0004731287466093e-02	  -2.6353332332783669e-01	   8.5468435032812817e-02	   6.3689423097687825e-02	  -7.0745115461112520e-02	   4.7965920603364454e-01	   3.7268730823449464e-01	   4.4821169779726738e-01	   4.7321184184508358e-01	   4.3435055072235063e-01	   4.2970749083297988e-01	   4.6631527185462651e-01	   5.8434912475611811e-01	   6.0969852994806728e-01	   6.4927146295135973e-01	   4.9517172916553698e-01	   3.8128902856111457e-01	   5.7299926829401648e-01	   5.4466310902478277e-01	   2.4977908061484172e-01	   1.7379796871586539e-01	   7.1067554810754530e-01	   3.9451725325490095e-01	   7.2566303494099549e-01	   4.9537652971093893e-01	   4.0721866818164909e-01	   8.2331436001655614e-02	   5.3077738018864340e-01	   4.1788188331331838e-01	   6.4409860530714880e-01	   5.4007323793100703e-01	   3.5177075366390254e-01	   3.4996446464638448e-01	   3.1804314089011276e-01	   2.6054177144810792e-01	   3.0953825707966687e-01	   2.5938645487773754e-01	   3.6604059710655579e-01	   3.0895830720196366e-01	   4.1724752863644721e-01	   2.9376453218270182e-01	   4.8488611170740079e-03	  -1.1989677373223746e-01	   1.9466259291277757e-01	   2.3294392189305738e-01	  -6.8596636959232266e-02	  -6.3125892720872087e-02	   5.1295017662992848e-01	   5.9733361521319850e-01	   1.8188249063073791e-01	   2.5326831983933268e-01	   6.0996349424294660e-01	   6.3734581340995555e-01	   5.4870879909499570e-01	   6.0181004630173585e-01	   4.2083634203578613e-01	   6.7143016732907157e-01	   5.3036457091719047e-01	   1.9772490936633536e-01	   5.7094413210121320e-01	   5.3187773019486928e-01	   4.8933043029611023e-01	   6.0551491219706766e-01	   4.8576762240317728e-01	   6.1073627618951676e-01	   4.0091422210922395e-01	   5.1922576444814550e-01	   2.5782934394170454e-01	   5.1248169791781772e-01	   3.5850548807050875e-01	   3.4739884098174650e-01	   3.5019749348941220e-01	   4.9446436623595530e-01	   5.6022132630565391e-01	   3.5995798601348167e-01	   3.9212393829599723e-01	   3.9851466316120687e-01	   4.6458375563869003e-01	   3.1807684303486872e-01	
   4.9200959981266934e-01	   0.0000000000000000e+00	   3.5877635327831781e-01	   1.9415728752950673e-01	   3.3679137839283424e-01	   3.5449279190335115e-01	   1.8501538788009569e-01	   1.5792938149929872e-01	   1.9892602687031888e-01	   2.6609370865477661e-01	   2.1994729429650331e-01	   3.9942792104797942e-01	   3.4958943960048255e-02	   1.7549248401319106e-01	   3.7533754502237404e-01	   2.8929592308994168e-01	   7.1910913092085460e-01	   7.0169824301374462e-01	   4.4206733237789630e-01	   4.6940082048883702e-01	   5.0560540258038034e-01	   4.9204260526635646e-01	   2.9477261843353236e-01	   2.1654793790844157e-01	   2.3877977188053368e-01	   2.6504491946361347e-01	   3.7245978883866271e-01	   4.3270875296249034e-01	   2.8743013481920371e-01	   3.4513257582144624e-01	   1.2323244331279637e-01	   1.0447567273038928e-01	   4.5347989283947654e-01	   4.2297319202835837e-01	   1.3935415785180080e-01	   2.4206157546168644e-01	   2.0377102386641177e-01	   6.0559399117906154e-01	   3.1747950421281534e-02	   3.3101902844452624e-01	   1.6875003058715354e-01	   2.5020788829621660e-01	   4.1376510556961238e-01	   4.3809361954305093e-01	   3.9091168121158021e-01	   4.7251141823850273e-01	   4.5141484049453040e-01	   4.7323957940808237e-01	   4.0138125823088316e-01	   4.1485254159168655e-01	   4.8106801116468878e-01	   4.4610347013791241e-01	   6.6673753505780786e-01	   7.1749639949159150e-01	   5.5549116740788818e-01	   5.3918944993058382e-01	   6.7021865983015227e-01	   6.5540529060524300e-01	   5.2719495535800420e-01	   5.1819914443454673e-01	   5.3817535287400453e-01	   4.9284937221006220e-01	   5.3139065405501329e-01	   6.4065708390672216e-01	   1.1576984213569619e-01	   1.1987772505281027e-01	   4.5017700796652704e-01	   3.5509049908665402e-01	   5.0393964501423427e-01	   5.2850291964434171e-01	   2.8518127035299323e-01	   1.9449438686815002e-01	   3.9347839396782647e-01	   3.7312531361521795e-01	   2.4317525055748312e-01	   3.2111181404140587e-01	   1.6261377161491558e-01	   2.2095812961831240e-01	   6.1512551363016266e-01	   5.2367326502678346e-01	   8.1504139542866205e-01	   7.9725795186861448e-01	   5.8564639831065324e-01	   5.0353957145760664e-01	   5.5317547677192491e-01	   5.8004128625551066e-01	   4.2464797226851658e-01	   4.0691756777100252e-01	   2.8788316906925521e-01	   3.8203113801020405e-01	   3.3817869584948074e-01	   1.7698812017544086e-01	  -9.3566408604902410e-03	   1.4235342752200475e-01	   4.0982839896082424e-01	   4.5438341969204599e-01	   3.7665854602494464e-01	   4.3031375145670192e-01	   4.2113289622100242e-01	   4.1422171820176701e-01	   2.8439647164685722e-01	   9.5458709603540651e-02	   2.1409648970698308e-01	   2.2849227100578389e-02	  -8.2831466926331407e-02	   1.4509580963033447e-01	   2.1629297621550286e-01	   1.5873764700115683e-02	   3.0564618930289444e-01	   4.7360040724977537e-01	   2.4890498450986348e-01	   1.5233244148507707e-01	   8.5281959973161042e-02	   2.0393345409592334e-01	   1.1661565654298635e-03	  -5.0838163402608300e-02	
   5.0076330892434884e-01	   3.5877635327831781e-01	   0.0000000000000000e+00	   4.5760298750439365e-01	   5.2583862460738628e-01	   2.5686533774060988e-01	   7.5458421209551951e-01	   3.4630896285559731e-01	   4.6489055631884602e-01	   3.7689326857773536e-01	   2.7221631578852956e-01	   2.3945619256180020e-01	   1.0751257087405355e-01	   9.5945646062211842e-02	   3.8991802155432875e-01	   3.8539578052975576e-01	   3.9993860827896749e-01	   3.4755616312771775e-01	   4.4310601354553136e-01	   2.6542863106567749e-01	   1.5467463609332030e-01	   1.9393278137748429e-01	   8.3950566908677282e-01	   6.6500107978173240e-01	   6.5887433809546325e-01	   5.3320825224534885e-01	   6.9584126751728514e-01	   4.9910342050285239e-01	   7.3278447808191274e-02	   7.9232582441242927e-02	   5.9524659884194486e-01	   4.0357641550557466e-01	   3.1936485905442069e-01	   3.5267146631029134e-01	   6.1973992490363505e-01	   4.1905864334335485e-01	  -2.4085152072756449e-01	   2.6549063103481388e-02	  -1.3319458225933728e-01	   1.9603854223601175e-01	  -3.7139387903974669e-01	  -4.3512258268591125e-01	   6.8405734786302319e-01	   6.7307261844246269e-01	   6.8832908449106844e-01	   6.7935767800405111e-01	   5.4615335810628807e-01	   6.0143410830512567e-01	   5.9793420325023650e-01	   4.8364905618926834e-01	   5.9734673210354350e-01	   5.0199676959460571e-01	   5.0130181266614426e-01	   5.1495722617509154e-01	   4.3958024404260321e-01	   5.4726801198775599e-01	   2.2408440116864897e-01	   2.3527496720559626e-01	   4.2380792611682899e-01	   2.9937916932446662e-01	   3.6453549068661362e-01	   3.5058604503977958e-01	   1.1802738191687899e-01	   1.9685169802286356e-01	   5.1356988552574012e-01	   2.4787741703555016e-01	   5.3327547466783543e-01	   3.8767751455200267e-01	   3.4752483781808607e-01	   3.7213192323054406e-01	   3.8801995358152874e-01	   2.3683620771154534e-01	   3.7306491783897811e-01	   1.6551029485675850e-01	   2.3387333022993065e-01	   2.3593128645644690e-01	   3.4337026980335406e-01	   2.1124755693596825e-01	   4.1208687959026891e-01	   3.9812201055886520e-01	   3.6203725968587763e-01	   4.3241077380708876e-01	  -1.0585609191135012e-01	  -6.4484049891158565e-02	   6.4847536442191833e-01	   5.6187328609767850e-01	   6.3489730039900133e-02	   2.5834639471445980e-01	   5.3561338206157705e-01	   5.2141835554024507e-01	   4.8551879358088113e-01	   5.2260856977085113e-01	   3.1656117150969415e-01	   5.3261469679075413e-01	   1.7833614698511785e-01	   2.0384623767244189e-01	   3.6886859619206197e-01	   4.2422587484594920e-01	   4.7438696090179999e-01	   5.3388572990620053e-01	   2.8404069389661563e-01	   6.0676267465811606e-01	   3.9063184073150359e-01	   4.1756559657725811e-01	   1.4263979981300570e-01	   5.4126477865320355e-01	   1.8905949036781838e-01	   2.2830165446308864e-02	   5.2091799623070068e-01	   4.4960345914765582e-01	   3.9710083920087624e-01	   4.1629253944481903e-01	   2.5339099266989712e-01	   4.9080780353646902e-01	   5.1406181770423787e-01	   3.0248746314181235e-01	
   3.5565553985425891e-01	   1.9415728752950673e-01	   4.5760298750439365e-01	   0.0000000000000000e+00	   5.8544929853491312e-01	   6.7982261745714867e-01	   5.9824197809085566e-01	   9.0527561552932179e-01	   4.9716603178832824e-01	   7.2781522992730807e-01	   3.2300575477403892e-01	   6.9021661566121550e-01	   1.2077066933746672e-01	   4.3675512555567686e-01	   1.5866948035324110e-01	   5.3155284631648514e-01	   1.1529777962534016e-01	   1.1388190951955957e-01	   3.1689366638661121e-01	   4.0765248077267363e-01	   2.6842012199625093e-01	   2.2826048758777140e-01	   3.9252126721642921e-01	   7.9644384079270170e-01	   4.8397554353062211e-01	   7.8997651945053526e-01	   4.0800181359241605e-01	   6.0988799329891741e-01	   1.3280443858817881e-01	   1.9999558775120235e-01	   3.8337975768482480e-01	   6.8388222630698969e-01	   4.5508173803398033e-01	   7.5910306339153211e-01	   6.4984184127109290e-01	   8.1879805957420382e-01	  -1.5661701936614661e-02	   1.0276079899084989e-01	  -5.5570605244076067e-03	   1.5275963171045065e-01	  -1.5196706270155649e-01	  -1.1069015953305900e-01	   4.5189195757652612e-01	   2.2634908829163422e-01	   4.8179385151437359e-01	   6.3958363514678263e-01	   1.6318602815482788e-01	   2.6238713092596572e-01	   4.0888943315485959e-01	   7.2609093844380945e-01	   4.6903168296769793e-01	   5.5604091614068663e-01	   4.6412194059396228e-01	   2.3187421019395679e-01	   4.6181538919576781e-01	   4.9651199210404878e-01	  -1.3812487744557919e-01	  -2.1489012773389360e-01	   1.3066082298323475e-01	   2.3742269711039744e-02	   3.6295905617592256e-01	   7.2291948725960553e-01	   1.7583054826277750e-01	   8.2039149406706785e-02	   5.7694947395194851e-01	   8.5099757498591733e-01	   4.0298006220686888e-01	   7.1374005418592990e-01	  -2.1471517232998857e-01	  -1.3617507814563462e-01	   4.3956336222931053e-01	   5.7125039639648700e-01	   3.2778443169247651e-01	   3.4665340310877724e-01	   3.7344461392625244e-01	   5.9552038753488667e-01	   8.1370645722677504e-01	   7.5199511847769762e-01	   3.3433272439959788e-01	   1.5997724050161966e-01	   2.2033077959322261e-01	   2.7030376633463887e-01	   6.2109554854820968e-02	  -5.8776574122627115e-02	   4.2516422398268761e-01	   6.9330386246491238e-01	   2.2803902057532965e-01	   4.4781591598461390e-01	   6.4865785026763789e-01	   7.9844455399131831e-01	   8.7907252498651012e-01	   7.4188458358065634e-01	   8.0513804622872276e-01	   5.4291211500054959e-01	   1.1003254444527022e-01	   1.8333432090102184e-01	   1.2851309534318175e-01	  -4.0299787807664682e-02	   7.6565948081991442e-01	   6.5543253192974238e-01	   7.5750158916296906e-01	   4.4653748910333124e-01	   8.0224845380752252e-01	   2.5531985811662666e-01	   4.8273469647016010e-01	   4.9956146942068769e-01	   6.4497254670712501e-01	  -7.6741165747992460e-02	   4.7986641733417951e-01	   5.9423980847400337e-01	   5.7363509597081142e-01	   5.9645910885673414e-01	   6.0641712412381155e-01	   3.2367617375896446e-01	   5.3403466930534393e-01	   4.0866380317975937e-01	
   3.5280794203323079e-01	   3.3679137839283424e-01	   5.2583862460738628e-01	   5.8544929853491312e-01	   0.0000000000000000e+00	   6.5023164311644921e-01	   6.7670809666090004e-01	   6.5405739981825928e-01	   7.7691826273538189e-01	   7.3035837118804026e-01	   3.5919671003134290e-01	   5.0264942662017276e-01	   1.8725468295107725e-01	   2.2540036680751596e-01	   3.5918113711706257e-01	   3.8743599870831713e-01	   2.7609274052917826e-01	   3.6537085702124905e-01	   1.3277618820196621e-01	   1.6762032738642907e-01	   1.7116766164351821e-01	   6.8223053302360670e-02	   3.6415432386493651e-01	   4.2245319820527294e-01	   4.7484874408536970e-01	   5.8575161168854473e-01	   6.7522164278582431e-01	   6.1692453640326306e-01	   9.8641378590385104e-02	   1.4204352506036882e-01	   1.9553723899622469e-01	   3.2456825110115578e-01	   2.3591957914338391e-01	   4.2036905664407276e-01	   4.9679095270725726e-01	   5.3441892666118962e-01	  -7.3513048510444864e-02	   7.4525741732132084e-02	   1.3653332339296602e-02	   9.4974868684333011e-02	   1.4464193986345934e-02	   1.2900671387024647e-02	   5.0998622014577610e-01	   4.7955338484918852e-01	   6.3375958835174062e-01	   7.0344532210742683e-01	   3.5566212470009728e-01	   5.0550389767956838e-01	   3.4566638982557629e-01	   5.5459036274914686e-01	   3.2231535771711411e-01	   3.5510187181563369e-01	   4.3212499029012286e-01	   3.8455798103366001e-01	   4.2285957131567281e-01	   4.6572924880242206e-01	   1.4682420821047151e-01	   8.9958876183303407e-02	   1.0940200069522910e-01	  -7.1966022178306888e-02	   4.2151718829627915e-01	   5.9623464099921841e-01	   1.9482276702553603e-01	   3.1278732874851045e-01	   6.5164264385022008e-01	   5.3455097759052150e-01	   3.5718080155528503e-01	   4.1734069221623132e-01	  -3.0444562524039771e-02	   4.2842715549889498e-02	   3.1877870205414588e-01	   4.4438753088559702e-01	   3.2634258937799532e-01	   2.8737911767799607e-01	   1.3052027129140653e-01	   4.4131561148345566e-01	   3.7755057414742121e-01	   3.5927908758713956e-01	   4.2436772593368921e-01	   3.7954570525538611e-01	   3.8032855147917288e-01	   4.5231839923037237e-01	   1.9912715175134499e-01	   1.0441052650934031e-01	   5.0438628544354536e-01	   5.4608635048502663e-01	   1.7839036945081649e-01	   1.7301719664582510e-01	   6.0054772065071238e-01	   5.8598542479248628e-01	   6.6497537005444118e-01	   5.5927314876981959e-01	   5.3796121121311091e-01	   5.2280477819987325e-01	   1.6789779580754363e-01	   1.0927593715249481e-01	   1.7018070504400459e-01	   1.5516811138260994e-01	   6.0756969239614023e-01	   5.5507392088179164e-01	   5.2037688028451035e-01	   5.2013847396705515e-01	   5.1831442176616083e-01	   3.1384771807256451e-01	   1.9906921045230877e-01	   3.3348741196192899e-01	   3.4272092657924325e-01	  -9.0496997738243296e-02	   3.5528737319449044e-01	   4.9129707177773463e-01	   3.8811522645898255e-01	   6.0950213441199486e-01	   5.2411028665635206e-01	   3.3662114004842592e-01	   3.0945709508714353e-01	   1.9673500333504157e-01	
   6.0635612615323672e-02	   3.5449279190335115e-01	   2.5686533774060988e-01	   6.7982261745714867e-01	   6.5023164311644921e-01	   0.0000000000000000e+00	   3.2493763394635694e-01	   6.6573822299631880e-01	   4.0969526649143095e-01	   6.7519351494750657e-01	   7.9856302070537455e-02	   4.6895187103448166e-01	  -1.0370967814353380e-01	   2.0154021989765006e-01	   2.6123474195081814e-01	   5.0122976659978447e-01	   3.2782433676317424e-01	   3.6175933950293199e-01	   2.6877296304869258e-01	   5.1352514266676164e-01	   5.7758537320312953e-01	   5.0182905557256940e-01	   2.7087622990534427e-01	   5.0661163567074385e-01	   2.2230064588558307e-01	   5.3777239852066239e-01	   4.1274722498404226e-01	   8.7625987840896391e-01	   3.0053835451904337e-01	   3.5598238407757282e-01	   2.7216341179455467e-01	   5.6291176777782981e-01	   3.7669227784118425e-01	   5.9719637951286653e-01	   3.4818996074111930e-01	   4.9014842124932712e-01	   9.5843352832591808e-02	   3.4465412222559594e-01	   2.6768317941562875e-01	   3.4855770258739882e-01	   1.4209074924334777e-01	   2.5353117772376854e-01	   2.5451084040033095e-01	   1.8551204831811749e-01	   3.7140378450639905e-01	   5.2259975514672785e-01	   1.4024754981880216e-01	   2.4095850893598958e-01	   2.2085983454801356e-01	   4.4341576448047498e-01	   2.0824435251662987e-01	   3.2994319167792696e-01	   4.6768469089138953e-01	   4.1916809582504122e-01	   4.3956271318213047e-01	   4.4027994737967885e-01	   1.2690342970947022e-01	   2.4031436791277450e-02	  -5.3432055173799391e-02	  -1.3727838195071549e-03	   2.0893758294460266e-01	   6.1751875560391212e-01	   3.2403481316104765e-01	   4.0918242256532961e-01	   2.6182852625013675e-01	   5.0533609276142311e-01	   1.7609497028648166e-01	   3.8218036396911503e-01	  -1.1325363880214903e-01	  -3.6861273715839693e-02	   3.5326324054371711e-01	   4.2035668278082766e-01	   2.7775386337521857e-01	   3.1368788767317501e-01	   1.7446869547327515e-01	   5.4808037399905096e-01	   4.7444125332796871e-01	   4.7722238703958575e-01	   4.5155256489091111e-01	   3.3654198011133096e-01	   4.4081650448185572e-01	   4.9117722562764177e-01	   5.0026049508700166e-01	   4.0315591803220124e-01	   3.2064789648330849e-01	   5.0958230261136617e-01	   4.6546276320524416e-01	   5.1378406821338307e-01	   3.1849064212872985e-01	   5.2587348893238450e-01	   5.8160942695692019e-01	   2.8680800193344258e-01	   3.7036908929234708e-01	   1.4381813721291306e-01	   6.6024707231034249e-02	   2.4006982966378981e-01	  -5.2505616732463872e-02	  -1.0655264319145366e-01	   5.4993354361004920e-01	   3.5031489064605814e-01	   4.4653125047823894e-01	   8.0705483312767098e-02	   4.5128730374686915e-01	  -9.9508433032692065e-02	   4.9971406089410874e-03	   8.2157768155972033e-02	   2.3184457150184370e-01	  -4.8855102145250351e-01	   2.2583096645213119e-01	   3.7115518083948323e-01	   2.1912873568197652e-01	   3.1982280413746161e-01	   2.4641909300353820e-01	   1.3269316230677439e-01	   1.7734980256924007e-01	   1.1938146300688379e-02	
   6.0662716273477901e-01	   1.8501538788009569e-01	   7.5458421209551951e-01	   5.9824197809085566e-01	   6.7670809666090004e-01	   3.2493763394635694e-01	   0.0000000000000000e+00	   6.4811258037180020e-01	   6.9438504834072812e-01	   5.3650949842741069e-01	   4.7392673571802435e-01	   4.7441099035308631e-01	   3.3971813399315604e-01	   3.3517271834563106e-01	   3.1712102135956477e-01	   3.7316147589030757e-01	   7.3008569592819428e-02	   4.8024107653200337e-02	   3.3858870011494602e-01	   1.6599386621248435e-01	   7.4036882038238855e-02	   4.5621931666900817e-02	   5.1097963433334204e-01	   5.3511731969529264e-01	   5.2152471375096399e-01	   5.5178528435670415e-01	   5.7637156186315508e-01	   4.0696085624703981e-01	  -2.8440895333467095e-02	  -2.1897477089243764e-02	   4.1330873193325940e-01	   4.1115974700494667e-01	   3.6738528898820755e-01	   4.5448434319783915e-01	   4.8417242761984547e-01	   5.1649452127973827e-01	  -2.2630025980468149e-01	  -2.1780255247745478e-01	  -2.3614902050159792e-01	  -2.5527967285867779e-02	  -2.6003252244850411e-01	  -2.8689200092498018e-01	   5.1738379988453964e-01	   4.1069991677516510e-01	   5.5341941839228848e-01	   5.8898874056344197e-01	   3.3391846673683012e-01	   4.3822754947166187e-01	   4.0097271603924867e-01	   5.4267435639818162e-01	   4.4430365343744105e-01	   4.6235972040663365e-01	   3.7861769690252139e-01	   2.9651199099654807e-01	   3.4196916829776691e-01	   3.9987833736962530e-01	  -7.8696815313161680e-02	  -1.0675968447397213e-01	   2.8674347285418356e-01	   7.9735559412248913e-02	   4.8286168825136500e-01	   5.2992530490997924e-01	   1.9074873309745422e-01	   1.1056755134711127e-01	   7.4537905119522707e-01	   5.5500341760308580e-01	   4.7776996975073477e-01	   4.5833704924349605e-01	   4.7931537852246284e-02	   3.5454695155957755e-02	   4.6888015814381157e-01	   4.3292833653823409e-01	   4.2272223353457450e-01	   2.6585168833950590e-01	   3.7452089887029644e-01	   4.2193656616108921e-01	   4.5630008833089791e-01	   3.5779789318677013e-01	   8.8810436915349969e-02	   2.7084703173082592e-02	   1.4185952878867575e-01	   2.1979514649328283e-01	  -2.2769949336013234e-01	  -1.8054179273532117e-01	   4.6330813499724982e-01	   5.3658226548734644e-01	  -1.0470933778932887e-01	   6.1790219351204857e-02	   6.5184351497227200e-01	   6.5489071183247050e-01	   6.4594416175128500e-01	   6.9348624561629957e-01	   5.9198723635997508e-01	   6.8650194534933318e-01	   2.1793799503712374e-01	   2.0941447683718634e-01	   2.6846950286389648e-01	   3.0054588903238932e-01	   5.7780446858878975e-01	   6.0558114328895374e-01	   5.3136794395053832e-01	   7.2183960403466307e-01	   5.1534503590454184e-01	   4.8617083771851594e-01	   3.0286992630802695e-01	   5.8490149358631838e-01	   4.4233320547990568e-01	   1.7091656911977204e-01	   5.9210545542462634e-01	   5.6865370427679174e-01	   5.0123381583251891e-01	   5.9025535699765652e-01	   5.8076409324481004e-01	   4.8052136458531391e-01	   5.3889647294841558e-01	   4.3987200097244483e-01	
   4.0027777857142088e-01	   1.5792938149929872e-01	   3.4630896285559731e-01	   9.0527561552932179e-01	   6.5405739981825928e-01	   6.6573822299631880e-01	   6.4811258037180020e-01	   0.0000000000000000e+00	   6.3641025885479130e-01	   8.4459279075472127e-01	   3.7543056905750682e-01	   7.5815796697382387e-01	   2.2166040291959324e-01	   4.9029377722496137e-01	   1.4117031223309687e-01	   4.6028185099816676e-01	  -3.6652524643601830e-02	   1.3253051443081915e-02	   2.5624248874739308e-01	   3.4655296519808138e-01	   1.5880437815224754e-01	   1.3503631510406139e-01	   2.4761980890843330e-01	   6.0454990300057243e-01	   3.4794631381715341e-01	   6.6536224357799667e-01	   3.9750505985511003e-01	   5.2122078902799562e-01	  -1.2790984125602398e-02	   1.0309888540303329e-01	   1.7261490395738771e-01	   5.2806971811569137e-01	   3.2183358249529836e-01	   6.4676527339648482e-01	   5.0990955697534557e-01	   6.9486711845239202e-01	  -2.1543426327617667e-02	  -3.1169384715552566e-02	  -9.2493418519210960e-02	   4.4081095565258042e-02	  -1.0603504947955107e-01	  -4.9986863499527211e-02	   3.8683811219641118e-01	   1.9839369096410875e-01	   4.4474450150358680e-01	   5.8667377397678222e-01	   1.5269213247851415e-01	   2.6654695139777335e-01	   3.0786799706155676e-01	   6.9190831184971224e-01	   3.5592254642208732e-01	   5.1650654066526547e-01	   3.8190307905644477e-01	   2.4387807707265077e-01	   4.0820213250120951e-01	   4.0909906106849536e-01	  -1.5227259356262979e-01	  -2.3114353819468159e-01	   9.4291970464430816e-02	  -1.6974437395241768e-02	   3.4414659672616815e-01	   7.9424631716703353e-01	   1.3476331552587781e-01	   5.5773706653129876e-02	   6.0343132460726212e-01	   8.6976753736676671e-01	   3.5430100898946343e-01	   6.3204068503721622e-01	  -1.8109344005951011e-01	  -1.3341873685040537e-01	   4.3617595954762578e-01	   5.7390439357994716e-01	   3.3133428197138892e-01	   3.7309196535849976e-01	   3.5875738492982751e-01	   6.2029912067058757e-01	   6.8558105534809144e-01	   6.5598060717110185e-01	   1.6837695641405717e-01	   3.1291345659701401e-03	   1.8338632252131618e-01	   2.3081944632201834e-01	   2.8667137298435744e-02	  -5.6990171840868693e-02	   3.8468123324280634e-01	   6.0376649493197154e-01	   1.1875776538990535e-01	   3.1046826669769356e-01	   6.5458902978137457e-01	   7.9787715885070698e-01	   8.4889329689295634e-01	   7.2493067355783813e-01	   8.1795985998470888e-01	   5.9659623941025919e-01	   1.4799856760331812e-01	   1.3712027608715666e-01	   1.2351335168795234e-01	  -1.0142577570649604e-03	   7.0146168379695384e-01	   5.9709956448478696e-01	   7.7961747344972343e-01	   4.9975566961559253e-01	   7.0893479399523551e-01	   2.5092981380477669e-01	   4.3829428275934879e-01	   4.2855244158069661e-01	   6.5761761092820969e-01	  -2.7438673982081933e-02	   4.1632856260154449e-01	   5.8576724150860293e-01	   5.8390646400805246e-01	   6.0916526968888596e-01	   6.8038170311080692e-01	   3.2672111035779144e-01	   4.5602430735619254e-01	   4.0353337685804946e-01	
   4.7843244240545024e-01	   1.9892602687031888e-01	   4.6489055631884602e-01	   4.9716603178832824e-01	   7.7691826273538189e-01	   4.0969526649143095e-01	   6.9438504834072812e-01	   6.3641025885479130e-01	   0.0000000000000000e+00	   7.6148685427496510e-01	   5.6317543620190280e-01	   5.3721541208537638e-01	   5.2776626776808144e-01	   3.3824110767326360e-01	   3.9680540367614381e-01	   2.9619696300246101e-01	   9.9848057770612286e-02	   1.4754636878447519e-01	   1.0854038957587113e-01	   2.8772642371957292e-02	  -8.9663408331076014e-02	  -1.0642003600154051e-01	   4.0371615714198050e-01	   3.7877086104446012e-01	   4.7373505616811146e-01	   4.9813335191715363e-01	   6.8914640250827641e-01	   4.0200043368217042e-01	  -1.2583069416262743e-01	  -4.6895359545018805e-02	   7.1023824096430210e-02	   2.2679539961965711e-01	   2.2524620405677992e-01	   3.1487830086661039e-01	   4.0954211070292723e-01	   4.4410091181833955e-01	  -2.6857498178474343e-01	  -2.3037289197966093e-01	  -2.9938351575141797e-01	  -1.6001850047972288e-01	  -1.0240683612449036e-01	  -1.4796739857536420e-01	   4.2556555953265157e-01	   3.4985444139079713e-01	   4.8671412459420682e-01	   5.1688614467755201e-01	   1.9840006151813996e-01	   3.9309730351123828e-01	   2.5093839166738807e-01	   4.8087882390431169e-01	   3.1374085522555301e-01	   3.6839399233678932e-01	   3.2998773088401923e-01	   2.7365944513548557e-01	   2.6905530369032038e-01	   2.7142570452352910e-01	   1.6618857462102721e-02	  -1.5762395819679663e-02	   2.5296624839249826e-01	  -9.2083765385330529e-02	   5.7105162238591423e-01	   5.8172880934961624e-01	   2.0969483325818716e-01	   1.5130188139898695e-01	   7.0668441048857289e-01	   5.3931714621888316e-01	   3.7958720998522161e-01	   3.7014397396190318e-01	   1.7887351542778245e-02	   3.6089148715695990e-02	   2.3618117397382621e-01	   3.4774589229461361e-01	   2.9096464074272838e-01	   2.6940250915048652e-01	   1.5116398195304701e-01	   4.2363397985696438e-01	   3.2514091826079639e-01	   2.4742675293728111e-01	   1.5463214885149490e-01	   1.4749787281357360e-01	   1.4503326306541586e-01	   1.9738119238640756e-01	  -1.1930244594449077e-01	  -1.0420805784630965e-01	   4.4163238694818785e-01	   4.4927304535875112e-01	  -8.6692088400250555e-02	  -6.1067030209408117e-02	   6.8666250210726876e-01	   6.0309122677904770e-01	   6.5725264719516485e-01	   6.6055878636099308e-01	   6.6487470798948878e-01	   7.4068613030133346e-01	   2.4641907104644623e-01	  -8.5117074610061207e-03	   1.7877253747146921e-01	   1.9471301722461609e-01	   4.7725824627979629e-01	   5.5963368032201222e-01	   5.3573763313835543e-01	   6.8120724375354269e-01	   4.0690828493705045e-01	   5.1636332783157524e-01	   2.4577264037923907e-01	   3.5340365807402285e-01	   3.9137491367687582e-01	   6.4518132720950416e-02	   2.9844733437584359e-01	   4.5165885874099032e-01	   4.8287191020726844e-01	   6.4243055480778199e-01	   5.7963440775154207e-01	   3.9747444913214935e-01	   3.7689998537825009e-01	   3.0221295354378730e-01	
   3.5633924613662216e-01	   2.6609370865477661e-01	   3.7689326857773536e-01	   7.2781522992730807e-01	   7.3035837118804026e-01	   6.7519351494750657e-01	   5.3650949842741069e-01	   8.4459279075472127e-01	   7.6148685427496510e-01	   0.0000000000000000e+00	   3.8030229033615720e-01	   7.2331969082834435e-01	   2.1948553885110539e-01	   4.1167946141946676e-01	   2.1050439038757898e-01	   4.2248444659404016e-01	   1.4338228482175747e-01	   2.0184083033826516e-01	   1.5653635165964394e-01	   2.3261926945606837e-01	   1.4765439960951462e-01	   9.6958680312801998e-02	   3.1489995686421196e-01	   4.9161606189077783e-01	   4.1922096692179567e-01	   6.0167642445992930e-01	   6.1084662779063403e-01	   6.3422913205870768e-01	  -9.6989988168616648e-02	   7.3278226765865775e-02	   1.7162305477715925e-02	   3.2396623759649812e-01	   2.7455436978317516e-01	   5.1611327910566918e-01	   5.5756807386196472e-01	   6.0330064457800980e-01	  -6.3652608975125008e-02	   3.6109458951690925e-02	  -9.5045176987530747e-02	   1.8863077174682474e-01	  -4.2899205247097269e-02	  -3.8703522495061676e-02	   4.2216801232856083e-01	   2.8929311804149749e-01	   5.0938261698264775e-01	   6.1738217631026726e-01	   2.2533584834192222e-01	   3.5288559411440718e-01	   2.5019352482681934e-01	   6.1372568981452713e-01	   3.1305731449678575e-01	   4.4904222276305761e-01	   3.6402780573638499e-01	   3.5621920012959318e-01	   4.2995044768397028e-01	   4.5075421619562439e-01	   6.4765818453080562e-02	   1.7352030159497038e-02	   1.3129317324295250e-01	  -9.7438675640836622e-02	   3.9546939541858861e-01	   7.8907985473778841e-01	   1.3658183569108098e-01	   1.0505816423998898e-01	   6.4163121912273535e-01	   7.5971536849234800e-01	   3.6192708420052111e-01	   5.3518202234593348e-01	  -8.4521373785543686e-03	   4.7378891680183451e-02	   2.4046298086986817e-01	   3.5296388204959972e-01	   1.8701134876297165e-01	   2.4477932045246903e-01	   1.2431351863359824e-01	   5.0792103975923575e-01	   4.9690576002635156e-01	   4.7663839126290880e-01	   2.7596650863432448e-01	   2.0289525269568409e-01	   3.0940576956482901e-01	   3.5022669768607123e-01	   8.9944659031124530e-02	   8.1810010091477009e-02	   5.2856792277378117e-01	   5.8709992592198579e-01	   1.2225817035716484e-01	   2.0596765604449882e-01	   7.1275914181543309e-01	   7.7887223716563958e-01	   7.5283104740989903e-01	   6.3397674987100938e-01	   7.0488433084107271e-01	   5.8060421131539919e-01	   2.8514022163667091e-01	   4.8252483715689895e-02	   1.9675689406289959e-01	   1.1426583111518068e-01	   5.5318176386456819e-01	   5.2559780881269991e-01	   5.8147749310672470e-01	   4.5635363554969599e-01	   4.5074051956649464e-01	   2.1887083464516127e-01	   2.0581266155747502e-01	   2.3298172906321057e-01	   4.7469146661524658e-01	  -1.6379414897939598e-01	   3.0880839863691623e-01	   5.7274582105807048e-01	   5.1505808667208819e-01	   4.9532544924893007e-01	   5.3399366260855641e-01	   2.6334022259307527e-01	   3.0097681899812190e-01	   1.9002612344008871e-01	
   7.2046215031139160e-01	   2.1994729429650331e-01	   2.7221631578852956e-01	   3.2300575477403892e-01	   3.5919671003134290e-01	   7.9856302070537455e-02	   4.7392673571802435e-01	   3.7543056905750682e-01	   5.6317543620190280e-01	   3.8030229033615720e-01	   0.0000000000000000e+00	   6.9574343893993074e-01	   8.9041665956627547e-01	   7.7756633439499567e-01	   6.0788731529021467e-01	   3.5484820401918871e-01	   3.1266125518558729e-02	  -5.5821842803299042e-02	   4.6388629786354268e-01	   1.3575347408889837e-01	  -9.8733521406748542e-02	  -1.9957143265530514e-01	   3.2359770983552572e-01	   3.6448840548248107e-01	   3.9096227497927516e-01	   3.5716042056666802e-01	   3.2419010734322035e-01	   1.1983588213973911e-01	  -2.3465899519249270e-03	  -6.8562938172139876e-02	  -4.2049467785575129e-03	   4.9565706550954734e-02	   9.4911726717914507e-02	   1.1961442022182493e-01	   1.5187471857170981e-01	   2.9578131400353863e-01	   6.0513120459297812e-02	  -6.8494329712977281e-02	  -3.9420238614773495e-01	  -1.2312680068300277e-01	   1.2982056778146545e-01	   7.1443782834311048e-02	   2.0639672946485971e-01	   1.5208902000418090e-01	   2.1338853882669348e-01	   2.8817123987229704e-01	   5.8979694485695747e-02	   1.3923520338597267e-01	   1.8985373344996490e-01	   3.8515859944781583e-01	   2.9125452106787053e-01	   4.0102982648337759e-01	   3.4362014976544869e-01	   2.2519946269942157e-01	   2.8488789493818351e-01	   2.6013223947868891e-01	  -1.0364275121415731e-01	  -1.5196232356895881e-01	   3.0205001835755119e-01	   1.0696638026536214e-02	   4.7726532333785332e-01	   3.9148197693526454e-01	   1.3851676086405865e-01	  -8.9464067017299947e-02	   4.8302193022930517e-01	   3.8056738622612368e-01	   2.8776904674589593e-01	   2.8348993417148310e-01	  -6.3393753156269619e-02	   1.3527765240124251e-02	   2.8365391902804038e-01	   2.7447925330623907e-01	   2.7077618209548471e-01	   2.5041100962570340e-01	   3.5064505646505528e-01	   3.6220467226292563e-01	   3.5267944903845039e-01	   2.6643040512703359e-01	  -1.0790300648213622e-03	  -4.3595955903183999e-02	  -5.4212806721270934e-02	   1.1604752814622622e-02	  -2.4257009892180187e-02	  -5.2927175631358216e-02	   3.4075959494016539e-01	   4.4941927277377791e-01	   2.0936304061918068e-01	   2.1574510313090559e-01	   5.5321079109663551e-01	   4.9123158844008336e-01	   5.1933350616494689e-01	   6.2540011948666085e-01	   5.4115002262220369e-01	   7.0117464658003126e-01	   2.9937260150599843e-01	  -1.1603684755878653e-01	   1.9037115620464909e-01	   1.4354233409230804e-01	   3.3238060625399829e-01	   4.5738288144587075e-01	   4.5834097087772807e-01	   6.0148321370944502e-01	   3.9009110715991058e-01	   5.1712649327993498e-01	   2.4599790861891097e-01	   5.0979751984482324e-01	   2.7945979210757788e-01	   1.6763450273576858e-01	   1.8355084124781418e-01	   4.1318825563510636e-01	   4.1934816022839227e-01	   4.5721080379995749e-01	   5.8032494627021947e-01	   4.7155926123958292e-01	   4.8516461733804117e-01	   3.1576918258168785e-01	
   5.7823976761527085e-01	   3.9942792104797942e-01	   2.3945619256180020e-01	   6.9021661566121550e-01	   5.0264942662017276e-01	   4.6895187103448166e-01	   4.7441099035308631e-01	   7.5815796697382387e-01	   5.3721541208537638e-01	   7.2331969082834435e-01	   6.9574343893993074e-01	   0.0000000000000000e+00	   4.9047757217213400e-01	   8.4651660532224438e-01	   3.5406224153798510e-01	   5.4025128260693212e-01	   1.2144801096090807e-01	   1.4361793776559262e-01	   4.2660077547146424e-01	   3.6408145506058637e-01	   1.7372854281489930e-01	   9.6041702171895199e-02	   1.9054450723840929e-01	   5.0894770559560265e-01	   3.3794440827848832e-01	   5.7846128246429707e-01	   2.7035998698141839e-01	   3.9996175135646750e-01	   1.2107141443643168e-01	   2.1448174530103806e-01	   2.9627275817059723e-02	   3.0811725724713551e-01	   3.6423831443359733e-01	   5.7270815620253535e-01	   3.1430294039030621e-01	   5.7773541277414497e-01	   4.2906326885330304e-02	   1.3805736901628624e-01	  -3.0724172838973474e-01	   7.2688215853038904e-02	   1.1884948562204861e-01	   1.8962939767954157e-01	   2.2974330803982895e-01	   8.7025040414628690e-02	   2.5496077265043560e-01	   4.2584437717578727e-01	   4.0789045439500987e-02	   1.3973654833433657e-01	   1.7361208616999935e-01	   5.5736121898331459e-01	   3.0859290691656716e-01	   4.4410203370746570e-01	   4.1220106814542451e-01	   2.8953259818799493e-01	   4.0298735551329823e-01	   3.6788330373814504e-01	  -9.5725756587081018e-02	  -1.5627760177127847e-01	   1.3470878237724582e-01	  -3.9716340642170691e-03	   4.5121667390932696e-01	   7.8569288143488525e-01	   2.0471614866477830e-01	   1.2296733969560225e-01	   5.1271326223028180e-01	   7.1674035768017530e-01	   2.4838707853966108e-01	   4.9301132692590433e-01	  -1.5313114925286819e-01	  -9.4549105347113166e-02	   4.0590531737771951e-01	   5.1391421127300307e-01	   3.3075110506173500e-01	   4.3737433157651773e-01	   4.5995813857565987e-01	   6.5757863642245751e-01	   5.9777931662286399e-01	   6.1828799516362509e-01	   2.2769709560218335e-01	   8.7725278137901583e-02	   1.9618733499428748e-01	   2.5583812513813958e-01	   1.5235682198735673e-01	   6.9388454415677273e-02	   3.8846201049185280e-01	   6.0653701752347255e-01	   2.2215889536396433e-01	   3.6125900302971065e-01	   6.3550222647967169e-01	   7.3525445433717551e-01	   7.4243038852674104e-01	   6.6567411874186222e-01	   6.8169706690974186e-01	   5.5334334471037516e-01	   2.3391335291396426e-01	  -5.0472072148368775e-05	   1.5585471134544093e-01	   5.5076138405008204e-02	   5.8407194587519706e-01	   5.2509844048546750e-01	   5.7433418063201858e-01	   4.1136944443887080e-01	   5.4087074517914679e-01	   3.1415692367672815e-01	   3.4865947173483458e-01	   4.9242525574266699e-01	   5.6727033910444458e-01	   1.7183978947602336e-03	   2.9485658660145087e-01	   6.1570696802455549e-01	   5.2339854362490379e-01	   4.9202783489699714e-01	   6.5309191874148131e-01	   3.7500978173429905e-01	   4.5714096586586489e-01	   3.1043977296585867e-01	
   6.4425474706292607e-01	   3.4958943960048255e-02	   1.0751257087405355e-01	   1.2077066933746672e-01	   1.8725468295107725e-01	  -1.0370967814353380e-01	   3.3971813399315604e-01	   2.2166040291959324e-01	   5.2776626776808144e-01	   2.1948553885110539e-01	   8.9041665956627547e-01	   4.9047757217213400e-01	   0.0000000000000000e+00	   6.3019625267453594e-01	   4.9592601119885305e-01	   1.7429007830407722e-01	  -1.2519943001392514e-01	  -2.4457523390111180e-01	   3.1020124963998696e-01	  -2.3334918399777024e-02	  -2.7058871363509485e-01	  -3.2663236594316480e-01	   1.9065755156339362e-01	   1.7952578605415764e-01	   2.7762642571723251e-01	   1.8919836126878392e-01	   2.1762431289910228e-01	  -6.6342978565831684e-02	  -1.3740233738132174e-01	  -2.4170909783422637e-01	  -1.2673077149152590e-01	  -1.0159634958349417e-01	   2.3914331113734415e-02	  -3.9479987280084783e-02	   3.8933094140693715e-02	   1.4940115187445560e-01	  -7.0997563362693722e-03	  -1.9245618365743183e-01	  -4.4395668890611567e-01	  -2.2999640227106360e-01	   1.5138855403290569e-01	   3.6226852738289149e-02	   7.9091566619454184e-02	   4.1610036704574485e-02	   8.6514231765977764e-02	   1.1587348424435366e-01	   3.9901097092979870e-03	   5.1760942940841999e-02	   1.2100151463312092e-01	   2.3341099204614507e-01	   1.9715203041449228e-01	   2.6089824432845965e-01	   1.4014292877345211e-01	  -9.9588311732615653e-04	   1.6435242427427202e-01	   7.2003682938141911e-02	  -1.5299046403236813e-01	  -2.1882898298632342e-01	   3.1555418984276334e-01	  -2.0689889654513728e-03	   4.3007822901324122e-01	   1.8295450702094551e-01	   1.2257575119587831e-01	  -1.6901768487065172e-01	   3.4833326740152892e-01	   2.2765795597764030e-01	   2.4764566672030999e-01	   1.9306033800684533e-01	  -4.7302605044203354e-02	  -1.0225729019619999e-02	   1.0988217608107859e-01	   1.5267334610067301e-01	   1.8640266508331471e-01	   1.8696187984993903e-01	   2.6406652628788019e-01	   2.4076682439946412e-01	   1.9667877146787838e-01	   8.4807831010822399e-02	  -2.3252889427958987e-01	  -2.3230854478792304e-01	  -2.4862894407943281e-01	  -2.0853328362102264e-01	  -2.2115259085334987e-01	  -1.6658863425235221e-01	   1.3342790247170205e-01	   2.2783107186869769e-01	   7.0729279661971595e-02	   1.5296778532513433e-02	   4.2850779426921309e-01	   3.1622242259628486e-01	   3.4141028657724470e-01	   5.0242490198363199e-01	   4.2034570595101378e-01	   5.9812754483770814e-01	   2.8948612374509186e-01	  -2.3626383190465944e-01	   1.9921493090689318e-01	   1.3616353358829414e-01	   1.7512543085705806e-01	   2.9425438700848988e-01	   3.4176710781154984e-01	   5.2792749528689109e-01	   2.5943199128716993e-01	   5.3973834161943435e-01	   2.1013357923285608e-01	   4.1128323607807027e-01	   1.2564807510195031e-01	   2.8252371006090921e-01	   1.1030791739189880e-03	   1.8951907152136432e-01	   3.7000911060997993e-01	   3.3803183338647935e-01	   4.2501743842818690e-01	   3.6329033622802920e-01	   4.0677763286895635e-01	   2.6151676338231206e-01	
