   0.0000000000000000e+00	   5.8891455117965819e-01	   4.7892720385356491e-01	   4.6615326312572336e-01	   4.8879769413859619e-01	   2.3741743896208284e-01	   3.7137400782834573e-01	   1.0577416551407572e-01	   3.7993343437789229e-01	   1.1940233182189103e-01	   6.6800991190277814e-01	   3.6681303683579247e-01	   3.6724753361205931e-01	   2.5793231193687205e-01	   4.2957804547079526e-01	   3.8981680987550560e-01	   5.9871935121329956e-01	   4.2660498208940445e-01	   7.6590292608853305e-01	   7.7277307547571261e-01	   1.7945938708591097e-01	   2.0231489798854610e-01	   5.2408187409258189e-01	   4.3271572053309471e-01	   5.2123779814718352e-01	   4.6502213355908362e-01	   3.2551245712253302e-01	   3.0766858863114921e-01	   2.7564917182545812e-01	   3.0676199118269926e-01	   5.8320484039242970e-01	   5.5896153104723023e-01	   4.2817945346991310e-01	   2.7921238924232106e-01	   4.1388590422397409e-01	   4.2016769386031361e-01	   3.7427117550027117e-01	   3.5994859459822037e-01	   2.6637244446891400e-01	   4.0781264757969593e-01	   2.6800779593672036e-01	   3.3479743517373728e-01	   3.5346346815701768e-01	   2.1646874553197903e-01	   2.8299137310616895e-01	   2.1897386077223963e-01	   2.1461470464580584e-01	   2.0749764091715850e-01	   4.0970353676426130e-01	   4.0720393045865827e-01	   4.1231078654835940e-01	   4.7153744480507420e-01	   1.9339710798910306e-01	   3.2169419310515540e-01	   4.2922536601183769e-01	   5.4420458434808527e-01	   5.1009195961519405e-01	   4.8028096894580269e-01	   4.8141850529769481e-01	   3.7115831978657476e-01	   4.6301108087947968e-01	   7.0954333774758349e-02	   2.4316432034865310e-01	   1.9137786935391077e-01	   3.3726562604561833e-01	   2.2674344375257025e-01	   4.5065254612413752e-01	   3.7743010178089509e-01	   5.9935855826257645e-01	   4.6702613918738783e-01	   4.0395149545005077e-01	   2.5703468856589634e-01	   4.9371779837929852e-01	   4.8970911698805353e-01	   5.4607967253866951e-01	   5.1589024197240063e-01	   6.2525913916858256e-01	   3.8376736539516210e-01	   2.1117378251185229e-01	   3.5833642117683728e-01	   3.2949386642120726e-01	   4.3802684157880478e-01	   6.1971228019947078e-01	   6.5736825751860717e-01	   5.7357247216963336e-01	   5.6094228044959482e-01	   5.2161219227503186e-01	   4.9666356118209876e-01	   5.9452963955933680e-01	   5.9119627282586795e-01	   4.6896406741847768e-01	   5.0646614162934545e-01	   4.0473742992979134e-01	   4.5452478315485262e-01	   2.2806283603235339e-01	   3.7719223259935858e-01	   3.0199614106353101e-01	   5.5131846908657789e-01	   5.7309891060135121e-01	   5.6682805629796185e-01	   1.9396876652478667e-01	   3.8020806995618062e-01	   2.9511442078944961e-01	   4.2559974750104934e-01	   6.9587705326083604e-02	   1.1930275966510231e-01	   2.0984546304231744e-01	   2.1976771640236992e-01	  -2.5884489793192744e-02	   6.6950079069793625e-02	   5.3631194190294651e-01	   4.6452643613149980e-01	   5.4724806638742773e-01	   5.2791651694788122e-01	   4.0864389589526817e-01	  -1.3726452342276094e-01	
   5.8891455117965819e-01	   0.0000000000000000e+00	   4.4735131505305264e-01	   1.3865137944462222e-01	   1.6862437487404097e-01	  -4.8048415569385022e-02	  -6.6227149358234455e-02	  -2.8127601534141994e-01	   2.0635861783852039e-01	  -1.0261005929010088e-01	   1.2455114829188768e-01	   2.3232969936742315e-02	  -1.3446338996893414e-01	  -7.1198534769679744e-02	   1.4530117913279322e-01	   5.6814546676963354e-02	   6.6244187199574112e-01	   5.4324305768024694e-01	   4.5398805946065079e-01	   4.9867626558396105e-01	   2.6940826187180189e-01	   2.9366321739307522e-01	   5.1108769076799387e-01	   4.4955188304591992e-01	   6.1244184090572529e-01	   4.3092929630121352e-01	   4.0240060954830204e-01	   2.3649053304919693e-01	   5.2902709053272469e-02	   8.6947063221964480e-02	   4.8955026024217224e-01	   3.8519159115513013e-01	   9.1213126298724065e-02	  -4.7185070447705063e-02	   5.0549983623275030e-01	   3.7294924795209372e-01	   6.1942019964206785e-01	   5.7451743300608704e-01	   5.3320741736090005e-01	   5.5468496899262021e-01	   3.1466532460085100e-01	   3.6403716570558919e-01	   4.4619150404218377e-01	   4.5557428366776154e-01	   2.1916851697807244e-01	   2.4532841924164780e-01	   4.5687489373225776e-01	   3.8102732607946305e-01	   3.4842050416502018e-01	   3.3276045921313246e-01	   3.3769540847156221e-01	   2.3889591777039693e-01	   4.0534292927470983e-01	   4.3323068019863997e-01	   4.8360559368638056e-01	   6.2923860047150004e-01	   6.9389927976192944e-01	   5.4831272765598060e-01	   9.8488064248714261e-03	  -3.2773307906806361e-02	   4.4712552819917636e-02	  -2.0742534270682372e-01	  -1.6677510233318296e-01	  -1.0847088295208800e-01	   3.9046019960277378e-01	  -5.6113624774858147e-03	  -2.4076632873394149e-02	  -9.5784109615541915e-02	   4.6425741482852001e-01	   5.1538317454334082e-01	   4.9703856222064080e-01	   4.1270898601175565e-01	   4.1053569163864090e-01	   4.1066308740215240e-01	   4.8918790459746331e-01	   4.9156028491650944e-01	   4.1562481010776331e-01	   3.8499260093746973e-01	   5.8315402220853074e-01	   6.0038035632219267e-01	   3.3769859097415778e-01	   4.6312693911812897e-01	   5.1132361865224174e-01	   5.2752594401890796e-01	   5.7657851102133950e-01	   5.0434201547056157e-01	   6.0923954418944071e-01	   4.0134086186755580e-01	   5.7491261105010238e-01	   3.8182844470312760e-01	   3.2385941858200207e-01	   2.3936906280322057e-01	   2.9468413384854358e-01	   2.9184936450316890e-01	  -1.2691435121475051e-02	   1.5291851619098773e-01	   1.9304717366675705e-01	   4.1236802598571892e-01	   4.8703659225572304e-01	   3.5837758078023885e-01	  -1.5881790408686605e-01	   1.2950448462584138e-01	  -3.1137620444126546e-02	   1.3605184063854261e-01	   8.8785510864066275e-02	   1.1040807462376684e-01	  -1.6471495885957588e-02	  -1.4869317994972729e-02	  -1.1754629240858096e-01	  -8.7380842147430943e-02	   4.0407427061561546e-01	   4.7221842629751321e-01	   3.7006986136654307e-01	   2.7108825961478572e-01	   2.6826556521743911e-01	  -2.7309069753297383e-01	
   4.7892720385356491e-01	   4.4735131505305264e-01	   0.0000000000000000e+00	   4.9412724929408203e-01	   5.0216091313963540e-01	   1.5444881202874111e-01	   5.0379049633459660e-01	   3.7751543000000887e-02	   6.1548279799484040e-01	  -5.8759301818804135e-02	   3.9751859005991586e-01	  -6.4246016558137150e-04	   2.5690568480484255e-01	   4.6822091383415351e-02	   6.4901656684796216e-01	   2.8202772516459956e-01	   2.7976877843975151e-01	   2.9436758186155543e-01	   6.5479108941043318e-01	   5.4083097503245658e-01	   2.5884755705374374e-01	   3.3692519649177011e-01	   8.6371800624463169e-01	   5.0007443951115338e-01	   7.9702627118662850e-01	   6.3590291515857178e-01	   6.3581007320674954e-01	   5.7723120976479314e-01	   3.5711413829970194e-03	   2.1453724872139250e-02	   8.4702261837152237e-01	   6.4098804611693483e-01	   3.5521192275949842e-01	   2.0991604244105369e-01	   6.1698522972281944e-01	   3.0449581089449784e-01	   3.4120079800650560e-01	   4.5017068286117889e-01	   3.3654724717412554e-01	   3.6512204103990720e-01	   1.5632083371401870e-01	   1.5707061048918042e-01	   2.7515272563526266e-01	   1.7896245107046793e-01	   1.1119044272850220e-01	   2.8957218714642206e-02	   1.0682860716240436e-01	   5.5190212590351118e-02	   2.3393083034168866e-01	   1.7278011793089845e-01	   2.5792376384644500e-01	   2.9651372765669726e-01	   7.7512463807179258e-03	   2.0028911756312728e-01	   9.8095007622655356e-02	   3.1761400133417927e-01	   1.7595559034645841e-01	   1.4976832642045862e-01	   2.8782349796478501e-01	   3.7448244854427389e-03	   3.1813476595557133e-01	  -1.0512841517860552e-01	  -6.3382401198508664e-03	  -6.3394946002566677e-02	   7.0980629026561548e-01	   3.3882698349580004e-01	   1.7530398802033692e-01	  -2.1994324372534010e-02	   3.6653497726070872e-01	   2.5418755119525521e-01	   3.6273896463966082e-01	   1.9828987900782316e-01	   1.6925522390603140e-01	   1.4676599585667818e-01	   3.2795867943671808e-01	   2.4405080227143527e-01	   4.9377547751171480e-01	   2.8313764924298590e-01	   1.3623652101465961e-01	   3.0680422030528237e-01	  -6.8870493521610718e-02	   2.0956602135007857e-01	   6.2077319505808282e-01	   3.0449431421795603e-01	   6.7451848119383595e-01	   5.6082609255696103e-01	   6.5278022163780691e-01	   3.5516593723275031e-01	   5.7894146733052287e-01	   4.7991923361897915e-01	   2.0723445210282376e-01	   4.5493399373403237e-01	   3.1368285379145489e-01	   6.0910907592373087e-01	   3.7833252342054133e-02	   9.2422756188395336e-02	   1.4362761110176575e-01	   3.6436541068409956e-01	   1.3132957810456009e-01	   3.1548618376113713e-01	   1.4813129279712384e-01	   4.6249150496308189e-01	   2.3226404624304923e-03	   2.4853531594928399e-01	   1.6833691745912488e-01	   1.6997400295197640e-01	  -9.1795341105507328e-02	  -7.4391293379880541e-02	   7.5129298481972834e-02	   7.0686590761672649e-02	   3.8916876581031845e-01	   2.7600773005434720e-01	   4.0755904226545858e-01	   4.3988976349531506e-01	   2.8502509202530252e-01	  -8.4549904465962972e-03	
   4.6615326312572336e-01	   1.3865137944462222e-01	   4.9412724929408203e-01	   0.0000000000000000e+00	   3.9586859265771668e-01	   5.9846075122667064e-01	   6.2751158014039510e-01	   7.0172297014138163e-01	   5.2584428573179043e-01	   4.9004873455966136e-01	   4.9506272349268710e-01	   5.6512623404268181e-01	   5.5906238096359884e-01	   6.7045694355535201e-01	   5.0547573157570236e-01	   7.7630241046867277e-01	   1.1288707454001443e-01	   6.0693012256966203e-02	   3.8761727622553799e-01	   6.9391327215066489e-01	   1.1359632246583959e-01	   1.9599124207854313e-01	   4.9160247708751897e-01	   5.7300547093126497e-01	   3.1013042067798358e-01	   5.5818155199328201e-01	   2.7137229909197291e-01	   4.7208053186405241e-01	  -1.7735332013702462e-02	   9.8367821745290934e-02	   4.4941963302563442e-01	   6.0592609937562147e-01	   5.4721468223644887e-01	   6.4618741265794499e-01	   1.7172299294946797e-01	   2.7992931066069560e-01	  -1.1686575104059617e-01	  -2.8034797837004195e-02	  -4.0898670230782808e-02	   1.1708277157936664e-01	   7.4630132316069922e-02	   1.3503256167533276e-01	   1.1068661790715964e-01	   2.1984090188976010e-02	   7.1698419898306304e-02	   2.3540612418973574e-02	  -1.1667222963945986e-01	  -1.5309096473981809e-01	   1.4660480895037364e-01	   1.0777863637688884e-01	   3.0759199178941266e-01	   4.0393834438599568e-01	  -1.7569878036142983e-01	  -1.3356626770212124e-01	  -2.2448026795664371e-02	   3.6360054174210323e-02	   4.6591571452953312e-02	   1.5704142008131633e-01	   5.5423316959246338e-01	   4.6351545509827285e-01	   4.5070089408936653e-01	   3.6839745175524197e-01	   3.6079730342164984e-01	   4.6614972323733694e-01	   2.3368274843236655e-01	   5.6272260268621777e-01	   4.5789590298097749e-01	   5.0207613982273580e-01	   3.0105255316725554e-01	   1.8884673405068841e-01	   9.4462178728723298e-02	   1.2199421518939517e-01	   1.7374639778460646e-01	   2.4404797408544168e-01	   1.2745757201478508e-01	   2.1719713916036831e-01	   3.1467282123646445e-01	   3.1899635212802258e-01	  -6.5847447106344853e-02	   1.4145027537799010e-01	  -9.7488687733104901e-02	   8.2963334407355260e-02	   2.9862069835533778e-01	   2.7875165327343110e-01	   2.0866198531869812e-01	   5.5344332918926431e-01	   2.1257155553836310e-01	   3.6677888280765836e-01	   2.4037417045775658e-01	   3.9253790717510928e-01	   3.4964296863661143e-01	   2.2475222670127842e-01	   5.0399413827739203e-01	   2.9932953664400447e-01	  -1.4816047486598205e-01	   6.0519576857322531e-02	  -6.8846632647823314e-02	   7.5908574030078932e-02	   4.4413231341384751e-02	   7.1494365942493712e-02	   5.5913527128683405e-01	   2.0356407069932836e-01	   2.7285972569242067e-01	   3.1021205405657404e-01	   1.6870947816529361e-01	   2.2191158942093392e-01	   1.6748071763699185e-01	   7.9063784733611545e-02	  -1.4834553349256205e-01	  -1.5603414629981910e-01	   1.0026818329160046e-01	  -6.1054750295694467e-02	   2.2185229166875028e-01	   1.7821061674853347e-01	   2.1682344562009864e-01	  -8.3121897467424294e-02	
   4.8879769413859619e-01	   1.6862437487404097e-01	   5.0216091313963540e-01	   3.9586859265771668e-01	   0.0000000000000000e+00	   5.4411451335697070e-01	   7.7195911198654610e-01	   3.9793161576400043e-01	   4.8497242703188920e-01	   1.6611691387395039e-01	   3.2089226418153416e-01	   3.0258267770216080e-01	   5.4178189555940237e-01	   2.3191410564350079e-01	   2.8123586634256037e-01	   2.1640497006477608e-01	   4.7646455514720221e-01	   5.2809264483851315e-01	   5.2866031689301507e-01	   4.3690294648681616e-01	   1.2503845281858728e-01	   1.7342039340283777e-01	   2.5522185678034653e-01	  -1.7808689402837416e-03	   4.9432320057981860e-01	   2.5201271529358776e-01	   1.0295282167666209e-01	   2.6166921126051901e-02	   6.1413506932812223e-01	   5.4454406809813949e-01	   5.5103202373733140e-01	   4.1585701401347175e-01	   6.7257571950209827e-01	   5.0688435510345586e-01	   1.0235001535215758e-01	   2.2610330996612837e-01	   1.5407776631194614e-01	   2.0050631919256240e-01	   2.4588383463609528e-01	   3.1921540098370260e-01	   2.2653507022770294e-01	   3.5364229628144472e-01	   1.8976874990374787e-01	   1.0672739527908899e-01	   3.1742374993991018e-01	   2.7881699107687352e-01	   1.5605876522870077e-01	   2.6836471161765751e-01	   2.3186674921601258e-01	   2.5475178405518023e-01	   3.0176496124249219e-01	   3.7908816470851092e-01	   1.3122687130358862e-01	   2.6314265084326061e-01	   2.2223891626414899e-01	   2.9409927230372274e-01	   1.4945255878702907e-01	   2.9183507126545721e-01	   5.2877876086524656e-01	   2.5533328446968140e-01	   5.8957541656741175e-01	   1.6484819242205653e-01	   4.4174973770010983e-01	   2.6344955223539279e-01	   5.1199188729307107e-02	   7.0141441681416069e-05	   5.5864776727206711e-01	   4.0218177069077077e-01	   4.9980404111850996e-01	   3.2595746512242418e-01	   1.2350349112518662e-01	  -1.5719466796886239e-01	   3.9640839297492425e-01	   3.7706829667723368e-01	   3.2265802440529723e-01	   2.2784796576775279e-01	   4.7153351977048841e-01	   5.3915751575435870e-02	   4.7026108845773101e-02	   3.5769851760033700e-01	   2.7140802689533972e-01	   2.6893936324248807e-01	   4.5837707102536523e-01	   4.2921360036477030e-01	   1.2948108381082060e-01	   6.9372769006672746e-02	   2.4882949843573851e-01	   3.0472418593984973e-01	   3.9810288192598964e-01	   3.6885705233929728e-01	   8.1795053245731525e-02	   3.3107062836081780e-01	   4.1174939764183058e-02	   4.0541558478994411e-01	   2.1469856560657632e-01	   1.6850442964572007e-01	   2.0397231072659067e-01	   2.8612489573237787e-01	   1.5861790661252065e-01	   2.9678324529225220e-01	   3.0343413371852757e-01	   6.0363725416875802e-01	   2.0928365927149439e-01	   3.6717393030863971e-01	   2.9096181479667201e-02	   1.3751402015930653e-01	  -5.6464925189862146e-02	   5.7333454515169816e-02	   4.0733037590843152e-02	   2.0454633360888158e-01	   4.6376532738679521e-01	   2.3560200647954199e-01	   2.8532903920132213e-01	   3.1922162473651444e-01	   1.3944412231628897e-01	  -6.2880712598010369e-02	
   2.3741743896208284e-01	  -4.8048415569385022e-02	   1.5444881202874111e-01	   5.9846075122667064e-01	   5.4411451335697070e-01	   0.0000000000000000e+00	   4.3849513314335181e-01	   7.0475476254446634e-01	   3.4343996569767998e-01	   6.2989637468331416e-01	   8.9999269128094833e-02	   3.4360869315987230e-01	   3.9969050775936860e-01	   5.5084911796516067e-01	   1.9605196891576099e-01	   6.4148545883250185e-01	   1.2606645155442603e-01	   1.4348959770595149e-01	   5.7266673814484394e-02	   2.9350420417680378e-01	   9.5594330161658386e-02	   2.0661605597790866e-01	   1.2691300452710377e-01	   2.4339964419382168e-01	   9.8196236460545275e-02	   3.5701865460886939e-01	  -1.1779878552820689e-02	   1.9717180913754428e-01	   2.2711622746765381e-01	   2.8873201976435758e-01	   2.4469625222194741e-01	   4.8607858782394670e-01	   4.7739405546675057e-01	   6.3238341529460129e-01	  -1.0830247095367358e-01	   2.9782318832574950e-01	  -7.5527438915447720e-02	  -8.6054233234127610e-03	  -6.5501933195295903e-02	   8.7935905448303681e-02	   5.0743773081228016e-02	   1.1373128364646974e-01	   1.1892688877136048e-01	   5.3763552997491804e-02	   2.2156888727642784e-01	   2.5080039477372496e-01	   5.5930839390312556e-02	   1.1994774778574183e-01	   6.6743597441307048e-02	   1.2696667026133363e-01	   2.2200163865685071e-01	   2.3553402526696465e-01	   5.8729002738640269e-02	   9.8608793017509494e-02	  -2.2933351404928332e-02	  -1.4470547300393148e-02	   1.2491819039160063e-01	   1.7315469712497480e-01	   3.1492976403977546e-01	   3.1079395508334473e-01	   4.3149197291692332e-01	   5.4616271741578082e-01	   3.3606638887439777e-01	   3.6570451523584402e-01	  -1.0337039604340925e-01	   3.6780322265869547e-01	   3.4425537077454982e-01	   4.5233162787343240e-01	   2.9147211722843275e-01	   2.3296856593680870e-01	  -1.1267680034713619e-01	  -1.6654659549807421e-02	   1.4560288424899596e-02	   4.6097081729091320e-02	  -1.3237015103687533e-01	  -7.4424779920537587e-02	  -2.0910677977257666e-02	  -7.4934730105628081e-03	   1.8745291865135064e-01	   1.7888407029900460e-01	   1.3257847983676854e-01	   2.0039775480372701e-01	   2.3943869716448885e-01	   3.1381698857237178e-01	  -1.0565602135449739e-01	   1.6868728838893557e-01	  -8.4263854309333409e-03	   2.5567280904423773e-01	   1.3660759395396246e-01	   2.4307281502361003e-01	   2.3639167713015324e-01	   1.1967446931254108e-01	   2.4892166947592345e-01	   1.8482932043073122e-01	  -1.3183838970119979e-01	  -3.5868841737999188e-02	  -1.3520724185962418e-01	  -9.8194217140699661e-02	  -1.7745121349615752e-02	  -5.1110414399772475e-03	   4.7556842485290673e-01	   2.8659100716801916e-01	   2.3749271579392608e-01	   2.3090209396897754e-01	   1.6002739258932636e-01	   1.6981970217553757e-01	   2.6784777543040617e-01	   1.1021352329954126e-01	  -3.4977986350607826e-01	  -1.9525682182555060e-01	   3.6646858291147125e-02	  -9.7193688619625213e-02	   8.9287023536105112e-02	  -3.3992988870991142e-02	  -3.8443051170617096e-02	  -8.4145617131758110e-02	
   3.7137400782834573e-01	  -6.6227149358234455e-02	   5.0379049633459660e-01	   6.2751158014039510e-01	   7.7195911198654610e-01	   4.3849513314335181e-01	   0.0000000000000000e+00	   6.4813716422560252e-01	   3.4901862739549572e-01	   1.0522808639365577e-01	   5.8386519493199951e-01	   5.3678981179125462e-01	   7.5420925920017723e-01	   4.5828794497041192e-01	   3.7903725011561695e-01	   3.4830218432034504e-01	   2.3536063978049948e-01	   2.5582768845517978e-01	   4.8986835089502900e-01	   5.0491665509978767e-01	   6.9119390798389593e-02	   6.0753513240746668e-02	   2.0712680142786249e-01	   4.1303691115607916e-02	   2.7392737122709260e-01	   1.1406677673868476e-01	   3.6992787988989806e-02	   9.2807654882675450e-02	   4.9616444341440868e-01	   4.5168842064283588e-01	   4.1086469800468611e-01	   3.1741056963114866e-01	   7.9162126712472047e-01	   6.7091126781968669e-01	  -7.2356738848984086e-03	   1.4216112491943758e-01	  -9.7930554216648300e-02	  -2.7620568595141531e-02	   1.8881577801676621e-02	   1.3004772932130557e-01	   2.3755170696954803e-01	   2.5230193006744256e-01	  -4.4193327682290659e-02	  -8.2787452408835172e-02	   1.5832365448549351e-01	   1.0054126271163977e-01	  -2.0720903716255865e-01	  -1.4040731949865248e-01	   9.5150536746816200e-02	   1.0109547095744703e-01	   1.6147166068873686e-01	   3.7941174299578140e-01	  -2.4683795134477671e-01	  -1.5453382008694869e-01	   2.8187393089418908e-02	   3.0726369229943581e-02	  -2.2541199419132876e-01	   6.8111380308927494e-02	   6.6390092869049411e-01	   4.4012260390366775e-01	   5.8851091013935297e-01	   1.7181218715480456e-01	   6.7551358929903782e-01	   5.5411511618638287e-01	  -7.5234354153169702e-02	   6.2675243481378914e-02	   7.1312773593174961e-01	   5.8578371251631045e-01	   3.0670487226327803e-01	   1.1301368889762789e-01	  -8.9183646248865087e-02	  -2.7005082808090131e-01	   2.3272301266796402e-01	   2.6404444968786545e-01	   2.1750863746548671e-01	   1.3908592093522726e-01	   4.7468825934254016e-01	   2.1676972754648038e-01	  -3.1821692624811559e-01	   6.9685384938422135e-02	   7.7311909041544849e-02	   1.2199118534436154e-01	   3.0324355785876345e-01	   2.3818702977235029e-01	  -7.4172513104433180e-02	   1.5627490160684407e-01	   1.1216176581648809e-02	   2.8702455928878789e-01	   1.2709099691269088e-01	   2.6247941487879245e-01	  -5.7565317902103397e-02	   2.0800835086196162e-01	  -7.9341773147461659e-05	   2.3966241928459700e-01	   2.0515739655556289e-01	   1.9294469240313117e-01	   1.4382223288747109e-01	   1.4071842934748718e-01	  -5.4661714581714246e-02	   1.1093392697601205e-01	   5.0336540958675446e-01	   4.6533320523176552e-01	   3.1881955181434796e-01	   3.3600142028641938e-01	  -4.0123177390637046e-02	   5.6507348761159294e-02	  -9.2320764745429107e-02	  -1.5634383859908285e-02	   8.1509796992102937e-02	   2.5481004554123621e-01	   3.8876600624582058e-01	  -3.7575235138157706e-02	   2.5015789479201267e-01	   2.6671376677815012e-01	   4.3024497372812727e-02	   3.6041294046947260e-02	
   1.0577416551407572e-01	  -2.8127601534141994e-01	   3.7751543000000887e-02	   7.0172297014138163e-01	   3.9793161576400043e-01	   7.0475476254446634e-01	   6.4813716422560252e-01	   0.0000000000000000e+00	   3.0502849909181762e-01	   6.7010330796577566e-01	   3.5069283632236303e-01	   7.0165900016968852e-01	   7.2132433042171995e-01	   7.6261488422553736e-01	   2.5420954481564167e-01	   6.4185245116901668e-01	   2.2662182530074806e-02	   4.1092200678901902e-02	   4.4099970705647126e-02	   2.5163553168312691e-01	  -1.7008208092548158e-01	  -1.3024276179486000e-01	  -9.1133564477751311e-02	   3.8681042019720960e-02	  -2.5800579490107700e-01	  -9.2668083849594650e-03	  -3.0714737379492391e-01	  -7.2794748026097427e-03	   2.9502464773127124e-01	   2.4234079881695320e-01	  -2.0836639715315854e-04	   2.0756070818429923e-01	   5.9399558462868685e-01	   7.6516564297302292e-01	  -3.9394948771912142e-01	   1.4887975315399093e-02	  -4.3052988517006996e-01	  -3.5840926137438878e-01	  -2.6623769560074506e-01	  -1.0043627506633299e-01	  -5.7449470901760565e-02	  -1.7249435237033976e-02	  -1.6565289419545165e-01	  -1.5246366427398733e-01	  -2.2074047111821891e-02	   8.6135395153538921e-02	  -2.6979841333030846e-01	  -1.6723370961501327e-01	  -4.5335518943635911e-02	   9.5767096099644802e-02	   6.2439792525614095e-02	   3.2258472922820330e-01	  -1.9165412148242486e-01	  -1.9829700960480637e-01	  -1.7314869558915325e-01	  -1.7715904871454852e-01	  -1.7161878900438360e-01	   8.3528796152676194e-02	   5.0384501769393697e-01	   6.1971517321752623e-01	   5.7215945642413801e-01	   7.0443130076844296e-01	   6.4277744581140561e-01	   6.9660157696817615e-01	  -3.0422942249080254e-01	   3.9613061541035877e-01	   4.1296434945687754e-01	   5.6955022466955185e-01	   1.1251602566242473e-01	   5.4409236812771059e-02	  -3.2290123939552495e-01	  -2.3805750785401439e-01	   2.7252701717118355e-02	   8.0825418962988796e-02	  -9.0582322565549211e-02	  -5.3011739083820605e-02	   6.1284791563348033e-02	   7.5413229721265893e-02	  -2.2709762062798422e-01	  -3.9748344637945909e-02	  -9.4904600394418587e-02	  -9.3730838689884216e-02	   2.5987965563768249e-02	   4.2512929154778972e-02	  -3.5745077265507674e-01	   4.4583624968535761e-02	  -3.0425946805898285e-01	   1.0842651344122014e-02	  -5.8641021982181560e-02	   2.5372042299399300e-01	   7.1134160666944293e-02	   2.0757858733240302e-02	   1.6755565494871519e-01	  -1.5577375007310380e-03	  -1.5232022878623724e-01	  -4.7247326016651450e-02	  -3.2301485216921239e-01	  -2.2881107665260392e-01	  -1.5262205636962603e-01	  -8.3063501650277483e-02	   7.0290403960171721e-01	   1.9290747344824927e-01	   3.7872979964401465e-01	   1.8127373421342236e-01	   2.9552618997710573e-02	   6.1586815484635973e-02	   1.2986551217318476e-01	  -2.5311936313042866e-02	  -2.1317390120490398e-01	  -3.4251114931163021e-02	  -3.0931581020071663e-02	  -2.5755348054955002e-01	   2.3317175015788179e-02	  -2.8715072227335610e-02	  -9.5782177300658369e-02	  -4.6715493917334261e-02	
   3.7993343437789229e-01	   2.0635861783852039e-01	   6.1548279799484040e-01	   5.2584428573179043e-01	   4.8497242703188920e-01	   3.4343996569767998e-01	   3.4901862739549572e-01	   3.0502849909181762e-01	   0.0000000000000000e+00	   5.7483937002878593e-01	   1.9028827575291388e-01	   2.2205291637296792e-01	   4.1996740252881370e-01	   2.6433045265179833e-01	   7.0056737643912115e-01	   5.0054049518488553e-01	   1.9339649108328408e-01	   3.5435050733361556e-01	   3.8237623299750856e-01	   3.0241256999886368e-01	  -1.5626157907643509e-01	  -9.2276590690513350e-03	   5.2549715453462331e-01	   2.1975806341544130e-01	   3.7297696503042871e-01	   5.0289610060962664e-01	   2.2734827622665654e-01	   3.2228721249939662e-01	  -8.0770780183905767e-04	  -8.3713343839593723e-02	   5.4748716208381643e-01	   5.0738098669345100e-01	   2.5535596033457175e-01	   2.6708083883441919e-01	   2.6522202102350417e-01	   6.4847690692068485e-02	  -8.9222528590461814e-02	   3.5499632960605387e-03	  -1.3822070292575803e-02	   5.8008072458813759e-02	  -3.2063000773169442e-01	  -2.0874592905962347e-01	   2.2253712412661233e-01	   1.9570164340431048e-01	  -4.7225679186198175e-02	  -1.7167636913309713e-02	   9.1387321619389089e-02	   1.4708419544506388e-01	   1.1678961520433281e-01	   1.2758305336693601e-01	   2.4531822828470462e-01	   3.0718484441658223e-01	   7.6576480212603840e-02	   2.3512566117147571e-01	  -4.9316097186389768e-02	   1.7100621640476171e-01	   3.6684523912438849e-01	   3.9370149213959937e-01	   4.8900741078904447e-01	   2.8209981223257535e-01	   6.7339307709003504e-01	   5.0042676252344620e-01	   6.0610420178710836e-02	   1.9666095049259216e-02	   6.6853567639247058e-01	   6.9417904993800539e-01	   1.1230494480698343e-01	   3.8979272660405281e-02	   4.7813729616750222e-01	   3.7032385769306519e-01	   2.8624718509832670e-01	   1.7352628692983679e-01	   1.4094454086444880e-01	   1.4382458506587653e-01	   1.8405183368587352e-01	   1.7208727893064485e-01	   2.8799427561243551e-01	   1.3171489401778053e-01	   1.8607240340269399e-01	   4.4514336032185542e-01	  -2.5516013220190609e-01	   1.2337395793451163e-02	   2.9781044679871183e-01	   1.0809736441954904e-01	   5.3447224766759671e-01	   3.7454184541000424e-01	   3.2241939142967052e-01	  -4.7310359898007137e-02	   5.1896210185453207e-01	   6.3258922179713406e-01	   2.2601300598907942e-01	   3.5269199448852973e-01	   4.2452829846434059e-01	   5.6207821627094923e-01	  -2.1318892740416887e-01	  -1.1544123906218878e-01	  -2.0543620132225190e-01	   1.9079633275240460e-01	   5.3123657371696192e-02	   2.5808033894244137e-01	   4.0708750598025051e-01	   4.8627242069575616e-01	   1.1058578778809114e-01	   1.8720102511563541e-01	   2.2761956368984163e-03	   7.7438764559187634e-02	  -1.1768315517123498e-01	  -8.9755565733772441e-02	   1.0661249470366696e-02	  -8.6634951048599890e-02	   6.2151939487372743e-02	   1.5395980452786942e-01	   2.6833772069467510e-01	   3.1509079669024648e-01	   2.8552521018984700e-01	  -1.2721038432924691e-02	
   1.1940233182189103e-01	  -1.0261005929010088e-01	  -5.8759301818804135e-02	   4.9004873455966136e-01	   1.6611691387395039e-01	   6.2989637468331416e-01	   1.0522808639365577e-01	   6.7010330796577566e-01	   5.7483937002878593e-01	   0.0000000000000000e+00	  -9.8535827608977333e-03	   4.4916730556076512e-01	   4.7248627880478067e-01	   6.5146195399901252e-01	   3.7526813538589104e-01	   7.1716780245389811e-01	  -3.9985148726587316e-02	   4.2852212293641889e-02	  -1.1307782642667100e-01	   2.4627586306089740e-02	  -2.0405086691471314e-01	  -1.2924442241811251e-01	   3.5620259325356618e-02	   1.3572799186420106e-01	  -2.4571208446116183e-01	   2.3329860015989234e-01	  -1.6941065698628502e-01	   1.2727268667901875e-01	   3.7572732801039690e-02	  -3.9425740331347457e-02	   4.3008582754960202e-02	   3.1699288277873189e-01	   1.5672007291184387e-01	   3.8880422376139112e-01	  -2.4166307880396998e-01	  -3.6125970688942089e-03	  -2.8323104300632146e-01	  -2.5962636925190608e-01	  -2.1675319033650403e-01	  -9.4747596692158043e-02	  -3.0373532776545720e-01	  -2.4986910419319452e-01	  -2.0279189051405516e-03	   3.1143009096616811e-02	  -1.0912460398304544e-01	   5.8893937786240830e-02	  -9.4509226598141309e-03	   9.4305460683351633e-02	  -1.2634759608660210e-02	   1.2496489886277473e-01	   1.3864034803747172e-01	   2.2767907885961974e-01	   7.2058271961826681e-02	   6.9950091772619710e-02	  -1.1460974704723173e-01	  -6.6287557502823682e-02	   2.8865227546042893e-01	   2.6059068343424341e-01	   2.7359232192337041e-01	   4.2746240349444004e-01	   5.4309137732917190e-01	   8.7351569530338957e-01	   2.1060761660346383e-01	   2.7877484386363832e-01	   7.4681628623417706e-02	   7.1626564842741536e-01	  -5.3198391011812290e-03	   1.9340792850782140e-01	   1.8460957691257773e-01	   1.7991394719317733e-01	  -4.8796753656400196e-02	   6.3769064963150962e-02	   4.7145523339695546e-03	   7.0262760232885331e-03	  -1.0240809990708324e-01	   3.5526776672751316e-03	  -9.1999511337572948e-02	  -7.2879231174883870e-03	   1.2272426424638481e-01	   2.0623853406005319e-01	  -1.8103374477161352e-01	  -1.4750064187156703e-01	   9.4920808382477680e-03	  -1.4011017759498312e-02	  -2.6830668481505858e-02	   1.2517867739684305e-01	  -1.2391070139272328e-01	  -2.1722893818538627e-01	   2.1058476836553161e-01	   4.5344945596890485e-01	   2.4910858952620435e-01	   8.4797012789240234e-02	   4.1526981995967793e-01	   1.5453820154825948e-01	  -3.1964372438461308e-01	  -1.6107260502007270e-01	  -4.4051000227521814e-01	  -1.3451126514231676e-01	  -5.7682066180249805e-02	   1.3366611120318353e-02	   5.2048431209875923e-01	   1.7949210572307875e-01	   1.7835308046847492e-01	   5.7422951422036420e-02	   7.7380872838433326e-02	   1.1535911725920234e-01	   2.3125930692045082e-01	   3.0906342239346594e-02	  -2.4999204463052860e-01	  -1.8365055650537004e-01	  -2.2792500810198166e-01	  -9.9887069927836136e-02	   3.4353986436592571e-02	  -4.1567717461384379e-02	   8.4509741715183259e-02	  -5.3206890408607495e-02	
   6.6800991190277814e-01	   1.2455114829188768e-01	   3.9751859005991586e-01	   4.9506272349268710e-01	   3.2089226418153416e-01	   8.9999269128094833e-02	   5.8386519493199951e-01	   3.5069283632236303e-01	   1.9028827575291388e-01	  -9.8535827608977333e-03	   0.0000000000000000e+00	   5.8648704277350427e-01	   5.5723830459577817e-01	   3.1896636844467174e-01	   4.8614242014182107e-01	   3.4308419159197778e-01	   2.6952174736819434e-01	   1.4180700792869436e-01	   6.9522099271632254e-01	   6.7996647224925133e-01	  -6.7513011409427309e-02	  -4.5989630147133392e-02	   2.8385758881822704e-01	   1.8317991589078253e-01	   1.6590725949933380e-01	   5.8350947321469282e-02	  -2.4499978000309007e-03	   4.2739863731107650e-02	   1.4434000548615478e-01	   1.6578341581753539e-01	   2.4464802883350087e-01	   1.7251285931715449e-01	   4.6633333130405302e-01	   3.6415546803031129e-01	   4.7102024804116530e-02	   4.3808796841357425e-02	  -1.1347578043797857e-01	   1.7903598996906196e-02	  -1.1912797525020494e-01	   2.2954889852598019e-02	   9.4519981973451850e-02	   1.5773790164924481e-01	  -3.5166673624394899e-02	  -9.3573818214677709e-02	   7.4202391002669163e-02	   2.6047579907886025e-02	  -2.8524198218620050e-01	  -2.4090780909179962e-01	   1.6974647072939941e-01	   2.2262203567777319e-01	   9.3986391797828958e-02	   3.5295608131893541e-01	  -2.6016162326890346e-01	  -9.1666440063165724e-02	  -1.7739376638367589e-02	   1.0368788041693602e-01	  -1.4653808322303088e-01	   9.7529905106848280e-02	   5.4598049460430131e-01	   5.1170137456213571e-01	   4.5639667829996433e-01	   1.6016330245369573e-01	   4.5523035700771675e-01	   4.7902423894322704e-01	   9.3313110435089358e-02	   1.4233042940128271e-01	   5.0987452744314155e-01	   4.3060582144132781e-01	   2.6228418185706998e-01	   6.3488864047313923e-02	   1.6862671778241717e-01	   4.1768929793998516e-02	   1.9886314349926182e-01	   2.0476622896463353e-01	   2.8013556606641055e-01	   1.8713572411450238e-01	   5.4012691527216550e-01	   3.3905966273915933e-01	  -2.5517752200928318e-01	   3.5245133100625145e-02	   3.6648963029313718e-02	   2.0561315597018148e-01	   3.8688581000383937e-01	   2.9706379360125568e-01	   2.1350546102668660e-01	   2.8730670661722224e-01	   1.1268461589589215e-01	   1.9204350914057450e-01	   1.3160694397235451e-01	   2.6908831675252243e-01	   1.2034446398592503e-01	   2.7134829840535468e-01	   7.6281648173664757e-02	   1.6639565485782273e-01	   1.6021114329884989e-01	   1.1318789309224569e-01	   8.3554123873322880e-02	   1.5969313618980491e-01	   1.8693038260465175e-01	   2.8258462455979466e-01	   3.1157492198991765e-01	   1.9110501682986872e-01	   2.9799852420162831e-01	   1.9984178558381996e-01	  -1.5591311199394148e-01	  -1.1546118860862349e-01	   4.7767245902707298e-02	  -2.5266601803276341e-02	   9.4435187281061303e-02	   1.7047672962660521e-01	   3.5062196472927043e-01	   9.7733790613361904e-02	   3.8769276072366254e-01	   3.3534603995658041e-01	   1.5904583447126991e-01	  -3.0463194646701719e-02	
   3.6681303683579247e-01	   2.3232969936742315e-02	  -6.4246016558137150e-04	   5.6512623404268181e-01	   3.0258267770216080e-01	   3.4360869315987230e-01	   5.3678981179125462e-01	   7.0165900016968852e-01	   2.2205291637296792e-01	   4.4916730556076512e-01	   5.8648704277350427e-01	   0.0000000000000000e+00	   7.1776460793794694e-01	   7.1346907791899505e-01	   2.4218567915922484e-01	   5.2605057980742997e-01	   3.3183650341581022e-01	   3.4232671584819718e-01	   2.1071055143616427e-01	   4.0640189168093949e-01	  -1.7638024768344510e-01	  -1.3573137732382407e-01	  -1.1016426316657638e-01	   4.2088301581300379e-03	  -1.5820044225436125e-01	  -8.7901105664035070e-02	  -3.6319128340510098e-01	  -2.1616266416020471e-01	   4.0320277158065798e-01	   3.9012710799344752e-01	  -7.6976057975297968e-02	   4.4149871675279402e-02	   5.2808099048079038e-01	   5.6312074575008741e-01	  -3.5270868266133260e-01	  -9.4693248500484786e-02	  -2.6351752630696468e-01	  -2.0326043135928287e-01	  -2.0405733965780515e-01	   2.9330891367598411e-02	   8.8395593720128080e-03	   1.0373291336434182e-01	  -1.0445228738194121e-01	  -4.8330530515614867e-02	  -7.1180758765975313e-03	   5.0095601520676686e-02	  -2.2729056655610472e-01	  -1.3664867835474739e-01	   2.1917458838791308e-02	   1.6508288229682594e-01	   1.3051580316525249e-01	   3.9535542467688084e-01	  -2.0064870653830766e-01	  -2.0279033094417301e-01	   2.0593496956535135e-02	   2.0504814534777999e-02	  -3.7426132965805879e-03	   3.9059746523596528e-01	   6.9342351534300239e-01	   7.8932209844738432e-01	   6.5070516596530981e-01	   5.5230636297247571e-01	   7.4689971231266128e-01	   8.0977459275156694e-01	  -2.4506488164164986e-01	   2.2818605263629335e-01	   5.2978422090129240e-01	   6.2665302746818641e-01	   3.1841908755334408e-01	   2.4669920712221444e-01	  -3.8340245810600027e-02	  -4.8274544449244519e-02	   1.6863538839996206e-01	   2.5460215611365933e-01	   1.3263150989837616e-01	   1.4287589625887392e-01	   2.5732357721243138e-01	   2.5507767849892204e-01	  -4.3913241859643688e-02	   3.1669923267424593e-01	   2.2693208801328035e-01	   2.0375094835411217e-01	   1.3085089277366418e-01	   2.2485807279268766e-01	  -1.8424128577137944e-01	   1.4004433415693529e-01	  -1.8140655212548537e-01	   5.4735594070489717e-02	   1.0967798699512676e-01	   3.1844778099716270e-01	   2.4674560344305926e-02	  -2.2740282645038301e-02	   9.4667155260572289e-02	  -6.9031453034733917e-02	  -2.0046413036538341e-02	   1.1500204731386694e-02	  -9.5564535598699873e-02	  -7.9519049842014425e-02	   3.1935916759488120e-02	  -2.1903681282663515e-02	   5.6571202013898680e-01	   1.3094179664999706e-01	   4.8755754548532199e-01	   1.7034118949760996e-01	  -1.8626759091491857e-01	  -1.5123287185103890e-01	   5.7848109751166686e-02	  -4.6434255584546592e-02	  -1.7713143617798732e-01	   1.0612777933818857e-01	   1.0330309591061668e-01	  -1.8781934226992675e-01	   9.9364950418260684e-02	   4.0566943264933063e-02	  -1.5165570459865890e-01	  -1.5442598490544091e-01	
   3.6724753361205931e-01	  -1.3446338996893414e-01	   2.5690568480484255e-01	   5.5906238096359884e-01	   5.4178189555940237e-01	   3.9969050775936860e-01	   7.5420925920017723e-01	   7.2132433042171995e-01	   4.1996740252881370e-01	   4.7248627880478067e-01	   5.5723830459577817e-01	   7.1776460793794694e-01	   0.0000000000000000e+00	   7.5810078313840334e-01	   5.5462873974297455e-01	   5.5015766395969168e-01	   1.8522862252059041e-01	   1.7794038372547222e-01	   2.0268364884232490e-01	   2.3559374094408858e-01	  -1.2474723410775534e-01	  -1.2157921401725780e-01	   7.1008164874960464e-02	   4.4323371243145407e-02	  -1.5478204561918792e-02	   3.3879990977078299e-02	  -1.5525447248556398e-01	   1.1199194049280096e-02	   4.8346884866569456e-01	   2.9149894021884681e-01	   2.0810316623262951e-01	   2.7375083326359845e-01	   6.2393745227436437e-01	   6.0759725865083158e-01	  -1.2819403195184093e-01	   7.8217333276028728e-02	  -1.6383049921443463e-01	  -1.4433116706823459e-01	  -7.2098191250318661e-02	   1.0392584784952907e-01	   6.2560783941111892e-02	   3.3957082429687549e-02	  -1.5458605303105924e-01	  -1.4203959932969268e-01	   1.3097531191834232e-02	   5.6355404263253833e-02	  -2.8156409083718598e-01	  -1.5449436487020951e-01	   4.0209291351184034e-02	   1.8067536240673188e-01	   1.1523441947212637e-01	   4.1441469505214118e-01	  -1.9931515611969530e-01	  -1.6954788829778239e-01	   5.5046200341663368e-02	   1.4023758860034942e-02	  -3.5536906544226213e-02	   1.6686737163921270e-01	   6.1249092230476643e-01	   5.7518605093812258e-01	   7.6460376483716752e-01	   5.5136294910679795e-01	   7.5403089828605774e-01	   6.5815962764790736e-01	  -4.6702814742871891e-02	   3.4651731362858357e-01	   5.1109787918508620e-01	   5.0680314978656027e-01	   1.8823252727338424e-01	   4.7809429488360061e-02	  -1.5359906053727615e-01	  -2.9606376753741903e-01	   1.9759125217213000e-01	   1.8478673688548830e-01	   1.9390043080247710e-01	   1.5079298920734793e-01	   4.2945169921465104e-01	   2.0315464641189573e-01	  -2.0773295014427295e-01	   8.0912816728940934e-02	   8.2232289721594604e-02	   2.2715387164509288e-02	   1.9959670817668851e-01	   1.2578462413689404e-01	  -8.4315425520526982e-02	   1.4283368432390128e-01	  -7.1160074821891045e-02	   4.6084981093273650e-02	   2.0801982391703103e-01	   4.0046847257719925e-01	  -3.0024196495816072e-02	   8.3165459787326659e-02	   9.4813425285427244e-02	   8.8778093209196066e-02	   5.2738254707493243e-02	   1.3838013952075130e-02	  -8.8059008316292292e-02	   7.8231012594152036e-03	  -9.1431337683429870e-02	   4.2346739694228731e-02	   4.9696809458681146e-01	   3.1859381201561671e-01	   2.3077235844338329e-01	   1.2011574255392943e-01	  -1.3722376382110407e-01	  -3.4686078337093633e-02	  -6.4741138316656455e-02	  -9.4975465728013200e-02	  -2.6163615333193273e-03	   2.3530506634840859e-01	   2.1427149105173593e-01	  -9.3304441983258296e-02	   1.4997050933616835e-01	   1.6550091474181788e-01	   2.6385572237656203e-02	   1.4841030230728598e-02	
