   0.0000000000000000e+00	   7.6194933158531930e-01	   5.9157906310751285e-01	   5.4802699067105420e-01	   3.9818458795166556e-01	   2.9902718823281366e-01	   5.7977881233735840e-01	   6.4349954027509115e-01	   3.8499847122927977e-01	   3.9858573439242928e-01	   8.4567679111538241e-01	   7.7310900184398657e-01	   6.7577814366803679e-01	   6.5471411651239808e-01	   4.4215870636110910e-01	   5.2496141706988786e-01	   8.4150537557707394e-01	   8.2313038916806547e-01	   7.9623139465713555e-01	   7.1612005012996804e-01	   6.8811073100068121e-02	   2.4960205877653352e-01	   3.8884615582779963e-01	   3.2348652060672056e-01	   1.9205324347818442e-01	   1.3811641906562294e-01	   4.0452407781792842e-02	  -2.1840214352482734e-02	   6.8541248046118119e-01	   6.3689135203371861e-01	   4.2441983932846539e-01	   4.2599525446099806e-01	   7.3170567283402788e-01	   7.6948596321502583e-01	   3.2012124485612792e-01	   3.6742156889611460e-01	   4.9807527994242451e-01	   4.3803069543187390e-01	   4.5205632502503434e-01	   4.5812583368778420e-01	   5.6879347119264079e-01	   5.1386824627865002e-01	   3.9222018249940527e-01	   2.8666472835021789e-01	   4.2511134224762898e-01	   3.9701439058730387e-01	   3.9834173360263703e-01	   3.5332081701841861e-01	   4.7627775619441703e-01	   4.7212919386698199e-01	   4.3900880373556733e-01	   4.4174002462098866e-01	   4.2127972084410087e-01	   5.5073678006138016e-01	   5.5929268995213444e-01	   5.0031285339417542e-01	   9.1688634665567670e-01	   6.9202533236489838e-01	   8.4007536934531246e-01	   7.0139368367032651e-01	   8.4083839466487142e-01	   6.7430973745777700e-01	   7.8121179107212146e-01	   6.8139127455655868e-01	   3.9308332415999608e-01	   5.5498211689417476e-01	   5.8542099505996559e-01	   4.4241908783605532e-01	   6.2264033812332009e-01	   5.0692068259297773e-01	   3.3454775032117806e-01	   3.7843836292740796e-01	   7.3440096990106329e-01	   6.8103572594192574e-01	   7.6871271679041597e-01	   7.2912942384104595e-01	   6.4636375928930523e-01	   6.7588096545167065e-01	   8.6151777581112443e-01	   7.8212399276321853e-01	   8.4486675065817363e-01	   7.8937126386919498e-01	   3.0662082165540483e-01	   5.3118345297608105e-01	   5.7335443057929469e-01	   4.8459637325465105e-01	   2.9559157980660816e-01	   3.0097271574522377e-01	   6.2623240034268368e-01	   6.1157640415217063e-01	   5.5088366942645028e-01	   1.3749576390988233e-01	   4.9565554349350999e-01	   3.6002635008304051e-01	   7.2426709536536849e-02	   1.1036778438267475e-02	   3.1512978314968865e-01	   3.1645570600200940e-01	   4.4372569944996026e-01	   5.1001395498531221e-01	   6.1091520611868144e-01	   4.9666762627793060e-01	   5.4736417066814747e-01	   5.9795123081026547e-01	   1.6611303657655702e-01	   1.3522093485649353e-01	   9.0823982223450866e-02	   2.1778524858065296e-01	   1.3314013916054701e-01	  -3.7418734021375515e-02	   1.9086736336792243e-01	   4.3251200980978100e-01	   4.1195223568592304e-01	   3.0086180827228326e-01	  -5.7285867501909830e-02	  -1.9684633592703532e-01	
   7.6194933158531930e-01	   0.0000000000000000e+00	   5.6342059426815783e-01	   6.0291969168179949e-01	   4.3699969781837722e-01	   3.0145512989498091e-01	   5.8156661524819009e-01	   6.5609275770285247e-01	   4.9262788672323210e-01	   3.5360979422987510e-01	   7.7258944018483311e-01	   8.5355833293382122e-01	   5.6544288052066305e-01	   6.2470915067647259e-01	   4.7457167165404274e-01	   4.9282018364891389e-01	   7.0323467350359836e-01	   7.3076880453720017e-01	   7.6824321541143992e-01	   8.7821676815611771e-01	   2.7453113120618522e-01	   4.8879297036657787e-01	   4.0668265691954286e-01	   3.5186582808040245e-01	   2.9868335853463551e-01	   2.1206280156729557e-01	  -3.2148394682711218e-02	  -5.2754748543019495e-02	   7.1438986411885574e-01	   7.0045882003427073e-01	   5.3090843085566863e-01	   5.1312956109431640e-01	   6.8261183095375433e-01	   7.7380768292906232e-01	   1.8100997760623161e-01	   1.5883542518503793e-01	   5.6694651242034255e-01	   5.0696285333343338e-01	   4.6490447735461593e-01	   4.7417113398276567e-01	   6.0108845270529809e-01	   6.2353155603568466e-01	   3.3772222661751750e-01	   2.2766031142843446e-01	   3.2556344321540165e-01	   3.0815662258694126e-01	   4.1460933379963150e-01	   3.3510653699570370e-01	   3.4923104792914295e-01	   3.9406273289014160e-01	   4.2036591581707289e-01	   4.3990872035103162e-01	   4.6559896308523702e-01	   5.3292253526970801e-01	   5.1889666408361657e-01	   4.9872738806655276e-01	   6.6956282682296997e-01	   7.1802318759471140e-01	   5.8820815587321862e-01	   6.1797270071055732e-01	   5.7259123593700512e-01	   5.9471845201300211e-01	   6.5941445868460213e-01	   7.0402110897185410e-01	   2.5668555217305139e-01	   3.9047548525892850e-01	   4.1783071018768270e-01	   3.1107023795169630e-01	   5.6256048982578710e-01	   4.6192381456159226e-01	   4.2955648281336750e-01	   5.2393773401472965e-01	   7.4614580726409840e-01	   7.7854376002779258e-01	   7.5345610716404643e-01	   8.1465400557380541e-01	   6.4768222248078899e-01	   7.8910413894967091e-01	   6.3900564146652405e-01	   6.3830934829698149e-01	   7.9836004814532857e-01	   7.4734814198563704e-01	   4.7525463139452162e-01	   6.6392394711989822e-01	   5.6400810198431595e-01	   5.4753945763688816e-01	   3.3905015708390041e-01	   4.2584812281931839e-01	   5.0583491373698453e-01	   5.9324437468963920e-01	   5.5514853884636040e-01	   1.5041495011786446e-01	   5.2965260431782302e-01	   3.7644511432113459e-01	   3.2774362261767900e-02	   3.0938767748096403e-02	   4.1199842437799511e-01	   2.7197308855099744e-01	   5.2263450348165685e-01	   4.6430872267563544e-01	   6.7756049606368318e-01	   4.1387161442638104e-01	   6.6782354645192099e-01	   4.6413532502784755e-01	   3.3352600224245288e-01	   2.6143805623431066e-01	   1.2789542777046065e-01	   1.7844823122098857e-01	   1.7243171006797864e-01	  -2.5102744923754736e-03	   2.1358203628507558e-01	   4.3508436725060634e-01	   5.4391539274043010e-01	   4.0718379872019334e-01	   9.2845490079086462e-02	   4.7310743057948378e-02	
   5.9157906310751285e-01	   5.6342059426815783e-01	   0.0000000000000000e+00	   8.3678243559579035e-01	   8.0313402566618874e-01	   5.9600204135161694e-01	   8.5885899605535032e-01	   6.1523650021627230e-01	   7.4394538166195257e-01	   4.4536633673497095e-01	   6.9235784401458811e-01	   5.6453612097650785e-01	   6.5246012170368906e-01	   4.8537830359729750e-01	   6.7987965712422005e-01	   5.3137880003152782e-01	   4.4876717811832156e-01	   4.5854597218998366e-01	   7.3280523198502245e-01	   5.0937892242984073e-01	   5.3817025204895219e-01	   6.4328125220126442e-01	   8.8023539791969063e-01	   7.6123950411298291e-01	   7.0505486577317000e-01	   5.5419757931519742e-01	   4.2044280392914879e-01	   4.0744814462522994e-01	   5.4526253129522395e-01	   4.9978680115264884e-01	   8.0426911871892459e-01	   7.5320837001525853e-01	   6.8263126677475883e-01	   6.8090622078240570e-01	   6.0829581511073016e-01	   4.5931575976041239e-01	   5.3360031403452479e-01	   4.3489777622185777e-01	   5.4688496787663521e-01	   4.4235806688203116e-01	   4.9220642884811755e-01	   5.0442435564161947e-01	   4.6807151486504672e-01	   3.2960189796092554e-01	   4.9795240264800944e-01	   4.8135334604542762e-01	   3.5745567998687700e-01	   3.7125532261123234e-01	   5.3003719330428600e-01	   4.5649443853895466e-01	   5.3607298824736782e-01	   4.7793390009285963e-01	   5.1583836453256138e-01	   6.0727950951525811e-01	   5.0905481693145571e-01	   4.3234623757713037e-01	   4.1798844299840110e-01	   3.6569629849842900e-01	   5.7825870663144496e-01	   5.6435703310036756e-01	   5.9018866392852298e-01	   5.9948621002185254e-01	   4.9028786980485883e-01	   4.4059017012056984e-01	   7.8972000666971476e-01	   7.0127571018423285e-01	   6.0217224603872632e-01	   4.8008373371479041e-01	   4.3799962430541695e-01	   4.4702271624800943e-01	   4.2738459590978345e-01	   3.4709460820718818e-01	   5.2863711047214124e-01	   5.5880056008792045e-01	   5.6095430956331471e-01	   6.1631001231587068e-01	   5.5593093313903708e-01	   5.6184216682767174e-01	   4.5646709382091788e-01	   4.7887105778941519e-01	   6.1793088114107020e-01	   6.5484688333015029e-01	   4.5772487419336488e-01	   5.4549856581481782e-01	   7.7503739775652991e-01	   6.6461418703298769e-01	   5.1469090070335666e-01	   3.6618973825328438e-01	   7.1910506077945735e-01	   7.0096065862563806e-01	   6.4034788771295825e-01	   4.9336460868214438e-01	   6.3372172548048189e-01	   7.2761050636112512e-01	   8.1629847641852382e-02	  -3.9015306774684691e-02	   2.9975254477596913e-01	   3.9177760543824165e-02	   4.1303523634402001e-01	   4.5347501102787119e-01	   5.6078067044084157e-01	   6.9761457230241763e-01	   3.8635428160923641e-01	   4.9152968100475014e-01	   1.8379581507031970e-01	   3.0996423052118693e-01	   1.2686745405018041e-01	   1.3866961819267726e-01	   6.8875175534150013e-02	  -1.7341959749271701e-01	   1.2455085148821915e-01	   4.9289954810003411e-01	   5.2115712439399131e-01	   3.8476750517361014e-01	   1.6415252613235171e-01	  -1.3150755823289445e-01	
   5.4802699067105420e-01	   6.0291969168179949e-01	   8.3678243559579035e-01	   0.0000000000000000e+00	   6.7672645740540893e-01	   7.4847190962693289e-01	   8.5588259247291654e-01	   8.2729855618350767e-01	   6.5244592989288397e-01	   5.2791998578601662e-01	   6.3785559050210738e-01	   6.9794351608556415e-01	   5.0328518799013211e-01	   5.7912185479321043e-01	   5.2142795925270891e-01	   5.9426498168028297e-01	   4.9147399834936734e-01	   5.1020806288930898e-01	   6.3681412072044519e-01	   5.9015713903092715e-01	   4.5621416087748579e-01	   6.5280847943289799e-01	   6.7252354979956963e-01	   7.6651372412545138e-01	   6.1422472606948486e-01	   5.9813628919993367e-01	   3.0449946369995273e-01	   3.2850710873235900e-01	   5.3410709787728883e-01	   5.6476125282531908e-01	   8.0877568580010029e-01	   8.3500873396803188e-01	   7.3958100329359033e-01	   7.4464695677226689e-01	   5.3502247354438415e-01	   5.4972761020804239e-01	   5.3752815744727722e-01	   4.8508503377512341e-01	   4.9895246757304129e-01	   4.8565560456011958e-01	   6.0519360768915142e-01	   5.8443377794527973e-01	   6.1123428553076453e-01	   4.8177040729159371e-01	   6.5519462497708147e-01	   6.2236995532941897e-01	   4.8395393636690731e-01	   5.3858779994824424e-01	   5.9244005202257177e-01	   5.6617431538914853e-01	   6.1354818937316669e-01	   5.6221073241938879e-01	   5.5711556124600936e-01	   6.6795869248703654e-01	   5.6968522912348663e-01	   5.5380405217448692e-01	   3.5812463122107246e-01	   3.2564477644863910e-01	   5.7017273932084478e-01	   6.6548235157291180e-01	   5.6275293743188437e-01	   7.1210575950782928e-01	   6.1033405674243646e-01	   5.7499097241402253e-01	   6.0940489105459172e-01	   7.2298107745723938e-01	   7.3192390863497403e-01	   6.9147558500700579e-01	   4.6266037285853878e-01	   5.6087474251376634e-01	   2.1773833198148063e-01	   2.5725093271685023e-01	   4.7349676711581701e-01	   5.4511658977110788e-01	   4.7891214508958124e-01	   5.5921986304859816e-01	   4.8158656278378664e-01	   5.5595027559088961e-01	   4.6918836590025192e-01	   4.9215828519973315e-01	   6.4169067470951147e-01	   7.1028723885107836e-01	   4.6795595244839383e-01	   6.3189882997145319e-01	   6.8251329273446659e-01	   6.7278854375028319e-01	   3.6969845351176134e-01	   3.6068754611373843e-01	   6.6403423927962368e-01	   7.4434166345784825e-01	   6.8956604231429941e-01	   4.0837463241094535e-01	   6.7022895198613408e-01	   5.7671138023223878e-01	  -3.9570663368483833e-02	  -8.9376716815822460e-02	   3.5178854316828562e-01	   7.2377984705251600e-02	   4.9892067620965580e-01	   4.9064727834305644e-01	   6.5401237307408644e-01	   6.7582258724357736e-01	   4.8501366865490070e-01	   5.1979546120949094e-01	   2.1648556829849572e-01	   3.6613371599120192e-01	   2.3683939366113760e-01	   2.6913474921928138e-01	   3.3301021605892531e-02	  -1.4281996185564683e-01	   2.5688237175933493e-01	   5.7737104808860451e-01	   5.8686246009559262e-01	   4.4188936308217786e-01	   2.1714701474866260e-01	  -1.4526225074007151e-01	
   3.9818458795166556e-01	   4.3699969781837722e-01	   8.0313402566618874e-01	   6.7672645740540893e-01	   0.0000000000000000e+00	   5.9059401429291802e-01	   6.0100008118197179e-01	   4.3084048347161857e-01	   8.5092673775201122e-01	   1.5494356788129990e-01	   5.1897550932624659e-01	   4.0277569431951876e-01	   4.5520320822624027e-01	   3.7201540699794500e-01	   7.1682543619658290e-01	   4.6385920809609893e-01	   2.8857441416304064e-01	   3.1385896153071313e-01	   5.3933270559250324e-01	   3.6106227718571721e-01	   6.3872327119632821e-01	   6.2856881786409402e-01	   7.5527475325072413e-01	   6.7160167174371477e-01	   8.5519369564256320e-01	   6.7329274486469748e-01	   5.7321737103148551e-01	   5.0663722148249679e-01	   3.1412240894362109e-01	   3.6631223107267097e-01	   5.9863360463004756e-01	   5.7111715592427892e-01	   4.2681969528253116e-01	   4.4675657296506899e-01	   4.8817872554298325e-01	   3.6894528192897980e-01	   5.2632096936941786e-01	   4.6928899034267857e-01	   6.4417388108879692e-01	   5.3371870179984282e-01	   4.2362299636593459e-01	   4.4500558995798101e-01	   2.8578270384490734e-01	   1.4632255703850344e-01	   3.0133166324190352e-01	   3.2825766746406970e-01	   1.5542178927487396e-01	   2.0574367146263939e-01	   3.2512158293631721e-01	   2.8009383920724495e-01	   4.1437818981720997e-01	   3.9203166729824601e-01	   4.8907092482247616e-01	   5.9245468249970878e-01	   4.1553039874541098e-01	   3.4382448402758825e-01	   2.5075269474829609e-01	   3.2095257622558226e-01	   2.9253879631879109e-01	   4.1043039038185336e-01	   3.0316126542020227e-01	   4.2168725983355626e-01	   2.4358921852392790e-01	   2.9420981377160443e-01	   6.6813411651663690e-01	   5.9537483058049157e-01	   4.3923199288182435e-01	   3.8243579021154661e-01	   3.5228522810333751e-01	   4.2576213900612081e-01	   4.6754211172124333e-01	   3.8934016008095090e-01	   2.9092252479653685e-01	   3.4735636409228593e-01	   3.1333837926939911e-01	   4.0124220045880199e-01	   2.9626018893308315e-01	   3.3903781091215124e-01	   3.2053170339620862e-01	   3.3986975217321536e-01	   4.8083648397375484e-01	   5.8685406063039258e-01	   5.5102640628893340e-01	   5.5391002139815526e-01	   7.9397695885457531e-01	   7.2592979348830855e-01	   5.9423800816875838e-01	   3.4489297244881789e-01	   6.9850452449171996e-01	   6.7353344431839457e-01	   6.7998510956374381e-01	   6.2369704202793685e-01	   7.6043973785345753e-01	   8.1096067612519263e-01	   3.2013374077236374e-02	  -4.8642234842397547e-02	   1.9272516272647788e-01	  -8.6450432828574009e-02	   2.8830933936062919e-01	   3.4416268844655507e-01	   5.7952762304365402e-01	   6.6756542863964441e-01	   3.9670316171335152e-01	   4.6235338602493437e-01	   2.2766358700572351e-01	   3.3490008347809980e-01	   1.4275419041540374e-01	  -6.5783640943109845e-02	  -5.1378068302026382e-02	  -3.0571199184497894e-01	  -7.7013117922422381e-02	   3.1969334827525131e-01	   4.2738740772494827e-01	   2.0646461046359665e-01	   6.3117409158341548e-02	   2.8120929458557535e-02	
   2.9902718823281366e-01	   3.0145512989498091e-01	   5.9600204135161694e-01	   7.4847190962693289e-01	   5.9059401429291802e-01	   0.0000000000000000e+00	   6.4203481261211703e-01	   6.6058287345810796e-01	   6.0789467204957892e-01	   5.9174538541991306e-01	   4.1935999394239937e-01	   5.0230954805332195e-01	   3.5352469644815709e-01	   4.8271154964677809e-01	   3.5525767433909772e-01	   6.2016290471820845e-01	   4.1751763692956578e-01	   4.6455528144746916e-01	   3.2095682277530957e-01	   3.0420437214057450e-01	   4.3142314780080560e-01	   5.4452892514504792e-01	   4.2259296951464026e-01	   5.2073415955336255e-01	   5.7427058542283693e-01	   5.7991378080299527e-01	   3.5595695044152137e-01	   4.0223144947837458e-01	   3.9081320649206786e-01	   5.7059361007328535e-01	   5.8493023666043964e-01	   6.4043186155570897e-01	   5.9675462299460869e-01	   5.7980491037759008e-01	   4.8103358407737185e-01	   5.4793046752673391e-01	   4.4683277211722794e-01	   3.6282525484520023e-01	   4.8476443442412653e-01	   4.9119506372428212e-01	   5.1834497888578568e-01	   5.1785646885334324e-01	   5.5963189909136235e-01	   4.8587395889442131e-01	   6.2097235818267527e-01	   6.0429491964767801e-01	   4.1613881420434384e-01	   5.2272051712589052e-01	   5.7396757800178266e-01	   4.8876724392715443e-01	   5.7252124667243276e-01	   4.8249918575762663e-01	   5.1977490806448834e-01	   5.7778745351899485e-01	   5.1641355339316120e-01	   5.2407559399506543e-01	   1.3435331443827131e-01	   1.7018265987038209e-01	   4.1302869388857366e-01	   4.9999310237294980e-01	   3.6322370572575291e-01	   5.6241291135885374e-01	   4.2932086822197812e-01	   5.2962294665107734e-01	   3.9470132026659699e-01	   6.1584715897345066e-01	   5.8291441593036841e-01	   6.3821205918113666e-01	   2.8708187754877001e-01	   4.0432899559814151e-01	  -4.5290419011985127e-03	   2.0104036009201926e-02	   2.2896046099491818e-01	   3.3758803630391471e-01	   1.8801766454376362e-01	   2.4975307045125977e-01	   2.8837942448329684e-01	   3.0783767217952496e-01	   2.8307469269162477e-01	   3.6185836771443636e-01	   4.9953116503291628e-01	   5.1744219076943476e-01	   3.7090224456492660e-01	   4.6495650635468511e-01	   4.5390017830493329e-01	   3.9040123835088697e-01	   2.0909813369171804e-01	   4.8511361351218987e-02	   5.6996452122629238e-01	   5.7096010514340045e-01	   5.7186393041174388e-01	   4.0542207367682553e-01	   6.0446304159538977e-01	   5.2867214483999558e-01	  -1.7526062140458709e-01	  -2.1351651896374596e-01	   1.9819645766040161e-01	  -5.7394987872160658e-02	   4.1772738897558526e-01	   3.9698983281133648e-01	   5.0093699571298145e-01	   6.1719198858864255e-01	   3.4837408943771564e-01	   4.9474063208146446e-01	   1.0986221370940799e-01	   2.5968371665778212e-01	   1.3880353681124930e-01	   9.8254509152566505e-02	  -2.5392703104019870e-01	  -3.2366666231780961e-01	   2.7913809466380246e-01	   5.2450083061312369e-01	   4.8164561691211805e-01	   3.2065480179814693e-01	   2.4959076811561265e-01	  -2.3177398703091565e-01	
   5.7977881233735840e-01	   5.8156661524819009e-01	   8.5885899605535032e-01	   8.5588259247291654e-01	   6.0100008118197179e-01	   6.4203481261211703e-01	   0.0000000000000000e+00	   8.5244782478655301e-01	   6.9808709684908721e-01	   5.9345351676578550e-01	   7.0386547245738584e-01	   6.6557419776725213e-01	   7.1838670455218456e-01	   5.8416408022510169e-01	   5.7342038165798292e-01	   5.8721776570019890e-01	   4.7787862097582179e-01	   4.8044182193605273e-01	   6.9516232156220792e-01	   5.9358505725957911e-01	   3.7053220808265402e-01	   5.4842802583031303e-01	   6.2006671374863132e-01	   5.7349646819457889e-01	   4.0465054690695457e-01	   2.9408936496526694e-01	   1.2802668790571894e-01	   1.6527103904462148e-01	   6.0756556055404665e-01	   5.9867056462862189e-01	   7.5804325733272226e-01	   7.2115031198818103e-01	   7.7646727144606442e-01	   7.3997786412009681e-01	   4.2096981193957494e-01	   3.8139227640162404e-01	   3.8479995830596192e-01	   2.5338606990085721e-01	   3.3888121865096910e-01	   2.3846671781723866e-01	   5.3751493716737997e-01	   4.8400491234449883e-01	   4.3279018533582336e-01	   3.0959115534335352e-01	   5.8217393419435715e-01	   5.0547311564230923e-01	   3.0546771335286138e-01	   3.6082149467296731e-01	   5.5345353783806994e-01	   4.2767362669128683e-01	   4.6172382127816364e-01	   3.5485149130869681e-01	   3.3269719303363682e-01	   4.9547442805620379e-01	   4.0187664979005933e-01	   3.4269644558488466e-01	   3.6572326531288352e-01	   2.8782231454897778e-01	   6.5086692098175969e-01	   5.8128421768147731e-01	   7.2259882368046147e-01	   7.5282691123266943e-01	   7.0303710256791019e-01	   6.3931411315286324e-01	   6.0138933633158209e-01	   6.4066633780412496e-01	   6.7613454102102133e-01	   5.8298169013984846e-01	   3.6895092120526585e-01	   4.6031150015041289e-01	   2.4288573491726057e-01	   1.4694075590753439e-01	   4.9919496321585050e-01	   5.1990525741692117e-01	   5.1123299938175359e-01	   5.4387471147005351e-01	   5.5438553847248961e-01	   5.3609356924201612e-01	   4.1403219873870289e-01	   4.0557296070811277e-01	   6.3123531880933625e-01	   6.1274171872814698e-01	   3.7738456571010309e-01	   5.0905557895391718e-01	   5.7647495228099255e-01	   4.5431518408247928e-01	   2.0213632767995521e-01	   1.3270573003057723e-01	   6.3214932379129063e-01	   6.0670407560835238e-01	   5.8053319719223284e-01	   3.7566857733943787e-01	   5.3115090092015460e-01	   5.5369545850488788e-01	   1.8397645319803934e-02	  -8.9533502076827587e-02	   2.0588311423054984e-01	  -3.6037740898410484e-02	   3.9422025107569170e-01	   4.0488232892869641e-01	   5.4796642779980698e-01	   6.8147243189635276e-01	   3.8247613972136268e-01	   4.9057481701542149e-01	   1.0331540905560575e-01	   2.8296387805608647e-01	   1.2722902227899144e-01	   3.1635051411025017e-01	   3.3984744048964663e-02	  -1.0675815954435754e-01	   1.7923985351517863e-01	   4.6463185240432575e-01	   4.9100881720614270e-01	   3.3713813708147838e-01	   1.1464712515468992e-01	  -1.3604193906287471e-01	
   6.4349954027509115e-01	   6.5609275770285247e-01	   6.1523650021627230e-01	   8.2729855618350767e-01	   4.3084048347161857e-01	   6.6058287345810796e-01	   8.5244782478655301e-01	   0.0000000000000000e+00	   5.4532033448064166e-01	   6.4525720062074132e-01	   7.1801745612042223e-01	   8.4336464652109533e-01	   6.3263673434783352e-01	   7.7551909947844777e-01	   3.5773935064362233e-01	   6.5037002326947035e-01	   6.3167614002425632e-01	   6.5570490641315371e-01	   6.5617973678239427e-01	   7.1741951565514439e-01	   1.9869979830732584e-01	   4.5578573717032678e-01	   3.1234373393558118e-01	   4.1066444477893427e-01	   1.8592557124136186e-01	   1.7327219761743096e-01	  -8.9778051150036869e-02	  -2.4234020288450980e-02	   6.4975011223164214e-01	   7.1316493784712320e-01	   6.0981210299567024e-01	   6.2649035068874626e-01	   7.9829984003634968e-01	   8.1502681537185673e-01	   2.7727630177303969e-01	   4.1923905589665189e-01	   4.0146344791169586e-01	   3.4415374714281433e-01	   3.3523522245135023e-01	   3.6530359802402101e-01	   6.4565438409164677e-01	   5.8948791501282827e-01	   5.6754353567774452e-01	   4.7187965416867228e-01	   6.9656213163936886e-01	   6.1041147167390508e-01	   4.6956257140171542e-01	   5.2592854786121146e-01	   5.9757856836704570e-01	   5.3574015959968924e-01	   5.1181625721928659e-01	   4.4751205903558922e-01	   3.9998754675787934e-01	   5.5939549580412729e-01	   4.8770713840988966e-01	   4.8601031831742358e-01	   4.2830511097650814e-01	   3.2064023171493816e-01	   6.6864404801617705e-01	   6.3817177086522647e-01	   7.2714327784790711e-01	   8.2552421862910907e-01	   7.8071280726861703e-01	   7.9054579572425965e-01	   3.2132353886907949e-01	   6.3401813745939861e-01	   6.9890064605861435e-01	   7.0303383855131363e-01	   3.7650857357434203e-01	   4.9937203566034077e-01	   1.1705034511258910e-01	   1.4029015082298285e-01	   5.3026918712459303e-01	   5.5302761121341626e-01	   5.1385241208766319e-01	   5.3162440041370784e-01	   5.7564907644585084e-01	   5.9405992757935322e-01	   5.5530438654059533e-01	   5.4867659970304583e-01	   7.2403532534943804e-01	   6.9869513346315482e-01	   3.5994680368446791e-01	   5.9399751054842209e-01	   4.4787509033205997e-01	   3.9361640748430421e-01	   8.8340298361624117e-02	   1.3790929052301620e-01	   5.6609189435710139e-01	   5.7324467953853875e-01	   6.0002573433519313e-01	   2.0182875855972915e-01	   5.5332973928596108e-01	   3.3940064471429815e-01	  -9.9765314896992280e-02	  -1.0579717780305616e-01	   2.3399458231513370e-01	   8.1086945477366501e-02	   4.9913490754538875e-01	   4.4314321003232554e-01	   6.4625516558342655e-01	   5.7746955249615128e-01	   4.9178063426900043e-01	   5.4245856875840337e-01	   1.0783159030204023e-01	   2.7258806771246535e-01	   1.4321510361061957e-01	   3.4818388564734232e-01	  -2.6782681152219103e-03	  -8.4942373420258982e-02	   2.9420952447906024e-01	   5.1081382826159172e-01	   5.3961838286050612e-01	   3.9505823057443712e-01	   1.4693089144634744e-01	  -1.6021376838072141e-01	
   3.8499847122927977e-01	   4.9262788672323210e-01	   7.4394538166195257e-01	   6.5244592989288397e-01	   8.5092673775201122e-01	   6.0789467204957892e-01	   6.9808709684908721e-01	   5.4532033448064166e-01	   0.0000000000000000e+00	   3.6974241766135790e-01	   5.2896323732335215e-01	   4.7083939071090952e-01	   5.7950576735810189e-01	   4.5421476198197902e-01	   8.4179204871583846e-01	   5.7073547901753985e-01	   3.2098493375720594e-01	   3.6321903839993042e-01	   5.4143974878365675e-01	   3.9465001104496700e-01	   5.9945701694859521e-01	   6.2319814985894606e-01	   6.7722346252825760e-01	   5.3714959936952078e-01	   6.5717639661337446e-01	   4.5782135855695438e-01	   3.4079071084043489e-01	   3.2203537846732233e-01	   4.2602933244256502e-01	   5.0180146538780968e-01	   6.4322871525709768e-01	   5.6665521617695813e-01	   4.4935876661353258e-01	   4.9339151418805027e-01	   3.7583752865111170e-01	   2.6415408243037253e-01	   3.9021692221054455e-01	   3.1097589844927925e-01	   4.3195644307335235e-01	   3.2660094869719941e-01	   4.6951276435973632e-01	   5.0033493702801823e-01	   1.7189253933988857e-01	   3.9898971806247074e-02	   2.5675175111714132e-01	   2.2775781694587091e-01	   2.8336839708126917e-02	   1.0601773250973884e-01	   2.3716838491099684e-01	   2.0604924248735307e-01	   2.5152219872050025e-01	   2.7610902079001648e-01	   3.5343888558098124e-01	   4.3043601189270014e-01	   2.2284882713723525e-01	   1.8446337000822843e-01	   2.1158253188770623e-01	   2.9413352150659061e-01	   3.1747099625508413e-01	   3.5699181288907228e-01	   3.7209623645170842e-01	   5.2717995010936802e-01	   3.3159297147744299e-01	   4.5565714523507539e-01	   5.3820363423633077e-01	   5.5237146729353259e-01	   3.3862275422912269e-01	   2.9200731124150436e-01	   2.6969157959655848e-01	   3.0944623323203341e-01	   4.2269110484583655e-01	   3.0226274703311590e-01	   3.2845403228673609e-01	   4.1407401041032799e-01	   2.9851811550166085e-01	   4.3945386677094050e-01	   2.5139954463149056e-01	   2.8982529813852514e-01	   3.0061804103886736e-01	   3.2307583084191294e-01	   5.1701741047968386e-01	   5.3486935850917217e-01	   5.9050307297896709e-01	   5.5235726052486545e-01	   6.2347160735041796e-01	   4.7230024519967406e-01	   3.8683792982552057e-01	   1.6767972354383792e-01	   6.0957351753364364e-01	   5.6558239801458909e-01	   5.9447690253013707e-01	   5.2892309393370984e-01	   6.2565073878814703e-01	   7.0424095038985335e-01	  -4.8471388161289389e-02	  -1.3301182106089005e-01	   3.2513942330681188e-02	  -2.1639035790922534e-01	   2.0285311424570032e-01	   2.3313568885093255e-01	   5.1686313445627152e-01	   6.1909468784702537e-01	   3.2943044749150907e-01	   3.6881906734845793e-01	   4.2025490594785560e-02	   2.1587102634136485e-01	   2.2534802140030424e-02	  -4.1089237596000118e-02	  -7.5722123886023479e-02	  -2.8152119903253092e-01	  -8.7940082801266140e-02	   1.9541415073178828e-01	   3.1315407871483447e-01	   9.4117913294601757e-02	  -7.9361901447476318e-02	   8.5598610777309264e-02	
   3.9858573439242928e-01	   3.5360979422987510e-01	   4.4536633673497095e-01	   5.2791998578601662e-01	   1.5494356788129990e-01	   5.9174538541991306e-01	   5.9345351676578550e-01	   6.4525720062074132e-01	   3.6974241766135790e-01	   0.0000000000000000e+00	   4.6735801804364319e-01	   5.2810477671289291e-01	   4.9623020979741828e-01	   4.9912208618201687e-01	   2.9500402995882946e-01	   7.7130985730816060e-01	   4.7234060681830164e-01	   5.6565457709272549e-01	   5.0062741978600467e-01	   4.5481080472415053e-01	   7.5045507890409591e-02	   2.4588221442666724e-01	   2.4022137288365092e-01	   2.6785762460591322e-01	   1.6020325265335100e-02	   1.0883387647863939e-02	  -1.6184274578849056e-01	  -7.1159130703129417e-02	   5.4557327460382854e-01	   6.3062785091144657e-01	   4.5158540848277628e-01	   4.6394972001473445e-01	   5.7514109417038051e-01	   5.7150902853809527e-01	   3.2637666190104175e-01	   3.4533562806105783e-01	   2.8537873276365278e-01	   1.8297827085829710e-01	   2.5642864346490490e-01	   2.4221283290729917e-01	   4.5868167037959479e-01	   5.0660678233020973e-01	   5.7200945359272459e-01	   5.7779945004933431e-01	   5.6456447846845781e-01	   5.3131332836785683e-01	   5.1871778669668311e-01	   5.5334988579299527e-01	   5.7087513748795116e-01	   5.5378776233405458e-01	   4.8240436172426604e-01	   4.5995669083111190e-01	   4.3554542703007804e-01	   4.6203309483111588e-01	   4.4884997413891370e-01	   4.6347975645496664e-01	   2.4497748718658452e-01	   1.0959705323150315e-01	   4.6258437099478389e-01	   2.8648566342338488e-01	   4.6380108623454619e-01	   4.7645725086919499e-01	   4.4621741101486628e-01	   4.9430391050782663e-01	   1.7944512462411694e-01	   4.2861831512847204e-01	   3.8489342442200658e-01	   4.0552921985649160e-01	   2.1286677122332556e-01	   2.1978074665816444e-01	  -2.2439972309908136e-02	  -6.8298825345994393e-02	   3.5767624219498867e-01	   4.0603137268943917e-01	   3.1912384062841370e-01	   3.5257338345120348e-01	   4.6194998007920002e-01	   3.7599886652172215e-01	   3.6714325142326076e-01	   4.3911430347285607e-01	   5.2147352105427824e-01	   4.7870991947966246e-01	   3.4016083560481014e-01	   4.4847451530029858e-01	   2.2199168305462058e-01	   8.1461992802404098e-02	   8.8343409577700704e-02	  -2.7932017701180714e-02	   4.4954883208260304e-01	   3.3751830924696780e-01	   4.4112804209827094e-01	   1.2633727017224483e-01	   3.2611557757768350e-01	   2.1960016905146346e-01	  -2.8198542618650391e-01	  -3.1244610433929082e-01	   6.8301360979836953e-02	  -2.2169483922818084e-03	   4.6181118802534549e-01	   3.5171656566677323e-01	   3.1377984299804823e-01	   3.6024595180305696e-01	   1.9878939187798256e-01	   2.3648146002665493e-01	  -1.5181393815115024e-01	  -6.3679990662823857e-02	  -1.1040513401774038e-01	   6.4573586394284732e-02	  -1.4330906453521869e-01	  -1.7887168309389107e-01	   3.5335569804116096e-01	   4.4335548745494874e-01	   3.1199762849597690e-01	   2.4222286409327531e-01	   2.1325399127756117e-01	  -3.3044452876800368e-01	
   8.4567679111538241e-01	   7.7258944018483311e-01	   6.9235784401458811e-01	   6.3785559050210738e-01	   5.1897550932624659e-01	   4.1935999394239937e-01	   7.0386547245738584e-01	   7.1801745612042223e-01	   5.2896323732335215e-01	   4.6735801804364319e-01	   0.0000000000000000e+00	   8.7109316807467763e-01	   8.8774581969862443e-01	   8.1404058878795149e-01	   4.9821360042715490e-01	   6.5428497194347179e-01	   7.7721004801580962e-01	   7.8223170032961997e-01	   7.7355414153296964e-01	   7.0222569586289296e-01	   2.8852382815437250e-01	   4.9890906075966757e-01	   4.7114620413022534e-01	   4.2631628188198767e-01	   3.0512953223356182e-01	   1.9179994301679637e-01	   8.6690956361434590e-02	   1.0484938162107793e-01	   7.3990689702217660e-01	   6.9711449198679765e-01	   5.5460273396371329e-01	   5.4260465617519926e-01	   7.1342444689835527e-01	   7.8742440680507775e-01	   3.2154922514366524e-01	   2.9777047438111431e-01	   5.5143659753477559e-01	   4.5104440095300724e-01	   5.5556928849955178e-01	   5.1021236644696744e-01	   6.0387701898748380e-01	   6.1195620958723662e-01	   4.2748637288598440e-01	   3.0684193695555245e-01	   4.7526191605733387e-01	   4.5448389580622206e-01	   3.9340397210657629e-01	   3.5784719747646793e-01	   5.0443930069801168e-01	   4.7678362512868605e-01	   4.6888445484551933e-01	   4.6014677805345794e-01	   4.8935588615982956e-01	   5.9299062770647293e-01	   5.5684807617954235e-01	   4.7448565697473666e-01	   6.9104684822450479e-01	   5.9212323534287092e-01	   7.4700855120043397e-01	   6.2916940086353379e-01	   7.8067828815018470e-01	   6.7296123005479580e-01	   7.1061731035862363e-01	   6.3943261017502095e-01	   4.2704731455828204e-01	   6.2025476796965595e-01	   5.3540786923418926e-01	   4.2610473034890123e-01	   5.0500582835654884e-01	   4.8257670674726716e-01	   4.6545881743377071e-01	   4.4509149903729961e-01	   7.9746655056609361e-01	   7.9055495947438392e-01	   8.1916397849076672e-01	   8.0872963320283209e-01	   7.0119184446579796e-01	   7.4503060558040723e-01	   7.3751030408585638e-01	   7.4448368096564788e-01	   8.2051583221208146e-01	   7.8696044447858049e-01	   3.9009665337178667e-01	   6.2876579051570980e-01	   6.4226249648533962e-01	   5.6928009953934811e-01	   3.6103768063883634e-01	   3.4164972822855111e-01	   6.8063837765521407e-01	   6.1651575387352664e-01	   5.6619372309207372e-01	   1.8810530327305230e-01	   5.5474124449235473e-01	   4.4310831264439277e-01	   1.7887546520577063e-01	   7.8485507128211063e-02	   3.3932194379139108e-01	   2.0445828545394756e-01	   4.4384494692559673e-01	   4.5475554230749593e-01	   6.5610492433857792e-01	   5.5033692754269059e-01	   5.1721811625631975e-01	   5.7518453839264727e-01	   2.3831528525084242e-01	   2.2305875638979233e-01	   1.3863597165359970e-01	   2.1220057540904907e-01	   1.5630392416623612e-01	  -5.2207399090164461e-02	   7.5833810798137946e-02	   4.1623335832593467e-01	   4.8211269158378950e-01	   3.8758031934210857e-01	   6.3308501867068864e-02	  -1.0349909846999161e-01	
   7.7310900184398657e-01	   8.5355833293382122e-01	   5.6453612097650785e-01	   6.9794351608556415e-01	   4.0277569431951876e-01	   5.0230954805332195e-01	   6.6557419776725213e-01	   8.4336464652109533e-01	   4.7083939071090952e-01	   5.2810477671289291e-01	   8.7109316807467763e-01	   0.0000000000000000e+00	   6.7333728246623559e-01	   8.7317247927331532e-01	   3.7855485877824901e-01	   6.8504062122173592e-01	   7.7865346316985651e-01	   8.1106711392403619e-01	   7.6238106373624381e-01	   8.5311488374922617e-01	   2.0070814201428394e-01	   5.1742605113059847e-01	   3.2283024201103894e-01	   3.8597027472184131e-01	   2.2632717483961590e-01	   1.6321105999772781e-01	  -7.2270864321944794e-02	  -2.1158629231999945e-02	   7.5728012876960060e-01	   7.8990727896075785e-01	   5.5935739676333907e-01	   5.7772075887330399e-01	   7.4645065560422286e-01	   8.3784271494519524e-01	   1.9955385888975169e-01	   2.7981410249409705e-01	   5.1624287781969935e-01	   4.7490288810982728e-01	   4.6196398274858425e-01	   5.3483034292580367e-01	   6.3881192540830345e-01	   6.4610128502731556e-01	   5.3810553828410479e-01	   4.2502473426292098e-01	   5.6320888523868251e-01	   5.2555062228905747e-01	   5.4042722992840930e-01	   5.1615614236606677e-01	   5.0392029198104660e-01	   5.2563601655775483e-01	   5.0410503580319710e-01	   5.1307718066489727e-01	   5.1522674905290389e-01	   6.1426594167295423e-01	   5.6231337057186870e-01	   5.7275224836355521e-01	   6.0205147071214393e-01	   5.4048689633272595e-01	   6.5069043998308806e-01	   6.3131988746948187e-01	   6.5021909986935911e-01	   6.8234945374321609e-01	   7.4417831869001971e-01	   7.5175699830124909e-01	   2.6016509338074800e-01	   5.3905890343160889e-01	   5.2241232347958100e-01	   4.9972220472471363e-01	   4.6641853564275337e-01	   4.6087239138641461e-01	   3.0744561526816788e-01	   4.0212183280478780e-01	   7.5683774887648680e-01	   7.7640861665409555e-01	   7.4082041662454556e-01	   7.5740832264433322e-01	   6.5972881884005408e-01	   7.6865046690079386e-01	   7.0768211132999492e-01	   7.2366344624858236e-01	   8.4238677085479330e-01	   7.9006410085688161e-01	   3.9602730847184564e-01	   6.8942731285060810e-01	   5.1932582739967514e-01	   4.9767293070987889e-01	   2.6884621609584092e-01	   3.4562710527834373e-01	   5.3351621294703855e-01	   5.8478396393637955e-01	   5.8776493258515661e-01	   1.4044037347683305e-01	   5.7594652587107420e-01	   3.3798898430427116e-01	   7.1761190355289023e-02	   7.7140557396155690e-02	   3.7646319684396667e-01	   2.7888115811334657e-01	   5.7287953334031083e-01	   5.1788693592597224e-01	   6.9970381187575337e-01	   4.9895105385032612e-01	   6.0373138307807506e-01	   5.8278612357884385e-01	   2.8846637486110294e-01	   3.0500009853425297e-01	   1.8167695627809882e-01	   3.0154880762888603e-01	   1.3489893407565304e-01	  -8.6152267418702060e-03	   2.5345937777817829e-01	   5.2801143408489848e-01	   6.1408028775552848e-01	   4.9588757810891620e-01	   1.8965656836088429e-01	  -4.5801392775942862e-02	
   6.7577814366803679e-01	   5.6544288052066305e-01	   6.5246012170368906e-01	   5.0328518799013211e-01	   4.5520320822624027e-01	   3.5352469644815709e-01	   7.1838670455218456e-01	   6.3263673434783352e-01	   5.7950576735810189e-01	   4.9623020979741828e-01	   8.8774581969862443e-01	   6.7333728246623559e-01	   0.0000000000000000e+00	   7.5664433444438295e-01	   5.5774550255071054e-01	   6.2485479215632067e-01	   6.0441819513858075e-01	   6.2715578548901019e-01	   6.5484905658705306e-01	   5.2676873619474174e-01	   2.8519649280840442e-01	   4.2838622578245261e-01	   4.6361496721987189e-01	   3.7243276970170264e-01	   1.9985732047941829e-01	   7.5351833698158718e-02	   6.4704862146598652e-02	   1.1403468554871912e-01	   6.5571964958552587e-01	   6.0977130758012554e-01	   5.1822629715719581e-01	   4.8273072231548042e-01	   6.1282025761125070e-01	   6.6660540164555893e-01	   3.0389899558446098e-01	   2.4971495657061735e-01	   3.8331427183771699e-01	   2.6280903243363202e-01	   3.5910614395023466e-01	   2.5879349938742152e-01	   4.9421117777983231e-01	   5.1535668286405911e-01	   3.0664860794367066e-01	   2.1593569483074052e-01	   4.1116030518947366e-01	   3.7907867913121179e-01	   2.2534894371915570e-01	   2.2079698980468582e-01	   4.4724367807761145e-01	   3.7899986362397092e-01	   3.2214183809604591e-01	   3.0273219164360821e-01	   2.9124138073026395e-01	   4.0097962589483838e-01	   3.5455331823201419e-01	   2.4472150547465643e-01	   5.0216478864990532e-01	   3.7575036665494815e-01	   6.5184911585706584e-01	   4.2462203630818240e-01	   7.5265615808333464e-01	   5.6569152167432890e-01	   5.8849811329625101e-01	   4.8901460657917561e-01	   3.8612144159838102e-01	   5.4257439383159300e-01	   4.3528745341201830e-01	   3.3121256418248490e-01	   3.4269726306156284e-01	   3.3507364357495228e-01	   4.6331693895014675e-01	   3.4339429989655357e-01	   6.7044344055927496e-01	   6.6721389691090693e-01	   6.6431181056631483e-01	   6.5701915462285232e-01	   6.1254361530732360e-01	   5.8428701769322644e-01	   5.4907549809120371e-01	   5.9062568110020597e-01	   6.4972045713196791e-01	   6.0335678982572083e-01	   3.6385369789844979e-01	   5.1852062114791675e-01	   5.0522376491925480e-01	   3.6597774409467065e-01	   2.4549178121323223e-01	   2.1261423674805660e-01	   6.0293500063971983e-01	   4.1455183253791583e-01	   4.5091327499616241e-01	   1.6309812678396121e-01	   4.1837009345720905e-01	   4.0878031938871306e-01	   1.5554187151754301e-01	  -1.6559172279253902e-02	   1.4869231339123357e-01	   6.0924930355902660e-03	   3.0060255393709889e-01	   2.9193503306939461e-01	   4.8532084306931927e-01	   5.0218578015524629e-01	   3.2520793296018491e-01	   4.1333583887433867e-01	   7.1707592529120998e-02	   8.9594966892081754e-02	   3.6791517870148206e-02	   2.1109941082752698e-01	   5.8813109000271743e-02	  -1.0548837415873381e-01	  -3.3441827585118003e-02	   2.5757315828490868e-01	   3.0750355872722551e-01	   2.0912337942602771e-01	  -1.5000915323118709e-02	  -1.0356487794390767e-01	
