   0.0000000000000000e+00	   8.7080686377940397e-01	   3.9223047827731949e-01	   4.2613332444853830e-01	   3.5754165259927517e-01	   5.8450523088676334e-02	   4.3388577484970225e-01	   3.9746032769094097e-01	   1.2635361748226717e-01	  -1.0297587263810751e-03	   7.0289558349926362e-01	   5.4385969890268471e-01	   4.8423825654998526e-01	   4.1212462314841025e-01	   2.0879642226903705e-01	   3.4283129448699390e-01	   6.9633886277685497e-01	   5.6267252658298128e-01	   7.1003259289798271e-01	   7.0347694884413614e-01	   2.2877266897531751e-03	   6.1401254891144556e-02	   2.5157858007195205e-01	   1.9875057060385379e-01	   2.4460123123960859e-01	   1.9397951432279170e-01	   3.9195754282450396e-01	   2.1194047935753738e-01	   6.2460980304955338e-01	   6.3309371315852681e-01	   2.5653224129068375e-01	   3.5080664012073803e-01	   7.5423741818492340e-01	   7.2645332171946764e-01	   4.0993560387327252e-02	   1.8356423677101155e-01	   5.0206953626782524e-01	   6.3108584148128011e-01	   4.7963993312229075e-01	   3.8609847945380044e-01	   5.4464465363254377e-01	   5.0312746167130229e-01	   5.1202750672646002e-01	   5.9964585139418847e-01	   3.0246525957807568e-01	   4.0584597005657819e-01	   6.1765386000017197e-01	   4.9948626596012874e-01	   4.1362834945976334e-01	   5.2702190108767910e-01	   4.4037209473712308e-01	   5.8409220703800946e-01	   5.3072654392291485e-01	   4.7042321044970964e-01	   6.0449618631660351e-01	   6.7712201758668378e-01	   9.1258990869371059e-01	   7.9226569237163091e-01	   7.4065626654568495e-01	   5.6502025527099231e-01	   5.0162980475759356e-01	   2.7293431120275435e-01	   7.9902549690211044e-01	   6.6954310680598561e-01	   7.8795129303458167e-02	   2.7803975156195071e-01	   6.2942924850531978e-01	   5.4498888575600168e-01	   5.0691340890479963e-01	   4.7301601339972954e-01	   1.3842894149708082e-01	   5.8800650828324919e-02	   5.2873090808369583e-01	   5.3769498391379766e-01	   5.5731250552789491e-01	   5.7368862293874257e-01	   6.8697447054871041e-01	   7.3388042359812788e-01	   5.4921621605609117e-01	   5.2684470815209328e-01	   6.9230833222789112e-01	   5.6546065862819683e-01	   4.6753133764854476e-01	   5.8075442937758526e-01	   4.4127744579186567e-01	   5.8423419415143418e-01	   3.7952383735456252e-01	   4.0005074203138663e-01	   5.2758444987240416e-01	   5.4359577362909861e-01	   4.5224729827726950e-01	   3.2731553589006351e-01	   2.5265021578679747e-01	  -6.7802026314826777e-02	  -4.6888060233009357e-02	   9.4708344850166618e-02	   6.3409796855700673e-01	   5.3041025186483814e-01	   6.7087746491394462e-01	   6.0286090806107362e-01	   3.3413707561905220e-01	   3.6586535984174655e-02	   4.1610123211209482e-01	   1.4029033137313512e-01	  -3.0515718256373031e-01	  -2.2146653206015318e-01	   2.8199758378900319e-01	   3.1644614596757978e-02	   7.3765903386396742e-02	   7.5401340082827464e-02	   4.6098070287038939e-01	   5.0126573982364597e-01	   4.8090909226984146e-01	   4.4253241027812312e-01	  -1.5928760093959923e-01	  -3.3855809484091937e-01	
   8.7080686377940397e-01	   0.0000000000000000e+00	   2.3985368213768776e-01	   2.2974904555488318e-01	   1.3790195416944889e-01	  -9.7160513954816854e-02	   3.1073788126370183e-01	   1.9339441405150137e-01	  -2.5604872893971602e-02	  -1.9684886621448111e-01	   6.6494019829135198e-01	   4.6214500392503377e-01	   4.7687834414551517e-01	   3.1329046173661007e-01	   1.7706172785782573e-01	   2.3679734748626186e-01	   7.2222292293522072e-01	   7.6513168560093547e-01	   6.7412150297333873e-01	   7.6971236895578610e-01	  -2.4302355105355802e-02	  -2.4030495123645614e-02	   1.3194475776464332e-01	   6.1758704249932683e-02	   2.2986959677504140e-01	   1.4523291524558885e-01	   3.7474069726536996e-01	   1.6164609496862498e-01	   6.0688662276542871e-01	   7.2672067288545716e-01	   1.5138833495856191e-01	   2.3504361419967423e-01	   7.2118766600352124e-01	   7.2068793376469154e-01	   1.3155021555568805e-01	   2.5150184382462487e-01	   5.6695180682493240e-01	   6.6149479347319295e-01	   4.1768173328172542e-01	   3.8593629064978829e-01	   5.7326896055192766e-01	   6.0259696637832116e-01	   4.9567921670545978e-01	   5.8437967374730970e-01	   2.5835246991200389e-01	   3.1079694099049016e-01	   5.9986844230780823e-01	   4.4434037370627977e-01	   3.5707404700112411e-01	   4.0926123620040117e-01	   3.2802092129283678e-01	   4.8712064605496674e-01	   3.9341604718662881e-01	   3.5109600486665254e-01	   5.6249645890924671e-01	   6.1412769680061097e-01	   7.7551017592625726e-01	   8.8631636846122497e-01	   6.2802207740999083e-01	   3.9055691029407080e-01	   2.8988614007267854e-01	  -3.8005077255794606e-02	   6.9779804546035251e-01	   6.2646556006828091e-01	  -5.5630642329307062e-02	   6.2145434772504490e-02	   6.3365143835534732e-01	   5.4300970986768371e-01	   4.7508704506037958e-01	   4.0190409494067675e-01	   8.1454923582014616e-02	   1.6029766099454772e-02	   4.9695421992727018e-01	   6.3560610704303722e-01	   4.9872845511023844e-01	   6.0134599525608856e-01	   6.5157357615019706e-01	   7.2667054894937433e-01	   4.9890982303904280e-01	   6.5388899609424123e-01	   7.3976927020861183e-01	   7.0409251800484340e-01	   5.3505703418229278e-01	   7.1998327881149238e-01	   4.2818461084531118e-01	   4.5610008319119999e-01	   4.3224215525414822e-01	   3.9619052053628190e-01	   4.5603893213941332e-01	   3.7734994229402474e-01	   3.2064982590285640e-01	   1.7790123963018292e-01	   4.7077015771485931e-02	  -6.8313505761447929e-02	  -6.5944141376884105e-02	  -1.8989634976899667e-02	   6.5809440437935751e-01	   4.2230003976291286e-01	   7.3466369344016791e-01	   5.0048915976915287e-01	   2.4236680058934312e-01	  -6.5089567174954288e-02	   4.6650635957677600e-01	   1.1215768197100195e-01	  -2.0851331934694237e-01	  -1.4363890773642687e-01	   3.5836204671508243e-01	   8.0526582483108108e-02	  -9.7592615004390426e-02	  -1.1758178994647045e-01	   4.3138037945880275e-01	   5.1626328513753550e-01	   3.9795360939327357e-01	   4.8650272121564042e-01	  -1.8504020799426879e-01	  -2.9933449968043951e-01	
   3.9223047827731949e-01	   2.3985368213768776e-01	   0.0000000000000000e+00	   7.7082840962530907e-01	   6.1020373652560100e-01	   3.3002873781252151e-01	   6.8062383899792578e-01	   4.9730062722414375e-01	   5.5897575337811156e-01	   3.8751117795383039e-01	   5.9707805208118159e-01	   4.2417848271816827e-01	   6.4713280178806809e-01	   6.3188238915947381e-01	   6.6084733964167397e-01	   7.1653697374882630e-01	   1.7300138015775696e-01	   5.5019852063055499e-02	   4.1999907274039516e-01	   2.1169863466765901e-01	   2.6853958863234628e-01	   3.1035263342525754e-01	   9.0500198387083952e-01	   7.1406298232666454e-01	   5.1773325808242410e-01	   5.2155417754019007e-01	   6.6351195170455568e-01	   5.8333893232657708e-01	   2.1457108863421664e-01	   1.1765755920159002e-01	   6.2466105530069060e-01	   6.1103502434358592e-01	   4.1406000411431365e-01	   3.7412147267715090e-01	   3.4749364304323388e-01	   4.6520705306178589e-01	   1.1234795059525568e-01	   2.8307261595027672e-01	   4.4294482397562041e-01	   3.5848867403485263e-01	   5.1556577918049164e-02	   1.0999895689307373e-01	   4.6137853811721169e-01	   4.8680778293138083e-01	   4.7076041603902724e-01	   5.4359389698537963e-01	   5.4698223322525874e-01	   5.1917793733555895e-01	   5.3314367727767309e-01	   5.0381412013367854e-01	   6.2385633167394738e-01	   5.3818152769602290e-01	   3.9424070708114939e-01	   5.0143708679992305e-01	   4.9544007629253500e-01	   6.0978887228080292e-01	   2.8516977362151386e-01	   2.0660389774420757e-01	   5.8703420355064195e-01	   6.0933782548872173e-01	   4.6226827618429289e-01	   4.5361460517819241e-01	   5.1953161499487543e-01	   3.2620461295925285e-01	   7.6751874993197489e-01	   7.8075770362462449e-01	   4.9074583835755325e-01	   4.4327862519361366e-01	   1.8713320829120095e-01	   1.9652193080946367e-01	   2.2376334469851950e-01	   2.4114471399901881e-02	   2.7019630385011689e-01	   1.5125026736787389e-01	   4.5511888329080274e-01	   3.7122002857138514e-01	   4.1159589067320324e-01	   4.0653433175107345e-01	   2.7224437688858794e-01	   2.2487402534981743e-01	   3.9188714576948214e-01	   2.6257391385801204e-01	   4.8962875188096033e-01	   1.1697882037293750e-01	   6.8581947107389174e-01	   7.0919731618027926e-01	   5.3291949792464199e-01	   5.1187412942801935e-01	   6.8369413803544177e-01	   7.7348352327905889e-01	   4.7579705168961822e-01	   5.3076291356881677e-01	   6.2583287805576360e-01	   3.9128304752601140e-01	   1.4788218332075040e-02	   2.2868342473853975e-01	   2.9362217094928644e-01	   4.5346291139953976e-01	   2.7408695205513273e-01	   3.3960094191763224e-01	   1.9892757919766807e-01	   4.7753784025172930e-01	   6.9295225607364702e-02	   1.1178586162762184e-01	  -2.1963995880467113e-01	  -2.4316335621498486e-01	  -3.1484511935793313e-01	  -2.9817234161922956e-01	   3.0338298094855559e-01	   3.7488961113328567e-01	   3.4798067093969259e-01	   2.5745162661468013e-01	   3.8364901838284937e-01	   1.8717988849044381e-01	   9.1365229847327589e-02	  -2.3734992660314591e-01	
   4.2613332444853830e-01	   2.2974904555488318e-01	   7.7082840962530907e-01	   0.0000000000000000e+00	   4.5532503572715344e-01	   5.4349999997977816e-01	   5.5686925231821938e-01	   7.6154860760146659e-01	   3.5240306548748862e-01	   6.0244838126661493e-01	   3.6733807426300857e-01	   7.0385615592510786e-01	   3.7450397989222478e-01	   7.0104734031594229e-01	   4.2613995900538837e-01	   8.0823423232665825e-01	   3.2786120685551245e-01	   1.0387124890493260e-01	   3.7864795858382455e-01	   4.5260163822175736e-01	   2.8922995248438488e-01	   4.2938736887741147e-01	   7.0354370518676579e-01	   8.2241039958779494e-01	   3.9029536830198364e-01	   5.8643251447743527e-01	   5.5700195603439440e-01	   5.9327988197253867e-01	   3.9372382337014461e-01	   3.5783693655082599e-01	   6.9108693573004298e-01	   7.7778293793145747e-01	   4.3889524686912662e-01	   4.8363303623596243e-01	   2.0100629609955362e-01	   3.3503156412192514e-01	   1.4602927908988630e-01	   3.8625168972081181e-01	   5.1817050611435311e-01	   4.8967101665207513e-01	   1.8254904281611189e-01	   6.6692852935826344e-02	   4.7384547608810956e-01	   5.1369404848530009e-01	   3.6750597610912705e-01	   5.6667551189282239e-01	   5.5615066455768380e-01	   6.3516502071471259e-01	   4.9016858231845639e-01	   6.1823981868852051e-01	   6.3928984946638778e-01	   5.9855946872591115e-01	   5.7793147202024675e-01	   6.4040476042409278e-01	   5.1116125659189537e-01	   6.5445589532916326e-01	   4.0071812919585059e-01	   1.2814816515774491e-01	   3.9837875872872108e-01	   5.4470498238593823e-01	   3.4907996521029383e-01	   6.2184827888358707e-01	   5.9212524117133414e-01	   4.9805308548217453e-01	   4.9387004956053709e-01	   7.0887180376264813e-01	   3.8857643778372675e-01	   4.4948967950863838e-01	   3.0687096957937887e-01	   4.5886357509729431e-01	   2.2223161771828429e-01	   2.6638933063790748e-01	   3.2713630935439908e-01	   2.3507922101925183e-01	   4.5184146022858684e-01	   4.6559195781060098e-01	   3.5838999371775149e-01	   4.6447799823247038e-01	   3.2860897334927985e-01	   2.4264592750905048e-01	   4.5296671372140257e-01	   3.4120308264856836e-01	   2.4654378539951505e-01	   2.1351982269846834e-01	   4.8253909674027151e-01	   6.9060821988049859e-01	   2.1831717471679096e-01	   3.5336600891466780e-01	   5.3815873386535129e-01	   7.9207486217405743e-01	   6.5757164592099049e-01	   5.7106380674143931e-01	   7.9329978344010288e-01	   1.7958011509338645e-01	   3.0355180301288316e-02	   3.2004766949181346e-01	   3.2493790958429303e-01	   5.8412273567677642e-01	   3.3077911376105096e-01	   4.8899924414357943e-01	   3.7729151340292544e-01	   2.2639605555272627e-01	   2.4769751779435462e-01	   6.1270972604016760e-02	  -1.2850926788245687e-01	  -2.3836912220814205e-01	  -1.4947571801110118e-01	  -1.8524252258837259e-01	   3.8019563102027826e-01	   5.2234962998665857e-01	   5.3119634518625847e-01	   4.1656778710166120e-01	   5.1228522136870924e-01	   4.3921801831324842e-01	   1.1067057155430274e-01	  -2.6475476052002644e-01	
   3.5754165259927517e-01	   1.3790195416944889e-01	   6.1020373652560100e-01	   4.5532503572715344e-01	   0.0000000000000000e+00	   4.6322660575205976e-01	   7.7668682176243953e-01	   6.4144490572412083e-01	   7.1278425239871623e-01	   4.2095763380324880e-01	   5.4105420924446745e-01	   3.5200880405769103e-01	   5.8118328152577203e-01	   3.4985203789522945e-01	   3.2085022711300637e-01	   2.7557834080754084e-01	   1.0010060673292537e-01	  -6.0929287870077550e-02	   1.0721724650051143e-01	   7.0921490658327008e-02	   6.9618149940377294e-02	   1.1441096815581725e-01	   4.4008005510473885e-01	   1.7197811443414895e-01	   3.7695183651493641e-01	   2.8906572281763487e-01	   1.3363607674726025e-01	   9.6225617246099029e-02	   2.4287869007883617e-01	   1.0860751542651946e-01	   3.6883493221612329e-01	   3.6242869957792151e-01	   4.7881793675417605e-01	   4.5824548792050790e-01	   1.6471618649697306e-01	   2.0367079476738539e-01	  -4.5890985774987320e-02	   1.8114122260723883e-01	   2.5396013828955311e-01	   2.0473238652443607e-01	   2.5008599481434246e-02	  -8.9039220577769879e-03	   1.4395360373946947e-01	   2.1335452843979702e-01	   3.2768888678587060e-01	   3.1410036984601869e-01	   2.8862096364440404e-01	   2.5521071337986201e-01	   3.6959899594174073e-01	   3.9389738750874226e-01	   3.1191001444604460e-01	   3.2697676501383155e-01	   2.1877767990107233e-01	   2.9888632308312957e-01	   2.5590628349684963e-01	   4.1119112327782442e-01	   2.8632151287414676e-01	   2.7614163658249147e-01	   6.7484541072764048e-01	   7.9074140485935740e-01	   8.1899404636028117e-01	   7.4208713880594623e-01	   3.6717050662065948e-01	   3.3266715260368779e-01	   4.6039896175566469e-01	   4.3649206698619836e-01	   5.2175393555737160e-01	   4.4262865377466831e-01	   3.7082979976646419e-01	   4.1701586313188632e-01	   4.1394623541668681e-02	  -6.3695272951216270e-02	   2.0066965729557174e-01	   4.4768257585646815e-02	   3.2840977980129293e-01	   1.8854960976120108e-01	   2.0486678362557592e-01	   2.0878807870822985e-01	   2.7982412133634595e-02	   4.7767594172441398e-02	   1.4411667649322726e-01	   4.3520151961567471e-02	   8.6577858791112225e-02	  -1.0577042139655295e-01	   2.0635304791217796e-01	   2.6110011763826124e-01	   4.6712309277927655e-03	  -4.0357877952410137e-02	   4.6929514326446597e-01	   4.8990769430578829e-01	   2.6589801221126197e-01	   4.2043379232413258e-01	   3.9557080316476656e-01	   1.1220571482748372e-01	  -3.3014476215101694e-02	   1.1839293275510679e-01	   2.7110837370053564e-01	   3.0475503183891817e-01	   1.5152827649215733e-01	   1.7929678051655440e-01	   4.0142477962913270e-01	   6.9331527256559899e-01	   1.5952399677708362e-01	   3.0465314867692872e-01	  -2.8740711654343470e-01	  -1.4778758365556260e-01	  -1.8511877594790227e-01	  -1.7390031308592313e-01	   1.6894783797732096e-01	   1.4141700832997198e-01	   1.6803758031907709e-01	   1.7091975892028105e-01	   3.6798109580283894e-01	   2.4519063171865807e-02	  -2.3077153871553066e-01	  -3.5444821979080327e-01	
   5.8450523088676334e-02	  -9.7160513954816854e-02	   3.3002873781252151e-01	   5.4349999997977816e-01	   4.6322660575205976e-01	   0.0000000000000000e+00	   3.6199432966463541e-01	   6.9056967027760563e-01	   5.6868947275070270e-01	   8.7004839695009606e-01	   1.2315545105054762e-01	   4.3809656123387930e-01	   2.0784520733106521e-01	   3.7961183354388012e-01	   3.7687579634246787e-01	   4.6826262000815033e-01	   9.4167918096543374e-02	  -4.0713741994410808e-02	  -4.3381100095943613e-02	   1.2091812551714705e-01	   5.0401301365005513e-01	   5.9770334169100470e-01	   3.5324334557961445e-01	   3.0423401088131474e-01	   5.2430707151006306e-01	   6.7235284501087655e-01	   1.9582990771125217e-01	   4.5492021338662680e-01	   1.9174675001986402e-01	   2.2225921975420493e-01	   5.6408932269122869e-01	   6.2883303329328222e-01	   3.2277464370753439e-01	   3.5240483424538160e-01	   3.1206095064187600e-01	   2.2383564429310671e-01	   1.8805152898762739e-01	   2.4105520853406875e-01	   5.0464891069564144e-01	   4.6575315609318380e-01	   1.8305420162538596e-01	  -7.4818244307674697e-02	   2.9052928010573331e-01	   2.7286144303927928e-01	   3.5523316721210840e-01	   3.4922581952270476e-01	   2.6076349902135154e-01	   3.5992599078531329e-01	   2.5802549043475309e-01	   3.5288129948538871e-01	   3.5979065828250884e-01	   2.6801110232339909e-01	   3.4560069437338625e-01	   3.7260969313218761e-01	   2.7611170865511458e-01	   3.2068532759871266e-01	   1.4125004403619457e-01	  -4.3534661518091405e-02	   2.4370363278418697e-01	   5.1632124169101290e-01	   3.8913660981761178e-01	   6.0938069780854165e-01	   2.0545213936199719e-01	   2.6062316273310593e-01	   3.5224873166957626e-01	   3.6605818818017449e-01	   2.0038870277995507e-01	   2.8614327642732662e-01	   2.9908806698259072e-01	   4.6850133697616753e-01	   2.3001828239847694e-01	   3.2721175999304675e-01	   2.7757445459509084e-01	   1.9365402025240797e-01	   3.3959082748633246e-01	   2.8108695750963958e-01	   1.3584281325648909e-01	   2.3542411507365640e-01	   7.6017581906056536e-02	   2.2964823439445243e-02	   1.3005836344288896e-01	   3.2563507814075847e-02	   2.3387236219839690e-02	   7.9379802100750754e-02	   2.0347547555050993e-01	   9.0350138278862513e-02	  -7.9648755992007356e-03	  -1.4966963826943645e-02	   3.6161940272901649e-01	   4.8353122640428270e-01	   3.7746696551944986e-01	   3.8534898995933231e-01	   5.2078699331899070e-01	   1.6453484409765495e-01	   1.9251757856140728e-01	   2.9643359270527042e-01	   2.0834955799422256e-01	   4.2618406710986267e-01	   1.4544582721057228e-02	   9.3417923266232009e-02	   4.0151935713682840e-01	   2.7395946642039914e-01	   1.3196128934286883e-01	   8.7695479691213774e-02	  -1.0452734783267049e-01	  -1.8071156066399405e-02	  -1.2540121641259405e-01	  -8.2900950763628203e-02	   4.0214984162350509e-01	   5.1997060362347503e-01	   4.1894798577162362e-01	   8.4274601593147119e-02	   2.0727512012508981e-01	   1.5788220962860122e-01	   3.4838999135284071e-02	  -2.0009423241816721e-01	
   4.3388577484970225e-01	   3.1073788126370183e-01	   6.8062383899792578e-01	   5.5686925231821938e-01	   7.7668682176243953e-01	   3.6199432966463541e-01	   0.0000000000000000e+00	   7.4515305353903694e-01	   6.4459779204693801e-01	   3.8188373734665626e-01	   7.0695332539216271e-01	   5.4112993437469081e-01	   6.9506973653792459e-01	   5.4761566155486907e-01	   2.9402942265544790e-01	   3.2286965633910347e-01	   4.1338871114449893e-01	   2.8523039143362205e-01	   2.8007578070129957e-01	   2.5648510833028748e-01	   5.6348155041888934e-02	   8.0889612632313465e-02	   4.3309769390024322e-01	   2.8157209826920715e-01	   3.8437446759116711e-01	   3.5919970513961552e-01	   2.2402694794253811e-01	   1.6979564330267402e-01	   4.7745415563207710e-01	   3.6882716209157024e-01	   4.7634319861234820e-01	   4.4562396894089207e-01	   5.8489219787655045e-01	   5.3622053505880207e-01	   1.7020517829237919e-01	   2.1779891098005197e-01	   8.8790912407373287e-02	   3.3813568157892693e-01	   3.4058501293168209e-01	   3.2107024826137831e-01	   1.4171903047342835e-01	   7.9070866342451626e-02	   3.1627853131431699e-01	   3.9792502034172533e-01	   4.2506776129545465e-01	   4.2600279162881799e-01	   4.8840291686346082e-01	   4.5371364911932588e-01	   5.3827792540024277e-01	   5.2371659139251281e-01	   4.4999776685138726e-01	   4.4973679911078024e-01	   3.2558342975866350e-01	   4.0390847984419198e-01	   4.2749801577458629e-01	   5.4678696959266193e-01	   3.0094393816448539e-01	   3.0790608005224662e-01	   6.0808600818019098e-01	   6.3510574650015239e-01	   6.8478764335060860e-01	   5.8184072349787819e-01	   4.9520042330234110e-01	   4.7980235692925349e-01	   2.9642763227101465e-01	   4.0871223692180830e-01	   5.2976259400351566e-01	   4.7552353391815660e-01	   2.2467649095401779e-01	   3.4250560452680590e-01	   2.4181786033105673e-01	   3.1676972234510855e-03	   4.6948849937146797e-01	   2.9187272806225961e-01	   5.6750681879679821e-01	   4.6250602780049499e-01	   4.4684721957950690e-01	   4.3601906234396826e-01	   3.0943140420606874e-01	   3.9183835003686285e-01	   3.8515630358773795e-01	   3.8347309835546983e-01	   1.3911122427651212e-01	   6.5170916006780127e-02	   2.6476515167281123e-01	   4.2496712645679424e-01	   5.9159087960348286e-02	   4.0633778324315681e-02	   4.4307483049219876e-01	   4.9416738552649031e-01	   3.6664705857403135e-01	   4.8370938304935995e-01	   3.9300297821253116e-01	   1.0061038780509499e-01	  -2.9646162229315341e-02	   2.1109601813323803e-01	   3.9322000527624884e-01	   4.6874078619538634e-01	   3.0043444753350645e-01	   2.9201944182779160e-01	   3.5531050243405149e-01	   6.0660304552248390e-01	   1.3722358501678153e-01	   1.0141842385213304e-01	  -4.6283324956099492e-01	  -3.8584770739245755e-01	  -2.3951278226694317e-01	  -2.9846523823801285e-01	   2.6674137297271711e-01	   2.2547391643871623e-01	   2.8812395587570472e-01	   2.6737465126929710e-01	   3.9898081622943332e-01	   1.4067096360476591e-01	  -2.0548622625527838e-01	  -2.8583293661160802e-01	
   3.9746032769094097e-01	   1.9339441405150137e-01	   4.9730062722414375e-01	   7.6154860760146659e-01	   6.4144490572412083e-01	   6.9056967027760563e-01	   7.4515305353903694e-01	   0.0000000000000000e+00	   4.8165870370300379e-01	   6.3532602048714193e-01	   4.7000207013587653e-01	   7.9112482516950700e-01	   4.5742559392956783e-01	   6.0372738012797678e-01	   1.8175647082599561e-01	   4.5535604390223300e-01	   4.3009257556793495e-01	   2.0313000993761221e-01	   1.8392686675590006e-01	   3.7828494819918163e-01	   2.2047787681730807e-01	   3.4750511205565426e-01	   3.4082436189763893e-01	   3.8440174255121640e-01	   4.0727086472303803e-01	   5.3691953107450896e-01	   2.2732282676582383e-01	   2.8492397045389306e-01	   4.7696269146006076e-01	   4.9432252122445430e-01	   5.7252981928109992e-01	   6.3581487613776355e-01	   5.7639903046417185e-01	   6.1206011573535302e-01	   1.6967208509778051e-01	   1.7475720707049952e-01	   1.5664939958606872e-01	   4.0923024656687323e-01	   5.1574388945007454e-01	   5.0365713715490790e-01	   2.7404075261435940e-01	  -1.0113409185674207e-02	   4.0664912944457082e-01	   4.4631169051243891e-01	   4.0745095575577611e-01	   4.9321992203895237e-01	   5.0206959480296709e-01	   5.5392913221249529e-01	   5.1120041571215835e-01	   6.5893192373813314e-01	   5.2449024091025043e-01	   5.4312690568594180e-01	   5.1143982507953922e-01	   5.2307600266204957e-01	   4.7651782710748836e-01	   6.1067225966801142e-01	   3.7499070829886311e-01	   2.0189041548659231e-01	   4.9965559034957474e-01	   6.7798832856353419e-01	   6.2169808780459457e-01	   8.0932958735656424e-01	   5.3253527848344473e-01	   6.3276328953907479e-01	   1.9409601539282489e-01	   4.1818382963107681e-01	   4.4252675294289329e-01	   4.8143620752073929e-01	   4.1851549255074083e-01	   6.2444506712039183e-01	   1.3690912924267337e-01	   2.0169113226122848e-01	   4.0124838873382962e-01	   2.8700780585930424e-01	   4.6577615026162439e-01	   4.4856517825637710e-01	   3.0536168569583994e-01	   4.2366029715911652e-01	   3.2249619780210304e-01	   3.0311468799774882e-01	   3.8491997793917188e-01	   3.5028455085037047e-01	  -2.7318281923156315e-02	   1.6720281556391384e-01	   1.6621207292565199e-01	   3.5977650718534193e-01	  -1.1623466138337923e-01	  -5.9558296383526096e-02	   4.5439600001453789e-01	   5.9002400671838651e-01	   5.4682542347189833e-01	   5.5093888546220438e-01	   5.7877353152585842e-01	   1.3699800340133124e-04	   5.4537326509872266e-02	   3.2217188325248386e-01	   4.2036244249534782e-01	   6.1584127931795773e-01	   2.7819566446599803e-01	   3.6943065923887253e-01	   5.0657563004285666e-01	   3.8752869917873167e-01	   2.9451417774618793e-01	   7.6009869021592957e-02	  -2.7471573888124323e-01	  -2.7552780174001051e-01	  -4.0496191850670230e-02	  -1.4434008098031628e-01	   4.0776551120143989e-01	   4.5825107545453603e-01	   5.0837490179311340e-01	   3.2919614452192242e-01	   4.1895691765481130e-01	   3.0969606514792714e-01	  -1.3315968576884293e-01	  -2.8138364249400266e-01	
   1.2635361748226717e-01	  -2.5604872893971602e-02	   5.5897575337811156e-01	   3.5240306548748862e-01	   7.1278425239871623e-01	   5.6868947275070270e-01	   6.4459779204693801e-01	   4.8165870370300379e-01	   0.0000000000000000e+00	   6.4660013060746191e-01	   4.9122529850580576e-01	   3.0968258997209136e-01	   6.2577045108891272e-01	   4.8729297244720382e-01	   6.3821362316983632e-01	   4.5432518671689792e-01	   2.6160999048369004e-02	  -1.1907040329851698e-01	   6.8676932844048882e-02	  -5.4167093325930088e-02	   3.1457159037826660e-01	   3.1898251883983864e-01	   5.3747729921560894e-01	   3.1246625702710701e-01	   5.0621239144713359e-01	   4.9473035682275163e-01	   2.6123610322808349e-01	   3.8264623664742492e-01	   1.2408513285202229e-01	  -4.6014333839609477e-02	   4.7406238735981177e-01	   4.1404783611592544e-01	   2.6599663284751668e-01	   2.3435372365467394e-01	   2.5643073537448929e-01	   2.2449899368086140e-01	   8.3190006990980475e-02	   1.6548234887253124e-01	   3.0626243698794509e-01	   1.6245582976375766e-01	   1.1207758085545738e-01	  -8.4774012312463745e-02	   2.1524601668507570e-01	   2.3989470229862761e-01	   3.7705246858750985e-01	   3.7586827717620513e-01	   2.1874779289596211e-01	   2.7463703021788288e-01	   3.7896110426923596e-01	   3.2498174831620480e-01	   3.0867924132776769e-01	   2.8619691979897677e-01	   1.2993438065940194e-01	   2.3136932848882821e-01	   2.5334240662515689e-01	   2.7935874546573392e-01	   1.2712149701849620e-01	   8.4782010630537509e-03	   4.1187133062112957e-01	   5.6408215640473325e-01	   6.2549154608868696e-01	   5.4328507114617153e-01	   1.5872848591544364e-01	   1.5543563163392710e-01	   5.5552960250544858e-01	   5.5078627171639960e-01	   2.6724919405216285e-01	   2.6290055649704885e-01	   2.2241659906155467e-01	   2.2930329905266131e-01	   1.3204252745225684e-01	  -6.9023007656694960e-02	   2.0188007149972359e-01	   2.7340171239924944e-02	   3.2447379018097217e-01	   1.9224115631403452e-01	   1.5540857460170304e-01	   1.0785227288111275e-01	   4.7234142448309507e-02	   3.9457887376144488e-02	   1.2942628783557589e-01	   1.0213661290563041e-02	   2.8856718509994195e-01	  -4.1627967693709633e-02	   2.8388901840709768e-01	   3.2141014477029406e-01	   1.4912786563113875e-01	   1.6326796014237099e-01	   3.8438317361710062e-01	   4.5337392801322618e-01	   2.8363250632778719e-01	   4.6930104692415153e-01	   4.7274765830397480e-01	   3.6409758920507423e-01	   1.0959532329708442e-01	   2.4861074520255569e-01	   1.4530123262243000e-01	   2.6503777631113323e-01	   5.9247605194709542e-02	   6.9925848745531538e-02	   3.1699231886555801e-01	   6.7757641116257317e-01	  -4.4894409966030245e-02	   2.1672121503736685e-01	  -2.2424843012895274e-01	  -7.8486934462291130e-02	  -3.6848403336908098e-01	  -2.0583652265953767e-01	   1.7486658996092921e-01	   1.0861467887336743e-01	   1.1619135899195486e-01	  -4.6072274680392516e-02	   2.5195893679636455e-01	  -8.3957666263035066e-02	  -7.9223912682293771e-02	  -3.3178448093194884e-01	
  -1.0297587263810751e-03	  -1.9684886621448111e-01	   3.8751117795383039e-01	   6.0244838126661493e-01	   4.2095763380324880e-01	   8.7004839695009606e-01	   3.8188373734665626e-01	   6.3532602048714193e-01	   6.4660013060746191e-01	   0.0000000000000000e+00	   7.7192247275661152e-02	   4.0704119200762579e-01	   1.6236819183733983e-01	   4.4824171610079749e-01	   3.8072806186595953e-01	   5.6988971226785234e-01	   8.4951750251887115e-02	  -1.3065113696091049e-01	   1.4417094419989507e-02	   6.7830899586294444e-02	   3.4927605365559600e-01	   4.8593111717633514e-01	   4.0065222356163310e-01	   4.3173892601309904e-01	   3.4195498892502035e-01	   5.3735253853423570e-01	   1.2838319112090701e-01	   4.2378810702367908e-01	   1.4946561432457589e-01	   7.9919060803684147e-02	   4.6654147617867481e-01	   5.3279639851253857e-01	   1.4254474151676821e-01	   1.7232247722381216e-01	   3.7179155226750374e-02	   7.8226052869847674e-03	   1.5334862720786917e-02	   1.4040799700058951e-01	   3.2920301192522960e-01	   2.9270476841045251e-01	   4.8214814646954408e-03	  -2.4143860962082758e-01	   1.7538004027066439e-01	   1.8215668861095885e-01	   1.8066329478832058e-01	   3.1596251308652434e-01	   2.0078671674785536e-01	   3.8320321581851746e-01	   2.0084710715614104e-01	   3.0047018298168371e-01	   3.3061621432525096e-01	   2.1842924637976247e-01	   2.8293945814562066e-01	   3.6957929128325101e-01	   1.8367545083278980e-01	   2.3015588857689992e-01	   8.8907417394648650e-02	  -1.7629915242563263e-01	   1.0297112875528813e-01	   4.2707960537692163e-01	   3.4052595017931364e-01	   6.2982236524769053e-01	   1.5574887396972481e-01	   1.7869505770353913e-01	   3.8206188520256912e-01	   4.7620649364039525e-01	  -4.0327628127816957e-03	   5.9040566192960983e-02	   1.4154325675032031e-01	   3.3220190226287477e-01	   2.5532143810007080e-01	   2.3139722928919229e-01	   2.4022070692630193e-01	   7.2431839804928302e-02	   2.9588630218449424e-01	   2.1503898279991965e-01	   3.8890461222733028e-02	   8.0277242596138956e-02	   1.0624154280400669e-01	  -2.0972467482082695e-02	   1.1342227268314639e-01	  -3.6339731434155441e-02	  -4.0714604206383037e-02	  -3.8694832542576066e-02	   1.4493341107098573e-01	   2.0170543686798825e-01	  -9.8608877571210063e-02	  -1.2249244078766069e-02	   2.2607763820036475e-01	   4.5677478972671176e-01	   4.0456694880277155e-01	   4.7292505800067719e-01	   6.1324670042683260e-01	   2.2715571050635772e-01	   2.0962452496032075e-01	   3.5169070513457390e-01	   8.9888416545823108e-02	   4.0028848288988672e-01	  -5.3868632920934505e-03	   1.6160913396792270e-01	   3.2976097534890847e-01	   3.3500101541728805e-01	   2.1430366453176589e-02	   8.2958466719579238e-02	  -7.7006575740769814e-02	  -5.5827370447418395e-02	  -3.1662295824799647e-01	  -1.2234876156221401e-01	   3.9490534244753961e-01	   4.6787186102917516e-01	   2.9027087867863438e-01	   9.1406821681955477e-02	   2.7262081383934700e-01	   9.0228192429268592e-02	   6.6690846721729147e-02	  -2.1951204716093364e-01	
   7.0289558349926362e-01	   6.6494019829135198e-01	   5.9707805208118159e-01	   3.6733807426300857e-01	   5.4105420924446745e-01	   1.2315545105054762e-01	   7.0695332539216271e-01	   4.7000207013587653e-01	   4.9122529850580576e-01	   7.7192247275661152e-02	   0.0000000000000000e+00	   5.7842111751959635e-01	   9.1226122953056321e-01	   6.1225856784341537e-01	   5.3696464557734314e-01	   4.1977958272238314e-01	   6.2215604974764060e-01	   5.4802597559234456e-01	   5.3557967290571096e-01	   4.3823905037530764e-01	   7.7211688189943867e-02	   1.0398642234452848e-01	   4.5294262304239508e-01	   2.3411528234375209e-01	   4.5821459457632729e-01	   3.1345006598982950e-01	   4.8675294804986163e-01	   2.9269203900086743e-01	   5.6648547893422863e-01	   5.5066774190388224e-01	   3.5019619817348763e-01	   3.6416361940724667e-01	   7.0936585045998057e-01	   7.0347360747814514e-01	   2.8317480758605035e-01	   3.6284997937754609e-01	   4.9517553447416118e-01	   6.3314063139276189e-01	   5.6161483830163728e-01	   5.0353470020504054e-01	   4.5223364131861871e-01	   4.5867619747814858e-01	   6.1706906969761288e-01	   6.9723280568906021e-01	   5.9509275978507248e-01	   5.6939399285535108e-01	   7.1917231703094020e-01	   5.8345494119494368e-01	   6.5790047835482524e-01	   6.3487062749089351e-01	   5.6207915476124914e-01	   6.5232974871288518e-01	   4.6127056495932334e-01	   4.5588005236708984e-01	   7.3307704155914133e-01	   7.6230821141211291e-01	   5.8944855911575855e-01	   6.7988323437346199e-01	   8.0260731015835762e-01	   6.4885875705151497e-01	   6.3714437580401961e-01	   3.4471996185142173e-01	   7.0193396954155796e-01	   6.5916657553754721e-01	   3.5103633718895377e-01	   3.9848427765945627e-01	   6.5976423120996219e-01	   5.3706923685795793e-01	   4.1563661566253374e-01	   3.3934059016195928e-01	   1.3242704474761902e-01	  -7.9652105366534359e-02	   5.5253603514931804e-01	   5.4408223365894859e-01	   5.9670372031690544e-01	   6.0189409015265471e-01	   6.5511131432266789e-01	   6.4627007796093605e-01	   5.5373004272884829e-01	   5.9444951954615799e-01	   7.2291364930060920e-01	   5.7952077449165407e-01	   5.7923922460443755e-01	   5.0795111923550829e-01	   6.1273871861310281e-01	   6.0044186920350884e-01	   4.6552090435715776e-01	   4.2855563348405534e-01	   6.6979966125114831e-01	   6.0192688359811597e-01	   3.6622553681965275e-01	   4.1058070960837384e-01	   2.6082434722443704e-01	   1.7756543011871698e-01	   5.3308412540942457e-02	   1.4967029013821603e-01	   6.6914300787143122e-01	   5.6345148140339896e-01	   5.7092910913112660e-01	   4.4715068953872378e-01	   2.7184944492749641e-01	   3.8551377807630766e-01	   2.4822191109791977e-01	   1.1656086219882984e-01	  -3.0969815577645382e-01	  -2.6548081091499665e-01	  -9.8803964895798083e-02	  -2.5891295664798242e-01	   2.2806302755132901e-01	   7.4386470183301967e-02	   4.5858936134316042e-01	   3.3279789243402508e-01	   4.4431259588780547e-01	   2.8637768673476310e-01	  -4.0380747447543469e-02	  -2.4684908831564129e-01	
   5.4385969890268471e-01	   4.6214500392503377e-01	   4.2417848271816827e-01	   7.0385615592510786e-01	   3.5200880405769103e-01	   4.3809656123387930e-01	   5.4112993437469081e-01	   7.9112482516950700e-01	   3.0968258997209136e-01	   4.0704119200762579e-01	   5.7842111751959635e-01	   0.0000000000000000e+00	   5.5927938767747154e-01	   8.1178330723329406e-01	   2.5965795212260834e-01	   6.0016917776651524e-01	   6.5775869160671241e-01	   4.8373722241673395e-01	   3.6021802846267464e-01	   5.8864090798185920e-01	   1.9715709220125160e-01	   3.2466927766351028e-01	   3.3703596375975631e-01	   5.0705131118966773e-01	   3.5904709214144687e-01	   4.8963534144993548e-01	   4.2625295196330892e-01	   3.9949878934860217e-01	   6.3039465096804448e-01	   6.8742621106904578e-01	   5.2365235910638763e-01	   6.0040202607763626e-01	   6.6093248160944806e-01	   7.3834611934402250e-01	   1.6417395525894340e-01	   2.4491923932455895e-01	   3.8175701970071796e-01	   6.3469312992410853e-01	   6.0635277737148352e-01	   5.9038509483701240e-01	   4.6384777657035409e-01	   1.6661826820936493e-01	   6.1375708604027224e-01	   6.7042297194090850e-01	   4.7226500274598809e-01	   6.2629310128186400e-01	   6.8201503653544449e-01	   7.0860033133076605e-01	   6.6014709153004691e-01	   8.1672007746546793e-01	   6.5590505546828881e-01	   7.5195491300750694e-01	   5.9534375774751780e-01	   6.0497722601779014e-01	   6.5730097734285642e-01	   7.5644286345428613e-01	   5.6930090033707270e-01	   3.9112074923956908e-01	   5.0449995682705906e-01	   5.3396707846406133e-01	   4.3378481567363786e-01	   5.4031929900286790e-01	   6.8629542929535048e-01	   7.8862079177588018e-01	   1.1818294980122140e-01	   4.3337928213239618e-01	   4.7467181679238024e-01	   5.0063524300359430e-01	   5.0169604640821441e-01	   5.9029190817208799e-01	   1.4606744969484947e-01	   2.7569883867005746e-01	   4.8025487749932871e-01	   5.0305310629527000e-01	   4.8142202488765007e-01	   6.3167047100679830e-01	   4.8776833108593565e-01	   6.3968089082755131e-01	   5.3992397450024310e-01	   5.3223404524066642e-01	   6.5918488691525079e-01	   6.5362471066042527e-01	   2.0274941038297878e-01	   4.7249652034338369e-01	   3.2322870579973906e-01	   6.2168948447823535e-01	   6.8020173030972325e-02	   2.5321547956087292e-01	   5.1502976414513535e-01	   6.6286929429750840e-01	   5.6724971918031353e-01	   4.4895183936294702e-01	   5.2158114005103251e-01	   1.1042989097457167e-02	   1.6912925599212841e-02	   2.3631494434078282e-01	   5.6666536475347162e-01	   6.9717321582374625e-01	   4.7232259500192647e-01	   5.0182619270121609e-01	   3.9634326426292182e-01	   1.6641381643862480e-01	   3.2763830633186636e-01	  -6.0967956229325600e-03	  -2.5012481222567756e-01	  -3.2850641555515114e-01	   1.3172110674356575e-02	  -1.1250163368025808e-01	   3.2437393762418965e-01	   3.3709089622094435e-01	   6.3492435025820004e-01	   3.8292367763272289e-01	   4.7091819724971873e-01	   4.4935581012586268e-01	  -1.2948415033043944e-02	  -2.9333609896124097e-01	
   4.8423825654998526e-01	   4.7687834414551517e-01	   6.4713280178806809e-01	   3.7450397989222478e-01	   5.8118328152577203e-01	   2.0784520733106521e-01	   6.9506973653792459e-01	   4.5742559392956783e-01	   6.2577045108891272e-01	   1.6236819183733983e-01	   9.1226122953056321e-01	   5.5927938767747154e-01	   0.0000000000000000e+00	   7.0657720156722092e-01	   6.3707197166346496e-01	   5.0559818086491748e-01	   4.2388253154625954e-01	   3.6902333503230711e-01	   3.6313167924239748e-01	   2.9386903501148598e-01	   1.3876605134076014e-01	   1.3896625272444030e-01	   5.4560111773885622e-01	   3.1152407536451121e-01	   5.4465573375465559e-01	   3.9072758611401170e-01	   5.4658904289957633e-01	   3.9379230709699831e-01	   3.9780584117453471e-01	   3.8104019472816736e-01	   3.8581181998863451e-01	   3.6629143420864430e-01	   5.9646248483797482e-01	   6.0622382656629503e-01	   4.2592612759041193e-01	   4.5913629282432239e-01	   3.5311232164338013e-01	   4.9187179389181795e-01	   4.9231044976588884e-01	   4.5427403013527512e-01	   3.1366004094718392e-01	   3.0891325493973565e-01	   5.6528604353491607e-01	   6.4900869058526534e-01	   6.1830548633779669e-01	   5.9453659868214226e-01	   6.3125318003457687e-01	   5.2934326022703826e-01	   6.9464938388454789e-01	   6.4513123626250679e-01	   5.7382187675090468e-01	   6.4473995281390395e-01	   3.3017536862101177e-01	   4.2219567962209459e-01	   6.6192957673333142e-01	   6.7365165447170428e-01	   3.6580067386311627e-01	   4.7540076459506586e-01	   7.0896980023841183e-01	   6.1944617038067618e-01	   5.9156773904727067e-01	   3.5918196866223101e-01	   5.3569462232054121e-01	   5.4137580739970625e-01	   4.7867064186385200e-01	   5.1209817633924104e-01	   6.3908019642849023e-01	   5.3684591704214302e-01	   3.7222792068963173e-01	   3.0494999047696147e-01	   1.1093412867908336e-02	  -1.4134003212044727e-01	   3.9084535378321145e-01	   3.9336661618694935e-01	   4.6011955734446125e-01	   4.8786192333495337e-01	   4.8619112406871373e-01	   4.9667022693503193e-01	   3.2170566635129128e-01	   4.2951976567332456e-01	   5.6308684704363920e-01	   4.6981750041409936e-01	   5.4135994032888546e-01	   3.5252300451035895e-01	   5.8783258025241070e-01	   5.8333659596745946e-01	   4.4046097677025287e-01	   4.1317675225300510e-01	   6.6689529887638965e-01	   6.0252962766854057e-01	   3.3075134545127993e-01	   4.2021791655985574e-01	   3.2050363909150709e-01	   2.9911314497341984e-01	   1.5040667999668852e-01	   2.3740213458458453e-01	   5.7725355264826206e-01	   4.9461908686652878e-01	   4.4021095851243081e-01	   2.9463824259325055e-01	   2.8081056022159667e-01	   4.7459821014180825e-01	   2.0438113332014818e-01	   1.5026428229208652e-01	  -2.5901388094688216e-01	  -1.8216086441079976e-01	  -2.1334852323287043e-01	  -2.4235771725503577e-01	   2.1371512577937449e-01	   8.1403010281234617e-02	   3.9022687806071310e-01	   2.3513664056747327e-01	   3.6293919365264526e-01	   1.8241285994480883e-01	  -1.3330998775832173e-02	  -2.3427854460627776e-01	
