   0.0000000000000000e+00	   9.0969583664650577e-01	   6.2505669439230571e-01	   6.7636107289761194e-01	   6.4261302215577187e-01	   5.8099114326858647e-01	   6.8842414128512130e-01	   6.5250803449749251e-01	   5.6717513001020869e-01	   5.1489973649433707e-01	   7.6289190289264308e-01	   6.4502161254371682e-01	   6.2377144771136439e-01	   6.2908645375582384e-01	   6.5898232056609873e-01	   6.7259617853750675e-01	   8.1743764937650010e-01	   7.7853627094225097e-01	   7.4370542872886258e-01	   8.0829084001127216e-01	   6.6624800033584086e-01	   7.0708430219441454e-01	   6.1169509071150352e-01	   6.3211672578703881e-01	   5.2596163389244510e-01	   5.6515526805838012e-01	   6.1659806710182441e-01	   5.7707292507213070e-01	   7.6836521537850089e-01	   7.7440179646429919e-01	   6.3993757293240405e-01	   5.6617672373767580e-01	   8.6172954598551643e-01	   8.3584772884747394e-01	   5.7890953195439399e-01	   5.7774053517261037e-01	   7.0652630875270539e-01	   5.6883269132256764e-01	   7.5768385799679705e-01	   5.7005873062714119e-01	   8.0605366088637953e-01	   7.0831476229533297e-01	   6.8788179987471976e-01	   6.6367302812023821e-01	   5.9713435449295049e-01	   6.3307596365704688e-01	   7.4278421767510527e-01	   7.5028565119799961e-01	   5.8285653684762562e-01	   6.1003965536849569e-01	   6.6692379435946347e-01	   5.9845598713772608e-01	   7.3311384556820502e-01	   6.3362325371483386e-01	   7.2193405307944458e-01	   6.5710209045302059e-01	   8.7719382917180344e-01	   8.4302096668991910e-01	   7.3395802764754481e-01	   6.5790059194375772e-01	   7.0325644604093962e-01	   5.0259610271779542e-01	   7.9196071362381337e-01	   7.4922894708628807e-01	   6.2948408243637055e-01	   6.3552605399498441e-01	   6.4408250560842772e-01	   5.8757452636364815e-01	   8.4236593814773641e-01	   7.0258597287251412e-01	   2.7264632949246420e-01	   2.3959797208064754e-01	   7.2100471510395259e-01	   6.8401822512632293e-01	   5.8307184016092517e-01	   5.2269294167932556e-01	   7.2599339498343718e-01	   6.9063055934995465e-01	   7.6904213844679714e-01	   6.4333069701110568e-01	   7.2323267752238518e-01	   7.0134402246834626e-01	   8.1255648950907600e-01	   7.9411176873702305e-01	   7.2873940264330916e-01	   7.2824204113346647e-01	   8.0109083550258353e-01	   7.5281926049522618e-01	   7.2353240566477572e-01	   6.8335736154171711e-01	   5.2582315229988763e-01	   4.4498083685810208e-01	   3.8582791880125378e-01	   4.3001643909082499e-01	   4.5292127916312952e-01	   3.8959040583524573e-01	   6.9667148999188988e-01	   6.2881156217717260e-01	   7.1753007458387863e-01	   6.5178924113910341e-01	   4.3414177781983221e-01	   4.8543619470852273e-01	   6.1439983692721922e-01	   6.0059583294812668e-01	   3.3224294090874229e-01	   3.0313566461396307e-01	   3.8693123655403117e-01	   4.1068745596599715e-01	   2.0165738909147130e-01	   3.5345076928704400e-01	   6.6047811190252048e-01	   5.4069174927435493e-01	   4.5128272228266708e-01	   5.9022361594361861e-01	   3.7123085440260623e-01	  -4.3301360325482451e-02	
   9.0969583664650577e-01	   0.0000000000000000e+00	   5.8166303917329421e-01	   5.7879911080117108e-01	   6.3245043986448346e-01	   6.2546825441082576e-01	   5.8622542340404882e-01	   5.2511902688617984e-01	   4.2469168802133517e-01	   3.4076883399677010e-01	   6.4340165356027290e-01	   5.3705495980713358e-01	   4.6615489265635479e-01	   5.3574415396235375e-01	   4.8777564720653216e-01	   5.1281008759748214e-01	   8.0582532448619459e-01	   8.0403853708638595e-01	   6.7949330037150868e-01	   8.4643558605583213e-01	   5.4936168526095175e-01	   6.3297032419422283e-01	   5.7614315246533565e-01	   6.1456238837987498e-01	   5.9383832783897783e-01	   5.9536838404156334e-01	   5.9769937635203951e-01	   5.9431363178785901e-01	   6.3542622945403182e-01	   6.7793027710844700e-01	   4.6731198604611979e-01	   3.5994534833416164e-01	   8.8123488346661083e-01	   8.5920525578152229e-01	   6.3646772577265043e-01	   6.5435720587431667e-01	   7.2835213096193574e-01	   6.1790932614007843e-01	   7.6245307136372209e-01	   6.3882378999061096e-01	   7.8834457394099888e-01	   7.2831228129891401e-01	   6.8888507290143686e-01	   6.2642079287854602e-01	   6.0567637005018549e-01	   6.0154996644679881e-01	   7.1383644715148831e-01	   7.0996482548275175e-01	   5.6154302088689700e-01	   5.8384090869927063e-01	   6.3817030241510087e-01	   6.0195825169935580e-01	   7.2951809532834699e-01	   6.8125335955028554e-01	   6.9734809189875202e-01	   6.8575134180913000e-01	   9.1102844311965447e-01	   9.6498289313830266e-01	   7.7068958364475870e-01	   6.9871890894450694e-01	   6.4621017543870773e-01	   4.7159852654576873e-01	   7.8586788528480345e-01	   7.4775580256470486e-01	   6.0463908705928393e-01	   6.1366353192394285e-01	   6.6443517858994117e-01	   6.0183130434019616e-01	   8.8043623761571366e-01	   7.7942337974154929e-01	   1.1377447744969560e-01	   4.8108608141000361e-02	   6.7140220349721180e-01	   6.4839980722124679e-01	   5.4312243003194205e-01	   4.8533623590139929e-01	   6.6543804321133948e-01	   6.7016575844624959e-01	   7.3620108850591337e-01	   6.5030197134782464e-01	   7.0168133291087398e-01	   7.0524016433035941e-01	   7.4625744790976345e-01	   7.5598058729617867e-01	   6.7720328956636888e-01	   7.2734173555818038e-01	   6.9384278614162398e-01	   6.8765635852395846e-01	   7.5137435488431570e-01	   7.4338220405781785e-01	   6.3072876772005304e-01	   5.9611443334750103e-01	   5.4393432526227470e-01	   6.1336968911958245e-01	   4.8777809086634638e-01	   4.6437306476171003e-01	   6.9155491354353016e-01	   6.0128071958661700e-01	   7.5733827235792928e-01	   7.1047096353815220e-01	   5.1498945671865393e-01	   6.3427034152136630e-01	   6.8541033188758527e-01	   6.9558130954863473e-01	   4.3869858490756597e-01	   4.2840318859418347e-01	   3.5031666895994784e-01	   4.6401596981077897e-01	   2.6302523143817202e-01	   3.6847707828454634e-01	   7.0032606642171036e-01	   6.5701068520929140e-01	   5.6524220588481411e-01	   6.2126576584303628e-01	   3.5394043160789856e-01	   1.7204066384435449e-01	
   6.2505669439230571e-01	   5.8166303917329421e-01	   0.0000000000000000e+00	   8.4012001816950055e-01	   8.3763751442140899e-01	   6.8170766947669070e-01	   8.9229311953064794e-01	   7.2406693892257690e-01	   6.0437550864504486e-01	   3.5248531875290712e-01	   7.7728761084236031e-01	   5.4876800344697341e-01	   7.3978468569104250e-01	   6.4318084211054671e-01	   7.1460524416012694e-01	   6.4107341980292887e-01	   5.7594908178314552e-01	   5.4152809130442192e-01	   8.4751366990907817e-01	   7.0657779280226540e-01	   5.8899395895255890e-01	   7.9226007639698737e-01	   9.3686065945512387e-01	   8.8546429648852043e-01	   7.8827700646948795e-01	   7.8131570883040136e-01	   9.0014211824412893e-01	   8.5258573358171197e-01	   6.2706540329182103e-01	   6.0023248851253619e-01	   6.8414847960109515e-01	   5.7311584492055379e-01	   7.7798813741040973e-01	   7.7658636034598949e-01	   7.2601184960586107e-01	   6.0888069003198408e-01	   6.7000515110491521e-01	   6.5097082808939288e-01	   6.7343287367317561e-01	   5.9815508848874088e-01	   6.2505514168163490e-01	   7.1580035492373906e-01	   6.9117162832934320e-01	   6.7644726595125770e-01	   6.5996580268416882e-01	   7.0438462352163422e-01	   7.0312789377853890e-01	   7.3754741405090862e-01	   6.5866187444382818e-01	   6.8170457452078881e-01	   7.0104669099880645e-01	   7.1980922681425841e-01	   7.4143300722768002e-01	   7.1295140058407824e-01	   7.1827887980687377e-01	   7.0725798727817790e-01	   4.2288724645720899e-01	   5.1967323210067484e-01	   7.3353851490463051e-01	   6.6336348299811754e-01	   8.3344218151130134e-01	   6.6090219734291755e-01	   6.2479913527258824e-01	   5.6964578386908371e-01	   9.0053067951645216e-01	   8.3425889744510218e-01	   7.4046728134280171e-01	   7.0507416295159309e-01	   5.7351918556710557e-01	   5.7207738740195735e-01	   3.5145154154764557e-01	   2.9866088733641150e-01	   7.8166865713706679e-01	   7.3285530944412125e-01	   7.6591793881897374e-01	   6.8843254987579672e-01	   7.1290798507876418e-01	   6.7979987768609584e-01	   6.1056583237895601e-01	   5.9731015517538699e-01	   6.5443123543174009e-01	   7.2008701285578880e-01	   7.2268895576396086e-01	   7.2838976737995431e-01	   8.9581502910410271e-01	   8.7384342620891486e-01	   8.2140024305260217e-01	   8.3945656887290410e-01	   8.3171809116979289e-01	   7.9404968462957504e-01	   5.8783371027043096e-01	   6.3353806347306751e-01	   4.8838162176316535e-01	   6.3740847955012780e-01	   2.9201549540816590e-01	   4.1395580675208943e-01	   6.0429461367173087e-01	   4.9814123559611195e-01	   6.3330680398081185e-01	   6.8680442755933335e-01	   4.0540155419979834e-01	   6.2013265786556926e-01	   3.9836565271530966e-01	   5.2890383334204238e-01	   3.4956742081813869e-01	   3.6912820007020009e-01	   2.1908791214306764e-01	   4.1894943585442102e-01	   4.2787359745361297e-01	   4.8313916241562593e-01	   6.1944565952010122e-01	   5.3197101858230023e-01	   5.1382180430983482e-01	   5.4765187549151473e-01	   4.5236143325898909e-01	   1.1859165584729733e-01	
   6.7636107289761194e-01	   5.7879911080117108e-01	   8.4012001816950055e-01	   0.0000000000000000e+00	   8.0362247864294467e-01	   7.3762231535179557e-01	   7.9212584823542653e-01	   8.7231749577452677e-01	   5.0346403072065793e-01	   4.3980575192754429e-01	   7.8813557475228724e-01	   7.4613888422766006e-01	   7.3135028732113117e-01	   7.8430211329265720e-01	   6.2854022465519921e-01	   6.2420854334160292e-01	   6.1246108469517468e-01	   6.0342268007496647e-01	   7.4900423604264688e-01	   7.1473703733699212e-01	   6.2610136615606904e-01	   7.7228628600672056e-01	   8.1904683528921152e-01	   8.6745909460067860e-01	   7.0220026688969273e-01	   7.8237224558360785e-01	   7.7416337919427836e-01	   7.6866813829428238e-01	   6.5207553374347516e-01	   6.8350875375989140e-01	   6.6947301560973416e-01	   6.0992281333744680e-01	   7.4554285353785343e-01	   7.7609390665390687e-01	   7.0223371833347037e-01	   6.4440512252710203e-01	   7.4717917497116626e-01	   7.3416791678107751e-01	   7.3279984677892718e-01	   6.7672645933037046e-01	   7.0203626404295671e-01	   7.8768445464049408e-01	   7.0465152819134103e-01	   6.8798778716763498e-01	   6.6828341978805872e-01	   7.4499962480638438e-01	   7.6417668929762528e-01	   7.8838962245049815e-01	   6.7848379758258159e-01	   7.1040227556053859e-01	   7.5529720190187155e-01	   7.4195811991560046e-01	   7.9062052991902709e-01	   7.3871697335071951e-01	   8.0580523808664761e-01	   7.6588571887763857e-01	   4.4920595581904554e-01	   5.3949776865565191e-01	   7.1382440180310769e-01	   7.6212519084801900e-01	   7.3928109364527950e-01	   7.3502285231268416e-01	   6.5339113115619218e-01	   7.0987150434760304e-01	   8.4077089032311059e-01	   8.8681263682171629e-01	   7.5776960296724116e-01	   7.8233110579022413e-01	   6.3940969770389444e-01	   6.7515027840058206e-01	   3.2790046672399265e-01	   3.6787347639196621e-01	   7.2242287774610481e-01	   7.1333298486333319e-01	   7.3979903150218074e-01	   7.2355202268397711e-01	   7.6631674375293168e-01	   7.6831456149633193e-01	   6.2187502797959493e-01	   6.6150086665305874e-01	   7.4290825742441235e-01	   7.6096335182980734e-01	   7.3601516471658379e-01	   7.7503941907875173e-01	   8.2524932554017072e-01	   8.5616739153689103e-01	   7.7084204743085116e-01	   8.1614617573733983e-01	   7.4312364651141638e-01	   7.8715059334003756e-01	   6.3204588996758226e-01	   5.9478850074713496e-01	   4.8553780573368377e-01	   5.5404585852859956e-01	   4.2610410973824564e-01	   5.1432222553474261e-01	   7.0144230553158171e-01	   6.6246135783351745e-01	   6.9795113663579222e-01	   6.9408648387316774e-01	   5.0147937224563222e-01	   5.9686326678017954e-01	   4.6645569960566946e-01	   5.3050856374391220e-01	   4.0877563670649381e-01	   3.9504021461696093e-01	   2.9910844580688412e-01	   4.4517301056078318e-01	   4.5414107991068819e-01	   5.5956672971745269e-01	   6.8888159296748452e-01	   5.6609067246892575e-01	   5.4986276059734640e-01	   6.1850130555261851e-01	   5.6253456361165521e-01	   6.1878010703111663e-02	
   6.4261302215577187e-01	   6.3245043986448346e-01	   8.3763751442140899e-01	   8.0362247864294467e-01	   0.0000000000000000e+00	   8.9651130883195962e-01	   8.1812927964641124e-01	   7.5331455329541741e-01	   5.5883283266887029e-01	   4.2332391838726169e-01	   7.4815555080448404e-01	   5.9201868890793374e-01	   6.3135700680076368e-01	   6.6379121817512710e-01	   5.8710249477834575e-01	   5.9648342304315283e-01	   6.3167231926467449e-01	   6.2751220067142000e-01	   6.9402284142000892e-01	   7.3030839598728736e-01	   6.0655878960946730e-01	   7.5566868407983789e-01	   8.1034215516870367e-01	   8.2876255535780041e-01	   8.4828250668734517e-01	   8.1295483652503275e-01	   8.1945991277554897e-01	   8.4358908548756739e-01	   5.5676838343195212e-01	   5.3847473179301775e-01	   4.9963568093114752e-01	   4.1818029016196817e-01	   7.5526477280396209e-01	   7.9498053875028418e-01	   7.0334972858612987e-01	   6.6452599036356086e-01	   7.0175546604428107e-01	   6.4416575877974969e-01	   7.2459630877860759e-01	   6.2302760865092122e-01	   7.1666793320195832e-01	   6.9951340728850209e-01	   6.9848233222480738e-01	   5.6569326455841951e-01	   6.9063037477011024e-01	   6.3931039350658425e-01	   7.0179534842019553e-01	   7.0843885332842282e-01	   6.6052018984616145e-01	   6.5135009132910726e-01	   7.1212853433043422e-01	   7.0435667092691556e-01	   7.9884320412335286e-01	   7.7661063065967029e-01	   7.2996464305094588e-01	   7.2060323907660084e-01	   5.6758954092889469e-01	   6.0579373974248640e-01	   7.5081617154046709e-01	   7.5702040805433046e-01	   8.0229419111838607e-01	   7.3485459995551794e-01	   6.6430672020863524e-01	   6.7888012981606205e-01	   8.0570752552474212e-01	   7.8027996247865028e-01	   7.2023168894144973e-01	   6.9938645813939870e-01	   6.9665252023074098e-01	   7.2545089435529353e-01	   2.5891214096060622e-01	   2.0776095249414450e-01	   6.4593660305311984e-01	   5.6557340598202077e-01	   5.9107668212106423e-01	   5.2469383239380063e-01	   6.4589815318211397e-01	   6.6834716693439555e-01	   6.2943893146807561e-01	   5.9797439848513667e-01	   6.5264196257423279e-01	   6.9174926476139409e-01	   7.4552961358202041e-01	   7.5910463697575836e-01	   7.9717559704888430e-01	   8.1725316149289973e-01	   7.0754532867355913e-01	   7.3021243552619219e-01	   8.6183135112246090e-01	   8.6547565212622790e-01	   7.4723498583928794e-01	   7.5421228744986479e-01	   6.5706329485700110e-01	   7.6071628613324360e-01	   3.0736261540514831e-01	   4.2340742772113271e-01	   5.9483394660623568e-01	   5.0006145972947025e-01	   7.1211934778958996e-01	   7.5085058501218749e-01	   5.8322096459772865e-01	   7.2318835960943373e-01	   5.1917027459892073e-01	   5.9480236024481981e-01	   4.1072329767044058e-01	   4.2910205064463469e-01	   2.9693662973409651e-01	   4.7553894954190801e-01	   4.0494431210217774e-01	   4.7355300623507202e-01	   6.8196107779311244e-01	   6.6644683514102532e-01	   6.1664078992975879e-01	   5.9522364282573093e-01	   4.5750020881821379e-01	   1.7864434950500924e-01	
   5.8099114326858647e-01	   6.2546825441082576e-01	   6.8170766947669070e-01	   7.3762231535179557e-01	   8.9651130883195962e-01	   0.0000000000000000e+00	   6.6196188359532504e-01	   6.7655047176076821e-01	   3.9095188402589881e-01	   3.9516160826207691e-01	   6.1156042200889149e-01	   5.1130930024113019e-01	   4.4444492716565026e-01	   5.9030160219832961e-01	   4.2762746911084260e-01	   4.7813187919989963e-01	   5.9712316179351932e-01	   6.0824551258693416e-01	   5.4471725952298389e-01	   7.1621557213126541e-01	   5.3447079033521061e-01	   6.5484142653958988e-01	   6.7011311843907917e-01	   7.4316543339120622e-01	   8.6330959242893290e-01	   8.5026383326830124e-01	   7.2794996263641631e-01	   7.9519961787422377e-01	   4.0492979032072279e-01	   4.2575302043794527e-01	   3.4466497774720872e-01	   2.4531581992448556e-01	   7.2568663132654065e-01	   7.9437851808388071e-01	   7.1605406585446996e-01	   7.5130781042343242e-01	   7.2332154797776727e-01	   6.5387819520310297e-01	   7.3821584855186362e-01	   6.6160017102433311e-01	   7.3752784489592171e-01	   7.1356643447680379e-01	   7.4342730469425944e-01	   5.6642739475026893e-01	   7.2858128431851732e-01	   6.1974364771826729e-01	   7.1785188095499575e-01	   6.9957766299169255e-01	   6.9894685860020489e-01	   6.7360249307623332e-01	   7.2020176712475870e-01	   7.1301321604893952e-01	   8.0171363659442541e-01	   8.1355214530684838e-01	   7.4158183971479197e-01	   7.3370606652705550e-01	   6.2351273489694603e-01	   6.3558742223917319e-01	   7.6916581634215819e-01	   8.0843780622559624e-01	   6.7865533903555697e-01	   6.9167961645084497e-01	   6.3196906107351758e-01	   6.4962836620781128e-01	   7.1808824967861895e-01	   7.0407532903397785e-01	   7.1437282719620954e-01	   7.1904279733516974e-01	   7.5653762864629248e-01	   8.1747222469665670e-01	   1.3281177268435457e-01	   6.6643748138321274e-02	   5.0511973921232656e-01	   4.3950231654512240e-01	   4.5774902982008830e-01	   4.2489934415995800e-01	   6.0381392357693642e-01	   6.5523983494794535e-01	   5.7802971620173726e-01	   5.6747003667234486e-01	   6.2418593098912178e-01	   6.4284241326506908e-01	   7.3970133090322387e-01	   7.5863788624937367e-01	   6.9276774812953268e-01	   7.5197161042917515e-01	   6.3105948471638018e-01	   6.5612131532217843e-01	   8.3303533601241087e-01	   8.8686109805273983e-01	   8.5147105566744752e-01	   8.2820574090702537e-01	   7.6261420166093241e-01	   8.1231111228570552e-01	   4.2037254673460661e-01	   4.8973674564029773e-01	   6.4366773246796871e-01	   5.8405222066559781e-01	   7.7662766268260297e-01	   7.9570834355904352e-01	   7.3691043179367144e-01	   7.9776910683733737e-01	   6.5106414529909251e-01	   6.6835547868799350e-01	   5.3724183137347503e-01	   4.6273042681580556e-01	   4.1360692783459801e-01	   5.8556419061528819e-01	   4.5817196857800946e-01	   4.9838517233804919e-01	   7.6488381861344790e-01	   7.8727455321694262e-01	   7.1675941189208980e-01	   6.6104751449249988e-01	   4.9721669783707234e-01	   2.7379711676355223e-01	
   6.8842414128512130e-01	   5.8622542340404882e-01	   8.9229311953064794e-01	   7.9212584823542653e-01	   8.1812927964641124e-01	   6.6196188359532504e-01	   0.0000000000000000e+00	   8.5790954604654224e-01	   8.2834129670509837e-01	   6.6027084918357648e-01	   8.4829274627501339e-01	   6.6374827134126613e-01	   8.5031010916718441e-01	   7.3655213001309572e-01	   8.4307350158363903e-01	   8.0237785836756403e-01	   6.5436078383632912e-01	   6.1879806763111134e-01	   8.0565100172320991e-01	   7.5658295293619648e-01	   6.1437791846839496e-01	   7.5685415985575799e-01	   8.1755106101163544e-01	   7.6566005726086783e-01	   6.3116397342592789e-01	   6.0479438667879859e-01	   7.5491218856536801e-01	   6.8772536046352595e-01	   7.2484451155570673e-01	   6.6951089062940161e-01	   7.5669184488013519e-01	   6.7934764517929802e-01	   7.5307940871040135e-01	   7.6348029919659366e-01	   5.7584202294226705e-01	   4.9091761712150900e-01	   5.7102051641284823e-01	   4.6697889167707218e-01	   6.0603717977782501e-01	   4.2646015938597637e-01	   6.5058847812403253e-01	   6.0074940178244496e-01	   5.6738582770967971e-01	   5.2019800014113904e-01	   5.0760795691301330e-01	   5.2090473660324821e-01	   6.0761494219967949e-01	   6.3796406971463271e-01	   5.1057341301255765e-01	   5.1387241916456583e-01	   5.7947971292203915e-01	   5.4506705237551800e-01	   6.8247828898273410e-01	   5.8455800732114271e-01	   6.0760272364781376e-01	   5.4768855479729339e-01	   4.9316651164918696e-01	   5.2139475711137084e-01	   6.5541371401676962e-01	   5.6991641696397854e-01	   8.5713784990769715e-01	   6.3342053448252433e-01	   6.3285489437754916e-01	   6.1602052114131456e-01	   7.7882747942581898e-01	   6.5579727599546889e-01	   6.0920385890468665e-01	   5.6952010155250543e-01	   6.3355350728069604e-01	   5.6260899410711862e-01	   3.8593574080493032e-01	   3.6641856363978009e-01	   7.3475531519899628e-01	   6.8055609298426600e-01	   6.6495414492601768e-01	   5.7702453959632538e-01	   6.3381440156523627e-01	   6.0054622767891574e-01	   6.6224829363977578e-01	   6.2365186279309048e-01	   6.4913870186252043e-01	   7.0230167713849379e-01	   7.9927869871318880e-01	   7.8076600198406809e-01	   7.9726689950921248e-01	   7.4155361409320775e-01	   8.6590910384829156e-01	   8.1395934910664436e-01	   7.6030169583301821e-01	   6.8074346033180821e-01	   4.9048946317456987e-01	   4.8700642164519459e-01	   3.7062789397520501e-01	   4.9149045099138278e-01	   2.0906199503493580e-01	   3.0142715794264641e-01	   4.8066874053761843e-01	   3.8869676110854823e-01	   5.2972374730483196e-01	   5.4976036052528865e-01	   3.8259215857489981e-01	   4.9581449934648325e-01	   3.9332366262037610e-01	   4.6242887303288327e-01	   2.2422696658389255e-01	   1.8986383128523901e-01	   2.5317157400803236e-01	   3.4103486731997867e-01	   2.4214912532844068e-01	   3.4026687632341346e-01	   5.1940498113244116e-01	   4.0634133541516487e-01	   3.5327171147553393e-01	   4.6668537102048491e-01	   3.2880146705580360e-01	  -1.0052786666369848e-01	
   6.5250803449749251e-01	   5.2511902688617984e-01	   7.2406693892257690e-01	   8.7231749577452677e-01	   7.5331455329541741e-01	   6.7655047176076821e-01	   8.5790954604654224e-01	   0.0000000000000000e+00	   7.1984511101713633e-01	   7.0981881299800298e-01	   8.3984942166963927e-01	   8.2563650685537526e-01	   8.1445741623748247e-01	   8.2942779039855430e-01	   7.5876723653767919e-01	   7.7057011537055065e-01	   6.4658849024824028e-01	   6.3880626069035640e-01	   6.9193089184211742e-01	   6.9785289496583769e-01	   6.0283852760284762e-01	   6.9277466056230030e-01	   7.2054095632495085e-01	   7.3332013776884963e-01	   4.9716429049210287e-01	   5.5746616176376773e-01	   6.2619814209250990e-01	   5.9032999400848252e-01	   7.4045811915211313e-01	   7.3372356348286505e-01	   7.0180536608273592e-01	   7.0133959337393048e-01	   6.3733964540061894e-01	   6.8946422688263587e-01	   4.8649561327717267e-01	   4.3000787045558531e-01	   5.9964890871451892e-01	   5.1956465257565465e-01	   6.1463412205518497e-01	   4.8091046258422554e-01	   6.7203947176107848e-01	   6.3776434518460567e-01	   4.8957673917394351e-01	   4.7369986505285744e-01	   4.1541487984634151e-01	   4.7718304395992195e-01	   5.7909104102828324e-01	   6.0173849690821735e-01	   4.2310368753085403e-01	   4.6242692357217313e-01	   5.2670138557551638e-01	   4.8496528248427273e-01	   6.3217018207521414e-01	   5.3253338243345993e-01	   5.9784429170018438e-01	   5.3119825939061505e-01	   4.6345633019821958e-01	   4.9752979452219764e-01	   5.3867559315614433e-01	   5.8927794974108205e-01	   7.6127780386014410e-01	   7.7325988005781754e-01	   6.3972359901407072e-01	   7.3853418703533757e-01	   7.2231232987853489e-01	   6.7931521825747410e-01	   4.9543208134924271e-01	   5.0958167508305141e-01	   5.9524092536383288e-01	   5.6052551433937947e-01	   3.0731432263387548e-01	   4.2396396016534382e-01	   6.7110409671043503e-01	   6.6722396345644808e-01	   6.6283191466412461e-01	   6.4244708342499401e-01	   6.7959037134804090e-01	   6.9242177309882935e-01	   6.5368537173474617e-01	   6.7200578767783548e-01	   7.0852126748156652e-01	   7.1979750236738904e-01	   7.4049520404988112e-01	   7.6088914772596605e-01	   7.3346041813675322e-01	   7.1868314487423457e-01	   7.6197007388534432e-01	   7.5202046096399133e-01	   6.4159920440400586e-01	   6.3758674417478445e-01	   4.7441242271236361e-01	   3.9207904193811710e-01	   3.6654344853450205e-01	   3.9574399131165494e-01	   2.4985511520026141e-01	   3.1856392128809907e-01	   4.8190428231975668e-01	   4.3422645316477820e-01	   5.0322475038178904e-01	   4.7333074113118057e-01	   4.0723546905038238e-01	   4.2979099132831267e-01	   3.4701034042488177e-01	   3.9321721943794596e-01	   1.7634013544462970e-01	   1.5297919306711014e-01	   1.9818120572223194e-01	   2.7093378953964303e-01	   1.8977312622132989e-01	   3.6171374067250422e-01	   5.0899743615918369e-01	   3.8370956375403187e-01	   3.4667960179041657e-01	   5.0591934154322438e-01	   4.0304789899401638e-01	  -1.4182138779699435e-01	
   5.6717513001020869e-01	   4.2469168802133517e-01	   6.0437550864504486e-01	   5.0346403072065793e-01	   5.5883283266887029e-01	   3.9095188402589881e-01	   8.2834129670509837e-01	   7.1984511101713633e-01	   0.0000000000000000e+00	   8.7892181599259600e-01	   6.2757079551379258e-01	   4.8347560258392752e-01	   7.5738580597508309e-01	   5.5977340092878169e-01	   8.8019103489212691e-01	   8.2397352470357710e-01	   4.9552280958641581e-01	   4.4420935668342687e-01	   5.8508579423981777e-01	   5.1848675251575105e-01	   5.8485704734713528e-01	   5.9708529799857679e-01	   5.7992228417565250e-01	   4.5845216307384085e-01	   3.2035493743447035e-01	   2.7416008186791779e-01	   4.5764250505840975e-01	   3.5973867231789802e-01	   6.3969512793055539e-01	   5.7630115143230554e-01	   8.1736312075078354e-01	   7.7558000640299163e-01	   5.5402533470382465e-01	   5.3903078250636594e-01	   2.9152684854916217e-01	   1.9985833256108043e-01	   2.9097039198275948e-01	   1.3415164198633747e-01	   3.6392811155652549e-01	   1.1926617192792024e-01	   4.6099055656625676e-01	   3.2921124864094281e-01	   2.5936433652877455e-01	   2.5439454885345725e-01	   1.4148755354776543e-01	   1.7546638246532631e-01	   3.4019759693491147e-01	   3.6821625537454206e-01	   1.7993124264183258e-01	   1.7456239344875216e-01	   2.8283887918844230e-01	   1.9180684442297222e-01	   4.0478768415505273e-01	   2.5944264217490948e-01	   3.1260363134039870e-01	   2.0604374854488389e-01	   4.1228235135074254e-01	   3.4363762120278352e-01	   2.9778168775658914e-01	   1.7015695269938680e-01	   5.4649176237049735e-01	   2.9907256996204995e-01	   4.3194661863857747e-01	   3.6923312486931220e-01	   4.7800388472196909e-01	   2.8558378704170639e-01	   2.1978544237750930e-01	   1.7373301211019765e-01	   4.4796183873826712e-01	   2.7368642345110417e-01	   4.6333947370698103e-01	   4.2919538220366960e-01	   5.6160789249684739e-01	   4.8612598301573340e-01	   4.5726625999665804e-01	   3.2983668840370034e-01	   3.9814532625380883e-01	   3.2128034673117806e-01	   4.4973191231915810e-01	   4.0702848259257896e-01	   4.3892935341452011e-01	   4.6179890636375137e-01	   5.9133523620488604e-01	   5.5256337372176678e-01	   5.5757565937972986e-01	   4.4854963823194172e-01	   7.1008477001365533e-01	   6.4217377155088273e-01	   4.5537648988985047e-01	   3.2432405100898054e-01	   1.3276850163055964e-01	   1.0235457318992078e-01	   4.3389445784311906e-02	   1.4918576405021347e-01	   6.3528142944659804e-02	   1.0110405857175998e-01	   2.0928886294984678e-01	   1.3781514445799836e-01	   2.4470351693793352e-01	   2.2636408366092195e-01	   1.1915858433029454e-01	   1.7707244298037733e-01	   1.7809740971400428e-01	   2.2972538831740830e-01	  -7.8842070165956915e-02	  -1.0583604004864730e-01	   6.5454490656206607e-02	   4.8694960496541914e-02	   4.7787646763362536e-02	   1.0697963237458478e-01	   2.1907605008761061e-01	   5.6402377729233261e-02	   1.4747364466697006e-02	   1.7671722699234180e-01	   4.4230939870732372e-02	  -3.3894149680670121e-01	
   5.1489973649433707e-01	   3.4076883399677010e-01	   3.5248531875290712e-01	   4.3980575192754429e-01	   4.2332391838726169e-01	   3.9516160826207691e-01	   6.6027084918357648e-01	   7.0981881299800298e-01	   8.7892181599259600e-01	   0.0000000000000000e+00	   5.4239992570733964e-01	   5.1751730200176427e-01	   6.7289398459226113e-01	   5.8004937816790125e-01	   7.6342234220081062e-01	   7.9815408490235229e-01	   4.7318022226503598e-01	   4.1405184916571580e-01	   3.6990252295493437e-01	   4.2887255548276021e-01	   5.1403608069208340e-01	   4.5756398931085335e-01	   3.7930552631266479e-01	   3.1907525475276172e-01	   1.8085531780159014e-01	   1.6280282963053591e-01	   2.5052560758511178e-01	   1.7276801067773168e-01	   5.7116506332349348e-01	   5.3045261215783546e-01	   7.2046632436597580e-01	   7.3182489568205544e-01	   4.2598971074290953e-01	   4.3766265502912194e-01	   1.9033416442410067e-01	   1.5607359525099843e-01	   2.2364010694858358e-01	   5.0825631169566052e-02	   3.1794079358313770e-01	   7.4936267717046673e-02	   4.3699555727914602e-01	   2.5732798894245340e-01	   1.8523089157894806e-01	   1.3610992005290876e-01	   5.7487531076526724e-02	   5.9569653210552798e-02	   2.7197761757294137e-01	   2.7394380322172279e-01	   8.8312558319164070e-02	   7.3372081583218784e-02	   1.8940344884428406e-01	   6.4307771317323473e-02	   3.2084375595555492e-01	   1.5423160388616433e-01	   2.4713261077761917e-01	   1.1431144395565443e-01	   4.1742437852626624e-01	   2.8058860023707211e-01	   1.7435988245789813e-01	   1.2116652651860639e-01	   3.8798548481319273e-01	   2.5162206879992716e-01	   3.9460395814577920e-01	   3.4539961127828145e-01	   3.1125466231712728e-01	   1.4188663724807882e-01	   7.7422722881715117e-02	   8.2039041797009826e-02	   4.2966608923268212e-01	   2.5637225195363800e-01	   3.6129676342184891e-01	   3.9759075060257687e-01	   3.6098135448009461e-01	   3.2077920436877760e-01	   2.7155872287099320e-01	   2.1216056141884596e-01	   3.0827317875734805e-01	   2.6795208549024940e-01	   4.1885619319871092e-01	   3.7069454113602951e-01	   4.1452523277084863e-01	   3.8119318869311064e-01	   5.5188610762440948e-01	   5.1939369729110074e-01	   3.8451753453277282e-01	   2.8956401580213170e-01	   5.9301153373111015e-01	   5.1866628972902418e-01	   3.0981891854537713e-01	   2.0847821109412470e-01	   1.0682002181502145e-01	  -1.8541898138710797e-03	   2.0570774455876711e-02	   2.1165950662620288e-02	   1.3025218528168889e-01	   8.7108049033117238e-02	   1.7987516879002424e-01	   1.5970963751426687e-01	   1.9821072088786018e-01	   1.3123580345470326e-01	   1.8269280092465653e-01	   8.6573739129090346e-02	   2.0631400285959481e-01	   1.7618333301930900e-01	  -8.7686798399808488e-02	  -1.8044726266461530e-01	   1.2237897097870429e-01	   4.2123521074165018e-02	  -3.5989307439666322e-02	   7.1919979491362501e-02	   1.9995567328279673e-01	   3.1348373461459918e-02	  -2.6986194991579816e-02	   1.7699335807569433e-01	   6.5672553287077690e-02	  -3.9363678133262603e-01	
   7.6289190289264308e-01	   6.4340165356027290e-01	   7.7728761084236031e-01	   7.8813557475228724e-01	   7.4815555080448404e-01	   6.1156042200889149e-01	   8.4829274627501339e-01	   8.3984942166963927e-01	   6.2757079551379258e-01	   5.4239992570733964e-01	   0.0000000000000000e+00	   8.5940435312039720e-01	   9.0568784575512196e-01	   8.9215357667371631e-01	   8.0939427334866831e-01	   8.2243129800883508e-01	   7.7668150652124346e-01	   7.7069128748374460e-01	   7.8155281499055207e-01	   7.6823837360570324e-01	   6.5964843232202008e-01	   7.8898670086668443e-01	   7.9678170747861798e-01	   8.2505989806048530e-01	   4.9799255101746320e-01	   5.1519962373770212e-01	   6.9780487003602154e-01	   6.5443339169126302e-01	   8.4515621337999325e-01	   8.2326093788975574e-01	   6.7016694382805753e-01	   6.6391360462144478e-01	   7.0675759209335587e-01	   7.3047172381208347e-01	   5.0208517579268575e-01	   4.5639201908397420e-01	   6.2509095334172571e-01	   5.2317120413299145e-01	   6.3393415630664063e-01	   4.9582109930120105e-01	   7.2423178086431861e-01	   6.6133748261805891e-01	   5.3748347524362639e-01	   5.1933663629895555e-01	   4.9565233813488846e-01	   5.2855292818842581e-01	   5.9732660823803285e-01	   6.3312953241753767e-01	   4.8386535482700388e-01	   5.1656361696891151e-01	   5.4898552705647430e-01	   5.3245339763397781e-01	   6.5231503776997157e-01	   5.6729365855366676e-01	   6.1852338885565805e-01	   5.7260964337788778e-01	   5.2884062926002229e-01	   5.6187652840370450e-01	   6.1333148847119134e-01	   5.7619847226561660e-01	   8.2116335574472654e-01	   7.0127167605028151e-01	   8.0403181711547522e-01	   7.9802871482465421e-01	   7.2787507293606279e-01	   6.5893678385984167e-01	   5.5248640662553861e-01	   4.9804999739716682e-01	   6.4639402361977172e-01	   5.7235265403792068e-01	   3.4505734598651311e-01	   4.1423407050235272e-01	   7.4958144983281683e-01	   7.2924821897511649e-01	   7.0330201440776963e-01	   6.8731621365439899e-01	   7.1600663672859222e-01	   7.0097410027912010e-01	   8.3064392290256506e-01	   8.2045187788719653e-01	   8.5371634213041203e-01	   8.8299943834866945e-01	   8.2638607836293276e-01	   8.4883981637470984e-01	   8.2022980200545448e-01	   7.9885484340355362e-01	   8.3122886134208218e-01	   8.2990446165312903e-01	   7.2247766475730602e-01	   7.0022636881182987e-01	   4.9139011758394840e-01	   4.2114633050008199e-01	   3.7425001301812760e-01	   4.2071253190472413e-01	   2.3197414204639843e-01	   2.5956904159362110e-01	   4.9983299051856256e-01	   4.3509441270500226e-01	   5.3389353943044060e-01	   5.2561466985925709e-01	   3.5626180263502411e-01	   4.3841308406668666e-01	   3.7180880627474389e-01	   4.3680373356121155e-01	   1.7294533813439039e-01	   1.7613925265990782e-01	   2.2392550861859650e-01	   2.8080580176767722e-01	   2.0204006772788174e-01	   3.3370362844569518e-01	   5.3325261504998933e-01	   4.1059917909842114e-01	   3.4405420674276088e-01	   5.2085042026579775e-01	   3.8869704249897441e-01	  -1.6422409298273594e-01	
   6.4502161254371682e-01	   5.3705495980713358e-01	   5.4876800344697341e-01	   7.4613888422766006e-01	   5.9201868890793374e-01	   5.1130930024113019e-01	   6.6374827134126613e-01	   8.2563650685537526e-01	   4.8347560258392752e-01	   5.1751730200176427e-01	   8.5940435312039720e-01	   0.0000000000000000e+00	   8.1427677177590951e-01	   9.1990275241892627e-01	   6.4774888080659554e-01	   7.2429439817356678e-01	   6.4357736749593941e-01	   6.9081388983819070e-01	   5.7885941207633018e-01	   6.4601647020618658e-01	   5.2752785160252880e-01	   6.4480492427696268e-01	   6.0070954220841943e-01	   6.8837745569752951e-01	   3.2438793242913666e-01	   3.9130512836663267e-01	   5.1867439416428751e-01	   4.8713971929710431e-01	   7.4328972355605782e-01	   7.9049849342816714e-01	   5.6879514732330216e-01	   6.2296620617323561e-01	   5.3155100156196855e-01	   5.7304572229100192e-01	   3.1030274731446861e-01	   3.1241132612320699e-01	   5.0595582526189020e-01	   4.4880651600054011e-01	   4.8709468111258580e-01	   4.3809431314783565e-01	   6.1301527907454156e-01	   5.9821303515876179e-01	   4.1518348754901946e-01	   4.3500333724133539e-01	   4.0233075689389386e-01	   4.7388651415103533e-01	   5.0230104721932001e-01	   5.5414794607551121e-01	   4.1227136600398129e-01	   4.7881507420019709e-01	   4.7808698410484735e-01	   4.7731234336032069e-01	   5.2419974412095305e-01	   4.5823973711144994e-01	   5.3363598032174409e-01	   4.9843660267711726e-01	   3.8940313454914188e-01	   4.6808441246599519e-01	   4.9105640384863813e-01	   5.7690246190071948e-01	   6.4158569749326921e-01	   6.5467162563784065e-01	   6.3818807657798637e-01	   7.8640601064037929e-01	   4.8599780649828705e-01	   5.5247848355967588e-01	   4.6796570118419922e-01	   4.4983272342780167e-01	   5.3208149530846605e-01	   5.2923159869174929e-01	   2.6779722397610439e-01	   4.0908635231901058e-01	   6.0077137676398207e-01	   6.4361135256990110e-01	   6.0468993047305952e-01	   6.5712740976373551e-01	   5.7597021167788720e-01	   6.2873670803371284e-01	   7.0815722302631756e-01	   7.9445660524311001e-01	   7.5553182291899768e-01	   7.9819465229521092e-01	   7.0323675202065172e-01	   7.6585137867477981e-01	   5.9372348002125275e-01	   6.4167688397484846e-01	   6.5351464125820602e-01	   7.2383529968450411e-01	   5.2288122550531935e-01	   5.4424974816108840e-01	   3.6347902257259151e-01	   2.7253509315351887e-01	   2.3718172772115920e-01	   2.5123918800553013e-01	   1.3800938673733834e-01	   1.9781568571768524e-01	   3.8725142087370201e-01	   3.7973953219747214e-01	   4.0451789061434884e-01	   3.6618345906768873e-01	   2.5164174352219670e-01	   2.6245721142970801e-01	   2.3926805735491957e-01	   2.5894028031078803e-01	   8.6855621824951698e-02	   1.1275825432972429e-01	   1.7733883129334316e-01	   2.0321137976136633e-01	   8.6983123372325721e-02	   2.3260912431977163e-01	   3.9634671500317475e-01	   2.7733654049922413e-01	   2.1393835525848612e-01	   4.1600822458818848e-01	   3.3303228949699842e-01	  -2.1913262696917346e-01	
   6.2377144771136439e-01	   4.6615489265635479e-01	   7.3978468569104250e-01	   7.3135028732113117e-01	   6.3135700680076368e-01	   4.4444492716565026e-01	   8.5031010916718441e-01	   8.1445741623748247e-01	   7.5738580597508309e-01	   6.7289398459226113e-01	   9.0568784575512196e-01	   8.1427677177590951e-01	   0.0000000000000000e+00	   8.8226446147276638e-01	   9.0676303207223374e-01	   8.9105154236050033e-01	   5.9349543945929573e-01	   5.6823509303324837e-01	   6.8556577066401392e-01	   6.0040868003038350e-01	   6.1422944307284189e-01	   7.3601825957307432e-01	   7.6058582741446323e-01	   7.3131724744832494e-01	   3.5931634295585574e-01	   3.7112885965967729e-01	   6.2158542818936868e-01	   5.3610639640404623e-01	   7.9186317228522030e-01	   7.5661530368193208e-01	   7.8981674585654893e-01	   8.0593216039359716e-01	   5.7286637829307141e-01	   5.7856757949260773e-01	   3.8677203304718211e-01	   2.8468908423166706e-01	   4.0901336366124991e-01	   3.2750038651436508e-01	   4.4536265570832878e-01	   3.0543612476047499e-01	   5.3636434834449975e-01	   5.0878067936210236e-01	   3.6119411853323347e-01	   3.8035855036942240e-01	   3.1644115998075001e-01	   3.9212820767658524e-01	   4.3499673525146715e-01	   4.8481316641935901e-01	   3.3046051344524413e-01	   3.6681451881800087e-01	   4.1312317495329431e-01	   3.8332182474130372e-01	   5.0730199701734502e-01	   3.8538960350283957e-01	   4.6868700272851227e-01	   3.9495844836948962e-01	   3.3111809254998004e-01	   3.6078790610411099e-01	   4.3458605091519426e-01	   3.7319021123820262e-01	   7.0419354047162908e-01	   5.2902024492914157e-01	   6.0822036910604371e-01	   5.8746717982447871e-01	   6.2931954617075858e-01	   5.3505735148621769e-01	   3.9694859150626105e-01	   3.5910051381994806e-01	   4.6261989381622010e-01	   3.5760260273169142e-01	   4.1331542593112391e-01	   5.0974844980667666e-01	   6.6209133466861281e-01	   6.5066573530857497e-01	   6.3190111697571127e-01	   6.0462682446963301e-01	   5.5003138169041366e-01	   5.0321471931741812e-01	   6.4795940315595546e-01	   6.6473103171672521e-01	   7.0535046927575484e-01	   7.5194928941034067e-01	   7.1796801747555494e-01	   7.2667954751334241e-01	   7.1521633484573788e-01	   6.5777405132904043e-01	   8.0241409407530462e-01	   7.9509229060227793e-01	   5.6637068659344547e-01	   4.8880423750995711e-01	   2.4936038520234005e-01	   1.9896808446891565e-01	   1.3830200022501082e-01	   2.0825825315090790e-01	   9.3053319324958333e-02	   1.5514233658700941e-01	   3.1606027801571701e-01	   2.6286482169698111e-01	   3.1441128436801730e-01	   3.1210679560567794e-01	   1.6299939455364579e-01	   2.2326582566297182e-01	   1.7515176355265569e-01	   2.4012833481662482e-01	   1.3432905260390058e-03	   1.8533618843668061e-02	   1.1607663650474212e-01	   1.3061222909734910e-01	   9.6049676699168640e-02	   1.9742415392830628e-01	   3.0655909453928043e-01	   1.3327979018189071e-01	   8.8452977167841215e-02	   3.0843538586048486e-01	   2.4893682459890465e-01	  -3.1887135555096879e-01	
