   0.0000000000000000e+00	   8.1794869183106056e-01	   3.3330615129433394e-01	   2.9784102331094470e-01	   3.1038568660898391e-01	   2.9781387433042511e-01	   5.7334401156609016e-01	   4.8375568696946442e-01	   4.7454145471238729e-01	   4.9476223885666804e-01	   7.2454521526765037e-01	   7.0162585070733097e-01	   6.6294720056679735e-01	   5.7911725628045874e-01	   5.3288073030386784e-01	   5.0869891514872045e-01	   8.7161284905485914e-01	   7.6898076103610480e-01	   7.9696026061376735e-01	   6.1735711284527051e-01	  -1.8836378937914022e-01	  -2.4170317163437166e-01	   7.2751019427306954e-02	   2.4053151026378947e-01	  -1.3035833712781347e-01	  -1.3991942272625663e-01	  -3.9584846388605371e-01	  -3.6448776227914320e-01	   6.7696109323214138e-01	   5.0182121564835780e-01	  -1.8806137816480675e-02	   1.0234523234810768e-05	   7.1311346096259842e-01	   6.8126764335634471e-01	   1.0588825069204465e-01	   2.6209197968371367e-01	   2.5518703266424930e-01	   2.3510352744808946e-01	   3.4072355976811153e-01	   3.9236520106700845e-01	   2.3699905457596315e-01	   3.0922750723677966e-01	   5.7563216311437193e-01	   5.9614913155329141e-01	   5.2716677197871842e-01	   5.3961197580378761e-01	   6.2313302870979781e-01	   6.2175049835712726e-01	   6.8576143867982475e-01	   5.4328554307238885e-01	   6.2406689841792939e-01	   5.9680641427658099e-01	   6.0024071288680036e-01	   5.8990840990004145e-01	   6.4017706947199660e-01	   6.5132814609767831e-01	   7.0265575984918416e-01	   6.2368164953083383e-01	   6.3219067542407237e-01	   5.5020178572975054e-01	   7.0698351656566039e-01	   7.4290271035652089e-01	   8.3380143386706840e-01	   7.0058084273208843e-01	   2.5182118868676434e-01	   4.3202521649897974e-01	   5.7318610831073902e-01	   5.0210394849627682e-01	   6.0123622663590737e-01	   3.3067688863366185e-01	  -2.0763953390642229e-02	  -2.5858611653937835e-01	   6.7825817585381420e-01	   6.2690680317198300e-01	   6.7168455372351010e-01	   6.3282443306077230e-01	   5.6844825888084249e-01	   4.2631322993231591e-01	   7.6130314687063616e-01	   7.3957020989890465e-01	   7.9501882424783910e-01	   8.0583576491346554e-01	   4.2988290760237707e-01	   5.7963644959486194e-01	   5.9090750424712490e-01	   5.8483268368215113e-01	   2.6523298456056527e-01	   1.2031407715274225e-01	   6.6958605278407335e-01	   6.9956393168542119e-01	   5.4725036185883358e-01	   5.9432640529002778e-01	   8.3342775019753151e-02	   2.7446073989204844e-01	   1.6610464477976206e-01	  -5.3612956018874891e-02	   5.4345533757750863e-01	   5.6252502708748997e-01	   6.0140212466243814e-01	   6.6179232501312357e-01	   3.6114314250603036e-01	   4.5943398963967552e-01	   4.4359460063540879e-01	   4.9716327263299320e-01	   1.4070469355077614e-01	  -1.4524764232992304e-01	  -1.2967734649445878e-01	  -1.0776399059513667e-01	   1.5125142104976946e-01	   3.6573103140687369e-01	   5.0576910586880142e-01	   6.0173555663017375e-01	   5.5818869131481674e-01	   6.0099419308422131e-01	   1.2378032656994117e-01	  -2.3196202363966861e-01	
   8.1794869183106056e-01	   0.0000000000000000e+00	   2.0435025049035094e-01	   3.5559411494710125e-01	   2.2958422517606207e-02	   2.1114472703237425e-01	   4.3434533079012344e-01	   4.2740322744176312e-01	   1.9970393398704667e-01	   3.5671420154355760e-01	   3.9408473338968003e-01	   5.9385195355543230e-01	   3.9354226029856970e-01	   4.2063052121848943e-01	   2.6370769018125667e-01	   4.4650735671331637e-01	   8.0725461739043647e-01	   7.9802958135115598e-01	   7.3656674367856878e-01	   7.5411081445546668e-01	  -2.0368681273586542e-01	  -2.6043350600962573e-01	   7.7280208927588717e-02	   2.3480961795183142e-01	  -2.2418777701389985e-02	  -3.3895199692017498e-03	  -1.9321644033074920e-01	  -2.3317497581360944e-01	   6.1049693846824971e-01	   5.3537941756410223e-01	   6.4441713200477466e-02	   8.1378977384021584e-02	   7.1420336757468794e-01	   6.7815360134581582e-01	   8.7623352045427871e-02	   2.3859891342533510e-01	   1.8623137716172428e-01	   2.9827365903522862e-02	   2.7380825589210461e-01	   3.5477191497944155e-01	   3.4812284170038410e-01	   3.2954198369587395e-01	   5.4847801591996959e-01	   5.3456307763748545e-01	   6.0283812221408739e-01	   5.8330182136325603e-01	   6.3129645422521596e-01	   5.7043317628960222e-01	   6.5753922167070278e-01	   5.6656638153458316e-01	   6.1157631869286633e-01	   5.8085452235948054e-01	   6.2457014390232080e-01	   5.7173551145034218e-01	   6.4533089287201084e-01	   6.4687125625932851e-01	   7.5011971389926702e-01	   7.2475086873539329e-01	   5.4275241076821379e-01	   5.6692421444833530e-01	   4.0993365097568940e-01	   6.3667117438601095e-01	   7.8690843876457039e-01	   7.8499967418709715e-01	   3.5358518124215074e-02	   2.9083640958153067e-01	   5.3822514963973334e-01	   5.2718498572236594e-01	   5.9825087755829853e-01	   3.2208013391213297e-01	  -2.3011475123950934e-01	  -3.9411813368363158e-01	   5.4619369418941954e-01	   5.1987284537600531e-01	   4.8394547049563802e-01	   4.4517710633198881e-01	   2.9868194857668834e-01	   2.3420282361871197e-01	   7.5464714723904469e-01	   7.2918110644757139e-01	   7.4876445362317867e-01	   7.8019429225629255e-01	   4.6314987525010404e-01	   6.7310257296750187e-01	   5.3653271404855851e-01	   5.8105369251338734e-01	   3.5185489705150363e-01	   2.1074437824551859e-01	   4.9081726814101134e-01	   5.9780738262483513e-01	   5.8513185561153025e-01	   4.5386612738624521e-01	   1.7302029183679712e-01	   1.7975739586578993e-01	   1.1871542214099309e-01	  -1.1755025437436480e-01	   5.5075013450085553e-01	   5.1093309409701404e-01	   6.8842371412473702e-01	   7.0035102555036133e-01	   3.7885994176702964e-01	   3.3533529361994990e-01	   4.9348214060631279e-01	   5.0404069568414711e-01	   6.6782802621278697e-02	  -2.4835180029772697e-01	  -1.0376281566707016e-01	  -4.6470088935555605e-02	   2.7204210147703101e-01	   3.5284367329385380e-01	   4.5875612889875139e-01	   6.4520970849674864e-01	   5.4752357815749630e-01	   5.1397660447643101e-01	   2.6403000481295763e-02	  -2.6960775787432062e-01	
   3.3330615129433394e-01	   2.0435025049035094e-01	   0.0000000000000000e+00	   7.1888069098690266e-01	   7.1095819133216698e-01	   6.3257823224235610e-01	   8.5373031075750538e-01	   6.7736801325465446e-01	   7.5964120024998438e-01	   4.6772746658349995e-01	   4.0985711641372613e-01	   3.0350918283487310e-01	   3.9142050339200019e-01	   2.2444653625701705e-01	   7.6823569311155249e-01	   7.0737860080999471e-01	   2.7926782919193910e-01	   8.2737189895033258e-02	   3.5351847204042536e-01	   3.2255870937690390e-01	   6.6529288269546583e-01	   5.3347286478580314e-01	   8.3089797213431638e-01	   6.4187932714631257e-01	   6.9068823398425927e-01	   6.2129851098021904e-01	   1.4759877510754643e-01	   1.2445549932539246e-01	   4.2583221305309094e-01	   4.1321483494381162e-01	   6.4233742338872624e-01	   5.9380835824859080e-01	   6.3885473968253736e-01	   6.8406674795241307e-01	   7.3151441959822516e-01	   7.1223728383508145e-01	   6.3783384829246303e-01	   6.2792386856451854e-01	   7.7570940680526590e-01	   7.5252813159437992e-01	   3.4285323761542585e-01	   5.1286117758060590e-01	   4.2896850521487340e-01	   3.6649644963876643e-01	   4.5114740744823162e-01	   3.8199284903609143e-01	   3.8206322681096022e-01	   4.2749591074605520e-01	   5.3742032435542941e-01	   3.8319919187527218e-01	   5.5302940594337613e-01	   4.8379003801355996e-01	   3.5501015000628999e-01	   4.3220370335015645e-01	   6.2704674018242201e-01	   5.7327288045728542e-01	   1.2920274993330699e-01	   3.5202942768719644e-02	   2.6461774960802292e-01	   3.1600677988485287e-01	   4.3303688355442560e-01	   3.5958991996282091e-01	   3.0349052420750322e-01	   3.7395127169099518e-01	   7.1384531855394129e-01	   6.3464184162242232e-01	   5.6913601872780428e-01	   5.4757418863500185e-01	   2.7646632471421295e-01	  -1.1195721129287472e-02	   7.3401534841663812e-02	  -3.7279504190171646e-03	   4.2251950174677350e-01	   4.2011900344068825e-01	   5.2791067578621931e-01	   5.7104060390842815e-01	   4.7253868330468929e-01	   4.8737990593596020e-01	   2.9824943354185096e-01	   1.7376701523207672e-01	   4.4877361489599682e-01	   3.4225448217336385e-01	   7.5787023758104521e-01	   5.5725413380734756e-01	   7.7046305241515856e-01	   7.2719451992493156e-01	   6.7816364833079312e-01	   6.1628936428768799e-01	   7.4686608480201844e-01	   6.1238092403095667e-01	   6.2131768037855051e-01	   7.7903355600112312e-01	   5.6750040402787771e-01	   7.0231173803013613e-01	   4.2953853113418855e-01	   4.1448413885105367e-01	   6.9136717333006303e-01	   5.9349810590027585e-01	   4.1078090208488072e-01	   4.2518795057815895e-01	   6.4975357821705160e-01	   6.5281451154447612e-01	   4.2915219881302824e-01	   4.0599314559222321e-01	   4.6123645426071452e-01	   3.6861473408883871e-01	  -2.6251373317548216e-01	  -2.0918423289620382e-02	   1.6812205828075871e-01	   4.4051786422539041e-01	   6.2953819076773676e-01	   4.7185707294901019e-01	   5.4671384941190082e-01	   6.0128109465785273e-01	   4.4026115522003073e-01	  -1.8101130331634693e-01	
   2.9784102331094470e-01	   3.5559411494710125e-01	   7.1888069098690266e-01	   0.0000000000000000e+00	   3.7905468518863616e-01	   7.2509128235494980e-01	   7.7319618159080972e-01	   9.0844558593060520e-01	   5.1295503441082935e-01	   6.7435332981335638e-01	   2.5879569385093026e-01	   5.1085232989412899e-01	   2.8882308667431689e-01	   4.1062144166137460e-01	   5.7569517560931494e-01	   8.2823283759080812e-01	   2.2073438483318297e-01	   4.6696489244821990e-02	   4.1759476840583259e-01	   4.6220731289792583e-01	   5.1117214505582131e-01	   5.4716296422078858e-01	   7.7016147430554127e-01	   8.0171041338191329e-01	   5.2818737952582184e-01	   7.0960350903548175e-01	   2.7285854845694196e-01	   3.5845691734328100e-01	   4.6796673752192997e-01	   4.6418965594391348e-01	   7.5611871126351660e-01	   8.1504845617071120e-01	   6.1360957403313665e-01	   7.6369320306281607e-01	   5.4792456513184717e-01	   6.8091118938310080e-01	   4.8491737944542951e-01	   4.0529713168939474e-01	   4.8998245744065355e-01	   5.4315154265898968e-01	   4.7548714620668525e-01	   5.0163630094359768e-01	   3.7128135308092791e-01	   3.1650865411058959e-01	   4.9746858715899633e-01	   4.3502337046071693e-01	   4.0410781049158251e-01	   4.2228356871436251e-01	   4.4049191426976536e-01	   3.1292083406917476e-01	   3.7748118922100593e-01	   3.8179433294852017e-01	   2.7429642578577446e-01	   3.1626495209804051e-01	   4.7806070321611449e-01	   4.6770401106318210e-01	   2.8298029807786243e-02	  -5.5686848420507584e-02	  -4.2874367008703717e-03	   2.6189761517726201e-01	   1.6383097934364776e-01	   4.4409314941185096e-01	   2.5144316955166263e-01	   5.3162528353755145e-01	   4.9103618155081419e-01	   7.1776672650977957e-01	   4.6059552564617240e-01	   6.2588939136050459e-01	   1.2170623547248446e-01	  -1.1938919680616081e-01	   6.3951211879986258e-02	   1.4103513826201902e-01	   3.8439919407228840e-01	   4.4936044104960615e-01	   4.3084072105582333e-01	   5.4246856762575435e-01	   3.9186779631306123e-01	   5.5210450326976523e-01	   1.8928866392556853e-01	   8.3263383469733873e-02	   3.3414028547098190e-01	   2.5185559251999523e-01	   7.3901265140816175e-01	   6.9364161747730013e-01	   5.6819405504691445e-01	   7.8006342146537755e-01	   5.5722602997187232e-01	   7.0925270928097051e-01	   4.0861624499024168e-01	   3.6136356846874984e-01	   7.1249261848542567e-01	   6.5472042246799567e-01	   7.3273602794735804e-01	   4.8259988337471471e-01	   3.5069594041380781e-01	   3.1586086995131946e-01	   6.1816188461406640e-01	   4.4601257786820980e-01	   5.0630390385505608e-01	   5.1731562045249724e-01	   8.0740032876622647e-01	   4.4907697678886760e-01	   4.7581028275457282e-01	   3.7537345061550625e-01	   3.9685096964818251e-01	   2.0346856127868546e-01	  -4.6261536345294653e-02	   1.8365826636303489e-01	   2.4855598881250662e-01	   5.6986889448205691e-01	   6.0813393143492278e-01	   5.9079696652291125e-01	   5.8610498421461998e-01	   5.0356316539339940e-01	   4.9185013359658780e-01	  -2.3132549109524389e-01	
   3.1038568660898391e-01	   2.2958422517606207e-02	   7.1095819133216698e-01	   3.7905468518863616e-01	   0.0000000000000000e+00	   7.3380543245775265e-01	   5.5414033381275118e-01	   4.7302512837107380e-01	   8.5823749288577722e-01	   5.0529104940538716e-01	   6.3987114106589993e-01	   3.7210473632706909e-01	   5.2909427471061521e-01	   3.4134243738969616e-01	   8.5167988343800405e-01	   5.4337930993878647e-01	   1.7469642017924059e-01	   1.1983986991455401e-02	   1.5665059623982883e-01	  -3.8221671385805657e-02	   4.5573900979381193e-01	   3.0513185860907088e-01	   6.2373864132122470e-01	   5.5168636335000598e-01	   4.3945098114079217e-01	   3.9730915434115122e-01	   1.5058323733526981e-03	   1.1818923445221503e-01	   1.8493205874846069e-01	   8.7403404706173471e-02	   2.1335925371371428e-01	   1.6754083015928334e-01	   3.5939958063078564e-01	   3.9486967689481300e-01	   6.7025549424871855e-01	   6.5411827536483425e-01	   4.0422394568152997e-01	   4.6586824600024790e-01	   5.4262705706114400e-01	   4.2916310254627937e-01	   2.4737907086290084e-03	   3.4321558648948136e-01	   3.0625366938809973e-01	   2.1953506858584379e-01	   1.9702494512046792e-01	   1.6612623141111027e-01	   1.2654839105237436e-01	   1.8643507226109413e-01	   2.7921441741561259e-01	   1.1950181009378937e-01	   3.0683086666059617e-01	   1.5340262045011629e-01	   1.0722375818177776e-01	   1.4607408978957964e-01	   2.7414242972441683e-01	   1.8599684336712569e-01	   5.5262831305381468e-02	  -1.8660387879140442e-02	   2.7430018243102161e-01	   2.6928686927449313e-01	   7.1256827467739470e-01	   5.1055349168862973e-01	   1.2698453315538380e-01	   1.4758644402189386e-01	   7.3371344935137350e-01	   6.9677270356653431e-01	   3.6359410985489327e-01	   3.4056132102085007e-01	   1.9208477558035447e-01	  -1.3011470457059644e-02	   4.4496701327166055e-01	   3.3832559316110677e-01	   4.1896731792156683e-01	   4.0234342769485665e-01	   5.8049255987395521e-01	   5.3669982206917766e-01	   3.5246914384867073e-01	   3.2706233095803328e-01	   2.1416597430894763e-01	   1.3459621247079309e-01	   2.4862499871305568e-01	   1.8881137981693324e-01	   3.2675454242204544e-01	   1.5547973867289050e-01	   4.6752424148124699e-01	   3.9824504476200884e-01	   1.8077609571187081e-01	   1.2679881768483081e-01	   6.9053332039282922e-01	   5.2705111162160201e-01	   3.2225520958016735e-01	   6.6668036887746873e-01	   4.2223991368177738e-01	   6.9156855247672699e-01	   3.1964172521205914e-01	   3.1540160152057239e-01	   3.9018931864434703e-01	   3.0178556384199412e-01	   4.7607012335523072e-02	   1.0691900058205048e-01	   4.4375881037504605e-01	   5.4607660660775315e-01	   5.2830178512664805e-02	   1.3205457047505570e-01	   2.5022391416123752e-01	   2.4687195093980221e-01	  -1.8769449674498695e-01	  -1.5768178104862879e-01	   1.0200169055515143e-02	   1.8013785356378337e-01	   4.0043447510309660e-01	   1.9524990322183236e-01	   2.2600780128444509e-01	   3.3872273596572622e-01	   2.6680601786889180e-01	  -1.4545336970694134e-01	
   2.9781387433042511e-01	   2.1114472703237425e-01	   6.3257823224235610e-01	   7.2509128235494980e-01	   7.3380543245775265e-01	   0.0000000000000000e+00	   6.2664254464149327e-01	   7.4274418850674773e-01	   7.0382818738930453e-01	   7.9027517663073366e-01	   4.7664622918768818e-01	   5.5158892010381655e-01	   4.2948891044285897e-01	   4.7837510961928820e-01	   7.4274818374903950e-01	   7.7753278132153181e-01	   2.0965423032567621e-01	   1.0640961945077983e-01	   2.4022685366695148e-01	   1.2198657443412617e-01	   4.6044282952211391e-01	   4.3959315634516938e-01	   7.4331958600652914e-01	   8.1876614159352412e-01	   4.4851161825203956e-01	   6.6002722765362498e-01	   7.9780270989424876e-02	   3.5941657286678907e-01	   3.4838998884947403e-01	   3.0722942161176225e-01	   4.9110782486803040e-01	   5.2260805522522380e-01	   4.4196486350098318e-01	   5.4933748173142372e-01	   6.0350688696626076e-01	   6.7131001827864167e-01	   3.5500141007457497e-01	   3.1712225843010139e-01	   4.4792346871821648e-01	   4.0749086220775038e-01	   2.2353771502447117e-01	   4.1367238966248876e-01	   2.7218465814975251e-01	   1.9756223830071198e-01	   2.9110300696703700e-01	   2.5207513125858672e-01	   1.8711866573117447e-01	   2.2404639444377947e-01	   2.6088705573848492e-01	   1.6798711266226474e-01	   2.5987970253066334e-01	   1.6894161396470547e-01	   1.5655705121828564e-01	   2.0174071642010030e-01	   3.0550100159108129e-01	   2.4540911124296133e-01	   5.3458016555277363e-02	  -1.7290830578625164e-03	   1.0980642920726744e-01	   3.2341279145556379e-01	   4.4885492618633849e-01	   6.1194864087514023e-01	   1.3607563151127067e-01	   4.1843344584443504e-01	   6.1894833102752722e-01	   8.0334030106689802e-01	   3.2869256707704975e-01	   4.4721437338611603e-01	   1.1477376079544999e-01	  -1.5521043597760642e-01	   2.3832730502014887e-01	   3.1069886869236568e-01	   4.1385575598478069e-01	   4.6824058979613531e-01	   5.3825473872751517e-01	   5.8408971074474847e-01	   2.4933259448733897e-01	   3.6851275042966231e-01	   2.4381797777829398e-01	   1.6043289577287442e-01	   3.0669208047395341e-01	   2.7599530356966551e-01	   4.5507289698895409e-01	   4.7935121867580499e-01	   4.5506082869796310e-01	   5.9994968448567310e-01	   2.4891000920511713e-01	   3.6743992758807204e-01	   4.9998183154273002e-01	   4.6903761660196097e-01	   5.1863927694731560e-01	   6.4436872351964491e-01	   7.1296463135215049e-01	   5.3243382161264030e-01	   3.6551974904963769e-01	   3.4350129880247243e-01	   4.2094249442273679e-01	   2.8915357852635076e-01	   2.3479973520063219e-01	   3.0789965016198573e-01	   6.2572505757405850e-01	   4.2369643580865524e-01	   1.4222756961674285e-01	   1.9010125694144187e-01	   2.4383325754632856e-01	   1.8746812635783647e-01	  -1.4203824399624268e-01	   2.8184402097144005e-02	   3.8544765179598921e-02	   2.7066656992614396e-01	   4.2539307327005199e-01	   3.7242955324607274e-01	   3.4657604109865714e-01	   3.6251630731559137e-01	   3.4976377390207447e-01	  -2.3082536145112717e-01	
   5.7334401156609016e-01	   4.3434533079012344e-01	   8.5373031075750538e-01	   7.7319618159080972e-01	   5.5414033381275118e-01	   6.2664254464149327e-01	   0.0000000000000000e+00	   8.4347760911889202e-01	   7.0201954501250352e-01	   5.9194272197152764e-01	   5.6935040129571501e-01	   5.2392316309695053e-01	   6.0823818623954340e-01	   4.8549614304891403e-01	   7.4360469442633581e-01	   7.6062465102340870e-01	   5.2455103825718874e-01	   2.9658598329516872e-01	   6.0532320263891226e-01	   5.4864738065600915e-01	   4.0885399673140577e-01	   3.8690870425560919e-01	   6.1669732716730041e-01	   5.6607445062269379e-01	   4.2622105265915916e-01	   4.2588175680635476e-01	   5.2021794693781029e-02	   9.0495980433364209e-02	   6.4239443495206539e-01	   5.9285112086732128e-01	   5.7450030884017411e-01	   5.7989824955503466e-01	   7.2028726017068589e-01	   8.1227308172694868e-01	   5.0773074414719721e-01	   5.9536453179722804e-01	   5.6161385270636621e-01	   5.1153866772040391e-01	   6.7989075734160520e-01	   7.0221124852318517e-01	   4.7546241682129303e-01	   5.3522773066750462e-01	   5.3373831199298682e-01	   5.1313376702019342e-01	   5.5817795381073720e-01	   5.2439301057959331e-01	   5.1728260111353652e-01	   5.6612068415250016e-01	   6.6771526154003791e-01	   5.1214733218144803e-01	   5.8919236118170848e-01	   5.7021724434617205e-01	   4.5561258220761064e-01	   4.9693802057079106e-01	   6.9723002403023282e-01	   6.9391092023773848e-01	   2.0864500334458116e-01	   1.2847878860350734e-01	   3.2150630310095019e-01	   3.6910046226399462e-01	   4.5320694893895219e-01	   4.7944700683664510e-01	   5.3520616496711171e-01	   5.6935534802990906e-01	   5.2120667869430648e-01	   6.0887795598792838e-01	   6.4457140976397276e-01	   6.2667865884025975e-01	   3.0086871470774562e-01	   4.5257124428239072e-02	   5.7717834319879809e-03	  -7.6532044948941419e-02	   5.3850595272030244e-01	   5.5799330486423393e-01	   5.9995961204607484e-01	   6.6848152548637252e-01	   5.7947437682691683e-01	   5.9808148116418969e-01	   4.2688723411478446e-01	   3.5396238005230218e-01	   5.9371873449896850e-01	   5.0394226388829566e-01	   7.8796861371381177e-01	   7.2585362022524835e-01	   7.4632013044067214e-01	   7.7021379735650641e-01	   5.8943822598016160e-01	   5.3782445763977627e-01	   7.2105860635029839e-01	   6.5754510361352725e-01	   7.3154252431216182e-01	   8.1305138409579214e-01	   5.1686263401739729e-01	   5.3919116617026996e-01	   4.0033890068457006e-01	   3.1621725052823729e-01	   7.2813839518811307e-01	   6.2510968077485241e-01	   5.9375072553741493e-01	   6.5271134479313619e-01	   7.0003156673378175e-01	   6.3557773155187824e-01	   5.8069462871288402e-01	   5.4122778894358214e-01	   4.3414104228562184e-01	   2.2316255875279467e-01	  -2.6889047653524029e-01	   3.3003612783889552e-02	   1.6944949558365413e-01	   4.9839147773908604e-01	   6.8500571442218050e-01	   6.4275707880360267e-01	   6.8266320001393477e-01	   6.4888168802606438e-01	   4.4490393535266781e-01	  -1.9430261641178842e-01	
   4.8375568696946442e-01	   4.2740322744176312e-01	   6.7736801325465446e-01	   9.0844558593060520e-01	   4.7302512837107380e-01	   7.4274418850674773e-01	   8.4347760911889202e-01	   0.0000000000000000e+00	   6.1319116034922549e-01	   7.5719739521385510e-01	   5.6836675460160735e-01	   7.2109116604825874e-01	   6.1119058142151506e-01	   6.8954953196414004e-01	   6.9847893273073836e-01	   8.2316264355654667e-01	   3.9889669127427974e-01	   1.9111946060826068e-01	   5.3805621824493910e-01	   5.0695525315593515e-01	   3.4104456881444445e-01	   3.9903103333728146e-01	   6.1169170320453647e-01	   7.4186910505969728e-01	   3.0159747873588311e-01	   4.8635210519797289e-01	   1.1302375553918322e-01	   2.7702354138956597e-01	   6.0527829593622440e-01	   5.4288103504638374e-01	   5.8630869738458169e-01	   6.5086080876192298e-01	   5.9211344842179192e-01	   7.8958918159779978e-01	   4.1989868672926733e-01	   5.8940927245789332e-01	   4.5150585509994445e-01	   4.1899552259364092e-01	   4.5630429960951885e-01	   5.3201944753818886e-01	   3.9965701635953232e-01	   4.9352811413517444e-01	   4.4429617141624900e-01	   4.1059871663022157e-01	   4.9072356812361495e-01	   4.4466615231027384e-01	   4.6904435768647235e-01	   5.0713716907897477e-01	   5.2195082756223532e-01	   3.5421778268146153e-01	   4.1521412111325551e-01	   4.3464182861397094e-01	   3.1028213796310422e-01	   3.3576645363425006e-01	   4.7755578275689681e-01	   4.9964307231454774e-01	   2.0440762437243902e-02	  -6.4313667594135149e-02	   1.3331808636299006e-01	   3.3162362926125477e-01	   3.9578547445567219e-01	   6.1594867847698875e-01	   3.7635220066683805e-01	   6.0039624699576111e-01	   4.3636815999409484e-01	   7.5071015637141336e-01	   5.0772757474948915e-01	   6.2717618752329896e-01	   7.6433797785971577e-02	  -1.5310257361003993e-01	   1.3798581410944002e-01	   1.3651082898359990e-01	   5.1413808821449503e-01	   5.7564463471271021e-01	   5.7341073964437972e-01	   6.6312831178173393e-01	   5.7602575854132654e-01	   6.5966980322909330e-01	   2.5431260386833338e-01	   1.9974052928988381e-01	   4.3194691635836907e-01	   3.4401420257181814e-01	   6.8808265099934207e-01	   7.0931770725701204e-01	   5.2945604572425531e-01	   7.0089822328701612e-01	   3.9413973652298956e-01	   5.1094066087870649e-01	   4.8359323378651209e-01	   4.2004397682780564e-01	   7.3273703739574714e-01	   7.1960928988949713e-01	   6.4103795402046715e-01	   4.5611180715233041e-01	   3.6182616273659651e-01	   2.9303888345017337e-01	   6.4636904846953380e-01	   4.6781008867576035e-01	   5.5850111983458728e-01	   6.1527313069409606e-01	   8.1730632325160391e-01	   5.3874874771554349e-01	   5.5652190140473001e-01	   4.5147236626358112e-01	   4.2115579220871152e-01	   1.9453019523287007e-01	   1.7053754377966725e-04	   1.9867627268146804e-01	   1.6436189806562188e-01	   5.4650072028846031e-01	   6.4666282024677479e-01	   6.3529131553249385e-01	   6.5251347851005459e-01	   5.0514781771643003e-01	   5.1931828000004154e-01	  -1.8367723336313946e-01	
   4.7454145471238729e-01	   1.9970393398704667e-01	   7.5964120024998438e-01	   5.1295503441082935e-01	   8.5823749288577722e-01	   7.0382818738930453e-01	   7.0201954501250352e-01	   6.1319116034922549e-01	   0.0000000000000000e+00	   7.2942926653688123e-01	   7.0801284229710548e-01	   5.2345292273980149e-01	   6.0836797453640790e-01	   4.9225677591857148e-01	   9.0257802784714514e-01	   6.8302977146483113e-01	   3.0661614435415929e-01	   1.5091190866497523e-01	   2.2373740742616860e-01	   5.6769498388127934e-02	   4.1646408140561897e-01	   2.9773457489155053e-01	   6.9844404319892273e-01	   6.8952259495796031e-01	   4.0549474780139771e-01	   4.2921444424824795e-01	  -7.4460854223126177e-02	   5.1834901900438815e-03	   3.0268620493677600e-01	   1.8461927777760284e-01	   2.8181680171364309e-01	   2.6425525937026006e-01	   4.8962875511187426e-01	   5.3533583034083554e-01	   6.9004833027023504e-01	   6.8004082287436174e-01	   3.6051871167517657e-01	   3.8482791341822398e-01	   4.7478397718538923e-01	   4.3345372144243932e-01	   2.5203676198773825e-02	   2.8248135778599559e-01	   4.9419849207548883e-01	   4.4343860705103855e-01	   4.0525592939527244e-01	   3.9141390782094593e-01	   3.7602669798627841e-01	   4.1864755129535963e-01	   4.2135655476153455e-01	   2.8865033542838525e-01	   4.5700483802749858e-01	   3.1977132055604157e-01	   2.2138195951318607e-01	   3.1791075385703876e-01	   3.5559432553488590e-01	   3.2524286815171954e-01	   2.2031054879422729e-01	   1.0203454219210041e-01	   2.6179516355372523e-01	   2.5747718869093900e-01	   7.7541017717848137e-01	   6.1083822044738578e-01	   2.6023550704514942e-01	   2.6151101141732508e-01	   8.5106217262799366e-01	   8.0395201165806507e-01	   4.1704543509095060e-01	   4.4176885706982116e-01	   2.7537204334706677e-01	   4.6511850840599500e-02	   2.3353026204466937e-01	   1.3058384197329442e-01	   3.9806993077661568e-01	   3.6764560510343092e-01	   5.3622959759442090e-01	   5.3733178288270889e-01	   4.4099642153487312e-01	   3.7240500204302934e-01	   3.6128335810682921e-01	   2.8578436684481151e-01	   3.7149812986155123e-01	   3.2377553670298687e-01	   4.4456714611661352e-01	   3.4527046635764519e-01	   6.0396584498133588e-01	   5.9819749985076187e-01	   2.9592943196527755e-01	   2.8578784379919714e-01	   7.2580563832201117e-01	   5.5830362417595025e-01	   4.4736935666800759e-01	   7.1551883569315633e-01	   4.6067105641588313e-01	   6.6393199524318658e-01	   2.2211275751199844e-01	   1.8963447386634819e-01	   4.4912507268429253e-01	   3.8878044737048900e-01	   2.3309736182826504e-01	   2.8224212183933178e-01	   5.1864280147308361e-01	   6.0407378433885062e-01	   1.4551873376026428e-01	   2.2301165501303685e-01	   2.0692001388656739e-01	   1.0005736622206203e-01	  -1.8519239283707856e-01	  -1.7238171047989673e-01	   2.1474663459393931e-02	   2.7832611624916842e-01	   4.7796256565657569e-01	   3.7471165908866283e-01	   3.9399657673948063e-01	   4.6874824412469851e-01	   3.1516584943232756e-01	  -1.7267114225619370e-01	
   4.9476223885666804e-01	   3.5671420154355760e-01	   4.6772746658349995e-01	   6.7435332981335638e-01	   5.0529104940538716e-01	   7.9027517663073366e-01	   5.9194272197152764e-01	   7.5719739521385510e-01	   7.2942926653688123e-01	   0.0000000000000000e+00	   6.1383836146894655e-01	   7.8594577822046374e-01	   5.5389445593143805e-01	   7.2685831581426708e-01	   6.8977327057548643e-01	   7.9389085853800268e-01	   3.4507904332147488e-01	   2.5384315412898784e-01	   2.6605893492112453e-01	   1.3217426197845833e-01	   1.7388007326451990e-01	   2.0695089097903260e-01	   5.6833344593562518e-01	   8.2129197337021798e-01	   1.3326555690625336e-01	   4.1663931800448717e-01	  -1.6077521521146584e-01	   8.9188682030637845e-02	   3.9526631688710245e-01	   2.9093882777633751e-01	   3.0886201346055159e-01	   4.0661912420206625e-01	   3.7756924186989316e-01	   5.1816862442656697e-01	   3.9850766526094084e-01	   5.2548122989947899e-01	   1.4195252499575259e-01	   1.1474407219977414e-01	   2.0767150628279224e-01	   2.2609192231921396e-01	   1.3418091185601735e-01	   2.4032372918303277e-01	   3.6764768482550159e-01	   3.3020343677727060e-01	   3.6106720790037217e-01	   3.4638756810726345e-01	   3.8016798470377139e-01	   3.8497109416732178e-01	   2.9267938231529111e-01	   2.0383556035127165e-01	   2.6097723575512244e-01	   2.1209855585019016e-01	   1.9314420317999942e-01	   2.5376041838896307e-01	   2.1182928305874893e-01	   2.3185103214409797e-01	   1.8373923437421200e-01	   8.1977998505314870e-02	   1.1086738570561741e-01	   2.6328507801325202e-01	   5.4753168032327104e-01	   7.3505707640803519e-01	   2.6179164423288592e-01	   4.7701642664778093e-01	   6.1174217902077399e-01	   8.3062484136137549e-01	   2.3901657251737118e-01	   3.9862375525169347e-01	   1.1907074313580568e-01	  -1.2668563486158368e-01	   9.9431990316369012e-02	   1.1925832562711106e-01	   3.1796222813717018e-01	   3.4837950793340816e-01	   4.3638481067108431e-01	   4.8316824432533584e-01	   3.5582699892412961e-01	   3.8264384102558491e-01	   3.3256658184016358e-01	   2.6541950892112476e-01	   3.4342827395287878e-01	   3.0794230682180890e-01	   3.7492833040889595e-01	   5.0542816998755480e-01	   4.0661920000638568e-01	   5.9183614055859857e-01	   1.4927873211263892e-01	   2.8465758649906969e-01	   4.2054845228020782e-01	   3.7011831682863128e-01	   4.8283227152923613e-01	   5.3199263533470886e-01	   5.2697662287213509e-01	   3.6692793382733185e-01	   1.2624222148473258e-01	   1.4027824322947746e-01	   3.1899950272801270e-01	   2.1410827211684236e-01	   3.1902537575732337e-01	   3.8189657123319309e-01	   5.3004186667376785e-01	   3.8470733393567136e-01	   1.1510099704928667e-01	   1.6439130050914014e-01	   5.4290603778135729e-02	  -5.7211837066609143e-02	   5.5745210909923411e-03	   6.8691392101493699e-03	  -4.2443352761093303e-02	   2.4690333584501489e-01	   3.4676439252413227e-01	   4.2896385696847816e-01	   3.8121790871527322e-01	   3.3531569805783451e-01	   2.8393189279168496e-01	  -2.1129343988261212e-01	
   7.2454521526765037e-01	   3.9408473338968003e-01	   4.0985711641372613e-01	   2.5879569385093026e-01	   6.3987114106589993e-01	   4.7664622918768818e-01	   5.6935040129571501e-01	   5.6836675460160735e-01	   7.0801284229710548e-01	   6.1383836146894655e-01	   0.0000000000000000e+00	   8.1502778877970306e-01	   9.5093768538297174e-01	   8.2438435039334523e-01	   7.5664236819919806e-01	   5.2354994597648463e-01	   5.9385992553640743e-01	   4.0948933292657475e-01	   4.7983566005103112e-01	   2.3975090976472285e-01	  -6.7939536071730824e-02	  -1.0183002021950750e-01	   1.5790753969481452e-01	   3.7856170007073797e-01	  -1.6623488230546457e-01	  -1.1690057567123907e-01	  -3.1141349712883809e-01	  -1.0460787825583519e-01	   4.7678056650325279e-01	   2.8955512469617273e-01	  -8.6006297993468095e-02	  -5.9224049688470212e-02	   3.7170125444752744e-01	   4.6714848820048993e-01	   1.5482176357366603e-01	   2.7106508460209383e-01	   1.5642375150802748e-01	   2.5191333202016042e-01	   2.5215398422391566e-01	   2.5723140162034908e-01	  -3.8633828064441565e-02	   2.3244639693528002e-01	   3.6442303613071297e-01	   3.8277484956486590e-01	   2.4345252472584369e-01	   2.5417747203628804e-01	   3.3163793517227869e-01	   3.9189513631061573e-01	   4.3933740162656371e-01	   2.4080123708791035e-01	   3.4413397593756656e-01	   2.8753308359211521e-01	   2.7114262348840196e-01	   2.3501748609491302e-01	   2.8527059586039749e-01	   2.8647976378825735e-01	   2.3269518949034396e-01	   1.5247839503506677e-01	   4.6649086287234148e-01	   3.8026693836939057e-01	   8.9274813698944766e-01	   7.6877277404655675e-01	   5.4493369354645371e-01	   4.4788236360224620e-01	   3.8548999913978260e-01	   5.9895435499753846e-01	   3.8572079084803568e-01	   3.3118076587284134e-01	   2.2321804091034814e-01	   3.5570913980318100e-02	   2.9558942730282195e-01	   7.4036417278308037e-02	   5.4887662925787728e-01	   4.9826730551279363e-01	   6.4377603903500491e-01	   5.8107995005619784e-01	   6.1284482370914839e-01	   4.7027294063085473e-01	   4.1570598077824178e-01	   4.3008111218809958e-01	   4.6974287028735245e-01	   4.3564916132635245e-01	   2.5087022206840454e-01	   3.4854385584714914e-01	   3.6749126779209546e-01	   3.3420502744552871e-01	  -4.0132619373277792e-02	  -9.9290139256038648e-02	   6.1675933789051063e-01	   5.0795823775970650e-01	   3.4872091235812175e-01	   5.5165818178315540e-01	   1.1193692404962680e-01	   3.3915365317020252e-01	   2.2350986784763194e-01	   1.0616460883166823e-01	   3.6383790074174849e-01	   2.8767980171469987e-01	   2.6203418011513413e-01	   3.6651717030471165e-01	   3.7719823859721258e-01	   4.9837954470724088e-01	   2.6794925125744806e-01	   3.1441541265946138e-01	   1.4235024432697108e-01	  -4.5695375727352414e-03	   1.0949285175296985e-02	  -4.2914482045950469e-02	  -6.2895567407177277e-02	   2.0189031074701347e-01	   3.5717889508038181e-01	   3.5046974877691656e-01	   3.6512851826037329e-01	   3.2036566128951199e-01	   2.0605231699727589e-01	  -6.0949225149666837e-02	
   7.0162585070733097e-01	   5.9385195355543230e-01	   3.0350918283487310e-01	   5.1085232989412899e-01	   3.7210473632706909e-01	   5.5158892010381655e-01	   5.2392316309695053e-01	   7.2109116604825874e-01	   5.2345292273980149e-01	   7.8594577822046374e-01	   8.1502778877970306e-01	   0.0000000000000000e+00	   7.8426525994784480e-01	   9.2577870542559793e-01	   6.1004208216492595e-01	   6.9693792272521027e-01	   5.9376706863714313e-01	   4.7208664602525813e-01	   4.8547878769138797e-01	   3.6420956870139215e-01	  -1.2089635388043929e-01	  -6.9836101145914070e-02	   2.3588884841001145e-01	   5.9925634320594590e-01	  -1.6601772987150565e-01	   4.5878962592147271e-02	  -2.5954474309779546e-01	   6.1519128888611859e-03	   5.2573310432539677e-01	   3.8745347912309830e-01	   5.4617747068124965e-02	   1.6670762466413069e-01	   3.8879026379314430e-01	   5.4794224626140220e-01	   8.7357939583245336e-02	   2.8465079972017882e-01	   9.3425975162057695e-02	   9.3021350558991703e-02	   1.3138626643759146e-01	   1.9981817495605478e-01	   1.1367313912052669e-01	   2.7249129818299489e-01	   3.2391870064364675e-01	   3.2056291955293148e-01	   3.0166750759913952e-01	   2.8014513434006177e-01	   3.8957424613512609e-01	   4.0065726673373914e-01	   4.2043745071544036e-01	   2.2372815328908391e-01	   3.0296575187286823e-01	   2.7513699812584985e-01	   3.0080129510183212e-01	   2.2549222796795781e-01	   2.6839775005030703e-01	   2.7862561833092742e-01	   2.8013949687235362e-01	   1.8865102827139490e-01	   3.4701847645666895e-01	   4.2071355849738246e-01	   6.7329450678909630e-01	   8.7378548427111680e-01	   5.4729898515526765e-01	   6.8553159037179390e-01	   2.8081406910594209e-01	   6.9294437363024330e-01	   3.0808773184705129e-01	   3.8120311138135965e-01	   1.4742185400667884e-01	  -1.0431197429848033e-01	   1.9602529955346837e-01	   6.0658217888321903e-02	   4.9252074660497280e-01	   4.6747837272596138e-01	   5.7634825398222689e-01	   5.4893977789219206e-01	   5.5492138330022400e-01	   5.3110851135269010e-01	   4.2552016686585925e-01	   4.0830431603112177e-01	   4.5277315317506822e-01	   4.2594775841060467e-01	   3.2920687345890220e-01	   5.5779872210925407e-01	   3.1117359941431827e-01	   4.5619337115477265e-01	  -8.4107231198882692e-04	   4.8876302899124716e-02	   4.3869143517639797e-01	   3.9998027444829798e-01	   4.5750503980242319e-01	   4.6496755043954618e-01	   2.8913946142387892e-01	   2.6316134246049139e-01	   1.8385460320396824e-01	   3.6566347990118223e-02	   3.5361923241635673e-01	   2.1074099973269367e-01	   3.7148028706340397e-01	   4.5738149498642100e-01	   4.7871592360811699e-01	   4.1614289842963492e-01	   3.1229571691508728e-01	   3.2152693983161379e-01	   9.1299284548837428e-02	  -9.4713426519633243e-02	   1.1924916141509595e-01	   5.0203990723829209e-02	   7.3037364369905503e-02	   3.3284073886058196e-01	   3.3777426810840505e-01	   4.6263425541363368e-01	   4.3731158422501604e-01	   2.9954220802489784e-01	   2.2927917223138342e-01	  -1.2750796380318302e-01	
   6.6294720056679735e-01	   3.9354226029856970e-01	   3.9142050339200019e-01	   2.8882308667431689e-01	   5.2909427471061521e-01	   4.2948891044285897e-01	   6.0823818623954340e-01	   6.1119058142151506e-01	   6.0836797453640790e-01	   5.5389445593143805e-01	   9.5093768538297174e-01	   7.8426525994784480e-01	   0.0000000000000000e+00	   8.5209800667461999e-01	   6.7536295411158476e-01	   4.6496064636740692e-01	   6.2651920294809749e-01	   4.2734433667640459e-01	   5.1666039135338282e-01	   3.4347003804660736e-01	  -8.2595116251871145e-02	  -6.7187318700352702e-02	   8.8385865174508887e-02	   3.0390252634942100e-01	  -2.0772691981147509e-01	  -1.4500156508798109e-01	  -2.4728609662490425e-01	  -3.7850613153733462e-02	   5.5980706420364457e-01	   4.0151661129833149e-01	  -1.2554756868530081e-02	   9.9194215241449682e-03	   3.6104137873332043e-01	   4.9533332667730562e-01	   5.7720608238803789e-02	   1.8287208700315966e-01	   1.5302765385767755e-01	   2.4580328718928901e-01	   2.3260540789683876e-01	   2.9115937915392431e-01	   3.4698736669257879e-02	   2.5528887668637451e-01	   3.1622233946678902e-01	   3.3051257336078643e-01	   2.2677612393022845e-01	   2.2121111040166741e-01	   3.0062843459482053e-01	   3.5865612821603066e-01	   4.3943713569953236e-01	   2.4110148236236639e-01	   2.9431232492382159e-01	   2.7228953245244514e-01	   2.5558733357645064e-01	   2.1065286618601448e-01	   2.7358231273803024e-01	   3.0626964975199278e-01	   1.6926085691766679e-01	   1.2179446007933596e-01	   4.3189976529581875e-01	   3.7545604107951047e-01	   7.6485867302213073e-01	   6.8061552328482011e-01	   5.6468971557134218e-01	   4.8316534760393415e-01	   2.3712299142955173e-01	   4.9056214439064727e-01	   3.8723497695784459e-01	   3.1818940314859234e-01	   1.8149419065380556e-01	   1.3592705012867043e-02	   2.3436566549311716e-01	   1.7327295461304178e-04	   5.5058080910138918e-01	   5.3129957393169303e-01	   5.9547787596474799e-01	   5.5586721884627022e-01	   5.8418904046899955e-01	   4.5347994802160313e-01	   4.0035143702205878e-01	   4.4068593716051896e-01	   4.8797592436642562e-01	   4.3748545791559995e-01	   2.8224284782556980e-01	   4.0741679772278588e-01	   3.1266538932518428e-01	   2.6936375746430902e-01	  -4.9998500524704559e-02	  -8.0009844353557652e-02	   5.3306940137817216e-01	   4.3702760809694541e-01	   3.4959835639223436e-01	   5.0334196873679871e-01	   7.9118310204697284e-02	   2.2505306831844182e-01	   3.0804766944357764e-01	   1.6333913724704924e-01	   3.9123625183793664e-01	   2.8193708762128977e-01	   3.0225253625566961e-01	   4.3060086965538197e-01	   3.8237450753190466e-01	   4.5190342792909444e-01	   3.4853346981351224e-01	   3.5812841996597750e-01	   1.5055901852896308e-01	  -1.6534787559058066e-02	   3.9320316613874334e-02	   3.2004669511439598e-02	  -5.6069206219428333e-02	   2.2211306733968389e-01	   3.4979282377909005e-01	   3.6860172893843413e-01	   3.8361599761833187e-01	   2.6756325301653394e-01	   1.8970718031376901e-01	  -5.7278666530443778e-02	
