   0.0000000000000000e+00	   9.2710614408691439e-01	   8.0003164610741673e-01	   7.1480260762773828e-01	   6.4703925189191758e-01	   5.4014702725104868e-01	   8.6436155138705439e-01	   7.4298648401981537e-01	   6.6675834767801079e-01	   6.4142754821621728e-01	   7.4326042750875676e-01	   8.0908355204816773e-01	   7.0072531003568117e-01	   8.3630859475336161e-01	   7.0520929331309889e-01	   7.7680063929781873e-01	   8.6079657185545144e-01	   8.3556630394865250e-01	   8.1484375366615180e-01	   8.1615266612422144e-01	   5.5845953328761144e-01	   6.4336568471386169e-01	   6.2725654115120810e-01	   5.9324100430866999e-01	   5.6548948923658815e-01	   5.9500815161981668e-01	   4.7419096173933695e-01	   6.1441349601480866e-01	   8.3569456635197303e-01	   8.3227099681826044e-01	   6.5453898248663078e-01	   6.8797727301087486e-01	   9.1852802986522220e-01	   8.7878400802343792e-01	   5.2471859937941778e-01	   5.4271484844043627e-01	   6.3051840217454624e-01	   7.1357828952395119e-01	   7.7573992552499660e-01	   7.6805252135767554e-01	   7.4570857980781924e-01	   7.7373006827622026e-01	   4.6903156800974644e-01	   4.4281237756306591e-01	   5.1081569959976736e-01	   4.7858191236900666e-01	   5.8726364972606260e-01	   5.3309048616621291e-01	   5.0217381513408799e-01	   4.5161398488791588e-01	   6.1448835841796157e-01	   5.7922798080345417e-01	   5.7310114651510036e-01	   4.5642242078949824e-01	   7.2759562105620146e-01	   6.9055378656225463e-01	   9.4448383999694341e-01	   8.9381433967189750e-01	   7.6743204283935385e-01	   6.6882697598364382e-01	   7.8456567821801471e-01	   6.3589015619526223e-01	   8.1076380473041176e-01	   7.4129234189772131e-01	   6.2182917519360470e-01	   5.9331397210909476e-01	   7.0929725986674330e-01	   5.9998152093167045e-01	   7.4049380207362803e-01	   6.2777484303610276e-01	   7.4098428586937615e-01	   7.1763350282653837e-01	   8.5810141324845346e-01	   8.6584573422339250e-01	   8.0768124871655489e-01	   8.2009398118074373e-01	   8.2012435307066156e-01	   7.4703951336101782e-01	   8.6695431711055559e-01	   8.2985421203447363e-01	   8.4328250810727978e-01	   8.1320462856335129e-01	   7.2851683592243888e-01	   8.0008085258554829e-01	   8.2717020650376061e-01	   8.1501220521149009e-01	   6.3465682622052233e-01	   6.1532506915740792e-01	   7.6762635640856591e-01	   7.6981792945545435e-01	   5.2541588871541300e-01	   4.9302955005075755e-01	   3.3883877864690648e-01	   4.6273738226526745e-01	   1.1891516100806646e-01	   1.6533711638215823e-01	   5.9203300883925225e-01	   5.2516322324597731e-01	   5.1308415383270944e-01	   6.2789373293172679e-01	   3.7006229004531088e-01	   6.3220003884448595e-01	   4.3396690222916168e-01	   5.6283209825220415e-01	   6.2412315253348238e-01	   1.2092855950011044e-01	   2.0702094876857768e-01	   2.9835240615483549e-01	  -9.6139222658509042e-03	   4.0589086515258976e-01	   6.2831121164774939e-01	   5.6279533626739209e-01	   5.3827006307584579e-01	   6.5200065646286975e-01	   5.4376370052929290e-01	   2.9313965352031562e-01	
   9.2710614408691439e-01	   0.0000000000000000e+00	   7.9675215315846237e-01	   7.1011154499009987e-01	   5.9157931393187357e-01	   5.1603197097694287e-01	   8.4107845811534709e-01	   7.5199436819696119e-01	   6.4043376848112854e-01	   6.0123408729960859e-01	   6.2169982482195785e-01	   8.3663092650527493e-01	   6.0278364920165783e-01	   7.9592488305440301e-01	   5.7826709011326538e-01	   7.0875465343943556e-01	   8.2059020036275176e-01	   9.0798438714140806e-01	   8.1077925683825991e-01	   8.8555786216608112e-01	   4.4066376324742473e-01	   5.5753012447091665e-01	   6.1768109154027562e-01	   5.7735294438718276e-01	   5.3493153574998042e-01	   5.5308536714267353e-01	   4.4146361769313336e-01	   5.4326672228755801e-01	   7.3215284626066013e-01	   8.3560931305846231e-01	   6.1640336643231430e-01	   6.4059240978881971e-01	   8.9169594184794920e-01	   8.7195830427192422e-01	   4.8804017051532667e-01	   5.3466327635033961e-01	   5.1528837004732453e-01	   7.2481338368212445e-01	   6.7710303777342151e-01	   7.6820510385563023e-01	   6.3741901414692004e-01	   7.1439293260450532e-01	   6.1725911960840141e-01	   5.8120937019368391e-01	   6.3660208335832880e-01	   6.1365595995680577e-01	   6.6762870313439593e-01	   6.4123641960807631e-01	   6.2469617534681987e-01	   5.8016876708299381e-01	   7.1413428554192626e-01	   6.7246336995780398e-01	   6.7776867801825036e-01	   6.1023676316867248e-01	   7.1629802149659572e-01	   7.4733809549015340e-01	   8.9753653754633289e-01	   9.7106207726576388e-01	   7.5691967445025343e-01	   7.3998552028897435e-01	   7.4764090748577972e-01	   6.1190500192553188e-01	   8.4382845428474385e-01	   8.1505930169897289e-01	   5.5660497304046785e-01	   5.1368950228192756e-01	   7.2389574739044171e-01	   6.4601897364013128e-01	   7.1724422557806744e-01	   6.5395642510992480e-01	   7.1357611448181224e-01	   7.3981042414524922e-01	   7.7164936564516839e-01	   8.5168699061444153e-01	   7.2937928352286296e-01	   8.0507664567415516e-01	   8.0217833539994521e-01	   7.9571229940662025e-01	   8.2397391445258694e-01	   8.5072557365207402e-01	   7.5947148172916823e-01	   7.3635583335447208e-01	   6.6739547389902398e-01	   7.7743283302700439e-01	   7.3961694379756893e-01	   7.7593176440761646e-01	   5.5974987883266725e-01	   5.5265728557685267e-01	   7.1474497512402824e-01	   7.3430422000729489e-01	   6.2025096617719588e-01	   5.4562843298812647e-01	   3.7124502523598379e-01	   5.0039382797663501e-01	   9.3512237078244936e-02	   2.0562288756089289e-01	   5.5432449306461629e-01	   5.0773284245287009e-01	   6.3224105704545397e-01	   7.0676181255993953e-01	   4.1769755662162422e-01	   6.7615205619288121e-01	   5.1006497807014384e-01	   6.1853770820300069e-01	   6.5279334553215007e-01	   1.5714757032972287e-01	   3.0122155909467502e-01	   4.0792428330870018e-01	  -5.7698779017879009e-02	   3.7323447825767259e-01	   6.6575668501303853e-01	   6.7457850479359749e-01	   6.5147717895505108e-01	   6.9855982209636613e-01	   5.2070973334228865e-01	   2.1215947284760628e-01	
   8.0003164610741673e-01	   7.9675215315846237e-01	   0.0000000000000000e+00	   7.9295952376611301e-01	   7.1383071342214044e-01	   5.3828139934700159e-01	   8.5773484640483977e-01	   6.9643858493255983e-01	   7.3664642479598563e-01	   5.7666264779982701e-01	   5.2338069687187772e-01	   6.5974919737113047e-01	   6.9148864119187503e-01	   7.5307469627843482e-01	   7.2588099769741510e-01	   7.8033949756163212e-01	   6.3189692982186263e-01	   7.3422725243807274e-01	   8.0771833555629957e-01	   7.7132738033505932e-01	   6.8273548139167295e-01	   7.9559136283609200e-01	   9.0816705306787437e-01	   8.4348195903691980e-01	   7.6510895444392479e-01	   7.5725501207446588e-01	   6.9094434995222742e-01	   7.9073181786532376e-01	   6.2406944969304545e-01	   7.0177247720380731e-01	   8.7161172228322492e-01	   8.6461326735235455e-01	   8.3156232305325806e-01	   8.1497326643320589e-01	   8.1265048060831346e-01	   7.9018085162726304e-01	   6.5317179727369112e-01	   7.1444240979859008e-01	   7.2814009604119412e-01	   7.0979176699719537e-01	   6.2238562063600589e-01	   6.1583494164574759e-01	   4.5821472074227593e-01	   3.9744725014952947e-01	   4.2642756702779733e-01	   3.8404074663984217e-01	   5.2756536140440735e-01	   4.7874325297457876e-01	   4.0769795548360033e-01	   3.3814900444887253e-01	   5.3591181549467137e-01	   4.6104752177174513e-01	   5.2219687806359849e-01	   3.9808818386721834e-01	   6.2308355171913998e-01	   6.0523056507151041e-01	   7.7547566447878902e-01	   7.9749276248407308e-01	   5.9728137871426124e-01	   5.0345632440323884e-01	   7.1967568386460590e-01	   5.6836563728961342e-01	   6.8150711488242188e-01	   5.9868459511878314e-01	   7.9677983343277037e-01	   7.1071414101824959e-01	   6.2286716472481229e-01	   4.9328694912746535e-01	   6.4430745381517396e-01	   5.4888111944558027e-01	   8.1888177717982735e-01	   7.1695691344732271e-01	   7.1735858279317855e-01	   6.7967627458300983e-01	   7.3564142187423254e-01	   7.0566070831170835e-01	   8.2311708839496056e-01	   7.5689661407218933e-01	   7.1467539229019938e-01	   7.2026209326302848e-01	   5.8644914398970993e-01	   7.0918457517916178e-01	   7.0269605280273661e-01	   7.2672513419986950e-01	   8.2441194363226755e-01	   8.5101365136352514e-01	   7.3877817210772423e-01	   6.8130762794925648e-01	   8.6334323112255085e-01	   7.7978305615561083e-01	   4.9209372492780279e-01	   6.2016098134315656e-01	   5.9186729805921989e-01	   7.2057076657395780e-01	   2.7198074424844082e-01	   1.7661235588311316e-01	   5.3095316561430894e-01	   3.9963421398932786e-01	   3.9328073536881897e-01	   6.0584822384058112e-01	   4.4032479026921484e-01	   6.9877888490333939e-01	   4.4640949999772722e-01	   4.9570074028693967e-01	   6.2378674746738094e-01	   2.7836290966863619e-01	   1.1922441037890927e-01	   1.6453963890360923e-01	  -5.5428453395115859e-02	   4.6354010420518038e-01	   7.2842023585428972e-01	   5.3530870468201996e-01	   5.2563162195952595e-01	   6.9744612365557956e-01	   6.4640165180360376e-01	   1.9097223005768815e-01	
   7.1480260762773828e-01	   7.1011154499009987e-01	   7.9295952376611301e-01	   0.0000000000000000e+00	   5.9423303341982769e-01	   6.2908088504623061e-01	   8.0698466225840637e-01	   9.0053322721065121e-01	   7.9432945172099112e-01	   8.1938758788428534e-01	   3.9495393912250382e-01	   7.1052441154214674e-01	   5.5753572687589381e-01	   7.8647972895119322e-01	   6.1571111600650608e-01	   7.1080272785033394e-01	   5.6632902729044721e-01	   6.1675879328135430e-01	   7.5864696663285480e-01	   7.8274140119919178e-01	   4.2887550933047458e-01	   6.7300682039652227e-01	   7.2880392123667148e-01	   8.0332053700003558e-01	   4.1965533348824602e-01	   5.6158953010551116e-01	   3.6659324501648094e-01	   6.0063428089796989e-01	   5.7637407797470008e-01	   7.0359313243335520e-01	   7.2794481299019109e-01	   8.3090798971647295e-01	   7.3936522718334530e-01	   8.3436297890697453e-01	   5.8455101236697837e-01	   7.1654719368715403e-01	   4.5254667005235660e-01	   6.7414564262906618e-01	   6.1960956494632935e-01	   6.9415202133806631e-01	   5.6509162425508075e-01	   6.4503024833147449e-01	   6.1262745459079371e-01	   5.6214003088162223e-01	   5.4102723134072128e-01	   5.6009159666181407e-01	   5.7745618828207324e-01	   5.7898808463844675e-01	   4.7351162621310272e-01	   4.8371837939600937e-01	   5.9789361055380308e-01	   5.7918477791504319e-01	   5.9283570476816716e-01	   5.0568644625944137e-01	   5.9957825486533634e-01	   6.5575155363807669e-01	   7.3195012751510569e-01	   6.9717974874832334e-01	   7.0895932026368169e-01	   7.0591154602818673e-01	   8.0539651099764953e-01	   8.3952145181022719e-01	   5.8585270634193076e-01	   5.9442759333397266e-01	   7.9261435675970771e-01	   8.6394857261194513e-01	   6.6522821255048625e-01	   6.3688537624307329e-01	   6.4497861186151506e-01	   6.8463939620533820e-01	   7.5301350654507182e-01	   7.9624167702567838e-01	   6.4363420553497397e-01	   6.9789721595820498e-01	   6.6249473360827515e-01	   7.2703494332009266e-01	   8.0705690503083671e-01	   8.2475571368726219e-01	   6.5305620421518285e-01	   7.0316080585191032e-01	   5.3051797825991387e-01	   5.5608842753081944e-01	   6.4524079519475475e-01	   6.4614055627376987e-01	   6.3414492001192901e-01	   8.0470822669157149e-01	   5.8628175682710160e-01	   6.6478505909700270e-01	   7.2524384741537495e-01	   8.3401249640640085e-01	   6.7826433688433296e-01	   6.3607220919658181e-01	   6.2097626808881301e-01	   5.5851172851364095e-01	   2.4911471657609513e-01	   2.4207784765451279e-01	   4.4467940867625283e-01	   4.1711438610299917e-01	   5.2898273977026644e-01	   6.3407040492839228e-01	   7.3482620885034144e-01	   7.1079720749310882e-01	   6.8060882117654908e-01	   6.1462130245650881e-01	   7.5654844815506117e-01	   3.5920294817615861e-01	   4.4278025106013441e-01	   3.9003738314588887e-01	  -3.3912551440428207e-02	   4.3358923688070461e-01	   6.3396320504792492e-01	   5.6207244520983346e-01	   6.0694981528082237e-01	   6.6250880365993992e-01	   6.8438065569085205e-01	   2.2518733499444546e-01	
   6.4703925189191758e-01	   5.9157931393187357e-01	   7.1383071342214044e-01	   5.9423303341982769e-01	   0.0000000000000000e+00	   8.8996147243333146e-01	   6.8031715610117494e-01	   5.2809535885404690e-01	   7.3146377364804060e-01	   7.1250891659270477e-01	   3.5268749772415753e-01	   3.6295497321825471e-01	   5.3593601168240734e-01	   5.1497521139535196e-01	   6.5078731778774968e-01	   6.9137397231521058e-01	   4.4015947575157666e-01	   5.0894125296902937e-01	   7.3091171498184471e-01	   6.6099697482732722e-01	   5.3418667328457559e-01	   7.0981726167990455e-01	   6.9127292057178646e-01	   5.8733267573980730e-01	   7.5157355699721917e-01	   8.2016827418778449e-01	   5.7386308313199619e-01	   6.8592424604494884e-01	   4.7562408703681830e-01	   5.1706150852720767e-01	   6.9391309089787101e-01	   6.5246646374357686e-01	   7.0186143192882033e-01	   6.8379911809077265e-01	   6.9899902366210021e-01	   7.1188579905901994e-01	   5.9443632221652076e-01	   6.2417537637324538e-01	   7.0494532435604174e-01	   6.4541994317826101e-01	   5.3679161150653587e-01	   6.1537783577022875e-01	   1.6468637895151961e-01	   1.1130144378857132e-01	   3.0807301094047823e-01	   2.1592902381054163e-01	   2.0820611454777840e-01	   1.6915640027904413e-01	   5.4506809305449148e-02	   2.6697646931284784e-02	   2.5127328421324868e-01	   1.9241308330521301e-01	   1.7899152696474177e-01	   1.3552778760221507e-01	   3.9930992611341526e-01	   3.6355495571662089e-01	   6.4826166531438589e-01	   5.5011782758873795e-01	   4.0904817336393812e-01	   3.0279815271309629e-01	   5.7975899265892950e-01	   4.9186830707935669e-01	   3.9108627712079469e-01	   4.3351421162123632e-01	   7.3194132199747974e-01	   6.8964877898690946e-01	   5.7655019028001786e-01	   5.0557143423353357e-01	   5.8453514393657957e-01	   5.4891284278399499e-01	   6.8603576965774327e-01	   6.0122620330009924e-01	   5.6606691580002422e-01	   5.3761875760932487e-01	   6.1487655401528096e-01	   5.8139496460634688e-01	   5.6582892336686641e-01	   5.4718914782727468e-01	   5.5807077067994348e-01	   5.1784331058137834e-01	   5.3486053668009004e-01	   6.7275121523179049e-01	   6.2880125136184739e-01	   6.6812909547166954e-01	   7.0601791429834360e-01	   7.3317396631898923e-01	   6.1215088928594952e-01	   6.1025991670739776e-01	   7.3793496845975060e-01	   6.6138116869233188e-01	   3.6289197250883032e-01	   6.2951783252597548e-01	   5.4396923486925686e-01	   6.8441133502535156e-01	   2.0402501707360687e-01	   1.6771187094358597e-01	   4.2738869001341379e-01	   3.3224444670881392e-01	   2.2247578923335415e-01	   4.6202889766223543e-01	   1.9604833607572306e-01	   5.7532948468994438e-01	   2.0632352919379521e-01	   4.4753919563376060e-01	   5.0508247184891775e-01	   3.4157554572318349e-01	  -2.3948475805362877e-02	   9.6723038622676671e-02	   6.9316072487354705e-02	   3.7786607074814504e-01	   6.2437228717838877e-01	   3.1663357143553422e-01	   3.4529949671713922e-01	   5.6052599718894869e-01	   4.2694764891228876e-01	   1.5641995958681146e-01	
   5.4014702725104868e-01	   5.1603197097694287e-01	   5.3828139934700159e-01	   6.2908088504623061e-01	   8.8996147243333146e-01	   0.0000000000000000e+00	   5.9218947829139290e-01	   6.0401948152619722e-01	   6.5948133027778366e-01	   8.1153103833294593e-01	   1.9720066353840332e-01	   3.8463289711687565e-01	   3.5170801156213449e-01	   4.5077310706540619e-01	   4.6949483003481385e-01	   5.5084422381738929e-01	   4.1555530742668290e-01	   4.6719236112856866e-01	   5.8350647926059940e-01	   6.0275036129683957e-01	   3.3255740075238283e-01	   5.7527909920190834e-01	   4.9451608398948010e-01	   4.7119169679683803e-01	   5.2771437027679602e-01	   7.4696054588569183e-01	   3.6810229051283350e-01	   5.2932737980419331e-01	   4.4462823720860772e-01	   5.2386486772761998e-01	   5.6721797755712589e-01	   5.8705074292201209e-01	   6.5489148862179647e-01	   6.9898201757134637e-01	   5.7205460146391762e-01	   6.8291785023400364e-01	   4.3606082510805561e-01	   5.6192680052205934e-01	   6.1471529847929074e-01	   6.0448323362499889e-01	   4.1500526542388078e-01	   5.2555383304491743e-01	   2.4636562697067987e-01	   2.1892702996851393e-01	   4.3486014528696670e-01	   3.6320545668065496e-01	   2.7260760463627720e-01	   2.4450256333474107e-01	   1.0191950724728510e-01	   1.0045486014578089e-01	   3.0346763691359979e-01	   2.6539817442157010e-01	   2.0612185426706631e-01	   2.0861278311518910e-01	   4.2273560382340275e-01	   3.9878440112634211e-01	   6.0838691901625652e-01	   4.7114210596723916e-01	   4.3316085447617503e-01	   3.9485549451012847e-01	   5.7496309385701616e-01	   6.4491397034764653e-01	   3.5973042029647767e-01	   5.0005190004479361e-01	   6.6372791629004091e-01	   7.2598857004969575e-01	   6.0153978729821855e-01	   6.3419687425890059e-01	   5.0883336695345527e-01	   5.9669548708210918e-01	   5.5800900243847473e-01	   5.8131266702624118e-01	   5.3067074569486439e-01	   5.6032158589403558e-01	   5.7655070319940793e-01	   6.0480704247955641e-01	   5.1127805418654471e-01	   5.8344155084408789e-01	   5.5852912651351350e-01	   5.2207018573222208e-01	   5.0727093757106845e-01	   5.8017719604403784e-01	   5.0780228445689590e-01	   5.7600818334311465e-01	   5.5709752257579126e-01	   6.6781351850740955e-01	   4.9105592428636380e-01	   5.7421006009561149e-01	   5.9875238931290986e-01	   6.1120497255132267e-01	   4.2621231253861336e-01	   5.1252225596811041e-01	   4.5576551731226272e-01	   5.1039682605052294e-01	   2.1768816502569488e-01	   2.5851291934360493e-01	   4.0187795160987461e-01	   3.8214184748998198e-01	   3.2795585100016827e-01	   4.0445837396857459e-01	   2.8536616189326747e-01	   4.8193742165933873e-01	   3.1457906978768213e-01	   4.5326689308767942e-01	   5.4064000545928659e-01	   3.7200551022834677e-01	   1.2978319926582668e-01	   2.0097891832413428e-01	   1.3478704457704951e-01	   3.8129947328957725e-01	   5.7794397241688644e-01	   3.4507061820103457e-01	   3.9562551863694373e-01	   5.6827408985823491e-01	   3.8144531153431849e-01	   2.1970853560312520e-01	
   8.6436155138705439e-01	   8.4107845811534709e-01	   8.5773484640483977e-01	   8.0698466225840637e-01	   6.8031715610117494e-01	   5.9218947829139290e-01	   0.0000000000000000e+00	   8.8114186560021679e-01	   8.9598364376120054e-01	   7.6466170013428780e-01	   6.6521251800835191e-01	   8.1396336818751003e-01	   7.7303256598305015e-01	   8.5614991271898477e-01	   6.6045860674935297e-01	   7.0851992823045662e-01	   7.8833826314693933e-01	   8.2638579274797874e-01	   7.7358902087223536e-01	   7.6832638912641738e-01	   4.5873068603649381e-01	   6.1247375541133486e-01	   6.4133029450918411e-01	   5.9069537354956325e-01	   4.7802586446081541e-01	   5.5023945319750311e-01	   3.8313639997137156e-01	   5.4572727346997651e-01	   7.7282175269102160e-01	   8.5084628035526477e-01	   6.6421767265378628e-01	   7.0843142668893255e-01	   8.4783530059212997e-01	   8.6640119880504196e-01	   5.7101055779024046e-01	   6.3164628697340519e-01	   5.5396495866417839e-01	   6.8642105716537483e-01	   6.8320200414107335e-01	   7.0389039592980840e-01	   6.7236034116075594e-01	   6.9954019724478800e-01	   5.6407188457197543e-01	   5.1861763617548096e-01	   5.8273553386685317e-01	   5.5844763686036658e-01	   6.0044351579181388e-01	   5.6910926398403028e-01	   5.4212653183098847e-01	   5.0553926592608578e-01	   6.7985955648408258e-01	   6.3778312241965662e-01	   6.3751041459520064e-01	   5.3129578944485634e-01	   7.1544091105240937e-01	   6.9766150245285208e-01	   8.2867994112432530e-01	   7.8364355086518478e-01	   8.1498599201484379e-01	   7.1396642279094302e-01	   8.8011279797650344e-01	   7.4057617470637438e-01	   7.3396635125219312e-01	   7.6250112158542760e-01	   7.2097320112827035e-01	   7.0444007938169695e-01	   7.4285514735024782e-01	   6.5172596609908018e-01	   6.3061925080805659e-01	   5.7508600471450944e-01	   7.5553207778891451e-01	   7.3833538738218429e-01	   7.8478139075825548e-01	   8.2619706389463121e-01	   7.5180830990227476e-01	   7.8074483053637389e-01	   8.2565806068837233e-01	   8.0488835197458131e-01	   7.9161378934927196e-01	   8.2906439768764217e-01	   7.2325803800723287e-01	   7.4042623887799341e-01	   6.1868301353912902e-01	   7.3515617361253338e-01	   7.6147553343766705e-01	   8.4142198370711585e-01	   5.0548368167590918e-01	   5.2494996236085190e-01	   8.5096000763040602e-01	   8.0923702140872900e-01	   6.1451428954902243e-01	   6.2112293901586524e-01	   4.5537691729276575e-01	   5.7295099362916213e-01	   2.2213446039257526e-01	   2.0405626556851503e-01	   5.0739556123303386e-01	   4.2944095243454750e-01	   5.4710522612248114e-01	   6.7716226071658425e-01	   5.3721013254317451e-01	   7.8702268291697286e-01	   5.6315333418481750e-01	   6.6820252525344126e-01	   7.0535067952168395e-01	   2.1573040411631675e-01	   3.1931055642346007e-01	   3.3979355755170881e-01	  -6.1475558019858753e-02	   3.6124787202166792e-01	   5.7861977919458163e-01	   5.9861444437618383e-01	   6.3350213098094577e-01	   7.1878042458334745e-01	   5.5509657391299816e-01	   2.2287334695988564e-01	
   7.4298648401981537e-01	   7.5199436819696119e-01	   6.9643858493255983e-01	   9.0053322721065121e-01	   5.2809535885404690e-01	   6.0401948152619722e-01	   8.8114186560021679e-01	   0.0000000000000000e+00	   8.3138699831986618e-01	   8.4815927099209620e-01	   4.8690356699973752e-01	   8.3867621002574388e-01	   5.7568560045389239e-01	   8.2840812116064910e-01	   5.0278077542066701e-01	   5.9299372073533663e-01	   7.2109518805528960e-01	   7.1909531635009727e-01	   7.0394592180091742e-01	   7.8011331472950585e-01	   2.6715753339548670e-01	   5.1425439693124786e-01	   5.1431752245151707e-01	   5.5035852465882629e-01	   2.6101134652365754e-01	   4.2558278059418675e-01	   2.2273965856999955e-01	   4.1493872919407909e-01	   6.5606426868945988e-01	   8.0823809751472431e-01	   5.4566679760063097e-01	   6.6207097728184439e-01	   7.6532893237152222e-01	   8.6537937141440524e-01	   4.5279214409566870e-01	   6.2223666513830778e-01	   4.0386166189270489e-01	   6.1848933866685818e-01	   5.7825330026328436e-01	   6.6047484773967791e-01	   5.7786647918514600e-01	   6.3131034442391076e-01	   7.3505025557979342e-01	   7.0264107883362947e-01	   7.2789923237235366e-01	   7.4209746621650541e-01	   7.0145209758206206e-01	   7.0477841990261858e-01	   6.5004349044403309e-01	   6.6070346107453126e-01	   7.7040739203222097e-01	   7.6078779124002127e-01	   7.2739255144537207e-01	   6.6359158531722706e-01	   7.3469045933470933e-01	   7.5765254920542779e-01	   7.5889811616250913e-01	   6.8820587790884202e-01	   8.7142226219219543e-01	   8.7314260605260796e-01	   8.7080239099039825e-01	   9.0504713727253949e-01	   6.9375694917487418e-01	   7.7668441255680398e-01	   6.5586581976074820e-01	   7.6597270239554249e-01	   8.0765795089751169e-01	   8.0325858468352107e-01	   6.7771863943699995e-01	   7.3826169961468024e-01	   6.4199146805647767e-01	   7.3386921505527458e-01	   6.3636417552882585e-01	   7.5587910761324406e-01	   5.9914931048644304e-01	   6.9871643190757426e-01	   7.6714432998211413e-01	   8.2919242262443416e-01	   7.1010895797812068e-01	   7.5139632014765845e-01	   6.5219163440486960e-01	   5.4737256231631781e-01	   5.9251663597174087e-01	   6.6759309626177998e-01	   5.9723597089076896e-01	   7.6587847923373720e-01	   4.1594078919061361e-01	   4.7180974282804933e-01	   7.0315883117371802e-01	   8.0298301391093663e-01	   7.9179817805824926e-01	   6.3864104044528014e-01	   5.1680450200660677e-01	   4.9004488642627797e-01	   2.1871180012351354e-01	   2.4899859587963746e-01	   4.9396036392327414e-01	   4.8047076026610147e-01	   6.9417498472277039e-01	   6.9799617202003206e-01	   7.7721135151033460e-01	   7.8778302084783458e-01	   7.7656962852199984e-01	   7.7372454360642828e-01	   7.7295054672748720e-01	   3.1556004657104952e-01	   5.9308255759023620e-01	   5.5360169597856379e-01	  -3.9224227978638948e-02	   3.3154118935277943e-01	   5.7271157812874995e-01	   6.4631101558399839e-01	   7.3710015180500243e-01	   7.0508809881173806e-01	   5.8610272971805411e-01	   2.1406249319789272e-01	
   6.6675834767801079e-01	   6.4043376848112854e-01	   7.3664642479598563e-01	   7.9432945172099112e-01	   7.3146377364804060e-01	   6.5948133027778366e-01	   8.9598364376120054e-01	   8.3138699831986618e-01	   0.0000000000000000e+00	   8.5800638404640939e-01	   5.1037964977742156e-01	   6.4672086467019740e-01	   7.4897560838928801e-01	   7.6069349405919795e-01	   6.4858510046251827e-01	   6.6352839019788024e-01	   5.9149923903966062e-01	   6.4862132062576205e-01	   7.3036862968804506e-01	   6.6594076244609923e-01	   3.5938231203948556e-01	   5.9665557563462601e-01	   6.1212683525636336e-01	   5.6684952295486679e-01	   3.8612399415042425e-01	   4.8207077940143622e-01	   3.1195147388687772e-01	   4.9771745538864975e-01	   6.0412690892763043e-01	   7.1624598816084739e-01	   6.0125786814412863e-01	   6.3978296296863668e-01	   6.6973628980704214e-01	   7.2415661650035346e-01	   5.1496285275593001e-01	   6.1212176987766287e-01	   5.0432822166279112e-01	   6.5677560951732950e-01	   6.0716813016994242e-01	   6.4862078704360338e-01	   6.1425870670093086e-01	   6.8266232937424831e-01	   5.0691759216054955e-01	   4.4525966840316206e-01	   5.0312594240404562e-01	   4.8497461297872868e-01	   4.7570436349220996e-01	   4.7806504634157659e-01	   3.9857081262849214e-01	   4.1186783247206726e-01	   5.5264248015309292e-01	   5.2165217870322433e-01	   5.4862059066791136e-01	   4.6232319797877158e-01	   5.7638984028779694e-01	   6.1423898156553247e-01	   6.5062639024463120e-01	   5.8915900985428371e-01	   7.1223361950211772e-01	   6.3496596846798958e-01	   8.6850750964482304e-01	   7.5611436063849569e-01	   5.1234992158605908e-01	   5.8053530793105712e-01	   7.6759656243898966e-01	   7.4548145982430580e-01	   6.4628232737476532e-01	   5.8842905605589102e-01	   5.6624961612824742e-01	   5.5898942830909304e-01	   7.0747636831445848e-01	   7.1516652929421387e-01	   6.1896716895931947e-01	   6.7956816959928545e-01	   6.2508797320930332e-01	   6.6693542709497211e-01	   7.1317503264183468e-01	   7.3969077323883359e-01	   6.1182780279932902e-01	   6.8596141836894609e-01	   5.3746869804670749e-01	   6.1542002391746042e-01	   5.6093547398898336e-01	   6.3564005860633110e-01	   6.3746317089151816e-01	   7.6931269332551711e-01	   4.1187665296491849e-01	   4.7970618212672228e-01	   8.1180164027472268e-01	   8.1251573477035544e-01	   6.5493146599483698e-01	   7.5096412687869685e-01	   6.0589236061606555e-01	   6.5275196100384547e-01	   2.5906391474831064e-01	   2.3667668896350602e-01	   4.0551849634696796e-01	   3.4031364813209530e-01	   4.8665891697675018e-01	   6.9203798720274357e-01	   6.1630125686400716e-01	   8.2403660028274384e-01	   5.1887416546787535e-01	   6.9251978478833798e-01	   6.7878909700840651e-01	   3.5090756529131939e-01	   3.5487965659498133e-01	   3.7138156953229284e-01	  -4.8462973007169577e-02	   3.2713525122509257e-01	   5.0832847078690402e-01	   5.5844636827712568e-01	   6.2736411329417741e-01	   6.6613911825357197e-01	   5.5038984756887221e-01	   1.5902680882769524e-01	
   6.4142754821621728e-01	   6.0123408729960859e-01	   5.7666264779982701e-01	   8.1938758788428534e-01	   7.1250891659270477e-01	   8.1153103833294593e-01	   7.6466170013428780e-01	   8.4815927099209620e-01	   8.5800638404640939e-01	   0.0000000000000000e+00	   4.5028481668122633e-01	   6.4044232091146081e-01	   6.2369734745525340e-01	   7.3963191626698954e-01	   5.9874343224046833e-01	   6.8223074489700286e-01	   5.4434892207175656e-01	   5.5876821682277478e-01	   6.1523359243133879e-01	   6.2583089619698307e-01	   2.7228813485551195e-01	   5.4270284396779100e-01	   4.7603642139136249e-01	   5.2389192994521727e-01	   2.9337991753671733e-01	   4.9032703900779551e-01	   2.3077436193301354e-01	   4.6304492382258050e-01	   5.4748622358307519e-01	   6.7988372408575914e-01	   4.8272370670559450e-01	   5.8365701712021101e-01	   6.4713476386133362e-01	   7.4041919667136236e-01	   4.3305200982701064e-01	   6.0126564437708663e-01	   4.7081280356444266e-01	   6.7178235922307150e-01	   6.4926531481425509e-01	   7.0406419796401765e-01	   5.9549403795107936e-01	   7.0310615972703594e-01	   4.7565362768706265e-01	   4.5169785889290792e-01	   5.5746007091616767e-01	   5.3952213547709604e-01	   4.5864592103561441e-01	   4.6102251261608185e-01	   3.4755374230493891e-01	   3.8169690610992618e-01	   5.0688380797649779e-01	   5.0388461244781824e-01	   4.6829912347271963e-01	   4.2443928169954348e-01	   5.6985057120687976e-01	   6.1602974072439787e-01	   6.4883348627371262e-01	   5.4018115809896328e-01	   6.9403492492913044e-01	   6.6557917026832802e-01	   8.4045798225191082e-01	   8.8628152400298954e-01	   4.4337068445839245e-01	   5.7685119151760800e-01	   7.4559513274342148e-01	   8.3377096349688107e-01	   6.5509956102778721e-01	   6.7681177056251907e-01	   5.5380231901572885e-01	   6.5966984684861574e-01	   5.8659111211684622e-01	   6.7950477192867098e-01	   5.7572527942919893e-01	   6.6539322679730062e-01	   6.0403693539264913e-01	   6.8347347604575626e-01	   6.4657404982954048e-01	   7.2096118626212324e-01	   6.0981302496771583e-01	   6.4989398263618470e-01	   5.5141553192889126e-01	   6.0963992766843467e-01	   5.8294737348186310e-01	   6.5731993241831410e-01	   5.9540766317356753e-01	   7.7371764507377028e-01	   4.4886050769291430e-01	   5.6929122144723643e-01	   7.2132565232916257e-01	   8.2776399404059342e-01	   6.3321607262615842e-01	   6.3111297151666634e-01	   5.2501750083820220e-01	   4.9851432023525999e-01	   2.4219262354178531e-01	   3.0987672904679531e-01	   4.1686256974642738e-01	   4.2414195088412882e-01	   5.0951755063322990e-01	   6.0544793141319486e-01	   5.9166686233753629e-01	   6.9306331826793355e-01	   5.4059140068449585e-01	   6.2735384097232916e-01	   6.9715176148763680e-01	   3.8779904204397619e-01	   3.7412923960481403e-01	   4.0637798775427975e-01	   7.9519936020943913e-02	   3.3598813414295015e-01	   4.9921018186271293e-01	   5.2409051399878248e-01	   5.8697513400781443e-01	   5.7616875745247309e-01	   5.0236204205623158e-01	   2.5275881164511865e-01	
   7.4326042750875676e-01	   6.2169982482195785e-01	   5.2338069687187772e-01	   3.9495393912250382e-01	   3.5268749772415753e-01	   1.9720066353840332e-01	   6.6521251800835191e-01	   4.8690356699973752e-01	   5.1037964977742156e-01	   4.5028481668122633e-01	   0.0000000000000000e+00	   6.7153933449071335e-01	   8.7427708584530905e-01	   7.8900081861783888e-01	   7.1197141223555427e-01	   6.7686908985046013e-01	   6.8031850675335082e-01	   5.7577375418104071e-01	   5.2703966811435321e-01	   4.2490858756087069e-01	   4.9582260182592586e-01	   4.5090644477170871e-01	   3.6314747578029538e-01	   3.4865229396912223e-01	   3.1222064946191974e-01	   2.8889277391560270e-01	   4.1277000633298605e-01	   4.8920734536834676e-01	   7.1373591825725935e-01	   6.1119194788252273e-01	   3.0722701214110593e-01	   3.4873524575789816e-01	   5.5896366866263536e-01	   4.8286543794329440e-01	   2.8482740060550438e-01	   2.6547978566798336e-01	   5.9501500903362270e-01	   5.4956252854873844e-01	   6.2513478800411559e-01	   5.4523797715862032e-01	   6.7117710873998115e-01	   6.4594774610494632e-01	   2.1061138788911499e-01	   2.3404573391281436e-01	   2.6935552788270645e-01	   2.3202259823919108e-01	   3.8796064144625075e-01	   3.3964641677161089e-01	   3.1619534777698488e-01	   2.8696153326671681e-01	   3.4697286594597798e-01	   3.4665884579895900e-01	   3.5154640218213518e-01	   2.3993310429441533e-01	   5.5377463724221987e-01	   4.9051384960519173e-01	   5.6519878618937258e-01	   5.5954613730696912e-01	   5.3363453494548385e-01	   4.0478772362564736e-01	   6.7203791507458366e-01	   4.1088628024420581e-01	   5.2171217348744781e-01	   4.4398991332195825e-01	   4.8891010434095350e-01	   3.4873498029771410e-01	   3.6516888692923821e-01	   2.5643570315848491e-01	   3.7359373650051375e-01	   3.0296600491292530e-01	   4.4920979728442667e-01	   4.0895443884487248e-01	   6.2292414086561820e-01	   5.7928638850211933e-01	   5.7697280571369669e-01	   5.2657377906307867e-01	   5.9592990481480790e-01	   4.8354924016125717e-01	   6.3983191575735521e-01	   6.2369381178590610e-01	   6.7903352626792168e-01	   7.4516025935469044e-01	   5.6595604453705306e-01	   6.4323628798216093e-01	   7.3721001818357024e-01	   6.4678066731835637e-01	   4.4106049984664486e-01	   4.3478155410403291e-01	   6.5204152126425796e-01	   5.6580968324607661e-01	   3.0029715198778245e-01	   3.1279826526109994e-01	   1.9387807212664490e-01	   2.9362398350271290e-01	   1.9893297186089798e-01	   1.6129185345204750e-01	   4.5275372800695024e-01	   3.3771094373205157e-01	   3.1286812816580517e-01	   4.9720207760301505e-01	   1.8022822998585519e-01	   4.4067701739149734e-01	   1.5146055146145451e-01	   3.3175527518711345e-01	   3.2290747292851979e-01	  -3.3896377128472543e-02	   5.6373091909746931e-02	   1.4843263642218918e-01	   2.8786410203821052e-02	   2.8678918134124054e-01	   3.0641156732542546e-01	   4.4118522618455769e-01	   3.8310820632128739e-01	   3.2214861791429905e-01	   3.3436970973958036e-01	   2.4360255231680136e-01	
   8.0908355204816773e-01	   8.3663092650527493e-01	   6.5974919737113047e-01	   7.1052441154214674e-01	   3.6295497321825471e-01	   3.8463289711687565e-01	   8.1396336818751003e-01	   8.3867621002574388e-01	   6.4672086467019740e-01	   6.4044232091146081e-01	   6.7153933449071335e-01	   0.0000000000000000e+00	   6.3298978465292244e-01	   9.0840521060792501e-01	   4.8603644198584367e-01	   6.2945930414893092e-01	   8.4081541434385609e-01	   8.2331780666532484e-01	   6.1862449620955362e-01	   7.3224195557379512e-01	   2.9876871433096419e-01	   4.1746018236424509e-01	   4.5006325597123781e-01	   4.8837611891017374e-01	   2.4324247039667285e-01	   3.2949835553191048e-01	   2.6535032143795290e-01	   3.7559371438964001e-01	   7.5087253964689249e-01	   8.6789833244945669e-01	   4.4566289644235590e-01	   5.2313869632847043e-01	   7.6794771846802723e-01	   7.9845598302335841e-01	   3.3316659137424853e-01	   4.4337324301392406e-01	   4.7951147541207978e-01	   6.6895630587844002e-01	   6.3092920436615585e-01	   7.1052478128998819e-01	   6.6759612248603362e-01	   6.8278057777501500e-01	   6.7798668248073701e-01	   6.7113232162050818e-01	   6.7667210721397120e-01	   6.9385484519368257e-01	   7.5069399351232091e-01	   7.2998135124999519e-01	   7.1222439598860410e-01	   6.9050734948412829e-01	   7.7551370465525249e-01	   7.7462928928081687e-01	   7.5685012078157143e-01	   6.5881971079087953e-01	   8.0038617041495641e-01	   8.2340050897444805e-01	   7.9668200121106469e-01	   7.9461395960543624e-01	   8.4441018493050057e-01	   8.2400682795500535e-01	   8.4698273266377866e-01	   7.7896713424368591e-01	   8.3753221249248899e-01	   8.5694724129412159e-01	   4.9355595324357698e-01	   5.2092627586421314e-01	   6.9490695528446389e-01	   6.6801734675478075e-01	   6.4302310653148431e-01	   6.5883139278412672e-01	   5.8628777725682335e-01	   6.6645040147088874e-01	   7.1625011389392812e-01	   8.1444173478556425e-01	   6.6967416773387356e-01	   7.6740064626043514e-01	   7.8283727039898521e-01	   8.0421749514816354e-01	   8.2315774896471561e-01	   8.5446972648290132e-01	   7.1962537426052808e-01	   6.7495654227395319e-01	   5.7598172151825555e-01	   6.8724686340956109e-01	   6.3813480377175014e-01	   7.5242685802421683e-01	   4.4275707169466494e-01	   4.5596447219612790e-01	   6.7741395421638440e-01	   7.6124936525543319e-01	   6.8185908759679381e-01	   4.6811954595325989e-01	   3.4979651375337256e-01	   3.9475678929572278e-01	   2.1468888727418620e-01	   3.0634050614392350e-01	   5.3959634112292720e-01	   5.2953981873505662e-01	   6.8439501248414125e-01	   6.7209138261664925e-01	   5.5292027232483365e-01	   6.9540827703449082e-01	   5.7575632127943333e-01	   6.1969910483266033e-01	   6.4745879385600902e-01	   1.8573490512920771e-01	   4.2552550148312918e-01	   4.7276103555814630e-01	   2.2886167974575523e-02	   4.4025279630923014e-01	   5.6389643518487664e-01	   7.0206473549757686e-01	   7.1912007379519594e-01	   6.5180645423363393e-01	   5.1618810615385324e-01	   3.1536845028257565e-01	
   7.0072531003568117e-01	   6.0278364920165783e-01	   6.9148864119187503e-01	   5.5753572687589381e-01	   5.3593601168240734e-01	   3.5170801156213449e-01	   7.7303256598305015e-01	   5.7568560045389239e-01	   7.4897560838928801e-01	   6.2369734745525340e-01	   8.7427708584530905e-01	   6.3298978465292244e-01	   0.0000000000000000e+00	   8.3191222763633166e-01	   8.1905262596331663e-01	   7.8913819302336896e-01	   6.0958413180913618e-01	   5.9914242485446922e-01	   5.9734597058350580e-01	   4.5019732102828314e-01	   5.4531329765105052e-01	   5.8199396336067055e-01	   5.8632865060930606e-01	   5.4012408493231856e-01	   4.2547022281588986e-01	   3.9973605867014511e-01	   4.8511618941473617e-01	   6.0503288383810094e-01	   6.4619464609862565e-01	   6.4455079067823984e-01	   5.0499325035986986e-01	   5.2503164351472975e-01	   5.7028768394698637e-01	   5.2868104180304598e-01	   4.7720761013547142e-01	   4.6115927882135810e-01	   6.4979909035734384e-01	   6.5473852233970231e-01	   6.6729837177275053e-01	   6.1381403562805925e-01	   6.8428183859111191e-01	   6.8648440316766701e-01	   2.4452995081557743e-01	   2.3408488574354269e-01	   2.5515309214813464e-01	   2.1857656562391015e-01	   3.5565915993152519e-01	   3.2112414385692722e-01	   2.5251395985445019e-01	   2.3656386784277808e-01	   3.4019755316031192e-01	   3.2016508983709119e-01	   3.6306924540906604e-01	   2.3661943755395848e-01	   5.2438928300946186e-01	   5.1247095238365503e-01	   5.6637006755370300e-01	   5.6522605191948927e-01	   5.5230439415972488e-01	   3.9782638904838941e-01	   8.0321444472376324e-01	   5.3359808945902898e-01	   4.4413933511621428e-01	   4.0412872807906741e-01	   7.3032742545982188e-01	   5.7296343628393998e-01	   3.8452910607189578e-01	   2.6926069743676040e-01	   3.7727665847788716e-01	   3.2153444330343867e-01	   5.8869501927203527e-01	   5.1374868570767029e-01	   6.2999347849935439e-01	   5.8286122328043577e-01	   6.4434058768518132e-01	   5.9876309171173281e-01	   6.7906428102743810e-01	   5.7865856219847045e-01	   6.2100146045943827e-01	   6.5528869558768099e-01	   5.4847853754373688e-01	   7.4829431703055982e-01	   5.9832521381745274e-01	   6.6043147371783850e-01	   7.7041013626739907e-01	   7.5346025137901407e-01	   5.2416082725667146e-01	   5.3083365781117176e-01	   8.2043327000081090e-01	   7.0717026575150521e-01	   3.6564825856070210e-01	   5.2567075340531733e-01	   4.2366529500767919e-01	   5.3195451674519012e-01	   3.1767129609734945e-01	   2.1769563094886676e-01	   4.3799042057081777e-01	   3.0805990268914896e-01	   2.8226488805361455e-01	   5.9499705751442800e-01	   3.3574636078431980e-01	   6.1871507696034223e-01	   2.5844656828661755e-01	   3.9907039559612406e-01	   4.6526041158357062e-01	   1.7893435686367287e-01	   8.0680384696027715e-02	   1.5709680764474260e-01	   5.0531544108514528e-02	   3.1849885100428216e-01	   3.8437492592330103e-01	   4.7514795363142853e-01	   4.5439893754661365e-01	   4.5709562754164090e-01	   4.8278448364009274e-01	   2.3699083150331618e-01	
