   0.0000000000000000e+00	   5.5696025210417155e-01	   5.0324345297419260e-01	  -9.3805484165195144e-02	   3.5868740684762557e-01	  -7.8867163248581132e-02	   4.0809243506825910e-01	  -3.5675881757954178e-02	   5.9089285865917185e-01	   1.3750641655116252e-01	   7.0968773271963326e-01	   3.1689723090183047e-01	   6.2091850639798174e-01	   3.4446973624755639e-01	   6.5286987474928981e-01	   3.7547714068355986e-01	  -3.0589727507521581e-02	  -6.4737946601223340e-02	   5.0749829581726258e-01	   1.2587664761853079e-01	   4.8621046393666510e-02	   1.6564536877543340e-01	   4.3205928618787387e-01	   1.8844609038490076e-01	   3.0788277792890917e-01	   5.4100006610218923e-02	   4.5689261687311977e-01	   3.2084205892472850e-01	   5.2529053859352658e-02	   2.1636677465977121e-02	   1.5027316419549172e-01	   8.1431827148740060e-02	   2.3681600384008328e-01	   1.7382433352037777e-02	   3.7389571223892509e-01	   1.9938864223031363e-01	   1.3842036175836664e-01	   6.9537755832851364e-02	   2.9894201114281566e-01	   2.9780591643872256e-01	   2.0572421790006606e-01	  -8.1061220864318467e-02	   1.2955681889040224e-01	   1.0551722687680308e-01	  -1.5554781861388067e-03	  -1.0145741057447843e-01	   5.0805886095258296e-03	   1.2968915761171548e-01	   5.8588384851294403e-02	   3.4520819684529039e-02	   3.1778109504624452e-01	   1.8647795821207341e-01	   2.5186575858029620e-01	   3.7967287044838538e-01	   1.7629186497366059e-01	   2.4370913562589258e-01	   6.0923524318048539e-01	   4.6870419804497931e-01	   3.0486590410580439e-01	   1.5075979339344109e-01	   5.3028734794427623e-01	   2.5367895573608223e-01	   1.5718759630910031e-01	  -5.5486045998109313e-03	   5.0241900986570998e-01	   1.8028117219602940e-01	   9.7989795705587107e-02	  -2.7167004628134955e-01	   5.9641617508632949e-01	   1.1765409020931153e-01	   4.4970847617885723e-02	  -2.9314867327579786e-01	   8.4928226220482031e-02	  -1.3349251126104533e-01	   2.3602566320244323e-01	   1.5785933323613473e-03	   3.6470587086570028e-01	   5.0821632082785853e-02	   1.0459782823715263e-02	   3.5734879242263484e-02	   2.5238997222463481e-02	   1.9543159863853646e-01	   4.3177087731027447e-01	   4.7578204186461237e-01	   3.4794337481174392e-01	   2.4020226333455205e-01	   2.9353763428958973e-01	   3.4694422984508910e-01	   4.9199956749724771e-01	   4.5944712206396404e-01	   5.5636908101291307e-02	   3.4815927753302778e-01	   3.5993499122505573e-02	   5.0111325187438516e-01	   6.0484983686850090e-03	   2.1195084463904090e-01	   8.2810769297714831e-02	   2.4144606216506542e-01	   1.0327922328936767e-02	   3.0489588746280583e-01	  -6.3354406234467225e-02	   4.5100228824949695e-01	  -6.3438384446850002e-02	   3.2364620473567296e-01	   2.2302185159009714e-02	   2.3823518594082740e-01	  -6.8183378048952858e-02	   4.7747098112451002e-02	   1.5456452656552400e-01	   2.0759981463120128e-01	   2.4545974433904483e-01	   1.6402441333525020e-01	   2.8478544186860805e-01	   4.8552386032804995e-01	   3.7885685853844525e-01	  -8.0992776500067407e-02	
   5.5696025210417155e-01	   0.0000000000000000e+00	   1.1914761556947115e-01	   4.8026182673396345e-01	  -7.9075386519099108e-02	   1.0400837665099236e-01	   5.3078604079075775e-02	   2.8438546471121035e-01	   1.5349414218668722e-01	   1.7740757955904357e-01	   3.8501820428326389e-01	   6.7031850662186465e-01	   3.5195765851162308e-01	   5.3150103341762045e-01	   3.0691002778873999e-01	   4.1103804708786185e-01	   3.9652205283193598e-01	   5.2023782626176129e-01	   3.5000381514280865e-01	   7.1814035372754759e-01	   6.6019762535570445e-02	   2.5319835306153071e-01	   1.8671757597430319e-01	   5.3345024958941567e-01	   2.7178010324867391e-01	   3.8886538008618277e-01	   2.4155964440233091e-01	   3.4600605176709076e-01	   1.1326748930225483e-01	   3.7025733886342493e-01	   2.4985832674278879e-01	   2.9436641547086911e-01	   5.3337902398055004e-01	   5.1597390227162521e-01	   1.7757879811993757e-01	   2.0608481817577567e-01	   1.4274559396097081e-01	   2.0404299861467498e-01	   2.9514292503607581e-01	   3.8581395470417679e-01	   4.3433817555469489e-01	   1.1258480812921587e-01	   2.8018474962667500e-01	   2.5257892625435885e-01	   6.4513970028865289e-02	   1.0810812017637883e-01	   2.5650698223711288e-01	   3.7286041419411664e-01	   2.6287888655230157e-01	   2.1377031740216729e-01	   4.3423469240054069e-01	   2.8695620792074300e-01	   4.3705762936338355e-01	   4.7410430540161069e-01	   3.9964895864914046e-01	   4.1328930298516842e-01	   5.8348793399752452e-01	   7.0782125065074863e-01	   6.2080349631954884e-02	   4.4095648591969827e-01	   2.8446399868672922e-01	   5.3715480118854897e-01	   2.1613112429409065e-01	   4.3805167167565789e-01	   2.2670475862470790e-01	   1.7097228327168656e-01	   4.3742543704315046e-02	   6.9070385342744359e-02	   5.8980299707196671e-01	   3.4609406448405666e-01	  -3.2891682486095385e-02	  -5.4611732574370415e-02	   2.4950857039080160e-01	   2.6618675481957849e-01	   3.3802512595627782e-01	   3.9481792033755542e-01	   2.2997344818731261e-01	   4.1266229478930366e-01	   3.9180305687057548e-01	   4.8755653523867537e-01	   5.4277527240440260e-01	   5.6261438663503993e-01	   2.4657856934134695e-01	   4.7007329152973815e-01	   2.5626370880276267e-01	   3.7017918800198812e-01	   2.0056740373537954e-01	   3.6548983174160943e-01	   4.3493716567936203e-01	   5.0509786868043460e-01	   3.0195198054264044e-01	   2.2444330795378900e-01	   2.0300414547744861e-01	   5.7711422453040666e-02	   6.5473264767351602e-02	   6.3624182579126901e-02	   3.4477504013993171e-01	   2.6366656390878401e-01	   4.0448192630538571e-01	   3.5824302936115804e-01	   3.6006268265905911e-01	   1.9789689934810648e-01	   4.2796229755424664e-01	   2.2137385563488757e-01	   2.6100471761681243e-01	   2.9253153540198657e-02	   3.0529130427600604e-01	   1.2186013507939236e-01	  -3.3687395654788184e-02	   3.1898062740050963e-02	   3.0690763507106256e-01	   3.4133409842811785e-01	   2.4812376209527326e-01	   4.0515143485849081e-01	   3.2951922805123812e-01	  -1.5668971641707319e-01	
   5.0324345297419260e-01	   1.1914761556947115e-01	   0.0000000000000000e+00	  -1.7212537403955359e-02	   6.1437642320682861e-01	   6.3684773991352681e-02	   7.1091361710847534e-01	  -1.4071158357162197e-01	   5.5639175220442039e-01	   2.0622565026596268e-01	   5.7269440416526984e-01	   9.8444873724265525e-02	   3.3684714128071647e-01	   6.7115899877031218e-02	   7.6726651851553629e-01	   5.4149331910063236e-01	  -4.5595851580857927e-01	  -4.1389020757000716e-01	   4.2308181131570433e-01	  -1.7308263606802610e-01	   3.9894895946277320e-01	   5.8595176364750867e-01	   9.3260766835099917e-01	   4.1121864346449660e-01	   7.8038889304404280e-01	   3.8465388005056877e-01	   7.7567006713607556e-01	   6.4898085982697618e-01	   2.1548381039053106e-02	  -2.2285427569228322e-01	   7.2358947010026298e-01	   6.2577102092878711e-01	   2.5077591411043110e-01	   4.8011090892221900e-02	   6.3974134686099915e-01	   4.3601403289284468e-01	   3.5234178210146011e-01	   2.8356203085709636e-01	   4.3174621485476933e-01	   3.8826064888023992e-01	   2.2373348397503190e-01	   2.4122545590378749e-01	  -6.1234467978462298e-02	  -1.2812222707225873e-01	   1.0064777598749991e-01	  -1.7278215616809334e-01	  -1.8780147676249001e-01	  -1.2497055580278388e-01	  -9.5580788184411250e-02	  -1.4649457595572238e-01	   2.2401071853376819e-01	  -9.0725885427806255e-03	  -4.7298367042692205e-02	   1.1337295915467249e-01	   3.4622432080479049e-02	  -9.3975122055550316e-03	   1.9659398112533720e-02	   1.7812061769477566e-01	  -1.2258356921852467e-01	  -1.7292641698480693e-01	   8.8163475678408147e-03	  -1.0761590359804203e-01	  -3.7577893246414323e-01	  -4.4370803904151124e-01	   5.2489153229580443e-01	   2.5183238941281516e-01	   4.5984854015299975e-01	  -5.4508716204673999e-02	   2.4669601186713888e-01	   1.7604990572248039e-01	   3.3839060455121617e-01	  -5.0061939939261332e-03	   1.6895930646201998e-01	  -2.4522807424071952e-02	   2.8780883045425948e-01	   7.2745894131479069e-02	   3.6402053136899915e-01	   1.2229061482324807e-01	  -1.0003144626479700e-01	  -1.0998631645752738e-01	  -2.6168886184977619e-01	   1.4470206981521952e-02	   6.3801197564786039e-01	   4.0217566005979755e-01	   7.5526074946015687e-01	   4.7168811013579082e-01	   5.5145734937931223e-01	   5.2456843002317888e-01	   6.5429223965000416e-01	   3.9537920332903664e-01	  -1.4737334206903478e-02	   3.5907634184756720e-01	   1.1681129850312853e-01	   7.3361628108142696e-01	   1.2048825863755838e-01	  -2.6718799579008481e-02	   1.5196024267148037e-02	  -2.6196732856808666e-02	  -2.5523306613135255e-01	  -4.9623464529339183e-02	  -4.0207219748526613e-01	   2.5053153012606943e-01	  -5.5541909626654562e-01	  -1.6927175253341586e-01	  -3.3819254300226603e-03	   4.6100008267538495e-01	  -4.3421826759384352e-01	  -2.6765446391299053e-01	   1.1758283321008514e-01	   2.0634788269308324e-01	   2.7932644903815829e-01	  -6.3325654433709910e-02	  -2.5638930328962129e-02	   2.5006278679003041e-01	   2.5208593948528646e-01	   7.9592820339769249e-02	
  -9.3805484165195144e-02	   4.8026182673396345e-01	  -1.7212537403955359e-02	   0.0000000000000000e+00	  -9.8273353191275212e-02	   5.0389335326198936e-01	   1.3773677162848266e-01	   7.9052773129215015e-01	  -4.1643020892042831e-02	   5.2795059291248370e-01	  -2.5747390683158910e-02	   6.9181834936669329e-01	   7.6315920299971737e-02	   5.5815616178381033e-01	  -8.5678169270165652e-02	   3.8147513199597644e-01	   1.8811806231747766e-01	   2.7194703631676131e-01	  -7.0826822067319772e-02	   5.4943527887865318e-01	   1.9901065169868876e-01	   3.7517275784317972e-01	   9.4530808597969140e-02	   7.6958043967090328e-01	   2.5872218699511834e-01	   6.6823621408892908e-01	   2.8958936560699169e-02	   3.7279818712224666e-01	  -1.0581255096092543e-01	   1.3328554062169859e-01	   3.1519789606699805e-01	   5.4784226323149132e-01	   5.2797407170814581e-01	   6.9251860387144792e-01	   2.7817120808771778e-01	   4.7161570634998934e-01	   2.3217721496987392e-01	   3.3052909846305922e-01	   3.0404061076345090e-01	   3.2685066387407613e-01	   3.9553197249442179e-01	   2.2262464545933730e-01	   1.9305546743377758e-01	   1.3648327704596741e-01	   8.7196947999263891e-02	   1.3647231610059740e-01	   1.9476702655251338e-01	   3.1456341866680404e-01	   2.2334851665665303e-01	   9.7147538640107001e-02	   4.7319919714791087e-01	   2.7240437493073949e-01	   4.1197734014686982e-01	   3.7241815216379115e-01	   3.8563556473381111e-01	   3.0156888997036635e-01	  -2.0614612905942659e-02	   5.2087603365421856e-02	   4.2118253673941987e-02	   3.9664492850588384e-01	   1.1093961256119457e-01	   5.0681413413098297e-01	   5.1224511295018552e-02	   1.9996258568429906e-01	   2.0959459535870023e-01	   5.4216204587632122e-01	   4.8729735814503039e-01	   6.2263473480519771e-01	   1.4961281738468599e-01	   3.4651969872919325e-01	   2.1102290537255684e-02	   2.6979532342674689e-01	   2.9619570915162163e-01	   3.9481747073271178e-01	   2.8117011498662570e-01	   3.8575857419503934e-01	   2.9861531855380263e-01	   6.2971533600978002e-01	   2.2973846345718452e-01	   3.6537669890252550e-01	   3.4703622123949968e-01	   4.1462566628885200e-01	  -1.3965508078699803e-02	   5.9793627931706811e-02	   2.4048264930616747e-01	   6.4050914015825200e-01	  -7.7303173080711815e-02	   2.4494762659759967e-01	   4.3324225761662444e-01	   5.5656788359371867e-01	   5.3084959349176797e-01	   3.0883188766106567e-01	   6.3122614494215790e-01	   4.9911135590276740e-02	   7.8413961101773927e-02	  -1.4976055609371822e-02	   2.4821851704399567e-01	   3.4935048480449107e-02	   2.9791211289605479e-01	   1.8872158112748588e-01	   5.0693725267409229e-01	   1.7023999818825519e-01	   3.1519575121272636e-01	   5.6034627851907090e-02	   3.9305358773437277e-01	   1.1158016634718028e-01	   3.9829537988435748e-01	   1.8439000123612401e-01	   3.0762208758627497e-03	   9.1664719310015158e-02	   2.7066636124397980e-01	   1.3589373349241607e-01	   5.6998396888750122e-02	   3.5427945486947679e-02	   4.4466075123814258e-02	  -3.7956233974916953e-01	
   3.5868740684762557e-01	  -7.9075386519099108e-02	   6.1437642320682861e-01	  -9.8273353191275212e-02	   0.0000000000000000e+00	   2.8145424387900275e-01	   5.6950593259785598e-01	  -7.4377780423251688e-02	   5.8982008406543251e-01	   2.3741424555085142e-01	   4.8619266832109376e-01	  -1.6760329813336455e-01	   3.8834521531756161e-01	   6.0493134233190046e-03	   5.7759322749677566e-01	   2.4754388203013339e-01	  -4.3890376915141022e-01	  -4.5060762913123453e-01	   1.9163400823161658e-01	  -2.7465005365691314e-01	   3.3336377371992348e-01	   3.2008609715450653e-01	   5.8260775230831541e-01	   1.1568730891692337e-01	   4.6139387012012889e-01	   1.1817728248266487e-01	   5.8838285862483930e-01	   4.0720467422505446e-01	   3.0946608178016012e-02	  -1.9011520539196419e-01	   2.8163343151512998e-01	   2.4823408453237106e-01	   2.2985606448780341e-02	  -8.1868292771192952e-02	   4.5942240083449171e-01	   2.6812948235186407e-01	   1.8515237205096977e-01	   1.8756035377152197e-01	   2.5669873137344712e-01	   3.3138726722590267e-01	   2.1167569480782761e-02	   2.1013362422982443e-01	  -9.2856428108592681e-02	  -1.3358343352080210e-01	  -1.6392927836639412e-02	  -1.7957669949731042e-01	  -1.7937397292373494e-01	  -1.3213116429263089e-01	  -4.6347583539878258e-02	  -1.4005550037232106e-01	   1.3918331462630634e-01	  -9.7926571636797310e-03	  -4.7400077896972106e-02	   7.6772266410279084e-03	   2.5792092826366530e-02	  -1.4520332578367812e-02	  -1.6590607848084510e-01	   4.5457928331999443e-02	  -5.9372292544597756e-02	  -1.7792002192675735e-01	   1.8937821662866358e-01	  -1.2614217805432476e-01	  -1.6512474699350332e-01	  -3.8108639567787217e-01	   5.3119961357429957e-01	   2.0578645729650166e-01	   3.0593256461249674e-01	  -9.8655989597102395e-02	   9.5992652595716516e-02	   7.8010640892709829e-02	  -7.2730755683049847e-02	  -2.9261132071923013e-01	   4.6069751635725950e-02	  -9.5929013469718910e-02	   1.8696116481260294e-01	  -1.0737941381610133e-02	   1.3328434266457651e-01	  -1.0178409200157038e-01	  -2.7557579420242889e-01	  -2.3286630648220505e-01	  -2.7348023540964372e-01	  -8.9729011911538800e-02	   3.3807845213117593e-01	   1.3146857823027169e-01	   4.7071083565367366e-01	   2.4422143774523764e-01	   2.7272714937889209e-01	   2.4908333153365284e-01	   5.8297328016751671e-01	   3.1810146547308588e-01	  -1.2442511802806236e-02	   2.8005370172301414e-01	  -4.3905676475603554e-02	   5.4229249754180930e-01	   2.3862264288787197e-02	   6.5396355216997104e-02	  -9.1529256799899039e-02	  -6.6966125574552907e-02	  -3.1284200555951114e-01	  -1.0765949634732366e-01	  -5.0036886389335644e-01	   1.5081341504406542e-01	  -5.8293169932364541e-01	  -3.0149869595262113e-01	  -8.7426605295820151e-02	   4.2209090163120810e-01	  -4.6120152636881456e-01	  -3.8929206243921727e-01	   4.5875239912168374e-02	   2.1615620870403238e-01	   8.8542374342476998e-02	  -1.2198803499879160e-01	  -4.6532973699515631e-03	   1.5878689083435857e-02	   4.5415921516235379e-02	  -4.4811645723977590e-02	
  -7.8867163248581132e-02	   1.0400837665099236e-01	   6.3684773991352681e-02	   5.0389335326198936e-01	   2.8145424387900275e-01	   0.0000000000000000e+00	   7.4712543972340020e-02	   5.5786304387530949e-01	   5.2394066460977509e-02	   7.0204728653760506e-01	   4.4028152568103093e-02	   2.8888192571322657e-01	   1.4007873123879164e-01	   2.3314725754507176e-01	   1.1819725677261864e-01	   4.1804490391896720e-01	  -1.3889769474061800e-01	  -1.7281437917331713e-01	  -1.2631574003804638e-01	   1.3417884159046253e-01	   1.1101821811319679e-01	   2.2243376931673403e-01	   1.5615645895544777e-01	   3.5721482207810751e-01	   2.8996430739822676e-01	   5.2728354002301259e-01	   2.5473303868146657e-01	   4.3340910858841186e-01	  -1.6615101153826400e-01	  -3.5033455609689762e-02	   1.2421024804329511e-01	   2.4909814550120180e-01	   1.3599704407571850e-01	   2.8272521869491779e-01	   2.7058189907175240e-01	   2.9982867561763377e-01	   1.9353557732622279e-01	   2.1966865765973248e-01	   2.0393182288785711e-01	   2.4598250854985687e-01	   2.1733482654865993e-01	   1.2405681730420325e-02	  -3.0038380750916849e-01	  -3.3489705634660116e-01	  -1.9954710033975653e-01	  -2.6665065524271864e-01	  -2.7970469928764496e-01	  -2.1965343716575086e-01	  -2.5339746490084863e-01	  -2.7724460235510745e-01	  -7.7562578261940657e-02	  -2.4462266569971841e-01	  -1.2568945728537514e-01	  -1.1140972621113211e-01	  -1.2731762282444906e-01	  -1.5083749728405185e-01	  -2.9835645043669801e-01	  -4.8588501988473851e-02	  -1.4194697498896164e-01	   8.7592720978485208e-02	   5.9555301666772059e-02	   3.5879304840220783e-01	  -1.2639671012831945e-02	  -1.0370691204754656e-01	   3.2560232469543016e-01	   4.6419846625320715e-01	   2.5744478285075184e-01	   2.1196025377797034e-01	   2.8819620142514019e-01	   3.8963373359586251e-01	  -2.7225254942519372e-01	  -3.1915664810060494e-02	   1.1401999373094795e-01	   2.1141695523919940e-01	   1.1432167336082928e-01	   1.4544957974842126e-01	  -8.1781874604388058e-02	   4.5406290211982080e-02	  -1.8987942924245414e-02	  -6.7710318684571030e-02	  -1.9476142327641499e-02	  -3.2331119257663293e-04	  -2.8567587128301271e-02	  -5.9730719304132096e-02	   2.7776957170951105e-01	   3.4201578262536830e-01	  -7.1623732378911745e-02	   1.8613126270676997e-01	   4.0140795886508485e-01	   3.0475166847060609e-01	   4.6662711543926691e-02	   9.6742764642352375e-02	   2.6538294858649325e-01	   8.6579195437450907e-02	   2.7497035279898030e-01	   2.7366246253854154e-01	  -4.4025532353049205e-03	  -1.4298172980722454e-01	  -3.0652518820246633e-01	  -3.0814653202520864e-01	  -1.8471858523715878e-01	  -2.8698706995667933e-01	  -3.1098875831635181e-01	  -4.0994176582479669e-01	   9.5907441855396014e-02	   1.5480821986351628e-01	  -2.4990537806900517e-01	  -3.5610492297806601e-01	   1.4643315807626364e-01	   2.1207560533081227e-01	  -3.4081893094116023e-02	  -1.9200181243108427e-01	  -3.2614747031907737e-01	  -1.9250974964562890e-03	  -1.0632215278998788e-01	  -7.9969819433700948e-02	
   4.0809243506825910e-01	   5.3078604079075775e-02	   7.1091361710847534e-01	   1.3773677162848266e-01	   5.6950593259785598e-01	   7.4712543972340020e-02	   0.0000000000000000e+00	   2.7639276950125924e-01	   5.5782927593216969e-01	   2.2435617460212584e-01	   5.2701490232306059e-01	   8.3609277650927516e-02	   4.7089183484659969e-01	   1.4175308216834398e-01	   4.6537212042397086e-01	   2.2696449582679501e-01	  -1.5171824990846020e-01	  -2.3265417558105714e-01	   2.2454205978959957e-01	  -1.8480118147755220e-01	   3.3709087611202043e-01	   2.6670386015208358e-01	   5.4833846678263609e-01	   2.1206697582370657e-01	   3.7292198294734713e-01	   1.6290681329191370e-01	   3.3163024627634585e-01	   1.9342635140630698e-01	   1.5562053570902890e-01	   1.8205360333051965e-02	   5.0306379454340755e-01	   4.6582298675109524e-01	   4.3482284316847364e-01	   2.9172786779630372e-01	   5.5978636308925189e-01	   4.4441305242212636e-01	  -4.9685530576285802e-02	  -9.4163515091389483e-02	   1.0755056556894993e-01	   7.5431548825221545e-02	  -1.2832247764079885e-01	   2.4156634801791310e-01	  -5.3615179594923887e-02	  -1.0774473231431905e-01	   2.6257043301063661e-02	  -1.7508665340668580e-01	  -1.9726934012521330e-01	  -1.2560636647481938e-01	  -6.3994129944560871e-03	  -2.1604751669072353e-01	   2.9106794805712705e-01	   5.5073137285686306e-03	   3.7888003995976235e-02	   1.4996116374003021e-01	   1.7779029635702080e-02	  -9.7392556501868385e-02	  -6.6745073361205970e-02	  -6.1325082456256674e-03	   3.8724601083562252e-02	  -2.1874295869671873e-01	   2.2589001354632282e-01	   4.8505338641356491e-02	  -1.0295039768441913e-01	  -2.5856121503231999e-01	   6.2755598001612556e-01	   4.0249522302973340e-01	   4.8178228332009226e-01	  -1.8292687890504849e-02	   4.4100539747611869e-02	  -9.6988122890549866e-02	   1.7071735163795509e-01	   2.8686584725494974e-02	   7.5388503886387320e-02	  -4.9365797963652362e-02	   3.2841233030490824e-01	   9.6373360612216755e-02	   3.6920555421870227e-01	   1.9283809793189510e-01	  -2.5193279883792132e-02	   5.5627213669399787e-02	  -9.8835475111989451e-02	   1.1880391584731118e-01	   2.9411951064690872e-01	   2.0370197970933934e-01	   4.7328790640059182e-01	   4.0237755828285954e-01	   8.4083559747472308e-02	   1.2087618809144753e-01	   4.9876971360012262e-01	   3.0256259260638102e-01	   5.9110300366242317e-04	   1.6619617914757959e-01	   7.6255955814755194e-02	   5.6645199540164937e-01	  -2.0941581905478707e-01	  -2.2075414338931973e-01	  -2.4963409464338582e-01	  -2.4217204779502954e-01	  -2.8051061943221561e-01	  -7.6481550747434970e-02	  -2.3049355698205537e-01	   4.7366586243594255e-01	  -4.0290052229157480e-01	  -3.9213318969126693e-02	  -4.5542474008685510e-02	   2.1313848999693116e-01	  -4.0932413525159528e-01	  -2.9231877816427398e-01	  -2.2209155353139876e-01	  -3.1600314762641059e-02	   5.4977335831106235e-02	  -2.4015144296659749e-01	  -7.6065857957319918e-02	   7.0328450712191487e-02	   1.1365315430736232e-01	  -2.4795052980750457e-01	
  -3.5675881757954178e-02	   2.8438546471121035e-01	  -1.4071158357162197e-01	   7.9052773129215015e-01	  -7.4377780423251688e-02	   5.5786304387530949e-01	   2.7639276950125924e-01	   0.0000000000000000e+00	   5.0388761530762827e-02	   5.7542039922943844e-01	   1.0121402869213991e-01	   6.3806142626333007e-01	   3.1524739838503907e-01	   6.0049456017236458e-01	  -1.4107493569700444e-01	   1.8539263672169060e-01	   1.8120388747326829e-01	   1.1503325700449574e-01	  -2.0678867903516651e-01	   2.5561936708868194e-01	   5.9599207020739203e-02	   2.1270656364090451e-02	  -1.1198866483442840e-01	   4.2098018368919965e-01	  -2.9286736770002271e-02	   3.8834034461877953e-01	  -1.7729494990818317e-01	   6.3904401850176609e-02	  -9.9857942849438525e-02	   1.2893640482047361e-01	   5.3845223496547689e-02	   2.7640801906196732e-01	   3.6515563070052737e-01	   5.4059778287225935e-01	   1.9520207356172681e-01	   3.5417231290012385e-01	   1.6515729044818017e-02	   4.6900352926036892e-02	   1.3411536616298492e-01	   4.2978345258889092e-02	   1.5373145913509745e-01	   2.5718997451742291e-03	   1.0837304997195188e-01	   8.4378080083950119e-02	  -3.7121637915229516e-02	   2.6200610902062486e-02	   7.9595695308702627e-02	   1.8866688645290777e-01	   1.1791792437120566e-01	  -2.0394119351497202e-02	   3.3917412551058057e-01	   1.5348216751938848e-01	   2.9780040608803676e-01	   2.8773555673881451e-01	   1.9896947497390000e-01	   1.1967635567078902e-01	  -1.6683742033307652e-01	  -1.9942390643656155e-01	   1.3605883586552256e-01	   3.4088222392545919e-01	   3.1953850046381505e-01	   6.8642151416699626e-01	   1.7166679837905047e-01	   1.2086187387888554e-01	   3.8410425083714184e-01	   7.2053275393266902e-01	   3.7803104056163001e-01	   4.5316114929397688e-01	   7.8691360390071283e-02	   1.5333322825713899e-01	  -1.7482919936989832e-01	   1.5727852851730917e-01	   9.9091494157170390e-02	   2.0053389239042022e-01	   1.7256811796030330e-01	   1.9911357728176454e-01	   2.1877199092769023e-01	   4.4399944612150899e-01	   1.2671062747142714e-01	   2.2166912356717991e-01	   2.0371732583870988e-01	   2.2407507595830611e-01	  -1.5165770842920898e-01	  -7.3009263890276399e-02	   7.9411771436734738e-02	   4.3361473621557717e-01	  -3.3802015463085550e-01	  -4.4540547678395374e-02	   3.0147176201833509e-01	   3.9546254466720732e-01	   3.6879314479044567e-01	   1.8596176008350951e-01	   5.4549313031086488e-01	   5.6632182668114713e-02	  -1.3316017253711477e-03	   5.4386948374384167e-02	   1.9560918339532225e-02	  -1.2649451868136236e-01	   5.4137474845110209e-02	   6.4117889937810396e-02	   4.7126667189991311e-01	   2.9626135000863024e-01	   2.0709058983021805e-01	   1.0057491169996827e-01	   2.0348934635954397e-01	   1.6687131923809731e-02	   2.2666968488043210e-01	   9.6290572557494430e-02	  -3.2033631797257191e-02	   6.0527591506977181e-02	   5.1719596195514084e-02	  -4.5748730890542474e-02	   1.0639808429263242e-02	  -2.4896235599353948e-02	   2.9024611873565975e-02	  -5.0075312110747894e-01	
   5.9089285865917185e-01	   1.5349414218668722e-01	   5.5639175220442039e-01	  -4.1643020892042831e-02	   5.8982008406543251e-01	   5.2394066460977509e-02	   5.5782927593216969e-01	   5.0388761530762827e-02	   0.0000000000000000e+00	   4.7641229930911277e-01	   6.5974286773206514e-01	   1.6562189827571455e-01	   6.1351490945143483e-01	   2.3761057345715220e-01	   7.2022552658212280e-01	   4.0847136555245062e-01	  -3.3281372770539225e-01	  -3.6359399813625048e-01	   8.4853715781536623e-02	  -2.6179850753595263e-01	   6.5727725359083611e-02	   4.7436313710871564e-02	   5.9475254693212021e-01	   2.8734663449865927e-01	   1.8653423459233340e-01	  -1.1957452624591836e-01	   4.6822109638986342e-01	   3.7649151950424886e-01	  -2.1276741339263361e-01	  -2.5888996309868773e-01	   7.0897502481485325e-02	   1.0138109518483882e-01	  -6.2721190317516870e-02	  -1.4833314461737804e-01	   4.5821107932473537e-01	   2.7114828910287858e-01	   8.9887051836185394e-02	   3.1923170651630584e-02	   1.8932338546955982e-01	   8.1344868977639997e-02	   7.5431367814109376e-02	  -2.8792411150700255e-02	   1.0537075155888950e-01	   5.6405808756583756e-02	   1.4056732164988614e-01	  -4.4630428212523152e-02	   1.1600493751696393e-02	   8.7697210598926476e-02	   1.4133007974828421e-01	   6.5987273323755216e-02	   3.5769437083248384e-01	   2.2884546687846236e-01	   2.6692086481385102e-01	   3.6724911556258510e-01	   1.3909380573798730e-01	   1.5283251557942745e-01	   8.1290753073445160e-02	   4.3041879627923857e-02	   2.4259613084973947e-01	   7.0494296730024247e-02	   3.4738750234402827e-01	   9.3772194345468171e-02	  -1.4039870906879998e-01	  -3.2689526448745831e-01	   6.5274573610153963e-01	   3.3239281424961686e-01	   2.9536646385963244e-01	  -7.3474972751130962e-02	   1.8385679695908985e-01	   4.1943074967551855e-02	  -1.4692370680806621e-01	  -3.1930395579578319e-01	  -1.7391112438484646e-01	  -2.4408899285116603e-01	   7.0447572118543869e-03	  -1.8670948869955106e-01	   1.4714103168641071e-01	  -1.0372689402366769e-01	  -2.6856314079151522e-01	  -2.3195359944769939e-01	  -3.0883009815141599e-01	  -1.9849263698183305e-02	   2.9386303463957530e-01	   1.4724773562457927e-01	   5.0913792130170177e-01	   3.1600585998882325e-01	   2.7649629597417802e-01	   2.4000345040973248e-01	   5.5687902912481779e-01	   3.7233391774065705e-01	   1.9645010818664363e-01	   4.1557836797509945e-01	   1.9661649216824281e-01	   5.8994864555425364e-01	  -3.8406153069637711e-02	  -6.0985143014703246e-03	  -1.0393240391733564e-01	  -2.7785003792169700e-02	  -6.2064830555754152e-02	   1.8704594091191751e-01	  -1.8746203043725679e-01	   2.9599974067457163e-01	  -2.8155460195685322e-01	   5.2422162196602715e-02	   1.1939263957250602e-01	   5.0342213934413693e-01	  -2.7119025271043889e-01	  -1.2533830494936754e-01	  -2.0242610768026265e-02	   8.9268859726352845e-02	   2.5675893375856063e-02	  -7.6096938102360817e-02	   1.8441349203297142e-01	   2.6727629368487932e-01	   3.3548629169264377e-01	  -8.2719073186067874e-02	
   1.3750641655116252e-01	   1.7740757955904357e-01	   2.0622565026596268e-01	   5.2795059291248370e-01	   2.3741424555085142e-01	   7.0204728653760506e-01	   2.2435617460212584e-01	   5.7542039922943844e-01	   4.7641229930911277e-01	   0.0000000000000000e+00	   2.2441732287318861e-01	   4.7957257596239117e-01	   2.9851914916813455e-01	   4.1675380077007068e-01	   3.3209797302407601e-01	   6.7601399580218258e-01	  -1.5829140725216057e-01	  -2.0184467822189528e-01	  -8.6442174250333653e-02	   8.3722664391845156e-02	   5.9319924585689049e-02	   1.6152780624611338e-01	   3.3152434928842456e-01	   5.8756662944803928e-01	   2.1954287716959175e-01	   3.2555299607668642e-01	   3.2128101822539912e-01	   4.7733859053067867e-01	  -2.6330968897527135e-01	  -8.2595111293285617e-02	   3.6963679714394376e-02	   2.5435895682336862e-01	   2.5286336717561302e-02	   1.4567609104405776e-01	   2.9331169512506883e-01	   2.7974669398120033e-01	   2.4816183264988781e-01	   2.5531401041830004e-01	   2.4124027449220270e-01	   2.5013637621275203e-01	   2.5463650775237168e-01	  -1.1300206704057746e-01	  -1.0982460445551176e-01	  -1.7810101430632627e-01	  -5.2994920717754510e-02	  -1.7916612615035177e-01	  -4.6891505299265612e-02	   2.7164460973738161e-02	  -3.0206370501102336e-02	  -1.2536443146507428e-01	   2.2155776776931099e-01	   2.1189301859131485e-02	   1.9812058916168609e-01	   2.3851185783923312e-01	   1.1626654953826039e-01	   8.1929914694017364e-02	  -2.0384090021741397e-01	  -1.1369058234969713e-01	   1.1117876105006815e-01	   2.2932368661797495e-01	   2.3840720382096464e-01	   3.8486507679660237e-01	  -1.2801450603027946e-02	  -1.8982215656078341e-01	   4.3015411809663173e-01	   5.2276876697614139e-01	   4.0691857922746710e-01	   2.7500732659743743e-01	   2.2221276991874653e-01	   3.7644616020228994e-01	  -1.4282440279746703e-01	  -5.3467107982977796e-02	  -6.5932978332522620e-03	   7.0127346379535355e-02	  -1.2090116102042515e-02	  -7.7483809153915936e-02	   4.9636858445826409e-02	   4.4473187432351055e-02	  -6.2384434937718503e-02	  -4.6465851595400898e-02	  -6.1555427421283490e-02	   8.9979870873798301e-02	   1.8080477952550417e-01	   1.2881788819517484e-01	   4.0704620244610201e-01	   4.8737431760634631e-01	   1.0421408095533254e-01	   3.0087377244343544e-01	   5.3588234718816785e-01	   4.7028179210753085e-01	   3.3987091596267383e-01	   3.9652004901590104e-01	   5.6153904165330593e-01	   3.5201481184420735e-01	   2.5092337791328390e-01	   2.9461867173064915e-01	   6.1450374726392913e-02	  -2.9588038794696046e-02	  -6.8362298378399564e-02	   1.8037016152664370e-02	   1.0854984097150147e-02	   5.0992159140975421e-02	  -1.9547323881773737e-01	  -8.6048575594132592e-02	   2.4600380235131608e-01	   3.6521588702905833e-01	  -3.5382800775953911e-02	  -3.8383726938754133e-03	   1.6880575775043549e-01	   2.2548471655269203e-01	   4.6168913090932670e-02	  -8.7957251415441029e-02	  -7.3300858950747810e-02	   1.5318540608028861e-01	   1.9641701878583395e-01	  -1.8823284972989535e-01	
   7.0968773271963326e-01	   3.8501820428326389e-01	   5.7269440416526984e-01	  -2.5747390683158910e-02	   4.8619266832109376e-01	   4.4028152568103093e-02	   5.2701490232306059e-01	   1.0121402869213991e-01	   6.5974286773206514e-01	   2.2441732287318861e-01	   0.0000000000000000e+00	   4.0921247010084172e-01	   8.8889606120982090e-01	   5.7041315923871161e-01	   8.3468067805840529e-01	   4.2908810143509152e-01	  -2.5680005651571253e-01	  -2.3674221453972671e-01	   3.5973698502507956e-01	  -3.3358413904113537e-02	  -1.3801874088973414e-02	   1.3443997967724794e-01	   5.5053109619359875e-01	   2.4065200349225557e-01	   2.5850880587011593e-01	  -3.5665980502327665e-02	   4.4534199854838341e-01	   3.5855102416646972e-01	  -1.6218803798206408e-02	  -1.1664316255627818e-01	   2.1117746208019697e-01	   1.5840500977440775e-01	   6.4939096936179858e-02	  -3.2141841461959059e-02	   2.2457352595301239e-01	   2.2852727365856609e-02	   1.3071563029068975e-01	   1.6103414804152083e-01	   2.9659946934716641e-01	   2.0108428171973991e-01	   4.7376518143433563e-02	   8.8430986764845357e-03	   7.5564579087942604e-02	   3.2984221941967054e-02	  -1.3164993919504137e-01	  -2.1619436056508184e-01	  -1.3430413224472974e-02	   7.3276928462758947e-02	  -2.1564763544054476e-02	  -1.0006490652524633e-02	   2.4193677921153833e-01	   1.3645566495628519e-01	   1.6343211657748380e-01	   2.6470959164089047e-01	   1.3649086467197419e-01	   9.8973913423932428e-02	   1.0107211718282369e-01	   2.2189167668491691e-01	  -9.1755811250567015e-03	   1.3091269417228218e-01	   3.7706174031007100e-01	   3.2861815443115044e-01	  -9.7323820284088522e-02	  -1.3126862796225428e-01	   5.6813867800388240e-01	   2.7817164444849335e-01	   6.5383944930794774e-02	  -2.0329361182092667e-01	   3.9894159859040135e-01	   1.6807431633611994e-01	  -1.5535222555173656e-03	  -2.4317626459514313e-01	  -1.4011609456578228e-01	  -2.5563838663471161e-01	   1.1336797177775325e-01	  -1.1307718239158314e-01	   1.0214362479445914e-01	  -3.6681601394925441e-02	  -4.5366796565758608e-02	  -2.4821350846601288e-02	  -5.5716583650118584e-02	   1.5913433422980888e-01	   4.8023397335383566e-01	   3.1738394462520159e-01	   3.8834945364697449e-01	   2.0270968669317041e-01	   2.2823307817834687e-01	   1.4622451368622719e-01	   5.4358023584711002e-01	   4.4156210309697619e-01	   2.0855849193978426e-02	   3.1731143848282983e-01	   7.4814428363793969e-02	   5.4244025124285844e-01	   2.2402106486598541e-02	  -3.3485227869871993e-02	   6.3414863062516785e-02	  -2.3280240380682904e-03	  -1.2782199135302788e-01	   6.5982990820886864e-02	  -1.2990145533860661e-01	   3.8016323554351217e-01	  -2.2450642553869687e-01	   2.2680922936008381e-02	  -2.4765563539863811e-02	   2.1313052296278556e-01	  -2.1084929052974921e-01	  -1.7406926254110336e-01	   1.1521927238557134e-02	   6.4508689751295312e-02	   1.1336053792116195e-01	   3.5964739889931444e-02	   1.7737305113049079e-01	   3.8423584181270598e-01	   3.4818259982359473e-01	  -1.9364340006937947e-01	
   3.1689723090183047e-01	   6.7031850662186465e-01	   9.8444873724265525e-02	   6.9181834936669329e-01	  -1.6760329813336455e-01	   2.8888192571322657e-01	   8.3609277650927516e-02	   6.3806142626333007e-01	   1.6562189827571455e-01	   4.7957257596239117e-01	   4.0921247010084172e-01	   0.0000000000000000e+00	   4.1953404195109745e-01	   8.2504589441875897e-01	   2.6371276317015474e-01	   6.0617695568385421e-01	   8.2264246204695635e-02	   1.6264367250022560e-01	   8.2007021448644413e-02	   4.8980610719248480e-01	   5.4749068350560613e-02	   2.8252509493407651e-01	   2.0821376183061380e-01	   6.8947223727573148e-01	   2.0993260928686969e-01	   4.4957636184929123e-01	   1.2360464331858112e-01	   3.9469584863272583e-01	  -6.8489667267547572e-02	   1.4620826694638331e-01	   2.4097616720969445e-01	   4.1409885031948923e-01	   2.7626203912617553e-01	   3.9529210549018845e-01	   1.5707359733059961e-01	   2.6098959845732916e-01	   2.8628568668400534e-01	   3.6885198389229568e-01	   4.1615622428910848e-01	   3.1583066913423652e-01	   4.8291759553517366e-01	   1.9054906593523539e-02	   2.5158956342412814e-01	   1.9837772911141871e-01	   4.5630591197223628e-04	   4.4409766090027218e-02	   2.4069181432301789e-01	   3.7247587388218595e-01	   1.7906749647346343e-01	   1.4403481936532539e-01	   4.0972968436233959e-01	   2.6274769205079129e-01	   4.0319674608209249e-01	   4.1161198647343072e-01	   3.5856973313221630e-01	   3.2439842166769323e-01	   1.0349250769177915e-01	   8.7711741946794625e-02	   1.1239936533189632e-01	   5.1085092912080277e-01	   2.5037835086706972e-01	   6.9431267919820350e-01	   4.3731444733418341e-02	   1.3606344310559257e-01	   3.1428592479363837e-01	   5.3831864836425392e-01	   2.7679819298033059e-01	   3.3583002007733714e-01	   3.3573321908667964e-01	   3.6037828632277880e-01	   8.5923897107160280e-02	   1.5122650617663067e-01	   1.4178001069260110e-01	   1.7267367136007550e-01	   1.2075158379306494e-01	   1.7352506849332033e-01	   2.1905955379314382e-01	   4.5997257150549542e-01	   9.5358561257281468e-02	   2.0664733004774322e-01	   2.3240409735272402e-01	   3.3836573301034822e-01	   2.4728834602246963e-01	   2.9462672222320063e-01	   2.8595988178684806e-01	   5.2246592713506557e-01	   8.6619681227912429e-02	   2.9443520921988675e-01	   4.2716329903083550e-01	   6.1295156171468079e-01	   4.2661367125968197e-01	   4.1412915861293642e-01	   5.7638952134639987e-01	   2.1164284486117818e-01	   1.2801044429947692e-01	   6.5733558638337047e-02	   3.1646344376320468e-01	   8.1440497499001591e-02	   2.8034685509242274e-01	   2.5546806543870748e-01	   5.5442794081358016e-01	   3.3011017561204903e-01	   2.8719331970669770e-01	   1.8167799928042011e-01	   2.4714296159865329e-01	   1.0548154108829681e-01	   4.0156937116343577e-01	   2.6846119976488642e-01	   1.3438371746778582e-01	   7.5429159225148729e-02	   2.4276426250707930e-01	   2.5310390080435452e-01	   2.0053448279498975e-01	   1.6114193971467319e-01	   2.6256419895520222e-01	  -3.3740016693896790e-01	
   6.2091850639798174e-01	   3.5195765851162308e-01	   3.3684714128071647e-01	   7.6315920299971737e-02	   3.8834521531756161e-01	   1.4007873123879164e-01	   4.7089183484659969e-01	   3.1524739838503907e-01	   6.1351490945143483e-01	   2.9851914916813455e-01	   8.8889606120982090e-01	   4.1953404195109745e-01	   0.0000000000000000e+00	   6.8461193951863841e-01	   6.7242900376072279e-01	   3.4347268485850257e-01	  -2.4895819780991688e-01	  -2.7438545997938130e-01	   9.1373660929031070e-02	  -1.2666516328839134e-01	  -5.0045433539844017e-02	  -1.2685114526861344e-02	   3.1085278526730609e-01	   1.7004301497041890e-01	   7.0838752002890693e-02	  -6.5613254566978668e-02	   2.8512240762633662e-01	   2.2573760360992573e-01	  -1.5643226971123245e-01	  -1.5221643609565047e-01	   2.8858884866170026e-02	   1.9936327867871313e-02	  -5.2130829903276952e-04	  -7.0205147635834894e-02	   1.8790768926232948e-01	  -4.6710023373025076e-03	  -4.0604259209186699e-02	  -1.4019794206011063e-03	   1.1291577031724535e-01	   3.6285315787152106e-02	  -5.0379395350118969e-02	  -1.3956228857708114e-01	   4.2047055892709323e-02	   6.9421836068479948e-03	  -1.9487479339925962e-01	  -2.4145571370941249e-01	  -8.0222039044683363e-02	   2.0811929230363239e-02	  -3.6765136261215074e-02	  -4.4009203776590268e-02	   2.0013113895443557e-01	   1.0531757790099475e-01	   1.4981636307447807e-01	   2.1203066893881956e-01	   7.2857999252231548e-02	   2.8948012338599460e-02	   3.8095031117422899e-02	   1.2259728716993722e-01	  -4.1305120299247929e-03	   1.3306301582220123e-01	   4.8942394770771785e-01	   4.5635653309372193e-01	  -4.1341433431639832e-03	  -1.2698008048105833e-01	   5.9781758320454803e-01	   3.7360942735005120e-01	  -5.7401837574853981e-02	  -2.6276863143278395e-01	   3.4261979009903154e-01	   7.9214126289620782e-02	  -2.1363916677697731e-01	  -3.3936369098338082e-01	  -2.4958176026448906e-01	  -3.3138759776929744e-01	   2.4776662545590231e-02	  -1.7223653404689462e-01	  -2.1855557507287512e-02	  -1.2624595017113466e-01	  -1.5613846793400366e-01	  -8.1067199978853588e-02	  -5.6951817224931610e-02	   1.3851981182486173e-01	   2.4682138693498201e-01	   1.1191683656418701e-01	   1.9166379897940705e-01	   1.5760537167198582e-01	  -7.4044965060120926e-02	  -8.5782245207830704e-02	   4.2071674658148511e-01	   3.7705407547744402e-01	   1.2556168223294308e-02	   1.6270221997808010e-01	   7.3801206404637359e-02	   3.3900413305442223e-01	  -5.1634336648426815e-02	  -6.1976250605604542e-03	  -6.6637692001826218e-02	  -1.0172347294385178e-01	  -1.6312454287063544e-01	  -3.8838969091251055e-03	  -5.8026509592110045e-02	   3.2707277571793147e-01	  -1.6695429700616296e-01	  -2.0237105238032430e-05	  -6.6124301073772207e-04	   1.3052610523028507e-01	  -1.9004252319490719e-01	  -2.0346320096523127e-01	  -1.2564100593407651e-01	  -2.0083126279548478e-02	  -4.2910870006211257e-02	  -1.1101389101534696e-01	   6.7146430012110875e-02	   2.4860548131280519e-01	   2.0094980962018211e-01	  -2.7318471246669968e-01	
