   0.0000000000000000e+00	   7.2984533627006387e-01	   1.9803869698612525e-01	  -2.0440494803202106e-01	   1.7171214374095251e-01	   4.7148738432015468e-02	   2.0285143449437670e-01	   9.2819084953478959e-02	   2.2340630147670204e-01	   1.3129152537148914e-01	   5.5770228783504550e-01	   4.3191792858364819e-01	   4.2827404753640680e-01	   4.1897458820738598e-01	   4.5982938846518939e-01	   5.0757686815535863e-01	   5.4930283826178916e-01	   6.3295798909750056e-01	   5.5115625282236824e-01	   4.8170617451274755e-01	  -1.2286470599959971e-01	  -8.8389411078235516e-02	   1.8891808522905829e-01	   1.4541463597854014e-02	  -2.8442163375666824e-02	  -2.1857370734475060e-01	  -5.7493913918900734e-02	  -1.9150588688845271e-01	   4.8021320011448970e-01	   5.0551853123251322e-01	  -1.2849181735660999e-02	  -1.5536216497439628e-01	   5.1222127543372487e-01	   4.6264915785178645e-01	   1.6041030236531258e-02	  -2.1234919655671253e-03	  -7.6425254560669773e-02	   1.3626618923436105e-02	   7.0055541900214985e-02	   1.9217631762096343e-01	   6.6011034028149784e-02	   4.1567923735922180e-01	   3.0039243695564743e-01	   2.6904772875786609e-01	   4.9349542280056458e-01	   5.0951180036138877e-01	   4.6736985028447298e-01	   4.3342094666362291e-01	   4.6480775244242423e-01	   4.2644341348080100e-01	   4.0469013627230743e-01	   3.9041159095447076e-01	   4.6985210662124588e-01	   3.2680309041442046e-01	   4.8613858627707141e-01	   4.5270906403180389e-01	   7.1195356556559286e-01	   6.5085475551210570e-01	   4.6895168951246929e-01	   1.9023873284994183e-01	   3.9426500277323373e-01	   1.2854078903306260e-01	   5.9692936449127310e-01	   6.2150020837686848e-01	   2.8803915356867604e-01	  -2.0908001377682234e-01	   7.5751283589373525e-02	  -3.2306111266459187e-02	   3.1765338527037978e-01	  -1.4251209514794760e-02	  -6.6777692146902351e-02	  -1.5990216367034235e-01	   2.0573364039197173e-01	   3.5464384935851501e-01	   2.7665242953368052e-01	   2.9379254791724341e-01	   1.7277672002085021e-01	   9.2147122440413759e-02	   4.4348931672229158e-01	   5.8585692088734698e-01	   4.5614481108677007e-01	   5.2419012498961592e-01	   2.9690264577547837e-01	   4.5691650692328656e-01	   4.2562067658824559e-01	   1.9532478719554747e-01	   2.7152959242851310e-01	   6.0832752920596464e-02	   1.9731198746618436e-01	   2.3142841447534970e-01	   2.4072917519940884e-01	   1.1832648647165997e-01	  -2.3868807621872953e-01	   3.5944867406495967e-02	  -1.8307615224683430e-01	  -6.5858642656581229e-02	   2.7578867684588626e-01	   4.4563727501828021e-01	   4.7975409568393695e-01	   4.6522904389189534e-01	  -2.1465127588005170e-01	   1.2125530344991392e-01	   5.6998686543013911e-02	   1.7853108903920162e-01	  -2.3519034355850457e-01	  -2.5100106935888955e-01	  -2.7770900131197285e-01	   9.2142119914083595e-02	  -1.2646657393400917e-01	   1.8115698446110454e-01	   2.2274009735424125e-01	   3.8303858991820161e-01	   3.8948619632468862e-01	   1.1644543891432321e-01	  -1.1756385061714442e-01	   2.9213590488134245e-01	
   7.2984533627006387e-01	   0.0000000000000000e+00	   1.3821929310488956e-01	  -5.5521860431330200e-02	   9.5199377710368807e-02	  -1.9194022965987902e-02	   7.9648633119452972e-02	   8.6725854969087884e-02	   1.5801252747232658e-01	  -5.8412203436931766e-03	   2.2720959906169380e-01	   3.9813031894516610e-01	   1.7170321537337274e-01	   2.7615279026482697e-01	   3.4918828837706722e-01	   3.7847639005557399e-01	   5.2378293578974078e-01	   7.6231017583359484e-01	   4.9065763510410160e-01	   5.8585428314228682e-01	   1.4776804995790543e-01	   1.6804109472047757e-01	   4.1826088786620252e-02	   1.8477936547562059e-02	  -7.5874434249769057e-02	  -2.4730020680745668e-01	  -6.3589263193826767e-02	  -1.1984071356398854e-01	   5.5297485123406676e-01	   5.2545017747838851e-01	   5.4854039117118031e-02	  -1.3523390278091640e-02	   4.4801269088535012e-01	   4.7283974175523469e-01	  -4.2149467228818592e-02	  -1.0507131607572978e-01	  -5.3522953258494703e-02	  -1.4084357152834272e-02	   1.1909506317879952e-01	   2.9596849601716863e-01	   1.5386802458643745e-01	   2.4489134994903883e-01	   3.3515036308190160e-01	   3.6945548119582572e-01	   3.1672198224274084e-01	   3.7682425008609921e-01	   4.2678784357435162e-01	   3.8776248842766020e-01	   2.6337291945484664e-01	   2.4549044245692425e-01	   3.3991692918631666e-01	   2.5274061980026885e-01	   3.6462197364814003e-01	   2.7195443799179664e-01	   3.0325517430281668e-01	   3.8615253620672491e-01	   8.1856923005250604e-01	   8.5390072193996458e-01	   2.9580556961217658e-01	   7.0544980301307847e-02	   9.8432435837544949e-02	   5.8968527570864335e-02	   4.3933992790103849e-01	   5.9567642246131602e-01	   1.4521569211339053e-01	  -7.1399550535162698e-02	  -1.3072033529805693e-01	  -1.6006343073453524e-01	   3.5341628884564422e-02	  -2.5071056023981703e-01	   1.1366954933418138e-02	  -1.5142133595830359e-01	   2.2405140400992973e-01	   3.7761236313986724e-01	   3.0049637490517589e-01	   3.2278765100092716e-01	   2.2811961552991206e-01	   1.7387807097805466e-01	   3.7405898939936688e-01	   5.8888704189472052e-01	   4.2763312311705365e-01	   5.7017992468304102e-01	   3.6848316183310570e-01	   4.4317309844887670e-01	   2.1492069122172675e-01	   1.0772897179317301e-01	   2.2652531527518505e-01	  -9.4299855102639704e-02	  -1.3380882745775161e-01	   4.6563927617070067e-02	  -1.1496248114817666e-01	  -1.9073987465458941e-01	  -3.8680674775452722e-01	  -2.5054181543077142e-01	  -1.0540488107909411e-01	  -5.8918504842847864e-02	   2.7232551389447740e-01	   3.5228144751003371e-01	   2.7204300989467339e-01	   2.3425653379749409e-01	  -3.2139283136145935e-01	  -1.7649175928343205e-01	  -1.4743606770866592e-02	  -1.1121472298561111e-01	  -3.7208071910246165e-01	  -4.2909076826833975e-01	  -4.7508563290845451e-01	  -1.0874564524262012e-01	   1.8566419597701882e-02	   1.7022831934060006e-01	   1.7423029022801900e-01	   2.0843918935612621e-01	   1.0300880334092385e-01	  -2.9244390813764353e-02	  -3.0519912515594629e-03	   3.3551320545743302e-01	
   1.9803869698612525e-01	   1.3821929310488956e-01	   0.0000000000000000e+00	   1.6990294477535073e-01	   5.0631938027087930e-01	   1.9360287367545287e-01	   6.2888532780773088e-01	   1.1445276118768505e-01	   3.9326719712801156e-01	   1.7214064438191576e-01	   4.2379231774048859e-01	   3.2181506289704626e-01	   3.4368882241375431e-01	   2.2124202931759673e-01	   4.7450070775130176e-01	   2.5089904558561127e-01	  -1.5356531283624614e-01	  -2.0565547718936081e-02	   7.9622576993963523e-02	  -1.6691732409545323e-01	  -8.0409436446423052e-02	  -1.4575063596961751e-01	   7.1079489422097653e-01	   2.2688801924597066e-01	   7.2464717484370211e-01	   4.8404822945965431e-01	   5.5062636619172101e-01	   3.8376607308362720e-01	  -1.0834788549934263e-01	  -6.0386533265533456e-02	   4.7500135064627552e-01	   3.0450862921842825e-01	   2.7018025653566539e-02	   4.4956719538695060e-02	   4.9383615660921720e-01	   3.3107692840101799e-01	   2.0241997307518347e-01	   2.3096944372479189e-01	   4.6462841558297335e-01	   1.9011879123598699e-01	   2.7949566927888882e-02	   1.4573180961518303e-01	   2.7574776305987309e-01	   2.7348305709865761e-01	   1.9656147535351592e-01	   2.4067716728245395e-01	   1.2389753659884345e-01	   2.1813010088722518e-01	   3.3862005965095465e-01	   3.4420076641610442e-01	   2.5076469179276872e-01	   2.5594110378641827e-01	   7.0306100847518316e-02	   1.4013905620458422e-01	   1.6212199275587291e-01	   1.0595911077666692e-01	  -5.0781029365415391e-02	   2.7255747385890206e-02	   2.8164623055461302e-01	   1.2020048846462283e-01	   2.5254084390450859e-01	   7.0946675643599660e-02	  -2.2500459304853410e-01	  -1.7133463341146879e-01	   6.9636021735451559e-01	   4.7260876955375702e-01	   4.3011145341794810e-01	   2.6906856169285659e-01	   2.2721071901892248e-01	   1.8449782937794068e-01	   2.1502393066109171e-01	  -3.6198377141603927e-02	   9.6706074143670107e-02	  -2.4627467540576486e-02	   7.2739670871039205e-02	   4.1953427565547159e-02	   1.7654050950259340e-01	   6.0177453891118976e-02	  -2.0895184383423346e-02	   1.3221816591364779e-01	  -4.7785743903622765e-02	   2.2811977584969115e-01	   6.3150332361644093e-02	   1.3499958240777804e-01	   6.4891231594113030e-01	   5.1231495432620222e-01	   2.9120648234955154e-01	   4.3244560642489505e-01	   5.2066706102254401e-01	   3.6917445709638608e-01	   3.8672545083238447e-01	   5.4595694620790136e-01	   4.0732779121092472e-01	   6.2263230709616069e-01	   1.0696874820520619e-01	   9.4725926855001336e-02	   2.6197706505037954e-01	   2.6833393965544761e-01	   9.9555699677475032e-02	   2.7223520971476151e-01	   3.7389344319365148e-01	   5.0632184741400954e-01	   2.0983148545414287e-01	   3.1378157275161533e-01	   3.7158969546918785e-01	   4.6351813080514304e-01	   3.0672767392220690e-01	   5.2370129162501522e-01	  -1.9485951861810247e-01	   2.5282809045464938e-01	   4.1162159882104510e-01	   4.3156726592483707e-01	   5.0007786860694314e-01	   4.9303679447336990e-01	   4.0908194491340677e-01	   2.7829521011393132e-01	
  -2.0440494803202106e-01	  -5.5521860431330200e-02	   1.6990294477535073e-01	   0.0000000000000000e+00	   2.9919521624495499e-01	   5.8202469893454467e-01	   4.6427096992893324e-01	   7.3561772709556317e-01	   1.4250459146630476e-01	   1.9412738442545963e-01	  -2.5643638994867218e-01	   5.6875893588588133e-02	  -1.5057055824252830e-01	   1.7423983849874061e-03	  -2.5536914116529436e-01	  -1.0137597055999842e-01	  -1.2751051448723549e-01	  -2.7751990141562134e-02	   1.7150574009071068e-01	   1.6464722638960105e-01	   1.4314740756238389e-01	   1.3507308543508348e-01	   2.0859710204511950e-01	   5.7052734578311459e-01	   1.1283642774431893e-01	   4.4253552877204133e-01	  -3.9625757980634363e-02	   1.3818791042497644e-01	   6.1026295246381715e-03	   6.4944638468789451e-02	   4.8059859925986392e-01	   7.3806477005627213e-01	   1.2961753627434555e-01	   3.4217902089738217e-01	   3.2134160608636708e-01	   4.1236281898988636e-01	  -2.5857649738419145e-02	   9.1526953543550782e-02	   3.9168263023033716e-02	   9.7599615660593816e-02	   1.7377549531003046e-02	  -2.0721785056778230e-01	   1.2006199679755125e-01	   1.8610407158707171e-01	  -5.2428798715911315e-02	   1.9099759867901241e-02	  -8.5353793656009272e-03	   5.6307254449728103e-02	  -1.1466825953385433e-01	  -7.8174876288685941e-03	  -7.4462048236589529e-02	  -2.4500589599793440e-02	  -3.1890333543525989e-01	  -1.2365363517776472e-01	  -2.4417865067889255e-01	  -1.8835831029613156e-01	  -1.6315106213133407e-01	  -2.1938038435353568e-01	   8.0342990155746946e-02	   2.3901448007240711e-01	  -2.7120977089949649e-02	   2.4006775105386025e-01	  -1.9416880503039724e-01	  -2.1936756601583979e-01	   1.2153761444441798e-01	   6.7119121073408605e-01	   2.1287302834688243e-01	   4.4196037678136391e-01	  -2.1284251385469302e-01	  -5.4665283137379304e-02	   1.4988048377151350e-01	   2.5489985774626528e-01	   2.1994497228917592e-01	   6.3404673598244907e-02	   1.6146699161219905e-01	   1.7430721285971984e-01	   4.3562397223938099e-01	   4.9621839687716085e-01	   1.4826148190632145e-02	   1.2721258212904635e-01	  -5.7332292730901693e-02	  -6.5753195472236486e-02	  -2.0548996699991035e-01	  -4.2337583455582833e-02	  -1.8623031512225971e-01	   1.5348912990719565e-01	  -2.7897953052673086e-01	  -5.1811224523359178e-02	  -1.5350234106011648e-01	   2.2021987425975232e-03	   8.5450953356532994e-03	   4.4331589307092092e-02	   5.1139933199836474e-01	   1.0163878670981458e-01	   5.0267331827176992e-02	   1.6371714823665429e-01	  -4.4358934527856518e-02	  -1.2862114943548369e-01	  -1.4548936067834448e-01	  -1.4447075573848006e-01	   4.0987416088233236e-01	   1.0491336503963083e-01	   1.8039958745561030e-01	  -1.7359190347757188e-02	   1.8311247696006752e-01	   1.1040042543730581e-02	   5.3030471230280929e-02	  -4.1694717823168796e-02	  -1.5316821643761497e-02	   3.0252970643576890e-02	   1.3816679375949303e-01	  -6.3112683069885434e-02	   1.1429639080227599e-01	   1.0762708383794992e-01	   2.2565729758553327e-01	  -2.9415836091466752e-02	
   1.7171214374095251e-01	   9.5199377710368807e-02	   5.0631938027087930e-01	   2.9919521624495499e-01	   0.0000000000000000e+00	   4.9585012148714314e-01	   7.3768775440401846e-01	   3.2026196687804487e-01	   5.5466427654743700e-01	   5.9917977426502657e-02	   3.8911480035190199e-01	   1.7893858841630783e-01	   2.3734941951841326e-01	   2.2654734781689012e-01	   2.1213203066970487e-01	   2.0225952054531160e-01	   1.1207651381937633e-01	   1.7632037413427948e-01	   4.0977550124579953e-01	   2.6108963218293207e-01	  -6.0558884692858167e-02	   1.8872697940832430e-02	   4.8590789670923135e-01	   2.6502379786136815e-01	   3.5320329190167948e-01	   1.7321783170151983e-01	  -1.8356754386079535e-01	  -2.3036530649350298e-01	   2.8878928606198628e-01	   2.4976255862562247e-01	   7.4788160791203873e-01	   5.7179344105427299e-01	   4.4858727456804803e-01	   4.5132691652580026e-01	   5.0573564462417675e-01	   4.0424880812124775e-01	  -3.2675828433663061e-02	   1.6231466181255105e-01	   3.3205233845638504e-01	   1.7517964785360257e-01	  -4.7443440926697153e-02	   3.2062135664572389e-01	   2.8325472530625329e-01	   3.1790926988115148e-01	   3.3500014279767487e-01	   3.8737499546558918e-01	   2.1341671318700040e-01	   3.1911232424266789e-01	   1.9809936781593646e-01	   1.8565822601568188e-01	   2.9513164303660677e-01	   2.8710872253358311e-01	   9.4436206303900289e-02	   2.5721213006507498e-01	   1.8554736509847145e-01	   1.7009401435116650e-01	  -6.1973385804539219e-02	  -6.7364404176058212e-02	   2.1923804202916247e-01	   1.1478338008143166e-01	  -6.1235980726772339e-02	  -1.7843277632757262e-01	   9.0388917033653121e-02	   5.0457028011384679e-02	   4.5184115525994317e-01	   1.8743074233861440e-01	   5.5575546824181876e-01	   5.5992986022680846e-01	   2.8820666395629480e-01	   3.8996550987537171e-01	   2.6327841377664274e-01	   3.4076553498114126e-01	   3.2095517559893266e-01	   2.2351265570036496e-01	   1.8652166691103619e-01	   1.7276327804689223e-01	   3.1950550463373073e-01	   2.6140497070453295e-01	   3.1130603414953950e-01	   4.3349762132124026e-01	   2.5274709913693871e-01	   3.6460200823875710e-01	   9.6203476647917757e-02	   3.3485906644594421e-01	   3.2956468534212335e-01	   3.6223260627802972e-01	   2.2720185207634042e-02	   2.7669243860305187e-01	   8.7344834378775618e-02	   1.8781339846059997e-01	   4.4176465293182660e-01	   5.2610689126116006e-01	   4.0373989544327055e-01	   4.9382096247065110e-01	   2.8247821916252719e-02	   9.7338632716851378e-02	   2.0960255324044946e-01	   2.5012876019408448e-01	   2.8664555718466034e-01	   4.4888146681658958e-01	   4.9807466109675952e-01	   5.1011263658443884e-01	   4.8781458582294718e-01	   5.6890250886459359e-01	   3.3528391030532845e-01	   1.4733833557925949e-01	   3.2834148083500603e-01	   4.3589272353770914e-01	  -1.1687267231834814e-01	   9.3948036941088969e-02	   4.6372683809712251e-01	   5.6672719683053152e-01	   5.5927038205107538e-01	   4.9523508100056601e-01	   3.0044513909629117e-02	   1.8619227000365643e-01	
   4.7148738432015468e-02	  -1.9194022965987902e-02	   1.9360287367545287e-01	   5.8202469893454467e-01	   4.9585012148714314e-01	   0.0000000000000000e+00	   5.0670919262642344e-01	   7.1262908789526347e-01	   5.2591059261770234e-01	   5.5803855546529002e-01	   2.0325335031280092e-01	   3.0661196635315707e-01	   2.5737187243733362e-01	   2.0686037819702630e-01	   1.4839033075967981e-01	   1.0201267276476078e-01	   1.7340044435400159e-02	   5.4474770248378511e-02	   1.9624127533341121e-01	   9.7249719188655603e-02	   1.5682485612170835e-01	   2.4095491685924550e-01	   3.1909443106364016e-01	   3.3230840338886225e-01	   1.1743560702837089e-01	   4.2825304932762376e-01	  -1.5828515272390359e-01	  -1.8302599583953444e-01	   9.4807610303744141e-02	   2.6319293431588642e-01	   4.3221836435694228e-01	   6.1297170617725572e-01	   1.8151431866338982e-01	   4.1106439407251144e-01	   4.5129657298543119e-01	   5.3145156850568664e-01	  -1.3520303218351984e-01	   3.3395961223010501e-02	   6.3913420834227172e-02	   5.3799979260341746e-02	   7.1605081855812130e-02	   7.7472128434366183e-02	  -2.1870797150782936e-03	   1.7185813661786786e-02	   1.7518094718779084e-01	   2.2553557313263095e-01	  -4.5879435282755600e-02	  -1.0041078670215777e-02	   8.5033931833555149e-02	   4.8007428590331948e-02	  -6.3069184013198526e-02	  -5.7165940945299143e-02	  -2.3952922496550078e-01	  -1.1529163039371207e-01	  -1.4953235449580882e-01	  -1.6823173387608492e-01	  -2.7403888062815790e-01	  -2.5266389085635865e-01	   2.3602800493061049e-01	   3.8759191509537816e-01	   1.4042111180915401e-01	   3.1457956564026851e-01	  -1.0560966565608040e-01	  -8.8713307451947235e-02	   3.8713433345893278e-01	   4.2584832845547932e-01	   1.8779931068236225e-01	   3.4526898907793313e-01	  -1.6493062623038832e-01	  -5.9772330348406733e-02	   2.0899226543884281e-01	   1.7641486763118980e-01	   1.2416504248894497e-01	   2.5954574519400683e-02	   9.9764101400735161e-02	   4.1237868062239093e-02	   2.9023535009050538e-01	   2.7766194724010473e-01	   1.7680967587315480e-01	   2.2256849947848448e-01	   3.5991283779668471e-03	  -1.3990393187788228e-02	  -1.1463583920814618e-02	   1.7685463037610213e-01	   7.4514195625205962e-02	   1.4849508997488922e-01	  -2.5741021796378627e-01	  -7.1083198254484718e-03	   9.0505995191683689e-02	   3.5238644759637741e-02	   2.2191850894626358e-01	   2.0689472566388617e-01	   4.5413401409703541e-01	   2.1426094984478328e-01	   4.7816536186934856e-02	   2.3487352554457938e-01	  -9.3815353939864357e-02	  -3.6510659096253770e-02	   3.2770952301289333e-02	   3.4792299140548238e-02	   3.6913877714174209e-01	   2.4675389232013062e-01	   1.7506131718010937e-01	   1.5210827833970361e-01	   4.9223654976788760e-02	  -1.7081470689529410e-01	   8.3415448959666405e-02	   1.2092087973752158e-01	   7.9963727328035403e-02	   1.0923682933613789e-01	   1.3031237212323157e-01	   3.3047994640965861e-02	   2.6295271586052821e-01	   1.1183202745393531e-01	   1.3341577863841565e-02	  -1.8524784388223983e-01	
   2.0285143449437670e-01	   7.9648633119452972e-02	   6.2888532780773088e-01	   4.6427096992893324e-01	   7.3768775440401846e-01	   5.0670919262642344e-01	   0.0000000000000000e+00	   6.4876013786069420e-01	   7.1873793918278173e-01	   3.4296566201627543e-01	   4.7937260682081556e-01	   4.6820157886305958e-01	   5.5383576301120396e-01	   4.5073107304327115e-01	   3.4326222647679216e-01	   3.0622731559492422e-01	   1.1185479694546435e-01	   1.9379082501550343e-01	   2.5859524648802368e-01	   1.6568939710026043e-01	  -2.2893921987151108e-01	  -1.8129219459734874e-01	   4.8908466235482156e-01	   3.2356607847442154e-01	   1.7926270992683052e-01	   1.2384040796557676e-01	  -7.0797767946740434e-02	  -1.1778500405553149e-01	   2.0938296105020054e-01	   2.5987531363376237e-01	   5.0520417580283150e-01	   4.6442475072325295e-01	   3.4638375318485065e-01	   4.5899162063365095e-01	   3.6217592762457945e-01	   3.5589436005918496e-01	  -1.5870948559735915e-01	  -6.7285504775242040e-03	   1.4826931668296567e-01	  -3.4328304713046612e-02	  -1.1474306477465887e-01	   1.3887565334560648e-01	   1.1089745809402135e-01	   1.6123655819154953e-01	   1.6279538489038459e-01	   2.5235119621796448e-01	   3.1949921481366529e-02	   1.2817040927246715e-01	   1.8344311595795740e-01	   2.4197733141007632e-01	   2.0047315766415427e-01	   1.8202662266215908e-01	   5.1413905511364742e-03	   1.0347359221896474e-01	   4.7810306528355453e-02	  -2.2779865140021209e-03	  -1.3355639154039969e-01	  -1.0637320696985744e-01	   2.5552534836289298e-01	   2.4008587320625327e-01	   3.8454523393367290e-01	   2.9743571059799556e-01	   1.1586514910466197e-01	   1.7737725431370993e-01	   5.5027669706610605e-01	   4.4457112664979198e-01	   4.4824043006575442e-01	   4.7284805959110410e-01	   2.6302948254971221e-02	   1.1727800910463010e-01	   2.1617096402187119e-01	   2.1091137442369923e-01	   2.8694163334794426e-01	   1.5066241380268969e-01	   2.2019087079017918e-01	   1.7618248897120645e-01	   3.2127920744785882e-01	   2.2881500478617584e-01	   3.4933839716990012e-01	   4.4802333290006013e-01	   1.4249320492761530e-01	   2.4081287559339093e-01	  -1.5728088628497086e-01	   1.0912411950996499e-01	   2.8544859225031111e-01	   4.1988152626354858e-01	  -1.6734437828292884e-01	   6.4736600935201102e-02	   3.2513426734511974e-01	   2.9129085578774178e-01	   5.1681020121547017e-01	   5.7220035180392403e-01	   4.9986811017455940e-01	   5.3224794382708929e-01	  -4.6450928675235106e-02	   2.7308772033679447e-02	   5.9707774921410155e-03	   3.7279675063093265e-02	   1.3008124067346657e-01	   3.3774518635501644e-01	   5.3911415511605099e-01	   5.3373376544294815e-01	   4.7277291193077631e-01	   4.3132458907371907e-01	   2.4202332183126529e-01	   1.2319777592454183e-01	   1.7491039148855184e-01	   4.9603520631973252e-01	  -2.3380819689245569e-01	   4.4551151721396134e-02	   2.0534824076045194e-01	   3.8224280766927410e-01	   4.8442743761251200e-01	   4.8497021494336157e-01	   7.5105832883805540e-02	   5.8215821169979587e-02	
   9.2819084953478959e-02	   8.6725854969087884e-02	   1.1445276118768505e-01	   7.3561772709556317e-01	   3.2026196687804487e-01	   7.1262908789526347e-01	   6.4876013786069420e-01	   0.0000000000000000e+00	   4.9996973432880137e-01	   5.6418244033328557e-01	   1.9814108788842322e-01	   5.0684997651831498e-01	   4.2248107454496409e-01	   4.9268034285014295e-01	   1.2747019773990093e-01	   2.4947676590779083e-01	   2.0129820771020032e-01	   2.7048994807648469e-01	   1.8368291374614903e-01	   2.6741149213591087e-01	  -1.2120249842678930e-02	   4.8743113885266254e-02	   1.9113476542387309e-01	   4.2894056557614524e-01	  -1.5997165565206553e-01	   1.1931713970430245e-01	  -2.2593641180339058e-01	  -1.9731081585349591e-01	   2.7170748268617306e-01	   4.1781922157863766e-01	   2.6158700263424844e-01	   4.8357956530228452e-01	   2.8325853884105673e-01	   5.6310261682328100e-01	   1.6650465588254695e-01	   3.0511976688328335e-01	  -1.8430542327276866e-01	  -1.9583532515102066e-02	  -7.6962538403651137e-02	  -3.3848992481292819e-02	   7.2952665300365406e-05	  -1.4129583328683613e-02	   9.0557512239936133e-02	   1.2523551242097400e-01	   8.1129774310712111e-02	   1.5764221935038647e-01	   3.6943054599861525e-02	   3.8479076809928348e-02	   4.9496218440053960e-02	   1.2149362979306663e-01	   5.1104804865874875e-02	   7.9028611458737487e-05	  -1.2845056352898571e-01	  -3.7619740211238248e-02	  -1.3405543295955463e-01	  -1.5765821091252161e-01	  -1.3068051768639000e-01	  -1.5089064758975385e-01	   1.8221314413093445e-01	   4.4193109440740597e-01	   3.3561642246562950e-01	   6.0013576224326359e-01	   1.4554712031361339e-01	   2.2545221133027654e-01	   2.3072096152933341e-01	   4.9268173170542434e-01	   1.7667732681606807e-01	   3.7461281071924862e-01	  -2.1640848914220814e-01	  -1.3945570113686895e-01	   2.3548634838424162e-01	   2.8072079769429276e-01	   2.8670999366027361e-01	   2.1229069356905483e-01	   3.0304664751929766e-01	   3.0512563245773794e-01	   3.7729558639956928e-01	   4.2702348234326343e-01	   3.9636793329580455e-01	   4.2149573592674638e-01	   1.7879816208146115e-01	   9.3821935717712246e-02	  -1.9403312512174675e-01	   5.5372912739039062e-02	  -5.8685219256883248e-02	   1.8448529841939434e-01	  -4.1009060197245750e-01	  -2.7650196430850288e-01	   1.0689144841618958e-01	   1.2941201848593925e-01	   3.2518937806643533e-01	   2.2208234388132256e-01	   4.8732651691551998e-01	   1.9286517644146034e-01	   5.4600650194733709e-02	   1.6326558426874910e-01	  -1.0071428525668094e-01	  -1.3622394250660574e-01	   7.0444772728474311e-02	   8.0844955168548949e-02	   4.6424464485053346e-01	   2.3838263299603196e-01	   3.8120137237971718e-01	   1.3673117672467275e-01	  -4.6730441128633282e-02	  -2.9539570085719513e-01	  -9.4593303299858461e-02	   8.3133108813479809e-02	   3.3841857917342406e-02	  -1.4467038186446339e-02	  -6.9448141920974097e-03	   2.5639800458147358e-02	   2.3848966747222131e-01	   1.7502347698244766e-01	   3.8105146011725979e-03	  -9.7273042210286473e-02	
   2.2340630147670204e-01	   1.5801252747232658e-01	   3.9326719712801156e-01	   1.4250459146630476e-01	   5.5466427654743700e-01	   5.2591059261770234e-01	   7.1873793918278173e-01	   4.9996973432880137e-01	   0.0000000000000000e+00	   6.1806774767960759e-01	   4.4647002139330783e-01	   5.2630671334639323e-01	   6.3025399728037068e-01	   4.2581161870522555e-01	   5.1401772419314296e-01	   3.2064318621551624e-01	   7.9990857894009643e-02	   1.7313328384876767e-01	   3.2854500260869945e-02	  -6.8916690055867156e-03	  -1.2999091688054906e-01	  -5.9879415915124364e-02	   3.0004677813579672e-01	   2.8469235252050216e-02	  -2.0022684582275525e-02	   3.2405444133107426e-02	  -1.0090970142546347e-01	  -1.9165618080943436e-01	   5.6214697800596652e-02	   1.8286735057307144e-01	   1.6689460845081655e-01	   1.8033922252918391e-01	   4.2202322883057072e-02	   1.7434329340401117e-01	   8.4389676173237491e-02	   4.7408454735669625e-02	  -1.6854197046087668e-01	  -1.5001419717658798e-01	   3.8423534340326297e-02	  -7.0883064277254590e-02	  -8.9385937312876917e-02	   6.9266113027831477e-02	  -1.3166185195816707e-02	  -3.6263734280329571e-02	   1.0158020864742684e-01	   1.7747305172631700e-01	   2.9468101288212832e-02	   1.5533163867873973e-02	   1.8866987296295126e-01	   2.5177686552564316e-01	   1.6099984711191456e-01	   1.6384959485656175e-01	   8.8377135336101961e-02	   1.1057824157179941e-01	  -1.4095144572476169e-02	  -1.0409697483711695e-02	  -9.1433528753264659e-02	   3.3349593929553459e-02	   2.6772580391599149e-01	   4.2876480768133962e-01	   3.6367102710348842e-01	   3.6060102798737825e-01	   1.0883788064452820e-02	   1.3699903347986819e-01	   3.8285108129991874e-01	   2.0650486149709854e-01	   1.2441961411920481e-01	   1.2749770544620492e-01	  -5.1801909572685156e-02	   2.8378534775503124e-02	   1.7266910280135034e-01	   3.7278760364297753e-02	   9.5703783326444219e-02	   4.4516342431594406e-02	   1.2825467127698392e-01	   7.4331755423401535e-02	   4.2272349510072638e-02	  -2.2353629138225434e-02	   2.4526225978023905e-01	   3.1068292639754042e-01	   5.8807372165240887e-02	   1.5747043480023243e-01	  -1.1260485327071146e-01	   5.7810185142652570e-02	   1.7247298706149441e-01	   1.9418771274889396e-01	  -2.8625878931629761e-01	  -1.4055225253172215e-01	   2.7647688831763301e-01	   2.7753116643550474e-01	   3.8471460267093788e-01	   3.7989700869759579e-01	   3.1757814050276945e-01	   3.5544041346361721e-01	   9.6625022641667405e-02	   9.5496860814783133e-02	   1.2080556005108017e-02	   5.9525189305118645e-02	   1.0157816855157041e-01	   1.9347534168326616e-01	   2.9898764710128944e-01	   3.2051637767317442e-01	   2.5796172956794644e-01	   2.6836534405109413e-01	   4.5558560611356477e-02	  -6.9495028206824364e-02	   4.0890261585656333e-02	   3.9778705020879723e-01	  -2.7518411118288309e-02	   7.5641127800328362e-02	   1.2946420908578476e-01	   2.7309303137530594e-01	   2.5861929585310883e-01	   1.8000942118887409e-01	  -1.3738617812568110e-01	   2.1646675463074087e-02	
   1.3129152537148914e-01	  -5.8412203436931766e-03	   1.7214064438191576e-01	   1.9412738442545963e-01	   5.9917977426502657e-02	   5.5803855546529002e-01	   3.4296566201627543e-01	   5.6418244033328557e-01	   6.1806774767960759e-01	   0.0000000000000000e+00	   3.3321521139772542e-01	   5.0129659945527083e-01	   5.6148784849969624e-01	   3.9282834795121946e-01	   4.1454350880791446e-01	   2.3396833208372109e-01	   2.1339386911904928e-02	   8.7378140340726778e-04	  -1.3412693379519025e-01	  -2.2427049267975258e-01	   1.9378890307722815e-02	   5.4665332382641076e-02	   2.4835187388955510e-01	   7.3194437413112004e-02	  -1.9018178140332700e-02	   2.3065645319792713e-01	   7.0235866135155006e-02	  -8.0733762454679101e-02	  -9.6825772699378906e-02	   1.2604995139190098e-01	  -4.0778693902763924e-03	   1.6391130656654654e-01	  -2.3337108782522314e-01	   4.2380039460033235e-02	   1.2353383110042294e-02	   3.8407166377779675e-02	  -6.2260120094398130e-02	  -1.0002430047559438e-01	  -1.6176364163933177e-01	  -1.8682380739058263e-01	   7.6732977391232391e-03	  -1.6479921247893625e-01	  -6.1393248055972793e-02	  -1.9693716845286827e-01	   3.5589659022222473e-03	  -8.7588878192041506e-03	  -7.8992367068673269e-02	  -2.0158507491350688e-01	   4.1503540695686951e-02	   8.9430559064231127e-02	  -1.7759367454827629e-01	  -1.8573437698229808e-01	  -9.6243728114332724e-02	  -1.5205567421546343e-01	  -2.1395779413705668e-01	  -2.3934125027534969e-01	  -1.6750060753097262e-01	  -7.9168480112964387e-02	   2.8978948289189725e-02	   5.0600773379035313e-01	   4.5479912577293924e-01	   6.6391833730824634e-01	  -1.7887907444867676e-01	  -1.7440045235333226e-02	   2.6405873492760445e-01	   1.5326305441328480e-01	  -2.7851606056325356e-01	  -2.3644055381068385e-01	  -2.6449390610825491e-01	  -2.5646566621482042e-01	   1.4393675788058272e-01	   5.2242409356957195e-03	   7.9285581185461768e-03	  -6.9300434546984467e-03	   9.9774636942506587e-02	   5.6019491426257950e-02	  -1.1475272761169466e-02	  -2.9849440415921455e-02	   1.7415869884350524e-02	   1.9101338051512162e-02	  -9.9634032948866066e-02	  -1.7462074554730000e-01	  -9.9616863547454138e-02	  -1.5975844290409386e-01	   9.5288523898367561e-02	  -7.1043756726973301e-02	  -3.0793247739778040e-01	  -2.7600482210968197e-01	   3.9756967757961098e-01	   1.5211899997997194e-01	   2.3702508890112509e-01	   1.6533690448631111e-01	   3.3578509233082204e-01	   1.7357247941717441e-01	   9.1195185135646117e-02	   8.5930916186655090e-02	  -1.7288270101442130e-01	  -1.7223976368857763e-01	  -5.6541812153646509e-02	  -1.0304989237978555e-01	   2.0275194416912329e-01	   1.2811627827132471e-01	  -2.1871579804165917e-02	  -1.3053192796520116e-01	  -3.0257218152040138e-01	  -3.1952024734522666e-01	  -1.0034335591566743e-01	   3.8953903161860003e-02	  -1.5998582072360483e-02	   1.0921500725493818e-02	  -1.0512830009849092e-01	  -8.1092338991747115e-02	   2.3694169184064418e-02	  -1.1929914984157786e-01	  -1.1853888240407442e-01	  -1.5835761655331618e-01	
   5.5770228783504550e-01	   2.2720959906169380e-01	   4.2379231774048859e-01	  -2.5643638994867218e-01	   3.8911480035190199e-01	   2.0325335031280092e-01	   4.7937260682081556e-01	   1.9814108788842322e-01	   4.4647002139330783e-01	   3.3321521139772542e-01	   0.0000000000000000e+00	   6.7375130292960872e-01	   8.3687066058806991e-01	   7.3217043121985370e-01	   7.0991971348936955e-01	   5.5178821157814317e-01	   4.7613857674647264e-01	   3.9387332613283832e-01	   2.9844999167126884e-01	   1.4805660100454143e-01	  -1.8763683746347579e-01	  -1.4015100667244368e-01	   5.6226643704811496e-01	   9.1595961452861002e-02	   1.2582894760546989e-01	  -1.6812744692397547e-01	  -2.7431661343931768e-02	  -2.6977856845131049e-01	   4.0239029427124690e-01	   4.4653796282195723e-01	   1.8018860034423623e-01	  -4.5265917797074479e-02	   3.1157453720755723e-01	   3.0306012272316912e-01	   1.6842379378380115e-01	   9.4074246149151053e-02	  -1.0930951768043805e-01	   1.5559196062943832e-02	   1.8032900549102657e-02	  -1.1305175253736252e-01	  -4.7106448299439690e-02	   4.5103288220464155e-01	   5.6729859893625299e-02	   6.2755089174981238e-02	   3.0527556285646884e-01	   3.0793341525034246e-01	   7.3332427227050981e-02	   1.2282641160241997e-01	   3.2922002916334064e-01	   2.4291202168037174e-01	   1.7779806597122239e-01	   1.6432053798358695e-01	   3.1545244740764139e-01	   1.6225942425847373e-01	   2.7826054217109697e-01	   1.5355238801587828e-01	   6.5566678338187731e-02	   4.5645000078201631e-02	   2.3072866677003945e-01	   1.3940913145226713e-01	   4.6243176707943251e-01	   2.0170093893134428e-01	   3.7032096157199929e-01	   4.4638806489737393e-01	   4.7411888219565834e-01	  -1.6902345299660662e-01	   2.1164669178558371e-01	   9.3424177681301318e-02	   2.5295709594058163e-01	   9.4717738274298080e-02	   1.8232758940129912e-01	   1.2569029203223928e-01	   1.7169013812782491e-01	   1.5656482043515052e-01	   1.4128187121267216e-01	   6.7560125943096377e-02	  -3.7243208250417215e-02	  -1.1521845011452585e-01	   5.0689789114372830e-01	   4.6005771751562341e-01	   3.9652643440898117e-01	   4.1130483091706971e-01	   1.2376867419919899e-01	   2.8846093440412041e-01	   6.7718934650248763e-01	   3.4895369079914018e-01	   1.3791656333105226e-01	   1.0092974839100544e-01	   5.3668626897849436e-01	   2.9235432051336180e-01	   5.9681272511862093e-01	   6.1886612430589349e-01	   1.8782164774252760e-01	   5.2886028865862589e-01	  -1.3067516105298321e-01	  -1.6662345354808866e-01	  -3.1342244573194789e-02	   1.0781032700732708e-01	   3.5376784441879600e-01	   5.9615191352667973e-01	   2.2559612206916174e-01	   5.1520301554337156e-01	   3.5235477304483576e-01	   5.2694229891549427e-01	  -2.5789303344151516e-02	  -5.0537865965231993e-02	   1.3459060714058771e-01	   4.8240253264567823e-01	  -2.3082880724994742e-01	  -4.6695041303921186e-02	   8.8999681140396927e-02	   4.2864835796462342e-01	   4.7317903870306238e-01	   4.5881173406106479e-01	  -5.2673969740642895e-02	   1.1160344254879200e-01	
   4.3191792858364819e-01	   3.9813031894516610e-01	   3.2181506289704626e-01	   5.6875893588588133e-02	   1.7893858841630783e-01	   3.0661196635315707e-01	   4.6820157886305958e-01	   5.0684997651831498e-01	   5.2630671334639323e-01	   5.0129659945527083e-01	   6.7375130292960872e-01	   0.0000000000000000e+00	   7.1860264457259226e-01	   8.4812079757523717e-01	   7.0572088785781473e-01	   7.2923897537049598e-01	   4.8536230742816133e-01	   5.8354173603935877e-01	   2.1824205109826525e-01	   3.1710427694513832e-01	   1.4378364908692387e-01	   1.4303883992522767e-01	   3.8516035587721165e-01	   3.0745525643466703e-01	  -2.6670490144937768e-02	  -1.1269034736006475e-01	   8.3640351665666024e-02	  -5.3626971875649229e-02	   4.6444182693697977e-01	   6.0344536854726605e-01	   8.1555958824662017e-02	   2.7150209017207969e-02	   1.9693239524295442e-01	   3.5028869125563689e-01	  -3.4564906197605161e-02	  -9.6912717211172061e-02	   5.2864454546544190e-02	   1.2437293679836253e-01	   1.1982395688923403e-01	   7.6321054893551024e-02	   2.0626869973053558e-01	   3.3509353353375698e-01	   1.0385332674855771e-01	   1.0452836120480119e-01	   1.2796419399439762e-01	   1.4511007387832081e-01	   1.1011222540513121e-01	   9.9611702454586115e-02	   2.4104121242985274e-01	   1.7638372331205751e-01	   2.0074320747165625e-01	   9.6243625802779259e-02	   2.6073588027708333e-01	   1.6532233363890905e-01	   1.5504710414755368e-01	   9.1288095683403181e-02	   1.2406535978572222e-01	   1.7821702663512271e-01	   1.8033425579490267e-01	   3.4526945734883729e-01	   4.0629746258720528e-01	   6.1084882661117679e-01	   3.0610071198531913e-01	   5.2714595944923026e-01	   3.6672051899367192e-01	   1.3573447295358942e-01	   7.0650997365208926e-02	   3.2264169873099290e-02	  -3.9946932138762152e-02	  -2.4569254614282315e-01	   3.6529120589532682e-01	   2.3118854875023775e-01	   2.9295366260011679e-01	   3.3435724436833769e-01	   3.5974710330056547e-01	   3.4494188135770854e-01	   1.1543423089478380e-01	   1.5340004909562635e-01	   5.3954025936132133e-01	   5.1421529307525438e-01	   4.1036724481561998e-01	   4.1821612148142295e-01	   1.9422898992033702e-01	   3.8559815586564539e-01	   4.9400847218034749e-01	   4.4362869465547983e-01	   1.0799413255958984e-01	  -3.4818174544786834e-02	   4.2504771299893096e-01	   3.5856517861926374e-01	   4.9076764646355964e-01	   3.9509390103149661e-01	   2.1367994585682304e-01	   3.1530710915529625e-01	  -1.3404348331459291e-02	  -9.8756911779206397e-02	   4.2884970342829346e-03	   1.7237782759653989e-02	   3.4097989354702629e-01	   4.2804795507157795e-01	   2.7645223140347130e-01	   3.8087786590449785e-01	   4.2778340735288622e-01	   2.7101364386364402e-01	  -2.1482298795352800e-01	  -2.8234928551155491e-01	  -4.1277121840188599e-02	   2.9633443439913859e-01	  -1.1610419387790050e-01	  -1.4695934567549994e-02	   4.5623890887832225e-02	   2.5262597157983246e-01	   3.6552491091800560e-01	   2.2449550557062775e-01	  -3.7116217475939253e-02	   7.8242793215930004e-03	
   4.2827404753640680e-01	   1.7170321537337274e-01	   3.4368882241375431e-01	  -1.5057055824252830e-01	   2.3734941951841326e-01	   2.5737187243733362e-01	   5.5383576301120396e-01	   4.2248107454496409e-01	   6.3025399728037068e-01	   5.6148784849969624e-01	   8.3687066058806991e-01	   7.1860264457259226e-01	   0.0000000000000000e+00	   8.2029911489114182e-01	   7.0918337586755131e-01	   5.9525951588620163e-01	   4.1529266841298551e-01	   3.4572556241741659e-01	   1.0188476507231811e-01	   5.1502962467912909e-02	  -2.1105722870812932e-01	  -1.2778957390962675e-01	   4.3965765864442391e-01	   1.0912232341406090e-01	  -3.9895999201919823e-02	  -1.5356527806825604e-01	   4.9670068321406909e-03	  -2.0020267078042253e-01	   2.9922235571315303e-01	   4.3499507152389588e-01	  -1.9075228660240244e-03	  -1.0856056232118622e-01	   2.1972948271861142e-01	   2.5799606803959402e-01	  -4.4530006594384997e-02	  -3.5687248679533566e-02	  -1.5966148681918416e-01	  -1.5729832589533047e-02	  -7.3654913200193378e-02	  -1.3476245059927222e-01	  -2.8506207766781397e-02	   3.2452649162501179e-01	   9.6212445793650049e-03	  -7.2188365061508636e-03	   2.0772897251283892e-01	   2.3739713976746785e-01	   4.8725025670760966e-02	   2.4416331052139750e-02	   2.8572119058650758e-01	   2.8889196650686666e-01	   1.6996016616850346e-01	   1.2447478272142869e-01	   2.8066388275984333e-01	   1.3649106572422365e-01	   1.7851914511694375e-01	   9.0889562935372217e-02	  -1.8719561274873071e-02	   5.0377472232760089e-02	   2.1563286538491272e-01	   2.9291472655029749e-01	   6.1585456519346382e-01	   4.7070357571220034e-01	   3.1118484524993495e-01	   4.5637957841231624e-01	   3.7834005189770770e-01	  -2.0641642889629972e-02	   8.2120319522012444e-02	   1.6078540578675818e-02	   6.3792717137421490e-02	  -4.6633654011649171e-02	   1.8192567860243264e-01	   1.2334541020810966e-01	   1.4256036694821039e-01	   1.4742332222279630e-01	   1.5831643604635010e-01	   1.0851180279062070e-01	  -9.0006844773902139e-02	  -1.4097931036475833e-01	   4.5756394159582653e-01	   4.0562980113892289e-01	   2.7488652099634836e-01	   2.5951774649666609e-01	  -2.5036670606708084e-02	   1.2966934617574460e-01	   4.1395089486044101e-01	   3.1075900569492065e-01	  -1.1121838848494930e-01	  -1.0344974492955919e-01	   5.6562867758741164e-01	   3.5466511252133265e-01	   5.7663151871848473e-01	   5.3960220906220147e-01	   2.3526968569007550e-01	   4.3873162513518582e-01	  -2.5092616645326811e-03	  -6.4224638099979511e-02	  -4.5730285409763413e-02	   2.4641684875030920e-02	   2.7517453140222570e-01	   4.4315028883353652e-01	   2.3202336393382322e-01	   4.3103990486948740e-01	   3.2410457688808908e-01	   3.6005603296297828e-01	  -1.8239655340146138e-01	  -2.2842622067038088e-01	   2.8118450063357763e-02	   4.4440133937491350e-01	  -2.1328942914379534e-01	  -1.0249684463978878e-01	  -4.8361291716431144e-02	   2.7988038830154599e-01	   3.3616170986573535e-01	   2.6748332393057750e-01	  -1.7635781041436605e-01	  -4.1255891767864761e-02	
