   0.0000000000000000e+00	   8.0120721664926609e-01	   5.7327995798143028e-01	   1.4887916912372207e-01	   6.4832001552184171e-01	   2.8860923703963337e-01	   5.6252651674876708e-01	   7.9995101453553888e-02	   4.5776021507644260e-01	   1.3968346900420620e-01	   7.4792901453040828e-01	   2.6962575438869413e-01	   5.1408531532536750e-01	   1.9078629264346764e-01	   7.3346544415838932e-01	   3.4241065277701299e-01	   4.9586716277856552e-01	   4.5398068410382209e-01	   7.9955877949034881e-01	   6.1934768437797638e-01	  -6.5721389866831681e-02	  -8.7346369581502811e-02	   5.7914700435760735e-01	   2.3582280954047791e-01	   2.0137786352263065e-01	   9.8886633636044496e-02	   2.1731078624360500e-01	   1.2659987696131381e-01	   3.1882166839982118e-01	   6.9376877415862404e-02	   3.8422907319475352e-01	   3.4559558168302401e-01	   4.6133433261429668e-01	   3.3504859913844925e-01	   4.2244205883287644e-01	   1.9345765776064472e-01	   1.7445878759021805e-01	   2.5351350043059651e-01	   3.8185316359476812e-01	   3.7650546668572449e-01	  -1.8299615650663386e-02	  -2.1391486990302014e-01	   1.7276910188507080e-01	   1.6057806775818464e-01	   1.4989165530860086e-02	  -1.0778570369323906e-02	   1.9437519357137202e-02	  -4.0246063220897594e-03	   1.1579609355121884e-01	   1.2137992564766865e-01	   2.8187708529855804e-01	   2.4774056991187360e-01	   3.5070879434945157e-01	   5.3878309836281979e-01	   2.2538070304374708e-01	   3.2205189393505446e-01	   8.3369499690698690e-01	   6.6551698980393803e-01	   3.8243454869187676e-01	   1.9087993246053142e-01	   4.8221077444799465e-01	   2.2329052050982789e-01	   3.1067027116519930e-01	   1.8969660994863474e-01	   6.0147112227369082e-01	   3.8293097916791141e-01	   1.6116636710140175e-01	  -9.7553145791495141e-02	   6.1125798670982034e-01	   9.5295063823915976e-02	   4.3758223423696485e-01	   9.1065172662893198e-02	   6.1685343055886088e-01	   4.5733020934744106e-01	   7.2887952383158350e-01	   5.7274583453712657e-01	   5.8963063136694571e-01	   4.2690236800977022e-01	   5.6485503885330690e-01	   6.3888857545382693e-01	   4.8399143155237423e-01	   6.0910843541114401e-01	   3.1165916654393433e-01	   1.2690082504654515e-01	   6.0565431965312888e-01	   4.1881736268693848e-01	   3.9785818625423947e-01	   3.7281013319062073e-01	   5.5254970645072965e-01	   5.7151704231713318e-01	   2.2860741777095547e-01	   2.2206368143857017e-01	   3.6856924479126540e-01	   5.8154232321393307e-01	   1.4263544494808045e-01	   8.7150291433015739e-02	   1.9501936118602739e-01	   3.5544125500623303e-02	   2.2207971717832814e-01	   5.5575951714063998e-01	   1.3383901173094073e-01	   3.3546601130061010e-01	   3.6077739205597759e-01	   5.8540248683286233e-01	   2.7865753243948875e-02	  -8.3755732075345007e-02	   3.3731245719552733e-01	  -3.1547511484137941e-01	   5.5485680160695217e-02	   2.6591411785337032e-01	   2.2525708397261374e-01	   2.6535607161007807e-01	   4.7521923076920580e-01	   4.7419112764284821e-01	   4.2235220937970680e-01	   2.6716604753609274e-01	
   8.0120721664926609e-01	   0.0000000000000000e+00	   5.5388454892408479e-01	   3.0800042103479164e-01	   5.2781502711226658e-01	   1.8940704692380905e-01	   5.4382652610901372e-01	   1.7294620928398580e-01	   3.4888063349536463e-01	   1.1394883324141412e-01	   6.4104808415759329e-01	   4.1576984863009503e-01	   4.9255127123673892e-01	   3.9588332497611151e-01	   6.4242740093001827e-01	   3.6886767663220227e-01	   5.9541317229220692e-01	   6.9825113120899385e-01	   7.0726155657811685e-01	   7.7291453153931511e-01	  -2.1616145428663885e-02	  -4.3520233834735966e-02	   4.7761912435643306e-01	   2.1596789059259683e-01	   1.7042315396536661e-01	   6.8111847696005451e-02	   2.6422821922611595e-01	   1.9382403071514548e-01	   4.4752269051629601e-01	   2.5689948146885533e-01	   2.8304175224584471e-01	   2.4885702825779615e-01	   5.9709825857871313e-01	   4.6793287441717085e-01	   3.2077214445789926e-01	   1.8678610424210840e-01	   2.4570187467702781e-01	   3.4526224899389685e-01	   4.1932052346467352e-01	   4.0258711660201069e-01	   2.5548193184571422e-01	  -7.6932308782002384e-02	   4.0696008484756896e-01	   3.4962384581396061e-01	   2.0108050405220218e-01	   1.5854973036845660e-01	   3.2766410891866998e-01	   2.7208305393586474e-01	   2.9905495121478387e-01	   3.0578013269462456e-01	   4.4867508602745809e-01	   4.2551644147550927e-01	   5.7943785212415067e-01	   6.6456965865851514e-01	   5.2996293456323618e-01	   5.6966200952528079e-01	   7.8580665077353018e-01	   7.3381935822603739e-01	   3.5882881344610512e-01	   3.4922992292646732e-01	   4.0802727038673631e-01	   2.2332384383058201e-01	   3.8044901386308810e-01	   3.8296784679169743e-01	   4.8728457382668716e-01	   2.8681977312952323e-01	   2.2118887011831947e-01	   4.7790661029440129e-02	   6.1198383581617566e-01	   3.4310762651340955e-02	   3.0895469207157639e-01	   4.3451075514058392e-02	   7.0851490731515843e-01	   6.2237833924384234e-01	   7.8146192371157219e-01	   6.9373560618155639e-01	   5.5997678473504919e-01	   5.1168156740396331e-01	   6.0904809635119228e-01	   6.4099031557779906e-01	   5.8814968721473626e-01	   7.0983136975553840e-01	   3.6770909693459963e-01	   3.1101758649501254e-01	   5.9443331161710011e-01	   6.2933915915521066e-01	   4.5009325611703999e-01	   4.5900827610450129e-01	   6.0935363905231821e-01	   6.8520605505901799e-01	   3.2618274795420560e-01	   2.7011593883599089e-01	   4.5679017184566850e-01	   6.0526707205793373e-01	   1.1332041293811781e-01	   1.5967246430124549e-01	   3.0497688490586944e-01	   1.9209833589416686e-01	   5.0505035049575020e-01	   5.9247694410962870e-01	   4.1355810381052510e-01	   5.3694956039624897e-01	   5.0773230797955071e-01	   6.1750774503401762e-01	  -1.1986840769910231e-02	  -1.2758349067830110e-01	   2.5815695887596535e-01	  -1.7446304169755644e-01	   1.3925774480819234e-01	   2.2260893705478205e-01	   2.3904912360623987e-01	   3.3228559647665157e-01	   4.5246209978444324e-01	   4.7767315165621260e-01	   4.1540547928604310e-01	   2.4694208016758512e-01	
   5.7327995798143028e-01	   5.5388454892408479e-01	   0.0000000000000000e+00	   4.8328301153880743e-01	   7.3431508010167312e-01	   3.2169734153516977e-01	   8.7699186807434670e-01	   3.2837988112901567e-01	   5.5626533151044233e-01	   2.4395882216464551e-01	   5.4363416638054751e-01	   3.2104579120990295e-01	   5.2097929100174989e-01	   3.2579337363325722e-01	   6.7926526427513623e-01	   4.1624691907766331e-01	   4.5878281380608049e-01	   4.9171497428464739e-01	   5.2089407406648558e-01	   4.7001470463856276e-01	   3.9584571020864334e-01	   3.3917439999033877e-01	   7.7971254359905640e-01	   4.4870530899077510e-01	   5.1740051124598929e-01	   3.7405793134409182e-01	   4.0138614680970031e-01	   2.7045765610202543e-01	   5.1430156211535716e-01	   2.8869866178620007e-01	   5.9498727976204169e-01	   4.9129430779832139e-01	   6.6872798397917232e-01	   5.3369892060295010e-01	   6.2459607175339660e-01	   4.1520402288963476e-01	   4.2266462794983567e-01	   5.0200954351485605e-01	   6.4743538724191296e-01	   6.8290889226534490e-01	   3.7190984687710477e-01	   6.3546183766317293e-02	   3.3418749124445479e-01	   3.4483036373273529e-01	   3.6965693697193724e-01	   3.4853004201646698e-01	   2.6442201309852548e-01	   2.9584383452035123e-01	   4.3976578608568118e-01	   3.7351726921112727e-01	   6.2829305822123171e-01	   5.5849373335630181e-01	   5.3785485590510007e-01	   5.6263590262684560e-01	   5.0321254976612217e-01	   6.5209325807812557e-01	   5.2850355964891427e-01	   3.7373181042254039e-01	   5.0760346706669990e-01	   2.1202093942272959e-01	   5.1606270745062965e-01	   1.1546403604332220e-01	   4.5525865595909071e-01	   3.5177217855976550e-01	   8.1628531713287811e-01	   5.2254310287318351e-01	   6.8499844510344277e-01	   3.8070546443711240e-01	   3.0823303398885643e-01	  -8.2016382909084445e-02	   2.5328541351386802e-01	   3.4688567744757530e-02	   6.9577678001926624e-01	   5.5926624146488613e-01	   6.7907885787097921e-01	   5.1693137979636428e-01	   5.8693645705305841e-01	   4.3584900260267312e-01	   6.0128330280546816e-01	   5.3850278424806386e-01	   5.3396041351071377e-01	   6.0582959932364877e-01	   2.3769341455300996e-01	   2.2444721667367429e-01	   7.1947488017346894e-01	   6.9634508501734627e-01	   2.4429800987836203e-01	   2.4987813575643009e-01	   6.8295884161321829e-01	   6.7462118866311427e-01	   5.1185332809250472e-01	   4.7390845445657148e-01	   6.3532851616606334e-01	   8.0926155179896320e-01	   1.0540287123562453e-01	   5.9864490255849709e-02	   2.7849869185613713e-01	   1.0324547828304076e-01	   3.3425470770267762e-01	   6.0430633778891885e-01	   3.7253382917063488e-01	   5.2965197118601481e-01	   4.8694011559135486e-01	   6.6995402823144046e-01	   1.2149780258219828e-01	  -1.9306614241357281e-02	   4.4936589756496931e-01	   1.1922154938000587e-01	   5.2827267322741456e-02	   1.2417575137094340e-01	   1.3417060237867062e-01	   1.1112762971862948e-01	   2.9580133225718191e-01	   3.1946709216106423e-01	   2.7429643070811605e-01	   1.9336709182974934e-01	
   1.4887916912372207e-01	   3.0800042103479164e-01	   4.8328301153880743e-01	   0.0000000000000000e+00	   3.2129593176789195e-01	   6.5609058159405942e-01	   5.1665088913248314e-01	   8.5583082227186380e-01	   1.7340733282277321e-01	   6.2874804761410286e-01	   1.0691381108943510e-01	   6.1331816246855519e-01	   2.7839659527722610e-01	   5.7210596122570545e-01	   1.3411264809558188e-01	   4.6505933318900583e-01	   4.2140994817185762e-01	   5.4016411371438688e-01	   2.2259359227847603e-01	   4.5110810319387690e-01	   1.6349450966238913e-01	   2.5074199670164266e-01	   3.9274322360253955e-01	   7.8392657947065936e-01	   4.3069335116461321e-01	   6.5876054046585319e-01	   2.3287153924061335e-01	   2.6032396902971677e-01	   4.2689339953384620e-01	   5.3869875212186746e-01	   5.3556016877623136e-01	   6.2757287402195372e-01	   7.0553793784343055e-01	   8.0775134308853580e-01	   2.1359479843662851e-01	   3.0170829013718026e-01	   1.8373547044615895e-01	   2.2323156382942486e-01	   1.3746975610186030e-01	   3.1278013264173549e-01	   3.7419249890002615e-01	  -1.7480720934924587e-01	   3.6280527376899685e-01	   3.2750112219846905e-01	   3.0361086268421067e-01	   4.7296504296655650e-01	   3.4377419788310137e-01	   3.1993208279648006e-01	   4.6148393592825315e-01	   4.1202963330846210e-01	   4.6830296266112936e-01	   5.4196273130065242e-01	   3.9240772585175721e-01	   4.2686161391553390e-01	   3.8008809196168941e-01	   3.8794400001169482e-01	   2.5824624588132844e-01	   1.4899613548757917e-01	   2.9323300109017836e-01	   4.3474290269265908e-01	   2.8729397406522938e-01	   4.5177278117721703e-01	   6.4302995813558050e-01	   7.2053592245196296e-01	   3.2298369235689245e-01	   5.5053421949247583e-01	   5.2397787306524135e-01	   6.1371211500785883e-01	  -2.3342794377085530e-02	  -1.3418868418332064e-01	  -3.6160926077451207e-03	   6.5207062418962222e-02	   5.8505555529918651e-01	   6.3963265709853456e-01	   5.1340359279027770e-01	   6.4395046760790720e-01	   4.5333794423735058e-01	   5.4713437280024191e-01	   3.9040738790982421e-01	   4.4595497508029136e-01	   4.3302119135654593e-01	   3.8910152713909774e-01	  -1.5639447367451045e-01	  -1.5243312039731345e-02	   1.9055178463959366e-01	   5.1850095828988019e-01	  -8.6884166570980886e-03	  -4.5962530235576664e-02	   1.9858760312835538e-01	   4.5663903424794522e-01	   6.9758506746902738e-01	   6.9920328782412916e-02	   6.9179340333787320e-01	   2.8243100416997458e-01	  -1.4915747730371934e-01	  -7.0632204660348294e-02	   1.5142876135715943e-02	  -1.6501818784042718e-01	   4.0242638048273616e-01	   2.8362324451060855e-01	   6.0562390077491812e-01	   2.8035043818026684e-01	   2.5625792209497217e-01	   4.7208740280682260e-01	   2.4194976755392082e-02	  -1.4066939656385605e-01	   4.6354170412933937e-01	   3.1834990348503006e-01	  -1.5766926323197866e-01	   1.5400434701123145e-01	  -1.8887743710474891e-01	   1.0154557666961883e-01	   7.7370467765231446e-02	   4.5142568857221746e-02	   1.0006885883244455e-01	  -5.0653126110912078e-02	
   6.4832001552184171e-01	   5.2781502711226658e-01	   7.3431508010167312e-01	   3.2129593176789195e-01	   0.0000000000000000e+00	   5.1408551762736798e-01	   7.8797556495523569e-01	   3.5731293154127630e-01	   7.6043802912286074e-01	   2.8283915829799727e-01	   5.8880383997564933e-01	   3.8314395116370054e-01	   5.1021078401232456e-01	   2.8752076626231177e-01	   6.9973958753019538e-01	   3.1610683932677641e-01	   2.8838547211698806e-01	   3.1502525777808010e-01	   6.0082237593044585e-01	   4.4532681141382185e-01	  -6.7134120271365241e-02	  -8.7238099742932826e-02	   5.9535808418482294e-01	   3.1060509032477274e-01	   2.6485520817648389e-01	   2.1587589091380774e-01	   1.5017972928733350e-01	  -2.0816591465701795e-02	   2.5529463858655121e-01	   1.0548322992792676e-01	   4.3846854634539656e-01	   4.0348074442849291e-01	   5.1107961617245234e-01	   4.4154729671273696e-01	   5.5816893991808203e-01	   3.3027347798237566e-01	   1.4906771948013814e-01	   2.0728659906993357e-01	   3.2661566489371818e-01	   3.6496767545258402e-01	  -6.4713404832003454e-02	  -3.4052490963514703e-01	   3.2449611995541966e-01	   3.1723250042782103e-01	   3.7622648875216885e-01	   3.8642796392598899e-01	   1.9655747649307126e-01	   2.2819690832363099e-01	   4.3707380814477298e-01	   4.5788979903552773e-01	   5.4841735836043526e-01	   5.7530174335102890e-01	   4.3425197532837612e-01	   6.5167712519313414e-01	   3.0638401218819422e-01	   3.8663076512884426e-01	   4.4335176675286947e-01	   3.2394022445051884e-01	   4.5224070046143600e-01	   2.8444117620769443e-01	   5.3041079907734623e-01	   3.2962884792277142e-01	   2.4343385383140764e-01	   2.1669781037531918e-01	   7.3807426913480578e-01	   6.6661224399947638e-01	   5.0836084556652117e-01	   3.5905708066337849e-01	   4.0735104811397338e-01	   2.4233852994278554e-01	   3.5149110803254568e-01	   4.6756598529917016e-02	   4.7514986918122848e-01	   3.5512698294330303e-01	   4.7436235683789524e-01	   3.9126646859231773e-01	   4.8325667423014246e-01	   3.6183519630076894e-01	   4.3657892369803697e-01	   5.7178339437626402e-01	   3.0455207298253589e-01	   4.8417748281525391e-01	   5.1204898820786340e-02	  -8.9059098756960664e-02	   4.8867519389187242e-01	   4.4900873157355797e-01	   6.5574197861077585e-02	   4.2585364012308335e-02	   4.3969726758663186e-01	   5.6376068397121959e-01	   4.5617480770796870e-01	   3.8544424552117351e-01	   5.6513867994689293e-01	   7.0549700969790841e-01	   9.5430482054108035e-02	   3.2408186654160530e-02	   1.2776724686879148e-01	  -7.6325569653170944e-02	   2.8569451246594280e-01	   5.1367189967594973e-01	   3.0768254530320055e-01	   3.6792083421947547e-01	   3.8308010809138510e-01	   6.3470025794381579e-01	   2.8173427236773135e-01	   7.9388292109838804e-02	   5.7407406214770274e-01	  -9.6613129997634425e-02	  -1.7426818205982841e-01	   1.6014590350068650e-01	   6.2709163938262466e-02	   2.5539435014261719e-01	   4.6202372021993349e-01	   3.6435363680515731e-01	   3.1599573692199023e-01	   1.0255039893140851e-01	
   2.8860923703963337e-01	   1.8940704692380905e-01	   3.2169734153516977e-01	   6.5609058159405942e-01	   5.1408551762736798e-01	   0.0000000000000000e+00	   5.1317061994489965e-01	   8.0884430333686341e-01	   5.3071205829148260e-01	   8.5694135746866351e-01	   3.4155426114249732e-01	   6.0580995651085301e-01	   5.1501539822484377e-01	   4.5750684931063101e-01	   3.6307245185458792e-01	   4.4639960308185084e-01	   3.0042361348940050e-01	   3.2653392127282044e-01	   1.5416314949502277e-01	   1.8926320314363837e-01	  -1.4289539930826684e-01	  -2.9355295716927536e-03	   2.8486937556130448e-01	   6.9396238439079616e-01	   1.9740848868427596e-01	   5.0314803101312788e-01	  -6.5507538439301252e-02	  -4.3583680802698914e-02	   2.2392056301584226e-01	   4.1370342626195539e-01	   3.8024087489634945e-01	   5.1684503386818259e-01	   4.0426734368553563e-01	   5.7375207099361514e-01	   2.2876256603900380e-01	   2.3564425556946558e-01	  -7.5624456612608471e-02	  -1.0498370110392000e-01	  -9.9014767488443178e-02	   4.5333477755374649e-02	  -9.1673367855136124e-03	  -3.5568960621862872e-01	   9.9488800349524509e-02	   4.3483587220744468e-02	   9.6018576380300397e-02	   2.2474988784557984e-01	   4.2818099333600937e-02	   1.9812691649215321e-02	   1.7262813130567259e-01	   2.0255509508817465e-01	   2.5494464503511238e-01	   2.9149567005475763e-01	   1.5046202590681296e-01	   3.4031297854582088e-01	   2.6698122875206329e-02	   5.9091415337791997e-02	   2.1994045876620000e-01	   8.0995777262855034e-02	   1.1939100239119035e-01	   2.3991209827416332e-01	   4.8442877014631347e-01	   6.8106187696171994e-01	   3.8333623116494697e-01	   4.5809177498462317e-01	   4.1104278464733535e-01	   8.0472047121919088e-01	   2.2723021747387542e-01	   3.1989193772635949e-01	   4.6129508358873417e-02	   1.3032545835448084e-02	   1.0585301038875396e-01	  -3.9854847168423599e-03	   3.7895462843506411e-01	   3.7872019090179682e-01	   3.6921239493178382e-01	   4.3530351416804380e-01	   3.2693680948874976e-01	   3.9544463120688378e-01	   3.1742858740524510e-01	   3.8530052839604628e-01	   2.5925749804427756e-01	   2.4974774735823485e-01	  -2.6911021818924863e-01	  -1.8771403061369890e-01	   9.1702533721003232e-02	   2.1992795659345393e-01	  -1.9272255527439514e-01	  -2.6228414195174848e-01	   9.0498360901466235e-02	   3.3803792309339065e-01	   5.7069246111626715e-01	   6.8481459849409398e-02	   6.5270437481263799e-01	   2.9443397199295301e-01	  -3.2982913157568031e-02	   5.1871797016759431e-02	  -6.7444159062785849e-02	  -2.6044755497128513e-01	   1.8445548040758955e-01	   1.9092627952706506e-01	   2.7589714529107962e-01	   1.0506141229360888e-01	  -4.7188171633537349e-02	   3.1782016105023148e-01	  -3.2398898952877152e-03	  -1.1377671206968665e-01	   4.2244350122540908e-01	   1.9990676498036875e-02	  -1.9205234277843192e-01	   2.6434062133348668e-01	  -1.2515702762478964e-01	   1.3412824221385797e-01	   1.3751847867105965e-01	   8.4843142905849295e-02	   1.4127366317613629e-01	  -3.4464156939884499e-02	
   5.6252651674876708e-01	   5.4382652610901372e-01	   8.7699186807434670e-01	   5.1665088913248314e-01	   7.8797556495523569e-01	   5.1317061994489965e-01	   0.0000000000000000e+00	   5.6747719071397840e-01	   7.8502369372646530e-01	   4.5276464312238540e-01	   5.6979295294105026e-01	   5.2031891879152614e-01	   6.2040596133529125e-01	   4.5282055180349645e-01	   6.8346643890011527e-01	   4.3730911132798278e-01	   4.2513144434400907e-01	   5.0909625961396365e-01	   5.2269904213675433e-01	   5.3863228111908712e-01	   1.1788965954936372e-01	   7.2098960491608771e-02	   5.5460497814066667e-01	   3.8280809034099145e-01	   3.0025820960723626e-01	   2.4852952821928925e-01	   8.5489630196808317e-02	  -7.1281642102247772e-02	   5.4368657211162785e-01	   3.9501578659024683e-01	   5.3082915894241089e-01	   4.8446334825724779e-01	   7.4046974224376871e-01	   6.6865408600708254e-01	   4.8652918197880840e-01	   2.6427123697342170e-01	   1.6133618017578255e-01	   2.1874728230188256e-01	   3.5234220807239647e-01	   4.1862563174069878e-01	   2.1241544579983634e-01	  -1.6747452447383882e-01	   4.1491839804085018e-01	   3.8030251312914254e-01	   4.6008043639506335e-01	   4.6164294193885741e-01	   3.5335631889125713e-01	   3.3672989897061634e-01	   5.0298421176015973e-01	   4.6218316152292360e-01	   6.4230334738132644e-01	   5.9492752831164009e-01	   5.6982051791200705e-01	   6.5302741555561017e-01	   4.7431876215152069e-01	   5.5925488664531031e-01	   4.3368681108221485e-01	   2.5581983892333388e-01	   4.3459579592056574e-01	   2.2069287605410104e-01	   6.1145137516841552e-01	   3.3245505956770560e-01	   4.6253800673065454e-01	   4.7127057134360217e-01	   7.3276918481574826e-01	   6.4672241556809151e-01	   6.2818127572285043e-01	   4.3526030025605067e-01	   2.9623393841438173e-01	   4.0281224324128756e-02	   2.7820366939482466e-01	   5.4368955965224341e-02	   6.9482290757972831e-01	   5.8008103482543094e-01	   6.5182699224295948e-01	   5.3756371313523754e-01	   5.6417556755871945e-01	   4.5263465653260743e-01	   5.6030173487666668e-01	   5.4043762360454628e-01	   4.4127192200018361e-01	   5.4976940584045186e-01	   5.4397258429296325e-02	   6.9742534105745713e-02	   5.1825365189080541e-01	   5.6910920502561591e-01	  -9.9243458913396282e-03	  -4.1635236049512983e-02	   4.6793874441866967e-01	   5.7033659296210482e-01	   5.9361410819464178e-01	   4.2463012465174532e-01	   6.3432424546760047e-01	   7.4133702053148243e-01	   7.2207800821731940e-03	   3.1772172115792099e-02	   1.4597120509815781e-01	  -5.4656350420959628e-02	   4.3878025812104637e-01	   6.0477610976352880e-01	   4.2785751885695861e-01	   4.8211670087181724e-01	   4.5333336190737206e-01	   6.2996094575883366e-01	   1.2514673332690557e-01	  -5.1926761680528274e-02	   5.2832557132261004e-01	   5.2075572040414367e-02	  -9.8893178558991351e-02	   1.5002134488040267e-01	   1.3229653322368020e-02	   2.1732288811406386e-01	   3.9553430302608705e-01	   2.6401957832097656e-01	   1.6082340650546928e-01	   1.1446006517252036e-01	
   7.9995101453553888e-02	   1.7294620928398580e-01	   3.2837988112901567e-01	   8.5583082227186380e-01	   3.5731293154127630e-01	   8.0884430333686341e-01	   5.6747719071397840e-01	   0.0000000000000000e+00	   4.0700102434493202e-01	   8.2425003310144973e-01	   7.7476542802170117e-02	   6.5829479241299549e-01	   3.6163556518435719e-01	   5.4309940054921513e-01	   1.0676987629344314e-01	   3.6610060920930376e-01	   2.4021525727264326e-01	   4.0349034608801715e-01	   6.4658117698109099e-02	   3.0153658317635146e-01	  -1.1129818586453488e-01	  -1.7859737788320500e-02	   1.4816212209079066e-01	   6.7038999866418236e-01	   2.4733107311150815e-01	   5.1223776796057396e-01	  -1.1326422542126860e-01	  -1.1649962642044512e-01	   2.9293352064513006e-01	   4.8446821193582290e-01	   4.3574447032422658e-01	   5.5332414175662359e-01	   5.9330215986774737e-01	   7.4826405247968997e-01	   1.1390806641987414e-01	   1.6733817019471459e-01	  -9.6354361610920952e-02	  -9.3650660680174344e-02	  -1.7696369510699800e-01	   1.0762660104372278e-02	   1.4316200649285993e-01	  -3.7545652203037716e-01	   3.7403024814125674e-01	   2.8895519145131443e-01	   3.5310903580174863e-01	   5.2082231870448004e-01	   3.4904899731812850e-01	   2.9472907289867056e-01	   4.4949362320353242e-01	   4.3072843640875791e-01	   4.2023280491412701e-01	   4.7255817584382637e-01	   3.3437069785276202e-01	   4.0768148311137004e-01	   2.2770729065613937e-01	   1.7970905989623884e-01	   7.3688180151166530e-02	  -2.4899854599710270e-02	   1.9426010384991005e-01	   3.7003853462167957e-01	   4.3544037914185929e-01	   7.0462254898357335e-01	   4.9871303659848243e-01	   6.8724199710643530e-01	   2.6156124747906767e-01	   6.6719004418993566e-01	   3.6724196211157734e-01	   5.4305861182192205e-01	  -1.1992827734319950e-01	  -4.0038196013064339e-02	   5.1805371706087053e-02	   8.1329767135602346e-02	   4.6290808724819188e-01	   5.0861101930632913e-01	   3.8729007359477530e-01	   5.0652710341815665e-01	   3.7638421890301577e-01	   4.9358167493298744e-01	   2.3715270705894106e-01	   3.2473371627852388e-01	   2.0682466888405684e-01	   1.9549331130489025e-01	  -4.1092537060529694e-01	  -2.4574767507406509e-01	  -6.9681431384824299e-02	   2.3745988880651514e-01	  -3.4012562898783305e-01	  -4.1499134889761824e-01	  -5.6290875657846046e-02	   2.4865430902137287e-01	   6.4772360066061685e-01	  -1.7393367780161977e-02	   6.0310913529150234e-01	   1.9201675726519329e-01	  -2.4686100467113772e-01	  -1.2008069288546988e-01	  -1.7880059472284510e-01	  -3.3910243658792460e-01	   3.6901240757546216e-01	   2.0447414677899170e-01	   5.0676804066914816e-01	   1.3545154081414651e-01	   9.1111561623103160e-02	   3.0195166300182930e-01	  -2.0198717737432505e-02	  -1.6972329079344428e-01	   4.9128414274514676e-01	   1.6376866981663984e-01	  -2.3747191796256475e-01	   2.0803768162594433e-01	  -3.0392567731013420e-01	   1.5809937044971678e-01	   1.1006969721756343e-01	  -5.2879747276827635e-02	  -2.6963683182038886e-02	  -1.4162123488955874e-01	
   4.5776021507644260e-01	   3.4888063349536463e-01	   5.5626533151044233e-01	   1.7340733282277321e-01	   7.6043802912286074e-01	   5.3071205829148260e-01	   7.8502369372646530e-01	   4.0700102434493202e-01	   0.0000000000000000e+00	   4.7647088028889906e-01	   5.2947571414341754e-01	   3.6092263156921978e-01	   5.6876598347142104e-01	   2.0779736400120122e-01	   6.5174723009746938e-01	   1.6431437954645359e-01	   1.2772650878290193e-01	   2.1062774321670147e-01	   3.0252177627729460e-01	   2.3621738523855432e-01	  -1.8262527470881440e-01	  -2.2175309570604057e-01	   2.5486942341180069e-01	   1.0749552876649002e-01	  -2.6672901101612127e-02	  -6.1963325259759706e-02	  -2.6107244286840992e-01	  -4.2080393283608186e-01	   1.8982718663763151e-01	   1.1679921572964053e-01	   2.2049228996809114e-01	   1.8583526836700903e-01	   3.5822626581715822e-01	   3.2671124080956271e-01	   2.3745989766384545e-01	   9.0094804436985330e-03	  -1.6523246985151080e-01	  -1.5838832181936460e-01	   2.3480812764236424e-02	   6.8612357050882700e-02	  -1.7999146548152398e-01	  -3.5353310808487776e-01	   1.3798509758564331e-01	   1.1921710738020969e-01	   2.3844992701659801e-01	   2.2666021891066898e-01	   6.2832936854473054e-02	   9.1643751280749378e-02	   2.6214296216288674e-01	   2.8619768938513057e-01	   3.9481452545028672e-01	   3.4804129740766060e-01	   3.4398849974991158e-01	   4.8188041048163471e-01	   1.4064249993882094e-01	   2.0231132773550067e-01	   2.7563086563236855e-01	   1.9551227149597289e-01	   3.4784532911169008e-01	   1.6460237885340112e-01	   6.3116838997871216e-01	   4.1840678179228286e-01	   1.5983788581380559e-01	   2.0631495037556499e-01	   5.9168439876538825e-01	   5.8773443984860196e-01	   3.3147531171308453e-01	   2.0367724721693428e-01	   3.6116597592963212e-01	   2.6520326853647730e-01	   1.7855628516046765e-01	  -1.0202378132588562e-01	   2.9473670571486299e-01	   1.6716845140391651e-01	   2.8513724900705217e-01	   1.5716379755166593e-01	   2.0913296120499650e-01	   9.8408612731592904e-02	   2.8219330251622066e-01	   3.5197508042791187e-01	   1.2119268539001908e-01	   2.9390452219715868e-01	  -1.6702186335019670e-01	  -2.0174048422756613e-01	   2.6648243023336338e-01	   2.1126895828418579e-01	  -2.6192115078814748e-01	  -3.0005290438228682e-01	   2.2994948325710263e-01	   3.3415647408616800e-01	   3.7418536566170812e-01	   4.0914611797716138e-01	   4.1198986533343751e-01	   6.1413447688610323e-01	   7.5752823937926705e-02	   5.3666747486671357e-02	   4.6391508497524965e-03	  -1.1974353450744127e-01	   1.8477687026395137e-01	   4.0313137086177769e-01	   2.1128935528882475e-01	   3.3634852159886319e-01	   2.9505072483188349e-01	   4.8297485495935211e-01	   1.2550193623374301e-01	  -1.8577885940610692e-02	   4.7187234338479106e-01	  -7.9226269590645687e-02	  -2.0362338931625965e-01	   9.0418734432473960e-02	  -5.0692113183701169e-02	   9.8709862765026579e-02	   3.1115062232005952e-01	   1.3921088220971115e-01	   2.1488561104503243e-02	   3.0172686322001478e-02	
   1.3968346900420620e-01	   1.1394883324141412e-01	   2.4395882216464551e-01	   6.2874804761410286e-01	   2.8283915829799727e-01	   8.5694135746866351e-01	   4.5276464312238540e-01	   8.2425003310144973e-01	   4.7647088028889906e-01	   0.0000000000000000e+00	   2.4004315762058992e-01	   5.9526936285059495e-01	   5.1841717924885422e-01	   4.2440335278001229e-01	   2.2860713584930503e-01	   3.9586527326020260e-01	   2.9376877207548246e-01	   3.8316609071235208e-01	  -5.9373465599114425e-02	   8.2945200933711785e-02	  -1.6829092316351846e-01	  -1.8886515691259903e-02	   1.9751821771939837e-01	   7.1028205987095883e-01	   1.3378549704979553e-01	   3.8628921294879626e-01	  -1.0887374219635494e-01	  -7.1270222785569853e-02	   2.2561535036292937e-01	   4.3465069412445145e-01	   3.0914072228284117e-01	   4.3949667565664940e-01	   3.6578030033003750e-01	   5.5436621843282752e-01	   7.0171989149864181e-02	   5.2179653790352248e-02	  -1.5424267091044944e-01	  -1.5994989115639652e-01	  -2.2590609977270359e-01	  -5.0345250637733440e-03	   1.0645992764130427e-02	  -3.2467869007225580e-01	   1.8155777644879459e-01	   1.1093052920575515e-01	   1.7563200022544143e-01	   2.7820002561874141e-01	   1.5339528834046390e-01	   1.5107211000349935e-01	   2.5432770978305086e-01	   2.4774280213253730e-01	   3.4281525377312638e-01	   2.8377961501617066e-01	   2.8045937426481127e-01	   3.4616669148594514e-01	   1.1641255491421666e-01	   1.1569200607606453e-01	   1.8722645771971230e-01	   7.8122005352741386e-02	   1.0987489646030973e-01	   2.1498335091866383e-01	   5.3550676479607640e-01	   7.2069185338285291e-01	   4.1203482501694733e-01	   5.5868369749056923e-01	   3.5253517884560204e-01	   6.8733323905084609e-01	   1.1065087450435115e-01	   2.0790562329507661e-01	   9.1024596356320813e-04	  -6.9126622184099443e-02	   3.1041507226105561e-02	  -1.0231502274872309e-01	   3.2822836725145232e-01	   3.1748828132081652e-01	   3.0812032051317112e-01	   3.3408711156435972e-01	   1.8052922927154499e-01	   2.7109051981924748e-01	   3.2613531406468699e-01	   3.5091966142333264e-01	   2.6672386219247790e-01	   2.3786906231584820e-01	  -3.9961789651904156e-01	  -2.0875611356816040e-01	   2.3134408041093527e-02	   1.6846641884750033e-01	  -3.1850418673448194e-01	  -3.4671646291660807e-01	   9.4478616424216455e-02	   3.0229850037268668e-01	   5.1450695102458122e-01	   5.1941841859368607e-02	   5.3970400939803942e-01	   2.3760027028338759e-01	  -1.1145426574635915e-01	  -1.5727564585999561e-02	  -1.6301307248540103e-01	  -2.7515290931846470e-01	   2.0858656128974118e-01	   1.7915668758867404e-01	   2.3579738005771067e-01	   1.2923800458478135e-01	  -9.1795224992386820e-02	   2.5919858330573103e-01	  -1.9740342104574207e-01	  -2.3842648103481753e-01	   4.0887045964214574e-01	   8.1431537685205779e-02	  -1.0074225233595344e-01	   2.4971459624300307e-01	  -2.2493929972352331e-01	   6.8020527386933399e-02	   3.0531613611010543e-02	  -1.3220901879711722e-01	  -7.5373621455878517e-02	  -6.7242333381055619e-02	
   7.4792901453040828e-01	   6.4104808415759329e-01	   5.4363416638054751e-01	   1.0691381108943510e-01	   5.8880383997564933e-01	   3.4155426114249732e-01	   5.6979295294105026e-01	   7.7476542802170117e-02	   5.2947571414341754e-01	   2.4004315762058992e-01	   0.0000000000000000e+00	   4.9429706329713841e-01	   8.4450630752880929e-01	   4.2941193722560078e-01	   8.1116992457434089e-01	   5.0586504025160806e-01	   7.0173441949318405e-01	   6.1119755833670952e-01	   5.4717253804108701e-01	   4.2252110728572057e-01	  -4.2780220241336597e-02	  -5.1625905539247695e-02	   4.6820403684996692e-01	   1.7981141668291667e-01	  -1.0047731688191773e-01	  -1.4022907968465043e-01	   4.2601912863657582e-02	   3.9707664642645787e-02	   5.2003958727133359e-01	   3.4608455932646831e-01	   1.1241920208797229e-01	   1.4305555803716874e-01	   3.1998157323842724e-01	   2.6388189944673124e-01	   2.2400370052261714e-01	  -9.2824987109608098e-02	  -3.0025404541344197e-02	   5.5116065164483329e-02	   2.8496948531954092e-01	   2.2826673054347285e-01	  -2.1897870848700027e-02	   2.1891670409672451e-02	   9.8549393030228971e-02	   1.2163775177365396e-01	   7.2836073624216579e-03	  -7.5010840098443984e-02	  -8.5502395480406088e-03	  -1.1377720134514071e-02	   2.8975713092831645e-02	   2.9053464681781084e-02	   2.8488856897913356e-01	   1.2407318343446487e-01	   3.0549254080519950e-01	   4.0560538026873316e-01	   1.4468337141918089e-01	   3.2478527949922587e-01	   6.2423068278969895e-01	   5.1182583223759270e-01	   2.4836455606763858e-01	   7.6227398880772665e-02	   5.5631051350085414e-01	   1.6983151182757308e-01	   3.8773016190598408e-01	   2.1840809851959850e-01	   5.4381958458820590e-01	   3.5896570808880501e-01	   1.7167746057961741e-01	  -1.1095224782734378e-01	   5.4223885626480084e-01	  -1.1902181961739252e-02	   2.3898270694929230e-01	  -1.0831604608702738e-01	   4.8995816038754586e-01	   3.2442462368894998e-01	   5.8186233724690772e-01	   3.9350817042256669e-01	   3.1275324621648071e-01	   1.9452184779130799e-01	   7.4734951931924165e-01	   7.0390237619297436e-01	   5.9775102828916571e-01	   6.4354820214688702e-01	   3.1384710022613366e-01	   3.4069497646551739e-01	   6.1900516948567352e-01	   4.6005494836601346e-01	   1.7909477107179503e-01	   2.2848286739297091e-01	   5.6819561595050549e-01	   5.6491010159965793e-01	   1.8507963460296786e-01	   2.0182723336917169e-01	   3.8257338854525114e-01	   5.9699704167867351e-01	   4.0615485881716979e-03	  -1.4066029476375674e-02	   5.5977449954316437e-02	  -1.0938808426788130e-01	   7.7973427028802320e-02	   3.7008854577668621e-01	   4.1163423162965965e-02	   3.1549504918790755e-01	   2.1948583649770462e-01	   5.0371458767982269e-01	  -8.4498398970247357e-02	  -3.0547478052147453e-01	   1.5002624257302391e-01	  -8.1936431476079138e-02	  -1.0529880481814566e-01	  -9.4241200992587676e-02	   5.3503459562138131e-02	  -1.3643286573162751e-02	   2.1088433038798404e-01	   2.1986325797368345e-01	   2.0337504740847012e-01	   1.4425963333472486e-01	
   2.6962575438869413e-01	   4.1576984863009503e-01	   3.2104579120990295e-01	   6.1331816246855519e-01	   3.8314395116370054e-01	   6.0580995651085301e-01	   5.2031891879152614e-01	   6.5829479241299549e-01	   3.6092263156921978e-01	   5.9526936285059495e-01	   4.9429706329713841e-01	   0.0000000000000000e+00	   6.4447661013158553e-01	   9.2074783025216977e-01	   3.9620199788990418e-01	   7.3553555458945219e-01	   5.4534952233446721e-01	   6.4401393465354917e-01	   2.6305072517501166e-01	   5.0101101494604172e-01	  -8.7289451554603631e-02	  -2.8748682226078029e-02	   2.5273391474865614e-01	   5.4733233349610177e-01	  -3.9109796138043232e-02	   1.7259246974157094e-01	   2.2135821751256869e-02	   5.1173187339889709e-02	   5.5157936229795412e-01	   6.7654511216902558e-01	   2.4478944417168585e-01	   3.8867977897338268e-01	   5.5201419416422182e-01	   6.6859522372689195e-01	   3.9149572582550203e-02	  -4.7528724733354719e-02	  -4.9778938065762864e-03	  -1.0922182824325178e-02	   2.4434692214964620e-02	   5.5084021249570500e-02	   1.3348289947593311e-01	  -2.3692144613668287e-01	   4.5793496250052379e-01	   4.1495621663863036e-01	   2.7934571060129670e-01	   3.1322203021127387e-01	   3.9070729037634133e-01	   3.4094722240819758e-01	   3.3783276220697012e-01	   3.1593937440186304e-01	   4.2533913328935880e-01	   3.5236500853484548e-01	   3.8086254213560011e-01	   4.0810590459543422e-01	   3.5332552491023278e-01	   2.9365161923340233e-01	   2.2934905733912034e-01	   2.6741238076006237e-02	  -7.6359125648164314e-03	   8.0378229163936499e-02	   2.9027947816600147e-01	   4.1865486336007451e-01	   3.8337736892854590e-01	   5.0256800938479718e-01	   2.6062693268336151e-01	   5.1248808002676316e-01	   1.9769468076496491e-01	   2.4327124079949536e-01	   3.2514388951037365e-02	  -2.0688820585865886e-01	   1.0566025465628778e-01	  -7.4341740620846489e-02	   5.5670065838593663e-01	   5.7753933660341139e-01	   4.9605379997927801e-01	   5.9358805591716091e-01	   4.0828383053493245e-01	   4.7632423635107046e-01	   6.2601242305746752e-01	   6.2175571419520037e-01	   5.2352933366682863e-01	   5.1257726979537432e-01	  -7.6526482714317473e-02	   1.1356819704027291e-01	   1.9860731738242493e-01	   5.3432016330152143e-01	  -7.2131795653263830e-02	  -9.1410628542120481e-02	   2.1215572637961524e-01	   3.9078663019755022e-01	   4.5873024431046178e-01	  -1.9389381498845362e-02	   5.2150742394311589e-01	   2.3594080633787293e-01	  -2.3759342118750412e-01	  -3.0876987167880870e-02	  -4.3709777002968242e-02	  -2.0942069443732181e-01	   4.3040638209545723e-01	   2.4297947401702391e-01	   3.6495378494867697e-01	   1.1868886922482308e-01	   9.3638382665740705e-02	   3.0382690720880462e-01	  -1.0998700072216419e-01	  -3.7333991060484295e-01	   2.4483944931051002e-01	   4.1362154524500851e-02	  -1.5941001886189923e-01	   6.9697225282601777e-02	  -1.0378912644979923e-01	   2.3136241826447554e-01	   2.6309519121152702e-01	   1.4445453654698628e-01	   2.2457302231944692e-01	   1.5358547109645426e-03	
   5.1408531532536750e-01	   4.9255127123673892e-01	   5.2097929100174989e-01	   2.7839659527722610e-01	   5.1021078401232456e-01	   5.1501539822484377e-01	   6.2040596133529125e-01	   3.6163556518435719e-01	   5.6876598347142104e-01	   5.1841717924885422e-01	   8.4450630752880929e-01	   6.4447661013158553e-01	   0.0000000000000000e+00	   5.6848861104314874e-01	   7.4650506317590737e-01	   5.9502572531085929e-01	   6.6300379772148066e-01	   6.7751760131587668e-01	   2.2733393476220234e-01	   2.5135484018450949e-01	  -1.1963715334352512e-02	   5.2071762367746202e-02	   4.1566244726867796e-01	   3.4696189621222873e-01	  -4.4621609379384879e-03	   3.8983452627864975e-03	  -1.3740718479376973e-02	  -1.2030316396934848e-03	   5.8183349658355743e-01	   5.0687732302267619e-01	   1.7087745275269586e-01	   2.1293659562668887e-01	   3.5731342126052040e-01	   3.7959363174367428e-01	   2.1991118855010788e-01	  -7.0780278519075479e-02	  -3.6965812120431166e-02	   1.8650371038006803e-04	   1.7788537259499981e-01	   1.6309264938701673e-01	   9.4128018525870091e-02	   2.8106977556149493e-02	   1.7523062423217142e-01	   1.3255656234779692e-01	   1.5715771807698542e-01	   9.6260432688131004e-02	   1.2978933490611042e-01	   1.1983194435774779e-01	   1.2129109546907697e-01	   1.0605182576228470e-01	   3.5143427009490980e-01	   1.6366032694458255e-01	   3.3852814822829519e-01	   3.8482896940941119e-01	   2.1691273880305623e-01	   3.6216913981842780e-01	   4.9996353555657769e-01	   3.4511841226362150e-01	   1.6871559932500962e-01	   6.5788489729459859e-02	   6.7696713098481998e-01	   3.3744316579016509e-01	   4.5876415650554803e-01	   3.8156896397360701e-01	   4.9482334446147264e-01	   4.2373961531474680e-01	   2.2181376911971107e-01	   4.6769600900953362e-02	   3.4929156154930080e-01	  -8.0673268039983537e-02	   1.4837498395471990e-01	  -1.7686296309546809e-01	   5.1991165983830512e-01	   3.8543907782644232e-01	   5.6535306306013644e-01	   3.8494093749273128e-01	   2.9952912224008960e-01	   2.2686218581559742e-01	   7.4206213369247287e-01	   6.8660460897868170e-01	   6.0636558614658720e-01	   6.2632906797677868e-01	   1.1590899088897595e-01	   2.6939580113434325e-01	   5.0370051672227079e-01	   4.6295777129775628e-01	   7.6451591494808187e-03	   1.7755875710554758e-02	   4.9481598301977159e-01	   5.4007037747661069e-01	   3.1466295001865269e-01	   1.5937395654065703e-01	   4.7394047381091176e-01	   5.3190769170415597e-01	  -7.1451496877223714e-02	  -3.6666128993275066e-02	   1.7320491966797115e-02	  -1.2837222921948155e-01	   1.8243743605348592e-01	   3.2194856884972017e-01	   1.3068061954051113e-01	   2.2547125699534581e-01	   1.2377968084705032e-01	   3.8614092552586110e-01	  -1.4556458143352202e-01	  -3.5670005782443315e-01	   1.6145508830149050e-01	  -1.0280776063290977e-02	  -5.2176270762278154e-02	  -1.5859946257487080e-02	   3.1508762584526943e-02	   2.3656729565398250e-02	   1.5335856797848837e-01	   1.0518111088240209e-01	   6.7651644116556470e-02	   7.1889463782267599e-02	
