   0.0000000000000000e+00	   6.5560537732128144e-01	   6.5144912785165165e-01	   4.1800252228057289e-01	   3.5241370590298604e-01	   1.4289812017640627e-01	   5.5859262516814900e-01	   3.6198920227689313e-01	   5.8340423732584257e-01	   2.6073610831286553e-01	   6.2300920741214849e-01	   4.6192232906862318e-01	   5.3011698789246853e-01	   3.7819144707104302e-01	   5.7878159890347602e-01	   4.9524839352002775e-01	   5.0240106433955323e-01	   4.6866055349677138e-01	   7.1726626353945577e-01	   3.3765611730650447e-01	   3.3916852927553698e-01	   2.8163904338584633e-01	   3.9262152077574963e-01	   2.6100282715608231e-01	   2.5970510556130189e-01	   1.1725442709127756e-01	   2.6459513068085166e-01	   1.4905601109715721e-01	   4.9785569966803822e-01	   4.7798974473902994e-01	   3.6001327047002007e-01	   3.1272512198352714e-01	   5.6731104684068023e-01	   4.7034922262437279e-01	   2.0873545761357226e-01	   1.8032306124697878e-01	   1.9549356996663073e-01	   3.8232016064580882e-01	   3.3978989733799281e-01	   2.5321108055251113e-01	   6.0195420366911678e-01	   5.0766515506688825e-01	   3.2254936938311557e-01	   3.4007012633924683e-01	   3.1523312073780119e-01	   2.9610621119060609e-01	   3.3178518862731171e-01	   3.4400710374239568e-01	   2.7939801967585987e-01	   3.8232979660005062e-01	   3.2172573464976417e-01	   4.4396336730584190e-01	   4.1876592753578501e-01	   5.2534983722166373e-01	   3.4649659503985164e-01	   4.3536866763280524e-01	   7.9505150645884515e-01	   4.8818988154525850e-01	   5.8036621173011038e-01	   3.7769851659985032e-01	   4.1860452318716901e-01	   1.5497225885829230e-01	   2.6521019215998232e-01	   3.0681584207121787e-01	   2.6451875610626890e-01	   2.0553709075232007e-01	   2.7235396971721448e-01	   1.7888513547631307e-01	   3.4460854343465502e-01	  -1.5168738659743625e-01	   4.0171205702242196e-01	   3.6947353203697031e-01	   6.7789786238562844e-01	   5.9395300948895013e-01	   7.2991885053374206e-01	   6.7772280574846944e-01	   7.2615803374765853e-01	   5.3988126181146312e-01	   5.6283625324433606e-01	   5.2356638415049772e-01	   5.2730669288513299e-01	   6.0731253345852054e-01	   3.3976992578371085e-01	   5.7782404065394610e-01	   5.5143076243832845e-01	   5.1994367391590446e-01	   3.9011405527717752e-01	   5.6595675975534210e-01	   4.4876102297355225e-01	   4.9685775012336753e-01	   2.8581435500002622e-01	   5.0772981906304770e-01	   9.6992797511486914e-02	   5.1274237851840920e-01	  -5.1581222070081922e-02	  -3.6063483093390192e-02	   2.3658769252412457e-01	   4.7651737332727861e-01	   2.5758213369740218e-01	   5.4175576527627589e-01	   2.0835833880147286e-01	   5.9254551527669563e-01	   1.3379367737819012e-01	   5.3631971973120540e-01	  -1.6376402592699946e-02	   2.8267258530568812e-01	  -7.2665843571217748e-02	   1.1691256878445530e-01	  -7.6855876283423261e-02	   1.0806936269058388e-01	   2.2121165026517661e-01	   3.2025839411871609e-01	   3.6054965115306808e-01	   4.4521368802891631e-01	   3.4316363973075581e-01	  -2.7908861282143460e-01	
   6.5560537732128144e-01	   0.0000000000000000e+00	   4.1414365724992208e-01	   5.4183214586205541e-01	   2.6268166135214110e-01	   2.2411723857978877e-01	   4.3061675368480451e-01	   4.8207449602962937e-01	   4.3429720346950962e-01	   2.9764801878724068e-01	   6.3907720339241125e-01	   6.0484261675870998e-01	   6.0253685405360680e-01	   4.9576565674560746e-01	   4.6893436475433681e-01	   6.4059695591119448e-01	   6.6986784658313625e-01	   7.3817326104234071e-01	   6.7282889711593941e-01	   6.7025740453084792e-01	   2.9848436934017147e-01	   2.2594062098080903e-01	   2.4468420612054728e-01	   2.2647140196128385e-01	   1.7351832870942657e-01	   1.3411001960430369e-01	   2.2022009258801359e-01	   1.2498712876078218e-01	   6.4980491495351611e-01	   6.9709748184136888e-01	   2.8349396168709379e-01	   2.9346118755226080e-01	   6.1102069519587143e-01	   6.5294820591293479e-01	   5.9197032407571022e-02	   1.7682719083367437e-01	   3.4151184210466085e-01	   5.4139392806337405e-01	   3.7541572594056494e-01	   3.7757557115951723e-01	   6.9191216690086665e-01	   6.8336057530663452e-01	   3.3543689935158666e-01	   3.6915543795700068e-01	   3.5732046898144376e-01	   3.5918487855688341e-01	   3.8435939656456003e-01	   3.8916746685265863e-01	   2.7993880618668110e-01	   3.9819640805757595e-01	   3.9863377324301363e-01	   4.4412617329155696e-01	   4.6250793358687825e-01	   5.0184641444429667e-01	   4.8151143290962306e-01	   5.6188121596740648e-01	   6.7085727585245514e-01	   8.8096133486252182e-01	   5.2332021810087292e-01	   5.7887910542476462e-01	   3.6500708761677081e-01	   2.6045418239203000e-01	   5.9586468062824860e-01	   6.3207323259224391e-01	   1.8374878959093699e-01	   3.0646420585248368e-01	   4.3894486029260860e-01	   4.4760906527868410e-01	   3.4472219003604643e-01	   2.8198857943165101e-01	   3.9461306099145887e-01	   4.3366112236564136e-01	   5.6169191271014307e-01	   6.6074739807318050e-01	   5.4098564024453122e-01	   6.4650408769130507e-01	   7.0642431060674005e-01	   7.4127258713635191e-01	   6.7330791732625561e-01	   7.5570305026086704e-01	   7.9944737149313694e-01	   7.8223784767717619e-01	   2.5318183688122564e-01	   7.2087158815910513e-01	   4.8449747686231542e-01	   5.2151563380581123e-01	   2.1252858606200253e-01	   4.7538437189016508e-01	   4.4351214506551534e-01	   5.7594446055189197e-01	   4.3149916550462142e-01	   5.0213835034428267e-01	   2.1286082365746406e-01	   4.7760202226922954e-01	   1.3411888579127643e-01	   2.2765025577303794e-01	   5.8228205512207498e-01	   5.7697269247427130e-01	   4.3662581641350018e-01	   6.1011607410246538e-01	   4.0569838688478915e-01	   6.4428573178823689e-01	   4.4960657375965407e-01	   7.1547766807049795e-01	   2.7610668050198883e-01	   4.4704504640659842e-01	   2.0464961840182727e-01	   3.2352951601631336e-01	  -5.4278696467396442e-02	   2.0551681865321730e-01	   3.9201374477116180e-01	   4.8973752829647454e-01	   5.9644124434480617e-01	   6.1091309621680101e-01	   4.0035726749439537e-01	  -1.3721575963340035e-01	
   6.5144912785165165e-01	   4.1414365724992208e-01	   0.0000000000000000e+00	   7.1748190466286710e-01	   7.3197655838164644e-01	   3.0087691361326740e-01	   9.0367513424895707e-01	   6.1052749555755126e-01	   7.9343368478234133e-01	   5.0585922640319214e-01	   6.1055630002714678e-01	   4.6434615086009162e-01	   5.3381270512522527e-01	   3.9205744102608620e-01	   7.7533692105553298e-01	   5.6078263806405393e-01	   1.6238522317367562e-01	   1.6121292621889957e-01	   5.7076096803589238e-01	   2.3723251538375351e-01	   5.9928725941061933e-01	   4.9932651207375012e-01	   8.6489628835635446e-01	   7.1881426087563560e-01	   6.9631587220811764e-01	   5.5236560609269536e-01	   6.6930858529981707e-01	   4.2230970248069855e-01	   2.9639185678793256e-01	   2.6979868083469088e-01	   7.7622307130376023e-01	   6.7961437648278888e-01	   5.9936222255655536e-01	   5.5369185121660991e-01	   5.8609658396026054e-01	   4.8191015523290726e-01	   3.2928258288772033e-01	   3.3560510391901310e-01	   3.9206187788055225e-01	   1.9366107334420443e-01	   5.5457359090980607e-01	   3.7224455685406604e-01	   2.1593821833787072e-01	   1.5786722162200120e-01	   2.1199190343951477e-01	   1.8021360641568790e-01	   2.2055433326445639e-01	   1.9670288272654224e-01	   1.9238294303504214e-01	   3.3526951089420876e-01	   2.5686064724249846e-01	   3.8750889872115424e-01	   3.7456841935132562e-01	   4.7860580139157460e-01	   2.0290830386127473e-01	   2.6578211584717709e-01	   3.0308575486032036e-01	   2.2420048681404287e-01	   5.5476180543559306e-01	   4.3208566238149942e-01	   6.2006987396563717e-01	   4.6268234846356349e-01	   3.8767212749879917e-02	   7.6132992894841628e-02	   7.3088950423103383e-01	   5.4766995701682619e-01	   3.6174691343195536e-01	   2.1434755693732677e-01	   4.9853593120137352e-01	   5.5958285652760550e-02	   5.5904312760828190e-01	   5.4914526639304373e-01	   4.6728625405971452e-01	   3.9507806807178891e-01	   5.5855806389883500e-01	   5.1375582956383370e-01	   6.1027599476759220e-01	   5.5255479835573285e-01	   1.9244456054970976e-01	   2.0305816893996390e-01	   1.6993570688776466e-01	   3.0995987507175937e-01	   4.5301484119570085e-01	   4.8665019527734349e-01	   7.5606113069715919e-01	   6.9736727701643642e-01	   5.7002188816996979e-01	   6.5747977958441362e-01	   6.6400934237536791e-01	   6.6551275443534341e-01	   3.8276722106267341e-01	   6.7689360462685910e-01	   4.2551189620107932e-01	   7.9648232253603268e-01	  -2.7886660493607940e-01	  -3.6039983725662555e-01	   7.5800241438568908e-02	   8.2029916459026381e-02	   6.4710730316896670e-02	   3.4235938786219511e-01	   2.6666780800881751e-01	   6.4990367661047377e-01	  -1.1709820904560032e-02	   4.5268564512849929e-01	  -1.4375088595684538e-01	   8.3206448977698189e-02	   5.7979907333346695e-02	   1.6868723541339750e-01	  -1.5361123407582464e-01	  -1.9794226995005915e-01	   6.0194064543230334e-02	   4.7169706852020404e-02	   1.4392229095705944e-01	   2.4693025853802120e-01	   3.3648548479456508e-01	  -4.0909989661843271e-01	
   4.1800252228057289e-01	   5.4183214586205541e-01	   7.1748190466286710e-01	   0.0000000000000000e+00	   5.8921648482864186e-01	   4.7438222452520851e-01	   6.4921677411881118e-01	   8.0405312991044675e-01	   5.9330618271382285e-01	   5.8569571918775609e-01	   4.4312814486709506e-01	   6.1198420187192193e-01	   4.1749888538535956e-01	   5.0078605148498967e-01	   6.1523199095451253e-01	   6.8619500439291969e-01	   2.1045896957456303e-01	   2.6622557396230340e-01	   4.5906363820018498e-01	   4.0452996776676131e-01	   5.5900509658310582e-01	   5.4031098381095854e-01	   6.8129003505189489e-01	   7.9696744275593778e-01	   5.9018279748934177e-01	   6.5050915853098457e-01	   4.1839321975667942e-01	   4.0386204340392245e-01	   2.7828425012472641e-01	   3.8774297496159982e-01	   6.5795205263848677e-01	   7.1455490603516336e-01	   6.7182128300205668e-01	   6.9630907058257918e-01	   5.4972485098443635e-01	   6.2374372889930707e-01	   3.3971027204788129e-01	   3.9161981706446647e-01	   4.0682264325265549e-01	   2.3250964682758640e-01	   5.6827658564222694e-01	   5.1548361309252089e-01	   3.2335590402828446e-01	   2.7950708032044708e-01	   3.5609711981956571e-01	   3.2982440227717597e-01	   3.5213017001975627e-01	   3.2432131655302143e-01	   3.1160169635224533e-01	   4.1692025070162664e-01	   4.0025784569838996e-01	   4.5728783132917905e-01	   5.3158465884831485e-01	   5.7217093184264356e-01	   4.2510960786810076e-01	   4.4438719078392963e-01	   2.6795219316272834e-01	   4.1391617013931936e-01	   5.7023216542715716e-01	   6.9817802954526798e-01	   4.9098378920577390e-01	   6.7924629907588252e-01	   1.9108055425758225e-01	   3.2312903334941423e-01	   7.0775450648254501e-01	   7.3880088825020862e-01	   6.0237636738213252e-01	   5.7222495367497039e-01	   5.5057765798227987e-01	   3.7763781362133098e-01	   3.7930223167185795e-01	   4.5775584665060087e-01	   3.1471689959440213e-01	   3.9706000781879902e-01	   3.4461400914881202e-01	   4.3360175524861821e-01	   5.0072317251436105e-01	   5.5871290586501310e-01	   2.3277702184128027e-01	   2.7881060186403706e-01	   3.0922672796966044e-01	   4.1308041402811846e-01	   4.8327169696804151e-01	   6.1708555645824958e-01	   7.9213583265990350e-01	   8.4399170712150107e-01	   6.0789748971653990e-01	   7.6482183759343014e-01	   6.7142417897073625e-01	   7.0393431204718060e-01	   5.7857475503758393e-01	   6.3019010373133433e-01	   6.1438421895854911e-01	   6.5573225132401314e-01	  -2.6622234911264031e-01	  -3.1185073373282346e-01	   2.6210605766947259e-01	   2.4420872070982746e-01	   3.4766041868709768e-01	   4.7929292807157142e-01	   4.7554514448404328e-01	   5.6204829069418638e-01	   2.2647515366216986e-01	   4.9277365141942037e-01	   1.7163223180912152e-02	   1.1635122119584973e-01	   1.3660240284192413e-01	   2.4329767125739796e-01	  -5.6799956005790991e-02	  -1.3087188867982211e-01	   2.8736649760990202e-01	   2.9997819967542833e-01	   3.6631834698073390e-01	   4.0724713359958337e-01	   3.5324281333373986e-01	  -4.0437001825810098e-01	
   3.5241370590298604e-01	   2.6268166135214110e-01	   7.3197655838164644e-01	   5.8921648482864186e-01	   0.0000000000000000e+00	   5.3532486556901726e-01	   7.3939638571252941e-01	   5.3234695889113903e-01	   6.2021150384852131e-01	   4.4685914612678412e-01	   5.5605549965562096e-01	   3.9149540820899587e-01	   4.6118280931516364e-01	   3.2820256975587986e-01	   5.7126351550023802e-01	   4.4901871108851538e-01	   2.0377722838345036e-01	   1.2083216014465267e-01	   4.8379011082790468e-01	   3.0878211395321492e-01	   5.0643145293419134e-01	   5.3092117450791976e-01	   5.9758521127976327e-01	   5.0248378094570434e-01	   6.6204572988682853e-01	   5.4896990358560915e-01	   4.2123024124177966e-01	   3.3342069350707115e-01	   2.2570671091740724e-01	   1.4881388388771599e-01	   5.2512650356156088e-01	   4.1029170174397878e-01	   4.8625903965530548e-01	   4.5202256051405737e-01	   4.0219155748102087e-01	   3.8913521989986566e-01	   2.9097633876770945e-01	   1.5691265590135733e-01	   3.5166588003775057e-01	   1.9162578993412470e-02	   3.4665405696652724e-01	   1.5503779243765281e-01	   1.4843298905192298e-01	   3.7951814802050780e-02	   1.6771054653572329e-01	   1.0156393770535500e-01	   1.5953514007948288e-01	   1.0863603725546500e-01	   8.2273892971175183e-02	   1.4123953573402126e-01	   1.6335828946953113e-01	   1.7335434629744240e-01	   2.6139104422699805e-01	   3.0765119194151824e-01	   1.2935328024420006e-01	   1.4290941553689956e-01	   1.7181635993847677e-01	   2.1867411181488189e-01	   4.6543809569460370e-01	   3.9159521233567413e-01	   6.5168198930818289e-01	   4.6794965585506548e-01	   1.2594744146006331e-01	   8.4694564811832462e-02	   6.3104379521189768e-01	   4.4900332389995989e-01	   4.7487160119113381e-01	   3.5353309623201395e-01	   6.0491136136623158e-01	   4.0182085736264106e-01	   3.9003723079054475e-01	   4.0894658705127518e-01	   2.0654423780817180e-01	   1.5626460443245513e-01	   2.3568909847958674e-01	   2.1274578875538236e-01	   3.9216649264065889e-01	   3.7436043536660268e-01	   1.3256894378206624e-01	   1.2762638952529590e-01	   1.8583989355155928e-01	   1.6873830412194007e-01	   3.8598396931788703e-01	   4.2302469076720695e-01	   6.2459564160332748e-01	   4.9498607903050335e-01	   4.1530366256954976e-01	   3.7388076568344297e-01	   6.8140422170574377e-01	   5.4401786882975256e-01	   5.1587242312617521e-01	   6.8265490999637979e-01	   6.2692589906739404e-01	   7.7838756643709883e-01	  -2.3921712699836339e-01	  -2.5574699659445144e-01	   1.7852344241499948e-01	   1.9751788971170744e-02	   1.3361994390231685e-01	   3.2618170713267480e-01	   4.5315973068326654e-01	   6.4773567807205024e-01	   1.7281213084240121e-01	   4.5929438490884905e-01	   8.8470679667634361e-02	   1.2489991417915959e-01	   2.5980741842728355e-01	   1.9307619235901122e-01	   1.3661036602329455e-02	  -2.8320844701066744e-01	   1.5949739705038801e-01	   1.3209278727864088e-01	   2.2223449378584853e-01	   3.5018027926560863e-01	   4.2886378812327963e-01	  -1.5018900091278320e-01	
   1.4289812017640627e-01	   2.2411723857978877e-01	   3.0087691361326740e-01	   4.7438222452520851e-01	   5.3532486556901726e-01	   0.0000000000000000e+00	   4.0675765567555727e-01	   5.9566657551780788e-01	   3.8769417837420994e-01	   5.4976229497875073e-01	   4.2285853519767247e-01	   6.0340585742209030e-01	   3.4556746829273977e-01	   5.7613851177692121e-01	   1.0147181600728236e-01	   2.8220537840706256e-01	   6.4353304329482178e-02	   1.1958522484476347e-01	   9.1889087397418898e-02	   9.3934585034605333e-02	   1.0238184169093843e-01	   1.8376525105511407e-01	   2.5481649133394135e-01	   4.2043491367118474e-01	   2.6912940473004943e-01	   3.2287338084971667e-01	   2.7817455490934917e-01	   6.3637119680317622e-01	  -8.6035339197447047e-02	   4.6955773780996387e-03	   9.9441713407532051e-02	   1.6442661908795808e-01	   1.8976356502490754e-01	   2.9490078436487155e-01	   2.3033080830949371e-01	   4.1863139798902615e-01	   5.6054165724353684e-03	   1.5440647849146749e-01	   1.0210984053886363e-01	   1.3299432978493592e-01	   7.5847347218158404e-02	   1.5999526110901208e-01	   3.0074925363592742e-01	   2.5799318242889413e-01	   2.9345701610117886e-01	   2.8958173231688028e-01	   2.7537109200710502e-01	   2.7740603286846111e-01	   2.5373422393999501e-01	   3.2218045239922272e-01	   2.4548383072418239e-01	   2.7192786618721482e-01	   2.7472025491405011e-01	   2.4672852799404560e-01	   2.0881022660151821e-01	   2.3623408005187602e-01	  -5.1472442311143861e-04	   1.9833917449190808e-01	   4.7412600710934888e-01	   4.6268431066307009e-01	   5.9624743782970924e-01	   6.8040213883677092e-01	   2.3939351858115656e-02	   1.3822526619782904e-01	   4.8600865339465882e-01	   6.4193306107316228e-01	   4.4879484201198544e-01	   5.0140545862821928e-01	   2.2340930136881615e-01	   3.3328284392006546e-01	   2.2644358949104181e-02	   1.1303386070138900e-01	  -1.2221164896460188e-01	   1.8647730493472159e-03	  -1.1187090841892711e-01	   3.7043700399732017e-02	   1.8099236991917766e-01	   2.6934657910532855e-01	   2.0965700025266754e-01	   2.2980274869753942e-01	   1.8980084005202169e-01	   3.0804158399246528e-01	  -3.0642809399339093e-02	   2.5294669153213495e-01	   4.9853735878205996e-01	   5.9191932281043358e-01	   1.4787497930302357e-01	   2.3528591363377455e-01	   5.4967192205072901e-01	   4.9926341927158779e-01	   4.9143700157640846e-01	   5.1571892756289983e-01	   6.2660232241255531e-01	   5.4239699811374797e-01	   7.7591085895351117e-02	   1.7694274979285041e-01	   1.9911073270908208e-01	   1.7240024293836906e-01	   2.5142575799474703e-01	   3.5779327325078258e-01	   4.7725328180145182e-01	   4.6241285002290422e-01	   3.2100082029786453e-02	   2.9983051557548046e-01	   2.8043149864052430e-01	   3.0474312273736920e-01	   2.8293553059630200e-01	   2.7280395960875048e-01	  -8.7204159173764062e-02	   8.8336557889774365e-03	   1.9274366558214401e-01	   2.3401540906571316e-01	   3.5436020748860264e-01	   4.4537099183285850e-01	   5.7032460709059196e-01	   1.4714215492584168e-01	
   5.5859262516814900e-01	   4.3061675368480451e-01	   9.0367513424895707e-01	   6.4921677411881118e-01	   7.3939638571252941e-01	   4.0675765567555727e-01	   0.0000000000000000e+00	   7.3836588839290684e-01	   9.1622224174081335e-01	   6.3382636325409147e-01	   7.6819611294149792e-01	   6.2628363889863992e-01	   6.9474779846945101e-01	   5.7336760327088099e-01	   7.2189040764318013e-01	   6.3925497028112055e-01	   1.7670328261303986e-01	   2.2605770381295148e-01	   5.3510003446919963e-01	   3.3228664266953073e-01	   5.5183759151572498e-01	   4.5644816548175438e-01	   7.4043876707289225e-01	   5.9796803303657253e-01	   5.6969324760659767e-01	   4.1896797588557644e-01	   5.9224546859796035e-01	   4.7427101867245142e-01	   3.4818426926142076e-01	   3.2503266462878833e-01	   7.2180211275785844e-01	   6.2900052787334837e-01	   5.7951910598104595e-01	   5.7985965923508576e-01	   4.0366846417103741e-01	   3.5481759003019825e-01	   2.0814435402162684e-01	   3.1035012613551038e-01	   3.6831386336390393e-01	   1.8207046038950053e-01	   4.9413496679335916e-01	   3.1355790687782581e-01	   3.2217338829584308e-01	   2.7922924016179895e-01	   3.3947082220445646e-01	   3.1463228662700682e-01	   3.3644930264358330e-01	   3.0807155249999568e-01	   2.7520809955048375e-01	   4.0601035432830945e-01	   2.8851755919628874e-01	   4.2793388412695565e-01	   3.6086184975821034e-01	   4.2884053314527154e-01	   2.1950492767857571e-01	   2.5932407318501927e-01	   1.8540222444251317e-01	   2.2067271017564855e-01	   6.4990722133579293e-01	   4.9310357533572208e-01	   7.6842244559106421e-01	   5.0614609422145573e-01	   2.2470685830997014e-01	   1.9468161815967333e-01	   6.7098199972383143e-01	   5.3461939245947476e-01	   4.2019686980138071e-01	   3.0221316486318828e-01	   3.3167086087821507e-01	   1.2296650247561744e-01	   4.9182162254645517e-01	   5.3248340544476302e-01	   3.9430251702548491e-01	   3.7365188995327336e-01	   4.3765468593752554e-01	   4.3274895199006980e-01	   5.4105280032980141e-01	   5.7322332978270929e-01	   2.0979683571954963e-01	   2.7089760591052936e-01	   2.8105778814974786e-01	   4.3890545493088590e-01	   4.0244817406377986e-01	   5.7095361693964630e-01	   6.3998499878395443e-01	   6.6688782515066625e-01	   3.9044603089866348e-01	   5.2146881737418282e-01	   6.2588584546819848e-01	   6.3827305365599118e-01	   4.3348172243469030e-01	   6.4740507035361261e-01	   4.9471234093421668e-01	   8.0136338312126143e-01	  -2.0773973450525801e-01	  -2.4962362048492814e-01	   1.6912725585049238e-01	   6.8983711131263392e-02	   1.4954751463753352e-01	   3.5247678800558385e-01	   3.9408742295904953e-01	   7.3398095838175814e-01	   6.1023233292684984e-02	   4.9871317101692303e-01	   2.3363800971083114e-02	   1.7090988850729977e-01	   2.0829113391854739e-01	   2.7806064008762166e-01	  -8.0365198664999582e-02	  -1.8363422873070950e-01	   7.3488413211836190e-02	   8.1558946185290401e-02	   2.3728209098811387e-01	   2.8682827369377040e-01	   3.4262018078610862e-01	  -3.7355292966183162e-01	
   3.6198920227689313e-01	   4.8207449602962937e-01	   6.1052749555755126e-01	   8.0405312991044675e-01	   5.3234695889113903e-01	   5.9566657551780788e-01	   7.3836588839290684e-01	   0.0000000000000000e+00	   7.5415704332502631e-01	   8.7861582055123622e-01	   6.0512704849651344e-01	   8.1379343354914124e-01	   6.1135884941399532e-01	   8.0145104493057806e-01	   4.3744567159238579e-01	   7.2172488995322603e-01	   1.9422657010023886e-01	   3.4503141442820523e-01	   3.7469518239477401e-01	   4.0653061319451833e-01	   4.7965135819431759e-01	   4.6303527927217525e-01	   4.9769438361983287e-01	   6.2506211968036995e-01	   4.0844683153019024e-01	   4.7695353104718308e-01	   3.0908501158650259e-01	   4.7171329500904213e-01	   2.5053182869130231e-01	   4.1049479171662639e-01	   5.7317512254474146e-01	   6.4106004876774569e-01	   6.1368467047733011e-01	   7.3859832007921189e-01	   3.6422530716256785e-01	   5.2822550716794325e-01	   1.7075162966609087e-01	   4.4223779744188030e-01	   3.6182451289999085e-01	   3.2108276803137159e-01	   4.5789740471635032e-01	   4.7661699630317561e-01	   4.2334976996406282e-01	   4.2626029518704112e-01	   4.6460552965650848e-01	   4.8944251841713127e-01	   4.4604928567162722e-01	   4.3967394800505033e-01	   3.8077275768887109e-01	   5.5746781644637755e-01	   3.9050776431148931e-01	   5.2427001639631798e-01	   4.5680015816740782e-01	   5.0497724689615642e-01	   3.3869367773835146e-01	   4.1942502355212075e-01	   1.8373113732662860e-01	   3.3645771939699010e-01	   6.8878186163324329e-01	   7.2604289205441175e-01	   7.1863274831441248e-01	   7.9533486848733159e-01	   2.7496704484592227e-01	   3.8542706198165655e-01	   5.9067296872666808e-01	   7.6346696807263825e-01	   5.5402640362718703e-01	   5.9973246621447052e-01	   3.1065508165893568e-01	   3.5314529189047439e-01	   3.3384990702495809e-01	   4.7851086729666759e-01	   2.2404311752051811e-01	   3.8542112480202245e-01	   2.4316609354512997e-01	   4.0940710582424505e-01	   4.4447607997444250e-01	   5.8803737524245203e-01	   2.8353655271367606e-01	   3.7287825310984418e-01	   3.2112710454534471e-01	   4.9267925841842153e-01	   2.8194770375548939e-01	   6.5033313041210572e-01	   5.2671051430776172e-01	   7.9409681683982880e-01	   3.3774741474598069e-01	   5.6123078306747132e-01	   6.0337426319816911e-01	   7.1324717624640399e-01	   5.5137766603199068e-01	   5.4008741273053051e-01	   6.4866565852086078e-01	   6.2203661741842387e-01	  -1.7794065448150134e-01	  -9.7151399879379596e-02	   2.7752463940482541e-01	   2.5274572092569925e-01	   3.3299594222210749e-01	   4.5664519385297986e-01	   6.0118545350645070e-01	   6.4148954219913978e-01	   1.8887886912030644e-01	   5.2520537547336699e-01	   1.1086937938997760e-01	   2.2877086790781004e-01	   2.8650968725177706e-01	   4.0930586740570896e-01	  -4.4032139256649096e-02	  -7.3463427422715818e-02	   2.5186465868863506e-01	   2.5587747923158521e-01	   3.9267609819983879e-01	   4.0948561317982246e-01	   3.0001864997537436e-01	  -3.5340028095804099e-01	
   5.8340423732584257e-01	   4.3429720346950962e-01	   7.9343368478234133e-01	   5.9330618271382285e-01	   6.2021150384852131e-01	   3.8769417837420994e-01	   9.1622224174081335e-01	   7.5415704332502631e-01	   0.0000000000000000e+00	   7.1821027988194708e-01	   7.5811768904629395e-01	   6.5499650618045302e-01	   7.0550728072258662e-01	   6.4052450830367036e-01	   6.9217063122183653e-01	   6.8637670424738839e-01	   2.0775097131580700e-01	   2.8333792142105019e-01	   5.0641596781076859e-01	   3.3479541565797521e-01	   5.7280692960013746e-01	   5.0049613447654184e-01	   5.8337897648901860e-01	   4.7952382783745306e-01	   3.7552178608359876e-01	   2.7630024398567216e-01	   4.5990805602424767e-01	   4.3684600059005452e-01	   3.9000962526875116e-01	   3.9934460380654446e-01	   6.1624192000854161e-01	   5.5466420956525275e-01	   5.6273451704359378e-01	   5.7627338744012091e-01	   1.8806619181030199e-01	   1.8724464886522113e-01	   2.3030996815945598e-01	   3.7832447478386766e-01	   3.9052542771455467e-01	   2.2934421592195586e-01	   5.7076241367889013e-01	   4.2647567065726388e-01	   4.1472852186077896e-01	   3.8665243165580143e-01	   4.2425010775570643e-01	   4.1035749080031564e-01	   4.4236921942747365e-01	   4.1824723048778756e-01	   3.6118501726249141e-01	   4.8935609462666096e-01	   3.4575380983227894e-01	   5.1432212213217388e-01	   4.4279461222665045e-01	   4.9620893850415704e-01	   2.8154255645000970e-01	   3.3179117839403249e-01	   2.6291876411999704e-01	   2.7979268427864257e-01	   7.3332410039541429e-01	   5.8422116804738033e-01	   7.7532946095631194e-01	   5.0255711119598701e-01	   3.1436598599946319e-01	   2.8743332336064381e-01	   5.1175370766848605e-01	   4.5005425677379340e-01	   4.2460370874594333e-01	   3.3931033617171302e-01	   3.2578844675873020e-01	   1.1249302563586970e-01	   4.4700419577393974e-01	   5.4946033990137388e-01	   4.5976252262171186e-01	   4.4783322069198006e-01	   4.6828344970933339e-01	   4.8096192952169992e-01	   5.3510734549879690e-01	   5.6822667283814776e-01	   2.7636240348783980e-01	   3.1832662671218248e-01	   3.2757473961354527e-01	   4.9962415188879555e-01	   4.2371788179871600e-01	   6.3381398481663309e-01	   5.1095994642951559e-01	   6.4817847189134703e-01	   3.5744794439506278e-01	   5.2347083880462353e-01	   5.6933380821850554e-01	   5.9824862688629343e-01	   4.3468474254659395e-01	   5.8127615921015718e-01	   4.1929248076778691e-01	   7.1170611930703964e-01	  -1.8245889175378288e-01	  -2.1001384853497959e-01	   1.6390061947645468e-01	   1.1477638300590631e-01	   2.2441992023930779e-01	   3.8062079361082241e-01	   4.1635153426992622e-01	   7.0376637891249716e-01	   7.3319937249788539e-02	   4.9919477535418411e-01	   1.9296436329832262e-02	   1.8181868388164962e-01	   2.0253424352563260e-01	   3.6458233079616542e-01	  -9.2536813271619334e-02	  -1.5254378602984059e-01	   1.0807683568627344e-01	   1.3076749390205925e-01	   2.5727086174517166e-01	   2.3745931269566742e-01	   2.7584755094521674e-01	  -4.3629611200455082e-01	
   2.6073610831286553e-01	   2.9764801878724068e-01	   5.0585922640319214e-01	   5.8569571918775609e-01	   4.4685914612678412e-01	   5.4976229497875073e-01	   6.3382636325409147e-01	   8.7861582055123622e-01	   7.1821027988194708e-01	   0.0000000000000000e+00	   5.1879488573623100e-01	   7.2082401938091800e-01	   4.9946353366738916e-01	   7.8797369112876514e-01	   2.3245746513187301e-01	   5.3917169368611484e-01	   1.2319013084826322e-01	   2.4335801519811417e-01	   2.3999737770703033e-01	   2.4205710766885202e-01	   3.9355653179061495e-01	   3.9375169478173933e-01	   3.7058804442043480e-01	   5.0498955169734061e-01	   2.7988340265404632e-01	   3.1752602435979449e-01	   2.3625671172333196e-01	   4.1124089415268761e-01	   1.0109049215638291e-01	   2.6182112515082484e-01	   4.3088273576366204e-01	   4.8246275349960666e-01	   4.2202843295876341e-01	   5.9552507818834788e-01	   2.6905277705058417e-01	   4.0893982685742947e-01	   1.2081919430596746e-01	   4.1407732457262536e-01	   2.2367193545748021e-01	   2.9253792814698321e-01	   3.1147374199265121e-01	   4.2230258437317358e-01	   2.5805231601057033e-01	   2.7304542211376659e-01	   2.8092532469293924e-01	   3.3875232447047821e-01	   2.7255351709555353e-01	   2.8473786301432169e-01	   2.0990417174007336e-01	   4.2799951427167970e-01	   1.7653867720951430e-01	   3.4261619580278346e-01	   2.7337705596640632e-01	   3.2759442027077484e-01	   9.5125045479994536e-02	   2.3916324806192757e-01	   1.1601629576595232e-01	   2.3071195292824834e-01	   6.5869444012584311e-01	   6.0089105391073683e-01	   7.8875695805228641e-01	   8.2954219099012627e-01	   8.0878493637453641e-02	   2.0718429722662929e-01	   4.4551876734607054e-01	   6.4479701864281980e-01	   3.0924936066687531e-01	   3.7616248124323481e-01	   2.1606985521464478e-01	   1.7307176214541553e-01	   3.1306806147483790e-01	   4.2629358611474499e-01	   1.1808717203083360e-01	   2.9407017172633743e-01	   1.6847866197150091e-01	   3.3555194004597866e-01	   3.2165244341765109e-01	   4.3284410279590180e-01	   2.3032044763876311e-01	   2.6682101127137792e-01	   1.7743911335113380e-01	   3.2002449993736903e-01	   1.3415118758926314e-01	   4.8306954314443906e-01	   3.5177033516882406e-01	   6.6246561891298605e-01	   2.2604147805570729e-01	   3.9791649403121276e-01	   5.3698330861892107e-01	   6.8204324027023455e-01	   3.6852408138776699e-01	   3.9031761616644295e-01	   5.6064174240234887e-01	   4.9425097751803715e-01	  -1.9111699058037440e-01	  -1.0403368106966795e-01	   6.2755017080883629e-02	   9.5024779855191865e-02	   1.0319273430431980e-01	   2.6349150961757695e-01	   4.9439168361654012e-01	   5.1285526255802727e-01	   3.7552337797313873e-02	   4.0281894471445179e-01	  -5.7183389457993797e-02	   1.0076659079937460e-01	   1.8589992154312568e-01	   3.5030792808182121e-01	  -1.3795300963285001e-01	  -1.1849627299242402e-01	   1.0550951131553499e-01	   8.0121286599855110e-02	   2.1598882698764194e-01	   2.7489112154061734e-01	   1.9342525692417412e-01	  -2.9308200530829637e-01	
   6.2300920741214849e-01	   6.3907720339241125e-01	   6.1055630002714678e-01	   4.4312814486709506e-01	   5.5605549965562096e-01	   4.2285853519767247e-01	   7.6819611294149792e-01	   6.0512704849651344e-01	   7.5811768904629395e-01	   5.1879488573623100e-01	   0.0000000000000000e+00	   8.1376277847939793e-01	   9.5482302110775508e-01	   7.6490061288664069e-01	   5.5439041461206529e-01	   7.3810785902079012e-01	   5.1061729447428517e-01	   5.3856631380550990e-01	   5.5983430577119409e-01	   4.9246399847261574e-01	   3.3829506439317247e-01	   3.1476462646756198e-01	   3.8442209386718212e-01	   2.7557756822528479e-01	   2.6419942863803214e-01	   1.4978160002383309e-01	   3.5697296808269330e-01	   3.1184520680324668e-01	   5.6109351248878547e-01	   5.2839557081629818e-01	   3.6724233875840367e-01	   3.4261864694276006e-01	   5.0280799261494558e-01	   5.5035780464901263e-01	   4.6106763059516657e-02	   8.0710357838466557e-02	   2.1435847752850123e-01	   4.0132511147223099e-01	   3.0737102769647096e-01	   2.4574851356878558e-01	   5.2975758225027236e-01	   4.2666186806765105e-01	   2.6175151304957928e-01	   2.4652341091369856e-01	   2.7731406352790178e-01	   2.5675100169312981e-01	   2.8803817497734940e-01	   2.6811217999285814e-01	   1.7263584298032153e-01	   2.8951890954204046e-01	   2.1242546262577294e-01	   2.9604266202343754e-01	   2.7408217696961690e-01	   2.8072738313365680e-01	   2.4587070607120953e-01	   3.1105533030271632e-01	   4.1787454466813068e-01	   5.0150736984225985e-01	   6.8595591357336660e-01	   4.7309164960658479e-01	   8.0309789867685355e-01	   3.8119081396832410e-01	   5.6438971442554520e-01	   4.7489941730020829e-01	   4.4492675312548446e-01	   3.5353538946744589e-01	   3.6461095251071018e-01	   2.7261384135213140e-01	   2.9954677027328747e-01	   1.4652539716137403e-01	   4.8448444278229841e-01	   5.1548719601346993e-01	   5.0385484827682414e-01	   5.2219614083668242e-01	   5.2576789373998600e-01	   5.4858687064036582e-01	   6.8037212230915811e-01	   6.9159998221342911e-01	   5.0987838884144221e-01	   5.4573614568990403e-01	   6.0082131472127209e-01	   6.8505215724337154e-01	   1.7283951220449173e-01	   6.8318631012093189e-01	   4.9394531325152369e-01	   5.1114091592893218e-01	   7.1802689478498660e-02	   2.6594930210598244e-01	   6.0761541263357632e-01	   6.0498656447515353e-01	   4.0902513103625993e-01	   5.8066929493456310e-01	   4.3977433839586727e-01	   6.8757092812858001e-01	   1.2649693108296636e-01	   9.4085797060814935e-02	   4.1442161353549789e-01	   2.8994130340975938e-01	   2.1179839799687056e-01	   4.5082191360125268e-01	   5.2206617032165947e-01	   7.8264857191874182e-01	   3.5068746602150180e-01	   6.4861970530203061e-01	   2.2765992686515796e-01	   3.9813840865654160e-01	   2.5122718110993819e-01	   2.4962357860482570e-01	  -1.6974242266718714e-01	   1.1605935172936151e-01	   2.2153209106955232e-01	   2.6158271633636526e-01	   4.1944880223421205e-01	   5.3122241569739126e-01	   4.2435393981921976e-01	  -9.7485295377491246e-02	
   4.6192232906862318e-01	   6.0484261675870998e-01	   4.6434615086009162e-01	   6.1198420187192193e-01	   3.9149540820899587e-01	   6.0340585742209030e-01	   6.2628363889863992e-01	   8.1379343354914124e-01	   6.5499650618045302e-01	   7.2082401938091800e-01	   8.1376277847939793e-01	   0.0000000000000000e+00	   7.9009516551265468e-01	   9.5024034134956015e-01	   3.8093192099443529e-01	   7.7228293561426331e-01	   3.9376399730647582e-01	   5.1960548020994313e-01	   3.8339639050359875e-01	   4.5433906165386534e-01	   2.5335945115633546e-01	   2.4208279330300891e-01	   3.6622271890286789e-01	   4.6539359873323372e-01	   2.4809605223038006e-01	   2.4468108410602055e-01	   2.8724115525238836e-01	   4.0779251406961731e-01	   3.7709681115908983e-01	   4.9005170727813130e-01	   3.0855896393922433e-01	   4.1687011511736127e-01	   4.5256981079071262e-01	   6.0165457879635487e-01	   1.9742394368785240e-01	   3.3320157749287205e-01	   8.0442791681606188e-02	   4.0935868492855898e-01	   1.9675398584687775e-01	   2.8124213186765762e-01	   4.3363983600345446e-01	   4.6914082724542605e-01	   2.8140063165166818e-01	   2.9361614462170560e-01	   3.3751064468806513e-01	   3.4869623526830462e-01	   3.0389014797235253e-01	   2.9814246466189764e-01	   2.3914567955985150e-01	   3.9110529491155843e-01	   2.5619173900431846e-01	   3.4572873688734285e-01	   3.2528393144335943e-01	   3.1665904418210106e-01	   2.5501232419014208e-01	   3.4860079262394922e-01	   2.9169768638789972e-01	   4.6444935329394360e-01	   6.7420837690002788e-01	   5.9668995688066440e-01	   7.6072585237333390e-01	   6.7825050577431067e-01	   4.5811379346146852e-01	   5.2516914266658277e-01	   5.3408116049421195e-01	   6.2346199791436141e-01	   4.1202831007282403e-01	   4.2175271970915551e-01	   2.5436640630724294e-01	   2.2612052392790344e-01	   3.8349567882464164e-01	   4.7997965354742833e-01	   3.0258076747308099e-01	   4.6396510955690118e-01	   3.4785900634098710e-01	   4.9068314947895597e-01	   5.7907174301183417e-01	   6.5651769178044916e-01	   4.8938341288494847e-01	   5.4003218365595096e-01	   5.4396079225511884e-01	   6.9631445062951880e-01	   6.9916870477751719e-02	   6.7612877259348592e-01	   5.3324949808368449e-01	   7.0868206972681913e-01	   1.0682211488121149e-01	   3.8061003156595430e-01	   5.7968408776557356e-01	   6.7685658617612576e-01	   4.5068733943691108e-01	   4.9913844183294809e-01	   5.8607323032484204e-01	   5.7164632159062256e-01	   1.0052727372058243e-01	   1.5610941799914779e-01	   3.3641799087229290e-01	   3.3702851757587726e-01	   2.3592907927374807e-01	   4.3204049581102866e-01	   6.0021320857302130e-01	   6.4069589854688602e-01	   2.8247426456769903e-01	   5.5993737111008934e-01	   1.7200236364898575e-01	   3.9722356645592893e-01	   2.1993112469043363e-01	   2.8224917853028092e-01	  -2.1649996093466045e-01	   1.9192364972329229e-01	   2.2141548297541375e-01	   2.3850994330700009e-01	   4.0753664346691060e-01	   5.4412645261431425e-01	   4.0165279455188774e-01	  -1.1564123200963267e-01	
   5.3011698789246853e-01	   6.0253685405360680e-01	   5.3381270512522527e-01	   4.1749888538535956e-01	   4.6118280931516364e-01	   3.4556746829273977e-01	   6.9474779846945101e-01	   6.1135884941399532e-01	   7.0550728072258662e-01	   4.9946353366738916e-01	   9.5482302110775508e-01	   7.9009516551265468e-01	   0.0000000000000000e+00	   7.8449078310108722e-01	   5.2819053539532690e-01	   7.7877467070099748e-01	   4.6888053990428774e-01	   5.1696345689689349e-01	   4.7149846636429299e-01	   4.7342864529709494e-01	   4.0686212950716349e-01	   3.8471748949348461e-01	   3.2021496505867353e-01	   2.3568064621053428e-01	   2.3633936486817564e-01	   2.0697396787941602e-01	   3.2459395619213094e-01	   2.7009608421985731e-01	   5.7096557999272235e-01	   5.4106500886648456e-01	   3.7691362079853696e-01	   3.7537439491786317e-01	   4.8455058558702219e-01	   5.4035088091904471e-01	   1.7851180408775667e-02	   6.3763849106776974e-02	   2.4385517491866243e-01	   4.0219894662453337e-01	   3.2687141574538214e-01	   2.4820934107035514e-01	   5.4729323001955943e-01	   4.3637341588106454e-01	   2.6421890096180267e-01	   2.5963193397480178e-01	   2.7291571781600044e-01	   2.6629352244952992e-01	   2.9538001536845748e-01	   2.7103218050715627e-01	   1.7562383453535027e-01	   2.9975171117140270e-01	   2.2823143468078677e-01	   3.0796623685518304e-01	   2.7071583283174699e-01	   2.4942574502584081e-01	   2.7817841165786256e-01	   3.1095665051516130e-01	   3.8273962967874409e-01	   4.6904058415880023e-01	   6.6606913740848073e-01	   5.0054939485825756e-01	   7.4814290295948582e-01	   3.3897184637243249e-01	   6.0125720749391354e-01	   4.7395795620721864e-01	   4.0560102704519729e-01	   3.5904570659463680e-01	   3.8518622479770959e-01	   3.1224488486623653e-01	   3.2806026611049449e-01	   2.0726369344722290e-01	   5.0783995668835646e-01	   5.3991385751858478e-01	   5.0107784160048929e-01	   4.9873803282981621e-01	   5.0883758195264484e-01	   5.2987561070032518e-01	   6.2611784615312771e-01	   6.7414367077972959e-01	   4.5951504017509193e-01	   4.8492244066312074e-01	   5.5183834032742796e-01	   6.2883778339239826e-01	   1.7479598006655483e-01	   6.7273078661335628e-01	   3.6777600417662948e-01	   4.3816833455615573e-01	  -1.8906467524578382e-03	   1.7942557205394360e-01	   5.4141933357893524e-01	   5.6084163063421122e-01	   3.8781062899071106e-01	   4.8612324185883266e-01	   4.1811202125904545e-01	   6.0868918884619871e-01	   1.7875058205485345e-01	   9.6227863016338705e-02	   4.3827799598667350e-01	   2.4275625554397492e-01	   2.1492631558310754e-01	   4.0189863561442657e-01	   5.4522849175648758e-01	   7.3441964258857895e-01	   3.9815224067709881e-01	   6.1038094405692633e-01	   2.3890785080554477e-01	   3.9115301819141868e-01	   2.9909778380032498e-01	   3.0387820570146895e-01	  -2.0594558119321105e-01	   1.0976386508191771e-01	   2.0713604991893525e-01	   2.0937013843415908e-01	   3.7285166317817564e-01	   4.3923245095054531e-01	   3.1633114778771887e-01	  -1.5233002853523808e-01	
