   0.0000000000000000e+00	   7.7737192098093888e-01	   3.4342858178822777e-01	   4.2662742999123371e-01	   1.1774191565463434e-01	   1.9975736184311418e-01	   4.3092030348076382e-01	   4.4505982853883297e-01	   3.5219468316002167e-01	   2.8584752940388725e-01	   6.1225017590419639e-01	   6.4970366989137462e-01	   6.0658957285733295e-01	   6.6218112075418789e-01	   5.6856941388649873e-01	   5.7915975307126355e-01	   4.2733768997985477e-01	   5.7482758202602136e-01	   6.9141380128233887e-01	   5.2042293652892446e-01	   1.2942591552392746e-01	   1.2156772673133753e-01	   4.2169319665365002e-01	   3.3155574819553518e-01	   1.0868391347169207e-01	   1.4273373938706448e-02	   2.4212259014750348e-01	   1.9885673618145469e-01	   3.0489890252666785e-01	   4.4359399006325917e-01	   1.8281563246148147e-01	   7.5304438575115956e-02	   6.3052511290740332e-01	   5.7615393251767699e-01	   4.3312203784060305e-01	   5.3203490573543888e-01	   3.2634462221159433e-01	   2.8819531373030915e-01	   3.6731466599383195e-01	   3.2028292724604368e-01	  -8.1003540310852266e-04	   2.6371057395402443e-02	   3.3664735140932356e-01	   2.0396543960054980e-01	   3.9263351469925156e-01	   2.0421658996313216e-01	   3.7490399020846726e-01	   3.7264357056108638e-01	   4.7360664906742461e-01	   2.8757711545209169e-01	   5.3778116347923866e-01	   2.9899626059851536e-01	   4.5066930528229721e-01	   3.1153396966276492e-01	   5.5395263179150867e-01	   4.4052266981889299e-01	   8.9198710475712129e-01	   8.2529337884083487e-01	   7.3696871864227642e-01	   6.4602632700476481e-01	   7.1743787648061763e-01	   5.4925165932985809e-01	   5.1492851067502188e-01	   5.1711479308683161e-01	   2.7445984041963090e-01	   4.3116539303579882e-01	   5.8971960251372135e-01	   3.8432852032778952e-01	   3.3102746023995400e-01	   2.9264215041154473e-01	  -4.7482101642118413e-03	   2.1184856731009408e-01	   2.2533838613670057e-01	   3.3113243391783437e-01	   2.6644145249053752e-01	   3.2743489126382419e-01	   6.2406438742393644e-01	   5.9272305117980784e-01	   4.8749966528588218e-01	   5.4859412801764151e-01	   7.0107206053079119e-01	   6.2204034539347897e-01	   3.4859296330924705e-01	   3.5053065911156778e-01	   7.0283238806921311e-01	   5.5646896736331319e-01	   2.7178223037833282e-01	   9.8742902921722414e-02	   5.0335906258677676e-01	   5.5271254495885602e-01	   5.7492355823009966e-01	   5.4440561742520766e-01	   3.7610589293552543e-01	   2.5078321721278296e-01	  -3.4922607135695238e-01	  -4.0943318371079118e-01	   2.5244850050119305e-01	   1.5448357705380904e-02	   5.7665285008062317e-01	   4.1530929185215981e-01	   3.9026158313620524e-01	   1.6140920601178582e-01	   3.5261689570346100e-01	   2.5055017586146222e-01	   2.2662051616489301e-01	   1.3219891419192681e-01	   2.8225490726467978e-01	   5.7658799647996495e-01	  -3.9846098487029469e-01	  -1.6732189497140748e-01	   5.2410222396981587e-01	   2.6722168776259675e-01	   1.0880358224554904e-01	   2.1666616240295722e-01	   7.4422744162166557e-02	  -2.8515934910978230e-01	
   7.7737192098093888e-01	   0.0000000000000000e+00	   2.2108558179510301e-01	   3.5521380563613925e-01	   2.0000203603064304e-02	   4.7098218984180241e-02	   1.9177915374730994e-01	   2.9107725045487109e-01	   2.2167062513028413e-01	   2.3609242181107754e-01	   3.0191821726832835e-01	   4.2358970814134433e-01	   3.6814569127712482e-01	   4.5282777236164867e-01	   4.7409635197096950e-01	   4.6313420683537976e-01	   2.4519555386880554e-01	   4.9622649514466000e-01	   5.2395073434626938e-01	   4.7255842745369525e-01	   7.9566881611737542e-02	   1.3904251596536368e-01	   3.3366914349909371e-01	   3.0561726024732200e-01	   8.2580326337004434e-02	  -5.8946143266185398e-03	   2.5013094606253783e-01	   2.2253220196838711e-01	   1.3862882836741436e-01	   2.9359183937175753e-01	   1.3278539474987172e-01	   4.3432537329442418e-02	   4.3855392487848910e-01	   4.0596905428824148e-01	   4.7332622450929729e-01	   5.5649137104618784e-01	   2.4795128433755426e-01	   2.1107921764356036e-01	   2.7975223264090587e-01	   2.1692208346410952e-01	  -4.1803966272471196e-02	  -1.8982538134342950e-02	   1.3103424063413455e-01	   7.0004994814048746e-02	   2.4854862895324240e-01	   6.7785960863340072e-02	   2.2926413578346660e-01	   2.4828762263501514e-01	   2.0113521442278975e-01	   6.0404426336661932e-02	   3.5084561301564832e-01	   7.8844655228779661e-02	   3.8660115983378263e-01	   3.0000203402519848e-01	   4.6853146655101696e-01	   3.1332967426422764e-01	   8.0454142820058472e-01	   8.9783421574972011e-01	   5.4322851195353983e-01	   4.7841685521787497e-01	   4.8985811637703991e-01	   4.4014125477816074e-01	   9.8812324152596845e-02	   2.4248210742428300e-01	   3.1316357458301619e-01	   3.9100382915502385e-01	   4.0461557333462111e-01	   2.9469541134279942e-01	   3.3592553897294175e-01	   2.8172212139381303e-01	   5.3480181141503644e-02	   1.9855827731215159e-01	   1.4154667524356979e-01	   2.5707431400884545e-01	   1.5339940853345482e-01	   2.8669309816067312e-01	   4.6245718659935248e-01	   4.4334353664282311e-01	   3.0660087765612082e-01	   5.2108087559169503e-01	   5.0426145870020800e-01	   4.4849925649638772e-01	   1.9080421571210787e-01	   2.7022311263888299e-01	   4.8475997854457631e-01	   3.5000353081923535e-01	   1.7949912429648557e-01	   1.7265407109717640e-01	   4.8629735537442026e-01	   5.1943887964050028e-01	   5.4475414449398429e-01	   4.6835733483638553e-01	   4.3807472554048832e-01	   2.3100701688414882e-01	  -2.9106587019682928e-01	  -2.6011334580139861e-01	   2.4282483150968262e-01	   2.6455180597419813e-02	   4.7216811514959584e-01	   3.0971671643670362e-01	   3.8880593702234456e-01	   5.0214150187691688e-02	   3.2947700697943838e-01	   1.1522632083353371e-01	   2.6567340749129004e-01	   1.6971561421664066e-01	   2.8618154996365958e-01	   4.5032650249914113e-01	  -2.3397558654312514e-01	  -9.7243415759219659e-02	   4.2222590793913994e-01	   2.0270081711906626e-01	   1.3616746777015137e-01	   2.3527831179600309e-01	   1.2360509167473716e-01	  -1.6482788954980460e-01	
   3.4342858178822777e-01	   2.2108558179510301e-01	   0.0000000000000000e+00	   8.0157982541647566e-01	   7.4310912134486373e-01	   7.4993056184243201e-01	   8.5466265608679470e-01	   6.5346773920516199e-01	   6.6072557925848263e-01	   7.4749130679673359e-01	   5.1675078239334593e-01	   3.0888138917034147e-01	   6.3453630548599027e-01	   6.1056972880109406e-01	   4.7862477145810478e-01	   5.0263394670337369e-01	  -1.2762254912452103e-01	  -1.6956880097736055e-01	   2.4639773052546665e-01	   8.2308574340104274e-02	   3.4378868040839394e-01	   4.0718343481951880e-01	   8.9163122094034919e-01	   8.1649661829710773e-01	   6.8532175375957061e-01	   6.3134377977314504e-01	   6.2896455135622942e-01	   6.2830653160999028e-01	   8.5068261599746425e-02	   8.0241843074763258e-02	   5.1390651634331519e-01	   4.8152320892559008e-01	   4.6290024699217780e-01	   4.5200211643710053e-01	   4.4596052534262121e-01	   5.4233098318518536e-01	   3.9650804254385197e-01	   3.6000180642467156e-01	   5.8746737640307434e-01	   4.5199867674260685e-01	   2.4710028177943005e-01	   2.4001249879922271e-01	   2.9580925299531374e-01	   3.5374580326760763e-01	   4.8246267913415780e-01	   4.4686985084631070e-01	   3.5585700501584183e-01	   4.5031828799714557e-01	   5.4178232649322089e-01	   4.3406509451657627e-01	   5.9310627566470564e-01	   4.6478463199132286e-01	   4.4917107749116869e-01	   5.0698543713381772e-01	   5.4244535258005344e-01	   5.9140614282434256e-01	   1.1603260726305364e-01	   1.5007651777126246e-01	   4.9920915268042854e-01	   4.2184699344705001e-01	   4.2674481629594763e-01	   4.1322704804700361e-01	   9.5047247989547168e-02	   1.9959824887455602e-01	   1.7495293964141023e-01	   4.3980775417913065e-01	   4.2536409835933398e-01	   3.1871522277283704e-01	  -1.6417761908203665e-01	  -8.8275940753774873e-02	   4.4986257279517328e-01	   5.2032406934003661e-01	   2.5703981972779733e-01	   9.7682541544454066e-03	   2.3962773342315113e-01	   1.9055245253425365e-01	   3.0914073368266692e-01	   2.7951447383692873e-01	  -5.9231336590760235e-02	  -1.5257548357041195e-01	   2.5543910115234478e-02	   1.5829685852818859e-01	   3.9143658874837839e-01	   2.9042528121088962e-01	   4.0035518896451838e-01	   4.7577948010521309e-01	   6.2020135504346185e-01	   2.1066497760354480e-01	   4.2003221889171921e-01	   4.8004169006286224e-01	   4.3150009004465284e-01	   5.6616542557817584e-01	   6.7524448595070652e-01	   6.5094195129954668e-01	  -6.7332270131449212e-02	  -7.6928411756221005e-02	   4.3489564648429263e-01	   2.5711658692831502e-01	   3.7937943026029208e-01	   4.5410110698677641e-01	   5.3526618557977657e-01	   5.0734613673194828e-01	   3.2493782422758188e-01	   4.3700817012525972e-01	   2.7141051819049622e-01	   3.0285766767412881e-01	   1.9726601923573178e-01	   3.0609219162204671e-01	  -3.8903880250516609e-01	  -1.5782770036360791e-01	   4.8779794915158375e-01	   3.5752819629266619e-01	   3.5200962084519388e-01	   4.6289224023372411e-01	   3.2737481800426643e-01	  -1.6102335781998989e-01	
   4.2662742999123371e-01	   3.5521380563613925e-01	   8.0157982541647566e-01	   0.0000000000000000e+00	   6.3205643994991689e-01	   7.6508993944412329e-01	   8.0655202651645563e-01	   8.8091076262684931e-01	   6.5322781647616313e-01	   7.4028498443048951e-01	   4.4844996711108287e-01	   4.4030297016836772e-01	   5.5523750512346526e-01	   6.5066338381019062e-01	   4.9539277086787536e-01	   5.5597787216064032e-01	   6.6190629368734055e-03	   1.8111764751735364e-02	   2.9195000787804354e-01	   2.8910073172780792e-01	   2.3978228025275827e-01	   2.8634112081421514e-01	   7.6267119228803959e-01	   8.3393442039303856e-01	   5.1056402098021203e-01	   5.4658440286010990e-01	   4.9872915783521654e-01	   5.1698533452892836e-01	   1.3545935182757357e-01	   1.6526217810327479e-01	   4.6587765835132328e-01	   4.7425363753733901e-01	   5.5944117428214724e-01	   5.4211615930519130e-01	   4.1452101808002234e-01	   6.4455746896633614e-01	   2.8330793224722473e-01	   2.5407358770347332e-01	   4.8200755159144992e-01	   3.5408474704874021e-01	   1.7108427486102629e-01	   1.6531715136600078e-01	   4.6828471740880484e-01	   4.3677861894794939e-01	   5.4781198215798899e-01	   4.9350730800263315e-01	   4.9434335578618760e-01	   5.4246770629145225e-01	   6.6367203368996508e-01	   5.5958590149382892e-01	   6.6258323930969532e-01	   5.4615371580144700e-01	   5.2597912900849053e-01	   5.2039789748252940e-01	   5.4695636118889879e-01	   5.4404571320836059e-01	   2.2725136122346376e-01	   3.5964942710859416e-01	   6.2149168427561829e-01	   6.7140337143540307e-01	   5.6095643294530850e-01	   6.7772814421388716e-01	   2.2547960240024922e-01	   4.3861284533122546e-01	   2.6407281946488481e-01	   6.6918527073923384e-01	   6.2629320145981582e-01	   5.0694547904894693e-01	  -4.0479847736421163e-04	   1.4159485731391414e-01	   3.2804501744515224e-01	   5.6779026902873753e-01	   2.7426190504053954e-01	   2.0855131073496874e-01	   3.0915739756280225e-01	   3.8318013505953097e-01	   4.9685857156182378e-01	   5.0110830145958507e-01	   1.2983461153953474e-01	   1.7663389033123953e-02	   2.5333325862699063e-01	   2.5873192258833544e-01	   3.1421547455827115e-01	   2.4133848089471122e-01	   4.7303112490105392e-01	   5.1792604396874997e-01	   4.2038959819867894e-01	   8.8323141015772405e-02	   4.4418414594517858e-01	   5.5309962860013795e-01	   6.1430238736664444e-01	   6.8164441494576034e-01	   6.6589666403309256e-01	   6.0464572547242912e-01	  -9.0571741903369696e-02	  -5.5577498637446363e-02	   4.3712407250276331e-01	   1.9547889772976179e-01	   5.2351790308022739e-01	   4.8689197554020491e-01	   5.8578082318993374e-01	   4.9346905584699635e-01	   4.7624464077443429e-01	   4.5240613548496567e-01	   3.6315372091741283e-01	   3.1186648007495316e-01	   4.6475267369909601e-01	   5.1933967791814939e-01	  -3.4383569358294491e-01	  -1.1313084401007022e-01	   5.9062524184788234e-01	   3.6048974867605482e-01	   3.3814441259936767e-01	   4.4346530968861453e-01	   3.1444429491936576e-01	  -1.9520591488551470e-01	
   1.1774191565463434e-01	   2.0000203603064304e-02	   7.4310912134486373e-01	   6.3205643994991689e-01	   0.0000000000000000e+00	   8.9096851808866628e-01	   6.6026422157824438e-01	   5.2273872990347758e-01	   7.5623202556598368e-01	   8.1204228306798465e-01	   3.1574504240569579e-01	   3.2099349174035646e-02	   4.9937021400680165e-01	   4.3204765501738718e-01	   3.1557933120963783e-01	   2.9328150005303399e-01	  -2.4603067881254095e-01	  -3.8631850335513940e-01	  -2.9025873562637639e-02	  -1.3468813521206205e-01	   4.5340075592285306e-01	   5.3720095450085859e-01	   6.7381832595174163e-01	   6.4934336295402062e-01	   8.3710352400417909e-01	   8.4721814498803272e-01	   7.6661559994505168e-01	   7.1649980120044798e-01	   6.7223543255879661e-02	   3.4888864910167746e-03	   5.1457526557034217e-01	   5.5172397224124414e-01	   1.9848013322384267e-01	   1.7053659467137011e-01	   4.8985699600189697e-02	   2.2739399426357076e-01	   3.4551070504269099e-01	   3.5507433413595790e-01	   5.9575642689884600e-01	   5.0537468249065498e-01	   3.5292811432480098e-01	   3.3066165763348870e-01	   9.6198186142442882e-02	   1.7724440815086961e-01	   1.1408347106080385e-01	   1.7687802382351031e-01	   2.1184479375104648e-01	   2.8301340816644333e-01	   4.6272538800805485e-01	   3.6087038833368451e-01	   3.9634027946346612e-01	   4.5967126443505885e-01	   2.7191293858397858e-01	   3.3997769496916119e-01	   4.5266939876386869e-01	   5.2463026633513643e-01	  -4.9241491050561671e-02	   8.0388996535995568e-03	   3.4867943904313092e-01	   3.2593546480649893e-01	   3.0735935227270000e-01	   2.8263470483782610e-01	  -3.8857988838165228e-03	   2.0530776423641312e-01	  -7.1362369613849230e-02	   3.1806865158150727e-01	   2.5794367081768566e-01	   1.3004776401339194e-01	  -2.4634327685326446e-01	  -1.4511573262792477e-01	   5.7073393087416546e-01	   5.2441748863811632e-01	   2.9586804509733855e-01	   3.6936114224662281e-02	   2.5672434747610051e-01	   2.0441464822053187e-01	   2.4093390526398928e-01	   1.9159178976020952e-01	  -3.2484144706231094e-01	  -4.0724105268804967e-01	  -1.4432236809410726e-01	   2.7695103882189577e-02	   4.2382372540750424e-01	   3.8454054013683958e-01	   2.1512683000501001e-01	   3.1207104823591164e-01	   7.0956638032434460e-01	   2.7578777854683212e-01	   2.5646991348148146e-01	   2.6063383346882457e-01	   2.2779139614006386e-01	   3.7176760157541511e-01	   5.6151798872414127e-01	   5.1608787061504180e-01	   1.2045679704195464e-01	   1.6274610975536796e-01	   4.3072121924096329e-01	   3.8690632421556154e-01	   2.0728923108707639e-01	   4.3020629142071792e-01	   3.0806225578907021e-01	   3.7686566482854572e-01	   8.9374905421341508e-02	   2.8696477949840649e-01	   1.5341124973764592e-01	   3.3817976528143878e-01	  -8.8641046532032287e-03	   1.0417611280100350e-01	  -1.7537927895213679e-01	   3.5177767764803823e-02	   2.9242005013492328e-01	   3.2430125369065277e-01	   4.0839520288635534e-01	   4.3604217857684546e-01	   3.1371741128952629e-01	   4.6411283560862920e-03	
   1.9975736184311418e-01	   4.7098218984180241e-02	   7.4993056184243201e-01	   7.6508993944412329e-01	   8.9096851808866628e-01	   0.0000000000000000e+00	   7.5880096104370010e-01	   7.2258059753593240e-01	   7.6108886282068999e-01	   8.6458198938626629e-01	   3.5218132943612407e-01	   1.6231668459456922e-01	   5.5365816863277340e-01	   5.3317363053803146e-01	   4.1397901248511637e-01	   4.2649661794470461e-01	  -1.4782601074037902e-01	  -2.2344619633701818e-01	   8.9785909685600213e-02	   1.0948126376774383e-02	   3.2943850660599816e-01	   3.9361787047167740e-01	   6.5032593826556762e-01	   7.0031975907610478e-01	   7.0790346819765837e-01	   7.6013479641175019e-01	   6.5550035950130336e-01	   6.4435085550279547e-01	   5.1497368575207043e-02	   5.6092272590046087e-02	   4.0243629724650454e-01	   4.6835197910643156e-01	   3.1645020185991329e-01	   3.1442908218554161e-01	   1.5682399355379961e-01	   3.7696663699719241e-01	   2.4650942766570738e-01	   2.8112156820128931e-01	   5.4661097794246061e-01	   4.3948539256552721e-01	   2.4864837855048694e-01	   2.1462474873081838e-01	   2.6124375413605411e-01	   3.3387017116089185e-01	   3.4859937128904983e-01	   3.7975083367232421e-01	   3.2953918877805521e-01	   3.8730734975961306e-01	   6.1706316332902422e-01	   5.2587204867979387e-01	   5.4173732218713011e-01	   5.7656015282954054e-01	   3.9532785124454889e-01	   4.3792607636526637e-01	   4.7031120027572149e-01	   5.4257131225282573e-01	  -1.4957909692701903e-02	   6.3876290800665592e-02	   4.6356321653563393e-01	   4.9214873917977736e-01	   4.3625643311947104e-01	   5.3451973006755005e-01	   1.4761934840218388e-01	   3.6133278390096013e-01	   3.2539720001812170e-02	   5.3469311791051011e-01	   4.2514456604273398e-01	   3.0107264821969260e-01	  -1.7475155370416265e-01	  -2.7339864716139049e-02	   4.0099260925831615e-01	   4.6994408478494232e-01	   3.0179940233055708e-01	   1.3360076325624454e-01	   3.2945971954994985e-01	   3.2331554596055223e-01	   3.3360533752189037e-01	   3.1091256789035560e-01	  -1.2972006288163884e-01	  -1.9970141690506188e-01	   5.2941060626757991e-02	   1.3061320948345520e-01	   3.2315691085375919e-01	   2.5484980060849305e-01	   2.4989508441173086e-01	   3.7185497660355799e-01	   6.0054865205036889e-01	   1.0813605368527214e-01	   2.6961486344994445e-01	   3.7219491637318669e-01	   3.6783736224865465e-01	   5.0297007532367144e-01	   5.5784635512938929e-01	   5.4060592737926028e-01	   3.5077455358156861e-03	   6.6620455702059544e-02	   4.0127840653352742e-01	   2.8380302146436920e-01	   3.0435619485307597e-01	   4.5734215203139006e-01	   4.2414554487911038e-01	   4.7289554007432372e-01	   2.9476117816008351e-01	   4.4762195004989547e-01	   3.0720795714167126e-01	   4.4436259684383672e-01	   1.2591882815749769e-01	   1.8556720015511907e-01	  -2.1889303881151734e-01	  -5.5256792728160017e-02	   3.5805645229306826e-01	   3.4578701383640870e-01	   4.2970724298876339e-01	   4.7304217307480495e-01	   3.8846726405507004e-01	  -1.5988384346408677e-02	
   4.3092030348076382e-01	   1.9177915374730994e-01	   8.5466265608679470e-01	   8.0655202651645563e-01	   6.6026422157824438e-01	   7.5880096104370010e-01	   0.0000000000000000e+00	   8.3212669972119746e-01	   7.8635432924660853e-01	   7.0443828206830106e-01	   6.4137915684038738e-01	   4.4232053663767723e-01	   6.9611248918542412e-01	   6.7293383336967283e-01	   4.8284825771428042e-01	   4.8669966075004600e-01	  -3.2118910584963134e-02	  -6.1190242504520292e-02	   2.8779662118521165e-01	   1.7137025135091599e-01	   2.5394657153358463e-01	   2.7154839132802949e-01	   7.2338664377331052e-01	   6.9122979555820108e-01	   5.4672895517777231e-01	   5.1682106935282124e-01	   4.8656647145287157e-01	   4.5578189891422860e-01	   1.9673929644078103e-01	   1.9380969403720916e-01	   5.2709627338803611e-01	   5.0976263786411979e-01	   5.0912983372386822e-01	   5.0609706311518377e-01	   2.0069378926215820e-01	   4.2361068826008541e-01	   2.0183351019361667e-01	   1.6111803177372713e-01	   4.4780824453780849e-01	   2.8360015964948904e-01	   1.0213486251319380e-01	   7.2624643479822920e-02	   2.9199746999129195e-01	   3.4392256766138385e-01	   4.1396858900542544e-01	   3.9836270679085684e-01	   3.5261209469867916e-01	   4.0840744722555034e-01	   6.5484119455901502e-01	   5.3542951975798247e-01	   5.7584559072723518e-01	   5.9737144757861294e-01	   3.7758867005376540e-01	   4.2229316858332799e-01	   4.1066498202539747e-01	   4.6677278017420865e-01	   1.3788547700921194e-01	   1.6571514256042874e-01	   4.6490417552935293e-01	   5.3042787177117656e-01	   4.9229577509057926e-01	   5.3599181691938846e-01	   2.4859303223984325e-01	   4.2355640927349947e-01	   4.8051145540750365e-02	   4.6903067387733599e-01	   4.7658081635548055e-01	   3.5372523900412256e-01	  -1.1097449452237466e-01	   2.3711585702865204e-02	   4.4297262898012985e-01	   5.7166990166043363e-01	   4.0629088645873468e-01	   2.4735138041371857e-01	   4.3531667893906445e-01	   3.7869951004185648e-01	   4.9281771449953127e-01	   4.4544301125730718e-01	   5.8340073562630781e-02	  -4.6819697195472944e-03	   1.1830946966127867e-01	   1.4314802931455173e-01	   2.7188781517239874e-01	   1.9155100499491703e-01	   3.3728206627619517e-01	   4.0318285475484916e-01	   4.5191040842405439e-01	  -1.3827180808967011e-02	   2.2620299547402833e-01	   3.0194752605068537e-01	   3.7933222598727540e-01	   4.9313091452599322e-01	   4.2824724476580173e-01	   4.2977041591401655e-01	  -9.2423912294773661e-02	  -1.7900650529664161e-01	   3.7237670789564215e-01	   1.8406378596912837e-01	   3.6419424012775992e-01	   4.0754004811409972e-01	   3.5627998046161624e-01	   4.4356314985145312e-01	   2.6962156391970760e-01	   4.0915796035567487e-01	   2.9360439412648370e-01	   3.5227679059908423e-01	   1.9845478644719658e-01	   3.2658520375552713e-01	  -3.0608305079127929e-01	  -1.2023469863958737e-01	   3.7728069906494155e-01	   2.7464374306859984e-01	   3.1442089632549847e-01	   3.6952233238392035e-01	   2.7838668642742681e-01	  -3.9573916391546206e-02	
   4.4505982853883297e-01	   2.9107725045487109e-01	   6.5346773920516199e-01	   8.8091076262684931e-01	   5.2273872990347758e-01	   7.2258059753593240e-01	   8.3212669972119746e-01	   0.0000000000000000e+00	   6.8234582429085577e-01	   7.2320480121866748e-01	   5.8853023795861348e-01	   5.4947188079008780e-01	   6.4566529808494288e-01	   7.0958005029343929e-01	   5.0917414046118714e-01	   5.2406508928134032e-01	   1.5407736754965215e-01	   1.5361265867791582e-01	   2.9933850461836670e-01	   2.4333489504430728e-01	   2.3238817151445496e-01	   2.5808318798654878e-01	   6.1452977687489119e-01	   7.1266899000546735e-01	   3.8029275449305655e-01	   4.6226356271850505e-01	   3.7103109280255508e-01	   3.7384683227022192e-01	   2.8870573939836042e-01	   3.1239972286148310e-01	   5.3569913783099399e-01	   5.6184633883963075e-01	   5.8863242532140547e-01	   5.8720800290131991e-01	   2.0591256600169577e-01	   5.0082898955414912e-01	   1.7198220029586070e-01	   1.3498322079882011e-01	   3.5696109608010074e-01	   2.2631233432547157e-01	   1.2887012170011744e-01	   7.3915790137726534e-02	   4.1178308471172320e-01	   3.9115260996999196e-01	   4.6070458425764660e-01	   4.3566631738975370e-01	   4.7415595361094387e-01	   4.8944899122522084e-01	   6.4742044198121174e-01	   5.7618834039692146e-01	   5.6892223044286550e-01	   5.6910630361159420e-01	   4.7174137015248890e-01	   4.4272963628434497e-01	   4.2262042250746568e-01	   4.1475396146995192e-01	   2.3554329883694797e-01	   3.1056029388482753e-01	   5.1418740495821846e-01	   6.0667104873963940e-01	   5.8542630559044329e-01	   7.3750813265542681e-01	   3.0671871837536979e-01	   5.5432810268368260e-01	   9.0014069558584528e-02	   6.2069132176369624e-01	   5.5044617079434643e-01	   4.2484530785975794e-01	  -2.2330052915886536e-02	   1.3694375716385448e-01	   3.3986708990095638e-01	   5.7645021323607915e-01	   4.3201711148339883e-01	   3.9696744054807737e-01	   4.7684134633696235e-01	   4.5922036352889273e-01	   5.8456659450523896e-01	   5.8286775175503325e-01	   2.3849805855434508e-01	   1.6609704951239618e-01	   3.4685834610166000e-01	   2.5890984659999794e-01	   2.5012811474013241e-01	   2.1684702948305512e-01	   3.5461167637360602e-01	   3.8939146845782691e-01	   2.3482175381063644e-01	  -7.3948359463917243e-02	   2.2551406179737057e-01	   3.2812482442989638e-01	   5.2480381936416265e-01	   5.4664107755005387e-01	   4.2875766279382854e-01	   3.6062592576027075e-01	  -9.0653700959889810e-02	  -1.2036851657995526e-01	   3.7729626672124011e-01	   1.5083300672907404e-01	   4.8767872135844359e-01	   4.4161161492687484e-01	   4.0634617639874265e-01	   3.5519650831823346e-01	   4.0878792057586433e-01	   3.6227777043615872e-01	   3.0163926399077073e-01	   2.9828271227895398e-01	   3.7096655799652772e-01	   4.9356041008266271e-01	  -2.3020846854039342e-01	  -4.6452516220007366e-02	   4.7952305366995474e-01	   3.2602313338335120e-01	   3.1363006619691869e-01	   3.4143046304374486e-01	   2.6197807058371603e-01	  -1.2178327305738640e-01	
   3.5219468316002167e-01	   2.2167062513028413e-01	   6.6072557925848263e-01	   6.5322781647616313e-01	   7.5623202556598368e-01	   7.6108886282068999e-01	   7.8635432924660853e-01	   6.8234582429085577e-01	   0.0000000000000000e+00	   7.1332912918006175e-01	   4.5929116373449153e-01	   2.9053259317659441e-01	   6.4670581128588633e-01	   5.7117169905485010e-01	   4.9487690425243114e-01	   3.9905562608971867e-01	  -5.6364759438730191e-02	  -6.9966257028107937e-02	   2.0434611884205617e-01	   1.3010526016577217e-01	   2.2458610828275288e-01	   3.3792831110882338e-01	   6.6762787059771256e-01	   6.7521944851742499e-01	   5.9599536162248967e-01	   5.5119364634766410e-01	   5.3286973280804162e-01	   4.8167972273925019e-01	   1.4431059796423520e-01	   1.1198415715341266e-01	   5.0750679687541322e-01	   5.4090092352868324e-01	   4.2682234214856907e-01	   4.1253646904139996e-01	   1.2308751028179599e-01	   3.5387860912261249e-01	   1.8098735590794884e-01	   1.2586552730140732e-01	   3.8810562011798916e-01	   2.2104549259145706e-01	   1.0213708252471124e-01	   1.7822705751139124e-02	   1.3797868847585032e-01	   1.4963543580521824e-01	   2.3583283682823197e-01	   1.8279884513196795e-01	   2.3558923269503071e-01	   2.9821937952034600e-01	   5.4384866764223205e-01	   4.1750251882708656e-01	   4.6796501710818261e-01	   5.0518993384957012e-01	   3.5960559970197048e-01	   3.9585909197191693e-01	   4.0364809932843737e-01	   4.1088524242067709e-01	   2.1204585755399388e-01	   2.4716053917696607e-01	   3.7023630579347888e-01	   4.3726576188987282e-01	   4.5675861816765950e-01	   4.9675316913577933e-01	   2.0816790909427088e-01	   4.0740225100622729e-01	   2.7058292406752095e-02	   4.5397578511644637e-01	   3.6599856087778659e-01	   2.2959898482234573e-01	   2.4170224124499231e-02	   1.0554948000688028e-01	   5.3705734933092519e-01	   5.5615049364731051e-01	   5.1762754171266090e-01	   3.3984824229854949e-01	   5.3587613513792365e-01	   3.8094073971849374e-01	   4.4850388041302869e-01	   3.7838215468246778e-01	  -9.3491724774231941e-03	  -2.6275255348265424e-02	   7.4199702345069535e-02	   5.3051508553393897e-02	   2.1405293443551859e-01	   1.8224037929358117e-01	   2.5066046940372888e-01	   2.6905469112686942e-01	   5.0223297596105154e-01	   4.8955358522314724e-02	   1.5449141456900911e-01	   2.4155436356296345e-01	   3.8170387322395899e-01	   4.8097581672592138e-01	   3.5232771502317867e-01	   3.6193624195071467e-01	  -1.2147696968255867e-01	  -9.0623460554771218e-02	   3.0813766074408261e-01	   2.1321045412659112e-01	   2.9009964153727769e-01	   4.1184672015749335e-01	   2.0812895594649627e-01	   3.3646454462565611e-01	   1.1050358696547864e-01	   3.3153784005545928e-01	   3.1637623417192251e-01	   4.7188685322325430e-01	   1.2495981224105891e-01	   2.9366508014660608e-01	  -2.1110831429828397e-01	  -5.5030694888413251e-02	   2.9081544620773636e-01	   2.5115307311028812e-01	   3.5350448798255657e-01	   3.4953667200966748e-01	   3.3844990189660468e-01	   7.5680053905398448e-02	
   2.8584752940388725e-01	   2.3609242181107754e-01	   7.4749130679673359e-01	   7.4028498443048951e-01	   8.1204228306798465e-01	   8.6458198938626629e-01	   7.0443828206830106e-01	   7.2320480121866748e-01	   7.1332912918006175e-01	   0.0000000000000000e+00	   4.0643188388786178e-01	   2.9819990072571734e-01	   5.7810881719514262e-01	   6.1150168237394664e-01	   5.1655743384259900e-01	   5.1628161353023883e-01	   2.7996823942914688e-02	  -2.2035277151844574e-02	   1.9138828574169967e-01	   9.2663701675310323e-02	   4.7550757692174073e-01	   5.4300634702154016e-01	   7.2203886256854877e-01	   7.8131802761751601e-01	   6.6766125361256412e-01	   7.4716140655184748e-01	   6.5431228134856878e-01	   6.7291008538477304e-01	   2.1970371872655886e-01	   2.2764665318931310e-01	   5.8131181293694745e-01	   6.1157309677467031e-01	   4.7878155862640093e-01	   4.8192075749073598e-01	   2.0642886407804906e-01	   4.1548849854050662e-01	   3.4530814503642854e-01	   3.4827536446294488e-01	   6.0257315017310986e-01	   4.9701169214916219e-01	   3.3380414336735498e-01	   2.5126761789986735e-01	   2.1858469334792355e-01	   2.8805946661231707e-01	   3.2798430739105899e-01	   3.0833585755851622e-01	   3.1988164937179758e-01	   3.8851537422285609e-01	   4.6688884902443095e-01	   3.8477750263567145e-01	   4.3640527447261840e-01	   4.2591027323759340e-01	   3.5233877955704440e-01	   4.2474082828674981e-01	   4.5067986360718493e-01	   5.2249580261288142e-01	   1.0569082191447043e-01	   1.8515678532620206e-01	   3.7368932033044783e-01	   3.6872445740535831e-01	   4.4870568624005658e-01	   5.6016729080502226e-01	   1.3857190451959162e-01	   4.1754381685263020e-01	   9.2710726711208225e-02	   5.2526809357980708e-01	   3.2204171990173119e-01	   2.0945987024457147e-01	  -1.4907824257308014e-01	  -4.1124452870408945e-02	   3.9237379791083354e-01	   4.7159153790810021e-01	   3.2685311536344913e-01	   1.5727805167108372e-01	   2.7204118018845713e-01	   2.4814213568599830e-01	   3.8329072489350730e-01	   3.5844687179859253e-01	  -2.2942097247523073e-02	  -4.8731764826471707e-02	   1.9658898647935633e-01	   2.7568136176287850e-01	   4.1690038633057114e-01	   3.4839919176208234e-01	   2.8413883355805286e-01	   4.1495160762067107e-01	   5.2268011665859193e-01	   7.3360068821532565e-02	   2.7447449368800630e-01	   4.1193437514626285e-01	   3.5302424386780418e-01	   4.8766980315868130e-01	   6.4150661788316943e-01	   4.7002955698987892e-01	   4.0476764471171107e-03	   4.5126149143237197e-02	   4.2620394555426305e-01	   2.8355091044758624e-01	   3.0363388015011117e-01	   4.4677884442050725e-01	   4.3610783926115676e-01	   3.2216476287908513e-01	   2.6922442959394310e-01	   3.0593127025422212e-01	   2.5574669813047790e-01	   3.7300098199637294e-01	   8.0490777439664665e-02	   2.0449357334101012e-01	  -2.6695788132757386e-01	  -7.0529810247822691e-02	   4.3573511653337194e-01	   3.7913894747528126e-01	   3.9469064938295551e-01	   4.7903851128303210e-01	   3.7154557017238954e-01	  -9.4658146223914386e-02	
   6.1225017590419639e-01	   3.0191821726832835e-01	   5.1675078239334593e-01	   4.4844996711108287e-01	   3.1574504240569579e-01	   3.5218132943612407e-01	   6.4137915684038738e-01	   5.8853023795861348e-01	   4.5929116373449153e-01	   4.0643188388786178e-01	   0.0000000000000000e+00	   8.4188397660251701e-01	   8.1562513778863299e-01	   8.1062956372327988e-01	   4.7881868108773229e-01	   5.1068349213942210e-01	   4.8882847424424325e-01	   3.7397083313082491e-01	   3.2424431627287970e-01	   8.2436790231974214e-02	   4.3737193499011578e-01	   3.7046758016526354e-01	   5.5391563397833399e-01	   4.6083567763634237e-01	   3.2937505618995228e-01	   2.9543435086717718e-01	   3.6723282023857790e-01	   3.0053909661026956e-01	   6.1753763435107412e-01	   6.5047388048087096e-01	   6.1379939326669675e-01	   5.7277085718111298e-01	   6.3859747657009247e-01	   6.2801024400418037e-01	   1.7727775337131199e-01	   2.5422175138267650e-01	   5.0276467764098831e-01	   4.2775038877742144e-01	   4.6892399198166385e-01	   3.9605535362858058e-01	   3.1290829796756908e-01	   2.7496287896202737e-01	   2.0239976863546261e-01	   1.2705572586915953e-01	   1.8434051396447010e-01	   4.9540689447114573e-02	   2.5770713318304450e-01	   3.1020694163603041e-01	   3.0353826657113459e-01	   1.8882808200603313e-01	   3.2377561261535276e-01	   2.1475963053125938e-01	   2.1448608447823359e-01	   1.9321869252343998e-01	   4.1329252306855591e-01	   3.8749838220256883e-01	   4.2975163675151179e-01	   3.6369794163376695e-01	   4.9391200159912396e-01	   3.9480830442169551e-01	   5.9576891868457549e-01	   4.9358262492683480e-01	   4.5931712529110907e-01	   4.6093351504107549e-01	   1.1992172968365020e-01	   3.1793628824598147e-01	   2.5518483597110542e-01	   3.5496713751780769e-02	  -6.3251460301879683e-02	  -8.0002133574018641e-02	   3.6989124692422976e-01	   4.2384714232984094e-01	   5.7892124214394602e-01	   4.8048730404332846e-01	   5.1691624536583525e-01	   4.1440985441528505e-01	   6.2926223487036492e-01	   6.0968468565178635e-01	   4.2845822825431212e-01	   2.6374328074800002e-01	   4.6990565720065125e-01	   4.8575688375215442e-01	   5.5304486539227671e-01	   4.6627827845021114e-01	   5.7850153323215003e-01	   5.2382212329072420e-01	   3.0008834652847893e-01	   2.3925373735538061e-01	   3.2823292802084769e-01	   2.6665554272858238e-01	   2.0553561242250434e-01	   2.5451549793746836e-01	   1.5977228661299980e-01	   1.0339914161858269e-01	  -2.1011076711984134e-01	  -3.9960491212546584e-01	   2.6960647407790739e-01	   2.5998198619836176e-02	   3.2321713470900387e-01	   2.8519288969816714e-01	   1.7584250545616592e-01	   1.2577664054173734e-01	   1.5109368247799998e-01	   1.1814470015840339e-01	  -8.5674177802346430e-02	  -9.3293261720572299e-02	   3.0012273747891269e-02	   2.9748451280315708e-01	  -4.1616898243996714e-01	  -8.0405435242661943e-02	   3.9445440990022029e-01	   2.2151470588980951e-01	   3.5089138323881032e-02	   4.9477986997044865e-02	  -8.5690585445071910e-02	  -3.2404097703220169e-01	
   6.4970366989137462e-01	   4.2358970814134433e-01	   3.0888138917034147e-01	   4.4030297016836772e-01	   3.2099349174035646e-02	   1.6231668459456922e-01	   4.4232053663767723e-01	   5.4947188079008780e-01	   2.9053259317659441e-01	   2.9819990072571734e-01	   8.4188397660251701e-01	   0.0000000000000000e+00	   6.5096794675260305e-01	   7.7181653108927728e-01	   4.4969532441823529e-01	   4.9980254892051634e-01	   6.9189469919282531e-01	   6.5108356522056188e-01	   4.8252410154421005e-01	   3.4762994078869219e-01	   2.3120094772581845e-01	   1.6805096571574507e-01	   4.3473943182054198e-01	   4.4275047494303643e-01	   9.0286849747139408e-02	   6.5507983397739125e-02	   1.4234699392641373e-01	   1.4666327903883153e-01	   5.7560607194049851e-01	   6.5477380424298148e-01	   4.2388957460174176e-01	   4.1310068703724034e-01	   6.8198744902659247e-01	   6.9973504009309673e-01	   2.7179668851229299e-01	   3.2002823444649992e-01	   3.3250945300239293e-01	   2.6380818359387848e-01	   2.3543801205413434e-01	   1.9211496420066212e-01	   1.1861735682603965e-01	   8.7197574425363536e-02	   2.9144056300481280e-01	   1.5195180409602632e-01	   2.9627588014666467e-01	   7.7995231301557014e-02	   2.9348998054092612e-01	   3.2584876012024500e-01	   2.3751765734674424e-01	   1.4089927176059786e-01	   3.3169059816719887e-01	   1.1665647979907219e-01	   2.7064129509662738e-01	   2.2254746807625994e-01	   3.2469648483105179e-01	   2.7243541957629991e-01	   5.2983617121408288e-01	   5.2127589937699603e-01	   4.5559798795917283e-01	   4.4377741873159660e-01	   5.7869340854528795e-01	   5.8879200817451860e-01	   5.6485466829536279e-01	   5.5694081913258375e-01	   3.0083290934114093e-01	   4.4432738673764371e-01	   3.0264991476737857e-01	   1.5425609782788000e-01	   1.5494356117820193e-01	   1.5076136289472847e-01	   7.6202840265191932e-02	   2.4096872574525927e-01	   4.2650806031585442e-01	   4.7554341213066825e-01	   3.7984041166104798e-01	   3.4585477749520188e-01	   5.4891395720567249e-01	   5.7047733302719694e-01	   6.9004179996188519e-01	   5.0779756130558751e-01	   7.0443985116052632e-01	   5.9872698820581627e-01	   3.8358958769740104e-01	   2.9584690082239978e-01	   6.5483106639693811e-01	   5.7533828081208060e-01	   7.3617165304412119e-02	   1.1621310988184505e-01	   3.3091980735199183e-01	   3.9939290543283140e-01	   3.2759852683964286e-01	   3.2446305403930709e-01	   1.4425638382473302e-01	   1.1349063301608796e-02	  -3.4088936662010288e-01	  -4.9350768482578466e-01	   1.0032658939548883e-01	  -1.6594392923186385e-01	   3.6834645743862549e-01	   2.1818923965908940e-01	   2.1960536642263156e-01	  -1.0396065125005610e-02	   2.6903419596430783e-01	   8.7201973805979036e-02	   2.6473218324126243e-02	  -1.2883601436728956e-01	   1.6022083298193257e-01	   3.5735185694144156e-01	  -4.3338328435889739e-01	  -1.9293992844327329e-01	   4.0341087944861198e-01	   2.0323531171226170e-01	  -4.0008810343095322e-02	   1.5881733681479303e-03	  -9.6635389793410645e-02	  -3.6949233396439107e-01	
   6.0658957285733295e-01	   3.6814569127712482e-01	   6.3453630548599027e-01	   5.5523750512346526e-01	   4.9937021400680165e-01	   5.5365816863277340e-01	   6.9611248918542412e-01	   6.4566529808494288e-01	   6.4670581128588633e-01	   5.7810881719514262e-01	   8.1562513778863299e-01	   6.5096794675260305e-01	   0.0000000000000000e+00	   9.2029011321291077e-01	   7.7089301706206781e-01	   7.0408817186033490e-01	   2.3031410297345409e-01	   2.7722503309546070e-01	   3.5885655145691220e-01	   1.3158875746690393e-01	   4.5711134518596669e-01	   4.6412473693187378e-01	   6.4159379460605392e-01	   5.7631213276480642e-01	   4.6574446372042289e-01	   4.2327998960639052e-01	   5.0772657977566316e-01	   4.4954701217424869e-01	   4.6893318819216956e-01	   5.3420167108387584e-01	   5.3939947469182692e-01	   4.8171598448517666e-01	   5.3484557129734311e-01	   5.0389545538426994e-01	   2.5318559406785934e-01	   3.6835440584446638e-01	   4.8667224586478336e-01	   4.2702267447596942e-01	   5.5020796123621662e-01	   4.5183291953082905e-01	   3.4573322345925805e-01	   3.2486449908239440e-01	   1.5771157435531494e-01	   1.2684138011879298e-01	   3.1579826904277269e-01	   2.1282428803100661e-01	   3.0801468566289170e-01	   3.5741160263466326e-01	   5.4272618331899525e-01	   3.9752433740435400e-01	   5.1921015723983444e-01	   4.1426034907311299e-01	   4.4025917858013386e-01	   3.7551592969057140e-01	   6.1675804183942662e-01	   5.0535449384043618e-01	   3.6267340028806033e-01	   3.8361420337609625e-01	   5.8281740858929088e-01	   5.4167137423612677e-01	   6.7993916982321001e-01	   5.4564951743494838e-01	   3.2548734971602522e-01	   4.2971094102180141e-01	  -7.1981418116246300e-04	   4.1381321267226617e-01	   4.3048695083409694e-01	   2.1602985814087999e-01	   2.3365100651768786e-03	   2.0917464037133925e-02	   4.2482285648235307e-01	   4.1698006386990361e-01	   5.0367571495147478e-01	   4.0507060732366756e-01	   5.0540361171156878e-01	   3.9526625421858980e-01	   5.5018392107719083e-01	   5.4527310956499608e-01	   1.8626484625836928e-01	   1.6436301699140349e-01	   4.4588754377486206e-01	   4.7901524256179950e-01	   5.5082633010428228e-01	   5.1777565198848929e-01	   5.8789220879481729e-01	   5.4393526055199659e-01	   4.4310316408356498e-01	   2.1948663111892269e-01	   4.1240592286104849e-01	   3.6379789063288615e-01	   3.7954371342140980e-01	   4.3942642977570118e-01	   3.7008986529226789e-01	   3.3803564578319500e-01	  -1.4114400134787980e-01	  -2.4361843837367625e-01	   3.9955899907042081e-01	   1.6540717464100801e-01	   4.5870257123119523e-01	   4.1868683899347614e-01	   3.7528099970987538e-01	   2.9927097496280669e-01	   3.6895396872117819e-01	   3.2548401856663300e-01	   1.9004717008298497e-01	   2.1181286093101609e-01	   1.6471142786202350e-01	   3.5694812978220014e-01	  -4.2618219802183943e-01	  -4.6954046940684974e-02	   4.3936658650734406e-01	   2.7125329721230329e-01	   2.5953164842248244e-01	   2.8091818871111629e-01	   1.7779619647480038e-01	  -1.7185445760963666e-01	
