   0.0000000000000000e+00	   1.3159855136609191e+00	   6.1168008734060786e-01	   5.6248162458164852e-01	   5.0656299316147047e-01	   3.0499141010731823e-01	   5.7377972941402433e-01	   4.0641069849983336e-01	   5.8995909110563294e-01	   3.7695069368240408e-01	   6.1027984856961026e-01	   4.4847394676594082e-01	   5.8836448324755741e-01	   4.0143090891110228e-01	   6.5819667746847355e-01	   6.8768399138740888e-01	   5.9591576073353669e-01	   4.3440268360545792e-01	   1.1387626341425898e+00	   9.9035137340277013e-01	   2.7903085200732012e-02	   3.5619651865679572e-02	   2.9163678423462491e-01	   3.7377052605440830e-01	   2.6964267377138579e-01	   2.4109335405170601e-01	   4.5089830787240576e-01	   4.7920712048417713e-01	   5.4168783727849956e-01	   5.2711973486510244e-01	   2.0362758673048814e-01	   1.8806514155017001e-01	   6.7924781012745294e-01	   5.6069804517624522e-01	   8.4977466914716693e-02	   1.7721241854578784e-01	  -1.5236302587981209e-02	  -2.0702543285190801e-03	   2.8241618732892604e-01	   1.2864414577003616e-01	   1.9915451230340020e-01	   1.6291118197958798e-01	   5.2377813425950936e-01	   4.8364486602719242e-01	   3.7867786373403151e-01	   3.7988122058936502e-01	   5.8217970653490836e-01	   6.0048375300177548e-01	   3.8161361690578488e-01	   4.1217443124920394e-01	   3.2150222117640170e-01	   2.8931015365303847e-01	   3.7209400849538288e-01	   2.0091960535943446e-01	   3.6644897357485773e-01	   4.0352115939929406e-01	   1.2531345576233757e+00	   9.8911093521914661e-01	   7.7931851456879209e-01	   4.5083623233395353e-01	   8.3211597861106668e-01	   4.1349077280658164e-01	   4.1596424889744210e-01	   4.1968634293781504e-01	   3.2318984371106152e-01	   3.0257949976627252e-01	   4.2663420306410399e-01	   2.2828839226402586e-01	   7.4113339999015782e-01	   4.9874605371617031e-01	  -8.8694465624968188e-02	  -6.7386919284429636e-02	   6.2792076992006285e-01	   6.3673071742341347e-01	   6.5393907644518678e-01	   6.7618605821046385e-01	   5.0204650109893156e-01	   4.0934475166528950e-01	   7.2392239878485976e-01	   6.5042889992470787e-01	   6.1113817001293247e-01	   6.9033670695751315e-01	   6.7403818077980215e-01	   4.5701277043807953e-01	   6.9187702995818345e-01	   5.8741965326873735e-01	   5.1619800105975422e-01	   5.2220900230974832e-01	   7.7672510650491944e-01	   6.9008717367889194e-01	   5.2066281374139756e-01	   5.1458505288380407e-01	   4.3139856084530381e-01	   2.1330908569234705e-01	   2.6525981202291538e-01	   1.6277374785487497e-01	   4.5468007385109077e-01	   5.2141978469444394e-01	   5.5851936911898670e-01	   7.1670882367275857e-01	   4.2425385816914546e-01	   5.1194105562076220e-01	   3.1069839808492472e-01	   5.6201681307218299e-01	   1.9799229362071333e-01	   7.8125234608861699e-02	   4.6330160724271263e-01	   5.5599770946544491e-01	   1.0527384211081116e-01	   2.1137416376358653e-01	   7.3680895923167100e-01	   6.9900396222834293e-01	   5.0798008257841853e-01	   2.5284212746853607e-01	   9.7779117483942662e-02	  -1.8961172244770869e-01	
   1.3159855136609191e+00	   0.0000000000000000e+00	   4.5139969152661891e-01	   5.8016519647105635e-01	   3.7254536988124137e-01	   3.2617977844107365e-01	   4.2718135893993903e-01	   4.1519862976623023e-01	   4.0437921574029578e-01	   3.3177757577363870e-01	   5.3807719259255826e-01	   4.5616443252255418e-01	   4.8777949414038213e-01	   4.2031904090473732e-01	   4.7509398829363975e-01	   5.4167556598130595e-01	   4.9877246402563014e-01	   3.5196944298815147e-01	   9.9085488496227014e-01	   9.7540800618069090e-01	   1.7068765825288417e-02	   6.6259776794671599e-02	   1.0373487600332065e-01	   2.6179039825273220e-01	   2.5146209138175823e-01	   2.7085578794996379e-01	   4.0436358907820663e-01	   4.5888671148496141e-01	   4.3700448962477978e-01	   4.4915156457660910e-01	   7.0529202997119650e-02	   1.7042693293434752e-03	   4.9814927510041440e-01	   4.8847912387504538e-01	  -1.9214428075588427e-02	   5.7549402551983923e-02	  -1.1183959286456741e-02	   9.4133878487755299e-02	   3.2364644956932648e-01	   2.8078075930163204e-01	   1.7514275465386278e-01	   7.6470987892287151e-02	   5.8642686652843390e-01	   5.6811015436980128e-01	   4.6937358181839434e-01	   5.3849591017706444e-01	   6.8027856110510387e-01	   7.1139463820791837e-01	   5.0842763316343542e-01	   6.8910000973902796e-01	   4.7201972146593202e-01	   5.0960790040461612e-01	   5.7410296189900278e-01	   2.7121381749547607e-01	   5.6208217847216368e-01	   6.1226961305749006e-01	   9.6788298541679563e-01	   1.0072118169688540e+00	   8.9365481113238610e-01	   6.2317517370091335e-01	   6.4692706645095233e-01	   5.1776006064611968e-01	   1.8808407294395438e-01	   3.8503869220259029e-01	   8.8473697574259796e-02	   2.9654219506784363e-01	   4.4390071049293783e-01	   2.8718608965724635e-01	   6.5006870932794092e-01	   5.0213777223787004e-01	  -3.5893068557388335e-03	  -5.6700323504741190e-02	   4.8261991471522531e-01	   6.2686389072831539e-01	   5.2307426953365144e-01	   6.5366445876470791e-01	   4.1164376231143651e-01	   3.4342701776769635e-01	   5.7900484623456250e-01	   4.5403750242039265e-01	   5.1766520011950468e-01	   4.9224338260494283e-01	   5.5466215584934919e-01	   3.3728923435831915e-01	   4.3177271651553450e-01	   5.7040206487067269e-01	   3.3582607784854374e-01	   3.1464737161030748e-01	   7.9176976010265565e-01	   8.2794409705088146e-01	   7.0938267947504918e-01	   4.5869747670811351e-01	   4.2247375158448958e-01	   3.1969234621997765e-02	   3.3057214504692978e-01	   2.9172899144306291e-01	   6.3948894288761216e-01	   7.3224031387952493e-01	   7.9449872667876753e-01	   9.5669640308894066e-01	   5.7270577905476838e-01	   4.2435834622164997e-01	   4.0775707640745945e-01	   5.6340456060091015e-01	   2.3840306149696339e-01	   7.1395005115243187e-02	   6.5965934610535637e-01	   6.3133048345459863e-01	   1.9734838336561328e-01	   2.8516401539844061e-01	   7.9372073943156807e-01	   7.5227664557755491e-01	   6.4187810049365102e-01	   1.8320823181675908e-01	  -1.9076999556916368e-03	  -1.3045153138222765e-01	
   6.1168008734060786e-01	   4.5139969152661891e-01	   0.0000000000000000e+00	   8.6571193521092282e-01	   6.4712809960330608e-01	   4.2918262943469848e-01	   1.1817246984403322e+00	   7.5666621475256635e-01	   5.3432532455229442e-01	   3.4171024569206060e-01	   3.4349211473119023e-01	   2.6373568080267062e-01	   3.5714415837779973e-01	   2.8498721289547796e-01	   4.0176975303567952e-01	   5.3123959704433876e-01	   1.2426465734582544e-01	   1.2629753339178318e-01	   9.2093803599561119e-01	   7.5817368366546278e-01	   1.6371671067859081e-01	   1.5501682833499367e-01	   7.3684665178638109e-01	   7.6624482224482415e-01	   2.9805302060316391e-01	   3.3348448908068357e-01	   2.9218059586752598e-01	   3.6615661522715082e-01	   1.6852166759788978e-01	   1.5332922598069454e-01	   4.9279558910996846e-01	   5.2508325953711021e-01	   6.8414081883367173e-01	   6.7657828329115910e-01	   2.8330491105119576e-01	   3.4412137936943027e-01	  -2.4599843202089361e-01	  -2.5029176214702215e-01	   2.2688533520571347e-01	   1.0347819607739339e-01	   1.2161353890732102e-01	   2.0929962037725930e-01	   2.3024398936893284e-01	   1.1168516418564151e-01	   2.8311544085630208e-01	   1.8923845477278647e-01	   2.2646563258066546e-01	   1.7841614436143791e-01	   3.3551169603953163e-01	   1.1398062445773040e-01	   3.9035953514100180e-01	   1.6287472505851538e-01	   2.6757256646118754e-01	   1.8302129367355363e-01	   2.1186691712204889e-01	   1.6401474946610894e-01	   3.6568263029421522e-01	   2.2824020797187056e-01	   5.2010724017079291e-01	   2.0997571116120717e-01	   6.9416599943627866e-01	   3.3556186366048657e-01	   4.1280437149467403e-01	   2.3502974905101284e-01	   5.0384605469673138e-01	   2.7526063851433802e-01	   5.5215771039686468e-01	   2.9043249932127024e-01	   4.5429944890580637e-01	   3.6248894318222352e-01	  -3.8888702540891995e-01	  -1.6139049864034755e-01	   3.3781452802676692e-01	   2.8272282991287356e-01	   3.8554321961111504e-01	   3.9754133034800354e-01	   4.3184472510267413e-02	  -6.3898867434518695e-03	   1.6499721916408533e-01	   1.9498298953729992e-01	   1.6920609261438024e-01	   3.1470533831027303e-01	   3.9369897985395269e-01	   3.1201272425988436e-01	   5.0117812154813524e-01	   4.7285908591428327e-01	   3.0292299193778138e-01	   4.6835638531526269e-01	   5.0641055473059504e-01	   4.6414468740415871e-01	   4.5875644746525979e-01	   6.1824480431171225e-01	   4.8991775035261870e-01	   5.4589707383741670e-01	   1.5402066511851770e-01	   7.1385033710373288e-02	   1.2359440442314902e-01	   8.0465541784564248e-02	   1.7530712012295863e-01	   1.8148605351322938e-01	   3.4131387079303049e-01	   7.8579538327028897e-01	   1.6014414477622094e-01	   3.7262893923123969e-01	   6.0109890563097915e-02	   5.5109416931435617e-02	  -4.8905502705520423e-02	   2.8285664773778096e-01	   6.0340551050241234e-02	   4.4592434252073522e-02	   3.2015363720180062e-01	   9.9460403221238142e-02	   1.5028183287755167e-01	   9.5822019153512780e-02	   1.3175653540563062e-01	  -1.6556512334029880e-01	
   5.6248162458164852e-01	   5.8016519647105635e-01	   8.6571193521092282e-01	   0.0000000000000000e+00	   4.9286231269091152e-01	   7.3785905722109157e-01	   6.4159014769586820e-01	   1.2779736500916450e+00	   4.0527344651484393e-01	   6.6470431480149506e-01	   2.4784619137577957e-01	   4.3224646637472219e-01	   2.4533095626912732e-01	   4.4110801050691950e-01	   2.4751285619278013e-01	   5.8998832426553383e-01	  -3.7751134376695729e-02	  -5.7160345799306206e-02	   6.8224091733993941e-01	   5.9278508896523618e-01	   1.3969080655339591e-01	   2.6314756616169582e-01	   3.1784915654454715e-01	   9.7101598129252431e-01	   2.7270929076778305e-01	   5.1341781802952835e-01	   2.5028333131418146e-01	   3.9909273326887162e-01	  -2.4722823860712777e-02	   6.6939992832592679e-02	   1.7378085751917627e-01	   2.1628256796730086e-01	   4.5108076082737292e-01	   5.1070182514646489e-01	   1.4497665216934721e-01	   3.1569812421964738e-01	  -3.8253512227761377e-01	  -2.3719222719016361e-01	   1.4757701495449851e-01	   1.9384364790147279e-01	  -1.9895945607950119e-02	   2.8257737706346375e-01	   3.6444424598578712e-01	   2.6777452932211310e-01	   4.0144278762234137e-01	   4.5280559295113465e-01	   3.2464851380110510e-01	   2.0489095619491812e-01	   4.5460931678677258e-01	   3.5291446406662191e-01	   5.6548599635730989e-01	   4.4604828226473381e-01	   3.4872205670038570e-01	   1.8326175555638469e-01	   2.3881580731915078e-01	   2.1369328449039551e-01	   3.7973897461790862e-01	   3.1371210331305210e-01	   6.6369822091208830e-01	   6.1210100747048313e-01	   6.6350565991322308e-01	   9.0110792382830607e-01	   2.2711507312307372e-01	   2.9091653767095454e-01	   2.6663965851875548e-01	   7.1717933207970674e-01	   7.1729151182457462e-01	   5.8637157144512797e-01	   4.2686669549088374e-01	   4.2873516742564943e-01	  -1.1628194117976959e-01	   9.7999969620545455e-02	   2.9249801590231067e-01	   3.7365985624722131e-01	   4.5437624888260514e-01	   4.8460767083768297e-01	   1.7825410803397138e-01	   1.0293172741439872e-01	   7.8576736719633070e-02	   4.9204461551676848e-02	   1.3072322144704360e-02	   5.3003956373141758e-02	   2.0420322497384677e-01	   6.2138673042308155e-02	   3.7428752951610217e-01	   6.7578664022571999e-01	   1.1074318069443868e-01	   2.8818486434508661e-01	   4.4736606518062549e-01	   5.7436763440311878e-01	   5.1146938315688817e-01	   3.2114657627368171e-01	   7.2667676897848388e-01	   1.5280953007442138e-01	   2.3302400975589352e-01	   1.9061873806260796e-01	   2.0652043610623114e-01	   1.8921250964356920e-01	   2.5488290829403321e-01	   2.7060541330140281e-01	   5.6183771953199335e-01	   4.9493800563000989e-01	   2.4314718267429386e-01	   4.0970030539532110e-01	   3.0952890565803720e-01	   1.0845783524316768e-01	   1.0678099745298542e-01	   4.6365144398804392e-01	   1.6517610124461493e-01	  -2.7496855666460044e-02	   1.9541558913260423e-01	   8.1227250727527303e-02	   2.8619662413903835e-01	   1.9086349689554069e-01	   1.3988896027092884e-01	  -6.8874380667796622e-02	
   5.0656299316147047e-01	   3.7254536988124137e-01	   6.4712809960330608e-01	   4.9286231269091152e-01	   0.0000000000000000e+00	   1.0862985992306458e+00	   7.1424619798875633e-01	   6.1137380337428049e-01	   1.1747784495378462e+00	   7.6234851786341262e-01	   1.8938084290330937e-01	   1.5661976720707738e-01	   2.3683342343266775e-01	   6.5591233163032128e-02	   6.2433260331404972e-01	   7.2566176263086568e-01	   1.9700892809284035e-01	   2.4939022959602672e-01	   6.1047734329871595e-01	   5.4794178699926122e-01	   3.2529277453192201e-01	   2.9958510740442224e-01	   2.8726788272168086e-01	   4.1583342600252315e-01	   2.7529808113226595e-01	   3.2635658085248836e-01	   1.8364524184919595e-01	   2.1457491841450949e-01	   3.1716436171118007e-01	   4.1614113525810059e-01	   1.9766213430795529e-01	   3.0421217121558036e-01	   3.0956824759692159e-01	   3.2706968933236341e-01	  -7.4961018360835810e-02	   3.4331935410882648e-02	  -1.9274675621313045e-01	  -3.3359318129091398e-01	   9.5205928521099784e-02	  -9.5335205840793122e-02	   1.9110942100021522e-01	   4.4597059718960458e-01	   1.9021736220766267e-01	   9.0150528607378322e-02	   2.5305962215404104e-01	   1.0598493434335343e-01	   1.4506246727392533e-01	   9.8572756142188633e-02	   2.5494340750426830e-01	   4.8523326157189912e-02	   1.7714406704865460e-01	   1.2027054323941305e-02	   3.1748375212636543e-01	   2.8611464730824548e-01	  -7.3418789484617081e-02	  -1.0963373498279472e-01	   4.9278680033201983e-01	   2.6205968773441563e-01	   3.5082582282817765e-01	   9.1265284258151863e-02	   6.0035969881036277e-01	   4.3275329175867305e-01	   2.4953375955303492e-01	   1.6137079069513924e-01	   3.0254788803449228e-01	   1.4300445940319562e-01	   1.7492841100328166e-01	  -3.1976241888707832e-02	   4.1530833223830138e-01	   2.3592090761365786e-01	  -2.5635653609251491e-01	  -1.1693249186143001e-01	   3.4979531763262212e-01	   3.5333086811789860e-01	   3.0495708413205030e-01	   2.8610811018974108e-01	   2.3162726320223707e-02	   3.6057429522411484e-02	   2.3874677301979677e-01	   4.1519052570263154e-01	   2.4581947367006721e-01	   2.5007550688912106e-01	   4.0928691630121383e-01	   3.6471321334189444e-01	   2.6424635766477711e-01	   1.4526989149107636e-01	   4.5919933913713615e-02	   3.1835369839560679e-01	   2.4086579499097754e-01	   1.7053303285826774e-01	   4.3326487915923967e-01	   5.0810292841061955e-01	   7.1573094918510038e-01	   4.9120812110302892e-01	  -3.0144090500114434e-02	  -8.6155239860313579e-02	  -8.9291770893639905e-02	   3.9729176671897320e-02	   1.1593940470069584e-01	   1.5804493653201984e-01	   2.9719229880640896e-01	   5.8361684567070682e-01	   2.5424344803263621e-01	   3.4251683192450272e-01	   5.7243788240537566e-02	  -2.7725846659515160e-02	  -6.9182700180715234e-02	   1.4516228553790006e-01	   9.4688416307066505e-03	  -7.9088921633027248e-02	   1.6064752743559332e-01	   1.8635033102957219e-01	   3.2923470805261512e-01	   2.3462018865597462e-01	   7.6657592238854336e-02	  -5.8904252303339961e-02	
   3.0499141010731823e-01	   3.2617977844107365e-01	   4.2918262943469848e-01	   7.3785905722109157e-01	   1.0862985992306458e+00	   0.0000000000000000e+00	   4.5729266467414015e-01	   8.5440932346347442e-01	   7.2719568007155155e-01	   1.0154328803014121e+00	   5.4334502135230167e-02	   1.7664420582470552e-01	   8.0272550610610352e-02	   8.5136690961766112e-02	   3.8080396807082473e-01	   6.7543093371296037e-01	   2.9336317724980056e-02	   1.0250851154696203e-01	   4.0673367554274253e-01	   4.2332617425392172e-01	   2.7096646300570681e-01	   3.1154968256883347e-01	   1.2451750992763658e-01	   5.0913275077580455e-01	   1.8264181369008581e-01	   3.6379461032511295e-01	   4.6453634960230833e-02	   1.5297359483924811e-01	   9.1372413585235915e-02	   2.9863515188492373e-01	   2.6274520882171394e-02	   1.2300705671121091e-01	   1.0402658355842051e-01	   2.0845246575075255e-01	  -2.0692100570522687e-01	  -5.9187500632528464e-02	  -2.8982766053810260e-01	  -2.8348572844037778e-01	   6.2105672455425309e-02	  -3.6788054187609303e-03	   1.1187720022460966e-01	   3.9205125936179130e-01	   1.3184229547193937e-01	   5.2427197513399311e-02	   2.1620603169229946e-01	   1.7066589465888746e-01	   6.3653486498170972e-02	   3.1107368795157148e-03	   2.3822346790591856e-01	   9.3086943962038066e-02	   2.1118991186372923e-01	   1.1093465378576366e-01	   3.2975152443430472e-01	   1.8270581405572797e-01	  -6.5124731463321289e-02	  -7.8101249315471202e-02	   3.7402444293961601e-01	   2.3610902044610313e-01	   3.5087601393603729e-01	   3.1699194869224129e-01	   4.3051847740465826e-01	   7.2336961204028805e-01	   1.1241477449691165e-01	   3.0342807054418264e-01	   6.0967206833247058e-02	   2.2345283050951231e-01	   1.8646639820927124e-01	   1.1642878194628399e-01	   3.6142770590576673e-01	   3.1366422289017909e-01	  -2.5468633235911731e-01	  -1.1671922246515537e-01	   1.2397337738965876e-01	   3.0120810165519585e-01	   1.2966399957139357e-01	   2.4640700102298554e-01	  -1.0846205220676643e-01	  -4.4907701457558326e-02	   7.0905699013730797e-02	   2.2209111623531747e-01	   1.0562485786712345e-01	   3.5511787276566793e-02	   1.9158166745618954e-01	   1.9545421265929039e-01	   1.0258903769839549e-01	   2.2259309898839208e-01	  -1.7211723057736833e-01	   5.9976433000714806e-02	   1.8765001226289663e-01	   2.4378223229639823e-01	   4.9413581019957387e-01	   2.9111429639079034e-01	   9.6669089688481957e-01	   2.6713968318687947e-01	   1.2099729367087749e-02	   1.3720860710843264e-02	  -8.1216073205271036e-02	   4.1421564542518823e-02	   1.1441019503173668e-01	   9.1024910639973047e-02	   4.1547692914846446e-01	   4.0807073483380679e-01	   2.3286179571802199e-01	   3.0401044573665476e-01	   9.2335784903397666e-02	  -5.8468215297665410e-02	  -9.5217144378115324e-03	   1.5668108305175607e-01	   9.0748462379069139e-02	  -1.0298414333884658e-01	   1.1286294751652841e-01	   7.2529769190063223e-02	   2.7941507087781248e-01	   1.1034294852878943e-01	  -5.3735986474843636e-02	  -4.0227759983142000e-02	
   5.7377972941402433e-01	   4.2718135893993903e-01	   1.1817246984403322e+00	   6.4159014769586820e-01	   7.1424619798875633e-01	   4.5729266467414015e-01	   0.0000000000000000e+00	   8.9652278762752280e-01	   8.7910816237687273e-01	   5.7972044284315849e-01	   5.8645589049151459e-01	   6.8428166733807783e-01	   6.6639740301523365e-01	   6.2622214890974637e-01	   3.3573372939676982e-01	   5.1532913612636666e-01	   1.1674592066757365e-01	   7.4521158075257179e-02	   8.0503617138429273e-01	   5.7972790289573495e-01	  -1.4461092530694095e-01	  -1.6097474421613470e-01	   3.3300629953049005e-01	   4.5212188163707723e-01	  -4.1881082789461510e-02	   4.7168765142232560e-03	  -4.4200770190797045e-02	   6.5389947970610776e-02	   2.1442356443464591e-01	   2.1360464005729185e-01	   1.8268393813227982e-01	   2.3189703267081718e-01	   4.4902574301208092e-01	   4.8549262679309291e-01	  -3.3010942513769223e-02	   7.8655207642672600e-02	  -4.2518617998180536e-01	  -2.6202377734297388e-01	   2.7913439395988782e-02	  -1.6114275427822473e-02	  -9.7340303540065180e-03	   3.5587756737245041e-02	   1.9059891077273178e-01	   9.0153472140868024e-02	   2.4432816834975621e-01	   1.4079079730103242e-01	   2.6961231506002903e-01	   2.8208993878680683e-01	   3.6722963853326646e-01	   1.5695511683175029e-01	   4.5723198127573483e-01	   2.1501478245410052e-01	   3.7063041583944761e-01	   3.0990621758154996e-01	   1.7927810808291073e-01	   2.3894892317839506e-01	   3.1393585344521568e-01	   1.1379879034797585e-01	   4.6226582269196542e-01	   4.4901227816792594e-02	   9.7997638263594933e-01	   5.2477423612497365e-01	   4.1075273223948927e-01	   2.5601917483562098e-01	   4.0286747856100708e-01	   3.4091991685568718e-01	   3.0851194916300834e-01	   1.0184833067686708e-01	   4.2291077180843073e-01	   2.9989721198098773e-01	  -5.1488004599422910e-01	  -3.4485280571067167e-01	   3.2220745520346100e-01	   3.6240784306981533e-01	   4.1085827260389368e-01	   5.5226124090335527e-01	   6.4290261566626955e-02	   6.5207823639546900e-02	   1.8836321745401954e-01	   2.0209435189734756e-01	   1.8000713015799549e-01	   2.8009283771768512e-01	   2.9471715436257073e-01	   1.9405787939438474e-01	   3.3660067812890909e-01	   4.8681992495467391e-01	   1.2248650734035457e-01	   2.6014470192846734e-01	   3.5342373901319030e-01	   3.9043187278631697e-01	   4.4967389727385709e-01	   6.0452424811411420e-01	   5.2647631231068148e-01	   4.7596144150242448e-01	   1.5002545181764759e-01	   9.0221701202828186e-02	   3.0630133116846432e-02	   1.5776379527642242e-01	   1.1483632532713622e-01	   2.2152668339688220e-01	   2.6444581815657664e-01	   7.1242740639432889e-01	  -5.3053267622523350e-03	   2.9658302669569286e-01	  -5.8559767136893634e-02	  -7.9682709190198389e-02	  -6.9949335840316082e-02	   1.9751382562458647e-01	   7.3843444181274649e-04	   1.3517104050251080e-01	   4.5315403630307893e-01	   9.2638339442772569e-02	   1.2161828255942374e-01	   9.6099670322023819e-03	   8.6904848740461116e-02	  -2.2502417009834855e-01	
   4.0641069849983336e-01	   4.1519862976623023e-01	   7.5666621475256635e-01	   1.2779736500916450e+00	   6.1137380337428049e-01	   8.5440932346347442e-01	   8.9652278762752280e-01	   0.0000000000000000e+00	   5.9309569606562373e-01	   8.6332284340731169e-01	   3.2782775861697938e-01	   6.7659325539143422e-01	   3.1400654047209092e-01	   5.8053047909963285e-01	   2.1737789728363222e-01	   5.6320213426783883e-01	  -4.0453705416009171e-02	  -4.3476455157960045e-02	   6.0529835144667277e-01	   4.6991251804257678e-01	  -1.0248687970169594e-01	  -2.5880716541793053e-02	   1.5660680416764058e-01	   6.4588579518690448e-01	  -4.6952175835592982e-02	   1.7410651823096673e-01	  -1.0911735050139740e-01	   4.8712252811877153e-02	   3.3771482243112556e-02	   1.8192786786980070e-01	   1.1190925209363659e-01	   1.8254750291299177e-01	   3.2533773213528122e-01	   4.8280023192230037e-01	  -1.2663016812651615e-01	   7.8904046502579511e-02	  -5.1450405940442512e-01	  -3.3167572074430274e-01	   1.0182268370936906e-02	   6.2785180911706470e-02	  -8.8390384546727110e-02	   1.6306200254650133e-01	   2.8590124682378637e-01	   1.8701538503234205e-01	   4.0251209289648293e-01	   4.1112194327559765e-01	   3.1355382995209286e-01	   2.0073034335471146e-01	   4.6601354645059478e-01	   2.8410163278675882e-01	   4.8348290049415693e-01	   3.3339773369075781e-01	   3.1562869449002989e-01	   1.2535702066920096e-01	   1.6020046392204226e-01	   1.8496388879150857e-01	   2.9310727014109772e-01	   1.1757356826839170e-01	   4.8908713549259009e-01	   3.5731596849625213e-01	   7.1860957155418659e-01	   1.0286219482779388e+00	   2.8188702209304722e-01	   3.6497182047204435e-01	   9.7290124778499867e-02	   4.8695349904698287e-01	   4.4874251343226446e-01	   3.8886843270784244e-01	   2.8462330832665261e-01	   2.6003894796343147e-01	  -2.8916598351110800e-01	  -6.7313017633079522e-02	   2.1830907886668810e-01	   4.0310991397324308e-01	   3.6395682842047922e-01	   5.6805230910601157e-01	   6.8430442422283327e-02	   6.8736259273045303e-02	   4.2630982499558295e-02	   6.0665292521260225e-02	  -1.1648951983890492e-04	  -1.8904347193766668e-02	   1.2710301516185082e-01	  -2.6690138155306475e-02	   1.3187104895822943e-01	   4.3441867196405343e-01	  -4.1367388693739439e-02	   7.4796316287119177e-02	   2.4672246169549622e-01	   3.5788275150012028e-01	   4.7616979296250989e-01	   3.0783940354053357e-01	   7.7683115464659036e-01	   1.7741563292839879e-01	   2.0256966739804391e-01	   1.7167831241768600e-01	   7.5975227733308004e-02	   1.8090777076404801e-01	   2.1563266548463686e-01	   2.1079490612542795e-01	   5.2783943136126865e-01	   5.4546818182342749e-01	   1.3363586424220972e-01	   3.7474239676245091e-01	   1.3829675243120687e-01	  -4.6710312956507516e-02	  -7.7610557186583232e-02	   2.7313282728045635e-01	   1.2490159861766240e-01	   4.5601477539300592e-02	   1.9483817517701268e-01	   6.2607228925042946e-02	   2.8488849241356806e-01	   1.3229270771596485e-01	   9.1367791156629630e-02	  -1.5176867521225670e-01	
   5.8995909110563294e-01	   4.0437921574029578e-01	   5.3432532455229442e-01	   4.0527344651484393e-01	   1.1747784495378462e+00	   7.2719568007155155e-01	   8.7910816237687273e-01	   5.9309569606562373e-01	   0.0000000000000000e+00	   1.0165513322314297e+00	   4.5754414280138139e-01	   4.6537150991136572e-01	   5.9640003152188015e-01	   3.7281362760429310e-01	   8.3259778238973703e-01	   8.4463837657802254e-01	   1.8397917894207250e-01	   9.7210684733940136e-02	   5.5275593567898085e-01	   4.1044636556655550e-01	  -6.5349356413572117e-03	  -5.4497775664269173e-02	   1.8135311638678525e-01	   2.5684090602513032e-01	  -9.0413496628581544e-02	  -6.1723491602534847e-02	   1.2076203019732104e-02	   6.6698350642099738e-02	   3.6349111925609079e-01	   3.7074872293012462e-01	   5.0104536704249351e-02	   1.3669579231227758e-01	   1.5748412282746924e-01	   1.8055165197120546e-01	  -1.4929560791295748e-01	  -2.9032467002130590e-02	  -2.7923726953291594e-01	  -1.5275997875784414e-01	   3.2539051903346619e-02	  -5.0086477038594687e-02	  -1.3606941015627932e-02	   1.7629024999448051e-01	   1.0187411346360027e-01	   4.8742663947938684e-02	   1.0880313290594629e-01	   4.1657292287085722e-02	   1.7368165518424772e-01	   1.9056459401461864e-01	   1.5639577566192178e-01	   6.2205336219833277e-02	   1.7245462647560902e-01	   6.2273610475532482e-02	   3.5948076792285777e-01	   3.3963115859474008e-01	   6.2649236930179347e-02	   1.4638627257809678e-01	   4.0914304401730373e-01	   2.1262557679473457e-01	   3.5549833228395417e-01	   1.1637954256631595e-02	   8.2172339341859957e-01	   5.3567448517781147e-01	   2.5711008053342965e-01	   2.3056078298735622e-01	   3.4440069507114451e-01	   2.2150936656880174e-01	   2.6780478400890918e-02	  -1.4183242315780586e-01	   3.3035120006939722e-01	   1.4957391837934356e-01	  -2.9353627529088161e-01	  -2.4440562830150658e-01	   3.3595686972497063e-01	   3.2751244599349172e-01	   4.1356051362425617e-01	   4.2583154200493567e-01	   1.3525072828914000e-01	   5.7748970744335770e-02	   2.7684444488182625e-01	   3.1839286921757370e-01	   2.6326670552765707e-01	   2.5397060646191472e-01	   4.0775023793500575e-01	   3.4207091138848744e-01	   3.8292681160760056e-01	   2.7157427659490935e-01	   1.0276951914785025e-01	   2.8024472376939336e-01	   3.1976157929278165e-01	   2.7877479777532477e-01	   3.4122815733465184e-01	   4.9040672266771945e-01	   5.6405043596230930e-01	   4.1941292930290286e-01	   6.7125297669870576e-02	   9.9534036380611521e-03	  -1.3947210913932628e-03	   1.8596555918473326e-01	   6.2360328366383187e-02	   2.3405934111143251e-01	   2.1505541820960417e-01	   5.2366418055131236e-01	   8.0274976975466664e-02	   3.0602553535736993e-01	   4.0803628529966553e-05	  -4.2451318082594766e-02	   5.3980594668338398e-02	   1.7433710546922199e-01	   7.5426031989874144e-03	   1.0557350451097895e-01	   3.5778086509720858e-01	   1.6590916095270880e-01	   2.3295791781968733e-01	   1.7432722625081451e-01	   1.4050468461603710e-01	  -1.2164067186428611e-01	
   3.7695069368240408e-01	   3.3177757577363870e-01	   3.4171024569206060e-01	   6.6470431480149506e-01	   7.6234851786341262e-01	   1.0154328803014121e+00	   5.7972044284315849e-01	   8.6332284340731169e-01	   1.0165513322314297e+00	   0.0000000000000000e+00	   2.4359653506361023e-01	   5.3770528432424192e-01	   2.9258671572947081e-01	   4.0295055341471298e-01	   4.5608085647962449e-01	   7.2791089977536472e-01	  -1.4738076252603672e-02	  -1.0942928957932357e-01	   3.4606883446678544e-01	   2.6006580575158111e-01	  -3.5727010588140692e-02	   3.6206500982338442e-03	  -2.2992954176306889e-02	   3.8221308822013678e-01	  -1.4361877767842177e-01	   1.2652462928019232e-02	  -6.8755835905490920e-02	   6.9635666034654931e-02	   7.9194312143174864e-02	   1.6922954338086740e-01	  -1.4754426818072799e-01	  -6.7644155936265535e-02	  -1.4627384783023088e-02	   5.4668845990206168e-02	  -1.7708398260679811e-01	  -4.2992472695101758e-02	  -4.5638455370748110e-01	  -1.7242847976546480e-01	  -5.3017639509752218e-02	  -5.0894639447767974e-03	  -2.2698122630092038e-01	   9.7204584236477681e-02	  -5.0642212392582250e-03	  -5.5590084362806789e-02	   2.3039648657276826e-03	   4.2000467906791947e-02	   5.1062016933320777e-02	   2.8059936942537531e-02	   7.1244347643582950e-02	   2.1222075208773943e-02	   2.1191659696322462e-01	   1.3141580403605602e-01	   3.5840071011778213e-01	   2.2311642173692439e-01	   3.0211998025094975e-02	   1.3595559460512671e-01	   2.6892726134532546e-01	   1.4755912257800510e-01	   3.0644590836841779e-01	   1.9168208023424485e-01	   6.0350214484407094e-01	   9.1146618449960326e-01	   7.1374143558486994e-02	   2.4259341654248795e-01	   1.6897736001283592e-01	   4.6201955305341469e-01	   9.0753025131502185e-02	   5.1188491172736439e-02	   3.0335428288792560e-01	   2.4202122463056949e-01	  -2.4580073128218344e-01	  -1.9206041321977937e-01	   1.1527962958189880e-01	   2.1883698126960985e-01	   2.5619664653922619e-01	   2.7661798202854060e-01	   1.2410226257756521e-01	   4.2586807293860419e-02	   7.1202229766460651e-02	   6.9024485489574738e-02	   7.5709531058760438e-02	   1.7499578690288571e-02	   8.3165814419917578e-02	   8.5041119212750357e-02	   1.5424597562562409e-01	   3.4068000412252875e-01	  -1.4382901970386525e-01	   5.6427857242006059e-02	   2.0542847639804740e-01	   2.9573245081178079e-01	   3.1567578105034122e-01	   2.5537911019247156e-01	   7.2420785455370562e-01	   1.8664534358482490e-01	   1.2104615162205198e-01	   1.2170739931273103e-01	   7.8941869889636723e-03	   1.7206472464247971e-01	   1.3168392921736386e-02	   1.4667716230347166e-01	   3.4467147220345873e-01	   3.6914640410035243e-01	   7.0371856707658345e-02	   3.2553057100647642e-01	   5.3002162036877590e-02	  -2.3637150383544765e-02	   1.0755542288464322e-01	   2.7314849113272321e-01	   9.5416833711287674e-02	   8.6229028454341841e-02	   2.4352329410183698e-01	  -7.6808910108601318e-03	   1.7334981799727700e-01	   1.2549839423607087e-01	   9.6321804432878591e-02	  -1.3711434354681187e-01	
   6.1027984856961026e-01	   5.3807719259255826e-01	   3.4349211473119023e-01	   2.4784619137577957e-01	   1.8938084290330937e-01	   5.4334502135230167e-02	   5.8645589049151459e-01	   3.2782775861697938e-01	   4.5754414280138139e-01	   2.4359653506361023e-01	   0.0000000000000000e+00	   8.2078043486692853e-01	   1.4755685786678621e+00	   8.3504209839390864e-01	   3.7875136843419238e-01	   4.0649655486045838e-01	   4.9013063606247370e-01	   2.9522756873916378e-01	   5.8759170924225357e-01	   3.8686220735975890e-01	  -1.3600727953420350e-01	  -1.5404898232744513e-01	   3.2337971290664930e-02	  -2.1905981907005116e-03	  -1.4625685895213469e-01	  -1.4829858154365408e-01	  -6.8592951413457434e-02	  -4.2814827280824946e-02	   5.5453265682643060e-01	   4.5130943936905954e-01	   1.6054103211840517e-01	   1.0627975425520791e-01	   4.0791368187476462e-01	   4.3242297365324589e-01	  -4.9652425602833630e-02	   8.4544170804299490e-02	  -7.3562507079151143e-02	   1.8112713368028763e-02	   8.1458000447135151e-02	   1.1468457234503773e-01	  -3.7693126724917030e-02	  -5.7400729026211607e-02	   3.6135659019028094e-01	   3.3900096788427631e-01	   3.0049356286090417e-01	   2.7907026595967133e-01	   5.3221583063828615e-01	   5.1924157548652428e-01	   2.9740909009139133e-01	   2.4396055080850376e-01	   3.0059535513777752e-01	   2.0073124107181284e-01	   2.4637149782469941e-01	   1.0693354210345095e-01	   3.2222957947611996e-01	   4.0830871783293210e-01	   3.9186097848864254e-01	   3.0892224051861550e-01	   5.6699538695137197e-01	   2.2874582941406510e-01	   8.9360047371428064e-01	   4.1682185243286951e-01	   6.3025531058821749e-01	   4.9677164243762284e-01	   5.7610904986876148e-02	   2.6246818071254990e-01	   3.0141535388125662e-01	   2.2188165328233034e-01	   2.9846472840537058e-01	   2.6401656978814247e-01	   4.9264932574323746e-02	  -4.9457573364985762e-02	   5.9967432556114275e-01	   5.7318486009238911e-01	   7.2170886867054496e-01	   6.7365060980558444e-01	   4.5946457177325251e-01	   3.0584114096227377e-01	   5.1707147320815516e-01	   3.7971755540914254e-01	   5.7279672731509690e-01	   5.2900683954162586e-01	   5.0512440811336334e-01	   1.9649317714829667e-01	   4.4772063464832573e-01	   4.5128912097158619e-01	   3.0804124720944503e-01	   1.8340194350251204e-01	   3.8253344354887936e-01	   3.7675553545852242e-01	   3.2155963033530455e-01	   4.0617304486772576e-01	   1.2204101102578858e-01	   1.9373804738812533e-01	   4.0174057042508293e-01	   3.0245546950500274e-01	   2.7227331048999071e-01	   4.1986635637999753e-01	   3.1364974014045105e-01	   4.8167643681988515e-01	   1.8956820011909620e-01	   2.9342003630807911e-01	   1.1483769090293749e-01	   3.1798297480307758e-01	   1.4524763570145166e-01	   1.2381832845959237e-01	   2.2680538944036205e-01	   2.1506247905302167e-01	   2.7546609013213180e-01	   3.1066702040486849e-01	   3.9881394168196510e-01	   4.3124495106162042e-01	   4.3584332218848959e-01	   2.2704080868923476e-01	   2.7772973284542196e-01	  -1.3432877309336994e-01	
   4.4847394676594082e-01	   4.5616443252255418e-01	   2.6373568080267062e-01	   4.3224646637472219e-01	   1.5661976720707738e-01	   1.7664420582470552e-01	   6.8428166733807783e-01	   6.7659325539143422e-01	   4.6537150991136572e-01	   5.3770528432424192e-01	   8.2078043486692853e-01	   0.0000000000000000e+00	   8.3343004469094395e-01	   1.2726803862335514e+00	   1.6156092678217046e-01	   3.9797192427940803e-01	   9.8879177354530751e-02	  -4.8018658147429873e-02	   4.4292264047249874e-01	   2.9781721079989742e-01	  -4.6366143425535600e-01	  -4.2095555584090050e-01	  -1.8840297482588811e-01	   1.0163397477498690e-01	  -3.4489797581521431e-01	  -2.5584112775401135e-01	  -2.2242115384599526e-01	  -8.1360215934044008e-02	   1.7304351011560820e-01	   2.2550519272417585e-01	  -1.8270111456127250e-01	  -1.6885530560960699e-01	   2.3716945104747694e-01	   2.9059999336196962e-01	  -2.1556022235313857e-01	  -6.6256788536405389e-02	  -3.1880934980905684e-01	  -3.0686613532898130e-02	  -7.2953023586280015e-03	   1.1896582455096077e-01	  -1.7103091907151236e-01	  -1.4681397747491984e-01	   2.1549994102292025e-01	   2.0210998003170974e-01	   2.5488177733364886e-01	   2.9657368191041150e-01	   4.2837746353144279e-01	   4.5193567458365502e-01	   3.4116205134105670e-01	   3.1080195141508055e-01	   4.4748023884058230e-01	   3.6529000390197097e-01	   3.3512707688452004e-01	   2.2968147284414300e-01	   3.5051780707805885e-01	   5.0458650675311700e-01	   2.4593993259991542e-01	   1.0857833483961213e-01	   4.3916174072887665e-01	   1.4840472269543989e-01	   8.1793364164869853e-01	   8.8350171354837403e-01	   2.6073281383792174e-01	   4.4264932378779370e-01	   5.9780755654931364e-02	   5.5647178249102591e-01	   2.3188880632681669e-01	   1.8197420023844196e-01	   2.9512816597675329e-01	   2.2018369647905575e-01	  -1.3556615713407377e-01	  -1.7170584271306669e-01	   3.1488053543349032e-01	   4.4977661027637483e-01	   5.0201265737536394e-01	   6.9524791195612279e-01	   3.6780922473225997e-01	   3.2250129369493563e-01	   2.2269253534424166e-01	   8.6770569494058120e-02	   2.1602120334172598e-01	   1.8166209209109496e-01	   1.9319976275089121e-01	   5.8025644730338938e-03	   1.6192443124390310e-01	   5.1784449537647703e-01	   8.9872876793645778e-02	   3.8150225716397090e-02	   2.3046388080636232e-01	   3.6968468151595479e-01	   3.5499270161862873e-01	   3.0657473758566733e-01	   3.2002795760918562e-01	   3.9536758959671306e-02	   3.5342862072600412e-01	   3.7360689592501983e-01	   2.2165344394611891e-01	   4.6084605256153610e-01	   2.3589647045778758e-01	   4.1196819685905078e-01	   2.3658416142884198e-01	   2.6337312554532899e-01	  -6.4554826955205771e-02	   2.1618212630454037e-01	   6.5907923294045767e-02	  -5.2573875182203031e-03	   1.6088931740252704e-01	   2.2954004407448622e-01	   1.5952465834745214e-01	   3.4769676160756507e-01	   4.2003235445724219e-01	   1.7100584486037912e-01	   2.5521570509243208e-01	   8.3520526079118002e-02	   1.9581800467125079e-01	  -6.9735376185009162e-02	
   5.8836448324755741e-01	   4.8777949414038213e-01	   3.5714415837779973e-01	   2.4533095626912732e-01	   2.3683342343266775e-01	   8.0272550610610352e-02	   6.6639740301523365e-01	   3.1400654047209092e-01	   5.9640003152188015e-01	   2.9258671572947081e-01	   1.4755685786678621e+00	   8.3343004469094395e-01	   0.0000000000000000e+00	   9.3836148740095326e-01	   4.3226300152445185e-01	   4.6902547201917089e-01	   2.8611855513716361e-01	   1.2664878335765678e-01	   5.4360620950209892e-01	   3.3846646052869356e-01	  -2.0321959969382319e-01	  -2.1166276812697646e-01	   1.0283470946567937e-01	   6.3188394717069815e-02	  -1.3239101631329309e-01	  -1.5857669297102694e-01	  -4.3579896812317831e-02	  -9.1102042480420142e-03	   3.9369027971438408e-01	   3.0411591144847566e-01	   1.0276015287957306e-01	   6.3810791240645912e-02	   3.4818313414609764e-01	   3.1159855780379997e-01	   1.3599935451093137e-02	   1.2531801767144191e-01	  -1.7891573813275261e-01	   3.2822847268066821e-02	   3.6774578246847621e-02	   8.3673117640492331e-02	  -9.5561514507203252e-02	  -6.8219519004677001e-02	   2.4734380434054601e-01	   2.1778383408675317e-01	   2.0509100477380376e-01	   1.7064325285260873e-01	   3.9571251154248233e-01	   4.3200583040515600e-01	   2.4607885771615870e-01	   2.3892740912405430e-01	   3.2626515871265088e-01	   2.6336525542340383e-01	   2.8193626052444842e-01	   2.5285725974051165e-01	   2.8511762046107081e-01	   4.0755155670008525e-01	   2.8829435019798300e-01	   2.2102205501532290e-01	   5.2608691384926443e-01	   1.3549650304829863e-01	   9.3030316643086741e-01	   4.0659239835176109e-01	   4.1800651655563553e-01	   3.1914878732597074e-01	   2.4074495169890606e-01	   3.1953875477642579e-01	   2.1476218385806978e-01	   9.5520823893746221e-02	   3.5005431106122625e-01	   2.4886984763808678e-01	  -5.5430763290106440e-02	  -1.1995615432010411e-01	   4.9302514507099887e-01	   4.6090376132932809e-01	   6.8327464381893743e-01	   6.7411538711133601e-01	   3.8036126875022147e-01	   2.0783410865161017e-01	   3.8397465774034828e-01	   2.7648667987655418e-01	   3.8888528505657222e-01	   4.2166701747901608e-01	   4.3122507534999455e-01	   1.7370489903227410e-01	   5.1850333020971640e-01	   5.0628855643217174e-01	   2.8714292278326697e-01	   1.9735274821793827e-01	   3.4846707538706589e-01	   3.7014897039211175e-01	   2.8714486329952082e-01	   4.0550076210110841e-01	   1.2683567002528659e-01	   2.0042159112514693e-01	   3.5343503443783469e-01	   2.8031042433246817e-01	   1.8117206188232055e-01	   3.6199483520963599e-01	   1.3599037383380691e-01	   3.8120242716694880e-01	   7.7294502018391373e-02	   2.5490510304327207e-01	  -5.3118578745609182e-03	   1.7445294806785588e-01	   7.5725998711536166e-02	   8.3292233556177805e-02	   1.8025174576975209e-01	   1.3628051275200806e-01	   1.9008992152540355e-01	   2.7933141838760189e-01	   4.4287959901269969e-01	   2.7672939337185992e-01	   2.4954354648549215e-01	   1.4714100253705167e-01	   2.8626687523835020e-01	  -1.1797050431014885e-01	
