   0.0000000000000000e+00	   1.2517989182912204e+00	   4.8344859593524392e-01	   4.4447481999360883e-01	   5.7559746312015925e-01	   4.8988085114207969e-01	   7.6896096190953256e-01	   5.3871789211985033e-01	   3.9469485733390525e-01	   4.4577881613662473e-01	   1.0946048448049446e+00	   6.2836636994115969e-01	   6.6264842304403337e-01	   5.9186528558264428e-01	   7.8059701790224401e-01	   1.1140454675379106e+00	   5.9659999718822654e-01	   5.3594571230884513e-01	   1.1214041499185214e+00	   1.1546087782002796e+00	   3.4160544111869534e-01	   4.1832040591479208e-01	   2.8744736477362348e-01	   1.9843291844669586e-01	   1.4696919956121279e-01	   1.1642981001788191e-01	   1.8061323051050088e-01	   3.0963371315390892e-01	   7.5980808258023114e-01	   6.7348772468193818e-01	   3.5302108239272884e-01	   2.5304646682567611e-01	   6.0427922113228316e-01	   5.7703490634439081e-01	  -1.3791704549160419e-01	  -4.1160077580837826e-02	  -1.8586076494066001e-01	  -1.9367750335938680e-01	   2.4125078323251145e-01	   2.4089273789037677e-01	   3.3430378911079706e-01	   5.7056426604629562e-01	   2.5299781940037314e-01	   2.2387570318958916e-01	   2.9963967288252591e-01	   3.8669349310357959e-01	   4.1672194321298761e-01	   3.5876419421415084e-01	   6.1374769030388110e-01	   5.3693968050667673e-01	   5.5086130245800535e-01	   3.9086910349698445e-01	   5.5827574924421475e-01	   5.2191714688890056e-01	   5.8055026493871675e-01	   7.2271882298212597e-01	   1.2992245796378514e+00	   9.7851124215997498e-01	   6.5324481137348545e-01	   6.3250171988572990e-01	   1.0217993906772078e+00	   6.7175065890960528e-01	   1.1789218223688838e+00	   9.5146099491430469e-01	  -2.3028135080771478e-02	  -1.8723034428552493e-01	   4.3639526480273827e-01	   4.2911903570051302e-01	   6.3937350947166205e-01	   5.2319669171864069e-01	   1.0873270765769079e-01	   1.4632403777186179e-01	   4.9539974080984595e-01	   5.5873178205622520e-01	   3.1769077200223617e-01	   3.9865174027047001e-01	   2.7674523657896943e-01	   3.6536490576658343e-01	   5.9785497736174309e-01	   5.0425419496161505e-01	   8.2639515685983578e-01	   7.1366441146006632e-01	   5.1066969225567027e-01	   6.8343535327590010e-01	   4.0622071485526873e-01	   4.8503916707643324e-01	   1.4130744529395967e-01	   1.5548227082828417e-01	   7.0358282910176739e-01	   1.0163977942433109e+00	   5.7411052374760674e-01	   5.0785626331663636e-01	   4.4315968387735227e-01	   4.9459171107199279e-01	   4.3069870831673246e-03	  -7.4789019023649886e-02	   1.4822612404837274e-01	   4.7154121914212016e-01	   7.3348534691945355e-01	   8.2295146838477085e-01	   6.3206354038775281e-01	   7.9240143145794673e-01	   8.0297820877910631e-01	   8.0388864672333793e-01	   1.5646906064498598e-04	   1.9766657886468735e-02	   2.7161247988073323e-01	   2.3702501649413671e-01	  -2.2786170827400441e-02	   1.0084695110123319e-01	   1.9928626249128648e-01	   4.5557641326974430e-01	   4.0607573556739096e-01	   5.1256999241145629e-01	   1.2712778086558091e-01	  -6.1809312730205811e-02	
   1.2517989182912204e+00	   0.0000000000000000e+00	   3.6452315788941192e-01	   4.7226864159763177e-01	   4.7216304211295240e-01	   5.7477653768631565e-01	   6.6538308287612691e-01	   7.0586484655034898e-01	   3.6524252767538318e-01	   5.3187060503318540e-01	   8.7585355526306718e-01	   9.8247338751173341e-01	   5.6329247265695059e-01	   8.2612054852445638e-01	   6.4663292005499518e-01	   9.1008848508916795e-01	   8.8199170714466568e-01	   8.9629950737675901e-01	   9.3553263376825457e-01	   1.0677385460001245e+00	   2.3396236602242595e-01	   4.2966557251590171e-01	   2.4134008105915356e-01	   1.9301381582471744e-01	   1.5707309792856103e-01	   5.6211955863653483e-02	   1.1161410327644836e-01	   1.6432916365661054e-01	   8.7906978530946167e-01	   1.0622679949702869e+00	   3.1359169625713301e-01	   2.2697655103629885e-01	   5.7293247740833197e-01	   5.9861669688051866e-01	  -1.0940342010100965e-01	   1.3528889784295985e-02	  -2.1517436746243804e-01	  -2.0735403272530781e-01	   1.4489959165288979e-01	   2.8001295493551237e-01	   3.5977002715051509e-01	   6.3030680378090986e-01	   3.1791365017533840e-01	   2.3952497406362311e-01	   3.7539713409411690e-01	   4.2593979832028989e-01	   5.2781366543892061e-01	   4.8537668542142470e-01	   5.6310048376603228e-01	   5.3916437173513776e-01	   5.4795501428449911e-01	   3.3614465106654345e-01	   6.2403938260357394e-01	   6.1331356120605307e-01	   4.7127569046367829e-01	   6.7228361027815264e-01	   9.2535732852221231e-01	   1.0574226775667306e+00	   3.9572904734250747e-01	   4.4635899157118519e-01	   8.3746097695362809e-01	   8.8444883396808849e-01	   1.1086477832544575e+00	   1.0774851360027187e+00	   6.5936347907098597e-02	  -1.3131982749446823e-02	   2.5215533632883280e-01	   2.5662875490762393e-01	   4.4020902470995371e-01	   3.7840173387805320e-01	   2.1879774225531287e-01	   3.3881793411807715e-01	   5.2589406530059746e-01	   7.9556084423230189e-01	   5.0282328838665391e-01	   6.9215521549182091e-01	   3.9553219561705066e-01	   5.8024007242199926e-01	   9.0487360186548105e-01	   8.1084578222456172e-01	   1.2930476718024719e+00	   1.1976140903579728e+00	   4.7085914694656855e-01	   9.2801350612856193e-01	   4.4436957864636700e-01	   5.3004227271400017e-01	   1.8944474921998081e-02	   8.6211048975618945e-02	   4.9833271041060179e-01	   7.4469547281788251e-01	   4.8246965725626356e-01	   3.1662765472662974e-01	   3.8135689507379966e-01	   2.8378560123240681e-01	  -2.4347315843684665e-02	  -1.4699947471037328e-01	  -6.9999674464102535e-03	   3.6750198499044745e-01	   7.9607296012579309e-01	   8.5485447400061076e-01	   4.5005610059272905e-01	   4.6214452073755985e-01	   6.3767810234683830e-01	   4.7456469528042428e-01	  -2.0784290670514866e-01	  -2.1314861535852575e-01	   1.2435596766450594e-02	  -8.3286548244000280e-02	  -1.9733798504704891e-01	   1.4490908159182878e-01	   1.8914872663835317e-01	   4.6862072958680490e-01	   3.5111801260625436e-01	   4.6654602547687457e-01	   1.2070572178302086e-01	  -2.0853878393525779e-01	
   4.8344859593524392e-01	   3.6452315788941192e-01	   0.0000000000000000e+00	   1.0863648909969947e+00	   6.4640234822858567e-01	   3.9212518974720739e-01	   1.2118884815171005e+00	   5.3639900789204176e-01	   9.9686854243735001e-01	   4.3243431599763082e-01	   5.1943585432862671e-01	   2.4463454597112932e-01	   6.7725636732293415e-01	   9.9473519540766303e-02	   7.9612954380911771e-01	   5.2421746557808879e-01	   8.8560772779334815e-02	   1.1955245834381320e-01	   8.0236128965188547e-01	   7.0256382712320542e-01	   9.2740991074051060e-01	   6.4315552681738974e-01	   1.4063680356687291e+00	   1.3267057920910232e+00	   8.6021673551495814e-01	   1.0308274180740227e+00	   6.5012030594948689e-01	   8.0952142930889681e-01	   1.6727060658199816e-01	   2.7409056455893421e-01	   9.3042607669277488e-01	   9.2576603205688257e-01	   9.1515618537789312e-01	   9.2252192636014552e-01	   7.9775376774079432e-01	   8.0259755035234692e-01	  -1.5664741874274135e-01	   6.4045845783671410e-02	   4.9296901909360236e-01	   4.3298561113532913e-01	   1.9709904251401755e-01	   4.7187782361088831e-01	   4.9102092790471297e-01	   3.3462132126218680e-01	   3.3604769152931174e-01	   2.8728848274685226e-01	   5.1967551376577792e-01	   3.7248832801769083e-01	   2.9425347890432213e-01	   1.4238000018305086e-01	   5.0284311360699596e-01	   1.6841076172233319e-01	   2.4473556132450752e-01	   2.5397179652518415e-01	   5.1282521202692755e-01	   3.6702699423407092e-01	   3.5712888131675641e-01	   3.7863670469129673e-01	   3.5320565154469180e-01	   1.2595961655324520e-01	   4.8648261996016773e-01	   6.3532382297998694e-02	   2.3812055945002655e-01	   2.0872714789495134e-01	   8.8696184848913906e-01	   4.8480424722805093e-01	   7.2934248471606700e-01	   4.9253640791556930e-01	   6.9093956047559590e-01	   5.4407769402333928e-01	   3.6681397764871720e-01	   3.7429480458318837e-01	   3.0996267516622961e-01	   3.4226588263712904e-01	   3.3209037017656973e-01	   2.8124410256164339e-01	   6.2578070034710809e-01	   5.4359277554035812e-01	   2.9329357254439753e-01	   3.4708547933344397e-01	   3.0977908783389263e-01	   3.8795497270781387e-01	   7.4980406861502358e-01	   6.5967753591008615e-01	   1.0448999116107158e+00	   9.1334926106935344e-01	   6.8295645005334504e-01	   8.0638046145888742e-01	   9.4727843287715718e-01	   6.2953979931616288e-01	   4.0310011378823074e-01	   4.9562749435838838e-01	   5.0782169788150222e-01	   7.5426857752593657e-01	   2.6992802525083920e-01	   1.4784878276889801e-01	   4.7433682091726570e-01	   5.4451630375718163e-01	   4.4246794866401207e-01	   4.1722636429032478e-01	   2.6736219317915788e-01	   5.5144644733463144e-01	   3.1873167237977468e-01	   4.0154198926358509e-01	   1.4986593249536914e-01	   2.0957196691178021e-01	   3.2787116461958414e-02	   1.3035694913600879e-01	   8.8923477997233588e-03	   1.8359516408823820e-01	   7.6320317374814206e-01	   3.4671033740116780e-01	   3.4769388198848994e-01	   6.8552269635936425e-01	   7.1772619625606138e-01	  -1.5349106857929662e-01	
   4.4447481999360883e-01	   4.7226864159763177e-01	   1.0863648909969947e+00	   0.0000000000000000e+00	   3.6706253055394383e-01	   5.1805771459138050e-01	   9.3229381745165418e-01	   1.0094295042340287e+00	   5.3911854658550418e-01	   6.9849957370275517e-01	   3.7849438617918096e-01	   5.4179450537144924e-01	   4.5861270817928035e-01	   3.0870698885093750e-01	   4.4652455946959785e-01	   5.4488220613522309e-01	   7.5657489286275734e-02	   1.0092396461705987e-01	   7.3370653942370057e-01	   9.0286690931092495e-01	   6.6471234582519845e-01	   6.5414252757076641e-01	   7.5221546925729244e-01	   1.1611415913332950e+00	   6.5203469972358474e-01	   8.4440489472613889e-01	   4.7618751546307725e-01	   5.9885567922206351e-01	   8.8609098005135931e-02	   3.3014985944010089e-01	   7.5753406716535154e-01	   9.1152123850385980e-01	   9.0760613102360821e-01	   1.0259820138830329e+00	   5.5601622674007234e-01	   7.5012417071287230e-01	  -1.1729738887432548e-01	  -3.0599202806136164e-02	   4.1879078414997867e-01	   4.6986060504110028e-01	   2.0159259704627605e-01	   5.0127890664460439e-01	   4.4842091320874222e-01	   3.2298721665630098e-01	   3.8013728812331032e-01	   5.1231870729957629e-01	   5.4394230689921419e-01	   4.5282727708138870e-01	   2.6693951562782048e-01	   2.5206657509914693e-01	   5.2983255162764920e-01	   2.7098090779910911e-01	   1.7503476613144189e-01	   2.2886784202053162e-01	   4.5030628675852713e-01	   4.0227277879469192e-01	   2.2491580995609489e-01	   2.6788124280786385e-01	   3.3668920199922464e-01	   1.7764216813955436e-01	   4.0429827207678154e-01	   2.6308159900694289e-01	   1.7671063401473922e-01	   2.1310532907906021e-01	   6.2903996036458487e-01	   7.2065854896626524e-01	   9.6942711595853892e-01	   8.1706239064502650e-01	   7.5802717694932331e-01	   8.2396092207930260e-01	   2.8334874287271644e-01	   4.3045579946599349e-01	   2.9666312486123797e-01	   3.8374494874970261e-01	   3.5017752064966012e-01	   3.7086783121564704e-01	   6.5870977788383334e-01	   6.6150303916016495e-01	   2.7056265997182094e-01	   2.5890012046780336e-01	   3.4724930601229553e-01	   4.3501316437608722e-01	   4.5321455912643838e-01	   7.3912013629099449e-01	   7.7237762353466244e-01	   1.0904682448730829e+00	   4.0528995868357637e-01	   6.6588891555735674e-01	   7.5956533535491633e-01	   6.3050404603581356e-01	   5.4430978725866352e-01	   4.4735916948434368e-01	   7.2249908070257474e-01	   5.7529907294132787e-01	   2.0403884725540744e-01	   1.6228355925986140e-01	   5.0693498174711349e-01	   5.8588339916699850e-01	   5.0838485900990837e-01	   5.0976566710872406e-01	   4.3688477684298793e-01	   4.9049419254978055e-01	   4.6291837774313727e-01	   4.6040621327280451e-01	   2.8712879179125045e-01	   2.1150503316465261e-01	   1.7732568915734964e-01	   2.5063524229828182e-01	  -3.8722720566212170e-02	   1.9805043713578879e-01	   8.1660968014396285e-01	   3.8567225037800412e-01	   4.6050869373950565e-01	   5.5672193657602065e-01	   7.0713345336162159e-01	  -1.8636273818886909e-01	
   5.7559746312015925e-01	   4.7216304211295240e-01	   6.4640234822858567e-01	   3.6706253055394383e-01	   0.0000000000000000e+00	   8.6081917975834210e-01	   6.3159349250534391e-01	   3.4786952390691589e-01	   9.4246381997729411e-01	   5.7176857234364820e-01	   4.4766409303055754e-01	   2.3449641296746770e-01	   4.0474226236649441e-01	   2.4808518686159947e-01	   7.7615952358353923e-01	   7.0370794744112264e-01	   3.2491806922405431e-01	   4.1161692524460358e-01	   5.6060648010922665e-01	   5.7088975499423333e-01	   5.3773491299990217e-01	   5.3706877042623324e-01	   4.9841509477915574e-01	   3.4023043726369501e-01	   6.2568718122120981e-01	   4.4720486890236044e-01	   4.7875232880437502e-01	   6.4733577462471015e-01	   2.7811114596764402e-01	   3.9850203457016931e-01	   3.1752752785394567e-01	   2.1002619699147201e-01	   3.2326507669528015e-01	   3.3265268187114511e-01	   1.9168117838604060e-01	   1.9924732976843224e-01	  -2.4175640457673689e-01	  -1.0583543002997389e-01	   2.6916503462130137e-01	   2.4904947918686743e-01	  -2.5499315849701876e-02	   1.7099237304487652e-01	   2.0484167216023302e-01	   2.9837075133800094e-02	   2.1048119093140427e-01	   1.0190218801830182e-01	   2.5767858800747034e-01	   2.0110952729660772e-01	   3.4085230967070851e-01	   2.1498365911520634e-01	   3.5966930303175748e-01	   1.4806321542392625e-01	   4.7697341583199526e-01	   4.9602091187323166e-01	   4.8006111556957964e-01	   4.1887142509767805e-01	   5.7082088270394538e-01	   5.2104768049006389e-01	   3.1428733859909946e-01	   2.7535327311789615e-01	   6.1587400034089512e-01	   3.9877666133369005e-01	   4.1160517659927753e-01	   4.0600000121080171e-01	   3.2767535270260989e-01	   1.3075320194370582e-01	   2.3818915927007428e-01	   1.5549101670539800e-01	   3.5414477469912659e-01	   1.9146341788046375e-01	   1.2055828029714670e-01	   2.1605051603467124e-02	   6.3600862898816973e-02	   2.0607739435102654e-01	   1.2199486042943440e-01	   1.4344980172414742e-01	   1.2117907155498436e-01	   2.7310430278725450e-01	   4.1145442263385007e-01	   4.0649194336730021e-01	   4.4035780456017015e-01	   4.2834198676375412e-01	   4.1019907269248279e-01	   4.4138176317741096e-01	   3.6440897282322710e-01	   2.9465181161397375e-01	   1.6354027284789147e-01	   1.8229923624010055e-01	   6.1419601020574444e-01	   5.5669527770602112e-01	   4.9645387659885332e-01	   4.7377616754437007e-01	   4.9323937187470468e-01	   5.6994646485280986e-01	   8.4233733523642454e-02	   1.6443868889188973e-02	  -1.0235255065757566e-01	   1.3473361976057230e-01	   5.6798012858403624e-01	   4.0569483822821617e-01	   2.2266168266055056e-01	   4.8847295701831916e-01	   3.5599168194745523e-01	   3.8430065005247765e-01	   5.2273558313332247e-02	   1.3716604448513292e-01	  -6.0809668986934400e-02	  -5.1282769509485411e-02	   4.2046925528562894e-02	   1.5412330990074323e-02	   9.2976780887684865e-02	   3.9002534294493751e-01	   4.1321321239140196e-01	   4.4772532802242149e-01	   2.8757233675984861e-01	   1.0690845135741667e-01	
   4.8988085114207969e-01	   5.7477653768631565e-01	   3.9212518974720739e-01	   5.1805771459138050e-01	   8.6081917975834210e-01	   0.0000000000000000e+00	   5.4057923523656348e-01	   7.3962244417102152e-01	   4.9253869894850072e-01	   1.1569505197949488e+00	   3.0335775812669297e-01	   4.1524586231256733e-01	   2.1437370397831854e-01	   3.1720148256706698e-01	   4.2526440649549646e-01	   6.2020361718060191e-01	   4.1685945248155898e-01	   4.6999074671518853e-01	   4.9313824628787628e-01	   6.2389412985811177e-01	   3.3049825635147445e-01	   6.0089190646246715e-01	   2.0306538982245353e-01	   2.5961121479850313e-01	   3.8268198536200704e-01	   2.8253072669462637e-01	   2.4636183230220277e-01	   3.9336135743878242e-01	   3.2745889684315249e-01	   5.4569846363900953e-01	   2.4060074628207970e-01	   2.1504365284060215e-01	   2.9941323712793838e-01	   3.7775411051634655e-01	   1.1248680741228877e-02	   1.9448834126565939e-01	  -2.8418050916146792e-01	  -3.3368168176950980e-01	   1.4328207864321491e-01	   2.4460121523538295e-01	  -1.5816311996667401e-02	   9.8310423215054940e-02	   2.5305486862657234e-01	   7.8941345611097891e-02	   3.2495579884652293e-01	   3.4332693190385216e-01	   3.2716273956823588e-01	   2.8155586147032535e-01	   1.9617137270604651e-01	   1.8273999946677730e-01	   2.1815329803616790e-01	   4.0189116046486256e-02	   2.8695930879537546e-01	   3.4136461353861747e-01	   3.0357077593442455e-01	   3.0202432062951673e-01	   3.2094487784954701e-01	   3.4437452446854283e-01	   1.1833432599133287e-01	   9.5559596094111840e-02	   5.1354164577773054e-01	   5.8267741534574413e-01	   3.8513366880570660e-01	   4.2703595200661376e-01	   2.5067548753245950e-01	   3.1219030102463408e-01	   2.6133162289588668e-01	   2.2402311343613340e-01	   2.2802539176509812e-01	   2.2300910194278367e-01	   2.4156210742341377e-02	   1.9883137788320529e-02	   1.5337218813204839e-01	   3.3442089645017714e-01	   2.8014929654085174e-01	   3.7549386079279612e-01	   2.4942745482581641e-01	   4.0722534789655984e-01	   5.3064364668750197e-01	   4.7210600335139685e-01	   5.8079597130739269e-01	   5.7275829711406645e-01	   1.4617992658191759e-01	   4.5030731690731640e-01	   2.1567537896855449e-01	   3.0265842036414031e-01	  -1.0140011019416893e-01	  -4.2776526842572361e-02	   3.5999723936739358e-01	   4.4194085797905158e-01	   4.9379246631563267e-01	   2.3792365969721507e-01	   6.4702307513078716e-01	   3.5804205977125819e-01	  -5.3037322502080143e-03	   3.4738050936979396e-02	  -1.7554584454532754e-01	   1.4288622708801657e-01	   5.4535497010991563e-01	   3.8510854615740087e-01	   3.4917185751693791e-01	   3.6638214053852380e-01	   4.3408939610452024e-01	   2.5786882374151410e-01	   3.5095367246322624e-02	   5.1178159191357228e-03	   8.6622195839766436e-03	  -1.3464085473673421e-01	  -5.2127061578491202e-02	   4.9250611668060409e-03	   8.7711152321107641e-02	   3.9496876506091477e-01	   4.8698933800012523e-01	   3.1420487261764757e-01	   1.9359221944184482e-01	   4.6116524260125047e-03	
   7.6896096190953256e-01	   6.6538308287612691e-01	   1.2118884815171005e+00	   9.3229381745165418e-01	   6.3159349250534391e-01	   5.4057923523656348e-01	   0.0000000000000000e+00	   9.8960936382542197e-01	   8.8524777371267727e-01	   6.7304636284527664e-01	   9.3105162224658433e-01	   5.9536776786096024e-01	   9.6585453766314833e-01	   4.4564543653415301e-01	   7.7430585079349645e-01	   6.6616918977435757e-01	   2.5042345899492824e-01	   3.2192826615144560e-01	   1.0341025391114933e+00	   9.0680399812899648e-01	   6.1377070051413174e-01	   5.0200525253265849e-01	   8.3399774677581984e-01	   7.6764018517164234e-01	   3.9220174762205368e-01	   4.5999409131793323e-01	   2.4255998541348245e-01	   4.1987633029727778e-01	   4.3704403685191962e-01	   5.4071528017607784e-01	   8.0738673595984523e-01	   7.5592235694616305e-01	   9.6126625736949489e-01	   1.0452932837189302e+00	   3.7817584760303341e-01	   5.2320472870649171e-01	  -3.3947653512624276e-01	  -1.7266523248991789e-01	   2.7085617576606080e-01	   2.5582528949121114e-01	   1.9042674085926037e-01	   4.5884393015025948e-01	   4.9431662533104104e-01	   3.1358752766037440e-01	   4.9652981389716144e-01	   4.5476126175455500e-01	   5.9063694402753952e-01	   3.9302284584698133e-01	   4.9961092772209759e-01	   2.8632964548024986e-01	   6.3044734116673329e-01	   2.7978004500122400e-01	   3.8383320526728315e-01	   3.7824650054755088e-01	   4.9811496212759387e-01	   4.5445219463093078e-01	   4.8020341605874939e-01	   4.6302987453876421e-01	   4.3921674888536077e-01	   1.9064470631629052e-01	   8.1599062906877884e-01	   3.8491254165382366e-01	   4.9693497699185663e-01	   4.7359035717082265e-01	   6.5554003664816929e-01	   3.6150433047188596e-01	   7.4547468278841600e-01	   5.2277812518596112e-01	   6.6946292105578520e-01	   6.0816600432674239e-01	   3.7098145644893810e-01	   4.5295007880455607e-01	   6.0536650388186597e-01	   6.9447251000123955e-01	   5.5037037983657633e-01	   5.6501749874330243e-01	   6.6906461113900983e-01	   6.2304637619167214e-01	   4.2949190335398890e-01	   4.4510398728346573e-01	   4.9913514596136654e-01	   5.7178279759292805e-01	   5.9112353977121768e-01	   6.5488687565697945e-01	   8.4172576219066653e-01	   8.5755411117714486e-01	   2.9985567107860872e-01	   4.0289047436668934e-01	   7.7255453977700750e-01	   7.0897851767631126e-01	   4.7131133138535297e-01	   5.1286077755500825e-01	   5.1149104126252309e-01	   6.5894803350628217e-01	   1.5813472926785266e-01	   1.2067607254770715e-01	   2.8432119092007091e-01	   5.3886021900366854e-01	   6.4370496110226927e-01	   6.4729881899282982e-01	   4.7708582884851414e-01	   6.5346832852801451e-01	   4.7783821030542650e-01	   4.5929340313960854e-01	  -2.2121491237971927e-02	  -8.6994423712580572e-03	   7.3762524985167582e-02	   1.0266870475605058e-01	  -8.7961246418769942e-02	   1.4217258736839375e-01	   5.3457940068630483e-01	   4.7311077385962297e-01	   4.4736627578949878e-01	   6.3944997370220635e-01	   4.3412958630619092e-01	  -2.3347513868522821e-01	
   5.3871789211985033e-01	   7.0586484655034898e-01	   5.3639900789204176e-01	   1.0094295042340287e+00	   3.4786952390691589e-01	   7.3962244417102152e-01	   9.8960936382542197e-01	   0.0000000000000000e+00	   4.4807121793426385e-01	   1.0723109825797805e+00	   5.7199825119193026e-01	   9.5776723426765298e-01	   5.6405987855833373e-01	   7.3400419960565999e-01	   3.9860987649181601e-01	   6.1408283009900311e-01	   3.0252618124128022e-01	   3.9248445022325767e-01	   7.0568600082067623e-01	   8.8677447046208968e-01	   3.2710720865362286e-01	   4.2620746769125628e-01	   3.2451567456425923e-01	   4.8985300649776509e-01	   1.6923648382385945e-01	   2.2113276616402114e-01	   5.5019606241686822e-02	   1.6591959418042224e-01	   3.9818094290290146e-01	   6.7554709225909293e-01	   5.5902313911101498e-01	   6.1320803477007191e-01	   7.2033740428316573e-01	   8.9091324607361622e-01	   1.1793739363517836e-01	   3.7022243506855174e-01	  -2.6706073927343243e-01	  -2.8123011870190151e-01	   1.3842973124823740e-01	   1.9060553533212449e-01	   1.8244884688452928e-01	   3.8474024115673527e-01	   4.2900519709338236e-01	   2.6352399770180468e-01	   5.3256984609956792e-01	   6.3283705883674446e-01	   5.4093205729042193e-01	   4.2187104304369799e-01	   3.2947059329144873e-01	   3.0206568651220339e-01	   4.4996063232536493e-01	   2.3392256170193282e-01	   2.6152787796845167e-01	   3.4087261218503562e-01	   3.0322007518099492e-01	   3.6210641530354926e-01	   2.5458899898919807e-01	   2.7780146578983034e-01	   2.3742134613705584e-01	   1.2775477373891464e-01	   6.1309602319489975e-01	   6.4452913117728294e-01	   4.0027879654851067e-01	   4.3640722016131545e-01	   4.0877897530429141e-01	   5.0084903270683645e-01	   6.3233960713220383e-01	   5.6120232533552450e-01	   5.1263094183689162e-01	   6.4376384639808948e-01	   2.1671707440726784e-01	   4.0370364232911343e-01	   4.9871180889039374e-01	   6.5909949667018142e-01	   4.9788355304809961e-01	   6.2077410567330205e-01	   5.8071613141793887e-01	   6.5862462904027863e-01	   4.4448558005093897e-01	   3.8176669778501970e-01	   5.7041558052830155e-01	   6.4309385904552296e-01	   2.6111137256135170e-01	   6.7016777146585615e-01	   4.8672921267338481e-01	   7.2335594636395106e-01	  -2.7713801373204117e-02	   1.2461200252595836e-01	   4.8000867590160706e-01	   4.9738424088792038e-01	   5.2967010096729106e-01	   3.2778460593992914e-01	   6.0053854012673602e-01	   3.4485648295278393e-01	  -2.1084805506895385e-02	   1.8413066612407592e-02	   1.2360472265798081e-01	   3.9319000417106137e-01	   6.4696725365038377e-01	   6.1916600936945643e-01	   5.4465113850050706e-01	   3.9519185994106210e-01	   5.1004736826322405e-01	   3.4623463336873167e-01	   1.1995352876280377e-02	  -9.0345253506524836e-02	   1.2638154834956272e-01	   8.6247903703184123e-02	  -2.2900981975199378e-01	   9.9790346242889974e-02	   3.8666739980444986e-01	   4.6151970124683311e-01	   5.0951739361355508e-01	   3.8623163946825362e-01	   2.6369323776102466e-01	  -2.2275629450485651e-01	
   3.9469485733390525e-01	   3.6524252767538318e-01	   9.9686854243735001e-01	   5.3911854658550418e-01	   9.4246381997729411e-01	   4.9253869894850072e-01	   8.8524777371267727e-01	   4.4807121793426385e-01	   0.0000000000000000e+00	   5.6031126667771880e-01	   5.0818408224749989e-01	   1.8055928517829833e-01	   8.4304395933294740e-01	   2.6549455761085394e-01	   8.9374928096245454e-01	   5.3292842213328862e-01	   2.0721804707430394e-01	   2.5636824244082751e-01	   4.5575093152805340e-01	   4.7769283261991891e-01	   5.7706238529101439e-01	   4.2964782775577193e-01	   7.8855934315045129e-01	   6.1391836756712148e-01	   6.2779992548351238e-01	   5.5973854351964514e-01	   6.5395633610516579e-01	   6.8545022668878275e-01	   1.9660252712136597e-01	   2.9944808174376558e-01	   4.6367705556191230e-01	   4.0603664772321846e-01	   4.2814199373051193e-01	   4.5240996127171901e-01	   4.6298405331852333e-01	   4.0620661473526593e-01	  -3.2546561976899141e-01	  -7.2705632508304932e-02	   2.3356899317473986e-01	   2.1171220521228767e-01	   1.2436432555470887e-01	   3.3294374766658136e-01	   3.2946603508825772e-01	   1.0143742305203879e-01	   1.8472784332153927e-01	   5.0146825404704151e-02	   2.8739340299806826e-01	   1.4620359270566882e-01	   2.4703144005796346e-01	   8.0814322912491174e-02	   3.7583892968469146e-01	   1.1191646796494062e-01	   2.7628516204387854e-01	   3.0386139998631878e-01	   3.7654459537819801e-01	   2.5689099881922345e-01	   3.8782068875283288e-01	   4.9156416260047819e-01	   1.9487200367538424e-01	   1.7304611077230424e-02	   5.8298959382322224e-01	   2.7742902210491033e-01	   2.3471932348956184e-01	   3.3658087333363046e-01	   7.5155953821336241e-01	   3.8860264152951934e-01	   2.6417145105946804e-01	   9.1646407734548463e-02	   3.9642030826982588e-01	   2.3314448671324861e-01	   2.9964782536391271e-01	   2.7587184368682716e-01	   2.7914802593722399e-01	   3.4541371043001767e-01	   3.3621607442985546e-01	   3.2072219956732079e-01	   4.2956152982762053e-01	   3.9887612642178727e-01	   4.0277683996982611e-01	   4.0934068554342540e-01	   3.5729835573477864e-01	   3.7672445923886577e-01	   5.4224379760459951e-01	   4.4659255541766740e-01	   6.4225431334213245e-01	   4.5634773663317985e-01	   4.6497050570768317e-01	   4.2115903473751393e-01	   8.1469910086671082e-01	   4.3568202075486578e-01	   2.9170241363279337e-01	   3.7004293124598553e-01	   3.8854963198775605e-01	   6.5301473012983569e-01	   1.1435047952410200e-01	   1.6384823997496731e-01	   5.9983810014414128e-02	   1.8531309778826199e-01	   4.1339835917443030e-01	   2.9394708162751337e-01	   2.3808244612055882e-01	   4.4948722201511659e-01	   2.2234516950370292e-01	   2.5496000910748368e-01	  -1.4582993467060693e-01	  -4.0178613104046412e-02	  -9.0200341421726962e-02	  -8.4111438933238913e-02	  -1.2300122382634618e-01	  -5.0842888231267550e-02	   2.3508626474337996e-01	   2.1264548935347927e-01	   2.5869507530099867e-01	   6.1307696397356859e-01	   4.1868572706455431e-01	  -9.5929987894138605e-02	
   4.4577881613662473e-01	   5.3187060503318540e-01	   4.3243431599763082e-01	   6.9849957370275517e-01	   5.7176857234364820e-01	   1.1569505197949488e+00	   6.7304636284527664e-01	   1.0723109825797805e+00	   5.6031126667771880e-01	   0.0000000000000000e+00	   3.0779510326308351e-01	   4.5410319583513525e-01	   3.4024775925503148e-01	   4.0556797571847369e-01	   3.9923484262170117e-01	   5.9926720593299709e-01	   3.9631530625872075e-01	   4.0408576283831149e-01	   4.8600634279903354e-01	   6.5557531650034950e-01	   2.2757607024182780e-01	   3.8407391367934651e-01	   2.2884775462703458e-01	   3.6388036651165434e-01	   2.0258984470793223e-01	   2.2016976542890920e-01	   2.4565391986574264e-01	   3.4967989016103529e-01	   2.9709988504954965e-01	   4.5629174360208569e-01	   2.5139838344377585e-01	   3.0157983178638470e-01	   2.8874826435212259e-01	   3.8761225491636647e-01	   1.2870236671283584e-02	   2.0823961667617519e-01	  -2.4060153504356857e-01	  -3.1786039224142987e-01	   1.5585089406902364e-01	   1.5422694113155833e-01	   7.4021550217486409e-02	   1.1607538345295990e-01	   2.8113589079661977e-01	   5.2688092612957947e-02	   2.8669065124670784e-01	   2.9592739612209396e-01	   3.2973763642896520e-01	   2.0649720766188293e-01	   4.9236539524319771e-02	   6.4156411702431332e-02	   1.2259051772991576e-01	  -3.7927868615143023e-02	   5.8408603377833393e-02	   1.5897311616629106e-01	   1.3937748829446753e-01	   1.4505141120617621e-01	   2.0141042022323793e-01	   2.5705554692341337e-01	   9.8778133613427153e-03	  -5.0518398148393567e-02	   3.9305759831729814e-01	   5.2925597146779868e-01	   2.2164497502660041e-01	   2.7871936157737098e-01	   3.7856361985922721e-01	   4.5905039824804889e-01	   3.0024416710626545e-01	   2.3197196282584256e-01	   3.3577939369569326e-01	   3.2861793525933408e-01	   3.5341665764414783e-02	   7.2692247213250960e-02	   2.7416489749158246e-01	   3.7182357174740771e-01	   3.8597180995200381e-01	   4.6787808882572512e-01	   3.1515509997414087e-01	   3.7680768624768490e-01	   5.1231317989386693e-01	   3.7670847544392744e-01	   5.3124352949734432e-01	   5.4076703592230313e-01	   1.4743154192494584e-01	   4.5461701333595772e-01	   2.7059419692941084e-01	   3.4170636283954409e-01	  -3.4381133866043086e-02	  -2.0419096347719080e-02	   3.9414535120025507e-01	   3.2873386399895066e-01	   5.5612324645456113e-01	   3.3215307448025172e-01	   7.9403563002241118e-01	   4.8226135858324110e-01	   3.3081653090478912e-02	   1.1674084682706576e-01	   2.2919365690461116e-02	   2.4390907641584947e-01	   5.4779149019452733e-01	   4.2784609587740818e-01	   5.3075591459322558e-01	   4.0422855833556987e-01	   5.2601131418598324e-01	   3.3570164094915156e-01	   9.3719264108252653e-02	   1.4980801705231549e-02	   2.5707200876835579e-01	   1.0710942358145693e-01	  -7.0839895749401804e-02	   4.8630738178725895e-02	   2.0246145653776645e-01	   4.7516669175689252e-01	   6.3429192919614241e-01	   4.4483108545525074e-01	   2.0894166567986153e-01	  -1.6118104806065146e-02	
   1.0946048448049446e+00	   8.7585355526306718e-01	   5.1943585432862671e-01	   3.7849438617918096e-01	   4.4766409303055754e-01	   3.0335775812669297e-01	   9.3105162224658433e-01	   5.7199825119193026e-01	   5.0818408224749989e-01	   3.0779510326308351e-01	   0.0000000000000000e+00	   7.0602263117842867e-01	   1.2482832705201787e+00	   7.5422734401058611e-01	   8.5253085246806770e-01	   7.8980007617365289e-01	   4.3785158353819675e-01	   4.4611030609219182e-01	   8.7437653712274166e-01	   7.4060367672647742e-01	   2.9835626749950750e-01	   2.9260918728915641e-01	   4.3982162790916507e-01	   2.6421916642163895e-01	   1.2346576255293372e-01	   9.8527700789868861e-02	   6.6931263514352246e-02	   1.6442988131961403e-01	   8.0357704757337545e-01	   7.1141787070571960e-01	   5.1107411703981465e-01	   3.8083897803609829e-01	   7.6009160795718866e-01	   7.2127488897701808e-01	   5.3349030386380329e-02	   1.2927469039159856e-01	  -2.2603682058280328e-01	  -1.4990274852463142e-01	   1.8361439295762386e-01	   1.6372124313327269e-01	   4.1178282187343446e-01	   6.1769903367504486e-01	   3.4688940773932836e-01	   3.0439853235942926e-01	   3.9864263563998931e-01	   4.3237764708220128e-01	   4.5963093933112842e-01	   3.0460076382514700e-01	   7.0292711229275084e-01	   5.0770659973065801e-01	   6.7863398585880663e-01	   4.5859077291369865e-01	   5.2848202687513923e-01	   4.3742857104955918e-01	   5.6225534591058457e-01	   6.2877313284305769e-01	   8.5269232960420260e-01	   7.2475279034912132e-01	   6.4609863798594558e-01	   4.7162104209152789e-01	   1.1635798475062891e+00	   6.4834387934128623e-01	   1.0029771592011998e+00	   9.2918819605414449e-01	   1.2867471031103764e-01	  -5.5609080891015385e-02	   5.0020280700517294e-01	   4.0622074298462896e-01	   4.7183140713006766e-01	   4.4072529948262473e-01	   3.5022891591575955e-01	   3.6148358552030113e-01	   7.3239428622421099e-01	   7.5063187354838035e-01	   5.0040551160865610e-01	   5.5782334229233110e-01	   4.7316082892047906e-01	   4.6948715894971943e-01	   4.8487914050360620e-01	   4.4607043193743040e-01	   6.3839279012554873e-01	   5.8748444915700415e-01	   5.8999234854752314e-01	   5.6446757337268583e-01	   6.0410700816401475e-01	   5.6789602430699515e-01	   2.0958813095740780e-01	   1.9154196602975782e-01	   7.3096670220919635e-01	   7.7104422733277800e-01	   2.7893746713526923e-01	   3.2451868310774262e-01	   1.3394606426401606e-01	   3.0514345601075399e-01	  -2.5707630549893494e-02	  -1.2531038545669895e-01	   1.6042337570531146e-01	   4.1299523802949434e-01	   5.1688268045680785e-01	   5.8813053912884394e-01	   3.6015381028119120e-01	   4.8153824904701292e-01	   3.9151145514562435e-01	   3.9143875538284673e-01	  -2.1961864297005490e-01	  -1.6771831057509509e-01	   4.6028120314516044e-02	   3.3289710575649820e-02	  -2.2175822815880172e-01	   4.5550333248656101e-02	   2.7186559033102209e-01	   2.8257498845314943e-01	   2.0341981638941969e-01	   3.9068124296668666e-01	   1.4753559649136322e-01	  -2.1455074331830651e-01	
   6.2836636994115969e-01	   9.8247338751173341e-01	   2.4463454597112932e-01	   5.4179450537144924e-01	   2.3449641296746770e-01	   4.1524586231256733e-01	   5.9536776786096024e-01	   9.5776723426765298e-01	   1.8055928517829833e-01	   4.5410319583513525e-01	   7.0602263117842867e-01	   0.0000000000000000e+00	   5.1807869731287726e-01	   1.3125720637489455e+00	   3.6147088007895983e-01	   6.5615333912245477e-01	   4.2830238577725366e-01	   5.5607424487224733e-01	   6.2112287208270767e-01	   7.7272996470344146e-01	   1.8073007763927065e-01	   3.4829005246639955e-01	   2.1198195969626515e-01	   2.6705321948402866e-01	   1.0224681570530744e-01	   6.1354248687874653e-02	  -9.1975186623225541e-02	  -5.2596159362950821e-04	   6.2381520206615737e-01	   9.4031561749938475e-01	   4.3360634733028280e-01	   4.3067516944669743e-01	   6.2304181069052167e-01	   7.0888280381406876e-01	  -5.2769137413799752e-02	   1.2929628960121609e-01	  -2.0135538460640709e-01	  -2.3110382480337260e-01	   1.9759984838240097e-02	   1.4813848309981215e-01	   2.6144254504708275e-01	   5.5221681569022563e-01	   4.3492492411691830e-01	   3.5579962908798424e-01	   4.8345210690843415e-01	   5.6429571950154900e-01	   5.8315151989177672e-01	   5.7954150449930197e-01	   5.5375767909329543e-01	   5.2686946957072822e-01	   6.3174378582250457e-01	   4.4037659734665385e-01	   5.3037750904323189e-01	   5.2291918231500900e-01	   3.9530213256486241e-01	   5.8828923297372115e-01	   3.8337801049193965e-01	   3.6173053262320676e-01	   3.5344147086447397e-01	   3.1052973876648199e-01	   6.5898474759483283e-01	   7.5716965526058433e-01	   6.5109015134208448e-01	   6.1562046114331559e-01	   1.0149255547288460e-01	   1.4945813328310223e-01	   3.9005986389675229e-01	   4.0705678297449649e-01	   3.5752456442848135e-01	   4.5340854663455643e-01	   3.3765393589687664e-01	   5.2614837124244596e-01	   5.8626970117348209e-01	   8.2574562491997927e-01	   5.6418567388770891e-01	   7.4954375476686042e-01	   4.7362131435451443e-01	   6.3589323882617510e-01	   5.0241253732215796e-01	   4.5577731929837667e-01	   7.2367332631971659e-01	   7.8852628388011292e-01	   3.0324663301965815e-01	   7.9784163088636495e-01	   4.5115729340150890e-01	   7.2274769503995329e-01	  -1.4680947743277972e-01	   9.8148730762237471e-02	   3.1363876664560175e-01	   5.2753653986645088e-01	   3.6009242095607635e-01	   2.0390079431061381e-01	   2.6122012607799650e-01	   3.8792599588471775e-02	  -8.5244507142843984e-02	  -1.7983521651634307e-01	   4.0648448464033198e-02	   3.8286919975127154e-01	   6.3588720309081503e-01	   7.2798834567520143e-01	   2.9761066392107838e-01	   2.0498817679680317e-01	   3.3363810133946681e-01	   2.4736532122905575e-01	  -1.5103206517924198e-01	  -2.4205320511357767e-01	  -6.3618892516598302e-02	  -1.0316195829077393e-01	  -3.6337172249602068e-01	   9.6211091175407007e-02	   3.1745162713673164e-01	   4.7588813137126573e-01	   3.3086297292087752e-01	   2.8924328904776275e-01	   1.9827717166499204e-01	  -2.4227616725907736e-01	
   6.6264842304403337e-01	   5.6329247265695059e-01	   6.7725636732293415e-01	   4.5861270817928035e-01	   4.0474226236649441e-01	   2.1437370397831854e-01	   9.6585453766314833e-01	   5.6405987855833373e-01	   8.4304395933294740e-01	   3.4024775925503148e-01	   1.2482832705201787e+00	   5.1807869731287726e-01	   0.0000000000000000e+00	   6.9726444012251454e-01	   8.3718279245001737e-01	   6.7844841493009367e-01	   2.2140206444250932e-01	   2.1856316598648487e-01	   5.3604304956337745e-01	   5.2814673724539551e-01	   3.7219415819303747e-01	   2.6172236905992063e-01	   5.6294189696296781e-01	   4.1620710207229134e-01	   2.2524879645593152e-01	   2.3076530114830474e-01	   2.7117399494197597e-01	   3.2138871948483227e-01	   5.0520762461792956e-01	   4.3287595952941593e-01	   5.6554126647506475e-01	   4.7965701144151296e-01	   6.2244794094920775e-01	   6.1742852682694571e-01	   2.5871386345848346e-01	   2.7569291264054357e-01	  -2.7693502813569704e-01	  -1.3567606261871842e-01	   1.0955485298164382e-01	   5.2424395167112482e-02	   3.8485723493351787e-01	   5.4824474378835375e-01	   4.0101742513555827e-01	   2.9538491557648394e-01	   3.2968605608864843e-01	   3.1015806190682915e-01	   4.0854759769876131e-01	   2.1874759471061847e-01	   5.2775446068346732e-01	   3.2946814523158297e-01	   6.1119040655223800e-01	   3.6323757607732249e-01	   3.8789355902373557e-01	   3.5993046482248409e-01	   4.6375779103546411e-01	   4.6882432750646519e-01	   5.3523166061602789e-01	   5.6102366542999504e-01	   4.6951296046510677e-01	   2.4512923565196351e-01	   9.8219004815239397e-01	   5.2582249359124400e-01	   5.1113536645459767e-01	   6.0038823931601115e-01	   3.6709661501584645e-01	   1.7540943397411693e-01	   4.3867203035412428e-01	   2.7931748135300372e-01	   4.1385237226315486e-01	   3.5365411719202855e-01	   4.6167722097823805e-01	   4.6043518941779538e-01	   6.7765780708065260e-01	   6.0041651752625325e-01	   4.5879626381933997e-01	   4.9007502010795112e-01	   5.1690859817257007e-01	   4.3986533537100392e-01	   3.2812941548585695e-01	   2.8981219926474955e-01	   4.0365609551618548e-01	   3.7476961711403023e-01	   5.5238546078283779e-01	   4.4358278365706805e-01	   6.6221966771482943e-01	   5.8541642455674714e-01	   3.8392240612573081e-01	   3.5950571808803716e-01	   8.4043422837809312e-01	   5.9724379171472597e-01	   1.3776761920337582e-01	   2.2603817105481563e-01	   8.8326052220172618e-02	   3.1663375974654451e-01	  -7.4809507096494879e-02	  -6.7772762377237519e-02	   1.8762805223369755e-01	   3.0796295078060920e-01	   3.7653975301410830e-01	   4.0528912152056917e-01	   3.0728559593968519e-01	   3.5098820770835104e-01	   2.0390029353916028e-01	   2.0405562105430436e-01	  -3.1069194677408085e-01	  -2.5931643242825914e-01	   3.0406837294773541e-02	   2.5925926613833992e-02	  -3.2408457851771322e-01	  -1.3884732226996974e-02	   2.7311339156822245e-01	   1.7406910361772879e-01	   1.0616565022835311e-01	   3.5767455123123137e-01	   1.5691429912724658e-01	  -3.2583992252559396e-01	
