   0.0000000000000000e+00	   1.7921124602721521e+00	   1.1580139025063723e+00	   1.1773509411867682e+00	   6.5736253476600426e-01	   5.7133742268442811e-01	   1.1225394576484022e+00	   1.1224753733537416e+00	   5.0365335070810224e-01	   4.7044745365273594e-01	   8.6880865812122554e-01	   8.6357349480139423e-01	   8.9894817377434355e-01	   8.4979231793523102e-01	   1.1410597034735472e+00	   1.0163074723118355e+00	   7.6336015486320186e-01	   7.3659634832525978e-01	   1.5335691116992520e+00	   1.4376896388892646e+00	   7.1801969655021713e-01	   7.0469407057787281e-01	   9.5379984437192256e-01	   9.5820713795941892e-01	   8.0960709672323594e-01	   6.8717300691917782e-01	   9.6342630846971489e-01	   7.9123598168734854e-01	   8.5173759876685573e-01	   7.2907261752604535e-01	   8.8428027454072466e-01	   8.2819145558939045e-01	   1.0361823022441163e+00	   1.0066749147877336e+00	   4.7591068786341018e-01	   5.2158661916046256e-01	   4.1152285630175572e-01	   5.5968265159540220e-01	   1.1181766781615377e+00	   1.0821387434759628e+00	   7.9754230429250406e-01	   7.4451953471667565e-01	   6.5957646609988407e-01	   5.1785439569956571e-01	   4.1434919250385122e-01	   5.4731143342983279e-01	   7.1763556349604374e-01	   6.8805775966181149e-01	   3.9660732715026226e-01	   5.6903251508673180e-01	   6.0505726257455705e-01	   5.2954600290776732e-01	   9.2871680702434434e-01	   8.6274971800724898e-01	   1.0885801490470988e+00	   1.0754565707109842e+00	   1.7298952506190295e+00	   1.6471528566372917e+00	   1.2187400583855206e+00	   1.1803979390449928e+00	   1.2794598313197747e+00	   1.1697204241291628e+00	   8.0128284844310715e-01	   8.2698627416517734e-01	   6.7579987583686729e-01	   9.5730614911580769e-01	   1.0679608691681215e+00	   7.8250468751076607e-01	   1.3274900862169279e+00	   1.1392702446568443e+00	   5.5666798479034219e-01	   7.1550055890030273e-01	   9.0307664115329989e-01	   7.5699361383546848e-01	   7.0693648833593592e-01	   7.5821145238056442e-01	   7.7764722853352963e-01	   6.9732712710034561e-01	   7.9325357010027009e-01	   8.2018353933159294e-01	   8.3401482946984307e-01	   8.3123684699923350e-01	   1.0504246677449822e+00	   8.9016431571419541e-01	   1.0725680482442037e+00	   9.0572771050103140e-01	   1.1367822479021434e+00	   9.4758051573289792e-01	   1.3703355101073913e+00	   1.3523492046463399e+00	   6.8639781975109893e-01	   2.8659966988735702e-01	   6.7247720401029309e-01	   7.1122581431083221e-01	   8.0394889929539526e-01	   9.0230222539987692e-01	   8.9151547446357660e-01	   9.8917961496642537e-01	   8.1768842235360994e-01	   8.1572402110704478e-01	   7.2157615561482547e-01	   6.1886404441285825e-01	   8.0442261630387102e-01	   6.8064174540146227e-01	   6.3888329000087873e-01	   6.2837541472959402e-01	   5.2303879547477539e-01	   6.2521915158303731e-01	   4.6924235316633839e-01	   5.1678961731040574e-01	   4.4215659284125369e-01	   5.7889702300649337e-01	   7.7724043732375858e-01	   8.6342619460492598e-01	   6.6130558462963074e-01	   9.8816207202625059e-02	
   1.7921124602721521e+00	   0.0000000000000000e+00	   1.2534680532386786e+00	   1.3488454980159863e+00	   6.2028805609289883e-01	   5.4396314159644921e-01	   1.2093526097119913e+00	   1.2866953621917865e+00	   4.8133335196927907e-01	   4.2425138953943620e-01	   8.9518900437602666e-01	   9.8001155141684759e-01	   9.6194918836243559e-01	   9.8594538250793340e-01	   1.1536141999957452e+00	   1.0400000667185934e+00	   8.1494116976214270e-01	   8.6002169801603201e-01	   1.5998490885327470e+00	   1.6423912524800306e+00	   6.9638604117892033e-01	   7.0864915037310516e-01	   1.0686229912872118e+00	   1.0891279861050633e+00	   8.0271866753692767e-01	   6.5239927634386496e-01	   1.0217106663344107e+00	   8.0128350042555641e-01	   9.4589170489282137e-01	   8.2229156941622816e-01	   8.9325180256789949e-01	   8.4536510317124369e-01	   1.2156888936368904e+00	   1.1998605457278295e+00	   6.3567731928199112e-01	   6.7553032583539285e-01	   4.0657313787517763e-01	   6.1426320129144429e-01	   1.2326675555524289e+00	   1.2279932561998699e+00	   8.2552793677219971e-01	   8.3092042174093073e-01	   8.1198129939821351e-01	   6.8220601877774290e-01	   5.0294069629786309e-01	   7.0646324945207450e-01	   8.3981037224757049e-01	   7.9292596828415995e-01	   4.8770882927225834e-01	   6.9504383030144723e-01	   7.6089079311037722e-01	   6.9970781859641518e-01	   9.7600130518962458e-01	   9.4286675032111378e-01	   1.1925935100391492e+00	   1.2792658696663590e+00	   1.2659745232880983e+00	   1.5214544227790101e+00	   1.0352205198533939e+00	   1.1394288769490677e+00	   1.3354443452092000e+00	   1.3516820075324592e+00	   9.8491439285214666e-01	   1.0311281522051696e+00	   7.6843526417712105e-01	   1.0825733232946300e+00	   1.0481297113121411e+00	   8.4880541871183346e-01	   1.1706849533432140e+00	   1.0854913343270374e+00	   5.8797130013372489e-01	   8.2571537358352742e-01	   9.9613517224267867e-01	   8.9559129172440488e-01	   8.1695154449321428e-01	   8.7915799274729167e-01	   8.8857926688855771e-01	   8.2878794812045975e-01	   9.6737099028529416e-01	   9.5847251973706471e-01	   9.1318763001122472e-01	   9.6057657172130595e-01	   1.0465296179095585e+00	   9.5626460976233019e-01	   1.2439606781951291e+00	   1.1470254822596915e+00	   1.1759152259393555e+00	   1.0880987235961026e+00	   1.3489116170819806e+00	   1.3816570304492828e+00	   6.5781750784031501e-01	   2.1161720067789072e-01	   6.1059619265248399e-01	   6.2855929404624611e-01	   8.3998110811318460e-01	   9.0283744999731907e-01	   9.6247803478145622e-01	   1.0356168293113877e+00	   8.9686007900452358e-01	   9.0518687371328166e-01	   6.8536863667884085e-01	   5.6286336785798818e-01	   7.6107797813523947e-01	   6.2575719463389756e-01	   6.4182210206738677e-01	   6.0214574752856109e-01	   4.7942150237664066e-01	   5.5067862045594695e-01	   4.3937999155866359e-01	   5.5479867722225629e-01	   4.8128081781896320e-01	   6.0070202221574931e-01	   7.7874103812865691e-01	   8.8771297370015267e-01	   7.1796299929778451e-01	   5.9127456901481135e-02	
   1.1580139025063723e+00	   1.2534680532386786e+00	   0.0000000000000000e+00	   1.8207069978532791e+00	   6.4797125940721534e-01	   5.5436157702682554e-01	   1.8802010292672595e+00	   1.6028214128277798e+00	   4.4974445639446670e-01	   3.8643558515830040e-01	   5.9259273440865079e-01	   7.2655900444680865e-01	   7.5453395867091277e-01	   8.4183907596030361e-01	   1.0764907169667262e+00	   9.1989828434237408e-01	   4.7869153174360224e-01	   5.2888641600861419e-01	   1.1378730882138697e+00	   1.0883847915328724e+00	   7.4383858361256827e-01	   7.2385020888399254e-01	   1.7988666895723333e+00	   1.7643012129445710e+00	   7.9486769274926794e-01	   5.9508337218685059e-01	   1.1065674902455271e+00	   9.1229968389656924e-01	   5.8688374903446483e-01	   5.0099625361784850e-01	   8.3753747317340943e-01	   8.9467136761583643e-01	   8.8254533487721787e-01	   8.2781555144517904e-01	   6.4987785792335306e-01	   6.2714719549115239e-01	   3.0326563359234393e-01	   4.5325272201870226e-01	   1.0798893000355303e+00	   1.0036403826796678e+00	   5.4733066853620294e-01	   6.1255511772990967e-01	   6.8590496211809049e-01	   5.0199854413169243e-01	   6.7102676957206753e-01	   7.3308118010850354e-01	   7.0181967933391531e-01	   6.1985099239001296e-01	   6.5335493868061578e-01	   7.1660920302523468e-01	   7.5526868942378300e-01	   7.0078486965736697e-01	   9.1445689562556742e-01	   8.6887791748807475e-01	   1.0347464943703881e+00	   9.5728656806505064e-01	   7.9306539982694291e-01	   8.5788372158458870e-01	   9.6272570598188789e-01	   8.7609073941782334e-01	   1.2537591030305484e+00	   1.0509343668615845e+00	   7.2067369721779440e-01	   6.7599102384965115e-01	   1.0262455056350825e+00	   1.0696451282488864e+00	   1.0659031231673981e+00	   8.1709138777482826e-01	   8.5035690934702357e-01	   7.8330683093114273e-01	   3.8365847899730349e-01	   6.8290544439826339e-01	   5.8594802745731867e-01	   5.3783393871131047e-01	   5.2915430875810276e-01	   5.4435119446165536e-01	   5.8217843637881594e-01	   5.1572144192942027e-01	   6.8719537051000235e-01	   5.8093698551705575e-01	   5.5499476953754590e-01	   5.6992142891312603e-01	   8.9513839836864528e-01	   6.9177079723600365e-01	   8.9523057290715835e-01	   8.5201843806751010e-01	   9.2949319892113569e-01	   8.2652064763918587e-01	   1.4045891316068728e+00	   1.3475108718826589e+00	   6.5622740481683650e-01	   3.3213328033552114e-01	   8.8047519218401149e-01	   8.8082638450043582e-01	   5.8277185369707207e-01	   5.8920332109748796e-01	   7.0146874075493948e-01	   6.8945136763669124e-01	   7.3998037063138444e-01	   7.4430581822582731e-01	   7.9888828367146014e-01	   7.3918873759873516e-01	   6.8705418205495783e-01	   6.5265540349781115e-01	   6.5958934186249840e-01	   6.1838985238435618e-01	   4.8173200420838447e-01	   5.7882527615366564e-01	   2.6398444831685441e-01	   3.7225134423014705e-01	   3.7389202281619027e-01	   5.7845825039237009e-01	   8.5920416111852915e-01	   7.5674581076803449e-01	   6.0532059397624127e-01	  -3.2891319550993586e-02	
   1.1773509411867682e+00	   1.3488454980159863e+00	   1.8207069978532791e+00	   0.0000000000000000e+00	   7.1804286743338441e-01	   6.8450112370889094e-01	   1.5137811604829698e+00	   1.7505159582609626e+00	   5.3594510212987401e-01	   5.0749233842376684e-01	   5.7772465645072080e-01	   7.2588547207916609e-01	   6.9103540348216452e-01	   7.5935558269668790e-01	   1.0567341623807525e+00	   1.0030757266101111e+00	   5.0180322058544624e-01	   5.4870536692043681e-01	   1.2891105929335420e+00	   1.3230036269434420e+00	   7.7622784251815546e-01	   7.9293859842081771e-01	   1.3048136436054913e+00	   1.5990253150895561e+00	   8.2227561213112488e-01	   6.8317807690257060e-01	   1.1111174380980571e+00	   9.5929364548899865e-01	   6.1734850808959185e-01	   5.6428049476951769e-01	   8.0965570958643329e-01	   8.4152242997488813e-01	   8.1583935268540875e-01	   7.8622632013123428e-01	   6.5682531684452239e-01	   6.7733489455229612e-01	   3.0290795743104482e-01	   4.7082456605389467e-01	   1.0588150323887950e+00	   1.0170576154797142e+00	   6.0689607932291023e-01	   6.6681205070024951e-01	   6.3903134999701550e-01	   4.7424725358543862e-01	   5.2988993970825748e-01	   6.4218524016367062e-01	   6.5652442116329102e-01	   5.9519801277894080e-01	   5.3520595333259635e-01	   6.2688783559856542e-01	   6.6565115935258523e-01	   6.2319726713101131e-01	   8.2877608585954921e-01	   7.8960326589283747e-01	   9.5740915669379401e-01	   9.1264528107157106e-01	   8.2424900850429195e-01	   8.6768079362724204e-01	   9.0189431944162335e-01	   9.5207927615356391e-01	   1.1580448492068394e+00	   1.2596756108182681e+00	   6.7974052220274894e-01	   7.1023611740954495e-01	   9.0753466342678957e-01	   1.2300899657325575e+00	   9.7502174423408605e-01	   7.9856753203999709e-01	   9.5711980099373462e-01	   8.3701587036358449e-01	   4.3828421119561511e-01	   7.1119950283203881e-01	   6.5607069839638821e-01	   6.2334623786070187e-01	   5.7676640812707436e-01	   6.6103551206358757e-01	   6.3241470282353018e-01	   5.8128824273326651e-01	   7.4281943399765282e-01	   6.5197929714530756e-01	   6.1198527232131672e-01	   6.2344196417296649e-01	   8.7378703654676015e-01	   7.3173929846968477e-01	   9.3861138745517758e-01	   8.8579561198295165e-01	   9.3364130000972090e-01	   8.4441996357866977e-01	   1.4171238079388528e+00	   1.4398881717183567e+00	   6.3775742263321633e-01	   2.5821131629642685e-01	   8.2876002697958984e-01	   7.8938911007834056e-01	   5.8685804275470232e-01	   6.4770641316178323e-01	   6.8105333206813501e-01	   7.0488343671160036e-01	   6.8398194844247395e-01	   6.7415171186783318e-01	   7.9596885186640398e-01	   6.6958393349718359e-01	   6.9612784046722764e-01	   6.0951214912859597e-01	   6.4197560144687171e-01	   5.9611387463123833e-01	   4.9266479273978436e-01	   5.7300110285002259e-01	   2.4347517256520346e-01	   3.7433914239145955e-01	   3.4905193730868295e-01	   4.8133811286549810e-01	   6.9480938937098558e-01	   7.5493895015917900e-01	   5.9695422629401385e-01	  -3.9688835864156537e-02	
   6.5736253476600426e-01	   6.2028805609289883e-01	   6.4797125940721534e-01	   7.1804286743338441e-01	   0.0000000000000000e+00	   1.7505013975002197e+00	   7.0097987134237449e-01	   6.2136782827603798e-01	   1.6266928630153137e+00	   1.2497857000283696e+00	   4.5052492937774347e-01	   3.3723761074170483e-01	   6.2711225831124495e-01	   3.3331694760992947e-01	   9.6186991113342668e-01	   9.2316817367297288e-01	   5.2589993692320158e-01	   3.8397546479231720e-01	   7.4105238480073266e-01	   7.4963012009313013e-01	   8.8843691227452570e-01	   8.6687982555345577e-01	   5.0799920229706386e-01	   6.0039257173413485e-01	   1.2870879867768648e+00	   1.4303305153547896e+00	   9.9773590594724959e-01	   1.1675906930767630e+00	   5.2625301104875266e-01	   4.3086651597353937e-01	   6.4015207436325994e-01	   5.0582746779547516e-01	   4.2753547752982318e-01	   3.9659207357902981e-01	   4.7125074855342486e-01	   5.5556430904515253e-01	   3.6284451483125074e-01	   3.8621690059529623e-01	   5.5522333081920738e-01	   5.5291185265806941e-01	   7.0947293172222958e-01	   6.5831338347665636e-01	   2.8068106970467926e-01	   2.2986821294554341e-01	   1.7440176875615210e-01	   3.1007967855899171e-01	   2.7864075039049974e-01	   3.4839684087343165e-01	   2.2704892840353788e-01	   2.8643276507281079e-01	   4.0849944374504171e-01	   3.5675229280656262e-01	   4.4938173606058068e-01	   4.0760850069869803e-01	   4.4815696503688707e-01	   4.2018052042839638e-01	   5.9505010433714833e-01	   5.5484911764826683e-01	   5.6200323302439670e-01	   5.9862204464844326e-01	   6.0759370373606603e-01	   6.5332566596857711e-01	   2.6378636107470105e-01	   3.5433854074044802e-01	   4.9567894650108479e-01	   8.0491029915347601e-01	   6.7702382111801029e-01	   5.9769467143455690e-01	   7.9552374146526139e-01	   6.9478063887868058e-01	   6.6216206112593448e-02	   2.3058012176500453e-01	   3.9200690045268838e-01	   3.5432619715265151e-01	   2.1125323071470323e-01	   3.4481717099211828e-01	   3.6054876408721470e-01	   3.8127288885296479e-01	   5.1453285951253513e-01	   4.9002175760261496e-01	   5.3251896247580544e-01	   5.0104461301645142e-01	   6.7309424521604755e-01	   5.7687501073001213e-01	   7.1855847695644237e-01	   5.4888015135555723e-01	   6.0870194050980031e-01	   5.1142177580940840e-01	   7.4659841232592494e-01	   7.3659193117864996e-01	   6.4255036612065441e-01	   4.2010468194779316e-01	   6.1443153806760864e-01	   7.2724786197735392e-01	   2.9077411013012194e-01	   3.6237625661680778e-01	   3.8374385698631919e-01	   3.7477300688084897e-01	   3.8987747285738195e-01	   3.9151201786973727e-01	   5.2452645362712813e-01	   5.7421884062555573e-01	   4.9751234765377228e-01	   5.2694087847515070e-01	   3.6245630278929525e-01	   5.0607522406324212e-01	   2.0639756456940900e-01	   3.6124476228753993e-01	   1.2307248412081831e-01	   1.1621683345177128e-01	   3.2721394001528858e-01	   3.9154039067091390e-01	   4.4263607431096652e-01	   5.7469383909051597e-01	   3.9788723981049701e-01	   1.3483110229965126e-01	
   5.7133742268442811e-01	   5.4396314159644921e-01	   5.5436157702682554e-01	   6.8450112370889094e-01	   1.7505013975002197e+00	   0.0000000000000000e+00	   6.0535964202392412e-01	   5.8995116631854094e-01	   1.4311620991819944e+00	   1.6396136466423656e+00	   3.7217902014398851e-01	   2.7454818142998905e-01	   4.8908962270694423e-01	   2.8290223124029584e-01	   7.5639065464709532e-01	   8.4132561817328810e-01	   4.5693597824416565e-01	   3.2365938376524395e-01	   6.3466558545691443e-01	   6.7407529044966563e-01	   8.4312674901489815e-01	   8.8429412818513786e-01	   3.9819022097809265e-01	   5.4115025517240023e-01	   1.0557021135518851e+00	   1.2741649895399831e+00	   8.9205099195844562e-01	   1.1841769572046874e+00	   4.5844728574208082e-01	   4.0641809895977488e-01	   5.7465491420886106e-01	   4.7598001523252165e-01	   3.3882391560131503e-01	   3.1867894176963851e-01	   3.9688663671665791e-01	   4.7983278520189965e-01	   3.0676486962065519e-01	   2.9830272836254412e-01	   4.4693603039155261e-01	   4.7428380460543462e-01	   6.3104315547359058e-01	   6.0642198103388500e-01	   2.1448160080301160e-01	   1.6783262859706441e-01	   1.4070870928490875e-01	   2.6555673622720732e-01	   2.2025863154731334e-01	   2.6576130074454768e-01	   1.9072021170889189e-01	   2.1899604287449209e-01	   3.2572722166660895e-01	   2.8151498208194947e-01	   3.4773450492139335e-01	   2.8447477972699198e-01	   3.6429301725278640e-01	   3.3956722225019959e-01	   5.2040508956907738e-01	   4.4515971349630223e-01	   4.0137847156388817e-01	   4.8991358464741608e-01	   4.6481084202352257e-01	   5.9303779621822827e-01	   2.0372572897956576e-01	   2.8907449323051027e-01	   3.7812879028008883e-01	   6.9365828602587598e-01	   5.0881599564552293e-01	   4.9709614459029838e-01	   6.9086316018781047e-01	   5.7058853913018670e-01	   5.5317923053177516e-02	   2.0714855802642695e-01	   3.4124600956734891e-01	   3.2111962341049693e-01	   1.7495864340402009e-01	   3.2026387525970385e-01	   2.6699701512191315e-01	   3.0448246491465131e-01	   4.7681683325956431e-01	   4.5295301512263081e-01	   4.4768496941093888e-01	   4.1277852533886811e-01	   5.2296845304645123e-01	   4.8548445052357347e-01	   5.9878329303118849e-01	   4.6166148840116328e-01	   4.5619575401315277e-01	   4.3995899711282199e-01	   6.0447742666073279e-01	   6.1881176872064692e-01	   5.2136746690741953e-01	   3.2522366250091139e-01	   5.1291788402263183e-01	   5.7098345896423530e-01	   1.8667977350231679e-01	   3.0611450563057108e-01	   3.1029382969941632e-01	   3.1532038727064571e-01	   3.0681178684052213e-01	   3.0687121467388712e-01	   4.6117504774943152e-01	   4.4581756130148176e-01	   4.0249584527929072e-01	   4.2156476102107987e-01	   2.6038342299996275e-01	   3.9286713750198055e-01	   1.1998605533654720e-01	   2.8767320284468412e-01	   5.4105464538002079e-02	   6.3668410062001218e-02	   2.2904872271893917e-01	   2.7005945636349937e-01	   3.2466618153658316e-01	   5.1888445821716500e-01	   3.2196393865330819e-01	   1.2563317102404803e-01	
   1.1225394576484022e+00	   1.2093526097119913e+00	   1.8802010292672595e+00	   1.5137811604829698e+00	   7.0097987134237449e-01	   6.0535964202392412e-01	   0.0000000000000000e+00	   1.8129698465667095e+00	   5.5705709290248051e-01	   5.0999076641307872e-01	   7.3259352747381024e-01	   8.7935097639578774e-01	   8.8146655900364035e-01	   9.1948264425739845e-01	   1.0937190152991536e+00	   1.0030870315921150e+00	   5.9108670182136447e-01	   6.2709456794835672e-01	   1.0683741468842605e+00	   9.8595834066484267e-01	   7.5074401001807867e-01	   7.1125539351494127e-01	   1.4908594624101148e+00	   1.5904258140736456e+00	   8.3969525420899715e-01	   6.7965388659475512e-01	   1.0199186177197890e+00	   8.7317899218795647e-01	   7.1529333347358859e-01	   6.2717002384358134e-01	   9.9145692579633649e-01	   1.0450529793641985e+00	   1.0072292533601530e+00	   9.4266699842437951e-01	   6.6071156027516287e-01	   6.8591894898002781e-01	   3.7811531139912685e-01	   5.1322087926759585e-01	   1.0846282584254110e+00	   1.0143356349451380e+00	   6.7341261983826839e-01	   7.1294944922092141e-01	   7.5532663330174155e-01	   5.7682146432319792e-01	   7.2888707613360393e-01	   8.1216487229700207e-01	   7.8989719132816227e-01	   7.2910315839413609e-01	   7.0554501195476416e-01	   7.9823056961673311e-01	   8.2091401056608082e-01	   7.3272053166269102e-01	   9.5891758489514600e-01	   9.0039297350874314e-01	   1.0450676914189101e+00	   1.0203177492271596e+00	   7.9338832962017036e-01	   8.7750119985511488e-01	   9.6151209692771356e-01	   8.2211483993623746e-01	   1.4939292827612620e+00	   1.1399624265838755e+00	   7.8244445095709714e-01	   7.4481003414825697e-01	   9.8703139522750194e-01	   1.1376489542458135e+00	   1.1556320583013064e+00	   9.2300647215059206e-01	   7.7899665948230745e-01	   8.2594478571211494e-01	   4.1378607830438352e-01	   6.9511685011659341e-01	   6.6635208962980330e-01	   5.9193033424273844e-01	   5.9873147599882826e-01	   5.9167346395611486e-01	   6.8128232150626578e-01	   6.2160453196980425e-01	   7.7001065395242729e-01	   6.3829791153863402e-01	   6.4033118848420389e-01	   6.4388120893956402e-01	   9.5500290871374727e-01	   7.8729159421159911e-01	   9.5332314535153329e-01	   9.1071182063338851e-01	   9.2124695245496890e-01	   7.9890816698742040e-01	   1.2322225972307186e+00	   1.3715488736988957e+00	   7.6331924925248884e-01	   4.0523553377436411e-01	   8.2434195745118899e-01	   8.6527976650122607e-01	   6.1173846499458295e-01	   6.4948273615749030e-01	   7.8399970743513403e-01	   7.6411530965104313e-01	   8.6350468256282742e-01	   8.9554314528029832e-01	   7.7924000243479308e-01	   7.4036789443312589e-01	   7.4381191153079251e-01	   7.1512933723179728e-01	   6.7809277932488132e-01	   6.4402940245393647e-01	   5.0119895610305665e-01	   6.3557164500120711e-01	   3.0484896763489194e-01	   4.4460182359983708e-01	   4.8731115409240677e-01	   6.7155136132162430e-01	   9.5536564738944152e-01	   8.0741447666376076e-01	   6.4117127112957195e-01	  -7.2753508137345754e-02	
   1.1224753733537416e+00	   1.2866953621917865e+00	   1.6028214128277798e+00	   1.7505159582609626e+00	   6.2136782827603798e-01	   5.8995116631854094e-01	   1.8129698465667095e+00	   0.0000000000000000e+00	   4.8801563354607130e-01	   5.0171916152044538e-01	   6.4588919947660650e-01	   8.7854355013866803e-01	   7.3227143465246725e-01	   8.9415075578032988e-01	   9.6936106388774435e-01	   9.3216651181493082e-01	   5.8049019800105484e-01	   6.4205043862818012e-01	   1.1015230448518556e+00	   1.0438043645168609e+00	   7.1643660889261396e-01	   7.0940935216894707e-01	   1.3012690715101474e+00	   1.5175819918917326e+00	   7.2463681207035913e-01	   6.0145581287283634e-01	   9.2653699339444540e-01	   8.0058793392377126e-01	   7.2322185226838265e-01	   6.6798407036458307e-01	   8.7294560293534729e-01	   9.5676513192054347e-01	   9.4313418204875443e-01	   9.2136540651752219e-01	   5.6775173131680512e-01	   6.1414568605788211e-01	   2.9298962386837646e-01	   4.6333651370906492e-01	   1.0264765536846003e+00	   9.7041229127953754e-01	   6.1745357795305145e-01	   6.8271099236105448e-01	   6.6995915601821432e-01	   5.0448148163458006e-01	   6.0538486707218542e-01	   7.1670881685003063e-01	   7.1952680104016098e-01	   6.5161518239422522e-01	   6.1393069196620986e-01	   7.4624865847665611e-01	   7.2023687731067187e-01	   6.6760580331346864e-01	   8.9120910278636534e-01	   8.4508755214778519e-01	   9.8956995626273836e-01	   9.7701399959905899e-01	   8.2764928865543097e-01	   8.8273016804956339e-01	   8.8042586081694707e-01	   8.6750228522767436e-01	   1.3293438206032819e+00	   1.3395392435438500e+00	   7.7785495915840741e-01	   7.9399154996660248e-01	   8.5202447560659078e-01	   1.1564656408185874e+00	   9.4549716426031849e-01	   7.9820225287299440e-01	   8.0460914698253050e-01	   7.8561207180853210e-01	   4.3972068160427286e-01	   7.3025664501538512e-01	   7.1002447867018359e-01	   6.4524207047741799e-01	   6.4122982272345952e-01	   6.6095384214284081e-01	   6.5474802347222349e-01	   5.8979752209500924e-01	   8.1081241705522777e-01	   6.5350889462516260e-01	   6.4168547888337268e-01	   6.3945885621343812e-01	   8.6661009250750176e-01	   7.5975085961470035e-01	   9.3431460724879511e-01	   8.9419104306959030e-01	   8.7666780364561370e-01	   7.8523148502078055e-01	   1.2729810419282912e+00	   1.3797136802379015e+00	   6.6682485841193329e-01	   2.9529302393187401e-01	   7.8307901362074184e-01	   7.5498477510901019e-01	   6.3516639328792346e-01	   7.0126664210022382e-01	   7.4396873399598051e-01	   7.8066421888416926e-01	   7.7231662235279153e-01	   7.8884360039333556e-01	   7.4686682192447718e-01	   6.5009218367361421e-01	   6.8315164072513901e-01	   6.3596740269743879e-01	   6.2319856334827273e-01	   5.7124780531427755e-01	   5.2144801572816801e-01	   6.1982629285396407e-01	   3.1225042918210522e-01	   4.4481745928405381e-01	   4.1053092832199894e-01	   5.3947204031721097e-01	   7.7476191424713403e-01	   7.8480804267463311e-01	   6.0999695655610675e-01	  -8.3952375071021698e-02	
   5.0365335070810224e-01	   4.8133335196927907e-01	   4.4974445639446670e-01	   5.3594510212987401e-01	   1.6266928630153137e+00	   1.4311620991819944e+00	   5.5705709290248051e-01	   4.8801563354607130e-01	   0.0000000000000000e+00	   1.5543731832247902e+00	   5.7191639625616875e-01	   3.9634212622180426e-01	   6.7719988879470472e-01	   3.3259948151776425e-01	   8.6877441203445427e-01	   8.7096792601068329e-01	   5.4497015080596034e-01	   4.2237525270734710e-01	   6.1325900348532647e-01	   6.1222454635173518e-01	   5.6758064053698187e-01	   5.5828075961912127e-01	   3.4752069357702092e-01	   4.3886567301563822e-01	   9.7597190367289166e-01	   1.2298069475727047e+00	   6.4125219838602698e-01	   7.5436836759357651e-01	   5.6094174807089503e-01	   4.8689815598719699e-01	   6.2272387278771246e-01	   4.8226459829865159e-01	   3.5439066944500525e-01	   3.1871738004363170e-01	   4.4067228083957771e-01	   5.6256465809201905e-01	   4.0436428635847244e-01	   3.9109048365042171e-01	   4.5536017501211690e-01	   4.4118127097313231e-01	   7.4760962666547226e-01	   6.3426035093045052e-01	   2.2977589408343063e-01	   1.9524653029837916e-01	   4.8325078126609348e-02	   1.9919677642763678e-01	   2.5006914778250572e-01	   3.3705635548285889e-01	   7.9607184075296836e-02	   1.5266773505951373e-01	   2.9890361481539501e-01	   2.2401353898392068e-01	   4.1010681304097996e-01	   3.5018629530520229e-01	   3.8380376339432076e-01	   3.5187871899759848e-01	   4.2856344022054238e-01	   4.5721763924579262e-01	   4.0237645083828644e-01	   4.2711471390441424e-01	   4.9755914908426946e-01	   5.6851335791641844e-01	   2.3808855589336614e-01	   3.5187771241756438e-01	   3.7105537131942273e-01	   6.7046716336085388e-01	   5.0167060465037705e-01	   4.5095160661642975e-01	   5.9705400256140084e-01	   5.8049432962498193e-01	   3.2780995411059492e-02	   1.3548421177135614e-01	   3.9608515300236685e-01	   3.3642604041719720e-01	   2.5541012038757638e-01	   3.6312374429207273e-01	   3.9658265464620485e-01	   4.3063053655043093e-01	   5.3432321349190426e-01	   5.3893632555273019e-01	   5.9851744256822714e-01	   5.5331966071765992e-01	   6.5139073951698623e-01	   5.8390326045757512e-01	   7.0740773296516335e-01	   5.0817421160299858e-01	   5.3748991423394221e-01	   4.0289667997252343e-01	   5.7119312310587567e-01	   6.3055882260106388e-01	   6.0758005024413453e-01	   4.2416120002374108e-01	   3.9878027749798206e-01	   5.1297858842814015e-01	   2.9701957503179555e-01	   3.6820988968666202e-01	   3.6741141588434723e-01	   3.3205982838758069e-01	   3.5019177034196797e-01	   3.6782246618423947e-01	   3.6160213796058338e-01	   4.1998294592724927e-01	   3.9727075580292492e-01	   3.7649334170900356e-01	   3.2376512525870449e-01	   4.5352785651239935e-01	   1.2384434306405298e-01	   2.2668893886747660e-01	   4.7613321438492111e-02	   1.7331749967112428e-01	   3.4895265531966330e-01	   3.4259784936394222e-01	   3.4615075543436008e-01	   4.8841056814945405e-01	   4.2229675002824524e-01	   2.1719800919845916e-01	
   4.7044745365273594e-01	   4.2425138953943620e-01	   3.8643558515830040e-01	   5.0749233842376684e-01	   1.2497857000283696e+00	   1.6396136466423656e+00	   5.0999076641307872e-01	   5.0171916152044538e-01	   1.5543731832247902e+00	   0.0000000000000000e+00	   4.5506570952521891e-01	   3.3293215702086632e-01	   4.8614849141894489e-01	   2.8630569857779775e-01	   6.4940133481652196e-01	   7.7279975617253160e-01	   4.4579779296210786e-01	   3.4805952111704003e-01	   4.9869425962564373e-01	   5.1062376198483272e-01	   5.5434061675745538e-01	   5.7278228908264261e-01	   2.6647907955747618e-01	   4.0139226701842218e-01	   8.3601548527217062e-01	   1.1284990468738223e+00	   5.5781231466708514e-01	   7.5443670991939926e-01	   4.6058663190262605e-01	   4.4846025516451243e-01	   6.1211653558420209e-01	   5.2181862040279536e-01	   3.0488852620785567e-01	   2.7591566548233787e-01	   3.1295793087827034e-01	   4.1811245434518240e-01	   2.8633443763221800e-01	   2.6098697115151770e-01	   3.4465803365990022e-01	   3.5856789600740685e-01	   6.2951786653577657e-01	   5.6953045110199418e-01	   1.6634565262936357e-01	   1.3254614296538889e-01	   5.2647785450633984e-02	   1.7330606856444603e-01	   2.0512605751723587e-01	   2.5117932727094533e-01	   6.3258774521519887e-02	   1.1065630258488977e-01	   2.1592022695378982e-01	   1.4049281683338341e-01	   3.0047155244343715e-01	   2.2156723324365021e-01	   2.9118629984236849e-01	   2.7323427783308984e-01	   4.2397239932116304e-01	   3.7646196027772666e-01	   2.9373521660626672e-01	   3.4572550446344952e-01	   4.0222892887425771e-01	   5.2445850510564340e-01	   1.8136743802248828e-01	   2.5745477370251840e-01	   2.7420839402246683e-01	   5.6183312116514661e-01	   3.8086637908777687e-01	   3.7486533129793165e-01	   5.1587259224499793e-01	   4.7601318500413564e-01	   5.0319489917881280e-02	   1.3455878066314064e-01	   3.3124629812842343e-01	   2.8705911070427520e-01	   1.9928780954581798e-01	   3.1169547599258768e-01	   2.8507213802983450e-01	   3.2449360464332311e-01	   4.4140502568848439e-01	   4.5055882137888348e-01	   4.5247412377983603e-01	   4.1162861590712402e-01	   4.7650983279833770e-01	   4.6742086572892877e-01	   5.2466603838491999e-01	   3.7978879399431087e-01	   3.6019768321915108e-01	   3.2683698366799269e-01	   4.3607715054577911e-01	   5.1206019982551254e-01	   4.6539866448253303e-01	   3.0115599702454993e-01	   3.5399765894179314e-01	   4.1178271111430592e-01	   2.0847135994174437e-01	   3.2773927675471992e-01	   3.0831399680852650e-01	   2.9641535194146790e-01	   2.7666044946732427e-01	   2.8949091098841184e-01	   3.5097145751286385e-01	   3.4649137020200071e-01	   3.3445152247102838e-01	   3.3028625629335989e-01	   2.1948039727142610e-01	   3.2925538427685092e-01	   8.2267859418846997e-02	   2.2738454457121851e-01	   4.2510369275752920e-02	   1.3537982162506915e-01	   2.5076543911489879e-01	   2.2562160331117670e-01	   2.4385504140330572e-01	   4.5365071198247520e-01	   3.1425944849267601e-01	   1.6912562024444677e-01	
   8.6880865812122554e-01	   8.9518900437602666e-01	   5.9259273440865079e-01	   5.7772465645072080e-01	   4.5052492937774347e-01	   3.7217902014398851e-01	   7.3259352747381024e-01	   6.4588919947660650e-01	   5.7191639625616875e-01	   4.5506570952521891e-01	   0.0000000000000000e+00	   1.3485539918556653e+00	   1.6326623623369567e+00	   1.1530214353542521e+00	   1.0194238195224461e+00	   9.6207968531415600e-01	   9.0558094283882018e-01	   9.5871045925181408e-01	   8.4876495129191465e-01	   7.7021430396667345e-01	   3.1448970826262579e-01	   3.2034525947975445e-01	   6.1077459893940456e-01	   5.9364910818485350e-01	   5.8490523666243277e-01	   5.4563967712850059e-01	   4.8582653718573976e-01	   3.7718621871898222e-01	   1.1194653504082657e+00	   1.0135877153775006e+00	   9.6400961354133485e-01	   8.5509039931650932e-01	   9.2536716642967598e-01	   8.6529781514768578e-01	   6.0135428358192522e-01	   6.5142182562269324e-01	   4.4295286927493882e-01	   6.3475157966605267e-01	   8.0477175322814198e-01	   8.1168963762970292e-01	   8.2057072054269165e-01	   7.4417030777406623e-01	   6.5995813181577401e-01	   6.3228656141997663e-01	   3.5122716573004448e-01	   5.1129593634318471e-01	   7.6432734916423350e-01	   7.7768965996114314e-01	   2.5641233510674533e-01	   4.0425760782023101e-01	   5.1416935034166866e-01	   4.0489689777220006e-01	   7.8799841754066624e-01	   6.7666699800936136e-01	   8.4901933381782579e-01	   9.0415616329410642e-01	   6.4174159811039921e-01	   8.0707514911112588e-01	   5.8507792256593261e-01	   5.2257970936457787e-01	   8.6346394543109306e-01	   7.8233723781159248e-01	   7.8411872302946684e-01	   8.6353518048733968e-01	   5.3340157297566249e-01	   6.9696782829073756e-01	   6.2531378663778481e-01	   5.1585196138433065e-01	   5.5121663888583794e-01	   6.3807459601088534e-01	   5.0972374977304191e-01	   5.3806371321252955e-01	   1.0501889836197975e+00	   8.2248029511903697e-01	   1.0078411970823749e+00	   8.8724555368510005e-01	   1.0012137415469213e+00	   9.1281783250502857e-01	   9.1293386802282361e-01	   1.0404742833917620e+00	   1.0282332323333907e+00	   1.1003801805172293e+00	   1.0304427453663161e+00	   1.0417937839909106e+00	   1.1734212350832762e+00	   9.0759320236738583e-01	   9.5338976119142749e-01	   7.9838737128070980e-01	   7.4566183037885880e-01	   8.7066943107427819e-01	   5.1589653435257232e-01	   1.9364388414320782e-01	   1.6598728880024524e-01	   2.4687691637871426e-01	   9.2079073538322431e-01	   9.2047558813689145e-01	   8.7304561086843102e-01	   9.0537314775521527e-01	   7.0062078593055788e-01	   7.5991179903966954e-01	   2.2102606219828272e-01	   1.9305608579335626e-01	   3.7624135800145386e-01	   2.3486846481006846e-01	   4.1946213435050866e-01	   3.6847819172046009e-01	   2.2844817937208223e-01	   2.4776297495413907e-01	   3.9581305769433445e-01	   7.9214506862956968e-01	   5.8860858509672798e-01	   5.1276705296790015e-01	   5.8714107965695161e-01	   5.3912829681583241e-01	   7.5817692761068389e-01	   1.7834694956937158e-01	
   8.6357349480139423e-01	   9.8001155141684759e-01	   7.2655900444680865e-01	   7.2588547207916609e-01	   3.3723761074170483e-01	   2.7454818142998905e-01	   8.7935097639578774e-01	   8.7854355013866803e-01	   3.9634212622180426e-01	   3.3293215702086632e-01	   1.3485539918556653e+00	   0.0000000000000000e+00	   1.2584543446867849e+00	   1.7770500716310285e+00	   9.7315622773457167e-01	   1.0335977747244449e+00	   7.0343562647958446e-01	   9.8097509052852927e-01	   8.8039182656705284e-01	   8.0470226679559831e-01	   4.0391059261309636e-01	   3.8162500725002857e-01	   8.5619800336720631e-01	   8.6203466959722386e-01	   5.6858306224124600e-01	   5.1075252199027488e-01	   5.5473094840108417e-01	   4.0701367810614103e-01	   1.0789555254696903e+00	   1.1861213048532047e+00	   1.1737781113162238e+00	   1.2131714248224068e+00	   1.1743829554381096e+00	   1.1566997237597316e+00	   5.9600944623260155e-01	   6.6066825843336796e-01	   3.6613177610691999e-01	   6.4371535449605322e-01	   9.2708198111430007e-01	   9.5716548934855450e-01	   7.9402311281681592e-01	   7.6730663383118025e-01	   7.9345316053221149e-01	   7.2929328805745575e-01	   4.7632392226778486e-01	   6.3273510811601108e-01	   9.2177861424065410e-01	   8.9321865665877498e-01	   3.7692206288499946e-01	   5.3658307025813823e-01	   6.0640757026764702e-01	   5.1371188715803662e-01	   8.8303524635213415e-01	   8.7555023742027294e-01	   9.2341014881394501e-01	   1.0747565781873409e+00	   6.3143924800433759e-01	   8.3224194783068906e-01	   6.0962541835737549e-01	   5.7881034825880240e-01	   9.9644485649338976e-01	   9.9990036096680257e-01	   8.8555922360661410e-01	   1.1490730436920287e+00	   6.0543429893935119e-01	   7.6959103039733034e-01	   6.8325549800115359e-01	   5.9887257052085796e-01	   5.4926234290415210e-01	   6.9289176609433500e-01	   6.0311211725508207e-01	   7.2001626155340859e-01	   1.1169593850073727e+00	   9.9499883784198173e-01	   1.1485368951772899e+00	   1.0828734237745672e+00	   1.0900975148536272e+00	   1.0541580364834771e+00	   9.4319268077511165e-01	   1.0460464994180214e+00	   8.9968511008348540e-01	   1.0823212789668528e+00	   1.0148293416903627e+00	   1.1831078378787314e+00	   1.0775892579607691e+00	   1.0728378012756588e+00	   9.4620894760993446e-01	   9.6666114908700662e-01	   7.5716776941857955e-01	   9.4697693138437189e-01	   5.0476213126967007e-01	   1.4143570803526109e-01	   1.8862217257565159e-01	   2.4516818508049523e-01	   9.1490183351921506e-01	   9.5438130070392391e-01	   8.6418992454261523e-01	   9.7940721119269136e-01	   7.6616657962089052e-01	   8.6508567757946142e-01	   2.0531669857918025e-01	   2.0344746631436772e-01	   3.9010215085235406e-01	   2.4728565935235056e-01	   4.5811945939058069e-01	   3.9796905129401872e-01	   2.6582530065527543e-01	   2.7311062113473072e-01	   3.9687048744095338e-01	   7.2166510199169487e-01	   5.4460330290960823e-01	   5.2299835332201483e-01	   6.2965184697890897e-01	   5.9193697712301696e-01	   8.3261698856761324e-01	   4.9202402220052018e-02	
   8.9894817377434355e-01	   9.6194918836243559e-01	   7.5453395867091277e-01	   6.9103540348216452e-01	   6.2711225831124495e-01	   4.8908962270694423e-01	   8.8146655900364035e-01	   7.3227143465246725e-01	   6.7719988879470472e-01	   4.8614849141894489e-01	   1.6326623623369567e+00	   1.2584543446867849e+00	   0.0000000000000000e+00	   1.2128400353232167e+00	   1.3972191519097454e+00	   1.2559551924265406e+00	   8.9239174850355363e-01	   1.0076050827753724e+00	   9.9299185506898835e-01	   8.7482638527087619e-01	   5.0104995312276734e-01	   4.7924595459501018e-01	   8.2448458678125414e-01	   8.0541545816222126e-01	   8.4545382387286150e-01	   7.4036404234785802e-01	   7.4427962701086336e-01	   5.9329415929688034e-01	   1.2220112928113911e+00	   1.1393631564692148e+00	   1.2212392787942874e+00	   1.0171315333257787e+00	   1.0789317327077388e+00	   9.9953597972749364e-01	   7.6285163027791703e-01	   8.0735464169919846e-01	   5.1136531927644724e-01	   7.5453488476727615e-01	   9.7491297017614797e-01	   9.8463535124918011e-01	   9.2968148117411809e-01	   9.0803245154816847e-01	   7.6189903271384973e-01	   7.1379977942697925e-01	   4.2996787584324558e-01	   6.0116717110179718e-01	   8.3571614061157651e-01	   8.7935345312160484e-01	   3.2922943555267947e-01	   4.6170210016267221e-01	   6.6740901261315289e-01	   5.3864569229776171e-01	   9.1159069006438953e-01	   8.1943161482091320e-01	   9.3386854544743247e-01	   9.7827011329371316e-01	   6.3207043694359977e-01	   8.1111589875991441e-01	   6.2169436848549475e-01	   5.5645410570262943e-01	   9.8931751308602089e-01	   8.6846306454249322e-01	   8.6227568264054022e-01	   9.3385304199937103e-01	   6.8537636185152384e-01	   8.5262848875322039e-01	   7.7020565488873327e-01	   6.3027722942205022e-01	   6.6671825912549565e-01	   7.3462262830129543e-01	   5.2596934961064967e-01	   6.6863162624034456e-01	   1.1292812206579090e+00	   9.6919205506728545e-01	   1.0335407987133516e+00	   9.8068644431875351e-01	   1.0990526482885645e+00	   1.0152209955016580e+00	   1.0358396466368689e+00	   1.1467907443383882e+00	   1.1033914067609605e+00	   1.2442488242312766e+00	   1.2496730443913455e+00	   1.2649977424275747e+00	   1.4046005010897378e+00	   1.1417575121430215e+00	   1.1157306858393301e+00	   1.0159033457813249e+00	   8.5516449976405262e-01	   9.8757242807348178e-01	   6.3166967196449630e-01	   2.3241874647778987e-01	   2.6678802962097870e-01	   3.4915981393612205e-01	   8.6595245725243408e-01	   8.3293749657002281e-01	   8.6950762229360545e-01	   8.7314024958388792e-01	   7.7136687869202858e-01	   8.2995261582206259e-01	   2.7753509122507669e-01	   2.6510102169876776e-01	   4.2883517845661900e-01	   2.9213387415780456e-01	   4.7140465997171299e-01	   4.6491489550533643e-01	   1.8208190690141057e-01	   2.1880818462845353e-01	   3.7698053337794013e-01	   6.6839528577938889e-01	   6.2500130029479395e-01	   6.1992470394846466e-01	   7.0487907255141480e-01	   6.5661737586835800e-01	   8.7354516374919267e-01	   1.6411870322405964e-01	
