   0.0000000000000000e+00	   1.1005979116420224e+00	   4.6549574841666674e-01	   2.7241699728595531e-01	   4.2858628832294604e-01	   2.7990970010179839e-01	   5.9832793129723205e-01	   3.6124969228131831e-01	   4.6065966045634549e-01	   3.1660520724978114e-01	   7.1963383710310891e-01	   5.5293549097595063e-01	   5.8535673066602778e-01	   4.2355189899578893e-01	   7.1162290037099996e-01	   6.0028275573133028e-01	   7.8639874778538288e-01	   7.5566163476436499e-01	   1.1955281849228072e+00	   1.2100705732698547e+00	   1.4942289535365319e-01	   1.6948159923572351e-01	   4.3289876764113666e-01	   2.5350571022945434e-01	   2.4720379568259218e-01	   1.2210844199788917e-01	   1.7368049494215579e-01	   1.7680515147199860e-01	   5.4528997540435020e-01	   4.3967359686360152e-01	   3.1871226402163050e-01	   2.4408059324465248e-01	   8.3870986453959695e-01	   7.1067704322638781e-01	   1.4447785286774245e-01	   9.1993995558576278e-02	  -1.0348103672049554e-02	  -1.8491802109218920e-02	   1.3796030664818004e-01	   1.9419230632115655e-01	   1.2313662742793537e-01	   8.0547282639534534e-02	   5.4929033972735086e-01	   4.1000217275144019e-01	   5.2987356577052780e-01	   5.6877796908359801e-01	   4.7489949920913754e-01	   4.0447601687677376e-01	   5.4381354882385036e-01	   5.7648922241879730e-01	   5.5027045606121316e-01	   4.2516376247633691e-01	   5.0736887471382741e-01	   5.1858756915519288e-01	   4.0447052077596712e-01	   5.2245226092782460e-01	   9.1908909098961478e-01	   6.6137248866724241e-01	   6.4656064539549418e-01	   5.4567673047448395e-01	   6.2822613726657139e-01	   3.9757029079864625e-01	   6.5992305601608692e-01	   7.8919184980769652e-01	   3.0810887442712631e-01	   8.9631783015260369e-02	   4.3102186471477305e-01	   2.7603362023810607e-01	   7.1828699648227901e-01	   5.8213255293511112e-01	   1.4028693584009189e-01	   3.3873653230371295e-02	   7.1119253890964373e-01	   6.1186859991715548e-01	   6.2582905691300472e-01	   6.7319488739776168e-01	   2.5662684777980227e-01	   1.8912306866051209e-01	   5.2921870523574865e-01	   5.3945546152910628e-01	   7.5466023033982488e-01	   7.1870037607880743e-01	   5.8260323986286711e-01	   7.2906043846471025e-01	   6.8758018423286960e-01	   5.4068646885334548e-01	   2.7823777629730367e-01	   2.6632076934934579e-01	   4.3794040186852778e-01	   5.3384874055712761e-01	   3.4184893007214451e-01	   2.6787374994334756e-01	   4.7830272869914828e-02	   1.0242924222745627e-01	  -3.6374653244703729e-02	   2.4141201134512358e-01	   1.4025864172155653e-01	   3.5417018259781957e-01	   5.1143896309062409e-01	   5.1329181391793788e-01	  -9.6924295685664547e-02	   1.0627860252132570e-01	   2.0830410647256678e-01	   7.3267508396772749e-02	   4.0526012071847785e-02	   1.9182941808882595e-02	   2.7849405766882446e-01	   1.6775595900378314e-02	   2.4539277939286914e-02	  -4.4149274155361545e-02	   1.5714579525291839e-01	   3.4248271974224348e-01	   3.7543735774089332e-01	   6.4871408080201115e-02	   3.4649397080318408e-03	   3.1035415327305660e-01	
   1.1005979116420224e+00	   0.0000000000000000e+00	   3.1710014018647970e-01	   2.9317806844048233e-01	   2.9845743115239365e-01	   2.3381112206531562e-01	   1.6235689452169422e-01	   1.3317060959096008e-01	   2.0525534478940202e-01	   7.4533881938293148e-02	   3.5677431172216650e-01	   3.2569169486940297e-01	   2.1758030702382047e-01	   1.6255208557947409e-01	   5.7171415168837025e-01	   4.9066974482618930e-01	   8.7555711268731473e-01	   8.1255618126674567e-01	   7.5427200758822099e-01	   1.0181841779211858e+00	   3.0109882003151939e-01	   3.7840466288113445e-01	   3.7718207914070490e-01	   3.0071899809209435e-01	   4.4279085451702160e-01	   2.9408156841762828e-01	   4.2006483278470347e-01	   4.5764880678320902e-01	   4.9975759866541425e-01	   4.3089140671200987e-01	   1.8695253086666350e-01	   1.6778455761432984e-01	   6.8601006645727214e-01	   5.7824233233546651e-01	   1.7823532911744236e-01	   1.0637525906473778e-01	   2.1796340871345701e-01	   1.6302668939776918e-01	   3.7117040822270314e-01	   4.8100005115635835e-01	   2.7312413232146449e-01	   1.2487623324960979e-01	   7.1518723229103609e-01	   5.9415158420498926e-01	   4.9530823776750943e-01	   6.3075561249356471e-01	   7.2712189575400510e-01	   6.9732055672313298e-01	   6.0107205558806986e-01	   6.8795151308003377e-01	   7.4044427438035898e-01	   7.6144108411736766e-01	   8.9335680805201867e-01	   8.2928389790452428e-01	   6.0366812663210101e-01	   7.5583090424041577e-01	   1.0940937006804994e+00	   1.1277815760510699e+00	   7.3277694460558829e-01	   8.1345118082047907e-01	   3.7660897331917315e-01	   2.4801481685586757e-01	   6.7431623737508262e-01	   8.2555504845166872e-01	   1.6657533030597482e-01	   1.2173924920078663e-01	   5.5253524441756041e-01	   4.0142243817290441e-01	   9.7798869328778826e-01	   8.1583595427024458e-01	   1.2088885771706848e-01	   2.1496086368010831e-02	   6.4300494373780614e-01	   5.8914283970023984e-01	   5.0685136946049902e-01	   5.8270393731993131e-01	   3.1576716292403695e-01	   3.0491017004840387e-01	   6.5250632973712819e-01	   6.1442235179167881e-01	   7.5678847547768313e-01	   6.9898813867168264e-01	   6.7940524008395198e-01	   7.1184879707298432e-01	   6.7921490253447614e-01	   6.5082131069044502e-01	   5.0096938707491689e-01	   5.6772682509238293e-01	   4.6138474561083487e-01	   6.4056649062676374e-01	   4.7868130839549539e-01	   3.3052377017188217e-01	   1.5278852004419316e-01	   1.1075204920850279e-01	   1.0471005608548636e-01	   3.1076185457624350e-01	   3.6129411762219410e-01	   5.6226044622824667e-01	   6.6059414630346580e-01	   6.5077221534862284e-01	  -7.7424159353014513e-02	   9.6226942861056708e-02	   4.8637454989780160e-01	   2.9525066580735648e-01	   3.6874190361798642e-01	   2.8717354661507177e-01	   5.5972075703594393e-01	   2.8502972091821721e-01	   8.3568484520431349e-02	   3.7849650885030707e-02	   4.0987967633838696e-01	   5.1515109330563547e-01	   3.8317941415713813e-01	   2.6340388344436350e-01	   1.3543337500981881e-01	   4.6060896531851325e-01	
   4.6549574841666674e-01	   3.1710014018647970e-01	   0.0000000000000000e+00	   2.9956194722427559e-01	   4.8511544932801570e-01	   1.8877616456664872e-01	   8.3511896944382324e-01	   2.4418754297298939e-01	   6.4901400059099046e-01	   2.5471794461167152e-01	   3.4173562693015480e-01	   7.4071633156070335e-02	   4.1453979602668739e-01	   2.0795181740331484e-01	   5.0221199063916011e-01	   4.1945952436512268e-01	   3.2327671783298362e-01	   2.9140023564078082e-01	   6.5098705042021610e-01	   4.6893977672062936e-01	   2.5731007011389984e-01	   2.1034114793021869e-01	   1.1026291749472685e+00	   5.3906721691973369e-01	   7.7305979889755994e-01	   5.3350567827396000e-01	   5.1077070006741021e-01	   4.0768101860117395e-01	   1.8154080807380049e-01	   7.2922509088806653e-02	   6.7847972058627304e-01	   4.7684001079609861e-01	   4.5113663044424229e-01	   3.2125840548709939e-01	   5.4051203994126218e-01	   2.4891376554628558e-01	   6.5146373803425806e-02	   5.8896363332690313e-02	   3.4825841583530986e-01	   2.7372838849734604e-01	  -7.9136475006892970e-02	  -1.2177501849926527e-01	   3.5366898777467826e-01	   2.1809781761801045e-01	   3.9954296042828574e-01	   2.6674086831824556e-01	   3.0631414133972307e-01	   1.6265934802624860e-01	   4.0786978112367994e-01	   3.1291072339362980e-01	   4.2864812090960003e-01	   2.9459696082235831e-01	   1.6561095843590182e-01	   1.7800969317094487e-01	   3.6913591120963496e-01	   4.0656682771623465e-01	   2.4332152509946289e-01	   2.2309777174686485e-01	   2.9583628949311147e-01	   1.2279048838696528e-01	   3.1864546264053151e-01	   5.3541918260934684e-02	   2.3835060559441146e-01	   1.5395004924504571e-01	   7.4046989054931878e-01	   2.4799555576081089e-01	   4.2056836344000725e-01	   1.8287341827519307e-01	   3.7327872209889873e-01	   3.4936980606622836e-01	   3.5551304134115841e-01	   2.8537720248407084e-01	   3.0800153281363246e-01	   2.3232810380812594e-01	   3.7483476839328578e-01	   3.9959060866607105e-01	   3.4877072569450135e-01	   1.9358244650166703e-01	   3.6376091062184046e-01	   3.6622141639857225e-01	   3.5184495240944369e-01	   3.8316247426259326e-01	   4.7548061284644333e-01	   4.4052968082670790e-01	   3.8153665092565187e-01	   2.8662166099408942e-01	   5.5161915307630904e-01	   4.0383966979128838e-01	   6.5518885446227881e-01	   6.1930529435671189e-01	   4.3319552913583015e-01	   6.1067349968385320e-01	   3.1351803235898795e-01	   7.2245398317282983e-01	  -4.7485361371883097e-02	   1.8683528918784192e-01	   2.4018716984009780e-01	   3.0775288681503615e-01	   3.4691245810358595e-01	   4.3739777893596976e-01	  -1.1452862824024236e-01	   7.8353337813525614e-01	   2.8145319931523943e-02	   3.3908906462461258e-01	   1.3105247911405088e-01	   3.1321174536083457e-01	   4.0175519265962334e-01	   3.3912451503252466e-01	   6.6079874240568923e-02	   4.7374503311068364e-02	   3.5049303546310279e-01	   3.6486331118948656e-01	   4.4130755260680937e-01	   2.9309758531130109e-01	   3.3953668137842963e-01	   1.5480078980515058e-01	
   2.7241699728595531e-01	   2.9317806844048233e-01	   2.9956194722427559e-01	   0.0000000000000000e+00	   5.8328466291539371e-01	   6.9781987378581523e-01	   4.6397303434627607e-01	   9.3365967579142972e-01	   3.4096055053507662e-01	   5.8654547478194730e-01	   3.1199159673276117e-01	   3.0893193985242784e-01	   7.1683055974752496e-02	   3.8455988103496608e-01	  -4.7327386254583138e-03	   3.3472188240665446e-01	   2.6916050431709526e-01	   2.2353358964518705e-01	   2.3807881229163108e-01	   4.4874513165700897e-01	   1.8187037305832496e-01	   3.7233567144923563e-01	   2.9316270436695047e-01	   7.5846524990064557e-01	   2.2156307941042139e-01	   5.3449651063219394e-01	   9.0268289051114586e-02	   3.0358373344173439e-01	   1.0041363397841850e-01	   1.7538653215357031e-01	   2.7330416100086941e-01	   4.9216024787502066e-01	   4.4563265177779920e-01	   5.9372251019726319e-01	   4.6971707145164932e-01	   6.9671221491532254e-01	  -2.4868200227084103e-01	  -2.0607381965907534e-01	   6.8904895171741393e-02	   2.3524805945259269e-01	  -2.4384467802308790e-01	  -3.5230537384855548e-01	   4.4380232026179978e-01	   4.3671536177395381e-01	   5.3699581223883164e-01	   6.1416060932863914e-01	   3.0012035988282448e-01	   3.0954970493023276e-01	   6.4802240792765320e-01	   5.7021522557721971e-01	   4.3691841315393010e-01	   4.5501356341862964e-01	   2.5315369077609468e-01	   1.1275671806433249e-02	   2.8350695333092391e-01	   3.4127998943832055e-01	   2.6717857621492469e-01	   2.4111703144882379e-01	   5.2916925639282741e-01	   7.4192817538862810e-01	   5.0230668307164039e-01	   8.3957144511792092e-01	   3.8010173222190707e-01	   4.6022110011250333e-01	   2.9120806543257138e-01	   8.2602894919283076e-01	   8.5605767125063936e-01	   1.0818395072748097e+00	   4.7581823863067008e-01	   4.9700083881319984e-01	   1.6196301064712273e-01	   2.3254290165546837e-01	   2.5848778297087061e-01	   3.3455832263874147e-01	   2.8059151605619875e-01	   5.6267907790717619e-01	   3.6973832164961162e-01	   3.9462138642150968e-01	   3.1336918058595531e-01	   2.8115063372241106e-01	   2.0679003241193147e-01	   1.6403795097760282e-01	  -1.0458922228878887e-02	   2.6202394453140271e-01	   4.9814055611359612e-02	   1.7328926355892704e-01	   1.5329777754829857e-01	   2.6493776393270430e-01	   2.8855134070622868e-01	   5.1268320388344280e-01	   3.4597071603505491e-01	   2.0875327201154617e-01	   5.2693626574360786e-01	   2.3357028036216249e-01	  -1.9646478238228052e-01	   2.5262518834838249e-01	   1.4378820570393716e-01	   3.6573098337340493e-01	   1.3158109704649823e-01	   1.2644442197844818e-01	   3.3361022703755461e-01	   2.1362618773270248e-01	   2.9327685997656905e-01	   2.2818016183171333e-01	   2.8213318064456339e-01	   2.7015891091196798e-01	   3.9305201072951512e-01	   3.0386230115535684e-01	   1.7416114100070637e-01	   1.1537612315818899e-01	   3.4117694308555480e-01	   1.4630206955251235e-01	   1.8144131085962353e-01	   7.5015535557426946e-02	   1.7226973733765305e-01	   1.0622928904882237e-01	
   4.2858628832294604e-01	   2.9845743115239365e-01	   4.8511544932801570e-01	   5.8328466291539371e-01	   0.0000000000000000e+00	   1.1241771931733253e+00	   8.0341578534519598e-01	   8.5357312037202404e-01	   1.2228945480812354e+00	   8.6687818017226914e-01	   5.0261430429861453e-01	   5.2684659795661137e-01	   4.8475260705156187e-01	   5.5774713473916970e-01	   3.2958852363139346e-01	   5.4834449056224965e-01	   3.2712811610107206e-01	   3.5072788686637285e-01	   3.5605958198445364e-01	   3.6875541377851118e-01	   3.5664940613714685e-01	   4.3055349725868697e-01	   5.1511921831853569e-01	   4.7263264908295155e-01	   2.8649113021923794e-01	   2.9108634068863654e-01	   1.2691143904322083e-01	   2.2985166860820805e-01	   2.5071824078781385e-01	   2.8971865552485920e-01	   2.1058981837940788e-01	   2.4588553871708760e-01	   3.4342542294252648e-01	   4.0190532662028566e-01	   4.3423512435942657e-01	   3.3686197091360515e-01	  -1.6194060410182115e-01	  -1.5849173360711952e-01	   2.0847863767798946e-01	   2.7484601279901322e-01	  -1.6883223157515195e-01	  -1.4121797816776871e-01	   3.5739749654691433e-01	   2.8089313133515148e-01	   4.6449903619837685e-01	   4.0839641238987251e-01	   2.6133329119407056e-01	   1.8236721863183816e-01	   5.6003514710377944e-01	   5.2122452050282031e-01	   4.7960376386748022e-01	   3.5194105193513070e-01	   1.4384527005105149e-01	   1.4156344140255547e-01	   3.0227683798809296e-01	   3.0307925893205184e-01	   2.1826609528201837e-01	   1.5738345841605661e-01	   4.7823795247403800e-01	   5.1907981216260368e-01	   6.7621255798103796e-01	   6.8762942730340049e-01	   1.1592559196640630e-01	   2.7370281269240515e-01	   7.0951543576166165e-01	   5.9303513192643231e-01	   4.8866451320458704e-01	   4.8978509736049641e-01	   3.9502046399559237e-01	   4.8213181301882940e-01	   2.9270592812713692e-01	   3.3150948807566044e-01	   3.0062450575397437e-01	   3.0231691816982142e-01	   3.8269213913811445e-01	   4.7906623129514253e-01	   2.6360586867581548e-01	   2.5011792843263914e-01	   3.9740168997672470e-01	   3.9274016317765092e-01	   2.3595518516686093e-01	   2.6555719769692021e-01	   1.9030068773786246e-01	   4.2027915392105886e-01	   1.9434925032774808e-01	   1.3407332177123255e-01	   1.2188453902820326e-01	   1.1999880366622590e-01	   5.9259146982975597e-01	   5.1488847095415169e-01	   4.7019645344452782e-01	   4.2334401235944386e-01	   5.5638874777100711e-01	   5.1453737906017616e-01	  -1.8525870904973374e-01	   2.1957822747109274e-01	   9.6553138092337801e-02	   2.4024038860876057e-01	   1.4375124055783717e-01	   1.6873218659497818e-01	   3.9916577133126641e-01	   2.2313498060169870e-01	   2.1473599017916528e-01	   3.4047858987967923e-02	   1.3012830417604224e-01	   1.8992136933158851e-01	   2.3704799613836719e-01	   1.4541918764310793e-01	   1.6355038584540849e-01	   8.0404345576161010e-02	   2.7577944303748614e-01	   1.9654628522981574e-01	   3.8045540461674554e-01	  -7.4315307666036418e-02	  -3.9132238319708997e-03	   2.1082928643476700e-01	
   2.7990970010179839e-01	   2.3381112206531562e-01	   1.8877616456664872e-01	   6.9781987378581523e-01	   1.1241771931733253e+00	   0.0000000000000000e+00	   5.3545801956964323e-01	   1.0561958816204129e+00	   6.8335436104907987e-01	   1.1823500735990378e+00	   3.3032367380918387e-01	   6.5039154008499478e-01	   2.3869319926905153e-01	   5.7453216105920579e-01	   1.7174631376132615e-01	   6.0849305777592877e-01	   2.8857162574251372e-01	   2.9910505886742939e-01	   2.7323993773871302e-01	   3.4904850748705157e-01	   3.5222801578389240e-01	   5.2790346086250783e-01	   3.2478888126324112e-01	   5.1408336868859472e-01	   1.3817973408836809e-01	   3.1570064593129732e-01	   1.0710225533447101e-02	   1.8820265063498645e-01	   2.8829137561573115e-01	   4.3287254262741059e-01	   1.7502222392158490e-01	   2.7747793220412370e-01	   2.7303422313576609e-01	   3.9569763014220549e-01	   2.3983514272085510e-01	   3.2177539839415581e-01	  -1.6534817550517997e-01	  -1.2583121344670131e-01	   1.6805742505509991e-01	   2.7171159021253644e-01	  -1.3508263424962266e-01	  -9.2283966166324019e-02	   4.4195044526330013e-01	   3.8155763303075185e-01	   5.3475459510436341e-01	   5.9760195531388383e-01	   3.5288459051574256e-01	   3.0259572734021883e-01	   5.4120186016033611e-01	   5.9416173678230688e-01	   3.8954796413799198e-01	   3.1090189730657869e-01	   1.3772858340406305e-01	   1.1837008976826961e-01	   2.9115001198210932e-01	   3.2509555727598827e-01	   1.2552097451287028e-01	   5.1013935047774413e-02	   3.0775265872730173e-01	   5.8600229987250751e-01	   4.3144178987413556e-01	   7.6344241647811173e-01	   1.1503513716519208e-01	   2.8735054564707913e-01	   3.4634725835031344e-01	   4.9993315565969382e-01	   4.0681790912199195e-01	   5.9185280652242744e-01	   2.4267945017191744e-01	   3.6257096866331961e-01	   1.7473911934069533e-01	   2.7272467854209148e-01	   2.7561256271184664e-01	   3.5406840933144107e-01	   2.8433160014531772e-01	   5.0479469171154145e-01	   2.2838786413194734e-01	   2.8121838378937142e-01	   3.3076527797557764e-01	   3.1004800585350673e-01	   1.6362917625308235e-01	   1.7721985222611331e-01	   4.0800152413085551e-02	   4.0912923415782187e-01	   4.6596275655768418e-02	   8.0922953688553997e-02	  -1.6242487260594820e-02	   2.7205640482828093e-02	   3.2387632487592111e-01	   3.2165195617449371e-01	   5.5468848428114725e-01	   3.9787311591313590e-01	   7.0915707928004379e-01	   3.8442694008018496e-01	  -6.4302670593700484e-02	   2.4468123933049646e-01	   2.2313637019669169e-01	   3.7931726163521745e-01	   2.5079003444372844e-01	   2.5753150773166256e-01	   6.5005270556342731e-01	   8.9024527971789433e-02	   4.2589838481378095e-01	   4.3480105433976256e-02	   2.6093136869702899e-01	   1.9142375019558944e-01	   2.6883630154163463e-01	   2.1036858699758218e-01	   2.5367044820050794e-01	   2.0860399891313280e-01	   3.0034893175836280e-01	   2.9307032926851090e-01	   4.2641692937366960e-01	  -8.0749716958572054e-03	   1.6632072157231712e-02	   1.3993803591494974e-01	
   5.9832793129723205e-01	   1.6235689452169422e-01	   8.3511896944382324e-01	   4.6397303434627607e-01	   8.0341578534519598e-01	   5.3545801956964323e-01	   0.0000000000000000e+00	   9.1262960064783760e-01	   1.0778039229724086e+00	   9.2880729720950772e-01	   7.7079833490299321e-01	   6.1250118876899773e-01	   7.7845731214181690e-01	   7.1631933507330892e-01	   4.2166672263643912e-01	   5.8243929945997563e-01	   2.4723471051973189e-01	   2.9008475223699987e-01	   7.0089430251842111e-01	   5.7090127218366304e-01	   9.7556117849005919e-02	   6.4290788327924897e-02	   6.1606085723450210e-01	   4.0091451313566151e-01	   8.6817787063546301e-02	   1.1628883791987502e-01	  -7.2800938886235761e-02	  -9.4091762782851418e-02	   3.6478103381830168e-01	   3.2171164662143387e-01	   5.1036516978855651e-01	   4.1165788883503174e-01	   5.5870484268703580e-01	   5.3311497675052777e-01	   2.1892638589492713e-01	   1.5275052067825198e-01	  -3.0282850953220936e-01	  -2.4207755417273025e-01	  -4.4339245935878582e-02	   1.4884239481531824e-02	  -2.4908292149972289e-01	  -1.7604739135852718e-01	   2.3943327741696802e-01	   1.6397373155227277e-01	   4.0188116294039011e-01	   3.2716273578525351e-01	   1.3451752667687406e-01	   1.5261402988007202e-02	   3.7403227781104043e-01	   3.2294739019019131e-01	   3.0454050210630640e-01	   1.1086033058785200e-01	   1.6063025272880300e-02	   6.1962633659237111e-03	   1.4623195177883683e-01	   1.8585264902293908e-01	   6.7784329970711515e-02	  -6.8704545481734075e-02	   2.4904069821133817e-01	   2.0881847181604810e-01	   6.9637382350517651e-01	   5.7350346497795301e-01	   2.9564428154927708e-01	   3.4589787933733612e-01	   5.8026323458596796e-01	   2.7048063307919340e-01	   2.8680723594185659e-01	   2.1856036959761854e-01	   2.2142981071262416e-01	   1.8844195526114030e-01	   2.8557104642018727e-01	   2.9373833027395840e-01	   3.9111649799575549e-01	   3.3656176651519520e-01	   4.8952343259100251e-01	   5.9720391183985710e-01	   2.6078268686772255e-01	   1.6488694533457970e-01	   2.1175521418435980e-01	   2.9130633671834327e-01	   2.9174507038308556e-01	   3.4722701907373849e-01	   1.3470669340248495e-01	   3.7880471804858307e-01	   2.4127238530216519e-01	   1.7829628478024118e-01	   2.1568488763846434e-02	  -5.6110784799895855e-02	   3.9701756744871253e-01	   3.2621147000123746e-01	   2.1670090713833615e-01	   2.5100462104211185e-01	   1.7642885851878254e-01	   3.0601963501380558e-01	  -2.3353487391492006e-01	   1.6420232738456977e-01	  -6.9526199371376204e-02	   1.0761035466812455e-01	   1.1797675355637896e-01	   1.3185615223571731e-01	   5.1435803883147307e-02	   3.3262181318042239e-01	  -1.2963311762054722e-01	  -7.4196564254928196e-02	  -1.4915751016293149e-01	  -8.9333748267794791e-02	   4.8052497177051547e-02	  -7.7616291650822206e-02	   6.4248931358117337e-02	  -2.4826304829581224e-02	  -1.9173546388945768e-02	   1.0372038399670770e-01	   2.5200804905296498e-01	  -6.7897462445471873e-02	   6.8790902807058935e-02	   8.3265922467597897e-02	
   3.6124969228131831e-01	   1.3317060959096008e-01	   2.4418754297298939e-01	   9.3365967579142972e-01	   8.5357312037202404e-01	   1.0561958816204129e+00	   9.1262960064783760e-01	   0.0000000000000000e+00	   7.1106810899357054e-01	   1.4084923664637248e+00	   5.7242065478894777e-01	   8.4697872657612105e-01	   4.3457347340013280e-01	   8.3549462647143202e-01	   1.5487539436983497e-01	   6.2654420247791109e-01	   2.4544681363279275e-01	   3.0689066989295544e-01	   3.6606918593518345e-01	   4.5677191121954025e-01	   5.1434860472302155e-02	   1.8888542813461073e-01	   3.5636893121929908e-01	   6.0187621240288003e-01	  -7.0621944760307268e-02	   1.6238495904878539e-01	  -2.0956568781976490e-01	  -1.1893278300510218e-01	   3.4685264325307641e-01	   5.0627974622521377e-01	   2.7394763746892925e-01	   3.9495541659230049e-01	   3.8460515130094380e-01	   5.4071337172831502e-01	   2.3366956418843693e-01	   3.3198457965105266e-01	  -3.3498257610218485e-01	  -3.2709167772188324e-01	  -8.0631840063113441e-02	   3.8297652167045969e-02	  -2.0150603559419705e-01	  -1.9876303825250469e-01	   3.5492271836127404e-01	   3.0307324517459039e-01	   4.3826981883322075e-01	   4.9573164202049602e-01	   2.2932702021219009e-01	   1.5409919892007184e-01	   4.1439403516421303e-01	   4.2704262224043504e-01	   3.1513195992789700e-01	   1.4211531934868907e-01	   8.5902662136008195e-02	  -4.1164566496884845e-02	   1.4328034045858665e-01	   1.7221819017327239e-01	   5.0631930789063598e-02	  -8.5118329897896583e-02	   1.9443131530715341e-01	   4.3251364275541743e-01	   5.4167510777604300e-01	   1.0293724430737059e+00	   2.3490555044721681e-01	   4.1529708005727967e-01	   3.8260364400885039e-01	   5.6545166998082108e-01	   3.4812891152175107e-01	   5.1378797579032609e-01	   1.6611006732519257e-01	   1.9813114884460536e-01	   2.3648501412190143e-01	   2.9603480518653474e-01	   3.7741476308574962e-01	   4.4843156756649316e-01	   4.4104481328471790e-01	   6.6708692637509870e-01	   3.2485000200702480e-01	   3.4351418033612419e-01	   2.4627794233413502e-01	   3.1395334410147202e-01	   2.3816384222656589e-01	   2.6881568562803460e-01	  -2.7922093094849554e-02	   3.7002643666095159e-01	   1.4385596625926461e-01	   1.5264618604649108e-01	  -5.7604369229886349e-02	  -2.9758429812231927e-02	   2.6564328651016134e-01	   3.1204976765307219e-01	   2.9529600505400672e-01	   1.4866184586017245e-01	   4.2141443933642597e-01	   1.8784515975300015e-01	  -1.4802940224467820e-01	   2.3139675772169910e-01	   3.8941363851601623e-03	   1.9860619384728653e-01	   1.2553018226742615e-01	   5.2091075820852976e-02	   3.4711714361042545e-01	   7.6288004089615308e-02	   8.3030192282908047e-02	  -1.2195172649395790e-01	   5.0015434805828360e-02	  -2.5891692378404465e-02	   1.0084880189571725e-01	  -4.4203425351018101e-02	   1.6099858661455843e-01	   1.6350966290015934e-01	   8.5638715177089875e-02	   1.2606330192696447e-01	   2.3504632039496001e-01	  -8.7187340099462177e-02	   5.5346515924801491e-02	   1.4068485358427193e-01	
   4.6065966045634549e-01	   2.0525534478940202e-01	   6.4901400059099046e-01	   3.4096055053507662e-01	   1.2228945480812354e+00	   6.8335436104907987e-01	   1.0778039229724086e+00	   7.1106810899357054e-01	   0.0000000000000000e+00	   8.4987727159083437e-01	   6.9944028492194277e-01	   5.8087238449199063e-01	   7.7142250313237759e-01	   6.7483893209413126e-01	   5.1623694798273512e-01	   6.3195370663416417e-01	   2.7047820538999673e-01	   3.2741802539920617e-01	   4.3485198091644695e-01	   3.9087574521043178e-01	   2.2931565859276321e-01	   2.1288151424676943e-01	   5.7426891229190313e-01	   3.3174911911359534e-01	   1.9607635466001325e-01	   9.5179209733721848e-02	   1.2252810816925166e-01	   1.0093979401273387e-01	   3.2470462214447765e-01	   3.0772466756852707e-01	   2.2019525392540781e-01	   1.7591063301679460e-01	   3.0782152034150778e-01	   3.2295841207139531e-01	   2.4715373389136824e-01	   1.0628383115233206e-01	  -9.9740520586141065e-02	  -1.1572893381892162e-01	   2.3226719393990602e-01	   2.1763985782260892e-01	  -1.0762916334490899e-01	  -5.5060789298275924e-02	   2.5816376786564355e-01	   1.9217091497659500e-01	   2.9738151639287924e-01	   2.1693146409266872e-01	   1.6590628676304875e-01	   5.0737447424678957e-02	   3.6810546857022386e-01	   2.9259500076461259e-01	   3.3954314207056269e-01	   1.4971935009195578e-01	   2.6488265269873683e-02	   3.5722584846465025e-02	   2.4294668110480602e-01	   1.9080830035255730e-01	   1.2001378718358821e-01	   1.9200375584250421e-02	   3.5256363530721607e-01	   2.7113665364937006e-01	   7.3277330951709074e-01	   5.5467344544776787e-01	   1.6782625296441203e-01	   2.6349681446376150e-01	   7.2880861434740807e-01	   3.7084234165264757e-01	   2.4986702116115683e-01	   1.7798681256561866e-01	   2.9385174243383733e-01	   3.2851673352922306e-01	   2.6356526833785743e-01	   2.2283369088282390e-01	   2.9755312862155370e-01	   2.2801360212176675e-01	   3.6743064969361394e-01	   4.0878520277878388e-01	   1.5782597860137762e-01	   1.2863958462909345e-01	   3.0045067148617383e-01	   3.5918363637140882e-01	   2.5023782792588345e-01	   2.9498209622807958e-01	   2.4150272017752195e-01	   3.7491118191830169e-01	   2.5224984099036507e-01	   1.8632298922927101e-01	   1.1608326236334242e-01	  -7.9918172268592848e-03	   7.1404997693166716e-01	   4.6426225147999983e-01	   3.0108161441148168e-01	   2.8128805864970474e-01	   2.9934926819693208e-01	   4.3282626976526756e-01	  -1.1239706973291243e-01	   1.8281636678721591e-01	   3.4473093813198859e-02	   1.6187434379443952e-01	   8.1816301167474334e-02	   7.8104734336410686e-02	   7.5931792650619195e-02	   2.3738363968424445e-01	  -5.4263469907958717e-02	  -1.1270547600735924e-01	  -7.8221727327700621e-02	   2.4743053718345186e-02	   9.9434030567702295e-02	  -1.7255060171129027e-02	   9.0697215830007866e-02	  -2.4089855126699106e-02	   7.6349095092061017e-02	   9.5969347999020557e-02	   2.6835158718373486e-01	  -1.8207074739938750e-01	  -6.9231552945082930e-02	   1.7287679435309494e-01	
   3.1660520724978114e-01	   7.4533881938293148e-02	   2.5471794461167152e-01	   5.8654547478194730e-01	   8.6687818017226914e-01	   1.1823500735990378e+00	   9.2880729720950772e-01	   1.4084923664637248e+00	   8.4987727159083437e-01	   0.0000000000000000e+00	   4.4666361247341640e-01	   7.3506567823993041e-01	   3.9181214987113883e-01	   7.2497848309057433e-01	   2.5355454317777359e-01	   7.7546652500329838e-01	   2.1029369501417314e-01	   2.5717684387831208e-01	   4.2666132875781804e-01	   4.4861444632547365e-01	   1.4780599201074987e-01	   2.8476022907472864e-01	   4.0113121599816026e-01	   5.2134477189210271e-01	  -4.5012002582313138e-02	   1.6214059097322658e-01	  -1.7805241220093559e-01	  -8.6625993819078442e-02	   3.9585024819307985e-01	   5.3527787962839368e-01	   3.1763727263264957e-01	   3.7440436766512936e-01	   3.2281133450270294e-01	   4.2947516387560158e-01	   1.1270584915874401e-01	   1.7514297009027735e-01	  -2.3653259172515548e-01	  -1.6281561562605082e-01	   4.1721117758850524e-03	   9.3416190979529676e-02	  -1.2188363962590695e-01	  -4.6734117461213953e-03	   2.5927659219027582e-01	   1.9467836377552813e-01	   3.8765482664783246e-01	   3.9767390550740850e-01	   1.9747745217366555e-01	   8.4306114645794170e-02	   2.9151202967499090e-01	   3.1753603940818453e-01	   1.9474330689782079e-01	   1.8884112188371292e-02	  -1.6832898888794266e-02	  -5.2894917267772672e-02	   9.4850190354365205e-02	   9.2164676969318585e-02	  -5.8988635414272947e-02	  -2.1491187839811587e-01	   8.8036740313582884e-02	   2.9284401153244044e-01	   4.3683502301837085e-01	   7.4982071523645433e-01	   1.2881668032972604e-01	   2.8577461866820275e-01	   3.5752513503177824e-01	   3.5548603090727926e-01	   1.8170581184978254e-01	   3.0831419499930018e-01	   1.1131384393635158e-01	   1.5806275283933080e-01	   1.6482976560852211e-01	   2.5894714673514518e-01	   2.9800432916040703e-01	   3.7833291639658151e-01	   3.4494583177159571e-01	   5.8849799120349733e-01	   2.1271031823012926e-01	   2.4302251077524889e-01	   1.9436714266419033e-01	   2.5959709825579069e-01	   1.7867281113183581e-01	   2.1680338851403561e-01	   1.3091846787429171e-02	   4.3098497697258892e-01	   8.6334985709390966e-02	   1.0088177304794772e-01	  -1.4752934877895962e-01	  -1.6196029144920454e-01	   2.2507418220863779e-01	   1.9723643455528395e-01	   2.9840986003580555e-01	   1.4986405853953130e-01	   3.8679943515240212e-01	   2.0073377796169165e-01	  -9.2175046214924020e-02	   1.3046513574806645e-01	   2.0704199273240152e-02	   1.7407660014026571e-01	   1.4419260997213462e-01	   6.4352789492166301e-02	   4.2815529141092706e-01	   6.7642701378348548e-03	   8.8238980787115243e-02	  -2.5697170683248050e-01	   1.2935197204321006e-03	  -9.7978308860441080e-02	   1.0026359642064041e-02	  -1.3670930193632208e-01	   7.6395370787315661e-02	   1.2833676310266087e-01	   1.1342976153862457e-02	   1.5583173922318139e-01	   2.3527206047277949e-01	  -1.2844434593396586e-01	  -1.5090650121422272e-02	   7.8732797126910406e-02	
   7.1963383710310891e-01	   3.5677431172216650e-01	   3.4173562693015480e-01	   3.1199159673276117e-01	   5.0261430429861453e-01	   3.3032367380918387e-01	   7.7079833490299321e-01	   5.7242065478894777e-01	   6.9944028492194277e-01	   4.4666361247341640e-01	   0.0000000000000000e+00	   9.9218533947961596e-01	   1.3905659626290703e+00	   1.0666726221181493e+00	   4.7797014488471201e-01	   4.2392651348547955e-01	   5.0944583940343102e-01	   5.3730559333398220e-01	   3.8066902298150773e-01	   3.9980146248423654e-01	   8.8620390694086573e-02	   3.2969208750746582e-03	   2.1022844966346441e-01	   9.7685359795651613e-02	  -6.9616791974062647e-02	  -1.0254530015952752e-01	  -7.6546823479646239e-02	  -1.4010349851986348e-01	   6.2307663984121031e-01	   5.0883862959565840e-01	   2.4933729942866631e-01	   2.6186158396784553e-01	   5.5775475010516529e-01	   5.4378097641666212e-01	   4.4060470177590398e-02	   9.4105168677365458e-02	  -1.5923830450493040e-01	  -1.7871051340126487e-01	   1.0250402394030907e-02	   4.9548620873353336e-02	   1.8286053080164649e-02	  -9.0163297609272455e-02	   4.1845139881627125e-01	   4.0747352577291779e-01	   4.0500394678772805e-01	   3.7602304273500914e-01	   2.1914696578765616e-01	   2.0677533399411407e-01	   5.2977122959379153e-01	   4.1099410149729798e-01	   4.3439943243053425e-01	   3.0073416815837406e-01	   2.2736896964797701e-01	   1.4046317819943557e-01	   2.9690656815159489e-01	   3.3035199771952717e-01	   3.9633714804077330e-01	   3.0304404097958476e-01	   5.6657182925780147e-01	   3.9490543136329881e-01	   1.0752078918524484e+00	   5.8725245706825457e-01	   7.4920261810327249e-01	   7.6616721119352149e-01	   2.6079372287792812e-01	   9.5233572743225636e-02	   2.9310901533297395e-01	   2.2304519866200792e-01	   2.6746164112482390e-01	   2.4539104286550109e-01	   2.7441051338573708e-01	   1.6497275802996558e-01	   5.6065992516689189e-01	   4.5593074675912576e-01	   4.9959526665082932e-01	   5.1660497670646155e-01	   1.7822474520157294e-01	   1.7791635737283834e-01	   4.5437432787171128e-01	   4.7123237951470442e-01	   5.7012789007939646e-01	   6.0128409293664076e-01	   1.7120279165328986e-01	   3.3679871575970477e-01	   4.2075593320789628e-01	   3.6085335824002712e-01	  -1.8268101203962515e-02	  -3.1698483932698938e-02	   4.6606097091944532e-01	   3.7575416663308880e-01	   9.6779210901015419e-02	   8.7320884890015396e-02	  -6.1857725202796848e-03	   3.5749530404633759e-02	  -1.4813734910980014e-01	   1.8746653745984507e-01	   3.2755197247359848e-02	   1.9556386271398615e-01	   9.4361564114128313e-02	   1.4620159404148189e-01	  -1.1603255085236322e-01	   1.3409249732268622e-01	  -1.0720410102292344e-01	  -2.3412423908577430e-02	  -2.2785022646161801e-01	  -2.1355950242531202e-01	   4.1861040645896026e-02	  -5.9319634617389976e-02	   7.2602191706859748e-02	  -1.3400983377760106e-01	   6.3132144585199479e-03	   1.1756149125048734e-02	   1.1630560962974681e-01	  -2.3331898898734560e-01	  -1.5770833674758344e-01	   1.1211265231784175e-01	
   5.5293549097595063e-01	   3.2569169486940297e-01	   7.4071633156070335e-02	   3.0893193985242784e-01	   5.2684659795661137e-01	   6.5039154008499478e-01	   6.1250118876899773e-01	   8.4697872657612105e-01	   5.8087238449199063e-01	   7.3506567823993041e-01	   9.9218533947961596e-01	   0.0000000000000000e+00	   8.4212080930703004e-01	   1.3985603326774176e+00	   3.8949713088637294e-01	   6.0392380440537630e-01	   4.4250608209428516e-01	   5.8281555281040398e-01	   3.5177687652713024e-01	   3.8972537746861208e-01	   1.7002941545551870e-01	   1.4487910873606050e-01	   1.4216761183334917e-01	   1.1597208803752490e-01	  -2.3271966848433551e-01	  -1.8127195656057482e-01	  -1.9033306055679616e-01	  -2.3008883127462343e-01	   8.0843733554464381e-01	   8.9296559965452682e-01	   1.5051067477910199e-01	   1.7796742951327207e-01	   3.4831169790230165e-01	   3.8831103763575653e-01	  -1.0020677861413406e-01	  -4.6478786404766867e-02	  -1.3014855775585210e-01	  -1.7149834769731989e-01	  -7.2945304559219751e-03	   8.6918754811122184e-02	   1.1260649051733966e-01	   3.5462335977245324e-02	   4.5830795475103892e-01	   4.3334200590935495e-01	   3.0253875926844431e-01	   3.7355964746020170e-01	   3.4613545004252383e-01	   2.8166331404320338e-01	   3.7886475794635832e-01	   3.6764453459481844e-01	   3.7967704068334673e-01	   2.1302683034663800e-01	   2.5483918454869914e-01	   1.7168259589698898e-01	   2.5915212966448448e-01	   2.7758454710638442e-01	   1.6890768614703261e-01	   8.7603805071091681e-02	   2.8331212464766270e-01	   4.2479002227743745e-01	   6.1377569204964644e-01	   6.8941044733639745e-01	   4.7562516904167262e-01	   7.1610141317894493e-01	   1.0917441379252626e-01	   6.1884746348297090e-02	   6.1301290009730544e-02	   1.3561219362873103e-01	   5.6285760628208836e-02	   7.4698713697246691e-02	   3.3445271213362754e-01	   2.6917033200244056e-01	   6.7009302470132215e-01	   6.0560916130445097e-01	   5.8796032543348575e-01	   6.0360111343492640e-01	   2.7176565863152852e-01	   2.6276546642823584e-01	   3.4773956336302508e-01	   4.3599328125787246e-01	   4.7544631359591860e-01	   5.3361645064070451e-01	   7.2940966160541840e-02	   3.6861592063052295e-01	   3.4873463847066183e-01	   3.2234330948830703e-01	  -1.4928995343331689e-01	  -1.2443117226725020e-01	   3.0133395495039750e-01	   2.2994855218778765e-01	   2.2565241696197511e-01	   9.3100089435894040e-02	   1.4458882890093305e-01	   1.3745645112340192e-02	   5.9451582524891217e-02	   2.8005438930145016e-01	   1.2444383576794531e-01	   2.4105122079672253e-01	   2.2189003592700815e-01	   1.8030824522500052e-01	   9.5580879136963309e-02	  -1.4687055536231003e-02	   6.6502169939656561e-02	  -1.4070580387603110e-01	  -4.3509939542241513e-02	  -1.7174090160523664e-01	   5.5152329009301206e-02	  -1.2190473745459970e-01	   1.3850553594770459e-01	   1.2202347012599428e-01	   4.3614860365098360e-02	   1.5656312685337759e-01	   2.2583381133634223e-01	  -1.2346113479241909e-01	  -5.5423222838284228e-02	   1.5847151294260164e-01	
   5.8535673066602778e-01	   2.1758030702382047e-01	   4.1453979602668739e-01	   7.1683055974752496e-02	   4.8475260705156187e-01	   2.3869319926905153e-01	   7.7845731214181690e-01	   4.3457347340013280e-01	   7.7142250313237759e-01	   3.9181214987113883e-01	   1.3905659626290703e+00	   8.4212080930703004e-01	   0.0000000000000000e+00	   1.0657723568599293e+00	   7.1892050423726317e-01	   5.5317082150636498e-01	   3.5418963448788127e-01	   4.2452351895462925e-01	   3.8446420013221017e-01	   2.7118928364294437e-01	   5.2199750808308458e-02	  -6.4138261199494465e-02	   3.3849611672527119e-01	   7.4380021984824407e-02	  -3.7905204037862933e-02	  -1.7513740161945762e-01	  -1.6935511289440007e-02	  -1.5994834385980167e-01	   6.8305952551949689e-01	   4.7285981790127185e-01	   2.6131633631945778e-01	   1.8296027136698931e-01	   4.2443960272292303e-01	   3.4341522535789637e-01	   2.3905654330148244e-02	  -6.4474059870087377e-02	  -6.2590560999758356e-03	  -4.7578364177545074e-02	   1.1646969853891363e-01	   8.3147197161554859e-02	   9.9660899401134664e-02	   3.0368195545001021e-02	   3.1130683946778515e-01	   3.0318319774100622e-01	   3.0649858161974042e-01	   2.2224616430950769e-01	   1.5704974235598909e-01	   1.1527558187554358e-01	   3.6860939270223886e-01	   2.6667344992913050e-01	   3.8855908441609865e-01	   1.8656230839842966e-01	   1.6537435545601312e-01	   1.3052505705142481e-01	   3.1150616933707137e-01	   2.8672887045004414e-01	   2.1463994693107091e-01	   1.5063786339265361e-01	   3.9086629666907385e-01	   1.9540958293250518e-01	   7.9805275672504095e-01	   3.4872245706551680e-01	   4.5529148096000183e-01	   4.5730911930692236e-01	   3.4682049891836780e-01	  -6.0473807203824453e-03	   1.3844657605102084e-01	   1.4612888539394908e-02	   1.8849430488734215e-01	   1.4429651777518668e-01	   2.2955375326686772e-01	   1.5542843260950170e-01	   4.6910959143397751e-01	   3.4047883054032535e-01	   3.8807837503333731e-01	   3.3954804051390797e-01	   1.6234939902398882e-01	   1.3489748211132832e-01	   3.7497543106930892e-01	   4.0002751484773313e-01	   4.9891317263088075e-01	   5.5376912367906139e-01	   3.0631965913986076e-01	   3.4475290395639491e-01	   5.5882555429495873e-01	   4.3654383119445872e-01	   6.4842511964824018e-02	  -2.2082036399846725e-02	   5.7111407703661354e-01	   3.7876706894718498e-01	   7.2816004348822572e-02	   1.5490082419348378e-01	  -5.1469280122872843e-02	   1.2884537723914644e-01	  -1.5401681825155761e-01	   8.6138415618056616e-02	  -3.5116774541959512e-03	   7.0902053381969379e-02	   5.0380885134761418e-02	   1.2928997153059307e-01	  -2.4314819109385691e-01	   1.7847601193151064e-01	  -2.6056148918820665e-01	  -1.1821876464937706e-01	  -3.3261703473854204e-01	  -2.6425382620432264e-01	  -3.5586162151791764e-02	  -1.3855852316387718e-01	  -2.4718061340492582e-02	  -1.8160796253320605e-01	  -5.5440884519519541e-02	  -4.5318841398473704e-02	   1.7548807936737565e-01	  -2.4900501721973417e-01	  -2.0215208766207721e-01	   7.6285143991762935e-02	
