   0.0000000000000000e+00	   1.2606796167193444e+00	   9.3812866358527414e-01	   9.0521978717099938e-01	   6.6210590829006610e-01	   7.3148637486812784e-01	   7.1474253752098005e-01	   7.3056942978465766e-01	   7.2725335946797098e-01	   7.2496837174750972e-01	   8.1036872635788404e-01	   7.8465636932608618e-01	   7.1878296241281847e-01	   7.3225959195843815e-01	   9.1237495341874586e-01	   8.7914630056562337e-01	   7.4204496794660768e-01	   6.9933428634841488e-01	   1.0830472123703101e+00	   1.0608538820934765e+00	   6.0646297413939398e-01	   5.9276165177729934e-01	   7.6845357582815188e-01	   7.6150362656640480e-01	   7.2305393877798174e-01	   7.5563955537475802e-01	   6.7371442249661617e-01	   8.6391536628138643e-01	   6.4742636523492192e-01	   5.9940970081288580e-01	   7.0503191656340114e-01	   6.9379185591309100e-01	   9.5200654738906165e-01	   9.4831787588112171e-01	   6.2898903209042412e-01	   5.7166887061549976e-01	   3.0767288580124819e-01	   1.8140964656518706e-02	   4.7402245425894884e-01	   4.7917145333112687e-01	   4.3085131847130348e-01	   1.9670364573347421e-01	   4.2146494191526557e-01	   3.3083084061511997e-01	   3.8991202386964091e-01	   3.4575136987259952e-01	   3.0976541154784853e-01	   2.6358234992926954e-01	   3.3307161352540743e-01	   3.5194287856870382e-01	   4.6537533259315067e-01	   4.8550543420725872e-01	   1.8576155682062334e-01	   1.4280363191825921e-01	   4.7319902800291819e-01	   2.8126058293197354e-01	   1.5133503250256775e+00	   1.1761197018089875e+00	   6.4491213214520915e-01	   6.3400643419893721e-01	   6.3602124229759893e-01	   6.5733261239916607e-01	   6.4960595453479320e-01	   6.0613851221592863e-01	   5.9260877258465616e-01	   5.4389807976670546e-01	   7.4018071597139135e-01	   6.3673162344878231e-01	   1.0803375190955655e+00	   8.1430415720887239e-01	   4.4000335371543825e-01	   5.1577945637133871e-01	   7.0237561851453023e-01	   6.5893838913889957e-01	   7.2870426579944170e-01	   5.3206606055195027e-01	   6.5841302582570727e-01	   6.4940932282040675e-01	   7.9803276359366393e-01	   8.3768580287304495e-01	   7.0479647417452918e-01	   8.1976983415946525e-01	   7.9767387841684811e-01	   5.7824281902405905e-01	   8.1746840539485732e-01	   8.2561863655451928e-01	   4.1749908436159822e-01	   6.7128669370667182e-01	   6.6492775219632683e-01	   7.1445395114927923e-01	   2.1647727291569510e-01	   2.6798009996618410e-01	   2.0765029695670470e-01	   3.9850105667353142e-01	   3.0846088533353866e-01	   9.9464709601856605e-02	   3.3464494682018336e-01	   4.2709404289233505e-01	   4.3504306198756670e-01	   3.4245241570852708e-01	   4.4283607849555617e-01	   4.8386336925982065e-01	   4.5334942235209197e-01	   4.4155916816193536e-01	   2.2810100652497400e-01	   1.5590584476050215e-01	   4.7702154585057077e-01	   3.7478323618416409e-01	   9.1029270145927751e-02	   1.7960348247982949e-01	   3.3860555695932698e-01	   4.5855294822305709e-01	   4.0534405441432297e-01	   5.9666093558633482e-01	   3.0623552799862702e-01	   1.3423047995284995e-03	
   1.2606796167193444e+00	   0.0000000000000000e+00	   9.2679395320615954e-01	   1.0045541430882841e+00	   7.4626773319835482e-01	   7.9194563508784566e-01	   6.2060753687292536e-01	   7.4154813441486933e-01	   7.2193088798808758e-01	   7.6408620032961927e-01	   6.4118952477364854e-01	   7.7173905148739830e-01	   5.9282712509813473e-01	   7.2965621448896589e-01	   8.9045019003604531e-01	   8.7648155124402449e-01	   7.3250876694187206e-01	   7.4449248174322002e-01	   9.7839437594829037e-01	   1.0249814276682796e+00	   5.7612512391509829e-01	   5.9480460984699879e-01	   8.7060876407769372e-01	   8.5155696333979469e-01	   8.3198548363888747e-01	   8.5916002526737190e-01	   6.5399413756483493e-01	   8.4676373530717308e-01	   5.9354406555382300e-01	   6.2154331719367506e-01	   6.5965498981911441e-01	   6.4925020595541727e-01	   7.7033303364624317e-01	   8.1503447004300023e-01	   4.7300643479169791e-01	   4.2017353660933510e-01	   2.0388299659428319e-01	   1.7914581397678268e-02	   3.4661125093198991e-01	   4.2574342703544393e-01	   3.4031406532293534e-01	   1.2050750374716102e-01	   3.4760059172697239e-01	   2.6985234264542834e-01	   3.2278642086644366e-01	   2.9753996520033721e-01	   2.6694476185243488e-01	   2.2749858527644728e-01	   3.1327842687392515e-01	   4.0170586463933811e-01	   4.6186612186264808e-01	   5.4062461087457125e-01	   1.8623349266849462e-01	   2.7333349058205525e-01	   4.0922663277079740e-01	   2.7908632106905640e-01	   1.4319884156591627e+00	   1.7238185124835024e+00	   5.4748076670676693e-01	   6.6640742355245841e-01	   5.2820045293861195e-01	   6.0432215176694992e-01	   5.6306603617423190e-01	   5.2236116216289308e-01	   5.4273946290595676e-01	   4.8141094050000888e-01	   6.1629254240044040e-01	   5.4285246440249546e-01	   9.6988563015750284e-01	   7.7135429467554095e-01	   3.5098852869067582e-01	   3.9915098337669391e-01	   4.8598242928429153e-01	   5.3951517985734776e-01	   5.0375565596246807e-01	   4.1641184097294581e-01	   5.2313032656908853e-01	   6.6068603309646123e-01	   7.4846775357571427e-01	   7.0565631558640396e-01	   5.8957505365246410e-01	   6.7223474875236033e-01	   6.8850179672062295e-01	   5.0026160825412958e-01	   7.4633859005647563e-01	   7.4201433444312903e-01	   3.4997428424046639e-01	   6.8454047882044677e-01	   6.4208332763240061e-01	   7.8057829714666394e-01	   2.5915917869996929e-01	   3.8160695154626917e-01	   3.8537592753975491e-01	   6.4046035852665095e-01	   1.8632888769363143e-01	   1.2162073181602256e-01	   3.4121585225726070e-01	   3.7644725459601097e-01	   5.1211454766088682e-01	   3.8488750709321096e-01	   3.6983920578860902e-01	   4.1801070927728090e-01	   4.1690866306301222e-01	   2.8154283754688181e-01	   2.3327073077626986e-01	   2.2290020318698445e-01	   5.4572752760659715e-01	   4.0904574818946932e-01	   9.2958173611679268e-02	   1.5551335984738188e-01	   2.8255506492246618e-01	   4.7224985237797901e-01	   3.9788174459055520e-01	   5.7720745320167166e-01	   2.0107014441760757e-01	   9.5448387524112790e-03	
   9.3812866358527414e-01	   9.2679395320615954e-01	   0.0000000000000000e+00	   1.3519234792780048e+00	   7.0340552920737887e-01	   6.6134395976168747e-01	   1.3076860476285785e+00	   1.1221764342056180e+00	   7.9203123086687821e-01	   7.6856983739489559e-01	   7.8794776377135323e-01	   8.0768388017859771e-01	   7.4697399126712272e-01	   8.0713654363070730e-01	   8.5991856419623502e-01	   8.4148468191348513e-01	   6.2036611498607763e-01	   6.3183931756306655e-01	   1.0373734812217075e+00	   1.0161004354619392e+00	   6.1413692699737044e-01	   5.9662714157419372e-01	   1.2654715977502280e+00	   1.1658211385117971e+00	   9.8709161839158421e-01	   9.4713214243552091e-01	   5.8883871195303883e-01	   6.6684366727558975e-01	   5.6106480815546633e-01	   5.5809639797551447e-01	   8.7689757872816876e-01	   8.1860386271388474e-01	   1.0368694288367053e+00	   1.0740750696068926e+00	   8.1775536331628595e-01	   7.4533463122546095e-01	   4.0293881089757028e-01	   1.3854649543643149e-01	   6.5324364113404509e-01	   7.0720596574274908e-01	   5.3757718135981836e-01	   2.7996959642572838e-01	   4.7600215173966631e-01	   4.2186324147714727e-01	   4.5650039516298813e-01	   4.2635871562643646e-01	   4.0423515935963555e-01	   3.9505387431522604e-01	   4.6359158922570370e-01	   5.9161597941057176e-01	   8.8945255041503812e-01	   8.8223265175193655e-01	   4.6653483201487689e-01	   5.4290110932711122e-01	   7.2909381876833124e-01	   5.4932241405157678e-01	   7.5302022787669398e-01	   8.0888438853854694e-01	   6.6163860676348984e-01	   8.4102478634895683e-01	   6.4811772508031451e-01	   7.0767278336114392e-01	   6.3502074845335488e-01	   6.3501756053191538e-01	   6.6032893222412414e-01	   6.3648365045572830e-01	   9.5284423524162698e-01	   7.8716932550670193e-01	   1.1750164937228744e+00	   8.9025010790939518e-01	   5.1801034827302761e-01	   5.6593537778746061e-01	   5.8918072361174678e-01	   5.9318207852660987e-01	   5.8653248606518982e-01	   4.0337856215371987e-01	   6.2311342925399937e-01	   7.2279312030350207e-01	   6.7990455161859709e-01	   7.4159134049830855e-01	   6.8788446208389187e-01	   8.1311566982857908e-01	   9.6845589197580451e-01	   6.6726303565495060e-01	   1.0370200710731359e+00	   1.0267669291314818e+00	   6.2606115425613451e-01	   9.5981065074996730e-01	   8.3050235610373135e-01	   1.1588942185294089e+00	   4.2799462423539492e-01	   5.5821223373520801e-01	   4.2439692380748872e-01	   6.4817988283577321e-01	   4.1395065401746134e-01	   2.0911139385785016e-01	   4.4356403421105450e-01	   5.6292885978269303e-01	   6.1905493410287737e-01	   5.6904652655414534e-01	   4.7981830529460301e-01	   5.1545036967563496e-01	   5.2409166413127284e-01	   3.5737223571388493e-01	   3.1123644146316937e-01	   2.5883591440754905e-01	   5.6637977032214515e-01	   4.1187445988696070e-01	   8.4204832477879632e-02	   2.6667049247198316e-01	   4.4805239448970624e-01	   4.5802697061413372e-01	   5.4853512212764122e-01	   6.9816011091354191e-01	   3.1795868451654297e-01	  -1.2426230974135934e-01	
   9.0521978717099938e-01	   1.0045541430882841e+00	   1.3519234792780048e+00	   0.0000000000000000e+00	   6.9425524290370477e-01	   8.5279792754021688e-01	   1.1501973019282941e+00	   1.5998921144259688e+00	   8.7806662444005368e-01	   9.3760646416598692e-01	   7.9577046387569517e-01	   1.0335423808289281e+00	   6.9586842302683261e-01	   1.0046312309957597e+00	   8.0665147861260678e-01	   1.0021616283985151e+00	   6.9416584714416418e-01	   6.6279697722464914e-01	   1.0987252668195149e+00	   1.2417501292855262e+00	   6.0527730339195907e-01	   6.5977110158546093e-01	   1.1359750586840127e+00	   1.4620290820715236e+00	   8.5652812398167333e-01	   1.1069926175905072e+00	   5.8449218270931225e-01	   7.5084430091038523e-01	   5.8611336838431960e-01	   6.1076611239210910e-01	   9.1270991643805788e-01	   9.7791997501312777e-01	   1.0291969824774116e+00	   1.1933623489550891e+00	   6.8683159947259775e-01	   7.7640214095833926e-01	   2.7737605525201886e-01	   3.0186269144634514e-02	   5.3274995371846678e-01	   6.0555438309830190e-01	   4.8509720819546337e-01	   2.2443999579608687e-01	   3.6163863478461472e-01	   3.1959057527154627e-01	   3.6023481765193016e-01	   3.6087436621634089e-01	   3.1220080429741548e-01	   2.9826750647396760e-01	   3.8543172604686404e-01	   5.5223235829430029e-01	   7.5870052916498165e-01	   8.9595932782099097e-01	   3.7681227265316425e-01	   4.1375925237755584e-01	   6.1555328772883944e-01	   4.8916477993780133e-01	   7.6730824034675882e-01	   8.0202020860048606e-01	   5.9678752092972132e-01	   8.4327977200449378e-01	   6.8616736012621771e-01	   8.9510573221877177e-01	   6.9041440740568261e-01	   6.9345221112124256e-01	   7.5155059801058133e-01	   9.1605339291129895e-01	   8.5124002923036990e-01	   9.0402933779882699e-01	   1.0462805917004949e+00	   9.3481308519318451e-01	   5.0111967447133121e-01	   5.9151620878763866e-01	   6.5177702108828672e-01	   7.1699345697064321e-01	   6.3008277871208862e-01	   5.2647404658481256e-01	   6.3225772934800462e-01	   7.7354448531622266e-01	   7.9298193653528937e-01	   7.8022212822257653e-01	   7.8475676495802749e-01	   9.0734813063616648e-01	   9.3120867813087727e-01	   6.3688041809781537e-01	   1.0042516241577852e+00	   1.3292102484345616e+00	   5.9252083790583532e-01	   1.0378703256231756e+00	   8.0458831821819909e-01	   1.1271319253209466e+00	   3.3933983236190279e-01	   4.2882136463871756e-01	   3.8272862654860307e-01	   5.1241658825592229e-01	   2.7844610669384540e-01	   1.8615333565222364e-01	   3.1891294090834155e-01	   4.8640324284987635e-01	   5.3116525779584300e-01	   4.4850778930850377e-01	   4.2361493354172819e-01	   4.2672634024412692e-01	   4.0905060710053365e-01	   2.6255753517606389e-01	   2.5955332860191727e-01	   1.4173914139457819e-01	   5.9682981415999559e-01	   4.0784034551114523e-01	   8.3050425508164882e-03	   1.5789043030694680e-01	   3.3916656843896087e-01	   3.5529881265414032e-01	   4.0918809876453294e-01	   5.6628606821702199e-01	   1.7818563093095036e-01	  -1.6821612848704820e-01	
   6.6210590829006610e-01	   7.4626773319835482e-01	   7.0340552920737887e-01	   6.9425524290370477e-01	   0.0000000000000000e+00	   1.4384032304216450e+00	   7.0339491160606082e-01	   7.5017512069993530e-01	   1.2192863721401024e+00	   1.0676103705760553e+00	   6.0734623374451802e-01	   7.9949463441086266e-01	   7.0514297648635804e-01	   7.6575319196439495e-01	   7.9754776638820868e-01	   7.7819665600965970e-01	   5.4098050150776555e-01	   5.8965351387944875e-01	   6.0152983421918649e-01	   6.1103267588188992e-01	   6.9026872498955638e-01	   7.3489881728516759e-01	   8.3921085045916266e-01	   7.3033689873986218e-01	   8.3002672662140786e-01	   8.0312386991947815e-01	   3.9581634722153203e-01	   5.6609291630799552e-01	   4.7448389662093637e-01	   5.2193580673798257e-01	   4.6388751164835929e-01	   5.1699409247966277e-01	   5.6545884070532826e-01	   6.1370130206614060e-01	   4.0600618335854860e-01	   3.7661379164253245e-01	  -8.1372105870499249e-03	  -8.2850305594681067e-02	   2.0056575153963502e-01	   2.8545809731997429e-01	   1.9166828468246658e-01	   7.2070751754389978e-03	   1.4745895110653862e-01	   8.3728807053272375e-02	   1.7005152943854010e-01	   1.8378348609450382e-01	   8.6826309611005958e-02	   4.5407215524704524e-02	   2.1635765897302886e-01	   3.5971814332807917e-01	   4.2556880092266491e-01	   4.5940151522031281e-01	   5.9814202479790239e-02	   2.8588863084896093e-01	   1.5910777723636080e-01	   1.1655696333175383e-01	   6.7994256665448416e-01	   6.5359475493580632e-01	   2.7750672125593312e-01	   4.2000691033054471e-01	   5.7247660818843427e-01	   6.0099037353471085e-01	   5.4139071001467176e-01	   4.8478946971551784e-01	   7.7503426895769778e-01	   6.3960132084027843e-01	   3.7887944898404835e-01	   3.7042637451847671e-01	   6.8410139585758167e-01	   4.8116534550876522e-01	   5.4560112566873564e-01	   5.8151964221777475e-01	   4.3100688600473769e-01	   5.9855667573989291e-01	   4.7710642475365522e-01	   5.0117002697875790e-01	   3.9824825297831129e-01	   5.8217840335177251e-01	   4.9065668316171340e-01	   5.4421300104005366e-01	   4.0657514098888231e-01	   6.0440136459507776e-01	   6.7564437968972924e-01	   3.6527488296478205e-01	   5.7974256024702597e-01	   6.4994436006642098e-01	   2.6312885863221436e-01	   4.7193806889544049e-01	   3.7168859418574773e-01	   5.4196638893145854e-01	  -2.0653043933836584e-02	   1.8133882004616741e-01	   2.0953486543365951e-01	   5.0538224759481198e-01	   1.1179362616650869e-01	  -1.8251637592412778e-01	   1.8015244816522492e-02	   1.2370363622334937e-01	   1.3939663466056668e-01	   1.2356912713336705e-01	   1.2563683294432909e-01	   2.8553968669299934e-01	   3.9343803776601939e-02	   1.7282430563700307e-02	  -1.2515895692275069e-03	   7.6759618361953219e-02	   1.0587992398711689e-01	   1.9426825758648150e-02	  -3.1577288003911505e-02	   4.2342466347394629e-02	   8.2653417494906803e-02	   1.7021469079601911e-01	   1.9172512478262588e-01	   2.8085862080877066e-01	   1.3653666169849338e-01	  -1.6981194435251071e-01	
   7.3148637486812784e-01	   7.9194563508784566e-01	   6.6134395976168747e-01	   8.5279792754021688e-01	   1.4384032304216450e+00	   0.0000000000000000e+00	   6.7255306825932404e-01	   8.7130789427566402e-01	   1.2586297619097291e+00	   1.5565413991039894e+00	   5.1454059501836957e-01	   7.7390094605333681e-01	   5.5163887527433986e-01	   7.5650181310983922e-01	   7.2436992126343713e-01	   8.2762760827153337e-01	   5.6841489559950897e-01	   5.5281539736672858e-01	   5.9506045705022004e-01	   6.5652138831993501e-01	   7.6573352967887143e-01	   8.9622198169617084e-01	   7.3998689384407690e-01	   8.0552672128865588e-01	   8.1167105278968132e-01	   8.7700883670942620e-01	   5.2007535230245949e-01	   7.9096357552666241e-01	   4.2688743409108088e-01	   4.9509348118126284e-01	   4.7217180858774283e-01	   5.3354771175404081e-01	   5.8959827064647130e-01	   6.7665357890741207e-01	   3.9715260553778509e-01	   4.0022061772922368e-01	  -8.3322404810981576e-02	  -1.9142007056714244e-01	   1.4612356465947773e-01	   2.5432291249657230e-01	   1.2854247449344988e-01	  -4.8187728919138625e-02	   6.3523219320034477e-02	   3.0803486143314764e-03	   8.7543961260419439e-02	   1.0408716263253909e-01	  -9.7495287183389442e-03	  -3.9575574614616804e-02	   1.3437344971769594e-01	   2.6746049404183253e-01	   3.5859266578550164e-01	   4.6362441498674573e-01	  -3.2205395263947119e-02	   1.5447131681501841e-01	   1.2035162809197611e-01	   5.0004052922627669e-02	   7.5750834940432954e-01	   7.0015593274538390e-01	   2.8671730587761068e-01	   4.4863376178225250e-01	   5.3461398804783145e-01	   6.3644916161178755e-01	   5.1257006633514202e-01	   4.8633648943601310e-01	   7.5243529659719233e-01	   7.3080858726160935e-01	   3.6601324569287835e-01	   4.1006701746140617e-01	   7.0552473843467689e-01	   5.0111287455653009e-01	   4.3864442358420852e-01	   4.9930213856691152e-01	   4.0500985468666101e-01	   5.5788876730329728e-01	   4.2550560569892421e-01	   4.7551613795627257e-01	   3.1115609016258067e-01	   4.7643931165247994e-01	   5.8903213753003814e-01	   5.8576861348658504e-01	   4.7496374129285379e-01	   6.1150613224829065e-01	   6.4067515977999290e-01	   3.3381301889131393e-01	   5.2475110054088137e-01	   6.9963560686921056e-01	   2.3221886604709496e-01	   4.9884510466253418e-01	   3.3951029065842581e-01	   5.2485937839763053e-01	  -5.5161380037478523e-02	   1.3507579967797231e-01	   1.9255187449493258e-01	   4.6075441391318450e-01	   6.9167714827469209e-02	  -3.9576641977396847e-02	  -3.4386419403187887e-02	   1.1498964710595572e-01	   9.5939963405982223e-02	   4.7165658322566945e-02	   1.2006612022081911e-01	   2.4934667560930041e-01	   4.8032825908656332e-02	   1.9379956892150045e-02	   6.1849250284466192e-03	   4.4528972375519678e-02	   1.9195683830511637e-01	   8.4098826559461742e-02	   3.0476766704124452e-02	  -2.8892831332664611e-03	   2.5780572059443108e-02	   9.1436800600903645e-02	   9.3354930914667011e-02	   2.7240585639931014e-01	   1.1553713931993816e-01	  -7.0159135379440407e-02	
   7.1474253752098005e-01	   6.2060753687292536e-01	   1.3076860476285785e+00	   1.1501973019282941e+00	   7.0339491160606082e-01	   6.7255306825932404e-01	   0.0000000000000000e+00	   1.6192128185052688e+00	   9.8495562059371555e-01	   7.8912951048866475e-01	   9.4354691567866367e-01	   1.1501670585475818e+00	   9.6376623635895209e-01	   1.0325389116494814e+00	   7.1589599035477458e-01	   8.2833527484720626e-01	   5.6091844787234413e-01	   6.1463137348570229e-01	   8.6667241638886972e-01	   9.3642665410203096e-01	   5.6796635062317558e-01	   5.5444203942700399e-01	   1.0349547962831949e+00	   1.0448279708079009e+00	   6.7258196915264623e-01	   7.8501503164612740e-01	   3.4850436988520883e-01	   4.5589284078405257e-01	   5.9993338487962211e-01	   6.0678020556118684e-01	   9.4477118206262900e-01	   9.8121876191022372e-01	   1.1370092421541669e+00	   1.2061955999205658e+00	   6.4708622739100763e-01	   7.2538289369427578e-01	   3.5474821002901707e-01	   7.1099508120336330e-02	   6.8703479780332621e-01	   6.4963805874473779e-01	   5.6528888191781279e-01	   2.9735177137931001e-01	   3.3884430092189916e-01	   2.9727659017921487e-01	   3.4336560623046081e-01	   3.4045097045282474e-01	   2.9554238734338700e-01	   2.8600129321274648e-01	   3.8630952198344748e-01	   5.3441751384533176e-01	   9.2178252724408638e-01	   8.0634346900622866e-01	   5.0375626365794668e-01	   4.8826128494372911e-01	   7.0732126027024567e-01	   5.0829214330409700e-01	   5.0172345789704709e-01	   5.4884459884929859e-01	   6.0521328395152219e-01	   8.4253416796250036e-01	   1.0550429287391685e+00	   1.0909462550840900e+00	   9.2373594054848329e-01	   9.9523287564766361e-01	   8.2517804071053247e-01	   1.0071130663879531e+00	   9.4125546207835298e-01	   8.9461656449450877e-01	   1.0194532430989987e+00	   9.4603068134197921e-01	   5.5081049905532575e-01	   6.4474124813617595e-01	   6.4169474925793224e-01	   6.6266372337532309e-01	   6.2087408946657696e-01	   5.2772648363107710e-01	   6.1098942012402180e-01	   6.8941801614618647e-01	   6.2871710947898929e-01	   7.5112976865950432e-01	   7.0964721446916468e-01	   9.5097207890961721e-01	   8.8708099670268503e-01	   6.2432593539077141e-01	   9.7122346047689923e-01	   1.1661733065284992e+00	   5.0655316964564057e-01	   7.6469175061480044e-01	   8.3362805718579214e-01	   1.0254217861899058e+00	   4.3742625079874697e-01	   4.9718433454793287e-01	   3.5162555235161663e-01	   4.7659782348580015e-01	   4.1980871983762047e-01	   1.7616510542777733e-01	   3.4513068398438379e-01	   4.7139466091994220e-01	   5.0755648276779253e-01	   4.4879401247563594e-01	   5.3439427715307353e-01	   5.5646479418929429e-01	   4.3793383141448600e-01	   3.1477907758783652e-01	   2.8416339558300763e-01	   1.8487278779702759e-01	   4.2810681791413452e-01	   3.1703083222744616e-01	   8.0801043119201693e-02	   2.5318837125205240e-01	   3.6194802976223045e-01	   2.8868461320021976e-01	   4.3077531148531611e-01	   5.8217957160096490e-01	   2.8522611870592179e-01	  -1.4127066920579906e-01	
   7.3056942978465766e-01	   7.4154813441486933e-01	   1.1221764342056180e+00	   1.5998921144259688e+00	   7.5017512069993530e-01	   8.7130789427566402e-01	   1.6192128185052688e+00	   0.0000000000000000e+00	   1.0390054038553069e+00	   1.0142002216381554e+00	   9.1565588161444367e-01	   1.3547553427094219e+00	   9.1195137048527175e-01	   1.2802817017667369e+00	   7.6416383146607847e-01	   1.0278979597051685e+00	   6.8203276217207709e-01	   7.0510303669707863e-01	   9.5807420723663239e-01	   1.1133817384175511e+00	   5.8948685726186434e-01	   6.4218868852023947e-01	   1.1100247230664610e+00	   1.3935155464336615e+00	   6.8962386729004732e-01	   9.2593090215188156e-01	   4.1368356244683707e-01	   5.5111938058892940e-01	   6.6196890125629804e-01	   7.1068867966819194e-01	   9.6696015769438204e-01	   1.0734306610731481e+00	   1.1289774105071850e+00	   1.2989019647316227e+00	   6.3038463851874893e-01	   7.8583216985034887e-01	   2.5113816748203682e-01	   3.1719902710639910e-04	   5.4812644025317359e-01	   5.8927865427210524e-01	   5.0695901341807015e-01	   2.4541418011193933e-01	   2.9690569630298563e-01	   2.6112186177393804e-01	   3.1661299519690095e-01	   3.3159555509404465e-01	   2.6257552693286723e-01	   2.5735304361158939e-01	   3.3793654373011067e-01	   5.2301403806099589e-01	   7.9155686272555359e-01	   8.4185265663140663e-01	   3.8416403136133437e-01	   4.0250149478078318e-01	   5.7489975579981711e-01	   4.3871159168976170e-01	   5.8082336060489148e-01	   6.2209708407479880e-01	   5.4810868531892143e-01	   8.6538036744206670e-01	   9.4669182577912192e-01	   1.1656452655880427e+00	   9.2190009351074520e-01	   9.6895297219083065e-01	   9.0283607633954654e-01	   1.2777602524818199e+00	   8.6120324153751437e-01	   9.6286234724045483e-01	   9.8738576560037383e-01	   9.7638214771426246e-01	   5.0905029417144454e-01	   6.3663756952995942e-01	   6.5001896563336303e-01	   7.3969196632422973e-01	   6.2908515995333636e-01	   5.8246219022494516e-01	   6.1838847517402207e-01	   7.6154402917392527e-01	   7.7290645043541062e-01	   8.2177390814885409e-01	   7.9989485125831084e-01	   1.0095614860427791e+00	   9.2505592215715471e-01	   6.5912892580983218e-01	   9.9682394217146852e-01	   1.4078232014991829e+00	   4.7596570051857318e-01	   8.8507493884721999e-01	   8.2893335689973480e-01	   1.0419836043909352e+00	   3.9659300743107889e-01	   4.6123620021287048e-01	   4.3242478771318948e-01	   5.2199530161418861e-01	   3.0891922307629915e-01	   1.4930665120686029e-01	   2.8878880420524200e-01	   4.4077025532220504e-01	   4.8921367391367288e-01	   4.0091830325355221e-01	   5.0313352623151641e-01	   4.9773019595752865e-01	   3.9597358351527728e-01	   2.4848195116130128e-01	   2.9927329010033987e-01	   1.8283117965296106e-01	   5.0396016624830176e-01	   3.5078015768333487e-01	   5.1829276879856188e-02	   2.0821791666640430e-01	   3.3501167878675459e-01	   2.7549547532560370e-01	   3.7531183720191347e-01	   5.6215646604539904e-01	   2.3366631082026385e-01	  -1.6564498495699309e-01	
   7.2725335946797098e-01	   7.2193088798808758e-01	   7.9203123086687821e-01	   8.7806662444005368e-01	   1.2192863721401024e+00	   1.2586297619097291e+00	   9.8495562059371555e-01	   1.0390054038553069e+00	   0.0000000000000000e+00	   1.3622039479861046e+00	   6.7393094402597276e-01	   9.2679283473834573e-01	   8.2644597033962452e-01	   9.1315719312309285e-01	   8.5210249557467210e-01	   9.3544288708778789e-01	   4.9967350116254750e-01	   5.9385885927821791e-01	   7.2668294146735235e-01	   7.9715123387030240e-01	   6.3378948234081189e-01	   6.6727947129702936e-01	   9.3722818976335776e-01	   9.6798432626329078e-01	   7.1260779946671282e-01	   8.5712046257969732e-01	   4.6551913667497069e-01	   6.8152433170020643e-01	   4.3629867630348357e-01	   4.7317788192294907e-01	   6.8461586636558769e-01	   7.5528297084424545e-01	   7.3555003637628158e-01	   7.9828130268044051e-01	   4.7936854820563135e-01	   5.0372155123917306e-01	   1.2151165957711756e-01	  -4.9354890144226365e-02	   3.9912567175086211e-01	   4.0464542316009239e-01	   3.1188703924926947e-01	   9.3078331503730669e-02	   1.1149216265511619e-01	   4.3405885071021826e-02	   8.2824132779002496e-02	   1.2139843932758636e-01	   8.0735864609568705e-02	   4.7504116829030697e-02	   2.2124108396366277e-01	   3.9871725557285187e-01	   5.0614130377095146e-01	   5.7318258266867772e-01	   1.6620647111035164e-01	   3.8663160863121582e-01	   2.9164520574522235e-01	   2.0745239729346907e-01	   6.4322767022134464e-01	   6.6089857489536386e-01	   3.3567412017604398e-01	   6.1295512232164562e-01	   7.8826787318458447e-01	   9.1266209136608079e-01	   6.7160405579797611e-01	   6.7191241578273386e-01	   1.1328437118486450e+00	   1.0351719144949245e+00	   4.3533465177050995e-01	   4.5331540286127142e-01	   8.9231630959385022e-01	   6.4489761581427940e-01	   4.9576403847806028e-01	   5.6180403563188874e-01	   4.9765197900237090e-01	   5.9498556105349842e-01	   5.5604478829421189e-01	   5.7440652843905715e-01	   3.9983287109931814e-01	   4.9731671115251885e-01	   5.6554454016297739e-01	   6.9009131347705244e-01	   5.1733417400294801e-01	   7.4349892235980264e-01	   6.5915288236773373e-01	   3.9661958976847661e-01	   7.5713518361500298e-01	   8.3205708633319886e-01	   4.0021676349765911e-01	   6.2144952129705444e-01	   6.2611084599254974e-01	   7.4042522504861596e-01	   1.6068612118305500e-01	   3.3358530927386665e-01	   2.6591613642542083e-01	   5.1864916735359079e-01	   1.7217297877704685e-01	  -6.4627215578620445e-02	   5.1222970254425251e-02	   1.9550788464779267e-01	   2.0698774498894562e-01	   1.9798498326072317e-01	   2.1274123962405742e-01	   3.2886530515241652e-01	   1.2562487724972771e-01	   9.9997461874771904e-02	   4.7763268345764831e-02	   6.4311810996466698e-02	   2.5292323865861643e-01	   1.7089486645541188e-01	  -3.0691697277862820e-02	   7.7769023049866770e-02	   1.1402901669707885e-01	   1.4888225034018723e-01	   2.5756042321445372e-01	   3.5951213243853147e-01	   1.6084850227165620e-01	  -1.1602527742041335e-01	
   7.2496837174750972e-01	   7.6408620032961927e-01	   7.6856983739489559e-01	   9.3760646416598692e-01	   1.0676103705760553e+00	   1.5565413991039894e+00	   7.8912951048866475e-01	   1.0142002216381554e+00	   1.3622039479861046e+00	   0.0000000000000000e+00	   5.3980934590628737e-01	   7.7995793993058848e-01	   6.0616383406574892e-01	   8.5611993807473286e-01	   7.9185721181548629e-01	   9.8092373168117519e-01	   5.9177088464883776e-01	   6.0303702162809658e-01	   6.7916847388934831e-01	   7.3213022036156050e-01	   6.4035928938454445e-01	   7.5357267311123055e-01	   8.5407933536243230e-01	   9.7845465159914258e-01	   7.2877630332254473e-01	   8.3967071094301660e-01	   5.2836214625105460e-01	   7.1176326423578651e-01	   4.6924068579900935e-01	   5.3311449110867215e-01	   5.7261549607742701e-01	   6.1882444610968079e-01	   6.3945087328589734e-01	   7.1575543267886133e-01	   4.2933477631097328e-01	   4.3337930981005518e-01	   4.7141110083031589e-02	  -1.1970894510979331e-01	   2.5025673459147202e-01	   3.3292252695044705e-01	   2.3309781115528308e-01	   4.8463330496401016e-02	   1.4092743416569833e-01	   8.0616274091021983e-02	   1.1807791569835267e-01	   1.5305144564120787e-01	   9.1488764883185789e-02	   6.1781413609159910e-02	   1.9638292403150936e-01	   3.3643122543181608e-01	   4.5599924982130108e-01	   5.7626751756424621e-01	   7.6321280884113885e-02	   2.8381340323547599e-01	   2.2926604109825349e-01	   1.4571208858713713e-01	   7.2577583930772493e-01	   7.2735173571428335e-01	   2.8447553784069818e-01	   5.3732640710515367e-01	   5.1287089667296737e-01	   6.7542840542575633e-01	   5.5136417000055271e-01	   5.5546245747756340e-01	   7.9148500193678140e-01	   8.2389637296252549e-01	   3.7713623547753261e-01	   4.1828104275735389e-01	   7.8632944141589678e-01	   6.0001048909516397e-01	   3.7310028425610875e-01	   4.7142101575594497e-01	   4.1339303803517136e-01	   5.5133360054532854e-01	   4.6977968517788360e-01	   4.7937844748432951e-01	   3.4036789019426805e-01	   4.6955982109460292e-01	   6.4753596498139521e-01	   6.4658401242864949e-01	   5.4657650516557899e-01	   6.7372529802809189e-01	   6.7374436611259314e-01	   4.1151711108786171e-01	   6.7316365466632655e-01	   7.9877340116028972e-01	   3.4873484616528150e-01	   6.3583819797191354e-01	   5.2487641928083395e-01	   6.8644011060934884e-01	   1.1171716358108860e-01	   2.8087755967735895e-01	   3.2963331711753840e-01	   5.5604885413767702e-01	   1.1491263955439711e-01	  -2.7905897157211281e-02	   4.7757709601737267e-02	   1.7893927482274885e-01	   2.0987389588519129e-01	   1.5793991747091124e-01	   1.9330592763973123e-01	   3.0319510399270028e-01	   1.3589389969475463e-01	   8.0905296800825310e-02	   1.5221201721000759e-02	   5.7396751294211110e-02	   3.3117090267804217e-01	   2.4045647124412745e-01	   2.4240845793452825e-02	   6.4307926872365348e-02	   1.1526050233709004e-01	   1.3659045171281142e-01	   2.0224598037292296e-01	   3.3450716492295635e-01	   1.1966667124326905e-01	  -1.1340219883665713e-01	
   8.1036872635788404e-01	   6.4118952477364854e-01	   7.8794776377135323e-01	   7.9577046387569517e-01	   6.0734623374451802e-01	   5.1454059501836957e-01	   9.4354691567866367e-01	   9.1565588161444367e-01	   6.7393094402597276e-01	   5.3980934590628737e-01	   0.0000000000000000e+00	   1.3343843955967061e+00	   1.4048722096348376e+00	   1.1025907248451976e+00	   1.1528148132556912e+00	   1.0927738891369052e+00	   1.0005592918892550e+00	   9.3600621733533362e-01	   1.0722527917551097e+00	   1.0300243201487118e+00	   3.9732974678798927e-01	   3.7216241629099112e-01	   8.3695706363748035e-01	   7.9286479376778252e-01	   4.1981357159072896e-01	   5.3067408172197184e-01	   4.0670173845569635e-01	   4.6413401544193672e-01	   1.1039470124357267e+00	   9.5669957183964560e-01	   8.2612091230579066e-01	   8.3499740468871142e-01	   1.2642895462467587e+00	   1.1840820862629022e+00	   4.6550956201686278e-01	   5.9242423724201410e-01	   5.3525816906407953e-01	   2.4779777075726708e-01	   7.6798343555446436e-01	   7.2741598817534003e-01	   8.9255960001996915e-01	   5.1033557008493180e-01	   6.6061109876714352e-01	   5.8657259790180194e-01	   5.5729374985841107e-01	   6.1263357876718816e-01	   6.3718712299698244e-01	   5.8283761004283696e-01	   6.0049727771761940e-01	   6.1917859630681560e-01	   7.2940657699337175e-01	   6.8719761747020114e-01	   4.9681033281701970e-01	   3.5611742946419106e-01	   8.1004331326472379e-01	   6.7485276395349125e-01	   5.8899192600026962e-01	   5.3822188976521002e-01	   7.3018757722789540e-01	   7.5863983903232790e-01	   9.3889653252957150e-01	   9.0647068972804357e-01	   1.4523392053952777e+00	   1.1252944857408829e+00	   4.7794794546185315e-01	   6.3579291170442909e-01	   8.7638027700047405e-01	   8.3065521391621933e-01	   9.5094208947293368e-01	   9.6111896291843157e-01	   4.4248606017641690e-01	   6.4866032174280219e-01	   8.7775855924944923e-01	   9.0877439796737070e-01	   7.9538084615436289e-01	   6.7081126166631033e-01	   1.0341428879697272e+00	   9.8738246396773421e-01	   7.9251976424958426e-01	   9.6585689009288722e-01	   1.0385979622639250e+00	   1.2494231921850776e+00	   1.1177551101778198e+00	   8.8450608307969625e-01	   1.0777233697860285e+00	   1.0675325216734817e+00	   5.5240765788492641e-01	   7.4555030078112650e-01	   8.4694132307698844e-01	   9.0842839119909413e-01	   4.8580111470955345e-01	   4.4988945918126350e-01	   2.1501920154150392e-01	   2.7687660436245576e-01	   5.5064746600055237e-01	   7.4194810128596092e-02	   6.2673700961467727e-01	   7.7148650668468466e-01	   7.2486578661945256e-01	   6.2955263930056948e-01	   4.9202053942218554e-01	   5.8624866466966985e-01	   4.8413065165502317e-01	   4.7513789751208746e-01	   3.7543118813353271e-01	   2.3353285840510157e-01	   3.9456854503469585e-01	   3.2310659054820340e-01	   6.3250803799504166e-02	   5.5262540036279773e-01	   6.7639197025755937e-01	   6.3367732594484005e-01	   6.0940773252248703e-01	   7.0559653932567612e-01	   4.5217034574960335e-01	  -1.1409000656959664e-01	
   7.8465636932608618e-01	   7.7173905148739830e-01	   8.0768388017859771e-01	   1.0335423808289281e+00	   7.9949463441086266e-01	   7.7390094605333681e-01	   1.1501670585475818e+00	   1.3547553427094219e+00	   9.2679283473834573e-01	   7.7995793993058848e-01	   1.3343843955967061e+00	   0.0000000000000000e+00	   1.2867709449157161e+00	   1.7718504612735460e+00	   9.8903344080391564e-01	   1.2438052181359152e+00	   8.8503793177588652e-01	   9.7069729893936163e-01	   1.0119204459254385e+00	   1.1277876573568348e+00	   5.5454418886555112e-01	   5.6306374276746141e-01	   1.0219308432390835e+00	   1.0788584950943059e+00	   5.4540998896490822e-01	   7.5816578358789855e-01	   3.8853770159606726e-01	   5.1264160374338941e-01	   9.8721806260354428e-01	   1.0525320874790480e+00	   9.8823424272601035e-01	   1.1379444944128605e+00	   1.2109838007194844e+00	   1.3269236173728074e+00	   5.1966614145799728e-01	   6.6583682720288373e-01	   3.0760597092768688e-01	   7.4208003262408437e-02	   5.7618347759056254e-01	   5.6230243631362775e-01	   6.3519310871953405e-01	   3.1636424309286271e-01	   3.7433741884072236e-01	   3.3747868436494260e-01	   3.7366241014619339e-01	   3.9368255511535738e-01	   3.5413330209445310e-01	   3.2699110060056702e-01	   3.7290646311511461e-01	   4.9183625612676335e-01	   6.7618787890657239e-01	   6.5150793670268825e-01	   3.5302749595393335e-01	   3.0168054386845344e-01	   5.9967001106256812e-01	   4.3010702199378903e-01	   6.5201537636409101e-01	   6.5220411102146936e-01	   5.2285923549367297e-01	   7.0972474534793795e-01	   1.0440109857105893e+00	   1.1290069722508027e+00	   1.3496346038256968e+00	   1.2020679977411828e+00	   7.9594422001940512e-01	   1.0452825651676922e+00	   7.8967661152133006e-01	   8.2137679351566328e-01	   9.5143183033704781e-01	   1.0020962084838634e+00	   6.0798134356906108e-01	   7.6972376993774416e-01	   8.1830790136621290e-01	   9.6716325626707533e-01	   8.0412613107800457e-01	   7.9065785367331298e-01	   8.5580369832920822e-01	   1.0256338172645461e+00	   9.0268596217744834e-01	   1.0259023724984648e+00	   9.5417171515188226e-01	   1.2968246866236068e+00	   1.0215382129011155e+00	   7.7291717233607049e-01	   1.0487400578874058e+00	   1.3406125142119996e+00	   4.1256770631640766e-01	   7.5670079978934723e-01	   7.8923136939826211e-01	   8.5762077830409011e-01	   3.4234927582584673e-01	   3.7762305826959691e-01	   3.0424417758308298e-01	   3.9166731701224650e-01	   3.9171427467335773e-01	   7.6942741881063204e-02	   3.8407686202930630e-01	   4.8952108559315999e-01	   5.1037087542365767e-01	   4.0969825847485680e-01	   4.7946280291444843e-01	   5.2834604903940252e-01	   3.6704738500002188e-01	   3.3098112814812031e-01	   3.2686434593318164e-01	   2.5772787392161473e-01	   4.0099157101080024e-01	   2.8665471367033812e-01	   3.0020743472949338e-02	   3.5727376054439891e-01	   4.0990021588637465e-01	   3.9955437321286758e-01	   3.9880035394603414e-01	   6.0486553961000955e-01	   3.5508347873693419e-01	  -9.3554774751838571e-02	
   7.1878296241281847e-01	   5.9282712509813473e-01	   7.4697399126712272e-01	   6.9586842302683261e-01	   7.0514297648635804e-01	   5.5163887527433986e-01	   9.6376623635895209e-01	   9.1195137048527175e-01	   8.2644597033962452e-01	   6.0616383406574892e-01	   1.4048722096348376e+00	   1.2867709449157161e+00	   0.0000000000000000e+00	   1.2581620256716441e+00	   1.1665703685094233e+00	   1.0649342687062260e+00	   6.7790152250204772e-01	   7.6748067036798018e-01	   8.7629373267700195e-01	   8.8574061971665263e-01	   4.0400951948337216e-01	   3.8716179787424521e-01	   9.7125920089398265e-01	   8.6544538032611107e-01	   4.2809615459433226e-01	   5.2860012580332238e-01	   3.4480154293066062e-01	   3.9737520134066917e-01	   9.1631952349087609e-01	   8.5861830374437376e-01	   8.3227335266579339e-01	   8.5315640830463657e-01	   1.0649189780050301e+00	   1.0328272727813359e+00	   4.7148087673599981e-01	   5.3373848026546877e-01	   3.9055748973126786e-01	   1.4735113643110653e-01	   6.2505471838012816e-01	   5.5747971954625475e-01	   6.7066059197331473e-01	   3.4143548039414223e-01	   3.7559003004543989e-01	   3.1996202496140719e-01	   3.2851295893057980e-01	   3.6230792586553001e-01	   3.6686004159265767e-01	   3.2704969597635292e-01	   3.6393115140696114e-01	   4.4333120451404839e-01	   5.9728826791019662e-01	   5.3801083537280259e-01	   2.9800369354065059e-01	   3.2109618024609787e-01	   5.4982881004301398e-01	   4.0191446633041805e-01	   5.0565095516389880e-01	   5.2496370139425985e-01	   5.1942224724215980e-01	   6.5234743409261875e-01	   9.4624101532857618e-01	   8.5324171342441590e-01	   1.2255907968825770e+00	   1.0332378754763674e+00	   6.8713603686485769e-01	   7.5572080516874784e-01	   6.8027858501615124e-01	   6.1118349847789888e-01	   8.7474225210884737e-01	   8.5504860970772401e-01	   4.4586152151257036e-01	   5.7331514232824821e-01	   6.7306918146121708e-01	   7.3642202546072355e-01	   6.8334578378532429e-01	   5.8240472759482531e-01	   7.6588107254289417e-01	   7.9643975645789289e-01	   6.4292569541987055e-01	   8.4136412635346891e-01	   7.0973838826795776e-01	   9.6646105872937138e-01	   9.0213056593625085e-01	   7.1648267206479155e-01	   9.7303079634611822e-01	   9.4044812961011282e-01	   4.3777344824690390e-01	   6.1462448844716755e-01	   8.0300507713680447e-01	   7.4051707797909827e-01	   3.7307411501216209e-01	   4.3284036309480833e-01	   2.8011451405542404e-01	   4.1664298197237182e-01	   4.6344572452451516e-01	   6.1230898509761551e-02	   4.0464747792634981e-01	   4.8550913534081863e-01	   4.6821147179705080e-01	   4.0011849746854922e-01	   4.2445985400056768e-01	   5.3986739465865785e-01	   3.4913152870267772e-01	   3.4341093670631073e-01	   3.3669868726808166e-01	   2.7712179143871840e-01	   3.6559878710257865e-01	   3.3559065429356577e-01	   1.1612918371099992e-01	   4.8059533308316948e-01	   4.3226909259415641e-01	   3.9896901647326488e-01	   4.4595210981423483e-01	   5.7528321480824396e-01	   4.5795288056212841e-01	  -4.4064024177767509e-02	
