   0.0000000000000000e+00	   1.0645945284457423e+00	   3.5823573625214317e-03	  -2.1242429503887317e-01	   1.1974299358109958e-01	   7.3859814842070414e-03	   9.1299654786826959e-02	  -2.1707452958546164e-01	   4.6941813934153198e-02	   9.4796355401327720e-02	   7.4003590076020320e-01	   4.2873310126396225e-01	   4.1895175812493901e-01	   2.2571113999197562e-01	   7.0706196968068777e-02	   1.1693169782239969e-01	   6.6816842499468154e-01	   6.2482189763537710e-01	   4.4754410866247607e-01	   5.1189382958411478e-01	   8.9863477876082051e-02	   1.4144047905710336e-01	  -2.0382303926381679e-01	  -2.7413150370470918e-01	  -2.4763684152008558e-01	  -3.6947409184460561e-01	  -9.6704006278350019e-03	  -8.2069332626584807e-02	   4.5617977706162116e-01	   3.6485211845944665e-01	  -1.7108417792237265e-01	  -1.7303553995523230e-01	   6.3542277085387872e-02	  -1.8329878154012918e-02	  -4.1329938764747232e-01	  -4.4664152918868549e-01	  -5.4264918638522501e-02	  -1.1627463123719442e-01	  -4.6562983367203888e-02	  -9.2115936105933039e-03	   1.9963154303552241e-01	   1.7885417999271784e-02	   2.4017982776570987e-01	   3.0544674441308106e-01	   3.9001148485171255e-01	   2.7003706404890793e-01	   2.6246135495160428e-01	   1.3713322069400280e-01	   7.3195989575002240e-01	   5.6028134310168876e-01	   5.6035755021410982e-01	   5.7397431833469092e-01	   5.8178872115386748e-01	   5.2979946532562605e-01	   3.8562229094914241e-01	   3.1379732992463011e-01	   1.4146179548706077e+00	   1.0020868869721982e+00	   6.5839652087979539e-01	   2.0772986822907849e-01	   3.2894353323650161e-01	  -3.4179691759297592e-01	   8.2889248344688871e-01	   6.2062270144351794e-01	  -2.2335150385073343e-01	  -3.6153652199298142e-01	   1.1305173582670809e-01	  -1.4515728686162363e-01	   5.7717913996903392e-01	   2.5233917311018994e-01	  -6.4864742858770544e-02	   1.2847418356898373e-02	   1.9652435749838038e-01	   1.8634141569893678e-01	   3.8130495341104947e-01	   3.0308726726937996e-01	   2.6329553755799051e-01	   1.0251313766064499e-01	   3.8880329399158942e-01	   4.6229093935043009e-01	   5.6087628412433299e-01	   4.7845985589482554e-01	   1.6870931085085675e-01	   3.0807241022858700e-01	   1.7072854152352188e-01	  -4.0570524610721956e-02	   1.8612593911136451e-02	  -8.2034058520927558e-02	   1.2969652594522393e-01	   2.8546870543880737e-01	   1.8227781311058730e-01	   2.1031174026351795e-01	  -1.2653329417977055e-01	   1.2686804238699789e-01	   2.2595011620966804e-01	   2.5074237741388483e-01	   8.0980641795614691e-02	   1.6120315625562681e-01	   4.0530947420631341e-01	   4.2379076113515401e-01	   1.3709070993714756e-01	   3.2314020777357183e-01	   4.6984414401034880e-01	   7.6521568654350580e-01	   1.0510467174545556e-01	   1.4540465046189907e-01	   5.2153374200290414e-01	   3.9016059619464394e-01	   1.9412317042713578e-01	   1.3096142727535806e-01	  -2.1897667815211622e-01	   7.1728153164453912e-02	   2.5549787721326045e-01	   2.8909163910434160e-01	   3.1236607198863897e-01	   2.4810349072675958e-01	
   1.0645945284457423e+00	   0.0000000000000000e+00	   3.4045889489703551e-01	   1.7371649713811463e-01	   4.5733665258899325e-01	   3.0977185461283274e-01	   2.2620346721841633e-01	   8.9343868053677639e-02	   2.8228266583706596e-01	   4.0307108307374628e-01	   5.4568139639503244e-01	   4.7810478968756737e-01	   3.2480959905318857e-01	   4.0739776371356445e-01	   4.2679182300202195e-01	   4.7715220483023107e-01	   4.1634823423756617e-01	   4.0816369438909217e-01	   7.9811251287580409e-01	   8.6978534380356398e-01	   3.5661225039709493e-01	   4.2456358587018639e-01	   1.7670764118071522e-01	   1.0888426381047174e-01	   1.4717051088993527e-01	   5.0537571010905148e-02	   3.5864757801708219e-01	   2.7217580525698248e-01	   4.0943438158798146e-01	   3.9171866450406634e-01	   1.5999372351770882e-01	   1.4951660862972244e-01	   3.2280011905265321e-01	   2.8223899901886940e-01	  -2.9539857971164353e-02	  -1.3539833730266243e-01	   1.5928300917991728e-01	   1.5080743869178923e-01	   2.0327515415471903e-01	   2.8060782075732049e-01	   3.5800645975543482e-01	   2.7791954537844804e-01	   3.0060348809638149e-01	   2.8786132805111647e-01	   4.3193942031092425e-01	   2.1929022171236592e-01	   3.9654401972968445e-01	   2.5557444853305877e-01	   7.0711437882656913e-01	   6.4494072872627717e-01	   6.4282567605479246e-01	   6.8544777626890918e-01	   6.4792959092797531e-01	   6.9424561712157395e-01	   5.0937263675877475e-01	   4.2147539887386309e-01	   7.5975751615193554e-01	   1.0087781114270322e+00	   3.5598307754317254e-01	   4.7658511969379852e-01	   2.5289228593842189e-01	   4.8756749936848871e-02	   3.4067207631871399e-01	   4.7429079585834821e-01	   1.4099223596049945e-01	  -2.3044931069876061e-02	   2.4932739663071413e-01	   7.5094728831026344e-02	   7.9789557114895227e-01	   5.1538022729603750e-01	   2.0944641081075996e-01	   2.5248382461722912e-01	   3.8952834117306367e-01	   4.3871500879548481e-01	   4.5219031265028403e-01	   5.3072850861481136e-01	   3.6413425334997446e-01	   3.5585055252574543e-01	   4.2777568248195652e-01	   4.5769345464712735e-01	   6.5572152661959759e-01	   6.0482729586492723e-01	   4.8790852222321446e-01	   5.6099531755887355e-01	   5.5103988948009186e-01	   3.0339672442766391e-01	   2.7766373180542325e-01	   2.2552231176086829e-01	   4.3054619198881156e-01	   6.5216358453655232e-01	   3.8846294007347193e-01	   2.0955964758803450e-01	   9.1498117504666784e-02	   2.2454471345841281e-01	   2.4912631193829041e-01	   8.7837520790279747e-02	   2.6010862027873771e-01	   3.3518173825482511e-01	   4.9160813985368818e-01	   3.2852489082514880e-01	   3.2690629337739013e-01	   4.0422016014237572e-01	   4.0132907977481458e-01	   4.6396681737680090e-01	   7.9347880853168268e-02	   1.8598560130700745e-01	   3.0294698545103305e-01	   3.2173339013992952e-01	   3.6726094106490012e-02	   1.3148642581431430e-01	   1.0441214635941665e-01	   1.3604220107495210e-01	   1.1060749071834289e-01	   6.5840114101963568e-02	   1.4318176124438983e-01	   5.8240157450892206e-02	
   3.5823573625214317e-03	   3.4045889489703551e-01	   0.0000000000000000e+00	   9.5066495428807840e-01	   9.9692858436998899e-01	   6.4140105960211413e-01	   7.4002491478258847e-01	   6.6225550104979969e-01	   5.1859045140846582e-01	   6.1660692131621730e-01	   5.1252734700220952e-02	  -4.4389897563842068e-02	   1.4804562762597098e-01	   3.7327296124406245e-01	   8.9994492398645387e-01	   7.7122525131894060e-01	  -2.7930942197726627e-01	  -2.9589304139257444e-01	   6.4997105076743522e-01	   6.7540649425482058e-01	   7.0990719419344883e-01	   6.6411518434522920e-01	   1.3570304910807813e+00	   1.2861287487072444e+00	   1.0437168629653406e+00	   1.0563245368441341e+00	   9.6864086128363602e-01	   9.6165243100254361e-01	  -9.8951172350113970e-02	   1.6636797169978089e-02	   1.1190484666702738e+00	   1.0427772701017508e+00	   7.8098948198966489e-01	   7.8249924274245186e-01	   8.8467839766172252e-01	   6.5685985165890381e-01	   3.5497966914094481e-01	   3.4147400243950832e-01	   5.5623589825667175e-01	   5.2915762932761701e-01	   1.5906514732280214e-01	   3.2311379884409430e-01	   2.0727446016166179e-01	   7.9813173545780131e-02	   1.2648232507131904e-01	   7.3499531537025518e-03	   2.5678770716779714e-01	   3.5031161540832900e-01	   1.4483005075609434e-01	   1.3670293710437256e-01	   3.9618046905664833e-01	   1.7081916049090795e-01	   1.5202883923873778e-01	   2.3148941806408901e-01	   3.0719181803939744e-01	   2.6487147573878789e-01	  -1.5042258515721516e-01	   9.6387707832942260e-02	  -8.9172663879129255e-02	   3.2326771431662132e-01	   1.2400220133694893e-01	   6.7593646428822762e-01	  -3.9111409464740182e-01	   5.5198897578365921e-02	   1.3245820629821721e+00	   7.4272999467206402e-01	   5.4141735735425289e-01	   3.5914739816944424e-01	   5.6250907803504901e-01	   3.4817829180443738e-01	   5.1691931887351317e-01	   5.3534051588251941e-01	   2.9194164134599543e-01	   3.2551896009811138e-01	   3.1060711915145489e-01	   3.8259083439167718e-01	   4.1043182385511900e-01	   3.5207167114527627e-01	  -3.2731189291862861e-02	  -2.2290515556854462e-02	   3.7277486870504049e-02	   2.9454273885061544e-01	   7.4133156196411742e-01	   5.0122007080485209e-01	   9.9600259552162684e-01	   9.5232872892889575e-01	   9.0500477134328483e-01	   1.0924940347369450e+00	   1.0043833160746496e+00	   8.2429235932273137e-01	   4.3029350056807109e-01	   3.8410686433499397e-01	   3.9124484646252644e-01	   6.2749255103849366e-01	   1.0643389626999437e-01	  -1.7211440025171698e-01	   3.9222217005720594e-01	   3.6900784278771681e-01	   2.1116392916285875e-01	   3.4912033670761844e-02	   3.5574192230417290e-01	   5.6987107923447322e-01	   1.3369390397084380e-01	   4.2570573362931227e-02	   1.4436844028825080e-01	   3.6088578125804061e-01	  -8.4200031337530692e-02	   7.6439424065675207e-02	  -1.5506463240011945e-01	   3.7979282387359606e-02	   5.2128744660956283e-01	   2.0266005411227495e-01	  -5.0473739067409800e-03	  -1.2172717333247530e-02	   1.6394309908159710e-01	  -1.5929808763550948e-01	
  -2.1242429503887317e-01	   1.7371649713811463e-01	   9.5066495428807840e-01	   0.0000000000000000e+00	   7.6374084813595478e-01	   1.1082918011182894e+00	   8.3584926017287897e-01	   1.6959472543552645e+00	   5.7131263779669428e-01	   1.0852251188238169e+00	  -2.2059267734545712e-01	   2.0329139075434322e-01	  -7.2376804747864662e-02	   4.0011579686195481e-01	   3.4316749319709428e-01	   6.9325999737946220e-01	  -2.5287688447493784e-01	  -2.1921907572696453e-01	   3.3272281857199082e-01	   5.0320395347093594e-01	   3.0602474021225562e-01	   4.1407709120475344e-01	   8.3703555755123815e-01	   1.0971533192612806e+00	   6.9447466006529313e-01	   8.8979402912616323e-01	   5.8024838120431976e-01	   6.4196761204199737e-01	  -1.3599102656634474e-01	   1.9579382850378074e-01	   8.1285346914371903e-01	   9.2620552155700819e-01	   6.1927303103255804e-01	   9.3379468866819137e-01	   8.8095373250479703e-01	   9.6494905480443216e-01	   7.6545928121755202e-02	   2.3430550459767857e-01	   2.0165264648199205e-01	   3.5535455557186335e-01	  -1.2247252924937443e-01	   1.2860673095172123e-01	   3.3762999162569557e-01	   1.8179398451514028e-01	   2.2715276999557565e-01	   1.9617171467661482e-01	   1.9326074370899748e-01	   2.5483139011279565e-01	  -1.0987098858455193e-02	   1.1421425413727723e-02	   1.9986841744025069e-01	   1.8854322108490869e-02	   1.6630859701260662e-02	   6.5060018379152179e-02	  -2.8004451917326985e-02	   6.1447192272942675e-03	  -2.4331836936102896e-01	   1.1175685057690132e-01	  -9.3240839426159336e-02	   5.2204101213090315e-01	   1.5774656944377624e-01	   1.3473812227960156e+00	  -4.2192247260845056e-01	   1.7110585956279153e-01	   8.8656082620621901e-01	   1.1000827105190474e+00	   6.5047230774525022e-01	   7.4386055529382633e-01	   4.3817527364052800e-01	   5.6595525288912829e-01	   4.2569289442170000e-01	   3.9250503205784837e-01	   1.5563877671396548e-01	   2.9334490737144953e-01	   1.6941396333152253e-01	   3.2480432281831184e-01	   2.4383823300979535e-01	   5.7509113795116240e-01	   1.5727820005689236e-01	   1.3501982022358155e-01	   1.0980381057750284e-01	   2.8044945472916499e-01	   2.8446837560271043e-01	   3.0001920009568517e-01	   6.3116789134867513e-01	   9.7766838366451680e-01	   3.0600582736375259e-01	   7.0385145539162275e-01	   5.3038007366392281e-01	   7.0442332955205988e-01	   6.8139936553524716e-01	   2.5821882716383149e-01	   8.9030323446743509e-01	   5.2162741111024347e-01	  -8.4452544152502584e-02	  -1.3793514025438453e-01	   1.1722643977891473e-01	   1.2791839474985073e-01	   1.4117751833802678e-01	  -1.1234252817771824e-01	   7.6780547540813682e-01	   4.9297920995371647e-01	   2.5979684563124156e-01	   1.5264004353409966e-02	   3.3499358215723768e-01	   4.2632566586895904e-01	   2.9861651148531773e-02	   1.0256765171354718e-01	  -1.3367844887936275e-01	  -7.6622187160097794e-03	   4.2708593932201006e-01	   1.6811794487556020e-01	  -3.8996870963074755e-02	  -1.1809643987747352e-01	   1.3440387057776762e-01	   1.9068328200972918e-02	
   1.1974299358109958e-01	   4.5733665258899325e-01	   9.9692858436998899e-01	   7.6374084813595478e-01	   0.0000000000000000e+00	   1.1409419271155865e+00	   6.6828526451443837e-01	   6.8662006084780469e-01	   9.5387773324592939e-01	   1.0399427556881342e+00	   1.6332610460962699e-01	   2.6338868602569465e-01	   3.1584576844212792e-01	   5.7070616497584448e-01	   9.8408345951752441e-01	   1.1335458193515662e+00	  -1.5796968780521461e-01	  -1.7227524792726037e-01	   5.1145147336460905e-01	   5.8733885824754373e-01	   7.1583669750862877e-01	   7.0589520283259921e-01	   9.5711780615131992e-01	   8.2300155780120476e-01	   8.1994173980835550e-01	   8.5406303420112928e-01	   1.0112961513757801e+00	   9.5695204549401558e-01	  -3.1600869161727302e-02	   7.2390045045680931e-02	   6.6290965764325382e-01	   6.4376433818364542e-01	   6.1949532260391671e-01	   6.4311545103746637e-01	   6.9292906593360359e-01	   5.5422060508553217e-01	   4.3301332668503673e-01	   4.3545382215956263e-01	   5.7512743813718958e-01	   5.5425843175131795e-01	   3.9745432963382432e-01	   5.4981028196679271e-01	   2.8752932397521841e-01	   2.2247613236077340e-01	   1.8960018748703619e-01	   1.4975043287130785e-01	   3.1080059736734361e-01	   3.6262816734902931e-01	   1.8003575381089154e-01	   2.3790089752305305e-01	   3.4391124992413297e-01	   2.1026447042909405e-01	   2.5941995103947163e-01	   3.4133518715319128e-01	   3.6980439998952325e-01	   2.8334716497495122e-01	  -6.1259783268682111e-03	   2.8375939830430585e-01	   1.7422906848159717e-01	   5.5703791263299485e-01	   4.2193109160493059e-01	   8.0793857496732402e-01	  -2.0165946896594650e-01	   2.5101172004472794e-01	   9.2147843383117278e-01	   7.1101334703494690e-01	   5.8218351858019957e-01	   4.3585538799754858e-01	   7.5487549101820839e-01	   5.5678548207127510e-01	   5.9615462087175375e-01	   6.2806379748311048e-01	   3.6900664531336286e-01	   5.0736981984178497e-01	   3.3345079966777480e-01	   5.9423089366544435e-01	   4.3760078306620387e-01	   5.1363541545918878e-01	   4.3176568932284658e-02	   1.9676603985550444e-03	   1.5071443416792515e-01	   3.1928186125135277e-01	   7.5923795727448240e-01	   6.9833173030798457e-01	   8.7419876572822330e-01	   8.7831906229997481e-01	   6.4959991724931487e-01	   7.5819192281797909e-01	   1.0588939956297525e+00	   8.6923503990198614e-01	   7.3598828043179143e-01	   5.4532650219965495e-01	   5.8560861753327587e-01	   7.8942235695285745e-01	   2.8281461476271552e-01	  -6.1707889256968403e-03	   5.1096257786060684e-01	   4.7435323786860040e-01	   3.9231183731145752e-01	   2.7212817973093495e-01	   5.8477000841230853e-01	   6.6796168441176118e-01	   2.7935926281702939e-01	   1.7628698685210800e-01	  -9.9733819543170579e-02	   9.0930373826463295e-02	  -5.1756018370857235e-02	   2.6431220944913913e-01	  -1.8353112891142026e-01	   2.3168434497927726e-01	   5.1393422425351298e-01	   3.1083772208197430e-01	   2.9707346918260535e-01	   2.4428722892141297e-01	   1.4863848615352676e-01	  -3.8275894679745426e-01	
   7.3859814842070414e-03	   3.0977185461283274e-01	   6.4140105960211413e-01	   1.1082918011182894e+00	   1.1409419271155865e+00	   0.0000000000000000e+00	   6.2875485935653486e-01	   1.1165364114071077e+00	   7.8278685990085517e-01	   1.6181904962784333e+00	  -8.6818189575291596e-02	   4.2899639730731026e-01	   5.8846634046211509e-02	   5.1457570592462920e-01	   4.1481051907452277e-01	   8.4028546506230972e-01	  -8.9650074477189229e-02	  -6.2568981699478776e-02	   2.2562821635950603e-01	   4.2343432850378615e-01	   4.2825724103627205e-01	   5.7647147543632959e-01	   6.3227169787292914e-01	   7.3413141621451150e-01	   6.4116044006936501e-01	   7.5662739544447655e-01	   7.3091387560845245e-01	   7.6060461469550478e-01	  -1.4454067538116633e-01	   1.4702131973399826e-01	   5.0384413215204593e-01	   5.5963932028234897e-01	   4.6408616683201287e-01	   6.9593427688989917e-01	   6.4352145810849226e-01	   6.7515209840610524e-01	   2.0577598039501888e-01	   3.2662570020914550e-01	   3.0888567137057887e-01	   4.7136481226699301e-01	   1.5563244693420589e-01	   3.7143098553548975e-01	   4.5855245305599651e-01	   3.5739984530040331e-01	   2.8625232479259372e-01	   3.1193409991511001e-01	   2.9266570429334854e-01	   3.4975365197486596e-01	   1.1237829314790811e-01	   1.7264675783954514e-01	   2.7797084858682514e-01	   1.5521931964934263e-01	   1.9006318265988548e-01	   2.2179157349395917e-01	   1.3862714031327797e-01	   1.6648633430532447e-01	   2.2688167148831363e-02	   3.4344962829027748e-01	   1.8199246693752261e-01	   7.0148237431648186e-01	   3.7919786090643470e-01	   1.1217819647844292e+00	  -1.4908930224488731e-01	   3.5401793263236281e-01	   6.7777038419360280e-01	   9.7649489780702892e-01	   6.6239095063878406e-01	   6.8786128863906104e-01	   5.9308648276851905e-01	   6.5984944118289801e-01	   4.6276092620492365e-01	   4.6158305170516467e-01	   2.1948546299685898e-01	   3.8713231527061559e-01	   2.2128836596379017e-01	   4.5292694844741588e-01	   2.7988935805815690e-01	   6.7284821487313351e-01	   2.1168130484044476e-01	   1.3759103183980598e-01	   2.0324714301795313e-01	   3.3430241208672890e-01	   3.5852911150929084e-01	   4.7402090077570846e-01	   6.2832972510714591e-01	   1.0092020466448486e+00	   3.1710047520951135e-01	   6.1984174095053590e-01	   6.7949438269967188e-01	   8.5186029356695270e-01	   9.7966219013457401e-01	   4.3000563046176621e-01	   1.0450345592668213e+00	   6.9492474293169537e-01	   1.2704406966067236e-01	   1.8808682652842943e-02	   3.1505800243148563e-01	   3.4905204148586322e-01	   3.3338922389933645e-01	   1.6461862846583603e-01	   9.6024217737830730e-01	   5.8835882545876927e-01	   4.6801544106182985e-01	   2.3654021255867760e-01	   1.5844643292079880e-01	   2.5863881355565688e-01	   9.4542570993848954e-02	   2.7973035864046525e-01	  -1.1377666019589011e-01	   2.1323140824073594e-01	   4.6483563748783335e-01	   2.5945165957629790e-01	   2.3757229943341784e-01	   1.2930975182443186e-01	   1.7628171741049120e-01	  -1.3904846425529560e-01	
   9.1299654786826959e-02	   2.2620346721841633e-01	   7.4002491478258847e-01	   8.3584926017287897e-01	   6.6828526451443837e-01	   6.2875485935653486e-01	   0.0000000000000000e+00	   1.0365911493481761e+00	   8.3088212568424291e-01	   7.5158761682073993e-01	   3.0851578235294436e-01	   3.7346645289689556e-01	   5.4705983682118520e-01	   5.7803053097520329e-01	   3.9751896814719712e-01	   6.5969827430974370e-01	  -1.5916907453201831e-01	  -8.5068486494904422e-02	   3.6307310830176437e-01	   4.3276578878247701e-01	   2.2463172558166117e-01	   2.6157552826608194e-01	   5.0018998103082779e-01	   4.8423175248301997e-01	   2.2878981141564991e-01	   3.3920407711780393e-01	   2.5680000806047909e-01	   2.4125358282593765e-01	   1.5293718897423139e-01	   2.5040168631391446e-01	   4.6097736631860464e-01	   5.3327257369050529e-01	   5.3536310902202289e-01	   6.3255116994177873e-01	   3.2577127705947567e-01	   3.7510820258498673e-01	  -5.4340509440320768e-02	  -3.4780676858529626e-02	   8.0647977410764946e-02	   8.7730521618513690e-02	  -8.7444520582340063e-02	  -1.1146615985107572e-02	   2.5518251451563573e-01	   1.8564344803763452e-01	   2.0017057405640082e-01	   1.8627733977148508e-01	   1.0165420084238759e-01	   1.7564718126868914e-01	   1.1088117262905334e-01	   9.2857329837472843e-02	   2.1713856380134061e-01	   9.7016637576906720e-02	   6.7739837369931208e-02	   1.7879230672553731e-01	   6.6549082543364196e-02	   5.1417505940194508e-02	  -9.6299046835391977e-02	   1.7711865243449892e-01	   2.2689893009995343e-01	   3.2782040352477182e-01	   6.4371453907971543e-01	   6.9475640698084007e-01	  -1.3536916377932732e-02	   4.8918665799953931e-01	   5.5324776582137281e-01	   5.0731600469148974e-01	   4.2745025357751998e-01	   3.4517327790153074e-01	   3.8166478128817072e-01	   3.3341201980068436e-01	   4.3514211720741180e-01	   3.8038037821474707e-01	   3.0548317993455054e-01	   2.6585315380760954e-01	   3.4054069459928465e-01	   3.7830407400776850e-01	   4.2648662894582939e-01	   3.3042355379386779e-01	   1.2622587647631389e-01	   2.1481847225359182e-01	   7.8441615739409984e-02	   3.1857181376559257e-01	   1.7707945573849052e-01	   1.8296421831377666e-01	   4.4311227609869747e-01	   5.6804625894565408e-01	   7.9412388283569474e-02	   2.9579072209191093e-01	   4.6317857864682660e-01	   4.5377855524856348e-01	   3.6381856126968698e-01	   3.0513868271635125e-01	   4.1611250446437531e-01	   5.2100013667004796e-01	  -1.3436680586701230e-01	  -9.2291330843541741e-02	  -7.2994979520335221e-02	   1.8922175202317003e-02	   4.3776324686643192e-02	   6.2460506905709351e-05	   5.0083762186584080e-01	   6.6468823767369467e-01	   2.0791712169699711e-01	   1.6532685519070381e-01	   2.2851349829175560e-01	   3.3678939630521010e-01	   1.9455060383426387e-01	   1.4308230152809698e-01	  -6.4517829705480367e-02	   5.6783602228055424e-02	   6.5927802530156468e-02	   7.0812158951226334e-02	   6.3885854653516247e-02	  -8.4509493688495363e-02	   8.3991590074129929e-02	   2.8513632113813452e-02	
  -2.1707452958546164e-01	   8.9343868053677639e-02	   6.6225550104979969e-01	   1.6959472543552645e+00	   6.8662006084780469e-01	   1.1165364114071077e+00	   1.0365911493481761e+00	   0.0000000000000000e+00	   7.1357679545092301e-01	   1.1351653838632620e+00	  -1.0337970318737197e-01	   3.8834297171098880e-01	   9.0530626077758039e-02	   4.9988579446238857e-01	   2.5656289468756133e-01	   6.6886045935125149e-01	  -2.4990382347468310e-01	  -1.6985977448981265e-01	   2.2069210590538735e-01	   3.6257843495425696e-01	   1.5060874763954268e-01	   2.5545918204982887e-01	   6.1801442894875613e-01	   7.7063638021769898e-01	   4.4085215217592483e-01	   6.1681010303876649e-01	   3.8598196148487762e-01	   4.1630941877876171e-01	  -8.2831775647588340e-02	   2.3890659421374291e-01	   5.4717424904260992e-01	   6.5286076842273411e-01	   4.8433885101517571e-01	   8.1371074268170851e-01	   6.3257365653487885e-01	   7.5685880122380644e-01	  -2.7148555135976575e-02	   1.1236772204068803e-01	   7.8830922917311627e-02	   1.9675022809935533e-01	  -1.6361432084393432e-01	   4.9774468546297509e-02	   3.3032463372546389e-01	   2.1263562394853142e-01	   2.3093738310518516e-01	   2.4389851008466570e-01	   1.2706851157991064e-01	   1.7958619139683848e-01	  -4.3821331626904464e-02	  -1.2788196960866523e-02	   1.0471168111813063e-01	  -3.0710305343605200e-02	  -3.0421208907941907e-02	   1.3020241152158569e-02	  -1.0871828438879029e-01	  -7.0218680642958761e-02	  -2.7944152147222007e-01	   9.6723303245210085e-02	   7.4156608458370837e-03	   4.9459496824241983e-01	   3.4704735585541374e-01	   1.3958612261758254e+00	  -2.6085780274973308e-01	   3.2856362516263898e-01	   6.8103443758965965e-01	   9.7789010629009487e-01	   5.1584221172310918e-01	   6.5854223128535272e-01	   3.3754522046711671e-01	   4.9553555915335057e-01	   3.7333657582883006e-01	   3.1267932725343994e-01	   1.6120682556236693e-01	   2.7612741916676842e-01	   1.5749031684052464e-01	   3.1167732808995796e-01	   2.0653067165107195e-01	   5.0961938727669687e-01	   1.7399181599546684e-01	   1.7252567125773111e-01	   1.0248336152222606e-01	   2.6368183083274876e-01	   1.1349648933601716e-01	   1.9074105294453000e-01	   4.6868235008153447e-01	   8.0629108400862448e-01	   8.5080922976690065e-02	   4.2975936315217400e-01	   4.1009494496214360e-01	   5.2613512736235701e-01	   6.6761372206122693e-01	   2.6757055598036256e-01	   9.5603750549702715e-01	   5.1994809876531511e-01	  -1.2738504789956753e-01	  -8.9324270096052399e-02	  -1.2892134325207295e-02	   2.8566821672869679e-02	   7.7326035979814661e-02	  -1.0679569785133583e-01	   8.4746866463794956e-01	   4.9588930715512258e-01	   2.8632204002410300e-01	   4.7173813478355399e-02	   3.3086878688303800e-01	   3.6698159933067659e-01	   1.0130626903619236e-01	   1.3724123730776108e-01	  -1.2144042018817487e-01	   1.0907229944103163e-02	   2.7593485317225952e-01	   1.3266566333635871e-01	   1.4093509014035891e-02	  -1.0658241955913859e-01	   1.0958709194124516e-01	   3.4702878437909715e-02	
   4.6941813934153198e-02	   2.8228266583706596e-01	   5.1859045140846582e-01	   5.7131263779669428e-01	   9.5387773324592939e-01	   7.8278685990085517e-01	   8.3088212568424291e-01	   7.1357679545092301e-01	   0.0000000000000000e+00	   8.4843965578881941e-01	   1.9584523237685253e-01	   6.1528511167428745e-01	   6.3004500415160591e-01	   7.9369472992279255e-01	   6.2958887232976268e-01	   7.0023002025241521e-01	  -1.8278348896415991e-01	  -1.0491054212368997e-01	   2.2132303245690588e-01	   2.7083739795372375e-01	   4.2547285157759995e-01	   4.2167876557604955e-01	   5.2257322628976988e-01	   4.3416176757323444e-01	   4.4253879807705521e-01	   4.5203589619124357e-01	   6.0432061971880180e-01	   5.4741152334667331e-01	   1.2284564381362324e-01	   1.5407377437290429e-01	   3.7609770414360649e-01	   4.0327509068083112e-01	   2.4617483067175250e-01	   3.5589248651354871e-01	   3.8886995804688290e-01	   3.5271611901789551e-01	   2.4724624109648397e-01	   3.0970681184127030e-01	   3.3418200046618540e-01	   3.3622627923575332e-01	   1.9171248215549458e-01	   3.4062392703101768e-01	   2.8524144160854198e-01	   2.1510835447703061e-01	   1.1284013478782610e-01	   1.2854672231789957e-01	   2.4598125422308584e-01	   2.7796983041005741e-01	   1.2786208855509976e-01	   1.5837423952612070e-01	   2.2287383040006647e-01	   1.4358532641204672e-01	   2.1595209116107977e-01	   2.2789047602279769e-01	   2.5197028327471482e-01	   1.7606459974761199e-01	  -1.3373725602490427e-01	   1.6024548573888303e-01	   2.9802332439394258e-01	   4.6724300299323906e-01	   6.0043901221515594e-01	   7.6179715966059935e-01	  -1.9288476758954248e-01	   1.8138511479433633e-01	   4.8774358518367322e-01	   5.8314153523436452e-01	   2.3896157007713936e-01	   2.6923218402663518e-01	   3.3337920047244829e-01	   2.8596837407047382e-01	   5.9037375170283768e-01	   5.5402523871069453e-01	   3.5091932315780366e-01	   3.9178665861992912e-01	   3.0431537840661621e-01	   4.3997391108565587e-01	   4.3869350817384939e-01	   4.7803323586860558e-01	   1.0271863067176029e-01	   1.3045085381448870e-01	   8.0963822416040693e-02	   2.3464923894237405e-01	   2.6316665688521684e-01	   2.2377109781917048e-01	   4.4249426468883396e-01	   5.8554963469623122e-01	   1.5475299190896513e-01	   2.0278183004490177e-01	   6.4710826611162309e-01	   5.3472431496770068e-01	   4.4011291376536960e-01	   2.5102666820474029e-01	   4.2813312837030776e-01	   4.7957413610143895e-01	   1.9561292071317748e-02	  -2.0102579087769804e-01	   1.9066351755780364e-01	   2.1811073862719099e-01	   1.9517778342088030e-01	   8.7779730130567446e-02	   4.8919021775966220e-01	   4.6211237702397234e-01	   1.6215211657009670e-01	   2.3569696196218994e-02	  -1.5862157389155266e-03	   9.6220272443055560e-02	   1.1040212323882953e-01	   7.2730715379631675e-02	  -1.8329934618339588e-01	   2.4761864286226129e-01	   3.0181129831839054e-01	   1.5083767473393628e-01	   1.2346739384436836e-01	   1.7226549231655737e-02	   5.1071697229755344e-03	  -2.1692363176650262e-01	
   9.4796355401327720e-02	   4.0307108307374628e-01	   6.1660692131621730e-01	   1.0852251188238169e+00	   1.0399427556881342e+00	   1.6181904962784333e+00	   7.5158761682073993e-01	   1.1351653838632620e+00	   8.4843965578881941e-01	   0.0000000000000000e+00	   2.9937443966556745e-02	   5.3159893545878800e-01	   1.3723209607409109e-01	   6.2554487708536610e-01	   4.1763892444435280e-01	   9.2331713217703415e-01	  -8.1556446784315118e-02	  -4.7094621413931448e-02	   3.0979120134442506e-01	   5.2220734301197336e-01	   3.0859442691515748e-01	   4.9282639433835224e-01	   5.2860528823067476e-01	   6.2187532830596537e-01	   4.7130810280886137e-01	   5.8768948538898991e-01	   5.8155818229836576e-01	   6.0356107324378905e-01	  -2.8815787030726171e-02	   2.2320566869054936e-01	   4.3344661145203300e-01	   5.0884128216706292e-01	   4.8768183545882432e-01	   6.9591574962403335e-01	   5.2224094238165786e-01	   6.2500546006196811e-01	   1.4741060590786323e-01	   2.9812709876598786e-01	   2.3193206881158659e-01	   4.0195101290246388e-01	   1.0260622258150244e-01	   3.0380968718273321e-01	   5.2167020100776251e-01	   4.4972969464011836e-01	   4.4787245181550639e-01	   4.6112149615224868e-01	   4.0762496463905606e-01	   4.1177135099876716e-01	   2.8014803532165800e-01	   3.5819578354187076e-01	   3.9729611302502288e-01	   3.0843955872112921e-01	   3.3285261871870780e-01	   3.6282669580849486e-01	   2.2283668352866162e-01	   2.1430276207697813e-01	   5.5632799985781009e-02	   4.3648006096082226e-01	   2.9350919597670477e-01	   8.9699026726928910e-01	   4.8244138201242415e-01	   1.0886809486289641e+00	  -1.3544720145419942e-01	   4.3989962892491474e-01	   5.6867055248627962e-01	   8.2031434486142196e-01	   7.5578268879513077e-01	   7.7471683083602039e-01	   7.0408382225968380e-01	   8.8522294956151415e-01	   3.6589731700254108e-01	   3.3966682186434782e-01	   2.0383321964166595e-01	   3.5698232762970999e-01	   2.0912791775583811e-01	   4.5976360540814853e-01	   3.0967991275900919e-01	   6.7839463226669017e-01	   2.0447361398888644e-01	   1.6272074350098051e-01	   2.1897374697626781e-01	   3.1602675960354143e-01	   3.5302845147415252e-01	   4.5699842790340284e-01	   5.4843811216897054e-01	   7.8893794124524197e-01	   2.0694347030698979e-01	   4.8342512980786834e-01	   6.1424777997503388e-01	   8.8832986072129261e-01	   1.0418435620342572e+00	   4.4861557966538917e-01	   9.2282468709228060e-01	   6.0760509792782635e-01	   1.0354592600526918e-01	   5.7025379360776396e-02	   2.6642101517748989e-01	   3.4178470048609050e-01	   4.8562781916578857e-01	   2.4527274631235094e-01	   1.0557756927290758e+00	   6.4042406434855093e-01	   5.0888888414590494e-01	   2.8003678669418541e-01	   1.4376463667657310e-01	   1.7481315779927123e-01	   2.1734951125866944e-01	   4.3564174350293905e-01	  -5.9296015356810575e-02	   1.5595784244752819e-01	   3.7992115573523866e-01	   2.7377955375552671e-01	   2.5064429814977285e-01	   1.1482013255324379e-01	   1.9743395109088185e-01	  -1.2198332581538213e-01	
   7.4003590076020320e-01	   5.4568139639503244e-01	   5.1252734700220952e-02	  -2.2059267734545712e-01	   1.6332610460962699e-01	  -8.6818189575291596e-02	   3.0851578235294436e-01	  -1.0337970318737197e-01	   1.9584523237685253e-01	   2.9937443966556745e-02	   0.0000000000000000e+00	   3.3221183847877134e-01	   1.0392114777082853e+00	   3.9100200054571294e-01	   4.0861408003054872e-01	   3.5199300283187018e-01	   4.3665989859715626e-01	   4.5066450955091780e-01	   6.2679215036003655e-01	   4.4772680028239770e-01	   9.1123514727389828e-03	  -5.4429926996493808e-02	   2.9113545587278619e-02	  -1.3735315893164229e-01	  -2.7364975998330676e-01	  -3.0456560535282373e-01	  -1.4972405384967441e-01	  -2.5778124304147593e-01	   6.7572193461164753e-01	   4.2755297537230352e-01	  -8.2293466749797595e-02	  -5.8378178938074420e-02	   1.7157490021284702e-01	  -8.7322080366399619e-03	  -3.9699321946576327e-01	  -4.7319850026260973e-01	  -1.1689215028337387e-02	  -1.4708227034387616e-01	  -5.3304969264427356e-02	  -2.3155917423177533e-01	   2.2403427914183649e-01	   8.6211408003097675e-03	   6.7468734554393492e-02	   1.6110926463624342e-01	   2.3093369748466214e-01	   1.3878483634796207e-01	   9.0573742257514411e-02	   1.5886430329914009e-02	   3.3306548395103702e-01	   3.2550691016254030e-01	   1.8135434153920563e-01	   2.6756130254271027e-01	   2.1232337736703935e-01	   3.5063883950784791e-01	   1.8462504071387137e-01	   9.0389174041035608e-02	   3.8839873828037913e-01	   2.8773739371577106e-01	   2.5890613073311108e-01	  -9.2525615348875809e-02	   3.5994626460594825e-01	  -2.7409382121979897e-01	   7.1783065004946345e-01	   5.7908896611008709e-01	  -6.8087603910114841e-02	  -4.6055891413683403e-01	  -9.6117631007201609e-02	  -3.0664852136548165e-01	   2.4309694327208289e-01	   7.0427866710891544e-03	   7.3861781609591906e-02	   4.1333979933303254e-02	   4.5646703225598689e-01	   2.8930797633543670e-01	   5.2597236964293625e-01	   3.9645554994459464e-01	   2.8573106450470959e-01	  -4.7593041911618637e-02	   3.4193957371756728e-01	   4.5008758405169713e-01	   4.9785994777243509e-01	   5.6793415129940383e-01	   2.8388938238611305e-01	   3.2700881523884540e-01	   3.2727721696263817e-01	   1.4985934042820251e-03	   6.5386834360098151e-02	  -8.0830636243758011e-02	   1.2603136663812259e-01	  -2.2843007423176111e-02	   3.8167001291713111e-02	   2.9968339351309514e-01	  -1.2808517826279414e-01	   1.9646857764990744e-01	   8.1864513554387952e-02	   1.3990856494560661e-01	  -9.2657871960761598e-02	   1.3626758224194443e-02	   1.1900381891725302e-01	   2.4449359017333772e-01	  -3.1207654527721444e-02	   2.3824710048648928e-01	   9.6046710872381244e-02	   3.4774086928265779e-01	  -1.6205880388276580e-02	   8.8546899901350371e-03	   2.2935209964619768e-01	   1.6397556841600477e-01	   1.1311732231149628e-01	   1.4915097378079212e-01	  -1.8306385432197242e-01	   8.4450929510342415e-02	   1.4277455833291544e-01	   1.3430961460235796e-01	   1.3759330333084635e-01	   1.1344740135338852e-01	
   4.2873310126396225e-01	   4.7810478968756737e-01	  -4.4389897563842068e-02	   2.0329139075434322e-01	   2.6338868602569465e-01	   4.2899639730731026e-01	   3.7346645289689556e-01	   3.8834297171098880e-01	   6.1528511167428745e-01	   5.3159893545878800e-01	   3.3221183847877134e-01	   0.0000000000000000e+00	   5.1364196676674134e-01	   9.0306479095870129e-01	   4.2468939182371414e-02	   2.9417913267542223e-01	   2.2839689894227544e-01	   4.2628301163097293e-01	   8.3760429205015419e-02	   1.9934829040313901e-01	   3.0238628087129561e-02	   1.4905624803304493e-01	  -8.5172098527937723e-02	  -1.0810499413211247e-01	  -1.3536604412140607e-01	  -1.2966913385520937e-01	   1.5141765742151024e-02	  -2.9184845102126922e-02	   3.9837871101144928e-01	   5.9811395521361732e-01	  -3.7073442516233568e-02	   1.8497040727196309e-02	  -5.1460745974764646e-02	   1.6529341336781961e-01	  -1.3381447986842393e-01	  -4.5609133863964424e-02	  -8.5927344667094771e-02	   2.1293795189477469e-02	  -8.2913045498889698e-02	   4.9996973846899675e-02	   6.4785857574223019e-02	   8.7118205321294204e-02	   6.0576539582496991e-01	   5.9004233136766482e-01	   4.8559186366807078e-01	   5.0499623633858093e-01	   4.6669342399732727e-01	   3.0047803784251248e-01	   5.7106476256409100e-01	   4.6997651957026076e-01	   5.1706815603098510e-01	   4.8964668993762905e-01	   5.8540945090027141e-01	   3.8542667582077056e-01	   2.8058692320092382e-01	   2.4820871029647446e-01	   2.9846462938271812e-01	   5.8698658926474390e-01	   6.2955529251482156e-01	   6.0644957659754783e-01	   5.3676563787039322e-01	   2.8646873936937750e-01	   3.2771904121694057e-01	   6.4253932824272397e-01	  -1.1865400185940851e-01	   1.7793834111578721e-01	   1.3362130124845362e-01	   2.1602982752829578e-01	   2.4664222975853398e-01	   3.4180435725042857e-01	   1.4492368688713606e-01	   1.5291762694981045e-01	   2.7300508610177898e-01	   3.9447132279678659e-01	   3.3464046980226575e-01	   3.8949190727854471e-01	   2.6763451218614542e-01	   5.3811305442614787e-01	   4.3741729719162903e-01	   5.6011831701044090e-01	   3.5961210660498338e-01	   3.8901373815881773e-01	  -9.7482609797546471e-02	   2.7394934848146021e-02	   1.0953858677423282e-01	   2.5903981593280823e-01	  -2.7185165203954664e-01	  -2.6940634499862404e-01	   1.1528492063943444e-01	   3.3492735180668587e-01	   4.5547561567205008e-01	   3.4551329979090335e-02	   2.4494134275747953e-01	  -1.2750720436382283e-02	  -6.6066331947357310e-02	  -4.2888092054616536e-02	  -1.7913367638437063e-02	   1.0629031097521568e-01	   4.3037972211968434e-01	   2.1798829815194173e-01	   5.2851054990666169e-01	   9.9131256166092099e-02	   4.0533947574599255e-01	   2.5737704379099158e-01	   3.4187742645887709e-01	   2.9230242972427961e-01	   5.9854981582852929e-01	   2.3907503845795874e-01	  -4.1244659731831682e-02	   2.2609496728550993e-01	  -2.7438097768058771e-02	   1.7026598492341533e-01	   1.3074286241912308e-01	  -2.7367091381434151e-02	   1.2012080540224626e-01	   2.7695990607687426e-01	
   4.1895175812493901e-01	   3.2480959905318857e-01	   1.4804562762597098e-01	  -7.2376804747864662e-02	   3.1584576844212792e-01	   5.8846634046211509e-02	   5.4705983682118520e-01	   9.0530626077758039e-02	   6.3004500415160591e-01	   1.3723209607409109e-01	   1.0392114777082853e+00	   5.1364196676674134e-01	   0.0000000000000000e+00	   7.3824286362192870e-01	   4.8022674408412969e-01	   4.0500795227350683e-01	   1.4497005695626816e-01	   2.0782468189015443e-01	   3.0104762289427478e-01	   2.1868923283307165e-01	   2.3383411044680652e-01	   1.6470888835264796e-01	   1.6539760471120385e-01	  -1.2467838215492102e-02	  -1.1884344521360055e-01	  -1.2585408570633769e-01	   2.9053204319308027e-02	  -7.2992230563937346e-02	   5.5141240525213142e-01	   3.7340812151802583e-01	   9.9543693192926330e-02	   1.2100324604734813e-01	   8.5625961925087132e-02	   3.2918504337673390e-02	  -1.6413431859560421e-01	  -2.2770175216990279e-01	   2.8311433334675586e-02	  -6.5122044595934833e-02	   3.0825832682772530e-02	  -1.0071601426342265e-01	   1.5248646462316767e-01	   8.4482478010293755e-03	   2.0845305691488861e-01	   2.3770594766041447e-01	   1.6932724405164459e-01	   1.4070967440975482e-01	   1.5464506860214008e-01	   1.3613165928701423e-01	   2.3424707328979302e-01	   1.9365203294498406e-01	   1.7779410823401642e-01	   1.8292089600106079e-01	   1.6408874380915689e-01	   2.3042287268606015e-01	   2.1621399745504344e-01	   1.2217792843532443e-01	   1.1362108110030121e-01	   1.1574479704960891e-01	   2.8872525666819499e-01	  -5.8595034938993477e-02	   4.5194372625848989e-01	  -4.6339646238039309e-02	   3.4500076055343820e-01	   3.9518822720951519e-01	   3.9917635397140994e-02	  -1.3745142460428031e-01	  -1.0521601928515986e-01	  -2.1257299101418717e-01	   1.2600320408518478e-01	  -9.6860978260991118e-02	   3.0529209292866172e-01	   2.9803521602321331e-01	   3.7622422783965853e-01	   2.1996594110964876e-01	   4.0201204204189689e-01	   2.7703455059971926e-01	   4.5301764894885793e-01	   1.2955229179289410e-01	   2.2363636705016107e-01	   3.2417987757080241e-01	   1.5823862249405979e-01	   3.6861241546300089e-01	   1.0113790463047138e-01	   7.0615298947031155e-02	   2.3550621395746935e-01	   1.3641537123759434e-01	   3.3480994295493815e-03	  -1.2850847134719770e-01	   2.1676714205830278e-01	   3.4166781344953233e-02	  -7.1056185329712446e-02	   9.1177978409262395e-02	  -1.5545609416547029e-01	   1.6832874834395684e-01	  -1.5532018501310800e-02	  -4.6599857798241738e-02	  -1.1157843313999154e-01	   2.1808203852812652e-02	   1.8696529061034341e-02	   7.8195455069422770e-02	  -3.2218298695819651e-02	   2.2232554997886902e-01	  -3.1996620216453331e-02	   1.1804235615677872e-01	   3.3020212492617260e-02	   1.0760894178239978e-01	   3.2586159849672952e-01	   1.6431393432076592e-03	   7.5943745026127857e-02	   2.9940060397820545e-01	  -9.7517871339234660e-02	   8.9870282591265130e-02	   7.8508387319257467e-02	   5.7811951188694033e-02	   1.0600759739351398e-01	   8.4659741923381659e-02	
