   0.0000000000000000e+00	   4.7569937363458215e-01	   3.1469964982443976e-01	   8.4480536990931179e-02	   1.7414491109164501e-01	  -1.4843437997720130e-01	   1.8382476349103893e-01	  -1.2489724471704683e-01	   2.7776991875528395e-01	  -2.1886222927779173e-02	   9.1905700595505735e-01	   4.5148983463095543e-01	   6.7123291375039607e-01	   3.1969723619858142e-01	   7.5616404606303378e-01	   5.4276637744827894e-01	   1.3035876892242809e-01	   1.3239504919945438e-01	   8.2998377069001494e-01	   6.7010667584197570e-01	   1.6681959992999112e-01	   2.1393601269512660e-02	   4.1562897246397756e-01	  -3.0822904694808920e-02	  -1.0353783432669543e-01	  -1.8628959626525912e-01	   1.0421069719115204e-01	   3.5440376082228282e-02	   3.7517000973117481e-01	   1.4003052691117235e-01	   2.2268452040488412e-01	   9.0095539884218923e-02	   2.1396888910155867e-03	  -5.5461486510205708e-02	  -9.2477235734688065e-02	  -3.0331206631005891e-01	   3.6751371636545266e-01	  -6.1214288163532365e-04	   2.2003552692976197e-01	  -4.5308446797486537e-02	   3.9052572634882304e-01	   3.5446421085777180e-01	  -8.9978111465631755e-02	  -4.6122945744156991e-02	  -1.9959480333809476e-01	  -2.7125555592968931e-01	   1.3536008406625702e-01	   5.5003147456473542e-02	   1.7243358588043955e-01	   6.1784093711040981e-02	  -2.7531311076073709e-02	   1.7843413514372908e-01	   2.6743556799662721e-01	   2.1459412983853601e-01	   2.7530880498464316e-01	   1.7570281888409489e-01	   4.2710156456394371e-01	   4.1827014677026497e-01	   2.5356136774367821e-01	   3.8001161475341994e-01	   9.3982433931347614e-02	   1.6113267719547431e-01	  -2.0972662196374861e-01	   1.0496586721354402e-01	  -7.9697202922908189e-02	  -2.0034011944714306e-01	  -2.5464784418453817e-01	  -2.6298926204580203e-01	   3.4593811109050066e-01	   2.7532955760288291e-01	   4.8608191212322222e-01	   6.3955554578650847e-02	   4.3821407730501616e-01	   3.3611384158933333e-01	   5.8335998576602044e-01	   3.6970398968272561e-01	   3.6346317495818092e-01	   2.0517342393083876e-01	   6.5570887139325282e-02	  -2.5234284932870187e-03	   2.9516201138624774e-02	   2.7098205613910342e-01	   5.8125982466910531e-01	   4.9224455544905793e-01	   4.4598557085812501e-01	   1.5303744647575354e-01	   6.5018022532540382e-02	   7.1011646078636692e-02	   2.1549269797930715e-01	   1.2881731873813651e-01	   2.4487788527804968e-01	   2.5936536837146923e-01	   5.1364862491597600e-02	   1.7653743274390607e-01	   4.1395493525869666e-02	  -1.3626400715673059e-01	  -1.0207934294579130e-01	  -1.8877820463193812e-01	   2.3450038845819929e-01	   2.1148765738194669e-01	   1.6234405752813105e-01	   1.2248194529176440e-01	   3.7324061780514184e-01	   1.1861825608742864e-01	   3.9663151357735509e-02	  -6.9920628053370862e-02	   9.8746776614923343e-02	   3.3119727954317862e-02	  -1.1927511808828903e-02	   1.8241959600840604e-01	  -2.4436054553496700e-01	   4.8063883170970614e-02	   6.3672129718464823e-02	  -5.5325964912570566e-02	  -2.2166765435164357e-01	   1.2985398457646177e-01	
   4.7569937363458215e-01	   0.0000000000000000e+00	  -1.1871277206273899e-01	  -6.6642775529823645e-02	  -5.5667035273004317e-02	   2.1579243700430475e-02	  -1.7274772266373642e-01	   5.6493542570208694e-02	   8.0293265657008714e-02	   2.6432536374800614e-02	   5.1675324510266817e-02	   3.1752622281101239e-01	   3.9028494130558958e-03	  -4.5801121485885554e-02	   1.8107034021375792e-01	   1.8265128576922127e-01	   5.2095523112383924e-01	   7.2798752023792634e-01	   1.7191055021472604e-01	   3.8658037630544467e-01	   3.0560257483939268e-01	   2.2417033803648034e-01	  -1.0551211077482554e-01	  -1.6016554241436073e-01	   1.3776844896005319e-01	   1.0008721260247468e-01	   5.7158977256813293e-02	   5.4727526270229088e-02	   1.1861187750419404e-02	   2.2207371554547595e-01	  -6.0616768336168129e-02	  -1.1936907515396902e-01	   1.3282821968285610e-01	   1.4767197731481757e-01	  -4.3733766667700083e-02	  -1.2327453164593744e-01	   2.8235203469027598e-01	   3.1727552598663139e-01	   1.4807900161036378e-01	   1.8611249120718493e-01	   3.5212122768660775e-01	   2.9078725689195234e-01	   4.9328023594430045e-02	   1.1450264465183534e-01	  -8.1704411766591156e-02	  -1.1162860041657095e-01	   1.5937472840836583e-01	   1.8161893167884363e-01	   2.9753611953997661e-01	   2.8189747316349356e-01	   6.8449387839537940e-02	   2.2945797085893666e-01	   3.2431074467309062e-01	   4.0261855689801851e-01	   2.5408402523297646e-01	   2.8431170319299093e-01	   9.1715288956912056e-01	   1.2031535691719752e+00	   2.3268874801183453e-01	   5.5719572809244577e-01	   1.7586411389619935e-01	   5.8029081957789830e-01	  -1.3144662313016909e-02	   5.8961015835047192e-01	  -1.7476645221216924e-01	   3.0673029404075670e-02	  -2.0242667803269659e-01	  -1.7404364614228718e-01	   4.8801601238883513e-01	   3.9910621641755650e-01	  -2.7552790339335491e-02	  -1.5771200978761807e-01	   2.1418994535725833e-01	   2.3960727714863320e-01	   1.4000893415266863e-01	   1.9663060227127944e-02	  -9.6747316384366747e-02	  -3.7229567913756777e-04	   4.5410216963660965e-01	   5.3451929176367319e-01	   3.6154824729296797e-01	   3.5123852579512199e-01	   1.0259069300260144e-01	   1.7986651201872594e-01	   9.2648853011634558e-02	  -8.5982137730185884e-02	  -3.6682982069904023e-02	  -3.8196476681064191e-02	   1.5949842010634710e-01	   3.0832801269838589e-01	   2.3160078723171906e-01	   3.0754495348933386e-01	   2.4382318422497242e-02	   1.5419337801105206e-02	   1.1445629556697451e-01	  -1.7724719614078821e-01	   6.1997419326959992e-02	  -9.8917994296829320e-02	   4.0483365662840581e-01	   3.4421534419856065e-01	   1.7970025370785797e-01	   6.8963932122084626e-02	   3.0992080732013649e-01	   3.3962927930965681e-01	   2.3778044526618894e-01	   5.6542588624539390e-02	   1.9381636114432457e-01	   7.2294975986716137e-02	  -7.9398306883914527e-02	  -3.8424540041050850e-02	  -7.2470136027616067e-02	   1.7321057992891881e-01	   2.6194788647405248e-01	   1.9696931809139684e-01	  -1.0739257749121488e-01	   1.5377150981962209e-01	
   3.1469964982443976e-01	  -1.1871277206273899e-01	   0.0000000000000000e+00	   5.8888031013468811e-01	   6.9263412102944910e-01	   3.0034275299282781e-01	   8.7579884621796000e-01	   2.4493542273908644e-01	   6.8064405850909782e-01	   4.0957305135841882e-01	   2.9378495345747258e-01	   3.0756978431909342e-02	   4.9529545434925482e-01	   2.2267678386659823e-01	   5.7990645671106600e-01	   3.0084319786964686e-01	  -4.8668886989864490e-01	  -3.3712260865731464e-01	   4.0206216604555478e-01	   3.1688953006775272e-01	   1.1827607048395233e-01	   6.2242874420123141e-02	   1.1985149989216948e+00	   6.2638830399779022e-01	   3.3979067720423811e-01	   3.2422731238978753e-01	   4.7547399776707544e-01	   3.9867641643419138e-01	  -2.0103309018168358e-01	  -5.0640120629239516e-01	   3.5672250437596814e-01	   1.9603976710907769e-01	   1.8859948315055619e-01	   4.8491354343718485e-02	   6.8950364230907191e-01	   3.2940769097882833e-01	   1.7925136976287359e-01	   2.8687423297934292e-02	   2.6994045401504163e-01	  -1.2281562959096385e-02	  -2.4318583764843346e-02	   6.7682020555102362e-02	   5.9601878536363173e-02	  -1.3458055080314011e-02	  -3.9400725341758133e-02	  -4.7199039885696299e-02	   1.9472211100712430e-01	   1.5360394138397465e-01	   1.8300613361718393e-01	   7.4928287121970902e-02	   4.6315349221445740e-01	   3.5056519191635710e-01	   1.6662261102772474e-01	   2.9835461423335208e-01	   2.0980851829234554e-01	   2.5961366378733741e-01	  -2.9990891890900512e-01	  -1.0108705517876844e-01	   4.6523117296837158e-01	   2.2325735407476971e-01	   2.5087672944593581e-01	   1.0176713539501747e-01	  -1.7696517099910558e-01	  -1.8123993242798023e-01	   4.8364535922520657e-01	   1.1424965428166382e-01	   4.6685877150360028e-01	   3.7132174759245984e-01	   3.4436011954588674e-01	   4.4022545964791771e-01	   4.0451096722588720e-01	   5.5102144235294526e-02	  -2.5338313000995710e-01	  -3.0951829245503026e-01	  -9.8593056558444095e-02	  -1.2015571690839616e-01	   2.3490651268177593e-01	   8.4327496354126050e-02	  -4.7180829026111648e-01	  -1.4802262259723509e-01	  -3.1375026768932307e-01	   4.1624368790452004e-02	   2.1119781725937592e-01	   1.9113502182773459e-01	   5.1780871725238209e-01	   4.9417412064642874e-01	   7.0710242463225506e-02	   1.9053187015430711e-01	   4.9663389456002438e-01	   3.6448414992956751e-01	   5.8624267600274105e-01	   5.1377004753743716e-01	   4.4399104156073066e-01	   5.4855697256367741e-01	   1.1013061838242454e-01	   5.9684998232580257e-02	  -4.3282738037313299e-02	  -2.8170593760088969e-01	  -8.0207538400884400e-03	   1.7218320340803639e-01	   2.6669493722094872e-01	   3.2082985733156061e-01	   2.2886419103846586e-01	  -8.3050558121893867e-02	   5.5062904216429780e-02	   2.0535712812292220e-01	   1.4297963143420217e-01	   1.9829379641687728e-01	   2.0410107012334675e-02	   1.6185872242351304e-01	   9.2897971973277659e-03	   2.6119836847205768e-01	  -3.6003278377256698e-02	  -2.2559341603230040e-01	   1.8793016742288376e-02	   1.5193367555307091e-02	
   8.4480536990931179e-02	  -6.6642775529823645e-02	   5.8888031013468811e-01	   0.0000000000000000e+00	   6.9101160583081889e-01	   7.7581161846153457e-01	   5.0064130435278797e-01	   1.0028626478406291e+00	   7.4971492646195637e-01	   5.7147258949916113e-01	  -1.6699683587306408e-01	  -2.0024768690292509e-03	   9.1568958427084235e-02	   1.6224443082586523e-01	   4.3553980985386204e-01	   4.0492709496282070e-01	  -3.5801179747886003e-01	  -4.4490536084034032e-01	   2.2213727117319504e-01	   4.6048357770135961e-01	   2.2147204160593958e-01	   2.1081693161161941e-01	   6.1255828686479752e-01	   1.0514950334998525e+00	   3.4639355399304611e-01	   7.4533784912776624e-01	   3.1891252581778606e-01	   4.1901947597977501e-01	  -3.2290834519769168e-01	  -4.4497019250650577e-01	   1.5682603603447401e-01	   3.4039892723747517e-01	   2.1902625695953593e-01	   3.5426896790778983e-01	   5.6322132035687611e-01	   5.2178789186656527e-01	   2.1470693279566880e-01	   1.9878009938455549e-01	   3.4044634714573446e-01	   1.8672966422745896e-01	  -2.3799295097949796e-02	   1.5392583947871513e-01	   1.7814312489638937e-01	   1.7829420352209449e-01	   2.0919986986757431e-02	   7.2219827154412261e-02	   3.3554980770400700e-01	   3.0489794218934035e-01	   1.4458753960001350e-01	   6.7857302911145962e-03	   3.9101080144853501e-01	   2.6790960437211320e-01	   4.4937431030631234e-02	   4.2412039937060379e-02	   1.7379188051569572e-01	   2.1832362574692454e-01	  -2.2631296155591982e-01	  -1.7526952954941884e-02	   4.3305498759655214e-01	   3.1369623601395330e-01	   2.4195084920290019e-01	   4.3428856044745512e-01	  -1.9525440366554545e-02	   2.4899454242438269e-02	   4.9363702688735961e-01	   4.7635430758123570e-01	   6.3182907463869187e-01	   6.3906251945295300e-01	   4.0229428993646632e-01	   6.7741208711636902e-01	   1.6819358770952475e-01	   2.0788528482974325e-01	  -4.1422334045678699e-01	  -2.7940160804412800e-01	  -3.0254275994939372e-01	  -2.6167904650039248e-01	  -3.4712964546123097e-02	   1.0817081954953640e-01	  -1.8931146716670322e-01	  -1.7974262435182842e-01	   8.7399822453331610e-02	   1.6135835210297172e-01	   3.5878418616783170e-01	   2.5614870272904455e-01	   5.9470583458378068e-01	   9.1852314740750929e-01	   3.8791484454519048e-01	   3.2498095485551259e-01	   8.1436439610469358e-01	   6.3894063328094519e-01	   7.3747370668707335e-01	   4.2753923261017251e-01	   8.1306610007883984e-01	   5.9558058425360305e-01	  -7.1976508190650032e-02	   5.0424023678863450e-02	  -6.8438244961902095e-02	  -1.6686856405518166e-01	   1.3961151600271257e-01	   1.2820948880275798e-01	   6.5642581301290415e-01	   5.5450784033547140e-01	   2.7907069579743160e-01	   1.6942844023729509e-01	   2.7985057715272660e-01	   3.7614149103552236e-01	   4.3334356008986796e-01	   3.7628799010205566e-01	  -1.1817185804900537e-01	  -3.2942026328443376e-02	   6.3411579488494407e-02	   3.0534921984359109e-01	   4.8479823682966668e-02	   2.4362721059788407e-02	   4.4882523083532681e-02	  -1.8026642354422101e-01	
   1.7414491109164501e-01	  -5.5667035273004317e-02	   6.9263412102944910e-01	   6.9101160583081889e-01	   0.0000000000000000e+00	   7.9097970921853245e-01	   6.4577902479365212e-01	   4.8746198490517845e-01	   1.0771250337298091e+00	   6.7186218132812625e-01	   6.6582560846542849e-02	  -7.9039418087103172e-02	   1.9109591059322562e-01	   3.0906105790682849e-02	   4.3388082403919631e-01	   1.9971751970579038e-01	  -2.9968145220794817e-01	  -1.1333076723024438e-01	   2.1660388422866025e-01	   2.6465737511079857e-01	   3.2726158927407450e-01	   3.8312835899565900e-01	   6.9113096863768742e-01	   5.7030491365913938e-01	   2.4335794100935290e-01	   5.8237052550939061e-01	   6.7226714902417406e-01	   6.0747782085532953e-01	  -1.6012317999020068e-01	  -2.6772369689700903e-01	   3.9028163431091151e-01	   2.3665550985262404e-01	   2.8660758530667685e-01	   3.2773557856864916e-01	   6.0123948419408713e-01	   4.1111247991579070e-01	   2.6749007896038579e-01	   1.5087139603191879e-01	   3.4115844476638002e-01	  -3.2046510213408708e-02	   8.5747379586018219e-03	   2.5569977260819676e-01	   1.4927816314768175e-01	   8.0261841202191680e-02	  -4.8693353914057338e-02	  -8.5438038262047530e-02	   2.3962623347992448e-01	   3.1589564397793501e-01	   1.6800125183943072e-02	  -2.2491611680360415e-01	   1.1440860105768012e-01	   7.7864768585579364e-02	  -1.6672107365753394e-01	   8.6683229574811144e-02	   8.2309534300681150e-02	   2.2655750298913915e-01	  -2.0710482146506975e-01	   4.5694300121932090e-02	   1.5167715014456615e-01	   1.9929768717301573e-02	   1.4363365253705104e-01	   1.6195568200287241e-01	   6.4114067864917568e-03	   1.0340098822287960e-01	   5.0642146598875315e-01	   1.9781582914155077e-01	   3.9189925277536586e-01	   2.6586748746068212e-01	   2.1063333734381556e-01	   2.4352127497048426e-01	   2.8665077537050632e-01	   1.2784064055792485e-01	  -2.5327743888583731e-01	  -1.2425749375216170e-01	  -1.7139860556355382e-01	  -9.5871012958617122e-02	   1.5784698749699611e-01	   1.2603803998975185e-01	  -1.8908690811548140e-01	   1.9411951399527143e-03	  -7.0658191370887224e-03	   2.1813055685989713e-01	   1.9068836123045352e-01	   1.4269095094234371e-01	   3.6178352892179272e-01	   3.6469875173899069e-01	   9.5506974622471374e-02	   4.9973564577774285e-02	   4.1266199919035729e-01	   1.5774872896251607e-01	   3.7356519461408239e-01	   1.6655225326247600e-01	   3.6302136068067636e-01	   2.5218876086052200e-01	   2.2695359330058540e-01	   2.2591656880060440e-01	  -1.2350561609339662e-01	  -3.8896021690733784e-01	  -1.2633073448808507e-01	   1.3985813124958360e-01	   4.9772663331701944e-01	   1.3487144688968611e-01	   2.9242574485953904e-01	  -8.4798714961205474e-02	   9.7329375802032103e-02	   1.8989947685263697e-01	   2.5117430284183206e-01	   2.8854624122867728e-01	   2.4391897102198967e-01	   3.6963242134510083e-01	  -2.5378016488979732e-01	   2.5460969178807236e-01	  -1.1343715800343622e-01	  -1.9518978789506644e-01	  -5.2984792955149337e-02	   6.7189729608752274e-02	
  -1.4843437997720130e-01	   2.1579243700430475e-02	   3.0034275299282781e-01	   7.7581161846153457e-01	   7.9097970921853245e-01	   0.0000000000000000e+00	   2.2785538986361950e-01	   7.9664394289778528e-01	   8.2969662256115029e-01	   1.2553612703166379e+00	  -2.5344434896089474e-01	  -6.9691686229297251e-02	  -1.4958903547907615e-01	  -1.7018554845071229e-01	   1.0822026486983463e-01	   8.4294905257798036e-02	  -2.1236470542415900e-01	  -1.2193630519132329e-01	  -1.7502070564632738e-01	   1.2687753375058114e-02	   2.0242125864503513e-01	   4.5257646029108767e-01	   2.3707315105882887e-01	   6.9184975178280561e-01	   1.5103819413437705e-01	   8.0319042274035735e-01	   5.6039967418711989e-01	   7.3041244437890707e-01	  -5.4017133830146480e-01	  -4.3081470727154036e-01	  -3.6590226003247420e-02	   5.6106241070199216e-02	   6.5723532146634955e-02	   2.6579031964558397e-01	   6.2764418732693905e-01	   6.6260291260107818e-01	   1.0237913970451082e-01	   1.8150754325189791e-01	   2.0980310028843840e-01	   5.3851274300152456e-02	  -1.9252608383041395e-01	   2.1818630786736129e-01	   3.1011163393634522e-01	   2.4137057221495489e-01	   4.5808213680699074e-02	   4.0711719553898275e-02	   2.9615478502365572e-01	   3.5317162536652985e-01	  -1.4395150590269577e-03	  -2.0835973687507675e-01	   2.0890934661212729e-01	   1.0422191455036989e-01	  -2.0526721703242412e-01	  -1.0030709910005750e-01	  -3.0889983752111928e-02	   4.2864497118014371e-02	  -1.5706048164842687e-01	   6.6363602687404710e-02	   1.3129812329253279e-01	   4.3398350229661542e-02	   1.3966063389582631e-01	   4.3995341586765313e-01	  -1.2953606527600811e-01	   5.2576125591709093e-02	   6.5702803708188762e-01	   7.5826161091860633e-01	   4.6696954600688756e-01	   4.2807666814894541e-01	   2.7138430464748053e-01	   3.9581654238530128e-01	  -3.2055098815445028e-02	   1.3431641335348243e-01	  -4.7442399906393840e-01	  -1.9161161075564165e-01	  -3.8866958867129003e-01	  -2.9812405181595625e-01	  -7.1221431069968838e-02	  -3.9894989660455314e-02	  -1.1491200931095892e-01	   3.0868987894253446e-02	  -3.2285155762575117e-03	   3.8235811020673638e-02	  -1.1486505574037358e-01	  -1.8875489648242849e-01	   2.4130222834645054e-01	   2.5286779158583650e-01	   6.4724728617063798e-02	   5.4380057503837882e-03	   5.0930108231232674e-01	   2.4929052232694626e-01	   4.0443020052809048e-01	   1.3965693834564552e-01	   5.4106714195585104e-01	   2.7930297038602286e-01	   3.3051153784154158e-01	   4.3145588018110409e-01	  -3.5888834369381173e-02	  -2.4609614408570654e-01	  -9.2622023277903719e-03	   6.7697873500501438e-02	   6.8235896197409296e-01	   2.5272514377576066e-01	   3.2671841359456605e-01	   3.9105321694912099e-02	   1.4993247570179782e-01	   1.7800340844813883e-01	   1.4746028118675067e-01	   2.5950405597876997e-01	   2.9160890523311800e-01	   3.1123027811834070e-01	  -1.4984750529259236e-01	   3.5811321820430364e-01	   1.9364755796695560e-01	  -3.1561737164836783e-02	  -1.9855533988479154e-01	  -2.2598273234762146e-02	
   1.8382476349103893e-01	  -1.7274772266373642e-01	   8.7579884621796000e-01	   5.0064130435278797e-01	   6.4577902479365212e-01	   2.2785538986361950e-01	   0.0000000000000000e+00	   4.5328367278723031e-01	   7.0034723685566069e-01	   2.7800635535956031e-01	   2.2264669597772868e-01	  -6.0940733690684604e-02	   3.2653253497174495e-01	  -1.9188420735077589e-03	   3.1003358684754029e-01	   2.2231836845291172e-01	  -1.7670065692968082e-01	  -2.1802315264908753e-01	   4.1011824665704866e-01	   3.9309304177778909e-01	   1.3338095754970020e-01	   2.3393981882114712e-02	   6.0680752627055445e-01	   3.2819770983436236e-01	   1.2847894621872488e-01	   1.4002452297979767e-01	   3.7526113725170382e-02	   5.6500094933686337e-02	   1.2085278023429132e-01	  -1.5709391122417418e-01	   6.7546692288329946e-01	   5.4705220600624116e-01	   4.5890196140752426e-01	   4.1174056568447853e-01	   2.7607308726652624e-01	   1.3397879413130637e-01	   1.2503733925548338e-01	  -6.1998260716600584e-02	   2.1728036951398674e-01	  -8.6323139058233425e-03	   1.1321227267338420e-01	   1.4218852819505060e-01	   1.2874985002387704e-01	   1.5451311155434055e-01	   4.7507518701173611e-02	   3.0025945578017691e-03	   1.5208116058096263e-01	   1.4532003166829360e-01	  -1.1559069713107857e-01	  -2.6292065409458076e-01	   1.7778658991250643e-01	  -9.2598341863885672e-02	   1.1433510061225882e-01	   9.7472888451937856e-02	   1.4060231140995630e-01	   3.9857311297103459e-02	  -2.8326180909050719e-01	  -9.3507273996703083e-02	   1.4491073152175035e-01	  -4.7999308627326494e-02	   4.9847159235358990e-01	   9.3368930215647863e-02	   2.7348776955306281e-01	   1.2180530648796764e-01	   5.9867693945764811e-01	   2.7135687277802384e-01	   5.2040715754543276e-01	   3.8238315697305431e-01	   5.7534785250446842e-02	   1.6182883800485662e-01	   4.6330793365486095e-01	   2.6101973664931949e-01	   7.7018245269354996e-02	   2.3657067614735284e-02	   3.1751922907755796e-02	   1.6508060853925968e-01	   4.5751276194263868e-01	   3.9484546411307575e-01	  -3.3616187592069879e-01	  -9.3279915174431419e-02	  -1.6020559091166583e-01	   5.2735659419309383e-02	   2.7989045720460370e-01	   2.5743652478094387e-01	   3.5870870347610945e-01	   4.6046147523594527e-01	  -1.3677962576833203e-02	   6.6694015574113044e-02	   4.3168027201403869e-01	   1.3965749876459432e-01	   3.4542781101343406e-01	   2.5928235418700141e-01	   3.4715704871147857e-01	   2.4531228914403957e-01	  -1.3819514058642687e-01	  -2.2976996909312541e-01	  -4.3324535309714592e-02	  -2.1160327086561476e-01	  -3.4627836861001980e-02	   9.2031527612700059e-02	   3.1131147596373532e-01	   3.4781622110899518e-01	   1.4029935149420414e-01	   9.4382815320032176e-02	  -1.5636613759077666e-02	   2.4792485425214608e-01	   2.1306055827414574e-01	   2.8095204436972693e-01	  -1.3792092145010626e-01	  -3.5293362747353459e-02	  -7.6890927172220012e-03	   1.4170461112033478e-01	  -4.8841292355237764e-02	  -1.1498870608191974e-02	   5.9826248300800841e-02	   1.3002323159905816e-02	
  -1.2489724471704683e-01	   5.6493542570208694e-02	   2.4493542273908644e-01	   1.0028626478406291e+00	   4.8746198490517845e-01	   7.9664394289778528e-01	   4.5328367278723031e-01	   0.0000000000000000e+00	   6.2931955814754459e-01	   5.5138243884639682e-01	  -3.5457148550154971e-01	   1.0698267463687287e-01	  -2.3668059636411960e-02	   1.1890757743149720e-01	   2.3281480480036487e-01	   2.6277573199585330e-01	  -1.8934154029177294e-01	  -2.2986686895448583e-01	   8.5088859115584978e-03	   2.7566443759407039e-01	   2.3467376186980232e-01	   2.2299624375272334e-01	   2.5240229998604735e-01	   6.2836066026722603e-01	   2.7904480296550488e-01	   5.9031893562445104e-01	   4.8092880152349339e-02	   1.4517404328226791e-01	  -2.9486209783221762e-01	  -2.3152844840335912e-01	   1.2407156343395286e-01	   3.2615846668622961e-01	   2.5632798904207288e-01	   5.0331993113184392e-01	   4.6100337486712123e-01	   5.5920405749669144e-01	   8.8233503052980222e-02	   1.5835180945732349e-01	   2.8004665930295985e-01	   2.4723912368204481e-01	  -1.0517648585097736e-01	   1.4304675181759927e-01	   2.7702717537544891e-01	   2.9366704634244345e-01	   2.3390469070141318e-01	   2.9740178281261664e-01	   4.0233834784639955e-01	   3.4061162563577857e-01	   1.6420283644560829e-01	   6.8024107604105336e-02	   4.5380879280548536e-01	   2.8092879567484508e-01	   1.1202537080246915e-01	   7.0061781338197307e-02	   1.6477540963749263e-01	   1.9443243900218088e-01	  -2.1284804748711006e-01	   1.0793571687512233e-02	   3.5563936125340195e-01	   1.7517922538493655e-01	   4.0996231893910101e-01	   5.8020667624372424e-01	   6.3912660192246284e-02	   2.5835203520417083e-01	   6.4292740219267364e-01	   7.3188805903417442e-01	   6.2633671587104034e-01	   6.4510523814083287e-01	   2.5412495744090258e-01	   5.1388382938344490e-01	   6.4324214401549007e-02	   2.7257368828086947e-01	  -3.4525067489503969e-01	  -1.4496872117901319e-01	  -4.0069975077916264e-01	  -1.7685755449331225e-01	  -7.4678353795145411e-02	   1.3750947458326090e-01	  -1.0035061601180101e-01	   1.2754170301281559e-02	   1.6166069488164519e-01	   1.9236338089793162e-01	   1.4185748682828392e-01	   1.2882144445984695e-01	   3.6036279504865609e-01	   5.4606273099175540e-01	   2.3560460627019764e-01	   1.6269116455685920e-01	   6.5824014739223735e-01	   5.3994372221893683e-01	   5.5998432491558492e-01	   2.7129080649617443e-01	   6.2693723860783301e-01	   3.0889533026632882e-01	  -7.7635450311474188e-02	   3.4097937654564342e-02	   7.2668815830418426e-02	  -1.1409990686180439e-02	   1.4375199799735935e-01	   1.3057651348351187e-01	   6.7817272205880730e-01	   4.9385814618737173e-01	   2.7157745844245795e-01	   2.6234549811561203e-01	   2.3930471018101360e-01	   4.2671819718246506e-01	   3.2425515767980068e-01	   3.6727788892431473e-01	  -8.4300595572459350e-02	  -1.1274728659979273e-01	   2.2769575883717302e-01	   4.1148730077350415e-01	   5.9870730798017226e-02	   1.9101480811645230e-01	   1.5267731015530192e-01	  -1.8547165302167753e-01	
   2.7776991875528395e-01	   8.0293265657008714e-02	   6.8064405850909782e-01	   7.4971492646195637e-01	   1.0771250337298091e+00	   8.2969662256115029e-01	   7.0034723685566069e-01	   6.2931955814754459e-01	   0.0000000000000000e+00	   9.9403614129506990e-01	   1.6219960815935708e-01	   1.7175136330352934e-03	   3.1534615133298721e-01	   1.8941925479510138e-02	   5.0051129767901781e-01	   2.6549019348149328e-01	  -1.2104453368475365e-01	  -2.5497653472862079e-03	   2.1837495540749144e-01	   3.0081642861522429e-01	   2.1332317159856562e-01	   3.3437138761546670e-01	   5.2847514427107189e-01	   5.1404653551338986e-01	   1.7443415923131006e-02	   3.7883095470590672e-01	   3.6192712568469199e-01	   4.2174747044917782e-01	  -2.3217625632058064e-01	  -3.4291003263782743e-01	   1.7028308950517906e-01	   1.3468933240067443e-01	   1.4254777289666343e-01	   2.2930669501646436e-01	   3.8369170866419305e-01	   1.9794364713160162e-01	   2.2492729462861993e-01	   8.2486482545539752e-02	   2.5183935676952068e-01	  -7.1533816727482241e-02	  -1.4204566030361304e-02	   3.7950443752955471e-01	   7.2463791030983438e-02	   7.6538967043797881e-02	  -7.3549342332637241e-02	  -1.1605421382718305e-01	   2.4711267905776749e-01	   2.1324618987716457e-01	   1.4169627524455922e-02	  -1.7754962445423858e-01	   1.7680798159866123e-01	   1.5403221728626507e-01	  -4.5965776462104932e-03	   7.9338990011444399e-02	   1.2749906820762294e-01	   1.6964805648815942e-01	  -2.3095638602716972e-02	   1.8755053202821975e-01	   2.7395270428069718e-01	   1.6612243433277832e-01	   4.1461537261546449e-01	   4.3700066167899365e-01	   7.3350071616300860e-02	   2.0061418494489999e-01	   6.3534785274674987e-01	   4.9870257052059808e-01	   3.9270606942911701e-01	   2.5850410922142725e-01	   2.8305951673124879e-01	   3.8321575158286247e-01	   1.5904467379542575e-01	   6.8841678357187228e-02	  -2.1477526001838640e-01	  -7.8330574079068002e-02	  -1.2581403702960745e-01	  -9.6362516342775484e-02	   8.3631472127269721e-02	   3.8365786134997616e-02	  -1.3342307474368337e-01	   5.5638223899437136e-02	  -1.9976618733067299e-02	   1.6616286000195163e-01	   9.6631581642867684e-02	   4.6586298226637762e-02	   5.5677577411995283e-01	   3.9304814420411915e-01	  -9.9179712225386546e-02	   6.7096250787418883e-03	   7.4662808980655604e-01	   3.1280024422300950e-01	   4.9496010662364537e-01	   2.7897439310033262e-01	   4.8657233180511250e-01	   3.9244146409006214e-01	   2.7130293839866509e-01	   1.9932563390280722e-01	  -1.2232106106174971e-01	  -4.0977658960623303e-01	   4.3062729272763736e-02	   2.0370183487309296e-01	   5.9835462285664964e-01	   3.5436249718022050e-01	   3.6294530457608465e-01	   6.9548500347876047e-02	   1.5419061224183014e-01	   3.0879101165060391e-01	   2.8669604694991413e-01	   3.5245537004865135e-01	   2.0216086669795819e-01	   2.8532671607392668e-01	  -3.4799815342002799e-01	   1.8896011277430952e-01	   6.4583479096089025e-02	   1.2027639920869509e-02	  -8.1455862831544504e-02	   2.3394125737936577e-01	
  -2.1886222927779173e-02	   2.6432536374800614e-02	   4.0957305135841882e-01	   5.7147258949916113e-01	   6.7186218132812625e-01	   1.2553612703166379e+00	   2.7800635535956031e-01	   5.5138243884639682e-01	   9.9403614129506990e-01	   0.0000000000000000e+00	  -4.3579667587043271e-02	  -2.4883228501401889e-02	   1.1603492539469948e-01	  -6.3116421623897315e-02	   2.9374903329646762e-01	   1.3095983100676276e-01	  -1.6983322832690226e-01	  -1.7010622221521120e-02	  -1.4161409892044791e-01	   2.5186755970070179e-02	   1.9683467867248303e-01	   5.2651449643171089e-01	   2.6783720772645858e-01	   5.3729004998891328e-01	  -2.7218897342222520e-02	   4.6320103894098130e-01	   5.0626792170743840e-01	   6.0204117006690183e-01	  -4.0755405571159675e-01	  -3.6620138592156665e-01	  -4.8746407870492718e-02	  -5.0486780297794645e-02	  -1.2692639842651959e-02	   1.3896088473799423e-01	   4.5909211610908074e-01	   3.2308833458526898e-01	   1.8157273289465220e-01	   1.3756065106632601e-01	   1.5921624315196536e-01	  -6.7857970425290404e-02	  -9.1076510807018826e-02	   3.7693771350673061e-01	   1.8551218767202715e-01	   1.3737451496167888e-01	  -1.5650977263211557e-02	  -7.6867259104824032e-02	   1.9424198962684316e-01	   2.6359675992804266e-01	  -4.7330755852123457e-02	  -2.3325751411425738e-01	   9.2242539971967422e-02	   8.3935270452330832e-02	  -2.7745479344376694e-01	  -1.4470176587736167e-01	  -4.3753371499172057e-02	   4.7289144272062780e-02	  -1.1384045063149895e-01	   6.0164439229760981e-02	   1.0709951353978589e-01	   1.2674899291738735e-02	   2.1490706342431731e-01	   2.8825453139345758e-01	  -3.1084045497264692e-02	   9.3087535844684322e-02	   5.6618689036047198e-01	   5.9565644771358817e-01	   3.1795568345478387e-01	   2.4510332480140068e-01	   2.3239666054985123e-01	   3.4045389546728250e-01	  -1.2587404738888463e-02	   4.6589987244170829e-02	  -3.0234334390734041e-01	  -9.0253711686174951e-02	  -2.0773481624884760e-01	  -2.0037054825663744e-01	  -6.6896777790064310e-02	  -1.0667675131395365e-01	  -1.4808950605828619e-01	   4.5048313548505775e-02	  -5.8949205404531670e-02	   2.3679768777677506e-02	  -1.9624722463796743e-01	  -2.2660356249382918e-01	   2.4003593911487692e-01	   1.4871895832637483e-01	  -1.8472967996366016e-01	  -9.5472582160836802e-02	   4.7715495883443743e-01	   1.7216247639788068e-01	   2.7276687427905782e-01	  -5.2967433596818030e-04	   3.6034933762627525e-01	   1.4908415096951008e-01	   4.5036299137375047e-01	   4.9543423765174233e-01	  -6.0187320181763863e-02	  -2.8323655064913011e-01	  -3.3084019416806901e-02	   1.0953089950516320e-01	   4.6451590345256316e-01	   1.5215482473077982e-01	   3.1095732774931484e-01	  -8.7003673438142748e-02	   7.0731078362606864e-02	   1.1807315609970789e-01	   1.0819865563873218e-01	   2.3416670190092637e-01	   3.9792302915427186e-01	   4.4144574772272299e-01	  -2.8031742745741273e-01	   1.9784074487507575e-01	   1.8465465007356427e-01	  -5.8428298268399827e-03	  -2.4445209831238562e-01	   1.5433272538075044e-01	
   9.1905700595505735e-01	   5.1675324510266817e-02	   2.9378495345747258e-01	  -1.6699683587306408e-01	   6.6582560846542849e-02	  -2.5344434896089474e-01	   2.2264669597772868e-01	  -3.5457148550154971e-01	   1.6219960815935708e-01	  -4.3579667587043271e-02	   0.0000000000000000e+00	   3.5241050486879866e-01	   9.1800318526895874e-01	   3.1472323256474410e-01	   5.8844899221045466e-01	   4.4010437488506526e-01	   1.9626415355524521e-02	  -2.4122550188451095e-02	   5.2006592687582098e-01	   2.6363892300855579e-01	   6.0226507869365592e-02	   1.4395770029113910e-02	   2.8965541701850528e-01	  -1.0993071684792931e-01	  -3.1299343257659318e-01	  -4.2947223726535189e-01	   7.1350035676554374e-02	  -2.1310538034529709e-02	   4.1677827155132352e-01	   1.0057068315030912e-01	   1.5003838783848938e-01	  -2.8723384010516115e-03	  -1.9415590800339577e-01	  -2.5657767672320808e-01	  -1.2744799586231831e-01	  -2.9182985625128338e-01	   3.2448342088162163e-01	  -1.0819457943371362e-01	   1.4708134798411582e-01	  -1.2768157520692017e-01	   3.6844589812774731e-01	   3.4466428283396633e-01	  -1.3060166395828604e-02	  -4.4182677533982834e-02	  -1.4643219231699561e-01	  -2.7137407210713971e-01	   1.7998151687591238e-02	  -1.4902449660505551e-02	  -7.4296168248766406e-02	  -2.0516144283555687e-01	  -2.0061050809492931e-01	  -8.7181945561739665e-02	   2.3528105089038208e-02	  -7.9358206894429767e-02	   1.2697330187665404e-01	  -6.3958726977438901e-02	   4.1580486993295855e-02	   5.3781754693538075e-02	  -2.7173079553586180e-02	   3.2416400384994846e-02	   4.7919407263151408e-02	  -8.2526865433702135e-02	  -2.4652768288866928e-01	  -8.9296551347373410e-02	   7.6941837514196365e-02	  -1.3262115296921367e-01	  -2.6790194957950403e-01	  -3.2383258163726492e-01	  -5.3649730204374822e-02	  -8.1186845399606716e-02	   4.1722084811755911e-01	   1.0401375986503530e-01	   3.8271335620980695e-01	   2.0406752464958744e-01	   5.4909690432428981e-01	   3.8985357096392687e-01	   3.2773481087046397e-01	   7.6107076376275049e-02	  -1.4201831995600298e-01	  -8.4254918758004754e-02	  -4.5861038504034371e-03	   2.7439408263038539e-01	   5.0999131319984770e-01	   3.6514166268618764e-01	   5.0500047978938023e-01	   7.9153615443541867e-02	  -1.1988484414694963e-02	   7.2542310786884986e-02	   8.9911633875176589e-02	  -1.3160738708465233e-01	  -4.6109531759028585e-02	  -6.4447879269199065e-02	  -1.1083500596749044e-01	   4.3973559310343281e-02	   1.5535812686845180e-01	   2.5279079399048911e-02	   1.2749661198524291e-02	  -9.8744714987606522e-02	   2.5112295617529059e-02	  -4.9745169657242239e-02	  -8.7718878720317688e-03	   7.7786954924040266e-02	   1.6702185240474265e-01	  -4.5346543578586029e-02	  -9.5774082638063626e-02	  -1.4634749814864495e-01	  -1.6107950084658654e-01	  -1.2604813721161059e-01	   1.8178042686718113e-01	   3.0206949786329207e-01	  -1.6341435921953479e-01	   5.2111272550191032e-02	   5.2747582958363848e-02	  -5.2961733069383100e-02	  -2.0264453254296880e-01	   2.3147086272813577e-01	
   4.5148983463095543e-01	   3.1752622281101239e-01	   3.0756978431909342e-02	  -2.0024768690292509e-03	  -7.9039418087103172e-02	  -6.9691686229297251e-02	  -6.0940733690684604e-02	   1.0698267463687287e-01	   1.7175136330352934e-03	  -2.4883228501401889e-02	   3.5241050486879866e-01	   0.0000000000000000e+00	   4.9374785833625495e-01	   8.1870437146915132e-01	   5.0378577919981560e-01	   6.9828247666616783e-01	   1.3366603405005548e-01	   6.7268013224247789e-02	   1.3302512418682014e-01	   2.9714154134488202e-01	   2.2272881158568039e-01	   1.4391553652868544e-01	   2.1091456033143893e-01	   1.8230571147360769e-01	   3.5979879825691952e-02	  -1.6097285310633777e-01	   4.5782127633679252e-03	  -8.6388785956427239e-02	   2.9218455927791070e-01	   1.7687942241299656e-01	   1.6585328534545644e-02	   1.0463862851182493e-01	  -1.0926906273199564e-01	  -9.6246317489248653e-02	   8.3254158154445965e-02	   8.9417427612464677e-03	   3.2952881455411220e-01	   1.6803925388930219e-01	   2.7614094395078087e-01	   1.7134553095974742e-01	   4.1061021469317965e-01	   3.6489171492623818e-01	   5.4865027139539835e-02	  -3.3360852367520684e-02	   3.7963147352634965e-04	  -3.5419678433606126e-02	   1.8678493176602776e-01	   1.0065513004638135e-01	   2.9018211098487351e-01	   1.9165854807309077e-01	   2.3381472619554056e-01	   4.0436170080516998e-01	   1.8501396980694243e-01	   1.2771043403848745e-01	   3.0738773447377254e-01	   3.0469942541155709e-01	   1.0539706779592133e-01	   1.6034661230022890e-01	   1.4327953605626725e-01	   1.1317439770698302e-01	   1.8659820478941380e-01	   2.2496738774109509e-01	  -2.2376806781468256e-01	   2.1040698078171613e-01	   9.6137439407275399e-02	   1.3621596710909508e-02	  -1.2855633770376476e-01	  -1.2582524803807771e-01	   1.6206378795399232e-01	   2.2292699593611051e-01	   1.4790329474806405e-01	   1.0328159320150418e-01	   1.4238116792584987e-01	   9.9858937649259724e-02	   1.7663460762099928e-01	   1.2598258696527356e-01	   6.7484396437966013e-02	   1.3869750203054645e-01	   2.0606918696112775e-01	   1.9617852064706820e-01	   2.7700886056210805e-01	   5.3199556105380708e-01	   3.8981151905301425e-01	   4.3144847980866463e-01	   2.4191297374964948e-01	   2.9001480588455431e-01	   1.1937806864782428e-01	   2.0462075883401887e-01	   4.2895528843171972e-02	   2.5826303803711803e-01	   1.5077689698955951e-01	   4.1707112103670618e-02	   4.3088394477694907e-02	  -6.8325412375453323e-02	   2.7145801889614109e-02	   1.1834645607363881e-01	   1.9889829965609240e-01	   2.1569836135117837e-01	   1.2172657255099611e-01	   1.7011728465508927e-01	   1.4669257134005353e-01	   2.8208471127349484e-02	   3.3093964695777095e-01	   1.5921950589234857e-01	   2.8509857756636003e-01	   1.8357487124868985e-01	   6.5319401762661281e-02	   7.6610147240815012e-03	   1.3464486182338614e-01	   1.8226600649650954e-01	   1.8641273149101004e-01	   1.4063963589148398e-01	   2.9115976559480620e-02	  -1.7382824024108186e-02	   8.5161942157377227e-02	   1.6359887696811176e-01	
   6.7123291375039607e-01	   3.9028494130558958e-03	   4.9529545434925482e-01	   9.1568958427084235e-02	   1.9109591059322562e-01	  -1.4958903547907615e-01	   3.2653253497174495e-01	  -2.3668059636411960e-02	   3.1534615133298721e-01	   1.1603492539469948e-01	   9.1800318526895874e-01	   4.9374785833625495e-01	   0.0000000000000000e+00	   6.8954893621366864e-01	   9.1790451087774838e-01	   5.0466465318022791e-01	  -3.9389498860185314e-02	  -1.5230631890152830e-02	   5.0165799574704439e-01	   3.9583644614989011e-01	   1.0372529551166228e-01	   2.2996478886563188e-03	   5.5363370335584461e-01	   1.2269309725149079e-01	  -1.2994300342354065e-01	  -2.2964160787796176e-01	   3.4941698918976520e-02	  -9.8671011852153587e-02	   3.9175684025094781e-01	   6.8725282658333220e-02	   2.4930921718851146e-01	   8.0823745832799582e-02	  -3.3249403049433982e-02	  -1.1608610668716621e-01	   7.2687602648411759e-02	  -1.3077824486580300e-01	   3.8889906402788121e-01	   8.2667679553425868e-02	   2.6774477782185857e-01	  -3.0496956768643634e-02	   2.9786391186629818e-01	   3.6509381009881903e-01	  -1.4591320647306586e-02	  -4.7880249271634777e-02	  -4.7711045148991951e-02	  -9.4158754599415334e-02	   1.3854402347458766e-01	   1.2920156524284065e-01	   9.4667221504379034e-02	   2.7019485839946136e-02	   1.1030544088062712e-01	   2.6307264872159386e-01	   1.3356449409570403e-01	   1.0497487559864614e-01	   2.2486161401099350e-01	   2.1649836296888969e-01	  -2.9751283460076126e-02	  -3.0599428298636776e-02	   1.0594217609201032e-01	   9.3992846720348439e-02	   1.6499924237322608e-01	  -7.5481919526056457e-02	  -1.2532887693101374e-01	  -1.3653117846834860e-02	   8.9098687211982594e-02	  -1.7774803744147796e-01	  -5.4470137106554170e-02	  -7.3546365361896376e-02	   1.5948949696493431e-01	   1.9208508491708856e-01	   4.1877581707645339e-01	   1.1044995615618973e-01	   2.2503142416283550e-01	   4.8162161110049485e-02	   2.6490197428270262e-01	   2.0919601111672162e-01	   2.8212006723600697e-01	   1.3039675415937843e-01	  -5.5848370483334450e-02	   2.0970692804422146e-02	   6.1105886417851633e-02	   4.0318441571717301e-01	   4.1427369152419574e-01	   3.4945703748895807e-01	   4.4649600860729299e-01	   3.3441507328477360e-01	  -2.1019480739816302e-02	   4.9107981277306270e-02	   1.3524659678045081e-01	   7.0581490560343824e-02	   1.7050451489062102e-01	   6.6757315058922892e-02	  -1.0673925672527658e-02	   1.3000811651395841e-01	   1.1450152795422984e-01	   5.1151038069783591e-02	  -1.0185299837197238e-01	  -1.6243224835889508e-01	   6.9603715393415033e-02	   1.8821448324907447e-01	   3.5654531945693603e-02	   1.5305244341230936e-01	   1.4609400678650883e-01	  -2.6651622788517435e-02	   5.5320677744740969e-02	   1.0369031865491460e-01	   4.5946530639240660e-02	   6.8606380200450068e-02	   1.3761250875945358e-01	   1.8450482908052324e-01	  -6.5265104064030244e-02	   1.6411282332031144e-01	  -4.6678940981984184e-02	   1.6434111347136723e-02	   5.9519657826420373e-02	   2.1085509053756754e-01	
