   0.0000000000000000e+00	   1.0168440273551194e+00	   5.9311458174637577e-01	   8.4325904163773524e-01	   8.5349213756436670e-01	   6.1075614625383379e-01	   7.2143029449373386e-01	   7.9662154052460754e-01	   4.3386558733237740e-01	   4.2758149868044804e-01	   8.6362552531641379e-01	   8.1721469344904252e-01	   7.7298402425175827e-01	   7.8467406654503302e-01	   6.1267300176254536e-01	   7.7330264079346855e-01	   7.5360250868730361e-01	   8.3676517203229084e-01	   9.1852039511551908e-01	   9.8930652795565110e-01	   5.2332776666771574e-01	   3.5328793103296285e-01	   5.6116025980833673e-01	   6.6167802308569734e-01	   5.5599120881636410e-01	   6.3549717455510280e-01	   5.4273148432724772e-01	   5.0077086074313493e-01	   5.3642567762976290e-01	   7.1630842061328115e-01	   5.1639999025333927e-01	   6.4701698782915440e-01	   1.0970137151721973e+00	   1.0457613145745777e+00	   4.4871404343200788e-01	   4.8102647766584156e-01	   4.6001893850068831e-01	   6.0427216922806037e-01	   6.8988997125529494e-01	   2.6593213357427892e-01	   4.1766250326377818e-01	   4.1262433663388642e-01	   4.7361670096088732e-01	   5.4730053505781751e-01	   4.5640908596703167e-01	   4.4823478518411358e-01	   6.6830499849712777e-01	   6.6103205534041187e-01	   3.7463077456743910e-01	   4.3220761588495393e-01	   6.7515299418662389e-01	   5.6093414969367783e-01	   6.6115942860222199e-01	   4.8867901325754293e-01	   8.6739717009939643e-01	   6.1249005134191903e-01	   9.1276365070028931e-01	   9.2791678161132363e-01	   1.0476963082545507e+00	   7.1105228866913617e-01	   8.5194897800127778e-01	   7.3924705884229247e-01	   8.4668245639218642e-01	   8.3365368864775036e-01	   2.9822277004717340e-01	   5.8804482388800050e-01	   7.7694493818489407e-01	   7.0120147815056511e-01	   7.3628993395259101e-01	   7.4963566592225450e-01	   5.6760248882700548e-01	   5.8672973593766686e-01	   5.7327503973555571e-01	   5.0152172717546006e-01	   5.8913974732136509e-01	   5.6053448425930152e-01	   7.0725205827528115e-01	   7.3653241144055004e-01	   4.8129768974799814e-01	   5.9700286133132674e-01	   9.1400374733106748e-01	   9.7549847958211189e-01	   6.2422428752065617e-01	   8.7438839069609253e-01	   6.8683838910738393e-01	   7.9414549477102381e-01	   3.3438450696079808e-01	   2.8345562899650850e-01	   8.4308983390729575e-01	   9.4017514711200278e-01	   2.4002850764720324e-01	   1.3948425139347981e-01	  -7.7716773807764775e-03	  -5.4820426597957245e-02	  -2.2618096641109653e-01	  -1.1912489681621358e-01	   5.3281256557307888e-01	   2.7244964805699262e-01	   5.2157194100134274e-01	   4.3298583509232247e-01	  -2.9335555282064635e-01	  -3.0693518185873908e-01	   3.6715596838657223e-02	  -8.0772950144098549e-02	   2.8716613009268815e-01	   8.8747649020153696e-02	   1.1671309680983338e-01	   8.9840035639255203e-02	  -1.9837659197979293e-01	  -1.8247921762955965e-01	   6.2866232345221906e-01	   7.0165900080124810e-01	   2.8831882895818228e-01	   9.2519372511087106e-02	  -9.9722805381256413e-02	  -2.7613448932982543e-01	
   1.0168440273551194e+00	   0.0000000000000000e+00	   2.6756098934392203e-01	   5.2487818092285998e-01	   4.5239353384220615e-01	   3.8113019337138976e-01	   3.9665204171555729e-01	   5.7777707198163375e-01	   1.6158910865390594e-01	   2.3166205843677395e-01	   4.1943311492344165e-01	   8.2151592524863792e-01	   3.9793840815952253e-01	   6.0402228675025438e-01	   2.9782265976915956e-01	   5.2862026393330275e-01	   6.3643145327744988e-01	   7.7063819478357976e-01	   6.3075951884478665e-01	   9.5123702855424008e-01	   2.7899167399709390e-01	   3.3650028206434279e-01	   2.4029560108049036e-01	   3.2762607783241759e-01	   2.7774884573832015e-01	   4.0372563885817525e-01	   2.9599837582270250e-01	   3.4526301180543451e-01	   3.1673083010622821e-01	   5.6067440548855407e-01	   2.7170660614411873e-01	   4.0833722697929387e-01	   7.8390384043024608e-01	   8.4302713927407935e-01	   1.5857119008871343e-01	   2.1950117352690354e-01	   4.6477197891027139e-01	   6.7985333142023119e-01	   5.3954762184867633e-01	   4.3429694137187091e-01	   3.6424856127878458e-01	   3.4390912056916478e-01	   2.5775228499824432e-01	   4.1924252479274671e-01	   4.0566938376188488e-01	   5.9651564565898108e-01	   5.1144953786298564e-01	   5.0714919840459360e-01	   5.3631321608573845e-01	   7.1255664465626145e-01	   5.2943757284212012e-01	   5.7658431102934349e-01	   6.9179476267502316e-01	   6.1481930223920189e-01	   8.1020818049442955e-01	   8.3403391919096170e-01	   1.0395465611265744e+00	   1.0533685524280147e+00	   7.5387341318277301e-01	   7.5748290670387608e-01	   5.8532988854572954e-01	   6.4251902775687642e-01	   7.3787265587591011e-01	   7.5943123308456140e-01	   5.7150592070015764e-02	   3.8848199368659836e-01	   3.9636176843988447e-01	   4.5315351342168259e-01	   8.4710817101717173e-01	   8.1391488108973475e-01	   4.1835448610413284e-01	   5.4093719209188518e-01	   4.3275683375248497e-01	   4.3256185126204583e-01	   4.6721917824576142e-01	   5.4671739069689118e-01	   5.8555846415362467e-01	   7.5716969730242500e-01	   3.9642547030233743e-01	   3.6635378260832324e-01	   6.7114365794099995e-01	   7.2703448374032531e-01	   4.4186807030826991e-01	   7.6902211782447127e-01	   3.0483993975492057e-01	   5.8113983879748299e-01	   3.0325433488377052e-01	   3.5141257281331650e-01	   5.4402127865032868e-01	   7.9981691578347069e-01	   3.0966714416849539e-01	   1.4379450733833707e-01	   8.4742276809581865e-02	  -6.8308688117228816e-02	  -6.7595313139599045e-02	  -7.1675439451849001e-03	   4.3921904516238380e-01	   3.9541702117061472e-01	   5.3385025940969610e-01	   5.0006989727119211e-01	  -4.3160895387021066e-02	  -1.3951561476040569e-01	   2.7787699152931278e-01	   1.0660252877915279e-01	   3.8039417898181782e-01	   7.2928238198971526e-02	   1.9195533698554212e-01	   2.0357333410363593e-01	  -6.0485078795917135e-02	  -1.0243765515010785e-01	   4.3322421884514040e-01	   5.5247711395620447e-01	   2.8294958058277120e-01	   1.5751130186900950e-01	  -4.5094348074754140e-02	  -2.0182791264989747e-01	
   5.9311458174637577e-01	   2.6756098934392203e-01	   0.0000000000000000e+00	   9.1982848613613188e-01	   8.7640994457665822e-01	   8.9194019507724254e-01	   1.2236705572324094e+00	   6.1270160943080432e-01	   8.7973038373856549e-01	   9.0472714666034815e-01	   6.2958387573238983e-01	   3.1470728388602776e-01	   8.8054364436112043e-01	   5.5511785358874166e-01	   1.0147224139023912e+00	   6.8725960874471248e-01	   4.8187877238417687e-01	   5.8348643088273910e-01	   9.0893450876794102e-01	   3.5343292148221939e-01	   7.6597573571889033e-01	   3.9657464051423996e-01	   1.4407102770994571e+00	   8.9048376528820627e-01	   1.5290751937505311e+00	   1.0375558146938109e+00	   7.2677690365584147e-01	   5.5180814833123648e-01	   7.0877262689540288e-01	   4.9476817241316418e-01	   1.1968060970196011e+00	   9.7851025658073421e-01	   9.8601601470560651e-01	   8.9138185924142255e-01	   1.0303070556727476e+00	   8.6439187978256693e-01	   3.8628844154230568e-01	   3.5340908863598514e-01	   6.6700613890339355e-01	  -7.8404186470910672e-02	   2.4946247606987279e-01	   2.2037686506082579e-01	   3.0077341632752086e-01	   3.1580357702555684e-01	   3.3745138087277443e-01	   1.8354141118097292e-01	   3.6684978706410531e-01	   3.4048296888823443e-01	   1.3941031060084960e-01	   2.2783153059510058e-01	   7.8400230383780922e-01	   7.8791258433163858e-01	   4.7336632328804285e-01	   4.7010088429491220e-01	   5.8661896657365031e-01	   1.7373799166902160e-01	   2.8482688184549310e-01	   4.0796422276958655e-01	   5.6399112562661724e-01	   3.3694330392763949e-01	   7.9246495744984469e-01	   6.7237488675042423e-01	   3.7016727957048873e-01	   3.9412461284354006e-01	   1.3727130068978737e+00	   9.9560847247034179e-01	   1.0691808940048486e+00	   7.3182539304664140e-01	   4.6922425750341989e-01	   4.5632143085764953e-01	   9.6797163822420040e-01	   6.8990854134632384e-01	   7.8025932549941546e-01	   6.8162542286746541e-01	   7.8834039774108178e-01	   6.6102739689303991e-01	   6.2132664872389409e-01	   4.4819654495443167e-01	   4.9525515630220729e-01	   7.3598000688325760e-01	   4.7780191435969477e-01	   6.5788205098454933e-01	   8.4561162014970659e-01	   3.9649542229780460e-01	   1.2508967040956109e+00	   5.9066149576505422e-01	   2.3328043106044041e-01	  -8.6389632031026897e-02	   9.9566636268497533e-01	   5.0293521320680756e-01	  -6.6617145160164773e-02	  -3.4210198837265858e-02	  -3.2305126131059841e-01	  -2.2757667490404751e-01	  -1.4200863556904331e-01	  -4.4898373158829258e-01	   2.4460486758685121e-01	  -4.8629126851089839e-02	   3.8356436758620965e-02	  -7.8300288006826341e-03	  -8.8710300847605361e-01	  -8.1693144207913493e-01	  -4.9355260538125934e-01	  -5.9848086812430112e-01	   2.8148492091881111e-02	   5.9283952971699111e-02	  -1.1319586598877851e-01	  -1.9935534211961967e-01	  -2.5296031747039693e-01	  -3.2714663478343442e-01	   3.6831816090144270e-01	   3.4762360586288993e-01	   1.8857189882637168e-01	  -5.6291543058276113e-02	  -2.5422545275254622e-02	  -5.4172286005869263e-01	
   8.4325904163773524e-01	   5.2487818092285998e-01	   9.1982848613613188e-01	   0.0000000000000000e+00	   1.0327128973409432e+00	   1.1193026486245221e+00	   1.0225446581514461e+00	   1.3024527103488115e+00	   7.4045034685088984e-01	   9.3606656674752797e-01	   6.3562874238308087e-01	   7.0378161963360197e-01	   7.4244743999020502e-01	   7.9647079693629808e-01	   8.8886995790673096e-01	   1.1697002674021673e+00	   5.0050581147692175e-01	   5.1747261696591085e-01	   1.0567114108290909e+00	   7.3257186852649514e-01	   8.3103800959212293e-01	   6.1038935611745349e-01	   9.5507027904899255e-01	   1.2507354210675350e+00	   7.7417883771637885e-01	   9.4756629321485120e-01	   8.4790629813935026e-01	   8.2178833611914459e-01	   5.1337757331325129e-01	   5.6358177546939414e-01	   6.0828579972284813e-01	   7.9605464975116613e-01	   7.5871523219579917e-01	   9.1825289374821639e-01	   4.9876065753515220e-01	   5.9901917529929105e-01	   6.6157499764858019e-01	   6.5964419279295938e-01	   9.1289282040413389e-01	   2.1698640053247287e-01	   4.4636753469878510e-01	   3.8954667214682204e-01	   2.1302347308398506e-01	   2.5246122725588133e-01	   9.7623905729260760e-02	   1.0374636062383535e-01	   3.9416960277797819e-01	   3.9077458328493792e-01	   1.6867976369624510e-01	   2.3630841129424052e-01	   8.1719291016323559e-01	   6.8549736210006051e-01	   6.3045238128839820e-01	   5.9986044077568834e-01	   6.9259676131839709e-01	   3.6037269535512173e-01	   5.5617185046525519e-01	   4.7977543326420197e-01	   7.1002298473750458e-01	   5.3435104847431647e-01	   7.5815081380445859e-01	   7.7047745088739750e-01	   4.2305703758593782e-01	   4.8159471336707771e-01	   5.8066018128198393e-01	   9.4808443783888297e-01	   8.8054034042559892e-01	   8.8668252602446118e-01	   8.9050213639646059e-01	   9.1433102271211886e-01	   6.5315938484071401e-01	   7.0882718800560918e-01	   4.6509584628308098e-01	   4.2217236669085623e-01	   4.5477561234474378e-01	   4.3684626518805336e-01	   4.3406418655398371e-01	   4.5695303283677391e-01	   5.5847301732694665e-01	   6.4669982026823536e-01	   6.9921951964884199e-01	   8.0140827119396074e-01	   8.7335955835906176e-01	   9.5214213756314992e-01	   8.4702499877164950e-01	   8.7740888827741526e-01	   2.1887149006977477e-01	   1.5041366699532610e-01	   1.1940036709734232e+00	   9.5391460710631604e-01	   3.5910072634817597e-01	   2.3224092839467575e-01	   7.6588563801587461e-02	  -6.3887178442451911e-02	  -1.7387496213872289e-01	  -3.2220191098015116e-01	   3.1585222175213523e-01	   2.3201720023993365e-03	   2.5235228811915339e-01	   1.9653190553935065e-01	  -4.4249531148946086e-01	  -4.7570748911931421e-01	  -1.2543464259059073e-01	  -2.5170089130231604e-01	   2.4339088702416106e-01	   1.7008600091154927e-01	   1.1809838953520478e-01	   4.1165984637804728e-02	  -1.3313491580693781e-01	  -2.0172631448604653e-01	   5.0154797528969364e-01	   5.0942416594337514e-01	   1.9432233049514727e-01	  -4.8603688750753625e-02	  -1.4815727424772997e-02	  -3.9749522772711487e-01	
   8.5349213756436670e-01	   4.5239353384220615e-01	   8.7640994457665822e-01	   1.0327128973409432e+00	   0.0000000000000000e+00	   1.0897163002197821e+00	   8.7316045749545212e-01	   8.0559158515980589e-01	   9.4867585609772709e-01	   7.1316580559194631e-01	   7.7326866746767964e-01	   4.6587159525137700e-01	   6.7897486640994964e-01	   5.2378055239278276e-01	   1.1083967352911559e+00	   9.1310972298029702e-01	   3.8982289410146442e-01	   4.1474623019189727e-01	   1.2031647991238252e+00	   6.7955838358364329e-01	   7.3075444286818469e-01	   4.7270814285951890e-01	   1.2049901683854558e+00	   1.0999734221810824e+00	   9.6421155301266148e-01	   9.4144221277698725e-01	   1.1156846619273904e+00	   8.9306002920462024e-01	   4.2640922827511446e-01	   3.7909839281820207e-01	   5.4625755891387040e-01	   5.3948958940494307e-01	   6.4711076573714299e-01	   6.3989093264823738e-01	   8.0313192268561540e-01	   8.3166676462688316e-01	   4.0938084031848737e-01	   4.3098543424870489e-01	   5.9173579708756319e-01	   2.7187003352382652e-02	   3.2352050192360687e-01	   2.1181389299690923e-01	   2.4893800387709511e-01	   3.0521172934291679e-01	   1.3354293286567598e-01	   8.8321360805475410e-02	   3.8962444919985145e-01	   3.4055256332939426e-01	   1.5517275169027528e-01	   1.8423379098923764e-01	   5.4666090510364329e-01	   4.9052350581219972e-01	   4.2393208897938850e-01	   4.4688497999687626e-01	   4.3347538270155239e-01	   1.4504114305059257e-01	   4.4940927834734395e-01	   3.5154654570624372e-01	   5.8757013185013152e-01	   3.0805969700707919e-01	   5.4082614456370770e-01	   4.5444300899389356e-01	   3.0997454868819652e-01	   2.8003680184655977e-01	   6.6354376792748127e-01	   9.0042108584540226e-01	   8.9624718935872527e-01	   7.4633102856543254e-01	   6.8799477151059307e-01	   6.8325630475736010e-01	   4.9202180232681864e-01	   4.2752016374235990e-01	   3.4436751754232076e-01	   2.1867013074253946e-01	   3.8124013217069574e-01	   3.0174287970441943e-01	   3.4167835747102221e-01	   2.5049775450998757e-01	   4.7703356487459941e-01	   6.1577064611112942e-01	   7.2083924317437620e-01	   7.6467860137321797e-01	   8.9090300645998588e-01	   7.0941335173613518e-01	   8.4010055897034674e-01	   5.9474830981240201e-01	   2.1118068827341580e-01	   1.2697854118111383e-02	   8.1415263616447908e-01	   6.4956348684835707e-01	   4.1793269271520367e-01	   3.9486326171133135e-01	   1.1940222709710098e-01	   1.2775117763720201e-01	  -1.0086664750114677e-01	  -2.5039354351948717e-01	   2.6835708712731310e-01	   3.0497795062262929e-03	   2.3729857830347018e-01	   2.0399501927042754e-01	  -5.1850422351279324e-01	  -4.0437525665106100e-01	  -1.7803921021903857e-01	  -2.1204149608717873e-01	   8.5588293736162904e-02	   1.5631944651413868e-01	   2.5680899818529258e-02	   6.1775952160435035e-02	  -1.6087011651148092e-01	  -1.8171374704889737e-01	   6.1266077240223216e-01	   5.7632416236441841e-01	   1.6484847268313715e-01	  -1.6461823467715037e-01	  -1.0203808968062600e-01	  -5.1098456916735091e-01	
   6.1075614625383379e-01	   3.8113019337138976e-01	   8.9194019507724254e-01	   1.1193026486245221e+00	   1.0897163002197821e+00	   0.0000000000000000e+00	   8.2535278239482357e-01	   7.9128802199211112e-01	   9.9173605297208456e-01	   1.2010527345744648e+00	   6.1554783093802856e-01	   5.3716290761632690e-01	   7.7932788798092190e-01	   8.3879128573341855e-01	   9.3138318271066445e-01	   1.1581758815813885e+00	   3.6389354903624876e-01	   3.9105057451017911e-01	   8.1725634581043238e-01	   5.4515928414759685e-01	   8.8445230136028896e-01	   7.7212187805020516e-01	   1.0885520394060446e+00	   1.3619067273327963e+00	   9.1615834192577306e-01	   1.1873310843552813e+00	   8.7797624602016866e-01	   9.6004799566008547e-01	   4.6439960440252226e-01	   4.2009813997835693e-01	   6.7391576577918899e-01	   8.2250660558038746e-01	   5.6868658828819629e-01	   6.8051761724543591e-01	   6.3933747842638367e-01	   8.8252037965881480e-01	   5.8891309189801944e-01	   6.0747867642279407e-01	   7.6283172193210058e-01	   1.2417207491136972e-01	   4.8085149695466362e-01	   3.6593557892784001e-01	   2.0941261129148053e-01	   2.4901398146874820e-01	   7.0272197539259271e-02	   1.2578732632109646e-02	   3.2794583067686761e-01	   3.3058662675130501e-01	   1.3319207023174603e-01	   2.1886628584516940e-01	   5.9010470085742373e-01	   6.0353594185601356e-01	   4.9130496212188385e-01	   5.0440855828725040e-01	   5.9061107630350129e-01	   2.0051734348703129e-01	   4.5352740664035296e-01	   3.5892082615214416e-01	   6.4749549977548637e-01	   4.3718902909129631e-01	   5.8993169352072949e-01	   5.2782087932875266e-01	   2.1262047548344448e-01	   2.3998005081220775e-01	   6.3857569216145738e-01	   9.9236700554425239e-01	   7.1226017042974377e-01	   6.9331879942151153e-01	   6.8157100284677907e-01	   7.0528946072053356e-01	   6.6104663480230863e-01	   6.5710971320098222e-01	   4.7765278713607839e-01	   3.8760409230769460e-01	   5.1370345543096763e-01	   4.6425515644438897e-01	   4.4628654436933268e-01	   3.9939988325347209e-01	   4.8050047006480290e-01	   5.6410528725464371e-01	   5.7173138964596759e-01	   6.3072796173170509e-01	   8.0820901722381522e-01	   7.1853338834005409e-01	   7.2766423871103658e-01	   6.2990789500981237e-01	   2.8838345742368948e-01	   1.2318281698988477e-01	   9.2069234495321073e-01	   6.7262943823526855e-01	   3.8184620193359908e-01	   3.3848628835726835e-01	   1.0581981395845630e-01	   8.6016750343448425e-02	  -4.8667156654132689e-02	  -2.4920457274964070e-01	   2.4506039907927721e-01	  -1.0638190776869373e-01	   2.3466792748217960e-01	   1.7879176786966733e-01	  -4.9852708841495280e-01	  -4.1087398226683924e-01	  -1.4764505851485799e-01	  -2.5054533484930164e-01	   2.1507837772269672e-01	   2.1877312502269250e-01	   1.3588678825784428e-01	   1.0521116498742777e-01	  -6.6570231868239502e-02	  -1.5842849350477478e-01	   4.8101470390956519e-01	   4.4170510893080750e-01	   2.4767398680459302e-01	  -1.0600445650306578e-01	   5.7452548538915307e-02	  -4.5349794641212354e-01	
   7.2143029449373386e-01	   3.9665204171555729e-01	   1.2236705572324094e+00	   1.0225446581514461e+00	   8.7316045749545212e-01	   8.2535278239482357e-01	   0.0000000000000000e+00	   1.1708965074870070e+00	   8.7756073176696403e-01	   8.6593794868286711e-01	   7.5904349606679156e-01	   6.3817967542632836e-01	   9.7507383901968614e-01	   7.9614985363667568e-01	   7.5744877961654122e-01	   7.4505377649153015e-01	   5.6233890483884208e-01	   5.1436289046728600e-01	   8.9873250386999037e-01	   5.3305653754015325e-01	   5.5545581164412350e-01	   2.5635431494085692e-01	   8.5175684034613552e-01	   7.6819542858815992e-01	   8.0710966614896795e-01	   7.3880778797469404e-01	   5.4547107814652041e-01	   5.2670546449420330e-01	   6.2989620497849597e-01	   4.4826320725618884e-01	   7.4937346349672229e-01	   7.4010892171001519e-01	   9.1315270813378224e-01	   9.9816521233293587e-01	   6.4272863200779740e-01	   5.9310943516965198e-01	   4.0567897210769016e-01	   3.9019264768489925e-01	   6.7498749172190264e-01	  -5.3502441532980921e-02	   2.2031986720950297e-01	   2.0767319116677257e-01	   4.0372648421799834e-01	   4.1587369920060213e-01	   3.9271053281416779e-01	   2.9415450139746097e-01	   5.3037104278071434e-01	   4.9633049414301811e-01	   2.5078953297296536e-01	   2.6138987983146816e-01	   7.8795133312354459e-01	   6.6349191193479862e-01	   5.9729029694639546e-01	   5.3184391945070175e-01	   6.5461884465033793e-01	   2.9632934556226770e-01	   3.4724771759275730e-01	   4.2449988713685111e-01	   6.4297046571184346e-01	   4.5758890849445877e-01	   1.0722078390550756e+00	   9.5039051281809683e-01	   4.9399499235611799e-01	   6.2914118359487703e-01	   8.6546101026587352e-01	   8.0420541286194036e-01	   9.8727787020705282e-01	   8.1684085307765897e-01	   6.0409423125571504e-01	   6.4154432243999360e-01	   7.7382687465768618e-01	   6.2911711118509639e-01	   6.1296402275238759e-01	   5.0712647209976580e-01	   6.4944264875196567e-01	   5.4897419185442908e-01	   5.5413883115810592e-01	   5.1649549004382234e-01	   3.5271761685235270e-01	   4.7365824544592822e-01	   4.9943984763608051e-01	   5.7919332349645591e-01	   5.6062347581681671e-01	   4.8460540559235088e-01	   8.4619486263398369e-01	   6.8818844634375509e-01	   4.9363740557450159e-02	   1.1806831808674921e-02	   9.9606994904193746e-01	   7.2793479400765904e-01	   1.3883834377168722e-01	   7.0066505525817835e-02	  -1.0815569516195489e-01	  -1.4975600819112433e-01	  -1.7407317658056559e-01	  -4.4684820916294365e-01	   3.3905752257258115e-01	  -5.2880516644815224e-02	   2.2727143823591095e-01	   1.1975866836785561e-01	  -5.0018091095288142e-01	  -4.8403410536476721e-01	  -2.9871594522857997e-01	  -3.5523958196185274e-01	   1.4537457212390276e-01	   1.2254110613093153e-01	  -2.6404517958279188e-02	  -9.8420182467432005e-02	  -3.0312476035681074e-01	  -3.4458908148612383e-01	   4.1759615866927396e-01	   4.9363426815415057e-01	   1.7681061116687460e-01	  -5.4056443702370151e-02	  -7.4402647407539602e-02	  -4.9150562167136358e-01	
   7.9662154052460754e-01	   5.7777707198163375e-01	   6.1270160943080432e-01	   1.3024527103488115e+00	   8.0559158515980589e-01	   7.9128802199211112e-01	   1.1708965074870070e+00	   0.0000000000000000e+00	   6.4161584501213753e-01	   8.0631504162855894e-01	   6.4456947916686491e-01	   8.9503483872003575e-01	   7.1149803828908709e-01	   8.3691893756204438e-01	   5.7782988966202498e-01	   8.9196061731807164e-01	   5.4195030918157161e-01	   4.6312321345937230e-01	   8.2817404297428709e-01	   7.5788036166605310e-01	   4.6289768210555216e-01	   3.3664096684847611e-01	   5.3432310448200693e-01	   7.3862439468576990e-01	   4.2449002241074540e-01	   5.7657833685222837e-01	   4.8254291370541602e-01	   5.5392968274280874e-01	   4.4106390103389148e-01	   4.7632228604060700e-01	   3.7150994930116249e-01	   5.4899804090804794e-01	   6.6630593359532631e-01	   8.9198848645247009e-01	   2.7347378847336568e-01	   3.5072535172524461e-01	   5.8466299862053694e-01	   5.8108848196733043e-01	   7.7659934000502961e-01	   2.5390618903533713e-01	   2.9877158931860165e-01	   2.9705172376251021e-01	   2.8648525467803909e-01	   3.4431877825388191e-01	   2.0606687575576829e-01	   2.5838484335231826e-01	   5.0875333866482286e-01	   4.9308692466926407e-01	   2.8246672605789835e-01	   2.9807914449846667e-01	   7.1139542332906702e-01	   5.8213644477356774e-01	   6.5379145974158703e-01	   5.5151126793708061e-01	   7.3770623096631960e-01	   4.9525106515104128e-01	   5.2990041505142427e-01	   4.5221216000706588e-01	   6.6053339483790918e-01	   5.7368924482457240e-01	   8.8904887863444548e-01	   1.0344023239118794e+00	   4.7594542771217141e-01	   6.4917232212787856e-01	   4.1172237477377288e-01	   7.7598036805526260e-01	   6.6026811392483731e-01	   7.7184388654022218e-01	   8.2916179544705770e-01	   8.9259989354946556e-01	   5.1046850674572752e-01	   6.2896448415174511e-01	   3.5909755803553173e-01	   3.0564001418414577e-01	   3.7631410864651599e-01	   3.7851918287191233e-01	   4.0558457615357979e-01	   5.0579122833894130e-01	   3.6216272359032287e-01	   3.8622591799615696e-01	   6.1784954422562688e-01	   6.3168973624342806e-01	   4.6614854135485784e-01	   8.0364174394830790e-01	   5.4180460382383844e-01	   7.5321458934335961e-01	   3.2096708934306599e-02	   1.6415411980435354e-01	   9.3789831460367190e-01	   9.8027279428767466e-01	   4.2131047355773082e-01	   2.1302533596701431e-01	   1.8790000670873372e-01	  -4.8543561407244432e-02	  -1.0114109288082804e-01	  -2.3886126275101915e-01	   4.2553081439379764e-01	   7.6685066599829502e-02	   4.5221138267000655e-01	   2.9956123851019373e-01	  -1.8710011567236362e-01	  -2.5162758205504304e-01	  -3.4384865233236493e-02	  -1.0462546426063433e-01	   2.9419356870736735e-01	   1.9329420548442672e-01	   1.7475558580070025e-01	   8.8112717826276957e-02	  -9.6834339480508694e-02	  -1.6837032266332891e-01	   4.7571143395411875e-01	   5.9703993538119138e-01	   2.2172359286841109e-01	   2.0337631380087411e-02	  -2.4757096584831169e-02	  -2.8040237756001768e-01	
   4.3386558733237740e-01	   1.6158910865390594e-01	   8.7973038373856549e-01	   7.4045034685088984e-01	   9.4867585609772709e-01	   9.9173605297208456e-01	   8.7756073176696403e-01	   6.4161584501213753e-01	   0.0000000000000000e+00	   1.3079643806898387e+00	   7.7431197840974952e-01	   3.3248583859534581e-01	   7.8606118615185294e-01	   5.2959826176265523e-01	   9.9587174456907790e-01	   7.7485244353791283e-01	   1.2201728264324777e-01	   1.0487914028187216e-01	   7.7125450339176704e-01	   3.6766860401358359e-01	   5.7095349172800092e-01	   4.2021400782717711e-01	   1.0486029521156073e+00	   9.4769775849545579e-01	   8.4103174628623711e-01	   7.8723416691680925e-01	   8.5901754668661967e-01	   7.5721627381732182e-01	   4.7250029920378372e-01	   2.9680675415217139e-01	   5.8244554010077465e-01	   5.2386494643692560e-01	   4.5291494185977632e-01	   4.8720365494079088e-01	   7.7739737229005179e-01	   7.8864996129008880e-01	   3.5771893892161127e-01	   3.2615470316477646e-01	   4.0878812119278690e-01	  -1.5141579353610152e-01	   2.9733348369526325e-01	   2.7391826584638418e-01	   4.7933576207373996e-01	   4.4477503368468829e-01	   2.1718657195223001e-01	   1.3394536383133840e-01	   5.1784837323300015e-01	   4.5930612077671973e-01	   2.7511994541554224e-01	   2.7774574874460350e-01	   5.5297410928016733e-01	   5.4088001674556563e-01	   4.6508228229859278e-01	   5.3422692098240476e-01	   3.6477755333062017e-01	   8.0071178930616591e-02	   3.0051789144515820e-03	  -3.0626775803688738e-03	   3.2967983155719988e-01	   1.3107007891986872e-01	   3.9609116319959570e-01	   3.3634994364098758e-01	   5.7124704912057581e-02	   7.4099072055450924e-02	   7.4347214060396238e-01	   6.8738964037005779e-01	   6.5146308151128129e-01	   5.5576574729614836e-01	   3.9477184836059376e-01	   4.0527362926716581e-01	   4.3874808234649376e-01	   3.3888575315649438e-01	   3.0557094110147920e-01	   2.3553611799300733e-01	   3.4974146603017403e-01	   2.2970880928066048e-01	   3.4057585091024783e-01	   1.5947513780222827e-01	   2.5086987908955993e-01	   3.8256568154742454e-01	   4.2236622039296734e-01	   4.5837895350517760e-01	   6.2245073622285840e-01	   4.1370686952662195e-01	   6.7277875905518325e-01	   3.0992142708858217e-01	  -9.6048813430272675e-02	  -2.3717784300150374e-01	   5.1369119003123520e-01	   3.1777191298544244e-01	   3.8514077747056008e-01	   4.4815309138734566e-01	   1.5165525799187421e-01	   1.9532985772106387e-01	   2.0109560925589368e-01	  -1.8062175093577396e-01	   3.2365055666540926e-01	  -2.6675425916743947e-02	   2.3515568750742336e-01	   1.9934146421567142e-01	  -4.4041718865809765e-01	  -4.1717816312459699e-01	  -2.8192145058989609e-01	  -3.2085265315185540e-01	   1.6746568841657372e-01	   2.4724795264562588e-01	   5.2602280080597044e-02	   3.6083567474771232e-03	   7.0075210581008254e-02	   1.9276274251909542e-03	   6.2219255514886107e-01	   5.3933443129828440e-01	   2.5666899418268263e-01	  -3.8606563156640156e-02	   1.8606787957936888e-01	  -3.9336632861022930e-01	
   4.2758149868044804e-01	   2.3166205843677395e-01	   9.0472714666034815e-01	   9.3606656674752797e-01	   7.1316580559194631e-01	   1.2010527345744648e+00	   8.6593794868286711e-01	   8.0631504162855894e-01	   1.3079643806898387e+00	   0.0000000000000000e+00	   6.0650228989330557e-01	   4.3166987686337188e-01	   7.9980501330244635e-01	   7.5310013417423394e-01	   7.8372066422467923e-01	   8.9237204368485457e-01	   2.7913013747096566e-01	   2.8069912417366794e-01	   6.8188117692659900e-01	   3.8235000228277966e-01	   6.5488646123176375e-01	   5.6415172081628628e-01	   9.1813880222131983e-01	   9.7827507895237775e-01	   7.8277171420665737e-01	   8.6453433741972674e-01	   7.2038656430172920e-01	   7.4633816913669815e-01	   5.1018985288389385e-01	   4.0413235486864596e-01	   6.8955308227635004e-01	   7.6786300518197592e-01	   5.0981802210656135e-01	   6.2954127051689257e-01	   5.2607674715602104e-01	   6.7928192845137048e-01	   4.7801401914740149e-01	   4.4966008339967062e-01	   5.6352791224117538e-01	   1.1134296070622373e-02	   3.8726888386718739e-01	   4.1490301070998592e-01	   2.8351750832718503e-01	   2.6854017028864130e-01	   1.3199060198026236e-01	   8.9992946938276072e-02	   3.8581462668235555e-01	   3.7739304541300417e-01	   2.3105096187432392e-01	   2.9659293237187562e-01	   6.3142446822699161e-01	   7.2629607151108266e-01	   5.7388685118475979e-01	   5.9472731954228775e-01	   5.5312506400200179e-01	   1.9842155594043948e-01	   1.8036020112307263e-01	   1.6109507775054238e-01	   4.8445665249831482e-01	   3.0315122942336964e-01	   5.6577263756509577e-01	   5.6657995454863841e-01	   1.6570754461309214e-01	   2.1919910933556580e-01	   7.2090742605279523e-01	   8.4298733172248697e-01	   5.8912919749060744e-01	   5.7117327606883150e-01	   5.0094081225654397e-01	   5.1462717703413796e-01	   6.5684433049769486e-01	   6.6773039406508794e-01	   4.6049659245854957e-01	   4.3463263595145335e-01	   4.9692724973658636e-01	   4.2392548006222691e-01	   4.5037818954690217e-01	   3.5322106545718018e-01	   3.4674062633993413e-01	   4.5589929502837878e-01	   4.3405032808799793e-01	   4.9477261358124919e-01	   6.1401596262935909e-01	   5.6902540610027330e-01	   6.5047375072970903e-01	   3.9751349060390928e-01	  -3.6651301022854944e-02	  -1.6146356980082890e-01	   7.0731168163678482e-01	   4.6399703413299020e-01	   2.9988297629092098e-01	   2.5369480509920578e-01	   5.8035115112005757e-02	  -3.3628301829983123e-02	   6.8054641911400440e-02	  -2.7732750000799078e-01	   2.6079365141368249e-01	  -9.2826664913943341e-02	   2.5698542520840084e-01	   1.5645425493400561e-01	  -5.0036410955778599e-01	  -5.7935524501190216e-01	  -3.0006784844151391e-01	  -4.3927471330466833e-01	   2.3087422574894570e-01	   1.9348146446797090e-01	   8.5598396902171206e-02	  -5.5057456647159927e-02	   1.4805275503899065e-02	  -9.9699416090698739e-02	   4.2574055620102430e-01	   4.2927053744992971e-01	   2.9511057595721052e-01	   1.7351128053937209e-02	   1.8400683371124768e-01	  -3.7643040464383321e-01	
   8.6362552531641379e-01	   4.1943311492344165e-01	   6.2958387573238983e-01	   6.3562874238308087e-01	   7.7326866746767964e-01	   6.1554783093802856e-01	   7.5904349606679156e-01	   6.4456947916686491e-01	   7.7431197840974952e-01	   6.0650228989330557e-01	   0.0000000000000000e+00	   7.6668291459205651e-01	   1.2905766601278656e+00	   8.3662975480154178e-01	   1.0002948082172971e+00	   8.9978841522746322e-01	   5.2402248037600319e-01	   5.0336223949820780e-01	   7.9822159503491652e-01	   5.6682188749667073e-01	   5.6076012219665816e-01	   3.3927095698007975e-01	   6.8864363874012069e-01	   7.4090419421268150e-01	   6.0812692268037949e-01	   6.7480946414184739e-01	   5.2869092826223318e-01	   4.8058103182654094e-01	   7.5730993509779698e-01	   7.3835549577917337e-01	   6.0525101541463910e-01	   6.5510052237968208e-01	   7.1841617128283242e-01	   6.6408790352628411e-01	   6.0116061716168057e-01	   5.5158238086035083e-01	   5.5646503378414636e-01	   4.9100199546843315e-01	   5.9120756254863305e-01	  -2.4452084771652238e-02	   3.6480008325638280e-01	   3.8453037584533722e-01	   4.2792266322441791e-01	   4.4106940411939627e-01	   2.8687354890331435e-01	   2.0121185569409841e-01	   5.5262927418885788e-01	   4.9790528040794685e-01	   1.7865406331277597e-01	   2.5493419988112431e-01	   4.0381304443425231e-01	   4.0848969303548249e-01	   3.3498892566390492e-01	   2.8834845173344287e-01	   4.6713690407228159e-01	   1.4748680617674406e-01	   3.4695918928562713e-01	   3.4771991399027691e-01	   5.0824666613986724e-01	   2.7109433064149940e-01	   6.6329090745550201e-01	   5.5762132835927403e-01	   5.0362141511344705e-01	   4.8035285079546708e-01	   5.1674966304668224e-01	   6.4626023509076158e-01	   6.2852065835175819e-01	   4.9320214534775053e-01	   4.5957418625588897e-01	   4.8257758901481662e-01	   6.0085847291226457e-01	   5.1086763560064696e-01	   5.1284763913162679e-01	   3.9769055006787862e-01	   5.2810493797840274e-01	   4.1018359889476358e-01	   5.7701034787171090e-01	   4.2903225414041257e-01	   3.9079647230905473e-01	   5.8550450622798655e-01	   7.8691292064819018e-01	   8.4117692511806585e-01	   6.1145913137492425e-01	   6.2479319201804429e-01	   8.6932612520435260e-01	   5.7817360265539874e-01	   1.5526201018618838e-01	   2.9484968507406686e-02	   5.8454537759192193e-01	   4.9544341014048099e-01	   2.3019045847985220e-01	   1.8830102741421698e-01	   1.2771400556239285e-01	   8.0654296878408499e-02	   7.2071938182719356e-02	  -4.9637499048036188e-02	   4.8213931818359690e-01	   1.2535838562411256e-01	   3.0922474716864889e-01	   1.2954081806920872e-01	  -2.9935427172632895e-01	  -3.1735689438497605e-01	  -7.4681378146186764e-02	  -2.2394782815639791e-01	   1.8741300758867277e-01	   9.9353590416962428e-02	  -3.2297996401228685e-02	  -3.5263581278654747e-02	  -6.6865443434253130e-02	  -6.0093910113156450e-02	   6.7815947336907423e-01	   5.3332555929350423e-01	   2.1334857035741628e-01	   6.2992515616875189e-02	   6.3806751399727468e-02	  -2.8490605912720107e-01	
   8.1721469344904252e-01	   8.2151592524863792e-01	   3.1470728388602776e-01	   7.0378161963360197e-01	   4.6587159525137700e-01	   5.3716290761632690e-01	   6.3817967542632836e-01	   8.9503483872003575e-01	   3.3248583859534581e-01	   4.3166987686337188e-01	   7.6668291459205651e-01	   0.0000000000000000e+00	   8.0864710556509267e-01	   1.3531279899171700e+00	   4.2925328677218499e-01	   9.5359454217620088e-01	   5.5457076255908355e-01	   5.0405297179498210e-01	   5.2188693103076844e-01	   7.4980919734640972e-01	   5.2430538831491835e-01	   5.0863796995055988e-01	   2.9804360607598740e-01	   6.1984374980606094e-01	   2.8639542211148883e-01	   5.9576448940055926e-01	   3.2937633080970602e-01	   5.0912387539742276e-01	   4.3897544663057558e-01	   6.3324200100222550e-01	   3.0917035534369208e-01	   5.8823782151726456e-01	   6.1503001325126039e-01	   7.5220088235434779e-01	   1.5505972635888121e-01	   2.6611642427100635e-01	   6.1567907076309458e-01	   7.0005171799701871e-01	   6.8954006060401496e-01	   2.8319603229425139e-01	   4.4354047322205792e-01	   4.2886911283520668e-01	   2.5008674223816241e-01	   2.8929526234737296e-01	   2.0749140064431834e-01	   2.9067140282310600e-01	   3.9386858546463521e-01	   4.0927057179129089e-01	   3.3518400867342174e-01	   4.0339430951419603e-01	   5.5172464059631321e-01	   4.9330239729527037e-01	   5.3979706968331942e-01	   4.4937357106604237e-01	   6.8477576230496950e-01	   4.8428093609150180e-01	   6.9909301874709340e-01	   6.0078232123019393e-01	   7.3093111646157460e-01	   6.5220384294501677e-01	   7.8825000017773594e-01	   8.7333950816976724e-01	   6.4707647722739448e-01	   7.5317667674434863e-01	   1.3553330602798261e-01	   5.2441258253475842e-01	   4.7975211915298299e-01	   5.7684553090836366e-01	   7.0904155297471727e-01	   7.9707152443707852e-01	   4.8396478543780325e-01	   6.3659709535964681e-01	   4.2995187622649123e-01	   3.9969618122180078e-01	   4.5584963057643213e-01	   4.6493705195620050e-01	   4.5017769555079801e-01	   6.2727096245825609e-01	   4.2338947295898988e-01	   3.3161371542477952e-01	   6.8349058327097667e-01	   7.1749745953706034e-01	   4.1515462005406667e-01	   8.6705742183020285e-01	   4.5478748796852153e-01	   9.3351904317280265e-01	   3.1054803947368470e-01	   4.7160257168083597e-01	   6.3346834317032719e-01	   8.9386511714806072e-01	   3.2226000341938732e-01	   1.4815166436666113e-01	   1.2452496388536625e-01	  -5.7808726535711730e-02	  -2.4868964234723845e-02	  -6.0880637691426785e-02	   3.6603602180226208e-01	   1.2117573361645875e-01	   3.6242858141841988e-01	   2.3947379208354982e-01	  -1.3154399418936815e-02	  -4.7873766471640523e-02	   1.9497850998352309e-01	   7.8612984801355729e-02	   3.8966309388989173e-01	   1.1913704169478032e-01	   1.8257747338829874e-01	   2.3718368178435281e-01	  -4.0605952422482321e-02	  -4.5590710900914488e-02	   4.0800873884966099e-01	   4.1195473098602475e-01	   1.2133674389742996e-01	   5.4966447886348330e-02	   4.4538824034771295e-02	  -2.4881384095755599e-01	
   7.7298402425175827e-01	   3.9793840815952253e-01	   8.8054364436112043e-01	   7.4244743999020502e-01	   6.7897486640994964e-01	   7.7932788798092190e-01	   9.7507383901968614e-01	   7.1149803828908709e-01	   7.8606118615185294e-01	   7.9980501330244635e-01	   1.2905766601278656e+00	   8.0864710556509267e-01	   0.0000000000000000e+00	   1.1653807094526702e+00	   1.0270300393391978e+00	   1.0609437252885727e+00	   5.3149151701984543e-01	   5.5072022944385912e-01	   6.2136057840765324e-01	   4.3298860988258564e-01	   6.5245415986928579e-01	   3.6895203645375596e-01	   7.7418450595922650e-01	   8.4739833956759414e-01	   7.1519869286728543e-01	   8.4120957266445395e-01	   4.5116601877306978e-01	   4.6527496120112377e-01	   7.9652685908057685e-01	   7.3307549015609108e-01	   7.5315542882062592e-01	   9.0519147980459658e-01	   8.2039459696316286e-01	   7.9788957423442297e-01	   6.3260647155332028e-01	   6.2179841192719565e-01	   5.3449406360018170e-01	   5.0227917414820000e-01	   7.0985806328827949e-01	   1.9408285121968672e-02	   3.4749415115344595e-01	   4.1641432733933575e-01	   3.9302338113308233e-01	   3.8292346160550295e-01	   3.5238021476715503e-01	   2.3920957783134952e-01	   4.7464590269113782e-01	   4.6184258709887671e-01	   1.9834999374939918e-01	   2.7799281593560399e-01	   5.7665535684508418e-01	   6.0061182363282650e-01	   3.5571155807711929e-01	   2.8852129112677322e-01	   6.6307980563674085e-01	   2.3088990190071557e-01	   3.4514620848521999e-01	   4.2817849967903038e-01	   6.3754350962539941e-01	   4.0238338968366988e-01	   1.0597461496621918e+00	   8.4204276740985107e-01	   4.6590305039654584e-01	   5.4811624496740374e-01	   7.3972780550409412e-01	   8.6012821632106329e-01	   7.7722331199849914e-01	   6.0913337832838399e-01	   4.7976580035290028e-01	   5.1158447950683583e-01	   9.4541949635662659e-01	   7.6642280187352341e-01	   7.7489407737147531e-01	   6.6205136037809065e-01	   8.2119396628971919e-01	   6.8156820416590813e-01	   7.8172651788150660e-01	   6.4497195868249735e-01	   3.6628875935503508e-01	   5.4171820988330088e-01	   5.6171344403922019e-01	   7.2117238669524431e-01	   5.9244073763511862e-01	   5.9992107254417537e-01	   9.2989830934447004e-01	   7.2175825071650890e-01	   2.6247052255428110e-01	   1.1489221453267164e-01	   8.3642343731573576e-01	   6.0435771127674676e-01	   6.2371130863560685e-02	   3.8670431975170248e-02	  -7.2791449118630586e-02	  -6.5195758218584962e-02	   5.4654401236351575e-02	  -1.2279324382093869e-01	   4.8761102092263803e-01	   1.0007720082833073e-01	   2.3141650091975763e-01	   4.4555938022594929e-02	  -4.4231447207087760e-01	  -4.5238735976430799e-01	  -1.9827898290634602e-01	  -3.7681463005183380e-01	   2.0134706867113375e-01	   1.0039438148186822e-01	   7.7357389124255188e-02	  -5.3495243161440068e-02	  -1.4530491302150705e-01	  -1.5351169497898698e-01	   5.1309830041631699e-01	   4.3815849823661335e-01	   2.4207293578409156e-01	   6.1377944213502747e-02	   9.3785619781391882e-02	  -3.0075937340168080e-01	
