   0.0000000000000000e+00	   1.4746227840790072e-01	   2.2171249221832690e-01	   4.2521754946605500e-01	   7.9166592436367456e-01	   6.6270234175646781e-01	   6.5448988636595229e-01	   5.4533169184537389e-01	   7.4345081834530558e-01	   5.8819752115767043e-01	   7.7904220245348565e-01	   8.9535248807485956e-01	   3.7484043798861294e-01	   4.6352256846397888e-01	   5.1344733945292642e-01	   3.9806971171515199e-01	   3.7471993768085571e-01	   2.2812635882186383e-01	   8.7714229601419247e-01	   4.3683862753652314e-01	   2.9282120726945704e-01	   2.8246847773156303e-01	   2.9549987453452192e-01	   2.3665750190428447e-01	   5.4563334169484105e-02	   4.6688614446099987e-02	   2.5381202891644944e-01	   2.3634779749835316e-01	   8.4612674351362505e-01	   5.6107381132188505e-01	   3.3985407260534711e-01	   4.1068086546863403e-01	   4.2114580565646709e-01	   3.0740518090179003e-01	  -1.6349552437586262e-02	   5.5459801040656509e-02	   1.4437651719107682e-04	   1.2113943716991082e-01	   4.9425466216722804e-03	   2.9477738171656005e-02	   5.7467732403569054e-02	   2.5903049033640844e-03	   1.1265687796632362e-01	   4.5364273474930994e-02	   4.4279331048442000e-01	   3.6730587763660194e-01	   2.1637476350381030e-01	   1.5253522443125780e-01	   2.7048433749416589e-01	   4.6598916624461822e-01	   3.4353159930947430e-01	   1.2321311815217273e-01	   4.2877236706530558e-01	   9.2444833984709290e-02	   1.5012676017705806e-01	   5.6669401828300832e-02	   3.1350837815107679e-01	   1.9165965267534138e-01	   7.3958127661794504e-01	   3.1819759050218199e-01	   7.5532607912835004e-01	   6.4621912584232477e-01	   2.7682386845578266e-01	   4.8635560195396932e-01	   4.7893595862457922e-01	   3.2014043992880259e-01	   4.4900577623333671e-01	   3.4792793215101508e-01	   1.4453228176179625e-01	   4.2681935416601746e-01	   5.1321020350702684e-01	   4.5386052007965305e-01	   6.0859524882044858e-01	   4.2898910292952153e-01	   8.0480343241609431e-01	   6.2101817533981429e-01	   3.6206307453886238e-01	   3.4788283602691461e-01	   2.0816426009384759e-01	   1.5227578241439119e-01	   3.8947642703165009e-01	   3.1405992826441675e-01	   2.4945019000320451e-01	   3.7223943725271336e-01	   4.2454322657945942e-01	   2.5121651642563536e-01	   1.6316653477849961e-02	  -1.3517306806416696e-01	   4.0811140001697460e-01	   5.8744227185248565e-01	   4.2977177684209089e-01	   5.2609667569786855e-01	   5.9989659464829170e-01	   5.1297405501049598e-01	   3.7600708642468443e-02	   2.2007573060022140e-01	   1.5821968827305949e-01	   1.7296826578734509e-01	   2.6884412973554245e-01	   3.6809798928329579e-01	   6.3518270624768269e-01	   7.3761272020715951e-01	   4.1793698040352539e-01	   6.7540635795458881e-01	   2.2638808711112773e-01	   1.7758289864624047e-01	   3.4211612401453156e-01	   1.4528484215935411e-01	  -1.0490656623992545e-01	  -2.8927982080817507e-02	   1.4417838102507993e-01	   2.8832338176664163e-01	   5.6920682519642485e-01	   3.8700990242974020e-01	   3.1489278561532369e-01	   1.2848875928626941e-01	
   1.4746227840790072e-01	   0.0000000000000000e+00	  -2.1888201565255094e-01	  -1.1545357891909606e-01	  -1.6770750076495583e-01	  -2.5649379093894520e-01	  -5.2951766675144918e-01	  -2.9661213288628746e-01	  -3.2007633840980554e-01	  -3.1906750883536067e-01	  -1.0546197896533921e-01	  -1.6321498488294631e-01	  -3.9829010149385147e-01	  -3.3979286792563268e-01	  -1.9594685322109462e-01	  -3.0063053385735683e-01	   7.3285567390042328e-01	   8.9608477670330078e-01	   1.8082261491329243e-01	   6.0420081353589061e-01	   2.6031231587557080e-01	   3.3261818362791257e-01	  -2.2975317132546663e-01	  -3.0676024563487647e-01	   5.5398742324432225e-02	   2.6980112869757905e-02	   2.0679847330870932e-01	   1.1853091463986337e-01	   4.4676473114295283e-02	   1.0997947679541492e-01	  -7.5802770490378535e-02	  -1.7841325130783672e-01	   2.6597651264395789e-01	   2.9379980942644857e-01	   1.2456010609819324e-01	   2.2160090008473310e-01	   3.4459249189810826e-01	   5.0228674324237876e-01	   3.9850807546535677e-01	   4.8766462301388469e-01	   4.4397204426281367e-01	   7.5034602469138068e-01	   3.3840261727800014e-01	   3.5896242494455394e-01	   2.4470522638730136e-01	   3.7869507125438451e-01	   2.4313284553274928e-01	   3.0625404461184902e-01	  -2.3433113206173464e-01	   1.4658559911118832e-01	  -1.1645867655808326e-01	  -1.9769189240837512e-01	  -3.0978268481122256e-01	  -3.3676606983187840e-01	   1.3714255279101345e-01	   2.5175262279048416e-01	   7.2344263395163277e-01	   1.4349753420426477e+00	   3.0102712051625435e-01	   5.6180582240568000e-01	  -1.2257430473114175e-01	  -1.0598555079425476e-01	   2.6271864107119414e-01	   1.6015158109320518e-01	  -1.3094257135248658e-01	  -1.9878356989723744e-01	   1.9456260120987823e-01	   2.6443250444484240e-01	   2.0328838921768771e-01	   7.1358302823360822e-02	  -1.8286421711299658e-01	  -1.9118994569927400e-01	   8.1160759957671913e-02	   1.6851869849967988e-01	  -2.6355365868089634e-02	   8.6112008675197013e-02	  -9.8480730250116333e-02	   1.1460866107302312e-01	   6.3148189556861589e-01	   8.3391549714493074e-01	   6.2601654257902628e-01	   7.1370073681240320e-01	   3.9695073681360621e-01	   4.7156970800212661e-01	   2.8988654479525816e-01	   3.0905875918530784e-01	   5.8053332795476531e-01	   5.5620010642205286e-01	   7.5709438335573257e-03	   1.6534869572264677e-01	  -1.2079636694270196e-02	  -2.4554970995813485e-01	  -1.4198553191643454e-01	  -2.2571979714589033e-01	   1.9140971279814387e-01	   2.2596162989440199e-01	   5.8913971307929081e-01	   2.2906813786282665e-01	   4.8432770484530618e-01	   1.7313178290572251e-01	   1.7218567906622229e-01	  -1.0788144487884721e-01	   7.2015265420138819e-01	   3.8890075992809936e-01	   4.4329375145608807e-01	   1.0923346062908559e-01	   4.0668419984470905e-01	   7.8992811816944300e-02	  -4.7602144476497091e-02	   1.9382062771228287e-01	   5.0540080681209787e-01	   2.9575167010231596e-01	  -3.6778001914792267e-02	   5.4086375684432753e-01	   1.3130142501866540e-01	   3.5291093802375245e-02	
   2.2171249221832690e-01	  -2.1888201565255094e-01	   0.0000000000000000e+00	   7.5315242017567285e-01	   4.8989157245810788e-01	   3.0916121822070419e-01	   5.0844433208836226e-01	   1.4039854692279768e-01	   3.9791764278782432e-01	   1.8280772655937691e-01	   1.8399679884504663e-01	   1.9945854466360080e-01	   8.0275426198597594e-02	   1.0299913088358437e-01	   5.9003851991988476e-01	   7.0203019720697646e-01	  -3.1419543671738026e-01	  -2.5812514477472537e-01	   2.9859351242493681e-01	  -1.1012102484378790e-01	   3.9647251993647065e-01	   1.0220332976440939e-01	   1.3235947181616949e+00	   1.1850362975726128e+00	   8.1467095245054577e-01	   7.4245495086986280e-01	   5.5840494601224888e-01	   5.8564565133345414e-01	   2.0153171241628706e-01	   1.2309088810053201e-02	   8.9735009635766882e-01	   7.3673598038688970e-01	   2.0454358054175814e-01	   9.4124052871619651e-02	   7.1071977752896465e-01	   5.9432980447401940e-01	   2.4179922028110906e-01	   5.9538859354850496e-02	   2.4683423540864569e-01	   1.4177818178586243e-02	   2.4171309266329116e-01	  -9.9182475987001625e-02	  -4.0273610969069629e-01	  -4.2290500761542577e-01	  -2.1585989401845199e-01	  -2.5853808594831251e-01	  -3.3082015473026799e-01	  -2.7530458881472841e-01	  -1.8667399231646520e-01	   1.8664985550035357e-01	   3.5597587032579348e-01	   2.5843459960508008e-01	   1.6997268179261665e-01	   4.7827516424155342e-01	  -5.0125821216193210e-02	  -5.0564141898944745e-02	  -4.2489936215780133e-01	  -1.4394980099850788e-01	   4.0597824696707981e-02	   1.2390197489264948e-01	   1.8489769461598393e-01	   1.2727548647143003e-01	  -1.4044106139332807e-01	   5.4221578245502902e-02	   8.8633305611060575e-01	   5.2173948927563929e-01	   1.3041150688597725e-01	   4.7605383507076514e-02	   8.1562674213476280e-02	   2.7878559742518016e-01	   3.6976159976255790e-01	   8.7070551923673356e-02	   8.3444082148424192e-02	   2.9564519575380848e-02	   2.0000999803297936e-01	   1.2680376204723698e-01	   2.3322613262907449e-01	   1.2038877674893719e-01	  -4.3267597238809752e-01	  -2.8364676491149959e-01	  -2.6204871130685148e-01	   4.5548215781528893e-02	   3.7796664458476448e-01	   2.4034166539048948e-01	   5.9121149035084974e-01	   6.0985354089814303e-01	   2.3919193056675128e-01	   1.7134876454371253e-01	   6.4514875925335879e-01	   7.3697118223648195e-01	   1.7501743854270135e-01	   6.2750905529104162e-01	   3.6556415651371449e-01	   7.0366438463404213e-01	   1.9663557449031255e-01	  -3.4641607878753852e-02	  -6.7807650311945425e-02	  -2.7238079721439667e-01	  -2.6761532709520436e-01	  -1.8676309071520142e-01	   3.2764487208309878e-02	   1.6255607384134202e-01	  -2.0374450292489275e-02	  -9.3797502910156386e-02	   5.4220001623464138e-02	   1.7401183995679603e-01	  -5.6985082574193754e-02	   2.1974751795369407e-01	   9.6313274095302812e-02	   1.1753264150889646e-01	  -1.6139444747732265e-01	  -3.6293634134518651e-02	   1.3090010262284188e-01	  -3.6002323328853739e-02	   1.6754731589109567e-01	   1.1952072503417523e-01	
   4.2521754946605500e-01	  -1.1545357891909606e-01	   7.5315242017567285e-01	   0.0000000000000000e+00	   5.7715900347921356e-01	   6.5965009560917520e-01	   5.6344180216935047e-01	   4.8844371887136118e-01	   4.2726997816059603e-01	   3.8253330194411339e-01	   2.2613132602632555e-01	   4.1523185910096955e-01	  -7.0086817318501415e-02	   9.8119279346285795e-02	   2.1861213018524309e-01	   3.0870863507938973e-01	  -1.6441231082191410e-01	  -1.2257782592755782e-01	   4.3154934148123253e-01	   3.9794837362674161e-02	   1.9316097180056235e-01	   1.2527637820606027e-01	   6.8300942795752440e-01	   1.1209917827064424e+00	   3.4709517454084848e-01	   5.3130774608917375e-01	   5.1967140279358293e-01	   7.1378930700137255e-01	   2.0986847248842777e-01	   9.1183118792460896e-02	   5.5147729474899920e-01	   8.8813053296612787e-01	   1.2722367045403263e-01	   1.6067469798467138e-01	   3.6715114242371344e-01	   4.1926921728841149e-01	  -5.8796656858765464e-02	  -8.1229328467839496e-03	  -9.9218393531521745e-02	  -1.3965332188336299e-01	  -6.7290160142946337e-02	  -1.7885364009265203e-01	  -2.3368351321707531e-01	  -2.1585333502875004e-01	  -8.0265566917896075e-02	  -2.7836302750085008e-02	  -2.3818777986537853e-01	  -1.5828394812154969e-01	  -1.9053378291077230e-01	   2.9502213093816937e-01	   2.7697290926087303e-01	   2.5195817350877570e-01	   8.3026367824904260e-02	   3.2071847711702339e-01	  -1.7746363453366149e-01	  -1.1479008873756108e-01	  -2.2958527248670094e-01	  -7.5863078133743711e-02	   1.0955246632681154e-01	   2.1480181197213846e-01	   2.3456155888716540e-01	   3.0164498271879719e-01	  -1.4452059601660960e-01	   4.7828551048572795e-02	   8.1352035222154673e-01	   1.0888031682451202e+00	   1.8343508838697331e-01	   2.5079564421664385e-01	  -2.5104383175167336e-02	   2.0411361697182140e-01	   4.6221207567551942e-01	   4.5050485963847597e-01	   2.3689564755151890e-01	   1.6339680494218950e-01	   3.8986069306865878e-01	   3.2127253747901569e-01	   2.6068543883850415e-01	   3.8631732483050413e-01	  -1.4683375973730362e-01	  -9.9354751901964064e-02	  -6.4824877677443993e-02	   2.9843131663093308e-02	   1.6204052377067107e-01	   8.0107320782371497e-02	   5.2876088929032439e-01	   4.3852669743883554e-01	   9.5293370106067143e-02	   8.0228845900865292e-02	   4.2210799224778328e-01	   5.0319704107244834e-01	   4.4753921794911106e-01	   5.7485571540342073e-01	   7.1037431211411373e-01	   5.6763724080310629e-01	  -1.2202290250949742e-01	  -5.4014456273090823e-02	  -2.1338054500409914e-01	  -3.2125764934200712e-01	  -8.2509123386864808e-02	   1.5769140681034688e-02	   2.6236765041759880e-01	   2.5279633994244111e-01	   1.2149123917435435e-01	   1.0834018996344802e-01	   1.4261766130056136e-01	   2.0357033534235397e-01	   1.7065842304558040e-01	   1.6450039030593111e-01	  -6.9283590711092496e-02	   8.9286895690689566e-02	  -1.9104750674673171e-01	  -1.0867568953492987e-02	   1.0939069574783787e-01	   1.6714960735962181e-01	   2.9511284976789876e-01	   7.4990583323920695e-02	
   7.9166592436367456e-01	  -1.6770750076495583e-01	   4.8989157245810788e-01	   5.7715900347921356e-01	   0.0000000000000000e+00	   1.0108322667923697e+00	   9.3079831315331940e-01	   7.5542363133223045e-01	   1.1536570823213685e+00	   7.0595114031892259e-01	   4.4782103261203876e-01	   7.4913202412258151e-01	   4.9677310416626297e-01	   5.4891799938510144e-01	   5.4801747970993098e-01	   5.8283102619470717e-01	  -1.3790773379897853e-01	  -4.6909125396470852e-02	   6.7223324588151334e-01	   3.4332311881320765e-01	   2.0058382908170835e-01	   1.8522912082211568e-01	   5.4979248749935405e-01	   4.8756108599130826e-01	   2.6442450007363971e-01	   2.2195166075686251e-01	   4.0160895182199052e-01	   4.2636118585628779e-01	   4.2815180224224991e-01	   3.7535124660141739e-01	   5.1118432238575751e-01	   5.6099947327902899e-01	   2.7955789718411994e-01	   2.4930299157217334e-01	   1.8544377219731037e-01	   2.5443020075027334e-01	  -2.0821617340270060e-01	  -1.6771695962706090e-01	  -1.1438063495441753e-01	  -1.3628214884297249e-01	  -1.3102697335795713e-01	  -2.7853122768305749e-01	  -8.7000212204455113e-03	  -8.7688331342905823e-02	   2.6066513044204720e-01	   1.3227524313701522e-01	   9.8939203325563940e-02	   5.7743429411782232e-02	   3.6705745629434550e-01	   4.3961132473149639e-01	   6.3348670069760871e-01	   2.8952723924460289e-01	   6.8924326428167326e-01	   4.5799283838108079e-01	   4.3670847935392061e-02	  -6.1105917800410914e-02	  -4.8027233328458464e-02	  -6.2075052375409639e-02	   5.4806331504925687e-01	   2.2608207078963738e-01	   8.5089331337505225e-01	   8.0674956300253231e-01	   9.6164569972406883e-02	   4.7738545748223860e-01	   6.0337432096177324e-01	   3.4009135964037479e-01	   4.4285703560348399e-01	   3.4871686320225892e-01	   1.9503971066994163e-01	   6.1198861112435288e-01	   6.0580917469186502e-01	   5.4336078186311210e-01	   2.4985208523288902e-01	   2.7623999138444055e-01	   5.0331100945536500e-01	   4.8247596214194144e-01	   2.7874733389360329e-01	   3.1422143757353649e-01	  -1.9989622702896875e-01	  -1.2237599866060377e-01	   5.4924352097428302e-03	  -3.3735925987914321e-03	   5.0521283225032645e-02	   1.3642727370183449e-01	   1.5384925358493295e-01	   6.6683288140293576e-02	  -9.5052763836840914e-02	  -3.1676195447050931e-01	   4.5548302754207537e-01	   5.1821517890175650e-01	   6.4904312339876424e-01	   9.1892771417440700e-01	   5.9374173481042547e-01	   7.5418592652460126e-01	  -1.2417391199076305e-01	   2.0199525891136060e-02	  -1.0987498714628378e-01	  -1.8668917340073948e-01	   1.4970401648964698e-01	   3.1025449720443043e-01	   4.2738818158098507e-01	   6.7635007152798166e-01	   1.4424582913322831e-01	   3.3234904717306629e-01	  -5.5594453722656858e-03	   6.7553018235864343e-03	   4.6813648824791845e-02	   7.8213009676002906e-02	  -3.0897589269776915e-01	  -2.7621021800051937e-01	  -9.0786848193825320e-02	   2.8552022340243410e-01	   7.4386337687883231e-01	   8.5455725393608267e-02	   2.2547647227521178e-01	   1.9615824562433010e-01	
   6.6270234175646781e-01	  -2.5649379093894520e-01	   3.0916121822070419e-01	   6.5965009560917520e-01	   1.0108322667923697e+00	   0.0000000000000000e+00	   8.8981326739831446e-01	   9.3300737976049242e-01	   8.7926507736009962e-01	   1.0661449647959549e+00	   3.3243897535670802e-01	   6.3364282601295174e-01	   3.5317796345046687e-01	   4.6614418780910577e-01	   3.4399088906053865e-01	   3.8076788391099642e-01	  -1.7857029607282407e-01	  -2.2910061434249371e-01	   5.8450576395860210e-01	   1.7669659980299229e-01	   1.1136956824276589e-01	   1.6541341643786237e-01	   3.9244167454809831e-01	   4.6271904863855950e-01	   1.3284628291737988e-01	   2.5346228952985461e-01	   3.1047890984479060e-01	   4.7045622397626863e-01	   4.2151689662805530e-01	   2.5593135309823933e-01	   3.3682189027562337e-01	   5.5476737485323668e-01	   9.7393275872471638e-02	   1.0591035550767154e-01	  -5.6881102922338715e-02	   3.4828622411323902e-02	  -2.6270645032913914e-01	  -1.5752705067864034e-01	  -2.7320639671053937e-01	  -2.3494582759571631e-01	  -1.3808387009350262e-01	  -3.2813995646431510e-01	  -7.5923861637797255e-03	  -5.4511404513846715e-02	   2.3720872142824437e-01	   2.1806911351173291e-01	   9.5119284925518133e-02	   5.6713037745311785e-02	   3.4122765305841329e-01	   5.7759445513497831e-01	   5.3628918441798157e-01	   4.9496246905324037e-01	   5.5020398646734892e-01	   4.3889780390971933e-01	   2.0617597508402464e-02	  -3.8317879890725826e-02	  -1.0712599497825397e-01	  -2.6861946058141206e-01	   2.6884944800731064e-01	   8.3299248618398949e-02	   5.1660571939754973e-01	   6.0705173520579081e-01	  -1.3815537137499827e-02	   1.6048748459462348e-01	   4.4672398950150238e-01	   5.0165070100416964e-01	   2.4913661317050922e-01	   2.3206329487129015e-01	   1.7399551047520118e-01	   4.8537592108921945e-01	   5.2613007508989851e-01	   5.9380408607955693e-01	   1.9456532502969195e-01	   1.5486887788401599e-01	   4.3371806338889041e-01	   3.4546649739918506e-01	   1.9243535404709822e-01	   1.4792636393867453e-01	  -1.3294237808931536e-01	  -2.5459277635699956e-01	   4.8027077610834953e-02	  -9.5909861178679987e-02	  -9.3640382317828447e-04	  -5.2959389011269294e-02	   1.6330426222569810e-01	   2.3781943503594007e-02	  -2.1303224296501783e-01	  -3.7396502252624431e-01	   3.4829144080538377e-01	   3.9392314608151074e-01	   4.1436741693506685e-01	   4.7212257230524579e-01	   4.2199911265490125e-01	   3.8421622096695796e-01	  -3.3129044657782158e-01	  -9.1949130273588711e-02	  -3.2857082399817872e-01	  -2.6483627931190423e-01	   4.3261111363249387e-02	   2.0488453176664798e-01	   2.1181880780870727e-01	   3.1644686769093044e-01	  -7.3496403427609117e-02	   1.1707253429797718e-01	  -1.1655837021092191e-01	  -1.4022867943133502e-01	  -4.1865666451558307e-02	  -1.9902968482958725e-02	  -3.2150609217334458e-01	  -3.2436824103679618e-01	  -1.8268483896474100e-01	   1.6481385111609773e-01	   3.3798062577072335e-01	  -3.2690801136574070e-02	   1.8547483068696191e-01	  -2.2537289630968388e-03	
   6.5448988636595229e-01	  -5.2951766675144918e-01	   5.0844433208836226e-01	   5.6344180216935047e-01	   9.3079831315331940e-01	   8.8981326739831446e-01	   0.0000000000000000e+00	   1.1596045009515692e+00	   8.8712455903975007e-01	   6.5597065660454401e-01	   4.7655024748117475e-01	   8.2574833599821840e-01	   5.9531531714749286e-01	   5.1067241507963490e-01	   4.9569111661894316e-01	   6.1311770089290063e-01	  -1.2435004329664334e-01	  -2.8647530844144192e-01	   5.6062011033354053e-01	   2.8312348944204542e-02	   9.7213012703968885e-02	   3.1784040862108169e-02	   4.9833678242817125e-01	   4.6656486777076545e-01	   7.7119743494226997e-02	   9.4923365058513093e-02	   9.6715835753463306e-02	   1.4266478366260149e-01	   6.6328698158025767e-01	   4.8601522484042003e-01	   6.2701520671048028e-01	   7.6641824410688297e-01	   4.0454574153404382e-01	   3.6005714776868047e-01	  -2.8462998944389483e-02	   1.7214764465086761e-02	  -3.0937393024801008e-01	  -3.8630893451430287e-01	  -2.6292771797065823e-01	  -3.5686156974042943e-01	  -1.9724291593508714e-01	  -5.4973449738623126e-01	  -5.2247759893387508e-02	  -1.0861225861690212e-01	   3.3150674747329179e-01	   1.9696279221370086e-01	  -1.0023629779806049e-02	   6.2172573161064938e-03	   3.4982118864357559e-01	   3.0516875467331239e-01	   3.3530806918147182e-01	   1.5282976676476098e-01	   4.5850407002039462e-01	   2.8674820751621516e-01	  -1.5260804796506514e-01	  -2.4615176193097063e-01	  -2.3885228980907453e-01	  -4.4560561128874421e-01	   4.1379368785200904e-01	   3.5480129039229284e-03	   7.9911329598073289e-01	   7.0129427566465574e-01	   2.0495568847168794e-01	   3.9939849960479196e-01	   6.1212107383318148e-01	   3.9681580828987212e-01	   5.3318811440136471e-01	   3.8815150178346969e-01	  -1.5199895329030272e-01	   2.3056648937075958e-01	   6.0099914516842290e-01	   5.2048144388127282e-01	   3.9023707000384095e-01	   2.1930760488494866e-01	   5.4781950460809248e-01	   4.1553525048662987e-01	   2.8626893467401637e-01	   2.8369250593411305e-01	  -2.3278162312099657e-01	  -3.2031792830115829e-01	   4.7640129635188030e-02	  -8.5181321304870036e-02	  -9.5523509303197789e-03	   8.0914020332183242e-02	  -1.8084518753602157e-02	  -8.7301306385363930e-02	  -4.1341561582004810e-01	  -6.0661455337241610e-01	   2.5790238136651145e-01	   3.1357006058055398e-01	   4.8196300993516927e-01	   8.4987284906989358e-01	   5.9087794644730929e-01	   6.6360987866790500e-01	  -1.2055045047851075e-01	  -8.8508644105213821e-02	  -3.0295518451704745e-01	  -2.1534228923518814e-01	  -9.8974114147933723e-02	   2.0297222941987167e-01	   4.1994412509637569e-01	   7.3646317191469213e-01	  -7.4927463087905793e-02	   2.3264172658315635e-01	  -2.1693691158127765e-01	  -4.4989776687889442e-02	   4.3813103934308643e-04	   3.4035829717688142e-02	  -1.2149473313070272e-01	  -3.2258116164086958e-01	  -1.5350745891519435e-01	   1.5911662760236991e-01	   4.9906929701222358e-01	  -1.4233261541248776e-01	   6.7706437116735546e-02	   2.5252494831605684e-02	
   5.4533169184537389e-01	  -2.9661213288628746e-01	   1.4039854692279768e-01	   4.8844371887136118e-01	   7.5542363133223045e-01	   9.3300737976049242e-01	   1.1596045009515692e+00	   0.0000000000000000e+00	   6.7474710412588090e-01	   6.8569367013023108e-01	   3.8615103516008875e-01	   9.0487176838787486e-01	   4.2703077772762243e-01	   4.6903847186267750e-01	   2.0758892239833757e-01	   4.2859163199762051e-01	  -1.5386900778032234e-02	  -8.8803098691267401e-02	   5.1062287437259690e-01	   1.3677711661780759e-01	   2.0801175950283385e-02	   1.6771626866758493e-01	   1.4060555325486015e-01	   2.2827931896536346e-01	  -2.0087958344075799e-01	  -1.2263190612229803e-01	  -6.8471818756291214e-02	   2.3821112901820086e-02	   6.3767979666532970e-01	   6.3139351932917120e-01	   4.2965848707556170e-01	   6.7258815162987706e-01	   3.5989661276818841e-01	   4.8972965998966367e-01	  -2.2604808483529196e-01	  -6.2966277356497471e-02	  -4.7222386214551382e-01	  -3.9643001604855788e-01	  -3.8178902432021677e-01	  -3.0157767277885372e-01	  -1.9858647679968253e-01	  -3.8601071385883329e-01	   1.2515581750868557e-01	   8.2902974472331428e-02	   5.3753135053499801e-01	   4.6994620337994703e-01	   1.3602359033113645e-01	   1.8578113146515143e-01	   4.4352327779466089e-01	   4.1313432155573038e-01	   2.2818075064980253e-01	   1.3198008365084396e-01	   3.4549295317841405e-01	   1.1391747405969477e-01	  -1.9084336635537522e-01	  -1.9961943283721226e-01	  -9.3384867214635250e-02	  -3.0587925406919469e-01	   4.5725754093544424e-01	   1.1951408090522005e-01	   6.9518785751067780e-01	   9.6338766543629195e-01	   3.1553557584940600e-01	   5.4757356604745167e-01	   3.2259335039638348e-01	   3.1058632008443227e-01	   6.5509143734677777e-01	   6.5257830578482046e-01	  -2.3617255866166892e-01	   1.0196867857745216e-01	   5.9660622223839876e-01	   7.8875922576032598e-01	   4.0194862430617512e-01	   3.0345620320909533e-01	   4.8639080240330718e-01	   4.9608621760739380e-01	   1.8933707778802814e-01	   3.6960745601628153e-01	  -5.1465747269837471e-02	  -1.4097613884581098e-01	   2.0011637963187570e-01	  -7.5963009461970016e-02	  -6.2400995308470521e-02	   5.2753115769741649e-02	  -2.3963234983847487e-01	  -3.5468527124283716e-01	  -5.2809976817515270e-01	  -7.7263717485033478e-01	  -1.2767228935637942e-03	   1.1880594664465072e-01	   5.7009466700891542e-01	   5.5913268398607119e-01	   5.4700308803195064e-01	   3.3628228136179927e-01	  -3.9650873650611107e-01	  -1.5627286391021444e-01	  -3.3620785576278212e-01	  -2.4480837595710198e-01	   1.0297452928374487e-01	   3.6340156213358332e-01	   5.6246973139629963e-01	   6.1924517817368563e-01	   6.3554283395880456e-02	   3.4554554501345286e-01	  -1.5766201623217352e-01	  -1.6116447495391659e-01	   1.3688324877646380e-01	  -3.7999840321119749e-02	  -3.4234229509235803e-01	  -4.6057776319884214e-01	  -1.0448116315841223e-01	   2.7855790871318703e-01	   4.9396274142471741e-01	  -8.5707734225555901e-02	   4.6519917916688018e-02	  -3.6618286049404550e-02	
   7.4345081834530558e-01	  -3.2007633840980554e-01	   3.9791764278782432e-01	   4.2726997816059603e-01	   1.1536570823213685e+00	   8.7926507736009962e-01	   8.8712455903975007e-01	   6.7474710412588090e-01	   0.0000000000000000e+00	   1.0324754160420231e+00	   5.9410104261900454e-01	   7.7238823929169431e-01	   7.4099304001564748e-01	   7.7993412142642649e-01	   7.9578697312692936e-01	   7.1275887178320407e-01	  -1.1610664215581917e-01	  -1.0541695939383972e-01	   4.4140924143166688e-01	   7.2597465373971895e-02	   9.8850367050299912e-02	   8.5227132328009561e-02	   5.3028046343450663e-01	   4.4296914642956586e-01	   1.0188402923706347e-01	   9.7018962961791633e-02	   2.2576348652001432e-01	   2.6785811694897799e-01	   5.0399383267515341e-01	   3.7358242043950668e-01	   2.9568594772459933e-01	   4.2101187093475667e-01	   1.4564009703836087e-01	   8.7476567813878164e-02	   7.6184485542936720e-02	   4.9347298682164559e-02	  -5.0706903441030578e-02	  -9.4984930018722102e-02	  -2.2851717593824688e-02	  -1.2537403951642281e-01	  -1.1184058672218423e-01	  -2.3738829446295928e-01	  -6.7272619711225057e-02	  -2.0246513167292596e-01	   1.7931215562526356e-01	  -1.1832555657746720e-02	   1.1193218346605516e-01	  -3.0471677991820635e-02	   5.2064952147303067e-01	   2.3480424684010762e-01	   6.5305029117974056e-01	   3.5921499408558116e-01	   7.7528299278822266e-01	   3.6554004212149993e-01	   2.1453925403713733e-01	  -6.7666673129848115e-02	  -1.2293050596035313e-01	  -2.3603661398678577e-01	   4.8178360779370005e-01	  -2.6443278131162110e-02	   9.8466142871716267e-01	   7.2868314480736163e-01	   4.2788577653318838e-02	   3.3578581986755229e-01	   6.2029181986091708e-01	   3.1558339285605586e-01	   1.9241246000033649e-01	   1.0349727840282204e-01	   1.5449714932008371e-01	   4.9111969352915574e-01	   5.1213870170611375e-01	   4.6328827846924270e-01	   2.8607243890378098e-01	   3.0838543395719692e-01	   5.6979333616717054e-01	   4.5390396079453410e-01	   3.5729047864780739e-01	   2.1019886664969611e-01	  -1.2276722770370474e-01	  -1.3278946518404669e-01	  -4.7645883711860737e-02	  -7.9333906977144208e-02	  -4.2994972922856409e-02	   8.9225746482394050e-02	   1.3339160910259662e-01	   6.4496277655027606e-02	  -1.9990885073013381e-01	  -3.6421257103774091e-01	   5.9600972511549388e-01	   4.9431845984776118e-01	   4.7101762013676451e-01	   6.6010536503264272e-01	   5.3113487934869763e-01	   8.0103285106046895e-01	  -5.1044488942638147e-02	   1.2951976500956394e-01	  -6.4421011419999952e-02	  -4.2963687278244983e-02	   5.9480075715728893e-02	   1.6800618148387425e-01	   3.4442760539052497e-01	   6.3596329015794062e-01	   2.9400889631244390e-02	   1.6457924280608593e-01	  -6.2344955801695266e-02	   3.7824313318897615e-02	  -8.2462227872062088e-02	   1.2875764813555335e-01	  -1.6282486025002729e-01	  -1.9884423677698479e-01	  -1.7690636069743357e-01	   1.8156789389168973e-01	   7.2803821814728253e-01	   1.5753120304552413e-02	   2.5546289994972593e-01	   1.8428987763446994e-01	
   5.8819752115767043e-01	  -3.1906750883536067e-01	   1.8280772655937691e-01	   3.8253330194411339e-01	   7.0595114031892259e-01	   1.0661449647959549e+00	   6.5597065660454401e-01	   6.8569367013023108e-01	   1.0324754160420231e+00	   0.0000000000000000e+00	   5.2031609266220880e-01	   5.7668097270005847e-01	   5.6598411689628336e-01	   7.6001672319061708e-01	   5.9735562247443474e-01	   5.4002926784175687e-01	  -1.3367059772626771e-01	  -1.8215582205357958e-01	   5.1449719436993335e-01	   1.2856650790604690e-01	   2.1956792118078879e-02	   9.3623019865490070e-02	   3.9454572286299838e-01	   3.7792772498728205e-01	   6.9895062137741937e-02	   1.2431310123234908e-01	   1.7469028003632853e-01	   2.5718698865563994e-01	   3.6061270545629853e-01	   2.0245623584099523e-01	   1.5127128687228455e-01	   3.4541972749899230e-01	   5.8257458399831950e-02	   3.1799471437964043e-02	  -5.1606493473087253e-02	  -4.3731309363629470e-02	  -1.5081811356478111e-01	  -7.0849700538309454e-02	  -1.2658909401695168e-01	  -7.7212949653556212e-02	  -1.2001688199622385e-01	  -1.8545164320255406e-01	  -1.7056823764412258e-02	  -1.1314261866251581e-01	   1.8055399530345290e-01	   9.6204503293355406e-02	   1.6760047719547344e-01	   1.8833283177634941e-02	   5.3922390375736473e-01	   3.8639711793924891e-01	   6.2606704492598897e-01	   5.7137222890058115e-01	   6.6453129536231959e-01	   3.3469933744766528e-01	   2.1572737836762093e-01	   3.5776098054200463e-02	  -1.0366329845475356e-01	  -3.1425398749962113e-01	   2.2813029205401092e-01	  -3.1642522890515432e-02	   4.9202347520892981e-01	   5.7079227997943527e-01	  -9.2257837974873580e-02	   7.8561664500815268e-02	   2.8954341005756701e-01	   3.2759925381085370e-01	   6.1402720054540512e-02	   6.5102088164369049e-02	   2.3753261655082616e-01	   5.4459638775279195e-01	   5.2796545381419591e-01	   5.7247635182556766e-01	   2.3561103831936719e-01	   2.1229121384826682e-01	   4.6030894507650688e-01	   3.7595814812417172e-01	   2.8649440366291956e-01	   1.9030675373412681e-01	  -9.0485005435745419e-02	  -1.7066198579652198e-01	  -2.9973060300619186e-03	  -2.3804437679995627e-01	   6.0445197765445435e-02	  -9.7092936154221751e-02	   1.1327925914227029e-01	  -7.3862760221770352e-02	  -2.3881216502934022e-01	  -4.5765746363014731e-01	   4.4609298530948682e-01	   3.9059745102530141e-01	   4.0719138395517818e-01	   3.9964600103522774e-01	   4.8719619611018211e-01	   4.7799761435174848e-01	  -2.0225506318409436e-01	  -2.0349528932724029e-02	  -1.5369378253174068e-01	  -5.7670358982787884e-02	   3.2441383334289371e-02	   1.3354142219121379e-01	   1.8095892789887116e-01	   3.9706479760118485e-01	  -1.2929933963002235e-01	   1.1237390496674218e-01	  -1.3306626386923420e-01	   1.4569343050343754e-02	  -6.3272166038302019e-02	   4.4105024586337957e-02	  -2.9265517421165715e-01	  -2.4838552550922188e-01	  -1.1424339817284788e-01	   2.0861440030523248e-01	   4.8437989207558485e-01	  -2.4064324543668095e-02	   2.2699983133713564e-01	  -2.8518091566100516e-03	
   7.7904220245348565e-01	  -1.0546197896533921e-01	   1.8399679884504663e-01	   2.2613132602632555e-01	   4.4782103261203876e-01	   3.3243897535670802e-01	   4.7655024748117475e-01	   3.8615103516008875e-01	   5.9410104261900454e-01	   5.2031609266220880e-01	   0.0000000000000000e+00	   8.9601313564585794e-01	   7.7918077320325119e-01	   1.1013701496589576e+00	   8.5263955454632667e-01	   6.8229224612432027e-01	   7.1622102060307558e-02	  -3.4223166890019134e-02	   5.7803658601685703e-01	   1.5341270148637778e-01	   4.9081053034274229e-02	  -3.0285437346847490e-02	   3.6424432287434905e-01	   2.7225121025232191e-01	  -1.7973142762221533e-02	  -5.7079431364366280e-02	   1.5511493381531774e-01	   9.5218088616274871e-02	   5.2339322682299549e-01	   2.8006231149286587e-01	   1.4726081856827106e-01	   2.1405615775956993e-01	   3.8138960502243158e-03	  -4.1034952670678526e-02	   4.1868404143442874e-02	  -4.0765938512650514e-03	   9.2162852200331893e-02	   5.2986418886078586e-02	   4.8818763243300679e-02	   1.1495118516815984e-02	   5.5199259826802217e-02	   4.7058570385172908e-02	  -6.8402571366658116e-02	  -2.1597252453572280e-01	   1.7649203491864060e-01	  -4.0206464601709062e-02	   1.0262041630897537e-01	  -7.5669392545052103e-02	   4.2768287661972049e-01	   5.7317439009034493e-02	   4.3505421079583939e-01	   1.9113486946264743e-01	   5.6254248343471780e-01	   1.5408652165670345e-01	   4.0370097187278675e-01	   9.1210981615670358e-02	  -1.7985435242276904e-01	  -1.6751481593997825e-01	   2.2210507606081148e-01	  -1.5225344732616242e-01	   5.4888760944536041e-01	   2.9805150192581398e-01	  -6.3448846056808519e-02	   1.1972295355660729e-01	   2.4920851519699067e-01	   9.5314168690404211e-02	   1.1565623478243937e-01	   4.2159531785031082e-02	   5.7574088736711118e-02	   3.5035661130779583e-01	   4.0813924714462202e-01	   3.1166314263386868e-01	   2.5586672271914096e-01	   1.5034057245224441e-01	   4.4977853533666473e-01	   2.7698448813796378e-01	   4.8492620756265048e-01	   4.7583858458778477e-01	  -9.6531390407387452e-02	  -6.1900724154715425e-02	   6.3434864514752595e-02	   1.8171033122415475e-03	   3.8941399035091900e-01	   3.6047812684465808e-01	   2.9981415855715521e-01	   7.5888177550588409e-02	  -1.3244122084099516e-01	  -3.0106130758504396e-01	   4.6805454414220854e-01	   4.4229630907308648e-01	   5.2632140831559604e-01	   5.9085095551795241e-01	   7.7089413880112989e-01	   7.2948983247966614e-01	   1.6577043160909785e-02	   1.1604263782967365e-02	   2.0277268835089851e-01	   1.2539898155465587e-01	   2.4510617209814892e-01	   1.7784555793689749e-01	   3.5188625494975795e-01	   5.1102837650931066e-01	   1.3937028683225439e-01	   2.2745388085714469e-01	   2.7777570043263883e-01	   3.6892985722097366e-01	   1.6423857182249144e-01	   8.9470544651515563e-02	  -3.0454381049350243e-01	  -4.3567692277237391e-02	   7.1222160605467918e-02	   1.9023245544514167e-01	   6.8936835386554107e-01	   1.3800750130538852e-01	   3.0566223459005309e-01	   4.8317117645544090e-02	
   8.9535248807485956e-01	  -1.6321498488294631e-01	   1.9945854466360080e-01	   4.1523185910096955e-01	   7.4913202412258151e-01	   6.3364282601295174e-01	   8.2574833599821840e-01	   9.0487176838787486e-01	   7.7238823929169431e-01	   5.7668097270005847e-01	   8.9601313564585794e-01	   0.0000000000000000e+00	   4.9213026733604170e-01	   7.7060109080640660e-01	   4.7299638519499709e-01	   6.7215756304216223e-01	   1.2418299250114349e-01	   5.5610025025627084e-02	   6.4178620131548347e-01	   2.0332631998093931e-01	   1.2137353813422061e-01	   1.6553247207634397e-01	   2.6378964727258908e-01	   2.9738002330822855e-01	  -1.0133160003661530e-01	  -1.1009298506740367e-01	   5.6159272524127619e-02	   7.7487211661139005e-02	   8.9773272220393041e-01	   8.4799662110238461e-01	   3.5117283694269241e-01	   5.0550254747097711e-01	   2.4648891779278193e-01	   3.1184991170063830e-01	  -1.1177278282280037e-01	  -2.6592969871602323e-02	  -2.4499830870211603e-01	  -1.6838292443898059e-01	  -2.3365378066567483e-01	  -2.4859214640724342e-01	  -1.3032318957584413e-01	  -2.3507890460487094e-01	  -1.1151614226024757e-02	  -6.8675592274715397e-02	   3.5363658556054678e-01	   2.5266883333182488e-01	   4.8446526051759795e-02	   1.7727115235005791e-02	   3.4374908691200573e-01	   3.5355066894012926e-01	   2.6853383498196093e-01	   6.9176014174210126e-02	   4.1901254271123833e-01	   1.5128409102391754e-01	  -2.6745650271168056e-02	  -1.3961019931564608e-01	  -7.5338432527050234e-02	  -1.3414809233950883e-01	   5.5478345193752232e-01	   9.9411309310029339e-02	   7.8548774716180569e-01	   7.7273132972023884e-01	   2.5368824254150391e-01	   6.2222899308212898e-01	   3.9817449961880402e-01	   2.4156732370492590e-01	   4.4491964679454238e-01	   4.1551358717243425e-01	  -1.2571615217612378e-01	   2.3802924025412769e-01	   6.4360713501755518e-01	   7.1200794127394051e-01	   5.7808299361988535e-01	   4.8710827513295307e-01	   7.9149554770363373e-01	   7.0212235350908681e-01	   3.9768070365873265e-01	   4.8776264638569033e-01	   2.7831080223952507e-02	  -1.3149027734803512e-02	   2.4724726715141482e-01	   1.7784461870075094e-01	   1.1829865883012389e-01	   4.3765871098214004e-01	   9.3883611815293547e-02	  -2.2895470796732539e-02	  -3.5365318765280723e-01	  -4.9435574427012996e-01	   1.7406660162127036e-01	   3.2333209940828200e-01	   5.0986907378588797e-01	   6.2533547059557693e-01	   7.0435026664449096e-01	   5.5730178243079831e-01	  -1.7637943841389930e-01	   3.6701800685671353e-02	  -1.3187985047975681e-01	  -9.0064289108761991e-02	   1.0079394282385459e-01	   2.3382249616722389e-01	   6.7091518580775711e-01	   7.3749735732921740e-01	   2.2431293508520386e-01	   4.0389362377606641e-01	   1.1186722522616219e-01	   8.7932749988192602e-02	   1.9143057126001273e-01	   7.8619635828653778e-02	  -1.9702521066318296e-01	  -1.6736569016998309e-01	  -1.4631645094945703e-01	   1.1111904648020766e-01	   6.5526397173090045e-01	   5.6910472384943379e-02	   1.9558567880081071e-01	   4.0764249777041010e-02	
   3.7484043798861294e-01	  -3.9829010149385147e-01	   8.0275426198597594e-02	  -7.0086817318501415e-02	   4.9677310416626297e-01	   3.5317796345046687e-01	   5.9531531714749286e-01	   4.2703077772762243e-01	   7.4099304001564748e-01	   5.6598411689628336e-01	   7.7918077320325119e-01	   4.9213026733604170e-01	   0.0000000000000000e+00	   1.1540273029788022e+00	   9.3863317455907624e-01	   7.0239639146882527e-01	  -7.1346220506655691e-02	  -2.0070466610614085e-01	   3.4061783994151518e-01	   5.5722147348352201e-02	   4.1968324721177078e-02	  -3.9475041637860926e-02	   3.1297143380944081e-01	   8.8788803123214979e-02	   1.9635605852874508e-02	  -6.3881507232475432e-02	   8.4584484976226046e-02	  -1.2932246543389992e-02	   3.8996541067944990e-01	   2.3040968401812617e-01	   1.2604094292669055e-01	   1.2358746660992097e-01	   5.4812185858101166e-02	  -3.4234167570690255e-02	  -8.4641393619854594e-02	  -1.7219820642523825e-01	   8.3095445445076188e-02	  -3.5591931725596868e-02	   8.2088771750736075e-02	  -3.7111516962302039e-03	   2.8649250411405976e-02	  -1.3383087047642431e-01	   7.0758583183307092e-02	  -8.8509527912982472e-02	   2.7289980570578015e-01	  -1.3660076839780093e-02	   2.9277511042118137e-01	   7.5069525691618857e-02	   9.3695710267119170e-01	  -7.0500685768949925e-02	   5.8024361325049223e-01	   2.0808653461469734e-01	   8.6373010705212028e-01	   1.4415309155123751e-01	   5.1426376433114207e-01	   1.0462706932742423e-01	  -2.4159938180304052e-01	  -4.5330342739599305e-01	   2.4246211768324788e-01	  -3.4319455272400945e-01	   7.9700692651438931e-01	   3.1932166324229955e-01	   1.0430088901734176e-01	   1.5722108068592267e-01	   8.8594684349131494e-02	  -1.5027453294908952e-01	   1.3220181768736156e-01	  -4.8221988009037285e-02	   1.0861330421893367e-01	   3.8785544085178564e-01	   3.4281479607145410e-01	   3.1524747322857394e-01	   1.8792290869264652e-01	   1.6509841061312175e-01	   3.6197271822698590e-01	   2.6567857131381467e-01	   3.5180648944116710e-01	   2.4405579744209238e-01	  -1.6557322706634064e-01	  -1.6096517271670543e-01	  -1.0803561253541387e-02	  -2.0947978268233874e-01	  -3.4313939076771509e-03	   1.3253008018176842e-02	  -1.7642067336418912e-01	  -2.4248315227096393e-01	  -3.5802077641917457e-01	  -6.5334956520110832e-01	   4.3120754575573506e-01	   2.4782592060319578e-01	   4.2894356053254540e-01	   4.6809560093546965e-01	   3.3874535411087997e-01	   4.9981621232964524e-01	  -2.6657258840506053e-02	   1.1735629874834039e-01	   1.1965170164821748e-01	   1.8143943196424347e-01	   2.2393234797810174e-01	   2.5900990447563849e-01	   1.1151926556009482e-01	   4.1284933168772420e-01	  -1.7594675735576543e-01	   2.4596798610838633e-02	  -1.4604379559628949e-01	   8.1888312166567431e-02	  -1.9544964604670936e-01	   3.9033728652209179e-02	  -2.5589824972346176e-01	  -3.1949468507496642e-01	   7.7915498540124251e-02	   3.5356284344453726e-01	   7.8537879133362176e-01	  -1.3910853609119112e-01	   8.7905259502847805e-02	   7.4416049198402542e-02	
