   0.0000000000000000e+00	   7.5484918499889608e-01	   3.1828539851830939e-01	   1.9368631445088039e-01	   2.1315802668035941e-01	   6.6499848928008226e-02	   3.8180023366608262e-01	   1.3710404166924431e-01	   2.9503748562494481e-01	   1.1193768682394312e-01	   3.3955824506975318e-01	   4.7857673901966907e-02	   3.5540006099236321e-01	   1.9826708849722982e-01	   3.8200791977979565e-01	   3.6283410626608191e-02	   2.6178016505907087e-01	   2.7573412117246110e-01	   4.9180124635053396e-01	   3.8031918130302089e-01	   2.1839967855295084e-01	   1.2419843541649042e-01	   1.6339196352367757e-01	   2.6969565580536765e-02	   3.6399917310623103e-01	   2.1567879183319671e-01	   3.5912212409690492e-01	   4.1234722261531909e-01	  -2.4203593845190143e-02	   2.5263251037903021e-02	   9.7705553232135062e-02	  -1.6215509426842176e-02	   2.6889985954627099e-01	   1.1567145675667748e-01	   4.0880203838993040e-01	   4.6457060144988815e-01	   5.0307285912334376e-01	   2.3519816128630663e-01	   2.5165678844984007e-01	   1.8550370608497366e-01	   6.9819274499301850e-02	   2.8960033720089654e-02	   1.3899114005286173e-01	   1.4261104902785085e-01	   2.2325680464997855e-01	   2.1184507632041902e-01	   1.4162108154254249e-01	   2.0011090284245314e-01	   2.3329611673552034e-01	   2.3976528330016433e-01	   4.4902440998664883e-01	   3.1256848314656305e-01	   3.1769720013497171e-01	   2.1879732324714612e-01	   4.4567182593127086e-01	   2.7453247736664904e-01	   4.5129466253571149e-01	   2.1930189219327517e-01	   6.7752523714682362e-03	  -2.1349792696906723e-02	   2.8252766055458206e-01	   5.8150926624619466e-02	   4.6739116371943390e-02	  -1.3445445499138500e-01	   2.8907443591952581e-01	   2.3746506268104808e-01	   3.2850301105564200e-01	   2.6196659255875421e-01	   1.3261674687876276e-01	  -1.4697260607908064e-03	   3.0816146630500030e-01	   7.0960422527554620e-02	   2.9135436576851403e-01	   2.1953278329396042e-01	   5.2957357804561755e-01	   3.4131390393169136e-01	   4.8795066400940873e-01	   2.4777311733793814e-01	   1.3249775023235966e-01	   1.0291034335148679e-01	  -6.8092599849258001e-02	   9.6284867339063190e-02	   9.3642890125444800e-02	  -2.2527909425416284e-02	   4.2243513192127347e-01	   4.2013626461150477e-01	   3.0453420058936903e-01	   2.2041699185826169e-01	   5.3482937255971241e-01	   4.2596795692831679e-01	   5.8164440941297260e-02	   3.4996365609917218e-01	  -3.1143663232955272e-02	   2.5205219706415372e-01	  -2.0612926293471526e-01	  -9.5819293000031586e-02	   9.6491073913034103e-02	   1.1124531974385210e-01	   3.0978339962992463e-01	   4.4705394739391241e-01	   2.2200073232275561e-04	   2.1784890074081448e-01	   1.8209886006856343e-02	   2.9435447340745879e-01	  -1.2830815114764244e-01	   1.9990610519844618e-01	   9.6394167753824894e-02	   2.6442654188985432e-01	   3.2264751184977118e-02	  -1.1597404982653590e-01	   1.6415207348932595e-01	   2.1453191988110956e-01	   2.0774063036465251e-01	   2.6528164125940257e-01	   1.1578320625714436e-01	  -7.8692160297416630e-02	
   7.5484918499889608e-01	   0.0000000000000000e+00	   2.3447497254425232e-02	  -2.8803189771592623e-02	  -7.9780063808829474e-02	  -1.4439702902123883e-01	  -7.3177776220581317e-02	  -1.1374586235043004e-01	  -1.2949675524821011e-01	  -1.0154393244506084e-01	  -1.7433639695763439e-01	  -1.7111994353235555e-01	  -9.9703470594547261e-02	  -1.5130250849946172e-01	  -1.3474401913978598e-02	  -1.2899690782470297e-01	   2.4154865361384059e-01	   4.7728483376622644e-01	   3.9538225918990344e-01	   4.6614991690528373e-01	   7.2210514400354961e-02	   9.1455763836608944e-02	  -5.8305581607940922e-02	  -1.3940006068643165e-01	   1.7575258228607918e-01	   3.2337008746489843e-03	   1.3008536342021770e-01	   1.8615332597411477e-01	  -6.2314323575094831e-02	   5.3864411775233031e-02	   1.9945760543374595e-02	  -3.8962860627439908e-02	  -5.0327597216930371e-02	  -1.6560993165124466e-01	   1.8267543337332295e-01	   1.4511035392774319e-01	   5.2601779841449892e-01	   3.7780475624108534e-01	   2.6014455015299054e-01	   3.5019738333979883e-01	   2.3698631960217001e-01	   2.3583453352676248e-01	   1.8752022387554945e-01	   1.5724395205425054e-01	   2.5864878428582389e-01	   2.3998034050738498e-01	   2.3492938834216326e-01	   2.9600922448189787e-01	   2.9157695059251870e-01	   3.6407136680702878e-01	   3.2069680587482929e-01	   4.1487005967623491e-01	   4.5031367666181782e-01	   4.2389424226916556e-01	   2.2371132745849001e-01	   3.5158724218264631e-01	   7.9822772046816270e-01	   7.3198955641102437e-01	  -1.1724405175157449e-01	  -1.0502744247536759e-01	  -1.7510808958058804e-01	  -2.9209447389279714e-01	  -2.9333643318316407e-02	  -1.3694690505185322e-01	  -9.3339173707701950e-02	  -2.3245056765036032e-01	   9.7407201929961289e-04	  -3.9014070462562646e-02	   1.1954119033874042e-01	  -7.0826133832201113e-02	   7.8085965221774883e-02	  -8.5000749728622094e-02	   2.5785990215140342e-01	   2.3339042166108670e-01	   2.9086125010008673e-01	   2.0258144860712793e-01	   2.9838235897938892e-01	   1.5240292360655566e-01	   1.2608533065364766e-01	   1.2491481182145313e-01	  -1.1977222405093526e-02	   9.5729740129164451e-02	  -1.2989929398205999e-01	  -8.3304091479249553e-02	   2.2985519162566085e-02	   1.8949943423823490e-01	   2.6809450609562857e-01	   1.8329379924013758e-01	  -4.3383864491160842e-03	   1.1446328200046071e-01	   8.6769737488708767e-02	   2.2853925648080822e-01	  -4.6943662659346880e-02	   9.8290114645774515e-02	  -1.5617332677685297e-01	  -3.7068923607330308e-02	  -2.0950948956580111e-02	   9.6136537694432450e-03	   3.8460508815697853e-01	   5.2138372378435416e-01	   1.4152434547844473e-02	   1.4056066291692237e-01	   1.2659000448220181e-01	   2.5511604751441186e-01	   1.6697734587588103e-01	   3.1931324735772781e-01	   1.5754125396838746e-03	   4.6896316899254872e-02	   1.6840812719345108e-01	  -5.6530822205471225e-02	   1.9833653772655424e-01	   4.4667954061765575e-01	   1.6113714559668194e-01	   3.6803343007135197e-01	   1.8994547589280650e-01	   1.4638090309869031e-01	
   3.1828539851830939e-01	   2.3447497254425232e-02	   0.0000000000000000e+00	   1.0564263942287795e+00	   8.7012122839998685e-01	   4.7075963339796018e-01	   8.6902779413888853e-01	   3.9131833384949782e-01	   8.6073021296113783e-01	   4.3962232193960915e-01	   5.2909194187368247e-01	   2.3825490511533109e-01	   1.8595452033535104e-01	   2.0329912703813904e-01	   1.1533356051819337e+00	   7.3448956504418583e-01	   1.5006823266465408e-01	  -1.5484722522034535e-02	   5.9904121642061592e-01	   4.7755758946522686e-01	   8.3677949500711735e-01	   4.9225585165743990e-01	   1.4524686237765123e+00	   8.8694497608053913e-01	   8.8920905536034878e-01	   9.0968423914716645e-01	   1.0604464409213461e+00	   9.7194039062737159e-01	   1.3810427666214037e-01	   9.2666247761887144e-02	   8.2031928009012134e-01	   6.3382155317278310e-01	   8.4253420065403706e-01	   7.2822382752006831e-01	   8.2029769873548852e-01	   7.0455210354382680e-01	   4.0762009181549902e-01	   2.8175188341005308e-01	  -3.0380463820112290e-02	  -9.3204217983290545e-03	   2.6280279206562529e-01	  -1.1748594782548784e-01	   5.0763689868190054e-01	   4.3977287115459973e-01	   5.3742539551213464e-01	   4.4064393623654097e-01	   4.5912981630883531e-01	   4.7537399458783464e-01	   3.6578194104931289e-01	   2.9863166475514658e-01	   6.0068919693592715e-01	   3.6366069602378764e-01	   2.2702453575646414e-01	   2.1641867187910824e-01	   4.2609032947679826e-01	   1.9440175719421501e-01	  -9.5453319978199613e-02	  -7.7680949749066974e-02	   1.9336191403491521e-01	   9.6329302142407300e-02	   5.8843531697353180e-01	   2.7275219142615492e-01	   1.3726998805077459e-01	   1.4423288484696267e-01	   1.1638424499584803e+00	   7.1340211348946458e-01	   1.3282014727644083e+00	   1.1428392098680049e+00	   2.3523344286664413e-01	   4.8561720580364021e-01	   2.7860156707043893e-01	   8.8076026786078232e-02	   3.9482014941392679e-01	   8.8701672922765998e-02	   3.2189238735322823e-01	   1.4328490102870445e-01	   2.3123295508980435e-01	   1.7161849974385240e-01	   2.6491077417943770e-01	   2.6743272526823514e-01	   1.3021299907465064e-01	   2.8652586187508072e-01	   3.0795888174449226e-01	   2.8060770504270494e-01	   1.1986799660093077e+00	   1.0201895685264706e+00	   2.9543972538657309e-01	   3.1690494823065651e-01	   8.9735311785443728e-01	   8.3046616383305771e-01	   5.3909567881203924e-01	   5.8164596578409877e-01	   3.3576288534302123e-01	   6.2898815665957708e-01	  -3.6822396024958015e-01	  -2.2482602639863480e-01	   9.1812168683603770e-02	   8.0155062303512992e-02	   4.5385380824209182e-01	   4.4133949354966706e-01	   2.4097532593870988e-01	   3.7685289380120846e-01	   2.0566553477271771e-01	   4.8302305611002405e-01	   2.9188061392868431e-01	   4.4477602835958557e-01	   2.7697755559350412e-01	   3.3846999041502945e-01	  -1.8783171184883823e-01	  -1.4727982117603797e-01	   4.5393703443163091e-01	   3.2442363654129081e-01	   2.3512280470733640e-01	   2.9684552210909454e-01	  -4.4037973190149952e-02	  -5.0345658936002091e-01	
   1.9368631445088039e-01	  -2.8803189771592623e-02	   1.0564263942287795e+00	   0.0000000000000000e+00	   7.9362604751002197e-01	   7.0765096428188179e-01	   6.9800187778419187e-01	   6.2661370482182044e-01	   8.6289855448389718e-01	   6.2886895140090870e-01	   6.3451249118322606e-01	   5.2954813347451601e-01	   2.8499089125646826e-01	   4.5832214015890682e-01	   1.0109730531906751e+00	   1.1083679272349667e+00	   1.7621186408682868e-01	  -1.0063742341260501e-01	   3.6385942562512785e-01	   4.3280405046617154e-01	   8.1105198448448068e-01	   6.6619345220636039e-01	   1.3106059275493829e+00	   1.4941610264697771e+00	   6.8829172611994094e-01	   9.2626605522747696e-01	   1.0457767197379249e+00	   1.0131488673931486e+00	   2.1036746229952255e-01	   2.1369600187663160e-01	   7.0047922824448450e-01	   7.3795593433829065e-01	   6.1240505311477467e-01	   7.7793197791924673e-01	   5.6374344648121333e-01	   5.7587796490240095e-01	   2.8686907036000070e-01	   3.2010659964952981e-01	  -1.5698070067971864e-01	   7.5563063339626263e-03	   3.4020713111299011e-01	   4.3799884637105664e-02	   6.3921039897917464e-01	   5.5063043093714015e-01	   5.1933454467101592e-01	   4.9345909903620094e-01	   5.6525393782531708e-01	   5.7290398013140320e-01	   3.5637581079784653e-01	   2.8793224415710272e-01	   5.0734387810793424e-01	   3.1456091198210862e-01	   2.0670680698288996e-01	   2.2504982494370399e-01	   3.2731718251131586e-01	   2.4057577306683919e-01	  -2.8406713944487993e-01	  -2.4206187200597537e-01	   3.2526880576166366e-02	   1.1900116103082267e-01	   4.8144058680779855e-01	   5.1154915730113149e-01	   1.0065459336493091e-01	   2.4562299821409159e-01	   9.4150544289627414e-01	   1.0531024268200824e+00	   7.5979562548681800e-01	   9.8081498279824231e-01	   2.3214438444760049e-01	   4.5547537272026362e-01	   1.9627914977686750e-01	   3.1004831969729174e-01	   2.4906082198319074e-01	   2.2301043102585111e-01	   2.5401970085530517e-01	   3.0967487796244009e-01	   1.7853403262201806e-01	   3.4631121904855477e-01	   3.6898274864669112e-01	   2.9843334710492303e-01	   3.0390154228272948e-01	   3.4705576677586819e-01	   4.6361353679225509e-01	   4.8813763221353135e-01	   1.0509751775197935e+00	   1.0206502781338613e+00	   2.7574037181174338e-01	   3.3460561475253542e-01	   7.7938649664915838e-01	   9.6263858980086803e-01	   7.2464360796218807e-01	   5.6670024747944303e-01	   5.2144954059718029e-01	   6.3700630688024673e-01	  -2.8883400690257049e-01	  -1.3929431289873095e-01	   1.5255713603921711e-01	   1.8076347514616009e-01	   4.8864703184534192e-01	   4.4016229956641062e-01	   2.9147593970616698e-01	   3.6427353181084238e-01	   2.5294114510365706e-01	   4.3074091875606729e-01	   4.1488064063410324e-01	   5.1874196507752546e-01	   3.5726454760292686e-01	   3.2127089714699403e-01	  -1.1200823250716455e-01	  -6.0429740328327618e-02	   4.7639764019992903e-01	   3.8185100755851370e-01	   4.2355546909744735e-01	   2.8483972868381335e-01	   2.4580549225142724e-02	  -4.6611664323994861e-01	
   2.1315802668035941e-01	  -7.9780063808829474e-02	   8.7012122839998685e-01	   7.9362604751002197e-01	   0.0000000000000000e+00	   1.0519921001729147e+00	   9.6131919495801565e-01	   7.1433811122977886e-01	   1.5853314929180655e+00	   9.7075121671873665e-01	   8.2033232589110239e-01	   6.3401733652591064e-01	   5.5044642004427347e-01	   6.1296777634261002e-01	   7.1546537612095495e-01	   8.4903071909658068e-01	   1.1881261972101333e-01	   4.6802572640944513e-02	   4.1219150575014579e-01	   4.4292927682364547e-01	   9.4672680261328757e-01	   9.2004995704795012e-01	   7.6224303728673815e-01	   7.1273920513962730e-01	   3.9534909751106839e-01	   6.5992875440391918e-01	   6.3130583105398363e-01	   6.0294234904611543e-01	   3.1459491586421440e-01	   2.9008200609791346e-01	   4.9860226590201912e-01	   4.5220283481936152e-01	   7.9718623231244512e-01	   8.7247889261603162e-01	   2.8027298113323240e-01	   2.3370635270469167e-01	   1.5942142327585226e-01	   2.1153592621710193e-01	  -3.6274558903166565e-01	  -2.7809904527154783e-01	   2.5946844962695326e-01	  -7.0180579547952454e-02	   5.6336760345665615e-01	   4.9245487288074641e-01	   4.2615109394001505e-01	   3.8442047014606534e-01	   5.1125364030775289e-01	   5.2492947607047391e-01	   4.2002763130368187e-01	   3.3243952268998161e-01	   6.2574725216685367e-01	   3.5222002821986537e-01	   2.3027076905927463e-01	   2.7958994681715499e-01	   1.5520211912929843e-01	   8.2163345322892503e-02	  -2.1390896539200238e-01	  -1.3777448418150504e-01	   4.2057097675809113e-01	   4.0766674407577874e-01	   8.3550094870623215e-01	   6.0067445471972269e-01	   4.3085686518573241e-01	   5.7270402826560640e-01	   6.4378762651428378e-01	   6.1489710924346719e-01	   6.7017566243930282e-01	   7.5192417914563281e-01	   1.0829016672361901e-01	   5.4661094226405538e-01	   1.9471716163619179e-01	   2.9163316652599092e-01	   4.6048450479266367e-01	   3.1345103748403436e-01	   5.1165164234010607e-01	   4.1828716610488853e-01	  -1.9013666703087399e-02	   2.2948825298635390e-02	   1.5218803212732054e-01	   2.0698421610007378e-01	   1.9909028658917610e-01	   2.9353800288660642e-01	   2.0334852598562578e-01	   2.4116295532754087e-01	   6.7440118641361146e-01	   5.6171180973892554e-01	  -8.0294743734209820e-02	  -7.1083040331299835e-02	   5.5846072165480365e-01	   6.0170930239221854e-01	   6.5017664939078057e-01	   5.5261927167230407e-01	   4.1844731321074058e-01	   5.9639798169123026e-01	  -5.7325315251607745e-01	  -4.1638609180595115e-01	  -1.0269414580736372e-01	  -1.5017402768785135e-01	   4.1108978486468484e-01	   3.5097064827334329e-01	   3.8219843350959587e-01	   5.4856774202789793e-01	   2.6070932504128147e-01	   5.1779103607498822e-01	   2.6896941453898882e-01	   2.6968239672010325e-01	   3.0202033503453551e-01	   6.6057233319135700e-01	  -1.9290290176137406e-01	  -2.9443890590106558e-01	   3.4144259164626173e-01	   3.3293939669158928e-01	   4.9365299541427898e-01	   2.1614536376018306e-01	  -1.1993243204438193e-01	  -3.8829025848638032e-01	
   6.6499848928008226e-02	  -1.4439702902123883e-01	   4.7075963339796018e-01	   7.0765096428188179e-01	   1.0519921001729147e+00	   0.0000000000000000e+00	   8.3907825820882498e-01	   1.2466476115727898e+00	   9.5516510835080315e-01	   1.1913260735961435e+00	   8.2529662103652368e-01	   1.3165416848853755e+00	   8.1999372045641605e-01	   1.0945683355118492e+00	   4.4932974063231745e-01	   1.0397248966811190e+00	   2.1276328836807071e-01	   3.7124584855630560e-04	   2.5541932123956290e-01	   4.1401052081013878e-01	   6.3909773607324516e-01	   9.1551485821153833e-01	   5.5155475836665224e-01	   8.0725232873051378e-01	   2.1289530233924860e-02	   4.7689508538763054e-01	   2.5684833722779299e-01	   2.8809836042165760e-01	   6.5578832984949642e-01	   6.6453521753236733e-01	   5.9606426544315338e-01	   7.0167312229650836e-01	   8.1229941008524342e-01	   1.0634851208536764e+00	  -6.3749648698218267e-02	  -5.1490286660601070e-02	  -1.0775170353664909e-01	   8.3054786379263904e-02	  -4.9290560515422588e-01	  -3.0886260956841549e-01	   3.6590816659894221e-01	   8.0730338151413089e-02	   5.7473990956532772e-01	   5.1826855923783455e-01	   5.0054152962230081e-01	   5.0719780210631660e-01	   6.5708141107861351e-01	   6.5430066108234353e-01	   5.9044873602332160e-01	   4.9508860709984148e-01	   6.0412285586298897e-01	   3.9408324569793723e-01	   4.1916417548703627e-01	   4.8076191722189027e-01	   1.5140830836331309e-01	   2.1913910753335608e-01	  -3.4498313555471971e-01	  -3.0329840269566033e-01	   5.9657885068353711e-01	   6.7816724752127000e-01	   9.2243836788423805e-01	   1.0419533536341075e+00	   6.5249648781846337e-01	   9.2168793898655210e-01	   2.2174506513794306e-01	   4.2167858464282909e-01	   2.6470688067786419e-01	   4.5819665675201549e-01	   6.2150335116426064e-02	   6.2365399923825993e-01	   4.6732012657821988e-02	   5.2890897344847809e-01	   2.5191792658554973e-01	   4.5787933123237812e-01	   2.4095244797868726e-01	   4.4172039269036933e-01	  -1.4611748600273719e-01	   1.7232746253931364e-01	   3.0923257391228837e-01	   3.6359274660387386e-01	   5.6827057547343673e-01	   5.8620852884954977e-01	   5.5643073794845410e-01	   5.7627208384392203e-01	   3.7958395181485471e-01	   3.8536626527774426e-01	  -3.2545837772854008e-01	  -3.2824877472013148e-01	   3.0609183330116585e-01	   5.5994016876186059e-01	   8.8439075410279888e-01	   5.8614678926553798e-01	   4.5224349431175637e-01	   3.4277122874972954e-01	  -3.3579122651387827e-01	  -2.5372323598551189e-01	   1.0304130379083466e-01	   6.8332904817833551e-02	   5.2793225233784313e-01	   5.3086966108949496e-01	   4.3652322905121477e-01	   4.0573516315211822e-01	   2.6819591556773736e-01	   4.1404609296607919e-01	   1.8372860606663730e-01	   5.3103337765664636e-02	   1.9219180138847897e-01	   5.7289272797023860e-01	  -1.7002045532368457e-01	  -1.2487983061203656e-01	   3.0997852229114908e-01	   3.9194659114069036e-01	   5.6998263800334825e-01	   1.0522692062248606e-01	  -1.8143816172881678e-02	  -3.8767461454831825e-01	
   3.8180023366608262e-01	  -7.3177776220581317e-02	   8.6902779413888853e-01	   6.9800187778419187e-01	   9.6131919495801565e-01	   8.3907825820882498e-01	   0.0000000000000000e+00	   1.1177001653111276e+00	   1.1833374867186768e+00	   6.3412705376090805e-01	   1.2397193026036240e+00	   7.8375305660114891e-01	   8.9642605543954323e-01	   8.2255024139385258e-01	   7.7716385118662734e-01	   6.6132993310285626e-01	   2.1222399239230993e-01	  -7.6573688077245114e-02	   4.3349757008169010e-01	   4.8133896690475841e-01	   5.9285026046093647e-01	   5.4464259288036687e-01	   6.8220631060375481e-01	   5.8030917947605776e-01	   1.7841615531337870e-01	   3.4636045884121475e-01	   3.9850852976073919e-01	   4.1969250119044332e-01	   4.7394859970684478e-01	   4.0687304376979888e-01	   5.7409533911051613e-01	   4.8410334233845087e-01	   8.9522324909288731e-01	   8.9837410618286118e-01	   2.0181519555429800e-01	   2.1055857729366589e-01	   1.0372676646904197e-01	   7.1090977464673882e-02	  -2.3528977462447859e-01	  -2.3172736525669621e-01	   1.9462612014404519e-03	  -1.3152618979146297e-01	   5.1207631382886620e-01	   4.5828466610400037e-01	   4.5225621761966744e-01	   4.0365220965031212e-01	   5.6018518521417060e-01	   5.3190595078373604e-01	   4.9777255879393001e-01	   3.0877682389846606e-01	   7.3536139142171830e-01	   3.1748100000055823e-01	   3.2710998003913577e-01	   3.6633211269412247e-01	   3.4878574834313897e-01	   2.1945330237549274e-01	  -3.2655391090795055e-01	  -3.6873906354129998e-01	   4.5920873482506819e-01	   3.5068206283356401e-01	   1.4467320213608532e+00	   9.2060426543055995e-01	   5.9475194570789747e-01	   5.4327567650081365e-01	   5.8474964467743473e-01	   5.8402514012706164e-01	   6.0695098757131849e-01	   5.7190011764577675e-01	   1.2651557038896186e-01	   4.3292889301759707e-01	   2.7580284820531697e-01	   3.2049129451105390e-01	   4.1901420347882606e-01	   3.5370202413544655e-01	   4.9629033917443754e-01	   4.6725551841680435e-01	   2.7775174694606775e-01	   3.0513824116630373e-01	   2.4929411707150462e-01	   1.8333473174986276e-01	   2.2543453138095645e-01	   3.0949208839648312e-01	   4.3743988884582263e-01	   3.4264455172513841e-01	   6.2217593691042261e-01	   4.8890579893151476e-01	  -1.1629020339502780e-01	  -2.0398329231855591e-01	   7.4749247571741462e-01	   6.7789490076946923e-01	   5.3534364199004947e-01	   5.3982349109057159e-01	   2.0542755464867804e-01	   3.4346544661966638e-01	  -2.4834533404402404e-01	  -1.1851885198336631e-01	   2.6960185996905811e-01	   1.7528134642911727e-01	   4.8691781664501466e-01	   5.3990241965083974e-01	   3.7218986867241682e-01	   4.7799893795662829e-01	   1.9256169715415949e-01	   4.6414795502679823e-01	  -4.3862264035287681e-02	   1.1717647820847718e-01	   2.3519954848792118e-01	   7.2188688891704145e-01	  -3.1004617589198542e-02	  -8.4647660546292275e-02	   2.6885260874558575e-01	   2.9687083153091876e-01	   4.8517347011461331e-01	   2.3271119914897703e-01	   6.5485238173019183e-02	  -3.4058210310679082e-01	
   1.3710404166924431e-01	  -1.1374586235043004e-01	   3.9131833384949782e-01	   6.2661370482182044e-01	   7.1433811122977886e-01	   1.2466476115727898e+00	   1.1177001653111276e+00	   0.0000000000000000e+00	   8.0875820803602994e-01	   7.5889647494087531e-01	   9.5596014925315909e-01	   1.3793626860392350e+00	   9.4029467529352795e-01	   1.2498666759894084e+00	   3.4604541972569780e-01	   7.0519254712468826e-01	   3.2180514721978243e-01	  -7.1538214356972010e-02	   2.3953996079538303e-01	   4.3571841798771632e-01	   3.3760660268972065e-01	   5.4565363397242328e-01	   3.9882511625174316e-01	   5.7365687807914900e-01	  -1.5591467580653726e-01	   1.8127539881962462e-01	   8.2670456382981691e-02	   1.1608098431932448e-01	   8.3010165568660010e-01	   7.7467203787463945e-01	   5.1038068140948245e-01	   6.1509709018772529e-01	   6.7636248124946197e-01	   9.7902984685268513e-01	  -1.6737228086472716e-01	  -8.3233014760827825e-02	  -9.5265207487255824e-02	   6.9675067026549312e-02	  -3.5498409736528813e-01	  -2.2183141650658356e-01	   7.4401864461331957e-02	   5.9502055127987764e-02	   5.5572009689176982e-01	   5.0888309140460186e-01	   4.4382773026429406e-01	   4.7757261310863752e-01	   7.0130087795067697e-01	   6.5121838432325407e-01	   6.3947366172340192e-01	   4.2071194089746888e-01	   7.1183355411903193e-01	   3.6593737574582780e-01	   4.8869869510763603e-01	   5.3622643035069806e-01	   2.8477249786021824e-01	   3.6875363156289509e-01	  -4.5151253101043121e-01	  -3.9115291080349018e-01	   5.6932310339907921e-01	   5.9672695584990976e-01	   1.0724113171160394e+00	   1.4342446334889718e+00	   8.2731533730169016e-01	   9.5893573367928175e-01	   1.5692609825255380e-01	   3.8985588604458121e-01	   1.6714159583186888e-01	   3.1585390271394953e-01	   9.6572775810395750e-02	   4.2236993321875510e-01	   6.4160074541342385e-02	   4.5551668346427709e-01	   2.7425375420987630e-01	   5.5094768732165611e-01	   2.8892920655130316e-01	   5.5820745656953363e-01	   1.5654748484545125e-01	   4.7206201044044854e-01	   3.7845925874761194e-01	   2.9555820427021240e-01	   5.2492155643519278e-01	   4.9142726680625504e-01	   5.5636304809223791e-01	   5.4266910975302352e-01	   2.9529302252425682e-01	   3.1841263318806001e-01	  -3.8612895047206153e-01	  -4.1368816453255997e-01	   3.9596729893164839e-01	   5.4727701528929740e-01	   6.1259322220701773e-01	   3.5517731648747680e-01	   1.5877143780945435e-01	   8.2549407053908952e-02	  -1.3966063370368037e-01	  -6.7331707044052572e-02	   3.3783315012961823e-01	   2.5890924262740561e-01	   5.5703372924338290e-01	   5.4308849753986010e-01	   3.0945259656882351e-01	   2.5854604484907479e-01	   1.4885572558102808e-01	   2.4889012384424364e-01	  -5.6379609630590112e-02	  -5.5295537559648486e-02	   2.1909242377635454e-01	   5.4734177290854935e-01	  -4.5923827587973566e-02	   3.4286168260813724e-03	   2.2962820701130293e-01	   2.9262455881711757e-01	   4.6209252986691784e-01	   7.3175749220052336e-02	   8.2373574755816317e-02	  -3.7189830968733745e-01	
   2.9503748562494481e-01	  -1.2949675524821011e-01	   8.6073021296113783e-01	   8.6289855448389718e-01	   1.5853314929180655e+00	   9.5516510835080315e-01	   1.1833374867186768e+00	   8.0875820803602994e-01	   0.0000000000000000e+00	   1.0449786442771740e+00	   1.0419233623574646e+00	   6.9873698854018984e-01	   7.1337950337018008e-01	   7.4950544980588374e-01	   8.7018973997700777e-01	   8.7047755818827266e-01	   1.0185117289254685e-01	  -7.5269760397771154e-02	   3.9907125384356040e-01	   4.1527178097807649e-01	   8.5722239201291395e-01	   7.9866374134692297e-01	   8.1945562563603835e-01	   7.8266626610487600e-01	   3.8725787216657975e-01	   6.2103995818738400e-01	   6.1682810334835347e-01	   6.2155181470145249e-01	   2.6077233515363085e-01	   2.3006868055179303e-01	   5.1353842354785462e-01	   4.2976354317286186e-01	   7.6285690996906852e-01	   8.5784242102318986e-01	   3.0144305024592499e-01	   2.8783180440091133e-01	   6.2992280460510419e-02	   7.0982177761806944e-02	  -4.0054202543712925e-01	  -3.4109311966561429e-01	   1.1098704021115298e-01	  -1.9495315641110611e-01	   4.6630795320578777e-01	   4.1174281966319726e-01	   3.6998663025038309e-01	   3.3243374910836665e-01	   4.3019431210790104e-01	   4.2631080217301448e-01	   3.5234066109974688e-01	   2.3196363797332634e-01	   5.9302172818364018e-01	   2.6114802652242231e-01	   1.6033805201001411e-01	   2.0042412004246546e-01	   1.4073023389454389e-01	   1.5510201233803181e-02	  -3.1118275043283927e-01	  -3.4448223965780628e-01	   3.3563527727413006e-01	   3.4002312161823167e-01	   1.0053485227776668e+00	   7.9502851194666646e-01	   3.7581068189876959e-01	   4.6369410582256310e-01	   7.6105450260390362e-01	   8.3471911776373586e-01	   6.5515735378915785e-01	   7.1852325955068386e-01	   1.4162168094324068e-01	   5.2098939683676315e-01	   3.3781241768726150e-01	   3.8563329207039843e-01	   3.6855690806575153e-01	   2.1739383805539458e-01	   4.6754706207933022e-01	   4.5813607090438141e-01	   4.6334595004842716e-02	   7.9339976760041300e-02	   1.4269071897361763e-01	   1.4647174170666916e-01	   1.5909700557440137e-01	   2.4311244188633352e-01	   2.7555709349872248e-01	   2.1811417897818081e-01	   7.1699048552866573e-01	   5.6396849007933847e-01	  -1.1029643104814027e-01	  -8.9861725284799382e-02	   7.7830118728171138e-01	   7.0680382064703451e-01	   5.9045300823851121e-01	   5.4528830201423450e-01	   3.4148534943024333e-01	   5.4233556907827096e-01	  -5.2222210892147225e-01	  -4.0523716787570169e-01	  -6.1197730656181747e-02	  -1.2020568669426196e-01	   3.5536219395464214e-01	   3.0538971291064337e-01	   3.0839452632835351e-01	   4.3761552415438509e-01	   1.7984063985346349e-01	   4.8757031635814774e-01	   1.9843977430781512e-01	   2.8135746852514720e-01	   3.5648883168167073e-01	   6.9510307594389709e-01	  -1.7186975799994414e-01	  -2.6946564433150821e-01	   2.6082587005586511e-01	   2.2669700242624244e-01	   4.8636463525166446e-01	   2.6505768291754117e-01	  -5.2535102676115997e-02	  -3.3499094346064251e-01	
   1.1193768682394312e-01	  -1.0154393244506084e-01	   4.3962232193960915e-01	   6.2886895140090870e-01	   9.7075121671873665e-01	   1.1913260735961435e+00	   6.3412705376090805e-01	   7.5889647494087531e-01	   1.0449786442771740e+00	   0.0000000000000000e+00	   5.8880779352624824e-01	   8.0590265985473375e-01	   5.5952685487683351e-01	   7.0150593652412097e-01	   3.7218151864416349e-01	   8.5537369226711513e-01	   1.9376537148974371e-01	   8.4682112445101671e-03	   1.9592238996837047e-01	   3.4155448067643779e-01	   5.9926312193863518e-01	   7.5512364496618278e-01	   5.2324347703599972e-01	   7.4254725105604691e-01	   1.0971095155447035e-01	   5.2177049123492747e-01	   2.8182553831450485e-01	   2.9677559637910184e-01	   3.1871568713085330e-01	   3.4263106493606765e-01	   5.2383702921851127e-01	   5.7146012091901777e-01	   5.8139192250653260e-01	   7.2035830795175460e-01	  -5.1046502840586877e-03	   4.7378554815064823e-03	  -1.0688619742504005e-01	  -3.1300019851705468e-02	  -4.8265193387595712e-01	  -3.5786156084579013e-01	   3.3332482881279119e-01	  -3.4878459536503204e-02	   3.6776405384438648e-01	   3.1287000833739109e-01	   3.4847588723978701e-01	   3.2183632111529270e-01	   4.2952973086383228e-01	   4.4348734710053128e-01	   4.1676059514367281e-01	   3.2976055625960898e-01	   5.1035012123276124e-01	   3.1186178067985315e-01	   3.4148517530758099e-01	   3.5500522993582667e-01	   7.9250934261502620e-02	   5.1671361832144921e-02	  -9.9857883579213838e-02	  -3.0121247829039383e-01	   4.1753882631753458e-01	   4.8924909215422285e-01	   7.6753730073521620e-01	   7.7838926421721133e-01	   4.0090267741524793e-01	   5.2855295157245852e-01	   2.8883522066031397e-01	   4.6966725428180101e-01	   2.7296781931766956e-01	   4.3601792724572319e-01	   9.7449098713854682e-02	   5.8538909116598492e-01	   1.3292151999764951e-01	   4.6591834961645801e-01	   1.5784355177440779e-01	   1.9833943342949545e-01	   1.4686748645460607e-01	   3.8289299790082221e-01	  -2.2692595171577806e-01	  -5.7249805289618380e-03	   2.1010982808733603e-01	   3.0665446961538212e-01	   3.3503404137746595e-01	   4.3020348333298192e-01	   3.1990105343922304e-01	   2.9126555973513357e-01	   3.2160321500164690e-01	   3.8032159597235665e-01	  -3.3114460507417864e-01	  -2.7079997958800994e-01	   4.0801585733814161e-01	   5.5674225514782250e-01	   7.2262435591435081e-01	   4.8739723583668643e-01	   3.2854469515542023e-01	   3.1295743186570651e-01	  -4.5501760100007149e-01	  -4.8403327760140064e-01	  -1.0297565518679322e-01	  -1.8573028565782629e-01	   3.9676744452218909e-01	   3.3603585792203927e-01	   2.4420228483156242e-01	   2.9882689989083000e-01	   1.6460270696233209e-01	   4.0301037650595645e-01	   2.5699134410094471e-01	   1.6538120764320047e-01	   3.0213041319982631e-01	   5.7981773118948010e-01	  -3.0844917006621797e-01	  -3.1201467409604650e-01	   1.3604338319339038e-01	   2.9175298154734597e-01	   4.1870549848578126e-01	   1.3677226093069281e-01	  -8.5319748826121269e-02	  -3.0897040042235541e-01	
   3.3955824506975318e-01	  -1.7433639695763439e-01	   5.2909194187368247e-01	   6.3451249118322606e-01	   8.2033232589110239e-01	   8.2529662103652368e-01	   1.2397193026036240e+00	   9.5596014925315909e-01	   1.0419233623574646e+00	   5.8880779352624824e-01	   0.0000000000000000e+00	   1.0131016562594342e+00	   1.3646447042493379e+00	   1.2165461359478527e+00	   7.5120383580179828e-01	   7.4765937380373337e-01	   7.9761344895669009e-02	  -1.2890589135324404e-01	   2.5683270459813701e-01	   2.9397571919230103e-01	   5.4823102019372427e-01	   5.2582189536012769e-01	   5.3002538891629247e-01	   5.7039166141715592e-01	   9.9086490394135404e-02	   3.1728979322328504e-01	   3.4913080825464887e-01	   3.5184321047028599e-01	   4.0331576194546076e-01	   3.4204278104057817e-01	   2.8522562260901702e-01	   2.6639102301080714e-01	   6.8251268662953202e-01	   7.4266597566733417e-01	   6.5573282679211808e-02	   8.6424402146487111e-02	  -8.9837359943946669e-03	   1.9949044564343652e-03	  -3.0502197552028742e-01	  -2.9517219579735809e-01	   4.4628093882401930e-02	  -8.9734912699896877e-02	   4.0289816007235374e-01	   3.7620439877420320e-01	   2.5884842466841446e-01	   2.5046038433157169e-01	   3.4829455020931999e-01	   3.2880901043827365e-01	   2.6720933016854070e-01	   1.3759563170895142e-01	   4.4989962867941213e-01	   1.2560175732302586e-01	   1.3565805306441256e-01	   1.2448170769378530e-01	   2.2791055869947177e-01	   1.1723531796560314e-01	  -5.0322641394439249e-01	  -4.4293678843490225e-01	   3.7347222552767267e-01	   3.7504654469023524e-01	   1.0814638351796952e+00	   1.0097870834067488e+00	   4.8534715585781063e-01	   5.3347108567480439e-01	   4.9839717960537139e-01	   6.1910927916494407e-01	   4.2050007144358020e-01	   4.3074715665171798e-01	   3.9804178881662523e-02	   3.8858794037463307e-01	   3.2451028578662483e-01	   4.6544109412885859e-01	   1.9051830035432821e-01	   3.2308177333036164e-01	   3.6333533635826804e-01	   4.3926431955288509e-01	   1.2328821867853255e-01	   2.1494352664702340e-01	   1.5565962572703321e-01	   1.1852866072508123e-01	   2.4782107210393031e-01	   2.8993526630143462e-01	   5.3395356463209120e-01	   4.1123463998101423e-01	   6.1435596698328754e-01	   4.1531197791675800e-01	  -1.2632821201771552e-01	  -2.0084873896146446e-01	   6.5274565238938564e-01	   6.2084269475960330e-01	   4.6600826068070822e-01	   5.2643921993995157e-01	   2.5860913892720611e-01	   3.7585569829198195e-01	  -2.6881484461857030e-01	  -2.2051614051173657e-01	   1.6945020875030370e-01	   1.4095779508552733e-01	   2.9194761814396925e-01	   3.7299984249849122e-01	   2.8242008538929469e-01	   3.4696808815011776e-01	   7.8243054827252662e-02	   3.2167985349910505e-01	  -3.0825159200780525e-02	   1.1502260746765364e-01	   2.4131105624481644e-01	   6.6400307218104826e-01	  -1.0014770889303119e-01	  -1.5577217237225680e-01	   1.1908016712877825e-01	   1.2990299632303956e-01	   5.7794663815964886e-01	   7.3467232346196343e-02	  -6.3722659536117068e-02	  -3.0944971594921794e-01	
   4.7857673901966907e-02	  -1.7111994353235555e-01	   2.3825490511533109e-01	   5.2954813347451601e-01	   6.3401733652591064e-01	   1.3165416848853755e+00	   7.8375305660114891e-01	   1.3793626860392350e+00	   6.9873698854018984e-01	   8.0590265985473375e-01	   1.0131016562594342e+00	   0.0000000000000000e+00	   1.0643978157440503e+00	   1.5532918729977954e+00	   3.1734986087432243e-01	   8.5308697148258927e-01	   3.1337812649271962e-01	   5.3046382614074107e-02	   1.5186588378292509e-01	   3.6579955859695579e-01	   4.1444102236009595e-01	   6.5920589135326568e-01	   3.4902421212384638e-01	   6.2717527258164929e-01	  -2.3761601122934423e-01	   1.9563070465225810e-01	   6.3528530973722075e-02	   7.4062221639333903e-02	   8.4236365770705846e-01	   8.1148313563235464e-01	   3.9063754613828611e-01	   5.4211585723586952e-01	   6.8458271548239713e-01	   9.4178569174853721e-01	  -3.2143237916342499e-01	  -2.7792170085323875e-01	  -2.1075313821121647e-01	  -8.0977560103654995e-03	  -4.5148499997900149e-01	  -3.0868661552885379e-01	   2.5115139953173210e-01	   1.3598066430067754e-01	   4.4401650956535915e-01	   3.9812452395840781e-01	   3.0020386383881253e-01	   3.4804609518793811e-01	   5.3737460173532703e-01	   4.9225572515148130e-01	   4.4226792841379031e-01	   3.3317262096935607e-01	   4.3726862789014520e-01	   2.3064430599233413e-01	   3.9098704907639487e-01	   4.2489104401254729e-01	   1.4898948534180642e-01	   2.6102253088973026e-01	  -4.1641135976194144e-01	  -3.5376371011878632e-01	   5.8977766277285171e-01	   7.0587041617066282e-01	   9.2935070879583614e-01	   1.3405650409942584e+00	   8.0576709298382809e-01	   1.0629802379137381e+00	   5.2446317211290408e-02	   3.1361768405666340e-01	   4.5107042888420247e-02	   2.0402374070489432e-01	   7.0489639023650699e-02	   5.1923619534449039e-01	   5.8789074001631261e-02	   6.4242637811116565e-01	   1.3556533639758744e-01	   5.0745554352846278e-01	   1.3639736162881799e-01	   4.8592386407970778e-01	  -9.7223417269558202e-02	   2.6468728106971273e-01	   3.9394848957825257e-01	   3.8938461530387275e-01	   6.8896817436867297e-01	   6.3792424731784614e-01	   6.8775293360058898e-01	   7.2780569444772714e-01	   2.3216092129204974e-01	   2.2598503672455555e-01	  -3.7832267188143709e-01	  -4.0333120768873748e-01	   2.6446824255623708e-01	   5.1673848772893471e-01	   7.0769331932560864e-01	   4.7129287683078225e-01	   2.9370480199958660e-01	   1.6772174940020773e-01	  -1.6540876741063687e-01	  -1.5795864605177612e-01	   1.9415904756864436e-01	   1.8639307192261620e-01	   4.2948013545440067e-01	   4.7545245508442768e-01	   3.2604233398978960e-01	   2.5196693881194948e-01	   1.7585585955063104e-01	   2.7311138470822915e-01	   6.2509870326112799e-02	   1.2990374741930592e-04	   2.1271200914488619e-01	   5.6182603893407057e-01	  -1.0698034590030732e-01	  -6.2864195741402895e-02	   1.0363747668045496e-01	   2.5251563467510202e-01	   5.2783660451196834e-01	   2.0231775235303496e-02	  -5.2728318863104681e-03	  -2.8752799949728464e-01	
   3.5540006099236321e-01	  -9.9703470594547261e-02	   1.8595452033535104e-01	   2.8499089125646826e-01	   5.5044642004427347e-01	   8.1999372045641605e-01	   8.9642605543954323e-01	   9.4029467529352795e-01	   7.1337950337018008e-01	   5.5952685487683351e-01	   1.3646447042493379e+00	   1.0643978157440503e+00	   0.0000000000000000e+00	   1.5108312334666152e+00	   4.2139856167324508e-01	   5.3157207431942377e-01	   8.7864644003222817e-02	  -7.1507126252245132e-02	   1.8557530830738805e-01	   2.2013637134815908e-01	   3.1408356490082318e-01	   4.3480538703073235e-01	   1.9605095217141488e-01	   3.0112538743232709e-01	  -1.5867694563819093e-01	   1.2942379304800958e-01	   3.1567823409619521e-02	   6.2402152734000446e-02	   4.7449269908181457e-01	   4.4786853066953675e-01	   1.9360064063450028e-01	   1.8709844652334068e-01	   5.5243252944357835e-01	   5.8008285688158512e-01	  -1.7930069241123972e-01	  -1.2044082483280705e-01	  -1.3572301744481322e-01	  -1.0296694835579394e-01	  -3.1247098292969300e-01	  -3.1058293002003190e-01	   5.6325876392439897e-02	  -5.9249705983896978e-02	   3.0710135534480021e-01	   3.1383045089365347e-01	   2.3900657846372791e-01	   2.6693968819779501e-01	   3.3801400389725161e-01	   3.0364848552080570e-01	   3.6194956526232136e-01	   2.4693144467391062e-01	   4.4614413162791278e-01	   1.8124458139503311e-01	   2.6863472271606087e-01	   2.0790513216918755e-01	   2.1930751157341136e-01	   1.6068660616105440e-01	  -4.0054162920536340e-01	  -3.8046981438008559e-01	   5.6722609766598886e-01	   5.8409407594007701e-01	   1.0338351448364540e+00	   1.0512394508852934e+00	   6.8075152521474114e-01	   6.3264251201175858e-01	   1.0693186704955618e-01	   2.9712276890172540e-01	   1.1770108896399092e-01	   1.5236674922738813e-01	  -2.2648976281390232e-02	   3.3447167032420660e-01	   2.0507265145090198e-01	   5.0392040973727681e-01	   5.3665370807513907e-02	   3.4067386262884708e-01	   2.5266171655433306e-01	   4.2898470729592308e-01	   3.1889884743506264e-02	   2.0062561633675660e-01	   1.1232390675140767e-01	   1.1708864565817573e-01	   3.4111040878592186e-01	   3.6151879674781223e-01	   5.2763703651749760e-01	   3.5100413005787057e-01	   2.7156317554842413e-01	   1.7682491188203125e-01	  -3.4791754609397041e-01	  -4.7180813645965319e-01	   3.8200869446719216e-01	   4.4242344566189840e-01	   3.8980620852143122e-01	   4.2638290059415285e-01	   1.1339984229408669e-01	   1.5774224610464821e-01	  -1.7292432680914166e-01	  -1.3962666105331681e-01	   2.2208598788503273e-01	   1.4866953053304335e-01	   3.2320048857499040e-01	   4.0637284161005260e-01	   2.3439942007620693e-01	   2.4029167787840663e-01	   3.4004830443135479e-02	   2.3041723762783858e-01	  -1.5258569542181535e-01	  -9.0361317966466903e-02	   1.3455032708380710e-01	   6.2127271288800678e-01	  -3.1521391585120705e-02	  -1.1135405657515550e-01	   2.9231847309474333e-02	   9.2377442510505448e-02	   5.5860938286169159e-01	   7.3257824630979795e-03	   7.6028210938039378e-03	  -1.5888316375222403e-01	
