   0.0000000000000000e+00	   8.9013788381001924e-01	   7.0032933162602229e-02	   1.0944337273777285e-01	  -1.9759634068860532e-01	  -3.0769205101089592e-01	   1.0964010392388633e-01	  -3.2579516284684182e-02	  -1.5098714733210217e-01	  -1.4176832520366589e-01	   4.9141954014968992e-01	   2.3779219882687080e-01	   2.9952767330691604e-01	   1.4656196123794715e-01	   7.4313979653160042e-02	   1.2222960269487287e-01	   7.3841410707901045e-01	   7.2598487670487288e-01	   2.7013964358342102e-01	   3.6665368305719603e-01	   6.7669046759172652e-02	  -2.0887414859359188e-02	  -3.7695625647551419e-02	  -3.2222791391108369e-02	  -1.3739224181492504e-01	  -1.8448961365649841e-01	  -1.4469123427054500e-02	   4.6628571745202171e-02	   4.6466821773498312e-01	   5.1434864804002878e-01	   1.0884161625325498e-02	   1.7610365990346499e-02	   4.5516359763801706e-01	   2.9979453163642278e-01	  -6.1614701548402533e-02	  -1.1033518311679388e-01	   3.1319343974805602e-01	   2.2535398075828841e-01	   2.0853088559813704e-01	   2.4431894650545868e-01	   4.3340753479322103e-01	   3.8417226056184589e-01	   2.5163015091779117e-01	   1.1166550836817207e-01	   1.6473968931821120e-01	   1.8547264731567517e-01	   2.5564532805032270e-01	   1.8265522744774754e-01	   1.1537739966389696e-01	   3.2938703224386391e-02	   5.2668778227739077e-02	  -5.2744679229954919e-02	  -1.1868349610369693e-01	  -1.0439799070937584e-02	   1.1275129385787545e-01	   1.0061138981546781e-01	   7.5696753681610884e-01	   8.1592976461393263e-01	   3.1514421332262216e-01	   2.7317529444294864e-01	   2.9465096068933222e-01	   3.2662814407822871e-02	   3.9613021007216936e-01	   1.6362182624171479e-01	  -1.0010973748604914e-01	  -8.3331712507769731e-02	   2.8308421231660597e-01	   2.9220758421888471e-01	   5.7343773715437418e-01	   2.4935256428191138e-01	  -4.3952074596818470e-02	  -1.0894076141163972e-01	   5.3563622961689250e-01	   3.9131654316046532e-01	   4.3103339244457300e-01	   3.7693582136181214e-01	   5.1797091801142470e-01	   4.3060034438950040e-01	   4.4639006333148246e-01	   3.9734617074086398e-01	   5.6025966851397713e-01	   4.9536364780948350e-01	   3.7080029367038947e-01	   4.5043292651049505e-01	   4.0299929823299779e-01	   3.0670219122586806e-01	   1.4712583603448665e-01	   4.7494727716813423e-01	   6.0491883605004437e-01	   3.8256323986224855e-01	   6.9841268601882778e-02	   1.0622739269133455e-01	  -1.8382938148020733e-01	  -1.5058301317924502e-01	  -3.3417692321001174e-01	  -1.9345150322186427e-01	   1.2889921101626825e-01	   1.6025198897051185e-01	   3.8735877086697235e-01	   2.1880002501237319e-01	  -1.3098574170195926e-01	  -1.5516682529125730e-01	   3.1578653632125220e-01	   3.1732019964371616e-01	   1.0817405387841802e-02	   1.6395305953895448e-01	   1.4545341187393174e-01	  -7.6997458149993155e-03	  -4.8445567633184680e-02	  -2.7858098349066308e-02	   1.8305579620509219e-01	   2.2113046593871813e-01	   1.8437750239786921e-01	   1.1857044616019911e-01	  -8.9358843652166439e-02	   1.5771163323360794e-02	
   8.9013788381001924e-01	   0.0000000000000000e+00	  -2.2409465504044893e-01	   3.4534552049444217e-01	  -4.3688444696186945e-01	  -1.3728576323938363e-01	  -2.8052970195820637e-01	   5.9020137267067813e-02	  -2.1370013712211866e-01	   1.0707242987465966e-01	   2.8613288090847289e-01	   3.8727628636288897e-01	   1.0379293792511435e-01	   1.5230859960588833e-01	   2.3215563187682295e-01	   4.1694238342537637e-01	   1.0998066935085256e+00	   9.8999400696849427e-01	   2.9634128379837826e-01	   6.8432313928731592e-01	   9.8015117304763685e-02	   2.7349312534761394e-01	  -1.7097269240718330e-01	   3.4809836370286009e-03	  -3.4347986779344497e-01	  -2.8281086144860562e-01	  -1.4605789515016665e-01	  -1.2356496064233863e-02	   7.4240189966986547e-01	   1.0080046671510094e+00	   4.2037768966912525e-02	   2.3471572586099709e-01	   7.4305129135802372e-01	   6.6898306384954442e-01	  -4.1854516301597344e-01	  -2.3592057630373814e-01	   2.6779400833444617e-01	   5.3685467244295193e-01	   8.2944486851679919e-02	   4.5529779417074101e-01	   5.9641001149288386e-01	   9.7561011102462236e-01	   1.3327098829805148e-01	   1.5955043676186631e-01	   7.8467786842348161e-02	   2.2163293220601127e-01	   2.5058386069886346e-01	   2.6924373699282877e-01	   1.1671358882051891e-01	   1.6446202470313742e-01	  -3.4825117315403560e-02	   2.4251675465691066e-02	   1.7074806252620822e-01	   1.6002298999062078e-01	   2.5972711299473272e-01	   2.4199179314927841e-01	   1.1028632691287095e+00	   1.0983905526012945e+00	   2.9875385935560628e-01	   3.4501199068386557e-01	   1.6934835346087640e-01	   1.3297034574174360e-01	   6.3530949641324996e-01	   4.7567515452394937e-01	  -4.3099376842780640e-01	  -2.1645482552508397e-01	   1.0391939165142410e-01	   1.6913991330589256e-01	   1.0030258539421617e+00	   5.5295885196715278e-01	   6.6326268301291569e-02	   1.5694317716894943e-01	   9.2218759045559340e-01	   8.6697739848148159e-01	   5.9985681950347014e-01	   8.2366485746795925e-01	   4.6432863212764397e-01	   5.5704824467735936e-01	   6.2456635854622322e-01	   5.6547570323333840e-01	   9.7756554494076009e-01	   8.5397460802299163e-01	   5.3967598392735550e-01	   8.8984738627320537e-01	   2.7472271733656312e-01	   2.5858495874796145e-01	   1.0222207035045933e-01	   3.8400349458928995e-01	   4.7570677186801452e-01	   6.1319751714568838e-01	   3.7455957493385628e-01	   2.3919812094863185e-01	  -1.3945667194189319e-02	  -4.1764369857196570e-01	  -2.4159172250155878e-01	  -1.0932742231011422e-01	   2.4559176252046544e-01	   3.2950188039472134e-01	   7.0529436984310212e-01	   5.4223798118533650e-01	   7.1190618813260553e-02	  -3.1748090239637944e-01	   6.6158902164984779e-01	   4.0166219976093837e-01	   3.2819006987324803e-02	   1.8490100930538548e-02	   1.0704984711007744e-01	   3.5105072251770375e-01	  -3.4399048697263061e-02	   9.7813602124463633e-02	   2.0584664108860556e-01	   4.9468512955742583e-01	   1.4327171633227417e-01	   2.4006454634755919e-01	   5.9763634727125863e-02	   1.3377209408294227e-01	
   7.0032933162602229e-02	  -2.2409465504044893e-01	   0.0000000000000000e+00	   2.6982624863438820e-01	   7.1245949535618724e-01	   2.3750502321955069e-01	   9.0965036742183303e-01	   1.5464324511569466e-01	   4.7445344623248070e-01	  -1.1277629690069771e-01	  -3.3113656919701495e-01	  -4.0217550786678669e-01	   4.5708053480198437e-03	  -1.6908531515169828e-01	   1.7691869230797613e-01	  -3.0994400556226059e-01	  -3.5007440928231021e-01	  -9.1962523486931708e-02	   3.6650275231795654e-01	  -1.2835170874666654e-01	   2.2328549864545726e-02	  -1.4304963487587427e-01	   8.2035690904330427e-01	   4.0579272622804530e-01	   9.3312686819248347e-01	   7.2310049556712575e-01	   8.9043771958608742e-01	   6.6446520589311209e-01	  -3.2253568705167257e-01	  -3.9369437818178898e-01	   6.9067855369836184e-01	   3.2075737218689798e-01	  -4.8904168713886052e-02	  -1.2246875220157961e-01	   9.1711095758339944e-01	   7.8923079933263796e-01	   9.8072167189466403e-02	  -5.9043793418152635e-02	   3.2247979527305337e-01	  -7.3925890293837504e-02	  -2.5458990789408653e-01	  -4.3395862583902789e-01	   1.7897666590862846e-01	   1.1716070146089033e-01	   5.1395396319462883e-02	  -9.9318749599874676e-02	   2.6698209642891330e-01	   1.3107187666844916e-01	  -3.6084984664770219e-03	  -5.4799514579945356e-02	   2.1063791619679870e-01	   6.6899189007702864e-02	   8.9462964076930662e-02	   2.8527794122520400e-01	   2.2788585578652881e-01	   1.3600200185582920e-01	  -1.9253712737489836e-01	  -9.9622160275546545e-02	  -7.2839031303541302e-02	  -2.8703072605791368e-04	   2.5416563921471153e-02	  -4.3254664890179713e-02	  -4.0254653703080479e-01	  -4.0639374175306420e-01	   8.8919358801154502e-01	   5.3593101851383418e-01	   2.0146240022299089e-01	   1.8537685304357560e-01	  -1.8148122672042685e-01	  -1.0143990257798602e-01	   1.6425419011851733e-01	  -7.3205108242784825e-02	  -2.3138682079241565e-01	  -2.5787754331762341e-01	  -4.1507594711376890e-02	  -2.2187462887214582e-01	   1.7320052269461675e-01	   4.6717747855508869e-02	   4.2762968094303078e-02	   1.2158978293641184e-01	  -1.6732589488717303e-01	  -5.1079781674595343e-02	   2.2085707028028704e-02	  -4.2513472634384403e-01	   3.5125369994616690e-01	   2.4409443472850059e-01	   3.3424187409613576e-01	   2.5717881835752376e-01	   3.4457287249367657e-01	   1.5416910802107206e-01	  -4.0945662905848392e-03	   2.2703591892284758e-01	   1.0039853047700482e-01	   6.5793329521531752e-01	  -2.4798594697156379e-01	  -1.6459907079823097e-01	   1.1955749938994088e-01	   3.3727230203891845e-02	   1.2107475205769362e-01	   1.7860162422064972e-02	  -3.6645057589529328e-01	   2.2432439413206781e-01	  -3.1910159391693982e-01	  -2.7003590514637549e-01	   2.6739110866401516e-01	   5.7989537886220754e-01	   1.2674979486024063e-01	  -3.2306747037354339e-01	  -6.9567580603692725e-02	  -3.3920554567735575e-03	   4.4273202408274648e-01	   1.0579973711565624e-01	   3.6012082565689191e-01	  -3.8369114802896745e-02	   6.1476139734305026e-02	   1.0747371476694115e-01	
   1.0944337273777285e-01	   3.4534552049444217e-01	   2.6982624863438820e-01	   0.0000000000000000e+00	   1.5468775169591570e-01	   7.7700605981443605e-01	   1.2549790753753995e-01	   1.0882876926307725e+00	   3.8841151195287149e-01	   7.5011786932967695e-01	   1.0542627959427482e-01	   6.0351767049187399e-01	   2.6834559671721858e-01	   6.5717394235494064e-01	   7.7933648593605442e-01	   7.5359574424824993e-01	   2.5746498542678270e-01	   4.8148932725657873e-02	   4.8992387045037794e-01	   7.5248232796279890e-01	   2.3912196090728227e-01	   5.4141753359517031e-01	   3.1697338888663640e-01	   8.1336089925919874e-01	   2.0941059150397789e-01	   4.5937078577351009e-01	   4.6533009538330333e-01	   6.6981369320915662e-01	   3.3018516815317428e-01	   4.4704945077535829e-01	   4.2547035174947301e-01	   1.0233585107809613e+00	   3.3694937399604297e-01	   6.1849685163568013e-01	  -9.0127282677585009e-04	   3.4751897259719439e-01	   1.2025026394059567e-02	   3.1311366617140529e-01	   1.0683037227823391e-01	   3.8267102610384701e-01	   1.6319383119145767e-01	   3.3703086439063346e-01	  -6.9398675827678762e-03	   1.8359399936171369e-01	  -5.2286722437151899e-02	   9.3246811109613623e-02	   2.8868695473696859e-01	   2.1646817961211828e-01	   1.4138576850302936e-01	   3.4797483238926852e-01	   2.4069783444269377e-01	   2.5753106627523337e-01	   5.7956718889483361e-01	   3.9765088221741368e-01	   4.8139851844669840e-01	   3.3412802894816718e-01	   1.8903823169061071e-01	   6.2491257504113620e-02	   1.6200097474268552e-01	   2.1581754368880884e-01	   1.6522647114772512e-01	   4.5497541127314367e-01	   2.1274902755709788e-01	   4.4057212702321158e-01	   1.9096839028141258e-01	   6.6791825256552961e-01	   1.0112493989729816e-01	   3.5382891104182584e-01	   3.9855092134811976e-01	   6.3499595178646706e-01	   6.0720240277237339e-02	   3.8448181617357086e-01	   2.7539943232483977e-01	   2.3496371720928255e-01	   2.7643823100427356e-01	   3.7361805344633386e-01	   3.9693497148150833e-02	   2.4094195561277568e-01	   4.2745989605885276e-01	   2.8242409378637989e-01	   5.9465438154534245e-01	   5.7878537827804555e-01	   6.0023105932412968e-01	   5.4685697121605448e-01	   4.5363512955692498e-01	   6.2977857704361651e-01	   3.0156470084734394e-01	   4.0723660190522165e-01	   5.1799050895178156e-01	   7.9046623626768764e-01	   1.0459112718474521e+00	   6.8584287485245909e-01	   8.6801323666734365e-01	   1.5503138853772908e-01	  -3.3619236506201272e-01	  -1.6949809858864923e-01	   1.3406759811217175e-01	   2.1925790311128179e-01	   5.4782850147907347e-01	   5.1439104434689364e-01	   4.1394523412922746e-01	   1.6427393894709066e-01	   5.2242192701760470e-01	   2.5655957185289874e-01	   2.1016074154289596e-01	   1.5100470881716133e-01	  -5.9770543879686416e-02	   3.5512841289737990e-01	  -1.4957721511520725e-01	  -9.8342779652853582e-02	   2.9694787076045487e-01	   2.9243816117642524e-01	   1.8078951405799815e-01	   1.9951886123795712e-01	   4.4773830679942797e-02	   5.3706848478108957e-02	
  -1.9759634068860532e-01	  -4.3688444696186945e-01	   7.1245949535618724e-01	   1.5468775169591570e-01	   0.0000000000000000e+00	   6.2842971621618893e-01	   9.7120906134660712e-01	   2.7947481946574865e-01	   9.0891400316654647e-01	   2.6057326814992510e-01	  -2.1217277902364126e-01	  -1.8936123830742499e-01	   1.2493724230164138e-01	   2.6828821581033370e-02	   5.8548204815151599e-02	  -1.7381501871817845e-01	  -6.3563480780684645e-01	  -3.8143279702076338e-01	   1.1320949100133550e-01	  -1.0953273198645982e-01	   3.1386490057698291e-01	   2.1102515028976285e-01	   2.7013887642972334e-01	   1.6646234052423575e-01	   4.8474973074371697e-01	   5.2843903288290317e-01	   3.6494678537992425e-01	   4.4518467327456568e-01	  -1.2448093134600455e-01	  -2.2921622752170512e-01	   6.0650048275154600e-01	   2.7660383188819992e-01	   1.7097708555797553e-02	   4.9851445932410358e-02	   7.9787063605033426e-01	   8.6221087504650529e-01	  -2.2482707418471454e-01	  -2.2197671969654736e-01	  -7.6227504013663877e-02	  -1.9613545542513960e-01	  -2.8819649270989139e-01	  -3.2618309777413862e-01	  -4.3374962093309835e-02	  -2.0089293463096258e-01	   3.7926963116337981e-01	   1.5576184007477265e-01	  -1.7507265774797354e-01	  -2.0077299335036861e-01	  -2.0344653854269819e-02	  -9.1128398953952514e-02	  -1.4269958000417793e-01	  -1.3484516122184975e-01	  -3.0588263381980289e-02	   5.5127477888589856e-02	  -1.6513281831907961e-01	  -1.6801460839288948e-01	  -4.9768765249313734e-01	  -3.5048016969249884e-01	   7.7456150414928940e-02	   9.5969851815559892e-02	   2.3893515803951915e-01	   2.4193805774505248e-01	  -2.3086548506372639e-01	  -9.1887074066761124e-02	   5.5811857018884670e-01	   4.0777744543319960e-01	   4.7668339972943830e-01	   5.9980879323999914e-01	  -2.3411795699274546e-01	   1.9127831032881685e-02	   8.2531253202613356e-02	  -6.4425198088381014e-02	  -2.4802551598573308e-01	  -2.2642135655069556e-01	  -1.1050388337633782e-01	  -2.2048723021524100e-01	  -3.1538875611171652e-01	  -2.7241861700691411e-01	  -1.0278875869787019e-01	  -1.7619903680105634e-02	  -2.3574277547590694e-01	  -5.7338400699824342e-02	  -5.6361133662039480e-02	  -2.8407174844017574e-01	   2.1617103239314389e-01	   7.7186121188186796e-02	   4.1933794230442391e-02	   4.5379053714630489e-02	   8.3735561307673914e-02	   6.0555905873238135e-02	  -4.2143851092132180e-02	   4.5558477732301851e-02	   4.6712050824458888e-02	   3.1141486068042751e-01	   4.1984616802673132e-02	  -2.2247042990124261e-01	  -3.0227486617470078e-01	  -3.0165558653134084e-01	  -1.8829225396309154e-01	  -3.2071438901878879e-01	  -2.8460069849653154e-02	   3.3800625867391426e-01	  -2.8921600005438852e-01	  -1.9900962236823824e-01	  -6.8721982935993603e-02	   1.0736784852284861e-01	   1.7806328322965434e-01	  -2.7748820247053574e-01	   3.1577057726293434e-02	  -1.6473961280204902e-01	   5.3799773242910413e-03	  -1.3841313894009658e-01	   9.8971829296761099e-02	  -2.3450106449496028e-01	  -2.0675762576168443e-02	   1.1382519128784492e-01	
  -3.0769205101089592e-01	  -1.3728576323938363e-01	   2.3750502321955069e-01	   7.7700605981443605e-01	   6.2842971621618893e-01	   0.0000000000000000e+00	   3.2665343305984001e-01	   1.0653705691580564e+00	   9.9389443125985855e-01	   1.1620845113362950e+00	   4.4057784770246834e-02	   3.3621858842072122e-01	   2.5432772139410320e-01	   5.0753601971252027e-01	   4.9771225504188921e-01	   4.1414584699521206e-01	  -1.4254367290270162e-01	  -3.0259476471655117e-01	   2.4425575035126934e-01	   2.9521760485301862e-01	   4.1931208388896224e-01	   6.5951529208748594e-01	   9.1924650755281015e-02	   3.6995882871295860e-01	   1.7627181868326297e-01	   5.3560698793950756e-01	   2.3477025253959011e-01	   4.9984872352754472e-01	   2.3565571417430259e-01	   2.1621695024880014e-01	   5.3112500365590010e-01	   7.3116897070206976e-01	   1.6318876561957021e-01	   4.3097263341724018e-01	   9.2161754896636944e-02	   4.2842466784140665e-01	  -3.9238071636110045e-01	  -1.4069580327391470e-01	  -1.4301824322308407e-01	   5.9089530892021770e-02	  -2.6043076459426041e-02	   5.6906185409491696e-02	  -2.3744632616060482e-01	  -1.8751133118210306e-01	   3.3551221107324912e-02	   1.3082320205984580e-02	  -1.1051074460060377e-01	  -1.8458621454244006e-01	  -8.5829906008234161e-02	   3.8849672549666189e-02	  -6.8863898771306109e-02	  -4.6134555097252984e-02	   4.0238184864532983e-01	   1.7472683784310145e-01	   7.3850702432340598e-02	   1.9200367626160945e-02	  -2.2432004697013019e-01	  -2.2137403186630011e-01	   1.2375196109742340e-01	   1.1793342244357305e-01	   4.4889131132033477e-01	   8.1595753414196182e-01	   2.0687769094215169e-01	   5.5050677551605132e-01	   2.5955095463858702e-01	   6.6079873122824118e-01	   2.0388930312800427e-01	   4.8601092714901195e-01	   3.8012474188076836e-02	   5.0658283229833301e-01	   6.9372118683449936e-03	   1.8411693930157097e-01	   1.1118802100572622e-02	   3.6217713596777848e-02	   5.1429606154367861e-02	   1.0655140600798826e-01	  -5.2312221699871286e-01	  -3.3273908574177652e-01	   1.4209053328818128e-01	   7.8405706911386069e-02	   2.0522570207418578e-01	   2.3091272035997260e-01	   2.8907650136219815e-01	   1.9987065034986173e-01	   1.7298791222830165e-01	   9.9312657215867323e-02	   7.5233662637630247e-02	   4.1092962748864849e-02	   3.2810762277984584e-01	   3.7969583066056495e-01	   6.7697837893144741e-01	   4.4046506673388808e-01	   6.5005445088161673e-01	   5.6404178440991742e-02	  -2.8347864767082332e-02	  -2.3701930277246397e-01	  -3.1967615213532657e-01	  -1.7608672161674999e-01	   5.7342726263178434e-02	   4.7857150655391152e-02	   4.8924437633771156e-01	   3.2886308091611721e-01	   2.5137875091598560e-01	   1.1822414462957555e-01	  -4.0891989026843163e-02	  -3.2938187949134730e-02	   9.8944334927094521e-02	   2.1909364144085075e-01	  -5.9629412695323021e-02	  -3.6298368019991617e-01	   1.6174466712670171e-02	  -3.5293754430628890e-02	  -5.3556868807708964e-03	  -1.2281892083209096e-01	  -7.4904875781475061e-02	   4.8687591581499087e-02	
   1.0964010392388633e-01	  -2.8052970195820637e-01	   9.0965036742183303e-01	   1.2549790753753995e-01	   9.7120906134660712e-01	   3.2665343305984001e-01	   0.0000000000000000e+00	   3.5344156176713215e-01	   8.3908521097933386e-01	   1.4136908716589600e-01	  -6.9562675142413100e-02	  -1.8255033027148085e-01	   2.7684487991530121e-01	   1.7264752542169998e-02	   9.2688672739371036e-02	  -3.3336139839126100e-01	  -3.8025464231375872e-01	  -1.5028401832017263e-01	   3.5216043500205385e-01	  -3.0836803393351750e-02	   5.6985289540927880e-02	  -1.4404824552488490e-01	   4.7271437386660076e-01	   2.5892972829387167e-01	   5.5668907869957829e-01	   5.2739175076407963e-01	   4.5428456641571258e-01	   4.2966023143623810e-01	  -2.4279228008106482e-01	  -3.0208441054303609e-01	   4.6661717022149274e-01	   2.2161856001130367e-01	  -1.8940783759526855e-01	  -1.6978456527182489e-01	   6.1880922133788374e-01	   5.7469498125717033e-01	  -1.6656100265758073e-01	  -3.6288534437512088e-01	  -6.6691258373366563e-03	  -3.1985912506913128e-01	  -3.8609751436267625e-01	  -5.1923862105605134e-01	  -2.5658906385938162e-02	  -1.4333379106807950e-01	   6.4373081553590755e-02	  -1.0128273592827838e-01	   2.5436662915191470e-02	  -9.3384638477824952e-02	  -1.8205999445155049e-01	  -2.1610377531551314e-01	  -4.2181593049747744e-02	  -1.2705714875039367e-01	   1.0121991978653995e-01	   2.2239081185453452e-01	   1.2849340565405314e-02	  -7.7301565430471939e-02	  -2.3723670627257076e-01	  -1.1217746048802499e-01	  -1.8203208557954185e-02	   8.7629032047930478e-03	   2.7704473575961008e-01	   2.6604270330566077e-01	  -3.2712101700218066e-01	  -1.7725724195052409e-01	   9.6205356572535605e-01	   6.1654023004297287e-01	   1.9066722922212151e-01	   3.4210328192734274e-01	  -2.7019233582357882e-01	  -4.0179015537705670e-02	   1.0000193474510240e-01	  -1.6574882558616869e-01	  -2.7309703968116722e-01	  -3.4546394160283267e-01	  -5.4402884639906585e-02	  -2.3556054473300986e-01	  -9.2831574695855706e-02	  -1.3839728561463074e-01	   8.4227133228858345e-03	   3.6154193445346268e-02	  -1.8079588590073953e-01	  -3.4668708343391023e-02	   1.8778174626953324e-02	  -3.0075439702092194e-01	   3.4560324894522965e-01	   1.4578919093463888e-01	   1.9736268772210189e-01	   1.8318993672345127e-01	   2.6977047749631794e-01	   2.0407176544651412e-01	   9.2679677193949178e-02	   2.9485488618046629e-01	   1.6673597205115204e-01	   5.9062893400298444e-01	  -1.5363547796658544e-01	  -2.7846764116932948e-01	  -2.6301091121089060e-01	  -2.6011457086010709e-01	   6.1648816992514226e-02	  -7.4847036484454024e-02	  -6.9671285224649798e-02	   3.5821805837318410e-01	  -1.5826510515003273e-01	  -1.6213193134273521e-01	   1.0775370193533299e-01	   3.9980793949960070e-01	   3.0675907026115612e-01	  -4.5120998885783287e-01	  -2.9106879974000577e-02	  -1.5365678563308702e-01	   9.6171355545526679e-02	   1.5930925428293666e-02	   1.0682027082524932e-01	  -2.0776006319894955e-01	  -8.0550488779336654e-02	   3.9928672066230166e-02	
  -3.2579516284684182e-02	   5.9020137267067813e-02	   1.5464324511569466e-01	   1.0882876926307725e+00	   2.7947481946574865e-01	   1.0653705691580564e+00	   3.5344156176713215e-01	   0.0000000000000000e+00	   7.1916176623000450e-01	   1.1988656043946606e+00	   2.5348416957785419e-01	   6.5189136494144373e-01	   4.4315637568910393e-01	   8.0222664036896452e-01	   5.6178143421835858e-01	   4.7816577520760939e-01	   8.3137518922869011e-02	  -1.0991333122062731e-01	   3.5061936871132443e-01	   4.9014971824546272e-01	   2.6743696684762730e-01	   4.7614204848242431e-01	   1.2501377179740392e-01	   5.3401415056661183e-01	   9.5549956692980595e-02	   4.4462034918247273e-01	   2.1571572172202122e-01	   4.7879482103605409e-01	   2.4879779341788205e-01	   3.1117549013914969e-01	   2.5287754744545260e-01	   7.1021214796267740e-01	   6.0496128772095016e-02	   3.6427851466039607e-01	  -7.3336764938746385e-02	   2.3731109382928897e-01	  -2.9233007177303427e-01	  -3.2430949932044019e-02	  -9.9526172369563126e-02	   6.9246942254067675e-02	  -2.8120387360989797e-02	   1.0359875872738769e-01	  -1.8535926624338983e-01	  -3.8729271367327338e-02	  -1.0682469657455054e-01	  -1.0404008553697719e-02	   9.6279308027469646e-02	  -1.2795505343796497e-02	  -8.4359809945761241e-02	   1.2890697635284676e-01	   5.9525687345163371e-02	   6.6325794754025988e-02	   4.5497290927815182e-01	   2.3302006015596857e-01	   2.1783027804577773e-01	   1.0533305797213109e-01	  -1.1817317558339493e-02	  -1.0626502869872959e-01	   9.1198452375051420e-02	   1.3059635022653937e-01	   4.1278578964038570e-01	   9.7181345859554424e-01	   1.9577496530240612e-01	   6.1624156902250715e-01	   3.5236708672722339e-01	   9.9894089935612684e-01	   5.0192658341779522e-02	   4.0992262747827757e-01	   1.0651118478016257e-01	   5.0073993510130110e-01	  -6.6811939834507547e-02	   2.4335374850262528e-01	   5.8386577417273419e-02	   2.8451456199821569e-02	   1.2080994191172145e-01	   2.0395804379876384e-01	  -2.9476119468159695e-01	  -9.2614544741325827e-02	   3.0858192689826003e-01	   1.3668694731577635e-01	   3.8309226730916934e-01	   4.1899134917378295e-01	   3.8640114738532766e-01	   3.5323401142669913e-01	   3.3407679151690850e-01	   3.5706208515246918e-01	   1.2236738014789880e-01	   1.8354329144223147e-01	   3.9481866557822576e-01	   6.0766091513550669e-01	   9.7764297378009213e-01	   5.9759391445048071e-01	   9.6206221490370458e-01	   1.3814392481267826e-01	  -2.0827722047606020e-01	  -2.3828810961660316e-01	  -1.4169961436568612e-01	  -3.6861781789638587e-02	   2.8469240567550608e-01	   2.5479152686036555e-01	   6.4634504410241000e-01	   2.7200412105628219e-01	   4.8316430416483785e-01	   1.3295460920633068e-01	   7.3262391071196753e-02	   3.5216668085284002e-02	   1.7920798176956254e-01	   1.4045248530770341e-01	  -1.1238926714426922e-01	  -3.2025058959243680e-01	   4.1650272524380597e-02	   1.3942591623961764e-01	  -3.7297257810600372e-02	  -1.8882621777652091e-02	  -1.1243840595532753e-01	  -5.0286821091915797e-02	
  -1.5098714733210217e-01	  -2.1370013712211866e-01	   4.7445344623248070e-01	   3.8841151195287149e-01	   9.0891400316654647e-01	   9.9389443125985855e-01	   8.3908521097933386e-01	   7.1916176623000450e-01	   0.0000000000000000e+00	   7.7864518614758893e-01	   6.1975878566968325e-03	   7.3275760279154875e-02	   4.2334898423241168e-01	   2.5460044454883007e-01	   3.1157346739907138e-01	  -3.0170983212855069e-02	  -2.9556843493395890e-01	  -1.7694695901728413e-01	   2.9020081534615444e-01	   8.3696288832248389e-02	   1.9115253555977565e-01	   1.8724089208110337e-01	   8.4117703478263139e-02	   1.0965277339472805e-01	   1.5680490621435111e-01	   3.3708104291364849e-01	   1.5071168645147803e-01	   2.6414190119000502e-01	   9.4776446087833865e-02	   3.3351415314644167e-02	   4.6434952014977643e-01	   3.5388132943191764e-01	   8.8692163965966610e-04	   1.2060717908288633e-01	   1.9266764940127479e-01	   3.6490284439731124e-01	  -5.3625955793522762e-01	  -3.7142391424655447e-01	  -2.7091009845018049e-01	  -3.0720192214971859e-01	  -2.4442262509890919e-01	  -2.2021638527856072e-01	  -2.4412999986860706e-01	  -2.7942199607851115e-01	   1.0144917837745218e-01	  -6.8821313985597569e-03	  -2.0190798019059880e-01	  -2.8013553668721025e-01	  -1.6652387945573816e-01	  -1.2662177357626783e-01	  -2.1459752961787670e-01	  -1.2941739645025738e-01	   2.2509516293907886e-01	   2.5360282380189847e-01	  -1.0285603887164847e-01	  -1.3613740445775513e-01	  -2.5184948175522381e-01	  -1.4372733009003352e-01	   8.9456009218712690e-02	   8.8289860548332988e-02	   6.1329588283557390e-01	   7.1965597529222014e-01	   7.1457857646351847e-02	   3.1734016716071434e-01	   4.9832036852021655e-01	   6.1589796037472444e-01	   1.1220788674561728e-01	   3.7618547292098847e-01	  -1.1704123876043618e-01	   2.3942648314402581e-01	   1.7709958340496539e-02	  -3.4668623192190280e-02	  -1.1397671395288110e-01	  -1.3802081070689753e-01	   1.3631585474499526e-02	  -6.5707230276456405e-02	  -5.3768500124114638e-01	  -4.9189940658461251e-01	   1.4560829107602488e-01	   8.4002428034102086e-02	  -1.1138401257081716e-03	   1.1389292068992860e-01	   9.3703062554738009e-02	  -8.1109214782391595e-02	   1.2647493216328642e-01	  -8.2119072704460935e-02	  -4.6691399544247142e-02	  -6.0852415777793517e-02	   2.6175795651477235e-01	   2.7687711801673420e-01	   3.8632273181463295e-01	   3.6401108133510085e-01	   3.0488805551628650e-01	   1.4957235581317244e-01	  -1.4741902264985587e-02	  -4.7536232414250057e-01	  -4.8297422526301026e-01	  -3.9091761572622319e-01	   5.2120488085630683e-02	  -7.2475972087381699e-02	   1.7638568180535205e-01	   3.7097060973301604e-01	   6.3105438589084227e-03	  -4.0292637157491727e-02	  -1.4657703322427373e-01	   1.2096778343413200e-02	   3.1438305833180091e-01	  -5.5473088618090367e-02	   2.8926545264718490e-04	  -4.2248551071863605e-01	  -1.2170820505036377e-01	  -1.0698088777729253e-01	  -2.2534521993396787e-02	  -3.9323987817080452e-01	  -2.5995397828106237e-01	  -3.6412255964495743e-03	
  -1.4176832520366589e-01	   1.0707242987465966e-01	  -1.1277629690069771e-01	   7.5011786932967695e-01	   2.6057326814992510e-01	   1.1620845113362950e+00	   1.4136908716589600e-01	   1.1988656043946606e+00	   7.7864518614758893e-01	   0.0000000000000000e+00	   3.1852194013109103e-01	   7.1543985868647764e-01	   5.0854953706882766e-01	   7.7988534961567835e-01	   5.0892398432365349e-01	   5.9898193627860152e-01	   1.0527000227542085e-01	  -9.9918227035205628e-02	   1.7485966338879114e-01	   4.3718314000639846e-01	   3.0744188803457023e-01	   5.6656347648255601e-01	  -1.8775161386122952e-01	   1.8953859789714997e-01	  -2.5431346432950380e-01	   9.1104692297120676e-02	  -1.3531980300891944e-01	   1.2176716118514802e-01	   5.2756257180985500e-01	   5.6946962139653468e-01	   2.1042976328704283e-01	   5.5987831297690116e-01	   2.4955048443732289e-01	   5.2134389301999440e-01	  -3.2639328158765257e-01	  -2.4330762075839849e-03	  -4.9788419922899008e-01	  -3.5544448629210086e-02	  -3.7057771887813873e-01	  -1.6786419427952566e-03	   3.2121704119141323e-02	   2.6950719203869861e-01	  -2.0969424937087069e-01	  -1.0076552582112187e-01	   4.7595265681761541e-02	   1.6305794644505495e-01	  -8.4758462468784893e-02	  -1.0381045290669699e-01	  -8.4215706754905573e-03	   1.3364001042880091e-01	  -1.1026445703682959e-01	   3.5769547633713152e-03	   3.9721282650176493e-01	   2.0819823134494506e-01	   2.6809313190496814e-02	  -1.6409991861775160e-02	  -2.6508733816845868e-02	  -5.6489615511335210e-02	   2.3670212525143958e-01	   1.6373860818924274e-01	   5.5279591336919043e-01	   1.0488771191587869e+00	   4.3950332527936820e-01	   9.7674875527376825e-01	  -9.3907563878228232e-04	   4.7898585260034465e-01	   9.6200477752905439e-02	   4.2128441173568465e-01	   1.6825474421494213e-01	   5.8801889148177222e-01	  -1.5785786251812706e-01	   1.8096882805036196e-01	   1.4437381499707305e-01	   1.7010703979779693e-01	   1.1305136573055394e-01	   2.7222330619034191e-01	  -5.2164312044292460e-01	  -3.0411167659332117e-01	   3.5042537309310778e-01	   2.1846342126584709e-01	   3.8679087469680951e-01	   4.4646947718881724e-01	   3.6484010114414428e-01	   4.7325641960618781e-01	   1.0468816335488845e-01	   6.2087551819029009e-02	  -1.3090690532246127e-01	  -6.8333630573839343e-02	   2.2480059371832456e-01	   4.4349211167717556e-01	   8.3854686443869664e-01	   4.0684163271531337e-01	   6.4278080845113905e-01	  -1.4268293182119279e-01	   1.9739981306245203e-02	  -2.3288341051115974e-01	  -2.9235797455748985e-01	  -1.6506337715316052e-01	   2.0709097634731100e-01	   1.6255303384429096e-01	   7.4842333110067327e-01	   2.8105717361679117e-01	   5.0314008853083969e-01	   2.3238698428330554e-01	  -1.6221628827002949e-01	  -2.3360391398849459e-01	   1.9624505285651758e-01	   3.4899398171117119e-01	  -1.4960501485276750e-02	  -3.9777430102017713e-01	  -1.5500065137988189e-01	   1.0894034038175165e-01	  -3.2393897637496845e-02	  -5.9992263233345236e-02	  -1.2361229567266005e-01	  -3.0800335435197022e-02	
   4.9141954014968992e-01	   2.8613288090847289e-01	  -3.3113656919701495e-01	   1.0542627959427482e-01	  -2.1217277902364126e-01	   4.4057784770246834e-02	  -6.9562675142413100e-02	   2.5348416957785419e-01	   6.1975878566968325e-03	   3.1852194013109103e-01	   0.0000000000000000e+00	   8.7529637517530257e-01	   9.7457247556581372e-01	   7.9310250981742381e-01	   3.8249751921766773e-01	   5.4652889152362727e-01	   5.2704280104758794e-01	   1.1077409216491603e-01	   1.1588323167223682e-01	   3.4243650169543310e-01	   2.2840270685272845e-01	   8.6296020301481563e-02	  -2.1508286010160155e-01	  -2.5307397308077704e-03	  -4.5874989733332028e-01	  -2.5190340677100248e-01	  -2.6345470257471648e-01	  -1.1669047803702430e-01	   6.1239984284134474e-01	   5.3400714946797678e-01	  -3.0795898458359863e-02	   1.0981296398010572e-01	   2.4809837540069254e-01	   2.4219784265101568e-01	  -4.7409890997475829e-01	  -4.6420781009982426e-01	  -2.9061284915521401e-02	   5.2932772357341132e-02	  -2.2783468190206501e-02	   1.8092628849622311e-01	   2.3159819847094226e-01	   2.3515659161553476e-01	   1.6062623638756737e-01	   1.3879291826274406e-01	   2.6125713859870303e-01	   3.7400034892847228e-01	   1.6136684195709097e-01	   1.1937050845079908e-01	   3.7434680583185992e-01	   3.0607151721082659e-01	   1.3481707096074019e-01	   5.4074253747288727e-02	  -6.4126869615536417e-02	  -2.6802529260577240e-01	   5.8521251674750793e-02	   4.3586278570612799e-02	   2.3738139844952919e-01	   2.2368358670000277e-01	   4.1183101112654796e-01	   2.6123261726003350e-01	   5.7872393563648339e-01	   5.1011538751068275e-01	   6.9012669395322124e-01	   7.3605379211207556e-01	  -2.6700871567282281e-01	  -4.7213400509037357e-02	   1.7454389405007897e-01	   3.1640907793145800e-01	   1.9457319597110559e-01	   3.3334671075430994e-01	  -4.3002791095265291e-01	  -2.9808659364220585e-01	   1.6995479406848069e-01	  -3.5631160814012949e-02	   4.8435269381798797e-02	   3.6683237882474878e-02	  -6.7292307823181977e-02	  -8.9370647197132141e-02	   9.7132412969908696e-02	   3.8155485492612523e-02	   4.4102824146307756e-01	   4.1908097800777916e-01	   5.3347285472900896e-01	   5.4329234688314321e-01	   2.8042978322298279e-01	   2.0520042824293194e-01	   4.2863541449410437e-02	   8.1479539505399101e-02	   4.0565027929699832e-01	   2.3110221521563690e-01	   2.9118206097628491e-01	   1.2368917535867076e-01	   1.4614395790731077e-01	  -2.2644790989737837e-01	   2.3407522123394607e-02	   1.3467909190943617e-01	  -3.9778358499282608e-02	   1.0190336374849428e-01	  -4.7777056067877591e-03	   7.6941258724285588e-02	   4.6365916229152937e-01	   1.9923532463618646e-01	   4.1947375810244802e-01	   4.6020074464080729e-01	  -3.3492521985988477e-01	  -1.9498885448198106e-01	   1.3100999659207466e-01	   2.9398259133227900e-01	  -4.1553801845263721e-02	  -2.7910458420903400e-01	  -1.6306002775069040e-01	  -1.3106331250821204e-01	  -7.6234023093186221e-02	   3.4354586313906671e-02	  -1.8157360044639206e-01	  -2.3514769233854729e-01	
   2.3779219882687080e-01	   3.8727628636288897e-01	  -4.0217550786678669e-01	   6.0351767049187399e-01	  -1.8936123830742499e-01	   3.3621858842072122e-01	  -1.8255033027148085e-01	   6.5189136494144373e-01	   7.3275760279154875e-02	   7.1543985868647764e-01	   8.7529637517530257e-01	   0.0000000000000000e+00	   6.7091470097610595e-01	   1.5518384918896051e+00	   6.6350653284317018e-01	   1.1908011225551907e+00	   4.6274934321019784e-01	   3.9827529414337891e-02	   1.7907397196216285e-01	   7.4488372583695617e-01	   2.8875579292776732e-01	   4.4589919234949399e-01	  -1.4318136970175555e-01	   3.2738639204026421e-01	  -3.3709851057497958e-01	  -6.0016751273218975e-02	  -8.4254953872959393e-02	   1.5849743002925343e-01	   6.0006626225437742e-01	   7.1381571918780773e-01	  -7.8612983240875900e-02	   3.9226044136027255e-01	   2.9609049282356320e-01	   5.1261243478343144e-01	  -5.6070958886288780e-01	  -3.1951109486417978e-01	  -7.2766068717895248e-03	   2.8841694222354908e-01	  -1.9431419968213879e-02	   3.9665092154486148e-01	   2.9878488697030786e-01	   4.6320375138865405e-01	   1.9494918617842596e-02	   1.9118939249774969e-01	   1.6099221763027133e-01	   3.9826011365133263e-01	   1.9815482574870921e-01	   2.0916707034041979e-01	   3.5086741549946920e-01	   5.1792829195874512e-01	   1.2840744552909189e-01	   2.3259679812817721e-01	   2.2530746231130977e-01	  -5.5639137716076786e-02	   2.7102112800948336e-01	   1.7314125771264507e-01	   2.1247632411140857e-01	   8.7130104571268560e-02	   4.6308414954976224e-01	   3.8201585970174717e-01	   2.7886325381901728e-01	   6.5426490068379550e-01	   5.1549776768407618e-01	   8.7315707625095462e-01	  -2.0895381655563749e-01	   2.2889246103612365e-01	   1.1598009752242508e-01	   3.5150908970203099e-01	   4.4298514672703615e-01	   6.2102607341217109e-01	  -2.9920541049687216e-01	   7.4860456793557087e-02	   2.6967135343592380e-01	   1.4008723976296450e-01	   1.9442133722043314e-01	   3.0332151117172862e-01	  -1.0468806731614316e-01	   1.4985176617433313e-01	   1.6607073540623410e-01	   1.6275251218615901e-02	   5.9489251918795283e-01	   5.0894064504085712e-01	   6.0675819666558739e-01	   8.8938318434601382e-01	   3.1551184238520080e-01	   5.2092016072863800e-01	   9.1283142817817381e-02	   1.3410070324532275e-01	   2.5540458732237481e-01	   5.6684838189058984e-01	   7.0459644929716569e-01	   2.2210634826405951e-01	   5.0251895478608355e-01	  -2.5253447039492471e-01	  -5.4253449424196729e-02	   1.1796177451306546e-01	   5.7841038746209501e-02	   2.2720341014685863e-01	   2.2896897257233678e-01	   2.5429320147916101e-01	   7.5830119815047525e-01	   4.5423852606115304e-02	   6.6719375601833086e-01	   3.6358327099901233e-01	  -1.4007600710572016e-01	  -1.8417192897109991e-01	   4.9888002182294257e-03	   5.7419979874890026e-01	  -2.5025634959671174e-02	  -1.2210787372139276e-01	  -1.4932776451021415e-01	   9.3050404363330078e-02	  -1.2215370144380835e-01	   1.7601631346790864e-01	  -2.7054975526339408e-02	  -8.5018312324689385e-02	
   2.9952767330691604e-01	   1.0379293792511435e-01	   4.5708053480198437e-03	   2.6834559671721858e-01	   1.2493724230164138e-01	   2.5432772139410320e-01	   2.7684487991530121e-01	   4.4315637568910393e-01	   4.2334898423241168e-01	   5.0854953706882766e-01	   9.7457247556581372e-01	   6.7091470097610595e-01	   0.0000000000000000e+00	   7.4116554538422974e-01	   6.2917648923343317e-01	   3.6979350167870645e-01	   2.1108540552835742e-01	   3.5496809742033078e-02	   3.3326794180158714e-01	   2.8938893304122093e-01	   1.8282727098171539e-02	  -7.2433175979559367e-02	   4.4404643396961395e-02	   1.3267957183977755e-01	  -2.2929632494606489e-01	  -9.2881008566653142e-02	  -4.4594787101736477e-02	  -1.3114355764904564e-02	   3.4048314891255049e-01	   2.8336905803757151e-01	   1.1431340359509994e-01	   1.6769954037152052e-01	   8.7432555408586729e-02	   7.9749464902648462e-02	  -2.1655890671585609e-01	  -2.0927627997056364e-01	  -2.1279466124550911e-01	  -8.7777431236951586e-02	  -2.1604134510789053e-01	  -3.7473320112296385e-02	  -5.9575240964350649e-02	  -5.7822281365435728e-03	   4.4408781184181470e-02	   5.8881117850237967e-02	   1.5681030811084909e-01	   2.0515447993046712e-01	   1.0684920116375246e-01	   5.0445805494390566e-02	   2.2979574202332398e-01	   2.4381652620555516e-01	   1.0304759563196139e-01	   1.4425010028045698e-01	   1.9316199557705685e-01	   9.2439158920038136e-02	   1.0596032583259757e-01	   6.3943960112074233e-02	   1.2858580224646110e-01	   1.0352983798759292e-01	   4.1360880441356263e-01	   2.8231314410601904e-01	   7.2380580744932399e-01	   6.1152815964469842e-01	   4.1085194902090350e-01	   5.3410166774165979e-01	   1.3183303418838452e-01	   2.0495745662939391e-01	   3.7922064140423567e-02	   2.6026930241044366e-01	   7.4195798730122595e-02	   2.3501870827757065e-01	  -2.5375742340763130e-01	  -1.7114217801943296e-01	  -9.0634831486101318e-03	  -1.9348205998723317e-01	   2.6248702039042629e-02	  -3.5836710717190148e-02	  -1.5466098278110424e-01	  -1.7707265218001284e-01	   2.0875280698916510e-01	   1.1623112693475762e-01	   2.2217556641813507e-01	   3.2292664509051938e-01	   4.3728994693431372e-01	   2.8938901129656841e-01	   2.5154562766188465e-01	   1.4592269730258348e-01	   1.0105283351000824e-01	   4.6355792402991647e-02	   4.0816794526664324e-01	   3.1235708118835365e-01	   4.6440235954634446e-01	   3.8171436779658174e-01	   3.6240813133120137e-01	   1.0277603993977355e-01	  -7.9282660384293921e-02	  -1.1976979771813050e-01	  -1.9890580234761038e-01	  -7.6552612500597084e-02	   8.8729988643591051e-02	   1.2715562824372323e-01	   4.4821083264193839e-01	   5.0786348057877406e-01	   3.5963914773128425e-01	   3.9703246552439053e-01	  -1.8801588600858524e-01	   2.5778256438847333e-02	   2.2614568345044331e-01	   1.6459523339361484e-01	  -1.0612244306526662e-01	  -4.0020048765490251e-01	  -2.0096017750845596e-01	  -1.0149564072965146e-01	   8.2268232943474448e-02	  -1.4630328703783054e-02	  -1.2747296959648352e-01	  -1.7629278503858703e-01	
