   0.0000000000000000e+00	   7.5273072489106430e-01	   9.0384375474123133e-02	  -1.1366127969870403e-01	   1.7754779155625283e-01	   1.5771374665160462e-01	   5.9707684171718428e-02	   1.3369251111947023e-01	   3.6660374432024490e-01	   2.8138330122836586e-01	   7.0045904530418646e-01	   8.4211017998086901e-01	   4.8235655043492354e-01	   5.5119976609531440e-01	   4.9991632004888747e-01	   4.2673749092763952e-01	   5.6963787819957179e-01	   3.7268038507346007e-01	   2.4128946155892766e-01	   2.7291674579021319e-01	   2.9723401505880215e-01	   4.1003109114146874e-01	   5.7609464606583234e-03	  -1.0130213786727359e-01	  -1.2344844442476936e-01	  -2.4746390000290217e-01	   2.3863793127825432e-02	   3.2170963561259681e-02	   7.2138266013665842e-01	   7.2933225603676077e-01	   4.4206834675459883e-02	   8.2281607685757097e-02	   1.0284436081324212e-01	   1.1770948309242871e-01	  -1.5262601994375899e-01	  -2.3852032070855705e-01	   4.9107740956865731e-01	   4.4061970993466237e-01	   2.2945687388923516e-01	   2.9176579296353777e-01	   5.1438309175853758e-01	   4.0214879811324017e-01	   5.8665449090963273e-01	   6.1923499952917027e-01	   3.2049556735229801e-01	   3.0433431409225342e-01	   4.7508488775895202e-01	   4.0897093707414278e-01	   5.3473436634247240e-01	   5.1447655800349867e-01	   5.2314337167623493e-01	   4.5156522606095029e-01	   5.3608273959444408e-01	   4.8946581878116263e-01	   3.5172395753423025e-01	   3.9460659904672485e-01	   7.2716711380260468e-01	   3.4161126420560572e-01	   4.6721943969569169e-01	   2.5558054318411627e-01	   5.4437599863658481e-01	   3.8791068019008978e-01	   1.9927770888887036e-01	   2.7059792719311698e-01	  -6.6365340585814767e-02	  -1.4204749059314328e-01	  -4.4682157457590695e-02	  -1.1559886169280682e-01	   1.8283125585302706e-01	   9.4190307160515060e-02	   2.8086234260729298e-01	   3.6359892523523063e-01	   5.4238297933972190e-01	   5.7138268219435884e-01	   5.8001140538412854e-01	   5.7017466256131333e-01	   4.5161226643310759e-01	   4.1803587774459916e-01	   3.0498290597183625e-01	   2.5207289655060938e-01	   2.1933028828514534e-01	   2.4562544845247897e-01	   3.9281962296283457e-01	   3.1460811775310565e-01	   1.0947811190211619e-01	   1.4475060367408946e-01	   1.3461856529552818e-01	  -7.9797060935675720e-02	   1.6276519091612618e-01	   3.0154042588637703e-01	   2.6683511502330581e-01	   1.3278098246879869e-01	   3.1532455001168352e-01	   1.7207704213018504e-01	   4.6968253309687243e-02	   7.1381690934046171e-02	   9.5484084963776666e-02	   2.0062779765202107e-01	   3.5874152599966558e-01	   4.0622677162433474e-01	   3.6936601011811798e-01	   3.0670592660675700e-01	   1.8650146617851815e-01	   1.7210283838794357e-01	  -1.2891242337397968e-01	  -2.3669510379769440e-01	  -1.0565156981386698e-02	   6.1452316101089512e-02	   1.8178772236801163e-01	   6.0991733840045345e-02	   6.4682371979103226e-03	  -2.0698211924397466e-02	   2.3272882326849575e-01	   2.1138131395073537e-01	   1.8664125921480196e-01	   6.9533013603593999e-02	
   7.5273072489106430e-01	   0.0000000000000000e+00	   1.1982958193259299e-01	   1.1239109048777751e-01	   1.8450626005928414e-01	   8.1408560983582387e-02	   5.2492205289282778e-02	   1.2171465205813679e-01	   3.1560890158195842e-01	   1.2049314418783211e-01	   5.2710293934291808e-01	   5.9344429841841506e-01	   4.3947397751445516e-01	   3.9922137775886413e-01	   5.6162649609854054e-01	   4.1271604142758250e-01	   8.2387213332233511e-01	   6.9685504525358333e-01	   3.8370640339686479e-01	   6.7936054319601413e-01	   3.3332729345121970e-01	   3.7996229098741058e-01	   1.2361617945793250e-01	  -1.0117802253529807e-02	  -4.7989228577409011e-02	  -1.4764277426128769e-01	   2.0349971611980699e-01	   2.2084070501924707e-01	   6.2666883566238196e-01	   7.0521978305448962e-01	   6.5931374116326921e-02	   1.0317028632169548e-01	   2.3408117315269583e-01	   3.1865952999307356e-01	  -1.2710273703410710e-01	  -2.0063066571610841e-01	   2.9702069041125956e-01	   3.3286037968607696e-01	   2.4826209630530746e-01	   2.8190094426168677e-01	   2.7620314207441682e-01	   3.3709855090202268e-01	   5.5490130855070241e-01	   4.9782397642812570e-01	   3.5026630708574158e-01	   2.5907397322050524e-01	   4.5052469706633419e-01	   3.5236497714636061e-01	   4.9549802844995083e-01	   4.3846205918465020e-01	   4.4574063151547688e-01	   3.4905709159497150e-01	   3.3883700905749653e-01	   2.2257175406977059e-01	   3.5271700117454252e-01	   3.2504907090730900e-01	   5.9606951037877720e-01	   7.7691870455476231e-01	   2.5440160787312843e-01	   1.1121911047050470e-01	   3.3270594570044532e-01	   1.1964275289738305e-01	   3.8617040225129873e-01	   3.9127437860867476e-01	   1.9289273506680938e-04	  -2.1662744226293293e-01	   6.1622706952972797e-02	  -4.6288492602781742e-02	   3.9417457414241575e-01	   1.7681591047250692e-01	   4.6490649635735959e-01	   3.1654440034433701e-01	   5.7554011678442274e-01	   6.6810173893052183e-01	   5.5284483447167887e-01	   6.2964017715527687e-01	   5.0922936449496992e-01	   4.9169363755717599e-01	   5.7220717681195499e-01	   6.6830725375963174e-01	   5.4316341823746073e-01	   5.8994550493001030e-01	   4.6422988903536538e-01	   4.5077290965336619e-01	   1.2506403386242465e-01	   1.9013431308079490e-01	   1.7311367413329520e-01	   7.0502293489617965e-02	   1.7631541600003520e-01	   2.1097980775033834e-01	   1.8051930042909717e-01	   3.5268167543946481e-02	   2.6530877092796495e-01	   2.0321097831423751e-01	  -6.7711415811188891e-02	   2.9847178926149701e-02	   2.4708933681501466e-01	   1.2419503227774088e-01	   3.8910767096107052e-01	   3.1954932736687958e-01	   3.8866514523861179e-01	   2.7869367168366432e-01	   3.7686310635044468e-01	   2.8341025577742329e-01	  -6.1044086896082032e-02	  -6.5637449261903444e-02	   2.1357530069772132e-01	   1.6028973932081764e-01	   5.4397261439469914e-02	  -1.4712509528797246e-01	  -3.4815263350750775e-02	  -1.1405355279046933e-01	   1.0274397289827111e-01	   3.2348493313900079e-01	   8.4719101443659559e-02	   3.0619413993206432e-02	
   9.0384375474123133e-02	   1.1982958193259299e-01	   0.0000000000000000e+00	   5.1391496851194463e-01	   5.0161402017884160e-01	   1.9204102468115053e-01	   1.1388898778520244e+00	   1.5555794906849807e-01	   5.3088981635328514e-01	  -1.5975036985642144e-01	   3.7964290688652436e-01	  -1.4968154297572617e-01	   5.0087650196273925e-01	  -1.6737992389814163e-01	   6.8890324445347717e-01	   1.5005470417681735e-01	  -1.8720412701122954e-01	  -8.6896277421235804e-02	   3.4807843772808150e-01	   1.9167368448703787e-01	   4.8243819714372460e-01	   1.9492598129602476e-01	   1.1948247684289883e+00	   6.2973174170905533e-01	   8.0854962193361002e-01	   3.5099334685529338e-01	   9.9209307047181006e-01	   7.1537146491205594e-01	  -8.4614381706265673e-02	  -1.4278064609917329e-01	   5.7429066916183136e-01	   1.4329438582747916e-01	   6.0978624328615305e-01	   3.4995544779864951e-01	   6.0264049321432256e-01	   2.0613843203852786e-01	   1.4199518078519993e-01	   1.6495781166880105e-01	   2.2074081442593599e-01	   8.9363712716746022e-02	  -6.8749860999561777e-02	  -9.0453457631755163e-02	   4.3011817515356043e-01	   3.4934659171559990e-01	   1.3652526049327951e-01	   8.4018773693030430e-02	   4.3540854258131917e-01	   4.0648732833510853e-01	   2.2218655831901390e-01	   2.1506153507258130e-01	   3.5551630372714577e-01	   3.0851287400303140e-01	   1.8878565838931444e-01	   1.9831168312205324e-01	   3.8728023394534883e-01	   2.8566683804539517e-01	  -1.8147158230628099e-01	   2.8943640754138583e-01	   2.2729648680845646e-01	  -8.2130281276977204e-02	   3.7894257965874817e-01	  -9.7901886189932369e-02	   1.3759400800518837e-01	   4.5456750173040267e-02	   1.1207013249814208e+00	   4.9828875465078326e-01	   4.7681839906877349e-01	   2.7161940313796507e-01	   2.4171950585553481e-01	   3.3316405363568669e-01	   1.5198763999231349e-01	  -8.1603334687870635e-03	  -2.3703387788294911e-01	  -1.7933581297804876e-01	  -1.0276675260796179e-01	  -1.0441337149600695e-01	   2.5148852586695036e-02	  -6.5204524132727065e-02	   6.3802995368049203e-02	   3.0025118432595471e-01	  -5.5595355883814833e-02	   3.7806291566657402e-01	   5.2262950554302856e-01	   1.0721567707066801e-01	   7.3556791027880186e-01	   8.1186224572880339e-01	   9.6506790174192825e-01	   6.8528028293220700e-01	   6.2471058536880253e-01	   6.9378167834808346e-01	   2.1072135808591766e-01	   5.7510559520329785e-01	   1.4312316684203949e-02	   6.0815500190087246e-01	   1.0913742158299825e-01	   1.0015625307608232e-01	   5.2044310207152877e-01	   3.1592657265316826e-01	   3.4792369361220460e-01	   3.5928234876264059e-01	   3.2144268169444233e-02	   3.7024742968167318e-01	   1.3906768587469104e-01	   1.8000790503949729e-01	  -2.9172700590997146e-02	   2.8632656548112967e-01	   3.2497149906734427e-02	   1.8940292000811762e-01	   2.6840197812968219e-01	   1.8368879171958910e-01	   4.1137311389450670e-01	   1.9059631966430171e-01	   1.6233312278395703e-01	   3.3835577755316587e-01	   4.4905787149043108e-01	   3.1537717840592666e-01	
  -1.1366127969870403e-01	   1.1239109048777751e-01	   5.1391496851194463e-01	   0.0000000000000000e+00	   7.2469631205456342e-01	   7.1036376157748760e-01	   8.1235372114271542e-01	   1.0435089938973399e+00	   4.0086019001026862e-01	   3.5736154336866205e-01	   1.6746159623553875e-01	   9.7262267272873140e-02	   2.1874661632536324e-01	  -1.1704930040161028e-02	   1.5075169938546379e-01	   1.9742659420214004e-01	   3.5896528026665625e-02	   3.3064339882951464e-03	   7.4481022789670104e-01	   6.2494363500258954e-01	   3.5454266487245728e-01	   2.2802259993348589e-01	   4.8113771633139946e-01	   7.6539115718121109e-01	   5.8372575195860832e-01	   8.5134941399243824e-01	   5.3914455094081126e-01	   6.2825221395684139e-01	  -8.5296367220189850e-02	  -1.4199122362515687e-01	   6.4268977365797086e-01	   6.7922118972135304e-01	   7.6439095602192719e-01	   9.8653449138628613e-01	   3.6530897964419989e-01	   6.1644509965993954e-01	  -1.2736271901583623e-01	  -1.2198555792650451e-01	   2.7312340853083285e-02	  -8.1939247915555957e-02	  -3.0458429568532275e-01	  -2.8116374125543531e-01	   2.3181929755505248e-01	   1.7586551768877340e-01	   1.6165481194576792e-01	   3.0168748037967319e-01	   2.6820459096250726e-01	   4.3469700339838124e-01	   1.2585974270488515e-01	   1.5452944355450157e-01	   2.1251881952251195e-01	   2.0716062371007032e-01	   1.2834099063120696e-01	   1.5370295552141286e-01	   2.7971014637995217e-01	   1.8689690450179841e-01	  -1.9511348662534683e-01	   3.9456120615995310e-01	   8.7228487653464096e-02	   3.8377361717361458e-01	   1.0482019597234674e-01	   2.5302577800425385e-01	   2.4682957511220510e-01	   4.4357503801917730e-01	   3.3875647409658932e-01	   7.9092795454520592e-01	   6.6273247253215162e-01	   7.7429606842530729e-01	   3.9359402963205331e-01	   5.9459800957069564e-01	   1.4922182353246921e-01	   7.0508767489196697e-02	  -1.3454493937945039e-01	  -6.6649778626825737e-02	  -2.8234929369169902e-02	   7.8187662358699658e-02	  -3.9466690667183842e-02	   2.9438270505715250e-02	   1.9608318044268247e-01	   2.4626069477249801e-01	   2.0452705504223898e-01	   3.0221585717846899e-01	   2.7887529901510288e-01	   1.9682261605830020e-01	   5.1133225654067327e-01	   6.5561884227015454e-01	   3.8394534959864435e-01	   5.7096404935950085e-01	   4.1918441564559672e-01	   4.6330864595518162e-01	   5.0836347433418450e-01	   5.3320069978345597e-01	   3.8095678990541637e-01	   4.5727126732219348e-01	  -1.1031270820888356e-01	  -4.7415239220820950e-02	   3.3284511722313331e-01	   2.1926767602641752e-02	   3.5394878446974065e-01	   3.3435486499261252e-01	   2.3995729165719484e-01	   4.9136252210244619e-01	   4.2203279057638338e-01	   4.9053198908593743e-01	   3.4176369684258795e-01	   3.4509864008531504e-01	   1.6195356295673558e-01	   2.2699227626747193e-01	  -3.5310566059906803e-02	  -4.7856245245090960e-02	   5.0268308477763413e-01	   3.3711169007325209e-01	   1.6520362245606182e-01	   3.3174940553885102e-01	   3.3539884411303622e-01	   3.1487028709949538e-01	
   1.7754779155625283e-01	   1.8450626005928414e-01	   5.0161402017884160e-01	   7.2469631205456342e-01	   0.0000000000000000e+00	   1.0632614201065040e+00	   9.3911217017661697e-01	   9.1722713112282062e-01	   7.8621170821544184e-01	   4.5961291581950581e-01	   3.0944809433453957e-01	   2.7986144586415584e-01	   4.2122286307369933e-01	   2.5591796622065377e-01	   3.5414798077918402e-01	   3.5501811101508646e-01	   1.6143004254961030e-01	   1.9773452684589940e-01	   6.8625818292249086e-01	   5.3111966140821432e-01	   5.4022923823795110e-01	   4.0958821944681173e-01	   5.6811431987140182e-01	   5.2034419297293866e-01	   3.7085471786197743e-01	   5.0348787508934523e-01	   4.2908456473233492e-01	   6.1374415073014399e-01	   2.1905367167339210e-01	   1.3084881529048578e-01	   6.2897707390645641e-01	   5.7929021305259576e-01	   6.1497299401841266e-01	   6.0686924264540121e-01	   3.4629952743835490e-01	   5.9913039420437975e-01	   8.5817448417178907e-02	   3.4846484165133799e-02	   6.6772694330134441e-02	   1.5891793012046854e-02	  -1.8363940558456976e-01	  -1.4570957281110841e-01	   4.2523923009179221e-01	   3.8126360236808021e-01	   5.0331682770900743e-01	   6.1290527669298955e-01	   4.1893488789705385e-01	   6.8551948426856391e-01	   3.0149406117415894e-01	   4.1575176276585191e-01	   4.0827097965484288e-01	   4.5298964839017791e-01	   3.3822913755955830e-01	   3.5594722894112996e-01	   4.5550203990625548e-01	   4.9555967547562363e-01	   8.5809860202894411e-02	   2.7666956202130061e-01	   4.2178546327426081e-01	   4.9870393796777496e-01	   5.5550896462227883e-01	   3.8786817592114603e-01	   4.2545616923065743e-01	   4.9809056701199095e-01	   4.2376471878433375e-01	   5.8307567856679587e-01	   8.9537353529451535e-01	   8.2782657847644936e-01	   4.4707296371003524e-01	   6.9469264482153947e-01	   1.8944533953392340e-01	   2.6373766486748051e-01	   3.9035977382819526e-02	   5.2557625727888677e-02	   7.7380959946705685e-02	   2.1157401111593224e-01	   7.6317962234349238e-02	   1.4894337591403817e-01	   2.3416785993523295e-01	   2.3321003507248544e-01	   2.9584125997705141e-01	   4.1826439795113413e-01	   4.3042933451920856e-01	   3.3330085047409364e-01	   4.2163786155288441e-01	   5.7765253228166402e-01	   3.8564660641327836e-01	   6.2621029296925257e-01	   6.1677162392823914e-01	   6.8260103263088689e-01	   7.9321077694709574e-01	   8.5178428772888370e-01	   5.8051740411387143e-01	   8.2039412328255312e-01	  -7.4801640776572767e-02	  -8.6982797528128666e-02	   2.6469541428650745e-01	   1.5470498259240428e-01	   5.5234872897354670e-01	   6.9799728493892887e-01	   5.4201935167684989e-01	   8.5874842504392834e-01	   5.6454314312049880e-01	   8.4008229643125476e-01	   3.7987213189057628e-01	   5.2502707862512732e-01	   2.3570255628274350e-01	   3.7141930397440354e-01	  -4.5215887342576332e-02	   4.5129164561640914e-02	   4.3876222625113925e-01	   4.6800504412784677e-01	   3.8608563979694194e-01	   2.3440253412770284e-01	   3.6450264865814641e-01	   2.7554037428002598e-01	
   1.5771374665160462e-01	   8.1408560983582387e-02	   1.9204102468115053e-01	   7.1036376157748760e-01	   1.0632614201065040e+00	   0.0000000000000000e+00	   4.8345549609216010e-01	   1.1342571684548202e+00	   6.3856974006494294e-01	   8.7060059663387523e-01	   1.8150044235693877e-01	   4.5330033431692124e-01	   3.0276873523348669e-01	   5.3146579938213145e-01	   2.5916278669451975e-01	   5.6380207987506314e-01	   1.1594446088211972e-01	   1.0111049394485386e-01	   5.0572071850371025e-01	   5.3253000373374704e-01	   5.4032738592818685e-01	   5.7430482890338097e-01	   1.8774330402898043e-01	   3.4857156111979537e-01	   3.4978664617861616e-01	   7.2969604555402678e-01	   3.9109026931786062e-01	   6.3132654521091802e-01	   1.9219288500522119e-01	   1.1340040691126543e-01	   2.8079806027742882e-01	   3.8101035563101016e-01	   3.4924537485704860e-01	   4.4844910126653825e-01	   2.3452353660159814e-02	   4.4215483077389939e-01	   2.0321764479681348e-01	   1.3585608549479769e-01	   1.4408547484929965e-01	   1.8576653312785354e-01	   2.1594417839113800e-03	   2.1176685473992582e-02	   3.2875393816558662e-01	   2.9847710602231342e-01	   4.3790406522752484e-01	   6.4717846333873696e-01	   3.0467100754638560e-01	   5.7681350519557717e-01	   3.9079005876187201e-01	   4.3316048618143665e-01	   4.8604208699450313e-01	   5.6502337608698627e-01	   4.3652870127665355e-01	   3.2935075665653424e-01	   4.5024440188111742e-01	   4.7239082377604125e-01	   8.0631228276648523e-02	   1.3146587500374346e-01	   2.5860668084405480e-01	   6.5303794603216514e-01	   3.1159420337148386e-01	   5.3094564883418627e-01	   1.3842335418062957e-01	   3.1315832365962076e-01	   4.6202986766461646e-02	   7.1561803159398329e-01	   5.6026714075996453e-01	   7.4311633177188818e-01	   5.5687001280719894e-01	   9.5249151848968250e-01	  -6.1001283653423888e-02	   1.9577106031376298e-01	  -1.6261830521686104e-03	   3.5128864457889729e-02	  -2.0894113726664582e-02	   1.5250882901630691e-01	  -2.0242376816438137e-01	   4.1556220240146820e-03	   3.0900763513843937e-01	   1.7617614409725058e-01	   3.3784205013092805e-01	   2.6646615496619347e-01	   3.0664676745256519e-01	   3.9662833348980087e-01	   1.4885115303456642e-01	   3.6501397701657495e-01	   2.3220452556361806e-01	   4.5644183626187912e-01	   4.1073797512104543e-01	   5.2122732713563624e-01	   9.8257499736403286e-01	   6.9884110225614604e-01	   9.1119886078639822e-01	   5.6147990266180869e-01	   1.5114756388329550e-01	   6.8528939436081029e-02	   3.5722387971452080e-01	   2.1449648759133161e-01	   4.9623602944737633e-01	   5.3223127781531587e-01	   6.8187126355000638e-01	   7.4192750183281952e-01	   5.9241315941168715e-01	   9.3114217078116401e-01	   3.6806993718451630e-01	   3.0036179344897840e-01	   2.4866837209487225e-01	   2.1217354424334101e-01	  -3.2761856933094323e-02	   1.7790103673152707e-01	   5.5170038939394606e-01	   5.2290867804068542e-01	   4.1708959712231680e-01	   1.7845725668944878e-01	   2.6918758693183459e-01	   9.7146676220520742e-02	
   5.9707684171718428e-02	   5.2492205289282778e-02	   1.1388898778520244e+00	   8.1235372114271542e-01	   9.3911217017661697e-01	   4.8345549609216010e-01	   0.0000000000000000e+00	   6.3387644705725610e-01	   7.3431578665063479e-01	   1.7974341335815011e-01	   4.4071699995531721e-01	  -5.8518581909880185e-03	   6.3059473186958392e-01	  -2.9073912225378341e-02	   4.7943745217943645e-01	   1.2933858040534008e-01	  -5.3060450187004803e-02	  -3.9824001181258131e-02	   6.6834541952409454e-01	   3.7064324004095256e-01	   3.9127397675512504e-01	   1.4861928756697637e-01	   8.5824217758734223e-01	   5.6053252200845427e-01	   5.5105543977198357e-01	   4.3603379488641336e-01	   5.2383480235108526e-01	   4.8984458295605093e-01	   4.3281958811828072e-02	  -5.8031234352079193e-02	   7.8260408698318695e-01	   4.3843291932423512e-01	   9.2003449915243862e-01	   7.0928575385976167e-01	   5.3893198933508435e-01	   4.3299851292918934e-01	   2.6145118150379922e-02	  -1.5938372785110223e-02	   1.1837658810322989e-01	  -3.7931629412532752e-02	  -2.4090178902925996e-01	  -2.2972761372883352e-01	   3.7260272127972921e-01	   2.8394160607118235e-01	   2.2617678250846179e-01	   2.4357210367341309e-01	   3.9328650098206702e-01	   5.4493058305119924e-01	   1.6677812489751809e-01	   1.9945014866346697e-01	   3.0103430207052417e-01	   2.7538377995849189e-01	   1.6582376316235720e-01	   2.2481844618501101e-01	   3.4461722702324599e-01	   3.0021964545451846e-01	  -1.9688233523365195e-01	   3.2881620881476004e-01	   3.3793319248750719e-01	   2.5780790947407822e-01	   5.7079943141604716e-01	   2.1959768322235743e-01	   3.9708404064294545e-01	   3.6134144895615927e-01	   8.1025531891988711e-01	   6.3197379246949603e-01	   8.2623429843506535e-01	   5.7610813698259045e-01	   3.1907495083173226e-01	   5.0945243789940164e-01	   2.3676779687320326e-01	   1.0081887187669208e-01	  -1.5283009364776126e-01	  -1.3035726492413502e-01	  -1.7467486496832153e-02	   4.4517299036508466e-03	   8.2675762640637196e-02	   3.5061567335192057e-03	   7.3057317299461702e-02	   2.6230671763091806e-01	   9.4957070160869017e-02	   4.2113491629288047e-01	   5.3225624247667769e-01	   1.9149710355911545e-01	   6.5983678793448430e-01	   7.2585444128509768e-01	   5.9085161753727955e-01	   6.0515976477497724e-01	   6.8824806249609227e-01	   7.0470943371581507e-01	   4.8563829507107958e-01	   8.1640433037233529e-01	   2.6216482607752012e-01	   7.8290162468614033e-01	  -3.6627031556079090e-02	   4.1260010348434649e-02	   3.7856763231829638e-01	   1.9475681176393789e-01	   3.8495359075068752e-01	   4.8448660518767495e-01	   2.1881734840076864e-01	   5.9696840254573813e-01	   2.8791020024506758e-01	   3.9093478826488870e-01	   1.7142333612810223e-01	   3.7664055326164381e-01	   1.3735514682729796e-01	   3.4926285594020035e-01	   1.0116919039142150e-01	   6.1418033397209360e-02	   4.0974784868345859e-01	   2.8493771700550080e-01	   1.8875403823722808e-01	   2.9910380257921182e-01	   4.7057625909102657e-01	   4.0960770067397789e-01	
   1.3369251111947023e-01	   1.2171465205813679e-01	   1.5555794906849807e-01	   1.0435089938973399e+00	   9.1722713112282062e-01	   1.1342571684548202e+00	   6.3387644705725610e-01	   0.0000000000000000e+00	   6.0496846454206643e-01	   9.6760889180807397e-01	   3.3488447330522342e-01	   5.2963868788422930e-01	   4.0016407392248099e-01	   4.6498179725191502e-01	   1.7560894087634485e-01	   4.1489924777924392e-01	   2.7948729117908128e-01	   1.3100077917879369e-01	   7.4160017729214223e-01	   6.5279011451778923e-01	   2.8015947716287415e-01	   3.0675396743021416e-01	   1.5873266950905293e-01	   3.5738077287630332e-01	   1.8068407224186550e-01	   5.4392429783440588e-01	   1.5078253747026141e-01	   3.0692578351134481e-01	   2.5534747355223325e-01	   1.7072617258146797e-01	   4.2621616478120450e-01	   6.3628789885419546e-01	   5.2319504335203304e-01	   7.7268695457985825e-01	   7.1636149015390935e-02	   4.9832263412808075e-01	   1.2848995713805956e-02	  -6.3114993632283622e-02	   5.4417439507629346e-02	   1.0093149602858146e-02	  -1.9557350716130070e-01	  -1.4248626610220483e-01	   2.5823334565684397e-01	   2.1488026332955723e-01	   3.4077693185926083e-01	   5.6188345443035270e-01	   2.6941257242920513e-01	   5.0781209462967780e-01	   1.9474832598683284e-01	   2.2817533636189830e-01	   2.4084041332696621e-01	   2.4107685918338773e-01	   2.2358837187558417e-01	   2.5893246306623036e-01	   2.6631908594162962e-01	   2.7291091346915269e-01	   2.1613435570078041e-02	   2.7216679525866644e-01	   1.9642186958328484e-01	   6.7510620632646612e-01	   3.9701121124049388e-01	   7.5668379520605178e-01	   4.3283511612312242e-01	   7.3993042859712144e-01	   6.8147359793830964e-02	   6.3252763152426617e-01	   5.7803897086309686e-01	   7.3015907983676687e-01	   4.2718195020102290e-01	   6.9913229629645735e-01	   1.0334282534152216e-01	   1.8791542104225289e-01	   1.2002979009776701e-02	   4.4579792008655000e-02	   8.6997341005115539e-02	   2.3295067049970813e-01	  -4.1149351965970811e-02	   6.5768234956477586e-02	   2.9855057270943763e-01	   2.1558094640431094e-01	   4.5763944693776637e-01	   3.7418098538138267e-01	   3.3745231491702882e-01	   4.2188806302944643e-01	   2.5298094559228035e-01	   4.0506443787905649e-01	   6.7317516114541717e-02	   3.1587272264000688e-01	   3.5084603998351127e-01	   4.2948021447683032e-01	   8.0170770933348356e-01	   5.7762529502214410e-01	   7.8846489389028507e-01	   4.8261319132736613e-01	  -7.6441468414162689e-02	   2.5588449815998119e-02	   1.9383573856955555e-01	   3.0274414271002595e-02	   3.6210908958768745e-01	   4.1267430921723586e-01	   5.2387339770633090e-01	   5.8858440327446537e-01	   4.6746014961969051e-01	   6.4964931772236878e-01	   3.5592166608008280e-01	   2.1262103274711164e-01	   2.1863404853534060e-01	   3.2129269656800258e-01	  -7.7821159837200601e-02	  -3.1524308249952990e-02	   4.0657805619325699e-01	   3.8548127704642365e-01	   2.0874566730711289e-01	   2.3335961142595280e-01	   2.8525406652042273e-01	   2.7613773059601132e-01	
   3.6660374432024490e-01	   3.1560890158195842e-01	   5.3088981635328514e-01	   4.0086019001026862e-01	   7.8621170821544184e-01	   6.3856974006494294e-01	   7.3431578665063479e-01	   6.0496846454206643e-01	   0.0000000000000000e+00	   6.9686909853827117e-01	   6.9548011878510496e-01	   4.8254365203696353e-01	   1.0096303304757066e+00	   5.3796789307796722e-01	   1.0074815399871493e+00	   6.5612785062082890e-01	   1.4421316702540815e-01	   9.0059759461879149e-02	   6.2343907733158943e-01	   6.0534829984752336e-01	   4.5095141644009884e-01	   3.4810521159915386e-01	   5.1546574563975367e-01	   3.2463377529845316e-01	   1.1037795465385833e-01	   8.7837719039781145e-02	   3.6613433919730054e-01	   3.5590715599133060e-01	   2.8685975761252153e-01	   2.3851698991955395e-01	   1.3802868992134446e-01	   7.5172667351023681e-02	   2.8580476915207176e-01	   2.9086722069695281e-01	   1.8122420253503156e-02	   9.4260258783131406e-02	   3.9384923517909243e-01	   2.2798508536660750e-01	   2.7002259537599638e-01	   2.2034249966470623e-01	   3.0475710793774428e-02	   1.0199644550880904e-02	   4.5604931469706000e-01	   3.5344997452856114e-01	   2.4858999382453462e-01	   2.7297008696199970e-01	   4.1994481424871288e-01	   4.8237074502680344e-01	   4.7311331494152475e-01	   3.0959563815469282e-01	   5.4497791647630789e-01	   4.4638002661386245e-01	   5.5628531558213190e-01	   4.8526673109803070e-01	   4.9753455379246825e-01	   3.6513815633573526e-01	   5.2238966897349567e-02	   2.5881290402215729e-01	   7.3711352629485372e-01	   5.6628335818443631e-01	   9.2171813723141816e-01	   5.1749223480447237e-01	   2.6192918684717176e-01	   3.6656126132653477e-01	   4.1621326047905860e-01	   4.7260647100021158e-01	   4.2706514172031074e-01	   2.6052191239865635e-01	   7.7706370286281834e-01	   8.0647450891951578e-01	   1.2422877248672989e-01	   1.8100063785969861e-01	   1.1777163677459427e-03	   5.7896505234944481e-02	   9.3016623426825359e-02	   2.1330063818095640e-01	   2.1087269283321768e-02	   3.3467440672955123e-02	   2.0984965983180773e-01	   2.7578223681008923e-01	   3.2527696890771174e-01	   4.8995347468583172e-01	   7.9705209727124715e-01	   7.2801301245461114e-01	   3.8655690449315544e-01	   3.9794211395249757e-01	   5.7211299245669645e-01	   4.7122170594204082e-01	   9.0224159858781594e-01	   9.0024065663559061e-01	   8.9723315540039195e-01	   9.5327547121106138e-01	   6.9254451849341536e-01	   1.0412640754304812e+00	   1.7770531426614677e-01	   1.7729569650551533e-01	   4.3511206416098397e-01	   2.9161558559369011e-01	   4.4941254663930535e-01	   4.0275828074777664e-01	   5.1792529313660318e-01	   6.8737277762264648e-01	   4.5424901248561833e-01	   5.9689409473635890e-01	   2.2843504665096812e-01	   2.9434957172936860e-01	   3.0017083074608325e-01	   4.6393174587413799e-01	   1.1076646404615778e-01	   1.5771334304748993e-01	   3.6802232636108145e-01	   4.4145961003176798e-01	   3.8825550032647010e-01	   4.2972286353491906e-01	   4.6115384843471779e-01	   2.8323243868763959e-01	
   2.8138330122836586e-01	   1.2049314418783211e-01	  -1.5975036985642144e-01	   3.5736154336866205e-01	   4.5961291581950581e-01	   8.7060059663387523e-01	   1.7974341335815011e-01	   9.6760889180807397e-01	   6.9686909853827117e-01	   0.0000000000000000e+00	   4.0008408896295378e-01	   9.1683596984802929e-01	   4.8413196491939914e-01	   1.0103904212385180e+00	   3.0774553195025239e-01	   8.0465864122318620e-01	   3.1012666876152939e-01	   8.2257147191031804e-02	   4.5345917259041457e-01	   5.2436014776238160e-01	   1.6185162781960899e-01	   2.9165370219476883e-01	  -1.0823939203957175e-01	   9.0246431298470625e-02	  -2.2062437023676507e-01	   1.0026268784491431e-01	  -7.8533646248436270e-02	   4.1517005246307886e-02	   3.7828249215268617e-01	   3.3450343700351420e-01	  -5.1053240445179726e-02	   1.7372917221545883e-01	   1.7282316045128820e-02	   2.6584676729949647e-01	  -4.0407766387597144e-01	   5.6113158299685904e-02	   1.7896044160802685e-01	   6.0982029057283324e-02	   3.1520420867232099e-02	   8.7588375189546513e-02	   1.6612605932592801e-02	   2.3309279670779445e-02	   1.4956387249103462e-01	   1.1918266055721086e-01	   9.8231935820095082e-02	   2.6863352611565905e-01	   1.3430078907687087e-01	   2.6102461356465356e-01	   2.8717785173212634e-01	   1.6432055211291205e-01	   2.6814705563606317e-01	   2.5285968049983765e-01	   4.2288474775667495e-01	   3.8374843244717866e-01	   1.4472429319606331e-01	   1.1124562540307609e-01	   1.9923528549525607e-01	   9.7536329260766497e-02	   3.7552644688459519e-01	   8.8604667396169801e-01	   4.5475796263472829e-01	   1.0429054287189137e+00	   2.1361899542946172e-01	   4.8380889543347072e-01	  -2.5184745976777023e-01	   3.5326815478872337e-01	   1.2101701942619286e-01	   2.0880339836699874e-01	   5.4321506916148077e-01	   7.3694223380200141e-01	  -6.8993895469224645e-02	   1.7805948215648229e-01	   4.4110479285983946e-02	   4.5771999068933124e-02	   7.1518363844589511e-02	   1.8056511998013899e-01	  -1.7750898132174264e-01	  -4.7711800510539526e-02	   1.8140539400135378e-01	  -1.0046352696834408e-03	   4.4638847459798753e-01	   2.2330652612149399e-01	   4.5177348891517477e-01	   7.9033244436840555e-01	  -5.9089010932444883e-02	  -2.4006622569582810e-02	  -3.4985742091769780e-02	  -3.2670930241657153e-02	   2.7284989566840295e-01	   3.6743357352507600e-01	   9.2863144494956229e-01	   5.7987014831121797e-01	   1.0049653439099546e+00	   4.0302232435451119e-01	   6.1854408190258767e-02	   9.3200871631853449e-02	   4.3886846039688031e-02	   3.3837306792099141e-02	   2.1899410691987917e-01	   2.0372826922299933e-01	   5.6094847263208170e-01	   4.6418278009345426e-01	   3.7624534663201814e-01	   5.5043254810451470e-01	   2.5905810973886689e-01	  -9.7110086491555368e-03	   1.8035522709360674e-01	   2.7371351638230762e-01	  -9.7190968237867811e-02	  -5.6163940838086105e-03	   2.3024311442541007e-01	   4.1756930248094992e-01	   3.2264304529797738e-01	   1.9049384435120612e-01	   1.9086552222899844e-01	   1.6642704773545305e-01	
   7.0045904530418646e-01	   5.2710293934291808e-01	   3.7964290688652436e-01	   1.6746159623553875e-01	   3.0944809433453957e-01	   1.8150044235693877e-01	   4.4071699995531721e-01	   3.3488447330522342e-01	   6.9548011878510496e-01	   4.0008408896295378e-01	   0.0000000000000000e+00	   5.2406249059294585e-01	   1.1641039445719499e+00	   4.8332641899825679e-01	   9.0410387062631858e-01	   4.8642089634895058e-01	   4.4925484030002477e-01	   9.8672756681215237e-02	   5.0730269844405296e-01	   3.3481229651060596e-01	   2.0035100902292377e-01	   8.6368838959461666e-02	   4.3534181288378210e-01	   1.8241702954818570e-01	  -9.6215102576860681e-02	  -1.8830888727280806e-01	   1.6492528439999701e-01	   8.1879481377814520e-02	   5.2812388907195984e-01	   4.1228378488469147e-01	   3.0563613205488688e-01	   1.7433361277990467e-01	   2.5359573692736370e-01	   2.6091635591570683e-01	  -1.1316001603572538e-02	  -1.3061827892946237e-01	   3.4454012329685885e-01	   1.2887077389791721e-01	   1.1890508545034728e-01	   2.6618283446394300e-02	   8.3031862807273274e-02	   4.4507274887324354e-03	   4.7471454376213940e-01	   4.5158285193597392e-01	   1.8201582263728228e-01	   1.3383981438702225e-01	   4.3741917579579248e-01	   3.5809663122212093e-01	   2.7504012412685147e-01	   2.2741004812444582e-01	   2.7151584894589059e-01	   1.7303289640572816e-01	   2.4781417070674405e-01	   2.3718300094653116e-01	   1.6644905395840681e-01	   1.0593849142418033e-01	   2.4678756823524126e-01	   3.1006441067907203e-01	   2.7634587884729422e-01	   1.5696478542659811e-01	   8.0354550388763635e-01	   5.3233796810711476e-01	   4.0543496147525054e-01	   3.6393175588083188e-01	   2.6852126646983926e-01	   1.9184927920999648e-01	   5.2231316439171921e-02	  -6.5878526108297031e-02	   2.6662820281245658e-01	   2.0433573997305618e-01	   3.4319715213308821e-01	   2.0444933228739370e-01	   1.4822562093781735e-01	   1.4681624880601191e-01	   3.1202899698790953e-01	   2.6853464066692556e-01	   2.1328277849968136e-01	   1.0783342121322007e-01	   1.4786974435731759e-01	   2.7647184026796523e-01	   2.3375595054131987e-01	   4.6639206323239218e-01	   9.1117667726379969e-01	   5.3649435735057827e-01	   5.6310969713735504e-01	   3.6223758900577047e-01	   3.5730220121391326e-01	   8.5606642433005434e-02	   3.6624603723063148e-01	   4.1375447945958788e-01	   3.3620352036746515e-01	   3.6966176309495341e-01	   2.9688598847503900e-01	   4.3128004327235009e-01	  -5.3582478396427699e-02	   4.3544560203989779e-02	   9.4323482198856418e-02	  -4.7462689832345004e-03	   2.5662810136340375e-01	   3.3299839009389876e-01	   1.1605249479679727e-01	   3.4002356287209701e-01	   1.3567743047645147e-02	   4.3594002705184473e-02	  -1.9416963188925257e-01	  -2.0746262621203654e-01	   8.3165172552332831e-03	   2.2762679909158692e-01	   1.6069856964864621e-01	   6.8441057907923694e-02	   1.4101461561657361e-01	   1.4265927984144766e-01	   1.7830755594937792e-01	   3.2703845131434300e-01	   2.9819220821522946e-01	   2.3640592502519153e-01	
   8.4211017998086901e-01	   5.9344429841841506e-01	  -1.4968154297572617e-01	   9.7262267272873140e-02	   2.7986144586415584e-01	   4.5330033431692124e-01	  -5.8518581909880185e-03	   5.2963868788422930e-01	   4.8254365203696353e-01	   9.1683596984802929e-01	   5.2406249059294585e-01	   0.0000000000000000e+00	   4.3727306918379688e-01	   1.2198410049418809e+00	   4.3270253403928749e-01	   8.9758082234494085e-01	   6.8764286318796541e-01	   4.7243415416157830e-01	   2.9277814619970471e-01	   5.0451813860156003e-01	   2.1064974453973900e-01	   4.1480287275429123e-01	  -8.5606702507087462e-02	   1.0059207747549013e-02	  -2.7626054769132480e-01	  -1.7763588765010796e-01	  -8.6223620682088803e-02	   7.0489394503789951e-03	   7.5074431111354167e-01	   8.1674667550057833e-01	  -2.1267508482942645e-02	   1.8391139490339822e-01	  -8.1407476189822442e-02	   1.3439658338690480e-01	  -4.6243125378071043e-01	  -2.3019822128399772e-01	   2.6471263397605227e-01	   3.1905836100207097e-01	   1.2026887307061802e-01	   2.9530010493039194e-01	   2.4200395977105799e-01	   3.2545028734897818e-01	   3.9057624156278753e-01	   4.0861849495800945e-01	   2.7220906399013489e-01	   3.7584283129179630e-01	   3.6810354624151087e-01	   3.8637862720687688e-01	   5.0693826515025431e-01	   4.6292162019753541e-01	   4.4139298293119261e-01	   3.9878186936467713e-01	   5.3016781734608420e-01	   4.9068506894575092e-01	   2.8661433991376423e-01	   3.4955219526711517e-01	   5.9268345431812341e-01	   3.5044776932848293e-01	   3.3967878921692662e-01	   5.3693514482757099e-01	   5.0436354271866279e-01	   7.3768646201526678e-01	   3.6616335877292300e-01	   6.7031836910287301e-01	  -2.7219133545730606e-01	  -1.8672984801768402e-02	  -8.1836933760892377e-02	  -3.0473030977074139e-02	   2.5046458423434037e-01	   3.2167187052624863e-01	   1.9232854121565568e-01	   4.4225788063548832e-01	   3.3874601508792862e-01	   3.8883090744051818e-01	   3.8353521491127479e-01	   4.9841160325422279e-01	   2.0930893752492377e-01	   3.1875167385528913e-01	   3.9298801456163190e-01	   1.9816265552119741e-01	   5.1007055621269459e-01	   3.3060820752474057e-01	   4.9655310425342841e-01	   8.0771016116034144e-01	  -8.7714782644910103e-02	   3.0468401569411444e-02	  -3.1041131681574175e-02	  -1.2381470507881888e-01	   1.2757768539011924e-01	   3.2080344785278891e-01	   5.1124082938231963e-01	   2.2978499935790286e-01	   7.1075259245384648e-01	   1.7260694403244276e-01	   1.3881840170838369e-02	   9.1708689804925525e-02	   3.9300066044201214e-02	   1.2657355482490065e-01	   3.1827257069767129e-01	   3.1964161634286536e-01	   5.6322960829549462e-01	   2.8123989709675534e-01	   3.1211882320330370e-01	   3.3892597041814826e-01	   1.1187827956030696e-02	  -1.9842873156205718e-01	   9.1804090526535473e-02	   1.4371017207056505e-01	   3.5330180145019735e-02	  -2.3301042277299552e-02	   3.2863311416610398e-02	   1.1441042510766063e-01	   1.8072899297514017e-01	   1.1785279454505065e-01	   7.2731723958647507e-02	   7.6198117583827704e-02	
   4.8235655043492354e-01	   4.3947397751445516e-01	   5.0087650196273925e-01	   2.1874661632536324e-01	   4.2122286307369933e-01	   3.0276873523348669e-01	   6.3059473186958392e-01	   4.0016407392248099e-01	   1.0096303304757066e+00	   4.8413196491939914e-01	   1.1641039445719499e+00	   4.3727306918379688e-01	   0.0000000000000000e+00	   6.2493743660729439e-01	   1.1161011762676651e+00	   5.8837112833023586e-01	   3.4015459895174982e-01	   7.4400906798556821e-02	   4.4640707697989879e-01	   4.5060149563142060e-01	   3.3820272249223626e-01	   2.2777855562434002e-01	   4.1826280588203668e-01	   1.7877430630733671e-01	   5.9913373919386797e-03	  -8.5901107359597606e-02	   2.7545535320684289e-01	   2.1095679250672131e-01	   5.1129600972523070e-01	   3.7974223881773900e-01	   2.4652675898444854e-01	   6.5759535261974755e-02	   3.2673285161168930e-01	   2.9136582828091417e-01	  -7.7107914367814376e-02	  -1.6015130233783031e-01	   4.2414859989095682e-01	   3.1168309933754468e-01	   3.1460509915954599e-01	   2.5864042153217282e-01	   1.5480777433158274e-01	   1.8138732756649145e-01	   4.1286683794842471e-01	   3.3626737188361017e-01	   1.4148362682969115e-01	   9.1700947923358284e-02	   3.5866046066395219e-01	   3.2166108912778973e-01	   3.2036664242769419e-01	   2.0015906512248893e-01	   3.5141926538773566e-01	   2.3931614537418081e-01	   2.9101351376838314e-01	   2.4292908736750402e-01	   2.3844655225783776e-01	   1.3928642932538868e-01	   1.1271653997412762e-01	   2.9258750160830271e-01	   4.1401511065754087e-01	   3.0785578802360941e-01	   9.4328172474885164e-01	   5.1581626513873013e-01	   3.6314323689728084e-01	   3.2863003675074726e-01	   2.8757455158238387e-01	   2.6012489617337803e-01	   1.7339345146580556e-01	  -2.9857352911029287e-02	   5.1654410777315596e-01	   5.0860129577749225e-01	   3.6790038417995768e-01	   2.8781598112105611e-01	   1.6729005418481091e-01	   1.8417748156120903e-01	   3.0033482882967666e-01	   3.0232870791519983e-01	   1.9461508502920191e-01	   1.6279245011854612e-01	   2.1798485761264350e-01	   3.3132448367148937e-01	   3.0346514755304660e-01	   5.6273805449452563e-01	   1.0943654541038907e+00	   7.1120066149660699e-01	   3.3460145748225006e-01	   2.7373868200173584e-01	   4.8470341450757065e-01	   2.0475070925381469e-01	   6.0539733117027605e-01	   6.4746261807619920e-01	   4.8621040466362497e-01	   5.5871718625062083e-01	   4.0476661402859926e-01	   6.3649263897923614e-01	   2.0733701558115426e-02	   1.1781213066665891e-01	   2.5324523525880382e-01	   8.5321580352484674e-02	   2.2775217460701069e-01	   2.3483500373576505e-01	   2.1981700827438094e-01	   4.0078207783693276e-01	   1.3970772402258155e-01	   1.9706569600522666e-01	  -9.9030954692198997e-02	  -1.1344351852406828e-02	   1.4127457144741193e-01	   2.8238335570952011e-01	   1.6440002173662890e-01	   1.0668630092732213e-02	   1.3038162521988031e-01	   1.5959430084325721e-01	   2.1474322271561821e-01	   3.6291080956429006e-01	   3.6902573146417628e-01	   2.4012659540596723e-01	
