   0.0000000000000000e+00	   6.1544309777905648e-01	   2.0714789785960741e-01	   1.8151391808002856e-01	   2.8202703273268881e-01	   1.8651049810498296e-01	   2.1854104193870488e-01	   3.8109929215698578e-02	   5.2043088440209373e-01	   2.3064823749758426e-01	   4.3250028281279063e-01	   1.7484446403717563e-01	   3.8765033945820648e-01	   5.2616996756629369e-02	   5.3108908778865183e-01	   4.1719340051687376e-01	   7.2814741645471304e-01	   8.0513843376570060e-01	   9.4880249193994670e-01	   7.5110522033806504e-01	   5.8109037816795606e-01	   4.5237755631021120e-01	   2.5559259706019033e-01	   1.6432971356806964e-01	   1.8964128580715559e-01	   1.8771167794248536e-01	   2.5224172789044035e-02	   1.9003381730970792e-01	   6.2112694873356933e-01	   5.4294418950803969e-01	   4.7074057781688139e-01	   4.5229746880115607e-01	   7.4496036155711720e-01	   5.5767788258240025e-01	  -1.7442807037736912e-02	  -1.9944565402313164e-01	   6.4298787630384446e-01	   3.6896214503032326e-01	   7.2583159400654029e-01	   3.7512490516178076e-01	   8.0841528601197910e-01	   5.2319164324227607e-01	   2.1445765286250584e-01	   1.0861013521334534e-01	   1.6508278141001625e-01	   7.8019323297722432e-02	   2.0031230696106953e-01	   1.9606608436869591e-01	  -8.0743820720125870e-02	   5.4989866817849210e-02	  -8.5423822771444433e-02	  -6.4954756127874769e-02	  -3.4942314118421129e-02	  -7.1754806051198841e-02	   3.0395887269114197e-01	   1.5070651392528078e-01	   9.4000986310231827e-01	   7.0709658640265660e-01	   1.2934213225994834e-01	   1.8559051430265630e-01	   2.5631810945121897e-01	   7.3870493513045199e-02	   5.7711047632319956e-01	   4.5746875076636390e-01	   1.5294925927973785e-01	  -1.1983803751980386e-01	   2.1302667967276984e-01	   9.0009602490090199e-02	   8.8154377725277655e-01	   7.4629587941427045e-01	   3.7265982004573533e-01	   8.5235373988165386e-02	   4.6727753005239642e-01	   2.3650278075851514e-01	   5.4777127341181653e-01	   3.0331579229982497e-01	   3.8028958683302599e-01	   2.5285125506195544e-01	   5.6549490967132865e-01	   5.8033044202402206e-01	   7.1171180619566121e-01	   8.3373426881684054e-01	   5.9424862159780256e-01	   5.2464789310537452e-01	   4.4207151057221694e-01	   1.0414165416429172e-01	   6.3141529463284363e-01	   6.6660721366621478e-01	   3.0125808978274604e-01	   2.8645359264543119e-01	   5.8994904095051892e-01	   5.2182643811830642e-01	   4.4170782398916664e-01	   2.9939107570226153e-01	   1.1421105169680815e-01	   1.1089369159234402e-01	   3.4105932456814775e-01	   8.7059548265358555e-02	   1.5165449722901725e-01	   4.5475558510861752e-01	   7.9054368246425033e-01	   3.4671479940234473e-01	   7.3509267269787870e-01	   3.5544176061921534e-01	   3.8354059759062009e-01	   4.8875810074881881e-01	   6.3032478706020068e-01	   4.3023538615884283e-01	  -1.0887930528382146e-01	   2.7199110376682040e-01	   4.2464158362789106e-01	   1.8817612788744545e-01	   2.3103352394483986e-01	   4.2509332318061355e-01	   5.0666738403920664e-01	   2.8313194299904082e-01	
   6.1544309777905648e-01	   0.0000000000000000e+00	  -1.0277648805230787e-01	   1.5974719657870140e-01	   9.5509502634787261e-02	   1.6894462514768083e-01	   7.5260058865906199e-02	   8.7714429034218444e-02	   2.7819857507726209e-01	   2.4270119475204099e-01	  -2.1133776403663838e-02	   8.1448944039104840e-02	  -8.3995830810376527e-03	  -8.8373888219707881e-03	   3.5152770691915192e-01	   4.6644581944019697e-01	   2.4118241587378245e-01	   4.9960875159415891e-01	   7.1847331437185835e-01	   8.9062788692638184e-01	   4.3432846777375689e-01	   4.3055431243556164e-01	  -6.9277598488115238e-02	  -1.4834833931648051e-02	   3.6370796135935538e-02	   5.7187919694526093e-02	  -5.1888439923180853e-05	   1.6125541142606972e-01	   3.6141143012569732e-01	   4.4387571643597407e-01	   2.1793720904205685e-01	   3.4351899151514231e-01	   5.4041770105201592e-01	   6.0632931219435504e-01	  -1.6868255026706602e-01	  -2.6630880700784321e-01	   3.0750342347366949e-01	   4.2005726030801938e-01	   4.0021622979564775e-01	   5.0946982419415165e-01	   4.6573630171498448e-01	   4.9017032066297089e-01	   2.4564270097605967e-01	   3.4490295884053368e-01	   2.6389052877593372e-01	   3.2385005063371380e-01	   2.7937483966578769e-01	   3.7980177297571621e-01	   1.1460431263904255e-01	   2.8184075428691102e-01	  -1.5202667281212143e-01	   9.5545049409875391e-02	   3.6564529768315607e-01	   2.0322802906368026e-01	   5.3756479544826474e-01	   2.9340984061310971e-01	   3.8325607729709571e-01	   7.7581686075508438e-01	   1.7016230829660783e-01	   4.5773382070937524e-01	  -7.5321423300590299e-03	  -9.3557566973685533e-03	   2.6980204028857929e-01	   2.4796734722985325e-01	  -2.3162543735550822e-01	  -3.0230666005079776e-01	   1.4324328934433450e-01	   1.6580836532924961e-01	   6.2196155158010202e-01	   6.5653364366863098e-01	   2.7365596581117063e-01	   2.7281333976037547e-01	   3.0794834704723945e-01	   5.1562466295953768e-01	   4.1310698484274161e-01	   4.7794892500272801e-01	   4.1358449067927044e-01	   4.6764641369393301e-01	   3.5401761671700860e-01	   4.7451017890311109e-01	   5.5326041562372474e-01	   6.9977743962101757e-01	   3.3850739338748770e-01	   4.8618282974200183e-01	   3.8791457590894290e-01	   8.0861889806093226e-02	   3.8652636358277609e-01	   4.3423485246879762e-01	   2.1146058753468772e-01	   3.1658212450971196e-01	   6.7089121745353408e-01	   4.4001235143590567e-01	   2.8570048598486569e-01	   6.0464934933834182e-02	   2.3208491241045848e-01	   3.4981971367491776e-01	   3.2018776667796439e-01	   2.2280432381983556e-01	   3.6565101442552922e-01	   4.2603237645975289e-01	   3.0419075617316782e-01	   6.6298616381308600e-02	   3.4730796036210337e-01	   1.0336364359164560e-01	   3.7302818484555056e-01	   1.7824067171032942e-01	   3.2252211065347486e-01	   1.9836743671277601e-01	   4.7042619824291393e-02	   3.5647983907788344e-01	   1.8134119975644955e-01	   3.0932917102343954e-01	   2.9365179637063499e-01	   1.1002114342506376e-01	   2.1033893516294230e-01	   2.2270073252617245e-01	
   2.0714789785960741e-01	  -1.0277648805230787e-01	   0.0000000000000000e+00	   3.9021107952020906e-01	   7.4956387932574309e-01	   2.9854758065976572e-01	   4.8802216363143047e-01	   3.7581552136598459e-02	   8.6465771575066186e-02	  -3.1836333097362078e-02	   2.7309720523430703e-01	  -1.0164544709331465e-01	   2.9081930652192789e-01	  -2.1174993850554037e-02	  -4.5165930354584528e-02	  -2.3936426763701668e-01	  -4.8290340759068719e-02	  -7.0662108544871940e-02	   1.1981624135943747e-01	   1.8899985813517295e-01	   1.1012398576772753e-01	   2.5452582010307447e-02	   9.7517224891740595e-01	   6.6306960728205055e-01	   7.0609221528318777e-01	   4.4604135837226511e-01	   6.4758628377454985e-01	   2.8347583620380479e-01	  -1.5251268559502151e-01	  -3.3896425520641538e-01	   1.2906863046324929e-01	  -2.9694858553567734e-02	  -1.5860101774139792e-02	  -1.8748317932163877e-01	   5.2919594029636952e-01	   4.1968168805478823e-01	  -1.8464271785999614e-01	  -3.1550353019501193e-01	   1.7589654514720351e-01	  -1.0350960875556399e-01	  -8.7600124466109514e-02	  -2.4204326924746417e-01	   1.2102426696953769e-01	  -2.0041945734399456e-02	  -4.2643076110402120e-02	  -6.7238073886981206e-02	   2.0202922649915767e-01	   1.5228128891644416e-01	   2.3046694836902293e-01	   1.8503170519535989e-01	   6.1285769934663292e-01	   3.7002955605294169e-01	   7.4672323217084960e-02	   2.9713867685065848e-01	   1.2260120827265884e-01	   1.4812243775706682e-01	  -1.5132688599538185e-01	  -3.1947250039638342e-01	   2.9646265349693574e-02	  -9.6355149120786521e-02	   1.2956008634356100e-01	   5.7040624382615354e-02	  -1.2127584293128678e-01	  -1.6994249019807178e-01	   5.3794123901295099e-01	   2.9483354336523104e-01	   1.1487919253481894e-01	  -7.4581596163041122e-02	   2.7579846393800000e-01	   2.7990832756151213e-01	   1.0471210367222408e-01	  -2.3541651059802388e-01	  -7.5823928886765993e-02	  -3.4064234446364361e-01	  -1.9814099960400222e-01	  -3.4397433417712631e-01	  -4.4380642237759772e-03	  -1.8464318985972464e-01	   1.2901445970784757e-03	  -1.8263313301654610e-01	  -2.7578168219075144e-01	  -1.4472506833695137e-01	  -1.4057797527815799e-01	  -2.3426087007660479e-01	   1.7510457568341081e-01	   2.9426886864229856e-01	   1.2139423905633363e-01	   6.4704122313622402e-03	  -4.0879078071015942e-02	   1.6306986057774300e-01	   1.7507795021879863e-01	   3.8970320682412274e-01	   3.6862169817322621e-01	   2.7830340984377105e-01	   2.9450273381589487e-01	   3.9017668378379722e-02	   2.8238223253930922e-01	  -1.6743309547156672e-04	   8.5812798792601397e-02	   1.4701295141530751e-01	   1.1210137237448901e-01	  -2.1524665300818060e-02	   9.1695321081613622e-04	  -2.3405185723426125e-01	  -3.5979990889342985e-02	  -1.5870393388072146e-01	   8.5082979542405679e-02	   1.6189828195223349e-01	   4.3150103880856779e-02	   2.6549106120485538e-01	   4.1408095191505351e-01	   1.7769661195292039e-01	   1.7981427303713210e-01	  -4.2932584069884797e-03	   6.5248101535582165e-02	   7.4903666827489182e-02	
   1.8151391808002856e-01	   1.5974719657870140e-01	   3.9021107952020906e-01	   0.0000000000000000e+00	   3.9810354423836780e-01	   6.0419502670847325e-01	   4.9949649075649349e-01	   7.8359452226666049e-01	   1.6352292034540650e-01	   3.7692786720870763e-01	  -6.0178424400326384e-02	  -1.8583527051143793e-02	   7.6792168235147770e-02	  -1.9535185849414379e-02	   2.6936542786872086e-02	   1.0948816537469293e-01	  -2.7594113974060508e-01	  -2.5443861792923163e-02	   3.1272170684420675e-02	   2.8291423548146233e-01	   1.1446916136870308e-01	   1.8544390931515917e-01	   2.2078560720301668e-01	   5.4531286702388371e-01	   5.2414246959007260e-01	   6.8066530412282178e-01	   5.3886564623463873e-01	   6.0869328067421857e-01	  -1.1537213118285694e-01	  -1.4103181879209667e-01	   2.4982647952141918e-01	   4.2624493694650462e-01	   2.9526163676690635e-03	   1.4497808142073912e-01	   1.6652748277681223e-01	   1.1010836804089497e-01	  -1.5111515913512116e-01	  -9.4307380163341947e-02	   7.9900011428596956e-02	   1.9003377043269240e-01	  -7.1748098427875461e-05	   2.5810814630535198e-03	   2.8298815848593711e-01	   2.6735546788698838e-01	   6.5859452992424586e-02	   1.2239016619597645e-01	   2.4519126331619251e-01	   3.3320906324392863e-01	   1.2040456781921235e-01	   7.8064828472747649e-02	   2.0222473713385047e-01	   2.3519702822345073e-01	  -7.9810025084206277e-03	   1.2665374171001981e-01	   5.2730818266565116e-02	   1.7656809334118190e-01	   7.6390707292372543e-03	   6.0958414406045686e-02	   2.1390346528947926e-01	   4.4621200817298101e-01	  -1.1023506335717699e-01	  -7.4267961825720347e-02	  -6.7725502599173329e-03	  -2.3516148751828548e-02	  -3.5236524298089426e-02	   4.0052548064307282e-02	   2.7909072764232401e-01	   2.8165258508386143e-01	   1.1729405105821736e-01	   2.3905255472744941e-01	   1.7911875075128508e-02	   1.3435856239558047e-01	  -4.7978982177454992e-02	  -7.7824352252322690e-02	  -9.7699497646905484e-02	  -9.6631398714498769e-03	  -5.6269766341500320e-02	   9.7566469873472977e-02	  -1.1964824842259898e-01	  -1.5819227079820333e-01	  -7.7871013046103013e-02	   6.4321448708983597e-02	   1.6269125660524516e-02	   4.6999354518766613e-02	   2.9305933796780104e-01	   2.9524377536444180e-01	   5.3454498195484673e-02	   1.5381801041040224e-01	   7.3876346200083792e-02	   2.2382702578702396e-01	   2.5216799190961392e-01	   4.1210650990076969e-01	   4.7409244344445511e-01	   1.7903040420696406e-01	   1.7030210860327644e-01	   2.9264467158350577e-01	   8.5149469107434567e-02	   1.9662794388137500e-01	   2.6032316505592668e-01	   2.9636427899123052e-01	   2.3478657331144429e-01	  -3.9284590215447807e-02	   1.9004523669891660e-01	  -8.7387461156142765e-02	   3.1888395296512650e-01	  -2.9735521264610383e-02	   1.1548514365882204e-01	   2.8797903103498879e-01	   2.0461861059584516e-01	   2.8134440239340891e-01	   2.5915596436607796e-01	   3.3567633616919007e-01	   2.8981138550415025e-01	   2.1006418504344690e-01	   6.9751518987803518e-02	   2.1758191822848000e-01	
   2.8202703273268881e-01	   9.5509502634787261e-02	   7.4956387932574309e-01	   3.9810354423836780e-01	   0.0000000000000000e+00	   1.0594714634744549e+00	   5.8280343187589068e-01	   1.7624376955033569e-01	   5.7217220572982008e-01	   4.1834682454169109e-01	   4.3175009622333338e-01	   2.3800280015475109e-01	   5.2340226984217586e-01	   2.7662682613448653e-01	   3.4093683736248381e-01	   2.7798908776542114e-01	   1.6055322755721682e-01	   8.8950140447759160e-02	   3.2680652687988210e-01	   3.8315692125562928e-01	   5.1764261023572444e-01	   5.2687500777112717e-01	   6.7869598809878062e-01	   8.0353140696026970e-01	   6.8549226183795364e-01	   7.8656715133937016e-01	   9.4282172241206141e-01	   8.1074038169161833e-01	   2.1726731183108780e-01	  -8.6460777829659875e-03	   4.4152941131936763e-01	   3.0429017236003825e-01	   4.7749043862951458e-02	   8.5825530858188850e-02	   4.2511861651661093e-01	   3.6682044019017590e-01	   1.1431018155745729e-01	  -2.4044383648843481e-02	   4.1429050702876113e-01	   1.9975692485321178e-01	   2.5190143195430104e-01	   8.4275722570385306e-02	   2.3929248747677917e-01	   3.4574203433450621e-03	   1.6098777880838916e-01	   2.3801805381235368e-02	   2.3797551542513207e-01	   1.4392687272763721e-01	   3.4305239507935953e-01	   1.7302380388805949e-01	   4.2535093679497932e-01	   1.7131395543070671e-01	   1.5944679264742523e-01	   9.9994598798288509e-02	   3.4548026539804405e-01	   2.1356445211422206e-01	  -7.7921753002510433e-02	  -5.4542418283088694e-02	   3.5102416144033283e-01	   1.8709409971520130e-01	   4.0489093276150490e-01	   2.7604614722319232e-01	   1.8544099072006717e-01	   1.8139271775947383e-01	   4.7765915468775577e-01	   2.6613964988442851e-01	   4.2365066026245590e-01	   1.8843953628083168e-01	   5.4634528113937786e-01	   5.8906096643699257e-01	   3.4374928254006337e-01	   8.1703222861734814e-02	   2.5781584621798825e-01	   1.7128948569247585e-02	   2.1529462509169084e-01	   1.1927547335339871e-01	   3.5082975615385892e-01	   2.1480383616321103e-01	   1.5782514685802568e-01	  -6.7680455031060655e-02	   8.9351438241051823e-02	   1.0777220363025793e-01	   2.1694365768201565e-01	   1.3890775517820222e-01	   2.8260677341705359e-01	   1.0863934878794221e-01	   3.6088975002345730e-01	   2.5597046476295815e-01	   2.8711669208986290e-01	   1.7045845112607150e-01	   2.5814606122014738e-01	   5.2660371136162876e-01	   5.6954447259874164e-01	   4.5057284686266491e-01	   2.4939371139420607e-01	   8.6345926137408463e-02	   4.6899520446464071e-01	   1.3367198699403585e-01	   2.3399461821953604e-01	   2.3291801590390254e-01	   3.0099695192053827e-01	   1.2387616326297439e-01	   1.8550255838924720e-01	  -4.5008709980047690e-02	   2.3507380656793680e-01	   6.6485252043402998e-02	   3.7446456486686397e-01	   2.5910272283169600e-01	   9.1443963936038319e-02	   3.9739357947478882e-01	   4.0023645351389842e-01	   2.5309854881946248e-01	   1.3442162300885740e-01	  -5.3935890448768363e-02	   6.4267285975486754e-02	   4.1873487881009773e-02	
   1.8651049810498296e-01	   1.6894462514768083e-01	   2.9854758065976572e-01	   6.0419502670847325e-01	   1.0594714634744549e+00	   0.0000000000000000e+00	   7.5747598340130784e-01	   6.5854357351953940e-01	   7.6490783596364387e-01	   1.0061096782710357e+00	   2.0152964683619748e-01	   3.8663614036860761e-01	   4.1278256553027742e-01	   3.9795470123890875e-01	   4.8999629685049229e-01	   6.0362090793642453e-01	  -4.5024958974376117e-03	   9.2724446376995923e-02	   2.9286844153736258e-01	   4.6271751922365328e-01	   4.6216912460132686e-01	   6.2368759766927795e-01	   2.6763503058540605e-01	   7.2199801279861386e-01	   4.3839261353215392e-01	   7.3408474819013403e-01	   8.2394516655275385e-01	   1.0858719514355377e+00	   3.1203563906350407e-01	   1.4497439158148573e-01	   5.9604416686782857e-01	   6.1820732733829220e-01	   2.7484004360248355e-02	   2.5121743142140496e-01	   1.9145288596577245e-01	   1.8040715925406586e-01	   6.3282165817894906e-02	   9.8635512063259059e-02	   3.1816025514128571e-01	   3.1850546894068926e-01	   1.9403108506044975e-01	   1.5761918400188968e-01	   3.5275518781503978e-01	   1.5133774695369273e-01	   2.9914170858140576e-01	   1.9287259499671794e-01	   2.0704828109593865e-01	   2.4530512784783404e-01	   2.9490525585970340e-01	   1.1957814615616037e-01	   1.4617327862987223e-01	   1.5072564477105718e-01	   2.0938181565847849e-01	   1.2450411038967832e-01	   3.4638255662480844e-01	   3.6237555741493988e-01	  -1.1170962604282753e-01	   1.1728788009943347e-01	   5.7135301347926359e-01	   5.5342486955266157e-01	   4.2321633805969139e-01	   3.1924611811987669e-01	   3.2337218364238868e-01	   4.0169831359693364e-01	   1.8794001557144915e-01	   1.7074623383136855e-01	   6.0631359511785088e-01	   4.9062082663755235e-01	   4.4298986174720728e-01	   6.0552920700728052e-01	   2.9531910752963547e-01	   4.3295848486415578e-01	   2.4049136878506577e-01	   2.4635835067401807e-01	   2.5098732531955109e-01	   3.8471786145921705e-01	   2.7920159458416383e-01	   3.5714825995093580e-01	   1.3816002401965085e-02	  -1.6532506703897204e-01	   2.5475312161567509e-01	   2.1079986826312863e-01	   4.0815976317562935e-01	   4.0697737615725310e-01	   3.2878618443854862e-01	   2.7736946573152989e-02	   3.6510847812534641e-01	   4.6773048193877553e-01	   3.5678096103497775e-01	   2.9044875616861571e-01	   2.8443888103648451e-01	   5.2563616408558655e-01	   7.1855197760216671e-01	   3.9054064136843863e-01	   2.3158184952262245e-01	   2.6369393558282217e-01	   2.7438910772579700e-01	   2.3725608675995163e-01	   3.7712747493989879e-01	   3.2259279653026807e-01	   2.9991990703485133e-01	   3.2210026822135446e-02	   1.9456903847531612e-01	  -5.1717601191767035e-02	   3.2350433919851496e-01	   2.8869661427020254e-02	   4.8851576714603306e-01	   3.1433413364321350e-01	   2.0922528394928197e-01	   3.7664861480506251e-01	   1.1626398456565695e-01	   3.8471063858023563e-01	   2.5793873800838307e-01	   5.8859274510315418e-02	  -1.7999604884819987e-02	  -8.5178667055537359e-03	
   2.1854104193870488e-01	   7.5260058865906199e-02	   4.8802216363143047e-01	   4.9949649075649349e-01	   5.8280343187589068e-01	   7.5747598340130784e-01	   0.0000000000000000e+00	   9.1701826453155022e-01	   8.0820866817424764e-01	   8.9061323209807330e-01	   1.1253431616709215e-01	   2.8427278604718476e-01	   3.6579186072097186e-01	   1.8693335018743504e-01	   5.7667173399297744e-01	   4.9503323794671489e-01	  -1.8653138396508381e-01	  -6.8718538888786701e-03	   1.8989296951807516e-01	   3.6225766016504302e-01	   1.5525488691066516e-01	   1.8706695440066684e-01	   2.3345467268420078e-01	   4.9115374938916173e-01	   3.5564045691200702e-01	   3.6076299640279458e-01	   4.7474077345456112e-01	   5.0809270886602120e-01	   3.1651779720917544e-01	   1.2917516958958930e-01	   7.8116453524824825e-01	   7.0873095964006372e-01	   2.9231618811645127e-01	   4.1604345256321018e-01	   1.4229946735937732e-01	  -1.4885322164882499e-02	  -1.4591941738783840e-01	   7.1411026176910253e-02	   1.2673772639074102e-01	   1.3805618556771185e-01	  -3.2006017376194192e-02	  -4.5160275683221078e-03	   4.8908788750992371e-01	   2.7682467625390084e-01	   5.0865875188108089e-01	   3.9452644724817298e-01	   2.5945021939215140e-01	   3.1982533357996301e-01	   5.2854900952965034e-01	   3.9903877921170927e-01	   3.4412642706071156e-01	   5.7006209387122542e-01	   2.8464930621417206e-01	   3.3895391931803925e-01	   4.1434888297916334e-01	   5.8270947095075731e-01	  -1.6060101721249226e-01	   8.4411003517811362e-02	   6.5151250853412868e-01	   6.3723377307337714e-01	   4.2417087799095093e-01	   2.1735254651566205e-01	   4.0788808974567803e-01	   5.3501136087349410e-01	   7.6164715808338307e-02	   1.2845769544746183e-01	   8.6073283047606686e-01	   6.9764337108036001e-01	   2.4922267232386930e-01	   5.5206481940106078e-01	   2.0083457941364158e-01	   2.6051528097733762e-01	   4.5998548377673094e-02	   1.2074802933298320e-01	   8.2204939070863473e-02	   2.2581609412658665e-01	   1.3434238713733301e-01	   1.7654863911010732e-01	  -8.5891578047980852e-02	  -1.4219978183786056e-01	   1.6229259139622004e-01	   2.1639882846924410e-01	   4.0823473749304073e-01	   4.3554711527957923e-01	   3.1668589746984727e-01	   7.1842215694149225e-02	   3.2759705619283136e-01	   5.2739438564760688e-01	   4.1637654277920971e-01	   4.9076765503291531e-01	   4.9484220451539951e-01	   6.8976956654204991e-01	   7.2363681472496977e-01	   3.2987094169007342e-01	   2.2411898482198322e-01	   1.7222022917652569e-01	   1.4675471797739215e-01	   2.8338669328805333e-01	   5.2994724941089111e-01	   5.3776920508608084e-01	   2.3226482316350983e-01	   1.5197458757025738e-02	   1.8599581550532901e-01	  -1.2752959588974617e-02	   2.1176345720420386e-01	  -2.2598653967936630e-02	   4.7442094839600224e-01	   3.8295177271167630e-01	   1.0327314789388292e-01	   7.5872249518982873e-02	  -1.5092693033608034e-01	   4.6723582993184309e-01	   3.8716862581009515e-01	   2.3002015041913071e-01	   1.4409625651957420e-01	   8.7710455292210499e-02	
   3.8109929215698578e-02	   8.7714429034218444e-02	   3.7581552136598459e-02	   7.8359452226666049e-01	   1.7624376955033569e-01	   6.5854357351953940e-01	   9.1701826453155022e-01	   0.0000000000000000e+00	   4.8517969140692069e-01	   1.0158221748267033e+00	  -1.7879956146668666e-01	   2.3562700552156440e-01	   9.5184489291547478e-02	   1.7433003341328274e-01	   3.4604951284663255e-01	   4.9012338505195568e-01	  -4.3516796624277948e-01	  -1.2797174730575647e-01	   6.7826094068821313e-02	   3.1280700151731794e-01	   1.7432721146564394e-02	   1.5662911280210146e-01	  -1.2823432032458251e-01	   3.1955476481853795e-01	   1.8585534820851735e-01	   3.8069746290506268e-01	   2.9503683935816838e-01	   4.9137205921325622e-01	   1.6431944599024575e-01	   1.0049997435932244e-01	   5.2763148688868045e-01	   7.6290915827382022e-01	   1.1938607300149155e-01	   3.9587693340771490e-01	  -5.5953603254558476e-02	  -1.0540592341844457e-01	  -1.4761838704875138e-01	   1.2713145096551698e-01	  -1.2451488454859149e-02	   2.4868478815378686e-01	  -1.2478068293940180e-01	   1.0008019330637549e-02	   4.5521319093189072e-01	   3.8402963056432515e-01	   3.7769899951925662e-01	   4.0481190166775627e-01	   2.2215128504851128e-01	   3.7936132272396861e-01	   2.6726352749018112e-01	   1.7636232552743725e-01	   6.4457973589914105e-02	   3.9367100377411363e-01	   2.6587610163460301e-01	   3.2163384977446335e-01	   2.0859161221175357e-01	   4.5996935738291345e-01	  -1.5098789319760783e-01	   1.6263074932514504e-01	   5.8268102818387713e-01	   9.3698965215344709e-01	   1.1527203639046177e-01	   1.0615135768715162e-01	   2.0428976391422360e-01	   2.9644194290462444e-01	  -2.8600569291369815e-01	   1.8457110131585019e-02	   6.4802476910494478e-01	   7.8278316804362691e-01	  -6.5566333811751904e-03	   2.8899610072836107e-01	  -9.1452575773236684e-03	   4.2238356800969662e-01	  -3.1684281472596332e-02	   1.7085492649835876e-01	  -1.2885988857743129e-02	   2.7042511466747687e-01	  -1.0188926027087550e-01	   1.7667707056343127e-01	  -2.1025174868993560e-01	  -2.3274751860983817e-01	   1.5526773764879992e-01	   1.7793567625882886e-01	   3.1504657307595069e-01	   4.0864950814053924e-01	   2.5981784933139224e-01	   9.1660998820762479e-02	   1.1427149542364981e-01	   4.0811775613810441e-01	   2.6271243354999030e-01	   4.2437867054083883e-01	   3.0078809778491161e-01	   4.7349823300923183e-01	   5.9310548084015469e-01	   2.6864252330582322e-01	   1.9433625820076206e-01	   4.4252570261437596e-01	  -2.6811849710256280e-02	   3.2193569335096134e-01	   4.6059043741861661e-01	   3.8855139101264125e-01	   1.3211469216617511e-01	   3.4741033567929819e-02	   1.6046361210947008e-01	   5.6082503694525852e-02	   2.8200190809666581e-01	   1.1486561594622158e-02	   3.5902602094713287e-01	   3.4464104682048508e-01	   2.7447835483276406e-01	   1.6560367449266922e-01	  -1.9682480633886737e-01	   4.9573362305936475e-01	   4.6362007925356041e-01	   3.0260161085905646e-01	  -2.8614658612024202e-03	   1.0902862405568089e-01	
   5.2043088440209373e-01	   2.7819857507726209e-01	   8.6465771575066186e-02	   1.6352292034540650e-01	   5.7217220572982008e-01	   7.6490783596364387e-01	   8.0820866817424764e-01	   4.8517969140692069e-01	   0.0000000000000000e+00	   1.0317831713483698e+00	   3.0494280756297698e-01	   3.9956618182802495e-01	   5.0908058706060944e-01	   2.5809551952036869e-01	   1.3864158039774181e+00	   9.6395437308064258e-01	   2.5356079878371868e-01	   3.3371914601874741e-01	   6.0395675161392171e-01	   5.5624936828437832e-01	   5.8656830469943622e-01	   5.7247078773521576e-01	   2.0897158832877502e-01	   3.7002240178699891e-01	   3.0857552272936944e-01	   3.3822784942626000e-01	   3.1036979006699761e-01	   5.3089877963113086e-01	   9.0292403491376805e-01	   5.9496339252563690e-01	   1.3128577724850561e+00	   1.0832185869378563e+00	   5.3189425741286622e-01	   6.3990382181607230e-01	  -3.5770153784527817e-02	  -1.9220311405513008e-01	   3.2705392530020494e-01	   4.2057375138464209e-01	   4.4308154848009784e-01	   2.7158066715929363e-01	   4.3501086909315834e-01	   3.7339761427340151e-01	   4.5334975000388877e-01	   2.1113060280581086e-01	   5.9956851454132054e-01	   4.0399763403449512e-01	   1.5014948416562671e-01	   2.0197498407266740e-01	   3.3196909456800705e-01	   3.4760523979662478e-01	   2.1633436546008061e-02	   2.3544960996872683e-01	   3.1278357851913774e-01	   1.6314640693186716e-01	   3.5577645121484075e-01	   3.9175522510962951e-01	   2.1982523410781665e-01	   3.7675619241728148e-01	   6.2011589279868440e-01	   5.9062977840953568e-01	   4.3173032018408047e-01	   1.8468023770992348e-01	   8.2997105923146841e-01	   7.5898460899297915e-01	   3.7984269451434308e-02	  -1.2950306606835615e-01	   6.8213551719660126e-01	   5.0391762838192888e-01	   5.8030476742010151e-01	   7.8046009916387671e-01	   6.0703806662658055e-01	   5.4886505498397842e-01	   5.1265615490712158e-01	   4.6334821642291113e-01	   6.4593746652135509e-01	   5.8558855878754412e-01	   5.2072698373594795e-01	   4.9215384113837152e-01	   3.1405908547774436e-01	   1.9871259758858811e-01	   6.9311458648994839e-01	   5.5994614067335358e-01	   1.0199689194168380e+00	   9.4918379720755064e-01	   3.7073548639070764e-01	  -2.2390653414348571e-01	   8.2748391669147070e-01	   8.6817809969955739e-01	   4.2590039154128650e-01	   2.7034338319748152e-01	   5.4379302114339578e-01	   6.2498502283345203e-01	   7.1832085267340073e-01	   5.2513176731438094e-01	   1.0899881492758277e-01	   6.2642377961883530e-02	   2.0480728791756822e-01	   2.2935747013997795e-01	   4.2791150416186369e-01	   5.6269939883159625e-01	   4.3132051584955661e-01	   3.5004585753379719e-01	   3.7818971446735550e-01	   3.1039944728891256e-01	   3.4042808537935781e-01	   3.1945433319963529e-01	   6.6312258684241387e-01	   4.1575387606479697e-01	   2.2954667478523091e-02	   1.8497656926825062e-01	  -1.8879636361773585e-02	   4.0382628453910802e-01	   3.1482920015753507e-01	   3.5080293199771073e-01	   2.9944306867957837e-01	   7.2209816366854793e-02	
   2.3064823749758426e-01	   2.4270119475204099e-01	  -3.1836333097362078e-02	   3.7692786720870763e-01	   4.1834682454169109e-01	   1.0061096782710357e+00	   8.9061323209807330e-01	   1.0158221748267033e+00	   1.0317831713483698e+00	   0.0000000000000000e+00	   1.4693224626801907e-01	   5.7663473006139787e-01	   4.2921304535558913e-01	   4.9696283289348453e-01	   7.3143515798646241e-01	   9.7665904288363259e-01	  -6.9744369280549515e-02	   7.8784508477773019e-02	   3.2369705044380737e-01	   4.9699386931520673e-01	   3.0397417387446107e-01	   4.2330185746706345e-01	   6.4635565085559470e-03	   4.8072775126376366e-01	   1.1487852711411624e-01	   3.6986898265407081e-01	   3.5007493792215771e-01	   5.9689132302889147e-01	   5.1733548436564680e-01	   3.6062739622981915e-01	   7.8009056331170457e-01	   9.2379394637155565e-01	   2.4077058822927605e-01	   5.8427681468812953e-01	   6.5604122370602133e-02	   9.9983751393059248e-03	   1.1941537135734002e-01	   3.2653993227652650e-01	   2.6607409909121188e-01	   3.3229315845776874e-01	   1.6128424295531996e-01	   2.0843885016529529e-01	   4.5111787573846007e-01	   2.3587701041352105e-01	   5.2147241303399294e-01	   4.0005454852497219e-01	   1.6947387851767251e-01	   2.5662277324682670e-01	   3.5075231886146918e-01	   1.7923814308217706e-01	   5.3899542958631003e-02	   2.7412651389232229e-01	   4.8813618031925088e-01	   3.2993083865457318e-01	   4.4504372196104813e-01	   5.0429342419829259e-01	  -1.3051463782008343e-02	   3.1924049329721760e-01	   9.4356904769234728e-01	   9.4836849091616293e-01	   4.8553206804734794e-01	   4.4044910310303603e-01	   4.6935517058524201e-01	   6.6886162862471166e-01	  -9.9730275082641224e-03	   1.2859775987602240e-01	   8.4689021978115342e-01	   8.3194769808276647e-01	   3.1509881934566125e-01	   6.3694262114711131e-01	   2.5757849565035240e-01	   5.4947437103161767e-01	   2.7854232973161219e-01	   4.0339978627174428e-01	   3.5266676030291233e-01	   5.6453898973832994e-01	   1.9812513842098292e-01	   3.6534266440279412e-01	   9.5802579593135401e-03	  -6.6496237330283911e-02	   4.3342722915702941e-01	   3.7893992925856568e-01	   6.4580857381508405e-01	   6.9855857015166323e-01	   3.9381809137944962e-01	  -3.9772929659431702e-02	   4.4079157548350190e-01	   6.3294331394604075e-01	   5.5252299244093572e-01	   4.5608439374691384e-01	   4.7200461764867069e-01	   5.8081493073364043e-01	   7.7836088811914395e-01	   4.2493624640028937e-01	   2.2446365501686699e-01	   3.0692798865505971e-01	   1.3971384931762218e-01	   2.0660106542351997e-01	   5.2558441403355971e-01	   4.2559170213503106e-01	   2.6659397081875380e-01	   1.0982652380696861e-01	   2.4093975334352463e-01	   1.1354418250985934e-01	   3.6629395640026047e-01	   9.4205248262803756e-02	   5.8870576178935052e-01	   3.6190944073634235e-01	   1.8871591786901473e-01	   2.0849983100324793e-01	  -2.0872168855732978e-01	   4.5326574510001183e-01	   4.2508897124682077e-01	   3.0537808421669149e-01	   7.7895491654963317e-02	   9.4069556380664124e-02	
   4.3250028281279063e-01	  -2.1133776403663838e-02	   2.7309720523430703e-01	  -6.0178424400326384e-02	   4.3175009622333338e-01	   2.0152964683619748e-01	   1.1253431616709215e-01	  -1.7879956146668666e-01	   3.0494280756297698e-01	   1.4693224626801907e-01	   0.0000000000000000e+00	   8.0671543554588698e-01	   1.4419781814020320e+00	   6.9058458229746011e-01	   3.2910743563177558e-01	   1.9388867896230508e-01	   4.4582922500603883e-01	   5.2212717250650686e-02	   3.1178237548693999e-01	   1.6049276303443355e-01	   1.8158665942986407e-01	   1.1576019323749140e-01	   7.5897258803210543e-01	   6.6187973914366161e-01	   6.7636198328028307e-02	   1.2877154841241117e-01	  -7.9404490223191640e-02	  -7.0181927939893238e-02	   1.9257840348049993e-01	   2.6435958085662379e-02	   2.5695228234031986e-01	   1.1600603289501331e-01	   7.4004063377707185e-03	  -3.2734095222095382e-02	   2.5370399834001417e-01	   1.9116651464496101e-01	   1.2424472733452482e-01	  -7.2269055046089367e-02	   3.8465618363279375e-01	  -3.0692768068338351e-02	   1.9493811907377392e-01	  -8.0287089665126848e-02	  -1.1970745189439523e-01	  -3.1547221867992414e-01	  -9.8476042609866005e-02	  -3.2918530734789897e-01	  -6.7622355493403688e-02	  -1.8348740772030386e-01	   1.3192864921537495e-01	  -9.2781386831720145e-02	   3.3563984079624609e-01	  -4.5067408125188418e-02	   7.5068621193827331e-02	  -2.1503416152832213e-02	   1.3323263345511274e-01	  -5.7774186553488663e-02	   9.3066445356163291e-02	   5.7836612465666966e-03	   4.2571098727303763e-01	   3.7812651791646751e-02	   9.4009087548765624e-01	   6.1039332796573320e-01	   3.5866726285640615e-01	   4.4565902558780279e-01	   1.0005588554653271e+00	   4.4987653320417470e-01	   2.0052629439894673e-01	  -1.0866117490501173e-01	   5.7048143080775959e-01	   4.0658163195785885e-01	   2.1761416905102610e-01	  -1.4244362890916429e-01	   1.0013974238593332e-01	  -1.7836596076739536e-01	   2.2613723114326717e-01	   6.1679285184123231e-02	   2.8002392998093661e-02	  -1.2927771825084960e-01	  -1.0703930572393870e-01	  -1.7371938894201627e-01	   2.9347446255916518e-03	  -5.4959933124333907e-02	   2.7917738236006329e-01	   7.0940350704166474e-02	   2.9978181882246713e-01	  -5.1357905774973338e-02	   4.1856950414751559e-01	   1.1603749596917538e-01	   4.6139795708975873e-01	   8.1595990922786993e-02	   3.0761836661990477e-01	   2.2092878902410867e-01	   2.2643154828851436e-01	   2.0983350870349740e-01	   1.6070839136972451e-02	  -2.6983644060027323e-01	   2.7904391231629133e-01	  -1.9944404118945722e-01	   1.2860567856105259e-02	  -2.7667760444294202e-02	   2.0324425730723894e-01	  -2.7130415844757776e-02	   9.2868053285056540e-02	  -1.0528562888099843e-01	   4.2975803496433755e-02	   3.9821104714761975e-02	   3.8741914837617608e-01	   2.3020514902159381e-01	  -1.6119209224324982e-01	  -2.0547018708253352e-02	   2.4864208689699940e-01	  -7.6872749594821418e-02	   1.6446884552602251e-02	   4.7644459181633549e-02	   9.8004337481521320e-02	  -1.3390245375999536e-02	
   1.7484446403717563e-01	   8.1448944039104840e-02	  -1.0164544709331465e-01	  -1.8583527051143793e-02	   2.3800280015475109e-01	   3.8663614036860761e-01	   2.8427278604718476e-01	   2.3562700552156440e-01	   3.9956618182802495e-01	   5.7663473006139787e-01	   8.0671543554588698e-01	   0.0000000000000000e+00	   1.0046347674514726e+00	   1.4780569183384633e+00	   4.1104846614839996e-01	   6.5588768035543221e-01	   1.3847434424400315e-01	   1.2842616271055603e-02	   1.7843233861573998e-01	   1.6533660074505790e-01	   1.9757508983947730e-01	   2.1589657892367778e-01	   1.5548476780049336e-01	   4.9163744256616382e-01	  -2.4637556231814839e-01	   2.4435715996629916e-04	  -8.6960138413830268e-02	   3.3122525809981193e-02	   3.2232989242247817e-01	   2.6061363872466281e-01	   3.0749618222330738e-01	   3.2137351793426527e-01	  -1.1142328056702152e-02	   2.5912940133201584e-01	   1.0997985281851513e-01	   1.6224881993405976e-01	   2.2907843989309323e-02	   6.6138664916341447e-02	   2.4752481458488118e-01	   1.5659599593680290e-01	   5.6583580649918787e-02	  -1.5886298148964466e-02	   1.3661810417913375e-01	  -2.0686338884325160e-02	   1.6815153145686310e-01	  -1.7394521114582923e-02	   1.0082414873562467e-01	   3.9311401976761008e-02	   2.3827645236780026e-01	  -7.3113948876384949e-02	   1.4669439854121616e-01	   4.7546912608477758e-02	   2.5997009978916291e-01	   1.1728987305382872e-01	   2.7914809184788364e-01	   1.8986477690217118e-01	  -7.3096182172113236e-02	   2.0700348557923848e-01	   7.6400455278716572e-01	   3.9416587535909708e-01	   1.1494066645816092e+00	   1.0472564356074880e+00	   3.9276266626683876e-01	   7.5758879401930368e-01	   4.5076739560119583e-01	   4.9476948094149154e-01	   4.2886918746619324e-01	   3.0180290076896998e-01	   2.5145711515643376e-01	   3.2983417964551254e-01	   1.0530234594842862e-01	   1.7547962107611156e-01	   7.4865475023429356e-02	   1.2095022717643765e-01	   2.3466351642265154e-01	   3.6484508978625579e-01	   1.0805904236341757e-02	   8.2171372912718130e-02	  -2.2979542092149902e-01	  -2.5228366735476915e-01	   1.4313400325483164e-01	   7.6839578448571547e-02	   4.2641710355300833e-01	   3.6819987778560176e-01	   2.9474467602833770e-01	  -1.2454614297544994e-01	   2.8099750703982196e-01	   2.5649106095277341e-01	   6.1174004441877261e-01	   2.3774865594467692e-01	   2.7995018745553391e-01	   2.8992309286300721e-01	   3.5088800038410217e-01	   2.2375589562070289e-01	   2.4119517731037307e-01	   4.6137489318569563e-02	   2.6895430205600551e-01	   5.2541685394622326e-02	   2.1434003289473258e-01	   1.0443817119117721e-01	   1.0509443101289237e-01	  -1.5203414377998796e-02	   7.8522310436263329e-02	   1.2216317908110598e-02	   2.1642104036898827e-01	   9.7479392806366333e-02	   4.8996666934033528e-01	   2.0689010814516426e-01	   1.1874445470409234e-01	   9.9332487042011669e-02	  -6.9700853853140163e-02	   1.8581073827084596e-01	   2.9864254079852992e-01	   1.4956678331025886e-01	  -1.9899047722689644e-02	   4.8537048119994125e-02	
   3.8765033945820648e-01	  -8.3995830810376527e-03	   2.9081930652192789e-01	   7.6792168235147770e-02	   5.2340226984217586e-01	   4.1278256553027742e-01	   3.6579186072097186e-01	   9.5184489291547478e-02	   5.0908058706060944e-01	   4.2921304535558913e-01	   1.4419781814020320e+00	   1.0046347674514726e+00	   0.0000000000000000e+00	   1.0083934803499379e+00	   4.0485353162346671e-01	   3.6609009339851628e-01	   2.9977997257672984e-01	   1.0755039823605468e-02	   2.3539081520488087e-01	   2.0625885457897547e-01	   2.1114192417877056e-01	   1.6178068590399619e-01	   6.6606860063060547e-01	   8.5314837146089917e-01	   1.2559343747846979e-01	   2.8056229747560762e-01	   4.1385244035001371e-02	   7.9157109517006774e-02	   2.7747310067342545e-01	   5.8756083805111686e-02	   3.5486883350603254e-01	   2.5859633413306182e-01	  -2.0854413364020667e-02	   5.3330124381448622e-02	   3.4503151955415651e-01	   3.0057099490432670e-01	   5.3877538987962457e-02	  -4.0618013377702641e-02	   3.7576535796056076e-01	   2.8687802677038965e-02	   1.4541493981191270e-01	  -1.0118996473134469e-01	   8.1771320556302349e-03	  -2.3383741227957683e-01	   5.3670877445193339e-02	  -1.6316632571641132e-01	  -1.9122587109219071e-02	  -9.5410076033489749e-02	   2.1934947164679647e-01	  -1.2662927523174097e-02	   3.7751876886804447e-01	   1.3995160799654310e-01	   2.3636431347397074e-01	   2.0425320015439377e-01	   1.7924682956691793e-01	   6.8483415959091312e-02	  -3.7519884640240891e-02	  -3.0351736677710350e-02	   5.9495335587361242e-01	   1.9521484387110705e-01	   1.0861841391698710e+00	   8.1031473807793764e-01	   3.1811238534667402e-01	   5.4044033751357268e-01	   9.2846561291625429e-01	   5.9316928864415019e-01	   4.0026010331549067e-01	   1.2465933944399910e-01	   5.1380695713698454e-01	   4.8075663349342113e-01	   2.7919743383194612e-01	   3.4585978281174122e-02	   1.5533897757881421e-01	  -4.9990164043638013e-02	   2.4516188223683433e-01	   1.2876027832553813e-01	   2.4970550861673262e-02	  -6.4756634488392334e-02	  -1.0407209651465334e-01	  -2.4548421619985772e-01	  -1.3913313896614116e-02	  -3.3037192174464547e-02	   3.2480829254296634e-01	   1.6964997008986299e-01	   3.5176739836652532e-01	   1.7864561109325335e-02	   4.7421175798467141e-01	   2.1440534417488494e-01	   5.2540297436184236e-01	   2.3510979757851963e-01	   3.4255551910034621e-01	   3.2813956526216981e-01	   3.9767379925624297e-01	   3.1748841239168851e-01	   1.0858820274731022e-01	  -1.6156024130351940e-01	   2.0649942355485457e-01	  -1.7088891856518743e-01	   9.0356304899813680e-02	   4.0437046852316652e-02	   2.0003193772638281e-01	  -1.2184107092048294e-02	   7.3631868477295428e-02	  -7.9133576570306272e-02	   1.3388814335894075e-01	   8.4113589490008595e-03	   4.8797222684720992e-01	   2.2203956316270052e-01	  -3.0848583967991242e-02	   4.0858035085534747e-02	   1.1873580859982520e-01	   6.8412089886491612e-02	   1.0808690209979657e-01	   9.4402078868449368e-02	   3.7873347562448353e-02	   5.8083503747846654e-02	
