   0.0000000000000000e+00	   6.3494528415887108e-01	   2.2132316273644420e-01	   6.0294751572943872e-01	   3.6997210689136006e-01	   4.4534121936331705e-01	   2.8533398780570030e-01	   4.9033422880129768e-01	   9.5599216303480422e-02	   3.8860569336525619e-01	   8.8037908236728035e-01	   7.2211198811142840e-01	   6.1599051284183526e-01	   5.6813637211655332e-01	   6.1525466948682894e-01	   6.4850579239014172e-01	   7.4133395094830745e-01	   5.4658181168284337e-01	   5.7634377012950144e-01	   4.0187671632011773e-01	   1.9351689655042592e-01	   2.8046808690836356e-01	   2.4572267135018910e-01	   3.5713607367997952e-01	   7.1397449127920398e-02	   3.4413170663585424e-01	   1.9681335305834480e-01	   3.1590427416428452e-01	   4.9069775048170716e-01	   4.4513499087744229e-01	   2.3798508619251896e-01	   4.2858764689444867e-01	   5.5833483497422987e-01	   5.6912785875410576e-01	   5.7017843835112873e-02	   1.6033361157318432e-01	   5.0525329303717548e-01	   5.8348206321009966e-01	   5.3713251976238818e-01	   5.6183384207704690e-01	   3.8330926216259315e-01	   1.9473943795476528e-01	   3.5502139510037034e-01	   4.8295501115710981e-01	   2.6176015418007714e-01	   3.7242578838203877e-01	   4.4718082611563714e-01	   4.1133633929575020e-01	   4.5686030991733423e-01	   3.6495753448042156e-01	   4.2625015220782270e-01	   4.2122114747139272e-01	   6.9111314685715319e-01	   5.5449777188464200e-01	   5.8876334599979674e-01	   7.2719352961430672e-01	   1.0247750716380999e+00	   4.8563132139965898e-01	   5.0479787269184517e-01	   2.6888855590748234e-01	   6.9781266644331319e-01	   4.9014903015633227e-01	   6.5998893380164703e-01	   5.0159144546952150e-01	   2.0897526437891317e-01	   4.3079091712781653e-01	   1.8352910419187191e-01	   2.6996213064258345e-01	   6.7155518437131878e-01	   3.5618518644058861e-01	   3.7269208775993512e-01	   4.1899752911381538e-01	   5.4544877367304856e-01	   4.9458674697241017e-01	   5.0406375633188616e-01	   4.8264501695557810e-01	   5.4957378185491201e-01	   4.6399856968465958e-01	   6.0678181391283215e-01	   4.8603698226848052e-01	   6.7094862898193031e-01	   6.2674341513567022e-01	   2.0818516044835436e-01	   3.8155142348722987e-01	   4.4525521612407570e-01	   3.7307961887423180e-01	   2.5367182499136720e-01	   3.1682132272625479e-01	   6.0807880443966056e-01	   8.5893453746734871e-01	   1.5177743566752055e-01	   3.5200663090122003e-01	   2.5310295458105814e-01	   1.9056481211705245e-01	   4.3534086161943979e-02	   2.2861316625874245e-01	   4.5118147592910179e-01	   4.2937267549836322e-01	   3.3225277158038757e-01	   5.2923098229616405e-01	   3.2055503109695860e-01	   2.0681788353254948e-01	   3.3941848109830308e-01	   4.1206511317425937e-01	   1.5841375340459102e-01	   6.9953016893035194e-02	   2.6762185532115157e-01	   2.2634242778266656e-01	   3.2720687754159633e-01	   1.1232418432861581e-01	   3.4227191855672967e-01	   4.4162828659411585e-01	   3.8291090090758206e-01	   2.9796621928197881e-01	   1.7953928968801811e-01	   1.4817244423428066e-01	
   6.3494528415887108e-01	   0.0000000000000000e+00	   3.2349804278556515e-01	   4.8828037293240989e-01	   2.4022709004109041e-01	   2.6380404997978912e-01	   1.4801198778483587e-01	   2.8418206036273513e-01	   1.0674489091177644e-01	   2.5423050563135058e-01	   3.8328541323178872e-01	   6.1156139564680578e-01	   3.8843150124629217e-01	   5.0467362475731659e-01	   5.9000088728297173e-01	   5.5125599204223175e-01	   4.1500987537074707e-01	   4.7059566371185269e-01	   3.5009581389925737e-01	   4.4400373269655269e-01	   1.1160542102579955e-01	   1.8305157178440223e-01	   4.8566413600856007e-01	   4.3236360098432414e-01	   3.6285283805905527e-01	   4.7868530313183899e-01	   4.9837033771221412e-01	   4.4621479064750741e-01	   2.0022799304792649e-01	   1.8689113820554945e-01	   1.4332240835866616e-01	   2.7007500986223726e-01	   1.4248101989273398e-01	   1.9350669093412565e-01	   2.1355543056592807e-01	   2.5324767348881783e-01	   7.2236927980859300e-01	   5.9853758791251033e-01	   6.3443801347356588e-01	   6.4731893984936761e-01	   3.7965065745749077e-01	   4.4952714340611311e-01	   1.1862298748404371e-01	   2.2115453038016034e-01	   6.7692618653248840e-02	   9.1872793477314446e-02	   2.6036407456887256e-01	   2.9041913889125315e-01	   3.3180306623431649e-01	   4.3222273159537955e-01	   1.8364424211298286e-01	   4.3586512074899381e-01	   8.1669140614328073e-01	   8.8091862865312243e-01	   4.5176624060924653e-01	   5.6754086873417275e-01	   5.9049848364463164e-01	   9.3097493713857793e-01	   3.0119739674252904e-01	   5.6376620695585844e-01	   2.7417993509807087e-01	   4.0865494597697744e-01	   2.4659112117367454e-01	   3.0077660527665456e-01	   2.1982194966174093e-01	   2.5625124772244828e-01	   6.5355570606366584e-02	   9.6066681018145764e-02	   6.3250136292948189e-01	   6.5454372683801154e-01	   2.9141614606877031e-01	   1.9800330026590357e-01	   2.1699971723238751e-01	   2.3046510354337682e-01	   2.2072048740205455e-01	   2.7605781146169828e-01	   2.8708662666514417e-01	   4.1258252412320617e-01	   3.3776590233804610e-01	   2.7825991887625301e-01	   3.9134733472261629e-01	   2.6339174528398790e-01	   2.8059082124220713e-01	   4.3941250852793812e-01	   3.7286472208683669e-01	   1.3511175797174191e-01	   4.2902330521411947e-01	   4.4656092351294696e-01	   5.6227321926007012e-01	   7.3133543778394683e-01	   3.3301771808911251e-01	   4.9718599338262703e-01	   4.2716167935917704e-01	   3.1863861871367732e-01	   7.7908209910151474e-02	   2.4350318834362175e-01	   3.9011722762132689e-01	   4.2510949907459922e-01	   2.1837491645177379e-01	   4.4910849040462220e-01	   5.1452625298055277e-01	   2.5489796197229925e-01	   5.6985687964377818e-01	   4.2615670626034036e-01	   2.1661055291781692e-01	   2.8394658544963026e-02	   4.5723659488022844e-01	   3.2322916880459363e-01	   1.1497340686043342e-01	   2.3847684970879218e-01	   4.1162302626102870e-01	   3.1596467425515584e-01	   2.0000746267775713e-01	   1.6346629696446618e-01	   3.4462845896834657e-03	  -1.1922946926821348e-01	
   2.2132316273644420e-01	   3.2349804278556515e-01	   0.0000000000000000e+00	   5.8533785889994183e-01	   8.8012525749967407e-01	   9.9411167812107792e-02	   9.0805994989741179e-01	   3.1401980775181104e-01	   2.9401187639811813e-02	   6.0790752737488393e-02	   3.0993151583698997e-01	   2.8605226464457084e-01	   3.0172402385326186e-01	   1.8432504394740856e-01	   6.4647703356092201e-01	   3.9404692667898966e-01	   1.3104362512090811e-01	   1.0231695120366024e-01	   5.5759115951642346e-01	   5.8951714671469713e-01	   2.3525761707874082e-01	   6.7366475473520052e-02	   1.4144961153953668e+00	   7.4836961924898826e-01	   8.1005502838642418e-01	   4.6515538629570641e-01	   4.4464553965320719e-01	   1.3437212971846021e-01	   3.1759494394164794e-01	   2.1244780963609533e-01	   6.7242162068479683e-01	   5.5255833395376552e-01	   4.6217035469610052e-01	   3.2369213224976578e-01	   8.4612350517208856e-01	   5.8088681296687183e-01	   5.0769060454382964e-01	   1.7256080901712362e-01	   5.3374082091600250e-01	   2.0024154660526469e-01	   3.9849013106251024e-01	   9.3527289153770010e-02	   2.6709518748216693e-01	   3.8488513701769322e-01	   5.6224571969254589e-01	   3.8223320740251882e-01	   2.9331538603456181e-01	   3.0902245707745379e-01	   5.3494377679413896e-01	   3.5197399906878324e-01	   6.2960028426211545e-01	   3.2644186458675639e-01	   4.6253050321727651e-01	   4.3691575803178556e-01	   4.3241060515652052e-01	   5.0329174093903828e-01	  -9.9074396030079045e-02	   1.2424151203650048e-01	   2.4309154632443192e-01	   1.2377508473512133e-01	   1.9661920635835756e-01	   9.2495192113854513e-02	   1.4012307836077906e-01	   2.4941338889025927e-01	   1.0248557202830360e+00	   3.0638578768635316e-01	   6.9488896502574438e-01	   4.9888691385021433e-01	   7.8645361941850789e-02	   2.3787441458943509e-01	   3.5238552252604088e-01	   9.9054302236046693e-02	   2.9085358503270142e-01	   1.1306778178097861e-01	   2.7709144727066604e-01	   1.3379719696282533e-01	   2.7636144718080019e-01	   2.6745038423682999e-01	   5.1245063066062926e-02	   1.2528954281093707e-01	   1.7793406269020479e-01	   2.6040420890202542e-01	   6.1306194597644759e-01	   2.6905702813182814e-01	   8.6447545752328736e-01	   4.3159816094925918e-01	   4.2013385120751912e-01	   2.7519892161675163e-01	   3.7200303389754114e-01	   4.5409610172679604e-01	   4.1229643090251100e-01	   6.5033544456236692e-01	   6.1512129652392011e-01	   9.4063300239360159e-01	   1.2507770329140294e-01	   5.7574273206181248e-02	   4.7723192233476441e-01	   2.5387519687043991e-01	   3.4196631968609981e-01	   5.7379409728170527e-01	   3.6115095144823017e-01	   8.2264747986661280e-01	   4.6479167503566687e-01	   7.3704520524591144e-01	   1.1575792309815458e-01	   2.5801009222165716e-01	   2.1258772361789371e-01	   2.1908938837705327e-01	   6.6635410811760998e-02	   1.6721753983053028e-01	   4.3705770900593366e-01	   4.0027488856269461e-01	   3.3300290019872031e-01	   3.3409699477278898e-01	   2.0514051112138254e-01	  -1.2633777279531977e-01	
   6.0294751572943872e-01	   4.8828037293240989e-01	   5.8533785889994183e-01	   0.0000000000000000e+00	   8.0376843302665546e-01	   6.8355986267015068e-01	   3.8985438865183292e-01	   6.7370720786596661e-01	   3.4210644227503256e-01	   5.2289992852527656e-01	   7.0713373770330679e-01	   7.9783424133566938e-01	   5.7250782989347127e-01	   7.1640729159596961e-01	   7.7226189058552974e-01	   8.5299411762635602e-01	   3.8120852891550794e-01	   6.5551661709737849e-02	   4.2764659032038854e-01	   5.4083351004483471e-01	   3.1133748300733444e-01	   3.6546365072132597e-01	   6.3842473031377167e-01	   9.5131852802757177e-01	   6.5625293171840027e-01	   7.9693967999976356e-01	   6.2231969934814491e-01	   6.2117225732086689e-01	   2.8614339751591339e-01	   1.7816045052824089e-01	   3.0505039636308451e-01	   4.9562789701922083e-01	   3.3260408035576111e-01	   4.2287279840062419e-01	   4.3277581154774086e-01	   6.3350406182165142e-01	   3.9994345185762514e-01	   5.1536707158171580e-01	   3.3646838573817928e-01	   4.2290983798577048e-01	   2.1426409371602559e-01	   9.7110881903714530e-02	   4.3962329405234790e-01	   5.8915564554306232e-01	   4.0874785572751299e-01	   4.5700661486723093e-01	   4.7892517046405825e-01	   5.2509475079771173e-01	   5.2743885822905034e-01	   5.2891365223268294e-01	   5.6077155671053169e-01	   6.6401848947272579e-01	   5.1085408366349860e-01	   5.1139900782803449e-01	   5.4395789485866031e-01	   6.7223821021354957e-01	   1.8511499582183549e-01	   1.8323327716040910e-01	   1.5917968775109448e-01	   3.7577731788461088e-01	   2.0594984166932120e-01	   4.0069872974124132e-01	   1.5500052040546772e-01	   1.2348470900263683e-01	   4.8845994493666312e-01	   9.1848258911317815e-01	   3.2100294488917780e-01	   6.0985117313360859e-01	   4.8603240881636683e-01	   4.9089975604189440e-01	   2.7313141224803272e-01	   3.0343667134143182e-01	   3.0397726509001616e-01	   2.5203485954845078e-01	   3.2181149865705261e-01	   2.2790260579887017e-01	   2.8583305952590771e-01	   3.3134811814722298e-01	   3.5892212257689227e-01	   1.8824778302655495e-01	   4.8782896471090864e-01	   4.2770711575260556e-01	   3.5878422115718700e-01	   3.6125844371147420e-01	   5.8220004076834619e-01	   5.7741802858952274e-01	   3.9147351123648177e-01	   2.5477351866023168e-01	   4.5130795659667639e-01	   7.6758208274153494e-01	   5.5713596019228406e-01	   6.7762513532726243e-01	   7.1258049787559385e-01	   5.5374984768197533e-01	   2.9204819750147953e-01	   3.5409755124842546e-01	   7.6847940781035573e-01	   6.9845150216073792e-01	   4.6870773858231102e-01	   7.3183238170218234e-01	   3.4357971914081742e-01	   3.4479478207223613e-01	   4.0600194536340239e-01	   4.5143775324676350e-01	   3.0427242720342296e-01	   2.2721484688024660e-01	   2.9157669986950224e-01	   2.3483679339609276e-01	   3.2560074968851171e-01	   4.8334524812172475e-01	   7.1636885724622390e-01	   7.2787067853483323e-01	   6.0221841241877905e-01	   4.1586677016306473e-01	   2.3976761495344284e-01	  -1.2160048605919942e-01	
   3.6997210689136006e-01	   2.4022709004109041e-01	   8.8012525749967407e-01	   8.0376843302665546e-01	   0.0000000000000000e+00	   7.5754615842759565e-01	   9.4896975142120887e-01	   7.5694225337441112e-01	   4.9527851905875986e-01	   6.6166710460334877e-01	   5.0423428524048175e-01	   3.6106534150662462e-01	   4.7879196005836377e-01	   3.1028163993425817e-01	   8.8267643193512535e-01	   5.9522899878719482e-01	   2.6033882164429162e-01	   1.2940105667304522e-01	   5.0825975694465297e-01	   5.1159064266043175e-01	   5.1337766901343174e-01	   4.7141250342112517e-01	   6.4246083874340998e-01	   4.3524816265385646e-01	   5.1288031806407153e-01	   4.8418258045441664e-01	   3.7206971827373797e-01	   2.8663876950486505e-01	   4.7062571694048499e-01	   3.1768357534509561e-01	   4.7026228964212330e-01	   3.7023656926771364e-01	   4.4374862459364878e-01	   3.9678924363912477e-01	   4.2645250724973588e-01	   4.3666336286419749e-01	   2.9349198050310776e-01	   1.1449803120301566e-01	   2.0582121310639262e-01	   2.5713656335370864e-02	   3.3319750119138991e-01	  -2.2435839737404723e-02	   3.4105755900473572e-01	   5.1104237135956332e-01	   6.3195410876744806e-01	   6.1326148366994837e-01	   3.6087481663568971e-01	   4.1715302338177873e-01	   6.5746833930703730e-01	   6.0459951768745945e-01	   8.1022744154761317e-01	   5.8843891820044247e-01	   5.4403742318990456e-01	   5.3769201332622385e-01	   3.0333442918328318e-01	   4.9685417013780242e-01	   4.6372231367434224e-03	   1.0339249364809572e-01	   3.1718422280418251e-01	   3.0813181686265567e-01	   3.8161273748501656e-01	   4.4216316779182818e-01	   9.8574852555226092e-02	   2.6776117542140243e-01	   7.7650148501729011e-01	   5.0092414617437042e-01	   6.6701893958293756e-01	   6.6725796284389316e-01	   2.3467499355112204e-01	   3.3896135913899922e-01	   4.6056390269869940e-01	   3.3231939061860255e-01	   4.8874429175460055e-01	   3.3360647262583459e-01	   5.5646872895999744e-01	   3.8829255884027097e-01	   4.0430862314257610e-01	   3.3929836212127396e-01	   2.8128372829697840e-01	   2.4221406066570880e-01	   3.5962914272111046e-01	   3.5629704989792177e-01	   4.9367560611135908e-01	   3.0953230745170324e-01	   5.3931681249541341e-01	   2.3848867797093787e-01	   8.1311820245255462e-02	  -1.0595984679848430e-01	   3.0786607558538770e-01	   3.7404904786679161e-01	   5.0819763229205117e-01	   7.4650463717610183e-01	   5.1896496480797905e-01	   8.1928555348991372e-01	   2.6504728548889617e-01	   1.0256425937519431e-01	   5.3361191924161266e-01	   3.7605770970923597e-01	   3.7327095025957774e-01	   7.6357254959204623e-01	   3.2196222438539884e-01	   6.4928150308428767e-01	   5.3976049836219409e-01	   7.0371823310128978e-01	   2.5439010839394161e-01	   2.7843173388424269e-01	   1.7040586232965527e-01	   3.9759963717996222e-01	   2.4211372948343440e-01	   2.1193115732484724e-01	   4.9395526176221338e-01	   5.5229306663798128e-01	   6.0282418765815138e-01	   5.6808028563695212e-01	   3.9042395297628202e-01	   6.8596719325704839e-02	
   4.4534121936331705e-01	   2.6380404997978912e-01	   9.9411167812107792e-02	   6.8355986267015068e-01	   7.5754615842759565e-01	   0.0000000000000000e+00	   3.4665079456890835e-01	   8.9236284133761157e-01	   6.1293835359190108e-01	   1.4195120805992942e+00	   5.6770438820022218e-01	   4.6021917206462265e-01	   6.1211410775952646e-01	   6.6108361994471521e-01	   6.5325886004112066e-01	   7.3846864554155789e-01	   4.3324287683148960e-01	   2.1234623377596060e-01	   2.3378073614067912e-01	   2.3632184035466414e-01	   5.6800797566797911e-01	   8.1218448653311792e-01	   8.2607522515395965e-02	   1.7986054801059995e-01	   1.4802418477596810e-01	   5.2328007170298174e-01	   1.9307174925514450e-01	   4.6686295973439423e-01	   4.4021204379862711e-01	   3.8867493436105438e-01	   2.1074865696233058e-01	   2.7962614184888690e-01	   2.2755656104080879e-01	   3.1958755853930315e-01	  -1.2527515717192197e-01	   1.1567138760365545e-01	   1.1289062674101383e-01	   2.7437575378742907e-01	   2.7888560685842421e-02	   1.5550902622641366e-01	   1.7243250131395818e-01	   1.4255670472625337e-01	   1.6254971543773736e-01	   3.4113489746568787e-01	   3.0167978320978478e-01	   5.1396877178360256e-01	   2.3713374587333269e-01	   2.9240040743099843e-01	   4.8760121006819657e-01	   6.7394223066779180e-01	   4.1221184436545433e-01	   6.8608687115688449e-01	   4.6799609506374673e-01	   4.3031059218638334e-01	   1.7935772204552919e-01	   3.3414201697500806e-01	   2.0668407608595121e-01	   1.6563063200564390e-01	   2.6833711533902305e-01	   5.2259516406699114e-01	   4.1762481956028380e-01	   6.9974825741666369e-01	   1.3399324543893509e-01	   2.1026160052286669e-01	   1.0096100637293344e-01	   4.9433410739913874e-01	   2.0102242624772740e-01	   4.2193483515221641e-01	   3.8982596455936858e-01	   4.2684028767499055e-01	   3.6879655135124390e-01	   5.4086682364572303e-01	   4.6815387127207275e-01	   5.3918855177272229e-01	   4.7911323927523430e-01	   4.8808356116337687e-01	   3.5966690291956516e-01	   3.4986591507841674e-01	   3.8851670673931166e-01	   2.7178513566111284e-01	   3.6885536638882976e-01	   2.1042368777980211e-01	   2.3605825749287906e-01	   3.4867093267867494e-01	  -2.4055819636962700e-02	  -6.9684095456357245e-02	  -1.2742459758158209e-01	  -3.3478620604479936e-01	   2.6599127507201137e-01	   3.1353004298748588e-01	   3.9747223078676153e-01	   4.5154665470985794e-01	   1.9835348250689785e-01	   2.0946264918367147e-01	   1.6964313041142043e-01	   1.3458539522882487e-01	   3.6609167706582546e-01	   4.7025704752747183e-01	   2.2548214457064814e-01	   4.5674832281958366e-01	   1.9495060040591300e-01	   1.5850974697220835e-01	   3.4322864481955806e-01	   3.0034451702786508e-01	   2.2797432468693624e-01	   1.0844030365781604e-01	   9.7206343320145494e-02	   4.0280372860023989e-01	   2.2524651484696301e-01	   1.5659995485008493e-01	   4.0041878358465716e-01	   4.2821426539883523e-01	   5.3513232685307399e-01	   4.8089563367921406e-01	   2.5643448657020967e-01	   4.7915931039308635e-02	
   2.8533398780570030e-01	   1.4801198778483587e-01	   9.0805994989741179e-01	   3.8985438865183292e-01	   9.4896975142120887e-01	   3.4665079456890835e-01	   0.0000000000000000e+00	   8.0630021394912499e-01	   1.0797117454843722e-01	   3.6277274630006251e-01	   4.1788124887811401e-01	   3.4422735952962935e-01	   4.1762813591432296e-01	   2.9907668090972578e-01	   5.3711985984224397e-01	   4.4505769252187999e-01	   2.9385551903857632e-01	   2.4357424078194728e-01	   5.9121697320461231e-01	   4.7134965409180107e-01	   2.8721117313713912e-01	   1.7329450037833238e-01	   5.7246561223966341e-01	   3.1764955186748745e-01	   1.3226627082119477e-01	   1.1101058027348348e-01	  -1.1781958239116018e-01	  -1.9485037557733242e-01	   6.7224679228870277e-01	   5.9174939060491771e-01	   6.3219836934265128e-01	   4.4157890884501627e-01	   6.7541889445650460e-01	   5.6329165084456423e-01	   2.8281936952786318e-01	   2.5312813165708087e-01	   3.5671360548579306e-01	   5.6383331995402755e-02	   3.1835172553446528e-01	   5.4404783517715098e-02	   4.1687494094553684e-01	  -3.2482469955407614e-02	   3.4176293514777506e-01	   4.8937139183331313e-01	   7.7210135695985549e-01	   6.8787548769630158e-01	   3.6194804536856623e-01	   3.5935919155523416e-01	   6.1650467433176415e-01	   4.3332289717188222e-01	   7.3627532528782225e-01	   2.5530746825096839e-01	   5.4205189522831176e-01	   4.2741298774036551e-01	   3.2352201340716485e-01	   4.0933821754463673e-01	  -6.5792237587523728e-02	  -2.0730407608570032e-03	   3.9252914379346826e-01	   3.7354346279053763e-02	   4.4217315943905033e-01	   3.2087730834949529e-01	   2.2573713703511580e-01	   5.5127119619390208e-01	   7.0529614363779203e-01	   1.4606214493365016e-01	   5.9823655727176561e-01	   3.9645114319503894e-01	   1.8654959165355520e-02	   1.0154021782681247e-01	   5.7763026641138948e-01	   2.9065662685958810e-01	   6.2249999292375335e-01	   3.9797934280980302e-01	   5.3995353255843304e-01	   4.5459728534056409e-01	   4.0968908378217028e-01	   2.9927043020656635e-01	   2.0304514752058891e-01	   2.9784077024771882e-01	   2.8159861908868089e-01	   3.7503260657392362e-01	   5.0994664680289259e-01	   2.8037484363635801e-01	   4.1794704967507340e-01	   1.2563387722948124e-01	  -4.4179380040070427e-03	  -9.6451903096948371e-02	   2.0390525983903518e-01	   2.6538901529178460e-01	   2.8225680944625564e-01	   4.5825116755654643e-01	   2.8700472220922119e-01	   5.2455856070982776e-01	   1.5149609645976470e-01	   1.3167947880004358e-01	   3.8624765962438767e-01	   1.8824152576885431e-01	   3.6883289588816814e-01	   5.6510435343874366e-01	   3.7219825027648007e-01	   6.1678646659630709e-01	   3.9381604371518014e-01	   5.3276449617608357e-01	  -1.2200301640850375e-01	  -9.0693196362230014e-02	   5.9307892520391890e-02	   3.8081501089994273e-02	   2.1047762924163566e-01	   3.2321301796351086e-02	   2.3065196431232601e-01	   3.7494201732328541e-01	   3.9226186811915986e-01	   2.7250125132004160e-01	   1.9040120560727580e-01	   4.8834212439631236e-02	
   4.9033422880129768e-01	   2.8418206036273513e-01	   3.1401980775181104e-01	   6.7370720786596661e-01	   7.5694225337441112e-01	   8.9236284133761157e-01	   8.0630021394912499e-01	   0.0000000000000000e+00	   3.2552849723751920e-01	   1.0193734137813775e+00	   5.8994368030155919e-01	   7.0319830255316484e-01	   5.2716764650420411e-01	   6.7940483801752427e-01	   5.5081683920038838e-01	   6.4299006127057490e-01	   4.4338231126385541e-01	   2.6723348623731219e-01	   3.1878404806420546e-01	   2.6312578303880763e-01	   2.7170755569590682e-01	   3.6605435432431649e-01	   2.1805858314453688e-01	   2.3262807179385897e-01	   2.3649779603778839e-02	   1.7784909105504995e-01	  -1.0982314328747801e-01	   7.9416606262094885e-03	   5.4827089146205144e-01	   5.3059487009140005e-01	   3.3635087968901223e-01	   4.0290595172029797e-01	   4.5125986465251944e-01	   6.1122079458378575e-01	  -4.6300742307093579e-02	   1.2072280189917022e-01	   2.8211853062774916e-01	   1.9289695983961797e-01	   1.5549745027071638e-01	   1.3939232864358533e-01	   1.6931170268668183e-01	  -5.9370732977436211e-02	   3.9075355850743726e-01	   5.6424037326135745e-01	   5.3345199138291244e-01	   7.2422881002917694e-01	   4.3205074669624927e-01	   4.8114572696579683e-01	   6.5978026663706157e-01	   7.7615256814107225e-01	   6.7661811354839596e-01	   5.9204772421340313e-01	   6.4514105961631174e-01	   5.8680627646867289e-01	   2.8169279531015046e-01	   4.6678545228009766e-01	   1.3200774976219953e-01	   1.6481283692105558e-01	   3.9492302765064086e-01	   3.3541276821697563e-01	   4.4331449320965283e-01	   8.4581814964444590e-01	   1.4231401246144834e-01	   4.3188139340019321e-01	   3.1981507088262723e-01	   3.7493411024100320e-01	   2.8412129491037330e-01	   3.5056992324955122e-01	   2.4106307749445466e-01	   2.9395154061356532e-01	   6.6880437748417731e-01	   5.4588892374360309e-01	   5.6783184780994034e-01	   5.1931240836273096e-01	   5.4551839028694826e-01	   6.4391338439681056e-01	   4.9319257654818482e-01	   4.6458897199565863e-01	   3.6017419672006890e-01	   3.1747776845110809e-01	   4.0372909890081526e-01	   2.9945748297676011e-01	   2.6409096988221958e-01	   3.0470418021824219e-01	   6.9267546748871756e-02	  -7.1515067520255382e-02	  -1.4251945001606448e-01	  -2.6961512269683185e-01	   1.1820502743781655e-01	   2.5463240295607392e-01	   4.1122938693491951e-01	   4.8603495059674739e-01	   2.7635915351530704e-01	   3.1567528462419231e-01	   1.7991097346574000e-01	   1.8668152931834608e-01	   4.2681807446056869e-01	   3.3254752447292679e-01	   3.8041532935994027e-01	   6.1502636632136842e-01	   3.8692104276860401e-01	   3.6155462986870490e-01	   4.3970286770017009e-01	   4.1315226099958624e-01	   7.9995947523019542e-02	  -1.0139433891588721e-01	   1.6403277496783542e-01	   2.2818579020053020e-01	   2.9633224990000367e-01	   2.5169964951639572e-02	   3.3469494369570846e-01	   4.4677133484933385e-01	   5.3459604353102563e-01	   3.6846552684540085e-01	   2.4165131681868052e-01	   9.9742213867503995e-02	
   9.5599216303480422e-02	   1.0674489091177644e-01	   2.9401187639811813e-02	   3.4210644227503256e-01	   4.9527851905875986e-01	   6.1293835359190108e-01	   1.0797117454843722e-01	   3.2552849723751920e-01	   0.0000000000000000e+00	   6.1479969496068310e-01	   1.0559269761279094e-01	   2.6082750139976763e-01	   8.8137361074245940e-02	   2.1593231280366554e-01	   3.8245509164725283e-01	   2.8278681451478144e-01	   5.1924074900844511e-02	  -3.8288764695946158e-02	   1.1180319230021367e-01	   1.5359331454988906e-01	   6.2279505055856321e-01	   6.2231394410801510e-01	   2.0905756903268610e-02	   9.9566477498781933e-02	   2.3140867534116022e-01	   4.2871006629061653e-01	   3.1266854473632838e-01	   4.6064682241110744e-01	   1.0750990959947820e-01	   7.1128954368920749e-02	   1.3781572898696812e-01	   1.1623238576896976e-01	   9.6281757549724553e-03	   1.0111513857802738e-01	  -9.2039848533027768e-02	   5.1441925397681623e-02	   5.0736177737875303e-02	   1.2582346942203559e-01	  -1.4120747616131607e-01	  -4.5589869743984671e-02	   5.0311472798742200e-02	   4.8371589880697403e-02	   2.2941662053373008e-01	   2.3015570867452717e-01	   1.6601109310159518e-01	   2.6275434663901703e-01	   2.0466712405114909e-01	   2.7261687764686493e-01	   3.7820646748850489e-01	   5.1769222951869309e-01	   2.1289438720885476e-01	   4.3304503016732154e-01	   2.0917003785820784e-01	   2.1459131369286008e-01	   2.7802278438520227e-02	   2.4137833263932915e-01	  -5.3418675646192140e-02	   4.6579801839075542e-02	   2.9901696350614787e-01	   5.0553458962607967e-01	   1.9037296848184268e-01	   3.5354038090682610e-01	  -5.0021970204732549e-02	   8.8598913848785946e-02	   6.7303051875143008e-03	   1.7212736149470731e-01	   2.2965873059004996e-01	   3.7067377641695265e-01	   1.5263221900366605e-01	   1.6581176681630846e-01	   1.8636777353346590e-01	   2.7681433067836875e-01	   1.2817011949746576e-01	   2.1204831094083640e-01	   2.2362994282607004e-01	   2.1458381827146522e-01	   1.6872361638061395e-01	   2.1726305148651084e-01	   9.1390066314291432e-02	   1.7095253143941409e-02	   1.2797063188339813e-01	   6.8870287599391178e-02	   1.7958907136203964e-01	   2.6985068936351331e-01	  -2.5408112224271025e-02	   2.3959951333015487e-02	  -1.7948603274664443e-01	  -1.4139090667325196e-01	  -5.6832275839256992e-02	   1.0775576489011768e-01	   1.6142074790527586e-01	   2.3076923352668291e-01	   9.9144243120030340e-02	   1.2249997022469848e-01	   1.9754161108727958e-01	   6.7363403018694673e-02	   1.5775299951983293e-01	   1.9587427946453828e-01	   1.4679033346546619e-01	   2.4305600741584957e-01	   5.1912074510343562e-02	   2.4124130278416700e-02	   2.3878202961648398e-01	   1.8558179361858221e-01	   4.3509927088164962e-01	   3.3943855694250952e-01	  -4.5193700279103119e-02	   3.5957435417545430e-01	   1.0090476378286076e-01	  -3.0515233616980157e-02	   1.8659827555129518e-01	   2.6979881567157937e-01	   3.6083395853283234e-01	   4.6026220674436991e-01	   3.6781958527674330e-01	   2.9266133919241660e-01	
   3.8860569336525619e-01	   2.5423050563135058e-01	   6.0790752737488393e-02	   5.2289992852527656e-01	   6.6166710460334877e-01	   1.4195120805992942e+00	   3.6277274630006251e-01	   1.0193734137813775e+00	   6.1479969496068310e-01	   0.0000000000000000e+00	   4.4412641411584075e-01	   4.4267927465931362e-01	   5.5105533006873830e-01	   6.0809715474568082e-01	   7.0127885622889385e-01	   6.6522193391181994e-01	   3.1026188088108048e-01	   2.2159614836776914e-01	   1.6140664781423703e-01	   1.9490497709983762e-01	   3.7984295714824839e-01	   5.5277742573832278e-01	   4.7260015944892160e-02	   6.0859524977186094e-02	   6.5578275827501670e-02	   3.1735549903975685e-01	   8.8207003579361287e-02	   2.4718645448842386e-01	   2.9354995335036244e-01	   2.8126568779113492e-01	   8.4686190291650296e-02	   1.3190209184080232e-01	   1.6998366821332606e-01	   2.7737352462041548e-01	  -1.9333857262992490e-01	   2.6119622598327934e-02	   1.0159257163418724e-01	   2.0733080560420111e-01	  -1.5714214716388477e-02	   8.0577888231461184e-02	   1.0639316696717133e-01	   9.1366992424993479e-02	   1.1431168853505926e-01	   2.7315413063295135e-01	   1.8716883742304563e-01	   3.6723514375116800e-01	   1.5846003248733379e-01	   2.3132671786347281e-01	   4.7123947029293306e-01	   7.3008736574034871e-01	   4.2450535323039079e-01	   8.0768809859291135e-01	   5.2270284437568693e-01	   5.5752839096492002e-01	   1.0536140497931247e-01	   2.7550991162001581e-01	   1.8291866006973165e-01	   2.8109892752494237e-01	   2.9654759127697355e-01	   6.2715107833371286e-01	   4.6714461260935114e-01	   1.0874685339141859e+00	   3.5850839046524126e-03	   2.2753886386475361e-01	   1.4006511454011511e-01	   4.6729208373483999e-01	   1.1219679665264437e-01	   2.4938135183725491e-01	   3.8458296707361950e-01	   4.6821348223464904e-01	   3.2310512171941475e-01	   3.9621026943162896e-01	   3.2798043724039799e-01	   3.9804870723217944e-01	   3.4851640173658072e-01	   4.3558467904858039e-01	   2.5683665780353476e-01	   2.6172144087262528e-01	   3.1875386306115955e-01	   2.4055455021131888e-01	   2.6875795130243185e-01	   1.0756408674562692e-01	   1.5397650571352256e-01	   2.4654491958336805e-01	  -1.0122839064079038e-01	  -2.6408498771539468e-01	  -2.5814839680999735e-01	  -4.9937912155239550e-01	   2.3864161380328924e-01	   1.9900106792602512e-01	   3.9760898833439245e-01	   4.7403538141826829e-01	   1.9010493795526298e-01	   2.6141828458417993e-01	   2.2786965520209213e-01	   1.3137984541671271e-01	   2.7496680291639886e-01	   3.5856713849341293e-01	   1.6857814786727199e-01	   4.3554795500654037e-01	   3.2589176068148679e-01	   2.0873080008924078e-01	   4.8330344535378866e-01	   3.6082691662759608e-01	   2.9167341839389649e-01	   1.4731193513801136e-01	   1.9450974072492017e-01	   5.2815779031103416e-01	   2.2659648074097316e-01	   4.3491419850067263e-02	   2.7345362088013841e-01	   2.8576051638908018e-01	   4.6889139409761016e-01	   5.3137890981467284e-01	   3.1885110254206295e-01	   1.7614998760442938e-01	
   8.8037908236728035e-01	   3.8328541323178872e-01	   3.0993151583698997e-01	   7.0713373770330679e-01	   5.0423428524048175e-01	   5.6770438820022218e-01	   4.1788124887811401e-01	   5.8994368030155919e-01	   1.0559269761279094e-01	   4.4412641411584075e-01	   0.0000000000000000e+00	   8.4577648107590020e-01	   1.4058667498438013e+00	   8.7261534616498881e-01	   6.5669508124319931e-01	   7.8745611051714015e-01	   8.5373625092709471e-01	   4.7347106192266408e-01	   3.8407063546083220e-01	   3.0363516044724231e-01	   2.3962294166631870e-01	   2.8474385639354505e-01	   2.8077760595377488e-01	   3.8553117276931304e-01	   1.0621120652404775e-01	   3.7501051787940387e-01	   1.6680260827913318e-01	   3.3363320093554222e-01	   6.7138494447583608e-01	   6.0065939782517042e-01	   3.9391673228499219e-01	   5.4905789839794450e-01	   5.7233003751364686e-01	   5.8532245275186601e-01	   1.8674313334965848e-02	   1.4528867738264675e-01	   4.5327676373983106e-01	   6.6183303684508921e-01	   5.0725321254151456e-01	   5.5098103643000718e-01	   2.6493911838376538e-01	   3.3445344843184323e-02	   3.5946296566352720e-01	   4.7063801279928158e-01	   2.8646310537227188e-01	   4.2705727569686835e-01	   4.6146141531348828e-01	   4.3414444353231807e-01	   4.9282143620329388e-01	   4.1574875818602686e-01	   5.5976750861738034e-01	   4.9501175605691766e-01	   5.8159726532403688e-01	   3.9194615664908888e-01	   6.1634606271158698e-01	   6.7033223035417977e-01	   4.5608163296716298e-01	   2.5158689961469499e-01	   3.6355742150344655e-01	   2.2968472259845224e-01	   6.8845241945539470e-01	   5.1193220112163085e-01	   6.6824488711717933e-01	   4.7084103722313114e-01	   1.9402891359940208e-01	   4.6362866157074034e-01	   1.8704558848974828e-01	   3.1372667269001692e-01	   3.8200245738799965e-01	   2.5987204753434823e-01	   4.9714197035479024e-01	   4.9929558403636565e-01	   6.4519374632243776e-01	   5.6849290035665878e-01	   5.8099616118443975e-01	   4.7331477290133395e-01	   6.7091103173517208e-01	   5.6336893400769217e-01	   4.9770057861453010e-01	   4.8426107111179878e-01	   6.2172785785332840e-01	   5.9108399037983861e-01	   2.4000591603821886e-01	   3.9813544255822031e-01	   3.2742339789919056e-01	   3.3611482171201307e-01	   1.3521646499547976e-01	   1.6074413325179346e-01	   5.0673119176253945e-01	   6.2726677117131413e-01	   1.5921489307681447e-01	   3.1160919799634307e-01	   1.8418518971814812e-01	   1.4517428720714032e-01	   1.3034366775802270e-01	   3.0219641132818315e-01	   5.8914551653195191e-01	   4.9763158599459106e-01	   3.3162361752473435e-01	   4.9516938814256672e-01	   2.3106972322354385e-01	   1.3689137550486635e-01	   1.8500894958579819e-01	   2.1384473008309191e-01	  -1.8958279626170849e-03	  -1.5998488647992110e-02	   1.7084788788662317e-01	   7.2794777377493652e-02	   4.0671353720886327e-01	   2.6110099623803701e-01	   4.3439696644054238e-01	   4.8028040007471384e-01	   4.3945926362304727e-01	   3.2298195424728515e-01	   2.5596434722532635e-01	   1.2044820135263909e-01	
   7.2211198811142840e-01	   6.1156139564680578e-01	   2.8605226464457084e-01	   7.9783424133566938e-01	   3.6106534150662462e-01	   4.6021917206462265e-01	   3.4422735952962935e-01	   7.0319830255316484e-01	   2.6082750139976763e-01	   4.4267927465931362e-01	   8.4577648107590020e-01	   0.0000000000000000e+00	   6.0621585955678559e-01	   1.2967778423557901e+00	   5.8917917636940476e-01	   9.4212979631092364e-01	   6.3703640057427180e-01	   3.7360520665574642e-01	   3.8357299266826189e-01	   4.3505803221245609e-01	   3.4401933277476271e-01	   3.8039029874423258e-01	   3.8437736836478004e-01	   6.3240217721056757e-01	   2.4581546907731927e-01	   4.4097555810952749e-01	   2.9142454292004749e-01	   4.3559424816723968e-01	   5.2170907438229963e-01	   5.2323450596657917e-01	   4.0049167583581607e-01	   6.3741989675743937e-01	   3.4080221134918987e-01	   5.1901753024993247e-01	   8.8268476401365467e-03	   1.3105160322611381e-01	   6.4236380971190299e-01	   6.5627015997941229e-01	   3.6976672858725929e-01	   5.3478583344179609e-01	   2.5428123675572223e-01	   1.5584219730852342e-01	   3.7315524804227562e-01	   4.7271397079822042e-01	   2.7269928300620810e-01	   3.8070766812030993e-01	   4.4988169614183010e-01	   4.5678404248238402e-01	   6.4515319230797186e-01	   6.3404979580557896e-01	   5.1581354478657149e-01	   6.2905680311806966e-01	   7.7027646414082929e-01	   5.1158933354928093e-01	   5.5314962953900348e-01	   6.5504241414457720e-01	   3.6533728740391613e-01	   3.5108737616621827e-01	   5.1952410504467883e-01	   4.4973893130540832e-01	   4.6043480623875738e-01	   5.5515309738915986e-01	   4.9465733063263240e-01	   5.2708016968484861e-01	   1.0182946442313764e-01	   3.7066740997236053e-01	   2.1341735157232636e-01	   3.3901785309156840e-01	   3.6502537440791932e-01	   3.0825741422036085e-01	   5.2108427283990011e-01	   5.4703092377692442e-01	   5.5624107229320197e-01	   5.3407150252936320e-01	   4.9118194434312124e-01	   5.0339267637689744e-01	   5.1591262216484279e-01	   5.8157432681553201e-01	   3.5655252570908325e-01	   2.5829836147209845e-01	   4.9822432764192537e-01	   4.1595174661986944e-01	   2.7369916583477927e-01	   5.1493430742783786e-01	   3.0944673059707978e-01	   4.0207761564756977e-01	   2.7349614318258547e-01	   3.6473721656934444e-01	   4.1972212586863161e-01	   8.6060943462235362e-01	   2.3024477951124889e-01	   3.2963597534204964e-01	   2.5150524297280746e-01	   1.5866119559952799e-01	   2.3377332463245920e-01	   4.0655710762095726e-01	   5.1133907126307743e-01	   4.6140730363169924e-01	   3.5899129154712933e-01	   4.6252944251686567e-01	   3.3388354011940874e-01	   2.1273328572711564e-01	   3.8959129862730635e-01	   3.7152127578413419e-01	   3.1140917464261553e-01	   1.9584706274673361e-02	   3.3232151032070079e-01	   1.4189334531015177e-01	   3.0601338183668420e-01	   1.7985233773631468e-01	   3.5939002111767387e-01	   4.1522358690393774e-01	   3.7013064200206475e-01	   3.1413962209762702e-01	   3.1240457342106209e-01	   1.0265738510260887e-01	
   6.1599051284183526e-01	   3.8843150124629217e-01	   3.0172402385326186e-01	   5.7250782989347127e-01	   4.7879196005836377e-01	   6.1211410775952646e-01	   4.1762813591432296e-01	   5.2716764650420411e-01	   8.8137361074245940e-02	   5.5105533006873830e-01	   1.4058667498438013e+00	   6.0621585955678559e-01	   0.0000000000000000e+00	   8.3718516767853568e-01	   7.0639173532458344e-01	   7.0129792145330805e-01	   6.2907231769825100e-01	   3.7402166521463404e-01	   2.3428724977971607e-01	   2.1521598617754650e-01	   2.2973627422054521e-01	   2.6479821834010636e-01	   2.1616281217679242e-01	   2.3600197450789540e-01	   8.5409137979016836e-02	   3.0520804733423845e-01	   1.8264953007132681e-01	   3.4187228733322811e-01	   4.8365629266350252e-01	   4.3714396589155197e-01	   2.2099050416144281e-01	   3.0657261417263804e-01	   4.0340063568389350e-01	   3.7231934620960982e-01	  -3.8854944147600975e-02	   8.5574725527737580e-02	   2.8905885802552284e-01	   5.2015119050527514e-01	   4.1928325005215189e-01	   4.4713713379200837e-01	   1.9439522845210047e-01	   1.1155950812151538e-02	   1.5401738961992686e-01	   3.4222136690732990e-01	   1.5682902796529943e-01	   3.2219840112717046e-01	   2.4210013098668637e-01	   2.6013985693304620e-01	   4.1661390113026275e-01	   4.8103442956605902e-01	   4.4077612465239230e-01	   6.0523682555997338e-01	   4.6857684943627231e-01	   4.6291415733969032e-01	   4.4514369553225175e-01	   4.9732439739137790e-01	   3.7985819587069880e-01	   2.8205961411782426e-01	   2.8925256440034541e-01	   3.0619849211222044e-01	   7.3012403432777051e-01	   6.3917902896238965e-01	   3.7196167835061267e-01	   2.8883912030093761e-01	   1.6408883449639869e-01	   5.1100755656677965e-01	   9.9911401762637297e-02	   2.1052306499642806e-01	   3.5874266177765657e-01	   3.3998223605987887e-01	   3.9749441788903650e-01	   3.7452870665060362e-01	   5.0825587297227681e-01	   4.5677842559255316e-01	   4.8296812012884394e-01	   3.7259436608583629e-01	   4.4608383840138927e-01	   3.6784844220759438e-01	   4.2132841182423364e-01	   4.0542431780392296e-01	   3.6963510409111461e-01	   3.2334262325471319e-01	   1.2323449310076569e-01	   2.0593977977577110e-01	   1.2613570729004300e-01	   9.8506138103677199e-02	   5.5131502791782597e-02	  -3.3139106045744354e-02	   6.0672710242964878e-01	   4.9753408165876989e-01	   1.1902658940274084e-01	   3.0359038425444174e-01	   1.3284034504475054e-01	   1.6668686900161434e-01	   1.2836452635071502e-01	   3.3455897015957736e-01	   4.8906371808601801e-01	   5.0415568688037926e-01	   1.5274422467902604e-01	   4.0407357806291061e-01	   2.7385307543415216e-01	   1.1368648726672656e-01	   1.9861800028607404e-01	   1.6275081313235490e-01	  -3.6125893926582581e-02	  -5.4943543282469524e-02	   1.9726243909187963e-01	   1.1389319346488040e-01	   4.6566573378761789e-01	   3.1709546181431247e-01	   3.3519647496769989e-01	   3.2107638294995705e-01	   3.7571913661822520e-01	   3.1611492752981685e-01	   2.3882405544340196e-01	   7.7780109837475936e-02	
