   0.0000000000000000e+00	   1.0711213121469818e+00	   3.9295926132544806e-01	   5.9450376305922936e-01	   5.7254601561762697e-01	   3.9428485319548651e-01	   2.8127065895963815e-01	   3.9843416218820549e-01	   5.1360209124263290e-01	   4.7476439386169234e-01	   8.8423524732625502e-01	   8.4243378104139977e-01	   7.0692537741953931e-01	   6.6332918145141107e-01	   9.0065417817090943e-01	   9.0351443575017421e-01	   8.5325203628128665e-01	   9.7063450325585143e-01	   1.3849757491729389e+00	   1.3664307756068306e+00	   5.6715380306691632e-01	   5.9489333512242770e-01	   5.5374381152565855e-01	   6.5635376784571975e-01	   4.0894684490960698e-01	   4.9211212844651986e-01	   6.3369066371558702e-01	   6.3708272027895563e-01	   6.1704933315846811e-01	   5.7603340708646389e-01	   4.3683860093550952e-01	   5.3075686112642828e-01	   9.9417815818713007e-01	   9.4554369672422911e-01	   6.1148046232774078e-01	   5.3895633393054354e-01	   7.7395221979224549e-01	   6.9586576680906209e-01	   3.9835054073455056e-01	   2.5185204095304503e-01	   9.9204823199923531e-01	   3.8247025339662133e-01	   3.6736715775565681e-01	   2.1615431139502714e-01	   3.1534672968659216e-01	   1.9542905901937721e-01	   3.5745952723779356e-01	   4.2107830853176620e-01	   4.0911605587382477e-01	   2.6983738476432573e-01	   6.0494812616682692e-01	   3.9297977069861517e-01	   7.5408699651259037e-01	   5.9084220898831197e-01	   5.8489430233107620e-01	   3.7850574058592745e-01	   1.0685887668019478e+00	   7.9546959250667526e-01	   5.7529585658440197e-01	   4.1343025424105906e-01	   5.5133851680709500e-01	   3.4126965709122220e-01	   7.1711761117110839e-01	   7.9604623876663727e-01	   5.9075639423102067e-01	   4.1102730057082432e-01	   7.1894903795126730e-01	   7.0185666741741781e-01	   1.1188961642025625e+00	   1.0766328304923334e+00	   3.2314747014572565e-01	   4.0390771448820506e-01	   6.9579869774744985e-01	   7.6709860157877530e-01	   8.0451679691441191e-01	   8.2848930729577175e-01	   4.3226455286556409e-01	   4.7776298283122876e-01	   6.8871548400715743e-01	   5.4746315994220285e-01	   9.3734577320786538e-01	   8.1535765788155246e-01	   9.2321493829565271e-01	   8.1451472179051387e-01	   1.0044031409592147e+00	   9.3969045220976999e-01	   4.6019354116473526e-01	   4.3731587283765294e-01	   6.9497887234180444e-01	   8.3364453046738451e-01	   7.2966505603048359e-01	   7.0194056577383912e-01	   5.9039658246594329e-01	   8.5996369080178625e-01	   8.3828533151306617e-02	  -4.8033388180878317e-01	   5.2272291343140753e-01	   2.4666756331214366e-03	   7.3133834547577969e-01	   8.2210331319075047e-01	   7.8679816297754235e-01	   8.4174593587384150e-01	   9.3475996775675663e-01	   1.1084647723363050e+00	   5.4100846206516962e-01	   6.1946713745130877e-01	   5.0310370595609044e-01	   8.1483364701698147e-01	  -1.6912415905172720e-01	  -4.0763572234661472e-01	   5.1401197338405069e-01	   1.0851615958218082e+00	   8.6375617513650038e-01	   6.3949154651065021e-01	   1.4181251801769065e-01	   3.6490095669350360e-02	
   1.0711213121469818e+00	   0.0000000000000000e+00	   2.4273204647858132e-01	   4.1272588289638928e-01	   2.7427080312277391e-01	   1.2876669617949724e-01	  -3.5651634384160531e-02	   1.8185093863811388e-01	   3.1200161837785007e-01	   1.5502783402423737e-01	   5.2970621693619069e-01	   6.8839574948669979e-01	   3.8533855300820774e-01	   3.9899388007454373e-01	   6.0585165559697707e-01	   5.7092217962902214e-01	   8.7331535580080066e-01	   1.2155488041479945e+00	   8.7123489200258875e-01	   1.0536222010116747e+00	   5.1924090008779844e-01	   5.7360358825560720e-01	   4.2597722907057267e-01	   4.9511886227505586e-01	   3.7669159005960029e-01	   4.1266004768567860e-01	   4.7220319709675018e-01	   5.1263213561734100e-01	   6.0811870559070713e-01	   6.9076664225479845e-01	   3.0476525430130730e-01	   4.6823650026440333e-01	   7.3382359472564351e-01	   8.6178301711410810e-01	   4.8007220253664845e-01	   4.0295520657005635e-01	   8.2919106354946692e-01	   6.9503454679644372e-01	   5.4887406362946733e-01	   4.3068109790896886e-01	   9.1521558385004198e-01	   5.8437061113178057e-01	   3.0606468058620606e-01	   1.8375507605361605e-01	   1.9902872800689914e-01	   9.7517126717541217e-02	   3.1945993468242823e-01	   3.8578552156062390e-01	   2.7514031036947517e-01	   1.5660371405749174e-01	   4.1586389257231815e-01	   2.3899111463828332e-01	   5.5608011573883331e-01	   4.2898532023190095e-01	   5.3139189954823851e-01	   3.4742823815605300e-01	   1.0563592579955101e+00	   1.1755142988881877e+00	   3.7194152047431445e-01	   3.8754761844712216e-01	   3.2068777096668599e-01	   1.4797545629270795e-01	   7.4657350535833822e-01	   6.3923802340123870e-01	   3.1314985156326047e-01	   2.7661553431774644e-01	   4.0905680156550867e-01	   4.7374555914481220e-01	   9.1683323196634714e-01	   8.5590567855868760e-01	   2.8041284295745339e-01	   3.5508232420360025e-01	   6.3711717850311245e-01	   8.8553020994090204e-01	   6.7313801162592080e-01	   7.9729958811582813e-01	   3.9678671481750166e-01	   5.1551980203476377e-01	   7.6168553865066935e-01	   6.2579256256722693e-01	   1.0211027801572892e+00	   8.8367888939354511e-01	   8.1430068957753299e-01	   8.7907890887557572e-01	   8.4144718712677280e-01	   8.7780310064725298e-01	   5.8495993665959722e-01	   5.8270538939314864e-01	   6.8724671631042944e-01	   7.0249475910339010e-01	   5.2258716762593549e-01	   4.5705667829380042e-01	   3.7238154478583640e-01	   4.8015706514133311e-01	   1.4147972444437865e-01	  -2.4099489755868647e-01	   6.9818411198819608e-01	   1.4360332043036650e-01	   6.4850591638909971e-01	   6.3401687587737765e-01	   6.2798377914558079e-01	   3.8036676739888720e-01	   9.0447278136229903e-01	   7.2162217912565718e-01	   3.4138464796865908e-01	   3.8824753307749388e-01	   4.2008482880086306e-01	   4.4863801432112838e-01	  -7.7772735430553630e-02	  -1.7908501299582238e-01	   5.9007504368998820e-01	   9.2338076381572165e-01	   6.7878631422940328e-01	   5.2718025074883146e-01	   5.9082038899939834e-02	  -4.5909158460985859e-02	
   3.9295926132544806e-01	   2.4273204647858132e-01	   0.0000000000000000e+00	   6.8218599585596751e-01	   9.0684070977103171e-01	   3.1271399828398427e-01	   6.7795230398123107e-01	  -2.7455959147555491e-02	   6.7350232987555048e-01	   8.6844666316947802e-02	   3.8394790630945486e-01	   1.2958101206318925e-01	   1.8467353713341755e-01	   6.8292557728322725e-02	   7.3650088883393428e-01	   4.0287807684471194e-01	   3.6641625324521993e-01	   4.1563090416334825e-01	   5.5602473705314504e-01	   4.0330297842739504e-01	   9.9856554816820686e-01	   6.4520144296869208e-01	   1.3006761277738073e+00	   8.7871191785504976e-01	   1.2159101297501786e+00	   8.3200184893959406e-01	   1.0592266118478981e+00	   8.7277854871229332e-01	   2.2719790398791606e-01	   2.2379577198793812e-01	   7.7892379034048487e-01	   4.1590136068576578e-01	   5.6920308224796101e-01	   2.8139861337253780e-01	   8.0047039968209333e-01	   4.5513331530867657e-01	   5.9316439993217696e-01	   5.2446311877526264e-01	   7.8504642805850822e-01	   6.8689530403297194e-01	   4.7737546898938321e-01	   3.9867913247340292e-01	   7.9911829251965805e-01	   6.9163331494783975e-01	   5.2628229944631055e-01	   2.7284293515369240e-01	   7.7395028531954890e-01	   7.8825862884946485e-01	   5.9848771062185047e-01	   5.4170799533846492e-01	   9.4109675093095324e-01	   9.2857631340435565e-01	   8.3574008770088082e-01	   8.1214764189012056e-01	   1.0535600627759338e+00	   1.0236159037604766e+00	   3.2948851780679822e-01	   2.6299994425414752e-01	   2.5420757246897285e-01	   1.0678341594989235e-01	   1.3246831393775146e-01	  -2.2955015308343055e-01	   1.2131636960129628e-01	   1.0728834910741343e-01	   6.3742637780524181e-01	   2.8149854123796636e-01	   5.6438899097309025e-01	   4.3558557329291925e-01	   6.0055053589487184e-01	   4.7641032708559972e-01	   3.7894073914118875e-01	   1.1975102497180304e-01	   3.3534987204633832e-01	   1.4578295448528292e-01	   3.5289306018267369e-01	   1.8625549728003349e-01	   3.3458193447790380e-01	   2.5677390328250460e-01	   5.6704293320768828e-01	   5.8601359218701021e-01	   3.7576691228858117e-01	   4.7233842346190047e-01	   5.5371645360267163e-01	   4.1133189203975795e-01	   7.2857399066979200e-01	   6.7498147505473571e-01	   7.1708222329117455e-01	   6.5740189261101889e-01	   8.4244190278949649e-01	   7.5127101978613786e-01	   6.2125255245255540e-01	   8.3483772080059093e-01	   4.2524599698024945e-01	   6.2177035810990655e-01	  -6.6976176748495707e-03	  -7.9928506740917615e-02	   6.3320834647022628e-01	   3.6883095655665860e-01	   6.1883908715077263e-01	   6.9663763804143830e-01	   2.9782472825636053e-01	   2.7892502917377365e-01	   2.8564495452343996e-01	   3.5058680760646121e-01	   1.2587627303898674e-01	   4.0103221942010636e-01	   1.5585885418405532e-01	   4.5184423794208028e-01	  -5.0350822685012597e-01	  -3.8484397372667484e-01	   5.0482480410675379e-01	   4.4759505973946345e-01	   4.1429630585380794e-01	   4.2092713939490978e-01	   3.5298069012187050e-01	  -2.4668852448865519e-01	
   5.9450376305922936e-01	   4.1272588289638928e-01	   6.8218599585596751e-01	   0.0000000000000000e+00	   7.1316783988295107e-01	   8.4977682377548125e-01	   4.9864834556965920e-01	   7.1091166120216220e-01	   5.4796664453422594e-01	   6.2675698524955303e-01	   5.3932502784313030e-01	   6.8549037491192044e-01	   4.2999773213140396e-01	   6.1247495545881026e-01	   6.6797925959866211e-01	   8.0658555055956338e-01	   5.2000794205127698e-01	   5.4315398246506952e-01	   7.3559236248085758e-01	   8.4274188059044186e-01	   6.2059455140745479e-01	   6.2563307708514571e-01	   7.3144433872623371e-01	   1.1778156284666961e+00	   5.8437738096258263e-01	   7.8477637576632009e-01	   6.8404695653930236e-01	   9.5306966073037580e-01	   4.9347112721795705e-01	   5.5818119123596444e-01	   5.9686853611906254e-01	   7.8522558454907243e-01	   8.4745708556070931e-01	   8.6232855019802079e-01	   6.9643302076811409e-01	   7.3321570000701852e-01	   4.5699736498237725e-01	   6.1132498563808613e-01	   4.5432921517075991e-01	   5.8006580839972599e-01	   4.8566040036121078e-01	   5.0589374370745110e-01	   4.7193517173895327e-01	   3.4874630422254710e-01	   3.7842770329853564e-01	   2.6903471920851535e-01	   4.7418803273800170e-01	   5.2038696671572948e-01	   4.5712071763795697e-01	   3.3738870087012096e-01	   6.6973593841414125e-01	   5.7942045626128569e-01	   8.3751631523595294e-01	   5.0843590773193714e-01	   7.3828791676627437e-01	   6.2413462062398972e-01	   3.7988451089229325e-01	   3.5301996634059152e-01	   4.5405165435275535e-01	   5.2597455422738504e-01	   3.2927716576670946e-01	   3.6213032960227348e-01	   4.5345091140199961e-01	   6.1812391574678749e-01	   5.8904697667282047e-01	   6.7881859803243327e-01	   8.1380171526908573e-01	   8.6929768375340899e-01	   5.8862514017047463e-01	   6.6282602579232686e-01	   5.6860703826670189e-01	   6.4932336561453685e-01	   6.1414990392579139e-01	   6.6510726070154147e-01	   6.9268221993025170e-01	   7.2169369735354727e-01	   6.3098963110737516e-01	   7.6383838900649725e-01	   6.3588828130901809e-01	   5.9625820020612563e-01	   5.9344922473234729e-01	   6.8498110114754096e-01	   6.4740516734770925e-01	   7.3468169664861049e-01	   6.8888534728283590e-01	   8.2187435701316280e-01	   5.2237677042981301e-01	   6.3101353218715905e-01	   7.4762007016278442e-01	   9.2563869134165311e-01	   8.9824898521439145e-01	   6.2575121019941782e-01	   8.0056171934457121e-01	   5.6481058920510374e-01	   1.2920505415539707e-02	  -5.5251445128321822e-02	   6.0377371733498930e-01	   3.1584498112014425e-01	   7.3653720470414863e-01	   7.1832115822130616e-01	   8.8801754907434671e-01	   5.5626642602982779e-01	   7.7787922602269421e-01	   7.5458107483235926e-01	   3.2655062133617263e-01	   2.6131382919157170e-01	   4.4506450904366424e-01	   4.8333114865017729e-01	  -3.0740616273161792e-01	  -3.6346865843452208e-01	   5.5510320288846082e-01	   6.3602288041851485e-01	   5.1376706866218047e-01	   5.3039664673407572e-01	   1.9490334893597883e-01	  -2.8618695082728413e-01	
   5.7254601561762697e-01	   2.7427080312277391e-01	   9.0684070977103171e-01	   7.1316783988295107e-01	   0.0000000000000000e+00	   8.5707098231322354e-01	   9.3039895224352498e-01	   4.2963374881314653e-01	   1.3642184705026048e+00	   6.3604034364965911e-01	   7.9069846965756774e-01	   4.2951535550783199e-01	   5.8118210523104774e-01	   3.5449795538402540e-01	   1.0292726847537808e+00	   5.9902438318338547e-01	   6.1599658727723039e-01	   5.3630698662260690e-01	   7.3393844023356924e-01	   5.7354779048482851e-01	   6.9286765085333757e-01	   5.4103799560352817e-01	   1.0039234035341129e+00	   8.4531521336361448e-01	   7.2585785481468135e-01	   6.3066548277792844e-01	   7.8669565641966521e-01	   7.8373817878948149e-01	   6.4010894584203659e-01	   4.6619283702545339e-01	   8.0491483197992975e-01	   4.9166903252547955e-01	   6.8892377198781762e-01	   4.7761853129299153e-01	   7.3290854920784609e-01	   6.5657308844309359e-01	   5.8089702898018325e-01	   5.7415016989574941e-01	   4.3475928530411884e-01	   3.7317866390870336e-01	   6.2804929268249710e-01	   3.8265781473031407e-01	   6.7730403193163247e-01	   5.9344734070164051e-01	   6.3571837795185060e-01	   5.0552291195961674e-01	   6.3859250976301318e-01	   7.2443952325657490e-01	   5.4960091838421454e-01	   5.5054355007962752e-01	   7.6361714722224339e-01	   6.5440252467184734e-01	   1.0038623419020805e+00	   6.7367351712759649e-01	   7.7472357959059357e-01	   6.9075167389317527e-01	   3.9578201056396045e-01	   2.5044658242609386e-01	   4.9129578588134376e-01	   3.0396103136688857e-01	   5.5505638082550335e-01	   3.0189344392431428e-01	   3.9279930133773594e-01	   4.2066808768994429e-01	   1.2111144501000668e+00	   5.9201181384609325e-01	   8.4141555437401272e-01	   7.6213180211523190e-01	   6.4810125980278643e-01	   5.4405843985949010e-01	   5.2851386563588809e-01	   3.4657677758051092e-01	   7.0211531410468420e-01	   4.6799569362313947e-01	   7.5522247395625242e-01	   5.2799395565975127e-01	   5.5257953683306615e-01	   4.7819027527955671e-01	   6.7044226632055193e-01	   5.2872936018307581e-01	   6.0765583311549343e-01	   5.8840447546218044e-01	   7.2435830535431356e-01	   5.7041875466111325e-01	   8.3145602431164922e-01	   5.8916172011642021e-01	   4.9366644818715300e-01	   3.7578695408077134e-01	   8.2054024741565579e-01	   7.1584749104179446e-01	   8.6010773967648269e-01	   1.0604519479174193e+00	   5.7525250894392521e-01	   9.8694795163878768e-01	  -2.1525565732546537e-03	  -2.1434344643578765e-01	   6.0652681654902285e-01	   3.0015884289556066e-01	   7.3004190145545866e-01	   9.6727087427317016e-01	   5.1896927248549607e-01	   7.0724145598611043e-01	   5.3156956407227351e-01	   6.7001270548697456e-01	   3.2507939083433546e-01	   4.4661757311736378e-01	   4.1001866200860482e-01	   7.4303822093063943e-01	  -3.0280341810569716e-01	  -3.7419173350141355e-01	   6.5184045839006988e-01	   6.5484488099620641e-01	   5.7544858290874334e-01	   6.8295384077117938e-01	   4.5152535319317727e-01	  -1.3546054444548206e-01	
   3.9428485319548651e-01	   1.2876669617949724e-01	   3.1271399828398427e-01	   8.4977682377548125e-01	   8.5707098231322354e-01	   0.0000000000000000e+00	   5.5081830982933355e-01	   9.1269436631946710e-01	   7.1573070550803430e-01	   1.2502511318975620e+00	   5.3546426078536280e-01	   5.4165256342425838e-01	   6.1416510558888759e-01	   7.3700844883466710e-01	   5.4245270602922468e-01	   5.8978367878746263e-01	   3.3884817527368322e-01	   2.4447987649206432e-01	   4.2438140990485829e-01	   4.5548218446006344e-01	   3.0795407016861265e-01	   3.8372076250116116e-01	   4.3849044538311710e-01	   6.8072757362153680e-01	   3.2886374722041734e-01	   4.9298403659905077e-01	   3.7544640042464472e-01	   5.5572908265861043e-01	   4.4913408495338558e-01	   3.6427058908428639e-01	   4.7112311761810433e-01	   5.3302379919405207e-01	   5.9230497958261852e-01	   5.7217042956844544e-01	   4.6095134614416222e-01	   7.5771466547260857e-01	   3.0759756761537199e-01	   4.2507481119579876e-01	   1.3233514310040392e-01	   2.1496480081813157e-01	   3.5060416121697369e-01	   2.9138628709093789e-01	   4.1555271365710778e-01	   3.8725922271330826e-01	   5.5562636708641455e-01	   6.1683256168095391e-01	   4.1181550511474324e-01	   4.3627915263693845e-01	   4.6444282886852067e-01	   4.8856137795995813e-01	   4.3815851909181186e-01	   4.1268387510785554e-01	   6.9608669615438934e-01	   2.7223567724089232e-01	   4.4847967138153783e-01	   3.7217472163682863e-01	   1.9954440617250341e-01	   6.4658351308974821e-02	   6.1088122502739639e-01	   5.5258328741560414e-01	   5.5969784030722791e-01	   6.6535514630099235e-01	   3.4197702467244806e-01	   4.3263857905195796e-01	   6.3752520540251589e-01	   6.9290390145661362e-01	   7.6652370933022018e-01	   8.6528052077231876e-01	   3.4093942517763626e-01	   3.8691302449813253e-01	   4.5306005310641162e-01	   6.3077419571984505e-01	   5.4806335353899949e-01	   5.9153992772517860e-01	   5.8592711283900967e-01	   6.5541253609148464e-01	   5.7593419061320827e-01	   6.4434124665611892e-01	   3.3889626033807951e-01	   2.4340410016549568e-01	   3.4773328210347620e-01	   3.2622455075067369e-01	   4.1007631623923790e-01	   4.1247393580756914e-01	   3.7631576127686406e-01	   2.9099708711135741e-01	   1.4012294158758326e-01	   1.6763409783535260e-01	   4.3476149177596229e-01	   5.6366436235885486e-01	   7.7531907274489842e-01	   5.2262540686135017e-01	   7.1438522445629149e-01	   5.6872565020177690e-01	   2.3242467593712773e-02	  -1.4168105246898424e-01	   4.0042903237317518e-01	   2.0861811696308788e-01	   6.3329167558076938e-01	   6.1417195897646260e-01	   6.8443143127207517e-01	   7.0810092724173490e-01	   5.8242597884230385e-01	   6.5637801566084020e-01	   4.5166692306982215e-01	   2.6947275967653661e-01	   4.1768224401659171e-01	   5.2444810175720402e-01	  -1.3444766685740450e-01	  -2.8884923885925584e-01	   5.0555598546280178e-01	   5.4966859176522298e-01	   4.5624269788615651e-01	   5.0588079859201329e-01	   2.4611415680206983e-01	  -1.2157050826351862e-01	
   2.8127065895963815e-01	  -3.5651634384160531e-02	   6.7795230398123107e-01	   4.9864834556965920e-01	   9.3039895224352498e-01	   5.5081830982933355e-01	   0.0000000000000000e+00	   5.2057797181248633e-01	   6.3633606036483448e-01	   4.9238432767928897e-01	   4.2655282663503968e-01	   1.4578100532965088e-01	   4.4296002272516422e-01	   1.7386564958829248e-01	   5.2549392043469001e-01	   4.0917981223225786e-01	   1.7329865504092515e-01	   4.9731133234038535e-02	   3.7019343131837329e-01	   2.8246841743018114e-01	   2.9964936236061329e-01	   1.4889516515253987e-01	   4.9515998981062653e-01	   4.6227461965407790e-01	   3.6883740596203640e-01	   3.2487170606888133e-01	   3.2436275267902304e-01	   3.6399390014515076e-01	   3.6312006614939552e-01	   1.7768577468895397e-01	   5.9436463270475437e-01	   3.8286369420177041e-01	   3.9158538862255937e-01	   2.3481625446137422e-01	   2.6494198550921544e-01	   2.2592853439538660e-01	   1.4993432225229736e-01	   1.2748153691522829e-01	   1.3709929454338857e-01	   1.4530621568361049e-01	   1.5059954818116952e-01	   1.3778171741731976e-01	   4.9995037105697498e-01	   4.8302216032539569e-01	   5.1033284123510847e-01	   4.7060896540666730e-01	   5.0228936517920353e-01	   5.2206924339089256e-01	   4.6685239448616689e-01	   4.8295966484221386e-01	   5.7732612875529488e-01	   4.9618167840473171e-01	   5.1114713647924104e-01	   4.0101745501399710e-01	   4.4112421743048974e-01	   4.8878743108296974e-01	  -3.3031003317152564e-02	  -2.0596181713212802e-01	   3.0803868333463386e-01	  -1.9830514141376434e-03	   3.2528999087587263e-01	   1.6207006692380921e-01	   1.3223886497740470e-01	   2.1251272374429650e-01	   6.1479952011929495e-01	   2.1507694888024534e-01	   6.2636033932580970e-01	   4.2720020950460391e-01	   2.0885686470477999e-01	   1.4697070330747439e-01	   4.4592696579113911e-01	   2.5342462253460524e-01	   5.2611388161859229e-01	   2.0478331759181526e-01	   5.4563126243876148e-01	   3.1480728177693446e-01	   4.9906281361776667e-01	   3.5473757596481320e-01	   2.2720111741357069e-01	   1.5453431372399937e-01	   1.7028802464525034e-01	   2.2339877967668420e-01	   2.9524461664562018e-01	   2.2479209856803251e-01	   3.4504417145570293e-01	   3.1753830741178424e-01	   1.4114738863549126e-01	   7.5092969550426936e-02	   3.5127088852971272e-01	   3.2554883777805071e-01	   3.4845789522511367e-01	   5.2417836499336723e-01	   2.9648658681677315e-01	   4.8167005169221599e-01	  -9.1272455339648326e-02	   9.6729787625266361e-03	   2.9666163152343056e-01	   2.8726080357434081e-01	   3.4241246477062759e-01	   5.0991842862840042e-01	   2.4712891549502619e-01	   5.2169649854401379e-01	   1.4616357397325627e-01	   3.3215589710809323e-01	   1.5474444356562922e-02	   1.3107042618870896e-01	   1.2916493631745371e-01	   3.2301755537731941e-01	  -3.5888979001043919e-01	  -3.2486096723753166e-01	   2.9687926444593149e-01	   2.0767784445893497e-01	   1.6606311357050554e-01	   1.8421636577648715e-01	   1.8055467797918293e-01	  -2.4715957329498528e-01	
   3.9843416218820549e-01	   1.8185093863811388e-01	  -2.7455959147555491e-02	   7.1091166120216220e-01	   4.2963374881314653e-01	   9.1269436631946710e-01	   5.2057797181248633e-01	   0.0000000000000000e+00	   2.9740868828850014e-01	   1.0127591484495311e+00	   4.4403327191392916e-01	   6.9618771229078980e-01	   5.7315059579781313e-01	   7.6850502149874167e-01	   3.1740473466363106e-01	   5.5370982670987656e-01	   3.0645356015248532e-01	   1.8016233149420288e-01	   3.8843205427047939e-01	   5.4662610882661899e-01	  -2.9513070235749461e-02	   9.6565834905371323e-02	   4.9785461126732697e-02	   3.5817475475280675e-01	  -1.1965766080349967e-01	   1.0809568867183485e-01	   3.9004041511787518e-02	   2.5622229231791693e-01	   4.9620387992729603e-01	   4.2737494599378167e-01	   1.5508890416148902e-01	   3.9669779086011520e-01	   4.1497237755752420e-01	   6.3845873502573602e-01	   1.3878288207534714e-01	   3.9352942301488580e-01	   3.9592468293490050e-02	   1.6233392869838997e-01	  -1.3502855026228811e-01	  -1.6731868555886105e-02	   1.6729881500244725e-01	   1.5889521158324060e-01	   9.0800561154700712e-02	   1.0303069047689117e-01	   2.6284550319609090e-01	   4.2767138567719049e-01	   1.1833826665734315e-01	   1.7217676513694768e-01	   2.2456240609068165e-01	   2.0937888704075164e-01	   1.9708360840669248e-01	   8.2547160072771783e-02	   3.2009973609930908e-01	  -3.1515125922681325e-02	   1.2153727585751584e-01	   4.1696076778184016e-02	   8.2076865149163070e-02	   2.3995954288202306e-02	   5.8925236380963286e-01	   5.7281785371223926e-01	   5.7437916313500303e-01	   9.9506016887409066e-01	   4.5703295513194403e-01	   7.2148706582490252e-01	   3.6939075284337375e-01	   5.0438944024173793e-01	   6.9477238042530765e-01	   7.7267025371104281e-01	   1.6233571193793103e-01	   2.7819999590844408e-01	   3.8335451477333260e-01	   6.4655661406247544e-01	   5.5674118648994786e-01	   6.6098841494169525e-01	   6.3464749548951360e-01	   8.0302016685610911e-01	   5.1506345007444154e-01	   6.1085021998738487e-01	   2.3523634490096490e-01	   1.1910999533304617e-01	   3.0930830202868631e-01	   3.0215435599327223e-01	   2.9364435601950978e-01	   3.7887168145398620e-01	   2.1656931185477216e-01	   3.0068897207219308e-01	  -4.1445742570616714e-02	   9.7803072962576020e-03	   2.4371319598862493e-01	   3.5893244895658077e-01	   3.9046966880322503e-01	   1.7427044738313091e-01	   4.9164374916048609e-01	   3.2155768615795449e-01	  -3.9584647680812608e-02	  -1.0638687564865340e-01	   1.8192960813257975e-01	   6.6088177861913816e-02	   3.0646542188058840e-01	   3.1701868094701813e-01	   7.3310764140165696e-01	   7.3347667950292261e-01	   5.7378811405730046e-01	   6.3797209130079069e-01	   3.1470320031060472e-01	   5.9391787323069094e-02	   3.7110194644817440e-01	   2.7964631092768527e-01	  -4.9544274053082572e-02	  -2.5812139973805842e-01	   2.1019968117110474e-01	   3.1665063670807064e-01	   2.0663559409896609e-01	   2.0569887775055667e-01	  -3.1797701491433454e-02	  -9.2855856231939274e-02	
   5.1360209124263290e-01	   3.1200161837785007e-01	   6.7350232987555048e-01	   5.4796664453422594e-01	   1.3642184705026048e+00	   7.1573070550803430e-01	   6.3633606036483448e-01	   2.9740868828850014e-01	   0.0000000000000000e+00	   5.5467682162298715e-01	   9.7255804977573634e-01	   4.8085257836222639e-01	   7.4976780917913854e-01	   4.0579355238740045e-01	   9.3484085404934636e-01	   4.6735817178789391e-01	   5.3180412741371308e-01	   5.2986579727358785e-01	   5.5771737622483930e-01	   4.4635244004360786e-01	   5.5370813649804629e-01	   5.0749579773722586e-01	   8.0593602580845780e-01	   6.5023050026496243e-01	   5.4989453228534180e-01	   4.6070583213931743e-01	   5.8886990445850984e-01	   6.2832388656368843e-01	   5.4547288034193553e-01	   4.0012805014608221e-01	   6.5148885022991510e-01	   4.1395601812001082e-01	   4.9942954243649718e-01	   4.0798937403856483e-01	   5.6058008300819384e-01	   5.5595925814499747e-01	   5.7221706591232580e-01	   5.4707207242626821e-01	   3.8057592509618721e-01	   3.2042012613211052e-01	   5.9873724865761546e-01	   3.3750422790810763e-01	   3.8252192986224393e-01	   3.4077078474193895e-01	   3.8427623514241693e-01	   3.0055624760735816e-01	   3.8161508844831860e-01	   4.7150573876692936e-01	   3.5035567109516885e-01	   3.3416226480487210e-01	   5.8332706781847021e-01	   4.2493291245039766e-01	   7.6197041470527449e-01	   4.6941346043055204e-01	   6.0504671495278428e-01	   5.1928584522449672e-01	   3.2349819310089045e-01	   3.1372156040974514e-01	   3.9778142163233060e-01	   3.5845718580973790e-01	   5.1328538384968547e-01	   3.8543727441413511e-01	   3.4070861543918790e-01	   3.9811088714465398e-01	   1.1825309600530005e+00	   6.6016089765565356e-01	   5.3994491966923230e-01	   5.2123291676263817e-01	   4.9930368596842389e-01	   4.9453627866518168e-01	   4.4105561603321486e-01	   3.6684730773299240e-01	   5.2585914300710979e-01	   4.3445690599085540e-01	   6.2588648899896326e-01	   4.8677941806507408e-01	   5.0596505670979275e-01	   4.6441887532034132e-01	   5.0846715269455101e-01	   4.0321164298569895e-01	   5.3779503726756417e-01	   5.3176746297677557e-01	   5.5730644064584600e-01	   5.0678148169082249e-01	   7.4110394050054518e-01	   5.3525780969126036e-01	   4.2089172475576486e-01	   3.2778608808351734e-01	   7.6098546948385104e-01	   7.0106909180615062e-01	   6.6059386823769906e-01	   7.8686917205060947e-01	   5.1986322614783176e-01	   7.5111493678084718e-01	   6.3972534426331247e-04	  -2.4046942646318159e-01	   4.8598299053527833e-01	   1.7794598424352515e-01	   5.1393549059762678e-01	   6.8565059371395409e-01	   4.2206941545394294e-01	   5.2416656010169427e-01	   4.8243198629598616e-01	   5.4474514115703954e-01	   2.9648422057420110e-01	   4.1077129787975475e-01	   4.2585118320696524e-01	   5.8687449696750749e-01	  -2.2292979509500255e-01	  -2.8539766843445075e-01	   5.6459694728715060e-01	   5.3958888524568804e-01	   5.7328380830426107e-01	   7.0241764057233991e-01	   3.9633739755879427e-01	  -1.3076409113738396e-01	
   4.7476439386169234e-01	   1.5502783402423737e-01	   8.6844666316947802e-02	   6.2675698524955303e-01	   6.3604034364965911e-01	   1.2502511318975620e+00	   4.9238432767928897e-01	   1.0127591484495311e+00	   5.5467682162298715e-01	   0.0000000000000000e+00	   6.2536657390787997e-01	   5.6834171344824391e-01	   7.3461786626983350e-01	   8.0625264158303900e-01	   4.7410223446258121e-01	   6.7352019891380122e-01	   3.0583217508933103e-01	   2.0049913354296200e-01	   4.4269451763723278e-01	   4.5074042691359822e-01	   6.2607642873017816e-02	   1.8442819606058278e-01	   2.3294736261743465e-01	   5.1488381535336192e-01	   9.7507036633582303e-02	   2.9457765930339763e-01	   1.6613221224344404e-01	   3.0516695120927928e-01	   4.7215831030942490e-01	   3.1741508394983481e-01	   3.1221733517824823e-01	   4.6167632123792868e-01	   5.1999655242982190e-01	   5.7092337389368353e-01	   2.3920246721607633e-01	   4.6676792591749822e-01	   1.6407893464818796e-01	   2.0408232029261988e-01	  -4.3346922009906162e-02	  -5.0393652173961901e-03	   2.9834929160922419e-01	   1.2892359126585051e-01	   1.9599639080279613e-01	   1.8006935842096927e-01	   3.9135450943888206e-01	   4.4560842991665478e-01	   1.9282596407617439e-01	   2.3102610448302022e-01	   3.3099893595666896e-01	   2.8543830015713750e-01	   3.0650055303513174e-01	   1.8119312985017530e-01	   5.3062904718733095e-01	   1.7576757087311240e-01	   2.1251183636110210e-01	   1.3632717750051243e-01	   1.5897624808999955e-01	   7.2187608996571187e-02	   6.0457747593577293e-01	   5.1416961951434259e-01	   6.4413675073760068e-01	   8.6880668164904507e-01	   3.4716771766717297e-01	   4.8908009635735294e-01	   5.7673233742402608e-01	   5.6114204060218154e-01	   6.6679496454627851e-01	   6.5203455340414318e-01	   2.7446121370948401e-01	   3.7180058753684347e-01	   3.1480657301300219e-01	   5.0135648852956083e-01	   5.2043896752826990e-01	   5.1691582924505686e-01	   5.4533571730259855e-01	   5.6032280454564209e-01	   4.1584511028043669e-01	   4.6943549385608346e-01	   2.3326402798677143e-01	   1.3386663280625821e-01	   3.2265038393337553e-01	   2.5871200175620190e-01	   3.2182285663330040e-01	   3.2248985917170331e-01	   3.3013146027119600e-01	   2.3674553220119043e-01	  -7.1135934467571160e-02	  -6.7212601139250067e-02	   2.8694315967589223e-01	   4.3063531787215981e-01	   5.3907287262767345e-01	   3.8249483396847223e-01	   5.9836714622723730e-01	   4.9969754588468851e-01	   1.1602587146585713e-02	  -2.3927198144905740e-01	   2.3026913403225924e-01	   6.2969768328347539e-02	   4.0396255252633406e-01	   4.7625358267411894e-01	   5.8171732829149914e-01	   7.8755249243816461e-01	   5.2739542625507219e-01	   6.9060197202957818e-01	   3.9462123801340165e-01	   2.3935024850666553e-01	   3.6793389992643621e-01	   5.3068788249810939e-01	  -5.3911184727960582e-02	  -2.9025893165764849e-01	   2.8377543365738278e-01	   4.6828071051465880e-01	   4.8764362710888115e-01	   4.3347710020645525e-01	   1.2505630509190624e-01	  -7.8816298369261510e-03	
   8.8423524732625502e-01	   5.2970621693619069e-01	   3.8394790630945486e-01	   5.3932502784313030e-01	   7.9069846965756774e-01	   5.3546426078536280e-01	   4.2655282663503968e-01	   4.4403327191392916e-01	   9.7255804977573634e-01	   6.2536657390787997e-01	   0.0000000000000000e+00	   7.5164536893439393e-01	   1.2006990519745506e+00	   6.9120652306726671e-01	   1.0615107543131228e+00	   6.5822068175066117e-01	   7.6495473669266134e-01	   7.1302889990070051e-01	   7.4527367029031022e-01	   7.2325481683778658e-01	   4.1861257812740238e-01	   4.7993405245748066e-01	   6.0490346209973578e-01	   6.1667619040485622e-01	   3.1247952566522319e-01	   3.2472625848262787e-01	   5.3693659333902533e-01	   5.5102568734167634e-01	   6.5143791183009925e-01	   5.3135434298980977e-01	   4.1552968222471443e-01	   4.2224588381289530e-01	   5.6101207893497973e-01	   5.8223198803140674e-01	   5.8121189359807846e-01	   5.8616349057769646e-01	   5.0607355847960400e-01	   5.7001253575772892e-01	   2.6411149843215576e-01	   2.2995952735241654e-01	   6.1854672280785561e-01	   3.5068699739429182e-01	   2.1388990456905324e-01	   5.3756941605413243e-02	   1.5060286616954524e-01	   5.3671194444174362e-02	   1.5938324784849978e-01	   2.2834535004408113e-01	   1.4122260025653763e-01	   1.1774377682788453e-02	   4.4041880243404796e-01	   1.7654927352447478e-01	   6.3986197830424940e-01	   4.0348007955518689e-01	   4.6089218719856312e-01	   2.9664768058433544e-01	   5.1513605874600432e-01	   5.6539614105514802e-01	   3.7764285369539741e-01	   3.4919167739714591e-01	   7.9150001254936719e-01	   5.2455714975323353e-01	   5.6937829229433756e-01	   5.9491461984396699e-01	   1.1133381148192698e+00	   7.3256931213671128e-01	   5.5290696365507841e-01	   5.2731383856242708e-01	   7.2998912361651835e-01	   8.1853773539167429e-01	   3.2294131766565126e-01	   3.6422223763006345e-01	   5.2246143687579871e-01	   5.0383964112509838e-01	   6.4110227634734329e-01	   5.7302151257168576e-01	   4.0916890973716080e-01	   4.4120360275245574e-01	   5.6329257152122891e-01	   4.4733052142397872e-01	   6.6786065732657784e-01	   6.5922686374327877e-01	   6.7119029622690851e-01	   6.4967734149757650e-01	   8.5175664860411537e-01	   6.7727455109433021e-01	   3.4047880965104038e-01	   3.0931764423786046e-01	   7.3598244942335500e-01	   6.7289289261962171e-01	   6.8682534486549240e-01	   6.8318123053466429e-01	   6.5384485558015804e-01	   8.3586741816275212e-01	   8.7184593762016552e-02	  -3.1112875062254153e-01	   4.3940127732618200e-01	   3.8318957412486768e-02	   5.0769231133253179e-01	   6.3607177250275160e-01	   6.1287315813567134e-01	   7.0457568295598461e-01	   7.5912953906598535e-01	   7.4242275115035428e-01	   4.2357638388671315e-01	   4.4981837422731835e-01	   5.3250750799361357e-01	   6.2183691414604048e-01	  -1.5155940623421219e-01	  -2.8313350598909909e-01	   4.5845821490946398e-01	   6.6283351882798869e-01	   6.6272803238898315e-01	   7.1138015394410037e-01	   2.7133548026252674e-01	  -3.7638684193559972e-02	
   8.4243378104139977e-01	   6.8839574948669979e-01	   1.2958101206318925e-01	   6.8549037491192044e-01	   4.2951535550783199e-01	   5.4165256342425838e-01	   1.4578100532965088e-01	   6.9618771229078980e-01	   4.8085257836222639e-01	   5.6834171344824391e-01	   7.5164536893439393e-01	   0.0000000000000000e+00	   6.6821947041713481e-01	   1.1445135693194892e+00	   6.5848145733754815e-01	   9.3172543407792374e-01	   7.5897519800818580e-01	   8.3721138116773908e-01	   8.4445399734963966e-01	   1.0981685088124804e+00	   3.7053877152049830e-01	   5.7598176945659196e-01	   3.5471317602130403e-01	   6.2641897492065801e-01	   1.9523986309882382e-01	   3.7345820611686453e-01	   3.7511763838126355e-01	   5.9042447554940725e-01	   6.9810399256234346e-01	   7.2986879012523853e-01	   3.1985383949504936e-01	   5.6392210191069303e-01	   7.5338189367180686e-01	   1.0707669254229879e+00	   4.3248967230139995e-01	   5.4538003831877435e-01	   4.8233683882010542e-01	   5.8894821687253884e-01	   1.7139095621124611e-01	   1.9757052959915747e-01	   6.0918639048609458e-01	   2.9554417052320575e-01	   1.8979617340535920e-01	   1.0400227368745051e-01	   2.3688421292224598e-01	   2.1943686057616738e-01	   2.2370977347649468e-01	   2.7611658380434567e-01	   2.9484802900006435e-01	   1.9582349549955116e-01	   4.3147224508609461e-01	   2.6579083277249871e-01	   6.4788945565475498e-01	   2.9860966079484469e-01	   4.2007954534834890e-01	   2.5075266336162411e-01	   5.7623529817431374e-01	   7.7339214820546243e-01	   5.8791706202774530e-01	   9.0739366816822375e-01	   4.9134864660078403e-01	   6.5848749433746068e-01	   8.7333278777933532e-01	   1.1190370440137394e+00	   4.0188103697524663e-01	   5.3571120423468499e-01	   6.2943838645598515e-01	   7.6768669420366653e-01	   6.2091480672854937e-01	   7.8760315870459763e-01	   4.0213610394090371e-01	   6.2705445931174153e-01	   6.8497319841717230e-01	   1.0001382074842986e+00	   7.8722923638101039e-01	   1.0411959999597664e+00	   5.0344808420886611e-01	   6.8670094943955795e-01	   6.0390410977096420e-01	   4.3021832771903690e-01	   7.1326668044392394e-01	   6.7253035576183273e-01	   6.9076127157276312e-01	   6.9088335228840603e-01	   6.9293036867241342e-01	   8.2899831168664395e-01	   2.9883062033488195e-01	   4.3648084172717788e-01	   4.8548129319754885e-01	   8.7203776679463685e-01	   6.5670719772090891e-01	   4.1105842608172194e-01	   5.9353734016512694e-01	   4.6899300854673964e-01	  -1.0135152994942848e-02	  -4.4503658601648100e-01	   3.6827354041130195e-01	  -7.0263677864023377e-02	   5.8573831425539713e-01	   5.1293789780391941e-01	   8.8080168299388850e-01	   6.3833162149479405e-01	   9.1142444465641281e-01	   8.5972055519339552e-01	   5.4353605714729181e-01	   3.5123752141724141e-01	   4.5196792958947557e-01	   4.2156313997443201e-01	  -1.4384713300221866e-01	  -3.8527304922675992e-01	   3.6130630503833872e-01	   6.7884804968932300e-01	   5.0188167404387285e-01	   4.5820616849775181e-01	   3.5903748215636577e-03	  -1.8754548682513271e-02	
   7.0692537741953931e-01	   3.8533855300820774e-01	   1.8467353713341755e-01	   4.2999773213140396e-01	   5.8118210523104774e-01	   6.1416510558888759e-01	   4.4296002272516422e-01	   5.7315059579781313e-01	   7.4976780917913854e-01	   7.3461786626983350e-01	   1.2006990519745506e+00	   6.6821947041713481e-01	   0.0000000000000000e+00	   8.8199430059134132e-01	   8.7589440786109551e-01	   7.4160084905506829e-01	   5.7724695190230901e-01	   4.6576889857429782e-01	   5.5313218034925193e-01	   5.7727644163172331e-01	   3.3704294255636624e-01	   4.5351572338456436e-01	   3.5968401644105402e-01	   4.9971502278232555e-01	   1.7595635199301002e-01	   2.8322436350076075e-01	   3.2663619688126266e-01	   4.0412287280503839e-01	   5.8856235784677857e-01	   4.5518025756986813e-01	   4.5443899757251960e-01	   5.3434675811190591e-01	   5.5608347197672303e-01	   6.2696087205846773e-01	   2.9129805646938534e-01	   4.0454581498968245e-01	   4.4510623324503129e-01	   5.1465304265707612e-01	   1.2274832064814481e-01	   1.0431629226110850e-01	   5.3865518155891168e-01	   2.9157601697563557e-01	   1.2422587946984828e-01	   9.9217526644787054e-03	   1.1614993210647266e-01	   1.1297149095149928e-01	   1.0634016308172695e-01	   1.5489392227968318e-01	   9.5338123744023201e-02	   4.0409757201257009e-03	   2.4833312463071974e-01	   3.5390625648918761e-02	   4.5631219970997916e-01	   1.8699392995439384e-01	   2.9907606288492816e-01	   1.3828015321986398e-01	   4.2851964952932253e-01	   3.3952358073501770e-01	   3.8990279971889708e-01	   3.2528417074248578e-01	   8.3640360612712628e-01	   6.5308358507806719e-01	   5.0166850813912311e-01	   6.3519626541319596e-01	   6.4796061789710035e-01	   5.0308459522158211e-01	   4.4881482964858915e-01	   4.1070687301205161e-01	   5.1158824821909343e-01	   5.3734826266048330e-01	   3.7751362722295612e-01	   5.4976262191480807e-01	   5.7033874545297714e-01	   5.8528960538004982e-01	   7.0001642112531814e-01	   7.0088142704718492e-01	   5.2972365535544230e-01	   5.3782554802434124e-01	   3.5959357317755541e-01	   2.5306622156023106e-01	   5.1915707814154644e-01	   5.1710468370831264e-01	   4.9869041196832287e-01	   5.1793748049964816e-01	   5.0039661253375078e-01	   4.5864453239990494e-01	   8.4612977042184151e-02	   1.2579316881189800e-01	   4.9131166511327307e-01	   4.7477684351615079e-01	   4.3716232448082842e-01	   3.7526184206459551e-01	   4.3385354008427596e-01	   5.3398887603005207e-01	   1.7030951880131062e-01	  -2.8346979443809733e-01	   3.8639206663086550e-01	   1.1211077943577501e-02	   3.4077357115856433e-01	   4.3344313644580529e-01	   4.4949938801029721e-01	   6.8198835023178961e-01	   5.2937292837605077e-01	   6.2923819938497172e-01	   3.3302002562568672e-01	   2.9155552192716472e-01	   4.3516161817477766e-01	   4.8958081936181075e-01	  -1.0169752918200059e-01	  -2.0435759740334680e-01	   3.6417061878365198e-01	   4.8414033283199698e-01	   4.3341491425731882e-01	   4.5852762423305138e-01	   9.6172892475385380e-02	  -6.8127149197422243e-02	
