   0.0000000000000000e+00	   9.2341325592445134e-01	   6.4004055942816718e-01	   6.0448384767643548e-01	   4.4593940322290465e-01	   4.3972990650527199e-01	   6.1521504349682254e-01	   6.9371118879976723e-01	   2.9805883535894573e-01	   6.2719360580784322e-01	   1.1671631720495763e+00	   9.5512658986934806e-01	   8.4569235517295382e-01	   8.7675588178853647e-01	   6.9424898013889202e-01	   9.2066144684198492e-01	   1.0150310685895629e+00	   7.2889452901420126e-01	   9.8878947058873556e-01	   8.9351894311495672e-01	   2.9049458888500224e-01	   2.3389350256801922e-01	   4.8948587167280100e-01	   5.5472504901476405e-01	   4.3153360508808902e-01	   5.2008330721239249e-01	   4.1131243723120547e-01	   2.3398109910630138e-01	   9.8606330167421541e-01	   9.7137278066891075e-01	   8.7397896070112990e-01	   7.8553031001393780e-01	   1.2088623759726167e+00	   1.0844467225860035e+00	   3.2873053894336840e-01	   3.8795821718071866e-01	   6.8219994461618949e-01	   8.1902044252831052e-01	   6.5074174451027922e-01	   6.0839421644929337e-01	   6.9219929741173047e-01	   8.7388306893169654e-01	   1.0616944460615982e+00	   9.9464234494814519e-01	   8.0633029169764625e-01	   7.0714057009047770e-01	   1.0793514800296768e+00	   1.1661989260628742e+00	   5.9420727418828923e-01	   5.9713779715503257e-01	   7.1449029127422148e-01	   7.3987399062170034e-01	   1.0351252343279407e+00	   1.1131320000486604e+00	   8.1018723640233814e-01	   8.3473390944601622e-01	   1.0299210698872951e+00	   8.4385524071081042e-01	   5.3256680332711914e-01	   4.4448442841158370e-01	   8.2384655793582973e-01	   6.0291161124862214e-01	   1.0217253886920634e+00	   8.3690778859825954e-01	   3.3599312888430538e-01	   5.2292673022467429e-01	   3.7193222162184947e-01	   4.2241380617035945e-01	   7.7344007737281217e-01	   4.8923339172024849e-01	   3.2233977224042581e-01	   3.5034276797914943e-01	   7.2450937349266942e-01	   7.1125747760993252e-01	   7.8042098494858014e-01	   8.5892379479337722e-01	   8.2600863361154109e-01	   7.5607437243670950e-01	   9.3092865753564724e-01	   7.1912032323042607e-01	   1.1588308493950852e+00	   9.8494484505567759e-01	   8.6818155518040252e-01	   1.0411194431394311e+00	   7.0539056421487012e-01	   7.4091715203473207e-01	   5.6728702274495957e-01	   3.3650201510999073e-01	   5.7214374497692566e-01	   6.5142521623786342e-01	   6.8144361161277223e-01	   4.7504740048117722e-01	   3.9513537680293048e-01	   3.1815049476304508e-01	  -1.0174912945613829e-01	  -7.6960135283038550e-02	   7.2215276978170118e-01	   3.9906281137907973e-01	   1.1388839739319336e+00	   1.2122327207668884e+00	   6.7400704752075469e-01	   4.4864711186171358e-01	   6.3155964684002019e-01	   6.1086241838424427e-01	   1.4177718278061832e-01	  -1.7012484239679290e-01	   1.9354482513295865e-01	   2.3450946496128616e-01	  -1.3326638197535259e-01	   6.6422901908487722e-02	   9.0515052848513489e-01	   1.0142904719200787e+00	   6.0375565576096246e-01	   6.1516298927312030e-01	   7.0380335146320611e-02	  -2.5218357056262762e-02	
   9.2341325592445134e-01	   0.0000000000000000e+00	   3.9257584823221958e-01	   2.9377945864194349e-01	   2.0940115016081084e-01	   2.0933239220246103e-01	   2.4999077437229333e-01	   4.2565912760159236e-01	   1.7315302789168285e-01	   3.0394601126702830e-01	   6.1346830767493854e-01	   6.2646333150506150e-01	   4.2165181449838363e-01	   5.0209359483667493e-01	   3.5282771789686340e-01	   5.3482869548292267e-01	   1.2319133430933460e+00	   1.1008246596467157e+00	   5.5605184979809541e-01	   6.0049428486113676e-01	   5.8283390730047080e-01	   5.0268715099375694e-01	   2.1816513796384202e-01	   2.5315223859244340e-01	   4.3703564040371001e-01	   6.2919410274102772e-01	   3.6850738382927606e-01	   3.9503083202427963e-01	   9.1121515176613055e-01	   1.0443948256433504e+00	   9.5231744305928312e-01	   8.0781751703438287e-01	   9.6026157078815122e-01	   8.7144829340078167e-01	   3.1759672296265135e-01	   3.5019693203486868e-01	   7.1130819693634184e-01	   6.4606154969971130e-01	   9.8010831805178689e-01	   7.3900687477786353e-01	   9.2420245382531729e-01	   7.0442891384301642e-01	   1.0352185940115848e+00	   9.5740345897408297e-01	   5.9982392775957560e-01	   6.9125946210274913e-01	   9.5005672483749526e-01	   8.7330147952384563e-01	   5.1026955036575805e-01	   5.9243441596752000e-01	   4.6080548558097750e-01	   5.8858564870657726e-01	   6.2627571866040010e-01	   7.5310637005228132e-01	   8.5886422586082689e-01	   6.8651095195026979e-01	   1.4669724652727265e+00	   1.4254942146188629e+00	   1.5672034101931948e-01	   2.0921448795268954e-01	   5.1010615673990967e-01	   4.1739637118555589e-01	   7.3728820474535228e-01	   7.6810349269355460e-01	   2.5421041956407364e-01	   3.1983084953612639e-01	   6.3653694152635568e-02	   2.1709315322876171e-01	   3.8212275362345000e-01	   2.1061575925875559e-01	   3.8969302515386667e-01	   4.4036268592167205e-01	   8.9098398005419510e-01	   1.0122762789371467e+00	   8.2457488500061549e-01	   9.4362498955401597e-01	   7.1858858625482724e-01	   6.1705949191898357e-01	   1.2501923174929352e+00	   9.9740684117005285e-01	   1.0038670725189416e+00	   9.6515979740761415e-01	   5.1981449178981076e-01	   7.4600670651675849e-01	   4.6260621667479401e-01	   4.7814146722074624e-01	   3.6108509596684074e-01	   2.6039994109618930e-01	   3.0765393010363928e-01	   2.7822232827203758e-01	   3.3590193151276537e-01	   5.0923430218620433e-02	   2.7795597496670438e-01	   2.7057584371638516e-01	  -1.4476979626409042e-01	  -5.7781931533181292e-02	   6.2512677358697522e-01	   2.4721208271516104e-01	   1.0176051179601890e+00	   8.1440554682739075e-01	   7.2491653177747495e-01	   5.7588159092331803e-01	   5.5822612269924932e-01	   6.5835385503515220e-01	   2.3319536366178234e-01	   1.6218495281084634e-02	   4.3537921867711959e-01	   3.9144505295776610e-01	  -1.8165644559970548e-01	  -1.9822904229256919e-01	   4.9851045518560244e-01	   5.5949302681963231e-01	   4.7888549230035476e-01	   4.8634821415262836e-01	   1.1221694872328550e-01	   1.6039182090917339e-01	
   6.4004055942816718e-01	   3.9257584823221958e-01	   0.0000000000000000e+00	   1.0101312480043498e+00	   8.6274544266031028e-01	   6.5672697360993304e-01	   1.2264772678894647e+00	   4.7163829160021487e-01	   4.9962066396255889e-01	   7.4508107376014765e-01	   6.1861650033758664e-01	   2.9995496161345686e-01	   8.0387912331694356e-01	   5.1845715056744957e-01	   9.1108001433351660e-01	   8.0472180082838130e-01	   3.1051015274591931e-01	   2.2773604214504045e-01	   7.1035053243751267e-01	   6.2263108381637144e-01	   4.9685213825195466e-02	  -1.9007440206256433e-02	   1.3407536915923088e+00	   1.0638792703109878e+00	   9.7783816772170729e-01	   7.9042154556369382e-01	   9.0655128970893428e-01	   2.8785159303223129e-01	   3.7440263257843448e-01	   3.9209911170853723e-01	   8.9787564940302778e-01	   8.1685261162983069e-01	   8.9010285073094320e-01	   7.2183880964914537e-01	   7.7480564362499671e-01	   7.9956730180614177e-01	   3.9102377335501914e-01	   4.2554391187328028e-01	   3.6674800695306253e-01	   3.4304606998546250e-01	   2.9771615330042345e-01	   4.9905000911553032e-01	   8.1040409665652768e-01	   6.7880782226158543e-01	   6.7916047037260907e-01	   5.1382672032250065e-01	   6.9923226048625020e-01	   7.2336358031943815e-01	   4.0471753760874474e-01	   4.0070212026482094e-01	   7.1417613145521242e-01	   5.5280112224533917e-01	   6.9412612685122654e-01	   7.1361073808156894e-01	   4.8656564967726956e-01	   5.7135366156316802e-01	   3.8722330873674454e-01	   4.5871530578835090e-01	   7.5053655336410696e-01	   4.7061243917956569e-01	   5.8042532703827276e-01	   3.2247402895170091e-01	   4.3851135657755463e-01	   4.0041271409603846e-01	   9.3319106624282755e-01	   4.5102047045091015e-01	   7.2947962256813581e-01	   5.3966256368757393e-01	   8.4535419493484709e-01	   7.0083841000807767e-01	   2.1090886207682150e-01	   1.3883498429774171e-01	   3.0757558834877824e-01	   1.0944050147615139e-01	   4.2894119918738188e-01	   4.4330574497911190e-01	   4.6369323189432810e-01	   4.4274752173799470e-01	   4.7300357804865001e-01	   4.5779677803131424e-01	   5.4825025314779707e-01	   6.1330516992388628e-01	   7.5508531016855096e-01	   6.8510987303858994e-01	   1.1239992223254440e+00	   8.7143352826695863e-01	   8.6114336611601927e-01	   5.1711366620824606e-01	   8.1762998196085546e-01	   6.7291004694876522e-01	   5.1366849526130753e-01	   4.9527316262579846e-01	   2.5913426091880509e-01	   3.4682363237336661e-01	  -8.2189752885076739e-02	  -1.3338524182050460e-01	   6.1888492493875291e-01	   2.9280812128388123e-01	   6.0426025590344290e-01	   6.8319856274565627e-01	   2.3345474557932716e-01	   2.2655942773915727e-01	   2.8059210011224034e-01	   3.3688596438232038e-01	   1.4238728757221811e-01	   8.9558140113047205e-03	  -5.4606191597896273e-02	   2.5648316336853316e-01	  -9.8637088915194696e-02	   1.0176370092050828e-02	   7.5216536172005022e-01	   4.8354529042055128e-01	   2.8034517393385316e-01	   3.0089995406198772e-01	  -3.9520057763318794e-02	  -5.4170930322241739e-02	
   6.0448384767643548e-01	   2.9377945864194349e-01	   1.0101312480043498e+00	   0.0000000000000000e+00	   1.0837669269545362e+00	   1.1980052870677194e+00	   1.1131845959226010e+00	   1.0584292130193222e+00	   6.3480443563156208e-01	   1.0103938276860425e+00	   6.4966498969710562e-01	   6.0158196622231297e-01	   7.0610922468164650e-01	   7.0562034383469530e-01	   5.9373402422168364e-01	   7.9998622144323839e-01	   3.6327434874805575e-01	   2.5148551689760046e-01	   7.6250759408751667e-01	   9.1387121632148860e-01	   5.6617882401950259e-02	   9.5133008825082382e-02	   1.1027083701605345e+00	   1.5114079380402179e+00	   7.4015513045757719e-01	   8.2825550133660819e-01	   6.2593462890035323e-01	   3.3442923641390654e-01	   3.1538750513498115e-01	   5.0016283200531886e-01	   5.9637019334812380e-01	   8.0711783292615613e-01	   8.8343055384852898e-01	   9.7537818501479823e-01	   8.1855463040800380e-01	   9.4890684110001822e-01	   2.6635231409638982e-01	   4.0677443321052376e-01	   3.5345151978155842e-01	   4.1714674040059080e-01	   4.3266747330351985e-01	   6.5694365067556726e-01	   5.8662973037852684e-01	   5.6111346599703493e-01	   7.6685578251969611e-01	   6.7670418801649745e-01	   5.6276107268291276e-01	   6.1234530589966008e-01	   6.0345046678631475e-01	   6.2773221978372007e-01	   9.5504430612329316e-01	   7.6907640676540068e-01	   8.5377097086907383e-01	   7.6462150492170156e-01	   5.2207962013347453e-01	   5.9561512364973657e-01	   3.4925372327710119e-01	   4.7785428835700250e-01	   1.2499844231071722e+00	   1.1070799067209487e+00	   8.6448258429472624e-01	   7.2791555521303453e-01	   5.8487457765776141e-01	   6.7726110459133937e-01	   9.2055044324099877e-01	   9.8106180366049789e-01	   1.1462664409460417e+00	   1.1092156888175364e+00	   1.0755432654292882e+00	   1.0668136408007565e+00	  -7.5960875815404283e-02	  -9.2675202863455874e-03	   1.6282345145362012e-01	   1.4041287215822024e-01	   2.7589778716164948e-01	   4.4598757419753254e-01	   2.3024514669626744e-01	   2.7071053049248600e-01	   3.7660016818935149e-01	   4.1233591419940052e-01	   6.4593583883264749e-01	   6.5998650407233039e-01	   8.7990393464787608e-01	   8.3838563439420133e-01	   1.1848221357728246e+00	   1.3384870339060206e+00	   8.6045559455125786e-01	   6.6156616522345335e-01	   1.2403850386435218e+00	   1.2808582029596813e+00	   9.0487106319482469e-01	   6.6196127807333749e-01	   6.0849123301003671e-01	   4.9429078294585238e-01	  -5.4049752407001446e-02	   1.5039067667180359e-02	   4.8338590404770732e-01	   3.3133714775745482e-01	   5.5609685649066964e-01	   6.9127481192652018e-01	   3.9866901751993805e-01	   3.4798133612774063e-01	   4.0137129601715826e-01	   3.9005458107827196e-01	   1.3619542396634002e-01	  -6.5105596905716781e-02	   1.3103409745246572e-01	   3.2377310344882121e-01	  -1.6435262633698527e-01	  -1.5608696152322260e-01	   6.1392836264556505e-01	   5.4206210393988863e-01	   4.9270806350401075e-01	   3.5709124123451419e-01	  -3.9288543030035629e-02	  -1.3972037113340334e-03	
   4.4593940322290465e-01	   2.0940115016081084e-01	   8.6274544266031028e-01	   1.0837669269545362e+00	   0.0000000000000000e+00	   1.2073010010864378e+00	   1.1602852924678997e+00	   6.5203968563324521e-01	   9.5000545762718636e-01	   1.1022609952822615e+00	   4.7178083118599146e-01	   3.3240538303175532e-01	   6.1067704148679725e-01	   4.8356377831844910e-01	   6.3164157279422684e-01	   6.7989338703378799e-01	   2.0951566681117520e-01	   1.1819946802576700e-01	   8.5402371541322331e-01	   9.4713093546997174e-01	  -4.7608308651023775e-03	   4.4655911565643421e-02	   9.4896411470638820e-01	   1.0897101198045542e+00	   7.4659903205406408e-01	   7.1953318219648688e-01	   6.7724691865395359e-01	   2.7228547008736204e-01	   2.4765087843057842e-01	   3.7258054589586076e-01	   3.7219423225071419e-01	   5.8165633818346962e-01	   7.0140496041407507e-01	   6.9574058345040146e-01	   6.4252941908878136e-01	   6.0383493698438440e-01	   2.1840817350490940e-01	   2.4916884478585766e-01	   1.8937504955756254e-01	   1.9856069740000828e-01	   4.3514558414591326e-01	   3.5933046671596008e-01	   4.1305840644119285e-01	   3.6929171506678854e-01	   5.3758357669633661e-01	   4.1771888923605099e-01	   3.4292278383492725e-01	   4.1960494791061498e-01	   4.8389295652665543e-01	   3.9142715244325033e-01	   7.6268232653551660e-01	   5.1907729147181048e-01	   6.0358924483506415e-01	   5.4091150880662997e-01	   2.5867813914720239e-01	   3.0241327515841920e-01	   2.8917403816538845e-01	   3.3861083355074040e-01	   1.0466439836585859e+00	   6.3195275896563752e-01	   8.0674749635808540e-01	   5.6413213745942659e-01	   4.3075933669048705e-01	   4.9157494417561265e-01	   8.6902996142010625e-01	   6.9326425566033822e-01	   9.7536419141007646e-01	   7.7275349848282437e-01	   9.7108503286446468e-01	   1.0564038653255898e+00	  -9.2086281372728854e-02	   2.9477191638581795e-02	   4.3357230653855196e-02	   1.1217349331299285e-02	   1.3900973517927318e-01	   3.3047951522760677e-01	  -2.7813157550803562e-03	   8.0864376146539633e-03	   1.9748883379583385e-01	   3.0320429173673857e-01	   3.7113393448823812e-01	   4.5084503291410999e-01	   6.1165807859472587e-01	   6.1968997038591667e-01	   7.1803736939625973e-01	   8.6919705089392307e-01	   6.5764378644710753e-01	   5.1416858660664411e-01	   8.8365245694468064e-01	   7.9404230771084805e-01	   7.0775418490259057e-01	   5.2206183856698374e-01	   4.3213951474349604e-01	   3.2584517741792024e-01	   1.3672277463267754e-01	   1.7779822335627388e-01	   2.3459942081740151e-01	   1.3483871151290766e-01	   3.2362126471193375e-01	   4.5831004170973549e-01	   2.1235850856942576e-01	   2.0133153880552504e-01	   1.5025535242696397e-01	   2.0952102737246139e-01	   1.1336274955388949e-01	  -3.1060422646180384e-02	   1.8202239505985743e-01	   4.3224725416253029e-01	  -1.2233453310355140e-01	  -2.5677518037852809e-01	   3.7386716942928855e-01	   3.7811121929093516e-01	   2.8586737018092157e-01	   1.6736589456684953e-01	  -4.7786357059032239e-02	   1.7494470201761134e-02	
   4.3972990650527199e-01	   2.0933239220246103e-01	   6.5672697360993304e-01	   1.1980052870677194e+00	   1.2073010010864378e+00	   0.0000000000000000e+00	   8.3687054906119396e-01	   8.4454646136999323e-01	   7.4453539341731279e-01	   1.3382068139003467e+00	   6.3375103914097297e-01	   5.1143969596559646e-01	   6.9994442131247292e-01	   6.5049059993934477e-01	   5.2624514240880138e-01	   7.1648171181516318e-01	   3.3317666227320447e-01	   2.4195069299716765e-01	   8.1486461527977871e-01	   9.4874662471536497e-01	   2.5346737365326187e-02	   1.3470384796703663e-01	   9.0826096592146488e-01	   1.1108999652939060e+00	   6.7666359889664263e-01	   8.0647280834376855e-01	   4.9706095526060567e-01	   3.0180729028576692e-01	   2.5140363078141170e-01	   5.2306369709367107e-01	   3.2893419197315077e-01	   5.6655067389865454e-01	   6.0079049688062247e-01	   7.0814240258411865e-01	   7.3550263464767118e-01	   6.8693943790914658e-01	   2.1282943795596779e-01	   2.5633026532525993e-01	   3.0777245125577540e-01	   3.2295757513323253e-01	   4.8959450353749551e-01	   4.7727583431280823e-01	   4.2355161378366624e-01	   4.2519360407675333e-01	   6.6488667326119710e-01	   5.8625243547426764e-01	   3.9750135909482731e-01	   4.7888458662924260e-01	   5.2583647583002358e-01	   5.3525413241325737e-01	   8.0145556696140563e-01	   6.3036140752581782e-01	   5.3277413032088838e-01	   4.9651748034955417e-01	   3.4699835566342768e-01	   3.8723318901223536e-01	   3.0399605086980136e-01	   3.9921587308253259e-01	   1.0460063463898275e+00	   9.0522516973002831e-01	   8.6027100857329297e-01	   7.4723797497691846e-01	   5.3248159394511863e-01	   6.5609868759015433e-01	   8.5732711053296773e-01	   9.8324139516252895e-01	   1.0202508566690505e+00	   1.1354285103667783e+00	   7.5238463452481663e-01	   9.8399402722555229e-01	  -2.1830348119720003e-01	  -4.4734946573552474e-02	   2.9105669618070432e-02	   7.7415819413383297e-02	   9.8832793117517859e-02	   3.7795763717272646e-01	  -2.8906366385147372e-02	   2.4534633018288295e-02	   2.0686313968963690e-01	   3.1378579123464789e-01	   4.7807487595865561e-01	   4.7302032793335369e-01	   6.8059569261042041e-01	   6.6560357548045346e-01	   8.0302024329154231e-01	   9.6711806744460982e-01	   7.8067957249571118e-01	   6.7770419655149206e-01	   9.9982960268490872e-01	   1.0341579169685009e+00	   9.1421494922607127e-01	   6.4529616521343725e-01	   6.7395477363302925e-01	   4.3406641706175275e-01	  -3.2364706841428038e-02	   9.0823614410381268e-02	   1.6547599057669185e-01	   8.9395575132287741e-02	   4.2220759848593981e-01	   5.3608603168180169e-01	   3.5979469958910287e-01	   2.6487829252262446e-01	   2.4842080900564423e-01	   2.2227777232546964e-01	   9.9601691792113728e-02	  -9.1498700322466667e-02	   2.9401564273231906e-01	   6.0885449332362740e-01	  -2.9513918307437215e-01	  -4.6846498096701777e-01	   3.8041432715130530e-01	   4.5101826199148709e-01	   4.8973950612101563e-01	   1.1381199049407796e-01	  -1.3607968494664749e-01	  -2.2950119146645017e-02	
   6.1521504349682254e-01	   2.4999077437229333e-01	   1.2264772678894647e+00	   1.1131845959226010e+00	   1.1602852924678997e+00	   8.3687054906119396e-01	   0.0000000000000000e+00	   8.1923675678195973e-01	   6.7946035922634107e-01	   9.8865433757502452e-01	   5.8903082381384708e-01	   4.8379746087298958e-01	   7.7661775831036117e-01	   6.7236472935265457e-01	   7.8574312126150436e-01	   8.4214929283302120e-01	   2.3430149980972259e-01	   1.8735060520881566e-01	   7.1498298529425519e-01	   7.2050594961079362e-01	   5.3065476257754152e-02	   2.7637840631919021e-02	   9.8748842104859547e-01	   1.1066880471802469e+00	   5.5887851913445408e-01	   5.8226946072746655e-01	   6.7664929657177031e-01	   2.8653035111945602e-01	   3.7872559661425342e-01	   3.9622721928433141e-01	   6.7934813091639612e-01	   8.3959147768002451e-01	   8.2300596942761939e-01	   8.1636197903578678e-01	   5.6881536713373415e-01	   6.7003865363230286e-01	   2.3643634790492044e-01	   2.7191604907956063e-01	   1.6372724536706137e-01	   1.4332444165592581e-01	   3.3323949621253773e-01	   3.7294464852336123e-01	   6.2217946954491066e-01	   5.3267637206440954e-01	   5.5956554813701120e-01	   4.2871615585750900e-01	   5.0842536105221603e-01	   5.9462169874150195e-01	   3.3011907940249546e-01	   3.4633479667339506e-01	   7.0016556921173345e-01	   5.2082305577450938e-01	   6.7101730596172193e-01	   6.2865770573872348e-01	   2.8667605324276890e-01	   3.5217240176059239e-01	   3.1601498260505717e-01	   3.4005644713309668e-01	   8.8917280856585545e-01	   5.4622539006182380e-01	   8.4464012715509129e-01	   5.9544322451448961e-01	   5.0441546615357047e-01	   5.1758028515503030e-01	   9.8951485013897411e-01	   7.7017669099072084e-01	   7.9411400525105824e-01	   6.0623511514902706e-01	   7.9384721702668515e-01	   7.2587615869555533e-01	   1.4560658142506197e-01	   2.0216379118595554e-01	   2.1495952542318014e-01	   8.5506508254208982e-02	   3.5716215411863173e-01	   4.2541300837178775e-01	   2.8678591651099733e-01	   2.9931768286404381e-01	   3.4516289066795158e-01	   3.5987695466665454e-01	   4.4671970755558499e-01	   5.7777494724347156e-01	   6.5081173459165853e-01	   7.3361681742542084e-01	   8.1011310918661517e-01	   9.8898441021410288e-01	   5.7189231135291574e-01	   3.6367491365050347e-01	   8.3971176493308142e-01	   7.1698136101629739e-01	   6.0826364733864502e-01	   4.7953590151462566e-01	   3.3612904500983770e-01	   2.0372722445713945e-01	   3.3432611406639071e-02	   1.8639572587434525e-02	   3.7257636159527074e-01	   1.6174167345341828e-01	   4.7674461091982107e-01	   5.7921411557541236e-01	   2.0284291288799192e-01	   1.2628041373231844e-01	   1.9088637295145644e-01	   2.3093309572497406e-01	   1.7876488413923264e-01	   1.6871024588671828e-02	  -2.4675934660100762e-02	   2.3850452856160828e-01	  -6.6709291679941163e-02	  -8.0541679104253847e-02	   5.3047513336239116e-01	   4.9661840645243516e-01	   2.1192808671391505e-01	   2.5400345990504936e-01	   2.8448944037039594e-02	   5.3088714675957459e-02	
   6.9371118879976723e-01	   4.2565912760159236e-01	   4.7163829160021487e-01	   1.0584292130193222e+00	   6.5203968563324521e-01	   8.4454646136999323e-01	   8.1923675678195973e-01	   0.0000000000000000e+00	   5.2051159005312342e-01	   8.6433717184926229e-01	   6.4741473896369273e-01	   1.0067174076266194e+00	   5.2572672040267354e-01	   8.9974460997995720e-01	   3.6213849619573363e-01	   6.4927856131478623e-01	   5.7242157536209393e-01	   4.9279025794344861e-01	   5.7446785757891106e-01	   7.4728195351120763e-01	   2.5318121769247992e-01	   3.2268532204443889e-01	   4.7253897304728565e-01	   7.4081364845717312e-01	   3.1323505743736640e-01	   6.0835635276612177e-01	   2.8787850642068347e-01	   3.4281390601785960e-01	   5.2265213354427520e-01	   7.4399070009200663e-01	   5.7934224793325118e-01	   8.7059295304139273e-01	   8.7046210611552799e-01	   1.1650062222897806e+00	   5.1095151642917680e-01	   6.5067716383553831e-01	   2.6020625884841486e-01	   3.5672645226105026e-01	   3.4824565367130195e-01	   3.6726759619414628e-01	   5.7564790440842850e-01	   5.7523061091266015e-01	   6.6354729323523098e-01	   6.5205678207528794e-01	   7.2606170069584408e-01	   7.6974270652569454e-01	   6.2021993528899189e-01	   6.5635985644957373e-01	   6.1327982301376038e-01	   7.3601188380689675e-01	   8.2669011364783851e-01	   8.3786818644233441e-01	   7.6538505433360693e-01	   6.7188284746093940e-01	   4.7680817049242941e-01	   4.8590804069595589e-01	   4.9333524218281177e-01	   5.2244725035072326e-01	   8.6912863715039101e-01	   9.3161889898410433e-01	   1.0737412279380105e+00	   1.3146354920202177e+00	   7.5967320999012944e-01	   9.2380945096293532e-01	   6.7208746767716843e-01	   1.5023314256060569e+00	   6.8759284973569090e-01	   8.9325945141626717e-01	   6.0734642499517189e-01	   6.1628835697030704e-01	   2.0743025831583613e-02	   2.3431983271967011e-01	   3.3593299999500875e-01	   4.2137148763618165e-01	   4.3983722497834465e-01	   6.5637855963470570e-01	   2.7961693952419198e-01	   3.2413029618349193e-01	   5.1718703282537082e-01	   5.3561348782859364e-01	   7.0987997402188241e-01	   7.0341927275211225e-01	   6.4871211760496306e-01	   8.3809953218440081e-01	   6.7798328344546466e-01	   1.0677187483419617e+00	   4.2847979060804431e-01	   3.9091620213191708e-01	   8.3760150084311613e-01	   9.3127105328427506e-01	   7.2881604204532346e-01	   3.4681189174323518e-01	   5.0142222368040790e-01	   2.0538592396152192e-01	  -1.7174174632127281e-02	   9.5512926229729150e-02	   3.9589374899274343e-01	   2.4260270797597888e-01	   6.1906875329494038e-01	   6.2334132238616424e-01	   4.3744682542631241e-01	   2.4793455554620156e-01	   3.5706238011975339e-01	   2.8979692031563459e-01	   1.1939442860176705e-01	  -1.1172951337364204e-01	   1.8629083815412917e-01	   2.5343344613912788e-01	  -1.2913446192131198e-01	  -1.9639117109230528e-01	   4.8376712708198155e-01	   5.8395879146687635e-01	   3.9655645136701989e-01	   3.2737821250448434e-01	   3.3958619576755771e-02	   1.5288284399496818e-01	
   2.9805883535894573e-01	   1.7315302789168285e-01	   4.9962066396255889e-01	   6.3480443563156208e-01	   9.5000545762718636e-01	   7.4453539341731279e-01	   6.7946035922634107e-01	   5.2051159005312342e-01	   0.0000000000000000e+00	   7.4921165787786093e-01	   4.1172895651044178e-01	   2.3538635119662571e-01	   4.8723232733152638e-01	   4.0899458887144163e-01	   2.6547291004817597e-01	   2.5815539248643410e-01	   1.3249486772685501e-01	   1.5259692166672245e-02	   5.2256940022899934e-01	   4.8927014422235615e-01	   6.7964307330615731e-02	   1.0975858130139202e-01	   5.1125193876991082e-01	   4.9422885465874500e-01	   4.0379356239817538e-01	   4.4493901752642678e-01	   3.4402833367336627e-01	   2.6006435079017509e-01	   1.3252382943106722e-01	   1.9817669160765844e-01	   2.1167585607913297e-01	   3.4377969727017849e-01	   4.2901652737391666e-01	   4.4036683148172329e-01	   5.1357317964087801e-01	   5.2286824200848869e-01	   2.5947255665850627e-01	   2.2508436514764532e-01	   2.9070891767726970e-01	   2.6742289730791102e-01	   4.6038166623367638e-01	   3.6862744696031546e-01	   3.5717914066842898e-01	   2.9800679677789632e-01	   3.0673368250266375e-01	   2.3052491922326213e-01	   3.0559193696240783e-01	   3.7590022114889571e-01	   2.8733153084523222e-01	   2.6856179815390235e-01	   5.8379095711054974e-01	   4.7399134655562947e-01	   4.9311785351018267e-01	   4.2436573767691460e-01	   3.0732544630698738e-01	   2.6053845698757461e-01	   1.8307857900556454e-01	   2.5822077084205874e-01	   5.4840311353236215e-01	   3.9556433822868958e-01	   5.9163619547735946e-01	   5.1837422532864375e-01	   2.1783324787525682e-01	   2.6403092640920195e-01	   7.4014542096068237e-01	   6.4713230173035352e-01	   5.7213331927683841e-01	   5.1623821650019575e-01	   4.8049166753566530e-01	   5.8634165066350574e-01	  -7.5748719001738157e-02	   3.8964639716456126e-02	   3.9032202660703293e-02	   9.2932497886321866e-02	   1.9756722459689430e-01	   2.8196722728938189e-01	  -1.8796895042249333e-02	  -6.5895559021434583e-02	   7.1272156810935738e-02	   1.1051995942731259e-01	   1.4644624330113581e-01	   1.4798769730844427e-01	   2.5933307992874038e-01	   2.7858617317118439e-01	   4.2945385060868341e-01	   5.6854647980935402e-01	   2.9002564232836725e-01	   2.2928754096845552e-01	   5.5959866856147933e-01	   5.6464436987071420e-01	   4.4493227494062088e-01	   3.3048080049574141e-01	   3.8931455991621400e-01	   3.8144395172647849e-01	   8.4208554808291855e-02	   1.8440506661847267e-01	   1.2174222616394620e-01	   6.0319914595529996e-02	   2.4795310401923981e-01	   2.9010298168858917e-01	   1.4275437603781943e-01	   1.8559423798595470e-01	   3.4590144657714247e-03	   9.3991973715762941e-02	  -3.9456707105463264e-02	  -1.2869616557386995e-01	   1.0333712315063651e-01	   3.9342950285281775e-01	  -2.6920590007549244e-02	  -2.6193346958802055e-01	   2.7457206687203461e-01	   3.1738915647797633e-01	   1.7392196164252638e-01	   8.0875359936844290e-02	  -6.7512954611780321e-02	   7.6857267748872025e-03	
   6.2719360580784322e-01	   3.0394601126702830e-01	   7.4508107376014765e-01	   1.0103938276860425e+00	   1.1022609952822615e+00	   1.3382068139003467e+00	   9.8865433757502452e-01	   8.6433717184926229e-01	   7.4921165787786093e-01	   0.0000000000000000e+00	   8.2854455572935415e-01	   7.1414005524908752e-01	   1.0713425709454161e+00	   9.7061690441937398e-01	   8.0824126764432291e-01	   1.0095615782764544e+00	   4.9360194072852026e-01	   4.4296473526252167e-01	   9.1611182244373013e-01	   9.2185274278299445e-01	  -9.0246721353999443e-02	  -6.6050653732095524e-02	   7.8901931966160777e-01	   9.9058822971839677e-01	   4.8356167026563524e-01	   5.8354080559532373e-01	   3.6198362405591800e-01	   7.3986847391888128e-02	   5.6076557690559992e-01	   6.7817398188788713e-01	   4.7265328577513688e-01	   6.7865278755062952e-01	   7.6513557143508826e-01	   8.5751028397488738e-01	   4.8809740606815089e-01	   4.6103217947935898e-01	   3.3054697496698326e-01	   3.5202981887512713e-01	   2.5841456890941050e-01	   2.5287952942909325e-01	   4.3883139620041450e-01	   5.5202937906653538e-01	   5.0317730276798933e-01	   4.5023947903829831e-01	   7.2442661662677876e-01	   6.2938920236841711e-01	   4.5454874724568206e-01	   5.3189121325293187e-01	   4.5543731538452575e-01	   4.7332170465234064e-01	   6.5779834951136595e-01	   5.3333822797932884e-01	   5.5624690932063525e-01	   5.2007075537476921e-01	   3.3386001232844703e-01	   3.7087922921965105e-01	   3.7834543285069311e-01	   4.1188111894566115e-01	   8.1734391425730801e-01	   5.9963551690313388e-01	   1.0821456332291404e+00	   8.8725630084665097e-01	   7.5439197755011678e-01	   8.4564182804125454e-01	   7.7617596422085178e-01	   9.5369220871073823e-01	   6.9681024954854487e-01	   7.2313327296915508e-01	   6.9978082146381160e-01	   7.1039454553242509e-01	  -4.4516994190360246e-02	   1.5197057493776356e-01	   2.8689301858362037e-01	   2.3718609790542217e-01	   3.3065984747838228e-01	   6.3520621017862111e-01	   2.2491738912353665e-01	   2.6671026834716394e-01	   4.0775448275437465e-01	   5.0599655863559934e-01	   6.6164137256681532e-01	   6.1391082351470350e-01	   6.5415619144579074e-01	   7.7954638973995960e-01	   6.4467307980899358e-01	   7.6488672027789784e-01	   6.1303182399302802e-01	   4.3056946211989444e-01	   7.1850553186317023e-01	   7.5608065830407323e-01	   7.5772984806879662e-01	   5.1596314959461242e-01	   5.0776359213902089e-01	   2.5731532210977925e-01	  -3.1098059275166408e-02	   5.1282375784590113e-02	   2.5233351746013000e-01	   1.3375242825477121e-01	   5.0061770540455230e-01	   5.9043240370676275e-01	   3.6619461181234580e-01	   2.3820784400622508e-01	   3.0162913647645268e-01	   2.6787200149322149e-01	   9.9200200335852196e-02	  -1.3042773504972277e-01	   2.0613910037106598e-01	   3.8854637999812258e-01	  -1.4901650736486380e-01	  -2.1658098647499199e-01	   4.3486759471358488e-01	   5.3915492435091283e-01	   3.7730147941641345e-01	   3.1096189581320699e-01	   1.8297977980067884e-02	   1.4689681838487506e-02	
   1.1671631720495763e+00	   6.1346830767493854e-01	   6.1861650033758664e-01	   6.4966498969710562e-01	   4.7178083118599146e-01	   6.3375103914097297e-01	   5.8903082381384708e-01	   6.4741473896369273e-01	   4.1172895651044178e-01	   8.2854455572935415e-01	   0.0000000000000000e+00	   1.0009376942084049e+00	   1.2594174311225290e+00	   1.0816773990003705e+00	   7.8631689401828908e-01	   9.1834510933289160e-01	   8.6827006899425141e-01	   6.0232749999684387e-01	   1.0047605401484838e+00	   8.3599573660206361e-01	   8.1272666055255322e-02	   6.0685471655685524e-02	   6.3593208646039290e-01	   6.3153142455787226e-01	   4.0972968964462159e-01	   4.4858990977375413e-01	   3.0389682348661523e-01	   9.6976470336839621e-02	   8.7787477168363304e-01	   8.6228964616087111e-01	   6.7013316533867517e-01	   6.3404864802812433e-01	   8.2747296376990032e-01	   8.0603330379796456e-01	   3.6954844541058501e-01	   3.4991815596034265e-01	   5.6954896865209836e-01	   6.4314531904211802e-01	   5.8661672425910716e-01	   5.1360051254958561e-01	   5.2242673254475691e-01	   8.4894646547821373e-01	   7.8479248149022252e-01	   7.6799852579768668e-01	   7.8373869709563615e-01	   6.4827101729068681e-01	   9.0742425920552039e-01	   9.5174349577770734e-01	   5.4444001396546771e-01	   5.3960224616302188e-01	   6.7738922955221548e-01	   6.6898772380869886e-01	   8.5856253037063701e-01	   8.9149446867807791e-01	   7.4494863525171684e-01	   7.8734006667326106e-01	   6.1388408185079901e-01	   5.9437953005707045e-01	   5.7825337866730497e-01	   4.6347389121000093e-01	   8.4446437696736787e-01	   6.2358288316158472e-01	   1.0488045120565030e+00	   8.1594411918818988e-01	   4.2411876752590338e-01	   6.0493712046675852e-01	   4.3906354409615250e-01	   4.9149909024412564e-01	   6.5227704405372910e-01	   5.2398741407773675e-01	   1.7497377595035113e-01	   1.7471997003328016e-01	   5.2109931885673610e-01	   4.8982143522004806e-01	   5.8741889932452995e-01	   7.1075598153319641e-01	   6.4667750919696287e-01	   5.8994829031421003e-01	   6.7123884175852644e-01	   4.9617038129962460e-01	   1.0110930420785456e+00	   6.9910251019620917e-01	   9.2534456437709145e-01	   8.7164349120674334e-01	   6.8880817011487727e-01	   6.5251200409593346e-01	   6.6305228022443363e-01	   3.2538300659930003e-01	   6.0043152723131687e-01	   7.1912881356026903e-01	   8.3473916603754672e-01	   6.6801927082025125e-01	   5.4790239143041175e-01	   4.0198638839606243e-01	  -2.8357251379200288e-01	  -1.9500165505655384e-01	   4.7709624942007889e-01	   2.4615494282591732e-01	   9.9472973998569403e-01	   1.1136716573820351e+00	   6.7561387875523682e-01	   3.6353530064200951e-01	   6.1302927166395915e-01	   4.5591615040831329e-01	   6.1262736015831355e-02	  -2.1732886935201107e-01	   1.4666511171148300e-01	   3.1701629390986802e-01	  -2.3394899959663445e-01	  -5.4908774406469872e-02	   7.0979043454022672e-01	   8.6782704187027759e-01	   6.8810894779500409e-01	   3.8661128157698710e-01	  -8.8986524638214756e-02	  -1.5792604775051347e-01	
   9.5512658986934806e-01	   6.2646333150506150e-01	   2.9995496161345686e-01	   6.0158196622231297e-01	   3.3240538303175532e-01	   5.1143969596559646e-01	   4.8379746087298958e-01	   1.0067174076266194e+00	   2.3538635119662571e-01	   7.1414005524908752e-01	   1.0009376942084049e+00	   0.0000000000000000e+00	   7.4796346209958275e-01	   1.3686660238499653e+00	   5.7845709422734748e-01	   8.9369992591815528e-01	   9.0152803939378257e-01	   9.0453729252706638e-01	   6.1626294809312621e-01	   7.1229971703465045e-01	   2.7277493193093771e-01	   2.4044127093607234e-01	   2.5137942222920184e-01	   5.1627759645321403e-01	   1.0574883733616569e-01	   3.2027387066109292e-01	   1.6269039754592060e-01	   1.8534012885101969e-01	   1.0952338191712567e+00	   1.1295690550580315e+00	   6.2535004074232614e-01	   7.8346981943421312e-01	   7.7131051000832185e-01	   9.7629565847899002e-01	   1.0076191952678520e-01	   2.0236191085965669e-01	   4.8248563757695645e-01	   5.3585536197461314e-01	   4.0978774847668942e-01	   3.3675493814700552e-01	   6.1797735591747671e-01	   6.4995975641786974e-01	   6.2362786131059844e-01	   6.5510109224217472e-01	   5.9141967801410511e-01	   6.4926274208673673e-01	   6.8304206206277041e-01	   7.0124175301115821e-01	   4.8225777775137041e-01	   5.8160868191907056e-01	   5.1598755125308271e-01	   6.2582793285295302e-01	   7.3634632273094214e-01	   6.6512738314237863e-01	   5.4881272298416617e-01	   5.4334607374000055e-01	   6.3709754465648305e-01	   6.2664657722932349e-01	   5.5227184225220982e-01	   6.0585048005609177e-01	   1.0421897248232674e+00	   1.0906343278368666e+00	   1.1545078134776710e+00	   1.2314511642928732e+00	   2.1011842422273772e-01	   8.1859592815460103e-01	   2.5899805202774906e-01	   4.1686315893661474e-01	   4.5956382924477635e-01	   3.3112900128047834e-01	   2.5643211099418561e-01	   4.1385138191795123e-01	   7.1041951416273130e-01	   7.2794750342799075e-01	   7.0682921322573933e-01	   9.0173711822177705e-01	   5.7205250953592945e-01	   5.7583752545178535e-01	   8.2912741460068173e-01	   7.2775071409837166e-01	   1.1190639745450175e+00	   9.8365865963082710e-01	   7.0680698528121477e-01	   9.6827099602956790e-01	   4.3936134170967350e-01	   7.1305839981237817e-01	   3.7397038113603542e-01	   1.9292601402385839e-01	   4.8647063193487250e-01	   5.8863931524841373e-01	   6.3680021970253586e-01	   2.9647319251855520e-01	   4.5133063612838697e-01	   9.0993407552494035e-02	  -5.9148001963690959e-02	   2.3791035423690467e-02	   4.5583607965027612e-01	   2.9697690654180031e-01	   8.1173237960086297e-01	   8.1345367993885376e-01	   7.3484515553616947e-01	   3.2466583451464759e-01	   6.7735220204833735e-01	   5.0302368410350784e-01	   2.2019132659291649e-01	  -5.9691523051767427e-02	   2.6378986045603836e-01	   1.3746272814871616e-01	  -2.6839876830253677e-02	   5.8090541681822235e-04	   4.4098538990742953e-01	   7.4354897149237320e-01	   5.4541083617374264e-01	   5.5475249772179647e-01	   1.7405477320381074e-01	   1.5866237113513820e-01	
   8.4569235517295382e-01	   4.2165181449838363e-01	   8.0387912331694356e-01	   7.0610922468164650e-01	   6.1067704148679725e-01	   6.9994442131247292e-01	   7.7661775831036117e-01	   5.2572672040267354e-01	   4.8723232733152638e-01	   1.0713425709454161e+00	   1.2594174311225290e+00	   7.4796346209958275e-01	   0.0000000000000000e+00	   1.1435637637780420e+00	   1.1063918088872642e+00	   1.0838696824321681e+00	   5.5000634576451146e-01	   4.8597726625910209e-01	   8.7334383488796385e-01	   7.1574210780244862e-01	  -5.0978423622310233e-02	  -1.0927766235799898e-01	   7.4292897847109673e-01	   7.4894084135791317e-01	   4.4236905327073456e-01	   4.4756933492841816e-01	   3.5380061135267366e-01	   2.6390846989409354e-03	   7.4519163700412927e-01	   6.7644456203467573e-01	   6.4549124079454789e-01	   6.4675954388842127e-01	   7.3336817153084666e-01	   6.9292150612035608e-01	   3.8283746406019975e-01	   3.4771653813636016e-01	   5.4495784134817826e-01	   5.5418581535226263e-01	   4.3818061161356980e-01	   3.7350737387298638e-01	   3.6628049669952428e-01	   6.5793596539223498e-01	   6.0139622421617278e-01	   5.5108115666947244e-01	   6.3734512704240254e-01	   5.2041430861777305e-01	   6.4003023908440748e-01	   6.9424970642626704e-01	   3.3993727845060956e-01	   3.5801638321355722e-01	   5.6083256153666849e-01	   4.6696240768719693e-01	   6.3851214230602016e-01	   6.1497543236545205e-01	   5.4427941795441059e-01	   5.8033764511547481e-01	   3.9218466731162860e-01	   4.4288148905541391e-01	   5.1880080408428220e-01	   3.3673830397458260e-01	   8.2511091147634086e-01	   5.5217459867761909e-01	   7.5109475496413991e-01	   6.7899423047744223e-01	   6.0467049801114403e-01	   5.6126762616267112e-01	   4.1285915224125541e-01	   3.7623880987950103e-01	   5.6785435479425628e-01	   4.4342719849957540e-01	   1.5161145816551486e-01	   1.9713401200998756e-01	   4.7406988127622640e-01	   2.6533327767377241e-01	   4.7972728105135404e-01	   6.0521420765523903e-01	   5.6027790379289000e-01	   5.3574624411128802e-01	   5.3214298958298389e-01	   5.3576169116453276e-01	   7.4579694037109534e-01	   6.6421354676964228e-01	   7.4672828940998826e-01	   7.4341030064896219e-01	   6.8288513971675047e-01	   6.2099470773375209e-01	   6.8296244823361796e-01	   2.9972200452700060e-01	   5.8593102802357999e-01	   5.8620186488512172e-01	   5.8906019764422912e-01	   5.5215522375436965e-01	   4.2109514686933691e-01	   3.1060065074569354e-01	  -2.3908148692808084e-01	  -2.0464973364535272e-01	   4.0075362321487656e-01	   1.7073524752862823e-01	   6.6330556609353364e-01	   7.6297603803351444e-01	   4.6200475650989592e-01	   3.1069455519725464e-01	   4.8357222323597304e-01	   3.9987650741067882e-01	   4.3091673893708965e-02	  -1.8886906210359408e-01	   1.2087747296008212e-01	   3.0146076917883313e-01	  -1.5429232053400904e-01	  -7.5212751493150300e-03	   5.7291421133855802e-01	   5.8193163947338522e-01	   3.8546243288974613e-01	   3.8979164861719551e-01	  -8.9737123064855331e-03	  -1.4990903388100080e-01	
