   0.0000000000000000e+00	   5.9426139793522548e-01	   2.1234363853058835e-01	   1.4807274654199379e-01	   3.0816109599497549e-01	   2.7758760690638101e-01	   1.2833945124477056e-01	   2.4119924667495540e-01	   3.0833389031412306e-01	   5.1540069525743659e-01	   5.6163267632380653e-01	   3.0055136457894643e-01	   3.0604143986205856e-01	   3.8172725914888184e-01	   6.0843303554183614e-01	   5.1422071969742822e-01	   4.7035639887390202e-01	   4.0275506825696533e-01	   5.6375813376115791e-01	   4.9472912755717990e-01	   5.4174334156027071e-01	   5.1646181259587820e-01	   7.5275268532963555e-02	   1.0748894415705007e-01	   3.2648150605732101e-01	   4.0188606685832223e-01	   2.1804217348109139e-01	   3.9213699651260320e-01	   5.6616445474199661e-01	   3.6013833956784524e-01	   2.7492929834636570e-01	   1.6454501806411201e-01	   5.0446967142289101e-01	   3.9510131112474878e-01	   1.3398817678747826e-01	   1.5443133493857106e-01	   5.8652495277629058e-01	   5.8989675563130495e-01	   5.4744405788227302e-01	   4.5124727317521929e-01	   5.3459403745478151e-01	   3.7331698963271870e-01	   5.0743461948871471e-01	   5.4342170533954237e-01	   4.0064988466937490e-01	   4.6388967484800547e-01	   4.5949103862677942e-01	   6.8319347058825763e-01	   3.6465441295746215e-01	   5.4658911237187835e-01	   4.1211547104813412e-01	   5.0065620501767949e-01	   3.8959220321293453e-01	   5.0984433364051096e-01	   4.4844047297269568e-01	   4.3774560542666940e-01	   7.4766601142434364e-01	   6.1772852196877714e-01	   2.5605627252352708e-01	   2.8316016528987120e-01	   2.0270828409625330e-01	  -2.4802500021292005e-02	   3.1125729501065369e-01	   3.4912429680322182e-01	  -1.3814838744038882e-01	   7.1617416623577637e-02	   2.0510048643943035e-01	   2.6601927057860636e-01	   3.8145464290560116e-01	   3.8360940344963501e-01	   2.6814623289425055e-01	   3.5680729925512433e-01	   6.6648661757269434e-01	   3.8826987757229703e-01	   5.2233120889656837e-01	   4.7315782078791790e-01	   4.6857056237179329e-01	   4.5369717074760901e-01	   3.1135102720764740e-01	   2.8165163633041290e-01	   4.2001688913568891e-01	   5.6055392414520699e-01	   3.7502958944077208e-01	   3.9481208851135874e-01	   3.0130617660464015e-01	   3.4059108885655914e-01	   2.3403367409747444e-01	   3.5903597653501312e-01	   4.0648761464384864e-01	   5.5187339259008639e-01	   5.7576118470598603e-01	   4.2601520227832979e-01	   2.1306826524313974e-01	   2.5118779543735592e-01	   5.4996279972797169e-01	   4.5472061816928427e-01	   4.6308977443763488e-01	   4.0605088955425833e-01	   6.2086891496459862e-01	   8.0320310979270215e-01	   4.7547681300840494e-01	   3.8012500218546791e-01	   5.8973712179961013e-01	   7.8799080980306235e-01	   4.5516319365119962e-01	   5.2475016400024277e-01	   2.8622739178665957e-01	   3.5708086662953126e-01	   1.0480963146411409e-01	   4.2448861552898393e-01	   5.8573769838333400e-01	   8.7349971536932125e-01	   5.7450994311040160e-01	   7.9579980235944070e-01	   4.6022568501736033e-01	  -1.7731972498944487e-01	
   5.9426139793522548e-01	   0.0000000000000000e+00	   1.7705609167744229e-02	   6.0707478405614190e-02	   1.4762252825598030e-01	   1.9664532690456255e-01	  -4.5198221100531913e-02	   9.5777124358200419e-02	  -2.3112500597894849e-02	   2.0733315167674762e-01	   4.1629524767351012e-01	   3.5118075406202270e-01	   2.2424269956237830e-01	   2.6342949099625501e-01	   4.2546311419267879e-01	   3.4599660257705922e-01	   6.8464560752799519e-01	   1.1333293364466670e+00	   4.5412260954089234e-01	   9.1662462838250036e-01	   4.6715958904876376e-01	   5.0257230771455541e-01	   2.1646471565585726e-01	   5.4262700991561649e-02	   3.9389510223947544e-01	   3.7158397804010074e-01	   4.9294271697082725e-01	   4.8968981476651158e-01	   5.5985571029546821e-01	   7.0690175284465828e-01	   2.6470879979813466e-01	   1.9354117322059042e-01	   4.8038440861137688e-01	   6.1463034294915642e-01	   2.4350400621184792e-01	   2.5233790827555880e-01	   4.6950465232194682e-01	   4.6250481975520397e-01	   5.1280002914891387e-01	   3.7044161108186091e-01	   6.0267056303321509e-01	   4.2792834916182398e-01	   5.6045433087505570e-01	   5.7893735107469968e-01	   4.2698135160681350e-01	   4.9785144208095172e-01	   5.6799122316542261e-01	   6.2679995833072311e-01	   5.1845741010622326e-01	   5.7099636236041484e-01	   5.1528996907572933e-01	   5.3750127369891576e-01	   5.0553975285304675e-01	   4.8504244577824962e-01	   5.7947740618292565e-01	   5.3790417317483186e-01	   4.9663547975352001e-01	   9.0342622221263513e-01	   9.8363637195019712e-02	   2.6007867994608463e-01	   4.4141940575771615e-02	  -7.5446855332908513e-02	   2.7455394906586905e-01	   4.1843454286942544e-01	  -2.2479403453832012e-02	   5.0330499865520344e-02	   1.8019122194122897e-01	   2.3407896133120984e-01	   3.1034393080038453e-01	   2.1478981822610385e-01	   2.1563929975454021e-01	   2.6030222695686972e-01	   6.7380277057822735e-01	   6.2443824191925401e-01	   3.7713367944327808e-01	   5.9946742870965575e-01	   4.8328642072661349e-01	   5.6143555801152145e-01	   7.4580936544514331e-01	   8.1411041649343174e-01	   6.6000164753956414e-01	   6.9288367421346619e-01	   2.9505307451626528e-01	   3.7672699671555987e-01	   4.0827937329774400e-01	   2.0580214351809609e-01	   3.0558858591556265e-01	   2.0191258424910075e-01	   3.4479075137551635e-01	   4.7163870869779317e-01	   4.0564080835213734e-01	   1.1883464610614963e-01	   2.6591903977722733e-02	   1.4464633306908176e-01	   3.9251191330390622e-01	   4.7846427437934569e-01	   4.6248038935781199e-01	   4.2639969935496447e-01	   8.2356425639837982e-01	   6.7497067251179543e-01	   2.9258359989035498e-01	   2.3688412916865806e-01	   4.7913234758122203e-01	   3.9834877237745303e-01	   3.5635484915348387e-01	   4.3659779698218992e-01	   3.0968113636421035e-01	   2.5611733684058946e-01	   1.0314358572738513e-01	   4.2257481167236705e-01	   4.9410616733549995e-01	   7.2561536307217545e-01	   4.0848736325789653e-01	   6.8195042022690022e-01	   4.6003351391840858e-01	  -9.2385700502651824e-02	
   2.1234363853058835e-01	   1.7705609167744229e-02	   0.0000000000000000e+00	   4.2640114435102555e-01	   5.1192558720187820e-01	   2.1510075659183536e-01	   6.8962357719075218e-01	   1.9670350213748433e-01	   4.5450479300790730e-01	   3.4825078183147962e-01	   3.5559745560804978e-01	  -5.3104819159315683e-02	   2.8142130569448609e-01	   1.4104424913035973e-01	   5.4888696293917183e-01	   4.7566557891003924e-01	  -2.4727171399307285e-01	  -1.6727047762057143e-01	   8.3094473127619728e-01	   3.4261397091482965e-01	   3.8256733369677620e-01	   3.0876887409374626e-01	   6.8172480378147893e-01	   4.6049603109609960e-01	   3.5972632032714025e-01	   3.4114100633488681e-01	   3.1545433998663536e-01	   3.1328092290190013e-01	  -3.0919447193972240e-02	  -1.0816514746028910e-01	   5.8450769442384076e-01	   4.6254317425787084e-01	   4.3248362459810613e-01	   1.1081868291433980e-01	   2.5065180302894802e-01	   1.0868140891194743e-01	   1.3360487961365566e-01	   7.8556463895295275e-03	   3.1093768469665495e-01	   1.2029735491073577e-01	   1.0706433395905235e-01	  -3.2862435498171749e-02	   1.1285653413531663e-01	   1.2637298393193691e-01	   5.3128503422893159e-02	   1.5026896641956763e-01	   1.5193873124782459e-01	   2.5833301557961363e-01	   1.1747781230004975e-01	   3.4199319436976033e-01	   1.7370468569063124e-01	   2.1171854386481950e-01	   1.8432425635243335e-01	   2.3525064745390872e-01	   1.4495341711499948e-01	   1.5260085738376225e-01	   1.2177909903933635e-02	   1.1763548130197342e-01	   2.3043228660655773e-01	   2.4242374162876931e-01	   1.9707788594999315e-01	   4.7000266603358258e-02	  -1.1148231648451695e-01	  -8.1634652669861404e-02	   4.4286747705844703e-01	   2.9019294785388833e-01	   2.9145769025933443e-01	   1.5008371911963878e-01	   5.8186255195429792e-01	   4.3231821812262128e-01	   1.1960118843683333e-01	   4.0505763120368798e-02	   5.7363723689553565e-02	   2.5644363908648760e-02	   2.2328573197331653e-01	   8.3235586570120285e-02	   1.0236134591639845e-01	  -8.0046912797884090e-02	  -1.2930608801842652e-01	  -5.9562376378007521e-02	  -6.2250544410435864e-02	   1.6127146156600802e-01	   5.1296429466627702e-01	   3.0187578557057843e-01	   6.0599551866470025e-01	   4.1766873381637609e-01	   2.8062160290552840e-01	   4.8588593548025205e-01	   5.8667341155042207e-01	   3.3076659846997586e-01	   3.2080605325944533e-01	   6.4263927578528612e-01	   1.8285666790610658e-01	   5.7697748087602463e-01	   1.5714369739645198e-01	   1.9493528383676800e-01	   1.7130842709595415e-01	   1.8872448263798966e-01	   1.8017802264753394e-01	   2.7449149522708766e-01	   2.5803898382543600e-01	   5.3468207463859352e-01	   2.3056107804875459e-01	   4.2657708178649717e-01	   1.0882260344419473e-01	   2.1858518398772767e-01	  -3.4333432089772138e-02	   1.6856958078990728e-01	   2.9132619580350344e-01	   1.3555128589796747e-01	   1.6522768088949180e-01	   2.6097456817817344e-01	   2.2172360993422430e-01	   2.3721158394413872e-01	   2.2955212624295512e-01	   1.2537194619432460e-01	
   1.4807274654199379e-01	   6.0707478405614190e-02	   4.2640114435102555e-01	   0.0000000000000000e+00	   1.9533594032432652e-01	   2.9692017164678769e-01	   2.6178066438710379e-01	   4.1552073373562637e-01	   3.9090817887589023e-02	   2.2171779955055271e-01	   3.4452442335813366e-01	   4.4517999912726802e-01	   1.6160088179119003e-01	   4.4881737468567801e-01	   3.6714807178033054e-01	   7.9711637664292168e-01	   5.3462072826374475e-02	  -2.6070404510942190e-02	   2.4015359359100852e-01	   3.3843162169263241e-01	   2.9113578719120586e-01	   2.8629860706306415e-01	   5.5476358887771138e-01	   1.0630812039020185e+00	  -4.2880305789380312e-02	   1.5128718127453303e-01	   1.7903112045447112e-01	   2.5678252488531628e-01	   9.5448410837702335e-02	   1.7532288222959580e-01	   3.6309431428798855e-01	   6.5148533708652123e-01	   1.3837580124763199e-01	   1.9774246255841266e-01	  -1.2289428291093937e-01	  -1.5771119507324075e-01	   2.7425182834637629e-01	   2.2773724894533068e-01	   2.9613363596413445e-01	   2.2704419226152728e-01	   3.0522878638008888e-01	   2.4451300967192768e-01	   1.3266449496259664e-01	   1.3845573557816607e-01	   7.9390593001134643e-02	   2.5401758350920950e-01	   1.2759566616135204e-01	   2.9522061129994048e-01	   4.0545093297862343e-02	   2.3054421805655467e-01	   4.6284115695390551e-02	   1.2090019900168274e-01	   2.7661243953065751e-01	   3.3095615987721472e-01	   2.6424681564740438e-01	   4.0739891920541216e-01	   8.7156185665163047e-02	   1.1183570145163957e-01	   4.7367793333376185e-01	   6.3696520853331362e-01	   3.2046820100657014e-01	   4.6115832578254762e-01	   2.8414831702023385e-01	   2.3946951625242702e-01	   2.3821541975594548e-01	   4.7345923328583400e-01	   2.9495172735557029e-01	   3.7451443052134570e-01	   2.1679568211746850e-01	   4.3446927277223613e-01	   7.3971662576358038e-02	   5.2608712039978223e-01	   3.0887535151192919e-01	   3.4709471266486192e-01	   3.1448963605758906e-01	   3.5747400949062369e-01	   3.2125126233466905e-01	   3.0575667070653872e-01	   7.3406755310679667e-02	  -2.0730627572402446e-02	   2.5480675195908420e-01	   3.7792741040383176e-01	   6.5763502822922659e-01	   7.8720515268091795e-01	   6.3088977750772968e-01	   1.0227722506653849e+00	   8.1548908443263324e-01	   5.0514873118407699e-01	   3.4417619433402497e-01	   5.6388185668040713e-01	   6.9197960163808681e-01	   3.9880119570956690e-01	   6.3097812120324637e-01	   2.1390441653984960e-01	   6.3270160781174228e-02	   1.4688600585704314e-01	   2.3618145895715725e-01	   3.7806879763296880e-01	   3.8187683101693615e-01	   4.3158115709977385e-01	   6.6009304213028275e-01	   2.6767096511483124e-01	   5.6115281966220598e-01	   4.8374907739839790e-01	   4.5921287970034613e-01	   1.2325062668896476e-01	   2.7441329136117526e-01	   1.9629515177258869e-01	  -1.4898396999501649e-02	   5.2721869310943775e-02	  -6.2784137688534844e-02	   1.5426192028007388e-01	   2.9625053335653417e-01	   3.5843735198870008e-01	   3.5704550449870420e-01	   1.1259633542164051e-01	
   3.0816109599497549e-01	   1.4762252825598030e-01	   5.1192558720187820e-01	   1.9533594032432652e-01	   0.0000000000000000e+00	   7.6807625919651723e-01	   1.0839635284932456e+00	   5.9643250356262245e-01	   1.2559601885896730e+00	   5.7145480612387789e-01	   4.3905443858750570e-01	   2.7987837068243021e-01	   9.4072962217509570e-01	   5.0502055478451924e-01	   6.9540457502927244e-01	   4.2354988774996483e-01	  -8.0517508400821017e-02	   1.0492536165843103e-02	   4.3678876940111278e-01	   3.1219061367133533e-01	   4.3312978025672055e-01	   3.4011962518217220e-01	   2.0502394077869393e-01	   2.1198074118182314e-01	   4.8977351040830919e-01	   3.0309719446921013e-01	   5.0016468428729732e-01	   4.2465971013273346e-01	   3.6450718326040306e-02	  -1.1183158217102957e-02	  -2.4822750796092349e-02	  -7.9958978935557784e-02	   2.9605726100308272e-01	   3.2022540406509720e-01	   2.9118938017683943e-01	   2.4912705800192320e-01	   4.0175948889528335e-01	   2.4038669064314350e-01	   4.3790858162032981e-01	   1.9802606269827436e-01	   2.1142722283203408e-01	   1.7406388306160783e-01	   1.5149136475600472e-01	   8.8974136674581178e-02	   2.8591229868817669e-01	   2.6281129371972317e-01	   2.1772360683093853e-01	   2.7801065280763226e-01	   2.8729096430671730e-01	   4.0702961715159863e-01	   3.9225611718606368e-01	   3.3757321322198441e-01	   4.7426392336209572e-01	   1.5819982280565098e-01	   4.1024949296106195e-01	   2.6377862698620119e-01	  -2.7917903422916778e-03	   1.2274169471037491e-01	   3.5242359645443738e-01	   3.5281856206798529e-01	   5.2186643467814819e-01	   2.8516733942717937e-01	  -1.2911651731417575e-01	   2.5756208464490706e-02	   5.0551011556418990e-01	   4.9912700537803079e-01	   4.7475488262280996e-01	   4.1516739266686076e-01	   5.1307774957395069e-01	   6.2740558247633615e-01	   3.1412294282334208e-01	   3.2727742010046734e-01	   1.0117287367356088e-01	   8.7238128279888180e-02	   2.4612793218315779e-01	   1.3275834201510661e-01	   2.8586867462771925e-01	   1.3919703991148694e-01	   7.7337869847668120e-02	   1.4597953028227348e-01	   2.2854891648124376e-01	   3.8624077540879409e-01	   1.6641138067886552e-01	   1.3174877588514569e-01	   4.9525846715687044e-01	   2.6222123627185029e-01	   2.7243043733210220e-02	   1.0796138669710274e-01	   9.8299849537342021e-01	   6.0564465108919574e-01	   5.9493323166059819e-01	   8.9323024671555229e-01	   5.5537149743746406e-01	   7.3002917995932826e-01	   3.0998863332239229e-01	   1.6292639087911823e-01	   4.0031982452464171e-01	   1.8403529889444281e-01	   3.3156012340053870e-01	   3.4598261311977013e-01	   6.0614019168967048e-01	   5.7552157799796622e-01	   5.2244541785608978e-01	   6.5562772948822867e-01	   5.1160933687284560e-01	   5.5613284234780891e-01	   1.9462586982472671e-01	   3.7890827503143165e-01	   1.3662939327362161e-01	   6.9162742342474381e-02	   4.6028528022016357e-01	   4.7135895879964929e-01	   5.8819396700365667e-01	   3.5747687626074393e-01	   4.1196940588970044e-01	   5.0942764632240456e-02	
   2.7758760690638101e-01	   1.9664532690456255e-01	   2.1510075659183536e-01	   2.9692017164678769e-01	   7.6807625919651723e-01	   0.0000000000000000e+00	   5.3074648208251496e-01	   1.1772287503083461e+00	   3.9524629991074189e-01	   9.3924306683275427e-01	   5.0703995378826150e-01	   4.1998718151793890e-01	   7.9476284940972319e-01	   6.5333491080023764e-01	   6.0842128374934956e-01	   5.6077762348506943e-01	  -1.6947515830955905e-02	   8.2558791271812620e-02	   3.7109893729562937e-01	   3.3200715288423716e-01	   4.2069534851438051e-01	   3.9914288774134543e-01	   2.5855600151466274e-01	   3.8176968657424704e-01	   4.3954101773408316e-01	   5.9042870689754134e-01	   3.4091720398016045e-01	   5.2684403965569915e-01	   1.1040627748927817e-01	   1.2404482330652609e-01	   7.6381195002531696e-02	   8.2474018334195542e-02	   9.2833156307561060e-02	   4.7060221692859949e-01	   2.2672448477844143e-01	   4.1108869036747042e-01	   2.7576686084069724e-01	   3.6040663444950127e-01	   4.6451294873194782e-01	   4.7980586308802087e-01	   2.0503170144185606e-01	   2.3013151493967210e-01	   1.7685575786389240e-01	   8.9878320526100730e-02	   2.5090403400373323e-01	   2.4729874484026887e-01	   2.7298610333063700e-01	   3.2654854564892427e-01	   2.4128760107057076e-01	   4.0600809916114877e-01	   3.1300130298848378e-01	   3.3407099520292571e-01	   4.2482834687889104e-01	   8.2003925806625744e-02	   3.4319441112088994e-01	   3.4041162078883047e-01	  -1.2666009654107135e-01	   1.1331968582517171e-01	   3.3829948348417199e-01	   6.5526452659226631e-01	   5.0926443728294657e-01	   6.2759721085456921e-01	  -6.8985340752071814e-02	  -1.8286535395387143e-02	   3.2548169384430847e-01	   5.3538805037050685e-01	   3.6741224787874444e-01	   4.8650423113736718e-01	   4.0211362591599165e-01	   6.4847984479303422e-01	   5.0302622312407397e-02	   3.1501642018141923e-01	   2.6098191016885895e-02	   9.2522226527541343e-02	   9.8128242721151324e-02	   1.9044608842275373e-01	   2.2046898095096662e-01	   2.7965953440549246e-01	   1.6282069943204047e-01	   1.8033739836902557e-01	   3.3353887646274244e-01	   3.1754050363868608e-01	   1.5443133001129519e-01	   2.9578695586463583e-01	   5.2366028470624870e-01	   1.9790340827354808e-01	   1.5749441378802101e-01	   1.9410139020030842e-01	   9.0029480677814122e-01	   9.1868743852074009e-01	   5.1670341300808353e-01	   4.3466493425925329e-01	   6.1089748799517674e-01	   2.0899982322785005e-01	   1.6977879121096670e-01	   2.8454408881815602e-01	   2.9275474100977078e-01	   2.7487104714922717e-01	   2.9164197994244445e-01	   2.8974823311839143e-01	   5.8277108558888846e-01	   7.9622906256178030e-02	   4.0299641460470931e-01	   3.7833719198884252e-01	   4.6621170766779818e-01	   2.9005055549481223e-01	   3.3826037971115575e-01	   4.7486896746499430e-01	   1.6910245493224624e-01	   9.8809179693674476e-02	   3.7386994885441793e-01	   2.4465479639038432e-01	   3.6482703634056612e-01	   3.6470827807841932e-01	   4.1375416907332230e-01	   1.5191135306093676e-02	
   1.2833945124477056e-01	  -4.5198221100531913e-02	   6.8962357719075218e-01	   2.6178066438710379e-01	   1.0839635284932456e+00	   5.3074648208251496e-01	   0.0000000000000000e+00	   6.2816470026509330e-01	   8.5206158521213338e-01	   5.0277816699677402e-01	   5.0217144856931550e-01	   2.4987063043598892e-01	   9.4074554306521607e-01	   4.4861017380131463e-01	   3.2591088797332546e-01	   3.6674444644769599e-01	  -9.0579848203884539e-02	  -1.4004910754055469e-01	   4.0308310624791738e-01	   2.1465679832512297e-01	   2.9153671507311069e-01	   2.0086380813364257e-01	   2.7609426045822168e-02	   1.2033545312998126e-01	   2.1589373312934615e-01	   1.0832412642207442e-01	   2.1135441533302601e-01	   1.9618738431075186e-01	   8.4770083669453877e-02	  -6.7523348750214832e-02	  -5.5177649453761191e-02	  -4.9434831828704784e-02	   2.5964898105820527e-01	   2.2863339739741176e-01	   1.5094756527309597e-01	   1.4834011759278512e-01	   1.3624711224920602e-01	  -1.2525313345142064e-02	   3.3333960408682445e-01	   9.7797145136855029e-02	   1.1103843342380181e-01	   7.4863422101337201e-02	   9.0264477422856579e-02	  -7.7006381959050779e-03	   1.2956686681213381e-01	   1.1824179413914372e-01	   1.3210939040559358e-01	   1.3971343984107223e-01	   7.3111423165294676e-02	   1.5444138966234405e-01	   2.1045876470479952e-01	   8.1856870780816507e-02	   3.0449960507482465e-01	  -9.9874991226411969e-02	   2.9058396388391938e-01	   1.0743288577981079e-01	  -1.5961777842091124e-01	  -1.4929528391012919e-02	   5.2427895937846680e-01	   3.1964559065779619e-01	   7.8205069012733230e-01	   3.0199553861743017e-01	   4.3235149701668835e-02	   5.5356620099484138e-02	   6.5204700088511791e-01	   4.9558863398197450e-01	   4.9137929216200388e-01	   3.3388424946173101e-01	   4.0450391652093126e-01	   4.1990699876407978e-01	   2.5790383438099768e-01	   1.7530392197112749e-01	  -2.6086135108423007e-02	  -7.2379383565094949e-02	   1.8326615240443930e-01	   1.8486409132781136e-02	   1.8284920272982125e-01	  -6.9304081036188347e-02	  -8.0266212534692377e-02	  -3.3866530468941676e-02	   1.0453899971807619e-01	   2.2187120913396705e-01	   2.0821632271756962e-01	   1.0078420464934017e-01	   3.2015892054305817e-01	   3.2841318749227733e-01	   4.3351290624042679e-02	   7.6215709993793040e-02	   9.0908594683197497e-01	   4.0333412090335052e-01	   2.9302010580140231e-01	   5.0281716942165600e-01	   3.8345373006287264e-01	   4.9689676158836465e-01	   2.2463216147773524e-01	  -2.9520404721349522e-02	   3.0287558474360421e-01	   8.1706791733579351e-02	   1.6927670527973473e-01	   1.4284631997250635e-01	   4.0983081666462595e-01	   4.5645710645064985e-01	   2.9591748244656879e-01	   4.2901593930866017e-01	   3.2976387240011157e-01	   3.2351331756387941e-01	  -8.6377497454892399e-02	   9.3732069281727906e-02	   9.3602674397139402e-02	  -4.7415003635806467e-02	   2.3186570916610044e-01	   1.6118744506279017e-01	   2.9220469664930482e-01	   1.7232776756533794e-01	   2.0715396767009528e-01	   1.2554052284106887e-01	
   2.4119924667495540e-01	   9.5777124358200419e-02	   1.9670350213748433e-01	   4.1552073373562637e-01	   5.9643250356262245e-01	   1.1772287503083461e+00	   6.2816470026509330e-01	   0.0000000000000000e+00	   3.9872617248373576e-01	   9.0066198004687004e-01	   5.9208597451509681e-01	   5.7251997558675805e-01	   7.4912637548458216e-01	   6.8689859734145819e-01	   4.0881273821107766e-01	   4.9062279507708234e-01	   2.8888120222864237e-02	  -3.2377206708513837e-02	   3.3945054422187354e-01	   2.6210601580918069e-01	   3.2255300738937631e-01	   3.3652421284040590e-01	   1.4193924416451729e-02	   2.0676097088457487e-01	   1.0636721763022684e-01	   2.7680951742007731e-01	   1.1614817830664688e-01	   2.5689397138139258e-01	   2.6145615433834712e-01	   2.2877044285954004e-01	   3.5272220228412064e-03	   5.1168233611450079e-02	   1.7157161114955650e-02	   5.0834012355833647e-01	  -1.8092392400580921e-02	   1.8494886506525668e-01	   2.5975256428178078e-01	   2.7273561610258112e-01	   4.3842611650446212e-01	   4.3648831012205364e-01	   2.4538744759909384e-01	   3.4380116393164856e-01	   1.6775158576500868e-01	   2.8124170611078438e-03	   2.1644055503101711e-01	   2.2787344768496401e-01	   2.8450265446656936e-01	   2.1579444888022734e-01	   2.6102476748546544e-01	   3.8366640037154154e-01	   2.6235482684061873e-01	   3.1377587605311885e-01	   4.2485259023172695e-01	   9.7878784821785941e-02	   4.2171157505111517e-01	   4.1137050619672205e-01	  -1.8966077185404248e-01	  -7.8859713260348539e-03	   5.4839197959315666e-01	   8.0067447766298627e-01	   6.0147740583142772e-01	   7.7417583252200139e-01	   1.0353326275413202e-01	   1.3536384677221119e-01	   1.8917192754906481e-01	   4.0347848288999832e-01	   3.2458428131824046e-01	   3.9554771793304688e-01	   2.1954182607365882e-01	   4.0155270758512729e-01	   5.4863377123833365e-02	   3.1447830574422292e-01	   8.6915211980202065e-02	   1.9815505951532364e-01	   1.7745683131366896e-01	   2.8276401780087501e-01	   2.5267566628760091e-01	   2.5021366374784643e-01	   7.5600774585218675e-02	   5.5082017182087883e-02	   3.4107663178088410e-01	   2.4134709472850341e-01	   2.3819570675751986e-01	   3.3604555500101191e-01	   3.9333454241630672e-01	   2.3905216250710537e-01	   2.7823634140943604e-01	   1.2060278732330185e-01	   6.8642324588107573e-01	   7.8000976292892865e-01	   4.0350166916118341e-01	   2.3502368121502726e-01	   4.4198706491468415e-01	   5.5919860336284960e-02	   5.5686009357399945e-02	   1.1316963738439369e-01	   2.8223197993008597e-01	   2.0470866741294674e-01	   3.1994613429230273e-01	   2.4335368809511335e-01	   5.3006748749131216e-01	   5.8587182749703315e-02	   3.7767503917303663e-01	   3.3939030628723893e-01	   4.8152112511927414e-01	   1.6282310904414746e-01	   2.9565095766873878e-01	   3.3070455995401632e-01	   1.5192803280125208e-01	   1.2385645001742794e-02	   1.4680037266827151e-01	   9.2210326031967271e-02	   2.6967121894469581e-01	   2.9471995771268505e-01	   3.5571041211055165e-01	   5.2555137433638210e-02	
   3.0833389031412306e-01	  -2.3112500597894849e-02	   4.5450479300790730e-01	   3.9090817887589023e-02	   1.2559601885896730e+00	   3.9524629991074189e-01	   8.5206158521213338e-01	   3.9872617248373576e-01	   0.0000000000000000e+00	   4.6855173422033869e-01	   3.4137713846907347e-01	   1.7179008334486975e-01	   6.7939856319160374e-01	   3.8854477511347985e-01	   5.1936935079579516e-01	   2.8539776369759029e-01	  -1.1153368665935981e-01	  -1.2517899208470845e-01	   3.0320616667814226e-01	   6.8285787212034280e-02	   1.9845511214606262e-01	   1.1716340806534005e-01	   4.7356105705322726e-02	   6.2235919137292747e-02	   2.3470642924303015e-01	   1.2844460499570479e-01	   2.2156182519269413e-01	   1.9481547274214828e-01	  -5.8170905553335477e-02	  -1.5697853519401900e-01	  -7.4231618814629516e-02	  -1.5098404185735295e-01	   2.0164051266878727e-01	   1.3628264754364317e-01	   1.4168238931370067e-01	   6.7006133568087614e-02	   1.8761860156806676e-01	   2.3925639319379979e-02	   2.7715609160488586e-01	   7.6594526076551830e-02	   6.3352388108254942e-02	   5.5323412388155316e-02	   4.1077732574211885e-02	  -9.5194143900578128e-03	   1.6187010786528991e-01	   1.1855157587597613e-01	   1.1932261479722668e-01	   1.0825631758208201e-01	   2.3846577897963167e-01	   3.3990177106017783e-01	   2.6857156292179596e-01	   2.8975461201507174e-01	   2.7910255124096905e-01	   1.1820000745211459e-01	   2.6300900076326222e-01	   1.6406897307244644e-01	   6.6156854664970510e-02	  -6.5830971085024635e-03	   2.7188349384396371e-01	   2.3749003225110354e-01	   4.9405352830921084e-01	   2.6667164455617587e-01	  -1.4955281507817478e-01	  -2.5411735461885854e-02	   3.8253577339892653e-01	   3.6914581303036514e-01	   2.5186823823668586e-01	   1.8673323515962423e-01	   3.8648241387214627e-01	   4.8981038553904727e-01	   5.6180082176508120e-02	   4.5789978407873300e-03	  -6.1226332152521983e-02	  -3.8159453522085891e-02	   9.1671664720415560e-02	  -3.2724635059634542e-02	   4.8678633693794132e-02	  -1.3587042648868236e-01	  -6.3876879865990485e-02	  -2.7638608016213650e-02	   5.9779115760240087e-02	   1.9322471676210998e-01	   7.8108023377944619e-02	  -8.1628196052093271e-03	   2.9826056696377884e-01	   1.3506578901437694e-01	  -8.8385668451115618e-02	   5.5443991744846252e-02	   6.0640541463208397e-01	   3.3336088683486309e-01	   3.8788522673119064e-01	   7.3949278274258223e-01	   3.6649710136289948e-01	   6.9920194190100671e-01	   3.1872570830248725e-01	   1.0459109906152272e-01	   3.3137570790174398e-01	   9.0267076725462900e-02	   2.3622183754794279e-01	   2.4945450893224067e-01	   4.1251791876529598e-01	   6.1571950281317578e-01	   3.1259097143864367e-01	   5.4478949936327847e-01	   2.4895997099030975e-01	   3.7431310677988405e-01	   1.2254564332473465e-01	   3.1224562550063795e-01	   1.2076884857497999e-01	  -1.6065644515586005e-02	   2.7786695991197863e-01	   3.8054643156268775e-01	   4.5717460706236612e-01	   1.9644252862632353e-01	   2.4151022047641788e-01	   6.1950088567072218e-03	
   5.1540069525743659e-01	   2.0733315167674762e-01	   3.4825078183147962e-01	   2.2171779955055271e-01	   5.7145480612387789e-01	   9.3924306683275427e-01	   5.0277816699677402e-01	   9.0066198004687004e-01	   4.6855173422033869e-01	   0.0000000000000000e+00	   7.3862031732728728e-01	   5.1372502222111849e-01	   6.7761082061904365e-01	   7.4409374990494648e-01	   5.8402093358788931e-01	   7.7186784398066588e-01	   1.2572711425961602e-01	   1.1096184958691845e-01	   4.4018569570831917e-01	   3.0257964224801359e-01	   4.7075181653976222e-01	   4.2214148583624683e-01	   9.0873274104741067e-02	   1.9478729864858035e-01	   2.2138450738199139e-01	   4.2393595402084516e-01	   7.9978895858984558e-02	   2.7493611330722079e-01	   3.8043745000631368e-01	   2.6345816739805605e-01	   1.5420899722721379e-01	   9.5135307200491084e-02	   2.5146860492892575e-01	   5.2710375626246064e-01	   6.4124023330991889e-02	   1.9861288406164168e-01	   2.1201157877265639e-01	   2.9522338026594824e-01	   4.1136746910084410e-01	   3.2374563657279615e-01	   2.8717413966253419e-01	   2.1143395267439186e-01	   2.2285842136051029e-01	   1.6129476263926726e-01	   2.3799597764365971e-01	   2.8066026663928184e-01	   2.6984833590409341e-01	   3.1090117796531230e-01	   2.9168240006810442e-01	   4.6176709964623913e-01	   3.6917641202283419e-01	   4.0900444968676652e-01	   4.1645012033252432e-01	   2.4896930265234340e-01	   2.5706740786099513e-01	   2.6570411168320546e-01	   8.1296479635114896e-02	   2.0562212977137825e-01	   3.7672899025674950e-01	   6.5673750840285539e-01	   4.7022525881514127e-01	   5.2978272439992913e-01	   1.2580311782139114e-01	   1.9173372667672617e-01	   9.7837108046381099e-02	   1.9971044881796657e-01	   2.2049878801752312e-01	   2.7462574286061270e-01	   3.7468418310101054e-01	   5.0388094106207493e-01	   5.0086084939814351e-03	   1.7789463807481676e-01	   7.3584278034711126e-02	   6.3165627045268763e-02	   1.0526794548648111e-01	   1.5491313533930953e-01	   1.6795170085503736e-01	   1.4527658969162072e-01	   1.1185171143367645e-01	   1.0980021553982604e-01	   3.6200491886072345e-01	   3.4124626362882582e-01	   3.2961063888857284e-01	   3.6480422168716647e-01	   4.0132922167162283e-01	   2.2884493555081181e-01	   1.7701032731994298e-01	   8.9879796311943178e-02	   5.9557158349316208e-01	   7.2374981049112608e-01	   4.9730762778713222e-01	   3.6987767888793177e-01	   4.0983930352101605e-01	   1.6940290416830744e-01	   1.1521285005721042e-01	   1.6438013251266809e-01	   1.9899937184224775e-01	   1.2307241606019789e-01	   3.6330464870438783e-01	   3.3606756238292645e-01	   5.7876621365584890e-01	   1.9674908250980561e-01	   4.7017813006569992e-01	   4.8842547511434609e-01	   4.1898948248836881e-01	   3.2893932229243056e-01	   2.9935271526283663e-01	   5.2749369289535042e-01	   1.2676867333762576e-01	   9.5394094859508668e-03	   2.0013989988389186e-01	   3.2669593832525207e-01	   4.4650486157432745e-01	   4.6195415003822249e-01	   3.7052063931542151e-01	  -3.5189033594285601e-02	
   5.6163267632380653e-01	   4.1629524767351012e-01	   3.5559745560804978e-01	   3.4452442335813366e-01	   4.3905443858750570e-01	   5.0703995378826150e-01	   5.0217144856931550e-01	   5.9208597451509681e-01	   3.4137713846907347e-01	   7.3862031732728728e-01	   0.0000000000000000e+00	   6.8218751383945975e-01	   8.8468530010830360e-01	   7.9715788117911979e-01	   6.1833842560455643e-01	   6.8645436440465457e-01	   2.4622453005662115e-01	   2.4571946014471741e-01	   6.0430120367247264e-01	   4.8478538263241411e-01	   3.7792794088562837e-01	   3.2577594361301754e-01	   7.0560114201537696e-02	   1.4517828431012070e-01	   5.1979936464114314e-02	   1.6794042546934257e-01	  -1.6037632069260340e-02	   1.9217137709283796e-01	   6.1201426760338851e-01	   4.1386494572591215e-01	   1.1886551433954239e-01	   1.7208332769966042e-01	   3.5057732674234315e-01	   4.6018778594506360e-01	   3.4025685508176307e-02	   1.6636182450064285e-01	   2.3322578579542902e-01	   2.1584330161775514e-01	   3.6883504556371294e-01	   2.9624550845024666e-01	   3.8606629183327190e-01	   4.4069726004524096e-01	   1.6665666792569001e-01	   1.7428472494941019e-01	   1.9500534231307870e-01	   3.0209782400402840e-01	   2.7028701076244871e-01	   3.3340000428786237e-01	   2.1575079584240189e-01	   4.0917732462345818e-01	   3.3990783215928499e-01	   4.4920402516811658e-01	   4.8249839421151119e-01	   2.9986522903864732e-01	   5.1579070853244025e-01	   3.7322874189049432e-01	  -3.0054557449123907e-02	   2.4502059966618084e-01	   3.5569287394356186e-01	   4.0988804912247545e-01	   5.9960777843287638e-01	   2.9132803231053039e-01	   3.3773456080331721e-01	   3.7585635675748474e-01	   2.9294189191355546e-01	   3.0532727557213496e-01	   1.8833103524310288e-01	   2.2011755365776048e-01	   3.4572264558810845e-01	   2.3950619841083953e-01	   1.7427519798274876e-02	   1.9245174128227560e-01	   3.2504009646007920e-01	   1.9377607294646695e-01	   2.6726369081134843e-01	   2.9419804730057253e-01	   2.8668835393247205e-01	   3.4912565002908330e-01	   8.3343532035746209e-02	   1.1597545235141296e-01	   3.2341432239441859e-01	   3.7134890077174415e-01	   5.7026266224852251e-01	   4.3926366240018511e-01	   3.5850309790386026e-01	   4.3392513446509395e-01	   1.6821448762268501e-01	   7.0991371800537134e-02	   5.9303464345231971e-01	   7.5038167311586501e-01	   3.6982155130410665e-01	   2.3959307815730665e-01	   1.7184966032183605e-01	   1.0088983415808117e-01	   1.1630676090772402e-01	   1.9947571577501866e-01	   3.7403073054400265e-01	   3.3907415086952303e-01	   5.1039303332524466e-01	   3.7350563410485588e-01	   3.3640980907741580e-01	   2.5398210191226062e-01	   3.6036022847381294e-01	   4.2366082883905681e-01	   4.5810088521526648e-01	   2.3269781092582581e-01	   2.5877722843619400e-01	   3.8133094570100456e-01	   8.5357004102247971e-03	   4.7456839102585448e-02	   2.6083047250239255e-01	   3.1809037670734891e-01	   3.2353464076566218e-01	   5.9125162491998529e-01	   5.4208457141553745e-01	   1.0861720589369411e-01	
   3.0055136457894643e-01	   3.5118075406202270e-01	  -5.3104819159315683e-02	   4.4517999912726802e-01	   2.7987837068243021e-01	   4.1998718151793890e-01	   2.4987063043598892e-01	   5.7251997558675805e-01	   1.7179008334486975e-01	   5.1372502222111849e-01	   6.8218751383945975e-01	   0.0000000000000000e+00	   4.5541588199131033e-01	   1.0741752884988314e+00	   3.0628112748245817e-01	   6.8046714118378959e-01	   3.7427406691625803e-01	   3.0856039961497084e-01	   3.0950630029436516e-02	   2.4324528575913965e-01	   2.2853730749951906e-01	   2.7929405697430965e-01	  -1.0719230299887181e-01	   1.5865443048835573e-01	  -7.7982634078759536e-02	  -5.3829946757197725e-02	  -5.2046055717751682e-03	   3.3535682295679985e-02	   6.6230904257595080e-01	   6.7363224404458766e-01	  -1.0480153430654056e-01	   8.4954359935022778e-03	   1.1201086614054477e-01	   4.7967663139550065e-01	  -2.1966594090555311e-01	  -1.0701515504914316e-01	   2.7593902142851207e-01	   2.8695694147466422e-01	   4.1533438770075948e-01	   3.5728257683445386e-01	   4.6900787797197785e-01	   5.5810184623221670e-01	   2.8175213339246880e-01	   2.6763994468239843e-01	   2.9240264416341999e-01	   4.0787628175746271e-01	   3.8355026450321128e-01	   2.8666630570890372e-01	   3.6192342004676786e-01	   3.8856188102573164e-01	   3.6735753141389627e-01	   2.9875486754676767e-01	   6.4719781829995637e-01	   2.7836980995161664e-01	   6.4568892428363478e-01	   6.1395077521775288e-01	  -7.9480049758929194e-02	   5.8700505237164448e-02	   5.4392274745644520e-01	   6.6179354900886178e-01	   5.6599263318636994e-01	   6.8687332970053050e-01	   6.5204775537113957e-01	   7.6852081069938483e-01	   2.3235916793576224e-02	   1.6967400765934218e-01	   1.0561619042082288e-01	   2.0491689927061496e-01	   1.2174661181068722e-01	   1.9835693560048923e-01	  -5.6795798907098675e-03	   3.0264500457292770e-01	   2.6752057068287888e-01	   2.5897949705778117e-01	   1.4695028539255872e-01	   3.3543726339856761e-01	   1.0197687350563500e-01	   2.0297942808985350e-01	   1.2419708615340083e-01	   4.5072200475322843e-02	   6.8178562657332054e-01	   5.2580211998391946e-01	   4.5518656694632864e-01	   5.7068472792618075e-01	   3.7626747164336422e-01	   4.6788369868081214e-01	   3.8816752333575133e-01	  -4.3118974855660581e-02	   2.9292350255374228e-01	   6.1236192717691917e-01	   3.8916455195832350e-01	   4.3016251569001795e-02	   1.6270418701289174e-01	  -3.7952645010543289e-02	   1.0718691785259969e-01	   1.3704278386952637e-01	   4.7135163382146766e-01	   4.1793522526316496e-01	   6.8986375845442705e-01	   3.9964920968701151e-01	   3.5474753311003376e-01	   1.3117875359592515e-01	   4.2697393979235010e-01	   3.3901927322198488e-01	   5.4931284969668337e-01	   2.4204283751874367e-01	   4.4040906152034753e-01	   3.0130464848629313e-01	  -1.8084614771536753e-01	  -2.4433822665227190e-02	   7.0593655298543403e-02	   1.6165013588730293e-01	   2.8981839676707305e-01	   4.9688051013978818e-01	   5.2450087763480535e-01	  -6.3737852478943230e-02	
   3.0604143986205856e-01	   2.2424269956237830e-01	   2.8142130569448609e-01	   1.6160088179119003e-01	   9.4072962217509570e-01	   7.9476284940972319e-01	   9.4074554306521607e-01	   7.4912637548458216e-01	   6.7939856319160374e-01	   6.7761082061904365e-01	   8.8468530010830360e-01	   4.5541588199131033e-01	   0.0000000000000000e+00	   8.5948245599397499e-01	   5.8379538569726430e-01	   4.8063657889560890e-01	   5.0236035628424956e-02	   1.1950179860859429e-01	   3.4327865716954276e-01	   3.3919248464067248e-01	   3.3154406591500685e-01	   2.2975250702172470e-01	   1.3241975619116126e-02	   1.1237625393072688e-01	   2.6631392556515232e-01	   2.3991784585964165e-01	   2.1519880164373265e-01	   2.4618148953591970e-01	   2.4194972395924758e-01	   9.0007666827346136e-02	  -1.1147031828241773e-01	  -8.0944694849505325e-02	   2.4837731468695209e-01	   4.6767976255427979e-01	   2.5145254072166839e-01	   3.8589946700661815e-01	   2.4212065221154802e-01	   2.3624268206325916e-01	   4.4946163789595223e-01	   2.7281109043634266e-01	   2.4919940029700804e-01	   3.3975677336666649e-01	   1.7098811099220898e-01	   8.6183648106317540e-02	   2.8757933232793564e-01	   2.5391878292488446e-01	   2.6586097775359441e-01	   2.6529123103213237e-01	   2.4977702802077745e-01	   3.4328938244526475e-01	   4.1888048682172419e-01	   3.7241533917830988e-01	   4.8241946951993958e-01	  -1.1790773284521532e-02	   4.8354417422028639e-01	   2.2286839942562942e-01	  -1.3235877351563771e-01	   9.7678953139773678e-02	   3.6285837020197548e-01	   2.9208326746545099e-01	   8.0803614923871325e-01	   3.4246230043703629e-01	  -1.6634091263826817e-03	   1.0878062232371716e-01	   6.1605674760503037e-01	   5.8907454246805313e-01	   4.8450718241547752e-01	   4.7336232932465971e-01	   3.7323268592678338e-01	   4.0000917736069341e-01	   1.4841870859251041e-01	   2.9960386118389210e-01	   1.4006923682068509e-01	   8.9509529794135928e-02	   2.2727863976657015e-01	   2.1880496256033924e-01	   3.1787784439759936e-01	   2.7663766460587980e-01	   1.2843234181617785e-01	   2.2600856856186197e-01	   2.0304619030120952e-01	   3.3513444453137414e-01	   1.6230846950170061e-01	   1.1035227549904178e-01	   2.8931205491597778e-01	   2.8787870021636408e-01	  -3.9770239230125168e-02	   2.6276884850458003e-02	   8.3595720381466831e-01	   6.1613427960520373e-01	   3.9284949682010906e-01	   3.5766357253265685e-01	   3.4576490834154766e-01	   2.6598964561371985e-01	   2.0015145830104297e-01	   1.1062336642695608e-01	   4.2692136183217572e-01	   1.9498949729130854e-01	   3.0854345679060391e-01	   2.0572564334598550e-01	   4.3305857453791285e-01	   3.1997623477823395e-01	   3.5584651980955462e-01	   3.9336610123602378e-01	   4.9290959108095289e-01	   3.4650807000200873e-01	   1.7960343205704860e-01	   3.1524543082770307e-01	  -2.8756456799125384e-02	   2.7803428740693182e-02	   4.3582559023361744e-01	   2.7245820335527604e-01	   3.9692308075607097e-01	   3.3230163116348560e-01	   3.5483676302953227e-01	  -6.3514318513200524e-02	
