   0.0000000000000000e+00	   9.5489978320858315e-01	   3.9650587936252252e-01	  -1.2935086445469046e-01	  -1.7070310501877325e-01	  -1.3095925956521334e-01	   3.3710579003705399e-01	   1.3145815662921473e-01	  -4.0842387497354180e-02	  -1.6757093202918716e-01	   7.5369257484818020e-01	   2.8569706248742133e-01	   5.6840081036670487e-01	   4.4532002386810021e-01	   4.9206592984167408e-01	   4.2610122805195283e-01	   8.6729394198544119e-01	   7.0596827282146302e-01	   5.7946512769911185e-01	   2.0621487784513559e-01	   2.1966523441548799e-01	   2.4000827182597045e-01	   8.3324290878976956e-02	  -1.8373742012197472e-01	  -2.1587142734258719e-01	  -2.2605815350257932e-01	  -1.7639205460804098e-02	   1.0668417851508035e-03	   7.4220404523296390e-01	   6.7331981922765671e-01	   2.3119138006755002e-01	   1.5611701341922804e-01	   4.9988726557056623e-01	   3.5788032197372294e-01	  -2.9918702647937839e-01	  -2.6715063613828205e-01	   3.8208109249751832e-01	   1.3443530913946786e-01	   3.0930359625868986e-01	   1.8674264834296084e-01	   4.6559143711359274e-01	   4.5349321135303600e-01	   2.6568481777476277e-01	   3.2069790407229370e-01	   9.4234505065499630e-02	  -5.7250711993127694e-02	   2.6688299898916901e-01	   2.5985632597637082e-01	   2.2199922055164517e-01	   1.6631530137351838e-01	   3.3317229772553780e-01	   4.6339385369552333e-01	   9.7403962401690714e-01	   6.9222076000777810e-01	   6.5757513039925020e-01	   4.8233578329047172e-01	   9.5532489364515472e-01	   9.9648904723134302e-01	   4.3104117409201415e-01	   4.4834391118538336e-01	   7.8878175224051961e-01	   1.1105094340267677e-01	   7.0526719963601969e-01	   6.3881169760420764e-01	  -1.7633836474904349e-01	  -3.1442987059139749e-01	   2.1834947201463114e-02	  -2.5983759257224553e-01	   2.7963635066488290e-01	   2.1431726027237480e-01	  -2.2260115489289693e-02	  -1.1523929256405234e-01	   6.4069424130873887e-01	   5.9846856862321918e-01	   7.3637269249764536e-01	   5.9719191284805029e-01	   4.8090500565897398e-01	   2.4918237434616691e-01	   6.4676624748936429e-01	   5.7538757970274845e-01	   7.3484962146025745e-01	   4.5996751616071146e-01	   4.8812838680089438e-01	   4.6753955677571563e-01	   4.5650927989533607e-01	  -2.1157641956515844e-02	   1.3519324265288835e-01	   2.3469948229264265e-01	   4.5330840262888450e-01	   5.0870885100866881e-01	   2.4163843665335241e-01	   2.7959244250592408e-01	  -3.7407195043891528e-01	   2.1184102285229722e-01	  -4.4888545461009460e-01	  -3.3627139541658463e-01	   3.3112508103850413e-02	  -3.7881669007533789e-03	   4.5468443247029122e-01	   5.2329267034846205e-01	   1.4891838475396371e-01	   5.1641580584703306e-01	   3.7948856316747603e-01	   4.1066177801981202e-01	   3.7998754506579702e-01	   4.8003846903842173e-01	   2.4208993856048366e-01	   2.1760054115436034e-01	  -2.4622906893747659e-01	  -3.6868629241472789e-01	  -5.7667368787663792e-02	   2.9145415405993119e-01	   4.0819615303659240e-01	   3.8294904749034087e-01	   1.0984642356198361e-01	  -3.3745132552137382e-02	
   9.5489978320858315e-01	   0.0000000000000000e+00	   2.3751730063413956e-01	  -1.1516066670637415e-01	  -2.0999383862006421e-01	  -3.9592163262662232e-02	   1.9511331804910192e-01	   1.8984942657638848e-01	  -1.5759023009998704e-01	  -1.7854605021719300e-01	   4.0078402737686997e-01	   3.0042927486932897e-01	   4.1202811131335393e-01	   5.5241117931257500e-01	   1.7506100174016082e-01	   2.6944983232740044e-01	   6.9381777327237237e-01	   8.7643122658740080e-01	   3.6914091406528948e-01	   2.7829509306751071e-01	   1.8780083036319138e-02	   7.4352946849865820e-02	  -3.6967985635373839e-02	  -1.9934998193586539e-01	  -1.6105177229057438e-01	  -1.4059028890237979e-01	  -1.6951765993740237e-01	  -1.3145367230936267e-01	   5.6081050661724485e-01	   7.4118167864046014e-01	   2.7568760136934684e-01	   2.0417484344209444e-01	   4.8299132225393210e-01	   5.7356884391636065e-01	  -2.9718534768753513e-01	  -1.6121023829703410e-01	   2.4272255951589913e-01	   2.0132828440322093e-01	   2.4898729505909140e-01	   2.9281922049642689e-01	   3.4679970393354870e-01	   5.7481994782112145e-01	   3.3848594117617614e-01	   4.9920505481601563e-01	   2.9663927761705272e-01	   2.1946974619650020e-01	   3.5942335572192557e-01	   3.9433087434801528e-01	   4.3924771140350316e-01	   4.8827787904668940e-01	   4.2735395801368464e-01	   8.0702922154754231e-01	   8.7179817232511225e-01	   9.9837877667628439e-01	   7.3134310719267415e-01	   7.3676482821141587e-01	   8.6118085487979457e-01	   1.3012962969428086e+00	   1.9147427547410417e-01	   5.7691922750663871e-01	   3.6312768666357365e-01	   2.0050628838437612e-02	   5.9624428608427105e-01	   7.1769432881942763e-01	  -3.7861022398939220e-01	  -4.1232095116639511e-01	  -2.8946907698803478e-02	  -7.7542652505371137e-02	   1.8558423588609393e-01	   1.9275898940339403e-01	  -3.4456588555234313e-01	  -1.6084106414135238e-01	   3.6337458272817530e-01	   6.2628876241861542e-01	   3.8742762413183113e-01	   5.8587185342667036e-01	   2.8219059687778469e-01	   3.6596098998354015e-01	   6.0623878997975122e-01	   6.8887334559374769e-01	   7.1523771026222516e-01	   5.1989165650836622e-01	   3.3205616508229385e-01	   3.8946799304927787e-01	   2.4014385601330768e-01	  -9.8215467180970628e-02	   8.9740739012568627e-02	   1.9880777290595070e-01	   2.2945000661802728e-01	   4.3400457001331022e-01	   2.9443153064697758e-01	   8.1116178617302775e-02	  -4.1301097893897099e-01	  -1.1909681253900663e-01	  -4.0858021511893250e-01	  -2.1815151551179188e-01	   9.4753737581582828e-02	   4.0215836920284125e-02	   6.1850283446119403e-01	   5.2331352373186846e-01	   2.3878533969512641e-01	   1.6222624572701219e-01	   3.3395823898877619e-01	   1.7043370991804818e-01	   2.7571229032342215e-01	   3.4630626192438263e-01	   2.7071569911669996e-01	   1.4837751206240199e-01	  -2.7185407593109578e-01	  -3.6343249823518020e-01	  -2.4539191493431756e-02	   3.1351207801005221e-01	   3.3977258101382513e-01	   2.9367752224281934e-01	   1.4421481776632911e-01	   7.9639751726104324e-02	
   3.9650587936252252e-01	   2.3751730063413956e-01	   0.0000000000000000e+00	   5.5490592550819418e-01	   4.3840993868055156e-01	   3.4161333952707207e-01	   1.1365485789695513e+00	   3.0818197389726687e-01	   5.3969126606785300e-01	   5.7262218497115484e-02	   4.8596702223050015e-01	   8.2375318965116073e-02	   5.0006617534024955e-01	   8.9536831154853017e-02	   8.4209922778170143e-01	   5.9324719251450631e-01	  -3.5182066401248796e-02	  -8.0161578651500073e-02	   7.9873336452036980e-01	   5.0606556955255577e-01	   4.0451882063693678e-01	   3.5508940725558730e-01	   1.0942731848816651e+00	   4.3638170929747211e-01	   3.8563290447339937e-01	   2.1000138632613219e-01	   5.7575708519545865e-01	   4.5087613110184432e-01	   1.9655164845954576e-01	   1.1756885120359738e-01	   5.2831856900173735e-01	   3.3538838348227945e-01	   4.8442858807136058e-01	   2.8438430464672904e-01	   2.7416925594108538e-01	   2.5181983238414213e-01	   2.6997367589718557e-01	   2.0434840902884052e-02	   3.1013896491397075e-01	   1.3432233872612942e-01	   3.1561660942147202e-01	   2.4138928607575960e-01	   6.0661414561837945e-01	   5.2163489590386192e-01	   4.2695855313321146e-01	   2.8870624825035407e-01	   5.2352538552550698e-01	   5.3618828169644550e-01	   3.9385485582052193e-01	   2.4048129518883529e-01	   3.8748293356247587e-01	   1.0662687340558701e-01	   3.4205779760413035e-01	   1.1530345148162664e-01	   5.4529525822428382e-01	   3.1536414435290061e-01	   3.9937077893931291e-02	   3.1724930905535242e-01	   5.8841736911361753e-01	   3.9692835849258146e-01	   5.9119257826900584e-01	   1.3887068268112771e-01	  -6.4194412499777934e-02	  -2.4901588803718136e-02	   4.4532277007496318e-01	   1.5825551390484832e-01	   7.7489377084293365e-01	   4.2876037207985224e-01	   2.6303235936513292e-01	   5.2861446809997981e-01	  -4.0360013725659435e-02	  -3.1606070929579194e-01	   8.6381142446927225e-02	   4.8918515065535031e-02	   2.4125335443781071e-01	   1.4135819892625914e-01	   6.4451214646174579e-02	  -2.1673943473450816e-01	  -1.3272927363867623e-01	   8.6551431159508058e-02	  -2.1197018704408887e-02	   1.2104785968968573e-01	   6.9996623853551521e-01	   5.1673192969386395e-01	   5.5136035178826037e-01	   3.3848238439569794e-01	   2.2831651015072052e-01	   2.3119262425818704e-01	   1.0223197611123860e+00	   6.8993628688031261e-01	   3.8894439001187286e-01	   7.4330197906278284e-01	   1.0666144694151639e-01	   6.1373427730280539e-01	  -1.7703947029920325e-01	  -8.8816282381119091e-02	   3.6345179024628116e-01	   1.5838441538575501e-01	   4.2452012776315146e-01	   4.6789501391916705e-01	  -4.7090295735840934e-02	   3.1813011884182579e-01	   2.1971711549099468e-01	   2.2919968510389482e-01	   1.6161975824713781e-01	   2.5254712262412710e-01	   2.3691942104720998e-01	   1.3756341331181063e-01	  -8.5403911905782309e-02	  -1.3605641366875754e-01	   5.1971928580122584e-01	   6.4561612678888181e-01	   6.0956619030150194e-01	   8.8029851026098088e-02	  -1.4188076249452206e-01	  -2.3235822272593099e-01	
  -1.2935086445469046e-01	  -1.1516066670637415e-01	   5.5490592550819418e-01	   0.0000000000000000e+00	   5.6016309706855150e-01	   8.7825223710789035e-01	   3.9752508014448634e-01	   6.6831141512661152e-01	   3.9469088934351948e-01	   4.4650373432272117e-01	  -1.7630340895894206e-01	   2.9269965133186621e-04	  -1.8237973617781089e-01	  -1.9619715113908270e-01	   1.9144751462188422e-01	   2.2428189326221423e-01	  -4.2812698731520499e-01	  -4.0666835762090819e-01	   1.5553142713111023e-01	   5.2958547985025417e-01	   4.8249986075191875e-01	   3.7256764529734471e-01	   8.7314498094538084e-01	   1.4221569682644650e+00	   1.0559617165037112e+00	   9.5951625350785685e-01	   6.2238724232156017e-01	   6.5529029444740428e-01	  -3.8062749405582957e-01	  -3.4556076952574372e-01	   6.8435997385522429e-01	   7.9632321767293102e-01	   1.8383118280030303e-01	   2.3462756896470621e-01	   8.8190949078462655e-01	   8.4896990547631968e-01	   3.0240648852358393e-01	   3.3296308902024407e-01	   4.3837709285568488e-01	   4.0798785210560884e-01	   3.1437106827259476e-01	   1.6283098952838201e-01	   6.0956310008965597e-01	   5.1171914727184786e-01	   5.4708095361690812e-01	   6.2008353030334984e-01	   4.6436675856375337e-01	   5.5376117688723470e-01	   3.2652717204930398e-01	   3.8806680716776421e-01	   4.4935442786779461e-01	   1.2316640039853131e-01	  -6.1404097700380543e-02	   4.2304609236738268e-02	   2.6250037015357630e-01	   2.1841206168962560e-01	  -1.4297087658582619e-01	  -4.5058820337181782e-02	   4.3916247089794573e-02	   4.4845717977747529e-02	  -8.3535486494723310e-02	   4.5126204233539174e-01	  -6.5739957184528941e-01	  -3.9002768645148761e-01	   9.4422612569732978e-01	   1.0793779037346718e+00	   7.7615208491004650e-01	   9.9984838923006991e-01	   3.1314342801338979e-01	   5.9307218564772701e-01	   3.2624329866427854e-02	   1.6717454087490916e-01	  -1.6684157422429186e-01	  -1.9003533479838550e-01	  -1.3910438777761120e-02	  -6.5478757948750327e-02	   2.7767840759758064e-02	   1.4697739041230221e-01	  -3.4826151146808892e-01	  -2.5506363695137768e-01	  -3.3643989843911037e-01	  -1.5794934901417779e-01	   4.0222199471525472e-01	   2.0833626186363807e-01	   5.8738103413772480e-01	   1.1436831225969850e+00	   5.6244941164734352e-01	   5.5336682227879408e-01	   5.6680367936313980e-01	   6.1492369950086478e-01	   5.4102438885472670e-01	   2.8164020680019719e-01	   6.9071342209618447e-01	   1.6617438219971567e-01	   2.7749522242329105e-01	   4.8650463210884076e-01	   4.4680371786928341e-01	   3.8636619016671181e-01	   2.6251224544292290e-01	   2.6320399087908131e-01	  -3.0763237727243445e-02	  -2.0848932321426608e-01	   6.6906959458976081e-02	  -5.6083508300063915e-02	  -5.1527220477999673e-03	  -7.7999747176541456e-02	   1.8253059679867856e-01	   1.3245419816908843e-01	   4.3880697774458161e-01	   2.0130003819766418e-01	   9.6873557594796045e-01	   4.8841941460856209e-01	   2.3632636077084793e-01	   1.2645955322319374e-01	   5.2690684549422245e-02	   3.9084767963541302e-02	
  -1.7070310501877325e-01	  -2.0999383862006421e-01	   4.3840993868055156e-01	   5.6016309706855150e-01	   0.0000000000000000e+00	   8.7277849946506469e-01	   4.9222903014869157e-01	   3.7572623631868768e-01	   9.2348111302633185e-01	   8.9405819109384410e-01	  -3.1879590971962420e-02	   2.5627000493862091e-02	  -8.9981645288794640e-02	  -6.7767700298825090e-02	   2.6948479027497939e-02	   3.0159793361706193e-02	  -2.7905898842855070e-01	  -3.6319226837218455e-01	   3.0672201431359220e-01	   5.1497237762565717e-01	   5.1534895254268343e-01	   4.8089370163987699e-01	   3.5510319370883514e-01	   3.6088300639841364e-01	   5.7286462626703838e-01	   4.9937915851243042e-01	   8.1746351595756583e-01	   7.2031501462707481e-01	  -1.6374259475912789e-01	  -2.2658700654478148e-01	   3.0932903270274903e-01	   2.6011310472292815e-01	   1.8530062169807607e-01	   2.1285030930706764e-01	   4.5131639915297894e-01	   4.2592328315266537e-01	   8.1242810346068728e-02	   4.1199135493041474e-02	   1.1067296264201293e-01	   9.1349979633603431e-02	   4.4403475217973304e-02	  -1.5238118852212515e-01	   3.6801798428621990e-01	   2.7191644103157847e-01	   4.0005837036876535e-01	   4.1023200330101572e-01	   3.4235890002417585e-01	   3.6480763208136308e-01	   2.8896236370104122e-01	   2.3572582531134950e-01	   2.1553653904311337e-01	  -1.0102180807346202e-01	  -1.4926244083620746e-01	  -1.1605346427911406e-01	   1.0822927448071494e-01	   1.2082320064796961e-01	  -2.2622767288982151e-01	  -2.1693671617179761e-01	   2.8690493903979275e-01	   7.8752829342242453e-02	   6.8957394369077121e-02	   2.7617017226934770e-01	  -3.3286940092775102e-01	  -3.4587608773665263e-01	   5.0116005587805534e-01	   5.1348916175635928e-01	   8.1243153863301598e-01	   7.3625934792607994e-01	   2.8436549310818787e-01	   4.9597319288718811e-01	   3.4278786677944950e-01	   1.7498484934822864e-01	  -2.0357234623649587e-01	  -2.6908438997480399e-01	  -2.0261395694836498e-01	  -2.9963445749474305e-01	   2.1182574864880421e-01	   5.8343560278256566e-02	  -3.7705153242778783e-01	  -3.0451500059101522e-01	  -2.2663742958377192e-01	  -1.8246229168526060e-01	   8.8724096669704614e-02	   3.8890460487194335e-02	   1.3472920459276780e-01	   3.7026054373801692e-01	  -1.3150765654494077e-02	   2.8906109391685874e-02	   2.4449956787681437e-01	   2.2492817083936345e-01	   3.1703034491222126e-01	   3.9483003480410572e-01	   5.3947040767377785e-01	   5.1522764878422023e-01	   1.3165798584630786e-01	   2.9968458479247539e-01	   3.9432234779528075e-01	   2.5479438495182977e-01	   2.7250949126458596e-01	   3.4958432762791425e-01	   1.0755982905990170e-01	   1.5198581555189911e-01	   2.3484154071809613e-01	   2.4184131634436554e-01	   1.6349901105593551e-01	   7.1677195040124431e-02	   9.0123546519298825e-02	   2.8157515622452556e-01	   2.7139888367024734e-01	   2.0009275174703578e-01	   5.0800356324260965e-01	   4.8775897467875273e-01	   3.4269147868817368e-01	   7.2245030654927933e-02	   2.0338331445152603e-02	   2.3254930008520028e-02	
  -1.3095925956521334e-01	  -3.9592163262662232e-02	   3.4161333952707207e-01	   8.7825223710789035e-01	   8.7277849946506469e-01	   0.0000000000000000e+00	   4.3763741222549096e-01	   8.0376254763772370e-01	   6.9768811129189212e-01	   9.9593721304494753e-01	  -2.0733963348718307e-01	   2.3412547947933272e-02	  -1.7363934890892835e-01	   5.4698358616165968e-02	  -1.5288174388469409e-02	   7.5902614049519146e-02	  -3.2205356681177894e-01	  -3.0690075447863457e-01	   2.0248307522896936e-01	   5.3603242186790201e-01	   6.2181413145854314e-01	   5.8944491776354146e-01	   4.0794223868002910e-01	   6.4705293428903254e-01	   7.4804771645136425e-01	   9.1935529376153435e-01	   5.6175198381880120e-01	   7.5669918347526188e-01	  -3.3146025186028161e-01	  -2.7335251053881937e-01	   4.5782564135992404e-01	   5.6686005544500717e-01	   1.7726805723587871e-01	   2.9901752054961733e-01	   4.8412038372704924e-01	   5.8441187228932046e-01	   2.4433116568265681e-01	   2.8834813861313430e-01	   2.9804530178660116e-01	   3.1391615900501724e-01	   3.3822536404489112e-01	   1.5598121186662439e-01	   4.0459678257777920e-01	   3.1582587467736822e-01	   3.5312473157507701e-01	   4.1333744877327533e-01	   3.6218691274113918e-01	   4.6524418828872605e-01	   3.4559935353136417e-01	   4.1643569444941014e-01	   4.8459073286616705e-01	   1.9073972556219609e-01	   1.0876228109344717e-02	   8.7282924789411007e-02	   1.8286984408678544e-01	   2.1704875249881966e-01	  -8.6668766846585213e-02	  -3.0037759806124747e-02	   2.5463371134777874e-01	   2.3950322051088302e-01	   2.4411546625897364e-02	   5.8001930506573307e-01	  -3.6133023683524379e-01	  -2.7937024965639334e-01	   5.1981930129233811e-01	   8.4189627101699915e-01	   6.3751975763014979e-01	   7.9266622448916657e-01	   3.9777947658096929e-01	   6.4904944863274761e-01	   1.5214210259200689e-01	   3.1809755679818208e-01	  -8.5437416137387784e-02	  -6.9383350163757296e-02	  -2.9203066612559364e-03	   1.0210265715645475e-02	   9.1701568110294923e-02	   2.3667736776234716e-01	  -2.9785494566098875e-01	  -2.7544648407848049e-01	  -2.0230663300982843e-01	  -1.9957229980262803e-01	   9.3079826448570088e-02	  -3.2457823927603588e-02	   2.0131363757160356e-01	   5.6522460736082392e-01	   8.8441244624118079e-02	   8.9419508792871305e-02	   2.3094528232055700e-01	   4.2242361637567227e-01	   4.1945179482592554e-01	   2.0507486030485497e-01	   7.0222621382346517e-01	   2.6601030821885807e-01	   1.8117592573063268e-01	   4.1479268163454164e-01	   3.6825677262724132e-01	   3.9960119961356205e-01	   2.9587337421377424e-01	   3.1371268178132394e-01	   1.9848428237830323e-01	  -3.2999262995685265e-02	   1.7802983289924207e-01	   9.6397233226009182e-02	   1.8919019869661970e-02	  -1.0438025917099999e-01	   1.2673036958349654e-01	   1.9496858130592995e-01	   3.0179232450871035e-01	   1.4389416096284394e-01	   6.3960702992147833e-01	   3.7830848686022650e-01	   1.9989922633778129e-01	   1.5666991779610046e-01	   7.8380745874622168e-02	   7.2221384835052221e-02	
   3.3710579003705399e-01	   1.9511331804910192e-01	   1.1365485789695513e+00	   3.9752508014448634e-01	   4.9222903014869157e-01	   4.3763741222549096e-01	   0.0000000000000000e+00	   6.5376233750330082e-01	   8.6347283190785595e-01	   2.6836039853482141e-01	   6.0428436328976964e-01	   2.2771545071654725e-01	   7.0910041461229456e-01	   3.3683741605185580e-01	   6.3655716062111023e-01	   4.6539754859823057e-01	   9.8171491632550470e-02	  -7.9598270900812877e-04	   8.4200486541828967e-01	   6.3138636982149876e-01	   4.4809777807549983e-01	   4.1782390446063783e-01	   6.2485439654179487e-01	   2.1247094823332704e-01	   2.3828820625033428e-01	   1.3344176354409643e-01	   3.4126022411171159e-01	   2.9088906014386257e-01	   3.8199285672231198e-01	   2.7102949584603903e-01	   5.3728353805193729e-01	   3.6734991903899245e-01	   7.3615103012364358e-01	   5.3152296605964833e-01	   2.1600918328639315e-01	   2.0053794698465047e-01	   2.6774828099882153e-01	   6.6495761323877162e-02	   3.5546340800811449e-01	   1.8578476852990122e-01	   2.9633714454843674e-01	   2.3916111771240670e-01	   5.4399972244961881e-01	   4.7808525455492362e-01	   3.7550580800891453e-01	   2.3809121404993647e-01	   5.4200315294971446e-01	   5.3328635756387421e-01	   4.0245850154281720e-01	   2.1717978928742654e-01	   4.0369244924211323e-01	   1.3474438547521073e-01	   2.7167756076579958e-01	   1.1524867630329898e-01	   4.5743104899767573e-01	   2.8337831473281705e-01	  -5.8396080756939030e-03	   2.7698052826982622e-01	   8.5046879934153374e-01	   4.7775930061868499e-01	   7.1587848537871268e-01	   3.2414713137347728e-01	   6.5819311986448026e-02	   7.6095315787715265e-02	   3.2207624387417477e-01	   1.7289634165264969e-01	   7.6713560144712700e-01	   3.9425620461369409e-01	   2.1445420622885586e-01	   4.0645653278653271e-01	   7.2045223129405728e-02	  -1.4633450713585378e-01	   2.5500394530288140e-01	   2.2629652018509022e-01	   3.1086972742172403e-01	   2.6554432237346209e-01	   1.9748142745055769e-01	  -5.5381209879299405e-02	  -9.0585525955490104e-02	   4.5843130426439893e-02	   5.3933614835858582e-02	   1.6529900760582075e-01	   5.7243732614423271e-01	   4.9858427139608630e-01	   3.8072516247623900e-01	   2.5524890582446946e-01	   1.9004644051127514e-01	   1.5959867191930946e-01	   7.8751553586126821e-01	   5.5997369745928005e-01	   3.2774875777855172e-01	   6.0666526632589834e-01	   1.3164222469037876e-01	   5.9737627779744273e-01	  -1.0958957320818048e-01	   2.6387177995668104e-03	   4.0372660800949772e-01	   2.0091123452727119e-01	   4.0668404975650752e-01	   4.0214559122811233e-01	   2.8881349473095771e-02	   3.3269204274518316e-01	   2.3338533143203294e-01	   2.4208110261795573e-01	   1.2141725732035596e-01	   1.6552606309640958e-01	   2.2454759680001293e-02	   4.0061402811249047e-03	  -1.6323597576223019e-02	  -5.0952034665272192e-02	   5.0731462693016338e-01	   6.3135447815065260e-01	   6.3062103380576584e-01	  -5.7753820387074092e-02	  -2.7456095656687918e-01	  -3.2577555252175283e-01	
   1.3145815662921473e-01	   1.8984942657638848e-01	   3.0818197389726687e-01	   6.6831141512661152e-01	   3.7572623631868768e-01	   8.0376254763772370e-01	   6.5376233750330082e-01	   0.0000000000000000e+00	   5.4574667984471326e-01	   6.4263883867794003e-01	   7.8744063863923047e-02	   3.1498624692232091e-01	   1.5006010494936356e-01	   3.9992767748374858e-01	   9.8074451017560460e-02	   2.0473801596088920e-01	   3.8760173324643633e-02	   3.9495363366379869e-02	   2.6299522559654448e-01	   5.3671591200966728e-01	   4.4670626783953160e-01	   4.1441781712646675e-01	   2.3056306709220717e-01	   3.7538485472280958e-01	   3.0654990242034569e-01	   4.2496482590184870e-01	   8.2519606677805626e-02	   1.9195251883799472e-01	   9.8506366443795720e-02	   1.3826288966937977e-01	   7.0150877541657763e-01	   8.1757001850094035e-01	   4.9989708717473164e-01	   6.5472687542181762e-01	   2.6702622142244059e-01	   3.4905678197574291e-01	   3.6651434426989393e-01	   4.0402489308482287e-01	   5.0306922756569539e-01	   4.9386012568451032e-01	   3.0350608811661856e-01	   3.3811995171031395e-01	   5.8146034102161626e-01	   5.4963145380681078e-01	   4.7168814200398990e-01	   4.6551867909188061e-01	   5.2554145121546925e-01	   6.2600807673100090e-01	   4.4304312598284012e-01	   4.8636053144776242e-01	   4.9311475834479412e-01	   4.1901548828508040e-01	   2.2196695544973150e-01	   3.5868318109195030e-01	   3.4400383161904785e-01	   3.3836356710121251e-01	   2.3224974247850166e-01	   3.0692954113406817e-01	   2.9470565622158995e-01	   3.4349362906274811e-01	   1.7288364683330104e-01	   7.5111268911451678e-01	  -5.1369423793475914e-02	   1.4495182749380858e-01	   3.5605296604593040e-01	   5.3900562340789349e-01	   4.2316418746464635e-01	   4.8339572621863858e-01	   2.2466586321029380e-01	   3.2690882286330403e-01	   1.7760850054542563e-02	   3.0085685607937218e-01	   1.5730653817466195e-01	   2.6151513589013231e-01	   2.5411886686877844e-01	   3.3947446779526336e-01	   2.1951611822393802e-01	   3.9152519514608658e-01	  -3.2652342422033825e-02	  -6.7969381958620734e-02	   1.0092009546838701e-01	   8.7695568135064642e-02	   3.7902459346929201e-01	   2.6642944326410833e-01	   3.7310399128669058e-01	   5.3158357633325892e-01	   4.1298522061198661e-01	   3.2685927161471601e-01	   3.4390548356995332e-01	   5.2794462164804967e-01	   4.7154353884070282e-01	   2.4566138787871280e-02	   3.6739362775359047e-01	   2.2624928465186833e-02	   7.6702152785829925e-02	   3.1114308587272171e-01	   3.3466141324987003e-01	   3.1426210956576545e-01	   4.1750120735316154e-01	   2.7131676345361555e-01	   2.3363471241292372e-01	  -1.1313634142232061e-01	   2.3680611532791923e-01	  -2.7677338148329393e-02	  -1.4234552340702781e-02	  -1.2055140738850960e-01	  -5.6892860770253434e-02	  -5.7917965273915760e-02	   2.3273945784851671e-01	   5.8186546952316891e-02	   5.0917076709093179e-01	   4.3954100057912571e-01	   2.9131372758353608e-01	   6.3742594727510288e-02	  -6.6066901697036162e-02	  -5.4561067460438796e-02	
  -4.0842387497354180e-02	  -1.5759023009998704e-01	   5.3969126606785300e-01	   3.9469088934351948e-01	   9.2348111302633185e-01	   6.9768811129189212e-01	   8.6347283190785595e-01	   5.4574667984471326e-01	   0.0000000000000000e+00	   9.3572908963742918e-01	   2.5120682519930748e-01	   2.2511722125176176e-01	   3.6550603930973558e-01	   2.8201103281877754e-01	   3.2374981833280575e-01	   2.5586747877331328e-01	  -8.1511939775042050e-02	  -2.6320074771084040e-01	   4.7603765178392549e-01	   5.4136282301582384e-01	   4.1073184384845063e-01	   3.4394654705818317e-01	   3.3759033438182506e-01	   2.0248569582180778e-01	   3.5209745195891817e-01	   2.8209568243733030e-01	   3.8994721967319357e-01	   3.3741020477015166e-01	   9.6124540888517254e-02	  -7.4903388249984035e-02	   2.1946241942861949e-01	   1.5148417862970845e-01	   3.2731557206706230e-01	   2.7407409407977557e-01	   3.0349753632968252e-01	   3.2152276633101173e-01	   1.0373528729354953e-01	   5.0106601276399841e-02	   1.8645076050117007e-01	   2.8817585786647858e-02	  -2.0440984769336902e-02	  -1.6592219774358283e-01	   2.6958696663038084e-01	   1.6480948782034349e-01	   2.3065185787062101e-01	   1.7992174955265408e-01	   2.9165531688129870e-01	   3.0494590991658233e-01	   2.7266246385661386e-01	   1.2819131013775806e-01	   2.6339350155760910e-01	  -5.1195683737387365e-02	   5.4248178187948741e-02	  -9.5964273756765001e-02	   1.2404415603419695e-01	   3.1298684654531915e-02	  -2.5498009056513116e-01	  -9.6180395564673435e-02	   7.2546849645659683e-01	   3.0345154222254456e-01	   5.0888014429863893e-01	   5.5767302233031213e-01	  -6.3230616143687746e-02	  -1.1215073401700083e-01	   4.9581982083692960e-01	   4.7821558263046449e-01	   6.3596168187360824e-01	   4.0273314305496222e-01	   2.1583914985531613e-01	   4.0599680054031639e-01	   4.0430440602584766e-01	   1.1357956273512600e-01	   1.1362637832559334e-02	  -1.0846476547179358e-01	   7.4182505207747579e-02	  -2.1397575311621706e-02	   2.0556688116223551e-01	   3.3791483181078948e-03	  -2.9618732344004012e-01	  -2.9389345935092342e-01	  -2.0819463786494372e-01	  -1.3454101621190764e-01	   7.1242420594598649e-02	   4.4146413130066557e-02	   1.4809705413386076e-01	   2.4286232233220256e-01	  -1.8138034774892026e-02	  -2.3914783291748543e-03	   4.8000929710746049e-01	   3.8694741020879503e-01	   1.1057348055700979e-01	   3.2422645426749797e-01	   3.7886621601043580e-01	   4.9320035196347978e-01	  -6.5680338279208245e-02	   3.7440397649175956e-02	   1.9051002260529404e-01	   6.4705703195616096e-02	   1.3314184889269196e-01	   1.5181315709962540e-01	  -1.9715560921472350e-02	   7.0418532566963496e-02	   8.4175106280523881e-02	   5.5731524929317766e-02	  -4.5848643679397873e-02	  -4.0990577325422460e-02	   8.3114382125781844e-02	   1.2158962503487829e-01	  -3.4712582498782729e-02	  -1.4503182223531438e-01	   2.8968274778639419e-01	   2.9088277492154191e-01	   2.9101393217189186e-01	  -8.7429084967580784e-02	  -1.7846777496837188e-01	  -1.5388427554534131e-01	
  -1.6757093202918716e-01	  -1.7854605021719300e-01	   5.7262218497115484e-02	   4.4650373432272117e-01	   8.9405819109384410e-01	   9.9593721304494753e-01	   2.6836039853482141e-01	   6.4263883867794003e-01	   9.3572908963742918e-01	   0.0000000000000000e+00	  -7.0513062345401778e-02	   3.0185953586862985e-01	  -8.1785141000429884e-02	   2.6656457158538116e-01	  -5.6651888448572399e-02	   1.1195643415028239e-01	  -5.6410583505812260e-02	  -2.1962752481487757e-01	   1.7746808539606357e-01	   4.8652702772460232e-01	   4.3348886703497758e-01	   3.9764949424321633e-01	   1.8242426328908830e-02	   2.5278264917831728e-01	   3.5076527033562815e-01	   4.5423558342342046e-01	   2.7112911914506194e-01	   3.4552120049635981e-01	  -7.7352289244687775e-02	  -1.5302448360581378e-01	   1.9858824169427886e-01	   2.9559456802294076e-01	   1.1041212086879532e-01	   2.4203772121417355e-01	   3.1405217091693682e-01	   3.9538937750629360e-01	   2.0622793262296446e-01	   3.4572664391893937e-01	   2.1750984386928857e-01	   2.3272144921411211e-01	   7.4565762397616434e-02	  -8.3689149260417581e-02	   2.4631233507814465e-01	   1.3697904672808853e-01	   2.8554172826978086e-01	   3.3471048922663416e-01	   2.6537106296994772e-01	   3.0395543406073777e-01	   3.0368107121816690e-01	   2.6200326449300654e-01	   3.5427146914020374e-01	   4.1031458457684848e-02	  -3.8748480017627478e-02	  -2.0964851120350889e-02	   5.7263944603543893e-02	   1.3252123684282002e-01	  -9.8596581405234321e-02	  -1.6854833869711019e-01	   2.5999990940169443e-01	   9.1943226657239474e-02	   7.4667613304486125e-02	   7.0641047522690792e-01	  -6.9752237757310750e-02	  -1.0809127533320144e-01	   4.2318429979396899e-01	   6.8410500531491569e-01	   4.3718867396397837e-01	   4.7638905722660713e-01	   3.1830417324907651e-01	   4.4761637134899940e-01	   4.2415695393235098e-01	   4.3021254976913048e-01	   5.8681636869830868e-03	  -6.0218549891099357e-02	   5.1373138735447688e-02	  -1.8978548467631147e-03	   2.8036338661513349e-01	   3.1512582022371272e-01	  -1.4121331697025852e-01	  -2.7590681517469773e-01	  -5.0883121267010577e-02	  -6.5549140984339865e-02	  -8.0651237867753481e-02	  -9.1527485019849683e-02	   1.4335156169902652e-01	   4.7001737542962674e-01	  -1.4052865820333535e-02	   7.5414149233577768e-02	   1.1250490993361927e-01	   2.7577748347858894e-01	   2.2070230510259126e-01	   1.3057656411998252e-02	   5.6174215603980215e-01	   1.5165713661875418e-01	   1.9645322957344694e-01	   3.4798174681334981e-01	   2.1858998681072131e-01	   2.7168319525577589e-01	   1.3938375842240119e-01	   1.7309212736587243e-01	   1.2987761757875493e-01	  -9.2069425095512802e-02	   1.0099851919899794e-01	  -4.1201574072685801e-03	  -1.1466111900277035e-01	  -2.3557418966839988e-01	  -2.5928542005489805e-02	   1.4804443983970517e-01	   2.2757076337962998e-01	   8.2091200500868322e-02	   2.7370483624723163e-01	   1.7057529950531328e-01	   2.9511058714130289e-02	   2.5647475097408052e-03	  -6.4240215609995127e-02	   7.1684097353454093e-03	
   7.5369257484818020e-01	   4.0078402737686997e-01	   4.8596702223050015e-01	  -1.7630340895894206e-01	  -3.1879590971962420e-02	  -2.0733963348718307e-01	   6.0428436328976964e-01	   7.8744063863923047e-02	   2.5120682519930748e-01	  -7.0513062345401778e-02	   0.0000000000000000e+00	   6.3190286827483577e-01	   1.3750225110788925e+00	   6.6477315922771651e-01	   8.6697552793055743e-01	   6.3215780980807557e-01	   6.3749242708820930e-01	   4.4864229165013925e-01	   7.2313143123896895e-01	   3.2290741710058823e-01	  -1.9781537826286527e-02	  -4.4237864635716488e-02	   2.0713353030125145e-01	  -2.3011937644074731e-01	  -2.5576009980115333e-01	  -4.1516543073629975e-01	  -8.2595320980869330e-02	  -1.5455967967646722e-01	   1.0815277185906638e+00	   7.0180667183400669e-01	   1.2344470454135473e-01	  -6.2564002095391050e-02	   5.0096752339803829e-01	   2.3251752435615922e-01	  -9.1459142629086970e-02	  -1.3664414334002636e-01	   1.0554465939034710e-01	  -7.2761180296940911e-02	   6.3831826094342015e-02	  -8.4656947032351756e-02	   1.4485604252629772e-01	   2.0590831839404852e-01	   1.8737824424471275e-01	   1.9250066301777377e-01	   1.1798159096434295e-01	  -1.6215333776912942e-02	   2.2550610079502292e-01	   1.6121451654133909e-01	   2.4223676620718254e-01	   6.1760499616992863e-02	   1.6855663056800729e-01	   1.5207252315357378e-01	   5.4588120458229605e-01	   2.9459548521140527e-01	   4.4127175934929630e-01	   2.1484062452266223e-01	   2.3083146518759595e-01	   5.0715704950695362e-01	   5.4236309989803588e-01	   2.6998057173459922e-01	   9.0669325460780603e-01	   7.1577121705655236e-02	   6.4809383723099112e-01	   5.6762608492059696e-01	   8.9728400218083478e-03	  -3.4500426875623563e-01	   1.8889652418412245e-01	  -1.3178246049490602e-01	   9.2632733278468826e-02	   1.6030969396956463e-01	   2.2592070073706205e-01	  -2.3461946680505785e-01	   5.8439901210590506e-01	   4.5172103433794958e-01	   6.6378276508566880e-01	   4.8535756268733532e-01	   3.6546941797193117e-01	  -1.4658103214161325e-03	   3.3796896647277419e-01	   3.5618871799499385e-01	   4.4573296359164127e-01	   5.6594463849367160e-01	   5.8890878157774551e-01	   6.8539473706207521e-01	   4.7044243980699108e-01	  -3.7154570659829279e-02	   1.4074917955742342e-01	   2.0299857538293248e-01	   5.7488121168707584e-01	   3.8131321641797650e-01	   1.8195299462873896e-01	   4.3146685788465505e-01	  -2.6601623812130026e-01	   3.7104052692199269e-01	  -4.1538362064576095e-01	  -4.4825710799810203e-01	  -2.4260574007037697e-02	  -1.3976888731794385e-01	   1.9997541534461091e-01	   2.3236288655092416e-01	   6.5944313727621801e-02	   5.0514040098794666e-01	   1.0810513394796314e-01	   2.2574871381737222e-01	   1.5512389259478010e-01	   3.7378525223761783e-01	   1.2195823414202979e-03	  -1.5211108606568255e-01	  -3.7648516360315448e-01	  -2.7187459435327088e-01	  -8.4472683896774384e-02	   1.9723452222947685e-01	   2.5571843048055892e-01	   3.5997206804132792e-02	  -2.6176818116149847e-01	  -4.1313591945905931e-01	
   2.8569706248742133e-01	   3.0042927486932897e-01	   8.2375318965116073e-02	   2.9269965133186621e-04	   2.5627000493862091e-02	   2.3412547947933272e-02	   2.2771545071654725e-01	   3.1498624692232091e-01	   2.2511722125176176e-01	   3.0185953586862985e-01	   6.3190286827483577e-01	   0.0000000000000000e+00	   5.0645460701564504e-01	   1.1919984166075961e+00	   3.3343349024379265e-01	   6.9762596788944742e-01	   4.6483238073928507e-01	   4.1797516734860274e-01	   1.2035267595623456e-01	   2.3894037443893884e-01	  -1.0159660963295447e-01	  -2.9830207522736796e-02	  -7.4648337160756022e-03	  -2.8834966575202754e-02	  -1.5705178475832185e-01	  -1.7878202180420952e-01	  -2.2684978608830603e-01	  -1.7266628568265746e-01	   6.8801786523165931e-01	   6.2349354592993733e-01	   1.3444041294225550e-01	   1.6589048046766813e-01	   1.4353375558089981e-01	   2.1200406675003589e-01	   4.4031838929378349e-02	   6.9282991673161029e-02	   9.1322289952551858e-02	   2.5174190906805638e-01	   1.1023327947105204e-03	   1.1974097956918479e-01	  -3.1214746898277385e-02	   2.6484885779802980e-01	   1.5249381315192628e-01	   1.7890299782988506e-01	   1.7445453392573917e-01	   2.0367191315048375e-01	   1.6955636703180102e-01	   1.8807543454429654e-01	   3.0841311670168242e-01	   2.1201245811390323e-01	   3.4349619739886111e-01	   3.4217132297049624e-01	   4.3598220697520418e-01	   3.7230680530984894e-01	   2.8988741119642958e-01	   2.6625043973153151e-01	   2.3782508959879384e-01	   2.4498085136846842e-01	   9.6343811272077223e-02	   1.0211970852239884e-02	   3.3840073052700032e-01	   3.4074199242629705e-01	   5.0365703895856540e-01	   6.8527448047576700e-01	   3.2649384104772902e-02	  -4.4757183963105227e-02	   2.5095926490316695e-02	   1.9347594017864893e-02	  -2.0189996466023142e-02	   4.5981759438279632e-02	   1.5377542035458480e-01	   7.6694403949926715e-02	   3.0423963596282744e-01	   3.5768788833433646e-01	   3.0287673790009073e-01	   3.6609965395870142e-01	   2.6418931296371456e-01	   3.2717002027100250e-01	   3.2654822678869255e-01	   1.6046234792384148e-01	   3.7505628573144367e-01	   6.1916061992170068e-01	   2.2089302088646678e-01	   3.9305248717676927e-01	   3.4397268293798883e-01	   2.2923420446345880e-01	   5.4811892847346139e-02	   1.9228111050587235e-01	   1.8842420475444505e-01	   2.4683996890847854e-01	   2.3646317442383052e-01	   6.2945276153319490e-02	   6.2278501419664126e-03	  -3.7636123567179477e-02	  -1.2953389022710401e-01	  -3.8335596817709025e-02	  -1.1072183168620378e-01	   4.4582740604252151e-02	   1.2254164419159103e-01	   1.7108114763979398e-01	   2.0411621436098165e-01	  -2.8447320400096180e-02	   8.0077859186540021e-02	  -1.2418131965859390e-01	  -5.9609762537307459e-02	   7.3247834626442423e-02	   4.5759771308273717e-02	  -7.4833196080262482e-02	  -2.0526734076094560e-01	  -2.8134423853475138e-01	  -1.0612878774098625e-01	   1.0680868212799657e-01	  -1.2967082027090685e-02	   8.2537909897350673e-02	  -3.5483999049412705e-02	  -1.1981173051439867e-01	
   5.6840081036670487e-01	   4.1202811131335393e-01	   5.0006617534024955e-01	  -1.8237973617781089e-01	  -8.9981645288794640e-02	  -1.7363934890892835e-01	   7.0910041461229456e-01	   1.5006010494936356e-01	   3.6550603930973558e-01	  -8.1785141000429884e-02	   1.3750225110788925e+00	   5.0645460701564504e-01	   0.0000000000000000e+00	   7.0662980221684546e-01	   7.3337159522118667e-01	   6.0481878128451616e-01	   4.7975120780648178e-01	   3.6705301100981158e-01	   6.4866606304407082e-01	   2.9950277063849101e-01	  -4.7390559491651309e-02	  -7.8796734183841088e-02	   1.6042426746344690e-01	  -2.7140437513929994e-01	  -2.6910320317737979e-01	  -4.2309298668087891e-01	  -1.6922499217958928e-01	  -2.5050986911016815e-01	   9.2256354209666014e-01	   6.2214198794215436e-01	   1.4826724068902847e-01	  -7.8087826560493984e-02	   5.5962179690473557e-01	   2.9683022979343909e-01	  -1.6031837937113641e-01	  -1.6517392580003759e-01	   9.3823277906757672e-03	  -1.1132145040282287e-01	   5.8410132909300111e-02	  -1.1434629166645939e-01	   3.8179557821784678e-02	   1.5677410115984028e-01	   2.0880254827266675e-01	   2.4899022841451246e-01	   1.2984883010573608e-01	  -8.6678752281243109e-04	   2.7595007641919383e-01	   2.1167438083393328e-01	   2.6859674387116650e-01	   1.1866670897733525e-01	   1.0835024387713973e-01	   1.6044949929300084e-01	   4.8398557386500096e-01	   2.2432084113565032e-01	   4.3588671961424430e-01	   2.0797980984331482e-01	   1.2374610682598657e-01	   5.2201843901321210e-01	   7.0969657166110556e-01	   4.7913552448118846e-01	   1.0013371651535825e+00	   7.2590705893544855e-02	   5.8814772056420717e-01	   5.6675039981693354e-01	  -8.1904690341576283e-02	  -3.8753888017667176e-01	   1.5102759804418223e-01	  -1.4778638547984851e-01	  -4.7255396091232742e-02	   7.4752718349459540e-02	   9.9699457745149295e-02	  -3.0238432684514027e-01	   3.7562957346647624e-01	   3.5907477082981226e-01	   4.3745909136529504e-01	   3.8631262234538855e-01	   1.8305583855245247e-01	  -9.9212596153544413e-02	   1.5456157345495136e-01	   2.2494865453373317e-01	   2.5882109304215045e-01	   4.1110601111846262e-01	   4.3290626875416016e-01	   5.6673203669850669e-01	   2.4579049320900814e-01	  -1.4638745330641684e-01	   7.0066903057106361e-02	   1.2112576324724199e-01	   5.6781708349264537e-01	   3.6083864840217628e-01	   7.7575575826763180e-02	   4.1134917433796114e-01	  -3.0620259226668661e-01	   3.2623112539880411e-01	  -3.9999597145788612e-01	  -4.5415502338390001e-01	   4.5181403807757127e-02	  -1.3929807770477573e-01	   2.4736061995785352e-01	   2.1277388479439016e-01	   1.7378147293212538e-02	   3.9535621108119723e-01	   6.9781906165526028e-02	   1.8336812724191320e-01	   4.3575909617558355e-02	   2.7917370035887790e-01	   6.2827272619012761e-02	  -1.4596067608207311e-01	  -4.2305363840175825e-01	  -3.7065979549097389e-01	  -7.8758332359859864e-02	   2.3707107189752191e-01	   3.5944604763048899e-01	   3.4834143606986535e-02	  -2.2494324292347703e-01	  -2.8433964553094460e-01	
