   0.0000000000000000e+00	   1.2879199299706372e+00	   2.3527509667672988e-01	   1.3619880528939249e-01	   4.3311115458498875e-02	  -4.3663723334286836e-02	   4.3870128086869625e-01	   4.2490958120561328e-01	  -5.9876814711263084e-02	  -9.2807929911348272e-02	   6.7668631175835259e-01	   7.5753437733927564e-01	   6.1455615316793455e-01	   6.6522845060800573e-01	   2.8140954926383066e-01	   3.4213747316252396e-01	   9.5523547229409955e-01	   7.6418206597107319e-01	   6.1452606940509791e-01	   3.4442099316492769e-01	   3.8693214177233703e-01	   4.2760705282384869e-02	   9.9106320792476235e-02	  -6.7079330897016037e-02	  -1.4280677504917266e-01	  -1.9681318948335028e-01	   1.1339357754703902e-01	   2.7217893267393357e-02	   6.8342855973900696e-01	   5.7481113832771202e-01	   4.7653990700925564e-01	   3.4937936032982525e-01	   7.6852584083616449e-01	   5.2570425341957538e-01	   1.1367538807385301e-01	   1.9648748950051970e-01	   5.9198124712036015e-01	   6.6737590304400929e-01	   7.1956274637922191e-01	   6.7876190706392370e-01	   3.7124694754162790e-01	   6.9756613148747282e-01	   8.1864480700152342e-01	   7.9794044616952042e-01	   6.6164131682105809e-01	   6.2193601620616623e-01	   8.9301828615919132e-01	   8.4226095712269811e-01	   4.5682377718783806e-01	   5.3389949863765673e-01	   3.5149097111100552e-01	   3.0828694263459971e-01	   3.8307138895515225e-01	   2.7899342854402309e-01	   7.2237736107790163e-01	   7.3891711442177654e-01	   1.0861496551389718e+00	   9.2649158584755709e-01	   9.8825171926014044e-01	   2.8563837612285781e-01	   9.6340043514454854e-01	   1.8840944961169570e-01	   9.9900886176241765e-01	   7.1181280545097303e-01	   8.1452233067034561e-03	   1.3559872712188541e-02	   5.3665223509206972e-01	   3.5851936117791633e-01	   3.6751978597138379e-01	   1.8929360369324519e-01	   6.1202777493922300e-01	   5.0815209697049557e-01	   7.7230672393764210e-01	   6.3297431516711700e-01	   8.7887905163334701e-01	   7.0265548751923101e-01	   8.2130053497376276e-01	   6.6696006198681113e-01	   8.1086534306888058e-01	   9.8772939293516804e-01	   9.3819326860601948e-01	   1.0751876937981675e+00	   3.1725439987553739e-01	   2.1891968603834727e-01	   4.7864358280458624e-01	   3.9147449781964738e-01	   4.4720250997837002e-01	   3.5886311925895092e-01	   4.1889779956255491e-01	   4.2359952437313497e-01	   5.3119739480583528e-01	   3.7083475614482103e-01	  -8.1585627073589628e-02	  -7.2424731540792500e-02	  -3.2645595431588148e-01	  -8.1694091555748416e-02	   3.4931269336620541e-01	   1.0843142200368230e-01	   9.1635907066384614e-01	   8.7441449183413322e-01	   1.0799480308812151e-01	   2.3224737793809938e-01	   1.5239367627624237e-01	   3.2509763247906448e-01	  -2.6295054641832478e-02	   7.5797838381626292e-02	   2.8801983902668377e-02	   1.7193863941269153e-02	   2.5964659052068539e-01	   7.8108623440138844e-02	   5.5588474642519325e-01	   6.3652244085421594e-01	   5.8072256958373247e-01	   3.4344742696403291e-01	   2.1500888064392668e-01	  -7.0080424347540972e-03	
   1.2879199299706372e+00	   0.0000000000000000e+00	   6.8909318459409910e-02	   3.5320680191358950e-02	  -9.1893097909215862e-02	  -1.8894109718840671e-01	   2.1095829951253289e-01	   2.0646071603101124e-01	  -1.4792474480463902e-01	  -1.8821871322164940e-01	   4.8337110988643089e-01	   6.7544615569079691e-01	   4.3561647761036304e-01	   5.9742275608809936e-01	   5.2079132608555866e-02	   1.7559846011923641e-01	   1.0969999784466067e+00	   1.0806540064105359e+00	   4.5294776577587631e-01	   3.5613882046775386e-01	   2.3363526163443243e-01	   8.6050229198164116e-02	  -6.0626814166737340e-02	  -1.6352613474169991e-01	  -1.9383404636709545e-01	  -2.5509904809532902e-01	   7.8798719151815300e-02	  -5.1591433058008659e-02	   5.6021020320769765e-01	   4.9932803379895963e-01	   3.2096185940838462e-01	   1.9422191104639913e-01	   6.1685820895135834e-01	   4.0522237706868569e-01	  -3.2339151113058739e-02	   6.3978105585265468e-02	   4.9589586544066899e-01	   6.2945716506836957e-01	   5.7793193951475952e-01	   6.2410699666652236e-01	   4.1312774190853097e-01	   7.2071300211717748e-01	   5.6407490207162603e-01	   6.0142311499621803e-01	   3.2072933466187181e-01	   3.4760669371413461e-01	   6.1332921582438660e-01	   5.7060935466452090e-01	   2.6188227565155087e-01	   3.2615297219079753e-01	   1.9869824514129342e-01	   2.1659970591532174e-01	   4.2306089750640424e-01	   2.7188814876426015e-01	   5.1145279270094601e-01	   5.0793761008280591e-01	   1.2078869523829265e+00	   1.3710292663266133e+00	   8.0496946927626101e-01	   2.2592761104443707e-01	   7.4466517113237463e-01	  -1.9266144824385521e-03	   9.3012981932618310e-01	   7.0844767390621521e-01	  -2.4024098847725678e-01	  -1.0489501690894958e-01	   2.9627123926854504e-01	   1.8119921370625655e-01	   3.1156465775618725e-01	   1.7558456797694150e-01	   4.3143022942714165e-01	   5.0160954935887636e-01	   6.4293773828299372e-01	   6.4635272137035549e-01	   6.9991991771091178e-01	   7.2016382597417683e-01	   7.4932119999284819e-01	   7.4490642036046784e-01	   8.6801307566595598e-01	   1.0881990439046698e+00	   1.0751535311137215e+00	   1.1897745033172362e+00	   3.0904614971060762e-01	   1.7988493157331648e-01	   3.2990775851139437e-01	   3.5615316977704498e-01	   3.3067606104118130e-01	   3.0049344119509042e-01	   3.6155849088951703e-01	   4.2699308325591462e-01	   3.7606176261516983e-01	   2.4660504019441121e-01	  -1.2942053183431979e-01	  -1.8568139958598542e-01	  -2.7956708809275443e-01	  -1.0670154790480293e-01	   3.1698492389007160e-01	   8.5440912246071560e-03	   5.6789699162654173e-01	   5.2880525280357971e-01	   4.1674550084811496e-02	  -1.4557033568943951e-02	   9.6731935997182661e-02	   2.1244220410729153e-01	  -1.5348830779211295e-01	  -9.1737697295461829e-02	  -2.9310172729390075e-02	  -4.7480217553260130e-02	   3.3995889838775550e-01	   1.7380933573417887e-01	   4.5462313302078489e-01	   4.7766835288282239e-01	   3.5251384842914518e-01	   2.1872538175615475e-01	   1.4516632706831659e-01	  -1.6770644854584343e-01	
   2.3527509667672988e-01	   6.8909318459409910e-02	   0.0000000000000000e+00	   1.0432486344173084e+00	   5.0403333042959420e-01	   5.4456862750185275e-01	   1.2378489656032792e+00	   1.0030849930991368e+00	   4.1439032894118966e-01	   5.6763402264593010e-01	   5.7336830812459660e-01	   3.7633938859202726e-01	   4.4413403094753323e-01	   3.9964495371217290e-01	   1.0645567290929872e+00	   7.5022775168258504e-01	   1.3763085094319892e-02	   2.8805551792399516e-02	   6.1425990507410833e-01	   4.3447989366419892e-01	   3.9399606660330183e-01	   1.6015000810075580e-01	   1.4289355515538267e+00	   9.3566777329264705e-01	   5.4077769966447153e-01	   5.6830549809590902e-01	   4.6524850775028986e-01	   4.2845233876913463e-01	   1.4182666613562644e-01	   1.0120024641264040e-01	   6.5908783918281977e-01	   6.5627664856157586e-01	   7.2232375152910144e-01	   8.9153116279562306e-01	   6.7494080266579515e-01	   5.9972888761404897e-01	   9.9797384024714886e-02	   2.7665091769254552e-02	   3.1973506170906896e-01	   1.4541068631054133e-01	  -7.6877569241367051e-03	   5.9073015598614206e-02	   1.8564194077090573e-01	   2.9738922868953799e-01	   4.0110660892176431e-01	   5.4646771394442684e-01	   1.6136310370773235e-01	   3.4825659546234483e-01	   4.6612963535131557e-01	   4.2916803011201843e-01	   5.9844835872341617e-01	   4.2824210255090217e-01	   2.0070403105803758e-01	   2.5757685759030713e-01	   1.6983754086265418e-01	   2.9199394046464722e-01	  -1.4296178418381167e-01	  -5.3026294384375366e-02	   3.0496655057915023e-01	   4.8992489369135395e-01	   3.4891249161638427e-01	   6.7346759660680022e-01	   8.7805506078283496e-02	   1.7238184629531619e-01	   9.7991555160867305e-01	   7.2646897777105757e-01	   8.3195582902105047e-01	   7.4917896826850883e-01	   4.9730129395131928e-01	   4.0834166649523673e-01	   2.4955485348920492e-01	   2.0408761876970224e-01	   4.1204759254025551e-03	  -5.5769095000363644e-02	   8.0456408237042816e-03	  -6.7894034819270489e-03	   4.0988525659506954e-02	   5.9236024806708656e-02	   7.8100079317991331e-02	   1.2799819740456614e-01	   2.3625517279418357e-01	   3.1586255735266805e-01	   4.3531941090630161e-01	   4.4812172925221727e-01	   7.0461698329164346e-01	   5.1959080535792523e-01	   5.8891532279453651e-01	   5.4145068207949243e-01	   8.3063214958971521e-01	   8.1486757509142804e-01	   4.8741826085369261e-01	   7.0538646009001527e-01	   4.1319122298732464e-01	   7.1516054505223581e-01	  -3.0590345092527249e-01	  -1.0142217182975113e-01	   7.2536278660913348e-02	   2.0976822908235274e-02	   2.2598858159763807e-01	   3.3848455194314520e-01	   7.6597936947913101e-02	   3.1754856170850115e-01	  -3.6574043914331625e-02	   4.1673551437000224e-02	  -1.2581229181892201e-01	  -1.0932318868549401e-01	  -1.4281905728617431e-01	   2.3650352968994839e-02	  -1.1233918839497692e-01	  -8.5480765362271144e-02	   2.9428977258846167e-01	   3.0900397008404240e-01	   2.6766669872066456e-01	   1.7203037940192745e-01	   4.9532033748289142e-02	  -5.6516408681236682e-02	
   1.3619880528939249e-01	   3.5320680191358950e-02	   1.0432486344173084e+00	   0.0000000000000000e+00	   5.0638971781359343e-01	   6.9729931908739207e-01	   8.2469714032104158e-01	   1.2227846437128158e+00	   6.0231143283752520e-01	   9.0371643703317062e-01	   3.6647148027043630e-01	   3.9802968081871487e-01	   3.3630296817638128e-01	   5.1565629454083917e-01	   7.6194895305724031e-01	   1.0011450634542649e+00	  -4.5567811418068482e-02	  -4.9441644022260402e-02	   5.1118174136701811e-01	   6.4663346474478023e-01	   1.8065195070046566e-01	   1.6266073024921848e-01	   1.0663777823458347e+00	   1.3684272266841195e+00	   5.2841327209147226e-01	   6.9872941925619181e-01	   3.8635700715031612e-01	   3.7419506185073420e-01	   1.0990307979580266e-01	   1.4968707914686469e-01	   4.1024965356720866e-01	   5.6423230601508645e-01	   4.7537090289351236e-01	   7.1131619354738373e-01	   3.6586478747711759e-01	   4.4105627738757280e-01	  -2.4981489926935853e-03	   5.8896306847352774e-02	   1.4088184962785899e-01	   1.6193301687727965e-01	   1.1093595760705065e-01	   7.8749665827670914e-02	   8.2705002204213326e-02	   1.4418485693373320e-01	   2.9165549343985264e-01	   4.1909650266329024e-01	   1.0889970695307755e-01	   3.0312956744958458e-01	   3.8513175315599879e-01	   4.2352147068595736e-01	   4.2810424384898793e-01	   4.8476756033357116e-01	   3.1346257939797528e-01	   2.6323959690516352e-01	   1.8418284016720929e-01	   2.9076576004022858e-01	  -2.0519917615319885e-01	  -1.0047143351369316e-01	   2.4554208922290893e-01	   8.0305384897218779e-01	   1.3508549181427223e-01	   7.3349196014870710e-01	   2.6685110424729347e-02	   1.5947667297728907e-01	   5.6861842039008104e-01	   7.0197476232182199e-01	   6.5637990597735107e-01	   7.2158353796937036e-01	   7.3014605387501486e-01	   6.9076801625133810e-01	  -3.2893668516592582e-02	   1.4919223952404218e-01	  -1.5533565828464882e-01	  -1.6360809929910120e-01	  -1.6203335454015655e-01	  -9.6420317455279181e-02	  -7.6627255220550736e-02	   9.7663361921841649e-02	  -4.3483845296819604e-02	  -4.4539052206207366e-02	   2.4079205544142829e-01	   2.5785460720973052e-01	   6.1694982227719608e-01	   6.7330467341479128e-01	   6.4024538208458182e-01	   5.4223182868110364e-01	   3.2560231148373187e-01	   4.4954715763401454e-01	   9.6703782209717415e-01	   1.0219571640630447e+00	   8.1712222373807064e-01	   9.6767674195847853e-01	   7.0329681897384777e-01	   7.9961312191670053e-01	  -6.7920554420135712e-02	   7.6251459072253277e-03	   9.1817838670003940e-02	   7.1036186552595776e-02	   1.8704436231963509e-01	   2.8064357528718548e-01	   3.6020277459456906e-02	   6.0091119196123720e-02	  -1.3371458890405954e-01	  -6.6425814719502235e-03	  -2.6261199601138607e-01	  -2.8782306200173363e-01	  -9.5137668536994943e-02	   1.3857595314351343e-01	   1.3677896754938798e-01	   1.9982589783442478e-01	   3.1639996949976645e-01	   3.8472693781833472e-01	   2.7623054206921904e-01	   5.2576168385496704e-02	  -1.1182358814266349e-01	  -2.6373747300715694e-01	
   4.3311115458498875e-02	  -9.1893097909215862e-02	   5.0403333042959420e-01	   5.0638971781359343e-01	   0.0000000000000000e+00	   1.3908380729323855e+00	   5.2180289847534000e-01	   4.5126863818784224e-01	   1.6417348557292537e+00	   8.0350061398864259e-01	   1.5848917225690853e-01	   6.7642979709814768e-02	   4.1142868415990946e-01	   1.4928268359498076e-01	   4.1880887745340578e-01	   2.5975165595082816e-01	  -1.7660482925558424e-01	  -2.7861703443725655e-01	   2.8332532458476545e-01	   3.1062083422861003e-01	   2.7402683731138022e-01	   3.4174413675471244e-01	   5.1179724252700964e-01	   4.4868573400491840e-01	   5.8672366520582608e-01	   5.3167501913551796e-01	   8.8669198086388601e-01	   9.8843734069064504e-01	  -2.0300963228867946e-01	  -2.1707874719234266e-01	   1.2159579210810978e-03	  -8.7675807334150705e-03	   1.5307687319957322e-01	   2.6531066752969268e-01	   3.9966117921016714e-01	   4.7257546386854210e-01	  -8.5715358377623244e-02	  -1.3513339293760934e-01	   4.5146285386709124e-02	   1.0592064128116665e-02	   1.0700908571269363e-01	  -9.5901403742661331e-02	   1.2776981040908322e-01	   1.9678752664747443e-01	   3.2424627117200711e-01	   4.3312656219322887e-01	   1.0090960982750703e-01	   2.4869622810477421e-01	   5.7179072072150228e-01	   3.3200156049837654e-01	   4.6070351277827670e-01	   5.0881125114099690e-01	   1.5692736067946345e-01	   1.6760149134643268e-01	   1.0434000534076277e-02	   1.7214253017061412e-01	  -2.2119098469703530e-01	  -2.9024867387841563e-01	   1.5810543423528736e-01	   5.0135481809611926e-01	  -5.3726724721116698e-02	   3.8113341186177557e-01	  -1.8659207965741581e-01	  -1.1192444908809675e-01	   3.4637725640816669e-01	   5.5238494077288003e-01	   5.4898339072081048e-01	   6.6503121476599092e-01	   4.0752352261131791e-01	   4.2211226965014215e-01	  -1.1894732120962109e-01	  -1.4507569268759665e-01	  -3.0709553687044278e-01	  -3.5224829356062043e-01	  -2.6774158076794174e-01	  -2.9014090844021240e-01	  -2.1381943559592206e-01	  -1.5452944885907774e-01	  -1.8457440229203176e-01	  -1.8213798375818788e-01	  -5.9602526256211756e-02	  -1.0859712928119430e-01	   3.7735486996385001e-02	   4.0612400014032428e-02	   1.1178866842639189e-01	   2.8641083859498184e-01	   4.7212294109111159e-02	   1.1317915229941197e-01	   2.7377128711109683e-01	   3.5565820834350237e-01	   4.8746555261876012e-01	   5.4556138826079670e-01	   3.2115240829877512e-01	   5.2171111651272173e-01	   1.4823272087650366e-01	   8.6006439584420349e-02	   1.0134443334689927e-01	   6.8076484242066859e-02	   1.2158361069928733e-01	   2.7052339809888604e-01	   1.1110603361245175e-01	   3.2764707575883306e-01	   8.8966104763463824e-02	   2.6933730009083945e-01	  -4.0117494695231112e-02	  -1.9042607407212031e-01	  -9.8942014410089860e-02	  -1.4202271585936768e-01	   3.2003738648575114e-02	   1.4515310350221716e-01	   3.1797855188916974e-01	   4.3024058046146746e-01	   3.0714467800456086e-01	   1.9811014306059399e-01	  -5.8466211174587376e-02	  -2.0432778217689587e-01	
  -4.3663723334286836e-02	  -1.8894109718840671e-01	   5.4456862750185275e-01	   6.9729931908739207e-01	   1.3908380729323855e+00	   0.0000000000000000e+00	   4.4713076133846291e-01	   6.0187439818971844e-01	   1.4525939745752627e+00	   1.2537575588065069e+00	   2.3836943587689056e-02	   3.6517772283719378e-02	   2.2454016697392615e-01	   1.3458224874403507e-01	   4.1334399930267479e-01	   3.1339143614616938e-01	  -2.2306778094399449e-01	  -3.7687295056585401e-01	   1.6298730710107473e-01	   2.6985997846983056e-01	   2.1076906212282806e-01	   2.8006944171115089e-01	   5.8021944598200914e-01	   6.3663567710429647e-01	   8.5808729654065208e-01	   9.2970181260858442e-01	   8.0526812058096497e-01	   8.9510785936052106e-01	  -3.2306190407017682e-01	  -2.8260522043423381e-01	  -3.0998915163426632e-02	   3.5143522601379380e-02	   1.3140381717896601e-01	   3.1272920983297048e-01	   4.7037589036053368e-01	   5.5456500711546231e-01	  -1.3817494469607597e-01	  -2.1597898666490387e-01	  -6.9462822180200459e-02	  -6.7756767955474709e-02	   4.4081351251118298e-02	  -2.1320489180234850e-01	  -1.8421178502672116e-02	   3.1046753265718197e-02	   1.9368235900129913e-01	   3.2256573475416539e-01	  -8.3479412834701200e-03	   1.7531176350966626e-01	   4.1554707957110065e-01	   2.7990237991261779e-01	   4.1606716334363925e-01	   4.9538501238670651e-01	   1.7462909547548836e-01	   1.7926745463377100e-01	  -7.3317848561606752e-02	   8.2100824428907412e-02	  -2.8387600483206288e-01	  -3.2321571271803351e-01	   6.1777262027046254e-02	   6.7949234707815787e-01	  -1.3295551134383624e-01	   5.8507550041123413e-01	  -2.9421213069401558e-01	  -1.9725507663701120e-01	   4.0630680176110628e-01	   8.1783162540636301e-01	   5.3926072188417074e-01	   7.3613399761194254e-01	   5.5637611732806214e-01	   5.9802364876456027e-01	  -2.8551071983635068e-01	  -1.6952724242629916e-01	  -4.4831675879028138e-01	  -4.8843143353225793e-01	  -4.3912082424279864e-01	  -4.3034788104643873e-01	  -3.7570895945650412e-01	  -2.7589081545916855e-01	  -2.3480780436147203e-01	  -2.8920671168819428e-01	  -4.5453988062877801e-02	  -1.4016250689079740e-01	   1.4295568900075156e-01	   1.5355756792760208e-01	   1.9624701900217573e-01	   3.3633089265524280e-01	   1.0173263881170790e-01	   2.1405722582936323e-01	   3.8999914213361148e-01	   4.8204426029042041e-01	   5.3814229551667947e-01	   6.2619839073212735e-01	   5.9704419420712684e-01	   7.4575367747508658e-01	   1.9536352650514227e-01	   4.9810145558477542e-02	   1.3446560025712739e-02	   8.7339704414508244e-03	   2.9925601381689984e-03	   1.4856819131936683e-01	   1.2353069876462362e-01	   2.0663273305531210e-01	   3.1294300445959433e-02	   1.8357187702193761e-01	  -3.4943851283671723e-02	  -1.7314914139240153e-01	  -2.4976387706312365e-02	   9.2713952585363441e-02	  -4.3239979481875288e-02	   1.0906564348376854e-01	   2.9476640495883216e-01	   3.9887141135701537e-01	   2.1188638601601334e-01	   7.0609873685874430e-02	  -1.6254865844903729e-01	  -2.2463862871426815e-01	
   4.3870128086869625e-01	   2.1095829951253289e-01	   1.2378489656032792e+00	   8.2469714032104158e-01	   5.2180289847534000e-01	   4.4713076133846291e-01	   0.0000000000000000e+00	   1.0234593313338474e+00	   4.1807784951664972e-01	   3.9476324481049219e-01	   7.8169385880302578e-01	   4.2836470346125177e-01	   7.7489635678884317e-01	   5.9224423273314608e-01	   9.5758474128427706e-01	   7.5710399739799206e-01	   1.6345666109856083e-01	   1.1583127058342474e-01	   6.3754259139145808e-01	   4.2910576772656794e-01	   4.2443608176384817e-01	   1.4214377537619716e-01	   9.6747714925403105e-01	   6.4911608574606161e-01	   2.6160207675680286e-01	   2.8929879446526208e-01	   2.9470055248965865e-01	   2.9173037636579319e-01	   3.8199774068489872e-01	   3.1664612168289014e-01	   7.5263967774479335e-01	   6.8090111051068303e-01	   6.8638729364526851e-01	   6.8949080811004426e-01	   4.1449721245130300e-01	   4.0483603982699984e-01	   5.2211464779619965e-02	   1.6307155872269167e-02	   3.0708390659375950e-01	   1.3635614072604024e-01	  -3.4832479515016543e-02	   1.3205278232443865e-01	   3.4288593519195598e-01	   4.2374248110008012e-01	   6.2295745062400276e-01	   6.8629566163677325e-01	   3.1556044251023779e-01	   4.3959434620849713e-01	   6.1301848539400261e-01	   4.8202774773923618e-01	   5.3867245772661532e-01	   4.3556910269053967e-01	   1.8391118806823656e-01	   1.3209392053039293e-01	   2.3362163073242642e-01	   3.2610525969444354e-01	   3.7005602024225502e-02	   4.8788604868009643e-02	   5.4498802747530695e-01	   4.7379095440892394e-01	   6.3527290640032674e-01	   4.9291067071872086e-01	   3.4824619083969466e-01	   2.9898076143591062e-01	   7.4146493789376355e-01	   4.6407687383320051e-01	   1.1179036310212949e+00	   7.6264214608464420e-01	   4.8288652652006336e-01	   4.2195322141412994e-01	   3.9514178049958315e-01	   2.5534823418995101e-01	   1.1006862127437550e-01	   2.5248106215224032e-02	   1.0089531545685061e-01	   4.8599538593131979e-02	   1.6577232612893783e-01	   1.2428325071351809e-01	   1.5159221328697636e-01	   2.4558768435259304e-01	   3.0116091141461004e-01	   4.1146347505677011e-01	   3.7524982079516195e-01	   4.0379907769741158e-01	   5.6687763342431030e-01	   4.5714810289005336e-01	   3.1675770251277258e-01	   3.0899307681734811e-01	   6.8492270050607851e-01	   6.2105725047238747e-01	   6.2945067019947887e-01	   7.2947827046768965e-01	   2.4360479063025064e-01	   5.2988516296268995e-01	  -2.6640329445135202e-01	  -1.3047834195136535e-01	   7.8435109589480675e-02	  -5.3978979227932329e-02	   4.1512211802536736e-01	   5.1270087541103115e-01	   1.1295068097999869e-02	   4.1908803182865073e-01	  -6.1446549218780629e-02	   8.4152022444803645e-02	  -2.0701177307055563e-01	  -1.8652556507279058e-01	  -1.3889734831636419e-01	   1.4820528121792876e-02	  -5.1879348100133046e-02	  -6.4999286145779239e-02	   3.4537360042431903e-01	   4.2957501466646519e-01	   4.4594051998984585e-01	   2.2019178232241562e-01	   6.4224526306611504e-02	  -4.6020271379728764e-02	
   4.2490958120561328e-01	   2.0646071603101124e-01	   1.0030849930991368e+00	   1.2227846437128158e+00	   4.5126863818784224e-01	   6.0187439818971844e-01	   1.0234593313338474e+00	   0.0000000000000000e+00	   4.6296917021344686e-01	   7.8968937003013306e-01	   5.5645910344742389e-01	   7.1372940839041832e-01	   5.2583613689602449e-01	   7.8057587907324444e-01	   7.8322716122369984e-01	   9.0155900450858406e-01	   1.3318394197571598e-01	   4.6212783491063766e-02	   4.4393647470390785e-01	   4.2203074060210211e-01	   3.3434002661379236e-01	   1.8097044449483446e-01	   8.4018932611972563e-01	   8.6421051753047640e-01	   5.0254701705323601e-01	   5.9039126928181085e-01	   3.4272368764817018e-01	   2.9698718118970102e-01	   2.1023366882817252e-01	   2.1339447399546480e-01	   5.2081482898642772e-01	   6.6958598314707174e-01	   6.1208352882072714e-01	   8.2122979854167621e-01	   5.6050624527665427e-01	   6.9326171342662235e-01	   2.3885725236250391e-01	   2.8121277822624235e-01	   3.9844212067763657e-01	   3.6408718196996021e-01	   2.2010996959807169e-01	   2.4900681463993626e-01	   3.1289813275479250e-01	   3.8701363506459685e-01	   5.0636381457819091e-01	   6.8386415670873890e-01	   3.5579115703527975e-01	   5.0004497842508377e-01	   6.3884328229564602e-01	   5.5914195515533405e-01	   6.5349124337182929e-01	   5.9239834175432027e-01	   2.9863285527466060e-01	   2.3721329611091030e-01	   4.1326085361650167e-01	   4.9339220803653461e-01	   6.9168405832000956e-02	   7.3676899807631313e-02	   4.7786753551685468e-01	   9.1141638892696308e-01	   3.9410159368486725e-01	   8.7159551788643985e-01	   1.9240676861368958e-01	   2.7319655895570738e-01	   5.6043146440083824e-01	   8.5365537143732917e-01	   9.0829456308467549e-01	   1.0064537108774947e+00	   6.4223547283841242e-01	   5.8196270993209021e-01	   1.2019830724904475e-01	   2.6884835977763138e-01	   1.1041201252409277e-01	   4.1388586534427875e-02	   9.6555218961198633e-02	   9.0337191765572311e-02	   1.3246233961270001e-01	   2.8121154286200561e-01	   9.2763420898518967e-02	   1.4559094580400164e-01	   3.7002945862655379e-01	   4.2857576363529326e-01	   4.5622315616071313e-01	   4.4918864089228311e-01	   7.5877784332285003e-01	   6.9277444111806175e-01	   4.9487848618135410e-01	   4.9795707685163548e-01	   9.6836879091118733e-01	   9.2295596761051135e-01	   8.1997525035650254e-01	   8.3927556217064081e-01	   5.9676587123962388e-01	   6.1390203914962760e-01	  -1.6160962293744438e-01	   2.8128678065630231e-02	   2.9691686236281789e-01	   1.6519117785981752e-01	   4.3390487823274743e-01	   4.8431847907524939e-01	   1.1305386115498257e-01	   2.0619909832621963e-01	  -3.7419801252289261e-02	   6.0069773983389758e-02	  -1.2507903155201947e-01	  -9.1188924953389289e-02	   1.2072167267947817e-02	   1.7072081754676888e-01	   4.8711253677861228e-02	   1.0188794382263934e-01	   5.7773382394280681e-01	   5.1554718692671120e-01	   5.1017282019326593e-01	   2.4161573574748760e-01	   5.3130354103586311e-02	  -1.0109072150055823e-01	
  -5.9876814711263084e-02	  -1.4792474480463902e-01	   4.1439032894118966e-01	   6.0231143283752520e-01	   1.6417348557292537e+00	   1.4525939745752627e+00	   4.1807784951664972e-01	   4.6296917021344686e-01	   0.0000000000000000e+00	   1.0606413841044131e+00	   2.7103390680170668e-02	   1.8420821343022396e-02	   3.0644114542455325e-01	   1.8551382285311269e-01	   3.2124098888526303e-01	   2.5675231908091622e-01	  -2.1300804223359526e-01	  -3.0160738207305571e-01	   1.4129441710335880e-01	   2.9192131434204416e-01	   1.2153610533039468e-01	   2.6723787837278679e-01	   4.7044294208129722e-01	   5.3117515037944463e-01	   6.7227908084478705e-01	   6.6422453839566398e-01	   6.8857873422633353e-01	   7.5770912767372700e-01	  -2.8043689572993868e-01	  -2.1837058609191740e-01	  -5.3096580448156697e-02	  -2.1998251323759311e-02	   1.5286632827199283e-02	   1.6071930686231034e-01	   2.3309289071430744e-01	   3.4848578840256772e-01	  -1.6826626475452788e-01	  -2.1961184728310496e-01	  -1.2985231214678786e-01	  -1.1536998684353200e-01	   4.6985297929254745e-02	  -2.2178152132259399e-01	  -4.2197950876471442e-02	   4.5067604105583726e-02	   1.3797605712461541e-01	   2.5425830192268373e-01	  -5.5949654769162395e-02	   1.2311553208530518e-01	   4.0955501505340897e-01	   2.8956036679818026e-01	   3.6356340556689287e-01	   5.4779066208588756e-01	   2.5185589920971369e-01	   2.3691904327690913e-01	  -9.0929305939816060e-02	   6.7265103336950863e-02	  -2.8244826001390994e-01	  -3.1181447974226262e-01	   9.2057687542157152e-02	   6.1508086927149519e-01	  -1.6185051253799573e-01	   3.9275166509422132e-01	  -2.6047664210511035e-01	  -1.5173375067696709e-01	   2.2385404804575176e-01	   5.2280917810388283e-01	   3.9760259646342855e-01	   5.2829868701643745e-01	   4.6026530873001303e-01	   5.1816851933805275e-01	  -2.6796662493166956e-01	  -1.9680487267431732e-01	  -4.2289973832243088e-01	  -4.1910336920569558e-01	  -4.0876596920548908e-01	  -3.6231331359612573e-01	  -3.3041526708695462e-01	  -1.9962406341333286e-01	  -2.5408157738613180e-01	  -2.5679877647726945e-01	  -8.6490975210621990e-02	  -1.8166346899454336e-01	   8.1243467803688602e-02	   6.7846963318345235e-02	   2.4342709483031445e-02	   2.0092051750678194e-01	  -4.4098702407736431e-02	  -1.8877038533452763e-02	   2.5716077144990990e-01	   3.6156940968339180e-01	   5.0429480395688275e-01	   5.5480597543992061e-01	   4.6847966519774709e-01	   5.7168078426826707e-01	   2.5258348326932845e-01	   4.6176556713785240e-02	   5.9278743887992121e-03	  -1.1285988241869651e-02	  -4.1549275163272947e-02	   1.0968157291472774e-01	   7.1504918610974785e-02	   1.4163519714831480e-01	  -2.1975510882037017e-02	   1.0233590688991719e-01	  -1.3853762033143718e-01	  -3.4839011138775733e-01	  -1.0500455573147290e-01	  -5.4874419415448884e-02	   3.1944958503154784e-02	   1.9372871431158498e-01	   2.5449425538020054e-01	   3.4612012440278705e-01	   2.1588968869267910e-01	   7.8855216430507562e-03	  -2.6315386387352269e-01	  -3.4148198867082891e-01	
  -9.2807929911348272e-02	  -1.8821871322164940e-01	   5.6763402264593010e-01	   9.0371643703317062e-01	   8.0350061398864259e-01	   1.2537575588065069e+00	   3.9476324481049219e-01	   7.8968937003013306e-01	   1.0606413841044131e+00	   0.0000000000000000e+00	   3.2450889882812715e-02	   1.4122352638289412e-01	   1.4312683228587647e-01	   2.3964030886678148e-01	   4.1371481058430720e-01	   4.1985616204421750e-01	  -2.8071080624107420e-01	  -3.4221469895236117e-01	   7.8730635987234898e-02	   2.7965066336144451e-01	  -8.7632614244304036e-03	   1.1498523366292920e-01	   5.9184178055194614e-01	   7.9014433066125789e-01	   8.6778939836665070e-01	   9.8420050437649731e-01	   4.5627328994290595e-01	   4.7062311983190769e-01	  -3.7417518764916430e-01	  -2.9891758005300950e-01	  -6.6162564926499523e-02	   6.5974816908758976e-02	   5.1665419275960127e-02	   2.7145989417885247e-01	   4.5317920404397211e-01	   5.6590775486666212e-01	  -6.4282863875589888e-02	  -1.2048901597266373e-01	  -8.6735355293796168e-02	  -3.9389638953199607e-02	   3.9367154994375785e-02	  -1.9349232501045616e-01	  -1.5470897890534543e-01	  -6.9898166515123386e-02	   1.5768149572322674e-02	   1.7755275727704320e-01	  -1.3798766234457283e-01	   5.8630555666786752e-02	   3.4583599076981369e-01	   2.0172172705300237e-01	   3.9712136900549144e-01	   4.7467807707463588e-01	   2.3492139195297537e-01	   2.3220672848636861e-01	  -2.3157618732471592e-02	   7.3924912968858322e-02	  -3.0793669158964254e-01	  -3.0274840885800586e-01	   1.7354953694097629e-02	   7.7713579369241614e-01	  -2.2677666950521830e-01	   6.6648308157685343e-01	  -3.9122280242969132e-01	  -2.3375751329564701e-01	   3.5639281512666837e-01	   9.1460176412755045e-01	   4.1984971678937838e-01	   6.6160575979939584e-01	   5.6849929490409723e-01	   7.0787583283615119e-01	  -4.1780877720357834e-01	  -2.0547987213981520e-01	  -4.3073330884398564e-01	  -4.6806603461566554e-01	  -4.5160714434831994e-01	  -3.9258371911464618e-01	  -3.7756387700077132e-01	  -1.8804315725208151e-01	  -3.1478706054408806e-01	  -3.2656186058992970e-01	  -2.4490218376453158e-02	  -9.6646470129089890e-02	   2.7061478283489615e-01	   2.4673643043981569e-01	   3.0922924640503469e-01	   3.7198453339609788e-01	   2.1493004619044651e-01	   2.6111566670013875e-01	   5.5908928955209247e-01	   6.0115882120202280e-01	   5.5964479856819715e-01	   6.5084703247920073e-01	   9.3599591473820598e-01	   8.7528769532077400e-01	   2.2997334356916160e-01	   9.6813906390613130e-02	   9.5053618504508441e-02	   5.2254644504306377e-02	  -7.9116931343691396e-02	   2.8980623666325242e-02	   1.2046770885786930e-01	   2.6740358074130798e-02	  -6.9592653427468384e-02	   2.0297333330075561e-02	  -8.0440970129687539e-02	  -2.0091688288880277e-01	   1.6201461120554865e-02	   2.6393666855234954e-01	  -6.0925798786970707e-03	   2.1359027522036225e-01	   3.1526703912880982e-01	   2.8249158583808903e-01	   2.0058478534597909e-01	  -2.2826867279190814e-02	  -2.1057360063621725e-01	  -2.7528282776367563e-01	
   6.7668631175835259e-01	   4.8337110988643089e-01	   5.7336830812459660e-01	   3.6647148027043630e-01	   1.5848917225690853e-01	   2.3836943587689056e-02	   7.8169385880302578e-01	   5.5645910344742389e-01	   2.7103390680170668e-02	   3.2450889882812715e-02	   0.0000000000000000e+00	   8.1945183270190036e-01	   1.1214131054709469e+00	   7.5731359754318728e-01	   7.8648058581942859e-01	   7.1466867945555468e-01	   3.8722095386454614e-01	   3.0210683465479315e-01	   5.8664539903370505e-01	   2.7270160775304708e-01	   4.9460822238638857e-01	   1.5428769513394872e-01	   4.9184001819041978e-01	   2.8582533082832601e-01	  -1.0686908061964029e-01	  -6.0854942565628331e-02	   1.5714992174076339e-01	   1.0527350773718580e-01	   6.7812334655839845e-01	   5.1301376901103890e-01	   5.5630080917553104e-01	   4.8114779576454153e-01	   5.9351126422730816e-01	   4.4604292226054965e-01	   1.5992816681252078e-01	   9.3550307435134969e-02	   4.2755582798079778e-01	   4.6554575146642568e-01	   6.0517856373895684e-01	   3.9931785832575023e-01	   2.3251408338362814e-01	   5.2985463447755987e-01	   4.9530668419180135e-01	   5.1072666153508872e-01	   4.2436243373362842e-01	   4.0837183112578940e-01	   4.9879574790786907e-01	   5.4093947045715352e-01	   5.3147649154767795e-01	   4.6076488645816904e-01	   3.8002362092514347e-01	   3.4951914137787310e-01	   2.4045624511895380e-01	   1.7430937859150100e-01	   5.4814758040662681e-01	   5.7318922885428947e-01	   3.2737926614172730e-01	   3.7921344508231292e-01	   7.9430455579054715e-01	   3.0386093378859175e-01	   9.1033695944922610e-01	   4.4379485858072804e-01	   5.4633024829586496e-01	   4.3714636294188008e-01	   4.8666841540353423e-01	   1.8354704724597615e-01	   5.6345544830626515e-01	   2.9950870486759257e-01	   2.9411138866225656e-01	   1.1102532722237150e-01	   7.1315408759379473e-01	   5.2816279750429784e-01	   5.4949698837736105e-01	   4.3089345029661907e-01	   5.1138459735548525e-01	   4.1473531143916842e-01	   4.8324865238002612e-01	   3.9505764109760472e-01	   3.3300536685722421e-01	   4.2737278550913160e-01	   4.1901793130112119e-01	   6.1894013325002339e-01	   3.3367535545427063e-01	   3.1970829321836003e-01	   7.5929665600894092e-01	   5.0337247713941236e-01	   4.8302208527499613e-01	   5.0434024265658928e-01	   6.6214524070601877e-01	   5.6931018960579993e-01	   4.2930673901731287e-01	   3.8358325942813393e-01	   3.7473929207945162e-03	   1.5990650967427633e-01	  -3.4057448052409972e-01	  -3.7148511595784098e-02	   2.1714304968811007e-01	   1.5382594248403822e-01	   5.9750352289950381e-01	   6.1075229845383472e-01	   9.2926400399358233e-03	   4.6040277665697382e-01	   4.5144285785180621e-02	   1.8320763691553643e-01	   1.0802613134455087e-02	   1.1453653869702499e-01	   4.4934064996163189e-02	   2.0342103049430720e-02	   1.7704553196551534e-01	   1.4154815513319334e-02	   2.2318004458491503e-01	   3.6591666415413215e-01	   4.5459412716535108e-01	   2.8164688703873331e-01	   3.2974134155742729e-01	   1.8071761651266460e-01	
   7.5753437733927564e-01	   6.7544615569079691e-01	   3.7633938859202726e-01	   3.9802968081871487e-01	   6.7642979709814768e-02	   3.6517772283719378e-02	   4.2836470346125177e-01	   7.1372940839041832e-01	   1.8420821343022396e-02	   1.4122352638289412e-01	   8.1945183270190036e-01	   0.0000000000000000e+00	   6.7000870630640130e-01	   1.1829084456659094e+00	   4.7577342905306635e-01	   6.7673665210517608e-01	   4.3303966532895227e-01	   3.7974777149939287e-01	   3.3412897669292319e-01	   2.6363693000679056e-01	   4.3597269295021368e-01	   3.2637619636202231e-01	   2.8605082742297344e-01	   2.7680452771871661e-01	   7.8280846675184021e-02	   8.4770547921455414e-02	   1.5630543955512141e-01	   6.9990010516412932e-02	   5.1920322978134659e-01	   4.4037965601414814e-01	   4.8853286764489512e-01	   5.1052577080616013e-01	   6.4249206256469449e-01	   5.6620024596281093e-01	   2.3913549340288712e-01	   3.1766943703130301e-01	   7.2334742229744531e-01	   8.2772537056862516e-01	   8.0896631660651686e-01	   7.4245905454712446e-01	   5.3348720554088547e-01	   7.4855224893266803e-01	   4.9470004249915922e-01	   5.5695957005701502e-01	   4.0148729117792170e-01	   4.8110148473892017e-01	   5.6828927077242219e-01	   5.9931625330113047e-01	   6.0524640288423193e-01	   6.0066467094134524e-01	   6.1383248830732984e-01	   5.8274082800455540e-01	   5.6797151062380513e-01	   4.5719330686927750e-01	   8.3172571563738629e-01	   7.7344871894235956e-01	   5.5172390174751429e-01	   5.3365927470091812e-01	   8.6070098868574241e-01	   6.3458805543300090e-01	   5.8975754978457806e-01	   5.2842916343981217e-01	   4.6302317168356910e-01	   4.4260647820841265e-01	   1.0187351311790381e-01	   2.4364096467130225e-01	   4.2619556570968631e-01	   3.9210741468803317e-01	   3.6224545275387954e-01	   1.5587130683332046e-01	   4.6685389801490618e-01	   6.9722475582915389e-01	   6.3094489027851575e-01	   5.8988744125825643e-01	   6.0138488773598375e-01	   6.4023553748573270e-01	   5.8672016278753580e-01	   7.7915565779617912e-01	   3.3742554159574994e-01	   4.0607399818762879e-01	   5.3516287926828010e-01	   6.8906633958634989e-01	   2.8847924175019624e-01	   2.9877104704947310e-01	   6.1587128444574823e-01	   6.2426195322564648e-01	   5.5551908779611658e-01	   5.9827068285084506e-01	   7.0780288902052058e-01	   6.7002557442920230e-01	   4.5172263973221966e-01	   3.7318091422050664e-01	   5.7248223151616248e-02	  -4.3260676079816254e-03	  -3.1407871522328629e-01	  -1.4359101989139075e-02	   4.3733446568406703e-01	   2.6629185457583049e-01	   6.3699068506461909e-01	   5.4297144457066038e-01	   1.0777635189769842e-01	   1.8074066032307334e-01	   1.0908153247712822e-01	   1.9370381540932524e-01	   4.6425308095853476e-02	   9.7163763388652805e-02	   1.3829111056136556e-01	   1.7180353857848434e-02	   2.3700828999103860e-01	   9.4563416120929944e-02	   4.9488373220429638e-01	   4.4394005083165688e-01	   4.5895524477969596e-01	   2.8823767589782140e-01	   2.8312733094477971e-01	  -3.3828512235534867e-02	
   6.1455615316793455e-01	   4.3561647761036304e-01	   4.4413403094753323e-01	   3.3630296817638128e-01	   4.1142868415990946e-01	   2.2454016697392615e-01	   7.7489635678884317e-01	   5.2583613689602449e-01	   3.0644114542455325e-01	   1.4312683228587647e-01	   1.1214131054709469e+00	   6.7000870630640130e-01	   0.0000000000000000e+00	   9.0319458498214944e-01	   6.6474140741132048e-01	   5.6523600265867491e-01	   2.7309680610117537e-01	   1.2846698218134525e-01	   4.0781543599558645e-01	   2.6438717864707445e-01	   4.9488746073308953e-01	   2.6996192368643357e-01	   3.6535712008212473e-01	   2.1051484706237489e-01	   2.8003056112281783e-02	   2.4316546215938161e-02	   2.9073724406686607e-01	   2.6780629987587795e-01	   5.3138309909282166e-01	   3.8405020340470231e-01	   3.8074663354192140e-01	   3.0256107069226063e-01	   4.4144049291743409e-01	   3.4098994749787986e-01	   1.0768206425409581e-01	   1.0853169902533157e-01	   3.4299417928373233e-01	   3.2685431202911702e-01	   4.9758256675716672e-01	   3.0734997732174885e-01	   3.3395042584092555e-01	   4.3018740144963524e-01	   4.8873916911858484e-01	   5.0517662323513046e-01	   4.8089440792607008e-01	   4.7754275995078788e-01	   4.5556700487041324e-01	   5.0331349856542207e-01	   7.4478592116236964e-01	   5.7602637396522871e-01	   4.9889944156080790e-01	   5.3293385032954044e-01	   3.1469485269063957e-01	   1.9235811789188573e-01	   5.2508404720495228e-01	   5.1627833988845562e-01	   2.4566562886382215e-01	   2.5189290247159046e-01	   8.5221752193112255e-01	   4.2072120928336770e-01	   6.8275222359486998e-01	   3.1167424245411202e-01	   4.4757979843972900e-01	   3.0756696502121872e-01	   2.8014967055247175e-01	   1.6215258176686706e-01	   6.0097993074113054e-01	   3.6502599421481297e-01	   3.6118745433610200e-01	   1.7126721319440663e-01	   4.3202679217826168e-01	   3.1401825850963849e-01	   3.7197320632923597e-01	   2.9534562457890706e-01	   3.1190700110135589e-01	   2.7314428334429208e-01	   2.3109530519397897e-01	   1.9033138128660371e-01	   1.6242145031597974e-01	   2.5336037178962317e-01	   2.6614980417087797e-01	   3.7632510104698602e-01	   1.8008727368470090e-01	   2.0905888126623962e-01	   4.4302185443991610e-01	   4.7097709136988730e-01	   2.7473032050405166e-01	   3.2535448953603041e-01	   4.9967093921716410e-01	   4.6608625597774334e-01	   5.0055999115361627e-01	   3.9521425124390114e-01	   1.0619397502134326e-02	   1.5585524554394020e-01	  -1.0917039355229667e-01	   1.1436637784538189e-01	   2.0496558148800159e-01	   1.2090503260351962e-01	   5.4878932312914719e-01	   5.8427934770667411e-01	   5.5297506738628668e-02	   5.2316864498080484e-01	   1.0423440196135625e-01	   3.4450127443013612e-01	   2.6733867978664606e-02	   3.8712577205424238e-02	   9.9268248518697075e-02	   5.1966087688207437e-02	   1.1777018151718560e-01	   4.2569268409736544e-02	   2.7335097022454535e-01	   4.7008577083673608e-01	   5.3025619473193930e-01	   3.1814099343508467e-01	   2.3168384831886918e-01	   1.3416286037126710e-01	
