   0.0000000000000000e+00	   7.4162618532350610e-01	   3.9604383920452735e-01	   1.0902133363386449e-01	   2.4005615241679673e-01	   2.6747483037257375e-01	   2.1151856102567737e-01	   3.7003006295947341e-02	   2.2643294468732339e-01	   1.8227748509071920e-01	   6.9186810979619406e-01	   5.0775282906177188e-01	   5.1878315041560985e-01	   4.0124110377588135e-01	   5.3640742353528181e-01	   4.1363211768095598e-01	   5.3708553508942469e-01	   4.9286074199089092e-01	   7.3600230497752617e-01	   6.2602432784871309e-01	   4.6002705188766507e-01	   4.6688363750135675e-01	   3.3399831511047007e-01	   2.5323387414668702e-01	   1.6802811589000696e-01	   1.7667538537402117e-01	   3.7616136943721179e-01	   3.5184629512040949e-01	   5.6013813172272076e-01	   4.4304655983565594e-01	   3.4293909009959772e-01	   1.4207949931895322e-01	   5.4938435467616098e-01	   3.8165291590701200e-01	   1.4188916681923411e-01	   8.1277356102110093e-02	   1.9094171687556322e-01	   9.3452714566853098e-02	   3.6891847470375944e-01	   3.6363428937576597e-01	   1.6707318942220961e-01	   6.0384259632568504e-01	   5.4924309651927350e-01	   3.7805412840626207e-01	   1.0138275851886019e-01	   4.3098935161856852e-02	   3.5591239517395057e-01	   4.7187944176729257e-01	   3.5508621554631115e-01	   1.7876953312901500e-01	   3.8810888691936457e-01	   3.5156095763237000e-01	   3.3658910371472478e-01	   4.7678058720328997e-01	   4.5388733804386328e-01	   5.1401103454875607e-01	   9.6864081453593620e-01	   5.5906362263950127e-01	   5.8777248970653451e-01	   5.3096836543660778e-02	   3.5085586064401142e-01	  -1.2186223767820362e-01	   3.9813631264814520e-01	   2.6633333472034282e-01	   1.0083035700876564e-01	  -4.5604398275486489e-03	   4.4537966978635629e-01	   2.2023950206373555e-01	   6.8823187023570898e-01	   5.0357835051592625e-01	   3.3968841271536369e-02	   3.3010755037691929e-02	   7.1899428413872213e-01	   4.1492696300689641e-01	   6.2593691468926704e-01	   4.9978819661992951e-01	   8.2408438124569064e-02	   1.0118493840148252e-02	   3.9089733775644891e-01	   4.0389270573894848e-01	   3.0320731745278490e-01	   3.0024592112997883e-01	   3.4472472864224202e-01	   5.0102109005499651e-01	   4.5292264461887050e-01	   4.4352541254335981e-01	   3.5233752858652712e-01	   3.7291289155338159e-01	   2.0886771609245780e-01	   1.5284529112843734e-01	   3.7805758514742210e-01	   4.8087122690017470e-01	   2.0262987055648318e-01	   3.8305065620487028e-01	   3.5503985889522932e-01	   9.1296978708826776e-02	   2.5881935146009749e-01	   2.4168536228293941e-01	   4.6417589000918136e-01	   8.8876921705164902e-01	   2.2167762909082694e-01	   5.9348116978069754e-01	   4.3750859584719515e-01	   7.3983221330113558e-01	   3.7889162373734470e-01	   4.3244217732492163e-01	   3.3369373129152491e-01	   5.3254684871617208e-01	   5.2113134700254804e-01	   1.6299869042329277e-02	   3.5141096580612879e-01	   5.9840444294218442e-01	   4.7572572511212063e-01	   5.4760580088283273e-01	   4.7180645354868994e-01	   2.9400658249128098e-01	
   7.4162618532350610e-01	   0.0000000000000000e+00	   2.4711949225201529e-01	   1.6789062893660414e-01	   1.2866527212869247e-01	   2.4821237772572008e-01	  -7.4297448762619608e-02	  -3.7546581286101000e-02	  -3.7549406462898012e-02	   4.0107310919463873e-02	   1.6180441556512784e-01	   2.9139723944952417e-01	  -5.0825695965415037e-02	   1.1510076925779672e-01	   7.8402804291172842e-02	   1.5615934564439179e-01	   3.0951977194897573e-01	   5.5844930544405891e-01	   6.3587692504551241e-01	   6.3581202203276388e-01	   4.7540516240404340e-01	   4.7784185509610377e-01	   2.0235271188553766e-01	   2.3766026014501568e-01	   2.2152782786248046e-01	   2.6026414039130003e-01	   3.2975428925366601e-01	   3.9131587603273471e-01	   2.3566763351358011e-01	   3.0832847186830542e-01	   3.0274758217955378e-01	   2.1108099729479365e-01	   3.5704547325331348e-01	   2.3293489038546344e-01	   2.8443761370427229e-01	   2.1153909512043734e-01	   1.8015158873234152e-01	  -2.7852834752862012e-02	   4.0423984368195004e-01	   4.2520183589453253e-01	   1.5146166997969429e-01	   4.9790240659181662e-01	   4.5827170477136070e-01	   3.4528788433588786e-01	   2.4431915151254480e-01	   1.9321370415883068e-01	   3.9260981144445911e-01	   4.0049202619674490e-01	   3.5162391215189220e-01	   2.4951157493372428e-01	   3.5540361230124773e-01	   2.9862370794185994e-01	   1.8702028997025874e-01	   4.2646694661934653e-01	   3.6243650806202282e-01	   2.5129451113607681e-01	   7.2424695293508468e-01	   5.7990302997837284e-01	   1.0876903410008334e-01	  -1.4223500871158951e-01	  -3.6751064932294242e-02	  -1.7968907469603371e-01	   3.6567187623779024e-01	   2.2017057018740768e-01	   5.4609627194108931e-02	   1.4894782191267983e-02	   3.4969273813242552e-01	   3.1456157264749685e-01	   4.8784913183040091e-01	   4.4162323888996680e-01	  -8.5975334057597844e-02	   4.2809440839386301e-02	   3.4618059510266885e-01	   3.4634751621546384e-01	   3.5233867150891141e-01	   4.1721945493434087e-01	  -3.0509805567390989e-02	  -4.4828284202310116e-02	   3.7175857948320112e-01	   4.7767722618890812e-01	   3.2642128957203936e-01	   3.3185697519405305e-01	   1.7403026307310276e-01	   3.9065420642905374e-01	   3.8970500800759222e-01	   3.6221928064579190e-01	   2.1703810674141816e-01	   3.4267297657051804e-01	   1.5235558203111699e-01	   2.9578110266579465e-02	   1.9510873368992140e-01	   2.6882610212614411e-01	   6.1415353732649003e-02	   1.4667081798848969e-01	   2.3815413775453970e-01	   2.3547173351520928e-01	   1.6985806653227550e-01	   1.7538648390692108e-01	   3.7870191250019464e-01	   3.9747919491748984e-01	   1.0116208465730958e-01	   2.2867890169530011e-01	   2.0847821630305716e-01	   3.8449705597890094e-01	   3.9645476732056262e-01	   4.6824438911993460e-01	   2.1806250220345438e-01	   3.9839918036864630e-01	   2.9346841582247812e-01	  -2.2335941894997845e-02	   4.4286506367087064e-01	   4.8721168484189581e-01	   2.6714803631567807e-01	   3.0043856248030243e-01	   3.1016263791825727e-01	   3.1824657356916336e-01	
   3.9604383920452735e-01	   2.4711949225201529e-01	   0.0000000000000000e+00	   8.8950470783159596e-01	   1.2159098195132243e+00	   6.9904263282773560e-01	   9.5340133998842846e-01	   2.9532053526784491e-01	   5.4747408453139790e-01	   4.2002940886689583e-01	   1.5401155924887311e-01	   3.3005404990391057e-01	   2.1110026060089992e-01	   2.6896529703724542e-01	   3.3237110580779722e-01	   4.9980869122642457e-01	   1.6952574364202047e-01	   3.8394285142462009e-01	   7.4342791468497293e-01	   5.7256599261209751e-01	   6.0552138477330575e-01	   5.2274806367453963e-01	   1.3401572864606255e+00	   1.1025589268918647e+00	   9.0285555845412646e-01	   8.0593821469229976e-01	   1.0879118714767637e+00	   9.3227275383868802e-01	   1.4964300300811489e-01	   4.4025687931599590e-02	   1.0373278552529244e+00	   8.2303141381646017e-01	   8.5042982956611290e-01	   6.7348321866014360e-01	   1.0783021044967036e+00	   8.7313152102342384e-01	   3.9943965628006162e-01	   3.2944225470825605e-01	   7.5269032376546874e-01	   5.3521834396381929e-01	   2.4829161263373112e-01	   4.2878843961213292e-01	   4.6724719093836203e-01	   4.4007952758844310e-01	   2.9742327210899788e-01	   2.4520489300176387e-01	   3.8774104611481780e-01	   4.9939589563369474e-01	   8.8347584893601427e-01	   7.2615729951417396e-01	   1.1018986010368568e+00	   8.4156481624760604e-01	   5.8574630957050500e-01	   3.8392532525713791e-01	   5.3470399756916143e-01	   5.0045794429189128e-01	   3.7817457816933603e-01	   2.4840127332613082e-01	   4.7026164045442498e-01	   2.8627699784293092e-01	   4.1106147651822861e-01	   1.4713433091122444e-01	   1.9484915755301779e-01	  -6.9305805112760657e-04	   1.1754061849215418e+00	   8.0163344865700037e-01	   1.1272639449617088e+00	   8.2974760752885124e-01	   7.0984325604686171e-01	   6.9174600082082915e-01	   1.0876835943709454e-01	   2.3079569561455407e-01	   2.9351173618395654e-01	   1.0528188472075339e-01	   3.0137222424836030e-01	   2.6087798965813075e-01	  -2.4172604709825893e-02	   7.5649360379402314e-02	   3.9919217722012962e-01	   4.7297964226779232e-01	   3.6711777951382452e-01	   4.5955959467434759e-01	   4.1080410340440848e-01	   6.5223105815008475e-01	   9.7153658313426450e-01	   8.5110972712648247e-01	   4.6535485693766920e-01	   5.8559199683867902e-01	   6.8177632854568260e-01	   6.5319099098361588e-01	   4.6077298739450739e-01	   6.0068500823071436e-01	   4.1782608512097152e-01	   6.1412103552398090e-01	   7.7360923765805986e-02	  -4.5597273699474722e-02	   2.5007208447432144e-01	   1.0184146032284055e-01	   3.5065093320339963e-01	   5.0944791644428888e-01	   1.0012243159864029e-01	   4.2021697531911822e-01	   2.1697256658155895e-01	   4.6686323031220706e-01	   4.1125776016929633e-01	   4.8268446461689096e-01	   3.0803935457846593e-01	   5.5818907239980375e-01	   2.4962564184684224e-01	  -2.0837274805829162e-01	   5.5384008339946433e-01	   5.0656331965914547e-01	   4.8593362740136892e-01	   1.7580603645395360e-01	   1.7884902200720570e-01	   1.9780967228266016e-01	
   1.0902133363386449e-01	   1.6789062893660414e-01	   8.8950470783159596e-01	   0.0000000000000000e+00	   9.0598810403724506e-01	   7.8788309453020489e-01	   6.2560855156284034e-01	   8.9202200841176027e-01	   5.0010530702162359e-01	   7.9404705354595451e-01	  -7.4589021042870740e-02	   2.6497060968095837e-01	   4.3210119910901332e-02	   3.1720285704099782e-01	   9.6859603385909182e-02	   5.1146926065433029e-01	   1.6332161703747888e-01	   4.7445684612389083e-01	   5.1178875431267645e-01	   6.4232080607426112e-01	   4.8177818462917432e-01	   4.9226798349060019e-01	   7.9859849745277978e-01	   1.2059654690658772e+00	   8.7474941578622012e-01	   1.0260097811893756e+00	   8.5956081421840846e-01	   7.7586526725929728e-01	   9.4611599090841464e-02	   1.1734725335375401e-01	   9.9132351986541434e-01	   1.2954172423399295e+00	   6.0543336932608138e-01	   7.5737759500155077e-01	   1.0285357122715291e+00	   1.1792696865221335e+00	   5.2663979783245563e-01	   4.6657255874112313e-01	   7.3994600301241464e-01	   6.4417559783772749e-01	   4.4716209972643245e-01	   5.2052095596534831e-01	   4.3728427764676719e-01	   4.7248500867012089e-01	   4.4602364602191913e-01	   3.7177839505607613e-01	   4.0032106732827699e-01	   5.5497757228047095e-01	   7.1290180304920725e-01	   9.0180715881951667e-01	   8.9355316249477412e-01	   7.2896733119752943e-01	   6.1476827359192532e-01	   4.5888085283216695e-01	   6.6985863094307829e-01	   6.2060162800843832e-01	   3.5196715741451662e-01	   1.8615715490213980e-01	   1.9099341195213743e-01	   6.5461273982854384e-01	   2.5205903385425460e-01	   6.6309792086450647e-01	   2.4697106005343139e-01	   5.9434075905321959e-02	   9.0536235916548535e-01	   1.3479098241445275e+00	   9.3453301615012430e-01	   1.1486308560588645e+00	   6.4817071955667471e-01	   7.1924168985380443e-01	   8.2758503245857304e-02	   4.5468724785747749e-01	   1.2490747425447592e-01	   2.4299477645681616e-01	   1.0246536710417002e-01	   1.8593960016914718e-01	   1.7491331988663994e-01	   3.7252758016106452e-01	   4.7599822628727173e-01	   4.9543464297757489e-01	   6.1008484830572529e-01	   7.6328301386578412e-01	   6.3758383360899695e-01	   7.4703114342489541e-01	   1.0107783360361255e+00	   1.0942554863373521e+00	   5.0691198804490967e-01	   6.8177435485992632e-01	   8.6264745260074482e-01	   1.0416239050304092e+00	   6.5743119531373884e-01	   4.8929554408659653e-01	   6.5003438986054518e-01	   4.4576698709733603e-01	  -7.2856065152504187e-02	  -1.1036952117808604e-01	   3.5859129726476652e-01	   2.4280955160055895e-01	   4.5441889641820032e-01	   3.2817352922110055e-01	   3.4655840922055553e-01	   2.4595015159074907e-01	   2.8028426935774348e-01	   3.1119907413433073e-01	   3.1813381698804638e-01	   3.0596717639085086e-01	   4.1864369943544144e-01	   3.7650727800032269e-01	  -9.0043420087068740e-02	  -4.4112164943175747e-01	   5.7659536718706617e-01	   3.3258258067261121e-01	   3.6543762051523176e-01	   5.6939577584795030e-02	   2.6075505801047290e-02	  -1.4924249761772564e-02	
   2.4005615241679673e-01	   1.2866527212869247e-01	   1.2159098195132243e+00	   9.0598810403724506e-01	   0.0000000000000000e+00	   8.2075115288618572e-01	   9.2209321016692081e-01	   5.2413627956909215e-01	   8.1435305105909694e-01	   6.8216560035490759e-01	   3.3539078302841564e-02	   2.6654197336943464e-01	   2.3028380994402295e-01	   2.7232648575402019e-01	   3.8122316201419509e-01	   5.6216343765455601e-01	  -1.8585916359071409e-02	   2.3632967133017774e-01	   6.3231131867815527e-01	   5.8070715911098780e-01	   4.8306728702087365e-01	   4.0053088083171451e-01	   9.9413730086806340e-01	   9.7837601874655766e-01	   8.2056738112943750e-01	   7.9773890757894894e-01	   7.9809592406137886e-01	   6.2639638910381901e-01	   6.6167894933252938e-02	   8.4022301622435860e-02	   7.4344576054297429e-01	   6.5313427711729211e-01	   6.3332038409005764e-01	   6.4294515803169094e-01	   7.8098497155862090e-01	   7.3599561059498553e-01	   2.7873278926950024e-01	   2.3837481423631252e-01	   6.3888754694641281e-01	   3.6092919002124552e-01	   1.8148050731580789e-01	   2.9901211690200541e-01	   3.8557602869510504e-01	   3.9890950797890995e-01	   2.4794883267469758e-01	   1.7113162106575774e-01	   2.7416899889295343e-01	   4.4513161715267258e-01	   6.3430211036223194e-01	   5.7605155706604416e-01	   8.3867551271564333e-01	   6.3925101313250299e-01	   4.4837325550591561e-01	   3.4137631454245110e-01	   4.0831625034094687e-01	   3.2489143514101793e-01	   2.0374686946237769e-01	   1.7924791300566451e-01	   3.5921653603072662e-01	   3.6661479441041744e-01	   4.1001207634130576e-01	   3.3992322321698892e-01	   2.3979062022985353e-01	  -4.5786998015068508e-03	   9.6496928130965554e-01	   7.8013992702440271e-01	   8.4638960104169314e-01	   6.5771952052103588e-01	   7.4089084083360834e-01	   6.8571598305697212e-01	   1.8849150567895523e-01	   2.5632359921900333e-01	   2.2316188552095825e-01	   1.2172998622926325e-01	   2.9450215028226018e-01	   2.8362995837994581e-01	   1.4917749412752092e-03	   9.5185473935290171e-02	   2.8018647935316521e-01	   3.7182661420188368e-01	   3.3671137452137806e-01	   3.8459511296769472e-01	   3.4851171189256852e-01	   5.5984627737061787e-01	   8.3522797624271139e-01	   6.6070882941761910e-01	   4.5479691678365575e-01	   3.1462780132969431e-01	   7.8152068453432666e-01	   6.4032959627798303e-01	   5.2722576901972407e-01	   6.4517433080072295e-01	   4.5847298492886368e-01	   6.2912260445340462e-01	   1.4636277946494802e-01	  -6.8629037822198855e-02	   3.4028790002410203e-01	   1.4298985344048418e-01	   3.1429335369972472e-01	   4.2485994431336699e-01	   1.1627794361872582e-01	   4.6352093443018577e-01	   2.3058214499357668e-01	   5.1760379398026202e-01	   3.4851215577324363e-01	   3.9591154626949382e-01	   3.8233226886669142e-01	   4.9420214215404878e-01	   1.3915470532255245e-01	  -1.9779544089355658e-01	   5.6495288024720192e-01	   4.9260267749659109e-01	   6.1182535798754978e-01	   2.0576407877584979e-01	   1.7631701546307327e-01	   1.3518340002146489e-01	
   2.6747483037257375e-01	   2.4821237772572008e-01	   6.9904263282773560e-01	   7.8788309453020489e-01	   8.2075115288618572e-01	   0.0000000000000000e+00	   6.5126732046874691e-01	   7.4197507144155861e-01	   4.9561531877472320e-01	   7.9419657821987943e-01	   2.1442871697271823e-01	   4.9288157526694404e-01	   3.0115270377165826e-01	   4.4632367953417174e-01	   5.6030152016121026e-01	   9.0425820679673963e-01	   2.6221681408248432e-01	   5.0236220122016617e-01	   3.2292661374504544e-01	   3.6255957060883598e-01	   2.9703287754747087e-01	   3.1329853186671353e-01	   6.4359951916790714e-01	   7.1525913341391467e-01	   7.3532175731651950e-01	   9.1496906547147305e-01	   4.9058909903696246e-01	   5.2286308293701655e-01	   4.3016333240463123e-01	   3.0654239823478380e-01	   5.8067571636462223e-01	   6.4914961445795882e-01	   4.0777855224809817e-01	   4.4912244485543751e-01	   6.1888413376158691e-01	   7.2920771661101369e-01	   4.8267204733818481e-01	   4.3032143854303673e-01	   4.3797129995795009e-01	   3.1216345649629468e-01	   4.2692546479696192e-01	   5.1453655913478258e-01	   7.1617553938525835e-01	   7.5918609742044330e-01	   5.0152869397793798e-01	   4.6271937794072648e-01	   6.5786054596860843e-01	   9.0354131682734917e-01	   7.9266422471291997e-01	   7.2658818282235504e-01	   8.0202179618801550e-01	   5.9197632790551857e-01	   5.1736512361139808e-01	   4.6788086625536496e-01	   7.0987463361276282e-01	   6.1678176958300956e-01	   1.7718057555495328e-01	  -2.3373063543087207e-02	   3.8075798678577344e-01	   5.4845067141592474e-01	   8.7665697124297087e-02	   4.4458944355750385e-01	  -7.3701739340582703e-02	  -1.5797384935189734e-01	   5.4250527177595032e-01	   7.1391047259837603e-01	   6.3906365351059358e-01	   6.6582380911175654e-01	   5.9486557855861477e-01	   6.5587007908531414e-01	  -2.0173315483943854e-02	   1.2915498680543389e-01	   1.8182137796610537e-01	   2.1452151916793205e-01	   9.7151657918747247e-02	   1.7199774000666043e-01	   2.1523373479583013e-01	   3.1767773289435225e-01	   5.2644231369226058e-01	   5.2791527498042268e-01	   5.6037538654955554e-01	   4.0186060287479664e-01	   6.2143730701187239e-01	   6.2935210613906467e-01	   5.5204090985586429e-01	   6.8583733257511670e-01	   4.4374852573215506e-01	   5.7769950930029912e-01	   5.8945585791803401e-01	   6.2771357278708462e-01	   6.9491032293778798e-01	   5.5496459720211155e-01	   5.4671813074245690e-01	   4.5805475693600883e-01	   1.4701971888084339e-01	  -6.4355253745381980e-02	   7.0619848702696353e-01	   4.4573807499726886e-01	   5.6740914730290559e-01	   4.4878370879996193e-01	   4.3845042150375751e-01	   3.5274944218055443e-01	   4.0202087878273479e-01	   2.9149356290462125e-01	   1.3650057489465101e-01	   9.9645186631739102e-02	   4.1111182952269121e-01	   2.5516859957817695e-01	  -1.2606126996797495e-01	  -3.0137004785268739e-01	   9.6837064320010469e-01	   4.4605589560893916e-01	   6.0852961308268783e-01	   5.6203691890304781e-02	   1.0796795445295759e-01	  -1.9737534488505781e-01	
   2.1151856102567737e-01	  -7.4297448762619608e-02	   9.5340133998842846e-01	   6.2560855156284034e-01	   9.2209321016692081e-01	   6.5126732046874691e-01	   0.0000000000000000e+00	   5.6772455658050469e-01	   7.3579447798202713e-01	   5.1712583956117186e-01	   3.2093381730045728e-01	   3.7847873083738914e-01	   5.1765319747203686e-01	   4.1486623605522344e-01	   5.5436800968269484e-01	   5.2260899854036613e-01	   8.3397031338882169e-02	   1.6359509189964780e-01	   3.2847448683675584e-01	   3.0503065694638021e-01	   2.5374461740040677e-01	   1.9822975023324416e-01	   5.8660611672583207e-01	   5.1817322627671814e-01	   4.1290935181146982e-01	   4.0855130617875302e-01	   5.0510266209296806e-01	   4.8344341150948189e-01	   3.3814604199794512e-01	   2.2298065050380655e-01	   4.7665730341938406e-01	   4.0458183146837401e-01	   5.9701148050987307e-01	   6.1033834986745306e-01	   5.1352891079410656e-01	   4.4792954603691881e-01	   2.3565955969200608e-01	   2.7855981662800133e-01	   3.9992071500344339e-01	   1.9741953681507154e-01	   1.7306633260122550e-01	   2.2193394233395172e-01	   2.6858295015398509e-01	   2.6744279760873158e-01	   3.1982651236544474e-01	   1.1503847937202712e-01	   2.1871574489865062e-01	   3.1811271036107169e-01	   4.8658964136711147e-01	   3.3337207935081958e-01	   4.8575108126020983e-01	   3.1386335008698396e-01	   3.2086223797077995e-01	  -7.4891796929127321e-04	   3.1679829719591462e-01	   2.8425902802427455e-01	  -2.4801326408228686e-02	  -2.1411545382468582e-02	   5.5956848084752864e-01	   3.6808572808628653e-01	   6.0118433113377323e-01	   3.8442797369310505e-01	   8.3942211735189357e-02	   8.1999310402883954e-02	   8.2317498498033881e-01	   5.2565300407340143e-01	   8.2782760002516498e-01	   5.3379293888549906e-01	   4.5121801943933809e-01	   4.1503192655489768e-01	   1.5909346333307323e-01	   1.3845358138071498e-01	   2.7042821627047509e-01	   1.5800299209058338e-01	   2.3679717374918813e-01	   2.8631083572906557e-01	   6.9263193142374793e-02	   1.4919804287429853e-01	   2.8817375939143303e-01	   2.8940433269384047e-01	   2.5915903093531262e-01	   2.4615214544225328e-01	   3.1470898949145693e-01	   3.5428512267627904e-01	   4.9191021221176401e-01	   4.0293581482799012e-01	   1.9754971797439025e-01	   1.7701811176110691e-01	   5.2457990445225455e-01	   4.8759803146983061e-01	   4.1646657315501212e-01	   4.9517919902596391e-01	   4.5106374413806799e-01	   5.2046400391659708e-01	   1.3238748336800313e-01	   8.2752677193420568e-02	   3.8318428116400594e-01	   2.1016509748411372e-01	   2.3311725644413830e-01	   2.6221072917738031e-01	   2.3459274094031629e-01	   4.7287246631303681e-01	   2.5662163295598300e-01	   2.8999308996490231e-01	   8.9962516955751207e-02	   1.3635410603638021e-01	   1.6282495953967296e-01	   2.6568903609752043e-01	   1.0352408699400857e-01	  -1.6801599979973134e-01	   3.9921060221466625e-01	   3.3662149489117160e-01	   5.5838396341016749e-01	   1.0950878953373672e-01	   7.8845836096259836e-02	  -2.5891236215495956e-02	
   3.7003006295947341e-02	  -3.7546581286101000e-02	   2.9532053526784491e-01	   8.9202200841176027e-01	   5.2413627956909215e-01	   7.4197507144155861e-01	   5.6772455658050469e-01	   0.0000000000000000e+00	   7.3640179084855273e-01	   1.3618492731195095e+00	   6.1837011453353130e-02	   2.9603130261188298e-01	   2.6886089636134181e-01	   4.5835996523886624e-01	   2.3094951901739030e-01	   5.7381158426133694e-01	   2.2798393579916076e-01	   3.9932346136091790e-01	   2.4725133824435053e-01	   4.5776802388907134e-01	   2.4426681012780047e-01	   3.1327212593502968e-01	   3.1161300878761611e-01	   5.2383011172112082e-01	   4.4155962309018992e-01	   5.8453505341370415e-01	   3.1352234355557296e-01	   3.0322735698813619e-01	   2.9061668702344612e-01	   2.7834387082146828e-01	   3.7785593486689573e-01	   5.9319663273854573e-01	   2.7202018415246115e-01	   5.2453570644439318e-01	   3.5711630683983470e-01	   5.1210570187084958e-01	   3.9196259129866201e-01	   4.2314829592923747e-01	   3.4958254979453107e-01	   3.3941174681097552e-01	   5.1153880486855685e-01	   4.5721541253798792e-01	   2.7429703454947052e-01	   3.0895577922033113e-01	   3.0440849710812945e-01	   1.1774901507883417e-01	   2.0480806699673443e-01	   3.9518213273898617e-01	   2.9752520052848519e-01	   3.6682048531748979e-01	   3.8311817327520659e-01	   2.0312382816263902e-01	   4.2837345611266558e-01	   2.4588876535570733e-01	   4.9914853648277557e-01	   3.9881021634543906e-01	   1.2166527619747171e-01	   1.1154523316819308e-02	   2.0488158118984259e-01	   8.1968845538492419e-01	   2.0354168611581339e-01	   1.1297018146703726e+00	   1.4309388568589265e-01	   1.7989385972239820e-02	   3.9315567494348891e-01	   7.4233816303272260e-01	   4.4422758583455729e-01	   5.0717229600370139e-01	   5.0388598019236164e-01	   5.8277571739706835e-01	   1.5112543638003789e-01	   4.5266782597942112e-01	   1.3382267099479764e-01	   3.2142698496824496e-01	   1.1008698689323117e-01	   2.1752465306664495e-01	   3.1908563295325854e-01	   4.4772652375971511e-01	   4.9632064684351573e-01	   3.2217155218891730e-01	   6.8563660294150708e-01	   6.0709920478608237e-01	   6.1705888770624628e-01	   5.8997138211537614e-01	   4.4183313098771082e-01	   5.0852532388447402e-01	   2.7531573779241342e-01	   2.7818128237251366e-01	   6.6623626484856846e-01	   8.9859323521901502e-01	   7.7584014994543959e-01	   5.1867626653553878e-01	   7.8195566294063712e-01	   4.8857578994171796e-01	   3.6427933777490040e-02	  -1.8782641663860872e-01	   5.3779648139198655e-01	   3.3311936118253865e-01	   3.4813900905097234e-01	   1.5668577299954756e-01	   5.7264709151813675e-01	   4.4573026075934152e-01	   3.6784489517219365e-01	   2.9689308128909980e-01	   3.8769793920277844e-02	   5.0971130352337277e-03	   3.8485014190273237e-01	   1.7895610205858770e-01	  -2.5412595803409394e-01	  -4.2786511517868242e-01	   4.8071978226213130e-01	   1.7713644109950327e-01	   5.0933473869112744e-01	   3.0443733329413716e-02	  -2.3589533687830102e-03	  -2.6235722182390175e-01	
   2.2643294468732339e-01	  -3.7549406462898012e-02	   5.4747408453139790e-01	   5.0010530702162359e-01	   8.1435305105909694e-01	   4.9561531877472320e-01	   7.3579447798202713e-01	   7.3640179084855273e-01	   0.0000000000000000e+00	   1.0434573813032444e+00	   2.8295525896622615e-02	   2.0346254111051607e-01	   4.0149575718110009e-01	   4.1972277038288730e-01	   3.5884305028291441e-01	   5.0855590870957257e-01	  -5.4589705136144093e-03	   2.0711912791486403e-01	   5.8790686780435331e-01	   6.1934128713001835e-01	   4.8709513896148315e-01	   4.6478956277793032e-01	   6.1223117985458242e-01	   5.9110345471803460e-01	   4.7194110241722759e-01	   4.6307567374248326e-01	   5.4254101350950945e-01	   4.3294242489480483e-01	   1.4997099718670420e-01	   8.6400543761358167e-02	   3.0786932264746181e-01	   3.2778371432229619e-01	   5.0711789477581470e-01	   6.0437349904761928e-01	   2.6701910216945862e-01	   2.7089493250641616e-01	   3.6043421152863853e-01	   3.1397903051056286e-01	   5.4874637966823325e-01	   3.0605150820135224e-01	   3.7382980913417535e-01	   4.2430118570393438e-01	   2.6419736943468347e-01	   2.6372050654850088e-01	   3.7558358242880681e-02	  -1.2462135541678791e-01	   1.1133327494846101e-01	   2.9155781913195716e-01	   2.7802317564422230e-01	   1.3610411759187185e-01	   4.4079006969540924e-01	   1.7266824637547143e-01	   4.5127357282684205e-01	   1.5546140773331868e-01	   4.1086331189229441e-01	   2.7634563155999636e-01	   1.7400575788653563e-01	   2.4742554183217932e-01	   4.8755810736346961e-01	   4.4866387384092343e-01	   6.1440709156195461e-01	   5.5482451893698193e-01	   3.9530632820932449e-01	   1.3007650629362214e-01	   5.1259011545688637e-01	   4.9483829281616287e-01	   5.3555947972085716e-01	   2.6188543225389954e-01	   8.1776862285403429e-01	   7.8823810161238794e-01	   4.1975947195418928e-01	   4.5476005385385787e-01	   4.2173801698657398e-01	   2.9687268021766411e-01	   5.6014098221033737e-01	   4.7909367574457840e-01	   1.0969286246063402e-01	   8.4050306063569183e-02	   4.1877446995249845e-01	   3.4159140288821166e-01	   5.8805894373609935e-01	   4.6897183337037784e-01	   3.7697124336943483e-01	   5.9299048080959671e-01	   5.5072893919724453e-01	   3.4056688798082824e-01	   4.2717292302898818e-01	   1.1976506391019155e-01	   9.2978081959401815e-01	   7.9623433800167587e-01	   7.2788635427669190e-01	   8.6144246203369279e-01	   6.8807384187324294e-01	   9.5094847595734344e-01	   2.6119755314884940e-01	  -2.0746988004591477e-01	   4.9693456527028446e-01	   2.1065694975031710e-01	   3.0076215023734654e-01	   3.3863749396779141e-01	   3.6036447911552799e-01	   9.7047762464063303e-01	   4.7882497047313199e-01	   7.0975163866367552e-01	   2.4682915480828321e-01	   2.1886978031104021e-01	   5.7799453320561089e-01	   5.0531904671644945e-01	   1.4499192435068017e-01	  -1.9153976233561229e-01	   4.4469442851595808e-01	   3.6787000815889059e-01	   7.5806701420255529e-01	   3.6889228883976166e-01	   3.1268653097250282e-01	   4.3200121941151415e-02	
   1.8227748509071920e-01	   4.0107310919463873e-02	   4.2002940886689583e-01	   7.9404705354595451e-01	   6.8216560035490759e-01	   7.9419657821987943e-01	   5.1712583956117186e-01	   1.3618492731195095e+00	   1.0434573813032444e+00	   0.0000000000000000e+00	   5.1359257773727351e-02	   2.6290169055764001e-01	   3.0980642678346615e-01	   4.3728555164667987e-01	   2.9000789765632162e-01	   6.3747910071405223e-01	   1.4508915357728649e-01	   4.1534272056218302e-01	   5.2928259333269401e-01	   6.7508117604273643e-01	   4.5452147448402130e-01	   5.5040600287212160e-01	   5.6146296904068649e-01	   6.9562929396583584e-01	   5.6657959661166979e-01	   6.7445792373424152e-01	   4.5889605027201041e-01	   4.3413859595714854e-01	   1.9077743710026696e-01	   1.7483832518053491e-01	   4.1225374668873860e-01	   5.7648584188331931e-01	   4.1969950909464510e-01	   6.0154493463354108e-01	   3.6399852778922093e-01	   4.6544509080260688e-01	   4.5295066075139157e-01	   3.7544697981380148e-01	   5.2684364969677366e-01	   4.1190916309643122e-01	   4.8433614798735009e-01	   6.2943091761256798e-01	   3.3917862748085348e-01	   3.3125450030692061e-01	   1.7649696247515573e-01	   2.2275333532018705e-02	   2.3298960169294453e-01	   4.5460487952008227e-01	   3.7599189480915168e-01	   3.6531262574825507e-01	   5.7350361508452319e-01	   3.1274590741884678e-01	   6.1984368868192052e-01	   4.0671597234103524e-01	   5.9383444557418730e-01	   4.6205576004754467e-01	   2.6395104555177035e-01	   2.0144044065511196e-01	   2.3435130294218015e-01	   6.3870765925749606e-01	   2.7092675102969888e-01	   8.7198613150259285e-01	   3.2752582256771029e-01	   3.6422259921523002e-02	   4.8716496810657262e-01	   7.1152918450004810e-01	   4.9140697016610924e-01	   4.2977956973460918e-01	   8.3685152074868485e-01	   9.5584623565575355e-01	   2.8042662968812665e-01	   5.5331028937155813e-01	   2.9980008065623875e-01	   3.2450210003972535e-01	   3.3203869745570325e-01	   3.1306528155720775e-01	   2.3192221685143399e-01	   2.9295097969307599e-01	   5.7964368614799733e-01	   4.3191063692992759e-01	   8.4767902221130198e-01	   6.6563759472140449e-01	   5.7595367911314466e-01	   7.7303193820807425e-01	   6.4722393962574754e-01	   5.6148927889075839e-01	   4.0906927687600148e-01	   3.2281847649940409e-01	   8.6803364596560140e-01	   9.8807829314359041e-01	   1.0154131330367848e+00	   8.5810755861774313e-01	   8.9943642741106533e-01	   7.8651547951060086e-01	   1.5085758290905241e-01	  -2.8424591059683890e-01	   5.4074732682047466e-01	   2.9029325295641506e-01	   4.3527000715761555e-01	   3.4774954255795759e-01	   5.1087907197643712e-01	   6.9864263522338643e-01	   4.0727190878957586e-01	   5.1897941458395225e-01	   1.9432721728155758e-01	   1.4423641035668233e-01	   5.6556499474617750e-01	   3.8676125648901516e-01	  -7.4281881747549225e-02	  -3.2685042834330719e-01	   6.0450526607075361e-01	   3.4781489787951514e-01	   7.2296940718237279e-01	   2.1974595316502085e-01	   1.7343222613639783e-01	  -1.0785664214050923e-01	
   6.9186810979619406e-01	   1.6180441556512784e-01	   1.5401155924887311e-01	  -7.4589021042870740e-02	   3.3539078302841564e-02	   2.1442871697271823e-01	   3.2093381730045728e-01	   6.1837011453353130e-02	   2.8295525896622615e-02	   5.1359257773727351e-02	   0.0000000000000000e+00	   1.0089166810980923e+00	   1.1878515397761809e+00	   7.4984814078127804e-01	   1.1233531336384723e+00	   6.5846860075739810e-01	   6.0595408577762400e-01	   2.7894843613334697e-01	   1.6776810166188269e-01	   1.7299883124651078e-01	   1.1075723599065405e-01	   1.3878599166316580e-01	   1.4613782911746920e-01	   8.3412255481000550e-02	  -2.1479950133238221e-01	  -1.1657600521059916e-01	   2.8583958947348931e-03	   6.5452799494841826e-02	   7.9138640151340656e-01	   6.4752172347072889e-01	   1.4960660700243844e-01	   1.2798063200336968e-02	   3.0006552243517753e-01	   3.1257399151888249e-01	  -1.1520293699295003e-01	  -1.5606720412836977e-01	  -1.3203516125101025e-01	  -1.0823956420093137e-02	  -7.1620597302977762e-02	  -3.4788955749520324e-02	   1.8120130699526005e-02	   2.9564772378070575e-01	   3.0954202939713360e-01	   2.0253244980777674e-01	   9.2705658142288080e-02	   5.0847028305838066e-02	   2.2758243139440987e-01	   2.8274018119837274e-01	   1.9236679106179549e-01	   1.4548039116166301e-02	   1.3087033766618267e-01	   1.4676003254609107e-01	   2.4718912558938955e-01	   2.2595521595349355e-01	   2.4562327720874511e-01	   3.5507238618688303e-01	   1.5555607005143487e-01	   1.0114032538677657e-02	   5.9813256650684021e-01	   1.5191177393628438e-01	   3.1257583703833791e-01	   5.1226103794110897e-02	  -2.6911999838709431e-02	   2.5468235047086601e-01	  -1.6922049711406441e-03	  -1.7291540759978952e-01	   1.8538268603103017e-01	   7.4489348840446057e-02	   1.3390380895987786e-01	   9.8480857411605158e-02	  -1.3341333600116342e-01	  -1.2052825131790224e-01	   3.6658536145120929e-01	   2.1893993338789755e-01	   2.0674895233140225e-01	   1.9172706135674125e-01	  -1.6355385125442240e-02	   2.6708160626882565e-02	   1.6570088326865429e-01	   1.0969334546132696e-01	   4.5313899227050668e-02	   3.9542167543405948e-02	   2.4381924972476737e-01	   2.3252356157540613e-01	   6.1362021061132699e-02	   2.8841907271515255e-01	  -4.5804246072830485e-02	   1.0634676114962970e-01	  -1.7641222983039842e-01	  -8.2426315510838136e-02	   3.3000025167502955e-01	   2.9404999598228210e-01	   2.5644920153359341e-01	   1.5549813290304187e-01	   2.2874919574147146e-01	   5.2610098278907579e-02	   1.0389361787300430e-01	   8.1109754338688799e-04	   3.9944370821229752e-01	   5.6541332236525399e-01	   3.7503981497543726e-01	   3.2316405846308965e-01	   3.1005425226089728e-01	   2.3721911449531879e-01	   1.6868612834243327e-01	   1.7389331912891956e-01	   1.0976138195487278e-01	   2.0627653453493633e-01	   2.5282681655759104e-01	   6.4146506171189152e-02	   6.0848366203939429e-02	   3.7626856204890935e-01	   3.7269883110134594e-01	   1.6462836616314044e-01	   2.2566578876411553e-01	   1.2259073805495592e-01	
   5.0775282906177188e-01	   2.9139723944952417e-01	   3.3005404990391057e-01	   2.6497060968095837e-01	   2.6654197336943464e-01	   4.9288157526694404e-01	   3.7847873083738914e-01	   2.9603130261188298e-01	   2.0346254111051607e-01	   2.6290169055764001e-01	   1.0089166810980923e+00	   0.0000000000000000e+00	   9.3878985671407078e-01	   1.4066688996462910e+00	   9.9611835010703276e-01	   1.2600317841480562e+00	   3.9799601199912205e-01	   4.0370274579726423e-01	   2.7077739278397267e-01	   3.8224666244135602e-01	   2.6065648367179883e-01	   2.8996901479007475e-01	   3.4997225319550473e-01	   4.3666010623406348e-01	  -2.0186988196112320e-02	   1.0917785493243501e-01	   2.4153339652026382e-01	   3.3264621385629128e-01	   5.2129724527909072e-01	   6.6961266757752713e-01	   3.2428604164147290e-01	   2.4959896561842582e-01	   4.4215021779014352e-01	   5.4768403227061924e-01	   1.0672181437154890e-01	   9.9394535143180682e-02	  -3.8979108507189275e-02	   6.6172974649927246e-02	   1.3320465440559803e-01	   1.4720897910396136e-01	   1.4351268957300570e-01	   5.7272016575053075e-01	   3.8785045145650998e-01	   3.0160946809887013e-01	   1.5185321181573608e-01	   1.4234178119609950e-01	   2.9913142446089086e-01	   3.9538184011033717e-01	   3.9475178195730753e-01	   1.5674636695392907e-01	   3.7412712956964211e-01	   2.9148611352666115e-01	   4.2586130598892302e-01	   3.4519738662662508e-01	   4.0592106327640110e-01	   4.2075637918332864e-01	   2.3715424094928200e-01	   4.9993883016379130e-02	   5.6681536626828133e-01	   3.2025988421609147e-01	   3.9570010754773161e-01	   3.4073266915522826e-01	   7.5236220096064635e-02	   4.0885398452667598e-01	   1.4951262249652800e-01	   1.3077522469000211e-01	   3.6527229587157078e-01	   3.1531490794295924e-01	   3.4292599057027173e-01	   3.3600820881217125e-01	  -2.2682891778600062e-01	  -1.0661515354767961e-01	   2.8281830741936054e-01	   2.9020150429362734e-01	   2.2097593885619446e-01	   3.0239355418098651e-01	  -6.0253927428544567e-02	   4.7359389064060854e-04	   1.6902431452972613e-01	   1.7577935577491327e-01	   1.7635563439887766e-01	   9.1922222521086741e-02	   3.0790622051854510e-01	   5.0636644048640989e-01	   2.8855128459812879e-01	   5.5764192834269344e-01	   1.7296726935129122e-02	   3.5935988751203374e-01	   1.4068665159120530e-01	   1.8374602943842286e-01	   5.8521793918385390e-01	   4.7319012891966661e-01	   4.8635782888998902e-01	   3.1846068023543089e-01	   1.9827307866550106e-01	   2.3485132799978829e-02	   1.5840824701472239e-01	   4.1538086161470155e-03	   5.4011646353878418e-01	   6.4509385411181097e-01	   5.6514239346796358e-01	   4.0327476565228237e-01	   5.2228035070124501e-01	   3.9562831169685958e-01	   4.0290563156837206e-01	   3.8032515506075709e-01	   3.4677058411632466e-01	   4.0799991729459695e-01	   2.8605465218917869e-01	   2.0733650758867551e-02	   2.6191574212459967e-01	   5.7590000418466547e-01	   5.7858168769704776e-01	   3.5477663523486086e-01	   3.9772454215774511e-01	   2.4697554869775717e-01	
   5.1878315041560985e-01	  -5.0825695965415037e-02	   2.1110026060089992e-01	   4.3210119910901332e-02	   2.3028380994402295e-01	   3.0115270377165826e-01	   5.1765319747203686e-01	   2.6886089636134181e-01	   4.0149575718110009e-01	   3.0980642678346615e-01	   1.1878515397761809e+00	   9.3878985671407078e-01	   0.0000000000000000e+00	   1.0690884463787458e+00	   1.2433481832872244e+00	   8.1985925707292062e-01	   4.0295580633016553e-01	   2.4102932744788885e-01	   1.9377924431424431e-01	   2.5055118557339062e-01	   8.2853568591564508e-02	   1.0542328509478113e-01	   2.3498687918441924e-01	   2.0226762203653167e-01	  -1.4779959681709787e-01	  -4.3297795763416129e-02	   2.4931060157890084e-02	   3.3975281978668906e-02	   6.3944186593245500e-01	   5.5544320426208582e-01	   1.0724325989132522e-01	   3.6774046183981682e-02	   4.4780747689768624e-01	   5.4404805050534777e-01	  -1.6894964990373912e-01	  -1.8177199639324837e-01	   2.7148513244094459e-02	   9.5839883966107431e-02	  -7.2276286270044250e-04	  -6.8071622041431190e-02	   1.0938577394909260e-01	   2.9929609320217815e-01	   3.0423723864391378e-01	   2.5262564679373400e-01	   7.2697894554438675e-02	   8.8886789793352714e-03	   2.0461267013065779e-01	   2.9614334145737053e-01	   1.9421535137418608e-01	  -3.4435970801999047e-02	   1.9842618306470988e-01	   1.1309019277353896e-01	   4.0652506692717832e-01	   1.9542792289515243e-01	   3.9573514157956768e-01	   4.1667591278806421e-01	   8.0521035365511917e-02	   2.9649470344079869e-02	   7.8622881825800151e-01	   3.3176684063677020e-01	   5.7364995523907469e-01	   3.1014376515724945e-01	   1.4570945296321894e-01	   4.1245874852353381e-01	   6.5396784189423879e-02	  -3.4937744464463079e-02	   2.2703287294985419e-01	   2.6130677317855663e-02	   3.0459449813825695e-01	   2.1464802902179078e-01	   7.9249951361718793e-02	  -1.2147019628973731e-02	   4.6905943420377422e-01	   3.3815064351642160e-01	   3.0027491963699643e-01	   3.5033880471266188e-01	   7.5460392021752698e-02	   8.5230801192839545e-02	   1.8496584980903993e-01	   1.4288818030037315e-01	   1.5581611095084688e-01	   8.8817798331891545e-02	   2.8405851677259902e-01	   2.7570540301534685e-01	   1.4298728185611737e-01	   2.6163194545160190e-01	   1.1467995800642516e-01	   5.8789534729486656e-02	   1.5039484041829820e-01	   1.7510145718251141e-01	   4.6369211661204035e-01	   4.2978271013835889e-01	   4.0430796701407945e-01	   3.2621883397609452e-01	   2.8325493484694719e-01	  -1.2513391481907557e-01	   2.5179717739393348e-01	   4.1595829485228872e-02	   4.5538046429147666e-01	   6.1992892534085520e-01	   4.9260290894447201e-01	   5.1876055419397760e-01	   5.3154501906505891e-01	   4.1598246356389540e-01	   2.1841126096312846e-01	   1.6056315126054813e-01	   3.6632914200024053e-01	   3.3502874137395389e-01	   1.8866466506169546e-01	  -6.6952811364070164e-02	   8.7232704121642399e-02	   4.0385103479502016e-01	   5.5976147440638246e-01	   3.3930431394472182e-01	   2.8844281514141562e-01	   6.3754603939836521e-02	
