   0.0000000000000000e+00	   6.4128797701616636e-01	  -2.0437636955293187e-01	  -3.8466551012466166e-01	  -1.7626050612064170e-01	  -4.3942438712027194e-02	   1.2683560916776315e-01	   8.6075226776131247e-02	  -1.6454724487397423e-04	  -6.7871486101881802e-03	   6.4412786687239132e-01	   5.8398704290878944e-01	   5.7998614373829083e-01	   5.4066686927085739e-01	   3.6207275699974106e-01	   2.5966441154205211e-01	   8.1233486720293346e-01	   6.5742681419244942e-01	   5.5689982591464904e-01	   2.3055410591260872e-01	  -1.0588200152787433e-01	  -9.4920301566925366e-02	  -4.8630301184158548e-01	  -5.2945981632450823e-01	  -4.6946637869962127e-01	  -4.1274806988472923e-01	  -3.5157330234403988e-01	  -4.9567194616023530e-01	   8.6176744160561369e-01	   7.3332960336153918e-01	  -3.3297034629324546e-01	  -2.5756142903835227e-01	   3.1501287250609500e-01	   2.6861376897988798e-01	  -3.1111381374186109e-01	  -2.7399072150904680e-01	   5.3509739233295814e-02	  -4.1335331054566132e-02	  -1.6395958450653961e-01	  -1.6662453152525816e-01	   7.6385197329748550e-02	   7.3530912767095072e-02	   3.4309013914588626e-01	   3.1710064971287427e-01	   2.7567932497282349e-01	   2.7184784538327988e-01	   3.9117137639872479e-01	   2.8458523193732865e-01	   5.2824474560367052e-01	   3.3724648693269388e-01	   4.3186076434775561e-01	   2.7528821545798782e-01	   5.6170301131719702e-01	   5.3222000574796147e-01	   3.1478003540620964e-01	   1.6827877373869818e-01	   7.2903551036567593e-01	   5.7429054690966108e-01	   4.2762421991095240e-01	   8.6807979625641629e-02	   6.9577197929261214e-01	   3.0064567534679232e-01	   4.9562589212562763e-01	   5.1020582970156603e-01	  -2.3924688393039495e-01	  -2.9272652560382756e-01	  -1.7696889922130438e-01	  -2.7637821861529854e-01	  -2.5171726565151004e-02	  -3.3229229364470264e-01	   1.6133659686139165e-01	  -1.6551213230223344e-01	   8.1245048069274661e-01	   6.4818222523370861e-01	   5.7544260454794494e-01	   4.5799375834627498e-01	   6.6755319431969717e-01	   3.9410992785482563e-01	   8.1080854327964647e-01	   5.7162298620133500e-01	   7.9299380724017088e-01	   4.1243315534001684e-01	   2.8769903578631312e-01	   2.1535543208783406e-01	   1.2986127710223322e-01	  -1.1272360018607867e-01	   1.3241580509051726e-01	  -1.2173462016789989e-01	   3.0973526453708933e-01	   1.8973403966481142e-01	   2.3671175822064189e-01	   4.0861547838531004e-01	  -8.7157739496749362e-02	  -3.5713429306778691e-02	  -1.9119169507393735e-01	  -3.1139035304010165e-01	  -2.0045101845894336e-01	  -1.6875518975885212e-01	   3.0912132404600517e-01	   6.0101225800720381e-01	   2.2661073407925519e-01	   2.5325724965840490e-01	   1.9585665695236057e-01	   5.3702284244792875e-01	  -6.5136971386350315e-02	   1.7164769582759587e-01	   5.7386420616883788e-03	   3.6375775689201006e-01	   4.0168088775755345e-01	  -2.2078722972522188e-01	  -2.8692885647766170e-01	   6.8868450865905165e-02	   6.7987757120972347e-01	   5.2272000405703878e-01	   3.2102532402098161e-01	   3.2238375597058866e-01	
   6.4128797701616636e-01	   0.0000000000000000e+00	  -4.6577056699987762e-01	  -5.0805958293612230e-01	  -4.6039555507804386e-01	  -4.6598558175068172e-01	  -4.5317702720219055e-01	  -4.3056704490630798e-01	  -3.3534036004414830e-01	  -4.9465381629395355e-01	   1.4041713274231157e-01	   1.5952852485595609e-01	   6.2752257494547187e-02	   9.0554898062058187e-02	   8.9236188885644219e-02	  -1.0984416968290105e-01	   6.5111190798178975e-01	   7.6192261410502604e-01	   5.3654222560787168e-02	   3.0893858015191095e-01	   9.2738746444803705e-02	   4.4110492488928871e-02	  -3.8893938505075232e-01	  -5.4118579885789753e-01	  -4.4749269469328792e-02	  -1.3614081460703098e-01	  -1.6731551140778836e-01	  -4.0540199918522829e-01	   5.3201129421404292e-01	   5.4421092745475719e-01	  -1.6641190067304823e-01	  -2.4065623106486145e-01	   3.9703530016484884e-01	   3.9059705471729766e-01	  -2.1324302216044941e-01	  -1.8060072099532545e-01	   3.8159446457626800e-01	   1.7547466921785787e-01	  -4.9549710222838848e-02	   4.2168979360452441e-02	   2.1051943492193481e-01	   1.9714132637655971e-01	   4.5758945298460807e-01	   5.5540772138831063e-01	   3.7195747210056468e-01	   4.8607960723610100e-01	   5.6571182257350583e-01	   5.2006981236723215e-01	   7.4832808141373808e-01	   6.5943885863440443e-01	   4.2935379353955416e-01	   4.5986407523969153e-01	   4.3628939607327527e-01	   4.6075068177946310e-01	   5.9441523516213557e-01	   5.0834873078211107e-01	   9.1407423263840437e-01	   6.2437756248081766e-01	  -1.9196522841330957e-01	  -2.8616899748721669e-01	   9.7271146337793973e-03	  -2.7599811760516058e-01	   2.5381362654049822e-01	   2.0190422830171353e-01	  -4.9949096367993273e-01	  -5.0128724077580111e-01	  -2.4912910939538402e-01	  -1.3515280324802312e-01	   3.8149878805243093e-01	   1.2534110143924082e-01	  -2.2724969586069299e-01	  -3.7562690104464735e-01	   4.9348082851649677e-01	   5.0102039240603513e-01	   3.0787717553307703e-01	   2.6451542590199101e-01	   3.3211545661663183e-01	   2.2620067117637416e-01	   6.9360725226402820e-01	   6.8000568276011453e-01	   6.6347323682252024e-01	   5.7489308665718530e-01	   1.6012851580063123e-01	   1.9942526543765798e-01	  -1.0113336060733953e-01	  -1.3240281151242161e-01	   2.1475643369913489e-01	   6.0896018016962969e-02	  -6.2589371858408155e-02	  -7.8397587313728118e-02	  -8.3962975431481610e-02	  -1.9924999004177602e-01	  -4.9184089936256670e-01	  -2.9697250686266363e-01	   2.1048232543469694e-01	  -3.8004268384748838e-02	   2.4344669095462640e-01	   2.2938889011136049e-01	   5.9062460092183311e-01	   7.3137001322014028e-01	  -7.2744274331178790e-02	  -1.3179067964833985e-01	   1.3489881717879776e-01	   1.6101655069770379e-01	   1.3562481773001439e-01	   2.0207190061994731e-01	  -7.2602725853519137e-02	   1.5223605849083882e-01	   5.0525504687941314e-01	   3.2682927074692358e-01	   1.1902977362948430e-01	   3.8520651918027854e-01	   4.9724539474422003e-01	   3.2461385908367762e-01	   2.1441439798042025e-01	   5.0407655879854707e-01	
  -2.0437636955293187e-01	  -4.6577056699987762e-01	   0.0000000000000000e+00	   8.1999289863955194e-01	   1.2284333028608678e+00	   7.2975049648389467e-01	   9.8655672764371671e-01	   5.8155151181549170e-01	   1.1528664091380594e+00	   8.7512023352246615e-01	   3.7555060317963790e-01	   3.6349204006220281e-01	   2.5888934121633456e-01	   3.0032623540383985e-01	   5.2279149703139871e-01	   4.7131732431522971e-01	  -3.3605414894052810e-01	  -3.2607487425858794e-01	   3.1403806535811968e-01	   1.7216369363485606e-01	   4.9011497512137459e-01	   4.0950339739220754e-01	   1.1775051173485638e+00	   8.7013351431798469e-01	   2.9520447178647896e-01	   2.6574950381952689e-01	   6.0884188732224642e-01	   6.2641331192150007e-01	  -2.9857268078807508e-01	  -2.0104426855250718e-01	   3.6193215578456717e-01	   3.0030979249191625e-01	  -1.9859732638987171e-01	  -1.6685523689557036e-01	   3.0474931845142045e-01	   9.7215570262056614e-02	   6.6802691236757694e-02	   1.6968736648485305e-01	   2.7813027163602627e-01	   3.1045948094689125e-02	   1.2612434553828111e-01	   1.7925531336461220e-01	  -3.0488642350318546e-01	  -3.6989849428415889e-01	  -4.1261773691360154e-01	  -4.8710207992014792e-01	  -2.2543806644364564e-01	  -2.4409170543057224e-01	  -4.2242401042815181e-01	  -4.1992439146717347e-01	   3.0451352078461552e-01	   1.1337204729145137e-03	  -2.3624031701982851e-01	  -8.6704667099308685e-02	  -8.4967697523209637e-02	   4.4292248860061396e-02	  -5.7171931666958864e-01	  -4.4593275961744772e-01	   1.6213165137804134e-01	   1.4939931932462008e-01	   1.9855961493656477e-01	   5.3071456236624015e-01	  -1.3026329764777822e-01	   1.4050339511538756e-02	   9.9226347782917934e-01	   8.4193862623133287e-01	   3.7867883316578660e-01	   1.1662492645867806e-01	  -1.9885787813480868e-01	   1.1338870666865114e-01	   4.5661287253203769e-01	   3.1770638924485567e-01	  -2.6630148712197244e-01	  -1.6307530427288638e-01	   6.8461813137333849e-02	   1.4620490374396763e-01	  -1.5940649364666781e-01	  -1.7274486981296810e-01	  -3.1713247795376465e-01	  -3.2033716988174621e-01	  -3.2794773046475134e-01	  -7.3393505470807002e-02	  -6.2963805136420317e-02	  -1.8198471859505327e-01	   9.0384994250070583e-01	   8.1043336395274568e-01	   2.6117413171355913e-01	   2.9212741296074457e-01	   6.6395900644714045e-01	   6.5365923650215263e-01	   3.8576116899851748e-01	   5.0863052531920872e-01	   8.7979878330891392e-01	   1.0675350290396257e+00	  -1.0838025599014635e-01	  -1.0780136813451052e-01	  -5.1557955122358792e-02	  -1.5595067126850357e-01	  -2.0483968627684845e-01	  -4.1714461070376430e-01	   3.3952964970204641e-01	   6.9307906399914943e-01	  -1.3350623449061776e-02	   3.4404861684935541e-02	   1.4926410248550132e-01	   2.3990546485079867e-01	   2.7618869667521939e-01	   2.3918265422576790e-01	   8.9791101736848011e-02	  -2.4968137279295577e-01	  -1.3906605368471822e-01	  -3.0242191204163898e-01	  -2.3905829739027432e-01	  -1.6229677897136283e-01	   7.0735228530713651e-02	   8.2359637256485402e-03	
  -3.8466551012466166e-01	  -5.0805958293612230e-01	   8.1999289863955194e-01	   0.0000000000000000e+00	   9.1200165923478260e-01	   8.5409246610152711e-01	   5.1933280996180775e-01	   9.0692719144770473e-01	   6.1868025777433711e-01	   6.5310864702574278e-01	   9.4165733365635870e-02	   2.7450679563239633e-01	   7.4552510114370529e-02	   1.3133368205951257e-01	   1.6543601635616784e-01	   2.8763959173209963e-01	  -4.0898639599139097e-01	  -4.1226304560246091e-01	  -5.7339109303655149e-02	   1.7273049611658842e-01	   3.4592078531981113e-01	   4.6951087431880900e-01	   8.1112180707834225e-01	   1.1556369105533857e+00	   3.3219108092667676e-01	   4.9573860288027782e-01	   6.5418188240302899e-01	   9.3651045520558862e-01	  -3.7124986133954219e-01	  -2.5157311136277316e-01	   4.1993061145388816e-01	   7.7246536339356209e-01	  -9.9371604747185177e-02	   5.2237153275198359e-02	   4.4601274158210552e-01	   3.6425748204612612e-01	  -8.8368711916011533e-02	   2.1414475389002108e-01	   1.5333428971431959e-01	   1.5079561196786717e-01	  -1.8230867898402281e-02	   4.9552855456073290e-02	  -1.9615537133481728e-01	  -2.6074929589753926e-01	  -2.5631384834338955e-01	  -3.1661974910189472e-01	  -1.4059301977802194e-01	  -1.4574840735340383e-01	  -3.5623207719438915e-01	  -4.9742673036936941e-01	   7.3175727562167961e-02	  -1.1530778855447198e-01	  -3.5212509477924941e-01	  -2.1902198605162379e-01	  -5.5281001052772075e-02	   9.3321126964639761e-02	  -5.9330307771049695e-01	  -6.6825303486058030e-01	  -5.7032361165227155e-02	   9.5231308620735006e-03	  -1.9015876359296271e-02	   4.0711603300771604e-01	  -1.5424383765674787e-01	  -4.2673673718570219e-02	   7.6052600569720152e-01	   9.4999194958621458e-01	   3.8354766990952538e-01	   3.6171029958029571e-01	  -1.8877999275806356e-01	   1.8040331172744178e-01	   1.5398820614922207e-01	   3.2177190419544910e-01	  -5.0871636375082263e-01	  -3.1409574273339919e-01	  -2.2370072364229848e-01	  -6.7055063125847992e-03	  -2.8349397093176881e-01	  -4.1455927330173351e-02	  -3.7767269938117415e-01	  -4.2139568284269369e-01	  -3.8278058322062131e-01	  -1.3861327860726202e-01	  -8.8643266531321180e-02	  -1.3197538151527977e-01	   5.3859319287517371e-01	   9.6547063477434125e-01	   4.9909498067119903e-02	   2.7192074045721681e-01	   3.5707372721583475e-01	   4.4342043683128768e-01	   5.1211767411261711e-01	   3.3462404736665957e-01	   8.6463567311251244e-01	   6.2577146705461340e-01	  -2.2108753439429427e-01	  -3.2197768244444674e-02	  -3.6868477119702106e-02	  -4.2781602143373121e-02	  -9.2458351265121461e-02	  -3.5578608258080197e-01	   3.5216697388294577e-01	   3.2549918389355836e-01	  -5.9886109176317918e-02	  -1.4660480948417695e-01	   9.2510515344467595e-02	   1.2289427536282234e-02	   1.3565175603809987e-01	  -1.0717607053826608e-01	  -1.3952297899272584e-01	  -2.4832676041306967e-01	   1.8656846052708807e-02	  -1.3871444618395629e-01	  -2.9118645745163785e-01	  -3.9194489750096173e-01	  -1.2539680493443578e-01	  -1.7562926956003713e-01	
  -1.7626050612064170e-01	  -4.6039555507804386e-01	   1.2284333028608678e+00	   9.1200165923478260e-01	   0.0000000000000000e+00	   9.8420974724348076e-01	   9.2497614771814807e-01	   7.8915447708240494e-01	   1.3462104728600710e+00	   9.6789270068640243e-01	   3.4731564674017440e-01	   3.8961740305112497e-01	   2.8616073850868540e-01	   3.2516079035789219e-01	   3.8572398196037211e-01	   3.4545902203975826e-01	  -3.9342996047967993e-01	  -3.2791913742503392e-01	   1.2447226011285797e-01	   1.1099436273005893e-01	   4.8015071654216795e-01	   3.6334983641302804e-01	   9.1036839652774260e-01	   7.4390426891306705e-01	   2.7372129334831691e-01	   3.5997848627036710e-01	   5.3941456014279288e-01	   5.5025470835575918e-01	  -2.9676867642078097e-01	  -1.3368630284989513e-01	   3.4580253883944434e-01	   3.8145253367468174e-01	  -1.8457876380594582e-01	  -8.9069249840092929e-02	   4.4795333774797041e-01	   2.0875797164233909e-01	  -7.2806326904946747e-02	  -2.9389634897091357e-02	   1.9211128489018257e-02	  -1.7383627902023638e-01	   4.7634682359631156e-02	   1.0182874129222692e-01	  -2.2967237927292083e-01	  -3.2874881779774962e-01	  -3.0807791549663011e-01	  -4.3820878723092849e-01	  -1.8350133229733637e-01	  -2.0938235256938842e-01	  -5.1803911947114689e-01	  -5.3851779831974123e-01	   1.7379201243103864e-01	  -3.6486875068721260e-02	  -2.8335065009834537e-01	  -7.8340415645574535e-02	  -2.0840215003018897e-01	  -4.5246056773810293e-02	  -5.7271860536148178e-01	  -4.8733420029703817e-01	   9.1047098078304411e-02	   9.0368653955201175e-02	   2.5017003533718918e-01	   7.1527201394327233e-01	  -8.4022763456555766e-02	   4.3179817539990110e-02	   1.4399729655439444e+00	   8.9679633064302655e-01	   3.4581231365883469e-01	   1.6971494555257241e-01	  -3.5232868995840549e-01	  -6.3153008408276044e-04	   2.4349639829363878e-01	   1.0517013395880964e-01	  -2.9157680644446970e-01	  -1.1610920610361920e-01	   5.2988025974449689e-02	   1.7204696764278044e-01	  -3.1228806440460688e-01	  -2.3428101901237014e-01	  -3.6399781180931978e-01	  -3.6721658452832967e-01	  -3.4065479899661050e-01	  -1.1969607643373627e-01	  -1.4130293091887311e-01	  -2.3005044556031162e-01	   8.2128752831060714e-01	   7.3657608370782479e-01	   8.2034217730407782e-02	   1.3354336361863203e-01	   5.2033214168211905e-01	   5.8017224798980971e-01	   4.0875554366735012e-01	   4.8793465174698181e-01	   1.1465502579299101e+00	   1.2771489140486170e+00	  -1.3724473603537088e-01	  -2.3523319560156411e-01	  -1.7399469461703310e-01	  -3.0743513430789710e-01	  -2.2480797340233846e-01	  -4.7723922411651543e-01	   4.8319686821477797e-01	   7.1800238817047146e-01	  -1.0025124891797407e-01	  -4.3974219466993723e-02	   1.5333507987186332e-01	   1.9883529731672828e-01	   1.7782490392970912e-01	   1.5499037060509976e-01	   1.5501058833552528e-01	  -2.7155867978056164e-01	  -1.2878509525249340e-01	  -3.1007581006994944e-01	  -2.8617998716203086e-01	  -9.4513374054797150e-02	   1.7967789905033529e-01	  -6.2644307309344185e-02	
  -4.3942438712027194e-02	  -4.6598558175068172e-01	   7.2975049648389467e-01	   8.5409246610152711e-01	   9.8420974724348076e-01	   0.0000000000000000e+00	   6.7300137181382624e-01	   9.2453797125995418e-01	   8.9917821010961441e-01	   1.3436734144027858e+00	   2.4080770575852195e-01	   3.9965189675411178e-01	   1.6005900238022000e-01	   2.8920270882453769e-01	   1.3833180748004500e-01	   2.6201117700210058e-01	  -3.6236496403001595e-01	  -4.3246870372061036e-01	   1.8199627587573719e-01	  -5.5853752406685983e-02	   1.2446476223624002e-01	   2.6583207678444365e-01	   5.5501206522130475e-01	   7.3716086002168268e-01	   1.3969126885567826e-01	   3.7332780807012217e-01	   3.2195909656178945e-01	   6.2253973855139288e-01	  -3.4687312315057900e-01	  -2.5282074165421631e-01	   1.2490149649781021e-01	   5.4487663202471392e-01	  -3.1647162170186527e-01	  -1.6609825831601205e-01	   3.8172569727461425e-01	   2.5452710648500176e-01	  -3.5900673352916751e-01	  -1.5079751656113227e-01	  -2.5257144611793658e-01	  -2.4039835027042880e-01	  -3.4866547088858257e-01	  -1.6117026739489343e-01	  -2.7846942311275519e-01	  -3.4456383291621545e-01	  -3.5486308030347830e-01	  -4.1121589369694211e-01	  -2.5864270256787503e-01	  -2.6493894174509697e-01	  -4.1988205256229272e-01	  -3.9068417483409829e-01	   1.1656361202522962e-01	  -1.5947962163754680e-02	  -1.5904370886696118e-01	  -6.0457923068539469e-02	  -3.3239416917539005e-01	  -1.1697774684871244e-01	  -5.0880803818056053e-01	  -2.7510389403289714e-01	   2.2435157481550919e-01	   3.2791938533561016e-01	   2.1626932858239814e-01	   1.0983927803652149e+00	  -2.9166694682580524e-01	  -1.1882833858736419e-01	   9.8840752376147933e-01	   1.0252783305904940e+00	   2.1698366498587565e-01	   1.4201508578486197e-01	  -5.0467441983158601e-01	  -1.2162401709448731e-01	   2.5378005713586077e-01	   2.8948621194108082e-01	  -2.8907068036558958e-01	  -1.4630976361341663e-01	   5.0635515115945258e-03	   1.4410448947031484e-01	  -2.4799991309552888e-01	  -1.2122835054547167e-01	  -2.1033339852537114e-01	  -3.7912549537589374e-01	  -3.5716529046642176e-01	  -3.4916638686409723e-01	  -2.1625931159055575e-01	  -4.5286095114045816e-01	   5.2988071927540747e-01	   4.4665349935606125e-01	  -6.5379104729520424e-02	  -8.4521829323312599e-03	   3.5661012322970309e-01	   6.8862405680907524e-01	   3.1438959246700016e-01	   4.2186808013780391e-01	   1.0476962807263954e+00	   7.3583270045327176e-01	  -2.3544873972168895e-01	  -2.3704447545760690e-01	  -3.7113349852830047e-01	  -3.4662857584508439e-01	  -2.6390018792066405e-01	  -3.8875873828326424e-01	   5.2564736214993213e-01	   5.5054397925467469e-01	  -1.5969927759887070e-01	  -3.6447313151072060e-02	   9.8133969928154569e-02	   1.3566225898531781e-01	   1.3542727058969736e-01	   5.1769017265763405e-02	   1.2862652334207728e-01	  -3.1327318986880381e-01	  -2.1045229050112202e-01	  -3.5155802268844605e-01	  -2.3897488356863905e-01	  -1.8879148507477694e-01	   7.4468180343968529e-02	  -4.4834252921954455e-02	
   1.2683560916776315e-01	  -4.5317702720219055e-01	   9.8655672764371671e-01	   5.1933280996180775e-01	   9.2497614771814807e-01	   6.7300137181382624e-01	   0.0000000000000000e+00	   8.7206034392298259e-01	   9.6469152113502021e-01	   7.7477331186019582e-01	   7.0659999090475101e-01	   6.2827825688694039e-01	   7.4057787395502528e-01	   6.6310134193162273e-01	   6.9740922264444338e-01	   8.1884252840573779e-01	  -7.0304486953954817e-02	  -1.5027774981554953e-01	   5.5112051202783752e-01	   2.5450900213472033e-01	   3.3573846517393630e-01	   2.5885778157845507e-01	   5.1957291986632115e-01	   4.1415885857318130e-01	  -2.0338860442733797e-01	  -9.9068502333479580e-02	   1.6163816480009868e-01	   1.8625221317893567e-01	   1.2752082833725903e-01	   1.6562375663108034e-01	   2.3929778058106319e-01	   2.1081664824033189e-01	  -2.4996563388514824e-02	   3.5704570046748204e-03	   9.6844413269707441e-02	  -2.5238912728815420e-02	  -1.0191217301975833e-01	   1.1239475719230237e-02	   6.7490744223215368e-02	  -1.6185086569750287e-01	   1.9510759474552461e-01	   1.9374219424775613e-01	  -1.1284241485923813e-01	  -2.3399498452642975e-01	  -1.2607970698378357e-01	  -2.5395097959774182e-01	  -1.3319823578928683e-01	  -1.7407102979830252e-01	  -2.4349775337771229e-01	  -3.6193056954791974e-01	   2.9175204967831186e-01	  -6.5994253922103063e-02	  -1.0507614727839194e-01	   7.9520910485613175e-02	  -1.4993374371333407e-01	  -1.1632717546261338e-01	  -5.2032844231622855e-01	  -3.7287407039407366e-01	   4.2823254694100210e-01	   2.5404859282393233e-01	   7.0997998829695907e-01	   7.7601788740055822e-01	   2.4387408115599307e-01	   4.2169889157110751e-01	   6.8584369914587073e-01	   4.3204672751449391e-01	   3.1865520442501893e-01	   8.0392363144432724e-02	  -4.4047137637881323e-01	  -1.9856707492727954e-01	   6.1334702188467849e-01	   2.4976285751775995e-01	   6.4470706122725610e-02	   4.6055582843643909e-02	   2.2233894652051200e-01	   2.5804163897355481e-01	   8.1804540886346755e-02	  -1.5929148548361832e-02	  -9.6304324663927285e-02	  -2.4296144261556507e-01	  -2.6206054795726075e-02	   3.7209152057729046e-02	   1.3824606250549931e-01	   5.8058587085979066e-02	   7.4934811015000002e-01	   5.3932273960691701e-01	   5.5141298209311913e-02	  -8.3737778335869206e-02	   7.5569143752060430e-01	   4.8685821873104124e-01	   6.2311583946863658e-01	   9.3781472320810955e-01	   7.6895257710228915e-01	   8.3841657074894593e-01	  -3.4630525795195488e-01	  -3.4738987742025051e-01	  -3.2930211654790104e-01	  -4.0902788828650954e-01	  -2.1787891436819237e-01	  -3.0989849723663776e-01	   4.6035919208297293e-01	   7.0039953723367632e-01	   1.0109460706873524e-01	   2.2782552866351180e-01	  -1.1681523459094312e-01	   8.2464774215027500e-02	   1.8001204942024163e-01	   2.8530696760230989e-01	   6.4396843245836208e-02	  -5.1275982157977984e-01	  -4.0284877033664229e-01	  -3.4316585910368519e-01	  -1.3037772155992732e-02	  -2.6010012571698079e-03	   1.1075583809360820e-01	   4.2890028261155240e-02	
   8.6075226776131247e-02	  -4.3056704490630798e-01	   5.8155151181549170e-01	   9.0692719144770473e-01	   7.8915447708240494e-01	   9.2453797125995418e-01	   8.7206034392298259e-01	   0.0000000000000000e+00	   7.5938806889992694e-01	   7.8195632462711040e-01	   5.3497977367431104e-01	   7.4061023752775590e-01	   5.8632864912922955e-01	   6.5275292866912726e-01	   4.0278901332660505e-01	   5.8589510172929915e-01	  -9.9793326251969350e-02	  -2.1221671588462357e-01	   2.3750860162730064e-01	   2.3864801531323768e-01	   2.0390818690535129e-01	   3.1355419633157200e-01	   3.3072967538710740e-01	   4.7943371593222628e-01	  -1.6683731732549664e-01	   4.2587137980757188e-02	   2.0522182139771902e-01	   3.8126183885236453e-01	  -6.2100047426708839e-03	   8.5602350730788951e-02	   2.9573610901867893e-02	   4.0274601263309062e-01	  -8.1017541335919069e-02	   1.3939837053325943e-01	   7.2272900231269269e-02	   3.7451944177867173e-02	  -2.4992327885488663e-01	   4.5363503769819735e-02	  -6.9228816059222612e-02	  -1.0622025453489947e-01	  -6.0680109537527616e-02	   4.6298196074935884e-02	  -7.7404015101232571e-02	  -1.7565005756536201e-01	  -1.7530753759939199e-01	  -2.5622508254831877e-01	  -7.2853262821736153e-02	  -1.1284721651099316e-01	  -1.9511485969721035e-01	  -3.6787199626614459e-01	   1.3861207158768080e-01	  -9.5498117645137326e-02	  -2.8923721018134463e-01	  -1.6408037927370472e-01	  -1.5595531274043042e-01	  -3.4543016603377927e-02	  -4.6545679157358044e-01	  -5.5680349329144574e-01	   3.0655763749367393e-01	   1.9998123069391519e-01	   4.2711139869738979e-01	   8.1894002594858550e-01	   5.9539518963087242e-02	   2.9226019287102301e-01	   6.0322925132608818e-01	   6.0866831515405340e-01	   3.4253525493272835e-01	   2.2259084364128928e-01	  -4.6475285153103635e-01	  -1.6511226064904846e-01	   4.1197641287975906e-01	   3.5399196429967439e-01	  -4.7089395254002887e-02	   2.2113530767181689e-02	   1.4075354895662781e-01	   2.6436576716435056e-01	   1.0206459049298955e-02	   1.4338481344067300e-01	  -9.0071541024230872e-02	  -3.1119897422019416e-01	  -1.0377089689226976e-01	  -5.9478934691893109e-02	   2.5285007490533799e-02	  -4.3764111899181356e-02	   5.3335343364255527e-01	   6.5905157966961303e-01	  -7.5272561357897547e-02	  -4.9881956584446309e-02	   5.8584818965426122e-01	   4.8389023851422874e-01	   6.5626727988132139e-01	   7.2366002500971638e-01	   9.9255452970692803e-01	   7.2788926407096266e-01	  -3.4953534167871525e-01	  -2.5777845541818245e-01	  -3.1872457417295880e-01	  -2.8580193467141429e-01	  -1.3704688391938871e-01	  -2.3683841699839242e-01	   6.7933402324796188e-01	   6.0460064859948082e-01	   1.5393033410328330e-01	   1.6603438771572504e-01	  -7.8619792384588454e-04	   5.8427405743235961e-02	   1.9049862021925951e-01	   9.8891498193815014e-02	   5.7278362168266803e-02	  -5.0501165583232577e-01	  -2.8581338158407932e-01	  -2.5663624974095267e-01	  -2.0849306811470351e-02	  -2.0087483347621274e-01	   6.0333484986514800e-02	   2.1559716170876783e-03	
  -1.6454724487397423e-04	  -3.3534036004414830e-01	   1.1528664091380594e+00	   6.1868025777433711e-01	   1.3462104728600710e+00	   8.9917821010961441e-01	   9.6469152113502021e-01	   7.5938806889992694e-01	   0.0000000000000000e+00	   1.2441890207228121e+00	   6.6774958654587269e-01	   6.7021060511233110e-01	   5.3550650033132630e-01	   6.0596222138278744e-01	   6.9445041624494075e-01	   5.6835730542963236e-01	  -2.5672374110714608e-01	  -2.0128914955829955e-01	   4.0797039242098809e-01	   2.2979891849521378e-01	   3.7831859037784032e-01	   3.0397656610418333e-01	   7.0194965251129893e-01	   5.6762460322377817e-01	  -5.6078613802172939e-03	   5.8456652194475191e-02	   2.4667823819570453e-01	   2.6719372871360259e-01	  -1.5422095816497766e-01	  -8.0338136439562016e-04	   5.9695136985721499e-03	   9.5381220007484183e-02	  -3.3478879014763807e-01	  -1.9228333980107706e-01	   9.5768291546070028e-02	  -1.1355950201006261e-01	  -4.3473101420164653e-02	  -5.0094946796765544e-02	  -5.8026135841375462e-02	  -3.4509438296323858e-01	   1.9156625351610924e-02	   1.0856281182147029e-01	  -3.2536985006145225e-01	  -3.8483838548171745e-01	  -4.0003244661451037e-01	  -5.0700552043560232e-01	  -2.4804064819025901e-01	  -3.0092811112191609e-01	  -3.7604949246438713e-01	  -4.5830284727856496e-01	   2.7253645865661119e-01	  -2.4055244852062320e-02	  -1.1950143806284697e-01	  -1.2113113551300132e-02	  -2.2493998359721165e-01	  -9.8569164454757344e-02	  -5.4269068251675368e-01	  -3.5186710438076502e-01	   1.9503868864471990e-01	   1.2556144719856818e-01	   4.2366622954342592e-01	   8.8678279699096363e-01	  -6.2253723139161263e-02	   1.4816919045226801e-01	   1.1029813862960796e+00	   6.6504099143604800e-01	   1.5762868477347977e-01	  -6.5840594565059765e-02	  -3.9288485933002254e-01	  -1.8895182749187885e-02	   4.3942843964513373e-01	   1.7192020187462226e-01	  -8.5454165349344482e-02	   6.2527278317061327e-02	   2.7630282268313167e-01	   3.5483056107791805e-01	  -2.1862862268169772e-01	  -2.0501252867688341e-01	  -2.2712946501649162e-01	  -2.6281920155136623e-01	  -2.2552272009539331e-01	  -8.0395087727111306e-02	  -7.0909640504365878e-02	  -2.4543781844294379e-01	   8.3706814425691445e-01	   6.0219700527805375e-01	   4.9903345806737602e-02	   3.3572038881883863e-02	   7.9070287008064832e-01	   7.9776770727387381e-01	   3.7345735103984162e-01	   6.1397513358509281e-01	   1.1215197359382141e+00	   1.3917045334921438e+00	  -1.7552184311726940e-01	  -3.8486907626447181e-01	  -3.6828699535096399e-01	  -4.7266192784657196e-01	  -3.3086072827843410e-01	  -4.9461062494781827e-01	   4.9635792495047781e-01	   9.7529684790482218e-01	  -9.9013726532045210e-02	  -1.3265398140658564e-02	   1.4553672454378525e-01	   3.1190171827929514e-01	   1.6159556860760080e-01	   2.3340740689541173e-01	   3.2421150880881922e-01	  -3.9743771117181798e-01	  -4.1217212794950275e-01	  -4.8421247992813754e-01	  -2.3598693013328453e-01	  -8.3719034437800641e-02	   3.1934063677465713e-01	   1.0698669286084367e-01	
  -6.7871486101881802e-03	  -4.9465381629395355e-01	   8.7512023352246615e-01	   6.5310864702574278e-01	   9.6789270068640243e-01	   1.3436734144027858e+00	   7.7477331186019582e-01	   7.8195632462711040e-01	   1.2441890207228121e+00	   0.0000000000000000e+00	   4.1106911920607953e-01	   5.4255237885302221e-01	   3.2326103722126132e-01	   4.5971380618609115e-01	   3.5287509360413138e-01	   4.6338957038933026e-01	  -3.6431470961120538e-01	  -4.0930568683314139e-01	   2.9849464541766590e-01	  -6.5460771115597158e-02	   1.4795236502497466e-01	   2.4538679938050212e-01	   5.4026733172764074e-01	   7.0144904053175705e-01	   2.1313201690077162e-02	   1.5592229146421624e-01	   1.8445861529231375e-01	   3.9967406042477011e-01	  -3.1998059106959259e-01	  -2.3759018153859945e-01	  -1.6241981965570168e-02	   2.4743775969728210e-01	  -4.9873572896361107e-01	  -3.5560547865510994e-01	   1.4794209023034732e-01	   1.7988509682609281e-02	  -1.9717632023743586e-01	  -5.4051436168400385e-02	  -1.1876587044841080e-01	  -2.6750923111779318e-01	  -2.5780555404957084e-01	  -4.8473956612275118e-02	  -5.2375322479639852e-01	  -5.9747383451586589e-01	  -6.0297911794463843e-01	  -6.8162964284365446e-01	  -4.8063865499948655e-01	  -5.1127547916599858e-01	  -5.6879718748093189e-01	  -4.9186589135471248e-01	   1.4015302165161300e-01	   3.0020146291694946e-03	  -5.6139695947364614e-02	  -1.4042764129991581e-02	  -3.4799530728576000e-01	  -2.5038988194288847e-01	  -5.7596809291854767e-01	  -2.3688647982289190e-01	   3.2076400309713149e-01	   4.0861046000353818e-01	   3.6495769929984917e-01	   1.2035148492144332e+00	  -2.6507956556745221e-01	  -3.7662284275584601e-02	   1.0438281208908087e+00	   9.1751681849162703e-01	   5.8406776479708142e-02	  -1.1534222356868516e-01	  -5.4889800747193607e-01	  -1.6435549029964031e-01	   4.0836095331970629e-01	   3.7110403397852582e-01	  -1.6785212891813256e-01	  -2.9487121488467768e-02	   1.9717337839877713e-01	   2.9891299389767129e-01	  -2.0586535708866646e-01	  -1.4171349905311598e-01	  -2.4152125055990323e-01	  -3.8691063455878333e-01	  -3.9270726671876388e-01	  -4.1452285302502329e-01	  -2.4782796306997978e-01	  -4.8299967105570391e-01	   5.2692094860739624e-01	   4.0495743876994944e-01	  -1.1214521641481116e-01	  -4.9320162159220901e-02	   5.8057323285887608e-01	   9.3078714745235669e-01	   2.1992257964077991e-01	   4.4594799926226697e-01	   1.1108052476379808e+00	   8.2189393190480553e-01	  -2.5084894413308573e-01	  -3.1771970933316668e-01	  -5.0368146846682160e-01	  -5.0677229963239190e-01	  -4.9197707546002606e-01	  -5.9192206732408814e-01	   4.4082319775093098e-01	   6.8408569760878024e-01	  -2.2144556917469224e-01	  -3.9039547097804911e-02	   8.7285873751433429e-02	   2.1422173003683415e-01	   1.4397696098543911e-01	   1.7080415571681518e-01	   2.0001140646792065e-01	  -4.3865733314957173e-01	  -4.0754421002380548e-01	  -6.4732213343414491e-01	  -3.7465198368607810e-01	  -1.7229586764513424e-01	   1.7203699168923220e-01	  -3.3008002780218051e-02	
   6.4412786687239132e-01	   1.4041713274231157e-01	   3.7555060317963790e-01	   9.4165733365635870e-02	   3.4731564674017440e-01	   2.4080770575852195e-01	   7.0659999090475101e-01	   5.3497977367431104e-01	   6.6774958654587269e-01	   4.1106911920607953e-01	   0.0000000000000000e+00	   1.3564251296386063e+00	   1.5176807865099620e+00	   1.3956679101258369e+00	   1.3825968117572078e+00	   1.0176265093424475e+00	   4.5649094184192363e-01	   4.4788588745491786e-01	   7.0356744565529850e-01	   6.0789723231339488e-01	   3.2889330472749279e-01	   2.1811676881451156e-01	   7.8589608531169655e-02	  -3.3445294268511880e-02	  -5.7820075924496250e-01	  -4.9262025417828492e-01	  -2.4752335946656784e-01	  -3.0663848080302908e-01	   6.1100636725052104e-01	   6.8264925077679128e-01	  -2.1191906522561865e-01	  -1.7206950085211087e-01	   6.6753845444052856e-02	   1.8921593592694155e-01	  -3.8196765513213715e-01	  -4.6149096232094283e-01	   1.2482168731705363e-01	   1.6568938691466661e-01	  -5.8721878720468468e-02	  -2.3045553889270631e-01	   2.7158597770818660e-01	   2.4877819906291765e-01	   1.2015341470494656e-01	   5.9284999671842496e-02	   7.9594063214426317e-02	   2.1369046565247036e-02	   1.6569732102636231e-01	   6.9277606335064301e-02	   2.6686792371432622e-01	  -4.2164898260378730e-03	   4.1066403954206676e-01	   5.3105149813776162e-02	   1.8765238594594585e-01	   2.6999376038035483e-01	   1.9247083859112993e-01	   1.0227910731085549e-01	  -5.8448248123330347e-02	  -7.9166435610025926e-02	   2.9832020031746637e-01	   3.3551641516766241e-02	   9.3848834815939375e-01	   4.9695088706624668e-01	   5.6020504053783093e-01	   8.8002765382340320e-01	   1.5572218493631715e-01	  -5.5114883604610178e-02	   1.1995168695722964e-02	  -2.0321802348605605e-01	  -2.3182660084471338e-01	  -1.4367749621627804e-01	   5.4600859342626196e-01	   9.0621609926169466e-02	   5.7174818053120235e-01	   5.0804066617012555e-01	   6.8712843333409235e-01	   6.2941005280135220e-01	   2.8113902731358753e-01	   1.5459144939199007e-01	   2.7916015925271448e-01	   2.1077655367272924e-01	   3.9045135396318903e-01	   3.6129704984229100e-01	   2.7575524674038671e-01	   1.6064058611171045e-01	   5.1288034680310424e-01	   3.8488890044844160e-01	   1.3126627253934101e-02	  -1.0173812830224380e-01	   1.0002349932822496e+00	   4.9113706653961131e-01	   5.8021846312365299e-01	   8.1764019516868780e-01	   4.1383555094342600e-01	   6.0378770098058743e-01	  -3.3910604243941123e-01	  -6.3613299255295219e-01	  -4.0050111668495725e-01	  -5.5034304676315482e-01	   1.2343958032630312e-02	   2.9511143973895104e-02	   4.3190139919421966e-01	   7.8799749187935531e-01	   2.0060492469584651e-01	   3.4211139769234411e-01	  -4.0092590364229894e-02	   1.9184383807742109e-01	   4.7682510642524843e-02	   3.2533223595809063e-01	   3.9610565987332264e-01	  -4.3011937217333912e-01	  -5.9509341293743145e-01	  -1.9134132463227821e-01	   2.9532424301856569e-01	   1.6421681005822827e-01	   3.8926248599661117e-01	   4.3476844092112904e-01	
   5.8398704290878944e-01	   1.5952852485595609e-01	   3.6349204006220281e-01	   2.7450679563239633e-01	   3.8961740305112497e-01	   3.9965189675411178e-01	   6.2827825688694039e-01	   7.4061023752775590e-01	   6.7021060511233110e-01	   5.4255237885302221e-01	   1.3564251296386063e+00	   0.0000000000000000e+00	   1.0496166289038706e+00	   1.6178608987709229e+00	   9.8342138240151900e-01	   1.0513489307129469e+00	   3.5154017312891889e-01	   2.6501620951434857e-01	   5.6765353142630970e-01	   5.7926068350267279e-01	   3.2890335593548053e-01	   3.2594308174155506e-01	   9.1230291314857631e-02	   1.1252372611368067e-01	  -4.9674118662948458e-01	  -3.4344005524596577e-01	  -1.5401689139787902e-01	  -1.4059737014687859e-01	   5.1153426685484082e-01	   6.2109427109045590e-01	  -1.6547626233520366e-01	  -1.9379994226726361e-02	   2.6325257555525682e-02	   1.8697129389992670e-01	  -3.3544556470257780e-01	  -4.0809846615071305e-01	   2.8048402554726005e-02	   1.7867413266975463e-01	  -1.4057113534666815e-01	  -1.9235208522979638e-01	   1.8239388600375528e-01	   2.5399348707213332e-01	   1.3695475190207945e-02	  -2.1193812259320429e-02	  -7.8219013409888960e-02	  -1.0103700424823678e-01	   7.7846989458685914e-02	   5.8474325779297814e-04	   1.5750184560449931e-01	  -1.6816095716457521e-02	   4.6605838006120326e-01	   1.9551951016927854e-01	   1.8682804535051387e-01	   2.7069898176163426e-01	   1.3146613550689126e-01	   1.3887333475837735e-01	  -1.1575345323678554e-01	  -9.8718238493945787e-02	   3.4747139831121215e-01	   1.4467950143502828e-01	   7.9296936320344913e-01	   6.9580641200956761e-01	   4.2926965709584730e-01	   7.9233674333617654e-01	   2.0181750923106090e-01	   1.0303941662893823e-01	   1.5767530110060272e-02	  -1.6060053042131128e-01	  -2.7726032229400766e-01	  -1.5582653536205374e-01	   4.3411943631145983e-01	   9.0437226130404808e-02	   4.2079577014903197e-01	   4.5443714059070195e-01	   5.8932174375560920e-01	   6.4007441816612598e-01	   2.0195417736224847e-01	   1.6834515041066486e-01	   2.5387148378240154e-01	   3.7303998560274478e-02	   3.1394743987300450e-01	   2.2277916436832457e-01	   2.7794394360150582e-01	   1.3019387401856564e-01	   4.9657328018250968e-01	   4.7967426442057554e-01	   3.3390099718791866e-02	  -7.4450031863700236e-02	   8.9998068603469017e-01	   6.5362144905821318e-01	   5.9592808221349292e-01	   7.1930154467662222e-01	   5.3049107540337370e-01	   5.1905492481745930e-01	  -2.9469692128545916e-01	  -4.7842703928914354e-01	  -4.5953973389129532e-01	  -4.1281069423687949e-01	  -2.6492537347360283e-02	   3.2898519169468406e-02	   5.5589589952097362e-01	   6.8130268411127504e-01	   2.1050802681657627e-01	   3.4289464275157305e-01	   5.8760830077626579e-02	   2.6916431843335686e-01	   1.1963679579323433e-01	   2.8188031247124434e-01	   4.4495712885368088e-01	  -5.3227224744068413e-01	  -6.2178856575763408e-01	  -3.1202168585068485e-01	   2.2499310626982955e-01	  -2.8237115948489783e-02	   2.8831396671361853e-01	   4.6903335850228461e-01	
   5.7998614373829083e-01	   6.2752257494547187e-02	   2.5888934121633456e-01	   7.4552510114370529e-02	   2.8616073850868540e-01	   1.6005900238022000e-01	   7.4057787395502528e-01	   5.8632864912922955e-01	   5.3550650033132630e-01	   3.2326103722126132e-01	   1.5176807865099620e+00	   1.0496166289038706e+00	   0.0000000000000000e+00	   1.2174009543744808e+00	   1.0399435506519796e+00	   9.1642083322771961e-01	   3.8212788125768166e-01	   3.8246012242873717e-01	   5.0625992419667998e-01	   4.8031502602802023e-01	   2.7791697387913983e-01	   1.8102986494608259e-01	  -6.9224591006062972e-02	  -1.4026209317841826e-01	  -6.3343853546314000e-01	  -5.4691871482336185e-01	  -2.9457138257694826e-01	  -3.7124410661100443e-01	   6.0097216765574346e-01	   6.3779929157035686e-01	  -2.0125841251793605e-01	  -2.0335186161811394e-01	   1.5506210088649208e-01	   2.7519771005255123e-01	  -4.2207947663142636e-01	  -4.3342074724828300e-01	   1.6773482680928936e-01	   2.0013252534860040e-01	   3.6805479450876276e-02	  -1.3781765753130090e-01	   3.3484636704529142e-01	   2.6998657248485614e-01	   1.4515888297628859e-01	   7.2751407257104189e-02	   1.2057573644610541e-01	   4.7517687455333739e-02	   1.5470152541523491e-01	   6.9174642138559450e-02	   2.3965732439416038e-01	  -5.5411723905977438e-03	   3.0118972159231316e-01	  -1.4411398801814836e-02	   1.2963536914773149e-01	   1.3495147386527243e-01	   1.8049532787844963e-01	  -1.1412262455290033e-02	  -9.4646857657841227e-02	  -1.0471194441819061e-01	   4.0524356338084755e-01	   1.0848719941261897e-01	   1.1311943764397614e+00	   4.5811497143167912e-01	   6.3321229989156413e-01	   9.3127072582446935e-01	   1.2360629057208039e-01	  -9.5529792134971467e-02	   9.5076168261618688e-02	  -1.1619572050681784e-01	  -2.4997786607773656e-01	  -1.8749393334572068e-01	   5.4947304973644706e-01	   1.4608903283190927e-01	   5.4578392777698426e-01	   4.9308419608050857e-01	   6.0230975796541741e-01	   5.6069435724054384e-01	   3.2087597559382564e-01	   2.3278937742950809e-01	   2.6806077707940756e-01	   1.9968284037623391e-01	   3.8234411882103142e-01	   3.4652183787512697e-01	   1.8272146541541651e-01	   1.8858203462934486e-01	   3.3941854364716861e-01	   3.1299794115378038e-01	  -6.3730769925592207e-02	  -1.5992933741484261e-01	   9.7626361988228882e-01	   4.0148593825192053e-01	   4.9304629517578358e-01	   7.1950263718424867e-01	   3.4692421034839638e-01	   4.8166572616453251e-01	  -4.5960201195969963e-01	  -5.8720600937948197e-01	  -3.6075023579739696e-01	  -4.6275525827425773e-01	  -5.7158169540665084e-02	  -8.0750557387245792e-02	   4.3363700913845654e-01	   7.1511909130814155e-01	   2.4428879836235481e-01	   3.3434221267500264e-01	  -1.7419118781485260e-01	   1.1746513897831712e-02	   1.3274479578253350e-02	   2.4962051856626968e-01	   2.9137890213120660e-01	  -5.1944520361909985e-01	  -5.1466929662910055e-01	  -2.0501321108942297e-01	   2.1495424859700060e-01	   1.0989111314182221e-01	   2.7421384580641911e-01	   2.3727342934943146e-01	
