   0.0000000000000000e+00	   8.6077851905351299e-01	   2.6050909674941397e-01	   2.6793513165837560e-02	   2.0722090927515056e-02	   7.1538247620514236e-02	   5.2890909320162194e-01	   1.3612210996281129e-01	   3.6357369904633030e-01	   3.3958249788554878e-01	   9.7846838969377836e-01	   4.7944523745965256e-01	   6.1465772326397772e-01	   3.8884710908995002e-01	   7.6672544930621667e-01	   4.9212959580036503e-01	   6.3844095905255893e-01	   3.6948066738697916e-01	   7.3038456979376620e-01	   4.6088544431887357e-01	   5.5870810949454328e-02	  -2.7164870402513516e-02	   2.5420826276150683e-02	  -3.4179482585784737e-01	  -7.4724374982161945e-02	  -8.5024143236326566e-02	   4.0381029881958852e-02	  -1.2849323328549938e-02	   5.2190613814642361e-01	   2.8383841519494235e-01	   9.2556316219006632e-02	  -4.0573913096620562e-02	   8.1487825193312591e-01	   6.3206899429203156e-01	   1.8477270505569343e-01	   2.1373940527453225e-01	   6.4148431411582996e-01	   4.7450702808629897e-01	   4.5260011741128386e-01	   3.6502597533600767e-01	   3.5498238752444761e-01	   4.8457491498938571e-01	  -6.5038663879997839e-04	   3.9356622502178432e-02	   1.3618054756031839e-01	  -3.0884697662951609e-02	   2.4948311607509788e-01	   3.1878025473359300e-01	   1.7898604920937228e-01	   1.5262991727043709e-01	   3.3708254677700722e-01	   2.6517651271931608e-01	   5.5621806128268370e-01	   3.6352988927493640e-01	   5.1820784751341209e-01	   5.2617668493164271e-01	   7.8473742731064855e-01	   4.7077712918996195e-01	   7.4788144226538888e-01	   4.2620420520110269e-01	   7.5398136527239801e-01	   5.8430872215722007e-01	   2.3047736870040303e-01	   6.3943539867116983e-01	   3.1814475918314933e-01	   4.1897878760113955e-01	   3.2063308034477483e-01	   9.9653113417960043e-02	   6.1411891349245862e-01	   4.7425544006755793e-01	   5.5997270758680484e-01	   1.3413562134714488e-01	   9.6720816767488904e-01	   7.5580061700221002e-01	   1.0278111235367706e+00	   8.1837724073996865e-01	   8.5544410716820574e-01	   4.9297313949747895e-01	   2.9135769575599541e-01	   4.8350481138321899e-01	   2.7872498556515179e-01	   3.6283339559800826e-01	   6.1388359521875180e-01	   3.0782942808422931e-01	   4.3561150405260929e-01	   1.8637574975478918e-01	   2.3404304172182552e-01	   2.0278228996595044e-01	   6.3971581025892921e-01	   5.2551359186056634e-01	   2.2236300467143447e-01	   3.7746126011986386e-01	   1.0681518146941185e-01	   4.0863833468101372e-02	  -3.3440551797266110e-01	  -1.3157792966176543e-01	   1.4521228833467462e-01	   3.4450037265890843e-01	   5.4558230131886642e-01	   6.7686332765192370e-01	   1.3206554166554832e-01	   1.3276338720789002e-01	   2.8932412467935620e-01	   2.9416051257424403e-01	   2.7689905295060774e-01	   3.2561157341500940e-01	  -6.9110585936089264e-02	   6.0638179045034601e-01	   9.4580629949627557e-02	  -1.1949488324073786e-01	   1.3306205599643220e-01	   3.1631095071716275e-01	   3.4625271930969387e-01	   4.8511236812842995e-01	   3.9187610403082962e-01	  -2.6627749175127929e-01	
   8.6077851905351299e-01	   0.0000000000000000e+00	   5.0779039132094854e-02	   8.2987120128131295e-02	   1.5740363954863482e-01	   3.4368354868606343e-02	   2.9535566693047732e-01	   7.4422590043918838e-02	   1.5304646386901130e-01	   4.3896630262117500e-02	   5.5777437543015185e-01	   4.3709878035774824e-01	   3.3421682378220008e-01	   3.0395447404918013e-01	   5.6859458093228565e-01	   3.5711629263125078e-01	   6.9516242169588505e-01	   6.0828840909525483e-01	   6.1022187275198581e-01	   5.9879971989335390e-01	  -2.3665818629598184e-02	  -3.0872629865950373e-02	   2.9201610312897728e-02	  -2.4713020264426619e-01	  -1.4717220323389021e-01	  -3.8355675032777342e-02	   2.7030544372668601e-02	  -7.8210792322153583e-02	   5.4553723498398876e-01	   5.2614694740938739e-01	   1.6001703090260222e-01	   7.0359837822111401e-02	   5.6373137257426109e-01	   5.4229368745274731e-01	  -4.0222802506882302e-02	  -3.4924665604123939e-02	   4.3527684524053362e-01	   5.2503143278079589e-01	   2.6224531099135473e-01	   4.9144747707292991e-01	   1.9351099482593989e-01	   6.6073860871377166e-01	   1.2134165444565695e-01	   2.4212696646401019e-01	   1.8599650925301986e-01	   1.0045721767434587e-01	   4.5623339833660054e-01	   5.6054446530784718e-01	   3.7879445334640194e-01	   3.9371939401693506e-01	   3.1431387275194811e-01	   3.0944273981751919e-01	   5.6501838428855100e-01	   4.3266625419344329e-01	   4.1339478184923700e-01	   6.4958379545311462e-01	   7.7490435136693470e-01	   9.4837996865310481e-01	   4.1138037465154548e-01	   4.7370475181126659e-01	   4.3909185877715318e-01	   4.3402711456972976e-01	   3.1827276164993645e-01	   7.9541206917950702e-01	   7.8807718528738094e-02	   1.3836040272695746e-01	   1.1983311077174179e-01	  -3.1400732643085606e-02	   5.2167901744392831e-01	   4.5409082780185661e-01	   3.7897275271470454e-01	   2.1951181755689983e-01	   8.0837988779947589e-01	   8.0235377077172276e-01	   7.7941505132062816e-01	   8.7209228812145523e-01	   5.8735719773544959e-01	   6.6830175855976537e-01	   2.4768601087546349e-01	   4.8094414618685538e-01	   3.5743971295072685e-01	   4.7590693563259079e-01	   5.3045237993792937e-01	   5.5581526235146506e-01	   3.7613507929723056e-01	   1.9150934109831910e-01	   2.9278059310225979e-01	   3.3251717660991026e-01	   5.0034002736612870e-01	   6.6245796759960218e-01	   2.7250593532843331e-01	   2.9476119033489095e-01	   6.8006404304518819e-02	  -1.0371614818149588e-01	  -1.6652160610935965e-01	   5.4128072064975059e-02	   2.7589094506409068e-01	   5.0906509088448693e-01	   6.9444646034842306e-01	   8.4113051865323307e-01	   1.0198678556774350e-01	  -4.5663520983675971e-03	   3.3495400887420929e-01	   1.6536110688937256e-01	   2.7865863265251456e-01	   2.1338689736359037e-01	   7.3852029395678989e-02	   4.9217614213656724e-01	   1.0206912814629658e-01	  -2.8200430604960396e-02	   2.4753862839601976e-01	   3.9476610313050858e-01	   4.6086622441984715e-01	   6.1965588423719287e-01	   4.0149657251495335e-01	  -1.0800644768281337e-01	
   2.6050909674941397e-01	   5.0779039132094854e-02	   0.0000000000000000e+00	   6.3182545189801664e-01	   7.0923851255155412e-01	   6.0617817223372106e-01	   9.4818066219127495e-01	   3.4759160955147428e-01	   8.4573222128751369e-01	   6.7223511164628247e-01	   1.3564679311353042e-01	  -2.9180374210076615e-01	   1.8432107802592165e-01	   6.9116161445925792e-02	   5.8039630780197438e-01	   4.1958721317852149e-01	  -2.4386680325098578e-01	  -2.4632692043364171e-01	   5.3359815366583707e-01	   3.7150793702599672e-01	   1.5723192474214215e-01	   6.4720826676026272e-02	   1.1416393789634538e+00	   5.2774146179559400e-01	   1.0286587047647722e+00	   6.9377086362268514e-01	   5.4259369799995949e-01	   4.0675282644206046e-01	  -2.5638931769879036e-01	  -2.8341593329442888e-01	   5.4279230172080750e-01	   3.3509078275163307e-01	   4.0001054519246121e-01	   2.0479446429211942e-01	   7.5783353335481951e-01	   4.3365015521732164e-01	   1.3629975545725273e-01	   5.8195324201669070e-02	   2.6636891113730443e-01	   2.8225576674313768e-01	   3.1032699001186385e-02	   1.4727107994582739e-01	   2.7826509236862401e-01	   1.2222679865511571e-01	   3.5634739794237985e-01	   2.4402298971225495e-01	   5.5803518469545912e-02	   1.4475093566442412e-02	   1.7917480128773711e-01	   1.5603801879321560e-01	   4.3421470653274524e-01	   2.1590523334688277e-01	   4.0888957739098752e-01	   2.0082046326771674e-01	   5.3057631974303757e-02	  -5.3456533775397674e-03	  -4.8016729145609949e-02	   2.0152775829301672e-01	   4.4146637250559417e-01	   2.0657004939511572e-01	   3.2467429934488856e-01	   1.5322218372814056e-01	   5.3072977162009795e-02	  -3.2667832182824291e-02	   8.7751723730962139e-01	   3.0219870677242799e-01	   7.9934451611427693e-01	   5.1159051810528400e-01	   3.0815100637201387e-01	   4.5848714181035249e-01	   4.0622127989908208e-01	   1.2109375517841109e-01	   5.7821703685034080e-02	  -1.4735237689533743e-02	   1.3771824366705049e-01	   5.0788659594294933e-02	   4.3496040182226631e-01	   1.6541260792267831e-01	  -4.5249612364946679e-01	  -3.1454061884028517e-01	  -4.5793771942688760e-01	  -2.7142037793237311e-01	   3.9139516954444192e-01	   1.3325517442030860e-01	   1.3383829177712628e-01	   7.9519324891202628e-02	   6.0170500483029365e-01	   4.6705153655284259e-01	   4.9320881842549341e-01	   4.2745350923137670e-01	   5.2180851554416063e-01	   6.6002838728130298e-01	   5.1432301002847347e-01	   5.7409080430657078e-01	  -1.7818947947424467e-02	  -2.0729388793527273e-01	   9.5379311023335939e-02	   6.5789555462731075e-02	  -3.4703285375990876e-03	   2.0005823797340302e-01	   5.0203524566411417e-01	   5.3736263794023886e-01	   5.3972324857076992e-01	   5.6822622339898965e-01	   2.9717968551797130e-01	   3.6979348980485577e-01	  -1.7672897364517853e-01	   1.4896660171897583e-01	   8.7831920755735149e-02	  -9.5970955264499253e-02	   2.4926474125693515e-01	   2.1143883131332511e-01	   3.0473833591974980e-01	   1.8335342701201743e-01	   1.6585626164519049e-01	  -2.4802052209838360e-01	
   2.6793513165837560e-02	   8.2987120128131295e-02	   6.3182545189801664e-01	   0.0000000000000000e+00	   6.8715335977761405e-01	   9.7803779955390580e-01	   3.7044737582962106e-01	   1.0941599225148262e+00	   4.5526822078058105e-01	   4.7094101459847160e-01	   4.6539164135425054e-02	   1.3798922120870671e-01	   9.3549047468813082e-02	   2.7654417932270947e-01	   5.3598380026692194e-01	   6.8856102636880856e-01	  -2.3360233664179830e-01	  -1.9315308207261900e-01	   2.5561482088159015e-01	   3.5417576044512139e-01	   2.4230138821583824e-01	   2.3659379608710862e-01	   6.8676858920132189e-01	   8.9135910771543803e-01	   7.2258716350353025e-01	   9.2985182162432856e-01	   6.1445202619517125e-01	   5.5275034237437382e-01	  -2.2766607587396689e-01	  -1.1566656026934552e-01	   5.4130610639392307e-01	   6.3626197697672326e-01	   3.3689403622177344e-01	   3.8523995268656186e-01	   4.5481386335493912e-01	   3.6168234270700678e-01	   6.9546660863669466e-02	   2.7139457645130216e-01	   1.0317241026578797e-01	   5.1020005440681448e-01	   7.6028868466924665e-02	   3.7197450708979413e-01	   5.6005452938154510e-01	   4.7624201918269449e-01	   5.2156556571218604e-01	   4.2017634617179583e-01	   4.1225434228238655e-01	   3.6196484816465002e-01	   3.8269350291642867e-01	   3.7951318929599798e-01	   5.0415347573514735e-01	   3.5070363681909561e-01	   3.7890632262410828e-01	   1.4575672349885410e-01	   8.7756527122767131e-02	   2.4916659850344919e-01	  -2.0408189153797190e-02	   9.2089819041226151e-02	   3.2016070521868539e-01	   2.6780844435607248e-01	   2.8639523054656291e-01	   2.2220882548989829e-01	   2.0042571867633549e-01	   2.6109502520669559e-02	   4.7063866352212547e-01	   4.1618324653536354e-01	   5.4703173881921174e-01	   5.8524709376503870e-01	   2.6674382892494092e-01	   4.0021633534334694e-01	   2.8186310914555451e-01	   5.3187608383052032e-01	   1.9547283335292692e-02	   6.6409682048907737e-02	   4.5113445081995517e-02	   1.5003547307810788e-01	   2.1263705752324241e-01	   1.8180726991390159e-01	  -3.0078891335309710e-01	  -1.5498936418074380e-01	  -2.1201684634033993e-01	  -1.4027283425877879e-01	   3.2954857843725877e-01	   4.6585697051594011e-01	   2.7302588410020406e-01	   3.5655851302824909e-01	   4.6606354479413653e-01	   6.9505175040902101e-01	   3.9499568595961404e-01	   4.7623556626420699e-01	   3.5550290776882837e-01	   3.4717340264473290e-01	   1.8983338495642016e-01	   1.5100961917599270e-01	  -2.2305823528627818e-02	  -5.1013607831247143e-02	   1.8539535587675904e-01	   3.7918103429920802e-01	   1.9960053680079681e-01	   2.6627934199697106e-01	   1.3130855364462907e-01	   1.3054561621537467e-01	   3.4460914127179249e-01	   2.7321347539655771e-01	   4.0484123450604315e-01	   2.6455299115829506e-01	   7.6810324085823140e-02	   6.8042018006252827e-02	   6.9276719273280246e-02	   1.3194217178670475e-01	   3.8957887324743812e-01	   4.2770080752509954e-01	   2.4729364555545841e-01	   3.3196591628461997e-01	   2.3788178062945026e-01	  -2.2864317257790165e-01	
   2.0722090927515056e-02	   1.5740363954863482e-01	   7.0923851255155412e-01	   6.8715335977761405e-01	   0.0000000000000000e+00	   8.5919063339137802e-01	   4.1616000860200530e-01	   3.1229454243731347e-01	   4.5968257115661132e-01	   2.9879056768519241e-01	  -2.2493372305731250e-02	  -1.8971332590416337e-01	   1.7807187299196982e-02	  -9.1578302601690465e-03	   5.6778755823585292e-01	   3.4971011047281003e-01	  -1.7994168977023506e-01	  -1.4857531251946718e-01	   3.4999791722783485e-01	   3.5970644132813229e-01	   1.5493175686425625e-01	   8.7413568132578237e-02	   8.7840108444357856e-01	   6.0595474140358407e-01	   7.1640423238104656e-01	   7.7278798687970573e-01	   6.6143715403596592e-01	   4.3247729943041791e-01	  -1.4330018585857304e-01	  -9.9508783495231484e-02	   4.4304071003966183e-01	   3.3263004181647138e-01	   2.6874640687226603e-01	   1.5136243923772291e-01	   3.4628870123912692e-01	   2.3676674355212407e-01	  -4.3385623777038980e-02	   1.9933650629553937e-01	  -1.0955358006516847e-01	   4.4586615105820038e-01	  -8.0963584707580583e-02	   3.3497584632415478e-01	   5.1886943551861575e-01	   5.6076657653166984e-01	   4.9812318601392025e-01	   5.5036522794340870e-01	   3.8593248895517879e-01	   3.5841725141226211e-01	   5.4068667258822767e-01	   5.2309392001493116e-01	   4.9612545255192864e-01	   4.5177523709526746e-01	   3.8654452504801856e-01	   1.3287364521695466e-01	  -8.1352287102012793e-03	   2.6454745044691325e-01	   3.7415156538451087e-02	   1.4261775654931655e-01	   3.9072715778468792e-01	   3.9697076396108899e-01	   3.0554157038103558e-01	   1.6008982138784289e-01	   2.1028263354978510e-01	   8.9844374733437246e-02	   4.1731318342760104e-01	   2.0748294722289468e-01	   5.8525720588129360e-01	   4.3699553473390496e-01	   2.8741331399162573e-01	   4.4682311445010375e-01	   2.2242097368748734e-01	   2.5667244889837343e-01	   7.7543381741439969e-04	  -3.3017913164938087e-02	   1.1064163811033534e-02	   3.6704220968002695e-02	   1.1887608206865898e-01	   6.4082964307692475e-02	  -3.4422910635873627e-01	  -3.9186954015250969e-01	  -3.4163943953648579e-01	  -1.9287770166991705e-01	   2.9529192705391910e-01	   3.3942076765645518e-01	   2.1820708948623513e-01	   2.0300068443762992e-01	   5.9921302092512918e-01	   7.6765777761702225e-01	   4.6715776251631674e-01	   5.1531587782493959e-01	   2.8869198633852822e-01	   2.7655143200750387e-01	   1.6146287194696185e-01	   5.0730672014516753e-02	   9.5089665007175722e-02	   1.0386948322581429e-02	   1.6024207168632296e-01	   2.9407225583392138e-01	   1.3412360756487951e-01	   2.4917485501961634e-01	   1.9062146045556991e-01	   8.1631636018694581e-02	   4.4583324928361917e-01	   2.6291776339458922e-01	   4.1290810898632607e-01	   3.3419856031065093e-01	   1.5729650849658272e-01	   2.9086739323589816e-01	   1.6345422889764386e-01	   4.4566089668531407e-02	   3.3621634803798434e-01	   2.4908166977064272e-01	   1.0789689811358413e-01	   1.9339951183918347e-01	   5.3285880118895797e-02	  -1.0398011143837432e-01	
   7.1538247620514236e-02	   3.4368354868606343e-02	   6.0617817223372106e-01	   9.7803779955390580e-01	   8.5919063339137802e-01	   0.0000000000000000e+00	   1.9290187538184636e-01	   6.4402264917915808e-01	   6.9076637036249933e-01	   7.4198305061441117e-01	  -9.0225841638956666e-02	  -1.5771370405881918e-02	  -1.0660589518047638e-02	   1.1586474542775486e-01	   5.6764681091355174e-01	   7.1634935278320955e-01	  -4.0924457072152992e-01	  -4.3080642166777389e-01	   1.7122692784061444e-01	   2.2341612841882139e-01	   3.9988394071324246e-01	   3.8243316823987722e-01	   6.2827070304760702e-01	   6.5992407248441276e-01	   8.6197207193422243e-01	   9.9196021925589872e-01	   8.7499942821100918e-01	   9.1126553520759002e-01	  -3.5394937779402891e-01	  -2.8388208701125467e-01	   3.7598829107867238e-01	   4.0739013229265458e-01	   1.2971070921696828e-01	   1.1268025841877302e-01	   4.0027322745140914e-01	   3.4794380822649057e-01	  -1.8627006112768191e-01	   2.0216594749117434e-01	  -1.7967359801044536e-01	   4.1630187237522071e-01	  -9.0918588312957682e-02	   3.0190016533639819e-01	   1.9386457899472564e-01	   2.0527058754225613e-01	   2.7169273105747299e-01	   2.5636645549846970e-01	   1.5149473244464484e-01	   1.1005631947284546e-01	   3.2270405881111225e-01	   3.6801341058121084e-01	   4.3595948913827004e-01	   2.9481294614481418e-01	   4.5720765941703229e-01	   3.3048309700098238e-01	  -1.4565016789610238e-01	   2.1256867517282108e-01	  -1.5739279730021116e-01	  -9.8423665034169161e-02	   3.4475055714179559e-01	   4.5552224818227849e-01	   2.2126775158803264e-01	   4.0300324788949604e-01	  -5.6877918748820470e-02	  -1.2706173544916832e-01	   4.1123798561310732e-01	   4.7549234306569510e-01	   3.2746822446193680e-01	   3.4432731763358954e-01	   9.6509265082898699e-02	   2.8870071461248664e-01	   2.6518552459729949e-01	   4.5626427871481867e-01	  -1.2182336625173140e-01	  -3.5125665496897232e-02	  -8.6706282712881430e-02	   1.4085372075413282e-02	   6.6820453495504167e-02	   9.8360249513205419e-02	  -2.4221183517566383e-01	  -3.0776409034281232e-01	  -3.4471560049365052e-01	  -3.1581393799447310e-01	   1.5655771411731895e-01	   2.8116652354459237e-01	   5.4493215959106223e-02	   3.7373397533394470e-02	   3.6537407210464162e-01	   6.4882774532667964e-01	   3.0804993238538297e-01	   4.4725509957610765e-01	   2.6854199074243140e-01	   3.0604621063052945e-01	   1.2434124272613352e-01	   1.2829695000516647e-01	  -4.2618445869380829e-02	  -4.8328898363761981e-02	  -1.0797330212235118e-01	   1.6221488693409178e-01	  -6.1003353623123287e-03	   1.6056280380274665e-01	   1.0594323531033147e-01	   9.8629201092662142e-02	   2.9547905437884198e-01	   2.9474702553863807e-01	   4.4451023599648287e-01	   2.8854396002879779e-01	   1.0482709475550850e-01	   8.7888285660169499e-02	  -1.8954030694035041e-02	   1.2366583535826690e-01	   1.9515819639788737e-01	   2.2241771504032948e-01	   1.5425544030150409e-01	   2.1455848367009486e-01	   9.9858674142976514e-02	  -2.3168302695726029e-01	
   5.2890909320162194e-01	   2.9535566693047732e-01	   9.4818066219127495e-01	   3.7044737582962106e-01	   4.1616000860200530e-01	   1.9290187538184636e-01	   0.0000000000000000e+00	   4.4929069685945555e-01	   6.1164024514448290e-01	   3.9768263029543460e-01	   4.4586284352045735e-01	  -2.4358874942370452e-02	   6.3317009509699440e-01	   3.4768000631149582e-01	   5.3092867477752004e-01	   2.8989565155091362e-01	   2.0332947111714236e-01	   1.3406405361464641e-01	   8.5299735902383467e-01	   5.9720082519662565e-01	  -1.9417791796670608e-01	  -3.0158436667664734e-01	   5.3203541097865781e-01	   9.1124130985282659e-02	   3.3094805605342936e-01	   2.3081494188790158e-01	  -5.6100923390172861e-03	  -1.1625273799432674e-01	   1.6325933665272219e-01	   9.3616983788614397e-02	   3.5829680386449658e-01	   1.6781008734796074e-01	   8.0042042357526455e-01	   5.6450298108510832e-01	   2.9177605532689516e-01	   1.1912780181889440e-01	   4.1199107669096219e-01	   1.5582590438161615e-02	   5.1446458189116295e-01	   1.9146326111768489e-01	   3.9029684832370425e-02	   9.3268700683047309e-02	   2.6779616052602129e-01	   1.0719841101709095e-01	   3.6753636631299069e-01	   1.6028881615051721e-01	   2.2207520784307166e-01	   1.8525358001258133e-01	   3.0741746473504367e-01	   1.5148719813505776e-01	   4.4741289768352499e-01	   2.4286227896061335e-01	   5.0989345349300874e-01	   1.5157194580058464e-01	   4.1890115036389253e-01	   1.8563252559962898e-01	   2.0986894596972852e-01	   3.7141849124849352e-01	   5.0548873510009007e-01	   1.0948999079091690e-01	   6.0700859106892169e-01	   1.4064889319531335e-01	   3.3895873467653154e-01	   3.7007766842721651e-01	   5.5941321399839961e-01	   1.5283822789783766e-01	   6.8100502776492300e-01	   3.4744118264467178e-01	   7.0768831143007971e-01	   6.3353840532907435e-01	   3.8148405186892109e-01	  -1.2359734928477343e-02	   4.4949975242918772e-01	   3.0924955222038530e-01	   4.9588118410970194e-01	   3.4727455359789761e-01	   6.7817403131113962e-01	   2.6033420702879839e-01	  -2.3594449822016428e-01	   1.0273640779898292e-02	  -9.4105663708776183e-02	   2.9701008590260133e-02	   5.2058293314890158e-01	   1.9602104171707882e-01	   2.1555823582156269e-01	   9.3785103869505171e-02	   3.6513295761452558e-01	   1.7917236891851937e-01	   6.0094493300513963e-01	   4.7625120120705600e-01	   6.5102608894213232e-01	   7.0068300991606480e-01	   5.6077268931232693e-01	   5.4479972807454313e-01	  -1.2461517318041412e-01	  -1.4865828949738455e-01	   2.5689973808280098e-01	   1.9310453376902398e-01	   4.1712305220606333e-01	   4.3487070178862774e-01	   5.6855312088636700e-01	   6.4982245681458228e-01	   5.9344655500354770e-01	   5.6948683362154884e-01	   1.4300071161704608e-01	   2.6834233508643784e-01	  -1.6822324041919862e-01	   4.4159455850016877e-01	   2.1770882684501533e-01	  -1.7994159072696364e-01	   2.2575572419024173e-01	   4.0482552671005956e-01	   5.3132424705865811e-01	   3.6951424273737099e-01	   2.6975751216331773e-01	  -1.4019325850206477e-01	
   1.3612210996281129e-01	   7.4422590043918838e-02	   3.4759160955147428e-01	   1.0941599225148262e+00	   3.1229454243731347e-01	   6.4402264917915808e-01	   4.4929069685945555e-01	   0.0000000000000000e+00	   4.0093077427194429e-01	   4.5390302304326058e-01	   2.0157185671910310e-01	   3.8501637411124784e-01	   4.0994933435014103e-01	   5.9518010826037304e-01	   3.7994538571979464e-01	   5.1792740075029786e-01	  -6.2308150259382758e-02	  -9.2536223149349173e-02	   2.2111748955909707e-01	   3.6443277467763047e-01	  -3.5014086495719567e-03	   4.7866085660912223e-04	   2.7462890062698775e-01	   3.9419405661463336e-01	   3.1093499083653053e-01	   5.2461690984500864e-01	   1.5198299776889423e-01	   2.0211972637217213e-01	  -1.0740173192470306e-01	  -5.9000236884707374e-02	   2.6261192965845542e-01	   3.7675979757076478e-01	   4.2869118645695192e-01	   5.8092678778999929e-01	   2.6262341756615371e-01	   2.3957060265561980e-01	   8.0052081174529777e-02	   1.1472994708067916e-01	   1.6739428578981769e-01	   3.5158755548219317e-01	  -7.1404914766827143e-02	   1.2163426024162372e-01	   3.0734947316909211e-01	   2.0839275366039622e-01	   4.3249581349512856e-01	   2.9967995699564820e-01	   3.0450395320616003e-01	   2.4187225861115375e-01	   3.4217868110330180e-01	   2.3494447472038565e-01	   4.2518593907550983e-01	   2.4412930636231139e-01	   3.8785330748353108e-01	   1.4084236480439780e-01	   2.2495394106363054e-01	   2.7255646243431431e-01	   1.0302498042035421e-03	  -3.4592276513057532e-02	   2.9499188093947415e-01	   1.0176813307968101e-01	   4.1153573037914426e-01	   3.2910928207303525e-01	   1.5759119861161988e-01	   1.0934526434007504e-01	   3.0599123693697816e-01	   4.5180584045344147e-01	   3.6665290398985839e-01	   4.2372472227271751e-01	   3.5760386537134264e-01	   3.7144517534312860e-01	   1.7966251571543365e-01	   4.2372477703757572e-01	   8.9284061178845284e-02	   1.3116257128709660e-01	   1.3232317581238423e-01	   2.1251580137032119e-01	   2.5415931975464656e-01	   1.8910444068860555e-01	  -8.2987039077122043e-02	   3.9831981210468423e-02	  -1.9736551816703290e-02	  -6.2754503987879670e-02	   2.1725817661371555e-01	   3.3359053476628647e-01	   1.4850561444214533e-01	   1.6891806593111325e-01	   1.4524792894699495e-01	   2.9583829294343678e-01	   3.2079093684487126e-01	   3.6135764595445585e-01	   3.3589346656104924e-01	   2.8718367781171694e-01	   2.4833609936111528e-01	   2.0338765102211503e-01	  -9.0200611254693155e-02	  -6.3704060600174126e-02	   7.2225428930649149e-02	   2.8419404441347096e-01	   3.4326281157352873e-01	   2.4501447215754507e-01	   1.6022542266727544e-01	   2.3049386833832519e-01	   2.5164540618083975e-01	   2.3080891242507362e-01	   1.8563587627392708e-01	   7.3074652819927741e-02	   3.1736844589022206e-02	   1.1242026361224461e-01	   4.1975925551287672e-02	   7.4501300862559641e-02	   2.7861495439262390e-01	   4.6762221253737746e-01	   3.9231611755369444e-01	   3.9190441511515156e-01	   2.3911318777470475e-01	  -2.0351920604277779e-01	
   3.6357369904633030e-01	   1.5304646386901130e-01	   8.4573222128751369e-01	   4.5526822078058105e-01	   4.5968257115661132e-01	   6.9076637036249933e-01	   6.1164024514448290e-01	   4.0093077427194429e-01	   0.0000000000000000e+00	   1.3544050663655789e+00	   1.7632451895993387e-01	  -1.3390771570256602e-01	   3.0855303288589236e-01	   1.7336214152430862e-01	   6.9197427516145915e-01	   5.7677908577125536e-01	  -2.8874469201321612e-01	  -4.0620966729735897e-01	   3.7652403217471120e-01	   2.8791896029943681e-01	   1.8991080552937326e-01	   1.6882002183373057e-01	   5.6252974479942219e-01	   2.5903759629424050e-01	   7.5810059751097181e-01	   5.4995065803306786e-01	   4.8908122981380475e-01	   4.9654818232631170e-01	  -2.8927051178423385e-01	  -3.3779567891330542e-01	   1.6843735172547114e-01	   3.0930370904561640e-02	   2.6957191653500545e-01	   1.5447317398515428e-01	   4.3158213863634892e-01	   2.6436061041442488e-01	  -5.8363586382406428e-02	   7.0277171200932687e-02	   3.5044973726427231e-02	   1.8136135360749295e-01	  -8.9442855886113476e-02	   7.7090676115758164e-02	   2.6307145698152407e-03	  -1.1497367300664876e-01	   1.5961994894719580e-02	  -8.6403982263341759e-03	  -1.2074419957769397e-01	  -8.0761605174975798e-02	   4.2968797803817918e-02	   1.4472591245646893e-01	   4.0712541221657850e-01	   2.6175121832544779e-01	   6.7042650739155851e-01	   4.5940542724131023e-01	  -8.3205230672251940e-02	   7.5658499327902515e-02	  -1.6582788136481136e-01	   1.1180302332683750e-01	   3.4150921714499105e-01	   3.0816498251741287e-01	   2.6880948688431749e-01	   4.9410912207283486e-01	  -1.1727702041709105e-01	   1.9108430770650301e-03	   5.4056731690975823e-01	   4.4618551177751042e-01	   3.3357099435051502e-01	   2.4635244699366238e-01	   2.3684332123055379e-01	   3.2973309764003950e-01	   3.1422959976247256e-01	   2.3671623532838502e-02	   1.6356534195724703e-02	   4.0267622224724763e-02	   1.5170296860840210e-01	   7.4358703189735018e-02	   3.1466573081195914e-01	   1.6584473489731477e-01	  -4.3306614300625490e-01	  -3.1313536891669874e-01	  -4.1814413426250058e-01	  -3.5446809458349360e-01	   2.3726398101549745e-01	   1.0441936126244310e-01	   2.2019887615980768e-02	  -5.9556478687631656e-02	   3.8806977515633762e-01	   4.3044034186551849e-01	   4.3003425343928214e-01	   4.6091583359181937e-01	   5.1493489438734574e-01	   6.0818328475489070e-01	   5.4480886048619692e-01	   5.8688679678771394e-01	  -1.7738074295614686e-01	  -3.0336709210327517e-01	  -1.2046301358083530e-01	  -9.0902848517377663e-02	  -8.2932035973891774e-02	   1.7969871422802541e-01	   5.4533910506044214e-01	   5.7499032029283736e-01	   5.3749996477133144e-01	   7.0440698563168980e-01	   4.1861545200001399e-01	   4.2337122951621642e-01	  -5.0163958583428661e-02	   2.5415591854224590e-01	  -2.0500478108064679e-01	  -1.0013066336226942e-01	   9.9856408172350059e-02	   8.2711219337460451e-02	   3.6385057395483011e-01	   2.7585865223963280e-01	   1.9636935413207218e-01	  -2.7020737969214581e-01	
   3.3958249788554878e-01	   4.3896630262117500e-02	   6.7223511164628247e-01	   4.7094101459847160e-01	   2.9879056768519241e-01	   7.4198305061441117e-01	   3.9768263029543460e-01	   4.5390302304326058e-01	   1.3544050663655789e+00	   0.0000000000000000e+00	   1.9721334505617247e-01	  -1.9878589003033423e-02	   2.9228934983707194e-01	   2.4767126415478685e-01	   6.2012295297696041e-01	   6.6095425881354686e-01	  -3.1240882006168746e-01	  -4.5650862532459635e-01	   2.9034378394836136e-01	   1.9702304469833440e-01	   2.5710787072100105e-01	   2.5852512012406603e-01	   4.5714076594640907e-01	   2.9053670878191018e-01	   6.6237707634261289e-01	   4.7492365024597316e-01	   4.7035176674160151e-01	   5.4226835752844216e-01	  -2.7687439118264784e-01	  -3.7424770199618107e-01	   1.5224963719961754e-01	   8.3808182066014369e-02	   2.2202798264416779e-01	   1.1591894482354273e-01	   3.8113769664545161e-01	   2.3691036878048694e-01	  -8.5903753636564606e-02	   9.6673518908588940e-02	  -2.5199402900481498e-02	   1.5163215975615849e-01	  -1.0766789185875009e-01	   1.4175970988242845e-02	  -4.1522884324106682e-02	  -1.7119265101407433e-01	   8.7231830228594823e-03	  -5.3855627826907643e-02	  -1.3848346612386686e-01	  -1.6024632702860211e-01	   7.1133553131273008e-02	   1.7577985080875791e-01	   4.8619044204537776e-01	   2.8707358686068069e-01	   7.1507442941824073e-01	   5.2693589807665386e-01	  -6.4459003649439392e-02	   1.1177401495580393e-01	  -2.2695090723835820e-01	  -4.2009971652843953e-02	   4.4310122191463497e-01	   4.3961369314825638e-01	   2.8369163551127130e-01	   4.9982759628577778e-01	  -1.3379893994523362e-01	  -9.0663671439869115e-02	   5.2107939045006024e-01	   5.1844109767517077e-01	   2.8403576060738717e-01	   2.1776281131166408e-01	   1.7318680341227716e-01	   2.8290881886485281e-01	   3.0876845937199121e-01	   4.1058241741808214e-02	  -3.6454892905832932e-02	   1.0458650951399079e-03	   8.6330861142359411e-02	   2.7401494889052306e-02	   2.2749200820106819e-01	   1.0061097637164537e-01	  -3.0897729528945106e-01	  -3.2576083268007650e-01	  -3.7479388921975382e-01	  -4.3147997959018380e-01	   1.8374317897077369e-01	   2.4930609483799097e-02	   5.3682025176492162e-02	  -8.7126005532640285e-02	   3.3397534906381010e-01	   3.8710604848733382e-01	   3.5658785574208030e-01	   4.2523984005805615e-01	   4.0529154442186005e-01	   5.0805585213519744e-01	   3.6831306812127584e-01	   4.8250167971002988e-01	  -1.2107782355448027e-01	  -2.3050074735258477e-01	  -2.0599518387190230e-01	  -1.1823648148842814e-01	  -1.1712689121244739e-01	   1.5193365830784603e-01	   3.5202034978365915e-01	   3.7912789528667490e-01	   3.6343512644197945e-01	   4.7305951604957730e-01	   3.9468002447936323e-01	   3.0567093600587580e-01	  -9.2135418370200881e-02	   1.2791744979260067e-01	  -2.7675841930591966e-01	  -1.8291489871409900e-02	   4.5001726508727420e-02	   5.3943728241717143e-02	   3.1595747970442123e-01	   2.4393640014292106e-01	   2.0799366294402322e-01	  -1.9308225759261402e-01	
   9.7846838969377836e-01	   5.5777437543015185e-01	   1.3564679311353042e-01	   4.6539164135425054e-02	  -2.2493372305731250e-02	  -9.0225841638956666e-02	   4.4586284352045735e-01	   2.0157185671910310e-01	   1.7632451895993387e-01	   1.9721334505617247e-01	   0.0000000000000000e+00	   6.8362552390601916e-01	   8.8182785001524189e-01	   5.2998937129263268e-01	   6.7076236441671977e-01	   3.6695079726468977e-01	   6.8160982389042302e-01	   3.9084550669260426e-01	   5.3067315008351157e-01	   3.2411555765242706e-01	  -8.7475970021823821e-02	  -1.9181529559950652e-01	  -2.4192297947731593e-02	  -2.8629462775820264e-01	  -1.7501740265803195e-01	  -1.3526812938969432e-01	  -4.5540392975567036e-02	  -1.1050305496158541e-01	   4.9003510969593950e-01	   1.8713510727511540e-01	  -8.1474383555039578e-03	  -1.0338955397888897e-01	   8.0992525964097983e-01	   6.7241161459986631e-01	   1.3684376832824377e-01	   1.7141708121371385e-01	   5.3233028421496931e-01	   4.2971739427848810e-01	   3.8888761007967293e-01	   3.2223694932510971e-01	   1.9940394378725693e-01	   2.6532958006634205e-01	   1.4886761987451569e-01	   1.8198299148718816e-01	   2.0590309300599427e-01	   8.4883162503711251e-02	   3.5633102374019271e-01	   3.6634828284875132e-01	   1.9499928687793983e-01	   1.5397880347161103e-01	   4.2495835807915044e-01	   4.3514040308026780e-01	   3.6927948907074659e-01	   3.1358807111398025e-02	   5.6041827392810828e-01	   4.9057757721388701e-01	   5.7694606132492665e-01	   3.7318167228826116e-01	   7.3226560857427614e-01	   3.5767480374213972e-01	   8.8150310232121365e-01	   4.2025983328334882e-01	   4.0086322371461386e-01	   6.1213811311525224e-01	   3.3809681824465032e-01	   4.4657049845268670e-01	   4.4180129238875887e-01	   3.1305315879692347e-01	   5.5901398613185282e-01	   4.8354569988509905e-01	   3.2737484110553700e-01	  -2.0912230480035154e-02	   7.0145267193253957e-01	   4.9426589365757578e-01	   7.6924337966947332e-01	   5.2082485209816087e-01	   5.3544662495307371e-01	   2.2703062125025308e-01	   2.0984563857523650e-01	   3.8240794141107282e-01	   2.7935703680813417e-01	   2.9004363408713413e-01	   5.4435631766582326e-01	   2.6535808227381530e-01	   5.7762596354777873e-01	   3.6381327667131080e-01	   2.0585888012612769e-01	   2.4193981942082621e-01	   5.6061768044532112e-01	   3.8318914521090403e-01	   1.7814573068598649e-01	   1.7681917943235861e-01	   8.4060121597619650e-02	  -1.0828044241681235e-01	  -2.2132408002239864e-01	  -4.3495803095748964e-02	   2.6294940085854157e-01	   4.2388673786644948e-01	   5.1552530304520983e-01	   5.1992460669827523e-01	   7.8484043859403163e-02	   5.5632161732617369e-02	   2.5341850095259477e-01	   1.7369217494657752e-01	   3.2428857549456647e-01	   3.1114216430432440e-01	   5.7734842935445035e-02	   4.9035735910637962e-01	   1.7866187818355050e-01	  -4.1053205927132380e-02	   3.1188955453906669e-01	   4.0447943507416995e-01	   1.7856815057954062e-01	   3.9543313150649023e-01	   3.7366544324666884e-01	  -1.7409075792794843e-01	
   4.7944523745965256e-01	   4.3709878035774824e-01	  -2.9180374210076615e-01	   1.3798922120870671e-01	  -1.8971332590416337e-01	  -1.5771370405881918e-02	  -2.4358874942370452e-02	   3.8501637411124784e-01	  -1.3390771570256602e-01	  -1.9878589003033423e-02	   6.8362552390601916e-01	   0.0000000000000000e+00	   4.7879024045732099e-01	   9.6372040555479677e-01	   2.4935726092914212e-01	   4.8174228960995713e-01	   6.6249203102583198e-01	   5.5487711561653819e-01	   1.6095499213667601e-05	   1.0817467096824036e-02	  -1.8192388887701381e-02	  -4.7836378520129459e-02	  -3.6138603069923825e-01	  -1.8907525344228496e-01	  -2.5400884490425718e-01	  -2.7464174061839316e-02	  -1.6305476552929415e-01	  -9.9603742716581553e-02	   4.7513092070597218e-01	   4.6027505610932890e-01	  -1.9067354900943120e-02	   1.0920619736029853e-01	   4.0982809817407112e-01	   5.7994463152064513e-01	   1.2652090340671069e-02	   1.6022326959693020e-01	   4.1901978761646319e-01	   3.3405685586149841e-01	   2.9606003098353134e-01	   2.7005732719709108e-01	   3.3321213804779648e-01	   3.6663192417310225e-01	   2.6623068191362775e-01	   3.0645082983310412e-01	   3.6484776011486630e-01	   2.4524612579866611e-01	   5.0637545077324042e-01	   4.9103023851551408e-01	   3.1951159814172497e-01	   2.2590336171064626e-01	   3.1756019787022388e-01	   2.5155625279400473e-01	   1.3412991857613621e-01	  -8.9862196400503747e-02	   4.6974276254874259e-01	   4.7044399469621878e-01	   5.4996078056168896e-01	   1.3031948666159024e-01	   3.7123704659596229e-01	   1.8502447715339934e-01	   5.5780730388701338e-01	   5.4358551847885805e-01	   2.9914272347630877e-01	   4.9928263396564998e-01	   1.2606440308573294e-01	   6.1324132737251480e-01	   1.7531352361070884e-01	   2.5252382577350874e-01	   2.9103795875258665e-01	   1.8414997337927219e-01	   8.9653357152717494e-02	   1.6582903178356315e-01	   5.5742488292573578e-01	   5.8637254940591188e-01	   4.2667897973429425e-01	   5.1145746711543538e-01	   1.4273876833803067e-01	   1.5480156340656420e-01	   5.5305292268862960e-01	   7.2372877048179185e-01	   6.5982857487691049e-01	   5.1292700684450143e-01	   1.8006589869739004e-01	   2.7805952905195142e-01	   5.1777590688498853e-01	   3.3976111730982522e-01	   4.4069238104615459e-02	   1.6642654377752483e-01	   1.7328548958652237e-01	   8.9376811632278411e-02	  -8.7695952949856992e-02	  -2.0306872787475605e-01	  -1.3296189524423016e-01	  -3.6733858200924385e-01	  -1.7434846635463069e-01	   1.3653750246543875e-01	   2.0473890807087866e-01	   5.6450289557610533e-01	   5.7975497097937234e-01	   3.7342466728964252e-01	  -1.4122973084145785e-01	  -1.4815637709149557e-01	   3.7298571907455780e-02	  -3.8208045154103726e-02	   1.5760893454690431e-01	   1.4544384389139126e-01	   1.0392493901229939e-01	   3.5452986548922866e-01	   2.8698280368864515e-01	  -6.8585876439016757e-02	   1.8246756572029371e-01	   4.2190912199150349e-01	   1.0360770672178349e-01	   4.6945211229770645e-01	   4.2209004797804078e-01	  -2.9432401698725668e-02	
   6.1465772326397772e-01	   3.3421682378220008e-01	   1.8432107802592165e-01	   9.3549047468813082e-02	   1.7807187299196982e-02	  -1.0660589518047638e-02	   6.3317009509699440e-01	   4.0994933435014103e-01	   3.0855303288589236e-01	   2.9228934983707194e-01	   8.8182785001524189e-01	   4.7879024045732099e-01	   0.0000000000000000e+00	   8.3539497808764085e-01	   3.9513072557430973e-01	   2.7486463167217345e-01	   3.8072782472207262e-01	   2.9914508436793175e-01	   4.8410101608152861e-01	   3.7490705561086091e-01	  -1.9900106228413267e-01	  -2.5859476883980570e-01	  -1.2468143613573372e-01	  -3.8583624971498315e-01	  -5.4559706638154140e-02	   1.8391908386433866e-02	  -1.5101294543613969e-01	  -1.4455882373461029e-01	   3.3922924323284520e-01	   1.8416951476575213e-01	  -2.2574810200048825e-02	  -1.0085980444262668e-01	   7.3461750093021028e-01	   7.2788147105069334e-01	  -1.0509649969889662e-01	  -6.9692290912567276e-02	   3.4907788411905499e-01	   5.9527608881455647e-02	   3.6651268612707111e-01	   1.4735149002444803e-01	   1.1357578111617669e-01	   7.3208758500818830e-02	   9.5638672817349502e-02	   9.1826895087687280e-02	   1.0614152513930501e-01	  -1.9539515940559200e-02	   2.5036291408188233e-01	   2.2454891510010372e-01	   2.2689339234032563e-01	   3.8426109329117185e-02	   2.8345300663252443e-01	   1.3582213357397818e-01	   3.3154963777997642e-01	  -7.3052849127299146e-02	   4.1047096173231601e-01	   1.5386217286011550e-01	   3.1368973740294764e-01	   2.3874049874895453e-01	   5.3170206682230126e-01	   7.6881672768433773e-02	   9.4944915344649117e-01	   3.7664059856584930e-01	   4.2312223611588629e-01	   5.5125753930569221e-01	   1.5048823345240317e-01	   2.5965125004291445e-01	   2.4551630751804096e-01	   8.2822835478801898e-02	   5.6850056807038829e-01	   4.1467390324303866e-01	   2.5554836540890380e-01	  -3.0797156155388367e-03	   4.8614720199108136e-01	   3.9237633842451458e-01	   4.9537657745364028e-01	   3.7538456928101083e-01	   4.1610000608460873e-01	   1.9031231474351498e-01	   2.8641947888542185e-02	   2.3102320101362911e-01	   2.5651699843870829e-01	   1.9080828283261786e-01	   4.6628641728877979e-01	   1.6128011812083048e-01	   8.8270974414742673e-02	  -2.9320676470822364e-02	  -4.8850301812795392e-02	  -4.4210331847742493e-02	   4.3382112351854035e-01	   2.5652883935981885e-01	   3.0700779230243458e-01	   1.6471672962606373e-01	   2.2272914630847934e-01	   7.5263204291514507e-02	  -2.1148092563515503e-01	  -1.5506078377648963e-01	   2.2119610132374171e-01	   1.6961586809385720e-01	   4.5349667880699368e-01	   2.1717645845666381e-01	   2.2969570464182792e-01	   3.1832706277657669e-01	   2.2688896813478601e-01	   2.4887421567748919e-01	  -1.5014612165381898e-02	   8.8001509993522409e-02	   5.8409992214422252e-02	   5.6299773936409370e-01	   2.2891369036521247e-01	  -1.1143122507197431e-01	   1.6338684792189850e-01	   3.9913429489732483e-01	   2.7537889154060946e-01	   2.5063833741441932e-01	   2.0396298523217946e-01	  -1.6340210083633044e-01	
