   0.0000000000000000e+00	   1.0582982937459966e+00	   5.0779681019550615e-01	   1.3549813698190519e-01	   1.4107949081209036e-02	  -2.0288488815634387e-01	   3.6566082174101566e-01	   2.8855698716933348e-01	  -1.2967494763988860e-01	  -1.9872752921475814e-01	   8.1482194734169178e-01	   4.4462089003321104e-01	   4.2307933272505077e-01	   3.5870415477112649e-01	   8.7386145050287811e-01	   3.5525833662199363e-01	   7.3994298083452048e-01	   6.8065714808474420e-01	   8.1795935814395726e-01	   6.5762208015499690e-01	   8.0110986524558697e-02	   2.3517214890473984e-01	   3.6548113588026415e-01	   2.4968308686567561e-01	   9.9143746149939149e-02	  -1.0694127771326092e-01	   3.1019558512071149e-01	   2.5904191058408237e-02	   6.9257261016025906e-01	   5.8700953197160810e-01	   3.0631994726952683e-01	   3.0140337055087590e-01	   7.5508851210139460e-01	   5.1717446178588822e-01	   1.4985785567914267e-01	   7.8112174101562709e-02	   5.8645556750211836e-01	   5.8480209286630336e-01	   2.6629074299869271e-01	   6.0416528233468791e-01	   3.0235848193269610e-01	   6.9085021322670725e-01	   6.6117368910267682e-01	   6.3177612101571956e-01	   3.6432758914873670e-01	   1.9074838768571639e-01	   8.1388861826069003e-01	   7.5918551403104007e-01	   3.5031470452176544e-01	   3.6268974444767060e-01	   4.8178298906348382e-01	   3.7069680294830998e-01	   5.2579980586002295e-01	   7.6699579273400387e-01	   8.9971120681067185e-01	   9.8835578682279457e-01	   5.9826497325298333e-01	   7.0869391445955399e-01	   2.3229599134763346e-01	   2.6184695384465667e-01	   3.2324257398563871e-01	   1.4418431499769663e-01	   6.2380532968734370e-01	   4.8820172712364179e-01	   1.4700523355337958e-01	  -8.8742542550128076e-02	   1.6268665870368729e-01	   9.9055795009525965e-02	   3.3565643991887339e-01	   2.2678176196422684e-01	   7.2624063961655239e-01	   4.2506746247285204e-01	   7.1162599034411023e-01	   5.9505661365026230e-01	   7.4122937317283855e-01	   5.8502297580703033e-01	   9.2887298026090181e-01	   6.5564019081620939e-01	   3.5057813326440451e-01	   5.1065026166666472e-01	   6.6682022177432465e-01	   7.1158150975772105e-01	   3.8023027640124996e-01	   5.4018854722536380e-01	   4.5913137038009927e-01	   4.2858270371882756e-01	   3.3890869012591729e-01	   1.9012980425403592e-01	   4.6269517996541787e-01	   5.3965449279417355e-01	   3.4278363037638371e-01	   6.0859061773077583e-01	  -8.5301273123684958e-03	   3.0296650562527294e-01	   6.2241492293681078e-01	   4.1355298085249009e-01	   6.7647117715176130e-01	   6.0877077679007263e-01	   6.2478733118485952e-01	   8.4260573002892114e-01	   7.2547886943120810e-02	   3.1028291549762005e-01	   1.3491677175282749e-01	   5.5750189035568731e-01	   1.9570087814250816e-02	   2.3231867595358713e-01	   1.2493083698796393e-02	  -1.4594251699833588e-01	   5.1185339945071973e-01	   5.9186265749799882e-01	   6.5879987461136713e-01	   6.2534659242296808e-01	   8.6105653567901363e-01	   4.7438411639208006e-01	   1.7700591045835842e-01	   2.6425601203057525e-01	
   1.0582982937459966e+00	   0.0000000000000000e+00	   4.5454360341268063e-01	   2.4848418522951471e-01	   1.2609125871707290e-02	  -2.0268715380985922e-01	   1.8109123521739651e-01	   2.5061371077357331e-01	  -1.6757895073430029e-01	  -2.2588473672627546e-01	   4.9714944900475189e-01	   4.9341463727350604e-01	   2.6040776043888214e-01	   3.6425529368193532e-01	   6.7629530658076364e-01	   4.3069950176984106e-01	   8.6200644980520913e-01	   7.8804580841064131e-01	   5.8658225827604416e-01	   7.1665572744362127e-01	   3.0503173891741941e-01	   4.7748077724319682e-01	   3.5354839171335423e-01	   3.6833425416419224e-01	   2.7975474598837247e-01	   5.0939552980629944e-02	   4.1235689067175918e-01	   1.2351683042842188e-01	   8.0777662851011067e-01	   7.5359300693531828e-01	   4.0332616147146760e-01	   4.3772504220060282e-01	   6.7154827871801626e-01	   5.6973460343973448e-01	   2.4826155319886839e-01	   1.1410957317465618e-01	   7.2060621774326072e-01	   7.6317312926836123e-01	   4.7855925721097314e-02	   5.9389200205433068e-01	   1.5439782740514252e-01	   7.6565147275336076e-01	   7.5039401642553927e-01	   6.4083668567691765e-01	   5.3954754717957565e-01	   2.5327551430524015e-01	   8.3676691070592524e-01	   7.6327065438144936e-01	   4.4229975580648606e-01	   3.3981648350771582e-01	   3.7709601973273099e-01	   2.6826667199592047e-01	   7.3007695614484380e-01	   8.2267195227748524e-01	   6.8597471608316130e-01	   8.5697156461148083e-01	   5.2909007965486199e-01	   1.0051870092096047e+00	   6.9022168472816808e-02	   2.4206775689028476e-01	   7.7324355042358892e-02	   1.8463856699918751e-01	   4.8989885320145665e-01	   4.9682917562323092e-01	   1.8776828445475413e-01	  -4.7460139699644237e-02	   1.2186486173687276e-01	   9.7072388665445999e-02	   2.5351076390937105e-01	   2.4545488281114319e-01	   6.3422068134953213e-01	   4.6774002449327406e-01	   9.2083989563542490e-01	   7.6477096505512354e-01	   7.6256767479364240e-01	   7.3074879816437321e-01	   6.6428015319710509e-01	   5.5380185230192258e-01	   5.6181502235023095e-01	   5.8273360470448143e-01	   9.0618424309555756e-01	   8.0905011925773374e-01	   3.4616803249097533e-01	   6.0285627246073292e-01	   5.9502180024711560e-01	   5.3575390886037322e-01	   5.2769900533966041e-01	   3.1222210544739443e-01	   4.4068074670914492e-01	   5.7090589332204333e-01	   2.7481986338041542e-01	   3.3791951100551038e-01	   6.4810688114296605e-02	   2.9644609775561503e-01	   5.1299821528488232e-01	   3.9936149938710380e-01	   5.4330668760200684e-01	   6.4901201496551186e-01	   5.0564600257148484e-01	   5.9155210698363092e-01	   2.0990860496133795e-01	   2.2211156678922916e-01	   2.9984141295559114e-01	   4.8974000527741168e-01	   3.0606434516756903e-01	   4.3020032507070427e-01	   3.5179987702413033e-02	  -2.8969520057460024e-01	   3.7058192877158125e-01	   5.5662312714832929e-01	   5.1135988537798915e-01	   5.2824365049414157e-01	   6.7734521761675703e-01	   6.2282462344771372e-01	   4.0403219495422305e-01	   3.0168210639363713e-01	
   5.0779681019550615e-01	   4.5454360341268063e-01	   0.0000000000000000e+00	   7.6435697602856478e-01	   5.2562621542901466e-01	   2.2002686228513701e-01	   9.2165367632864148e-01	   2.4616920067177500e-01	   8.1247213420581027e-02	   4.0595153958635735e-02	   3.2721690028805644e-01	   1.3698103337501868e-01	   3.0397429074944471e-01	   1.0426515042767018e-01	   7.1366315324560547e-01	   4.0810846830799125e-01	   2.2174620129919009e-01	   1.8882985677452899e-01	   5.2189111549395628e-01	   3.5126519813864282e-01	   1.5454539171341816e-01	   4.8052639255198881e-01	   1.1292579892654242e+00	   1.0096261837118758e+00	   9.5120037636031707e-01	   5.9311725629137313e-01	   1.0639085204822822e+00	   6.9238842691324809e-01	   1.5028435182418190e-01	   9.4768850532267745e-02	   7.5877830381108280e-01	   6.7448039833029794e-01	   6.8421908914540497e-01	   4.5729007236684766e-01	   8.9790871998528221e-01	   5.5654279878574042e-01	   5.4474610604231022e-01	   4.7359285899190640e-01	   3.7966428559760917e-01	   3.5646456622284173e-01	   2.4337869648964828e-02	   4.1296708650950931e-01	   8.4119594744236881e-01	   7.5487189807954724e-01	   8.8816269917287638e-01	   4.2848675629311617e-01	   8.0370227760865742e-01	   7.7460986096009310e-01	   5.6388852219022922e-01	   3.2934323603621707e-01	   6.4833784121158133e-01	   5.2454093466548191e-01	   5.5321556831551311e-01	   7.3315064366713467e-01	   7.3183857041801093e-01	   6.6893450965959678e-01	   9.8739761043238638e-04	   2.3914459226152429e-01	   3.7502737587935381e-01	   1.4075790377985808e-01	   2.2884709775578460e-01	   6.0911343281268480e-02	   3.4025494051497712e-02	  -4.3233497530135959e-02	   8.2066284691485458e-01	   3.2678313165974787e-01	   8.4183006660008353e-01	   5.5417507593990067e-01	   5.4692309135273964e-01	   4.6657047450226508e-01	   6.5883989628134842e-01	   3.3508842227244667e-01	   4.7009493600748675e-01	   3.0158799279449805e-01	   4.2270200860194740e-01	   3.2908196896986686e-01	   6.9272335470892565e-01	   4.6926375665646780e-01	   2.3684134663705869e-01	   4.0677827124400862e-01	   3.1148812378746166e-01	   3.1906896569478610e-01	   4.5924370015053789e-01	   5.2465499096023305e-01	   8.8833081208321363e-01	   8.7212232308081727e-01	   5.5501910969677681e-01	   3.4516127892108228e-01	   7.5047807744524353e-01	   6.8459343719357668e-01	   4.4787341969666028e-01	   6.0064210213378222e-01	   4.1621084250897478e-01	   7.1977549979319977e-01	   5.7801148139573688e-01	   2.7761435840065957e-01	   7.2163562582429275e-01	   5.3383063807387088e-01	   5.5402112395559289e-01	   5.2391776489308328e-01	   2.9487943802689998e-01	   5.3472738672807130e-01	   3.3763341421122239e-01	   5.6781576114166965e-01	   2.4165442691900074e-01	   2.9352270071453201e-01	  -2.3127384028618586e-01	  -1.4228287013892835e-01	   3.8136485000646181e-01	   3.7485751687105706e-01	   6.4156923979490699e-01	   6.0817321615842057e-01	   6.7411736836503400e-01	   8.3788520363607744e-01	   4.1231098386925291e-01	   2.2316887900452201e-01	
   1.3549813698190519e-01	   2.4848418522951471e-01	   7.6435697602856478e-01	   0.0000000000000000e+00	   5.0858603084396681e-01	   4.2646304528222240e-01	   8.5596321463300384e-01	   7.9447435145828726e-01	   2.7784298288195380e-01	   2.8427958474009674e-01	   1.0158017375498188e-01	   3.3901238193407540e-01	   1.9679093523782512e-01	   2.6742831078777585e-01	   2.5923923868669652e-01	   6.5854190952423930e-01	   1.4804056262978965e-01	   6.9213322396012911e-02	   2.2507673219212157e-01	   3.6082925082532080e-01	   1.2077703501650887e-01	   4.6120652276648411e-01	   5.0251665917621879e-01	   9.5630362310962302e-01	   4.8166732589466826e-01	   6.2565433506750545e-01	   4.9001130437367302e-01	   5.5643227384640670e-01	   9.9840554982712562e-02	   4.3345192856985168e-02	   5.1932364922743290e-01	   6.1765375895135122e-01	   5.8259924084645887e-01	   7.1308432604862471e-01	   6.2884142409453414e-01	   6.8101156009321639e-01	   2.7043647342498356e-01	   4.2249905189731263e-01	   2.5802624338158532e-02	   2.5346280615770389e-01	  -2.7139057070575417e-01	   2.5754189453310233e-01	   5.5951636492069046e-01	   6.6277324840925633e-01	   7.1952045310005430e-01	   6.6812323385343853e-01	   5.0852237379189158e-01	   6.1665827675241347e-01	   7.1965558690759990e-01	   6.0376351422042052e-01	   6.2147117835326993e-01	   5.6348225006394004e-01	   5.5851375641832668e-01	   5.6041664088519316e-01	   3.6412084771899816e-01	   4.2679790389743988e-01	  -5.5213082784780987e-02	   1.3507401991724838e-01	   4.1237097021865066e-01	   3.9990136896723893e-01	   2.1364404181187199e-01	   5.3282372136590517e-01	   5.6276688054094193e-02	   8.3268232139961526e-02	   5.0640034039857085e-01	   7.2474839417445547e-01	   5.7755030095854909e-01	   6.5075187522547551e-01	   2.9265080625169260e-01	   5.1338831408553187e-01	   3.2342526151898271e-01	   4.3957104533686747e-01	   3.6404800058704784e-01	   3.5245916386602777e-01	   3.7247006408121275e-01	   4.2375587719498753e-01	   3.8035944629719232e-01	   4.8923497917701864e-01	   2.5846013321100625e-01	   2.5314374066845119e-01	   2.5169437199922784e-01	   1.7708083096101898e-01	   4.7438594569025903e-02	   2.0750683935267725e-01	   4.5551753210694024e-01	   6.8837177146495621e-01	   2.7811252994956315e-01	   2.7286778510017429e-01	   5.1074636076075675e-01	   6.2571050609591405e-01	   3.6888166281107404e-01	   2.8974524964770060e-01	   4.3792854266720982e-01	   3.0418910592672488e-01	   3.2860246558365214e-01	   1.0478980500986396e-01	   3.6611730835488793e-01	   3.7672099068308151e-01	   3.4440314385931142e-01	   2.8055889872770345e-01	   4.8471465427782179e-01	   3.6328927632750690e-01	   4.1511118829967053e-01	   4.2741626830015134e-01	   2.4742946292598805e-01	   2.0962241239004764e-01	  -4.2192167614194837e-02	   5.1923394247003346e-02	   2.3450024015810744e-01	   2.7107064417401983e-01	   4.0364517179411347e-01	   3.9649150611796435e-01	   2.7130070367260845e-01	   4.8504408210398386e-01	   2.6907772768509153e-01	   1.6544737679276136e-01	
   1.4107949081209036e-02	   1.2609125871707290e-02	   5.2562621542901466e-01	   5.0858603084396681e-01	   0.0000000000000000e+00	   1.1633776884851792e+00	   6.8595277086864481e-01	   2.4780934467831175e-01	   1.0777620380582373e+00	   9.2497910663661176e-01	   1.8019929246031993e-01	   1.1582596868458836e-01	   5.4849940448307488e-01	   2.4354299056268061e-01	   2.3086920559881133e-01	   4.8846371082917861e-01	  -1.4533392247567767e-01	  -1.2325756410052982e-01	  -9.2804639796895363e-02	  -1.3085471832385867e-01	   1.3474090682756618e-01	   3.7836214768779397e-01	   1.5887703108878787e-01	   2.3149260464905558e-01	   5.6863567470486576e-01	   9.2853701285250612e-01	   2.7781946517490685e-01	   7.1788101833350759e-01	  -2.0597753518805303e-01	  -2.7430215446544504e-01	   4.2807147958527025e-02	   2.3638552942208641e-02	   4.8820630087302190e-02	   7.2707516377252313e-02	   4.2760743600185880e-01	   4.1650767988884763e-01	   1.0151706811351005e-01	   5.4764605543436505e-02	   2.1399113997377244e-02	  -1.6821721200938548e-02	  -2.2073155927109506e-01	  -1.3095283945804989e-02	   3.3622641041850476e-01	   3.5884591246265346e-01	   4.9236118047485661e-01	   4.2046933791115682e-01	   2.2061566087193263e-01	   1.9368265217075006e-01	   5.5938135578032366e-01	   4.7575943635847789e-01	   8.9277026230499734e-01	   4.9955038372859378e-01	   4.0145937238084101e-01	   2.0891101736580164e-01	   3.6200056186712526e-01	   1.7635804462864529e-01	  -3.2122923302112905e-01	  -1.1092599160112690e-01	   6.3751677555055541e-01	   3.7031987222201157e-01	   3.8213449047045039e-01	   1.7657231377083746e-01	  -6.8716456144573571e-02	   3.0601531461407368e-02	   4.1638408686770351e-01	   3.3836814357704187e-01	   7.4263633551776198e-01	   5.7131832989924169e-01	   2.2937070868492221e-01	   3.5673647722881502e-01	   3.0199087925655281e-02	   4.8909756066950805e-02	   7.3804912452573160e-02	  -4.3876419090897484e-02	   6.9518907202927055e-02	   3.3347845922294450e-02	   8.5682398078800459e-02	  -1.4298998948485613e-02	  -7.4454615985623210e-02	  -2.5355762278437104e-02	  -4.6318271794972832e-02	  -2.6332350419353542e-02	  -2.3383258476259333e-01	  -1.6480055998327522e-01	   3.8633789539370256e-01	   3.8029477155761188e-01	  -8.1398336759471390e-02	   1.0035769455493174e-01	   4.8788138149503879e-01	   2.1147209573212961e-01	   4.2494689781887605e-02	   2.3589365202867235e-01	   2.6451858991446109e-01	   4.9513753583987519e-01	   1.3232771217370323e-01	   7.1878573405083093e-02	   2.2407430807586193e-01	   2.7125665292536905e-01	   1.1838347773442846e-01	   4.7353843772015902e-02	   4.0948645916210136e-01	   6.0607355109121763e-01	   4.2023208363574027e-01	   4.4078192171946140e-01	   3.8007974959662039e-01	   2.5334019149986209e-01	   1.0739166641708484e-01	   2.1831311103969456e-01	   6.4105590673712472e-03	   2.8703618326157546e-02	   1.9099270052778683e-01	   1.0946011762392388e-01	   5.5532732686101052e-02	   4.3586652708006046e-01	   4.1311760999685854e-01	   2.7697557061978911e-01	
  -2.0288488815634387e-01	  -2.0268715380985922e-01	   2.2002686228513701e-01	   4.2646304528222240e-01	   1.1633776884851792e+00	   0.0000000000000000e+00	   3.4202918205026928e-01	   8.3451967844357489e-02	   9.7010536153595317e-01	   1.4043859583463476e+00	  -9.8638036847353130e-02	  -7.2326785309761929e-02	   2.6985466554760684e-01	   4.0031493646109063e-02	   7.0589737729045421e-02	   5.7817416293901469e-01	  -2.5849593902610657e-01	  -2.2462768425265989e-01	  -2.7316913763873946e-01	  -2.4343481986079507e-01	   1.2299976836132746e-01	   2.8639827043912935e-01	  -1.7287546307699686e-01	  -5.3592267241513855e-03	   4.2386538979442878e-01	   1.0179492701476167e+00	   1.2887275708897541e-01	   6.9599896722758503e-01	  -3.6716786955327924e-01	  -3.5772933098785814e-01	  -2.1029447568603454e-01	  -2.2667111989710681e-01	  -1.1839966113401608e-01	  -7.4939179872531014e-02	   1.8736142504340694e-01	   1.7255157390435838e-01	  -3.0251492011664112e-02	  -7.5120018427360380e-02	  -1.1101341530102778e-01	  -1.9960676973357250e-01	  -3.0294590628610335e-01	  -1.5546756190936042e-01	   4.5764209246511735e-02	   8.6882390385018840e-02	   2.0560817349968394e-01	   1.9409137274818650e-01	  -1.1203132157135721e-01	  -1.1296407612898861e-01	   3.9632670590382557e-01	   4.3531845508177752e-01	   7.0213824886385501e-01	   4.3282338421231659e-01	   2.8271180284548791e-01	   8.6313287329023450e-02	   9.0414443799023927e-02	  -4.2623338917549547e-02	  -2.7166341978279590e-01	  -1.8046893371377690e-01	   5.5145452164173203e-01	   3.3112475784306394e-01	   1.7583531308055542e-01	   4.2010135739815636e-02	  -2.3853226461926896e-01	  -1.1443545661486543e-01	   2.0352584439213850e-01	   1.7421768265958440e-01	   4.6644179502970606e-01	   3.5933181710379192e-01	   1.0771327812516097e-01	   2.2300775614920498e-01	  -2.1049773326241966e-01	  -1.0139442048808989e-01	  -8.0172438921550696e-02	  -1.6542345643943374e-01	  -1.4441313711799394e-01	  -1.0298524624459487e-01	  -1.3348333020817388e-01	  -1.8928703884269144e-01	  -6.2565749015244310e-02	  -9.5599150705930169e-02	  -1.6019112951587372e-01	  -1.6336278174291025e-01	  -2.8605768981489577e-01	  -3.0652000171321203e-01	   1.4863892138438689e-01	   5.5768511237888591e-02	  -1.2288276027413773e-01	   5.1089666623773039e-02	   3.3957536276130695e-01	   2.1915448075386031e-02	  -1.7485789040607164e-01	   2.1997003406678269e-02	   2.5718004996431808e-02	   2.2085053218156378e-01	  -4.5109586182478123e-02	  -9.5090370024014589e-02	  -4.0216427657995393e-02	   7.3223019219138513e-02	  -1.2233801903083012e-01	  -1.9072285415278756e-01	   1.9622099589658196e-01	   2.3459633404401803e-01	   2.2220739676817433e-01	   2.4810252702116192e-01	   4.0634331904153920e-01	   3.3848360217661783e-01	   2.1368188495109494e-01	   2.4975586209201422e-01	  -1.6247433617514329e-01	  -9.5428714521877969e-02	  -1.0789210936314869e-01	  -1.1394588298096024e-01	  -1.4156314931006489e-01	   2.5876279232702970e-01	   3.7520102887144530e-01	   2.2219799410534841e-01	
   3.6566082174101566e-01	   1.8109123521739651e-01	   9.2165367632864148e-01	   8.5596321463300384e-01	   6.8595277086864481e-01	   3.4202918205026928e-01	   0.0000000000000000e+00	   7.7349825805191663e-01	   3.6545978117132222e-01	   2.2493598551900146e-01	   6.1240665272363903e-01	   3.9637514997998280e-01	   6.6550411801951725e-01	   4.3139454130839100e-01	   4.1707316516665860e-01	   4.2965519334700142e-01	   1.0861151199453120e-01	   7.2462396747034807e-02	   3.4675181660797028e-01	   2.5761000904239650e-01	   4.6810868239726827e-02	   3.4604476837597775e-01	   5.8185211511904167e-01	   6.3617920806675310e-01	   3.3455899202526190e-01	   3.7147863208521548e-01	   4.3881726761689482e-01	   4.6683132494659085e-01	   1.4551110940096398e-01	   3.1315778503136701e-02	   4.1567437003147967e-01	   4.2764186614781208e-01	   5.9225408522335310e-01	   6.1269932428688767e-01	   6.0378304727212895e-01	   6.4914215549419985e-01	   2.5845937782175321e-01	   3.5122658176296390e-01	   1.8567483872212509e-01	   3.5175467693987700e-01	  -7.0235571073002614e-02	   2.9469084667150924e-01	   5.4084748559614182e-01	   7.2592339537925699e-01	   6.3290923187227854e-01	   6.5673758859899134e-01	   5.8478935263240972e-01	   6.9922077062309906e-01	   5.8710871181634605e-01	   5.5825547887065685e-01	   7.4552724548819960e-01	   6.0891663086041559e-01	   4.2090785347671167e-01	   5.1577474688021330e-01	   6.1964370187768458e-01	   6.0732724240686764e-01	  -1.0062098781058783e-01	   3.9333989806625974e-02	   6.2956490335593851e-01	   4.1596861328417895e-01	   7.6714413033944684e-01	   5.6484128068094830e-01	   3.3908644745763966e-01	   2.5513116699612148e-01	   7.0476427222836557e-01	   6.9726782219408079e-01	   7.5532825187897012e-01	   6.7965913885478602e-01	   4.3783102479034447e-01	   5.1766566761208455e-01	   4.0383752897904024e-01	   3.2986109167299027e-01	   3.4170122508057149e-01	   2.3434818969079113e-01	   3.9797443189995491e-01	   2.9473667082602772e-01	   5.1459004416756171e-01	   4.3934385763924272e-01	   1.0380509025208987e-02	   1.0652282691132622e-01	   1.1652754094858582e-01	   1.6475150609088235e-01	  -1.6822989593822408e-02	   1.5943639052746991e-01	   4.7554512838156471e-01	   6.4378555722336928e-01	   9.9644124827609384e-02	   2.2875839602295034e-01	   6.1877351173911055e-01	   5.8529640876042421e-01	   3.7293883061805061e-01	   6.1672763332551261e-01	   5.1008480231215969e-01	   6.9901534475883231e-01	   4.8247357673955849e-01	   2.5819042039771045e-01	   6.0508635532168942e-01	   5.2475528318688669e-01	   4.6715566484741688e-01	   5.5206512887155790e-01	   4.9224982808641055e-01	   8.9902449535591311e-01	   4.5083181499782515e-01	   7.3894572717039986e-01	   1.2774635144485530e-01	   1.8917455184945581e-01	   2.3788724732347836e-02	   1.2820485915912044e-01	   4.2382470872206013e-01	   4.2345602183703918e-01	   6.6728845578842355e-01	   5.0151670793886538e-01	   4.9198285233977246e-01	   4.7746370940066124e-01	   2.7424260574541975e-01	   3.8527817538784997e-01	
   2.8855698716933348e-01	   2.5061371077357331e-01	   2.4616920067177500e-01	   7.9447435145828726e-01	   2.4780934467831175e-01	   8.3451967844357489e-02	   7.7349825805191663e-01	   0.0000000000000000e+00	   3.3707347778427837e-01	   1.6569518815556444e-01	   4.8862873523654982e-01	   9.1019386491652310e-01	   4.8651070249950124e-01	   7.6888780487973463e-01	   1.3694589386573461e-01	   4.6784216649390786e-01	   3.1952832533809866e-01	   2.9665786149562862e-01	   3.4007776769623338e-01	   4.8198999667708509e-01	   3.3610036101321231e-04	   2.1508815592693056e-01	   1.8637727146280436e-01	   3.9124186806786609e-01	  -1.5479954213240579e-01	   7.1486526454899732e-03	   1.5077576842772968e-02	   7.8787148754633760e-02	   3.7345182936120447e-01	   2.8723222483547822e-01	   2.6411622905848553e-01	   4.0659791170898063e-01	   5.5198941839266058e-01	   8.1702316376704265e-01	   2.6412889800112693e-01	   5.4019744695140592e-01	   1.3400588103749134e-01	   3.9465236325419706e-01	  -1.2118404825350990e-02	   3.4716253811532366e-01	  -1.0448742455499055e-01	   3.5997300378948621e-01	   4.3061388367036124e-01	   6.7067408479846757e-01	   4.2041303475198455e-01	   7.0785081850981602e-01	   5.0877621501861392e-01	   6.9273006856588870e-01	   6.5144987612577654e-01	   6.4688504044943207e-01	   4.1922080392736749e-01	   4.1339007672902872e-01	   4.2358417526326619e-01	   4.0950722680501950e-01	   3.2903102354110836e-01	   4.7327392593348910e-01	   8.8644030412625696e-02	   1.5475877110425332e-01	   3.8984704411192317e-01	   5.8402455575957257e-01	   4.8412304517747096e-01	   9.5022263695806408e-01	   4.6734882448930581e-01	   5.1945367133971865e-01	   1.5044081990938429e-01	   7.0867531925946847e-01	   2.0418963175587296e-01	   4.2817561948536031e-01	   2.0291327715953353e-01	   4.1318980000493882e-01	   3.1294302668679180e-01	   6.5352754607990116e-01	   4.5683583217457735e-01	   5.8532067564967583e-01	   5.2170664487552965e-01	   5.7937085956595125e-01	   3.6234408562303305e-01	   5.7972175325276498e-01	   1.3851929841412258e-01	   1.3784290576864081e-01	   2.8529968344641821e-01	   2.9393287242394178e-01	  -1.0535018003593194e-01	   1.3331047984464650e-01	   1.5990798566272849e-01	   4.4076059595314870e-01	   2.3564255628737183e-02	   1.6925384962092768e-01	   2.6881479585354973e-01	   5.0500294977448801e-01	   3.7832908881370964e-01	   3.2033252718330091e-01	   3.2277222184837812e-01	   7.0866220114026754e-02	   3.5152025892119004e-01	   1.9710824737178143e-01	   3.3599156464707092e-01	   3.9988221960549464e-01	   3.6944903869767970e-01	   4.4480536721030206e-01	   5.0758679587195932e-01	   4.1062692304721504e-01	   3.5121362404741951e-01	   4.0333308199486706e-01	  -8.2305665305468859e-02	  -6.2876302648072757e-02	   7.4396453331258230e-02	   1.6837057126553875e-01	   3.7314190522379914e-01	   3.2609979103453418e-01	   5.1785445343016079e-01	   4.0758928001375461e-01	   1.9168168793241447e-01	   1.4382987707070435e-01	  -3.0767918020419078e-02	   2.6459696653075732e-01	
  -1.2967494763988860e-01	  -1.6757895073430029e-01	   8.1247213420581027e-02	   2.7784298288195380e-01	   1.0777620380582373e+00	   9.7010536153595317e-01	   3.6545978117132222e-01	   3.3707347778427837e-01	   0.0000000000000000e+00	   1.4907935225283722e+00	   4.4710438851263384e-02	   1.4430362412812547e-01	   4.9091057377941710e-01	   2.7484638370558179e-01	  -2.3448283804471372e-02	   3.4610749085886378e-01	  -2.1997428795183685e-01	  -8.6405865625286182e-02	  -2.1936316430399028e-01	  -1.9233081474194899e-01	   7.8003354549966639e-02	   1.7044854709337404e-01	  -2.2150832624042760e-01	  -1.4429546431003004e-01	   1.7389024520243693e-01	   5.7987722831679067e-01	  -8.2009960711808619e-02	   4.3005721661764307e-01	  -3.3042816136175529e-01	  -3.6153801812579872e-01	  -2.2648569454280687e-01	  -1.9292078877429142e-01	  -1.6377196657454582e-01	  -5.9443811641884538e-02	   8.1396944017360029e-02	   1.6182828605424679e-01	  -3.4728886567403860e-02	  -1.0162413479851443e-01	   3.4983765925964028e-02	  -1.5580343071782982e-01	  -1.6178567201265437e-01	  -1.5621135050624924e-01	   9.5356733863218843e-02	   1.7643876665267968e-01	   1.9818490340953654e-01	   2.8064910026280981e-01	  -5.2478650965025096e-02	  -2.9488157278983747e-02	   4.5559628150534531e-01	   4.1358271566855725e-01	   5.6042108766232612e-01	   3.1916479970768441e-01	   2.6040300492021468e-01	   1.6654692370500451e-03	   1.4014214826016966e-01	  -5.6052064911507604e-02	  -3.5104261739430104e-01	  -1.9826137513278186e-01	   4.1228249644364173e-01	   3.7501456552539958e-01	   1.6852649184045237e-01	   9.1772171704020342e-02	  -1.1416508294727779e-01	   1.0591975987611833e-01	   2.1727397508131577e-02	   1.4666943972263979e-01	   2.8503606122864689e-01	   3.3730624125103098e-01	   6.4879357566933150e-03	   1.5269037145576261e-01	  -2.4750580710246411e-01	   3.3830937080955117e-03	  -8.0384960945711459e-02	  -9.7959732312131412e-02	  -1.4011929349924038e-01	  -7.2567731728741591e-02	  -2.2530856974497382e-01	  -1.9281366927090446e-01	  -2.2940531827466210e-01	  -1.7831782657890222e-01	  -1.5827736286785776e-01	  -7.9088472608410954e-02	  -2.7132732544938659e-01	  -3.0079864478179491e-01	   1.2685388673139103e-01	   1.2878248559986444e-01	  -1.5783689529865325e-01	   7.7007114500587046e-02	   2.2658664651433291e-01	   1.3515966966263268e-02	  -1.6708795967289214e-01	  -2.4845273000028388e-02	   1.1133270429784094e-03	   7.9211994530710220e-02	  -8.7327383789158275e-02	  -7.7799204188565993e-02	  -2.2921145459585509e-02	   8.3057344739403821e-02	  -1.0461576847134998e-01	  -1.4294107180049553e-01	   2.8321950346409175e-01	   2.8435936177375848e-01	   2.4262677750077599e-01	   1.7260607119133392e-01	   2.4753103325188328e-01	   7.4697764812825404e-02	   1.3350087509509823e-01	   3.5460475036893219e-01	  -1.5212910703208748e-01	  -1.1474273317592518e-01	  -2.1398671926198265e-02	  -1.0140125694733387e-01	  -2.4904869295866452e-01	   8.2666598781051898e-02	   1.8725031790145799e-01	   2.2771960133991340e-01	
  -1.9872752921475814e-01	  -2.2588473672627546e-01	   4.0595153958635735e-02	   2.8427958474009674e-01	   9.2497910663661176e-01	   1.4043859583463476e+00	   2.2493598551900146e-01	   1.6569518815556444e-01	   1.4907935225283722e+00	   0.0000000000000000e+00	  -9.4316254403019106e-02	   1.2988811438512963e-03	   3.6566803947843185e-01	   1.2492660383039560e-01	  -1.8987983913500393e-02	   4.9083384043356193e-01	  -2.6681702369731686e-01	  -1.4720978918250471e-01	  -3.0294468253955859e-01	  -2.5971575727114704e-01	   1.4019347115801889e-01	   2.1212751274917255e-01	  -3.4683215773998100e-01	  -2.0546328460371371e-01	   2.4774568322443274e-01	   7.6549056458052545e-01	   1.0771682624522282e-02	   5.7451743246458253e-01	  -4.3938365078500641e-01	  -4.2450351042320378e-01	  -3.2483783239976527e-01	  -3.1908382924217926e-01	  -1.9551488409140425e-01	  -1.2900916680002658e-01	   7.5630711346908436e-02	   8.6382418721267770e-02	  -5.0974338878335607e-02	  -1.1467036266172383e-01	  -5.5994559019199438e-03	  -1.9048770606050719e-01	  -1.9416483993887163e-01	  -2.1779328846047027e-01	  -1.7652608936379054e-02	   4.0155528552020592e-02	   1.0585213171859838e-01	   1.5018022969952668e-01	  -2.0869753886427092e-01	  -1.9800133391576549e-01	   3.3211489192526750e-01	   3.7326944772855186e-01	   5.7581685425765106e-01	   3.5593988747598837e-01	   2.2565967218826566e-01	  -2.4407659538440967e-02	   6.6777165263613339e-02	  -1.2651232451169589e-01	  -2.9996887181062265e-01	  -1.8987670473192980e-01	   4.6416166771763689e-01	   3.8012039657096774e-01	   1.0426588802604002e-01	  -2.4210384614230408e-02	  -2.3941264704042792e-01	  -4.0726272055941051e-02	   6.9234526457170334e-02	   9.0743100901706869e-02	   2.9862352404590131e-01	   2.9297634357718511e-01	   1.4626507544917729e-02	   1.2803752409097011e-01	  -3.6502091845751305e-01	  -1.0739334203338584e-01	  -1.3891343390468311e-01	  -1.6267482630890306e-01	  -2.3355768479018191e-01	  -1.2940158171738411e-01	  -2.6603856662758324e-01	  -2.3943452623439895e-01	  -1.4267958040570025e-01	  -1.2485331919345613e-01	  -1.5666478947829612e-01	  -1.2832309039603215e-01	  -2.2415527575642435e-01	  -2.9375193019303314e-01	   1.0543096264054441e-01	   1.8431214637927476e-02	  -8.9164260016807995e-02	   1.2607885883601427e-01	   2.9317160701408362e-01	  -9.7917668808925624e-03	  -3.1822141166494422e-01	  -1.2760194924274634e-01	  -1.3082033135369858e-01	   2.9649693434152538e-02	  -1.6460528430266111e-01	  -1.6241769370841666e-01	  -1.2816237076882706e-01	   1.1086373598981967e-02	  -2.5974268157964853e-01	  -2.9975036645509312e-01	   1.2436224935406139e-01	   1.1516023386649703e-01	   1.3193069687349579e-01	   1.4684306438143879e-01	   3.1082633881696298e-01	   2.2661180997622776e-01	   1.8190117619774659e-01	   3.0020359078878917e-01	  -2.6667177539683079e-01	  -1.9863899956374192e-01	  -1.8279899900618521e-01	  -2.2415440089390271e-01	  -2.8993222649004230e-01	   9.4429883851130964e-02	   2.5494293561616721e-01	   1.7624264271894158e-01	
   8.1482194734169178e-01	   4.9714944900475189e-01	   3.2721690028805644e-01	   1.0158017375498188e-01	   1.8019929246031993e-01	  -9.8638036847353130e-02	   6.1240665272363903e-01	   4.8862873523654982e-01	   4.4710438851263384e-02	  -9.4316254403019106e-02	   0.0000000000000000e+00	   8.6012775419105791e-01	   1.0381466127110996e+00	   7.7514189169700143e-01	   6.5363669857832396e-01	   3.5267006636313247e-01	   3.8768362964235786e-01	   4.1746648249680623e-01	   5.0690266874937850e-01	   3.7619948324616931e-01	   8.8889439225735764e-03	   1.1130086216464559e-01	   2.1410177202806957e-01	   1.2975845328090752e-01	  -1.0299568366143426e-01	  -1.8908146342258644e-01	   1.7833714582219207e-01	   2.2247834571282418e-02	   4.1033563204018508e-01	   3.5416791085113386e-01	   6.9978933890209385e-02	   6.4821726364171578e-02	   4.2882233528431740e-01	   3.4794340526167566e-01	   1.4413536780585870e-01	   1.8204808707200662e-01	   3.0617476106444030e-01	   4.5572567937665931e-01	   1.5576806806984772e-01	   4.5308024105535816e-01	   2.1329724249987075e-01	   4.8140812228389224e-01	   4.3425927051095403e-01	   5.4483910075265585e-01	   2.7900966414141398e-01	   2.7416706899610144e-01	   5.4024496243392750e-01	   5.7751235922871114e-01	   2.5152174964201551e-01	   4.1813647836630657e-01	   4.3696137158278198e-01	   4.0531310563211986e-01	   2.9956002034139806e-01	   4.1644246938744955e-01	   6.9506109596124876e-01	   6.7902175297790102e-01	   2.0712353195651217e-01	   2.6427933975637519e-01	   5.0304844981999275e-01	   4.8557194167837076e-01	   8.8930424173544087e-01	   5.0937459130380935e-01	   6.7917126208938350e-01	   5.8785435718489021e-01	   3.0336776146960365e-01	   2.2514750187512467e-01	   2.6233718009691642e-01	   2.0611801913628378e-01	   3.7156012149897949e-01	   3.2459874006536543e-01	   4.7074712629516180e-01	   3.5292388760508409e-01	   3.7325872238435714e-01	   3.5320046214152884e-01	   4.3581069956296692e-01	   3.6345100125408059e-01	   5.9907153520535517e-01	   4.4763480447408738e-01	  -3.6457788216688949e-02	   1.6095093684743991e-01	   3.3654623891634772e-01	   3.6774235622771539e-01	   1.2496144674055924e-01	   3.6278493054202726e-01	   3.5353243333674189e-01	   3.2927094059037876e-01	   1.2767978479611114e-01	   2.4613336816798417e-01	   5.0692038155930375e-01	   4.8288890446064742e-01	   2.3903246191353772e-01	   5.0298873224598983e-01	   9.0542130059539330e-02	   3.9681522743255360e-01	   5.0701158069056762e-01	   2.8940285713803293e-01	   5.3356478174095978e-01	   4.3697072007423532e-01	   3.8860341226067024e-01	   6.0400423269402748e-01	   1.9491054281429990e-01	   6.5013610325999183e-01	   2.2087009152325757e-01	   6.6478308089373861e-01	  -1.8532601408500554e-01	   3.5906532384015179e-02	  -2.1569288625444796e-02	  -8.2777791841596449e-02	   4.5334451985318824e-01	   4.6249971173594673e-01	   5.8814524802390211e-01	   4.2270242451784806e-01	   5.9738431779845080e-01	   2.6572142268095456e-01	   2.7521500053097139e-02	   2.6391059384738463e-01	
   4.4462089003321104e-01	   4.9341463727350604e-01	   1.3698103337501868e-01	   3.3901238193407540e-01	   1.1582596868458836e-01	  -7.2326785309761929e-02	   3.9637514997998280e-01	   9.1019386491652310e-01	   1.4430362412812547e-01	   1.2988811438512963e-03	   8.6012775419105791e-01	   0.0000000000000000e+00	   6.7302044419869433e-01	   1.2601194594648835e+00	   3.3374468411904340e-01	   5.2808719935226023e-01	   4.2049134640677654e-01	   4.9127805774357147e-01	   3.8171080906721933e-01	   5.0787253554697753e-01	   1.9262659533955823e-01	   2.8506607603577877e-01	   1.7818902859044553e-01	   2.7913148118307946e-01	  -1.0696867930909924e-01	  -7.1281491490507595e-02	   1.2050524709837360e-01	   6.7925905256246560e-02	   5.2168465231720285e-01	   4.9148829446990266e-01	   2.1406427492787594e-01	   3.0251184625303496e-01	   4.4727770672602563e-01	   5.3345125467583465e-01	   2.2054242459533427e-01	   3.7221708146879434e-01	   2.5643133386491057e-01	   5.8398838817726317e-01	  -2.0209254536780345e-02	   3.8468410840617595e-01	   1.8353089912362293e-02	   5.3029338105243773e-01	   5.0088254977334901e-01	   6.8661634943382122e-01	   3.6519390813707719e-01	   5.2103922321341867e-01	   5.8178491489259110e-01	   6.3529786386063025e-01	   5.0858410630693773e-01	   5.3111119073770574e-01	   3.2136137642050377e-01	   3.3274141205863256e-01	   4.7211575026512742e-01	   3.3750062437007305e-01	   3.7567040625853393e-01	   4.3525802815655568e-01	   1.1940274653549826e-01	   2.3261047866092369e-01	   3.8005981514881909e-01	   6.0624027039834238e-01	   4.4107929354140163e-01	   7.9418587975868071e-01	   4.2408952437326175e-01	   6.0846941884813088e-01	   1.3111471083854412e-01	   4.9181235830247477e-01	   1.0493216428821117e-01	   2.3874263955600492e-01	   1.9307794772835793e-01	   3.1283256616483784e-01	   3.2262098096915787e-01	   5.5974605328393534e-01	   3.8620122124561423e-01	   5.2662468180234645e-01	   3.9405574316145070e-01	   4.9252124647971918e-01	   3.3690855651492818e-01	   4.6470314218703868e-01	   8.5080149151987944e-02	   1.3972867526125923e-01	   4.6333168730851226e-01	   3.9705698410532636e-01	   1.4555268747544436e-01	   4.8340786634394384e-01	   2.9989382371237866e-01	   4.4915180207843247e-01	   2.3479329495325946e-01	   3.7546465440579613e-01	   3.3795805937272860e-01	   5.1012319625960423e-01	   2.5705153805824615e-01	   1.5512454843255419e-01	   1.6451695855913129e-01	   3.8636495608700278e-02	   4.0604486699426817e-01	   2.2509396396406403e-01	   3.6677480970723320e-01	   3.9738327414148783e-01	   2.8952390985674409e-01	   3.2229590957788357e-01	   3.5590135601478207e-01	   3.4438573533239386e-01	   2.3685223454919493e-01	   3.8116410769223397e-01	  -1.8135792849763360e-01	  -8.6139506163129390e-02	  -1.1600803980318899e-01	  -1.6203034446858530e-01	   3.3471399164389132e-01	   3.9923662187570119e-01	   5.1223389321501078e-01	   3.4904119908910991e-01	   3.3638955285840477e-01	   2.0688129501704636e-01	  -1.1132378540006021e-02	   2.7377535466410824e-01	
   4.2307933272505077e-01	   2.6040776043888214e-01	   3.0397429074944471e-01	   1.9679093523782512e-01	   5.4849940448307488e-01	   2.6985466554760684e-01	   6.6550411801951725e-01	   4.8651070249950124e-01	   4.9091057377941710e-01	   3.6566803947843185e-01	   1.0381466127110996e+00	   6.7302044419869433e-01	   0.0000000000000000e+00	   9.8745556342365126e-01	   4.2271059311823600e-01	   4.2263482248437800e-01	   2.5432441664258846e-02	   1.3174739130037355e-01	   8.2176191991511868e-02	  -1.2384431042806458e-02	   3.0222323249869176e-01	   3.8857306355230997e-01	   5.1698594948850915e-02	   3.3154802545479888e-02	   1.1279863983274781e-01	   2.0668182966221271e-01	   2.6447296842479151e-01	   3.1581047160644360e-01	   1.8882338445517184e-02	  -6.5899264183270231e-02	   2.8953136361523336e-02	  -1.9856482012101757e-03	   1.8837182950167017e-01	   2.1712332973674597e-01	   3.6313711055890230e-01	   4.0615410841159949e-01	   4.0392831632389348e-01	   4.6673390789503255e-01	   1.1607343169608017e-01	   4.7823958995886484e-01	   1.6474460077158065e-01	   2.7555617480150296e-01	   4.5772191972520060e-01	   5.6609770770428958e-01	   4.3038432968102103e-01	   4.9297186812605687e-01	   3.7221591360550554e-01	   3.9334870739849803e-01	   3.2768680555793850e-01	   5.6592391049310897e-01	   7.1614920874823873e-01	   7.1677923790641918e-01	   2.2098872755156107e-01	   1.9630888720653600e-01	   6.8706421121434824e-01	   4.5255920563545982e-01	  -1.7238150356990159e-01	   3.6732901697392726e-03	   7.4651402335070272e-01	   6.2115640796103677e-01	   9.4136237036010850e-01	   3.9723360013051517e-01	   2.7486734822307590e-01	   3.4467562714745464e-01	   4.9246467266158367e-01	   4.1221627356365781e-01	   5.1806590634246386e-01	   5.2649093396773139e-01	   1.8355588386283633e-01	   2.1919173874917816e-01	   1.3621832798992201e-01	   1.6295587753084739e-01	   1.5809433955888713e-01	   8.9699436823778983e-02	   1.7481067297744793e-01	   1.2711110810214679e-01	   3.0124712313365420e-01	   2.1789788372180516e-01	  -1.9176589472148603e-01	   1.4376772866600664e-02	   1.1878683896422949e-01	   1.5402333550903888e-01	  -5.4554353700368829e-03	   1.9112111214156788e-01	   5.2802774929295948e-01	   4.3047284300801758e-01	   1.4505604864118535e-01	   4.4896428833568569e-01	   7.1421763000358041e-01	   4.1014942791415243e-01	  -8.0429760395010985e-02	   2.2260821450678211e-01	   5.0115440629926386e-02	   4.2950089807589537e-01	   3.3283360981268145e-01	   2.1101564334900474e-01	   4.5659868130284076e-01	   4.1019726492002567e-01	   4.9708471432610611e-02	   2.2520788466178371e-01	   1.7284154019403752e-01	   6.9532684039150605e-01	   2.2710862704401721e-01	   6.7136703569684919e-01	   7.8788265185366912e-02	   1.9401460668395859e-01	   4.3676913482646400e-02	   1.4989162049585796e-02	   2.1753361587769121e-01	   3.5084543999301421e-01	   5.1111063087741726e-01	   2.1049271145690729e-01	   3.5995591694436674e-01	   3.1599568441835901e-01	   2.4983715468914058e-01	   3.1799683854325028e-01	
