   0.0000000000000000e+00	   2.9664345864537189e-01	  -4.8230152181325051e-02	  -7.4013150046455312e-02	   1.7354886580853193e-01	   1.5768945613292243e-01	  -3.9502247268443751e-02	   1.1670478868593671e-01	   1.8644019046507332e-01	   1.4158694221090132e-01	   5.3057234051684754e-01	   4.7626239911490664e-01	   6.2025479592955268e-01	   6.8686247157359437e-01	   4.3615075149947502e-01	   3.4466825662260764e-01	   6.4525710297829075e-01	   5.8156053635785254e-01	   5.8198525078355434e-01	   2.8679412525599635e-01	  -1.4681692490127085e-01	  -6.1981075638855007e-02	  -2.1982265420354252e-01	  -1.7642343065444618e-01	  -1.2962333913872892e-01	   5.0179537951847934e-03	   1.0517051492202090e-01	   1.2039163925977703e-01	   3.2456740200753431e-01	   3.9153689798965596e-01	  -3.2008107067724439e-01	  -2.9615639446110725e-01	   1.1687337498729358e-01	  -8.6959711768746395e-02	  -1.8348839926766417e-01	  -1.7680996162399035e-01	   1.9960484674207582e-01	   1.8768302330108591e-01	   2.5301761535832887e-02	   2.7510776412375992e-02	   8.3104141616594782e-02	   5.4223074263512042e-02	   3.7712041260237128e-01	   2.8297058543478554e-01	   5.1352159425235533e-01	   4.3283026631418509e-01	   3.8361551397826288e-01	   3.5865017610121486e-01	   5.4005563685265467e-01	   5.3606634638326067e-01	   3.2913092419653739e-01	   5.1962414963844417e-01	   6.1462317167014580e-01	   5.7737871478319991e-01	   4.9069445436348175e-01	   4.5936460471487939e-01	   1.6011052902328624e+00	   6.2687417086984498e-01	   7.2220924041305912e-01	   7.8895922361243431e-01	   4.7344951770440435e-01	   1.3889793823189653e-01	   6.0057897938615667e-01	   5.6091690567284946e-01	  -2.0651412751003975e-01	  -6.5673391490201391e-02	   1.5082635300572345e-01	   2.1101465682914400e-01	   6.3926280322794504e-01	   3.1467334540708181e-01	   1.5225831720801097e-01	   1.3972939910270146e-01	   4.1645302787887700e-01	   3.3743200834452991e-01	   4.2354046484236385e-01	   2.2879518440716942e-01	   5.7154816582225199e-01	   2.4190255967978186e-01	   1.8589361966069287e-01	   7.4649556184074886e-02	   2.6620150335027337e-01	   1.4110295571994469e-01	   3.2965656408842431e-01	   3.4330938687786705e-01	   1.7860275994767641e-01	   1.6378601343116622e-01	   6.0026365765893014e-02	   1.3487459483578887e-01	   4.6444884654376800e-01	   3.5198673352782806e-01	   3.2845695332924291e-01	   3.5108349400138911e-01	   2.1449856386546565e-01	   1.5738058717672881e-01	   3.1591962653016020e-01	   7.3358463963201379e-02	   3.7578164051308094e-01	   4.3345248156379323e-01	   4.9508487350049329e-01	   1.1075048812798627e+00	   2.8639133022762264e-01	   2.4633836622793107e-01	   3.3143438463383806e-01	   3.4949891359721036e-01	   1.2855140105219051e-01	   1.5365119079859915e-01	   6.3245433389453182e-02	   2.2945001843660312e-01	   1.6460056295302444e-01	   2.6248508188359515e-01	   3.3847130749334853e-01	   4.1729997111848505e-01	   2.3529495686687549e-01	   1.1327013443975316e-01	   2.5255278368094127e-02	   1.8185402797393807e-01	
   2.9664345864537189e-01	   0.0000000000000000e+00	  -2.7557118101905520e-01	   5.9288044089252090e-02	   1.3979771040390801e-01	   1.2893359856720105e-01	  -2.3187452751945348e-01	  -1.7149112813097774e-02	   4.0824809642874937e-02	   2.3389655162130574e-01	   1.2887681255888784e-02	   1.4130018125816013e-01	   1.7908437021838536e-01	   3.9725999068816209e-01	   9.4269052598087308e-02	   3.0239514274416712e-01	   2.5978410639659438e-01	   4.2474298046671477e-01	   3.6688916087892615e-01	   6.9581205197272644e-01	  -1.5470679567100051e-01	  -2.0746626397007303e-01	  -3.4146928318348935e-01	  -2.8528419394179849e-01	  -2.5018144927591102e-01	  -1.2911467424734127e-01	   1.7342473238650233e-01	   2.0861433435006188e-01	   2.4985530369339842e-01	   3.6477754272291757e-01	  -1.4205586568933429e-01	  -1.2773588017552540e-01	   1.1975580428306977e-01	   1.3928649354527237e-01	  -3.1008644048545009e-01	  -2.8392055797304211e-01	   3.2695273221442084e-02	  -5.5813925220597651e-04	  -6.5485571748341118e-02	  -9.2647004538105662e-02	   1.7971201451184227e-01	  -9.4092480046644306e-02	   2.1382864482204500e-01	   1.5386044574739743e-01	   1.1598538825140882e-01	   1.2185880261427973e-01	   2.8606397141443096e-01	   2.1620195253879312e-01	   1.6778162558767712e-01	   1.0350717649669330e-01	   1.2119453800136210e-01	   1.4327643390796133e-01	   3.5440814550990574e-01	   3.5381249736128179e-01	   2.7272436578028258e-01	   1.5490717610343674e-01	   3.5422730544539044e-01	   1.2915801229887571e+00	   4.3356532492983269e-01	   3.6323815059112824e-01	  -1.2992447396670118e-01	  -1.9867844799299747e-01	   3.7802923182883402e-01	   3.1709611109718916e-01	  -4.8402014913175884e-01	  -3.5777637441199173e-01	   1.2748371133943925e-01	   8.4693690712791689e-02	   5.0376031699338464e-01	   2.5754589584751664e-01	  -1.4102604526525761e-01	   6.5863785520414844e-02	   1.8837058204070503e-01	   3.4168712361930070e-01	   1.1167795186750180e-01	   2.0290240620468961e-01	   4.7135328314651732e-02	   2.9747736257460489e-01	  -2.2433133119575496e-02	  -2.1921781935469113e-02	  -6.8749315921482215e-02	  -1.1177601984881812e-01	  -8.5167650732349109e-02	   3.9740732545779082e-02	  -9.2573058008509582e-02	  -8.5469130641892765e-02	  -1.8014350704905188e-01	  -1.2675879209032620e-01	   1.2421239669585751e-01	   2.1507603187178523e-02	   1.7151756137512325e-01	   1.2037201721680613e-01	   1.5812854577860369e-01	   4.9268770942970955e-02	   1.7246255101811411e-01	   1.1513123170931987e-01	   6.2217638846556422e-01	   3.4722124918594305e-01	   6.6120383978181918e-01	   3.1796708846381078e-01	   3.4839077908693750e-01	   2.2416672683907901e-01	   3.8744888823087215e-01	   3.5236390627724823e-01	   3.4879483054020444e-01	   2.8662857985006113e-01	   9.2004828088889462e-02	   1.9932572114096050e-01	   2.3449107744773373e-01	   2.3527972510724066e-01	   3.3150285333326368e-01	   5.1551572923209443e-01	   1.3361397800382246e-01	   1.1126363357405716e-01	   7.7593800473457680e-02	   1.8356703861430809e-01	
  -4.8230152181325051e-02	  -2.7557118101905520e-01	   0.0000000000000000e+00	   9.0567676611888281e-01	   7.0463749920251695e-01	   5.4687864917075724e-01	   1.1776031974894412e+00	   6.4627434140656514e-01	   5.1120718711111468e-01	   3.1115760095832523e-01	   1.7349630194693999e-01	   1.3719907957172772e-01	   1.8263561135059919e-01	   1.8635073959903886e-01	   5.6588529516185249e-01	   5.7269737651065344e-01	  -1.3886883880748330e-01	  -7.9556783555086469e-02	   3.9710122314802743e-01	   1.7378950571859292e-01	   2.6681541373222406e-01	   3.4490159338156390e-01	   1.4137033250765525e+00	   1.0382851711831149e+00	   1.0620051791054324e+00	   8.3676842786651662e-01	   2.8642965970076473e-01	   2.4406272043482657e-01	  -1.8624922416068026e-02	   3.3653754804761266e-03	   6.8565292654865917e-01	   6.1876176335501853e-01	   4.2140066439948232e-01	   4.6424917848502806e-01	   9.0912114732590843e-01	   8.6355942114283479e-01	   1.3107981361094612e-01	   2.0720561196573070e-01	  -3.4209933994497399e-02	  -1.9430672094577432e-02	  -1.0749454102819946e-01	   5.3590964460568748e-02	   2.7377551145738399e-01	   1.9111799697927095e-01	   5.2761735898699669e-01	   4.6255239202487286e-01	   1.9873450556123429e-01	   1.9251686605957244e-01	   3.7608745054508552e-01	   4.6424829663648470e-01	   4.8136948759177084e-01	   4.6876581929500150e-01	   2.6456095995065321e-01	   3.2282072143633256e-01	   1.0059911068705917e-01	   3.3003297911724427e-01	  -6.3827627823262775e-02	  -2.4396283225294754e-01	   3.2161975849369251e-02	   1.1968525973660410e-02	   5.6524265592832379e-01	   5.9738014363376735e-01	   6.9342172561486240e-02	   6.7196844150289384e-02	   9.4695887232229403e-01	   8.0369617814191874e-01	   5.2993291675218157e-01	   5.1329133137066840e-01	   8.4811479311560869e-02	   2.5835929451856032e-01	   3.5375217950337068e-01	   3.4560031857566664e-01	   5.0851824138998719e-02	   8.0046721320416417e-02	   7.7490508433281535e-02	   1.3420161746957660e-01	   1.3828795888226811e-01	   1.4545886975794034e-01	   9.5075647661834767e-02	   1.3459700523724533e-01	   7.9856581556921685e-02	   2.1638096614536900e-01	   3.9854777107304284e-01	   4.9305745539638024e-01	   5.1428489231620644e-01	   4.8423120154764021e-01	   4.5510002619428391e-01	   4.2124864893262670e-01	   5.5902958299375771e-01	   6.8354197964162478e-01	   3.8999928337371886e-01	   4.7724503980242750e-01	   1.9644512027460759e-01	   4.2065250847533675e-01	  -1.8090128580178091e-01	  -2.7559037500903472e-01	  -2.5683633386444760e-01	  -2.5886339190795660e-01	  -7.7368973168834539e-03	   8.0864364850307832e-02	   1.3622100089670236e-01	   3.9131936910027076e-01	   1.4722327365545818e-01	   2.1417720843840571e-01	   1.0716571924217674e-01	   2.4422817428837246e-01	  -1.0952377074700870e-01	  -4.2307770954103019e-03	  -8.5463113437802871e-02	  -2.2158238431532046e-01	   2.0022416902883508e-01	   4.9238781606660252e-02	   1.0135039183125694e-01	   2.8143212345578744e-01	   7.4625476902921858e-02	  -1.5375245046356560e-02	
  -7.4013150046455312e-02	   5.9288044089252090e-02	   9.0567676611888281e-01	   0.0000000000000000e+00	   8.3704985342530458e-01	   8.3339897047338507e-01	   1.0638311824547091e+00	   1.2303841211665472e+00	   5.4688697042522050e-01	   4.7210616092486546e-01	   1.9705768742160755e-02	   3.6466017760554292e-01	   1.6179971541015462e-01	   3.4255927124175084e-01	   5.1865044123573689e-01	   8.1730163536473055e-01	  -1.8968385274477231e-01	  -8.7383364824892507e-02	   3.2210543953008192e-01	   4.1920101746205712e-01	   2.0000308482930615e-01	   2.3918554209422074e-01	   8.1606212997580430e-01	   1.1434873718141576e+00	   6.4257546321287873e-01	   8.0690932115940439e-01	   2.5911795789955705e-01	   3.5436043082052532e-01	  -6.4353050771363456e-03	   1.2766653389962515e-01	   5.6107027480303828e-01	   7.3624258723918268e-01	   4.2936557443875623e-01	   7.3958084747240815e-01	   4.9848024883138448e-01	   5.9274960807269694e-01	   1.2156340579855922e-01	   1.5579520216505016e-01	  -1.5534896505860837e-01	  -1.1703825342139088e-01	   7.2150020189922634e-03	  -6.0224656304140756e-02	   2.6077943470399667e-01	   1.6893865953998047e-01	   5.4457073672445322e-01	   5.7638014614291744e-01	   1.8114015364618322e-01	   2.1277917750121234e-01	   3.5487599484373761e-01	   6.5173945381225451e-01	   6.3745223568127252e-01	   7.1650195707175190e-01	   3.0575557510895818e-01	   4.9316930052784458e-01	   6.9709430171246617e-02	   4.3635838597517274e-01	  -6.4629253796183297e-02	   4.4626308718954850e-03	   1.7666618877928172e-01	   3.1202406999855808e-01	   5.2560066315384968e-01	   8.5255429387114856e-01	   1.1538308516134642e-01	   3.7042868181264826e-01	   5.0751020759572918e-01	   7.0700573145853640e-01	   4.6441822890605677e-01	   7.1645344075780504e-01	   6.8618146781073933e-02	   3.1823426520533998e-01	   2.8634022560009514e-01	   5.2195615948832663e-01	   3.5091312259484718e-02	   1.2860920217102689e-01	  -6.6204327777405567e-03	   9.4681737368610033e-02	  -2.2600938006842752e-04	   2.5861679006953170e-01	   2.8947997564978574e-03	   2.1767242425368540e-03	   3.8317393358674658e-02	   7.4586478219163185e-02	   1.9153615032481108e-01	   4.6561786871186434e-01	   3.9468628138199952e-01	   5.1798984098974366e-01	   3.4348950731234718e-01	   4.1292255201882305e-01	   5.3945394402608615e-01	   9.1046983483370514e-01	   4.5140400357066829e-01	   5.3041417774332522e-01	   4.0457058783253508e-01	   5.4975298855868671e-01	  -1.2344448521475535e-01	  -2.1551433205570608e-01	  -6.5861948161060696e-02	  -9.8369356668224411e-02	   1.7446932371315296e-01	   1.6289567860672746e-01	   4.3081426620663210e-01	   6.5595390149959432e-01	   4.2418398207128172e-01	   5.2216579870962376e-01	   4.7232398708963630e-01	   5.9519837822203825e-01	  -7.5595197102571399e-02	   6.6245686000500306e-02	  -2.8750795930563563e-02	   4.5340533274589756e-02	   2.6749188514054700e-01	   2.8759472894280158e-01	   2.8398208810943776e-01	   5.4538872942104422e-01	   3.1199415324110630e-01	   2.3782184644077103e-01	
   1.7354886580853193e-01	   1.3979771040390801e-01	   7.0463749920251695e-01	   8.3704985342530458e-01	   0.0000000000000000e+00	   1.2985662182734417e+00	   6.6330571024276208e-01	   7.1272345756415911e-01	   1.2371219801361908e+00	   1.2202204045211398e+00	   4.0344870740295698e-02	   2.1339506776446152e-01	   3.1648847854906892e-01	   4.3368225150921214e-01	   9.5527366168594996e-01	   7.8464396462473818e-01	   5.8433636539316222e-03	   1.1800326763621316e-01	   4.9090697229940661e-01	   4.9133155426733960e-01	  -4.3049612963271457e-02	  -1.4934829019197576e-02	   5.7986787905125936e-01	   5.4122617730404232e-01	   5.3413720365875972e-01	   6.7916547256558812e-01	   1.8565808224833785e-01	   2.2258481084279297e-01	   6.5681250544165903e-02	   1.6382982677184577e-01	   1.8830707559772120e-01	   1.9793972455510023e-01	   1.8632652155612223e-01	   2.8581623757281133e-01	   2.2788146396677073e-01	   2.5029014367926172e-01	  -7.6254897077519049e-02	  -1.1063177409152675e-01	  -3.2222724606008968e-01	  -2.8626983217773611e-01	  -1.9097939805951969e-01	  -2.4303139696524023e-01	   1.7111657075486084e-01	   3.3747729735796921e-02	   6.0806485175131941e-01	   4.4749775301487404e-01	   2.5948191965271922e-01	   1.1553356385547761e-01	   5.2264117946113609e-01	   5.8216206931178127e-01	   4.0139415144933854e-01	   3.9149846741585526e-01	   3.6802425099810709e-01	   4.8803292738893700e-01	   4.7482898110053316e-02	   2.2897497954341167e-01	   1.6414951761568969e-01	   1.4540325727656347e-01	   2.8135276913571466e-01	   3.4767473060628995e-01	   3.9207502350257345e-01	   4.4838665239851849e-01	   5.6858243018480172e-02	   1.9711687784371151e-01	   2.2018282478393467e-01	   2.7233682476949411e-01	   3.4369211784421655e-01	   3.8626981832653701e-01	   3.4378170146497400e-01	   4.6371268825772033e-01	  -1.1456186399953666e-02	   1.4054275995377385e-01	  -8.9254992820034559e-02	   1.7835665160617690e-02	  -8.5878625283198839e-02	  -7.0796503396954327e-02	  -1.1440914813452541e-01	  -1.8491347107393287e-02	   1.8117203746003868e-01	   1.3516370511544387e-01	   2.8400685424993050e-01	   2.3063706401758360e-01	   1.6216380486624721e-01	   2.6943003463108833e-01	   2.7528988288932282e-01	   2.6782278518209363e-01	  -1.0132538496757063e-02	   1.3069162767542380e-01	   4.7406152876077645e-01	   5.6249270161759390e-01	   4.9060528965928407e-01	   4.8852546277382003e-01	   2.5762322515235725e-01	   4.1010386808048765e-01	  -3.1916862143027180e-01	  -3.2874937106573343e-01	  -1.0819759925090455e-01	  -2.2368422284259168e-01	   2.3275689931546933e-01	   2.6458873101284924e-01	   2.6274835934452523e-01	   4.6582974461463456e-01	   2.7820982665969529e-01	   4.4141002929392481e-01	   3.6636554886171963e-01	   4.8183933917280042e-01	   1.7888320936091615e-01	   1.4864184321920454e-01	  -5.7040054344089215e-02	  -5.6049131370906988e-02	   1.8474767661850003e-01	   3.1856722104391716e-01	   5.1263822121502003e-02	   2.4696389381512812e-01	   2.0094143034283410e-01	   2.1746771605232690e-01	
   1.5768945613292243e-01	   1.2893359856720105e-01	   5.4687864917075724e-01	   8.3339897047338507e-01	   1.2985662182734417e+00	   0.0000000000000000e+00	   5.8414185377660610e-01	   8.1111877751897965e-01	   7.2017665234994355e-01	   1.1554858725478057e+00	  -2.0827758391309154e-02	   2.7578599880423776e-01	   1.9769626770747811e-01	   3.9393527413957674e-01	   6.1218651822147319e-01	   1.0608767443414757e+00	  -1.0077516538365031e-01	   9.0688333520808698e-03	   4.2676379191805491e-01	   5.2537352613687782e-01	   4.3887140814922003e-02	   1.4194368472085928e-01	   5.3330945672133057e-01	   6.2776867738728015e-01	   4.9899379982795511e-01	   8.9555555915893525e-01	   5.4699361305966324e-02	   1.7512599659241962e-01	   3.1831069658555117e-02	   2.5500831034354809e-01	   2.4070219361411987e-01	   2.9251861876252772e-01	   1.1581835139888086e-01	   2.3978023239273610e-01	   1.5610854811049335e-01	   2.3281469912262975e-01	  -6.4425463616827217e-02	  -6.8783883246657795e-02	  -2.4671707757537692e-01	  -9.1135981797096921e-02	  -9.7843068566698971e-02	  -1.6648592998164355e-01	   9.2182467694047629e-02	  -7.1739275660450491e-02	   5.7173387978800527e-01	   4.9840478817002354e-01	   1.6325856886553808e-01	   6.0591111986980611e-02	   5.5261552788454538e-01	   6.3352018646788855e-01	   4.3216847102712264e-01	   4.1333247635059089e-01	   4.2672832609313799e-01	   5.7888637182914160e-01	   9.4834682852873234e-03	   2.8760950071047875e-01	   1.4463917333828502e-01	   1.4666204165437485e-01	   3.4272305952044918e-01	   4.2009612093187165e-01	   3.9709638838925010e-01	   4.8057203204201454e-01	   8.1153525852055125e-02	   2.2680736632928822e-01	   1.4202187888006046e-01	   2.1274516937438268e-01	   3.1806415728254411e-01	   3.9266325671690239e-01	   3.8928791075159552e-01	   5.5823835400973665e-01	   5.6469831353672659e-02	   2.7140298360706178e-01	  -1.2908391091176455e-01	   6.3525441829700886e-03	  -1.6225723382825397e-01	  -9.8481167557405602e-02	  -1.3064843181610739e-01	  -1.2038184846582466e-02	   7.0286371867561329e-02	   6.1754917775864879e-02	   2.2366518978433508e-01	   1.6303965319232261e-01	   1.1011783088109051e-01	   4.6750937240178997e-01	   2.1755133982025418e-01	   2.0699707035788278e-01	   2.1280351286710744e-01	   3.8278730449636489e-01	   5.3663404249674163e-01	   6.3254737148948370e-01	   4.0691585561443322e-01	   3.4314903043570466e-01	   1.6610468309396720e-01	   2.4628683709830856e-01	  -2.4138682034062448e-01	  -2.7938130293033242e-01	  -1.2486968455634311e-01	  -2.7088910966010510e-01	   1.0350253640896022e-01	   1.5394690729227933e-01	   1.8521423069500753e-01	   3.7436435986286032e-01	   1.6795091109958621e-01	   3.2258924787640864e-01	   2.6757758895971040e-01	   3.1803028494415808e-01	   2.3984186410601677e-01	   2.2596706355234092e-01	  -1.9567683708990330e-01	  -8.1896883076972293e-02	   1.6171140975432780e-01	   1.4128965924157003e-01	  -5.9964304252598147e-02	   1.4677400420240191e-01	   1.0482767388158319e-01	   1.0737154212083003e-01	
  -3.9502247268443751e-02	  -2.3187452751945348e-01	   1.1776031974894412e+00	   1.0638311824547091e+00	   6.6330571024276208e-01	   5.8414185377660610e-01	   0.0000000000000000e+00	   9.2498427750912959e-01	   5.6855528143664813e-01	   3.6696433389796390e-01	   2.6244843370977872e-01	   3.3661796717017445e-01	   4.0191695634924113e-01	   3.6869581426873665e-01	   6.0964115281302700e-01	   6.1709595369620507e-01	  -1.4747391824690312e-01	  -1.5069067349636892e-01	   3.7919168941728026e-01	   2.3913588511153960e-01	   2.1428041934304584e-01	   2.2731604313030329e-01	   9.0917152945442592e-01	   8.7224679929324467e-01	   5.4108864727806438e-01	   5.4323396228977450e-01	   2.0567904731879416e-01	   2.1696427112225358e-01	   9.1980764974873147e-02	   1.1669666514381687e-01	   5.8992100043634665e-01	   6.4881216843670630e-01	   5.1101752187729765e-01	   5.8232150785912529e-01	   5.5041038413818077e-01	   5.7446467548443325e-01	   2.8798615473259997e-01	   3.1051196590386121e-01	  -3.5806822962990641e-02	  -4.0575868820785899e-02	   7.8581497526686736e-02	   1.2920944609620436e-01	   2.9768236534300074e-01	   2.4490970669354981e-01	   5.0463137105947764e-01	   5.2257559115467966e-01	   2.3616196277805743e-01	   2.7272020110230150e-01	   3.7661807838682765e-01	   6.0000322669808637e-01	   5.8498983962363005e-01	   6.0113785125986308e-01	   3.0508145673139492e-01	   3.8105598522213491e-01	   1.8590128189382410e-01	   4.2714926230728145e-01	  -1.0257587574293928e-01	  -2.2179272470145625e-01	   2.3364193696516306e-01	   2.3511028403399886e-01	   7.0950300116504394e-01	   6.9254959169403463e-01	   1.8437007381117482e-01	   3.1348846225398214e-01	   6.5179405170552529e-01	   7.0667490890515661e-01	   5.6031781497088473e-01	   6.9061853771088677e-01	   9.3494633534442033e-03	   2.3277612968911537e-01	   4.4107872339169507e-01	   4.6371608627527178e-01	   1.2951037222300324e-01	   1.6743964258691121e-01	   1.1655916561217973e-01	   2.2947099038261018e-01	   1.8907379512216324e-01	   3.2094597865524488e-01	   1.1455703720066029e-01	   1.5341004590779808e-01	   1.6235212613799957e-01	   2.7949183684293150e-01	   3.4523165865975142e-01	   3.9249686035839915e-01	   6.1753265763615151e-01	   6.8995793125194760e-01	   3.3119000031089280e-01	   3.3018299659515749e-01	   6.0326374121884152e-01	   7.6207891255296667e-01	   4.9699988074789664e-01	   5.3723365358710062e-01	   3.8058645023987675e-01	   5.1297878137060238e-01	  -6.2315377162102802e-02	  -1.8430443746196606e-01	  -1.0885414395006791e-01	  -1.0063950381876094e-01	   1.0411627151564169e-01	   1.2962390449479011e-01	   3.2457072628696992e-01	   5.0795595970191543e-01	   3.1974771142854502e-01	   3.7885444378543642e-01	   2.9379438996138957e-01	   4.4450759124579176e-01	  -5.1865275362991597e-02	   4.3145666558539721e-02	  -7.4695900953733003e-03	   5.4154695588357712e-02	   1.9839449209188878e-01	   1.9207659487865569e-01	   3.1449754329367918e-01	   4.2669866043115456e-01	   2.0613170028432803e-01	   1.3486518213768173e-01	
   1.1670478868593671e-01	  -1.7149112813097774e-02	   6.4627434140656514e-01	   1.2303841211665472e+00	   7.1272345756415911e-01	   8.1111877751897965e-01	   9.2498427750912959e-01	   0.0000000000000000e+00	   6.6034780785319147e-01	   4.7193948775083683e-01	   1.6512226397535060e-01	   7.6491599669862897e-01	   3.7311445742649763e-01	   6.9434384776251490e-01	   6.2063031764554566e-01	   7.7251407149268436e-01	  -1.4878585930284569e-01	  -6.0396946803614612e-02	   4.4064669220566510e-01	   4.2195488639833045e-01	   8.7770200840969523e-02	   2.0841078130428442e-01	   6.4421789353272418e-01	   9.0703618090657501e-01	   4.0157071509191328e-01	   7.1788463563134652e-01	  -5.5271301943064927e-02	   5.8837609361879900e-02	   4.0278045182938725e-02	   2.3666469028287085e-01	   3.7580603635496013e-01	   6.2129038284718974e-01	   3.8343165763331144e-01	   6.7707112590836160e-01	   2.4642140574655719e-01	   3.6120694510294404e-01	   1.1732422536382345e-01	   1.4006736196115283e-01	  -1.6131422837805129e-01	  -2.1997876678163945e-02	   4.3943254571113977e-02	  -2.6096723680562307e-02	   2.1294809952086474e-01	   1.0555106708167886e-01	   6.3511106245031723e-01	   6.8410944532674633e-01	   1.3283516760102290e-01	   1.7160402602251734e-01	   4.2843433586362345e-01	   7.6986687903990381e-01	   6.5086069610416875e-01	   7.8076219592963292e-01	   3.7781301146597634e-01	   5.0569869927244815e-01	   4.6220474745912808e-02	   4.0357232087925204e-01	   6.1097364281172586e-02	  -2.1936775783240881e-02	   2.5299905953461954e-01	   5.1374609678563443e-01	   7.3147225300314156e-01	   1.1364520288680062e+00	   1.6707650985209033e-01	   6.3165542690116017e-01	   3.0046018427197269e-01	   6.2080676274284996e-01	   3.5888440738742577e-01	   6.9893556424779069e-01	   6.8946913236815066e-02	   3.3415506222230701e-01	   3.6137559444007716e-01	   6.8292776504014996e-01	   1.0714263328877957e-01	   2.5845048946797938e-01	   4.0754346360989652e-02	   2.3936507538518334e-01	   1.2434061747133836e-01	   4.0531161984092606e-01	  -3.0874270462409086e-02	  -6.8783928271775305e-02	   1.5941812422651080e-01	   1.2611694065544996e-01	   2.8679920510839529e-01	   4.7110621324946267e-01	   3.9233266133988326e-01	   5.7117138896626329e-01	   3.1900829560532240e-01	   4.4205368949661578e-01	   5.1163133635478986e-01	   9.4868346887661703e-01	   3.7436469115044479e-01	   4.0207323124664729e-01	   3.0390770797611422e-01	   3.3302834860516589e-01	  -9.8858743099516269e-02	  -1.7238846161535673e-01	  -1.1500624045406482e-01	  -7.3063656949806252e-02	   1.2343879778542760e-01	   1.9181480780643029e-01	   3.0593884440313157e-01	   4.1788822841351286e-01	   2.7843675725017153e-01	   3.6482708006575204e-01	   2.1800643958679480e-01	   3.3477715988350093e-01	  -5.5279645980008583e-02	   6.7486441763326188e-02	  -3.2243182455148012e-02	   1.1381061756529773e-01	   1.7762809887597814e-01	   2.1902270766747750e-01	   1.4403635710707485e-01	   2.9308620493858190e-01	   1.6538891846556347e-01	   2.0370449048732100e-01	
   1.8644019046507332e-01	   4.0824809642874937e-02	   5.1120718711111468e-01	   5.4688697042522050e-01	   1.2371219801361908e+00	   7.2017665234994355e-01	   5.6855528143664813e-01	   6.6034780785319147e-01	   0.0000000000000000e+00	   1.0406113484635606e+00	   7.3197000279199967e-02	   2.5877703350983422e-01	   4.0062610666904519e-01	   5.3306761420530835e-01	   1.0466602204282132e+00	   4.5029018122969611e-01	   7.5210160758342595e-02	   1.7000803675375301e-01	   5.1747135596854998e-01	   3.7973719885877910e-01	  -2.1994127628361507e-01	  -1.7996785624350195e-01	   4.1342659024273687e-01	   3.2492505985188180e-01	   2.6933091041681234e-01	   3.6316407268475859e-01	  -7.2342418324108551e-02	  -7.7544649564798313e-02	   8.7746705542712244e-02	   1.3912566196251294e-01	   3.5801040639974670e-02	   6.9177246396513875e-02	   1.3519409451419406e-01	   1.8849477591733135e-01	   7.2210921417402832e-02	   7.4425517713251177e-02	  -8.0185078457805703e-02	  -6.6282131061892333e-02	  -3.2969286240823198e-01	  -2.2910811330731645e-01	  -1.9221016894410398e-01	  -1.6526597040286900e-01	   1.0620721531520387e-01	  -3.8247389648288109e-03	   4.5316021530403533e-01	   3.1310451652326515e-01	   1.9257301216485817e-01	   8.0748854694108585e-02	   3.6102980680501096e-01	   4.4942881519519612e-01	   2.6385515555764805e-01	   2.9725398769843814e-01	   3.0077332997016076e-01	   3.9619382679958209e-01	   1.2473441006488255e-03	   1.7614528168089746e-01	   1.5841034229726422e-01	   3.4880528962361136e-02	   2.3837597886663334e-01	   3.0618811654297812e-01	   3.7171622344935257e-01	   3.9669796572113170e-01	   4.6943106856985169e-02	   2.5087846306342532e-01	   1.4098979463493180e-01	   2.5427446966601419e-01	   2.3191479907237714e-01	   3.1629573129545968e-01	   1.8100185120050144e-01	   3.2547108118094531e-01	  -6.9214490659001815e-02	   5.0774249676726113e-02	  -1.2634753427734041e-01	   9.6578429383259914e-03	  -1.0312035907548266e-01	  -1.6051853417381724e-02	  -6.6022762812511654e-02	   1.5307833149062628e-02	   2.3688014810137334e-01	   1.8859423471522835e-01	   3.2640587940018295e-01	   3.2746751074290953e-01	   1.7644032798077450e-01	   9.9069104175154563e-02	   2.3351540078033470e-01	   2.7994441117365287e-01	  -1.7175423913587631e-01	  -3.2965585772912621e-02	   3.0160346247022002e-01	   4.2139893884714708e-01	   4.1222113545260014e-01	   4.6396442859657361e-01	   2.4412018159306609e-01	   3.9234357367961709e-01	  -3.1702244685516495e-01	  -2.1490234921835383e-01	  -1.8194056328623287e-01	  -1.8900830936676771e-01	   1.7901957687062323e-01	   2.6143617353108883e-01	   2.2380412786404102e-01	   3.6306328188342918e-01	   2.3487032978055725e-01	   3.5699425182530736e-01	   2.3452012890558932e-01	   3.6726081250665116e-01	   1.8555168155881588e-01	   9.4742861523125665e-02	  -1.0647173647861327e-03	  -1.8596621292399900e-02	   5.4184389358283076e-02	   3.1195409621579290e-01	   1.1717961760106851e-02	   1.7283769429124651e-01	   1.3112188327215052e-01	   1.7054233475462280e-01	
   1.4158694221090132e-01	   2.3389655162130574e-01	   3.1115760095832523e-01	   4.7210616092486546e-01	   1.2202204045211398e+00	   1.1554858725478057e+00	   3.6696433389796390e-01	   4.7193948775083683e-01	   1.0406113484635606e+00	   0.0000000000000000e+00	  -5.4020979463697189e-02	   1.4581750402894506e-01	   2.5568229305797441e-01	   3.9851279491679131e-01	   6.3474058914516629e-01	   5.8632916817315728e-01	   6.4470986673384268e-03	   1.2195191159287469e-01	   4.2249201749456722e-01	   4.8317305110149417e-01	  -2.4531873655249370e-01	  -2.1723608675418002e-01	   3.0602492459460545e-01	   2.5339156847903233e-01	   2.3909370531454288e-01	   4.2218191548159739e-01	  -3.9442971808284537e-02	   1.1942025202248838e-02	   6.2520079787531713e-02	   1.8648207090143318e-01	   5.4212928656899931e-02	   6.5216288154072891e-02	  -1.5008330637339619e-02	   2.4725181944131824e-02	  -5.9254164443062342e-02	  -4.1496555751207656e-02	  -1.7125095160237233e-01	  -1.6115666274765236e-01	  -2.4101749855505802e-01	  -1.1524689598322146e-01	  -1.2547140895203082e-01	  -1.5465849282343769e-01	  -6.4415914104925712e-02	  -2.3175669853306519e-01	   3.2805503738050901e-01	   2.1445029283154465e-01	   9.8422493427247626e-02	  -8.4755270102713692e-02	   3.4660694270052750e-01	   3.6387485734383640e-01	   2.0229937679080756e-01	   1.6651338094318879e-01	   2.8607166718106736e-01	   3.6725777655506919e-01	  -2.8650332933456792e-02	   1.2315415831649824e-01	   1.3766055129743851e-01	   1.4962152062489112e-01	   3.2898571108109398e-01	   3.0786823631801713e-01	   1.2170813122881906e-01	   1.5031551445940813e-01	   1.9236715385010136e-02	   6.8630697261687842e-02	  -2.1300008406139964e-02	  -8.0586705548519599e-03	   1.8103804574005170e-01	   1.8343789300456104e-01	   3.1363172630827452e-01	   4.0550216119082477e-01	  -2.2070295347583010e-01	  -6.4177814013549453e-02	  -2.4736709108836799e-01	  -1.0502464349126041e-01	  -2.9168782953957728e-01	  -2.2914564102702123e-01	  -2.5279261990699942e-01	  -1.5092649306316308e-01	   1.7765051282505478e-01	   1.2518174525092318e-01	   1.7963629017998717e-01	   1.5947174580073611e-01	  -7.8825710654230316e-02	   3.4799069060292939e-02	   6.2945186870913425e-02	   4.4010956623536615e-02	  -2.0967310091086591e-01	  -7.2154872374490697e-02	   2.3944889300712868e-01	   2.7332899591668325e-01	   3.5879951925992470e-01	   2.8981088924619036e-01	   2.0436282873749645e-01	   2.5590744094814089e-01	  -2.3630216313369884e-01	  -1.3974496224861860e-01	  -1.0442745558770268e-01	  -2.3075401558410691e-01	   1.4427065513140050e-01	   1.3313610088748776e-01	   2.1062632713390461e-01	   3.3232936260516172e-01	   1.8440688449421583e-01	   3.3093592228811392e-01	   2.5544596180229678e-01	   3.1380573049815963e-01	   3.6581860338801070e-01	   2.2519509589422759e-01	  -3.8341605171471033e-02	  -1.1663249855569201e-01	  -5.4886879338422446e-05	   1.9240738283822201e-01	  -1.1388091781474477e-01	   6.9124633603433738e-02	   4.3605714804718074e-02	   8.3723214164573220e-02	
   5.3057234051684754e-01	   1.2887681255888784e-02	   1.7349630194693999e-01	   1.9705768742160755e-02	   4.0344870740295698e-02	  -2.0827758391309154e-02	   2.6244843370977872e-01	   1.6512226397535060e-01	   7.3197000279199967e-02	  -5.4020979463697189e-02	   0.0000000000000000e+00	   6.7144015688489578e-01	   1.0554140236496037e+00	   6.0384634279666705e-01	   4.9376921648066258e-01	   2.1100212635672599e-01	   3.5286736535309071e-01	   2.1599639930369993e-01	   4.8507263061543859e-01	   1.8567647432251935e-01	   2.4341031830332341e-01	   1.7393361483816916e-01	   1.0928329700983834e-01	   2.1332717915934558e-02	   3.1594276399397235e-02	   6.8167884953295288e-02	   1.8682287822485691e-01	   1.3646793843464008e-01	   4.9514199570499856e-01	   2.0540321474383633e-01	   2.0786703923057281e-01	   1.4002534823066373e-01	   2.9468515873506951e-01	   5.9294864739213228e-02	   1.7609159224249615e-01	   1.1824498350600508e-01	   5.5301903024842736e-01	   4.0405602147086700e-01	   4.2410216934170974e-01	   3.0909180249912921e-01	   3.5065918540102309e-01	   1.5447163501999475e-01	   3.6671911739303020e-01	   2.7925333822690479e-01	   3.9590389383687463e-01	   4.5308780656286685e-01	   3.6741770978522531e-01	   3.8154034435654294e-01	   3.1884482132603514e-01	   3.4603018708034983e-01	   3.3046219861147663e-01	   4.3395223749247347e-01	   3.0482165957466534e-01	   3.1370952279368292e-01	   5.3027796812232053e-01	   3.3840175123852834e-01	   2.7086981600061172e-01	   8.8213530101845739e-02	   3.8634161016148777e-01	   3.4109987233756089e-01	   5.3089030851183372e-01	   2.0902280601720463e-01	   4.4492817026076531e-01	   2.6176350336039067e-01	   1.3073080007102206e-01	   1.3910441707975305e-01	   3.3660659920947822e-01	   3.5359393238638337e-01	   2.0106734573959628e-01	   1.3987253998255933e-01	   5.9759053413484464e-01	   2.8201945759055363e-01	   5.4108591812773787e-01	   3.5164349327564876e-01	   5.6411143722445967e-01	   4.6765152571619578e-01	   6.8918627218891160e-01	   4.0326424481050982e-01	   1.1556891764393433e-01	   8.3998854165659484e-02	   2.1184319420275188e-01	   2.0542382199830489e-01	   5.6934968817567966e-01	   3.1249232785296099e-01	   6.3797650068681833e-01	   4.7619067086079475e-01	   1.9509291720915456e-01	   6.9549456552949585e-02	   3.7568786799043491e-01	   2.1513657236996644e-01	   2.5803226625680104e-01	   1.3624770890106597e-01	   1.9139868666184717e-01	  -1.1931793329379253e-02	   3.0953299579826715e-01	   4.5199151519826404e-02	   3.9235719118945306e-01	   2.2405657908600932e-01	   3.2228916972659705e-01	   3.4163588195315725e-01	   1.7899485684747674e-01	   3.1841701256983969e-02	   1.4430730230370009e-01	  -1.3016899078544281e-02	  -7.9303215969174792e-02	  -9.2379992789667437e-02	   1.8178075176672451e-01	   2.9878939249363734e-01	   2.0747070773345905e-01	   3.3582476041281867e-02	   3.4092428296219535e-01	   1.1639339335815391e-01	   2.0451175567615404e-01	   6.1377445945722357e-03	  -1.4826970821972502e-01	   4.5763845554719053e-02	
   4.7626239911490664e-01	   1.4130018125816013e-01	   1.3719907957172772e-01	   3.6466017760554292e-01	   2.1339506776446152e-01	   2.7578599880423776e-01	   3.3661796717017445e-01	   7.6491599669862897e-01	   2.5877703350983422e-01	   1.4581750402894506e-01	   6.7144015688489578e-01	   0.0000000000000000e+00	   6.4797897065591892e-01	   9.0406174798659833e-01	   4.4784357745451964e-01	   3.9066430296747268e-01	   1.5551311834890882e-01	   1.4436093282075096e-01	   6.2763949305277988e-01	   4.6901994353528859e-01	   8.7193515562421997e-02	   1.5499329703626191e-01	   2.0595968403587667e-01	   3.3189231912038075e-01	  -2.9058465315978475e-02	   2.3400471452331043e-01	  -1.5721445251303726e-01	  -8.3644545018470712e-02	   3.4148253619233621e-01	   4.0410980287288562e-01	   1.6701573850782470e-01	   3.5722265878912224e-01	   3.6290430217472758e-01	   4.1582943903584979e-01	  -6.1032962665925269e-02	   3.6289192786315401e-03	   3.3238937630393284e-01	   2.6747976439046550e-01	   1.4044961520978466e-01	   1.9080728889471668e-01	   3.0824662915910284e-01	   1.5723243525871752e-01	   2.1647600566799757e-01	   1.0032979143052681e-01	   5.0329587996986391e-01	   5.8250404380083498e-01	   1.8876007855068272e-01	   2.2021949574663144e-01	   3.5649737576587520e-01	   5.4681889587914578e-01	   4.5847878485914617e-01	   6.7773203926309222e-01	   3.5410017611950501e-01	   3.4689168219917604e-01	   2.3126134747194493e-01	   3.1705521097177725e-01	   2.7292641593192224e-01	   9.9636523986653541e-02	   3.2922279413437627e-01	   5.7236539409284515e-01	   5.5605336181969589e-01	   6.6410058022724849e-01	   3.4717297816215043e-01	   6.8583700409609205e-01	  -4.0653595575314540e-02	   1.8292078988123903e-01	   1.9937912771350491e-01	   4.3732283149296824e-01	   1.6071036209312983e-01	   2.6912803770626237e-01	   4.7608091927120355e-01	   6.2558427029457353e-01	   3.9803243079489137e-01	   4.6301790690462374e-01	   2.6855549962973774e-01	   4.4802161177566147e-01	   4.2763803493384472e-01	   5.8152220649562913e-01	   7.1009882688184197e-03	  -6.4144848642001193e-02	   2.3466791240638232e-01	   1.2273198298320076e-01	   4.0565221463001089e-01	   3.7769788270290106e-01	   4.3615375156548852e-01	   5.4089857363540472e-01	   2.5593547239159870e-01	   2.7055621771768201e-01	   3.4565553068364435e-01	   4.8491291939745051e-01	   2.8842605778547376e-01	   1.1358081114183326e-01	   2.3191175628314470e-01	  -3.7005443837774224e-02	   1.9389539108098724e-01	   1.0965815684935351e-01	   1.9293005240490799e-01	   1.9116829534700133e-01	   2.6776651016939323e-01	   2.6584487994803607e-01	   2.8716164242118508e-01	   1.0036314369450072e-01	   2.1745649900954364e-01	   1.4973348073198314e-01	  -5.4913173402354784e-02	   1.7258006039785060e-02	  -3.7255369366189943e-02	   1.6976075824017645e-01	  -5.5090379991532663e-02	   6.7092269056941448e-02	   1.3571140776926022e-01	   1.4574125099980648e-01	   8.8364029311909745e-02	   5.0157885562405165e-03	  -1.3716356347380174e-01	   2.9427741892198253e-02	
   6.2025479592955268e-01	   1.7908437021838536e-01	   1.8263561135059919e-01	   1.6179971541015462e-01	   3.1648847854906892e-01	   1.9769626770747811e-01	   4.0191695634924113e-01	   3.7311445742649763e-01	   4.0062610666904519e-01	   2.5568229305797441e-01	   1.0554140236496037e+00	   6.4797897065591892e-01	   0.0000000000000000e+00	   1.2109359899333287e+00	   7.4041122941867243e-01	   3.5684128211981470e-01	   2.6305654304609905e-01	   2.6631166682884111e-01	   5.0176011249265251e-01	   2.8067568041493340e-01	  -6.6800557006757549e-02	  -8.7449579538326508e-02	   7.1673631122182210e-02	  -1.2553020860352501e-03	  -3.9204440167144125e-02	   4.3437771966292837e-02	   5.3081106720558227e-02	   1.5538873200704481e-02	   4.7173066005653846e-01	   3.2171417265568125e-01	   7.9122247883019206e-02	   7.8157676821000180e-02	   3.6389531478196291e-01	   1.6615497546329019e-01	  -5.9154948899842380e-02	  -7.5414055971015942e-02	   3.2713763834876930e-01	   2.5579191256542944e-01	   9.5207582226912529e-02	   4.5231963900057612e-02	   2.3549817387919131e-01	   7.9327435897744769e-02	   3.3511112233190082e-01	   2.9346479104032219e-01	   5.0550819058705809e-01	   4.9711833163702290e-01	   3.4517919704119870e-01	   3.4535002263766407e-01	   4.7555365774365549e-01	   5.4119008970028570e-01	   3.4507688096681061e-01	   4.6982194998994886e-01	   4.0889399854516706e-01	   4.1869595619504085e-01	   4.3557612347732877e-01	   3.4217443465124625e-01	   4.0817806084972896e-01	   2.6566140088542822e-01	   5.6359295614724469e-01	   6.3195474442779720e-01	   5.8073534965934970e-01	   2.7158657916099138e-01	   4.4335195191615495e-01	   5.1702488444685513e-01	  -5.6067863590555433e-02	   9.4119525545331734e-02	   2.5311377755829934e-01	   3.4746141496452909e-01	   2.0872200396999654e-01	   1.5364763189042308e-01	   4.1923713284314867e-01	   3.1190289638784724e-01	   4.6891562182365903e-01	   4.5063094321963265e-01	   4.5895886741021863e-01	   4.8032966252062920e-01	   5.5239058301141852e-01	   4.9680441688970656e-01	   1.4226981954363935e-01	   8.7823594032597374e-02	   1.9750369683094671e-01	   2.2481683024280968e-01	   4.5235239614840200e-01	   1.4032540220178563e-01	   3.8596132767550501e-01	   3.9008767667347938e-01	  -2.1122222239266047e-02	  -5.6924682199064817e-02	   3.7758225521711219e-01	   3.0900500771930894e-01	   3.6654271248139186e-01	   2.7287567637596188e-01	   3.3511322280735434e-01	   1.6884998880384344e-01	   2.0685584174222163e-01	  -2.2020936163244749e-02	   3.9784667986148098e-01	   2.4006167632964831e-01	   4.7095004644374555e-01	   5.1125234170438016e-01	   3.5045678585510059e-01	   2.4627702830380410e-01	   3.5819715330529683e-01	   2.7492163740528097e-01	   1.5108082433488820e-01	   1.7595517302185790e-01	   1.7453423209928931e-01	   1.7721823699103173e-01	   3.3309126888627738e-01	   2.6747709567542183e-01	   3.3103051759246505e-01	   3.9652450442205289e-01	   2.7980550880829069e-01	   1.4243828059902305e-01	   6.9371014038110468e-02	   2.4635224542355832e-01	
