   0.0000000000000000e+00	   1.8346943778548392e+00	   3.7460250425640262e-01	   4.6249501319517589e-01	   1.8784984777601363e-01	   1.6274452314485890e-01	   5.3200608475880251e-01	   5.4168900200975334e-01	   1.1320425576104201e-01	   1.4864980219741220e-01	   1.0005961712210201e+00	   1.0568696584439559e+00	   7.0443287257132092e-01	   6.2861001269111405e-01	   3.7805473172953785e-01	   3.3307009591265513e-01	   1.0081521471686294e+00	   1.0808898378960938e+00	   1.1155318407832722e+00	   7.5129253785876360e-01	   2.4113742049008964e-02	   7.5781529852929019e-02	   3.7984050977079026e-01	   3.5161892752639545e-01	   3.4302382457277575e-01	   1.9568103995322134e-01	   9.1183603337453498e-02	   4.7753789250580422e-02	   5.1802864266788029e-01	   3.8734266079233332e-01	   2.6362454024113285e-01	   3.6412182316000397e-01	   1.0473662923018721e+00	   1.0485616898609691e+00	   5.6533783239208968e-01	   6.7251332074539349e-01	   6.1969940038344662e-01	   8.5271337361810406e-01	   2.6533928226554604e-01	   3.6720163322410465e-01	  -1.1206446791764724e-01	   4.8030643030631504e-01	   6.0264806875755017e-01	   3.6736568717622642e-01	   4.5950571870381224e-01	   2.6072644745660978e-01	   7.5381611933007564e-01	   8.1689865370915360e-01	   2.5081376165170866e-01	   2.3251431893327149e-01	   3.4164760775308023e-01	   3.6904363471828716e-01	   6.5963736124739270e-01	   7.8311768749488742e-01	   8.4021315664925755e-01	   9.2998625703294691e-01	   1.7476426681094386e+00	   1.6811031988844869e+00	   1.0755498584794458e+00	   9.4054136262216947e-01	   9.7771680724300480e-01	   6.3043227714261452e-01	   1.1876471651491063e+00	   9.7682050977147161e-01	   3.1897100953326363e-01	   4.1631478490471557e-01	   6.4162350400013124e-01	   6.1971844081942962e-01	   1.0857862437369470e+00	   9.5288297152364421e-01	   5.4125741157419760e-01	   7.1310081969155203e-01	   8.4425606450374613e-01	   6.3668380188453066e-01	   9.6600420081743898e-01	   6.9287370091678879e-01	   8.3325798534450857e-01	   8.7200761693344275e-01	   6.5242125537644025e-01	   3.8124102708702473e-01	   7.5480131315730647e-01	   8.7451925121730900e-01	   7.2020653413583446e-01	   3.3061970330624796e-01	   6.8070858026858139e-01	   8.5216174360451213e-01	   4.1958616539275850e-01	   2.1237198088679893e-01	   7.2545222437021228e-01	   9.3121941896880545e-01	   6.1526187993354753e-01	   5.5167291424413756e-01	   2.6812339678856817e-01	   4.4406761976180348e-01	   9.0775194776879856e-02	   1.7741141740326979e-01	   4.2105386970335784e-01	   6.5069460668482526e-01	   7.8408838189689811e-01	   9.3120554123098309e-01	   1.5741734123642331e-01	   4.9556832441202497e-01	   1.8730089339307252e-01	   3.2416388314413103e-01	   2.3802569223119871e-01	   3.6291381331924472e-01	   5.8456967958207547e-02	   3.8785786619511831e-01	   2.8886828796587333e-01	   3.6091207885840093e-01	   9.2216995476213082e-01	   7.6375440172775355e-01	   5.9220547342460395e-01	   4.6361795344225609e-01	   2.2645959865526077e-01	  -7.0005925899915458e-02	
   1.8346943778548392e+00	   0.0000000000000000e+00	   3.2835116714559787e-01	   4.0675253366494724e-01	   1.9915437972079675e-01	   1.5206807536531133e-01	   4.7319040357448527e-01	   5.1928512663901605e-01	   1.3684465583321975e-01	   1.6810642556629823e-01	   8.6178712310542882e-01	   1.0216496832780875e+00	   6.3410373845084089e-01	   6.1455648615325376e-01	   3.6751964635399781e-01	   3.1613541602045458e-01	   9.6070669621098737e-01	   1.0813331688327790e+00	   1.0091745982368108e+00	   6.4225474504246516e-01	   2.1743331262051638e-02	   5.6688769966478564e-02	   3.4246990035569064e-01	   3.0329001847840864e-01	   3.4699872628666484e-01	   1.9137459688706474e-01	   7.3199150601415755e-02	   4.1208437750595031e-02	   4.6949331634624297e-01	   3.8442727698217305e-01	   1.9416004007004226e-01	   2.9208359910814413e-01	   1.2228798002910712e+00	   1.1704013226366761e+00	   6.4663473051912990e-01	   7.2943008805769605e-01	   6.1792147263385222e-01	   9.2394964213594399e-01	   2.3735432703938517e-01	   3.8314479582658767e-01	  -1.3610248721721507e-01	   4.9823665261302619e-01	   5.7352861174787706e-01	   3.6726860239839282e-01	   5.0544993319318032e-01	   2.6761090692728684e-01	   7.5193953986981621e-01	   7.7792531581827373e-01	   2.8569524748860153e-01	   2.7076083879033297e-01	   3.2311267590246384e-01	   3.5745412218066691e-01	   6.3946486285006188e-01	   6.9185488871912715e-01	   8.3869369066060995e-01	   9.1412797166131043e-01	   1.9432027286858633e+00	   1.8108533624195817e+00	   1.0380402123971231e+00	   9.1037335433321198e-01	   1.0449816839646473e+00	   6.9083462628540759e-01	   1.1870125420504714e+00	   1.0682811712353357e+00	   3.6498394131052386e-01	   4.3219336145310405e-01	   6.6963489902297357e-01	   6.2369401216886278e-01	   1.1455022245709556e+00	   1.0133574577561528e+00	   4.2410517006305604e-01	   6.1529591542898854e-01	   7.4549449474118423e-01	   5.4594387685014389e-01	   8.8950586770384121e-01	   6.0822968496491914e-01	   8.1688296866726640e-01	   8.7493308111504497e-01	   7.0056473731303226e-01	   4.1451509093300259e-01	   7.3672004400729796e-01	   8.9986611160932717e-01	   6.9787000710843050e-01	   3.3381757820873420e-01	   6.5772546362914142e-01	   8.6884867103117036e-01	   4.0173375007900042e-01	   2.1756552249916741e-01	   6.7058981017737085e-01	   1.0367565912219456e+00	   6.6845260675581053e-01	   6.1277907403414211e-01	   3.0416458551548536e-01	   4.6645513112299569e-01	   1.1296752510442179e-01	   2.2040483025495824e-01	   4.8563837444099733e-01	   6.8681405055553757e-01	   8.3678747486630978e-01	   9.2645892914061712e-01	   1.7501485514987772e-01	   4.8924059143141785e-01	   2.0484638186133233e-01	   3.0731099050401378e-01	   1.9842559940450383e-01	   3.2782963444590435e-01	   9.9383378610676143e-02	   4.1188421952630361e-01	   3.1039145763881826e-01	   4.6338477938596812e-01	   9.7514242775218107e-01	   8.0506316963587921e-01	   5.8313844308482066e-01	   4.3781211878224513e-01	   1.9936178018036477e-01	  -7.7590981745749688e-02	
   3.7460250425640262e-01	   3.2835116714559787e-01	   0.0000000000000000e+00	   1.4231723702888401e+00	   1.9508781608914438e-01	   4.6797535222480813e-02	   1.5250482311753042e+00	   1.3258046318241645e+00	   1.4473582037378882e-01	   9.2670823238306721e-02	   1.0027394133005154e+00	   7.2083636670494056e-01	   1.0369282861128479e+00	   9.4803668928803353e-01	   4.5495905282576005e-01	   1.0920615194629713e-01	   2.9290030029649261e-01	   1.9800129946455280e-01	   6.6283280449251802e-01	   5.6483364569705119e-01	  -2.7433292660761088e-01	  -2.5433423035177471e-01	   1.9927498178069767e+00	   1.7868486599283895e+00	   2.1868002108789802e-01	   2.8573330714432219e-02	   1.9514572793135333e-02	  -8.6538335770105723e-02	   1.4118133661197091e-01	  -1.3240590050536524e-01	   5.6148493191040538e-01	   9.1341353534430103e-01	   2.7035826194243417e-01	   3.4959583694637864e-01	   4.6239095533441954e-01	   5.5992691053295340e-01	   2.6622379506999888e-01	   6.5345218358577220e-02	   3.2273554678207517e-01	   5.7387448739490074e-02	   5.5614441459418441e-02	   2.8447764101824754e-02	   8.7788208988303773e-01	   8.8834369342677788e-01	   1.0218052282061392e+00	   1.1104344041282446e+00	   5.8493245377707670e-01	   6.3256211881012936e-01	   8.9880404274423931e-01	   1.0984580302701759e+00	   9.2042547776574546e-01	   1.1268644048770933e+00	   6.0379824537764892e-01	   7.3605552930299389e-01	   5.9635378536945804e-01	   5.7860022482101081e-01	   1.8656565797154090e-01	   1.3837950788505710e-01	   5.8344339789138977e-01	   5.8865501127523512e-01	   4.0662642938175475e-01	   3.0477665553454392e-01	   1.7576228094993296e-01	   2.9386093447863754e-01	   6.8727378230544689e-01	   7.4442668923621991e-01	   6.5215565593372216e-01	   7.8065951948111389e-01	   2.9124126653101828e-01	   2.2519062269670548e-01	   3.3791884976459868e-01	   2.5301335942351544e-01	   2.2223545267824735e-01	   4.7112796773147309e-02	   1.5165009466351118e-01	  -3.6774381976172950e-02	  -8.1967685790278355e-02	  -8.0660446617370693e-02	  -7.3986152715511205e-02	  -1.2624720166201686e-01	   4.4388621323040889e-01	   2.5871209237336024e-01	   4.6660019835728866e-01	  -8.0246568708341112e-02	   6.0947437649125569e-01	   7.7203537334370065e-01	   3.5591042267445322e-01	   2.4375889433952219e-01	   4.8754417076225998e-01	   6.4108614984428525e-01	   1.6671207199887764e-01	   2.4316749270000332e-01	  -9.9919739163900179e-02	   6.0480041374239658e-02	  -1.6309260703072487e-01	   1.5633175401486435e-01	  -4.4745979873729282e-02	  -8.7098050885233314e-02	   1.6131136811149754e-01	   3.5971011425722715e-01	  -3.6274511437797741e-01	   1.1670930140772513e-01	  -3.1489137939927986e-01	  -7.9760041000444745e-02	  -3.8788462051748657e-01	  -2.6445724731678250e-01	  -5.4024736003288010e-01	  -2.4069698877506551e-01	   3.2355011694888879e-02	  -1.0927095590263568e-01	   4.0190077423298970e-01	   3.8561489998138082e-01	   1.7024221597282477e-01	  -9.9130722692444537e-02	  -3.7214555364468804e-01	  -4.6764729337572791e-01	
   4.6249501319517589e-01	   4.0675253366494724e-01	   1.4231723702888401e+00	   0.0000000000000000e+00	   3.4845088677094022e-01	   2.8427061614593607e-01	   1.6930151602003070e+00	   1.6607599863091227e+00	   3.0466311612780506e-01	   2.9535948831854036e-01	   9.2450478308383022e-01	   8.3779194394299417e-01	   9.6041227920497674e-01	   9.4094474455986432e-01	   6.1038170484169985e-01	   3.3137276240910218e-01	   2.9696900876203236e-01	   2.5815322857334966e-01	   7.2237094480974018e-01	   6.8145671465596247e-01	  -8.8456236685707679e-02	  -4.2869009177554734e-02	   1.4031879954695983e+00	   1.6220471368486258e+00	   3.8882788332803597e-01	   2.4596880786925984e-01	   2.3226104890029042e-01	   1.3304642860727423e-01	   1.9808833487977626e-01	  -9.9639066070384863e-02	   5.5329023835123825e-01	   8.7229702367431061e-01	   4.0915814840404507e-01	   5.0825239793206922e-01	   5.5268034950282297e-01	   7.6062485777893074e-01	   3.6024672268394736e-01	   2.1309688240687352e-01	   3.3012805783349408e-01	   5.8488870890747217e-02	   2.0258575656465933e-01	   1.7371284457150035e-01	   8.3673952709298482e-01	   7.0999154169223744e-01	   9.8304334211537381e-01	   9.6426329271876055e-01	   5.9688338631517612e-01	   6.8264534212089278e-01	   8.3960643317194128e-01	   8.4961897826480115e-01	   9.0677917277160835e-01	   1.0545568708320598e+00	   6.8759997228057090e-01	   9.3209966524893018e-01	   5.6464577052234788e-01	   5.6707412996544204e-01	   3.1129707545222696e-01	   2.5964272980291303e-01	   7.0830708126252429e-01	   8.9641485785641184e-01	   5.2406225409371321e-01	   5.6628605628308848e-01	   2.9802995787318970e-01	   3.9926880149141208e-01	   6.3992494247016918e-01	   1.0354008867987967e+00	   8.5771934910918957e-01	   1.0954687830701171e+00	   4.6243798967871025e-01	   4.3579621720582029e-01	   3.1182400295051199e-01	   3.8972765748193677e-01	   2.6568422415861798e-01	   9.9965260680564619e-02	   1.9060640642395571e-01	   2.2592754307696028e-02	  -4.0739154925985378e-02	   2.5318760990399754e-02	  -3.1762876060187094e-02	  -2.2646050151941632e-01	   3.9725349497821483e-01	   3.0316452673257221e-01	   5.2653861701553362e-01	   5.7067454629484721e-04	   7.1569684977488834e-01	   9.5517553610947170e-01	   2.9488452741134763e-01	   1.0282828436023382e-01	   6.0518614152871897e-01	   6.7334800438453601e-01	   3.8096980511467965e-01	   4.2397262876335584e-01	   8.9761465451196315e-02	   2.3855868846031750e-01	   7.4615449470387452e-02	   3.1499308924570446e-01	   1.1854601594035613e-01	   7.7177927313575520e-02	   3.3628260597996934e-01	   5.0359272886492645e-01	  -1.5962468873584340e-01	   3.1625319395356027e-01	  -7.8302943679411374e-02	   1.6354996966007718e-01	  -9.2500973842629050e-02	   5.1569233752001955e-03	  -2.8597031477700696e-01	  -4.7325940962637120e-02	   1.7796250568625482e-01	   2.4938762250502036e-02	   5.1399847770846741e-01	   4.9581349801478358e-01	   2.6980071076807921e-01	   8.5192837969701229e-02	  -1.5170044783385969e-01	  -2.6488655695785562e-01	
   1.8784984777601363e-01	   1.9915437972079675e-01	   1.9508781608914438e-01	   3.4845088677094022e-01	   0.0000000000000000e+00	   1.7691219619041065e+00	   4.2541695621035791e-01	   2.5445862213003256e-01	   2.1577301601347356e+00	   1.9118483164995754e+00	   1.5297889629801603e-01	   3.0536499082849761e-01	   4.2408748160886557e-02	  -3.1878569412267854e-02	   6.9865272991025484e-01	   8.0946316969014442e-01	  -1.8663321233023315e-03	   3.3617820569253706e-02	   8.6896022551508662e-02	  -3.5910411148003835e-02	   8.8043970753811629e-01	   9.1832810354300054e-01	   1.9742449841491230e-01	   2.4327068049915571e-01	   1.6675387437122058e+00	   1.7558791816879711e+00	   1.2885380515605032e+00	   1.1047863294262932e+00	  -1.5558069805371614e-02	  -6.3246925243453128e-02	   4.4641273973493439e-01	   2.9241373734957138e-01	   1.2753005008899401e-01	   1.1330905811993441e-01	   2.2692771179875793e-01	   3.2429755468618127e-01	   1.9577300093222894e-01	   1.9317580750098098e-01	   2.9055209086918388e-03	   4.0848791285327223e-02	   3.2323749866840862e-01	   4.8494800837580432e-01	   3.6694957950550566e-01	   1.3126355108199569e-01	   3.7008260290522904e-01	   2.2604900421412677e-01	   4.4735730568178345e-01	   3.6693417414185964e-01	   3.4562915906751723e-01	   3.0470368311288459e-01	   2.8415721336196470e-01	   2.9515392134780760e-01	   4.2132815207328289e-01	   4.3842278207936219e-01	   1.2810524749851213e-01	   1.1285743480172455e-01	   2.3240621355577049e-01	   1.4283510050463435e-01	   4.0423242582352414e-01	   5.1054204287849270e-01	   3.3415961955032170e-01	   2.0908351141320269e-01	   2.4602875381734063e-01	   1.7587899450850336e-01	   1.0182801471151867e-01	   2.7876729183387827e-01	   5.7031740130889907e-01	   5.4810224290348974e-01	   5.4760193574866389e-01	   5.8398240648249256e-01	   1.2139288980826038e-01	   5.1185560104709293e-01	   3.3013354328981492e-01	   1.8821955567670515e-01	   3.0274477531883187e-01	   1.9293046617356380e-01	   1.2215993940324125e-01	   1.8102429495404077e-01	  -9.1358404548126632e-02	  -2.9112256501413386e-01	  -1.8678394649120883e-01	   2.3251828723165939e-02	  -1.1267908208574469e-02	   8.1299016023524587e-02	   3.9175032153710272e-02	   1.6467425588747428e-01	  -3.9003407717763067e-01	  -4.1771745655293741e-01	   8.8747936478316414e-02	   4.4523522706344201e-02	   8.8794749520245608e-01	   6.5863572373598922e-01	   7.5950895691368892e-01	   7.1345316204973774e-01	   2.1909804999207483e-01	  -1.9273728185727032e-01	   4.0849221868003727e-01	   3.0285276198641198e-01	   7.4315638553960317e-01	   6.6336329145048700e-01	   5.0614964206573909e-01	   6.8676210457004128e-01	   5.2660529486015017e-01	   5.9770998195902947e-01	   4.0333127331888863e-01	   4.1504064750135505e-01	   5.0668457974483383e-01	   4.9303956994901776e-01	   2.8152447568555794e-01	   1.1773842723646427e-01	   4.5161702968960338e-01	   5.6913070763647400e-01	   4.5178398345988380e-01	   5.2614454453750548e-01	   3.5565790964543831e-01	   7.3200087301258709e-02	
   1.6274452314485890e-01	   1.5206807536531133e-01	   4.6797535222480813e-02	   2.8427061614593607e-01	   1.7691219619041065e+00	   0.0000000000000000e+00	   3.0779281794235436e-01	   1.9258181396896309e-01	   1.5224141704600160e+00	   1.9688818250993081e+00	   5.3098721739967839e-02	   2.2461974983004596e-01	  -6.4220068053223042e-02	  -1.0381643591408803e-01	   5.7478361250747301e-01	   8.8342776690964553e-01	  -3.6059167525677525e-02	   1.6933921588960111e-02	   5.4382158531789014e-03	  -5.8916188187501634e-02	   1.0067402621416233e+00	   1.1004808325727427e+00	   5.8385175131571064e-02	   1.1779494053687303e-01	   1.3582100624122029e+00	   1.8450625308934343e+00	   1.4178588862219033e+00	   1.2599302890939637e+00	   6.3711476027287573e-03	   1.8742764035783606e-03	   3.9289939392823026e-01	   2.0458552583302145e-01	   1.1365103786713246e-01	   1.1037246799674677e-01	   1.7959807722251375e-01	   2.9379787760613379e-01	   1.5612279409485835e-01	   1.7451446432500187e-01	  -5.9281197170406752e-02	  -1.9204369331673441e-02	   3.0006200607006539e-01	   4.6331571357679158e-01	   2.4490556222840029e-01	   1.3238657111303193e-02	   2.2207071284510727e-01	   1.1229588428025522e-01	   3.2710520767523699e-01	   2.6633032542480028e-01	   2.0704056650434452e-01	   1.3829438450990367e-01	   2.1041873949403983e-01	   1.9288740475166830e-01	   3.6667977218212278e-01	   3.9211385008193517e-01	   4.7830850634737153e-02	   7.0930297896660980e-03	   2.2286220838103088e-01	   1.4504862150527292e-01	   3.3493552907161833e-01	   4.6762320990806683e-01	   2.9867808120081279e-01	   2.4626352492737458e-01	   2.3541084250798128e-01	   1.2014799174761029e-01	   5.2225542394925772e-02	   2.5299500813807341e-01	   4.6773022741460046e-01	   4.8169551954354795e-01	   4.9565433444449764e-01	   5.6521270353354358e-01	   1.1964185079081474e-01	   5.2667135762034922e-01	   2.8301130453785944e-01	   2.0182424763946993e-01	   2.5572891466552572e-01	   2.0904624584410736e-01	   1.4716826898292293e-01	   2.2504715988933127e-01	  -6.0574811050480737e-02	  -2.8703041230454351e-01	  -2.3960061464096025e-01	  -3.7040754400512210e-03	  -5.9958316235377770e-02	   1.2201988249349971e-01	   2.6704601414867270e-02	   1.1665093170767443e-01	  -4.3510400659640081e-01	  -4.5004074070864042e-01	   8.3746526286784875e-02	  -2.9537246056126971e-02	   8.1962647968903912e-01	   5.9714633762854641e-01	   7.5505841776637883e-01	   6.7394894050756038e-01	   2.3955530893715440e-01	  -1.9621471472988614e-01	   3.8531854020981487e-01	   2.9061636634767263e-01	   6.7269976022452793e-01	   5.5018659465635844e-01	   5.6955421727778421e-01	   7.0675001830017192e-01	   6.2084459005735304e-01	   6.9985960914888234e-01	   5.5206597616525244e-01	   5.3045053500288519e-01	   5.9932773976948051e-01	   5.4413046961817635e-01	   2.8359884682021841e-01	   1.1655207411798574e-01	   3.6007589693587327e-01	   4.7130797213112641e-01	   4.1769014808252936e-01	   5.6535722043398962e-01	   4.6384707109746637e-01	   1.6384228813028384e-01	
   5.3200608475880251e-01	   4.7319040357448527e-01	   1.5250482311753042e+00	   1.6930151602003070e+00	   4.2541695621035791e-01	   3.0779281794235436e-01	   0.0000000000000000e+00	   1.7278511861389036e+00	   3.7771913352147973e-01	   3.1427197980894633e-01	   9.7588849749595874e-01	   8.9982278274561456e-01	   1.1249158300807813e+00	   9.8810455695919108e-01	   7.9901078231273637e-01	   3.9259480063405156e-01	   3.0452824169181492e-01	   3.2038008157237396e-01	   7.4686633827478766e-01	   6.2224386456447212e-01	  -2.7228309006149899e-02	   1.2986089589796012e-02	   1.4694876237825161e+00	   1.4361427429469240e+00	   4.3390439312868684e-01	   2.7377685912584360e-01	   3.0658897885629643e-01	   2.1573234275646352e-01	   1.6375637576829757e-01	  -8.3262483498326184e-02	   6.3020765291982839e-01	   9.1045111991960248e-01	   4.3292513385530945e-01	   4.9799902978147648e-01	   5.9109886834474457e-01	   7.7987401944598578e-01	   3.1810720242157903e-01	   1.7127742340964888e-01	   2.9179515071497053e-01	   1.1189956359789404e-02	   2.0579167880425278e-01	   1.9055059458603629e-01	   9.6266472262187353e-01	   8.3153387898822739e-01	   1.1538063321224163e+00	   1.0436700143343647e+00	   7.3939384181320700e-01	   8.1868096373265420e-01	   9.1818931870228515e-01	   9.1947091898169420e-01	   9.0924938041788383e-01	   1.0426136812756857e+00	   7.0914370635809232e-01	   8.6564382748111701e-01	   6.1348550769491039e-01	   5.7061657060187976e-01	   3.6824326108718408e-01	   3.0030054958760982e-01	   8.4317124706647206e-01	   8.9430599736669514e-01	   5.6909462101710173e-01	   4.4386627104723525e-01	   3.2708286811561021e-01	   4.1015086911957910e-01	   6.1213547738234342e-01	   8.6139391356243833e-01	   9.7542504740983549e-01	   1.1395844770946624e+00	   5.7787191818609041e-01	   5.4996967120061402e-01	   3.5652111891712529e-01	   4.2166836218438664e-01	   3.0783069545688113e-01	   1.1586318419354616e-01	   2.3980894039102379e-01	   4.1006591495968144e-02	  -5.8318940114913511e-03	   5.2919172285085615e-02	  -7.7392360592416108e-03	  -1.4447826858027465e-01	   3.6701539151801799e-01	   3.3804554508172785e-01	   5.9717963776437566e-01	   1.7663994483877440e-02	   6.8726211065405396e-01	   8.3231886838842750e-01	   3.4080220800383554e-01	   4.4108504308854941e-02	   6.4644745869846099e-01	   5.9461860029064495e-01	   4.4577866212828005e-01	   4.9522997555599702e-01	   8.6333955037294213e-02	   2.8758560088688306e-01	   3.9544697201465522e-02	   1.8925249825192383e-01	   1.6457146496357480e-01	   1.1540158001794024e-01	   4.3774733291250312e-01	   6.4681952880018478e-01	  -1.3002587963228107e-01	   3.8679376783805769e-01	  -4.8519007629027715e-02	   2.3231054030529219e-01	  -9.6330127918396943e-02	   3.8136553602040039e-02	  -2.3943494332886928e-01	   2.7509313544884298e-02	   2.5866001517100468e-01	   1.0028742791098910e-01	   6.4831622449845083e-01	   6.3240214513987181e-01	   3.4095117274459469e-01	   1.3634484259842009e-01	  -1.1039530147562793e-01	  -2.9968236450139285e-01	
   5.4168900200975334e-01	   5.1928512663901605e-01	   1.3258046318241645e+00	   1.6607599863091227e+00	   2.5445862213003256e-01	   1.9258181396896309e-01	   1.7278511861389036e+00	   0.0000000000000000e+00	   2.0643960527291552e-01	   1.8734555684283508e-01	   9.5639014355747798e-01	   9.8982494709806079e-01	   1.1716630676373603e+00	   1.2185251600559128e+00	   6.8760770217886846e-01	   3.5249333097122698e-01	   3.7453507652975043e-01	   4.0399162312026959e-01	   7.7656147429246936e-01	   7.3351917714406034e-01	  -1.4213883794122753e-01	  -9.2169093094857740e-02	   1.2875823564605857e+00	   1.3432109982106903e+00	   2.5724795378796611e-01	   1.2479279655467419e-01	   1.8004296633504863e-01	   1.1608003807807196e-01	   2.1311247608593448e-01	  -3.3255285762977681e-03	   5.5703232783340950e-01	   8.4453620108682914e-01	   5.2957608725804284e-01	   6.2680830274893662e-01	   6.3380460520302073e-01	   8.9027497624154184e-01	   3.2069130185304351e-01	   2.0835478022938023e-01	   2.8461084273366755e-01	   2.7630617446050752e-02	   8.7872262278564747e-02	   1.6792363299226767e-01	   9.2345960728879350e-01	   8.7642051557593115e-01	   1.1398450397807183e+00	   1.0753468635381378e+00	   6.9638769852859672e-01	   8.0395863239592413e-01	   8.4127164564660672e-01	   8.7785460410580018e-01	   8.8422779085659742e-01	   1.0276822365553784e+00	   6.9828242939437324e-01	   8.2387958179310228e-01	   6.4747035116309049e-01	   5.9475773338881466e-01	   3.9425411155201534e-01	   3.3663873258437138e-01	   7.7820732643715906e-01	   8.6899022424606354e-01	   5.6773176007710724e-01	   5.6315520064607749e-01	   3.5747408659747054e-01	   4.8348056829717834e-01	   6.9095968224782933e-01	   9.8412381980751862e-01	   8.6581682753938138e-01	   1.0798139584185564e+00	   5.2361590035515770e-01	   5.1282032615848849e-01	   4.4284647338610955e-01	   3.8838792525912391e-01	   2.6756444682000075e-01	   1.1549984535423155e-01	   2.0058800492528472e-01	   1.6820657781766352e-02	   4.6041973583168458e-03	   8.1616697868161989e-02	   6.9380743868830141e-02	  -6.7542265102763746e-02	   4.6274608490193658e-01	   4.2909699782519528e-01	   6.9143371001549891e-01	   7.1594330012408822e-02	   7.5965350758186601e-01	   9.5695832384767454e-01	   4.6895483571275498e-01	   1.5784235591613496e-01	   6.3756711069580607e-01	   6.8184181174792258e-01	   3.6888247829778914e-01	   4.2157388408812196e-01	   9.2409303127282318e-03	   1.8471551584480086e-01	  -5.3819159931222642e-03	   2.6660726623208736e-01	   1.2644850901059226e-01	   1.0600083825910429e-01	   3.8324660626421780e-01	   5.4806806924052065e-01	  -1.9821309472553902e-01	   2.8760618109968406e-01	  -8.1838418900611887e-02	   1.6461105680716800e-01	  -1.3573775423004378e-01	  -1.6382102357541766e-02	  -2.9277009441452650e-01	  -5.1159994171790971e-02	   2.0216404491818044e-01	   1.4131042780723244e-01	   6.1171197882124773e-01	   6.0137281533816944e-01	   3.1792807723344296e-01	   6.6293280097928689e-02	  -1.5590906034050356e-01	  -3.2444079326211861e-01	
   1.1320425576104201e-01	   1.3684465583321975e-01	   1.4473582037378882e-01	   3.0466311612780506e-01	   2.1577301601347356e+00	   1.5224141704600160e+00	   3.7771913352147973e-01	   2.0643960527291552e-01	   0.0000000000000000e+00	   1.7622264324336008e+00	   7.3153208110470991e-02	   2.2690877850985600e-01	   1.3142958270440102e-02	  -6.6095001883664475e-02	   7.1965588604712361e-01	   7.9995268995447533e-01	  -5.9160074362446038e-02	  -2.3830343953114477e-02	   4.7901486503031165e-02	  -8.0241020786715564e-02	   8.7704249093359132e-01	   9.2273174103183098e-01	   1.5949251103077050e-01	   2.0621241989581476e-01	   1.4221019182206101e+00	   1.6037330284837257e+00	   1.2383147064105267e+00	   1.1101811421430170e+00	  -7.4865722987561861e-02	  -9.8376203214511460e-02	   3.6924690998123805e-01	   2.2298720540695491e-01	   1.0831907986890689e-01	   7.8233184148932627e-02	   1.9393057604525882e-01	   2.6433325358727860e-01	   1.0459043126121390e-01	   1.2912072317528378e-01	  -7.2854708769339152e-02	  -5.9505073384350335e-02	   3.5942031557767512e-01	   4.2453530814210372e-01	   2.9724097882113798e-01	   8.2602908965325281e-02	   3.2900617957763123e-01	   1.6243206634804816e-01	   3.8663179635519046e-01	   3.0087552681029128e-01	   3.2395696719860823e-01	   2.4663672765889755e-01	   2.0865955455870064e-01	   2.1406584218178759e-01	   3.3948531878883381e-01	   3.2943908696037461e-01	   3.1980902149206604e-02	   9.2017136924526458e-03	   1.6863895735772275e-01	   8.8242029580938727e-02	   3.4276116937237733e-01	   4.4128957201124575e-01	   2.6753697294346285e-01	   1.6470732785824463e-01	   1.8995166474587233e-01	   1.2333201739210330e-01	   5.4926850494046157e-02	   2.2918185780509751e-01	   5.3760156947126159e-01	   4.8494612556019384e-01	   5.1350538958235081e-01	   5.7063884037269541e-01	   9.3209522089263072e-02	   4.3880854362822908e-01	   2.4114534426305997e-01	   1.2762558797646975e-01	   2.1643457603790558e-01	   1.2819808491350435e-01	   5.2006473262203270e-02	   1.2146287435367727e-01	  -1.2506063110151597e-01	  -3.1228749731017574e-01	  -2.4423156200357693e-01	  -1.4981703616564906e-02	  -3.6436290753065287e-02	   4.8404056773733099e-02	   7.2070807870143680e-03	   1.1241877959020860e-01	  -4.1007646709727974e-01	  -5.1823990890434135e-01	   5.8065679590298097e-02	  -3.2793025348652728e-02	   8.1301972463033401e-01	   6.0050644311307921e-01	   7.0130174144194812e-01	   6.7803444775023480e-01	   2.7319764858096202e-01	  -1.7913691901580694e-01	   4.1076952453578441e-01	   2.6664214677916320e-01	   6.8717267031086016e-01	   5.8537219997833612e-01	   5.0373966160041073e-01	   6.6201415561958388e-01	   5.4544530982874107e-01	   6.1500061051072552e-01	   4.3812911079224859e-01	   4.3202027576533680e-01	   5.1459806046663459e-01	   4.4484087044675047e-01	   2.8941868779675611e-01	   1.3516065720169532e-01	   4.2279093709737231e-01	   5.1278679171841879e-01	   3.7851198917400092e-01	   5.0130771035703581e-01	   3.6246955360449595e-01	   8.6909496913994383e-02	
   1.4864980219741220e-01	   1.6810642556629823e-01	   9.2670823238306721e-02	   2.9535948831854036e-01	   1.9118483164995754e+00	   1.9688818250993081e+00	   3.1427197980894633e-01	   1.8734555684283508e-01	   1.7622264324336008e+00	   0.0000000000000000e+00	   9.5074659785398030e-02	   2.2631709721941418e-01	  -4.6706022006728673e-02	  -8.2988960051671848e-02	   5.2952834638115065e-01	   7.9398333530602272e-01	  -4.2419983911172549e-02	  -5.5973304097455386e-02	   1.6249571924342471e-02	  -8.2108940860310717e-02	   8.4302959520120790e-01	   8.8876472659858674e-01	   1.0237938362673524e-01	   1.6829062201389972e-01	   1.4623344485337157e+00	   1.6450717394246732e+00	   1.1285877350096469e+00	   1.0037501725502218e+00	  -5.2323435345609098e-02	  -9.8951707561195618e-02	   3.2299633534713684e-01	   1.7288113591034804e-01	   9.1904079975734285e-02	   7.4925618838453972e-02	   1.6995667173787743e-01	   2.5872922584960134e-01	   1.6991464619221169e-01	   1.9987490570541006e-01	  -1.0024170067325523e-03	   4.1496188797862550e-02	   3.2357259563021590e-01	   4.4646153797652122e-01	   2.8179370653965419e-01	   4.9610480526657008e-02	   2.6839692902877155e-01	   1.4148897868731641e-01	   3.7203336740594156e-01	   2.9555329265225150e-01	   2.8732594796234256e-01	   2.3011227378935023e-01	   2.6480234623963783e-01	   2.4713833958877876e-01	   4.2808550759177255e-01	   4.3907238561994666e-01	   1.1356558943032401e-01	   8.3046610798988910e-02	   1.9875941722036106e-01	   1.2243715989741928e-01	   3.3767154971558855e-01	   4.4993213904157958e-01	   3.0909177596422621e-01	   2.1450975872951639e-01	   2.1469871951655847e-01	   1.2263424484914055e-01	   7.8254047204732904e-02	   2.3243567377359053e-01	   4.6964428967558158e-01	   4.5938867278838369e-01	   4.8747127901971177e-01	   5.3095707874700027e-01	   7.5922922669191872e-02	   4.5239594143298495e-01	   2.6710529319997056e-01	   1.4834218870865695e-01	   2.4290257419328048e-01	   1.6256888547697085e-01	   1.0714690342177063e-01	   1.6801015119552826e-01	  -1.0495164802027047e-01	  -3.5536576830705491e-01	  -2.0948876612049341e-01	  -4.3864341012716940e-02	  -1.0201043565171244e-01	   3.3806649180364315e-02	   3.0504711357645545e-03	   1.5683834004347003e-01	  -4.9818758933184804e-01	  -4.5135744816965317e-01	   5.1458431366749505e-02	   5.3315350486245888e-02	   8.3142650179236133e-01	   6.3488388662501261e-01	   7.3828722974577621e-01	   6.9198207357715058e-01	   2.5562844147775315e-01	  -1.3148427255315021e-01	   4.1658467135768712e-01	   3.0649001541088200e-01	   6.6558018217177195e-01	   5.7223337068080538e-01	   5.0402596049584625e-01	   6.5788982291771025e-01	   5.3116184491453655e-01	   5.9674882012800479e-01	   4.3567375323582141e-01	   4.1745241975727704e-01	   5.0243468358246102e-01	   4.5480682178051102e-01	   2.4568657112849346e-01	   7.4230386199404003e-02	   3.6732016916565485e-01	   4.8212388424885516e-01	   4.1294848012773794e-01	   4.9951772975103736e-01	   3.8053597197847810e-01	   1.2541577993903644e-01	
   1.0005961712210201e+00	   8.6178712310542882e-01	   1.0027394133005154e+00	   9.2450478308383022e-01	   1.5297889629801603e-01	   5.3098721739967839e-02	   9.7588849749595874e-01	   9.5639014355747798e-01	   7.3153208110470991e-02	   9.5074659785398030e-02	   0.0000000000000000e+00	   1.1878104240054630e+00	   1.2571237216555589e+00	   1.1197036322245857e+00	   3.7996824912107591e-01	   2.3477824427025937e-01	   8.9077476765015984e-01	   6.3902184245222082e-01	   1.0713076224576987e+00	   9.0470759555640923e-01	  -1.5660230039972686e-01	  -1.2907524888563704e-01	   9.6542179423025232e-01	   9.2014009981384637e-01	   2.8609726003132402e-01	   7.0929055122795862e-02	  -3.9055775561664029e-02	  -1.1637316336036597e-01	   5.5839811085809410e-01	   2.3075881153152017e-01	   4.9154708750913240e-01	   7.5811835717878306e-01	   6.3614956409231149e-01	   7.6172645535509820e-01	   5.6718785928560245e-01	   6.8344073606160483e-01	   6.1569686651533295e-01	   5.7826501668168895e-01	   4.7796868840280488e-01	   3.8953016055970924e-01	   4.3172972481077258e-02	   3.9729848457402467e-01	   9.5482773528584675e-01	   8.0108198009720288e-01	   8.1525072293185685e-01	   7.6597312981158971e-01	   8.1667988806603287e-01	   9.4006216869701809e-01	   5.9540466245667556e-01	   7.1852569522538323e-01	   7.2083491318611526e-01	   8.4067520633220527e-01	   7.2234837453158707e-01	   1.0792139965487482e+00	   9.0033575036327829e-01	   1.0629685294833462e+00	   7.2774016003590591e-01	   6.8928638858333158e-01	   8.4583290087701313e-01	   8.1141348811735259e-01	   8.2667537038411743e-01	   6.3303553621903275e-01	   7.3834315834444064e-01	   7.7611707891001558e-01	   6.1647034337511608e-01	   7.4329773565510471e-01	   6.3021503386018407e-01	   7.5220697686395932e-01	   5.4295092523654287e-01	   4.6276747088779291e-01	   5.8345370881162151e-01	   6.2612339388122140e-01	   8.0978086825664441e-01	   5.4450467400901981e-01	   7.4420766746167288e-01	   5.0668662997938396e-01	   4.6628347922350821e-01	   4.4783222370692477e-01	   3.7904749190930220e-01	   1.1547280522245723e-01	   9.1252523360640336e-01	   7.0229218370682234e-01	   7.1599864851382622e-01	   1.7289707404724367e-01	   7.9499200677946447e-01	   1.1948456084135270e+00	   5.2645862512885033e-01	   3.9032377000866053e-01	   5.9675879521282127e-01	   1.0412389746350943e+00	   2.5780233235214356e-01	   2.4054265545578013e-01	  -5.7513965000161038e-02	   1.0082348916996164e-01	  -8.8400739209775744e-02	   2.4613919669812817e-01	   1.5433084917641623e-01	   2.6392354498193588e-01	   3.5689760908964641e-01	   5.6293407030452780e-01	  -2.0747886400523860e-01	   1.6861229163557104e-01	  -1.8076625394462773e-01	  -2.2096714934381378e-02	  -1.9505384395736222e-01	  -9.7125166708119715e-02	  -2.9738410348259692e-01	  -3.1880184146236001e-03	   1.2912267744533854e-01	   6.1533846034289817e-02	   6.2786944738107520e-01	   5.0079398935142905e-01	   2.6042325129686156e-01	   4.1503057936481881e-02	  -1.8899261133878975e-01	  -3.3281686324845250e-01	
   1.0568696584439559e+00	   1.0216496832780875e+00	   7.2083636670494056e-01	   8.3779194394299417e-01	   3.0536499082849761e-01	   2.2461974983004596e-01	   8.9982278274561456e-01	   9.8982494709806079e-01	   2.2690877850985600e-01	   2.2631709721941418e-01	   1.1878104240054630e+00	   0.0000000000000000e+00	   9.6367009647541468e-01	   1.1581013394041486e+00	   6.2900862112569134e-01	   4.9408698724345290e-01	   8.3266298771719249e-01	   9.7497255391896642e-01	   1.1524170417345401e+00	   9.7992985600385862e-01	   3.1809335953605335e-02	   8.4972934681715517e-02	   7.5072049643612693e-01	   7.9837131213574541e-01	   4.1149126537300257e-01	   2.3696344955494858e-01	   1.6893469494171259e-01	   1.1448728925696137e-01	   6.8406569214498325e-01	   4.4071647768565630e-01	   6.4547557913396658e-01	   8.4982894415201737e-01	   8.8923247997402799e-01	   1.0909805755932835e+00	   6.5763359404152133e-01	   9.1028963791681405e-01	   7.7499710828378077e-01	   7.8191820434483306e-01	   5.0186192857174539e-01	   4.6447499241727419e-01	   1.0376179992010272e-01	   6.0268312529259127e-01	   9.5279087106612881e-01	   7.3651119882098803e-01	   8.0667274061735850e-01	   7.1281977521353002e-01	   9.3358710289253799e-01	   1.0807007354320879e+00	   4.9622299834618155e-01	   5.7254058354308535e-01	   6.1282593430131715e-01	   6.9742980975277458e-01	   7.0205545055174068e-01	   9.4623404331962713e-01	   8.5898082604584047e-01	   9.5208387568475450e-01	   8.7431462021840434e-01	   8.4584248871091561e-01	   8.6417206337052410e-01	   9.7696386944799440e-01	   8.7323183762186574e-01	   9.2725001857705436e-01	   9.8170140333527400e-01	   1.2360623461248621e+00	   5.0818790147008785e-01	   8.3506954896241425e-01	   7.2776995341119566e-01	   9.1624820461022438e-01	   7.3335525188784645e-01	   6.9693083491964836e-01	   5.5209101886045719e-01	   8.1661657078571837e-01	   8.5597687935670097e-01	   6.2403037947261641e-01	   8.0737491152774277e-01	   5.5219001854599314e-01	   6.0082614184823546e-01	   6.5818417430476439e-01	   4.4009288067052016e-01	   1.8329401803023121e-01	   7.1395300389263683e-01	   8.0944200043439507e-01	   8.4573580140242655e-01	   3.9517013942983492e-01	   7.8814967728696672e-01	   1.1380223718999745e+00	   4.4089276224963936e-01	   2.8958016010034060e-01	   5.6021363874406660e-01	   8.6260739080310600e-01	   5.3348120836596036e-01	   4.3142917065860664e-01	   2.0832241355658587e-01	   2.9921741072458902e-01	   1.5927322814550524e-01	   3.0144187911475762e-01	   3.9581886920559572e-01	   5.3588695668508679e-01	   6.5347891598297336e-01	   8.1226025546104474e-01	   5.7464596278172686e-02	   3.2715915303901089e-01	   1.1390106631510290e-01	   2.1710157683011266e-01	   8.9501881726012866e-02	   1.8033056480234474e-01	  -4.0144601290731359e-03	   2.5245358048453903e-01	   3.8162813288360775e-01	   3.3137660681234710e-01	   8.7734095694925951e-01	   7.5806616099154156e-01	   5.3632149877475765e-01	   2.9603710496291197e-01	   8.0221973749801390e-02	  -2.0565507923634660e-01	
   7.0443287257132092e-01	   6.3410373845084089e-01	   1.0369282861128479e+00	   9.6041227920497674e-01	   4.2408748160886557e-02	  -6.4220068053223042e-02	   1.1249158300807813e+00	   1.1716630676373603e+00	   1.3142958270440102e-02	  -4.6706022006728673e-02	   1.2571237216555589e+00	   9.6367009647541468e-01	   0.0000000000000000e+00	   1.5175079044700714e+00	   6.7794721747988629e-01	   3.6691810172939948e-01	   5.5664260189773274e-01	   5.1764376529624223e-01	   9.5557256710429972e-01	   8.4028773140879720e-01	  -1.9910337307698583e-01	  -1.6999429776999639e-01	   1.1161760110821737e+00	   9.9652245419010477e-01	   9.9527359001927426e-02	  -6.8661912616148540e-02	   3.7261996516567827e-03	  -3.9427188058678980e-02	   3.4945874450389625e-01	   1.3268429437808274e-01	   4.0462265965998906e-01	   7.1500720161090348e-01	   6.0259303098078454e-01	   6.4082185113726187e-01	   6.9302380617331572e-01	   7.7963017714861260e-01	   3.3945669246679439e-01	   2.9272927424774658e-01	   3.9624053484959754e-01	   1.3507697454943485e-01	   7.2232833124751025e-02	   2.3194923017640157e-01	   8.7519970725285823e-01	   8.6473987367991878e-01	   1.0393783674387331e+00	   8.6876009344279836e-01	   6.9851311445239361e-01	   8.7510011894628159e-01	   6.8160477242487616e-01	   6.6309126269223051e-01	   6.7423641505234733e-01	   7.1271460130843778e-01	   4.5382626588702862e-01	   6.2034047078045718e-01	   6.3110923786313744e-01	   6.7525223460772432e-01	   5.0222121094880556e-01	   4.9226678496096310e-01	   8.5771286198595420e-01	   8.0872257416479620e-01	   7.0235211247515572e-01	   5.6411369212349927e-01	   5.4194563911738181e-01	   5.8899239143436066e-01	   7.0795223101651716e-01	   8.0772222298825591e-01	   8.2450322610799132e-01	   9.0120681647601719e-01	   5.6420432659829334e-01	   5.3032800608976727e-01	   5.1739456401934147e-01	   4.1927019233938717e-01	   4.5706148194156715e-01	   2.9379082685037661e-01	   3.8918914115555736e-01	   2.0713400608413951e-01	   2.0550653728249829e-01	   2.1725507747906875e-01	   2.1718401549160904e-01	   5.6677286144944584e-02	   5.6401521151263168e-01	   5.5076851267512450e-01	   1.0335953949312529e+00	   2.6917666131082268e-01	   7.7701838493125430e-01	   8.3468426660745365e-01	   8.2043508570078683e-01	   3.4702975083555720e-01	   6.1179469174805778e-01	   6.6253810128157620e-01	   2.3900712750214143e-01	   2.7165522448288515e-01	  -1.2230626005772063e-01	   5.5251910630990407e-02	  -5.4054332490358799e-02	   2.3501796558154125e-01	   1.2760350094383199e-01	   1.5949643123311025e-01	   3.4066462632948741e-01	   5.2083481640453200e-01	  -2.1131388108854177e-01	   1.6115344362867526e-01	  -1.0580239927349813e-01	   9.2986331089683363e-02	  -1.5346285933232567e-01	  -5.9152068498391441e-02	  -2.1573188548934766e-01	   5.6713432476343417e-02	   1.4902979507945541e-01	   1.0997810631637969e-01	   6.8955139464078441e-01	   5.1781994931916064e-01	   1.5275088658832592e-01	  -1.4504428491603046e-02	  -1.9246280376387948e-01	  -3.8644955663188957e-01	
