   0.0000000000000000e+00	   1.0541827402688737e+00	   5.1856859247300502e-01	   6.4786105028561891e-01	   2.2335809629913703e-02	   4.2753176381173241e-01	   4.3987153115381294e-01	   5.4118443721763332e-01	  -4.8840941890197699e-02	  -2.2435766515492943e-02	   5.3807658507496270e-01	   7.1190081841676767e-01	   1.4761776005145691e-01	   3.4946760710988867e-01	   4.4621387624543440e-01	   4.1008237048199370e-01	   7.7515835798356825e-01	   8.5066675455931251e-01	   1.2551138330738234e+00	   9.5901491702999675e-01	   3.0351303546380304e-01	   3.7051608222893440e-01	   4.0445193264730539e-01	   4.6513831521055821e-01	   2.3372954252979750e-01	   3.8090571006458029e-01	   4.8722143529506040e-01	   5.0545715202848740e-01	   5.7510508106731195e-01	   6.6485564916215700e-01	   7.9617082887980348e-02	   1.3164522891875757e-01	   5.3690029285579821e-01	   5.2229275441249168e-01	   3.0580147904376387e-01	   2.2301624290897745e-01	   1.6733276326716168e-01	   1.5551719298760061e-01	   2.4599684835647753e-01	   2.2832900169998266e-01	   1.0885936090704004e-01	   7.3485203019432038e-02	   2.6151372664955430e-01	   2.3460305285527372e-01	   3.8201560627551484e-01	   3.0989293977549187e-01	   3.4907499159953381e-01	   1.8489955558790178e-01	   3.5005566855998221e-01	   1.8909142557976771e-01	   2.7521901888596167e-01	   1.6158443156034225e-01	   4.1739157535776594e-01	   2.8253924654801338e-01	   4.9018351170376173e-01	   4.8584046667359015e-01	   1.2792180266317532e+00	   1.0779727064247655e+00	   5.8215844021180574e-01	   4.1733321544988455e-01	   4.2002592483309598e-01	   5.0364255006967340e-01	   5.6435466503680976e-01	   6.7688598614485074e-01	   3.0284919391913845e-01	   3.2390784004734668e-01	   3.9379886640752226e-01	   3.2672323952626109e-01	   6.1309934117027975e-01	   1.6412252487996198e-01	   7.0715337714056214e-01	   5.9112739982847595e-01	   7.3938648335358026e-01	   7.4709492453467086e-01	   7.8163891230242266e-01	   6.7304532284702312e-01	   6.9479279272031547e-01	   7.4287881834897829e-01	   6.4541080818985808e-01	   5.3553049459870883e-01	   7.4153562290299191e-01	   7.3255527239956542e-01	   2.8588990803062675e-01	   4.1115163351831863e-01	   6.9469556750365302e-01	   6.1840000428203368e-01	   5.7852459042714473e-02	   1.7943449934773947e-01	   5.8130609759425889e-01	   6.0564848869780796e-01	  -1.1537696064272350e-01	  -7.2602720236245519e-02	  -4.5395834788349028e-02	  -7.6297412478436383e-02	   1.2198788532196647e-01	   1.0966465387560247e-01	   1.3769364618197541e-01	   1.3278180003695361e-01	   1.6699529277201275e-01	   2.0300468778538966e-01	   4.5481178884216655e-01	   4.4286333425299662e-01	   4.5083057707110225e-01	   2.9285339412233380e-01	   7.7147122946493200e-03	   6.3175752205525404e-02	  -1.0335914430264609e-01	   6.1247615466649308e-02	   2.3500754106593813e-01	   3.4250942755022673e-01	   1.6317360367754760e-01	   2.0395953888686688e-01	   3.6190254965840152e-01	   3.1771232223357310e-01	   2.2270710680330996e-01	  -1.0685205532235301e-02	
   1.0541827402688737e+00	   0.0000000000000000e+00	   3.4389330217112302e-01	   6.1309183965782221e-01	  -5.0339971205230760e-02	   2.4325425355357602e-01	   3.5705476725880991e-01	   4.8184513769178539e-01	  -2.0628086405378801e-01	  -1.9146904634737510e-01	   2.8083379055739333e-01	   9.8892680565878255e-01	  -3.6201265170284928e-02	   3.8137067823630227e-01	   2.7225197640821619e-01	   2.1878372576327104e-01	   5.5630549636862814e-01	   7.3302391878258399e-01	   1.0699182937532410e+00	   1.1598077061742129e+00	   3.0025748464073326e-01	   4.4577985599831310e-01	   2.7923559982598412e-01	   4.0608316883454426e-01	   7.7476435154540890e-02	   1.1692330886604789e-01	   5.0556425392812132e-01	   4.7016379117935436e-01	   4.2633580668366011e-01	   5.7942648834506305e-01	  -6.7139034215096843e-02	   2.6900961499986855e-02	   4.0283406438113228e-01	   6.1228686965088197e-01	   1.7747347584331272e-01	   1.7890635261684099e-01	   1.5265697879309589e-01	   1.9649999113387570e-01	   1.9708691096272080e-01	   2.8576549247446986e-01	   1.8339895552104423e-02	   1.0306936834836494e-01	   3.2099616557301383e-02	   1.5336831224380837e-02	   5.8740431587747777e-02	   2.0037524746227938e-02	   1.7011836724863844e-01	   3.0213526680837093e-02	   3.1801010623257991e-02	  -4.5387919137503008e-02	   7.3439776421516792e-02	  -4.0602377192521195e-02	   2.3017208891876184e-01	   1.4592558445724654e-01	   3.0776492806587258e-01	   3.8200558966883152e-01	   8.0208856578619292e-01	   1.0163518240722040e+00	   3.8789877532107359e-01	   2.9269873299465399e-01	   2.3453964251346279e-01	   4.7153417015798765e-01	   3.9933419746166210e-01	   5.0344279278969806e-01	   2.0191468347869146e-01	   2.4691899175296428e-01	   1.0789273319382145e-01	   1.3581614593337549e-01	   4.6634839186534627e-01	   7.6306401762903334e-02	   5.0278089548439731e-01	   6.0093463485385790e-01	   4.7412064228876594e-01	   6.2174450459439923e-01	   5.7793069736438596e-01	   5.6336832011144566e-01	   5.4957462325441642e-01	   7.2661745687144508e-01	   4.8295102396953371e-01	   5.5557879056061421e-01	   8.2912719383265654e-01	   9.5273267917961335e-01	   3.6783675098521651e-01	   4.8053904273416048e-01	   6.6776572754483210e-01	   5.8187704827434006e-01	   5.9620883525093177e-02	   1.9896497974875335e-01	   5.4792375781576397e-01	   6.3576864535485444e-01	  -7.6690583398849738e-02	  -1.9560471296579385e-02	   1.2335343578627149e-01	   7.0203257432555399e-02	   1.0613305860603166e-01	   1.6708221479951696e-01	   7.7504079648145610e-02	   1.0377517147759321e-01	   1.4843085141234910e-01	   2.2534194945408287e-01	   4.4082632021378731e-01	   2.7153180351977030e-01	   2.8958496758460839e-01	   2.3080966751751486e-01	   7.2756198268435948e-02	   1.9140038860617339e-01	  -2.7103245195082826e-01	  -1.0407434812475431e-02	   3.1634134957307691e-01	   3.7247835143533398e-01	   4.4477271044672889e-02	   1.0556134809767315e-01	   3.6839717688408091e-01	   5.3245032036404483e-01	   4.0454562353240286e-01	   2.0286897003087720e-01	
   5.1856859247300502e-01	   3.4389330217112302e-01	   0.0000000000000000e+00	   1.1365449341246778e+00	   1.4392414477852533e-01	   1.3743999718432215e-01	   1.1599358668740729e+00	   9.7277454925291984e-01	   2.5621597675639696e-02	  -1.1289389870875996e-01	   7.9197714346369352e-01	   4.4941594271418761e-01	   5.4244291160997360e-01	   5.6607910629375469e-01	   2.3306040691584409e-01	   6.5870865076789326e-02	   4.0598093953612679e-01	   3.0942554354209595e-01	   4.8842191786029954e-01	   3.6506848848371948e-01	   1.7560938478611668e-01	   1.5507895299214519e-01	   1.2881895784763497e+00	   1.0700122510296475e+00	   5.2776586139481796e-01	   6.0105418243688447e-01	   1.8998947984416301e-01	   1.5352876758827053e-01	   4.4173849993832703e-01	   3.5335863311508980e-01	   7.2646216701349531e-01	   7.7185259240239468e-01	   5.1417245565914660e-01	   5.7380012853168805e-01	   2.6839711837937352e-01	   8.7006297817170605e-02	   2.0765890738834505e-01	   2.3497570691058045e-01	   1.1488894953110207e-01	   8.3593114311244512e-02	   1.1914795775484080e-01	   4.6998669659675911e-02	   2.8156036594408990e-01	   3.2114847058739115e-01	   4.1041698163172513e-01	   4.5036903422372698e-01	   1.7814034222048006e-01	   1.2492060414141688e-01	   2.9985919713795522e-01	   2.9945100950716147e-01	   3.1231069649454080e-01	   1.5112107432141544e-01	   3.0741498431538156e-01	   2.9268945907461802e-01	   2.2482273853862728e-01	   1.7121881920543006e-01	   3.5936253090144471e-01	   4.1622908594508523e-01	   4.0700313164348523e-01	   3.3606999113979241e-01	   2.2096960042371203e-01	   5.1186462680548772e-01	   1.4626787333287219e-01	   3.6590878870435961e-01	   2.6891550035073308e-01	   3.6517369793879856e-01	   2.9666241256095083e-01	   2.4918972591853103e-01	   2.7243851770512467e-01	   4.2720236287721515e-02	   7.0298020860671040e-01	   4.7505748937938092e-01	   4.6872406126476507e-01	   4.2749946255359694e-01	   3.8519196203743145e-01	   3.7521051535912292e-01	   3.3438766699082084e-01	   3.3564712396884977e-01	   3.1742191565270272e-01	   1.5832839349103084e-01	   2.5566698389499465e-01	   4.5428570165659532e-01	   2.7410105076185515e-01	   1.6202209308806295e-01	   2.5943470663597679e-01	   4.5563088504391019e-01	   9.6059640226836315e-02	   7.1005364721969652e-02	   1.7400726192400315e-01	   2.3022812278816879e-01	   6.7641082172949840e-02	   1.3060814012488001e-01	   4.0782170613640874e-02	  -1.8790482545774801e-02	   1.2589031223349162e-01	   9.5459653877513165e-02	   1.0854514797547488e-01	   6.2797641422503978e-02	   7.4854063436649881e-02	   2.7449232060606756e-02	   2.0827753022284029e-01	   9.5464410281481657e-02	   1.5871222704043925e-01	  -2.9681636897528053e-02	  -8.2638140448214450e-02	  -1.2273044459852625e-01	  -1.2573710519642933e-01	  -1.4521479174756638e-01	   1.8720033103293093e-01	   1.2882354979924268e-01	   2.9543189959569494e-02	   6.1485261812573272e-02	   2.5042500821548458e-01	   8.8478395446966840e-02	  -8.2062230355155169e-02	  -2.7640986321566102e-01	
   6.4786105028561891e-01	   6.1309183965782221e-01	   1.1365449341246778e+00	   0.0000000000000000e+00	  -1.6560424432595208e-01	   1.4668100033724896e-01	   7.0064782938770498e-01	   1.2662081960829437e+00	  -2.3141733293791059e-01	  -1.9656426113091849e-01	   6.1085638470441483e-01	   6.4742993007896132e-01	   2.7376855335081063e-01	   6.8289315728571598e-01	   3.0133754448450811e-01	   9.5556642859009902e-02	   3.6970140344265939e-01	   3.0113504097996241e-01	   7.5077901114083634e-01	   5.9404504753065257e-01	   1.2315114930276583e-01	   2.3542660725531522e-01	   1.0118598779747776e+00	   1.3735905308150003e+00	   2.5379409301323941e-01	   4.7236031683488322e-01	   3.8164366021242230e-01	   2.8407901325858420e-01	   4.6307486587920654e-01	   4.1691196480134984e-01	   4.4248243825989697e-01	   6.3536482166499286e-01	   4.2839507543687350e-01	   6.5729090875524288e-01	   1.8496694021513613e-01	   2.6589033054436557e-02	   2.2301937354871670e-01	   1.9379855706899640e-01	   1.6766705506030818e-01	   1.1837934559914973e-01	   1.1846574633385605e-02	   5.5838150580630713e-02	   2.1885188739542283e-01	   2.5852725712352748e-01	   3.4228823527096824e-01	   2.7774013086977689e-01	   1.8098859223656930e-01	   7.3404972444807551e-02	   1.7379718504635180e-01	   1.0585977177112482e-01	   2.1365178884634581e-01	  -1.7564927184845681e-02	   2.3790271669458651e-01	   1.6541218046031431e-01	   2.4402457462126920e-01	   1.9727278557350766e-01	   4.3498300409803747e-01	   4.9903395919124521e-01	   3.6588178833085078e-01	   1.9547997802915881e-01	   2.3768748936516082e-01	   6.5184124565374590e-01	   1.4100282583834203e-01	   4.1191872383055905e-01	   2.7928878992081058e-01	   3.7000115737627454e-01	   1.5678583863894163e-01	   1.2725049195735871e-01	   2.8324357335627870e-01	  -7.9747104488096077e-02	   7.3181308801821721e-01	   7.2777111184996079e-01	   4.8025531281904543e-01	   5.3249622697093812e-01	   4.3748157124500830e-01	   4.2368185914097317e-01	   3.6653382396192058e-01	   4.2687394583680932e-01	   3.3735597847451737e-01	   1.4524841668057797e-01	   4.2041969804337054e-01	   5.6405227296660287e-01	   4.0552028290890396e-01	   3.2392660005552038e-01	   3.9212140600299872e-01	   4.6935341259079799e-01	   1.3867648961082274e-01	   1.7124628422512364e-01	   2.9890565554117010e-01	   2.5480633296310651e-01	   1.2854082914064080e-01	   8.7342837248810645e-02	   8.8438330225537640e-02	  -2.4344512838465209e-02	   6.4953284485593232e-02	   1.0832500897972799e-02	   5.6545535895413702e-02	   4.1817593205003611e-02	   1.1676065738117336e-01	   1.3481409377116488e-01	   2.4396335041065309e-01	   1.0066338147404418e-01	   1.5196735947752837e-01	   9.7710447222992027e-03	   3.9094709700640634e-02	   3.5304049189864406e-02	  -2.6251246447728444e-01	  -2.4760133452477728e-01	   1.4204434832578017e-01	   1.7464234476972795e-01	  -2.2148565543590470e-02	   3.7515372484195605e-02	   3.4051164971091658e-01	   2.6539756472258780e-01	   1.1881624337326471e-01	  -1.4145969725688154e-01	
   2.2335809629913703e-02	  -5.0339971205230760e-02	   1.4392414477852533e-01	  -1.6560424432595208e-01	   0.0000000000000000e+00	   4.3153200036497497e-01	   4.7431221973431914e-01	   1.1372945863872554e-01	   1.0125403435123179e+00	   8.8498701100125909e-01	   1.6489826922709067e-01	  -1.0795577813139284e-01	   5.0286549324509289e-01	   1.3017015533037975e-02	   4.6338074033004738e-02	   3.4902955719206136e-01	   1.1141078472225684e-01	   1.7250349859221592e-01	  -3.6744434985868643e-02	   5.7563489639888721e-02	   2.0214530061690644e-01	  -9.6900517106937086e-03	  -1.6210914025799367e-01	  -3.8248868303886358e-01	   8.1010760349563471e-01	   3.3753325932587303e-01	  -1.1127154382779791e-02	   1.1044943482253389e-01	  -5.0993674398352368e-02	  -7.6150279304748200e-02	   1.1779308962718694e-01	  -2.0308326275635022e-01	   1.9428896341054103e-02	  -1.4073837715993014e-02	   2.4524418881216600e-01	   3.5335533738915237e-01	   1.0408656849145817e-02	   4.4300379636080592e-02	  -1.7315832331226408e-01	  -4.5632472280394236e-02	  -6.2492385519249738e-02	  -2.0034948877340769e-01	   2.9678324150650970e-01	   2.0318240404856708e-01	   1.9744381151958382e-01	   3.0966450623752778e-01	   3.6856062652537752e-01	   4.2220523801737692e-01	   4.1946739668827593e-01	   5.0366997346635223e-01	   2.0137367548008264e-01	   4.7397134766395543e-01	   5.5068894409633062e-01	   5.0923333175524965e-01	   3.7421561906815393e-01	   3.3472613220593894e-01	   1.9262487335554922e-02	   5.2274130767136712e-03	   2.1060874206840474e-01	   5.1315065040351238e-01	  -1.0128749244711753e-01	  -4.7408906057161609e-02	   1.0626993128979738e-01	  -4.3765787887851543e-02	  -1.1065220655045599e-01	   2.2793806603460026e-01	   3.4004990142778391e-01	   4.7555026638026388e-01	   1.7809474715795420e-01	   4.8686709768441205e-01	  -2.1489745855570279e-02	  -2.3020280890189060e-01	   1.1751227672278027e-01	  -4.1616539123445394e-02	   8.4392461360889973e-02	   3.3442117151419613e-02	   1.1074862364374631e-01	   6.6197508874521221e-02	   8.4845666219834956e-02	   1.2198525545348977e-01	   1.0821617220443509e-02	   6.8568044493995547e-02	  -3.3262435823796632e-01	  -5.4693413441730554e-01	   1.1295266580221569e-01	   1.5553859426590702e-01	  -2.4591701764355706e-01	  -2.6458103033447067e-01	   1.8525920166429266e-01	   4.4907953863215794e-01	   1.5747171794666182e-01	   1.9046708576931437e-01	  -7.5754825848454332e-02	   6.8962466881280327e-02	   3.2995047527457150e-01	   3.9084659093974650e-01	   3.0876327906947981e-01	   2.3533149023444494e-01	   3.0322580023317508e-01	   2.5997646095788626e-02	   1.2935458838112529e-01	  -4.5329015694937969e-02	   2.9591336819457581e-01	  -2.1305207651855691e-02	  -7.1146046893804604e-02	  -2.3191962459272747e-01	   4.2836009795926500e-01	   3.7497009580939039e-01	   2.5201667790176535e-01	   2.1354995418063441e-01	   2.1873409987751402e-01	   2.5754480771972277e-01	  -4.0690377391104413e-02	  -1.7713594292909449e-01	  -2.5818208991203095e-01	  -5.9116850926441852e-02	
   4.2753176381173241e-01	   2.4325425355357602e-01	   1.3743999718432215e-01	   1.4668100033724896e-01	   4.3153200036497497e-01	   0.0000000000000000e+00	   7.9154042136749189e-02	   1.0116141163164252e-01	   4.3796915217197702e-01	   5.2551582614225745e-01	  -3.1996202933011218e-02	   7.6505698770698155e-02	  -1.1715249095507302e-01	  -2.4102180608619478e-01	   8.5405098658690137e-01	   1.0061433536358331e+00	   5.3890210847131736e-01	   7.1275921908360729e-01	   4.1377669360303870e-01	   3.1229358643111738e-01	   5.4488514152119283e-01	   4.6525146427032305e-01	   5.6881360677712184e-02	   3.0185120054337423e-02	   4.0069706823056872e-01	   7.3108688914990783e-01	   7.7738252368957816e-01	   1.0360957123204044e+00	   4.8270750323980721e-01	   5.6720426746905162e-01	  -1.5192526304853274e-01	  -2.4615295089344402e-01	   4.3980208287754585e-01	   3.1799645338240701e-01	   6.7518528890941432e-01	   7.3820669977221620e-01	  -6.6712911081562659e-02	  -1.0106665114112386e-01	   8.7158762024592440e-02	  -4.1515096325107019e-02	  -1.4481570993773707e-01	  -1.5447158304825048e-01	   4.7752019005423485e-01	   3.5536439414901944e-01	   4.1436808264849878e-01	   3.8204322015153835e-01	   7.6407943803206657e-01	   5.8770681262490332e-01	   5.0439220878301438e-01	   3.9732528350521956e-01	   2.7180522103989346e-01	   4.6031244602103438e-01	   8.4983072375294433e-01	   4.4777824229657426e-01	   9.4498582842879753e-01	   5.9227442104339378e-01	   7.5198926041068992e-01	   6.2930605657401362e-01	   6.6107192636444490e-01	   7.3164046288067386e-01	   5.0314833615596022e-01	   4.6258514094353720e-01	   5.5301610800766521e-01	   5.0566312023370608e-01	   3.5435272263756051e-01	   5.1101534979238006e-01	   8.8894888255909588e-01	   9.3561506805082972e-01	   8.3088793062636501e-01	   8.2761361802328115e-01	   9.9987188451356013e-02	   7.8609783691243884e-03	   5.2725537095681674e-01	   4.2684848320659907e-01	   5.8253681669822688e-01	   4.2324072290741022e-01	   5.1308756532050293e-01	   5.2404496784393906e-01	   5.2383551393737759e-01	   6.0275319893406920e-01	   4.5269853242589375e-01	   3.2022387124458307e-01	   5.9687790416974876e-02	   8.1171849148678532e-02	   6.3449279123859725e-01	   3.9150579526870438e-01	  -1.0233701906707901e-01	   4.7021451611065891e-02	   8.6830436727029792e-01	   8.2215154109372923e-01	   1.1721738006889708e-01	   1.0770320545855042e-01	   1.1170442694092795e-02	  -7.8473889017254925e-02	   1.4429286545700204e-01	   1.4052692413783222e-02	   3.4208008156023728e-01	   1.0756622060939759e-01	   4.1499650534559829e-01	   1.4309399806626732e-01	   5.7414219685827728e-01	   5.7141808134601713e-01	   8.2795245563559172e-01	   4.5951738733491215e-01	   1.5539702873760314e-01	   9.5521069266477049e-02	   2.9212801265418115e-01	   8.9196248618349072e-02	   3.3685014090479311e-02	   4.0509962519658482e-01	   5.1027430868698709e-01	   3.8712202115580541e-01	   2.3475726120408424e-01	   1.6151980939613786e-01	   8.5374962183130385e-02	  -3.1316501685031126e-02	
   4.3987153115381294e-01	   3.5705476725880991e-01	   1.1599358668740729e+00	   7.0064782938770498e-01	   4.7431221973431914e-01	   7.9154042136749189e-02	   0.0000000000000000e+00	   1.0782660378051718e+00	   2.6444590745268498e-01	   1.3602191376596481e-01	   7.7046797613146223e-01	   4.6607009956774792e-01	   8.0662237322052077e-01	   7.2119758429659142e-01	   7.5878456603677535e-02	   6.0720955439632095e-02	   2.5821460086939185e-01	   2.4430089446496922e-01	   4.4961536852549527e-01	   4.6797286556589418e-01	   2.0279759199599318e-01	   1.2587539155471530e-01	   7.0948621436932469e-01	   5.4615998107261410e-01	   5.5836391170312583e-01	   3.4268441859406251e-01	   2.3564919134371216e-02	   4.3190877835527143e-02	   1.8864446188036371e-01	   1.3446107690578740e-01	   4.9595043487888324e-01	   4.1522267076817398e-01	   4.1734293624574015e-01	   4.9099444547208249e-01	   2.4503491925701285e-01	   1.4748808737441493e-01	   3.9236772626679994e-01	   4.2079847927133840e-01	   1.5990039823416824e-01	   2.7477365040163920e-01	   2.9395217673303664e-01	   1.6157215408568587e-01	   4.1564636116569620e-01	   3.5513349849328057e-01	   3.7388026845456629e-01	   4.3864133179952669e-01	   3.1911735754435255e-01	   2.8394725910077134e-01	   4.0751315650632830e-01	   3.5160095612998399e-01	   3.8119254085106102e-01	   2.2724845010415390e-01	   4.6728391566082084e-01	   5.1341848692777137e-01	   2.6654032342902723e-01	   3.6398632117054425e-01	   2.7265114456494133e-01	   2.7555250793908531e-01	   3.3828553752871227e-01	   4.0324440870204314e-01	   1.0979660937240079e-01	   3.8504624097247442e-01	   7.9360435504005483e-02	   2.3868510828847328e-01	   1.2891787923312623e-01	   2.9451761878080535e-01	   2.7340846944065400e-01	   2.9169233460845195e-01	   2.7292217333739754e-01	   1.9673248753585929e-01	   4.4386197136907080e-01	   2.5393731444743761e-01	   2.8866808350507206e-01	   2.3519893986852647e-01	   2.2235257672099804e-01	   2.3254779156721125e-01	   2.6612063561281302e-01	   2.9751308548196470e-01	   1.6987429131693477e-01	   6.3316263585710394e-02	   2.5526152551694614e-01	   4.7185166241735332e-01	   2.6994291690156580e-01	  -7.1793845743456826e-03	   3.2419363647333060e-01	   5.6433543018296040e-01	   9.9242317854898329e-02	   5.9235784976431824e-03	   2.2143391447224134e-01	   4.3123386451861667e-01	   1.2972126796705205e-01	   2.8693564367698637e-01	   5.5252732518587838e-02	   1.1209332595146851e-01	   2.3606266328131117e-01	   2.8683392246552064e-01	   1.2204800939553082e-01	   1.5423372019713352e-01	   1.1774883149735041e-01	   5.7346384680699879e-02	   5.4567757295040833e-02	  -8.9730245148835680e-02	   5.3721852103558440e-02	  -1.3078584650309222e-01	  -2.0093380505318487e-01	  -2.1678702291106500e-01	  -5.5273947585910935e-02	   7.6737724549637218e-02	   3.2132304977270093e-01	   1.8756122200476275e-01	   3.9680832403103494e-02	   1.2001383290723405e-01	   1.3111840230221386e-01	  -2.9510970921907475e-02	  -1.4230222028755557e-01	  -2.1038938619841363e-01	
   5.4118443721763332e-01	   4.8184513769178539e-01	   9.7277454925291984e-01	   1.2662081960829437e+00	   1.1372945863872554e-01	   1.0116141163164252e-01	   1.0782660378051718e+00	   0.0000000000000000e+00	   6.2749251189034072e-02	   9.3037239223850099e-02	   6.5155904798756514e-01	   6.3025137420495625e-01	   5.4185883005945212e-01	   9.5955305606602959e-01	   1.2677493849013818e-01	   7.5928513383093491e-02	   2.5829092663230852e-01	   1.8799175772964755e-01	   6.2485163585565295e-01	   5.6784155138327108e-01	   2.5213337417504124e-02	   4.9616798699615175e-02	   6.9047996822507496e-01	   8.1488043861827997e-01	   3.0629904058166652e-01	   3.3397854163546870e-01	   1.0508712182590857e-01	   9.2555907702064635e-02	   2.4142047184691690e-01	   1.7819952950996615e-01	   3.4001652973997865e-01	   4.3695601780164428e-01	   3.4297104724658328e-01	   5.1650405688660717e-01	   1.1227170052941718e-01	   4.0759352185555167e-03	   2.7057634342197334e-01	   2.4341267913799700e-01	   1.3229823052626835e-01	   1.4690336663534664e-01	   1.2045807278005337e-01	   7.9531440355047472e-02	   2.8647311594920366e-01	   2.4780277177170099e-01	   3.4467062017190142e-01	   2.8813977761685849e-01	   2.2079302915455701e-01	   1.3760818930265700e-01	   2.9536549019698821e-01	   1.6072579506856399e-01	   2.5405900158968020e-01	   1.8009460584241421e-02	   3.5050435807057978e-01	   3.0284538154938406e-01	   2.0446629689095100e-01	   2.6481300615989489e-01	   3.3520145138826329e-01	   3.3342950031840768e-01	   3.5946860115256918e-01	   2.6398906703584862e-01	   1.1442181905505144e-01	   5.1290137263271351e-01	   1.4739627765864335e-02	   3.1322777809997920e-01	   9.1852395524891078e-02	   2.7636034143055860e-01	   1.8938168984927167e-01	   1.7118225986579050e-01	   2.2552008821388947e-01	   1.4032519105051339e-02	   5.4799689172063903e-01	   4.4552398606255034e-01	   3.4465742352049883e-01	   3.1126835055496066e-01	   2.7223642091526695e-01	   2.3760571821456161e-01	   2.7610368513437306e-01	   3.2879118420928655e-01	   1.9333829318993048e-01	   1.3000839595828095e-02	   2.8968776879120250e-01	   4.2539708261892462e-01	   2.6812934194272797e-01	   8.1015391410489759e-02	   2.9070132740201937e-01	   4.3142731290467534e-01	   8.5819361795299920e-02	   9.4267507669569164e-02	   2.7098029454643080e-01	   3.1991023511134919e-01	   1.1347913418691052e-01	   1.6971113488442996e-01	  -2.3403606698050219e-02	  -6.7757971067986408e-02	   1.2536665144596065e-01	   1.7127776422456054e-01	   2.1692109017986586e-02	   1.1494951893012176e-01	   3.5663707712948092e-02	   8.4045964005890053e-02	   7.3819607510599183e-02	  -8.6253911051181922e-02	   7.0475665863518111e-02	  -1.6262714138646689e-01	  -1.1056955018839783e-01	  -1.4169621421625714e-01	  -6.5895787743863871e-02	  -2.8542334267595136e-02	   1.9988014109542407e-01	   1.7273839561150256e-01	  -1.1438600105445540e-01	  -2.3459727693812722e-02	   1.1384578685042052e-01	   2.4371232278832648e-02	  -5.3458857302419102e-02	  -2.3919630525177987e-01	
  -4.8840941890197699e-02	  -2.0628086405378801e-01	   2.5621597675639696e-02	  -2.3141733293791059e-01	   1.0125403435123179e+00	   4.3796915217197702e-01	   2.6444590745268498e-01	   6.2749251189034072e-02	   0.0000000000000000e+00	   1.2074739649665360e+00	   7.4584919226396096e-02	  -2.5757608005974875e-01	   5.0471828627186577e-01	   9.4361850980854527e-03	   8.2327245000420227e-02	   5.1651074727661128e-01	   1.1199985919816019e-01	   1.0693894835337218e-01	  -1.6138402740332619e-01	  -1.5878015869424086e-01	   1.5296954640382421e-01	  -6.3322047704466561e-02	  -1.7479924403567171e-01	  -3.6940625012780193e-01	   4.1408171537923599e-01	   2.2498651962501720e-01	  -1.8572200322045809e-01	  -3.9329358186426126e-02	  -1.1475017069167905e-01	  -1.6673045902444156e-01	   8.1668015753544945e-02	  -1.4940938364201739e-01	   1.5539201767102287e-02	  -1.6271283557069730e-01	   1.7663449124077935e-01	   2.9204205395360872e-01	  -2.1893623815131991e-02	   2.5954779443080394e-03	  -7.9887804806380663e-02	  -6.6568071545785146e-02	  -2.7867521895956846e-02	  -1.7969836090373878e-01	   2.2118413542590654e-01	   1.4105412197934666e-01	   1.2019843260354190e-01	   2.5712611820739617e-01	   2.8234137058292025e-01	   3.8002244133378332e-01	   4.1112851924096672e-01	   4.7416088814396140e-01	   2.1814014923204803e-01	   5.1486315128827620e-01	   5.1313417174202369e-01	   4.4344431642390264e-01	   2.9283955340702150e-01	   2.5174972647050131e-01	   1.0674705526688487e-01	   4.1898864551303372e-02	   2.5572488669770282e-01	   4.7762882195398992e-01	   5.1384180413867799e-03	  -1.4264166048290366e-01	   1.1022847145763939e-01	   1.3819864854321135e-03	  -9.1246192497699996e-02	   8.8325957216096360e-02	   4.2466877234118255e-01	   4.3641917384988493e-01	   2.5422499562605300e-01	   5.3510647104555198e-01	  -7.5327857809283194e-02	  -3.4508849550723608e-01	  -3.4733524248766975e-03	  -1.9740121802414945e-01	  -2.8545787243293631e-02	  -1.5077440307459025e-01	   2.3456088925907063e-02	  -4.3864927555743352e-02	  -1.2737138891695709e-02	   3.7896876948237727e-02	  -1.2274074872033201e-01	  -1.6677720799844620e-01	  -4.6675942175321938e-01	  -5.3512362660295487e-01	   1.1050616536615401e-02	   4.2254692153576814e-02	  -1.9997186709297179e-01	  -1.6418292675448320e-01	   1.5005541895932656e-01	   3.1421447926951301e-01	  -6.4504254007181100e-02	   1.2733389942359502e-01	  -3.3046822493138156e-01	  -1.7300827526857065e-01	  -3.8500129590629708e-03	   1.6128676019497365e-01	   6.9196416856516355e-02	   7.9601649488143356e-02	   3.5904128829204442e-02	  -1.3504006475848229e-01	  -4.1242244490087886e-03	   7.8243337296299564e-02	   2.5002661618859523e-01	  -9.3508448825458581e-03	  -2.0682172719575367e-01	  -3.3520607921995660e-01	   3.4361264665903418e-01	   2.1757493304360714e-01	  -4.5388741242369746e-02	  -1.6910239658832187e-02	   1.1387903124569561e-01	   1.7046616736450348e-01	  -1.0072023264063312e-01	  -2.9315246096119907e-01	  -4.5226513999885054e-01	  -2.9198513684159594e-01	
  -2.2435766515492943e-02	  -1.9146904634737510e-01	  -1.1289389870875996e-01	  -1.9656426113091849e-01	   8.8498701100125909e-01	   5.2551582614225745e-01	   1.3602191376596481e-01	   9.3037239223850099e-02	   1.2074739649665360e+00	   0.0000000000000000e+00	  -1.7088594911391322e-02	  -3.8340132339526412e-01	   3.8306827632761792e-01	  -5.1865563552982184e-02	   1.4345210768441480e-01	   5.8524672837330849e-01	   1.4546465344605743e-02	   2.6503718835890470e-02	  -1.3922635349649243e-01	  -1.4228734276163865e-01	   3.4327608849357191e-02	  -1.5113841030991362e-01	  -3.6115132446311210e-01	  -4.7686749947988566e-01	   2.8199072772214634e-01	   1.6985899982908140e-01	  -1.4627675306082258e-01	   1.9004838815032142e-02	  -1.9863382607559377e-01	  -2.1993722253298528e-01	  -9.6636675033577521e-02	  -3.2966815756357887e-01	  -5.3013346344124912e-02	  -1.6178021535090734e-01	   1.0057541422383291e-01	   2.1944385916031212e-01	  -7.5682137142455544e-02	  -4.4040825139918617e-02	  -1.4788425598105034e-01	  -1.1875420354491213e-01	  -1.5095338959748775e-01	  -2.6666428067820880e-01	   2.3263659934501721e-01	   1.1254319489958309e-01	   1.0630610862522212e-01	   1.4806847739996085e-01	   3.2266155459657564e-01	   3.6523666353338369e-01	   3.6853891168323022e-01	   3.6442505124350849e-01	   1.3649544187132537e-01	   4.2128071606140727e-01	   5.2242366150185193e-01	   4.2003470950352295e-01	   2.9226970577993278e-01	   2.5020082361329771e-01	   8.7188949166116358e-02	  -1.6847451249578444e-02	   1.7322715784792400e-01	   3.4799763146668566e-01	  -6.0939543324869741e-02	  -1.6115824308438306e-01	   6.1558987279065169e-02	  -9.2285660725497792e-02	  -1.7467561593945910e-01	   7.8645724752547691e-02	   2.9551327759852603e-01	   3.3861082860761660e-01	   2.1072818979087524e-01	   4.3294444348354649e-01	  -1.4708250589460803e-01	  -3.7363712403561794e-01	   1.6668169691991057e-03	  -1.8487163364453196e-01	  -2.2800905783469477e-02	  -1.2461990867194388e-01	   2.2666460030485959e-03	  -6.1812731302033470e-02	  -3.9270592676409562e-04	   8.1757440543249651e-03	  -1.3328676526596420e-01	  -1.3975193967225180e-01	  -5.6352750006184626e-01	  -6.7649669860434447e-01	  -1.4558439607465669e-02	  -4.1446560813124318e-02	  -3.4297208597850715e-01	  -2.8842736729961016e-01	   1.1459467462496563e-01	   2.6623538863697410e-01	   1.1861729630058003e-01	   2.2893335058473890e-01	  -2.2058317787155521e-01	  -7.8493623589684952e-02	   1.8612400068655538e-01	   2.8204436697675805e-01	   1.9374944954805323e-01	   2.1841664211322417e-01	   1.4279570935464272e-01	   1.3660213359605537e-02	   3.9348632976291022e-02	   1.2413320443960003e-02	   3.0568358155521624e-01	  -5.5760168553864467e-02	  -5.1000476074525410e-02	  -2.4652420825544707e-01	   4.6345645515624095e-01	   3.8892921380219997e-01	   7.2981383529137675e-02	   1.2176296525927982e-01	   1.0953407801449040e-01	   1.7155018047020015e-01	  -7.9759199162628566e-02	  -2.7960526254557039e-01	  -3.0450791005719929e-01	  -1.7180795784250835e-01	
   5.3807658507496270e-01	   2.8083379055739333e-01	   7.9197714346369352e-01	   6.1085638470441483e-01	   1.6489826922709067e-01	  -3.1996202933011218e-02	   7.7046797613146223e-01	   6.5155904798756514e-01	   7.4584919226396096e-02	  -1.7088594911391322e-02	   0.0000000000000000e+00	   4.3634195153793476e-01	   1.0823897289519580e+00	   9.7153634325588722e-01	   2.7609485701586078e-01	   2.3072547646998412e-01	   4.4086985347768642e-01	   2.4024797290631938e-01	   4.0991240188792455e-01	   3.3025518880674637e-01	   1.3479690197763078e-01	   1.8578810952148270e-01	   7.3716271360903440e-01	   6.1199809953923356e-01	   5.5844262661936284e-01	   4.5063454600704372e-01	  -3.3849329000109202e-02	  -2.2110162374076495e-02	   3.8077691333730179e-01	   2.8783084946946841e-01	   8.8742916438292041e-01	   8.2291674898497236e-01	   3.8748930483745025e-01	   3.5756823472153754e-01	   1.4018220746729565e-01	  -3.7223187871102813e-02	   3.3261330835358455e-01	   4.0943821374139888e-01	   1.2111504359687439e-01	   2.6123544994647707e-01	   2.7064557162549591e-01	   2.4397268070162254e-01	   4.5921061839619159e-01	   4.8588549647248475e-01	   5.5903665541948211e-01	   6.1486102253063901e-01	   2.6284548724079354e-01	   2.4034375446797424e-01	   5.9494606794041771e-01	   5.6287329963600041e-01	   7.0898625871704335e-01	   4.5772965815790218e-01	   3.6121026707065890e-01	   5.8139249956869221e-01	   1.8858478831479322e-01	   3.1405194310259033e-01	   3.7251094549989988e-01	   3.1828122052405977e-01	   2.4087392451194445e-01	   1.9606898686423976e-01	   1.9312369396829968e-01	   2.6738935688765619e-01	   2.3819340952438117e-01	   3.2415974868875136e-01	   2.6160956312498085e-01	   2.5220050644707692e-01	   1.7881367831954137e-01	   1.3093512740673888e-01	   2.1922853325619202e-01	  -5.3710429808643614e-02	   8.0587700527974082e-01	   5.7926246831704520e-01	   4.2175782852579491e-01	   3.7988955574442085e-01	   3.3866779871662356e-01	   3.2148682430297454e-01	   2.7261255132001927e-01	   2.1459365924321025e-01	   3.2715146357355995e-01	   4.8133315676552497e-02	   2.7598535857017620e-01	   4.1435205360249538e-01	   2.8364845672937061e-01	   2.5193066186083585e-01	   2.5391091627131279e-01	   5.4327255159104149e-01	   2.8331229518459505e-01	   3.3913287582372353e-01	  -7.0161428260794870e-02	   1.6981082557405980e-01	   7.7467935284578071e-02	   1.0700856723202801e-01	  -7.5292191476101278e-02	  -1.0716467623425111e-01	   1.5818087216916873e-01	   2.1492838403367348e-01	   2.0909114766132036e-01	   2.4048339283808889e-01	   1.6028653495104839e-01	   1.3318585140433262e-01	   8.4925967713981726e-02	  -5.0898931918296926e-02	   1.0298126474239488e-01	  -1.6115275563101758e-01	  -3.1542588936598098e-01	  -3.8976210415487134e-01	  -4.9570187249883380e-02	  -1.9118336904957282e-02	   2.0131662572459713e-01	  -4.2781952504862421e-02	   1.0358361162976806e-01	   1.9296416294264274e-01	   1.0714315628813839e-01	  -1.7014348332933082e-01	  -2.8000443033027156e-01	  -3.9223018461073345e-01	
   7.1190081841676767e-01	   9.8892680565878255e-01	   4.4941594271418761e-01	   6.4742993007896132e-01	  -1.0795577813139284e-01	   7.6505698770698155e-02	   4.6607009956774792e-01	   6.3025137420495625e-01	  -2.5757608005974875e-01	  -3.8340132339526412e-01	   4.3634195153793476e-01	   0.0000000000000000e+00	   5.3339894863717929e-02	   6.4639910786579147e-01	   1.5892596108839924e-01	   6.4093226055674093e-02	   5.2128639761422224e-01	   5.9129323598897188e-01	   1.0140149150882496e+00	   1.0683531588779571e+00	   2.4161909852436420e-01	   3.9866645918949734e-01	   4.2032437271726264e-01	   5.5687039395118132e-01	   1.7156940326281175e-01	   1.7409748413742004e-01	   4.5618673037629048e-01	   3.4085527017475536e-01	   6.0971659323318872e-01	   6.8739210540779239e-01	   1.6196820601836220e-01	   2.7665349373682402e-01	   4.4269340719762224e-01	   6.2741278871582906e-01	   6.7477248214554059e-02	   2.7218034553204332e-02	   2.9191842131293133e-01	   2.5431942289511461e-01	   2.3844873536390576e-01	   2.3955239133964987e-01	   1.2074472162127771e-01	   1.4101977020714615e-01	   9.7000946818064523e-02	   1.0128414208477594e-01	   1.5164714521550654e-01	   1.2749725521927302e-01	   1.0100260171436194e-01	  -1.5921458474256224e-02	   1.1630035688132895e-01	   1.8872216877348719e-02	   2.4856327630790370e-01	  -5.8106857362962130e-02	   1.5373139148160309e-01	   1.2400265333899708e-01	   2.0594510666213739e-01	   2.3442192266054129e-01	   5.0722926431936632e-01	   6.7680407094151840e-01	   3.2948252861583033e-01	   1.7938896997690318e-01	   3.0290163311995472e-01	   5.6598090701381465e-01	   2.8819238338139713e-01	   6.1277342511284227e-01	   2.7359997685355364e-01	   2.3542753853112580e-01	   5.2728544989285163e-02	   4.9104474812709534e-02	   2.7421684753522557e-01	  -5.0409207826979795e-02	   6.0485553156054694e-01	   8.2094001224775759e-01	   4.9357424669914146e-01	   6.7791621070051644e-01	   5.2813427297681192e-01	   5.4798107987195532e-01	   5.6679171700671205e-01	   7.2672509568268606e-01	   4.2735192653819903e-01	   3.7196874996561546e-01	   6.8634653533838752e-01	   7.5451318804813561e-01	   5.4646110165678985e-01	   5.5480876244897825e-01	   6.0904831489423916e-01	   6.1316797164095127e-01	   1.2319932688748765e-01	   2.2913586267762784e-01	   3.8489370407989681e-01	   4.4915614547655380e-01	  -6.1261390991844883e-02	  -1.3964334275034154e-01	   9.7491317485447204e-02	  -3.7606864635240614e-02	   6.1376287575432037e-02	   1.0160317104081468e-01	  -2.5776949996644764e-03	  -8.6517983439200557e-04	   5.4266177659676056e-02	   5.5307705061311323e-02	   2.6153918829925071e-01	   1.7178304834583366e-01	   1.2825127087775745e-01	   1.8187006475876605e-01	  -4.4012292899608944e-02	   3.7819635569408233e-02	  -1.8237530849387690e-01	  -1.1707653863165000e-01	   3.0206464640021774e-01	   2.7002240488509627e-01	  -1.4414384090177200e-02	  -3.6992890451857043e-03	   2.1049909830886337e-01	   3.6273795896950678e-01	   2.8403415489634715e-01	   1.4254851643360372e-01	
   1.4761776005145691e-01	  -3.6201265170284928e-02	   5.4244291160997360e-01	   2.7376855335081063e-01	   5.0286549324509289e-01	  -1.1715249095507302e-01	   8.0662237322052077e-01	   5.4185883005945212e-01	   5.0471828627186577e-01	   3.8306827632761792e-01	   1.0823897289519580e+00	   5.3339894863717929e-02	   0.0000000000000000e+00	   8.5064386047440410e-01	   5.7295691380369121e-02	   2.3087188286824167e-01	   1.2589715561869408e-01	  -4.2556252418135654e-02	   2.6611943831090917e-03	   1.0375735669394804e-03	   2.7752254455639717e-02	  -5.8396054634726496e-02	   4.2847470238793778e-01	   2.3972452172036435e-01	   6.0454500345643025e-01	   3.1619458046354298e-01	  -4.0108645740378163e-01	  -3.2258189264281334e-01	  -1.8074036704570935e-02	  -1.1456817956772081e-01	   7.1688945364491097e-01	   5.0860148913308700e-01	   9.8167892367630849e-02	   2.9575100657113440e-02	   5.5267228650704422e-02	  -5.1553651206870256e-02	   2.4625470780419334e-01	   3.5874231731052136e-01	  -4.8074330419019352e-02	   1.8038392772914227e-01	   2.1166983199888534e-01	   1.7597906673100489e-01	   4.1020227818535521e-01	   4.0614109875654253e-01	   3.6742080188310233e-01	   4.6616074544548303e-01	   2.1964560630727595e-01	   2.9731710748423296e-01	   5.2548736738052493e-01	   5.5243276080057591e-01	   5.6617423843712356e-01	   5.1269691247776894e-01	   4.4452256992085637e-01	   6.9143923272398300e-01	   9.6531397030168026e-02	   2.6260260894452953e-01	   4.6118626173316322e-02	  -1.8977592858186061e-03	   8.0165797802290106e-02	   1.7253780820678252e-01	  -3.7156838136914574e-02	  -3.0813795939424973e-02	   4.2279828037568329e-02	   1.3324097847241275e-02	   4.0028281592236238e-02	   1.2375706897491305e-01	   1.0062357774141251e-01	   9.8790200182890864e-02	   1.9204327401922735e-02	  -2.1507305301052056e-02	   4.2784991352247148e-01	   1.5745897558583180e-01	   1.3793254262335494e-01	   2.3089908571293283e-02	   6.0443034072487745e-02	   4.1421663180856515e-02	   1.7920986379743886e-02	  -5.6808989550880838e-02	   4.2258873913005791e-02	  -2.0119561113507803e-01	  -8.0510700271479892e-03	   1.2419784436262216e-01	  -7.6414216394149831e-02	  -1.2294047409764125e-01	   1.1122984198645826e-02	   3.0762083388288952e-01	   1.3077578523185676e-01	   1.7715845713284689e-01	  -1.8811050376628669e-01	   7.2842958779982217e-02	   6.6072744137472508e-02	   2.1440973903229732e-01	  -2.9274445529839721e-01	  -1.8936442611338725e-01	   1.4110490057513722e-01	   3.4414347722788885e-01	   1.6973820251830352e-01	   3.2453712201761714e-01	   9.3869022151173959e-02	   6.0129854938156452e-02	  -2.3334027071755439e-01	  -3.5981533954408268e-01	  -9.9702997792000217e-02	  -4.5512849958205154e-01	  -4.7840767127299910e-01	  -6.5126544495511041e-01	   1.0326372110937830e-01	   9.4573848761221671e-02	   1.2432907423126893e-01	  -1.4734842681784729e-01	   1.2214380458342692e-02	   1.5042722636699582e-01	  -1.5560693474123294e-01	  -5.3986488655560527e-01	  -6.3634452018995447e-01	  -5.6287461550735984e-01	
