   0.0000000000000000e+00	   1.1810843626047594e+00	   9.1263454538751498e-01	   8.5565736367667122e-01	   3.1211872889523562e-01	   2.2636867346358097e-01	   8.1748877118179120e-01	   6.7154859699432068e-01	  -1.1250359425074680e-01	   1.0792099936593892e-03	   1.2625931124347927e+00	   9.6756639085847074e-01	   1.0021298071179789e+00	   8.2528651416693499e-01	   5.0775597084400359e-01	   8.1668404015720253e-01	   1.3323081756048463e+00	   1.1804118270988397e+00	   9.1205456574467414e-01	   9.4316517991820192e-01	   1.9066834360134252e-01	   2.5108874681519777e-01	   8.6952106383857886e-01	   7.8893737339184844e-01	   6.0460663424726868e-01	   4.8796260034376904e-01	   1.0764786482180694e-01	   2.5028481268204575e-02	   1.0043979104296230e+00	   1.0666784285045185e+00	   7.2367707644287693e-01	   6.7985699672754762e-01	   8.3945653620910698e-01	   8.2883500085645490e-01	   4.1204633312253042e-01	   3.6285352497867607e-01	   6.5390453019060146e-01	   6.9626823396482196e-01	   5.2543131714702673e-01	   3.4551558049054942e-01	   6.4211207513355151e-01	   7.3458087655197024e-01	   5.1396172687124853e-01	   5.1279461577553120e-01	   7.5724171438612498e-01	   5.1132423733486743e-01	   6.1687697739256553e-01	   7.0106445037747123e-01	   7.3390259421042858e-01	   5.0999299619015370e-01	   8.4237160734375194e-01	   6.0702096150684826e-01	   1.6261921283965705e-01	   8.9147758636486232e-02	   7.2255518242989436e-01	   7.9958047108461994e-01	   1.3015927610488169e+00	   8.9144661601947173e-01	   6.4352096197703645e-01	   3.4412291149403895e-01	   6.7661641048600496e-01	   4.2827658915177458e-01	   8.8241951436088739e-01	   9.6817539476065118e-01	   4.3990874458991386e-01	   4.7127547998144959e-01	   4.1774562506966706e-01	   3.7329536234963812e-01	   6.2873179171055038e-01	   2.9124333164581023e-01	   8.9530287651778562e-01	   7.7378313122448694e-01	   1.0745331414494810e+00	   1.1551153287186744e+00	   9.7485563701048306e-01	   1.0323671305740771e+00	   9.4465260399182260e-01	   9.6043357041017208e-01	   5.2746263891266376e-01	   7.2200198864831755e-01	   9.1151392959647870e-01	   1.0996243604519980e+00	   4.5596411799761177e-01	   7.0566770227086340e-01	   7.6084851051577074e-01	   8.4629335981544540e-01	   2.6783593112130455e-01	   4.7873790929861304e-01	   3.0733905850406917e-01	   5.0762883001847392e-01	   2.4159025459432310e-01	   1.7813156267525565e-01	   1.1501771714251037e-01	   6.3825838833505663e-02	   4.7561570444024115e-01	   3.2882791457786809e-01	   5.9887660238956231e-01	   5.4437322396573462e-01	   4.2006812302489499e-01	   4.3419659070607652e-01	   9.7579479613621872e-02	   2.1314700356961042e-01	   9.9028728222397763e-02	   1.8438831244091353e-01	   1.1378233297952246e-01	   1.8345668875049279e-01	   9.2883584719113451e-03	   1.2284317235929633e-01	   3.5535996137387321e-01	   4.8835797899375388e-01	   7.5599312477726488e-01	   7.3095018340961448e-01	   4.8371141113614102e-01	   4.1788817108869597e-01	   2.5700040257586210e-01	   2.5700433205052020e-01	
   1.1810843626047594e+00	   0.0000000000000000e+00	   8.6057430505600951e-01	   9.5846154175449982e-01	   4.1732139373913590e-01	   2.2120273233833715e-01	   7.3380389623187592e-01	   7.6147943480630975e-01	  -7.0780075871875764e-02	  -1.1368576179292161e-01	   8.9058896030027335e-01	   9.9164491890253992e-01	   7.9469775166118439e-01	   8.0463610348778980e-01	   5.8989009593275643e-01	   7.7742116935464833e-01	   8.7340539935669059e-01	   1.1468388443853768e+00	   9.1800679674833219e-01	   1.1486102360909562e+00	   4.0182080523034047e-01	   4.8322187027889196e-01	   9.8398128955074526e-01	   8.4171219490169891e-01	   7.9688076530212226e-01	   6.3942878812771398e-01	   3.6556350378871072e-01	   3.1387424198965752e-01	   5.3225550467903804e-01	   7.7518990350551142e-01	   6.9662111468220933e-01	   6.8479834046690680e-01	   9.4829390354395815e-01	   9.2005369458650699e-01	   5.6467385112104762e-01	   5.3322542015623720e-01	   5.7658046584087075e-01	   6.6126337488421361e-01	   5.4282392466314766e-01	   2.9662782441258295e-01	   7.2869364693670680e-01	   7.5455427896379812e-01	   6.3145110997154019e-01	   7.0588430097135224e-01	   7.1675181075010908e-01	   6.2628077225689449e-01	   7.0485503842226704e-01	   7.4679022499105729e-01	   6.3056471764500122e-01	   5.4589980780689518e-01	   7.0809387297111692e-01	   5.8616573076652467e-01	   3.5152593667399373e-01	   2.0768234528089438e-01	   7.2315881812158056e-01	   7.6426340439032459e-01	   1.0829609205245843e+00	   1.2685501214620312e+00	   6.6727386998685523e-01	   3.4174844739342986e-01	   7.2440954793469248e-01	   5.7427330353354744e-01	   8.1010345842840037e-01	   9.7814919788821264e-01	   4.8702878055334442e-01	   5.2048922743250947e-01	   5.3426910581526199e-01	   4.9073918607526795e-01	   8.2401684570256295e-01	   4.5051033600076335e-01	   8.5679917839788544e-01	   8.1455206037813799e-01	   7.6797304360093044e-01	   9.7408668976429114e-01	   6.6375395975089790e-01	   8.2847837625287957e-01	   7.3533329050355312e-01	   9.4749329747065625e-01	   2.7706956497818569e-01	   6.8267943626422178e-01	   6.7242567551820709e-01	   9.4507598856361619e-01	   3.7140281037684642e-01	   5.4003611631044168e-01	   8.0600009363609104e-01	   9.0936965265366387e-01	   4.3283576870402829e-01	   7.0622702424785699e-01	   5.4680944845412671e-01	   7.1266777837213269e-01	   3.2130697541283648e-01	   2.5992793722348523e-01	   1.5344187804174397e-01	   1.3455768509291721e-01	   2.8840953624181692e-01	   2.9656883968456665e-01	   3.9524633245028240e-01	   3.5193899108485255e-01	   3.1560164774352500e-01	   3.1228476088380897e-01	   1.0202976642477217e-01	   3.0417686533518723e-01	   1.7363222668829231e-01	   2.8795240554872303e-01	   1.0559264903049498e-01	   1.4865052623000188e-01	   6.0047148981486262e-02	  -5.4661830536046348e-02	   2.4250721276780179e-01	   2.8076871108808321e-01	   6.0485659575327100e-01	   5.5356512132546398e-01	   4.6192625242859353e-01	   3.6480039680922222e-01	   1.8238732067265254e-01	   1.2622492699477370e-01	
   9.1263454538751498e-01	   8.6057430505600951e-01	   0.0000000000000000e+00	   1.4778953470580423e+00	   7.9992325631880057e-01	   2.5572478505240920e-01	   1.6805502721679053e+00	   1.1281986492729641e+00	   1.5109305348112664e-01	  -1.0837003734412363e-01	   1.0743228975684624e+00	   8.6901343488824345e-01	   1.1391088007320753e+00	   1.0236770137708071e+00	   8.8443465467982807e-01	   9.2915758926564240e-01	   7.6816377607606512e-01	   6.7472490605467450e-01	   8.5043923907561914e-01	   8.6678513862767192e-01	   5.0075937424248118e-01	   4.2571461656871484e-01	   1.3061447754726614e+00	   1.1235666473476658e+00	   9.4965683583828364e-01	   8.2063436146650592e-01	   3.1692717573468465e-01	   2.0190567140887905e-01	   7.7801744850349608e-01	   8.1982547771807579e-01	   1.0709167991791828e+00	   1.0266043473022430e+00	   1.1266518223900845e+00	   1.1047295769580452e+00	   6.8837257861995960e-01	   6.2580410953984633e-01	   4.1087541458005455e-01	   4.7272121876299472e-01	   4.5881874062474026e-01	   1.0769839068701728e-01	   6.8645307443950976e-01	   5.8412947139919069e-01	   3.9023427147207940e-01	   6.6938872225089885e-01	   7.3676699304891680e-01	   6.9485018361682638e-01	   6.3593026475219727e-01	   8.1179825174086195e-01	   6.0832700869589540e-01	   6.0187530556549496e-01	   8.6460618661461330e-01	   6.9203830546553990e-01	   2.2992536172606359e-01	   2.2216777112473868e-01	   8.6677562058469371e-01	   8.2141508435252275e-01	   6.4486138873861709e-01	   6.9315296679702787e-01	   7.7436641744532986e-01	   4.0297308641090213e-01	   1.0283236335258605e+00	   6.6824287024108220e-01	   1.0309281746704662e+00	   1.0325577415034148e+00	   7.6008844213988869e-01	   8.3601030076059302e-01	   7.4829789775498434e-01	   6.3063426491325159e-01	   7.0997130135021247e-01	   5.0878123783080498e-01	   8.9901861429021668e-01	   7.7973276968911476e-01	   9.1065027600908677e-01	   9.0805927565425670e-01	   8.4737765935990861e-01	   9.1827045561526599e-01	   9.7412962797871050e-01	   9.6401301261596672e-01	   3.7483357305109183e-01	   8.6137396756342965e-01	   9.5717719348722641e-01	   1.1574650202661279e+00	   6.3592352246640282e-01	   7.9482316761870464e-01	   8.8397057655352196e-01	   1.1409805887819868e+00	   3.4896128946971766e-01	   8.8843359829731994e-01	   6.4576232641393227e-01	   6.9956862497947259e-01	   5.7123081692210509e-01	   5.2332604986252951e-01	   2.3519056802652738e-01	   2.9443231398260233e-01	   2.5737000474190669e-01	   4.6931074032679621e-01	   4.1337309278741535e-01	   4.1150489827161418e-01	   4.7412595625913567e-01	   4.2368143789431334e-01	   1.5806069410730916e-01	   3.9313995146567249e-01	   2.9277067656152078e-01	   3.8808416329627959e-01	   2.1888142721511736e-01	   3.6490091407971131e-01	   7.0021453056529820e-02	  -1.0588040126043943e-01	   3.0150200588036929e-01	   4.4260651308367971e-01	   6.0655126911722823e-01	   7.0001860481687117e-01	   6.0061399862397635e-01	   6.2749410633002345e-01	   5.8294884333924946e-01	   3.9963833921223274e-01	
   8.5565736367667122e-01	   9.5846154175449982e-01	   1.4778953470580423e+00	   0.0000000000000000e+00	   6.2593698703757028e-01	   2.2849415903448400e-01	   1.2532080866415549e+00	   1.3634319390446743e+00	  -8.0695091877796984e-02	  -2.0432569739631054e-01	   1.0519140138012681e+00	   1.1734357237703876e+00	   1.1190384507797491e+00	   1.2340362262008624e+00	   6.4737432517102556e-01	   9.8790818398275992e-01	   6.9638936860744349e-01	   6.7852764316988667e-01	   1.0240287476160304e+00	   1.1236535986877159e+00	   5.4651555576724631e-01	   5.2503972194578585e-01	   1.4155689681490966e+00	   1.5411995335337643e+00	   1.0376740019935657e+00	   8.5563448613924675e-01	   2.7022788078998677e-01	   2.1652020269490110e-01	   5.8443315242747063e-01	   7.5578889828665707e-01	   1.1314471425809915e+00	   1.2589837664395978e+00	   1.2125396310860750e+00	   1.2244054482987434e+00	   7.2599004170722592e-01	   7.1282540583440235e-01	   4.1870059308497209e-01	   5.3471859292765633e-01	   5.2403238941602603e-01	   1.8367142324119579e-01	   9.1187539566947462e-01	   7.8135104494690766e-01	   5.5084535496448739e-01	   8.0028435711784884e-01	   6.2117954451130519e-01	   6.7345278895916993e-01	   7.7532179934777701e-01	   8.4852498660689557e-01	   4.9730224797535472e-01	   5.3846551106587093e-01	   7.4295021382378890e-01	   5.9927444987554224e-01	   3.8444815125726511e-01	   3.1487544677069690e-01	   7.9420807819390249e-01	   9.3501859621769079e-01	   6.3404157878644607e-01	   7.7490514521978293e-01	   6.8814381070310582e-01	   3.3774677500903610e-01	   9.5435473989217312e-01	   7.9005655664935803e-01	   1.0384441759831160e+00	   1.0618371874042789e+00	   6.2384627998581865e-01	   7.7455939101860527e-01	   7.1485964750525799e-01	   6.7219595774189200e-01	   8.7462742293005857e-01	   6.3591030142268234e-01	   8.5276499460501309e-01	   8.3188732911327601e-01	   7.4286947615897370e-01	   8.1080495762590010e-01	   6.2197753003510048e-01	   7.0070578251762372e-01	   7.5812646455790333e-01	   8.9848730036866731e-01	   1.8973928915940705e-01	   7.7352716516209619e-01	   8.3499922508425706e-01	   1.1621160751254396e+00	   4.0726572517258020e-01	   7.0763403748215670e-01	   8.6835876621021812e-01	   1.0942116786311737e+00	   4.2047199546379282e-01	   1.0409982388630739e+00	   7.3753739918156958e-01	   8.8055578490120490e-01	   5.2030749721181468e-01	   4.9534279327622177e-01	   1.9339681563361433e-01	   2.3588110165256432e-01	   2.2272998619731438e-01	   5.0220564215675445e-01	   2.9886038553527522e-01	   3.7253518940714481e-01	   2.9698641676464860e-01	   3.8086081667005134e-01	   8.4337421490740874e-02	   3.4210608204843473e-01	   2.4799495370804470e-01	   3.9235844384725049e-01	   1.5015754160696998e-01	   2.5204318355943200e-01	   1.2020075246529970e-01	  -8.9108571578093057e-02	   2.1529455537407363e-01	   3.1630348326009489e-01	   5.3969419316023703e-01	   5.7817048058458276e-01	   4.8509464688346254e-01	   4.4861809040937084e-01	   4.1639929753801186e-01	   2.5259445962893645e-01	
   3.1211872889523562e-01	   4.1732139373913590e-01	   7.9992325631880057e-01	   6.2593698703757028e-01	   0.0000000000000000e+00	   8.0260379961635131e-01	   9.5266474765606923e-01	   8.3091031383303504e-01	   6.5954616751831308e-01	   2.6915010196229716e-01	   5.1071524348067954e-01	   4.4526482211995971e-01	   7.3426368786236129e-01	   6.2593961451689983e-01	   9.0267707776999506e-01	   7.0676547064390038e-01	   3.2228240361469696e-01	   1.4416891197104043e-01	   5.5431542209102469e-01	   5.9873515004222255e-01	   7.1115066451744724e-01	   6.5186726416743479e-01	   7.6434935806600413e-01	   5.5287937909479157e-01	   7.2017166868487636e-01	   8.4708055692016548e-01	   5.8488587956245841e-01	   5.7804337755061252e-01	   2.1482319741126110e-01	   2.0180292222513374e-01	   3.4613551218005678e-01	   3.6103585265471089e-01	   6.6137136641976091e-01	   6.4408666809432424e-01	   7.8937157196665020e-01	   8.1875830079733802e-01	   8.9032966892712909e-02	   1.5608917086586005e-01	   1.5559753930467810e-01	  -1.8518297462803787e-01	   4.2938582740223846e-01	   3.5701733717638601e-01	   5.2049540350681467e-01	   8.6916960745107963e-01	   6.7063610208662883e-01	   9.4342408118067200e-01	   7.3541385907776380e-01	   8.4460942776811576e-01	   3.3016270271718867e-01	   6.5579881084876235e-01	   5.3311039445658226e-01	   6.3702526868376630e-01	   3.2386681789092930e-01	   5.0767627935699389e-01	   6.6906244583507524e-01	   6.1485075746189000e-01	   2.1737285272818566e-01	   4.4906016410088312e-01	   9.0299856436209336e-01	   5.1763357704584700e-01	   8.3041195329540396e-01	   6.8812645740743583e-01	   4.8262816015677645e-01	   6.3373470376714680e-01	   5.3902618177479833e-01	   7.5979352870334660e-01	   9.8875387677428395e-01	   8.4699270827130302e-01	   7.3939872512195204e-01	   8.1105711004519521e-01	   7.1187253586667254e-01	   6.6703921259657328e-01	   5.8749455580190146e-01	   5.0058717461130686e-01	   6.4750572430133213e-01	   5.3498360920792942e-01	   5.7727126855626809e-01	   6.6235011581253334e-01	   1.3597674291593895e-01	   3.0023843904455655e-01	   5.4193535820202876e-01	   5.5924824167626008e-01	   3.9539816807196976e-01	   2.9043299707481746e-01	   7.5589012651698162e-01	   8.6112420081730234e-01	   1.5311415143708992e-01	   6.2889043399468059e-01	   8.3930217868117629e-01	   7.1120674180321075e-01	   7.2861079699847298e-01	   7.5600284828733566e-01	   4.6919876115053971e-01	   5.8560610609083108e-01	   1.5823092200532113e-01	   5.7865887291946116e-01	   1.7653609728534791e-01	   3.1354056896587845e-01	   4.0397387380543037e-01	   2.8290468044075345e-01	   3.4556921476472663e-01	   7.3686568515345607e-01	   5.2807078716616085e-01	   7.1121740878017203e-01	   3.5679862132059720e-01	   4.6117895358786393e-01	   2.9874156572266785e-05	  -1.7726095915604548e-01	   2.6461722406819466e-01	   3.2144989868113533e-01	   3.9156516722048768e-01	   4.5698640887166025e-01	   5.5864304037855339e-01	   4.9394041595629767e-01	   4.5070117738219212e-01	   2.7191407010904411e-01	
   2.2636867346358097e-01	   2.2120273233833715e-01	   2.5572478505240920e-01	   2.2849415903448400e-01	   8.0260379961635131e-01	   0.0000000000000000e+00	   3.8926090530177582e-01	   4.4646639170935015e-01	   5.9204195543245552e-01	   9.8281081879324528e-01	   2.5635947745725562e-01	   2.1699679205328445e-01	   3.9989782750563374e-01	   2.6880006705644183e-01	   4.5622811165707167e-01	   4.3366731290675214e-01	   2.5071151191848384e-01	   5.1690022536626495e-02	   4.4366950103457248e-01	   5.1390356908694557e-01	   4.0862217676224322e-01	   4.7804330153012481e-01	   3.2623722698628616e-01	   1.8813137370022906e-01	   3.4185695318934850e-01	   4.7301997813022861e-01	   3.3244759581741046e-01	   4.3324692263476861e-01	   2.5435610354795451e-02	   2.0129682642985747e-02	  -3.1843403537814445e-02	  -6.3457191463721099e-02	   3.0163364869909642e-01	   3.0417678489229055e-01	   4.4071048853855416e-01	   5.2793695899734894e-01	  -1.7194030304651831e-01	  -4.3143831431743489e-02	  -1.6370490743575550e-01	  -3.2383984487452644e-01	   1.0925154690670411e-01	   1.9425247711409796e-01	   5.9848626007337480e-01	   6.4392136949661494e-01	   5.6869900972377652e-01	   7.8201623819656851e-01	   6.6623177696538305e-01	   5.7390782497998616e-01	   2.6408847809697411e-01	   6.8613923923764630e-01	   4.1162754892204495e-01	   6.5740733292547116e-01	   2.9824358805283219e-01	   4.4330941378228900e-01	   3.8641377272133171e-01	   4.0184279228122372e-01	   1.1816750030863270e-01	   2.9885129341442751e-01	   5.8287358971902092e-01	   4.3873199023151721e-01	   3.0332266195071755e-01	   2.7446533269204904e-01	   2.7326642674180895e-01	   3.6449633145223254e-01	   1.0922895520141712e-01	   3.2832116757960422e-01	   6.3872530724570409e-01	   6.1448745759256229e-01	   6.3915665402613020e-01	   7.2753112525431018e-01	   5.7972851585965202e-01	   6.3735315847781904e-01	   4.1192091639634953e-01	   3.4847436661057746e-01	   4.7414460366807509e-01	   3.3692929397276555e-01	   2.5091119088392455e-01	   3.5981391666123930e-01	   1.2709820437275017e-02	   4.3971295772754819e-02	   3.5284257460871993e-01	   2.9756359485936512e-01	   8.7612851815483589e-02	  -1.3655818871390236e-02	   5.3655024480578228e-01	   5.5771780539454519e-01	  -1.0533820540608320e-01	   2.1087924893710203e-01	   5.2909560146928658e-01	   4.9129289691392664e-01	   5.3268488245590107e-01	   5.9717377995218213e-01	   5.5527975910355021e-01	   5.3718112337411572e-01	   8.7386869483975047e-02	   2.7517921190061972e-01	   3.5157579478648199e-02	   1.7516295615713801e-01	   3.3526878753502570e-01	   1.9498080209253965e-01	   4.9561330931012415e-01	   7.1603052991692806e-01	   6.0626328830738729e-01	   7.6972416588424941e-01	   5.0555586378828887e-01	   5.4245134407871132e-01	  -7.4781908077949849e-02	  -7.7932765742997123e-02	   5.4414200706480176e-02	   1.6807169625712595e-01	   1.8776721100374041e-01	   2.9757785188701336e-01	   4.5746722694308989e-01	   3.1943815936632197e-01	   2.6311724819181931e-01	   1.3170517898481732e-01	
   8.1748877118179120e-01	   7.3380389623187592e-01	   1.6805502721679053e+00	   1.2532080866415549e+00	   9.5266474765606923e-01	   3.8926090530177582e-01	   0.0000000000000000e+00	   1.4255967613993317e+00	   2.7793013753062906e-01	   4.7054341717229893e-02	   1.1615880246443275e+00	   9.3844533393765517e-01	   1.3791319117106193e+00	   1.1305514747031260e+00	   8.9603723413991276e-01	   9.6570357428984588e-01	   6.9748233164423379e-01	   5.1706620361874001e-01	   8.9938942084286144e-01	   8.8448484389366111e-01	   5.1029455911284294e-01	   4.1067199193520015e-01	   1.1857933648032315e+00	   9.7258385730182284e-01	   8.1586423734843549e-01	   7.6220901831751497e-01	   2.6229246420101471e-01	   1.9263893732939447e-01	   7.0800584854853688e-01	   7.0621153765333733e-01	   8.4868236660690777e-01	   8.3659917703352860e-01	   9.6606598248305720e-01	   9.8062034769794548e-01	   6.6142449046630225e-01	   6.4607425879046598e-01	   3.4521619662495384e-01	   4.2573414111850871e-01	   4.0937655206088486e-01	   5.5874605642734519e-02	   6.2116581867502196e-01	   4.8248382353522767e-01	   4.4402894805899440e-01	   7.3552409815339015e-01	   7.6180480351226421e-01	   7.7331581716205477e-01	   7.1289026024248281e-01	   8.5489806134550350e-01	   5.8918946017199236e-01	   5.7017758356270165e-01	   8.6722292010699098e-01	   7.2401393057476904e-01	   2.4872858830064221e-01	   2.9372141762388482e-01	   7.8353456465998927e-01	   9.0514407293392096e-01	   5.8604310692851547e-01	   6.9758684263581427e-01	   8.8950970429515486e-01	   4.4369303273032157e-01	   1.3037586855651899e+00	   7.8550919134203312e-01	   9.6537415853723052e-01	   1.1732259389289386e+00	   6.6558925610427089e-01	   8.8758400143811667e-01	   7.1943106529784806e-01	   6.4178343795836201e-01	   7.7544205875467842e-01	   5.8741349879878524e-01	   1.0003433579506698e+00	   8.5336699447291586e-01	   9.2812917995361388e-01	   8.1878510598370868e-01	   8.7066029253402832e-01	   8.7728142045866775e-01	   9.4060239534055401e-01	   9.5892001366312762e-01	   3.4568469406780777e-01	   6.6018534530366935e-01	   9.3418311247449759e-01	   1.1140358062767404e+00	   5.7452496312259149e-01	   6.7490749671129613e-01	   9.0266720466541883e-01	   1.1983579160745306e+00	   2.5969180500331029e-01	   8.2202986377256515e-01	   6.2004674320872999e-01	   7.1746693623687208e-01	   5.9867075267201364e-01	   5.7775198767279801e-01	   2.3734565335379304e-01	   3.3658852360880293e-01	   3.2479123303895246e-01	   5.8853602187543996e-01	   3.9380210412141742e-01	   4.4534635606833872e-01	   4.5359664891892071e-01	   4.3094493156228508e-01	   1.4884665254086987e-01	   4.3483108370385082e-01	   3.1006600582028693e-01	   4.5748173424060146e-01	   2.5866733296661332e-01	   4.1290017880896324e-01	   1.1156992773144367e-02	  -7.0212021955384091e-02	   4.0458125613199108e-01	   5.0553358757327971e-01	   5.9323655841519163e-01	   7.0389261878876530e-01	   6.0207615060256492e-01	   5.9052439843562210e-01	   5.5039528969846518e-01	   4.4096665584837169e-01	
   6.7154859699432068e-01	   7.6147943480630975e-01	   1.1281986492729641e+00	   1.3634319390446743e+00	   8.3091031383303504e-01	   4.4646639170935015e-01	   1.4255967613993317e+00	   0.0000000000000000e+00	   1.2465159676549932e-01	  -1.6152382788252262e-02	   9.7997731440690117e-01	   1.2692489862117708e+00	   1.1969670983988789e+00	   1.3425201084359724e+00	   6.6598280052552805e-01	   1.0389826927924795e+00	   6.4956083228893124e-01	   5.1719407340641421e-01	   9.8710122082340479e-01	   1.0797715104047410e+00	   5.9486031316841281e-01	   6.0955924100723768e-01	   1.2525851861765640e+00	   1.1704398297635423e+00	   1.0150218218581055e+00	   8.9947864987376924e-01	   2.7366749900694148e-01	   2.9115719644752525e-01	   4.8378310363382060e-01	   6.4525547610147660e-01	   8.7919893309346220e-01	   9.2642863406290166e-01	   9.9586779306796058e-01	   1.0183543675555784e+00	   7.1301188873633603e-01	   8.0204062256141295e-01	   2.6989302886069499e-01	   4.3301156156031168e-01	   3.2324652907028778e-01	   5.2481316181890940e-02	   8.0489356593155670e-01	   6.8019930063771028e-01	   6.9407646779406518e-01	   9.7477518222203341e-01	   7.0352031725302433e-01	   8.5589299338690772e-01	   9.3116035932117014e-01	   9.1288463321055979e-01	   4.7075991419364127e-01	   5.0959521835486521e-01	   7.4668238063335290e-01	   6.3310852141703211e-01	   4.5322059630891820e-01	   4.4468312574228647e-01	   5.7788946598439161e-01	   9.1564320575980529e-01	   5.9064155468440904e-01	   8.8260818929400520e-01	   8.0987145705063346e-01	   3.5665218395840681e-01	   1.1101791238799443e+00	   8.3018509072636704e-01	   1.0948291499494509e+00	   1.3488289686896255e+00	   4.6468293426557133e-01	   7.6794317035805404e-01	   7.3754427867476413e-01	   7.2169540654009123e-01	   9.6261772757294162e-01	   8.2393741136529319e-01	   1.0790907819307356e+00	   1.0788402582573733e+00	   7.9744810948162437e-01	   7.7920999195864638e-01	   6.6030728999949795e-01	   6.8905392007736332e-01	   7.1880800669432543e-01	   9.3274117509467125e-01	   2.1074252519440215e-01	   5.9718739577392743e-01	   9.1009368918244715e-01	   1.1729382544156313e+00	   3.0365647749908115e-01	   4.7278830603481892e-01	   1.0152705206294554e+00	   1.3216671099308868e+00	   2.1790369379378122e-01	   8.2267122398759807e-01	   6.8786330134437745e-01	   9.6693298874166278e-01	   5.0666322752533777e-01	   5.3238107682657754e-01	   2.0831094976996273e-01	   3.0590611104321147e-01	   2.4256022782426537e-01	   5.5791195773501245e-01	   1.7388889365487825e-01	   3.4090980693705070e-01	   2.1408192529260600e-01	   2.8498903892948219e-01	   7.6000137500268003e-02	   4.3897231914591273e-01	   2.7181564237912925e-01	   5.1695446035041037e-01	   9.6199328223550901e-02	   2.3476980241038323e-01	   6.1020976063191748e-02	  -4.4277985588669654e-02	   1.7647755087737763e-01	   2.3433333594026867e-01	   4.0913456925401415e-01	   4.4999514789233774e-01	   4.3748386657278043e-01	   3.0077762122344986e-01	   2.5887228408678270e-01	   1.5103697718543474e-01	
  -1.1250359425074680e-01	  -7.0780075871875764e-02	   1.5109305348112664e-01	  -8.0695091877796984e-02	   6.5954616751831308e-01	   5.9204195543245552e-01	   2.7793013753062906e-01	   1.2465159676549932e-01	   0.0000000000000000e+00	   8.2694072359008308e-01	  -7.8520588620875631e-02	  -1.9840575680771375e-01	   4.0225032711938585e-02	  -9.0975351509646030e-02	   6.3695865445940358e-01	   1.5433563577305623e-02	  -1.3513459276609679e-01	  -3.0359961416526637e-01	   2.5038155043243585e-02	  -1.3816651311188527e-02	   2.0162496901332941e-01	   1.4736646812202289e-01	   1.0809197803396852e-02	  -1.8014930010406910e-01	  -5.3012029920086363e-02	   1.4036305469050317e-01	   3.1382534119836980e-01	   3.2906520418955426e-01	  -4.8461112603987611e-02	  -1.9950451253636237e-01	  -2.3737127052767726e-01	  -3.1175884810977456e-01	   4.1148503696954213e-02	   6.0629116639181357e-02	   1.3763504639775812e-01	   1.4400006481263666e-01	  -2.6876541554229427e-01	  -2.6958244453742986e-01	  -2.6472972404883105e-01	  -4.1801073257938653e-01	  -2.4931219196926430e-01	  -2.6605072353268977e-01	  -5.1704743463599719e-04	   1.4475140932322186e-01	   2.8478596509731469e-01	   3.5646099440842638e-01	   1.4967376884853828e-01	   1.9973539096058734e-01	   2.2146589054021704e-01	   4.2536116472805952e-01	   2.0051336753798768e-01	   3.9733819988292091e-01	  -3.1204518899238691e-02	   1.5095227889137364e-01	   2.4746163164269569e-01	   7.5204884268273139e-02	  -2.3110487823457798e-01	  -8.2459251692259289e-02	   2.8834075003965703e-01	   2.9842792295441289e-01	   1.8937987528233616e-01	   7.4774014021465371e-02	  -5.2519873301655071e-02	   1.0731855037144629e-01	   2.0182785008190371e-01	   2.6377861646558654e-01	   2.7095845126736096e-01	   1.8992537360452244e-01	   9.0878957194657661e-02	   1.6925059918215576e-01	   1.0407895632504793e-01	   3.1385707089496763e-02	   4.5283348646884179e-02	  -6.7608282546991763e-02	   2.0568040912116409e-01	   1.3934106030556007e-01	   1.0594042099549847e-01	   7.4369799920580903e-02	   7.0460206268790210e-02	  -1.5504411040284488e-01	   3.0955891765136025e-03	  -6.2560123867330883e-02	   1.1740064760389396e-01	  -7.5006103296887727e-02	   1.7120189919895118e-01	   1.8742448290579061e-01	  -1.6547878330582833e-01	   2.5335516010626197e-02	   3.2523767667741060e-01	   8.5055283642457555e-02	   4.6201792144000714e-01	   5.7449633413344969e-01	   4.9330989177713969e-01	   6.0204117799250789e-01	  -3.4692178118896264e-03	   1.6299769820080609e-01	   6.6270761991903626e-02	   6.2500892633504709e-02	   4.2960462611549421e-01	   2.6472265492581337e-01	   5.7686217557831765e-01	   5.8969828324296369e-01	   6.2295307779403142e-01	   5.8794768413346954e-01	   6.5977416357412455e-01	   7.4360405236748195e-01	  -6.1784109273378775e-02	   6.4070339676916346e-02	   1.9336964285509314e-01	   2.6561845581966076e-01	   1.2382904969533634e-01	   2.3434880076615389e-01	   4.7729470974888566e-01	   4.8367372070681219e-01	   4.6755876572812521e-01	   4.5790513853995896e-01	
   1.0792099936593892e-03	  -1.1368576179292161e-01	  -1.0837003734412363e-01	  -2.0432569739631054e-01	   2.6915010196229716e-01	   9.8281081879324528e-01	   4.7054341717229893e-02	  -1.6152382788252262e-02	   8.2694072359008308e-01	   0.0000000000000000e+00	  -5.3771190841478328e-02	  -1.9068290668298490e-01	  -9.0732151372292999e-03	  -1.9047273296716244e-01	   2.3750439998428605e-01	  -1.5835642952100125e-02	  -2.0531592579663180e-02	  -2.1114137321154028e-01	   6.1306666659093144e-02	   5.5902920838307592e-02	  -6.0520920487954245e-02	  -5.2115067206975799e-02	  -1.6869173598762319e-01	  -3.1118812708855648e-01	  -2.2889072275639544e-01	  -6.2587006359152403e-02	  -2.8471498038298834e-02	   4.8392800489202005e-02	  -4.1241885683565266e-02	  -1.7824738164950815e-01	  -4.5430594933894736e-01	  -5.2709544452311974e-01	  -9.6993900342308731e-02	  -6.8675227964021618e-02	  -7.9377902695821102e-03	   2.6751388115332779e-02	  -2.5837666975404611e-01	  -1.9864471047496604e-01	  -2.9054857850794114e-01	  -2.8012881738531176e-01	  -3.1208543201625949e-01	  -2.1489083267054734e-01	   1.4270107704520077e-01	   1.2019955889751782e-01	   2.8700702040683257e-01	   3.1566447649485008e-01	   2.1586115417266574e-01	   1.6884155304062015e-01	   1.8956892765199035e-01	   4.6891002439175156e-01	   2.2821808418698697e-01	   4.4974424346186015e-01	  -5.4572360145126782e-03	   9.6771101097706660e-02	   1.4283325248931653e-01	   1.1501121265230223e-01	  -1.4493971212342788e-01	  -1.0608393301987264e-01	   1.8324744549563421e-01	   2.8509031873444596e-01	  -2.8528758339667172e-03	  -5.4136780013699176e-02	  -9.9584389010931695e-02	   7.2096116510953897e-03	  -4.1602079603582170e-02	   6.7242859162056662e-02	   1.4397194860077983e-01	   1.2670970388182495e-01	   1.0548558243010642e-01	   1.5224739164007434e-01	   1.3508725170146699e-01	   1.2068935049681119e-01	   8.3521181083721197e-02	  -2.5724539313761511e-02	   1.9900637745444222e-01	   9.9537265101983269e-02	   4.0777082419223079e-02	   3.2993523766154824e-02	   2.8992443478905429e-02	  -2.3159819542016327e-01	  -1.3295383694325065e-02	  -1.0828779118344664e-01	  -7.4392425020319591e-02	  -1.9056993543740441e-01	   1.0424197618266862e-01	   8.9975223162038348e-02	  -3.1195681100610095e-01	  -1.8464460776612460e-01	   9.5122749900482972e-02	   3.1409921739012714e-03	   3.0180028982493984e-01	   3.7568349817927915e-01	   4.0109083039528581e-01	   3.7515839037206877e-01	   1.2656677527597471e-01	   8.6955352859271598e-02	   1.1043759277604788e-01	   1.1709885784877386e-01	   3.5378966570779602e-01	   2.8319752858558678e-01	   4.7225206854750662e-01	   4.0144530180481230e-01	   4.3950267440986068e-01	   4.2000188751233042e-01	   6.4116209156420156e-01	   6.2427168946247313e-01	  -1.4273869548289853e-01	   1.4893684796603668e-01	   1.1956464378131132e-01	   2.3969462056025426e-01	   1.0775978401901987e-01	   2.4028545230057335e-01	   3.5374696665203298e-01	   3.2418147089651661e-01	   2.8226334621514032e-01	   3.1832834399511334e-01	
   1.2625931124347927e+00	   8.9058896030027335e-01	   1.0743228975684624e+00	   1.0519140138012681e+00	   5.1071524348067954e-01	   2.5635947745725562e-01	   1.1615880246443275e+00	   9.7997731440690117e-01	  -7.8520588620875631e-02	  -5.3771190841478328e-02	   0.0000000000000000e+00	   1.4009204781445721e+00	   1.5914553908264295e+00	   1.3321784705724091e+00	   6.2298922126712730e-01	   1.1837329097108218e+00	   1.1941087578254435e+00	   9.0174401365841750e-01	   9.5514726061497268e-01	   9.5176320104509660e-01	   2.7304830336383984e-01	   2.2405278303962445e-01	   1.0417855246619114e+00	   9.9641998605948556e-01	   6.5883928766243449e-01	   5.2548433309169262e-01	   1.3218381721951047e-01	   4.0207866339902171e-02	   1.0410210530992732e+00	   1.1110238568912649e+00	   8.6119545689283550e-01	   8.7439893683052328e-01	   7.2907133227916598e-01	   7.1441885662312543e-01	   4.0607634838367651e-01	   3.9837337538136813e-01	   5.5665971934507330e-01	   6.2411371100045310e-01	   4.9077927092091028e-01	   2.8421027354710543e-01	   7.2991574213386268e-01	   6.5036994598852993e-01	   5.5330711526304488e-01	   6.3660988579634425e-01	   7.4055738386088810e-01	   5.9196102801931361e-01	   6.9685837915565441e-01	   8.3201382590463802e-01	   5.9926205224153373e-01	   3.8124455597083978e-01	   7.6657653912048906e-01	   4.7259990031293947e-01	   2.5411197358933790e-01	   1.8246033281059210e-01	   7.3780260838038081e-01	   8.9337811921516685e-01	   8.7493568269517308e-01	   7.4126546377052249e-01	   6.2251014064749133e-01	   1.9922493871325686e-01	   8.7444863192987043e-01	   5.7454925871487172e-01	   9.5004141476795467e-01	   1.0181407777774163e+00	   3.8161092262779422e-01	   4.9881281357923890e-01	   4.0024760812558480e-01	   3.7112929765277536e-01	   6.2654035032654476e-01	   3.6616797085811237e-01	   1.0363269042803942e+00	   8.9638692989010771e-01	   1.1369356538082993e+00	   1.1677703462678160e+00	   9.7598509812054379e-01	   1.0209802516348090e+00	   1.0695947540660644e+00	   1.0757324391123815e+00	   5.0352754341782946e-01	   8.3221664135408713e-01	   1.0884264407117044e+00	   1.2772407839692006e+00	   5.7778027773558716e-01	   7.1201345022757156e-01	   7.7683366192423564e-01	   8.9322062799596202e-01	   3.2012488409928636e-01	   6.4471593359539303e-01	   3.9810254115580707e-01	   5.8197431556776569e-01	   3.4898546198945718e-01	   2.3247968178325534e-01	   4.9755894647454883e-02	   4.1927048567613055e-02	   4.7912342145470022e-01	   4.9137926109215463e-01	   5.4067403147970716e-01	   5.3843904331531334e-01	   3.4221433837865617e-01	   3.6015983968001902e-01	  -1.3098603171287998e-02	   1.8391812994311957e-01	   5.6704021034911505e-02	   1.6294133456392879e-01	   4.9152437780670362e-02	   1.4124820285616613e-01	   7.9621588446914804e-02	   4.8229567646933015e-02	   3.9206438798722765e-01	   5.1866681080345356e-01	   7.6310607466343450e-01	   7.1451914687090967e-01	   4.3947371775780808e-01	   3.6163094625462711e-01	   3.0015149344002895e-01	   3.1386986658995963e-01	
   9.6756639085847074e-01	   9.9164491890253992e-01	   8.6901343488824345e-01	   1.1734357237703876e+00	   4.4526482211995971e-01	   2.1699679205328445e-01	   9.3844533393765517e-01	   1.2692489862117708e+00	  -1.9840575680771375e-01	  -1.9068290668298490e-01	   1.4009204781445721e+00	   0.0000000000000000e+00	   1.2057261584673777e+00	   1.5946877552590850e+00	   4.8591353201617860e-01	   1.1628718401110563e+00	   9.6767749614748411e-01	   8.9568594955086600e-01	   1.0606881106046220e+00	   1.1325668917416170e+00	   3.4812730319171098e-01	   3.9110225948923327e-01	   1.1813403242806828e+00	   1.2509082669811322e+00	   8.8821861294341409e-01	   6.6769377525269114e-01	   2.0540967437754662e-01	   1.7710496526906094e-01	   6.5488722167240943e-01	   9.4530211571561162e-01	   9.2576233232951999e-01	   9.7981733360002343e-01	   8.2700906204153579e-01	   8.1632512976804050e-01	   5.2003910591819191e-01	   5.7176040221583424e-01	   5.1699208792462492e-01	   6.9979317744709879e-01	   4.8273703587402472e-01	   3.4658335860687128e-01	   9.7129751891588079e-01	   9.1541821464373796e-01	   7.6739627587481396e-01	   8.6042128276370411e-01	   6.7254759533657749e-01	   6.6876171929382389e-01	   8.6943083278529731e-01	   8.8823050773867585e-01	   4.9800358740512196e-01	   3.6961048225718257e-01	   6.8178648900822969e-01	   4.6321709770237329e-01	   4.5703210256194537e-01	   3.4504395887030037e-01	   5.4499171924180079e-01	   9.5109608643045784e-01	   8.6865427703428888e-01	   9.5928866109947464e-01	   5.5592536673191817e-01	   1.3610157588741853e-01	   7.7756264232288630e-01	   5.9239310999223216e-01	   1.1320265922182513e+00	   1.1843023535914354e+00	   3.2644312291157968e-01	   4.9488253836078189e-01	   4.4620709842961964e-01	   4.7140414300363465e-01	   7.9315143057995541e-01	   5.5108088669980659e-01	   9.8981969447177975e-01	   9.6910947724581253e-01	   8.6170086145190450e-01	   9.9636104980609630e-01	   6.6660413709395305e-01	   7.6401147964557392e-01	   7.8869636969178913e-01	   1.0268144113885307e+00	   3.1302992809562380e-01	   7.1915953365986429e-01	   9.3918954522623677e-01	   1.3654485664944043e+00	   2.9846791130190431e-01	   5.1553903751233088e-01	   8.4446901862190027e-01	   9.6286505075337958e-01	   2.6339682255019242e-01	   6.8944346035499338e-01	   4.5868643101207712e-01	   7.7615030640058813e-01	   2.9713695817362068e-01	   2.4760254864272127e-01	   4.0442433980720602e-02	   5.5746191954800586e-02	   3.9838354782099378e-01	   5.3182315091701848e-01	   3.1343815117286439e-01	   4.5839631203769238e-01	   1.4179834794513752e-01	   2.6560950626646723e-01	  -8.0496491155964064e-02	   2.0190912019761287e-01	   2.9712905755324613e-02	   2.1373760328812902e-01	  -1.3259833454704933e-01	  -4.4999417828401847e-02	   1.4358836416618478e-01	   5.5834519989033507e-02	   2.3110238117902457e-01	   2.4208818931921278e-01	   5.3009332995579583e-01	   4.5165737477849599e-01	   2.9763866469828498e-01	   1.2652583663510517e-01	   5.1078466604104665e-02	   4.2657995922797773e-02	
   1.0021298071179789e+00	   7.9469775166118439e-01	   1.1391088007320753e+00	   1.1190384507797491e+00	   7.3426368786236129e-01	   3.9989782750563374e-01	   1.3791319117106193e+00	   1.1969670983988789e+00	   4.0225032711938585e-02	  -9.0732151372292999e-03	   1.5914553908264295e+00	   1.2057261584673777e+00	   0.0000000000000000e+00	   1.4955358240199288e+00	   7.8054248032770956e-01	   1.2540956742199467e+00	   9.5839410055644769e-01	   7.0622590655681783e-01	   9.1223994539465780e-01	   9.2359161446308702e-01	   4.6190037938071205e-01	   3.8633661821095122e-01	   1.2728144751903148e+00	   1.1257129537102264e+00	   8.4502838979397910e-01	   7.5819874198954262e-01	   2.2615201914594690e-01	   1.4697671938546747e-01	   7.3276166433949974e-01	   7.8334830120884036e-01	   8.0462398655647949e-01	   8.3752342386500445e-01	   7.8777277844151727e-01	   7.7153272035534670e-01	   5.6964816945173624e-01	   5.7146534317107256e-01	   4.2357351052410191e-01	   4.8588064706913781e-01	   4.1133827921628091e-01	   1.1903746144114988e-01	   7.7372801184449647e-01	   5.8889564049377330e-01	   5.9104416542592930e-01	   7.4699811215535517e-01	   6.8137391448859386e-01	   6.7096816340493270e-01	   7.8991164320885754e-01	   8.8213949552100179e-01	   4.8012233236516932e-01	   4.1232425574333642e-01	   7.4481146520525332e-01	   5.4434254934977944e-01	   3.4205671453762038e-01	   3.4328458650524984e-01	   6.5938017598565191e-01	   8.4459729360989888e-01	   7.6174265061056545e-01	   7.8601149874904053e-01	   7.5573262189408785e-01	   3.1807121605272787e-01	   1.0194585090337247e+00	   6.9105125087401575e-01	   9.5412031847438672e-01	   1.1109468801478530e+00	   5.1241568642190294e-01	   6.9810169035748104e-01	   5.9599712401129079e-01	   5.7173395134651706e-01	   7.9986562981489717e-01	   5.7497890057353096e-01	   1.0524627278269800e+00	   9.4796226983589571e-01	   1.0260024124628178e+00	   9.8767184441663780e-01	   9.1185496234549890e-01	   8.7770685642422586e-01	   8.7927304762514946e-01	   9.6083672126674202e-01	   3.8109528680187338e-01	   7.4720526650365060e-01	   1.1023578618297716e+00	   1.2702878738080932e+00	   6.4548212542449546e-01	   6.2387156729885729e-01	   9.8654450008999872e-01	   1.1693659585011114e+00	   3.2225116574790613e-01	   7.2443087201350231e-01	   5.3520249187750668e-01	   7.4594720154789196e-01	   4.0115432215212715e-01	   3.4554735081239013e-01	   1.0195564721898420e-01	   1.6090458145296443e-01	   3.3633996117117654e-01	   5.2561044236141885e-01	   3.4395404100402077e-01	   4.2493246111257788e-01	   2.8190465664765185e-01	   2.4604381748701731e-01	   1.4430571035966046e-02	   2.9029404138467485e-01	   1.3497870473378920e-01	   3.0710040858894572e-01	   1.0400057754912871e-01	   2.2095397176689710e-01	   9.7616502601826735e-02	  -7.6981983428651701e-02	   3.4885995693736926e-01	   4.5671394044522073e-01	   6.0675550852158733e-01	   6.0937226595373595e-01	   4.3548170070139436e-01	   3.6965237825581776e-01	   3.5146381873612159e-01	   2.9555381616765330e-01	
