   0.0000000000000000e+00	   1.0676488057810063e+00	   8.3340637471357049e-01	   7.5116957304886611e-01	   7.8597531982261770e-01	   8.7512008620742843e-01	   8.2534417253696302e-01	   5.5717911705436318e-01	   5.9106811856416563e-01	   4.6127516080806447e-01	   1.0810047322956207e+00	   7.4021177832966667e-01	   8.1222197552748265e-01	   6.8406561061760385e-01	   8.8261770372170822e-01	   7.8265269662998871e-01	   8.1414442842884083e-01	   4.7015031460246653e-01	   1.2973157988043025e+00	   1.1013936387930787e+00	   8.2133491860963292e-01	   6.9644393158834095e-01	   8.4870558287659770e-01	   6.3569626546232505e-01	   2.7298949457980376e-01	   1.8990679925397669e-01	   8.5224600797990657e-01	   9.0480884424810348e-01	   3.7168849125777687e-01	   1.9147607834444907e-01	   6.0346313965334415e-02	   9.5527249536951644e-02	   7.8861670377155701e-01	   5.5122232468388344e-01	   6.7395952480227361e-01	   7.4144488182150203e-01	   7.8702539389356252e-01	   6.3551065011723651e-01	   5.4214142512059982e-01	   6.6660483775840784e-01	   8.6783622737605559e-01	   7.2885344112854178e-01	   9.1658013721006593e-01	   1.0282237167168282e+00	   1.0250047783025185e+00	   8.7905941130154019e-01	   8.9909119290539830e-01	   8.0174655190329969e-01	   8.2161455941369366e-01	   6.8089684076526968e-01	   9.7633372811732333e-01	   8.9489047392847598e-01	   8.8530791868832370e-01	   6.8626845679728288e-01	   1.1445969818884323e+00	   1.0284353554977057e+00	   7.7595940185678047e-01	   8.0782651890918777e-01	   6.6387494366058919e-01	   4.7272875994988001e-01	   3.7531565793878618e-01	   1.9167116696342393e-01	   8.7656776413065718e-01	   7.4324638801619114e-01	   5.2123628828570556e-01	   3.3967652306695406e-01	   6.5219434628150341e-01	   6.1642473896825600e-01	   1.1550972401273862e+00	   9.8776825024611958e-01	   1.0523245231791751e+00	   7.8239868493025222e-01	   9.5536208196282024e-01	   6.8494200214835632e-01	   1.0449399577019434e+00	   7.4880329072994123e-01	   1.0514150758487786e+00	   7.5980884773604374e-01	  -8.9488981753085159e-02	   1.1211179232798198e-01	   4.5509866721475306e-01	   9.2555933966633697e-01	   6.0024429802647239e-01	   8.2522414355165585e-01	   7.9444990419607686e-01	   9.9225016761747287e-01	   4.9441770138866981e-01	   3.8578951014715990e-01	   1.0453925098445951e+00	   1.2385405188434551e+00	   4.6232621536931190e-01	   6.4509420868955325e-01	   7.1591989746729323e-01	   7.8099773681110807e-01	   3.9436186172916769e-02	   6.5099908170651949e-02	   2.8462355151571533e-01	   1.6690334875016752e-01	   3.4711601732797465e-01	   4.2686860135535837e-01	   9.3568005046897340e-01	   8.0534149059591520e-01	   7.8548571594832628e-01	   9.0602066975088502e-01	  -1.0334992824309028e-01	   1.1698372478150741e-01	  -2.8645013293122201e-01	  -3.2150131981009349e-02	   4.4456811272037655e-02	   1.3129464539722302e-01	   1.1615412239611332e-01	   4.2016610098869045e-01	   5.0760568570350040e-01	   5.4583873204617750e-01	   1.5042477101739390e-01	  -1.7986442205094122e-01	
   1.0676488057810063e+00	   0.0000000000000000e+00	   5.0176616887300662e-01	   5.8171558546386093e-01	   5.3132540878717016e-01	   6.6455530798087559e-01	   6.3184063256087375e-01	   5.5295544512180905e-01	   4.3612899851936526e-01	   4.0267099618182572e-01	   7.9406581741496096e-01	   5.4848626825573688e-01	   6.6265636638695402e-01	   5.6518981658271583e-01	   6.5063615758567661e-01	   5.7745515026648464e-01	   7.6167026911017399e-01	   5.3025605429637312e-01	   8.3652929360313233e-01	   9.5030826379077049e-01	   5.9402467797225178e-01	   5.0789741093960494e-01	   5.2280923263985291e-01	   3.6404509124137191e-01	   1.2226295190038407e-01	   1.8094216419867405e-02	   5.6030708115557104e-01	   5.7948693130353446e-01	   3.2910204657896186e-01	   1.8921139368989937e-01	  -3.3498516032057168e-02	   8.2728452695214505e-02	   8.0791773743412421e-01	   6.4000960851647160e-01	   4.9556494458846118e-01	   4.9802059585878977e-01	   6.4641498058966051e-01	   5.5935877824906610e-01	   4.5681848680467863e-01	   4.9612734294078686e-01	   1.0611744262819660e+00	   6.4985922205724833e-01	   6.4797780154854157e-01	   8.4655859043706871e-01	   6.9922460932055486e-01	   8.0050370767888623e-01	   7.9691569489126235e-01	   7.3080112654327856e-01	   6.8024934790518432e-01	   8.7767676928276117e-01	   9.6499513540870319e-01	   9.3257332265632886e-01	   6.2199702614768848e-01	   6.8760349268365373e-01	   8.6857392730168881e-01	   9.0993892390878250e-01	   9.0047133080882469e-01	   8.9481025658856705e-01	   7.4829562667164340e-01	   6.5222907908326744e-01	   4.0134027040060161e-01	   1.8962670299769874e-01	   7.9606307828791212e-01	   7.8103165487106052e-01	   4.2735404696721346e-01	   2.6305549480593032e-01	   6.6513351998786774e-01	   5.8707542324005191e-01	   7.6070213108731810e-01	   7.6119318838893280e-01	   7.0756182144908231e-01	   6.0834322202104074e-01	   7.0809569930532679e-01	   6.5613689897315475e-01	   7.5969781200935671e-01	   6.4699102325017244e-01	   8.6790651013327702e-01	   7.7346513421905461e-01	  -1.2893635638318310e-01	   1.6818474930291566e-01	   2.5609275622622746e-01	   5.6135988143105731e-01	   4.0601283789135917e-01	   5.0843118329125203e-01	   4.7717691552788088e-01	   7.5503190476017912e-01	   4.5603420592409666e-01	   4.3546180500554732e-01	   8.3102076581787754e-01	   8.7566131633383248e-01	   4.9415962012856446e-01	   7.3302821725720080e-01	   7.7664608414227509e-01	   7.8342211078068336e-01	   1.1181255204416540e-01	   3.5174244454949342e-02	   4.3986881673745476e-01	   2.6792881295607918e-01	   6.8505147721518156e-01	   7.4900118417380468e-01	   1.0872831573366635e+00	   8.3737126503426562e-01	   8.8320959979826918e-01	   9.8874401109744503e-01	   1.5717546740103758e-01	   3.6765366993754434e-02	  -4.2836740250515076e-01	   3.1578826481402846e-04	   4.5911615234193556e-02	   1.9567288995318410e-01	   3.6946357239106709e-01	   7.4315007148501511e-01	   6.2304858005814390e-01	   4.8966119088606053e-01	   1.6556671349241919e-01	  -1.3228368293736872e-01	
   8.3340637471357049e-01	   5.0176616887300662e-01	   0.0000000000000000e+00	   9.7806039910297227e-01	   8.1802608773043284e-01	   7.4099230336043020e-01	   7.7882835986178289e-01	   3.4529037937950147e-01	   6.7308524931434888e-01	   4.1918778422142405e-01	   6.7666767937077721e-01	   3.9986020192209765e-01	   7.0417966848737445e-01	   5.2430974091657678e-01	   8.6100993567435269e-01	   7.1808535301230458e-01	   2.0422413302048414e-01	   2.5710053107558254e-02	   8.4855018895812007e-01	   6.6918735662008277e-01	   6.6566119172300398e-01	   5.3325516737378287e-01	   1.3112061293636919e+00	   9.4360950196783644e-01	   4.6661661277168520e-01	   3.8770241313045223e-01	   6.9317522761293515e-01	   7.5158840289521256e-01	   3.7597876952044293e-02	  -2.4111201691784163e-02	   1.3453880136439386e-01	   9.4972986133215351e-02	   7.7707915324064447e-01	   5.6707887582285177e-01	   7.9913951535035199e-01	   7.2258854103317516e-01	   6.2849617101336264e-01	   4.2522155020862484e-01	   3.9430377633467900e-01	   5.6873486323146416e-01	   5.1509070837489235e-01	   3.7945080073704324e-01	   5.5013473205659580e-01	   5.3852522847797712e-01	   6.4919601864237408e-01	   4.6557115177597880e-01	   5.7451780371598216e-01	   5.0485964078291501e-01	   4.5015044249857189e-01	   4.2395265051699171e-01	   3.9962025231918008e-01	   4.9531554855247240e-01	   5.8997673067237566e-01	   6.1605652490266205e-01	   6.9756420242278483e-01	   5.4553068042018649e-01	   2.1995057133949519e-01	   2.2364410850998151e-01	   3.7310335796292687e-01	   1.5533985736524353e-01	   3.8388004784746854e-01	   1.6329064081520178e-01	   3.1206214381751946e-01	   1.9898906811758124e-01	   1.0446765891105856e+00	   6.3554502128140045e-01	   5.0109903948717138e-01	   5.4348078445863224e-01	   6.8006631823794794e-01	   6.3363232414543080e-01	   9.9127972639297501e-01	   6.1549194852739664e-01	   5.3529496507619834e-01	   3.6548832800847164e-01	   6.8990742345709710e-01	   4.6426626865664850e-01	   7.2938212003398539e-01	   4.8757154528618907e-01	  -2.5876939782886993e-01	  -7.8727063631189032e-02	   1.3863140454720638e-01	   6.8246913769395412e-01	   4.1397874003576934e-01	   5.2407644501999029e-01	   1.1802615923137354e+00	   1.0377852090060762e+00	   5.1827617821260585e-01	   3.2499637227052125e-01	   1.0135017346935846e+00	   9.3750942905945345e-01	   3.9634991175618212e-01	   8.0782568385646558e-01	   4.4181611107980251e-01	   6.5386243891220919e-01	  -7.9162003658528463e-02	  -6.5931044559055491e-02	   1.7087411100752298e-01	   5.8746331999389403e-02	   1.7671388452701361e-01	   3.1318359595904061e-01	   6.3233781294291591e-01	   6.7837072922898956e-01	   5.1491219992815940e-01	   6.6563670592350210e-01	  -1.6455821376141094e-01	   1.1617965392461911e-02	  -2.0817164956478312e-01	  -3.4463846068574208e-02	  -7.6367424342993803e-02	   1.4208374158018913e-01	   8.9520066560012254e-02	   2.9802804687414208e-01	   3.9158954711747312e-01	   9.1031662115748924e-01	   2.4664856728265899e-01	  -3.1439869794523689e-01	
   7.5116957304886611e-01	   5.8171558546386093e-01	   9.7806039910297227e-01	   0.0000000000000000e+00	   7.2004039669573960e-01	   9.6603525524800749e-01	   9.3881275728403335e-01	   9.2910111474594004e-01	   7.1520343236216544e-01	   6.8418896359122838e-01	   7.1315623042244025e-01	   6.5401479616715974e-01	   7.2365783519572646e-01	   9.0380773481279897e-01	   8.5654502188307147e-01	   8.7515489805949020e-01	   2.8555050897338946e-01	  -8.1579035334986783e-02	   8.3283600101385169e-01	   7.9795685266785099e-01	   6.0583210370858875e-01	   5.9579000149291284e-01	   9.1420245407108591e-01	   9.9279188994201983e-01	   5.2096787377041776e-01	   4.6179670573906539e-01	   6.3193436265574632e-01	   6.7423337010799844e-01	   1.0979176622534441e-01	  -1.4078615135276968e-02	   2.0691025088484677e-01	   3.7246598262351449e-01	   8.9749501069194904e-01	   1.0032258547992823e+00	   7.1899954059160531e-01	   8.2536936968957209e-01	   7.1873110716315380e-01	   6.1080948264018065e-01	   6.4360301660846220e-01	   7.6886826592876889e-01	   5.8208427850271405e-01	   4.9112228434987648e-01	   5.3984378381675546e-01	   5.7974312558914975e-01	   6.5133864593068902e-01	   6.2554445887134691e-01	   6.8552001411629471e-01	   3.9535096514053031e-01	   4.3827997245206179e-01	   5.3901304712502440e-01	   5.5274724071004022e-01	   5.4605532385899824e-01	   5.0947517278027155e-01	   6.4167473184332902e-01	   6.9273966571566137e-01	   6.1243013536134827e-01	   3.9938896975483562e-01	   3.7831896454893771e-01	   5.4357196174697864e-01	   4.8538798734430288e-01	   7.1659635809891620e-01	   6.5907240212406337e-01	   5.3048751408365091e-01	   4.9873403673047401e-01	   7.2346930730621029e-01	   9.9476509373199928e-01	   4.8465203916531852e-01	   6.3828541529584237e-01	   6.1642205586861387e-01	   6.1901892635769096e-01	   8.2287717598441179e-01	   8.5140076536934561e-01	   6.4856026382899978e-01	   5.7929899579320865e-01	   6.9589700385360753e-01	   6.2654589870016952e-01	   8.2120433748563093e-01	   7.8212144780702664e-01	  -3.2631599875504086e-01	  -2.8178464421058991e-01	   1.0420339279665022e-01	   6.1483330872244846e-01	   2.8031674475810153e-01	   4.4627644277140222e-01	   9.1875499797993154e-01	   1.2925347694884173e+00	   4.6170672157600268e-01	   3.3000456166274622e-01	   1.0483580447226279e+00	   1.0288579196795613e+00	   7.4748995088009573e-01	   7.1511210121338731e-01	   6.6218740968531697e-01	   5.9331689267029841e-01	   1.1503227882362296e-02	   8.4169377035744397e-02	   3.7644615520911084e-01	   2.8746349083897094e-01	   4.5951178127134540e-01	   4.6897556581818228e-01	   7.8908960186763044e-01	   7.3826180022402066e-01	   6.5044749365150534e-01	   7.2840171747133453e-01	  -6.2479741741498916e-02	  -5.1095612698061087e-02	  -4.5476232486336088e-01	  -9.0911169817172094e-02	   8.1906777308125359e-02	   2.8049876250004679e-01	   1.8912685545643615e-01	   5.1259293577461684e-01	   5.4201912510692329e-01	   8.8658915624846923e-01	   2.4357172525571630e-01	  -7.3541591585260344e-02	
   7.8597531982261770e-01	   5.3132540878717016e-01	   8.1802608773043284e-01	   7.2004039669573960e-01	   0.0000000000000000e+00	   1.2223346946583884e+00	   7.7672976238227676e-01	   4.7554705207559367e-01	   9.3848846894202587e-01	   5.5447098977982556e-01	   5.2336164502358939e-01	   5.4793612186294338e-01	   6.1213877646841441e-01	   7.1414483883175117e-01	   6.5398993827103580e-01	   6.5870587017264504e-01	   2.8576235891008733e-01	   1.2037641118913758e-01	   9.9599479894802245e-01	   8.5165034479612478e-01	   1.0280127850990866e+00	   9.0604721959323964e-01	   8.7481612299805289e-01	   7.3470185613718786e-01	   8.4642188291346510e-01	   6.6899032476392728e-01	   1.2496821577280135e+00	   1.2087914106733004e+00	   2.0901961669467534e-01	   1.5294989554668012e-01	   2.5583649921994805e-01	   2.5025555660178544e-01	   9.4054714753702351e-01	   7.8133151825298308e-01	   1.1011823330105377e+00	   1.1615374964311778e+00	   9.7113337455583670e-01	   7.5352527884183573e-01	   6.2161089362878563e-01	   8.1823064898364362e-01	   7.3255002551160908e-01	   8.1679283508234812e-01	   6.4585199570836616e-01	   5.0136681580562603e-01	   5.0893871403743718e-01	   3.4475644817186379e-01	   6.0521789418638705e-01	   4.8016462660618975e-01	   3.1741442993864233e-01	   2.5180630405442106e-01	   6.0135393692347261e-01	   3.9654579469167928e-01	   8.1752972063324347e-01	   3.5515683188602287e-01	   8.1302315592600938e-01	   7.2516700980005810e-01	   3.5363956756226889e-01	   4.5073572231806702e-01	   6.9353307634901740e-01	   5.2470164767596250e-01	   5.8418498523591578e-01	   2.8432814144234297e-01	   3.6240904811628011e-01	   4.0644689605036216e-01	   7.3960117866715680e-01	   7.2950889453498746e-01	   1.0647534403417573e+00	   1.1097206509491178e+00	   1.0356894538121812e+00	   1.0699621189748234e+00	   9.0367889485693209e-01	   7.2325757816573777e-01	   5.2183895016375192e-01	   4.6201036954756813e-01	   6.2394635200023751e-01	   5.6151025222269690e-01	   7.5223766326284458e-01	   6.2767200671931878e-01	  -2.6793567844523858e-01	  -8.4254424943896192e-02	   1.6646821940460838e-01	   7.8517620343978423e-01	   3.0472219879325402e-01	   6.4792776201233138e-01	   5.5323489140398241e-01	   8.9738775637697632e-01	   2.4619033076970387e-01	   3.2316523153638238e-01	   7.5550671278800230e-01	   9.4371641441460463e-01	   4.0009089850721280e-01	   5.6372654977723946e-01	   6.8224815292875063e-01	   7.0046468790680405e-01	   1.4485802182539653e-01	   1.4546666098011876e-01	   3.2564451583913712e-01	   2.3007925070873000e-01	   2.7213585213893915e-01	   3.9007136675835341e-01	   8.7085627603398275e-01	   7.5657048383934755e-01	   8.9247803000631931e-01	   1.0315916697337806e+00	   9.8017027804060491e-02	   1.9456604264988567e-01	  -1.5841703338701965e-01	  -1.2504749811223483e-02	   1.6561306487500344e-01	   2.2379502824754943e-01	   8.7141144493651720e-02	   3.6141360349549118e-01	   4.1393865267519653e-01	   6.5018314508647201e-01	   2.6134664683932696e-01	  -7.5359850362309438e-02	
   8.7512008620742843e-01	   6.6455530798087559e-01	   7.4099230336043020e-01	   9.6603525524800749e-01	   1.2223346946583884e+00	   0.0000000000000000e+00	   1.0489886833901869e+00	   9.1830295688546104e-01	   9.6772197282377026e-01	   1.0537385723833261e+00	   8.2902511622844510e-01	   8.0825325403747317e-01	   9.6253528650388975e-01	   1.1229375844731209e+00	   1.0407262580366312e+00	   1.1208716935946623e+00	   5.1548346335165951e-01	   1.7113163232171730e-01	   1.1924913850043968e+00	   1.1234356693083516e+00	   8.6805432963081663e-01	   8.4882496615098901e-01	   7.9527186503894476e-01	   6.5742293011872144e-01	   5.6399548121203402e-01	   5.0242045501102717e-01	   8.6375254754167297e-01	   9.4938792324171273e-01	   3.9778819158408740e-01	   2.4811061790419209e-01	   1.9286063477639653e-01	   3.5417281536329032e-01	   9.6423617458120137e-01	   1.0339750229514848e+00	   8.4295690821173741e-01	   9.4052671346275585e-01	   8.7532812929786652e-01	   7.4750233859488502e-01	   6.3549001982871078e-01	   8.3964124501545934e-01	   9.2207220971891901e-01	   8.9502046843189009e-01	   8.1846577078381622e-01	   7.8522908158806282e-01	   7.5848574695164639e-01	   6.8060679165842386e-01	   8.5185001400965366e-01	   5.8264347954098816e-01	   4.1350311332652268e-01	   4.6618308299187794e-01	   7.1666006488077283e-01	   4.8539966404882329e-01	   7.9511309106826622e-01	   5.8857737838576840e-01	   9.2624714816806852e-01	   8.4335937769746061e-01	   4.4925944037527094e-01	   5.2753848943646298e-01	   8.4644882316339287e-01	   7.5118108891890123e-01	   8.0480535065447312e-01	   6.5577797852502628e-01	   6.6008306854145049e-01	   6.3488844761663477e-01	   5.6477540719071029e-01	   9.0744271762960060e-01	   7.5586196665169647e-01	   8.5967051757875490e-01	   1.0652437247941520e+00	   1.0346974036397321e+00	   8.9368385736974920e-01	   7.6923968736783854e-01	   6.0351658750222525e-01	   5.6512848982017894e-01	   6.8070741417588676e-01	   6.5300941384772759e-01	   8.3368348126288427e-01	   7.4183854192382737e-01	  -1.3036469152049746e-01	  -7.4943267262015084e-02	   3.7457237743022520e-01	   8.4843652278873993e-01	   4.6070278355263994e-01	   6.6027321355702440e-01	   6.5766140403482098e-01	   1.0533496999584850e+00	   4.1223121204788948e-01	   3.0691387518171137e-01	   9.4431493980494852e-01	   1.0782207117048808e+00	   7.1642062302894549e-01	   7.9020031388252732e-01	   9.5284511534654892e-01	   9.5284249872845406e-01	   1.4579320493062830e-02	   1.0159232077485728e-01	   4.0596464989220993e-01	   2.9796125763010028e-01	   5.1451438863960530e-01	   5.3656321572385468e-01	   1.2391248190111022e+00	   1.1720257898790456e+00	   1.1201817557834532e+00	   1.1721541754884963e+00	   7.3552331175232258e-02	   1.2784293585165618e-01	  -2.2651009691688059e-01	  -5.9115322846824872e-02	   3.8677061766596646e-02	   2.3196398851832589e-01	   2.9579125831400527e-01	   5.3746988774058757e-01	   6.0462822120573545e-01	   6.7862324812982278e-01	   2.1920998494405114e-01	  -1.2692663105742702e-01	
   8.2534417253696302e-01	   6.3184063256087375e-01	   7.7882835986178289e-01	   9.3881275728403335e-01	   7.7672976238227676e-01	   1.0489886833901869e+00	   0.0000000000000000e+00	   1.2538511726006432e+00	   9.7825975941601717e-01	   8.6746571406464734e-01	   9.7735350623072026e-01	   9.0704457722611642e-01	   1.1273046602577155e+00	   1.1670076723373413e+00	   9.3386467106325532e-01	   8.7920053519855612e-01	   5.0506995169381508e-01	   1.4035127150027271e-01	   8.9092775865843987e-01	   7.9651747894289782e-01	   6.0550745140037532e-01	   5.6626894398033067e-01	   5.8953197213993991e-01	   4.8189834333130949e-01	   2.3881644795553791e-01	   1.8596300860703313e-01	   5.4902587988611562e-01	   5.9980925932175921e-01	   3.2480555863425592e-01	   1.4186308850858803e-01	   6.9230323959625473e-02	   2.8889556998820187e-01	   8.0595398141821528e-01	   8.5346656524095066e-01	   4.4396440004387527e-01	   4.8645604084021621e-01	   5.6715711558767845e-01	   4.4910826592966213e-01	   4.5770805887848320e-01	   6.2579523047716290e-01	   6.7605174146666935e-01	   5.9128160496758420e-01	   5.0491571993767470e-01	   6.0904302041036362e-01	   6.2725580940793524e-01	   5.9583656972488130e-01	   5.7694220186844636e-01	   3.9667202874031959e-01	   3.0945474852799748e-01	   5.0997642444117697e-01	   4.6761903346050460e-01	   4.6842395981751106e-01	   4.6035834541293275e-01	   5.8562935875201083e-01	   6.7972670499739518e-01	   6.2593498705720318e-01	   4.7981760939706880e-01	   4.5032677532258047e-01	   9.1473300044952344e-01	   8.6919242623571236e-01	   1.1901901213987351e+00	   8.4799063907708128e-01	   6.6547974078840422e-01	   7.3421626068730894e-01	   5.6333849031186001e-01	   8.0276847437629539e-01	   5.6499698740804150e-01	   5.7607582504577037e-01	   6.2417495291377612e-01	   6.7317645351028665e-01	   7.3629802674466693e-01	   5.8591889637536487e-01	   5.9051934402943340e-01	   6.2009314013473216e-01	   6.3456697572548493e-01	   6.9675232094630912e-01	   8.8520058047383898e-01	   7.3130723591439251e-01	  -6.1641647932722872e-02	  -9.6868617029317206e-02	   3.2831180791197612e-01	   6.5862787787372334e-01	   3.4399975525451271e-01	   5.3097479653292723e-01	   6.1888599503849939e-01	   9.9743420592969156e-01	   4.7797507596547112e-01	   4.8545940393513953e-01	   7.7274732221227327e-01	   9.2527591375445450e-01	   7.8546745988703126e-01	   8.9025867207448850e-01	   8.9597975138776631e-01	   8.8521909586316894e-01	  -5.4790610086416190e-02	  -2.0203813105571497e-02	   3.2253459271092000e-01	   2.6010322349156073e-01	   6.4519060657232363e-01	   5.5594400802721744e-01	   9.6942026407914794e-01	   9.8890663320580352e-01	   6.8709317829241534e-01	   8.2322500374360286e-01	  -1.8778380171037795e-01	  -8.3439389236455719e-02	  -3.5386884387841167e-01	  -4.9612163566021258e-02	  -3.9647777921139209e-02	   1.7853087104944709e-01	   2.8111139692389719e-01	   5.5740114603040114e-01	   4.7984981251592462e-01	   5.0002639207944477e-01	   5.4862330453566898e-03	  -1.3196461095216289e-01	
   5.5717911705436318e-01	   5.5295544512180905e-01	   3.4529037937950147e-01	   9.2910111474594004e-01	   4.7554705207559367e-01	   9.1830295688546104e-01	   1.2538511726006432e+00	   0.0000000000000000e+00	   7.0673030969605610e-01	   9.1650276750442505e-01	   7.6472314357824234e-01	   9.0298328256565585e-01	   8.2930964259407114e-01	   1.2284671400444138e+00	   7.1886206826381993e-01	   7.7903824940231270e-01	   4.8424640947049968e-01	   6.2192083014938268e-02	   6.2316077888957655e-01	   6.6480134675582181e-01	   4.3559078065592133e-01	   4.9603958300111145e-01	   3.1791903737500027e-01	   3.3494037681571759e-01	   1.6376648707448321e-01	   1.7893482806327971e-01	   3.5470692997300024e-01	   3.9559398751373009e-01	   3.3272668209803474e-01	   1.5908785048648974e-01	   1.0407675345851258e-01	   4.4281561597462260e-01	   5.9994319424990228e-01	   8.6496314997316803e-01	   2.8746769655211457e-01	   3.9847432328937260e-01	   4.6081756222517578e-01	   4.6143005234921797e-01	   4.7601555089110231e-01	   5.5446516681156344e-01	   5.8926210925032296e-01	   5.3284737372775293e-01	   4.3214963408385354e-01	   5.4755119379209349e-01	   5.4480973643076014e-01	   6.3529063640916628e-01	   5.6010618881214724e-01	   2.7807905005532174e-01	   2.4553605678252749e-01	   5.1375487264936681e-01	   4.7563485054102417e-01	   4.0768017344917629e-01	   3.3787545409234326e-01	   4.8221899152221614e-01	   5.2235767256763821e-01	   5.2990850091300334e-01	   4.6556533528760391e-01	   4.7604653000199670e-01	   8.1366623360187373e-01	   1.0796533519613911e+00	   1.1952767276804834e+00	   1.3568050168117058e+00	   7.6637600666257877e-01	   8.6519032315111377e-01	   2.8114168495769326e-01	   8.1262458753277556e-01	   4.0286566413371383e-01	   4.8421837088413411e-01	   4.5116696278625867e-01	   5.0154079519336714e-01	   4.8166871251192483e-01	   5.9442717297707870e-01	   5.2210939136095225e-01	   6.3480940561023025e-01	   5.0021483416479062e-01	   6.6289566321028370e-01	   6.8191379604869706e-01	   7.7633994494275882e-01	  -1.1132452991974131e-02	  -1.3709951230765380e-01	   3.2576789651202026e-01	   4.7812368815409523e-01	   2.1268337473257984e-01	   3.5692872454814162e-01	   4.2908461149092358e-01	   7.6967479670955896e-01	   3.5194351131586432e-01	   3.5138471910801278e-01	   5.9180283476703965e-01	   6.8159790486290806e-01	   9.4556521919953118e-01	   6.3943796441188649e-01	   9.0266085313101418e-01	   6.5183560241509664e-01	  -9.1489057801937587e-04	   7.5563675930785210e-02	   3.7535171360592301e-01	   3.5773323047645211e-01	   7.9362246146580429e-01	   5.3539799752353590e-01	   8.3527679860331872e-01	   7.6517698254895283e-01	   6.6928300269945984e-01	   6.3932570353414508e-01	  -9.0732878325021513e-02	  -1.0960228922997001e-01	  -4.1245669920050354e-01	  -7.1057119168016061e-02	   4.5640358898257377e-02	   1.9175291477796363e-01	   3.1781486663528380e-01	   5.8763986804812496e-01	   4.9145454427418306e-01	   3.2600392795146949e-01	  -3.4615764431822765e-02	   3.1082931776624832e-02	
   5.9106811856416563e-01	   4.3612899851936526e-01	   6.7308524931434888e-01	   7.1520343236216544e-01	   9.3848846894202587e-01	   9.6772197282377026e-01	   9.7825975941601717e-01	   7.0673030969605610e-01	   0.0000000000000000e+00	   1.1273920189065563e+00	   5.3703854211743374e-01	   5.8466065816752122e-01	   7.7179522460954653e-01	   8.1962456945009210e-01	   7.9073852389790900e-01	   8.0705272835835018e-01	   4.0043840258381547e-01	   1.5088176962241967e-01	   6.9636409521750720e-01	   6.0988780222190764e-01	   5.0938379574377879e-01	   4.9753354482906986e-01	   5.3263892042451444e-01	   4.3237267825453080e-01	   3.4708153096167832e-01	   2.1829214227110050e-01	   6.1101788651888922e-01	   6.1684977150165710e-01	   2.1699171917059959e-01	   1.3121216467773691e-01	  -4.3620842533172305e-02	   8.8319694367915577e-02	   6.1070083867398484e-01	   6.2686579350448690e-01	   5.5512381892907203e-01	   5.9232445472787087e-01	   5.8819734693310743e-01	   5.2845225475298041e-01	   4.0727265566069076e-01	   5.0947332300716597e-01	   4.2728450738292062e-01	   6.3234413907542986e-01	   5.4815072513014695e-01	   5.5723152236449569e-01	   5.5647934593178772e-01	   4.7278689953441033e-01	   6.3474985939770034e-01	   5.1219435485794385e-01	   3.3729420152707001e-01	   5.0617651650007445e-01	   5.3780676628051161e-01	   5.0770445187978741e-01	   5.9380754963767368e-01	   5.5289625622608307e-01	   6.7562653276216789e-01	   6.2436479770507336e-01	   3.4428888806200897e-01	   3.3648623721812509e-01	   7.8709949580901739e-01	   6.8946727056862567e-01	   8.1354014799025565e-01	   5.7907085640280820e-01	   3.9868929385327462e-01	   5.4708920397763383e-01	   5.8029670438300318e-01	   8.2358293462896415e-01	   5.9162120030180942e-01	   6.0345532317559591e-01	   6.6327021328767843e-01	   6.3570869118419504e-01	   5.7975521710702438e-01	   5.7284887813977381e-01	   4.6389340890935726e-01	   5.1543763078138216e-01	   5.4348695357372079e-01	   6.3043869281722631e-01	   6.6752907641759784e-01	   5.4924144264610231e-01	  -7.6956284488729584e-02	  -6.1607871414373509e-02	   2.6142765863502815e-01	   6.2255572448439178e-01	   2.2228505916261809e-01	   4.2018320643177509e-01	   5.0695121871671123e-01	   7.8216525893217659e-01	   3.1311772496306789e-02	   9.7398816441863264e-03	   5.4973013452779007e-01	   6.4398048857916790e-01	   7.1929193644586642e-01	   8.2021388431222497e-01	   8.6954267171576172e-01	   8.0325218581585756e-01	   1.3024419011549687e-01	   1.7056220424483387e-01	   3.1455531201183540e-01	   2.5418776781331759e-01	   4.9090134098768379e-01	   4.9277472947154471e-01	   7.5729615702671205e-01	   7.5957863907560252e-01	   6.4434410500014028e-01	   7.8908730740121347e-01	  -1.6421357820610816e-02	   2.0762346926537037e-01	  -3.0568524046580414e-01	   8.4193396927111183e-02	   2.0417640696177443e-02	   3.2062227164712201e-02	   1.3909689754768731e-01	   3.7657648930716858e-01	   4.8400888808851783e-01	   5.1265227622960041e-01	   1.2324666518184096e-01	  -6.5661764202318576e-02	
   4.6127516080806447e-01	   4.0267099618182572e-01	   4.1918778422142405e-01	   6.8418896359122838e-01	   5.5447098977982556e-01	   1.0537385723833261e+00	   8.6746571406464734e-01	   9.1650276750442505e-01	   1.1273920189065563e+00	   0.0000000000000000e+00	   6.6595137489740364e-01	   7.8366870910213970e-01	   1.0053295410855645e+00	   1.0982063369154953e+00	   9.8297861100762973e-01	   1.1557578475953627e+00	   5.0388232477735340e-01	   1.8661880124331465e-01	   6.9011345130258672e-01	   7.0944448436788221e-01	   2.6411273828076121e-01	   2.9893964122517491e-01	   4.2960236534309959e-01	   3.6199975070448231e-01	   1.9840965877466585e-01	   1.1649611550921132e-01	   3.0049207625294744e-01	   3.3995365860025833e-01	   4.6782604124280525e-01	   3.2485372244710287e-01	  -3.7390551900694236e-02	   2.0111392312202081e-01	   5.0543279880469782e-01	   7.0344900569219204e-01	   4.1365596777274494e-01	   4.4302706355972227e-01	   4.7002459941176217e-01	   4.8076582098912668e-01	   3.8880546852017817e-01	   4.7929971969029173e-01	   4.7954400603103114e-01	   6.7604436583266503e-01	   5.7947489071940872e-01	   6.4068148282538806e-01	   5.9313269891142206e-01	   6.2347846860835965e-01	   7.1276861017673232e-01	   4.9734857215598216e-01	   2.5357616337067895e-01	   4.8615171485107389e-01	   4.7464274759552288e-01	   3.9938982556478458e-01	   5.0424066297339809e-01	   6.1114919027730330e-01	   6.0076440981551382e-01	   6.0287467095599345e-01	   2.9187231557801024e-01	   3.3316850237059087e-01	   7.0309097720523794e-01	   7.8301118095380673e-01	   7.7953100332849279e-01	   8.5767547919729092e-01	   4.7238528298737975e-01	   6.1637807445983761e-01	   3.0655532841284183e-01	   7.8779092477769597e-01	   3.4776307183599064e-01	   4.3130507470331109e-01	   5.9467723958917440e-01	   5.5330571064562850e-01	   3.7198432233585860e-01	   4.1557570887122941e-01	   3.2775733159391240e-01	   4.0846823813575933e-01	   3.7002114587815121e-01	   4.7799357632859585e-01	   5.1204020518448512e-01	   4.7344926869270276e-01	   9.4201596885747904e-02	  -5.8441336398018295e-02	   4.2480251859830309e-01	   5.4938763815096903e-01	   4.0841536745208662e-01	   4.5970963158131983e-01	   4.2201114212307855e-01	   6.5550634680837683e-01	   1.4167086455830205e-01	  -2.9058577156003502e-03	   5.4544566141824324e-01	   5.6333408606219526e-01	   9.2620358186250684e-01	   8.0395890072452558e-01	   1.0034234444213077e+00	   8.7495336200425122e-01	   4.5392238319050517e-02	   2.0579954600511369e-01	   4.0867034551074199e-01	   3.6313438936804565e-01	   5.9869473650745408e-01	   5.1858110360535359e-01	   8.1965449188053952e-01	   8.7661282940426810e-01	   6.6715868394758104e-01	   7.5579737065823926e-01	   6.3366246858386932e-02	   2.4050590687766718e-01	  -2.0576914577374231e-01	   9.8604366506811286e-02	  -3.8209442177896374e-02	   9.1358411919697638e-02	   3.9646068240874671e-01	   4.6391002805873272e-01	   6.4559079088800508e-01	   5.0976821326348754e-01	   1.4681954791862092e-01	  -5.6057964926525379e-02	
   1.0810047322956207e+00	   7.9406581741496096e-01	   6.7666767937077721e-01	   7.1315623042244025e-01	   5.2336164502358939e-01	   8.2902511622844510e-01	   9.7735350623072026e-01	   7.6472314357824234e-01	   5.3703854211743374e-01	   6.6595137489740364e-01	   0.0000000000000000e+00	   1.2206855899828724e+00	   1.3494530283117323e+00	   1.0329769346769304e+00	   1.2819609839307848e+00	   1.1510320021622900e+00	   7.1145917897046340e-01	   3.7691910295260017e-01	   1.1267166857758104e+00	   1.0557992160016005e+00	   5.2679613154429761e-01	   4.7682750422285974e-01	   7.9927494711217428e-01	   6.5054847448076181e-01	   1.7391436475631300e-01	   1.2303050652340994e-01	   4.7028448529231509e-01	   5.3158977591529677e-01	   7.0128049282325333e-01	   4.6577735016620736e-01	   1.6761340033483177e-01	   2.9496185733074071e-01	   5.4722070909091780e-01	   5.1447988028567149e-01	   5.0422322967943622e-01	   4.9806889452689451e-01	   7.6787180156859536e-01	   6.9532772382038721e-01	   5.7590240529336478e-01	   7.5174925815289761e-01	   8.3444803881320673e-01	   7.8645642596620891e-01	   8.6361435234489525e-01	   1.0073117007603576e+00	   1.0254961300104601e+00	   1.0101139652099886e+00	   9.4359123696030367e-01	   7.5777402153173368e-01	   5.2466110906522490e-01	   6.1574004415169026e-01	   6.3011260663477708e-01	   6.3184944343775096e-01	   7.0622626263012456e-01	   8.8440446406110085e-01	   9.4654932702843986e-01	   1.0033865118203504e+00	   6.2970242913609553e-01	   8.0065902564298141e-01	   6.3460289136935577e-01	   5.8571028924262702e-01	   5.6393513910780679e-01	   4.1094555184516623e-01	   1.0542673126144417e+00	   8.3335064942637282e-01	   3.8066203150389710e-01	   3.5622198764012042e-01	   4.2615894730760784e-01	   4.3251315980404764e-01	   8.5059983935111239e-01	   7.9812723182689238e-01	   7.1546362787151363e-01	   6.0501974046540274e-01	   7.1752679754377369e-01	   6.4918423061327335e-01	   7.7411742452628407e-01	   7.2086873191819434e-01	   1.0181774221543392e+00	   7.5125357164700524e-01	   8.8822277478032952e-02	   1.9357769023712493e-01	   6.6605540530584284e-01	   9.8146734865292384e-01	   8.7142033234453187e-01	   9.6581924974243716e-01	   7.1615739649765087e-01	   8.9047356597415606e-01	   5.7245761038793996e-01	   4.7209463189566014e-01	   9.7845549241547025e-01	   1.0736383083387462e+00	   7.5631443778545437e-01	   8.4879984080784665e-01	   1.0115278935110028e+00	   9.4074543292032198e-01	   1.3525631395504945e-01	   2.4382672017841484e-01	   5.4405343007140472e-01	   3.9081692526516520e-01	   5.9600273869521825e-01	   6.2227141167695399e-01	   1.0093187633123359e+00	   8.6242254623403891e-01	   7.3605054160163885e-01	   8.9969964756149934e-01	  -6.7125442718451556e-02	   9.6760125973345046e-02	  -1.5293301353525582e-01	   3.0028255229646285e-02	   1.2658118067334378e-01	   2.1733591776398559e-01	   4.8391404578863506e-01	   6.1865562283994913e-01	   6.8443099160986731e-01	   5.9796789629332248e-01	   1.0220947526998948e-01	  -1.0193575657376908e-01	
   7.4021177832966667e-01	   5.4848626825573688e-01	   3.9986020192209765e-01	   6.5401479616715974e-01	   5.4793612186294338e-01	   8.0825325403747317e-01	   9.0704457722611642e-01	   9.0298328256565585e-01	   5.8466065816752122e-01	   7.8366870910213970e-01	   1.2206855899828724e+00	   0.0000000000000000e+00	   1.0475872831862258e+00	   1.4280361495734768e+00	   1.0169660261164783e+00	   1.2066632256606984e+00	   6.7800503923763211e-01	   3.2550357591237705e-01	   9.5124305427449107e-01	   9.4822129262450605e-01	   4.5355331596144377e-01	   4.9053444054467360e-01	   6.1202490083024297e-01	   6.5038649880009447e-01	   2.3732388495912909e-01	   1.2596183479125062e-01	   4.3450669266072706e-01	   4.5219149379069523e-01	   8.2928641050245133e-01	   6.0125036779232988e-01	   1.9900549763072345e-01	   3.9958886974219171e-01	   4.6439751038383037e-01	   5.6622555437763822e-01	   4.6013001142162446e-01	   4.9148847674274260e-01	   7.4856189405412576e-01	   7.6784992207434255e-01	   6.5225211082937073e-01	   7.5607237569593344e-01	   6.2573489411470140e-01	   8.3396164059339783e-01	   8.0924941356837765e-01	   7.6052048594059030e-01	   8.0580294168327737e-01	   6.9837219620926838e-01	   8.8666263972384485e-01	   6.0719539036057801e-01	   4.3437708803192665e-01	   4.2877872971802611e-01	   5.6150151979447971e-01	   4.6821238125280218e-01	   6.4234140264536776e-01	   6.7794524046894844e-01	   8.0908125927863361e-01	   9.0320926545549773e-01	   4.6411076887538938e-01	   6.3402559924346280e-01	   6.7165812122134627e-01	   7.9419161839010355e-01	   6.8491998476748694e-01	   6.6372990546862132e-01	   8.1516322645474670e-01	   9.6058355427006969e-01	   2.0550432744265457e-01	   4.1106040097214036e-01	   4.6082720216995698e-01	   4.7329200056605231e-01	   7.6127780276348289e-01	   7.5988982237559044e-01	   5.9804904572102557e-01	   6.9707906928467467e-01	   6.1714853949468529e-01	   6.4204069288893917e-01	   6.1060929358341298e-01	   7.5961229155838705e-01	   8.7019855047328509e-01	   7.9928508081706995e-01	   1.8105295376967695e-01	   5.4000766888285458e-02	   7.1237673701059256e-01	   9.6477750503233428e-01	   6.5914612366318759e-01	   9.6808799742330043e-01	   4.4892637783258849e-01	   7.6181095201945881e-01	   4.1144011532437130e-01	   4.3479500154282796e-01	   7.4291121457216802e-01	   9.3098735210645789e-01	   9.3472011815487921e-01	   6.5928171257428403e-01	   1.1944677602349931e+00	   7.5004711179763484e-01	   1.9960243836340297e-01	   4.3394155866669271e-01	   5.8617980838389872e-01	   5.5953423307328642e-01	   6.6392936317193163e-01	   6.1950310894250771e-01	   8.4912728176085173e-01	   7.0194110923771535e-01	   6.0350319170248379e-01	   7.7751524062948063e-01	  -6.9234320075549603e-03	   1.4811913185718514e-01	  -2.2445857638351599e-01	  -1.4507754407392427e-02	   2.3111250458088500e-01	   2.6094939843384896e-01	   4.8553836488190805e-01	   6.5555168475013104e-01	   7.6314974539009883e-01	   4.9543961575373685e-01	   2.6405082763969693e-02	   7.4576817431855083e-02	
   8.1222197552748265e-01	   6.6265636638695402e-01	   7.0417966848737445e-01	   7.2365783519572646e-01	   6.1213877646841441e-01	   9.6253528650388975e-01	   1.1273046602577155e+00	   8.2930964259407114e-01	   7.7179522460954653e-01	   1.0053295410855645e+00	   1.3494530283117323e+00	   1.0475872831862258e+00	   0.0000000000000000e+00	   1.3154123266818252e+00	   1.5388145758522866e+00	   1.3246580280183597e+00	   5.8877051717146267e-01	   3.2690022848670419e-01	   1.0305873563394969e+00	   1.0091904676312531e+00	   4.7845758521386184e-01	   4.0741242630897612e-01	   7.4287079686756652e-01	   5.3879881859699497e-01	   2.8463153513372452e-01	   1.7330137821133557e-01	   4.7071644423579551e-01	   5.1231152254915724e-01	   5.7891708255894547e-01	   4.0045860087389562e-01	   8.6973927494572334e-02	   2.2032359830751994e-01	   6.1295944427142746e-01	   6.6607185539594882e-01	   6.0793715550612215e-01	   5.2343646237992347e-01	   7.3496123796720991e-01	   6.1219470620131466e-01	   5.0097009208443188e-01	   6.8843928373331387e-01	   8.4415550086798175e-01	   8.2074577317926400e-01	   7.7432542585396935e-01	   9.4363916248125834e-01	   8.9167981045654787e-01	   9.1475189185422745e-01	   8.9584370672698321e-01	   7.4350052210346629e-01	   3.0697467286813784e-01	   5.7346818489322249e-01	   4.6331588029715465e-01	   5.1787345747107660e-01	   7.2168712046793337e-01	   7.1995825311968176e-01	   9.3569249186911552e-01	   8.9886193325312491e-01	   3.7365247130038154e-01	   4.9167774409368831e-01	   8.2572385294535111e-01	   7.1045246806098161e-01	   7.6733213786676902e-01	   6.1118580250590104e-01	   6.5430866706430268e-01	   6.5102949636922913e-01	   5.1402776411564388e-01	   6.6247514756348780e-01	   4.7504126489244836e-01	   4.9371916394146709e-01	   8.4360749379456257e-01	   8.0850812203259437e-01	   6.3335570593619550e-01	   4.7607959362102603e-01	   4.9436554357420548e-01	   5.1179710232958930e-01	   5.8390357349993594e-01	   5.9928297703360756e-01	   8.2040727754473897e-01	   6.0142459232784073e-01	   1.0834431326175589e-01	   1.3120111390071443e-01	   5.9557140482536686e-01	   8.8907750607179414e-01	   7.6793358497681075e-01	   8.3722725410718901e-01	   7.8935221790628318e-01	   9.5749330165502355e-01	   4.3510849839649401e-01	   3.9514191846036989e-01	   9.9725953268474388e-01	   9.6542039538873325e-01	   9.2644029206756018e-01	   1.1289821909698921e+00	   1.0864210065486481e+00	   1.0908449740718960e+00	   8.2647948904678012e-02	   1.9207681443840274e-01	   5.2822487043796307e-01	   3.9847461496053332e-01	   6.2044811323814131e-01	   6.3195558088121584e-01	   9.8941406072756921e-01	   9.0020025192096287e-01	   7.1200889976695314e-01	   8.9622183762150109e-01	  -5.1913457029546785e-02	   1.2550844827374333e-01	  -2.4336956182532687e-01	  -3.2992056302904700e-02	   4.5784570162562044e-02	   1.4397644322247968e-01	   5.5375470457785858e-01	   5.8851319611596531e-01	   7.7143618301645578e-01	   7.4864739240261502e-01	   1.0337502364610927e-01	  -1.4031053713401659e-01	
