   0.0000000000000000e+00	   1.4041505176703324e+00	   1.0084935287425811e+00	   8.4097748868117206e-01	   6.5204841002667446e-01	   3.4531482613167469e-01	   6.5773878661012664e-01	   5.4077628187424165e-01	   5.7108277678509445e-01	   3.0380038883489469e-01	   9.9400753774209760e-01	   8.2324374454051952e-01	   9.8285533925551116e-01	   7.9220971150019870e-01	   8.9562004857178401e-01	   8.1297378278405796e-01	   6.1398703633178442e-01	   4.9338500289124276e-01	   1.2564424870781687e+00	   9.3906638167027134e-01	  -1.4693754963397188e-01	  -1.7995410525118558e-01	   4.7332750992796346e-01	   5.3741425779776786e-01	   2.6845152857538224e-01	   1.3917844278830108e-01	   2.4643392592059676e-01	   7.2452527541793710e-02	   7.3192898577743581e-01	   6.6235277135739612e-01	   4.1593450975013041e-01	   5.6265923792505634e-01	   1.0930849267268408e+00	   9.1090250022934205e-01	   1.7256941594042502e-01	   2.0068003037272941e-01	   8.9216211387179167e-01	   9.0272628576385250e-01	   7.1034263084218952e-01	   7.3899445285089793e-01	   4.8194092079670076e-01	   7.4351698817932454e-01	   8.3576286843183567e-01	   6.9841895983857494e-01	   4.4482896236498198e-01	   3.7850801887085950e-01	   7.1472598365003881e-01	   6.3769626114098721e-01	   5.0052886254613638e-01	   3.7825004111935212e-01	   8.2417466481024360e-01	   5.9055766010327038e-01	   1.1044537200087863e+00	   6.4206762337063106e-01	   9.1361109903771509e-01	   7.9652583150485656e-01	   7.5881916610967004e-01	   6.2897201663665570e-01	   8.7554279096452869e-01	   5.6668752115092580e-01	   9.5863779490960077e-01	   5.0206211141000900e-01	   6.9288461869584483e-01	   4.2800850202159840e-01	   3.9964556377076038e-01	   4.9229563586641079e-01	   6.6023914982170595e-01	   5.4833747577052727e-01	   8.6157463448010529e-01	   6.1481329444396515e-01	   7.5612052870869473e-01	   5.4178101241169785e-01	   9.3180926415762622e-01	   8.7887207662375477e-01	   1.0608587533628531e+00	   8.9291154139409534e-01	   1.1057056422210405e+00	   9.0634722102013265e-01	   5.5007357002070567e-01	   6.8195331969292239e-01	   7.0878632699886113e-01	   8.8944610138797264e-01	   8.8258385022423691e-01	   7.8113867588899244e-01	   6.0275545581686940e-01	   7.3025388751524800e-01	   6.1781769689575383e-01	   6.1903553512014131e-01	   9.5486282374286024e-01	   8.6718970954141938e-01	   1.0690624598886054e+00	   8.1954492960568048e-01	   8.5948060606136467e-01	   8.4219616645787254e-01	  -1.1680479933375562e-01	   1.2091309757252584e-01	   5.1794590044436484e-01	   4.9452282635416067e-01	   8.4604397552962030e-01	   7.9876929133986363e-01	   5.6472581308013636e-01	   5.8391318372856693e-01	   5.3433580717000062e-01	   6.0183146450937186e-01	   3.2874973874918184e-01	   2.6517392340130319e-01	   4.3078559116935766e-01	   4.1509932868541388e-01	   9.0818886433022106e-02	   5.3788246308990639e-01	   7.6557889430680215e-01	   9.1863623988834364e-01	   8.1863371784882943e-01	   6.6005035592384298e-01	   4.5284902113126041e-01	   1.9142557131507004e-01	
   1.4041505176703324e+00	   0.0000000000000000e+00	   7.8851440744730494e-01	   6.9736383464033669e-01	   5.2175217010740949e-01	   2.8279015011890696e-01	   5.2555339888391950e-01	   4.0316855296876691e-01	   4.6733858610028223e-01	   2.7230348487093031e-01	   6.0642286128555278e-01	   6.8822007261704987e-01	   6.5380719914523833e-01	   5.9617555698603497e-01	   6.3358099575754856e-01	   5.9483851471030713e-01	   8.7534880713696694e-01	   8.4980461507697846e-01	   9.7069017408630931e-01	   1.0809826612907449e+00	  -4.2793285614043997e-02	  -5.0393046350857104e-02	   3.4646041490362184e-01	   3.7684495925795602e-01	   2.1230658696340901e-01	   1.3464373472281774e-01	   2.0463761316245868e-01	   9.3018167729459575e-02	   8.6141146260671908e-01	   8.5333185940246747e-01	   4.9953279987665739e-01	   6.2137089437229687e-01	   1.1891372854467779e+00	   9.7975942943195915e-01	   1.1886751319173723e-01	   1.1792342869511988e-01	   1.0066385426046973e+00	   1.0770454138363916e+00	   7.6846602156137167e-01	   7.8220619864672614e-01	   6.8503308288842379e-01	   7.8050242982837648e-01	   7.3982720723045736e-01	   7.3004181502926502e-01	   4.4552852760508732e-01	   3.9817708651215844e-01	   7.4349511453614558e-01	   6.7706371501335694e-01	   4.7343951735622081e-01	   3.4457837929492552e-01	   7.2570435218386375e-01	   5.4967477460306091e-01	   8.5823984809432208e-01	   5.9731467130221616e-01	   8.9081456276543547e-01	   8.5848862183195063e-01	   1.1611584829719115e+00	   1.0306271639226479e+00	   7.3752240537873570e-01	   5.4948721415638357e-01	   7.6480784165877946e-01	   4.0732670933150822e-01	   8.6666543239287541e-01	   7.2020642710959115e-01	   2.8444147064468606e-01	   2.5233509410211602e-01	   5.7251393647622917e-01	   5.1783510550622780e-01	   8.1015108476074016e-01	   5.6765104204600714e-01	   7.0437037464467522e-01	   5.2762615937943436e-01	   1.1202727654072133e+00	   1.0501395442576835e+00	   1.0835450946734906e+00	   1.0577615398149605e+00	   1.0749003757076379e+00	   9.7819133685844084e-01	   7.6831605976319561e-01	   7.9036599022638354e-01	   9.0085795909967536e-01	   1.0111704388521445e+00	   7.4309248537435058e-01	   8.8787860299528432e-01	   4.6714232711410109e-01	   5.8740267040910599e-01	   5.2039814469589218e-01	   5.5586129483634372e-01	   6.8435874846815925e-01	   6.1980364489242556e-01	   9.1596987329784896e-01	   6.3667214110695958e-01	   6.6445399444329389e-01	   5.1727025111542635e-01	  -4.3986715470292925e-02	   1.6871705394682784e-01	   5.7750155495764066e-01	   5.7780382965396226e-01	   1.0338096429134676e+00	   9.0331139233650393e-01	   6.5852071482817665e-01	   4.6662224052113910e-01	   6.1055800384154957e-01	   6.0949928094139572e-01	   3.4264079345918008e-01	   3.3071293425620457e-01	   4.2352612482678714e-01	   4.2484149597311716e-01	   9.4866985190348363e-02	   5.4119773345606403e-01	   7.4852724737814857e-01	   9.7241561033758472e-01	   8.6022825693086402e-01	   6.6398543692362866e-01	   5.3399429182542235e-01	   2.7418311995367728e-01	
   1.0084935287425811e+00	   7.8851440744730494e-01	   0.0000000000000000e+00	   8.4124103696301367e-01	   1.0040911471767859e+00	   5.7928566438016471e-01	   7.7987836177554448e-01	   3.6075803526313993e-01	   7.6762431522695218e-01	   5.1078154430289857e-01	   6.0498347940419550e-01	   4.0094879537978417e-01	   5.6770986808900159e-01	   4.8613044875387845e-01	   1.1557559976539895e+00	   1.1028386272000599e+00	   2.0207266556069381e-01	   1.8385938724201256e-01	   1.1403503099951904e+00	   6.6427335669113596e-01	   2.5337394559245041e-01	   1.3588194934337550e-01	   1.2177564698462522e+00	   1.1175586025997344e+00	   7.5778655899283254e-01	   5.2580362389498725e-01	   7.6078584753069900e-01	   3.3404321011798876e-01	   3.4620047764000011e-01	   3.2078484643731975e-01	   5.7653040057327454e-01	   5.9872697937724551e-01	   8.7547690574626824e-01	   6.7337614966754500e-01	   5.8655912419694245e-01	   3.8816310935303777e-01	   9.4583368489367736e-01	   6.8290323699493427e-01	   7.5136465825151266e-01	   6.2453223016103976e-01	   5.3471219816242210e-01	   7.6799552890973877e-01	   7.1402715405058914e-01	   4.9767174444479539e-01	   5.0747313267523242e-01	   2.9145385408118729e-01	   6.4191950052098878e-01	   5.5904422008868715e-01	   6.0054702471934129e-01	   2.9021212445950484e-01	   1.0296309315046455e+00	   6.2484837753348588e-01	   1.0336063501043153e+00	   8.7134828742001402e-01	   9.3069463912697992e-01	   7.4652730627034458e-01	   4.0787718454891414e-01	   4.6370232674376727e-01	   9.2693705409726257e-01	   4.8966152917736017e-01	   7.2625697067346229e-01	   2.8919938396726447e-01	   4.3503962002259489e-01	   2.0547021057899756e-01	   8.8701999132319675e-01	   7.3330427176636959e-01	   9.1170020902755411e-01	   5.3351213966760880e-01	   9.1368509858332736e-01	   8.3437927450465044e-01	   6.6612649533500634e-01	   4.1710836417002656e-01	   5.4831714697022949e-01	   4.8274277806110300e-01	   7.3495821670631634e-01	   5.3008474152469842e-01	   5.9997752159504336e-01	   4.9661021810208950e-01	   2.8800647468594848e-01	   5.8147824088832734e-01	   5.2382376104793060e-01	   8.7154351920004980e-01	   1.2252848594881784e+00	   9.8506902315495115e-01	   1.0643287870492173e+00	   1.1090337900898177e+00	   7.8779264148168138e-01	   8.5693999315031133e-01	   1.3988182494375963e+00	   1.2218048231609453e+00	   1.0347559620249203e+00	   9.4963607361857238e-01	   5.3480146343679758e-01	   7.3035241907516957e-01	   4.2251212716382040e-02	   1.6944288542165775e-01	   5.5322119001960779e-01	   4.4467033093263569e-01	   6.7145534717849897e-01	   6.7199532337630996e-01	   2.5815303760792990e-01	   2.6741775349603886e-01	   2.7682654598004158e-01	   3.6338211083244609e-01	   2.8364995886069783e-01	   2.4661408974328203e-01	   1.0483979747585520e-01	   3.3678748549275356e-02	  -6.3209687738469314e-02	   3.0469554926208209e-01	   6.6948308481421215e-01	   6.0230830577830552e-01	   4.0298171910240999e-01	   4.9774657984710546e-01	   7.7759909757708551e-02	  -4.7631927048625747e-02	
   8.4097748868117206e-01	   6.9736383464033669e-01	   8.4124103696301367e-01	   0.0000000000000000e+00	   9.6386236832976180e-01	   6.2551780213370389e-01	   8.1220146574859031e-01	   8.9484330052781813e-01	   4.7822971609391524e-01	   2.6224098543065633e-01	   6.4480992102565438e-01	   6.3239860066010667e-01	   6.7350562812085291e-01	   8.2347493150947237e-01	   8.3976357116021838e-01	   1.0641094676210190e+00	   3.3509222424790391e-01	   2.5595260362366579e-01	   1.2054759398139658e+00	   9.4418238185469672e-01	   6.8858211516721030e-02	   1.2591634205448843e-02	   6.6365871296670842e-01	   8.5691058036712708e-01	   4.5022458268312576e-01	   4.3502842303140610e-01	   3.4136978488389286e-01	   3.2904218512090333e-01	   5.7844095815152619e-01	   5.5054177906683521e-01	   7.3052908905444225e-01	   9.7557440592310574e-01	   9.3387240232654867e-01	   9.3258344145498628e-01	   2.5873958921106560e-01	   4.1008787690802906e-01	   8.3494699891659074e-01	   5.9090365846082038e-01	   6.6370348655484568e-01	   6.8195510922885616e-01	   5.9807242518997128e-01	   7.7188340002509270e-01	   8.5036897004104772e-01	   7.3087089476171885e-01	   6.5540546503430419e-01	   5.4992506873500946e-01	   7.6259601721171444e-01	   7.9210523384709752e-01	   5.4609143224002099e-01	   3.5045615771044669e-01	   6.5536276098633017e-01	   6.7112443922806164e-01	   6.5318964870609220e-01	   5.1320655971114015e-01	   8.3085129554977333e-01	   7.7419795864997731e-01	   3.4576551286731333e-01	   2.8395856388048640e-01	   7.7786513830970350e-01	   5.2197012427131784e-01	   5.7291381988996326e-01	   4.3322282244258631e-01	   4.3782594775269784e-01	   2.3337650636852833e-01	   3.0863981457376677e-01	   5.7985590573916812e-01	   1.0518846513729136e+00	   1.0147788427493609e+00	   6.0453063340161151e-01	   5.4517388613622253e-01	   7.3231027884346767e-01	   5.9560581064845830e-01	   6.3717259713585872e-01	   6.3191008650875724e-01	   7.4085856105160230e-01	   5.7056457163578234e-01	   7.5624844799254798e-01	   7.8032023199912004e-01	   3.0750494119807359e-01	   4.5582623405369144e-01	   7.5417223059861149e-01	   7.9430640440241529e-01	   9.3214584194756156e-01	   6.6938317142647852e-01	   6.3050988708432798e-01	   7.7761514696759715e-01	   5.2330899872599557e-01	   5.0167241652199746e-01	   7.3464833457866552e-01	   8.0428185972368627e-01	   1.1459836540198023e+00	   9.0073854499753758e-01	   7.7708558111149839e-01	   6.3183813102119413e-01	  -1.0569235442469131e-01	   1.3434092705337705e-01	   6.6149164468535615e-01	   6.3382694228783498e-01	   8.1659296241006107e-01	   8.0208205119874243e-01	   4.8386212571346643e-01	   4.2914819546483329e-01	   4.9974735643476148e-01	   5.5394088095299621e-01	   3.0899359005109184e-01	   2.1636250975711452e-01	   1.6073009760525425e-01	   1.3201972014252006e-01	  -1.6461789967423195e-02	   4.4474921462604566e-01	   8.8600920977853925e-01	   9.1826024465855127e-01	   6.6761087305529765e-01	   7.5202642177017398e-01	   1.5658435594895401e-01	  -2.6125709100902707e-02	
   6.5204841002667446e-01	   5.2175217010740949e-01	   1.0040911471767859e+00	   9.6386236832976180e-01	   0.0000000000000000e+00	   7.3793743048417648e-01	   9.3925306770504269e-01	   6.5532238397417597e-01	   1.0222445878228414e+00	   5.3749850919966202e-01	   6.3706257336595062e-01	   5.2191411441911728e-01	   5.8171600828010184e-01	   6.7204643398866215e-01	   9.1859419044517487e-01	   1.0208990473605912e+00	   1.9426003025654859e-01	   1.0799006626453032e-01	   7.7396766759539382e-01	   4.8414499234877817e-01	   2.0665549956271639e-01	   8.9523734068926997e-02	   7.6915016592435403e-01	   7.8071037270333088e-01	   4.9612637692513439e-01	   4.5927256177816100e-01	   4.2762264055681243e-01	   3.3915934256091834e-01	   4.0911607822552065e-01	   3.7598616823916325e-01	   6.6713393247964103e-01	   7.4411337449633286e-01	   6.8365439726840060e-01	   6.3226873810527418e-01	   4.3611513085492737e-01	   4.6654357508050909e-01	   7.8102459546063407e-01	   4.9733798036492988e-01	   7.2787018209779997e-01	   6.0796134386700307e-01	   5.2669349397614995e-01	   6.9237363021481690e-01	   7.9272751771174532e-01	   6.5102270161287212e-01	   8.2457126992426122e-01	   5.6522821613919305e-01	   6.6757924290458981e-01	   6.7219999573597833e-01	   6.8671137999373699e-01	   5.0495636201476324e-01	   7.1397407891059506e-01	   6.9455579473785023e-01	   7.3412349177796610e-01	   7.7738809875176296e-01	   7.1489794363343795e-01	   7.2968061226341185e-01	   2.2913698533691368e-01	   2.1606334035109609e-01	   8.5115959424646492e-01	   4.5918767983996955e-01	   7.3147330669113098e-01	   5.3959926213850595e-01	   2.6588749349856722e-01	   6.7215411123139959e-02	   6.0468032118934179e-01	   6.4334633345135084e-01	   8.2574169333858893e-01	   6.6705487581504264e-01	   4.7009725178083400e-01	   4.5516078552243494e-01	   6.1444063428683715e-01	   4.5322852657769114e-01	   5.5101130803713338e-01	   4.9457327743463209e-01	   6.3474080839336866e-01	   4.2767251700363135e-01	   5.0116026056773477e-01	   4.6028461253035424e-01	   2.7847255848810604e-01	   4.7627746911298202e-01	   5.0571200079569656e-01	   6.6996583676951793e-01	   8.2537014848217582e-01	   5.5318640533294983e-01	   6.7035347088393382e-01	   7.3396299120068531e-01	   5.1933132218217759e-01	   5.3513065351002820e-01	   8.1605334610486846e-01	   8.0185545951018589e-01	   8.6217697751493738e-01	   7.2658350869938149e-01	   5.8662301034615905e-01	   5.9445610746417232e-01	   1.6566058796645734e-02	   2.1854438514717001e-01	   5.1011246949049716e-01	   4.8273523770455418e-01	   6.0040740898233103e-01	   6.6492575074880722e-01	   3.0837993606873892e-01	   2.5571803808233773e-01	   3.2288943177970753e-01	   3.9173399538388948e-01	   3.4264761996743409e-01	   3.3988510621854096e-01	   8.0143332111428850e-02	  -3.7871401648873152e-03	  -5.6135752779688568e-02	   2.5582955585872819e-01	   6.1354955372506881e-01	   6.3231614848343254e-01	   4.4631758770145391e-01	   5.8846948809086619e-01	   1.4662965563124836e-01	   3.2785619586726482e-02	
   3.4531482613167469e-01	   2.8279015011890696e-01	   5.7928566438016471e-01	   6.2551780213370389e-01	   7.3793743048417648e-01	   0.0000000000000000e+00	   5.2132163443019630e-01	   5.7891418844713827e-01	   5.7730467863080914e-01	   9.3910828122619028e-01	   1.4706826359915981e-01	   3.2368569294394572e-01	   3.1623648410603772e-01	   4.3650942534162479e-01	   6.5792743417858479e-01	   7.6891298961322030e-01	   3.1046348341395841e-01	   2.6016836773152741e-01	   4.2233745226897801e-01	   3.7905059068712060e-01	   2.5039062261189304e-01	   2.4307667320039267e-01	   5.8129792998223684e-01	   6.8653133572738534e-01	   5.6125013008886016e-01	   6.3356513911202306e-01	   6.8549671428048864e-01	   9.6853042369681108e-01	   3.0205899045985407e-01	   3.2426389376399051e-01	   5.0269059141903638e-01	   5.4787342081189916e-01	   4.6630621521124604e-01	   5.2597361754175398e-01	   3.7240397195397101e-01	   4.5764336368031855e-01	   4.9554254766498229e-01	   3.5126597054196018e-01	   4.1376961368420240e-01	   5.2099079800632786e-01	   5.0074524300066003e-01	   8.6662793126334137e-01	   7.4837225829371101e-01	   6.6061595035121878e-01	   5.4723982130653015e-01	   6.2577732956081766e-01	   6.6475840814474441e-01	   8.0133267372893857e-01	   5.9735054080769334e-01	   5.1284660962141637e-01	   5.3588887426567933e-01	   6.3484476464488093e-01	   5.6948054731899700e-01	   7.1104783591937548e-01	   6.4364627183650691e-01	   7.2509865101845061e-01	   2.5513655894304876e-01	   8.2951976780532871e-02	   5.3670025339452898e-01	   3.4001182872064339e-01	   2.3372535157434549e-01	   2.2804979560007851e-01	   1.9993243983864112e-01	   1.7379489822042202e-01	   2.7993558318462097e-01	   4.5882843307221810e-01	   5.7855217818620019e-01	   5.8106609837639689e-01	   2.9472661443985126e-01	   2.7537654422371793e-01	   2.9662091261596457e-01	   3.6326611119928298e-01	   4.3416583513574580e-01	   4.7269042650476167e-01	   4.9650927169793474e-01	   4.4441911087778552e-01	   2.7177916577008199e-01	   3.1076714012259155e-01	   4.6774374092006954e-01	   5.5346418680644605e-01	   6.3323958514838030e-01	   4.3299455905854023e-01	   5.7137208257512972e-01	   3.6612541113911123e-01	   4.1476854870495117e-01	   3.8572251660777396e-01	   2.9308344721584334e-01	   3.7374576534115717e-01	   4.7399161039253213e-01	   4.6796845248884367e-01	   6.7315289565856751e-01	   4.2832244612603221e-01	   3.1747317559268978e-01	   1.7864315210209686e-01	  -2.3040087982023835e-02	   2.2277659492193385e-02	   4.6277770874290913e-01	   3.8307188706771095e-01	   6.0036067458287645e-01	   6.6656083266926769e-01	   1.7799618952321034e-01	   1.0817009409485491e-01	   2.5876784327223828e-01	   3.9641775949085367e-01	   2.6237653871156119e-01	   2.1604429015349583e-01	  -1.9877081727038523e-01	  -3.6537419205143984e-01	  -1.6408549854915433e-01	   1.3967335819258164e-01	   5.3955679115339106e-01	   5.1666763957901829e-01	   1.8007468654954006e-01	   3.1298954287929598e-01	  -1.2162540944231351e-01	  -2.4011079322592813e-01	
   6.5773878661012664e-01	   5.2555339888391950e-01	   7.7987836177554448e-01	   8.1220146574859031e-01	   9.3925306770504269e-01	   5.2132163443019630e-01	   0.0000000000000000e+00	   1.1284942736883192e+00	   5.5854560123168850e-01	   3.4713376841897520e-01	   7.2866304662880743e-01	   8.4417129788812284e-01	   9.1861541916943734e-01	   8.8910290003566772e-01	   7.8708941227923612e-01	   8.9692467173546842e-01	   3.4814620667450114e-01	   3.0384192822693967e-01	   6.8500069723122037e-01	   5.2613089584320805e-01	   1.4524957295274141e-01	  -1.3711728026019464e-02	   4.3548307946256015e-01	   4.5284418787630643e-01	   3.2281115376669300e-01	   3.4275230634683551e-01	   2.3625989834903519e-01	   2.1748797138868478e-01	   6.3466701878387943e-01	   5.8025767981225707e-01	   7.2893113133776488e-01	   7.2171702284306405e-01	   8.0106164238495070e-01	   7.7801208142936162e-01	   5.2045286168588567e-01	   5.4842503574606072e-01	   6.9731724234751558e-01	   5.9439740201238267e-01	   7.3953617129456273e-01	   7.0962609517075814e-01	   4.5955183412829564e-01	   6.9391449639649394e-01	   8.2411393309242320e-01	   6.5349261302835371e-01	   8.8256084998718265e-01	   7.4207684708245347e-01	   7.2538716608996423e-01	   7.1732769302890498e-01	   6.8659213604422975e-01	   5.8719044662569397e-01	   8.2148383515994872e-01	   8.3483362351913415e-01	   5.6989506191054506e-01	   4.8483967375222981e-01	   7.0336212943217113e-01	   7.9786401676445773e-01	   2.5647910882688896e-01	   2.2508774525435474e-01	   6.4919675595052584e-01	   2.9079186007600799e-01	   9.5011525799703633e-01	   8.2137253222268858e-01	   3.8167432679699753e-01	   3.4778880035507626e-01	   6.2717231265625140e-01	   6.9537131747281733e-01	   7.0986361258121256e-01	   7.9548072864528285e-01	   2.9050213648046624e-01	   2.2370110576985172e-01	   5.0751829631755307e-01	   3.3256408451688824e-01	   5.0180688402023699e-01	   5.3994810182114605e-01	   5.2599332720356384e-01	   4.7455934700001090e-01	   5.2963377599899242e-01	   5.3933625065134250e-01	   2.6484546515264840e-01	   3.8600012880917434e-01	   4.8792505523525032e-01	   5.6021393435241840e-01	   7.5088775264733609e-01	   4.2559752250601446e-01	   5.7983138722012761e-01	   6.7025725022542615e-01	   2.6001363601253846e-01	   3.1665699920421664e-01	   6.7643119480946512e-01	   6.1884488982656283e-01	   6.8844538782996201e-01	   5.4584841858101030e-01	   6.6037355792904739e-01	   5.4883980245941433e-01	  -5.9655931123940497e-03	   2.0141123010100884e-01	   5.9230932793367819e-01	   5.8203837298747119e-01	   6.1249349975190892e-01	   6.6862911480023224e-01	   4.0130509265857123e-01	   3.7730169222750926e-01	   3.3027981232087311e-01	   4.8709355748041783e-01	   4.6888088492608909e-01	   3.5794974526945716e-01	   2.1853275167320921e-01	   1.6839926184853755e-02	  -9.0984092380953105e-02	   2.2586883629889082e-01	   6.6117000092561151e-01	   7.4205394649278777e-01	   6.9110507499790230e-01	   6.6962488421906208e-01	   1.8917457132926915e-01	   8.0223377204337171e-02	
   5.4077628187424165e-01	   4.0316855296876691e-01	   3.6075803526313993e-01	   8.9484330052781813e-01	   6.5532238397417597e-01	   5.7891418844713827e-01	   1.1284942736883192e+00	   0.0000000000000000e+00	   3.2252235295090581e-01	   2.3502007587352791e-01	   7.1680568122537225e-01	   9.8649194423319164e-01	   9.4935957842949992e-01	   1.0994851424588246e+00	   6.0171070550117234e-01	   7.5555028523349688e-01	   4.2843706699389350e-01	   3.0977393459097052e-01	   5.3675499729003895e-01	   4.5505296212862950e-01	  -6.4051601523116286e-02	  -1.2200442192144981e-01	   1.6391050607793251e-01	   2.9360701864602212e-01	   1.1935419163064610e-01	   2.5969806467048751e-01	   2.6759347123960803e-02	   2.5301259216894084e-01	   6.6872481990319277e-01	   6.4714948498905966e-01	   5.9352310054018276e-01	   7.2887390451668810e-01	   6.0285396875064134e-01	   7.4195403997869713e-01	   2.3967445713726299e-01	   4.9816681966308229e-01	   4.3149254979186547e-01	   3.6985783845483527e-01	   4.6819424928290365e-01	   5.8657727276803862e-01	   3.2359294967393570e-01	   5.2349173941867910e-01	   8.3826303148099934e-01	   7.5533610452160760e-01	   7.6042913512785315e-01	   8.5158246774401436e-01	   6.9133177113873745e-01	   7.5373737398001972e-01	   5.4652684737017965e-01	   6.0169504418053010e-01	   4.6907535315210580e-01	   6.8549472482995200e-01	   3.4250219857022596e-01	   2.4935922777607855e-01	   5.2165981498126368e-01	   6.4211114766614674e-01	   1.9977631853396988e-01	   3.2119579528544911e-02	   4.1880356992225704e-01	   1.7338394747137903e-01	   6.4636901144786996e-01	   9.0805986823102558e-01	   2.5540907443672639e-01	   2.4410026070350188e-01	   2.7116797640441404e-01	   6.1662289509582846e-01	   4.7883962867664959e-01	   7.8888982777590611e-01	   5.8163659897170608e-02	  -1.9204450818378561e-02	   4.2138183118676559e-01	   4.1702013955475137e-01	   4.4950936610587855e-01	   5.3999263663033226e-01	   4.3829499476872247e-01	   4.3405882933862283e-01	   5.3302151081897897e-01	   5.9076284623760034e-01	   3.4894435164050924e-01	   3.5371438145370032e-01	   5.5325680341634409e-01	   3.5548711309766651e-01	   5.0911231834605075e-01	   1.3922420632799856e-01	   3.3660641794363527e-01	   3.6405120696153054e-01	   1.4505553960752873e-01	   9.1975055331818517e-02	   4.0024007369734094e-01	   3.8151981025169973e-01	   5.7747995922052053e-01	   3.4327153350434653e-01	   7.3379566847146060e-01	   4.0982508115999783e-01	  -1.8792711339014023e-01	   1.9151541419095443e-02	   4.7677847535122952e-01	   4.9090233707878256e-01	   5.2627049727544351e-01	   5.6053057317515198e-01	   4.7317329095174326e-01	   4.4762444460412865e-01	   4.1338878524753708e-01	   5.5759655777100758e-01	   4.2448984077600038e-01	   2.9319354967659939e-01	   2.0788861924975308e-01	   2.0611336762747685e-02	  -1.0298719678992591e-02	   2.5692168018346934e-01	   6.3181167954934070e-01	   7.3601728543664147e-01	   7.1138357135481622e-01	   7.1553437840632905e-01	   2.5738104340124102e-01	   3.5064025609495938e-02	
   5.7108277678509445e-01	   4.6733858610028223e-01	   7.6762431522695218e-01	   4.7822971609391524e-01	   1.0222445878228414e+00	   5.7730467863080914e-01	   5.5854560123168850e-01	   3.2252235295090581e-01	   0.0000000000000000e+00	   9.7304878270765827e-01	   5.0204176577458259e-01	   3.8773924378986208e-01	   3.4487894957293125e-01	   3.7065316374678026e-01	   5.7023175525004999e-01	   4.8499518657416457e-01	   3.6736803370839566e-01	   2.6825156541992895e-01	   4.8917454180870945e-01	   3.5440116878189959e-01	   5.4005934162301025e-02	  -5.0464610501073502e-02	   4.1356641416899265e-01	   3.9266854766632048e-01	   1.6622317779552975e-01	   1.3412421245519679e-01	   3.0520016194049138e-01	   1.6060407342806995e-01	   3.5487916187720547e-01	   3.4714118754076495e-01	   2.9357474585789606e-01	   3.4271131168799435e-01	   5.3168312922852501e-01	   4.5544974996307469e-01	   1.7088166905576380e-01	   9.7117237772439691e-02	   5.9067291305911429e-01	   4.6947002925827708e-01	   4.7438439717999026e-01	   4.7962990895716590e-01	   2.9290715163036368e-01	   4.8592216474466332e-01	   5.2379085150749638e-01	   5.3370415569044283e-01	   3.7138386324301587e-01	   3.4785130847217210e-01	   5.3265579616835179e-01	   4.9609502321527388e-01	   5.6402202087409536e-01	   5.7627505722798467e-01	   6.7404946810304756e-01	   6.3790618904835938e-01	   7.6639551216681134e-01	   7.5650783109883402e-01	   5.8710359814941848e-01	   6.8551608231519268e-01	   3.1118343806796689e-01	   2.5824508608662966e-01	   7.7465347252187955e-01	   4.0687463895165038e-01	   6.8279292658327884e-01	   4.8058024577996722e-01	   3.2299892773952354e-01	   1.8296776886932548e-01	   5.2313479646678474e-01	   3.8143782554690292e-01	   4.2294972697917355e-01	   2.9590044933089554e-01	   4.3134972639478864e-01	   3.1558901644552673e-01	   3.7889565668511460e-01	   2.3205045636772839e-01	   5.6073418348940351e-01	   5.0080055666847212e-01	   5.6230520232240633e-01	   4.5581080638168248e-01	   3.8354703460969042e-01	   3.3220101251163603e-01	   4.9963847121583771e-01	   5.9582599001429193e-01	   4.7640558833217306e-01	   5.8201293124991738e-01	   4.2438795366294013e-01	   4.3633911610130288e-01	   4.9045292026160670e-01	   4.7119209047338323e-01	   4.2225838894204237e-01	   4.3548590630830020e-01	   6.7015983144352886e-01	   6.0709980478583592e-01	   5.1964708362968071e-01	   4.1543968731546466e-01	   3.9533173999317550e-01	   3.5438387015511918e-01	   5.1649961519867942e-02	   1.4156971406990471e-01	   3.6074808322551016e-01	   3.9272903224976125e-01	   5.4143092534555204e-01	   5.4521084998913705e-01	   3.5425035556615098e-01	   2.6981931982734042e-01	   3.5652476266821448e-01	   4.1770862087209648e-01	   3.3648042877300360e-01	   3.6574060662379476e-01	   1.5368229343475900e-01	   4.6135432273719100e-02	  -5.7105308316543243e-02	   2.0369405913805200e-01	   3.5738336171239238e-01	   4.3988993368309781e-01	   3.7863259830820173e-01	   4.6937859937343374e-01	   2.6903490080087589e-01	   1.1401361430181152e-01	
   3.0380038883489469e-01	   2.7230348487093031e-01	   5.1078154430289857e-01	   2.6224098543065633e-01	   5.3749850919966202e-01	   9.3910828122619028e-01	   3.4713376841897520e-01	   2.3502007587352791e-01	   9.7304878270765827e-01	   0.0000000000000000e+00	   1.3882731838412146e-01	   2.3025443162348630e-01	   1.3261413322871951e-01	   1.9378807836388090e-01	   4.0038751119052779e-01	   3.8865340250402602e-01	   3.3913490999857171e-01	   3.1786242917756413e-01	   2.4438609453833796e-01	   2.2962814109473595e-01	   9.4395118803722700e-02	   2.0298772446791690e-02	   3.3469870818093272e-01	   3.5620475230493159e-01	   1.9841834564306576e-01	   1.6398847357540916e-01	   4.5812485949883641e-01	   4.5474741093982252e-01	   2.0071993522671164e-01	   2.1942929864492666e-01	   1.8198140797761259e-01	   1.8604217439523243e-01	   3.3705729147452890e-01	   3.3308389001020855e-01	   1.4705607170725868e-01	   9.1758794676310540e-02	   3.5367542599898855e-01	   3.0011860202842516e-01	   2.2933856730389612e-01	   3.4667734375279513e-01	   2.2750173459773582e-01	   5.0608254285499565e-01	   4.1417413969941963e-01	   4.6460203402408373e-01	   2.3531906664667340e-01	   3.6754789756186523e-01	   4.1835076712241126e-01	   5.0417986771637180e-01	   5.1810171908957692e-01	   6.4889434011513536e-01	   5.2014690532969110e-01	   5.8072826527812360e-01	   6.2617008785405148e-01	   7.2332082975172729e-01	   5.4631332460548609e-01	   6.5301621830084122e-01	   3.0729884354552311e-01	   1.2967936848135642e-01	   4.5604892896806964e-01	   1.9974003703131205e-01	   2.9704970754327958e-01	   2.4264773193552674e-01	   1.3244440553753473e-01	   1.8439029737264637e-01	   3.2712114949274196e-01	   2.9205735856397830e-01	   2.0361589553904877e-01	   1.3896244485394041e-01	   2.4118276137595795e-01	   1.5618590073361460e-01	   6.7325099293454621e-02	   5.0346600749021954e-02	   4.0021961334569545e-01	   3.9657966178260162e-01	   4.0055526792338997e-01	   3.9619530880932352e-01	   1.3699399520811084e-01	   1.2972789345668098e-01	   5.9692196090770411e-01	   5.6048251230911239e-01	   3.7906571947888823e-01	   2.8809807881846650e-01	   2.6297784639617133e-01	   2.2518594289690375e-01	   2.9534416805213576e-01	   2.4528595007711310e-01	   2.0984180628692345e-01	   3.2384123467697146e-01	   4.2427249591128890e-01	   3.7426711513014965e-01	   4.0204700308329033e-01	   2.5349167711847631e-01	   1.6207771454245590e-01	   9.6531606010400492e-02	   9.8630088957936367e-03	  -4.7020785745037187e-02	   2.5118417998800546e-01	   2.5576827782685230e-01	   5.3428826711041810e-01	   5.6931245605905034e-01	   1.9920402023782510e-01	   1.1255266616276217e-01	   2.1448590691100247e-01	   3.2346109293019282e-01	   2.1979476658146876e-01	   2.4041760246359972e-01	  -1.6331972593417649e-01	  -3.3690840355279550e-01	  -1.9057904384480154e-01	   2.1286580305268716e-02	   2.4958470484493245e-01	   3.1145521940521448e-01	   1.6649746747760355e-01	   2.2041113116687311e-01	  -3.6518620806121060e-02	  -1.2059762017067209e-01	
   9.9400753774209760e-01	   6.0642286128555278e-01	   6.0498347940419550e-01	   6.4480992102565438e-01	   6.3706257336595062e-01	   1.4706826359915981e-01	   7.2866304662880743e-01	   7.1680568122537225e-01	   5.0204176577458259e-01	   1.3882731838412146e-01	   0.0000000000000000e+00	   1.0813617911241025e+00	   1.3106746908032778e+00	   1.0166100597244205e+00	   7.4917557401854384e-01	   6.9244847626769335e-01	   3.6518851984874001e-01	   1.6249027173691616e-01	   8.2322377857873663e-01	   5.1840973496891685e-01	  -3.3498836848688712e-01	  -4.0763192906871970e-01	   2.3432861719282944e-01	   3.0788094197658372e-01	  -1.0759515334102562e-02	  -5.1604300751456167e-02	  -7.5573560203101645e-02	  -1.6697066220105031e-01	   6.8781041926638942e-01	   5.5441406488051048e-01	   3.0512674830912362e-01	   4.9071906071853033e-01	   6.1154555299974334e-01	   5.7240485745040759e-01	   1.0191510934769048e-01	   1.9303463034297466e-01	   4.3143538502102419e-01	   4.4627896290706182e-01	   4.4927770014813501e-01	   4.8185631174038679e-01	   1.0411864561755110e-01	   3.0664813967500293e-01	   6.1040733474310371e-01	   5.1441892542135048e-01	   4.1871988406982918e-01	   3.7014958585232316e-01	   4.6248732318983060e-01	   3.9998936503330895e-01	   3.5101922604098079e-01	   4.1626839321885301e-01	   4.2363853823932240e-01	   3.7318874565649851e-01	   5.2247065841931484e-01	   2.7955411822025822e-01	   4.6089678619614083e-01	   4.4823239174401031e-01	   2.2478899630090077e-01	   1.3314868703476171e-01	   5.0603840794710231e-01	   2.2855307001145003e-01	   1.0593343177954393e+00	   8.8498980533520166e-01	   2.4506476938738053e-01	   8.1210779799220839e-02	   4.7623550852831731e-01	   6.7136675996558237e-01	   3.0860582796015162e-01	   3.3490172270501839e-01	   3.5860611945203325e-01	   2.2719727771927528e-01	   4.8531328767936671e-01	   3.3671535173273459e-01	   5.5606806485586091e-01	   5.5968159908541737e-01	   5.4218660885698011e-01	   4.7053175690085364e-01	   7.1339507644400291e-01	   5.9632338438156318e-01	   3.5430260573364497e-01	   4.6024283365848290e-01	   3.7552594013857266e-01	   4.7337464514148786e-01	   6.1866108910768303e-01	   2.6116661117322704e-01	   4.6605171989998212e-01	   4.7183026915655291e-01	   4.5896842131749926e-01	   3.6101632522876803e-01	   6.8607337505935773e-01	   5.9213281818119523e-01	   5.3457012826707584e-01	   4.6291495669209592e-01	   7.9555439875570222e-01	   8.0852619546447413e-01	  -2.2251348547869765e-01	   5.0967548854180594e-03	   2.2169751340903468e-01	   2.6219338321614594e-01	   3.3977874171026795e-01	   3.7898355250665106e-01	   3.7249397354975966e-01	   4.9933035974512918e-01	   3.0076846679078489e-01	   3.6586561515559313e-01	   2.5370526770238444e-01	   2.0215400599243868e-01	   4.0303945587929452e-01	   2.8388213825735026e-01	   1.9240614527137306e-01	   3.4703569250505639e-01	   4.3166052768309499e-01	   5.7915551615445271e-01	   6.9849172339973853e-01	   6.9224863017643312e-01	   4.6387567828338833e-01	   2.7583686672002805e-01	
   8.2324374454051952e-01	   6.8822007261704987e-01	   4.0094879537978417e-01	   6.3239860066010667e-01	   5.2191411441911728e-01	   3.2368569294394572e-01	   8.4417129788812284e-01	   9.8649194423319164e-01	   3.8773924378986208e-01	   2.3025443162348630e-01	   1.0813617911241025e+00	   0.0000000000000000e+00	   1.2129387324249064e+00	   1.5928624935132747e+00	   5.5542432697899469e-01	   7.0262555778157565e-01	   6.5876492959030697e-01	   4.6282798212567966e-01	   6.7891553905589308e-01	   6.5590697750651739e-01	  -2.7928040536148141e-01	  -2.6158890696775772e-01	   4.2868166667751534e-02	   1.7828830104841278e-01	  -9.9169910365447256e-02	  -7.6591647879965905e-02	  -1.8038252778587976e-01	  -1.3549151110243636e-02	   1.1037258061123068e+00	   1.0077077878115197e+00	   3.7052491837804979e-01	   5.9017366474205746e-01	   8.0212568017244013e-01	   8.5322737516782654e-01	   3.4225946095472998e-02	   2.4927916973585496e-01	   5.1078417259097764e-01	   5.8266168498632664e-01	   5.1546689016717340e-01	   6.9816945777220507e-01	   2.5249679418528737e-01	   4.4785212641931771e-01	   7.6866770649136340e-01	   7.5202106657900358e-01	   5.9386807469088798e-01	   6.9376157268762606e-01	   6.3998156215218205e-01	   6.6426130216864943e-01	   5.1550456320066829e-01	   7.2955115971589612e-01	   3.8565331854145096e-01	   5.6402624187888128e-01	   4.0218360854910273e-01	   1.7119592799065567e-01	   5.2478770998241075e-01	   6.7590008025314496e-01	   3.3185307109523865e-01	   1.2076450465969546e-01	   4.9777679260257812e-01	   2.3821906061091352e-01	   9.3263732337543048e-01	   1.2115830827892407e+00	   2.8644201691713450e-01	   2.8427081115820496e-01	   2.0851579838517498e-01	   4.8545183943046416e-01	   4.0058346018745439e-01	   6.1742355166745488e-01	   2.8891045321022135e-01	   1.4008950847078430e-01	   4.4481823772837520e-01	   4.0071267571252511e-01	   7.3458338580645877e-01	   8.2782680563268829e-01	   6.2157331300991969e-01	   6.6118775507101779e-01	   7.7029411485673249e-01	   8.2709660208195657e-01	   5.7038802592345950e-01	   4.5129594048051758e-01	   5.2036467902125905e-01	   3.7861356437897614e-01	   4.4880772631418342e-01	   2.2624154258099888e-01	   2.1159091629888904e-01	   2.6677222882719875e-01	   2.0853464884353057e-01	   1.7695494552356678e-01	   4.6528866450323175e-01	   4.6838473917460088e-01	   6.0273011649614849e-01	   4.1316620060429243e-01	   9.2233497834227907e-01	   5.2861995838426823e-01	  -1.7638235100412375e-01	   1.3904755346664235e-01	   4.1887801714538242e-01	   5.3808220666607098e-01	   5.4412776190359224e-01	   6.0166464183882840e-01	   5.4183881350887264e-01	   5.6146822320366696e-01	   4.6109823575503139e-01	   5.6557544586765951e-01	   4.0298181042387077e-01	   3.3020240913150412e-01	   4.4622005431779932e-01	   3.0844330688368482e-01	   2.1978618306696354e-01	   4.9045295023011526e-01	   6.0957044709298869e-01	   8.6296722220113375e-01	   1.0158814199050152e+00	   7.3157854326115634e-01	   5.7873144140453825e-01	   3.1665809036642412e-01	
   9.8285533925551116e-01	   6.5380719914523833e-01	   5.6770986808900159e-01	   6.7350562812085291e-01	   5.8171600828010184e-01	   3.1623648410603772e-01	   9.1861541916943734e-01	   9.4935957842949992e-01	   3.4487894957293125e-01	   1.3261413322871951e-01	   1.3106746908032778e+00	   1.2129387324249064e+00	   0.0000000000000000e+00	   1.3457255548548042e+00	   8.8087535698471275e-01	   8.1188008469271289e-01	   4.3318593665449179e-01	   3.0456711119740476e-01	   7.2399988453120379e-01	   5.6686886657040070e-01	  -2.6245052632816251e-01	  -3.1461425364058465e-01	   2.5657790165417671e-01	   3.4348659095841166e-01	   1.1017586815120967e-01	   1.0087352518991945e-01	   2.0220171316266181e-03	  -3.7224672394728743e-02	   7.3502334894850196e-01	   6.2637662190283960e-01	   4.0193219710150835e-01	   5.7088407425547338e-01	   6.2485688922644222e-01	   5.8582582134020789e-01	   2.0533966587815256e-01	   3.0163276744135498e-01	   5.6622335512168220e-01	   6.0357500897429617e-01	   5.4255071885464401e-01	   5.9254715324953522e-01	   2.8555700267553646e-01	   5.0855497483556589e-01	   8.1130193104910497e-01	   6.4526464598617506e-01	   6.3117530430274082e-01	   5.9060984253438675e-01	   5.8613499375094547e-01	   5.7329981836986055e-01	   5.5071276663704949e-01	   5.4157826874158910e-01	   6.0963854388497185e-01	   5.9384343657146732e-01	   6.1339424664750331e-01	   3.9569279253360617e-01	   5.4428891607322760e-01	   5.7011992389421862e-01	   3.5259359379315747e-01	   2.0884172831366746e-01	   5.2581996024847677e-01	   2.5759514447025067e-01	   9.7868602219812095e-01	   8.1424137309625833e-01	   3.8399874288007330e-01	   2.5808611333124137e-01	   4.0771431009643350e-01	   5.5288736235663827e-01	   4.0687973299151897e-01	   4.9820986392650812e-01	   3.4681182533560445e-01	   2.2219876460218713e-01	   5.3710392593879264e-01	   4.0479425225785348e-01	   5.7775308017845717e-01	   6.3769735248633286e-01	   5.9077932050372761e-01	   5.5139653548260958e-01	   7.3710509628340271e-01	   6.6097762270244043e-01	   3.8047973653867623e-01	   4.7143786450746344e-01	   4.3534550181880738e-01	   4.8992840297446272e-01	   7.4372063414962553e-01	   3.4835421838899194e-01	   5.1102321504795323e-01	   5.8016341034893149e-01	   4.3717919470245109e-01	   4.4255321866465747e-01	   6.7767655093408985e-01	   6.1873610537148072e-01	   6.6994733542522777e-01	   5.0317952043978198e-01	   8.2088818743215775e-01	   7.6789208404282083e-01	  -2.9036110257321873e-01	  -3.4347519495417016e-03	   2.8651165008271345e-01	   3.0632486225310251e-01	   4.4567025176399072e-01	   5.2569682307853205e-01	   3.2051781554296488e-01	   4.2179879151254901e-01	   2.7766288620214824e-01	   3.6583079084392173e-01	   2.3996362521185668e-01	   1.5772539279095335e-01	   4.2608212235080056e-01	   3.1045969861422340e-01	   1.1267116051126602e-01	   3.0072019816862205e-01	   5.3765579658311746e-01	   6.8804692944531931e-01	   6.7743725682978662e-01	   6.3427280142767950e-01	   4.0378775744942130e-01	   2.1517302566374114e-01	
