   0.0000000000000000e+00	   9.9753384872773754e-01	   3.8871539023801366e-01	   4.8601515607463502e-01	   1.3368450239161372e-01	  -2.2754693005933752e-01	  -2.6456883365327005e-02	   1.3461901456778369e-01	  -1.2246359303933391e-02	  -2.4993613567482292e-01	   6.8586689669504519e-01	   5.8320537048586873e-01	   2.2847049926183249e-01	   1.4352063079693231e-01	   5.9424899535199160e-01	   3.1039892814027581e-01	   8.3165008949403940e-01	   7.2184975563676002e-01	   1.1160446006845690e+00	   1.3158073387934948e+00	   1.5412852575723135e-01	   2.9407138905078101e-01	   2.7694955401066207e-01	   4.5083641450528916e-01	   3.0088893188320986e-01	   1.7737075536178301e-01	   5.2538864803839824e-01	   5.3032518528916373e-01	   5.3888689274766721e-01	   2.5003475727567925e-01	  -3.8619108102245316e-02	   1.0767325120676739e-02	   8.5562216837349703e-01	   7.3235151226557793e-01	   3.0508546754694332e-01	   4.1579190855126724e-01	   7.5708547696724970e-01	   7.3204192914528010e-01	   5.0497399758000405e-01	   5.5218993590870025e-01	   7.4315683533119140e-02	   4.4679100236885705e-01	   6.8311851057622719e-01	   6.4390773718339456e-01	   5.8108225904485489e-01	   3.9000224578132803e-01	   7.3040137670268579e-01	   6.3646718961136572e-01	   6.3765799386016120e-01	   3.6703911787060167e-01	   6.0968797542432507e-01	   5.0405979329077777e-01	   7.6697640915425525e-01	   6.5219748363797470e-01	   6.5057043293501771e-01	   6.3219533976331543e-01	   1.0229184459638936e+00	   8.7640924745918991e-01	   6.0263468256646657e-01	   2.4013264814071633e-01	   2.8203401461778266e-01	  -8.9172823941404980e-02	   2.2961593056080545e-01	   3.3492461953122943e-01	   1.2396595633406535e-01	   1.8448703554771431e-01	   4.8697062416788550e-01	   2.9238478904601861e-01	   1.1566421111993304e+00	   9.2759010205612036e-01	   2.6283297642069720e-01	   3.6463804680660489e-01	   1.0662445661983138e+00	   9.6072739118358308e-01	   9.4665217961453474e-01	   7.6660227638761747e-01	   8.8775029899722080e-01	   8.1840929970516019e-01	   8.5343040001542048e-01	   5.0206124044383538e-01	   7.2276562872744865e-01	   4.7551466485991201e-01	   7.1919719441823005e-01	   4.6952188277820184e-01	   6.6794496931355873e-01	   6.6985721833443557e-01	   7.8532930828162872e-01	   6.8575341591293648e-01	   7.1647232951736961e-01	   6.6872138921128199e-01	   2.8339135489102485e-01	   4.5636733278249642e-01	   2.6208786510336557e-01	   2.6763734168430064e-01	  -1.3806521325545104e-01	   5.6436734113025161e-02	   2.7947330120879438e-01	   3.8562210323387902e-01	   6.7517730159285061e-01	   6.2097553442221254e-01	   4.2605577381377674e-01	   3.7358939320372658e-01	   5.1299687963902718e-01	   6.2888261995130845e-01	   3.8111713497525429e-01	   2.2734706841808439e-01	  -6.0849792513957411e-02	   4.1307135303987291e-01	   3.7929543768592833e-01	   8.5947599189812252e-01	   7.5259657330061625e-01	   4.4000672473726032e-01	   3.9917462395474845e-01	   4.0285034213138260e-01	   5.0842584537494281e-02	   2.3926978161289178e-01	
   9.9753384872773754e-01	   0.0000000000000000e+00	  -4.9107925722159758e-03	   1.7668868112734010e-01	   1.6280140541493832e-01	  -2.1712077563994597e-01	  -4.7213745665677664e-01	  -3.2657122172180159e-01	   1.1375412152633722e-01	  -6.9832923469587749e-02	   1.6139223571993044e-01	   2.1714385649609821e-01	  -1.2479049859960009e-01	  -2.4193398465814434e-01	   1.4785331889132738e-01	  -1.1555310191873502e-01	   1.1028498537957372e+00	   1.1525369526637048e+00	   4.5363090148659180e-01	   8.7118416982231539e-01	   1.7994800934942509e-01	   2.6324496007921799e-01	  -1.1484566136592632e-01	   8.7853631122670625e-02	   1.2557533676153601e-01	   2.4043455468312429e-02	   4.7418713394494910e-01	   5.2601048969695485e-01	   4.3752376573078189e-01	   2.1206599629726341e-01	  -3.5700334301829550e-01	  -3.1631123833355174e-01	   3.3927681954183014e-01	   2.0447185895180883e-01	   9.0395181551559053e-03	   5.5569896537113216e-02	   8.9384813975729160e-01	   8.0521962722295803e-01	   7.9944532629833764e-01	   7.7506309940139695e-01	   9.6332974188752529e-02	   6.6224020949917384e-01	   7.2541945869969560e-01	   7.1869011643436143e-01	   6.0515718149051256e-01	   4.4547018817717510e-01	   8.4377855803047619e-01	   7.4707656325844796e-01	   7.2484899330166863e-01	   3.7652978324710101e-01	   6.8051387775985950e-01	   3.0023194327723685e-01	   7.7475667171003637e-01	   5.4767285801775756e-01	   8.8537820858192529e-01	   7.8662678688984145e-01	   1.7338380238475026e+00	   1.9024822202578224e+00	   5.6755499493139117e-01	   1.4592095640141950e-01	   8.0438887341856460e-02	  -3.5853350897666286e-01	   3.1790946020262129e-01	   4.4325901835270143e-01	  -1.9962583717798979e-01	  -1.5806965844153165e-01	   1.5889566111005834e-01	  -1.9520391398864481e-02	   9.2360982043413276e-01	   8.2735481500226027e-01	  -1.8085446979501449e-01	  -1.2475016376417024e-01	   6.1662383900708184e-01	   6.3136538033913470e-01	   4.9449815712621015e-01	   3.2962303077023786e-01	   3.9463890679357860e-01	   3.4785946101820675e-01	   1.0063468283432619e+00	   4.6229086087314886e-01	   9.6120461106573885e-01	   5.3690776279930508e-01	   5.0375447433655396e-01	   5.0158977877237043e-01	   6.2829281670605541e-01	   6.5870419920379097e-01	   7.2278491035127534e-01	   7.9892420401717257e-01	   6.5370909358678875e-01	   6.8764759631654471e-01	  -1.4410104443624178e-01	   1.8749741568021103e-01	  -8.1145786623086039e-02	   7.9699534103026132e-03	  -1.4437489975279438e-01	  -6.6645259099439830e-02	   4.1393977028886120e-01	   4.2400674790542059e-01	   4.9226114254697934e-01	   3.8535712838711650e-01	   2.3171208188427492e-01	   2.2316212682414510e-01	   3.1742994471570929e-01	   4.7913702672254976e-01	   1.5447532255686922e-01	   4.2420774879981575e-02	  -1.7051443798149112e-02	   3.3850506232086497e-01	   3.4203873928741896e-01	   7.1013876565019107e-01	   5.4979762404124277e-01	   1.4853840125248918e-01	   1.2052016405971372e-02	   1.9114781622634788e-01	  -1.5136815836912115e-01	   2.4044463498539656e-01	
   3.8871539023801366e-01	  -4.9107925722159758e-03	   0.0000000000000000e+00	   6.4113939357664740e-01	   2.9409783541469753e-01	   1.2007875852725973e-01	   8.2857210449749208e-01	   5.7237351988716179e-01	   1.3115223136545895e-01	  -1.2953948332783510e-01	   5.8112337041193418e-01	   3.4576475253398559e-01	   4.4335830490830686e-01	   3.3848239337988328e-01	   9.6761065135946167e-01	   6.9101122018371841e-01	  -9.6177915834445293e-02	  -1.0986122506204794e-01	   5.1795590674233771e-01	   2.3919974083378537e-01	   2.4013472188126611e-01	   2.6554818524957707e-01	   1.0372596500460916e+00	   7.3360768028398549e-01	   6.1136831043524442e-01	   4.9522793135172138e-01	   4.5559734847468514e-01	   4.5286690794721030e-01	   1.5104436600988391e-01	  -9.4606887122227160e-02	   5.6901093776496392e-01	   4.8519027233481837e-01	   7.5370405860399714e-01	   6.3829518682740161e-01	   7.1082941297000302e-01	   7.0312209099620204e-01	   2.3641082435696925e-01	   1.3973951783717614e-01	   1.0580382720482108e-01	   4.2563871257130674e-02	  -6.2166460786538390e-02	  -2.1939849773966263e-03	   4.1564513309848117e-02	   3.3810648586190616e-02	   2.5004533713021049e-01	   2.1797553850975779e-01	  -1.0165092800755622e-03	   6.8500891777908954e-02	   2.4342574822819896e-01	   1.6156595292594214e-01	   2.4391113490826594e-01	   2.9407727496558816e-01	   2.9734565781793165e-01	   2.4636763076593848e-01	   1.8408344944788230e-01	   2.4763857056594551e-01	  -1.3669247871895161e-03	  -3.5966420798573109e-02	   6.8950004227695899e-02	   7.6198245790336294e-02	   2.6839815145201151e-01	   2.7742716085769298e-01	  -1.8212970831764180e-01	  -8.3956590960559838e-02	   7.6292827304218791e-01	   6.7504529404212821e-01	   8.6322553076816844e-01	   6.3083841043142663e-01	   2.4574352767332994e-01	   1.5768868520541304e-01	   6.1394676317890884e-01	   4.3451348563485670e-01	   3.0733250835749415e-01	   1.3917896605101759e-01	   3.8549537825040320e-01	   3.2742669200024305e-01	   4.7687245648426124e-01	   3.8823575731749793e-01	  -2.5839894955756594e-02	   8.3261833865141868e-02	  -4.8845820320438507e-02	   2.8751380223077250e-01	   4.7020700306027025e-01	   2.7458012760016565e-01	   6.0682144964059170e-01	   4.8832977689414947e-01	   3.9628340558272718e-01	   3.5882793498233462e-01	   4.8564332146462363e-01	   4.2486753248388520e-01	   5.8911342431303571e-01	   5.6403788490953954e-01	   5.2496244922365576e-01	   6.8578341946107513e-01	   4.2237970336968515e-02	   2.3368081819571263e-01	  -1.6988126540454524e-02	   1.8021461254303706e-01	   3.6107682007714575e-01	   5.4702548265051287e-01	   2.6646375297688851e-01	   3.5412460751140107e-01	   2.0039211956052971e-01	   3.0505584459963803e-01	   7.6402433147157972e-02	   2.7340889798245410e-01	  -3.6343139829600685e-01	   2.8038305378125927e-01	   1.7367324286688318e-01	   3.7146230783817025e-01	   3.3017148975208027e-01	   4.8199527334619624e-01	   4.8730012027223935e-01	   2.6023981875971564e-01	   7.1047246347834117e-02	   4.0730979997344256e-02	
   4.8601515607463502e-01	   1.7668868112734010e-01	   6.4113939357664740e-01	   0.0000000000000000e+00	   1.3330814511269828e-01	   1.6252211982333320e-01	   3.8086556805827571e-01	   6.9455023525976367e-01	   2.9664765666928807e-02	  -3.0967532542223602e-02	   2.8551075474363247e-01	   4.7792066978534808e-01	   1.4991388401941194e-01	   2.4467072158256353e-01	   4.6496037763591536e-01	   6.3231876063580827e-01	  -8.2625599159388882e-03	  -1.1966400419367900e-02	   6.3549002708935121e-01	   5.6779925508943185e-01	   5.5210994464270885e-02	   2.2065640177565288e-01	   5.9938677889805125e-01	   1.0580481028673530e+00	   3.4144823067547214e-01	   4.9265296395410846e-01	   2.9282073270528869e-01	   3.7441381323415068e-01	   7.2269074960597521e-02	  -1.9441044954000786e-01	   2.6067659262623444e-01	   4.4971275562602597e-01	   6.6501515534284616e-01	   6.9500740312439835e-01	   4.5229191979624939e-01	   5.6257467096049441e-01	   1.4851257998488782e-01	   1.5248224185036532e-01	   1.3642729731990749e-01	   1.5501569962030717e-01	  -4.1021671887817211e-02	   1.7031526462320454e-01	   2.0908225677551953e-01	   2.0116776586231555e-01	   3.4254794312914527e-01	   2.3502894521420828e-01	   2.0137240235553125e-01	   2.0204625941401375e-01	   2.1122720833063985e-01	   5.0995394347847188e-02	   9.9478844506149480e-02	   2.4554363217209438e-01	   2.0752764027421339e-01	   9.9889544622376703e-02	   1.5007539690784050e-01	   1.9589278777798183e-01	   1.7568618872266148e-01	   1.6525273000551521e-01	   1.5265790584790256e-01	   1.7294751646570999e-01	   1.3870756275143217e-01	   3.1573844433290904e-01	  -7.9982492367960983e-02	   8.8801621709351075e-02	   2.9730762619476542e-01	   7.6794497545179707e-01	   5.7347720149821091e-01	   5.8627882389083208e-01	   3.6758508626461850e-01	   3.8244664826796065e-01	   2.5729302340077098e-01	   4.2569074595476913e-01	   2.9813491130211689e-01	   2.1917198990286957e-01	   3.9426809605266155e-01	   3.5540108806150095e-01	   3.7951487387581384e-01	   3.9163169178229829e-01	   7.5695743934587167e-02	  -4.7344448203497603e-03	   1.4538203027335311e-02	   1.8811402175899430e-01	   3.6658195313960268e-01	   1.4406192124649153e-01	   4.5919943853292156e-01	   6.3930020684904132e-01	   2.6428507207060625e-01	   2.6691881460422140e-01	   4.8238938097966066e-01	   5.1797168298017993e-01	   5.2963858619641746e-01	   2.3470369145114300e-01	   6.3407146162583794e-01	   1.0633470370070779e-01	  -2.4068452931209610e-02	   9.3032264718197741e-02	   4.4006584370665444e-02	   1.8713938989325735e-01	   4.2095936131698286e-01	   2.8704075453803624e-01	   6.6322298552530434e-01	   2.5503293005520955e-02	   6.2825061171077334e-01	   3.4606816705717236e-01	   2.3308857496314900e-01	   6.0024003229364284e-02	  -3.5740093816113067e-01	   3.6696222243254822e-01	   1.7190394438176840e-01	   3.7762287087718471e-01	   3.6343622962220845e-01	   3.6828659608753000e-01	   1.8638523304652721e-01	   2.4639013015719226e-02	  -1.0029189358784099e-01	   6.9966904325517151e-02	
   1.3368450239161372e-01	   1.6280140541493832e-01	   2.9409783541469753e-01	   1.3330814511269828e-01	   0.0000000000000000e+00	   7.5284119104296854e-01	   5.0894639350978474e-02	   1.4522499695011988e-02	   1.4860627907548447e+00	   9.1481727289125625e-01	   7.1558054564211396e-02	  -9.7202214299073539e-02	   3.2779444861322465e-03	  -9.7261693112263486e-02	   3.2241228146467382e-01	   1.6659047907799385e-01	   2.7982489866462590e-01	   1.9525284369249102e-01	   7.1641931883246163e-02	   3.1012449708792012e-02	   2.6930741043779038e-01	   2.8431566737292735e-01	   2.9623027890534742e-01	   2.3143100520224186e-01	   4.3075148917664230e-01	   3.4484984617457354e-01	   5.6610427250778927e-01	   6.3505012873568978e-01	   1.6072575292825445e-01	   4.2276351071457233e-02	   7.2998915147102633e-02	  -2.1651147676509382e-02	   7.6927275776344672e-02	  -4.5279791817694467e-02	   2.0686725226992070e-01	   1.4965055060972551e-01	   3.3620823938486394e-01	   2.3873147208078066e-01	   5.0763111927079663e-01	   3.3776318324983168e-01	   5.1820744039359067e-02	   3.3727948252653006e-01	   1.9988886278919873e-01	   2.5069865912963374e-01	   4.0399208418319582e-01	   5.4276183071406536e-01	   2.5018195587836389e-01	   2.9321371911435401e-01	   5.2886008398784745e-01	   7.1125719270425392e-01	   4.4597724098645097e-01	   4.4355911594005598e-01	   4.7884492124896749e-01	   3.3196543998840511e-01	   3.9917756557612138e-01	   4.6914535071169183e-01	   2.7106323081391959e-01	   2.6482643637826320e-01	   1.7556662326006414e-01	   7.2836657771025493e-02	   1.7249241497126766e-01	   7.3350504701480926e-02	  -6.8115190914331533e-02	  -7.6625606843906610e-02	   2.4159358842480358e-01	   1.8983733437988839e-01	   2.9177698656541218e-01	   3.1235719009891660e-01	   1.4440380089263066e-01	   1.8072112636016152e-01	  -3.9963352243865546e-02	  -1.8318132021189565e-01	   8.4199676007331165e-02	  -2.4396108116783520e-02	   1.1184352947190469e-01	  -6.0926467280005368e-03	  -1.2170518046300105e-01	  -1.7872305919189124e-01	   2.4941700588488463e-01	   8.7469283055005537e-02	   2.3910159313369481e-01	   4.1317868669392316e-01	   4.3672638874224545e-01	   4.1877969729459097e-01	   4.7726444060838646e-01	   4.0841519455923747e-01	   5.5471643019229688e-01	   5.3904186990149516e-01	   2.5703034846074674e-01	   4.3793661958440383e-01	   1.1624356821245463e-01	   2.7730885223489810e-01	   2.4594579482521094e-02	   1.9487397477726787e-01	  -4.3856132333649829e-02	   1.3413329440307670e-01	   1.0087003896999927e-01	   4.0070360620880663e-01	   3.1535230950861776e-01	   3.3470979425061687e-01	   6.4324636526739934e-02	   1.8662714892685475e-01	  -8.6337906899693034e-02	  -3.4042517805713685e-02	  -1.0981338016076307e-01	  -2.1877079786186102e-01	  -1.7946043293037067e-01	   8.4069063941239128e-02	  -3.1777412285289346e-02	   1.6654894629077552e-01	   3.0540213813431560e-01	   3.2592871096777398e-01	  -9.1989971951939670e-02	  -1.0746363344050737e-01	  -1.8222913651365602e-01	   6.1327588598270241e-03	
  -2.2754693005933752e-01	  -2.1712077563994597e-01	   1.2007875852725973e-01	   1.6252211982333320e-01	   7.5284119104296854e-01	   0.0000000000000000e+00	   6.0225876070318117e-02	   9.9956037942766349e-02	   5.6827382600872989e-01	   1.0130445909418198e+00	  -1.3551597204135341e-01	  -1.9514070740863057e-01	  -2.0861642580483961e-01	  -1.0698164630381156e-01	  -8.7391736657264785e-03	   7.1461284246674264e-02	  -1.3031051420564335e-01	  -1.0795609634688356e-01	  -1.3997940834749850e-01	  -2.7742380577508102e-01	   1.6495532450544820e-01	   2.2652327670743486e-01	   2.9840289572814083e-01	   2.1078573328622557e-01	   4.8989965655402889e-01	   6.0410883335471566e-01	   5.1614476906752138e-01	   5.8937739269987210e-01	  -1.3522558892549666e-01	   9.6770334072008007e-04	   2.1872438870704425e-01	   1.5466793643479299e-01	  -1.1270646296867909e-01	  -1.5796693042207891e-01	   3.5137484865310009e-01	   3.1287790391857173e-01	   4.4213138969210489e-02	  -7.4109281859279189e-02	   1.4651524696168966e-01	  -2.8417461896173418e-02	  -4.1763680510918180e-02	   3.6343697456231081e-03	   2.0294549560242020e-01	   2.6728316015161513e-01	   4.2733915651214027e-01	   5.8899923322295555e-01	   2.3038422797895045e-01	   3.1748718935845738e-01	   3.7891116888729476e-01	   5.6923069388244707e-01	   2.2920656381050900e-01	   3.3084347839660105e-01	   2.0278578276153003e-01	   4.8726592920291037e-02	   2.8664659984282725e-01	   3.4077054756873726e-01	  -1.4155899183661050e-01	  -1.5574493422761718e-01	  -7.7682334934437908e-02	  -1.0158606889568629e-02	   9.6505065114615117e-03	   1.7100036266106139e-01	  -2.3345067529718411e-01	  -2.7282069685191301e-01	   1.8625281697224222e-01	   1.6952401334813719e-01	   3.5947500085260092e-01	   5.4507701492566263e-01	  -1.8033425827888708e-01	  -5.1726484462245460e-02	   1.0010091079854605e-01	  -4.6585176787442464e-02	  -2.6055152564205131e-01	  -3.5504853775696554e-01	  -1.4843781427040767e-01	  -2.5667934021636485e-01	  -2.4884694284288109e-01	  -3.0059633179067824e-01	  -3.9723836930675542e-02	   9.2490808514279488e-02	  -6.5608124699870152e-02	   2.4712110645376190e-01	   1.5231510046457947e-01	   1.7383653902198737e-01	   2.0107968528749834e-01	   6.6344654056183158e-02	   2.2449280826146439e-01	   1.6646854166707528e-01	   5.6076628086144116e-02	   2.1538478167270547e-01	   2.4083519506529638e-01	   3.2811755985233282e-01	   4.8469678050921540e-02	   1.6737978889744176e-01	  -4.2127583510356004e-02	   1.3476217323047235e-01	  -6.5853098959989143e-02	   1.8246084542071983e-01	   2.9682169160389577e-01	   3.0964766447414027e-01	   9.0273602121852550e-02	  -2.6249503667753426e-02	  -1.2753322998674463e-01	  -1.7433418465855255e-01	  -1.2086438482313948e-01	  -9.9188779172508415e-02	  -1.7497205858363454e-01	   1.3701689823972110e-01	  -4.1541272172240476e-02	  -2.0454015986134105e-01	   1.9857382670465598e-01	   3.5157924859187778e-01	  -1.6974783164408366e-01	  -1.3492925054925128e-01	  -4.5397905979912119e-02	  -4.6127496664492194e-02	
  -2.6456883365327005e-02	  -4.7213745665677664e-01	   8.2857210449749208e-01	   3.8086556805827571e-01	   5.0894639350978474e-02	   6.0225876070318117e-02	   0.0000000000000000e+00	   1.1690075926956616e+00	   1.4242841243233882e-02	  -2.0886601331179461e-01	   6.2319197257665260e-01	   5.7422825484304896e-01	   1.0076171295111265e+00	   9.6252927898602247e-01	   6.4633390089380149e-01	   7.7186832760015311e-01	  -4.0176140526826964e-01	  -3.8245076940458239e-01	   2.1198886104042994e-01	  -1.4613607061335554e-01	   4.1917750302731496e-02	   6.3828754887314570e-02	   6.4177959233548576e-01	   4.8101506638974501e-01	   1.0956150234748596e-01	   1.2337641277445609e-01	  -1.1842535904948191e-01	  -1.0966781868156233e-01	   2.8442445656413941e-02	  -1.0722395128944137e-01	   4.5146443910414069e-01	   4.8820703385306186e-01	   4.6058594145714193e-01	   5.7283257165539747e-01	   3.9164053095477469e-01	   3.9508267126796243e-01	  -2.3033481128607192e-01	  -2.1446127133849560e-01	  -3.3758956521561928e-01	  -2.9775629809151555e-01	  -1.2229306356925521e-01	  -2.3599978739891986e-01	  -1.9241285324305227e-01	  -2.3857659577155055e-01	  -1.8054654282579347e-01	  -2.2925743224064493e-01	  -3.5967735423612035e-01	  -3.0921398149566398e-01	  -1.7034464087511283e-01	  -1.4088240342003447e-01	  -6.1867390550109660e-02	   1.8355411565876546e-02	  -4.5830956701420601e-02	   1.2882517415679476e-01	  -3.1808697030779959e-01	  -2.4029729444171638e-01	  -4.3702750640513266e-01	  -5.0215991773959190e-01	  -3.5433218921661208e-01	  -2.1563739548758781e-01	   4.4625075970789718e-01	   6.9870406623345516e-01	  -5.8642009022134962e-02	  -1.2080948114802457e-02	   6.1110569554625838e-01	   6.2174127359737608e-01	   3.3018491936463873e-01	   2.7019279232813276e-01	  -2.3742587688555611e-01	  -3.4039006414841555e-01	   6.5384419084162626e-01	   5.2780363628426719e-01	   1.3008216275085532e-01	   3.0671706663988659e-02	   2.5657535395983322e-01	   2.8457736184284504e-01	   2.4630732490850801e-01	   2.4169435720374952e-01	  -4.0283155616735161e-01	  -1.4382734783875734e-01	  -4.8351137451863035e-01	  -1.7891509966225194e-01	  -9.0614208017129605e-02	  -7.7846110666402096e-02	  -2.5629946647092963e-02	  -4.1681776095172797e-02	  -2.0235010354191640e-01	  -1.9753088008448075e-01	   7.5405851585138406e-02	  -8.3062492481595279e-02	   4.5795791725686119e-01	   3.8234247429907803e-01	   2.2986899647524839e-01	   3.8684259107577201e-01	  -1.9754989214450644e-01	  -3.6632711667162983e-02	  -5.9068602997510244e-01	  -4.0522309606890083e-01	  -8.6306696979431663e-02	   1.4322187512316367e-01	  -5.2644947616706239e-02	  -2.8752015379241852e-03	  -1.5027514117705537e-01	  -1.8433985622255519e-01	  -2.3452156710793115e-01	   6.5542874353135411e-02	  -3.2946630992465525e-01	  -6.2434962605400240e-02	  -1.1809551870341458e-02	  -2.6152578667846701e-02	  -1.2207005701207480e-01	   2.2117485031420800e-01	   3.4909682156064364e-01	  -8.2748922718623941e-02	   1.0819377455063710e-04	  -9.2023414193507999e-02	
   1.3461901456778369e-01	  -3.2657122172180159e-01	   5.7237351988716179e-01	   6.9455023525976367e-01	   1.4522499695011988e-02	   9.9956037942766349e-02	   1.1690075926956616e+00	   0.0000000000000000e+00	  -8.7874336445994558e-02	  -1.7383308215813692e-01	   6.7507314136506480e-01	   9.1149654375844991e-01	   8.2250039132670882e-01	   1.0902377792840283e+00	   6.5413264984206443e-01	   1.1588924479596225e+00	  -2.6711980182115808e-01	  -2.4417591253139226e-01	   3.7578594133491849e-01	   6.7176989964620404e-02	   1.1684765456542558e-01	   2.5480344516999476e-01	   7.3877606617698044e-01	   8.8739656863241068e-01	   1.9076916461823915e-01	   2.9684631550558310e-01	  -4.1399369479684672e-02	  -8.7918768385702641e-03	   1.6499266537555918e-01	   2.1986029453457595e-02	   5.3656504218422008e-01	   7.2524915723078676e-01	   5.9913875770184166e-01	   8.3587649943905329e-01	   4.9230452945517833e-01	   5.6732197974000143e-01	  -1.6430816192314546e-01	  -9.0436177140757038e-02	  -2.3489491497978598e-01	  -2.0627728877889576e-01	  -3.1961200261251259e-02	  -9.2734735653455275e-02	   7.2861601536564166e-02	   2.5880515363137988e-02	   3.1205606171752425e-02	  -9.5431984219877655e-02	  -8.5013184032514497e-02	  -7.5246696050315739e-02	  -6.1211237368745716e-02	  -1.3598416843949643e-01	  -5.9168044355523482e-02	   1.7438776607603988e-02	   6.1100685308120607e-02	   2.1381929439188110e-01	  -2.7270597853759898e-01	  -2.2809040546432413e-01	  -2.4005241492140050e-01	  -3.1073120459446213e-01	  -3.3200846596052347e-01	  -2.3680707849509153e-01	   3.9487933115087237e-01	   6.4431126897298274e-01	  -6.8781693406599533e-03	   3.3106222128428175e-02	   5.2465316367682668e-01	   7.7169864757665341e-01	   3.3894353963295526e-01	   3.3252004711609973e-01	  -1.4485878168699981e-01	  -1.8314757001066656e-01	   6.9373965745112398e-01	   7.7027669554580380e-01	   3.3963165709645071e-01	   2.4716989878920520e-01	   4.9294329358563993e-01	   5.2944628047607734e-01	   3.9759606241371837e-01	   4.3807560699531911e-01	  -2.0821533340107348e-01	  -4.5114050690150641e-02	  -3.2772821250519996e-01	  -8.5065351094442743e-02	   5.7595898505953882e-02	  -1.8960445728110658e-02	   1.0499606725982645e-02	   3.8949857341990440e-02	  -5.9845750189482044e-02	  -9.8680562386983153e-02	   7.7104024431136411e-02	  -8.0692201855697782e-02	   4.9243832017190481e-01	   3.0574322631444906e-01	   3.1335799711821849e-01	   1.4429274633935096e-01	  -3.3434441155845179e-01	  -1.8538391877669549e-01	  -6.0545803064854831e-01	  -4.0662851922978116e-01	   1.8985475287849916e-02	   9.0948434139791728e-02	   1.8495393295167037e-01	  -1.5874850684051323e-01	   5.7371031401260007e-02	  -1.7842410481035859e-01	  -4.2961916993581713e-02	  -1.1872194314225345e-02	  -2.8939712223292208e-01	  -2.7678932965018683e-02	   4.6328875222180113e-02	   4.7151094980725429e-02	   2.9092632212223760e-02	   2.7194716196358498e-01	   2.4457556864225882e-01	  -1.1857335432205253e-01	   1.8412143282943289e-02	  -5.5512967980653201e-02	
  -1.2246359303933391e-02	   1.1375412152633722e-01	   1.3115223136545895e-01	   2.9664765666928807e-02	   1.4860627907548447e+00	   5.6827382600872989e-01	   1.4242841243233882e-02	  -8.7874336445994558e-02	   0.0000000000000000e+00	   9.8155865118333308e-01	  -1.0256970150951611e-01	  -2.1651271329936567e-01	  -2.3326409058136710e-02	  -1.6223248416050506e-01	   7.6802042958018915e-02	  -3.1607268958997015e-02	   2.5455690179116103e-01	   1.4973177900532425e-01	  -9.7462628553028230e-02	  -4.8402037377228042e-02	   2.7409443310864191e-02	  -1.7448591289293595e-03	   2.4179983216342543e-02	   9.6503926474126867e-03	   1.2347423988261577e-01	   5.0679213804466640e-02	   3.1310899452167423e-01	   3.5430205492713640e-01	   9.4336176895879809e-02	  -7.7138539541513881e-02	  -1.3375034952921777e-01	  -1.8235706249299466e-01	  -5.8367711668949641e-02	  -1.8382782453447094e-01	  -9.9805841009074983e-02	  -1.5957788095742781e-01	   1.7369562120922663e-01	   1.4747725343856216e-01	   4.4867060539075676e-01	   2.9885431941214902e-01	  -6.6289408603910860e-02	   2.3154304103836129e-01	   2.6767380955719570e-02	   7.6274544166008096e-02	   1.4048585063329697e-01	   3.1132616223708370e-01	   7.8199673073182430e-02	   1.0531087529296713e-01	   3.7626115929549658e-01	   6.1579648884007232e-01	   3.7682043007677046e-01	   4.0701328933751069e-01	   3.1706978012088827e-01	   2.6735991648345564e-01	   2.5108568639870110e-01	   3.1244325532077977e-01	   2.1940028308230383e-01	   2.1602829070913507e-01	   2.3625468050152870e-01	   1.5422125513153181e-01	   1.4232858831765777e-01	   6.5775640018079659e-02	   5.7761945644945892e-03	  -2.6013369627842346e-02	   1.3215663476636049e-02	   4.1717187016981211e-04	   1.0454652525139529e-03	   6.8352222300902321e-02	   4.9463672717859855e-02	   8.6530249933345987e-02	  -2.9339405958364706e-01	  -4.2813539663265004e-01	  -6.3413651387901560e-02	  -1.5787441458150192e-01	  -7.6200378810571914e-02	  -1.6239942378193031e-01	  -2.8819034888710743e-01	  -3.4193291377370127e-01	   1.5957134933951408e-01	  -9.1446245316022357e-02	   1.7015574265034658e-01	   1.9404811062617638e-01	   1.3235262092255951e-01	   2.1410894638914341e-01	   1.9745401073447805e-01	   2.7088410202464913e-01	   2.5473021263865769e-01	   3.3518456215052012e-01	   6.9721418952999784e-02	   3.2269625041485750e-01	  -1.2053657392603211e-01	   6.6471719721912209e-02	  -1.2294207123260098e-01	   3.4790326956570874e-02	   4.5339819182490013e-02	   1.9022936581091537e-01	   1.4901059668362385e-01	   2.9632030871622139e-01	   9.5665592454141996e-02	   9.0808276990047385e-02	  -4.6358714073135479e-02	   2.2434345492110869e-01	  -1.7899967384240889e-01	  -1.1471752966488055e-01	  -3.0423883196826479e-01	  -3.7266063681056272e-01	  -2.0868959681419727e-01	   5.8110535862703809e-02	  -5.1206993330293646e-02	   1.8799447812816730e-01	   8.2420796675009830e-02	   5.5471511635490800e-02	  -1.9812480638919125e-01	  -2.3112763129875280e-01	  -2.9587670559004253e-01	   3.9601127173043871e-02	
  -2.4993613567482292e-01	  -6.9832923469587749e-02	  -1.2953948332783510e-01	  -3.0967532542223602e-02	   9.1481727289125625e-01	   1.0130445909418198e+00	  -2.0886601331179461e-01	  -1.7383308215813692e-01	   9.8155865118333308e-01	   0.0000000000000000e+00	  -2.7854991801095563e-01	  -4.0367076683281422e-01	  -3.0200269383676820e-01	  -3.0192507920664391e-01	  -1.8911778350396707e-01	  -1.9705858030015477e-01	   5.3200028191808225e-02	  -1.8237422617892473e-02	  -2.4680332502647825e-01	  -2.2716121073868467e-01	  -2.6400117275005422e-02	  -5.6871005748301888e-02	  -8.5468250353975886e-02	  -9.4351324684488383e-02	   1.3419425234994012e-01	   1.3076722524440121e-01	   2.9658425785493570e-01	   3.1569170365723243e-01	  -1.5226034384462506e-01	  -5.0763375444070967e-02	  -1.4398544831139826e-01	  -2.2730345335215354e-01	  -3.1643241657561944e-01	  -3.9252585274713803e-01	  -8.2371571166356475e-02	  -1.2165397710921606e-01	   5.7205967207138908e-04	  -2.0255178306867443e-02	   2.0915962112130843e-01	   9.8401112022487330e-02	  -1.2062288059709859e-01	   2.8268462202514884e-02	   4.2466784416967017e-02	   1.2351056394947568e-01	   1.9463067771449358e-01	   4.1314327703788645e-01	   1.2573400583952185e-01	   1.8729989747579764e-01	   2.3045564870018037e-01	   6.3447253482159605e-01	   8.5509157899141555e-02	   3.6412987194488133e-01	   7.1191398943282788e-02	  -1.5074346418590628e-02	   1.5773431675474806e-01	   2.3581720395406186e-01	   8.0645539715715527e-03	   3.5945752317262242e-02	   1.2956210904900270e-01	   2.5615931587319118e-01	  -2.1071101666303434e-03	   6.7238549413474777e-02	  -1.9852252044456434e-01	  -1.7603742845597481e-01	  -1.3740534131824775e-01	  -9.5288056359751225e-02	  -3.1165723709226912e-03	   2.2340586317530420e-01	  -8.4783662813479002e-02	   6.3011507770245972e-02	  -2.3750656818745836e-01	  -3.6499748070716148e-01	  -3.3053384268358305e-01	  -3.7714427855692495e-01	  -3.1665386241346610e-01	  -3.7733883614947822e-01	  -4.0079596670896278e-01	  -4.3442309514750876e-01	   7.4679687141202947e-02	  -1.9647647424119355e-02	   6.3931841464233530e-02	   1.7817969432500264e-01	   5.9188386503183588e-02	   4.4069504291967793e-02	   1.7579290976248368e-02	   1.0042363299841391e-01	   1.5941622404168981e-01	   1.8960093384814614e-01	  -1.0051825747251619e-01	   2.4251409351026015e-01	  -3.3289850869960003e-02	   3.8790767755780189e-03	  -5.3481288671439996e-02	  -3.8752429372417699e-02	   1.9515107520592062e-01	   2.2567854783660143e-01	   2.0802045427622556e-01	   3.0162619039791816e-01	   1.2725207305639652e-01	   2.5791918262398739e-02	   2.1794408309376224e-02	   5.8162310179598071e-03	  -1.1933034932119842e-01	  -2.5264185480571111e-01	  -1.6001441601877736e-01	  -3.3737732400816761e-01	  -6.8760993872280227e-02	   4.0801663109215937e-03	  -1.2851000628135223e-01	  -7.8880949129931904e-02	   8.0600133133206159e-02	   9.5046681834043009e-02	  -3.0725553108929377e-01	  -2.5783731473620980e-01	  -1.4368015006396542e-01	   5.1313805219816945e-03	
   6.8586689669504519e-01	   1.6139223571993044e-01	   5.8112337041193418e-01	   2.8551075474363247e-01	   7.1558054564211396e-02	  -1.3551597204135341e-01	   6.2319197257665260e-01	   6.7507314136506480e-01	  -1.0256970150951611e-01	  -2.7854991801095563e-01	   0.0000000000000000e+00	   9.1512554740514129e-01	   1.1696406400125308e+00	   8.5488437269881934e-01	   1.1904477343505377e+00	   7.0491985603572294e-01	   2.0800639111632355e-01	   1.3611978824213272e-01	   6.9966452841614368e-01	   3.8124574344094980e-01	   2.2662206171038884e-01	   2.8249893325710546e-01	   5.9031453407167700e-01	   5.2086356925219168e-01	   2.8771136821614884e-01	   1.5237270110115392e-01	   2.3911994622928370e-01	   2.0688512416945312e-01	   4.1717543679152030e-01	   2.9079017693116982e-01	   2.5799592753035416e-01	   2.6241548867473818e-01	   8.2279363552825691e-01	   8.7934944060354803e-01	   4.8861443164307250e-01	   5.3187153100832951e-01	   2.5172422974327341e-01	   2.7921891287823170e-01	   1.4467323855102867e-03	   6.2446125911591328e-02	  -1.2536284149044322e-01	   2.0787554278800566e-02	   3.6543689026571657e-01	   3.0912841410590797e-01	   2.1601888706095954e-01	   5.9279027093500511e-02	   2.3900521172173395e-01	   2.2734494652777015e-01	   2.5616676888906631e-01	   2.0126977133040752e-01	   2.7078835113710903e-01	   3.2343313239696397e-01	   4.4763361864528622e-01	   6.3614053541480020e-01	   8.0735813191995673e-02	   1.2399152651283014e-01	   1.7880145074127668e-01	   1.2087420600017548e-01	   8.1132265628747757e-02	  -2.7433867804551253e-02	   6.9255281573292582e-01	   3.3240033523309737e-01	   3.8432629716992121e-02	   1.3639202397324693e-01	   4.9739040291677727e-01	   3.6702067218179779e-01	   4.1815950033291965e-01	   2.1980662053420999e-01	   2.9321387609779781e-01	   1.7987480912543891e-01	   8.2623693991333269e-01	   6.8285604489007756e-01	   7.4086984037258286e-01	   6.1618810878134678e-01	   8.3685757271942340e-01	   7.5118743295392010e-01	   9.0030102966210768e-01	   8.7508729805304342e-01	   2.2697609984478587e-01	   3.0260153135362294e-01	   9.2700288420284022e-02	   1.5231249062500843e-01	   3.6224126654168054e-01	   2.1929530185244558e-01	   2.2795076320060464e-01	   1.7018014183615188e-01	   3.3520008264530921e-01	   2.5635313523782594e-01	   3.5763571608266342e-01	   2.0503046364922273e-01	   4.0338777562707862e-01	   6.5163528333350984e-01	   1.7439874602254241e-01	   4.4829094791240176e-01	  -2.9064080976095236e-01	  -1.8310587750583837e-01	  -2.7555776369741358e-01	  -1.6557066566015091e-01	   2.2000718101541394e-01	   4.3081071398984461e-01	   1.1476874767818690e-01	   1.2227306070261883e-01	   7.4440402903422187e-02	   6.5170030023909822e-02	   1.2368029512956347e-01	   2.8323945839439246e-01	  -1.4625083176273487e-01	   1.4315422967027436e-01	   2.4030981407148949e-01	   3.1469959463153241e-01	   3.1258920156731562e-01	   4.1745453120939463e-01	   4.6532475202170243e-01	   1.9833189509134247e-01	   1.4548326710526083e-01	   5.1169613999338691e-02	
   5.8320537048586873e-01	   2.1714385649609821e-01	   3.4576475253398559e-01	   4.7792066978534808e-01	  -9.7202214299073539e-02	  -1.9514070740863057e-01	   5.7422825484304896e-01	   9.1149654375844991e-01	  -2.1651271329936567e-01	  -4.0367076683281422e-01	   9.1512554740514129e-01	   0.0000000000000000e+00	   8.1191695708582801e-01	   1.1884492688890222e+00	   6.2148559386883462e-01	   8.8940429004662547e-01	   2.8330395107706369e-01	   3.7335582860703043e-01	   5.6239251191524642e-01	   4.0154256504648722e-01	   3.2586279290496611e-01	   4.6080219766501773e-01	   4.3267604772531237e-01	   6.3897210502619384e-01	   1.6922148401227902e-01	   1.8181459501411407e-01	   5.3575692770355780e-02	   7.3423521973732364e-02	   5.6134881834533845e-01	   4.3124876551368552e-01	   3.2602531145160152e-01	   4.5833201936345574e-01	   7.8810074584501699e-01	   1.0874438560549786e+00	   3.4096791403944948e-01	   4.4599872211862718e-01	   2.3522646013379922e-01	   3.2416974078714089e-01	   1.0928144350092478e-01	   2.2146877000884441e-01	   7.2276362021304080e-02	   2.7388870806219606e-01	   4.2621338186817370e-01	   3.3307898331850033e-01	   2.0987750149175760e-01	  -3.5701246870982063e-02	   2.7055596864657605e-01	   2.1475154295661453e-01	   1.5226197760693186e-01	  -3.7488294301698567e-02	   2.2137570900954887e-01	   8.8154110421249290e-03	   3.5669580184644323e-01	   4.7089084885154164e-01	   8.9380600717910236e-02	   5.2953609903057482e-02	   2.7287520884689970e-01	   2.0823166488546035e-01	  -9.8195466916901217e-02	  -1.5029588204298933e-01	   6.2413236481313417e-01	   5.0372962664350052e-01	   5.1136701486201941e-01	   6.1846480536115722e-01	   3.4062669193759720e-01	   4.5522348024901715e-01	   2.5816927755266722e-01	   1.0814468259735678e-01	   2.0264754168424057e-01	   1.0131370688290647e-01	   5.2498842592653527e-01	   6.0019032257603466e-01	   7.6220203087334937e-01	   7.7861287059920792e-01	   8.3957348596019754e-01	   8.5075481751974702e-01	   6.7554099464165129e-01	   7.3454643367177530e-01	   2.7440108275578201e-01	   3.4132710753465911e-01	   1.4915374725012764e-01	   1.5297010920193632e-01	   1.6599224878486710e-01	   3.1869502733575450e-01	   2.0563790197636239e-01	   1.9799325959580183e-01	   1.9351296323937778e-01	   1.8688494390360572e-01	   3.7491945558850270e-01	   1.4920955725508664e-01	   2.4683833139353145e-01	   3.0874826497840857e-01	   6.7694230503903247e-02	   7.8694178017149521e-02	  -4.7826543998394017e-01	  -3.9925300473960490e-01	  -3.5382132182315790e-01	  -2.7008565087081504e-01	   9.9112481704793490e-02	   1.8735270659477649e-01	   1.5010327094163631e-01	  -8.2930247731013929e-02	   9.5833362055487342e-02	  -4.8823983566526584e-03	  -8.4319411474337389e-03	  -2.5883842097444328e-02	  -1.0650183035283128e-01	   2.1710505034249639e-03	   1.3982952377930022e-01	   3.0066852858306803e-01	   2.4408690563213623e-01	   2.3168936023748005e-01	   2.5795748765811222e-01	  -3.0573515540815919e-02	   5.1947640664047647e-03	   1.8020582457374510e-02	
   2.2847049926183249e-01	  -1.2479049859960009e-01	   4.4335830490830686e-01	   1.4991388401941194e-01	   3.2779444861322465e-03	  -2.0861642580483961e-01	   1.0076171295111265e+00	   8.2250039132670882e-01	  -2.3326409058136710e-02	  -3.0200269383676820e-01	   1.1696406400125308e+00	   8.1191695708582801e-01	   0.0000000000000000e+00	   1.1894054640203746e+00	   7.8911832998101228e-01	   6.2413088505149261e-01	  -3.9577964722763884e-02	  -7.0863773330497037e-02	   3.2412636724600163e-01	   7.3376450133721169e-02	   6.0818199703692642e-02	   5.2171856348537347e-02	   3.4124327522030884e-01	   3.0043552446271271e-01	  -7.8547355879021855e-02	  -1.2805816391240238e-01	  -1.4568861774135344e-01	  -1.4998284266112644e-01	   2.6208386416352231e-01	   1.2271417043277413e-01	   1.8898625203402375e-01	   2.4988728085617229e-01	   5.1204954349836751e-01	   6.0940082539269314e-01	   1.6956710578564341e-01	   1.8955811059448038e-01	  -5.3346492139590106e-02	   1.1703005916578117e-03	  -1.6947146010827149e-01	  -1.1278960573776067e-01	  -1.8456874046264049e-01	  -1.2728597608272246e-01	   4.3682825365112921e-02	  -2.4467244054792860e-02	  -1.6856760829814635e-01	  -3.0423392157302059e-01	  -1.3408714316309459e-01	  -1.5431417533542652e-01	  -4.3731111662220677e-02	  -5.2636081486173950e-02	   8.9200465944131904e-02	   1.1890840314674300e-01	   1.7645167223797203e-01	   4.7442646660905358e-01	  -2.1622062849574836e-01	  -2.1418120579349406e-01	  -9.3810511544694788e-02	  -1.4062095493510296e-01	  -1.1058070580607260e-01	  -1.9420393985330561e-01	   7.7268424299096805e-01	   5.1972669344059197e-01	   1.2983997988801282e-01	   1.5939527905128748e-01	   3.8278892128925041e-01	   3.0359661774938917e-01	   7.7017999971621481e-02	  -7.9049044578414510e-02	  -5.7285197157056530e-02	  -1.7990551486590098e-01	   5.4993482619367862e-01	   4.3247479158191199e-01	   4.2543291402552652e-01	   3.2284539775741200e-01	   4.9802359950336411e-01	   4.7560762981996174e-01	   4.6054498206057709e-01	   4.8661411702687712e-01	  -9.9217344452520465e-02	  -1.1503191260460250e-02	  -2.2395027331112541e-01	  -1.9274371250224648e-01	  -5.4900912139681221e-02	  -3.9778154666747216e-02	  -1.1214850096342588e-01	  -1.0826221986360557e-01	  -7.3430691860935496e-02	  -8.7798143232296760e-02	   1.0957407784576591e-01	  -7.7278842953938165e-02	   1.7777584406049787e-01	   3.3918682365206249e-01	  -5.6616765003387810e-02	   2.0685335456824164e-01	  -3.7696811057003105e-01	  -3.1594485879608708e-01	  -5.8416762285959578e-01	  -5.3744603158602489e-01	  -1.5627572919191970e-01	   5.3808447022334192e-02	  -1.4557435696806345e-01	  -4.6491436128856541e-02	  -1.9710141126063135e-01	  -2.5837428158936449e-01	  -2.4412473003991009e-01	   6.2405947355322587e-03	  -2.1794010617402790e-01	  -6.6964287054352978e-02	   9.3855487507077368e-02	   1.1261721033853966e-01	  -9.0592692738850622e-02	   9.1659383799463950e-02	   2.4316729201331375e-01	  -1.1005024751199668e-01	  -5.3639935683639582e-02	  -1.8735704173064947e-02	
