   0.0000000000000000e+00	   1.0834079526058720e+00	   6.9044886201302547e-01	   3.7408982859655920e-01	   5.4534562541293663e-01	   4.7793949962938426e-01	   6.4800919432521287e-01	   5.1812010075540915e-01	   4.3840110768760893e-01	   2.5344474238978065e-01	   1.0069595751586347e+00	   6.3211099903316292e-01	   8.8806404757592561e-01	   5.0314026325955674e-01	   9.4207678683574614e-01	   7.5826393551081295e-01	   1.0003760770096091e+00	   8.4827750851533656e-01	   1.1777040828061580e+00	   9.4827137770469883e-01	   1.5948679412973227e-01	   1.4163930244387360e-01	   5.7206714465330233e-01	   2.3953678826262764e-01	   4.3462246814440147e-01	   3.0507858888417783e-01	   1.9581689060172802e-01	   2.6207770939244279e-01	   8.7746026002262578e-01	   7.2062522526133765e-01	   6.6891688769482061e-01	   5.2513282733809019e-01	   9.5238118626747181e-01	   7.3301191982995273e-01	  -4.5467702607324231e-02	   1.1014450528599554e-01	   5.2157614812014852e-01	   4.6852777365379472e-01	   3.5536264806322310e-01	   3.7898125334169153e-01	   3.8670459309693728e-01	   7.7115079690288768e-01	   6.5899324302932949e-01	   5.4151214284029614e-01	   5.4856169027441282e-01	   5.4695232633754653e-01	   7.3533217405856233e-01	   8.4414207824731680e-01	   4.8111584539615582e-01	   5.7573372314788940e-01	   2.0393467404348467e-01	   2.6796936078866679e-01	   8.9907223552677673e-01	   1.0793397257948534e+00	   6.7291034119734561e-01	   7.5452358213074222e-01	   1.2722580499237588e+00	   1.2222670694528788e+00	   9.8707409800937695e-01	   8.7881118998277608e-01	   1.2547845067682615e+00	   8.3938446087236118e-01	   1.2256624676486239e+00	   8.0676733794086963e-01	   1.4592355947375793e-01	   8.0265862145383823e-02	   3.3813557248181275e-01	   1.9465011356486792e-01	   9.0087925530629931e-01	   7.0489460622604139e-01	   4.1421746698024564e-01	   5.1731544001717800e-01	   6.2375498428165865e-01	   6.3043617746764524e-01	   6.0064291811910309e-01	   6.6614244689731328e-01	   7.7188726841999433e-01	   6.9598562557099042e-01	   7.5375208142774008e-01	   6.6295905899635876e-01	   8.6595383219356359e-01	   8.7625063357601773e-01	   7.3623049402980645e-01	   5.7634443014149783e-01	   7.1607895598469318e-01	   3.5517716694238416e-01	   8.0859027443024173e-02	  -9.1031920965979340e-02	   8.0423677518096881e-01	   1.1582053481949754e+00	   9.1457495877486439e-01	   7.6901567376253932e-01	   5.3614105974819137e-01	   5.5714795025608610e-01	   1.7854050382699039e-02	   1.5372473550106338e-02	   4.8890583071523319e-01	   4.5593132555924465e-01	   9.8714001971283794e-01	   1.1893533581453950e+00	   7.1210535629066485e-01	   6.5552800868699312e-01	   9.6029583946576236e-01	   6.8885921165187580e-01	   5.3954263659323054e-01	   2.9887016273640421e-01	   3.7210528296329998e-01	   6.9795215942660171e-01	   8.0622126144347703e-02	   2.0327000360663564e-01	   7.3722687736512782e-01	   8.8940625663384720e-01	   9.6031384601786873e-01	   6.2274096503751675e-01	   2.3117412364887774e-01	   1.4154791511365139e-01	
   1.0834079526058720e+00	   0.0000000000000000e+00	   3.7077396792743467e-01	   2.3323995130220984e-01	   2.2246371147488950e-01	   1.8306980100079592e-01	   2.4821996278134972e-01	   2.2763849995870011e-01	   1.1801592825994831e-01	   5.2509222173133504e-03	   7.2341355524393980e-01	   5.2797159801757032e-01	   5.5715039219019991e-01	   3.5314802759741248e-01	   5.0304351716267548e-01	   4.7059559516796284e-01	   7.6721964978233226e-01	   8.8258457687342196e-01	   7.6467513799134756e-01	   7.4415516899059531e-01	   2.0940221071567844e-01	   2.0535662697386828e-01	   4.7410819898731227e-01	   2.1922897156803459e-01	   3.4582313465849090e-01	   2.8525449961781246e-01	   1.6617913316516655e-01	   2.4709754024692976e-01	   6.4642033177493252e-01	   5.7637661497442150e-01	   4.9987674907863233e-01	   3.8368935759191120e-01	   7.1366662285476401e-01	   5.8296505031140522e-01	  -1.2483119720308780e-02	   1.0629567683179302e-01	   5.6557060936628012e-01	   5.4230606387730607e-01	   4.2242594974940184e-01	   5.4897616970861629e-01	   4.6905329850031807e-01	   6.6613235105142687e-01	   4.5504274423195989e-01	   4.3403297185850626e-01	   3.5369709897164714e-01	   3.6313205708210672e-01	   4.1245103735514277e-01	   5.5965795689118392e-01	   3.6486721936081251e-01	   4.1961141752256920e-01	   7.8563001135462399e-02	   2.0921867035603581e-01	   5.9331066763547935e-01	   7.3257889573995683e-01	   4.8503390922768841e-01	   5.6443803301113260e-01	   1.0383720754066559e+00	   1.1536144776560726e+00	   6.0608104745285241e-01	   5.9899002862168382e-01	   7.2050007187737131e-01	   4.4366217045202583e-01	   7.9932144679422312e-01	   6.5280534694746428e-01	   9.2994680366435961e-02	  -4.7504466583087906e-02	   3.4459374060608727e-01	   2.0256760810620339e-01	   7.4610462986634096e-01	   6.1686039375098978e-01	   3.7104240457298587e-01	   4.6477728572381538e-01	   4.9963807919233910e-01	   4.9747748696138161e-01	   4.7434001973771522e-01	   5.1756223510275090e-01	   6.9655471975416750e-01	   6.5551543024495940e-01	   5.7912980129891467e-01	   6.0136350355519774e-01	   7.2130694920778515e-01	   1.0068476631358414e+00	   6.7328013311709500e-01	   5.9088385464525417e-01	   6.3324834792429929e-01	   3.5050899073744524e-01	   1.4191009865919230e-01	   7.3598568926625738e-02	   5.4329312780862515e-01	   7.3199886094986211e-01	   4.7747248388426461e-01	   4.7566535331156212e-01	   2.5834140898764901e-01	   3.7166711406579478e-01	   1.1703464911947023e-01	   7.6457598243301408e-02	   4.2291751501225144e-01	   3.8931043556764766e-01	   6.3372952491095957e-01	   7.0466638127655479e-01	   4.0410381180563354e-01	   4.5750797246194702e-01	   6.4696567294384655e-01	   4.4414386301598252e-01	   4.7440939542106209e-01	   2.3267613404144594e-01	   4.2057251405477319e-01	   5.6298610481460698e-01	   2.5522900925040171e-01	   3.3761146082417220e-01	   4.8275298205112938e-01	   5.6912655521995348e-01	   5.4474615523782632e-01	   4.9474439481817289e-01	   2.5073788121559570e-01	   1.3686838445514560e-01	
   6.9044886201302547e-01	   3.7077396792743467e-01	   0.0000000000000000e+00	   8.9544655632666614e-01	   1.1341416253010164e+00	   1.0686692350782994e+00	   1.2823198482767291e+00	   9.4431909135195624e-01	   6.6407819553674130e-01	   5.1257050878887922e-01	   6.4173180333980684e-01	   5.1398341666767577e-01	   8.6950708972577184e-01	   6.5063276254551983e-01	   7.4221346427864221e-01	   6.6119281301373867e-01	   4.1509306772274074e-01	   3.6752708170534704e-01	   6.6434439163548886e-01	   5.6356102383736129e-01	   3.1806598118292406e-01	   3.2929745644971903e-01	   8.9637239134592395e-01	   5.9958456871750387e-01	   8.8715916160606534e-01	   7.1701525502905827e-01	   6.0085641804882362e-01	   5.9272384772211417e-01	   4.5811858954224238e-01	   3.8445700801648308e-01	   5.2549247942491562e-01	   5.6409934492149660e-01	   7.1538423532085327e-01	   7.1885889845118656e-01	   4.1761816907027516e-01	   4.9081607477355182e-01	   3.9800036870894429e-01	   4.0689464259670904e-01	   1.4632408853378737e-01	   2.3062655912131610e-01	   1.9033374293333119e-01	   4.7048174119154174e-01	   7.1799933108888325e-01	   5.7653760346110128e-01	   4.9108057902798552e-01	   6.4618910063962598e-01	   6.4107066285764436e-01	   6.8249272903321045e-01	   3.6528067768845940e-01	   4.2874112492625516e-01	   4.4276802338268184e-01	   3.5309273461365537e-01	   4.9709685353277122e-01	   5.3985070902428645e-01	   6.1447642478992193e-01	   4.0076786608435966e-01	   4.9360101054981853e-01	   3.6802183893018692e-01	   5.9443554768247953e-01	   5.6762435408835499e-01	   8.1891275245889483e-01	   8.6991257024394886e-01	   5.6651568453531020e-01	   3.9554623242557807e-01	   7.5874814729765194e-01	   6.6247411184009442e-01	   6.9930972490460530e-01	   5.6070820198392168e-01	   5.5024873898385263e-01	   3.5649723257842353e-01	   4.4789372067360234e-01	   4.6783519890278080e-01	   5.2190703340052902e-01	   4.8828241887641688e-01	   5.8461768515376311e-01	   5.8973814836963045e-01	   6.4707119448607853e-01	   6.7313696915702126e-01	   4.3133264288005801e-01	   5.0131842640206270e-01	   3.8846084550063881e-01	   3.8737344904729071e-01	   4.5455086652828197e-01	   2.3794230553189749e-01	   8.0866189672817868e-01	   5.3129175990961885e-01	   6.0659946658445631e-02	  -8.7719919144006203e-02	   1.0065932200827461e+00	   8.0577208149117774e-01	   7.4718100635119455e-01	   6.2834311497628548e-01	   6.2761515770936693e-01	   5.3934718473740739e-01	   6.8250473333782091e-02	  -4.8069025624299724e-02	   5.8924658376443162e-01	   4.2126000503289507e-01	   8.1356797339410158e-01	   6.9131771958485677e-01	   6.6705042613649002e-01	   5.3887341049390680e-01	   7.2869075559934027e-01	   5.6507297482827812e-01	   5.2468513271030881e-01	   4.8831834487814363e-01	   5.1473538304044908e-01	   6.9998674927205029e-01	   3.0288268321763890e-02	   1.2257453907260051e-01	   8.3963424082389371e-01	   8.2348703282328306e-01	   9.7193028482122656e-01	   8.7039105137309158e-01	   4.3831500885243069e-01	   2.7068294548230420e-01	
   3.7408982859655920e-01	   2.3323995130220984e-01	   8.9544655632666614e-01	   0.0000000000000000e+00	   5.1035687043680633e-01	   7.0468772306996452e-01	   5.8566059015806493e-01	   1.1318365424142642e+00	   2.3606136477611028e-01	   2.1442394836542644e-01	   3.2468156243399410e-01	   3.9278955437071628e-01	   4.4197503175710973e-01	   6.1830000307581423e-01	   4.5782970435410220e-01	   7.3478499149240772e-01	   8.4277864626662174e-02	   6.6648559108740388e-02	   4.8029233167279689e-01	   4.8964403638436538e-01	   4.7483247540319053e-02	   1.8120254364801722e-01	   7.7993585556066147e-01	   8.5642931085008134e-01	   6.8106749824420476e-01	   7.8874230808496748e-01	   6.2243729863924635e-01	   5.5137209321838476e-01	   1.1091247657500394e-01	   8.1082686158638895e-02	   3.1232364488371561e-01	   5.6242979763120804e-01	   4.5558178828176205e-01	   6.1691437880001387e-01	   5.3908013525930343e-01	   6.8299986050951067e-01	   2.3530417404223661e-01	   3.3384301734163907e-01	  -1.8683933058265413e-02	   1.3187317156469064e-01	   2.8852269951909267e-02	   2.8351289407441288e-01	   4.5399060329632074e-01	   3.3559996273380616e-01	   4.4096721963759233e-01	   6.3699280231442601e-01	   3.6875648408314177e-01	   4.8489603833017136e-01	   3.5292835942652334e-01	   3.3005594216175149e-01	   5.8664875857641274e-01	   4.3513379759549176e-01	   2.8547381720329734e-01	   3.4530721209516224e-01	   3.7501802612271329e-01	   2.6065912440212580e-01	   2.3186529910644887e-01	   1.6692589859024934e-01	   4.5018787321924858e-01	   5.5601873066104168e-01	   3.7246233851599386e-01	   6.3519950896928645e-01	   2.2445358043672176e-01	   1.4799620189167242e-01	   7.0587600429045338e-01	   9.7658931167353591e-01	   7.7878308444935584e-01	   8.5548097657438749e-01	   4.6717148164123495e-01	   4.1937264757923198e-01	   2.1284605095671150e-01	   4.8697193668765509e-01	   2.3730027746087096e-01	   2.7551669039975957e-01	   2.8988394997945011e-01	   3.1877598758884651e-01	   3.8699594917063812e-01	   4.9364001285631620e-01	   6.6505988443053277e-02	   1.7185299483834743e-01	   1.4351082529849565e-01	   2.4460485174968713e-01	   2.6773186429475287e-01	   2.5577372549396155e-01	   6.3367363249183195e-01	   7.5161463505161741e-01	   1.0023160418068006e-01	   1.1699577967387875e-01	   8.0931695933994363e-01	   7.1523774987894262e-01	   6.8782004590048174e-01	   6.0251214333379921e-01	   7.5111022583829712e-01	   5.5008643134894797e-01	   2.3075045792349987e-02	  -8.8274704299611081e-02	   3.5058626600130649e-01	   2.2635767389904085e-01	   5.5497094621632836e-01	   4.6860082312660428e-01	   6.0919666837945385e-01	   5.0287144423361263e-01	   6.0573210209735351e-01	   5.3177978808336002e-01	   4.1757296724527504e-01	   4.6606980486920663e-01	   3.3876669740584231e-01	   4.4340742907603847e-01	   4.5869600880679665e-02	   1.0802111966201526e-01	   7.1988487650196542e-01	   6.2256123689042264e-01	   5.7348208764712683e-01	   5.0490131824035112e-01	   2.6752342883277669e-01	   1.0575948844831373e-01	
   5.4534562541293663e-01	   2.2246371147488950e-01	   1.1341416253010164e+00	   5.1035687043680633e-01	   0.0000000000000000e+00	   1.2778818724625849e+00	   1.1011551081846140e+00	   7.9508865959238095e-01	   1.2280251977067518e+00	   7.4746990112271783e-01	   6.0263949487445578e-01	   4.4520463651076281e-01	   7.2019604305051099e-01	   3.5285491483753023e-01	   6.8771355405033807e-01	   4.4290309315230086e-01	   4.9165153719952320e-01	   4.1952551303000507e-01	   6.2746295610846792e-01	   5.4823778970708348e-01	   2.4359648424956853e-01	   1.7870337238985384e-01	   6.7141904789493934e-01	   3.5601717029378205e-01	   5.8152401150525823e-01	   3.9036819979194093e-01	   3.2090451846439416e-01	   4.0369864923648535e-01	   5.7543939482334716e-01	   4.7107859595037949e-01	   5.5750873719735461e-01	   4.3427597164208309e-01	   7.7203439763755866e-01	   7.2451596436099042e-01	   2.1010352977507757e-01	   2.6288797850016293e-01	   2.9924565707780548e-01	   2.2010808506013810e-01	   1.9332119913425530e-01	   8.4859962552908438e-02	   1.6925549793130470e-01	   3.9082553759307004e-01	   3.8450702248640578e-01	   3.5533089099464488e-01	   3.0377311278874802e-01	   4.0490965917000710e-01	   4.2633386310586469e-01	   4.0016567746307358e-01	   2.6614168324913301e-01	   3.7351754583112479e-01	   2.4660556407403811e-01	   2.2427679012975432e-01	   5.0492781304314982e-01	   5.6622198599528228e-01	   4.0717344651872250e-01	   2.7113419262355837e-01	   4.2413150578728231e-01	   3.1088542726468432e-01	   4.9380443222566162e-01	   5.4214457805268146e-01	   8.5362025525478946e-01	   9.5472128177742221e-01	   6.8843409394548638e-01	   5.7189327000784496e-01	   5.2541607083211161e-01	   3.5600150845160172e-01	   4.4585487399236373e-01	   3.0025733013785594e-01	   5.4179145673285167e-01	   4.0308678673199616e-01	   5.0699677134887067e-01	   3.7757339430983522e-01	   5.9808350431332824e-01	   4.6491095414527617e-01	   5.7593915456162059e-01	   4.8673957622024278e-01	   5.1068914413681277e-01	   4.0135936175051279e-01	   5.6668883132638825e-01	   5.4574115777712184e-01	   4.8703428781232649e-01	   3.3383601073788283e-01	   3.9000614902791880e-01	   2.0008467762335652e-01	   6.3028370614166207e-01	   2.5877541703700396e-01	  -1.5723049432326389e-01	  -3.7079384510747915e-01	   6.6088347288340077e-01	   7.0542724452414185e-01	   6.7756767273965846e-01	   6.6513458405879178e-01	   5.9377300294090396e-01	   5.5667326662229866e-01	   1.6035948224451513e-01	   2.5136833204369189e-02	   5.2244955066815990e-01	   3.6349083833435458e-01	   6.7691663676337721e-01	   6.4543019978991667e-01	   6.2958965316427562e-01	   5.8665182207324618e-01	   6.6689734929367794e-01	   5.7513742317556416e-01	   4.4331944078332025e-01	   3.8690729855032330e-01	   4.6820186184090129e-01	   6.3455278056102515e-01	   1.1638200057394170e-01	   1.4869213125220548e-01	   6.4234729958125214e-01	   6.8545882953400161e-01	   8.9202472332963545e-01	   6.4533663343213632e-01	   3.5302103993002049e-01	   2.9718426881630022e-01	
   4.7793949962938426e-01	   1.8306980100079592e-01	   1.0686692350782994e+00	   7.0468772306996452e-01	   1.2778818724625849e+00	   0.0000000000000000e+00	   8.9934322302645198e-01	   7.7556504171170104e-01	   9.0302187920933874e-01	   1.0023031064545609e+00	   5.1026708594290637e-01	   4.4532059077388897e-01	   6.5909193281445178e-01	   4.9542420962494249e-01	   6.2698763625802323e-01	   5.9772089437196718e-01	   3.1000703237498795e-01	   2.7075442128420241e-01	   5.3957300637915917e-01	   4.6610055894200736e-01	   2.3096218143828953e-01	   2.7056086128376244e-01	   6.8829427148851774e-01	   5.7354796125914820e-01	   6.3801410819500126e-01	   6.1564066285424413e-01	   4.8544968021217211e-01	   6.1395146478330720e-01	   4.0745097157948373e-01	   3.0587270190093885e-01	   4.1146545549462421e-01	   4.4222625284506895e-01	   5.5343825567353222e-01	   5.9972989246139508e-01	   1.8296660600572290e-01	   2.6742927420928359e-01	   2.4338836768392114e-01	   2.1991658941938674e-01	   1.5954484553208137e-01	   1.1057226338514403e-01	   1.3183055528266663e-01	   3.7099166200107747e-01	   3.5144677620871972e-01	   3.2690127959037735e-01	   2.7595330975927568e-01	   4.8058567180348399e-01	   4.0432577752540022e-01	   4.5170033168581902e-01	   3.2288894657082950e-01	   4.3384484507044074e-01	   3.6429948383862371e-01	   4.0498244544442830e-01	   5.0164277483962039e-01	   5.4208883557029508e-01	   4.6664926076251961e-01	   3.7274707767716425e-01	   4.1029026710904870e-01	   3.1230601623415943e-01	   4.8793937077053617e-01	   6.2848183438283467e-01	   6.7256248111771566e-01	   8.8986352735250640e-01	   4.9239422295475943e-01	   3.7210584372438271e-01	   4.5329734595905441e-01	   5.1515557805713497e-01	   4.6732343109800567e-01	   3.8574029752243105e-01	   5.4015494204881842e-01	   3.8684562526466110e-01	   3.4666108758263187e-01	   3.6714227220682139e-01	   4.8743745141666961e-01	   4.1194091779902864e-01	   4.8290384112079143e-01	   4.5109269787411954e-01	   4.6534890695761932e-01	   4.3202745546622928e-01	   3.7441961837302418e-01	   3.9053580209810618e-01	   2.7183809499489386e-01	   2.6607386148015011e-01	   3.6551924086329929e-01	   1.8502446924397636e-01	   5.8645445246766792e-01	   4.4692301335083534e-01	  -1.1718947002824878e-01	  -3.4621324407187698e-01	   7.2040940506804818e-01	   7.0118563359470154e-01	   6.5809510047066022e-01	   6.6970400328487745e-01	   5.8197163559152143e-01	   5.7010241628685610e-01	   1.0504459149796491e-01	  -3.3674290411841321e-02	   4.3493357744167999e-01	   3.5960851066558130e-01	   6.4471741168845886e-01	   6.7098973189249100e-01	   5.7523173041053954e-01	   5.8148242349008383e-01	   6.3946653740674331e-01	   6.0343031778072120e-01	   5.0889432676165369e-01	   5.0163119603018624e-01	   4.9077797468707918e-01	   6.9165110000345342e-01	   1.1490701934843435e-01	   1.4220403905963391e-01	   6.3968095825158500e-01	   6.6764664432255427e-01	   8.3246928863680902e-01	   6.0192756784797685e-01	   3.7797277136722446e-01	   2.7885441422014384e-01	
   6.4800919432521287e-01	   2.4821996278134972e-01	   1.2823198482767291e+00	   5.8566059015806493e-01	   1.1011551081846140e+00	   8.9934322302645198e-01	   0.0000000000000000e+00	   9.3714638542724293e-01	   9.7545173087471260e-01	   6.7204428794225679e-01	   8.3103130144502246e-01	   6.0849008732282339e-01	   1.0771644681526380e+00	   6.0840920775349716e-01	   9.1885618490246967e-01	   7.1403136955361701e-01	   4.8470122841289720e-01	   4.3001934075834808e-01	   6.4125503247863802e-01	   5.5104716334727688e-01	   2.9945262387169819e-01	   2.6932856647994924e-01	   6.1274745251883578e-01	   4.4652673258701481e-01	   4.9202659354156963e-01	   4.1760550594381490e-01	   2.4595924684102505e-01	   3.0569940595319811e-01	   6.0436543229974315e-01	   5.2106587795468085e-01	   5.0134789221789466e-01	   4.9242303926287900e-01	   6.8089677488006850e-01	   6.6266412772501482e-01	   1.0198308200630753e-01	   1.2111225227327720e-01	   3.6400230863254018e-01	   3.6555637440063088e-01	   1.8668540298774280e-01	   2.1672045137398571e-01	   2.6689940273587381e-01	   5.4817927277613321e-01	   5.5507150036682318e-01	   4.7575443527659605e-01	   3.6058699438091429e-01	   4.6909073231564197e-01	   6.3962628900483742e-01	   5.2723321007452784e-01	   3.4139335202146837e-01	   3.7528097592203991e-01	   4.1005502950726891e-01	   3.4602125324964872e-01	   4.7256761241553202e-01	   6.6911794167300687e-01	   5.5250534686021413e-01	   4.2125015208101929e-01	   3.9565072123566508e-01	   3.1158248659444010e-01	   5.5771057523854350e-01	   4.3375060937984555e-01	   8.7517734747681253e-01	   8.4907742130439801e-01	   6.4370787517968708e-01	   5.0484785391348552e-01	   5.0724532919496146e-01	   4.1356290229614395e-01	   4.2244449552560559e-01	   2.5431656645457845e-01	   4.2333671930225369e-01	   2.8315182185444371e-01	   4.7690041618182927e-01	   4.8248244374210264e-01	   6.5759536718184397e-01	   6.1850395364857746e-01	   6.9834889910754172e-01	   7.0445585492221319e-01	   5.9201687436380657e-01	   5.6020242920035790e-01	   4.6866320995485783e-01	   4.7404472664456554e-01	   4.6485838347894026e-01	   3.8400659362458955e-01	   5.5938045680771720e-01	   3.5990868795002184e-01	   7.3131685201106467e-01	   4.0062325378645952e-01	   1.1571847498261997e-01	  -1.0230227511875589e-01	   7.9983877560781458e-01	   7.2996682552435255e-01	   6.6103966353489441e-01	   5.2238445750976081e-01	   4.2847013918572058e-01	   3.4472674489076210e-01	   5.8672304135538707e-02	   5.8469231403370556e-02	   4.9089019455928501e-01	   3.4047100178734163e-01	   6.9091951404851959e-01	   6.0276164084631456e-01	   5.4053664760792153e-01	   3.7698622947961530e-01	   5.3636533770112071e-01	   3.9425342480498798e-01	   3.8222623236563313e-01	   2.7795975383656496e-01	   3.9854235222220386e-01	   5.4067116498584245e-01	   2.0466168229859381e-02	   9.0779499273909603e-02	   5.7927596448501439e-01	   6.9569224237275007e-01	   8.9204043988115500e-01	   6.3263144398159599e-01	   2.3614187713863538e-01	   1.3428193569938784e-01	
   5.1812010075540915e-01	   2.2763849995870011e-01	   9.4431909135195624e-01	   1.1318365424142642e+00	   7.9508865959238095e-01	   7.7556504171170104e-01	   9.3714638542724293e-01	   0.0000000000000000e+00	   5.1534069322047715e-01	   3.3363730258751012e-01	   5.0978487104462178e-01	   5.3452949798728155e-01	   6.4091405649211242e-01	   7.4594449454215239e-01	   7.3747402122710415e-01	   9.3058919570547605e-01	   3.5841884362626564e-01	   3.3051499270618062e-01	   6.1544105818605455e-01	   5.7062915639489309e-01	   1.1249083275534297e-01	   1.7068345896753986e-01	   7.5346271678461840e-01	   7.6154631778442117e-01	   6.2701533933122311e-01	   6.7382003989967232e-01	   3.5974561325574600e-01	   3.6872734807122309e-01	   4.4231863356369661e-01	   3.9752810624996016e-01	   6.3838672188477197e-01	   8.9910634847460402e-01	   7.3106232884610856e-01	   9.0748425419627121e-01	   3.5405670153577484e-01	   4.5146027888669343e-01	   3.2663060662952997e-01	   2.9819395012314320e-01	   1.1934342815940124e-01	   1.0614862398142834e-01	   1.9293940417334238e-01	   4.6538167149891019e-01	   4.5949996948224642e-01	   3.5055304376071489e-01	   5.0123639376328555e-01	   6.8223692519603008e-01	   4.6655837905111475e-01	   4.2018298864301029e-01	   4.5235702047295590e-01	   3.7336497799610413e-01	   6.0687288609907208e-01	   3.6540132220337695e-01	   3.8927758036279120e-01	   4.5379445828130571e-01	   4.7304629519419567e-01	   3.1495298833204416e-01	   3.7158641423131522e-01	   2.6378861445866769e-01	   5.8996719999297653e-01	   6.1161954468144664e-01	   6.7765129877518404e-01	   1.0776684128250509e+00	   5.4502395115344160e-01	   5.2398996924342567e-01	   6.8376595778368754e-01	   7.2122226474239803e-01	   7.5485092699745726e-01	   6.6440649936529061e-01	   4.7000439439708885e-01	   4.0863280659697016e-01	   3.5846512627322080e-01	   5.7133919894240237e-01	   4.9233460326501433e-01	   4.8916113741386125e-01	   5.1895140234798942e-01	   5.4770926694547728e-01	   4.4740830464702286e-01	   4.7773989659701088e-01	   3.5063497499420609e-01	   4.3253656419545461e-01	   4.7084688296457056e-01	   4.7965097322555750e-01	   4.1860598495617063e-01	   3.9065694096463716e-01	   7.9857086775129937e-01	   6.5656757834917012e-01	   1.0305047743197801e-01	   6.6858371324185054e-02	   8.8813750303965477e-01	   9.2141710562968604e-01	   8.2941465334393472e-01	   6.3458803401187314e-01	   7.3687546151570604e-01	   5.2396698212889314e-01	   1.7765301046393723e-02	  -5.6241943145470041e-02	   3.5427208323496701e-01	   2.0242108141799187e-01	   6.5544305915949208e-01	   5.4157236741963610e-01	   6.8845908374201259e-01	   5.0532703160786829e-01	   6.6838105462400688e-01	   5.5776384932790757e-01	   4.1083389071562215e-01	   3.7252703337753046e-01	   3.3294729009746860e-01	   4.9240187293764548e-01	   3.5406972154636493e-02	   8.7945963232443802e-02	   6.7451973537003851e-01	   6.4651370866691293e-01	   7.4265100851939858e-01	   5.7777745927557389e-01	   2.4319768734433816e-01	   9.6874066285674396e-02	
   4.3840110768760893e-01	   1.1801592825994831e-01	   6.6407819553674130e-01	   2.3606136477611028e-01	   1.2280251977067518e+00	   9.0302187920933874e-01	   9.7545173087471260e-01	   5.1534069322047715e-01	   0.0000000000000000e+00	   1.2381508597904278e+00	   5.7242549103648976e-01	   4.3136251949445525e-01	   6.4527630061318897e-01	   2.2270920600973254e-01	   6.7656765488036641e-01	   3.8224511558549817e-01	   4.4065979166175084e-01	   3.8252774852479204e-01	   4.6323066392215939e-01	   3.9234991602466562e-01	   9.1455192824899764e-02	  -8.4446633630306731e-03	   3.0822309524309799e-01	   1.6989614433300637e-01	   1.2802937450695479e-01	   6.9890803434359119e-02	  -1.0724154805066925e-01	   1.9395998481741512e-02	   5.4223477338112236e-01	   4.8538517761862632e-01	   3.2200272131256102e-01	   1.9489677089175439e-01	   5.5949933429426824e-01	   4.9302466840196257e-01	  -1.8878238275950091e-01	  -1.4043434856003381e-01	   1.6689187756629120e-01	   1.0586899755523924e-01	   8.9146882627957905e-02	   7.6512330557098069e-03	   1.5609305697508430e-01	   3.6009027738268479e-01	   1.6186374225826031e-01	   1.8780759310133002e-01	   5.7479480293678838e-02	   1.4611583253349009e-01	   2.7819521467485575e-01	   2.1339226459306818e-01	   2.1143369169479070e-01	   2.8339546594197285e-01	   1.8686948213296245e-01	   1.9679939704511215e-01	   5.0908105565215878e-01	   6.0058270178597228e-01	   2.5567968686601189e-01	   2.0034348920256317e-01	   3.4761374536144979e-01	   3.1985587689115486e-01	   4.0674518474506305e-01	   4.1487151108387832e-01	   7.5270107345987025e-01	   7.0826182660779358e-01	   6.5985575840398858e-01	   5.7250831759541487e-01	   1.2506810656942582e-01	   6.8748737140024024e-02	   8.6565255196732915e-02	  -3.8228679443966886e-02	   3.4881651829670357e-01	   2.3391873455203210e-01	   4.6590474004273913e-01	   2.9661991609160365e-01	   5.7519170975774014e-01	   4.8101480760137738e-01	   5.4386895788143408e-01	   4.7164423842714981e-01	   3.7735505307849487e-01	   2.8139260995895854e-01	   5.0194390322779303e-01	   4.2377889469925056e-01	   4.4998641336116546e-01	   2.4833419749651076e-01	   3.2506865128340334e-01	   2.0110790229794548e-01	   3.7872222470246603e-01	   1.2587032368894230e-01	  -2.4521862850357151e-01	  -4.1962068557002613e-01	   3.9974830024535241e-01	   5.4184488611024584e-01	   4.4268072643146250e-01	   3.8609690633638777e-01	   2.8661391424640148e-01	   2.7775658233310885e-01	   6.0740447289569524e-02	   2.5225410535324597e-02	   2.9160649768646846e-01	   1.7216194132009752e-01	   4.3845854710827908e-01	   4.5279039271448218e-01	   3.9056183653541526e-01	   3.8960247836994477e-01	   3.8405387724173806e-01	   3.8017777490183491e-01	   2.5699850894518717e-01	   1.8566857899898334e-01	   2.4035407769381317e-01	   3.3991515232706837e-01	  -2.8067771040443381e-03	   4.3306646662204955e-02	   3.0343261629321683e-01	   4.3637216160564801e-01	   5.8677900005068939e-01	   2.9473341463346980e-01	   7.6453676120802089e-02	   7.1022606875257410e-02	
   2.5344474238978065e-01	   5.2509222173133504e-03	   5.1257050878887922e-01	   2.1442394836542644e-01	   7.4746990112271783e-01	   1.0023031064545609e+00	   6.7204428794225679e-01	   3.3363730258751012e-01	   1.2381508597904278e+00	   0.0000000000000000e+00	   3.8788904276492192e-01	   3.9224193483593844e-01	   4.4478149064634959e-01	   2.8879966612427715e-01	   4.2402077367198832e-01	   3.5458564773872264e-01	   1.9807871780605904e-01	   1.9622653308449078e-01	   2.1868682975250639e-01	   1.6117283138887276e-01	   1.1934805710018599e-01	   7.6954522050535712e-02	   2.1761968080388203e-01	   2.8124681647973315e-01	   1.1833821727352473e-01	   2.0343718792774476e-01	  -6.5340563957608039e-02	   5.9443887869014694e-02	   3.2339012881672780e-01	   3.0168134572114125e-01	   1.6865745927789735e-01	   1.4975005031688055e-01	   2.8060757690228177e-01	   2.8428073178791868e-01	  -2.4190409166573834e-01	  -2.0310991173849172e-01	   7.9709235040979085e-02	   3.1754454422386280e-02	   4.3535801663703223e-02	   4.5295779360509297e-02	   8.3923135723470960e-02	   2.2903391114800559e-01	   1.0091406338474745e-01	   1.5738551668737177e-01	  -2.3139918180386566e-02	   1.2404168924064825e-01	   2.0299668764562057e-01	   1.7316884089521445e-01	   2.4921544643983548e-01	   3.2011762469774041e-01	   2.6621704376182570e-01	   3.3322544524150888e-01	   4.6121412444218751e-01	   4.2972902236446664e-01	   2.8689544861557414e-01	   2.3594863089023804e-01	   2.2923756917862148e-01	   2.2096704020242230e-01	   2.7006388171844087e-01	   3.5566751384334550e-01	   4.7508113027777055e-01	   4.9827601452031872e-01	   3.7632281217246277e-01	   3.2224682326955778e-01	   1.1790636615976234e-02	   1.0585495721802123e-01	   1.9972594724723212e-02	  -5.0969794944144102e-02	   2.0377615065213503e-01	   6.5508245618540517e-02	   2.5700759380380939e-01	   1.6576734699034829e-01	   3.8712414901644754e-01	   3.5222191105866407e-01	   3.8083666141590811e-01	   3.6268188125416490e-01	   2.7624264273824317e-01	   2.4865514917111975e-01	   3.0671235939449160e-01	   2.8076560433222719e-01	   1.6644031427788750e-01	   1.0547764750700828e-01	   2.3271214951469066e-01	   1.3269552302470203e-01	   2.3450585051058565e-01	   2.1621436390199780e-01	  -2.1206861551165851e-01	  -3.5528029536467187e-01	   2.7437292413095116e-01	   3.3998499532258109e-01	   2.4845968669611268e-01	   2.1143665119092919e-01	   1.1729076861583004e-01	   1.3324972594106571e-01	   6.3845197376540402e-02	   2.2144621102246229e-02	   1.9714075586404661e-01	   1.7121741114842906e-01	   2.7344877612225527e-01	   3.1610789120690330e-01	   1.9547213061256055e-01	   2.3595389175375381e-01	   2.0616866519526900e-01	   2.4138540270828557e-01	   2.3856754323973911e-01	   2.1761682830945855e-01	   1.7630112222977284e-01	   2.3581709426445949e-01	   2.3343776425771422e-02	   9.0293238732885153e-02	   1.7424241178231192e-01	   2.5901260899756118e-01	   3.8557156050433394e-01	   1.9745603519934846e-01	   1.3634089273115707e-01	   8.1413931853865140e-02	
   1.0069595751586347e+00	   7.2341355524393980e-01	   6.4173180333980684e-01	   3.2468156243399410e-01	   6.0263949487445578e-01	   5.1026708594290637e-01	   8.3103130144502246e-01	   5.0978487104462178e-01	   5.7242549103648976e-01	   3.8788904276492192e-01	   0.0000000000000000e+00	   1.2178668448382273e+00	   1.1937519167884421e+00	   6.3418796060315175e-01	   1.1846012365928074e+00	   9.7428669076272345e-01	   7.5041767775826373e-01	   8.0438884516838016e-01	   8.0871403852232115e-01	   6.8704487368482758e-01	   2.7394946920320784e-01	   2.2919593506282043e-01	   8.2091236920120525e-01	   4.5042773305911793e-01	   2.6411687889377006e-01	   1.8866482630406156e-01	   3.0968447996628266e-02	   1.3993684237713711e-01	   1.0870553330685471e+00	   9.2121110447528654e-01	   5.6146424410330686e-01	   4.9303745711072788e-01	   8.5043702363286644e-01	   7.7359297487621470e-01	  -2.1799870045751804e-01	  -9.1465355427048742e-02	   6.0570495174944483e-01	   5.7978151072212758e-01	   3.6694797973458176e-01	   3.7854809490688385e-01	   5.2483866138278090e-01	   7.9481083290055654e-01	   6.0870721341610790e-01	   6.4683903807227239e-01	   4.6003858197680358e-01	   5.8083177143886811e-01	   8.6730969438926997e-01	   7.6276129755564082e-01	   4.4786114496032248e-01	   6.9805808361933253e-01	   1.9565987056021442e-01	   4.9099856872031949e-01	   6.0307067436929274e-01	   1.1301486939820686e+00	   6.2951621664464275e-01	   8.3550858930254590e-01	   6.0435808566592109e-01	   7.9849541680967939e-01	   6.7826889015428271e-01	   7.1280466975185519e-01	   9.0407252921176529e-01	   7.5191698245530858e-01	   9.7236623396904609e-01	   8.7714852601586157e-01	   2.4364800496944483e-01	   6.6999144989541126e-02	   1.9419792026338656e-01	   6.8293155530612493e-02	   4.8586360879911705e-01	   4.3596524062514619e-01	   6.9157079710487435e-01	   7.2722221950583077e-01	   9.9079028808579628e-01	   9.1219276469133048e-01	   9.4660143135579322e-01	   9.7989839934813994e-01	   9.3691468604796102e-01	   7.8649843410560261e-01	   5.2512451159158891e-01	   6.0591074225788932e-01	   7.2897505863706225e-01	   8.6043121306959491e-01	   1.4086133379807617e+00	   9.1978489058491775e-01	   9.6035099341345187e-01	   5.3240316069518268e-01	   2.1470108515860575e-01	   2.2899105678380282e-02	   6.4255534845717910e-01	   8.8156440212852105e-01	   6.5468912539402124e-01	   5.3435510179580870e-01	   2.4764688386872774e-01	   2.6769814098098810e-01	   1.1677533551164357e-03	   5.4327420398790606e-02	   4.0220321766679290e-01	   3.8753228405025303e-01	   8.8167623658683425e-01	   8.5255404950850855e-01	   3.9392278561921362e-01	   3.6438255309588030e-01	   6.2951097251389465e-01	   3.7958640935573229e-01	   5.2059598411821673e-01	   2.3006071865403904e-01	   3.1718461208012572e-01	   5.5976486728610919e-01	   1.1699585099338487e-01	   2.5494820145354147e-01	   4.7746988410177105e-01	   7.9846945895430088e-01	   8.5880311900443085e-01	   5.8401129934914398e-01	   3.3843103087640702e-01	   1.1703845457838576e-01	
   6.3211099903316292e-01	   5.2797159801757032e-01	   5.1398341666767577e-01	   3.9278955437071628e-01	   4.4520463651076281e-01	   4.4532059077388897e-01	   6.0849008732282339e-01	   5.3452949798728155e-01	   4.3136251949445525e-01	   3.9224193483593844e-01	   1.2178668448382273e+00	   0.0000000000000000e+00	   6.8869143937536104e-01	   7.4553614238386690e-01	   7.6287691961433790e-01	   9.8600471710835091e-01	   5.7044329777293967e-01	   6.9632935777566041e-01	   6.1414769239152911e-01	   5.3972044503155325e-01	   1.7133230831318386e-01	   1.9165360391147260e-01	   8.1943026002247188e-01	   7.3544796733525020e-01	   3.1345315760362291e-01	   3.3676570058855976e-01	  -3.9566704618218651e-02	   4.3167257895934626e-02	   8.7211616826484994e-01	   8.4685093269288148e-01	   6.4212430740399562e-01	   7.2351056164176109e-01	   6.8592495177972912e-01	   7.3246306932041716e-01	  -1.3799749733942598e-01	   2.3488026358060576e-02	   4.0993745520325375e-01	   4.0165760121231542e-01	   1.6208497827652421e-01	   2.6938624165047764e-01	   3.9193008671730911e-01	   6.1957460798921093e-01	   4.9491123282277238e-01	   5.7015100641201677e-01	   5.9763097147161759e-01	   7.0124677511892319e-01	   7.4510024981885525e-01	   6.8417981967721864e-01	   6.2937706381726022e-01	   8.7841425720676847e-01	   3.2935830217630802e-01	   6.1463774793232162e-01	   5.6298545851885906e-01	   7.8364409239775235e-01	   5.1416431860341305e-01	   6.9993888569524554e-01	   4.2868756995867846e-01	   5.6794958218033553e-01	   5.8090890192426536e-01	   7.2924220081887059e-01	   6.3922317892866032e-01	   7.0425727593059717e-01	   7.5276581554105015e-01	   8.1903578768824348e-01	   2.3792397544672833e-01	   1.4644826827477250e-01	   2.6566592490384217e-01	   2.2581528137218840e-01	   3.3083217757510247e-01	   2.6160452255382538e-01	   5.3864541492393148e-01	   7.0379879948994140e-01	   7.4704726613419936e-01	   7.3997865570735422e-01	   7.0022818250880059e-01	   7.8885577749967828e-01	   7.5088922972940164e-01	   7.9530358753181918e-01	   4.5053653836432711e-01	   5.3214122362821059e-01	   6.4284892508062885e-01	   7.6018196099655300e-01	   1.2868643505402830e+00	   1.2356381065241326e+00	   9.2186283305976757e-01	   7.6291052650816582e-01	   3.0520159477316450e-01	   1.8371092272268169e-01	   4.7454597490579697e-01	   7.4395724514645123e-01	   5.8094007760427913e-01	   4.1914656299903180e-01	   2.3426322788417972e-01	   1.5934637410206001e-01	   6.4683570803956938e-02	   1.2592198665359070e-01	   3.0179570095057190e-01	   2.7814431472610868e-01	   8.2599695244415505e-01	   6.4485058249195715e-01	   3.4511617989171955e-01	   2.3423300994276261e-01	   5.1051472744159643e-01	   2.9076787191668457e-01	   4.3717613675771355e-01	   1.5335105230223128e-01	   2.0797626451002207e-01	   3.7585054094012665e-01	   1.0354115340188313e-01	   2.8635020393216187e-01	   4.4204127476592026e-01	   7.2693177569789436e-01	   6.3461732376177249e-01	   4.4651978298119355e-01	   3.7315464735961834e-01	   1.6996165634435059e-01	
   8.8806404757592561e-01	   5.5715039219019991e-01	   8.6950708972577184e-01	   4.4197503175710973e-01	   7.2019604305051099e-01	   6.5909193281445178e-01	   1.0771644681526380e+00	   6.4091405649211242e-01	   6.4527630061318897e-01	   4.4478149064634959e-01	   1.1937519167884421e+00	   6.8869143937536104e-01	   0.0000000000000000e+00	   8.1510053890084533e-01	   1.2287065684987268e+00	   8.6853373723375804e-01	   5.5302006740918852e-01	   5.6301284661640649e-01	   6.7310482042469533e-01	   5.5178303367058157e-01	   4.4116135216992891e-01	   3.9908248471925040e-01	   7.7908812465160016e-01	   4.3812039917122142e-01	   3.8103476209653397e-01	   3.0069086107420745e-01	   2.6664638298107401e-01	   3.3281298419778343e-01	   7.4575709274130098e-01	   5.9475573128443460e-01	   4.3364046111127613e-01	   4.3717343805420344e-01	   6.1271795451836342e-01	   5.4837910346114405e-01	  -2.8469324333781031e-02	   2.4416793278591090e-02	   5.3818641612442852e-01	   5.1228314356936433e-01	   3.8039019183953104e-01	   3.0885434049271959e-01	   4.4365204740622061e-01	   6.0628189448137015e-01	   7.5208777228997681e-01	   7.3654304716896890e-01	   4.4547635912210071e-01	   5.4730836262086857e-01	   8.0586330315075494e-01	   7.3627938040920904e-01	   4.2882727931144415e-01	   4.6798186599025721e-01	   4.0077155588191121e-01	   3.6794798008533186e-01	   5.8645162235042303e-01	   9.8460727787064306e-01	   8.2025551254590945e-01	   7.0774370062898817e-01	   5.1617586278144878e-01	   5.8922558852055051e-01	   5.7563363993523797e-01	   4.9146184706593737e-01	   8.3230643898306922e-01	   6.6520492686019872e-01	   6.7050383630066857e-01	   4.9835279533910504e-01	   3.0881913748745105e-01	   2.3348315808211212e-01	   3.7024730445808129e-01	   1.8844162884847326e-01	   4.6877001788867678e-01	   3.5620217032472040e-01	   7.5131572571993910e-01	   6.9587673422321361e-01	   8.4884692647052229e-01	   7.3314757474115932e-01	   9.0701971562341288e-01	   8.3796643651034386e-01	   8.4934100254605294e-01	   7.2843700069076467e-01	   4.7059101674801784e-01	   5.8505838034392876e-01	   5.3959001072261314e-01	   6.5727585132371202e-01	   7.3486998537394632e-01	   4.6435502572720277e-01	   8.3743691809774179e-01	   4.5340779546514198e-01	   2.3450437678676780e-01	   1.9563276811809398e-02	   9.5249404989669140e-01	   8.0990176868778319e-01	   5.7706312121034009e-01	   5.0642807899123421e-01	   2.0865344326169008e-01	   2.3885215926807513e-01	  -3.7205464765997905e-02	   5.0815374007838355e-03	   4.3486555162466201e-01	   3.4424559592135673e-01	   6.7582158923451896e-01	   6.4372611855077899e-01	   3.6100177406521688e-01	   2.7603926951374069e-01	   5.1194585450425223e-01	   3.0926188228282825e-01	   5.0254065696031647e-01	   3.0555387283729446e-01	   2.4678775141286718e-01	   5.7227936546171165e-01	   1.0752417433669030e-01	   1.6248354961265554e-01	   5.4201452364301250e-01	   6.4982294299148313e-01	   7.7652923855759270e-01	   6.2718875684303732e-01	   2.7202945949137841e-01	  -3.0653744240142701e-02	
