   0.0000000000000000e+00	   1.6622325061356782e+00	   8.1769680894777541e-01	   4.8257913893538218e-01	   5.0196519679758500e-01	   2.4464105263386227e-01	   7.7908100297229710e-01	   6.3545543858388553e-01	   3.1954477796089858e-01	   3.2755913579548801e-01	   1.0393644580517354e+00	   9.6364302397892798e-01	   1.0907590733346531e+00	   6.7807913042916923e-01	   6.0926309137502843e-01	   4.6106453625528743e-01	   8.9618233043326423e-01	   9.8077786132379841e-01	   1.0520747271119497e+00	   1.0398154053674911e+00	  -9.5189516198120855e-02	  -7.2225997768517042e-02	   5.0739272670583291e-01	   2.0591871732075076e-01	   6.2092575297044728e-01	   2.7270380952257447e-02	   5.3163219963704056e-01	   3.6922205917456430e-01	   4.8407756939616420e-01	   3.6649018485042217e-01	  -2.1794328515526463e-02	  -1.5138213694619379e-01	   8.8337362697787225e-01	   5.9903492722588236e-01	   4.2661982058189790e-01	   3.6834301970187111e-01	   3.0140867174563279e-01	   1.4458335705096781e-01	   3.8759517154522839e-02	   3.5895038184221273e-01	  -2.2117959381777956e-02	   5.8648356148283765e-01	   4.0035396720878058e-01	   4.1331379719878980e-01	   4.5952376637393977e-01	   2.6423627053635002e-01	   5.8180132605096180e-01	   8.4542245872729738e-01	   4.7831864972729399e-01	   5.4978656755215261e-01	   6.0673665687205403e-01	   6.6230985899692696e-01	   8.3139805684520729e-01	   1.0811075030882660e+00	   8.5171671157403916e-01	   9.2293925895046647e-01	   1.4486893321971042e+00	   1.3358815701941387e+00	   4.2777906612945343e-01	   2.0334322626683007e-01	   8.5984767820746266e-01	  -8.1178250688567183e-02	   1.2048683580398125e+00	   9.8429251992128330e-01	   3.1514924560401092e-01	  -1.3811515619243556e-01	   7.4204614282142489e-01	   3.1827049816245440e-01	   9.6321949823989028e-01	   9.4120757701943603e-01	   4.4087733586197819e-01	   2.4514283532531145e-01	   3.9179359036186112e-01	   3.7290274203057067e-01	   3.8798290383807044e-01	   3.1359085011552801e-01	   4.6923413970546873e-01	   4.1906741606680731e-01	   4.3124572375799469e-01	   4.9270250887621203e-01	   8.0858368513815271e-01	   8.7033775674279579e-01	   5.3223606579205585e-01	   5.2045881722583553e-01	   9.1586705123869128e-01	   8.6004062917867530e-01	  -7.3681581936434426e-02	   9.4772420378129940e-02	   9.0746935349396785e-01	   8.9376537037376935e-01	   4.9581608190340432e-01	   4.1678007945663587e-01	   4.4490366282970439e-01	   4.9974348413057990e-01	   1.1385046338230886e-01	   2.6057567746159216e-01	   2.0559138047150283e-01	   2.6024828786217991e-01	   7.3045708935882758e-01	   4.5617988879805782e-01	   4.9714158196615293e-01	   5.8072758048097617e-01	   4.7603427884400401e-01	   4.0398885321385103e-01	  -1.2190944211233968e-02	   7.8981722170855771e-03	  -1.6772508156497232e-01	   6.4395273243908263e-03	  -4.8230429974763567e-02	   1.4034148155480494e-01	   3.6546313955449478e-01	   5.5936975832817604e-01	   1.1619694158232984e-01	   9.1960575175112483e-02	  -2.5872025831563850e-01	  -5.2530841652286031e-01	
   1.6622325061356782e+00	   0.0000000000000000e+00	   6.3385070467855875e-01	   2.9347640857085344e-01	   3.5022180499866024e-01	   1.7999480284372935e-01	   4.7552903983095896e-01	   3.5294242054704228e-01	   2.0436350562376243e-01	   2.2594035653317515e-01	   6.5911673025524298e-01	   6.7440244922920822e-01	   7.2868853778983778e-01	   4.4261771101871555e-01	   4.4925273252762055e-01	   3.2058196023886004e-01	   8.4716168808256365e-01	   9.5947563029854255e-01	   8.1014582897564358e-01	   9.1195482668070693e-01	  -8.7550423779745520e-03	   1.2808944924105843e-02	   3.2148784147983622e-01	   8.6593735265339949e-02	   5.7437510438771933e-01	   3.5352388969451608e-02	   5.3818815146459376e-01	   3.4446329857454933e-01	   4.0074726892267770e-01	   3.3272432076557623e-01	   2.2375814655979844e-02	  -1.2876295854547037e-01	   8.3528029746823551e-01	   5.3335466096320405e-01	   3.8344951232436791e-01	   2.9141810390017164e-01	   2.9517584433051119e-01	   1.7521051625162992e-01	   9.9229026874173315e-02	   3.4594217164018248e-01	   3.2562591061897121e-02	   6.4609602957724355e-01	   2.5482299672144654e-01	   2.6285204620572777e-01	   2.9573406472488972e-01	   1.7429257954675931e-01	   4.2888299296861399e-01	   5.9166498455762273e-01	   2.6700400669155760e-01	   3.8002442782982232e-01	   3.7446973101126269e-01	   4.3167506647124110e-01	   5.3484127280104699e-01	   7.5760863461727213e-01	   6.6504696744266845e-01	   6.6680692495486893e-01	   1.8821899032029146e+00	   1.6254131646589038e+00	   2.6663312359555225e-01	  -2.3950608979701367e-03	   5.3565401766608145e-01	  -2.6797333578350635e-01	   9.8042930908791870e-01	   8.3916831914700785e-01	   2.1857437692663215e-01	  -2.1368897542181478e-01	   5.2729691765671904e-01	   1.5430025578275597e-01	   9.7899270217890355e-01	   7.7674203247187068e-01	   3.0495750352194323e-01	   1.5687179381209282e-01	   3.1947100940930573e-01	   3.1180038771145158e-01	   3.6042126170329986e-01	   2.9440204587803986e-01	   3.1017218550911158e-01	   2.9338188847987412e-01	   4.3466538015462014e-01	   5.1292637208665015e-01	   7.3591972614136114e-01	   7.3835984056901083e-01	   3.8973597903261281e-01	   3.8535257525307215e-01	   6.5395822655910074e-01	   6.1064235256069088e-01	  -3.9303257727254844e-03	   5.6764611323231219e-02	   6.6597551114631959e-01	   5.8106560851857902e-01	   3.0958228649458697e-01	   3.0466239439749693e-01	   3.8214373713301703e-01	   4.4337185838835597e-01	   1.5178132116312029e-01	   2.0368152266835354e-01	   2.6802601498998974e-01	   2.0593098633121570e-01	   5.7413895472276644e-01	   2.9842666207789859e-01	   4.3249975480304120e-01	   4.8583614714267742e-01	   3.9708993156902544e-01	   3.4099256955219664e-01	  -2.9462738057524423e-03	   6.2514703503239767e-03	  -1.8605438835122923e-01	  -5.5515002109704913e-02	  -7.6512134634897602e-02	   1.5245374661589009e-01	   3.2999603011858963e-01	   4.0069220708985132e-01	   1.3077401660954321e-01	   1.1358975552147808e-01	  -2.1961741860924433e-01	  -4.9208784288913981e-01	
   8.1769680894777541e-01	   6.3385070467855875e-01	   0.0000000000000000e+00	   7.5315534554902364e-01	   8.9843199431865017e-01	   1.3569092614477335e-01	   1.3072635573687625e+00	   8.0361623080644795e-01	   6.7353694132939246e-01	   7.7952145589513522e-01	   9.3987351084806559e-01	   5.8591409070639866e-01	   1.0050652451205278e+00	   8.6929165302804001e-01	   1.0943162691660446e+00	   8.9646228304188424e-01	   4.7928131571438992e-01	   4.3246209356590615e-01	   8.9601628966585523e-01	   7.6478191842991472e-01	  -6.2239161020419521e-02	  -1.2030657123441374e-02	   1.1478333014354660e+00	   4.9993911524562562e-01	   5.7050789127532031e-01	  -1.5679181134789791e-01	   7.2078111870668082e-01	   5.1162689326289057e-01	   2.8927675262662611e-01	   2.8174845076906230e-01	  -7.9533276236380915e-02	  -2.1990493341158379e-01	   5.6840267424479685e-01	   5.0322308544229477e-01	   5.8368677004072511e-01	   3.8280982262168251e-01	   6.4781988837763718e-02	  -6.6451451322521546e-02	  -1.3095052390594272e-01	  -1.3758536250259570e-02	  -9.2748133939495658e-02	   2.7840858674833446e-01	   2.2568145074758503e-01	   2.6641761074571252e-01	   4.0602086464370130e-01	   1.5603278780338714e-01	   3.5776523557912099e-01	   6.5356126545809679e-01	   3.9448330113554697e-01	   4.1413016506046418e-01	   5.0454599378376885e-01	   5.6108069452274589e-01	   7.8637936375093720e-01	   1.1932660186961506e+00	   4.5983953029226365e-01	   4.6386631040641590e-01	   5.8878212584834633e-01	   5.9659098532810995e-01	   7.4408095455339629e-01	   4.4579606653282228e-01	   8.2495194214128142e-01	   1.2549416764853935e-01	   7.0777540032536934e-01	   4.3173211003352263e-01	   8.7505849183912643e-01	   1.9131194620243513e-01	   1.0023325181789580e+00	   4.7271884406387421e-01	   6.1939799648705118e-01	   8.5672342078885466e-01	   5.2952657176202944e-01	   2.5633229636165028e-01	   1.6327249496552118e-01	   1.5127737925720314e-01	   1.9926651477512891e-01	   1.6432227822636666e-01	   3.0525129447852223e-01	   2.9412189698962327e-01	   3.2468848437192682e-01	   3.5791067876680460e-01	   5.1542481226486148e-01	   5.3316059809232574e-01	   7.1619482353160602e-01	   2.5692918415378690e-01	   1.1553784398530933e+00	   8.0959067158386044e-01	  -2.6675532762860676e-01	  -2.9875802605244123e-01	   1.2141246632686475e+00	   9.5038486823099522e-01	   5.9869798891797210e-01	   6.0012255154835870e-01	   6.2713814045096528e-01	   6.4928353527466520e-01	   7.9112678840415979e-02	  -7.2058541982987874e-03	   1.7357126766441999e-01	  -2.8039221951937495e-03	   5.2107890947173863e-01	   3.9833459628674439e-01	   7.1415931661833720e-01	   7.4113331137872196e-01	   7.3195772726582242e-01	   7.1519316299487201e-01	   2.1788409929124339e-01	   2.5667706355503789e-01	   8.9885906787839684e-02	  -1.4191566151014950e-01	   1.5841155823323047e-01	   1.2987034201368836e-01	   2.4598200786480479e-01	   3.8929429729100945e-01	  -8.1575617708828235e-03	   2.3182677800453788e-01	   2.6516294744979393e-02	  -8.4160799628215169e-02	
   4.8257913893538218e-01	   2.9347640857085344e-01	   7.5315534554902364e-01	   0.0000000000000000e+00	   3.8977464575044107e-01	   7.0309272396924971e-01	   8.7838390048458237e-01	   1.2093424410181355e+00	   1.7974840747051166e-01	   2.4242210882117543e-01	   6.9019935780344899e-01	   7.8544063802403097e-01	   5.8633120631123081e-01	   6.2280852710262979e-01	   4.3404800891229622e-01	   3.7087508494403065e-01	   4.2534133307268346e-01	   4.4492502418522811e-01	   7.4900824385655296e-01	   7.5898084676210154e-01	  -2.1957599951393619e-01	  -8.4056771826044333e-02	   8.1775755832427555e-01	   8.1814349949086307e-01	   5.7874650254785043e-01	   3.2932511230745909e-01	   4.6603429493623588e-01	   5.6706709413474687e-01	   3.4318784362247517e-01	   3.0431628577242287e-01	   4.4782650282042306e-02	   2.1901221805249441e-01	   5.2812653992427716e-01	   7.7264009843194348e-01	   2.9908386735785125e-01	   3.5087466635585607e-01	   1.6681273633565136e-01	   6.6547792120486240e-02	  -1.0613792915623983e-01	   2.6438453922161109e-01	  -8.4086453773002612e-02	   2.6226120245054174e-01	   4.0836344352809439e-01	   4.5398427442047445e-01	   4.0587044878573308e-01	   2.7429589906352153e-01	   4.9837052529158565e-01	   7.0052139238160205e-01	   4.3342089079712010e-01	   4.6091021664082643e-01	   4.5315608408296620e-01	   5.4682068544839058e-01	   7.2750350213414161e-01	   7.0457865047141688e-01	   5.5546339841408510e-01	   6.6708726055995504e-01	   2.1460925268509656e-01	   3.6619774108617920e-01	   4.7919177008462377e-01	   9.1666642333458126e-01	   6.8765957873659367e-01	   7.3076567293688344e-01	   5.4229397356915698e-01	   5.6264045401404794e-01	   3.6680770118962153e-01	   4.4221464125844345e-01	   6.4255483561672311e-01	   6.0569263883868218e-01	   3.0723356110882277e-01	   5.7251890747201140e-01	   4.2688470175533438e-01	   5.4699880147621982e-01	   3.0594781987214759e-01	   4.2568744548175147e-01	   2.3886600550783815e-01	   3.3233216068031940e-01	   4.2646534737716962e-01	   5.6064111275291373e-01	   2.6782638924648849e-01	   2.3766474927367157e-01	   4.9257783694889656e-01	   6.0852892547379489e-01	   4.3411197027123005e-01	   5.3277300807170880e-01	   6.5801524030377723e-01	   9.4820595437407129e-01	   4.0990391419652487e-02	   1.5975410602392970e-01	   8.1022422933825000e-01	   1.0052115905371721e+00	   5.3691564566055794e-01	   3.6511115809927630e-01	   3.7662698897149116e-01	   3.0448503836866403e-01	  -7.5955505801000535e-03	   2.0595308942551527e-01	   1.6936179113266636e-01	   3.0644054862216480e-01	   5.7803169436547963e-01	   5.6215633269069221e-01	   4.1526240187019237e-01	   3.9685577847494430e-01	   4.8031845607764123e-01	   4.3701863847184363e-01	   1.2333837191377529e-01	   1.9974799834341928e-01	  -3.5507556689694755e-02	   2.1749446996308191e-02	   2.1824109306721093e-01	   1.4849549283483524e-01	   4.1363632994137256e-01	   6.3530793265857743e-01	   1.7315632821908161e-01	   3.5000441242335684e-01	   1.5753685567584907e-01	   1.4317282085454830e-02	
   5.0196519679758500e-01	   3.5022180499866024e-01	   8.9843199431865017e-01	   3.8977464575044107e-01	   0.0000000000000000e+00	  -2.0597307880458715e-01	   7.1745892050415427e-01	   5.6977772444566510e-01	   1.6147992624051499e+00	   1.2512993466472984e+00	   4.7855962602392527e-01	   3.5674736748064800e-01	   5.8036871016127423e-01	   6.8023936489202130e-01	   1.3897511335975572e+00	   1.2472981464416206e+00	   2.7219893530625938e-01	   1.9812640722128771e-01	   5.5311778953208646e-01	   4.5138727555850805e-01	   1.0772934728119438e-01	   1.3798724364756848e-01	   5.8137949490990315e-01	   2.6917815054313954e-01	   2.9091459144272458e-01	  -4.6839439019188556e-01	   6.6158280894699517e-01	   4.3743474214288985e-01	   1.9614993928119676e-01	   1.6962080380365699e-01	  -2.2592829499369413e-01	  -3.9655140786487231e-01	   4.0332085365872183e-01	   3.2666225412121508e-01	   3.0705992045296437e-01	   2.0565159422331056e-01	   6.2416029363755204e-02	  -1.8222804831061168e-01	  -2.3252048752601950e-01	  -4.8120459712162611e-02	   1.1019215924697709e-01	   7.2928950873669476e-02	   1.3234359955858893e-01	   1.1937610984427106e-01	   3.4196185413476937e-01	   1.6353775783937169e-01	   2.0606339447687741e-01	   4.2942059256412735e-01	   5.2123434596554263e-01	   4.8586628287745531e-01	   6.5213022236245377e-01	   6.1100604168192330e-01	   6.0266411815325627e-01	   7.5725061853516440e-01	   2.8782306275185859e-01	   2.3717576770300502e-01	   4.3865991830779016e-01	   3.2735325126393533e-01	   5.2184272512345442e-01	   3.4389966971775809e-01	   4.5359564715015283e-01	   5.1259375594158045e-02	   3.2654380695901752e-01	   2.8733086600199909e-01	   4.2536601911704608e-01	   2.0084642619239543e-01	   6.1238387918724235e-01	   3.0785459557975159e-01	   3.9454091563837962e-01	   5.6209775416563934e-01	   2.7893290407646676e-01	   1.1053460557127749e-01	   8.1160398605717624e-02	   5.6641342715177415e-02	   1.3269836198082166e-01	   9.6063812194891185e-02	   1.6018713720774261e-01	   1.5925507976090997e-01	   2.8475063053270971e-01	   1.1480110615690781e-01	   3.9519122115464178e-01	   2.8384987817318030e-01	   3.8184818895030442e-01	   1.7665084447799817e-01	   6.4765628126699271e-01	   5.4392320360310620e-01	  -5.8739103758417965e-01	  -3.3502464570974200e-01	   7.1902630812727730e-01	   5.9898669621083156e-01	   4.0701137901991902e-01	   2.7327616841332081e-01	   4.9494574395456437e-01	   3.4672189099116807e-01	  -1.5278677399835533e-01	  -2.4251697530491895e-01	  -2.4678598347267652e-02	  -2.2280896661520663e-01	   2.5514545457465304e-01	   1.3101691772019750e-01	   5.8636552959480182e-01	   4.7124732327245100e-01	   5.8838648669660598e-01	   5.1860769122137385e-01	   2.6154738316230153e-01	   2.1238458021752549e-01	   1.1939793220914580e-01	  -3.0360492936704442e-01	  -1.8809476936105471e-01	  -1.0042003348305051e-01	   1.3883536993989656e-01	   7.0522669546674688e-02	  -2.7357744357614910e-01	  -4.0605216717586420e-02	  -1.4566419495459451e-01	  -1.5515056629163151e-01	
   2.4464105263386227e-01	   1.7999480284372935e-01	   1.3569092614477335e-01	   7.0309272396924971e-01	  -2.0597307880458715e-01	   0.0000000000000000e+00	   1.5671473440288738e-01	   2.8591494371951537e-01	  -5.0219013595927064e-01	  -4.6610014271925659e-01	   2.3920535555037581e-01	   2.3944191028050632e-01	   1.0266049042789260e-01	  -1.0822198637292933e-01	  -1.1252416480809123e-01	  -3.6243719333376206e-01	   5.4050328741332747e-02	   1.2651465871475590e-01	   4.5004472884285140e-01	   4.2205764562755871e-01	  -2.0588330545542799e-01	  -6.0205173583277982e-02	   2.3584782106002944e-01	   2.5620734895726888e-01	   4.5199504424567061e-01	   7.8061995857408040e-01	   2.6414942162973082e-01	   6.1185165248155793e-01	  -5.7751004637133757e-02	  -6.7163666484941542e-02	  -4.2998036167932650e-02	   2.8213156743438922e-01	   2.1829299908452907e-01	   3.5182724130774462e-01	   1.3573847897722163e-01	   2.4837198362121476e-01	   1.2090487101166779e-01	   9.7140229447837775e-02	  -5.6319943685546152e-02	   1.4892163372585301e-01	  -2.8442733604770187e-01	   1.7643197778012870e-01	   5.5743314374188981e-02	   9.6828613081965775e-02	  -8.7812204176782677e-02	  -1.1990226215848941e-01	   1.7399773392915982e-01	   3.4470429754149440e-01	  -1.1269793342346869e-01	  -6.8326855696429933e-02	  -1.2792931053185688e-01	  -4.7510389407911727e-04	   1.0173172277763899e-01	   2.4407566500014768e-01	   1.8976411604679749e-01	   3.5671205706281911e-01	   6.4255766574245504e-02	   2.7047453348445494e-01	   4.1314374655318525e-01	   6.7048337194196317e-01	   3.6563701451489034e-01	   4.5331808544165608e-01	   1.6343208631289319e-01	   1.9083251613965102e-01	   9.5048905540948917e-03	   1.6583897148045829e-01	   3.3422349668396767e-01	   3.4719842885553331e-01	   3.3368840861447985e-01	   4.3721099550900777e-01	   2.3863324896998193e-02	   1.6844649880589962e-01	   3.1287034054415873e-02	   9.2152109076415981e-02	  -2.8925285235769285e-02	   1.3975010821215696e-02	   1.8704962179836732e-01	   2.2942934890973443e-01	  -1.1424533894657894e-01	  -1.0807734608406026e-01	   1.0253797734159815e-01	   1.3753144232852024e-01	   1.3681441819090276e-01	   1.6507105223985213e-01	   1.3280849255403473e-01	   2.3449031183195029e-01	   3.0017613033483181e-01	   2.4897934805351718e-01	   2.4866052567757024e-01	   4.6227703235614526e-01	   5.6751708115322386e-01	   5.5309634413152275e-01	   2.8822125107061647e-01	   3.7038308482055565e-01	   1.7379727925992652e-01	   2.0312519621015923e-01	   2.4369876031422499e-01	   3.7726746212794016e-01	   4.9332359497040329e-01	   6.9403878516010020e-01	   3.0957837588110748e-01	   4.0528040646707264e-01	   4.0318114928555476e-01	   3.9787196178225581e-01	   2.9917742446857809e-01	   3.2745764719071302e-01	   7.7887365574270506e-02	   3.8102946132879045e-01	   3.6605256511139622e-01	   8.0952268086617346e-02	   2.3665880281154300e-01	   6.4575262386556331e-01	   5.6465944883360253e-01	   5.7484612243958666e-01	   2.7039833207966574e-01	   1.0368156551899232e-01	
   7.7908100297229710e-01	   4.7552903983095896e-01	   1.3072635573687625e+00	   8.7838390048458237e-01	   7.1745892050415427e-01	   1.5671473440288738e-01	   0.0000000000000000e+00	   1.2698081535882777e+00	   5.8925316135316130e-01	   7.0125524469542544e-01	   1.1858794696169574e+00	   8.6444255063073916e-01	   1.2076325142237536e+00	   1.0828701643357119e+00	   8.3551486057955415e-01	   8.1526007993363891e-01	   5.8310690634112838e-01	   5.3268344595235029e-01	   8.5452150415626438e-01	   7.1639562740033025e-01	  -1.1005290012729560e-01	  -8.1331599151254652e-02	   9.6164782601108989e-01	   5.4563646507313535e-01	   4.1883379098229084e-01	  -9.9168067998978787e-02	   3.4718379189301718e-01	   2.7344975235912888e-01	   4.7793463185865537e-01	   3.9501351614929830e-01	   1.4696957730519244e-03	  -1.1459902780786155e-01	   5.6090501401500259e-01	   5.4189680268584328e-01	   4.1799076977871624e-01	   3.3530253581446406e-01	   9.3282615590897927e-02	  -3.8789565231356724e-02	  -1.3315999394848152e-01	   1.0064949732988816e-01	  -6.8615957743676737e-02	   2.9794388613864287e-01	   3.5968150776652147e-01	   4.2852544309530266e-01	   5.3900348685707755e-01	   2.7046629076800099e-01	   4.7345141740400964e-01	   7.4999499336323350e-01	   6.0540957800044604e-01	   5.9378077794753170e-01	   6.9307779406592662e-01	   7.3248637149498497e-01	   9.6068170156717969e-01	   1.1356513476108447e+00	   5.7194702847094037e-01	   6.5120136867735101e-01	   4.4516997230002248e-01	   4.9190764158289435e-01	   6.3263654476333131e-01	   5.7642426819478088e-01	   1.0025141893737401e+00	   2.9971766251985166e-01	   8.8508011362268524e-01	   6.1897571900229331e-01	   6.6100781822303312e-01	   1.7481697787558120e-01	   9.1804649181229658e-01	   5.1738017851661633e-01	   4.2192182372598069e-01	   7.0874599950557138e-01	   6.0296918790066523e-01	   3.7560171950546800e-01	   3.5000223938956143e-01	   3.4972794041658140e-01	   3.4508987837746352e-01	   3.2235995365569803e-01	   4.9260548632096401e-01	   4.4564319391648749e-01	   4.2254478040027443e-01	   3.9945799819378475e-01	   6.3576220999980071e-01	   6.8227217815167496e-01	   6.3391970455351665e-01	   4.2411324117147625e-01	   1.1285749634308611e+00	   9.4319622438305040e-01	  -2.6608330760219939e-01	  -1.1616782682810552e-01	   1.0158037435173304e+00	   1.0552525602124134e+00	   5.5509548405702858e-01	   4.7498247808267063e-01	   4.5768553109592947e-01	   4.8481504825732252e-01	   3.5979567845959917e-02	   1.2159896186779956e-01	   5.0270321861675724e-02	   8.8047372941845448e-02	   5.5690933946082022e-01	   4.3586109058501538e-01	   4.6871556018612714e-01	   5.8616753711874758e-01	   4.4605306092683517e-01	   4.6548516266234469e-01	   3.5231878683109848e-02	   1.0795830835094178e-01	   2.8305456209024631e-02	  -3.0669192758753537e-02	   7.5218675082311157e-02	   7.6737700538339795e-02	   2.3674860875863338e-01	   4.6225226121539476e-01	  -4.0391106723090965e-02	   6.4686808858977887e-02	  -1.0651222389144470e-01	  -1.7162317509976804e-01	
   6.3545543858388553e-01	   3.5294242054704228e-01	   8.0361623080644795e-01	   1.2093424410181355e+00	   5.6977772444566510e-01	   2.8591494371951537e-01	   1.2698081535882777e+00	   0.0000000000000000e+00	   4.6175433644367930e-01	   5.7586581385240532e-01	   1.0742962293217373e+00	   1.2236478450453676e+00	   1.0027076110687336e+00	   1.0670458945622598e+00	   6.1425615612975892e-01	   6.8199269692029896e-01	   6.2147053522167994e-01	   5.6565754803714641e-01	   8.8155535597660140e-01	   8.4707109432796690e-01	  -1.7954081461599386e-01	  -1.1960494017952883e-01	   7.3088370100967515e-01	   6.0014311680390175e-01	   3.9129545398508797e-01	  -7.3920645907560468e-03	   2.3768433531917038e-01	   2.2309111842761525e-01	   5.9362487794324570e-01	   4.5560479284938016e-01	   6.4681595612778933e-03	  -2.5730868179613554e-02	   5.3170826128217297e-01	   6.2598165951079887e-01	   2.2748655477026669e-01	   2.4182416400513906e-01	   1.5210717226484563e-01	   5.1143602212342758e-02	  -5.0310716904750655e-02	   3.2153844787945451e-01	   2.8700337373587292e-02	   3.0602903714251328e-01	   5.7435766413114819e-01	   6.8165257768482013e-01	   6.0571375982590336e-01	   4.3581730002181207e-01	   7.0244103758474352e-01	   1.0145861467238848e+00	   7.4846587112515484e-01	   7.8232624570990916e-01	   7.9512560246246056e-01	   8.8162266875302819e-01	   1.1259921367257621e+00	   9.8277902064135481e-01	   7.4064551627277786e-01	   8.6799522074299429e-01	   3.1667549905688019e-01	   4.4214855888865229e-01	   5.0572210703917930e-01	   7.6138775890240495e-01	   8.2000104299137122e-01	   4.7937582962460401e-01	   8.3078661223587214e-01	   7.5552829044430181e-01	   3.7274207819680022e-01	   1.5445592203664021e-01	   6.9126259475976848e-01	   4.6799196224504913e-01	   3.5513540126621002e-01	   6.0530440720337519e-01	   5.5487397629925128e-01	   5.5591764195097060e-01	   4.7243169038712896e-01	   5.4346503642272703e-01	   4.1594758037730362e-01	   4.5164996784396172e-01	   6.0528671591433203e-01	   6.3789084790901485e-01	   4.1398309769419295e-01	   3.2080133209594758e-01	   6.6915474046636181e-01	   7.0087241458987148e-01	   5.5990209026334714e-01	   5.8162698986664640e-01	   8.1096960396821938e-01	   1.0487750567192464e+00	  -1.6272879994389730e-01	   9.4396489067374217e-02	   9.1581448177329350e-01	   1.1480137220708471e+00	   4.6185624257584190e-01	   2.9442244395196171e-01	   2.6140276023345654e-01	   2.2142291874495251e-01	  -1.4288987301381815e-03	   3.0428880988105655e-01	   8.1596301638813734e-02	   2.6063671915260683e-01	   5.5855959494000207e-01	   4.4110255184601133e-01	   3.1057700514569409e-01	   3.6325829771110257e-01	   3.3334990044565882e-01	   3.3811293022780026e-01	  -4.9074445839541792e-02	   2.1055367197232340e-02	  -8.9431369868158320e-02	   4.6656239340763676e-02	   6.6139050349169948e-02	   1.1421502473750075e-01	   3.9635317776597156e-01	   5.0477308743270632e-01	  -9.0931520127934151e-02	  -9.3340344609680517e-03	  -1.2345570118413766e-01	  -1.8779186039959755e-01	
   3.1954477796089858e-01	   2.0436350562376243e-01	   6.7353694132939246e-01	   1.7974840747051166e-01	   1.6147992624051499e+00	  -5.0219013595927064e-01	   5.8925316135316130e-01	   4.6175433644367930e-01	   0.0000000000000000e+00	   1.5446238966746291e+00	   3.5211253847378393e-01	   2.7499062114250195e-01	   5.0581466772708428e-01	   6.2377922469326963e-01	   1.1541913375922026e+00	   1.2844869319089733e+00	   2.3084165861431949e-01	   1.1939900023175795e-01	   3.5751399935666023e-01	   2.5626858255023682e-01	   1.0083313015068969e-01	   9.4268664018333129e-02	   3.7981600890484396e-01	   1.1224637746591309e-01	   5.4034601628127649e-02	  -6.7911136864612709e-01	   3.3592562525524650e-01	   1.1965976246891774e-01	   1.8242803178047734e-01	   1.5086235423530225e-01	  -1.9732837992383381e-01	  -4.2612520260536291e-01	   2.4322412454048645e-01	   1.5265455242933815e-01	   1.6535902044034861e-01	   6.3921561758382289e-02	  -4.6714565906973548e-03	  -1.8960581732044970e-01	  -2.0317824780694094e-01	  -7.5356130951181460e-02	   1.2492896490248559e-01	  -7.2882879082851650e-03	   1.1810130292294081e-01	   1.0593380007557759e-01	   3.0004271192011966e-01	   1.8447760317825199e-01	   1.3266379963091640e-01	   3.1038095353045664e-01	   4.5844033326635147e-01	   4.2103472418386745e-01	   5.8049760866722289e-01	   4.7723179149315875e-01	   4.9250041255425187e-01	   5.8088778854445333e-01	   2.0548854175801889e-01	   1.2526479955649103e-01	   3.1136931132954548e-01	   1.9375784707965957e-01	   3.2624590615556165e-01	   1.8179129613112779e-01	   3.0500745703457199e-01	  -5.1773783363122446e-02	   2.5109255954475046e-01	   1.6689003268036426e-01	   3.1241356379711327e-01	   1.1064609804790602e-01	   3.9641947244094727e-01	   1.5231881175051215e-01	   2.1976008122345494e-01	   3.2759073039378872e-01	   2.8681344708263434e-01	   8.9579843628616956e-02	   8.2964293163086511e-02	   4.5666095698989134e-02	   1.3657802032327510e-01	   9.0621790187238538e-02	   1.3323110479929587e-01	   1.1199373045744253e-01	   2.8720281820819937e-01	   1.1044495440586101e-01	   3.2162693837462042e-01	   1.9267737324976181e-01	   2.4996009918338094e-01	   4.4705391437221645e-02	   4.6130537631077745e-01	   3.4813045781213758e-01	  -7.4122730538468384e-01	  -4.2336522188789427e-01	   5.1857534031659447e-01	   3.9504302939898261e-01	   1.7859755625111753e-01	   1.0206238060324155e-01	   2.5002810346300547e-01	   1.6036201697577146e-01	  -2.0183672989909379e-01	  -2.4629195404775323e-01	  -1.3861066234436203e-01	  -2.8820693663590158e-01	   6.5589472398111304e-02	  -5.7121433762839721e-02	   3.1495463725830491e-01	   2.6819309409915282e-01	   3.0245255498114210e-01	   2.9315764688372786e-01	   8.1885180698975171e-02	   3.2893171715458309e-02	   1.1690307529828164e-01	  -2.3780132794088701e-01	  -2.8218807268703117e-01	  -1.4380274065644649e-01	   3.4903914395368663e-02	  -1.0567515351626666e-01	  -4.8566284450850139e-01	  -2.5246170878385232e-01	  -2.3417127100817808e-01	  -1.7726456691081729e-01	
   3.2755913579548801e-01	   2.2594035653317515e-01	   7.7952145589513522e-01	   2.4242210882117543e-01	   1.2512993466472984e+00	  -4.6610014271925659e-01	   7.0125524469542544e-01	   5.7586581385240532e-01	   1.5446238966746291e+00	   0.0000000000000000e+00	   4.4284466438508319e-01	   3.1973239545208693e-01	   5.4401225212153237e-01	   7.9658833052145328e-01	   1.0772674982305548e+00	   1.8214244704768874e+00	   2.4123549811813610e-01	   1.2063614149129309e-01	   3.9540766487313989e-01	   3.2929285633888383e-01	   6.2530203594519287e-02	   5.8688099481243282e-02	   4.6738178392427554e-01	   1.9132295671692062e-01	   3.7089715962601293e-02	  -7.7209686682873324e-01	   3.4654409553490378e-01	   1.0046425652629679e-01	   2.3340141540537410e-01	   1.9771382679203175e-01	  -1.8418602945582152e-01	  -4.5815962814198002e-01	   2.9916663053824905e-01	   1.9794275666232644e-01	   2.6493226418981691e-01	   1.3279012061439988e-01	   2.8532545692361733e-02	  -1.3350726683155625e-01	  -9.6253016468167557e-02	  -5.3711931759580299e-02	   1.6058865837607197e-01	   7.7839381767530774e-02	   1.6287512095216514e-01	   1.8913219771415288e-01	   4.0069374633204863e-01	   2.3612027343804937e-01	   2.2471732654841822e-01	   3.5675710704360963e-01	   5.1231106582148389e-01	   5.0346854279802922e-01	   5.7628311706092239e-01	   5.4008536430403375e-01	   6.0114159886232355e-01	   6.2709591096546635e-01	   2.9980374270863508e-01	   1.9864850637126114e-01	   2.8865841304663992e-01	   2.5066441396175476e-01	   4.0821315657097967e-01	   2.4733218430028936e-01	   3.2906006100295110e-01	  -4.1051676695665514e-02	   3.1312828486530597e-01	   1.9652436215599564e-01	   5.1724217312658505e-01	   1.0698134965327043e-01	   5.0180044712497884e-01	   2.2379994088012123e-01	   2.4427141452444009e-01	   3.9161224614659967e-01	   3.8679233107819611e-01	   1.7564567270870768e-01	   1.2727931734358897e-01	   8.2304223195616769e-02	   1.8294059540389010e-01	   1.5503023189260678e-01	   2.0622363290054535e-01	   1.7679811876395254e-01	   3.0711642094219493e-01	   1.5302617366973464e-01	   3.1808339758020826e-01	   2.2161164210255990e-01	   3.9699877729886901e-01	   4.9694685582068930e-02	   5.8916555007094074e-01	   4.0500100285498170e-01	  -5.9056638709412168e-01	  -4.7961598622151491e-01	   6.4255013972456299e-01	   4.6326829973691230e-01	   2.2087587329920699e-01	   1.8599204121563526e-01	   3.4042465814752093e-01	   2.4936526657410413e-01	  -7.6496214841711554e-02	  -1.0515058360717583e-01	  -1.9355705709628187e-02	  -1.7553135735745523e-01	   1.6010357879054771e-01	   2.3642762648295814e-02	   4.1910657266827012e-01	   3.6652970828742393e-01	   3.8387324503221065e-01	   3.8305600460633349e-01	   7.8050512267386546e-02	   6.0954517417529983e-02	   5.6403712157250131e-02	  -2.1901220254036563e-01	  -1.2178607428851682e-01	   3.5370733665852456e-03	   1.0230794473857020e-01	  -6.0844602121214834e-02	  -3.9490909821581122e-01	  -1.5956857850261433e-01	  -1.2888384530938057e-01	  -1.0946839641679065e-01	
   1.0393644580517354e+00	   6.5911673025524298e-01	   9.3987351084806559e-01	   6.9019935780344899e-01	   4.7855962602392527e-01	   2.3920535555037581e-01	   1.1858794696169574e+00	   1.0742962293217373e+00	   3.5211253847378393e-01	   4.4284466438508319e-01	   0.0000000000000000e+00	   1.1283943455625465e+00	   1.5709927727022950e+00	   1.0412945510443643e+00	   7.3079515530546280e-01	   5.8573727135399623e-01	   7.2308699101241114e-01	   7.4635945933188952e-01	   9.1540200521556991e-01	   7.6593621176628601e-01	  -2.1749668626247148e-01	  -2.0562124329107856e-01	   8.9825694997902150e-01	   4.9837973925105994e-01	   5.1011938609971164e-01	  -9.6839329626789671e-03	   3.0781613884060266e-01	   2.1783937458249469e-01	   5.9929232296362422e-01	   3.9896009827120876e-01	   3.3369844604412564e-02	  -7.2629706323698237e-02	   6.2381302873024747e-01	   5.2678903821959100e-01	   5.1262845069339846e-01	   4.2340954713615653e-01	   1.9968417729040383e-01	   3.5875304584858041e-02	  -9.2627362660213361e-02	   2.6631238458922396e-01	  -6.8237894197392235e-02	   3.2533839303792944e-01	   5.9280403848098584e-01	   7.2976540644230192e-01	   6.6728719253992641e-01	   4.4783694563396265e-01	   7.1760324314991308e-01	   1.0536768552239140e+00	   7.0706065517883854e-01	   7.7443833906944537e-01	   7.6141386848090020e-01	   8.9846244053030055e-01	   1.1735852558670516e+00	   1.1415712411058649e+00	   8.9396626968107895e-01	   1.0332120414786745e+00	   5.9465759462392143e-01	   6.6987095332732383e-01	   4.8633070913957466e-01	   4.4993899054924402e-01	   9.3991656076062657e-01	   2.1142058041774039e-01	   1.1373504019145821e+00	   8.0916951753456035e-01	   5.4209974247329618e-01	  -1.2298844933261825e-02	   8.1245769351896013e-01	   4.5297742697429960e-01	   4.7282432456498086e-01	   6.4913610204617012e-01	   7.7507712193514688e-01	   5.2187288218656136e-01	   5.3973610765933100e-01	   4.9335300167732815e-01	   4.9854770579432905e-01	   4.2183311905598792e-01	   7.3641274724555505e-01	   6.2807180342116142e-01	   3.6515807812386675e-01	   5.0501131194287763e-01	   6.6041796010072595e-01	   8.5592569768626869e-01	   8.3118291315180770e-01	   6.0292390767762405e-01	   1.1964776597063635e+00	   1.0694825715327005e+00	  -3.8615204732474387e-02	   1.7645754799815339e-01	   1.0402767267535276e+00	   1.1345966364792077e+00	   6.5082869379477470e-01	   4.8521092295698048e-01	   4.4433514844773508e-01	   4.3975928174639944e-01	   3.3328918606042188e-02	   3.3383587051109087e-01	   5.5863567052343417e-02	   3.0030974174204311e-01	   8.1179586046523389e-01	   6.2662932076082001e-01	   4.2662506146940515e-01	   5.2162474906175094e-01	   4.1734153885183273e-01	   3.2109610851353798e-01	  -1.3215028508335155e-01	  -8.2898187433724235e-02	  -2.1820165006937026e-01	   8.0947897569957683e-02	   4.5650012214695196e-02	   1.7437753252793936e-01	   3.8984530182890131e-01	   6.8493667301533268e-01	   7.9631508973953283e-02	   7.1802934426429099e-02	  -1.9944754152774335e-01	  -3.4973736782328324e-01	
   9.6364302397892798e-01	   6.7440244922920822e-01	   5.8591409070639866e-01	   7.8544063802403097e-01	   3.5674736748064800e-01	   2.3944191028050632e-01	   8.6444255063073916e-01	   1.2236478450453676e+00	   2.7499062114250195e-01	   3.1973239545208693e-01	   1.1283943455625465e+00	   0.0000000000000000e+00	   1.0765359048821974e+00	   9.6297104554086099e-01	   4.0928664308207025e-01	   4.4911359338639883e-01	   1.1640807920964686e+00	   1.1592406337442980e+00	   8.3469596266988977e-01	   8.9633136483365505e-01	  -1.4995717323356506e-01	  -1.4261837327879151e-01	   5.3234889627518001e-01	   4.5584902700106023e-01	   5.6048856295903149e-01	   1.8370807077483059e-01	   2.0684654361555951e-01	   1.2232480566685938e-01	   9.2198041357343885e-01	   7.0892767778958821e-01	   2.3056021116641273e-01	   1.6017431522996575e-01	   7.5244271451219047e-01	   8.2312379986482098e-01	   3.1095942161940132e-01	   3.2401663843487616e-01	   3.4389823446686846e-01	   2.3483746495094093e-01	   1.1050154703164758e-01	   5.7605292061591662e-01	   4.2172234261435633e-02	   5.3480158905081898e-01	   8.2030866215635556e-01	   9.0792121304473816e-01	   7.7519964581443446e-01	   6.1612286247156411e-01	   8.5902639183097529e-01	   1.1374011554027059e+00	   8.4498120043755864e-01	   8.7389682886946463e-01	   8.7566844280065059e-01	   8.7547832957732674e-01	   1.2462367008849686e+00	   8.5867299375820461e-01	   1.1019373004287705e+00	   1.2380427679124508e+00	   6.1654613235937472e-01	   7.0866193326743754e-01	   2.2721744613731296e-01	   4.3683086098477936e-01	   8.1450327353637642e-01	   3.2344646426757162e-01	   1.2065691756688928e+00	   1.2924927668073065e+00	   1.9774037474937453e-01	   4.2666150042398720e-03	   5.4155659178102566e-01	   3.5988351979475530e-01	   4.1373164196884055e-01	   4.7971947688365130e-01	   7.0500061781767887e-01	   7.1411078653921989e-01	   8.2366516233619635e-01	   9.3403482669528171e-01	   7.1375283724628347e-01	   7.2051574234414861e-01	   8.2502891184607785e-01	   8.1859331003315439e-01	   6.4821539400626338e-01	   7.0182666164150698e-01	   1.0001769090183483e+00	   1.1787286991753030e+00	   4.4247263832147793e-01	   7.7741440668815165e-01	   7.4476888859191415e-01	   1.1167726849693316e+00	   3.2299576346109270e-02	   3.4628884543428501e-01	   7.7643886303972176e-01	   9.0086159598280624e-01	   2.7861166081475613e-01	   7.7112044553143827e-02	   9.9025644021019654e-02	   5.0423891780638649e-02	  -4.5394034831560395e-03	   4.1252387123200934e-01	   6.9691147189359287e-02	   3.8691078117580613e-01	   5.9799557470153486e-01	   3.6388178922295589e-01	   1.2507686224788220e-01	   1.5520608369565991e-01	   1.2335631214025569e-01	   6.0672730004382475e-02	  -2.8587098001569322e-01	  -2.0340494825118405e-01	  -1.9808243436642001e-01	   1.0964587734570336e-01	  -3.5355873938908121e-02	   1.4132100861796448e-01	   5.4531846047150512e-01	   6.3256019895748428e-01	  -2.9143802965389341e-02	  -8.6464708306434893e-02	  -2.8022758239418638e-01	  -4.5106874043105916e-01	
   1.0907590733346531e+00	   7.2868853778983778e-01	   1.0050652451205278e+00	   5.8633120631123081e-01	   5.8036871016127423e-01	   1.0266049042789260e-01	   1.2076325142237536e+00	   1.0027076110687336e+00	   5.0581466772708428e-01	   5.4401225212153237e-01	   1.5709927727022950e+00	   1.0765359048821974e+00	   0.0000000000000000e+00	   1.0939662007275286e+00	   7.7715810413759367e-01	   6.8960604944468806e-01	   7.9931539395312723e-01	   7.8060267917355097e-01	   8.8488136788280070e-01	   7.5063364299887436e-01	  -7.8582342334359928e-02	  -7.1594856994682682e-02	   7.7732525895610294e-01	   3.8193516584080961e-01	   5.3047617538993397e-01	  -5.3265604498344853e-02	   3.5467287472120729e-01	   2.1652589778020626e-01	   6.0019750509580450e-01	   4.4343069957406261e-01	   9.8772372227226915e-02	  -8.1596605407505143e-02	   6.7279223215295059e-01	   5.2179445834247162e-01	   5.3950550002348541e-01	   4.4369548684812143e-01	   2.7083933904178847e-01	   1.2667100535752257e-01	   3.0630986067460026e-02	   3.1968884483841259e-01	  -6.7742197427775935e-03	   3.9379389956605315e-01	   5.6342596341374196e-01	   6.3666481442501199e-01	   5.8549727273226781e-01	   4.2082154693379470e-01	   6.9369694692254935e-01	   1.0404374111776586e+00	   6.9617839808496251e-01	   7.5273811751143394e-01	   8.3825948756580582e-01	   8.2932871017092047e-01	   1.1461873130363791e+00	   1.2240483563592330e+00	   8.8541094605816362e-01	   9.9888026862014490e-01	   6.8802703086345296e-01	   7.2314788314728151e-01	   5.1728906743794079e-01	   3.5577520160585985e-01	   1.0604447367991061e+00	   1.2200168800257294e-01	   1.1249322562859843e+00	   7.6835433366912320e-01	   4.5597547573227570e-01	  -2.3265216978871694e-02	   8.5683944124430500e-01	   4.4035562398313494e-01	   5.2666594682495715e-01	   6.7050037098457704e-01	   6.9445316921275835e-01	   4.6850527420706534e-01	   4.9813180815796970e-01	   4.6626152196274018e-01	   4.8364761490356278e-01	   4.1850824809362808e-01	   6.9355032532510164e-01	   5.6710167701549530e-01	   4.4929967295705003e-01	   5.0303595629869102e-01	   6.9877053325937832e-01	   8.2426768025682629e-01	   5.6684808210292326e-01	   4.9901821952511877e-01	   1.0818269485743774e+00	   9.9049186912270526e-01	  -2.5845485888005237e-01	   4.7515724683314650e-02	   1.1505564730520854e+00	   1.1160652067787740e+00	   5.1076337529596105e-01	   4.1596333505381422e-01	   3.0325486805663115e-01	   3.5715630315134717e-01	   9.6195265694839965e-02	   2.9387539340052360e-01	   8.8925890231481064e-02	   2.2496398580049942e-01	   6.5147665780038144e-01	   4.6248915112654920e-01	   3.1915645512831381e-01	   4.6473080110091680e-01	   3.1597341299751758e-01	   2.9872467182785395e-01	  -1.3442392399589692e-01	  -7.0898152191284106e-02	  -6.4559517362657165e-02	   1.3133366735967922e-01	   5.4878535865452022e-02	   9.8796999075181358e-02	   3.6123249015765452e-01	   5.4168641386105087e-01	  -5.3237574360048688e-02	  -3.3555657560804752e-02	  -2.3624092727077528e-01	  -3.5423705750247736e-01	
