   0.0000000000000000e+00	   1.1182244852136889e+00	   8.1057062785841549e-01	   4.3333314780743915e-01	   6.5144539898215803e-01	   5.0017323707230199e-01	   8.1358689713767285e-01	   5.2657998513114179e-01	   4.4418930884619079e-01	   4.5693108823874290e-01	   1.2178106184948239e+00	   1.0950626676882542e+00	   1.1425702260650266e+00	   9.9732229556130036e-01	   8.5902259736122688e-01	   8.3479464362233291e-01	   8.6328345792207850e-01	   8.1281815672550861e-01	   8.1539315467459750e-01	   6.8400777585215888e-01	   5.8800999306492940e-01	   5.9164977035202670e-01	   4.0614105383102184e-01	   3.3529115160049539e-01	   4.2415204449844052e-01	   2.9943176810068789e-01	   5.0859357874561717e-01	   4.9847758365770001e-01	   5.5208628532434634e-01	   5.2630275718617348e-01	   3.1708792515559703e-01	   2.7303083766951985e-01	   1.1085801880026813e+00	   8.9808602028651263e-01	   2.9072700465154605e-01	   1.7408635462640490e-01	   7.1774617160882115e-01	   6.4614340446584639e-01	   4.3397862581627206e-01	   1.7938639192828940e-01	   4.8610608049974308e-01	   3.3555161595486338e-01	   5.6177533423418513e-01	   5.9459596024356132e-01	   4.9906876382228549e-01	   5.2800016331700728e-01	   5.9978682386246807e-01	   6.1795507384836112e-01	   7.9461907694550293e-01	   7.9731385024089241e-01	   6.8039858427413691e-01	   6.7422101503155563e-01	   8.1051161666040683e-01	   5.8609803485068590e-01	   8.6514331675034883e-01	   7.6791509272070790e-01	   8.4819230311634386e-01	   7.7874087670603120e-01	   9.1278707161550576e-01	   7.0632928576229992e-01	   9.9282292665598215e-01	   6.3436846962964777e-01	   7.6619339815589105e-01	   7.3698888771076643e-01	   5.5844972950124827e-01	   2.9965331772928960e-01	   6.0266241663834830e-01	   3.7806159517338889e-01	   4.6296191099668449e-01	   3.2706284955950282e-01	   6.0869166552840026e-01	   7.3466784151435760e-01	   8.3850905769462325e-01	   8.0455182309463746e-01	   9.2551428008645042e-01	   9.0382183816841943e-01	   8.6567178102196629e-01	   9.1600473978108243e-01	   5.4308552328632176e-01	   5.7351539446947086e-01	   8.1780692495718843e-01	   8.7336001678276620e-01	   5.7824334208808748e-01	   5.3674780612112238e-01	   9.0595478380255390e-01	   7.7029176511155972e-01	   2.1374022108065877e-01	   1.9258306852426588e-01	   1.0818525306255833e+00	   1.0786424492668669e+00	   4.9328853303802800e-01	   6.7973989262097267e-01	   2.3580426241485611e-01	   6.1412607895923177e-01	   1.5800804274425850e-01	   1.2060135717613075e-03	   5.8688669041271602e-01	   5.4905330815893783e-01	   1.0155607957697976e+00	   1.0616702852648821e+00	   7.9866416127567363e-01	   8.7501571196194505e-01	   1.0198198254780695e+00	   1.0539856309856386e+00	   5.8658211877853739e-01	   6.5136768761327080e-01	   6.0916209969322865e-01	   5.3229556886658036e-01	   1.9484864795932244e-01	   3.5043522886654321e-01	   4.8182751715490346e-01	   7.3833795186657036e-01	   8.9035577436781732e-01	   6.9305151981405033e-01	   3.9865039804643559e-01	   2.8037577374218337e-01	
   1.1182244852136889e+00	   0.0000000000000000e+00	   5.2444254912280353e-01	   2.6128023112278992e-01	   2.2451597025948444e-01	   7.8564652285748951e-02	   4.4809068653197487e-01	   2.6508044284634680e-01	   1.5281585300020992e-01	   1.9283273025245468e-01	   9.3739347237246795e-01	   9.4031432129554615e-01	   7.6972973558777769e-01	   7.1309064591494420e-01	   7.4268036744401822e-01	   7.3169907903945453e-01	   8.6646838112372149e-01	   9.9108847871916916e-01	   5.7156060440511147e-01	   6.3099960285391010e-01	   4.7482351793882444e-01	   4.6737944684604088e-01	   3.2423130602291195e-01	   2.1714313757644957e-01	   2.8877411543718129e-01	   1.1357087672431902e-01	   2.3844404746779979e-01	   1.9269421009747500e-01	   6.8040488554237044e-01	   7.0395344449001795e-01	   3.4936605476688226e-01	   3.0873205953549443e-01	   1.0083950373704227e+00	   8.3576770244633836e-01	   1.9937929291207790e-01	   3.8666264835791622e-02	   6.2584707918547067e-01	   5.7406065230111947e-01	   4.3214532227248087e-01	   1.8590595626020787e-01	   3.3441377580749804e-01	   3.5504717454552553e-01	   5.2760755877831933e-01	   6.2542581563613431e-01	   3.6190019070559326e-01	   3.5076642128398056e-01	   5.2231833399698857e-01	   5.5406862358867215e-01	   7.3916972169778983e-01	   6.5250304936837167e-01	   5.6355369986387149e-01	   5.0913305488098604e-01	   6.4137569267783356e-01	   5.1928911571644620e-01	   7.8137099353233719e-01	   7.4942016947927792e-01	   1.0169759504318394e+00	   1.2873955213815125e+00	   5.4437396282738448e-01	   5.7712173133796285e-01	   5.4793520077648783e-01	   3.0457101444461998e-01	   5.7329546029321743e-01	   6.3143798916495153e-01	   2.8204619345411402e-01	   3.3794412300434347e-02	   3.1510862189228322e-01	   9.1880617001728088e-02	   2.4077497352897398e-01	   1.6408446934560350e-01	   6.4920377619836267e-01	   6.9305349766830027e-01	   1.0785750824447540e+00	   1.1003842378110698e+00	   9.3381295107138396e-01	   1.0373242892859733e+00	   9.1384497049874158e-01	   8.5246066218252436e-01	   5.8475163553445508e-01	   7.5462657925625254e-01	   7.0237059346456143e-01	   9.6440153177791799e-01	   5.7965518419390649e-01	   6.7159782073994168e-01	   7.9757936187871681e-01	   6.4387820051265976e-01	   2.6619388180022607e-01	   3.2023970238004174e-01	   6.2529595127544657e-01	   6.2817473000991697e-01	   2.1166340933090808e-01	   2.6110147091902730e-01	   9.4656102414744800e-02	   3.4971368368048006e-01	   3.4993085975100818e-01	   2.0082262757117164e-01	   6.5988060992579312e-01	   7.2250694651315794e-01	   9.1507244569140755e-01	   8.7441257730483191e-01	   5.0195097466981775e-01	   4.8521449303248282e-01	   6.2663576024498902e-01	   6.7610044077937437e-01	   6.4875777658788303e-01	   8.7104317464523684e-01	   4.1680831261737306e-01	   4.6414240237152193e-01	   3.3907668704420363e-01	   5.7359064736689491e-01	   4.5084868432369474e-01	   6.0810605815711605e-01	   8.0054624070123270e-01	   7.6532959630410802e-01	   5.2490381654355156e-01	   4.0369382544050936e-01	
   8.1057062785841549e-01	   5.2444254912280353e-01	   0.0000000000000000e+00	   9.2116767868114879e-01	   9.9150606752250470e-01	   7.1233451730126718e-01	   9.8243563095487052e-01	   6.2592506205878284e-01	   6.4368064738360964e-01	   5.3325646777392754e-01	   6.7228251209078049e-01	   6.7908204313607834e-01	   6.5981606344098076e-01	   5.8858178165817365e-01	   9.0221114759127219e-01	   8.3563659503084176e-01	   3.1386401215230669e-01	   3.2328035002951483e-01	   7.3012111354200515e-01	   5.0107003776953773e-01	   9.3612217771346273e-01	   7.7826991384842747e-01	   1.1782420739986748e+00	   9.8471935008630296e-01	   1.0402543026312934e+00	   7.8349876477894487e-01	   5.9958715267541962e-01	   6.1349360859024449e-01	   3.9826407523974966e-01	   4.0025258618209791e-01	   6.8089963989298607e-01	   6.5092944489415761e-01	   9.7298477448770326e-01	   8.4957397397356238e-01	   7.1577848282842038e-01	   5.4270069989569492e-01	   6.9162015184312031e-01	   7.3305985625072589e-01	   4.8228504456221538e-01	   3.7249387536852901e-01	   5.2133634200717627e-01	   3.2821632945956175e-01	   8.6837867493999044e-01	   7.8544577737223742e-01	   7.2897448531213249e-01	   6.7767296836124180e-01	   7.4138805442722122e-01	   8.1512964528799892e-01	   7.8721131555025448e-01	   7.0866392733976380e-01	   7.9488141680838675e-01	   8.0381781444132228e-01	   7.2320314688673260e-01	   7.2958736789003542e-01	   6.4024955686408591e-01	   6.3702563042024873e-01	   3.2446223885620729e-01	   3.2158193991853384e-01	   3.7207029465545549e-01	   3.4200862346699129e-01	   5.6441855769490989e-01	   4.1304588791697761e-01	   4.2163548931111750e-01	   3.7829754567612273e-01	   9.7578103720281095e-01	   4.7677567890386940e-01	   8.1860989806673123e-01	   5.1366006757091154e-01	   2.7383922291465412e-01	   1.8311260516448036e-01	   8.5362045697971856e-01	   8.4708029166508825e-01	   5.9061317916440026e-01	   4.4504882744066659e-01	   7.2443877044452376e-01	   5.3981741393125526e-01	   7.7198063371151249e-01	   7.7673893392899196e-01	   1.3793600969840727e-01	   3.1875839663793043e-01	   3.9419720360417748e-01	   4.8585331044152258e-01	   7.2352259339636549e-01	   5.1305068025044931e-01	   8.7075198987256064e-01	   8.4302694757535601e-01	   3.7789953864535142e-01	   3.5360940589670126e-01	   9.9937672930387789e-01	   9.1718455660772491e-01	   6.8359628950990614e-01	   8.9089009050385004e-01	   5.3958053578155829e-01	   7.8686613615677126e-01	  -1.0853206888437072e-01	  -1.0627092043061434e-01	   4.8002259731559305e-01	   4.1863131156081312e-01	   6.8760543084680481e-01	   7.1220113838980414e-01	   6.2204502562404052e-01	   8.8918537104776929e-01	   5.8930158361695950e-01	   7.8590284259341203e-01	   3.1209874608614613e-01	   5.3535789194661521e-01	   3.0285891713887358e-01	   2.4340210819524671e-01	   2.5660152888701515e-01	   1.6343649849089750e-01	   7.0126686950925077e-01	   7.8751599672273298e-01	   7.1684126684004623e-01	   3.7103264681545006e-01	   1.8428265501699650e-01	   4.9172363679635268e-02	
   4.3333314780743915e-01	   2.6128023112278992e-01	   9.2116767868114879e-01	   0.0000000000000000e+00	   8.6696872122137125e-01	   9.3795140493749796e-01	   9.2022948181460540e-01	   1.2260093632311018e+00	   5.4974959535249779e-01	   7.8652496327663712e-01	   3.7031594648439187e-01	   6.5941774615451543e-01	   4.6650520929213551e-01	   5.6243376316506299e-01	   6.2577900754533278e-01	   8.0499229309880371e-01	   1.1124048247647796e-01	   2.9804055994828924e-02	   2.8464598633411059e-01	   2.4937180077067339e-01	   5.9526292988315965e-01	   5.7869953761258697e-01	   6.1261476628948119e-01	   1.0761041455196523e+00	   6.2286139295709086e-01	   9.5681060156171593e-01	   2.0420498613519347e-01	   3.1361460552046722e-01	   3.2894463485475778e-01	   2.9151554461850782e-01	   7.5656247311512126e-01	   8.4038382630393771e-01	   6.5381885995765798e-01	   8.8334396587290887e-01	   5.1633716727701484e-01	   5.8668038937451727e-01	   2.8057772859967767e-01	   3.4296687869648634e-01	   1.3784523142555846e-01	   9.2036291932809794e-02	   1.1689672802387005e-01	  -1.8787201350063346e-02	   6.0004695325654156e-01	   5.7115399642186104e-01	   7.5252459747111333e-01	   8.2547859257736300e-01	   4.2888799014726653e-01	   4.9814618249296394e-01	   5.5642552528770817e-01	   4.2172173674894120e-01	   5.2601166893246731e-01	   6.3968239507843350e-01	   4.9519351906158338e-01	   5.4576616577020987e-01	   3.1837023051297292e-01	   3.7614613975958916e-01	   3.0221847772547099e-02	  -2.9011605413580971e-02	   2.3299808120844184e-01	   2.9793048504243302e-01	   4.8720973953227814e-01	   6.9366145547839031e-01	   3.8232725445497262e-01	   4.0654461971390493e-01	   8.6677623457150610e-01	   8.8573184612097378e-01	   7.9522465897865058e-01	   7.1999232840530691e-01	   1.2016667520216694e-03	   5.8040713808446678e-02	   5.1920278110839013e-01	   8.0855204390576307e-01	   3.5936476780219984e-01	   2.7139207250853603e-01	   3.9447956371720760e-01	   3.4408602545539391e-01	   3.2888315250465666e-01	   5.5070167338807663e-01	  -8.9042012633093776e-02	   4.6619844760175813e-03	   2.5632320157800326e-01	   2.7107102356877000e-01	   4.1181705191201290e-01	   4.1386033781233134e-01	   6.1539961878562977e-01	   8.1653619329673832e-01	   2.4899035466567948e-01	   5.0359742044570799e-01	   6.1132227703866060e-01	   8.3158012149079752e-01	   5.3546343383312012e-01	   5.3219031423435137e-01	   5.0488581322052895e-01	   3.8730162656025596e-01	  -1.6161618510620632e-01	  -1.7275151372397218e-01	   2.0631966315270533e-01	   1.8542573662004144e-01	   3.5794831408170302e-01	   3.9319523417486119e-01	   5.0585419561777945e-01	   3.9932093230495075e-01	   3.7824034994832362e-01	   4.4338216352842746e-01	   2.1130977528607897e-01	   1.6254802785588493e-01	   3.1370879277331343e-01	   1.3334475684907776e-01	   4.3889229942024743e-01	   1.7864791956882015e-01	   3.7828821717103639e-01	   3.5176485130624535e-01	   3.4729822288214013e-01	   2.1204334297940419e-01	   3.6829480216326302e-02	  -7.3230007861645380e-02	
   6.5144539898215803e-01	   2.2451597025948444e-01	   9.9150606752250470e-01	   8.6696872122137125e-01	   0.0000000000000000e+00	   1.4103731146864180e+00	   1.4024685247894502e+00	   1.0533328434594897e+00	   1.1172950981656100e+00	   1.0498394191787583e+00	   5.2726179589394662e-01	   6.6574676091208707e-01	   7.9033204805231960e-01	   7.1501854015295940e-01	   6.4329133871962929e-01	   6.2674032381113731e-01	   2.4695962508959940e-01	   2.0048671911176480e-01	   4.6213229682457646e-01	   3.1553676028572697e-01	   5.4069867915243952e-01	   5.7182508271328336e-01	   4.9034246737405862e-01	   6.0324594012048260e-01	   5.6027422423425011e-01	   6.5816521192055821e-01	   3.9872818605154148e-01	   5.1899169311558391e-01	   2.5887981936545312e-01	   1.8134775037644893e-01	   3.7708366113396974e-01	   3.2816211430049808e-01	   6.0874922056919589e-01	   6.3411631153852033e-01	   4.1884170850245506e-01	   4.5428921688107549e-01	   3.0903218962272783e-01	   3.2084990815368741e-01	   2.0387585379207732e-01	   3.9478612929563957e-02	   1.8109896941699338e-01	   9.2916029344747283e-02	   4.8837617444817527e-01	   4.1982273853906693e-01	   6.5421775785504166e-01	   7.2159494751681674e-01	   4.1929232299460995e-01	   4.2349866464825303e-01	   5.7509500149173509e-01	   5.3593828699725732e-01	   5.7137467917812002e-01	   6.8336591338582253e-01	   6.3117871202852094e-01	   5.0926035604596664e-01	   3.7164127956945986e-01	   3.4853028147680148e-01	   1.0604619025756019e-01	   1.1026178824219027e-02	   4.7828481365495040e-01	   4.2401496061962052e-01	   8.1759715418957346e-01	   8.2542105955990475e-01	   4.9039252597627586e-01	   4.5015830706819376e-01	   9.7693496847272332e-01	   7.5742473530339860e-01	   8.3243851386365186e-01	   7.7555561827545050e-01	   2.1979568531807089e-01	   1.8190877307334494e-01	   5.2227646774728087e-01	   6.5212643450197638e-01	   3.8627184609447995e-01	   2.8661317796911795e-01	   5.3197397268044222e-01	   4.3919863001931392e-01	   4.7489727072425164e-01	   6.5661785746868573e-01	   8.3424841955236743e-03	   8.1087370492755814e-02	   3.0944091256288969e-01	   2.8632880786093767e-01	   2.5470068798479761e-01	   1.9621945787038483e-01	   4.7722467771232635e-01	   5.7184617587022435e-01	   7.3785347965386480e-02	   3.9005826191995295e-02	   7.2764240339737096e-01	   8.6165477628189058e-01	   6.9918366536655630e-01	   8.3998078756482419e-01	   4.9761264639928715e-01	   5.7297603018665177e-01	  -1.9094539435821037e-01	  -2.9497327008287422e-01	   2.0760666043266607e-01	   1.2040909901174628e-01	   4.1393214502185749e-01	   4.4391425539224105e-01	   5.9208016032152733e-01	   6.4320745878415619e-01	   5.1701579578736090e-01	   6.2258693697800349e-01	   1.3294874542248405e-01	   1.5263258396632509e-01	   3.7668136442559691e-01	   2.4550879522139640e-01	   3.0150695324810495e-01	   3.5780342755497900e-02	   3.2248898655781522e-01	   4.2356830408978963e-01	   4.2704266978263006e-01	   1.8006351549736002e-01	   1.1382657622164219e-01	   1.3192726711352584e-01	
   5.0017323707230199e-01	   7.8564652285748951e-02	   7.1233451730126718e-01	   9.3795140493749796e-01	   1.4103731146864180e+00	   0.0000000000000000e+00	   9.4119756637940777e-01	   1.1625309420721679e+00	   8.9842987826579901e-01	   1.1190064817427214e+00	   3.3744764535182753e-01	   5.2513259390845202e-01	   5.0888952989961334e-01	   5.0895459479774607e-01	   4.0250781798062207e-01	   4.8993894545824196e-01	   9.8644189072163518e-02	   3.9762144138468208e-02	   1.9516663970459683e-01	   8.4724993415978819e-02	   4.6247585302192051e-01	   5.4378670486325509e-01	   3.4749089806615208e-01	   6.4276146505723353e-01	   5.6244443344297834e-01	   8.2033636779603936e-01	   4.3915370932992531e-01	   6.2312700412867239e-01	   8.2827043735969594e-02	   1.3205647161936932e-02	   2.7383513200949255e-01	   2.8839259263699130e-01	   4.0296267222600124e-01	   5.1868438680343587e-01	   5.0501679919449738e-01	   6.0045358850158359e-01	   2.0478354200072460e-01	   2.0658067826368273e-01	   1.2073133122332082e-01	   1.9917721329578662e-02	   4.3649251165857092e-02	  -3.0025492582029540e-02	   4.7822037833780423e-01	   3.9423892105386732e-01	   6.1233132739792040e-01	   7.2249703705770174e-01	   4.1723648699173344e-01	   4.1327145400292764e-01	   4.3335530708306907e-01	   4.1905852642152908e-01	   5.9971347160939792e-01	   7.3054652223834149e-01	   5.4505588142428074e-01	   3.8865032661431453e-01	   3.2883724910965867e-01	   2.5923576340041515e-01	   6.6846117393341897e-02	  -1.0653196373155413e-01	   4.0469304018793834e-01	   3.6388117254314017e-01	   6.3887926117516325e-01	   7.7484169145255755e-01	   3.1531527346854865e-01	   2.7778115848689505e-01	   9.9835045741259254e-01	   1.1521516284036162e+00	   7.8914562536922406e-01	   8.2788852053441586e-01	   7.7527737706668071e-02	   1.3777990242777924e-01	   3.3048527368982172e-01	   5.7278872395070446e-01	   2.0278545891761948e-01	   1.4978726997209302e-01	   2.9650642946367101e-01	   2.5773449992846686e-01	   2.4548923363248018e-01	   4.5526495737101347e-01	  -5.9105424132817615e-02	  -5.3088500844560738e-02	   1.4036456801658001e-01	   1.1498276887750747e-01	   9.3339516336472472e-02	   2.2924433509434881e-02	   3.5463524663630258e-01	   5.6395053614610180e-01	   9.7297338301270256e-02	   9.8804397222272120e-02	   6.6252271530610918e-01	   8.2073725576793966e-01	   6.5273930957638338e-01	   6.2923864489017456e-01	   4.9138961805620807e-01	   3.9559364004549008e-01	  -1.8680858001885781e-01	  -2.6798734737777674e-01	   2.1916389161591140e-01	   9.5449351340329475e-02	   3.3936908802457133e-01	   3.2041162778550097e-01	   5.9504106658050926e-01	   5.0992851750217238e-01	   5.0767874173024730e-01	   5.1034260020118327e-01	   1.7550227114371994e-01	   7.6759969364899039e-02	   4.0890015557190795e-01	   1.9928853695454560e-01	   2.5623689685415568e-01	   2.8378898594360154e-02	   3.1578772731078608e-01	   3.3783041515407580e-01	   3.4962204371134570e-01	   1.3718779225839572e-01	   6.8705552907990131e-02	   6.1689975608521339e-02	
   8.1358689713767285e-01	   4.4809068653197487e-01	   9.8243563095487052e-01	   9.2022948181460540e-01	   1.4024685247894502e+00	   9.4119756637940777e-01	   0.0000000000000000e+00	   1.2688446198294980e+00	   7.9654468121532807e-01	   9.1654185233991892e-01	   7.3034487222845956e-01	   9.1058242132820300e-01	   1.1014342219998290e+00	   9.6016667182564874e-01	   8.1448497139413878e-01	   7.6003916706563068e-01	   3.9110903317483781e-01	   3.1172046827140365e-01	   5.2224452031219548e-01	   4.3189824233201113e-01	   4.5322171680077972e-01	   4.5452808158043290e-01	   3.9898445077022687e-01	   4.9356983919102926e-01	   3.6830727806555158e-01	   4.5271519890070688e-01	   1.8036566542807622e-01	   2.7055208700672040e-01	   4.2432278383952621e-01	   3.0470816308495097e-01	   4.3840431762313886e-01	   3.8360580047201931e-01	   8.1066235227352335e-01	   8.5445928896947643e-01	   2.7619107625965178e-01	   2.9458835407432160e-01	   3.6537639598626254e-01	   3.2058122385880294e-01	   2.1041656958472041e-01	   1.5360211485970748e-02	   1.7528646788045349e-01	   1.0606447396873274e-01	   4.4998432488730639e-01	   4.6138365911383850e-01	   6.8343460891983221e-01	   7.8384717965545148e-01	   3.9281376358285414e-01	   3.9419916985311915e-01	   6.5615013679285350e-01	   6.0737288615796226e-01	   4.6406033834683746e-01	   5.9493218153274030e-01	   6.1605771702074474e-01	   5.5939849664120045e-01	   4.3291908984075161e-01	   4.4909525537310335e-01	   1.6440108052812949e-01	   1.5675452026063452e-01	   5.3656618795553879e-01	   5.3690104626474944e-01	   1.0030060353737649e+00	   9.8641092035474365e-01	   6.9569089846560950e-01	   6.8105017390948619e-01	   7.9200875441049035e-01	   5.9944264654064383e-01	   7.7372208948255006e-01	   6.8982132598547807e-01	   2.1501327839663950e-01	   1.8246487477590978e-01	   4.2432331708369186e-01	   6.0203318766318370e-01	   5.0065626753241477e-01	   3.7862604620038026e-01	   6.0844205906463167e-01	   5.0565238233657062e-01	   4.7119624237057262e-01	   6.7907857744266531e-01	   3.1997897801327765e-02	   1.1641176146633087e-01	   4.7202361973678436e-01	   4.2691478130573390e-01	   3.4239491180580289e-01	   3.6498685689094745e-01	   5.7586936100507324e-01	   5.8819715782714566e-01	   1.1100838511756787e-01	   1.0422950598657330e-01	   7.3707546727474160e-01	   9.1932507355319348e-01	   5.8527475475127577e-01	   7.8067042918519336e-01	   4.9578173828687905e-01	   5.3818235952251503e-01	  -5.3234274898922615e-02	  -1.6732882958133621e-01	   2.6448489986001050e-01	   2.2545407664660982e-01	   4.8617732599108077e-01	   5.6887928294051426e-01	   7.0089100435751028e-01	   5.7495660905182933e-01	   5.9792791995741157e-01	   6.3375573734346091e-01	   1.5609436846004995e-01	   1.7491500119352579e-01	   4.8289969700358421e-01	   3.1909367680181777e-01	   4.2493147537348674e-01	   1.4234352691822993e-01	   2.4950975010170168e-01	   4.3139655077886357e-01	   5.0610275641618230e-01	   2.8457354584728345e-01	   1.5744973406721627e-01	   1.2965553584465617e-01	
   5.2657998513114179e-01	   2.6508044284634680e-01	   6.2592506205878284e-01	   1.2260093632311018e+00	   1.0533328434594897e+00	   1.1625309420721679e+00	   1.2688446198294980e+00	   0.0000000000000000e+00	   6.4475346919714516e-01	   1.0485932778198277e+00	   4.4180729106968736e-01	   8.3142114707632064e-01	   7.2505079782579951e-01	   8.0546406073356869e-01	   5.5615902264620920e-01	   6.6953100931993292e-01	   2.1258382087038052e-01	   1.4526850547735329e-01	   2.0604290113527382e-01	   2.0061284614353611e-01	   3.9627298785317661e-01	   4.3823337666883133e-01	   2.6575336269518113e-01	   6.1591928270128993e-01	   3.6449705009853367e-01	   6.5107106840821061e-01	   9.9006885712929871e-02	   2.3088450346052922e-01	   2.8954828040922209e-01	   2.0021404029426451e-01	   4.2181922399932964e-01	   4.6747920271954480e-01	   5.5686380865596274e-01	   7.8998356467569963e-01	   3.4566101605875438e-01	   4.5562735271892441e-01	   2.2304870366926444e-01	   2.2682365549322808e-01	   9.5950579016463047e-02	  -3.9939196133436557e-02	  -7.9794190312112382e-03	  -5.0734273058408975e-02	   4.6972909078339264e-01	   4.7831077798897625e-01	   7.6611384155116524e-01	   9.6108824154701200e-01	   3.8370022413197935e-01	   3.8308913888034046e-01	   5.2551195369764148e-01	   4.5953587413850389e-01	   4.5421526932043543e-01	   5.7738415755216643e-01	   5.2010471277123260e-01	   4.2909350635855636e-01	   3.3808943718625278e-01	   3.5288509915801880e-01	   4.2577381390976554e-02	  -3.8932008408114935e-02	   4.0143776443327489e-01	   4.7049070110187496e-01	   7.4786241418999932e-01	   1.1069886716657868e+00	   4.8161923419482600e-01	   5.1944114583212386e-01	   7.7121828605963028e-01	   9.9481334022607715e-01	   7.7916064413380304e-01	   8.6646096138400686e-01	  -1.6471929857841607e-03	   7.3998239319164688e-02	   2.9074628896733834e-01	   5.8579343478770252e-01	   3.2687154252500039e-01	   2.5991631608332222e-01	   3.7690073300874777e-01	   3.4121303696555355e-01	   2.5269414716147864e-01	   5.7330471446897990e-01	  -6.3912481533799970e-02	  -3.4298228373353792e-02	   2.9742313100807094e-01	   2.6678680342162187e-01	   1.7485898738734357e-01	   2.6116799791051759e-01	   4.4780236615515884e-01	   6.1009425588843713e-01	   1.1483866687352738e-01	   2.3796110050924388e-01	   5.7438130508458807e-01	   8.5179954313739825e-01	   5.6800094328853734e-01	   5.3580736576945376e-01	   4.8817625245388968e-01	   2.9348185823158102e-01	  -1.8574408833753338e-02	  -1.4766131992711701e-01	   2.4436765978591629e-01	   1.7796573854925124e-01	   3.8393398562866082e-01	   4.3298450318129372e-01	   6.2807020712921202e-01	   3.3439551171089038e-01	   4.6889248625674868e-01	   4.4409377482172263e-01	   1.3951622326037305e-01	   5.0494434231772641e-02	   4.8896527011474999e-01	   2.3966874614548050e-01	   5.2493468559010614e-01	   2.0990797115273199e-01	   2.6597355315184679e-01	   3.2653488640175965e-01	   4.0079398798845256e-01	   2.5685079674310474e-01	   1.2750125280567365e-01	   4.6925630501191223e-02	
   4.4418930884619079e-01	   1.5281585300020992e-01	   6.4368064738360964e-01	   5.4974959535249779e-01	   1.1172950981656100e+00	   8.9842987826579901e-01	   7.9654468121532807e-01	   6.4475346919714516e-01	   0.0000000000000000e+00	   1.1689917526800189e+00	   3.1208429173767144e-01	   4.4202312309975039e-01	   4.5373793665943801e-01	   3.7261331558410460e-01	   2.7467513261868065e-01	   3.2616216585707170e-01	   2.1712389123317782e-01	   2.3321735212783962e-01	   3.2020924185604382e-01	   2.8012605017275904e-01	   3.1200102666117285e-01	   3.5847326547065156e-01	   3.1238214560741651e-01	   4.2593575807292816e-01	   3.3032835771808344e-01	   4.0329671931592392e-01	   2.0928334781047761e-01	   3.1825561859936813e-01	   2.1029728000355061e-01	   1.4791566575138299e-01	   2.5368104069397857e-01	   2.4541503427376482e-01	   5.2510346732741586e-01	   5.6273416477811411e-01	   3.4283425745175500e-01	   3.7861913519229051e-01	   1.1122571318102571e-01	   9.4590778048164459e-02	  -1.8562643112220219e-02	  -1.4351938677952192e-01	   1.0161171097061340e-01	  -1.1624393645710782e-01	   3.9301783830977022e-01	   3.3132712497595640e-01	   4.6723762969148541e-01	   5.4903666222127945e-01	   2.6765869458814284e-01	   2.5015692901090936e-01	   5.2765242358846320e-01	   4.4989234342422979e-01	   4.1822130895170523e-01	   5.9848101731744652e-01	   3.6072354457936279e-01	   3.6764257092690555e-01	   1.5163234107758411e-01	   1.4572283227290048e-01	   1.4828351868531930e-01	   1.7019092740897915e-02	   3.9294323662927005e-01	   2.2299946357646264e-01	   4.6908303717013544e-01	   4.8443041303734069e-01	   3.3383589719612788e-01	   2.9207878228124790e-01	   7.0034964211378259e-01	   5.8951964840796267e-01	   6.4894191968680537e-01	   6.1753187295088130e-01	   1.6088038589375958e-01	   1.7048369748895745e-01	   4.3350938620973972e-01	   4.7259271582098222e-01	   3.3843671061844405e-01	   2.8102299191457314e-01	   3.9677256791927906e-01	   3.8258679804319290e-01	   4.4265279457765727e-01	   5.4629993146873967e-01	   9.2501703383089634e-02	   1.0779173066262913e-01	   2.0061616182793582e-01	   2.2950808939655895e-01	  -1.0139095670107479e-02	  -7.3627394399366788e-02	   3.2745779863830343e-01	   4.2535397053129520e-01	  -2.8293011628029563e-01	  -2.7647351149185068e-01	   3.1884979069517233e-01	   4.3660539085643107e-01	   3.6954572407691438e-01	   4.9861702469095659e-01	   2.1286376368449114e-01	   3.7398563908028182e-01	  -2.0721179612591384e-01	  -2.3041131126692727e-01	   7.9754280162581279e-02	   9.0218379005297236e-02	   2.9105460488098978e-01	   2.6063622628858635e-01	   3.0627342480395658e-01	   3.7842774309702221e-01	   3.1332513799427419e-01	   2.7854196958203692e-01	   1.5848630605788375e-01	   1.3309675288112768e-01	   1.7154424115108538e-01	   3.1378931875639740e-02	   3.3115734225405385e-01	   2.2257632629065788e-02	   2.1602888709046966e-01	   3.2674446646161520e-01	   2.3640262368075202e-01	   1.1474839437259060e-01	   7.7396012934452307e-02	   8.8837850575306049e-02	
   4.5693108823874290e-01	   1.9283273025245468e-01	   5.3325646777392754e-01	   7.8652496327663712e-01	   1.0498394191787583e+00	   1.1190064817427214e+00	   9.1654185233991892e-01	   1.0485932778198277e+00	   1.1689917526800189e+00	   0.0000000000000000e+00	   3.7220580876800607e-01	   5.8578147667437008e-01	   5.2528738668426944e-01	   5.3806342984645106e-01	   3.7113425695815550e-01	   5.2777820604145753e-01	   2.9678797447756494e-01	   2.5570472186419269e-01	   1.5024529267841738e-01	   1.5951211661142486e-01	   2.8901064268192472e-01	   3.7168329130729577e-01	   1.7799720689875315e-01	   4.4300958368565624e-01	   2.0599839788176341e-01	   4.1196428513697192e-01	   6.1260554830065414e-02	   2.0595522136397593e-01	   2.8382028435492812e-01	   1.9867928086049569e-01	   3.2119103553960637e-01	   3.2976475128270266e-01	   4.7645613337105747e-01	   6.0500227954877250e-01	   1.7582765951315002e-01	   2.5376632408510558e-01	   8.8801715286404834e-02	   8.9931723869625557e-02	  -2.7164718412537567e-04	  -1.4331265590918818e-01	  -1.4031929987274748e-02	  -1.4639635200301268e-01	   3.6411768808703437e-01	   3.5160448820199336e-01	   5.0096393240124160e-01	   6.6441930956131123e-01	   2.9490056304716383e-01	   2.7074324215734719e-01	   5.6699198868984624e-01	   4.9901528336655987e-01	   3.7443921251310014e-01	   6.0399879128146827e-01	   4.8528419873730233e-01	   4.7145836866943108e-01	   2.0666260120600638e-01	   2.5195252244216115e-01	   1.5960527357135434e-01	   1.1007992750497969e-02	   4.0021096484652097e-01	   3.2444552524881509e-01	   6.0947169324654815e-01	   7.2065615344361766e-01	   4.5199857838047741e-01	   4.6167137921458434e-01	   6.0225324226321131e-01	   7.0371087036999980e-01	   5.3151859742572971e-01	   5.8619886205351956e-01	  -3.4310837829645349e-02	   2.9703498858940666e-03	   4.1322170096166233e-01	   6.1622682421640329e-01	   3.6146550822677614e-01	   3.1157753172402930e-01	   3.9345905529560177e-01	   4.1042834166123088e-01	   3.6837586045626985e-01	   5.6684154934113573e-01	   6.7436866727456024e-02	   5.0772370241045819e-02	   2.6135750028462224e-01	   2.5628212953605001e-01	   3.9587330878834787e-02	   5.0870761504731569e-02	   2.9991812125029227e-01	   4.0361028189729692e-01	  -1.5208203269346249e-01	  -1.2475615114998585e-01	   3.7253452511997170e-01	   5.9490261171143510e-01	   3.9324374584764527e-01	   4.3673529420386897e-01	   3.1248345717843512e-01	   2.5014864828106204e-01	  -1.2371490279842873e-01	  -2.6700548067296748e-01	   1.0396623355454934e-01	   8.2107927623023630e-02	   3.5149894016178362e-01	   3.2947735601110650e-01	   4.0274448221105352e-01	   2.5341235981879978e-01	   3.2057883545227467e-01	   2.9234934676753516e-01	   1.2352142239703677e-01	   3.9886790464842753e-02	   2.6386578524066001e-01	   1.1640100396503977e-01	   3.8843010054614907e-01	   9.5822916419289583e-02	   1.0699695298920038e-01	   2.6483275112518539e-01	   2.7634947476280219e-01	   9.3215680502848633e-02	   6.2754059100143478e-02	   1.9177283861624930e-01	
   1.2178106184948239e+00	   9.3739347237246795e-01	   6.7228251209078049e-01	   3.7031594648439187e-01	   5.2726179589394662e-01	   3.3744764535182753e-01	   7.3034487222845956e-01	   4.4180729106968736e-01	   3.1208429173767144e-01	   3.7220580876800607e-01	   0.0000000000000000e+00	   1.1225211341642034e+00	   1.5383955406660945e+00	   1.1263644672250708e+00	   1.1407898444512006e+00	   1.0029400229734273e+00	   7.7531952042520902e-01	   7.5320130528636009e-01	   5.0131551925676932e-01	   3.7785719743801394e-01	   6.5205251062689151e-01	   6.4967832442899009e-01	   3.7430499383902627e-01	   2.8639038707604847e-01	   3.4426829860662128e-01	   2.4363310785077102e-01	   4.0096824716880441e-01	   3.8242829605521839e-01	   6.3374850881601763e-01	   6.2726900568067956e-01	   3.9174705431586043e-01	   3.2547849660633965e-01	   8.0700269317181517e-01	   6.3247354925181387e-01	   1.0577006109273837e-01	  -2.8154853793685559e-02	   7.7554341222155831e-01	   6.3654471640486299e-01	   5.6655811781591403e-01	   2.8510598382726843e-01	   3.9920570958201884e-01	   4.1194603001017216e-01	   4.2971512868598599e-01	   4.9812496686297658e-01	   3.5475465799981126e-01	   3.7803174411937962e-01	   4.1010911973041453e-01	   4.2514356528629726e-01	   5.8313483495776619e-01	   6.8317676641312630e-01	   4.4216145908833543e-01	   5.0653194599092299e-01	   6.4410443502118175e-01	   7.3885568796002876e-01	   8.8303546022097323e-01	   9.3865064323466341e-01	   6.3587541452390228e-01	   7.0561287151030816e-01	   5.6358688192523232e-01	   5.7247580527638409e-01	   9.6941691314606560e-01	   5.4714367129742825e-01	   7.1436043336670330e-01	   7.0552424370193279e-01	   5.1744983490583563e-01	   1.4539322839344485e-01	   2.9746311290644389e-01	   1.1390804198045416e-01	   1.5526634171459913e-01	   4.5836747676782037e-02	   6.6963568672728802e-01	   6.9143937606274264e-01	   1.0093372807006757e+00	   9.8077993424966237e-01	   1.1112035076426092e+00	   1.0098254989695739e+00	   8.5259988990424951e-01	   7.5435749771954885e-01	   4.5673644895421517e-01	   5.4662497871175209e-01	   6.6181627721114988e-01	   7.9463929460623861e-01	   6.9875700478819713e-01	   6.1007969043245658e-01	   7.3328224476007853e-01	   6.0702963917059294e-01	   3.4089950148914577e-01	   2.1414133829855525e-01	   9.2872824263534171e-01	   9.5262377300182255e-01	   2.4156598154180459e-01	   4.4332614186238262e-01	   1.1135513122407446e-01	   5.1384821081158349e-01	   2.0771153452563451e-01	  -7.3977830815056336e-02	   4.9197268133743988e-01	   4.6310040136823105e-01	   8.1210390304243574e-01	   8.7423338168778142e-01	   5.1756006125425380e-01	   6.7956617070314518e-01	   5.9626230794230306e-01	   7.5858805656306916e-01	   4.1221519261685058e-01	   5.6382151431733596e-01	   3.8229727977090378e-01	   5.0743950451839992e-01	   3.4547583706602480e-01	   3.9330255820062798e-01	   3.1145152306724344e-01	   4.6510323851253843e-01	   6.1201975418058507e-01	   6.3025099966519904e-01	   3.4370288452682723e-01	   3.0801129714232511e-01	
   1.0950626676882542e+00	   9.4031432129554615e-01	   6.7908204313607834e-01	   6.5941774615451543e-01	   6.6574676091208707e-01	   5.2513259390845202e-01	   9.1058242132820300e-01	   8.3142114707632064e-01	   4.4202312309975039e-01	   5.8578147667437008e-01	   1.1225211341642034e+00	   0.0000000000000000e+00	   1.2314170813527676e+00	   1.3436681900988945e+00	   8.4776071179678980e-01	   1.2083502720854775e+00	   6.2979194537989835e-01	   6.5843123718016328e-01	   4.8355606353590508e-01	   4.5343488367137202e-01	   5.5666804912813905e-01	   5.7627947495139631e-01	   3.5102788357279008e-01	   5.0387459115889777e-01	   4.2256794769647582e-01	   4.7180387855556483e-01	   2.7415308474319167e-01	   2.9646925071464969e-01	   6.3478078287818873e-01	   6.2945319562866420e-01	   4.6843642335173136e-01	   4.8326707026046251e-01	   9.1139201545704773e-01	   9.5138055511009700e-01	   3.2273145481260734e-01	   2.9303630815729653e-01	   6.7973856048191250e-01	   5.6832700830567995e-01	   3.4725849345396581e-01	   1.1116876950820236e-01	   3.6742903248879821e-01	   2.7788488438647180e-01	   7.3287842131667946e-01	   7.9878289226859944e-01	   7.3956265143921696e-01	   8.4714137686165492e-01	   6.6577425843602211e-01	   6.6712880834402266e-01	   8.5324774278486770e-01	   7.5835777834427265e-01	   7.2704628742407806e-01	   6.7916701806177981e-01	   8.2143033066446747e-01	   5.5840254313378668e-01	   8.2704150814952948e-01	   7.9224372721645486e-01	   5.6012997931598796e-01	   4.7911239944518186e-01	   6.6716670578223802e-01	   6.7282033279350772e-01	   8.8510607942886799e-01	   7.7983674751339738e-01	   6.6087396916747498e-01	   7.3125132146109773e-01	   5.7298986479880920e-01	   4.8559896101927735e-01	   6.5387347220622649e-01	   5.0482491207701874e-01	   1.4652375067369769e-01	   9.4349816949711729e-02	   5.8273822868107139e-01	   7.7829313362199670e-01	   9.6061040525711860e-01	   9.0361468260839939e-01	   1.0434704560186097e+00	   1.0469450696586884e+00	   7.9799522183099092e-01	   1.0841507912188451e+00	   4.1658264412428286e-01	   4.5946073382741409e-01	   6.8559880916957394e-01	   8.3606439969190205e-01	   5.2926695001415192e-01	   7.0322780204910762e-01	   8.3905309117159832e-01	   9.1788851818596739e-01	   2.0718426925011235e-01	   3.6656603453130288e-01	   7.6803993565288387e-01	   9.7166809740123705e-01	   4.7681093167027561e-01	   5.0680417394845934e-01	   2.9150085012393678e-01	   4.0800222025467175e-01	   1.8594238643890482e-01	  -5.2620012852046420e-02	   5.7656513990621461e-01	   5.6212099427059248e-01	   9.3402327498003956e-01	   9.1712044468083032e-01	   6.5968181781439716e-01	   5.6020781250502705e-01	   6.7124452287199454e-01	   7.9273210170849617e-01	   4.7552331230427081e-01	   5.3592455707983322e-01	   5.3382543583139319e-01	   5.0091899642089011e-01	   5.3345202869128405e-01	   4.5666020909716504e-01	   5.3095043508185635e-01	   5.9321805144036688e-01	   7.3699627143644375e-01	   6.7136196129407022e-01	   3.7674077126082084e-01	   2.0163072390223558e-01	
   1.1425702260650266e+00	   7.6972973558777769e-01	   6.5981606344098076e-01	   4.6650520929213551e-01	   7.9033204805231960e-01	   5.0888952989961334e-01	   1.1014342219998290e+00	   7.2505079782579951e-01	   4.5373793665943801e-01	   5.2528738668426944e-01	   1.5383955406660945e+00	   1.2314170813527676e+00	   0.0000000000000000e+00	   1.4476639914385141e+00	   1.1433809190268256e+00	   9.7113784266120484e-01	   6.7202070439811934e-01	   6.3549581817681611e-01	   5.2523781561751648e-01	   4.0271449137932591e-01	   5.2287797431248906e-01	   5.5893425378641370e-01	   2.9704292645890451e-01	   2.6854837052241409e-01	   2.8398747800880719e-01	   2.7924579078667799e-01	   2.6232723257497226e-01	   2.9816489453230155e-01	   6.0051705152963142e-01	   5.1776118381850122e-01	   3.8160995984526935e-01	   2.9971884179016356e-01	   7.8301705205953476e-01	   6.7623315925465399e-01	   7.6524068292110531e-02	   1.9401085617348598e-02	   5.6019641810312393e-01	   4.6602322989799627e-01	   4.3220912500299874e-01	   1.3834602526844647e-01	   2.7733971651971745e-01	   2.9239050299122282e-01	   3.7980474968390199e-01	   4.4117393179623909e-01	   4.5859183003475074e-01	   5.1840354214624940e-01	   3.6124089373832302e-01	   3.6309083829265715e-01	   5.8201588212138766e-01	   6.3251154185621516e-01	   4.1282193371470721e-01	   4.8549861407112310e-01	   6.7743362253072281e-01	   6.6118359802082760e-01	   7.3688414005771996e-01	   7.7005562451559884e-01	   4.3418022101174159e-01	   4.6971549203069041e-01	   6.5888011928321977e-01	   6.6229015015175530e-01	   1.1861346783798317e+00	   8.3535393488679588e-01	   7.8499875323552737e-01	   8.0426441311354380e-01	   5.8197617722949258e-01	   2.8261890658380845e-01	   4.4244640422585135e-01	   3.2014007855313781e-01	   1.8177412790443867e-01	   8.2893926457179523e-02	   5.2574938788259507e-01	   6.1201154404582370e-01	   8.2185382328023160e-01	   7.5108311318455201e-01	   9.5116629118535201e-01	   8.3691933350389403e-01	   6.7419095793488915e-01	   7.2601412786211394e-01	   2.9992557429049099e-01	   3.8398981717078229e-01	   6.7246424693413331e-01	   6.9888215756149197e-01	   5.5169924998142550e-01	   5.6029661027785649e-01	   6.9092316433809642e-01	   5.8391884716797227e-01	   2.3981228599433496e-01	   1.5613286658215500e-01	   8.7197633924560058e-01	   9.8670158757510240e-01	   3.5813112145428100e-01	   5.7209683831131120e-01	   2.0259780750586717e-01	   5.2527974206209516e-01	   1.7009602423454118e-01	  -8.9102767311889389e-02	   4.1321216787818699e-01	   3.8749756646197769e-01	   7.0375349659737763e-01	   8.3137628894598192e-01	   5.8508083095816421e-01	   6.4616277142019607e-01	   6.1838641617762746e-01	   7.5846079651294729e-01	   2.9018135910632320e-01	   3.8496023146475861e-01	   5.1334330038349774e-01	   5.3818010901721636e-01	   3.7786796468032507e-01	   3.1552535591209757e-01	   2.4268101161200670e-01	   4.3339174832981320e-01	   6.1072900225363191e-01	   5.6324501048047293e-01	   3.3996529400478465e-01	   3.2188664472951800e-01	
