   0.0000000000000000e+00	   1.1973099301133514e+00	   5.8306511670292716e-01	   7.2238036115934923e-01	   3.5048658728046039e-01	   4.0318094663109333e-01	   7.4636163180981507e-01	   8.9008145571796615e-01	   2.7338666611183182e-01	   4.2048663920030843e-01	   1.0710112758023158e+00	   1.0747606219153611e+00	   9.7101870659680345e-01	   9.6185564068091756e-01	   7.2455101518424703e-01	   7.0644707622971836e-01	   1.2343880901246513e+00	   1.1001651663668266e+00	   8.4815148708995713e-01	   8.3809410275765450e-01	   2.2156867921313238e-02	   2.7118296176493872e-01	   4.2650894466869654e-01	   3.8595849038049901e-01	   3.8239797110333595e-01	   3.8394515049747235e-01	   3.8507909787483940e-01	   3.5633618085260405e-01	   7.3908480634017903e-01	   5.9766237185687376e-01	   4.6535946609910217e-01	   5.2387740817783990e-01	   9.8711937711057240e-01	   9.3866743165026234e-01	   4.0172351351132607e-01	   5.5313216634222062e-01	   5.5739730434384627e-01	   7.5386209328263132e-01	   3.8142281953103541e-01	   6.8956030425891657e-01	  -1.2252078220619650e-01	   3.8833495468855989e-01	   5.6966703420157139e-01	   5.6277362212605908e-01	   7.2001006305456328e-01	   7.4292752813534113e-01	   6.2314365799899329e-01	   8.5117562381519418e-01	   5.9973210553723444e-01	   8.6770989892285200e-01	   8.9162702999796273e-01	   9.2017470843498206e-01	   1.0113369882502428e+00	   8.5934300936083041e-01	   7.9535704958276299e-01	   1.0864790233959096e+00	   1.1844706846040673e+00	   1.0639758096561707e+00	   1.2684909027264255e+00	   1.1727775433420990e+00	   1.4344811526641250e+00	   7.2258029229962140e-01	   1.2110045277705233e+00	   1.0215219334370513e+00	   4.3630994375290694e-01	   4.2244474486160144e-01	   7.2933381135126363e-01	   8.4103241552814600e-01	   6.8970603762961535e-01	   9.4892831336304084e-01	   6.9190951412333845e-01	   8.6311370558946066e-01	   1.0562435502417751e+00	   1.0101657664350825e+00	   1.0368031795173918e+00	   1.0909147999804458e+00	   1.2007085865806837e+00	   1.0202156991606641e+00	   4.5392661158612418e-01	   8.6583897675247790e-01	   8.6171821453941067e-01	   1.1449249128304981e+00	   6.9398583545773473e-01	   6.5199627584301645e-01	   8.4060641895933275e-01	   1.0749133643774302e+00	   6.2775317806390918e-01	   1.3943103492068915e-01	   9.1360129146945779e-01	   1.1321590767947542e+00	   9.6262164524548954e-01	   7.3860430791826559e-01	   2.2181320430753546e-01	   4.2226253407776637e-01	  -3.2165118586286640e-01	  -6.0881496359235721e-01	   1.0155086475207779e-01	  -1.1710586012523998e-01	   9.4333943416620236e-01	   9.7108612698046071e-01	   2.0217718219376227e-01	   3.2565874580487014e-01	   4.4671909430265844e-01	   5.1513690582792815e-01	  -6.7477986891433223e-02	   1.5987402625312724e-01	  -4.3002955633432184e-02	   4.7073188927755488e-01	   7.8202414619568200e-02	   7.3727916017887737e-02	   5.3085165832821757e-01	   6.7643234610435410e-01	   4.2484233044681735e-01	   2.6387065760245865e-01	   3.1687430397027280e-03	  -2.3751592322583603e-01	
   1.1973099301133514e+00	   0.0000000000000000e+00	   3.7072744574759864e-01	   6.8009650682444434e-01	   1.7214604104832398e-01	   2.7251726264346504e-01	   4.8294841313709241e-01	   7.1442007568624999e-01	   1.5941664625893753e-01	   3.0200792408106114e-01	   6.0566690368578380e-01	   8.7276260223543944e-01	   5.7624325668499476e-01	   6.8275237811902900e-01	   6.0341099702065926e-01	   7.0727244600075234e-01	   1.1023401576115157e+00	   1.2181912595929452e+00	   8.4583869976191017e-01	   1.0977833677183442e+00	  -9.6822500779118109e-02	   2.1030937144683481e-01	   2.4716509501898520e-01	   2.8750276044217121e-01	   2.4769861005904648e-01	   2.0992284571512451e-01	   4.1993811823303884e-01	   3.8024248310417647e-01	   6.2614505778400709e-01	   6.2441954850123405e-01	   3.7220036475116508e-01	   4.5978462301600737e-01	   8.6210858915894506e-01	   8.7974104653184959e-01	   3.1813459863590388e-01	   4.3717190494185432e-01	   6.2942301518752686e-01	   8.2552869047220345e-01	   3.9519818730695200e-01	   6.9934029392113073e-01	  -5.8475161172182828e-02	   2.3402194107150623e-01	   6.3029056103631753e-01	   6.9404800389767862e-01	   6.2292623824336946e-01	   7.0939818995720028e-01	   6.2152068025489027e-01	   7.5088438690594894e-01	   6.2518536808118019e-01	   8.6712790143073359e-01	   7.3690786239911887e-01	   8.7195875179853410e-01	   9.5606560829933274e-01	   6.9159051923693959e-01	   8.9401112867777599e-01	   1.1497302515736185e+00	   1.1365179153762446e+00	   1.0835333380785463e+00	   7.6122061842123978e-01	   8.5390591172909225e-01	   8.2330276131873759e-01	   6.6047317666366911e-01	   9.6515401902038889e-01	   1.1134176183442144e+00	   3.0178405142659548e-01	   3.4238942905576791e-01	   4.8167006687030328e-01	   6.2899999951491847e-01	   4.6327126269530683e-01	   7.7091350691750593e-01	   3.8657168798228475e-01	   6.9667417909652241e-01	   8.5027128067654867e-01	   9.6660005532822213e-01	   8.3917856030157867e-01	   1.0147204905923326e+00	   9.3378927308291604e-01	   9.5194422814972923e-01	   2.6109717036190433e-01	   8.7178140719419628e-01	   7.8432753007128775e-01	   1.1134511213871461e+00	   6.2843554422058256e-01	   7.1660687891990449e-01	   6.9989733717734770e-01	   9.4511659830129324e-01	   5.5799073463277649e-01	   3.2676278668500780e-01	   7.9175535971905942e-01	   8.1742707511838297e-01	   8.6221252625866662e-01	   4.6636070316191064e-01	   2.9022640809083639e-01	   2.4033109477424300e-01	  -2.3948615304191431e-01	  -4.7113862888907820e-01	   2.5034081938505287e-01	  -8.4660702118297109e-03	   1.0505424374830048e+00	   9.4891806445666749e-01	   3.7184767392371432e-01	   2.7905555030204476e-01	   5.1331522683570352e-01	   4.3449593324636793e-01	   2.1383520742647977e-02	   2.4018612172451986e-01	   1.5435244464415387e-02	   5.7846874725813091e-01	   4.7681615903264488e-02	   1.7802823854078473e-01	   5.7818738964345939e-01	   7.2935138173877256e-01	   6.2200424788452424e-01	   3.8603080622030334e-01	   1.5254223904199535e-01	  -7.1500718186492687e-02	
   5.8306511670292716e-01	   3.7072744574759864e-01	   0.0000000000000000e+00	   8.4406369545251292e-01	   9.6148117281601186e-01	   7.0672732856192233e-01	   1.4571107309665721e+00	   6.3399413243212077e-01	   6.0350335873685312e-01	   6.2015198203737876e-01	   8.4574841372267462e-01	   5.4128260467976141e-01	   6.6789162793588619e-01	   6.5464944207097120e-01	   6.0829874578623921e-01	   5.0731812035292634e-01	   5.0015040364413677e-01	   4.8321855791765611e-01	   5.9715684618244247e-01	   4.2215150634370557e-01	   3.5001467302541345e-01	   5.2949794692316487e-01	   1.4712519221419398e+00	   1.1570014424646746e+00	   1.0605648866847992e+00	   9.4386858533593776e-01	   7.1326845486371959e-01	   4.8703235207513679e-01	   5.7425586519014149e-01	   3.4666812044373396e-01	   9.2456122294576926e-01	   8.9889559790007145e-01	   7.2498644710183480e-01	   5.8986657459832825e-01	   6.8364312133436611e-01	   5.9718663312017306e-01	  -2.6563816824034185e-02	  -2.5279204573896420e-02	  -2.8128058667559763e-01	  -3.0669938684573708e-02	   8.0752341365675800e-02	   1.0446877583174689e-01	   2.2052327105343217e-01	   1.5953621740350976e-01	   3.6324792872097877e-01	   2.8212631187814807e-01	   1.1710345825043814e-01	   3.3495502093590873e-01	   2.3877272916393419e-01	   3.1562146642612920e-01	   6.3053708098776629e-01	   4.5275417144578928e-01	   4.2978151124222719e-01	   9.1486466898446861e-01	   1.4076578849717070e-01	   2.0863395358728881e-01	   4.1017258324688016e-01	   3.4682304480875875e-01	   3.3466675807041352e-01	   3.5848855172458005e-01	   4.4487531722840568e-01	   3.5404190998407858e-01	   4.0616708238310795e-01	   3.9900993308264276e-01	   8.1087480053571759e-01	   6.5080662858818006e-01	   7.3692323204968579e-01	   5.7781936653598753e-01	   6.8165767829561474e-01	   5.8661823552755477e-01	   1.0257877582711188e+00	   8.5478817804391205e-01	   4.8903102561178835e-01	   3.6240454236047598e-01	   5.0660067345881110e-01	   4.7256702994651889e-01	   5.3347115187436500e-01	   4.0576927651581751e-01	   5.2255729961103126e-01	   5.7982574243608176e-01	   4.9291102656076941e-01	   6.6873688167869938e-01	   9.9406513010554032e-01	   4.9895441607337759e-01	   7.5689737882393826e-01	   7.0862138201600755e-01	   6.8608735606945415e-01	  -1.0688255053996118e-01	   8.8984371342683932e-01	   6.9214890186681355e-01	   6.3973538590326984e-01	   6.7628559569446633e-01	   4.8168720468892146e-01	   6.7741352840074098e-01	  -2.1663731269214315e-01	  -3.2659643000378225e-01	  -8.7323398225178483e-02	  -4.4034115432117982e-01	   4.3970849210335983e-01	   3.1205558285613216e-01	   2.9192391403581874e-01	   2.9215371108309607e-01	   4.1409889946101214e-01	   4.1207755306647753e-01	   3.0266447637752863e-02	   8.9227347121833167e-02	  -2.3074623688961565e-01	  -8.2497800098602775e-02	  -3.6081954143191203e-01	  -2.5510374004630861e-02	   2.4148486380127226e-01	   3.1522979226640757e-01	   4.4326461809388096e-02	   2.4215672148581716e-01	   4.9303087615230355e-02	  -4.0632338139683316e-01	
   7.2238036115934923e-01	   6.8009650682444434e-01	   8.4406369545251292e-01	   0.0000000000000000e+00	   6.4001429011556932e-01	   8.3139989452285401e-01	   1.1189770195080513e+00	   1.4066428106040945e+00	   5.4881907509200323e-01	   8.6542256807541884e-01	   7.5318266253730082e-01	   1.0529113431347654e+00	   7.5036735450970560e-01	   9.3194214983415147e-01	   6.6880035851686115e-01	   7.5200781130260030e-01	   7.6949420506192423e-01	   7.2514717298859743e-01	   7.8049147078692171e-01	   8.6500309044885648e-01	   1.6970735365826675e-01	   5.5110271776153552e-01	   7.5764183549236308e-01	   1.2550914841401806e+00	   6.4846889382823070e-01	   7.3896093597707113e-01	   5.2169555537763623e-01	   4.4873272297354427e-01	   7.4169298111516124e-01	   7.0715333566204330e-01	   8.2061069171255185e-01	   1.0305299647397539e+00	   7.7838690222284834e-01	   8.8773098180351162e-01	   4.1199851246146252e-01	   4.9931575026771463e-01	   8.7281414702522542e-02	   1.9764222561547135e-01	  -8.8359769873937413e-02	   1.8657145541404424e-01	   1.8424578250767265e-01	   1.5182182851079495e-01	   3.3469450805446616e-01	   2.8764014630915768e-01	   4.3712096419137147e-01	   4.5652514483447998e-01	   3.3755445443014043e-01	   5.3632759235785199e-01	   4.2233420401297495e-01	   4.9989771470258215e-01	   7.3218738741163503e-01	   6.9563442841557976e-01	   5.7963120725764772e-01	   8.4961005810687551e-01	   3.6370023765953152e-01	   5.4802539638206016e-01	   5.6109856203606223e-01	   5.4459625098510855e-01	   5.4762620307322085e-01	   6.9601519317282978e-01	   5.4924569902934040e-01	   7.8979007401283996e-01	   6.5018829042140258e-01	   7.2246127225242174e-01	   5.1328839722817921e-01	   5.6439191433952951e-01	   6.5615584995323817e-01	   7.3540853546397456e-01	   6.2706556784349388e-01	   7.5485399567526157e-01	   6.3447944007942891e-01	   1.0862471829492639e+00	   6.8385678474533917e-01	   6.4740693257113302e-01	   6.9771536843141790e-01	   7.9363192485979017e-01	   4.5361645182216426e-01	   4.9741198854349572e-01	   3.8245048499614992e-01	   6.8071776615246948e-01	   6.8294281844918570e-01	   7.2533412753063076e-01	   8.2042512880905349e-01	   8.3282875308213766e-01	   6.8936771736512503e-01	   9.1128958401464111e-01	   6.3389523394924674e-01	   7.6023504511815929e-02	   8.1272630962389869e-01	   9.2486018889890587e-01	   7.9631879720441134e-01	   6.1288821182166109e-01	   5.4750104262210642e-01	   4.9560282977529568e-01	  -2.2402416579584333e-01	  -5.0292000564247130e-01	   7.9773844673756266e-03	  -2.6808464184482095e-01	   7.1920687047340381e-01	   4.6626718366482167e-01	   3.5555724541285666e-01	   2.3728904724150346e-01	   4.0037601645438248e-01	   3.8296052934741193e-01	  -1.1837573161355036e-02	   8.1484524811173173e-02	  -1.6465803901883969e-01	   1.6755964398745457e-01	  -2.1369198982460166e-01	   8.1471771636200362e-03	   2.4208340428489156e-01	   5.1928811309497214e-01	   3.3227134755826243e-01	   3.1275948191271952e-01	   4.3333429270408910e-02	  -3.2272141889760519e-01	
   3.5048658728046039e-01	   1.7214604104832398e-01	   9.6148117281601186e-01	   6.4001429011556932e-01	   0.0000000000000000e+00	   1.4224799489470479e+00	   7.6111171401866029e-01	   4.3723895210548963e-01	   1.4559331909996982e+00	   1.1034724325532475e+00	   5.2744318022920189e-01	   3.0451042677005313e-01	   3.5770341411537782e-01	   3.8098571619898902e-01	   1.5303822448502352e-01	  -2.4599047324693282e-02	   3.0173988895295600e-01	   2.6646065083813619e-01	   2.3820629355191472e-01	   2.1201783056164267e-01	   7.7096953377957056e-01	   9.3855714351992481e-01	   8.2417904686441468e-01	   7.4862625685015938e-01	   9.7815072241380852e-01	   1.2029556720717915e+00	   1.0151564922979979e+00	   9.2229128011425709e-01	   3.2104323323688227e-01	   9.7692835991627494e-02	   5.1171449912942812e-01	   4.0767626861646666e-01	   3.6979831057587387e-01	   3.1434716504755128e-01	   5.8439616779030956e-01	   5.4496504530067003e-01	   2.8178970535016175e-02	  -1.3546494437227163e-01	  -1.9762874251447310e-01	  -2.1787058083556371e-01	   2.7961859236632619e-01	   5.6817982683252610e-02	   1.1010922911037826e-01	   2.5035607961818068e-02	   2.8482406910328856e-01	   1.7937360089717849e-01	  -2.7732452533465526e-02	   1.3234787124663527e-01	   2.5508409428843543e-01	   2.7221287894988810e-01	   6.1382043089818683e-01	   4.1621344836579016e-01	   2.6459219892642238e-01	   7.5673984752680057e-01	   1.1097310322325619e-01	  -3.3824787542347752e-02	   3.2348565617405423e-01	   2.6331476407791604e-01	   2.8139344896507112e-01	   3.5056981501127510e-01	   3.0668901882144173e-01	   4.4035259356367373e-01	   1.8171690080272038e-01	   2.0830444273105198e-01	   7.6216493519970696e-01	   8.7192748882707871e-01	   6.3223078459120685e-01	   5.4881355131656029e-01	   4.3045975301161093e-01	   3.6380393952616680e-01	   7.9254693964956380e-01	   6.6693276340059904e-01	   3.8559776329098866e-01	   1.5838796472002095e-01	   3.9715245542264482e-01	   3.2602101402021111e-01	   3.5361773036569244e-01	   3.5857061192182593e-01	   6.5891101547227660e-01	   4.0989649136941525e-01	   4.1126574120062487e-01	   3.7819989768554274e-01	   4.4454780841444935e-01	   1.6341887202333158e-01	   6.3014257592388301e-01	   5.6043998530247918e-01	   3.8749899797614318e-01	  -1.8517242783231302e-01	   7.1945403627906745e-01	   5.3191375029709342e-01	   4.3974985942662065e-01	   4.4908753164194121e-01	   6.1610002413035891e-01	   6.1277723321230682e-01	   5.5524469976587942e-02	  -1.2433936690576423e-01	   4.9300453154462028e-02	  -2.7557200645154389e-01	   3.3230239097230679e-01	   1.5744828515591902e-01	   2.9539877083625576e-01	   4.0356057339929857e-01	   3.9486398710648224e-01	   4.8582051110667462e-01	   1.4784319388065276e-01	   1.9679337028622909e-01	  -1.8046504015083964e-01	  -1.8021829218148699e-01	  -1.9483164917570353e-01	   1.7667351323464509e-01	   1.3534249285909167e-01	   1.2476931920149736e-01	   8.0787300095294917e-02	   4.2422890722813067e-01	   2.8986900700707069e-01	  -1.4665343860400362e-01	
   4.0318094663109333e-01	   2.7251726264346504e-01	   7.0672732856192233e-01	   8.3139989452285401e-01	   1.4224799489470479e+00	   0.0000000000000000e+00	   6.1811109885559623e-01	   5.8560352718300890e-01	   1.2648189816428010e+00	   1.6515770513306036e+00	   4.6689302091066442e-01	   4.5858901653340445e-01	   3.6191446927974852e-01	   4.7760537623828631e-01	   1.8600218590821677e-01	   4.6850848890461538e-02	   3.8057029292705691e-01	   3.5926125820411248e-01	   3.0155250600990380e-01	   3.8998272898464420e-01	   5.9858999342325958e-01	   9.0015487383299575e-01	   6.7268705775489490e-01	   7.9305757505641195e-01	   7.5749243413344003e-01	   1.1084987640844020e+00	   8.5453688980818909e-01	   9.0967690614057162e-01	   3.1083407377008376e-01	   1.7433292530938749e-01	   4.1814793741531631e-01	   3.6809629956883422e-01	   3.6474677908925507e-01	   3.9054821712022608e-01	   4.7674894250467004e-01	   4.9071467080065190e-01	   6.4466032122006356e-02	  -1.9475951276859464e-02	  -1.9026008839289874e-01	  -1.1632414525465941e-01	   2.3317434312049731e-01	   4.8091713373445283e-02	   1.1375707207558622e-01	   6.9907618929173632e-02	   2.9623357598660910e-01	   2.4300102763019216e-01	   2.9996704335357144e-02	   2.0811050205654208e-01	   3.1932340221042688e-01	   4.0974982729342624e-01	   6.4246873683100447e-01	   5.5071416743359369e-01	   3.5333181662456298e-01	   8.2714776162469728e-01	   1.8445575778625387e-01	   1.0453781292494262e-01	   4.0100381121168849e-01	   4.2195881278986869e-01	   3.9911139734986734e-01	   5.5759029668217819e-01	   3.8343873946181878e-01	   6.9261002682828487e-01	   2.8297487639512231e-01	   3.7057644919162885e-01	   6.3725723244486021e-01	   9.5627808276866910e-01	   6.2967989776456312e-01	   6.2330465369755195e-01	   4.9228718461050291e-01	   4.9681331353215974e-01	   6.0682903247876840e-01	   7.0116931744739808e-01	   4.0649099596572180e-01	   2.3395242213388456e-01	   3.9608281853340438e-01	   3.8991180253277563e-01	   2.9806986064345709e-01	   3.9012706141771647e-01	   6.0353719917578796e-01	   4.6545009185658681e-01	   4.8104950751205533e-01	   4.2827554803878359e-01	   3.9307348711615059e-01	   2.1094686695296996e-01	   6.1858574965552671e-01	   6.3319685651767432e-01	   3.5021660504058749e-01	  -1.1073836432084205e-01	   7.5872099691641448e-01	   6.8835318767025089e-01	   5.3663420449656496e-01	   4.9745046137510202e-01	   7.2453100789516989e-01	   5.8156677775283561e-01	   3.2962133171179304e-02	  -2.1257164663957528e-01	   6.8578476095235416e-02	  -2.4042648398544939e-01	   4.2804599470643084e-01	   2.3850074866338411e-01	   3.2072993655338278e-01	   3.6072117906228485e-01	   4.4275696261493602e-01	   5.4661108671470271e-01	   1.8778081345726022e-01	   2.7250056363133535e-01	  -1.2910948198476319e-01	  -2.1203837550327880e-02	  -1.4249266898058149e-01	   2.1302759261197751e-01	   1.6033366058411858e-01	   1.8663619012171134e-01	   1.8076597997866709e-01	   4.8092035468872263e-01	   3.2583630092221449e-01	  -1.0327032152546309e-01	
   7.4636163180981507e-01	   4.8294841313709241e-01	   1.4571107309665721e+00	   1.1189770195080513e+00	   7.6111171401866029e-01	   6.1811109885559623e-01	   0.0000000000000000e+00	   1.0710827151767308e+00	   5.2432172028368751e-01	   5.8342216932409752e-01	   1.1357542253329878e+00	   8.3222143012197547e-01	   1.0279026684547010e+00	   9.3008607824615896e-01	   7.2675893693352733e-01	   7.1130300735444529e-01	   6.3340112998740894e-01	   5.7135156118526198e-01	   7.8974777450255385e-01	   5.9009503199362523e-01	   2.6802911342304842e-01	   5.2645728933280023e-01	   1.1133475128610326e+00	   1.0706167105303512e+00	   8.6986520420285407e-01	   8.6234704055745659e-01	   5.7484743073940725e-01	   4.0241440315143623e-01	   8.2419612150253241e-01	   6.2954097257815000e-01	   1.1228426886642420e+00	   1.2337417405451760e+00	   9.7711478864917944e-01	   9.1637281770112256e-01	   6.4393028374987149e-01	   6.8603116129447084e-01	  -6.2476256822167221e-03	   7.8508742483964528e-02	  -1.3719412508717960e-01	   7.9296401130011504e-02	   8.3065790367020678e-02	   1.8142040574609622e-01	   3.2226732478980996e-01	   2.4961468877279824e-01	   5.0941947586220926e-01	   4.3798041012842820e-01	   2.8483615422840003e-01	   4.9158077247700027e-01	   3.7542864842915108e-01	   3.6661639062321860e-01	   7.5772770670631773e-01	   5.5528177854924021e-01	   5.0772436887651295e-01	   8.8471162763627154e-01	   2.4776990801137969e-01	   3.8774533208469725e-01	   4.2795135008061747e-01	   3.3098009052675043e-01	   4.7999234656237633e-01	   4.2859015645003062e-01	   5.8032990960381658e-01	   4.7704716063987118e-01	   5.6017390812434353e-01	   4.9562261048686884e-01	   7.4068479923848163e-01	   5.3136134735034646e-01	   8.4718335393066391e-01	   7.6482362208414501e-01	   6.9768003215723862e-01	   6.8128027595055174e-01	   1.0180943196114276e+00	   1.0464007619255173e+00	   7.0690466337013402e-01	   6.0724501636108330e-01	   7.0586037019570713e-01	   7.1715191753934104e-01	   5.7952184049795796e-01	   4.8007783590977215e-01	   4.0272138019982628e-01	   5.8442135536198792e-01	   5.4347482342265818e-01	   7.0996949821602062e-01	   9.9045522885493564e-01	   6.9181523437143855e-01	   7.6352606719887239e-01	   8.5112864083824258e-01	   7.2036170113145670e-01	  -8.8466946135082131e-02	   8.1456893247708972e-01	   7.6703242996986798e-01	   7.3501439270935709e-01	   7.4031671534474697e-01	   4.2019568492475712e-01	   6.7859159022297799e-01	  -2.8190822412280786e-01	  -4.9158449503269086e-01	  -7.4151185771204456e-02	  -3.7742876754159055e-01	   5.8048070759172976e-01	   4.1420475315533772e-01	   3.1565023935571412e-01	   3.2026143636718518e-01	   4.0281024615929867e-01	   4.0072943863804539e-01	  -4.4695756280718986e-02	   4.6014304271397535e-02	  -1.9703538916389848e-01	   6.6382878483005657e-03	  -2.3720323786119679e-01	  -6.8903430320900183e-02	   2.7292505246984389e-01	   5.0018811128350515e-01	   2.2608841295224835e-01	   2.4686206999505222e-01	   1.8922936893714430e-02	  -3.6039168943946182e-01	
   8.9008145571796615e-01	   7.1442007568624999e-01	   6.3399413243212077e-01	   1.4066428106040945e+00	   4.3723895210548963e-01	   5.8560352718300890e-01	   1.0710827151767308e+00	   0.0000000000000000e+00	   4.3520499577768812e-01	   6.4831368702778769e-01	   1.1012027288472130e+00	   1.4374273312695043e+00	   1.2279373823601647e+00	   1.3060681678918982e+00	   7.9438155892598117e-01	   8.7419538438872146e-01	   8.8736031813529803e-01	   7.7380854621268602e-01	   7.8746950865870891e-01	   8.5583741619503650e-01	   6.2751367665653757e-02	   4.0900120009635377e-01	   5.3716676268919494e-01	   8.7603201791388741e-01	   4.0846239799216488e-01	   5.8866652233160977e-01	   3.1992009434718133e-01	   2.8420921396045584e-01	   9.4473956286807159e-01	   8.8657470782838521e-01	   7.4935910399142780e-01	   9.8587298936192114e-01	   8.8768343817059625e-01	   1.1374483160442996e+00	   3.2254452189417793e-01	   4.7990484831901781e-01	   9.3389523219120529e-02	   3.1170886436871964e-01	   3.3033384982199661e-02	   3.2014320947970681e-01	   1.0190470570027187e-01	   2.3114307240049814e-01	   4.2887892221407214e-01	   3.7659917756234240e-01	   5.8662843574906065e-01	   6.5896733689938514e-01	   5.1714848915002487e-01	   6.9730185287837154e-01	   5.6824957001427823e-01	   5.7433491271785031e-01	   7.2476069827462841e-01	   7.0259885256326882e-01	   5.8078353544792161e-01	   6.9192320235659277e-01	   4.7173321835902959e-01	   7.0234270415124023e-01	   5.4008599752815623e-01	   5.2639047162698671e-01	   7.5966959186698713e-01	   7.7051170049671058e-01	   8.0735682561478272e-01	   8.3526501263170372e-01	   7.6973599996800635e-01	   6.9966349845471199e-01	   4.1561645120202162e-01	   4.2396679010679406e-01	   6.1344478011545200e-01	   7.6297298662409951e-01	   5.2452748538381433e-01	   6.9327705458280764e-01	   6.5090774622135150e-01	   1.0605899418461082e+00	   9.4216322649077244e-01	   9.7356003710682293e-01	   9.2660116557728389e-01	   1.0427220456990574e+00	   4.9784246288847761e-01	   5.4528293744697209e-01	   2.2397755460329472e-01	   5.8124139075568915e-01	   6.3704701676113540e-01	   6.6907366144183811e-01	   6.8618224813278095e-01	   8.1273205103731694e-01	   5.6914254651530349e-01	   8.0268322758216670e-01	   5.6204123279112328e-01	   5.1412572908482418e-02	   7.2826830408407361e-01	   9.4915204913861484e-01	   7.4522638565825139e-01	   5.6695903451669905e-01	   3.1515808018963798e-01	   3.8003496113772889e-01	  -3.2617767261059405e-01	  -5.8728444961484894e-01	  -2.1051044655663837e-02	  -1.7285647517093425e-01	   7.4727248297583204e-01	   4.9523538618815022e-01	   2.1828026431054526e-01	   1.7212924776888272e-01	   2.9506769274619166e-01	   2.8169383385247182e-01	  -1.7722180186013653e-01	  -4.1576385469717009e-02	  -1.9257345051117800e-01	   2.7131779272139617e-01	  -8.6959770142039164e-02	  -7.3149828517628884e-02	   2.4682877820357574e-01	   5.9911306178014367e-01	   3.9382841985308403e-01	   1.5908814199245649e-01	  -1.0809908572694155e-01	  -3.2256239223018590e-01	
   2.7338666611183182e-01	   1.5941664625893753e-01	   6.0350335873685312e-01	   5.4881907509200323e-01	   1.4559331909996982e+00	   1.2648189816428010e+00	   5.2432172028368751e-01	   4.3520499577768812e-01	   0.0000000000000000e+00	   1.2401000500862707e+00	   4.1272982907785843e-01	   2.8537933018615108e-01	   2.7149198603118818e-01	   2.9747114658232077e-01	   1.3809336110947942e-02	  -1.6932261018196820e-01	   2.8602279702575645e-01	   2.3049151529176495e-01	   1.5628691158888200e-01	   2.1911906617825408e-01	   6.8177915176384307e-01	   8.2113277058606515e-01	   4.5816871890538624e-01	   5.6005853023004659e-01	   5.3695388292692015e-01	   8.4528144176648767e-01	   7.7800187615650551e-01	   8.2236998592786925e-01	   2.7327069383151981e-01	   9.2597494170463257e-02	   2.9875621245159589e-01	   2.2858456145288517e-01	   2.5469467647654664e-01	   2.7242056620763888e-01	   3.4266040164782346e-01	   3.6799143640554027e-01	   6.3837723420730533e-03	  -1.2842959307643542e-01	  -1.2298871384495826e-01	  -1.9477599438637172e-01	   3.6470146762152722e-01	   3.7212963278676875e-02	   1.9672848230276038e-01	   1.1672454082153554e-01	   3.3646992671601578e-01	   2.7190696155457533e-01	   8.1454678361631019e-02	   1.7049243369877720e-01	   4.2457803782817477e-01	   3.5650944293047909e-01	   5.7361262556795500e-01	   4.5400522653871073e-01	   1.9856736600184977e-01	   5.8050012535351447e-01	   1.6627572749819239e-01	  -3.8632202062752037e-02	   2.4236821941234443e-01	   2.3404029344214347e-01	   2.8916343446734477e-01	   3.2175985601076335e-01	   3.0131237310171677e-01	   4.4516990414299934e-01	   1.4819161963702893e-01	   1.8620015453391986e-01	   5.2078732030494368e-01	   6.7851599893648440e-01	   3.9239506603671115e-01	   4.0105471156088890e-01	   2.5718420362765726e-01	   2.3320339858979983e-01	   4.5946716747737415e-01	   4.5817640976455165e-01	   3.2611955311496443e-01	   1.4973714185156090e-01	   3.1847523391326621e-01	   2.8914616547422478e-01	   1.8055131170793082e-01	   2.4495630970226359e-01	   5.0755624076433881e-01	   3.2988259054386460e-01	   3.4738406001338051e-01	   2.4569757838590103e-01	   1.9990070804833257e-01	   6.6013329190251102e-02	   4.4349130596437730e-01	   3.8522483598165119e-01	   1.6182270427411746e-01	  -2.7379971612798826e-01	   5.5681448720828941e-01	   4.2028645362286421e-01	   2.7638906791417162e-01	   2.4478989504902643e-01	   4.9989436652131658e-01	   4.1374736113719268e-01	   2.2103506488561317e-01	   1.6632585904078241e-02	   1.9169704743667282e-01	  -8.8219534877302854e-03	   2.8494079266778555e-01	   9.3224494851290363e-02	   2.8824473724716354e-01	   3.9046044651998835e-01	   3.4925687508650111e-01	   4.3063090319926656e-01	   1.5594684253624708e-01	   2.2251633305802482e-01	  -1.7409187460317826e-01	  -1.4858410015550150e-01	  -7.7673567115812234e-02	   2.8639016121645583e-01	   1.0656110704582070e-01	   1.3983816147969649e-01	   1.6172950430749577e-01	   3.7572579862193661e-01	   2.9896253622912144e-01	  -3.8849891465266864e-02	
   4.2048663920030843e-01	   3.0200792408106114e-01	   6.2015198203737876e-01	   8.6542256807541884e-01	   1.1034724325532475e+00	   1.6515770513306036e+00	   5.8342216932409752e-01	   6.4831368702778769e-01	   1.2401000500862707e+00	   0.0000000000000000e+00	   4.2668848816815763e-01	   4.5475876261481296e-01	   3.4195649827031588e-01	   4.2118692008720232e-01	   1.3510332999270497e-01	   1.8409560067224631e-02	   4.1677781427255800e-01	   3.8875796548449010e-01	   2.7481873768503534e-01	   4.1035954891392190e-01	   4.3247233720620254e-01	   7.1021660089469962e-01	   4.9720500044124438e-01	   7.5950589613828812e-01	   5.2187581374494152e-01	   8.6457692124613650e-01	   7.0376631957284597e-01	   7.2089271665657129e-01	   2.9612883139304674e-01	   1.8979705866090824e-01	   3.3135252205576404e-01	   3.2795480361962392e-01	   3.2919025808481406e-01	   3.7686374014565732e-01	   3.1431430417068962e-01	   3.6914338341443487e-01	   5.7627842611821585e-02	  -1.8252216318992271e-03	  -1.6943054268710622e-01	  -6.1512603152024128e-02	   2.6792440825655073e-01	  -3.2363407052952889e-02	   2.3809630363323409e-01	   1.6775512782821864e-01	   3.1882057316532697e-01	   2.9668895404406004e-01	   1.4881497410326472e-01	   3.0113234647769060e-01	   4.3403972828720627e-01	   5.0084906936650508e-01	   6.6100838428928110e-01	   6.3405950145220602e-01	   3.8010637300030081e-01	   7.6936086988488495e-01	   2.0783289973703134e-01	   1.6333572907874830e-01	   3.9943256243646313e-01	   4.5804351955081307e-01	   4.6267073157397587e-01	   6.1601101848421758e-01	   3.8964140085494092e-01	   6.2196923664633386e-01	   3.1187281320138632e-01	   3.7954193236895373e-01	   4.3636059391236809e-01	   6.8863585717524256e-01	   4.6539928151441412e-01	   5.0602426765555641e-01	   4.2032596681575984e-01	   4.4775141841065808e-01	   4.6663744241599336e-01	   6.3457432567529226e-01	   4.1165294391233176e-01	   2.9699333742540479e-01	   3.9259789320236887e-01	   4.3531576582136677e-01	   2.5151491467033676e-01	   3.5383999913810710e-01	   4.8381625153065000e-01	   4.7517268922060479e-01	   4.3465571288361288e-01	   3.7000509317203750e-01	   3.0655075446865843e-01	   1.5904121563943580e-01	   4.8878418699052706e-01	   4.8420738498560167e-01	   2.0161824286542424e-01	  -2.0538256779228350e-01	   6.3561641988987971e-01	   6.2536568592708597e-01	   4.7217734541369205e-01	   3.7697441017174182e-01	   5.7416015861965597e-01	   4.3291135459559138e-01	   3.2986205231072194e-02	  -1.7382257238244431e-01	   1.0284899485345868e-01	  -1.3738734273578518e-01	   4.0106657359966502e-01	   2.2226973824115245e-01	   2.8401229004902601e-01	   3.0429400842155790e-01	   3.8815172781317037e-01	   4.5759748062900979e-01	   2.3081766526811193e-01	   2.9902261823909387e-01	  -8.4700885979663382e-02	   8.0208415351541440e-02	  -1.2006301185824683e-01	   2.0204927921236226e-01	   1.6132132674299024e-01	   2.3558136398630841e-01	   2.2270526309443467e-01	   4.0335915845184950e-01	   2.7955110245153025e-01	  -8.7958912975327833e-02	
   1.0710112758023158e+00	   6.0566690368578380e-01	   8.4574841372267462e-01	   7.5318266253730082e-01	   5.2744318022920189e-01	   4.6689302091066442e-01	   1.1357542253329878e+00	   1.1012027288472130e+00	   4.1272982907785843e-01	   4.2668848816815763e-01	   0.0000000000000000e+00	   1.1202117849812319e+00	   1.7847311890563713e+00	   1.3150504241976240e+00	   8.6158507082057056e-01	   7.4894935325558298e-01	   8.4669108038457486e-01	   6.3867127731446083e-01	   6.7731216464615496e-01	   5.2686618972352151e-01	   1.7255899235364661e-01	   3.8580750969180327e-01	   6.3510913356586152e-01	   6.4088928704678383e-01	   5.1912744506845954e-01	   5.9429599163214730e-01	   3.7597643190672758e-01	   3.0238082188812349e-01	   1.0835240366804908e+00	   7.4855849155202003e-01	   7.9956714611574942e-01	   8.4362440055745191e-01	   8.7761546821791225e-01	   8.6922613816559646e-01	   4.1006205954016106e-01	   5.0775620931177412e-01	   2.1010786041838972e-01	   2.8911766559891361e-01	   8.3865010579402988e-02	   2.3703267059198768e-01	   2.0186667176463356e-02	   2.5236275565695937e-01	   4.1185850932184204e-01	   3.5365710232718411e-01	   6.0867525903209163e-01	   6.2798716963191659e-01	   4.5173205577868580e-01	   5.8382850728803026e-01	   5.4359967499543471e-01	   5.5177798800442657e-01	   7.8398513346242327e-01	   6.3700888597285710e-01	   6.2000208424583725e-01	   6.6312617934195850e-01	   5.0088378148809509e-01	   5.6137278208165342e-01	   5.3108332098165412e-01	   4.7270894665537988e-01	   8.1658108099569326e-01	   6.4553846750511601e-01	   1.0499591287597159e+00	   6.7310621465016529e-01	   7.6139133551234794e-01	   5.9978640928050342e-01	   6.3569204240639943e-01	   4.3559826152551617e-01	   6.8674543194988036e-01	   7.0266665255073424e-01	   4.4234871616486149e-01	   5.4451466920413227e-01	   9.9922659310955164e-01	   9.6493388275144276e-01	   1.0468963357882937e+00	   8.7519778271834414e-01	   1.0336413271786014e+00	   9.2523038761303722e-01	   7.4527920390366098e-01	   6.2027062199417082e-01	   3.6407553750319488e-01	   5.0202053883095010e-01	   5.9385641874291772e-01	   7.3419813515034504e-01	   7.8817265152110716e-01	   6.8684644381936799e-01	   7.8693244129765572e-01	   8.8329159746195862e-01	   6.3799794378636110e-01	   6.9096721644683112e-02	   8.5432492956816408e-01	   8.1178862586690659e-01	   6.6469508957017509e-01	   5.5834981454919230e-01	   1.9349073447342452e-01	   3.9677980712624877e-01	  -2.6516091522079510e-01	  -5.3339423970070721e-01	  -9.1973627543526240e-02	  -2.5056795753192207e-01	   6.1362327308438491e-01	   5.0240825319358817e-01	   9.7168783211937240e-02	   2.0077061761512632e-01	   2.4933747753965538e-01	   3.1025176854922298e-01	  -2.5627972024478307e-01	  -8.2694001200664988e-02	  -2.9450744538599560e-01	   2.1223683826986181e-01	   2.2152407914860679e-02	  -3.7319898095157421e-02	   2.0161500617641626e-01	   4.4536045036910255e-01	   2.6732654339349810e-01	   8.0997633237182620e-02	  -1.6941888527047985e-01	  -3.6453179365476651e-01	
   1.0747606219153611e+00	   8.7276260223543944e-01	   5.4128260467976141e-01	   1.0529113431347654e+00	   3.0451042677005313e-01	   4.5858901653340445e-01	   8.3222143012197547e-01	   1.4374273312695043e+00	   2.8537933018615108e-01	   4.5475876261481296e-01	   1.1202117849812319e+00	   0.0000000000000000e+00	   1.1491911419296819e+00	   1.7021791365069878e+00	   8.8526444015767303e-01	   1.0145892749220284e+00	   9.5787445214428768e-01	   8.1680477192177381e-01	   8.0927995440153810e-01	   8.4988884796786202e-01	  -4.2049772540468759e-02	   2.9097965953650407e-01	   4.7087329406030498e-01	   6.5939202433275756e-01	   3.3415685697737685e-01	   3.8411746726928436e-01	   2.2422650668934171e-01	   2.1950508741746008e-01	   9.0769588121330691e-01	   8.3420664954920520e-01	   5.7404891982956741e-01	   7.6415911817154647e-01	   8.2347227004498835e-01	   9.8812064451905135e-01	   2.6635379940838511e-01	   4.0241973173686063e-01	   2.5568322250789410e-01	   4.7972330646130334e-01	   2.0075617982837432e-01	   4.3888449599517310e-01	   4.0000129178400623e-02	   2.9426729560595599e-01	   2.8408100157430488e-01	   2.9028376916628545e-01	   4.3892046527477913e-01	   5.4160543353480872e-01	   4.0126986723264424e-01	   5.6857965719323056e-01	   4.4171216182978162e-01	   5.9971467009372570e-01	   7.1599542643908731e-01	   7.5337404272905018e-01	   7.4833141411495574e-01	   6.9147598354170481e-01	   5.5013562697262730e-01	   8.2836677955474247e-01	   6.2441397807252197e-01	   6.7590473657306382e-01	   7.9802538055987082e-01	   8.8209597037144238e-01	   9.3313252682885561e-01	   9.3157180062926037e-01	   8.8740642225616240e-01	   9.1654344810607968e-01	   4.3025866012159647e-01	   4.0902432293055163e-01	   5.8383232794460904e-01	   7.1358524574757520e-01	   4.9433045286240984e-01	   7.2692612038890314e-01	   5.7518422858409401e-01	   9.8502176725797197e-01	   9.2043128181423706e-01	   9.3467185575152778e-01	   9.2406042655337606e-01	   1.0088123746482940e+00	   6.1841810133443520e-01	   6.8951532730287446e-01	   2.4327589685056930e-01	   5.2632564315800090e-01	   6.4374426191860146e-01	   7.6521957880656066e-01	   6.9923096720315425e-01	   8.5123697146336474e-01	   6.4937733359555438e-01	   1.0262417912631145e+00	   5.9727497227583726e-01	   1.5626084068179524e-01	   7.7123413560355192e-01	   1.0128799656349698e+00	   8.0491006753857164e-01	   5.7739938172258243e-01	   2.9504533788221871e-01	   3.4697052142648055e-01	  -3.9813439800729045e-01	  -7.2772468988187744e-01	  -1.0958647365447874e-01	  -2.3405884371241092e-01	   7.3168361164007889e-01	   5.7376166201492929e-01	   1.7869942457757698e-01	   1.2599874210776243e-01	   2.7586621777305537e-01	   3.0027348806501009e-01	  -2.2543037098336383e-01	  -4.3776007547344793e-02	  -1.7076591529487878e-01	   3.5484857297295830e-01	  -1.1894196997488489e-03	  -2.3159401570679604e-02	   2.0682076163078952e-01	   4.8219904695118476e-01	   3.0691221755611553e-01	   1.3196011052056791e-01	  -1.0413035660547264e-01	  -3.2547775593691702e-01	
   9.7101870659680345e-01	   5.7624325668499476e-01	   6.6789162793588619e-01	   7.5036735450970560e-01	   3.5770341411537782e-01	   3.6191446927974852e-01	   1.0279026684547010e+00	   1.2279373823601647e+00	   2.7149198603118818e-01	   3.4195649827031588e-01	   1.7847311890563713e+00	   1.1491911419296819e+00	   0.0000000000000000e+00	   1.4014548020835542e+00	   1.0324736987386687e+00	   8.9800435200818995e-01	   7.8652902244236456e-01	   6.4770543023810423e-01	   6.8393110881329722e-01	   5.6648244069095832e-01	   4.2538233507207715e-02	   2.4726003624483256e-01	   5.7002424715367095e-01	   5.9872001055293289e-01	   4.4341902954687906e-01	   5.6052061351829929e-01	   1.9089879852369265e-01	   1.2850512689693963e-01	   1.0661371940887361e+00	   8.2001502477769583e-01	   8.4648709971639746e-01	   9.4379818113965230e-01	   8.6744906822169332e-01	   9.3711026827855004e-01	   3.3566975457318882e-01	   4.5507266187180551e-01	   1.0099073558705648e-01	   3.1123820813464148e-01	   9.0577482653001695e-02	   3.2640056855843708e-01	  -7.4755027178264280e-02	   3.2266420109411137e-01	   3.9395952395826922e-01	   3.6130287198317151e-01	   6.0778158395144755e-01	   6.4243557637563320e-01	   4.6425399447739557e-01	   6.4563294389232806e-01	   5.1107899661602885e-01	   4.7225291113494483e-01	   6.2901708574029958e-01	   5.5171578490868489e-01	   4.9887485730828129e-01	   5.3680670313793566e-01	   4.3570023891042564e-01	   6.0527881386271509e-01	   4.7383087332880136e-01	   4.4439139290119778e-01	   8.6415551140097069e-01	   6.6162543602350887e-01	   9.5657780800922632e-01	   5.7353311484271752e-01	   8.0500286591192516e-01	   6.0206742848593631e-01	   4.4239673136689106e-01	   2.9043754663896859e-01	   6.3045572860722443e-01	   6.9485815216894675e-01	   4.5972027330129334e-01	   5.8218795078779251e-01	   9.5008225016854220e-01	   9.7607843174615150e-01	   1.0781958250865811e+00	   1.0241634343204127e+00	   9.8426751005166024e-01	   9.4265192131640529e-01	   6.5805389934075020e-01	   5.8260939331464701e-01	   1.7542559492833254e-01	   4.6474331470732472e-01	   5.2692493774255111e-01	   6.5216288579814297e-01	   7.1059722374865686e-01	   6.7642264876101654e-01	   5.4551175765491211e-01	   7.1979227661965928e-01	   6.3006886637307025e-01	   1.1009718632814314e-01	   6.3587470565766158e-01	   7.6809350108540264e-01	   5.9816516944086850e-01	   5.2101005407993395e-01	   3.7549154383142165e-02	   2.6276537783571241e-01	  -4.2578485099527752e-01	  -6.3173686689360775e-01	  -1.7190180082622455e-01	  -2.7728125727168712e-01	   5.7143373485809557e-01	   4.3668071678297748e-01	  -3.3653189609212007e-02	   4.9195970077439533e-02	   1.2446027226983317e-01	   1.9134333806721848e-01	  -3.8127333666907587e-01	  -2.0677360739455261e-01	  -2.7558602345231376e-01	   2.4081000721476686e-01	  -1.8215964979394574e-02	  -2.0996392908421588e-01	   1.8207233988929786e-01	   4.4026089519098432e-01	   2.5408276629534871e-01	  -2.1042093286041869e-02	  -2.6324232080072296e-01	  -4.1729267066215953e-01	
