   0.0000000000000000e+00	   9.2875234905050419e-01	   2.0817005750187165e-02	   4.7437945722158475e-01	   2.0378551492589311e-01	   8.4382104889748044e-01	   4.9066671728038508e-01	   6.9066053603526800e-01	   4.6557754186068140e-01	   6.3910630771351817e-01	   1.2896000160927625e+00	   1.1121931295551257e+00	   1.0163508313781036e+00	   1.0742855303722816e+00	   5.1178480622681188e-01	   7.3485253736276879e-01	   4.5548042361836483e-01	   5.1032579459257610e-01	   5.8491235918111972e-01	   8.1246373825927232e-01	   3.1659505670739119e-01	   2.8196663206009775e-01	   1.1496256546360105e-02	   6.2524194461662824e-02	  -2.8773928575813923e-01	   8.7895888613259504e-02	  -4.0432147377637367e-02	   3.3282624635668073e-01	   6.1163328803823680e-01	   5.9323672598330879e-01	   4.4579809858707312e-02	   2.1783085944953212e-01	   5.1859558882819135e-01	   5.3731519566212704e-01	  -1.7120072318297760e-01	  -8.4401938382626787e-02	   3.2298235724479246e-01	   3.9169790185655895e-01	   4.3951959387766465e-01	   4.0610753707481528e-01	   6.8199519180265400e-01	   5.3236461083422881e-01	   7.8065460993245253e-02	   5.1853865308159816e-02	   1.1964312802301680e-01	   3.1105345719795302e-01	   2.5884266330001315e-01	   1.7400762876561113e-01	   3.2268177186663782e-01	   4.1721081571451735e-01	   4.9486106086071147e-01	   4.5653206037408223e-01	   9.1125383142149496e-01	   5.9974732468627223e-01	   8.3839764891651691e-01	   5.5998598204873462e-01	   7.1789362987646566e-01	   5.2479343128354261e-01	   3.4862186406446966e-01	   4.8800884519052690e-01	   8.8036620491608508e-01	   7.9156743298406240e-01	   6.2788642289906116e-01	   7.8353606696059885e-01	   8.3277281038209125e-02	   1.5267530836324594e-01	   2.8021151595233762e-01	   3.0482890017756969e-01	   7.7559673895790193e-01	   6.3667834422064706e-01	   4.0860253905775884e-01	   4.6671328761280334e-01	   7.3266886541515774e-01	   7.4110018581583570e-01	   6.9300413016171269e-01	   6.7903602849720301e-01	   4.8619111424553141e-01	   7.0561138935757794e-01	   4.9689794179017410e-01	   4.1908435874221278e-01	   6.2048099518704125e-01	   5.8115437993749153e-01	   5.7579216189947025e-01	   6.5341796565804233e-01	   5.2800640024821477e-01	   4.1502582277258593e-01	  -7.4996953030142897e-03	   2.7408099843284428e-01	   6.2552881302547669e-01	   8.4700081755437473e-01	   5.6079923219163774e-01	   4.1288080783210757e-01	   3.5287949990874040e-01	   1.4699939865458653e-01	   1.1599986462510486e-01	   3.5621935439232860e-01	   2.8741412749147477e-01	   5.4383250601274435e-01	   6.3491274238723661e-01	   6.1540059752992593e-01	   5.3142505797713369e-01	   1.1747491488161879e-01	   3.5029130849868495e-01	   6.2092958900075412e-01	   2.3706096690411738e-01	   2.0498458341550790e-01	   8.1752778134592405e-02	   3.3473373289210778e-01	   2.9300979637818438e-02	   1.3487619404874007e-01	   2.4320396311786668e-01	   2.4600470716591216e-01	   3.3995924780561226e-01	   3.5164855823223301e-01	   1.3603024729346852e-01	   1.6543579722836887e-01	
   9.2875234905050419e-01	   0.0000000000000000e+00	   4.5437013791618304e-02	   4.2374796957550726e-01	  -4.0749162213964303e-03	   5.0011846123370196e-01	   2.1317066749348840e-01	   4.3390691993497255e-01	   1.9428209352102407e-01	   3.8242347607230315e-01	   7.5432970308025105e-01	   8.9603277804350012e-01	   4.1839302203757056e-01	   7.6888988440414596e-01	   2.9925460946243909e-01	   4.5859903348262809e-01	   3.4051623294021943e-01	   4.2037323013958655e-01	   6.6313307673286181e-01	   8.2216539023049118e-01	   1.6994393622362036e-01	   1.4322329082696567e-01	   6.8133275100197730e-03	   9.3416160213942778e-02	  -1.9297315662672149e-01	   5.1832821161928837e-04	  -9.8532333755973256e-02	   5.2510018182863591e-02	   3.8178308591034643e-01	   4.2528242281719797e-01	   2.7297459668006882e-02	   1.9655488124010867e-01	   4.1655936110851649e-01	   4.5172291225581629e-01	  -9.7984969130869765e-02	  -2.9049868433992442e-02	   2.7903487753944622e-01	   4.3211644308720859e-01	   2.7333509969339853e-01	   3.6165031494548977e-01	   3.9866702104602642e-01	   3.9241191915188101e-01	   2.6044183315100361e-01	   2.7701892656600052e-01	   3.0581668114439320e-01	   4.0388272104789952e-01	   3.9554369261298622e-01	   3.1537883631983865e-01	   3.2108096559910371e-01	   4.0919965809892106e-01	   3.4543556307683726e-01	   2.3552678812602698e-01	   5.8477115664585377e-01	   4.6110095739151458e-01	   6.4084425345103968e-01	   4.8035791399451466e-01	   8.5984566794973549e-01	   8.3729009290111345e-01	   1.8405914305200760e-01	   3.6869947723418378e-01	   4.8719620348403186e-01	   5.7497614138325803e-01	   6.1510550856332391e-01	   5.5832665396516346e-01	   2.7416317311412072e-02	   8.5697864302607379e-03	   6.1834771129126949e-02	   1.4019692736849415e-01	   6.3734909731856537e-01	   5.8813058411212793e-01	   4.3442809431127388e-01	   4.1725925829776467e-01	   5.2224480959449093e-01	   6.0694831652722658e-01	   4.4061291394983004e-01	   5.1162344978826280e-01	   6.0287567349828963e-01	   5.8330480179673261e-01	   2.8230701984842166e-01	   1.5587548038166760e-01	   4.5651859724526977e-01	   3.3415713158599558e-01	   5.0061837088971473e-01	   5.5890888751941337e-01	   3.7589998958089449e-01	   2.5947561896307042e-01	   6.0068030015325890e-03	   1.5355769131966943e-01	   3.9749875257776340e-01	   5.2210364875053927e-01	   4.9133055414187998e-01	   3.0006616765065269e-01	   2.9015009486588833e-01	   1.2836474778854742e-01	   2.1111093284486623e-01	   3.0491482119547286e-01	   3.9710753765233986e-01	   4.8581650794578934e-01	   7.9574550934695276e-01	   7.0195695015206172e-01	   3.9000116951260527e-01	   6.3110314671276105e-02	   4.7751235355900612e-01	   4.4809415613088938e-01	   2.5013009022076782e-01	   1.2678975836606537e-01	   1.8439805053103470e-01	   3.1920044683345988e-01	   1.2502980590841159e-01	   2.7884636693106746e-01	   4.0457069789761108e-01	   4.8126428921060832e-01	   4.5947758546840023e-01	   4.8028579462988341e-01	   1.6425353970607171e-01	   1.0210170702075033e-01	
   2.0817005750187165e-02	   4.5437013791618304e-02	   0.0000000000000000e+00	   4.6191787799365114e-01	   6.6584757329804733e-01	  -1.0882470234106809e-01	   4.2612736462212270e-01	   3.0799208418386834e-02	   2.0800899862479133e-01	  -9.7593658445116915e-02	   1.7454088780300986e-01	  -2.4427024554496973e-01	   7.5963558713173437e-02	  -1.9390447994850843e-01	   6.5495837468322127e-01	   4.0352287961188466e-01	  -5.6644087524109522e-03	  -4.1752098327851719e-02	   4.4246430876488391e-01	   2.4011807981167702e-01	   4.8704432197972947e-01	   1.6277046398516726e-01	   1.1400959012121468e+00	   8.2232148784372205e-01	   6.5166347041279971e-01	   6.0610172626348269e-01	   7.6852726209701872e-01	   6.4792307396612547e-01	   1.6454396940275812e-02	  -1.3031739640382292e-01	   8.3235352974383170e-01	   6.5105613559378039e-01	   4.6804587324700059e-01	   2.6847958138565559e-01	   9.1023269966235709e-01	   7.7222072068210690e-01	   3.2985742036415028e-01	   3.3229535358879836e-01	   2.4892601524920832e-01	   2.8420082899382909e-01	   2.5250882587113788e-01	   1.6908368994774109e-01	  -2.0867846380881325e-02	  -1.8676911715128062e-02	   8.0310591954901062e-02	   1.0892252406380033e-01	  -3.9938185070275162e-02	  -1.6084679069595428e-02	  -8.4470344459300878e-02	   1.1904688542673668e-02	   5.1379740997399104e-04	   8.8561152246115063e-02	  -4.4659463729221763e-02	   4.1817496280494533e-02	   2.4133691209637548e-01	  -3.1876544558170190e-02	   3.6097300140908159e-02	  -4.5049982890890593e-02	  -1.0002146190487968e-01	  -1.2472850296731765e-01	  -4.4305082887054870e-02	   5.1616319631369180e-02	   8.9846850380550375e-02	  -5.1988373610514428e-02	   9.5238872255749252e-01	   5.8068625989684186e-01	   6.0178916665937232e-01	   4.8039414324828333e-01	   2.2031262459309853e-01	   2.3217350370031581e-01	   4.1969460713722329e-01	   2.3914276585843661e-01	   6.8818388486961091e-02	  -1.1854620886899378e-01	   2.4832823445625923e-01	   1.8626238638085332e-01	   3.6942254925614260e-01	   4.5918577094137081e-01	   4.7926088673540146e-02	  -1.7568925595581094e-03	  -1.8169584589225758e-02	   9.7083780486191956e-02	   4.5880611042982639e-01	   2.3955464956053241e-01	   5.3764606489742661e-01	   4.3749434581661961e-01	   6.0231298613945050e-01	   5.8999550918672183e-01	   4.4718493837620477e-01	   3.7471627107437527e-01	   1.9063354182948813e-01	   5.1796328027260718e-01	   3.1366255522544362e-01	   7.3117477162457323e-01	  -6.4202940436768940e-02	  -6.5252366891395408e-02	   1.5162824156132046e-01	  -5.5383662478136631e-03	   7.4997775219375631e-02	   8.1775434040465195e-02	   1.5612323080133794e-01	   7.9240659057244034e-01	   1.2341195564870289e-01	   4.0928696749284937e-01	   2.9422813996233160e-01	   5.4472155688316370e-01	  -8.8732703218916048e-02	   4.9461991255656673e-02	  -4.2765105049410591e-02	   8.6255349530514697e-02	   3.2698269250632650e-01	   2.4511996693563004e-01	   2.7003056881952286e-01	   1.8516833955184772e-01	   3.5963959408547624e-01	   1.9886140708892043e-03	
   4.7437945722158475e-01	   4.2374796957550726e-01	   4.6191787799365114e-01	   0.0000000000000000e+00	   2.3067460376450727e-01	   5.4731950871201573e-01	   4.6948995494356160e-01	   8.4830971263088450e-01	   4.2164050425673161e-01	   6.3882672092265746e-01	   4.3587878357424314e-01	   4.7372203830091264e-01	   1.3009918504220547e-01	   4.6500983333818829e-01	   5.1646613501698058e-01	   1.0966866120354999e+00	   1.3174507437096492e-01	   9.9630806263776572e-02	   8.0021418228692009e-01	   8.2979305420695115e-01	   6.2505018817666702e-01	   4.8829987028396665e-01	   5.8602640491861324e-01	   9.1979723436190286e-01	   3.3714837010354526e-01	   6.9117181700500130e-01	   3.5167547914655606e-01	   4.8957407859630175e-01	   2.8827079853961129e-01	   1.7472214682803414e-01	   7.0791822086345380e-01	   9.3453396549130718e-01	   6.2173349504973219e-01	   7.3254319381039679e-01	   2.7786408782583721e-01	   4.9824855296497406e-01	   4.5403776264755430e-01	   6.3838512077026988e-01	   2.3446456014684258e-01	   4.5968227346608309e-01	   5.6727294893282321e-01	   3.3922338966985333e-01	   1.2382318571732054e-01	   2.4850935200226887e-01	   3.5002343578082756e-01	   6.7210320758180997e-01	   2.5683440823213705e-01	   3.3195270181981029e-01	   1.3870068548648543e-01	   3.9064230005704625e-01	   2.3200776445331150e-01	   3.2841540096325927e-01	   3.6863091109650298e-01	   6.1276185904770475e-01	   5.3742984731110033e-01	   5.6521946597658501e-01	   3.4315588526656743e-01	   6.5535872519899036e-02	  -1.2648680169194856e-01	   2.0217712228557527e-01	   9.0989238362298885e-02	   6.8963744436184915e-01	   2.7135064236116824e-01	   2.3310134969968010e-01	   5.4136097877173439e-01	   6.8521235194520314e-01	   3.5982528350162102e-01	   6.8168007249461160e-01	   6.8731977184660653e-01	   7.0702867885445198e-01	   4.5415653634610831e-01	   4.9042977544593025e-01	   3.7326148572168572e-01	   3.0571012144645837e-01	   3.3992324879136121e-01	   4.0051714495864155e-01	   5.8219265928695185e-01	   8.0560165480025192e-01	   3.1550982177027420e-01	   1.8667099385348948e-01	   3.6972384864625635e-01	   3.4843143445610603e-01	   6.7731173905336495e-01	   5.2949488661088062e-01	   8.4119446743906201e-01	   1.0175541375087589e+00	   4.7763513025383253e-01	   9.0549192969430592e-01	   4.5530831860972998e-01	   9.4555208827121118e-01	   8.4582994282137580e-01	   7.9273667558218064e-01	   1.0407908716995160e+00	   5.4176630043005702e-01	   1.6499633732322185e-02	   1.4135708645476736e-01	   3.1364954905098696e-01	   3.6919079786388814e-01	   5.9297715971609055e-01	   5.0821547014911583e-01	   8.5601119549620119e-01	   4.5030889003204622e-01	   6.4201689217371682e-01	   3.5324007827981063e-01	   5.5469714695667260e-01	   3.6782983429832261e-01	   1.4834273006748616e-01	   1.0363024159406312e-01	   1.1714804981609617e-01	   3.8372886273601342e-01	   5.7284203197149675e-01	   5.3096030859691323e-01	   5.9938537024884375e-01	   4.1750085842140300e-01	   4.3990154106841811e-01	   3.1281025002595897e-01	
   2.0378551492589311e-01	  -4.0749162213964303e-03	   6.6584757329804733e-01	   2.3067460376450727e-01	   0.0000000000000000e+00	   2.1501402763201194e-01	   4.9034293250375105e-01	   9.5408099079179021e-02	   6.5999895121300345e-01	   1.1440636949423898e-01	   1.5954898977966372e-01	  -1.5011250535357631e-01	   4.2371100170452131e-01	  -1.6899248248582796e-01	   8.2365991915956738e-01	   4.1697588051907775e-01	  -6.1725580208585991e-02	   6.1945453389008004e-02	   1.5307551050700619e-01	   2.2087090459377054e-01	   5.2586359096531465e-01	   2.6481153593047452e-01	   6.8012817385502733e-01	   3.7025673221317995e-01	   5.0994607713564610e-01	   6.4495162169581355e-01	   8.3721074147957264e-01	   6.6453989578952755e-01	   1.8331701261603892e-01	   4.7280768514845056e-02	   4.8571471972022140e-01	   3.3352078606315960e-01	   3.5012441173873921e-01	   1.4963554237359825e-01	   5.5605713731663875e-01	   5.5636746097833523e-01	   4.7079718006690729e-01	   3.5779082682634028e-01	   6.1911364723200868e-01	   4.9162725039994470e-01	   5.0189692495758231e-01	   3.3432604203971955e-01	   7.2983857239386926e-02	   1.1593327415130377e-02	  -4.0841107941493933e-02	   1.3030593867623055e-02	   6.7327268440910276e-02	   1.1355909122414323e-01	   3.2604202822521188e-03	   1.1336130435482256e-01	   2.0698420874697193e-01	   2.7512125350449046e-01	   2.3788984345203101e-01	   2.7900694585033292e-01	   4.2111454926674174e-01	   1.9142748596926737e-01	  -1.2111165892094870e-02	  -8.4205588906050455e-02	   7.3031362359993593e-02	  -8.8062384252585359e-03	   1.8425785747914158e-01	   1.6061141820597591e-01	  -1.3022550865447766e-01	  -1.4573176107890813e-02	   6.6656190768516532e-01	   6.4959064875628514e-01	   5.2450759174941841e-01	   3.8415572399543624e-01	   3.2211278887040096e-01	   2.6649216716591839e-01	   4.6356251492527867e-01	   2.7461314646966184e-01	   2.1558730262309905e-01	   2.2759022366604618e-02	   2.8330470509573219e-01	   2.5205639264352686e-01	   2.0807839681489451e-01	   3.1719152953406476e-01	   1.3461579306586621e-01	   1.9367245259368379e-01	   7.8467271153823764e-02	   1.7581442546488155e-01	   4.8841817967790691e-01	   3.4695913148165336e-01	   4.3689817713972429e-01	   2.5086745891413503e-01	   5.3843831330096870e-01	   4.5639864494350596e-01	   5.6113519179786375e-01	   4.4374019168852513e-01	   1.6077659165970049e-01	   4.0954682091991679e-01	   2.4849456588825364e-01	   5.9919167864018719e-01	   1.5515833350184038e-01	   1.8730416718993409e-01	   3.4709923710241264e-01	   3.3446469911689686e-01	   6.2742927426937309e-02	   1.5918211592237874e-01	   5.8259872976805259e-02	   5.0045266650590703e-01	   1.1619561832708053e-01	   5.5442715895142858e-01	   3.3208379964126594e-01	   5.7764802006292404e-01	  -9.0625956090911688e-02	   2.6034839935087289e-01	  -2.1840749454197853e-01	  -4.2804896283746854e-02	   2.9517534211594010e-01	   1.2892300700822482e-01	   3.5359172334515671e-01	   1.4859493414217123e-01	   3.7890691891424788e-01	   1.8622573837076360e-02	
   8.4382104889748044e-01	   5.0011846123370196e-01	  -1.0882470234106809e-01	   5.4731950871201573e-01	   2.1501402763201194e-01	   0.0000000000000000e+00	   5.1713552594576351e-01	   1.1622617402773048e+00	   6.4768099233885867e-01	   1.2846704467947256e+00	   6.2365557633982927e-01	   8.6961243971752622e-01	   6.1907331784981556e-01	   8.9314417891439235e-01	   3.7767114726822831e-01	   6.9910550632050905e-01	   3.2844243258829670e-01	   3.7584466185451337e-01	   5.2034942569516007e-01	   7.2624181832004941e-01	   3.3919544347047892e-01	   5.9289431105501667e-01	   2.9092601959566939e-02	   5.2446097484624095e-02	  -7.6318696787520471e-02	   3.4103693225057868e-01	  -5.2597384289279132e-02	   3.3702989319890325e-01	   5.7055196623547033e-01	   5.1840987064410671e-01	   1.3528629250331503e-01	   3.3922573285716950e-01	   5.4603190776583166e-01	   7.2955872666701371e-01	  -1.1986152830688385e-01	   6.8670145578758529e-02	   3.4579384183960327e-01	   4.9578720621681327e-01	   3.2029467753645374e-01	   4.7145182791358653e-01	   4.6126935085882126e-01	   5.8025051918859627e-01	   5.8348046145764595e-02	   7.4958934084015952e-02	   1.4845887413862832e-01	   5.3553985985552677e-01	   2.0291645612595133e-01	   2.4532535838038150e-01	   1.7615173479250734e-01	   4.1485462324755873e-01	   2.8967328161605632e-01	   3.0699622513549923e-01	   5.4844521070961538e-01	   4.8372030927860732e-01	   5.0581694635136687e-01	   5.5454738523788549e-01	   4.7471252266624259e-01	   2.3237156415012622e-01	   8.3036954099042493e-02	   3.0599535736558919e-01	   5.0735055333725132e-01	   1.1620926798195210e+00	   3.2520556219578539e-01	   6.7980300748385736e-01	   7.8999068719229487e-02	   4.4136312458418131e-01	   3.2313639725465909e-01	   5.4420203312942894e-01	   8.3926589572184218e-01	   7.7145783173899307e-01	   3.7243712896021086e-01	   5.7091238929972310e-01	   6.1155159528731962e-01	   6.8292013904669602e-01	   4.5708053501376139e-01	   7.1833455599031126e-01	   5.0848484792797743e-01	   6.5544185823051615e-01	   4.9510760336318904e-01	   3.8122299035552154e-01	   6.4277245110465853e-01	   5.4811240300785624e-01	   5.3601522999047546e-01	   6.1082138954554077e-01	   5.1017984245725001e-01	   4.0433932268636114e-01	   4.3758070935582247e-02	   2.8630971591690163e-01	   6.3295595083853451e-01	   8.8288261158870129e-01	   7.7401463465904641e-01	   6.0079705589911570e-01	   5.8021498687708428e-01	   1.7642083453031682e-01	   4.8538298269104038e-02	   2.4138426955401401e-01	   2.5802632747535642e-01	   4.8609830145659383e-01	   4.8786377319647545e-01	   5.4055305689878652e-01	   5.9679638195662466e-01	   1.3798797940506777e-01	   5.3298464991990291e-01	   5.1247680357474634e-01	   3.9274429149124468e-01	   1.6881807471269600e-01	   9.2965274048615210e-02	   2.1366485986238573e-01	  -4.8828857561117225e-02	   8.1395853665160153e-02	   4.0166690113979231e-01	   2.7217445067412877e-01	   3.6318347850544241e-01	   3.0890815796809201e-01	   3.7989008473220037e-01	   2.1976594161470236e-01	
   4.9066671728038508e-01	   2.1317066749348840e-01	   4.2612736462212270e-01	   4.6948995494356160e-01	   4.9034293250375105e-01	   5.1713552594576351e-01	   0.0000000000000000e+00	   8.4368323070393170e-01	   9.3710373729063168e-01	   6.3120902609919605e-01	   5.9662581602595877e-01	   3.4296898463677100e-01	   6.8448258302961007e-01	   3.3748745320975865e-01	   7.7750207000175475e-01	   5.8558510596176516e-01	   3.3252793223257349e-01	   3.4367812161551448e-01	   4.5067949558043602e-01	   4.2817321438093225e-01	   4.1506112958219121e-01	   2.7102243573438500e-01	   2.0900676924661327e-01	   6.5538645426858208e-02	  -9.1189120478147923e-02	   2.9889365560218678e-01	   6.5457649725382080e-02	   4.2520739104163741e-01	   6.0565243690816561e-01	   4.5164999415619683e-01	   2.8917449869005080e-01	   3.8874007425912893e-01	   6.9069541984230109e-01	   6.2093097201955250e-01	  -1.8438515719201229e-02	   5.6988824248181198e-02	   6.0814658512269831e-02	   7.4780297106510935e-02	   1.3332275102769109e-01	   2.4891633433694660e-01	   3.0262282337324520e-01	   3.1374125876264652e-01	   4.6157812433684990e-02	   6.1131419536928931e-02	   2.4765736508400060e-01	   4.2513817849243429e-01	   1.8502146030965122e-01	   9.9033173657928519e-02	   1.8275904630551537e-01	   2.6784852061383657e-01	   3.1110094871891908e-01	   3.2323632474597885e-01	   4.5824732996103140e-01	   3.4184034450911027e-01	   3.6195230333745942e-01	   2.7463933562924803e-01	   6.0264585991264559e-02	  -6.2672495443694215e-02	   2.0846816810899571e-01	   1.4035079749745383e-01	   6.2918724796693137e-01	   8.0230539692159963e-01	   3.7085795869954913e-01	   6.7764949301163702e-01	   5.0879198614057186e-01	   3.8974297611946207e-01	   6.0837341723065241e-01	   4.4942710017616672e-01	   5.1119834338809977e-01	   5.0335486739229718e-01	   2.3173493124248218e-01	   3.2408515867589616e-01	   4.0505088727404470e-01	   3.1152760252217682e-01	   3.6073006183519624e-01	   5.8167196375025898e-01	   3.9415445727454884e-01	   4.7527876211466258e-01	   3.6009741374537863e-01	   3.1638220047559501e-01	   4.8145588304130249e-01	   4.8620023075067492e-01	   6.4367304199868636e-01	   6.1792498791813955e-01	   5.3286284397886652e-01	   2.7464599126289935e-01	  -3.5894365135595907e-02	   1.8999385234062116e-01	   6.4780306111528130e-01	   4.5860440369708888e-01	   3.6752002930360628e-01	   5.4272813653518759e-01	   2.0147638889857084e-01	   2.8178819437912883e-01	  -1.5100539641916969e-01	   3.9801231808787432e-02	   5.7134138815028733e-02	   1.8629214766125049e-01	   2.3337069018693421e-01	   3.0958304404768261e-01	   3.1698179689501410e-01	   2.9714437525838283e-01	   2.5987690343449310e-01	   4.8400801654048109e-01	   1.3814968987632983e-01	   1.0374066888208916e-01	  -1.9346079757871834e-01	   2.1438942131159736e-01	  -2.5551029593165842e-01	  -2.1747016570185870e-01	   9.4260574016220580e-02	   2.3944765944548163e-01	   3.9641888364728572e-01	   1.5917954815897892e-01	   8.2073172871389030e-02	   1.2086005804506342e-01	
   6.9066053603526800e-01	   4.3390691993497255e-01	   3.0799208418386834e-02	   8.4830971263088450e-01	   9.5408099079179021e-02	   1.1622617402773048e+00	   8.4368323070393170e-01	   0.0000000000000000e+00	   6.6303857272338673e-01	   1.5090989841451652e+00	   5.9113383838476385e-01	   8.4632894372719181e-01	   4.6528778706430252e-01	   8.3663136972854879e-01	   4.0009528063248856e-01	   7.6073597159225426e-01	   3.3181290279901748e-01	   2.8812617483422154e-01	   5.3973693813789081e-01	   6.2619263525371194e-01	   2.9712078447077189e-01	   4.4399684779905074e-01	   5.9448818014715729e-02	   1.4604379936523820e-01	  -1.2678194837878126e-01	   3.4479303153422103e-01	  -1.3272804169320182e-01	   2.6488505638090315e-01	   5.2710164192621933e-01	   4.7609032412825358e-01	   1.7123643318271395e-01	   4.3183754141346847e-01	   6.4121986162827793e-01	   9.6013261991169563e-01	  -1.6768636654655655e-01	   2.7623709721250569e-02	   1.1185667627878054e-01	   2.8788242499862715e-01	   1.0630254758441265e-01	   3.2358230053321607e-01	   3.5059162010738099e-01	   3.7289467661655934e-01	   1.8684394028480086e-01	   2.5127101700115534e-01	   3.9059830287971625e-01	   8.3615728866401895e-01	   3.3047179465878057e-01	   3.4879416761765020e-01	   2.6015532366333310e-01	   5.0120858533646084e-01	   3.2963182263585289e-01	   3.7809604576287670e-01	   5.3318778144281009e-01	   5.3777807741065353e-01	   4.0092607847250694e-01	   5.7592137602973870e-01	   3.4709333546591564e-01	   7.5269920868980170e-02	   7.6098358939592603e-02	   3.1243666146487492e-01	   4.3737928876536530e-01	   1.4102393680632710e+00	   4.0886590824015767e-01	   7.9799338776559592e-01	   1.8371205920178774e-01	   4.4540351106542586e-01	   3.2447960891745625e-01	   5.8633245591397420e-01	   7.9678457939391312e-01	   8.3614938982758891e-01	   2.0426049682831102e-01	   4.6094974662494725e-01	   4.5976612907643766e-01	   5.2019912559519232e-01	   3.4759235626257734e-01	   6.2043535181930454e-01	   5.0737320481618986e-01	   6.3135999006823940e-01	   3.9205807142155691e-01	   2.7885345102019765e-01	   6.1369681943889021e-01	   5.0497479031482428e-01	   5.3841377220411268e-01	   6.1857183946421346e-01	   5.3652748897430702e-01	   4.7151997415005009e-01	  -7.9121889311019988e-02	   2.7653720326044001e-01	   4.9670225234186743e-01	   7.6854585081732019e-01	   8.9939115025076444e-01	   6.7002654783911531e-01	   6.4372147268380575e-01	   2.0455142095058665e-01	  -8.0003399193214864e-02	   1.4188501066182613e-01	   1.8644096694621617e-01	   3.7086548870079045e-01	   6.0068769892962959e-01	   6.1136497880941920e-01	   7.4382009003822891e-01	   1.7386044135747225e-01	   5.8095956832914442e-01	   3.9034402827304543e-01	   3.1104685828324646e-01	   5.3073244262558231e-02	  -7.4744483985551774e-03	   1.4439367127432565e-01	  -6.1551274110229801e-02	   2.8936025839886768e-02	   3.1535531572581510e-01	   4.1990282334868251e-01	   4.7170664192361644e-01	   3.3596808817006774e-01	   2.7912301132695749e-01	   2.4418520864402612e-01	
   4.6557754186068140e-01	   1.9428209352102407e-01	   2.0800899862479133e-01	   4.2164050425673161e-01	   6.5999895121300345e-01	   6.4768099233885867e-01	   9.3710373729063168e-01	   6.6303857272338673e-01	   0.0000000000000000e+00	   7.2453552634790863e-01	   4.3405420839576997e-01	   3.4966579991278252e-01	   6.2779219196425196e-01	   2.6855617437930984e-01	   8.6617508125127340e-01	   6.4787910080988298e-01	   1.5420817627663613e-01	   2.6349040284548619e-01	   2.9502394565462342e-01	   3.5804982250184925e-01	   3.2443606708559042e-01	   3.2809058207767133e-01	   3.6173967567333210e-01	   1.8450530320816791e-01	  -2.9693381846707719e-02	   3.8231280234984910e-01	   1.7078017913237611e-01	   4.8063012928791704e-01	   4.0896164488713771e-01	   2.9758426379922848e-01	   2.0962655100611577e-01	   2.5565090118619438e-01	   4.1782771714521849e-01	   4.2181360303038845e-01	  -6.7055063456109107e-02	   1.1531771679705803e-01	   1.0535693083555384e-01	   1.8754081871376266e-01	   2.0242530861954602e-01	   3.1421187597525752e-01	   3.3543423060281680e-01	   2.5052781862378587e-01	  -1.8713383990255895e-02	  -1.0300402929736937e-02	   1.7230748577820375e-02	   2.8011350593023443e-01	   1.3046294550669310e-01	   7.2077261292675748e-02	   7.8067568723909422e-02	   1.8319488472122294e-01	   2.3827415635116783e-01	   3.0934006000773762e-01	   5.8659720256281389e-01	   6.0257092631730536e-01	   4.4557953608154893e-01	   3.6789249147891934e-01	   1.2637637641589780e-01	  -2.2738171786821165e-02	   4.8229007243747887e-02	   7.7929176779856016e-02	   4.9275244961584846e-01	   7.7614262025201053e-01	   1.4783084426371401e-01	   4.4718696290400295e-01	   4.4716734773832451e-01	   4.9539776628623955e-01	   2.3981971065507202e-01	   2.7172841105109458e-01	   5.7818976841840197e-01	   5.4496613302162000e-01	   2.6304422570173219e-01	   4.3657790710929545e-01	   3.4288098241569265e-01	   2.9032849618562029e-01	   3.0090947621690267e-01	   4.4159373881422237e-01	   2.1141401891271722e-01	   3.5565876580328187e-01	   3.7941916602013009e-01	   3.4855859208209061e-01	   3.6991073796417279e-01	   3.8045892636255219e-01	   4.7013071661143935e-01	   4.5958739692968059e-01	   3.7939262626199077e-01	   1.9786037714371860e-01	   1.0692250914304399e-01	   2.2180536549889193e-01	   5.7752397476670847e-01	   5.2538409770516115e-01	   4.4601516331794383e-01	   6.7151364370528643e-01	   3.5621365009962358e-01	   4.4844756479538672e-01	   1.7968925133601488e-02	   1.4993554754057967e-01	   1.7268831901258264e-01	   2.8616076960804337e-01	   1.9665662238858436e-01	   3.3010760586124743e-01	   2.0326918619361928e-01	   2.0787803087333634e-01	   2.8321757363817301e-01	   4.4389231487919212e-01	   2.6467146851226397e-01	   8.2678938793081899e-02	  -1.8093093008766738e-02	   4.3288013831804423e-01	  -1.3257768648941065e-01	  -7.2228354926171620e-02	   9.5261391813125096e-02	   2.1481222713035691e-01	   4.4747195122683980e-01	   1.7270498275541279e-01	   3.2109542365132937e-01	   1.4351244620507239e-01	
   6.3910630771351817e-01	   3.8242347607230315e-01	  -9.7593658445116915e-02	   6.3882672092265746e-01	   1.1440636949423898e-01	   1.2846704467947256e+00	   6.3120902609919605e-01	   1.5090989841451652e+00	   7.2453552634790863e-01	   0.0000000000000000e+00	   5.1956424724244687e-01	   8.0437505774042450e-01	   4.5995412226236981e-01	   7.3164825968787817e-01	   3.3206619385723135e-01	   6.2101973375956565e-01	   2.6179771045133615e-01	   3.2224241354868549e-01	   3.8721138679231454e-01	   5.0663854929745433e-01	   2.0546393998290360e-01	   4.5636854486307910e-01	   7.2585703201080404e-02	   8.6208235332734973e-02	  -9.7941771914912559e-02	   3.3881967097718618e-01	  -1.2347103375870953e-01	   2.3656516488650509e-01	   4.4467954107878604e-01	   3.9796658215959041e-01	   1.1299278589367510e-01	   3.1608430976804525e-01	   5.0081999229387497e-01	   7.4641887119963402e-01	  -1.9541670103276929e-01	  -4.8706314720592652e-03	   9.6386006685149253e-02	   2.7232134488383697e-01	   1.1040309846233415e-01	   3.0453438800484806e-01	   2.7139522860552734e-01	   2.7439661179757191e-01	   1.0977097665642167e-01	   1.3402854166305050e-01	   2.1548405863566231e-01	   5.9497319448700114e-01	   2.2759256970558533e-01	   2.4580993312027893e-01	   1.3692006508864632e-01	   3.7230224998654993e-01	   2.2277264189473239e-01	   2.9288008800385273e-01	   4.3774445366883280e-01	   4.5642710431058497e-01	   3.6672455545384014e-01	   4.7867281681214446e-01	   3.0293990673667365e-01	   6.7072961721437591e-02	   1.2499308858448485e-02	   2.5265995498975352e-01	   4.2743603507706823e-01	   1.2166822843634360e+00	   3.4546536458878951e-01	   6.7967071370292287e-01	   1.3523532324597240e-01	   4.1818183476897264e-01	   1.8782087851232604e-01	   4.3352669214598921e-01	   7.4812874981352717e-01	   7.0899646966068952e-01	   1.3678189460001638e-01	   4.4159245582501505e-01	   3.7801201781732563e-01	   4.7924106851013998e-01	   2.7634184708741899e-01	   4.8079117177194231e-01	   4.1752490429524108e-01	   4.5315496676871975e-01	   3.6438874191182624e-01	   3.1089360209483463e-01	   5.5684993758406420e-01	   4.5049474823289026e-01	   4.1239139807137182e-01	   4.6123913476945766e-01	   4.3505331814781167e-01	   3.4860402204363122e-01	  -5.7217353754222336e-02	   2.0063228660452637e-01	   5.3066638586685688e-01	   7.0270103635430925e-01	   8.5464090155519756e-01	   6.2060547586724579e-01	   6.3591442388914776e-01	   2.2937185570470270e-01	  -4.8769090892941326e-02	   1.5509766859073140e-01	   1.5387296313475010e-01	   3.3679047467433754e-01	   4.6835618241571159e-01	   4.9799915350121426e-01	   5.8929209655931725e-01	   6.3993762041486366e-02	   4.5278214456617111e-01	   3.5411789536342297e-01	   2.7458610616070778e-01	   6.6933929839262926e-02	   5.5863309470720143e-02	   1.2271176211442818e-01	  -4.5380049370266809e-02	   3.3470854628444478e-02	   2.1716539346033423e-01	   3.2583505020838510e-01	   4.0310313247968399e-01	   2.5051371703595682e-01	   3.3653330475646426e-01	   2.7058448299229848e-01	
   1.2896000160927625e+00	   7.5432970308025105e-01	   1.7454088780300986e-01	   4.3587878357424314e-01	   1.5954898977966372e-01	   6.2365557633982927e-01	   5.9662581602595877e-01	   5.9113383838476385e-01	   4.3405420839576997e-01	   5.1956424724244687e-01	   0.0000000000000000e+00	   9.4390394151253376e-01	   1.1007857127172194e+00	   8.7029221218812380e-01	   6.4966687394911482e-01	   7.2860164576189612e-01	   5.5216613178272134e-01	   5.5076151791788019e-01	   6.8946649634659252e-01	   6.5136612857824117e-01	   3.4992048455664321e-01	   2.4878951312259137e-01	   1.0356882097172700e-01	   8.1995255548683976e-02	  -3.0337339215804121e-01	   4.6235221802595795e-02	  -3.1270084651402852e-02	   3.2362575605245292e-01	   6.9198491440768539e-01	   6.1170440468171228e-01	   1.6951497783559286e-01	   2.8991498442925512e-01	   5.6629501055871134e-01	   5.0642399329511911e-01	  -1.3165291829409478e-01	  -6.6145579743002392e-02	   3.0234473700967568e-01	   3.5105777948074518e-01	   4.0467579995200481e-01	   2.9176272010631948e-01	   5.3203763227869327e-01	   5.2686109249684843e-01	  -7.9150512924333234e-03	  -2.5952690442780153e-02	   1.0328472934968748e-01	   2.2763021687305543e-01	   1.6480800598176651e-01	   7.4536542733377537e-02	   2.2199330405294193e-01	   2.8790274194418497e-01	   3.4557812513824882e-01	   3.2540647514562793e-01	   6.5968607519306621e-01	   5.1211067995128712e-01	   6.9724034286960557e-01	   3.9774307418757215e-01	   5.9778616722482214e-01	   5.4904711810274898e-01	   2.6279058963519480e-01	   3.2193895733651645e-01	   8.7645046893866785e-01	   6.9974543126426803e-01	   7.2224918378231806e-01	   8.0891979013236681e-01	   2.0491560435828871e-01	   1.2893943861260970e-01	   2.8276912856539232e-01	   2.2145664043948449e-01	   6.0566323547704137e-01	   4.7931096160140574e-01	   4.3330962517963151e-01	   5.1839612998074913e-01	   7.8226943286935946e-01	   6.5661724918390030e-01	   8.7741894364259432e-01	   6.9487360589897695e-01	   7.2912259672738156e-01	   7.0303931941313003e-01	   5.4812694501715775e-01	   5.0059487497818156e-01	   6.5475379917513110e-01	   6.7504810729496922e-01	   6.1487942598187806e-01	   6.1023134562565950e-01	   4.9800747860317895e-01	   3.9908544460163992e-01	   2.2376533626123914e-02	   1.9602231221858421e-01	   5.7343833820306123e-01	   6.9214282470421373e-01	   4.6814671004623731e-01	   4.3199540880511222e-01	   3.1091649561105122e-01	   1.9861417383756114e-01	   5.8263341338170752e-02	   2.2520365020175864e-01	   2.3240189071902356e-01	   3.6325372525290661e-01	   5.4131695761944520e-01	   5.9369836647128771e-01	   4.7992611887481007e-01	   1.2729128418115920e-01	   2.7575011063272586e-01	   6.0510615369378007e-01	   1.5481711413846910e-01	   1.6107432849131961e-01	   1.4748854635107872e-01	   3.7751476945920398e-01	   1.5770720434387550e-01	   1.1216972370328462e-01	   1.6884263885028250e-01	   2.6061934590347596e-01	   3.2945481852446684e-01	   2.9393437161999197e-01	   1.2450312249810451e-01	   1.9974370025121191e-01	
   1.1121931295551257e+00	   8.9603277804350012e-01	  -2.4427024554496973e-01	   4.7372203830091264e-01	  -1.5011250535357631e-01	   8.6961243971752622e-01	   3.4296898463677100e-01	   8.4632894372719181e-01	   3.4966579991278252e-01	   8.0437505774042450e-01	   9.4390394151253376e-01	   0.0000000000000000e+00	   5.7508808416215407e-01	   1.2595740858805462e+00	   2.0471877998873184e-01	   5.6722328106420561e-01	   5.1857308724618001e-01	   4.8383838947290830e-01	   5.8157870119023813e-01	   7.3326427830776508e-01	   1.5515734348630814e-01	   2.9889575304163785e-01	  -1.6677267053540298e-01	  -2.3904078667145418e-02	  -3.8559290905950072e-01	  -2.1348223531201152e-02	  -2.6654769861184630e-01	   1.0528169114260211e-01	   5.3337604754045798e-01	   5.8742153703941724e-01	  -7.3941299611945371e-02	   1.8374645437525608e-01	   4.5835409061441562e-01	   6.0214408005326225e-01	  -4.1106648672180301e-01	  -2.2840748158629975e-01	   1.0905772682907047e-01	   2.7160730841667413e-01	   1.5586068955256863e-01	   2.0799451470761018e-01	   3.8409363461666363e-01	   3.8446443652827539e-01	   1.3261149154420776e-01	   1.7070711113276149e-01	   2.7456967375132063e-01	   4.7168478449189777e-01	   3.1394335197505008e-01	   2.5998277992206353e-01	   3.2078167670506041e-01	   4.0575348844787157e-01	   3.7973848711789926e-01	   3.1748538620206840e-01	   6.7422158035935920e-01	   5.7154745630629422e-01	   5.2078971207811897e-01	   5.8303858331130209e-01	   6.9570268178168548e-01	   5.8709161108207708e-01	   1.8488840680994720e-01	   4.0476617497568973e-01	   5.4621182363015208e-01	   8.7375292587110232e-01	   6.7057489072276211e-01	   9.7039247182697397e-01	  -1.3804479321357008e-01	   1.4561469168588333e-02	   4.6871588765121187e-02	   1.8840616868658419e-01	   7.4178491754709752e-01	   6.6606291497278935e-01	   1.8815236405357708e-01	   4.6720871688311694e-01	   6.1083969324869791e-01	   7.8419572747351562e-01	   5.1588124771000943e-01	   6.0588529149727377e-01	   4.7165852619616544e-01	   5.4790348418528489e-01	   4.8373545384543409e-01	   3.1303141494689973e-01	   6.3367084231865378e-01	   5.0196113418889599e-01	   3.4643378935292518e-01	   4.4107011479603586e-01	   2.8051748053674541e-01	   2.6517671473854337e-01	  -1.8980247957596691e-01	   4.1972700109139255e-02	   2.7864708743550948e-01	   5.6895928162094911e-01	   6.3751941107431043e-01	   3.3763082276703177e-01	   4.0854310382609849e-01	  -6.4410466780043798e-03	   9.7343123687389389e-03	   2.1343802068248480e-01	   1.9467040936579616e-01	   4.2496969629746595e-01	   6.7080502026764599e-01	   6.8413510637876351e-01	   5.5179149343765965e-01	  -7.7186810547188262e-02	   3.9561997099194335e-01	   3.2634248402318844e-01	   1.4838386915761645e-01	  -9.7744157499783199e-02	   1.5902570579599304e-01	   1.9528608941330292e-01	   1.7615840398040414e-01	   1.3854378110770030e-01	   1.9575313741975497e-01	   2.7851768219468392e-01	   3.1437382963090515e-01	   3.2240038864138243e-01	   7.7359670875351227e-02	   1.3774621892727321e-01	
   1.0163508313781036e+00	   4.1839302203757056e-01	   7.5963558713173437e-02	   1.3009918504220547e-01	   4.2371100170452131e-01	   6.1907331784981556e-01	   6.8448258302961007e-01	   4.6528778706430252e-01	   6.2779219196425196e-01	   4.5995412226236981e-01	   1.1007857127172194e+00	   5.7508808416215407e-01	   0.0000000000000000e+00	   5.8807258633463744e-01	   6.8593248134630347e-01	   4.8787630431453421e-01	   4.3429991139243895e-01	   5.8261880992538007e-01	   2.5653753833010090e-01	   3.6815682332306920e-01	   2.4248654023968119e-01	   1.7570740167692608e-01	  -2.2259141539274746e-02	  -1.5945586128864059e-01	  -3.5029559594129012e-01	   2.5067233875276321e-02	  -1.5032043154274134e-02	   2.9676569328590691e-01	   7.1523192364951804e-01	   6.5018513276549372e-01	   5.9627546428478425e-03	   5.9340964526006186e-02	   4.0367140860604955e-01	   3.3188075251305971e-01	  -1.8020429955613537e-01	  -1.4356219273447779e-01	   2.0459913850638622e-01	   2.1758544299479823e-01	   4.8714834163899789e-01	   3.2839425827711688e-01	   4.8262183087830041e-01	   5.1517088787666876e-01	  -6.5988745231642928e-02	  -1.2015953900642329e-01	  -6.9303230312574432e-02	   6.9183469220439497e-02	   9.4413925214250113e-02	   7.5196316870970847e-03	   1.9512428878895036e-01	   2.0456874983153947e-01	   3.9653007295866494e-01	   3.3914003411302113e-01	   6.8671896298763757e-01	   3.6828320462134556e-01	   6.2884786624439848e-01	   3.1687590680640537e-01	   3.5973275842844943e-01	   3.4844503683835754e-01	   3.9839693560085188e-01	   3.0365398235332575e-01	   1.2183075486342596e+00	   5.8200352765075936e-01	   4.1597747668630014e-01	   6.6653467163441038e-01	   1.5399556714632090e-01	   1.3131479020979167e-01	   3.2052656785593231e-01	   1.9179099411681774e-01	   4.9286447608021411e-01	   3.5609312856361386e-01	   3.3149707583054411e-01	   3.4451201359059497e-01	   6.7090025658387253e-01	   5.3297970910662551e-01	   6.4493075871684313e-01	   6.2172823011197842e-01	   3.7714821151390843e-01	   4.1219473910913113e-01	   5.1317803792142047e-01	   6.4164506628631957e-01	   5.7156296506727478e-01	   6.8981593657256590e-01	   4.8005789079552097e-01	   5.3732538943550212e-01	   3.3929650884621870e-01	   1.9720898678244098e-01	  -1.0032096050439668e-01	   5.5195435170234980e-02	   6.6559113538739023e-01	   5.6757261864027653e-01	   2.7443644609797702e-01	   3.3748626223191242e-01	   1.0471972427794984e-01	   1.2256920921896934e-01	   1.5699718599119172e-01	   3.3814771129785270e-01	   2.3655093914795680e-01	   4.1505895027839629e-01	   2.9210039134000509e-01	   4.0447942293620420e-01	   1.4920541722150571e-01	   3.4735381778349818e-02	   1.1050109231811270e-01	   5.7715313539219781e-01	   1.6778394977294830e-01	   2.0720757120099959e-01	   3.7531724542195513e-02	   5.0483084727293182e-01	  -6.9640183997425859e-02	  -3.8147072761167945e-02	   4.0809189380611635e-02	   8.4585190537049285e-02	   1.9379546132501677e-01	   1.7472356093744429e-01	   1.2739344969594457e-01	   1.7863748719672734e-01	
