   0.0000000000000000e+00	   1.3950940896099124e+00	   9.0543051267327468e-01	   1.0230542016327013e+00	   7.1993156277697756e-01	   5.5042014544861440e-01	   8.1314754301382686e-01	   7.2652083614547347e-01	   7.1198476996963900e-01	   5.2403626855726460e-01	   1.0093381497975364e+00	   8.4787880509607405e-01	   1.2059000799851285e+00	   8.9434804943347457e-01	   9.9148101953817058e-01	   9.7915176554268113e-01	   1.4856042078870835e+00	   1.6900719279372851e+00	   1.4285790758872230e+00	   1.4760717884851609e+00	   6.2319863840482981e-01	   7.5389021324601124e-01	   8.4037661808713093e-01	   7.4614413316597683e-01	   7.7841036733294400e-01	   6.2228776350019022e-01	   4.9290968628476806e-01	   5.5461929922173847e-01	   1.2255116800159125e+00	   1.3242170801850677e+00	   7.9700652455698306e-01	   8.4310322982163788e-01	   1.3684625045248044e+00	   1.2240474315093435e+00	   5.6782810237406234e-01	   6.3234652788185086e-01	   9.0897970879630019e-01	   1.1611487684238782e+00	   1.1124323408489496e+00	   1.1019881507482048e+00	   1.3537527821515811e+00	   9.7462773258821012e-01	   6.2658942570793685e-01	   5.2599696008212793e-01	   7.6498987621443337e-01	   7.9605954237522514e-01	   8.6987448735382578e-01	   1.0209286547123364e+00	   7.3513905828265502e-01	   9.4537364163146409e-01	   9.8862888515029634e-01	   9.9890681282659788e-01	   1.0551045510032644e+00	   1.2106550165400720e+00	   1.2748156108832529e+00	   1.2337575448363713e+00	   1.6345542826385133e+00	   1.4633858439256902e+00	   1.2463823008015087e+00	   7.7884101538655748e-01	   1.0856366676137610e+00	   4.7908094756678410e-01	   1.3642957373306177e+00	   1.4141983386342283e+00	   3.7250898534451277e-01	   3.7148688758164067e-01	   1.0110406920667763e+00	   9.5890052029505290e-01	   1.6276339748987050e+00	   1.2211590796607474e+00	   8.0117105140988687e-01	   6.2107453130725188e-01	   1.1246701531548742e+00	   1.0817018694984126e+00	   9.7109451693807547e-01	   7.7800577241602076e-01	   1.2016628188101006e+00	   1.1626016397779144e+00	   1.3751990679577126e+00	   1.5637381595582842e+00	   1.3845901036426878e+00	   1.5147606382288625e+00	   1.1578050700873486e+00	   1.2359735812719583e+00	   1.1383178321098508e+00	   1.2373653372677935e+00	   7.3412791827903978e-01	   1.0291444614947767e+00	   1.1162975174536298e+00	   1.1106148103041973e+00	   6.4255562821708390e-01	   5.2376828640277728e-01	   4.7188433980293210e-01	   6.7275483340498277e-01	   8.3786738704976094e-01	   2.7681518208353079e-01	   8.1747728991030044e-01	   5.4819048289118744e-01	   7.1799622709776645e-01	   4.9949736700582809e-01	   6.2320686466920794e-01	   7.0305658816468719e-01	   9.0363174519930234e-01	   6.4220334163355186e-01	   1.6258570774067069e-01	   4.1940882568466031e-01	   4.8176194563181490e-01	   1.4331746167266618e-01	   2.9166474075050932e-02	   3.9958064796263387e-01	   4.8046510388242913e-01	   4.0567688349568498e-01	   4.1465439824440992e-01	   4.9524375762928835e-01	   1.0632219633919013e-01	  -4.1729775564637905e-01	
   1.3950940896099124e+00	   0.0000000000000000e+00	   5.4489933847576955e-01	   7.3696764985122309e-01	   4.6012543605934275e-01	   3.3754998058513669e-01	   4.2124541437032648e-01	   4.4283935932978158e-01	   3.4859561697143632e-01	   2.5427643108652032e-01	   6.2981902155011338e-01	   6.5002928033840846e-01	   7.7382349593465649e-01	   7.2478462122084919e-01	   6.3859651836596365e-01	   7.0883220007535253e-01	   9.0471765330052645e-01	   1.1124433850782636e+00	   8.1980130353104841e-01	   8.8836840564071085e-01	   5.7339533141589971e-01	   5.9987584249353987e-01	   5.8546003485074471e-01	   4.9909822627319450e-01	   5.8093047281366184e-01	   4.6794072949833077e-01	   4.5050965476452354e-01	   3.8104566035983090e-01	   7.0022146940839958e-01	   8.2103662729848714e-01	   5.3498943855826897e-01	   6.1261182161316352e-01	   8.3750459737812033e-01	   7.8676948769414057e-01	   4.6593728604885881e-01	   5.0412176624586591e-01	   5.6098480335384604e-01	   7.6469537516224340e-01	   7.0807565645680492e-01	   7.3335918469595007e-01	   7.7590653480554317e-01	   6.0269690821930255e-01	   5.2779995224472076e-01	   5.2080390818266231e-01	   6.7122888252772295e-01	   6.5744446029026404e-01	   7.8364117480376949e-01	   8.2133371690219492e-01	   5.8894819355775141e-01	   8.4881397313771279e-01	   9.1422920551434961e-01	   9.2078936655353560e-01	   8.4961222080552501e-01	   9.4110978800503864e-01	   8.3192847562251915e-01	   7.8076539091390995e-01	   1.5405629220934951e+00	   2.0459024303140145e+00	   7.2118696561072615e-01	   5.2051777477728445e-01	   6.2820419675199468e-01	   3.0745253426201791e-01	   8.5917525071954115e-01	   1.0025402572391968e+00	   2.7671452386329581e-01	   2.1475809826991746e-01	   6.0877589353837169e-01	   6.2647698364399151e-01	   1.2163964888024226e+00	   1.2032086968889084e+00	   7.3962044357663737e-01	   5.9590623847022406e-01	   6.7844016015281405e-01	   7.1651534112805770e-01	   5.8720022113736525e-01	   5.3053536170894855e-01	   9.1962131724844676e-01	   8.9080630939032890e-01	   9.1126000001483232e-01	   1.0826876524460205e+00	   9.7469768067140672e-01	   1.1360563467401656e+00	   6.8402358427724708e-01	   7.5879821146541304e-01	   8.2490018921939545e-01	   9.5705924072654491e-01	   5.5970833166073797e-01	   7.8894568222511141e-01	   6.7412422629539925e-01	   6.7768813319360888e-01	   3.1103679638359832e-01	   1.4768099399583554e-01	   1.2918421418453030e-01	   2.5494983726171000e-01	   5.1844193467748290e-01	  -2.0897848045908019e-03	   5.0570707287292560e-01	   2.3491127111497204e-01	   3.5356972779276785e-01	   1.2569853066539285e-01	   2.5368673805931952e-01	   2.5747165908893194e-01	   5.0819591201053393e-01	   2.4748816992006317e-01	  -8.8094768316840169e-02	   8.4801394827936430e-02	   2.7998740113078424e-01	  -2.3611415150851654e-02	  -2.6242417314626604e-01	   2.4466743847138883e-01	   2.3685835990875700e-01	   8.4600700923794528e-02	   1.2238261324899435e-01	   2.2745664844508312e-01	  -1.4889766163861998e-01	  -5.2127475077799756e-01	
   9.0543051267327468e-01	   5.4489933847576955e-01	   0.0000000000000000e+00	   1.5013881812601619e+00	   1.2205339213278075e+00	   7.6083246483765654e-01	   1.5251916427682481e+00	   9.9757298221848967e-01	   1.0610031316560637e+00	   6.9783208957806331e-01	   1.0855430324655380e+00	   8.8084293280503256e-01	   1.0512501399712582e+00	   8.3984915367242163e-01	   1.3164634332724876e+00	   1.0441693116877704e+00	   9.0200893212817923e-01	   9.0474231731616461e-01	   1.1162360934108668e+00	   1.1097058589289470e+00	   7.7746725720851040e-01	   9.2768439124514357e-01	   1.7550045922275350e+00	   1.6025126573571615e+00	   1.1992473789409266e+00	   1.0088239490573994e+00	   7.7871846429426306e-01	   7.9717948372401004e-01	   9.4947412750439364e-01	   9.9548138187229118e-01	   1.1382372267911702e+00	   1.2275168156117373e+00	   1.4898064573398166e+00	   1.4361034544504947e+00	   1.0509390310315030e+00	   1.1852474923789695e+00	   9.6049061911622335e-01	   1.1399161799538420e+00	   1.0653906321014353e+00	   8.9968631523122400e-01	   1.0912425793362495e+00	   8.4550592922377976e-01	   5.5679591721865607e-01	   4.1107288565637834e-01	   6.4585246793508211e-01	   6.9237036954097664e-01	   6.4782469446491409e-01	   8.9496686056740349e-01	   6.8742686520859120e-01	   7.5047667959753706e-01	   8.3653557569762516e-01	   7.8131498323410087e-01	   9.9529519478297557e-01	   1.0421618492581535e+00	   1.1605635204831872e+00	   1.3947556104426984e+00	   5.5556081884320929e-01	   5.1828880728111482e-01	   1.0057781934432741e+00	   7.5435074047517936e-01	   9.2823608049102480e-01	   5.3356319734634761e-01	   8.6768091801294378e-01	   7.7514345882274793e-01	   1.0119547286819925e+00	   8.0040308626683931e-01	   1.4426658175911193e+00	   1.3291861050542488e+00	   8.0071346073345895e-01	   6.7991331147681600e-01	   7.3975827380024417e-01	   6.0116551347934921e-01	   9.6514131177783269e-01	   9.7895184273026270e-01	   9.4983023926759624e-01	   8.8944743279347516e-01	   8.2293776200996904e-01	   8.0123898064879417e-01	   8.0032997563162078e-01	   8.8112551114095605e-01	   8.4375775241588324e-01	   9.1555697169343064e-01	   1.0704422279798536e+00	   1.0284417512407740e+00	   1.3235205325907289e+00	   1.1432024836890886e+00	   6.9662258208574268e-01	   9.9249724936945372e-01	   1.1137041521853464e+00	   1.1816645269544590e+00	   1.2447058187692368e+00	   1.1265231628678531e+00	   1.0746248708109283e+00	   1.2615921707475728e+00	   7.4546795280771516e-01	   5.1278832558780896e-01	   9.1643523597983889e-01	   7.7532529037375564e-01	   1.0896986555249972e+00	   9.9431827441966392e-01	   8.7489175920310602e-01	   9.8143711114692722e-01	   1.0647378223409423e+00	   8.5559138125693501e-01	   5.0842007060238525e-01	   8.1729468659451265e-01	   4.7264274736119016e-01	   2.1107371433783695e-01	   2.0425003540269818e-01	   5.3957678933596620e-01	   9.3807717301812210e-01	   7.6194578778069544e-01	   6.5945255594126040e-01	   6.8868620121395530e-01	   4.5502556310657338e-01	  -6.5300432016769216e-02	
   1.0230542016327013e+00	   7.3696764985122309e-01	   1.5013881812601619e+00	   0.0000000000000000e+00	   1.1746410721672080e+00	   9.6336988968865966e-01	   1.2639242646002224e+00	   1.3829007769157979e+00	   8.6864871519099562e-01	   8.9179631161911810e-01	   1.0544566679507410e+00	   1.2770106174036948e+00	   1.1718729064619464e+00	   1.2219047336705959e+00	   1.2895399948492972e+00	   1.3370873577032680e+00	   9.1962339589503139e-01	   9.6425025263565955e-01	   1.1763750127928274e+00	   1.1893292110274567e+00	   6.7162512972900457e-01	   9.1658730283482992e-01	   1.4381914061485848e+00	   1.5672157571515446e+00	   1.0174657426318461e+00	   9.7747833085777613e-01	   6.7296633675194162e-01	   7.6887996369576983e-01	   9.9262262711613036e-01	   1.2013858896665233e+00	   9.9465926886555045e-01	   1.2164408911579572e+00	   1.3784395116192156e+00	   1.5399762007492674e+00	   8.9696861410427098e-01	   1.1324363905480517e+00	   8.9215587659595008e-01	   1.2662923522169427e+00	   1.1044824728942253e+00	   1.0476682229938765e+00	   1.1429898724081220e+00	   9.5821353712542234e-01	   6.5112370986342816e-01	   5.1496895086905448e-01	   6.6781512208396154e-01	   7.5821140460150671e-01	   8.0226010250868174e-01	   1.0107656906161526e+00	   7.0958999232914477e-01	   8.4129270257161748e-01	   9.2038399147717564e-01	   8.3418989718424186e-01	   1.2028939743826368e+00	   1.2220864897982531e+00	   1.2606052564673484e+00	   1.4441724389135495e+00	   6.6953035850245290e-01	   6.6157440061644268e-01	   1.0447609402949680e+00	   1.0142629190076740e+00	   9.2814546131361098e-01	   7.5081344412335960e-01	   8.3091224631283334e-01	   7.9922486108084756e-01	   7.7311513320513880e-01	   9.3855798583690608e-01	   1.3032343828561015e+00	   1.4037598240432276e+00	   9.3601795538734223e-01	   8.0955901589652146e-01	   7.4758775613998962e-01	   6.0894334886082579e-01	   1.0429563912398840e+00	   1.2005233126084989e+00	   9.7999356890460321e-01	   9.2519377285711135e-01	   9.4521409436705583e-01	   9.6141031115132647e-01	   8.3467224887907243e-01	   9.6077027306686258e-01	   9.1621225649604421e-01	   1.0763899738419607e+00	   1.1302253534542273e+00	   1.0922034276034098e+00	   1.4038277254068421e+00	   1.5090735463347498e+00	   7.2959287044019505e-01	   1.1605581198037114e+00	   1.1895437715932717e+00	   1.3624654806918961e+00	   1.0851831273619958e+00	   8.0973254050023935e-01	   8.5364779682759395e-01	   9.7740086883104715e-01	   7.0292574894461468e-01	   3.6291425621976336e-01	   8.5836429030018691e-01	   5.5897175496328377e-01	   8.6916066910583645e-01	   6.9892675579838481e-01	   7.0947037836479343e-01	   8.1794551548201222e-01	   9.0280260713108829e-01	   6.9705611819461111e-01	   3.4571277810396295e-01	   5.8757727412757343e-01	   4.8840228129369984e-01	   1.7806279698341049e-01	   1.0202930978440312e-01	   3.5955485212302540e-01	   6.8675871015657619e-01	   5.3364276451869630e-01	   5.3845673373923253e-01	   5.5922042482259438e-01	   2.4811430118058592e-01	  -2.5210608485669944e-01	
   7.1993156277697756e-01	   4.6012543605934275e-01	   1.2205339213278075e+00	   1.1746410721672080e+00	   0.0000000000000000e+00	   1.1896938854497614e+00	   9.5222194943363259e-01	   9.5599431225834253e-01	   7.8276860375197443e-01	   9.7089740286095993e-01	   7.6400993765332059e-01	   8.2248250912620602e-01	   7.8801348239992619e-01	   9.6754738349530833e-01	   1.3297986156753350e+00	   1.2437650305118888e+00	   7.2526487198428635e-01	   7.4232204403426039e-01	   9.3701921818114164e-01	   9.2716398091241947e-01	   8.0411811688854540e-01	   1.0904253773723414e+00	   1.2991954831552943e+00	   1.3892923377338926e+00	   1.2454693987481327e+00	   1.3348031306758064e+00	   9.4740787946252913e-01	   1.1154535223794728e+00	   8.1877426867459202e-01	   9.3965923497057813e-01	   9.9164066719470012e-01	   1.0938045437059387e+00	   1.0877165397892838e+00	   1.0785303746149848e+00	   9.3974742054825167e-01	   1.0890555752316660e+00	   8.4658389072035733e-01	   1.0526893483500328e+00	   1.0814816688880138e+00	   9.6683987115561443e-01	   9.0313844410530908e-01	   8.4016311176229608e-01	   3.7856632077109814e-01	   2.6466888989810150e-01	   4.1198809090695310e-01	   4.6824960671422866e-01	   4.9480749830144977e-01	   7.3954891299000014e-01	   4.2943584325472500e-01	   4.7268867953115457e-01	   5.9032867741485151e-01	   4.7477198065876641e-01	   8.9447807492697262e-01	   8.0733231775640613e-01	   9.5183158365017928e-01	   1.1836555374775235e+00	   4.6156186243872344e-01	   4.4746366378279467e-01	   8.2447498975890166e-01	   7.2219295896054991e-01	   7.7312702818967016e-01	   5.3208083725467903e-01	   6.9968917258886043e-01	   6.0010801668208413e-01	   7.8445359237134404e-01	   6.9198198166028813e-01	   1.0572920490175579e+00	   1.0395738333158109e+00	   7.7326280690079918e-01	   6.9190483553796656e-01	   7.2131030827375231e-01	   6.3145595047048286e-01	   7.4965160334861924e-01	   8.2994487237611536e-01	   7.2757680680380865e-01	   6.5657797937152362e-01	   7.7993839132249609e-01	   7.9766159048424201e-01	   6.2304509191096114e-01	   7.5424065030076415e-01	   7.1202843238119840e-01	   8.5555465989200208e-01	   1.0044381003520371e+00	   1.0123037276611193e+00	   1.1562891639561899e+00	   1.0930036102258092e+00	   6.3021010439013425e-01	   7.6791655885520460e-01	   1.0175531621830203e+00	   1.1910517226545285e+00	   1.0905991482372261e+00	   8.9089948445775291e-01	   1.0060905177941650e+00	   1.0097564366365357e+00	   6.9487440280502877e-01	   4.8047336717851052e-01	   8.2764314156647667e-01	   5.8787722764222905e-01	   7.9041787927413876e-01	   7.3356416765740118e-01	   8.7238760942475069e-01	   7.3051836653112634e-01	   9.3565316522816788e-01	   6.3292441325830984e-01	   4.1308420508471611e-01	   6.3511966066420855e-01	   3.4466500465899363e-01	   6.8362695480371919e-03	   1.2813708956065434e-01	   3.0978640993452322e-01	   7.6312741463852607e-01	   5.8093641043098010e-01	   5.4081800635814070e-01	   4.9260767711126441e-01	   2.4867428924545470e-01	  -2.6193998506154892e-01	
   5.5042014544861440e-01	   3.3754998058513669e-01	   7.6083246483765654e-01	   9.6336988968865966e-01	   1.1896938854497614e+00	   0.0000000000000000e+00	   7.4914662701960089e-01	   1.1310341095241632e+00	   6.8060382453078250e-01	   1.4773902462640434e+00	   5.8927509588771076e-01	   9.1341060119020290e-01	   6.2634674280523517e-01	   1.1224858338565491e+00	   9.9031426856973426e-01	   1.1700063352532852e+00	   5.0090989334106828e-01	   5.7398186918345218e-01	   7.9261041648747521e-01	   7.8637514609185122e-01	   3.8689613616368701e-01	   7.1202451747858575e-01	   7.8179871972156534e-01	   9.6208592502929513e-01	   6.9883229437185335e-01	   9.1015635042869869e-01	   5.2109585613860143e-01	   9.3046186349080995e-01	   6.4431275790269271e-01	   7.8802322093403543e-01	   5.8367257582018295e-01	   7.4481325661010345e-01	   7.5950667042613740e-01	   8.5425476189895422e-01	   5.4977172611067937e-01	   7.8334259702593800e-01	   5.6087988781789422e-01	   8.0669545300182210e-01	   7.4861694852050109e-01	   7.9187284198380292e-01	   6.8815508762445221e-01	   7.3452218949514936e-01	   3.0411412692077133e-01	   1.7783894060714300e-01	   2.9749853484293282e-01	   3.9450955706161805e-01	   3.8987658377873985e-01	   5.6614739956622728e-01	   3.5409100178431097e-01	   3.6683379001894995e-01	   4.0180320682185944e-01	   2.6402867828142279e-01	   7.2688996792297089e-01	   5.7091725008826744e-01	   7.6095031410786251e-01	   8.8431106694819928e-01	   3.3261674762248727e-01	   3.3497169187360165e-01	   7.6091664003400084e-01	   9.5348576075164382e-01	   6.6119283641249782e-01	   7.3607780144591339e-01	   5.0700360091810681e-01	   4.3503741748095404e-01	   4.3797349143965880e-01	   7.9062413784803176e-01	   8.3798421357962860e-01	   8.9361234346119223e-01	   6.7348471023671597e-01	   5.8012164170904512e-01	   4.0891134476005347e-01	   4.3927734080142100e-01	   6.3250259639293804e-01	   7.8680763243965879e-01	   6.3650925879838538e-01	   6.0970778882534038e-01	   5.9322507913824785e-01	   6.5156325676210869e-01	   4.4052848591198540e-01	   5.4581959815843284e-01	   5.2785851235100945e-01	   6.7776947936312226e-01	   7.9799321960525049e-01	   7.2454509624421148e-01	   8.1735394703140907e-01	   8.9341352070568747e-01	   4.2713532249538155e-01	   5.5345045707447926e-01	   8.9666162887897372e-01	   1.1340876213383229e+00	   9.2645309973286150e-01	   7.6231370948944155e-01	   8.5738828344726215e-01	   8.3882926340899355e-01	   5.2552009589656967e-01	   3.3062741227614106e-01	   5.9321278723314064e-01	   3.9001864672466541e-01	   6.3625940833232830e-01	   5.8209336902680298e-01	   6.7568009271606699e-01	   6.5818357856997034e-01	   6.7740211124677419e-01	   5.1531033485067690e-01	   3.8709297892893169e-01	   5.3004145667010116e-01	   3.3021519379350062e-01	  -2.9531867949392668e-02	   1.6249111920062245e-01	   1.5992793557834900e-01	   5.0811685452188371e-01	   4.5221438499021960e-01	   4.8128263302225416e-01	   4.3445852290632636e-01	   7.8081982651446544e-02	  -2.7847652653534016e-01	
   8.1314754301382686e-01	   4.2124541437032648e-01	   1.5251916427682481e+00	   1.2639242646002224e+00	   9.5222194943363259e-01	   7.4914662701960089e-01	   0.0000000000000000e+00	   1.2940692820671638e+00	   1.3465022642673499e+00	   9.1097232494301972e-01	   1.2879227353064495e+00	   1.0729500824699989e+00	   1.2166406179618892e+00	   8.8149564693554039e-01	   1.1469022900297487e+00	   9.6259342254334124e-01	   8.8248926711161324e-01	   8.3701150816703451e-01	   1.1826318675248713e+00	   1.1388681367594575e+00	   4.4217695630556275e-01	   6.1693461644817016e-01	   1.1510030309807924e+00	   1.2077937768914198e+00	   7.0922914671248083e-01	   6.7123394387292501e-01	   4.0776235860607041e-01	   5.6256199039385524e-01	   1.0310227928709279e+00	   1.0310662460283615e+00	   8.3631210845370252e-01	   9.4295734515850860e-01	   1.1967629492511256e+00	   1.3832097927402738e+00	   6.3347299677871405e-01	   7.5822676687163093e-01	   8.5157402571904084e-01	   1.0151496530124131e+00	   8.6266731144034781e-01	   8.0020055300879189e-01	   1.0285904088105724e+00	   7.6412200045931944e-01	   5.8309028512479733e-01	   4.2684132891354803e-01	   6.5107548338514742e-01	   7.0710746627939969e-01	   6.2584816845483870e-01	   8.4356116869354025e-01	   6.9922570457257038e-01	   6.9068118798163058e-01	   7.5954047689272808e-01	   7.4384056479250726e-01	   9.0349406140671884e-01	   9.7675238709209311e-01	   1.0951457557853719e+00	   1.2031407344347020e+00	   4.7137186510810009e-01	   4.1312485519991321e-01	   1.0352799607265992e+00	   9.4642999588531218e-01	   1.1155787396154637e+00	   7.4850104265382411e-01	   8.3440848653413613e-01	   7.8059926402783075e-01	   6.9571380654463577e-01	   8.2289449542890791e-01	   1.1944043632690442e+00	   1.1148211062660516e+00	   6.7333434107202961e-01	   5.2056907518403839e-01	   6.5870772835729641e-01	   4.8649229074065836e-01	   1.0938165895076555e+00	   1.0627929050308025e+00	   1.1282289378825283e+00	   9.8237991081334386e-01	   8.1505279004482478e-01	   8.4574803660975884e-01	   7.4228848550573523e-01	   7.5351142499063595e-01	   7.6492836471267611e-01	   7.6182550080135658e-01	   9.8344149636628087e-01	   9.0185245198381381e-01	   9.7556314631725616e-01	   9.2210591990580859e-01	   5.0314871258080840e-01	   8.9114987824741154e-01	   1.1182255805935637e+00	   1.2089249332005114e+00	   1.2199697534964595e+00	   1.2257847879409254e+00	   1.0557823801865036e+00	   1.2907295384610065e+00	   7.1545430093153706e-01	   5.0810086839650448e-01	   8.5268643164246671e-01	   7.3058805506887647e-01	   1.1572464489767853e+00	   1.0754408014307562e+00	   9.1957096506229152e-01	   1.1989628683671032e+00	   1.0600256427951222e+00	   9.7383270581500003e-01	   5.7310774126625208e-01	   8.8739631552598164e-01	   5.0905882442803851e-01	   3.2034970673425955e-01	   2.7729960850712798e-01	   4.8544197727689986e-01	   7.7240098768615284e-01	   8.4787832182467771e-01	   7.7902002586587948e-01	   6.1806024524566738e-01	   5.3576051600930996e-01	   1.5001868450628434e-02	
   7.2652083614547347e-01	   4.4283935932978158e-01	   9.9757298221848967e-01	   1.3829007769157979e+00	   9.5599431225834253e-01	   1.1310341095241632e+00	   1.2940692820671638e+00	   0.0000000000000000e+00	   9.6437026555770600e-01	   1.3630719759517731e+00	   9.2577168405150767e-01	   1.4043475329633390e+00	   1.0386672031132498e+00	   1.2340578820626273e+00	   1.0438037645245712e+00	   1.1398847693305700e+00	   6.9461817325083763e-01	   6.8849881118410461e-01	   1.0421313437813147e+00	   9.9460501928575340e-01	   3.5248224071975365e-01	   6.3777313825110171e-01	   9.0520712925704938e-01	   1.1378218280287526e+00	   5.8766543669124838e-01	   6.9947359723428781e-01	   3.7103410149145449e-01	   5.9478410424517647e-01	   8.7682300118914291e-01	   1.0122442957365640e+00	   6.8690748727043704e-01	   9.0715695171434740e-01	   9.2997112425386264e-01	   1.2016840012451622e+00	   5.1217087596439426e-01	   7.5944086677097189e-01	   7.3878741144475235e-01	   9.8294568818723482e-01	   8.6474338703571663e-01	   8.8439210819059488e-01	   9.4070309423480758e-01	   8.2586689421491810e-01	   5.4730517237908738e-01	   4.2661842455868237e-01	   5.2192820329808587e-01	   6.2928681479568538e-01	   6.1296059088003496e-01	   8.0070049008827637e-01	   5.8064692950366037e-01	   6.3799141094116973e-01	   6.5667437810220841e-01	   5.8993879436020746e-01	   9.3962191035134868e-01	   8.7546812913528660e-01	   9.7995486416993904e-01	   1.0724864501343616e+00	   4.1670273669968710e-01	   3.9443343496592093e-01	   9.2392554336993793e-01	   1.4307813616622291e+00	   9.3728767784633482e-01	   1.2050507703269437e+00	   6.1600686348390565e-01	   6.2594343052191215e-01	   4.7931979130699531e-01	   1.1139479779878290e+00	   9.8605776940734169e-01	   1.1180038847277864e+00	   6.3704743383526130e-01	   4.9790992509117393e-01	   5.7866766767543598e-01	   5.1526622638448505e-01	   9.8410552550027353e-01	   1.1085989256940125e+00	   9.9358630423310401e-01	   8.6307216934924991e-01	   7.7857931629977428e-01	   8.9010508614348405e-01	   5.8647404437225203e-01	   6.4438303738315039e-01	   6.7404107131423152e-01	   7.5315465139623394e-01	   9.3719825130991752e-01	   8.2757915025762974e-01	   9.2591956595402225e-01	   1.0618935145929658e+00	   4.8173646060505271e-01	   8.5734390938198601e-01	   1.0665237780167731e+00	   1.3457728967167466e+00	   1.1408075920787604e+00	   8.7816679506820094e-01	   9.5341960621991484e-01	   9.4443282258211614e-01	   6.0299625685895919e-01	   3.7724538941618074e-01	   7.8569262036494503e-01	   5.5220861818938594e-01	   9.1161373984364746e-01	   7.6252931046171890e-01	   7.8104506996991530e-01	   8.6139255582624097e-01	   8.5898484104045525e-01	   7.0914185124284468e-01	   4.5824005122072137e-01	   6.2794236379014190e-01	   4.5615363729931807e-01	   1.8066335573788747e-01	   2.1795270774511374e-01	   3.2293549171915320e-01	   6.2775785869949907e-01	   6.6109576415918181e-01	   7.0573295748895049e-01	   5.2255059327754372e-01	   3.2552713567160879e-01	  -1.6805939366729739e-01	
   7.1198476996963900e-01	   3.4859561697143632e-01	   1.0610031316560637e+00	   8.6864871519099562e-01	   7.8276860375197443e-01	   6.8060382453078250e-01	   1.3465022642673499e+00	   9.6437026555770600e-01	   0.0000000000000000e+00	   8.0831467033327187e-01	   1.1777600055014925e+00	   8.3282146273772573e-01	   1.0703067843962810e+00	   7.3017183138378372e-01	   1.0286612413834855e+00	   8.1609573191217277e-01	   8.1895887113816790e-01	   7.7818649340334223e-01	   1.0563034737134149e+00	   1.0365716039243591e+00	   3.9201310582911814e-01	   5.1988528834018499e-01	   8.4933229850643677e-01	   8.4412052403796067e-01	   5.8462562732098822e-01	   5.6868736084135096e-01	   3.3668776965485048e-01	   5.1807753744500795e-01	   1.0120230565405737e+00	   9.8175647884537498e-01	   7.7149128617149532e-01	   7.7836891755180071e-01	   9.7023850903675901e-01	   1.0695078121201222e+00	   3.7373315829452614e-01	   4.9520695993212083e-01	   8.2994293081763026e-01	   8.7077046878452447e-01	   7.0903145540909518e-01	   7.4048726675364773e-01	   9.0361832707057166e-01	   7.7175011808137539e-01	   4.9848931089509080e-01	   3.4420983486362267e-01	   5.6948262444856657e-01	   6.3196600080308807e-01	   5.3396080798127832e-01	   7.2443442627751875e-01	   6.0093663416954546e-01	   5.5107183374212321e-01	   5.7946517655078411e-01	   5.6990423355256414e-01	   6.7722337912593678e-01	   7.4114548125287183e-01	   8.8791236488744940e-01	   9.9203597359907880e-01	   4.5259786005563485e-01	   3.7035004201011401e-01	   9.3657449284112315e-01	   8.2644818164871880e-01	   1.0052538909423632e+00	   6.7457053279918144e-01	   7.9693181482917907e-01	   7.6669219663391053e-01	   4.7184165447258980e-01	   5.8566269484046163e-01	   9.3072124186552241e-01	   8.0803546857571451e-01	   6.3122561839369096e-01	   5.0590122572162777e-01	   5.4189463408109717e-01	   4.8315898614291497e-01	   1.1138759278334054e+00	   1.0439678305543427e+00	   1.1293631472116255e+00	   8.9012034358646785e-01	   7.4133322850759542e-01	   7.4682275487559691e-01	   7.0947596535401536e-01	   7.0842532486710053e-01	   7.3166163896766456e-01	   6.5588710938262818e-01	   9.0473679899956394e-01	   8.1160966518958344e-01	   7.7624573870372782e-01	   7.0408582348091697e-01	   4.9143048325001126e-01	   7.4088692158758596e-01	   9.6801577438753705e-01	   1.0265019283880599e+00	   1.0156420585411348e+00	   1.1771206754416594e+00	   9.6022920642614351e-01	   1.1585698864735361e+00	   8.2664065986118507e-01	   5.9051758885196215e-01	   9.3946471840998769e-01	   8.8320105545745808e-01	   1.1368768797970878e+00	   1.1086983107231634e+00	   9.1127556982870939e-01	   1.1410489355673570e+00	   1.0342438288453637e+00	   9.8416962363754246e-01	   5.8090520613710550e-01	   8.4094190106611533e-01	   5.1836578318031745e-01	   3.0459638637173742e-01	   3.7653849681558010e-01	   4.7888583713983757e-01	   7.3299259072391221e-01	   1.0263542098500955e+00	   9.1023745002269840e-01	   6.8362902799101222e-01	   5.5586826685610324e-01	   1.3518820507984536e-01	
   5.2403626855726460e-01	   2.5427643108652032e-01	   6.9783208957806331e-01	   8.9179631161911810e-01	   9.7089740286095993e-01	   1.4773902462640434e+00	   9.1097232494301972e-01	   1.3630719759517731e+00	   8.0831467033327187e-01	   0.0000000000000000e+00	   6.5310949884183933e-01	   9.6505688786824362e-01	   6.8641421572567973e-01	   1.0282384197700833e+00	   8.9153438085159298e-01	   1.0348319919186644e+00	   5.4781307201560625e-01	   5.6149343361108883e-01	   8.7771975862554119e-01	   8.3928777264803167e-01	   2.1826616477045480e-01	   5.2037303364120735e-01	   6.6510313697842727e-01	   8.4640716143469552e-01	   4.8824623193755134e-01	   6.5435180747490140e-01	   2.9776805917890364e-01	   7.1998620073516395e-01	   7.2367761542753672e-01	   8.2437010234777175e-01	   5.1666862919343037e-01	   6.3862503245686997e-01	   7.0979817255953859e-01	   8.7840611255854495e-01	   3.4486035417670913e-01	   5.7718655229609361e-01	   5.3831929465836237e-01	   7.5720736902313635e-01	   6.7024571798106891e-01	   7.3812321694734562e-01	   7.1047611035238334e-01	   7.1361170541506502e-01	   3.2855337123338663e-01	   1.9223851131605643e-01	   2.8764423275363193e-01	   3.9039846759563451e-01	   3.8523699895915708e-01	   5.3735278662145980e-01	   3.2766531407805699e-01	   3.2752214759838011e-01	   3.6748817966382813e-01	   2.8987652333638736e-01	   7.1844228483648342e-01	   5.7961229833811512e-01	   7.4623914447868500e-01	   8.2303043601875747e-01	   2.7939170075747677e-01	   2.4223094270508652e-01	   7.2612963651982343e-01	   1.0236275287007721e+00	   7.7850361556231384e-01	   8.9173184423358276e-01	   5.2470552458772524e-01	   4.8317186962254149e-01	   2.9438038937247024e-01	   7.1662501149940316e-01	   7.2088271038324114e-01	   7.6434255841496479e-01	   5.7650578090549320e-01	   4.3281560098183092e-01	   3.5954829335514576e-01	   3.7392247499392078e-01	   7.2165155659671187e-01	   8.4440857852252260e-01	   7.2342362535963067e-01	   6.9641050264034288e-01	   6.2443381710341439e-01	   6.9477896213045764e-01	   4.4348759938893506e-01	   5.1356741161809905e-01	   5.3459660148729493e-01	   6.2003987203270894e-01	   7.8559477197821648e-01	   6.8626602564722461e-01	   6.9045849571530149e-01	   7.7821047408759880e-01	   3.8797205926734246e-01	   5.6909160771294243e-01	   9.0788642612106707e-01	   1.1907817342265370e+00	   9.6466298618902524e-01	   8.0388370387886698e-01	   9.3111202389853642e-01	   8.5309903737315285e-01	   5.0823788190958585e-01	   3.7713011832714494e-01	   5.9366648006683154e-01	   4.3848188416633210e-01	   7.6410927423918551e-01	   6.9037294921027126e-01	   7.6821022635137093e-01	   7.8733509231008414e-01	   7.2801992348621081e-01	   6.6014084449352950e-01	   4.8801047686537735e-01	   5.7930243487990796e-01	   3.5747034902872532e-01	   4.6950731466998560e-02	   2.7685062113726799e-01	   1.6935864395014050e-01	   5.0446221914116796e-01	   5.7948483904757908e-01	   6.2806551104597674e-01	   4.5538829612752751e-01	   2.2447212084665105e-01	  -1.6949403613534456e-01	
   1.0093381497975364e+00	   6.2981902155011338e-01	   1.0855430324655380e+00	   1.0544566679507410e+00	   7.6400993765332059e-01	   5.8927509588771076e-01	   1.2879227353064495e+00	   9.2577168405150767e-01	   1.1777600055014925e+00	   6.5310949884183933e-01	   0.0000000000000000e+00	   1.1296205095620451e+00	   1.6863265627408830e+00	   9.5020143569500426e-01	   1.1715378733842292e+00	   9.2792798322307313e-01	   1.1061688401905339e+00	   1.0183704654893517e+00	   1.1396725580274598e+00	   1.1225953127693522e+00	   5.1078271523774621e-01	   5.7994237860594833e-01	   9.2194635754330712e-01	   9.1524201006061867e-01	   6.0151320694572730e-01	   5.3325024365746987e-01	   3.8742402857061031e-01	   4.7133918676992514e-01	   1.2359381042702919e+00	   1.2175936602273409e+00	   7.9835423260469940e-01	   8.5034218166198683e-01	   1.1149813358227560e+00	   1.1512707426084352e+00	   4.7375712098749956e-01	   5.3291998827827669e-01	   8.1415926793146665e-01	   9.5447145282058221e-01	   8.2777326457489453e-01	   7.5896187138420146e-01	   9.1381983702590697e-01	   7.3155721974955179e-01	   5.6375298995879508e-01	   4.4209032391279257e-01	   6.6736256963427576e-01	   7.0889292908428903e-01	   6.9277747309523208e-01	   8.9461607735184900e-01	   7.0651192277862984e-01	   7.8474475511988107e-01	   8.3982664328738843e-01	   7.9411230308719050e-01	   8.5842512027145534e-01	   9.1428146024121926e-01	   1.1073220085187994e+00	   1.0528973856910167e+00	   6.7000539589933927e-01	   6.1591820317615575e-01	   1.1866450679896352e+00	   8.7749723958676706e-01	   1.4312136959789259e+00	   7.4691079434527585e-01	   1.0381688733192345e+00	   1.1055737415872393e+00	   5.7941564182318317e-01	   5.7212079928870596e-01	   9.7100685084072436e-01	   8.7444897171127089e-01	   8.1301415448806980e-01	   6.3073421472929514e-01	   6.6262783857571905e-01	   4.4041614387351558e-01	   1.0360001875676121e+00	   9.5136819631477165e-01	   9.5960605006511390e-01	   7.6584375993982223e-01	   8.1893480910871919e-01	   8.6277050664734012e-01	   9.4581099605518582e-01	   9.1644422923067492e-01	   9.0286853375397058e-01	   8.5018059974340465e-01	   1.0654205438065278e+00	   9.3572277146135829e-01	   9.5857284779265850e-01	   8.6486516568495120e-01	   5.5771880766504789e-01	   9.3470418938258393e-01	   1.1852915510619519e+00	   1.0051546867630108e+00	   8.0550658719936852e-01	   8.7907534684821931e-01	   6.6089244845613537e-01	   9.5617948329403191e-01	   7.7051415561696146e-01	   3.2045980145210679e-01	   8.9500380872913499e-01	   6.8758908587138790e-01	   9.7623736552515239e-01	   8.1729802171332377e-01	   7.2392416032601070e-01	   1.0534366525884111e+00	   9.7641202024296558e-01	   9.6354795704662710e-01	   3.5977474180792313e-01	   7.6921710426721024e-01	   4.6805909778239174e-01	   3.7689640829068738e-01	   8.1622572245995242e-02	   4.3958474363393324e-01	   6.9746255303173177e-01	   7.3787306571596600e-01	   6.6142425860758558e-01	   5.3932198535758746e-01	   3.5740225723615254e-01	  -3.1331418281505874e-02	
   8.4787880509607405e-01	   6.5002928033840846e-01	   8.8084293280503256e-01	   1.2770106174036948e+00	   8.2248250912620602e-01	   9.1341060119020290e-01	   1.0729500824699989e+00	   1.4043475329633390e+00	   8.3282146273772573e-01	   9.6505688786824362e-01	   1.1296205095620451e+00	   0.0000000000000000e+00	   1.1396717821119642e+00	   1.7570453584540970e+00	   1.0747028827471545e+00	   1.1568976916426863e+00	   7.6599942390642950e-01	   8.2942097574386442e-01	   9.8905823677379623e-01	   9.7784606229374393e-01	   3.3903803373854208e-01	   5.7259093535649275e-01	   8.1913633058421609e-01	   9.3407700647370973e-01	   5.2793788950527976e-01	   5.6175268430799585e-01	   3.2882451360303283e-01	   5.0923925904511125e-01	   9.2771037292287328e-01	   1.1367950120702659e+00	   6.2720472300318408e-01	   8.0224284071097407e-01	   8.6791131074815464e-01	   1.0793604222893234e+00	   3.7450780213658652e-01	   5.8948633824381780e-01	   5.7443743360486355e-01	   8.5094772044200462e-01	   7.4207082915563782e-01	   7.8451306693484901e-01	   7.9812913740719738e-01	   7.5791337046414065e-01	   5.3021848912483971e-01	   4.0458806856439883e-01	   4.7556304492707435e-01	   5.6823259751699418e-01	   6.3263062661549907e-01	   7.9621731536456242e-01	   5.7311457583009473e-01	   6.7108469760462264e-01	   7.0198084064904454e-01	   6.2801803940676149e-01	   8.8000657712954233e-01	   8.3717968052008307e-01	   9.1869454763229874e-01	   9.6446302064243405e-01	   5.5108833847328409e-01	   5.9734759971679829e-01	   9.3271061796388033e-01	   1.1082287247413054e+00	   9.7249349608230895e-01	   1.0980113766164419e+00	   7.0152565881237861e-01	   8.2774487003691144e-01	   4.0605825909168747e-01	   8.5354568530908326e-01	   7.8614937268441931e-01	   8.6156306838737395e-01	   7.2105020737258452e-01	   5.8095557124794550e-01	   5.5255564563703952e-01	   4.3235705260520119e-01	   8.7552065980467053e-01	   1.0806109078260107e+00	   8.6829224507841740e-01	   8.7744900777782453e-01	   7.4675221604815134e-01	   8.2861305907806648e-01	   6.6891707207489726e-01	   7.8208513413667213e-01	   7.7181939295561386e-01	   8.5799981036843920e-01	   9.5888994387147197e-01	   8.1814821264339055e-01	   9.2355790531882020e-01	   1.0260760506517153e+00	   5.0679515315878820e-01	   8.9300342826636026e-01	   1.1021434203846017e+00	   1.0755623091572031e+00	   7.6357295970378247e-01	   6.1638290161980913e-01	   5.7987515662191069e-01	   7.2924797585947843e-01	   5.1796038095686625e-01	   1.5925581023844887e-01	   6.4011486375102744e-01	   3.8068372018823982e-01	   6.6965226297408198e-01	   5.2289650195596704e-01	   5.0987894914550935e-01	   7.1803358102985160e-01	   6.9503656009940429e-01	   5.5332769165599582e-01	   1.8664868266493742e-01	   4.2525629559976302e-01	   4.0956866097828626e-01	   1.5308510941451886e-01	   1.4148288023304518e-02	   2.5090510990019699e-01	   4.9354452008261795e-01	   4.1216487739586477e-01	   4.6783958546810578e-01	   3.3109861545689157e-01	   7.8312846656343152e-02	  -2.7036515467034200e-01	
   1.2059000799851285e+00	   7.7382349593465649e-01	   1.0512501399712582e+00	   1.1718729064619464e+00	   7.8801348239992619e-01	   6.2634674280523517e-01	   1.2166406179618892e+00	   1.0386672031132498e+00	   1.0703067843962810e+00	   6.8641421572567973e-01	   1.6863265627408830e+00	   1.1396717821119642e+00	   0.0000000000000000e+00	   1.0027767499281435e+00	   1.0965682929628302e+00	   1.0764558317797295e+00	   1.1531273621567808e+00	   1.0657866126456044e+00	   1.1840893960441814e+00	   1.1464243383451762e+00	   5.8134866393683649e-01	   7.0765490769006001e-01	   1.0122866478418533e+00	   9.9370286324018264e-01	   6.9680345770737551e-01	   6.2925373559362918e-01	   4.1388843348098575e-01	   4.6244060622091282e-01	   1.3307357864385534e+00	   1.3946572908450958e+00	   9.4763311700886776e-01	   1.0359935976819128e+00	   1.2063541992028177e+00	   1.2574112356546479e+00	   5.4646063155472557e-01	   6.1873426952424138e-01	   9.3324782954599739e-01	   1.1170415239111451e+00	   9.3724166779255169e-01	   9.4517718349397661e-01	   1.1354295288720628e+00	   8.9568008671505650e-01	   7.7612062113824087e-01	   6.2620782893916960e-01	   9.0130251939543848e-01	   9.2709460843083291e-01	   9.4854971918686048e-01	   1.1221082251031478e+00	   9.0899897568359300e-01	   1.0302139144593738e+00	   1.0253767291494686e+00	   9.5589267698915026e-01	   1.0169945311235573e+00	   1.0954518680729222e+00	   1.2549603444068405e+00	   1.2121267599188295e+00	   8.1677548096943142e-01	   7.3823998384951361e-01	   1.3239515071229766e+00	   9.8226878370273352e-01	   1.2947528436595908e+00	   7.4633483006170365e-01	   1.0198164746455303e+00	   1.0481452613742663e+00	   5.1106012553165514e-01	   5.6766381700912305e-01	   1.0849405248028927e+00	   9.9363333179838553e-01	   9.4017940782882337e-01	   7.8668848665617597e-01	   7.7483645771831411e-01	   5.7445999339313047e-01	   1.2372873683464896e+00	   1.1473239525302157e+00	   1.0999225713080405e+00	   8.7651288463141319e-01	   1.0210736163680243e+00	   1.0236137788674591e+00	   1.0638578622313135e+00	   1.0313495303401554e+00	   9.7697657603813792e-01	   9.8143851530134918e-01	   1.0886364182626309e+00	   1.0555595610213460e+00	   1.0161346416624899e+00	   1.0103417460200217e+00	   5.4166131302716369e-01	   1.0889827526627476e+00	   1.1377131950386219e+00	   1.1157615267826542e+00	   7.8392923692354644e-01	   7.3572991631872398e-01	   5.8190859686693164e-01	   8.3451924946782752e-01	   7.3732100417799418e-01	   2.9612505795057181e-01	   9.7304524602019160e-01	   6.5222146878173837e-01	   9.1486177688614778e-01	   6.8532119750657605e-01	   6.2233424620147804e-01	   8.6826298506209498e-01	   8.6911015107813605e-01	   7.8147499332257686e-01	   2.2965103704258272e-01	   5.7328681205986465e-01	   4.4815921046580232e-01	   2.8053318254314091e-01	   4.3889649075294315e-02	   3.4355783030756054e-01	   5.9268960010056260e-01	   6.1959694878032823e-01	   6.1446284634588255e-01	   4.7647338400725997e-01	   2.5597247304212972e-01	  -2.3508535139144854e-01	
