   0.0000000000000000e+00	   7.5274338109725314e-01	   5.0133582662420029e-01	   5.4154401896989790e-01	   5.0702243518713219e-01	   5.5912426748486821e-01	   5.7043728653108894e-01	   4.8075196886386989e-01	   7.4060308017048693e-01	   5.8539483981130280e-01	   5.6761728639040032e-01	   4.4305297183435532e-01	   5.5339406359422971e-01	   2.9161289505892962e-01	   4.3453930345082858e-01	   2.9407552381155000e-01	   4.6239823111710232e-01	   3.8165759218504824e-01	   8.6495414175038232e-01	   5.7055154836138644e-01	   3.3202333588697980e-01	   3.0384200915985815e-01	   2.3420086441133367e-01	   2.3126571613800470e-01	   2.3439566122411554e-01	   2.7990769973387697e-01	   3.7989566315808587e-01	   3.7582751297683042e-01	   4.9385559237440191e-01	   4.3044326361322327e-01	   2.3962314219068090e-01	   3.1182570355688427e-01	   4.5861348778511035e-01	   3.6149113314154668e-01	   7.7776890637003895e-02	   2.1832374232947765e-01	   9.8180042260517728e-02	   3.7206260608965808e-01	   3.6786264119082601e-01	   3.4874521346238846e-01	   2.7198737764179232e-01	   1.7644709575749831e-01	   1.5634997943255313e-01	   1.2305376200653328e-01	   7.8965185475149885e-02	   1.0061946288841912e-01	   1.9751256545177304e-01	   2.1397156249925198e-01	   2.9471488443324179e-01	   4.2878918850166217e-02	   3.3646703964869823e-01	   1.1347784528400233e-01	   5.6929923507503888e-01	   2.8861176958574186e-01	   4.4387457372471645e-01	   2.6355052623785441e-01	   8.7980371809320945e-01	   5.9615260798658498e-01	   7.1869752663695263e-01	   6.0024926053697969e-01	   8.6323544012595010e-01	   5.1867299683574453e-01	   2.4471342497515328e-01	   1.4950011124659052e-01	   2.7334121373538545e-01	   3.4410172285701462e-01	   3.0007310355199290e-01	   2.5200916765218850e-01	   5.8268470923150351e-01	   6.3262016493836659e-01	   3.9681051910616338e-01	   4.2162202748560962e-01	   5.5131950670393848e-01	   3.8101885679898873e-01	   7.6815584854735675e-01	   3.8005011635970759e-01	   5.3980643679135731e-01	   3.4211409009312760e-01	   2.3859695233223982e-01	   4.3488269189984557e-01	   4.3124516257116374e-01	   3.3114380696147111e-01	   4.4626333899424664e-01	   3.1565020887132006e-01	   3.5252606210876125e-01	   2.2479580940121713e-01	   4.6822454112380940e-01	   2.1442290146276405e-01	   6.3613864743184534e-01	   6.0340895762926205e-01	   4.1645118896538957e-01	   3.0139837796420033e-01	   4.3422082013788116e-01	   4.4386026301665493e-01	   4.6517685589505603e-01	   4.3189363973336642e-01	   5.8437913147246778e-01	   7.2473327234981633e-01	   3.5163055709970292e-01	   7.2577663106853085e-01	   2.8420666407366402e-01	   6.4220624192111597e-01	   2.5050375012617759e-01	   6.3278243405425261e-01	   1.2947951959166393e-01	   1.6418662750856641e-01	  -2.7910705019243309e-02	   6.4863368032240432e-01	   1.2277809666760024e-01	   6.4427999392753865e-01	   3.3369124700642622e-01	   5.2126393646450553e-01	   5.7109563994235790e-01	   4.6390813529108582e-01	   3.0702066648273280e-01	   2.8955560109555235e-02	
   7.5274338109725314e-01	   0.0000000000000000e+00	   2.9907727748658802e-01	   3.7508654483262610e-01	   2.9549961072363012e-01	   3.1238769197962490e-01	   1.7118641617316069e-01	   2.3094516104655100e-01	   3.8105248774303135e-01	   2.5895809560335958e-01	   2.6142666822099531e-01	   3.1889437690804223e-01	   2.1257867244959711e-01	   2.8553588354407278e-01	   3.0057223463258015e-01	   2.6043707323021748e-01	   5.8559421705898074e-01	   5.2897189348199347e-01	   5.4782459772384129e-01	   4.7472690140109686e-01	   3.8851282869728671e-01	   4.8712173270881975e-01	   2.6730010953777328e-01	   2.5776282598950762e-01	   3.7712323136108206e-01	   3.1625968762272183e-01	   4.8513563170061136e-01	   2.9431386857811598e-01	   3.2042211986557906e-01	   4.1048901649719932e-01	   2.1980982691484532e-01	   3.0143182991022649e-01	   3.2492796300939503e-01	   2.2479657006606318e-01	   1.3195631116565987e-01	   2.0223861743189048e-01	   3.1882462763508002e-01	   4.6488837704834074e-01	   4.6502827617715636e-01	   5.2500277184519950e-01	   3.6574362097329638e-01	   3.4469508691508788e-01	   3.4393346902789634e-01	   3.2248935768666764e-01	   1.7433059987811594e-01	   2.0156643011285078e-01	   3.6415855008674392e-01	   4.0887015717890024e-01	   2.2083386831341864e-01	   2.1127183154648033e-01	   3.5761316455930398e-01	   2.5147746563894080e-01	   3.8643049387316414e-01	   3.7662036175623220e-01	   5.8739964784726684e-01	   4.9298680492123481e-01	   1.1447638800765103e+00	   1.1260201806073193e+00	   1.9429994321918104e-01	   2.7497394301914491e-01	   1.5832207999234035e-01	   1.7544561625172125e-01	   1.3104524834027251e-01	   5.7935445526487557e-02	   1.6577397648355977e-01	   3.6119697938356798e-01	   9.0312230722820422e-02	   1.1034254534034457e-01	   4.4961222382036625e-01	   5.1128624779556919e-01	   2.3716822603218313e-01	   4.5803093278928020e-01	   4.0830555319897072e-01	   6.4154017835640709e-01	   5.2010032489081004e-01	   6.1584154115571910e-01	   3.4323016452033200e-01	   4.3955692125870482e-01	   6.1923345235503380e-01	   6.7628007333945772e-01	   6.4650417964989282e-01	   4.5396295318388330e-01	   4.0429115598115295e-01	   3.1720530878763264e-01	   3.4358396750010178e-01	   2.5916533766588484e-01	   3.9418127646415130e-01	   3.1222587217042719e-01	   5.1354342923588203e-01	   5.1004725083454217e-01	   2.7091738350627315e-01	   7.0261748442411009e-02	   2.7571232915564980e-01	   3.1297760464071367e-01	   4.5939491093871154e-01	   2.7556587953861311e-01	   8.3448066923571518e-01	   7.2960657862839384e-01	   4.8018370979016634e-01	   5.5837317161322475e-01	   1.0436816413570715e-01	   4.1223845926009184e-01	   2.3709273094578820e-01	   3.2383293863056972e-01	   1.8491664691223753e-01	   1.4583412796131645e-01	  -2.2804993027087554e-02	   2.4041051213356496e-01	   1.3123730990673219e-01	   4.3702186156071821e-01	   5.3094528637014604e-01	   5.6632073346658562e-01	   4.2265736581948077e-01	   3.5687305225637189e-01	   3.7950535556974851e-01	   2.4765396868251363e-01	
   5.0133582662420029e-01	   2.9907727748658802e-01	   0.0000000000000000e+00	   8.8364209142111561e-01	   9.5072337769225468e-01	   6.1620510840176523e-01	   1.1577824420457186e+00	   5.4658388445329376e-01	   7.2867206842687937e-01	   4.3572866616106876e-01	   3.1500537139516399e-01	   4.5300512088469719e-01	   3.5197259636280115e-01	   3.8143874577222026e-01	   6.1091229820143123e-01	   6.0585912186368007e-01	   1.4062725472872001e-01	   2.8701510656066925e-01	   8.3859753236140466e-01	   6.3597221025977657e-01	   6.7133390868592202e-01	   5.1571715612704194e-01	   1.1138944829807556e+00	   8.1347721293456721e-01	   8.7862290837645340e-01	   6.6458797829417637e-01	   5.6796752928879923e-01	   5.2354788844135269e-01	   3.8797882739900830e-01	   4.1682836796145201e-01	   7.3772134313780491e-01	   6.0931999122018565e-01	   7.1007341005724733e-01	   6.2284583481188283e-01	   5.6839464267118656e-01	   5.9120071434641897e-01	   2.7034763289098279e-01	   3.6159995439033688e-01	   4.5035199469065090e-01	   3.2752302535232819e-01	   3.9030075176200485e-01	   3.2688829198390118e-01	   4.0416828032377922e-01	   3.6871532024983722e-01	   4.2766753153614073e-01	   4.4074540965818310e-01	   4.2443718772258987e-01	   4.0702310027394240e-01	   5.9519459248699336e-01	   4.3571395938149254e-01	   8.3187620627905845e-01	   6.0345939452200525e-01	   6.6085092505981946e-01	   5.1486919063894432e-01	   6.7885518764692099e-01	   5.4464669044591052e-01	   1.4004732150919452e-01	   7.2354303183004384e-02	   4.9470114803953918e-01	   3.2526391595854964e-01	   4.7643807065633204e-01	   4.1304193867735489e-01	   2.9946011528499805e-01	   2.7656344599213523e-01	   9.3356201003732187e-01	   4.2350434178023288e-01	   7.8726274498856097e-01	   6.7075686686104186e-01	   5.8814186130950075e-01	   4.5091114428217860e-01	   5.1194746924244405e-01	   5.6849394247940110e-01	   4.4452514997377551e-01	   3.0814949819575771e-01	   4.2368344425093363e-01	   2.3968423042717177e-01	   5.8674997228090764e-01	   5.3141501084688703e-01	   1.3435705675786441e-01	   3.9420699867787945e-01	   2.2950753639811777e-01	   4.2475106555665526e-01	   6.8805991002973932e-01	   3.2132601884459411e-01	   8.4214610402284584e-01	   6.4594408572613937e-01	   5.2586550831599987e-01	   2.9086117622823449e-01	   9.2137733376860276e-01	   8.7265082422241336e-01	   5.6113529873401047e-01	   5.3419854097313846e-01	   5.8268088107922644e-01	   6.6345344296427877e-01	   3.6677952706379918e-01	   4.5704775038315126e-01	   6.3497347870676235e-01	   7.2949261869617188e-01	   5.0814977281439611e-01	   7.5108855591973855e-01	   4.0548664256250816e-01	   4.6001183481486624e-01	   3.4973689017644871e-01	   3.8297747423898421e-01	   2.2994924809764700e-01	   4.0810167500180777e-01	   2.2439598348653619e-01	   5.8832003994548532e-01	  -1.1804757215345699e-01	   6.0571239915601705e-01	   6.1749896558901196e-01	   6.2694672535408924e-01	   6.1606875435134989e-01	   5.3858449834936317e-01	   5.0011114703470572e-01	  -1.6638691592070140e-01	
   5.4154401896989790e-01	   3.7508654483262610e-01	   8.8364209142111561e-01	   0.0000000000000000e+00	   8.3124450149112983e-01	   1.0527018636165397e+00	   1.0905833267804288e+00	   1.1659680588310026e+00	   7.6013478750133667e-01	   9.3257350803169292e-01	   2.0226789038475740e-01	   9.0706000911539764e-01	   3.3091253279445765e-01	   6.5888353595357740e-01	   5.2438547501341937e-01	   8.3221410664840823e-01	   2.9859979736478237e-01	   4.8208286685653545e-01	   8.2474711572174630e-01	   9.1462921310230816e-01	   4.7044108882834307e-01	   5.0439348984139420e-01	   7.6881559379335063e-01	   1.0147980539091934e+00	   6.0769060954568321e-01	   8.8425799043308939e-01	   4.7339306272892917e-01	   6.4638351940272010e-01	   5.0184422778862570e-01	   6.1001762552316097e-01	   6.2145800683949881e-01	   7.1389301979718955e-01	   7.3295886578080938e-01	   7.7117705763018995e-01	   3.0931792376287437e-01	   4.5718031498708223e-01	   7.4102519309684256e-02	   3.1380260257195824e-01	   3.3386560353879280e-01	   2.9345927256363863e-01	   2.4976545194699293e-01	   3.0143983672445973e-01	   1.3110420695071176e-01	   1.8307231615456623e-01	   2.2179167630733621e-01	   2.6084234633109299e-01	   1.9916118804981300e-01	   2.4160307406115755e-01	   3.7359857895533793e-01	   2.2205388619825117e-01	   6.2457385478203975e-01	   4.7805024918045030e-01	   5.2774834757450939e-01	   3.2748274426982588e-01	   5.5745415117953623e-01	   4.3712506199963513e-01	   2.1574223590378055e-01	   6.5553102206230285e-02	   4.7408413414499456e-01	   5.6691414369101267e-01	   6.2570189506302676e-01	   8.9040276149239950e-01	   5.8711060191485387e-01	   6.2011773340258325e-01	   7.5662074779178401e-01	   6.3899005004633869e-01	   9.1013474064636024e-01	   8.3870700658807684e-01	   7.3449887051584095e-01	   6.8656274210831525e-01	   3.0725280970552105e-01	   5.6572247368932715e-01	   4.8824420456771944e-01	   4.1245187846235054e-01	   4.6054277357064810e-01	   2.5145456696297608e-01	   4.8587624893214831e-01	   6.0439310774517097e-01	   2.8552738626305613e-01	   6.1156517770665486e-01	   4.8984154709962580e-01	   5.2174911681237246e-01	   6.5206510011575913e-01	   3.2959198676546114e-01	   6.1943710604283186e-01	   7.9652567976751409e-01	   3.6077329334385949e-01	   2.3190393864421116e-01	   9.0955173801532729e-01	   7.9625375983050373e-01	   6.1565162684208818e-01	   3.7715941265246355e-01	   8.8109683316916221e-01	   6.1020399332304776e-01	   4.7041411739964084e-01	   6.1999940086095839e-01	   6.7258155084515470e-01	   7.3766490163471554e-01	   4.4212155539425257e-01	   5.2605169230767324e-01	   7.0298413693617068e-01	   5.3694224282168002e-01	   5.7404723754272335e-01	   5.7324506615278159e-01	   4.6714648312067236e-01	   4.1688337853724944e-01	   4.1611181608035880e-01	   7.3343256933611467e-01	  -9.0580739748104488e-02	   6.5993907632843152e-01	   4.8359416266177568e-01	   5.4439224245822193e-01	   6.3901441812529003e-01	   7.7430523685534225e-01	   4.6826870650429026e-01	  -3.1376775376716279e-02	
   5.0702243518713219e-01	   2.9549961072363012e-01	   9.5072337769225468e-01	   8.3124450149112983e-01	   0.0000000000000000e+00	   1.0059355212213499e+00	   1.0519750123671825e+00	   7.9941926834372845e-01	   8.9954746749625469e-01	   6.0700016798732181e-01	   2.5161926702698739e-01	   4.7347936929629897e-01	   2.8468741250215068e-01	   2.4614638123250751e-01	   5.8065769988570015e-01	   5.1187564439831690e-01	   1.4604182473119010e-01	   3.8860824976864566e-01	   9.0081355309315203e-01	   7.6371786612748027e-01	   4.4949212608168254e-01	   3.6858339559188547e-01	   8.2802283820870060e-01	   6.7466729544995518e-01	   5.7249271252429168e-01	   5.7962095667675206e-01	   4.3391086294505782e-01	   6.3576669545695830e-01	   4.8634130138968140e-01	   5.0761331503003437e-01	   6.6889822527951248e-01	   5.5997782653059258e-01	   6.3010081187471856e-01	   6.9032517455021425e-01	   5.8318869601516732e-01	   6.3891027953891255e-01	   9.0544193023386885e-02	   2.6950533410939714e-01	   3.1306684558669429e-01	   1.4939437262623884e-01	   4.2552790073217717e-01	   3.1411506659767058e-01	   3.5083902968775726e-01	   3.5219980625654856e-01	   4.6886300395339098e-01	   4.6460826861708965e-01	   4.0907728654288361e-01	   4.1840393771878681e-01	   4.2231318678613183e-01	   3.0771204512506556e-01	   5.1280061739050731e-01	   3.1229826927225651e-01	   5.6512579603590207e-01	   4.3340116833127151e-01	   4.3165766418727797e-01	   3.2723064435784160e-01	   1.1239862914808738e-01	   9.6261668667991074e-02	   5.3675598105517941e-01	   4.6624368499934943e-01	   5.1552986030897618e-01	   6.0636952497891572e-01	   2.9751453700816438e-01	   3.8030288146742103e-01	   8.4553310066233278e-01	   3.9188586462046510e-01	   6.9972386696681366e-01	   7.2765072028394062e-01	   6.1776639887865847e-01	   4.8236052065515878e-01	   3.8541399139223520e-01	   5.1530787322744875e-01	   5.4946986163642841e-01	   3.6556319608188254e-01	   5.1479347521186836e-01	   3.4164819958702319e-01	   5.3855684330582498e-01	   4.2136433157088943e-01	   5.8130223843155499e-02	   4.1801598822951386e-01	   2.5924022035321337e-01	   4.2806009378755067e-01	   6.6960646290291292e-01	   4.9056253098886088e-01	   6.2983549269591199e-01	   4.5330913078153379e-01	   4.5792943278674025e-01	   2.2703878001183825e-01	   8.3695512427208807e-01	   5.1163776703962760e-01	   7.0926630127346779e-01	   5.2153033380395653e-01	   6.4625059499441617e-01	   5.6412803350644680e-01	   3.5189468799997470e-01	   4.7780090022268767e-01	   5.0763485619747972e-01	   6.6471175187395448e-01	   5.1042778624130669e-01	   6.6128271861084287e-01	   3.5115698838964998e-01	   5.1100473625990139e-01	   3.2891904714598635e-01	   4.6535871385585303e-01	   2.0991884981866649e-01	   3.0554701731842471e-01	   1.4974709365120190e-01	   5.4152401370536651e-01	  -1.3311939946110965e-01	   4.2305164731010730e-01	   5.7806174930668708e-01	   6.4411196719803321e-01	   4.8022286007855097e-01	   4.5100241893017351e-01	   4.2931316533992875e-01	  -1.1296379854475466e-01	
   5.5912426748486821e-01	   3.1238769197962490e-01	   6.1620510840176523e-01	   1.0527018636165397e+00	   1.0059355212213499e+00	   0.0000000000000000e+00	   8.5957017736384000e-01	   1.1910364187769114e+00	   8.3167690580542564e-01	   1.1907051563072866e+00	   1.7853497335344445e-01	   6.3115389460645277e-01	   2.5351849575300534e-01	   3.5623791018902329e-01	   4.0766917466139468e-01	   4.6450532585148974e-01	   1.6165530133118416e-01	   3.7900306657877475e-01	   8.4321748476651015e-01	   7.7062543394267968e-01	   3.3069603560084876e-01	   3.6392273977359224e-01	   5.1881816233430877e-01	   6.1265925178655722e-01	   4.2296723328831803e-01	   7.2503049136150910e-01	   2.9703959104659305e-01	   5.9056783503786192e-01	   4.4424965097185015e-01	   4.9311661181080796e-01	   4.7071202365116260e-01	   5.2338843083303965e-01	   5.0439715948296482e-01	   5.9327603785538507e-01	   3.8549550119834169e-01	   5.7543588888167407e-01	  -3.4123454432164496e-02	   2.8806500753319264e-01	   2.3572876848989277e-01	   2.3218831692362796e-01	   3.3944323341338639e-01	   3.7086749515325207e-01	   1.5147675369042088e-01	   2.0565135768932605e-01	   2.7322116274282238e-01	   3.0132125099687057e-01	   2.1272700840248177e-01	   2.4743454744512661e-01	   3.2318773711004778e-01	   1.9783311078322169e-01	   4.5438958642842842e-01	   3.0102948643394994e-01	   6.3632618361202564e-01	   4.2152145015368958e-01	   4.1584266414149990e-01	   3.3867890791953797e-01	   2.1699352267731586e-01	   5.8427605008456854e-02	   5.7941325714865288e-01	   6.4007384004508849e-01	   6.0605530298795152e-01	   1.1267877210380037e+00	   2.9281332063809534e-01	   3.6253180634339177e-01	   6.7379893988460071e-01	   6.4007800787233882e-01	   6.9697112994188726e-01	   7.3913153138540111e-01	   6.6258717946512247e-01	   6.3672287382143966e-01	   1.9521939150878101e-01	   4.8218336489384911e-01	   4.9512245381444164e-01	   3.6619216543041133e-01	   5.3118701506572341e-01	   3.4609289731099202e-01	   4.7474107299532442e-01	   4.1257647232960198e-01	   1.8187807611126935e-01	   4.9620878466904939e-01	   3.9715213498248331e-01	   3.5026205066332350e-01	   5.9661652378474783e-01	   4.2070630757295269e-01	   4.3078562153354272e-01	   4.0185921691552756e-01	   2.8208334386940709e-01	   1.6669644334177722e-01	   7.4955627560707327e-01	   5.8710465896169917e-01	   7.3095971721446007e-01	   4.6331448468478031e-01	   8.3548425484370492e-01	   5.2709418184624601e-01	   3.3701742904708071e-01	   4.5796059120786381e-01	   4.1634649420738001e-01	   5.4042040065543573e-01	   4.1459756543075182e-01	   5.2201887765321731e-01	   3.9209990135606987e-01	   5.2954127464072687e-01	   3.0070805444323295e-01	   4.0748448969653045e-01	   2.1413947736012925e-01	   1.7013616033273313e-01	   2.1112063494460195e-01	   7.1318386060018257e-01	   2.6742345218112463e-02	   3.8765656113482061e-01	   4.6086656808987048e-01	   4.2238900250535460e-01	   4.8481979330110136e-01	   4.3298296214590692e-01	   3.1673264992373323e-01	  -1.4529800404995116e-01	
   5.7043728653108894e-01	   1.7118641617316069e-01	   1.1577824420457186e+00	   1.0905833267804288e+00	   1.0519750123671825e+00	   8.5957017736384000e-01	   0.0000000000000000e+00	   1.0690726179758612e+00	   1.0091001138987790e+00	   7.5176955088605690e-01	   2.3320322580411504e-01	   6.1932647607515634e-01	   3.8911327088739700e-01	   3.4626255158759095e-01	   4.5115262218138974e-01	   5.3237164335881104e-01	   1.3143954194111171e-01	   3.8380158344803006e-01	   8.7459899416538855e-01	   7.0314977839491233e-01	   3.8491421628670014e-01	   3.0661769315650012e-01	   6.9653063236885915e-01	   6.5029406595206185e-01	   4.5136908594452579e-01	   6.0264835397180538e-01	   2.6510197726284990e-01	   4.8193463740008924e-01	   5.6648365027077596e-01	   4.9725072841401813e-01	   6.1551435645068187e-01	   5.5427459245865740e-01	   7.2978611386823267e-01	   7.0429390350766763e-01	   2.8277388744758497e-01	   3.5930455509874615e-01	   1.0302657857612457e-02	   1.9796740650844161e-01	   3.1282457544827208e-01	   1.9267016848625537e-01	   2.6963992620758376e-01	   1.9194188008615101e-01	   1.7186533249479419e-01	   1.8025346793909708e-01	   2.7362266357037313e-01	   3.0507822402270868e-01	   2.3394843382478681e-01	   1.9392910779242523e-01	   4.1931280849174279e-01	   1.9695483992216312e-01	   5.6772249643004824e-01	   3.4373066179018691e-01	   5.2567103738892274e-01	   3.2295912614807198e-01	   4.1829251139301793e-01	   3.2170151778718320e-01	   9.0560997998555590e-02	  -6.3556147105974889e-02	   5.6474426362620056e-01	   4.1043802665004997e-01	   7.2469440369013838e-01	   7.1121912405510535e-01	   4.5523680170560604e-01	   4.9228167420686564e-01	   8.2700171400446232e-01	   3.9021550024095619e-01	   7.8919798224443882e-01	   6.8252439906420403e-01	   6.3091715557912009e-01	   5.3215712970962070e-01	   4.9238543918995126e-01	   5.3256440433320795e-01	   5.8453438999978458e-01	   3.1841107624350840e-01	   5.4019089767998107e-01	   2.2638118832492396e-01	   5.5301030067649115e-01	   4.4628601650585853e-01	   1.1910132810253567e-01	   3.1329984924914983e-01	   2.3418837824232630e-01	   3.8029426579676617e-01	   6.1441887636807480e-01	   3.8346602258756640e-01	   5.5297780869403423e-01	   5.1045219047904455e-01	   4.6336915629964548e-01	   1.9962457732611039e-01	   7.8352302258378714e-01	   6.4349757187655743e-01	   5.6953358227456130e-01	   5.0483261309848926e-01	   6.3376628168614979e-01	   5.2166967418202392e-01	   3.0660934870356404e-01	   4.6041344646960980e-01	   4.0599641340887271e-01	   6.1742532491832858e-01	   3.5876615249839200e-01	   6.1261168372705110e-01	   5.4425305905284249e-01	   4.6130679316860401e-01	   3.5032938495339355e-01	   4.6582439997266367e-01	   1.4787222354819307e-01	   3.1131735837620778e-01	   2.2190078725749107e-01	   6.8549095060810572e-01	  -7.5323596897959533e-02	   5.7248141773617667e-01	   2.9964120124138294e-01	   4.6162749628277999e-01	   5.5077077624090720e-01	   4.8209993894799247e-01	   3.3132935860705942e-01	  -2.1622260518064487e-01	
   4.8075196886386989e-01	   2.3094516104655100e-01	   5.4658388445329376e-01	   1.1659680588310026e+00	   7.9941926834372845e-01	   1.1910364187769114e+00	   1.0690726179758612e+00	   0.0000000000000000e+00	   8.1199474672076943e-01	   1.1172308060043892e+00	   1.9827103464441903e-01	   8.4176736091318327e-01	   2.8690131486462056e-01	   4.7772810098115825e-01	   4.3371670990596523e-01	   5.1450829323778269e-01	   2.5312314725681900e-01	   5.0932473174994253e-01	   7.2156455641758921e-01	   7.3020749280349551e-01	   2.1637032223887076e-01	   2.6513219380575331e-01	   4.3508199909228940e-01	   5.4671811979833773e-01	   2.5357377345029203e-01	   5.9186488622002109e-01	   1.8949760665370052e-01	   4.8979198435136734e-01	   6.4896721157583059e-01	   6.0267419693577828e-01	   4.4418431663669322e-01	   5.1816558002564039e-01	   5.1250844308191068e-01	   5.9961104507402752e-01	   1.1768193191048405e-01	   2.3367386671628937e-01	  -9.6758311312557799e-02	   1.0762508279058827e-01	   1.7756171990404057e-01	   7.7077099126709459e-02	   2.4485554383046021e-01	   1.6964706427021894e-01	   4.2248342686228464e-02	   1.0408219307047858e-01	   1.4364071105548987e-01	   2.0351226883994353e-01	   1.1904223313020894e-01	   1.3146117245223174e-01	   2.1429433216681135e-01	   1.0683251236104928e-01	   3.5832573733450768e-01	   2.3681805342470896e-01	   4.1183550333459507e-01	   3.0198217919482034e-01	   2.9437903847968977e-01	   2.5648503712269094e-01	   1.5667715546004013e-01	   1.7950187673900456e-02	   4.7050575385614024e-01	   5.2274154337142975e-01	   6.3098804790352803e-01	   1.1184949045970891e+00	   5.6138565784395689e-01	   6.1966769975608127e-01	   6.0575374343190602e-01	   5.1181355224926728e-01	   6.4447860472316665e-01	   6.2408657422688274e-01	   6.2185050275264575e-01	   5.5424593540289790e-01	   2.3252859990347796e-01	   4.7480454696674601e-01	   5.7871008497566478e-01	   4.2780084895774101e-01	   5.0509657511360673e-01	   3.1299844382824554e-01	   3.7219227202640204e-01	   3.8126571194656950e-01	   2.6675127600186704e-01	   4.8362307549590411e-01	   4.5417166864491254e-01	   3.9309566243130772e-01	   5.6075056737655649e-01	   3.3314459088602522e-01	   4.0483903560787454e-01	   4.1803699679769024e-01	   2.7954670505400225e-01	   1.4743606165073397e-01	   5.7218143202919824e-01	   4.0542787779981265e-01	   5.2188673912848527e-01	   3.2061091321952540e-01	   6.8908523530488341e-01	   4.0077655136630297e-01	   3.3181062980911397e-01	   5.3947865934599259e-01	   3.2654664403244843e-01	   5.3974880198359854e-01	   3.2754540738561927e-01	   4.6060347851331651e-01	   4.8107818212899578e-01	   4.2099436259526457e-01	   3.1141430996051789e-01	   4.5314540090033917e-01	   2.1804138355368213e-01	   2.0399742826892350e-01	   2.5393920936862363e-01	   6.6986054952470875e-01	   1.3787456297657147e-01	   4.7647407445338674e-01	   2.2501804522649893e-01	   3.2318440730400255e-01	   4.5216661733778185e-01	   5.1916264539901968e-01	   3.3170950800067933e-01	  -2.3596380871586307e-02	
   7.4060308017048693e-01	   3.8105248774303135e-01	   7.2867206842687937e-01	   7.6013478750133667e-01	   8.9954746749625469e-01	   8.3167690580542564e-01	   1.0091001138987790e+00	   8.1199474672076943e-01	   0.0000000000000000e+00	   8.7055886461041254e-01	   3.5319234039390401e-01	   5.0210462879054341e-01	   6.5281054969345509e-01	   3.5569503635878669e-01	   5.6889448009959831e-01	   3.3322015994721133e-01	   2.0913097429672189e-01	   2.5601951731943484e-01	   7.4245381907163543e-01	   5.6123397222629179e-01	   1.7962134387559509e-01	   1.5422082077083871e-01	   4.6077737395111734e-01	   4.1899702120481436e-01	   4.0410766785673069e-01	   4.7353323903931865e-01	   3.7815798907966486e-01	   3.7737494925948234e-01	   3.6935198876826658e-01	   2.9425849779239432e-01	   2.6783669179826863e-01	   2.6602188463376170e-01	   3.9140361411770075e-01	   3.9054913709520556e-01	   1.3076561255660354e-01	   2.3896028701066194e-01	  -1.8615593049071757e-01	   1.4516810409255532e-01	   2.1117897049377063e-01	   6.0552122523527395e-02	   1.4770334685633230e-01	   3.3244524593508636e-02	   4.4483035223114482e-02	   1.3765591417329592e-02	   2.0244729581446411e-02	   6.0370545968456819e-02	   9.8123032204927810e-02	   9.6211481567773954e-02	   2.6323958361199112e-01	   5.1383632651133028e-02	   3.8599757007718000e-01	   2.0341177740675095e-01	   6.5022409113797164e-01	   4.0650585533032846e-01	   3.5615053284597875e-01	   2.2557023435874701e-01	   2.7389452958042237e-01	   1.7429479616701801e-01	   6.8836473523822639e-01	   6.3998764452793577e-01	   8.1921859127359387e-01	   6.7847075578923011e-01	   8.6488859321677297e-02	   1.4587502588248030e-01	   6.2810294642277098e-01	   4.0593527054953954e-01	   4.8597404939730549e-01	   3.9338442180809591e-01	   5.3044536837541822e-01	   6.5837185734717352e-01	   3.3894835203206958e-01	   5.7107904606163906e-01	   3.5431410951268133e-01	   1.9283810894532971e-01	   3.9879258148792779e-01	   1.4973244144496192e-01	   3.7393721564925941e-01	   2.0518918852250079e-01	   5.3840667497623958e-02	   2.7378408374430746e-01	   1.6443232160283264e-01	   1.2976626750482492e-01	   4.6254346633074950e-01	   2.1585457389444510e-01	   2.8191788237621496e-01	   2.0914525567330666e-01	   3.6051461882131419e-01	   8.2149233059832898e-03	   7.6059074859303721e-01	   6.7289496259660042e-01	   5.8114971890452438e-01	   4.7264832962496195e-01	   7.2309674232878429e-01	   6.7146403613614802e-01	   3.2856968252582403e-01	   3.0645141363667561e-01	   4.4254002648376067e-01	   4.6092942728271269e-01	   2.8319225864611502e-01	   6.0422413880934456e-01	   4.7111843403344367e-01	   8.5969945158096861e-01	   3.5003661407387393e-01	   5.7734334554000200e-01	   1.9461673006106109e-01	   2.9540354844029132e-01	   2.3039121292735454e-01	   8.3321927184422784e-01	   4.1237485502690012e-02	   4.7877623384533197e-01	   3.2648406717409173e-01	   4.0151982023754618e-01	   3.7290287658819782e-01	   4.0299480978118646e-01	   2.8355134562678724e-01	  -1.4462226492483308e-02	
   5.8539483981130280e-01	   2.5895809560335958e-01	   4.3572866616106876e-01	   9.3257350803169292e-01	   6.0700016798732181e-01	   1.1907051563072866e+00	   7.5176955088605690e-01	   1.1172308060043892e+00	   8.7055886461041254e-01	   0.0000000000000000e+00	   1.3994432079220978e-01	   6.2264903299867802e-01	   3.4214552442250090e-01	   3.6628369289129070e-01	   3.0727775566477333e-01	   3.9471158262304673e-01	   1.8727178911220094e-01	   3.2594608472099512e-01	   6.1173242571212250e-01	   5.9920039415701420e-01	   7.6203130830417506e-02	   1.6165411643615865e-01	   2.7582373123212167e-01	   4.3694405714214990e-01	   2.4821534175803647e-01	   5.0394279823622468e-01	   1.7621052896385619e-01	   3.3444264884064162e-01	   3.8221288714539131e-01	   3.5960671544843936e-01	   1.6205248207202222e-01	   2.8172762573979743e-01	   3.2207122691453477e-01	   3.5276767822585942e-01	  -5.6074856714313184e-02	   1.4161734664742026e-01	  -2.4161504254523594e-01	   1.2206118991389497e-01	   3.0557108660374095e-02	   6.8562268910245736e-02	   4.1429776663731821e-02	   6.8674153975480309e-02	  -1.0277052704102194e-01	  -7.7739687508225880e-02	  -9.6421171434251191e-02	  -4.8338785496659348e-02	  -5.4741060791314994e-02	  -2.5161121413471314e-02	   3.3780163432800242e-02	  -1.1093756542934313e-01	   1.8372495283017834e-01	   4.5831903810686331e-02	   4.1686192400111877e-01	   2.4167056539925619e-01	   1.7576381548377221e-01	   1.0858793638273466e-01	   2.8292780636456577e-01	   7.3106174840596116e-02	   4.7783686821683297e-01	   5.2307444134028125e-01	   6.7873485492466057e-01	   9.3364224086339309e-01	   2.4693667281336729e-01	   2.6266909706422514e-01	   3.9057262918568497e-01	   5.3994900753180264e-01	   4.2975957511583968e-01	   3.5349225842519733e-01	   5.4485303537643959e-01	   6.6376683440483808e-01	   6.9385710501924380e-02	   3.6758113920857571e-01	   3.3678316170251965e-01	   1.6976827574601022e-01	   4.3243829662404409e-01	   1.8810982315825261e-01	   2.2540727851858650e-01	   2.0136657150789500e-01	   1.9224830830165066e-01	   3.1514315468600540e-01	   2.7035904174785297e-01	   1.1610614342466742e-01	   3.2813123210243172e-01	   2.4820837097303627e-01	   1.4699652746870812e-01	   2.0054719919626146e-01	   1.1233782661587587e-01	   1.6612867287166089e-02	   5.3018016356471076e-01	   4.4637933469266161e-01	   4.9685301322287850e-01	   3.1870751280629922e-01	   8.0476446947576097e-01	   4.8346479959164856e-01	   3.2328381683666046e-01	   4.2337201340896335e-01	   2.4805515345532683e-01	   3.9576118331644283e-01	   1.3859251235567274e-01	   3.5481812874156465e-01	   4.5292107967498152e-01	   5.2138008833494842e-01	   2.7745697004348030e-01	   4.1858983972231978e-01	   2.0773888734594226e-01	   5.7668668057736489e-02	   1.8944267179916430e-01	   7.3748064135918456e-01	   1.2445609850927615e-01	   4.9831195906593118e-01	   1.8211307244777081e-01	   2.2651712770212021e-01	   3.3473105043498824e-01	   3.5142994745420431e-01	   1.1533082661737280e-01	  -5.2536162145166619e-02	
   5.6761728639040032e-01	   2.6142666822099531e-01	   3.1500537139516399e-01	   2.0226789038475740e-01	   2.5161926702698739e-01	   1.7853497335344445e-01	   2.3320322580411504e-01	   1.9827103464441903e-01	   3.5319234039390401e-01	   1.3994432079220978e-01	   0.0000000000000000e+00	   4.3730959382333856e-01	   1.1236788156071942e+00	   6.8382205882917824e-01	   9.8485098582282160e-01	   3.9107025901183173e-01	   7.0043652070845930e-01	   7.5144293920331465e-02	   4.2515706991956281e-01	   2.6514568283367568e-01	   2.1000215652394927e-01	   1.1951813807246146e-01	   2.2317667467424396e-01	   1.3246837402096304e-01	   2.2650717811582030e-01	   8.7893417025218787e-02	   3.4569543532025587e-01	   7.6882194364268241e-02	   3.8732553876815273e-01	   3.3894062556381371e-01	   1.4915147821697150e-01	   1.7281354606915295e-01	   2.1310509698685939e-01	   1.8603153298625827e-01	   1.1859191351054689e-01	   1.5297552109476839e-01	   5.9862413440756974e-03	   2.5939622322545164e-01	   2.1932592582824159e-01	   2.0712883827913531e-01	   1.8890676212438007e-01	   7.0325338224918543e-02	   1.4513197690049826e-01	   6.0389602256618005e-02	   7.6497445767003597e-02	   9.6776247229965570e-02	   1.8675321533232592e-01	   1.8003278922291163e-01	   3.8622643598326517e-01	   2.1798989416422224e-01	   3.9172776540004473e-01	   3.6249069742644635e-01	   4.7375833478535279e-01	   4.5778538703537563e-01	   3.8070995139056807e-01	   2.9789400303779257e-01	   3.1652456979438987e-01	   3.5502694737401891e-01	   5.7495403329292849e-01	   5.1590948262848424e-01	   4.2599472936576266e-01	   2.5225132705400322e-01	   1.3658870155928349e-01	   1.6101725401813502e-01	   1.0836348763894944e-01	   1.5802919687659733e-02	   2.4022826761306598e-01	   1.9698777207926477e-01	   4.3713377445178853e-01	   2.7318335093499824e-01	   2.6489197404923953e-01	   1.4224987936709235e-01	   1.8885942565751071e-01	   2.4004077763111731e-01	   2.5144602716687520e-01	   1.6138635555979122e-01	   2.4656620769864926e-01	   1.7733411107494035e-01	  -1.8142915652238731e-02	   1.5971802698540213e-01	   3.0924193609145734e-01	   2.3887439170537683e-01	   3.4252106358270618e-01	  -3.4219749582793890e-02	   3.8839304763668780e-01	   1.8524361384023391e-01	   4.6927638389303505e-01	   1.3283022949536888e-01	   2.5613292409252170e-01	   4.1269425838942186e-01	   2.2288764643782227e-01	   2.2375418960630358e-01	   1.3438636218791600e-01	   2.8444318144749658e-01	   3.0636547286190891e-01	   3.0771043356270145e-01	   3.7030565572030733e-01	   4.5231692488919661e-01	   3.2869951254952356e-01	   4.9724625258816335e-01	   2.2313229565844694e-01	   3.2568890370441689e-01	   4.2326814971985904e-01	   3.6540414397958632e-01	   2.6331974360345745e-01	   3.6754189304509843e-01	   2.9343870908195391e-01	   4.9572196823994502e-01	   2.6341322286362923e-01	   4.1855295573615736e-01	   2.9729187955028896e-01	   3.6641301243843627e-01	   4.4954659307479017e-01	   4.1390622831610557e-01	   4.8845946638024329e-01	   1.8933846959825162e-01	
   4.4305297183435532e-01	   3.1889437690804223e-01	   4.5300512088469719e-01	   9.0706000911539764e-01	   4.7347936929629897e-01	   6.3115389460645277e-01	   6.1932647607515634e-01	   8.4176736091318327e-01	   5.0210462879054341e-01	   6.2264903299867802e-01	   4.3730959382333856e-01	   0.0000000000000000e+00	   5.2290589430552536e-01	   1.2865335457258735e+00	   7.0880121341016622e-01	   8.5170046084477724e-01	   6.5341902813457442e-01	   7.1871612489264458e-01	   6.6232486831971371e-01	   8.3117725033945877e-01	   4.1117242674820031e-01	   5.1046341588666433e-01	   4.4182194714338197e-01	   5.8048247241457407e-01	   3.6911623613898159e-01	   5.0309996328688700e-01	   3.2072007499657396e-01	   3.4925976622663552e-01	   9.1003506989625105e-01	   9.8706954532733859e-01	   4.9613643382854089e-01	   5.8202219725365167e-01	   6.9747220679592603e-01	   7.7248580322859739e-01	   2.3909697884089470e-01	   3.2568673647091129e-01	  -2.4385706491761258e-03	   3.3348370552287171e-01	   2.4102432067330024e-01	   2.8130387691440384e-01	   2.9165490731731852e-01	   3.2292243161656164e-01	  -2.1934364956631782e-02	   5.0769645040472523e-02	   1.3804068179711296e-01	   1.9253068949521343e-01	   9.8688960931874944e-02	   1.2768884643205003e-01	   1.7060516952606183e-01	   7.8442273838080750e-02	   3.1160625688364380e-01	   2.6799754571982232e-01	   2.6030611588114605e-01	   2.5005390125554239e-01	   3.8609209317860038e-01	   2.6741092882603279e-01	   1.6602731762295814e-01	   7.3860429125989030e-02	   4.2005180986089052e-01	   4.2718762582120345e-01	   5.4532559992144869e-01	   8.3430712158250875e-01	   7.5895879067388239e-01	   9.0272012440094163e-01	   3.6421825309972622e-01	   4.0902238149907466e-01	   6.5673952628920695e-01	   6.1739236010015131e-01	   8.8171689071972592e-01	   6.9412271422065397e-01	   2.1757629672363182e-01	   4.2701750055931892e-01	   5.0894764954302807e-01	   4.9767751557527828e-01	   4.3681341854467681e-01	   1.8842682626041651e-01	   4.7256481531095029e-01	   6.2518437749536282e-01	   4.2160847352913700e-01	   5.9368179828960554e-01	   8.2247193491429771e-01	   6.0636657252730386e-01	   5.7212217024092249e-01	   1.5470995183281905e-01	   4.9117343257992641e-01	   6.5607872713302184e-01	   4.9132606149073066e-01	   6.8256040809815566e-02	   6.1873664038826881e-01	   4.8739832351113982e-01	   3.5758257953995587e-01	   2.0007255945755387e-01	   5.1441405561624221e-01	   3.8490038440541474e-01	   4.3335443353569192e-01	   5.5954696538436077e-01	   6.0091901180376128e-01	   6.6991269994488400e-01	   3.5527971457168417e-01	   4.0382973171441489e-01	   4.4802667335919522e-01	   3.6667311928695112e-01	   5.4740834784229420e-01	   5.0937499825682464e-01	   4.0428003968451787e-01	   3.5078840168421527e-01	   3.9262110646570736e-01	   6.2532690554025938e-01	   9.5482880937385731e-02	   6.3772173053554493e-01	   3.9833383208928996e-01	   4.0718836469597020e-01	   4.9300113758788533e-01	   6.2977139996040510e-01	   5.6239453337786682e-01	   1.4665050278250943e-01	
   5.5339406359422971e-01	   2.1257867244959711e-01	   3.5197259636280115e-01	   3.3091253279445765e-01	   2.8468741250215068e-01	   2.5351849575300534e-01	   3.8911327088739700e-01	   2.8690131486462056e-01	   6.5281054969345509e-01	   3.4214552442250090e-01	   1.1236788156071942e+00	   5.2290589430552536e-01	   0.0000000000000000e+00	   7.2727445511841959e-01	   7.7021777187104001e-01	   2.6227148847068177e-01	   5.8834549558426052e-01	   2.6982791144314559e-02	   3.7828257523417069e-01	   2.4710683752421067e-01	   6.7663640899663327e-02	   3.3189668437859157e-03	   1.1886064439222389e-01	   9.2323496605015348e-02	   2.6947225776370554e-01	   1.7100842474917899e-01	   3.4840388914781784e-01	   9.6372153837352981e-02	   2.8699068201637062e-01	   2.1874636840849951e-01	   6.4279729425105833e-02	   1.3036146328695047e-01	   3.0380353353682399e-01	   2.6066216854696023e-01	  -1.0573064851711314e-03	   6.7582681560192953e-02	  -1.7758742727982763e-01	   6.6189460047430718e-02	   2.1449481641509235e-01	   8.5520968215609727e-02	  -4.0234639676494474e-02	  -1.7207480780094367e-01	  -1.1203615847472970e-01	  -1.6465202039126262e-01	  -1.7589778227517683e-01	  -1.3885090509184855e-01	  -7.0700412269693674e-02	  -6.6314506643234891e-02	   2.3028805838576022e-01	  -3.1806700075986433e-02	   2.5792582088246863e-01	   1.6316192096913645e-01	   3.1964078549446512e-01	   1.5870413125542346e-01	   3.1759911649074790e-01	   1.0653153386584856e-01	   2.6773750921804107e-01	   1.9429240532931924e-01	   6.8068810735337071e-01	   6.1349048382797133e-01	   7.0550296414299007e-01	   3.6138370107230611e-01	   7.9189356317969903e-02	   1.3095852627964405e-01	   1.5955779660550698e-01	   1.4255768544896982e-01	   3.7683801636537384e-01	   2.4403422326918689e-01	   4.4485912314450382e-01	   4.1586387333151037e-01	   3.3636754251195577e-01	   2.2829442337556050e-01	   9.9648011410673767e-02	   9.5328662580587822e-02	   1.8568498209515219e-01	   4.7149288675971075e-02	   3.2162112868845139e-01	   1.9623838881784827e-01	  -4.0527959165226807e-02	   7.7459807321785562e-02	   1.8875831961808057e-01	   3.6765302955504155e-02	   1.1078753198514087e-01	  -2.3444640613362414e-01	   1.1972296494003218e-01	   1.0076208521489584e-01	   3.3009051693533709e-01	  -1.2081988129580615e-01	   4.3702597189748410e-01	   4.2966570375800989e-01	   1.3539025535302210e-01	   1.9886314041749537e-01	   1.8108543033805105e-01	   3.2970766731809764e-01	   3.5478601488503747e-01	   1.9111425547247390e-01	   4.0551938103012070e-01	   3.4772893050926434e-01	   1.0738604742056096e-01	   3.9346901457512939e-01	   3.2148859236595850e-01	   4.8104174934950017e-01	   5.1095253207579561e-01	   4.4124818442755265e-01	   3.2098831517222343e-01	   4.2933741273244597e-01	   2.7461479616889872e-01	   6.4886840335504703e-01	   7.5811936893846119e-02	   4.4453541603556335e-01	   1.4382756999859139e-01	   1.7647779758019827e-01	   2.7642321646535806e-01	   3.7673486403968903e-01	   3.5815435960889414e-01	   2.0945857804892512e-01	
