   0.0000000000000000e+00	   8.8129684817659593e-01	   1.9662548113958556e-01	   5.2280834303663837e-01	   4.1277123666997029e-01	   2.3935307271193415e-01	   2.9775279742212013e-01	   5.0762814645640519e-01	   4.6746916539857569e-01	   4.9290767939707703e-01	   8.2209185084246628e-01	   7.3167411839390528e-01	   3.5417948087802353e-01	   5.9541376681332947e-01	   5.7364782820290428e-01	   5.0644221422361779e-01	   7.7808413584068492e-01	   8.4848477629648578e-01	   7.2305635290302739e-01	   9.6804087622135515e-01	   2.4045593113012398e-01	   1.5404051107944647e-01	   2.5696343538965200e-01	   2.7341610155323448e-01	  -1.8580975726637702e-01	  -2.0605850812485721e-01	   1.2235398224058627e-01	   2.0839342130452179e-01	   8.0993862688947915e-01	   6.8214740188454526e-01	   1.4075402338129259e-01	   1.3744163561566192e-01	   4.9733577433304565e-01	   4.2242553227612917e-01	  -1.2568763966066726e-01	  -1.1495577536008383e-01	   2.8322529470145830e-01	   2.4432546022380563e-01	   2.3172815907632682e-01	   4.0763093249097498e-01	   4.7260295471807545e-01	   3.7957462727149172e-01	   4.6600485563697858e-01	   5.3110658703905167e-01	   3.9626870118253738e-01	   6.6064972214026152e-01	   6.6262184178083927e-01	   6.7737137148362259e-01	   7.4324167266309438e-01	   7.3808634650471627e-01	   6.7743498620167886e-01	   6.2715664946734495e-01	   6.5066110942588962e-01	   2.6751383297879672e-01	   7.7851663864032183e-01	   7.9789346238415471e-01	   1.3289986822815281e+00	   8.3659955851246814e-01	   6.6292395360429646e-01	   7.0408060164794306e-01	   4.5257573076602609e-01	   1.7101810846849608e-01	   6.4681342628508498e-01	   7.2533509824475706e-01	  -6.5689873566996002e-02	  -1.4647030920007853e-01	   4.4537027624470217e-03	   4.6435743602474044e-02	   5.5969224089707503e-01	   4.4842260418241886e-01	   4.5266749349506979e-01	   3.8562382961373820e-01	   6.7048948429747124e-01	   5.6455905107931192e-01	   5.4121914372383861e-01	   3.4679471816549312e-01	   5.0715478920494572e-01	   4.5081911720449885e-01	   5.6130646949007079e-01	   3.0235249039428091e-01	   4.5020416190441037e-01	   2.8667787267374328e-01	   7.0101813279052327e-01	   7.7134105276177389e-01	   2.0296333872247538e-01	   3.9635014258876627e-01	   4.7000117314880913e-01	   4.9406533970992295e-01	   4.5070921972229738e-01	   6.0613619191084378e-01	   5.1332896913850645e-01	   1.3311341238277721e-01	   2.5659404650648598e-01	   1.6864598795658925e-01	  -1.8941877166587448e-01	   2.7872806581396475e-01	   2.1979140297426472e-01	   6.9381508753213184e-01	   9.4058062777365314e-01	   8.9998541538089982e-01	   6.2405647965180311e-01	   2.1896746294671954e-01	   8.9211331270104721e-01	   6.5118567783330061e-01	  -8.9467315618666277e-02	   1.0381491495124273e-01	   4.5263315572852103e-01	   3.1001601920269267e-01	   1.1609150503001558e-01	   5.7822039158435458e-02	   4.3120962272404362e-01	   7.1955429181284991e-01	   6.9352070892593631e-01	   6.1614155318815378e-01	   3.6495045585782360e-01	  -1.6726984787599566e-01	
   8.8129684817659593e-01	   0.0000000000000000e+00	   3.8586157460909021e-01	   4.2020809676161758e-01	   4.8461767524637728e-01	   1.9959179032953767e-01	   3.6064430387594082e-01	   3.4986980892743996e-01	   4.9355694412369389e-01	   4.7419883109545224e-01	   5.4581586188863740e-01	   6.7967682251514761e-01	   3.5476902377280967e-01	   4.5030477044455919e-01	   7.2636643507496867e-01	   6.0717550363617789e-01	   6.0692156817440057e-01	   8.8531462626363089e-01	   6.4610336835086057e-01	   8.1371850816760305e-01	   3.6369569906389765e-01	   2.5322761620438883e-01	   4.6902791934192051e-01	   3.8554210414411877e-01	   1.8324044614993046e-01	   9.2537102934104956e-02	   4.6829648466832041e-01	   3.3697735468760309e-01	   6.1303895113571505e-01	   5.5899281941584245e-01	   3.2167492140823872e-01	   1.8813892132877008e-01	   4.7825015164614104e-01	   3.6629305354773434e-01	   8.8690430049308641e-02	  -1.4555838743450492e-02	   4.3827261507516124e-01	   5.1078022998719241e-01	   4.8159917852857198e-01	   4.3361111647279332e-01	   4.5370277505183698e-01	   3.2036997411450324e-01	   3.5049363588818827e-01	   3.9035134187658005e-01	   2.6704674002055295e-01	   4.6926649007660620e-01	   5.4991132928573372e-01	   5.3434729504025635e-01	   5.4346713741817942e-01	   6.9036093218076455e-01	   7.8698623554471459e-01	   6.6834985705790062e-01	   7.6127869030497175e-01	   5.4182426579686338e-01	   6.9051617582516012e-01	   8.3126410526702055e-01	   1.0030135068210937e+00	   6.0766499528320050e-01	   1.7276852346191540e-01	   3.8907133641388136e-01	   1.9042188502130081e-01	   1.4508851451025456e-01	   3.0350278026304489e-01	   5.0062992146651730e-01	   1.2149388858218921e-01	  -1.1385708520981566e-01	   6.2119385751059832e-02	  -2.9546280738411250e-02	   4.0079956167844799e-01	   3.7555810240597121e-01	   5.3849279549687412e-01	   4.6357679597933504e-01	   5.3352910646311424e-01	   5.2219955310299682e-01	   6.0070993900416669e-01	   3.6983965136242553e-01	   4.6112064683159892e-01	   5.4551680280521320e-01	   4.3681727751079541e-01	   3.4020837945879717e-01	   4.4359744311048072e-01	   4.2028253400277338e-01	   7.2910067128681777e-01	   6.8101543845382773e-01	   3.6497591817700087e-01	   5.0477558185257121e-01	   6.1554440189239834e-01	   5.5675759888348209e-01	   3.8804976495843685e-01	   6.5221260446213847e-01	   5.9986376494893567e-01	   2.3317847170410055e-01	   2.9482649020279250e-01	   2.6468338396042690e-01	  -5.6742426876518752e-02	   3.1833997751585597e-01	   2.7385469009189795e-01	   5.8546854730131426e-01	   6.8902118366793019e-01	   7.4098749021711141e-01	   3.3985212817384164e-01	   6.1189365350984168e-02	   4.7732756873842552e-01	   2.7459496781634452e-01	   2.4036755087597578e-02	   1.2153185581042132e-01	   2.9174448538522457e-01	  -3.8560334632666081e-02	   2.0819525663961694e-01	   2.9296623330344185e-01	   5.6033963839599632e-01	   8.5436192831075264e-01	   5.8885369337966531e-01	   7.0283221545695707e-01	   5.4860657907687438e-01	  -1.3871645770350441e-01	
   1.9662548113958556e-01	   3.8586157460909021e-01	   0.0000000000000000e+00	   5.9685391200573179e-01	   1.0106271454307372e+00	   1.5827403345384344e-01	   1.1873310584811931e+00	   2.5833148839840442e-01	   5.5943632441891644e-01	   7.1221501719606374e-03	   7.9739315643899925e-02	  -2.8590848298092436e-01	   2.6994905240483852e-01	  -2.4213718525586736e-01	   6.5583149555303788e-01	   1.7173329504228466e-01	  -1.5749500214049034e-01	   1.6213182172439566e-01	   9.2048886889021853e-01	   3.7209489523484057e-01	   6.5289012008449432e-01	   2.8458444141756067e-01	   1.2568560385661487e+00	   6.3151086101145903e-01	   7.0514258990104528e-01	   5.8342375224902865e-01	   8.4920532306504048e-01	   1.9802948651413624e-01	  -1.0234593456476129e-01	  -1.3926064601774293e-01	   9.8992142932238580e-01	   6.0347071360637961e-01	   6.9557278834744218e-01	   3.3107639992328469e-01	   7.4064751407370710e-01	   3.9169791551410849e-01	   2.5428170177233345e-01	   3.7506930589771548e-01	   6.0462949596650151e-01	   4.1290573945081654e-01	   2.2345882982653600e-01	   2.2141894516981053e-01	   4.6765214469366612e-01	   3.3546372033861344e-01	   3.3307546240342562e-01	   1.6464516791926043e-01	   3.1411192917708475e-01	   3.0531833054082796e-01	   2.0806552305055775e-01	   1.2619785818194695e-01	   2.1498266614249750e-01	   9.6899212511182914e-02	   1.7610970148767768e-01	   2.7568697101853179e-01	   3.7405554922194417e-01	   4.4703108318383661e-01	   1.0387853046463434e-01	   1.1735960884568257e-02	  -1.2453113376766593e-01	  -6.7021459521815513e-02	   3.7121489882811561e-02	   1.0398057997429194e-01	  -5.6524843338239886e-03	  -1.1509887005164277e-01	   7.4628254236823333e-01	   1.7097173546881653e-01	   8.2522864816394659e-01	   3.9928129832417497e-01	   5.7874060719249432e-01	   4.8740897611449485e-01	   2.8531647231385421e-01	   4.2336796193549209e-01	   1.2048005507755927e-01	   4.5462876445219069e-02	   3.5761868436319616e-01	   2.2854708157723586e-01	   2.4972322788998003e-01	   3.1863297363154391e-01	  -1.7710790439891375e-01	   5.6893722463053395e-02	  -1.7172970489450139e-02	   1.8813925565269501e-01	   7.9030091764440025e-01	   1.9777034214185726e-01	   9.7338696419725101e-01	   3.6325645540145290e-01	   8.6389350662308417e-01	   5.3595096382942353e-01	   6.0371007219080286e-01	   5.9650511518575033e-01	   6.8856188651940020e-01	   1.0578238964823896e+00	   4.1896733228055433e-01	   1.1476841792187613e+00	  -2.5548308853143218e-02	   4.8744795485746353e-02	   2.3168668809363796e-01	   1.5514291274743292e-01	   3.8727409903713000e-01	   5.1259122279578107e-01	   2.4958808570232455e-01	   7.3824873782506151e-01	   3.3277768706529115e-01	   5.4133554813210505e-01	   2.6566274325178163e-01	   3.6378292834909903e-01	   1.6690563202327813e-01	   5.0065213284108556e-01	  -8.8804971858099394e-02	  -1.5934375756980901e-01	   3.8204963253956198e-01	   2.2441411133617042e-01	   1.4502868036111272e-01	   3.0898257528832540e-01	   5.4296168178494775e-01	   7.5744062042729335e-02	
   5.2280834303663837e-01	   4.2020809676161758e-01	   5.9685391200573179e-01	   0.0000000000000000e+00	   7.6716097537006345e-01	   6.5483724375966212e-01	   5.6865534210400492e-01	   1.0465860608687374e+00	   6.9736532668772888e-01	   5.4946309645216218e-01	   3.8307646034081966e-01	   3.4261568756193678e-01	   3.4577911391606725e-01	   4.0278434843862743e-01	   7.8608927743216717e-01	   6.4525188834384406e-01	   1.1436782769415468e-01	   3.2660447374210683e-01	   8.0788547382203446e-01	   5.5992899050949974e-01	   3.5338260996109294e-01	   2.3103894884156970e-01	   8.0784039857290690e-01	   1.1716709778285415e+00	   2.4756754408328113e-01	   3.5338275743358649e-01	   5.2532323952434845e-01	   4.7475340943903266e-01	   2.0274033183114207e-01	   2.5355550602726057e-01	   6.4048152774885958e-01	   6.2622563189690061e-01	   6.2522984352378430e-01	   6.3995019655715180e-01	   4.5886142146647668e-01	   4.5674062718476316e-01	   2.2494377707334481e-01	   2.3765546217168187e-01	   3.4340439970691061e-01	   3.4448223890598634e-01	   3.1215948261426596e-01	   2.8890187597882000e-01	   2.7261195124403809e-01	   2.2061460315030695e-01	   2.3022032821964941e-01	   1.9936220480994235e-01	   2.6979141729297895e-01	   2.9289460462394495e-01	   2.1260066621409721e-01	   2.1855297928199349e-01	   3.2547235013509002e-01	   1.7832800175294400e-01	   3.1236894748416921e-01	   2.9309348338577279e-01	   3.3999041506363736e-01	   4.3873957752336867e-01	   4.3516576164173687e-01	   3.2132377569497672e-01	   6.5061310445479192e-02	   3.9631793816719152e-01	   2.9174177274542351e-01	   7.1386706375981834e-01	   1.8432387961165830e-01	   3.8925168651857572e-01	   4.7488142449013754e-01	   5.2166097108004450e-01	   3.5003964280094713e-01	   3.7532658554728732e-01	   5.5497938358401622e-01	   5.3614509824962342e-01	   4.0066647031473451e-01	   5.1451814080619429e-01	   2.2952432592620756e-01	   2.4860037569114130e-01	   3.4976134204754467e-01	   3.9262888588180400e-01	   2.7427524228095279e-01	   3.9164028812736867e-01	   1.8220550162003071e-01	   1.0816658425281016e-01	   2.1497571222599685e-01	   2.5261747513148936e-01	   8.0393705678844674e-01	   3.5036983426179552e-01	   6.7562026496418504e-01	   8.9282164293848776e-01	   7.0629802005034636e-01	   5.3839222950060239e-01	   7.6949555851759921e-01	   9.5508376926041383e-01	   8.3549558397123569e-01	   4.2209326016418086e-01	   1.0180546868258440e+00	   5.3748804905534064e-01	  -9.6536691202817868e-02	   1.7896816091925663e-01	   1.8612905326040430e-01	   3.0092873919554519e-01	   4.4837532879606357e-01	   4.7685062584452498e-01	   7.2470090904633744e-01	   3.9003033185421898e-01	   5.7447198202375693e-01	   4.4207422161084742e-01	   1.3478227410916210e-01	   1.5635381649380370e-01	   3.4412483351268752e-01	   3.7126312864709582e-01	  -1.7218320948923804e-01	  -8.6766933259508655e-02	   3.0461302085334696e-01	   4.4834348592493223e-01	   3.2617949466687540e-01	   3.3346232771452855e-01	   3.8329556844599172e-01	  -8.3199678616940997e-02	
   4.1277123666997029e-01	   4.8461767524637728e-01	   1.0106271454307372e+00	   7.6716097537006345e-01	   0.0000000000000000e+00	   4.8046155736338858e-01	   1.0772675627859514e+00	   5.6223592482329920e-01	   1.2159422289540549e+00	   4.1455579392605274e-01	   3.4009730005237321e-01	   6.7688453669058790e-02	   4.1860496158927052e-01	   1.2093464410230470e-01	   1.0165122093693819e+00	   5.1763650641177839e-01	   9.4169367193042530e-02	   2.7147970765805829e-01	   8.8926252390004623e-01	   5.0690829268320114e-01	   5.6791403745303592e-01	   2.7740178181090824e-01	   1.0145224436033564e+00	   7.1311153563681329e-01	   4.0033765810952693e-01	   3.5564208756613008e-01	   6.4311202305172688e-01	   2.7415701752366523e-01	   1.8742636078642280e-01	   9.9510519180172050e-02	   8.5075678183939418e-01	   5.9503616546028948e-01	   7.3106546813805584e-01	   5.9726897421263669e-01	   6.7467455566883205e-01	   4.5247422885221666e-01	   4.0948456402963013e-01	   4.2590515285534752e-01	   6.3830335586557863e-01	   4.2919282159662270e-01	   2.5118621610349590e-01	   1.9568340908158879e-01	   4.3104285777925455e-01	   3.6594045565815486e-01	   3.3833437657609244e-01	   2.7267461810252580e-01	   4.2158530142854733e-01	   3.9626072965568426e-01	   3.3466969913295025e-01	   2.5191186048934799e-01	   3.3713693071419026e-01	   1.1944014881649598e-01	   3.6430586045950047e-01	   2.3840369668399330e-01	   4.7118707229714407e-01	   4.7374534957336334e-01	   3.7167526887402891e-01	   2.1147193383638779e-01	   1.4893500660995171e-02	   1.6526022731660972e-01	   3.1645866743729711e-01	   4.4462616003848449e-01	   1.7181521524246074e-01	   1.1817015743975612e-01	   6.3183606496678690e-01	   2.5413996715965975e-01	   5.2889258792740246e-01	   3.3189121193109467e-01	   7.1655861364401163e-01	   6.7283410801338750e-01	   3.3022901195811022e-01	   5.0175832514638319e-01	   2.1634562490385070e-01	   8.8760651410987476e-02	   3.6171709715079658e-01	   1.6607646964190836e-01	   2.5096185798076764e-01	   2.8832345882502419e-01	   1.8328671092841097e-02	   7.9163232861026292e-02	   5.2520468965626767e-02	   1.7365173201574219e-01	   8.9246961671479919e-01	   3.1728267890397593e-01	   7.1890649592555322e-01	   4.9037273960018657e-01	   8.1208959773825717e-01	   3.9552781957616168e-01	   6.7454557930550563e-01	   7.1489510094936748e-01	   8.5036563698959466e-01	   7.7904244555866842e-01	   5.7600471123046626e-01	   8.5383061695078188e-01	  -5.7589914110707921e-02	  -1.0887171452185164e-02	   2.8045584028532944e-01	   2.8235863547766776e-01	   6.0709430054533964e-01	   5.7833711734769189e-01	   3.3616019667211711e-01	   4.9623028380895695e-01	   4.4787371143901189e-01	   4.5047948566730484e-01	   1.9932355335388544e-01	   2.3010590786896493e-01	   2.4136529379908467e-01	   3.6959436595420125e-01	  -2.6383153175179780e-01	  -1.1337825626292740e-01	   5.6289760295136504e-01	   4.9595269695739264e-01	   3.7248751764898325e-01	   3.5286136441386035e-01	   3.9619202645093476e-01	   3.9375384003671231e-03	
   2.3935307271193415e-01	   1.9959179032953767e-01	   1.5827403345384344e-01	   6.5483724375966212e-01	   4.8046155736338858e-01	   0.0000000000000000e+00	   2.1720745166312186e-01	   7.9946734000041020e-01	   6.9025587389194365e-01	   9.1324401730838756e-01	   2.9266879913109017e-01	   3.1997862656500647e-01	   4.2882870826387098e-01	   5.5284844603105787e-01	   4.9712841155185289e-01	   6.4629033038852457e-01	  -1.0744775667842517e-02	   1.3755599735642063e-01	   2.7172668566952674e-01	   1.6706414533613612e-01	   5.4402329159522630e-02	   1.0986300517615388e-01	   3.5613527150814905e-01	   6.3823291524933634e-01	   1.3032226336353606e-01	   2.7065991540365747e-01	   3.6485788518965023e-01	   6.4696199026259826e-01	   7.0467339142190930e-02	   9.8400207247049648e-02	   2.5020932228620524e-01	   3.0565588960250473e-01	   3.1990952358370456e-01	   4.4430041421140809e-01	   4.0909713766162836e-01	   4.4272577634597610e-01	   2.2459405925379100e-01	   2.0645116905974981e-01	   3.3315687979720066e-01	   2.3124082660658563e-01	   1.8577276873642523e-01	   1.2512216444096991e-01	   6.3185180067811986e-02	   1.3368597587696840e-01	   1.5262814119688741e-02	   9.2353714932045541e-02	   1.1165172231277876e-01	   2.1355811455900245e-01	   1.3448651133237413e-01	   1.3704308376194405e-01	   2.7534831112102631e-01	   6.6362591150409558e-02	   2.3459366749799029e-01	   1.7139946944441975e-01	   1.8679678794005078e-01	   1.5280555760473197e-01	   2.8787190028808207e-01	   3.6073871138419610e-02	   1.0272297710234784e-02	   2.6065268620066778e-01	   4.1551558949399742e-01	   8.3636979341605766e-01	  -7.4198740480689154e-02	   1.3819353164381762e-01	   3.6198724316578940e-01	   6.2635712209711025e-01	   7.9705010415793406e-02	   2.4930548514390458e-01	   4.1455143060890365e-01	   5.4856658313169937e-01	   2.3367061133364946e-02	   1.5642746319135867e-01	   5.3904937086460526e-02	   1.5703830660268703e-02	   7.3833435970658154e-02	   1.2310549451476702e-01	  -1.0683641984140399e-01	   3.5087585911840004e-02	   1.0890402348288407e-01	  -6.4995357725161065e-03	   2.3976370581764252e-02	   1.4436448167003429e-01	   4.4599610399858863e-01	   1.7536242010104208e-01	   2.9275947887048515e-01	   6.2412959849427141e-01	   1.8765598319913049e-01	   1.6236499033944640e-01	   3.5391260302713845e-01	   4.2464333186125303e-01	   5.3459507540878515e-01	   2.2449122013848802e-01	   9.0633553448888771e-01	   2.0690976649535617e-01	   2.1831357206922639e-01	   5.3332680807176701e-02	   2.9024877709914143e-01	   3.6479700499719359e-01	   2.7846268110123973e-01	   1.7441414727911556e-01	   4.4480100809562634e-01	   1.5677906895726262e-01	   2.7025166770776243e-01	   4.6249669754543532e-02	   5.4603053304322323e-02	   3.6033547880711017e-02	   2.6627075086439850e-01	  -3.3819876262188756e-02	  -1.2132733308424337e-01	   1.9400958496394304e-02	   2.9436071034958000e-01	   3.9218921637942117e-01	   4.1118174909913807e-01	   3.2080578290573425e-01	   2.0385788828398660e-01	  -1.0639121194781892e-01	
   2.9775279742212013e-01	   3.6064430387594082e-01	   1.1873310584811931e+00	   5.6865534210400492e-01	   1.0772675627859514e+00	   2.1720745166312186e-01	   0.0000000000000000e+00	   4.5726303026963144e-01	   7.8270782389102367e-01	   1.8947832852542509e-01	   3.1001329559239532e-01	  -1.8018660068380268e-01	   6.5552289800199626e-01	  -7.0143707404046213e-02	   6.2549027329663587e-01	   2.0832485203964032e-01	  -7.3231684875426075e-03	   1.5421529769816594e-01	   8.3875908084430284e-01	   3.8653076657365765e-01	   5.0149126690105084e-01	   2.5453189183724961e-01	   7.3745069886743730e-01	   4.1411463237343388e-01	   2.7684584026909648e-01	   2.2303955069480014e-01	   5.2581911031349648e-01	   7.0547053197224444e-02	   9.1778474892711473e-02	  -4.9365562449158192e-02	   7.4799790236972163e-01	   5.3895753186702078e-01	   8.2654893300195398e-01	   4.8160549663218555e-01	   5.6701948149605141e-01	   4.0083483815895571e-01	   2.4184799145363883e-01	   2.9973147109635490e-01	   4.8173526842116965e-01	   5.0906541278445494e-01	   1.9784176360118388e-01	   2.4998394617239567e-01	   3.5951251404887347e-01	   2.8148020309865096e-01	   3.9914815559884548e-01	   2.7676420682416936e-01	   3.3978886051548063e-01	   2.7659415163352097e-01	   2.4290401343619503e-01	   9.9596786366163537e-02	   1.8518367954176240e-01	   2.5807548742111615e-02	   1.4908994076055826e-01	   1.3387159327587009e-01	   4.0653003716708069e-01	   3.6567454060119259e-01	   1.1162501072972394e-01	   1.1885697510567128e-01	   1.4984077500403342e-01	   9.0310998825940875e-02	   4.1797466252573084e-01	   1.8346659388427958e-01	   1.6740043731817483e-01	   2.2545506184101925e-02	   6.7725637346314604e-01	   1.3836114998507976e-01	   8.1763022165149679e-01	   5.8881735531120238e-01	   5.8487302092089266e-01	   5.2895089509642135e-01	   2.8366105988266438e-01	   5.1442043350782507e-01	   2.6073854526703211e-01	   6.6261176515294715e-02	   4.3769196208260053e-01	   2.3318304308301030e-01	   2.8220061100333416e-01	   3.5813012247254278e-01	  -1.3489175823794869e-01	   4.4390892510054396e-02	   8.1642661298332059e-02	   1.7696370142260764e-01	   7.8268059227105935e-01	   2.8477433904323624e-01	   6.3098390695930617e-01	   2.8751370027589124e-01	   6.3374758654735452e-01	   3.7217090953669463e-01	   5.9355988300715312e-01	   4.5494165822526228e-01	   5.9410577642876250e-01	   7.5059198875742972e-01	   3.6073133185439515e-01	   9.7856297767376432e-01	  -8.4779845115225405e-02	   5.7119601665809074e-03	   1.7843147061109180e-01	   4.9316152028653443e-02	   5.1382059913648903e-01	   4.9057514029351212e-01	   3.9347309975178313e-01	   9.6192991874596712e-01	   5.0250790634628240e-01	   6.7657282486366854e-01	   3.3033242117625122e-02	   1.8263077690813817e-01	   2.6332864695732972e-01	   5.6796847249473625e-01	  -1.0209671486536151e-01	  -2.9158415444687813e-01	   2.9769846830636437e-01	   1.3858358672482693e-01	   1.6103567973653871e-01	   2.0250253316608038e-01	   3.2190964499777153e-01	  -1.2049957896324098e-01	
   5.0762814645640519e-01	   3.4986980892743996e-01	   2.5833148839840442e-01	   1.0465860608687374e+00	   5.6223592482329920e-01	   7.9946734000041020e-01	   4.5726303026963144e-01	   0.0000000000000000e+00	   8.0913252260646618e-01	   9.5406534625997508e-01	   5.6880725968925494e-01	   4.7215244895297304e-01	   5.2198640740417612e-01	   6.4757522808367618e-01	   5.3475159126102156e-01	   4.7300957936437837e-01	   1.9702975240395981e-01	   2.5329625394006217e-01	   5.4037106393736323e-01	   4.3527607027734422e-01	   8.6957765475696697e-02	   9.6042248577504249e-02	   4.2682205059508066e-01	   5.5339984685262578e-01	  -7.5968640893787992e-02	   6.1917245903159668e-02	   2.4149286835742056e-01	   3.5388971905418037e-01	   2.7592326944254875e-01	   2.9711302233827114e-01	   3.7718748576583316e-01	   4.7018029284989493e-01	   5.2982376477858972e-01	   6.5857554900100634e-01	   2.4314384139264605e-01	   3.2374621346450771e-01	   2.0879808554724563e-01	   2.0283194928089482e-01	   2.9300334177943499e-01	   3.8947983994875041e-01	   2.5197876010451159e-01	   2.7392842961700586e-01	   2.3292948844961792e-01	   2.8137902202340337e-01	   2.5421081980516008e-01	   3.6883550732232878e-01	   3.5841341431197771e-01	   3.7531438697266750e-01	   3.1464405827822162e-01	   3.2025626156529707e-01	   3.1875464520330943e-01	   2.2818815335479709e-01	   3.6027827867768003e-01	   1.7898268445368393e-01	   3.4400676424089982e-01	   3.8980699372563982e-01	   3.8292078164652255e-01	   4.3241073899315374e-01	   3.3609867198689636e-01	   7.1532971721359273e-01	   6.0440812029767643e-01	   8.0221788519593196e-01	   2.9623519050438207e-01	   4.8359312973069229e-01	   2.3580947237565153e-01	   4.1416665895551497e-01	   1.2433881143625954e-01	   3.4229464382056590e-01	   3.5236541817150469e-01	   3.2485509042648830e-01	   3.1465672249418247e-01	   3.6529711804182485e-01	   3.1932699819086396e-01	   2.4236653134933300e-01	   2.6512124315985758e-01	   3.0376019906252322e-01	   2.0845015975710604e-01	   3.4895811057024734e-01	   1.1655679562654930e-01	  -1.1775889859421752e-02	   1.7744718889818331e-01	  -1.8163291821307249e-02	   6.7046924722788981e-01	   3.1383561612996164e-01	   2.2356672206538672e-01	   4.9630403572345072e-01	   3.6687995134790680e-01	   1.9655561910664412e-01	   5.5046784833111628e-01	   6.9378959966532416e-01	   5.7024936806042237e-01	   2.2042541979039884e-01	   7.4126476009945019e-01	   2.9463000028251662e-01	  -5.7484882061497357e-02	   1.6952056285718725e-01	   8.6536030049463739e-02	   2.2121433214452707e-01	   4.4537964916344652e-01	   3.8231366583920312e-01	   7.0771904472559133e-01	   2.8992055994155586e-01	   5.0098295495135270e-01	   3.6625043473674174e-01	  -2.1219709819445828e-01	  -8.4826186547399290e-02	   4.8762624829511159e-01	   2.8035116828857243e-01	  -5.0179791307611667e-02	  -1.4154746112664454e-01	   1.4272415340873743e-01	   3.1827492469556284e-01	   3.0443501257710898e-01	   1.4562189293682171e-01	   1.3184775803613238e-01	  -2.5549976925456519e-01	
   4.6746916539857569e-01	   4.9355694412369389e-01	   5.5943632441891644e-01	   6.9736532668772888e-01	   1.2159422289540549e+00	   6.9025587389194365e-01	   7.8270782389102367e-01	   8.0913252260646618e-01	   0.0000000000000000e+00	   6.5769996071895021e-01	   6.6565881831413432e-01	   2.5498891604830365e-01	   6.7705519031676586e-01	   3.7142794587160055e-01	   1.0480409912009911e+00	   5.5427979165653585e-01	   2.3803335202138481e-01	   2.9583078730515983e-01	   6.9018285481305408e-01	   4.6255634066192963e-01	   2.7400612632232374e-01	   2.0739431359488236e-01	   6.9536124542906386e-01	   5.5411675209175049e-01	   1.2023697721945081e-01	   8.2150640791085694e-02	   4.2177106488611749e-01	   3.0220225338165796e-01	   3.2730404642417776e-01	   1.6196156280493107e-01	   5.1816618665466185e-01	   3.6294299969621857e-01	   5.4556723284952013e-01	   6.0671194524633509e-01	   4.7052197462212575e-01	   3.4392797785248930e-01	   3.6865975530937045e-01	   3.5340596758085618e-01	   5.1951045699917808e-01	   4.6195907419499721e-01	   2.6208773011031750e-01	   2.2745058601942689e-01	   2.6106323740486953e-01	   2.5181868479791636e-01	   2.2465383037991832e-01	   2.5203682458366422e-01	   3.4105816274813017e-01	   3.3267741947667873e-01	   2.8012730258313728e-01	   2.8589314214086886e-01	   3.1881675026191697e-01	   1.2919439062274554e-01	   3.8665927020394408e-01	   1.9343317235275947e-01	   4.0633297421198861e-01	   3.7836647869556944e-01	   4.2113042042264359e-01	   3.7341205556576701e-01	   1.7787665223255711e-01	   3.5343997240642933e-01	   6.0498897705721855e-01	   5.5669322987180958e-01	   3.0617264789797666e-01	   3.2588432143576268e-01	   4.7092057425444239e-01	   2.7737254923219268e-01	   3.2908120968673182e-01	   2.1543792281165372e-01	   7.4229812400011352e-01	   7.4553317199078761e-01	   3.5369202992943383e-01	   4.8821094932636133e-01	   3.0850853568202663e-01	   1.4505459730307249e-01	   3.0812838089093147e-01	   1.6044007405986924e-01	   2.3695399100325934e-01	   2.5624990658122698e-01	   2.1696493297490280e-02	   6.8383368871904604e-02	   4.3043462386026222e-02	   9.7581448195032380e-02	   7.9638852561616891e-01	   3.1278180616170131e-01	   4.7758700504473950e-01	   4.4354386616404073e-01	   5.7354054391273213e-01	   2.5905077431513157e-01	   7.1887622685934227e-01	   6.8488116387933617e-01	   7.1751105793359926e-01	   5.6778583078952116e-01	   6.0004791424176129e-01	   6.4087278362205391e-01	  -8.1402409612246582e-02	   7.6068059947149227e-03	   1.7022324247724899e-01	   3.1390621583448947e-01	   5.8332767782948269e-01	   5.3445455624924221e-01	   3.9113669486637015e-01	   4.4273465657836558e-01	   5.0740845455893446e-01	   3.9269516259512138e-01	   2.5280347762690537e-02	   4.9334459539210555e-02	   3.9680986637957444e-01	   2.6879158184296570e-01	  -2.0028912177930314e-01	  -1.6233011691352597e-01	   4.4945072088940452e-01	   5.5504124794326104e-01	   3.9505056371675346e-01	   2.2150949866297087e-01	   2.3128047926539033e-01	  -8.1286163424825975e-02	
   4.9290767939707703e-01	   4.7419883109545224e-01	   7.1221501719606374e-03	   5.4946309645216218e-01	   4.1455579392605274e-01	   9.1324401730838756e-01	   1.8947832852542509e-01	   9.5406534625997508e-01	   6.5769996071895021e-01	   0.0000000000000000e+00	   5.5320795759009167e-01	   7.0972008110454976e-01	   4.3197737909832179e-01	   7.3452211543103629e-01	   5.6353319043343386e-01	   7.4706147134957057e-01	   3.9273912935363070e-01	   4.0109166956030834e-01	   3.9684959199755454e-01	   5.0346017174857327e-01	   1.4938782864607253e-02	   1.2831062003910443e-01	   2.4533350844398055e-01	   4.0151647507334154e-01	  -1.4188281266158775e-01	  -5.1226800491838413e-02	   2.7297222668480153e-01	   5.6289501559985577e-01	   4.4508467164900667e-01	   5.3189514625072420e-01	   1.8054522789654207e-01	   3.2421860967315635e-01	   4.0449089986841613e-01	   5.0735255782285149e-01	   7.3058325613095151e-02	   1.8503491855563797e-01	   3.5576669452059290e-01	   2.7817279171608517e-01	   2.7537938144758117e-01	   1.6865746188475320e-01	   2.9048871719260355e-01	   2.1105831633267511e-01	   4.5937166453235201e-02	   1.7840416457104252e-01	   3.0454748471567889e-02	   2.7912168228927436e-01	   2.5921208574670984e-01	   3.3173394775355836e-01	   3.5485211970411640e-01	   4.2039611546595157e-01	   4.8741448706768187e-01	   3.9171877406050160e-01	   5.0373244345880652e-01	   3.4622747094612594e-01	   3.2040524827708272e-01	   3.2245834195312861e-01	   5.6661977419582721e-01	   3.2045351314478748e-01	   2.7167345620368305e-01	   5.3407049344771740e-01	   4.8877321877277069e-01	   6.1600343130181689e-01	   2.8262306848500940e-01	   5.0764379414081795e-01	   4.4829274024515212e-02	   1.7458739679317967e-01	  -1.4443042620087787e-01	   6.6529962554241373e-02	   3.4920449830688755e-01	   4.5787077822132249e-01	   1.8323324620164197e-01	   2.9087381411075763e-01	   3.3143623085377671e-01	   2.3778156281705182e-01	   2.6948371227433965e-01	   2.2717025484741393e-01	   2.0781840905439577e-02	   1.9816359757801927e-01	   3.0131030826512534e-01	   3.6711192778284212e-02	   3.1657598664703995e-01	   1.7171647501251883e-01	   5.2849821111816586e-01	   5.0217920669847638e-01	   1.2481674054887612e-01	   4.7436529351298268e-01	   1.7948926228658815e-01	   1.7495809433616519e-01	   2.8634755917697285e-01	   4.7789743479013158e-01	   5.0872111901132155e-01	   1.1041743193653297e-01	   6.3883752587799880e-01	   6.4169333087488220e-02	   1.9346240394277212e-02	   1.9098677308654599e-01	   9.1524699062568771e-02	   4.5029287709941856e-01	   4.0352401196626414e-01	   3.2424058839332515e-01	   5.3910030474841009e-01	  -7.3934012314323056e-03	   3.9123138994013779e-01	   7.3664690115019096e-02	  -1.5014771307188196e-01	  -1.6107482574953427e-01	   2.9690365982885897e-01	  -3.2213352585996641e-02	   7.9755995502095944e-02	   9.8526370543211006e-02	   2.3483638708869031e-01	   4.2277819984578352e-01	   4.7451527106800773e-01	   3.9942994549149896e-01	   2.7836424827339956e-01	  -1.7409663473720866e-01	
   8.2209185084246628e-01	   5.4581586188863740e-01	   7.9739315643899925e-02	   3.8307646034081966e-01	   3.4009730005237321e-01	   2.9266879913109017e-01	   3.1001329559239532e-01	   5.6880725968925494e-01	   6.6565881831413432e-01	   5.5320795759009167e-01	   0.0000000000000000e+00	   7.4172195215216419e-01	   8.5276542629604601e-01	   7.1615237684069732e-01	   7.3900389319483795e-01	   4.9629319409639105e-01	   5.6471195392134454e-01	   4.8723990313847432e-01	   4.7151967011584328e-01	   4.8311175502245229e-01	  -4.1235405328703220e-02	  -9.9752904100804552e-03	   2.2330909631131304e-01	   2.3508401353420427e-01	  -3.9955188016902982e-01	  -4.1631424045447846e-01	   5.2148514821036343e-02	   3.0500010825017024e-02	   7.6083775419445554e-01	   5.3926449985879676e-01	  -2.3727820025307066e-02	   2.2301760286730594e-02	   3.2711862134014136e-01	   3.8279367885198340e-01	  -6.2801863670790381e-02	  -1.1077107598691974e-01	   2.3330074465275774e-01	   7.4705601125501092e-02	   7.4523591525166077e-02	   2.6742084015856499e-01	   2.3718605429841103e-01	   3.4138459509989566e-01	   1.7674042920115615e-01	   1.6812783222531480e-01	   2.3009465972829840e-01	   3.8962181328519446e-01	   3.3015148056968052e-01	   2.4516675381092767e-01	   5.3258493550695696e-01	   5.3635447166383576e-01	   5.3136133301755195e-01	   4.4353705577938368e-01	   5.5835001566022258e-01	   1.1057866430799916e-01	   5.9607768890943946e-01	   4.4230572036317473e-01	   5.7064517451556962e-01	   6.6452075481153272e-01	   7.6600951982609178e-01	   7.6768734989288190e-01	   9.2931070117759329e-01	   3.1770357430345370e-01	   8.1041231620197951e-01	   7.9507474114484755e-01	   5.4787183402499134e-02	  -1.7623522646625461e-02	   1.7029684218766789e-02	   1.5842249601873758e-03	   4.3411972337378885e-01	   4.0610179863174939e-01	   2.7865616486888212e-01	   2.3450590682454206e-01	   5.6410557667265637e-01	   3.4245814784508827e-01	   3.4462123520021548e-01	   1.4883675245227682e-01	   3.4292189311783305e-01	   2.3656879194766450e-01	   2.2395952598601737e-01	   1.1452417312894400e-01	   3.0784145328297352e-01	   1.5120425829888412e-01	   5.3415672198734843e-01	   4.3805255555305200e-01	   1.8566339508216761e-01	   3.4710948401988612e-01	   4.4299171139698734e-01	   2.8665472196093722e-01	   5.7462805715456755e-01	   5.9024713027996534e-01	   3.4538449644341362e-01	   9.8383342232967227e-02	   2.6002781510124207e-01	   2.0751021434255487e-01	  -1.3880545552135812e-01	   1.6775907439143545e-01	  -8.9184864929520401e-03	   2.6915851529198609e-01	   6.2166170211800409e-01	   5.1658251755796136e-01	   4.5578893079157107e-01	   2.8464830630161819e-01	   6.2669056825334613e-01	   4.9271775761607284e-01	  -3.0323922355912647e-01	  -1.1150755099156326e-01	   4.7097990483878210e-01	   1.9588797824474338e-01	   1.5779409545525447e-01	   2.1085780045105296e-02	   1.1274301356306540e-01	   3.3438787377835588e-01	   4.5938189725961642e-01	   2.1232926739050778e-01	   1.9191493083796465e-01	  -4.2249805141261082e-01	
   7.3167411839390528e-01	   6.7967682251514761e-01	  -2.8590848298092436e-01	   3.4261568756193678e-01	   6.7688453669058790e-02	   3.1997862656500647e-01	  -1.8018660068380268e-01	   4.7215244895297304e-01	   2.5498891604830365e-01	   7.0972008110454976e-01	   7.4172195215216419e-01	   0.0000000000000000e+00	   2.7039683410701454e-01	   1.1080014172739929e+00	   3.8670966019222985e-01	   6.7547078911508340e-01	   6.7350476057454545e-01	   6.1958551836347286e-01	   1.6903937691346357e-01	   5.6629622245338607e-01	  -1.3073320146773545e-01	  -4.1596928151188928e-02	  -2.9325208680649278e-02	   2.4407987458144054e-01	  -3.3130297643959838e-01	  -2.3690715298794318e-01	  -2.1742380068087382e-02	   2.7344812324457590e-01	   7.4843888045208606e-01	   8.2378554355363365e-01	  -1.6415532303561156e-01	  -3.8443124703439566e-02	   7.4167860108604544e-02	   2.9058166151233944e-01	  -2.5385601281829873e-01	  -1.3865159471104305e-01	   9.9105077226792446e-02	   5.2698062075646160e-02	  -2.8944317177856282e-02	   6.3660986965305741e-02	   1.2714835029280289e-01	   1.2529220429381374e-01	   1.1012227203916578e-01	   2.1980007652181921e-01	   1.2996829168222127e-01	   4.1893706399126962e-01	   3.5166379437435613e-01	   3.4260441927778090e-01	   4.8760875668352222e-01	   6.9853240591062016e-01	   7.2736384517413999e-01	   6.8982930375630891e-01	   7.3238181708328742e-01	   3.1719928213578497e-01	   4.8535122227436900e-01	   5.1833471755365190e-01	   8.3773586630726060e-01	   6.3439319809113082e-01	   4.3717344390123114e-01	   7.9176303631588452e-01	   3.6220653716283563e-01	   3.7876171480243465e-01	   4.2217471900159897e-01	   8.3192040770578823e-01	  -2.1685811072639766e-01	   1.9418863909339418e-02	  -3.9879086257032326e-01	  -1.8987939881358351e-01	   1.5426984319594150e-01	   1.8851415429889315e-01	   2.6252653501024736e-01	   6.6090632205078423e-02	   3.7118022041825000e-01	   4.3365899560830745e-01	   2.3186574865192466e-01	   1.6836265366798539e-01	   2.2109944995567332e-01	   2.4767056336908566e-01	   5.5943779800804994e-01	   2.0194645740769315e-01	   4.5500580576187571e-01	   2.6519722177847888e-01	   2.5711401781021970e-01	   4.0925540172302954e-01	  -8.0148572145833083e-02	   4.4113522311686232e-01	   1.7143795098311995e-01	   1.5581968519801109e-01	   1.5597005841688283e-01	   4.5715654893273105e-01	   2.1758110618576265e-01	  -2.9368066507326163e-01	   2.4855016294032495e-01	  -2.7057445763586313e-01	  -5.5636341871603191e-02	   3.3231245785018126e-01	   6.6631770496137277e-02	   4.5366302043531415e-01	   4.2373747516740407e-01	   3.4788844330783808e-01	   4.7325838043164231e-01	  -3.5708144580854961e-01	   3.4294407578701447e-01	   7.0839288414729128e-03	  -1.9053002032122393e-01	  -1.1677518832360868e-01	   3.7767621674559781e-01	  -1.1917598313341712e-01	   1.3961378416125803e-01	   3.8053119248293277e-01	   2.0815270663802651e-01	   5.7821206338486364e-01	   6.0663956295000387e-01	   4.3817018924612772e-01	   2.5298388290885987e-01	  -3.1912145437195916e-01	
   3.5417948087802353e-01	   3.5476902377280967e-01	   2.6994905240483852e-01	   3.4577911391606725e-01	   4.1860496158927052e-01	   4.2882870826387098e-01	   6.5552289800199626e-01	   5.2198640740417612e-01	   6.7705519031676586e-01	   4.3197737909832179e-01	   8.5276542629604601e-01	   2.7039683410701454e-01	   0.0000000000000000e+00	   4.9779755170160239e-01	   6.7367764976440714e-01	   4.8127056127793577e-01	   1.4894487183092101e-01	   1.6986007488561666e-01	   3.3207474191933883e-01	   1.9640168528720583e-01	   6.2219745112517641e-02	   5.1009139087132047e-02	   2.8826039706638967e-01	   3.2065331574126005e-01	  -5.2241676392017405e-02	  -5.3558207909072307e-02	   2.0925738960610221e-01	   7.9229950236193267e-02	   3.2719427956200470e-01	   9.2672203354784322e-02	   8.3342512597813154e-02	   1.1496039719681667e-01	   4.0108797224210674e-01	   4.4633850121299046e-01	   3.1455808899416582e-01	   2.4720902582988324e-01	   1.8453376116578818e-01	   1.0659650046383659e-01	   2.8560859648766390e-01	   4.7279908984433677e-01	   2.2396772071876783e-01	   3.6804480237936926e-01	  -1.9870243775217209e-02	   2.3136669190405704e-02	   1.9314945782519041e-01	   1.8115283373748964e-01	   9.0642432450253968e-02	   2.8521183604103717e-02	   1.5581390287469651e-01	   7.4922732966477959e-02	   2.8214034338148475e-01	   5.2632043894066310e-02	   1.5636902738042252e-01	  -3.2930272872672320e-02	   4.2721583765421722e-01	   1.6971782391316792e-01	   1.5004936900573254e-01	   1.4237696793075685e-01	   4.0115016755466065e-01	   3.2071782715371067e-01	   1.0530540343037182e+00	   4.9993998864225481e-01	   2.6130510689959940e-01	   3.1009245558076520e-01	   5.2390029417223138e-01	   3.2437940911778546e-01	   3.9047468300624755e-01	   3.8896059921299320e-01	   4.3197215190405358e-01	   5.3151781130973774e-01	   1.4971580784839217e-01	   1.9496384491116975e-01	   3.2530274642529511e-01	   1.2533525051837618e-01	   3.0235216727864928e-01	   1.4059141887025570e-01	   1.7989421912482353e-01	   2.2164493444694278e-01	   5.3423261775322715e-02	   1.4870485185600060e-01	   2.1428125578670612e-01	   2.4407628344287841e-01	   5.1271046044681490e-01	   2.7607517465478904e-01	   3.5419904903107985e-01	   4.1783309136322522e-01	   3.8298841070398004e-01	   3.0038018198181243e-01	   5.8889661508905178e-01	   2.9228172611151126e-01	   2.7659576590794421e-01	   1.8938312543007763e-01	   4.2364817835181823e-01	   4.7222496508740286e-01	   9.2038536554568437e-02	   4.7556684665935961e-02	   2.3235043250761578e-01	   2.1359859389062257e-02	   3.7751664914701927e-01	   2.1282022051591509e-01	   4.7762547881195716e-01	   6.5547412410405004e-01	   4.3015606361795433e-01	   3.5154001154805559e-01	  -3.2907941383958006e-01	  -3.1620978851878645e-02	   3.6695033757790785e-01	   2.3997696236610638e-01	   6.2840697687007396e-02	  -1.2506999579793060e-01	   1.2945890305564683e-01	   1.1888062778017378e-01	   3.2303527601567950e-01	   1.7418597950024506e-01	   1.9414343278207419e-01	  -4.6254818004568515e-01	
