   0.0000000000000000e+00	   1.3976995755826296e+00	   5.7425118685539833e-01	   3.0856393157963796e-01	   2.6543818597666619e-01	   2.3057290133173594e-01	   7.7793159696001046e-01	   6.7591869282059758e-01	   6.1442622728835794e-01	   2.0952404126068400e-01	   1.2067542370793221e+00	   9.3041317044837490e-01	   1.0668567739692636e+00	   1.1770913050976941e+00	   8.8464442657103692e-01	   4.5382166024417769e-01	   8.3272482079548993e-01	   5.2326428026533622e-01	   7.4664882422266532e-01	   4.7864457734465904e-01	   6.0963662811141173e-01	   5.7078878651861786e-01	   2.5772607967697797e-01	   2.8435754987523826e-01	  -4.0328771600988196e-02	  -1.9814384578563108e-02	   2.3270223850454519e-01	   4.4404419635575371e-01	   7.0190659313336612e-01	   3.9900723162402302e-01	   2.6176979284166330e-01	   3.0638833459931336e-01	   5.8052271158782143e-01	   4.6621591351336955e-01	   3.2052913317086518e-01	   2.9722515662221799e-01	   7.3993056126964929e-01	   6.6515799699750700e-01	   9.5729108789764394e-01	   6.0925625337217038e-01	   5.3037878216042744e-01	   5.5557034879719114e-01	   7.5632802927283460e-01	   7.5667949940861279e-01	   7.5886681692169056e-01	   7.2288238734726895e-01	   7.5400328742087508e-01	   7.6518597847170400e-01	   6.1544151383320322e-01	   5.3273193084795212e-01	   7.6335840505669528e-01	   6.0108216434553574e-01	   7.0246852958244255e-01	   6.0631250905613365e-01	   8.8375206556605046e-01	   9.2998234162665516e-01	   1.3291352088904069e+00	   9.5921503721991641e-01	   8.0828191941797611e-01	   4.6312584227845183e-01	   1.1098119449758121e+00	   7.4163323047490115e-01	   6.1466319799853708e-01	   4.9934663837280446e-01	   3.9500727757393145e-01	   6.0715424955577080e-01	   4.4846607705001101e-01	   4.4674028473994765e-01	   5.6402748606679742e-01	   2.6628039150356553e-01	   7.0204800486480634e-01	   6.0039319339359376e-01	   6.4471289164761481e-01	   6.3838484499496451e-01	   6.5207342056706952e-01	   6.3594138737397721e-01	   1.1030295205520269e+00	   9.5853593952260785e-01	   7.6601993727804552e-01	   7.2138985377803355e-01	   6.2841474166138322e-01	   7.9265388864377784e-01	   8.1164784634507481e-01	   3.6580511747334343e-01	   6.8680169894877319e-01	   7.6207153454164256e-01	   6.1745400351190605e-01	   3.6489562609213544e-01	   9.5512184264002975e-01	   7.3480096317197297e-01	   3.0249555995245264e-01	   2.2073201663637920e-01	   2.7359912032725198e-01	   2.8506274412688509e-01	  -2.9361930896644014e-02	   6.6159521350942363e-01	   5.4190665344292432e-01	   7.8018115491978846e-01	   7.7406324590221121e-01	   9.3359725848807207e-01	   6.0408300290694272e-01	   5.8345886729749519e-01	   7.7145973149411251e-01	   6.5001603041457368e-01	   4.6249928090053682e-01	   4.4890525034666695e-01	   4.3314945728060278e-01	   8.2688390565494552e-01	   3.2441832503131890e-01	   4.2078650710825427e-01	   5.4221803212485686e-01	   7.4927026862584667e-01	   1.0076555747447227e+00	   3.8833282210896802e-01	   4.8780951110974180e-01	  -2.3876249290964102e-01	
   1.3976995755826296e+00	   0.0000000000000000e+00	   5.3621584875106632e-01	   4.4163615340016571e-01	   3.0444046566754396e-01	   3.2607323278639450e-01	   6.6320873283979032e-01	   8.0066402930275027e-01	   4.3439602464320681e-01	   2.9171801901946698e-01	   1.1573587529142038e+00	   1.1614277677879399e+00	   8.0314001993809570e-01	   1.1343758788319853e+00	   6.7800496799971577e-01	   7.1575155648437083e-01	   9.4945552816312750e-01	   6.4835967419393747e-01	   8.9763009794737503e-01	   6.9448531991654139e-01	   6.8712137097012482e-01	   7.0559671894862885e-01	   3.2194703536301461e-01	   4.0243617599831766e-01	   6.0973795819816295e-02	   1.8837270508691048e-01	   2.5629429427831474e-01	   4.9387962876480962e-01	   6.7298030782276885e-01	   4.9172221198500410e-01	   3.9847425948196075e-01	   4.8907240964789045e-01	   6.7076092940375842e-01	   6.4446200203348503e-01	   5.0359224345220122e-01	   4.7702431584747945e-01	   7.5920408274072759e-01	   8.3311431162823402e-01	   1.0860793672511357e+00	   8.2005751267788607e-01	   5.9346127130146953e-01	   7.4145769934970385e-01	   9.3951641107938821e-01	   9.3237647569218063e-01	   9.1816680845012433e-01	   9.0035474842759455e-01	   9.4085851688893851e-01	   9.5347705108123759e-01	   7.7334697769796912e-01	   5.9645444037176376e-01	   7.9361062437792818e-01	   5.9486259642668948e-01	   6.9592068363047155e-01	   6.0466231631818168e-01	   9.1705476035935374e-01	   9.6405182305507164e-01	   1.4716429570418406e+00	   1.0653475839123865e+00	   5.9392652744949215e-01	   4.9773490866777981e-01	   7.8318701419199621e-01	   7.4980768980907353e-01	   5.1319983220749399e-01	   5.1664261402616007e-01	   4.7073765182729321e-01	   7.1219006611548674e-01	   5.9978583878941938e-01	   6.1691559423460207e-01	   6.7145999675560153e-01	   4.3736653941273079e-01	   6.4737882929101864e-01	   6.7492681836726443e-01	   7.9276025734346556e-01	   8.2700851055598024e-01	   8.4637220314750405e-01	   8.4424570655866926e-01	   1.1019897846958941e+00	   1.1818073253029622e+00	   9.0801226693019121e-01	   8.3564169018026302e-01	   6.7760434794064994e-01	   9.2834077908654566e-01	   8.1410150924221270e-01	   5.4066536900890827e-01	   7.2443243206622698e-01	   9.2056201444341812e-01	   7.0110948351378333e-01	   4.7856819225448910e-01	   9.0736166087056369e-01	   8.2689505721200507e-01	   4.6373456383197198e-01	   2.2908585842151524e-01	   3.0830592100636867e-01	   2.1271585600832216e-01	   1.3801328204839905e-01	   8.6975460129637849e-01	   7.4688455207590332e-01	   8.7662999202520375e-01	   1.0062207245688768e+00	   9.5147088792288781e-01	   6.3501063213135855e-01	   5.0350605404707882e-01	   8.8104997621677439e-01	   7.1797419709918275e-01	   6.5252630959424718e-01	   6.2960857221040922e-01	   5.9602305439527437e-01	   7.5498112127598138e-01	   3.4629201077870292e-01	   3.8925544678426416e-01	   7.1876881369567280e-01	   8.8868756158131101e-01	   1.0766623876987875e+00	   6.1383778827217950e-01	   5.9489714325118492e-01	  -1.3476882869767362e-01	
   5.7425118685539833e-01	   5.3621584875106632e-01	   0.0000000000000000e+00	   9.2323794787960856e-01	   5.9187084911158672e-01	   3.6530768380666445e-01	   7.9159174372612617e-01	   5.8871038985608481e-01	   5.1125872541201489e-01	   4.5280263991034092e-01	   4.5765862820802972e-01	   4.2453630432027090e-01	   3.9454820295129500e-01	   3.8943474423180097e-01	   4.1627809445705788e-01	   4.9311262297836084e-01	   3.0502688713798770e-01	   2.1695761225601590e-01	   7.0138431182152428e-01	   4.2212416914037587e-01	   5.6347786306360570e-01	   4.4817265618731950e-01	   1.3478023336859724e+00	   1.0449788783426153e+00	   6.3894614017631546e-01	   5.3032233438133969e-01	   4.0183540329466516e-01	   4.5387233229952767e-01	   1.6591102003567607e-01	  -1.0525602597982973e-01	   5.8478695044674522e-01	   6.1439327187352710e-01	   5.1692840140512486e-01	   4.5080652688237510e-01	   4.7123696764979489e-01	   4.7958382985776482e-01	   3.6726357746964849e-01	   3.8176936772544440e-01	   5.0639569720208222e-01	   2.2619405056549452e-01	   1.4465760752512680e-01	   3.2195180718586525e-01	   6.7649343285245322e-01	   5.3696896935597493e-01	   4.3759719388601165e-01	   5.0943938584510784e-01	   6.3656424586522597e-01	   5.7627558154246716e-01	   5.1781796091776999e-01	   8.0996829680270221e-01	   8.6385716996298312e-01	   8.1538290320132001e-01	   7.5111311461009389e-01	   8.7647913302692415e-01	   5.4902420878187053e-01	   5.8969582133930809e-01	   5.1799860257390717e-01	   4.9315179508407858e-01	   3.2939255379415106e-01	   1.7076411792864843e-01	   3.3955382972136583e-01	   3.1191090592348919e-01	  -4.3236050159231335e-02	  -4.8723584411150909e-03	   9.5487090268287411e-01	   7.3490938309760934e-01	   6.2095013963225343e-01	   5.1019236920274080e-01	   3.9272233011953278e-01	   2.6279952105187698e-01	   5.3339312211545442e-01	   4.1303366163425737e-01	   3.8454741868986103e-01	   2.8207002450376656e-01	   4.0878339862365964e-01	   3.4142585192016367e-01	   5.9643040534323610e-01	   5.1724644380988472e-01	   4.8256835711355361e-01	   4.4413507918977446e-01	   2.8624866935256205e-01	   5.2684161080812397e-01	   4.9531928072430637e-01	   1.9131999043857523e-01	   1.0388372501036880e+00	   1.0328546037128834e+00	   6.8531295299938499e-01	   7.7199758188045464e-01	   7.9623938408099970e-01	   8.7597756813077943e-01	   5.4219696012955276e-01	   3.5327833590706353e-01	   3.3196547714085373e-01	   3.8390888479499824e-01	   8.5502975951062543e-02	   5.0125867339941466e-01	   3.7427662823167746e-01	   3.1070063071218823e-01	   4.5239139641252341e-01	   5.1625381504333756e-01	   2.2667204858231352e-01	   3.2519645283277010e-01	   2.9527736572173380e-01	   3.2754305647731008e-01	   2.0807497926246094e-01	   4.7562600119736975e-01	   3.6062072187009830e-01	   4.0679314047643150e-01	   3.4159129079554962e-01	   2.7046287548616399e-01	   3.6960916817870620e-01	   4.2943445812273950e-01	   4.2375984137750067e-01	   2.8787110484234713e-01	   4.5955072170287703e-01	  -7.0073076547476257e-02	
   3.0856393157963796e-01	   4.4163615340016571e-01	   9.2323794787960856e-01	   0.0000000000000000e+00	   6.7466927315004799e-01	   6.5439184852261933e-01	   5.0358928163049432e-01	   8.6352837518349534e-01	   4.0202572366167827e-01	   8.4540156263817323e-01	   2.7731103145693042e-01	   3.5234804303020445e-01	   1.6020366878835623e-01	   2.2341541378861060e-01	   2.6357956434998897e-01	   6.3674604462474838e-01	   1.4183505775709113e-01	   6.5818424452228574e-02	   6.3604531625307859e-01	   5.3769838606372788e-01	   6.1079456054052461e-01	   4.9350849733147395e-01	   1.0123751616232315e+00	   1.2297952711566091e+00	   7.4930605635961578e-01	   8.1208638006697265e-01	   4.9789441652518540e-01	   5.4795299757645710e-01	   5.7582781808830558e-02	  -1.0059537329686366e-01	   4.6678119054369654e-01	   6.0676692730929027e-01	   4.1928630154729213e-01	   5.0072691329733299e-01	   5.9438711900607299e-01	   6.5024962607625780e-01	   1.2914012860440344e-01	   2.7382523075076903e-01	   4.1912525400673689e-01	   2.4431865879056641e-01	   9.7758437724320232e-02	   4.2313030288132225e-01	   5.7705160077605355e-01	   4.0169367099705422e-01	   3.5438191135181585e-01	   4.5020656630835792e-01	   5.0174213095470188e-01	   3.9102632422453687e-01	   4.2570732565978325e-01	   5.9120703526285256e-01	   6.1030410831860493e-01	   5.9446764421487341e-01	   4.8077810760398382e-01	   5.7664104321650522e-01	   3.3638262982991646e-01	   3.4944212015794407e-01	   2.9981004053483085e-01	   3.4186508586150033e-01	   2.2389402830375829e-01	   2.9674617488344368e-01	   1.1001330344459057e-01	   2.5778975437742524e-01	  -2.1674612390843409e-01	  -7.6192717092986334e-02	   8.5866837804947649e-01	   7.9925631235361816e-01	   5.8958740080508565e-01	   6.2430973128882639e-01	   5.2046877852130624e-01	   4.7862993306657553e-01	   2.6113175638688269e-01	   2.6115331287791865e-01	   2.3417027150731884e-01	   2.0856815773270604e-01	   2.5437391844957447e-01	   2.8569004183416369e-01	   3.8024789748304888e-01	   3.5563838114619839e-01	   2.9165919364839082e-01	   2.4687314794283938e-01	   6.5308290730214019e-02	   2.8897022663599292e-01	   3.2527228622504695e-01	   2.5233637328262026e-01	   6.5365614741516465e-01	   8.5220124174900735e-01	   4.7580603692005985e-01	   7.3623935258028850e-01	   5.6786717947546128e-01	   8.2030331393558109e-01	   6.8553380270929209e-01	   2.6803703847552746e-01	   5.0505797687672849e-01	   2.3487392716440803e-01	   2.5637305415221767e-01	   5.6156779966100512e-01	   3.9632245661629950e-01	   3.0974916272702074e-01	   4.1642221371329768e-01	   2.6689921229433800e-01	   2.3939599586032628e-01	   2.5842779497796664e-01	   3.1631939019752159e-01	   2.8427203808434243e-01	   2.7218679286987391e-01	   4.7040920184548440e-01	   4.6676051180049527e-01	   2.7247164387296158e-01	   2.2595775754682673e-01	   2.6368376101107277e-01	   3.2715083545020701e-01	   2.4516635149673149e-01	   3.6602191734585193e-01	   4.4030975327582578e-01	   4.5085420326669312e-01	   1.3344386804600754e-02	
   2.6543818597666619e-01	   3.0444046566754396e-01	   5.9187084911158672e-01	   6.7466927315004799e-01	   0.0000000000000000e+00	   5.1672354354070527e-01	   3.8543325733450762e-01	   4.2984279268395653e-01	   5.4105797179661519e-01	   4.9365516946917321e-01	   2.2357313273787355e-01	   3.1104462358281315e-01	   1.2278126984377946e-01	   1.8562943975563356e-01	   2.9773269584462042e-01	   3.5329350529055481e-01	   2.8416736545408172e-01	   1.2180421318368305e-01	   5.3497083684409230e-01	   5.7846689315694111e-01	   4.2868321239945817e-01	   3.4052547083138024e-01	   6.5296694541216271e-01	   6.5032974940719179e-01	   8.3714697527725668e-01	   6.5200645981857297e-01	   7.1024184062124196e-01	   6.6596785281336457e-01	   5.4369921015114120e-02	  -1.6146565303288526e-01	   3.9986203584642460e-01	   4.1059290262823916e-01	   4.4902127843633244e-01	   4.7691082248914285e-01	   5.8215803364732166e-01	   6.0974982788880805e-01	   3.0360984830749504e-01	   3.7736652625071460e-01	   5.0453923696473857e-01	   3.0431010662561209e-01	   1.0363002410992772e-01	   3.8868174260461297e-01	   6.3803437854553735e-01	   5.5969496757191772e-01	   4.0950786520534305e-01	   5.2047021546444094e-01	   6.2408185499972058e-01	   5.6005362735348907e-01	   4.8534110153860227e-01	   6.2397988200139276e-01	   6.1410645811921238e-01	   6.1749722125141293e-01	   4.9944206879023156e-01	   5.5891461133852749e-01	   4.0764334710514272e-01	   4.1103134664355923e-01	   2.0550537221641113e-01	   2.4191716869990260e-01	   2.0513414335455626e-01	   2.7991969032132524e-01	   1.9976413281446076e-01	   2.2004566182162724e-01	  -6.0989525292641414e-02	   7.2083609022438780e-02	   4.7924487967587315e-01	   5.7572109973796248e-01	   5.9323139152364235e-01	   5.6346213804793266e-01	   2.6165827610866715e-01	   3.7883278194045528e-01	   2.8519547786688071e-01	   3.0902549678694446e-01	   3.0444269408418995e-01	   2.3350776507579407e-01	   3.1679408307281903e-01	   2.5462558073294250e-01	   3.6466293686635964e-01	   3.6127615430751897e-01	   4.5103593733428504e-01	   1.8333143623484835e-01	   1.1896886387788859e-01	   2.2367663271924626e-01	   1.9094619873747570e-01	   1.4704331896020162e-01	   4.4475820476406458e-01	   5.6995461368108813e-01	   4.2667256536735426e-01	   4.6091467515955303e-01	   5.6080596194295418e-01	   7.2242560731554228e-01	   5.2844655573928834e-01	   4.1323472449108961e-01	   3.3164679342342829e-01	   2.9667078634643662e-01	   8.8441479947218377e-02	   5.4871193938603724e-01	   2.5721134728414324e-01	   1.2314790296941586e-01	   4.4957846523335482e-01	   2.7045485645597556e-01	   2.1912735838293809e-01	   1.5937915075911968e-01	   1.4760006330191552e-01	   2.2952812112181292e-01	   2.3312296902311824e-01	   4.9546792467997364e-01	   2.2120785578018087e-01	   3.4008472534693662e-01	   2.3890017224205523e-01	   2.5279685038170602e-01	   2.5978939209889823e-01	   3.3046102969882524e-01	   3.6546816339088301e-01	   3.8284619194343805e-01	   5.0211254577740050e-01	   1.2250909493015601e-01	
   2.3057290133173594e-01	   3.2607323278639450e-01	   3.6530768380666445e-01	   6.5439184852261933e-01	   5.1672354354070527e-01	   0.0000000000000000e+00	   6.5735154224126724e-01	   9.8231149677475238e-01	   3.5102024424268358e-01	   1.1118330243284591e+00	   3.1463724919395242e-01	   4.7800341831342330e-01	   2.8720741965409097e-01	   3.0015487277464181e-01	   1.9569321359332958e-01	   6.0247364462790320e-01	   4.7148559355886843e-01	   3.8968679442022930e-01	   7.8067303928605236e-01	   9.2620189037912215e-01	   2.3751023503925650e-01	   4.5622075245880322e-01	   4.9361063483561235e-01	   3.7510374028427029e-01	   4.9015982959993143e-01	   5.1595804136989509e-01	  -1.9109110050555659e-02	   2.3172784248393158e-01	   4.5091943110654165e-01	   3.7219973821318952e-01	   5.1188364499349959e-01	   5.3357649715324285e-01	   9.3788742543363057e-01	   9.7814191208552081e-01	   5.6848318001689491e-01	   6.8572087808577997e-01	   3.5798109853061633e-01	   4.3449760116501895e-01	   4.4089636784032360e-01	   4.9243551604835722e-01	   3.9216488304126917e-01	   6.1864142983384540e-01	   4.9442723048560905e-01	   3.6686889081379981e-01	   3.7844013134015814e-01	   3.6534086106443747e-01	   4.3412718747099749e-01	   3.4714638685036431e-01	   1.7069155811790043e-01	   2.3878463415774670e-01	   4.4978969354358439e-01	   3.1525516476468185e-01	   4.9314391411867931e-01	   5.7958615579916217e-01	   3.1828322115504409e-01	   3.2298941431871514e-01	   2.5647563041526283e-01	   2.2024338821681638e-01	   1.2271175353709658e-01	   4.7107038275271107e-01	   2.4423635095733845e-01	   4.9141033736173279e-01	   1.7655329848157345e-01	   3.8777712979313983e-01	   4.4745951268357737e-01	   3.9287635164888268e-01	   5.5575773059227374e-01	   5.6776423250973684e-01	   6.0857324594693663e-01	   7.0313540521869167e-01	   1.6432906495070893e-01	   3.6111640584545351e-01	   3.1238483396933686e-01	   4.7094412126021057e-01	   2.4858180906424626e-01	   4.6069989514381532e-01	   3.3986413462826326e-01	   4.3480026577156572e-01	   4.9788408488786950e-01	   3.9060251556026204e-01	   4.2578616778831285e-01	   4.7529099998334301e-01	   3.2139597538134423e-01	   4.2273374379304141e-01	   4.4999590617385232e-01	   5.4176369323215179e-01	   3.2917218403937265e-01	   1.6290607240476118e-01	   5.4799226854198768e-01	   7.0099164686577042e-01	   6.2336199060916031e-01	   3.7502393512665372e-01	   4.0549300091383272e-01	   2.3701554757068363e-01	   2.7099299921909420e-01	   4.5784959464155739e-01	   4.0998661933375674e-01	   3.0552104655062445e-01	   4.8069477374439928e-01	   3.0527128953143695e-01	   3.9834370601179564e-01	   4.0117644084131826e-01	   3.2096097053217376e-01	   4.7679106245289488e-01	   2.0418934683552417e-01	   3.7288013703687345e-01	   3.0949645273636528e-01	   3.8251486509855176e-01	   2.8559142981726715e-01	   2.9394161729188450e-01	   5.3197790072663653e-01	   4.4532748535163191e-01	   4.0964551260206067e-01	   6.4285233750322734e-01	   3.8574556149068973e-01	   8.6147917001237848e-02	
   7.7793159696001046e-01	   6.6320873283979032e-01	   7.9159174372612617e-01	   5.0358928163049432e-01	   3.8543325733450762e-01	   6.5735154224126724e-01	   0.0000000000000000e+00	   1.0423259388872912e+00	   6.3839926047731221e-01	   5.1418337203989140e-01	   7.8060598960611149e-01	   8.4062081770692698e-01	   7.9959361523252592e-01	   7.5545901330780174e-01	   4.4088263800958299e-01	   4.2566896965749540e-01	   7.2145107152780763e-01	   4.6998586173072676e-01	   1.0327924569286226e+00	   7.9294240395991855e-01	   2.7506769161167394e-01	   2.9899153218514041e-01	   4.8112666806099691e-01	   2.9128868507512617e-01	   1.2276742819211398e-01	   7.5997631792606019e-02	  -8.2732653822257154e-02	   1.3244071890551204e-01	   6.6585582400082122e-01	   3.4161138787953865e-01	   3.1733515181685346e-01	   3.0427764708344701e-01	   9.0659315688311759e-01	   7.5355523778325628e-01	   4.4578685193120804e-01	   4.9722777652183237e-01	   5.4705231495611073e-01	   4.7439678411269326e-01	   6.2095270221510013e-01	   4.9052371962875307e-01	   5.8781777114685552e-01	   4.2885506432538373e-01	   7.6174387341045469e-01	   5.9500335806194604e-01	   5.4218786095755445e-01	   5.5643414435172833e-01	   7.1345460232286273e-01	   6.0266958251601299e-01	   4.5440246705034920e-01	   4.7199061808005960e-01	   6.9184512963327283e-01	   4.6709193442568131e-01	   5.8998100248343266e-01	   8.1154127626122452e-01	   6.7141933975214152e-01	   7.2452244285774592e-01	   5.7140215227719326e-01	   3.7733870313194640e-01	   4.2191652677663072e-01	   3.0731412678696501e-01	   7.5429952757865015e-01	   6.4803749344638917e-01	   4.6765512674794307e-01	   5.0014625470868401e-01	   4.6859769604405993e-01	   4.2334976549341585e-01	   6.4608856287582794e-01	   5.8400457257324034e-01	   4.6661625062230472e-01	   4.5227839345849141e-01	   3.0746443351356789e-01	   4.6417400944471099e-01	   5.7396259539200578e-01	   4.9442008016210792e-01	   5.2178223662330869e-01	   5.3924233737160365e-01	   7.0476017440034089e-01	   6.3539127144370522e-01	   7.3551497797179100e-01	   6.3000268430329243e-01	   6.7784241236358000e-01	   8.8299178052887251e-01	   5.3371103860511082e-01	   2.9164309897723339e-01	   6.0360781473283787e-01	   7.6580869429742204e-01	   4.6079531286402226e-01	   2.6853170080484795e-01	   7.7699652547547648e-01	   7.9669708558787966e-01	   5.9806615533184715e-01	   4.7443601809243613e-01	   4.0593219452832846e-01	   4.4247048205083173e-01	   1.9859240681949550e-01	   5.6359186783431003e-01	   4.1220224830820329e-01	   3.9827166685379584e-01	   6.6887633250038059e-01	   7.6976412683755846e-01	   6.0850796905943383e-01	   7.1398993542932909e-01	   5.3331317405231993e-01	   6.8597414476856911e-01	   2.3728926247042137e-01	   4.0753347140929697e-01	   5.2861933230670710e-01	   6.2711031451110033e-01	   3.4371799829726557e-01	   1.9332550029585602e-01	   3.8540190110030453e-01	   5.0219355592869652e-01	   5.4211125242663472e-01	   2.8501004607936808e-01	   3.5338239250860320e-01	  -9.9607572373407366e-02	
   6.7591869282059758e-01	   8.0066402930275027e-01	   5.8871038985608481e-01	   8.6352837518349534e-01	   4.2984279268395653e-01	   9.8231149677475238e-01	   1.0423259388872912e+00	   0.0000000000000000e+00	   6.2910019605003220e-01	   8.6097537047447448e-01	   6.7137829318747999e-01	   9.4510520489334626e-01	   6.0252353575501549e-01	   7.9371004427984493e-01	   4.4276353943554625e-01	   6.5216013945897555e-01	   5.9129866117808672e-01	   4.5858958763923674e-01	   9.1246735602916629e-01	   8.8742234304962442e-01	   4.8258015784969593e-01	   5.2532869807004479e-01	   5.0986374214179331e-01	   5.0783159072730610e-01	   2.4767429616236242e-01	   2.6600374215117750e-01	   1.2107013891386319e-01	   3.9953753029296646e-01	   5.2748597118016760e-01	   3.9871489299755153e-01	   3.5004534116900610e-01	   4.3373061596319618e-01	   8.2714051847420733e-01	   9.0698956925920571e-01	   6.4520630970424830e-01	   6.9133025367328771e-01	   4.0515148020518771e-01	   4.9669823957798026e-01	   7.3160457366249942e-01	   6.4151115596467057e-01	   5.1178552646944597e-01	   6.2957658483435985e-01	   8.4268983850973767e-01	   6.5150967922029257e-01	   6.6938696801707653e-01	   6.9130603369970722e-01	   7.3268191932373949e-01	   6.1843454057133129e-01	   4.7361959271777898e-01	   4.8126047582740789e-01	   6.8898202314614965e-01	   5.2981297164418928e-01	   5.5967796591152297e-01	   7.3605991766360890e-01	   6.4479487496893484e-01	   7.1689748354000538e-01	   6.0842098031632752e-01	   4.2220031267818414e-01	   3.9288037830986949e-01	   5.2732574030039758e-01	   5.9005632137431385e-01	   8.4779045451516066e-01	   3.1817982162299452e-01	   4.4315093801096161e-01	   6.5064105548678297e-01	   7.5106957711073385e-01	   6.9304168066607841e-01	   7.7038513151380095e-01	   6.5070428165192251e-01	   6.5620467264881643e-01	   2.4492235327483666e-01	   4.7574994127010845e-01	   4.8930800301493421e-01	   5.6428338600519834e-01	   4.4763526421535310e-01	   6.1284642496925568e-01	   6.5062938616074517e-01	   6.6171513061025078e-01	   6.2971767063528028e-01	   5.7609586159359250e-01	   4.7034916506429986e-01	   6.7949437521890210e-01	   4.9329055113428838e-01	   3.6443509235510851e-01	   6.3639294370743726e-01	   8.5263634192908921e-01	   4.1747921366227442e-01	   2.8530408533230617e-01	   7.8429567896515273e-01	   8.6240375005100123e-01	   7.1361557538092590e-01	   3.1762727602388319e-01	   4.9155674801297189e-01	   2.8521869092468843e-01	   2.7105776551123423e-01	   7.4350996354288368e-01	   5.6339348147782686e-01	   5.3956970993775755e-01	   7.6617788762729588e-01	   5.6557131048498166e-01	   5.8703208314087663e-01	   6.3316709139481220e-01	   6.0299618603854166e-01	   6.3483638985016344e-01	   3.8753545055664912e-01	   4.3757706070369118e-01	   6.6186033100806863e-01	   6.1629865194635891e-01	   2.8922353889707791e-01	   2.4220943968538428e-01	   4.8527802760221722e-01	   5.1289712380578945e-01	   6.7155134892078361e-01	   5.4767245330117476e-01	   4.4542348307348112e-01	  -1.0468278028703021e-01	
   6.1442622728835794e-01	   4.3439602464320681e-01	   5.1125872541201489e-01	   4.0202572366167827e-01	   5.4105797179661519e-01	   3.5102024424268358e-01	   6.3839926047731221e-01	   6.2910019605003220e-01	   0.0000000000000000e+00	   2.9252290592739283e-01	   4.1012195979725330e-01	   4.9234818707091099e-01	   6.1066870180836974e-01	   5.7521148521799659e-01	   6.0538948501573842e-01	   8.8678004026421245e-02	   3.5288136753146016e-01	   1.6440522711512426e-01	   4.1174806484699888e-01	   3.0287872908905689e-01	   3.5657621688250074e-01	   4.1891782839694613e-01	   3.3253591542397165e-01	   3.8868476481804659e-01	   9.2186489798231727e-02	  -3.9118306521287033e-02	   4.4126614751775711e-01	   7.3525869717959635e-01	   3.3930441575224218e-01	   9.9109425352359740e-02	   2.5581306085583372e-01	   1.9212221303481097e-01	   3.9152634675061598e-01	   3.8541097112486900e-01	   4.1068159243940178e-01	   4.0047692651253386e-01	   3.7947868301718973e-01	   3.0937826447470762e-01	   6.3299322131313740e-01	   3.7854524392919936e-01	   2.8240556065846273e-01	   2.8356438469445300e-01	   6.6457624826864747e-01	   6.1789777382844546e-01	   6.0148869425959717e-01	   6.1790592259858723e-01	   6.4820774585668373e-01	   5.9383282318482200e-01	   6.0190845841070773e-01	   7.1798321994774206e-01	   6.4310951174198150e-01	   6.8820026288412461e-01	   5.5691352250970205e-01	   6.3386601669240461e-01	   6.4184222262062640e-01	   6.7553271124620351e-01	   4.2093512506750896e-01	   3.5008620978849331e-01	   4.5548476048816477e-01	   2.6849547357580383e-01	   4.9295612230388725e-01	   4.3400030715294313e-01	   1.2182132230805721e-01	   1.0871697283257700e-01	   3.8375647621511566e-01	   4.5806989956331473e-01	   4.0992216489449218e-01	   4.4256402056459576e-01	   2.4812498511335487e-01	   1.8794257560204763e-01	   3.8040552066986089e-01	   2.9414512742693799e-01	   2.2378028908051462e-01	   2.7196812494089762e-01	   2.3683608283871455e-01	   2.2296672673303414e-01	   5.5144836882600368e-01	   4.4874161982135041e-01	   4.4936214810088460e-01	   3.6231743220246010e-01	   2.3634813522185891e-01	   3.2566640801000751e-01	   4.9044538840974050e-01	   1.0218760917694278e-01	   4.4855693695889842e-01	   4.7861835765200922e-01	   3.7413597900843004e-01	   1.9726971648714822e-01	   5.9295528583586210e-01	   5.7325868671911684e-01	   3.1214539928613111e-01	   3.1955611489993230e-01	   2.2563634510223507e-01	   3.1558495760915217e-01	  -6.5273284690123806e-02	   4.4065012304413498e-01	   3.0112584203454318e-01	   4.0298862864400037e-01	   4.9868223645067222e-01	   4.2965505316784325e-01	   2.4953381484965853e-01	   3.8113962347443003e-01	   2.2995760397436352e-01	   3.7747776677048145e-01	   2.4651906487233355e-01	   4.6528960460897845e-01	   3.0937664507859797e-01	   6.4127487690011487e-01	   2.7620510289989320e-01	   2.7453802767816643e-01	   3.4430688458630121e-01	   4.5873344611579625e-01	   5.1065821714138959e-01	   2.7108530184580037e-01	   5.6281491329634337e-01	  -1.1043361052658897e-01	
   2.0952404126068400e-01	   2.9171801901946698e-01	   4.5280263991034092e-01	   8.4540156263817323e-01	   4.9365516946917321e-01	   1.1118330243284591e+00	   5.1418337203989140e-01	   8.6097537047447448e-01	   2.9252290592739283e-01	   0.0000000000000000e+00	   2.8757017967546983e-01	   4.2049393301671439e-01	   2.6831372690321748e-01	   2.7466781204402219e-01	   2.5674815361589165e-01	   6.7538384628478687e-01	   2.3677092737928629e-01	   1.9973372869556189e-01	   5.9813312488614023e-01	   6.1204099317224836e-01	   2.0422762137939987e-01	   3.3843360920893484e-01	   5.8282629064573166e-01	   5.2010371627693930e-01	   5.4435462247441602e-01	   5.3772562975512217e-01	   2.9926197225060451e-02	   2.0174767606810698e-01	   2.5346152646771986e-01	   8.8883523344456622e-02	   3.1884324854741047e-01	   3.5810799251173087e-01	   4.4353148013429655e-01	   5.0602222449694501e-01	   4.3051556056512386e-01	   4.5200560400805129e-01	   1.9368028590297437e-01	   2.8631553199358167e-01	   3.0839195915761386e-01	   3.2437938525812537e-01	   1.3024823087679155e-01	   4.9755479448242129e-01	   3.0140907013165130e-01	   1.5480700951060480e-01	   1.2948091405827442e-01	   1.7271644188271695e-01	   2.8053015343285281e-01	   1.9169192059167753e-01	   8.7228067625226238e-02	   2.4413507282033670e-01	   3.4265670174591417e-01	   3.1728210765132531e-01	   3.9553240848136650e-01	   4.6370537469818729e-01	   1.8638019866942473e-01	   2.0389934416672958e-01	   1.5478557550807334e-01	   2.4389612961688156e-01	   6.8509650942741432e-02	   4.9681841062528354e-01	   2.5571785271947234e-01	   5.5444143868379192e-01	   4.7627505840370440e-02	   2.2746639465906210e-01	   6.1018851396429996e-01	   5.2933078656383914e-01	   2.9938403609652986e-01	   3.1297758181547486e-01	   6.5109081571192884e-01	   6.0858756188773666e-01	   1.3919281780144727e-01	   2.8660364813984318e-01	   2.5958755672040279e-01	   3.5368970893403756e-01	   2.4383541470471826e-01	   4.4714255456109098e-01	   3.2842685065771043e-01	   3.5474728163711577e-01	   2.5988317153313273e-01	   1.7957676968350383e-01	   2.0285044907093325e-01	   3.0013554900683981e-01	   3.0628771653328413e-01	   3.0859501940942291e-01	   4.7656012214564991e-01	   5.5055621231599261e-01	   3.3895692682854400e-01	   2.3464688158222974e-01	   4.3888077458143054e-01	   6.8361955940925423e-01	   6.0711296080982913e-01	   2.7737063082788438e-01	   4.6883037155959539e-01	   1.9868743618952212e-01	   1.9054781499543719e-01	   4.0134939473751757e-01	   3.5197741458848930e-01	   2.8154303760127464e-01	   4.0292887345143275e-01	   2.5576372668249886e-01	   4.1717095667160525e-01	   2.9673075862663084e-01	   3.4753312421767069e-01	   3.5074328976493702e-01	   1.0413412658303688e-01	   3.1659384412671882e-01	   3.2233691576516821e-01	   3.1828547851684313e-01	   3.7608397834969837e-01	   3.1610460669507862e-01	   3.9567898569354681e-01	   2.4424555660987074e-01	   3.1433625030238632e-01	   5.5705846047347551e-01	   3.8872866767792852e-01	  -3.4606945217017925e-02	
   1.2067542370793221e+00	   1.1573587529142038e+00	   4.5765862820802972e-01	   2.7731103145693042e-01	   2.2357313273787355e-01	   3.1463724919395242e-01	   7.8060598960611149e-01	   6.7137829318747999e-01	   4.1012195979725330e-01	   2.8757017967546983e-01	   0.0000000000000000e+00	   1.1878293095045358e+00	   1.2494656511077722e+00	   1.0796444837493668e+00	   7.7644356012629068e-01	   6.6217022896873579e-01	   9.0842835643778408e-01	   5.4895924300968690e-01	   9.5066423801641997e-01	   6.3126688101742046e-01	   4.2787792094051191e-01	   4.9719990868404529e-01	   2.3702242471544527e-01	   2.3818374582013707e-01	  -5.1850872835219108e-02	   1.1238306186075812e-01	   6.3007337749013528e-02	   2.5844252563593639e-01	   8.5331813979839211e-01	   5.6739050051216444e-01	   3.7909584425910586e-01	   4.2536488508345960e-01	   6.9325303203911959e-01	   5.5515084272941650e-01	   3.1412550626491609e-01	   2.9716305198484377e-01	   7.5681258161002707e-01	   6.4089111502032836e-01	   8.8177065454709636e-01	   6.6953508050994748e-01	   5.4963184160121781e-01	   5.3658808324879592e-01	   7.0064333311124316e-01	   7.2266244999708973e-01	   7.2196027352841619e-01	   7.2585299799384273e-01	   6.8466373992121876e-01	   7.5826608956475805e-01	   5.6534446456878007e-01	   4.6152946164333297e-01	   5.9401748506097762e-01	   4.4333557754323943e-01	   6.1589943115473766e-01	   4.5951345429674040e-01	   8.8818704958182182e-01	   8.3869324749022311e-01	   8.9687559113943138e-01	   7.4772465755687456e-01	   6.6076025320261422e-01	   4.3679064846574378e-01	   7.7722026936594446e-01	   6.2945772780452447e-01	   6.3056550667864453e-01	   5.3924877085705636e-01	   2.9138298616128644e-01	   4.1895178986474890e-01	   4.7558035148477201e-01	   4.7479869495837779e-01	   5.6291235398058681e-01	   2.8506239066274131e-01	   5.9687976042789748e-01	   5.6194292433802373e-01	   6.8508088628710040e-01	   6.8288487806294351e-01	   7.2392938872940882e-01	   6.7999856600262210e-01	   9.9700976115296236e-01	   8.7565055243381384e-01	   8.6538227098627518e-01	   7.8920556187011326e-01	   8.6010146065189175e-01	   1.0847543844007912e+00	   7.8975365522769381e-01	   5.1591698724468982e-01	   7.6262987688011552e-01	   8.3534228999607352e-01	   6.3723765319398551e-01	   3.1177717571071706e-01	   7.8042472635639004e-01	   6.7831838830029334e-01	   4.0350227301989744e-01	   2.4719318246318464e-01	   2.7195146954512400e-01	   1.9818957332551823e-01	   1.9492741627308996e-01	   7.4045710854516167e-01	   6.3475619218781010e-01	   7.6245743851943160e-01	   8.2465439542904173e-01	   9.0579866186381564e-01	   6.4181009523252386e-01	   5.3350580916255907e-01	   7.4381594845284604e-01	   6.5758150155723194e-01	   4.4602509979674171e-01	   3.8290194329299665e-01	   5.2196058022242942e-01	   6.7961474002742106e-01	   4.4583867759425011e-01	   4.6893311639586949e-01	   5.8036122441489901e-01	   7.5995279764697432e-01	   9.9416402130122050e-01	   4.0939407264467748e-01	   4.6047555440852983e-01	  -2.4943146533304777e-01	
   9.3041317044837490e-01	   1.1614277677879399e+00	   4.2453630432027090e-01	   3.5234804303020445e-01	   3.1104462358281315e-01	   4.7800341831342330e-01	   8.4062081770692698e-01	   9.4510520489334626e-01	   4.9234818707091099e-01	   4.2049393301671439e-01	   1.1878293095045358e+00	   0.0000000000000000e+00	   9.1541841731506424e-01	   1.4363409934750300e+00	   5.7049768354159502e-01	   7.9673460885247160e-01	   8.5235148171660535e-01	   6.2089005084416138e-01	   8.4964936694028381e-01	   7.9085975208476722e-01	   4.3541028746889243e-01	   5.7716792772709291e-01	   2.7329235821321163e-01	   2.9352306500785452e-01	   5.1925038976657779e-03	   1.0001690436051430e-01	   6.1503497222878636e-02	   2.8106003179418032e-01	   8.9244312836623174e-01	   6.6939312833599385e-01	   3.8135514061384584e-01	   4.2949827029076088e-01	   7.6466277446654130e-01	   7.1922302871395194e-01	   4.4401709747855839e-01	   4.1157053431588120e-01	   7.0034107563124925e-01	   8.2185482958720146e-01	   8.6038237780848159e-01	   8.9311258526310067e-01	   6.7623081057062651e-01	   7.5083741304463159e-01	   9.0601378528029297e-01	   9.1556416317345390e-01	   8.4962906713387842e-01	   8.3175145442016740e-01	   8.5225688710461012e-01	   9.1303243784503707e-01	   6.2004506782429236e-01	   5.1693574666263475e-01	   6.2916584164149636e-01	   5.0991620397727699e-01	   6.0262266369083517e-01	   6.1293676901522298e-01	   9.1266811150273663e-01	   9.5321244577593345e-01	   7.5412885354398518e-01	   5.3605488328132722e-01	   3.4432675440695304e-01	   3.8892793131068110e-01	   6.8167347464040706e-01	   9.5085303995995396e-01	   6.3730543606183543e-01	   6.8872445943030847e-01	   3.6743485921358748e-01	   5.9160706798367135e-01	   4.8359029178584345e-01	   5.0288958056811306e-01	   6.1726844982317808e-01	   3.6392323051882297e-01	   4.7973810419631480e-01	   6.9401042702203630e-01	   8.4009240667427665e-01	   8.8093631417039231e-01	   8.0615934189497829e-01	   8.5672097570042993e-01	   9.3954804685677984e-01	   1.0278604688503583e+00	   8.8150980982394522e-01	   7.7460763216879780e-01	   8.2244777178718798e-01	   1.0811493761470932e+00	   6.9297995127960843e-01	   5.5835673971105304e-01	   6.1231082006344795e-01	   8.6114797848389268e-01	   4.4506070570515910e-01	   1.9458093823628880e-01	   6.9814222653512570e-01	   6.8405105853420556e-01	   4.7458891984621665e-01	   1.8608807933282814e-01	   2.2673236485079756e-01	   9.3664560085406356e-02	   1.3940834607196131e-01	   8.6834226654564273e-01	   5.8661877980417099e-01	   6.4906448226162250e-01	   8.8221802196806709e-01	   6.8744124411874397e-01	   6.4095662302305934e-01	   4.1150567621903222e-01	   7.2539763303064164e-01	   5.4907098535473187e-01	   4.4430142684155427e-01	   3.7639336429405185e-01	   5.8707872531359095e-01	   6.2129407581504159e-01	   4.2497665391317296e-01	   3.6666393034292588e-01	   6.0114303832317872e-01	   6.7600660948864022e-01	   8.8034031102112187e-01	   5.2233659879906169e-01	   5.0727545927105733e-01	  -2.2744204581516972e-01	
   1.0668567739692636e+00	   8.0314001993809570e-01	   3.9454820295129500e-01	   1.6020366878835623e-01	   1.2278126984377946e-01	   2.8720741965409097e-01	   7.9959361523252592e-01	   6.0252353575501549e-01	   6.1066870180836974e-01	   2.6831372690321748e-01	   1.2494656511077722e+00	   9.1541841731506424e-01	   0.0000000000000000e+00	   1.1087411311982622e+00	   1.0948418488941905e+00	   4.6607765988316263e-01	   7.3320688511472409e-01	   4.6255357991218327e-01	   6.9034739957146674e-01	   4.8104964204993322e-01	   3.0228646055119757e-01	   4.6917553817220059e-01	   1.7255342959356568e-01	   1.4242568297143257e-01	  -1.6206637308630789e-01	  -1.2166781757104012e-01	  -1.1534561056976407e-02	   2.4196285195948294e-01	   8.2180262501021328e-01	   5.1012553131471539e-01	   2.2374181516832808e-01	   2.2480342187215929e-01	   6.1652810135983349e-01	   4.8547926408287245e-01	   2.6892899734756670e-01	   2.2695048629137970e-01	   7.6087221821424722e-01	   6.0934450395234196e-01	   7.3447096875317031e-01	   5.8866038996994685e-01	   5.8354424442081021e-01	   5.2167369090842741e-01	   5.8620427045825596e-01	   5.4658074467467666e-01	   6.2804466389461511e-01	   6.0779096014199652e-01	   5.4245051787283693e-01	   6.0155909831515797e-01	   4.8814970573952249e-01	   3.9668407143921430e-01	   5.1269470736339273e-01	   3.4888156316847979e-01	   4.2684938882802931e-01	   3.9519359486196370e-01	   7.7081752006157389e-01	   7.1774561732430087e-01	   6.9484102862116015e-01	   5.9631045688301254e-01	   7.3440838626088212e-01	   4.6717745511378950e-01	   9.3021597565499481e-01	   6.7522577989948929e-01	   6.5203165575585287e-01	   5.1848921725566288e-01	   2.1533721403120043e-01	   3.3046407910208825e-01	   4.2785972567052372e-01	   4.1860664450985485e-01	   5.0578341124831783e-01	   2.2765623390128636e-01	   4.6124122441920751e-01	   4.6092170291405543e-01	   5.6368562286854862e-01	   5.5925417812450751e-01	   5.2760961158123465e-01	   4.9993628690564917e-01	   7.7962130528974094e-01	   6.4931172597877795e-01	   6.1636562796417504e-01	   6.7153294874023117e-01	   7.4966022565764490e-01	   8.3733068924774523e-01	   8.0316272909211339e-01	   4.0076478897542656e-01	   6.8303704917906749e-01	   6.7267574101397032e-01	   5.4255444188558810e-01	   1.7691556573989101e-01	   7.5617411769887266e-01	   6.4076927071708778e-01	   3.4841723772328015e-01	   3.5451410722782739e-01	   3.4984794680602238e-01	   3.8859461957391039e-01	   1.5009212337426542e-01	   5.9434632775716834e-01	   5.2162717667399794e-01	   6.8934337362568110e-01	   6.6120015091054285e-01	   7.8776965046139191e-01	   6.8211829618370290e-01	   6.2368901796072440e-01	   7.3949188879182770e-01	   6.8432794686473697e-01	   3.5189029203728978e-01	   3.8457668725463345e-01	   3.7569270817489075e-01	   7.5390330502545955e-01	   5.1733896160859572e-01	   4.1886694597848595e-01	   5.0336059298773794e-01	   6.8551894180750728e-01	   8.7411393201825294e-01	   3.0380745745982629e-01	   4.2141778234239458e-01	  -2.2495221473543231e-01	
