   0.0000000000000000e+00	   9.6792468061188330e-01	   1.0537736451995741e-01	   2.5054048337809554e-01	   2.5636889419768379e-02	  -3.3038397643542543e-02	   7.6771509364490814e-02	  -3.0812395870472069e-02	   9.5512343550675907e-02	   2.2025940708158755e-02	   4.3063988441592238e-01	   6.3272883379941125e-01	   3.7777510461301178e-01	   3.4166600631662375e-01	   2.5240989085109983e-01	   3.9126176178628047e-01	   1.0655669489626112e+00	   7.8549345002185422e-01	   7.8877645751757552e-01	   8.9766363241636138e-01	  -4.0600177497049812e-02	   1.6417828636110071e-01	  -2.9612833437171404e-01	  -4.9793862381198761e-02	  -2.1615093599519519e-01	  -2.0653851162917500e-01	   2.2352683326731343e-01	   6.0406770545537905e-02	   6.4430118770030609e-01	   5.3747007426562055e-01	  -3.2618217545042655e-01	  -2.1087430800400883e-01	   6.1791428898331791e-01	   5.0185606910411895e-01	  -1.3949674633560802e-01	  -2.0526036807051307e-01	   2.6357899076560531e-01	   5.1835110946068486e-01	   9.2881350111212818e-02	   4.0060240708849693e-01	   3.3712497899321198e-01	   5.8968188395128174e-01	   1.4986518268565838e-01	   2.7638765451956299e-01	   8.4282295315799866e-02	   3.1494296480970707e-01	   4.1477622382853019e-01	   4.7846108474131699e-01	   4.9628290870069408e-01	   4.3019881044831165e-01	   4.3606820916431177e-01	   2.2624266283771438e-01	   3.1300606031672384e-01	   1.0639224893495909e-01	   4.4455080489201981e-01	   5.2044192744309425e-01	   1.0602658102578577e+00	   7.7727182531228878e-01	   6.7090423454415304e-01	   2.4800140066964588e-01	   2.5881505995459564e-01	  -1.1472119942241168e-01	   9.1043168245745387e-01	   6.8498007487334622e-01	  -1.0604269339164239e-01	  -7.2043809056242178e-02	  -6.8153375309781800e-02	  -5.1062198465628039e-02	   8.0967808454909396e-01	   3.7191833316266232e-01	  -5.3829601670171194e-02	   1.3573071725822888e-01	   6.1374550447092935e-01	   7.7890193103410543e-01	   4.0953477393897630e-01	   5.2872515754270133e-01	   2.2493173413005246e-01	   4.3916521276392073e-01	   7.2604987871416493e-01	   7.7512126116730551e-01	   8.3230977806260886e-01	   9.2161515599245225e-01	   4.2207610295608633e-01	   6.2275551847952726e-01	   6.9662078091346680e-01	   7.2403783908068409e-01	   5.5844156287007418e-01	   4.5032537962889130e-01	   4.9923601878120050e-01	   4.8378831501057223e-01	   2.1808118667954449e-01	   1.9908911335466923e-02	  -1.5579398724148354e-02	  -1.8116682303115034e-01	   4.0943892845290913e-01	   1.8459720783692191e-01	   5.5101653979988441e-01	   4.9671280296815123e-01	   6.1175910222864704e-01	   4.7599999613762733e-01	   1.3723996046567544e-01	  -3.3848481775296146e-02	   3.6771345469963296e-01	   2.6419796562524739e-01	   1.1352818111582021e-01	  -6.0577284946872430e-02	   9.1333581466195995e-02	   8.8073872955618415e-02	  -8.7588117193189055e-02	   4.5677896921518046e-01	  -1.3099443039841402e-01	   5.5812308352743134e-01	   3.1705175226163151e-01	   3.7925771686784160e-01	   3.2156118792389756e-03	  -1.0870713638922275e-02	
   9.6792468061188330e-01	   0.0000000000000000e+00	   2.7424867744919604e-02	   7.7204052119825242e-02	  -8.8065405531302196e-02	  -8.8200116562242470e-02	  -7.7526665379448106e-02	  -7.0402900042114830e-02	  -5.1869161425726736e-02	  -1.3875165998764324e-01	   9.4477135995000600e-02	   3.6410770578477114e-01	   2.0184234332109405e-02	   1.0751522412189013e-01	   4.0691923829675500e-02	   2.4467962602492196e-01	   8.0523694451905536e-01	   9.9006889649067975e-01	   6.7023372759724897e-01	   1.1105989572405726e+00	   1.5690457779488182e-01	   4.1222495147200139e-01	  -2.9771956148307371e-01	  -1.8008642043082726e-01	  -1.0980668078715653e-02	  -7.6422580881356852e-03	   2.6917458486693430e-01	   1.0420573673088691e-01	   2.8098680214805505e-01	   5.1751466353833231e-01	  -1.1903478375074569e-01	  -1.5129610978346178e-01	   5.9154529296047353e-01	   6.4892167009410207e-01	   7.1987267314831557e-02	   3.9713174180141232e-02	   2.1493503834710423e-01	   4.8825280316257169e-01	   2.0521410262409745e-01	   5.5919095439845889e-01	   3.4129197882107404e-01	   5.7508734382943161e-01	   2.4111087656182512e-01	   2.9855285129968751e-01	   2.6744195672762139e-01	   4.8676393070336343e-01	   6.8684370433341269e-01	   7.1028498873066481e-01	   7.3638667750877607e-01	   6.4711828762440948e-01	   5.2892443619952756e-01	   4.3086896360224813e-01	   4.1096877865763742e-01	   1.3224714098151394e-01	   5.0036542047571342e-01	   6.8693283316268150e-01	   8.9622925455016056e-01	   8.3846521637765536e-01	   5.5090498923114772e-01	   3.6492165945943822e-01	   9.9075938546642220e-02	  -1.1011949849241258e-01	   5.6723688474990064e-01	   5.8043897903240549e-01	  -1.2976044252306576e-01	  -5.9312508131739557e-02	   2.4823709858763292e-02	   1.2821362279218390e-01	   9.5128206530630688e-01	   5.7036328175802642e-01	  -1.4980272879986664e-01	   7.9487405116915946e-02	   3.2681937678458445e-01	   6.1671098076526332e-01	   1.3309023333839795e-01	   3.6315585270247502e-01	   1.4216591229033096e-01	   4.1671502082035283e-01	   5.0031239130441429e-01	   9.4255830760351578e-01	   6.8912295023136083e-01	   1.0408350497232051e+00	   4.2855962096658334e-01	   9.2674705098929500e-01	   5.2880901719897822e-01	   6.5685396937872920e-01	   6.9120897483092048e-01	   5.8903026748059628e-01	   4.8826474803569320e-01	   5.2449968045927142e-01	   5.6492606217955293e-02	  -2.5345863263774587e-01	  -2.5663083689641014e-01	  -3.4322547013463106e-01	   1.6415713743388990e-01	   2.7999349092278442e-01	   6.1290008251450978e-01	   3.1663879013458623e-01	   5.7776085077728212e-01	   1.6391023148997769e-01	   6.0446748619311194e-02	  -9.6365479369930784e-02	   3.7847228570852076e-01	   1.5945116632643891e-01	   6.7861654716692407e-02	  -1.3545113475680126e-02	   3.4856325892858181e-01	  -1.3718427484262374e-01	   6.6645882262338280e-02	   2.2851551285595501e-01	   8.2586687504291045e-02	   5.8206194748345208e-01	   1.2424678102734474e-01	   3.6825941035177229e-01	  -6.4468132658579258e-02	  -1.6507385688211397e-02	
   1.0537736451995741e-01	   2.7424867744919604e-02	   0.0000000000000000e+00	   5.6042983359136933e-01	   7.1960595700462826e-01	   3.1460445391068215e-01	   6.8638010972457986e-01	   3.6959558197112252e-01	   2.5583763516380109e-01	   2.9113952328184040e-01	   1.8128740023899470e-01	  -3.6830022363153928e-02	   3.4785585759297410e-01	   1.2551630992218801e-01	   5.1294656087358137e-01	   4.0143106411375223e-01	  -6.1700826715709617e-02	   2.2338188163037658e-02	   3.8230067777751126e-01	   2.3978239051736355e-01	   1.4616727959843714e-01	   2.2506859531382156e-01	   9.7295957928803256e-01	   5.8926517807847256e-01	   6.8915522623234604e-01	   4.7371725896404593e-01	   2.4742277381466643e-01	   1.8257224688046106e-01	   7.7262763131637413e-03	  -2.4099066549854289e-02	   5.6178488466782128e-01	   5.3868828514279676e-01	   4.7582871536769084e-01	   3.9064510831884691e-01	   5.8232619125964835e-01	   4.5470827634621480e-01	   1.3812413301113380e-01	   1.2101916177041141e-02	   3.5575201409166385e-01	   2.6654324513130179e-01	   2.0220918492169859e-01	   1.4719903530156925e-01	   3.2015390108031216e-01	   2.8562420743767636e-01	   2.6200406850424285e-01	   1.1499299433484780e-01	   1.3072858326619266e-01	   9.8138063992234154e-02	  -2.5193733251805319e-02	   3.5045554082242815e-03	  -8.5813961603131525e-02	  -1.5028210465507794e-01	  -8.3991263404158356e-02	   1.9725681961653044e-01	   1.1396699255088774e-01	   1.3350233595200409e-01	   1.0774353641418316e-01	   7.7940433567481190e-02	   3.8793195650756762e-01	   2.7275341300863010e-01	   6.3158368564851308e-01	   3.7681827459794909e-01	   1.5644611990339130e-01	   5.7184702697123425e-02	   6.5722450268501253e-01	   3.6741953963391816e-01	   7.0574360563491212e-01	   5.1504361144465383e-01	   1.8182401431462583e-01	   3.3076314123449085e-01	   1.4359516710657685e-01	  -9.0994636383696795e-04	   2.7210562080549539e-01	   9.9170458152300633e-02	   3.3328212852304467e-01	   1.2120077891220311e-01	   4.2955351080409265e-01	   3.8367227633164736e-01	   9.4331189211405708e-02	   1.3017024427904300e-01	   1.0623746640323942e-01	   2.0426659259359967e-01	   3.4197780598478988e-01	   1.2651395716925881e-01	   2.7763421723539361e-01	   2.2385266530760972e-01	   1.6004043712842245e-01	   1.5506252914720089e-01	   4.5759428731622198e-01	   3.1318929228286219e-01	   3.2121217214919723e-01	   5.4473721779918849e-01	   2.0200481171342671e-01	   5.0714759219582939e-01	   2.0391362170173893e-01	   1.7426159026630533e-01	   4.1263538912051018e-01	   2.9058435128560584e-01	   2.6645900545544204e-01	   2.7592894022517528e-01	   3.0305220523538429e-01	   4.7043864473195590e-01	   2.2497187315156564e-01	   5.6731592726399771e-01	   6.7991539265339615e-02	   2.5555742125901337e-01	   6.9792102976199477e-02	   3.0159446854098743e-01	   2.9493968129274672e-01	   4.5178378439358868e-01	   4.4412354620239436e-01	   1.9744577760823362e-01	   1.5927414362034248e-01	   1.6693552695922428e-01	   2.5758491796806765e-01	  -1.3109381893477121e-01	
   2.5054048337809554e-01	   7.7204052119825242e-02	   5.6042983359136933e-01	   0.0000000000000000e+00	   6.2575620125640385e-01	   5.2886621319830018e-01	   7.2045362846500738e-01	   1.1640401099399458e+00	   4.0692320630701578e-01	   6.3915448413899778e-01	   3.0951056951864880e-01	   4.4544273553782110e-01	   4.3361430095708431e-01	   4.9752920407338536e-01	   3.8253106469841325e-01	   8.1992420560238533e-01	   1.0993543465253108e-01	  -4.0923865983161868e-02	   3.9878272213222021e-01	   4.7104804326521638e-01	  -6.2259289738126847e-02	   2.2908937919749994e-01	   3.0772328105984265e-01	   7.0729159821466114e-01	   1.6818330299769807e-01	   3.0947561799044399e-01	   7.6426114254156477e-02	   1.7698950900419574e-01	   5.3139947995029441e-02	   7.5891811946911261e-02	   1.5243707924020858e-01	   5.2494627644918324e-01	   4.2700371227049500e-01	   4.4745070262820213e-01	  -7.5596691810324856e-02	  -2.4247484550752586e-02	  -1.0038644094425905e-01	  -1.1077514877133088e-01	   1.8353103393121298e-02	   1.2147254193525475e-01	   1.7647489241846398e-01	   5.0307044463559894e-02	   2.3021129304994054e-01	   3.3533025521850723e-01	   7.2036988539055408e-02	   1.7054494653554084e-01	   1.9523227425114287e-01	   6.0734637314796405e-02	   1.8690466646110918e-01	   1.8155181986228042e-01	   3.0205682540104517e-01	   6.9268880211059550e-02	   1.6368692957941774e-01	   2.5690676568290471e-01	   1.8195811865949757e-01	   1.6287596374028590e-01	   2.5989087895632978e-01	   3.7412105197833834e-01	   5.6524030525575197e-01	   7.1822225474379253e-01	   6.4896005147479774e-01	   6.3566308842290375e-01	   4.7639727780800489e-01	   5.7124743937909650e-01	   2.8923731859566915e-01	   6.6318801750861156e-01	   4.9854927320655140e-01	   5.7463229612504607e-01	   3.5991743754666694e-01	   5.8420041148444790e-01	  -1.4670928218876964e-01	   3.1828093481466202e-01	   2.1530895312502138e-01	   1.7014307695075725e-01	   2.4499726532906707e-01	   2.1702993987216720e-01	   1.1811980216301539e-01	   3.2958532541677754e-01	   2.5601978440565148e-01	   2.7758340476361554e-01	   2.9481206366075585e-01	   2.7103884120001481e-01	   1.6328149286430305e-01	   1.4815724068324543e-01	   3.8280710135024876e-01	   5.1598540542044480e-01	   1.1282225564750734e-01	   1.1224189460560755e-01	   3.5751541893454319e-01	   5.2743402740302536e-01	   8.2867051031733596e-01	   4.5262515535129955e-01	   7.0716961006413981e-01	   2.9689673692398177e-01	   2.6387445419383598e-01	   1.4119034653534271e-01	   2.4272912076189038e-01	   2.8349191112859606e-01	   3.4136342850239021e-01	   3.3646927408958227e-01	   5.9934652169468683e-01	   4.2140245447048352e-01	   2.7061858993543603e-01	   4.7751317243339952e-01	   2.4092250174541952e-01	   3.0059918725340429e-01	   2.8524298525655498e-02	   4.3904431586844472e-01	   8.3105643028133502e-02	   2.9048969881575970e-01	   2.7143784439177816e-02	   1.5797049977651664e-01	   3.2965058033261418e-01	   1.7258096310227403e-01	   2.9239001213654081e-01	  -5.4767266735411428e-02	
   2.5636889419768379e-02	  -8.8065405531302196e-02	   7.1960595700462826e-01	   6.2575620125640385e-01	   0.0000000000000000e+00	   9.4284250582959295e-01	   9.0279840073575601e-01	   5.6996765408804340e-01	   1.1357642445068996e+00	   8.2077161305551405e-01	   3.8814992840078272e-01	   1.4412058229063712e-01	   4.5877417062441739e-01	   2.4573927803954854e-01	   5.6824362044381160e-01	   2.6363782892036902e-01	  -2.3126713682015656e-02	  -1.9089227933532241e-02	   3.1544913698026839e-01	   2.0870249803547355e-01	   1.9304158481879682e-01	   1.0201585141027661e-01	   5.5431043280593373e-01	   2.8574428383700468e-01	   2.1163184347592315e-01	   2.3060611303617090e-01	   1.6796063635381170e-01	   2.8720016027612671e-01	   1.8712434496143607e-01	   1.5797078477304241e-01	   4.1798917958959431e-01	   6.3238331698996053e-01	   3.4661088933810785e-01	   4.2004921313799154e-01	   1.9508900226397810e-01	   1.8735733694197723e-01	  -1.4239719248101332e-01	  -2.0958371983176127e-01	   6.2369285353986316e-02	   2.6931510617753542e-02	   8.8893443523544821e-02	   1.3227039693921325e-03	   3.9681287802176068e-01	   4.9587269387876354e-01	   3.3917474844080775e-01	   2.4573316666068368e-01	   1.4402362939423211e-01	   9.2059218956830002e-02	   1.2371482026654598e-01	   9.4408853042992069e-02	   1.1851923076873885e-01	   4.8819740151103436e-02	  -3.2481263626291720e-03	   2.8978634953194476e-01	   2.3313896719847214e-02	   5.6083947987433783e-02	  -1.1117480174587166e-01	  -1.4776721605634113e-01	   1.4453620227054820e-01	   1.7659749737483033e-01	   4.0543669841369445e-01	   3.2768258844248010e-01	   7.8736457516145678e-02	   1.9244679475288215e-01	   3.4419623188548903e-01	   1.4708935450305469e-01	   4.2000040275164685e-01	   3.9226367604339080e-01	   8.6637973509680992e-03	   1.4968305534214388e-01	   1.4327033378675341e-01	   1.7912320746639337e-01	   1.9760664662696983e-01	   1.2300734145622390e-01	   3.2792036534331509e-01	   1.4336649588192976e-01	   2.5268626855711979e-01	   3.6834866266431443e-01	   1.8798113718751819e-01	   1.1845485086786535e-01	   1.3358015526727560e-01	   1.3520264615129141e-01	   1.7868300479593333e-01	   3.6177992294529088e-02	   1.1591440198809004e-01	   4.0391554295017978e-02	  -1.0050185427643556e-02	  -1.7197229762553331e-02	   1.0103814743661821e-01	   1.8828742117085309e-01	   3.3232690581837354e-01	   3.4822426112943250e-01	   1.8151243160663993e-01	   2.1990405323905776e-01	   1.5928770271965373e-01	   1.1060545486886468e-02	   6.9921742293353226e-02	   1.7069951937996705e-01	   1.5667811959816144e-01	   7.8248589924774042e-02	   3.8903822650374381e-01	   2.3469599547562359e-01	   6.2161471215137015e-02	   1.6390830343963980e-01	   1.6016742173302276e-02	   4.0805890962760501e-02	  -1.8576273650335340e-01	   8.3521331249985037e-02	   6.8897532795695687e-02	   1.5954558251912368e-01	   1.6592350933471589e-01	   1.2514898996220197e-01	   3.1711240226379089e-01	   1.1646498414519789e-01	   2.5844780496250053e-01	  -2.2256924480919266e-01	
  -3.3038397643542543e-02	  -8.8200116562242470e-02	   3.1460445391068215e-01	   5.2886621319830018e-01	   9.4284250582959295e-01	   0.0000000000000000e+00	   5.0020253583534424e-01	   7.5511830430288684e-01	   1.1860476653888652e+00	   1.3853961848299390e+00	   1.7867612528221138e-01	   2.9234346044450810e-01	   2.8038258279413336e-01	   4.5913304024268464e-01	   2.4999559092648463e-01	   2.6170488840412370e-01	  -4.3027821584742339e-02	  -1.9384721435598360e-02	   2.1557570657261323e-02	   5.6255254570401370e-02	   4.2204354431718316e-01	   4.2441481487875193e-01	   1.7506851050766703e-01	   2.3503160132168494e-01	   2.3440514669403556e-01	   5.3639392336939762e-01	   3.2835692509126896e-01	   6.6924733708016959e-01	   1.1132573930398498e-01	   3.1246936965071109e-01	   5.3938577883974737e-01	   7.0937077631138590e-01	   1.6693871027343193e-01	   4.2516831820172402e-01	   1.2129885684850358e-01	   2.5709422903757784e-01	  -7.6898159992766627e-02	  -1.6159548920618719e-02	   1.3458941270922459e-01	   2.1599438690961001e-01	   1.0749188761529392e-01	  -4.4296766056696829e-02	   6.3723850969330453e-01	   7.1319859671175623e-01	   5.4887090805192496e-01	   4.1823984728127112e-01	   2.2974163207641102e-01	   2.4495130906893114e-01	   2.5453601481368465e-01	   2.4621907840285195e-01	   2.2920137778812422e-01	   2.3771572779289124e-01	   1.0539777595049821e-01	   2.9304658339527390e-01	   1.9487277739450690e-01	   1.3659680614269040e-01	  -1.3779634687327624e-01	  -4.8974072310626560e-02	   1.4708663635947131e-01	   3.8366252623816433e-01	   2.5406277025453239e-01	   4.6371638793148739e-01	  -7.3849611384135053e-02	   1.5323603914465345e-01	  -1.3524202348747899e-02	   3.0177737418330919e-01	   3.2295857280254842e-01	   5.1479794314231708e-01	  -1.0688976389143565e-01	   1.3460691318290552e-01	   2.4367586718713103e-02	   4.0281926537609219e-01	  -1.1391469193792529e-01	  -6.8834225881146321e-02	   3.1379758065385670e-02	  -3.6147744955714704e-02	  -5.6884407553457597e-02	   2.8318514323904870e-01	   1.1231578916658370e-01	   5.7016246197566026e-02	   6.9731402242405482e-02	   6.3924219496204165e-02	   1.5243823263900921e-01	   4.9082475611705825e-02	  -6.6671186411246516e-02	  -8.9256635536140799e-02	  -4.0205271632819768e-03	  -7.4794089049426641e-03	  -3.1242195970373855e-02	   1.3718950651777112e-01	   3.1655075298744823e-01	   8.4002539183660449e-02	   2.5799182609509730e-01	  -4.3527982335404801e-02	  -6.4036618274344564e-02	   1.4430448164227977e-01	   7.8000685023048341e-02	   2.7374647899025439e-01	   2.1816880414943604e-01	   2.6519269147302744e-02	   4.2001610178078108e-01	   1.8287373742283039e-01	   1.2635345544847643e-01	  -5.1778764076405599e-03	   6.9082965028642973e-02	   3.6523769044107583e-02	  -3.0631716180421396e-02	  -8.7418288505971678e-02	   2.3489777941599125e-02	  -2.5837670587963348e-02	   2.5380650486088868e-02	   1.5714367476102037e-01	   2.7951487099243627e-01	   8.6553360535065182e-02	   3.1569537166313344e-01	  -1.3181597756982397e-01	
   7.6771509364490814e-02	  -7.7526665379448106e-02	   6.8638010972457986e-01	   7.2045362846500738e-01	   9.0279840073575601e-01	   5.0020253583534424e-01	   0.0000000000000000e+00	   7.7090440573840002e-01	   5.6027005000635344e-01	   4.2258917228857085e-01	   4.9830645328457018e-01	   1.3450393793362028e-01	   6.2905766568440225e-01	   2.7787515304962029e-01	   6.4553290915667483e-01	   4.0963904145111851e-01	  -7.9126314363618146e-03	  -1.3763843163941358e-01	   5.0788803317804687e-01	   3.6072544121214428e-01	  -2.8195631120474570e-02	   3.4506749509104158e-02	   3.9600102321758607e-01	   2.5300526027601045e-01	   1.0478440540837432e-01	   1.1276159522289227e-01	  -1.0541591610976980e-02	   2.0212310042444967e-01	   1.0285464145176848e-01	   1.0147922679646646e-02	   1.7518450559404414e-01	   4.4516914386024586e-01	   3.6732206515499638e-01	   4.4781792545784171e-01	   1.3646696711125433e-01	   1.6146568942965336e-01	  -3.0138143522939859e-01	  -4.3003043802828284e-01	  -8.4716039503937204e-02	  -1.6599247710691184e-01	   1.1795126964443388e-03	  -1.0542481930658226e-01	   1.8813417521215678e-01	   2.0411128524869779e-01	   2.7076038924620394e-01	   1.0728922936577208e-01	   8.7877451323427516e-02	  -8.9882317289713964e-02	   5.5137090005231988e-02	  -9.0261242776027914e-03	   2.6559900850424881e-02	  -5.7851414936347836e-02	   3.0509699071367088e-03	   2.4583505514734183e-01	  -6.4202780801513371e-02	  -8.7640301123235217e-02	  -3.8078583613212154e-02	  -9.4736370883345689e-03	   3.6234075032799107e-01	   3.5926037763760948e-01	   7.8566772467270718e-01	   5.1041044148682579e-01	   2.0927286437269771e-01	   2.4715696413920885e-01	   4.0610822743415842e-01	   2.0697425910166153e-01	   6.1355906152539130e-01	   4.1988871011824291e-01	   8.2177661060023693e-02	   3.0129664156358815e-01	   8.0937093183572284e-02	   2.6472298080187612e-01	   2.3297627482910360e-01	   1.2434476517985134e-01	   3.6925356817199284e-01	   2.7975885971217113e-01	   2.4066675362595180e-01	   2.6626080319952306e-01	   2.0039406861549311e-01	   1.2599816839058348e-01	   2.1720393633305921e-01	   1.2351806365789651e-01	   1.5048318404766509e-01	   5.8349291919162570e-02	   2.3029104670126874e-01	   1.7218396539438358e-01	   7.3392317676062024e-02	   2.3893423422702887e-02	   2.4777366961996286e-01	   4.1294178461259079e-01	   5.8286484765058333e-01	   5.5681520054421707e-01	   3.8911699224723673e-01	   3.9094364119287456e-01	   2.1175175867403301e-01	  -9.2966129047545018e-02	  -1.7430589152447771e-03	  -4.5308160395732364e-02	   2.0982726269635732e-01	   1.3839365769541814e-01	   4.3828755390216201e-01	   5.1227197906895738e-01	   1.9030487893130060e-01	   3.6688090640087029e-01	   8.0592534218596287e-02	   1.2797349994436491e-01	  -1.3488429550212377e-01	   4.0125311567157601e-01	   6.4998496143613263e-02	   2.2775605158942452e-01	   1.4218617432635680e-01	   1.0207238744861340e-02	   3.1471331553822657e-01	   1.1211406788187689e-01	   1.5465382127955007e-01	  -1.9270419401520680e-01	
  -3.0812395870472069e-02	  -7.0402900042114830e-02	   3.6959558197112252e-01	   1.1640401099399458e+00	   5.6996765408804340e-01	   7.5511830430288684e-01	   7.7090440573840002e-01	   0.0000000000000000e+00	   4.5173311682731998e-01	   7.2894795275053581e-01	   1.9490955513326783e-01	   3.6210387998005561e-01	   3.6640078120908698e-01	   5.3020299495538614e-01	   1.9943073056441057e-01	   5.5848474266349513e-01	  -7.1549057889569279e-02	  -2.0973572610237021e-01	   1.3108637262511857e-01	   2.7087931816722599e-01	   4.1878860338146473e-02	   3.2783963215370837e-01	   1.5718723036481810e-01	   4.6256406775429865e-01	   2.0653682081085589e-01	   4.5548317542705163e-01	  -4.1983750146310974e-03	   2.9129802400866150e-01	  -1.0221984577528588e-01	   3.8122061967401789e-02	   2.8825293120328260e-01	   6.3757736820897815e-01	   1.6379225484765397e-01	   3.9177597261917652e-01	  -8.5069563042622448e-02	   7.5766847402960774e-02	  -2.9891619612252329e-01	  -3.5554688565539072e-01	  -7.0937105110710774e-02	  -3.0215312718482813e-02	   2.0788871156386408e-03	  -2.6121170670834493e-01	   2.5693977940224844e-01	   2.4456378770494891e-01	   2.0530663184968279e-01	   1.6128899232662400e-01	   1.3970208899501760e-01	   3.4312408928028899e-04	   1.1255990476937129e-01	   1.0917107943041519e-01	   1.1413907403115724e-01	   2.4056150716760212e-02	   3.7533321187807570e-02	   2.0350413596269998e-01	   7.3151515701612796e-02	   2.0028001695416801e-02	  -2.7114624847829759e-03	   1.8453518335585353e-01	   3.9800319578558557e-01	   9.1286017516380258e-01	   6.0079404091828981e-01	   9.9318364976436002e-01	   1.6032008302908879e-01	   3.9844437101440938e-01	   1.1495162105136651e-01	   7.2038241510749301e-01	   5.4046487324344250e-01	   7.3174339664941712e-01	   8.1664585971697429e-02	   5.3569673715742938e-01	  -2.3332954098313441e-01	   4.6556279489613306e-01	  -1.1445782005872958e-01	  -6.5607175974764120e-02	  -1.5289172568602323e-02	   5.4034666736381839e-02	  -2.3391107775390552e-02	   2.7410753260655663e-01	   7.9295868914512249e-02	   1.3668407467271390e-01	   1.5253831323616565e-01	   6.9504071659409861e-02	  -2.3938813235968574e-02	  -2.4459559455498311e-02	   9.6826373039913843e-02	   1.6251293219480412e-01	  -6.2621834185679542e-02	  -9.1783256560152696e-02	   1.8286241550452731e-01	   4.1075079736549780e-01	   7.9794363141824654e-01	   3.2329473317197416e-01	   6.4226291138266278e-01	   1.8975199136768797e-01	   1.8638592539242708e-02	   7.7136200410166930e-02	   3.9596864618736266e-02	   8.8745364139495367e-02	   2.7744782962614434e-01	   2.0572503485721533e-01	   6.0491660950622805e-01	   4.9189465035104540e-01	   1.9170807233495202e-01	   3.1073709663547111e-01	   1.7646285567894521e-01	   2.0914731388077951e-01	   4.9270792613967829e-02	   2.7413271833229680e-01	   7.2539035346464234e-02	   1.0700784631870200e-02	   5.7149350961020418e-02	   9.2702750236267187e-02	   2.9839557461927824e-01	   6.5262054479061138e-02	   2.4611011292427923e-01	  -7.6732125132621135e-02	
   9.5512343550675907e-02	  -5.1869161425726736e-02	   2.5583763516380109e-01	   4.0692320630701578e-01	   1.1357642445068996e+00	   1.1860476653888652e+00	   5.6027005000635344e-01	   4.5173311682731998e-01	   0.0000000000000000e+00	   1.1207678399102927e+00	   3.7825002786476292e-01	   2.5532421157170382e-01	   4.3411619791957323e-01	   3.5009132145059868e-01	   4.2726242388485436e-01	   1.5539490958124083e-01	   7.6096854561443730e-02	  -3.1873357939343533e-04	   1.2364887275754073e-01	   1.1913907320849348e-01	   2.1542706398180761e-01	   1.9286343370465192e-01	   1.6387078823895629e-01	   7.7434911574796580e-02	  -4.2628083224172914e-02	   1.3443158978043149e-01	   1.8005890495828297e-01	   4.1739739443391033e-01	   2.2205302087193296e-01	   2.0604121749685222e-01	   2.8288124691650940e-01	   4.6681473412295232e-01	   2.4300889015137700e-01	   3.8635444780315903e-01	   1.3507205859971571e-02	   1.1232771029856700e-01	  -1.8459562629220636e-01	  -1.2605531143586246e-01	  -2.5757705078524339e-02	   2.5363021364735616e-02	   8.6548274397797498e-02	  -3.8089790047641459e-02	   5.2757584288463932e-01	   6.5780042374732062e-01	   4.3435345971133976e-01	   3.9168034494858728e-01	   2.2138718142093983e-01	   1.6452949890503429e-01	   2.6535653138315768e-01	   2.3106934237550142e-01	   2.2305923752339377e-01	   1.7632941526177329e-01	   4.2542285350683558e-02	   2.3347932983095576e-01	   4.0238261381270291e-02	   4.2660530110569424e-02	  -3.8383919008527639e-02	  -8.9633879855566298e-02	   1.2016930562501736e-01	   1.4299468300327789e-01	   2.1514052195552258e-01	   2.5643919449974828e-01	   8.5834500802726948e-02	   2.4129957055862661e-01	   8.1502521186661084e-03	   7.6907781193311126e-02	   1.4066260437772932e-01	   2.2539512218999075e-01	   1.0975591983566313e-02	   6.5426801965155046e-02	   4.6336722067270341e-03	   1.8723687467020689e-01	   2.1988597454035464e-02	   3.9065145650946854e-02	   1.7806634855938219e-01	   6.4832081348792051e-02	   9.6272431719032683e-03	   2.7188293855108608e-01	   2.0438010268967191e-01	   1.0658599489741813e-01	   1.4268268293626321e-01	   6.2511564323224036e-02	   5.7106248506437696e-02	  -9.3927008743995462e-03	  -1.6274819998974073e-02	  -6.1077033213695626e-02	  -7.1212661578235886e-02	  -1.1373569461886286e-01	  -6.5844496696125673e-02	   1.3230830469063437e-01	   1.4314820943521447e-01	   3.4130066304228893e-02	   3.9832214520284868e-02	  -9.8474518761983168e-02	  -8.4308625577753284e-03	  -1.1947509698142071e-01	  -7.7439227573838740e-02	   1.0110789994161029e-01	   5.6654465053860611e-02	  -5.6185942261638144e-02	   2.0574313522669038e-01	  -2.0570781312070362e-02	   1.1905176601647373e-02	  -1.0747126706996947e-01	  -2.3884846653950882e-03	  -1.8786940962334386e-01	  -2.6764134237841369e-01	  -1.5636215195529918e-01	  -2.1394909743993171e-01	  -3.8375190146654137e-02	  -4.8068977478106616e-02	   6.6806119059934874e-02	   1.9466464039997064e-01	  -5.7273557782059850e-02	   9.8867834647224165e-02	  -2.7964285280265966e-01	
   2.2025940708158755e-02	  -1.3875165998764324e-01	   2.9113952328184040e-01	   6.3915448413899778e-01	   8.2077161305551405e-01	   1.3853961848299390e+00	   4.2258917228857085e-01	   7.2894795275053581e-01	   1.1207678399102927e+00	   0.0000000000000000e+00	   2.7881076773705865e-01	   4.0479715031080199e-01	   4.1432877508177246e-01	   5.9432018812332799e-01	   3.4993535454118857e-01	   4.1394936248198638e-01	  -7.5257069673131310e-02	  -1.2035034427759696e-01	  -4.7770761071897427e-02	  -1.5747413159641541e-02	   2.3367559821194117e-01	   3.0912856854964110e-01	   2.0517520167979111e-01	   3.9959768514937605e-01	   1.5159415267776868e-01	   4.1442215792828657e-01	   2.6909040972560538e-01	   5.1719410063191051e-01	   5.9196017171345552e-02	   1.6046286907482263e-01	   3.0240655871319666e-01	   4.5463642651812641e-01	   6.9281243316832997e-02	   2.0174473429489900e-01	  -5.6079107088654843e-02	   7.0521848218308480e-02	  -5.7111487631695677e-02	  -3.8482028870697085e-02	   6.0312211266242192e-02	   1.5378526371023574e-01	   9.7791979971494358e-02	  -8.6992148536498129e-02	   4.4301293300817868e-01	   6.4612272071613930e-01	   2.8609865856581995e-01	   2.7493306512514870e-01	   1.3976803311193228e-01	   1.5046410610944935e-01	   2.1327496517428390e-01	   2.3187880174004197e-01	   3.1067553501657807e-01	   2.3754791014733739e-01	   2.0391674188730158e-01	   3.7231763670179224e-01	   2.3211299985788522e-01	   1.7225006620412234e-01	  -8.6214209568993824e-02	   1.3328399442610538e-02	   2.4051130588432296e-01	   3.5417213667836989e-01	   3.6069247220346090e-01	   5.4549040705924512e-01	   1.0059646137012577e-02	   2.0781711211757461e-01	   3.4726612578535217e-02	   4.4465964001683655e-01	   1.8317788553042574e-01	   3.4424845373077284e-01	  -2.9209975804875620e-02	   1.4941292553748786e-01	  -1.3991905438797914e-01	   2.9375412768310954e-01	  -1.2627540610071195e-01	  -1.0284733904008204e-01	   1.6995770477525759e-02	  -1.3373438542246821e-01	  -1.2874871559517745e-01	   1.5218418678996543e-01	   4.5451362734440677e-02	  -2.4057986580777443e-02	   3.2841073865337481e-02	  -2.4988944598988708e-02	   9.4578948777883434e-02	  -9.0301086288838650e-02	  -3.1137371227034701e-02	   3.2214137166562351e-02	  -1.1547890648975839e-01	  -6.1629744242908936e-02	   5.0869439233632900e-02	   2.1897519024628342e-01	   3.8678687368030951e-01	   2.0187014283085861e-01	   3.2141929262666241e-01	   4.1371173562249459e-02	  -2.0811991259745505e-02	   1.8857506540105462e-01	  -2.0029820476045066e-03	   3.5107685576542985e-01	   1.0961429431750494e-01	   9.3484169318967317e-02	   2.9935276103342889e-01	   1.6876379273386974e-01	   4.8805043462203185e-02	   2.8542829624120126e-02	   1.1384094518074638e-01	   3.0782161769119590e-02	  -4.4781485645648614e-02	  -3.1064386704020073e-03	  -7.5231580697840000e-02	  -2.9818037037315552e-02	  -9.0325419305832197e-02	   1.2169310531058963e-01	   2.9480040563652243e-01	   1.8278955082734995e-02	   3.0230446846224157e-01	  -1.2675059242128750e-01	
   4.3063988441592238e-01	   9.4477135995000600e-02	   1.8128740023899470e-01	   3.0951056951864880e-01	   3.8814992840078272e-01	   1.7867612528221138e-01	   4.9830645328457018e-01	   1.9490955513326783e-01	   3.7825002786476292e-01	   2.7881076773705865e-01	   0.0000000000000000e+00	   7.2157656472742304e-01	   1.4620515428891192e+00	   6.2147788507314417e-01	   8.6078361987099039e-01	   4.4748128445039936e-01	   4.1431101113716218e-01	   2.8855430816993555e-01	   1.9893289323246144e-01	   2.0346721053343936e-01	  -1.0607858290810898e-01	  -1.6567813464231501e-01	  -3.3521568330681178e-02	  -1.8786088199181712e-02	  -2.8369603795385090e-01	  -3.0312950113672321e-01	  -1.0302604426889594e-01	  -7.6397755635823433e-02	   6.3210675601142308e-01	   3.0774019570305156e-01	  -2.9838251873042271e-01	  -1.9928876727360673e-02	   2.7264141891804616e-01	   1.8026427890284363e-01	  -3.0027914214913243e-01	  -3.0760126377478725e-01	  -8.9397386476713567e-02	  -1.5582569546217909e-01	  -1.5874545668445073e-01	  -9.4275180119974072e-02	   1.7821322286423000e-01	   1.9716436046352440e-01	   1.8221359685196670e-01	   2.8718496082901490e-01	   8.2206533609047408e-02	   1.3564395962549114e-01	   2.4064985758992646e-01	   1.1190522566715007e-01	   3.3566002837154535e-01	   1.1814563117512780e-01	   2.0096353049695201e-01	  -3.1875681681853854e-02	   9.9269946527615449e-02	  -2.8835573062863887e-03	   1.3775449190734260e-01	   1.1541460677277655e-01	   1.9692903651726829e-01	   1.7119739591472111e-01	   3.7776407835669201e-01	   3.7098951824296206e-02	   5.2520539285734036e-01	   1.1943294904968842e-01	   4.5250262717995687e-01	   5.0899644408346889e-01	   3.6552074079591206e-02	  -5.1614132199824206e-02	   9.4134552355734508e-02	  -7.4776144413391976e-02	   1.5067217820843459e-01	   1.0240936565960158e-01	   8.4772553307426134e-03	   2.1883458598382005e-01	   3.7797159581765832e-01	   3.8793327866408650e-01	   3.9981132436316902e-01	   3.5169731410403116e-01	   1.3923858774439807e-01	   1.4137138200158708e-01	   4.1218132190648626e-01	   3.6971349114822799e-01	   3.3781114767763581e-01	   2.5973563605024708e-01	   2.3948010771295891e-01	   9.5910803490634008e-02	   3.3329196593574240e-01	   2.5596159398557095e-01	   5.5278477703672106e-02	  -1.2151298349653714e-01	   3.3038705274966113e-01	   3.7000951292261508e-01	   1.9319382960431611e-01	   2.9378169842167323e-01	   8.9441028936838946e-02	   2.8112450966830649e-01	   2.8970505033982796e-01	  -2.7293960358040392e-01	   1.7745017445476866e-01	   2.1348877376469264e-01	   1.5166730229231096e-01	   2.3018132384609755e-01	   2.4894466373858934e-01	   2.4779481230582723e-01	   1.6378902003082638e-01	   1.3819940007427778e-01	  -1.9464750399519587e-01	  -2.0146169007997791e-01	  -1.0812323428230729e-01	   2.5874081764943135e-01	  -8.0053510732049443e-02	   1.4794749852120637e-01	  -2.8266177359114886e-01	   9.5864399574398546e-02	   4.3378217188975343e-01	  -2.7972105549155749e-02	  -2.0140260281586586e-01	  -4.5292869471760777e-01	
   6.3272883379941125e-01	   3.6410770578477114e-01	  -3.6830022363153928e-02	   4.4544273553782110e-01	   1.4412058229063712e-01	   2.9234346044450810e-01	   1.3450393793362028e-01	   3.6210387998005561e-01	   2.5532421157170382e-01	   4.0479715031080199e-01	   7.2157656472742304e-01	   0.0000000000000000e+00	   5.7018990427023231e-01	   9.2407530215825640e-01	   3.9985446673929670e-01	   6.9557631624010319e-01	   5.2500598063596426e-01	   3.8149101881687564e-01	   1.6337287258500230e-01	   3.4904079676765515e-01	   1.0900999512638029e-02	   1.4146123686856069e-01	  -2.8439819369426778e-01	   1.0970801029842780e-01	  -1.9687484852607759e-01	  -4.7683843476446837e-02	   1.5414512784575979e-01	   1.0794865192501930e-01	   5.5841524412275245e-01	   5.8810772090302843e-01	  -2.3056501115009159e-01	   5.2248764420669627e-02	   2.1185037051955782e-01	   2.6113299494735487e-01	  -4.4823917938853292e-01	  -3.6340975555451877e-01	  -4.2244163171755431e-02	   1.6026361100315381e-01	  -1.7507628654881868e-01	   1.4525473798924726e-01	   2.2609853085083498e-01	   2.2637051358842039e-01	   2.2531386180098822e-01	   4.5371779869494860e-01	   4.2148969278135870e-02	   2.4576333939409606e-01	   2.5807165145066274e-01	   2.8232282264126524e-01	   4.1267497770603506e-01	   3.8676278827830901e-01	   5.5032378917658420e-01	   3.5098601126569839e-01	   5.2070452319114902e-01	   2.0030773830432475e-01	   3.4812307177402879e-01	   3.8958049955920809e-01	   3.3273510477219725e-01	   4.2437954525883503e-01	   4.5387776015745646e-01	   3.4886249865054492e-01	   2.9401583863177855e-01	   2.2909760123125364e-01	   5.2690219652492409e-01	   7.6145588327846658e-01	  -1.9145361098404370e-01	   1.9068845203829343e-01	  -1.3258683108342523e-01	   1.9630393116099671e-02	   3.1287497674093562e-01	   3.1313839186040499e-01	  -1.3716707416603388e-01	   4.2181609621233601e-01	   3.0971686386083730e-01	   4.7452231478639700e-01	   1.4805922629608786e-01	   2.9386363406517624e-01	  -5.2705016587774142e-02	   2.6325525853866222e-01	   4.8862067223210881e-01	   4.4395524424418070e-01	   4.5387275077503070e-01	   4.1463208239146543e-01	   3.5942281175493940e-01	   3.1565637879068253e-01	   4.4505432092651298e-01	   4.8409530376937254e-01	   2.9496248524089808e-01	   1.2868882658667247e-01	   3.4478483242779090e-01	   5.2499827427359269e-01	   2.5884138946679930e-01	   5.8036429331357595e-02	   1.6487480898368503e-01	  -7.2121064541273316e-02	   2.8141945001680552e-01	   1.8492961012317968e-01	   3.1607946225560662e-01	   5.4578644897076978e-01	   3.4788088645199861e-01	   2.9047490985337621e-01	   1.9671666302381810e-01	   1.3044922278818707e-01	   1.4053946391091499e-01	   1.5835311916027972e-01	  -1.0674613763829531e-01	  -7.4969546949300622e-02	   1.6986513938688713e-01	   1.5286976993152396e-01	  -1.4577300877033789e-02	   1.0809232379630407e-01	  -3.4726898690957941e-01	   3.3352565502957582e-01	   5.5224528011136997e-01	   2.1916752421748936e-01	   6.4166915602757559e-03	  -1.8806843154222547e-01	
   3.7777510461301178e-01	   2.0184234332109405e-02	   3.4785585759297410e-01	   4.3361430095708431e-01	   4.5877417062441739e-01	   2.8038258279413336e-01	   6.2905766568440225e-01	   3.6640078120908698e-01	   4.3411619791957323e-01	   4.1432877508177246e-01	   1.4620515428891192e+00	   5.7018990427023231e-01	   0.0000000000000000e+00	   7.8914352358786077e-01	   9.2918508134624112e-01	   5.9754278495749225e-01	   3.0281303325487041e-01	   1.3550417297513126e-01	   1.4739659552221449e-01	   1.7091969170999516e-01	  -6.0887091036646260e-02	  -5.5255801856230434e-03	   1.0734275200467826e-01	   2.1614923459930638e-01	  -9.0356214240024990e-02	  -9.7064544068025116e-02	  -4.6473434076381520e-02	   5.5435870279532472e-02	   4.0043109334434096e-01	   1.4447363228521279e-01	  -1.6890856983097130e-01	   6.5759641109246758e-03	   2.8409907150772568e-01	   2.2789914198853062e-01	  -1.2697637248441473e-01	  -6.4449808464928371e-02	   2.1480660611460293e-03	  -1.0221169787322316e-01	   1.1166084448769133e-02	  -2.6274020066659014e-02	   2.5534860960466044e-01	   1.4113205799261516e-01	   2.0122254368455231e-01	   2.5342383255461309e-01	   1.8127083826059762e-01	   1.7538796095696979e-01	   2.2749156205415116e-01	   6.8645272418816822e-02	   2.8079571619428190e-01	   9.7986222157928224e-02	   1.3644157673200252e-01	  -9.3647362675783108e-02	   3.2179748236376260e-02	   5.7392294006090125e-02	   1.8740129151233520e-01	   1.3741231306799806e-01	   2.6716247837101365e-01	   2.3628110598945767e-01	   5.7083226443934265e-01	   2.4330597330306220e-01	   7.2290122653898325e-01	   3.5555278024388354e-01	   4.0812852187467058e-01	   4.1727667904027066e-01	   1.1616724166184324e-01	   1.9864556008462858e-01	   2.8938116608253250e-01	   1.2250316115763416e-01	   1.7848012303277438e-01	   2.3971168141443280e-01	  -1.1572825247677405e-01	   1.7985343464698939e-01	   2.0353007631926062e-01	   1.9690073506305653e-01	   3.0860586124684053e-01	   2.2522302430052499e-01	   8.5440641467810843e-02	   1.4847540183837624e-01	   3.1601808297695339e-01	   3.3676733958417460e-01	   4.0076616326574566e-01	   2.7126330521484787e-01	   2.4518359987396482e-01	   2.5832785707797026e-02	   4.0200478209100043e-01	   3.3929391106718143e-01	   9.9072134601749517e-02	  -8.7551907037334592e-02	   4.4824544132072502e-01	   4.8249448040294884e-01	   3.0817099876535708e-01	   3.6974978025691635e-01	   1.6928679984170136e-01	   3.5020216633439044e-01	   2.5890953819196716e-01	  -2.5306134351115106e-01	   2.3915406109763965e-01	   1.6279729472715782e-01	   9.7837928679076799e-02	   2.9136014046519715e-01	   2.0695567984902299e-01	   3.5261776605759948e-01	   1.4148658551257792e-01	   1.8995149463968294e-01	  -1.6838837162002318e-01	  -1.3866352479216212e-01	  -1.6925542565462640e-01	   3.0756377493698123e-01	  -1.1252495638525072e-01	   1.9349507024377824e-01	  -1.5395685422689659e-01	   4.3736035468992469e-02	   3.4262676921071478e-01	  -6.7269158359182235e-02	  -1.4642826011221555e-01	  -4.0625147588494531e-01	
