   0.0000000000000000e+00	   1.0324812240714325e+00	   4.8291375391441604e-01	   1.6301293514530288e-01	   2.3659614144341284e-01	  -2.0395928137702279e-01	   2.2772460159899430e-01	   2.3988478108842557e-02	   2.3451745408712188e-01	  -9.3330737197159522e-02	   6.5868974091479138e-01	   4.5974560903534911e-01	   5.0183930951982181e-01	   6.3582654500322056e-01	   6.5220566462856588e-01	   4.9135241602770041e-01	   3.9870057276718385e-01	   6.2117149256973092e-01	   9.7787567269320208e-01	   6.2260932563196192e-01	   1.2752467590451283e-01	  -4.9299435336684981e-02	   2.5963194118521160e-01	   9.6856321460902436e-02	  -6.9716771494665694e-02	  -6.8741193540156190e-02	   1.4085023962555659e-01	   8.9924282616996087e-02	   3.2320309876926151e-01	   4.2189380525151565e-01	  -5.5317894880847589e-02	  -9.2384419621804673e-03	   1.8363927194301802e-01	   8.2771801217496541e-02	  -1.1509655004681506e-01	  -1.6761575792171249e-01	   6.5664963328090034e-02	   1.1666655539863706e-01	   2.1841067453430860e-01	   1.3664621816261574e-01	   3.7497639650263059e-01	   8.0871913011380747e-02	   3.3038207864004165e-01	   2.9140286627235090e-01	   3.6527358864554228e-03	  -6.3004411808998906e-02	   2.2349642875026290e-01	   2.6095002772828974e-01	   2.4672688931451156e-01	   1.3760995541510840e-01	   2.3612244643983843e-01	   4.6400353560585679e-03	   1.0311254481300164e-01	   6.2382922496835420e-02	   3.9509891181538359e-01	   2.6983477482529405e-01	   9.2139731990484730e-01	   7.3588236396838402e-01	   6.9246712442942693e-01	   1.6825498553073676e-01	   2.2454744472110930e-01	  -3.0431411071478492e-01	   7.4285462887283604e-01	   5.1296508464447899e-01	   2.2718978195876230e-01	  -2.2484284422318088e-01	   1.8293848571329632e-01	  -5.9141129529663168e-04	   8.6363261789834844e-01	   6.9990626000211698e-01	   6.5969889933037720e-02	  -8.6775075105312266e-02	   2.1681337630264999e-01	   1.7413502776778800e-01	   3.2390638527022497e-01	   2.0930838331559690e-01	   4.9133059372301402e-01	   2.9440791011966683e-01	   2.1585490014093964e-01	   3.8222827750392285e-01	   2.7313950301498957e-01	   6.8280545164124684e-01	   5.3292791049144916e-01	   5.8893920010394296e-01	   4.3138441029258323e-01	   4.6304821414671177e-01	   9.8933656408419363e-02	   2.2603749324799399e-01	   2.1796364630409482e-01	   3.0501149120174792e-01	   2.6843625199369253e-01	   3.2247839311104309e-01	   2.7916373385269710e-01	   3.4854313465802578e-01	   1.4172369287691955e-01	   1.7801216369082601e-01	   4.0686243370862690e-01	   4.3203148937374519e-01	   4.6933072299632017e-01	   4.9657107712272075e-01	   4.1827154500081143e-01	   4.8703189742364805e-01	   6.6822807853772714e-01	   7.4360191632966022e-01	   4.3466036825066845e-01	   2.4784540056079990e-01	   7.6427038768562300e-02	   2.1013259921706648e-01	   7.4263407150176305e-02	   3.6676969744155119e-01	   2.0926367271907184e-01	   3.7198181716763945e-01	   3.7620985587031153e-01	   5.9462726879210659e-01	   3.3392158533933652e-01	   4.2856329685492064e-02	
   1.0324812240714325e+00	   0.0000000000000000e+00	   3.9891494187668602e-01	   1.6334776005587215e-01	   1.9795640678825477e-01	  -1.5866183883970797e-01	   1.5483511521952405e-02	  -4.4652049928362589e-03	   1.0820813291011069e-01	  -9.6497959939633254e-02	   5.3930610422812464e-01	   3.9521498088865115e-01	   3.0473368608322465e-01	   5.2111988345616167e-01	   5.4487157632073679e-01	   4.1084113169840158e-01	   5.8465016828441974e-01	   8.4158074420709650e-01	   7.8704304568438166e-01	   6.3986694289059798e-01	   3.4638188795386804e-01	   2.2697675072355472e-01	   2.7345900553864666e-01	   1.4748921858039801e-01	  -7.3961658077188516e-03	   4.1616167511691711e-03	   2.7217028797968623e-01	   6.4760448446952196e-02	   4.6148348326542921e-01	   5.6901513164138195e-01	  -3.0128617718327508e-02	  -1.5935911514381243e-02	   1.7444534967889058e-01	   7.4406697212685169e-02	  -1.3231470892321986e-01	  -3.1872052514711391e-01	   2.3867482992169192e-01	   3.5103013072722927e-01	   9.5633629592920960e-02	   2.1239860196927471e-01	   2.6406106395003842e-01	   3.4242344629211030e-01	   3.9093982419106488e-01	   3.0156696440011133e-01	  -8.0536578777725201e-02	  -2.1673559421054955e-01	   2.0951237135101403e-01	   2.5851912103037522e-01	   2.3368710262103060e-01	   2.6377219899124504e-02	   3.6448612482030135e-01	   1.7454520598424927e-01	   7.4485707174048316e-02	   9.6576074505139872e-02	   3.6520300056156274e-01	   2.6467317039269278e-01	   1.3115115703240681e+00	   1.2565878209307668e+00	   5.4329790729675931e-01	   2.0395396543771449e-01	  -4.0957312251527066e-02	  -2.8517688885063380e-01	   5.2901215711437710e-01	   3.4886059352960225e-01	   3.1751435855929361e-01	  -1.9945914144074248e-01	   1.8973174281520794e-01	  -1.2981750422918237e-01	   1.0539989084786305e+00	   7.1999486417124092e-01	  -2.1614178305402788e-02	  -2.0290986100949021e-01	   2.1231114192363931e-01	   2.6262633040210576e-01	   3.3598839190238722e-01	   2.7077171828019098e-01	   3.1084012930308469e-01	   6.7525156384449475e-02	   5.3687965361889467e-01	   6.3892829388300099e-01	   5.0010904320685501e-01	   7.5820313638764980e-01	   5.0097656527262990e-01	   3.2080882563620283e-01	   6.3194767630176085e-01	   4.7236266865605547e-01	   2.9319875582331489e-01	   2.1005630694952312e-01	   3.8511826908077162e-01	   3.7050856441784896e-01	   1.7135308241306485e-01	   2.2566247140005125e-01	   9.1485842189723748e-02	   2.2961465826217911e-01	   2.4284426677211862e-01	   1.8100520851239046e-01	   3.4712328582688434e-01	   5.5226417672057804e-01	   3.6965468526037792e-01	   2.8196782900299711e-01	   3.2526424525789038e-01	   3.3329539059538793e-01	   4.9629661240426559e-01	   5.4808478404203154e-01	   1.3778619496022690e-01	   1.0299763788982409e-01	   9.6955771185228690e-02	   4.5400340831627461e-01	   3.6624236522886611e-01	   5.1524545808097910e-01	   2.2065363607558602e-01	   5.1937284419687102e-01	   5.6108347083023669e-01	   5.3523566333530748e-01	   2.1249208470662503e-01	   5.0388096745932032e-01	
   4.8291375391441604e-01	   3.9891494187668602e-01	   0.0000000000000000e+00	   8.0416910595402391e-01	   4.8932457613147190e-01	   1.3706407870935972e-01	   5.2261716743708553e-01	   1.6844171219156812e-01	   3.5598853660927360e-01	   3.3219879750987530e-02	   5.8566584780737829e-01	   1.1850932504697728e-01	   6.2718542212226680e-01	   1.4868333195488251e-01	   7.5515039398650585e-01	   5.2997063847764236e-01	   4.3469776562885765e-01	   6.3494045555405465e-01	   6.4099932209327126e-01	   6.6264476346090762e-01	   5.5591973797713434e-01	   3.3807659944256929e-01	   1.3010106122833842e+00	   7.9543400674816878e-01	   5.8814836495253975e-01	   4.6085321648753835e-01	   4.7993494838681305e-01	   3.6222806454116985e-01	   4.4446336181723728e-01	   1.9132914064702136e-01	   5.4008066518959985e-01	   4.2540305920266819e-01	   3.5674839270969666e-01	   2.3175635348472159e-01	   5.9757479528019974e-01	   1.8704542636528343e-01	   5.6326923660794326e-01	   4.0705797954033496e-01	   3.5766727064895126e-01	   3.7069497171001614e-01	   4.5319238630135605e-01	   2.2102179713806336e-01	   1.0957231509680514e+00	   9.0897684720390981e-01	   5.5666397766997477e-01	   3.5106679255283024e-01	   6.8926275914231061e-01	   8.6921057136065494e-01	   5.2485522853509081e-01	   3.9411389947417708e-01	   6.2305989181909560e-01	   5.3400177414633743e-01	   1.5338957409717713e-01	   2.7993748872282065e-01	   5.9216849133565985e-01	   5.8968062197755355e-01	   4.7121868021289520e-01	   5.2568407774027726e-01	   6.0489409194632526e-01	   2.3763987143098164e-01	   9.3615609984676149e-02	  -2.1482497853306395e-01	   3.9413214386959361e-01	   1.6483653924059979e-01	   5.1119402286179993e-01	   6.9393842949562481e-02	   6.0661661270077238e-01	   4.7905593365468152e-01	   6.0541241724424166e-01	   8.4337090296128403e-01	   3.0943594569177180e-01	   2.9917482442134291e-01	   2.4962525316533835e-01	   2.8973834037254464e-01	   3.5327397192211030e-01	   2.7956498351232228e-01	   5.2782507030833192e-01	   6.2850365982821321e-01	   4.3846007228385242e-01	   4.5644194031136032e-01	   4.1788577446740516e-01	   4.8594666292331923e-01	   6.9948978668860307e-01	   3.4610664921117612e-01	   8.6914330943786378e-01	   6.1118841522578360e-01	   2.8251900120616813e-01	   4.0614882342030617e-01	   4.2560732615599872e-01	   5.7202180031380101e-01	   7.4455576165877990e-01	   1.0206139099748934e+00	   4.8938576043126358e-01	   7.2810014485444463e-01	   3.4312274537571097e-01	   1.6879207111335484e-01	   8.1876115322933163e-01	   5.8680976666338047e-01	   7.7854243952004210e-01	   1.0248303172116280e+00	   2.7645395854303501e-01	   5.4210773934333023e-01	   4.9711265632346707e-01	   5.2951233565480704e-01	   2.1946526595035556e-01	   8.9877110537916804e-02	   4.2809635383607014e-01	   1.3159202700024059e-01	   6.2357928504462833e-02	   6.5686026105182638e-01	   1.0038406161465561e+00	   6.8277253636490021e-01	   4.4487204370713190e-01	   5.2614095189700794e-01	   2.5772592256621535e-01	  -1.4966552502725546e-02	
   1.6301293514530288e-01	   1.6334776005587215e-01	   8.0416910595402391e-01	   0.0000000000000000e+00	   3.9448127810548467e-01	   6.3317782761972263e-01	   7.2056183797071227e-01	   6.1156219262247236e-01	   5.1139095641820098e-01	   4.2495160364244988e-01	   3.7644286207988470e-01	   2.4148543660591787e-01	   5.2781489082732524e-01	   2.5767000955335234e-01	   2.9156059886557234e-01	   6.0878037051739986e-01	   3.1502923445490449e-01	   2.8266281200976262e-01	   2.3896785370679263e-01	   5.9126118298370200e-01	   4.7874517725359111e-01	   6.5883765316061327e-01	   8.5604806464564898e-01	   1.3090945461827708e+00	   5.1343367886516789e-01	   5.2952794149320936e-01	   2.8305422521276680e-01	   8.1797108147563558e-01	   2.4279421643484705e-01	   1.4464047938437338e-01	   4.8845934940890662e-01	   5.1952824025636402e-01	   4.7389775237206266e-01	   4.1466724398097327e-01	   6.8149591215642624e-01	   4.0376717756888325e-01	   4.6320876146615880e-01	   3.3453798086582759e-01	   5.5742685665299763e-01	   6.1091088514492009e-01	   3.7154976006193369e-01	   2.7067043011530811e-01	   7.7466508040145698e-01	   5.3674693970557541e-01	   4.3504987307784942e-01	   2.7904824874840350e-01	   5.2849011123623779e-01	   6.7095643409626438e-01	   3.6089255949443222e-01	   4.7796817535384506e-02	   4.8901332180838131e-01	   3.7659997081115720e-01	   3.1874294385697377e-01	   4.2071452422525452e-01	   6.0029452520226223e-01	   5.8853160568773322e-01	   2.0181659084535566e-01	   2.4969044247566824e-01	   6.3698331839578337e-01	   3.6346011711212628e-01	   4.3426835510983208e-01	   2.9375404001369970e-01	   2.0919104666130450e-01	   1.1527380200619500e-01	   8.3320243547158557e-01	   7.8595816889928982e-01	   8.1694583704036883e-01	   7.2158731818814870e-01	   3.6675026569879421e-01	   5.8982311182052716e-01	   1.3734725563767575e-01	   1.9732114255402505e-01	   3.2733926600923967e-02	   7.7155264944795798e-02	   9.2036160496562380e-02	   2.6502618684891406e-02	   4.0770980064185114e-01	   5.7439948259892382e-01	   3.5385873803607093e-01	   3.1035584768120711e-01	   2.9577567480903344e-01	   3.1256036721586417e-01	   5.5964350786142081e-01	   3.9062335371629348e-01	   6.4320234835269574e-01	   8.9019504644764202e-01	   2.1726325912933397e-01	   5.7746039873015831e-01	   7.5829589996185320e-01	   7.9934962486628647e-01	   1.0533329339388919e+00	   8.7068020353182130e-01	   9.0580934573979988e-01	   5.7243271427543019e-01	   4.6997970872105188e-01	   3.9755881921628544e-01	   6.3841734872556644e-01	   5.4093479929441513e-01	   5.8390244575558814e-01	   5.6891384641269505e-01	   4.7049735380773816e-01	   5.4876471591718567e-01	   4.3400161323961028e-01	   5.3057295373462510e-01	   1.2056366678849692e-01	   5.3701828112961711e-03	   7.6890830089989848e-01	   2.1119538251111736e-01	  -4.9675496707797868e-02	   5.0135089393616949e-01	   8.2556066389284721e-01	   3.8291831584146874e-01	   4.1372757672561566e-01	   3.4746574215475268e-01	   1.6926474098230834e-01	   3.3625041700076234e-02	
   2.3659614144341284e-01	   1.9795640678825477e-01	   4.8932457613147190e-01	   3.9448127810548467e-01	   0.0000000000000000e+00	   2.2388103174241991e-01	   3.9988920399387634e-01	   4.7009925333698904e-01	   7.1782027755811728e-01	   3.0515774762971165e-01	   2.0913829310179854e-01	   3.3878868294400294e-01	   1.3187981689675810e-01	   3.5823339456150421e-01	   3.9522270229497386e-01	   5.3780912622892640e-01	   3.9414657454000884e-01	   4.7421537156720878e-01	   4.6074336465935939e-01	   3.7531547480569000e-01	   1.9642750711997048e-01	   8.6200448183364725e-02	   2.7897500296455313e-01	   1.5459750831983687e-01	   2.6324596774013109e-01	   1.9889914194564406e-01	   6.4465182207137239e-01	   5.2855200458093221e-01	   4.3286649802758104e-01	   4.5103426210021969e-01	   3.3793975930740866e-01	   3.1864688495424814e-01	   3.5440699009829235e-01	   4.0000764580727288e-01	   2.0416777834031918e-01	   1.2633527879058770e-01	   2.6313929611825387e-03	  -4.7125916252829886e-02	   1.6058337522871599e-02	  -2.7652348699324293e-02	   9.1398345958786112e-02	   1.7650293796105054e-01	   5.3541552852802976e-01	   4.8869494216188525e-01	   3.1942004050196959e-01	   3.9223555935447946e-01	   3.8197011022642829e-01	   4.4522538458703842e-01	   2.8427894508200541e-01	   2.8435844326996257e-01	   3.1612732920639131e-01	   1.5089995397490030e-01	   1.8630729900961918e-01	   7.6182671695058921e-02	   2.7332440700833793e-01	   2.6047478722911849e-01	   1.0627692154214306e-01	   1.9546706873125808e-01	   2.9760017609561268e-01	   6.9751653844259326e-02	   2.3439400687104614e-01	   1.7768827099474913e-01	   3.0512765570147321e-01	   2.2596192940154763e-01	   2.0723385762245211e-01	   1.9460818412467368e-01	   1.8046845734881284e-01	   3.6113632228694870e-01	   1.8107640708065620e-01	   4.6648839171551737e-01	   3.0352706420074282e-01	   3.4235573702506200e-01	   2.2855763890222744e-01	   2.1782966946038701e-01	   3.0960002288370803e-01	   1.7782717295554332e-01	   2.2116170552610739e-01	   3.1797245634949906e-01	   3.5568504722143046e-01	   3.8684634667009349e-01	   4.8068561540434518e-01	   4.5357850026090402e-01	   6.2720089114793065e-01	   4.9712181340158390e-01	   4.0847353691340654e-01	   2.3335742300257922e-01	   2.3848138428125676e-01	   3.6219695828576412e-02	   8.3063793915869599e-02	   1.7248066601485801e-01	   2.6422158189412198e-01	   2.6868718888693138e-01	   7.1798687069645373e-02	   1.5069772607703297e-01	   1.1451653157717472e-02	  -9.9004276195261046e-02	   2.9225141534332605e-01	   9.1057192569803116e-02	   5.8999752616220458e-01	   5.1360150697982543e-01	   1.8206765045547035e-01	   1.2685370875412727e-01	   4.3001241035253135e-01	   2.0700721920161963e-01	   8.4944170477031043e-03	  -7.6396500401299278e-02	   2.1010390815558797e-01	   9.1171018689572711e-02	   1.8044041796078325e-01	   2.7700460727528819e-01	   3.2049598223124087e-01	   2.5302839765558738e-01	   1.7691861848704554e-01	   2.7803770846527448e-01	   7.5498459726838468e-02	  -1.0215366143221048e-01	
  -2.0395928137702279e-01	  -1.5866183883970797e-01	   1.3706407870935972e-01	   6.3317782761972263e-01	   2.2388103174241991e-01	   0.0000000000000000e+00	   8.8644955101798883e-01	   9.1109309511684444e-01	   5.2300649268653121e-01	   9.5477523049317259e-01	   7.3644171819708407e-02	   2.2986544221823774e-01	   2.7027298503569835e-01	   1.9968480053028656e-01	  -6.2742377814357986e-02	   3.8804920110606450e-01	   9.5397999629650732e-02	  -7.9897965038073088e-02	  -1.0227338558389558e-01	   2.2912662404692627e-01	   1.2421246832123725e-01	   5.2232133843757222e-01	   1.7089924711793919e-01	   4.7239454200497427e-01	   2.8663523626024734e-01	   5.7574260272221622e-01	  -7.5446274943864813e-02	   7.0044333827410921e-01	   1.2769881986200668e-01	   6.1657659866550120e-02	   3.5864522959392381e-01	   4.4496442364175681e-01	   4.3426867916566242e-01	   5.8365648426459693e-01	   5.5686640327917236e-01	   5.8703217324552381e-01	   1.6038902168576324e-02	   5.2437245250959469e-02	   1.6788623482935128e-01	   2.7070612073791772e-01	   2.4152172577754667e-02	   1.2269918716560826e-01	   3.0853998912821606e-01	   1.3552793764257889e-01	   4.8396556727410256e-01	   3.7418337246265859e-01	   2.0967546888260685e-01	   2.1965755454950822e-01	   2.8996365532510127e-01	  -8.0144417914226357e-02	   3.1196667979497683e-01	   1.0597072082077223e-01	   1.6206364889825875e-01	   1.8408443374044225e-01	   1.6786146981004124e-01	   1.5939137762106467e-01	  -2.0131888418071853e-01	  -8.5919100303089191e-02	   2.7861630080004463e-01	   1.8608324162561710e-01	   7.1430686482176486e-01	   7.4499757542803646e-01	  -2.4585300619066490e-02	   1.2812883358096461e-01	   4.8309259138549715e-01	   7.4057651361593702e-01	   6.4351724569283275e-01	   7.3335124431513987e-01	  -8.6884837167207463e-02	   1.7072305784086819e-01	  -2.3786731185428467e-01	   1.9858509771739412e-02	  -1.7360708080986859e-01	  -1.5513233167270815e-01	  -8.3805912431343638e-02	  -2.5579640295361461e-01	   1.4068871810728073e-01	   2.8106070201223515e-01	   1.0316285171843573e-01	  -4.1930436673910047e-02	   1.0694418825151562e-01	  -1.0529420449587247e-01	   1.4989676658701662e-01	   2.9333553809480360e-02	   1.8442288552510205e-01	   3.9078905355369248e-01	  -2.1690978892338011e-01	   1.1148924209363588e-01	   4.2481174639537334e-01	   3.1354756550107843e-01	   5.5073258648018886e-01	   3.0807125883085695e-01	   4.6527117813978358e-01	   1.9473640490848662e-01	  -5.3768575138571868e-02	   5.6702055285165608e-02	   6.8619544628200538e-02	  -2.4236843946962187e-02	   3.0071678840912386e-01	   5.8480138342761182e-02	   2.8656711210615587e-01	   2.4995719009091016e-01	  -1.1609739316337984e-02	   1.0882757224089472e-01	  -2.4045046418547572e-01	  -4.4868223181101792e-02	   4.3735536232560218e-01	   2.6663308240062877e-01	  -6.6051766598158576e-02	  -7.4233969928718432e-02	   2.5579817305221159e-01	   2.1295991330381120e-01	   2.8235242926933285e-01	  -1.8547437544159096e-02	  -2.2846818894303900e-01	   8.1651114338381778e-02	
   2.2772460159899430e-01	   1.5483511521952405e-02	   5.2261716743708553e-01	   7.2056183797071227e-01	   3.9988920399387634e-01	   8.8644955101798883e-01	   0.0000000000000000e+00	   8.4004224804570926e-01	   7.3842078678610890e-01	   6.3541901889284791e-01	   3.7350958963138847e-01	   3.1415801562380574e-01	   5.3400007823063922e-01	   3.1147324552352951e-01	   2.7935445775422485e-01	   5.4232113172854735e-01	   1.5021237042733496e-01	   1.1228603704851199e-01	   2.5904518591599840e-01	   5.6164984996989897e-01	   1.2848572143614562e-01	   3.3557624325023444e-01	   4.4380297121957524e-01	   5.7540253354307525e-01	   2.1922359069274619e-01	   4.2155373106814703e-01	  -1.3974135918891073e-01	   5.4682020568876721e-01	   2.3303209204591180e-01	   1.6941598938855168e-01	   4.5719908942157234e-01	   5.2328776236498920e-01	   6.2032732558016845e-01	   6.7886704470048220e-01	   4.6709916452089917e-01	   4.8229842540308865e-01	   1.8049365707520398e-02	  -5.8865970151852562e-03	   2.6856669781173992e-01	   2.0963663560768883e-01	   2.0348897091293502e-01	  -1.8426507904449999e-02	   5.5519698149139662e-01	   4.0207360667240349e-01	   6.8458557648051088e-01	   4.7990540108841795e-01	   4.8962023248391284e-01	   4.7511363268909301e-01	   5.5125789519014590e-01	   1.2931486184655033e-01	   3.5215457684478968e-01	   8.1748230318583873e-02	   2.6578144077564470e-01	   2.5770195233838306e-01	   3.6324323544861403e-01	   3.8444427884848920e-01	  -2.0723051860254995e-02	   1.0433116571285926e-01	   5.9565197887790577e-01	   1.6024262408440468e-01	   9.8262897561175189e-01	   4.8103031058332446e-01	   3.3987818159704752e-01	   4.6213689596334873e-01	   5.3781096610094881e-01	   4.6764914035389715e-01	   7.5582884107887749e-01	   7.4125400230650695e-01	   1.2295025056910812e-01	   4.5057651357260753e-01	  -5.7297373640496654e-02	   3.1018665012127643e-02	  -1.1516442398355567e-01	  -1.1325097597434712e-01	   1.6127300599297671e-02	  -1.4752653371288091e-01	   4.1609460359252348e-01	   5.9088741291483438e-01	   4.5125546323695628e-02	   3.7296647592982797e-02	   1.1584747240707573e-01	   1.0211068750318127e-01	   3.3984644695848409e-01	   3.6274685273568674e-01	   2.5262986419960987e-01	   4.5756167883280296e-01	  -2.2208342024019434e-01	   1.9396157093372632e-01	   3.4443117461275968e-01	   3.5646936355264436e-01	   8.0560058476168694e-01	   5.8352365007212437e-01	   6.1282977197444366e-01	   3.9498687407449695e-01	   4.8397062521765906e-02	   3.5051002956141657e-02	   3.4660526530952418e-01	   8.1603043318708629e-02	   6.9456885480482244e-01	   5.2681209452790823e-01	   5.6636199436985080e-01	   4.4126546559091084e-01	   4.0064836276842103e-01	   4.4092693640645869e-01	   1.2292864387500957e-01	   1.0114633473862575e-01	   3.7448773975640520e-01	   1.4121459587852031e-01	  -6.8109206927331051e-02	   1.3847527264450654e-01	   4.1340478174716971e-01	   4.2415970015148186e-01	   4.2860245239459427e-01	   1.7042957934062919e-01	   8.6190309353668768e-02	  -6.5380906188567484e-02	
   2.3988478108842557e-02	  -4.4652049928362589e-03	   1.6844171219156812e-01	   6.1156219262247236e-01	   4.7009925333698904e-01	   9.1109309511684444e-01	   8.4004224804570926e-01	   0.0000000000000000e+00	   8.1465893456033911e-01	   9.9779822868479706e-01	   3.4758557086811881e-01	   6.9908729591821872e-01	   3.2970128540690180e-01	   5.9413865475772876e-01	   8.6050646577317036e-02	   5.6115531497074955e-01	   3.1517280424810823e-01	   1.4460407409721368e-01	   1.3601907459211227e-01	   4.4411579900651799e-01	   1.5763555168441071e-01	   4.1694126128487236e-01	   6.5158876723714884e-02	   3.8044217814082826e-01	   1.2509877393294563e-01	   3.8407856879590618e-01	  -5.1238142573071625e-02	   5.7215573219126414e-01	   3.2697427985133454e-01	   3.8712043401551477e-01	   3.3945699584953698e-01	   4.4241680273772499e-01	   6.9699132471759906e-01	   8.7885256730099515e-01	   2.9294658956366243e-01	   4.1497890330926535e-01	   3.5013342358719703e-02	   3.8458062696549458e-02	   1.5813176503433213e-01	   2.0817689891796895e-01	   2.0499886721347615e-01	   2.7507033476861065e-01	   3.9002392829746330e-01	   2.9490438559969362e-01	   4.1325542138749027e-01	   3.4660346527537067e-01	   2.9513274416692942e-01	   3.1544792796380428e-01	   4.1780939224420088e-01	   2.9975728635841605e-02	   4.9280194996608417e-01	   2.7792659427791250e-01	   5.1983802173583959e-01	   4.8889056852500035e-01	   3.7028079637994654e-01	   2.2973968032204578e-01	  -1.6777896680744481e-01	  -9.6586330667874490e-02	   4.7346058246768685e-01	   3.3205290215788924e-01	   8.5538984109985128e-01	   9.9310672264113242e-01	   1.9532066130229128e-01	   3.8585974003407975e-01	   5.8646141867676671e-01	   8.8973399054674052e-01	   4.9841378848524648e-01	   5.5408901118184195e-01	   3.3358518570626515e-02	   2.7294325089214405e-01	  -1.1943699124682648e-01	  -7.3520999628719635e-03	  -3.3623876543308027e-02	   1.2975297045728126e-02	   3.7535605713347478e-02	  -1.2060304186428882e-02	   2.3417503420587577e-01	   4.1040770467635518e-01	   2.7389286682639624e-01	   1.3561364950433727e-01	   3.7746929359756248e-01	   1.3174903860917803e-01	   3.5925322560500150e-01	   3.4672378874258031e-01	   2.8698201168017556e-01	   3.9062353211001577e-01	   1.7227058474100956e-02	   2.3638003458714857e-01	   4.5047967931086264e-01	   3.9792003798979886e-01	   5.1049926005635982e-01	   2.9719476729326377e-01	   3.4701279969375393e-01	   8.9085519050400783e-02	  -6.7407990777442320e-02	  -4.1105066613773826e-02	   4.8069285736198182e-02	  -1.8198330175750708e-02	   5.0599009092852743e-01	   1.8063297955477325e-01	   5.1057384484943169e-01	   1.2952002443581553e-01	   2.0869162166587921e-01	   1.6962511673095473e-01	  -1.0992848493682365e-01	  -4.3906612320002585e-02	   4.8493547677729698e-01	   1.7002738129899420e-01	   1.0965308733339328e-01	   1.4769395414044494e-02	   2.2091364742242742e-01	   3.0410293157374257e-01	   4.2827695145322597e-01	   8.9843101621128130e-02	   7.4807805000492514e-02	   1.5240208177739273e-01	
   2.3451745408712188e-01	   1.0820813291011069e-01	   3.5598853660927360e-01	   5.1139095641820098e-01	   7.1782027755811728e-01	   5.2300649268653121e-01	   7.3842078678610890e-01	   8.1465893456033911e-01	   0.0000000000000000e+00	   7.2786458391595765e-01	   4.4845583130594174e-01	   6.0781542075731043e-01	   5.4623052492540980e-01	   6.3688999164145077e-01	   5.7568498965913284e-01	   7.1964072936592782e-01	   3.7549511677018438e-01	   3.5999995171675547e-01	   2.8567550803154496e-01	   4.5383547963554965e-01	   1.0498605647253015e-01	   1.2663193534525757e-01	   2.2080657903579917e-01	   2.7900656773758126e-01	   8.8994148414365787e-02	   1.8614066746357408e-01	   1.9892415877096606e-01	   6.4106019144981807e-01	   3.9420758658315624e-01	   3.6352221467054374e-01	   2.0703791452631617e-01	   2.7007330408984376e-01	   3.7260734467574425e-01	   4.5461664423767367e-01	   1.2613237727465060e-01	   3.2704730812927296e-02	   2.6777146459215112e-02	  -9.6573195416843297e-02	   1.0534888912238299e-01	   7.8182181414419724e-02	   1.0150345305180597e-01	   9.8648891120237600e-02	   4.5413389335121362e-01	   3.5786264980644372e-01	   2.5140148720251571e-01	   2.7566277373878673e-01	   2.7269925276409807e-01	   3.1558751292528048e-01	   2.9164095342116669e-01	   1.5348545512397138e-01	   3.9271151080767308e-01	   3.6141468457905182e-02	   2.9061026076874902e-01	   2.3318718104296815e-01	   2.8049277720579735e-01	   1.5625997319416232e-01	  -4.8663438852058649e-02	   1.6635688775015006e-01	   4.6207097438013955e-01	   3.0606510783452523e-01	   6.2347750789201517e-01	   4.0564465529333699e-01	   4.2119701387705311e-01	   3.9058108506778783e-01	   5.1933977888051053e-01	   3.7536096595193746e-01	   2.3464695568802366e-01	   3.0393451437877306e-01	   1.6134731678737643e-01	   3.9684302214540013e-01	   4.9881838008588766e-02	   9.6386345473150573e-02	   1.7178515124861829e-01	   8.8420662397248939e-02	   2.9026920569434067e-01	   1.2691517835824506e-01	   2.0368651412863545e-01	   1.9850759776926072e-01	   2.4985395680979947e-01	   2.0603872582291530e-01	   3.7860774154117705e-01	   2.5416718589862408e-01	   4.3766067101088169e-01	   4.1454876658472128e-01	   3.1778620947984415e-01	   2.8656929042444806e-01	  -3.5350630400524649e-02	   1.4092853313074485e-01	   1.8929611645007988e-01	   2.6243132992360407e-01	   5.4964029096513367e-01	   4.3429344609541842e-01	   4.2240556166123000e-01	   4.3419097229566228e-01	   9.7570201138878730e-03	   7.5214368515711644e-02	   1.7133839102759074e-01	   6.5861880589630051e-02	   6.4922895358147859e-01	   4.6734014848149796e-01	   5.3246708904592321e-01	   3.9106161301664327e-01	   4.0944981284963317e-01	   3.8301767151872995e-01	   1.0689101444244259e-01	   1.4023593552663935e-01	   3.1400359841255165e-01	   3.0675450977711387e-02	   9.7763850632168581e-02	   2.6716432159850845e-01	   2.4203921783978705e-01	   3.2741760019181487e-01	   3.5939139178588791e-01	   3.0324803210379653e-01	   1.3322821769604362e-01	   2.4803059509855677e-02	
  -9.3330737197159522e-02	  -9.6497959939633254e-02	   3.3219879750987530e-02	   4.2495160364244988e-01	   3.0515774762971165e-01	   9.5477523049317259e-01	   6.3541901889284791e-01	   9.9779822868479706e-01	   7.2786458391595765e-01	   0.0000000000000000e+00	   2.3070765981219549e-01	   4.8941463842783067e-01	   2.4928876566044811e-01	   3.7693805090389287e-01	   1.1262646012246524e-01	   5.3376897303207338e-01	   2.4337441416000460e-01	   1.1324360698941005e-01	  -3.4983037389145780e-02	   2.5997013698918359e-01	  -1.8693560165151613e-02	   2.7767954571587278e-01	  -1.1078552224877818e-02	   2.4987949206711740e-01	  -1.8980160241873410e-02	   2.0512282036700646e-01	  -1.6202528794993742e-01	   4.6849028233456091e-01	   2.4522803865047973e-01	   2.4598558608552568e-01	   1.1339108942927523e-01	   2.9596771648353942e-01	   3.3009969746130513e-01	   4.8570688896867015e-01	   7.1640158490656039e-02	   1.6058068897099362e-01	  -1.2204274108860022e-01	  -1.4038505885177507e-01	  -4.1424897528483946e-02	   2.8196591167422597e-02	  -5.0060011643951921e-02	   1.5424763039166470e-01	   1.8702315359366334e-01	   4.7313815924658532e-02	   1.5370403467969695e-01	   1.3628029143744211e-01	   1.4356132292664120e-01	   8.1078040834655987e-02	   1.5313854131824370e-01	  -8.5033079286289892e-02	   3.0767462657016753e-01	   5.6606354482054394e-02	   2.8465249122449127e-01	   2.3947968146874299e-01	   1.4099804108267111e-01	   1.4928257508550149e-02	  -1.7689892735054236e-01	  -3.0706756891563259e-02	   2.7865875981592558e-01	   2.0976324816430525e-01	   6.9045599248538736e-01	   7.5737508749548155e-01	   1.7826639637835004e-01	   4.0510993512278065e-01	   4.2147760244043381e-01	   5.9220116657517352e-01	   2.5511518537485955e-01	   3.0293131959529829e-01	  -2.8006299733223664e-02	   1.3928954168058849e-01	  -3.0016944188131811e-01	  -1.4798468119245753e-01	  -1.5077174181686281e-01	  -8.5333461928852966e-02	   1.0044362318837305e-02	  -1.1544554129061174e-01	   7.5379058437735555e-02	   1.7822500266953731e-01	   2.1369294839503056e-01	   3.7497063351370256e-02	   1.8913394734792197e-01	   1.2969098917210878e-03	   1.7058827550947694e-01	   1.4814536308324738e-01	   6.1076789884346193e-02	   2.0682242056270114e-01	  -3.2389130011527822e-01	  -6.1133061224204151e-02	   2.0297602671449283e-01	   2.5776170945944282e-01	   4.7689463351940942e-01	   1.7035819159993881e-01	   3.5911533316851585e-01	   6.6351338222945935e-02	  -2.2805895934612910e-01	   1.8405186061871991e-02	  -1.1570519049079270e-01	  -9.5300285076474478e-02	   3.7449136390326071e-01	   8.2399091224559712e-02	   4.5881268837324335e-01	   1.6626453331583346e-01	   1.5074770752661057e-01	   1.3063465923149134e-01	  -8.9687983022552903e-02	   3.2295973184082061e-02	   2.9808081259874164e-01	   1.4367417809070140e-01	  -1.5142838838397932e-01	  -1.2050757935458485e-01	   5.2172802616772790e-02	   1.7158651364082553e-01	   2.8551384160791582e-01	   1.3071385456918377e-01	  -7.1287485190914606e-03	   2.0168293647887997e-01	
   6.5868974091479138e-01	   5.3930610422812464e-01	   5.8566584780737829e-01	   3.7644286207988470e-01	   2.0913829310179854e-01	   7.3644171819708407e-02	   3.7350958963138847e-01	   3.4758557086811881e-01	   4.4845583130594174e-01	   2.3070765981219549e-01	   0.0000000000000000e+00	   9.2989246823420857e-01	   1.1165552694517740e+00	   7.8818170230266937e-01	   7.7644413196615014e-01	   7.7364293358314762e-01	   8.5858295082738512e-01	   8.2732283623074221e-01	   6.2169205409234607e-01	   6.9064686623527305e-01	   3.4292250961566112e-01	   2.5482681174227273e-01	   4.1867958877942674e-01	   4.7788114110281621e-01	   4.7141874861206454e-02	   1.7793728056105562e-01	  -9.7824242248724901e-03	   8.5740149281123237e-02	   7.3825992385106032e-01	   5.7889986569847052e-01	   3.0339572791171937e-01	   3.2702228055578902e-01	   4.5347991396055498e-01	   3.6770629443598274e-01	   4.8100690593060318e-02	  -1.4783613673348273e-01	   2.9026315708337447e-01	   3.7309124242798025e-01	   1.2735499341048215e-01	   2.0786999573418627e-01	   3.5771680806796213e-01	   3.7462945449011642e-01	   4.9553737922077118e-01	   3.7676075526251157e-01	   9.2233370245693974e-02	  -2.5745314569251333e-03	   2.9563818461319519e-01	   3.5173968221983815e-01	   3.4424858662859903e-01	   1.5906016225530031e-01	   5.9834304848589226e-01	   3.7308121551458190e-01	   4.1335212355843209e-01	   5.4839815776834033e-01	   5.3861338322381913e-01	   2.8238508097065684e-01	   3.8265889632865874e-01	   5.1440314247465180e-01	   7.0574182758136994e-01	   6.3708710414161451e-01	   3.6851625481960631e-01	   1.3096199451002738e-01	   8.3065756796503565e-01	   6.7793539304748973e-01	   5.7296527531721309e-01	   1.1687338967793950e-01	   3.0506641041514182e-01	   8.7574416474259287e-02	   4.2906998500163612e-01	   4.2252853777721489e-01	   1.1053717074816671e-01	   2.8289025621098179e-02	   3.8426696783820863e-01	   3.5108897087885477e-01	   4.8241070567395172e-01	   3.5732713225775642e-01	   4.9705291423112086e-01	   4.6764283092079278e-01	   5.8262474673825171e-01	   4.2750991397959009e-01	   7.2649600464024644e-01	   4.6914888608897976e-01	   6.5531153007269183e-01	   4.1017141486078534e-01	   6.9246510835956676e-01	   4.7949829287670664e-01	   7.1116731971333655e-02	   3.2788114200245250e-01	   5.3427691453671233e-01	   5.6035837505919450e-01	   4.2811733420673392e-01	   5.3443487368200837e-01	   3.2476598456269995e-01	   2.8120251937141738e-01	   1.6080400065525821e-01	   7.4396276086709082e-02	   2.5820591383218944e-01	   4.2978108755282629e-01	   5.5397297675755586e-01	   5.0770130994464013e-01	   4.3168447242702351e-01	   3.3459365817780251e-01	   2.7521313174561524e-01	   4.4128268751172406e-01	  -3.0721445255197606e-02	  -1.0755397330236256e-01	   3.1998332908437088e-01	   2.8465748068939933e-01	   1.8243469075003779e-01	   3.6148105342128456e-01	   2.8147753165240375e-01	   6.5648928153704522e-01	   5.6269652321870001e-01	   3.9659975620364463e-01	   8.3772964474792683e-02	   3.8156660941744941e-01	
   4.5974560903534911e-01	   3.9521498088865115e-01	   1.1850932504697728e-01	   2.4148543660591787e-01	   3.3878868294400294e-01	   2.2986544221823774e-01	   3.1415801562380574e-01	   6.9908729591821872e-01	   6.0781542075731043e-01	   4.8941463842783067e-01	   9.2989246823420857e-01	   0.0000000000000000e+00	   5.6306825981573305e-01	   1.2951796727875964e+00	   3.6964233316380984e-01	   8.0192626302927728e-01	   6.3575558417155587e-01	   5.3108591841335429e-01	   4.6223260659493665e-01	   5.2680020859732557e-01	   8.3440057670510048e-02	   1.2476617367996910e-01	  -4.9490822037439521e-02	   1.8548565040635229e-01	  -1.4935476474774298e-01	   8.5888362432861770e-02	  -6.4061561891885055e-02	   1.8534682265388774e-01	   6.0597056051318610e-01	   6.5250605790175453e-01	   8.0307315580575730e-02	   1.8519803965601073e-01	   4.3196266176733411e-01	   5.0335747863396207e-01	  -1.1031216202971617e-01	  -9.6696561791944982e-02	   4.2704860875102398e-02	   1.0411561760858813e-01	  -2.4554050601037040e-02	   1.0423080509657288e-02	   2.6148781160585266e-01	   4.0074173937963797e-01	   2.2687027566084084e-01	   9.3010889669314881e-02	  -7.8373975604556029e-02	  -5.9721329832232523e-02	   6.7307080740425698e-02	   7.1698579183383002e-02	   1.4697266136517881e-01	  -4.1735058664203503e-02	   4.4300625995712983e-01	   1.6748080723315664e-01	   5.3117406225749320e-01	   4.6531795516029018e-01	   3.3150629120146707e-01	   5.2416596629431135e-02	   8.5535753217304902e-02	   1.9983999633065644e-01	   5.1035234277192587e-01	   4.8570892135673371e-01	   5.7089851402220382e-01	   5.1937680708001799e-01	   6.0080003941980065e-01	   7.2143134417545995e-01	   4.5531610410486162e-01	   3.5713529529685717e-01	   1.2699399990968610e-01	   6.9035636716915899e-02	   1.8517083965355771e-01	   2.7618620209377465e-01	  -2.1177346967057462e-02	  -4.0699639788766631e-02	   3.4802550547790084e-01	   2.9132357736862907e-01	   3.4327983039187782e-01	   2.5068576148910171e-01	   2.9288130266916013e-01	   2.1084114933556475e-01	   4.1876164002662969e-01	   3.2296489983044430e-01	   6.6958416417457389e-01	   4.0412329198758984e-01	   4.8789566340934110e-01	   4.8621565608612893e-01	   4.2698946446256780e-01	   3.8086413228316141e-01	   6.4085355584917944e-02	   2.5860936944907736e-01	   4.2595151115815660e-01	   3.7434065432319930e-01	   2.9600305873656158e-01	   2.4517261258819337e-01	   2.7250927972800265e-01	   7.9671740345633110e-02	  -5.0376620261680299e-02	  -6.7738972437738673e-02	  -3.2160609892531430e-02	   7.5836567990650333e-02	   4.4533279309075335e-01	   2.2477821839926015e-01	   4.4602538947156423e-01	   1.4267522548736322e-01	   2.1734275511414999e-01	   3.3279325730316744e-01	  -1.3194541337711438e-01	  -1.5650956722457929e-01	   1.9772276407371039e-01	   4.0455204917386667e-01	   2.0736147597349033e-01	   9.3123526875632093e-02	   1.3797879497759185e-02	   3.8539075586007626e-01	   4.0050460371901259e-01	   1.5320708311521852e-01	  -6.1615337453297947e-02	   3.3861967719567065e-01	
   5.0183930951982181e-01	   3.0473368608322465e-01	   6.2718542212226680e-01	   5.2781489082732524e-01	   1.3187981689675810e-01	   2.7027298503569835e-01	   5.3400007823063922e-01	   3.2970128540690180e-01	   5.4623052492540980e-01	   2.4928876566044811e-01	   1.1165552694517740e+00	   5.6306825981573305e-01	   0.0000000000000000e+00	   5.4123391085272721e-01	   6.5128632425343791e-01	   5.1741017250808063e-01	   5.5496983695299662e-01	   4.9592954938134670e-01	   3.5444055424258636e-01	   3.9138667979820152e-01	   3.1136953773413883e-01	   2.9813895760078291e-01	   5.1180863930928888e-01	   4.9436952438557819e-01	   1.3689287379342271e-01	   2.5421065903554407e-01	   4.2349937544080195e-02	   2.6776961316939174e-01	   3.6300137970076712e-01	   1.9440513034327439e-01	   2.2482286850625874e-01	   1.9421659473843483e-01	   2.6159932998247670e-01	   1.7112073705706290e-01	   2.8351667267911962e-01	  -1.9575428694729776e-02	   3.1273110101624807e-01	   2.7755465016732594e-01	   2.5820218980282039e-01	   2.9551043222563367e-01	   3.5098906692703957e-01	   2.3701106908864306e-01	   4.6706839522694626e-01	   3.0806944821764681e-01	   2.1563400633739249e-01	   7.1676181022532537e-02	   2.1354174463754563e-01	   3.0003225124215227e-01	   3.2600326904294658e-01	   1.1439581881510573e-01	   5.7548157325574345e-01	   2.6778270657070891e-01	   2.7098368626825803e-01	   3.9608297658165265e-01	   3.8303271247621373e-01	   2.7230363908217792e-01	   2.4743998501621692e-01	   4.0239810665841086e-01	   6.6922685576813379e-01	   4.7367255534632446e-01	   4.2922264582928371e-01	   1.0479645322291201e-01	   7.6553081662712452e-01	   4.6802347683067458e-01	   6.2195732548043614e-01	   1.6142702135742598e-01	   4.5742397239018623e-01	   2.6596761352287551e-01	   3.3688926180634116e-01	   3.4996770117287607e-01	   8.6770002388353487e-02	   4.5271041310459545e-02	   3.0727998682615676e-01	   2.5458323731565635e-01	   3.4721008387293545e-01	   2.7424122849376131e-01	   2.7999243231321014e-01	   3.6380524230692518e-01	   3.5655629409954126e-01	   1.4778852559358097e-01	   4.3055151157237914e-01	   2.6881689194456754e-01	   4.7101744298452802e-01	   2.6465818470135605e-01	   6.0262374116012685e-01	   4.3737754910068061e-01	  -3.8809048271132955e-02	   2.7210051952030878e-01	   4.9272997994239087e-01	   4.2838315054806170e-01	   5.2546496087996442e-01	   6.3488887183684106e-01	   5.6399688489360289e-01	   6.3396663526476615e-01	   2.2854143366179114e-01	   2.3491206248262250e-01	   3.3461559735838936e-01	   4.8357390751436974e-01	   4.3967182247100500e-01	   5.2952790426265306e-01	   4.1988363821790853e-01	   6.6517780538275528e-01	   2.7716741753053459e-01	   4.7510208477281901e-01	   9.3762861297336533e-02	   1.0532024250167160e-01	   3.9048789104194948e-01	   1.6949556215360673e-01	   4.6880312663417405e-02	   3.8406967727844948e-01	   4.3745811540340918e-01	   5.6425712147222429e-01	   6.0040357705117198e-01	   4.1581496936263967e-01	   4.7784196086239530e-02	   9.8783675025060344e-02	
