   0.0000000000000000e+00	   7.0963254539943266e-01	   7.3521882867616084e-01	   5.2732060142443804e-01	  -2.4595449511061090e-01	  -2.2525937090815348e-02	   6.3422073350142982e-01	   1.6503021721535513e-01	  -3.2596050839311225e-01	  -2.0121689567112871e-01	   6.0689438321207401e-01	   3.4455316706233502e-01	   1.4826805800185147e-01	   1.9908263355237613e-01	  -3.1181726804349391e-01	   2.4758368693217808e-01	   1.8946248172688024e-01	   2.6973148225536525e-01	   3.4756959654037006e-01	   3.7033687457595094e-01	   4.8467213236341478e-01	   4.5171382443247265e-01	   4.5825409517235149e-01	   4.5544354961207090e-01	   4.3850638372238404e-01	   4.2577147074661881e-01	   1.2607030117097845e-01	   2.1765892553098812e-01	   1.4276205209060769e-01	   3.9628812396602187e-01	   5.7798168005330308e-01	   5.1844928346758656e-01	   4.9055061501250885e-01	   6.8495662719119799e-01	   3.5872677770728767e-01	   2.6846028024267821e-01	   3.5063897490605989e-01	   3.3784567482929351e-01	   3.9656571058252216e-01	   4.3585140924938182e-01	   4.2255942175479105e-01	   4.9262678628178974e-01	   2.9909232161822985e-01	   3.3150317547445590e-01	   3.6567410605803891e-01	   3.3358855870051735e-01	   3.4195212201608532e-01	   3.6311529350041927e-01	   4.1254247607286498e-01	   5.8367226908888803e-01	   7.8007277269275599e-01	   4.6555188688173044e-01	   5.7063598676673788e-01	   4.8157767397178586e-01	   7.7070145069278206e-01	   5.6139324650173783e-01	   1.0159182534512645e+00	   6.9274326472321601e-01	   8.7956359203867596e-01	   4.1666962219651854e-01	   8.5485326423142671e-01	   3.5164471149367382e-01	   4.8376209021381111e-01	   5.5481059381120457e-01	   1.9385524999261633e-01	   2.7941820798443062e-01	   5.8434312926457155e-01	   4.1252315278972618e-01	  -4.2035075424319675e-02	   1.0249797137960318e-01	   4.3538557548920748e-01	   5.6603384269510881e-01	   2.0273929341393865e-01	   2.9475324110567364e-01	   2.8887208506397793e-01	   4.5377115226902315e-01	   4.9005633254421388e-01	   7.7984186095072161e-01	   2.6640940257181855e-01	   2.1863127051053427e-01	   2.6166749377961646e-01	   2.6196781051065332e-01	   2.1253431430047659e-01	   3.4461245278694763e-01	   5.8835193497793914e-01	   7.5686756622329732e-01	   2.9348883087739486e-01	   3.5760593835287691e-01	   5.2912842203605581e-01	   5.7974106429147743e-01	   2.6069892766121561e-01	   2.7863442400164329e-01	   3.3064641266368722e-01	   3.8644880678797905e-01	   3.3503750301155838e-01	   3.4145539692205928e-01	   6.5343209749965214e-01	   5.8596568878920352e-01	   5.5006532140116438e-01	   6.2535702810903571e-01	   6.3959300565121491e-01	   6.1218997210232839e-01	   6.2673607263283304e-01	   5.2875437097272482e-01	  -1.2531896768994980e-02	   3.1457726840923905e-01	   1.0017935383992545e-01	   4.9683207817438269e-01	   4.2721576788328280e-01	   2.6859312697491056e-01	   3.6661409502563663e-01	   5.1324749968850369e-01	   2.7534740588743045e-01	   3.3113956987930149e-01	   4.2461271846582532e-01	  -9.2065525335024073e-02	
   7.0963254539943266e-01	   0.0000000000000000e+00	   3.6189549718310587e-01	   3.2140872352761496e-01	  -1.1032686500799370e-01	  -1.9598824397610822e-03	   1.6956383783559911e-01	   6.4697284107173500e-02	  -1.3933423462524200e-01	  -8.0144926156669447e-02	   1.0825479959639230e-01	   2.0834403515706507e-01	  -6.4341282457772422e-03	   3.3812755917053218e-02	  -9.3260983741373440e-02	   1.3177160418995990e-01	   3.0473711767388556e-01	   5.7829386833977381e-01	   3.7665334022932839e-01	   5.9778521181379829e-01	   2.0325058076916871e-01	   2.3341416963559222e-01	   1.6585903915846675e-01	   1.3005038648281453e-01	   1.9404211522402456e-01	   1.7742316794777105e-01	   7.7938897864608683e-02	   1.1092385837600169e-01	   2.6906727427556065e-01	   4.7941422855612853e-01	   3.6159860960186851e-01	   3.8896830907578173e-01	   4.6947191512522363e-01	   6.4536817426165205e-01	   2.6887389434630243e-01	   1.5621552013294460e-01	   1.5161007873402477e-01	   6.7408258679161198e-02	   1.8431122380747583e-01	   9.4761514669285868e-02	   3.1812328120528088e-01	   2.4231286252636339e-01	   1.1407470847926275e-01	   1.2440333666357585e-01	   9.1826164078370673e-02	   9.5823678515142882e-02	   9.5346177814958410e-02	   3.4679070502709991e-02	   2.9023595126776321e-02	   1.6969285153908964e-01	   2.8302739834949686e-01	   5.6659063285378730e-02	   1.9767350380998777e-01	   1.7480946649810233e-01	   2.6367631759419030e-01	   7.6125818452880939e-02	   6.6007904116925464e-01	   1.1606465596154478e+00	   2.3901171401590435e-01	   1.2704136372258334e-01	   2.6992069316063561e-01	   4.4040866177138628e-02	   4.2981112722631098e-01	   5.4849309022814896e-01	  -5.8383174213325589e-02	  -4.7452313770380500e-03	   3.0272844174958946e-01	   1.7327711272561575e-01	   3.0189820189525190e-02	   2.1710043274533131e-01	   2.4182136678145488e-01	   3.6124887841759212e-01	   2.9658686073398405e-01	   4.7329092437914999e-01	   4.5269157076800831e-01	   5.3738943237936909e-01	   3.6670660336832545e-01	   6.3779711545281281e-01	   3.4902191819180062e-01	   4.8378598039178083e-01	   3.2641227632213365e-01	   1.5981845903862230e-01	   3.2774728694547250e-01	   1.1313297666719099e-01	   2.2921839014760226e-01	   2.8003391942957107e-01	   1.8424700586840925e-01	   1.0385949990845983e-01	   2.1174542036545990e-01	   2.3155021193208797e-01	  -6.0893762503309204e-02	   1.1804736810250429e-02	   1.1878818445824821e-02	   1.2332669289758913e-01	   3.0895639716746481e-01	   1.2448629431808481e-01	   4.5308131213773722e-01	   2.8756079492966236e-01	   3.1996504040634344e-01	   1.2915065636222969e-01	   9.0425949885204887e-02	   3.2485080410689865e-01	   4.3840554170180379e-01	   2.8317654421694044e-01	   1.5755612308487210e-02	   5.2259123386816604e-02	   7.4809309364930007e-02	   1.8710964848434811e-01	   3.1476940912585644e-01	   1.8973274171801585e-01	   2.8408219385025618e-01	   3.0784228983369089e-01	   3.4003870454246139e-02	   2.3998860607144964e-01	   2.8683266137565255e-01	   2.1188713038111252e-02	
   7.3521882867616084e-01	   3.6189549718310587e-01	   0.0000000000000000e+00	   5.6382416343034691e-01	  -3.5835858850417662e-01	  -5.7474987622564234e-02	   1.0365632153989697e+00	   5.0473807612095162e-02	  -4.5326260133315055e-01	  -3.0179035646329783e-01	   1.5622626339133089e-01	  -9.5538568556816125e-02	  -5.8382043438792101e-02	  -2.9699869755770183e-02	  -4.3226278891894637e-01	   1.7767776198710977e-01	  -1.0727415522967634e-01	  -2.4951744104205708e-02	   1.5619890296232170e-01	   9.8976392312992309e-02	   4.9472611905170627e-01	   3.3795803359838494e-01	   1.1730385689235021e+00	   9.2130438132848513e-01	   7.6214831128051552e-01	   6.2715647037673394e-01	   2.1968640540188156e-01	   3.5927271370383118e-01	   7.1069360883380143e-03	   1.2737580362651846e-01	   9.2980013234740344e-01	   6.7305750652672203e-01	   4.6818050008142398e-01	   5.6766456828228973e-01	   6.1372257525975038e-01	   4.4305582073970656e-01	   1.7650508930430681e-01	   1.6323961608376786e-01	   2.5335769270164710e-01	   2.0869711305653973e-01	   1.0510808300226870e-01	   1.3326875754945763e-01	   3.9102876514197354e-01	   3.4592359088755098e-01	   3.7294138115643799e-01	   2.6569304844569097e-01	   4.2481963566135172e-01	   3.9280528424543520e-01	   3.3668989049641923e-01	   2.9014142424616729e-01	   4.9057066600172933e-01	   1.7093000101761091e-01	   4.8771703341447531e-01	   2.7955059261830384e-01	   4.7112050049128906e-01	   4.5191056100686827e-01	   4.7853840364377520e-01	   4.1990415497877287e-01	   6.7263953724612857e-01	   1.6052464253927876e-01	   8.7809060721817855e-01	   2.6911212517815697e-01	   2.6577364416652621e-01	   3.6555179205299843e-01	   5.0719182684310249e-01	   4.8449495919410346e-01	   6.7935184269032223e-01	   4.7847094471813312e-01	  -2.2906523544898291e-01	  -1.4666571113872121e-01	   2.3816715080443873e-01	   3.4813434278319683e-01	  -7.5056092928360907e-02	  -5.2990499746290672e-02	  -1.2017150555425959e-02	   7.7154628648790011e-02	   1.2109136758001943e-01	   3.1424116992767653e-01	   1.3990502120006276e-02	   1.3826875134208613e-01	  -2.1933057787191332e-02	   2.0267788533683459e-01	  -1.6068147410650723e-02	   2.4714103274424259e-01	   5.1490175619626477e-01	   8.7797591661494334e-01	   4.2135105497885678e-01	   3.6932404101022387e-01	   4.2461305109720826e-01	   7.8943479105895698e-01	   4.8440145010154756e-01	   8.8232336959130331e-01	   5.6552233120379380e-01	   9.2614735745356191e-01	   2.0136981296449677e-01	   4.0993509626593211e-01	   5.6354451252523319e-01	   5.6796382173333015e-01	   5.9530117576141517e-01	   9.9358147241834305e-01	   2.3326714120097675e-01	   9.7157708061787140e-01	   3.6479590914967547e-01	   7.7936670205740133e-01	   2.3506121210084482e-01	   7.9254783196880618e-01	   2.4735599511057658e-02	   5.7210327348170287e-01	   3.5832806348491530e-01	   3.5343378044847845e-01	   6.4849603834982916e-01	   5.3885193899858530e-01	   4.8366692134901790e-01	   3.5905002063264069e-01	   5.8883069888951689e-01	   2.1786736086664704e-01	
   5.2732060142443804e-01	   3.2140872352761496e-01	   5.6382416343034691e-01	   0.0000000000000000e+00	  -8.6776052788842345e-02	   5.6916955301075900e-01	   4.5936315106267045e-01	   6.0510002903293514e-01	  -1.6976657605356510e-01	  -4.5125925303869482e-02	   1.8769734094462262e-01	   3.0098177000355536e-01	   9.5369702301611375e-02	   2.7380218234115783e-01	  -2.1369578016201746e-01	   1.7132457028880627e-01	  -2.4026224391467849e-01	  -1.0423195592282819e-01	  -7.9818834223742127e-02	  -5.1771169087162484e-02	   5.3052078350462806e-01	   6.3712600993073010e-01	   4.3697550434268817e-01	   5.5882011953179278e-01	   5.5222876487184891e-01	   6.0809592667774703e-01	   2.8467632078836252e-01	   4.4519086178983275e-01	  -2.0385121191482286e-01	  -7.2461735696458862e-02	   6.8913540071540424e-01	   6.7306682103225113e-01	   8.6507195640544432e-02	   2.4668436702152158e-01	   3.7681359886860111e-01	   4.7756262353308854e-01	   7.0917009528188835e-01	   5.5946697546659507e-01	   6.4812110262071398e-01	   7.1748987933761355e-01	   2.6490789126670189e-01	   3.5230686475536749e-01	   5.5204932259340000e-01	   5.6438140056524178e-01	   6.4203577263219525e-01	   7.2126509416761164e-01	   7.3044984013505332e-01	   6.8855531812443194e-01	   7.2649315998820263e-01	   6.1760999346645351e-01	   6.0596675688050949e-01	   4.0120287977646713e-01	   5.9208252256310978e-01	   3.9150559836862653e-01	   5.8141874122539439e-01	   5.5918065477078693e-01	   6.7581139286144765e-01	   3.0782980272409677e-01	   7.4180315439331845e-01	   7.4289991213616391e-01	   4.3921381982520113e-01	   7.8211752441569260e-01	  -1.6042951854934540e-01	  -8.3657160706651579e-02	   3.6627376634622838e-01	   9.5662093490231792e-01	   4.6890609788723414e-01	   7.8685130259668368e-01	  -8.6372313473608131e-02	   1.1722883464541742e-01	   1.5772810162433476e-01	   3.1338542438822947e-01	  -2.6748668967938104e-02	   1.4120599834408831e-01	   5.4164843565852563e-02	   1.7084973586326932e-01	   9.1062280917702354e-02	   5.2238488391492610e-01	  -2.9610961809967598e-02	   1.8892624372771588e-01	  -2.9872095351457517e-02	   1.8453853871673345e-01	   1.0869727794778729e-01	   5.2742241916522561e-02	   3.6740775481613525e-01	   7.4047673167209604e-01	   4.6157835362571764e-01	   2.8538057400920908e-01	   4.1224395628973903e-01	   7.7598441961072584e-01	   4.0126064963655511e-01	   2.4783862565331760e-01	   4.9774134958031768e-01	   2.4229028542749853e-01	   3.5939231838924024e-01	   4.4603982109904866e-01	   4.3783555146690817e-01	   3.8095676931940170e-01	   5.0164583255587658e-01	   3.4738776451726300e-01	   1.3331012900336456e-01	   4.0406346704184215e-01	   1.7130046628007781e-01	   9.3847856231926111e-02	   1.9413500196315880e-01	   2.9511207844177989e-01	   6.0355751715136345e-02	   2.4115902133623934e-01	   2.6573427905040548e-01	   2.1792929524956514e-01	   3.3221209070421154e-01	   4.5624282431697105e-01	   3.3586502343633601e-01	   2.6253513286024333e-01	   3.2546179532476582e-01	   1.5126725680388403e-01	
  -2.4595449511061090e-01	  -1.1032686500799370e-01	  -3.5835858850417662e-01	  -8.6776052788842345e-02	   0.0000000000000000e+00	   7.2472775797827771e-01	   5.5755027811359948e-03	   5.0165392717130086e-01	   2.3307448750630733e+00	   1.1664836249788713e+00	   1.3501683997431346e-01	   5.8044020973634050e-02	   8.7142277344597696e-01	   5.2551305297309492e-01	   1.6369787471639381e+00	   4.9791360582303684e-01	   2.7425762069898019e-01	   4.3672723305677652e-01	   2.7952672289461367e-01	   2.4669511371211267e-01	  -5.1866247079843464e-01	  -5.3316500110744136e-01	  -3.7747433303853983e-01	  -4.4006071774270028e-01	  -5.2755331874753142e-01	  -8.1533002402009047e-01	  -1.8978369484596636e-01	  -6.4363556953379530e-01	   6.0877245470044361e-01	   2.6254874031942793e-01	  -2.3364586026431056e-01	  -2.7746589138039873e-02	   1.8873172341314387e-01	   8.5540553612653433e-02	   6.9220555338458264e-02	   6.1456189949760438e-02	   9.9658550154802204e-03	   1.1680079735005776e-01	   4.1953059970981262e-02	   1.0012862819333754e-02	   1.2536067360713546e-01	   1.4244570708478741e-02	   6.1345404836947150e-02	   4.1320879658160281e-02	   1.2589778527642609e-01	   4.5364795981683295e-03	   6.7100078026051793e-02	   2.6824342749350524e-02	  -7.9650893834025863e-02	  -2.6382266533056453e-01	  -3.5343202586998196e-01	  -3.9221328649660386e-01	  -2.6128083784884326e-01	  -2.3999586873485526e-01	  -3.2940730615898015e-02	  -1.3469013185147427e-01	  -1.9220464126388104e-01	  -1.6833188662725363e-02	  -8.3980948605075087e-02	  -1.2020162273041843e-01	  -1.7415950740584502e-01	  -3.0917457765345346e-01	  -1.5252745693091418e-01	  -2.6967019271255682e-01	   1.9472302821768891e-01	  -1.3761247593986783e-01	   1.7601135659107367e-01	   2.6328655796349042e-02	   4.3403247524300820e-01	   3.3352573559758070e-01	   1.4478164752122585e-01	  -9.4625777263005473e-03	   5.4820919170643845e-01	   3.5964998206699567e-01	   3.7729000417691588e-01	   1.4707898501079802e-01	   3.9515439722461315e-01	   1.7600891487432324e-01	   2.3583600914287578e-01	   3.1557330044793364e-01	   3.0860496075075888e-01	   3.9041720200639685e-01	   5.3740707460481818e-01	   9.8409669197681723e-02	   2.5495803964970531e-01	  -3.5844366955396323e-01	  -5.9536351874949302e-02	  -2.1191142355379303e-01	   2.5193020638584607e-01	  -4.3966533705623551e-01	  -1.7012305703739491e-01	  -2.1881672767067858e-01	  -1.7871944822161751e-01	  -1.2909656500450239e-01	   2.5126614932841052e-01	   6.5506216558718883e-02	   1.4405835252784771e-01	  -1.0514443630317058e-01	   3.5783027768965872e-02	  -1.8893718205284232e-01	  -1.7715284594090022e-01	  -7.3359173245416770e-02	   4.5977437560155404e-02	  -3.8509016953952695e-02	  -8.6020412488896247e-02	  -2.4732723695984368e-01	   3.4549966006036992e-01	   2.8728594137168665e-03	  -7.5217638005444565e-02	   6.1512457255340856e-03	  -1.7946154120559315e-02	   9.3329830256563634e-02	   6.8012622116309485e-02	   1.3711080597423594e-01	  -2.4666857248279933e-01	   1.4294435663040712e-02	
  -2.2525937090815348e-02	  -1.9598824397610822e-03	  -5.7474987622564234e-02	   5.6916955301075900e-01	   7.2472775797827771e-01	   0.0000000000000000e+00	   9.8758446818513868e-02	   7.3714134363332173e-01	   6.4631455200492838e-01	   6.2231866570711936e-01	   2.4272745390121885e-02	   2.2835999138188628e-01	   4.1648778048001583e-01	   5.2969869231405453e-01	   4.7504892415363864e-01	   3.3646522411304736e-01	  -9.9474768935336327e-02	   2.2716324407224885e-02	   8.9519209367424718e-02	   9.2860044655368595e-02	   9.1899868756188843e-02	   1.4556328748038311e-01	  -1.3077315305118886e-01	  -2.8762671963548380e-02	   7.0393798003091992e-02	  -2.6088989600084229e-02	   2.5468084955971709e-01	   6.4853043262114246e-02	   3.8972293621759052e-02	  -7.5989852914223874e-02	   1.4083867869165195e-01	   2.4755160878552668e-01	  -2.3806792422907400e-02	   5.4342090332095772e-03	   1.9248759113502900e-01	   3.0441709428816011e-01	   4.0572105122032487e-01	   3.3918418228328384e-01	   3.6872257537897668e-01	   3.2140328220995651e-01	   1.1199918458351436e-01	   2.7564150868282764e-02	   4.4500241213542746e-01	   4.1961891184421068e-01	   5.1762172712349885e-01	   5.0571509650894386e-01	   5.2172547788047274e-01	   4.7821332566546265e-01	   4.0418551072238296e-01	   2.1571713763106073e-01	   2.5078495953913534e-02	   1.0845486359039395e-04	   7.7137223036992345e-02	   3.8849140689509822e-02	   2.1694937086878002e-01	   2.2603924900869984e-01	   1.4260497286804480e-01	   6.1160859438861397e-02	   2.3475395953367933e-01	   4.7141747194965389e-01	  -1.1300979841935674e-01	   1.9967445487709964e-01	  -4.1513212880956918e-01	  -4.9065648492426828e-01	   1.9622468546111604e-01	   3.5370888771438402e-01	   2.5551165361507305e-01	   5.0225557869605852e-01	   3.0711786372332811e-01	   3.3760003186290910e-01	   1.4511103400447595e-01	   1.3494337534432596e-01	   1.8100365447137384e-01	   1.3037409549555309e-01	   6.9307615487290128e-02	   4.6115672518396766e-02	   2.2316197819202774e-01	   3.2578106691013609e-01	   7.7080142429297643e-02	   1.8202758568339653e-01	   7.0896581530398378e-02	   2.3144552850134847e-01	   2.6693618001004116e-01	  -2.0745154002977245e-02	   2.0619997353065150e-01	   5.0231335264108681e-02	   1.6998631597652197e-01	  -5.5739148201521996e-02	   2.8609409509485939e-01	   1.2669867022836728e-01	   1.2550284484316759e-01	  -9.9658122099186328e-02	   1.7403795324003848e-01	  -1.1759940592317043e-01	   3.9709248027813970e-01	   3.2262674391828167e-01	   2.5458128276844733e-01	   1.2101914708408798e-01	   2.5241116560953597e-01	  -5.4867059403448874e-02	  -1.3899595804808343e-01	  -2.7107896180753908e-02	   3.4420686277999844e-02	  -1.5244708041786520e-01	   1.4946403997599308e-01	  -1.5567780726853525e-01	   2.6517800781251721e-01	  -9.1833132099999760e-03	   1.2476342893264397e-01	   1.5591641577807089e-01	   1.6529343561187809e-01	   3.2550871006506177e-01	   2.5248807386835204e-01	   2.4693658968323998e-01	  -2.2151151476201777e-02	   2.2331026224424971e-01	
   6.3422073350142982e-01	   1.6956383783559911e-01	   1.0365632153989697e+00	   4.5936315106267045e-01	   5.5755027811359948e-03	   9.8758446818513868e-02	   0.0000000000000000e+00	   3.3665943190364128e-01	  -6.4656418964120735e-02	  -7.8043974869271338e-02	   3.1920560388923958e-01	   3.9427900209683113e-02	   3.7625822953755916e-01	   1.3886586264507964e-01	  -1.3350171681730444e-01	   2.0880442269878283e-01	  -5.3212326566969712e-02	  -4.4221324443744440e-03	   1.4153364386370368e-01	   1.1099444559516799e-02	   2.7329955037497622e-01	   5.0503107711580827e-02	   6.7047248253586433e-01	   5.2313908382235086e-01	   3.3077811925873574e-01	   2.5650059048532248e-01	   5.6527962834709435e-02	   8.1616152892181479e-02	   1.6606360072766205e-01	   1.5964822404142259e-01	   5.5785123279574322e-01	   5.3378102231658486e-01	   4.6153488512182145e-01	   5.2733847461066952e-01	   3.7818137643728522e-01	   2.5077945421430209e-01	   4.2361969441216708e-02	   6.7771736594947340e-02	   1.6131616909311683e-01	   1.4906964372076562e-01	   9.8414837372002670e-02	   1.7336886759427525e-01	   2.9619802822262548e-01	   2.4411960419403639e-01	   3.1208955544176897e-01	   2.0110314893771344e-01	   3.3683843831221461e-01	   3.2992295137109656e-01	   3.1265709121014462e-01	   2.4898143195812444e-01	   3.5363315889308705e-01	   1.0100328805121302e-01	   3.3829936528319066e-01	   2.2126026128346218e-01	   4.6240674549610694e-01	   3.8276462447563420e-01	   2.4683323256742318e-01	   1.7338088578983751e-01	   7.3690908691200940e-01	   1.7297359481602356e-01	   1.1007637846364198e+00	   2.8361606027657155e-01	   1.6673854870438709e-01	   2.7390857049591877e-01	   6.5300127907204097e-01	   3.9974142188092404e-01	   7.3610121797600825e-01	   4.4188495749760065e-01	  -2.0922597940990509e-01	  -1.8158620514695278e-01	   2.1667828630005059e-01	   2.4095739381369580e-01	   3.3866600695261290e-02	   2.5966653117658112e-02	   6.9880143338247056e-03	   9.0064411540418485e-02	   2.2905232852801832e-01	   2.4001801825522195e-01	  -3.7590289697051291e-02	   7.2322761093538981e-02	   1.6043800774960256e-02	   2.8524217935657664e-01	   9.7901159367090856e-03	   2.6522281022845134e-01	   6.2297456620470282e-01	   5.6635723665247628e-01	   2.5646555962230561e-01	   2.0716236055955442e-01	   5.7536166941737810e-01	   5.3441639879893055e-01	   3.9676648426216582e-01	   7.8561926989493924e-01	   4.8486412772276566e-01	   8.7136244585934874e-01	   2.6867232990060319e-01	   3.7426653617832462e-01	   5.0764128957664856e-01	   3.2523638270199651e-01	   5.1475954675977098e-01	   9.7506045798399443e-01	   4.4895108779398224e-01	   1.0525697301364674e+00	   4.5917170401841167e-01	   7.8433414789449785e-01	   8.5311639310599513e-02	   5.6529492463782649e-01	   1.1278845350982476e-01	   6.2211145110273003e-01	   2.0969630713190410e-01	   1.8459465820646259e-01	   3.8047795971656023e-01	   4.8393465307317796e-01	   5.1051704619465754e-01	   2.8565500219187151e-01	   3.4215032112396271e-01	   1.5564263385911045e-01	
   1.6503021721535513e-01	   6.4697284107173500e-02	   5.0473807612095162e-02	   6.0510002903293514e-01	   5.0165392717130086e-01	   7.3714134363332173e-01	   3.3665943190364128e-01	   0.0000000000000000e+00	   5.0883036530005388e-01	   6.4960532542244631e-01	   3.5083021379460894e-01	   7.2256102388747656e-01	   6.8785432049764905e-01	   9.9239296591302573e-01	   4.3613742062726762e-01	   5.5521388671834004e-01	  -1.5810599548314297e-01	   2.2050466365285803e-02	  -4.9345485862783818e-02	  -1.4128256305339532e-02	  -1.2690859421546380e-01	  -3.9823207959858345e-02	  -1.8272788449442030e-02	   2.9987123107689223e-02	  -2.0888974094703655e-01	  -2.0930449732294459e-01	  -1.2618676390086664e-01	  -1.8223556960649079e-01	   2.6634068335848284e-02	   1.1662280970247831e-02	   1.0829682858454071e-01	   3.1418569603551716e-01	  -3.1495321471291686e-02	   7.3284603522275754e-02	   3.7175052001530463e-02	   1.1375945113703458e-01	   4.3236456833910059e-01	   2.3578815926964319e-01	   3.9741370948558363e-01	   3.9222690799623788e-01	   2.0139092247977911e-01	   2.7648090776211592e-01	   2.0118140728685832e-01	   2.3374720338631000e-01	   3.1267667134058419e-01	   3.2055147718968707e-01	   3.2318906289028310e-01	   2.7648593720025538e-01	   4.2889025636176453e-01	   3.4515791991385880e-01	   2.6861275287647529e-01	   2.3637567889948530e-01	   2.3879054121198606e-01	   1.4606252429358671e-01	   2.8517148585051055e-01	   1.4643438149592439e-01	   8.4465524755780716e-02	  -1.1810805071633085e-01	   3.7540592129169270e-01	   4.5747681282805458e-01	   1.6146789559470590e-01	   5.9340473574274177e-01	  -4.1161079727600536e-01	  -1.9189920545609693e-01	   3.2112367380374707e-01	   5.2710011781643629e-01	   1.5584999664816551e-01	   2.7077208778774448e-01	  -7.5677305386731175e-02	   1.7163745362507563e-01	   2.6695541661841038e-01	   1.7215839632516672e-01	   1.7803319943034634e-01	   2.9593852639638440e-01	   1.8794630231671494e-01	   1.8187902689066185e-01	   7.5940471714850508e-02	   2.5795120051015230e-01	  -1.9221603855758634e-01	   1.1406261085189043e-01	  -8.6819201897394796e-02	   8.5201187226619748e-02	   2.4212983291734269e-01	  -1.1767411358622476e-01	   2.5347653299061751e-01	   1.2167850418814269e-01	   1.5517558459392777e-01	  -6.8973895223194054e-02	   3.8261840131544556e-01	   1.6225223214338627e-01	   1.6779352621267291e-01	   6.0542996023126489e-02	   3.0477192235387884e-01	   1.4087056037876239e-01	   2.7375518007956473e-01	   1.6764774374800723e-01	   2.5759981463853032e-01	  -1.2569270148770334e-01	   2.0188406405761236e-01	   8.9812959982507864e-02	   1.8506712766445571e-01	   2.9178947966350571e-01	   5.5218875415483960e-02	  -6.2294264005463154e-03	  -4.7430524913911344e-02	  -6.1388912648132656e-02	   1.8035802987715369e-01	   7.8304896372130353e-02	  -8.4156532910797444e-02	  -3.1059258004073047e-02	  -1.1054200088331528e-01	   1.0651268184305079e-01	   6.0951521674993653e-02	   1.2718876281477465e-01	   2.8159835449462007e-02	   5.0656560323102458e-02	
  -3.2596050839311225e-01	  -1.3933423462524200e-01	  -4.5326260133315055e-01	  -1.6976657605356510e-01	   2.3307448750630733e+00	   6.4631455200492838e-01	  -6.4656418964120735e-02	   5.0883036530005388e-01	   0.0000000000000000e+00	   1.2893194834852315e+00	   1.0502989643137135e-01	   8.8969342306621596e-02	   8.5015225718959520e-01	   5.5202831359380611e-01	   1.8610512019940808e+00	   4.9436384548339390e-01	   2.3807303081862191e-01	   4.0127073427337756e-01	   2.1186591974456573e-01	   1.7893943518064909e-01	  -6.2944769956727864e-01	  -6.2431376681928541e-01	  -4.7593825340822682e-01	  -5.4901639852416884e-01	  -6.9291944619633727e-01	  -9.9400409957314828e-01	  -2.8879189260092830e-01	  -7.5492556259346077e-01	   5.5707637662797915e-01	   2.3240369947699435e-01	  -3.4024278971661887e-01	  -1.2210077161886350e-01	   9.7979399422006216e-02	  -3.4635866895323525e-03	  -2.6475306328718626e-02	  -2.3177386358656550e-02	  -3.5119080500698292e-02	   2.5871000019852829e-02	  -1.4902953431553885e-02	  -7.6619312482894289e-02	   7.5269055493123113e-02	  -4.6322203642590529e-02	  -1.5889498316970337e-02	  -3.3952462371580318e-02	   3.3698889186350958e-02	  -7.1112987694719590e-02	  -1.5309369118115441e-02	  -5.8455252054991184e-02	  -1.3658672725458598e-01	  -3.0754226337324908e-01	  -3.8958220395131526e-01	  -4.1011506904021078e-01	  -2.9812388131889861e-01	  -2.7756167362478845e-01	  -9.4606296528033651e-02	  -2.2927768176311311e-01	  -2.8333491443201531e-01	  -8.1603111890200100e-02	  -1.6036227718267579e-01	  -1.5847257275155135e-01	  -2.4074929512181698e-01	  -3.1761651280332037e-01	  -2.0672071053505725e-01	  -3.0401759917202315e-01	   1.4489557575415163e-01	  -1.8310874925027998e-01	   8.6283087386647167e-02	  -4.5244085076269355e-02	   3.8698618262535506e-01	   2.7460648915926278e-01	   1.3126114525014368e-01	  -4.9528049935142059e-02	   5.2409838138843345e-01	   3.4642956807097430e-01	   3.5927093512669234e-01	   1.2909080985806023e-01	   3.1453517979290663e-01	   1.0112604672920865e-01	   1.7483076048069662e-01	   2.7625819642030386e-01	   2.4445705371632165e-01	   3.1668175766353313e-01	   4.6830354970229404e-01	   3.4890993037046590e-02	   1.7386518115965952e-01	  -4.7261076479199582e-01	  -1.4682418667105485e-01	  -3.0086189309253852e-01	   1.7335073840096071e-01	  -5.4603041454611156e-01	  -2.1381905304721985e-01	  -2.7682502548200549e-01	  -2.1534519610430805e-01	  -1.8587964466337903e-01	   1.8427161662045921e-01	   4.5588543378277608e-03	   9.0481338218066670e-02	  -1.8617997627271662e-01	  -2.7535619093909430e-02	  -2.6821183060347015e-01	  -2.1053714575061414e-01	  -1.2364811012891645e-01	  -1.3573085420768913e-02	  -9.7062855543166723e-02	  -7.7531032499817257e-02	  -2.9224469629815736e-01	   3.5102545111294603e-01	  -7.2088350006930424e-02	  -1.2304264439040252e-01	  -4.2856132555568811e-02	  -8.3006652539711720e-02	   1.4996226492023090e-02	   2.1123790842582667e-02	   8.3310648909213414e-02	  -2.6357372573001736e-01	   1.9412856257412077e-02	
  -2.0121689567112871e-01	  -8.0144926156669447e-02	  -3.0179035646329783e-01	  -4.5125925303869482e-02	   1.1664836249788713e+00	   6.2231866570711936e-01	  -7.8043974869271338e-02	   6.4960532542244631e-01	   1.2893194834852315e+00	   0.0000000000000000e+00	   2.4682510120502901e-01	   2.6033000646002663e-01	   6.8895032093637565e-01	   8.1996885436098577e-01	   1.2765025659023752e+00	   9.3619221219210980e-01	   4.5045189086459471e-02	   2.8858461631922638e-01	   1.0329200959408934e-01	   9.9799039729123212e-02	  -6.6678779030126523e-01	  -5.2127790533958973e-01	  -3.2186021351700794e-01	  -3.8547947468475419e-01	  -6.2856504751495845e-01	  -9.3599830109604820e-01	  -3.6895046133825854e-01	  -7.4102297246594362e-01	   3.3114322473523644e-01	   1.5094871137255164e-01	  -2.9040580376558622e-01	  -1.1866640019077900e-01	  -2.2777795182825054e-02	  -7.5828891183535863e-02	  -4.3890365031409003e-03	   2.1349282529711321e-02	   1.0102897673051545e-01	   1.0037383393389923e-01	   1.0191876519262867e-01	   3.0099363327998965e-02	   9.2735042801492473e-02	   4.2465384332025055e-02	   4.5833841223613107e-02	   2.0740135707052767e-02	   1.0827814556199100e-01	  -1.5064660678836398e-03	   7.2916112891143109e-02	   1.4751936767011290e-02	   1.2572905921469261e-02	  -1.4296242179708119e-01	  -1.4379763035018600e-01	  -1.6677616343105414e-01	  -7.3940030862088460e-02	  -1.3683512057135272e-01	   1.2083254809707438e-02	  -1.6448767017405008e-01	  -1.9521031638165148e-01	  -1.0961560032236464e-01	  -8.7146582626108873e-02	  -6.0908420377872509e-02	  -1.7098379965894209e-01	  -1.0537609119117024e-01	  -3.0850006924732293e-01	  -3.3615384726131681e-01	   2.4184506085369267e-01	   6.1564545361677714e-02	   3.2456161209491459e-03	  -7.6586769000910201e-02	   2.2542585715447871e-01	   2.1945493729160961e-01	   1.7036370136750412e-01	   2.9330868504101593e-02	   3.8397290344008878e-01	   3.0372336776415221e-01	   2.7468824287266019e-01	   1.1597949603809732e-01	   2.2842722373946536e-01	   2.0103574415198963e-01	   2.1810125158579604e-02	   2.0919532360849485e-01	   1.9325464755646164e-02	   1.6796124429333942e-01	   3.5870695579449624e-01	  -2.1480157988798026e-02	   1.8291781061626070e-01	  -3.0819185866095272e-01	  -4.0428849455408221e-02	  -2.6889984367948089e-01	   2.6148579750069711e-01	  -4.0224509035538553e-01	  -4.2904948050733221e-02	  -1.4667447409066653e-01	   5.2504154147688560e-03	  -4.9405254515678926e-02	   1.9648708688048835e-01	  -5.4866760113625214e-03	   1.2122960355621189e-01	  -1.6491096163691310e-01	   5.0223144154968452e-02	  -1.7959658920038091e-01	  -1.9838900603212228e-01	  -1.4068378095911502e-02	  -1.5706744255775745e-01	  -1.1867535029720705e-01	  -9.5832860955730820e-02	  -2.5153610692031847e-01	   2.2675090399055725e-01	  -1.4872967950454719e-01	  -1.8894160564757168e-01	  -3.9334799766531398e-02	  -7.6927381499048597e-02	   1.0281110600789305e-02	   8.7649064570219537e-02	   9.5133202641839013e-02	  -2.2523018456308233e-01	  -2.3474001802722261e-02	
   6.0689438321207401e-01	   1.0825479959639230e-01	   1.5622626339133089e-01	   1.8769734094462262e-01	   1.3501683997431346e-01	   2.4272745390121885e-02	   3.1920560388923958e-01	   3.5083021379460894e-01	   1.0502989643137135e-01	   2.4682510120502901e-01	   0.0000000000000000e+00	   4.8451320145754778e-01	   6.9279212807315027e-01	   3.8692844720635872e-01	   1.6011688363429635e-01	   4.4072376378204281e-01	   2.4308980540601743e-01	   1.4405238444591104e-01	   1.2172709773733920e-01	   1.4557421671069412e-01	   3.8550156972059074e-02	   5.1581673331997743e-02	   1.1420850402166713e-01	   1.4867143856176387e-01	  -9.5665224093490597e-02	  -9.0535373082059389e-02	  -1.1202290124960361e-01	  -1.8547638299009359e-01	   2.6813866725241753e-01	   3.4416591327642559e-01	   9.9323233787049076e-02	   1.6188895204185488e-01	   2.1451388658750437e-01	   3.0054638861643523e-01	   1.5667870454529609e-01	   1.2998966483265534e-01	   2.8243642131509061e-01	   3.2148367555823559e-01	   3.3405839011553240e-01	   2.9186734866715675e-01	   3.9824099016359099e-01	   4.6923829150272384e-01	  -7.0360378221615213e-02	  -3.9920350616003492e-02	   9.2514127499625523e-02	   1.3318504510640348e-02	  -1.9469860722344554e-02	   5.2693774863615782e-02	   1.9835824551923326e-01	   2.2622365264589367e-01	   5.0636181569096927e-01	   3.5376238703189122e-01	   2.6488300050640473e-01	   2.6502941841243804e-01	   3.9522054085871716e-01	   2.2862051746842924e-01	   3.3025015626399196e-01	   3.2959512244638438e-02	   3.8340243482029612e-01	   7.3724418495851832e-02	   5.4520009800236768e-01	   1.3206713028324740e-01	   2.7402718374111501e-01	   2.5331300483283881e-01	   3.6107236513897067e-01	   1.9161568647793303e-01	   2.4915626353642234e-01	   1.6214835107428476e-02	   1.6991913349390497e-01	   1.9650637299433682e-01	   4.6596917020280343e-01	   3.5920471933215126e-01	   4.1230916059685868e-01	   3.6502136638493859e-01	   3.7908439137738770e-01	   2.9688441265077398e-01	   3.7647446429906978e-01	   3.9741525416039220e-01	   1.2148508484708422e-01	   1.0657208154296138e-01	   1.2481688919586467e-01	   1.7640619903484636e-01	   3.1515666085316374e-01	   1.9362588619606355e-01	   4.7176410436145355e-01	   3.1564479117932076e-01	   1.4123975560057661e-01	   2.1219957810004328e-01	   4.6226577519881373e-01	   8.2601379224782098e-02	   4.3275129241825083e-02	   1.2283599263831253e-01	   2.1975679872323844e-01	   2.6164044212778970e-01	   1.1409887888587746e-01	   1.6117055947849779e-01	   3.3505266129420741e-01	   2.4900333677111469e-01	   6.6881155821141181e-02	   2.5105461312474880e-01	   4.5865030462604600e-01	   2.7073526543567394e-01	   1.5614093402607915e-01	   1.8612248171414750e-01	  -2.9407505393075017e-01	   2.0707174746720573e-02	   3.2652213228227284e-02	   2.2950792709791396e-01	  -3.2397562466901272e-02	   1.0792477157504492e-01	   4.6226824917890486e-02	   9.4364474393798831e-02	   2.4861519778750747e-02	   1.5073918139590112e-01	   5.5051382424498807e-02	  -2.8111389713991008e-01	
   3.4455316706233502e-01	   2.0834403515706507e-01	  -9.5538568556816125e-02	   3.0098177000355536e-01	   5.8044020973634050e-02	   2.2835999138188628e-01	   3.9427900209683113e-02	   7.2256102388747656e-01	   8.8969342306621596e-02	   2.6033000646002663e-01	   4.8451320145754778e-01	   0.0000000000000000e+00	   3.9793124574180022e-01	   8.2694068811772681e-01	   8.0479533534413769e-02	   3.6322920226223937e-01	  -6.9515436931201852e-02	  -6.2687303330304894e-02	  -3.1399065798980545e-02	   5.7407203428086556e-02	   7.5666122932827345e-02	   1.9941608914816930e-01	  -1.2818567025204733e-01	   9.0452643430917606e-03	  -1.5379793888279783e-01	  -6.0082220017084242e-02	  -1.0982043976042601e-01	  -5.4263141851263769e-02	  -8.3885642651568559e-02	   1.0577678954278187e-01	   1.3624026633568978e-02	   1.1669763574824246e-01	  -1.3460258050602861e-01	  -1.6962405345957025e-03	  -1.2516933059291177e-01	  -1.3595006571568671e-01	   3.5903108268948397e-01	   2.2555519405456828e-01	   3.4608779412561380e-01	   3.3131255420179284e-01	   2.4881758904827969e-01	   3.4422453425471700e-01	  -1.0965112103572480e-01	  -5.9836013502725010e-03	   2.1905310755229182e-02	   1.4263735493897609e-01	   3.6205658903086670e-02	   5.6836234916337817e-02	   3.3958274711944869e-01	   6.6752320280318944e-01	   5.9224488495705030e-01	   7.0598974698631789e-01	   3.2809375766756282e-01	   3.8592880971825422e-01	   2.7569345217238855e-01	   1.4762722961761141e-01	   1.3025687140778611e-01	  -9.8036366535879327e-02	   2.6501657055286287e-01	   4.6969332809695502e-01	   7.8120520068951121e-02	   5.7353370995791919e-01	  -1.4362255038532690e-01	   6.1329909844225282e-02	   3.6880197505928920e-02	   2.1836990916756660e-01	  -1.3981523538719762e-01	  -4.1888016315416318e-02	  -6.7697618706706306e-02	   1.6569518025648153e-01	   4.3110024423670346e-01	   3.2880527847073998e-01	   1.2100824986248253e-01	   2.9260872272575178e-01	   1.2842353671790141e-01	   2.9786701902290807e-01	   3.5499961391433847e-02	   2.4892264333528411e-01	  -7.1356713654268045e-02	  -3.0630907870089270e-02	  -9.2615284600276182e-02	  -1.7982194778467309e-01	   7.3457783059880419e-02	  -1.5620366932915589e-01	   1.1994138081629517e-01	   1.2795939904745146e-01	   8.6133379319716097e-02	  -5.3541042552024361e-02	   2.3762298742647700e-01	   1.9395646981643083e-01	   3.0877630562161983e-02	  -1.3297949948421675e-01	   2.1056775651496076e-01	  -7.2994776936643538e-02	   2.7350493311955344e-02	  -7.5723427855818773e-02	   6.7591714039511808e-02	  -1.3413573995000455e-01	   3.2662999566087203e-02	  -3.5869114642693649e-02	   4.4769201151765048e-01	   3.6300089758324876e-02	   1.4359103055426325e-02	  -1.5220221889961258e-01	  -2.6416364697709926e-01	  -2.0441568076682096e-01	  -1.1308109722408415e-01	  -4.9824256651530063e-02	  -3.1871081996597377e-02	  -9.2427218718877102e-02	  -2.7750503208924165e-01	  -6.3113032274100797e-02	  -1.7499307571105119e-01	   1.1393522164170375e-01	   7.5735566277696439e-02	  -3.0461171626742983e-01	
   1.4826805800185147e-01	  -6.4341282457772422e-03	  -5.8382043438792101e-02	   9.5369702301611375e-02	   8.7142277344597696e-01	   4.1648778048001583e-01	   3.7625822953755916e-01	   6.8785432049764905e-01	   8.5015225718959520e-01	   6.8895032093637565e-01	   6.9279212807315027e-01	   3.9793124574180022e-01	   0.0000000000000000e+00	   6.0807974979462442e-01	   7.8011205740452338e-01	   4.5795548145614784e-01	   2.0624282376679712e-01	   2.3298651180293339e-01	   1.6304220597387184e-01	   8.6515984246763461e-02	  -3.0141373448360254e-01	  -3.8533469836294332e-01	  -1.7697475939051993e-01	  -2.0947329978727794e-01	  -4.8765382768356436e-01	  -5.5833262202038525e-01	  -3.6228171702112361e-01	  -6.3038515464779366e-01	   4.8429341838539819e-01	   3.1672186080007164e-01	  -8.5588260429013630e-02	   1.2231456843869518e-01	   2.4744907536669075e-01	   2.5463274005673597e-01	   1.0748648545958787e-01	   4.4758243899767430e-02	   5.4711396512659917e-02	   7.6765865721696566e-02	   1.2017551280317068e-01	   2.5593269904644268e-02	   1.7778161278966692e-01	   1.2547281237506422e-01	  -7.9539271930435487e-02	  -7.3823733788457191e-02	   5.1609176970914911e-02	  -5.2851220769225452e-02	  -1.8355211297518527e-02	  -2.8230433806639307e-02	   3.6357341732858227e-02	  -5.0502014399092056e-02	   1.7499633984683783e-02	  -1.4710119207038400e-01	  -9.1263870845220613e-02	  -1.0608406156953454e-01	   1.5918691161984999e-01	  -6.6411391036740680e-02	  -1.5560961920745209e-02	  -2.7376096935259147e-02	   1.8537611059036743e-01	  -7.1178126408206879e-02	   3.1754912738180213e-01	  -7.4935661608739740e-02	  -1.9712539581954951e-02	  -3.8582265540980244e-02	   4.1902853805527124e-01	   4.1222877698409925e-02	   3.1971656781197022e-01	   6.2428652295605326e-02	   2.0870447980782739e-01	   2.1138393404230260e-01	   3.0365293031422314e-01	   1.4982081740831318e-01	   4.6528731338727125e-01	   3.6951815581189085e-01	   3.4234446726223816e-01	   1.9666394205197565e-01	   3.3270656319803249e-01	   1.9937187852858604e-01	   8.6158186884935845e-02	   1.5577755726825251e-01	   1.2988235814518720e-01	   2.5306826566930762e-01	   3.7316202014590971e-01	   7.8793418562424694e-02	   4.1147642077969748e-01	  -1.2073547116030299e-01	  -7.5889423762682456e-02	  -1.6872837280384112e-01	   3.9265682242791888e-01	  -2.1704537842318389e-01	  -7.2140024053387347e-02	   1.9661990918517110e-02	   5.7325606445786999e-02	   1.4905680960533890e-01	   1.6586493495632137e-01	   1.0024091141747138e-01	   2.4584949223154695e-01	  -3.0274557518422774e-02	   2.5085998024276461e-02	   6.7748749323623056e-02	   2.0655063710488142e-01	   2.4310591575424323e-01	   1.8131686906316657e-01	   1.6874727442910487e-01	  -1.2374237654617301e-01	  -9.2179150810589389e-02	   3.3876252826044340e-01	   2.1196833734534853e-01	  -5.5728637278314480e-02	  -3.7772995469548730e-02	  -5.4579347149928001e-02	   1.0487568269303151e-01	   2.7702609608783089e-02	   1.8030362711671155e-01	  -8.7350706721069343e-02	  -4.1449930940849013e-02	
