   0.0000000000000000e+00	   7.5778622091743619e-01	   5.6731452021402973e-01	   7.0839512535947086e-02	   7.1972328032054722e-02	  -2.6015093120638921e-01	   5.2402461973001691e-01	   2.0065556828821135e-01	   3.0340363125385111e-01	  -5.2636585853329754e-02	   1.0387192436112365e+00	   6.6146795195562569e-01	   6.4705495983296246e-01	   3.7355435030090217e-01	   4.4877323581891354e-01	   4.9419646600417905e-01	   6.1122557013894019e-01	   6.2730365745793037e-01	   9.9673010867309086e-01	   7.6981216480501335e-01	  -7.9572778753551704e-02	  -1.6384078947823594e-01	   2.5893028320871492e-01	  -3.6453344612862458e-03	   1.3392788758407642e-01	  -5.6382271159988173e-02	  -3.4974586939156149e-01	  -4.9090579657982708e-01	   6.4415613988339016e-01	   5.4369474654236272e-01	   4.8321583866697049e-01	   2.3840678811687677e-01	   6.7880066057615229e-01	   4.5922056545263690e-01	   3.3949218313881653e-02	  -1.9236911501878540e-01	   1.5693941618596891e-01	  -7.7329850959386340e-02	  -8.0540025893615103e-03	  -1.7866636776729818e-02	   3.0873079420199018e-01	   1.6811023174598275e-01	   6.3175930282280912e-01	   6.1286407299121404e-01	   5.7008318328948449e-01	   5.2608805179029594e-01	   5.0604046568347150e-01	   6.2447320278024721e-01	   3.4861031161406647e-01	   4.3072877876301346e-01	   2.8298136198241103e-01	   2.7774474395434662e-01	   4.0546561053738056e-01	   6.2189685332389066e-01	   1.9278247450143934e-01	   5.2507297551525556e-01	   8.7286716121753838e-01	   5.4496585297660372e-01	   4.5552120002470392e-01	   2.8359234737223910e-01	   4.0015887832122954e-01	   1.6075710380802466e-01	   6.5925748656084715e-01	   3.7642785810445889e-01	  -2.2214160457230459e-01	  -1.9313442288487503e-01	   4.4131932101741406e-02	  -9.0425131541252576e-02	   2.7993483891432491e-01	   4.5110104882673424e-01	   3.2791774954974329e-01	   1.0693225657849913e-01	   6.3424573575464949e-01	   4.4869174934730216e-01	   5.3405044109638111e-01	   3.3916354028681583e-01	   6.6326855878810009e-01	   3.4725726854555528e-01	   3.7830471969898105e-01	   5.9497266723277331e-01	   6.3171790544981721e-01	   6.0579029558032116e-01	   5.7500922507143348e-01	   5.2365054348808915e-01	   3.7854468263476687e-01	   7.0692648542878711e-02	   1.9534124175640799e-01	   1.2733701159289892e-01	   2.1379971286028962e-01	   2.5502801248926743e-01	   2.8303607425998117e-01	   4.9844117044140629e-01	   4.4543480536894921e-02	   3.9586474397172028e-01	  -1.4931126396977965e-01	   9.3033804528004388e-02	   2.1821785821885512e-01	   2.4506595646266666e-01	   6.3213048987065701e-01	   9.9493317449536123e-01	   3.5454776311147407e-01	   5.5610012208233595e-01	   5.0151093240533151e-01	   6.4524363702043341e-01	   1.6449845831098536e-01	   2.1383857863873321e-01	   1.1262661333142512e-01	   4.4631846084763105e-01	   3.8161388951756296e-02	   1.8684495433398557e-01	   4.5940546450459407e-01	   7.4322717506045122e-01	   5.0491202384456479e-01	   3.7824961696634146e-01	   1.6164630297406224e-01	   8.6048664595275576e-02	
   7.5778622091743619e-01	   0.0000000000000000e+00	   3.7952658046422499e-01	   3.9211051091190674e-01	   1.2341822315978138e-01	  -5.6547904807087893e-02	   3.5351233445977631e-01	   3.8685866137522523e-01	   2.5058767001607424e-01	  -1.9037022666043311e-02	   7.9755329528412311e-01	   6.8182302294528874e-01	   6.5465256055090937e-01	   4.1523741907925515e-01	   4.3531109620237041e-01	   4.2254153643221026e-01	   8.3905050336350817e-01	   9.8432349269962016e-01	   8.3845623094806854e-01	   8.5479704215709440e-01	   3.7963543041209608e-02	  -1.0112842764025282e-01	   2.3592640397431222e-01	   5.5618268207585898e-02	   1.9488573216853006e-01	   4.7098224826455717e-02	  -1.1264683900412283e-01	  -2.4549969611639127e-01	   7.2953207822964039e-01	   6.6596689080486626e-01	   5.4146862710173094e-01	   2.8330852411073576e-01	   8.2221444332557403e-01	   8.2090590270810893e-01	   2.1865038103770451e-01	  -2.9318725817407700e-03	   1.5827720955080851e-01	  -1.7558667648184034e-02	   2.0764131957464776e-01	   1.8176257751890440e-01	   4.9244427367461552e-01	   2.3870622429069560e-01	   3.3708077279000098e-01	   3.1245509495799750e-01	   1.0241162678601980e-01	   1.6803825100954548e-01	   3.2157960778557598e-01	   3.0575735002590920e-01	  -3.2877497390973474e-02	   2.3675701670051591e-01	   1.5172651377250834e-01	   2.2003308340123179e-01	   4.0971127057270301e-01	   4.8269666071061179e-01	   3.5327314954793038e-01	   3.6220262144494941e-01	   6.9020317725698710e-01	   1.0445455720694576e+00	   4.8607736566555504e-01	   4.4929566987191505e-01	   4.3977927394857086e-01	   3.3524508723807966e-01	   6.7265530213581382e-01	   4.7143332124831305e-01	  -1.0831740060003479e-01	  -1.3247674208058752e-01	   5.1988164190165054e-02	   4.2649370533457881e-02	   2.9915718910322658e-01	   4.9223580749688506e-01	   2.5528266738012323e-01	   3.6428823771369301e-01	   7.0379425982496868e-01	   7.2802072827727626e-01	   6.3668080419296191e-01	   5.6885008484698352e-01	   6.1063925130659991e-01	   6.4613313673097872e-01	   6.7710885295480883e-01	   7.6259344425686215e-01	   7.4431447833356779e-01	   5.1235894640449142e-01	   4.0830104434485348e-01	   4.7219857558504896e-01	   3.1596069494105172e-01	  -1.1823830030366233e-02	   2.2834613407380500e-01	   5.5296682045482437e-02	   4.3392320778216487e-01	   3.0877427807498142e-01	   2.7919433804635341e-01	   1.4192059178733241e-01	  -7.7381860455508185e-03	   3.4757467243561463e-01	  -1.7487558792173297e-01	   1.5751706192732537e-01	   4.3803958948030769e-01	   2.4376195123489844e-01	   7.5904318681642702e-01	   5.2279667801249763e-01	   3.8261442344299512e-01	   5.7314855245191776e-01	   6.0842226242682629e-01	   6.0034270082728425e-01	   1.2840822722825190e-01	  -9.9924527272890612e-03	   2.4389457362149394e-01	   2.5861207167434963e-01	   7.5023894303195768e-02	   2.5050389500055248e-01	   5.3461473349084199e-01	   4.8234900844093642e-01	   3.1909542498957466e-01	   2.1701035954731560e-01	  -1.8137174169094286e-01	  -5.0742611385337984e-02	
   5.6731452021402973e-01	   3.7952658046422499e-01	   0.0000000000000000e+00	   5.0582520208509019e-01	   6.0268788372186011e-01	   1.9042430322204654e-01	   9.3766876791248177e-01	   3.6463917577904220e-01	   7.0326614410473787e-01	   6.3999556005358629e-02	   3.2939812291350512e-01	   2.4280181830439218e-01	   4.0283448073376538e-01	   3.4404929574702930e-01	   6.1703647076685608e-01	   6.8523588883565667e-01	   1.6765107495359438e-01	   2.4827018234086073e-01	   6.3275005275355822e-01	   4.9506876863229077e-01	   1.1138231332718285e-01	   2.7720977115813904e-02	   9.0625829772719735e-01	   5.2288606868853238e-01	   5.7196590245943657e-01	   5.2876178088919712e-01	  -6.7840691786244675e-02	  -2.0522780233608323e-01	   3.2954904646979022e-01	   1.5288764447023295e-01	   6.1765153883625423e-01	   4.5184985892022933e-01	   6.2784327713537746e-01	   3.6204080871096861e-01	   2.8763985860981883e-01	   1.6708376055280799e-01	   8.1265056226665758e-02	   1.0034289701065569e-01	   6.0649123006633172e-02	   3.0220470268116473e-01	   1.7698103065499404e-01	   2.4449654635298107e-01	   5.3888044041303829e-01	   4.4583140872877947e-01	   5.7472565595095071e-01	   6.3569499103094063e-01	   4.3036872318445130e-01	   5.5212561229813795e-01	   5.5434208940020757e-01	   6.6082328257350542e-01	   4.6848461639440730e-01	   7.7038553837841328e-01	   4.8190308063314513e-01	   4.8703200806535935e-01	   4.3924318923588235e-01	   8.0698288550346597e-01	   4.0978841759282220e-01	   4.5465600121366778e-01	   6.2567871188079072e-01	   6.5911452027542017e-01	   1.5741796830047178e-01	   1.7516536615183262e-01	   3.1280210605023012e-01	   3.4329516547412608e-01	   2.5962473457607116e-01	   1.5182139680568141e-01	   7.2523690196397483e-01	   4.6101076514325068e-01	   5.4416536799715076e-01	   5.7066806019730254e-01	   5.9450077047992578e-01	   2.4669535904040066e-01	   5.1981761045833952e-01	   2.2744182142038710e-01	   3.6959121910839049e-01	   1.0011874151003021e-01	   4.4552412701353550e-01	   1.8691023080531979e-01	   2.2871874016484389e-01	   3.3120454902818169e-01	   4.1048768957704385e-01	   5.7840004030922987e-01	   7.4396866143293572e-01	   4.1348131137484390e-01	   5.7679053186133600e-01	   4.4085980826207366e-01	   4.6867276099540639e-01	   4.2003622898548659e-01	   5.1317701039950070e-01	   6.8487608067344330e-01	   6.1700823370855273e-01	   8.7102818808111793e-01	   4.6014400342604578e-01	   7.1909610563358839e-01	  -3.6211042432011911e-02	   3.7735382841407122e-01	   3.8471564394923963e-01	   3.0734701849509377e-01	   6.4529629058337212e-01	   7.3352601575059273e-01	   7.2857355997985895e-01	   8.0536820473632931e-01	   6.5598971641931014e-01	   6.4137063507703995e-01	   1.3904857948128818e-01	   4.8036175610185478e-01	   3.7027921819006382e-02	   7.0239746297044658e-01	   2.1657316087222966e-01	   1.9211724528143029e-01	   5.3098589274504504e-01	   4.7885530689003841e-01	   3.5158095481611651e-01	   2.8274410663209792e-01	   2.1297336399866421e-01	   1.8801690250475089e-01	
   7.0839512535947086e-02	   3.9211051091190674e-01	   5.0582520208509019e-01	   0.0000000000000000e+00	   3.7560279986859268e-01	   6.5981129577140740e-01	   5.2705626672796835e-01	   1.2831406420095959e+00	   5.0309363356366243e-01	   4.5802348016955452e-01	   5.0068094626358153e-02	   4.4343955335669538e-01	   1.1437323518095646e-01	   4.1948617836825874e-01	   2.0989826822462032e-01	   5.5828557677563218e-01	   2.2984870946098479e-01	   2.5923139033260323e-01	   3.2218319732163353e-01	   3.9814798617110680e-01	  -1.3576440101839393e-02	   9.2268789291260034e-02	   5.9600776196527172e-01	   7.5817505730718482e-01	   1.2107218962435944e-01	   3.4667753343323665e-01	   2.1568495312442575e-02	   4.8146528597161058e-02	   2.9760340975614630e-01	   5.1858569007786637e-01	   5.6996101190873394e-01	   8.5791958234700183e-01	   5.0040110690254669e-01	   7.2336126486760810e-01	   1.1908496144658827e-01	   3.5045402998783554e-01	  -1.6591242842138310e-01	   1.2099561688776175e-01	  -1.3738546584288521e-03	   3.2135191386330925e-01	   2.7107145643592395e-01	   3.8840152476376799e-01	   5.0264873695356801e-02	   2.0396581588749681e-02	  -4.2584337873184372e-02	   1.2147665174707789e-01	   1.0975231406678328e-01	   7.7902127772597904e-02	  -1.0205458420187906e-01	   5.4532313760318217e-02	   5.0573975284245454e-02	   3.4192910773277346e-01	   3.6034890603114877e-01	   6.3265625683460266e-02	   2.8105320899198544e-01	   3.8521629339128621e-01	   6.4984344607282016e-02	   3.2487419076018187e-01	   2.8700440658949039e-01	   6.3093634945860333e-01	   1.0617951553807474e-01	   7.5254755264991036e-01	   3.2785885030079420e-01	   6.9684087730683475e-01	   1.9308553715934088e-01	   3.7314267573252441e-01	   5.2189515622152804e-01	   8.1908835958363901e-01	   2.4121985587282802e-01	   3.2751827702976699e-01	   1.0755061497119928e-01	   6.3116730134516486e-01	   3.2778763900997532e-01	   4.3749092342020657e-01	   3.2606484911442057e-01	   3.7719487870045249e-01	   2.0825500194151422e-01	   5.8543898677622552e-01	   3.2078305850693428e-01	   2.0470380632903257e-01	   3.7743356973341752e-01	   3.6364162115596121e-01	   3.0897327807337266e-01	   5.6696949571157651e-01	   2.8277019192495328e-01	   3.6097991303446869e-01	   2.5151019379189976e-01	   2.6328973551916041e-01	   4.2919993009662255e-01	   5.2772275818752679e-01	   8.6887579292395223e-01	   1.6955631539583493e-01	   5.1360756088384840e-01	   2.5293175767395115e-01	   2.0060217974546136e-02	   2.8569535263537033e-01	   3.5721444763893950e-01	   2.7309820059419287e-01	   6.8251613910036912e-01	   2.5272360924935994e-01	   8.1476317859042746e-01	   5.9002923521440498e-01	   4.7539587152853552e-01	   3.4056069642604336e-01	   1.1258405633618093e-01	   1.4362442044361140e-01	   7.6941143863821768e-02	   3.3934364879294454e-01	  -2.7473975974786048e-02	   1.3294535849457992e-01	   3.1897386113533654e-01	   1.8661584138837714e-01	   1.1620798304290308e-01	  -1.0292110417972015e-02	  -1.9453229453716825e-01	   1.5290698917601953e-01	
   7.1972328032054722e-02	   1.2341822315978138e-01	   6.0268788372186011e-01	   3.7560279986859268e-01	   0.0000000000000000e+00	   5.2296135893220685e-01	   3.7461681387368023e-01	   2.7392519381524261e-01	   9.1252334025171677e-01	   4.3559882204209055e-01	  -3.4061718388795403e-02	  -3.6964776461892890e-02	   2.5355015366509148e-01	   2.9344690582392674e-01	   6.9979921247275212e-01	   5.3488401778943695e-01	  -2.3549499591315354e-01	  -1.6394619571456256e-01	   1.0579762046253317e-01	   9.1131449448944024e-02	   4.9030269502795276e-01	   2.7629805806858021e-01	   7.5267887795959321e-01	   5.0312009107753664e-01	   6.7447163141022604e-01	   6.4574250394870503e-01	   5.8224217131281120e-01	   3.7153182344904967e-01	  -9.8289197168382331e-02	  -1.3001085031426537e-01	   1.9718948666632863e-01	   1.9240101910450913e-01	   2.0538109396708584e-01	   3.2621141333100463e-02	   5.0426012522411590e-01	   2.9449103639058644e-01	   3.7470747980583236e-01	   3.0288670142040064e-01	   3.8930969681715255e-01	   3.7124813475212753e-01	   1.8252376705502937e-01	   3.1032350624198107e-01	   4.6909716294875764e-01	   3.1509749848888635e-01	   4.7253184672371462e-01	   5.7042420987632514e-01	   4.9215606516235327e-01	   4.0183447696510327e-01	   6.3584477411295770e-01	   5.9238419396338804e-01	   6.3289300266031456e-01	   6.6564837376193076e-01	   5.4141160127421362e-01	   2.5638695686984858e-01	   5.5027647120207368e-01	   4.5562774273906326e-01	  -8.9568654196297160e-03	   1.0162403097552375e-01	   4.2992403350659819e-01	   4.4257908363610088e-01	   1.1430735211379314e-01	   1.2166982399545420e-01	  -6.4708434727228495e-02	   1.6469299730464477e-02	   6.3389920872149963e-01	   3.2016014547892474e-01	   6.8837640385873777e-01	   3.8691307708569156e-01	   4.4857388651458108e-01	   1.7759805271550805e-01	   2.7537619983292816e-01	   2.0084820340980780e-01	   2.0098096135494792e-01	   1.2437619267244693e-01	   2.7040866850942036e-01	  -5.5049690356631972e-02	   1.4535573368010696e-01	   4.7727589334130904e-02	  -1.0223760813114199e-01	  -8.5837087274082166e-02	   2.7587592272328973e-02	   2.6654843393113492e-01	   4.3010980072090310e-01	   3.0139885358648311e-01	   7.0301424473437490e-01	   4.4279219727174801e-01	   3.0960225899775007e-01	   2.9560573870212220e-01	   4.7160811482946502e-01	   3.9287744538371905e-01	   3.7055817874401031e-01	   3.1050797495610089e-01	   2.4507308816291135e-01	   3.4610793892458069e-01	   1.0512559151532708e-01	   4.3328042140421191e-01	   5.6175283210395222e-01	   4.3602188940506553e-01	   4.8879001931195132e-01	   2.9497143851095314e-01	   1.8150854581690071e-01	   3.7201828568603351e-01	   2.7186519909657375e-01	   1.4540699235624219e-01	   2.8430701507165501e-01	   2.2673359613340680e-01	   2.4575252614240406e-01	   2.1644596019832321e-01	   1.3592945142604207e-01	   3.4745289745236746e-01	   6.1457000278794649e-01	   4.1690516195557981e-01	   2.2238646134912199e-01	   1.4740575389109817e-01	   1.1181688530070161e-01	   1.3709225159901292e-01	
  -2.6015093120638921e-01	  -5.6547904807087893e-02	   1.9042430322204654e-01	   6.5981129577140740e-01	   5.2296135893220685e-01	   0.0000000000000000e+00	   3.1519047528928901e-01	   6.2650718133386463e-01	   4.5549642630694209e-01	   1.0157141631695796e+00	  -2.0421443494014971e-01	   2.3106464730074594e-01	   1.5585275549133304e-02	   4.8838792689003041e-01	   1.1271713865576929e-01	   4.3301570537260631e-01	  -1.7932210782437094e-01	  -1.4562829751322559e-01	  -2.2130297954841383e-01	  -2.0133431195658644e-01	   2.2873199542050876e-01	   3.5528239583149518e-01	   5.9427331780418768e-01	   7.5825621277351685e-01	   1.0710592266721670e-01	   5.7867837301243263e-01	   2.5070685893600930e-01	   5.7411619879932929e-01	  -8.5941473082675177e-02	   1.2402646225813665e-01	   8.2238736318935857e-02	   3.7105060399811235e-01	   4.3874904849477675e-02	   1.7929494747121208e-01	   2.5240452186214657e-01	   6.5391847358972877e-01	   5.6453079395352039e-02	   6.4499546831122334e-01	   1.2855866579143388e-01	   4.4113884344145715e-01	   2.6619249435939629e-01	   4.6878763942514839e-01	  -6.2168789051763387e-02	  -7.8369358743742554e-02	  -2.9585961770148935e-02	   5.8183105015542830e-02	  -1.9014489324371650e-02	  -1.3707618974624206e-02	  -3.3369229305222160e-02	  -1.5141766839914594e-01	   5.0050366746039375e-02	   1.0554653020438340e-01	   8.3842679356034414e-02	  -1.9745418201504258e-01	   2.7630692137638296e-01	   1.5069244175710853e-01	  -1.9874038154810103e-01	  -9.8722431864625301e-02	  -1.7744048483124487e-02	   1.0303408346860186e-01	   1.7086342464797605e-01	   5.6984375474688764e-01	  -5.1128604147353547e-02	   3.0647304378290807e-01	   6.1127913409884393e-01	   8.0635963237331587e-01	   4.4459336012311246e-01	   6.1900527619282364e-01	   2.2584571266670964e-02	  -3.2957604774333862e-02	   4.3555380051616688e-02	   4.6003799671798162e-01	   9.8128443632727699e-02	   2.5864923481994795e-01	   1.0421693552881836e-01	   1.0536025503514676e-01	   1.0711993789435965e-01	   3.8600563360526036e-01	   1.1807754982137476e-01	  -5.9602215712549055e-02	   5.7955683402773094e-02	   2.5422666453622023e-01	   5.1866913273864168e-02	   2.8077542556357976e-01	   2.2042395350566815e-01	   5.0673921559527835e-01	   1.4297588584173618e-01	   4.6228027378094494e-01	   4.4936892502709064e-01	   4.0903214818250699e-01	   6.2535096117757882e-01	   1.1819215947301635e-01	   5.5789377820767472e-01	   1.2530724507843838e-01	   2.9964726565068783e-01	   4.5147180794274749e-01	   2.6427451183684703e-01	   2.0145527191090101e-01	   2.4097658586681114e-01	  -1.8264169874090404e-02	   2.5990356240899637e-01	   1.5546239675899176e-01	   5.9611016214332888e-02	  -2.7805686258303403e-02	  -7.3392768553373795e-03	   2.8147476181692801e-02	  -4.4033803978207567e-02	   9.0606929079998982e-02	   3.1388552452414262e-04	   7.9871291185019844e-02	   1.0386307865645063e-01	   5.4472749454796507e-02	   1.2316417202312410e-01	  -6.1169617668516051e-02	  -7.8197539295857099e-02	  -1.9005503148144497e-02	
   5.2402461973001691e-01	   3.5351233445977631e-01	   9.3766876791248177e-01	   5.2705626672796835e-01	   3.7461681387368023e-01	   3.1519047528928901e-01	   0.0000000000000000e+00	   6.1927447039276129e-01	   8.9842260436061849e-01	   3.8216486709348535e-01	   5.0523511811715982e-01	   4.8712305912543219e-01	   6.7694743687441528e-01	   5.9188637372892283e-01	   5.4352515494956444e-01	   6.5165831264127660e-01	   2.2560458376343362e-01	   2.9734445677532756e-01	   5.9187518334178590e-01	   3.7542826173929772e-01	  -6.9431805473967129e-02	  -7.1978775380531712e-02	   7.5614927166981849e-01	   4.6444176032228579e-01	   6.1897933465337132e-02	   1.3898283820599669e-01	  -3.2809305543630329e-01	  -2.7358295447644687e-01	   4.6118119561224824e-01	   3.2690844544197006e-01	   4.2098517402415747e-01	   3.3827723994373010e-01	   5.3855989395892079e-01	   4.8447733381110925e-01	   2.2267886955838212e-01	   2.3817681818102437e-01	  -9.3000147333831773e-02	   7.1422728786927001e-02	  -1.0499551047647235e-01	   7.9989883683691920e-02	   2.6854881337723241e-01	   1.1306367093706830e-01	   3.3502898652450019e-01	   2.3600775795439927e-01	   3.7773938589495581e-01	   4.6177546690950938e-01	   3.3578499350859703e-01	   2.9050938491773676e-01	   2.6834865813972542e-01	   2.5958936915829517e-01	   2.3000480257075873e-01	   3.7561107773743468e-01	   1.6603333127246572e-01	   2.9146464780674108e-01	   2.5866648438670758e-01	   5.4835280162183664e-01	   1.6857688434827359e-01	   2.3692893108992766e-01	   3.2061587078719073e-01	   4.3510856674157955e-01	   3.7717346861620671e-01	   5.0097161411733160e-01	   4.1360786277494904e-01	   6.1654760386835283e-01	   3.2479633082998483e-01	   3.1774514854853586e-01	   4.9791495155634624e-01	   4.2736163951769379e-01	   4.4530878367086180e-01	   3.9232804991928782e-01	   4.1231154744312898e-01	   3.3805069635060914e-01	   4.8152385421037625e-01	   3.3913273757716067e-01	   3.7387012395287839e-01	   2.0096414556478576e-01	   3.6644536502640079e-01	   2.0701309577684621e-01	   3.4388770757864956e-01	   3.0001220380353050e-01	   4.7587616918915121e-01	   5.8718702225373465e-01	   4.9169086700505771e-01	   2.9897988347637688e-01	   3.9069120130645235e-01	   4.3779408747808723e-01	   1.6945627980356257e-01	   2.9296492505298632e-01	   5.1145891258724574e-01	   6.5337776347724819e-01	   6.5141103515005394e-01	   8.5928344907539045e-01	   6.0717518002748594e-01	   7.3574065593552229e-01	  -8.8994251731083843e-02	   1.7464044401333670e-01	   2.1622204165197820e-01	   1.2193942296108534e-01	   5.3216590958344656e-01	   5.6793220855465021e-01	   7.3144254884545690e-01	   7.9041826069606846e-01	   5.0323995722068371e-01	   5.3008333624764836e-01	   1.8155050314613658e-01	   3.9019199261651188e-01	  -2.5888731162949263e-02	   8.1091803894637104e-01	   5.7835740491744718e-02	   2.7385881271871132e-01	   3.0214358965905863e-01	   4.8554508944884289e-01	   4.2623610004493395e-01	   3.4646987175709898e-01	   1.0088141959533214e-01	   1.1578889358325636e-01	
   2.0065556828821135e-01	   3.8685866137522523e-01	   3.6463917577904220e-01	   1.2831406420095959e+00	   2.7392519381524261e-01	   6.2650718133386463e-01	   6.1927447039276129e-01	   0.0000000000000000e+00	   6.2869666430296878e-01	   6.0425141847287056e-01	   2.5965167963838270e-01	   7.3653532502506092e-01	   2.8826622525506762e-01	   6.3834847273572515e-01	   2.3776969458684713e-01	   4.9214430167121070e-01	   3.0363883302220029e-01	   3.3602582470341025e-01	   3.2800650720545721e-01	   3.1105579666558536e-01	  -2.0659497350917100e-01	  -2.8746154894298014e-02	   5.3945898531340952e-01	   5.2788435097625452e-01	  -1.4071565930668870e-01	   1.5406328940078820e-01	  -2.0661833270288102e-01	  -5.9007221095539790e-02	   4.9987157945057659e-01	   7.1159343145689657e-01	   4.9401099542498106e-01	   7.2392692561727068e-01	   5.0663056900227366e-01	   8.2254601866573829e-01	  -6.6138065043713556e-02	   2.4277317424505854e-01	  -2.5119925817394095e-01	   6.2504028703101039e-02	  -1.6130180815778031e-01	   1.4646246623837564e-01	   3.5835748321486993e-01	   3.5876761485902414e-01	   5.6927623166980905e-02	   2.9766010355752357e-02	  -6.0942316162997487e-02	   1.3173616154115894e-01	   1.2980417720692672e-01	   7.7598517948892470e-02	  -1.5870612987500823e-01	  -1.7164944801461982e-02	  -4.5069583302667034e-02	   2.0616289823278033e-01	   1.8429283260603246e-01	  -4.9175447707095615e-02	   1.2406183688980120e-01	   2.6375399712453607e-01	   9.7909832330330807e-02	   1.9698785339543406e-01	   1.4134141074056425e-01	   4.1382106062062923e-01	   1.5523129597417989e-01	   9.0530861575746657e-01	   4.0755980762390898e-01	   9.0629629428682457e-01	   6.1509648240248384e-02	   2.9374846803116533e-01	   3.3575567227859354e-01	   5.9800661304548752e-01	   8.7029067546385203e-02	   2.1823590047200075e-01	   7.5138644821406780e-02	   6.4314279441846089e-01	   4.3988453954005891e-01	   5.8449127573434123e-01	   4.2231450570631790e-01	   4.8766919575006473e-01	   3.0734603162717100e-01	   6.2637789497422880e-01	   4.3258552308299214e-01	   2.2545693647129253e-01	   4.2635340352020856e-01	   3.7519910481173552e-01	   3.1602569445789308e-01	   5.1220326312748887e-01	   1.0251772625866479e-01	   1.4659920778275373e-01	   4.6437101984720848e-02	   1.4897768349643079e-01	   2.5430017642378550e-01	   2.7943183957745688e-01	   8.0906396118261426e-01	   1.7140949719636125e-01	   4.6849769630532678e-01	   2.0814984744508166e-01	   2.1101852789181832e-02	   1.3731588137928430e-01	   2.7971766581986401e-01	   1.3359828802734783e-01	   7.5435294103604511e-01	   3.1537553593290152e-01	   7.4081566966718659e-01	   5.4353960594460493e-01	   4.3280830919668289e-01	   3.4827678332148909e-01	   1.5058908247148869e-01	   1.2092031017138836e-01	   6.5715405294963197e-02	   3.5669666992865240e-01	  -1.4346346200751348e-01	   1.2420974412930391e-01	   1.8033464551353703e-01	   3.5611108459737556e-01	   3.2575325532915050e-01	   7.9011900346045855e-02	  -1.7171662973922741e-01	   1.2977635506266311e-01	
   3.0340363125385111e-01	   2.5058767001607424e-01	   7.0326614410473787e-01	   5.0309363356366243e-01	   9.1252334025171677e-01	   4.5549642630694209e-01	   8.9842260436061849e-01	   6.2869666430296878e-01	   0.0000000000000000e+00	   5.8567519540513746e-01	   2.3159221272979069e-01	   3.3779968324738074e-01	   4.9358787024996942e-01	   5.8115428049291928e-01	   7.9100978284995849e-01	   7.1119549967116846e-01	   6.1086081234271436e-02	   1.4170420528397495e-01	   3.8732689549973426e-01	   2.7246609890010920e-01	   3.7309147587304768e-02	   1.9048346018186491e-02	   8.5916777730371030e-01	   5.2027894188178903e-01	   2.8739783389772333e-01	   3.7873371393832095e-01	  -5.4614349201679416e-02	  -4.1341356528000243e-02	   3.0205603391675601e-01	   2.7390616135705331e-01	   4.1429667668722509e-01	   3.9419458417019837e-01	   3.6199445001858632e-01	   3.2693818369571104e-01	   2.7408317855378483e-01	   2.7202279982109134e-01	  -2.8891200963550693e-02	   9.7529685792009768e-02	  -5.7600458301052843e-02	   5.6543107830394873e-02	   2.3307845440364078e-01	   1.2199753069939427e-01	   2.8741753500146505e-01	   2.1332454969135262e-01	   3.3116873360055438e-01	   4.8311429503077019e-01	   3.3410409275665370e-01	   2.4886905124893982e-01	   3.5717462667074718e-01	   3.8904150396863568e-01	   3.6603822375385908e-01	   4.8741099477736272e-01	   3.6925446103791371e-01	   1.8851388825324553e-01	   2.2045016690837099e-01	   4.5183530308661857e-01	   7.9252507385536117e-02	   1.0740146767326220e-01	   3.4300315947034760e-01	   4.9818638726529951e-01	   2.7024928276148596e-01	   4.3827234614458316e-01	   2.2264722141321747e-01	   4.0115734436103490e-01	   4.1144251598212572e-01	   3.9434766754673295e-01	   5.0105655946985028e-01	   4.2647036207248762e-01	   3.7604566879865736e-01	   2.6451406647676262e-01	   3.3839705708107454e-01	   3.6047973961196672e-01	   4.0793184362849388e-01	   2.9217121335307528e-01	   4.1824812365476643e-01	   2.0753495355161983e-01	   2.2296876693206857e-01	   1.8312905844054739e-01	   5.6336677316205674e-02	   9.1365588659487337e-02	   2.4985436944566447e-01	   4.5381360511401064e-01	   4.9987619438638081e-01	   3.0874287555231428e-01	   4.1294892489998947e-01	   4.1109220586445316e-01	   1.1282823521570207e-01	   2.0258425999398066e-01	   3.7687824232114692e-01	   4.7821535035068308e-01	   5.5337125081515004e-01	   5.6770736526590138e-01	   4.5217312186662240e-01	   5.1185027114629178e-01	  -1.4527599345249223e-01	   1.9333736397237078e-01	   2.4417529181832281e-01	   1.9356222983539198e-01	   5.2852221988530201e-01	   4.7428047314442223e-01	   4.5365236152389327e-01	   6.3048739463190084e-01	   3.6776172883688801e-01	   3.0952579540018582e-01	   2.6184401264858120e-01	   3.4518272819176893e-01	   3.6920949195820320e-02	   5.0366139671085453e-01	  -1.0488226454088698e-01	   2.4697451101440587e-01	   3.9760231947555547e-01	   5.5993971820859667e-01	   3.9310065527590787e-01	   2.5350797580128992e-01	   7.6671171858823411e-02	   2.9179905545398632e-01	
  -5.2636585853329754e-02	  -1.9037022666043311e-02	   6.3999556005358629e-02	   4.5802348016955452e-01	   4.3559882204209055e-01	   1.0157141631695796e+00	   3.8216486709348535e-01	   6.0425141847287056e-01	   5.8567519540513746e-01	   0.0000000000000000e+00	  -2.8923947666534854e-02	   3.3249675749417146e-01	   1.9945238478855085e-01	   5.2657103810312766e-01	   2.0639640341727006e-01	   5.3296323869679740e-01	  -1.2690882323488129e-01	  -1.3670531031482200e-01	  -8.9274977054166149e-02	  -8.6502347924027154e-02	   4.5641001396080710e-02	   2.5653251596909621e-01	   4.6831558217365327e-01	   5.4534627001083869e-01	  -9.6216672546639709e-02	   2.0449686403041578e-01	   6.4506559368481348e-02	   3.7053791650314671e-01	  -2.9203892127003292e-02	   1.9028469676918544e-01	  -7.0772485317528930e-02	   2.2755616629923053e-01	   6.1042156652189150e-02	   2.2013673160272715e-01	   1.6984800735455333e-01	   4.4298122417649649e-01	  -3.5181949081099978e-02	   3.7133447447618689e-01	   5.8269348606024687e-02	   1.8293223823759891e-01	   2.0717554927678933e-01	   2.6824579524897119e-01	  -7.9805380456525396e-02	  -1.2760168351590206e-01	  -6.9412833706607072e-02	   7.7494168933933807e-02	  -1.4989582983530153e-02	  -8.5219528828792093e-02	  -1.8777196535244157e-02	  -8.9069701417844843e-02	   7.3429394448784269e-02	   1.2209908302074723e-01	   8.9530133905726089e-02	  -7.1417665445190945e-02	   9.5227994078130401e-02	   1.1100325645841716e-01	  -1.4409424092687512e-01	  -1.1073078401599873e-01	   5.1266231692211242e-02	   1.8022283254537522e-01	   3.9098722752000931e-01	   6.3748196013181424e-01	   1.3845675436024225e-02	   3.1095426423793304e-01	   4.0731449166099820e-01	   7.2345649929235700e-01	   2.0490896263050304e-01	   3.4645153954612345e-01	   1.8308880606199104e-02	  -5.5157402285369299e-02	  -1.1371177746166894e-01	   3.8029055370085568e-01	   5.7950140209188372e-02	   2.7575242379994752e-01	   1.7298767328315642e-01	   2.4813694353609930e-01	   7.1695654189427263e-02	   2.8601734829421943e-01	   4.2851312586361906e-02	  -1.1969427293068123e-01	   1.2074812131570190e-02	   1.6624423098724686e-01	  -1.1615322220212158e-02	   2.2883328984520879e-01	   8.2940384799802716e-02	   3.6702715099467936e-01	  -8.8523815788696766e-02	   2.5828977135213810e-01	   2.7698525870236712e-01	   3.4368688685021842e-01	   4.2615732300532810e-01	   1.0331950941462442e-01	   4.1349730409554419e-01	   7.5312832284444964e-02	   1.2920093626974144e-01	   2.8292966569165023e-01	   1.7327032088051983e-01	   1.9485516119936699e-01	   1.9708040313006747e-01	   9.3629522980455071e-02	   2.0313326740331794e-01	   1.6600686718209004e-01	  -9.4230831757069096e-03	  -7.8806758381253478e-02	   7.6326671603510213e-02	   6.1785056629818015e-02	  -3.8520471540636543e-02	   1.8750447288179747e-01	  -6.9957673270989326e-02	   1.0078171521425483e-01	   7.4708797580253491e-02	   1.5011518551579792e-01	   1.9067138635438119e-01	   5.5812830476151411e-02	   3.5702889874828454e-02	   5.1647154983358513e-02	
   1.0387192436112365e+00	   7.9755329528412311e-01	   3.2939812291350512e-01	   5.0068094626358153e-02	  -3.4061718388795403e-02	  -2.0421443494014971e-01	   5.0523511811715982e-01	   2.5965167963838270e-01	   2.3159221272979069e-01	  -2.8923947666534854e-02	   0.0000000000000000e+00	   7.4668593292286300e-01	   1.1015788835602809e+00	   4.1609076111227444e-01	   3.8464257996302936e-01	   3.1543428179354521e-01	   6.5051102260613602e-01	   7.5086627231314551e-01	   8.8202295292117616e-01	   6.1078153174317384e-01	  -1.2245913145219610e-01	  -2.7181562195308023e-01	   2.3529591861686938e-01	  -1.3763383430023265e-01	  -4.1995103790929293e-02	  -2.2525172190276305e-01	  -4.3569644600465918e-01	  -5.0958320980135752e-01	   1.0342722836748972e+00	   6.2954938207255817e-01	   4.4380112347276673e-01	   1.9109648512140942e-01	   6.7625771052569572e-01	   5.1899221410080654e-01	  -1.6479373070830507e-02	  -1.7204136973776463e-01	   6.5926051214428863e-02	  -6.3255421725336464e-02	  -1.4296366258311708e-02	  -8.4557570480669780e-02	   5.0306403566788949e-01	   1.4403026538871624e-01	   3.7382871183501171e-01	   4.1911756370833564e-01	   2.6670592804570287e-01	   2.8806261408543793e-01	   3.4619093581102123e-01	   3.6244727694679568e-01	   6.6280544229783508e-02	   2.1126293584755024e-01	   1.8204574122560151e-02	   9.5942473101224932e-02	   8.2886876574953583e-02	   4.5884012125083051e-01	   9.7578495031033094e-02	   2.6346968534057569e-01	   5.2291841888285728e-01	   4.7807719326580789e-01	   1.9230892441395300e-01	   1.7117598912443743e-01	   3.1121237557760884e-01	   1.8309829301823363e-01	   8.0461990010625462e-01	   5.1879390924984592e-01	  -2.5867091718407964e-01	  -2.7875197109402555e-01	  -1.7750565146689649e-02	  -1.1830325033123468e-01	   1.7835326944305452e-01	   3.7258354755157025e-01	   4.1034567866816646e-01	   2.2446756216395408e-01	   8.1049857517681145e-01	   5.6207074877836882e-01	   6.4974386154149832e-01	   4.6218449286844066e-01	   6.2759352970800808e-01	   3.0505036365798960e-01	   6.7071240472150118e-01	   7.0977222786425531e-01	   8.0473082920492656e-01	   5.4536083852976258e-01	   4.8812820221282438e-01	   3.0494156472252665e-01	   2.2087694288335166e-01	  -1.5110563248054587e-01	   1.8034196925276240e-02	  -8.9139818058336373e-02	   1.0290820417454132e-01	   8.9120325473719453e-02	   1.9434323131405765e-01	   3.1849172360578565e-01	   1.1198954311690800e-02	   3.7148009103926677e-01	  -1.4917781230708077e-01	  -2.8908947745246796e-02	   2.0140879317341179e-01	   5.0781601326839391e-02	   4.9467853143338691e-01	   5.5535680539917975e-01	   3.3036415251125345e-01	   5.4315694683769067e-01	   3.9541738002243909e-01	   4.8140764703607930e-01	   2.6180902609585364e-02	   4.0711828700531062e-02	   9.1744329727565632e-02	   3.2868301860253712e-01	  -3.8455557009460843e-02	   1.6383152776044738e-01	   2.8977835868976132e-01	   6.0062529695671740e-01	   4.8397081553661347e-01	   3.3848858706415935e-01	   4.7324723176961292e-02	  -7.8013173219070461e-02	
   6.6146795195562569e-01	   6.8182302294528874e-01	   2.4280181830439218e-01	   4.4343955335669538e-01	  -3.6964776461892890e-02	   2.3106464730074594e-01	   4.8712305912543219e-01	   7.3653532502506092e-01	   3.3779968324738074e-01	   3.3249675749417146e-01	   7.4668593292286300e-01	   0.0000000000000000e+00	   5.4134211011300482e-01	   9.6791291598161555e-01	   2.2206874434653298e-01	   5.2019052536738009e-01	   7.2707030266930406e-01	   7.2670234797847788e-01	   4.5046965129441019e-01	   3.5145336693007256e-01	  -2.6664525001744110e-01	  -8.0668382857000454e-02	   3.5208597255232121e-01	   3.2983281790326174e-01	  -2.1093927979913055e-01	  -9.1367252567798164e-04	  -5.2217413441548133e-01	  -3.0357279159171452e-01	   7.7952086683814936e-01	   1.0435039985216303e+00	   5.1441663146735506e-01	   5.7322769967439402e-01	   5.4752399865302670e-01	   7.6993674321760130e-01	  -1.1019764329210220e-01	   9.6371346729568652e-02	  -1.6976188773573120e-01	   9.0028446094140069e-02	  -1.8163867124366861e-01	   5.2564301352017388e-02	   3.2520195888121373e-01	   3.1668085396118362e-01	   1.5706878350259906e-01	   2.5884581760947678e-01	   4.3134708734927370e-02	   1.9507401197733887e-01	   1.9846737476012927e-01	   2.5394210306115073e-01	  -1.2222008137016543e-01	  -3.9052075792320035e-02	  -3.9906015512033398e-02	   3.4228175700737815e-03	   2.0954896800012360e-01	   1.9931228210166080e-01	   4.5426808406676490e-02	   3.7986343973238079e-01	   5.4829251501385512e-01	   4.7795549867557263e-01	   2.1276724024048990e-01	   2.4774251374233097e-01	   5.2813828456045342e-01	   8.1955994506573249e-01	   8.3658030755183099e-01	   9.8684684425390723e-01	  -6.8359549223117322e-02	   1.6855131711924670e-01	  -1.4075626515018529e-02	   1.8817487012404083e-01	  -5.2998831638182854e-03	   2.8054513799842912e-01	   1.1987656866421513e-01	   4.4696281054781750e-01	   5.5506502890506393e-01	   6.8301890744540050e-01	   4.2280086328768202e-01	   5.0267415844301877e-01	   4.4277777060380447e-01	   7.6901832152837535e-01	   6.3881666602634768e-01	   6.9860856450519360e-01	   8.0626735979272868e-01	   7.0444498695029734e-01	   2.9975951140187490e-01	   4.9056944444706491e-01	   1.0975519494333771e-01	   1.5150921646388352e-01	   4.1162672471727118e-03	   1.5527471983135369e-01	   2.0878556283672567e-01	   3.6640755167008310e-01	   4.9973399674355845e-01	   2.2190750368314088e-01	   2.8052852215164653e-01	   2.6325611642992830e-01	  -1.5689258275138032e-01	   1.4766683388879265e-01	   9.7207770391545739e-02	   1.6708126352409164e-01	   5.4547835925749166e-01	   5.2831976559121085e-01	   5.3481720364980823e-01	   5.2547552929776375e-01	   4.0701521001146862e-01	   4.1478628827457376e-01	   8.8212000788571734e-02	   1.6441211940217662e-01	  -4.8400702270214868e-02	   3.4579037801125262e-01	  -8.0265440885664743e-02	   1.8311147068965175e-01	   1.3040812970617560e-01	   4.0557008269576106e-01	   4.1600559108204543e-01	   2.1020124822336256e-01	  -2.3388583703093685e-02	   1.0368397193874187e-02	
   6.4705495983296246e-01	   6.5465256055090937e-01	   4.0283448073376538e-01	   1.1437323518095646e-01	   2.5355015366509148e-01	   1.5585275549133304e-02	   6.7694743687441528e-01	   2.8826622525506762e-01	   4.9358787024996942e-01	   1.9945238478855085e-01	   1.1015788835602809e+00	   5.4134211011300482e-01	   0.0000000000000000e+00	   6.7711348893580214e-01	   6.7766118440022194e-01	   5.0808259457093929e-01	   3.2834670201315552e-01	   4.8461996914881073e-01	   5.9850859746738261e-01	   3.7998318397905156e-01	   6.0662777163993639e-02	  -5.8774731797774822e-02	   4.8778354532107504e-01	   3.5812947189377171e-02	   8.1532307533255646e-02	  -9.5173609299916778e-02	  -2.0678811320644863e-01	  -2.5113836940806439e-01	   6.9018331404400113e-01	   4.0187003292687151e-01	   2.9076600759116222e-01	   9.7675375180322724e-02	   5.0096517017301445e-01	   4.0678096523121504e-01	   2.0304720244829025e-01	   2.3669906338302515e-02	   1.4116563079524641e-01	   1.5612553379845134e-01	   1.5516360351256053e-01	   1.2769158988855317e-01	   6.0955227048827021e-01	   2.9903889812470641e-01	   3.6697035077650247e-01	   3.2182664393778032e-01	   2.4672728066147204e-01	   2.8283949962892135e-01	   3.3216870017816691e-01	   3.0535044044467391e-01	   1.2525346344469340e-01	   2.5125154127319393e-01	   1.1277437475955328e-01	   1.6715587347020638e-01	   4.1408388798323752e-02	   4.2217795177053130e-01	   2.3800044695389283e-01	   3.6190352341180493e-01	   2.6507845007384812e-01	   4.0182796988360381e-01	   1.8448321415868552e-01	   2.6593248203890901e-01	   3.8609436354526239e-01	   2.5728291100331246e-01	   4.3896032788941808e-01	   3.9402997489494662e-01	   9.8528139006335613e-02	   1.3771626985278174e-02	   1.1418466788759266e-01	  -2.8061352869440361e-02	   2.9155610542472332e-01	   3.4528283716527525e-01	   3.9258026727017586e-01	   2.3971696169549195e-01	   6.2845073859535538e-01	   4.5748645211605560e-01	   5.8030996943885305e-01	   3.2590717411329945e-01	   3.8742226292531379e-01	   1.6551804044853502e-01	   4.1176456554757573e-01	   4.9817896297259934e-01	   5.5885580412443070e-01	   4.4804393572135826e-01	   5.5024719229202723e-01	   2.7756949788079049e-01	   3.7800257311925434e-01	   5.2872760353059614e-02	   1.2729751255851982e-01	   3.5262091814821511e-02	   3.6192037408128852e-01	   2.8456015346352675e-01	   1.8223058001135420e-01	   4.6844076479369035e-01	   1.0831583149207749e-01	   5.0024264544699204e-01	  -4.1044998087100243e-02	   1.5158248106953642e-01	   3.4589646943941865e-01	   1.4799167591322707e-01	   4.2069472529135465e-01	   4.5880700151640874e-01	   2.8416681459176196e-01	   5.5282229621999024e-01	   3.3508290544726160e-01	   3.3648492901042204e-01	   1.2256748302314349e-01	   5.7209494650275805e-02	   7.8368208116370033e-02	   3.0107185539311393e-01	   8.7675232255251031e-03	   3.7427397347532027e-01	   3.6684673566383041e-01	   5.8214890663141960e-01	   5.2172132510546321e-01	   4.3305943668830438e-01	   1.0791806100188553e-01	  -6.6277979062984757e-02	
