   0.0000000000000000e+00	   9.7452094810378442e-01	   6.7176024275414359e-01	   4.9995085311799237e-01	   2.2131214266065261e-01	   2.4269764259080412e-01	   5.9824917041606795e-01	   4.6079985106809451e-01	   6.7381939701913904e-02	   1.7896630355357609e-01	   6.6979286566943963e-01	   5.1713550762913330e-01	   5.4834412818265776e-01	   3.0452879487081141e-01	   3.4279187243018233e-01	   4.5608911973163840e-01	   6.6459461546486631e-01	   9.1627782010766257e-01	   9.5562969840286294e-01	   7.4612573112034597e-01	   4.0372621047466950e-01	   4.8186073378533534e-01	   5.2742262445515742e-01	   3.3226772739356930e-01	   3.3364296675896687e-01	   2.4638239963368785e-01	   3.8088593930365094e-01	   4.2218543663769781e-01	   5.0938582422589751e-01	   5.1455726010008329e-01	   4.8891620432704896e-01	   4.6988368996894692e-01	   8.1876654955723627e-01	   6.7813410364342019e-01	   5.5181624670708751e-01	   4.9140319037241514e-01	   5.1097258040047500e-01	   5.0625158419857930e-01	   6.4271912171125234e-01	   7.3029965472521163e-01	   4.3875881077764090e-01	   7.0542226848744161e-01	   5.4398386091467421e-01	   5.1437776219915721e-01	   3.8095734921901753e-01	   4.4421010343999934e-01	   5.4768514401928736e-01	   4.6028404905544190e-01	   2.2472880196636083e-01	   3.4347853527548039e-01	   3.4128536549017680e-01	   2.6702504025569723e-01	   4.3791336540697523e-01	   2.0845998662234735e-01	   6.9835601819052973e-01	   7.7567292423899126e-01	   1.4965773252243293e+00	   1.0574662832346557e+00	   5.2360830622665444e-01	   5.2827742913414366e-01	   6.2637949821449546e-01	   5.2985359289458711e-01	   6.8758424704129151e-01	   6.0037853493498816e-01	   5.5221000429702793e-01	   3.3268288622686226e-01	   4.7806891337624530e-01	   4.5716941924881210e-01	   8.3792004739389481e-01	   5.0611452434877369e-01	   3.5566959641729412e-01	   3.5699471406286742e-01	   8.0351212364275293e-01	   7.9149551999056078e-01	   8.4483846670295892e-01	   7.7969260476957625e-01	   8.1533655129274651e-01	   6.1825694596778336e-01	   5.2205296947966739e-01	   5.2539798427735218e-01	   7.0031416712857797e-01	   6.5468680010432811e-01	   7.3300827232114196e-01	   3.5767282745792595e-01	   6.9325505697102663e-01	   4.9410730188728957e-01	   6.6280621149561769e-01	   5.2858445018246103e-01	   8.0547368468659408e-01	   7.2823337400494603e-01	   3.4840539762126382e-01	   4.7693853948238168e-01	   2.1705256971739062e-01	   4.7972710000726770e-01	   4.5225424038900880e-01	   3.4379590982662173e-01	   6.0279200971801217e-01	   6.4606198308780838e-01	   7.9468162977684620e-01	   6.8035082622037346e-01	   3.1592588026216417e-01	   5.9493774715140046e-01	   5.8792955927421153e-01	   8.5684206517544415e-01	   2.1440908226664196e-01	   2.4462694071906743e-01	   4.3310583395505597e-01	   6.0872046659438195e-01	   4.1965717295168892e-01	   4.5944898295576975e-01	   5.7512926756706573e-01	   6.6857728971502894e-01	   3.9127080684496790e-01	   5.2897862005773799e-01	   2.9150849456980338e-01	   7.5041418857333467e-02	
   9.7452094810378442e-01	   0.0000000000000000e+00	   5.9869672822459785e-01	   6.1203885007088221e-01	   2.2375424164952243e-01	   2.0839275229653581e-01	   6.0661033048862056e-01	   6.4262068885167289e-01	   1.6908017830646749e-01	   2.1616271480146743e-01	   5.8948058818510740e-01	   5.6695149743632056e-01	   4.9663099387458509e-01	   4.0878246304176669e-01	   3.4007650638122722e-01	   5.2068069515597193e-01	   6.0825113619127891e-01	   9.3142647642453524e-01	   8.8636373613778985e-01	   9.6277409015628979e-01	   4.1487093909913231e-01	   4.8078143667463824e-01	   5.5687292685499057e-01	   4.1054400088252352e-01	   2.7772030475208276e-01	   1.6123035913938780e-01	   2.7396789970199614e-01	   3.4153896666234773e-01	   5.8984808491776874e-01	   7.2461792223303345e-01	   7.1258472617203594e-01	   6.9059642881469507e-01	   8.7256758056765127e-01	   8.0037429998273479e-01	   3.7243269637247467e-01	   3.4291908422214540e-01	   5.7046173583602622e-01	   5.7463014738904983e-01	   6.1782311087516140e-01	   6.3426405842274591e-01	   6.4384397858220432e-01	   6.1011737097897223e-01	   5.5323495749293827e-01	   5.8522954676496386e-01	   3.9893601549000224e-01	   4.8829361343988320e-01	   5.7248735887012814e-01	   4.9419164276580380e-01	   2.6486873087062668e-01	   3.7398381605663467e-01	   3.0544177431345310e-01	   2.8195156755498174e-01	   4.1822170745453757e-01	   2.9391198554905745e-01	   5.5401376834551708e-01	   6.7183012342932980e-01	   9.6673902744071050e-01	   1.2457850359210836e+00	   3.7417672769484428e-01	   4.7072651662843368e-01	   4.9693286448601481e-01	   5.4043953829747005e-01	   6.4402847177961831e-01	   8.3729684444885233e-01	   4.3638179341108363e-01	   2.7183736190441554e-01	   2.7885390013732958e-01	   3.3709841333036694e-01	   7.6041315965907541e-01	   6.1559324495062351e-01	   4.1910532061681549e-01	   4.7385409095717740e-01	   6.7099341314390992e-01	   7.5337022855609459e-01	   6.2719190712152240e-01	   6.5802659100228478e-01	   6.9932670683501086e-01	   7.4463296637021092e-01	   6.2700046204732729e-01	   5.7696531376651006e-01	   7.6614941999558805e-01	   7.1742001584544890e-01	   7.9929807861005897e-01	   4.4414023966061250e-01	   6.0470307337655660e-01	   4.8472944434561449e-01	   5.6922137894774028e-01	   5.7339742664361570e-01	   6.7546542261400133e-01	   5.8814146241327125e-01	   4.1903816922323295e-01	   4.7519313424331594e-01	   3.6201473934767064e-01	   5.9724035911551798e-01	   4.2008740710982012e-01	   3.0797425121858973e-01	   7.1506850864843818e-01	   6.2859838785779343e-01	   8.5110399307230744e-01	   6.6171306277285302e-01	   4.1460489636200820e-01	   6.0978404832442989e-01	   6.6607290137781761e-01	   7.2489278589608841e-01	   2.8738680573225311e-01	   3.5527834509075928e-01	   3.8502605154009273e-01	   7.0092734541453849e-01	   4.3094471211570029e-01	   5.4494722628731207e-01	   6.8574450584611457e-01	   8.1072606311206252e-01	   5.4924889585178516e-01	   7.0875667568922684e-01	   4.4206009598210966e-01	   1.5708975184298507e-01	
   6.7176024275414359e-01	   5.9869672822459785e-01	   0.0000000000000000e+00	   9.0498346225498705e-01	   6.7316413782022044e-01	   2.3321558875078757e-01	   1.0006598804466071e+00	   5.9948920037225861e-01	   3.9470691781319434e-01	   7.4155397108248616e-02	   4.9987066787406920e-01	   4.8664393439374976e-01	   5.9586325517239946e-01	   5.5224243148444918e-01	   6.8731565585070165e-01	   6.0254318834645093e-01	   3.9557651137286831e-01	   5.2715798823516080e-01	   7.8809898374995579e-01	   6.1337243728951896e-01	   5.2666068153669809e-01	   4.1878169603349658e-01	   1.1260583349942972e+00	   6.8865831076597750e-01	   6.7367678217464455e-01	   3.8037612182385999e-01	   5.9125086198688259e-01	   5.3529165544832935e-01	   4.6763059993936973e-01	   4.9300059145396208e-01	   7.5581657187905771e-01	   8.0501649630924188e-01	   7.8046567962432800e-01	   6.2760793335417642e-01	   7.8456537486512756e-01	   5.0099000902417457e-01	   4.6896574497359844e-01	   4.4155519576492375e-01	   5.2140621830292444e-01	   4.9255611747367928e-01	   2.7289817897888419e-01	   2.7776676185439958e-01	   3.7215351329563923e-01	   2.9400153043450805e-01	   4.2712693111405559e-01	   3.1671020593727667e-01	   3.9755848423419937e-01	   2.7275441454195615e-01	   2.4629715108075670e-01	   3.3128241357670113e-01	   5.1632312194223984e-01	   4.1604105280277831e-01	   4.4939034536999523e-01	   2.6736678302298161e-01	   6.1556907010728179e-01	   4.9244105602474392e-01	   4.9605389303115832e-01	   4.8940057071461474e-01	   5.2337926795911804e-01	   5.5328835279260558e-01	   5.1032067466845454e-01	   5.5644866634671875e-01	   3.8288156823514352e-01	   4.9971401431023937e-01	   1.0675909798657184e+00	   4.9592508548642678e-01	   9.3475947717190233e-01	   7.3817922285008053e-01	   6.1464528373684901e-01	   4.3717733432696282e-01	   9.3152745260698089e-01	   4.7525353935562076e-01	   7.0159991434931079e-01	   5.8059252593598576e-01	   6.3026152225710863e-01	   5.2430266738996179e-01	   6.6107245265781667e-01	   5.9712654633316731e-01	   4.0268283711697439e-01	   4.2475908206961699e-01	   3.7260609758142837e-01	   6.3318882282791455e-01	   8.0816233793682835e-01	   3.4271780353908154e-01	   7.8814358840564447e-01	   5.2924942198659042e-01	   6.8959563765192333e-01	   4.0676277853972803e-01	   5.7416026274335308e-01	   6.7994031706942892e-01	   4.8428288455692786e-01	   6.3226400175865338e-01	   4.3101634585943860e-01	   7.2819240940907881e-01	   5.3218671977406107e-01	   5.0931871177775911e-01	   7.7544591556439035e-01	   7.3012191920083713e-01	   6.0176266491030250e-01	   4.2839476608790295e-01	   3.6685897480836194e-01	   4.9466826175335621e-01	   4.2173070465478729e-01	   5.7083688242833164e-01	   5.1142040537565314e-01	   6.5111777767233980e-01	   4.6921717438515809e-01	   5.9490247130362439e-01	   4.8213331642245705e-01	   7.6800319283112017e-01	   6.7924889582231318e-01	   6.1041859843613355e-01	   6.4404585584334406e-01	   7.0989446613128115e-01	   6.1427065276811166e-01	   2.6765255101917129e-01	
   4.9995085311799237e-01	   6.1203885007088221e-01	   9.0498346225498705e-01	   0.0000000000000000e+00	   3.2959713070095875e-01	   3.1423683369541344e-01	   7.1344081233838197e-01	   1.0329859328724040e+00	   9.3636855407688319e-02	   2.3729545689583825e-01	   4.5537444342508282e-01	   4.4212247953027162e-01	   4.7478616463308421e-01	   8.2317814677196188e-01	   5.9116915035201911e-01	   8.4225195016559951e-01	   4.8704439138739070e-01	   4.6928532050422889e-01	   8.9962362276990970e-01	   8.8702610961766626e-01	   6.6523609609413725e-01	   7.0241429484399309e-01	   1.0628816693531082e+00	   1.2390832283188433e+00	   7.6931510857114871e-01	   5.1410342813160059e-01	   7.2030992338116029e-01	   5.8359919289783790e-01	   2.9594379219020989e-01	   2.7815570240470505e-01	   5.0264284576387874e-01	   9.2915176907414787e-01	   7.5615001913791402e-01	   8.2080895926664277e-01	   7.3099235894064596e-01	   7.0211214324379956e-01	   3.3929990847137975e-01	   5.4691869458143394e-01	   2.4749499574858042e-01	   3.4858722678223153e-01	   2.7154106332358924e-01	   4.3198968116019398e-01	   4.3163470385275637e-01	   3.2503901677069935e-01	   3.5532607681539913e-01	   2.8563281110282512e-01	   4.4364619214438039e-01	   4.5469654897118467e-01	   1.0179379022537206e-01	   1.8710500985970469e-01	   3.7338305481121059e-01	   3.2351253021029630e-01	   4.5426722895694327e-01	   2.7543006670452835e-01	   5.3041956070097129e-01	   5.4550369890762263e-01	   5.2583932150631774e-01	   6.2329013951740075e-01	   1.7366315668780330e-01	   3.2689228002410387e-01	   2.6686893791745681e-01	   5.8431609170542664e-01	   3.0304567370100488e-01	   6.1457501124047798e-01	   7.7823855141949350e-01	   9.9340034234040986e-01	   6.1057548271657724e-01	   8.6113673442518579e-01	   6.8129122591959246e-01	   6.2325222860222762e-01	   7.5664234749333426e-01	   7.4859816334092288e-01	   6.4502601748848731e-01	   5.7096666414328079e-01	   5.0158034957723574e-01	   5.2048728986993831e-01	   5.8037951604095528e-01	   8.7019263104334688e-01	   5.9674273392731958e-01	   4.2702478826274981e-01	   5.8898005115441188e-01	   5.9068023281630733e-01	   7.1178001431984994e-01	   1.3619702930841357e-01	   8.2421063781937698e-01	   1.0113722732602870e+00	   6.3905518118395022e-01	   6.5859746967633914e-01	   6.1970556940597099e-01	   8.6309048759416640e-01	   8.4406520897811987e-01	   5.0932253947441808e-01	   9.4826063040185582e-01	   5.3824631252905553e-01	   2.6783396054089958e-01	   2.7089923411153027e-01	   5.8956995371909926e-01	   5.6297413293328114e-01	   6.8154692410555817e-01	   4.2991984748624357e-01	   5.8730581865411990e-01	   3.9778064969279958e-01	   6.7446364376157564e-01	   5.5136278538984129e-01	   3.8804922192420038e-01	   3.5682761851229350e-01	   3.2051826904030373e-01	   4.4423693982797591e-01	   4.5824607940590212e-01	   8.2159341573808020e-01	   7.6070124332582412e-01	   7.1721525477663206e-01	   6.8880000068155289e-01	   7.0208566843682318e-01	   4.3259884722389530e-01	   9.1049317661223997e-02	
   2.2131214266065261e-01	   2.2375424164952243e-01	   6.7316413782022044e-01	   3.2959713070095875e-01	   0.0000000000000000e+00	   4.1610895290247085e-01	   4.7167380400757403e-01	   3.7409392351325776e-01	   1.3214660970124699e+00	   6.9591044670050978e-02	   1.7393227175590423e-01	   3.9220123322265016e-01	   2.6927163981114860e-01	   2.6230781576937368e-01	   5.3184973505379696e-01	   1.7426864847535234e-01	   3.6642800304095988e-02	   1.6634877514474070e-01	   3.1685019103490186e-01	   1.9060704884089918e-01	   4.4480938190855163e-01	   2.5763029983283720e-01	   4.3554903731593098e-01	   2.5231951421596088e-01	   3.9143535983529065e-01	   5.2547244763777712e-01	   1.5933121009178988e-01	   5.2953707586911591e-01	   3.0980279325826171e-01	   3.5294040412738692e-01	   4.0805545831493117e-01	   3.7485110511810033e-01	   3.8692771919886582e-01	   2.9672675376718860e-01	   3.5432853786744201e-01	   1.2558740986403327e-01	   1.4082866253018086e-01	   1.2773310581969180e-01	   1.7994042112465999e-01	   9.7253066087327270e-02	   1.3900913511307636e-01	   7.2776469597341686e-02	   3.2655978415808617e-01	   2.1571535794299723e-01	   4.1986230245892586e-01	   3.7626497211067478e-01	   2.7009053026710117e-01	   2.1644522753775483e-01	   5.2866015528719257e-01	   5.1034840224990874e-01	   6.8206332444228679e-01	   5.6773866172570686e-01	   5.1422120919850278e-01	   2.5004842435886909e-01	   4.6125481018100595e-01	   3.3306097244083299e-01	   1.3859732161313429e-01	   1.1454459316072520e-01	   5.3825360823610002e-01	   5.5016339976903006e-01	   4.1773907119128539e-01	   3.8600724222197813e-01	   2.5409643017438599e-01	   3.4962718667354487e-01	   3.7832184014013226e-01	   2.0077148487527402e-01	   6.6887543245913683e-01	   4.7941150623241391e-01	   2.1036703994604905e-01	   7.8140802882253488e-02	   5.2215951477619671e-01	   3.1126702538831247e-01	   4.1477323297862412e-01	   2.7224629144376089e-01	   4.4635002703137300e-01	   5.6065845469426098e-02	   2.6062926309036649e-01	   2.6737691808897901e-01	   3.2938091379699823e-02	   1.3817816755159759e-01	   1.3001251497798710e-01	   2.0505151180951348e-01	   3.2461137167192400e-01	  -1.5121393141228196e-03	   2.8576224236732772e-01	   1.3756893864308198e-01	   1.3115735897495800e-01	   5.0233815205965746e-02	   2.4214033608869362e-01	   4.4038657251100050e-01	   2.5029637100802649e-01	   2.0774925499678959e-01	   1.4647042368955732e-01	   2.7573532448465410e-01	   1.8613987223953271e-01	   2.0681120797190891e-01	   3.2354305068812378e-01	   3.8595274404278351e-01	   3.5143419729456093e-01	   3.2399745836789862e-01	   3.0891072898207256e-01	   3.0915970854990510e-01	   2.4819311158404292e-01	   3.1596657041150783e-01	   2.5438631785919735e-01	   4.7720907389659839e-01	   3.3709429996815843e-01	   3.9182396278207654e-01	   2.9698258375245107e-01	   3.3005849764869993e-01	   2.6906183927305544e-01	   2.7904992246188259e-01	   5.0066598572421495e-01	   2.7210290317612695e-01	   1.8984535895895946e-01	   6.7255272719746614e-02	
   2.4269764259080412e-01	   2.0839275229653581e-01	   2.3321558875078757e-01	   3.1423683369541344e-01	   4.1610895290247085e-01	   0.0000000000000000e+00	   4.8780262354316895e-01	   6.7139564856697076e-01	   4.0936694558700076e-01	   9.6791051118190785e-01	   4.2842642454370650e-01	   5.1085986269642070e-01	   4.4746124481157157e-01	   3.5981316635486016e-01	   6.4799001657473432e-01	   5.1754971801132488e-01	   2.6060715078985275e-01	   1.5047481852841357e-01	   3.3077847181766762e-01	   3.7758534448766490e-01	   4.4136851186898551e-01	   5.2610982313132792e-01	   4.3841871477788891e-01	   2.4983158094065733e-01	   3.6709086738588631e-01	   8.6800234236454044e-01	   1.0144489551366127e-01	   7.9408869610998167e-01	   3.5675570756128167e-01	   2.6322952025188584e-01	   2.3879296510832809e-01	   1.8496655405294782e-01	   3.7438416830357940e-01	   3.6361295003977007e-01	   3.2195257786564463e-01	   3.2732188003303586e-01	   2.0464239857929298e-01	   3.5457244799110871e-01	   1.8445032122636634e-01	   3.3656711910050419e-01	  -1.5323250427120672e-01	   4.7294905581096935e-01	   8.1109744285857910e-01	   6.8243843573919083e-01	   7.0458657121511614e-01	   7.2584938807463373e-01	   8.4055204215131252e-01	   8.4732608643633600e-01	   8.8862939917328920e-01	   7.7838851825766242e-01	   7.9645594768633199e-01	   6.3132643046110803e-01	   7.2887122783112079e-01	   5.0573630695943361e-01	   7.1557238590678651e-01	   8.7282976515481370e-01	   2.4764383357035849e-01	   2.7518980832618928e-01	   4.8028748223379780e-01	   6.2541647469573225e-01	   4.6110362544453509e-01	   5.3494263994345415e-01	   2.0921559655551675e-01	   2.4090480871261938e-01	   1.9253736976188471e-01	   3.8657745367855018e-01	   4.0512123656566185e-01	   4.5536901936034258e-01	   4.3389975147294757e-01	   4.1858781767262199e-01	   3.2966383031604157e-01	   4.0502685039154918e-01	   4.0276548575900195e-01	   4.2477706935563508e-01	   3.8773208861454939e-01	   4.2253521836316599e-01	   2.8854123724738162e-01	   4.2832313496890895e-01	   2.1163228008229204e-01	   1.5640207317520999e-01	   4.1222791837707584e-01	   1.3642215219271417e-01	   4.3120799648444719e-01	  -2.8156609847172817e-02	   2.8721095228652010e-01	   2.6579692341210831e-01	   2.1757940357841912e-01	   9.4940402686187184e-02	   5.1686584231816723e-01	   7.2504798441178253e-01	   6.0392606207602029e-01	   4.7087275358727276e-01	   4.8094117638423739e-01	   4.8304845868442708e-01	   1.0792055709183410e-01	   1.4690578012138714e-01	   3.4174147376327368e-01	   3.7395592736493466e-01	   6.2677497016055717e-01	   5.9094843717720824e-01	   5.8716683854184282e-01	   4.1013487094985512e-01	   4.2160515965069212e-01	   3.9314943253158191e-01	   1.3104370837104767e-01	   1.2114880892656577e-01	   3.6818361112723164e-01	   3.6015534101949748e-01	   2.4336439269265436e-01	   2.0625414239186721e-01	   4.4254861898514386e-01	   5.9240959021218964e-01	   5.5267900349770449e-01	   2.4902801851664091e-01	   3.5926905725513561e-02	  -3.4165377878944928e-02	
   5.9824917041606795e-01	   6.0661033048862056e-01	   1.0006598804466071e+00	   7.1344081233838197e-01	   4.7167380400757403e-01	   4.8780262354316895e-01	   0.0000000000000000e+00	   1.0156384533967637e+00	   4.0943299752388801e-01	   3.1707840297215728e-01	   8.3378688119551370e-01	   8.0054742435038151e-01	   8.8957450464187282e-01	   6.2847652690338107e-01	   8.4660132356409457e-01	   7.0422161258493543e-01	   5.5000525315692839e-01	   6.2968406971428603e-01	   8.7629534571357459e-01	   7.6143275517588438e-01	   5.4601299242407864e-01	   6.3367301879723670e-01	   9.4901288084769886e-01	   4.3178988838176613e-01	   4.5659273876586809e-01	   4.1338848235173498e-01	   2.9104722413277612e-01	   5.4740612109811781e-01	   8.2945635600032563e-01	   7.0421981663034372e-01	   9.0529894759900487e-01	   7.5778986656151393e-01	   1.1121187319895587e+00	   1.0662124073093742e+00	   5.3328711449122634e-01	   4.4372623024777508e-01	   3.1988449384580725e-01	   4.0594440483238686e-01	   3.5856781879253885e-01	   4.2988884247466219e-01	   2.2374966622270945e-01	   5.1661647299289015e-01	   5.8696271472101014e-01	   4.5975580213499673e-01	   4.7643447848931242e-01	   4.1557651880216506e-01	   5.1965076577635883e-01	   5.0261958977707188e-01	   3.8650156165055899e-01	   3.4372896938166630e-01	   5.2473066784440414e-01	   3.2371406363004879e-01	   5.1906396026864954e-01	   3.1635898013923208e-01	   5.3567819661868932e-01	   4.7832050988747038e-01	   5.1233735268976199e-01	   5.4351777896274966e-01	   5.5945056561079209e-01	   5.7615669516428014e-01	   7.0138165292753540e-01	   7.2023337081759298e-01	   5.8329299468892437e-01	   6.6782884900301231e-01	   6.9512308741141260e-01	   4.6393414597023236e-01	   6.7893185358752683e-01	   5.4176639721203712e-01	   5.5204653724829633e-01	   4.4041831911701962e-01	   9.0022238506342778e-01	   6.0276840245871566e-01	   8.1410174864471385e-01	   7.9380585318463648e-01	   7.3708648256312348e-01	   6.9847548812886584e-01	   8.2049706134212719e-01	   8.9613879528476381e-01	   4.6623090278745405e-01	   4.6677366363734429e-01	   5.3500476892110316e-01	   6.0375040272738256e-01	   1.1200946557805642e+00	   2.7228125224783711e-01	   5.9484684320201908e-01	   4.7058968184231936e-01	   6.2392507527975627e-01	   2.9088704308799729e-01	   5.8292065645454982e-01	   8.6772562966130184e-01	   5.5685777251922486e-01	   7.1955685601471409e-01	   3.9440057034539588e-01	   8.8998154021814524e-01	   2.8405470876341832e-01	   2.9424427623807148e-01	   4.8167415482428971e-01	   4.9176617625704927e-01	   5.8688786829186657e-01	   4.8885461436867955e-01	   3.9432317983939119e-01	   7.4097073140092529e-01	   4.6705057430599456e-01	   6.3970282588698102e-01	   1.7853424717135161e-01	   3.0268719811736478e-01	   3.9014248719042077e-01	   7.4268051453278117e-01	   4.0607750254218916e-01	   5.5538762438067446e-01	   5.3778064434463291e-01	   6.2770329982549922e-01	   5.3717993322072832e-01	   6.3360823337872174e-01	   3.7985919958836067e-01	   6.8108569492059123e-02	
   4.6079985106809451e-01	   6.4262068885167289e-01	   5.9948920037225861e-01	   1.0329859328724040e+00	   3.7409392351325776e-01	   6.7139564856697076e-01	   1.0156384533967637e+00	   0.0000000000000000e+00	   2.8286182461533527e-01	   4.7188213808017510e-01	   7.2255006065003546e-01	   9.2341655926007526e-01	   6.6750395673234875e-01	   8.4481664166447679e-01	   7.7020749652885778e-01	   7.9505871315477195e-01	   5.5027749086291800e-01	   5.4454041087725735e-01	   8.5716553776161053e-01	   8.3690597436756731e-01	   6.1698581920382001e-01	   8.4773035402090935e-01	   8.0988123408979296e-01	   6.6425582657637816e-01	   4.7273929339779019e-01	   5.5780071060176151e-01	   3.2155534296040245e-01	   6.8404001131625647e-01	   6.3304215215526294e-01	   5.4126308378680155e-01	   6.1204128387522783e-01	   7.9331456162485559e-01	   9.1013315330366651e-01	   1.0756185468695143e+00	   4.4682766688285724e-01	   4.3031505415813481e-01	   2.6764345958434899e-01	   4.5742917731039395e-01	   1.7755775046667990e-01	   3.4740752060987989e-01	   2.2516529129700469e-01	   6.4113898742432107e-01	   6.2902735147158406e-01	   4.8251643650075282e-01	   4.3166363465351398e-01	   4.2052556931034074e-01	   5.4594994911817585e-01	   5.9989091541455819e-01	   3.7315818044726701e-01	   3.5573160165759260e-01	   5.3440559432970325e-01	   3.7293928513436564e-01	   6.3960999598248625e-01	   3.6540249864890206e-01	   5.8361668815632695e-01	   6.1238761903667271e-01	   5.1235717245139611e-01	   5.9260934956529732e-01	   3.4026998209979481e-01	   5.2909721550832423e-01	   4.9707151448891473e-01	   9.4143740614635707e-01	   5.6422798987479272e-01	   8.6344947023440710e-01	   4.7215765239814111e-01	   7.6866410650521388e-01	   4.6060798080640952e-01	   5.8623393331486084e-01	   5.8024063425541139e-01	   4.8711383578613998e-01	   6.6603627276620769e-01	   8.7570716966384443e-01	   7.7445351395791795e-01	   7.5342565999945910e-01	   6.4604548764550840e-01	   7.2089477251725465e-01	   6.8092536641327128e-01	   1.0330260742632664e+00	   5.3107641231197278e-01	   3.9899659813628863e-01	   7.5450149803510791e-01	   5.6726027367217724e-01	   8.5916421462909320e-01	   6.5495711266800705e-02	   5.5919819472547050e-01	   7.1204859398727527e-01	   4.9291263447295702e-01	   4.1150593158674398e-01	   5.6244539882928224e-01	   1.0679294465288183e+00	   7.6507193731154888e-01	   4.4689928302192528e-01	   6.1261355645534132e-01	   5.0924467433618670e-01	   9.4696910733304787e-02	   2.1531092267329335e-01	   3.4078727865195224e-01	   4.4423047002786020e-01	   6.7597687515095395e-01	   5.0181479201187484e-01	   5.6965762600917069e-01	   5.1767125179307305e-01	   5.3368580447295311e-01	   5.1118120539075651e-01	   5.7487932135668815e-02	   1.3049836573211046e-01	   3.3714810580409671e-01	   5.5819723913756214e-01	   3.7969336975101731e-01	   5.3569221093558905e-01	   4.5343986696365784e-01	   6.4598798903819799e-01	   5.8829868954572695e-01	   5.1855354249222019e-01	   2.1201203959199347e-01	  -1.1391091979707058e-01	
   6.7381939701913904e-02	   1.6908017830646749e-01	   3.9470691781319434e-01	   9.3636855407688319e-02	   1.3214660970124699e+00	   4.0936694558700076e-01	   4.0943299752388801e-01	   2.8286182461533527e-01	   0.0000000000000000e+00	   9.0026816302482382e-02	   1.8916964998216079e-01	   4.4029033142329466e-01	   2.7103427275644859e-01	   1.2169029071175079e-01	   4.1357332342004216e-01	   5.1295592539498530e-02	  -7.8206636995927933e-02	   1.1089754312233310e-01	   1.5198079166036088e-01	   1.0775958784371814e-01	   1.8591035013500898e-01	   8.0213121771703089e-02	   1.9143941274980358e-01	  -9.2125090285146323e-03	   9.0082752024991136e-02	   3.5408794731061527e-01	  -2.2750465464562372e-01	   2.6060167175994337e-01	   4.0276653371090704e-01	   4.3875617847546317e-01	   3.3361710698728442e-01	   2.1267637634276279e-01	   2.8323734794878902e-01	   2.0291707149764077e-01	   3.1199312093881642e-02	  -1.4654855442438103e-01	   7.6304748823099261e-02	   2.7168488804712034e-02	   1.4188427175677598e-01	   4.8402058606306211e-02	   5.3049693717549813e-02	  -5.8567120833127127e-03	   2.4555586105447336e-01	   1.7188700661296683e-01	   3.0775810910322798e-01	   3.2005214135426197e-01	   1.8345043851508216e-01	   1.4641693516983256e-01	   5.5382436535893476e-01	   4.6352962035030526e-01	   5.5574591199388512e-01	   4.5292506275028444e-01	   4.1446737117753241e-01	   2.1636592199671217e-01	   2.6150119055852900e-01	   2.1045370899089025e-01	  -1.7714621920638218e-02	   2.2091200716967352e-02	   5.4318511296011307e-01	   4.9780696218693082e-01	   4.9362720693488188e-01	   3.6026361172359522e-01	   1.9059297285840576e-01	   2.7490612750622484e-01	   7.7314637075728609e-02	  -9.8154657275669049e-02	   4.0954797913887692e-01	   2.0042982147833022e-01	   5.6005936160222800e-02	  -2.0558601447616533e-02	   3.5466813413397758e-01	   1.7570784615626928e-01	   3.0616307986334307e-01	   2.0187865131906657e-01	   3.5310220968677020e-01	  -1.3220802160226428e-02	   2.0123785695505816e-01	   1.9582194209985582e-01	  -5.6649400959453061e-02	   5.5593708264331985e-02	  -1.1003977242485946e-02	   2.6141776881377605e-02	   2.1612928519202809e-01	  -9.9815561646732984e-03	  -3.4599640021454374e-02	  -1.3914190042338798e-01	  -7.5457337072369068e-02	  -1.3929285839797639e-01	   1.0027377409628311e-02	   2.3811003392858610e-01	   7.2620879218159530e-03	   9.8080796518233648e-02	  -5.6496648791794710e-02	   1.8345316295488895e-01	   1.3125952945788721e-01	   1.1085357326300199e-01	   1.7680894840786246e-01	   2.3615089614732998e-01	   1.5450637786870669e-01	   2.0556171780088064e-01	   1.2851517674688773e-01	   2.7867641911432961e-01	   5.2990744158775784e-02	   1.1449555482074647e-01	   4.8373786976845849e-02	   2.6934015562390673e-01	   2.1557738278040392e-01	   3.1732539432722362e-01	   2.5985275575425920e-01	   1.6703145893875154e-01	   8.6050795904990249e-02	   1.3244298059119572e-01	   3.5683007471320205e-01	   1.3309447969356653e-01	   9.9616340000892076e-02	  -6.5084502852987489e-03	
   1.7896630355357609e-01	   2.1616271480146743e-01	   7.4155397108248616e-02	   2.3729545689583825e-01	   6.9591044670050978e-02	   9.6791051118190785e-01	   3.1707840297215728e-01	   4.7188213808017510e-01	   9.0026816302482382e-02	   0.0000000000000000e+00	   4.3545625273416894e-01	   3.5890824939580013e-01	   4.7181846777393749e-01	   3.8443544929349893e-01	   3.3470554458755947e-01	   4.3645339661895732e-01	   2.0447935520002131e-01	   1.9928886826929665e-01	   2.4454794625659709e-01	   3.4061565284725726e-01	   3.8958926483328693e-01	   4.3261622512324238e-01	   3.2186105970501766e-01	   2.6519453720064912e-01	   2.9658829150305854e-01	   6.2437063849047758e-01	   5.1072750801427223e-02	   4.3672477019115064e-01	   3.1500125436735776e-01	   3.4504971478970875e-01	   2.4138297129698325e-01	   2.3828897320892156e-01	   3.2629058561199220e-01	   3.8011940697430646e-01	   2.3355294926798281e-01	   2.6816684488872550e-01	   1.5273935140031730e-01	   3.4097208907151411e-01	   1.8689677658179877e-02	   2.1722905231193726e-01	   2.5513296041686968e-02	   3.5720950028658660e-01	   6.2327303989768057e-01	   6.6381267469010130e-01	   5.4916093250754971e-01	   5.9646218712793309e-01	   6.9129397624109490e-01	   7.4220286305445415e-01	   5.1714931066035974e-01	   4.7136711178658919e-01	   4.3016050912502479e-01	   4.0313147504791902e-01	   3.9646442793999315e-01	   4.3539048491946108e-01	   4.4690271330325143e-01	   6.0954026452867738e-01	   2.1082779695511300e-01	   2.4532000502113324e-01	   1.6442957152269413e-01	   3.2098448589306150e-01	   2.6388546035898425e-01	   4.2527843258463788e-01	   1.8195090116921586e-01	   2.0636856429324540e-01	   2.3984586916736955e-01	   3.2562195072459377e-01	   2.0696965542339488e-01	   2.8200315797023096e-01	   3.2664439966381709e-01	   3.4188432858089995e-01	   3.1104893597928052e-01	   3.6278480336584701e-01	   2.8824083807993600e-01	   4.2635061167899008e-01	   2.3033230815867717e-01	   4.1684194444116224e-01	   2.1043721291017006e-01	   4.0764388579337324e-01	   2.8482970851225647e-01	   2.6140850565290713e-01	   3.9031456817025412e-01	   2.1838434504744589e-01	   3.1775389800238962e-01	   1.0967790271617672e-01	   3.5501331466709130e-01	   3.3393442031871962e-01	   2.9155945233084801e-01	   2.7370540322912262e-01	   4.5984816651364374e-01	   4.4218469073048444e-01	   5.3302472995489447e-01	   3.8422613045861947e-01	   4.1464187036521000e-01	   3.9267045919555515e-01	   2.3504777095071561e-01	   2.2782031195401325e-01	   3.5366029093790530e-01	   4.2950647340874154e-01	   5.7095416128953203e-01	   5.4047340897100649e-01	   4.4716771132835920e-01	   1.6376285610732894e-01	   3.5802568354111025e-01	   3.0638426813061970e-01	   1.7953467450070246e-01	   2.3415754444549203e-01	   1.3033601568074871e-01	   4.3646078745077127e-01	   2.8157371446478030e-01	   2.6427915538160240e-01	   4.6597457885120130e-01	   6.4393465163191255e-01	   3.8913852748736361e-01	   3.0834240376560484e-01	   2.2919511970581016e-01	   1.6403458621143865e-01	
   6.6979286566943963e-01	   5.8948058818510740e-01	   4.9987066787406920e-01	   4.5537444342508282e-01	   1.7393227175590423e-01	   4.2842642454370650e-01	   8.3378688119551370e-01	   7.2255006065003546e-01	   1.8916964998216079e-01	   4.3545625273416894e-01	   0.0000000000000000e+00	   1.0358302802669406e+00	   1.2220173719691017e+00	   6.8434480246063301e-01	   6.8369751113330290e-01	   6.7236950968647979e-01	   5.1939650553311167e-01	   7.0022744410794657e-01	   5.7661421784788169e-01	   5.6296592168838477e-01	   3.9722735079344496e-01	   5.7672463659945006e-01	   5.4809357481436682e-01	   4.0461261159121364e-01	   2.3440552285612890e-01	   2.2827299167139542e-01	   1.9126065830859429e-01	   4.6178446470814027e-01	   8.5462347102960934e-01	   7.5300652473021412e-01	   5.1935372008248015e-01	   5.0981135637864861e-01	   6.6509536823476845e-01	   7.2329889310089579e-01	   2.5910127220370616e-01	   2.3979923104378642e-01	   4.0857192044850654e-01	   4.2598317376083250e-01	   2.8414367749625696e-01	   4.7055494088997940e-01	   2.7792420949238994e-01	   4.4948607523929235e-01	   4.1875371006997214e-01	   5.4317004658756141e-01	   2.8046337202269694e-01	   3.8958765444700560e-01	   4.7713369634065106e-01	   3.7742066304551153e-01	   3.1994383733677939e-01	   3.2784458127161037e-01	   4.6719030741062173e-01	   3.4468629655446392e-01	   5.5875965383163750e-01	   2.8847868233456392e-01	   5.5871421354812489e-01	   5.7408554247961452e-01	   5.5301218621968140e-01	   4.9751661919319479e-01	   4.6728179686877003e-01	   6.1933500540892683e-01	   8.3668628629563091e-01	   1.0073334816232471e+00	   6.5777932775030967e-01	   6.2930886611623327e-01	   4.5077305715163002e-01	   3.4782393902177905e-01	   3.4296061198199468e-01	   3.4358615177302038e-01	   3.8750690603984556e-01	   2.5016315519625731e-01	   5.3357233060037568e-01	   4.3810382566712158e-01	   8.5272812776494900e-01	   8.5595727135906907e-01	   8.1391719452241484e-01	   6.8115995029757836e-01	   6.3009097892172639e-01	   6.8346470794385694e-01	   3.9906246145128027e-01	   4.5977260015037169e-01	   5.1330040641277430e-01	   4.8551306403467065e-01	   6.6913611852406463e-01	   2.4982230136912847e-01	   4.7137570046443350e-01	   3.9768875076247434e-01	   6.1618736827612730e-01	   4.0266780895421661e-01	   6.7371256521654876e-01	   7.0396498524889617e-01	   3.3497504433268666e-01	   2.9280303397045188e-01	   2.8452953579041895e-01	   4.6263472540267253e-01	   2.8872442868522208e-01	   3.2294910441675290e-01	   4.3221985489388942e-01	   5.8610381701340841e-01	   5.1611081869070230e-01	   3.5610536653670122e-01	   1.7849782628598745e-01	   4.8037352919871101e-01	   3.0454745026636787e-01	   4.6341738071757832e-01	   8.2397934836014580e-03	   9.9030629039934093e-02	   2.4263514503434389e-01	   5.7104358023278479e-01	   3.2343288663692893e-01	   3.8554907327585175e-01	   3.7862372371825737e-01	   4.1319332971103417e-01	   4.1811773345791481e-01	   4.9596118534084277e-01	   2.1625141267876727e-01	  -4.1899246872004380e-02	
   5.1713550762913330e-01	   5.6695149743632056e-01	   4.8664393439374976e-01	   4.4212247953027162e-01	   3.9220123322265016e-01	   5.1085986269642070e-01	   8.0054742435038151e-01	   9.2341655926007526e-01	   4.4029033142329466e-01	   3.5890824939580013e-01	   1.0358302802669406e+00	   0.0000000000000000e+00	   8.3297342854797263e-01	   7.1485682585454569e-01	   7.7597462384911675e-01	   6.5165046017485351e-01	   3.3804053770806475e-01	   5.4757623248738341e-01	   4.9081860155194618e-01	   4.6116278041243997e-01	   3.6598704596874798e-01	   6.1426266226803283e-01	   5.4082632058998148e-01	   3.4388061497190353e-01	   1.8797918237473896e-01	   2.4379461761483534e-01	   9.6109820271457730e-02	   4.9311203883663957e-01	   9.6293012233845277e-01	   9.0250230196750403e-01	   5.6458438731535987e-01	   5.2816185374242419e-01	   5.6046059800890946e-01	   6.3624988462849041e-01	   6.6984889206028200e-02	  -1.6085933268176516e-02	   3.0619501536583277e-01	   2.6994062091625270e-01	   2.2357686275519537e-01	   3.4205683115191721e-01	   2.6242540266200681e-01	   4.3611948943225826e-01	   3.4775724323143870e-01	   3.3634803988656403e-01	   1.8650765923524568e-01	   3.0874081868338232e-01	   3.3188266438463893e-01	   2.8022233128566337e-01	   4.4407545786725849e-01	   4.2838567584775422e-01	   5.5211127106831093e-01	   3.6626953552255787e-01	   6.4594617353043537e-01	   2.8792291704373174e-01	   5.7509864649550568e-01	   5.3386885958220809e-01	   4.7503062407262731e-01	   4.5080974040649319e-01	   5.9230065925904707e-01	   7.6483631900920157e-01	   9.3315651061494809e-01	   1.4013987177202682e+00	   6.3809354104222127e-01	   7.8211109652851662e-01	   2.4352762888904195e-01	   2.7392413687418260e-01	   2.8316591459376550e-01	   2.0795211088696669e-01	   3.6232442004313670e-01	   2.1988238305205232e-01	   5.1345666412176605e-01	   5.5623519197718407e-01	   7.6646204116755989e-01	   7.6747369294475387e-01	   8.0131459427149954e-01	   6.6611538800005066e-01	   5.2227343233478596e-01	   6.1599141980775896e-01	   2.1449249284817470e-01	   2.4154029513599995e-01	   4.0970970407462864e-01	   3.6244187724094479e-01	   6.2392283883621735e-01	   9.0512965699939940e-02	   2.4931342174837362e-01	   2.7267492610525779e-01	   3.9009104882164813e-01	   1.8157564734855192e-01	   4.7501411271802529e-01	   7.3307679063511588e-01	   2.9316208405810296e-01	   2.7076654962979085e-01	   2.4874844473588487e-01	   4.2098982397025941e-01	   1.7250290727084899e-01	   3.0872185597775492e-01	   2.6897725024941987e-01	   4.4078129243452308e-01	   4.6188944768370566e-01	   3.5431884615327630e-01	   2.3941675597476531e-01	   4.8993748320981273e-01	   2.4675900987913410e-01	   3.9187255307534724e-01	  -1.0983252321827951e-01	   6.3332240452019517e-02	   2.3730009247856598e-01	   5.6706577947205050e-01	   2.7845298439914595e-01	   2.5902588829066853e-01	   1.6857885178227824e-01	   3.2074730239516619e-01	   4.2579407770680044e-01	   3.4389893271738081e-01	   6.9658176053420284e-02	  -1.8892701611964724e-01	
   5.4834412818265776e-01	   4.9663099387458509e-01	   5.9586325517239946e-01	   4.7478616463308421e-01	   2.6927163981114860e-01	   4.4746124481157157e-01	   8.8957450464187282e-01	   6.6750395673234875e-01	   2.7103427275644859e-01	   4.7181846777393749e-01	   1.2220173719691017e+00	   8.3297342854797263e-01	   0.0000000000000000e+00	   9.1345700091217230e-01	   9.0857772393838698e-01	   8.9872743422804968e-01	   2.9954302870552935e-01	   5.1012668294847519e-01	   4.4410118700578460e-01	   4.6033544348447075e-01	   4.9559157637014090e-01	   6.4342766702855936e-01	   7.9003811191935791e-01	   5.8209342688250876e-01	   4.6756180465028219e-01	   4.0691638594762713e-01	   3.6278450123627992e-01	   6.2845154176807649e-01	   6.1027819034849407e-01	   5.4477719866275298e-01	   5.4149267862345618e-01	   5.0540299858976168e-01	   5.9417716873467097e-01	   5.7512237655418552e-01	   3.7274243576270566e-01	   2.9280277273233818e-01	   3.0306377867649464e-01	   4.5878368667716707e-01	   2.4143658451755529e-01	   4.0480463166229480e-01	   1.0009663361691101e-01	   3.8869402338453868e-01	   3.4355229000287024e-01	   3.9247204087323267e-01	   2.7053068350108539e-01	   3.0721233332904063e-01	   3.6234809689465763e-01	   2.8764539042760717e-01	   3.2126582068149062e-01	   2.9871891462985423e-01	   5.6065466438291833e-01	   4.1916822144677945e-01	   5.9597609954655462e-01	   4.3446049723072899e-01	   5.5722098773383588e-01	   5.1529405683055796e-01	   4.7895630406303807e-01	   4.3110105950490524e-01	   4.0221172843885600e-01	   5.0433397648830935e-01	   7.2138572514939825e-01	   8.0655078594808005e-01	   3.7821674088164026e-01	   4.1415202809353197e-01	   5.9351696522317032e-01	   4.0455356514141066e-01	   3.2741708487631932e-01	   3.0808523615315475e-01	   4.6305186030882639e-01	   3.8659902528522688e-01	   6.7084301649503952e-01	   4.4902419572715080e-01	   6.3234340131558864e-01	   6.3209198608112294e-01	   6.4075847108294759e-01	   5.8014165586864896e-01	   5.2333815808205664e-01	   5.5722050064385442e-01	   3.2950689897807095e-01	   4.4217361506017006e-01	   4.1442545951043541e-01	   5.5061695207012373e-01	   5.5720147696823363e-01	   1.1480762778258925e-01	   5.5448858122466005e-01	   4.8435883260030188e-01	   5.3570425018701662e-01	   2.9302383534233151e-01	   6.0161917827068168e-01	   8.0410705362056878e-01	   3.8972916245186245e-01	   4.1256138592938330e-01	   3.9365307052420007e-01	   6.6225168516444000e-01	   2.1653026191782118e-01	   3.9845461828190987e-01	   3.6698471954899853e-01	   4.8570897161300286e-01	   4.5028671149289284e-01	   2.8578560641180623e-01	   1.9773763695107666e-01	   3.6554044159657811e-01	   2.3801779507535059e-01	   4.1169765112303913e-01	   4.7600266465599186e-02	   1.7685602554539798e-01	   2.7059933987195645e-01	   6.4743093023042553e-01	   2.9077679509135979e-01	   3.9178399590158441e-01	   3.9691786297219028e-01	   4.4357591266625318e-01	   4.2909004656235766e-01	   4.2408780883781455e-01	   3.0133068402968510e-01	  -5.2844995334439737e-03	
