   0.0000000000000000e+00	   1.1266194219224746e+00	   5.2190350079518499e-01	   3.2306002717593091e-01	   1.5040366805515709e-01	   3.0611812981101100e-01	   5.8093546192736778e-01	   4.2348827111125220e-01	   3.3970016436449307e-01	   3.5620029328294700e-01	   7.0418093268526682e-01	   8.8326337712035596e-01	   5.1578123535810838e-01	   5.7023776148579985e-01	   3.7656642263917472e-01	   4.2988329491498201e-01	   1.0150577702110257e+00	   1.0143624379043128e+00	   5.4977367348988071e-01	   4.2207485051544791e-01	   5.3859540727969035e-01	   4.5260619934072399e-01	   2.1190975389024896e-01	   2.3818292338933786e-01	   2.5069765431659830e-01	   3.0628236167512779e-01	   1.8748297028014321e-01	   9.1875470434070280e-02	   7.5274007466476367e-01	   7.6094493921333428e-01	   3.9493582500402569e-01	   3.5158799667011786e-01	   6.4874060748928686e-01	   7.7815369487281938e-01	   9.7248957630610255e-02	   3.3451204080034248e-02	   5.3362520031342542e-01	   2.2425061175990194e-01	   6.7913774978067754e-01	   5.4911185024098785e-01	   6.1225665754435887e-01	   4.7023392185852014e-01	   2.5428524170400546e-01	   3.6368868106603525e-01	   3.4707662199386746e-01	   3.9437780635390579e-01	   4.9872345950253510e-01	   5.9555158588288382e-01	   4.0471176529825298e-01	   3.6418027885951892e-01	   6.1661424111929042e-01	   5.1541610350448130e-01	   4.9039028034531307e-01	   4.9011745199235274e-01	   4.1149244904052140e-01	   3.3395126068533043e-01	   1.0253595612531223e+00	   8.2957085077047177e-01	   3.7779731225019803e-01	   4.7612381936607123e-01	   4.4681584990263024e-01	   3.9737972168207503e-01	   7.6280756371771163e-01	   8.9896710624388210e-01	   1.9864181746821016e-01	   1.7302434399380509e-01	   2.0971277098197461e-01	   2.7891081065529388e-01	   4.8386516468010843e-01	   3.4719349001555039e-01	   1.1154141300176701e-01	  -5.7459791745272076e-02	   4.1498713037172058e-01	   4.3320963943290963e-01	   4.1112445268049536e-01	   3.3278421162150734e-01	  -3.8845479873733449e-03	  -1.1437811086562981e-01	   6.8372805828224947e-01	   8.0635239651109791e-01	   8.6212795411089760e-01	   7.6185666878647007e-01	   5.6222664750622076e-01	   7.2590815199701619e-01	   5.7727763285916978e-01	   5.3574459895845949e-01	   3.1469424678819519e-01	   3.2650670151280980e-01	   3.4038195932587556e-01	   3.1105999192095668e-01	  -6.2079193902310682e-02	   1.2794482804364168e-02	  -2.3885783861649942e-01	   2.7752100195697217e-02	   3.7833679959563465e-01	   1.1723835748359028e-01	   5.6750390022402142e-01	   4.9431826820461566e-01	   2.6025014499045790e-01	   2.0906499792687630e-01	   7.2466908747170919e-02	  -5.4079145327971413e-03	   1.1192769356155532e-01	   2.0349252274405977e-01	  -3.4468291138278101e-01	  -1.3808563805819161e-02	  -3.2074454601878133e-02	   2.3983399566002020e-01	   2.5772016239855772e-01	   4.8363851479654912e-01	   3.9159232315090725e-01	   5.4580902047020929e-01	   3.0594487316594032e-01	   1.5854354613529245e-01	   5.1301511543486097e-02	   3.4236329196007534e-03	
   1.1266194219224746e+00	   0.0000000000000000e+00	   2.1375578632739040e-01	   2.4525281377907593e-01	   4.3254227859445035e-02	   1.0050433719548965e-01	   2.7956347943409987e-01	   1.6442694537218233e-01	   2.6489469652142505e-01	   1.6381434696536307e-01	   4.0915559166939075e-01	   5.5040346982473021e-01	   3.0891484785938061e-01	   2.6772185027930151e-01	   2.1846799271245199e-01	   2.1924736739976688e-01	   8.7854848779664674e-01	   1.0549478289597647e+00	   6.3417860546855054e-01	   6.7480976493341027e-01	   3.9881343554445736e-01	   3.3201443068671405e-01	   9.9640408372142261e-02	   1.5840278256426857e-01	   1.0927080975929819e-01	   9.5907690477580215e-02	   1.8569320633703662e-01	   1.0527734348864962e-02	   5.4395382877529952e-01	   5.8345731762590713e-01	   2.3593056118956493e-01	   1.5070196817913151e-01	   6.0723738480348621e-01	   7.2152868664226066e-01	   5.7800571175363302e-02	  -4.9506226141376730e-02	   4.7723387298351666e-01	   2.4315381647056239e-01	   5.8351266310983252e-01	   5.1372920484433893e-01	   5.7835931378468808e-01	   4.5525246364513783e-01	   2.5211248432164013e-01	   3.4004411934033302e-01	   3.4428859271101486e-01	   3.7840100604015958e-01	   4.6711280611590433e-01	   5.1763329789181922e-01	   3.9921883247214424e-01	   2.6404039572870674e-01	   4.7762859860407314e-01	   4.6278043636020239e-01	   3.7706898368362046e-01	   3.3425841062171091e-01	   3.2042673744514111e-01	   2.4879982213013563e-01	   9.5307977812740852e-01	   1.2309355739641519e+00	   3.0486861027447498e-01	   3.2104676292969159e-01	   2.7606276276432740e-01	   1.8726893920686302e-01	   7.9553086956808250e-01	   7.1746203644055895e-01	   1.5151980703837467e-01	   7.9940896560955099e-02	   1.5037721108101681e-01	   2.0467710554563701e-01	   5.1280605805538726e-01	   4.6500564339817418e-01	  -1.8573666097071957e-02	  -1.3711625530662838e-01	   2.3175717570909798e-01	   3.1302827389047810e-01	   2.1185658988796013e-01	   3.1188731996622027e-01	  -2.2447016214308249e-01	  -1.8144910840898715e-01	   5.6293077107108114e-01	   7.4775798945771033e-01	   7.6733114667155178e-01	   7.3871605091963033e-01	   4.3722365456429108e-01	   8.2288321729179181e-01	   4.7718982865747789e-01	   4.0180182603660203e-01	   3.6100875406907335e-01	   4.5932422952718632e-01	   2.7580850003867663e-01	   1.5602549125530291e-01	  -1.3074412285153197e-01	  -1.5850734062041352e-01	  -3.6176019448009145e-01	  -1.5884378784327813e-01	   3.7109159192339636e-01	   3.7669200079803365e-02	   4.8895674607963763e-01	   4.0202703212177099e-01	   2.1812440910457004e-01	   1.1140866272750362e-01	  -5.3062265107299889e-02	  -1.5696980973608521e-01	   1.0109487557921543e-01	   5.0280327382290907e-02	  -2.0830324985000076e-01	   8.1471394569238215e-02	   6.6389390547313382e-02	   2.1082333385296553e-01	   3.0928163592386310e-01	   4.5432038812536513e-01	   2.9575359134420220e-01	   5.6260395591453771e-01	   2.5894634351952184e-01	   2.4289507659905546e-01	   1.9295253380692792e-01	   1.8104191850745743e-01	
   5.2190350079518499e-01	   2.1375578632739040e-01	   0.0000000000000000e+00	   6.9023470366380124e-01	   9.3374516788886741e-01	   8.8463584432169828e-01	   1.1561075153216993e+00	   7.7109298122808545e-01	   5.6265844322652225e-01	   7.3850357845519587e-01	   6.2746349436468773e-01	   3.3150680156877083e-01	   7.2478132369833126e-01	   7.0139106645006699e-01	   7.3665470115278553e-01	   7.0094803751363288e-01	   3.0582566368758946e-01	   1.0019466426657239e-01	   4.3986236760896158e-01	   1.9255811060816394e-01	   5.4376112807621002e-01	   3.9220990932742916e-01	   9.5726649385405027e-01	   6.6854136815889231e-01	   6.6670753843675945e-01	   7.6590191723750867e-01	   4.9523072051447042e-01	   4.1347228014974735e-01	   4.9799611338280508e-01	   3.2676430624060060e-01	   5.8012102522241260e-01	   5.3797734794854313e-01	   4.1338694708329848e-01	   4.0084668775812343e-01	   3.6324286887179985e-01	   3.5547420961053089e-01	   3.6863594369031333e-01	   2.0637900753712252e-01	   5.9939367059293136e-01	   3.7194070926551653e-01	   4.7384319825391336e-01	   3.6429033950593248e-01	   3.4776650065000692e-01	   3.7377111395290208e-01	   3.8142606537743612e-01	   3.4434660748000667e-01	   5.5719701498555152e-01	   5.4361343644070548e-01	   3.4194617220583373e-01	   4.5802283932074150e-01	   6.3666663199929352e-01	   5.2433956730567999e-01	   6.5301676030944056e-01	   6.6035844151822287e-01	   7.2036871749764819e-01	   5.6558544608300054e-01	   3.0677339014642513e-01	   1.9739310102617749e-01	   5.2612171444783595e-01	   5.1660280711247930e-01	   4.8832976013014640e-01	   4.5924319986846962e-01	   3.3927847042320142e-01	   2.9796827098274697e-01	   5.7237796299144783e-01	   3.8829445433097332e-01	   4.4256555713886503e-01	   4.4033940163204766e-01	   2.2559993164490705e-01	   1.9260474549253553e-01	   3.7225616892630159e-01	   1.6281328201894688e-01	   4.2397453414137704e-01	   4.0471357380091300e-01	   3.4279420087521301e-01	   4.0989852685250722e-01	   2.7208078497061461e-01	   1.1929289753323988e-01	   1.9818231180030088e-01	   2.4074659084929853e-01	   2.9758951119579768e-01	   3.7226483382351871e-01	   5.7815923392748192e-01	   2.6558808223875030e-01	   7.8161759391652685e-01	   7.9641877007766637e-01	   3.0012162756222205e-01	   3.3174668314706396e-01	   7.3390210771585984e-01	   8.8830331391141026e-01	   4.1146633631291285e-01	   3.7017553564275318e-01	   1.9735091046594092e-01	   4.8341813139841022e-01	  -2.2816800569196288e-04	   1.9359924597247974e-01	   5.2071566554485771e-01	   4.5015970308515713e-01	   5.9205663757917482e-01	   5.1454911530434333e-01	   3.1682067087304211e-01	   3.0772510697830213e-01	   2.2860334555272893e-01	   3.1340186787943558e-01	  -1.7797096956442238e-01	   2.2014077396393847e-01	  -1.7960230657532913e-01	   2.5875876907389905e-01	  -1.1413180018732255e-01	   7.5074882873473053e-02	   4.4515617556539661e-01	   4.9753743077907897e-01	   4.8894171043432755e-01	   1.3514286322829819e-01	   5.3327920556219113e-02	  -6.9486159221288119e-02	
   3.2306002717593091e-01	   2.4525281377907593e-01	   6.9023470366380124e-01	   0.0000000000000000e+00	   4.1774062787853494e-01	   7.3449418594530946e-01	   4.7470864917429256e-01	   9.4232040437346476e-01	   4.2996789376651479e-01	   4.5759532573073952e-01	   1.1953409233137516e-01	   8.4224314917585086e-02	   2.7529338908673828e-01	   4.4588226743745596e-01	   4.5123449799026794e-01	   5.6025354842208253e-01	   2.6046175379974074e-02	  -3.1219187305907163e-02	   8.0461052433531066e-01	   6.7889586958934189e-01	   1.3509324930058028e-01	   1.2031399200839069e-01	   6.9166267847909302e-01	   8.0632325716907571e-01	   3.5085259045168748e-01	   4.2356512266809965e-01	   4.4574737098798844e-01	   4.4260657714834017e-01	   4.7492608967569766e-02	   7.9924999017294274e-03	   1.8083259798803797e-01	   1.7937797882097400e-01	   5.8982679251489767e-01	   5.2450966111060815e-01	   5.1672723051337044e-01	   6.2851252477199004e-01	   8.5043304419776367e-02	   2.7244023735126122e-03	   3.4395718151155308e-01	   2.1974568557598118e-01	   1.5099014323728646e-01	   6.4387248422531733e-03	   5.9289705396543579e-01	   6.0695443885361100e-01	   5.6404278172647015e-01	   5.1492762770238332e-01	   6.2236691481958484e-01	   5.7246692387118570e-01	   3.3857703330534805e-01	   3.7114354374199504e-01	   4.3040777569542571e-01	   4.4545371249606502e-01	   3.6034169983179437e-01	   5.1750392903883347e-01	   6.1477954432770821e-01	   5.7075338962149691e-01	   1.7409665668575083e-01	   1.8967345050410694e-01	   4.0179887387799718e-01	   4.1152896862798660e-01	   2.6034680045777070e-01	   4.2948726396164738e-01	   2.5031780324427488e-01	   2.7808442985378662e-01	   5.4434521207943287e-01	   6.3355589792153366e-01	   5.0074881455555709e-01	   6.2747418317999981e-01	   3.7138773362846778e-01	   4.9039683383023952e-01	  -7.7914842011197374e-02	  -1.7514745912219845e-01	   2.1245062666525365e-02	   1.5159995770693402e-01	   4.4896694400844282e-02	   1.6722057997669554e-01	   4.4866069146535939e-03	  -7.5897078317140624e-03	   3.5316444405818270e-02	   1.2082521733428808e-01	   1.5122800998065167e-01	   3.3275944073880470e-01	   3.7999500149276422e-01	   1.5605507231783416e-01	   8.5995493666376288e-01	   7.4133097249444835e-01	   4.9510223164184630e-01	   5.6591867639509730e-01	   7.6305909771757241e-01	   8.0597761273713819e-01	   5.5600340435598372e-01	   3.2368451379497148e-01	   3.9066592278380174e-01	   3.8737838414185488e-01	   1.1949142656092193e-01	   1.5471880047675546e-01	   5.8086933320318535e-01	   4.7045632510128815e-01	   5.8070121282321085e-01	   5.0628324172576533e-01	   2.4232324200033734e-01	   1.7927712916406907e-01	   2.9262351960874189e-01	   4.5870050470157597e-01	   1.8653669198769537e-01	   4.4818490405930445e-01	   1.9091657754704358e-01	   3.4221149411269886e-01	   3.8256692506883089e-03	   5.6176903473469417e-02	   5.5284148777208508e-01	   6.2019308062352940e-01	   3.3455445929943384e-01	   3.5097384923429553e-01	   1.4379934412523782e-01	  -3.1551180842069565e-02	
   1.5040366805515709e-01	   4.3254227859445035e-02	   9.3374516788886741e-01	   4.1774062787853494e-01	   0.0000000000000000e+00	   8.9145301831803558e-01	   7.0324180201025865e-01	   4.9252601450630484e-01	   7.0748782286214740e-01	   6.2755760145403439e-01	   4.8241667245662734e-01	   3.5222452710932481e-02	   5.7973116156783189e-01	   3.7578938579426702e-01	   5.8981140057738923e-01	   4.6850541966057691e-01	   1.3908059936614517e-01	  -1.1427914414171154e-01	   2.7026956974313193e-01	   1.3120595290261400e-01	   3.4126959151494568e-01	   2.5338348415313006e-01	   5.5763470532655812e-01	   3.2609974996726016e-01	   5.9864003439999092e-01	   6.9217940839404912e-01	   5.5658309975380926e-01	   4.5834784979338572e-01	   2.6880250919542087e-01	   9.6259315133572290e-02	   2.5830727101538609e-01	   2.6629084716037799e-01	   2.1875259238603065e-01	   2.0518790118696992e-01	   3.0318060208357100e-01	   3.3515062408485535e-01	   2.5051231984386957e-01	   2.4581047412196338e-01	   3.7627682868820844e-01	   2.6702869203447904e-01	   2.3959286126185317e-01	   1.8383712174272926e-01	   2.0539465360135348e-01	   2.6928952210937485e-01	   2.8763522979463618e-01	   2.5644392503723135e-01	   3.8161578340854535e-01	   3.7792761081474319e-01	   2.4476611907038981e-01	   4.5651903710790026e-01	   5.2465230681517505e-01	   4.9792562973969451e-01	   5.7136478228024457e-01	   5.6429228893861272e-01	   5.9012090982688303e-01	   5.9867171310715017e-01	   1.1839668918396656e-01	   1.5141832088217394e-01	   5.5998663496954437e-01	   5.6789199624891218e-01	   3.6608107501053599e-01	   3.6731743945666240e-01	   9.7669195635766273e-02	   5.5822863913377430e-02	   3.9349013631990498e-01	   3.2864964625070864e-01	   5.3796143657735584e-01	   4.7864786606696680e-01	   2.9125398399715519e-01	   2.3816883445214071e-01	   4.5148982890482853e-01	   2.6889756202752918e-01	   3.5390798944683211e-01	   2.7713512700099402e-01	   2.1243538367698400e-01	   3.6325937728082813e-01	   2.9131773301914587e-01	   1.5759157406983054e-01	  -1.1039097861536794e-02	   4.3184722746804224e-02	   9.3456077525282996e-02	   1.9681620227003274e-01	   2.3734915503254095e-01	   1.4194343844004318e-02	   5.1161503749117521e-01	   6.8557365979294116e-01	   1.6070716925228645e-01	   1.7595303547066543e-01	   7.4595237375524159e-01	   8.3471536905088950e-01	   4.9074076439315867e-01	   5.1514129159857469e-01	   3.7091708133580203e-01	   5.6164899192371398e-01	  -8.4392009033675830e-02	   3.3244301111488034e-01	   4.0889553489640168e-01	   3.8552938373082385e-01	   5.5543301733569750e-01	   5.7574133868156041e-01	   4.4936586719770211e-01	   3.9768727654305230e-01	   3.7048255192773727e-01	   3.8249854847090198e-01	  -6.2693074535907903e-02	   1.0249814733391313e-01	  -1.4332361166399579e-01	   2.6129263566389638e-01	  -8.7855938648302490e-02	   2.6610882684168738e-02	   3.3739889427210307e-01	   3.3982262742217761e-01	   3.9862778639614671e-01	   1.0661283597680332e-01	   1.9227252042746796e-02	  -1.3806319625293353e-01	
   3.0611812981101100e-01	   1.0050433719548965e-01	   8.8463584432169828e-01	   7.3449418594530946e-01	   8.9145301831803558e-01	   0.0000000000000000e+00	   5.7664987483179508e-01	   5.9817470090133629e-01	   4.3987263655869402e-01	   8.0431318074810176e-01	   3.7410218404234563e-01	   3.5143798769743752e-02	   5.5593347039661156e-01	   3.9555459221709310e-01	   6.1531217535248073e-01	   6.5956055270500269e-01	   2.5951115215131537e-01	   4.2367517451168853e-02	   5.2507630371211922e-01	   3.9590187408575173e-01	   4.1365976905538954e-01	   4.6501631259665821e-01	   6.2746819365011941e-01	   5.7214494029782959e-01	   7.0850533183318498e-01	   8.4159088278677652e-01	   6.3923848861157340e-01	   6.8310561514679591e-01	   2.8850175447125526e-01	   2.0558371183678367e-01	   3.9627309508522501e-01	   4.2303516849130329e-01	   5.4881654634810451e-01	   5.1474684161959350e-01	   4.3454611429626083e-01	   4.6254631817739611e-01	   2.5408491151593660e-01	   3.1325396287579838e-01	   3.7599009736398137e-01	   3.4487485003979845e-01	   2.3571505304209617e-01	   2.0395766682735086e-01	   4.0863596400380003e-01	   5.0677386405865132e-01	   4.0766886658160928e-01	   4.0740986765589116e-01	   5.2287887149135215e-01	   5.7508758399042936e-01	   2.1699253240059535e-01	   4.6956032967396111e-01	   4.3931587340602085e-01	   4.7500104749679972e-01	   4.5739449177886948e-01	   6.8607690760919005e-01	   5.8532652157948539e-01	   7.1829829471130735e-01	   2.0061711565104487e-01	   1.3125661122481130e-01	   3.6865304614094180e-01	   3.7290316172857446e-01	   1.9469643202962966e-01	   3.1681580634392992e-01	   4.4410979587215904e-02	   1.6947546167780325e-01	   3.7691694134610215e-01	   3.2581828903839699e-01	   5.1817030165276301e-01	   5.4957412107040693e-01	   3.9107860522663673e-01	   4.4876149228704865e-01	   2.7537919902865454e-01	   1.3938623797410399e-01	   3.4352624678165683e-01	   3.2443648237635614e-01	   2.6288506304884857e-01	   3.4323637291057729e-01	   2.7872402522627582e-01	   1.7325457429681834e-01	   2.2666754717257681e-01	   2.9058808618388082e-01	   2.5740049633407197e-01	   4.2869841214033427e-01	   3.7945146575607769e-01	   1.1530539099815190e-01	   6.2512807771145962e-01	   8.2809588989640959e-01	   2.0682745736153685e-01	   2.9090940168451773e-01	   6.9018770082346470e-01	   9.2537571807567942e-01	   6.1519519631341446e-01	   5.5642188807908755e-01	   4.9371343887066210e-01	   6.0928541952240711e-01	   1.0872205418591080e-01	   3.7119212867353002e-01	   6.2890809079056487e-01	   5.2519351561865046e-01	   7.1494215140760542e-01	   7.6899287340746036e-01	   4.4378393533582583e-01	   2.9708128801709976e-01	   5.2303446820480282e-01	   5.9101108379874234e-01	  -2.2556728989420738e-02	   1.3982579385440710e-01	   5.0533208579258269e-02	   4.7327582096123844e-01	  -7.6070928038636035e-03	   1.4732899794780205e-01	   6.0479520104220630e-01	   4.8135581269573635e-01	   4.6748718205486101e-01	   2.3280816512006941e-01	  -5.9682492197166304e-03	  -2.7461218029657086e-01	
   5.8093546192736778e-01	   2.7956347943409987e-01	   1.1561075153216993e+00	   4.7470864917429256e-01	   7.0324180201025865e-01	   5.7664987483179508e-01	   0.0000000000000000e+00	   9.1718726329304923e-01	   7.5326848957121073e-01	   6.9776202486302608e-01	   1.0108652295287128e+00	   6.2270687123685275e-01	   9.2120375245530650e-01	   9.0007676781384738e-01	   7.8027107720419409e-01	   6.2353517026840399e-01	   4.2126883714219132e-01	   2.2204815729673666e-01	   3.5451515423454116e-01	   8.1889938306257806e-02	   4.5439280597805276e-01	   2.5069028168917501e-01	   5.9988901823515128e-01	   4.1284117658906094e-01	   3.6402966081076571e-01	   4.2323101811177144e-01	   3.3389726825024790e-01	   3.1264539031956051e-01	   6.3218976743684108e-01	   4.0204665859626038e-01	   4.6924360670604293e-01	   3.6366787237988418e-01	   5.0622463237858284e-01	   5.2872200565124139e-01	   2.8683979738798326e-01	   2.6180896284832561e-01	   4.8636323488248118e-01	   1.3765497881642830e-01	   7.4084980670697453e-01	   3.4482925347363713e-01	   4.7678483892150741e-01	   3.1468534408251414e-01	   3.0378102181838618e-01	   3.7836399151697037e-01	   2.8653415185700470e-01	   3.0937122617507007e-01	   5.1217555564101902e-01	   4.8369890369015445e-01	   2.9716242981402674e-01	   3.7716141930180797e-01	   5.9814719176117337e-01	   5.8270840797670986e-01	   4.7656751926555407e-01	   5.0837764968807342e-01	   5.6350506630039510e-01	   4.0516633915709299e-01	   1.7291652648679887e-01	   1.5380816176555215e-01	   4.7555642105346396e-01	   5.7629123498571555e-01	   6.6067368088831691e-01	   6.9055366104761162e-01	   5.4540553862846797e-01	   4.5225855279524796e-01	   5.5262737029268827e-01	   4.4950383210176648e-01	   3.6847542997890342e-01	   3.9927325793208823e-01	   1.3072590457299735e-01	   4.8586846061269034e-02	   2.6308617879734042e-01	   4.8077766454837294e-02	   3.8744176778749329e-01	   3.8994047499322970e-01	   3.7323713648372786e-01	   3.6539746008836838e-01	   1.7376946192372492e-01	   5.5390738854134217e-02	   2.0215725088836750e-01	   2.6692732977437411e-01	   3.5827892837057446e-01	   3.7767605807819871e-01	   5.7684499849213522e-01	   2.6310049492108445e-01	   6.6781598015731891e-01	   6.3342863336107114e-01	   2.9074372276981014e-01	   2.0479917889910007e-01	   5.5249846118756718e-01	   5.7354010369445274e-01	   2.4120641319857405e-01	   2.8571529146720431e-01	   1.7874839167642185e-02	   3.2447719185923751e-01	   1.3411756023103083e-01	   2.3357405753308463e-01	   5.5154245002114488e-01	   4.3556988376642014e-01	   4.2166152887627495e-01	   2.4808885151116428e-01	   2.4775584389312688e-01	   2.5167436621764799e-01	   1.9399485902198405e-01	   2.1956245025289922e-01	  -2.7138238258836855e-01	   1.7793739289706814e-01	  -3.0080287481303558e-01	   2.2843743910138739e-01	   1.8203574600588177e-02	   1.6303209968598331e-01	   4.7454175601484783e-01	   4.8912526015446300e-01	   4.0505656367982668e-01	   1.5746444214482941e-01	   4.7882003073045819e-02	  -4.6772579666983706e-02	
   4.2348827111125220e-01	   1.6442694537218233e-01	   7.7109298122808545e-01	   9.4232040437346476e-01	   4.9252601450630484e-01	   5.9817470090133629e-01	   9.1718726329304923e-01	   0.0000000000000000e+00	   6.0310684949219717e-01	   5.7230384208637242e-01	   4.8041009678703339e-01	   4.5530361058321639e-01	   5.6545205461559300e-01	   9.2959356025212125e-01	   6.7733738350490613e-01	   7.4723914102513134e-01	   1.1496413811604266e-01	   3.0447478198565244e-02	   5.0685001367474802e-01	   3.0686514483478439e-01	   1.8904083408007563e-01	   1.1855853754249782e-01	   4.9261524150489661e-01	   4.7865269045023995e-01	   2.6527072935379215e-01	   3.5247780481029023e-01	   3.9542662780200882e-01	   4.7054966971451406e-01	   3.0657843814340874e-01	   2.3097255204176176e-01	   1.7269306052401379e-01	   1.9887422912194966e-01	   5.7058637239985988e-01	   6.4010821817875130e-01	   3.5565994223291725e-01	   5.2515941541839983e-01	   1.9787691168335647e-01	   3.5028229989862637e-02	   4.8817937945940315e-01	   2.8185200924788323e-01	   2.6532363478136456e-01	   9.4688600342492796e-02	   5.7514277578060236e-01	   6.3539867845582432e-01	   5.3836827844538082e-01	   5.5345335794486039e-01	   6.7897696924219686e-01	   6.2962584592613990e-01	   3.9598186587173051e-01	   4.0772675295204680e-01	   5.9703522163588130e-01	   5.2860881890859279e-01	   4.2789214667804831e-01	   4.9564349719837297e-01	   6.9980391970232092e-01	   6.1475889237990888e-01	   6.9586180683051183e-02	   1.0128541885248929e-01	   5.1552004916910632e-01	   6.9671043182052428e-01	   4.7612704520345284e-01	   7.1104583862137249e-01	   2.5023422409073787e-01	   3.8561157469428553e-01	   4.8940496778212539e-01	   6.0044292671375765e-01	   5.4958650522656183e-01	   6.6806930310505419e-01	   2.9512287688852773e-01	   2.9346523767132809e-01	   4.2912941079156573e-02	  -1.5444895043646856e-01	   1.8136469715092049e-01	   2.9565256590611788e-01	   2.1578776299074523e-01	   2.4819142487194706e-01	   1.2659825697515578e-01	   1.2509874295347032e-01	   2.1367372989611690e-02	   1.6557865987952161e-01	   2.4167029527426154e-01	   2.6645359350634579e-01	   4.6813443942670674e-01	   1.1918193760619807e-01	   7.3099989251827491e-01	   6.5738513800070697e-01	   3.4567455636455946e-01	   3.2052877568329563e-01	   6.6110108847317672e-01	   7.2445105662667242e-01	   5.1908351901701633e-01	   3.8189556103260530e-01	   2.3652169289564018e-01	   4.1865036405161937e-01	   7.7064116012937403e-02	   2.0303029663856051e-01	   6.5268831678254913e-01	   5.8531865787202386e-01	   5.8886076807831089e-01	   4.8225300277621341e-01	   3.3240776645360459e-01	   3.2582855315630394e-01	   3.7843801390654275e-01	   4.3273482695041376e-01	  -3.3399829119724167e-02	   2.6027810925075945e-01	   7.0139198372829906e-02	   3.9227983505091069e-01	  -1.1882832909878251e-01	  -8.5699818032944422e-03	   5.5888852213166385e-01	   5.4964719426535524e-01	   3.0261873871989198e-01	   2.0456583606751877e-01	  -4.9205406775205844e-02	  -2.2313514365065273e-01	
   3.3970016436449307e-01	   2.6489469652142505e-01	   5.6265844322652225e-01	   4.2996789376651479e-01	   7.0748782286214740e-01	   4.3987263655869402e-01	   7.5326848957121073e-01	   6.0310684949219717e-01	   0.0000000000000000e+00	   5.6808374488207558e-01	   4.9124157149353037e-01	   3.9478517143712455e-01	   5.1618642975054529e-01	   5.7021628944978742e-01	   4.4723245516432975e-01	   4.0532891284915606e-01	   3.0495723674700076e-01	   8.5431552420819484e-03	   2.6248330277245835e-01	   1.4448858208352364e-01	   2.6362870655086063e-01	   1.2338295543478500e-01	   3.3944951742197393e-01	   3.3838771580284716e-01	   1.0196375820392750e-01	   1.9896338692562759e-01	   1.6475569331601775e-01	   9.7841112690974452e-02	   3.1573067055215798e-01	   1.9658597457746141e-01	   1.3973922494612323e-01	   9.2922114283907620e-02	   3.1566386840104366e-01	   3.3527601269845397e-01	   2.5500779308576338e-01	   2.6115864303712222e-01	   3.2724828774933845e-01	   2.3086800580522160e-01	   4.3898124763871565e-01	   2.3761139751761942e-01	   2.2375626532865106e-01	   1.4540173736364234e-01	   4.4793689661295416e-01	   4.9527906147515988e-01	   3.9810820999988383e-01	   4.1120798638421152e-01	   6.0349742440883558e-01	   5.3049503844038914e-01	   5.5775138335656504e-01	   5.6298524844038300e-01	   6.7857084669406642e-01	   7.2674065681453826e-01	   4.9158376468760112e-01	   3.6600770981083203e-01	   4.5320414502277173e-01	   4.5110188841722187e-01	   1.3022343272990028e-01	   1.7102071415834066e-01	   5.7102361674596169e-01	   6.4937577811332481e-01	   4.6701675379640317e-01	   5.8915690660111908e-01	   3.9214156039008496e-01	   1.7396316684522831e-01	   2.3007795765322647e-01	   2.4571433949511495e-01	   2.6878618229506057e-01	   3.2924305541180632e-01	   7.7196663718174768e-02	   3.1537681945573187e-02	   2.5902337111554319e-01	   4.8947178004339620e-02	   3.1704172622346455e-01	   2.9172431272940436e-01	   3.1109408016110207e-01	   3.4918263687496598e-01	   1.3598968722652621e-01	   3.4426975324730102e-02	   1.7191537941878243e-01	   8.7464332027168371e-02	   1.2597618049735526e-01	   1.4518503276001579e-01	   1.7800597611246061e-01	   9.9603303245104621e-02	   4.0172811670208608e-01	   3.9596273418679784e-01	   2.3380707372133269e-01	   9.3497163421773138e-02	   4.8468752337385301e-01	   4.8272398180938197e-01	   1.8572051780829507e-01	   2.7548084130284456e-01	   4.1149641733579670e-02	   1.4914606729425151e-01	  -2.8417605841183448e-02	   1.8436964792024332e-01	   4.1689203282573378e-01	   3.5706195566730281e-01	   3.1020026436507481e-01	   2.4332674047106689e-01	   1.3127468844905010e-01	   4.8753418285677592e-02	   1.5532289501075625e-01	   1.7042050492904012e-01	  -2.4842310324499561e-01	   4.7616521257321298e-02	  -2.0192633388360571e-02	   7.2908611492321904e-02	   1.2158571238448716e-01	   2.4331385233965561e-01	   3.9470554905366056e-01	   3.8772547333544399e-01	   2.8923044087405708e-01	   9.4122565954803880e-02	   7.1868587849469980e-03	  -5.0566490755333746e-02	
   3.5620029328294700e-01	   1.6381434696536307e-01	   7.3850357845519587e-01	   4.5759532573073952e-01	   6.2755760145403439e-01	   8.0431318074810176e-01	   6.9776202486302608e-01	   5.7230384208637242e-01	   5.6808374488207558e-01	   0.0000000000000000e+00	   4.4410365109117200e-01	   3.3616230496469757e-01	   4.3791953828191804e-01	   5.9553871952879800e-01	   4.0683648517708454e-01	   5.0993994821031041e-01	   2.5675671633700253e-01	   1.3389761815416974e-02	   1.1106930330112769e-01	  -4.3082852587976459e-03	   4.5120907524087023e-01	   4.4662709020861829e-01	   5.6265035135895602e-01	   5.3293263038023131e-01	   4.2336634210418117e-01	   6.1414322956293188e-01	   7.3875913434645460e-02	   1.0407497857680789e-01	   3.8268910167386067e-01	   2.6598064159080620e-01	   4.0922019198584297e-01	   4.3302738092927512e-01	   3.4269788949542984e-01	   2.6834020724151397e-01	   2.7859216118928259e-01	   3.3957624986872864e-01	   2.1305558015067994e-01	   5.6686846330603363e-02	   2.3915328594254065e-01	   6.7185023066840086e-02	   1.1430572538643512e-01	   1.1412796106648819e-01	   2.7623111530634625e-01	   3.1837899804361297e-01	   1.2396622841105556e-01	   1.7788613962462355e-01	   3.7752524351922861e-01	   4.8315976400776228e-01	   2.4199511601799031e-01	   4.0429380197974579e-01	   4.8528009630168906e-01	   5.2662435390585471e-01	   4.7323333238269277e-01	   6.0014456269432748e-01	   3.0624864060590923e-01	   2.7745357723180292e-01	   1.4732201719842686e-01	   1.0524075192240397e-01	   3.3640771465157365e-01	   4.6443734073347454e-01	   4.3617131610277105e-01	   5.1180744012821633e-01	   1.1678140002165317e-01	   1.7124616214183244e-01	   2.2471681647322891e-01	   2.7647695302119601e-01	   2.0073955274959226e-01	   2.4646181438142936e-01	   6.5456017144057063e-02	   4.8353659568167616e-03	   3.8869341124602752e-01	   2.4071489892309259e-01	   4.7174959757375684e-01	   5.3955434679987169e-01	   4.5347923526440809e-01	   5.2029797414979950e-01	   3.1285914207605775e-01	   2.7670945117487777e-01	   2.2921207838816404e-01	   2.6325498308787942e-01	   2.5611061530242618e-01	   3.0382546635901952e-01	   2.6416638781497559e-01	   7.2977956332551594e-02	   4.2047049236156858e-01	   5.5778951704202007e-01	   2.3101859911530881e-02	  -7.0580146918944237e-02	   4.9455840949984797e-01	   4.8602520305667352e-01	   2.2559867496502251e-01	   3.0527300638188282e-01	   1.5722378347225816e-01	   3.2704594889127636e-01	   1.4480375026656472e-01	   3.1890729925581518e-01	   4.6402941801458464e-01	   3.3864559079122764e-01	   3.4395747734777310e-01	   3.1608739553981191e-01	   2.5148882340032269e-01	   1.9689236088392711e-01	   3.2071048634871835e-01	   2.1559649288873653e-01	  -2.9118445186158154e-01	  -4.5834152465565978e-02	  -2.3651022176447528e-01	   2.6712715388028363e-01	   1.8071012761665228e-01	   3.0681475018215870e-01	   4.7917277408660763e-01	   3.4266415423302399e-01	   3.4346183293529953e-01	   6.0561063754070624e-02	  -1.2437930111577523e-01	  -1.8002822298377763e-01	
   7.0418093268526682e-01	   4.0915559166939075e-01	   6.2746349436468773e-01	   1.1953409233137516e-01	   4.8241667245662734e-01	   3.7410218404234563e-01	   1.0108652295287128e+00	   4.8041009678703339e-01	   4.9124157149353037e-01	   4.4410365109117200e-01	   0.0000000000000000e+00	   9.4156975116223163e-01	   1.3049850688205620e+00	   8.3628953733902345e-01	   8.0941912878654687e-01	   6.0168543511464245e-01	   7.6372774201916493e-01	   5.6415017424757630e-01	   2.8141707212814648e-01	   6.1398386561790273e-02	   5.7057933677762729e-01	   4.1302920299463519e-01	   2.8643442649092687e-01	   1.5837672463856134e-01	   3.0784556589576778e-01	   4.3036120726889532e-01	   3.2963300130620643e-01	   3.4658415837407819e-01	   1.1554055305526951e+00	   8.5356442270774913e-01	   5.4413256708678559e-01	   4.7040906529426652e-01	   3.9542623934791465e-01	   5.2315166726865403e-01	  -2.0968722283164452e-02	  -3.9932838811793589e-02	   7.4799938896810325e-01	   3.5274258289743537e-01	   8.0012216047486628e-01	   5.1588848857091851e-01	   6.9306285635517673e-01	   4.4444675659642363e-01	   1.9845765387828751e-01	   3.1224054422356179e-01	   1.5865317255620770e-01	   2.2401390074774608e-01	   4.1573849360671067e-01	   4.5344940766913711e-01	   2.7411141784659510e-01	   3.1974391683444986e-01	   5.1935131536744183e-01	   4.6146744305782461e-01	   5.1680827615267477e-01	   5.3031092107006783e-01	   5.2722896312658785e-01	   3.8477504801325713e-01	   2.4440262667496071e-01	   2.3687027506457975e-01	   3.5008308257960657e-01	   5.0292184688252306e-01	   2.6242682175057697e-01	   3.3743345100709848e-01	   5.0884928754434744e-01	   5.9675655601505362e-01	   9.8429800106545007e-02	   1.4592274190115839e-02	   1.6828237019625705e-01	   1.7610376958350354e-01	   1.8851930078618809e-01	   5.6919004257854774e-02	   3.3842053507594966e-01	   1.3416281830122914e-01	   6.4137984068245046e-01	   5.3782886140244690e-01	   5.6198241933312687e-01	   4.8776459196302646e-01	   3.2597084199316578e-01	   1.3469332585460436e-01	   4.3613521068594446e-01	   5.3231043722415361e-01	   6.8525338305603867e-01	   6.5934940588912605e-01	   5.8103859506380773e-01	   4.2911384439189043e-01	   4.8018580592380866e-01	   4.7252391491763812e-01	   1.7884506557930613e-01	   1.5992508296722277e-01	   3.3178133143765925e-01	   3.8196535526498476e-01	   5.6445758231156808e-02	   1.3738369392743960e-01	  -1.1579637606471103e-01	   1.5460600016110793e-01	   1.8888289602074293e-01	   4.2777669754142356e-01	   5.0234740113303167e-01	   4.0349085304304205e-01	   3.1928645308535397e-01	   1.9940221627417987e-01	   2.1761164802571745e-01	   1.9087607128466033e-01	   2.4271618186043556e-01	   2.1672029476191135e-01	  -3.9365188376420823e-01	  -3.2055919773595003e-02	  -2.9835524513756811e-01	   2.0217085705590906e-01	   1.4120537515283579e-01	   4.0298320614596450e-01	   4.0808050539267343e-01	   4.4757791410398762e-01	   3.6131041883058368e-01	   1.0901613296721707e-01	  -4.3886810913183000e-02	  -7.5795146190771323e-02	
   8.8326337712035596e-01	   5.5040346982473021e-01	   3.3150680156877083e-01	   8.4224314917585086e-02	   3.5222452710932481e-02	   3.5143798769743752e-02	   6.2270687123685275e-01	   4.5530361058321639e-01	   3.9478517143712455e-01	   3.3616230496469757e-01	   9.4156975116223163e-01	   0.0000000000000000e+00	   6.1535486919512772e-01	   9.4223094945811603e-01	   3.6950419357655062e-01	   4.5258456002896663e-01	   6.8094420403842182e-01	   6.8039024615006793e-01	   1.5280237366963831e-01	   1.0839741331449338e-02	   5.1757718348323400e-01	   3.7678087118268905e-01	   1.9545176099613110e-01	   2.3780966677318749e-01	   7.8061405768085124e-02	   1.8350766266116364e-01	  -2.1525642615461409e-02	  -2.7126226847699445e-02	   8.9095504624083954e-01	   8.4979869939646080e-01	   4.6643350425777574e-01	   4.2249677565875959e-01	   3.1257256628402996e-01	   5.0689963010131112e-01	  -8.7848196007350707e-02	  -6.1930090232566841e-02	   6.0363352755701805e-01	   1.5297606914597897e-01	   6.0687488912124554e-01	   3.6789140217659599e-01	   4.8658620694159938e-01	   3.4518930715469515e-01	   2.0019106194337682e-01	   2.8516197837238061e-01	   1.0194730428066170e-01	   2.1544567233370501e-01	   3.6163746100649585e-01	   4.0057313572693237e-01	   3.8855057819142463e-01	   2.9676851595426401e-01	   5.5584672829446791e-01	   4.1520470287187355e-01	   4.4766597304236383e-01	   3.2574784333667717e-01	   3.3995825384446532e-01	   1.6723363991952639e-01	   3.3321551280235545e-01	   3.5717476915910823e-01	   2.5042389094684725e-01	   4.6368602967764305e-01	   2.8246000107387326e-01	   3.8314899037707073e-01	   5.7390379851114859e-01	   7.0111878106324754e-01	  -7.7876232385543143e-02	  -6.0984399489369151e-02	  -1.1537864974278719e-01	  -2.7541575452823285e-02	   3.2175138882315268e-02	  -1.0807137039884814e-01	   2.0348293475712864e-01	   3.1780475415287189e-02	   5.1105666090512669e-01	   4.6409399583781558e-01	   5.9809654946125657e-01	   3.6673470373549549e-01	   1.6237347819492623e-01	   6.5330618370565655e-02	   4.4649358863529959e-01	   5.0778624479913925e-01	   6.3045972850414733e-01	   5.0203809556439349e-01	   4.2131175453970571e-01	   5.7350117268549050e-01	   2.8742415722231673e-01	   2.0196768486155170e-01	   1.3659024070264195e-01	   1.2227167530421328e-01	   1.3474000397730571e-01	   9.5658953621759649e-02	  -2.1622902871049163e-01	  -8.2307053655665346e-02	  -3.5325338834434500e-01	  -1.0555153342498994e-01	   2.4773359815542309e-01	   8.4973863134204408e-02	   3.1886448299299874e-01	   2.6508701606247675e-01	   1.4896244131494667e-02	  -3.0476118913545541e-02	  -4.8558066519357276e-02	  -4.3102583744100195e-03	  -1.2700772046929827e-03	  -2.4471283239288024e-03	  -4.7478018645481057e-01	  -1.2133196532646236e-01	  -1.9668072054620961e-01	   9.0237990551296217e-04	   1.7133631786843376e-01	   4.5556094873782788e-01	   2.4255588586419469e-01	   3.4314853762537006e-01	   1.1465266739436791e-01	  -9.0446161191672883e-02	  -1.3972584731240972e-01	  -4.4211267945428588e-02	
   5.1578123535810838e-01	   3.0891484785938061e-01	   7.2478132369833126e-01	   2.7529338908673828e-01	   5.7973116156783189e-01	   5.5593347039661156e-01	   9.2120375245530650e-01	   5.6545205461559300e-01	   5.1618642975054529e-01	   4.3791953828191804e-01	   1.3049850688205620e+00	   6.1535486919512772e-01	   0.0000000000000000e+00	   1.0195151209687265e+00	   1.4335587317515472e+00	   1.0118949592511952e+00	   6.4303492111547733e-01	   4.0453062726590072e-01	   4.1394164923028443e-01	   2.2443786427762372e-01	   7.0469531437979960e-01	   5.4341414559559165e-01	   5.2448133975946676e-01	   3.1484844580647053e-01	   5.2186094531185134e-01	   5.5747272979234685e-01	   6.1324863030725152e-01	   6.3140113926238439e-01	   1.0739580222842777e+00	   8.0290562900870688e-01	   6.2674018329270353e-01	   5.0531886833913298e-01	   4.5604001883121770e-01	   5.7393884967946662e-01	   1.7462822825580632e-01	   1.6732761781958289e-01	   8.8049221644237008e-01	   6.6795710167887623e-01	   9.6948254254309940e-01	   8.4742067613786876e-01	   9.5984661202569033e-01	   6.3578073475270924e-01	   4.5760074410080304e-01	   5.8165283203658180e-01	   4.2238304380072600e-01	   4.6998173989039327e-01	   7.3341864041838989e-01	   7.2466163305873443e-01	   4.5309279302924937e-01	   5.4695489410658016e-01	   7.7413386625205571e-01	   6.9428491080257360e-01	   7.3340147599025207e-01	   7.1761190493293736e-01	   9.5195056011527968e-01	   7.9269361331488619e-01	   1.8053581876822322e-01	   1.6998390665563129e-01	   4.9042202281818703e-01	   5.7144948334785928e-01	   1.6538440014598010e-01	   2.5252691423536316e-01	   3.5527409529821824e-01	   4.0674334794196298e-01	   1.8748656947252354e-01	   1.2538869038550695e-02	   3.8436592351085536e-01	   3.8549608121942280e-01	   2.9349897463876151e-01	   2.9580776546586618e-01	   3.8906241628347665e-01	   1.0858297117312767e-01	   7.3599249124613708e-01	   5.8581958121119071e-01	   6.0505189699269024e-01	   5.9800638707050791e-01	   4.4067133701317096e-01	   1.5920356671453842e-01	   4.4060727599705268e-01	   5.6701582665420436e-01	   7.0368017858119225e-01	   7.5430282446485220e-01	   7.4288044120339325e-01	   4.5825007421365838e-01	   7.5424795198835148e-01	   6.7904673655540060e-01	   4.1835957500407406e-01	   3.9121429283699333e-01	   5.7384833947306724e-01	   6.8705382803597781e-01	   3.0907274546000296e-01	   2.8302813853843756e-01	  -6.7626210625980177e-02	   2.0636245284374541e-01	   2.0310061653888406e-01	   5.0708527190878572e-01	   7.9149563266345657e-01	   6.7021244426495752e-01	   6.3148866024660233e-01	   5.1507875211646192e-01	   2.7277109864597160e-01	   1.8782696974679844e-01	   3.5052388859559724e-01	   3.6612430040132471e-01	  -3.1618032247257744e-01	   4.3543605902489194e-02	  -1.1779191141548781e-01	   2.4354523933639788e-01	  -1.8466933594120903e-02	   2.7880735750783109e-01	   6.4390611692001842e-01	   6.2233247775183032e-01	   4.4623554873841448e-01	   2.0575355575254603e-01	   2.8411052324767056e-02	  -1.8699955593552356e-01	
