   0.0000000000000000e+00	   7.0138985091503459e-01	   6.1836779492910043e-01	   3.0125093751597193e-01	   1.9135674476001682e-01	   5.4101042558754497e-01	   5.5479245748151707e-01	   3.4813799787814748e-01	   3.8735786094640134e-01	   3.7007501682524591e-01	   1.1298196948046471e+00	   5.9002002802152909e-01	   8.1749030249859156e-01	   5.1429981367343347e-01	   8.4786814621180007e-01	   5.4445836851532636e-01	   5.0028305037310683e-01	   6.2376484638688823e-01	   9.7020546418449738e-01	   8.1383059099422150e-01	   4.8895984741468340e-01	   5.9092223817656975e-01	   4.0003872450110001e-01	   3.0454666854388579e-01	   5.0209236287290060e-01	   3.4482637581054826e-01	   4.2442207000066107e-01	   5.7414801289419304e-01	   6.9991126000223824e-01	   5.7549428927565727e-01	   3.9414076212502036e-01	   2.4539312250836415e-01	   7.7450970460676727e-01	   5.3222470311573566e-01	   2.5230398548157001e-01	   3.8435367869822629e-01	   8.4767262366858831e-01	   9.2958678232228309e-01	   4.6869371558283651e-01	   6.2692744475944007e-01	   5.7263847657629230e-01	   7.4541351082988727e-01	   5.9477407534871585e-01	   6.5528671751965906e-01	   6.4152796019815483e-01	   6.5503420805345536e-01	   6.2041006384112618e-01	   6.4485641007169414e-01	   5.6186751918962807e-01	   5.6709259103376342e-01	   7.4260168534680637e-01	   4.8662270797812723e-01	   7.9414394599740068e-01	   4.8861593780242008e-01	   7.3446146549889724e-01	   6.0631857677751022e-01	   1.0100622639975012e+00	   8.8913034290061543e-01	   5.7373670492466788e-01	   2.2000909376156222e-01	   9.4666020534355577e-01	   3.9143472550683767e-01	   6.5276658328607184e-01	   4.0971402997152695e-01	   1.4681295959554708e-01	   1.0047517932653913e-01	   4.6973460257571370e-01	   5.4757703261203705e-01	   7.7935761162923944e-01	   6.8921343667542889e-01	   4.9257865484444652e-01	   4.9392371992702028e-01	   5.0071629849979227e-01	   5.4083073384796054e-01	   7.5492553580083022e-01	   6.7880167277459214e-01	   9.6715841216317322e-01	   7.8272026006605311e-01	   7.3048297335037704e-01	   8.7076025742043550e-01	   5.9301020787081393e-01	   8.2276932285226223e-01	   7.6867413938766238e-01	   7.6275900506317151e-01	   7.7574458057706497e-01	   7.2802167528715112e-01	   6.3394939179950748e-03	   1.3404972922865221e-01	   7.4235174737450760e-01	   8.7093559746299376e-01	   6.7629902932009089e-01	   7.1725299281100630e-01	   3.9072932615786204e-01	   5.9146590740531202e-01	  -2.4336792104812366e-01	  -8.1279583652737575e-02	   5.3219757635250031e-01	   4.9703261865425807e-01	   7.0268308528198842e-01	   8.3895233629936161e-01	   3.8265915008835871e-01	   7.3900739665426529e-01	   5.1788439008101428e-01	   5.4721130783243865e-01	   4.7862695704927327e-01	   3.1545368355535741e-01	   2.1175100930114241e-01	   2.7824602275290750e-01	  -2.9796886640060711e-02	   5.8968638139822005e-01	   7.6820450644724780e-01	   9.0989024822852027e-01	   7.8779351634028316e-01	   5.8716259241888757e-01	   1.9945586152413347e-01	  -2.5618148572594879e-01	
   7.0138985091503459e-01	   0.0000000000000000e+00	   1.2628998252000204e-01	   4.1147830973533334e-01	   2.8590210334999611e-01	   8.2317875192306356e-01	   1.8901130922763850e-03	   3.7881366291615082e-01	   1.1684158977737256e-01	   5.7332306730434923e-01	   3.6919477259642119e-01	   9.8076830985518504e-01	   2.5765899064627545e-01	   8.3619847498697175e-01	   3.4551543837162857e-01	   6.9783000287151964e-01	   7.1434213245174272e-01	   6.9894711511233198e-01	   4.2055970131432813e-01	   8.8065171977274581e-01	   3.4704973875394385e-01	   5.7854259530749541e-01	   7.2665202547276070e-02	   1.4251348478619669e-01	   1.9148074229374962e-01	   1.1285797510270185e-01	   2.1630066558234798e-01	   4.7444589808687593e-01	   6.6937387479932553e-01	   9.5305932051827980e-01	   1.5260611898891302e-01	   1.1577375036909182e-01	   6.7081750058575040e-01	   5.4468561034636154e-01	  -1.1404820202367238e-01	  -4.4803387198922622e-02	   2.9490668809457110e-01	   6.7813725686934589e-01	   1.4376848196120467e-01	   4.9754691035197707e-01	   3.7055191351238137e-01	   7.6311677769132458e-01	   5.7391486162524952e-01	   6.9089592382428566e-01	   6.2008174463946886e-01	   8.3522745519842823e-01	   6.9438324215014058e-01	   7.3632008872889509e-01	   7.9232326022314703e-01	   8.2972553525839265e-01	   8.6707982284299989e-01	   8.3747387744545287e-01	   9.6653024362771456e-01	   8.6534338863753479e-01	   7.9227121481152885e-01	   8.7390976663791253e-01	   1.0771859059060491e+00	   1.0483411637221882e+00	   1.2369177037540864e-01	   3.8955979984287353e-01	   3.1078172808978771e-01	   6.1509802511394218e-01	   3.5334491710333249e-01	   6.2857119996240840e-01	  -2.3589480634696230e-01	  -1.4180143757410996e-01	  -3.9052503018201921e-02	   2.9412298100253176e-01	   7.4751536275208430e-01	   6.2314736841794860e-01	   6.2583739822135359e-02	   3.3850419902552065e-01	   6.9866135965350684e-01	   9.4213376033104856e-01	   7.6788878683829365e-01	   8.1200388966711146e-01	   6.3274407215472261e-01	   8.3369581976248353e-01	   6.3171996424143717e-01	   5.4361905498009233e-01	   6.0302410855726374e-01	   6.5937929515668392e-01	   6.8145115619307139e-01	   6.5810080452361719e-01	   2.2636544053263064e-01	   5.9403479958165861e-01	   7.0039627035231256e-02	   7.2884392726186339e-02	   2.7316306606040408e-01	   5.8584712064211697e-01	   4.8975601134616503e-01	   1.1192969007828581e-01	   2.3442894415009202e-01	  -1.0389513443348072e-01	  -1.1164576602051010e-01	   9.3550877563373269e-02	   5.5502602618477526e-01	   5.7263600768040035e-01	   8.9608909107283152e-01	   5.3017945849819148e-01	   6.9906318974437309e-01	   3.1082414371039393e-03	   8.5609276516582433e-01	   2.4151994852660702e-01	   7.6759652584723281e-01	  -7.0233037026929013e-02	   3.5159983026255220e-01	   2.3485420171175866e-01	   2.2184737901849319e-01	   3.8353831585902237e-01	   5.3527563657134858e-01	   7.6248176366381959e-01	   4.1931185601431425e-01	   7.6477628742119319e-01	   1.5410238203456098e-01	  -1.0323052960872317e-01	
   6.1836779492910043e-01	   1.2628998252000204e-01	   0.0000000000000000e+00	   2.7936911160401834e-01	   3.5785348578864340e-01	   1.4722169679159411e-01	   9.3134093453234956e-01	   2.1909821132346666e-01	   5.7998045225470762e-01	   1.4795107248797740e-01	   6.4258248154799313e-01	   1.3304825858739516e-01	   5.7389194489910322e-01	   2.7498273559572833e-02	   7.9502107979351067e-01	   2.7921190319114658e-01	   6.6946323498520047e-02	   4.1795953231260230e-02	   9.2506036689258264e-01	   3.6109178478694964e-01	   5.3773415731773833e-01	   2.5683111602402792e-01	   1.1250055267067105e+00	   5.4895090606979480e-01	   7.1733285519999768e-01	   5.0678182853560727e-01	   4.3257526136381402e-01	   3.4444395094463764e-01	   4.8688866195183722e-01	   2.2448866495187841e-01	   7.4408237616526751e-01	   5.7917502790635478e-01	   6.0657149498483021e-01	   4.1315950811089003e-01	   7.8435673922912519e-01	   6.3744710567187790e-01	   5.0412772726292343e-01	   4.3094134470688866e-01	   4.8434005630226468e-01	   2.0218229222195111e-01	   2.1243585169857143e-01	   1.2951397236618448e-01	   4.8529511196438957e-01	   4.3784544101280576e-01	   5.2742308861217024e-01	   3.4749954924883247e-01	   4.5358101734898287e-01	   4.0770814450502152e-01	   3.2378042202778323e-01	   2.8430876548251416e-01	   3.9764701187718726e-01	   2.4803530323349532e-01	   3.7250412723856408e-01	   2.5372413351758838e-01	   4.4877110847163665e-01	   3.3224828120382172e-01	   1.9853956064532977e-01	   2.2669086680143363e-01	   5.1365296920326153e-01	   2.6666520856624274e-02	   6.0410642352258415e-01	   7.9015468982803788e-02	   3.4022385867969818e-01	  -7.5891716726211450e-02	   7.7979742537868391e-01	   2.6226948935901306e-01	   8.9744115945851644e-01	   4.8513751654707205e-01	   3.3848721262470055e-01	   2.4498533911870299e-01	   6.3948896240790587e-01	   4.4353627985435545e-01	   2.2644816106459370e-01	   2.0468536738478879e-01	   3.3337807584135959e-01	   2.6330052330992998e-01	   6.7200861071548967e-01	   4.5409995458529662e-01	   3.6547190380780820e-01	   4.2969725197161202e-01	   1.4124415275395938e-01	   2.7974116470077026e-01	   6.2887552651346856e-01	   2.3858224960082880e-01	   9.4433059324435298e-01	   4.2201787336711383e-01	   2.3796061224697693e-01	   1.8167602554806639e-01	   7.6657921961864051e-01	   7.1851097083182891e-01	   5.0345784881555067e-01	   1.0859013640130635e+00	   2.6680332302308296e-01	   9.8881689972679043e-01	  -2.2799596865639479e-01	  -2.3015516981687870e-01	   3.0368575004382981e-01	   2.1035770665011336e-01	   3.3852072059282162e-01	   6.3843883282670477e-01	   2.7086938644148628e-02	   8.6548887748127590e-01	   1.9383765349109713e-01	   5.1518310180865856e-01	   2.2697733343737800e-01	   6.2353863705698553e-01	   3.6652121873680221e-02	   2.6358090859749422e-01	  -1.9678545965153629e-02	   4.2532016215900809e-01	   5.5754573392654616e-01	   3.9240842445276630e-01	   6.8021205658728123e-01	   3.8198471149353036e-01	   3.3697829050968225e-01	  -1.1041245952790120e-01	
   3.0125093751597193e-01	   4.1147830973533334e-01	   2.7936911160401834e-01	   0.0000000000000000e+00	   2.6967694951477811e-01	   4.5228446287458879e-01	   5.0986455373579664e-01	   1.1555830268728933e+00	   2.2469282739730034e-01	   5.0638464392272164e-01	   1.3024803553512601e-01	   7.0953976786423256e-01	   5.2438981677696485e-02	   4.5323674010535553e-01	   2.1658362222796129e-01	   8.2550921942118394e-01	   1.6818437687813850e-01	   2.3746527684628577e-01	   2.9973068844123446e-01	   6.3515345012692315e-01	   4.1682527874290015e-01	   5.7384112898443751e-01	   4.2444803129406494e-01	   7.5771834532129234e-01	   1.7647012069964976e-01	   4.9078307887454709e-01	   1.8520414821729847e-01	   4.7849733376731340e-01	   2.4439892369794081e-01	   4.8779957112183397e-01	   3.5980329292327295e-01	   6.3448873961874441e-01	   4.6189293315946006e-01	   6.4494464689198006e-01	   1.5324444860361175e-01	   2.7552284756480860e-01	   5.1313275874768673e-02	   3.5589213360285049e-01	   1.9433701370935719e-01	   3.7514179365056394e-01	   9.3067526777623977e-02	   2.4774642204042319e-01	   6.8804138670307949e-02	   1.2163563521084519e-01	   2.0266679721647052e-01	   2.6326284411200096e-01	   1.5516968753533955e-01	   1.7128780691504616e-01	   1.3954234351033815e-01	   2.4904914013113999e-01	   2.7879969334415206e-01	   2.4396591011978322e-01	   3.3915058216867494e-01	   3.9192070140691182e-01	   4.0008859944459418e-01	   2.6478907834507037e-01	   3.0102398443871259e-01	   8.7184635514509792e-02	   2.2769105271789936e-03	  -6.0196977471936822e-02	   1.2218521825098477e-01	   3.4540790701705126e-01	   1.7132838598748093e-01	   3.8988421756258390e-01	   2.6252240280917238e-01	   5.0267773862288567e-01	   2.8949170021222598e-01	   4.9502563930985760e-01	   5.0315864374621344e-01	   2.4323671229672428e-01	   1.8785603775414225e-01	   3.5705271842326175e-01	   3.3280135215276108e-01	   4.1407002548053995e-01	   3.4520746814940212e-01	   3.5013690189703822e-01	   2.5458400771620127e-01	   4.2657127969325304e-01	   3.0530009283095511e-01	   1.8392550462941076e-01	   1.5720387685804454e-01	   3.1486489812947033e-01	   4.1171047159362761e-01	   6.0098130649186965e-01	   3.8027723361651933e-01	   9.4647779333080873e-01	   1.4260792625469851e-01	   4.6498987018725868e-01	   3.5244702292501756e-01	   6.3339392987280518e-01	   7.5255313962317794e-01	   2.0400724538209319e-01	   9.8765994570372795e-01	   2.4321782755247801e-01	  -7.2228345495395904e-02	   6.1022956257079389e-02	   2.9168444047971753e-01	   1.9890259317982156e-01	   3.8956808779003016e-01	   1.3551501171565475e-01	   4.8313630988459477e-01	   2.4231337691886365e-01	   3.1273724465931979e-01	   5.6086287048580381e-02	   3.1959791469807203e-01	   1.2462426670155163e-01	   1.6748337299184565e-01	   4.6329345060608873e-02	   6.7699076859627810e-02	   2.7276221682336121e-01	   2.3301735494846398e-01	   3.7027463711679326e-01	   3.2084414597173377e-01	   2.6516257847905617e-01	   1.8625489158997779e-01	   2.2529696922838915e-01	
   1.9135674476001682e-01	   2.8590210334999611e-01	   3.5785348578864340e-01	   2.6967694951477811e-01	   0.0000000000000000e+00	   6.8019865763065568e-01	   2.5281815868156227e-01	   3.5122105139341780e-01	   7.5487821420726942e-01	   7.6448049534851492e-01	   1.8474354439604121e-01	   3.1105275721165954e-01	   2.3026456857112582e-01	   3.2483605945148392e-01	   3.7076117787712731e-01	   1.8064762200148168e-01	   1.1240741769156555e-01	   1.5592219752286968e-01	   2.7630967008645152e-01	   3.8808200626762085e-01	  -1.5700143349259086e-03	   1.4297009423794610e-02	   3.9706092401176801e-01	   2.1238952892353330e-01	   2.6530803221963639e-01	   1.8571541947142572e-01	   2.6804336436423826e-01	   3.1500060202254310e-01	   3.0659275151345988e-01	   3.0086010681762093e-01	   3.0364260170617907e-01	   2.8781818112305241e-01	   4.0409958292089337e-01	   4.1306498070711611e-01	   1.5372760167332064e-01	   1.3802231999251768e-01	  -1.7290349509521571e-02	   3.8884822985190533e-02	  -6.9461400190834674e-02	  -1.0589853335668897e-01	  -1.4427638131544046e-02	   5.5685709607318883e-02	   3.7615274857875475e-01	   4.0955770712893758e-01	   4.3445906920765698e-01	   4.5239959884983960e-01	   4.7103899850756842e-01	   4.7863999307401284e-01	   5.2161218443291157e-01	   5.8368966522479448e-01	   4.7368379173037267e-01	   5.6274757203741488e-01	   4.2404849872061290e-01	   4.1725739415331520e-01	   3.7659900495028387e-01	   3.9100180397509676e-01	   1.8713952369444939e-01	   2.3639213477758739e-01	   2.5293931376940959e-01	   3.4773591203419568e-01	   1.7059379058501850e-01	   3.7397188956343019e-01	   1.1355860475211366e-01	   2.9256457620075504e-01	   4.3489054585218900e-02	   7.0688212577833656e-02	   3.0265569884846344e-01	   4.0112886300436523e-01	   3.2796301093544433e-01	   4.5054911902028044e-01	   9.6290470819166349e-03	   2.4491690312918851e-03	   2.5282221401966781e-01	   3.5354471201854937e-01	   2.9369529471399258e-01	   3.3134548870153374e-01	   2.0601020680603388e-01	   2.4892907838661005e-01	   1.2044293721152105e-01	   3.4342281315062950e-02	   1.8982229571495104e-01	   4.5157421644522619e-02	   2.3081129305932924e-01	   7.4647582247922501e-03	   2.2270491563356681e-01	   1.2096438584520013e-01	  -1.2265938499498388e-01	  -4.3257682606927145e-01	   5.0446430023836440e-02	   2.5255649119383689e-01	   4.3306783616618227e-01	   4.3485859773955116e-01	   1.8338048346793195e-01	   1.5895788116389620e-01	  -3.5171496556404530e-01	  -5.1278280325346731e-02	   2.2259582130900299e-01	   2.1184029045078673e-01	   3.7225067322665450e-01	   3.9315930231363388e-01	   4.1514833462906198e-01	   1.6485812082380699e-01	   4.3332671199185746e-01	   3.1395926425282034e-01	   3.6042451301458583e-01	   1.7012617076602837e-01	   8.7419511701706559e-02	  -7.2822675987308533e-03	   6.9919693558111243e-02	   1.4269679992035017e-01	   2.6993713786738788e-01	   2.9299814662859530e-01	   3.7394958622755514e-01	   5.1858585703860394e-01	   2.7096294436626406e-01	   4.6117512797057808e-02	
   5.4101042558754497e-01	   8.2317875192306356e-01	   1.4722169679159411e-01	   4.5228446287458879e-01	   6.8019865763065568e-01	   0.0000000000000000e+00	   1.9571261538395873e-01	   6.1539920052676478e-01	   5.0907980795525531e-01	   1.0956819489702780e+00	   3.5905170484592436e-01	   8.3553280852877787e-01	   3.6998116319172175e-01	   9.6169429417409813e-01	   3.7926956524653072e-01	   6.2233526137823991e-01	   6.1554522298882819e-01	   6.9226754327132944e-01	   4.4994100735500675e-01	   7.5962007736852499e-01	   2.4497295255965695e-01	   5.5583177156634223e-01	   9.2594792915731583e-02	   1.2137086006356666e-01	   1.9014894099864912e-01	   2.0812834308546579e-01	   1.5022406684160713e-01	   7.5754717953714690e-01	   5.4232768462095127e-01	   7.7203541401800235e-01	   2.3916608480500398e-01	   2.0339538130491125e-01	   6.3753046595946328e-01	   6.1410661054533766e-01	  -7.3046236998394035e-02	   2.4090142303735407e-02	   3.0592816908754017e-01	   5.5993909744404102e-01	   8.7308444616977399e-02	   4.2547316867997159e-01	   2.2085077223561966e-01	   6.0617034952301652e-01	   5.7899647312887836e-01	   6.8683566654454309e-01	   6.2001722921442259e-01	   8.0602434538874357e-01	   6.9722649062407238e-01	   7.1692594141950516e-01	   7.0032759363484798e-01	   7.8826198631901401e-01	   7.4430247846819797e-01	   6.4752394595601204e-01	   6.5278199526321423e-01	   4.5886646485877308e-01	   6.1206418620717140e-01	   6.7701619110688371e-01	   7.4775095912253597e-01	   7.2722844327818637e-01	   4.0957048300248367e-01	   6.3031274576739782e-01	   4.1799002337461050e-01	   8.4002473095514540e-01	   4.4835558563249023e-01	   8.3939437690813046e-01	  -2.1003725594158312e-01	  -1.7356774309004605e-02	   1.8403026013312629e-01	   5.8858933497169263e-01	   7.7721403045867110e-01	   8.2410994955955930e-01	   9.6636387196742266e-02	   2.6165416572628730e-01	   5.9800611956556438e-01	   8.1943405714401585e-01	   6.1576750560942217e-01	   6.6826578443373919e-01	   5.2186733278414477e-01	   7.1037708186075676e-01	   5.2476396924509339e-01	   4.4096973102358394e-01	   6.6094355066513122e-01	   5.0458723900584102e-01	   4.2461227444362232e-01	   4.5829796920657107e-01	   2.4278774001416775e-01	   5.5077646389431423e-01	  -8.1353518574939346e-02	  -1.0795177467153365e-01	   3.4069762203464321e-01	   5.3403725657425594e-01	   6.3907622819758514e-01	   3.3916027710669677e-01	   3.1948169069349641e-01	   5.9243693831872279e-02	  -2.1696818718344549e-01	   1.0003147779827901e-02	   5.6056976626982058e-01	   5.7537077195276298e-01	   7.0454490184046581e-01	   5.9864662175095218e-01	   7.8656255579827061e-01	   2.8347965097812156e-01	   7.6508803862012043e-01	   4.8988297042308737e-01	   7.1136639247940725e-01	   1.2036785059006561e-01	   2.1728548489397745e-01	   3.2148911774654343e-01	   1.3632219575591445e-01	   3.8858134904217134e-01	   5.5463455417678942e-01	   6.5346843916380992e-01	   4.8661389952584400e-01	   6.7996878872108968e-01	   1.2516585525509147e-01	   6.6287966069898924e-02	
   5.5479245748151707e-01	   1.8901130922763850e-03	   9.3134093453234956e-01	   5.0986455373579664e-01	   2.5281815868156227e-01	   1.9571261538395873e-01	   0.0000000000000000e+00	   6.8812188655643092e-01	   7.2134027814262347e-01	   3.1458656595368500e-01	   5.9873513640035059e-01	   2.0932123482943857e-01	   5.3360558001713232e-01	   1.1508165467088753e-01	   5.9566347860802693e-01	   2.5518009133380370e-01	   1.1914070369085990e-01	   1.6433273125842307e-01	   5.2635238829450126e-01	   2.7298507282858347e-01	   3.7925761421852155e-01	   2.6966443131838458e-01	   5.7680765221866803e-01	   3.5735765129052927e-01	   3.5330816479269034e-01	   3.3793201642121756e-01	   3.1725201667824410e-01	   3.6171633532534836e-01	   2.4874724102945486e-01	   1.3405082111369410e-01	   4.4584455417033259e-01	   3.5671747447653968e-01	   5.0494845903741159e-01	   4.2510976705738307e-01	   5.1017811730403073e-01	   4.7681677322113741e-01	   4.0295276654954093e-01	   3.5624337440295234e-01	   3.0052108269351241e-01	   2.0650843453037901e-01	   1.0269522276705090e-01	   9.4519180406192088e-02	   1.8425666820423095e-01	   1.6351473993759494e-01	   2.4646799643035749e-01	   9.0433098905463527e-02	   1.2386089926780548e-01	   9.6269814148464777e-02	   2.2630890929222478e-03	   1.8786723563665826e-03	   1.3064985232781298e-01	  -8.6800487602114493e-02	   8.4784282986826290e-02	  -6.6138131228721878e-03	   1.3433036265329582e-01	  -1.3107263560305419e-02	   1.2376270016583954e-01	   1.0535767996115039e-01	   6.5992983315568055e-01	   2.5716728863316999e-02	   7.8961262243018826e-01	   2.6868777489232870e-01	   6.0124828692330312e-01	   2.6916146046320427e-01	   7.2561119811655772e-01	   6.5044124642004486e-01	   9.9398655442343964e-01	   6.3655905149251957e-01	   2.8298531774344515e-01	   2.5374921992572286e-01	   4.8789701760035942e-01	   2.6839641343971937e-01	   9.6250394829937747e-02	   6.3867836000375239e-02	   1.9908873467090291e-01	   1.6109817944084159e-01	   3.9256139123663736e-01	   3.2230997628040153e-01	   2.7840549215377691e-01	   3.6999132378478661e-01	   1.3837087378171653e-01	   2.7799512151304417e-01	   2.4680524247678906e-01	   2.4057442910833010e-01	   6.8508119785591637e-01	   5.0256470641383466e-01	  -9.3232135939179756e-02	   2.2821345817870300e-01	   6.9612257208443074e-01	   5.7033010374950199e-01	   5.3114009425950170e-01	   8.2467603116612409e-01	   5.2105281015178384e-01	   9.3120480378179871e-01	  -1.9417304418314210e-01	  -2.3284908926411851e-01	   1.0738278760927258e-01	  -6.8742376722439689e-03	   1.4825648700563929e-01	   3.3079695010276156e-01	   1.5218292449923448e-01	   1.1929373465649291e+00	   1.3743143432865845e-01	   4.7754754744399264e-01	   4.0349745703473640e-02	   5.7667287617965413e-01	   8.7695398973346265e-03	   1.2433183359988201e-01	  -1.1265365447754033e-01	   2.5285234243185395e-01	   2.4593794533808871e-01	   2.8313929852090669e-01	   5.6696535142964866e-01	   1.3694484187364026e-01	   1.2410444501421390e-01	   1.3715098187939589e-01	
   3.4813799787814748e-01	   3.7881366291615082e-01	   2.1909821132346666e-01	   1.1555830268728933e+00	   3.5122105139341780e-01	   6.1539920052676478e-01	   6.8812188655643092e-01	   0.0000000000000000e+00	   4.9015264648083756e-01	   8.2425417286405267e-01	   2.7397574637853728e-01	   8.0827731320992591e-01	   2.5111648719507451e-01	   6.7545943887682725e-01	   2.7319765336046975e-01	   7.3241209967192311e-01	   3.0857132924612168e-01	   3.2052083862256092e-01	   2.0305521776577160e-01	   4.5011967090274740e-01	   3.9131725302403769e-01	   5.9026462118137768e-01	   1.9873360850054414e-01	   3.6011330465548558e-01	   6.3891525500449076e-02	   2.9278797535088907e-01	   2.4264924803419918e-01	   5.1251655259235263e-01	   2.5514791044019958e-01	   4.6987122664193182e-01	   2.4792047305190543e-01	   3.5060575619191253e-01	   4.7985833130631306e-01	   5.9378982414360637e-01	   1.1182689718605025e-01	   1.5986927947525981e-01	   1.8809280908609582e-01	   3.5692776047819252e-01	   1.1568519278976536e-01	   3.1110770113228392e-01	   1.9505619593851775e-02	   2.6220961856190927e-01	   8.2108577686920967e-02	   1.2724583189873095e-01	   1.8046498152631604e-01	   2.2980097296865687e-01	   1.2212242546267658e-01	   1.2252810526613434e-01	   1.1978668553815988e-01	   2.2863600466448375e-01	   2.9527410886724914e-01	   1.3778770515788225e-01	   2.3358289579463776e-01	   2.3637367605814691e-01	   2.2008120242605242e-01	   1.2792959333076587e-01	   3.0762694971975629e-01	   1.2938430695182393e-01	   2.8777240559717060e-01	   1.4718833799398909e-01	   3.9281585559255239e-01	   7.6027079933586506e-01	   4.6864191394295907e-01	   7.4912565370912410e-01	   2.1770809387209242e-01	   6.3683323900501609e-01	   3.8683295110765642e-01	   5.9585652606452533e-01	   4.4124188169832274e-01	   2.9603503561617445e-01	   1.8887262081564210e-01	   2.3678767090349850e-01	   3.0235410876098012e-01	   3.6563504772677741e-01	   3.4153394262077080e-01	   4.1780376543541364e-01	   2.3839066892460320e-01	   3.8517416418671468e-01	   4.0679859868632579e-01	   2.8457091905960369e-01	   3.3156390785664830e-01	   3.6462238146301595e-01	   2.9112894727739880e-01	   4.5647001592906383e-01	   3.3653434095030121e-01	   7.2336146728532458e-01	   5.3779309620593336e-03	   3.0064245634166353e-01	   4.0100158244917378e-01	   4.8302316959716085e-01	   6.0948370562427667e-01	   2.2353309971079263e-01	   7.7461761792576045e-01	   2.3972847551449553e-01	  -1.3970094261169066e-01	  -7.1978524799552634e-02	   1.8681855888310095e-01	   7.6096364969202732e-02	   2.6777693278098796e-01	   9.9084878518873640e-02	   5.1192440169035291e-01	   4.1822577338475359e-01	   3.2002724623946471e-01	   1.4523346585143321e-01	   2.4646861026505276e-01	   1.5919775099804093e-01	   4.8632028634574033e-02	   3.0053758184600307e-02	   4.3615242501125952e-02	   1.8226846088171375e-01	   1.3559038068913867e-01	   2.9428566893040869e-01	   3.0201526998110501e-01	   2.7764219945395519e-01	   1.7902247480083067e-01	   4.0207878833818289e-01	
   3.8735786094640134e-01	   1.1684158977737256e-01	   5.7998045225470762e-01	   2.2469282739730034e-01	   7.5487821420726942e-01	   5.0907980795525531e-01	   7.2134027814262347e-01	   4.9015264648083756e-01	   0.0000000000000000e+00	   6.8520225890422271e-01	   6.7118082761044395e-01	   2.6791707773799461e-01	   7.5911282006982406e-01	   3.3526664277915330e-01	   8.2864359277647570e-01	   2.3297152657906534e-01	   7.1908384208068221e-02	   1.2563317305256422e-01	   3.9393638643584294e-01	   1.9901275592813716e-01	   6.7439065350934357e-02	   3.5918527391584860e-02	   4.8194012426063854e-01	   1.5979204004156089e-01	   4.2855922460199891e-01	   2.7858877481321132e-01	   2.5835620575193730e-01	   2.8469990405688361e-01	   2.3851266069760932e-01	   9.8825559799955623e-02	   3.7294938044220638e-01	   1.9722708347924417e-01	   3.9789782904412579e-01	   3.4712891081291963e-01	   4.3292295652301377e-01	   4.0285607516384758e-01	   2.9628139882494187e-01	   2.3189465756006178e-01	   2.2146128467742399e-01	  -2.2260173847076577e-02	  -6.3897039901553071e-02	   1.4386010617007288e-02	   3.5808326353394065e-01	   4.1902834257104032e-01	   4.6460110372278351e-01	   3.6130193247555553e-01	   3.2683445896905844e-01	   3.5028867475752029e-01	   3.1671940807594384e-01	   3.8560833010876006e-01	   3.3785659300479953e-01	   2.7184562513974980e-01	   2.1434997044497217e-01	   1.6381170095571443e-01	   2.0780928150513631e-01	   1.1643610132372285e-01	   7.2284449621435654e-02	   1.7546128638733283e-01	   6.4872868652913640e-01	   2.1335068500509338e-01	   7.9599530945073160e-01	   5.5763106889806391e-01	   4.2498799996518460e-01	   2.9529714259702772e-01	   4.5192846739687093e-01	   5.2810452306903855e-01	   6.6895788160292524e-01	   5.1669461502008740e-01	   2.2222057857221458e-01	   3.0829151685294570e-01	   2.3240325333302578e-01	   2.2700441730233476e-02	   1.2521685090930065e-01	   1.3651179413943898e-01	   2.5067076703864682e-01	   2.0080136298244780e-01	   2.5084510302590513e-01	   1.8489909527587153e-01	   1.1382196437838109e-01	   1.9674287591784240e-01	   1.2857183973075720e-01	   9.8689323667823514e-02	   1.8907741257275182e-01	  -3.2014762030190914e-02	   5.3947807514353818e-01	   2.0342592845136098e-01	  -1.4318049541689160e-01	  -2.9050900898949972e-01	   5.0688963430158784e-01	   3.3833469861666571e-01	   3.6894669847632366e-01	   7.5419159669368929e-01	   2.5431377232400165e-01	   6.3170001649204854e-01	  -2.8331647310820834e-01	  -2.0473210115690968e-01	   1.1805517407931501e-01	   7.1240699925762443e-02	   1.6077680218869528e-01	   3.8050043482603152e-01	   2.1073704599373505e-01	   7.0035230259440751e-01	   1.9880080321573243e-01	   4.1054186435480805e-01	   1.2525621604495579e-01	   4.0385268187420420e-01	   6.6636256050251003e-02	   3.1027234859908187e-02	   2.6520613437379562e-02	   1.8201177491030035e-01	   2.5191930366680965e-01	   2.7197041650136178e-01	   5.9156761733523411e-01	   3.6887276831537308e-01	   2.7864633329598942e-01	   1.0674835068261804e-01	
   3.7007501682524591e-01	   5.7332306730434923e-01	   1.4795107248797740e-01	   5.0638464392272164e-01	   7.6448049534851492e-01	   1.0956819489702780e+00	   3.1458656595368500e-01	   8.2425417286405267e-01	   6.8520225890422271e-01	   0.0000000000000000e+00	   3.1805199125092853e-01	   7.7270926174941446e-01	   3.4467401336825082e-01	   7.8804108082674396e-01	   3.4614372798652326e-01	   5.5982989200557975e-01	   4.1218615209733234e-01	   4.8214143368425755e-01	   2.7933394531883415e-01	   5.1533827837751067e-01	   2.0972267427195437e-01	   4.3307333903923573e-01	   1.5905112203978627e-01	   1.5456184545755067e-01	   1.8104901821689204e-01	   2.0483952438058922e-01	   1.7808688238623738e-01	   5.2833789926936825e-01	   4.5102116648236446e-01	   6.0652615272767363e-01	   2.1739698948121020e-01	   2.0467068822627449e-01	   4.8790735083292236e-01	   5.7813526028624274e-01	  -1.6927238103386547e-02	   3.0924733565203321e-02	   1.1528686343196745e-01	   3.5932357744323801e-01	   1.7577376771249289e-03	   1.8884688584462445e-01	   1.0389284967260718e-02	   2.9549845098108174e-01	   4.0806797259201744e-01	   4.9453008627223172e-01	   4.7180709789820979e-01	   5.9505156096193046e-01	   5.3114996175415585e-01	   5.4807664422947910e-01	   5.6289962370994040e-01	   6.0439906022155354e-01	   5.9383399086573818e-01	   4.8593382157737808e-01	   4.5509940455208753e-01	   3.3706744898780044e-01	   4.5921032483081115e-01	   4.4563537246617835e-01	   4.6974589200426436e-01	   4.4608404596441753e-01	   3.9196209446336949e-01	   5.2047109139654280e-01	   4.0515778160495675e-01	   9.4456098460814719e-01	   5.0019228677385619e-01	   7.2665052257369289e-01	  -4.6093308915669623e-02	   2.1215083555931849e-01	   1.8553052683417248e-01	   4.7771502155579604e-01	   5.1309223997295628e-01	   6.1628979355545788e-01	   2.9122006971989200e-02	   1.0381839631387790e-01	   4.3312297390886967e-01	   5.8772977008839800e-01	   4.4303618016529667e-01	   5.5208839273522747e-01	   3.1114762611146485e-01	   4.2970698445540312e-01	   4.0149968818241388e-01	   3.2717069058880677e-01	   5.3620932573990998e-01	   3.3045825629842723e-01	   3.2502572522936191e-01	   2.8979018582758059e-01	   2.3088649283302520e-01	   3.7528340958449791e-01	  -1.2487235427313126e-01	  -1.2183607967664514e-01	   2.8571228284473149e-01	   4.0024293877556444e-01	   5.5350601993211168e-01	   3.4128575054275839e-01	   4.0324900560061294e-01	   8.2249526939231113e-02	  -1.7549007074891665e-01	  -1.4353892064783236e-01	   4.2293796588054317e-01	   3.5999774167184173e-01	   4.9767536343827501e-01	   4.2891247112071562e-01	   6.9331446724918966e-01	   2.7129536636272944e-01	   5.8484117518901946e-01	   4.0223383203379282e-01	   3.7559369732703318e-01	   8.8483745834557315e-02	   4.6087612076434366e-02	   2.2329790127383631e-01	   8.4206450994370768e-02	   1.8738233354339670e-01	   3.3029116087096627e-01	   4.6257377832735658e-01	   4.1053652172729216e-01	   6.0511386906498987e-01	   1.5378675535034803e-01	   1.4356989697993511e-01	
   1.1298196948046471e+00	   3.6919477259642119e-01	   6.4258248154799313e-01	   1.3024803553512601e-01	   1.8474354439604121e-01	   3.5905170484592436e-01	   5.9873513640035059e-01	   2.7397574637853728e-01	   6.7118082761044395e-01	   3.1805199125092853e-01	   0.0000000000000000e+00	   4.3588033271949672e-01	   1.3815671759232815e+00	   4.5183299475647343e-01	   1.2645167498582941e+00	   4.0801315116821352e-01	   3.8783124986203871e-01	   4.1052921949169430e-01	   7.6723306369679278e-01	   4.3972753032416267e-01	   2.1859941335246216e-01	   2.6539826284948942e-01	   4.3803614687711939e-01	   2.3430110824447781e-01	   4.1022484189681302e-01	   2.6003209041792719e-01	   3.4687790109340244e-01	   3.1594819511426780e-01	   5.3666520649813387e-01	   3.1854611581555115e-01	   2.7630525259304201e-01	   7.6411978608222061e-02	   5.2055042514278504e-01	   3.0358023869170447e-01	   4.0401542958905373e-01	   4.4004711103181254e-01	   7.4015624361604881e-01	   5.7179950087149212e-01	   4.5852141126368484e-01	   2.8927549790271068e-01	   2.5548515926604387e-01	   4.0185951649806007e-01	   3.7095908355256829e-01	   4.2733432898141194e-01	   4.2480825186705812e-01	   3.6596920641766473e-01	   3.6079344343792935e-01	   3.6002938749996505e-01	   3.4997653916754723e-01	   3.4370079130573211e-01	   4.6240209410049882e-01	   2.9000362951758513e-01	   4.5874511781405047e-01	   3.2174724442500019e-01	   3.8981587773153986e-01	   2.3381828594451953e-01	   4.7884292306756709e-01	   5.3939514721939308e-01	   5.6467333385200469e-01	   1.0636020458795432e-01	   1.2882697153803644e+00	   4.4936876158982186e-01	   7.0774749979198182e-01	   3.0340604078187883e-01	   3.4877565081948586e-01	   2.3722100621150194e-01	   5.1222019509412076e-01	   4.1314261873490110e-01	   4.0721427906278995e-01	   3.9484965559316226e-01	   4.7399793059679407e-01	   2.6196917128776886e-01	   2.4822223353803119e-01	   3.0423473026533593e-01	   4.9507631469309299e-01	   3.9298581806394961e-01	   5.9039194555801655e-01	   4.3004328188076735e-01	   4.5522278700729196e-01	   6.4290280772545749e-01	   3.9034419760234257e-01	   5.4104234926439432e-01	   5.7446035328899347e-01	   3.8299878261533582e-01	   8.9725500650331602e-01	   4.7030343560532351e-01	   2.9264541209345522e-02	   1.7799226718102315e-02	   8.5680966094855204e-01	   6.1131542584936471e-01	   4.5722268432468266e-01	   8.2615180201872640e-01	   3.1262919589058519e-01	   8.1614247415046703e-01	  -2.7058136980648484e-01	  -2.6150174280595900e-01	   1.9882592848907293e-01	   1.7513461239125178e-01	   3.8445640004829357e-01	   6.1307529636623947e-01	   2.1624323911626320e-01	   8.5022217567332670e-01	   3.9954289356188255e-01	   4.7557048268370694e-01	   2.1258803672082188e-01	   2.9313852058561241e-01	   6.7269439647931764e-02	   1.2792811864551512e-01	  -1.0749644143751307e-01	   3.7096732400647708e-01	   4.5132800503434495e-01	   6.5287367380255257e-01	   8.6811065220361561e-01	   5.3530820149333058e-01	   2.7915602661284544e-01	  -1.4140226444110185e-01	
   5.9002002802152909e-01	   9.8076830985518504e-01	   1.3304825858739516e-01	   7.0953976786423256e-01	   3.1105275721165954e-01	   8.3553280852877787e-01	   2.0932123482943857e-01	   8.0827731320992591e-01	   2.6791707773799461e-01	   7.7270926174941446e-01	   4.3588033271949672e-01	   0.0000000000000000e+00	   3.7066606890151066e-01	   1.2813879692679933e+00	   3.5705340890428805e-01	   1.1638724145305239e+00	   5.2482111304538692e-01	   5.2792649817406012e-01	   3.2415645223976491e-01	   7.8936180252275290e-01	   3.0659501184311977e-01	   5.8301571061442981e-01	   1.4252754957509409e-01	   3.7312435828753254e-01	   1.2142369065585502e-01	   1.8655033155173514e-01	   2.1548480611299126e-01	   5.8499844412082747e-01	   4.3946420860908314e-01	   7.2304223398214607e-01	   6.2222499330611393e-02	   1.4651047516271529e-01	   4.6729789709864811e-01	   4.9486372254723748e-01	   1.6433576949116735e-02	   7.8258235248754721e-02	   1.8224628618222150e-01	   4.8699534331252797e-01	   4.8410208238800635e-02	   2.6766505851962802e-01	   7.9960478292360512e-02	   4.5056467854098781e-01	   2.3279654098198416e-01	   3.0136446745249112e-01	   2.6910839298585909e-01	   4.5071790518661670e-01	   3.3996706400471988e-01	   3.5516053957443572e-01	   4.0032187454272133e-01	   5.4716459493493408e-01	   6.3053445929680818e-01	   5.3520970248609012e-01	   7.1421360067580764e-01	   6.4199487411790179e-01	   5.7373764173528174e-01	   4.2946611634071408e-01	   6.3642820470694828e-01	   5.6760239972730342e-01	   1.1331968892580330e-01	   1.6650136244161148e-01	   3.9583214087943730e-01	   7.8952951555864592e-01	   3.3183881756730543e-01	   6.6059042001735668e-01	  -2.2207823014241849e-02	   1.8184294283366784e-01	   7.1622448885258511e-02	   3.4245327350149091e-01	   6.4597079607119801e-01	   4.6392102227530918e-01	   1.2670042413859120e-01	   3.2854989129087564e-01	   4.9514434327163981e-01	   6.8661604475863491e-01	   5.7113481567437330e-01	   6.2776926180643522e-01	   4.8331706107186923e-01	   6.3012838336375931e-01	   6.8831742036978161e-01	   5.1971784794508102e-01	   4.9811100185394502e-01	   5.6997875360331862e-01	   4.4573324578023865e-01	   5.1180923746428220e-01	   3.9382644229722696e-01	   7.9078088403215419e-01	   7.5192051510956148e-02	   1.4522390989550377e-01	   4.5645523540905986e-01	   6.7044826682262137e-01	   6.3322010466311873e-01	   1.4109723969074200e-01	   6.1602825329674782e-01	   3.3735283528945136e-02	  -2.2410077102614270e-01	  -1.7001613119479936e-01	   3.5176542726223459e-01	   2.8325064340086181e-01	   5.7632958082163355e-01	   3.0136177318253649e-01	   7.1418263855709863e-01	   1.8917524912840891e-01	   5.4632494887948235e-01	   7.0123793856970665e-02	   4.5497859633610283e-01	  -1.1719045168103940e-02	   1.9380781131407648e-01	   1.2801090407014637e-01	   4.2702629234707218e-02	   2.9824190329981320e-01	   3.4892623470899575e-01	   5.6615609785086463e-01	   3.5303391407841445e-01	   6.1748551315121825e-01	   2.2298821189481510e-01	   5.7548929388038454e-02	
   8.1749030249859156e-01	   2.5765899064627545e-01	   5.7389194489910322e-01	   5.2438981677696485e-02	   2.3026456857112582e-01	   3.6998116319172175e-01	   5.3360558001713232e-01	   2.5111648719507451e-01	   7.5911282006982406e-01	   3.4467401336825082e-01	   1.3815671759232815e+00	   3.7066606890151066e-01	   0.0000000000000000e+00	   4.7460860316502951e-01	   1.2173070846728593e+00	   4.0336161247434049e-01	   2.1648122641110251e-01	   2.1185461354290328e-01	   4.9772830386055811e-01	   2.3357705234735304e-01	   1.4773708230144827e-01	   1.8712400430388990e-01	   4.0565079057783399e-01	   2.3941809934687563e-01	   4.5055992990507732e-01	   2.7637499760951656e-01	   2.8465689793687038e-01	   3.4229173074425023e-01	   2.7951253483174754e-01	   1.4098939701159816e-01	   1.7394053300165868e-01	   2.4228866750687819e-02	   3.5932351769166987e-01	   1.6328102572799758e-01	   4.8373903591588485e-01	   4.8017283326638488e-01	   6.0566793933442453e-01	   4.6573806827857722e-01	   3.3889053672402236e-01	   2.2382391699745019e-01	   6.2461485109912410e-02	   2.0970370538904987e-01	   3.3437759054142469e-01	   4.1058079130389336e-01	   3.9936751420068778e-01	   3.7519680942372480e-01	   3.2166463320089922e-01	   3.1781614527183699e-01	   3.7588236197526126e-01	   4.1215471872525239e-01	   5.2338191659625033e-01	   3.4283317259332879e-01	   3.9178820971970774e-01	   2.0226020389324173e-01	   3.5666508332354369e-01	   1.5713308113286259e-01	   3.0965584910340416e-01	   3.9103905215940771e-01	   6.7677953382809442e-01	   1.8742573400295029e-01	   1.3498364953429269e+00	   4.6663028583930416e-01	   5.5029833567651232e-01	   2.3755936628510077e-01	   4.4959167117754600e-01	   3.4903014699487611e-01	   5.5125454222056081e-01	   4.5067709478959556e-01	   2.9736614962410141e-01	   2.8507580525988707e-01	   4.0410738176631517e-01	   1.8535088424684160e-01	   1.1354654042295685e-01	   1.6493761166674670e-01	   3.2460784626397055e-01	   2.1550343886584375e-01	   4.9750770940542194e-01	   3.0187145515387975e-01	   3.1130953709351467e-01	   4.5307655367198374e-01	   2.1029549705277564e-01	   2.9923437284501014e-01	   4.0363481677066121e-01	   1.6421394252249877e-01	   7.4907721079172818e-01	   4.0618501427640952e-01	   3.5328806142942322e-02	  -3.6797909222061470e-02	   9.2876278427811199e-01	   6.2557974744944655e-01	   3.1753640734569788e-01	   7.2447180692268875e-01	   2.4235900237437630e-01	   6.9730363709823318e-01	  -2.9748100894901597e-01	  -3.2584224316050914e-01	   1.7170198684239446e-01	   1.4366325877909547e-01	   2.3644818953784763e-01	   4.0511390731445868e-01	   2.5985945231871599e-01	   8.5845910694609040e-01	   3.1221589992567589e-01	   3.5391336773543058e-01	   1.6320584156685625e-01	   3.6951008999453117e-01	   7.1433978809861562e-02	   3.9990257308936877e-02	  -1.1870285294873847e-01	   2.3197201753555396e-01	   4.0839605894007086e-01	   4.4445729199896150e-01	   7.0088860584935331e-01	   5.6824917046655699e-01	   2.6872813700802423e-01	  -7.1520003252804429e-02	
