   0.0000000000000000e+00	   1.3529593825647437e+00	   5.8384234380777444e-01	   1.2093163262780032e-01	   4.8647529029811371e-01	   3.9921499890633722e-01	   3.5942460654828773e-01	   1.7377454790212582e-01	   3.3801031044748009e-01	   2.0531452651979615e-01	   2.3389154586589153e-01	   2.9483083416551431e-01	   2.8365084306640514e-01	   2.0689917559252036e-01	   5.8326410557898956e-01	   4.4745469351916151e-01	   8.8811928845976862e-01	   7.9675287447733434e-01	   1.1079352333405232e+00	   1.0181680033661953e+00	   1.6939003444132816e-01	   2.3538964967801240e-01	   2.0644217927477362e-01	   1.0593327038780934e-01	   3.7954330220914528e-01	   1.0412995758642204e-02	   5.9130824791200476e-01	   5.6758454283565707e-01	   1.7390175374014483e-01	   1.5954108898117100e-01	  -1.2010612393681216e-01	  -1.4439376744693977e-01	   6.7475998159559025e-01	   6.0527494782857472e-01	   2.5809100241228466e-01	   4.4523347819456177e-01	   4.3065472980873543e-01	   4.1514629824373162e-01	   7.3915565419561013e-01	   3.4045074956161109e-01	   6.5749637162217678e-01	   6.1829205829894973e-01	   5.4975352659157384e-01	   5.5173374062368075e-01	   3.8437329618187727e-01	   3.8098650035661186e-01	   4.2536578072662967e-01	   5.9337799984898465e-01	   5.3229348141709654e-01	   3.6364888020070568e-01	   3.7868782244641280e-01	   2.7664900466272235e-01	   2.9340528456319526e-01	   2.5432861649715527e-01	   5.6565355049562394e-01	   5.5639240282516877e-01	   1.5096630739611527e+00	   1.2217518423073477e+00	   7.4266414719736240e-01	   4.7215094280210823e-01	   6.2822969244527915e-01	   3.8663168505545281e-01	   6.0192556579628809e-01	   7.7551724834823832e-01	   4.9695270178417505e-01	   2.5452340167387544e-01	   6.0578160300671591e-01	   5.9092688377674396e-01	   8.5254803158920367e-01	   8.2628054741448698e-01	  -2.4730881109287124e-02	   3.4007040221678518e-02	   5.6874068956057966e-01	   5.0063152193946114e-01	   5.5159911641319792e-01	   6.0138585309336545e-01	   6.7626840111150832e-01	   7.2073698734159231e-01	   4.2183786666394124e-01	   7.1641792253414227e-01	   7.0001308160006315e-01	   9.1395202212269366e-01	   6.7885567196680174e-01	   5.4248856350399477e-01	   7.8338068333328725e-01	   6.1571557356790640e-01	   7.0081483854575577e-01	   6.7849790076048211e-01	   8.5695225985505874e-01	   8.6306705713312182e-01	   2.1321118408465439e-01	   1.4808773465004563e-01	  -1.5794409738916165e-01	   6.9353091135644876e-02	   2.4460024394755908e-01	  -2.3866243424573476e-02	   6.9488224953687594e-01	   3.2036761745459075e-01	   6.5292944018446208e-01	   5.8836746118173255e-01	   1.0000686632748763e-01	   2.9951524452434497e-01	   4.8946191009456075e-01	   6.3640210414636755e-01	   4.7770918952338237e-01	   2.4214467178141108e-01	   7.6189308640815889e-01	   7.0770212212823660e-02	   2.3667302623232600e-01	   5.6214510945668228e-01	   8.2360803825246243e-01	   7.3859893203355365e-01	   5.6480416300336711e-01	   8.3080772784261081e-01	   4.5161762406993627e-01	   3.2858952618541931e-01	
   1.3529593825647437e+00	   0.0000000000000000e+00	   3.1863609933158654e-01	  -1.0724949050909158e-02	   3.7552951734320122e-01	   2.9774215218903621e-01	   1.6471338458960405e-01	   5.8391742654807448e-02	   2.2792952459444632e-01	   7.9105724202397004e-02	   9.3861888916840941e-02	   2.0424400652656985e-01	   1.7807782243858838e-01	   1.5931071037155764e-01	   4.3494783707674850e-01	   3.3261060674664739e-01	   9.6282589472596425e-01	   8.6557322478324661e-01	   9.9709586025397245e-01	   9.7479465354738881e-01	   1.9734546927737356e-01	   2.7751243205724230e-01	   6.4294787742255416e-02	   8.6698231194041880e-03	   2.9722689624004545e-01	  -6.1517658848621679e-03	   5.9977694182851016e-01	   6.7290133899235449e-01	   2.7005287729015914e-01	   2.6924729216622884e-01	  -7.6892838075470205e-02	  -8.9985476400952252e-02	   5.7061896011811719e-01	   5.5730694970510286e-01	   2.0078208541627962e-01	   3.5083782554610998e-01	   4.3671338429723361e-01	   4.4499651314755434e-01	   6.8714710607413243e-01	   4.3779471699164807e-01	   6.1364915672467046e-01	   4.9690935527618657e-01	   5.1248597846092625e-01	   6.4092333041449767e-01	   3.1759444530591879e-01	   4.6061892224094170e-01	   4.3356508830857665e-01	   6.5385544292307440e-01	   4.9242263191904601e-01	   3.2535346219346478e-01	   3.1082866158032296e-01	   2.3639621260542032e-01	   2.9377635092363480e-01	   2.2916869383507008e-01	   5.6488515954224794e-01	   6.2980016288922802e-01	   1.3389112162363248e+00	   1.5158477513038930e+00	   5.6975567515665582e-01	   4.2094361256807772e-01	   4.0043076585470627e-01	   2.9634353422617177e-01	   3.8416835683548056e-01	   6.2241735507267926e-01	   3.1405205573009642e-01	   1.4808413566279272e-01	   4.7386621808009977e-01	   5.1731761692759215e-01	   8.9993765907049905e-01	   9.0072708062820306e-01	  -5.3730862227026770e-02	  -3.9250072703206504e-02	   5.0976694226253927e-01	   5.5239044592342124e-01	   3.6018069403545949e-01	   4.8877396724361666e-01	   4.9526976158697966e-01	   6.0624747120265221e-01	   5.6728882704251338e-01	   8.7894394742180704e-01	   7.6408866069784698e-01	   1.0810882615962474e+00	   5.6369523064372529e-01	   4.8865629337353650e-01	   6.5962642638213265e-01	   5.9512859603859891e-01	   6.5512709232797983e-01	   6.9334811610465386e-01	   6.4372093751953907e-01	   7.1504470496633898e-01	   9.6745705132967624e-02	   1.9795135263387158e-02	  -1.4517539620175038e-01	  -1.4149505431937662e-02	   3.5513958145912294e-01	   8.3075158276987485e-02	   7.6984933304420400e-01	   4.4788529172881014e-01	   5.0863829670775718e-01	   4.1518809650554633e-01	   1.2890499575241934e-01	   1.4769908684890137e-01	   4.3319641571387696e-01	   3.8826222321134773e-01	   4.1117018256666771e-01	   2.1118534114591972e-01	   6.4683527537449736e-01	  -1.1593495533925011e-01	   1.7091118589419324e-01	   5.0317487412389217e-01	   6.7121647141836704e-01	   5.6275148486847493e-01	   4.4791116831537037e-01	   6.5197496265566379e-01	   3.6349990658384984e-01	   2.9836436940183658e-01	
   5.8384234380777444e-01	   3.1863609933158654e-01	   0.0000000000000000e+00	   7.3299684027455880e-01	   7.2670255094784419e-01	   5.8774793483119370e-01	   9.1011932654341665e-01	   4.3820118663174734e-01	   5.4157496663154658e-01	   2.9071830112297581e-01	   2.6510865186590554e-01	   9.1178330052487586e-02	   4.2666952806430936e-01	   1.1881360083938458e-01	   5.5883191699112111e-01	   3.1202316525416635e-01	   9.5854077242832542e-02	   1.2965315695777925e-02	   6.0103329591523713e-01	   6.0080917506222320e-01	   1.3625473000362315e-01	   1.4945255445311784e-01	   5.8334814522042511e-01	   4.5286455520549096e-01	   5.6898719214211813e-01	   3.3815403195894578e-01	   5.2453390457993621e-01	   5.0151362087694695e-01	  -1.8984545849061318e-01	  -2.4600305901893710e-01	  -2.9676927151751104e-02	  -9.7666724803668059e-02	   5.8047620483365270e-01	   4.8100602498227440e-01	   5.4164123044872658e-01	   6.4207190334149578e-01	   2.2975244773216669e-01	   3.2301541817291696e-01	   4.5057576684599016e-01	   1.5683388466055531e-01	   2.9974710720099784e-01	   3.9723857317051370e-01	   3.6104313312047409e-01	   2.2298094004884345e-01	   3.5072465822887777e-01	   1.8551803505110159e-01	   1.9495127433979167e-01	   2.2138144451559866e-01	   3.2752375120837823e-01	   2.4549583563710453e-01	   3.8598013293443251e-01	   3.8235333501844093e-01	   3.5735145661663373e-02	   1.2118961234706911e-01	   3.1039591850463577e-01	   2.7687518498169794e-01	   3.7390234184622384e-01	   3.3049247029580864e-01	   5.6866494993700434e-01	   3.4050538557536081e-01	   6.7308500657709602e-01	   3.4091287275880500e-01	   4.0892568015417935e-01	   4.4272508133297678e-01	   7.0489404231850050e-01	   4.4227797059569512e-01	   9.7576982459458383e-01	   7.8383453253078916e-01	   5.2932357536300489e-01	   5.0889683471566427e-01	   1.6936167106949326e-01	   2.7815696885948771e-01	   3.3917893504090973e-01	   9.9031800234951159e-02	   5.0692733542500990e-01	   3.0841066053489941e-01	   5.7993829536413510e-01	   4.2264609131119046e-01	  -1.6630848926506764e-01	  -3.8922449748392450e-02	   1.5343371221075780e-01	   2.1801353863656556e-01	   3.5288231447323370e-01	   2.7195304585868391e-01	   4.6074037745943514e-01	   4.7129896563559437e-01	   3.2448924567310083e-01	   2.7480101827215281e-01	   7.1304965903130180e-01	   6.3815935208752472e-01	   4.3173922556377375e-01	   3.8906102901053163e-01	   4.2478242090972840e-02	   3.3381628353434517e-01	   1.4929398176841888e-01	  -1.8110599199953686e-01	   4.2048560966960424e-01	   1.0989843326647264e-01	   3.9087625759477618e-01	   4.9758859632491131e-01	   1.4931412767304914e-02	   4.0407357570772845e-01	   3.2950934196521969e-01	   5.3075370185708859e-01	   3.2204191063473864e-01	   1.3916326129397186e-01	   5.7260576857537138e-01	   2.5521179804380167e-01	   2.4137228032493674e-01	   3.1927032693075319e-01	   6.5932353083454209e-01	   4.9646447924463999e-01	   2.4949509156084893e-01	   3.6491586628512179e-01	   1.8991209039037388e-01	   8.3335888486472318e-02	
   1.2093163262780032e-01	  -1.0724949050909158e-02	   7.3299684027455880e-01	   0.0000000000000000e+00	   4.9572109508214551e-01	   7.8071268156962559e-01	   5.1820179001051780e-01	   6.9780427522788013e-01	   4.4601091430513601e-01	   6.0359270462554160e-01	   3.3491889293629795e-01	   3.4226644560248048e-01	   3.1484263573400467e-01	   3.8190225445215820e-01	   3.8930404679940644e-01	   3.2906469043526537e-01	  -2.5430272790773539e-01	  -2.5769359574460815e-01	   1.4608656107851878e-01	   2.8530608190640583e-01	   1.5050904265903295e-01	   2.0626457469239476e-01	   5.5490370333663086e-01	   7.2509373493871021e-01	   3.7593070858460265e-01	   4.2374456519781112e-01	   4.0659162929962378e-01	   4.4342020475121735e-01	  -3.4245250234729663e-01	  -3.7325672495264034e-01	   3.3341363253304342e-02	   1.0694997975858184e-01	   2.6534975518961768e-01	   2.8110112491094735e-01	   4.6438284830269028e-01	   4.6833193186207989e-01	   8.7400300949383364e-02	   2.3478020019603932e-01	   2.2539862808300057e-01	   5.7858893646218768e-02	  -2.0058000268780855e-02	   2.1260418263280423e-01	   5.6725072334922647e-02	  -4.4141932544861151e-02	   6.6369834038276412e-02	  -2.2224457573717465e-02	   8.7462547382608034e-03	   3.7567048606446808e-02	   7.8926913131190136e-03	   1.3402690025008532e-01	   2.6916457982457548e-01	   3.8374552931621841e-01	   1.5149370949294078e-01	   8.5742187169807693e-02	   2.3606767328498993e-01	   1.3962681324668261e-01	  -8.0521162054653053e-02	  -1.9759174585777025e-02	   3.0873474840570830e-01	   4.6727529297970483e-01	   3.9722253264850327e-01	   3.9700855905518601e-01	   1.2204287842409550e-01	   2.2772712063333270e-01	   5.7636844266296283e-01	   6.0752117417249485e-01	   6.5691734204169805e-01	   6.2520863764182155e-01	   2.0423366280170069e-01	   1.9832587929455597e-01	   1.6222144781970693e-01	   3.5256438583191835e-01	   1.0525182348664305e-01	   1.0386011574509139e-02	   3.6713072040009059e-01	   2.4423985969656625e-01	   2.4117881222239301e-01	   1.6538688988911643e-01	  -3.3532605602076493e-01	  -2.4401993055917476e-01	  -3.9669591258726565e-02	  -2.7601925917140054e-02	   1.5027823471132243e-01	   8.0352541166901104e-02	   3.7306206190692337e-01	   4.9468223418940294e-01	   3.1352734663239246e-01	   1.5288643521674580e-01	   5.7222436215447314e-01	   4.7074698250290276e-01	   4.2712826832644979e-01	   3.4745546276278999e-01	   5.5718577594774787e-01	   3.1586696658423064e-01	   7.6541800698915724e-02	  -6.0274941898936889e-02	   2.3638807732794923e-01	   8.2737585592354904e-02	   2.5734844596861794e-01	   3.2331490609248476e-01	   3.1841843966935401e-01	   2.3895707201715360e-01	   3.1151331129840387e-01	   3.2644726193287465e-01	   2.7421914238819256e-01	   6.6187127345201643e-02	   2.9144437467479239e-01	   9.7788092639911117e-02	   1.1679692357682027e-01	   9.4768680986814208e-02	   4.0034785445973781e-01	   2.5014769352965860e-01	   1.4526390835324368e-01	   8.2348378449760312e-02	   1.2047281263468948e-02	  -7.6104671236473936e-02	
   4.8647529029811371e-01	   3.7552951734320122e-01	   7.2670255094784419e-01	   4.9572109508214551e-01	   0.0000000000000000e+00	   6.8291847579228782e-01	   3.7036260633672280e-01	   2.4703111204549310e-03	   8.6101159052023934e-01	   3.6807993426292651e-01	   9.5276580845150921e-02	   2.4050899648180642e-02	   3.5323314749300901e-02	   5.2305566322765881e-02	   7.3026721524177673e-01	   3.7978395539946108e-01	   2.2317525742443123e-01	   1.9183381843539432e-01	   6.2573583392580279e-01	   6.6156992498566258e-01	   4.3767473715425431e-01	   1.9549870825178337e-01	   5.9594531052987421e-01	   3.4745777620087570e-01	   7.8552101108642791e-01	   2.7001194952798924e-01	   9.2248836127376599e-01	   7.5632574870279878e-01	  -4.1486814766545504e-02	  -8.7704378846886560e-04	  -3.6644024242427388e-02	  -2.4823348796069081e-01	   2.7612540147867387e-01	   2.0855674278750055e-01	   5.6805498395693677e-01	   7.1248999726924200e-01	   3.4502656758903105e-01	   4.2294776609333867e-01	   5.1116561045103093e-01	   2.1450797329205362e-01	   3.7223751000573557e-01	   2.2805967253744791e-01	   5.6336723962296054e-01	   5.0737537686127177e-01	   4.8364286941846446e-01	   4.7535286667335763e-01	   4.6320671441177774e-01	   5.9426823009295626e-01	   6.1009281899130741e-01	   5.3600035697822679e-01	   6.5440355262273331e-01	   5.6745636316436865e-01	   1.5948004837152788e-01	   3.5134649965129683e-01	   5.9692195981900753e-01	   5.3634172195769048e-01	   4.0635186420608016e-01	   4.4756794833664582e-01	   6.1741769804959856e-01	   3.6418759972650122e-01	   2.1745039983130759e-01	   4.2494665262062831e-02	  -1.5015204719802266e-01	   4.2939849136867124e-02	   6.8721493632183539e-01	   2.1624667555474361e-01	   5.8581682432546978e-01	   5.4664715454662760e-01	   5.1292510492362031e-01	   5.6866201862992161e-01	   2.5322281727576951e-01	   2.0871866589600879e-01	   3.9779070271627254e-01	   2.3742858193353333e-01	   4.2952222324643985e-01	   2.5693289921403217e-01	   4.4806728155464154e-01	   3.9533496045647043e-01	   9.4232592761925277e-02	   1.6165956647753960e-01	   2.4109658664208800e-01	   4.1755548146834304e-01	   5.2029124302849017e-01	   4.6749062645909267e-01	   5.7127215624898220e-01	   5.5168608572449218e-01	   7.3033393871566754e-01	   5.7595815006589723e-01	   7.5401192132427053e-01	   7.1734394122252587e-01	   4.6153466370136964e-01	   4.5490875693949173e-01	   2.7089445231088377e-01	   5.3853434334827532e-01	   3.9369441443909309e-01	   4.1791716268735714e-02	   6.6030065191432707e-01	   3.9321451599449470e-01	   6.1864336103063389e-01	   6.1448193662979866e-01	   1.2285910578215933e-01	   3.3352336415848283e-01	   3.3067531229085145e-01	   4.6277809331748870e-01	   5.1409363541524744e-01	   2.1903012293095878e-01	   6.8482470442361809e-01	  -7.8746862975436135e-03	   1.9905503827773841e-01	   3.3435259108026955e-01	   7.7653000464398736e-01	   6.9702099135867812e-01	   3.8331869071452923e-01	   3.3602205955963849e-01	   2.0302880144288962e-01	   9.9778100807805914e-02	
   3.9921499890633722e-01	   2.9774215218903621e-01	   5.8774793483119370e-01	   7.8071268156962559e-01	   6.8291847579228782e-01	   0.0000000000000000e+00	   4.5979775312030924e-01	   4.9741026270230743e-01	   7.9645910509685547e-01	   9.0397434443708713e-01	   4.1401684405694239e-01	   3.7857943279970363e-01	   3.5816878858971241e-01	   3.9982827340148941e-01	   5.7009522556364323e-01	   3.6476728120892576e-01	   1.5175361816543073e-01	   1.1025421709646280e-01	   4.7935989973865017e-01	   6.1555726692476065e-01	   2.3404230110150262e-01	   2.4059936681959243e-01	   5.6487687280678323e-01	   6.5364499036023438e-01	   3.5444013050251233e-01	   2.4488667160165339e-01	   5.8370327554217338e-01	   7.2515458428484714e-01	  -8.9988785598347262e-02	  -1.5820898543130049e-01	  -5.7510661683168027e-02	  -2.0658401039194804e-02	   3.8554582388804820e-01	   3.7806572869749172e-01	   4.3329539053956789e-01	   4.9637359883801990e-01	   1.5604761661725935e-01	   3.3336912609379676e-01	   2.8795130070610597e-01	   8.6288094118662687e-02	   1.9661793174775746e-01	   4.9002208345635601e-01	   3.3447316138734468e-01	   2.6055951698043323e-01	   3.7189526355737140e-01	   2.5699597227569926e-01	   2.3857475133845540e-01	   3.3601720184088996e-01	   3.6497659212355299e-01	   3.1584052622911135e-01	   4.5807728341104292e-01	   3.6573502503311789e-01	   3.8075557806421700e-01	   3.1920293326290400e-01	   3.5552644340703726e-01	   2.3442094072227732e-01	   2.7168491780571813e-01	   3.1729504492712851e-01	   3.9975796958311205e-01	   4.6632103326614377e-01	   3.6812596708398299e-01	   2.9781048874367061e-01	   9.8602412263804506e-02	   2.4515528650093041e-01	   5.0661377820908537e-01	   4.2547648692508749e-01	   4.9722007652144384e-01	   5.3103494805742624e-01	   4.5212918694789428e-01	   4.2452508996609067e-01	   1.7150508236220763e-01	   2.6351157710342343e-01	   4.3812498528569543e-01	   2.6343465677863559e-01	   6.0569457814394778e-01	   4.8261644659382685e-01	   3.6231713634451956e-01	   3.2167511141541066e-01	   2.5981101349051610e-02	   9.0882761286235542e-02	   2.0788870046153662e-01	   2.4337598296202700e-01	   3.6042171297261127e-01	   2.5765398155175889e-01	   4.5555893184245255e-01	   4.7472330936643659e-01	   5.0237155418648405e-01	   4.4645018084395988e-01	   6.2087781128500852e-01	   6.3472699689558421e-01	   4.7708965887912219e-01	   3.4408491967346794e-01	   5.5557217298672112e-01	   4.4128816930228387e-01	   1.4285633795508851e-01	  -1.7489449951605218e-01	   4.1226535794936414e-01	   1.2715532572021007e-01	   4.8666425117271805e-01	   4.5432523007466524e-01	   3.5874592939663980e-01	   4.3686604635049336e-01	   3.5681526038553757e-01	   4.0668499195260388e-01	   2.6710863654585970e-01	   3.5206982270143607e-02	   5.3127476277818175e-01	   4.7670825963246601e-02	  -1.8579558440249146e-02	   1.7651949864256711e-01	   5.6805515558704611e-01	   5.2106752867941397e-01	   3.1582720359258382e-01	   3.4020649465870084e-01	   2.7385377806741346e-01	   8.2784677521775221e-02	
   3.5942460654828773e-01	   1.6471338458960405e-01	   9.1011932654341665e-01	   5.1820179001051780e-01	   3.7036260633672280e-01	   4.5979775312030924e-01	   0.0000000000000000e+00	   7.9023460837750392e-01	   5.0214216312356741e-01	   3.9960692983861096e-01	   3.7057732762326201e-01	   2.6125203364226024e-01	   5.2129771987561113e-01	   3.0586682308862589e-01	   3.4140389549627792e-01	   3.6415366714109099e-01	   1.1556786677825663e-01	   4.3760730757021901e-02	   4.0439257834630193e-01	   5.0939442628825637e-01	  -9.4508444984876105e-03	   1.5067223486853559e-02	   3.7079867428507329e-01	   4.6125879387974617e-01	   1.3938904754034637e-01	   6.5612110405197432e-02	   1.7411475258592463e-01	   2.2605214367213389e-01	  -4.9402589454875613e-02	  -8.1563315174179252e-02	   1.5852616843326305e-02	  -1.4524972875795624e-02	   2.9961660317376682e-01	   2.6446849726112354e-01	   2.0296957252621101e-01	   2.2787970607766428e-01	  -1.4548782925351399e-02	   1.6653983103288905e-01	   1.2451511072843230e-01	   2.9266494523575600e-02	   1.5567437448590360e-01	   5.2270118666075804e-01	   2.1339135521753388e-01	   7.0643271861927939e-02	   1.8914184342689316e-01	   3.0044022964544295e-02	   7.6587352307226117e-02	   1.0447538206406011e-01	   1.3092735167576058e-01	   1.4539448717284373e-01	   2.2096963212918219e-01	   1.9231914280693155e-01	   1.1446293105150740e-02	  -1.2034016278761019e-02	   4.0928051511191707e-02	  -4.7334726233015422e-03	   1.3801924422373898e-01	   1.2556275852319379e-01	   2.6423988595511583e-01	   1.4239413644161905e-01	   5.8515468503713386e-01	   2.4595474160748060e-01	   5.9292558110509108e-01	   4.3860697962231188e-01	   3.4856063968187989e-01	   2.7679721110524247e-01	   7.1540259787477734e-01	   5.0086036472927620e-01	   2.3311979001372940e-01	   2.5017982179097065e-01	   2.5322553703484133e-02	   3.0250075538737464e-01	   3.4868908985233460e-01	   1.5944545975988494e-01	   3.6163777146694825e-01	   2.9529067022849836e-01	   2.8129118994092017e-01	   1.3811814551091600e-01	  -1.7692931261186329e-01	  -1.2312418578123301e-01	   1.5402552878984715e-01	   1.4149994833731808e-01	   2.5215761277502358e-01	   2.4335569201699886e-01	   2.6927094730646683e-01	   3.2643341612918164e-01	   9.3499615178517140e-02	   2.3826127768659139e-01	   3.9664820852060245e-01	   4.4712956099062873e-01	   6.6966999731127719e-01	   5.8356606126904720e-01	   2.0809315018479393e-01	   4.0115152116091474e-01	  -5.6134872897237759e-02	  -1.8929761751826260e-01	   1.1691780991749764e-01	  -3.1834053213292329e-02	   3.0183590045024355e-01	   4.8056545031520137e-01	   3.6055551138459707e-01	   7.4017515351679619e-01	   5.3271219232105627e-01	   5.9108113912893068e-01	   1.3083929560382443e-01	  -1.3004569639662239e-02	   3.9307411380497570e-01	   3.4998228830870304e-01	   8.8348954398879201e-02	   4.8242302321479184e-02	   4.1341275739700900e-01	   3.6487805964208220e-01	   1.9157491658211681e-01	   1.8525337003790074e-01	  -9.1668626325863076e-03	  -8.9285957840358768e-02	
   1.7377454790212582e-01	   5.8391742654807448e-02	   4.3820118663174734e-01	   6.9780427522788013e-01	   2.4703111204549310e-03	   4.9741026270230743e-01	   7.9023460837750392e-01	   0.0000000000000000e+00	   3.1968939836677340e-01	   7.1339266889918018e-01	   6.0796160850279068e-01	   5.6840403823041674e-01	   6.6041074438987935e-01	   5.9277094933481511e-01	   2.0475585661336587e-01	   3.0680511173244679e-01	  -2.1892927430200590e-02	  -2.5316710788145735e-02	   5.6279783929854624e-02	   2.0180501454021954e-01	  -1.9836380556449429e-01	   6.9344401047638851e-03	   1.3937409107085177e-01	   3.4348587150739701e-01	  -1.4078971355395972e-01	   4.9603723126267603e-02	  -9.8970176804125329e-02	   8.4556206978203513e-02	  -8.9050114965985513e-03	  -1.1101294588745177e-01	   3.0302100623151418e-02	   2.3742715300068873e-01	   8.6274898708310427e-02	   1.3445934205778859e-01	  -4.3783043382818805e-02	  -1.1664830983880155e-02	  -1.6450353205058967e-02	   1.1365146481192220e-01	   6.3220295611099833e-02	   5.6878587896418496e-02	  -7.3641736483492204e-02	   3.6708936922322882e-01	   3.8400167276629850e-02	  -7.4912962025940444e-02	  -5.6560841332198904e-04	  -7.8062232591333075e-02	   7.9003072512482536e-03	  -2.9470435919867088e-04	  -4.4037557849291496e-02	  -2.9961006827841676e-03	   9.5151721729830233e-02	   1.0051067887268564e-01	   1.6364124886405929e-01	  -4.9670346777662740e-03	   2.8038246203149531e-02	  -4.6814081764770123e-02	  -7.2283143300647459e-02	  -6.7831233023025309e-02	   6.7289906451153500e-02	   2.8346305396153393e-01	   5.6512254260771044e-01	   6.1163923893282157e-01	   5.7151031570158861e-01	   4.4216453364150510e-01	   2.2500368778868410e-01	   5.0030238939465410e-01	   3.0851333215518467e-01	   2.8669388868702250e-01	   1.7219666541210973e-03	  -2.1503358688418687e-02	   1.8589542469319924e-02	   3.3364588780138210e-01	   1.7144795604748864e-01	   6.6618292643819826e-02	   2.3837738684068766e-01	   3.4090914542675099e-01	   1.7033090106598089e-01	   1.0303318953781265e-01	  -1.9249706600509742e-01	  -1.3258365308368131e-01	   9.4345928707348647e-02	   1.8379427493106344e-02	   7.3005469749722135e-02	  -3.6030786766020159e-02	   1.6616217816328657e-01	   2.0690219608872448e-01	  -2.6904995752684409e-02	   5.9019716719410205e-02	   2.3110909988515879e-01	   2.2673857164027522e-01	   4.2666669682919312e-01	   4.3217289175790918e-01	   3.7622861838019445e-01	   2.3158641154371651e-01	  -1.5698789402727026e-01	  -1.5112235072931057e-01	   4.4624714007134983e-02	  -5.6927930965536902e-02	   3.0626999254801579e-01	   3.9294333682174143e-01	   5.2712538123021613e-01	   4.6980786968021193e-01	   4.4989275846884796e-01	   3.0152772218365193e-01	   1.7827061961302980e-02	  -2.3234065899488682e-01	   1.7149945076647743e-01	   2.6327560634517952e-02	   1.5461148400348266e-02	  -3.5633689041879885e-02	   1.7990501164672301e-01	   2.0745838439061043e-01	   1.9821358509893763e-01	   9.6892606709674131e-02	   3.5521453229999451e-02	  -9.8503493927062549e-02	
   3.3801031044748009e-01	   2.2792952459444632e-01	   5.4157496663154658e-01	   4.4601091430513601e-01	   8.6101159052023934e-01	   7.9645910509685547e-01	   5.0214216312356741e-01	   3.1968939836677340e-01	   0.0000000000000000e+00	   8.2141395831945452e-01	   2.9043846000775858e-01	   3.0162053552216417e-01	   2.3287404130855843e-01	   2.2452672630857601e-01	   5.2915513018546911e-01	   2.3709762996735811e-01	   1.1099156870771526e-01	   9.0709055602589850e-02	   3.9336378042467829e-01	   5.0908190118785634e-01	   4.1382098497023546e-02	  -2.9906259264571911e-02	   2.7143376159712879e-01	   2.1577130752219564e-01	   2.4577457957052762e-01	   7.4052114234242766e-02	   2.9566970322984887e-01	   4.7424675263831145e-01	  -5.0088262977354154e-03	  -7.9741905718754710e-02	  -1.8553846674432542e-01	  -2.5740209176743423e-01	   7.2135765170905627e-02	   7.1701540927823770e-02	   2.6016421330080086e-01	   3.5005918950606740e-01	   4.8343598691416217e-02	   1.5310374968198273e-01	   1.9282297565915379e-01	   5.7986434897674313e-02	   2.2176817029240094e-02	   2.2928086788751054e-01	   3.9322076491417379e-01	   3.4958535842612404e-01	   4.0193534613862664e-01	   4.1154188152612503e-01	   3.8710901316953383e-01	   4.0834431994882692e-01	   5.2048773801804193e-01	   5.0287673645931119e-01	   5.7331571598834830e-01	   3.6515062815882710e-01	   2.7200282061394149e-01	   3.1677850993317241e-01	   3.2372915361369259e-01	   2.8223508410491061e-01	   2.3035531690113112e-01	   2.1746373242015637e-01	   4.8728584249736712e-01	   3.5703664022456505e-01	   3.9267921671105027e-01	   2.8950405811082014e-01	  -6.7963029705379041e-02	   7.5340104168265337e-02	   3.8366999664235313e-01	   2.6530695385903669e-01	   3.3078905038640583e-01	   3.7246359827752223e-01	   3.0439408398139378e-01	   3.2877166514226441e-01	   1.0151320110379052e-01	   1.4743619149322512e-01	   2.7673699169180371e-01	   2.3763955544630005e-01	   3.3578535948074451e-01	   3.0677738585348163e-01	   1.8051144235501421e-01	   1.3835797642360501e-01	   1.5064041322179632e-03	   3.0067760279458001e-02	   1.0402127487418844e-01	   1.8423726755026637e-01	   1.8563140533389305e-01	   1.1091014055859022e-01	   2.3051067852733353e-01	   2.8348092526204521e-01	   2.9740842544681950e-01	   3.2805296258275574e-01	   3.9757873854377973e-01	   4.9884244314531689e-01	   4.8415114511555213e-01	   5.0854026246194950e-01	   3.9855869554194667e-01	   5.4193882344351174e-01	   1.9601210595532501e-01	  -6.2026876659942158e-02	   3.9530872400381073e-01	   1.5089360902447979e-01	   5.4192656743525380e-01	   6.0986638276949601e-01	   1.7070978419087854e-01	   4.0932874801164226e-01	   1.4575686123383708e-01	   3.1952334991939169e-01	   2.0469024352101314e-01	  -1.6481009323279866e-02	   4.4048054206564913e-01	   1.0105363155068889e-01	   1.0461774353116372e-01	   1.4077893505217326e-01	   4.8080909054843618e-01	   4.7836216816336596e-01	   3.9999610932746305e-01	   2.8911250580938924e-01	   2.5695936947957726e-01	   1.5026584246886609e-02	
   2.0531452651979615e-01	   7.9105724202397004e-02	   2.9071830112297581e-01	   6.0359270462554160e-01	   3.6807993426292651e-01	   9.0397434443708713e-01	   3.9960692983861096e-01	   7.1339266889918018e-01	   8.2141395831945452e-01	   0.0000000000000000e+00	   5.5494206961485781e-01	   5.6374439477766825e-01	   2.8623567745835632e-01	   4.4593545851295896e-01	   5.1295703799419778e-01	   4.0701135781685188e-01	   7.1938560552843964e-02	   6.0825742597364453e-03	   1.4680973537435849e-01	   2.4732920197607838e-01	  -1.6300237571254866e-01	  -2.0852776176386770e-02	   2.9542109552720996e-01	   3.4225368408248069e-01	   1.0927480259419668e-03	  -9.1313817064492247e-03	   3.1707992549749223e-02	   1.6489909583595608e-01	  -2.7146674278276118e-04	  -1.2261054421563117e-01	  -1.0157218963858004e-01	  -1.5902723351268463e-02	   1.6334936108208259e-01	   1.3910022711043674e-01	   1.7388536050803355e-01	   1.7437683425934697e-01	  -2.0684162827329277e-02	   4.3479109521580850e-02	   6.0924939210565514e-02	  -6.6134372029809180e-02	  -9.5518006110436399e-02	   2.4000057843492406e-01	   1.7410824367390479e-01	   9.7288834179768871e-02	   1.8062786934096497e-01	   1.2649471944293525e-01	   1.3229297261173462e-01	   1.3089414749000719e-01	   2.2488411469672331e-01	   2.0062860915178982e-01	   3.1680869337310685e-01	   1.8487155113893899e-01	   2.5648891354716796e-01	   1.5719836933997250e-01	   1.5324331165860849e-01	   3.4459308335169150e-02	   8.1286556065069904e-02	   8.2357286010931147e-02	   2.9201154429831422e-01	   4.5728768420087473e-01	   5.3885589694519342e-01	   5.3817595954056463e-01	   1.3422619886559198e-01	   1.6351781907225127e-01	   4.3042984440738907e-01	   5.3187635712841552e-01	   1.8081432808961337e-01	   2.5052443840516059e-01	   9.6026838375154383e-02	   9.8706815515161681e-02	   1.0132025520927496e-01	   2.8605517409237863e-01	   2.4233352501154848e-01	   2.0192346586463641e-01	   4.1795211774578267e-01	   4.0122190173636263e-01	   1.7713055800967215e-01	   1.1365667034861064e-01	   3.0272341993862164e-02	   6.5287942738047666e-02	   1.3759720643596540e-01	   1.1467795840615971e-01	   1.7422555567537029e-01	  -6.1614530942542215e-03	   3.0817813830606616e-01	   3.0569067068140460e-01	   1.7959522263692951e-01	   1.8631259214397952e-01	   3.5851505982518478e-01	   2.9342557933394231e-01	   4.0530496861419679e-01	   4.4402031673656034e-01	   7.0023128992699979e-01	   5.9493411990510170e-01	   1.3786117626390478e-02	  -1.5818215688648216e-01	   1.4031140125661024e-01	  -6.3864307905170392e-02	   3.7920217520008348e-01	   4.6175393509933388e-01	   4.1986369388806011e-01	   5.0138008106143583e-01	   2.7505333123799813e-01	   3.7095288635411561e-01	   1.5550579287336475e-01	  -9.3386978813055962e-03	   2.6510458973046358e-01	   3.8388188882738125e-04	  -2.3858968813729835e-02	   5.4331777464174315e-02	   2.1610349236761645e-01	   3.3641985970007193e-01	   3.8638015431838946e-01	   2.2562127928136447e-01	   3.0042305657532137e-01	   1.2576754293911424e-01	
   2.3389154586589153e-01	   9.3861888916840941e-02	   2.6510865186590554e-01	   3.3491889293629795e-01	   9.5276580845150921e-02	   4.1401684405694239e-01	   3.7057732762326201e-01	   6.0796160850279068e-01	   2.9043846000775858e-01	   5.5494206961485781e-01	   0.0000000000000000e+00	   9.6032607237902434e-01	   8.4398958348643882e-01	   9.4403997516929528e-01	   4.2709218532945248e-01	   5.9158256941773280e-01	   2.8200064829474647e-01	   3.2793970734557165e-01	   2.3405775641089804e-01	   2.2618231656534998e-01	  -2.7145726860794146e-02	  -3.9040855798200276e-02	   2.7530753339334396e-01	   3.2641572624836390e-01	  -5.5753233639825851e-02	  -1.1024003793510309e-01	  -2.3311237003225314e-02	   1.8854341944901654e-02	   2.8545379925803471e-01	   2.2937477021625935e-01	   8.2361270206268697e-02	   4.4278725673972071e-02	   1.2500014541330853e-01	   1.4303315296842464e-01	  -1.1155650037129670e-01	  -1.3205484760953606e-01	   8.0476567094212387e-02	   1.3330685847456542e-01	  -9.8493937145136684e-02	  -6.7781192948033323e-02	   9.5591291321404953e-02	   3.0013271896358668e-01	   4.1315219883341792e-01	   1.7324585986270635e-01	   2.3961058102634480e-01	   1.1486622744514494e-01	   3.6447574195348292e-01	   2.8347290935171970e-01	   1.9792706695678924e-01	   2.2207068061985902e-01	   3.2138432729175770e-01	   2.8671124110026341e-01	   4.1484451712117970e-01	   3.6548236470074402e-01	   3.7782380337662813e-01	   1.9511162483947492e-01	   3.6848459099404068e-02	  -6.9371527240518135e-02	   6.9046492637191870e-02	   2.0388961385334137e-01	   2.6033179063143475e-01	   2.1230164991726572e-01	   3.2203508598518971e-01	   4.1763804827885964e-01	   4.5807975435549694e-02	   1.2295594341386068e-01	  -3.4833016120920879e-02	  -3.6398218631637926e-02	  -4.1844190581016530e-02	  -9.8033775754938268e-02	   1.8814319358566450e-01	   3.0843283838019564e-01	   4.2318813068317618e-01	   2.7398849982102830e-01	   4.7500144326944305e-01	   5.6482175741803542e-01	   5.5744396927411247e-02	   1.9991893465265850e-02	   2.1057564107257659e-01	   1.2948101306477439e-01	   3.2399020560730629e-01	   1.8644863397995676e-01	   3.3041253972463624e-01	   9.3960908878621394e-02	   3.3989092456366754e-01	   2.0294012399734412e-01	   5.1677173613092285e-02	   9.3558250373338106e-02	   4.3759863584310216e-01	   3.7399293220458829e-01	   3.2329866019594355e-01	   5.0940648765976748e-01	   3.7629567706394851e-01	   3.4743991113682260e-01	  -4.8064408772589617e-01	  -7.6432747207915055e-02	  -7.5871814255079967e-02	   5.8744918915090170e-02	   4.8747190169028742e-01	   5.3309044393011129e-01	   5.6399802739518989e-01	   5.0126593390931062e-01	   4.1906195936134966e-01	   1.4986241889076074e-01	  -4.7939923893419042e-02	  -4.2383773533007812e-01	   2.3385003371733809e-01	  -1.1209289873309852e-01	  -1.8282541438724831e-01	  -2.9010925772935248e-01	   1.3065661743402524e-01	   1.9034697282945914e-01	   2.8205670698363783e-01	  -1.9175694050786972e-02	  -3.3887704743318446e-02	  -2.2475103794117410e-01	
   2.9483083416551431e-01	   2.0424400652656985e-01	   9.1178330052487586e-02	   3.4226644560248048e-01	   2.4050899648180642e-02	   3.7857943279970363e-01	   2.6125203364226024e-01	   5.6840403823041674e-01	   3.0162053552216417e-01	   5.6374439477766825e-01	   9.6032607237902434e-01	   0.0000000000000000e+00	   4.5200794590556254e-01	   1.1195712191016700e+00	   3.5818808807012192e-01	   5.9946709331367909e-01	   3.1641538277271147e-01	   3.8719989670132726e-01	   2.2334073622436207e-01	   3.9240256441817817e-01	  -1.2873747629978241e-01	  -9.2236983379789216e-03	   1.1203029820123814e-01	   2.3484747951476104e-01	  -1.2876429144859891e-01	  -1.8713500021042831e-01	  -5.9192742164800643e-03	   2.0551839260731012e-02	   3.6597098096269814e-01	   2.5378163519413466e-01	  -2.5566971413429042e-02	   1.5742024584618791e-02	   1.6847893313065690e-01	   1.9118294345682610e-01	  -1.2382407304169266e-02	  -7.1179423448377188e-02	   1.5271349768109391e-01	   2.0730539602557513e-01	   2.6400010742694480e-02	   2.4790817418428677e-02	   9.6271279298429324e-02	   4.7251859942762758e-01	   2.2715382853200727e-01	   1.3794137374424176e-01	   1.0978898670470956e-01	   7.4777336748312731e-02	   2.2081562415995709e-01	   2.6418007025882767e-01	   8.6938240624456223e-02	   2.2756370175110985e-01	   3.1515749515602060e-01	   2.9350423024916117e-01	   6.3700041580437095e-01	   4.0527307518060945e-01	   3.4768999812075674e-01	   2.2757277936211900e-01	   5.9929529359729131e-02	  -2.6794137897468116e-02	   8.6405789261357932e-02	   2.7832593217327312e-01	   2.7038744954537308e-01	   4.0821214043521364e-01	   4.4191585624014440e-01	   5.6798766791634359e-01	   4.1811891827631190e-02	   2.8234164967590103e-01	   3.4811054017044193e-02	   9.7272422918379814e-02	  -6.4717370950455960e-02	  -1.1154658198181189e-01	   1.0972239246637655e-01	   2.9664024035373715e-01	   4.2172330162556393e-01	   4.9115410280695060e-01	   4.9196340492424595e-01	   6.6529014265123798e-01	   1.5910793450899074e-01	   1.7753284837196381e-01	   1.4128328506315524e-01	   1.1506907775158845e-01	   3.3176305183038041e-01	   2.1656733995000738e-01	   3.2493518994242909e-01	   1.7015457386296853e-01	   4.1437302439959106e-01	   3.1121563732099117e-01	   1.5361735623455175e-01	   2.5023676052194754e-01	   3.9465757630442833e-01	   4.9042524237241453e-01	   2.3292863789499563e-01	   2.9645859455344103e-01	   2.3413898037963785e-01	   8.3280069500649617e-02	  -3.3152447479405567e-01	  -2.1438917661626134e-02	  -5.3618009190282978e-03	  -4.3053464342341172e-03	   4.3618349231868259e-01	   3.7556146668473339e-01	   3.8163715801322468e-01	   2.3323065999885750e-01	   3.0362689325611325e-01	   1.4928993117719122e-01	   7.1022836850378260e-02	  -2.2911056909975736e-01	   2.0040264484362280e-01	  -1.2277139583670071e-01	  -1.8830193556722546e-01	  -1.2023627863479473e-01	   2.0245572617479210e-01	   2.1778537965676276e-01	   4.5968193455220396e-01	   1.8114928374785116e-01	   8.5201559015154568e-02	  -6.9977736247835806e-02	
   2.8365084306640514e-01	   1.7807782243858838e-01	   4.2666952806430936e-01	   3.1484263573400467e-01	   3.5323314749300901e-02	   3.5816878858971241e-01	   5.2129771987561113e-01	   6.6041074438987935e-01	   2.3287404130855843e-01	   2.8623567745835632e-01	   8.4398958348643882e-01	   4.5200794590556254e-01	   0.0000000000000000e+00	   7.9998955583018116e-01	   5.0577532754226562e-01	   5.1969798508413190e-01	   1.9705106796344743e-01	   2.5150245909555691e-01	   2.4195536519099772e-01	   2.6570410385687826e-01	   2.2188015201888311e-01	   1.9409480094546758e-01	   1.7700995274841996e-01	   2.2148421210281469e-01	   9.8522782241555196e-02	   8.5618638890784929e-02	   1.3479211816699657e-01	   1.4820405946930401e-01	   2.5696362662239930e-01	   2.1595348984813287e-01	   1.5807330038676792e-01	   1.1009820582998212e-01	   4.3630610724582866e-02	   3.0134800593429305e-02	  -1.4064926653645998e-01	  -1.0797092298145960e-01	   2.1037728623547489e-01	   2.9962331401904341e-01	   1.6394730333854618e-01	   2.3532546725289744e-01	   3.5785445746879524e-01	   3.2071525891847502e-01	   3.3017207586035324e-01	   1.0588419760953603e-01	   8.9355536923786213e-02	   2.0775106530810342e-02	   2.8123422710335910e-01	   2.5399419445445848e-01	   1.7102283352586778e-01	   1.7319585834124368e-01	   2.4628442992184812e-01	   2.0872873806621514e-01	   2.7176796711191564e-01	   1.9428049012024379e-01	   3.3494082559344729e-01	   2.7725033829701201e-01	   9.9977463870226740e-02	   2.6070305097156767e-02	   1.7060836047971412e-01	   1.3226059602466164e-01	   3.9037838518997725e-01	   1.7721848223499964e-01	   4.8645599339013901e-01	   5.4446410518934474e-01	  -2.0757786450213068e-04	  -5.3663252019044864e-02	   1.5842529178438239e-01	   2.0057684452897146e-02	   7.8457174701211649e-02	  -9.5370817904446084e-03	   1.8473123468832822e-01	   1.9182352371227188e-01	   3.7759204050613959e-01	   1.3665991744719491e-01	   2.8782483190921176e-01	   2.6299728088613794e-01	   1.3158187679423272e-01	   5.2944705076196190e-02	  -1.9498141947463785e-02	  -1.3506128759330755e-02	   2.4271528633167383e-01	   1.0871996076505071e-01	   3.9128303783333807e-01	   2.4740539141259799e-01	   1.4318715696020029e-01	  -3.0738159982740226e-03	   7.5587325975402672e-02	   8.1249247282034351e-02	   3.6448015335277828e-01	   3.2140839285550943e-01	   5.1435913089626084e-01	   5.9951914195362699e-01	   2.2328304278133143e-01	   2.3433012904025852e-01	  -1.9844653064632636e-01	   9.0281902834385391e-02	   4.7358309071313907e-02	   1.8241737712684319e-01	   3.8371180744102573e-01	   5.6931814379663348e-01	   5.5312161480135991e-01	   5.2582354903743689e-01	   4.5875242459179105e-01	   2.0696363988419997e-01	   9.8036910069388750e-02	  -2.9698278876049033e-01	   3.7930549923545087e-01	   8.0093832151370323e-02	  -3.9609039738938444e-02	  -1.6513504599758411e-01	   2.5306731164477425e-01	   2.2339051293417375e-01	   1.1542354142058224e-01	   7.6532252359374331e-02	   2.4020892421547861e-02	  -1.5357456765730421e-01	
