   0.0000000000000000e+00	   1.1855814775324454e+00	   8.9432190865444283e-01	   9.1786368613739411e-01	   8.4916893270566352e-01	   9.5099762854141101e-01	   7.9913102400864788e-01	   8.2250171110981896e-01	   7.7400151743161361e-01	   9.1274482376805366e-01	   7.0149406748506959e-01	   7.7994208776282647e-01	   6.6363084737783762e-01	   6.8772738572697756e-01	   7.1912227103518289e-01	   8.3517581517500961e-01	   8.8159696716073832e-01	   1.0491358166256126e+00	   1.3575080216281314e+00	   1.2099961701177540e+00	   3.7852839250383180e-01	   7.2247308087809003e-01	   8.0567914383478612e-01	   7.7439155925184877e-01	   7.7341538962417111e-01	   9.4517015876024157e-01	   6.4418334442595804e-01	   8.7398029949991474e-01	   7.5081865182598728e-01	   8.6293468539817186e-01	   8.3575967562587861e-01	   8.3840514127644994e-01	   9.8934317031264207e-01	   9.1492623260411066e-01	   5.9141298603952319e-01	   5.8272231110897110e-01	   5.5775720828693376e-01	   7.9997475760309844e-01	   6.7197483332246011e-01	   7.1325833527983329e-01	   6.3267176716858886e-01	   7.6865693260782630e-01	   6.9311341437635410e-01	   6.2984763956582390e-01	   4.9773160263185323e-01	   6.5009667770975932e-01	   6.5388122281606897e-01	   6.5584670857051430e-01	   4.9872800836396280e-01	   3.9035309300315313e-01	   6.4462521598000522e-01	   5.1973790667182784e-01	   8.7602301154800333e-01	   6.1214458952621842e-01	   8.3125740954269967e-01	   9.1643971483238562e-01	   1.3978497033396440e+00	   1.1354256674204959e+00	   8.2881657513599505e-01	   5.9789307086600629e-01	   6.6785187355303388e-01	   5.0680846361103082e-01	   6.8201477426255663e-01	   7.4535120470616678e-01	   4.4613030932253861e-01	   5.0116290090299143e-01	   7.3238676371866718e-01	   7.0740606284192120e-01	   8.6524647687280920e-01	   7.1159343950864284e-01	   7.3570324798797260e-01	   7.8398910985476133e-01	   9.0229635660649676e-01	   8.8006425150892342e-01	   8.1012080370384543e-01	   9.6091770026203227e-01	   9.3690962956124391e-01	   8.7787453956862849e-01	   7.2165749571562088e-01	   9.3665626925159828e-01	   7.8575726711058702e-01	   8.7304703671798833e-01	   8.2179896330497992e-01	   6.5004203991557175e-01	   7.4878715249544914e-01	   9.3335602378780402e-01	   5.0709453292423967e-01	   9.9493767782313125e-01	   9.5412491100286345e-01	   1.1377346003702313e+00	   7.5083947459787825e-01	   7.1401117326728314e-01	   7.7121509054245641e-01	   8.2462550913506405e-01	   3.1667741063686244e-01	   5.5448358713294743e-01	   7.1364694604230194e-01	   5.7496432362542294e-01	   8.1884794650635895e-01	   8.4806394858641443e-01	   7.2521718361557663e-01	   8.4925759633189091e-01	   6.6746315070825379e-01	   9.7009789030436600e-01	   4.2902640747951226e-01	   3.5172075737184355e-01	   5.0102620254273367e-01	   8.2508430387332909e-01	   5.0749546260190459e-01	   4.7929458681279591e-01	   6.8366409858899213e-01	   7.7169676271357579e-01	   5.8931584081982702e-01	   5.3765638645450209e-01	   6.4719279491065707e-01	   9.1494674804831616e-02	
   1.1855814775324454e+00	   0.0000000000000000e+00	   8.7299217436079368e-01	   1.0160767766686705e+00	   8.0744101523171596e-01	   7.4181837924922867e-01	   7.2220400214018421e-01	   8.1895840779280737e-01	   9.0854529919183702e-01	   7.8068551379275786e-01	   6.0211962786810214e-01	   7.1058242294936480e-01	   5.7574682213917028e-01	   6.2822777715756861e-01	   7.3630146162767185e-01	   8.3377326096419302e-01	   7.9631074962541182e-01	   9.4508416915267790e-01	   1.1221878509860534e+00	   1.1744355729093681e+00	   2.0475256530890296e-01	   5.1029418498780332e-01	   7.8758839979936590e-01	   8.5013474612607509e-01	   6.1056841788865812e-01	   7.7626429763266325e-01	   4.2789133459186179e-01	   6.5795357061388726e-01	   5.8317425296021463e-01	   6.4363442808200522e-01	   6.4037531164397921e-01	   7.5070075069633435e-01	   1.0018995243387718e+00	   9.3230200163830190e-01	   6.1981818452816539e-01	   6.0675691087528505e-01	   5.5446303068739899e-01	   8.0705997115336325e-01	   5.8688100937302345e-01	   6.4273982564879650e-01	   6.0541401195114286e-01	   7.8162954240430893e-01	   6.1072343888063751e-01	   6.4309106837713348e-01	   4.9494735644577909e-01	   6.3907856402488328e-01	   5.8564651151639080e-01	   6.0144284877672272e-01	   4.9040457560881862e-01	   3.9854718747859108e-01	   6.5458238908524091e-01	   5.5729806899612111e-01	   8.1255031511319276e-01	   5.2815103452278533e-01	   8.3873129324278572e-01	   8.3074919613571696e-01	   1.2121836028537987e+00	   1.3105850800738197e+00	   6.3545586755997241e-01	   5.4291818392073821e-01	   6.2269435333017920e-01	   5.4993514236158025e-01	   7.6971209329881141e-01	   7.8103176814004438e-01	   4.9005365546325658e-01	   5.7981015432891769e-01	   6.9813790406850484e-01	   7.2348405309611663e-01	   6.9693017905358412e-01	   6.7713323527552005e-01	   5.9055439662272313e-01	   6.7571759801870934e-01	   7.2798566880623816e-01	   8.5467817672337565e-01	   7.4545313493914478e-01	   8.9588289653453490e-01	   9.0934390972256574e-01	   1.0033887019500041e+00	   6.3461853168588833e-01	   9.3252365048388941e-01	   7.5732347927405042e-01	   8.3670105105764891e-01	   7.7486422442068081e-01	   4.9197164132202675e-01	   7.4950188679466312e-01	   9.9865098749153314e-01	   5.3970856012187396e-01	   8.3479019006130772e-01	   8.7641578982366530e-01	   9.8719927438748623e-01	   6.7517607295484705e-01	   6.2022364683035158e-01	   7.0707620687175121e-01	   7.4500953292370431e-01	   3.2616372310613756e-01	   4.8707308864672044e-01	   6.5522558229250827e-01	   5.6288350975487367e-01	   7.3017380714411173e-01	   7.0333214510277786e-01	   6.3235535737179183e-01	   6.9006351651849329e-01	   6.0691494144693703e-01	   6.9006114011145059e-01	   3.9838928128963286e-01	   3.1019106455420287e-01	   4.2558911188732074e-01	   6.8306541994888714e-01	   4.1450430378882508e-01	   5.4358174436338791e-01	   7.4057978221199205e-01	   7.3046641068521811e-01	   4.1166667158002712e-01	   5.8932075792675953e-01	   6.5195851687344897e-01	  -6.9016997981895117e-03	
   8.9432190865444283e-01	   8.7299217436079368e-01	   0.0000000000000000e+00	   1.5817022145350801e+00	   8.6945069420702270e-01	   7.4389766998525775e-01	   1.4699048339413701e+00	   1.4553600809293141e+00	   9.5264772800224384e-01	   1.1571311035587604e+00	   8.9634450907687202e-01	   9.0770035804388649e-01	   1.0914942195890771e+00	   9.1261709844673700e-01	   1.3840653753822463e+00	   1.1251682504347491e+00	   6.3716843351861330e-01	   6.5933777313592445e-01	   8.7573312670613124e-01	   7.6092720341613818e-01	   3.1568595395810561e-01	   6.3274396206928030e-01	   1.6894062760186634e+00	   1.5018923021256867e+00	   1.0962274674419041e+00	   1.1138668171803918e+00	   5.0315085560541728e-01	   5.7620076749941218e-01	   7.4437236311342092e-01	   6.1076124029958390e-01	   1.1068903364778757e+00	   1.1109994064682072e+00	   1.1470804441787137e+00	   1.0707892670651618e+00	   1.1762507876221573e+00	   1.1918323107954998e+00	   7.4657833417264430e-01	   9.6612599920803865e-01	   8.3803333219467246e-01	   7.4439016729728491e-01	   6.8717027537456798e-01	   8.1285938849563433e-01	   5.5772777754893765e-01	   4.1227854049167001e-01	   3.4621673308001644e-01	   4.9642699446778060e-01	   4.7206691704111092e-01	   4.5116079067715220e-01	   4.0730473390299399e-01	   3.1718427564731455e-01	   7.6714311831201965e-01	   5.7734237685203560e-01	   7.2405968838753987e-01	   4.8637374338154682e-01	   8.9430992105047347e-01	   7.7273278294271497e-01	   6.4657701863228778e-01	   6.3683885838470344e-01	   5.6749993133830146e-01	   5.1536095325735753e-01	   8.1158229405735560e-01	   7.6896960754546007e-01	   5.8927227820167827e-01	   8.0776503240403763e-01	   1.0826215043122789e+00	   1.0426570599963070e+00	   9.9347345046514868e-01	   1.0102308382453202e+00	   5.5008825198605016e-01	   6.5070795040391183e-01	   8.8213634671156471e-01	   9.1988843015927091e-01	   8.4231365101934363e-01	   8.4502551718593233e-01	   8.3174510117530487e-01	   9.0930104246953669e-01	   9.7456858489045795e-01	   9.8588970153931021e-01	   7.5118993602649264e-01	   8.1082367427604474e-01	   8.3861405448759330e-01	   9.7816506204194520e-01	   1.1997426502103394e+00	   5.3828584286550829e-01	   1.2481094135193933e+00	   1.3419274181902410e+00	   9.7614686732226374e-01	   1.0138581961485877e+00	   1.2963585439980827e+00	   1.1448747477173276e+00	   6.4536420731857225e-01	   6.7160469978385195e-01	   8.5081457090930468e-01	   1.0017599656318703e+00	   2.9147198385416512e-01	   3.3415749134905115e-01	   5.5171725508731861e-01	   3.3336476397106424e-01	   5.3490205452088713e-01	   5.2975602319692161e-01	   6.5338354707415280e-01	   9.7714916155987563e-01	   5.0607557607090548e-01	   6.1654488610419167e-01	   4.7855109144201957e-01	   5.1201585327612609e-01	   4.4247306402631492e-01	   7.1701734679130991e-01	   2.8978367224836032e-01	   4.6375487361650614e-01	   6.8237987120885635e-01	   5.5581973630327119e-01	   4.1561323401149453e-01	   5.1748089097132777e-01	   7.2110472269015513e-01	   2.9976641553949572e-02	
   9.1786368613739411e-01	   1.0160767766686705e+00	   1.5817022145350801e+00	   0.0000000000000000e+00	   9.0117358158608396e-01	   8.6281250903773965e-01	   1.4151009125967944e+00	   1.6876365546729184e+00	   1.0857301520279610e+00	   1.2041617906078907e+00	   8.5459537334936719e-01	   9.6259434096095853e-01	   1.0597299235960427e+00	   9.9805661865419892e-01	   1.2287043960722834e+00	   1.2572365009356397e+00	   6.7422195804089002e-01	   7.3902789719063167e-01	   1.0011844311923768e+00	   9.5321807622893706e-01	   2.7183796229473656e-01	   5.7871691539384507e-01	   1.4366922734992307e+00	   1.5439931582241271e+00	   9.7020912807971282e-01	   9.6015140540389177e-01	   5.0413747904426309e-01	   5.6373831843406919e-01	   6.9163109346724483e-01	   6.8437767164500074e-01	   1.0675822679592191e+00	   1.1700888391549713e+00	   1.2738557792565501e+00	   1.2833965674616579e+00	   8.8111243021682251e-01	   9.6572049055468834e-01	   6.1571491654141841e-01	   9.1330001635107716e-01	   7.5692676105124701e-01	   7.8006173490877528e-01	   7.1824211078268752e-01	   8.5779906748650792e-01	   5.7512065000534274e-01	   4.5160523719499618e-01	   3.3462662266877752e-01	   5.2347069064576668e-01	   4.8538278000777363e-01	   4.8492934583763642e-01	   3.9470650765396076e-01	   3.2534303075329002e-01	   7.4025793478311563e-01	   5.9308417955510029e-01	   7.1219496849864172e-01	   4.6431972645830910e-01	   9.4367902455682484e-01	   8.0770333745663214e-01	   6.6787182440032522e-01	   7.8044925282743705e-01	   6.5916092051188824e-01	   6.6501530331585212e-01	   8.0292675918202738e-01	   8.5261788362558666e-01	   6.6456810684207768e-01	   9.5686329205108356e-01	   8.9163463425791867e-01	   1.0274453899409470e+00	   1.0204411853643227e+00	   1.0676899633994987e+00	   6.1379472951500225e-01	   7.4356627028899092e-01	   8.2917941735776268e-01	   9.4547174530889133e-01	   8.2792726869214062e-01	   9.2567695992205457e-01	   8.7552180294298243e-01	   1.0026443318095397e+00	   8.8137529894278099e-01	   1.0223285151176051e+00	   7.3343186655613313e-01	   9.1463298797196191e-01	   8.3841411530752885e-01	   9.6036434762653933e-01	   1.0288947271387725e+00	   5.8085938413624860e-01	   1.0033051648467408e+00	   1.2928418330613904e+00	   7.7460258347342603e-01	   9.5653631323243904e-01	   1.1149142620723100e+00	   1.1931730330683643e+00	   7.2940198702503689e-01	   7.2934304125658611e-01	   8.8363304692850675e-01	   9.2906960509676040e-01	   2.9358717754777336e-01	   3.6046588416916286e-01	   5.8402670245321930e-01	   4.1572639590964300e-01	   5.7323203097062114e-01	   5.8582554173898682e-01	   7.4741028987485136e-01	   9.1823699551850746e-01	   5.7317385563393553e-01	   6.8273102735485192e-01	   5.1042193265294811e-01	   4.7686536140344138e-01	   4.1214747376651606e-01	   7.3276105224586985e-01	   2.5843578571774140e-01	   3.8498830747444834e-01	   6.5573515131060933e-01	   5.5892626801033496e-01	   3.5337236048754417e-01	   4.6650158624162441e-01	   6.8892848073944890e-01	   1.4586366423557191e-02	
   8.4916893270566352e-01	   8.0744101523171596e-01	   8.6945069420702270e-01	   9.0117358158608396e-01	   0.0000000000000000e+00	   1.0088134726874254e+00	   7.3566762298870347e-01	   8.8563611236753292e-01	   1.0514931014565163e+00	   9.8627791670361797e-01	   5.7894990747191666e-01	   6.6030427382140244e-01	   6.8340341941568994e-01	   5.9580513189734097e-01	   8.0858965841964503e-01	   8.5178497500627326e-01	   6.1938732931189278e-01	   6.4715177003480961e-01	   8.5835308123540133e-01	   8.7259454634752676e-01	   4.2482471057951421e-01	   6.2082542941529806e-01	   8.8211566225665228e-01	   8.6186445958843927e-01	   1.0860022760375925e+00	   1.0754727922544667e+00	   7.9458960560811576e-01	   9.1225410037367138e-01	   5.7990255469401142e-01	   6.1174509801686194e-01	   7.6773172824288172e-01	   7.6715198690589426e-01	   8.9704226278407262e-01	   8.4895956452546262e-01	   7.7291669688920372e-01	   8.5941456661556836e-01	   4.0731871017348409e-01	   6.0829614773053053e-01	   5.5316112666239747e-01	   5.5219283732131075e-01	   5.4343149813179159e-01	   5.9218188318799403e-01	   7.4113206492000239e-01	   6.8539078947659793e-01	   6.3667282050667062e-01	   8.2674996905914733e-01	   6.8876032714058544e-01	   6.9832125692843972e-01	   5.9889077081991071e-01	   4.9595201125770222e-01	   7.4234612377173537e-01	   6.2680738481786469e-01	   6.6235074040566633e-01	   5.4184884563956703e-01	   9.0406761781767697e-01	   9.2360348003757753e-01	   6.7719848448030673e-01	   6.1537290887549168e-01	   5.8311717500756766e-01	   4.9225934920764586e-01	   4.7995790910355207e-01	   3.9869137812080108e-01	   5.9768349243934948e-01	   5.9195093466357007e-01	   5.7518245260308798e-01	   5.4031627100237067e-01	   8.6765210418370853e-01	   9.0219074593522963e-01	   7.2780905386729011e-01	   7.0529273450413577e-01	   5.9605875573261802e-01	   5.7349077693867667e-01	   6.2588400298202818e-01	   6.6578568415532446e-01	   5.6594007900925791e-01	   7.0572432883981218e-01	   7.2237178381959133e-01	   7.5526296505645274e-01	   6.4173830566432188e-01	   7.0115082202350854e-01	   7.7822854442449518e-01	   8.5352509064232596e-01	   8.0741522523247189e-01	   6.3104380289845030e-01	   7.9615609436617996e-01	   9.1783570591024810e-01	   6.5141035475792652e-01	   8.7336990877551468e-01	   9.0100927327304003e-01	   8.8683770117261185e-01	   7.5072788330606344e-01	   7.2547165778296785e-01	   7.8026250143234843e-01	   8.1192496829590188e-01	   4.8055236803551549e-01	   4.6319742904906608e-01	   6.7801356472356844e-01	   5.8718427055520406e-01	   7.6433177134079522e-01	   7.8561232243765566e-01	   7.2083973175628602e-01	   9.5340528672028069e-01	   6.4335889467791862e-01	   8.6483835413891041e-01	   4.6884421071649934e-01	   4.5175749622267297e-01	   3.9892452434133141e-01	   7.9674604920383707e-01	   3.0583939825618300e-01	   3.7777284863699734e-01	   8.2311550457968174e-01	   7.5706221985370115e-01	   5.5360839982494847e-01	   5.8836200836373531e-01	   5.3856620912938569e-01	   1.0707540709382606e-01	
   9.5099762854141101e-01	   7.4181837924922867e-01	   7.4389766998525775e-01	   8.6281250903773965e-01	   1.0088134726874254e+00	   0.0000000000000000e+00	   7.6779496335073116e-01	   8.7050151868927894e-01	   9.0369701020787763e-01	   1.0546470702498416e+00	   5.2816173307772252e-01	   8.4043368928237916e-01	   5.9934159511253848e-01	   7.6931167758079377e-01	   6.8948213757020305e-01	   1.0128940356744571e+00	   8.0941549766762066e-01	   9.5253884210055562e-01	   9.6561160512806354e-01	   8.9776050076104086e-01	   3.3274209344823952e-01	   6.5978163423548752e-01	   7.2986711457250075e-01	   7.2271735261993808e-01	   7.5902535162618134e-01	   9.7741602543378481e-01	   7.5828236667271443e-01	   1.0723978835725265e+00	   7.3408388546118852e-01	   8.6343654621934751e-01	   8.7668473713711315e-01	   8.6476917461594427e-01	   9.3445056004246774e-01	   8.7944549717067699e-01	   5.3894389430714740e-01	   5.9048091469456820e-01	   4.3618594646291098e-01	   6.4923901222393610e-01	   6.2699801562305479e-01	   6.8249820733409194e-01	   6.5626497513961946e-01	   6.5195115398435932e-01	   9.6717133669331345e-01	   7.9970448995715948e-01	   6.6649183881791130e-01	   8.8126454193081949e-01	   9.1541988383974293e-01	   8.3668405045514738e-01	   6.2975227250513721e-01	   6.4202933782262750e-01	   6.5022174930311905e-01	   7.1166983698373798e-01	   6.2304088026376125e-01	   5.5510446189543217e-01	   8.6018292669811136e-01	   1.0492148681635893e+00	   7.8196716210480199e-01	   7.1686590478110768e-01	   6.8426738090103112e-01	   6.3071133133617863e-01	   4.3045618882286923e-01	   3.8230603471011426e-01	   6.3577176287240045e-01	   6.9542474540398302e-01	   4.1131220173248761e-01	   4.6891993354173844e-01	   7.5892507266344955e-01	   7.4488266964844718e-01	   7.7563492062468187e-01	   6.7486737071298863e-01	   6.6200061590997161e-01	   7.4850524944652774e-01	   7.5843498665121856e-01	   7.8718770362095603e-01	   6.8010405248585493e-01	   8.4144888966637987e-01	   7.1543283723674911e-01	   7.2644679086367869e-01	   6.9411219629417276e-01	   8.4745655668255626e-01	   7.9591785507993928e-01	   7.5842202842450146e-01	   7.2655626599146805e-01	   5.8134617274140787e-01	   5.5544579834809682e-01	   7.0928005125637372e-01	   4.5433108976661390e-01	   7.8918316008811018e-01	   7.9700132272819424e-01	   9.2785967604798780e-01	   9.6396124891150536e-01	   8.1383247491646737e-01	   7.9921425197207219e-01	   8.1415398959015761e-01	   2.5493596445338684e-01	   4.4600782488208096e-01	   6.6238939151247322e-01	   5.5511351244621754e-01	   9.6153798596629603e-01	   1.0366357988226338e+00	   7.7440980646142543e-01	   9.1573775069472785e-01	   7.2471995894037933e-01	   9.5359612501691438e-01	   3.5446213179590330e-01	   2.9083973442342381e-01	   4.2145884769538566e-01	   7.7839661269096549e-01	   2.4708905957840810e-01	   1.9121158768474467e-01	   5.8765463740125135e-01	   7.6562848611381418e-01	   6.7193833470902331e-01	   4.0664506759345531e-01	   3.1039822522466098e-01	  -6.3312044890745003e-02	
   7.9913102400864788e-01	   7.2220400214018421e-01	   1.4699048339413701e+00	   1.4151009125967944e+00	   7.3566762298870347e-01	   7.6779496335073116e-01	   0.0000000000000000e+00	   1.9708883428454573e+00	   1.0219519550072484e+00	   1.1757922028748009e+00	   1.0003085369830986e+00	   1.0388553035564889e+00	   1.3984246156517997e+00	   1.1188539769587575e+00	   1.1044904264701016e+00	   1.0842988788539041e+00	   6.7998279819083562e-01	   6.6864520710894859e-01	   8.9371963625076190e-01	   7.6366514847269285e-01	   3.6648176597547122e-01	   5.9526548697848469e-01	   1.2893680989827776e+00	   1.1831580383862510e+00	   8.0916020222186058e-01	   8.4358980174760512e-01	   5.2697034404417642e-01	   5.2579781921327917e-01	   7.7509316593981781e-01	   7.3667034482213412e-01	   1.0890827525098838e+00	   1.0809197511567521e+00	   1.1922867808471058e+00	   1.1339322149420326e+00	   8.5339874284295758e-01	   9.2037727482635623e-01	   5.7783630783631534e-01	   8.0726469745805640e-01	   8.1994459114075380e-01	   8.1650374617895405e-01	   7.6257625823253794e-01	   7.4413191241910781e-01	   4.4816663580199856e-01	   3.2065143300863869e-01	   2.7368375317184418e-01	   4.7653363106721569e-01	   4.0196632073016247e-01	   3.7111012165069746e-01	   2.9921689132473095e-01	   2.9416847445156458e-01	   6.0609877006594648e-01	   5.1621390799995170e-01	   5.2273810763770090e-01	   4.0875433751046625e-01	   7.1967582249064355e-01	   7.2345948726350884e-01	   4.9993730364573075e-01	   5.9517087156459103e-01	   6.3779694904990203e-01	   6.4587591653968801e-01	   1.0255371901189989e+00	   9.4711855612791795e-01	   8.6746037552071020e-01	   1.0078618616542860e+00	   8.9329280112741816e-01	   9.3618562388120508e-01	   1.0072702430910672e+00	   1.0422482558899926e+00	   5.8075549070101107e-01	   7.6930026029986387e-01	   9.7380609547108066e-01	   9.6292759302140085e-01	   9.6755572674602153e-01	   9.4299703833353632e-01	   9.7655432997718028e-01	   1.0674931041647762e+00	   8.7681290427723324e-01	   1.0003652911871703e+00	   6.8304968798669852e-01	   7.5687416068898405e-01	   8.6358052277018760e-01	   9.8980102333776809e-01	   9.2830209813364295e-01	   6.4781026480205828e-01	   9.6641195059585505e-01	   1.1062967510918169e+00	   7.3547830217086552e-01	   8.4584902102817450e-01	   1.0335279359637957e+00	   9.7413198473391238e-01	   6.0173367472101025e-01	   6.7889703466119600e-01	   8.0004370506658995e-01	   9.3200251804534617e-01	   3.1631781119545171e-01	   3.1314548680950421e-01	   5.4036481397467306e-01	   3.5029254404380561e-01	   4.8398761804446583e-01	   5.0750880869467840e-01	   7.1410930892013025e-01	   1.0742659250008602e+00	   5.3022639063884802e-01	   6.5587253993442629e-01	   4.2537462145092519e-01	   5.0931552884562559e-01	   4.5569394510374511e-01	   7.4253121890814600e-01	   2.4140037962186098e-01	   4.4400714245215012e-01	   5.1692873903179160e-01	   4.4894326268636342e-01	   3.9434558729298219e-01	   4.7149705959322702e-01	   6.1981825012299796e-01	  -2.8896294954379030e-02	
   8.2250171110981896e-01	   8.1895840779280737e-01	   1.4553600809293141e+00	   1.6876365546729184e+00	   8.8563611236753292e-01	   8.7050151868927894e-01	   1.9708883428454573e+00	   0.0000000000000000e+00	   1.2339797058364694e+00	   1.3141793554472465e+00	   1.0628569318342054e+00	   1.1306056407892426e+00	   1.3981740778081500e+00	   1.1878671573588346e+00	   1.2217382724431856e+00	   1.2663357813569378e+00	   7.3729452183893562e-01	   7.1751874842458874e-01	   9.2272640301433329e-01	   8.3251259240176856e-01	   3.3397595703655220e-01	   5.8925536850180260e-01	   1.4324081392583861e+00	   1.3329912449062378e+00	   8.9026666097400109e-01	   9.1904751628876968e-01	   4.9936075919074574e-01	   5.3419558733250672e-01	   8.5680375669125963e-01	   7.9555261165070912e-01	   1.1902956028358382e+00	   1.2421873626082496e+00	   1.3878967302028873e+00	   1.3638980116903894e+00	   9.2106331106638983e-01	   1.0560467301108771e+00	   6.2020183471729129e-01	   8.9525824618584138e-01	   8.3723424224738852e-01	   8.8595197740869269e-01	   8.2135909358570158e-01	   8.0812254246727477e-01	   5.2137774234455381e-01	   3.8004733332251195e-01	   3.1833875084473717e-01	   5.4313425865250764e-01	   4.6967094185477343e-01	   4.3973140772392333e-01	   3.5436327592033728e-01	   3.4528658655598871e-01	   7.0450405594099730e-01	   6.1537775039667797e-01	   5.6543375983948141e-01	   4.2626396019359658e-01	   8.8127652329400552e-01	   8.5290982785872749e-01	   5.3571934424985468e-01	   6.3411021955582869e-01	   6.9648774816252224e-01	   7.2437720686991358e-01	   9.8131945491874384e-01	   9.8005649929021155e-01	   8.6850599628724923e-01	   1.1042169845504870e+00	   9.3229924770430928e-01	   1.0641284719561848e+00	   1.1505027431676351e+00	   1.2644839655381956e+00	   6.0329856238302981e-01	   8.1352777452882163e-01	   9.2730904899748134e-01	   9.2746103959160475e-01	   9.5886087410928367e-01	   9.9309226387099780e-01	   9.8603576692220929e-01	   1.1035223619474219e+00	   9.3548277689506076e-01	   1.1073327448694898e+00	   7.6042836953488013e-01	   8.4289656714425742e-01	   9.5671371594784627e-01	   1.0847830211207758e+00	   1.0416251832454793e+00	   6.5318030673867689e-01	   1.0425455662652674e+00	   1.2674647975913529e+00	   7.9923603399941368e-01	   8.8134545549837495e-01	   1.0979954617264371e+00	   1.0798339235170897e+00	   6.7349854333254067e-01	   7.4507508938446121e-01	   8.3511043173545185e-01	   9.4087476882826993e-01	   3.8713690244678711e-01	   3.6888401143677468e-01	   6.2204140196781177e-01	   4.3937682244366982e-01	   5.5120332307021302e-01	   5.7267140661745475e-01	   7.2259912104051072e-01	   1.0387703369982104e+00	   5.3996898833422458e-01	   6.9381633462906656e-01	   4.5717359420333298e-01	   4.9128521249168278e-01	   4.0235172528903029e-01	   7.6207096542360409e-01	   2.5211728327869354e-01	   4.1741538226721692e-01	   6.2771477511082208e-01	   4.8795485618145185e-01	   4.0779350291198613e-01	   4.5633338036279969e-01	   5.7735414123710715e-01	  -6.2446345434320136e-02	
   7.7400151743161361e-01	   9.0854529919183702e-01	   9.5264772800224384e-01	   1.0857301520279610e+00	   1.0514931014565163e+00	   9.0369701020787763e-01	   1.0219519550072484e+00	   1.2339797058364694e+00	   0.0000000000000000e+00	   1.0627881050089401e+00	   8.9097574263952384e-01	   7.7575955325054469e-01	   9.8993053386893815e-01	   7.8444344386797671e-01	   9.7295318429922639e-01	   1.0159898808375141e+00	   7.2767672030834685e-01	   6.4028217274590915e-01	   8.9919439468327556e-01	   8.8315202168544116e-01	   1.9626885510725264e-01	   4.6568221684042677e-01	   1.0459569904466488e+00	   1.0088961608319109e+00	   6.9278048761859767e-01	   8.0932345713978693e-01	   3.6503503185096198e-01	   5.2128573875068063e-01	   7.6535405004747803e-01	   6.7383800121182780e-01	   8.9324119719915229e-01	   9.6342830563061688e-01	   1.1551601500979995e+00	   1.1063423620777806e+00	   8.6017150387219765e-01	   9.3836576466459887e-01	   5.0952715950172622e-01	   7.3772973962764188e-01	   6.2611770228337205e-01	   7.0995716683710408e-01	   6.9570959331851390e-01	   6.5897354509061912e-01	   5.6935825988961297e-01	   5.1134364083429118e-01	   4.9624159718632677e-01	   7.0446732969723469e-01	   5.5752858052782039e-01	   5.3364170003593159e-01	   4.4342100030250264e-01	   4.1222017583203541e-01	   6.4017611648098027e-01	   5.7974006882227269e-01	   5.7622313289950100e-01	   4.8029891896989024e-01	   7.9793545811195665e-01	   8.6761719067949050e-01	   6.3476774752817033e-01	   6.1042083222723997e-01	   5.8837944456167413e-01	   5.2416368441281425e-01	   7.5822927477088453e-01	   5.6566949649387932e-01	   9.0306255626058307e-01	   8.1968771958123499e-01	   7.4870171266330365e-01	   7.2308536685815816e-01	   9.7762757399241185e-01	   1.0858862935355025e+00	   6.1620681015428391e-01	   7.5054319604246189e-01	   6.0603437079399813e-01	   6.4044368348974845e-01	   7.3165363406924711e-01	   7.3962217688278853e-01	   7.2650576165036773e-01	   8.4542388733260099e-01	   8.3126515011074531e-01	   9.0322496067343894e-01	   7.5056272509848454e-01	   7.9090389146768081e-01	   8.5055397704662317e-01	   1.0191295772477222e+00	   8.9914232501255875e-01	   5.0419929044639955e-01	   9.1712252079460377e-01	   1.1602145866375619e+00	   7.1336465010136996e-01	   8.3494453291587123e-01	   8.1701978018446320e-01	   9.5339406658815973e-01	   6.8116671083154012e-01	   7.8290892899992137e-01	   7.8109946353405391e-01	   8.8866490928844166e-01	   4.3869800351327132e-01	   3.3136661539959100e-01	   6.3416703166211086e-01	   4.9883500312885581e-01	   6.0775749481575037e-01	   6.8773595724284631e-01	   6.6196923073243097e-01	   9.0017148259051472e-01	   5.3511003186859807e-01	   6.4573655554137488e-01	   4.2755246185709639e-01	   5.2711198750429022e-01	   2.9613694320546374e-01	   6.9025106286385496e-01	   3.0873648301590007e-01	   4.4197752272455892e-01	   7.7900837257831002e-01	   5.8655507680747965e-01	   5.3603013112909015e-01	   5.7247098973395394e-01	   5.7832797014705783e-01	   3.2072121238472938e-02	
   9.1274482376805366e-01	   7.8068551379275786e-01	   1.1571311035587604e+00	   1.2041617906078907e+00	   9.8627791670361797e-01	   1.0546470702498416e+00	   1.1757922028748009e+00	   1.3141793554472465e+00	   1.0627881050089401e+00	   0.0000000000000000e+00	   8.3061566646682750e-01	   9.5835780469069698e-01	   9.2409161785911675e-01	   1.0194885434890446e+00	   9.9107353215432303e-01	   1.1449240735579653e+00	   6.0797185914308849e-01	   5.9567903435389047e-01	   9.0294518234735988e-01	   8.0899834330605558e-01	   3.1166428317215744e-01	   6.5215934633220307e-01	   1.1626307706170032e+00	   1.2627109291689198e+00	   8.1408417220511931e-01	   9.4610838961152888e-01	   5.4240035789574748e-01	   7.4609304413036748e-01	   6.9703227275622215e-01	   6.5948564811959454e-01	   8.8481394364181531e-01	   9.5472186431447914e-01	   1.0009387305588779e+00	   1.0458161964705206e+00	   8.9329702482678375e-01	   9.3391084116669454e-01	   4.9786532438776221e-01	   6.9885695795968206e-01	   6.1832716518079101e-01	   6.9145108015562695e-01	   6.0991236304260243e-01	   7.2517880853877126e-01	   6.6879003001741910e-01	   4.8700445225369038e-01	   3.8416059744279807e-01	   5.7768481776714031e-01	   5.6354896749759531e-01	   5.0614458283474562e-01	   3.7101354740424591e-01	   3.3741003191668006e-01	   6.5092080879748404e-01	   5.4150665004459531e-01	   6.5408618793044238e-01	   5.0987639971645193e-01	   7.0866590960957843e-01	   7.2595646108032941e-01	   6.6680780635267090e-01	   5.8693652300352483e-01	   4.6548577100896688e-01	   4.3784001361557079e-01	   8.0149838094138670e-01	   7.5936639761533908e-01	   5.7460112030482624e-01	   7.5525445263800395e-01	   8.2208329249220957e-01	   9.1290482423508157e-01	   7.7494740769091774e-01	   8.8185633848348899e-01	   6.3512509214868129e-01	   7.0564882606249524e-01	   8.0728548797744715e-01	   8.7900241437228677e-01	   7.3876257642067134e-01	   7.9804249826633655e-01	   7.5326860570007004e-01	   8.9714657223377625e-01	   9.1195101132056300e-01	   9.3242725413799965e-01	   6.1321067598196111e-01	   6.1893307204701353e-01	   6.8726271145976281e-01	   8.0144253950638022e-01	   8.7192503459545101e-01	   6.5925753499429829e-01	   8.0127286650885166e-01	   9.6940272901054336e-01	   6.4978136164967115e-01	   9.5494839652028563e-01	   8.5060293010509402e-01	   9.8950920948281051e-01	   7.2354982518350452e-01	   7.5541953782651938e-01	   8.3887100777505963e-01	   8.4734145079109069e-01	   2.7250052828951798e-01	   2.9779056510106755e-01	   4.9705488566339784e-01	   3.8112612135950541e-01	   5.3322324545962896e-01	   6.3397505931180997e-01	   6.4407766530492683e-01	   9.9668955821843275e-01	   4.8901532128114888e-01	   7.6959861956123932e-01	   2.5859916350589163e-01	   2.6776734296266841e-01	   4.1986813515297056e-01	   7.0393998614901920e-01	   2.0796924882871323e-01	   3.1559604529202573e-01	   6.1726524650244652e-01	   5.4374104905585652e-01	   4.9551848177383451e-01	   5.1354471397311741e-01	   4.7509151379525760e-01	  -1.1287830566848311e-01	
   7.0149406748506959e-01	   6.0211962786810214e-01	   8.9634450907687202e-01	   8.5459537334936719e-01	   5.7894990747191666e-01	   5.2816173307772252e-01	   1.0003085369830986e+00	   1.0628569318342054e+00	   8.9097574263952384e-01	   8.3061566646682750e-01	   0.0000000000000000e+00	   9.6852465895870221e-01	   1.4150561034865210e+00	   1.0612778941474412e+00	   1.0408896451539082e+00	   8.1781157283917882e-01	   7.8619675642166242e-01	   5.5667482784153000e-01	   5.7664111879325730e-01	   4.8804588071460597e-01	   2.5121476586088265e-01	   4.1959368988438622e-01	   8.9143276215167511e-01	   8.0256602049583781e-01	   5.4491850873790382e-01	   6.6858124502602889e-01	   2.7477531613476358e-01	   3.6197337457905732e-01	   9.1786937110036260e-01	   6.5047424471246951e-01	   7.8274634554243261e-01	   7.6761760861792150e-01	   9.4448063837858487e-01	   8.7770269604553386e-01	   7.7062610131166442e-01	   7.8965820758237104e-01	   6.0851885155911334e-01	   7.3371047039663650e-01	   6.5535766921616367e-01	   6.6671619403099314e-01	   6.7575120234458907e-01	   6.6345542924389045e-01	   3.3993993962757518e-01	   2.7737000647139237e-01	   2.5047459659284227e-01	   4.2377743147781449e-01	   3.4462200449314162e-01	   3.1768824224818570e-01	   2.8528381034980282e-01	   2.0573671866812226e-01	   5.8070580026484087e-01	   5.2103386514471728e-01	   4.0978420582413394e-01	   3.0736979755560784e-01	   6.1742116268355074e-01	   6.1985722257842102e-01	   4.5730354324862910e-01	   4.7592136107810445e-01	   6.7576427848103493e-01	   5.1524475209293508e-01	   1.0122472114211392e+00	   8.4411046704735837e-01	   8.1325526532885428e-01	   8.1227496411573996e-01	   7.4292653805388142e-01	   8.4591222624067752e-01	   7.6917515753982668e-01	   8.6957063860419170e-01	   3.6839604232611040e-01	   4.6442940932980092e-01	   6.9509587604224554e-01	   6.0992569799180485e-01	   8.1349192413277116e-01	   7.0559970631774394e-01	   7.9860148340044113e-01	   8.0827393492834410e-01	   8.8624994659665235e-01	   8.9220452612150025e-01	   8.7734555893957400e-01	   6.9450188098840815e-01	   8.5571622451256946e-01	   8.3424959663915343e-01	   8.7032379735921284e-01	   4.3083789007211148e-01	   1.0090275744665198e+00	   1.0183971454087262e+00	   8.1380084235639694e-01	   6.3960998181783357e-01	   8.2818989831732859e-01	   7.2899148621568577e-01	   3.3182518231639724e-01	   4.5043093306134985e-01	   4.6630485648529874e-01	   6.1505293198924327e-01	   3.3737177628608439e-01	   2.2224314738694137e-01	   5.2187457872590270e-01	   3.9646833017132971e-01	   3.5641439509964856e-01	   3.7868735196449044e-01	   3.4745970561881595e-01	   7.2760699610024937e-01	   3.2444836898170670e-01	   4.9947345915744323e-01	   2.1152735523504160e-01	   2.9088941722861100e-01	   2.0693524482828921e-01	   5.4158219777285832e-01	   2.5813770563068583e-01	   6.4280444612071774e-01	   5.8906791559195038e-01	   3.3072235298340819e-01	   3.6100431804757394e-01	   4.9157863782357408e-01	   5.5656341226419037e-01	  -1.7874501422924427e-01	
   7.7994208776282647e-01	   7.1058242294936480e-01	   9.0770035804388649e-01	   9.6259434096095853e-01	   6.6030427382140244e-01	   8.4043368928237916e-01	   1.0388553035564889e+00	   1.1306056407892426e+00	   7.7575955325054469e-01	   9.5835780469069698e-01	   9.6852465895870221e-01	   0.0000000000000000e+00	   9.8181410529283286e-01	   1.6065204763843712e+00	   1.1228494077098186e+00	   1.3880432187471325e+00	   8.3567309125979694e-01	   9.1715788312433832e-01	   7.3137492806431037e-01	   6.2574837207650691e-01	   3.6490329738992194e-01	   5.9355922751783430e-01	   8.8813655095939348e-01	   9.1300391208195497e-01	   6.2535546499106875e-01	   7.3972044212531263e-01	   4.9530405942248840e-01	   6.9379242776113770e-01	   8.9375800519351700e-01	   9.3214132730384547e-01	   8.8480450886868234e-01	   8.9247438510778065e-01	   9.4867822957060421e-01	   9.5321356603576135e-01	   5.4830226989670150e-01	   6.0481861684866789e-01	   6.9203661648313253e-01	   8.6744796228852006e-01	   8.5558955626260613e-01	   1.0011990046993167e+00	   9.1122542685820385e-01	   8.5301021522546505e-01	   5.1152730479973874e-01	   3.9126337357726726e-01	   2.3889509477342824e-01	   4.4954990530844596e-01	   5.1414479688721992e-01	   4.2415185909932906e-01	   3.1809684262204552e-01	   3.5262239162427539e-01	   4.9760326513136977e-01	   5.5812413503498370e-01	   4.4725117959645178e-01	   2.9333361085557824e-01	   7.9776307184307427e-01	   7.4372651706495652e-01	   5.6536372723701533e-01	   6.9096158875779301e-01	   7.0450046883383322e-01	   7.8395883371656394e-01	   7.6274913045806647e-01	   9.6402864926225773e-01	   7.8084954895666703e-01	   9.8803955477602401e-01	   5.4390569479069706e-01	   8.3744719222528374e-01	   6.4829556419415335e-01	   6.9758233747561138e-01	   5.0065787931325689e-01	   6.3064358539680210e-01	   7.1932260400524439e-01	   7.9379865912966729e-01	   1.0114638494917645e+00	   9.5972734216620592e-01	   1.0033293282411047e+00	   9.4578165503097922e-01	   8.4565415406725808e-01	   9.7338229518500063e-01	   7.7289665069694258e-01	   8.0367903328692580e-01	   9.2128499544136766e-01	   7.7237010180602084e-01	   9.0729094797358401e-01	   6.0521781188590085e-01	   7.0399448348496796e-01	   9.3696503186200408e-01	   7.0686940415581445e-01	   7.2305591443145956e-01	   9.4544067240573582e-01	   9.1010603891319553e-01	   5.3095871490815327e-01	   5.3506430712717434e-01	   6.1750641687703456e-01	   6.3223812214859232e-01	   2.8983783560383547e-01	   3.6917573593882980e-01	   6.1172108006110271e-01	   5.3164572900413987e-01	   5.1495646091303648e-01	   5.1003235973534022e-01	   5.9910353189804466e-01	   7.1144727683831954e-01	   4.7392205233298090e-01	   6.0739804297562883e-01	   1.9379978532384212e-01	   1.3632080678697661e-01	   4.3597904964746498e-01	   6.1544378253829302e-01	   1.5294342835478417e-01	   3.3355177172801770e-01	   5.2549862957470150e-01	   4.2321489206686630e-01	   3.1405164938223395e-01	   4.7461539513468609e-01	   4.0760880533973087e-01	  -2.7538875010001129e-01	
   6.6363084737783762e-01	   5.7574682213917028e-01	   1.0914942195890771e+00	   1.0597299235960427e+00	   6.8340341941568994e-01	   5.9934159511253848e-01	   1.3984246156517997e+00	   1.3981740778081500e+00	   9.8993053386893815e-01	   9.2409161785911675e-01	   1.4150561034865210e+00	   9.8181410529283286e-01	   0.0000000000000000e+00	   1.1372242195777356e+00	   1.0980167981036213e+00	   9.0463933099373894e-01	   7.5739881973701007e-01	   5.7084151820202866e-01	   6.1963399778133366e-01	   5.2367625904597737e-01	   3.8951206715478365e-01	   5.0672692683449316e-01	   1.0730121808457884e+00	   9.4918055610497087e-01	   7.0826286553850282e-01	   7.4090529664884797e-01	   4.2534832452675503e-01	   4.3466364393743828e-01	   9.3667768628960202e-01	   7.6716148870522560e-01	   1.0343545909526237e+00	   1.0082767575334297e+00	   1.0791142715388908e+00	   9.9555599404178330e-01	   7.7606369178715084e-01	   8.7658918056550594e-01	   6.3291912470696976e-01	   7.5730204464155548e-01	   7.5685490847429915e-01	   7.3695479982487622e-01	   8.0413725205499453e-01	   6.4012287494797959e-01	   3.5746915210043917e-01	   2.9075239648461843e-01	   2.6545157632293126e-01	   4.5566634605327527e-01	   3.7072353669275238e-01	   3.7325635255643541e-01	   2.6968514337966171e-01	   2.3271390812825044e-01	   5.8281488676212645e-01	   4.7992084371200117e-01	   4.2507470915093776e-01	   3.0541553043683334e-01	   7.0690123335414201e-01	   6.8779243148109204e-01	   4.0250481606481070e-01	   4.9349512099182313e-01	   6.5667428902104397e-01	   5.7245214666359345e-01	   1.0300476474229150e+00	   9.0887641007063635e-01	   8.8319461148877898e-01	   9.0717814562826193e-01	   7.6182518692565004e-01	   8.5180330867456044e-01	   8.9589025108015186e-01	   9.7638483958734557e-01	   4.2920515314432228e-01	   5.7901087245845406e-01	   8.5620598609073462e-01	   7.5884297423698488e-01	   8.8669735985771192e-01	   7.5335498219113473e-01	   8.6174187386606993e-01	   8.5730842381715511e-01	   8.6902399624574955e-01	   9.8609470426400225e-01	   8.3541569364655643e-01	   7.6381868015077015e-01	   9.3578177956877628e-01	   9.6148958411478991e-01	   8.6077844949669591e-01	   4.9817761078785916e-01	   9.9928192204485711e-01	   1.0735017241002078e+00	   7.6947151551666071e-01	   6.8485981392797346e-01	   8.9874551585866458e-01	   7.9636352205512362e-01	   3.9912527081289184e-01	   5.1946278929802203e-01	   5.6569682645789032e-01	   7.1628200731991665e-01	   3.9906439071476518e-01	   3.4717248535982781e-01	   5.8882027324167285e-01	   4.5081657866562391e-01	   4.0079161242559763e-01	   4.0080552537295311e-01	   5.1075653719050917e-01	   8.6157851963435717e-01	   4.0412764106546450e-01	   5.1580345897439983e-01	   3.1817364226626255e-01	   3.8221011730883703e-01	   2.9625080919314356e-01	   6.8223194635593187e-01	   2.2440991026302198e-01	   5.5560675014552452e-01	   5.7483513548514498e-01	   3.4200505081397081e-01	   3.6262713755367698e-01	   4.7064936390301543e-01	   5.7678145758036381e-01	  -1.3790659125715360e-01	
