   0.0000000000000000e+00	   1.2681516841204818e+00	   4.1624002707929164e-01	   2.8608187573062260e-01	  -9.8306188604113609e-02	   1.3609754885280106e-01	   2.2376719899488678e-01	   2.4581268328205416e-01	   2.4648467801128182e-01	   1.4522265299975126e-01	   6.5486739385351500e-01	   8.6779389304028509e-01	   5.9954716114189721e-01	   5.3462127453475539e-01	   5.5346555993835134e-01	   4.5059427070313818e-01	   7.5991851242254194e-01	   9.4072874850921884e-01	   9.0781292296471494e-01	   8.6328270250707129e-01	   4.5484557090200728e-01	   4.0904190328437878e-01	   3.9844473149453413e-01	   3.2300371551239793e-01	   1.6095111334951612e-01	   1.6167157784414954e-01	   3.1429918676544727e-01	   2.2800747663053725e-01	   5.8265879263793174e-01	   7.6826759071871487e-01	   5.8800075006565466e-01	   5.6480042104088635e-01	   5.5647089053986809e-01	   5.0858239844727526e-01	  -2.7161334494617485e-02	  -9.2719392846399518e-02	   4.3349319985625179e-01	   3.1539488335989246e-01	   6.3796765077964268e-01	   5.2614652996019917e-01	   7.9148554730303888e-01	   4.6212788135225286e-01	   7.3558052157423182e-01	   6.7682748399338577e-01	   4.2078300534099844e-01	   4.5872561044775079e-01	   7.2695563303288413e-01	   5.7833500682185324e-01	   7.0717264861447771e-01	   5.5900021420027779e-01	   7.8726453321135881e-01	   7.2340104969409358e-01	   5.7676285704133667e-01	   2.1777802624063980e-01	   8.6210622721421992e-01	   8.3847930993747932e-01	   9.3468849450821101e-01	   9.8821668792897288e-01	   6.7260828459211275e-01	   5.7625034131343456e-01	   5.5922391604532751e-01	   2.8560298217599306e-01	   6.9455152101475470e-01	   7.2632742780341397e-01	  -9.1500684608576299e-02	  -2.0612124352263778e-01	  -5.9719247841589322e-03	   7.8496130730742908e-02	   1.9441428756380505e-01	   6.0679302809920448e-02	   1.4027610922000230e-01	   2.6559032848475439e-01	   6.9346686346903175e-01	   7.9139965962953729e-01	   7.8005508196654538e-01	   7.8209481138565018e-01	   6.9670788814885232e-01	   7.5510366353523783e-01	   5.3917901270867952e-01	   6.8848630306665426e-01	   7.9222895284497408e-01	   8.4662282061918626e-01	   7.5439979125066814e-01	   5.6447765374700087e-01	   5.4549085382275564e-01	   7.0201877292765080e-01	   8.2138867241600866e-01	   4.5213076704796845e-01	   5.3200809037367913e-01	   5.3713226570727168e-01	   1.0078557751961653e-01	  -2.6026901633601962e-01	  -1.5055825632696823e-01	  -2.5641371517694239e-01	   1.7146724392356337e-02	   1.5635702994934078e-01	   5.9802649843620559e-01	   4.7011520197594137e-01	   5.5449584023261844e-01	   5.3233548991840196e-01	   6.5639356702533944e-02	  -1.7803530483874393e-02	   3.1240726048713829e-01	   1.2430910704030836e-01	  -3.2061778870279341e-02	  -1.1113953332615842e-01	   6.4352269536886199e-03	  -1.6526666269577850e-01	   1.9430771758082305e-01	   4.0010405688811157e-01	   5.1781902653593137e-01	   4.3586512348442474e-01	   2.3319249334041614e-01	   5.9211623360650785e-02	   1.3242172371433569e-01	   7.1399576344855747e-02	
   1.2681516841204818e+00	   0.0000000000000000e+00	   5.1247696536935716e-01	   3.5017756497553654e-01	  -3.7898817645038350e-02	   1.1421400024683109e-01	   1.2507720908818398e-01	   1.9899350043671171e-01	   1.7001387213579111e-01	   6.9287215826065202e-02	   4.7761796148235180e-01	   6.8719508144456132e-01	   3.9835691017229885e-01	   3.6157171467801635e-01	   5.6722760558362006e-01	   3.4708548184846894e-01	   6.3550619890830129e-01	   8.1215928486287881e-01	   6.9501047972455143e-01	   8.1891903369556451e-01	   4.5445750227954734e-01	   3.3209551535573084e-01	   4.4820031575327068e-01	   3.3316890856169012e-01	   3.1852307455860707e-01	   2.7528405096325570e-01	   3.8037722663651280e-01	   2.7855460823727785e-01	   4.0192360405609689e-01	   6.0327245903045945e-01	   4.2233284250541514e-01	   4.1708246130601229e-01	   4.8984893130772822e-01	   4.6579194148249675e-01	   9.0338393832722477e-02	  -3.7155691365124151e-02	   4.2220553587453785e-01	   3.0368322001658821e-01	   5.8765300798447706e-01	   5.5745110579496748e-01	   6.1955261848778831e-01	   4.0704283075128350e-01	   6.9515108075625731e-01	   6.3851879112299270e-01	   4.1739838482953806e-01	   4.3467408504039878e-01	   5.8899785102338975e-01	   5.2324862998927490e-01	   5.3229754186878186e-01	   4.9004461086984408e-01	   7.3060009071746901e-01	   6.4419129163431554e-01	   5.0263160962952236e-01	   3.0001583182729430e-01	   8.4900592512289630e-01	   7.5838546522184591e-01	   1.0704850289839765e+00	   1.1707861877287977e+00	   5.1392379493961893e-01	   4.8851203934333992e-01	   4.4096920714123350e-01	   2.3583261026576152e-01	   5.7940589656430630e-01	   5.5273648829226563e-01	  -1.0803737010094544e-02	  -9.9173754683571161e-02	   1.1953338144549060e-01	   2.2887147287700355e-01	   3.9873752349288372e-01	   2.0484395439028077e-01	   8.8641730818001307e-02	   2.5159478308416794e-01	   5.2357488657656837e-01	   6.1873827142781457e-01	   6.4858565279562586e-01	   6.2206880287798871e-01	   6.5300486943738834e-01	   6.4968832877163796e-01	   6.0549703891079154e-01	   7.4163770387814698e-01	   7.7164452194597100e-01	   8.6973937480051022e-01	   6.5716261134597476e-01	   5.1099722815510051e-01	   6.8218531004079475e-01	   7.6761387610173659e-01	   1.0136066398512740e+00	   5.7423574260679688e-01	   6.2676370312766783e-01	   5.1008515536047072e-01	   6.8676651652720730e-02	  -3.2691423994928964e-01	  -8.9420858395335159e-02	  -3.4879084421559187e-01	   3.8808586539605547e-02	   1.3624947673764401e-01	   5.9184146183262198e-01	   4.7642863324098111e-01	   4.5635451212060807e-01	   4.4964446937813485e-01	   9.8161731263460839e-02	  -7.2852708661978821e-02	   3.0149112741969752e-01	   8.8077969378408713e-02	  -1.1538511116685048e-01	  -1.1839016079988060e-01	  -5.8216097490187524e-02	  -1.7427730337304731e-01	   2.3198440117913649e-01	   4.5825703266793177e-01	   5.0949223552866152e-01	   3.6312615645048862e-01	   2.2085968934939060e-01	   1.3218410023095140e-01	   1.3737249431212484e-01	   3.1004750839867805e-02	
   4.1624002707929164e-01	   5.1247696536935716e-01	   0.0000000000000000e+00	   6.3253649236156451e-01	   9.5337428824096293e-02	  -6.8497409195082640e-02	   5.3523492083534174e-01	   9.3717276468107180e-02	   6.7147599577119488e-01	   8.9028495551280118e-02	   2.2021280213048597e-01	   6.3582251032744855e-02	   1.5983293653255431e-01	   6.1208694961649601e-02	   4.2541761127547867e-01	   1.7801693875867014e-01	   1.7634738180569273e-01	   1.7394494664528043e-01	   3.2377871038200023e-01	   3.1727321758977606e-01	   6.9143053873483429e-01	   6.2031193286211406e-01	   1.0083174195731361e+00	   5.4357327252872922e-01	   2.6468969582732937e-01	   2.6996002348166009e-01	   5.9029214903385230e-01	   2.8838964717681381e-01	   1.5920090935655246e-02	   1.4002310590935577e-01	   4.5899176143120168e-01	   3.4261889708850291e-01	   3.9239057816727013e-01	   2.7795613626086285e-01	   6.6815989580495705e-01	   3.9056133471886934e-01	   2.9469359652211902e-01	   3.2891373162735527e-01	   4.0686541273240895e-01	   3.0392640770016555e-01	   1.8923421910082019e-01	   1.8653090837750372e-01	   3.2021610123679528e-01	   1.7743290528485814e-01	   2.3414206574460572e-01	   1.6095476777688197e-01	   2.6923696448785173e-01	   2.2348377878312559e-01	   2.7472112194855702e-01	   1.9345720268843825e-01	   5.5997043836965532e-01	   3.2435670824982732e-01	   1.6887185670285354e-01	   2.3397885497754251e-02	   3.4640999885849105e-01	   2.9492266125578731e-01	   4.7132636355451080e-01	   5.8036409637229336e-01	   4.2560162539349028e-01	   2.6230784674278551e-01	   3.3129204707530346e-01	   9.8928848020955786e-03	   5.5681899653352261e-02	   4.2804053644424342e-02	   4.0347728887102630e-01	   2.6021201862612370e-01	   8.9211621320734358e-01	   6.5812074481181015e-01	   6.1923357772621190e-01	   4.0716105834052541e-01	   2.2442950593347244e-01	   1.3361744111015281e-01	   2.7101776252827536e-01	   2.0223061054672908e-01	   2.7721956593455832e-01	   2.6791724103149628e-01	   2.1152877661475616e-01	   1.9923069200025420e-01	   3.8783230683984571e-01	   3.4566312662475562e-01	   8.6807392889043433e-02	   2.2244411503090394e-01	   1.7012923263421703e-01	   6.9805976113268137e-02	   7.2881443542414259e-01	   5.1675858244659434e-01	   7.2015534330361319e-01	   4.0837021724259392e-01	   7.3421307598434282e-01	   7.8517978595515681e-01	  -8.6815932150689154e-02	  -4.8439151191624709e-02	   9.8931789525590744e-02	  -1.4932972324334295e-02	   3.4526096442034920e-01	   1.7172078528425777e-01	   5.2274190046840341e-01	   5.4581128881592078e-01	   9.6512439988716212e-02	   1.5718840973430448e-01	  -1.4643339703116473e-01	  -8.6045595792358653e-02	   1.1373480075301654e-01	   8.7583253738107825e-02	   1.0554152751750905e-01	   3.2261809942177105e-01	   1.3918452694013925e-01	  -1.1120186147213322e-01	   5.2619362975625797e-03	   4.9297019958665428e-01	   4.6507417204375467e-01	   6.7310751068415081e-02	   1.1910167206725540e-01	   2.4946882913611262e-01	   3.6506615441054918e-01	   2.8636827187835684e-01	
   2.8608187573062260e-01	   3.5017756497553654e-01	   6.3253649236156451e-01	   0.0000000000000000e+00	   3.0621966135141576e-01	   5.5832282941440747e-01	   6.9221031179490400e-01	   8.8148677053300284e-01	   5.9817407319684857e-01	   5.7882029339134755e-01	   2.2462671646233745e-01	   3.6315530947043423e-01	   1.5290869235747828e-01	   3.8371964219601384e-01	   3.8529585627093776e-01	   6.0008618122460833e-01	   1.3529811210665590e-01	   1.9609253824571179e-01	   4.5160805168581458e-01	   4.9899055983558255e-01	   2.6752175471879536e-01	   3.7793881447953187e-01	   8.1678043231696607e-01	   1.0680932757665966e+00	   6.4506862211410540e-02	   2.6125512196891632e-01	   3.6988598051815336e-01	   5.4916505244546665e-01	   4.3463647801358189e-02	   1.5038294622954873e-01	   3.7339101209149139e-01	   5.3402555168988464e-01	   4.9629310159666062e-01	   5.4600165793909095e-01	   4.6662547292215995e-01	   4.6015116272401979e-01	   3.9494287044213316e-01	   3.6566449729626377e-01	   4.1343916780443235e-01	   3.0417276537020654e-01	   2.1062170274184799e-01	   3.0958032622133541e-01	   3.3973744923997506e-01	   2.7638401091108761e-01	   3.4729504344184770e-01	   2.3805945538331985e-01	   3.6896550886637103e-01	   3.7154519898878635e-01	   3.7100922872883857e-01	   1.9671758576531070e-01	   5.2874229057179778e-01	   3.5935584868851256e-01	   2.3161949054223030e-01	   3.7519784206955148e-02	   4.3311342853112239e-01	   4.3930935927761727e-01	   3.4198550269659872e-01	   3.3064393558649813e-01	   5.1553337286853174e-01	   2.9473243324828585e-01	   5.3809160266221789e-01	   5.4424387373914551e-01	   2.0177858884035754e-01	   2.2248584745451971e-01	   5.9184403849407552e-01	   6.7774622523038874e-01	   6.1199591290705246e-01	   8.8014116804897147e-01	   2.2251706292272797e-01	   2.1773339355245461e-01	   2.2070834895859162e-01	   3.4801030356404872e-01	   2.1407147327494458e-01	   1.8755606236189099e-01	   1.8119525754253482e-01	   2.5158379737437742e-01	   4.4929851960098000e-01	   3.4563104937798866e-01	  -6.1437227477537919e-03	   3.5559497062632639e-01	   1.3681503909384535e-01	   2.7722933844727016e-01	   2.5725312821301316e-01	   2.0515685640759954e-01	   5.4265392016377978e-01	   7.0127632972568787e-01	   3.3156128779390626e-01	   2.2261724832315427e-01	   7.2335186069778057e-01	   1.0279038906503781e+00	   3.5556874831140289e-01	   1.5296184392873116e-01	   2.6574613139641334e-01	   7.3312230724606351e-03	  -8.1597745582802340e-04	   4.8297581375777505e-02	   4.1158519608073352e-01	   4.7172435823827441e-01	   3.0902634371077553e-01	   3.7097235572907367e-01	   1.1051521621912488e-01	   8.5205471828255705e-02	   2.3640887579035402e-01	   2.8485950083776734e-01	   2.1945352783944949e-01	   3.7509948624727951e-01	   1.5593144763551919e-01	   9.9129484224150535e-02	  -9.6268916025728971e-02	   1.5447176584809841e-01	   5.9308625053329334e-01	   3.1841965808403883e-01	   2.9728403607506443e-01	   2.0156122587906561e-01	   3.9193134209234071e-01	   2.0494964648208483e-01	
  -9.8306188604113609e-02	  -3.7898817645038350e-02	   9.5337428824096293e-02	   3.0621966135141576e-01	   0.0000000000000000e+00	   5.8678253644445144e-01	   2.6182210119760541e-01	   1.0759694959144521e-01	  -1.6939499756361348e-01	  -8.1295922929452688e-02	   1.9136305818998098e-01	  -1.2062480941239424e-02	   9.3883992057200411e-02	   1.3413606413997325e-01	   3.0182028496812924e-01	   2.0500273922905277e-01	  -2.6752259419222063e-03	  -5.3376947093913385e-02	   1.2994136730105346e-01	   1.1539878375501153e-01	  -8.1502580318361773e-02	   5.9274071021666673e-02	   3.7424232166888383e-01	   2.7672254283174486e-01	   6.3202790718498048e-01	   8.7116869872329361e-01	   3.7210879617677828e-01	   6.6402807114340001e-01	   5.0067830669270209e-02	   6.3096562843012391e-02	   2.2039644939537814e-01	   1.9559593386426652e-01	   2.8057800304292674e-01	   2.6376471970601961e-01	   2.8526953280627027e-01	   1.4500440501707279e-01	   2.6688271605127223e-01	   3.2882963251220115e-01	   1.7083685460875275e-01	   8.9973567262338683e-02	   3.6587123872658188e-02	   1.8890308938328559e-01	   1.1407603865779953e-01	   1.4921291854714497e-01	   2.7437865226797642e-01	   1.7437440077876762e-01	   1.8016249870553538e-01	   2.1176052658822803e-01	   2.2111270410160064e-01	   3.7154733891973574e-02	   1.8459107785505274e-01	   1.2908199344911390e-02	   8.9931673332080284e-02	   2.6972676048950378e-01	   1.4190138765723997e-01	   9.0152047097671467e-02	  -4.0012318977377892e-02	  -9.8568119110700361e-02	   1.6241819034732607e-01	  -1.4520445926500716e-02	   2.9523895326636657e-01	   2.1005884116394591e-01	   7.3507185270967543e-02	  -2.4030914015261782e-03	   5.4293924942815908e-01	   3.2727108396157989e-01	   3.6232809411532252e-01	   2.4165416286419747e-01	  -2.2081944294221351e-01	  -1.3196796307761194e-01	   4.1273010038797930e-01	   4.0916042591881469e-01	   2.4581992225672464e-01	   1.4498389699670094e-01	   9.0869500203148990e-02	   1.3126589053054805e-01	   1.9524831986352845e-01	   1.3890562572272216e-01	  -6.3447438493832747e-02	  -3.1630190566715871e-02	  -3.0843323375173103e-02	   4.9663097050794199e-04	   5.0050118140856213e-02	  -5.7083235687412741e-02	   1.0551554670246684e-01	   9.7556939277000418e-02	  -1.4721185772993835e-02	  -1.0067314267547822e-01	   3.3754828551882782e-01	   3.1010188857619292e-01	   2.1680004537576253e-01	   2.8795724486123991e-01	   1.6684062158076313e-01	   1.9211741838527835e-01	   6.6886621719891071e-02	   1.1768118270370843e-01	   2.3191913175107659e-01	   2.7788357593472646e-01	   2.8925446954690121e-01	   1.2975797783915965e-01	   1.8957870131476851e-01	   2.6546777807743038e-01	   3.0685777781538393e-01	   3.1857118109230276e-01	   1.0952990730157981e-01	   2.0668191987464116e-01	   1.8546425715633327e-01	   2.5525258428284120e-01	   2.3473329625584485e-02	   1.5215893245694012e-01	   3.3680163369376309e-01	   1.4309275125371554e-01	   1.9557766271419838e-01	   9.4913094907398660e-02	   1.5049263492450876e-01	   1.0861753157225237e-01	
   1.3609754885280106e-01	   1.1421400024683109e-01	  -6.8497409195082640e-02	   5.5832282941440747e-01	   5.8678253644445144e-01	   0.0000000000000000e+00	   4.5152373510281174e-01	   9.0948870061213472e-01	   4.4003967133143966e-02	   5.2896310032137039e-01	   2.8502321612489068e-01	   5.1939235571995379e-01	   2.7844619258393311e-01	   6.0835328344199602e-01	   2.3504380431060309e-01	   7.1551971238467738e-01	   3.2696896943934783e-01	   2.9252162920501001e-01	   4.5197736413014294e-01	   5.2501199623489336e-01	  -2.4457523804477488e-01	   1.9008732878294785e-02	   2.5820773436260497e-01	   5.6511075367775332e-01	   3.4795599561103919e-03	   3.0099321474534868e-01	   3.1570221526283450e-02	   5.1200889865261123e-01	   4.0133973580607263e-01	   4.0679863362132102e-01	   2.7796076078659071e-01	   4.7544275197301000e-01	   4.7947182840752200e-01	   7.1725803253092035e-01	   5.4774699554468627e-02	   1.9343509725777291e-01	   1.8004291241620562e-01	   2.5403662815109118e-01	   1.9832939314067455e-01	   1.6492289752505762e-01	   2.4426857969740598e-01	   1.5656676654217547e-01	   3.1997150727410062e-01	   3.5413749959196050e-01	   5.0163765630330648e-01	   4.7921732064339312e-01	   4.4750883499065430e-01	   5.1451163794092258e-01	   4.2280187948761316e-01	   3.0638881616102603e-01	   1.6727423993794993e-01	   2.9328186571687398e-01	   1.0337279191414295e-01	   1.1873190378182866e-01	   2.7570865384616561e-01	   3.8006209921333328e-01	   9.5093866241990871e-02	  -2.8430217371344921e-02	   1.9900661628738128e-01	   1.6821401305884584e-01	   4.9179517314620341e-01	   6.2979544973824908e-01	   5.1986143816821828e-01	   5.4089020726531012e-01	   3.2206367277126241e-01	   2.2719424634339158e-01	   7.4098895047208721e-02	   3.4880492553976811e-01	  -4.9123898170955166e-01	  -3.4089132364939023e-01	   2.5528624676070277e-01	   4.1036731853274022e-01	   2.2100801985636215e-01	   2.3754720522069575e-01	   1.6981948982984851e-01	   2.1539321044628446e-01	   3.8189448755062616e-01	   3.5346543133094155e-01	  -1.1964698189112689e-01	   2.1806080129220906e-01	   2.7142965300786981e-01	   3.0957156318234896e-01	   4.5885163216409125e-01	   3.2078836142075356e-01	   1.4240382173669333e-01	   3.7705013030510209e-01	   3.9078360541514312e-02	  -4.9689879626456462e-02	   2.5210724148196112e-01	   3.5313799633347537e-01	   5.1547828044324662e-01	   1.9540698858296085e-01	   2.9453570382294303e-01	   1.7706772219825032e-01	  -4.0369711515426632e-01	  -1.1991472805045801e-01	   1.6902864291013797e-01	   1.3578553042573582e-01	   6.4944128062081485e-01	   4.9653253217405496e-01	   4.1834844797687609e-01	   2.6907223692906501e-01	   3.5853459192331705e-01	   3.2002061882540794e-01	   3.5748355824519079e-01	   1.9482707532978727e-01	   2.3663571980782783e-01	   3.0214978627174138e-01	  -1.5265165128700214e-01	  -3.1669041486181396e-02	   4.3994938777748277e-01	   5.5869832825314880e-01	   3.4262370496103389e-01	  -4.9085195408954528e-02	   9.9071611048457478e-02	   5.7738787006715614e-02	
   2.2376719899488678e-01	   1.2507720908818398e-01	   5.3523492083534174e-01	   6.9221031179490400e-01	   2.6182210119760541e-01	   4.5152373510281174e-01	   0.0000000000000000e+00	   6.5368817363251341e-01	   8.0560810382882453e-01	   4.8899050374345587e-01	   5.0971107586788111e-01	   3.1978267995187060e-01	   5.4276301429612894e-01	   3.8554154144185460e-01	   2.7047795506133282e-01	   4.5954444448449427e-01	   6.5577260101822937e-02	   8.8601640228251913e-02	   5.2753782015653261e-01	   4.8249070975956809e-01	   6.0543324197642322e-02	   1.5597975726831484e-01	   6.0494467826010156e-01	   6.8795598084801890e-01	  -1.6550908058775565e-01	   2.5695273662438848e-02	   7.4523589246401688e-04	   8.2732473298224307e-02	   1.8039367087888425e-01	   1.6989104960393497e-01	   4.3782835797812447e-01	   4.6499876141531654e-01	   5.8056639037771818e-01	   5.2390925333560334e-01	   3.1660553693212662e-01	   4.5403982525570385e-01	   3.9737869969159498e-02	  -5.6219613912158522e-03	   2.3199931822706393e-01	   4.9217147791177154e-02	   1.9367234900519706e-01	   1.2309206248187383e-02	   1.9048341489496745e-01	   1.2275695489459661e-01	   2.2401020909129682e-01	   1.8942851605277664e-01	   2.5981855170534718e-01	   2.4575430646912277e-01	   2.4388059619003030e-01	   9.9768467231611910e-02	   3.3455361835923980e-01	   2.3115936760760389e-01	   5.9651255322364052e-02	   4.3899467805038769e-02	   1.0570580585806855e-01	   2.0197391560200176e-01	  -1.2585811014421978e-02	   1.7244919720705073e-02	   3.8113954098882907e-01	   7.1658879965271413e-02	   6.5334559424649374e-01	   3.9131832217685192e-01	   2.1530722901668087e-01	   2.5027722239837297e-01	   5.8086187417946700e-01	   2.8653063609228219e-01	   4.4991245309749278e-01	   4.9118460181406520e-01	   2.3657150234040465e-03	   1.1790192938140062e-01	   1.6862876682782540e-01	   1.9061680424430155e-01	   1.6065784039449124e-01	   1.5557831537745695e-01	   1.6763880133541953e-01	   2.6197118895071148e-01	   1.5280499924733792e-01	   1.3545958868072783e-01	  -1.0291036861840364e-01	   9.1303443306299664e-02	   1.8467047708984670e-02	   1.6508001557422319e-01	   2.4396933530546577e-01	   1.2802667397498718e-01	   2.4738827290167636e-01	   4.4397932619872393e-01	   7.2487988734485392e-02	   3.3521401475968000e-02	   2.6582889848776509e-01	   6.0889567939448408e-01	   2.0426460882812841e-01	   2.3129193672140419e-01	   2.0788564251782524e-01	   2.3680942864946858e-01	   1.2646656111925591e-02	   8.2498770049603598e-02	   2.1923669812516866e-01	   2.7400915634487433e-01	   2.1204663528928092e-01	   3.4418729713706658e-01	   2.8203302795534912e-02	   1.7572845187836147e-01	   1.0706471676964839e-01	   1.5777318829208420e-01	   1.6147526834133630e-01	   1.7155157133391477e-01	   2.5743116541372535e-01	   7.1766170488335820e-02	  -2.0464335195452968e-01	   1.7490454638374203e-01	   3.3249762472068606e-01	   2.1931423894214591e-01	   3.4602814032037393e-01	   5.7330204103831071e-02	   1.9184936446912151e-01	   2.4771674900217666e-01	
   2.4581268328205416e-01	   1.9899350043671171e-01	   9.3717276468107180e-02	   8.8148677053300284e-01	   1.0759694959144521e-01	   9.0948870061213472e-01	   6.5368817363251341e-01	   0.0000000000000000e+00	   3.6734546596162054e-01	   8.0940405782383673e-01	   2.7254112880195364e-01	   6.2245801737332263e-01	   2.8163983807993442e-01	   5.5757580445745136e-01	   2.1823396259414748e-01	   7.1739619586331149e-01	   2.6250732201205035e-01	   2.6018675623902565e-01	   5.7951659919140408e-01	   6.2245966513869999e-01	  -8.7181181262459564e-02	   5.1662685611082497e-02	   2.9078195024434483e-01	   6.8942645451501861e-01	  -2.8323696335956539e-01	  -3.2615075580534322e-02	  -7.5625592175929887e-02	   2.6778298504748188e-01	   3.2308117067412995e-01	   3.3662495855703939e-01	   2.6659966634082116e-01	   4.9214924288830297e-01	   4.3580733027038493e-01	   6.1710402624466021e-01	  -3.0440582981625147e-02	   2.0816680426098347e-01	   9.3454276326573230e-02	   9.5209401806129565e-02	   1.7182372237137913e-01	   1.7442597286151551e-01	   2.5517395821543581e-01	   1.1383862770854702e-01	   3.5837672904400253e-01	   3.5873717635434682e-01	   3.8325830014904849e-01	   4.0430426973207045e-01	   4.4126507531105952e-01	   5.0051893630682431e-01	   3.1785980711970185e-01	   2.5292237049397104e-01	   1.5011889096264441e-01	   2.8317685322986619e-01	   3.1169350309206135e-02	  -9.4771325166512765e-02	   2.4909769724401623e-01	   3.9076558167585329e-01	   1.5761095836848882e-01	   2.9093792820553792e-02	   2.9830515123892792e-01	   2.1068971959185448e-01	   4.7416122204257299e-01	   8.3932928181176270e-01	   4.0641080908911531e-01	   4.8443143658933241e-01	   2.4980619442847563e-01	   4.3311747626009611e-01	   5.3871976842562147e-02	   4.3435915615907766e-01	  -1.8135057905119109e-01	  -9.9505089364656921e-02	   7.2994370705554215e-02	   2.9523873151728985e-01	   1.7019833776553600e-01	   2.2621563332179973e-01	   1.9722308738722807e-01	   2.8580407365405763e-01	   3.3477531650812098e-01	   3.1249261037711751e-01	  -1.1689557231351115e-01	   2.9942134154824318e-01	   2.5060634111764263e-01	   2.8306462636398622e-01	   4.3590053398278872e-01	   3.3007791194347091e-01	   1.8591478435057324e-01	   5.6174335138217213e-01	   8.7690799562361074e-02	   9.3794940850753072e-02	   2.0874823074798066e-01	   4.6032099792614423e-01	   5.3132062051731488e-01	   8.4962376015933719e-02	   3.3624831886377671e-01	   1.0009755463897671e-01	  -3.3464102293568043e-01	  -6.5275766446401332e-02	   2.0386019542274697e-01	   1.8300684610426149e-01	   4.6506880976789022e-01	   5.1430133228734620e-01	   3.0835979896958493e-01	   1.6330709997636669e-01	   2.1357135190623081e-01	   3.4372724029436330e-01	   3.0713418329276110e-01	   2.0090313999092743e-01	   2.1879491233467954e-01	   1.7895455006224342e-01	  -1.6913886812004081e-01	  -2.2577161408733077e-02	   4.0482706232465543e-01	   5.1666446605123706e-01	   4.3062710378841051e-01	   1.2263435667661991e-01	   2.7551062799384196e-01	   2.1556550239881436e-01	
   2.4648467801128182e-01	   1.7001387213579111e-01	   6.7147599577119488e-01	   5.9817407319684857e-01	  -1.6939499756361348e-01	   4.4003967133143966e-02	   8.0560810382882453e-01	   3.6734546596162054e-01	   0.0000000000000000e+00	   6.2957292363754780e-01	   1.9377407681526868e-01	   1.6722057505683760e-01	   1.9808271989659670e-01	   1.5196926236726752e-01	   1.5130163183251777e-02	   1.0060435228123880e-01	  -8.1188065442401758e-02	   1.1778351807729532e-02	   1.9878274452441802e-01	   2.5457413872285567e-01	   2.7510382084982976e-01	   2.3747129744056933e-01	   4.6653188706838811e-01	   3.8100999541379438e-01	  -4.5445071467158510e-01	  -3.5416553974315029e-01	   6.9639501529301234e-02	  -1.1156788064348229e-01	  -1.3375346294331603e-01	  -8.9454337993508104e-02	   2.0227419648437889e-01	   1.7663617571222293e-01	   1.5280136049195192e-01	   1.2607485837088311e-01	   3.0336902317228370e-01	   2.8690489161638921e-01	  -1.2276969048592573e-02	  -6.7890919384113554e-02	   2.0017613828404426e-01	   1.0498073134587088e-01	   1.9705541679710920e-02	   2.8135215733889763e-02	  -2.6035323128675248e-03	  -1.2096070355890036e-01	  -1.0506626276302061e-01	  -1.1007473289636940e-01	   3.0967198522407920e-02	  -5.3560999905370947e-05	   9.5977714157401930e-02	   7.0501565576288963e-02	   3.1463991957468790e-01	   2.5757122853500503e-01	   3.1216727621728729e-01	   9.7580808037043915e-02	   1.5479799280333609e-01	   2.1114279724117663e-01	   8.5414939748273813e-02	   2.7291291015430930e-01	   4.5877414906726371e-01	   2.5095287855459503e-01	   3.8866552683980793e-01	   2.7159216461619901e-01	  -5.3633017527685477e-02	   1.9274801715265619e-02	   3.1366462261465844e-01	   2.4426739341842840e-01	   3.3340945708269665e-01	   3.2294471697275390e-01	   3.4298091092257516e-01	   3.6465202489043341e-01	  -2.2812615382604012e-02	  -3.1582700485952332e-02	  -7.0201918741869637e-02	  -3.1882630575178886e-02	  -4.5485584492641305e-02	   1.3585938834371081e-01	   6.2300173023009921e-02	   2.4833693178894661e-03	  -1.4870940546965382e-02	  -3.5906073621427149e-02	  -1.3046513546044994e-01	  -3.5216322432270630e-02	  -6.9162735787758597e-02	  -7.7708517616489434e-02	   1.1002381760370000e-01	   1.7242584728815200e-01	   6.4710057840914451e-02	  -3.9292662452706170e-02	   2.6673368399870168e-01	   5.0203555217926721e-01	   7.1152225483937029e-02	   2.3215907190656712e-01	   9.4206050145130601e-02	   2.0773019036912313e-01	   1.7729051431622184e-01	   1.9136069189651164e-01	   1.7266420988768752e-01	   2.5012139821112622e-01	  -3.0892406093353360e-02	   2.3494663399324903e-01	  -1.3507228015944134e-01	   4.6430545980633890e-02	  -3.9160115254295788e-02	   2.7260674280858779e-02	   6.1967456604807181e-02	   7.1838099150979454e-02	   1.6763313192775503e-01	  -1.6485846347729693e-01	  -1.3993329918698039e-01	   1.1232321301452658e-01	   1.3641491306910156e-01	  -4.4388306075015718e-02	   1.5863982213762901e-01	   2.0898150265938269e-02	   9.3424869832256202e-02	   2.3688622249568775e-01	
   1.4522265299975126e-01	   6.9287215826065202e-02	   8.9028495551280118e-02	   5.7882029339134755e-01	  -8.1295922929452688e-02	   5.2896310032137039e-01	   4.8899050374345587e-01	   8.0940405782383673e-01	   6.2957292363754780e-01	   0.0000000000000000e+00	   2.5819228848965120e-01	   5.0452884799442055e-01	   2.4378301776868352e-01	   4.8056157377897657e-01	  -6.5278308287273123e-04	   3.8362456321955163e-01	   8.6304989960898137e-02	   1.2632668311588932e-01	   2.3691846322005181e-01	   2.8156784531970835e-01	  -1.0131225560021935e-03	   3.9207369361343433e-02	   1.4440577203633126e-01	   3.2006714518136331e-01	  -5.1074180957733262e-01	  -3.2766520875057237e-01	  -1.4531576570332999e-01	  -1.4816881161931417e-02	   1.5545680790902025e-01	   1.1383133581631190e-01	   1.3635656818035130e-01	   2.4026576034227642e-01	   2.5706596218547917e-01	   3.2336540016067394e-01	   6.7847642795639138e-02	   1.6675917308474175e-01	  -2.8918171943982395e-02	  -1.1825727882969883e-01	   4.6296431649258292e-02	  -4.0420082453484073e-02	   2.6126206849980967e-02	  -1.7249093145371961e-02	   1.9648160748083687e-01	   1.3314384222034062e-01	   2.0255913825408256e-01	   1.7927674562739354e-01	   1.8592218891920259e-01	   2.1152402089938954e-01	   1.6658053798168099e-01	   2.0979813635226849e-01	   1.7328391817668309e-01	   2.6771505803338747e-01	   1.8137919239059400e-01	   6.5679936321695040e-02	   1.4428336534204872e-01	   2.2855189477166044e-01	   2.7016110093219678e-02	   6.0210174365253333e-02	   3.0237879068262719e-01	   2.6997104869278876e-01	   5.3172231035819628e-01	   7.3550579795390059e-01	   2.7702581180442293e-01	   3.1663964614969647e-01	   3.2250519178787707e-01	   4.4367949985791288e-01	   6.1288946640865108e-02	   3.0162626707835105e-01	  -1.1324223822467332e-01	  -4.8653925361223080e-02	  -1.2070535835194529e-01	   2.6518015649744670e-02	  -1.3086779480266583e-01	  -5.2187156098572170e-02	  -2.3483278063240468e-02	   7.9128316910136401e-02	   2.4519741240977921e-01	   7.3291114226467252e-02	  -2.0252166217803666e-01	   5.6461479189675458e-02	   7.6965094798462447e-02	   1.0833948649677086e-01	   1.6892572926101507e-01	   8.5405350469475241e-02	   6.5904489051166748e-02	   2.8423315434167740e-01	  -1.2186649850745951e-01	  -2.8723672392114369e-01	   1.5772245902446927e-01	   3.7057322571585866e-01	   3.6242062835388150e-01	   2.9588197819760464e-01	   2.0400604817645018e-01	   2.1793839562951234e-01	  -2.2856797722670250e-01	  -6.8188133240811910e-02	   4.3170144399092343e-02	   7.4740168042516125e-02	   2.5132080322288319e-01	   4.0959015966893225e-01	   1.5842592989784199e-01	   1.7594889713246131e-01	   6.2427356042099279e-02	   1.7978853862175495e-01	   2.7305049158558459e-01	   1.7006404551058801e-01	   2.2493682868233913e-01	   9.3046592705779682e-02	  -1.5136557312168830e-01	  -2.2834899269941006e-01	   1.7458033070266177e-01	   2.0110401079221121e-01	   2.2462916098494382e-01	  -1.0575655747711779e-01	   4.8605698377933784e-02	   2.0431908861239362e-01	
   6.5486739385351500e-01	   4.7761796148235180e-01	   2.2021280213048597e-01	   2.2462671646233745e-01	   1.9136305818998098e-01	   2.8502321612489068e-01	   5.0971107586788111e-01	   2.7254112880195364e-01	   1.9377407681526868e-01	   2.5819228848965120e-01	   0.0000000000000000e+00	   7.8814948741830393e-01	   1.4122827874118804e+00	   7.7545276317710621e-01	   5.4558467151893553e-01	   5.6823203382180354e-01	   4.1594998469606215e-01	   4.2573816227086858e-01	   6.1028915672622308e-01	   6.8478175841815336e-01	   9.4806937056894455e-02	   1.8525036735067330e-01	   3.1041505270557157e-01	   2.8091153516501005e-01	   1.1609476155810132e-01	   1.2384746469960027e-01	   2.1606042593420083e-01	   2.9292350194424588e-01	   5.6100027715966050e-01	   5.0194375347229259e-01	   3.0396664805774765e-01	   2.5613531084855390e-01	   5.2631042803097239e-01	   4.3272530094963740e-01	  -1.6029792962165938e-02	  -1.0982224175158119e-01	   2.5698609294639951e-01	   9.6819432980758152e-02	   5.4028865154750183e-01	   2.9918535591904516e-01	   5.3084729796012065e-01	   3.9352128225048882e-01	   4.9679503517857332e-01	   4.4249812494795338e-01	   3.4119236760991939e-01	   3.4290667298587152e-01	   4.7330257041339735e-01	   3.8528138003239210e-01	   4.3080139389505034e-01	   2.7681641587844480e-01	   5.8915661985972656e-01	   3.7020754605519846e-01	   2.5286243423982657e-01	   1.6775537397025456e-01	   3.9569272845294573e-01	   4.4964207207768142e-01	   3.2468513837448376e-01	   3.4980073189497074e-01	   4.3277727851504189e-01	   2.3634538199373761e-01	   1.0105713409426862e+00	   4.9538992323924347e-01	   5.7928081000116616e-01	   6.5367784696073949e-01	   3.2186846041009481e-01	   7.2166966233800700e-02	   1.1590476764188680e-01	   1.2413572528646928e-01	  -7.4041255924536781e-02	  -1.4222461238331265e-02	   6.1516175066180234e-02	   1.8949570952000452e-01	   4.6909893835888627e-01	   5.2986328270513394e-01	   4.5760316063237921e-01	   4.8048872220034450e-01	   4.0091542601666003e-01	   4.7658356731408363e-01	   1.8971584645896339e-01	   2.1884344809318787e-01	   4.0800631807857202e-01	   4.8671631731134024e-01	   4.9337357515669278e-01	   2.8479467169358225e-01	   3.7552765014154121e-01	   5.5805737530022437e-01	   3.3516794967801850e-01	   1.2161847488467541e-01	   3.6173898807985988e-01	   3.8868422944303926e-01	   3.8556490567760830e-02	  -1.8190182909504332e-01	  -1.7591744614986105e-01	  -2.4724788434176259e-01	  -3.5784888454290377e-02	   3.4560976245288670e-03	   3.7836195319847099e-01	   3.7366338646427671e-01	   3.2223044897437303e-01	   3.2103695881510080e-01	  -1.3081958502045157e-01	   2.8741580734448317e-02	   1.4614038085164183e-01	   1.7959841836510626e-01	   1.8531796939381792e-01	   1.0910696165680951e-01	   6.6314470357533142e-02	   4.5923248554159996e-02	  -1.3636724141773413e-01	   1.2629371667519668e-01	   4.6460634341916873e-01	   2.6235979668686776e-01	   1.8243151062326637e-01	   4.5107979011397147e-02	   5.8310919830554774e-02	   1.9621834784409536e-01	
   8.6779389304028509e-01	   6.8719508144456132e-01	   6.3582251032744855e-02	   3.6315530947043423e-01	  -1.2062480941239424e-02	   5.1939235571995379e-01	   3.1978267995187060e-01	   6.2245801737332263e-01	   1.6722057505683760e-01	   5.0452884799442055e-01	   7.8814948741830393e-01	   0.0000000000000000e+00	   8.2950494727990187e-01	   1.3212184576788586e+00	   4.3643378360988672e-01	   7.8023330042540895e-01	   5.3861522102481763e-01	   6.4079355446686792e-01	   7.7751927143021726e-01	   9.7144557750348448e-01	   7.1368322431716633e-02	   1.8411074932810623e-01	   1.2831821828931489e-01	   4.1652151068320298e-01	  -4.8700138636679283e-02	   1.3008979746107686e-02	   1.5267683635461221e-01	   2.5436696232979844e-01	   6.6369095408663070e-01	   7.3164087627233587e-01	   3.4483202176791611e-01	   4.3689333970849581e-01	   5.0361996319403768e-01	   6.2063325468574893e-01	  -1.5746651291593244e-01	  -1.1470744362290054e-01	   3.0839225242862195e-01	   1.8237788507989378e-01	   4.9553516761870386e-01	   4.3612413983197817e-01	   6.5258839339246788e-01	   4.2962974420003164e-01	   7.5409813637962098e-01	   8.1105029790435657e-01	   5.8527549789143296e-01	   7.1342982292222423e-01	   8.0678253143548861e-01	   7.5320790879398403e-01	   7.0547683954528484e-01	   6.3894275762541453e-01	   5.6554727571108276e-01	   8.1279317715181532e-01	   3.6212913507695577e-01	   1.7950506120038098e-01	   7.6670088855098095e-01	   9.3030899374950871e-01	   4.2464598669435188e-01	   4.2308504990914375e-01	   5.2556654726445839e-01	   4.9896316812259323e-01	   7.5613494336640841e-01	   7.0346741071549512e-01	   7.6585842182615416e-01	   9.7517801475617616e-01	  -7.8364557616207781e-02	  -2.1981149173215368e-02	  -2.0769310132172930e-01	   1.4461389224395230e-01	  -1.5013367891387527e-01	  -8.7976349355982537e-03	  -8.0148686687938356e-02	   2.2388672674891530e-01	   3.6782811810134713e-01	   5.4330271858676515e-01	   4.8379061198079071e-01	   5.7717986372287988e-01	   6.2603673655869596e-01	   6.3298048833165366e-01	   1.5785824889829941e-01	   4.3679731983519776e-01	   6.1722887395606973e-01	   7.0139571923760557e-01	   7.3018842922841143e-01	   5.8052185125969724e-01	   3.1342861126439753e-01	   8.3010935893701543e-01	   4.0439893675973093e-01	   2.2240462712954373e-01	   2.7875618185930406e-01	   4.2852394578211206e-01	   3.0879232207219787e-01	  -2.0530872416304266e-01	  -1.3616186693557466e-02	  -2.6493920736374227e-01	  -2.9775629369837503e-01	  -1.4480272576898984e-01	   3.9578920320605437e-01	   3.0246513106012807e-01	   6.7914902255815579e-01	   5.9114427004584846e-01	   9.8575479528585627e-02	   7.6699500340788915e-02	   2.4497300599349123e-01	   1.6410599037600349e-01	   1.6391599173459181e-01	  -8.0632376597977853e-02	   2.7749002989359162e-03	   3.3800380214089334e-02	  -5.0022859220837351e-02	   8.7130275219850992e-02	   4.7216590773360689e-01	   5.5197292431080891e-01	   2.4588328266919454e-01	  -8.2213421017840113e-03	  -3.2912292276223706e-02	   2.3457835872665894e-02	
   5.9954716114189721e-01	   3.9835691017229885e-01	   1.5983293653255431e-01	   1.5290869235747828e-01	   9.3883992057200411e-02	   2.7844619258393311e-01	   5.4276301429612894e-01	   2.8163983807993442e-01	   1.9808271989659670e-01	   2.4378301776868352e-01	   1.4122827874118804e+00	   8.2950494727990187e-01	   0.0000000000000000e+00	   9.9514561981342731e-01	   6.6450277429526128e-01	   7.0874783650455908e-01	   3.4097972117831860e-01	   4.6702260735882162e-01	   5.6223266576230957e-01	   6.6310577436519214e-01	   8.3398669512800880e-02	   2.3931280810198152e-01	   2.1103506825460638e-01	   2.9457831335001128e-01	   1.1888543708467753e-01	   1.0439121464067816e-01	   1.3616712125038513e-01	   1.7681269105457773e-01	   6.5937211062644452e-01	   5.9848808750059557e-01	   3.2253117428703942e-01	   2.9437531345769252e-01	   5.2453801066180605e-01	   4.6523910221346959e-01	  -3.4328364481871279e-02	  -8.0446934557018138e-02	   1.9470251817450185e-01	   4.0878345273601249e-02	   6.5684710794843559e-01	   3.4850888652514778e-01	   5.6871968489622693e-01	   3.3635270441609977e-01	   5.4767031998761806e-01	   4.9239778012728541e-01	   4.1995206411244679e-01	   4.9899518567695433e-01	   5.5504528284516241e-01	   5.0116064042299158e-01	   5.0256911492626533e-01	   4.0189621986794943e-01	   5.6170679949091507e-01	   4.3384732872092546e-01	   1.7845172789533012e-01	   9.8073572004424278e-02	   3.7953856776724232e-01	   5.2242294848828497e-01	   1.9634135633576744e-01	   2.5140664021416803e-01	   4.0258334668818313e-01	   2.0393372065770698e-01	   8.3870268547104243e-01	   3.6439213267638032e-01	   5.8851092087632795e-01	   7.0305166813068876e-01	   1.4596531955316819e-01	  -9.1852999015675452e-02	   3.8641741626672402e-02	   1.3500232018901104e-01	  -1.1322215633200960e-01	   9.5694714403107249e-03	  -5.1309402059278211e-02	   8.4843839965276488e-02	   3.6818033938936795e-01	   4.8888492149424145e-01	   3.8326416092924270e-01	   3.8760055486091460e-01	   3.4016951888463270e-01	   4.0731526426892284e-01	   4.4331890664545841e-02	   1.8507874926012868e-01	   4.5635084874316456e-01	   5.8248000769102204e-01	   5.9254894717077922e-01	   4.5106543136774657e-01	   3.4633241250252167e-01	   6.2396057904336444e-01	   3.6078456665976616e-01	   2.1734858879434604e-01	   2.3398092676501930e-01	   3.4133393923684280e-01	   5.0458012684150054e-03	  -1.9852001736835290e-01	  -2.5410673142657647e-01	  -2.2996978486270414e-01	  -1.0727462171016415e-01	  -2.6067658968790139e-02	   3.1549907294070861e-01	   3.1745852988899725e-01	   2.6774831972909835e-01	   2.7501843092780986e-01	  -2.0532143544122083e-01	   8.2566079442476570e-02	  -1.1763906075977371e-02	   1.1821935518370680e-01	   2.0568525672100663e-01	   1.3826356313926325e-01	   9.1778022858997887e-02	   1.2332152917850963e-02	  -3.5289940417451310e-01	   4.6108380375986885e-02	   4.5762068746869067e-01	   2.7621907724308914e-01	   6.3486422931677666e-02	  -1.7865284302019006e-02	  -8.3118892096834651e-02	   1.4436306810032709e-01	
