   0.0000000000000000e+00	   9.2844274253153913e-01	   6.7565060929268894e-01	   1.5494212447150077e-01	   2.5677858096361394e-01	   1.7150925060102445e-01	   2.9424295216317375e-01	   5.5277869518506023e-02	   1.5103694359965161e-01	   1.9380920560604323e-02	   5.2698414680464467e-01	   2.7930773567962042e-01	   4.3864538533940944e-01	   1.5800580137476208e-01	   7.7481991900196412e-01	   4.8118640842994698e-01	   4.4205729273473182e-01	   5.1433153841938517e-01	   1.1096138027140459e+00	   8.9322803850094079e-01	   5.4625880333130694e-01	   6.0980988410777193e-01	   2.5447894680562522e-01	   1.5551308563064067e-01	   3.2398692121310757e-01	   2.5969387411987971e-01	   4.2471807702094250e-01	   4.2735117730805694e-01	   3.0405353631914706e-01	   2.1635487736360759e-01	   3.7118298974089059e-01	   2.6113532208342310e-01	   2.1617961804676034e-01	   3.0434412350771078e-01	   1.3226447135773031e-01	   1.3196819132185902e-01	   4.7136944733903946e-01	   6.6321257603698514e-01	   4.5922793805856243e-01	   5.8710683830284716e-01	   4.9121784431731280e-01	   9.2907091147644671e-01	   5.4269271889981996e-01	   6.3973244764860504e-01	   4.7630791641535775e-01	   6.8818905695200450e-01	   5.7886188284776496e-01	   8.6986846358463144e-01	   4.8553575606500765e-01	   4.7549906574181688e-01	   5.8591449013628305e-01	   4.3730052481894049e-01	   4.5838747789531986e-01	   4.6885886268934790e-01	   7.5298667528054719e-01	   7.1007268057147344e-01	   6.9056811571911891e-01	   2.6810008300803262e-01	   1.8454495816065580e-01	  -2.0490714201715504e-01	  -7.3380893969168517e-03	  -3.0882240472943423e-01	   8.1583798211240788e-02	  -1.4192091142883750e-01	   3.4253734299539915e-02	  -5.1663750206707243e-02	   3.8929684479464544e-01	   2.4983554007209829e-01	   4.9965777329727190e-01	   7.1954919599280476e-01	   6.2014248131249294e-01	   5.7031382761727811e-01	   7.0290640094582679e-01	   6.5404949094853138e-01	   6.5323713030519981e-01	   5.0752903449494258e-01	   7.3793188780162577e-01	   6.9067946474285269e-01	   2.8462468512586275e-01	   4.4522035013096406e-01	   4.8524710282041578e-01	   5.0838958800485246e-01	   9.4847551749976133e-01	   6.2612519200711714e-01	   5.8648159170019087e-01	   4.0971369827429782e-01	   6.4752961702221690e-01	   6.1050765707575516e-01	   6.3957274311165890e-01	   5.4558220510220623e-01	   5.1396897639942596e-01	   7.2670520486436441e-01	   2.6500871025852579e-01	   2.8946779895602970e-01	   3.5980531549802952e-01	   3.6889918804357769e-01	   5.1766633486694724e-01	   7.5453846020687609e-01	   8.7111295885324214e-01	   8.6493744781662485e-01	   1.9060331898482902e-01	   3.3098613923481357e-01	   3.7248412380803320e-01	   6.0730321137904109e-01	   2.3137821069807371e-01	   3.0852117978579285e-01	   2.6712676623896866e-02	  -8.2505402827028909e-02	   3.6329362870990062e-02	   1.9845648313525091e-01	   6.9416904603300122e-01	   5.1902160588375157e-01	   4.6850210652456709e-01	   6.3664987338903989e-01	   4.1794238006336459e-01	  -4.7841928821776575e-01	
   9.2844274253153913e-01	   0.0000000000000000e+00	   2.7835068471802110e-01	   8.9013242464279940e-02	  -9.9754171534139985e-02	   3.1671165534059714e-03	  -7.5614041069443794e-03	   9.8198551166264983e-02	  -4.1332969343787895e-03	  -9.6373952395497509e-02	   1.0087819052769616e-01	   2.1354571642722925e-01	   1.0281797228171551e-01	  -5.2330753265796177e-02	   3.6749543747511637e-01	   1.7797717707424782e-01	   4.3292119946022178e-01	   3.2429727659112934e-01	   7.3245231860619964e-01	   7.2591696832834796e-01	   3.1008678726713312e-01	   4.9989906814011775e-01	  -2.8118600267847731e-02	  -8.7233263526709473e-02	   5.4656055383409022e-02	  -8.9879320385872208e-03	   2.4235418797734498e-01	   1.2220783927698672e-01	   1.1692254781438050e-01	   3.2697026347465068e-02	   6.8840130335026756e-02	   6.6977266439234545e-02	  -1.2971730532009500e-02	   1.7454117412789572e-01	  -1.1721351075813287e-01	  -2.9407933340519873e-02	   3.4139074381723206e-01	   6.5374286119855807e-01	   1.1432329988335826e-01	   3.7527515778425402e-01	   3.2034718380831995e-01	   7.5589818479089355e-01	   1.8326898277901557e-01	   2.6012880886942724e-01	   1.1323834685799292e-01	   3.3156485027045651e-01	   3.1370269230654868e-01	   5.8011925935803732e-01	   2.1041449904536835e-01	   3.5509143064528453e-01	   2.6434162940893824e-01	   3.1783402158539792e-01	   3.8234612581813421e-01	   2.8492029097321808e-01	   4.2310395994043820e-01	   5.6870128926600660e-01	   7.5257835797429151e-01	   5.6897645362810900e-01	  -5.9580876028075963e-03	  -7.6439193779158310e-02	  -1.4297655639203818e-01	  -1.7794413287743788e-01	  -3.9957580174660515e-02	  -1.9854499612167292e-01	  -2.5294694157389908e-01	  -2.8645580360144829e-01	   1.7774265733419652e-02	  -3.6016777690855352e-02	   4.8707633680141427e-01	   4.7004501543928473e-01	   4.2481461929970404e-01	   4.5079368035595058e-01	   6.7697945480954291e-01	   7.7970150693564300e-01	   7.9922697418632982e-01	   5.8691822774036329e-01	   5.1932795979192747e-01	   5.0722811548415092e-01	   1.2098412128104419e-01	   2.6308902405911083e-01	   3.5233531324221085e-01	   2.4586030869867453e-01	   6.9510209581542393e-01	   4.2945711951931459e-01	   1.0999289302325575e-01	   9.3232295779646451e-02	   5.9454813192133693e-01	   4.9397758963026739e-01	   3.1759555400106121e-01	   3.2144002205323641e-01	   3.4831812448096483e-01	   4.5029603788061234e-01	   3.0394103483868962e-01	   7.2929896893894730e-02	   2.7493197026133459e-01	   4.8303776049805769e-01	   3.2634649668942961e-01	   5.9437480328406178e-01	   7.0642463690885415e-01	   5.5538242076230315e-01	   3.5725471610568060e-01	  -6.0416970496947331e-02	   7.2038475886656894e-01	   3.2828334202680870e-01	   4.3684556215857984e-01	   4.1083471653421338e-01	   1.7454248867267586e-01	  -1.1164831819299899e-02	   1.9244240445009878e-01	   4.3746516513367456e-01	   5.0702203801983603e-01	   6.0791722522439573e-01	   3.6618306744404189e-01	   7.6507297758324555e-01	   5.8034589991817365e-01	  -2.8503292285110665e-01	
   6.7565060929268894e-01	   2.7835068471802110e-01	   0.0000000000000000e+00	   6.1986060441428681e-01	   7.8103089459541797e-01	   2.3905466876222986e-01	   8.0597528639216576e-01	   2.5944561339003930e-01	   4.5692651348999513e-01	   2.7933312628337448e-01	   7.7974961969573009e-01	   3.7461463027225261e-01	   6.7836851181197488e-01	   4.8948039072536226e-01	   1.1440602313914612e+00	   6.9282745371095711e-01	   2.0874414214587447e-01	   2.9431912539956956e-01	   7.2642473865181045e-01	   6.0663695850395183e-01	   6.1078328360866285e-01	   4.1683079042242033e-01	   9.5916556585503843e-01	   7.7339571090395864e-01	   8.3525048961565929e-01	   7.5912842778068113e-01	   5.5502078200145943e-01	   5.9623459817108715e-01	   2.2270000197063450e-01	   1.4056414038130494e-01	   6.3745339116433375e-01	   5.3844565989583548e-01	   5.6171737877995731e-01	   4.8785539641363579e-01	   7.7411979731654557e-01	   5.6252110761970886e-01	   3.2469256090459819e-01	   2.9592692653620123e-01	   6.6532569411950970e-01	   3.7634692571975187e-01	   5.3233901466483591e-01	   5.4184666712977791e-01	   6.7029237542104025e-01	   7.4086894251971713e-01	   8.0509762237113613e-01	   5.6415932924868228e-01	   5.7865071794464862e-01	   7.6425260122332539e-01	   5.6111004375410900e-01	   3.4784744240808790e-01	   7.4863955114516134e-01	   5.8643012075907264e-01	   2.4079200904199083e-01	   5.5118303426828041e-01	   5.8938818494608769e-01	   3.3455283112380862e-01	   1.0764612590579281e-01	  -8.3384454907739353e-02	   3.2951749017683596e-01	  -1.7068367650524194e-01	   3.3432417249811608e-01	   2.3024664079997856e-02	   3.2210480361646815e-01	   1.4329115043105492e-01	   9.3355149918556191e-01	   7.4026615485572622e-01	   8.7721192072946130e-01	   7.1460268894853518e-01	   2.1082240668597560e-01	   5.9226895755269471e-01	   4.0193570326257089e-01	   3.5052910802278625e-01	   3.9131691222244042e-01	   2.0009412054433570e-01	   2.2691274139327636e-01	   3.1930704885556260e-01	   4.4334590487041425e-01	   3.0471099688754499e-01	   2.5627785280356830e-01	   1.9268015803399463e-01	   3.3274044245736817e-01	   3.5393658518544813e-01	   7.8060145191151387e-01	   5.6600067978367152e-01	   8.0618705728455020e-01	   6.2232621905967567e-01	   4.0215316866302131e-01	   3.4864773820550110e-01	   9.3182726439383368e-01	   8.3747381876499793e-01	   6.6746803002730626e-01	   7.2039546616501104e-01	   5.2598526889262209e-01	   7.0261101075211130e-01	   2.0773239136522036e-02	  -5.7628314059388577e-02	   4.3412047179112878e-01	   3.4560508915931271e-01	   5.4654790969403000e-01	   6.3289757673168745e-01	   3.5531418239399204e-01	   6.6451593379163165e-01	   1.7040201794981258e-01	   5.5605149334128945e-01	   2.4049617942041618e-01	   3.3976903613340836e-01	   1.3764742146083533e-01	   1.6702901109849344e-01	  -2.1710754331233378e-01	  -9.2002406837823330e-03	   5.8733319273985718e-01	   4.2549814106401318e-01	   3.0826385535207695e-01	   3.5166828020324492e-01	   1.4994342035512725e-01	  -3.0828752356288153e-01	
   1.5494212447150077e-01	   8.9013242464279940e-02	   6.1986060441428681e-01	   0.0000000000000000e+00	   2.8477810459934466e-01	   2.0392798049137728e-01	   3.8696027283461759e-01	   4.1371430376442819e-01	   2.2660007578765284e-01	   2.7053784385988422e-01	   2.7100887510426536e-01	   4.4726829170666471e-01	   1.5031651748143632e-01	   4.1311147430110595e-01	   5.3036646095869033e-01	   9.6735131302743760e-01	   2.7429902759775186e-02	   1.2424791621552109e-01	   3.7519384313543447e-01	   5.2882733499583690e-01	   4.2040616939095210e-01	   3.1039433828007457e-01	   8.9352047135064405e-01	   1.0304890454825213e+00	   6.5228774054603633e-01	   7.7647489661826463e-01	   4.9914389820173105e-01	   3.5091638456701457e-01	   1.3594635610691577e-01	   2.1380998362933307e-01	   5.3253044129285387e-01	   6.6779351513560870e-01	   4.4442730942713549e-01	   4.8720964289166735e-01	   5.6080179935891183e-01	   4.8964399099573935e-01	   2.1661881289379636e-01	   3.0088012106147599e-01	   3.9252786313737342e-01	   3.1593462911363845e-01	   4.0513193481064630e-01	   4.1507518373254459e-01	   3.3146821714864139e-01	   3.8321385476606151e-01	   3.0122052122501131e-01	   2.9644904186057064e-01	   3.4309985526304287e-01	   4.0061641916262847e-01	   7.7474034695383873e-02	   1.7327474876829230e-01	   3.5267948261055393e-01	   4.3154132948042545e-01	   6.5700381478737427e-02	   3.4744688776711008e-01	   2.1446156938399272e-01	   2.9438620478111538e-01	  -1.0712990520297198e-01	  -1.4359787583363881e-01	  -5.5966125894578472e-02	   5.5424529797041322e-02	   8.8988381896864047e-02	   2.4395284001860690e-01	   3.3160749196118150e-01	   2.8232221354705123e-01	   6.4407320331234785e-01	   7.5858744169899794e-01	   3.5123720318791724e-01	   6.3517805166178420e-01	  -6.2008112679253248e-02	   3.5403179061011059e-01	   2.3946553495136633e-01	   2.3853531636772518e-01	   1.9024409926711894e-01	   1.4769569622321047e-01	   1.6410419690709940e-01	   3.0223449602185959e-01	   1.8794213792743539e-01	   2.1925656081228978e-01	   1.0811054838860383e-01	   2.9337888479196800e-02	   2.4009067612962204e-01	   2.4151598765187365e-01	   4.4113988113163682e-01	   6.5039951622762815e-01	   4.6839161175437394e-01	   8.9402830904638819e-01	   2.6305300034095613e-01	   4.0397355158166354e-01	   4.4255125678395651e-01	   8.4675246183197850e-01	   5.9712095662146658e-01	   4.6337040851480443e-01	   6.1339914124338368e-01	   4.1126539833978171e-01	  -2.2995157468978736e-02	  -1.7341556919044113e-01	   2.0570584288747637e-01	   1.2538980457496221e-01	   3.4645347376131347e-01	   2.9330980594824652e-01	   6.3625850640811332e-01	   3.1791749388678558e-01	   3.0767491203272485e-01	   2.9693794420949710e-01	   1.7437217609110517e-01	   3.3848795231188517e-01	   1.2068467299238239e-01	   9.6075839047880487e-02	  -3.0627614845292744e-01	  -7.2673350300762468e-02	   2.9417074857529235e-01	   3.8198972793991715e-01	   1.9619762194717560e-01	   2.5214185890952656e-01	   1.2551349336264900e-01	  -2.4807782436377046e-01	
   2.5677858096361394e-01	  -9.9754171534139985e-02	   7.8103089459541797e-01	   2.8477810459934466e-01	   0.0000000000000000e+00	   5.9341708255587511e-01	   9.9567579933117256e-01	   3.9234119295089859e-01	   8.5598200701240812e-01	   5.4182028845719898e-01	   1.0080041297608808e+00	   5.2047523003231611e-01	   9.4260886261837040e-01	   7.9778592602680598e-01	   8.6270639726290210e-01	   5.1570226204103276e-01	   1.5566889879529555e-01	   3.8329729872378543e-01	   3.0444833109805802e-01	   2.8442078794958747e-01	   5.0430721699385628e-01	   3.6780767772748174e-01	   5.4146036490050675e-01	   4.6354166389055163e-01	   4.8305435564105637e-01	   4.5981481507693844e-01	   5.6073351115191961e-01	   8.9661309449419080e-01	   3.9608433510754826e-01	   3.8805202619798485e-01	   3.7318991517112576e-01	   1.9568569200912117e-01	   3.1992646746983572e-01	   3.1861749341919088e-01	   3.5349232086253746e-01	   2.4783161567015080e-01	   1.8041065135368922e-01	   1.3933316292793319e-01	   5.6552115483862542e-01	   3.0606879411806809e-01	   3.8351803735877105e-01	   1.7700865706101793e-01	   6.9423195815628669e-01	   5.5141357759235166e-01	   7.0744334430938960e-01	   4.8390935273662644e-01	   5.6913351439848903e-01	   4.2610734587733023e-01	   7.2461643580337198e-01	   2.7935030003611422e-01	   7.6596156154370088e-01	   3.8569797249394155e-01	   3.3378938618508469e-01	   5.0029945051712255e-01	   5.4794606777969701e-01	   2.0046241754304803e-01	  -9.3541456431008984e-04	  -7.8182564726529277e-02	   6.5145238241978543e-01	   6.7314882724504241e-02	   5.8487796264300618e-01	   1.6607685107676878e-01	   3.2840198866897824e-01	   3.2649877072991307e-01	   6.9493116312814984e-01	   5.0451267599605853e-01	   7.5691065584969497e-01	   5.5571936033233316e-01	   1.9493960625263002e-01	   5.4235027862299334e-01	   2.2245894789398696e-01	   1.7359938223126842e-01	   1.4231977956169578e-01	  -1.0627115729335357e-01	   3.0734257797235293e-02	  -5.4972104949830666e-02	   3.5175594435988444e-01	   2.2747404807488233e-01	   4.1458559778125009e-01	   2.1204511524122047e-01	   3.5626467214291285e-01	   3.6928908180971476e-01	   2.9943941532299495e-01	   5.1297633064859471e-01	   7.4226432040544577e-01	   3.8195046846530445e-01	   4.8406974105340020e-02	  -3.6571241507286883e-02	   7.8474496726433585e-01	   3.5612895279326123e-01	   6.8031924143736089e-01	   6.4431618243090949e-01	   4.1630510138898458e-01	   1.0134382324472373e+00	   1.8944336206225803e-02	  -1.3305775490913294e-01	   4.5280377768824631e-01	   2.4354072016944836e-01	   4.6662245061540192e-01	   4.9179829245478968e-01	   2.0436539407572440e-01	   8.7383529239274071e-01	   9.0415864490881029e-02	   6.1270070234539165e-01	   5.5674578371985965e-02	   2.0036248520526842e-01	   1.4100680435944188e-01	   3.1594188982866422e-01	  -2.9112540465464615e-01	  -1.0879220181330088e-01	   3.7976019381441550e-01	   2.2753570746148533e-01	   4.4122610224583281e-01	   9.3468366640509157e-02	  -5.0681551284455041e-02	  -8.0157950864707006e-02	
   1.7150925060102445e-01	   3.1671165534059714e-03	   2.3905466876222986e-01	   2.0392798049137728e-01	   5.9341708255587511e-01	   0.0000000000000000e+00	   9.0807484923932658e-01	   1.0728893246648334e+00	   1.2476243476964068e+00	   1.3050242507530421e+00	   7.0527368034772508e-01	   8.3622404937088979e-01	   7.5067058682011878e-01	   7.4577414141868015e-01	   5.1415148803515953e-01	   2.2493595450669895e-01	   1.1569334338795426e-01	   2.0611331004110078e-01	   1.4721259807050432e-01	   1.4324434077426823e-01	   2.9193408828904360e-01	   3.0795387227167043e-01	  -4.1579664985498289e-02	   4.5427034432473409e-02	  -2.2366952358433234e-01	   8.1276394774697808e-02	   1.3579237995787843e-01	   5.9552154036077687e-01	   3.0360885689419637e-01	   2.6112686388428052e-01	  -2.7722775968557094e-02	  -7.2637153437715568e-02	   9.2925573598176753e-04	   2.2853385293714940e-01	  -2.5815179646999964e-01	  -1.6287427750822267e-01	   1.1581656811483010e-02	   7.6018169900466198e-02	   1.8500405349579369e-01	   2.0744279956475944e-01	   2.5447500598281753e-01	   1.2956828133621096e-01	   1.9625143803772535e-01	   9.1565423583130759e-02	   2.9240893195750445e-01	   4.9509990569126849e-01	   2.6502850690942792e-01	   1.0227258824941671e-01	   5.6228103206181301e-01	   4.6075010126897498e-01	   5.9009475554406210e-01	   4.7798569683216308e-01	   6.6496311604051972e-01	   5.0808212625336457e-01	   3.7908937147720823e-01	   3.0830337231966609e-01	   1.9875517037564006e-01	   2.2479757972564005e-01	   7.3094129061165813e-01	   5.7186321885809588e-01	   8.8811858949905453e-01	   6.5449275540333485e-01	   5.3916612582394507e-01	   5.5590633786862453e-01	   2.2642192578065679e-01	   4.7063538466344951e-02	   1.2421235651255433e-01	   1.0133518140687722e-01	   1.0295291075255403e-01	   3.1099282526742728e-01	   1.3368301326100196e-01	   8.3788500940384009e-02	   2.4981812304499479e-01	   3.7143167581304128e-02	   1.7745821467496722e-01	  -1.8151522771658032e-02	   2.9600885145507450e-01	   2.5406090254175634e-01	   1.8475461110315619e-01	   1.7032296724874493e-01	   3.0073430084663927e-01	   2.7447335937321782e-01	   1.4635885939163820e-01	   2.9071415139923024e-01	   2.2620255377305570e-01	   1.7069331970088860e-02	  -1.6866135370960350e-01	  -1.9356694610662470e-01	   4.5578672524505992e-01	   3.5252678217942890e-01	   4.6418929069005388e-01	   3.8880813008821480e-01	   2.6773566113435948e-01	   3.9089721304469760e-01	  -4.9077824012363255e-02	  -1.3411006937250064e-01	   1.8526114260154999e-01	   1.2468317838402572e-01	   4.3074155270690612e-01	   4.0074226640281280e-01	   2.4884430985835210e-01	   5.3734840953984053e-01	   1.6591017824313445e-01	   4.0096804489768234e-01	  -1.9982694001652904e-01	  -9.4416414219654313e-02	   1.7376635488727252e-01	   2.2020688700298555e-01	  -9.4637080796144787e-02	  -1.0915261318975794e-01	   3.5364532823487956e-02	   1.5364326430029504e-01	   4.9912001143376894e-01	   1.4026279542896120e-01	   3.8243480077196204e-02	  -1.9573747227272051e-01	
   2.9424295216317375e-01	  -7.5614041069443794e-03	   8.0597528639216576e-01	   3.8696027283461759e-01	   9.9567579933117256e-01	   9.0807484923932658e-01	   0.0000000000000000e+00	   8.5764261125481245e-01	   1.3990656546131159e+00	   8.3549530354020840e-01	   1.0347901765013650e+00	   6.9866986373862994e-01	   1.0014821347832403e+00	   8.3364422124753057e-01	   8.8484582555756408e-01	   4.2010137337128806e-01	   2.1681362254727923e-01	   3.2373290475098732e-01	   3.9818867610724679e-01	   3.0865965071623114e-01	   4.9749230043121462e-01	   3.0697164998648929e-01	   3.4675471419587489e-01	   3.1131876085160060e-01	   2.2861704783723263e-01	   3.8690730027700182e-01	   2.1159410193863806e-01	   5.9819918629418345e-01	   4.6049231241137761e-01	   3.5273746333580763e-01	   3.0382879636258525e-01	   1.8470609251848460e-01	   3.5258482528585489e-01	   4.6900481617552914e-01	   1.9938405257535230e-01	   1.5145089278416371e-01	   2.2515398037593781e-01	   1.5357988198419922e-01	   5.5380562211343787e-01	   3.7698069031110010e-01	   4.2590994359632994e-01	   2.1751454495405287e-01	   5.7293818800329088e-01	   4.6687344779464052e-01	   6.0348324497394046e-01	   5.0614127802256537e-01	   5.4746451678122066e-01	   4.2518892213340442e-01	   6.3443247756247201e-01	   3.5639065703676026e-01	   7.5748753565995841e-01	   4.9010333981483545e-01	   5.2909545579029416e-01	   5.1427943330718606e-01	   5.4877795030766319e-01	   2.9856160896337280e-01	   1.1571702531079812e-01	   1.2524219070346159e-02	   7.1273116261505187e-01	   1.9210632363196789e-01	   9.6999444221729947e-01	   4.7225770731542904e-01	   5.7794697614676704e-01	   5.3702448273204140e-01	   6.4128204091938179e-01	   4.4412697542821067e-01	   6.5870486046330612e-01	   5.0558176329258686e-01	   2.0175554036433144e-01	   4.1571003595778244e-01	   2.6971192060304061e-01	   2.1983871384510242e-01	   3.4803021237640003e-01	   4.8937807385341113e-02	   2.1953808355133408e-01	   8.5673621696300647e-02	   4.6867813405477571e-01	   2.8998371772630949e-01	   3.8630440526093041e-01	   2.8847555886771153e-01	   4.0918051207337225e-01	   4.1946732965265265e-01	   3.5836954600866661e-01	   4.2149745026905278e-01	   5.0655822877013856e-01	   2.3581810433557532e-01	  -7.2196805347968296e-02	  -1.0255692845181091e-01	   8.1840985044685155e-01	   5.2457938875844989e-01	   6.0692724983346236e-01	   6.0420307498848702e-01	   4.0979253149264194e-01	   7.1630640437183446e-01	   3.6172315794154253e-02	  -6.1103064590135418e-02	   4.9547746052076380e-01	   2.5101499029099750e-01	   4.9056657387010438e-01	   5.2786785780482393e-01	   3.5842903616774896e-01	   8.6673020708592052e-01	   1.5493540795288849e-01	   5.9549226961261681e-01	  -6.5822934259415600e-02	   1.0122138816058597e-01	   9.9237103182399963e-02	   2.7103410240423070e-01	  -1.3464412841277001e-01	  -5.9883058652895345e-02	   3.1506345170954858e-01	   3.2302045550118474e-01	   4.9075478079551393e-01	   2.0564099305840486e-01	   5.7578829403956429e-02	  -2.8186518144607442e-01	
   5.5277869518506023e-02	   9.8198551166264983e-02	   2.5944561339003930e-01	   4.1371430376442819e-01	   3.9234119295089859e-01	   1.0728893246648334e+00	   8.5764261125481245e-01	   0.0000000000000000e+00	   1.1210201950083101e+00	   1.2770647850273777e+00	   5.1325080857312899e-01	   9.6815290368564377e-01	   5.6093746177837200e-01	   7.3608234585115673e-01	   4.1929511776698258e-01	   2.0496857987247752e-01	   5.2186338696792296e-02	   1.1253362222089247e-01	   1.1339906814069131e-01	   1.8922424813334685e-01	   2.2326719673093498e-01	   2.0001280771861968e-01	  -5.1903212489418087e-02	   6.1805209690416266e-02	  -2.0529106501639352e-01	   8.1626742623134907e-02	  -6.2207265455325081e-02	   2.3758268079342226e-01	   2.6775193234449146e-01	   1.9716636200330712e-01	  -1.0278778372326780e-01	  -4.7697958996702858e-02	  -3.8205471784750082e-02	   2.8621557173889867e-01	  -2.3641998605264369e-01	  -1.2044763266429553e-01	   1.2158129705115293e-02	   1.5218855287828215e-01	   1.2861893555518167e-01	   2.6407451524938191e-01	   2.0214589032550723e-01	   1.0093004197838688e-01	   1.6849919383113193e-01	   6.3733372175216130e-02	   1.2467931847980079e-01	   3.2840840776172298e-01	   2.4759754138658660e-01	   1.0705130436812604e-01	   2.9706411118403686e-01	   3.9958823997225884e-01	   4.0996444080690475e-01	   5.0732058346611808e-01	   5.4120895771851640e-01	   3.7996550958120157e-01	   2.5250127058207272e-01	   2.9118801572863007e-01	   2.4591385518320691e-01	   3.9551395815325047e-01	   5.6120424066544938e-01	   6.7985952409020545e-01	   8.9728199189591018e-01	   1.1748201068860151e+00	   5.2559282007602381e-01	   7.8940840740647022e-01	   2.1186044913082402e-01	   1.7248417595923740e-01	   6.0192660911859840e-02	   1.4235757857625381e-01	   9.3104805252413672e-02	   2.1365140618006179e-01	   1.3478027545706228e-01	   1.6566356730741155e-01	   2.2980027442943357e-01	   7.5776003509846590e-02	   2.7117584580036314e-01	   1.2765884526947943e-01	   3.3385593586649071e-01	   2.3227530059311732e-01	   1.0360332928039886e-01	   5.4039611711514578e-02	   2.6509441340266904e-01	   1.7511577928740935e-01	   1.1875703999237898e-01	   3.0164883944060866e-01	   7.0146386580319173e-02	   4.0478393712922826e-03	  -2.4751354759540203e-01	  -1.7543220746840160e-01	   4.5492425494301175e-01	   4.9759546902353002e-01	   4.5448518424975792e-01	   3.1782756042226534e-01	   4.6067298074434238e-01	   3.1063464908423549e-01	  -2.9296959150026520e-02	  -4.2894698081067063e-03	   2.5659496568745255e-01	   1.3290981623497414e-01	   3.9966276070663870e-01	   2.9841698645488279e-01	   5.5868882456392743e-01	   3.8320864240707819e-01	   3.7545268986945463e-01	   3.1810938191244054e-01	  -5.0085072927290039e-03	   5.0323676417035543e-02	   3.1891847335561835e-01	   2.8319759264279099e-01	   6.0453306233567089e-03	   8.6942366586861886e-02	   7.3270698565289227e-02	   3.3474175705689729e-01	   4.3787006040479048e-01	   2.4425742071781531e-01	   2.6228483565060734e-01	  -1.3090899261028940e-01	
   1.5103694359965161e-01	  -4.1332969343787895e-03	   4.5692651348999513e-01	   2.2660007578765284e-01	   8.5598200701240812e-01	   1.2476243476964068e+00	   1.3990656546131159e+00	   1.1210201950083101e+00	   0.0000000000000000e+00	   1.1385386144154390e+00	   8.4665600735780477e-01	   7.5681837276340558e-01	   9.3056776956095044e-01	   8.8980771981931794e-01	   6.7258289837638685e-01	   2.3457270746718273e-01	   1.4993139362356617e-01	   2.1701236961616310e-01	   2.1704718233372375e-01	   1.8900363132855105e-01	   3.5288622060470065e-01	   2.3718362822758601e-01	   7.5233160698012821e-02	   9.3027787976776077e-02	  -7.9570884936565542e-02	   1.6380040898328307e-01	   1.2007579957359432e-01	   5.6527992360377788e-01	   3.8832625828413653e-01	   2.7052947814431361e-01	   8.2489286975611503e-02	  -5.2726329850039371e-03	   1.0588167596266138e-01	   2.9427302902255686e-01	  -1.2090355916977036e-01	  -7.7530356154121446e-02	   4.7716508453424192e-02	   6.6938940159139787e-02	   2.8589364091851704e-01	   2.6189467969558128e-01	   2.4850417518544943e-01	   7.0157618134628882e-02	   3.4357758283947687e-01	   2.2563836129312820e-01	   3.4601533070311546e-01	   3.4760055084458574e-01	   3.4090549565489869e-01	   2.2151930261522251e-01	   5.7492630345451334e-01	   3.4901575303476345e-01	   6.4647040072112105e-01	   4.6002786535416629e-01	   5.9633594184066996e-01	   5.1269465168321426e-01	   4.1461688675628822e-01	   2.7998546651486145e-01	   1.6255909665644744e-01	   1.2444678321223586e-01	   8.5617797238604310e-01	   3.9770904381120942e-01	   1.1208913796607876e+00	   6.2475157499175626e-01	   5.7623471020639916e-01	   5.7673235511982579e-01	   3.8761224927389049e-01	   1.8577041153906826e-01	   3.0753355107453728e-01	   2.0264531375859474e-01	   1.6511801014764044e-01	   2.9675849231349122e-01	   1.0754802609967096e-01	   1.2534085199866957e-01	   2.3010134457603354e-01	  -5.6070401687380450e-02	   2.1109807044818862e-01	  -8.4653382821566245e-02	   3.1572889589741848e-01	   2.0145751598926581e-01	   2.7696008756600243e-01	   1.9623362285450882e-01	   3.1285677187893440e-01	   2.8439460426042951e-01	   1.8650980733716194e-01	   2.8270283464479917e-01	   2.8951455161529560e-01	   9.1948020790829886e-03	  -1.7726273201821288e-01	  -2.3814914946735644e-01	   5.9465562743723832e-01	   3.8593708052867037e-01	   5.0002038412670802e-01	   4.5223976011952627e-01	   3.1657133783764946e-01	   5.7482435272039312e-01	  -5.1040317687466634e-02	  -5.3476837530039331e-02	   3.2049945639340977e-01	   1.2670808062254579e-01	   4.1613743217211580e-01	   4.4978337576938932e-01	   3.3556092783579039e-01	   6.7772136062340116e-01	   2.0735150116133100e-01	   4.5669691389430978e-01	  -1.1466800005462353e-01	   1.9540320458941484e-03	   1.7698787219291376e-01	   3.3077128518095578e-01	  -8.2087272555785101e-02	  -6.8774598094411943e-02	   1.0311859416205399e-01	   2.0878852272432558e-01	   4.7567100197283441e-01	   1.6577029061881443e-01	   8.6805291475503907e-02	  -1.4524264149855939e-01	
   1.9380920560604323e-02	  -9.6373952395497509e-02	   2.7933312628337448e-01	   2.7053784385988422e-01	   5.4182028845719898e-01	   1.3050242507530421e+00	   8.3549530354020840e-01	   1.2770647850273777e+00	   1.1385386144154390e+00	   0.0000000000000000e+00	   6.1265679927887606e-01	   1.0048747871480446e+00	   6.4083589442051403e-01	   8.4451534359841796e-01	   3.9976002902334767e-01	   2.0514171317539187e-01	   4.5718701832565573e-02	   6.8742184890476898e-02	  -6.4750016744253274e-03	   4.7936079073707033e-02	   1.4886106206870511e-01	   1.9767085020933717e-01	  -3.7906186305682256e-03	   1.1614050851224500e-01	  -2.2389438282913354e-01	   9.2433901951971223e-02	  -4.4816172057083249e-02	   3.5974969328875472e-01	   1.9595462077907838e-01	   1.6523626396867311e-01	  -1.7070705528768551e-01	  -1.2598463301447041e-01	  -4.1052934822083990e-02	   2.0224769630397055e-01	  -1.8260598362438166e-01	  -1.2277251416791063e-01	  -7.8076412866623951e-02	  -7.3843615259432949e-03	   9.7615213051144553e-02	   1.0096717420762774e-01	   1.1664301104419167e-01	  -1.0736434817955495e-02	   9.7353235276400607e-02	  -9.0620698881636354e-03	   1.4456379567716263e-01	   3.5695839977327976e-01	   1.2339811164937987e-01	  -1.2089183576257819e-02	   4.2815962433707744e-01	   4.1227327298125954e-01	   4.9469318041731869e-01	   4.9050377840587123e-01	   4.7039991912536211e-01	   3.6848507824449167e-01	   2.1853512982085985e-01	   1.7271570097524597e-01	   2.1795257653863945e-01	   2.8894099983094773e-01	   7.3756449161669901e-01	   7.2740735935058010e-01	   9.6012287959069376e-01	   1.0618537519301336e+00	   6.6812206334083701e-01	   8.2401409064130227e-01	   3.5068027037134758e-01	   2.5714132721409821e-01	   3.8977444250151892e-02	   7.8806493620273227e-02	   1.4555514017639850e-02	   1.9834403481995400e-01	   1.8743450077565272e-02	   1.5396030674881824e-02	   9.8278345017024732e-02	  -6.8014799408243440e-02	   5.9441001919456303e-02	  -3.7461519314876471e-03	   1.6351031736573632e-01	   1.0329422283225022e-01	   9.8077304007602201e-02	   1.3741764095254456e-03	   1.9811658261414913e-01	   1.4329227240291723e-01	   4.3799910894661877e-02	   1.9090892425480732e-01	   1.5770445535163105e-01	   3.7756967664826363e-02	  -2.7435048292151665e-01	  -2.6212453128639529e-01	   4.1654373433848968e-01	   4.6508736405974660e-01	   3.8338911141148146e-01	   2.3225809468726286e-01	   2.9856011228363977e-01	   3.2327046755567079e-01	  -1.6159186197966338e-01	  -1.9886337427231718e-01	   8.3182428825466753e-02	  -1.6410371090771741e-02	   2.7565275897821823e-01	   2.3181410990056295e-01	   3.1699139720001573e-01	   4.3875746608453531e-01	   1.6491114485058811e-01	   2.5804286880607352e-01	  -9.5245799729380853e-02	  -6.2324508942223036e-02	   2.5288464997476090e-01	   2.4996152064029339e-01	  -3.6216039074519132e-02	  -4.5045274527380420e-02	  -1.5152652755999146e-02	   1.2440491426247094e-01	   2.7949630964290534e-01	   1.0605634197701820e-01	   1.0371819032286375e-01	  -8.8297837404819474e-02	
   5.2698414680464467e-01	   1.0087819052769616e-01	   7.7974961969573009e-01	   2.7100887510426536e-01	   1.0080041297608808e+00	   7.0527368034772508e-01	   1.0347901765013650e+00	   5.1325080857312899e-01	   8.4665600735780477e-01	   6.1265679927887606e-01	   0.0000000000000000e+00	   8.0432878248539319e-01	   1.3255670859221327e+00	   1.0654172594288907e+00	   9.7391759996138083e-01	   5.6909492411376383e-01	   4.6947992756226953e-01	   5.2306685806669972e-01	   4.9702169284507686e-01	   4.0055936463785302e-01	   5.4016997284414781e-01	   4.2811366162621045e-01	   4.3724902836626828e-01	   3.9275846826094524e-01	   2.7425435559690819e-01	   3.2900613662217709e-01	   3.1510766568252346e-01	   6.7480374034739243e-01	   5.0137402852980806e-01	   3.8856970983878791e-01	   3.4793790253071494e-01	   2.1222020309404135e-01	   3.8249819500889293e-01	   4.8737623022292431e-01	   2.0615347929954947e-01	   1.3169512850429888e-01	   3.3668034642914396e-01	   2.4076062661112016e-01	   7.2797031856604844e-01	   4.5283269506382406e-01	   6.2102035973667757e-01	   3.3977025078473189e-01	   6.7258463262675083e-01	   5.7006705012950243e-01	   6.6588058627365498e-01	   6.0626965558208346e-01	   5.1418553468066286e-01	   4.4293970647974679e-01	   5.9530560732339544e-01	   3.8717007632035755e-01	   7.2218770871176519e-01	   5.5626617473032269e-01	   4.5490987457868859e-01	   4.9456876829187885e-01	   7.1119713144930252e-01	   3.8220078063807156e-01	   2.4906120100148274e-01	   9.2677887504829859e-02	   7.1531359376126957e-01	   7.3507112070602371e-02	   7.5668748939388164e-01	   2.3649146450606845e-01	   6.0550358751213018e-01	   4.9727534936005097e-01	   5.6268634773445247e-01	   4.1932077869861162e-01	   5.9590505358584434e-01	   4.1919008482928266e-01	   2.1167065992490236e-01	   5.8818989075813677e-01	   3.7885312077237293e-01	   3.7423159101893405e-01	   4.5034253684984654e-01	   1.8184519072717306e-01	   3.3498462754000158e-01	   1.4314810816372475e-01	   5.5326053896879235e-01	   3.9252858420299663e-01	   5.8901482392123206e-01	   3.5652685185790117e-01	   4.7994830125268406e-01	   4.8699417506880022e-01	   5.3174426899325433e-01	   6.2850278902771450e-01	   7.5102276320145334e-01	   3.7931537945847366e-01	   1.2176162823418550e-01	   5.9371631819960843e-02	   1.0216349270058960e+00	   5.5588544753053626e-01	   6.6140286139336801e-01	   6.0313357276920465e-01	   2.9710308842893696e-01	   7.1628204244914606e-01	  -4.1897835051570027e-02	  -2.2198177297763597e-01	   3.1423845103388842e-01	   2.6830813912104712e-01	   5.3024808513139221e-01	   6.6839751063963748e-01	   2.7974930266813636e-01	   8.1984899538108491e-01	   1.0077086130232524e-01	   5.7938186871552710e-01	  -1.8637496652487668e-02	   2.7649367560561914e-02	   4.6751027124019004e-02	   2.0667925358399064e-01	  -3.6647308320770211e-01	  -2.2748027040279642e-01	   3.2304795038907530e-01	   2.6776678681489019e-01	   4.6963700470992548e-01	   1.8711107210509545e-01	  -4.1626514666843639e-02	  -2.1809185894239239e-01	
   2.7930773567962042e-01	   2.1354571642722925e-01	   3.7461463027225261e-01	   4.4726829170666471e-01	   5.2047523003231611e-01	   8.3622404937088979e-01	   6.9866986373862994e-01	   9.6815290368564377e-01	   7.5681837276340558e-01	   1.0048747871480446e+00	   8.0432878248539319e-01	   0.0000000000000000e+00	   6.2967934018779337e-01	   1.0120116955248923e+00	   4.9616409863268096e-01	   4.3458021007969294e-01	   3.8099074873193145e-01	   3.2990975067930806e-01	   2.4233980189203544e-01	   3.1600188042790966e-01	   2.7086299972296685e-01	   4.0839835584563261e-01	   1.7154877319523515e-01	   2.6581415510960432e-01	  -4.9224497257239798e-02	   8.5433282662404089e-02	   1.6571783184854796e-01	   4.2168019877495544e-01	   2.7473718436310512e-01	   2.8055003838828346e-01	  -6.5155473785410173e-02	   1.0149835134146920e-02	   7.0899851568705832e-02	   3.2105786558581517e-01	  -1.1512514763384445e-01	  -1.0950379443378780e-01	   1.5572663167444781e-01	   2.3290564002096026e-01	   2.5571476116614722e-01	   2.8946098216890431e-01	   3.9275259622173297e-01	   2.9869075538185835e-01	   2.5152042325695989e-01	   1.7006801441226313e-01	   2.3209453124903928e-01	   4.8709228594707399e-01	   2.6141813256179330e-01	   2.0552792937714240e-01	   4.2760590458330178e-01	   4.9921983849294771e-01	   4.7472431865095438e-01	   5.5233077029214561e-01	   4.5742339196100790e-01	   3.3099338048894916e-01	   3.8719647563871268e-01	   3.2052924449728892e-01	   4.5224685913998530e-01	   4.0652344631709542e-01	   5.3320045519431969e-01	   5.0656344919912266e-01	   6.5114098081009320e-01	   7.4812648455170905e-01	   7.0049659191556313e-01	   8.4989382489838949e-01	   2.7507491381371829e-01	   2.8384446520466206e-01	   7.1392480754747023e-02	   1.4296329591405418e-01	   1.3524690707871495e-01	   3.9306535568452244e-01	   2.1754838450281128e-01	   2.2854024749212193e-01	   3.5247555054718882e-01	   2.4077408713561280e-01	   4.1048081385926705e-01	   3.4253411573368259e-01	   4.0034151593587242e-01	   2.8230339958139267e-01	   3.7776015175945554e-01	   1.1531096548779689e-01	   4.2447998585351843e-01	   2.8797291710245193e-01	   3.2402762257931028e-01	   5.2618719261637137e-01	   2.8351369668217707e-01	   2.3918463146919011e-01	  -4.4563287110165196e-02	   2.0110234323046233e-02	   6.8487633948111803e-01	   6.6607826534483527e-01	   5.6678997501111661e-01	   3.8943240070590152e-01	   3.3332163963945405e-01	   3.5700804597093594e-01	  -1.3384631751805753e-01	  -1.6845453558257739e-01	   1.8888349526979556e-01	   1.6749568487076855e-01	   4.6572272039226087e-01	   3.8814600400837407e-01	   4.8101063271936251e-01	   3.5273454379721886e-01	   3.8529561802165357e-01	   4.2637898379115380e-01	   9.8882735071159661e-02	   1.2916307042565195e-01	   2.6438047198242243e-01	   2.2368580927412748e-01	  -1.9128205689090996e-01	  -1.2445709514806136e-02	   1.8931596355137384e-01	   4.4057713506627871e-01	   4.6153232926021115e-01	   3.6607404966490559e-01	   2.1500151678697046e-01	  -1.7517686930322393e-01	
   4.3864538533940944e-01	   1.0281797228171551e-01	   6.7836851181197488e-01	   1.5031651748143632e-01	   9.4260886261837040e-01	   7.5067058682011878e-01	   1.0014821347832403e+00	   5.6093746177837200e-01	   9.3056776956095044e-01	   6.4083589442051403e-01	   1.3255670859221327e+00	   6.2967934018779337e-01	   0.0000000000000000e+00	   8.8752227224169067e-01	   8.9702022292741379e-01	   3.7114858978125809e-01	   2.0807542000790707e-01	   3.5466583661716844e-01	   4.1170952642920366e-01	   3.1157072334558611e-01	   4.5264133122656519e-01	   4.2931836776928034e-01	   2.7875650430131799e-01	   2.4408428097639653e-01	   1.8465195439178270e-01	   2.6689411890462228e-01	   2.2845745521632832e-01	   6.3844983879929673e-01	   3.9645208873615684e-01	   2.3281396535180893e-01	   2.5800753370312252e-01	   1.6081977062138841e-01	   2.7035840588721510e-01	   3.6923697583247411e-01	   1.1490511482020929e-01	   1.1366122235411881e-01	   1.9692252933188795e-01	   1.5809122781480789e-01	   4.7604105930747703e-01	   3.4619735825171399e-01	   4.3678792416859197e-01	   2.7854106481241803e-01	   5.8714278615190829e-01	   4.7268707865234671e-01	   5.7694697679364837e-01	   5.4789724381747940e-01	   4.8538331075582020e-01	   4.2365737260152758e-01	   7.0419872000854022e-01	   2.8890184149784892e-01	   7.4202203762080032e-01	   4.3517148102919823e-01	   5.8465934944385112e-01	   5.2972258742209455e-01	   6.7235138691015628e-01	   3.2348761879780180e-01	   1.8878134016964920e-01	   1.3330250586826489e-01	   7.8165541315510600e-01	   8.8529502770570909e-02	   8.9958191155167422e-01	   2.8536727076893653e-01	   5.6305574838782435e-01	   4.3594286108253566e-01	   4.6748299963094292e-01	   2.9046742169970785e-01	   5.7624965162635700e-01	   3.3940775143357677e-01	   2.6798976125144003e-01	   5.3167143021041974e-01	   3.4197658506008577e-01	   3.2281737044536851e-01	   3.3879732147893193e-01	   1.1448521421014705e-01	   2.7003564624577442e-01	   1.3586244397694364e-01	   4.8676668803875545e-01	   3.2396764739117273e-01	   3.9227004331798659e-01	   2.9349640339958782e-01	   3.7370742864611700e-01	   3.8464796832787623e-01	   4.3780868700146036e-01	   4.4835135981233676e-01	   5.1836883204810325e-01	   2.0675544834351317e-01	   5.7371099413270711e-02	  -3.6090811097014508e-02	   8.5784187383541299e-01	   4.0761501848582321e-01	   5.7623119553246349e-01	   5.4561153917360294e-01	   3.1195892789024698e-01	   7.2096025942199871e-01	   2.2894981204396078e-02	  -8.2464915815896947e-02	   3.7795663809617130e-01	   2.8570869012753036e-01	   4.8234337791908721e-01	   5.1080271052564108e-01	   2.6079013986644140e-01	   7.4662538184825100e-01	   1.3071378138637219e-01	   5.0171859201840552e-01	   8.2490501771526642e-02	   8.7662293977358655e-02	   5.1124095001079381e-02	   2.8552274625207130e-01	  -1.5507452578611580e-01	  -1.3484955555993577e-02	   3.7592293428274348e-01	   2.6211921480534645e-01	   4.8855542051562623e-01	   1.7873337713719278e-01	   8.9632586637455963e-02	  -1.8248392735262875e-01	
