   0.0000000000000000e+00	   7.3167083058676707e-01	   4.9135446961435086e-01	   3.4473767152690554e-01	   2.7353378080286522e-01	   3.5155715324747489e-01	   4.6445690778302401e-01	   3.6604691378150800e-01	   2.6764023476435239e-01	   1.8569801167979574e-01	   1.0643599661978245e+00	   7.0291529313316858e-01	   8.2902609888714363e-01	   6.8250677127021553e-01	   7.6006489170744251e-01	   8.3250559686651304e-01	   8.5663037728767610e-01	   7.0064494568702040e-01	   9.8005586023072033e-01	   6.9742831518843873e-01	   4.7026763421146500e-01	   3.1960846408462690e-01	   3.1130144650238561e-01	   3.5150220111840452e-01	   1.8070953173360246e-01	   2.1481713632890398e-01	   3.7021438945741281e-01	   2.8339981724684304e-01	   7.2806275775760299e-01	   5.7192717308858854e-01	   3.5409885537009200e-01	   2.8555573639729170e-01	   5.1791822065204718e-01	   4.6928018347049183e-01	   8.4877666638566954e-02	   5.1254471357836555e-02	   4.5101385549572715e-01	   5.3558149264136123e-01	   3.5607556097727339e-01	   4.4138455961860951e-01	   7.8124126677464256e-01	   3.5703765704573581e-01	   6.4907611141740107e-01	   6.0315849207309857e-01	   4.5506741750899221e-01	   4.5796962650226802e-01	   5.6180167110240908e-01	   5.7195223450412735e-01	   4.0429040456499105e-01	   4.3068227973096590e-01	   3.6442779960312272e-01	   3.0290669726585168e-01	   4.2211273532099497e-01	   4.0661459523639260e-01	   6.4463611367797768e-01	   5.7007166197030046e-01	   8.9574476109315526e-01	   4.9548137808444948e-01	   2.4592534093625509e-01	   2.8927288602301432e-01	   4.6097686102386204e-01	   5.3188542067777600e-01	   4.8545517531881854e-01	   5.6210743209584502e-01	   2.3160472124828016e-01	   3.7509819960962543e-01	   1.6632762244790270e-01	   1.5639099726456060e-01	   4.5856068662679128e-01	   2.9591449166978323e-01	   2.7523944319506577e-01	   4.5396322797109112e-01	   6.7883655642087026e-01	   6.3991131186058925e-01	   6.3781187541192330e-01	   8.2003849163113618e-01	   7.3116804736678476e-01	   8.9631680070150055e-01	   5.6262615075881017e-01	   6.4395278865541616e-01	   8.0044466667285752e-01	   7.6065804547613014e-01	   8.3797997032018667e-01	   4.5197082608395944e-01	   7.0781944737205238e-01	   5.3912884175863940e-01	   5.5783919672734350e-01	   4.4226957696894764e-01	   7.5645257600581373e-01	   7.1017462372756668e-01	   4.0878499053423667e-01	   3.5409917177431277e-01	   4.1021036222427337e-01	   2.2156750716093163e-01	   3.2408182762549598e-01	   3.2940281457269383e-01	   5.9772567058282267e-01	   6.5356620815449529e-01	   7.7149537658377465e-01	   8.2481385443853683e-01	   4.1334532669670970e-01	   5.1641122931014394e-01	   5.7115192585037478e-01	   6.5260513521998909e-01	   2.3747258851565534e-01	   1.0230027517351616e-01	  -1.0911350027510358e-01	   1.8494097120327607e-01	   1.3257150296647408e-01	   3.6281426822926671e-01	   8.4779099094912902e-01	   8.9915113055086393e-01	   7.3603535360623040e-01	   6.9446942412987422e-01	   4.0387508088289970e-01	  -5.7622622080472752e-02	
   7.3167083058676707e-01	   0.0000000000000000e+00	   1.7204749130212391e-01	   3.4969448717413404e-01	   5.2615804197637492e-02	   2.7355164529146297e-01	   7.9240855871767060e-02	   2.5650929368860892e-01	   4.7618312687047575e-02	   2.3188783638694299e-01	   4.7505070665007854e-01	   6.0662568958700136e-01	   3.1659724889363594e-01	   5.3346280303722238e-01	   3.1897098741685520e-01	   6.0663393751317241e-01	   5.7421736726829831e-01	   7.2762881015544656e-01	   6.0415868460297595e-01	   7.3951136849679500e-01	   5.2914239829022525e-01	   5.0202994909184218e-01	   2.1061127127399232e-01	   3.2445969577157113e-01	   1.4418636350775607e-01	   3.6918414986809872e-01	   4.5801273903174783e-01	   4.6442865271838440e-01	   3.0262030947843732e-01	   2.7680905699613761e-01	   3.1606949674901175e-01	   3.8279540499844589e-01	   4.0305783488138247e-01	   4.5214718348221800e-01	   7.2151105085966630e-02	   1.0523098727053946e-01	   5.3934086263055503e-01	   5.1134655228232040e-01	   4.9650726867572587e-01	   3.6692095076658487e-01	   5.3694168560944699e-01	   5.1045580406602964e-01	   4.6486214467396775e-01	   4.3164410921958957e-01	   2.3933914663904965e-01	   1.9162804601575675e-01	   3.4795605381617817e-01	   3.9863939373208290e-01	   1.6555895336218157e-01	   2.6100754380966512e-01	   1.8367116305783177e-01	   2.7673903266492572e-01	   4.8330348221946434e-01	   5.0200585075087401e-01	   5.4015842175745954e-01	   4.5606262540512599e-01	   9.7439595012932267e-01	   8.8650395089950762e-01	  -1.6086260905446813e-02	   1.4451373577536331e-01	   1.2668239781838170e-01	   4.3197826529815719e-01	   1.4494736811204606e-01	   2.4768354277520169e-01	   1.7350522568154170e-01	   2.3741753260099963e-01	  -8.1015562142235750e-02	  -3.5885674535100026e-02	   5.1009570175998253e-01	   4.3204500742882856e-01	   3.7669654243748846e-01	   4.3959008872399363e-01	   4.1490643976715147e-01	   5.7019301366911768e-01	   4.9941365054799008e-01	   6.6468441529337385e-01	   5.4881736331487985e-01	   8.6921813927920566e-01	   6.2849415017337462e-01	   4.9866005462498164e-01	   7.0136523864883848e-01	   7.2968495378477272e-01	   5.6858046399626783e-01	   5.5210658540558444e-01	   4.6934179564973932e-01	   4.9107369492080166e-01	   3.7106868664139597e-01	   4.6462731867466811e-01	   5.9391208307165855e-01	   5.5840884668792434e-01	   5.2325366345154734e-01	   3.0836184636622233e-01	   3.6675800824826665e-01	   2.2482623437872860e-02	   3.4359661537940750e-01	   4.1955125546645222e-01	   7.2553869682525107e-01	   5.2020260816168729e-01	   9.2996592459523075e-01	   6.4814488589316577e-01	   4.3003785801635208e-01	   1.7500887242171603e-01	   6.5374819540000806e-01	   2.5225888519334982e-01	   2.5245435331808819e-01	   2.9479982478116624e-02	   1.9575008230694416e-01	   1.4013133182053136e-01	   1.0575195308013383e-01	   2.4866401098785657e-01	   5.6636777161550855e-01	   7.9404254978453470e-01	   4.5455695860760176e-01	   5.5763743012793998e-01	   3.8960728988389298e-01	   1.2584485018390246e-01	
   4.9135446961435086e-01	   1.7204749130212391e-01	   0.0000000000000000e+00	   5.0891879733819900e-01	   8.3800900158063862e-01	   4.0981947405241342e-01	   9.0291005741967112e-01	   1.5898585234235019e-01	   9.8333568098536339e-01	   3.1285181514057869e-01	   4.6949284275738246e-01	   6.5211205241083106e-02	   5.4457401355912416e-01	   3.9081654554216499e-02	   7.3403785319466219e-01	   5.6980591689497095e-01	   1.5201341142471275e-01	   2.0965778696759527e-01	   6.8858563075968404e-01	   4.4483483144016422e-01	   2.1039629538768007e-01	   6.8513581950568267e-02	   1.3842957331174011e+00	   9.1835711285828903e-01	   6.2879211390753798e-01	   4.1824326534621797e-01	   7.3924114272990149e-01	   6.1066024377508543e-01	   1.6405390713888590e-01	   1.4308669831124221e-01	   4.5996607916918925e-01	   4.0631897365027925e-01	   4.2934224764138346e-01	   3.2390003022839997e-01	   7.7938892026647832e-01	   5.5500393008796189e-01	   4.4782896902098979e-01	   3.9790873160804141e-01	   4.2558259810958354e-01	   3.2878735134975473e-01	   4.2660311072449714e-01	   8.7846501574058322e-02	   3.8403779582661257e-01	   2.5744486029140123e-01	   2.4970440915175063e-01	   2.5028437323024588e-01	   2.4625258111350484e-01	   2.8142115137560431e-01	   6.1239932164634296e-02	   1.2760393022555047e-01	   1.6546281111529182e-01	   2.8248346619491005e-01	   2.8074073614906103e-01	   6.9458383550111891e-01	   3.3816381113989646e-01	   3.2052784905883197e-01	   2.3918151293517959e-01	   2.4543526264475946e-01	   3.3780440346774648e-01	   2.2504123118926433e-01	   1.6444394139976021e-01	   2.3862424421057638e-01	   1.0169811121583427e-01	   1.1611999867051954e-02	   9.3980653082086696e-01	   6.0410927385439472e-01	   3.5422055520586032e-01	   2.3064868909187086e-01	   5.5342677199335499e-01	   4.9304810571900071e-01	   2.0072320205210326e-01	   9.9349487891019689e-02	   2.3469050788308438e-01	   1.3482619903600807e-01	   3.4245989551758316e-01	   3.3669513281537777e-01	   3.8935377909490293e-01	   3.1686014279449415e-01	   3.6334695178725873e-01	   4.8841013657801435e-01	   3.3822931091081021e-01	   3.1003352792734057e-01	   6.9166071399794171e-01	   3.4944476558271265e-01	   9.6059384921013569e-01	   3.5551725786221383e-01	   5.6424767452614044e-01	   5.5504020809769150e-01	   7.2171581129407703e-01	   6.2119851941282833e-01	   3.6774655376821580e-01	   8.3102392760813137e-01	   4.6311362678287205e-01	   9.2038860173790660e-01	   3.7139275128093802e-01	   2.4452802838767945e-01	   3.3113515586953163e-01	   2.6774385959290498e-01	   3.0204263254248570e-01	   4.5204708988825637e-01	   3.5092047846561814e-01	   8.8839824701350378e-01	   4.0702491652050765e-01	   8.0971816952482867e-01	   1.7377945386446966e-01	   1.9405599136452534e-01	  -5.3763511742241296e-02	   1.3425601963008438e-01	   1.3033575752090226e-01	   3.0437356514952985e-01	   5.0804119146710003e-01	   5.0557541374707438e-01	   4.5375221863746706e-01	   5.1508367810339539e-01	   3.2334926220921051e-01	  -3.7685210094906753e-02	
   3.4473767152690554e-01	   3.4969448717413404e-01	   5.0891879733819900e-01	   0.0000000000000000e+00	   5.5132801331277081e-01	   7.6277399534305435e-01	   8.2545100771466562e-01	   9.2012820191471556e-01	   5.4250414048212636e-01	   6.3639171209457013e-01	   2.4108942345288764e-01	   5.1893480865562658e-01	   3.7026343186152838e-01	   4.8076639962925871e-01	   3.3170024727191044e-01	   6.3317350565805031e-01	   8.3328586716038076e-03	   8.2184236183988180e-02	   5.0424043083163173e-01	   7.0022738729757084e-01	   3.6226544243724945e-01	   2.9613487558432217e-01	   4.3733770399200100e-01	   7.2592442370765997e-01	   3.1367223970494601e-01	   5.8682464307863091e-01	   3.8442555005568474e-01	   4.9737994680132558e-01	   2.1261156379344251e-01	   2.4732359938455606e-01	   5.8993236058683174e-01	   6.1828498499168194e-01	   6.3428523261384695e-01	   7.6357507267283831e-01	   2.5797985147142843e-01	   4.0571111996956882e-01	   2.6909518524576503e-01	   3.8428426393220927e-01	   2.1245887128996180e-01	   3.7907587658095393e-01	   4.7618750803712417e-01	   5.2829381517745633e-01	   6.0991456648074061e-01	   6.0944972895046301e-01	   5.7362381639188187e-01	   6.3400017605312242e-01	   4.7616390554716609e-01	   5.2320801441540388e-01	   3.6876502667262917e-01	   4.6508667730242115e-01	   5.2606123592016918e-01	   5.9189956545272415e-01	   6.5849492751802374e-01	   5.0706991524338363e-01	   6.3299392837097090e-01	   4.9486241902134520e-01	   7.4778332912593254e-02	   1.9206013594615140e-01	   2.7031507645655800e-01	   3.9623464118404950e-01	   2.9213627610638337e-01	   5.5756064276269379e-01	   1.8836258247350660e-01	   4.4926876208606764e-01	   4.0055554435676471e-01	   7.1465589169216026e-01	   4.8288727171187079e-01	   5.9081253572142090e-01	   5.1778732421653051e-01	   5.5220271436521029e-01	   1.2007284885063373e-01	   4.1414920585593834e-01	   1.6374137483644741e-01	   2.8546472998351219e-01	   1.3810513999397328e-01	   3.6475076549743290e-01	   2.0633352771179478e-01	   4.7223984491280691e-01	   1.4044142187189215e-01	   2.0540512250575010e-01	   3.6671279284939651e-01	   3.8200235794162596e-01	   4.6231466022056789e-01	   3.5451474409057948e-01	   5.2396629583521737e-01	   7.6957007879563422e-01	   1.5039984935461309e-01	   2.9848426516254073e-01	   6.9492904597924787e-01	   6.5233206492674856e-01	   8.5960717270198039e-01	   5.9695447885353470e-01	   9.6351355019040696e-01	   3.4202556028470832e-01	   2.2985546623001332e-01	   4.3232434820271876e-01	   4.2613816290305767e-01	   4.8545156618198360e-01	   7.3188443274993908e-01	   6.3138288967636647e-01	   8.2136292282096912e-01	   1.5706015376519059e-01	   8.0806007456902629e-01	   5.0041776860125453e-01	   2.8390992639890950e-01	   3.1183525102542814e-01	   5.4966433241792526e-02	   3.0452389783691280e-01	   8.8659122003176438e-02	   3.0148161288315539e-01	   5.7427052996039374e-01	   6.4892997312864298e-01	   5.7531525957520002e-01	   4.4614837569410587e-01	   2.4873852775655891e-01	  -1.1575622526118580e-02	
   2.7353378080286522e-01	   5.2615804197637492e-02	   8.3800900158063862e-01	   5.5132801331277081e-01	   0.0000000000000000e+00	   8.6131281508105006e-01	   9.0093072354207349e-01	   5.1770896684903722e-01	   1.1783149053375135e+00	   6.7057446908795071e-01	   2.2345144168767012e-01	   1.4239893069139384e-01	   4.9353751592663309e-01	   1.4781323997973764e-01	   4.7889519720302809e-01	   4.5665575443075623e-01	   3.8404551418583031e-02	   6.8976277364872718e-02	   3.8816674777969706e-01	   3.6051614358949091e-01	   2.0340996485155410e-01	   1.5162308984472506e-01	   6.9801534867010007e-01	   7.8712931167640909e-01	   3.7528026231817535e-01	   4.9646239117819757e-01	   4.8047609020267457e-01	   4.3262616062915082e-01	   2.2839097105610831e-01	   2.7849810553055243e-01	   5.0818906401854380e-01	   5.3764127479418411e-01	   6.4763573370214333e-01	   5.8384982931468266e-01	   6.2718546057246527e-01	   6.0340085659270082e-01	   2.9931573005291096e-01	   3.3022595482634309e-01	   1.2141254183699021e-01	   2.0566252968139803e-01	   3.0444007734709488e-01	   1.8285911529357302e-01	   2.3548265819785075e-01	   1.3275090445117479e-01	   4.8039117637456030e-01	   4.1429641962589525e-01	   1.0989542811446207e-01	   1.2341986940540244e-01	   1.1399126132631601e-01	   1.5850448734195316e-01	   1.7447272235353944e-01	   1.6205651537304006e-01	   2.2239647345150571e-01	   4.8742301789025916e-01	   1.2332666452302005e-01	   1.1304124901771839e-01	   1.8188610599466742e-01	  -8.6944316489596982e-02	   1.8290882136121697e-01	  -8.7632752633869923e-02	   2.4031963686029825e-01	   3.9007431386920483e-01	  -1.7357807292260885e-01	  -1.2309440916353241e-02	   6.4268846947878988e-01	   7.7508102748153040e-01	   3.5586520829605972e-01	   2.8449647269239531e-01	   2.9850026750953546e-01	   3.4515757850940065e-01	   2.4251621883231850e-01	   1.8299842810460704e-01	   2.3035445320895459e-01	   9.3031965664876592e-02	   1.8725537090305017e-01	   1.5686535608210150e-01	   1.9877931096872239e-01	   2.4289584954961385e-01	   3.2578384303914759e-01	   3.7168931033422697e-01	   2.9910057100160248e-01	   2.7058136096748225e-01	   3.9986095212596673e-01	   2.8654903506395507e-01	   5.8346004632561621e-01	   3.4831888058770405e-01	   2.3686708383583677e-01	   3.4628399900290358e-01	   4.9505432075113887e-01	   3.0520797369100200e-01	   4.4566371859527176e-01	   7.3222460843481196e-01	   6.9813877414461034e-01	   7.0792696489424656e-01	   2.9236020412763247e-01	   2.6360042327872879e-01	   1.2234568149065313e-01	   1.3937953798687316e-01	   2.6186834780345736e-01	   3.3333257607773320e-01	   5.7578837283329576e-01	   5.1517032167035137e-01	   3.5607010510714093e-01	   4.8871426337530077e-01	  -3.2556640019094023e-02	  -5.9125699788349584e-02	  -6.6250806523982422e-02	   1.3477615861543998e-01	   2.2251733074450936e-01	   2.1043397561396290e-01	   2.4422879758697080e-01	   3.3345218451835973e-01	   3.3956563527187134e-01	   3.4082674451846279e-01	   2.0051259831307533e-01	   3.8571892867748175e-02	
   3.5155715324747489e-01	   2.7355164529146297e-01	   4.0981947405241342e-01	   7.6277399534305435e-01	   8.6131281508105006e-01	   0.0000000000000000e+00	   6.9350028453924539e-01	   9.9178927758474789e-01	   7.6548902029633348e-01	   1.0613188265784486e+00	   3.3471460530572567e-01	   4.3234076602074106e-01	   4.8883839438323379e-01	   4.0339522511908754e-01	   2.9329708839876523e-01	   5.1943936403557267e-01	   1.7405439705870754e-01	   1.1169458213906550e-01	   3.2125463738007304e-01	   4.7317311918368860e-01	   4.0254239199472108e-01	   3.5364803717179338e-01	   3.7544914964150750e-01	   6.2045293913271993e-01	   8.7138133960444758e-02	   5.1113336722951852e-01	   2.7913228733306916e-01	   3.0268370862337901e-01	   4.0230965605907953e-01	   5.0781199594824555e-01	   6.6562856990565489e-01	   7.5515947939752381e-01	   7.0722734638236162e-01	   8.1883563850108876e-01	   2.0825011847081401e-01	   3.2550878470266387e-01	   1.9325017674078176e-01	   3.4105515808222192e-01	  -3.6895178376256749e-02	   3.0719890149122681e-01	   3.9304278739013954e-01	   4.1653522268976628e-01	   2.9771905716834995e-01	   3.1404884898557467e-01	   4.8008795286131606e-01	   4.8906318454760889e-01	   2.2458850749757919e-01	   2.6929100495658853e-01	   2.2679764306387007e-01	   3.3156460097522028e-01	   2.8757301489771853e-01	   2.8089884536240251e-01	   3.8343313562283349e-01	   3.9155754883093502e-01	   2.0308208080150067e-01	   2.2905657990099229e-01	   1.5685976297644039e-01	  -5.1804586408083199e-02	   6.4123104255323193e-02	   1.8763558566359455e-02	   3.2905653210040092e-01	   7.8720557339063046e-01	  -4.4912673223739340e-02	   2.9381894908676975e-01	   3.8706332742068583e-01	   6.6748677099842368e-01	   1.9204636155829197e-01	   2.7657746308165898e-01	   1.4105311806879195e-01	   2.1419132091074203e-01	   3.2846426408340873e-01	   5.1469955733137973e-01	   3.6709879541502133e-01	   4.5780059233170939e-01	   2.6114926426176915e-01	   3.7933468236902146e-01	   3.1999600540606887e-01	   4.6908037058352670e-01	   3.4570587137830305e-01	   3.5682382328148116e-01	   5.1014096624182970e-01	   4.5480114952588502e-01	   3.3634319014072916e-01	   2.8671858683245272e-01	   4.6645160094656851e-01	   4.9729936445829470e-01	   1.0588071238457260e-01	   1.8218745292398547e-01	   5.2133180271002466e-01	   3.7345246281048250e-01	   5.7724335543317751e-01	   4.6699202140732654e-01	   8.0394864155289114e-01	   3.0386307876736812e-01	   3.2412995887585250e-01	   3.7418948072906094e-01	   2.3311415238408653e-01	   3.5691792305622466e-01	   3.8541573840284760e-01	   3.5793019725384290e-01	   7.5985847623452130e-01	   2.2556547991598669e-01	   6.0830115396833406e-01	   3.9500539503908721e-01	   1.1737774746290386e-01	   3.3356308559848405e-02	  -9.8154451342714583e-02	   1.5674713602858140e-01	   2.7091929256273539e-01	   2.6696775263493477e-01	   4.0956636477881619e-01	   3.9409627261312563e-01	   2.8099273582660134e-01	   4.1359584098727087e-01	   3.5113352025673883e-01	   1.7018053929699045e-01	
   4.6445690778302401e-01	   7.9240855871767060e-02	   9.0291005741967112e-01	   8.2545100771466562e-01	   9.0093072354207349e-01	   6.9350028453924539e-01	   0.0000000000000000e+00	   7.0144703850644374e-01	   8.3478147843554518e-01	   5.1056528778977106e-01	   4.8532710519353273e-01	   3.9124766313242415e-01	   8.3508447759360638e-01	   3.7953629635924946e-01	   7.0087312885595443e-01	   6.0341410927440109e-01	   3.0479185836582677e-02	   5.8034076811187642e-02	   5.6280428121590054e-01	   4.8575289419950990e-01	   1.9972000040308668e-01	   7.1973015688578126e-02	   6.3283693973506672e-01	   6.3249265369275909e-01	   3.8419881118550264e-01	   4.1458081843765054e-01	   2.7143295442157450e-01	   2.5648884681483014e-01	   4.2020367906812833e-01	   3.3261889622394120e-01	   7.3174879516604596e-01	   5.5009669195529221e-01	   7.7949897558366765e-01	   7.0730349283792482e-01	   3.5120255081153107e-01	   3.3632654515389476e-01	   1.6260620382089863e-01	   2.3081385733354559e-01	   1.4503745442719526e-01	   2.1377929584888153e-01	   3.5735045692834205e-01	   1.2802973343737908e-01	   5.5123443110432446e-01	   4.5969854786940545e-01	   6.1092907756361192e-01	   6.1935839514904112e-01	   3.6266709249931767e-01	   3.4206537548326948e-01	   3.4060365655257369e-01	   2.9949271326759208e-01	   4.4182384230998462e-01	   2.9735049568751376e-01	   2.9500042381873415e-01	   3.3101618475177241e-01	   4.2634933931782887e-01	   3.2516178934307538e-01	   4.9017092220772412e-02	   9.1437981128271225e-03	   3.7592309136148166e-01	   2.3643551542566621e-01	   5.2704205210150279e-01	   3.7742589062970450e-01	   2.7550626542937445e-01	   3.4406067925350359e-01	   5.8777027801648685e-01	   6.1634553965989691e-01	   6.1679742641233959e-01	   5.0472492164650973e-01	   4.5862242492884653e-01	   4.4410930637982904e-01	   1.3792391556087225e-01	   2.3873876273483374e-01	   2.1378001552291873e-01	   1.4679662127775897e-01	   1.4624191294776892e-01	   3.0825064407534869e-01	   3.3520122068631347e-01	   3.6995245281948874e-01	   1.2214667961995235e-01	   2.9814475583326078e-01	   2.6835375471294115e-01	   2.6061896574358112e-01	   5.7396168706711015e-01	   3.3374549363615846e-01	   6.5892216178838625e-01	   5.2038903191250552e-01	   1.9749357193652362e-01	   3.1797903381213888e-01	   6.4026738519429216e-01	   4.7948246367695779e-01	   5.0540940411655166e-01	   6.9360832469422362e-01	   6.2717563085969330e-01	   6.6985824836422247e-01	   2.2512895239228259e-01	   2.1072502905381307e-01	   2.4570542108211865e-01	   3.0947473867700936e-01	   3.9313133270026479e-01	   5.0840721750268725e-01	   5.2731462654476513e-01	   5.0963964936492756e-01	   4.2943898112202372e-01	   7.2330333783553125e-01	   9.5505009448406702e-02	   1.1978352871171241e-01	  -1.0488390403778597e-01	   2.8756752857533208e-01	   1.1136460459374400e-01	   3.4889457842091337e-01	   4.7311531743665280e-01	   4.3685645974188325e-01	   5.6549790323653482e-01	   3.6532352219092828e-01	   1.5826690292763002e-01	  -1.4114042582556011e-01	
   3.6604691378150800e-01	   2.5650929368860892e-01	   1.5898585234235019e-01	   9.2012820191471556e-01	   5.1770896684903722e-01	   9.9178927758474789e-01	   7.0144703850644374e-01	   0.0000000000000000e+00	   3.9417975639657138e-01	   8.0247558330783730e-01	   3.5083212597284036e-01	   6.8606125785904026e-01	   5.4870494529984581e-01	   7.7930932068039005e-01	   3.3331158544654355e-01	   5.4230874114374905e-01	   1.5506342294515910e-01	   1.1443693036703005e-01	   2.8166938676114761e-01	   4.3739174052214397e-01	   2.6763731682706532e-01	   2.3884026085007481e-01	   7.5918041342134424e-02	   3.2082743580749873e-01	  -5.4096026615613864e-02	   2.3367062913693637e-01	   1.7899569110403912e-02	   2.8624997536324946e-02	   5.0024413123051326e-01	   5.7270345967820857e-01	   5.1011529008073109e-01	   5.2470432435919978e-01	   6.4031082409729434e-01	   8.7397864704740991e-01	  -5.2324131769067889e-02	   8.2813628677362194e-02	  -3.8629486925754901e-02	   1.4992996639583209e-01	  -1.7314016352586228e-01	   1.8143757142282146e-01	   2.9148386286054045e-01	   3.2937662179712179e-01	   4.9815721028272675e-01	   5.3654653244485750e-01	   6.5631551293691670e-01	   7.3518813326274879e-01	   4.1274253812638778e-01	   4.1620888387243477e-01	   4.4763421766061223e-01	   5.0568132396102472e-01	   4.0356081003604261e-01	   3.3137398522876310e-01	   3.7834451441051342e-01	   1.5309344524488269e-01	   3.0147137525317547e-01	   2.9306419265220601e-01	   1.3398860001675106e-01	  -7.2688395015053447e-02	   1.0017755438230141e-01	   1.2835152735198277e-01	   5.2874891130479862e-01	   9.3197229700238604e-01	   1.4193226876726311e-01	   5.6750314014257497e-01	   2.0423283174369009e-01	   6.1127340098813721e-01	   2.8789842069188215e-01	   4.1186863781882338e-01	   1.2740130246539005e-01	   1.7405593489811458e-01	   6.5334993979997827e-02	   4.1790299214196414e-01	   2.8887219488892357e-01	   3.9263250796442939e-01	   1.7462300469508704e-01	   4.4229877035715415e-01	   2.5915581695901130e-01	   4.7366473076456006e-01	   2.2000639522455021e-01	   2.6800423641287224e-01	   4.0186316482132445e-01	   3.6657245211569883e-01	   3.1986840421995050e-01	   2.7250440170279072e-01	   2.7239103123529834e-01	   5.2127475116854238e-01	  -5.4413062529516540e-02	   7.2435572808723869e-02	   4.4382238540174779e-01	   2.6264000627245865e-01	   6.3659068466678925e-01	   2.8741017521154127e-01	   8.0471111838667564e-01	   1.1295233996088729e-01	   9.6817514042257191e-02	   2.7860909043415572e-01	   1.9510397993141110e-01	   3.8142047686683689e-01	   5.0864981155250877e-01	   3.8593664071065847e-01	   8.2542088257442714e-01	  -1.0631539729922160e-02	   5.7611535410109715e-01	   2.2477710248115546e-01	   8.9946536490696106e-03	  -5.9595418847328743e-03	  -2.8164018207955676e-02	   1.7477205312161245e-01	   9.9739028379696476e-02	   1.9645721259441168e-01	   3.7292368649655311e-01	   4.2023427210195596e-01	   4.4351338923817912e-01	   2.5893878120727726e-01	   1.2729374749320665e-01	  -1.7517917033163584e-02	
   2.6764023476435239e-01	   4.7618312687047575e-02	   9.8333568098536339e-01	   5.4250414048212636e-01	   1.1783149053375135e+00	   7.6548902029633348e-01	   8.3478147843554518e-01	   3.9417975639657138e-01	   0.0000000000000000e+00	   8.4983535589364989e-01	   3.0414966511564184e-01	   1.9862804059086489e-01	   5.6145777873467551e-01	   1.5639049314181244e-01	   4.2187246871372908e-01	   5.4869742101064478e-01	  -5.4534695264497821e-02	   1.4607864158314337e-02	   3.4564859293562361e-01	   3.5172025300588933e-01	   2.3573162258385150e-01	   1.6323367561342733e-01	   1.0347922974273078e+00	   1.1304231339947517e+00	   3.2974408024401680e-01	   4.2206276167084822e-01	   5.0737627015646614e-01	   5.2403130761492844e-01	   1.0578123095091568e-01	   1.6591714840027344e-01	   5.7357141869717576e-01	   7.0668643105331674e-01	   4.5536258201829655e-01	   4.0112336400979187e-01	   6.7779846102860641e-01	   5.5760348793604053e-01	   3.1047141035082271e-01	   3.1756705658086165e-01	   7.5417236592214346e-02	   1.1258197532050115e-01	   2.8583398840964291e-01	   9.8590607592342422e-02	   4.9577671166485336e-02	  -4.8946862792308109e-02	   1.5202954768895655e-01	   1.4347607155267844e-01	  -6.8563227789736836e-02	  -4.3863329062703925e-02	  -1.1691551756780656e-01	   3.2163025742424824e-03	   6.2622545022642841e-03	   1.2631413703787220e-01	   2.9693581438443595e-01	   6.0095697412461946e-01	   1.0215402012834690e-01	   4.1635926440238100e-02	   5.4326904274842491e-02	   7.2159974541605881e-04	   8.5077509880053831e-02	  -6.3350925882787221e-02	   1.3678270602627507e-01	   4.3022777059360573e-01	  -1.6362961883971744e-01	  -1.9843663526065727e-02	   9.3643255087834509e-01	   8.0152130319858628e-01	   1.8057837736980084e-01	   1.5873831015869214e-01	   2.6797230983235543e-01	   2.4726597427519056e-01	   3.2308712811542378e-01	   2.6662320891127672e-01	   1.2855246264643741e-01	   5.3868908782423335e-02	   2.2099011218891587e-01	   2.2577218042433186e-01	   1.7930551608159484e-01	   2.0947027426133707e-01	   2.6797932559323634e-01	   3.2901307012141245e-01	   1.8752087514086646e-01	   3.2874521813141011e-01	   3.4033736007285287e-01	   3.2914296192847869e-01	   8.2873721475908135e-01	   5.1961487377802584e-01	   3.0969630362558420e-01	   5.3071634259685518e-01	   5.2288663070041275e-01	   5.0540621258242380e-01	   3.8459278958301807e-01	   6.0299299532823847e-01	   6.7691373098231511e-01	   7.7090962038874611e-01	   2.4724841525144342e-01	   1.7587347103427040e-01	   2.0872650078733471e-02	   7.0654541758253850e-02	   1.1724265399886685e-01	   1.6094480907177147e-01	   4.7210240105074930e-01	   5.6051151145115385e-01	   3.2696055449139416e-01	   4.2732492511895226e-01	  -6.0957767652876228e-02	  -4.3113272346744893e-03	  -1.6634055513296489e-01	  -7.5541567384908151e-02	   1.4420899514090457e-01	   2.0125804008248349e-01	   1.9827294323638309e-01	   2.1414355857684853e-01	   1.6799919007093525e-01	   2.3803225276174722e-01	   2.1056258461481270e-01	   3.9412241163380071e-03	
   1.8569801167979574e-01	   2.3188783638694299e-01	   3.1285181514057869e-01	   6.3639171209457013e-01	   6.7057446908795071e-01	   1.0613188265784486e+00	   5.1056528778977106e-01	   8.0247558330783730e-01	   8.4983535589364989e-01	   0.0000000000000000e+00	   2.3027223407306061e-01	   4.9317336583994276e-01	   3.6488905000336985e-01	   3.9996653072394672e-01	   1.8690827575530672e-01	   5.3176299244333269e-01	   2.1311508124046825e-02	   6.1388142104933652e-02	   2.1437329272748773e-01	   4.3954981723955966e-01	   2.6984622223355575e-01	   2.7796376849602805e-01	   4.4301007064673237e-01	   7.6216842138787422e-01	  -1.4381517619455422e-01	   2.7651852053448928e-01	   1.7969841075037335e-01	   2.4400010872191186e-01	   2.4801393426293350e-01	   3.9006081990440733e-01	   6.3111363969741319e-01	   9.3505463561039359e-01	   5.1141619080242284e-01	   6.3161634518829068e-01	   1.7054694245048868e-01	   2.3734962915303462e-01	   4.6840977131731125e-02	   1.5100874484776830e-01	  -2.9363224290164824e-01	  -1.8930751777831163e-02	   1.9172125278002977e-01	   2.2058524213001818e-01	  -9.5468925840554598e-03	  -1.2469106632294199e-02	   1.7198392461838904e-01	   1.8870449240201823e-01	  -1.1554263837347373e-01	  -6.0128777634918654e-02	  -1.0339610541595103e-01	   7.2239550599694835e-02	  -1.0038267599462504e-01	   1.8806437217411844e-02	   3.0159373615451696e-01	   4.3546546939569730e-01	  -5.0400254142440933e-02	  -4.2730229700269406e-02	   3.9680644805152258e-02	  -8.6179036922750904e-02	  -1.9303028093081681e-01	  -2.2969988928821838e-01	   1.1050730624620629e-01	   7.4225499631193914e-01	  -1.7819220737415470e-01	   2.0640564108071327e-01	   5.0282713968161863e-01	   6.6583275215120363e-01	  -1.8028401671296590e-01	  -7.9391962694948776e-02	   2.6928998545400186e-02	   2.8310125966637577e-02	   3.2438651030435894e-01	   4.6806028981005454e-01	   1.4903365314638967e-01	   2.8107318198515963e-01	   1.7503099756483459e-01	   3.4728393001565933e-01	   1.2367540227119790e-01	   3.0096987364317485e-01	   2.8386851614417202e-01	   2.1401830344138970e-01	   2.7658479402763547e-01	   4.3250693555909397e-01	   2.3490116536814551e-01	   3.7682224414899829e-01	   3.8754096613946476e-01	   5.3799987946922245e-01	   3.5826223928601214e-02	   3.0452418981815266e-01	   3.0132148924917385e-01	   2.8406188136888666e-01	   5.1401479390125482e-01	   3.7574061808184217e-01	   8.0736582225812881e-01	   3.3865299676351179e-01	   7.7081495127468203e-02	   1.7198443779880296e-01	  -4.1859431303037570e-02	   8.1138011027052925e-02	   1.9600176793505439e-01	   1.1161924304979774e-01	   7.0188284133075451e-01	   1.2344066486261063e-01	   3.8889631789255930e-01	   1.5441184168783081e-01	  -1.7487546421643407e-01	  -1.0072748154175840e-01	  -4.9743602148709369e-02	  -1.3383585460643116e-01	   7.2740380005029789e-02	   8.7439485196357442e-02	   8.5103828934765674e-02	   1.3829357264129183e-01	   4.6815371808354170e-02	   1.5804613816650048e-01	   1.0872090653075306e-01	   1.0191431780988253e-01	
   1.0643599661978245e+00	   4.7505070665007854e-01	   4.6949284275738246e-01	   2.4108942345288764e-01	   2.2345144168767012e-01	   3.3471460530572567e-01	   4.8532710519353273e-01	   3.5083212597284036e-01	   3.0414966511564184e-01	   2.3027223407306061e-01	   0.0000000000000000e+00	   5.0301618772347778e-01	   1.1227658063690871e+00	   4.7831363011898620e-01	   7.0644222894759867e-01	   5.8703659621172266e-01	   7.4982318706911544e-01	   6.5982763336121941e-01	   8.3019164524297029e-01	   5.0615068716545042e-01	   3.0197103371641421e-01	   2.4535350852512230e-01	   3.5803892401342796e-01	   2.3793571687954598e-01	   2.9559200128588353e-02	   6.3881249002446266e-02	   1.9301967011652330e-01	   1.0924198212057275e-01	   7.0102562627266274e-01	   5.3691013610575600e-01	   4.0547521027962730e-01	   3.3622997312019265e-01	   4.5334712961412943e-01	   4.2048055540249246e-01	   1.1425999865066674e-02	  -5.1291565663295013e-02	   3.0283575952945774e-01	   3.5637728861711954e-01	   2.2827579567404394e-01	   2.6000292165886496e-01	   5.1536257589625767e-01	   1.6861315944843674e-01	   3.9994829602276111e-01	   3.4422994161525911e-01	   1.5948454314606791e-01	   2.0308171169021783e-01	   2.7755475042508071e-01	   2.7368299347266012e-01	   8.3430689999479141e-02	   1.0905005901656635e-01	   2.9957064612319180e-02	   1.5035450011488767e-02	   7.1709003270228999e-02	   1.9995652580590667e-01	   3.0043038811943223e-01	   2.3543963106960591e-01	   5.5318583689004508e-01	   3.9236391992350877e-01	   1.0361622104003437e-01	   1.3203347960834957e-01	   4.6790320496979232e-01	   4.4817098558926444e-01	   3.5176780508463062e-01	   3.2566700279587629e-01	   2.3493670699520230e-01	   2.8798620302292222e-01	   3.1552910944099857e-02	   2.7208128460585675e-02	   2.3546223631953814e-01	   1.1266430611424791e-01	   2.0852920297626593e-01	   3.3736845340908850e-01	   6.9782426868300751e-01	   6.5432180775472260e-01	   7.9532292369180457e-01	   9.5419198232187719e-01	   7.5734133014021665e-01	   6.6602061980900018e-01	   5.7729796800164268e-01	   7.7000313544947108e-01	   6.4185727615729871e-01	   5.7879918006847364e-01	   7.2170045525419591e-01	   3.5829319546144783e-01	   6.0419593687583217e-01	   3.4475348759647623e-01	   5.0498610887371698e-01	   3.4546206508911498e-01	   5.7489359790942085e-01	   3.7704034280569271e-01	   1.7115491269850702e-01	   2.3486941239333045e-01	   2.2297429512495548e-01	   2.0706284589867210e-01	   2.3110980732294489e-01	   2.4313647238004077e-01	   4.0851391304772761e-01	   4.2449769095573259e-01	   4.0950462897570966e-01	   3.6486371746026108e-01	   2.0308806306899888e-01	   5.3944638394125888e-01	   2.5047722153607238e-01	   5.0163749354312370e-01	  -3.9176879860358012e-02	  -1.3034469714325106e-01	  -7.2825974017300704e-02	  -5.0519321874064944e-02	   6.4838317171766177e-02	   2.4948039887149731e-01	   5.3615063040630928e-01	   4.8848652381861363e-01	   3.7789206800144071e-01	   3.8120048445068533e-01	   1.8430448601921520e-01	  -1.5898708733781963e-01	
   7.0291529313316858e-01	   6.0662568958700136e-01	   6.5211205241083106e-02	   5.1893480865562658e-01	   1.4239893069139384e-01	   4.3234076602074106e-01	   3.9124766313242415e-01	   6.8606125785904026e-01	   1.9862804059086489e-01	   4.9317336583994276e-01	   5.0301618772347778e-01	   0.0000000000000000e+00	   5.2745395686795926e-01	   1.5608700571742180e+00	   3.9920983901504570e-01	   9.7701595006107633e-01	   2.9891320122519027e-01	   3.1624403710089038e-01	   4.4522340783568837e-01	   7.2552481322893048e-01	   5.1496447641875842e-01	   4.7080372864824238e-01	   6.1514986728233786e-02	   3.4670268651030917e-01	  -9.2661049889870672e-02	   2.4131398873797830e-01	   1.4266852663636781e-01	   1.9422677377103886e-01	   7.0644106871798118e-01	   6.0711674823383965e-01	   4.9705260084127012e-01	   5.5322728791693965e-01	   6.7391401458693301e-01	   7.5517482378120560e-01	  -2.2958886611987642e-01	  -1.1911027758975865e-01	   1.9114139102601452e-01	   3.8184084733537338e-01	   5.5158011202758372e-02	   2.2573498110167600e-01	   5.5309144570455571e-01	   4.2917924357909953e-01	   4.3073133286931564e-01	   4.8411508320467067e-01	   4.8216261437312369e-01	   5.8007846071923330e-01	   3.8196137864769941e-01	   4.0771111747264349e-01	   4.2409066375648652e-01	   5.3266321688506646e-01	   3.3919686622315570e-01	   3.3881855792955323e-01	   4.8537351191383848e-01	   2.4421796710587906e-01	   4.9763846696721170e-01	   5.1312008548749433e-01	   3.6353669445580306e-01	   1.8314755317805576e-01	   3.0832238791641493e-02	   1.5971943861901450e-01	   3.2111301744692866e-01	   6.3682399350789609e-01	   3.7274097854761112e-01	   8.4340034649380813e-01	   2.2158155534362848e-02	   3.6422494191438565e-01	   4.2022118647550580e-02	   2.0073670572411220e-01	   2.7142587722172834e-01	   2.3118701521302770e-01	   2.3705835460383556e-01	   6.5227975304629293e-01	   4.1430541084469014e-01	   5.3351972254571012e-01	   2.9626159844563887e-01	   5.9212741761372911e-01	   4.1850303522244214e-01	   8.6238259506599246e-01	   1.7567684292839200e-01	   2.1267741581507443e-01	   5.2819499086576327e-01	   7.7042824677876820e-01	   5.1216047378907492e-01	   5.2003533330214879e-01	   3.6885341046956027e-01	   8.7207748234671556e-01	   4.7916959387965793e-02	   2.0985312269747403e-01	   3.9611546081324756e-01	   4.5509655864837628e-01	   4.7270740803647515e-01	   1.2055469193555214e-01	   4.9888673904783865e-01	  -4.0664397696860165e-02	   5.7682778415905134e-02	   2.5003244131171232e-01	   3.8027978669327783e-01	   5.2601769011568489e-01	   6.4372167453102003e-01	   5.6530503372973473e-01	   5.4898910812910351e-01	  -6.7256983222316498e-03	   6.3961076270752326e-01	   2.3303940727908706e-01	   1.4973251571428997e-01	   8.8273157525927945e-02	  -6.0427822155527791e-02	   8.3191484417898504e-02	  -7.2389390733111139e-02	   1.0712511057229974e-01	   4.6943806640786051e-01	   4.1484583543809161e-01	   3.4371537396105306e-01	   3.0021706450344482e-01	   2.0224614737940208e-01	   1.3042917320987578e-02	
   8.2902609888714363e-01	   3.1659724889363594e-01	   5.4457401355912416e-01	   3.7026343186152838e-01	   4.9353751592663309e-01	   4.8883839438323379e-01	   8.3508447759360638e-01	   5.4870494529984581e-01	   5.6145777873467551e-01	   3.6488905000336985e-01	   1.1227658063690871e+00	   5.2745395686795926e-01	   0.0000000000000000e+00	   5.9531134240103023e-01	   8.5393919875540492e-01	   6.6770390400966273e-01	   4.1655718717127155e-01	   3.8664214001591835e-01	   6.7226730442429650e-01	   4.8298464172850453e-01	   2.8127733859277354e-01	   2.1623727505397694e-01	   3.8210174350795156e-01	   3.3145732929922711e-01	   1.5141631298484023e-01	   1.6609438794678572e-01	   1.8648883758485696e-01	   1.2049431888504204e-01	   6.4287306977103431e-01	   5.5666728577408520e-01	   5.1202276265113233e-01	   4.0647788367352944e-01	   5.8766019351015886e-01	   5.3362507777603929e-01	   1.7889529299622400e-01	   7.1057976768814493e-02	   3.4926140000039185e-01	   3.4943371121196143e-01	   2.3433126587978070e-01	   2.0174173589531852e-01	   5.1613833726182301e-01	   1.6729841458029288e-01	   3.6561240803847184e-01	   3.0383440735040473e-01	   2.8609559495407577e-01	   2.8762319319426743e-01	   2.5679868062871641e-01	   2.3735653753242955e-01	   1.6450664630888479e-01	   1.0678601841543731e-01	   1.9518320837612252e-01	   5.6184357744598228e-02	   1.5283242243695191e-01	   2.3314865281363512e-01	   3.6588775980441429e-01	   2.0601260687802217e-01	   4.1201463835690710e-01	   3.4562496563290135e-01	   3.0237435764039944e-01	   2.1641657182101082e-01	   8.3264906496901259e-01	   5.3233505829552041e-01	   3.9009171612984328e-01	   4.8302913678115522e-01	   3.6533314025825608e-01	   4.4327345713843291e-01	   2.8106858025684051e-01	   2.4307629092561162e-01	   3.4131477361269558e-01	   2.7326094835982556e-01	   1.6839878487211726e-01	   3.6579672850235323e-01	   4.8260194144033591e-01	   3.7766863929107353e-01	   4.8656849400789504e-01	   6.2034119165558455e-01	   6.5330380586122505e-01	   5.9003545372581556e-01	   4.3232133243545112e-01	   5.5400640277844460e-01	   4.9118212788917937e-01	   4.8775107084174735e-01	   6.2506535840279231e-01	   4.4235432479397174e-01	   7.0673857922326289e-01	   4.6483974721150789e-01	   4.3496241218617449e-01	   3.7179647128983551e-01	   7.5660846237300272e-01	   5.1399050419189085e-01	   2.6376696670553135e-01	   3.7380717597465846e-01	   3.7356033883732376e-01	   3.7006235470138371e-01	   3.2451801971716965e-01	   2.6990447191517147e-01	   3.7668892596741743e-01	   4.3388498565944433e-01	   3.7916413183857650e-01	   3.8444338424578473e-01	   2.7693482239006029e-01	   6.2661514765193349e-01	   3.2685879306537408e-01	   6.4914993990521785e-01	  -4.2456396792439352e-03	  -9.9952933249709358e-02	  -1.4406337490488880e-01	   1.3063231389122540e-01	   2.0831734715435246e-01	   4.0320217118128865e-01	   4.6307933029048953e-01	   4.6716795104030806e-01	   5.0605186615009989e-01	   3.7532797459999995e-01	   2.6712883712800783e-01	  -7.7050400497643418e-02	
