   0.0000000000000000e+00	   4.6059985491116889e-01	   2.7180936884590434e-01	   1.6145313765807323e-01	   4.0376298479050104e-01	   2.9237770803241747e-01	   2.3077901581379212e-01	   2.0594310362297247e-01	   3.4433514621744310e-01	   2.7261027851871211e-01	   9.1682585961305896e-01	   3.7016610307412751e-01	   6.5589379591473618e-01	   3.6613779372059513e-01	   2.6256039743859655e-01	   1.5602883316696414e-02	   3.0845227672830000e-01	   2.7667125104920931e-01	   6.1217483651266247e-01	   4.7535718168971369e-01	   1.4288561426088411e-01	   7.8468162909361400e-02	   1.0470196578427135e-01	   5.7878009915226125e-02	  -2.8878781364557633e-02	   8.7851286645458632e-02	   1.4697298828770095e-01	   4.0380372951897080e-02	   3.1600430711289712e-01	   2.2710760393050750e-01	   1.5079866205782871e-01	   6.1112273343842415e-02	   3.0777749294505491e-01	   3.3169735402749484e-01	   7.1986656075885086e-02	  -4.8226956560254797e-03	   5.4457917203926565e-01	   4.5846654924655622e-01	   5.5723110589347258e-01	   1.4057550854607465e-01	   3.2953236533742997e-01	   1.9024629711352339e-01	   3.2388039150948217e-01	   3.0821618558926905e-01	   2.8753503013809290e-01	   2.3322970973464238e-01	   4.0801486173841089e-01	   3.7855792892665063e-01	   5.0240651515153301e-01	   5.4863539407811979e-01	   4.4736061084843143e-01	   4.5838938647874100e-01	   6.4598904773350241e-01	   4.2030690464486925e-01	   5.1182281844618327e-01	   4.2173969991324406e-01	   2.9301428095662163e-01	   4.0242683850133509e-01	   7.0331478469605646e-01	   5.9139161795542938e-01	   1.0130744410167933e+00	   5.8737510401736082e-01	   3.2970759267444461e-01	   3.1776252094253488e-01	   2.2110671038784416e-01	   1.2231686996105592e-01	   2.7408485242548319e-01	   9.0466781561524351e-02	   3.4782692436438384e-01	   3.2588958956030739e-01	   7.7906209360214015e-02	   7.6682016572165751e-02	   2.2077045678319376e-01	   1.9824040570531096e-01	   7.6812591722791465e-02	   1.6593220963440608e-01	   3.2277309733342130e-01	   2.3865131184168842e-01	   1.6328587974165384e-01	   2.6306037659179565e-01	   2.7692282704546034e-01	   7.0999768038759140e-02	   2.3636045115415630e-01	   2.4118321072601184e-01	   2.7449836906291658e-01	  -8.2454062135900678e-03	   1.9872907380797356e-01	   3.4508073137601936e-01	   5.4944271658031940e-01	   5.0471047744706476e-01	   3.6200257186102053e-01	   4.5555596407213939e-01	   4.2711880940406560e-01	   4.2775438083795592e-01	   3.2431290392675387e-02	   3.2106445507129315e-02	   4.5871700397886406e-01	   2.9655456197775359e-01	   3.9020931085840843e-01	   5.2264205469110592e-01	   3.5985897250142895e-01	   3.6937260365020463e-01	   3.4643526779344747e-01	   2.5415076566719430e-01	   3.6185846124695925e-01	  -5.2138073391351632e-02	   4.1712154464202567e-01	   5.2253012445934655e-01	  -1.3504008335998188e-03	   2.9391611821705610e-01	   4.9741405146357509e-01	   4.0329510643512423e-01	   3.8293061215291080e-01	   3.2127368816232565e-01	   1.7156603203329984e-01	   2.3251752975151230e-01	
   4.6059985491116889e-01	   0.0000000000000000e+00	  -4.3841080766034851e-02	   4.3184687399171318e-01	   2.8149160270983364e-01	   2.5968416745451578e-01	  -2.2831461367045672e-01	   2.2642388081175199e-01	   1.1553661561338588e-01	   1.7082375449070963e-01	   4.5446863752209105e-01	   7.3504335559260225e-01	   2.7225730579354257e-01	   6.6111214192038514e-01	   1.3976542275809167e-01	   3.4423791896256550e-01	   4.7328787717043386e-01	   6.4797345038317677e-01	   2.7780580511805208e-01	   4.7949152160207636e-01	   2.7194191313423566e-01	   4.3860868738762959e-01	  -1.1395956945728640e-01	   1.6710641098920062e-01	   7.1821140836326375e-02	   1.1495928076087313e-01	   4.9734164205499747e-02	   8.8284876951830737e-02	   3.9876979821716235e-01	   4.8791056478436623e-01	   2.0879701630432754e-01	   2.7621351017864498e-01	   2.2575596448608054e-01	   2.8822104936583637e-01	  -7.2814538828670880e-02	  -3.4442335276250229e-02	   3.0962630589672441e-01	   4.5567358156952298e-01	   3.2058424800590496e-01	   3.1061174295364635e-01	   3.8484845140981966e-01	   8.6086552736830982e-02	   8.6903356201377582e-02	   1.2976967615966167e-01	   2.5044675481209988e-01	   1.9929290040289027e-01	   2.5826001859035064e-01	   3.9572592266972784e-01	   3.4338827168118863e-01	   3.7282639067761497e-01	   2.4266832565979141e-01	   2.7737429981583961e-01	   2.8905547923991315e-01	   3.1207272273903036e-01	   3.8380622949698662e-01	   4.8419378214868780e-01	   6.6086970121685473e-01	   7.2698153731759940e-01	   3.8308544598655792e-01	   3.5320501167583790e-01	   3.1777187984729338e-01	   3.1374625276667700e-01	   2.0545816824418797e-01	   2.0616503087423230e-01	  -5.8153683725355775e-03	   1.9044836458458597e-01	  -1.0586774412646192e-02	   1.1099008093552681e-01	   2.7725053123201926e-01	   5.3213878843610407e-01	  -1.1631338381236912e-01	   6.2889736309133165e-02	   2.0329489451209118e-01	   3.1852639209195260e-01	   8.0216886289897704e-02	   1.9080566950343655e-01	   3.2214812496758660e-01	   4.3534784546427602e-01	   5.2290753269591750e-01	   5.4211761659094404e-01	   4.1767899658403468e-01	   5.1886443883109257e-01	   1.2182644283923062e-01	   3.1651621840855942e-01	   3.6899673670579919e-02	   3.0818334851892337e-01	   1.8927344184939138e-01	   2.0784631144121526e-01	   2.6661505761160798e-01	   3.6581008282156802e-01	  -4.8983637197181969e-02	  -8.3917202742842451e-02	   1.8712457986033382e-01	  -2.9679360068168518e-03	   4.6967314340955739e-02	   2.5484181921957694e-01	   3.1767943722321551e-01	   5.8256867671753931e-01	   8.2585692691076240e-02	   1.1902048180691079e-01	   2.1493389078287323e-01	   1.1046050424620787e-01	   1.4964166394941097e-01	   3.3485655648701124e-02	   1.9773983426441563e-01	  -4.9884945786679256e-03	   1.4550923505667890e-01	   6.2937739788200803e-02	  -7.9311194076338742e-02	   3.5088506518239848e-01	   3.5956386223961878e-01	   1.4973904281351025e-01	   2.3968865343573814e-01	   2.1488717782478214e-01	   2.0881485101719077e-01	   3.7893259693374461e-02	
   2.7180936884590434e-01	  -4.3841080766034851e-02	   0.0000000000000000e+00	   4.1029215111073147e-01	   6.1932471970343228e-01	   2.9639987525677675e-01	   9.8058116701726106e-01	   3.0931713191227306e-01	   9.6838369891829368e-01	   1.3236374937197834e-01	   2.9409170807393414e-01	  -2.6660379603156793e-02	   3.5413894428244996e-01	  -6.5451258745208657e-02	   5.4435018546347091e-01	   3.4762187118297699e-01	  -3.5804862250088124e-02	  -5.1265009863507467e-03	   7.9191716833132519e-01	   5.5235128416389412e-01	   4.6412861902207825e-01	   1.9477060391460863e-01	   1.1863131987871129e+00	   7.4639110620129501e-01	   4.7114038277246950e-01	   3.7831450445735548e-01	   9.4381863652120992e-02	   2.3250650388301719e-01	   4.4837314945244539e-02	  -2.0426860046113240e-02	   6.5151302584442972e-01	   3.9497477177227247e-01	   4.6397054908004937e-01	   4.9935176907099699e-01	   7.9662204170693485e-01	   5.3457377329618105e-01	   2.4091383978835199e-01	   1.0300283722067689e-01	   4.1765940515102618e-01	  -8.9338549310309642e-02	   1.2569106488021811e-01	   3.3365480724787892e-02	   3.7240988993694812e-01	   3.5549433052467888e-01	   3.0790276252560878e-01	   2.2372009287548011e-01	   4.0893345326468883e-01	   3.4157658554792175e-01	   3.3479060685100892e-01	   2.6114855721569474e-01	   5.4722958310191494e-01	   3.7239712982222745e-01	   2.7859875231432174e-01	   3.4153130631910011e-01	   4.1316364787887450e-01	   2.6546431071955529e-01	  -3.4462644351191063e-01	   4.3640524047155786e-02	  -2.7942496075419966e-02	   2.0346206865174493e-01	   1.4544108603723432e-01	   1.5567585512284085e-01	   5.5871269621661432e-02	   9.6229400914734226e-02	   8.1200439468599261e-01	   6.1621323104199155e-01	   6.7948499096724013e-01	   5.1341918719902258e-01	   4.9418601162700493e-01	   2.4487421300495782e-01	   4.5656854476346997e-01	   2.1233600271997685e-01	   2.8433910453738737e-01	   8.1228905926451989e-02	   1.9810861003030825e-01	  -5.5661709024539298e-02	   2.0760926890570919e-01	   1.1435822407786378e-01	  -5.9684725810623084e-02	   1.9415017397169737e-01	   6.7601405983557961e-02	   1.1593573386918413e-01	   4.0122334373391338e-01	   2.4275345008286492e-01	   7.7217481163295232e-01	   4.7270514391975416e-01	   2.7249013206453060e-01	   1.7621386940840400e-01	   6.9855806178773983e-01	   4.8345943567349875e-01	   4.5391048445717336e-01	   6.0232852903357181e-01	   6.1532429470038030e-01	   8.0992537080730931e-01	   3.1243575471680790e-01	   1.7506910126115237e-02	   5.4990677780695196e-01	   2.8861962558048082e-01	   3.9483489841631220e-01	   4.3206086210273853e-01	   6.1091243703543363e-01	   4.3211853407271872e-01	   5.2180177357518354e-01	   3.4406177926570208e-01	   4.5898222954297108e-01	  -5.3252762711123475e-02	   4.2570001127231016e-01	   4.2166939553281035e-01	   2.7941343295939478e-02	   1.7205228884924620e-01	   7.3746761199181665e-01	   5.9627993842865434e-01	   5.2906550407869357e-01	   5.3833014955221214e-01	   3.5684293381622306e-01	  -1.7045832615869776e-02	
   1.6145313765807323e-01	   4.3184687399171318e-01	   4.1029215111073147e-01	   0.0000000000000000e+00	   4.3978930301814767e-01	   7.7060037819403759e-01	   2.8840334763884590e-01	   8.9932856516350634e-01	   3.4640629670600370e-01	   5.9427687893488856e-01	   2.9332695389626018e-01	   4.8710227038429899e-01	   3.8360046189820346e-01	   4.6744950425527176e-01	   3.2040621528904017e-01	   5.1788377602217872e-01	   5.2093289838580289e-02	   2.3214774963632903e-01	   4.9042265894286863e-01	   4.6192394281266497e-01	   4.6297098037575740e-01	   4.4305030811060442e-01	   4.8601205408450088e-01	   9.5975704378745730e-01	   2.9155063020703309e-01	   5.0752343116227017e-01	   2.9143939894268889e-01	   5.0269709298466581e-01	   7.6778874676256867e-02	   1.5974373139964562e-01	   3.5315256293733671e-01	   4.7036291606076475e-01	   2.8483207771494479e-01	   3.6651461259068102e-01	   2.7605438723833375e-01	   2.1798767017241991e-01	   1.5830190543787334e-01	   2.5383448570232658e-01	   2.7071157252038058e-01	   1.5828971362286806e-01	   2.4310449061701098e-01	   4.1515583641025963e-02	   2.4227979650018794e-01	   2.0116064028260056e-01	   3.6641625549731888e-01	   2.3230528568942915e-01	   1.9729649213022682e-01	   1.6368910061750164e-01	   1.3844414542104352e-01	   9.8624268330118309e-02	   2.2534901114030509e-01	   2.7426604528003790e-01	   4.8694565106339599e-02	   1.0981240234179468e-01	   2.7625797171580757e-01	   2.3372886227100786e-01	  -1.7857591360028176e-02	   8.7627737708728420e-02	   9.7911348961729261e-02	   3.5382534995978049e-01	   8.0878601668338462e-02	   4.0833610043441115e-01	  -2.6586414896038236e-02	   2.2647883358877657e-02	   4.0042831630751452e-01	   8.1456878117271414e-01	   3.5154494096113686e-01	   4.5001218514815233e-01	   3.4881180213346674e-01	   3.2675388430131153e-01	   6.3609026122990492e-02	   9.9970376043185521e-03	  -2.0759396165552124e-03	  -4.5423736994798958e-02	  -4.4522711759645194e-02	  -8.7895417577317461e-02	   3.6118962162869209e-02	   2.8618900415084986e-01	   8.7613562648349200e-02	   2.5806499502943109e-01	   1.6274181895671216e-01	   2.3260285531632846e-01	   2.1380308981542270e-01	   1.9577925589987519e-01	   3.3866942353467083e-01	   4.8326973962076736e-01	   1.8286794293453132e-01	   1.4286646445619483e-01	   5.3534701834322740e-01	   5.2563715489278606e-01	   2.3048639771978638e-01	  -2.4950083821966815e-02	   4.8893432491009081e-01	   6.2668925090553745e-02	   1.1030525011575769e-01	   1.1241299177101224e-01	   2.9642026019222684e-01	   4.7034402921376162e-01	   1.4592843390682708e-01	   6.5445124366778309e-02	   3.5506626764851490e-01	   9.5991213408583732e-03	   3.0210836188389201e-01	  -6.8188893738249295e-02	   3.3508725532734879e-01	   1.4318116116837842e-01	   3.8373044086307051e-01	   1.0436857028612326e-01	  -2.9848307893366052e-02	   2.7463925253582544e-01	   4.1676371028146714e-01	   1.5437324356118065e-01	   1.8249447364005483e-01	   2.1991909740684110e-01	   5.0602885906284190e-01	   5.0810766549730872e-02	
   4.0376298479050104e-01	   2.8149160270983364e-01	   6.1932471970343228e-01	   4.3978930301814767e-01	   0.0000000000000000e+00	   4.3530920567793657e-01	   3.3787812876087170e-01	   4.0952795874244452e-01	   7.9052202236120928e-01	   1.0794326933185969e-01	   3.8245823093679227e-01	   3.2429266033942056e-01	   4.3110573553470721e-01	   3.8343277476008525e-01	   6.4793950570130954e-01	   5.4149387950050398e-01	   1.2551247020438982e-02	   6.8486384364645228e-02	   6.1421538248860441e-01	   5.6517170279527207e-01	   3.6588888901063654e-01	   2.1956931827760573e-01	   3.5057236295019817e-01	   3.3945213583357703e-01	   3.2398067071273229e-01	   2.1945456076980152e-01	   5.2674701438283700e-01	   5.2255504930290742e-01	   1.1343652552439064e-01	   2.5177608703268345e-01	   1.5635228450213165e-01	   1.3350086783188181e-01	   3.9926669920371727e-01	   4.7389567200541483e-01	   5.4541568985499889e-01	   3.7569085462775476e-01	   3.6482814177828471e-01	   3.8011010745631590e-01	   4.6658930480381011e-01	   1.3934641220136176e-01	   3.5681505788545154e-01	   2.8931208659329127e-01	   2.9215904682094063e-01	   2.2550919085369836e-01	   5.1013353727740562e-01	   2.8788784893539293e-01	   3.6449893714912163e-01	   2.9581434769659881e-01	   3.6258967383714430e-01	   2.9362287429100598e-01	   5.7389391319632688e-01	   4.1284156811469097e-01	   4.1994460974929115e-01	   4.9506548085396052e-01	   3.1566353422473870e-01	   4.3802390137752611e-01	  -1.2039314619712842e-01	  -1.4034163485093969e-02	   1.4644212713376625e-01	   3.4926737210742081e-01	   2.0622255172994602e-01	   2.0353046394006324e-01	   7.3486988332744765e-02	   1.0797388495367582e-01	   4.9822382563183215e-01	   3.6566828980318716e-01	   5.4879498657951342e-01	   4.1561785694836773e-01	   4.6347060687894187e-01	   2.7037274462680266e-01	   1.2098204997607272e-01	   1.5001918650630419e-01	   1.2698871832752881e-01	   1.2377337226976480e-01	   4.7907364024377327e-02	   7.4691117644200819e-02	   9.8899586597104211e-02	   7.3952914780942763e-02	   1.8453278246578313e-02	   1.6280173507147852e-01	   1.4209206915672931e-01	   1.5527933290703055e-01	   4.8036194909865643e-01	   2.6110135213152075e-01	   3.8813101491799418e-01	   2.1454109562853646e-01	   4.4632550092349621e-01	   3.0780219643648715e-01	   5.6914397029654296e-01	   3.6401582754902501e-01	   2.8472153910169418e-01	   4.1550544732658523e-01	   4.0487454031688891e-01	   4.5100102307884604e-01	   6.5963812638446445e-02	   2.6766108338568362e-01	   4.8692653059083590e-01	   5.1924841652321252e-01	   2.7369295267861032e-01	   3.7689894269972329e-01	   1.4058663817788222e-01	   6.4937785401659925e-02	   2.9201941699821499e-01	   2.4626410226680495e-02	   3.8045051803428270e-01	  -7.3956857617640693e-03	   6.1643116055683567e-01	   4.2855243226707179e-01	  -1.0154805470413661e-01	   1.7103163988444967e-01	   5.2237211843594589e-01	   4.0647129419134098e-01	   2.8639770749719184e-01	   2.8837029752076149e-01	   2.6170194311483980e-01	   1.2166666636195640e-01	
   2.9237770803241747e-01	   2.5968416745451578e-01	   2.9639987525677675e-01	   7.7060037819403759e-01	   4.3530920567793657e-01	   0.0000000000000000e+00	   9.3712215045997208e-02	   3.7320129843605321e-01	   2.0938612065581316e-01	   1.2904718347353203e+00	   2.4469929674486357e-01	   4.2473132610870057e-01	   4.0019319452746993e-01	   4.4197039227430873e-01	   2.9166097049296441e-01	   4.3721412996886694e-01	   2.5968760245381244e-02	   2.2748902092275911e-02	   3.8261746958350318e-01	   2.7469750318902392e-01	   2.7730215492555810e-01	   2.8150846607093993e-01	   3.2592293819288581e-01	   5.9577527504180872e-01	   5.3243573651312137e-01	   9.1145460858663707e-01	   3.3172022051719635e-01	   6.5401155842571324e-01	  -1.3607798824325728e-02	   4.2335244229066107e-02	   1.2433208657485618e-01	   1.2100127014810860e-01	  -2.4290869709875627e-02	   1.1150033019607369e-01	   2.9450043264987186e-01	   2.6127627031749123e-01	   3.6910631889151685e-01	   4.5204748224414437e-01	   4.7349153857851894e-01	   2.0119458247350244e-01	   2.3153725519198376e-01	   3.4254588784408413e-01	   2.0953654187710055e-01	   1.6064422604556036e-01	   3.3542164764399351e-01	   9.0167607606267464e-02	   1.6422146528804865e-01	   1.4215030313192950e-01	   3.0538723159412012e-01	   6.1057048918635191e-02	   2.2465387641107265e-01	   2.9055967315010622e-01	   2.1443257317189715e-01	   2.7482454993522432e-01	   2.8342852113896438e-01	   2.0973688907783652e-01	   4.5087694172806659e-03	  -1.2962936380943862e-01	   1.5239724057414353e-01	   2.5447551675792707e-01	   1.4350563221330742e-01	   3.9128940286132996e-01	  -1.4233947859805204e-01	  -1.5353061900260720e-01	   2.3516406156944714e-01	   4.4508876203970194e-01	   2.2252147364471495e-01	   1.8296389280524966e-01	   2.4492547431604889e-01	   1.7355281547481560e-01	   1.8043728173130773e-03	   7.7045860794699148e-02	  -1.4589118764104134e-01	  -3.5738051989404371e-02	  -3.1351373753225226e-01	  -1.5530053192082090e-02	  -1.3125500926099623e-01	   1.6556342811229580e-01	  -1.7202514127274544e-02	  -1.6765354574522943e-02	  -8.2068414887548988e-03	  -6.2118509890601109e-02	   4.1064959683473795e-01	   2.4078978631824205e-01	   2.8992747494641724e-01	   2.3107917618962875e-01	   3.5084279755614417e-01	   3.4023983311521039e-01	   6.6277455973925314e-01	   6.2442319426730009e-01	   3.3555586979194219e-01	   7.3308156102658423e-02	   4.0598230639628347e-01	   1.2660404684463980e-01	  -5.2214763948393292e-02	   3.3642984298640023e-02	   1.6417561166700301e-01	   1.7879617952163082e-01	   1.5275158346321926e-01	   1.0456343597533695e-01	   7.4540812725893135e-02	  -7.6931135934368455e-02	   1.5544735013272526e-02	  -2.2304783427134095e-01	   2.2039975949004365e-01	   1.1169352425452869e-01	   2.6068465353632081e-01	   1.7951642144155822e-01	   1.1956245171771566e-01	   1.6169436010878308e-01	   3.1692454779653262e-01	   9.0813864378109510e-02	   7.6265621760898267e-02	   9.1339210269564541e-02	   3.2739851513960266e-01	   1.8522032297387772e-01	
   2.3077901581379212e-01	  -2.2831461367045672e-01	   9.8058116701726106e-01	   2.8840334763884590e-01	   3.3787812876087170e-01	   9.3712215045997208e-02	   0.0000000000000000e+00	   5.8597345782526844e-01	   8.5666112321357946e-01	   8.0890759920642041e-02	   3.1604794265629077e-01	  -9.2233134783081247e-02	   4.1703418035682605e-01	  -8.8711496158916409e-02	   4.4473239138942683e-01	   8.5523164361107157e-02	  -2.4585797958497452e-01	  -1.8171556162411456e-01	   6.5056319879408064e-01	   3.0257470953976989e-01	   1.6773424997567007e-01	  -8.6568803750640050e-02	   9.6623332130483086e-01	   5.3634951905044792e-01	  -8.6019510846112469e-03	   7.0141433142847695e-02	   1.4545106317329182e-02	   1.2777405542543130e-01	  -2.3100010349742087e-02	  -1.9692335395252786e-01	   3.9804102616887560e-01	   3.4081099630167105e-01	   3.0078915656017879e-01	   3.2302008794347764e-01	   4.3940758625871701e-01	   2.5765701188497786e-01	   3.0436849916207324e-02	  -1.2198418763322988e-01	   1.4491298381325571e-01	  -2.2769040718136827e-01	   4.8407079857168880e-03	  -1.7438999592839410e-01	   8.1784819691547384e-02	   2.3602004810150980e-02	   3.4557226303223131e-02	   3.1734811146747394e-02	   8.6914064084772938e-02	   4.3976313022781504e-03	   1.6942904352255404e-02	   1.2564443344651069e-01	   2.2574174892915594e-01	   1.6142734797566255e-01	   1.6415595254425985e-01	   1.2843733447942371e-01	   6.3566064396466143e-02	  -2.6149902360181502e-02	  -4.1131552224955148e-01	  -6.8540708124900096e-02	   7.7057073995851724e-02	   2.8158286305950575e-01	   2.7910709927291055e-01	   3.2700176433083183e-01	   2.3632442692814143e-02	   9.9702639913456306e-02	   7.3919925262642683e-01	   4.7612452033289332e-01	   4.4128325846041189e-01	   2.7374527981048902e-01	   3.1209316332848880e-01	   8.0283069196958476e-02	   5.5046863259581036e-01	   1.4020501433174323e-01	   8.0900491370200972e-02	  -1.2122970304316759e-01	   1.4533141468884994e-01	  -1.2035329455193734e-01	   9.1432387662065934e-02	   5.7692295377576872e-03	  -3.5151992889669742e-01	  -9.6364831923700864e-03	  -8.9172313240349049e-02	  -1.2594851784538461e-01	   2.4796683177423504e-01	   1.2971932161545210e-01	   5.8823040807314930e-01	   2.0693935463370577e-01	   1.5301233055623789e-01	   1.3729806063949546e-01	   4.8416365436603925e-01	   3.6172395046796429e-01	   6.3696014116727429e-01	   8.0020259789128856e-01	   6.0207777939646223e-01	   7.5296194545574258e-01	   2.7973457175385030e-01	   2.8756225226080782e-02	   2.4654071215976681e-01	   5.5687709346177595e-02	   2.9337457188699234e-01	   3.9459187764079406e-01	   4.9464322457621601e-01	   4.7009800703830196e-01	   4.6670976306492706e-01	   2.5825293070849670e-01	   2.4629237995668207e-01	   2.1838743855605379e-02	   4.3665829781697379e-01	   4.9968543062109327e-01	  -2.3226527165507712e-02	  -1.3693757837509358e-02	   2.9148176267146764e-01	   3.9151754796491878e-01	   2.5559587524375210e-01	   2.7675767758105252e-01	   2.0014080774717755e-01	  -3.1710671627205492e-02	
   2.0594310362297247e-01	   2.2642388081175199e-01	   3.0931713191227306e-01	   8.9932856516350634e-01	   4.0952795874244452e-01	   3.7320129843605321e-01	   5.8597345782526844e-01	   0.0000000000000000e+00	   5.6658792764143473e-01	   3.6144142873951590e-01	   3.6114166487668969e-01	   3.7215654407972532e-01	   4.8281980956784487e-01	   3.9622401893817122e-01	   3.4341693199333378e-01	   2.9476627868428501e-01	  -4.3177046077565090e-02	   2.8449108037285765e-02	   4.6270985201039877e-01	   2.6964719284135735e-01	   1.7921737933537191e-01	   1.3952437431884276e-01	   4.7261394810565605e-01	   5.6828409725626505e-01	  -1.6630465157532065e-01	   8.1448832806818763e-02	   1.6433708022661217e-01	   3.4656545566364239e-01	   7.4968438524299949e-02	   7.9888150079514747e-02	   2.8687721953503814e-01	   5.3286046980103130e-01	   3.5091621869796180e-01	   4.2393824963775184e-01	   1.3764160691075816e-01	   6.4075154855491756e-02	  -7.1734889676804692e-02	   5.7630356177934550e-03	   6.5303826582071539e-02	  -2.6478412217849218e-02	   3.2074556407435728e-02	  -1.1844458571731351e-01	  -1.7787591255939792e-02	  -1.3827324352575338e-01	   1.0723408003806621e-01	  -9.3009776226809174e-03	  -6.8533211834015811e-03	  -1.1584639590807345e-01	  -1.2711093071845120e-01	  -5.5616303442340059e-02	  -2.1563678843109616e-02	   6.4376343685834322e-02	  -6.1567866656945551e-03	  -3.8024378338653700e-02	  -1.3649554663091290e-02	   2.1040259539532344e-03	  -5.0651085534380871e-02	  -4.3957303422637810e-02	   1.3962596733770816e-01	   3.7282469228009629e-01	   1.9285783516788424e-01	   5.6357969971200861e-01	   4.8041366112469085e-02	   1.8186238158903034e-01	   5.6851207740623133e-01	   7.8579068402047270e-01	   1.6478230288118026e-01	   2.1262861858560558e-01	   2.1035615920925949e-01	   1.3110274418125412e-01	   1.7381163416145801e-01	   9.3268867888050791e-02	  -3.7481137498951170e-02	  -2.5600475415270267e-02	  -4.7651217747021905e-02	  -4.4357808909050847e-02	  -6.6005460117735500e-05	   2.1603799528071371e-01	  -9.6219284196070856e-02	   1.3505833930017769e-01	   4.8593867513656706e-02	   1.1603875362822863e-02	   1.6399457414090748e-01	   1.6175706779085897e-01	   3.8349060119153200e-01	   2.6108318094203542e-01	   1.0344141182515382e-01	   1.8886715369266247e-01	   3.9807205293305292e-01	   4.2985447055824749e-01	   3.1472911012892080e-01	   1.6937365020098080e-01	   4.7064608492345245e-01	   1.9122353813589293e-01	  -7.6719606320024636e-03	   1.1122352342682300e-01	   9.0273161888583558e-02	   1.8344595775593292e-01	   6.2138061684244836e-02	   1.5663751045279520e-01	   3.4024855965777073e-01	   1.2380882035549828e-01	   3.3829595952541031e-01	  -4.0472651550595443e-02	   2.1246848730841694e-01	   1.0672579557130141e-01	   3.9734726814700427e-01	   2.6174545462925952e-01	  -6.5988292349733330e-02	   4.9084805303494017e-02	   1.2710359360915036e-01	   4.4559030834893529e-02	   3.8396685509348147e-02	   1.3234608631240843e-01	   3.8137619349268437e-01	   1.4031536980244474e-01	
   3.4433514621744310e-01	   1.1553661561338588e-01	   9.6838369891829368e-01	   3.4640629670600370e-01	   7.9052202236120928e-01	   2.0938612065581316e-01	   8.5666112321357946e-01	   5.6658792764143473e-01	   0.0000000000000000e+00	   1.3526773342645543e-01	   4.0094216374132979e-01	   6.3435566156005430e-02	   4.6224185001762219e-01	   6.2267813052356534e-02	   7.6210905804728091e-01	   3.6042163500468827e-01	   2.9348002982995818e-02	   1.6822607177268533e-02	   8.2499991798774142e-01	   4.5372486838631160e-01	   2.5486206080876106e-01	   1.1973424702106543e-01	   8.2052891804004591e-01	   5.4180944742330162e-01	   1.1736354347001857e-01	   9.8598100779736922e-02	  -1.0946157344208579e-03	   2.1409393010821565e-01	   1.4380945845315274e-01	   3.2749246023864934e-02	   3.6339321909139782e-01	   3.3000877989850025e-01	   3.7804369434070084e-01	   4.3141031136040292e-01	   5.2711320670071227e-01	   3.5760169118598834e-01	   1.3229164113496955e-01	   8.7173784250773531e-02	   2.5380238373950070e-01	  -2.8971053919357038e-02	   6.3466724926267537e-02	   7.0834164004778669e-02	   3.2644112287473537e-01	   1.8951832339783992e-01	   3.6122590658964554e-01	   2.1278470326748428e-01	   4.1635364293049221e-01	   2.9409722908794278e-01	   2.6882821380338640e-01	   2.7115297990318710e-01	   3.5539191545581250e-01	   2.3226374061820329e-01	   2.4827671213562000e-01	   3.5183572696979282e-01	   2.1111801788345311e-01	   2.5374191465230422e-01	  -1.6565639813507593e-01	   1.0149351415013887e-01	   9.3316826947276138e-02	   3.5430909062538485e-01	   1.9791210908526380e-01	   2.3402846156940740e-01	   1.3214655729938884e-01	   1.9106851511863643e-01	   8.5734728476455113e-01	   6.1299288406191810e-01	   4.6186728775752844e-01	   3.7440729173080700e-01	   4.5220362140607168e-01	   2.5593667849099644e-01	   3.3442565339757957e-01	   1.9587607873550059e-01	   1.6307028318414629e-01	   6.0895502353409181e-02	   7.0857086995061852e-02	  -9.2762753259587286e-02	   1.0213336630239525e-01	   9.9119051586053983e-02	  -2.7679917132384269e-02	   1.7329218728649715e-01	   1.3149031460714397e-01	   7.5310947296775149e-02	   4.0869820126612355e-01	   2.0027382025574222e-01	   6.3996341241312882e-01	   3.0916647311151013e-01	   1.9145627011218797e-01	   2.7795625422809128e-01	   5.2653577135906005e-01	   4.7754117953571384e-01	   4.9143709393785096e-01	   6.2061911204469788e-01	   5.0530651295564388e-01	   7.0818832990345326e-01	   1.9658839488497840e-01	   5.6641503140368199e-02	   3.8237438030217291e-01	   1.9705678902736337e-01	   3.5231454074060431e-01	   4.2908121689258133e-01	   4.1677218530564619e-01	   3.0970088963055364e-01	   3.4232370758369851e-01	   1.9861122377711404e-01	   2.5360273422799989e-01	  -6.7216502040459120e-02	   3.6099718521438950e-01	   4.3592246550850866e-01	  -1.0023489506752348e-01	   7.0573338221865373e-02	   4.0897881363120930e-01	   4.9491228739886678e-01	   2.8892913478315940e-01	   4.3196803833927971e-01	   3.0355654606610077e-01	  -3.4784147563030110e-02	
   2.7261027851871211e-01	   1.7082375449070963e-01	   1.3236374937197834e-01	   5.9427687893488856e-01	   1.0794326933185969e-01	   1.2904718347353203e+00	   8.0890759920642041e-02	   3.6144142873951590e-01	   1.3526773342645543e-01	   0.0000000000000000e+00	   2.3525300730281196e-01	   2.8742054288428526e-01	   3.4130046291775834e-01	   2.6812502785935277e-01	   1.2590961450920399e-01	   1.9352791276736986e-01	   1.1087961147909102e-01	   5.7999106374107684e-02	   2.5592480836340981e-01	   1.0631523241560542e-01	   6.9792849177779795e-02	   1.6127535168313589e-01	   2.2143363403736216e-01	   4.5932777593111851e-01	   2.8917613574632872e-01	   6.6318750328734033e-01	   5.2093667736321257e-02	   3.7244558392730093e-01	  -9.0070473548828269e-03	  -3.3980700172793699e-02	   3.8104037171223640e-02	   1.0225188841023676e-01	  -1.1450897136049856e-01	   1.6451576705926171e-02	   9.9159867420253123e-02	   9.0900676786965992e-02	   2.4507339778580883e-01	   2.9069362636111795e-01	   3.4083230284775146e-01	   1.5113487725525840e-01	   5.0104771409526280e-02	   1.7804806824145769e-01	   2.5255741045282787e-01	   2.0364346770356725e-01	   2.7489868858900490e-01	   1.3293370232499299e-01	   1.7282484287400549e-01	   1.4124424908633418e-01	   1.6096922489788584e-01	  -5.6249117529293617e-02	  -9.3903251431078708e-03	   1.1063570028145502e-01	   1.3613713437847135e-02	   5.5402224928919830e-02	   1.5658019123714009e-01	   5.6861620035910720e-02	   8.9501153236779790e-02	  -1.4639297761617892e-01	   1.2517323877024075e-01	   1.3305117385170984e-01	   1.3693937215681720e-01	   3.2924038703898167e-01	  -3.7124430391673499e-02	  -9.4809791724158002e-02	   2.1843126602071011e-01	   4.2583086574639434e-01	   6.6882708451264566e-02	   8.6874722964592005e-02	   1.2573992747680249e-01	   8.7998279375066976e-02	  -9.4295127277436830e-02	  -3.7567591787031798e-02	  -2.0880264211712257e-01	  -9.0031283540052048e-02	  -3.9841673260440275e-01	  -8.5391001962203977e-02	  -2.1148385862930943e-01	   1.4734432257411451e-01	   3.2904823315049542e-02	   2.2948359515432070e-02	   2.3371289245644654e-02	  -1.4012334090350528e-01	   2.2892201798447162e-01	   1.1799144610975307e-01	   2.6686922958901294e-01	   1.8169892893919351e-01	   1.8320894023174134e-01	   3.3781513966780091e-01	   5.0208882875517657e-01	   4.5348039186595945e-01	   2.9021424308620802e-01	  -3.1800101462071850e-02	   3.2537526907302161e-01	   3.8875054859187297e-02	  -9.0150838161928079e-02	  -8.3067790764879718e-02	   5.6593909151230005e-02	   1.3433288074181680e-02	   1.3608500665187845e-01	   6.6251241946495884e-02	   1.0282554699611671e-01	  -5.7958244109008024e-02	  -2.0959287620861199e-02	  -2.3789483610848733e-01	   1.4670149291877421e-01	   1.4888649540889579e-01	   1.0293550147898167e-01	   1.5841074017716664e-01	   1.2452313587593442e-01	   1.4259850892635925e-01	   1.7094243126844982e-01	   2.5076496274409197e-02	   1.3598572087822242e-02	   2.2672489273681644e-02	   2.9171469641326297e-01	   2.1169105784659228e-01	
   9.1682585961305896e-01	   4.5446863752209105e-01	   2.9409170807393414e-01	   2.9332695389626018e-01	   3.8245823093679227e-01	   2.4469929674486357e-01	   3.1604794265629077e-01	   3.6114166487668969e-01	   4.0094216374132979e-01	   2.3525300730281196e-01	   0.0000000000000000e+00	   7.9251199340092948e-01	   1.0923075998663301e+00	   5.8963788349078883e-01	   5.1498435303170687e-01	   2.6819343068070484e-01	   3.3194226697084733e-01	   5.8593702543409310e-01	   5.6906965071282067e-01	   5.3057723011797131e-01	   3.1602330718899951e-01	   3.3008812411269195e-01	   1.6988737999826048e-01	   1.3299878704071391e-01	  -3.6452697381158146e-03	   4.1319528888296229e-02	   1.0519033654444297e-01	   4.6363701853824379e-02	   6.0180689969838441e-01	   4.7387483857931301e-01	   2.7592871850701728e-01	   3.1569253686860649e-01	   3.5568960345430628e-01	   3.7402197443384311e-01	   1.7634107362753448e-01	   8.5682359198585467e-02	   6.3157461621302502e-01	   4.8649646599382579e-01	   6.6533757103680502e-01	   1.6265340155390778e-01	   5.1385338699111960e-01	   2.6451603652268646e-01	   4.3076041759987049e-01	   3.3224966812747053e-01	   3.2422453858725425e-01	   3.0962203306602687e-01	   4.9650699024035916e-01	   4.0769555973981986e-01	   4.3277999855830407e-01	   3.3068787237775749e-01	   4.9610123930850547e-01	   2.4668687938434114e-01	   4.1198189630835880e-01	   1.5429439967172595e-01	   6.5270171606228566e-01	   5.4579203979208812e-01	   8.5547996155231731e-02	   2.2356955505463483e-01	   3.2128999148454690e-01	   3.2170361368846589e-01	   6.9783479480449462e-01	   4.8174690407532367e-01	   2.0887224049003256e-01	   3.1138859636708338e-01	   3.8188139782113539e-01	   2.3674403220041185e-01	   3.3863481597634409e-01	   1.8428481816239276e-01	   3.6420299700757808e-01	   1.4522560636070364e-01	   9.1870394471370090e-02	   9.2143587839605245e-02	   2.9080858542340504e-01	   2.6197345705136249e-01	   1.3581622889303457e-01	   2.3528110776170336e-01	   4.4127348207851025e-01	   4.7435349728913118e-01	   2.8894180469372727e-01	   4.3150788242066707e-01	   5.2761219577113305e-01	   4.3811185300678990e-01	   2.7130000781125435e-01	   3.7898568533353511e-01	   3.1133580318840426e-01	   2.2604305280058487e-01	   1.4037696722135046e-01	   1.6705946325729498e-01	   6.2271359389851821e-01	   3.6925563386313182e-01	   3.7826290064245371e-01	   4.4090694164623279e-01	   5.4168218683344893e-01	   5.0119204687879715e-01	   1.8301132771329554e-01	   1.9989520528063487e-01	   5.6577307379083275e-01	   3.5745488078003118e-01	   6.0426608669247073e-01	   6.9340632236035682e-01	   4.0628944038004422e-01	   5.4193609801250053e-01	   4.0331536414240138e-01	   3.3203750240125962e-01	   4.3728514312938183e-01	  -1.0365995484374405e-01	   4.6971951701689663e-01	   5.3051142704721621e-01	   2.1967623387604007e-02	   2.8966939363126559e-01	   5.7751932522706773e-01	   5.2490499961669834e-01	   5.1158258973846715e-01	   3.7080812595673313e-01	   2.4630333578767910e-01	   1.7926989863168447e-01	
   3.7016610307412751e-01	   7.3504335559260225e-01	  -2.6660379603156793e-02	   4.8710227038429899e-01	   3.2429266033942056e-01	   4.2473132610870057e-01	  -9.2233134783081247e-02	   3.7215654407972532e-01	   6.3435566156005430e-02	   2.8742054288428526e-01	   7.9251199340092948e-01	   0.0000000000000000e+00	   6.3203122692845548e-01	   1.3619871430729267e+00	   2.4141240289601448e-01	   4.6532627209131422e-01	   2.9464371163807068e-01	   6.2518909593831795e-01	   2.2779493607823023e-01	   3.4261909352840730e-01	   2.7933576865813803e-01	   4.4733407275375520e-01	  -4.4114711746882855e-02	   1.9009553284337691e-01	   9.2571218194880525e-02	   1.7325604906947273e-01	   1.6486851436734207e-01	   2.0158074214941207e-01	   4.2519049671033687e-01	   5.7138388535002815e-01	   1.8603684638679066e-01	   3.5973456211765720e-01	   1.8035533676149587e-01	   2.8272135433427181e-01	   6.7137290296708882e-02	   1.2199771702689635e-01	   4.1066044068345564e-01	   5.2880664651417664e-01	   4.4233517389698818e-01	   2.1779737082382422e-01	   4.2551542559155242e-01	   2.0924893147277904e-01	   6.4130866863748762e-02	   2.1929964631006733e-02	   1.5958544016831797e-01	   7.9484158555063869e-02	   1.2433167765492183e-01	   1.7111318969412787e-01	   2.1620776957224780e-01	   9.1127131603673792e-02	   2.8793189062451369e-01	   1.2872172648296992e-01	   2.2405694413644972e-01	   4.3874381322736009e-02	   4.7114915762955978e-01	   4.0847765515946671e-01	   2.1858422482047621e-01	   1.3118066264547851e-01	   2.6853921163240430e-01	   2.2951722541752945e-01	   3.8485232345317155e-01	   3.9877246682249878e-01	  -6.5581849030491343e-02	   9.5722499697298041e-02	   1.5590170212542363e-02	   1.4853257599049891e-01	   6.4230638512771485e-02	   1.5589900797875819e-01	   1.7494574154198467e-01	   6.6371619085868319e-02	  -5.8181814825800114e-02	   1.4283148241513124e-01	   9.3417002488147438e-02	   1.9842837704234456e-01	  -5.1289263620467422e-02	   1.8758729835993104e-01	   1.4043266738687127e-01	   5.1577145227425869e-01	   2.9753082916466700e-01	   3.4732570814070418e-01	   3.2067823056577893e-01	   4.8794215306986799e-01	   1.0459304172418302e-01	   3.0015566421194734e-01	  -2.7676625785571240e-02	   2.4007124010888048e-01	   1.2213033902638662e-02	   6.5604059561561123e-02	   3.8130351492627507e-01	   3.1118065911718767e-01	   1.7695398126159037e-01	   4.5589339261031215e-03	   3.2644131723636949e-01	   2.3085048418745795e-02	  -9.5244111963272524e-02	   1.8094104223961999e-01	   2.5963607308348424e-01	   3.0770362289130959e-01	   2.1950082604511337e-01	   2.2482625602402603e-01	   1.3894457949073549e-01	   5.1785178066029280e-02	   1.6770925005954512e-01	   6.0350577699446337e-02	   2.5983976204937964e-01	   2.6382799687747656e-02	   3.3396131898407100e-01	   1.6649608837754726e-01	   6.1985087747413868e-02	   3.1344675811893308e-01	   3.0922689499852313e-01	   1.2565322972428933e-01	   2.4088074255934599e-01	   1.5291393990011506e-01	   1.3634893673466564e-01	   1.0562614940112994e-01	
   6.5589379591473618e-01	   2.7225730579354257e-01	   3.5413894428244996e-01	   3.8360046189820346e-01	   4.3110573553470721e-01	   4.0019319452746993e-01	   4.1703418035682605e-01	   4.8281980956784487e-01	   4.6224185001762219e-01	   3.4130046291775834e-01	   1.0923075998663301e+00	   6.3203122692845548e-01	   0.0000000000000000e+00	   7.0783892988729635e-01	   8.0339479873889508e-01	   4.7400540141625525e-01	   7.8501436893579551e-02	   2.6223091862888143e-01	   6.6865666618994690e-01	   5.0114976079205975e-01	   1.8276753402622387e-01	   1.6795638491704168e-01	   2.7418532300657983e-01	   1.5777187198368486e-01	  -1.8001961595134328e-02	   2.5413793783411527e-02	   4.7249930607651071e-02	   1.2280298614163822e-01	   4.5427005987274893e-01	   3.3461977417623662e-01	   1.6068264443921806e-01	   1.6193237859769855e-01	   1.6358560576909004e-01	   2.0409908914257444e-01	   2.2359365518834673e-01	   9.7372731721140054e-02	   5.8854456530535515e-01	   4.4583557860257045e-01	   6.1236170745113172e-01	   9.1304344461260165e-02	   4.2054713211164496e-01	   3.6361331210373737e-01	   2.1160042435026016e-01	   1.2212728670271907e-01	   8.5794598279674533e-02	   1.4890232501972855e-01	   1.9754623745769434e-01	   1.8387449907068218e-01	   2.3173776696668980e-01	   1.9731813363834358e-01	   3.5091111009162346e-01	   1.5339478957339950e-01	   3.8194192413955763e-01	   2.3507296342624710e-02	   5.1131471057341593e-01	   3.0797218316006769e-01	  -1.2367616599669821e-01	   7.4537622293416636e-02	   2.8566706818841137e-01	   4.0465957026537591e-01	   7.2087431562908699e-01	   6.4634223276487046e-01	   6.6437925621858032e-02	   2.9354159418780834e-01	   3.1648616516438932e-01	   2.4251166704747154e-01	   1.3990661556282488e-01	   1.1689586317804763e-02	   4.6659864713972948e-01	   1.6602538431246791e-01	   1.9253485956373126e-01	   1.2310954537590002e-01	   1.9289102678365683e-01	   1.0147642108216756e-01	   9.2777103763417301e-02	   1.0586450936461017e-01	   2.2952449547687293e-01	   2.3085541332928639e-01	   5.7766303632978050e-02	   1.7756941438505761e-01	   3.2291149416234172e-01	   1.8222588481523933e-01	   3.7686132757247259e-01	   3.2844100356763556e-01	   2.7558903648992994e-01	   6.8272117952922068e-02	   1.9663991266790501e-01	   1.0609810190618796e-01	   7.8026471025783473e-01	   5.6570095250907482e-01	   5.0688682297433840e-01	   4.3894207269938945e-01	   4.8107684754160795e-01	   4.1567277847787315e-01	   1.0769393767480603e-01	   6.8585411004086175e-02	   3.9395019051050240e-01	   2.1920204759761516e-01	   4.4918109077802393e-01	   4.9890889788942183e-01	   2.6890429401822208e-01	   3.8772267136617888e-01	   3.9036650414687629e-01	   2.0777877409287165e-01	   3.3022990773352134e-01	  -8.5722318489535418e-02	   4.3151755276168008e-01	   3.8527344373099787e-01	  -3.7385740314947520e-02	   1.2657947802107145e-01	   3.9495822776444584e-01	   4.9290381971628261e-01	   3.4362052399713311e-01	   1.8306405053291014e-01	   1.1924296407397980e-01	   3.6931972866912827e-02	
