   0.0000000000000000e+00	   3.0188904544472073e-01	   1.9444133208707476e-01	   1.9567777350063700e-01	   2.7796719832998568e-01	   3.3486322952685060e-01	   3.4363898933203019e-01	   3.4150937457291847e-01	   1.1758512891685569e-01	   3.0018251976304039e-01	   6.1475559597441787e-01	   5.8463636000450525e-01	   7.4136216006096955e-01	   5.5548622586009000e-01	   3.5383363910007443e-01	   2.6759417808555397e-01	   5.7110681757080606e-01	   3.6036468624891049e-01	   7.8600004180472616e-01	   5.1397165873578998e-01	   2.1734292294175878e-01	   3.1491011516323114e-01	   5.8100692241773923e-02	   5.4515967221055568e-02	   8.9130842733038132e-02	   1.4949746274222042e-01	   2.7090011538337022e-01	   2.1808214988249619e-01	   5.6430104153708682e-01	   4.3832700799272523e-01	   4.5767533677014076e-02	   1.3702681918184376e-01	   5.8322247860241183e-01	   4.6943683820935106e-01	   1.8588951656932678e-01	   1.7400845823448730e-01	   3.0621094639646246e-01	   2.1125943708980419e-01	   3.6485051393905099e-01	   2.7151851654295872e-01	   2.7939800345562110e-01	   5.6120294156007977e-01	   1.3312837996214871e-01	   1.0656850020168578e-01	   1.4059477543107921e-01	   9.6437571873950190e-02	   7.4817808486598122e-02	   7.2396313064743770e-02	  -8.0063082438548748e-04	  -1.0464324298366670e-01	   2.4114731037208567e-01	   6.7935745355220026e-02	   2.4268963553438194e-01	   5.0689342362326931e-02	   3.8398089434416982e-01	   2.0712665164394259e-01	   7.0807351416043196e-01	   1.7855857999592534e-01	   3.8265804065634301e-01	   1.9379945149287420e-01	   7.7868491310612820e-01	   4.4398727320922859e-01	   7.8568140067115344e-01	   4.8228307778750601e-01	   1.1713555286874026e-01	   1.8694328173075198e-01	   3.3632726466400126e-01	   3.1309790420871814e-01	   2.5233318358517542e-01	   1.7535590735243275e-01	   4.2309249978374885e-01	   3.4339549941299424e-01	   5.5511816893657195e-01	   5.5305800878824474e-01	   6.7891070191697522e-01	   5.9683944474082362e-01	   8.2731370420166350e-01	   6.8015403115789186e-01	   5.0679709825209851e-01	   3.7707150468062828e-01	   5.7398101424933845e-01	   5.2793671606986925e-01	   5.5522972911084589e-01	   5.4043375183855102e-01	   3.4437717114793281e-01	   3.4592599178341404e-01	   4.0366606304484204e-01	   2.0406580902993871e-01	   5.8417773823231667e-01	   5.0577845596039817e-01	   3.7181315901937917e-01	   4.5157096392387303e-01	   3.2015875893823548e-01	   4.9490799140080111e-01	   2.9903991417439069e-01	   3.8231219394133859e-01	   2.8330195896459576e-01	   4.0308922463723912e-01	   2.5512982148567803e-01	   3.5652514543620611e-01	   1.6804612131915442e-01	   4.5234786011363043e-01	   2.6684390825753512e-01	   4.9478931153661998e-01	   2.7425327275807693e-01	   2.2121915635769723e-01	   3.9842096791268600e-01	   3.0369006643284313e-01	   3.2805578703461474e-01	   4.5791987812274626e-01	   3.2271164790134027e-01	   1.6016826658163105e-01	   3.1885136796063573e-01	   3.5405481167992453e-01	   2.6019395777718696e-01	  -9.4850663928033332e-02	
   3.0188904544472073e-01	   0.0000000000000000e+00	  -1.7071838825409180e-01	  -1.0558746583350245e-01	  -9.9149782061993472e-02	   3.9919615578254364e-01	  -1.6503150560129062e-01	  -2.0086014842118421e-01	  -7.3804793683697814e-02	   2.5192721472382185e-01	   6.8452883153014080e-03	   1.7564748503114153e-01	  -5.4550919486614328e-02	  -1.3066660985159217e-01	  -2.8113926088854058e-01	  -3.0500267378699508e-01	   4.6179670177448590e-01	   8.3001393244825117e-01	   2.1609038968744901e-01	   3.3551558604913861e-01	   1.1213221877544831e-01	   3.2644435965659113e-01	  -2.0068150771230989e-01	  -1.8203690089638547e-01	   1.2248212960187710e-01	   4.1653414111909770e-01	   1.7585256503582591e-01	   5.1163369117146007e-01	   1.3318860684811792e-01	   4.2072028784426396e-01	  -2.4648356218050416e-01	  -7.2191594915241200e-02	  -1.5055968686024880e-02	   1.6228183291999201e-01	   5.6215149713704927e-02	   1.4124993983664438e-01	  -1.4068875511006988e-02	   2.3525949945883445e-01	  -3.9777366412825137e-02	  -1.1967706087449898e-02	   1.3782389772367886e-02	   1.8234355301724836e-01	   7.4386714089612643e-02	   4.6818705765283117e-02	  -5.4814560018766875e-02	   8.7359782954464366e-02	   1.5963480580770950e-01	   1.6096976076333119e-01	  -1.4050298136761240e-02	   1.2397338957613893e-01	   1.2219319355709790e-01	   1.8677428666250401e-01	   4.6385072719447246e-01	   4.9547350812910307e-01	   3.3529080017266777e-01	   2.8455069417730644e-01	   5.3228853946610155e-01	   1.4788676176342634e+00	  -1.8043342101702481e-01	   1.3364543613646868e-01	   7.4348990403858783e-02	   1.3099804149927967e-02	   3.1343895497390084e-01	   5.2126076704396329e-01	  -3.6011728951188726e-01	  -2.5510246366458811e-01	  -3.5012060376034115e-01	  -2.3190367280676838e-01	  -1.2813246245795554e-01	  -1.3699869040963719e-01	   1.4200326879387412e-01	   3.3158636038636075e-01	   1.2748954609671986e-01	   6.1346527511651816e-01	   2.2855993230173066e-01	   5.7922033704324849e-01	   1.7032038997218849e-01	   5.0898223014381128e-01	   4.7840680349033760e-01	   3.7430488360259456e-01	   3.0916305331057203e-01	   2.7426503525748486e-01	  -7.3684393241019941e-02	   2.0410729912979284e-01	  -2.1993736093283522e-01	  -1.9264088324066422e-01	   4.4619510099142522e-02	  -1.2064967277908344e-01	   1.7002756964582559e-03	   1.6131164646591775e-01	   2.9812801005284228e-01	  -3.4207530865282290e-02	  -9.0590605683168929e-02	  -1.1857320990893509e-01	  -2.5290588275936926e-01	   2.5913821344004229e-01	   1.1735695445313918e-01	   2.9716495805174922e-02	   6.6273785377298988e-01	   3.6264024648906629e-01	   2.6831599626972535e-01	  -2.7800343519832865e-01	   5.7884434258412487e-01	   6.2761460097609995e-02	   1.4897240130027953e-02	  -2.9718666643941893e-01	   6.5541088250530233e-02	  -3.1120988546609409e-02	   2.0166940059269733e-01	   1.4946012725447169e-01	   1.2033308549202731e-01	   3.2244758635528431e-01	   2.1066964229544580e-01	   2.4300571420393957e-01	   2.0152492733516969e-01	   1.5473456706206792e-01	
   1.9444133208707476e-01	  -1.7071838825409180e-01	   0.0000000000000000e+00	   7.7585899129216063e-01	   8.0663373841396657e-01	   5.8372247786281373e-01	   1.1168491548247870e+00	   6.0659657240029297e-01	   4.2203215319293746e-01	   5.7377726126458573e-01	   3.0078902393002871e-01	   1.5385680570254487e-01	   4.0400224545502422e-01	   3.5631052387717560e-01	   2.5101887341082646e-01	   1.9631322145721997e-01	  -1.4162114080941093e-01	  -1.7026245171636686e-01	   1.1331322396760052e-01	   4.0568683778205772e-02	   4.3255323166280296e-01	   4.2714218760296974e-01	   1.2066074341984963e+00	   7.5774048710737729e-01	   3.5492876385494815e-01	   3.9200866224019670e-01	   4.4312643546766239e-01	   4.2579561791760057e-01	  -4.5504301327412920e-02	  -6.7296167411718469e-02	   5.1498318754671091e-01	   3.9355941458396215e-01	   3.8253061405700628e-01	   2.7455270604489046e-01	   5.6558435484315961e-01	   3.8704501444297512e-01	   2.1083481660315209e-01	  -8.7906085672049092e-02	   2.4428367544598648e-01	   1.9799884882518829e-02	   2.4791998333610153e-02	  -1.1278718184116464e-01	   3.0597709922038663e-01	   3.0381584100322251e-01	   2.9916980797335230e-01	   2.1950050000639526e-01	   2.4945417813453530e-01	   2.6233536699675031e-01	   2.7027442685666853e-01	   2.8722306008800313e-01	   7.5063860652655257e-01	   5.0224693703454326e-01	   5.6882998034546883e-01	   4.2674769673576635e-01	   4.6501286851389240e-01	   3.3563014742311248e-01	  -1.4222011565095322e-01	  -2.8173153224325659e-01	   4.4157344807451293e-01	   1.9312219119717453e-01	   2.8146379327482129e-01	   3.1128945342459391e-01	  -3.6188688476992192e-02	  -6.2552822127681457e-02	   7.2902534070719249e-01	   5.8245492446313341e-01	   5.4718853719297877e-01	   4.6957609872548778e-01	  -6.1374287625023609e-02	  -1.9753071470870348e-03	   4.8933469752486603e-03	  -1.2778926119628731e-01	  -1.0306510309983638e-01	  -1.6232997191925497e-01	  -7.5716944370910366e-02	  -2.1836871227195320e-01	   4.7741952425927485e-02	  -1.6037690447847083e-01	  -1.2225664374841602e-01	   7.2175173864252262e-02	   8.6691046392310095e-02	   2.8021924068556830e-01	   2.4626564798565975e-01	   1.7759516118224562e-02	   5.1464371019590893e-01	   4.1258135674636853e-01	   2.6718213592854179e-01	   5.7662785489806440e-02	   5.6017119379993552e-01	   5.7577318476912076e-01	   3.0454601068392018e-01	   4.5413607036448500e-01	   2.3006624126692130e-01	   5.1600127433884557e-01	  -2.3832306811480894e-02	  -2.6456100446063696e-01	   2.2444399682986760e-01	   7.8476616493124374e-02	   1.1315793003589154e-01	   1.7781769804401071e-01	   1.0543451483936994e-01	   4.0836588557962927e-01	   5.2308762959645566e-02	   2.4884087875841876e-01	  -4.1303615645652110e-02	   2.1364340830062842e-01	  -2.2721132858723207e-03	   5.0595516708704588e-02	  -3.5322204696736505e-02	   9.6877386358841897e-02	   1.6386634959165314e-01	   9.3184083656398103e-02	   3.0116253226092132e-01	   1.5573353186916461e-01	   6.9073354538782911e-02	  -9.2666927600554214e-02	
   1.9567777350063700e-01	  -1.0558746583350245e-01	   7.7585899129216063e-01	   0.0000000000000000e+00	   3.1367798940907399e-01	   4.2293606321218918e-01	   6.1600626445124140e-01	   9.7699094591637681e-01	   2.8417767825946166e-01	   5.4129397577365235e-01	   3.1752564282022326e-02	   2.6625619702358810e-01	   1.5711980636142298e-01	   4.8240391590806769e-01	  -2.9378938058096417e-03	   2.3196970833134389e-01	  -1.1054307960177162e-01	  -9.4950304923281881e-02	  -5.2611865630900513e-03	   1.0301055405641200e-01	   1.8100899209384763e-01	   3.0025523106203156e-01	   5.4733421726024301e-01	   7.5297067750585922e-01	   1.8235832092359017e-01	   3.7275871979555947e-01	   2.1877422857606713e-01	   3.4036935752445441e-01	  -1.1383822630404300e-01	  -2.7173686804690695e-02	   2.8692782016372748e-01	   3.4337423681378842e-01	   3.7330105186681639e-01	   4.1897623816930962e-01	   3.8348132724499989e-01	   4.0985935960160857e-01	   1.4570190419618895e-01	   1.0335352145271945e-01	   1.9636481569472092e-01	   1.4987221027694236e-01	   9.3833028181589340e-02	   5.3189043425063531e-02	   1.2472445878002769e-01	   1.2813366090564682e-01	   1.2970680276126767e-01	  -1.5643101381025242e-03	   2.3042420377911120e-03	   3.6273588274750392e-02	   2.6289745409018753e-02	  -4.0183872158597402e-02	   4.5435352051178918e-01	   2.1916142772205580e-01	   3.1578622690423203e-01	   1.6051352885185516e-01	   3.9317496473026942e-01	   1.6188653331782971e-01	   3.0181633001945998e-02	  -2.0098610484367560e-01	   4.2601848530051639e-01	   4.3146444148694474e-01	   2.9054360669884083e-01	   5.1961148264862400e-01	   1.6557646050207622e-01	   1.0801487414882963e-01	   5.5758896786021162e-01	   9.2786409127595149e-01	   5.8228182618966373e-01	   7.0214053249370423e-01	  -6.9282726361128907e-02	   8.7928542990961343e-03	  -2.5087790029529686e-02	   6.6160727417735113e-02	  -1.1733848024877107e-01	  -1.3701548642277350e-01	  -1.7519278101971164e-01	  -1.3404879769174705e-01	   1.0229314674944030e-01	   1.1678748939443311e-01	   1.2215957633851114e-03	   1.0901326927942788e-01	   2.4693100875761753e-01	   4.4866135979944233e-01	   9.4899921470831899e-02	   3.1254432035433338e-01	   4.5328837103838693e-01	   7.1141322385140260e-01	   2.9058863482319758e-01	   2.8461163331330225e-01	   5.6229291979736706e-01	   7.5128950791890936e-01	   5.0428860763515448e-01	   3.6730789021140858e-01	   6.5097988767018145e-01	   3.0595758826904224e-01	   4.3708299140282209e-02	  -9.2930816024999155e-02	   1.6241232833782365e-01	   1.1361544259227216e-01	   1.0546998544618663e-01	   5.7926309207621540e-02	   3.1145892492740629e-01	   4.9443877070641951e-01	   1.8068372044229736e-01	   4.3158675447068895e-01	   2.2349397423224626e-01	   1.6872847970561397e-01	   1.1995696513738117e-01	   8.1111167425508668e-02	   5.2358723471643859e-02	   2.0905802534590232e-01	   1.6950947426549756e-01	   1.4345737817603471e-01	   2.1045813579500636e-01	   1.4065664400750436e-01	   1.7180690398418692e-02	   5.9161943958496915e-02	
   2.7796719832998568e-01	  -9.9149782061993472e-02	   8.0663373841396657e-01	   3.1367798940907399e-01	   0.0000000000000000e+00	   4.8219821346029401e-01	   7.6524939667481262e-01	   4.7708159080094659e-01	   7.8426342441382668e-01	   3.5713575101604544e-01	   5.7788111448173973e-01	   1.9264831471988464e-01	   5.1293791127923860e-01	   3.8086383828452425e-01	   6.7993751191592489e-01	   4.1553028941299219e-01	   1.4012513506705305e-02	  -1.1555040025625577e-02	   4.4616953820767136e-01	   3.7189308497716267e-01	   4.3510976708898824e-01	   3.8910470052556434e-01	   7.4819222595784662e-01	   4.4025679525438111e-01	   4.3473960443821680e-01	   2.6210305324687111e-01	   6.2347775713919984e-01	   3.0502175974846601e-01	   1.2532192529004704e-01	   3.0782075909111202e-02	   4.3209322589246024e-01	   2.5847236980611643e-01	   4.3350997615227771e-01	   3.1773969206546909e-01	   6.0928294901748192e-01	   4.4375504534629423e-01	   1.6501795216561421e-01	  -5.6951049939797417e-02	   2.5778240573295080e-01	   1.1150664780378068e-01	   3.2293324858258088e-02	  -2.9964265608836142e-02	   7.2963577515041178e-01	   6.3934501456743020e-01	   8.0560968903743901e-01	   6.9813730784186467e-01	   6.4838687914959703e-01	   6.0954890641355619e-01	   7.1043000058096406e-01	   6.5605613314154732e-01	   8.3221457492091733e-01	   6.8111710552816840e-01	   4.0610179075474501e-01	   4.3539856415721578e-01	   5.4661573762216142e-01	   5.3718538232697322e-01	  -8.6868664043819002e-02	  -1.8829962207301346e-01	   3.2067049263860165e-01	   1.2237555418534223e-01	   2.4656812767633340e-01	   3.2424167728555786e-01	  -8.9612625763097378e-02	   6.7903679877798467e-02	   9.4959574192309337e-01	   5.1707436061633383e-01	   6.6249512337830707e-01	   5.1251826495600883e-01	   2.3884370282285927e-01	   3.1093387230885705e-01	   1.6009482115347226e-01	  -4.5440727730927562e-02	   1.0664695795436586e-01	  -7.0257984024199513e-03	   1.5826849421101807e-01	  -3.6065225021141771e-03	   2.2861522420880714e-01	  -4.8523244590594414e-02	  -1.7467052141244877e-02	   2.3601807205224229e-01	   1.4302602054052313e-01	   3.2087556294416747e-01	   4.9486478011952739e-01	   1.8263732252856910e-01	   5.5657386134971198e-01	   2.6439693849391088e-01	   4.4257343940003485e-01	   1.1794177825204114e-01	   4.9198884090880735e-01	   4.2893228384096294e-01	   5.6879055143727542e-01	   6.6024541318965047e-01	   3.5915082480920413e-01	   8.4013869373185801e-01	   1.3474657406739482e-01	   1.9877811487302149e-02	   4.7935427564899979e-01	   3.8217449344942123e-01	   4.5264071205386958e-01	   5.9906796478866142e-01	   2.7918938373670410e-01	   5.8000986012244815e-01	   2.8062909434958572e-01	   3.5618403572864099e-01	   2.1502532233718633e-01	   4.2763309521410381e-01	   3.8510514686635855e-01	   2.6686239063821066e-01	   1.3932040023979034e-01	   2.2752004765702191e-01	   3.8601255458798228e-01	   3.1878113503344968e-01	   5.0031291060775840e-01	   2.4204955782953014e-01	   2.2663519869008703e-01	   8.0301356919984749e-03	
   3.3486322952685060e-01	   3.9919615578254364e-01	   5.8372247786281373e-01	   4.2293606321218918e-01	   4.8219821346029401e-01	   0.0000000000000000e+00	   6.5510246035570274e-01	   6.0016937993471409e-01	   2.9674508635730967e-01	   1.3984664607426049e+00	   1.2261624915243016e-01	   5.0800616619102945e-01	   2.6190462023552546e-01	   3.1584516585296663e-01	  -2.3693154013770168e-01	  -1.7071800030360523e-01	   1.6410550344844554e-01	   3.7975098249593792e-01	   1.0205862149762993e-01	   2.1222205037555322e-01	   3.3701559686483057e-01	   7.1927535727844294e-01	   3.0134198784016430e-01	   1.8872672368939949e-01	   2.5887704339031964e-01	   7.8120410264059648e-01	   3.1135214648474019e-01	   1.1221028919314779e+00	  -1.8398640532889286e-02	   2.6754381330868982e-01	   8.4125012888930623e-02	   1.0375200601446004e-01	   4.3073542998883642e-02	   1.5625755357857493e-01	   2.5720555182572319e-01	   1.6774563305653414e-01	  -1.5359211450130625e-01	  -9.2035093578497151e-02	  -7.0180447015549666e-02	  -1.8143718977948056e-01	  -7.6777602834100289e-02	  -9.2621949886407054e-02	   1.9510657143534138e-01	   1.8975808517217363e-01	   1.3031930770398617e-01	   2.0990955877812520e-01	   1.8419340772091081e-01	   2.0105798135671230e-01	   1.8868336258039825e-01	   3.7117698477650118e-01	   5.1911258445528907e-01	   5.7107051253467611e-01	   7.3217276456972291e-01	   6.5376308937552974e-01	   4.3900809136581098e-01	   3.4074431964922874e-01	   1.4120165436269466e-01	   2.2667975484366015e-01	   1.8734301999720954e-01	   3.5744293810148203e-01	   3.0949050728534322e-01	   5.7545397170786206e-01	   9.7341908501926880e-02	   3.4016056277910028e-01	   2.0248303823589400e-01	   4.1684436053842266e-01	   5.6253869388032798e-02	   1.5361778133029208e-01	  -2.0999325565196587e-02	  -1.8509836147197502e-02	  -3.8109435833477000e-02	   1.3668549296402654e-01	  -1.0057482744471274e-01	   1.8169557456749511e-01	   2.1160212735390826e-02	   1.3131840376503762e-01	  -2.5204436622328695e-03	   2.5761138241377528e-02	   1.8685856558877303e-01	   2.8079292203519823e-01	   3.1152184150532586e-01	   3.9138655632770958e-01	  -1.0871076672958985e-01	  -6.7289194618386427e-03	   6.6123690493486370e-03	   7.7564352632701866e-02	  -3.8245726980377634e-02	  -3.4883563491535663e-01	   2.7035057602429025e-01	   5.6823285233626086e-01	   4.2339132061103957e-01	   2.4490735692643900e-01	   2.0849192831364721e-01	   2.0633809866667158e-01	  -1.4190843168026104e-01	  -7.1500544231388408e-02	   7.4210244311281287e-02	  -2.1606172549661230e-02	   3.3510271578246970e-01	   2.7462281466389526e-01	   4.2683154118773237e-01	   2.4030760982154423e-01	   3.3644919902817633e-01	   1.7407458603429285e-01	  -1.1592193601709894e-01	  -1.3158679564374065e-01	   1.4518583309501143e-01	  -1.5497710884723502e-02	   4.4285951675983197e-02	   6.3502991025427169e-02	   8.1129500116516456e-02	   2.5967672914756029e-01	   3.3212708954385151e-01	   7.9678955456526340e-02	  -2.5138178444543569e-02	   1.0257650027094910e-01	
   3.4363898933203019e-01	  -1.6503150560129062e-01	   1.1168491548247870e+00	   6.1600626445124140e-01	   7.6524939667481262e-01	   6.5510246035570274e-01	   0.0000000000000000e+00	   9.4396568012601534e-01	   4.8549680645402205e-01	   7.6663133978687670e-01	   5.5003371568973403e-01	   4.2548323749394262e-01	   7.3007175758146703e-01	   5.4165295120979451e-01	   2.0503300874587485e-01	   2.2650819567773101e-01	  -1.1623902324555127e-01	  -1.8322641142123641e-01	   1.1775850216093788e-01	   7.1512457675454097e-02	   1.5978606026986103e-01	   4.0405116778230704e-01	   6.4288645848292769e-01	   4.7755692874829131e-01	  -1.3241261612553830e-02	   1.4799103614061784e-01	   2.3507111684257323e-01	   5.1814544068424817e-01	   7.1509639297788766e-02	   6.0484468310005078e-03	   1.8978056877513433e-01	   1.3570136046506567e-01	   2.6554458912186923e-01	   2.2800030926119272e-01	   1.9654521144034004e-01	   1.3027302508802169e-01	  -2.6409198314814714e-02	  -3.1271257918365458e-01	   5.6697782459662359e-02	  -1.9215323599664413e-01	   1.5631223797576147e-02	  -1.1302721444161490e-01	   2.0367308851474608e-01	   1.8563829544972701e-01	   2.5933721771486923e-01	   1.8279548101205867e-01	   1.2236839122134643e-01	   1.2758589693993247e-01	   2.3910045755227616e-01	   2.2386109645136099e-01	   5.9170904473150254e-01	   4.1529661246469923e-01	   3.9280554694086972e-01	   2.9378836184835661e-01	   2.6429143963200058e-01	   1.7330509663592725e-01	  -2.2270602672502759e-01	  -2.7370230038777860e-01	   4.5894499071721911e-01	   3.1519500717025428e-01	   5.2956703866909716e-01	   6.3219546737877164e-01	   8.9448995144793222e-02	   1.2104088158584747e-01	   7.3912582105838187e-01	   6.8186039628601502e-01	   5.0607745535074444e-01	   4.5050573514756881e-01	   1.3347382993623141e-01	   1.7488606745954030e-01	  -8.7760918677927027e-02	  -1.1031304136529800e-01	  -1.4119813126837819e-01	  -1.1756843574380582e-01	  -1.2744793731261186e-01	  -1.8482918393999101e-01	   3.3474329697660538e-02	  -1.2326862577705874e-01	  -1.0727470273494835e-01	   3.5081321742649309e-02	   1.4184116246250164e-01	   3.8984008967264566e-01	   3.5678666550033544e-01	   1.2543963528491717e-01	   5.3909140524724442e-01	   4.3258999525517933e-01	   2.1268338868390482e-01	  -1.0059415705108349e-02	   4.6145957120017184e-01	   4.9811896767728076e-01	   2.7702488749117210e-01	   4.0111377381214436e-01	   3.4977579220594135e-01	   4.8416551779941408e-01	   1.1453416376127749e-01	  -1.9253996204294072e-01	   6.0948589759428837e-02	  -1.0961098403547706e-02	   3.0011384718198034e-02	   6.8562511715563934e-02	   2.0328296977458371e-01	   5.3674105152544471e-01	   1.1735023081335198e-01	   2.5029355609855536e-01	  -2.9319172636197446e-02	   9.8546880935101000e-02	   3.5478198141693285e-02	   1.1382867876390869e-01	  -9.2918570720565193e-03	   1.0632295141390352e-01	   6.3724882937885221e-03	  -6.5692763030168952e-02	   2.8301599047825116e-01	   1.0997906046214673e-01	  -2.9838862005337408e-02	  -1.1884885102478655e-01	
   3.4150937457291847e-01	  -2.0086014842118421e-01	   6.0659657240029297e-01	   9.7699094591637681e-01	   4.7708159080094659e-01	   6.0016937993471409e-01	   9.4396568012601534e-01	   0.0000000000000000e+00	   4.6808292538818363e-01	   8.0693512969484216e-01	   2.4067464321324325e-01	   7.1519244254507131e-01	   4.8244546019806223e-01	   8.1231155743128192e-01	   7.5844300588756020e-02	   2.8287715622874138e-01	  -3.2613384772677056e-02	  -8.5523686813367514e-02	   1.0135176039047840e-01	   2.2833240581806832e-01	   8.3533537757555634e-02	   1.8682806140840891e-01	   2.7823441141433181e-01	   3.1902227470264438e-01	  -1.2689261321912734e-01	   8.5304478263254671e-02	   3.1374608192882646e-02	   3.1700458985642754e-01	   9.1885013966735013e-02	   1.3636075660562519e-01	   1.0949105733405563e-01	   1.0827319498826625e-01	   3.3630693254532684e-01	   4.2029217331123647e-01	   1.0750874181539191e-01	   1.5009458679946208e-01	  -4.4952229752466141e-02	  -1.5799538600921970e-01	   5.3459588073695205e-02	  -4.4190187051031185e-02	   4.5163707553275999e-02	   9.8972347039393803e-03	   6.8404632375631741e-02	   1.0427731052721181e-01	   1.1077006192145193e-01	   3.8835135692256377e-02	  -5.7853879374653569e-02	  -1.5058764020501818e-02	   5.3440535623760506e-02	   9.9704802877502823e-03	   3.7036429701577522e-01	   2.2205812617948928e-01	   1.9935257123428979e-01	   7.1343645997469979e-02	   2.3129323913807542e-01	   7.9447477036551320e-02	  -8.3229042848421350e-02	  -3.0577742848522582e-01	   4.9026142383815646e-01	   5.1857881250926730e-01	   6.1109609824952527e-01	   1.1548053630666528e+00	   2.3592830430910361e-01	   3.3986384322831659e-01	   5.6967362509326547e-01	   9.1760081593086240e-01	   4.9293124024385626e-01	   5.4299273041291396e-01	   1.4058347541440008e-01	   1.6504614232976014e-01	  -4.4438501605152558e-02	   1.7597908281714768e-02	   3.6289398459235958e-03	  -4.8979096123064780e-02	  -7.5939698157256597e-02	  -5.8486240800850339e-02	   8.7477768470560102e-02	   8.2452605529787962e-02	   1.2913212970377990e-02	   1.0694803994259278e-01	   3.1012445995540411e-01	   4.9025250216387428e-01	   1.5288954396718593e-01	   2.4389652663704897e-01	   3.6173114725042804e-01	   5.3439590635571665e-01	   1.3747527169878615e-01	   3.7136841072577711e-02	   5.0810504865099448e-01	   7.2448942907388758e-01	   4.0229850980036591e-01	   3.3271100041908780e-01	   6.3837768942494511e-01	   2.9240990100459846e-01	   1.8868168890453321e-01	  -1.2087171495108065e-01	   5.3992126891586882e-02	   4.4404206478178783e-02	  -2.6779638657973229e-03	   2.7884735824883874e-02	   3.5402307500547320e-01	   6.4988953823597218e-01	   1.1414747110885463e-01	   3.8107296056561940e-01	   1.0863006250357199e-01	   1.4225150001923584e-01	   1.7036085190824363e-01	   6.1259564513397341e-02	   7.9622007290608393e-02	   2.4140939259317107e-01	   1.2505615038673494e-02	   1.3330284900331222e-02	   1.9766199029455350e-01	   7.6957706736374393e-02	  -9.0678474327910388e-02	   6.6813243470478997e-02	
   1.1758512891685569e-01	  -7.3804793683697814e-02	   4.2203215319293746e-01	   2.8417767825946166e-01	   7.8426342441382668e-01	   2.9674508635730967e-01	   4.8549680645402205e-01	   4.6808292538818363e-01	   0.0000000000000000e+00	   3.5928492162255299e-01	   1.9610442061191585e-01	   8.5416020069609244e-02	   2.2910458608814943e-01	   2.9628920309098150e-01	   2.7311567422795180e-01	   1.7461914763887984e-01	  -2.2897410105940996e-01	  -1.0724479599721924e-01	   1.5176841750135175e-01	   2.7289768053833224e-01	   4.1682189683395115e-03	   9.0743004505307229e-02	   2.1245192052203690e-01	   1.1040589269222834e-01	   2.5264359077846806e-02	  -1.0185486154290609e-02	   1.9884480019065254e-01	   2.8718305264104504e-01	  -2.0638490422547154e-01	  -1.2576329097938108e-01	  -3.8996807763322372e-02	  -1.0032870752234634e-01	   1.5480449290228018e-01	   1.3826266517480523e-01	   1.3406576042132456e-01	   1.3627122436832492e-01	  -1.0811575435667116e-01	  -1.6855724932585633e-01	  -5.7508442567399481e-02	  -1.4130377253630505e-01	  -2.0567741880496437e-01	  -2.3971500696020567e-01	   4.9930832669392611e-01	   4.2458807424625689e-01	   4.3357462886172354e-01	   3.7913555386393799e-01	   3.8412128892692116e-01	   3.3333970434178878e-01	   4.2666135915739489e-01	   3.6970877647239841e-01	   6.1980144089747879e-01	   3.9039341184068049e-01	   2.2085746963151640e-01	   1.9732711967661679e-01	   2.2383132922713489e-01	   1.5015119141294572e-01	  -1.9281053357494357e-01	  -1.1425588401062724e-01	   3.4484403024310117e-01	   3.5266216935524664e-01	   1.3071596465909685e-01	   3.6269287101251518e-01	  -7.2841229313332714e-02	   1.9627026144206922e-01	   4.6837359703104109e-01	   3.5657450842316135e-01	   3.6790298573692443e-01	   3.4276243137786083e-01	   1.7597712823508219e-01	   2.5679609095397066e-01	  -8.6171977923132206e-02	  -6.5849025714678239e-02	  -1.9031936120050469e-01	  -2.2626328108053362e-01	  -1.5359776388830548e-01	  -2.3095351030565631e-01	   6.9930990973257759e-03	  -1.1235583456644389e-01	  -2.2793327936816687e-01	   4.3669674597522218e-02	  -7.7155084889207678e-02	   1.6893614375637817e-01	   1.2741005193300900e-01	   6.7837096065446814e-02	   3.3145546558415884e-01	   2.3624802359578945e-01	   1.5036545353005223e-01	  -3.2413609652793891e-02	   2.6391744850000104e-01	   2.7031717910902958e-01	   5.2002995802437701e-01	   4.5399421715419830e-01	   4.2156857522627467e-01	   5.0212781713256427e-01	  -4.9269426079596911e-02	  -1.9047965805597039e-01	   2.1757897162320755e-01	   9.7865210318478460e-02	   3.4310854904403670e-01	   3.3932055684987472e-01	   3.5249556135742566e-01	   3.7163230552534432e-01	   4.4544893075801117e-01	   4.8442036007272410e-01	   2.7690720648466460e-01	   3.6437946271141153e-01	   2.5599556091878095e-01	   2.6856310449703197e-01	   2.4587839190637434e-01	   2.3952465822792232e-01	   2.0167242950238540e-01	   3.5970479138345596e-01	   3.5379865682319617e-01	   1.7325761089707198e-01	   1.9135060008736909e-01	   1.7418262791084407e-01	
   3.0018251976304039e-01	   2.5192721472382185e-01	   5.7377726126458573e-01	   5.4129397577365235e-01	   3.5713575101604544e-01	   1.3984664607426049e+00	   7.6663133978687670e-01	   8.0693512969484216e-01	   3.5928492162255299e-01	   0.0000000000000000e+00	   1.2654855540808690e-01	   4.9476454650680085e-01	   3.3061293873599762e-01	   4.1096482515384136e-01	  -2.6277391466787930e-01	  -9.7581465005981194e-02	   8.4941212525196860e-02	   2.1602141196896166e-01	  -1.3093283364870792e-02	   1.2504963001189920e-01	   1.7390957051843542e-01	   4.1623764410052932e-01	   2.0220428810727431e-01	   1.7182344283063458e-01	  -8.1251234446676234e-04	   4.0970274926233657e-01	   1.3844512193083633e-01	   9.3690722063820198e-01	  -7.5602195060574168e-02	   1.7734462149753619e-01	  -4.8894795539885537e-02	  -2.2154978782307759e-02	   6.1756929164194313e-02	   1.7888686551626382e-01	   6.7212624003996316e-02	   5.7236637702329098e-02	  -2.5444644004951233e-01	  -1.8467023023261964e-01	  -1.6343286304797555e-01	  -2.8308799093273040e-01	  -1.7996362791419498e-01	  -1.5929498091435756e-01	   1.3334211443731270e-01	   1.2804185837284357e-01	   3.1446388282209164e-02	   1.0969136942313101e-01	   7.0027705641487206e-02	   1.0767348683567630e-01	   8.9537352446454763e-02	   2.4891108992153999e-01	   4.6500222651863743e-01	   3.9770273301794468e-01	   5.4582432460308661e-01	   4.7273606013743497e-01	   3.0803044474877500e-01	   1.6188182958943478e-01	   1.6303516610381825e-02	   1.1338418571147207e-01	   2.7452226925362133e-01	   4.2144552513838696e-01	   4.1004441435135230e-01	   7.2111027949456574e-01	   1.9541915979308397e-01	   3.5500373790849499e-01	   2.0454721596420899e-01	   4.6521193617551237e-01	   3.5082969169829996e-02	   1.2908462396869230e-01	  -4.3444187825899809e-02	  -3.2282470180527996e-02	  -1.8691891978727979e-01	   2.4167663983366148e-02	  -1.7885376124162339e-01	   6.0042708632092698e-02	  -1.0696658699080994e-01	   3.4497590030964620e-03	  -9.1126400002517413e-02	  -2.2373742889109711e-02	   9.4107010801967150e-02	   1.9614788641763842e-01	   2.4769394689369251e-01	   3.8269836931643791e-01	  -1.8211358885325413e-01	  -3.2430859421146208e-02	   6.2112844770851952e-02	   1.5403463362684169e-01	  -1.7845416927524924e-01	  -3.8109233036004408e-01	   2.6381316056276749e-01	   5.1298661921945832e-01	   3.3601656042271894e-01	   1.6171623815062172e-01	   2.0061339009118292e-01	   1.2696477203068174e-01	  -1.1497200613041698e-01	  -2.2231954774445165e-01	  -1.0438097677650793e-02	  -1.0432869130929602e-01	   1.7634135829051595e-01	   1.8663549438326277e-01	   2.9131590500542554e-01	   2.4777784307703288e-01	   2.6313914423593676e-01	   2.2904745772613538e-01	  -1.6730073859035272e-01	  -1.7065533950462963e-01	   3.1727548325943190e-02	   2.8220645553110060e-02	  -2.4955669278502086e-02	   5.2211968370506540e-02	  -4.2433957754093636e-02	   2.0961997801911023e-01	   2.2463705098256509e-01	   9.4109638666756132e-02	  -4.3406733166327670e-02	   1.1255178458543240e-01	
   6.1475559597441787e-01	   6.8452883153014080e-03	   3.0078902393002871e-01	   3.1752564282022326e-02	   5.7788111448173973e-01	   1.2261624915243016e-01	   5.5003371568973403e-01	   2.4067464321324325e-01	   1.9610442061191585e-01	   1.2654855540808690e-01	   0.0000000000000000e+00	   4.3062642603981927e-01	   1.2496693567294128e+00	   6.3158279634073000e-01	   8.8032860595988671e-01	   6.8970073806891219e-01	   4.6644158582504364e-01	   1.2821452405594777e-01	   6.2687970967153528e-01	   5.0083080821777437e-01	   2.3252847470208571e-01	   1.7770275240285258e-01	   3.5080930111464215e-01	   3.4138759641029742e-01	   6.3209170367823531e-02	  -9.5474298952694048e-02	   5.7431368408330286e-01	   1.9717738753980074e-01	   5.3144520528486805e-01	   2.4087254392595719e-01	  -1.1605885075584169e-02	  -3.4281142937156076e-02	   4.4402259744070588e-01	   2.9029049588382205e-01	   1.6571733140391409e-01	   9.0794316296083644e-02	   2.7197042535566962e-01	   9.7823489668745628e-02	   3.6504300160762460e-01	   2.1283772455795608e-01	   2.3542582787610417e-01	   3.9355153070317173e-01	   4.7703471685165721e-01	   4.6354165477423898e-01	   5.6755017707577238e-01	   5.5323355867787116e-01	   4.6352162253999157e-01	   4.6097911559518367e-01	   5.6850840389033408e-01	   4.5224480571375897e-01	   5.2763689653892454e-01	   4.5488311570737788e-01	   1.8251132673337980e-01	   2.2604134392998348e-01	   4.5017004428992219e-01	   4.8502264687761254e-01	   7.7312585737168080e-02	  -1.1071546041482418e-01	   3.3796133842796822e-01	  -2.6838360095438701e-02	   3.7872457339321669e-01	   2.1103472233735876e-01	   2.2814606843235841e-01	   9.7003040469041443e-02	   4.6648469238493073e-01	   2.4979733465858286e-01	   4.1664936634203842e-01	   3.0864603118293543e-01	   4.5651008211764943e-01	   3.8919056133458407e-01	   2.3831708949403207e-01	   2.4074623875712551e-02	   3.3109845365933682e-01	   2.5897504871516180e-01	   4.3173586741238079e-01	   3.2517068255616327e-01	   5.3307891463682688e-01	   2.7170379805511546e-01	   3.8592902414232400e-01	   4.0370903166955985e-01	   4.1930935781821194e-01	   5.5932225070736541e-01	   9.1508087346809264e-01	   5.4599123559568208e-01	   9.0701554295298303e-01	   4.7132464682148145e-01	   5.3862360971470613e-01	   3.7360552966696992e-01	   5.1555199641243421e-01	   3.1562633326451789e-01	   2.0816891520851408e-01	   2.9331755201052218e-01	   1.7608097923141866e-01	   5.8097777462105193e-01	   3.9012915485773514e-01	   3.7785398799869196e-01	   4.0457973069567404e-01	   5.2754337701377296e-01	   3.0852609905837663e-01	   3.7764997502598918e-01	  -1.8117879840479807e-02	   3.1748480096518905e-01	   9.6065981713337578e-02	   1.4577991888928635e-01	   2.4384831384598527e-01	   2.5470253028428858e-01	   2.6986720479595994e-01	   2.6536269244264210e-01	   7.5467404851477154e-02	   2.3904807727404462e-01	   2.7633312062257398e-01	   1.4924507889135706e-02	   3.6272379447884251e-01	   2.4185079473426402e-01	   3.7487352278162661e-01	  -4.4289497347109769e-02	
   5.8463636000450525e-01	   1.7564748503114153e-01	   1.5385680570254487e-01	   2.6625619702358810e-01	   1.9264831471988464e-01	   5.0800616619102945e-01	   4.2548323749394262e-01	   7.1519244254507131e-01	   8.5416020069609244e-02	   4.9476454650680085e-01	   4.3062642603981927e-01	   0.0000000000000000e+00	   5.1261970934916623e-01	   8.1051261432559796e-01	   5.0539923849882921e-02	   2.3901215555109934e-01	   5.0466991919085347e-01	   4.6948598673822844e-01	   3.9364173761641785e-01	   6.4782229392914159e-01	   1.9328731787277936e-01	   2.0691520280465014e-01	   2.7791261904912733e-02	   7.0191290535788861e-02	  -1.3728454881610200e-01	   4.9626337284098883e-02	   7.7374214527380081e-02	   3.1482543308137040e-01	   4.9283266012669380e-01	   6.5285084160611506e-01	  -2.1647314805122948e-02	  -4.8492150565493134e-03	   2.4674726072917766e-01	   3.9332690150144428e-01	  -1.1563468232465754e-01	  -8.8133402904536820e-02	   2.0929566569050692e-02	   9.7793275614414393e-03	   5.8052439712128291e-02	  -2.4767584514992320e-03	   1.3824082742394850e-01	   2.6364564226108744e-01	  -9.5439210637827523e-02	  -1.7641531505627556e-02	  -1.2009078984309879e-01	  -6.7810763776851912e-02	  -6.9631009823304002e-02	  -2.3861304238508560e-02	  -4.2863148620444519e-02	  -3.2594849005627064e-03	   2.0127177521037606e-01	   2.4758430571927453e-01	   2.0614463471633232e-01	   1.7243988656475145e-01	   2.3678248646073213e-01	   2.4715785778987193e-01	   3.6297576980435525e-01	   3.5308740698997240e-02	   3.6036382464429395e-01	   3.6897313704505746e-01	   4.7771810467000997e-01	   7.8763814745114313e-01	   4.4403446898024801e-01	   5.6864870165581394e-01	   8.0856829794548488e-02	   2.9999308758938886e-01	   3.4907626082947472e-02	   1.0314911490093119e-01	   2.9269888818274037e-01	   2.0646677859510165e-01	   2.2472772448270825e-01	   2.9926307294247489e-01	   3.4989733920673738e-01	   4.5165196633053784e-01	   3.3982499674823713e-01	   4.2245548247355935e-01	   3.3384078786892563e-01	   5.1164348624133826e-01	   4.7141188556044522e-01	   4.5328701718787745e-01	   7.2816952815549896e-01	   7.0377994802279431e-01	   1.8682119647834944e-01	   3.9928586229870799e-01	   2.3841402768974476e-01	   3.9609250280372815e-01	   6.0414923440460067e-02	  -1.0707656903975871e-02	   2.8813134615204328e-01	   5.8228129933314365e-01	   2.3489765270519397e-01	   9.7794630823450732e-02	   3.7218471451818785e-01	   6.5373899895073070e-02	   3.0417323065471713e-01	   2.2909349595393053e-01	   6.4801498101090343e-02	   1.6719582657033413e-01	   8.6285059572658959e-02	   1.4811815666895595e-01	   3.4956331631488685e-01	   1.9278911029174664e-01	   1.3250753617381722e-01	   1.3274169395154070e-01	   6.2113868430623879e-02	  -6.5526889001554206e-02	   1.9449387284996775e-01	   1.4936249067363717e-02	   1.5440894993624366e-01	   3.4110399341775172e-01	   8.6083959973418805e-02	  -4.0913329590696011e-02	   1.2167263063565659e-01	   2.1278646404277365e-01	   1.5748272193939161e-01	   1.3118981052979817e-01	
   7.4136216006096955e-01	  -5.4550919486614328e-02	   4.0400224545502422e-01	   1.5711980636142298e-01	   5.1293791127923860e-01	   2.6190462023552546e-01	   7.3007175758146703e-01	   4.8244546019806223e-01	   2.2910458608814943e-01	   3.3061293873599762e-01	   1.2496693567294128e+00	   5.1261970934916623e-01	   0.0000000000000000e+00	   8.8176629376700355e-01	   7.1092611294639663e-01	   5.6499980409020190e-01	   3.3708587492745729e-01	   1.8328303903768862e-02	   4.4609627731173335e-01	   3.2117967250339730e-01	   2.0733893854290392e-01	   1.7838359792779035e-01	   2.5224038708014773e-01	   1.7912465352016696e-01	  -6.4453224210362691e-03	  -1.0041303120490087e-01	   3.7631518019180221e-01	   2.2076404406872804e-01	   4.7818256473229814e-01	   1.7966604024934416e-01	  -3.1806701035849920e-02	  -5.2009862843851180e-02	   4.3371402888019450e-01	   2.8498867497093278e-01	   9.9964694895890827e-02	   4.2786651956284116e-02	   2.5983484362265719e-01	  -1.5095197356511277e-02	   3.8668464418002385e-01	   1.1014163465299069e-01	   2.6205357177288213e-01	   3.7788208317345146e-01	   2.4074043859816391e-01	   2.6720039786535049e-01	   3.0712003475407673e-01	   3.1542900626691495e-01	   2.1157598105504616e-01	   2.3701422041395553e-01	   3.1438560227133094e-01	   2.6975297601395182e-01	   4.1781743799900573e-01	   3.1102389361954785e-01	   2.1214971869747537e-01	   1.0379728788634837e-01	   3.8609445087189581e-01	   2.9193365292576523e-01	  -7.7417329840805509e-03	  -1.4451322671283096e-01	   3.4556840475578365e-01	   1.3911912734872978e-01	   6.9093198877570949e-01	   4.8524480415848403e-01	   3.7027003252988183e-01	   2.2553756915976275e-01	   3.3092907454820814e-01	   3.0601972359204593e-01	   3.8487494911807973e-01	   2.9192908873124357e-01	   3.3443099445985530e-01	   2.8486666143639994e-01	   9.0617388501138318e-02	  -6.8075723398144161e-02	   2.7451712178594762e-01	   1.9746215889934146e-01	   3.4509207647907109e-01	   2.6119582568433880e-01	   4.1334065473451725e-01	   1.9870564034620555e-01	   2.3476765441562003e-01	   2.5366110152087934e-01	   3.7921863312176513e-01	   4.5760205621795363e-01	   7.5207528661376799e-01	   3.3262395662445010e-01	   6.4893010052651268e-01	   4.1913733895935790e-01	   3.8526883654471916e-01	   1.6410523203369756e-01	   7.1345929890086557e-01	   5.0050889422356815e-01	   1.6393280967685439e-01	   2.9951719314515907e-01	   1.6672656063547756e-01	   5.1031311300868853e-01	   3.3169086759507238e-01	   2.0345250621681696e-01	   2.3835041216058980e-01	   3.0316897442094604e-01	   1.2601531270542099e-01	   2.0877608720900062e-01	  -2.6804501168665999e-02	   4.2015304868516523e-01	   4.5650789306596974e-02	   1.9858899215464110e-01	   8.5520494053832163e-02	   2.0279654382076009e-01	   1.8538502865632706e-01	   2.1924498351585370e-01	   1.1438873783456843e-01	   2.2302904982603433e-01	   1.3683498320644794e-01	  -1.0096089162192128e-01	   2.2349537258164442e-01	   1.5422194905210040e-01	   1.3002994582345198e-01	  -1.5469643013199376e-02	
