   0.0000000000000000e+00	   8.7680833472237096e-01	   4.1903605639723185e-01	   1.0965362651163918e-01	   5.6137655753080873e-01	   3.9931879320434122e-01	   7.9776822005455672e-01	   2.9151387733866052e-01	   6.1396559383543470e-01	   1.4816256781771625e-01	   1.1375403554584378e+00	   6.3179967309805374e-01	   1.0391924992209438e+00	   6.9027837070964881e-01	   7.0519864376331332e-01	   2.4365408210660530e-01	   7.2583458645922116e-01	   6.4669468993625578e-01	   9.1106844840815848e-01	   9.7487187979331991e-01	   3.5788597909662129e-01	   2.5251355874492076e-01	  -2.2816844039363249e-03	  -2.0267145332568542e-01	  -2.8863763471732251e-01	  -2.5003734844365905e-01	  -3.1203023994125448e-02	   5.6737444241976875e-01	   3.6575846675678758e-01	   4.2724605405907529e-01	  -1.7980139588019364e-01	  -1.2997850728482296e-01	   6.3659829119387368e-01	   5.3060935985006019e-01	   1.7103220840689420e-01	   3.3631997013184506e-01	   1.0189002071487888e-01	   1.0007277111221380e-01	   2.9920652610091558e-01	   2.6004674320226584e-01	   2.6550075581820165e-01	   5.4152568145904012e-01	   2.3414066659625030e-01	   2.4123422364587133e-01	   3.6031841231292067e-01	   3.4718425645964723e-01	   2.9844027193439482e-01	   2.7992982062390381e-01	   4.2072380774957568e-01	   3.2652414538975505e-01	   6.5011103367169909e-01	   2.6012487130757511e-01	   5.7806461129762265e-01	   4.7308029006267116e-01	   5.7450281948245419e-01	   6.0377002677442215e-01	   7.4469247979635733e-01	   6.5676988581410833e-01	   7.9890487792325526e-01	   2.9678378407765149e-01	   1.0097876801543908e+00	   2.5359105729060472e-01	   6.6857738633890684e-01	   6.1712662405680474e-01	   2.1742550930734372e-01	  -2.9430618993077895e-01	   2.3599050976465369e-01	  -6.7095972221983980e-03	   6.2405158610097300e-01	   4.4925944020308439e-01	   3.6925142757911966e-01	   1.9202205424938987e-01	   5.2548109248844832e-01	   5.6346257683869028e-01	   5.2953499985644825e-01	   3.1034387189701396e-01	   5.1823322228326951e-01	   4.2571684245974956e-01	   3.0281055346447139e-01	   3.0328772196494896e-01	   5.2565662464776552e-01	   5.7183830313556006e-01	   6.2282950546509175e-01	   4.9908320469453121e-01	   4.1891189083206387e-01	   2.2737940434510384e-01	  -9.7407256284507471e-02	  -1.4125745612293594e-01	   7.9193316257195034e-01	   2.5531187450855219e-01	   3.9799837139889904e-01	   4.0384192460084017e-01	  -7.6181495633851001e-02	   3.8709636659962815e-01	  -2.0770509168607157e-01	   7.7184491640604674e-02	   7.3911187987800372e-02	   4.1904809861094933e-01	   6.0580945467643454e-01	   9.3084413880065686e-01	   1.6355560497779634e-01	   6.4230994523020890e-01	   4.5681736463722411e-01	   5.0205255718391473e-01	  -1.8008097506542886e-01	  -2.1347392768106310e-01	   1.7103754528580584e-01	   1.2816731989896715e-02	   4.7620394174535376e-02	   4.2766717590582132e-01	   2.4973569270856114e-01	   2.7378065146149594e-01	   6.6575529784023346e-01	   3.6867171948928601e-01	  -1.3429870034453315e-01	  -6.6442359098943471e-02	
   8.7680833472237096e-01	   0.0000000000000000e+00	  -2.3856793386676949e-02	   7.1237625880675087e-02	   2.4008935134285131e-01	   3.0683341307413037e-01	   2.8110298601461037e-01	   1.1055479426408969e-01	   2.8010278491863655e-01	   2.0980900212622305e-01	   6.1474585550209693e-01	   5.5887511605377227e-01	   5.4681398751063948e-01	   6.5863812737085148e-01	   2.3742476248865496e-01	   3.7566099727950536e-01	   8.9503352179355244e-01	   7.3952653019019832e-01	   4.9670794018898323e-01	   9.2496359480983392e-01	   3.8175940249305879e-01	   4.3608627314225157e-01	  -3.7345620015569708e-01	  -2.3011791500167889e-01	  -4.1894834451435631e-01	  -1.2067480188770656e-01	  -5.6282615614612418e-02	   6.6669355389144702e-01	   5.0615668816032944e-01	   5.5874607871540483e-01	  -2.4982340537606018e-01	  -8.6659634443421341e-02	   5.8276454176483483e-01	   5.0107271142064902e-01	  -5.2384106693529268e-02	   1.7976770059512079e-01	   1.6061177336963189e-01	   3.5292674040291477e-01	   2.6305792628107427e-01	   4.9960385214326164e-01	   2.7678545323540699e-01	   7.2578268572089999e-01	   1.2372015204410672e-01	   1.9239642314793254e-01	   4.1973572804119219e-01	   4.1423737731074950e-01	   3.1567013187161397e-01	   2.1133919265767256e-01	   5.2691169922323100e-01	   4.0632093005230718e-01	   4.5648466592515857e-01	   3.2139381458577393e-01	   6.2053677578878252e-01	   3.5968268807539033e-01	   5.9131604183070297e-01	   6.3861534450801050e-01	   7.0665050219223335e-01	   8.1696706441826061e-01	   5.6218481115800822e-01	   2.8917855827920647e-01	   4.9757310642450592e-01	   6.1465817121059044e-02	   5.7362261522592173e-01	   4.7881971914616617e-01	  -2.6938842214898218e-01	  -3.2083459990714408e-01	  -1.6176037637663510e-02	  -7.3364189851684400e-02	   7.2558576386530771e-01	   5.0095854896165659e-01	   2.6881061641385090e-01	   1.8753966774764891e-01	   4.7729609885084040e-01	   6.9842721079691839e-01	   3.3139176196306147e-01	   3.9877569243530558e-01	   4.5294241813487568e-01	   6.0492916417467224e-01	   5.0547750207894326e-01	   4.2235938758000630e-01	   7.2212699692965077e-01	   5.9327743078619932e-01	   2.2227424540215796e-01	   2.1250605689969571e-01	   1.7192253054242837e-02	   1.5946052717648193e-01	  -3.2180356270221916e-01	  -1.6041794601905490e-01	   3.3067268451425980e-01	   1.5214367755280106e-01	   2.3217743359476517e-01	  -1.3733938603511658e-02	  -1.5688370093465115e-01	  -2.1612338158920136e-02	  -3.0883572016257330e-02	   3.6400336866755340e-01	   2.9174776407498548e-01	   5.0670587348398899e-01	   6.4835566041651638e-01	   5.2560559917600413e-01	   7.6014375862414829e-02	   3.7853765542538403e-01	   4.5883994751513851e-01	   5.3111235219929132e-01	   1.6106549050933776e-02	  -3.7176937005594085e-01	   2.9310349430583105e-01	  -7.7308278366413130e-02	   7.5916476899408350e-02	   5.0845571890964236e-01	   1.0444365006813479e-01	   2.1718113682824783e-01	   2.9976383510122706e-01	   1.9193720059542868e-01	  -1.5855795240992213e-01	   2.8520559689842334e-01	
   4.1903605639723185e-01	  -2.3856793386676949e-02	   0.0000000000000000e+00	   1.9561228794652460e-01	   7.2886252855293865e-01	   2.1465289182219399e-01	   1.3311118789049035e+00	   4.2409805082761537e-01	   4.5638977376027667e-01	  -1.5762125776880967e-01	   5.8399670230317835e-01	   2.3827650074279480e-01	   6.2512858390825576e-01	   1.9938947145312966e-01	   8.4386435218368760e-01	   5.3015436704399177e-02	   9.5496544703036257e-02	   1.5848379165099019e-01	   4.1020119705973312e-01	   1.9244169643916414e-01	   2.4604119472201935e-01	   1.0174368051687289e-01	   7.3146379799442718e-01	  -1.4044044116680660e-02	   2.2338085864266879e-01	  -4.9451750790381457e-02	   2.7935572273787443e-02	   1.2512637510276756e-01	   2.5406546725371071e-01	   1.6507623278086167e-01	   4.6552284713431508e-01	   2.9816693892453566e-01	   3.7770960802463732e-01	   3.0238841757409085e-01	   4.3247055968195935e-01	   1.2048935003875316e-01	   4.1169369413247153e-01	   5.7736458295670201e-02	   4.1057082811282719e-01	   8.7710174699919194e-02	   2.2579585417967801e-01	   2.5189157874317114e-01	   2.3778524928081635e-01	   4.0068118768512302e-02	   3.3528980515365642e-01	   2.3412908634713980e-01	   1.5826924230407230e-01	   1.4787738762511363e-01	   1.9519412371090306e-01	   6.2403825572553764e-02	   3.9959286110167797e-01	   8.1953328098385167e-02	   8.4717786372293435e-02	   1.6024837193492408e-01	   2.5073777699930333e-01	   1.9563708912550912e-01	  -6.4144821765431091e-03	   2.8188528770062077e-02	   2.4189249919237488e-01	  -1.0999528448269945e-02	   5.5596371801391253e-01	   1.8193912015872621e-01	   2.1554051154256901e-01	   2.7484697032980476e-01	   8.5913992118565263e-01	  -2.4566197012912905e-01	   7.0423788764980422e-01	   3.1693103043340298e-01	   6.6395131189138090e-02	   7.7090456513125336e-02	   4.4559809393777000e-01	   1.0189449099603826e-01	   3.5769658904412638e-01	   1.7417875824608597e-01	   3.3938264156887560e-01	   6.2115470970559528e-02	   3.5806196971717247e-01	   5.3333457295969673e-02	  -4.3428685160882392e-02	   1.7476172467795323e-01	   4.7781986636834591e-02	   2.1129950810328560e-01	   9.1653898905731657e-01	   4.2617527255057147e-01	   7.5676397195606993e-01	   1.4734524872116778e-01	   3.5676076758021935e-01	   8.9379553743956966e-02	   6.1211623030328766e-01	   9.7266843668594380e-02	   1.6483500967610687e-01	   1.1590298017409952e+00	  -1.2493071527008758e-02	   1.1324538334718453e+00	  -7.4784545668409960e-02	  -9.7825402411196777e-02	   1.2385427475263044e-01	   1.4508197410167339e-01	   1.5749798683455152e-01	   5.4146866733884669e-01	   2.8077672824069738e-01	   8.5228304182100523e-01	   1.0880890280432902e-01	   4.5340921806804518e-01	   1.2898615726254756e-01	   5.9882271471201975e-01	   2.3625030251744394e-01	   2.3173720552303656e-01	  -6.8170478662028827e-02	   1.0550681877535736e-01	   3.5975604084296509e-01	   3.7610665677696076e-01	   6.2024672376770729e-01	   5.5489570925814313e-01	   3.7761893289753073e-01	   4.3544317545954767e-02	
   1.0965362651163918e-01	   7.1237625880675087e-02	   1.9561228794652460e-01	   0.0000000000000000e+00	   2.8579637173848116e-01	   7.5343419853920957e-01	   1.5218138772647744e-01	   1.1661567003810474e+00	   1.2284508091733320e-01	   7.8064069823154125e-01	  -1.0841326028318884e-01	   5.3296977691525216e-01	   8.3295624090649598e-02	   4.4315316548377021e-01	   1.8704748613086380e-01	   6.6501041625465862e-01	  -3.9304814756606896e-02	  -6.7435710544163571e-02	   3.0928700514058360e-01	   2.7803045772841811e-01	   6.8392923859762200e-02	   1.6745832103323996e-01	   2.8568962422539984e-01	   6.9774344174255476e-01	   1.5703616463975834e-01	   4.3649906472231720e-01	   5.6430544581340530e-02	   3.0343534705292385e-01	  -8.7936734721573748e-02	   6.1057337359642097e-02	   2.2208812191441923e-01	   4.9805036165331973e-01	  -1.5173484399840919e-03	   1.7766873008249215e-01	   1.1445852457135459e-01	   2.1110728674353979e-01	   1.5162287866959900e-01	   3.2685683379872177e-01	   5.5652070289051614e-02	   2.2051844127490336e-01	   8.9737430426517634e-02	   1.7882695954846076e-01	   2.6485415917408456e-01	   2.2567480752021385e-01	   6.3665051820177954e-02	   2.4334241670573331e-01	   2.1333091760529621e-01	   2.4734319340797450e-01	   5.7475440321892064e-02	   8.1751507425232933e-02	   1.1976985442566229e-02	   1.3976527085499627e-01	   9.7282103807891721e-02	   3.7384807145139565e-01	  -7.5335931601689082e-02	   8.1325011920810632e-03	   9.6886082894109965e-02	   1.0356329772090912e-01	  -6.8531382062343438e-02	   3.3983495594331836e-01	  -2.3796671579037351e-02	   7.7212688527661588e-01	  -1.0504562001330300e-01	   1.0774017568668411e-01	   2.5244650587794792e-01	   5.1125828621206493e-01	  -7.2187312184050750e-02	   2.3928777856389460e-01	   2.7742389338500301e-01	   2.8468268508393740e-01	   2.5488257174436940e-01	   5.2969703539105017e-01	   8.4899116391649473e-02	   1.1106635914392748e-01	   8.2027767891991149e-02	   1.1444424979622031e-01	   3.1420658956671871e-01	   3.6570887132128532e-01	   1.0513424148792333e-01	   4.9934230964674593e-03	   1.4550188969223449e-01	   2.1569828162574067e-01	   3.1212000061396661e-01	   2.5367763392179699e-01	   4.4134592256799859e-01	   6.9825388567873614e-01	   3.1933224104868052e-01	   3.8597071872903577e-01	   4.1345013252625518e-01	   6.6948537519516882e-01	   5.8859046103322710e-01	   4.5954002834361163e-01	   6.7386428008956312e-01	   3.7330043535854018e-01	   8.2131003879965331e-02	   4.5634285715418617e-02	   6.3871684331185067e-03	   6.8110218470385647e-02	   8.4855178504633172e-02	   2.1285886850984798e-01	   7.8334521539563551e-01	   3.1733267717869662e-01	   2.4450423524929149e-01	   1.4168997165582470e-01	   3.2961161033297759e-01	   1.6717160959988930e-01	   2.4975703627331658e-01	  -5.0497432382994582e-02	   5.4260213951447769e-02	   9.8415148514473402e-02	   2.0788567843366537e-01	   2.7365041375237853e-01	   1.9026174597532125e-01	   2.9080906490129566e-01	   3.4229209671370481e-01	   2.1470356748354785e-01	
   5.6137655753080873e-01	   2.4008935134285131e-01	   7.2886252855293865e-01	   2.8579637173848116e-01	   0.0000000000000000e+00	   4.4911292305877554e-01	   8.2766767112416040e-01	   3.9350842472015091e-01	   1.2919543063667978e+00	   2.0300675271540528e-01	   5.1065479000250269e-01	   3.3251513397942734e-01	   6.1624284785390249e-01	   2.9249785503861137e-01	   7.0170959460004323e-01	   1.4547576555079375e-01	   3.4109099028259815e-01	   3.8105655014731954e-01	   5.7846446282870745e-01	   4.4150063791339461e-01	   2.7396499543900665e-01	   2.1226062853034233e-01	   3.4580264865900634e-01	   5.7030137242846328e-02	   2.0365773988934782e-01	   2.7519413449005947e-01	   8.8014693822201326e-02	   4.4631301773408111e-01	   1.8449859079335826e-01	   2.3195447152045595e-01	   3.1706741113511444e-01	   2.0926224637015681e-01	   3.7221015219432796e-01	   4.0819640932900608e-01	   1.7340023643901684e-01	   2.1553941252726286e-01	   1.8654656362103011e-01	   1.1711030672748311e-01	   3.0325121160784696e-01	   2.4183488733626957e-01	   4.3180400281526271e-01	   3.4064898295258600e-01	   4.3538395749004077e-01	   3.7240170897425762e-01	   3.3863232509243091e-01	   4.0670895677748770e-01	   4.0207725437165187e-01	   3.7230732279162881e-01	   4.2911014043625317e-01	   3.7446717496688592e-01	   6.1616161230377742e-01	   3.3605477486805818e-01	   3.6830644634778387e-01	   4.6706111206763257e-01	   3.7029030598782198e-01	   4.5133495728081813e-01	   3.2057358758276411e-01	   3.5707121322638397e-01	   3.2975939764271728e-01	   2.5005902542572256e-01	   5.2385201101128209e-01	   2.7374090015384367e-01	   3.7106817965674643e-01	   3.6549085005789561e-01	   3.3449442816945207e-01	  -1.4137287333383919e-01	   2.6852354890024327e-01	   1.3311538198116971e-01	   2.5959778299105041e-01	   3.0884153148691323e-01	   3.2769173321689027e-01	   1.2720266821940227e-01	   1.2897928053081814e-01	   1.3020411783834634e-01	   8.3828298698165410e-02	  -3.0776831345455568e-02	   2.8328274588756813e-01	   1.6541553624518732e-01	   2.0739181612123009e-01	   2.0465900860942093e-01	   2.9598997014217410e-01	   2.8819318959893447e-01	   8.0123962242351043e-01	   6.0025382806656635e-01	   5.7649143528648150e-01	   2.1462891861780953e-01	   6.7400633479195032e-02	  -1.0222177552646325e-02	   4.9159107641536659e-01	   2.9306981016147449e-01	   4.1144740415138498e-01	   6.3959352457392826e-01	   9.1032929690242070e-02	   5.8993643638211768e-01	  -3.3077410462058887e-01	  -1.3557963529468164e-01	   8.2565997759641074e-02	   2.4917717140433865e-01	   4.3770384880289831e-01	   6.9287651884212864e-01	   4.8032984700399106e-01	   6.9096207362474149e-01	   2.5632969635364755e-01	   4.3531801725908298e-01	   1.1373478337528123e-01	   2.0019658143919530e-01	   1.7623809685132968e-01	   1.3945679520401361e-01	   1.1419196065910858e-01	   1.9061242285804292e-01	   3.0451357850737476e-01	   3.6534358320304505e-01	   4.8147081418159643e-01	   3.0470953973476889e-01	   7.4883543611546463e-02	  -1.1438141630782876e-01	
   3.9931879320434122e-01	   3.0683341307413037e-01	   2.1465289182219399e-01	   7.5343419853920957e-01	   4.4911292305877554e-01	   0.0000000000000000e+00	   3.4534578695125329e-01	   9.7893657194668060e-01	   4.6922853523577768e-01	   9.5387224156110195e-01	   2.1462694039726021e-01	   7.8895423051412750e-01	   3.5537918981115557e-01	   5.8767153702558617e-01	   4.0080434547496446e-01	   5.2804182161692081e-01	   5.0609863703886759e-01	   5.0679171825247515e-01	   4.9942065379747425e-01	   5.8911891811936212e-01	   9.3890423000417167e-02	   2.8440779564294599e-01	  -1.0169727431229966e-01	   7.0526675065352207e-02	  -3.5282937574181500e-01	   8.8669419713808664e-02	  -4.1300975795167943e-01	   3.6174528777382875e-01	   2.1047288308542367e-01	   4.4019833154835886e-01	   1.6306375864876429e-02	   2.5130104264615494e-01	   3.6551886488179691e-01	   5.7461827104242957e-01	  -2.6187301904203936e-01	   8.9784114186854488e-02	  -4.0127663206210917e-02	   1.6396388887026359e-01	   1.1360690176678551e-01	   2.3968863369247928e-01	   1.5956681659308566e-01	   2.2236276153669401e-01	   1.6114974672004551e-01	   1.6335499522924299e-01	   1.0183195161892726e-01	   2.0707173401114207e-01	   2.0121734693021059e-01	   2.1419855980501323e-01	   1.2469671019934095e-01	   1.4623565347826298e-01	   1.5133994603742010e-01	   1.6719224611691896e-01	   3.3536370363102569e-01	   4.8179840745541042e-01	   7.5490488456118318e-02	   2.1631840724458140e-01	   4.4881131956977932e-01	   5.2473769513926216e-01	   2.4683817142003783e-01	   4.3931550796029822e-01	   4.7201473622823886e-01	   7.7246881319924932e-01	   4.6499254011874297e-01	   6.7959700964681191e-01	   3.7422236375622205e-02	   1.1129428786327519e-02	  -1.3534527865054369e-01	  -7.6047412918745186e-02	   4.5189155498963390e-01	   4.7031100661956476e-01	   1.7987434724538381e-01	   3.6413877249358867e-01	   2.1416059941319934e-01	   3.5415123467813858e-01	   1.0753784005778458e-01	   1.7103901099480762e-01	   4.7080355052254053e-01	   5.9438106246505029e-01	   5.8225013114818147e-01	   4.9924071135876907e-01	   6.1561483083081248e-01	   4.5413256391840312e-01	   2.8397659869010128e-01	   2.0286909574555878e-01	   2.3369153144363808e-01	   2.5803956389433119e-01	  -1.6723347857901943e-01	  -1.8042965569525488e-01	   3.3854483743650260e-01	   5.1114215346637637e-01	   4.1696753832405814e-01	   2.9877079473332979e-01	   1.1066467816042208e-01	   2.2825132837434581e-01	  -5.2601562886736841e-02	  -5.9975766740510597e-02	  -1.0863370601443270e-01	   1.1198725870399551e-01	   2.4298244011373293e-01	   3.0468908319887533e-01	   6.0826689960021008e-01	   4.1022795187324279e-01	   5.9812874037576624e-01	   4.0318130049609319e-01	   3.3608709642010820e-01	   4.0275213676005117e-02	   3.5453237407253257e-01	   2.9999969324318898e-01	  -1.2115074837925321e-01	   4.7075193779690765e-02	   2.6650043952054950e-02	   2.8285306833605423e-01	   2.9552296899431851e-01	   2.5492916517799386e-01	  -1.6213873902383144e-01	   4.0420817763303730e-02	
   7.9776822005455672e-01	   2.8110298601461037e-01	   1.3311118789049035e+00	   1.5218138772647744e-01	   8.2766767112416040e-01	   3.4534578695125329e-01	   0.0000000000000000e+00	   4.6486951034354990e-01	   6.5709165199465780e-01	  -9.1433843266447962e-02	   9.8951651302012467e-01	   4.3630771044691902e-01	   1.0225989547143028e+00	   4.5134157812670189e-01	   1.1122945182709276e+00	   1.6678029228616309e-01	   3.6005947179369996e-01	   3.8951555534121890e-01	   5.3829352739714487e-01	   4.0401551711025363e-01	   4.3622382638669044e-01	   2.5326372710267486e-01	   3.9517872693280487e-01	  -1.8834339307114889e-01	  -5.9219610493539729e-02	  -1.8825877309550465e-01	  -1.0134184512554123e-01	   2.1054862736200775e-01	   4.3947296397891761e-01	   3.8714462346489181e-01	   2.7937443311726545e-01	   1.9379155119156169e-01	   6.6067209546326366e-01	   5.4017902198729006e-01	   3.2715345136879548e-01	   2.0241793808108663e-01	   3.4805308468372886e-01	   1.8707231944364827e-01	   5.0150870814757120e-01	   2.6226857493417977e-01	   2.4804945233386433e-01	   5.3559339838078845e-01	   2.4750420189895045e-01	   1.2687824070701048e-01	   4.6542995349839938e-01	   3.4306235199873236e-01	   2.2473883565008729e-01	   1.9429320352897442e-01	   2.6411379330422619e-01	   1.4463637735889670e-01	   5.5874235461427890e-01	   1.1436740970600773e-01	   2.3880272281730341e-01	   2.2749586095667884e-01	   4.1013630755977798e-01	   3.9593900915483266e-01	   2.2830937196675671e-01	   2.7331794421789080e-01	   3.8094650617720366e-01	  -1.4398049615348253e-02	   8.6271699879524266e-01	   1.9695605629087498e-01	   5.2774466227119421e-01	   5.5453438983816794e-01	   6.9676413137210547e-01	  -3.7179593321280435e-01	   6.1763818064242326e-01	   2.4399288850970868e-01	   1.9214247401230602e-01	   1.8853357401417620e-01	   5.1759118680237937e-01	   2.1301181448276368e-01	   4.5193676786076276e-01	   3.4691362486514449e-01	   4.1528913457484218e-01	   1.9581400625882428e-01	   4.4071591311116315e-01	   2.0719258958375059e-01	   1.0043363378812886e-01	   3.0475334235912166e-01	   3.3497780956959661e-01	   5.3925376161336114e-01	   9.9735260684726978e-01	   4.9124898103521514e-01	   6.6462788450660004e-01	   2.1932916326501614e-01	   6.9698232127089713e-02	  -1.3241504546152799e-01	   6.7585944326025127e-01	   2.6434401505884220e-02	   1.2806951982188008e-01	   8.5350348968846623e-01	  -1.7614377444396079e-01	   8.4634312519092392e-01	  -1.1013316280908060e-01	  -8.1320614299980418e-03	   1.1778892232162577e-01	   2.8099594756270024e-01	   2.8763112195782303e-01	   7.0480358988571035e-01	   2.4476314765380924e-01	   9.3450654784222653e-01	   2.9441176409455400e-01	   5.9363289267642094e-01	   5.8104699990453479e-02	   2.8930980579728072e-01	   2.4014155558257966e-01	   2.4302587806797421e-01	  -1.9988868885022981e-01	   1.2997742524983188e-01	   2.0927481977960413e-01	   2.7405214002325867e-01	   6.6728114170243036e-01	   4.4449082075761615e-01	   7.7401280954949594e-02	   3.5679704851099184e-02	
   2.9151387733866052e-01	   1.1055479426408969e-01	   4.2409805082761537e-01	   1.1661567003810474e+00	   3.9350842472015091e-01	   9.7893657194668060e-01	   4.6486951034354990e-01	   0.0000000000000000e+00	   3.2587947192530697e-01	   5.8142344367345344e-01	   1.7564034504352491e-01	   8.2045174072177596e-01	   4.0973506332590404e-01	   6.7616111766976472e-01	   5.2440697251393908e-01	   6.1621161617881337e-01	   1.6350393387597031e-01	   1.6511953733195670e-01	   3.9813318321619950e-01	   3.7402433910815613e-01	   1.6597368168916152e-01	   3.3330039879184081e-01	   1.7195122842037552e-01	   2.1751088397748089e-01	  -1.5998342985343317e-01	   1.2656508013551704e-01	  -2.9322659972774423e-01	   1.6869495495075604e-01	   2.3901908969997882e-01	   4.5456448010184536e-01	   2.8378809985054554e-01	   5.8379287161723215e-01	   3.3638786455191061e-01	   5.2117469014842033e-01	   7.5840939466270893e-02	   2.2749416137283435e-01	   1.6150468623106384e-01	   3.5268939022573381e-01	   2.3442206488990505e-01	   3.0305668718575179e-01	   2.2608061419299089e-01	   3.8086150793664875e-01	   1.6786258635723378e-01	   1.0301488106130668e-01	   2.2149672957647981e-01	   3.0975391400335400e-01	   1.7081260782816804e-01	   1.9128035510057700e-01	   5.0324454171293269e-02	   1.0236363120981634e-01	   1.0703059133603579e-01	   1.9511999818000006e-01	   2.1215903023299579e-01	   4.4801982681421570e-01	   4.4209814572334527e-02	   1.3543979805100181e-01	   2.4795432847119442e-01	   2.1032032236353526e-01	   8.3489947606665976e-02	   3.5565573997543981e-01	   3.2847526339310873e-01	   8.1529974980305897e-01	   2.3160090901662259e-01	   5.1167870994727838e-01	   3.3500982338879065e-01	   1.2234164050307873e-01	   5.1901476738428473e-02	   2.5112823460635969e-01	   1.5628683005863855e-01	   1.9117344193581590e-01	   4.1202594584852498e-01	   6.8868759924569989e-01	   3.5654912964105956e-01	   3.5727476163379079e-01	   2.6666981117661093e-01	   2.3182097869273532e-01	   4.9414794160352571e-01	   4.8160134235136126e-01	   2.0330123750005386e-01	   1.7337041472972153e-01	   3.5770523235228274e-01	   4.3857741989244975e-01	   4.7284167681367373e-01	   3.0683829687724384e-01	   4.7866878958417997e-01	   5.0585870475584849e-01	   1.3920839934809770e-01	   7.3686745118126493e-02	   5.3651964697533738e-01	   3.6077553302493770e-01	   4.2249956072975897e-01	   5.4192574956362893e-01	   2.7753031474778589e-01	   4.7462989566298264e-01	   9.6057885797417558e-02	   4.8838583253674288e-03	   3.6156350056528480e-02	   1.2511366838903878e-01	   1.2002296857464836e-01	   3.3086955312530952e-01	   8.2082635663830761e-01	   5.0027549044320541e-01	   4.2938144119924293e-01	   2.9981731207775270e-01	   2.6230369102249618e-01	   1.6572824015867366e-01	   3.6897717350779274e-01	   1.3138939258357193e-01	  -1.3310857248398836e-01	   1.6969587562882357e-02	   1.4847008430728961e-01	   2.7462404923431716e-01	   3.1871699949479532e-01	   3.3572921394913097e-01	   9.5267565599740700e-02	   1.6151465469758552e-01	
   6.1396559383543470e-01	   2.8010278491863655e-01	   4.5638977376027667e-01	   1.2284508091733320e-01	   1.2919543063667978e+00	   4.6922853523577768e-01	   6.5709165199465780e-01	   3.2587947192530697e-01	   0.0000000000000000e+00	   2.1187218978329925e-01	   5.2630301024683257e-01	   3.4286336763066461e-01	   6.6754101925879061e-01	   2.8649490099622421e-01	   6.2745105932628875e-01	  -1.3364963852833743e-02	   4.4818725536315623e-01	   5.0133626244482254e-01	   4.9782107646572271e-01	   4.5482060268591018e-01	   4.7790947445641954e-02	   8.2626690524141899e-02	   3.7370621350243029e-02	  -2.1961966665223026e-01	  -1.2812913218029881e-01	  -7.2772162025869901e-03	  -2.4841680319959492e-01	   2.5978032528882056e-01	   2.3146890936544240e-01	   3.4840007829285385e-01	   4.7561101720876103e-02	   2.6401316070413235e-02	   4.0859602996478456e-01	   5.0221186746235058e-01	   7.7676103412894710e-03	   1.8027705306539435e-01	  -7.5080998444195468e-02	  -5.1091560304127689e-02	   1.5846279016080345e-01	   1.2879774953980541e-01	   3.9714383962045330e-01	   2.6396065707858041e-01	   2.2517597639339026e-01	   2.5536429373175296e-01	   2.6324052508651269e-01	   2.9423870083084025e-01	   2.3568983969495311e-01	   2.3556977566393889e-01	   3.3701427411967133e-01	   3.1215632189955328e-01	   5.9030294356081447e-01	   2.7592627430446598e-01	   4.5286316153478445e-01	   4.7036971549929651e-01	   3.6089236905446004e-01	   4.4968705870129849e-01	   4.2584061159847397e-01	   4.3629069534908538e-01	   4.6305157430296584e-01	   2.5590694076417275e-01	   7.2202155160387149e-01	   2.6972764612747824e-01	   5.8220482230321668e-01	   5.7305505541008916e-01	   1.6284872980778334e-01	  -2.9438971670243103e-01	   1.2711601108792811e-01	  -4.3560328575506492e-02	   1.9923518178488020e-01	   2.6496432879930326e-01	   2.0578899883050134e-01	   9.4808715560223411e-02	   1.6424647698443490e-01	   2.3565726805150966e-01	   9.0599082834633873e-02	  -7.7922347097596064e-03	   2.7459628041889733e-01	   2.1783210494849750e-01	   2.2800938771865670e-01	   2.0053914926011099e-01	   3.1343120792007279e-01	   2.8290042067340104e-01	   4.5066823068929390e-01	   3.9881489821143407e-01	   3.1165181183955731e-01	   6.1032049070112365e-02	  -2.5547052484711763e-01	  -2.4716434773378460e-01	   4.3473282108762401e-01	   1.5925993392705667e-01	   2.4368778794436735e-01	   3.1568893487606964e-01	  -1.0640499982945680e-01	   3.4972419594846277e-01	  -2.4350220957238011e-01	  -2.2974712499448918e-01	  -2.2906571035004798e-02	   2.2325583036304919e-01	   3.7522643554953761e-01	   5.7035044271755442e-01	   3.4534113077951134e-01	   5.7119715681982286e-01	   2.7816554165723495e-01	   3.8009244461514069e-01	  -3.0691635373158350e-02	   4.4882543282117202e-02	   5.7770906541892902e-02	   1.7572114684029294e-01	   1.0272470260512565e-01	   1.1898696381552366e-01	   1.0100095524614991e-01	   1.5676558533828522e-01	   2.8578590332890258e-01	   1.9637076761277547e-01	  -1.7305023157779817e-01	  -2.5481591245357049e-01	
   1.4816256781771625e-01	   2.0980900212622305e-01	  -1.5762125776880967e-01	   7.8064069823154125e-01	   2.0300675271540528e-01	   9.5387224156110195e-01	  -9.1433843266447962e-02	   5.8142344367345344e-01	   2.1187218978329925e-01	   0.0000000000000000e+00	  -1.4852494993160015e-01	   4.7221129837488574e-01	   1.2252715048854008e-02	   4.3250813456942372e-01	   6.1287910315369183e-02	   6.1492637169902598e-01	   2.4211519008822691e-01	   1.4321192262790439e-01	   2.4140949921754060e-01	   3.1534268844869118e-01	  -8.9449892811795620e-02	   5.9279732503759716e-02	  -1.8355610497314778e-01	   3.3097495852611347e-01	  -1.4315370884898948e-01	   2.5932608849597671e-01	  -1.5305785337825781e-01	   3.8296244709924576e-01	  -1.3998716991614818e-01	   6.3982056683123303e-02	  -1.7965055546131586e-01	   3.9976306862803332e-02	   1.0066464655588870e-02	   1.5763642206205980e-01	  -3.0015589241021040e-01	   1.6512268623011035e-02	  -2.0946858790006231e-01	   3.5136874950823897e-02	  -5.3717874845558990e-02	   2.3207589604925322e-01	   6.6094255241254854e-02	  -4.0991000750739463e-02	   1.3495062070681205e-01	   2.3103474455519682e-01	  -4.4135651403656467e-02	   1.2369516283364333e-01	   1.7509798029542553e-01	   2.0877614341550504e-01	   1.4691323132107098e-01	   1.8105560101392781e-01	   6.4643691754140906e-02	   2.1336547429120867e-01	   2.0493315351464336e-01	   3.0289519496183409e-01	   1.7911923979431733e-02	   1.5139237474517428e-01	   3.9610260171610040e-01	   4.2029151308889678e-01	   2.4277290787931421e-01	   7.0898260270454772e-01	   1.4350790753663684e-01	   7.8232097847294879e-01	   6.6651118902252005e-02	   1.8508083314141258e-01	  -1.8078670639473043e-01	   4.2051996214528475e-01	  -2.2924460500855631e-01	  -7.0002212796983723e-02	   5.0503570828136790e-01	   4.6865371687108087e-01	  -4.2524171709112317e-02	   6.6535950751775402e-02	  -2.5998477799911268e-02	   9.1182390980813224e-02	  -1.0132410321257146e-01	  -1.2482502856414768e-02	   2.4678537533726397e-01	   4.2264190951668462e-01	   3.8492432881980609e-01	   1.4035292396690094e-01	   2.5658863006982452e-01	   3.3451618148306370e-02	  -8.0702765309811311e-02	   5.7714169334978270e-02	  -1.0605087503683374e-02	   2.7162217313284714e-01	  -7.9813082792214121e-02	   7.8296037786592665e-02	   2.5695974009905914e-01	   8.0054519441819916e-01	   4.8669214606031264e-01	   3.6136329458013434e-02	   3.4242182074260646e-01	  -1.6082788841179866e-02	  -9.0862696274928087e-03	  -3.4020818845042287e-02	  -5.4061308376537692e-02	   8.5705250566882496e-02	   1.9759678389532789e-01	   1.2559162903950755e-01	   4.6055321981667352e-01	   6.4587783873339105e-02	   4.4533933749499277e-01	   1.5900264163120556e-01	   3.0470006216545426e-01	  -4.0984103180723326e-02	   2.2437906140304739e-01	   1.5190119403780695e-02	   1.3113391549294337e-01	   1.5983499111711266e-01	   5.9587203435694798e-02	   2.0099790695098119e-01	   1.6511270563484287e-01	   1.1888632708871744e-01	  -2.9883874965638695e-02	  -2.4466517840346258e-02	
   1.1375403554584378e+00	   6.1474585550209693e-01	   5.8399670230317835e-01	  -1.0841326028318884e-01	   5.1065479000250269e-01	   2.1462694039726021e-01	   9.8951651302012467e-01	   1.7564034504352491e-01	   5.2630301024683257e-01	  -1.4852494993160015e-01	   0.0000000000000000e+00	   5.1017303387200585e-01	   1.4892632801331342e+00	   6.2931063669323406e-01	   9.0380842135360429e-01	   1.7682353757042729e-01	   6.1584835157664308e-01	   5.4496315113017035e-01	   4.7936352133711180e-01	   5.2407100487086777e-01	   4.1793036112930670e-01	   2.4695323667985758e-01	   1.3075600717120436e-01	  -3.2383020898605419e-01	  -2.4632478002649733e-01	  -3.5729455919932135e-01	  -3.9241843557563945e-02	   2.8618944098017252e-01	   5.1702849723467037e-01	   4.5297813813881455e-01	  -5.9824410096613531e-02	  -4.5223619951011498e-02	   6.4837911979461671e-01	   4.5358685788156505e-01	   2.0471096914250841e-01	   2.6212616747895301e-01	   3.4888642768207928e-01	   2.2580912925495353e-01	   5.6383469195140090e-01	   3.0673809794012746e-01	   2.5217464897980452e-01	   5.8549620817651782e-01	   1.6549941481803901e-01	   1.2841194536076653e-01	   4.4877527135505596e-01	   3.2731216244703421e-01	   1.9051913195367171e-01	   1.7760250355615312e-01	   2.9938180403848758e-01	   2.2772135031908736e-01	   4.6566498846537951e-01	   8.4264516211009957e-02	   3.3267699530287698e-01	   1.7798318662686427e-01	   5.7571537549034169e-01	   5.4125524456009155e-01	   3.6308787236167078e-01	   3.7615499155011095e-01	   5.0291119199138823e-01	  -4.1759763674100697e-02	   9.6440937939632265e-01	   6.7016222523840915e-02	   5.8806820253586778e-01	   5.2172615571855108e-01	   4.3069533066979721e-01	  -4.2532436463560280e-01	   3.6368142496195222e-01	   7.7147378545884021e-02	   2.9460405165813908e-01	   1.5800288658289413e-01	   4.3348358951389893e-01	   2.3409878729359931e-01	   4.1818520554586652e-01	   4.8594302185282007e-01	   4.2793608629354479e-01	   3.3959921354652062e-01	   5.1395963839778436e-01	   3.0005511352790748e-01	   2.1281860085296778e-01	   4.0347277158840339e-01	   4.1245979889459139e-01	   6.2859826115010364e-01	   6.8926632487799577e-01	   3.5928292889979058e-01	   4.2627739397720965e-01	   1.4178697859528755e-01	  -9.9741344971306531e-02	  -2.4058347868517260e-01	   6.5275139857605857e-01	  -2.0551204303838951e-02	   4.7008519713151883e-02	   3.6122684007752809e-01	  -3.3747477084628441e-01	   4.2464969676507403e-01	  -8.1056783949048777e-02	   1.1969754268952984e-01	   1.8029698499354288e-01	   4.0815114853830647e-01	   3.4676777845776768e-01	   6.5509887299498426e-01	  -3.6014374905574270e-02	   5.8894559725689377e-01	   2.1748761538404920e-01	   3.8038624968002532e-01	  -1.3053881820787067e-01	  -5.4257177274837955e-02	   1.6067994369382066e-01	   1.6190931848348949e-01	  -1.5588039633462117e-01	   2.7447892799680512e-01	   2.2240573988327539e-01	   1.6939052163073104e-01	   5.3125422435680902e-01	   2.2133376882904901e-01	  -1.4548383100969459e-01	   6.5298540393140925e-02	
   6.3179967309805374e-01	   5.5887511605377227e-01	   2.3827650074279480e-01	   5.3296977691525216e-01	   3.3251513397942734e-01	   7.8895423051412750e-01	   4.3630771044691902e-01	   8.2045174072177596e-01	   3.4286336763066461e-01	   4.7221129837488574e-01	   5.1017303387200585e-01	   0.0000000000000000e+00	   5.9848836719305798e-01	   1.3841457463441347e+00	   5.2920503818976627e-01	   8.1130179604062380e-01	   5.3788897959282989e-01	   5.1259003490379895e-01	   4.0296108384038742e-01	   5.5829681110649521e-01	   2.1822453802610164e-01	   4.2876009650620139e-01	  -1.1170242640412155e-01	   4.2622594894849083e-02	  -4.2301824912569391e-01	  -5.7544602524888782e-03	  -2.8945248939350449e-01	   3.8316023287194229e-01	   4.5906128808829666e-01	   7.2396810369364450e-01	  -6.6576233682604478e-04	   3.5395096850386343e-01	   5.1988792198364797e-01	   6.5085671751105800e-01	  -5.7368328107864269e-02	   2.9946900287113182e-01	   2.0541934295762734e-01	   4.1371406967278695e-01	   2.3752179095717824e-01	   3.9013000891970029e-01	   1.2426120167062606e-01	   5.0716749688714313e-01	   9.8381517072753652e-02	   1.0461798121654932e-01	   2.6976397131300156e-01	   3.8490708070613533e-01	   2.0617962635955586e-01	   1.8600218342588506e-01	   3.1377731708931178e-01	   2.9219810447003658e-01	   3.2218699798085726e-01	   3.2774308149781689e-01	   5.5513856535089801e-01	   4.0257029640130909e-01	   3.5709896278214104e-01	   4.3587118536107561e-01	   5.0385624263626894e-01	   4.3833931114930136e-01	   3.6587580496698968e-01	   4.5107824987417283e-01	   6.0527756143682643e-01	   7.0596655489112248e-01	   5.3331975947718002e-01	   8.2323253718748735e-01	   8.9939308899034287e-02	  -6.1997979345737850e-02	  -6.1038476389745737e-02	   4.8613534585713318e-02	   3.5903167589957230e-01	   1.8307590687614553e-01	   4.0676640012649312e-01	   5.4910509010178910e-01	   4.7892804911880904e-01	   7.6011247832978701e-01	   4.0925718854437954e-01	   5.8421986744252252e-01	   5.6979271095722128e-01	   8.4674255484778516e-01	   4.4622377368469135e-01	   3.3369685861872761e-01	   5.9330159960856588e-01	   5.2187440343366476e-01	   4.4127101234069382e-01	   2.5657230154547683e-01	   3.3090157889049598e-01	   4.9553134613533883e-01	  -6.1978259022785566e-02	  -5.5916278126331515e-02	   5.1782430701798710e-01	   4.3797309118791156e-01	   3.2406299082858858e-01	   2.7183015981511854e-01	   2.8995561447800432e-02	   2.0162027146771472e-01	   7.5479483733090408e-02	   1.3077753554061586e-01	   1.0843105055893103e-02	   2.3681845817916286e-01	   3.5263983403238003e-01	   4.1185435372701124e-01	   5.2887284711806704e-01	   3.5856056967093669e-01	   5.1277313477145703e-01	   3.8870977155093567e-01	   1.7210112258191104e-01	  -7.1999991472635902e-02	   4.3383874411168721e-01	   2.5672339132316535e-01	  -1.5203100808889508e-01	   1.4332554422882257e-01	  -1.2110777702654559e-02	   1.6013853540184478e-01	   3.3081055078373545e-01	   2.5414733607710849e-01	  -8.9187651200245827e-02	   1.9540576948563845e-01	
   1.0391924992209438e+00	   5.4681398751063948e-01	   6.2512858390825576e-01	   8.3295624090649598e-02	   6.1624284785390249e-01	   3.5537918981115557e-01	   1.0225989547143028e+00	   4.0973506332590404e-01	   6.6754101925879061e-01	   1.2252715048854008e-02	   1.4892632801331342e+00	   5.9848836719305798e-01	   0.0000000000000000e+00	   7.4737462935539756e-01	   1.2521777871749309e+00	   2.7007474805758108e-01	   5.9430724371386234e-01	   5.6616809183069705e-01	   5.3867206887741592e-01	   5.0766060281975844e-01	   4.2958994035773024e-01	   3.5280247646057800e-01	   1.8516155900775924e-01	  -2.2385800564468283e-01	  -2.5636911582284910e-01	  -2.9316427145005930e-01	  -7.6037366149125665e-02	   3.1276441344244732e-01	   4.4296330361643776e-01	   4.7515370878527818e-01	  -7.8735517958197748e-02	  -1.2617286141141082e-02	   6.3848262631227792e-01	   4.9915766643823523e-01	   2.2799234002113700e-01	   2.9955831379581926e-01	   3.4685809917339011e-01	   2.6189716423341319e-01	   5.7404426360111871e-01	   3.7241061369145673e-01	   3.1604940278623872e-01	   6.4881870512390016e-01	   2.1027264007226434e-01	   1.7190068111881115e-01	   4.6613263880570954e-01	   3.5539679083336378e-01	   2.1772782014600467e-01	   2.0718118112513453e-01	   2.8772082110062397e-01	   2.3056853201482599e-01	   4.9253879848555487e-01	   1.5232184153033568e-01	   3.3007294417035549e-01	   2.6547335537602368e-01	   5.3034780358256062e-01	   5.0813378420864386e-01	   4.5195253169932254e-01	   4.9936130036558246e-01	   5.3330570302866820e-01	   6.9201553815130101e-02	   1.0428612589637543e+00	   1.9978213644975798e-01	   5.8476552012934957e-01	   5.9056677932187451e-01	   4.4992635610652199e-01	  -3.5347695288429082e-01	   3.3439545037943130e-01	   8.9409468242476656e-02	   2.3332656173239968e-01	   1.3206617849130442e-01	   5.0968245935898782e-01	   3.2111647780490554e-01	   4.1955380552214860e-01	   4.7349871768582069e-01	   4.3120984754762148e-01	   3.3618091803686856e-01	   5.1607706540636900e-01	   2.7755903496870193e-01	   2.3201091948162175e-01	   3.6134212410964567e-01	   4.6378819020029161e-01	   5.7217910133540584e-01	   6.8133552417852705e-01	   3.2085316204552217e-01	   4.3276074871182635e-01	   1.2565520705392036e-01	  -1.2048235828154849e-01	  -2.1194956931279618e-01	   7.9869009298634408e-01	   5.7469943931991362e-02	   1.2061361215224661e-01	   4.3762936327077839e-01	  -2.4845085174435760e-01	   5.4877330183263184e-01	  -9.3090757830930945e-02	   1.3998598490060540e-01	   1.9646094331665112e-01	   4.5661077320521121e-01	   3.5030718544770562e-01	   6.7189192700702161e-01	   1.2335075633177717e-01	   7.3180899630887664e-01	   3.1733739140991585e-01	   4.2721126351268834e-01	  -1.4512677058669926e-01	  -4.8130754581562331e-02	   1.8249814580318544e-01	   1.2943250191548444e-01	  -1.2197317401773480e-01	   2.6013610541249776e-01	   2.7646413322509394e-01	   1.7131042527264675e-01	   4.8666216386270444e-01	   2.7946869871221192e-01	  -1.1297644434074004e-01	   8.2320529014515365e-02	
