   0.0000000000000000e+00	   1.0471861793750314e+00	   6.0919609996916979e-01	   6.1567603574686935e-01	   2.8951527803536004e-01	   5.5928026459865032e-01	   6.1295954943263353e-01	   7.2988052665470049e-01	   2.0602608356896035e-01	   6.9725915102316183e-01	   9.7028337259046715e-01	   9.1407525249455224e-01	   7.5307083076268500e-01	   8.1957223381851507e-01	   5.5592680657155324e-01	   6.7116759517862312e-01	   6.9906387014346216e-01	   4.9442895851194318e-01	   9.8702621920722933e-01	   9.0089393436675502e-01	   2.3688861246139223e-01	   4.1539895732612908e-01	   4.2396784099679302e-01	   3.7039245629147027e-01	   1.7971965916357358e-01	   2.4005246967115937e-01	   2.4661682370838489e-01	   3.5881469740555405e-01	   6.7168186155836562e-01	   6.4095413132570311e-01	   4.4633604592343601e-01	   4.3760566834319581e-01	   8.1762488664918764e-01	   7.4408330904086462e-01	   2.9507020631559636e-02	   1.4370094021694238e-01	   2.8496255071460536e-01	   3.0690961472924277e-01	   4.1953550292827979e-01	   5.3887935474580195e-01	   5.8367265198240315e-01	   8.8866798451017359e-01	   6.5541224403265330e-01	   5.6775211268753456e-01	   4.7672041633638151e-01	   5.7402742686672137e-01	   7.1321927038781374e-01	   6.8945177445498174e-01	   6.9334017646346713e-01	   6.1813839702867024e-01	   9.1759546780316614e-01	   7.1861876417195769e-01	   8.4998115912153160e-01	   8.6874268122765153e-01	   7.5574835914139926e-01	   8.4161577058443726e-01	   1.0528559500501247e+00	   8.2222523430251937e-01	   8.5079120371634864e-01	   8.6668780363627573e-01	   8.2305311774952272e-01	   6.1926206784418392e-01	   7.2210418168802237e-01	   6.9279937125349444e-01	   4.4727212761370194e-01	   2.2155954603996780e-01	   3.8464868969319688e-01	   4.4701651985879320e-01	   7.0920531216523053e-01	   5.5509365347223349e-01	   4.0593573997165994e-01	   3.6290865336128220e-01	   5.5327411912274360e-01	   6.3715481637544946e-01	   6.4750158513451594e-01	   6.9210020425445773e-01	   6.4672712056992121e-01	   6.5312015007397317e-01	   8.9386213283213900e-01	   8.6147760014053065e-01	   1.0352037644566934e+00	   8.2907434738864982e-01	   7.5900957157382398e-01	   6.2438188705087394e-01	   7.0795428272570993e-01	   8.2634169629188226e-01	   3.5776632184177432e-01	   4.1427228208687811e-01	   9.2545517173389258e-01	   9.6522183266434003e-01	   6.5817902442063159e-01	   3.3095946220963252e-01	   2.6364411920485664e-01	   1.6018663749732820e-01	  -3.1927552133119173e-02	   3.0503403316993677e-01	   4.9234373344572402e-01	   6.6274178025068231e-01	   8.5129377208912049e-01	   9.3659480333908007e-01	   4.4014063849018570e-01	   5.2121273304119109e-01	   5.6577391923714659e-01	   6.6466869021013608e-01	  -1.7183438596584827e-01	  -2.3339851406085554e-01	   4.4882617684774101e-01	   6.6402871061341229e-01	   1.8180995313165282e-01	   3.5830621884176395e-01	   4.9961929196869109e-01	   6.6864977528158676e-01	   5.0417922019970129e-01	   3.1402965914717373e-01	  -4.4321772289039559e-02	  -3.2725016297073833e-01	
   1.0471861793750314e+00	   0.0000000000000000e+00	   5.6878311324136255e-01	   7.4494610770956504e-01	   8.5361002720132223e-02	   4.6756250745622685e-01	   4.0781900696211248e-01	   6.8737419101112618e-01	  -3.9908218992040730e-02	   6.1563580953452757e-01	   7.4146719740709754e-01	   8.8162270433857204e-01	   3.4974047893198296e-01	   7.0717121568565555e-01	   3.2384296930514989e-01	   6.3011336081888869e-01	   9.9962561096728120e-01	   8.8285306267016472e-01	   8.7926032111215924e-01	   1.0997495143094265e+00	   2.4634630870252311e-01	   4.3562790417344621e-01	   4.0425884523711214e-01	   4.2300212955273697e-01	   1.4061279119037670e-01	   2.2201252681407485e-01	   2.7104758631904624e-01	   3.9451394883043539e-01	   7.8227401273336339e-01	   9.1288986280600148e-01	   3.4193421569770593e-01	   3.8295384495278906e-01	   7.3964357344563081e-01	   7.3883383668675118e-01	   1.2414077471668203e-01	   1.8195345626483217e-01	   3.0685746385095380e-01	   4.4631418044052718e-01	   3.8845401764272208e-01	   6.0727846952392572e-01	   5.4222966362377134e-01	   9.3647019203915094e-01	   6.7117442059458576e-01	   6.7389135098815456e-01	   5.0285985875755912e-01	   6.2388756346624041e-01	   7.1603509957469058e-01	   7.2694427807676532e-01	   6.4961977103255508e-01	   6.1148560456210110e-01	   8.9105345455822782e-01	   6.6430884760838160e-01	   9.8477779508246799e-01	   9.8125719096331143e-01	   6.5105211057988177e-01	   7.8351637149063236e-01	   1.1867152660488702e+00	   1.1926719072476515e+00	   7.2270416848285934e-01	   6.7273615816800192e-01	   4.1421172414365359e-01	   4.8673556827114978e-01	   6.3101819677879456e-01	   8.7647009290123867e-01	   4.1173229030982189e-01	   2.5088763035496287e-01	   2.8176072979043881e-01	   3.5936277926530702e-01	   6.7364847946921369e-01	   5.0332617680354419e-01	   3.5884030245204890e-01	   2.6933051965977023e-01	   6.7198607416367162e-01	   8.4674769954706230e-01	   6.3336626766052750e-01	   7.6683864692204051e-01	   5.3779842734106142e-01	   7.2194214510510013e-01	   1.0968763862512907e+00	   1.1048850015057030e+00	   1.4127525388748943e+00	   1.2124467142773117e+00	   7.8406521082704261e-01	   7.8826323370994711e-01	   7.1287993302677555e-01	   9.0032829782873292e-01	   3.3590901026543063e-01	   4.7749405812830459e-01	   6.8805875506084635e-01	   8.6449795499721183e-01	   5.7149020802544526e-01	   2.3931380825520004e-01	   1.6806409052143639e-01	   5.4260135702918426e-02	   1.0867304997857501e-01	   4.9670618962678476e-01	   5.5101893473266461e-01	   7.0866101882988253e-01	   1.0154265291045981e+00	   7.9976777329049509e-01	   5.1254868223982686e-01	   3.1528273875994728e-01	   6.6265926609968351e-01	   5.7912898389363621e-01	  -1.4325031850185918e-01	  -2.6482673603689022e-01	   3.4619319967289119e-01	   4.5438840201001662e-01	   3.5153687769728476e-01	   4.3079647364208645e-01	   4.1273840452175692e-01	   6.7490812622478880e-01	   4.8945554766803567e-01	   3.9613233213665056e-01	  -1.2119272163487886e-01	  -3.1076245432259342e-01	
   6.0919609996916979e-01	   5.6878311324136255e-01	   0.0000000000000000e+00	   1.1280073587697126e+00	   6.0794835413226589e-01	   5.8256783085570796e-01	   1.0231141334321332e+00	   6.9652975126379812e-01	   1.3334877977446963e-01	   6.4551877838619465e-01	   6.8143443841235507e-01	   3.6652276876979928e-01	   3.6621196297672687e-01	   3.6454898385283863e-01	   5.4639301852386257e-01	   7.4141299612110423e-01	   2.4944776756714404e-01	   9.6622312059783125e-02	   1.0874404195361247e+00	   8.7681427069807094e-01	   7.1451014565206461e-01	   5.1468694506972645e-01	   1.6386691252311663e+00	   1.3613796015864639e+00	   6.6994529975716710e-01	   5.7968298014300068e-01	   1.0560714240935589e+00	   5.8703443408782119e-01	   1.9600697272876971e-01	   1.5351387732433153e-01	   7.5547392147128911e-01	   5.2385060495659230e-01	   8.1931046561748189e-01	   5.7472733055371528e-01	   8.8897057987529660e-01	   8.3755434405999951e-01	   3.0782989529091087e-01	   3.9939406609652739e-01	   6.1051047383136081e-01	   5.4175934677375470e-01	   6.7120347575520722e-01	   6.7251019645681576e-01	   9.6435719032940903e-01	   7.9406217563106885e-01	   9.0456452634047357e-01	   8.3725792604819194e-01	   7.5998637225919663e-01	   8.6836974705153702e-01	   7.0100562373100828e-01	   7.2612563046849909e-01	   7.8587753496094448e-01	   6.8740361657547877e-01	   6.5182027956616906e-01	   9.0418487364985078e-01	   4.5627686195650086e-01	   5.8852680847520233e-01	   4.3790924427272554e-01	   4.6375637457267033e-01	   8.7235500467513249e-01	   8.8399213052155201e-01	   4.2467410323845345e-01	   4.4256567288362658e-01	   2.8958402862269894e-01	   3.0256647415683952e-01	   1.0372060061405290e+00	   7.4078999297595605e-01	   1.0307189366726641e+00	   8.7948675870881621e-01	   8.7778640838429478e-01	   8.8237786562942722e-01	   2.9720370122917161e-01	   1.4048569016517148e-01	   2.4891691838416719e-01	   2.6564811450396364e-01	   3.4881321771628798e-01	   3.9030839648052146e-01	   3.3127099891879896e-01	   4.2840318717184572e-01	   4.2783049814903806e-01	   4.6327231534442664e-01	   5.2205479868398430e-01	   3.9694598571167927e-01	   1.0776507171518233e+00	   5.9908866985863152e-01	   8.5643762730222306e-01	   8.1584657339410183e-01	   7.6146891387371096e-01	   6.6202340728664721e-01	   9.4331194325720147e-01	   1.0977979169500340e+00	   1.0060093365522029e+00	   7.9732888551330261e-01	   7.0104738235598540e-01	   7.2882620866028769e-01	  -3.1021706581261643e-02	   2.3217004511451833e-01	   4.8478780181564840e-01	   5.3897733667598602e-01	   6.9790505096610778e-01	   8.1590261364553673e-01	   6.5111760721925349e-01	   7.8865386237683777e-01	   3.7720758917913361e-01	   8.1103429426566853e-01	   2.1598959304302204e-01	   8.5482793824764508e-02	   3.6637605680538032e-01	   3.8386354693608210e-01	  -3.8037316196124341e-02	   2.4500907099660324e-01	   7.6164108306996514e-01	   7.2533905657566822e-01	   6.4923106646677786e-01	   3.6153524505009677e-01	   1.0377159331532414e-01	  -2.1431018161656010e-01	
   6.1567603574686935e-01	   7.4494610770956504e-01	   1.1280073587697126e+00	   0.0000000000000000e+00	   4.7453917264642897e-01	   1.0105929455445348e+00	   1.0695839762387001e+00	   1.3789953454996251e+00	   1.7656503656424932e-01	   1.0100427734170767e+00	   6.3560982949828360e-01	   6.5988085837343391e-01	   3.8685621317620777e-01	   5.7978403384888078e-01	   5.0557446146014573e-01	   9.9384096273124489e-01	   3.9249828576724838e-01	   2.2732892491293707e-01	   1.0467864857052411e+00	   1.0790385643516387e+00	   5.5849662963113023e-01	   6.5175321756009008e-01	   1.2686840200880214e+00	   1.3857625877883826e+00	   7.4719471322283793e-01	   8.4571098947485801e-01	   8.1423352055284370e-01	   8.0967548923081001e-01	   3.3112193154540476e-01	   3.4796831509351284e-01	   9.4358948205063142e-01	   9.1259049607730136e-01	   1.1632863040598429e+00	   1.0760017764856034e+00	   6.8975261872438332e-01	   9.0660307957432351e-01	   2.5207780333674673e-01	   4.0376543697767464e-01	   7.0561232120573836e-01	   6.7330998452958102e-01	   7.6586295837565066e-01	   8.1180194209549095e-01	   9.0277347942572239e-01	   7.4737339894174981e-01	   9.3975351856953171e-01	   8.9611868439843367e-01	   7.8040327707067714e-01	   8.5727334889985518e-01	   5.4546210029912023e-01	   5.7684381205411162e-01	   6.8608971943627794e-01	   5.8449822751079383e-01	   6.4556922628452362e-01	   8.4061858243637044e-01	   4.6338126280959757e-01	   5.6320195040928989e-01	   6.7388927922148167e-01	   6.6764764706717061e-01	   8.0205229270532641e-01	   1.0018932181181537e+00	   4.9768343909295670e-01	   9.2202497466811839e-01	   5.0222266670497562e-01	   8.0469975089652668e-01	   1.0572508478501319e+00	   9.8589127686219546e-01	   9.6435034904781425e-01	   1.0403625557984970e+00	   8.8005099806593745e-01	   9.6944716953867949e-01	   2.3548388708542711e-01	   1.8879914798853578e-01	   3.9461636277885176e-01	   4.5520250115598915e-01	   4.9826178671493387e-01	   6.3672979214465208e-01	   5.0658619525415005e-01	   7.1507054083359767e-01	   6.6499309329033374e-01	   6.3493634327737525e-01	   7.0834139902897519e-01	   5.6005135694939967e-01	   8.4724866842305013e-01	   6.2609317973806700e-01	   9.3296395832038259e-01	   1.1100231299822496e+00	   4.8147575107569862e-01	   6.3533502001674846e-01	   9.2419651447405549e-01	   1.2679405702340940e+00	   9.4254865808835198e-01	   5.2140947499646084e-01	   6.2666684114075133e-01	   3.9555923280713179e-01	   6.9522247062778512e-03	   3.0486811630225108e-01	   5.0559169778328350e-01	   6.1078152642963568e-01	   7.2553995225673085e-01	   6.5721875377747152e-01	   8.2736020000738320e-01	   4.3563116294965015e-01	   4.9337811710441420e-01	   7.2928324190783167e-01	   1.0470511111963644e-01	  -1.2088589542207026e-01	   3.3316837150124023e-01	   2.9473741429139738e-01	   1.8446798374945175e-01	   3.3287013059823378e-01	   7.3806572789221114e-01	   6.5341380123568471e-01	   5.2448149639772268e-01	   4.1606104168374192e-01	  -3.1795951491884022e-02	  -4.1328768123348503e-01	
   2.8951527803536004e-01	   8.5361002720132223e-02	   6.0794835413226589e-01	   4.7453917264642897e-01	   0.0000000000000000e+00	   6.7160751878365776e-01	   8.4841864307935033e-01	   4.2317487191194336e-01	   7.2589114401460830e-01	   5.5678421841223635e-01	   3.8301400873767633e-01	   1.6422990772058801e-01	   3.9066192764455199e-01	   2.2443579551169729e-01	   6.7774676093240072e-01	   5.1459669001121489e-01	  -1.1717771219111792e-01	  -2.8892721866119575e-01	   3.7969748918950841e-01	   2.1260195910098320e-01	   4.7521643927038137e-01	   3.4339539159475274e-01	   6.9071226318591128e-01	   5.9047097931610204e-01	   7.8718810430422037e-01	   6.9632468486007459e-01	   6.4477378469114555e-01	   6.0434240270966710e-01	  -3.0157936373420732e-02	  -1.8502431431399774e-01	   6.1265174251195331e-01	   5.1612708440574895e-01	   4.3000442105342973e-01	   3.1522329404763044e-01	   6.3749143412507725e-01	   7.6614795248187573e-01	   3.4801977810097967e-01	   2.8065060408590181e-01	   6.6507461648182487e-01	   3.8804656000532223e-01	   4.3938543109392575e-01	   3.1529293760052329e-01	   5.3249196325348669e-01	   4.4955894218437903e-01	   7.2482882581571650e-01	   5.7392491443172866e-01	   4.9908130296545472e-01	   5.3917265123135705e-01	   5.2007485028184908e-01	   5.1693141307742518e-01	   5.5352803940927497e-01	   5.5034472097221987e-01	   4.1104088164590197e-01	   5.2788526460664653e-01	   3.2752708334426195e-01	   3.9890472794566773e-01	   1.1948402565811482e-01	   1.2980822255355798e-01	   6.5853528620491186e-01	   7.5051222889742819e-01	   4.8319637924084935e-01	   4.6401055816574555e-01	  -7.7123605615432966e-02	   9.2406560198224255e-02	   6.6975604567124514e-01	   7.2300383446903094e-01	   8.9018303830314860e-01	   8.0008136845245725e-01	   5.7828729650705579e-01	   6.1470854488487670e-01	   1.3946250577750285e-01	   1.4238012386434455e-02	   6.1207874152747963e-02	   1.5696347879485331e-02	   1.6232575022645288e-01	   1.3381264522444342e-01	   2.2670756561359182e-01	   2.0397858623018938e-01	   7.3468469282362156e-02	   8.4024992355887743e-02	   2.2059385356811016e-02	  -4.2103448668248993e-02	   3.8337668223894211e-01	   1.1506674910318812e-01	   3.8218286306769050e-01	   3.7934847325790216e-01	   4.0335797933746609e-01	   2.9221137753168031e-01	   5.5539550643850877e-01	   6.0085994140947474e-01	   6.1497841912204454e-01	   5.8141097602966685e-01	   6.2766261869659368e-01	   5.6539614639024527e-01	  -7.8145608444975742e-02	   4.7993259126374171e-02	   4.4714584313024863e-01	   4.2567949159933971e-01	   3.6697961923726358e-01	   4.7124297466442339e-01	   4.2616740365834271e-01	   5.5275933455109405e-01	   1.5928166783466621e-01	   4.8831336351251076e-01	   2.4208862790630373e-01	   1.9069521728669697e-01	   3.4943127830642789e-01	   3.6116571714595447e-01	  -1.7320294929718405e-01	   1.3751017777551947e-01	   7.5792309953527970e-01	   5.6405357703225456e-01	   5.5091522931525794e-01	   4.1078334663718924e-01	   4.2068999385839934e-01	  -1.8848778645836353e-02	
   5.5928026459865032e-01	   4.6756250745622685e-01	   5.8256783085570796e-01	   1.0105929455445348e+00	   6.7160751878365776e-01	   0.0000000000000000e+00	   9.7451998219878122e-01	   1.1738214010262698e+00	   3.8437050488248797e-01	   1.5622265406290519e+00	   4.3930144781060609e-01	   5.7924067497263376e-01	   4.3556328477877926e-01	   4.4147287053009843e-01	   3.7250328356212320e-01	   6.8799393979952372e-01	   2.0456175074726815e-01	   8.0565870732766720e-02	   7.3710072279115180e-01	   7.3167636743224418e-01	   2.0846323015692844e-01	   3.9286796010664016e-01	   7.0893090165481354e-01	   7.9533309881397163e-01	   6.6688880920448534e-01	   7.7447556209550239e-01	   4.8049311264708894e-01	   9.0480098242629470e-01	   2.2014145100982233e-01	   2.0563631089509343e-01	   7.0825801741450001e-01	   8.8773186293813444e-01	   8.2372956188808666e-01	   8.7637544405738654e-01	   4.3193750021595340e-01	   6.4255876367139597e-01	   1.2184002470271182e-01	   2.2517131899829534e-01	   5.2908867172628615e-01	   5.2048716990695265e-01	   5.4275965001416659e-01	   6.1058166621870724e-01	   5.5250023823106265e-01	   4.2934752895159345e-01	   6.4512764203914008e-01	   5.8774203581648310e-01	   4.7540887184291092e-01	   5.4409972570836318e-01	   3.2396566954006734e-01	   3.1899723898991866e-01	   4.5177172615295436e-01	   3.5390838881206893e-01	   5.5810495406944505e-01	   6.2077772725224001e-01	   2.9548802334222024e-01	   3.4263302825651454e-01	   5.4408688347762624e-01	   4.8112815266366354e-01	   5.5345624102326862e-01	   8.2052860048845788e-01	   6.0495211851208552e-01	   1.1112078252419104e+00	   4.0105522665533105e-01	   6.7734349779255587e-01	   6.6741771350476897e-01	   7.7262463173503071e-01	   7.1637242540535528e-01	   7.6993746537859931e-01	   7.6054050330850043e-01	   8.7697781311325684e-01	   4.4618446230909027e-02	   4.8956467617733923e-02	   2.6290684134472997e-01	   3.2985796676389828e-01	   3.8522244188607335e-01	   4.6143530127822130e-01	   4.0431672761234477e-01	   5.3241251584794691e-01	   4.9466469969326821e-01	   4.2931618465546872e-01	   4.2203931872452094e-01	   3.1380955875943323e-01	   3.3606270847448516e-01	   2.0565518231452604e-01	   4.7095102821223306e-01	   6.1385113758859788e-01	   7.0851772117895118e-02	   3.4433468905669751e-01	   6.5312530512833811e-01	   8.2251727450083767e-01	   7.9864425562191088e-01	   5.3409825533146038e-01	   7.2893673131429959e-01	   3.9116496728589406e-01	  -9.8607201092289598e-02	   1.8202813850985727e-01	   2.7565592625181912e-01	   4.1749913573687725e-01	   4.5735828373027604e-01	   4.8249325788131409e-01	   8.2693882099322236e-01	   4.2882150604310881e-01	   4.2173079045911788e-01	   7.2750170098933009e-01	   2.1434813386221171e-01	   1.1429187370537230e-02	   3.3639319724007422e-01	   3.1358754005954359e-01	   1.3145813716971000e-01	   2.8493498239272563e-01	   6.9393768021298297e-01	   6.5870112200545572e-01	   5.8705209546682569e-01	   5.3563734977587085e-01	   1.9363736124103961e-01	  -2.1254314246295397e-01	
   6.1295954943263353e-01	   4.0781900696211248e-01	   1.0231141334321332e+00	   1.0695839762387001e+00	   8.4841864307935033e-01	   9.7451998219878122e-01	   0.0000000000000000e+00	   1.1567930599644018e+00	   4.3086944580925024e-01	   8.9758477314292284e-01	   6.1975421215300430e-01	   5.5017968761585967e-01	   6.5444586005583727e-01	   5.1690560686598097e-01	   6.5869642129290495e-01	   8.5892674029153082e-01	   2.0018690325385108e-01	   4.0533561606012833e-02	   7.6281905536159078e-01	   5.8412600295481654e-01	   5.4227261844211516e-01	   5.6619043395242863e-01	   1.0368539850948102e+00	   9.3916134140760477e-01	   8.2619035448666578e-01	   9.0640149479045040e-01	   5.8746940028127825e-01	   5.9510781059407170e-01	   3.4758292758847625e-01	   2.2642384943567229e-01	   1.1245251006381087e+00	   9.8056844649307162e-01	   1.0906066270842651e+00	   9.7026467180739617e-01	   6.0545128000546955e-01	   8.1171806275817648e-01	   3.2558846661748003e-01	   4.3859555984785370e-01	   7.6038336372417747e-01	   6.3788987445571410e-01	   7.7366977776366386e-01	   7.6374084529186193e-01	   8.1780071625491257e-01	   6.8185447238630492e-01	   8.3456405384614496e-01	   7.9786220085557369e-01	   7.7662587519580950e-01	   7.5645779403929292e-01	   5.9548215671679805e-01	   5.7075780396318054e-01	   6.7881688040289334e-01	   6.0337495200271463e-01	   5.1755041569310445e-01	   6.2764932530010564e-01	   5.6936747174231217e-01	   6.1952655081965402e-01	   3.8609959929864524e-01	   3.0599089350222664e-01	   7.8849519621555586e-01	   9.7022944255981813e-01	   7.0201173448142817e-01	   8.7847574156903740e-01	   4.7043606800018023e-01	   5.4756669193870611e-01	   1.0205409966525587e+00	   1.0048503218011948e+00	   1.0516686613866040e+00	   1.1047008432826995e+00	   5.8968591744109822e-01	   6.5804476675097401e-01	   4.4491450866566895e-01	   3.4285551670160042e-01	   4.7247546065108070e-01	   4.3610412222195238e-01	   5.8675340366173012e-01	   6.4904301220861182e-01	   6.2609408175249792e-01	   6.9065681606373830e-01	   4.5611757266149500e-01	   4.5470087609525006e-01	   4.1700405059093459e-01	   3.3320235997518671e-01	   7.0570208848237004e-01	   4.0122781062549734e-01	   8.4707054651704006e-01	   8.7638978648128230e-01	   4.2615468079588953e-01	   4.8163662380597261e-01	   9.2298278323717509e-01	   1.0397017988992194e+00	   8.1077662867858347e-01	   5.0278792521146098e-01	   5.4860409571104096e-01	   4.3093271830034185e-01	  -1.2617334300837579e-01	   1.8332677289684529e-01	   4.5972760194260398e-01	   5.8290338487310578e-01	   6.3966625602585214e-01	   6.6653242030517879e-01	   6.8990377894405885e-01	   6.4210336544076019e-01	   3.7264101832814173e-01	   7.2867476353790339e-01	   6.9977188709193436e-02	  -1.1236870396789789e-01	   4.0631945115082435e-01	   3.7735706487327114e-01	  -4.2771645579524654e-02	   1.3558030167596027e-01	   7.7664289647348239e-01	   5.6170867385020073e-01	   5.1297908712511653e-01	   2.7218183096171350e-01	   6.0782001157576884e-02	  -4.1272636919140648e-01	
   7.2988052665470049e-01	   6.8737419101112618e-01	   6.9652975126379812e-01	   1.3789953454996251e+00	   4.2317487191194336e-01	   1.1738214010262698e+00	   1.1567930599644018e+00	   0.0000000000000000e+00	   3.0290757495278631e-01	   1.1367077878469738e+00	   6.7972205491094606e-01	   8.8784544801734677e-01	   6.5610901528086996e-01	   7.4456137180529325e-01	   5.4963087458758064e-01	   8.9259447936902081e-01	   4.4709747382000053e-01	   2.9500102024673397e-01	   8.8889961333503176e-01	   8.7958122187002330e-01	   3.5089931443999983e-01	   5.6837526829711038e-01	   7.5831060355866098e-01	   7.8398683933850499e-01	   5.2506603900225568e-01	   7.3142976763442180e-01	   3.8493488632908124e-01	   5.9981356824029963e-01	   5.4346713196659224e-01	   5.0506472354759568e-01	   8.8987914625698217e-01	   1.0715504392757254e+00	   1.2805738128264728e+00	   1.5357129003317309e+00	   3.5963118265934879e-01	   5.8937440578975175e-01	   1.5073731671539178e-01	   3.1638701650964773e-01	   5.7385517337514158e-01	   5.8814506459885407e-01	   6.7650683375773424e-01	   8.4862225662753166e-01	   7.2701793466766429e-01	   6.1628177039455878e-01	   6.8995269419984151e-01	   7.1864848796227709e-01	   7.2990224335490350e-01	   7.0244124354501658e-01	   4.5165215103628203e-01	   4.3236671705060276e-01	   5.9268500209086050e-01	   4.9145249605878205e-01	   5.6559181517623469e-01	   6.5533885598620545e-01	   5.2455806178957964e-01	   5.4337218126312092e-01	   6.6847965508871543e-01	   5.3069088272056275e-01	   6.6481166772818090e-01	   9.3018817260785414e-01	   7.3287413296607307e-01	   1.2690770188430311e+00	   7.6666952839163716e-01	   1.0887669159721551e+00	   8.1445936143116682e-01	   7.9005093344031052e-01	   7.3884634859573972e-01	   8.8276118861919817e-01	   6.0804923881047157e-01	   7.0270522316563377e-01	   3.5873497900587981e-01	   3.6318741007095512e-01	   5.5876944988837707e-01	   6.2311542514755203e-01	   7.1821939906969812e-01	   8.5706514871496098e-01	   7.6860025567053514e-01	   9.3411928026449964e-01	   7.4414953103815762e-01	   7.0613823358023819e-01	   6.7864597998591158e-01	   5.7174555373975067e-01	   6.0099487402878060e-01	   4.5574890848031424e-01	   8.2969747450140297e-01	   1.0005942304169713e+00	   2.1402969476401801e-01	   3.9813308050993518e-01	   8.3025889829796362e-01	   1.0297124748973681e+00	   7.4083918317458586e-01	   2.9495434978108670e-01	   4.0737374025316841e-01	   1.6104976379130509e-01	  -8.6885533575785531e-02	   2.7715834609755818e-01	   4.0204096816259599e-01	   5.6194878226422562e-01	   6.9057570579750793e-01	   5.6941286099551114e-01	   7.6366607253371510e-01	   3.2509910003783571e-01	   5.6084364118772900e-01	   5.9906417500732667e-01	  -9.0839766305226569e-02	  -3.3629541703546917e-01	   3.5574780324547683e-01	   3.0856497838513242e-01	   1.7207873597444531e-01	   2.6799272700155014e-01	   6.0767537098780022e-01	   4.8707027391179902e-01	   3.9672422884797509e-01	   2.8158648243245510e-01	  -1.3351106782821176e-01	  -5.5789744884324111e-01	
   2.0602608356896035e-01	  -3.9908218992040730e-02	   1.3334877977446963e-01	   1.7656503656424932e-01	   7.2589114401460830e-01	   3.8437050488248797e-01	   4.3086944580925024e-01	   3.0290757495278631e-01	   0.0000000000000000e+00	   4.8788654320510738e-01	   3.8979233660210799e-01	   4.1548849468498494e-01	   6.6839474415026867e-01	   4.5851281164497937e-01	   1.0060800136655033e+00	   5.6236822087837368e-01	  -8.3679611840476842e-02	  -2.7525674281884938e-01	   3.8732439156546193e-02	  -9.5575481631213779e-02	   9.7068222229714424e-02	   1.2148980153315991e-01	   2.1641957992129224e-01	   1.2573115472992302e-01	   1.6265798435801512e-01	   2.3949400866142184e-01	   4.5595935506169354e-02	   1.4589160267468526e-01	   6.6847201173940080e-02	  -1.6870830296067627e-01	   2.9173104740919464e-01	   2.9831061254353458e-01	   1.8253580849640802e-01	   2.0370696372003669e-01	   6.2112852853307886e-02	   2.5516667135544013e-01	   1.0111046020054057e-01	   7.6041258213811413e-02	   3.7228291286292536e-01	   1.8927441810651255e-01	   1.7438907114661217e-01	   1.4665718089168295e-01	   3.5345632211677297e-01	   3.3349413090666713e-01	   4.2039120748175562e-01	   3.7445870520798658e-01	   4.4415559784696046e-01	   3.5368366936444751e-01	   4.3946404045402154e-01	   4.0560016697694423e-01	   4.3139282045029215e-01	   4.1156974709936134e-01	   1.8006219392704823e-01	   1.7350036758827930e-01	   3.9919786094186016e-01	   3.8412755583846236e-01	  -5.9462383762188056e-02	  -1.5380386657664941e-02	   3.7677020966215136e-01	   5.2142827260147939e-01	   6.7569676644547216e-01	   5.3153081001625557e-01	   7.2393168929009905e-02	   2.6217841273546871e-01	   3.7421046152091175e-01	   3.4105817797104854e-01	   3.1074680360827123e-01	   3.8023890116971526e-01	   1.9273921417032450e-01	   2.0647562827938742e-01	   2.2655435765344129e-01	   1.5817765942602194e-01	   9.2852145235071390e-02	   5.2525144418421738e-02	   1.3521932278996190e-01	   2.0155783113802977e-01	   2.5507151033665082e-01	   2.0553388181986212e-01	  -7.9800430037692601e-03	   3.9109718015108520e-02	  -6.3471759702217662e-02	  -4.3417318800944071e-02	   1.0932062298812224e-01	  -1.4024231332099624e-01	   2.3728689806321007e-01	   2.6675513360689246e-01	   1.1729728739613898e-01	   5.1379643195831451e-02	   4.4876674512199366e-01	   3.6731917830041716e-01	   3.3751565935509387e-01	   6.9492926027598947e-02	   1.0474374009956805e-01	  -1.8950776185896516e-02	  -1.8570883627300783e-01	  -1.1619087853525602e-01	   3.0673982455676924e-01	   2.7979433677485821e-01	   2.9098320559977886e-01	   2.3147890651208247e-01	   3.6686605722544396e-02	   1.6693891664110394e-01	  -8.4478209047486763e-02	   4.9178301147330537e-02	  -1.3963577612938344e-01	  -1.7328686389201739e-01	   2.3632812550088667e-01	   1.3038720179805233e-01	  -1.4022794556754561e-01	   2.4031494142903963e-02	   4.2216626488828901e-01	   2.8264197928354062e-01	   1.7978062834527664e-01	   1.0516603824784937e-01	   1.6713866355513113e-01	  -2.7001546368902868e-01	
   6.9725915102316183e-01	   6.1563580953452757e-01	   6.4551877838619465e-01	   1.0100427734170767e+00	   5.5678421841223635e-01	   1.5622265406290519e+00	   8.9758477314292284e-01	   1.1367077878469738e+00	   4.8788654320510738e-01	   0.0000000000000000e+00	   6.3338580706442305e-01	   8.3047062355335555e-01	   6.1394168681224270e-01	   6.4293292489830089e-01	   5.5319765463878445e-01	   8.8608193036923222e-01	   3.0385848017461270e-01	   1.4096847097878934e-01	   8.1076455340865605e-01	   7.7517255278359998e-01	   1.5922139464639140e-01	   3.3296007346657447e-01	   7.1209788476024882e-01	   7.6112624869537715e-01	   4.3375134714607683e-01	   5.2317743450699872e-01	   3.9259073569541697e-01	   6.5635305970048441e-01	   3.1453351762193921e-01	   2.7164787424963333e-01	   5.9435160742379833e-01	   6.8843867065268349e-01	   8.2575809987956195e-01	   8.3625541775326884e-01	   3.4552819056687800e-01	   5.1084480623019068e-01	   8.3057405522536876e-02	   1.8237437807814733e-01	   5.1778579462129026e-01	   4.8968095168194004e-01	   6.1537750364676824e-01	   6.6276602585001587e-01	   7.4277120798812646e-01	   6.1949834786270186e-01	   7.7639011209238118e-01	   7.6242738907081509e-01	   6.6152817813523945e-01	   7.3680024020326562e-01	   5.2844573025547192e-01	   5.1189380791667971e-01	   6.3411475739665402e-01	   4.9422831059233352e-01	   6.5668743945180019e-01	   7.3166197767316310e-01	   4.3062996474642551e-01	   5.2122169784355243e-01	   5.6916804407316435e-01	   5.2241470920604849e-01	   6.7322495438824226e-01	   9.7855111331421774e-01	   7.6021626689178856e-01	   1.1354334409823159e+00	   5.2514551008797361e-01	   8.0400116343678074e-01	   7.3278907007308480e-01	   6.7440522337484343e-01	   6.4374268552268932e-01	   6.9824167950389693e-01	   8.0034075174139785e-01	   8.1800697604862160e-01	   1.2168498423955268e-01	   1.0983841350940855e-01	   3.2149949094788954e-01	   3.9709149649274866e-01	   4.4926244262394538e-01	   5.5335936652780482e-01	   4.4997281765126312e-01	   5.9699016830823892e-01	   5.2854556373377160e-01	   5.5324121032986873e-01	   5.4794249714250132e-01	   4.3047522574440966e-01	   4.9177248537457408e-01	   2.8050297085618453e-01	   5.6180106231304427e-01	   7.1035082257418591e-01	   1.7603422483640319e-01	   3.9145154574260782e-01	   8.0430172713633508e-01	   9.6389656931175882e-01	   9.2582309762429771e-01	   4.6965030694122756e-01	   5.5471239468011690e-01	   2.7430518066694931e-01	  -7.5106408811271133e-02	   2.1302461378426124e-01	   3.6487156096282197e-01	   5.4234816628512661e-01	   6.6071731864631100e-01	   6.1315455709105049e-01	   6.9997184179984329e-01	   4.5368787615647899e-01	   4.2442333139889421e-01	   7.0195868782781312e-01	   3.5261806054625817e-02	  -1.4186383786071441e-01	   3.7621087253233632e-01	   3.2590950964318094e-01	   1.5964953487658912e-01	   2.7380048235206811e-01	   6.8232359255096486e-01	   7.4528633929040744e-01	   6.4122664604813318e-01	   4.4189680928076513e-01	   5.9254858314300315e-02	  -3.8145245312765147e-01	
   9.7028337259046715e-01	   7.4146719740709754e-01	   6.8143443841235507e-01	   6.3560982949828360e-01	   3.8301400873767633e-01	   4.3930144781060609e-01	   6.1975421215300430e-01	   6.7972205491094606e-01	   3.8979233660210799e-01	   6.3338580706442305e-01	   0.0000000000000000e+00	   9.3033182986889640e-01	   1.0455942697961627e+00	   1.0383826540875212e+00	   9.4922020675803775e-01	   9.1512420842054398e-01	   6.7348057710185760e-01	   2.5227589832316011e-01	   7.2145360675451409e-01	   5.9214684451772881e-01	   3.5440521687602600e-01	   3.6292897868379959e-01	   5.6470468723422029e-01	   4.6161430326188002e-01	   2.0622589345177103e-01	   2.2119187935252466e-01	   2.9450266851176021e-01	   2.4975206079414253e-01	   6.0451651552697550e-01	   4.3390634630540803e-01	   3.8691697014169696e-01	   3.6193995585100652e-01	   6.2780606898441660e-01	   5.9515417798191184e-01	   1.8797292278035457e-01	   2.9479260728183876e-01	   2.9503881356418094e-01	   2.6589217146578026e-01	   4.4445138684056573e-01	   4.8890257815620580e-01	   4.6762481067469175e-01	   6.8834052246603661e-01	   7.9952536600813673e-01	   7.9068260582093586e-01	   6.7948213348398534e-01	   7.8799300996063537e-01	   8.6574559671520235e-01	   8.2312738326711654e-01	   8.9756166741773802e-01	   7.8800622309447554e-01	   1.0113639503257545e+00	   7.8804508444321630e-01	   6.5306570104927053e-01	   7.6823775183048260e-01	   6.7613603394303534e-01	   8.7098375289546759e-01	   6.2625718254782725e-01	   4.8533325432947583e-01	   8.6750737244678200e-01	   8.4356647456596645e-01	   8.9809961647555259e-01	   5.2133132652428893e-01	   4.6902980255107063e-01	   5.2633807188637061e-01	   6.8673327790667993e-01	   3.8211783158247270e-01	   4.9185890344678107e-01	   5.5048941212018598e-01	   6.5611046925329164e-01	   5.1846368105944851e-01	   4.8621093615437416e-01	   3.9420905894841041e-01	   4.7804302276874217e-01	   4.6920668998018089e-01	   5.0694806426278571e-01	   5.3585648243199047e-01	   5.8431504076338858e-01	   5.9362632831799211e-01	   5.7542411813497751e-01	   7.3187707306610561e-01	   7.5959040549809120e-01	   7.4268617023863115e-01	   1.0150706158478171e+00	   6.6567233266395265e-01	   9.1358485827587210e-01	   8.9969884850228443e-01	   5.8222259838993828e-01	   4.6164747808142503e-01	   9.7298111142901411e-01	   8.6369859324235876e-01	   6.9911348079972724e-01	   2.9634847578918211e-01	   2.6437293061158140e-01	   1.4954275360036318e-01	  -8.6376219116350489e-02	   2.0285092362233517e-01	   5.9162076915827422e-01	   6.6613286658190707e-01	   8.4684312251630744e-01	   8.6096177586925238e-01	   2.5726999871225742e-01	   3.2762816004750567e-01	   2.4109173611100210e-01	   3.7115083808667038e-01	  -1.6459085870914700e-01	  -2.4833137948304951e-01	   3.2452533843883069e-01	   4.2812218243301925e-01	   4.2808062356794817e-02	   2.7564612407639322e-01	   5.9797335573912491e-01	   7.0692986009379422e-01	   6.0487157560820437e-01	   2.2408508811788819e-01	  -3.9729650510816054e-02	  -3.4423762031402799e-01	
   9.1407525249455224e-01	   8.8162270433857204e-01	   3.6652276876979928e-01	   6.5988085837343391e-01	   1.6422990772058801e-01	   5.7924067497263376e-01	   5.5017968761585967e-01	   8.8784544801734677e-01	   4.1548849468498494e-01	   8.3047062355335555e-01	   9.3033182986889640e-01	   0.0000000000000000e+00	   8.6156645477758909e-01	   1.5902609464070960e+00	   6.6420447004356287e-01	   1.0277419300474655e+00	   6.6259923287196731e-01	   4.0120176433224325e-01	   5.5389648207482989e-01	   5.7010095057909482e-01	   1.9042363499447104e-01	   4.3278617010259945e-01	   3.2623223874434265e-01	   3.3879214529233342e-01	   6.1885346682215077e-02	   2.2826572305856355e-01	   2.9130384565585057e-02	   1.9335155738073925e-01	   7.6723348704260885e-01	   6.1320211649880674e-01	   4.4165082847781351e-01	   5.3730217460711249e-01	   7.4188963126848362e-01	   8.9781649439857614e-01	  -4.3904520630734807e-02	   1.4605519059268418e-01	   1.9499537403781286e-01	   2.4384174050378521e-01	   4.2574785186275754e-01	   5.2774332887882025e-01	   5.8689959229285682e-01	   7.9408984068076027e-01	   6.6462959081123774e-01	   6.4048323631176363e-01	   5.4258709472851940e-01	   6.8111529835388784e-01	   8.2972893070845388e-01	   6.8581769490470246e-01	   6.9325574759924946e-01	   6.4182011456729537e-01	   8.2771574909339796e-01	   6.4559397535845664e-01	   6.3101216390149317e-01	   5.8919662444801668e-01	   8.5032805716479243e-01	   8.9398127980471498e-01	   6.8187892668643635e-01	   6.1189466674001103e-01	   6.8241010405989022e-01	   7.9871005020461339e-01	   8.5464800587488510e-01	   8.6933411803830063e-01	   6.4957002265162134e-01	   1.0929823655663529e+00	   4.4335777636656015e-01	   3.4790578499660380e-01	   2.3068438594199922e-01	   4.3935444862112283e-01	   4.4230821173908696e-01	   3.4307150370439637e-01	   4.7261166028767099e-01	   4.5907095759427746e-01	   6.7319221649351024e-01	   7.6121737664349209e-01	   7.4868049599624253e-01	   8.8928803964490721e-01	   6.4150338832904408e-01	   8.0554341133452112e-01	   6.8099649576225896e-01	   6.7108929698056152e-01	   7.6188334582549377e-01	   6.9632851029194720e-01	   5.6821322172156252e-01	   4.6683442200220016e-01	   6.6047714838073801e-01	   8.7869830991846876e-01	   2.1483065581207975e-01	   2.9390350559976064e-01	   8.6641805406409533e-01	   8.3080898816845539e-01	   5.6998808048888161e-01	   6.3126021378744429e-02	   5.6406108992265183e-02	  -1.5749847620298063e-01	  -1.0153284893156080e-01	   1.7960071237022648e-01	   5.1385527512247098e-01	   6.3602890956436597e-01	   8.8605800591251982e-01	   6.1405952925863205e-01	   2.9149363759092767e-01	   1.2437418618613594e-01	   3.0903695942805826e-01	   3.2532488064197707e-01	  -3.5691070261924396e-01	  -5.1830651793629101e-01	   2.5538150025141559e-01	   2.8128097494751736e-01	   2.6686977734659734e-01	   2.4282439068971653e-01	   3.7766575021763754e-01	   4.6078210987110702e-01	   3.4501270141510276e-01	   2.0223575432819660e-01	  -2.1474367657818560e-01	  -6.1229632364573217e-01	
   7.5307083076268500e-01	   3.4974047893198296e-01	   3.6621196297672687e-01	   3.8685621317620777e-01	   3.9066192764455199e-01	   4.3556328477877926e-01	   6.5444586005583727e-01	   6.5610901528086996e-01	   6.6839474415026867e-01	   6.1394168681224270e-01	   1.0455942697961627e+00	   8.6156645477758909e-01	   0.0000000000000000e+00	   9.2182534601675270e-01	   1.0280547820231623e+00	   8.0399573160036075e-01	   3.3148249254929141e-01	   1.0658951663883023e-01	   3.6927299506827055e-01	   2.4185179580705096e-01	   2.7216713409426690e-01	   3.8256917240558630e-01	   3.0770982223208776e-01	   2.0787394882562163e-01	   1.0954727721121270e-01	   1.9403727130321163e-01	   3.6795733321732464e-02	   1.0704494610364021e-01	   6.1808009854333812e-01	   3.6641738680253427e-01	   4.3283011368531232e-01	   4.0547076227497536e-01	   5.6525436526439521e-01	   6.1476949160773042e-01	   2.4225190426227915e-02	   1.7356593962100697e-01	   2.0370017225064313e-01	   1.8640680327197220e-01	   4.4510288213886423e-01	   3.7384347759992381e-01	   4.0587545579506312e-01	   5.5362940622187706e-01	   5.3094862739792048e-01	   4.7137347403939778e-01	   4.7666977210047312e-01	   4.8868965055843966e-01	   6.1837784248774419e-01	   4.9953303854080533e-01	   5.8714574394375441e-01	   4.7150483362114270e-01	   6.4096590629591976e-01	   5.1264138403532322e-01	   3.2772592938798017e-01	   3.5409048560937939e-01	   6.6604309375214132e-01	   6.2541890787070420e-01	   3.3141692178721927e-01	   1.7282246609323676e-01	   5.6925743107061089e-01	   6.5569419272853879e-01	   1.1566949221059717e+00	   6.4382092533672053e-01	   6.1965479463100204e-01	   5.2251972706056704e-01	   4.9124047916936953e-01	   3.2209826534852515e-01	   3.8298892881850533e-01	   4.5323998733636539e-01	   2.6499897709300302e-01	   2.4025656429920178e-01	   6.3635997360573415e-01	   5.8267665814788028e-01	   4.9402595594394810e-01	   4.6678428484573198e-01	   6.4917844165114047e-01	   6.1440671728879792e-01	   6.7558054767175357e-01	   6.1608728944902058e-01	   4.0036784658539881e-01	   5.1447305915305797e-01	   4.2582301627974423e-01	   4.1480440483856607e-01	   5.2460104489029913e-01	   3.6916811383432707e-01	   6.2708585108158754e-01	   6.2173565957400045e-01	   3.3564164493058585e-01	   2.8447284059805916e-01	   7.4942777965669849e-01	   6.1312610001495971e-01	   4.1064882977882006e-01	   6.8327561657572422e-02	   6.1734593142724871e-02	  -4.3726397246668956e-02	  -7.9184138749080132e-02	   5.8945437403464460e-02	   4.1864523898281031e-01	   4.8522869267551511e-01	   5.1984509565336312e-01	   4.9922990239303200e-01	   1.1838073144917788e-01	   2.1118842130432489e-01	   1.8421219061877603e-01	   2.2648476373467158e-01	  -2.6485916647388774e-01	  -3.8279035244773391e-01	   3.0912985708316632e-01	   2.7182341447512887e-01	  -1.0448859302788049e-02	   1.8826847719673306e-01	   4.6300126940982267e-01	   3.6921638794366118e-01	   3.0361303828698194e-01	   9.2510163209344493e-02	  -5.7882772538589561e-02	  -4.8363148082512164e-01	
