   0.0000000000000000e+00	   9.1538884772176921e-01	   1.0508788963636704e+00	   7.4907065664687877e-01	   7.7250879468063782e-01	   6.0246505617098944e-01	   9.8442188615225112e-01	   6.8360794861759666e-01	   7.7255244790758182e-01	   6.0276936971273565e-01	   9.3541093019065158e-01	   5.5056441882820861e-01	   9.2457227778804851e-01	   7.7050322668199323e-01	   1.0930850557809355e+00	   7.8111138385941892e-01	   5.2631138637179453e-01	   6.0345104268768979e-01	   1.0634236385406224e+00	   8.4352476698318846e-01	   4.2344198409447376e-01	   2.8841708332452320e-01	   7.0462531414448071e-01	   5.4821611149528893e-01	   4.5525808698020076e-01	   4.0351151904621751e-01	   6.4761071616878507e-01	   6.3898709587430380e-01	   6.1780948045679496e-01	   5.8753006891411319e-01	   4.1720909268025508e-01	   3.5349721207600238e-01	   1.0375797132997580e+00	   8.8460737465380079e-01	   5.3009235020455148e-01	   2.7891075456197750e-01	   4.3612211843944942e-01	   4.6234031658690200e-01	   6.6973750843439517e-01	   4.3988414168706896e-01	   5.1611980530278234e-01	   5.5748721202835561e-01	   7.4871133324559969e-01	   5.9893564142720901e-01	   4.5869858602079783e-01	   4.3802488644028925e-01	   6.1033101476108742e-01	   6.3338103923169220e-01	   3.9895982198918822e-01	   4.0403186901041493e-01	   6.9728745167217177e-01	   5.4764782783432864e-01	   6.3616784195064968e-01	   5.1295540226758152e-01	   8.7809697992436153e-01	   7.3153851126665981e-01	   1.5135742894967410e+00	   8.0100291078747821e-01	   6.5119138970770196e-01	   3.7012475037573667e-01	   6.6977754005612600e-01	   2.8372135263454978e-01	   5.3907293979506565e-01	   4.1196626087895399e-01	   6.7176939296731908e-01	   4.3383251141146145e-01	   6.6051364709424598e-01	   4.9289063539064415e-01	   6.8033016759240517e-01	   3.8213111362106778e-01	   5.4831647487158430e-01	   4.1346716603602796e-01	   7.6736527216774242e-01	   7.2350241522638659e-01	   7.0664049655387851e-01	   7.8167648917334553e-01	   9.1898343252568182e-01	   8.8497077730447982e-01	   5.5509729529920704e-01	   8.8652066114988137e-01	   8.6691611552012304e-01	   9.2876406946385037e-01	   9.0861619893320156e-01	   5.4817322373414190e-01	   8.5814975522769832e-01	   8.2564964164265142e-01	   7.4704061593445281e-01	   3.8146139918750993e-01	   8.8475321203705115e-01	   8.1659146277649031e-01	   6.4413801150539185e-01	   7.8377275459217066e-01	   3.7596866429441822e-01	   6.0900694890687845e-01	  -2.9781168528955591e-02	  -3.6913927486532543e-02	   8.6675222402021934e-01	   7.1141327410632116e-01	   7.7741615573302203e-01	   8.5797909791614602e-01	   5.5839274042205744e-01	   4.7403067837965718e-01	   6.7271083929045394e-01	   4.9425691458800125e-01	   7.9059290913951391e-02	   2.0151269109646772e-01	   1.9048700041339384e-01	   3.6951248648026080e-01	   5.1867954892298361e-02	   4.6881664573237347e-01	   5.7307982257974677e-01	   5.9594805307896137e-01	   6.8827092901685738e-01	   5.2410676969372472e-01	   3.4239135022437511e-01	  -1.4772397629012940e-01	
   9.1538884772176921e-01	   0.0000000000000000e+00	   6.9892838603151852e-01	   9.7967956222867103e-01	   5.4429574862160235e-01	   5.7907135186994318e-01	   6.0876240134959902e-01	   6.7354526557529171e-01	   4.2693716293096284e-01	   5.1598274285036738e-01	   5.6941716722375746e-01	   5.1724369848568208e-01	   4.8784786728779816e-01	   5.3993907967838140e-01	   6.2738132048107054e-01	   6.2559985800690443e-01	   2.1692456454878759e-01	   3.1646214011774787e-01	   7.9664347876717567e-01	   8.5252747937331996e-01	   2.1560250262718728e-01	   1.0922415564933988e-01	   6.2104368789806608e-01	   6.8171269860939021e-01	   4.7657525970678133e-01	   5.7978868239529080e-01	   4.8534853854798377e-01	   5.7950672568362105e-01	   2.6879411944106490e-01	   2.9209535099265538e-01	   3.1037850584993776e-01	   3.1765643445468156e-01	   6.6938879175794674e-01	   6.8930288432944808e-01	   3.5992449376936025e-01	   1.9038048718396189e-01	   2.0901648997153291e-01	   2.6727837604928628e-01	   3.1086269991556259e-01	   2.5280798018106859e-01	   3.5349847520836825e-01	   9.9953150064347296e-02	   5.4868771854112353e-01	   4.4524673009898924e-01	   2.5807422219067988e-01	   1.8985832077249548e-01	   4.9029617348446530e-01	   4.8337092933361403e-01	   2.3168111033354657e-01	   2.6967061231136658e-01	   4.7940965059713625e-01	   4.2000592035243267e-01	   5.6804850885754776e-01	   4.2440162837782636e-01	   6.8128060149974612e-01	   6.3237377283841978e-01	   8.8365447010254261e-01	   1.1828322236628790e+00	   3.4322384912118553e-01	   4.6124559668903187e-01	   3.1250506861583771e-01	   3.5107365120326084e-01	   2.8226162743192212e-01	   3.2573810151313998e-01	   5.4708829147726878e-01	   5.0557069281002787e-01	   4.2041276902411195e-01	   4.0378554130574074e-01	   5.4209528001328577e-01	   3.6518369265503442e-01	   2.8936970927286360e-01	   2.0321598266514276e-01	   4.2221946727547316e-01	   5.2700210385314594e-01	   4.9714151363964643e-01	   7.1943459693194856e-01	   5.6972256516577546e-01	   6.4018007208974737e-01	   4.2084330681871712e-01	   6.6226251458516239e-01	   4.7654107202642515e-01	   5.0175593936809448e-01	   5.0597261756411449e-01	   4.2306369012946876e-01	   7.4654128830149757e-01	   7.1354548846257904e-01	   5.3301714060581007e-01	   4.9609144136705730e-01	   7.1787122950932747e-01	   8.5766668256842782e-01	   5.5797791189829704e-01	   5.0011781420062340e-01	   3.4559002225885210e-01	   4.4676135457463811e-01	  -1.7622673873629560e-01	  -8.3982391027211112e-02	   6.8651116254229838e-01	   5.7850216700138168e-01	   6.6241524835104637e-01	   6.2627889166494755e-01	   4.0416075749392899e-01	   3.5598991580242756e-01	   4.5483991632976173e-01	   2.9283929704052697e-01	   1.0474378292762840e-01	   2.2741984083899630e-01	   1.4499896531738124e-01	   3.8099736244698945e-01	  -1.9705491132063942e-02	   3.2326187414718921e-01	   4.6610377263866010e-01	   6.1749617841512050e-01	   8.1283826403633486e-01	   6.2069590833720423e-01	   3.3770181623434847e-01	  -1.0162507827959225e-01	
   1.0508788963636704e+00	   6.9892838603151852e-01	   0.0000000000000000e+00	   8.7562987562075278e-01	   1.2543467052823112e+00	   6.2573110678324173e-01	   1.3878820107067578e+00	   6.5573459797905342e-01	   9.5043644722091203e-01	   5.5072706661414927e-01	   6.3861494747726910e-01	   5.5417556570229776e-01	   7.4040336600890022e-01	   6.7164531587737597e-01	   1.1406005696915007e+00	   7.5442388981391695e-01	   3.1890734198637705e-01	   4.5153209145928652e-01	   1.1858506855455309e+00	   9.9324059973486112e-01	   5.5550169688500317e-01	   4.0993117455680983e-01	   9.3874685233102617e-01	   7.1422501664658500e-01	   6.3865735084854702e-01	   5.8752630672681350e-01	   6.9027390578471481e-01	   7.8521183294493768e-01	   6.0924375301846079e-01	   4.6293396934559666e-01	   6.4459140771061496e-01	   4.6600538185085594e-01	   1.0294436255661896e+00	   9.5564117666613024e-01	   5.1722971810199692e-01	   2.3189506965924581e-01	   2.4605736032558967e-01	   2.8572629918913556e-01	   5.4121086497145898e-01	   3.8344774825986366e-01	   3.9724885272481686e-01	   4.7983080610574125e-01	   6.3639911488220791e-01	   4.7457622967181901e-01	   4.8648750265963808e-01	   4.3009107950215669e-01	   5.0664746304794284e-01	   5.3997578354656128e-01	   3.2010185328612079e-01	   3.1433597745696051e-01	   4.1801235466440678e-01	   3.3287067675642040e-01	   3.4108542725391378e-01	   3.4342597135867459e-01	   6.2718335422339078e-01	   6.5360613163077963e-01	   9.2339887858515324e-01	   6.9837019437040049e-01	   4.8997662747356108e-01	   3.6791762378035658e-01	   4.2246832900837261e-01	   1.2710637414774711e-01	   2.8903778035953742e-01	   3.0219723504199403e-01	   6.8979209937790287e-01	   3.8676279594030771e-01	   7.3589321617990355e-01	   5.8725494616216078e-01	   6.6545384407152830e-01	   5.0751598770632844e-01	   6.5412435410055747e-01	   4.7405452067935822e-01	   8.1602276239013349e-01	   7.2706054917822194e-01	   7.7559876905179870e-01	   8.3904296462358818e-01	   6.3335321270554135e-01	   6.1269712163992307e-01	   3.9938787533933451e-01	   6.9152144739596177e-01	   6.1909855942096192e-01	   7.3803000680613073e-01	   9.1605697039591705e-01	   7.1905062494411787e-01	   7.2842525254441559e-01	   7.2684853280535244e-01	   6.4109769990866827e-01	   5.3276750512967208e-01	   8.1280895139176434e-01	   6.6409692055851499e-01	   7.1393393703899544e-01	   7.7723611046791863e-01	   3.6205075900252942e-01	   7.2893640939611504e-01	   1.1062059457645954e-01	   3.0981429278787059e-01	   7.4935711275652772e-01	   7.2307375074116431e-01	   6.3345647698535279e-01	   6.4583583152715707e-01	   5.4875239122176567e-01	   6.7275856966089387e-01	   8.2707637521493882e-01	   5.7146380159042642e-01	   1.2478087712012331e-01	   2.6753886484240208e-01	   2.1621882154058802e-01	   2.4878059928794330e-01	   9.1873974842555092e-02	   4.3602386854037156e-01	   5.1138903065151409e-01	   5.7186990654301773e-01	   5.9928108701580718e-01	   5.5193113800363780e-01	   4.2762003824696698e-01	   2.0721590523458511e-02	
   7.4907065664687877e-01	   9.7967956222867103e-01	   8.7562987562075278e-01	   0.0000000000000000e+00	   8.5200354426144531e-01	   8.8161277012607253e-01	   8.0915256371039268e-01	   1.1299700133047050e+00	   6.2416667895136846e-01	   5.6244580506597686e-01	   4.7703718156771946e-01	   5.5847207371897367e-01	   5.1356818695578710e-01	   6.9931392378697654e-01	   7.5631792816790266e-01	   7.1551195715364757e-01	   2.7133719573361648e-01	   4.2965491562878266e-01	   8.9947842008213263e-01	   1.0354976872492154e+00	   2.4562904176101164e-01	   1.4674626622057430e-01	   7.6579152924948624e-01	   1.0197156298744878e+00	   5.6142162090318493e-01	   8.2913940789547635e-01	   6.2051162632307344e-01	   8.8736621209066691e-01	   3.4568373519259776e-01	   3.7212431279051156e-01	   4.5301266206374546e-01	   4.7741889192671949e-01	   7.3471094487540578e-01	   8.5207979063969586e-01	   3.5306192825763572e-01	   3.1947506506824913e-01	   1.3874125001859755e-01	   2.6188700010468602e-01	   3.4017010843429812e-01	   3.5495066325259056e-01	   5.4801720435016810e-01	   1.7203351964492711e-01	   4.9994343114005102e-01	   3.8547854707719792e-01	   4.3583660070931129e-01	   4.7307637615531206e-01	   5.0596146604032843e-01	   5.2094093770496519e-01	   3.1071295326045623e-01	   3.9018397117876258e-01	   4.1446771092504742e-01	   4.5517498573886822e-01	   4.1863357878107088e-01	   3.3814118431704554e-01	   6.3612662919948193e-01	   6.5933179057453262e-01	   7.2552430657665534e-01	   7.1069935487471891e-01	   3.9512797147817474e-01	   5.7576327824743556e-01	   3.1936521147817798e-01	   4.0740501490240522e-01	   3.1823499389251647e-01	   5.1939754887345790e-01	   5.2711951175426797e-01	   7.1352758348303658e-01	   6.0494131911819249e-01	   7.4234030295467002e-01	   5.1329357266319475e-01	   3.8878802649171029e-01	   2.8642860231285994e-01	   1.5651087143200076e-01	   4.4550277876368682e-01	   5.6885908801765361e-01	   6.2982238160705251e-01	   7.6375648729458745e-01	   4.0021318178001497e-01	   5.8158833574686564e-01	   3.6946613608373552e-01	   5.2381236040774259e-01	   6.4641136630516038e-01	   6.1787971775526951e-01	   7.8023772425606530e-01	   7.6360012903140406e-01	   6.4832887557451691e-01	   8.0442321886567181e-01	   4.8155759434287904e-01	   6.4450204932863997e-01	   7.0025256769059763e-01	   8.3967676828254789e-01	   8.7315642674372218e-01	   6.4453293233812237e-01	   5.7924565767932024e-01	   5.9221156802485075e-01	  -1.9482000154029083e-01	   2.1297839968209814e-01	   5.2184276353445769e-01	   6.2619982716614075e-01	   6.8570421550004190e-01	   6.5619503606894114e-01	   5.9987890779560171e-01	   4.9391049628047445e-01	   7.4091391527176376e-01	   3.4287397472414494e-01	   1.7141582758918167e-01	   1.3355661340909047e-01	   2.1851895072562247e-01	   2.8549795731272148e-01	  -4.1113247959887793e-02	   2.2274897826800669e-01	   4.0097103492337233e-01	   5.6253292902165275e-01	   6.3632326037636033e-01	   4.4240665483555103e-01	   1.8821319056760513e-01	  -5.5874334513158215e-02	
   7.7250879468063782e-01	   5.4429574862160235e-01	   1.2543467052823112e+00	   8.5200354426144531e-01	   0.0000000000000000e+00	   8.2146819544979699e-01	   1.0652769958086541e+00	   5.7348584022301397e-01	   1.2454859365813196e+00	   5.6581680815447410e-01	   4.5666756892081817e-01	   3.3011526629628735e-01	   6.1368077246393593e-01	   5.2011895555406440e-01	   1.1226478311008001e+00	   6.8147585892851870e-01	   2.6495126826747895e-01	   3.3926634791393290e-01	   9.0436610783028215e-01	   7.6951634116105760e-01	   6.0709859816796885e-01	   4.4848872862423744e-01	   9.0218291362294778e-01	   7.5671971779637481e-01	   7.3747521911200997e-01	   7.7527612704635196e-01	   8.4217703650401532e-01	   9.4121981694629908e-01	   4.3264796991504473e-01	   3.0948672798680649e-01	   5.6848169319449238e-01	   3.6396171287728807e-01	   7.3876500062985040e-01	   6.7458386401196258e-01	   5.2319252304402619e-01	   3.0728989561226022e-01	   2.6942517672866328e-01	   3.7312916282582248e-01	   5.2161270332668064e-01	   4.1231207524467711e-01	   2.4242780630326746e-01	   4.2147139890907659e-01	   5.5214997882760297e-01	   4.8147992882734236e-01	   4.4553560363255940e-01	   4.0470890422821709e-01	   4.5451488399049589e-01	   5.4326603673066354e-01	   2.8579169114201070e-01	   2.8115444713473015e-01	   3.8549046601359416e-01	   2.8250571623480469e-01	   2.8419041988226701e-01	   3.3170085475669930e-01	   5.8218664998931846e-01	   6.7308802528013600e-01	   7.4872643707975772e-01	   5.7036701690405622e-01	   4.5085369715892765e-01	   3.6584689862430447e-01	   4.1321946434445322e-01	   9.6597229019583286e-02	   2.4397014213571938e-01	   2.5815129341350268e-01	   6.6324349163314045e-01	   4.4800542914877062e-01	   6.8024798514046558e-01	   5.8842098162611334e-01	   5.6678637178181190e-01	   4.2576729982640271e-01	   4.9887749594149933e-01	   3.5686104008909469e-01	   5.7157423320134959e-01	   5.5253578264279146e-01	   5.9069309550381022e-01	   6.4650708267306956e-01	   4.9629757695093507e-01	   5.4003805406938488e-01	   3.5132987137780169e-01	   5.1297666629763528e-01	   5.3107545973754311e-01	   6.4732522262637737e-01	   7.5665631035454051e-01	   6.2664908837183053e-01	   6.9804896359289281e-01	   7.9669048334792669e-01	   7.5878890679923083e-01	   4.9641980525006701e-01	   6.8055454335632681e-01	   6.4875367217072721e-01	   6.2899679563213351e-01	   7.9330520090206025e-01	   3.5179367957305896e-01	   7.2089231420974365e-01	   1.2677675269889135e-01	   3.7525402775032318e-01	   6.9001394346593459e-01	   7.2615590870311586e-01	   5.0969250029490576e-01	   6.9156006882544452e-01	   5.0594544515387363e-01	   6.2828889742222893e-01	   7.4914900463295386e-01	   5.0355909687941125e-01	   3.1988610016085889e-01	   3.7466503817733143e-01	   1.0709951157097268e-01	   2.3724922212092800e-01	   1.2958488704246394e-02	   5.0458207049732984e-01	   5.4065365553947453e-01	   5.6745728945127205e-01	   5.7261559096592696e-01	   5.5061263994761722e-01	   4.2845684648403431e-01	   1.7788632703078988e-01	
   6.0246505617098944e-01	   5.7907135186994318e-01	   6.2573110678324173e-01	   8.8161277012607253e-01	   8.2146819544979699e-01	   0.0000000000000000e+00	   6.8066774563034216e-01	   1.0419970386001649e+00	   8.2499159397865185e-01	   1.0887433577414671e+00	   5.8893895701188503e-01	   6.3895174726009552e-01	   5.8614733109055550e-01	   7.0602323112184751e-01	   7.5802990618094768e-01	   8.6876568717099556e-01	   3.3754047065344484e-01	   3.3296469896691827e-01	   4.8966182851447382e-01	   4.6500398396528003e-01	   4.5628447398601629e-01	   3.8748743388021956e-01	   3.4185469739287150e-01	   4.7073689939410002e-01	   2.2578374697204986e-01	   6.9572187024954457e-01	   2.7363864486282918e-01	   7.7245679093307906e-01	   4.9340047379387753e-01	   5.7561174420831307e-01	   4.1923616355216686e-01	   5.1775055598338060e-01	   4.7916344376989217e-01	   6.2902207455060388e-01	   1.9607679249913312e-01	   2.6693638040718615e-01	   2.8042751792809789e-01	   2.7256426638386216e-01	   4.2825920544828222e-01	   3.5466528736111924e-01	   4.7968029759213771e-01	   2.9739510497778054e-01	   3.9698080977370331e-01	   3.5095963832942345e-01	   2.4781537629302189e-01	   4.7056649570946973e-01	   4.3255626571034367e-01	   4.2675616447807141e-01	   1.9259662532809491e-01	   3.6886432757490023e-01	   2.3116025163211384e-01	   3.5800440659601973e-01	   3.8090308639052606e-01	   3.2767295039547922e-01	   6.2041310813951656e-01	   6.5586070520450246e-01	   5.9283509695838088e-01	   4.2525084229009796e-01	   3.3525943793032564e-01	   4.1452995560259059e-01	   4.8060478519250011e-01	   5.4741371024092278e-01	   3.1303408200380101e-01	   4.6109282037523480e-01	   4.6125279043290379e-01	   3.6783620792435967e-01	   2.7418088376146421e-01	   3.2436144971175046e-01	   2.4767217494841701e-01	   9.9505113805822568e-02	   2.4008132593106019e-01	   3.4931232697800435e-01	   4.2442137633173693e-01	   6.0058974822433775e-01	   4.8563816150044214e-01	   6.4023468693265828e-01	   4.2592739606300500e-01	   5.9509050029682142e-01	   5.1564089051238371e-01	   4.6713306446439307e-01	   6.9022905293283132e-01	   5.9917345321244952e-01	   5.5573766459453156e-01	   5.2079961359650939e-01	   5.9103048410589110e-01	   6.6450637006546032e-01	   4.4998757934397970e-01	   2.3622731972977967e-01	   4.1034196423445235e-01	   7.3164162043701153e-01	   4.5936663423945179e-01	   4.3933280068043296e-01	   3.5567497337789833e-01	   3.3116251139868963e-01	  -2.0237406157389468e-01	   1.7319329856966117e-01	   4.0421206465598852e-01	   5.8978326352168431e-01	   4.3070366452845876e-01	   4.9337489121378475e-01	   4.6690577330485400e-01	   3.9058877315399787e-01	   4.3772971844201397e-01	   3.7422806763781102e-01	   1.7351724136970320e-01	   2.2053808078027964e-01	   7.2815930416468513e-02	   3.5665297634497739e-01	  -5.1772944256790548e-02	   3.3276011229939662e-01	   1.8411413721452513e-01	   2.9292441484830339e-01	   5.1175698516410728e-01	   3.9355285541459151e-01	   3.5513192412289324e-01	   1.7374551238862218e-01	
   9.8442188615225112e-01	   6.0876240134959902e-01	   1.3878820107067578e+00	   8.0915256371039268e-01	   1.0652769958086541e+00	   6.8066774563034216e-01	   0.0000000000000000e+00	   7.5852606668669553e-01	   1.1227854220253339e+00	   6.6390930094581324e-01	   8.4244681415552836e-01	   6.6457669359203475e-01	   1.1773322549176979e+00	   9.2660914991207455e-01	   1.3645420186741006e+00	   9.4449720127198566e-01	   3.9682314456226403e-01	   4.9402646190529731e-01	   9.3385948469159963e-01	   7.7225308649325675e-01	   3.8279520775519515e-01	   3.4652379558805557e-01	   7.7133415810889938e-01	   6.0801827884940840e-01	   5.1125993131223102e-01	   4.5608769579607233e-01	   5.5226954654192550e-01	   6.8080193346647366e-01	   6.3375771476294984e-01	   4.1082159863408452e-01	   4.4444183102926010e-01	   3.4730928685034934e-01	   1.0637638468550967e+00	   9.2016261643076780e-01	   5.5193192700582783e-01	   2.8145726442515534e-01	   2.6120986305666066e-01	   2.3553269477308414e-01	   5.0333015962070560e-01	   3.1302614633016085e-01	   5.0213228787558029e-01	   4.9471044522860186e-01	   6.4639176833286727e-01	   5.4253333158926220e-01	   5.1997576660339917e-01	   6.0095573645508915e-01	   5.3620161883189588e-01	   5.6679710104536096e-01	   3.9227532123852432e-01	   3.5740155847083982e-01	   4.6425823507529929e-01	   3.0148075275054687e-01	   3.3366802956097141e-01	   2.3891103486527687e-01	   5.4074950838613778e-01	   5.9987957531173874e-01	   7.9797042700914922e-01	   5.2495454721160306e-01	   5.9788442353855054e-01	   4.5290743463187333e-01	   6.9470390029759699e-01	   3.6822582962551620e-01	   4.6866242669732927e-01	   4.8132841212897648e-01	   7.5346642023302524e-01	   4.9120969459676483e-01	   8.5023858720147383e-01	   6.8304353518458372e-01	   5.1524590186423747e-01	   3.5036330379243580e-01	   5.3459143539490883e-01	   3.0115335409742322e-01	   7.4431222999123325e-01	   5.6379231019859632e-01	   6.9685668151281277e-01	   7.0636618777175830e-01	   5.2457856830215599e-01	   5.6128757187732115e-01	   4.3408953173364673e-01	   6.8159699631787873e-01	   6.3655966250940443e-01	   6.8096808787166352e-01	   9.6518101233946674e-01	   6.8403872866031890e-01	   6.8035906876476582e-01	   7.6694642826023007e-01	   6.4604455415786299e-01	   4.0494971979463745e-01	   6.9677221948499235e-01	   7.4537785545879243e-01	   6.6289219405551891e-01	   7.7443568575199884e-01	   4.4769426878420948e-01	   8.3618562271189267e-01	  -2.5003162223580008e-02	   1.7801077391165920e-01	   6.4482710880585170e-01	   5.8761857222275293e-01	   5.2690403728685387e-01	   5.5839378059873468e-01	   5.7917799779034074e-01	   7.3982540579734901e-01	   8.6471729901808891e-01	   5.5727595125739338e-01	   1.0917607919321919e-01	   2.5497728504569644e-01	   2.2261572159285259e-01	   3.1865036137411107e-01	   9.5547148486660349e-02	   3.7681069021287156e-01	   4.8710700135888058e-01	   4.7382006064550736e-01	   6.2254720100810323e-01	   4.3894420086868663e-01	   3.8788399400823198e-01	  -6.5775220521300068e-02	
   6.8360794861759666e-01	   6.7354526557529171e-01	   6.5573459797905342e-01	   1.1299700133047050e+00	   5.7348584022301397e-01	   1.0419970386001649e+00	   7.5852606668669553e-01	   0.0000000000000000e+00	   5.0576438711594773e-01	   9.6154365318694335e-01	   7.2066919923751716e-01	   9.3762326128812734e-01	   6.2081592151190879e-01	   9.6672461798814546e-01	   6.8511468575685530e-01	   8.3725940405872723e-01	   3.7243022843503920e-01	   4.5449715036341487e-01	   5.1330583639374949e-01	   5.9274793430544326e-01	   2.2529474606041347e-01	   1.8679656268325948e-01	   4.3975021346014409e-01	   6.5308620454886201e-01	   2.3696020836667592e-01	   5.4560712660827604e-01	   3.5490329166809176e-01	   7.1773139914808581e-01	   5.2909457973843965e-01	   5.6363680787213366e-01	   4.2246912629436856e-01	   6.6272246333949669e-01	   5.9198104249978944e-01	   7.9010392628793780e-01	   2.2502212587980336e-01	   2.8299651927894759e-01	   1.1022425807601438e-01	   2.3597107512988952e-01	   2.8692930368194836e-01	   3.4997007121920559e-01	   5.5552911143049200e-01	   2.4809206324443142e-01	   3.7524506485800124e-01	   3.0215605709511639e-01	   2.8895193734293734e-01	   5.0056039489575654e-01	   4.0418181166688150e-01	   3.9520603614385386e-01	   1.8329146548092107e-01	   3.6956543465192310e-01	   3.1673840142160381e-01	   4.1248625911245762e-01	   4.7540043112761077e-01	   3.5711834085457633e-01	   5.4557443222232760e-01	   4.9357073861798229e-01	   5.6603151901908466e-01	   4.3807098816693424e-01	   3.0582545426204893e-01	   4.0342932391094677e-01	   4.3190268830606804e-01	   7.4394592654790770e-01	   3.5675975236486251e-01	   6.2554747474735239e-01	   5.1124490889140362e-01	   6.3410606511070866e-01	   3.4498477831553115e-01	   4.5344280516458024e-01	   2.7762044348827197e-01	   1.2269643445518129e-01	   2.8811178556442224e-01	   2.5498778718253412e-01	   4.6330078547751752e-01	   6.1980722863682258e-01	   5.9559320987774544e-01	   6.7815437826585656e-01	   5.4269029568547555e-01	   6.9361620858355022e-01	   4.9344946156889791e-01	   4.4476508864085651e-01	   7.2903044118456550e-01	   5.5012003558968403e-01	   6.2605483761061187e-01	   6.0830818158358158e-01	   5.8555260363957284e-01	   6.6551102600117218e-01	   3.5839670902597959e-01	   3.2983959805903956e-01	   5.0127251109981708e-01	   7.1681296478193590e-01	   6.0794171302318800e-01	   4.2539494715325193e-01	   6.3301141673971328e-01	   3.7974311871506006e-01	  -2.6023956853490449e-01	   4.3760257531265834e-02	   4.4669616538094842e-01	   5.7234294624757620e-01	   4.8754771341112590e-01	   4.6153015413414211e-01	   6.9611506742132090e-01	   3.9581497233877572e-01	   6.4235700937637419e-01	   3.4253414098896778e-01	   1.4409205997308100e-01	   1.4617963800234463e-01	   2.5601130106812570e-01	   4.0016074481510527e-01	   2.2093073837593954e-02	   2.4171479632267182e-01	   2.2584344047136690e-01	   2.3665282169201629e-01	   5.2354755233209538e-01	   4.1708904990009371e-01	   2.6507922708265386e-01	  -1.0556748903285368e-02	
   7.7255244790758182e-01	   4.2693716293096284e-01	   9.5043644722091203e-01	   6.2416667895136846e-01	   1.2454859365813196e+00	   8.2499159397865185e-01	   1.1227854220253339e+00	   5.0576438711594773e-01	   0.0000000000000000e+00	   7.4415615439778182e-01	   5.4451971502229135e-01	   3.4844917645111523e-01	   8.6697252300927952e-01	   6.3956567712951184e-01	   1.1100323217386665e+00	   7.3600550836111100e-01	   3.3695800833527739e-01	   3.4777430346035149e-01	   6.7283079071703056e-01	   5.1675640397104650e-01	   4.5731807483726261e-01	   4.3346496520700162e-01	   5.1794189311607230e-01	   4.1531653638127258e-01	   3.8371111235170008e-01	   4.5491759230830842e-01	   4.5673387915216662e-01	   6.1916382666039727e-01	   5.3413449605296037e-01	   3.7789393599059673e-01	   3.2901860983453407e-01	   2.1137580279596144e-01	   6.5423089696030490e-01	   5.5450792447216324e-01	   4.1561700096355908e-01	   2.1794922580347820e-01	   4.5913292158682251e-01	   3.3086385576168931e-01	   6.4874292618695584e-01	   4.0942502552325272e-01	   4.0063149215570865e-01	   5.7205674677154139e-01	   6.8003658449344895e-01	   6.1383049378560006e-01	   5.0721341158883082e-01	   6.0267942020402843e-01	   6.1725953266441969e-01	   6.7401462431545633e-01	   4.4799468427057193e-01	   4.4228460399788877e-01	   4.4771200679639689e-01	   3.6366832724701598e-01	   2.7537446315234165e-01	   2.1532148474474402e-01	   6.3692729698303474e-01	   8.0255405588850603e-01	   7.3865420689145367e-01	   3.8365553351997345e-01	   6.0973944222763921e-01	   4.5549464711035098e-01	   6.6984778153108160e-01	   2.6605386427667033e-01	   4.5026678402191084e-01	   3.8629840611279948e-01	   5.8765536680726027e-01	   3.4924212611906985e-01	   7.1470721507487167e-01	   5.5209630525527864e-01	   3.5330685717469018e-01	   2.1708661941594129e-01	   4.3512207204175513e-01	   3.5179514664938849e-01	   5.9193581172011611e-01	   4.7195231373538726e-01	   5.4482205811811180e-01	   5.2005655563395514e-01	   4.0363180826093920e-01	   4.7028654283193139e-01	   4.9909106227418237e-01	   5.8458171993397956e-01	   6.0192796238431689e-01	   6.7296811943416479e-01	   7.3333226568424781e-01	   4.4259068126653833e-01	   5.5197313783829327e-01	   6.9484532922713493e-01	   6.8757738543117464e-01	   3.4961716767616280e-01	   6.1412546181900451e-01	   6.2806008447144090e-01	   4.5984547330053016e-01	   6.5912261223214852e-01	   1.9444326126313172e-01	   6.0162295167546931e-01	   4.0065927008306759e-02	   1.9994294420427397e-01	   6.2272368837867753e-01	   5.8991147885812567e-01	   4.7174651455400463e-01	   6.3223549043186755e-01	   4.0007075084119870e-01	   5.1891094515879532e-01	   6.0021834837336674e-01	   4.8323514208411972e-01	   2.0492795671207290e-01	   3.0280623185780442e-01	   1.3190057109571682e-01	   3.0035667534287080e-01	  -6.8342506275072865e-02	   3.0631799914921132e-01	   4.0818560647750046e-01	   4.8353264027699289e-01	   5.1014872283017376e-01	   4.3315805994836304e-01	   4.0426147307509075e-01	   9.8003940689613100e-02	
   6.0276936971273565e-01	   5.1598274285036738e-01	   5.5072706661414927e-01	   5.6244580506597686e-01	   5.6581680815447410e-01	   1.0887433577414671e+00	   6.6390930094581324e-01	   9.6154365318694335e-01	   7.4415615439778182e-01	   0.0000000000000000e+00	   7.0119600233152213e-01	   6.5003774634126898e-01	   6.9046891874199656e-01	   7.2265258942229771e-01	   7.2798964998946492e-01	   9.2888142062027335e-01	   3.1115726568690200e-01	   1.9059905260926280e-01	   3.0975776109120845e-01	   2.6669447834269200e-01	   3.4914859414756000e-01	   3.2725207799399719e-01	   2.6610479256448993e-01	   3.4831099423902784e-01	   1.0542281529104386e-01	   3.9507870430894265e-01	   2.2624096378918523e-01	   5.6600082100283577e-01	   4.4524474572414563e-01	   3.9700130986247406e-01	   1.9175138938028050e-01	   3.5800690437294086e-01	   3.5164326792715977e-01	   4.1624904679820973e-01	   2.4701691977118023e-01	   2.2396338457699194e-01	   2.3625006538739016e-01	   1.7185803866373894e-01	   3.8660936789462896e-01	   2.6624340829760790e-01	   3.0996928543174052e-01	   2.9048010230316401e-01	   4.0254012411048717e-01	   3.7417794009763988e-01	   2.0853205362706204e-01	   4.0375473231967579e-01	   4.0423965426430231e-01	   3.9424615424334142e-01	   1.3344186210816764e-01	   3.0499261292713864e-01	   2.3659412511932859e-01	   3.3550059768860013e-01	   3.6058950060240941e-01	   2.9767237052590834e-01	   5.3994592411411479e-01	   5.6414296202856284e-01	   4.8848193271454571e-01	   3.4473040457437865e-01	   3.4100638235325026e-01	   3.8263556079720762e-01	   5.9382005439050423e-01	   6.9190166771739703e-01	   3.0444830147499941e-01	   3.4624741760515843e-01	   5.9961481677067674e-01	   4.2024896229002989e-01	   2.6723334679176280e-01	   2.5108945671794225e-01	   1.4779152002331430e-01	   1.1185648012805891e-02	   2.4186954489893814e-01	   2.5588908492305806e-01	   4.0218915058847315e-01	   4.6497860451540862e-01	   4.6028238885070988e-01	   5.2288453552332115e-01	   5.0108207755469059e-01	   6.0011776372254511e-01	   5.4078609277411360e-01	   4.4447038564396213e-01	   5.5738769017620848e-01	   3.9392776036147215e-01	   3.7992099503160714e-01	   2.8269741119300473e-01	   5.6197814850035877e-01	   5.5299012872036912e-01	   4.7187302472583387e-01	   1.8894994117762082e-01	   4.3888392057722903e-01	   6.7453522186009585e-01	   3.2033894357964843e-01	   3.3644464563301169e-01	   3.4692695266631790e-01	   2.8975264151243851e-01	  -2.0577931611448438e-01	  -8.1179639347602698e-03	   5.4234863233381292e-01	   6.3156659074843258e-01	   3.0349988594292115e-01	   4.0466796504315061e-01	   5.1431438457400169e-01	   3.0963196872991722e-01	   3.9334749786112938e-01	   3.9414481444870547e-01	   1.4616929216207847e-01	   2.8680293904103221e-01	   1.9120975507795199e-01	   4.5613956688107321e-01	  -1.3787504909251336e-01	   1.8107489883440939e-01	   1.6428006005797741e-01	   1.8635555373871573e-01	   4.7370139553947899e-01	   4.8352920612690914e-01	   4.7076486077119861e-01	   1.2711492680404182e-01	
   9.3541093019065158e-01	   5.6941716722375746e-01	   6.3861494747726910e-01	   4.7703718156771946e-01	   4.5666756892081817e-01	   5.8893895701188503e-01	   8.4244681415552836e-01	   7.2066919923751716e-01	   5.4451971502229135e-01	   7.0119600233152213e-01	   0.0000000000000000e+00	   9.3004988008284906e-01	   1.2126457014404666e+00	   1.0035091266277376e+00	   8.7383019394847683e-01	   8.4846427743884600e-01	   6.5875804042030484e-01	   5.6369429580948549e-01	   4.7608154937365355e-01	   3.5443692725436382e-01	   2.7193244864011612e-01	   2.8181291513508666e-01	   4.6426293441542765e-01	   3.7989202806967198e-01	   2.5582386994513323e-01	   2.9514772471703921e-01	   2.6509676697258022e-01	   3.6056127907168273e-01	   7.0140273150744759e-01	   5.6299859087961091e-01	   3.5257735068992813e-01	   4.0566085310266864e-01	   7.0384836748111146e-01	   6.3553475818595417e-01	   3.4781557260585949e-01	   1.8873754759271041e-01	   3.6874618686078758e-01	   3.1329785614956462e-01	   3.6673223769950236e-01	   2.3983395417257911e-01	   5.0259500124027456e-01	   5.3942178256362250e-01	   4.8686424585859478e-01	   3.9456500282418611e-01	   2.5620815336481745e-01	   3.4176213042378806e-01	   3.7319723294244211e-01	   3.2409817808292601e-01	   2.1757078002055133e-01	   2.4164208805903137e-01	   4.3755402463313209e-01	   2.7029715247865055e-01	   4.9035691991297592e-01	   3.6267228989222416e-01	   4.8138983069087116e-01	   4.1961985540354113e-01	   6.0155673991576453e-01	   4.3192861347281175e-01	   3.2460651603551921e-01	   1.7283757822946022e-01	   7.0108468810162083e-01	   4.2464298908601283e-01	   5.6875699235080135e-01	   5.0762487902237341e-01	   6.8902237345256523e-01	   3.2018656699064979e-01	   3.5752426234064988e-01	   2.5399800582453524e-01	   2.5068528745316343e-01	  -4.1159768483969454e-02	   3.6697159937898882e-01	   3.2352959170635343e-01	   6.7258615829972013e-01	   5.3653802995524269e-01	   6.6197825161466406e-01	   6.3276789314513571e-01	   6.9830247506729570e-01	   6.2553757925205411e-01	   5.3596409933431843e-01	   8.0990860214895199e-01	   7.2993791954742193e-01	   7.2365791251665734e-01	   6.1449882257496757e-01	   4.4008453214027260e-01	   8.0802499747118417e-01	   7.0314787346460517e-01	   5.1283291932530872e-01	   2.0113248874252149e-01	   4.4148548482505245e-01	   5.3468418826913233e-01	   2.9361698827376737e-01	   4.3574442980273964e-01	   3.1328466352371309e-01	   3.3390202120582813e-01	  -3.2955115187509598e-01	  -1.3814956798951794e-01	   4.1067966038041359e-01	   3.5827021694415012e-01	   3.6697427143687450e-01	   4.2487752596299400e-01	   4.0805833379994216e-01	   2.7395661539794353e-01	   4.7034195548370505e-01	   2.8247961040536629e-01	  -5.0704465064111061e-02	   1.4974507972310869e-01	   6.4500496973703830e-02	   4.1866103823554446e-01	   6.0201172082870992e-02	   3.5760566864407817e-01	   2.8947442346854729e-01	   2.2038168508069142e-01	   4.3842913861967103e-01	   2.5685620725967195e-01	   3.7798862384517901e-01	  -1.3075665832897984e-01	
   5.5056441882820861e-01	   5.1724369848568208e-01	   5.5417556570229776e-01	   5.5847207371897367e-01	   3.3011526629628735e-01	   6.3895174726009552e-01	   6.6457669359203475e-01	   9.3762326128812734e-01	   3.4844917645111523e-01	   6.5003774634126898e-01	   9.3004988008284906e-01	   0.0000000000000000e+00	   6.3040467336629535e-01	   1.0262865931836469e+00	   5.6369669778005949e-01	   8.7159658735579848e-01	   4.6667105906350298e-01	   4.2668745468566588e-01	   3.7231255949381631e-01	   3.7928525653723916e-01	   1.6889935964019892e-01	   1.6542281343688645e-01	   2.5919948040235929e-01	   4.1065940820326546e-01	   1.0197794686905096e-01	   2.9151359426140405e-01	   1.1922547733587890e-01	   3.6600558524704496e-01	   7.3744388352701096e-01	   7.2260284950518971e-01	   3.5643412019302390e-01	   5.8118430167785928e-01	   4.5977220536165664e-01	   6.5885957311365329e-01	   4.9629386765048196e-02	   1.6501937727176508e-02	   7.3152804941804997e-02	   1.2031725878501427e-01	   1.1599693391507043e-01	   1.1172387029272984e-01	   4.1638495499046541e-01	   2.7800623608358443e-01	   3.2160011789030990e-01	   2.7255248934693599e-01	   1.3393049834100551e-01	   2.6816910850548858e-01	   3.0491420530368873e-01	   2.7235869117966627e-01	   1.1163524702700554e-01	   2.6516303992285106e-01	   2.3341040420328210e-01	   1.9634161839451464e-01	   3.7474716282624798e-01	   2.6605944693513767e-01	   3.4095053110201096e-01	   3.1499206712855360e-01	   3.4636159809091110e-01	   2.8630722531168212e-01	   9.3298085312119139e-02	   1.1414426946974789e-01	   3.2096684411498577e-01	   5.2749905062879443e-01	   3.5400282395277433e-01	   5.3633733936252037e-01	   5.1653120361684457e-01	   2.9876510866569089e-01	   1.1432849251767770e-01	   1.0600307862996003e-01	   4.9450522044595359e-02	  -9.0887055366407593e-02	   4.2565103801066245e-01	   3.6964038295404150e-01	   5.1557905695802331e-01	   5.8867131586808064e-01	   5.9297088828343636e-01	   6.3918300762569558e-01	   5.3879122647595012e-01	   5.3426531133257393e-01	   5.8959282644080124e-01	   5.6017800551537800e-01	   6.3130736481796079e-01	   4.9011847590033025e-01	   4.9092092908293189e-01	   6.0071239966486822e-01	   5.1988560528860717e-01	   5.8222037924911951e-01	   2.7839176842692526e-01	   2.1370456734622234e-01	   2.0487019913798363e-01	   4.2237953839532116e-01	   2.1882072181088222e-01	   2.0178968555800444e-01	   2.0891564255626913e-01	   1.2895904873616734e-01	  -3.2186350086149490e-01	  -5.3061085673038362e-02	   2.8995726295041691e-01	   2.7511948404808395e-01	   3.0548785434759962e-01	   2.2567772298243174e-01	   1.9721819046136285e-01	   1.4608349584609642e-01	   2.6919890832286442e-01	   1.4896605770792617e-01	  -8.2765086742730740e-02	   6.3404199590366750e-02	   1.6625259487647565e-01	   2.8681927235793070e-01	   1.3195697299411610e-01	   2.5950866571644166e-01	   4.2533162434878945e-02	   7.4818100128934542e-02	   3.6992393255499556e-01	   2.1406997717290824e-01	   3.0723171853704301e-01	  -2.5092169596319797e-02	
   9.2457227778804851e-01	   4.8784786728779816e-01	   7.4040336600890022e-01	   5.1356818695578710e-01	   6.1368077246393593e-01	   5.8614733109055550e-01	   1.1773322549176979e+00	   6.2081592151190879e-01	   8.6697252300927952e-01	   6.9046891874199656e-01	   1.2126457014404666e+00	   6.3040467336629535e-01	   0.0000000000000000e+00	   1.1440514855298956e+00	   1.1694697544103045e+00	   9.7479443239127872e-01	   4.3312802693326180e-01	   4.9212284606101087e-01	   5.1164230593428606e-01	   4.1260883269885984e-01	   3.8209861793544203e-01	   4.4249348490764878e-01	   5.1807252070048093e-01	   3.9615422379109905e-01	   3.8717827199129473e-01	   3.1019230824335686e-01	   4.0388318908112841e-01	   5.2214273598677496e-01	   5.6599900780721935e-01	   3.5619862392027063e-01	   2.2615381984559058e-01	   2.2295316882706334e-01	   7.9363898112756692e-01	   6.2854044454433522e-01	   5.7472558898513149e-01	   3.7940630448044199e-01	   4.8215766422235118e-01	   3.5060551286764929e-01	   6.1781730278232894e-01	   3.4406803520895829e-01	   6.1488305215927019e-01	   5.5353205149942042e-01	   5.5617033347620914e-01	   5.1292068149708003e-01	   3.5332347214414161e-01	   4.9213040631353083e-01	   4.2932891203168755e-01	   4.1887758252704804e-01	   3.1441920856360556e-01	   2.3939527893582854e-01	   5.3651446927848001e-01	   2.6644069399027942e-01	   4.5531189888696905e-01	   2.5958588989199194e-01	   6.0612572576695301e-01	   5.6415012769827466e-01	   6.6368886444694730e-01	   4.4279451283152960e-01	   5.6237976939146583e-01	   3.9575314574430870e-01	   1.0206530109731113e+00	   5.5794281788661348e-01	   5.8846633495559608e-01	   5.0136309481092933e-01	   8.0947526285798843e-01	   5.0969508020641108e-01	   7.2700115145915678e-01	   5.5946128793267835e-01	   3.5997499000421534e-01	   1.3086434174877032e-01	   4.2835061558131948e-01	   2.5100465936099109e-01	   6.8638425615766863e-01	   4.4001847178772713e-01	   6.0988665214224347e-01	   5.4321510875562662e-01	   4.8395921839513134e-01	   4.9123786348249332e-01	   4.7777369627128330e-01	   8.2422636416482098e-01	   6.7075310069234284e-01	   6.9357045465038147e-01	   6.9389058420365068e-01	   4.0812994330433500e-01	   7.4339917916541332e-01	   7.6979964192785499e-01	   6.3962351670518658e-01	   2.5871090159330912e-01	   6.7588650009574636e-01	   7.5979896117278178e-01	   3.8019631262558301e-01	   5.0835950291984355e-01	   3.3936348249167481e-01	   5.3428133584241455e-01	  -2.3570263744591793e-01	  -4.2509017751281554e-02	   5.0612688351206958e-01	   4.6863616864929353e-01	   3.3699803710714488e-01	   4.1945597406361690e-01	   4.5299645696695279e-01	   4.4247722632806624e-01	   5.2467224631870313e-01	   3.7407181368900566e-01	   1.8874714605748150e-02	   1.9275519832989074e-01	   4.0584847481854307e-02	   4.8591979730880897e-01	   6.0137858261681006e-02	   3.2412263587108020e-01	   4.4174826666944561e-01	   2.9367046526117507e-01	   4.4083927278672158e-01	   2.8901964793551638e-01	   3.9188948817522035e-01	  -1.4775346697835706e-01	
