   0.0000000000000000e+00	   3.6291866791448579e-01	   3.6294242792010947e-02	   3.5008293162010046e-03	   1.4366703240867815e-02	   1.3295879689193213e-01	   2.4844343790744284e-02	   3.4807580435013592e-02	   8.8428692192810132e-02	   1.2028703922620027e-01	   3.9407871966312658e-01	   2.9342113935512948e-01	   2.1395546687139674e-01	   1.8050771009601818e-01	   1.8604821271166022e-01	  -1.8160559380137938e-02	   4.5136416261945628e-01	   3.4438268478235118e-01	   7.0571316568652531e-01	   4.4399353339496989e-01	   7.5177912766054261e-02	   2.6094249481597619e-02	  -3.7204656695931919e-02	  -1.0945174810216239e-01	  -1.1083960442663560e-01	  -1.1512374438841946e-01	   2.9794092663305800e-02	   2.9077743546543324e-02	   1.7524226102372281e-01	   1.0055899921906619e-01	  -9.1059288559611040e-02	  -4.4256054306330707e-02	   3.4048609966279786e-01	   1.6323202333103629e-01	   1.1800877342556845e-01	   5.6935399462046163e-02	   1.7653677516566851e-01	   1.1642854677230104e-01	   1.4015753175075923e-01	   7.1970467184592907e-02	   1.1715620457281500e-01	   1.7962338678726011e-02	   1.6672270966614078e-01	   7.6665560765846019e-02	  -1.6939167567611959e-02	   7.6402244090802776e-03	   4.0600268672856668e-02	   2.6894350917373955e-02	  -2.4847249748879609e-02	   4.1338109955248753e-02	   7.8853558029208737e-02	   1.1792412078089383e-02	   3.3896073834582208e-01	   3.3916190221518921e-01	   1.6260982697566981e-01	   2.8299629527989456e-01	   8.9441308612734982e-01	   4.7689651757983065e-01	   2.8285588070734535e-01	   7.7525821419041463e-02	   4.2194990938243954e-01	  -2.9744297228466023e-02	   4.2313833487897529e-01	   5.5133720599566359e-02	   1.1277202822143203e-02	  -8.5118627599915953e-02	  -4.3313504711455363e-02	  -2.6167178836822649e-02	   3.6828479153356053e-01	   1.0295990470884317e-01	   3.1959017765221459e-01	   3.0886964008340678e-01	   3.3033316548619496e-01	   2.5234154948365206e-01	   4.7961726712545927e-01	   1.6419063143860599e-01	   5.0100405085228450e-01	   2.4147192225940500e-01	   1.9300497418345960e-01	   1.8215325163004714e-01	   2.4480435896710673e-01	   1.9532297789322617e-01	   1.3983982701381628e-01	   1.6859682136549942e-01	   3.2030647661746368e-02	  -3.5058130902479917e-02	  -5.1886095749834646e-02	  -2.9335651266490076e-03	   1.3036746534553573e-01	   1.0667391023707409e-01	   2.0246706761730296e-01	   1.6840955904008847e-01	  -1.3683548839646648e-02	   8.2609850458679746e-02	  -6.7371695007275717e-02	  -7.1282623925176120e-02	   1.1504485962021835e-01	   4.2070319809778434e-01	   1.9771250646299615e-01	   4.9686853748586124e-01	  -6.3919469741142682e-02	   2.1653222490046149e-02	  -3.3288931265309132e-03	   2.5381734729053529e-01	   1.6602017543598996e-01	   2.4611786188950030e-01	   8.7688942501051165e-02	   4.9673012037406838e-01	  -1.5233277578156645e-01	   4.5046002257948262e-02	   1.2210168074733259e-01	   1.3010186601986695e-01	   1.4768719905376498e-01	   9.3183562866917452e-02	   1.9845270361083800e-01	  -3.6739565255251419e-02	
   3.6291866791448579e-01	   0.0000000000000000e+00	   2.9899957920702497e-01	   2.9645999774786341e-01	   9.5547233931754016e-02	   1.5760599447900470e-01	   2.4556676027426239e-01	   2.2523123144430737e-01	   1.8351580125624425e-01	   2.7862854543908783e-01	   2.7068781810226061e-01	   5.3524476180584890e-01	   2.6897839029957027e-01	   3.1457594724514293e-01	   3.3479758732067499e-01	   3.0049365087113167e-01	   5.3587186248740759e-01	   6.2757509263364841e-01	   5.3417433888972865e-01	   5.2199725898969618e-01	   9.7431375807498985e-02	   1.9148407698725659e-01	   2.8716233279744335e-01	   1.6262327586569703e-01	   1.1318309463449741e-01	  -2.7428971204783964e-02	   9.3605710036207046e-02	   9.6501791347963009e-02	   3.6694694092711538e-01	   4.1248506177830385e-01	   1.7745603370570831e-01	   1.3693593724190575e-01	   2.6375212811302817e-01	   2.5961131819244332e-01	   9.3850782661572762e-02	  -7.6234345724756541e-02	   2.6854642780091698e-01	   1.8114937998380704e-01	   1.9589874073524985e-01	   1.9879496563989466e-01	   3.4271225365419467e-01	   4.5902887776028678e-01	   1.7115531799438682e-01	   1.2909157413430977e-01	   1.5109768264433163e-01	   2.1679084310275687e-01	   1.7970549205317607e-01	   1.0646750207380025e-01	   3.7437043996842984e-01	   3.4225667804336185e-01	   3.5515227326681820e-01	   4.1475107748533852e-01	   1.6206860459457570e-01	   1.1899640536979439e-01	   3.9636863155394092e-01	   4.5886019729649935e-01	   4.7715620567800643e-01	   7.8048766761827282e-01	   1.5604711880512406e-01	   2.6775707562891088e-01	   2.3278319288628416e-01	   1.7832979521620926e-01	   6.0206291821930480e-01	   4.4141264465664176e-01	   1.4166440788318768e-01	   2.5939694187660203e-02	  -1.4077193315120906e-01	  -1.4870021923933477e-01	   2.4385923228606937e-01	   1.1628726401377093e-01	   2.7481597862397372e-01	   2.7839348790136070e-01	   4.7971735769365570e-01	   5.1476413679087552e-01	   4.2640042983128562e-01	   5.3386921572383483e-01	   2.5508107652426654e-01	   1.7101535318445860e-01	   6.0823685565991781e-01	   5.8285841093963764e-01	   6.3474253344483778e-01	   6.4615410212072755e-01	   2.4982597061687872e-01	   2.2644122876787809e-01	   4.1053113434910182e-01	   2.3379884136900569e-01	   2.5664863744366379e-01	   2.1047992119158132e-01	   3.3026894666094203e-01	   3.3659801897971731e-01	  -7.7156587074807242e-02	   4.3922716288834360e-02	  -1.2198194213127714e-01	  -8.9472727861936007e-03	  -1.3724873138121921e-01	   1.3493545033859697e-01	   1.4854153137360354e-01	   3.3241144617722684e-01	   3.2080547083700905e-01	   2.5018252300296129e-01	   1.5658382761718648e-01	  -8.6280010080923869e-02	   1.8836246639484264e-01	  -5.2983244663665351e-02	  -1.7062412188785564e-01	   7.1876272963671325e-03	   1.9862158337469046e-01	   2.6641809799186666e-01	   1.4092604259292524e-01	   1.0658971434318548e-01	   1.4752991394942708e-01	   2.5415354890584890e-01	  -4.3403645472325954e-02	   1.8855079529037827e-01	   3.7885051769827011e-02	   1.4564114322375377e-01	
   3.6294242792010947e-02	   2.9899957920702497e-01	   0.0000000000000000e+00	   1.1794718907502824e+00	   9.1457764449731049e-01	   6.1781620190218045e-01	   1.3206473979177147e+00	   8.7527784804744546e-01	   7.5588061397743633e-01	   7.5872077586601538e-01	   3.0890810836512628e-01	   2.3577290263651249e-01	   4.5293293011533153e-01	   3.3328135740117243e-01	   7.9461045096185945e-01	   8.0059462582081631e-01	  -2.3977395359657394e-01	  -2.4965150005836392e-01	   2.1798087700071994e-01	   3.1874654530575902e-01	   5.1801185577628894e-01	   4.2087106730496349e-01	   1.1284928918505623e+00	   1.1541668723430503e+00	   6.4877318983781573e-01	   6.4841589914079734e-01	   4.1598303996065589e-01	   3.0978028468686508e-01	   1.8103841853844316e-01	   7.9527400843106472e-02	   7.1446884794447263e-01	   7.6183276678191403e-01	   4.7159651867594576e-01	   5.4453833356277381e-01	   4.0901777752167456e-01	   3.4184303341924172e-01	   3.2200173326187626e-01	   4.2201949376761583e-01	   4.8716396957347818e-01	   4.3460669744104191e-01	   3.3247242101208208e-01	   3.3758859990343870e-01	   3.8472697809351386e-01	   2.7801741088045290e-01	   2.0409394196526082e-01	   2.4747846718093097e-01	   2.5568326263677527e-01	   3.8807868270224322e-01	   2.5932138746253297e-01	   4.6263639724384864e-01	   6.7155829953059631e-01	   6.9285360375784155e-01	   3.9445102521075170e-01	   4.0941630148480129e-01	   6.6485192139895932e-01	   6.2014357142705256e-01	  -5.3867937786645274e-02	   1.2124199661555853e-01	   5.6452880550847163e-02	   3.2422374646453572e-01	   1.6916855998402008e-01	   3.4213547621708185e-01	  -1.5255124915374195e-02	   6.1242762182179701e-02	   6.0592588260709690e-01	   5.5526624396549495e-01	   5.6054417062546968e-01	   4.5719932534615104e-01	   5.8688005288564771e-01	   6.3405769946704238e-01	   3.6291333493915529e-01	   2.9902399246729044e-01	   1.4255550164185263e-01	   8.8429611393956567e-02	   6.0026391992707324e-02	   4.7569517839372674e-02	  -2.5354593801646808e-01	  -1.8643125626497001e-01	   8.5523060514557381e-02	  -2.1328004919740902e-03	   6.2844170293566926e-02	   1.6154577892086638e-01	   5.0155166344413615e-01	   6.2295257487275824e-01	   7.7584835740736935e-01	   6.4252891286826785e-01	   5.5772529510176072e-01	   5.2484012508490330e-01	   8.8495774312149100e-01	   8.5491157460690859e-01	   1.9741136866948006e-01	   4.8902889464614885e-01	   2.0127950062026811e-01	   3.2591200110118884e-01	   1.4673936151621755e-01	   1.7282365679779060e-01	   2.4879478137537120e-01	   1.4674361634468727e-01	   1.5857718274870769e-01	   3.4833044099633054e-01	   9.7868273049606685e-02	   1.5518047198066998e-01	   9.7182602921900230e-02	   5.7402304618576951e-03	  -9.4127811459002980e-02	   1.4478749795506368e-01	  -1.0466579675955992e-01	   3.3947108131351278e-01	   1.9586857183137638e-01	   1.4013461431057308e-02	   8.0732457794375934e-02	   1.3957673461268616e-01	  -1.5014880402748920e-01	   3.1186288238043075e-01	   3.0179884442281601e-01	   6.2829470323106387e-02	
   3.5008293162010046e-03	   2.9645999774786341e-01	   1.1794718907502824e+00	   0.0000000000000000e+00	   6.2927246738392062e-01	   6.9392995421745740e-01	   1.0136913164666206e+00	   1.2061636676590837e+00	   6.6497383451954262e-01	   9.2637147342457637e-01	   3.9279312024565782e-01	   4.2525137184433875e-01	   4.6370087384312841e-01	   5.5046524756620152e-01	   6.5623168903775053e-01	   8.7748661117991533e-01	  -2.0359268680109435e-01	  -3.5800013192077440e-01	   3.7271415386595598e-02	   1.5241703190582850e-01	   4.5659389578715859e-01	   4.8738119084620718e-01	   8.1560281313482785e-01	   1.1658243520929730e+00	   5.3625908913426923e-01	   6.1215688772295884e-01	   3.2423318810810525e-01	   3.7026364087071767e-01	   1.9587860515052311e-01	   6.1912354036950855e-02	   4.9693778090153229e-01	   7.4377375980452842e-01	   4.0450796170012981e-01	   5.9848643429312109e-01	   3.2486886581500701e-01	   3.3612768346641653e-01	   1.8505115491493526e-01	   3.2827530510080066e-01	   4.1659371491141151e-01	   2.3320908463517936e-01	   1.4000484991385848e-01	   2.0442027869583740e-01	   2.7159434991291026e-01	   1.5990007432231659e-01	   1.2186320713695686e-01	   1.7508814027448832e-01	   1.8307015122162482e-01	   3.1035282070010617e-01	   1.4127698129338814e-01	   3.0194111762289882e-01	   5.7975328081626054e-01	   6.1117898642192581e-01	   3.3196822236826085e-01	   3.3590871334612454e-01	   6.4667849371640929e-01	   5.4369023994515098e-01	  -1.1360539891096856e-01	   9.3390288320800471e-02	   1.2730414844702226e-01	   5.2352797535738804e-01	   3.0311422896044066e-01	   5.9661226612286400e-01	   2.1621507942476779e-02	   4.7228931963997821e-02	   6.5559495255959255e-01	   8.2739358033165422e-01	   5.9020834848887471e-01	   5.8328049258922565e-01	   3.4619396425193061e-01	   4.2415408867835336e-01	   1.4943269033019563e-01	   1.8853492993999899e-01	   1.9008326869556832e-02	  -3.1073502047916389e-02	  -4.5493604177887399e-03	  -2.5505614171261928e-02	  -2.3713386063273142e-01	  -1.6874619796047136e-01	   1.0645215026197014e-01	  -1.8036847451681777e-02	   8.3275765805208068e-02	   1.4121863483287342e-01	   4.6799961672095519e-01	   4.8120382003695378e-01	   8.7286406764728008e-01	   8.4832209837766737e-01	   6.4307810896578288e-01	   6.4373601095805300e-01	   1.0846547569423457e+00	   1.0632300737703713e+00	   1.7108271869401631e-01	   3.7880277762729508e-01	   2.5931535733720612e-01	   1.7250476717561414e-01	   1.9751380318609450e-02	   8.5274934011393827e-02	   1.7275726057386645e-01	   5.6428961803355486e-02	   7.1725323439656347e-02	   2.6057076871400248e-01	   9.3562064472154330e-02	   6.8288453784955461e-02	   1.5449060177116966e-01	  -4.2375352739821320e-02	  -1.1226803789434933e-01	  -1.5844184638606144e-02	  -2.0777363099431356e-01	   2.8503719356545221e-01	   1.4597291767235646e-01	   1.1969798728574196e-01	   1.2436538785806593e-01	  -4.2477169234866288e-02	  -2.5014830875409710e-01	   2.2645078869681118e-01	   2.4130491535875956e-01	   8.3292797673286165e-02	
   1.4366703240867815e-02	   9.5547233931754016e-02	   9.1457764449731049e-01	   6.2927246738392062e-01	   0.0000000000000000e+00	   7.4977964812101250e-01	   8.8551088729074945e-01	   5.9347893778067096e-01	   9.2995165941609126e-01	   7.0279153325423893e-01	   4.8914729462135029e-02	   2.8062521506840622e-02	   2.5440275429402348e-01	   9.6614751380407066e-02	   7.4917929301577468e-01	   5.8332139615637901e-01	  -2.9963114753118053e-01	  -2.4597468061423830e-01	   2.0309095509852659e-01	   3.6701850773745393e-01	   3.8508711155166392e-01	   3.9304146531949652e-01	   7.9648891010020095e-01	   7.1801758682459815e-01	   6.4807387595869026e-01	   7.7346208652020343e-01	   8.0713862238116663e-01	   6.0635769167564524e-01	   1.5527914256164232e-01	  -4.3075056249440219e-02	   6.1938818717914712e-01	   5.2603277494707190e-01	   4.2124015471756632e-01	   4.1124673206019402e-01	   4.4487334039535276e-01	   4.5416182589184645e-01	   2.5910570037946923e-01	   3.7557095356781706e-01	   2.8650028494743623e-01	   4.0275289616179255e-01	   2.8163920824283117e-01	   2.4226635881022346e-01	   5.4720041522578811e-01	   5.9334897527953234e-01	   5.4872665093904716e-01	   6.0674315056322770e-01	   4.8327427398483835e-01	   6.2139795656242580e-01	   4.5953556154356046e-01	   5.8607404216510484e-01	   5.3167489452284344e-01	   5.0814485818111388e-01	   2.7920799440224459e-01	   4.9140233562613189e-01	   4.0586136454892618e-01	   4.7512782032896084e-01	  -1.0257882049388180e-01	  -1.4238425964910109e-03	   2.7152325752760074e-02	   1.7598038892960913e-01	   3.8966857595666426e-02	   1.7351041680801796e-01	  -1.2524350852828631e-01	  -9.7765159240075353e-02	   5.5465278414493724e-01	   3.7836846874047692e-01	   5.2976638316302149e-01	   4.3033166335139794e-01	   3.9693944371032319e-01	   6.3814212326600828e-01	   4.1767130218397708e-01	   2.2407893277447605e-01	   5.6474973743498608e-02	  -4.6098229874954455e-04	   4.5462824879954775e-02	  -1.1171005944174736e-01	  -7.0617396784298694e-02	  -1.6537081297149883e-02	  -2.0042989854458411e-02	  -4.1018553243766263e-02	  -5.2310315057024201e-02	   9.9289840515031560e-03	   5.4637449000842431e-01	   4.9082119091182486e-01	   4.6180245958082616e-01	   3.5756754594768436e-01	   5.1088174916848439e-01	   3.5712769938078892e-01	   3.7248054977625406e-01	   3.5724853115356275e-01	   4.2711725181117199e-01	   6.8385542662729470e-01	   4.2022066649961498e-01	   5.1890163016526425e-01	   1.6968587180366285e-01	   1.5359973916141301e-01	   3.7732583207019138e-01	   1.5231144977141292e-01	   3.3193268571309953e-01	   4.0816706563226546e-01	   1.2732936294912164e-01	   2.8867356582440840e-01	   1.4361571812038629e-01	   1.8845801126886827e-01	   9.0864310658711020e-02	   3.2542511473354396e-01	  -5.5447630134736955e-02	   1.1782262921973863e-01	   7.9145650643075406e-04	  -5.1373030695809369e-02	   1.1664412494635097e-01	   5.5332555374816836e-02	   1.9768538633638491e-02	   1.4397127715921559e-01	   3.0197772394390937e-01	  -1.7004015697610336e-01	
   1.3295879689193213e-01	   1.5760599447900470e-01	   6.1781620190218045e-01	   6.9392995421745740e-01	   7.4977964812101250e-01	   0.0000000000000000e+00	   7.2261787078822526e-01	   8.8135880392558930e-01	   1.0323105970357775e+00	   1.1174576699171637e+00	   5.5379151622898681e-01	   5.2540302435633635e-01	   7.1553278691801714e-01	   6.5434962335490654e-01	   6.1866589476158529e-01	   6.5064978685569241e-01	  -3.1966537295789042e-02	  -1.7080193473761812e-01	   1.2742634714183235e-01	   2.3038454626958563e-01	   9.6293168471491469e-02	   3.8094290126286745e-01	   3.3245498313986316e-01	   4.2878532979564682e-01	   1.0698426562649151e-01	   3.0154893273545635e-01	   2.6986647406722908e-01	   8.5188633306412076e-01	   2.8618971733377802e-01	   9.3675173949565149e-02	   2.1687185676465878e-01	   4.9071340596975155e-01	   4.6160428574481482e-01	   6.5111502589239556e-01	   2.0553799860122701e-01	   2.6685516342843285e-01	   4.7412044122777171e-02	   2.2270107655836979e-01	   1.8585486112701086e-01	   4.1857922952813327e-02	   1.3951707393541454e-01	   1.4095040390571167e-01	   4.2320767878030185e-01	   3.1309961663692093e-01	   2.0172275318538543e-01	   3.1278902031453298e-01	   3.4115746579277562e-01	   3.2434398217078630e-01	   1.3640006041118274e-01	   2.3521835526686144e-01	   3.7243012858086583e-01	   3.6024457918401426e-01	   3.0776578780779401e-01	   3.6065173954160612e-01	   3.3864667147864341e-01	   2.8610963282630875e-01	  -3.3413281392936402e-02	   2.1442965238624206e-01	   1.5350740356930478e-01	   4.0728818769748132e-01	   6.0751953757037458e-01	   7.9500638261601708e-01	   1.7452881697296280e-01	   1.7960081653066984e-01	   5.7254972885305200e-01	   5.0715865311967012e-01	   2.6890935576083991e-01	   3.1440026148122935e-01	   1.7002059095517161e-01	   3.2406351900832736e-01	   7.5544714537952529e-02	   1.7666834513557986e-01	   7.8941443975882319e-02	  -2.2800641306509790e-02	   1.8761507728310475e-01	   9.1531788181675854e-03	   3.0408460117143543e-02	   1.3444404691454737e-01	   1.2041292957665654e-01	   3.6230987490795299e-02	  -1.4890691425130996e-03	  -4.9008372621703926e-02	   3.4674603770612683e-01	   1.6452307539182170e-01	   2.8979141814677845e-01	   3.8576508720748648e-01	   2.8958946862301371e-01	   1.9353067760261503e-01	   5.7525954170229354e-01	   5.5586015773729602e-01	   2.7700884796896025e-01	   3.7319147555154503e-01	   3.1269342747887935e-01	   1.8173707130331190e-01	  -1.0423259974285004e-01	  -5.3817761266297441e-02	   1.0443841426740207e-01	   2.6265162882034988e-02	   1.6412447513596737e-01	   3.3444292404189896e-01	  -1.4818858080900862e-01	   4.8321430726305035e-02	   2.3841887016933749e-02	   8.3644040009724349e-02	  -6.7011295992521439e-02	   1.0803189594515364e-01	  -1.8484599017677084e-01	   1.3382645390630157e-01	   3.1037773289752345e-02	   7.8179306211946159e-02	   4.6288805330694661e-02	   7.7383810725149424e-02	   1.5131123854362310e-02	   1.9661220129795692e-01	   1.7582875238832643e-01	  -3.8136527877579360e-02	
   2.4844343790744284e-02	   2.4556676027426239e-01	   1.3206473979177147e+00	   1.0136913164666206e+00	   8.8551088729074945e-01	   7.2261787078822526e-01	   0.0000000000000000e+00	   1.1676602318779199e+00	   9.8069197995468993e-01	   1.1008998877783638e+00	   5.0528331542577598e-01	   3.8171118152237715e-01	   6.6705870332469064e-01	   4.7913335552586334e-01	   1.1046663721185090e+00	   9.8880752377800551e-01	  -2.2100198272217242e-01	  -3.1950674064042694e-01	   1.4248229641781490e-01	   2.1762571819647969e-01	   2.5855114394809797e-01	   4.0031015897102301e-01	   9.0448582320529058e-01	   9.6206915995731435e-01	   4.2841297654464294e-01	   5.2408979212903661e-01	   3.2390604298844733e-01	   3.2531444849192837e-01	   3.1386276660290752e-01	   1.1561635144511341e-01	   5.3618568901361396e-01	   6.4253477961438565e-01	   5.6806047862081821e-01	   6.2257524209387560e-01	   4.2182180077149656e-01	   4.0484136734385529e-01	   1.5384488151072373e-01	   3.8366761049084824e-01	   3.9809304439885773e-01	   3.3017512170712549e-01	   3.7157178568253652e-01	   3.1615906677548872e-01	   2.8849888828315473e-01	   2.5348735651149312e-01	   3.0169604705509523e-01	   3.7024211800089091e-01	   1.6533115121001676e-01	   3.5027204070168555e-01	   2.4253751061996803e-01	   4.3678808429642563e-01	   6.4865597302089772e-01	   6.7899570453177693e-01	   3.1645737614428537e-01	   3.4935589764988695e-01	   5.4982875219760619e-01	   5.4229166777555282e-01	  -1.8436492013909361e-01	   3.5992114793098384e-02	   4.6902392228673928e-02	   2.8560945046705982e-01	   3.5368415517508028e-01	   6.4173837432146896e-01	   1.7535622714942415e-02	   1.1180177002246379e-01	   9.0927052449854928e-01	   7.0243264420548435e-01	   6.2226798198087752e-01	   5.2293800032943283e-01	   4.5430614184511381e-01	   4.9975565433644847e-01	   2.1197876961644782e-01	   1.8360426024097712e-01	   1.1790284276407131e-01	   5.4682928215943602e-02	   7.6739491833297396e-02	   6.8555807774425812e-02	  -1.8887504232129326e-01	  -1.6060839433535254e-01	   7.0633655921907124e-02	   5.4132999245416072e-03	   6.3330418397189864e-02	   1.3456473830648147e-01	   7.7583710480679147e-01	   5.9021530330118532e-01	   9.4976011729517684e-01	   8.8453122806549433e-01	   6.9907409738647186e-01	   5.4473790340824868e-01	   8.7392216523997768e-01	   9.6437793330588217e-01	   3.9951929451506989e-02	   3.3779842453999936e-01	   1.1000370224016298e-01	   2.1721126589658932e-01	   8.6638863251897319e-02	   1.6868465548709868e-01	   1.7406332225052590e-01	   1.2930931919924699e-01	   2.7206174945219368e-02	   1.8372590718072040e-01	   2.5310102335983670e-03	   1.7223187619207558e-01	   1.3187448065403519e-02	  -1.7960029290567461e-02	  -1.8596630141826603e-01	   5.5408241998141886e-02	  -3.5411892915810339e-01	   2.8778394256057738e-01	   1.7717804790712155e-01	   1.3745042520591294e-01	  -2.0605827970807265e-03	  -5.3296436995207523e-02	  -2.2851622801064597e-01	   1.0558848436987293e-01	   2.2932710105192949e-01	   3.1951415666120670e-03	
   3.4807580435013592e-02	   2.2523123144430737e-01	   8.7527784804744546e-01	   1.2061636676590837e+00	   5.9347893778067096e-01	   8.8135880392558930e-01	   1.1676602318779199e+00	   0.0000000000000000e+00	   8.0690964312171454e-01	   1.1623022218880155e+00	   7.4458364798608256e-01	   7.4894152948700965e-01	   9.0601963281762055e-01	   8.5356495255396880e-01	   8.3458777045611443e-01	   1.1487972701881082e+00	  -6.6508698608153477e-02	  -2.7261957045455487e-01	   9.2136510449000869e-02	   1.9126444397961295e-01	   1.9410320554294730e-01	   3.7129015509561564e-01	   5.4143983800537843e-01	   7.6189890195634369e-01	   1.9697202665623009e-01	   4.3373650000863606e-01	   1.4104867611107136e-01	   4.0069373786974505e-01	   4.9833464409343403e-01	   3.0863173750589290e-01	   4.0586356514397737e-01	   6.6033617348598550e-01	   6.4817265927190082e-01	   8.8052337326947350e-01	   1.2834744354139918e-01	   2.0422376207054196e-01	   8.7635351156518243e-02	   2.5174582712845539e-01	   3.1388704883562840e-01	   1.5979274335054919e-01	   2.8625628826375438e-01	   2.5042881519384369e-01	   1.5319802021554968e-01	   9.2701649973509395e-02	   1.1926142843192039e-01	   1.6127394247738214e-01	   1.1416796344323597e-01	   2.1356227367955333e-01	   6.4877999308876055e-02	   1.4295072607456841e-01	   4.1720254574035165e-01	   5.5374662874475744e-01	   2.2443863989991855e-01	   1.7933249282330888e-01	   5.1660866961424468e-01	   3.6499705295458329e-01	  -1.0268614101842465e-01	   1.2358361467237752e-01	   1.7933712070753310e-01	   5.2896036605305230e-01	   6.6867955424957193e-01	   1.0388654504273072e+00	   2.1491145270910533e-01	   3.4930265879125655e-01	   6.0427171666857882e-01	   8.1984716832235915e-01	   6.4484496320307771e-01	   6.4026761143247568e-01	   2.7958545872084239e-01	   3.4415019396718027e-01	   1.3514234211974072e-01	   2.8039470179227399e-01	   2.1455121046200659e-01	   1.5016401844665822e-01	   2.1478878032165830e-01	   1.7467413081505498e-01	  -8.2365060871222695e-02	   4.1412726065033635e-02	   2.1592947039889318e-01	   1.0630052344430911e-01	   1.7785931375689273e-01	   2.7198410668852829e-01	   6.2148374324032796e-01	   4.9278105572890540e-01	   8.5270992971102544e-01	   1.0465781726522532e+00	   5.3248850653404145e-01	   4.1266118360018977e-01	   1.0112366494208083e+00	   1.0443828077092785e+00	   6.0456831455344098e-02	   2.2738763912436799e-01	   1.5689094762046613e-01	   2.3704086898114797e-02	  -3.7468500915188621e-04	   1.0013550134999717e-01	   1.2520178570506851e-01	   2.0879101664449878e-02	   1.8823859903930273e-02	   1.9342164362354597e-01	   9.7522240834038862e-02	   1.0094458255510172e-01	   1.2208644562163334e-01	   1.9676642515657837e-02	  -1.3618203351358418e-01	  -3.0452722009610190e-03	  -3.7605002396051446e-01	   2.3592176413246124e-01	   2.3935106276269055e-01	   2.7510625562585839e-01	   1.5271684658256967e-02	  -7.4598933640914550e-02	  -1.7569367331485436e-01	   2.2219922064577385e-01	   2.0547098649525092e-01	   5.0055333154275121e-02	
   8.8428692192810132e-02	   1.8351580125624425e-01	   7.5588061397743633e-01	   6.6497383451954262e-01	   9.2995165941609126e-01	   1.0323105970357775e+00	   9.8069197995468993e-01	   8.0690964312171454e-01	   0.0000000000000000e+00	   1.1492099450490956e+00	   4.2715663458663877e-01	   3.6200661106015941e-01	   5.8351104675955645e-01	   5.0598879368318750e-01	   1.0318456172236221e+00	   6.9758273440176255e-01	  -1.9355936056366033e-01	  -1.8338296366949822e-01	   1.3751527483662412e-01	   2.2137677946658926e-01	   1.5316446500299624e-01	   2.7820253305593073e-01	   5.6693161134418901e-01	   5.9555257966911812e-01	   2.4642005372765807e-01	   4.4314247424680842e-01	   4.3058483262054342e-01	   7.2540395768148180e-01	   2.3494748160211326e-01	   6.1702406307303129e-02	   2.8737466358741576e-01	   3.5642960604508583e-01	   3.6815779610525307e-01	   3.9118486871818570e-01	   2.6472262620385556e-01	   2.3048901374251199e-01	   9.5105618685137172e-02	   1.6739829417158059e-01	   2.3672814952857915e-01	   1.6491827828987846e-01	   2.1673952375596639e-01	   7.8655554489644203e-02	   6.5493340714673309e-01	   6.0892949751138292e-01	   3.6266578571617558e-01	   4.8088391665605751e-01	   4.5810319420594775e-01	   5.4733963972760180e-01	   4.3286833611891667e-01	   4.8571948916144936e-01	   6.0818680683179394e-01	   5.4274693266984853e-01	   2.8941267714113184e-01	   3.9292023302305157e-01	   3.5517106250776687e-01	   4.3432014712231226e-01	  -7.7978280579074188e-02	   5.2426576986634076e-02	   1.8400920083442046e-01	   2.9699223392778284e-01	   4.1470158412155839e-01	   6.5820893632474620e-01	   1.4435888222348514e-02	   1.2354409765275258e-02	   9.5741782796140140e-01	   5.8705499907789571e-01	   3.8306087270238198e-01	   3.1848121533493051e-01	   2.9738884840327423e-01	   4.7830453239262338e-01	   2.2040117273973001e-01	   1.4305825899176475e-01	  -2.8036297579566397e-02	  -8.8539047176297361e-02	   6.0877726248812616e-02	  -6.9709109072074393e-02	   4.7197969200157716e-02	   4.8106241803417812e-02	   5.0869039561255956e-02	   9.4037387860446714e-02	  -5.9364966732470020e-02	  -5.2118801973872073e-02	   6.2110316770949137e-01	   3.2063299521034178e-01	   4.5379580189273527e-01	   4.1688542472155427e-01	   3.7357716663627066e-01	   1.7129015344234119e-01	   5.2982117086944724e-01	   5.3658102774985506e-01	   2.5400435470350824e-01	   4.1890168069818678e-01	   2.2265106527764614e-01	   2.9906173678479253e-01	  -4.3873445137263191e-02	   4.1409114255754685e-02	   2.3048551633652670e-01	   1.5902041948369508e-01	   2.3134884720108484e-01	   3.7554079249647132e-01	  -1.9402188852680796e-01	   3.8341173761557441e-02	  -4.5126218436566459e-02	  -4.4702719906208555e-02	  -2.1893133448723223e-01	   1.5938234106366708e-01	  -2.5749264272012279e-01	   9.1484802246764557e-02	  -8.8382160854553041e-02	   4.1586530103491347e-03	   8.5088289153634686e-02	   9.5195489611696313e-02	   1.4541374915628894e-01	   1.4226740015509429e-01	   1.0122931103796742e-01	  -2.4420487408453009e-01	
   1.2028703922620027e-01	   2.7862854543908783e-01	   7.5872077586601538e-01	   9.2637147342457637e-01	   7.0279153325423893e-01	   1.1174576699171637e+00	   1.1008998877783638e+00	   1.1623022218880155e+00	   1.1492099450490956e+00	   0.0000000000000000e+00	   6.6548505497845500e-01	   6.2729764674885513e-01	   7.8181799879942382e-01	   7.6644528768350495e-01	   1.0373130281429399e+00	   1.0759756923183235e+00	  -4.3541406405951985e-02	  -2.3536998911521337e-01	   1.9197409470806556e-02	   1.3365074791196210e-01	   1.5195495483337540e-01	   4.4478494020036685e-01	   5.8185438893599040e-01	   7.4744775636159133e-01	   1.9128434296852773e-01	   3.2357272129275977e-01	   3.3810771527117794e-01	   5.8142824891854350e-01	   3.1181688984572353e-01	   1.3240862717021049e-01	   1.8426420645915709e-01	   3.9119723087341890e-01	   4.2757816647398267e-01	   5.7983566773844220e-01	   2.7390040988028863e-01	   2.4266706575884106e-01	   1.2908047381712931e-01	   2.9749320557488634e-01	   2.8842908382656335e-01	   1.5786971775463304e-01	   2.2757838756519164e-01	   2.4264546425444156e-01	   3.7571068479674724e-01	   3.0328577121073419e-01	   1.7628964275096853e-01	   3.0592695982598184e-01	   2.4599345648004262e-01	   3.7868012031303239e-01	   2.3876405410160934e-01	   3.2791047701017501e-01	   5.9848153587113151e-01	   4.9938042691598589e-01	   2.7199806417962397e-01	   4.1146094728282268e-01	   4.3145461620871489e-01	   4.0672576052284831e-01	  -4.8413178007416499e-02	   1.6011099394117989e-01	   4.7961077439188080e-02	   3.1903108260546548e-01	   5.5372652665742506e-01	   9.4987882293763959e-01	   1.1835780043734258e-01	   1.3385400334980624e-01	   9.9089912073736452e-01	   8.0416809299531000e-01	   3.5491589134566703e-01	   3.5299847422364788e-01	   3.0733710409404852e-01	   3.9338305332796653e-01	   2.4915168549996754e-02	   7.8527344744564562e-02	   2.3591322273410532e-02	  -2.6072185177170453e-02	   1.1696338220182564e-01	   3.4809497165864014e-03	  -7.8412502609461546e-02	  -2.8443747608610168e-02	   2.0156103916742227e-01	   8.9312209644600724e-02	   1.0264182859917290e-01	   9.6018556859220699e-02	   7.2954657208625373e-01	   3.3281363811331033e-01	   7.4892454549696963e-01	   7.5298268144262115e-01	   5.9150889156929687e-01	   4.5514918071235588e-01	   7.9893909508193128e-01	   8.9632186062546393e-01	   1.6495898504140641e-01	   3.4294646672106421e-01	   2.5174109010878459e-01	   2.1341237045554476e-01	   2.1524879419165123e-02	   1.2553366934973503e-01	   1.5070986250245408e-01	   9.0564827641782919e-02	   6.1789193775555543e-02	   2.5010307502639773e-01	  -1.3819621750266636e-01	   5.2724906572500174e-02	   1.4138458141317771e-02	  -2.7041285314762832e-02	  -9.1179980146890868e-02	   5.4295820675214830e-02	  -3.1990344134301085e-01	   1.6014123023271329e-01	   1.0729587150193977e-01	   1.9357231902009120e-01	   8.9986370652193129e-02	  -1.2534305843850275e-02	  -1.3436209145552411e-01	   8.5559928101331617e-02	   2.9102109239394913e-01	   2.9499993377897944e-02	
   3.9407871966312658e-01	   2.7068781810226061e-01	   3.0890810836512628e-01	   3.9279312024565782e-01	   4.8914729462135029e-02	   5.5379151622898681e-01	   5.0528331542577598e-01	   7.4458364798608256e-01	   4.2715663458663877e-01	   6.6548505497845500e-01	   0.0000000000000000e+00	   1.1101990867246814e+00	   1.3032667508636124e+00	   1.2838557469426604e+00	   5.9769807698675737e-01	   6.9231739532003023e-01	   2.9487777005897098e-01	  -1.1702901085892234e-02	   2.0890850652348059e-01	   1.2826869564770219e-01	  -2.0174601165239912e-02	   1.8856239802823155e-01	   1.0444222378180157e-01	   2.3214372278915271e-01	  -3.1391791569567290e-01	  -1.6552530152193748e-01	  -2.0819481278527324e-01	   1.7448351804945975e-01	   5.4094410153594075e-01	   3.6997547020375610e-01	  -4.3576048608491048e-02	   2.0305000911344814e-01	   4.7023006786395988e-01	   4.6538219309326812e-01	  -8.2692598491293998e-02	  -1.3094366579233907e-01	   5.0042484073798639e-02	   1.6143820744531134e-01	   1.3151480779477673e-01	  -2.5696618122798890e-02	   2.8516366289478984e-01	   1.9726509221654420e-01	   8.1092833185452504e-02	  -1.6762781265944410e-02	  -1.0879271339479075e-01	  -6.5571930049821828e-02	   2.3494198952224845e-02	  -2.9104782034392072e-02	  -4.6339928980634118e-02	   1.0802866918955850e-02	   1.8006135391717845e-01	   3.5127222070349895e-01	   2.0388004925688333e-01	   1.1527448388748504e-01	   3.0670058098430764e-01	   1.7770240986766744e-01	   1.6906068354630066e-01	   2.6015638789648338e-01	   2.4944109542050608e-01	   2.5573318424512503e-01	   1.0811228525711574e+00	   7.9075206268636111e-01	   4.3850006430000188e-01	   4.0321935770895584e-01	   3.0278529103659513e-01	   3.5890115669880135e-01	   6.8149285274998278e-02	   7.7155026324264631e-02	   2.4596159904836526e-01	   6.3841165684348028e-02	   1.3704629041826555e-01	   3.2331125082764689e-01	   2.9440295560545171e-01	   2.0407646664750156e-01	   4.0040518410463266e-01	   2.0801784180121477e-01	   1.4995961827243623e-01	   9.7628624250519422e-02	   3.1557824641229493e-01	   1.9748206510960528e-01	   2.6611967164934636e-01	   2.6363786795301736e-01	   3.5283233488021576e-01	   2.3216649708569292e-01	   4.2869343635457130e-01	   5.2686986073326814e-01	   1.7866290661537579e-01	   1.2099998480107403e-01	   6.3741540632149385e-01	   6.7274664056537126e-01	  -1.2882865184898759e-01	  -7.8585273305908199e-02	  -7.5233667300768192e-02	  -1.6659688798640787e-01	  -1.4661494816286247e-01	   3.1340275730166192e-02	  -8.3468573332750096e-02	   9.8603311778332786e-02	  -8.4578779525288916e-02	   7.6218794133839668e-02	  -1.3876621960897564e-01	  -1.0010050510525499e-01	  -2.5335127800917337e-03	  -4.3099502425952646e-02	  -2.0863833326001260e-01	  -1.3829197863891554e-01	  -3.4505466633414134e-01	   3.1079675932347250e-01	   1.5964708063264629e-01	   1.5712692963390729e-01	  -7.8951422794593301e-02	  -6.4107905061089696e-02	  -8.9495659732869489e-03	   1.1332681611178451e-01	   1.4033895305453742e-01	   9.6694141822989091e-02	
   2.9342113935512948e-01	   5.3524476180584890e-01	   2.3577290263651249e-01	   4.2525137184433875e-01	   2.8062521506840622e-02	   5.2540302435633635e-01	   3.8171118152237715e-01	   7.4894152948700965e-01	   3.6200661106015941e-01	   6.2729764674885513e-01	   1.1101990867246814e+00	   0.0000000000000000e+00	   1.0065516064110656e+00	   1.4414093801296448e+00	   4.8245013434452366e-01	   6.7915737889670547e-01	   4.1104616127338811e-01	   1.7867092381912314e-01	   1.9267561172750189e-01	   2.0948426395286412e-01	  -7.4307827459241277e-02	   1.9381793827485796e-01	   7.7408553160671606e-02	   1.8977462478104620e-01	  -2.0809114935681683e-01	  -7.9923263722182461e-02	  -1.6950427037946703e-01	   2.1858338460757828e-01	   5.1559935071215102e-01	   4.6227854519517769e-01	  -2.0626403119177475e-02	   2.0335011602143438e-01	   3.7780053925896490e-01	   5.0038598970539683e-01	  -1.5629355422393629e-01	  -2.1123765581976925e-01	  -1.2675699210913823e-02	   4.5671960665308119e-02	   1.1199932042668530e-01	  -3.1188511226497167e-02	   2.3408394681497746e-01	   3.4349302931524928e-01	   1.0414830743251547e-02	  -3.4690329734710285e-02	  -1.1803793069990308e-01	  -5.1134427876396243e-02	   2.7402498894588196e-02	  -5.0335270226590442e-02	  -2.6150384731971763e-02	  -2.2886306494581624e-02	   1.6729940555309053e-01	   3.9846737788475556e-01	   1.7213892654635621e-01	   3.4816641482435511e-02	   2.4095473338157758e-01	   1.1713223505200593e-01	   2.2602355038335009e-01	   4.7520256575787184e-01	   2.6683512700529333e-01	   4.9088502929850009e-01	   9.9272471656442807e-01	   1.0292889633538427e+00	   5.5969024157433755e-01	   6.2988332098193167e-01	   2.6019877173498429e-01	   4.2144198109475645e-01	   4.2798018107959988e-02	   1.1909582896540120e-01	   1.0308524513783655e-01	   8.9503844852746785e-03	   9.3789799370087024e-02	   3.4272702278116213e-01	   4.7838123799124216e-01	   4.1405223506398947e-01	   4.8866412237404888e-01	   4.4175388743345251e-01	   2.0262121202079264e-01	   1.8763432817387593e-01	   4.4078757671565894e-01	   3.4306438517285842e-01	   4.2865795114555472e-01	   4.9319283742987208e-01	   2.8166426142063139e-01	   1.4170724364187004e-01	   4.7132850267323823e-01	   6.0995857876355020e-01	   2.0105951129015620e-01	   1.2888414642379192e-01	   6.1212518456223075e-01	   6.4133839800871539e-01	  -1.0697886703957897e-01	  -8.7476382305235731e-02	  -8.9799749422592515e-02	  -2.2397496674726178e-01	  -8.1923950905650800e-02	   6.2370464860410521e-02	  -7.0323674819919399e-02	  -1.1937358342620937e-02	   6.6290961954027666e-04	   2.9462091283929865e-02	  -3.2864247175559179e-03	  -1.1926368497056601e-01	   1.1156927608292216e-01	  -1.0586811266760592e-01	  -2.4468592647579204e-01	  -1.5149799468379749e-01	  -1.0432760641421192e-01	   2.7288448491441597e-01	   3.8859714199422063e-01	   2.7437273926249833e-01	  -1.0921480365581737e-01	  -5.6396393898339128e-02	  -1.0329472392719257e-02	   6.4062116679508702e-02	   6.6132369646731082e-02	   1.7639383080600288e-01	
   2.1395546687139674e-01	   2.6897839029957027e-01	   4.5293293011533153e-01	   4.6370087384312841e-01	   2.5440275429402348e-01	   7.1553278691801714e-01	   6.6705870332469064e-01	   9.0601963281762055e-01	   5.8351104675955645e-01	   7.8181799879942382e-01	   1.3032667508636124e+00	   1.0065516064110656e+00	   0.0000000000000000e+00	   1.2361752105492747e+00	   6.2941263755420751e-01	   9.1674712460151553e-01	   2.5500955132825665e-01	  -1.3649846236788650e-02	   1.6738318709034838e-01	   1.2326491361234246e-01	   1.1442212726074182e-02	   2.7626057659174513e-01	   1.0424209911678987e-01	   2.3825169001319557e-01	  -2.5974265310086686e-01	  -4.8936438816800452e-02	  -1.6538653854355187e-01	   2.9694488860147272e-01	   7.1517163207452139e-01	   5.1496033776806216e-01	   7.4520817535328035e-02	   3.1907594168406922e-01	   6.2904081278014801e-01	   6.5122797050550241e-01	  -1.1855113192260058e-01	  -1.4765957838616617e-01	   1.2295375491681389e-01	   1.3655906369215351e-01	   2.5224658062153682e-01	   8.6392243149317066e-02	   4.1167132056209399e-01	   2.4546361061917960e-01	   9.3418962949378931e-02	  -4.5622696765063656e-03	  -9.3570845387308629e-02	  -5.7064165129772790e-02	   4.3101440911200918e-02	   5.6243885389541483e-02	  -2.4538646005775631e-02	  -7.0564325615596751e-03	   1.9837194391225740e-01	   3.9607457603019869e-01	   1.1891031790200413e-01	   8.6058072361802379e-02	   2.9949137368317280e-01	   1.7679465177507403e-01	   1.6503709082103113e-01	   3.5566942986723343e-01	   2.1624670465069015e-01	   3.1013643506357652e-01	   1.1702733419789513e+00	   8.1858246921005062e-01	   5.3051924146852181e-01	   5.2810017371596485e-01	   3.2463160869328533e-01	   3.5921719609177838e-01	   1.5284665654175469e-01	   1.2238736147307963e-01	   1.9982411270902986e-01	   6.7296607635897440e-02	   1.3162432770675550e-01	   3.1598295837539703e-01	   3.9660824058515809e-01	   3.1943469217926918e-01	   3.8529869047137422e-01	   3.4545403576331368e-01	   1.1957947903553544e-01	   1.0522076063768340e-01	   3.8319088760527326e-01	   2.6181139153411548e-01	   3.6212718028590418e-01	   3.2869437667911511e-01	   3.6737518869184460e-01	   3.4418349272210319e-01	   4.5863699505211941e-01	   5.3509405697412782e-01	   2.2303428256987506e-01	   1.1801583762477132e-01	   6.7452840171689166e-01	   5.8588246219714757e-01	  -1.6461919385597715e-01	  -9.5153290500847060e-02	  -1.1833414476238499e-01	  -1.5347643074556994e-01	  -9.5296634514897810e-02	   1.1900744443147021e-01	  -3.6424803648941781e-02	   2.6945113309974102e-02	  -5.8542620328413460e-02	   8.5435128514427111e-02	  -4.0956174733756352e-02	   1.4908101779042700e-02	   1.2031939112714513e-01	   1.4594267859228583e-02	  -1.8752309363231373e-01	  -5.7827743723472769e-02	  -2.8044677830648729e-01	   2.2246299286650328e-01	   3.4351741472872838e-01	   2.2560961441638600e-01	  -1.6376780440113189e-01	  -9.1807009432843985e-03	   1.3330093521796583e-02	   1.0688090366322978e-01	   1.2813343999250823e-01	   1.5684355653835397e-01	
