   0.0000000000000000e+00	   7.9957726037170551e-01	   5.9647978486747466e-01	   2.0849976960103533e-01	   4.6599782788327615e-01	   1.9316260453667050e-01	   3.5526110213402345e-01	   1.9193877846145763e-01	   3.7815027256934225e-01	   3.4943822768189942e-01	   6.2063973647095394e-01	   5.4818325420057878e-01	   6.5315525004332664e-01	   5.0790495425254889e-01	   5.2357665147577848e-01	   6.3277234043109143e-01	   8.3679244336828573e-01	   7.1197183991282120e-01	   9.8080898286695550e-01	   9.1263831904129411e-01	   1.0947523990098569e-01	   9.9423688740991917e-02	   3.6191305784779521e-01	   3.8750599838202870e-01	   2.6334240432422194e-03	   7.9688048946430737e-02	   1.6813292635017638e-01	   2.3599957943565936e-01	   6.1941442177421036e-01	   7.1454663846921584e-01	   4.2807396621666416e-01	   3.9485672738039307e-01	   9.1288244112605799e-01	   6.0285870027729116e-01	   8.7506735190378715e-02	   2.2019702872699021e-01	   5.0433904918293537e-01	   4.6855557497725525e-01	   4.3636606952170331e-01	   5.2527512944729804e-01	   2.5108819841104929e-01	   3.5270518388878702e-01	   6.9864868722099249e-01	   7.5211021468682115e-01	   4.8453039388677710e-01	   5.6676931824680887e-01	   7.8748440110856655e-01	   7.4165990899289280e-01	   9.5241761739970288e-01	   7.6670832534557543e-01	   8.0605264587338710e-01	   7.4328997039563383e-01	   1.0143377891657592e+00	   7.6910920474498590e-01	   5.9854860617722649e-01	   6.0354534622178257e-01	   1.0709953209237102e+00	   7.6064604334361996e-01	   8.3232033351816803e-01	   5.7610715841228222e-01	   5.0803751852277956e-01	   2.7234267732619594e-01	   6.6851271348360963e-01	   6.4917606657970683e-01	   3.4532058004411448e-01	   1.7093934227785107e-01	   1.7775406466737531e-01	   1.7842541384368196e-01	   6.1467083602467820e-01	   5.6125802273739622e-01	  -1.1585817287406831e-01	  -2.5770967419747454e-01	  -2.4850884777619048e-01	  -3.4534565080919849e-01	  -4.7197273989852684e-02	  -2.0587265953697198e-01	   7.8565563157783702e-01	   6.6583246520496253e-01	   5.9932001801931400e-01	   6.6636624075492412e-01	   6.2813193785394661e-01	   8.1646466815173191e-01	   6.5313763175589068e-01	   8.5070716534485180e-01	   5.3778217895304614e-01	   6.1148061389586095e-01	   3.1210148589058379e-01	   2.0225299854394094e-01	   6.5973412577797608e-01	   7.3633738484657330e-01	   2.0911515214659776e-01	   2.3763999375388273e-01	   7.1599060654547297e-02	   1.9423730436374240e-01	  -3.8223023634220327e-01	  -5.2792002910305835e-02	   3.1914915028253006e-02	   1.9000438249229132e-01	   2.2894113217020523e-01	   9.5474833162368766e-02	   3.6601036713581246e-02	   3.4316871772994167e-01	   2.0032282492858433e-01	   4.2973291896433907e-01	  -1.5810163695135010e-01	  -5.1249647206829757e-02	   3.1514568843980545e-01	   3.0851597367839750e-01	  -5.5587530684657249e-01	  -1.9758158832995931e-01	   1.0169266790939972e-01	  -8.7805541024593425e-02	   9.5565223260048626e-02	   2.1427882423953926e-01	   4.4908325874134292e-02	  -2.3011233950552390e-01	
   7.9957726037170551e-01	   0.0000000000000000e+00	   1.6506977178266807e-01	   1.6316230466327328e-01	   1.1908145444185714e-01	   1.1174448896187272e-01	  -9.9502950989310598e-02	  -7.8055449636335289e-02	   1.0304932605092043e-02	   7.8135988332488332e-02	   2.3069571597234370e-02	   1.5196854779046037e-01	   9.2278928787924624e-02	  -1.0179691673891567e-01	   1.5278132698691313e-01	   2.4107889489864967e-01	   8.9463887597055203e-01	   1.2461464888241618e+00	   8.8231975868366663e-01	   1.1630805901497192e+00	   1.8788655326571654e-01	   6.1996252392807899e-02	   1.3491254735199212e-01	   1.4472019794770846e-01	   1.1252809418036147e-01	   1.5664582270238339e-01	   2.0613022843817635e-01	   1.4652077310978778e-01	   4.7363871026232307e-01	   8.1144614189418929e-01	   3.3421608058389246e-01	   2.6319332522706373e-01	   7.4897611122660579e-01	   7.1248950505955255e-01	   1.0040075805156451e-01	   1.5167565572386060e-01	   3.5929929618535866e-01	   6.9216891759350219e-01	   2.8358151561412653e-01	   6.0169918727387262e-01	   1.8800795739400483e-01	   3.1736711658323824e-01	   7.8621967689327665e-01	   8.9403455761541428e-01	   5.7608588000042016e-01	   9.0658523698167615e-01	   8.7073751782204967e-01	   9.3502304056245300e-01	   9.2096367358251985e-01	   1.0101738842279981e+00	   5.1174514219297995e-01	   4.8115301940855465e-01	   4.4720149587727775e-01	   6.2001412698535607e-01	   3.0789106397202104e-01	   4.2735705141584224e-01	   1.2477305638175369e+00	   1.2506389511938987e+00	   2.4984787610880188e-01	   5.7928472123309049e-01	  -1.1009585723454249e-01	  -3.5565111470927430e-03	   4.0039146540931525e-01	   4.7326288747718764e-01	  -4.0632669359591804e-04	  -1.5811477933259729e-01	  -1.5054775019583744e-01	  -7.8022107129676809e-03	   8.8014309448171568e-01	   7.3746555093796884e-01	  -1.4751143792480584e-01	  -4.3212669008148230e-01	  -2.8550146824859068e-01	  -4.5666564594341663e-01	  -2.8275299249348862e-01	  -3.1148288803035212e-01	   4.9747595743003170e-01	   8.1191268239960590e-01	   9.1698956771456452e-01	   9.7505618505034963e-01	   1.0466118069453081e+00	   1.0387429480360453e+00	   5.0689529468784311e-01	   6.1432775518241933e-01	   3.2352262272272503e-01	   4.5676519618754019e-01	   1.8791041952416826e-01	   3.6523500795523217e-01	   2.4590294930890641e-01	   4.3592402523531038e-01	   2.7658205739240810e-03	   8.1268709784687199e-02	  -7.5210752145236344e-03	  -3.8833029431076696e-03	  -5.3999931582620220e-01	  -2.5701301176382585e-01	  -1.5731161883181732e-01	   4.1205231319005147e-04	   1.1374861379442555e-01	  -1.4927153297670777e-02	  -1.6331106300306542e-01	  -1.5560087019971164e-02	   6.2101701247878623e-02	   1.0647564177060061e-01	   4.1669159254464808e-02	  -1.0225024982800236e-01	  -2.5381257540907979e-02	   8.4898416420846043e-02	  -4.6827278933812339e-01	  -2.4170500080776203e-01	  -7.8868632791401591e-02	  -1.1957446002947267e-01	   1.2309057673813678e-01	   1.8618719164402936e-01	  -1.4914934315210782e-01	  -3.8442006237100812e-01	
   5.9647978486747466e-01	   1.6506977178266807e-01	   0.0000000000000000e+00	   6.2425608074315664e-01	   1.0706505750492528e+00	   5.0665726520661081e-01	   1.3040862616575919e+00	   4.8914377096192962e-01	   7.8946198109300736e-01	   6.2522579547266455e-01	   6.3364759241564639e-01	   3.7783910281385180e-01	   7.4453074981080103e-01	   5.1006685005415897e-01	   1.0362724589155621e+00	   9.6804156965028554e-01	   9.0315020559730314e-02	   9.6287738049114608e-04	   6.7257951514146486e-01	   4.7165273791747575e-01	   3.2630533426077668e-01	   3.4075651662479417e-01	   1.3749041914911393e+00	   9.8008629311342244e-01	   5.1427557826820236e-01	   3.9548284898790281e-01	   5.5905315592743654e-01	   8.9048992371543212e-01	   3.8546937525768477e-01	   2.3549425482337019e-01	   8.1788485056894844e-01	   6.4605552500622176e-01	   7.1320758505842874e-01	   4.8641061154933979e-01	   4.1773453526834681e-01	   2.8163125212809098e-01	   3.2338805299454187e-01	   3.5208591521555260e-01	   4.3720654680392584e-01	   3.0885561048919241e-01	   1.9010181109069685e-01	   3.7271434194925634e-01	   6.1256874717581533e-01	   4.8115826583034799e-01	   4.7914836190302951e-01	   2.9732537174876061e-01	   5.9256726437819551e-01	   6.3462650272067911e-01	   5.9467883094608331e-01	   2.8236470143341730e-01	   9.7937872118180169e-01	   5.1746193631340676e-01	   7.1280643257613463e-01	   8.3493521463042686e-01	   8.4997558238339987e-01	   6.0103326857387718e-01	   1.7531641849495791e-01	   1.9967529525802333e-01	   8.4883928066298997e-01	   2.1213600036614982e-01	   5.4273683454750610e-01	   2.6619844552536986e-01	   2.8799393065583395e-01	   2.6844986238328888e-01	   1.2225196027164076e+00	   4.5247340862899232e-01	   7.1684326050366731e-01	   4.4444197441147004e-01	   3.2360003250438985e-01	   3.1653493356864704e-01	   2.2851116964787607e-01	   1.1670338179422789e-01	   7.7424522000297286e-02	   2.3150740707687651e-02	   4.4999137865854955e-01	   3.4849628041682407e-01	   5.7821304434068488e-01	   3.7505979303055748e-01	   1.1349089651042987e-02	   9.0729324182208304e-02	   9.2495297934536425e-02	   2.9971561565803578e-01	   6.9959817676892333e-01	   7.3020242255423407e-01	   9.1626701986837378e-01	   5.3397747430371445e-01	   6.8686000732179242e-01	   5.9369754870433451e-02	   9.2820463483120497e-01	   8.8960677385417219e-01	   5.7700530131834749e-01	   7.0849457492551915e-01	   4.0374564192893153e-01	   8.3053565146232078e-01	   1.1674527177052590e-01	   2.1360740651931262e-01	   4.0511971585486994e-01	   5.8190219013953881e-01	   5.1713059803949601e-01	   4.9760401289218675e-01	   2.6767131669211963e-01	   9.7284755991544225e-01	   2.9948912464151556e-01	   7.9530553013687688e-01	   2.0254060053042852e-01	   2.7840456979417472e-01	   5.1664415841749178e-01	   6.4446431877529387e-01	  -2.5163729371467702e-01	   7.5233295820391358e-02	   4.7704427770185970e-01	   3.3736362053219071e-01	   2.7611123636036239e-01	   1.2596626464989286e-01	   3.2914113892764368e-01	   8.0450208104608262e-02	
   2.0849976960103533e-01	   1.6316230466327328e-01	   6.2425608074315664e-01	   0.0000000000000000e+00	   7.0388175135994013e-01	   1.1196046747400110e+00	   6.8900361340356886e-01	   9.5621044959860102e-01	   6.6342669504349927e-01	   8.7052113589327751e-01	   2.7101481458300286e-01	   3.4523320586475642e-01	   3.1535186725484121e-01	   3.9506692838631002e-01	   6.2718914393036473e-01	   7.0791622152816447e-01	   4.6428321366835919e-03	   7.8664305084914066e-02	   3.5848423279984809e-01	   3.8436193779187067e-01	   3.1165641416300482e-01	   3.6158870240286506e-01	   6.7739766345526720e-01	   9.3040335867578250e-01	   4.8247508119721039e-01	   5.5653616344651979e-01	   3.1579665310451582e-01	   6.8759254604738873e-01	   3.2418840251254677e-01	   2.7029605723995787e-01	   4.1177655296331117e-01	   5.4289697304870566e-01	   3.7586844714509687e-01	   6.2087398920500680e-01	   3.5293461845482116e-01	   3.0480153532665655e-01	   2.0235131558089792e-01	   2.1809321987173974e-01	   1.9795000961324921e-01	   2.8387351796645283e-01	   9.1430935410077047e-02	   4.1804479754116636e-01	   4.7045821135181648e-01	   3.6125789465341818e-01	   6.5269570789000442e-01	   5.1698819818571373e-01	   6.4130917035645585e-01	   5.6721854423664608e-01	   5.6556567249376699e-01	   4.1274332417653481e-01	   5.6076598901850816e-01	   4.3863524404847870e-01	   3.3720589107806009e-01	   4.4702601175275131e-01	   4.8704281144290701e-01	   4.0774294402574618e-01	   9.6475156960000294e-02	   1.6636374355401085e-01	   4.7058997031950134e-01	   3.7646645245916843e-01	   2.5118880342435013e-01	   5.0675597206664924e-01	   1.0900564480252010e-01	   1.8282772056557928e-01	   7.7823806638355641e-01	   8.6840550149505913e-01	   4.6823546949043771e-01	   6.0879397439156546e-01	   2.1339876191489215e-01	   4.1604304996757474e-01	   1.6884039471872536e-01	  -1.0800457138455292e-02	   1.3997996559233530e-01	   2.3428615094373093e-01	   3.4237302646124057e-01	   3.9129558082553495e-01	   5.6612908253306138e-01	   4.8420743866741300e-01	   6.8571367046136089e-02	   9.7663178502762557e-02	   2.2502512540823111e-01	   2.3273902225741233e-01	   4.1736507545529133e-01	   6.1807730463007937e-01	   8.2115595529056651e-01	   5.9491924796248363e-01	   3.4587552630530322e-01	   2.4335671449602808e-01	   6.9355580721054466e-01	   8.0030501160779510e-01	   7.1862777288551782e-01	   4.9370394998310330e-01	   6.5543664489026165e-01	   6.8695870774387680e-01	   6.5611000826046123e-02	   2.9638829677331635e-01	   3.2387506891294060e-01	   3.4113662062006211e-01	   4.4509983826707838e-01	   5.0381624343562414e-01	   4.6176483355148396e-01	   6.4275605415059989e-01	   4.0755778236171630e-01	   4.0873929391472741e-01	   2.8120641415567915e-01	   2.4710094689233267e-01	   3.5041834614965306e-01	   2.4807852617850226e-01	  -1.5407213408085121e-01	   3.0568355478344262e-02	   2.0578000241263344e-01	   3.4296038492688630e-01	   1.6613331537149051e-01	   3.1416231859440522e-02	   1.6614344477804932e-01	  -2.3643117809266777e-02	
   4.6599782788327615e-01	   1.1908145444185714e-01	   1.0706505750492528e+00	   7.0388175135994013e-01	   0.0000000000000000e+00	   7.2480240067855350e-01	   1.0705982309512110e+00	   7.7567741903280518e-01	   1.0396236611088479e+00	   8.6315115467959946e-01	   7.1206009871945963e-01	   4.5417403565191244e-01	   8.5923003210405702e-01	   4.6438403539754791e-01	   8.8284901128372628e-01	   7.0043402468782678e-01	   5.6966804000988323e-02	  -1.0095528614213386e-02	   3.5724308605421978e-01	   2.6503097568318401e-01	   3.7105509798359970e-01	   4.5844104680567743e-01	   7.5049552769035333e-01	   6.3403682009845730e-01	   3.3677601910767441e-01	   4.1455164382653820e-01	   3.9838312013351296e-01	   7.8450003195134210e-01	   3.1013844469290758e-01	   1.7512941636506305e-01	   4.8691534992791807e-01	   5.5345833255374133e-01	   5.0745400228322635e-01	   4.7252146714975052e-01	   4.1221820178857521e-01	   3.7042096646325645e-01	   4.0941452903361586e-01	   4.3131385220858998e-01	   4.1341678331366039e-01	   4.1542556500670019e-01	   2.3863497710148693e-01	   4.3339288214263194e-01	   3.4385870739871338e-01	   2.1782169700504747e-01	   4.2876002644181099e-01	   2.6656484278911119e-01	   5.1575139269722814e-01	   4.3703418842329245e-01	   5.4821250245385778e-01	   3.4796935724171524e-01	   8.2590160462745632e-01	   6.9172523791464957e-01	   5.0537320077611370e-01	   5.1587780750212642e-01	   6.9078959834082088e-01	   4.5517057466433480e-01	   1.1163056276627017e-01	   1.7982045810302882e-01	   9.5398010834098468e-01	   4.4496986015173617e-01	   7.1813896207943506e-01	   6.1291928450606736e-01	   2.3867914502350884e-01	   2.8758303627320353e-01	   1.1614264630509821e+00	   6.8295381817744305e-01	   6.6165520703563319e-01	   5.4652151809650051e-01	   1.6138196554886070e-01	   2.0458031741539134e-01	   9.0479953177262512e-02	   3.4693616157806549e-02	   2.3044439215060723e-02	   5.6312155266571753e-02	   3.6190208401480634e-01	   3.9416511203825211e-01	   5.6914402515128470e-01	   3.3748182912545494e-01	   4.1938332278845268e-02	   1.1311854753555338e-02	   8.1884325542463471e-02	   1.8300675095065910e-01	   5.9889149564129351e-01	   5.8309686897704971e-01	   9.0906344851163268e-01	   4.6231644115726156e-01	   5.5108474992361123e-01	   7.7157488765048257e-02	   1.0359966137019425e+00	   8.7693081583576105e-01	   6.1874244566175174e-01	   4.6674613566863121e-01	   5.1530625343379954e-01	   6.3256047183383668e-01	   3.1436562943504553e-02	   2.9169411419907315e-01	   4.2192291354940120e-01	   4.2942837935615891e-01	   5.0183343504239231e-01	   4.7145752222949106e-01	   3.1610223305876423e-01	   7.3309429543511717e-01	   3.3024201067920123e-01	   5.5039887899919848e-01	   1.1231129294347508e-01	   2.1316415123373753e-01	   4.2243548906152389e-01	   4.9644741065564368e-01	  -2.3773746159474013e-01	   8.1876092913789791e-02	   3.5717204387846102e-01	   1.7232313503055474e-01	   7.0639504599128822e-02	   1.5793573632726673e-01	   2.6195778503181905e-01	   1.1558177887095769e-01	
   1.9316260453667050e-01	   1.1174448896187272e-01	   5.0665726520661081e-01	   1.1196046747400110e+00	   7.2480240067855350e-01	   0.0000000000000000e+00	   5.8109571676620753e-01	   1.0638448964614302e+00	   7.5497575568072006e-01	   1.1244577905714406e+00	   3.0673130832296114e-01	   4.3750316796000932e-01	   3.6163949673303059e-01	   3.8574972205824937e-01	   5.0217482372275257e-01	   5.2866624331212486e-01	  -4.1894547038776070e-02	   3.3957967770032668e-02	   2.7021352668921211e-01	   2.4706670801782860e-01	   2.8703402698405656e-01	   3.9983913020703965e-01	   4.4181650418513663e-01	   5.9811659512884674e-01	   3.0960196555573294e-01	   4.2317073100510055e-01	   2.6730954627058645e-01	   7.0274222539079623e-01	   1.7672663479068829e-01	   1.5690807102650770e-01	   2.3112100949017231e-01	   3.9339793058532901e-01	   2.5586604227407367e-01	   4.9143478733290358e-01	   3.0832820540697664e-01	   3.9986441627924663e-01	   1.7672701610113176e-01	   2.0048214477945914e-01	   1.6238712033119718e-01	   3.1063688100293257e-01	  -2.4806460950514489e-03	   3.9800945497138318e-01	   3.9124257088402559e-01	   2.9159952871032635e-01	   4.9266018432773862e-01	   4.3229255601563188e-01	   5.1154041122744431e-01	   4.5835052768016404e-01	   4.1800751508645406e-01	   2.8264158518725846e-01	   4.3323065996794030e-01	   3.7330859993525645e-01	   3.4898572641253733e-01	   3.7086908942900643e-01	   3.9471056335425314e-01	   3.7851606377584401e-01	   5.5685082730185222e-02	   7.9494911253082501e-02	   4.9367448003077308e-01	   3.6862637519862779e-01	   3.8192818282473684e-01	   6.6583728336137482e-01	  -2.1093165969156693e-02	   1.2092561406658046e-01	   5.8403231323712546e-01	   7.7447613529938042e-01	   4.1173066157154614e-01	   6.3536996966583348e-01	   1.2788514814712568e-01	   2.1661554526418633e-01	   1.0078509671576821e-01	  -4.5325823920765840e-02	   9.3483356972995341e-02	   8.1032367617349443e-02	   3.3247929949312943e-01	   3.7815709349967930e-01	   4.3822017403272728e-01	   3.0431376640015706e-01	   4.2539856256594982e-02	  -1.7413912191047043e-02	   1.3340101469402574e-01	   6.7253273713522202e-02	   3.0545692984481543e-01	   3.8180324357436590e-01	   5.3925930989741855e-01	   3.0752629225777239e-01	   2.2237691401547874e-01	   1.4357291353428919e-02	   7.0153353472615221e-01	   6.8693801691057044e-01	   7.7250683751744120e-01	   4.5844852705009309e-01	   8.0011767378792564e-01	   6.3580843221186534e-01	   3.8259179348210354e-02	   2.2823512121047118e-01	   3.2743085056617205e-01	   3.9943763695281026e-01	   4.5813154193725680e-01	   6.4473387301419194e-01	   4.4857543678528977e-01	   5.4954418475339528e-01	   3.7482947972642255e-01	   3.1185035846706843e-01	   3.1006218511197114e-01	   2.1334709819448761e-01	   4.5348074055088083e-01	   2.3651887279664943e-01	  -1.5287526539816540e-01	   4.7540272283675029e-02	   2.8351923104469590e-01	   1.4216869082220854e-01	   1.2371401737701046e-01	   3.2256051105771288e-02	   2.1310033940477255e-01	  -1.3172592611583389e-01	
   3.5526110213402345e-01	  -9.9502950989310598e-02	   1.3040862616575919e+00	   6.8900361340356886e-01	   1.0705982309512110e+00	   5.8109571676620753e-01	   0.0000000000000000e+00	   8.2971558557997471e-01	   1.0392786768405133e+00	   8.0459016530018013e-01	   7.6467640213159127e-01	   4.8335962355327911e-01	   7.6929260353863749e-01	   5.4277548766484018e-01	   8.8090556129835496e-01	   7.4121379291054335e-01	  -4.7435868350903382e-02	  -1.6027037140779835e-01	   3.8684353228215473e-01	   2.1764239546756162e-01	   2.3787697020083942e-01	   2.3815650447475889e-01	   8.9018631579905827e-01	   6.6313351801795561e-01	   3.3889800314210350e-01	   2.7717063862177588e-01	   3.6476077744202057e-01	   7.7142370355524570e-01	   3.6644693237673925e-01	   9.4893009684313856e-02	   6.2505884124051159e-01	   5.3158515431625741e-01	   4.7887499830163816e-01	   3.9328747207079917e-01	   2.4172694058162164e-01	   2.0987148327742455e-01	   1.9861674589186287e-01	   1.2930760963572199e-01	   3.1419622933390562e-01	   1.8335101059528272e-01	   1.5240683635685143e-02	   2.1723236421756778e-01	   3.0972417528767687e-01	   1.7472126575030814e-01	   3.1106017608815356e-01	   1.3636249135407102e-01	   3.5879430523182465e-01	   3.1998448148590758e-01	   3.9912305955131411e-01	   1.0619298751581266e-01	   7.6806674616585979e-01	   5.2354493869082641e-01	   5.7885940503242983e-01	   5.1895804520951738e-01	   7.0578311801779559e-01	   3.8912747252147356e-01	  -4.0683942361949950e-02	   4.1879652536034997e-02	   9.0228248513593523e-01	   1.7418019200745088e-01	   7.4940894808911840e-01	   5.4471063130324271e-01	   2.8283196024425111e-01	   3.1332077473128572e-01	   1.3230488760118919e+00	   6.7314776900492834e-01	   8.6941631525935048e-01	   5.4607497683139039e-01	   7.9477323753017151e-02	   2.1731069751818616e-01	   1.4251895146721894e-01	   7.5694223454003826e-02	   1.0538347267536474e-01	   9.4534034422211435e-02	   4.4429901921984821e-01	   4.0265095855612176e-01	   4.9737630164396013e-01	   2.0634573870895942e-01	  -2.0837577207569621e-01	  -1.8418024798836616e-01	  -1.1701928047637153e-01	   4.8714481025911902e-02	   5.4647684559967713e-01	   5.5738115054595583e-01	   7.9207042651853765e-01	   2.6280184810088680e-01	   4.6757400504419372e-01	  -7.5819265069247535e-02	   9.8290335875900903e-01	   6.6297999170473043e-01	   6.8532853004814875e-01	   6.0893665447079703e-01	   4.8654572118599521e-01	   7.6641768376202135e-01	   2.1096731937240124e-01	   3.7639766587397777e-01	   5.0718116652506473e-01	   4.8027016328584993e-01	   5.6064336396023329e-01	   5.6700906268064588e-01	   4.3807558923806050e-01	   9.8634686114818571e-01	   3.0870328645704681e-01	   6.6567913712483162e-01	   1.5654853747422845e-01	   2.3070838839645330e-01	   4.9628173605585985e-01	   5.2552215482902231e-01	  -1.2438968325946603e-01	   1.7201715874182855e-01	   4.1398276148150742e-01	   3.5000115745167948e-01	   2.0118661342693572e-01	   5.1668614677697318e-03	   2.0463799821385353e-01	   1.8273982742121694e-01	
   1.9193877846145763e-01	  -7.8055449636335289e-02	   4.8914377096192962e-01	   9.5621044959860102e-01	   7.7567741903280518e-01	   1.0638448964614302e+00	   8.2971558557997471e-01	   0.0000000000000000e+00	   1.0672224393492546e+00	   1.1703483449443086e+00	   5.8756804416211372e-01	   7.5990432811584196e-01	   5.8324076086919030e-01	   5.3365387866520642e-01	   5.6872247218667882e-01	   4.6295363230212039e-01	  -6.8770109828347289e-02	  -3.6922612321749017e-02	   1.7462792140559869e-01	   1.0441066165462724e-01	  -4.7283392677120537e-03	   1.5848222773695694e-01	   3.0921683814417300e-01	   3.8562789114114632e-01	   4.2850354654318676e-02	   1.0826564006337426e-01	  -2.5010151309868653e-02	   4.9382221783465380e-01	   2.6369111112755028e-01	   9.7242547049644634e-02	   1.5754296018569242e-01	   3.8126060302253201e-01	   2.2743225375541226e-01	   3.7813527054047502e-01	   7.7598167946377652e-02	   2.4932976652895528e-01	   2.3865897755424473e-02	  -5.3949549236525576e-02	   8.9122402995449379e-02	   1.7605132419543967e-01	  -7.3107522753442455e-02	   2.5497727599173470e-01	   1.5280009356651841e-01	   8.9173251704789139e-02	   2.8674866217215872e-01	   2.4453142497028232e-01	   2.9025974182283576e-01	   1.9147680431561209e-01	   3.6780612788066203e-01	   2.2114704154322870e-01	   4.0120503652672229e-01	   4.4673656646022802e-01	   3.6700609911525167e-01	   2.2948309758405983e-01	   3.5720574840841574e-01	   2.1253088140027365e-01	  -5.5952215580895734e-02	  -4.0983847542815262e-02	   7.0846142345451157e-01	   4.2997958705342254e-01	   7.1580746940793971e-01	   1.1230961581570660e+00	   9.2479024278663169e-02	   2.3883688007427256e-01	   6.4183756312629925e-01	   9.5201388720809044e-01	   4.8073431049765225e-01	   5.9171942700688873e-01	  -1.1751122224329971e-01	   1.5814079897026254e-01	  -1.5541575428090504e-01	  -1.9112824981182061e-01	   5.2363301135484545e-03	   7.2019047235390321e-02	   1.9668272373689830e-01	   3.7598607264730133e-01	   3.7803622859844310e-01	   2.2683622311097701e-01	  -1.3680229830341586e-01	  -2.0737628137405142e-01	  -4.8935649695339790e-02	  -6.5966162229217973e-02	   3.5432145409730637e-01	   3.5714849343574173e-01	   4.9850896476878925e-01	   1.8094897994751749e-01	   1.2978916573079660e-01	  -8.6341301687221456e-02	   7.8666223196522744e-01	   6.0704435457352934e-01	   7.7096515848512137e-01	   3.4346269938497309e-01	   6.7859638894111063e-01	   4.3472794459641484e-01	   4.9275616103392740e-02	   3.6154896586834634e-01	   3.4651524835475295e-01	   2.8879672968060566e-01	   4.0765422576562332e-01	   5.4824379879656160e-01	   5.8327713203938247e-01	   5.6548236706414245e-01	   3.6539568793049448e-01	   2.9693690218975688e-01	   1.1227761096146406e-01	   1.1128399510365705e-02	   3.9128957005336046e-01	   2.6570995002088815e-01	  -1.4714066679803612e-02	   7.0469261471914790e-02	   1.8206347067525369e-01	   1.1457446327219707e-01	   5.6164116003147579e-03	  -3.0441216727099676e-02	   4.2366958251190398e-02	   7.7417549648570840e-03	
   3.7815027256934225e-01	   1.0304932605092043e-02	   7.8946198109300736e-01	   6.6342669504349927e-01	   1.0396236611088479e+00	   7.5497575568072006e-01	   1.0392786768405133e+00	   1.0672224393492546e+00	   0.0000000000000000e+00	   1.3701842705321923e+00	   7.8002350472646909e-01	   6.8882169763977685e-01	   1.0020825375963003e+00	   5.7464460964998298e-01	   8.7321070456316641e-01	   6.8924401332876262e-01	   1.5135467956031044e-02	  -2.8984229735608814e-02	   3.2386204020808124e-01	   2.4680176378626428e-01	   8.4433741648521909e-02	   3.0259032129395974e-01	   5.0272969886404950e-01	   4.6372529550103392e-01	  -1.6089632605351054e-02	   4.7136052654105844e-02	   4.0001151372604231e-02	   5.5944124437052156e-01	   3.0211341165627537e-01	   1.5585194269134692e-01	   2.4033080656737607e-01	   3.3542285811134354e-01	   2.9245485631196028e-01	   2.4829342637113611e-01	  -4.8684920216735553e-02	   4.3019878435239037e-02	   1.7702479693992029e-01	   9.6074510812426558e-02	   2.0567927515583209e-01	   1.7715592174770026e-01	   1.8148687204384374e-02	   2.4698487806688341e-01	   1.3752168382923274e-01	   9.7117104627855624e-02	   1.9052888598555742e-01	   1.0188939746301100e-01	   3.4544670356798951e-01	   2.5061030701796766e-01	   4.0509379138168422e-01	   1.9891462849932606e-01	   4.4304287981343465e-01	   4.6874135716425702e-01	   4.9955916477645790e-01	   3.9973465416180937e-01	   4.6754459782206736e-01	   2.8114985304113393e-01	   7.8982590713842143e-02	   1.0226711009030232e-01	   9.5802322439682708e-01	   3.4393332714584562e-01	   8.9527026003397792e-01	   7.8489235795341006e-01	   3.0465199217747407e-01	   3.6623803336947663e-01	   8.3554912316206431e-01	   6.2395646881291922e-01	   3.6146190138966122e-01	   2.8856263105577407e-01	   7.2414177004481564e-02	   2.8770504734943636e-01	  -3.0875555109735144e-02	  -1.2531464049095509e-01	  -1.8925670190978957e-02	  -4.3533237952673567e-02	   2.8633160021712467e-01	   3.3657541955538223e-01	   4.2854946617723383e-01	   1.8940049686405719e-01	  -1.1051385501918123e-01	  -1.1319314168191297e-01	  -5.2849437148217451e-02	  -2.3057511039028949e-03	   5.0804027649566275e-01	   4.9146919482618856e-01	   6.6009106642488358e-01	   2.2381481246784901e-01	   3.4945248332284246e-01	  -1.0878485261408799e-01	   1.0524168345166458e+00	   7.2809351426068791e-01	   6.1900542326108854e-01	   5.6818415968659886e-01	   5.5577828277983443e-01	   7.0078232076566149e-01	   3.9675965153315416e-02	   1.9282833484510142e-01	   3.2959821376482157e-01	   2.4480030571500472e-01	   3.5775047534596272e-01	   4.3276356186227055e-01	   4.2807471181101109e-01	   7.6312479415391721e-01	   3.2365852294875325e-01	   5.6148601956009647e-01	   9.7050328554818252e-02	   1.1684997879943280e-01	   4.1757661698684290e-01	   5.2302439612082929e-01	  -2.1297533492474116e-01	   8.1144929639151750e-02	   1.5024444083030974e-01	   7.5349679468981343e-02	   1.1974460103818818e-01	   7.8836452395927112e-02	   7.1100694022898828e-02	   1.0510116871044628e-01	
   3.4943822768189942e-01	   7.8135988332488332e-02	   6.2522579547266455e-01	   8.7052113589327751e-01	   8.6315115467959946e-01	   1.1244577905714406e+00	   8.0459016530018013e-01	   1.1703483449443086e+00	   1.3701842705321923e+00	   0.0000000000000000e+00	   6.8608940625701442e-01	   7.1368282202464517e-01	   8.1877758664505851e-01	   6.1657170059128863e-01	   7.9734233959108358e-01	   8.1531819282169726e-01	   3.1312674967253658e-02	   6.0321966695601095e-02	   2.9647911903514468e-01	   2.6953778948848345e-01	   2.0786349216247299e-01	   3.7271773499758420e-01	   4.4678647512929937e-01	   5.7083521901865575e-01	   1.2641507917262899e-02	   1.3787907168614189e-01	   1.2993625169889453e-01	   6.0994918970970813e-01	   2.9186597989399454e-01	   2.2439938946028454e-01	   1.6919035219545309e-01	   2.7173801607562298e-01	   2.6399099016776284e-01	   3.1495424723452253e-01	  -1.8855342235402143e-02	   8.0194062891619261e-02	   2.3792454365166812e-01	   1.5934096007725526e-01	   2.3827166526883381e-01	   2.9708463369904270e-01	   5.0564334456306939e-02	   3.4360719543022272e-01	   2.0920438076234452e-01	   1.7123070167209151e-01	   2.8749714958164474e-01	   2.1526376583961790e-01	   3.9918797948788692e-01	   2.8853196959815625e-01	   3.9569897509722352e-01	   2.5480726667788889e-01	   3.8492380484735733e-01	   4.6153970814251249e-01	   4.1128340775220695e-01	   3.7208967013479555e-01	   4.1154981744782354e-01	   3.1629762401201389e-01	   7.9023089880630212e-02	   1.0690808493710617e-01	   7.1708503012498204e-01	   3.8127992363271362e-01	   7.0907961110677031e-01	   8.4481415380453218e-01	   1.6926749366079608e-01	   2.8943031782483392e-01	   7.2043525461103142e-01	   7.5654371125066477e-01	   2.8997966362404987e-01	   3.1914037888887237e-01	   1.1144023683735993e-01	   3.2602722928346750e-01	   4.7980418477900225e-03	  -1.0618597881757633e-01	   3.2009291666764556e-02	  -4.0170380524851730e-02	   2.8558483834650289e-01	   3.2224293032269313e-01	   5.4462306007829875e-01	   2.8766400576290324e-01	   3.5159397450436496e-02	  -2.4977796518663196e-02	   2.3560033664406514e-02	   1.9320301684359768e-02	   4.4750814005562090e-01	   5.0678536147126796e-01	   6.4387286041851577e-01	   2.4933632481731388e-01	   2.6581116325288068e-01	  -3.4275824517139460e-02	   1.0139885455972342e+00	   7.5898725526618749e-01	   6.8065368895617873e-01	   4.7923780392086568e-01	   6.8114145305243179e-01	   6.4639432125721596e-01	   1.1709059893191780e-02	   2.1990173833817978e-01	   2.9885184932121839e-01	   2.7084897070450803e-01	   3.6788119303670935e-01	   3.9915175171562872e-01	   4.1092565836971906e-01	   6.5639555430374918e-01	   2.3927921742185476e-01	   4.6282337574705668e-01	   5.8632207418099498e-02	   1.4895410460457989e-01	   3.9236671441312726e-01	   4.2481086315284639e-01	  -1.8966011505255598e-01	   1.3973452248054973e-02	   9.6549121590855297e-02	   7.5700514321182097e-03	   5.6234012053281927e-02	  -1.3090748374031550e-02	  -2.3496935811242833e-02	   2.6494305827652977e-02	
   6.2063973647095394e-01	   2.3069571597234370e-02	   6.3364759241564639e-01	   2.7101481458300286e-01	   7.1206009871945963e-01	   3.0673130832296114e-01	   7.6467640213159127e-01	   5.8756804416211372e-01	   7.8002350472646909e-01	   6.8608940625701442e-01	   0.0000000000000000e+00	   1.1606606944900004e+00	   1.5755385350897471e+00	   1.0688497131515591e+00	   7.6052753175506360e-01	   6.1442976410491301e-01	   2.5328731001742133e-01	   1.0221676237739642e-01	   2.8675804795387716e-01	   1.8642071041120409e-01	   2.1492660596707097e-03	   1.1770590717687901e-01	   3.5235841628246711e-01	   3.3480070465886036e-01	  -2.2759029283570026e-01	  -1.0951983471117112e-01	   7.0160261117974729e-02	   2.5569260239826513e-01	   4.0727956248468267e-01	   2.7668460917919363e-01	   2.6678779905681355e-01	   3.3572747362002597e-01	   4.4480096833642674e-01	   2.4723488108034516e-01	  -9.6675111494843854e-02	   7.1674517811271335e-02	   2.2726873847748347e-01	   7.7494038084681372e-03	   3.1288681315858280e-01	   2.5757890628590291e-01	   2.8806304541118999e-03	   1.5866461561890363e-01	   1.5416331048416970e-01	   1.3730377751885181e-01	   1.4696783488121318e-01	   6.6167971506359141e-02	   2.3582670900752234e-01	   1.9355958956223104e-01	   3.8907099423521929e-01	   2.1084580538148981e-01	   5.5088202961825439e-01	   5.8792158504776637e-01	   5.2679599624467510e-01	   3.0597522893535123e-01	   5.2738939600716650e-01	   3.7657310854114562e-01	   1.1028012576064389e-01	   1.1141583149944528e-01	   8.3726143350679816e-01	   2.9020990782639583e-01	   1.0755713709767154e+00	   6.6781894026641142e-01	   4.6412291616599111e-01	   4.8717321092199495e-01	   5.6882780808130540e-01	   4.6269418881385860e-01	   3.6322416565990134e-01	   2.4558997903264268e-01	  -1.3402492806813958e-02	   9.7228822792230302e-02	  -1.7759274190928345e-01	  -1.2178731133033127e-01	  -1.3384233428379036e-01	  -1.2603146142882737e-01	   1.1036154926871082e-01	   1.8322981975144093e-01	   4.7797517026465391e-01	   1.5131118648682038e-01	   1.0592532052242755e-01	  -2.4263949336765085e-02	  -1.9956313656195514e-02	   7.6222855122909994e-02	   4.8751564740682962e-01	   4.3366901334534030e-01	   5.5314658367977199e-01	   2.0535316897833550e-01	   1.6581868136867858e-01	  -1.2681351373311103e-01	   8.4354933499607321e-01	   5.6261282370828314e-01	   3.7061259032135374e-01	   2.3156949172199609e-01	   9.9731643036640991e-02	   2.7167058986852305e-01	   5.2181640768903482e-03	   3.0466140429642125e-01	   3.0276950869634511e-01	   3.1951688862286470e-01	   2.6887464626727992e-01	   1.9112762586506302e-01	   1.2643089623493789e-01	   4.8138717470286962e-01	   7.4851228328859126e-02	   4.0319489713420648e-01	  -1.8845176792342724e-01	   6.7140978438003041e-02	   3.5712397624766790e-01	   4.4536279759364328e-01	  -1.9534242604316951e-01	   6.7909142066896726e-03	   1.8989587404676636e-01	  -4.4040356530021085e-02	  -1.7388346405603061e-01	   4.3840643251713297e-04	   7.2898500899414756e-02	   1.7619993011280338e-01	
   5.4818325420057878e-01	   1.5196854779046037e-01	   3.7783910281385180e-01	   3.4523320586475642e-01	   4.5417403565191244e-01	   4.3750316796000932e-01	   4.8335962355327911e-01	   7.5990432811584196e-01	   6.8882169763977685e-01	   7.1368282202464517e-01	   1.1606606944900004e+00	   0.0000000000000000e+00	   1.0339820015587224e+00	   9.8017310124371626e-01	   5.9245253828771638e-01	   4.5981207410839164e-01	   3.7012453203692480e-01	   2.8043825560749303e-01	   3.8329666468167695e-01	   2.8857205374664979e-01	  -1.6254638187462167e-01	  -5.9749859907127438e-02	   1.2269449745989006e-01	   1.7030905515180433e-01	  -3.7504137912367513e-01	  -2.4171952381531875e-01	  -1.4632010170642692e-01	   1.7171558931365533e-01	   4.8818482453800593e-01	   3.6193720762480031e-01	   1.3225089364646003e-01	   2.5014608421854578e-01	   4.3525096023320675e-01	   3.6386534452740243e-01	  -1.8272557144440707e-01	   1.0450876053438432e-01	   5.0712852911413413e-02	  -7.7262966265147615e-02	   2.1512652870969159e-01	   2.5008909891383263e-01	  -7.8206704902747531e-02	   1.2809705996755341e-01	   1.3841700601170007e-01	   1.7450829322428185e-01	   1.6685315292836372e-01	   1.8702957634150824e-01	   2.8223047026479936e-01	   1.9005037472182915e-01	   3.8967677235868631e-01	   2.8494229513390240e-01	   4.6347076747290850e-01	   5.1006408334090225e-01	   4.7961221558170569e-01	   2.0326544197932370e-01	   4.0353497880636485e-01	   3.2000267805179938e-01	   2.2399528784071704e-01	   2.0423567577029147e-01	   7.7755885430295690e-01	   4.6513144744665719e-01	   8.9589479957476270e-01	   8.7544307875800953e-01	   4.6045882289269346e-01	   6.2537206828065806e-01	   3.1969325805807286e-01	   4.1793181675996011e-01	   2.3175620701989896e-01	   2.6439125002733355e-01	  -5.5024233143516496e-02	   1.4415554406115322e-01	  -3.8369942205348062e-01	  -4.0596349625079159e-01	  -2.1749335496821134e-01	  -2.4824582167191889e-01	  -6.1146039467811539e-02	   9.4229752656057431e-02	   4.3819305022154365e-01	   2.2059594940477531e-01	   1.5938848819113233e-01	   1.3750474575605888e-02	   1.0868437953526236e-01	   9.2398947833118403e-02	   4.8573058078978271e-01	   4.0396941464676533e-01	   4.3334253221365016e-01	   8.3807768750212563e-02	  -8.5969645904254190e-03	  -9.9728586099796873e-02	   6.7905514777177312e-01	   4.9483509771045553e-01	   3.8097758536677501e-01	   6.3896461731995979e-02	   1.2658206326751290e-01	   1.1390224182901974e-01	  -1.4807936792359219e-01	   2.4746254681683250e-01	   2.1871992468004003e-01	   2.6321099370776119e-01	   2.2702329979573785e-01	   2.2759674075718611e-01	   2.3978743672623071e-01	   3.4771694164815686e-01	   1.8007824012511497e-01	   3.4172638824711377e-01	  -1.0400561951066578e-01	  -5.6327207398339463e-02	   3.6915829447640908e-01	   4.2561502862464479e-01	  -1.5026446296243659e-01	  -8.0362722107962747e-02	   1.0170096178415050e-01	  -1.1715118108349228e-01	  -1.8303446074302410e-01	   6.6936753187678430e-02	  -3.4342953648527047e-02	   6.6842645126064179e-02	
   6.5315525004332664e-01	   9.2278928787924624e-02	   7.4453074981080103e-01	   3.1535186725484121e-01	   8.5923003210405702e-01	   3.6163949673303059e-01	   7.6929260353863749e-01	   5.8324076086919030e-01	   1.0020825375963003e+00	   8.1877758664505851e-01	   1.5755385350897471e+00	   1.0339820015587224e+00	   0.0000000000000000e+00	   9.4065854555879636e-01	   9.6546141393353979e-01	   7.2808496705014791e-01	   2.1035619335037831e-01	   1.0247687229812111e-01	   3.7033864733728561e-01	   2.7725458189814922e-01	  -8.0536224867077278e-03	   1.5912706763806084e-01	   4.4155711286709970e-01	   4.0919584394079733e-01	  -2.3826432940904407e-01	  -1.0337348297113602e-01	   5.3247609161586044e-02	   3.1251631614144404e-01	   3.6990087800675558e-01	   2.5153139288819343e-01	   2.0998458285681959e-01	   2.6509551863437547e-01	   4.3138240331587424e-01	   2.4363595343929112e-01	  -8.5992744947126401e-02	   1.0857788523944718e-02	   2.3297709662182917e-01	   8.3832147066972604e-02	   3.2328997761458683e-01	   3.1122310368459583e-01	   6.9937224009443369e-02	   1.7574169571679393e-01	   1.5673354173847276e-01	   1.5077235560593757e-01	   1.2685647282294527e-01	   4.4624073843951027e-02	   2.8120251125058926e-01	   2.1790150764002775e-01	   4.1968811309980852e-01	   2.7026592362785296e-01	   5.1850685728407209e-01	   5.7663916167836282e-01	   5.7101136638166083e-01	   3.4810813743491070e-01	   5.0363166683731364e-01	   3.9285160003539282e-01	   1.7024353824010191e-01	   1.8060300550612540e-01	   9.7501170638995327e-01	   3.4351977381549420e-01	   1.1103718970606429e+00	   6.8358145959590788e-01	   4.2444699191266899e-01	   4.7958412587040444e-01	   6.8450460957360260e-01	   4.6566863181128887e-01	   2.8091247883557008e-01	   1.5577170144596744e-01	   4.8692184765363383e-02	   1.7507293931854895e-01	  -1.8004219938522587e-01	  -1.4423340352044128e-01	  -1.9096158313776990e-01	  -1.9350650577812389e-01	   1.1680629351333235e-01	   1.9078585556657424e-01	   4.7422465272204994e-01	   1.4685407068531017e-01	   6.3676866339753627e-02	  -1.8407496296865316e-02	  -4.1287448500591404e-03	   8.7077704010793011e-02	   5.8999160534050277e-01	   5.3852734897036436e-01	   6.0975139760148001e-01	   2.3651853747279777e-01	   2.5125042594878000e-01	  -8.7325921433455564e-02	   1.0308556774477251e+00	   7.2988008898034218e-01	   4.1460571824812364e-01	   3.3932693258591967e-01	   2.0741991647875097e-01	   4.1564938065067669e-01	  -7.4667746626420936e-02	   1.7727137176271510e-01	   2.6323185523789661e-01	   2.7677024202953310e-01	   2.7066875199390344e-01	   1.9515117029615300e-01	   1.2766755205155308e-01	   5.5515632902125200e-01	   1.0648275023078571e-01	   5.2016455307152665e-01	  -8.4070380198218109e-02	   7.9922761169804526e-02	   3.6168555001274461e-01	   5.2657738826875677e-01	  -2.6276908816135636e-01	  -7.5162405879696456e-02	   1.1771232677477808e-01	  -7.3113840100120772e-02	  -4.9831530194664270e-02	   5.7132191895234462e-02	   7.1018837057631429e-02	   1.0794066693331172e-01	
