   0.0000000000000000e+00	   1.0605456801073778e+00	   9.1402631724476213e-01	   7.3664959648023831e-01	   5.7577269435798917e-01	   4.4520559607900689e-01	   9.1637890445994785e-01	   8.6157642995691064e-01	   5.3861613146696363e-01	   4.6381198462466322e-01	   1.2519375758582580e+00	   1.0400995856928552e+00	   1.0631509959808860e+00	   9.3245321082419241e-01	   8.5164631046031514e-01	   8.0513787250336089e-01	   9.2120191241624549e-01	   8.6752707217942193e-01	   1.3493377391477801e+00	   1.0439592601751808e+00	   5.8605928905015892e-01	   5.2373689074265561e-01	   6.4048488667455539e-01	   5.7653076778925649e-01	   4.4685842460868752e-01	   4.3646669611663280e-01	   5.6823046562763202e-01	   3.0120167331646697e-01	   9.4781355966266168e-01	   9.1527514745847860e-01	   8.0162827217886989e-01	   8.9060034881048278e-01	   1.1558378073825875e+00	   1.1920065879047759e+00	   4.8471228449078285e-01	   5.6478880696563782e-01	   5.7998028492435616e-01	   6.5857735710960053e-01	   8.1204052724429165e-01	   6.5929234037623186e-01	   6.4428298139293128e-01	   8.8729284003160669e-01	   6.5946724326668560e-01	   7.3396534363603083e-01	   5.7159894407908574e-01	   6.5406518687684323e-01	   7.1271893251977947e-01	   8.0110563299605209e-01	   4.8508025867252319e-01	   6.1475791160907978e-01	   6.7305014925160145e-01	   7.1944826900232883e-01	   8.5384512326535456e-01	   9.3639005068358094e-01	   9.3510454115431640e-01	   9.9410234694822186e-01	   1.3203763860322257e+00	   6.0151451321753591e-01	   8.4550296400750713e-01	   6.2952934827070595e-01	   1.0744766708538427e+00	   6.7257856554281903e-01	   1.0579965577965380e+00	   6.9762649008971800e-01	   4.0110783653255960e-01	   4.4598926685035373e-01	   6.2662780640928872e-01	   5.7719427005354740e-01	   6.1793649296022823e-01	   4.6924774030812239e-01	   7.6048737859806992e-01	   1.1081505843546289e+00	   1.0946859459937728e+00	   1.0498492748854109e+00	   9.7999951498819371e-01	   1.0477573064864558e+00	   1.0097154436489735e+00	   1.1177349430419690e+00	   9.0903189224816849e-01	   8.1005223241297752e-01	   8.9216043692594449e-01	   8.9661527788163919e-01	   1.0303428695647288e+00	   8.3875359476044975e-01	   8.1669779687766275e-01	   8.6661002557693134e-01	   9.3705451296895292e-01	   7.1664088331184106e-01	   1.1050840440526046e+00	   9.3671660810326041e-01	   4.6258940438420493e-01	   4.3522413971374702e-01	   1.4309717319205628e-01	   2.6014722682066466e-01	   3.4599117060322560e-01	   4.7394625446892019e-01	   8.0500250051828981e-01	   1.0645232871400512e+00	   8.2421585399778075e-01	   1.0238748670082538e+00	   3.5482109123984712e-01	   4.3373591264902278e-01	   4.9509396156902141e-01	   6.7784709132787790e-01	   3.4716790762977862e-01	   1.3814535322953886e-01	   3.7018896870602919e-01	   4.1059998732501862e-01	   1.4257261591709997e-01	   5.0820273987816422e-01	   7.8496313439552234e-01	   8.5951650700736637e-01	   5.2736268699962174e-01	   7.1047354745319791e-01	   6.7966035496630572e-01	  -6.0038342589371663e-01	
   1.0605456801073778e+00	   0.0000000000000000e+00	   7.2474405433630895e-01	   6.4173565352784856e-01	   5.1946225261355017e-01	   4.2306534430453269e-01	   6.2798205638925153e-01	   6.4220907797280713e-01	   4.8958102290599709e-01	   3.2820864862516325e-01	   8.3896755705986681e-01	   8.1634181720273613e-01	   7.6849928539551593e-01	   9.0591428205076896e-01	   7.3029489121175795e-01	   8.0278107443097335e-01	   8.8756893577114815e-01	   9.4828827516515768e-01	   9.6502639662759937e-01	   9.4797720406451003e-01	   4.6666357925728680e-01	   4.6866437291867502e-01	   6.2465805872514757e-01	   6.1923790941202295e-01	   4.4292281415767665e-01	   4.2665843707541506e-01	   4.8028747364101965e-01	   3.2203239207513285e-01	   8.1979150685987712e-01	   8.8769978652659021e-01	   6.8598559058708453e-01	   7.4989530055030340e-01	   8.8580289254404043e-01	   8.8304353599843155e-01	   3.8824441629696438e-01	   3.7470173546862984e-01	   6.0562432465987581e-01	   8.8770318882916810e-01	   8.3418933002041362e-01	   8.2738087476498245e-01	   6.3743272963622943e-01	   1.1747514138565585e+00	   5.3519948829330921e-01	   5.8790733087614544e-01	   4.7039472256054266e-01	   5.0359737381196523e-01	   5.9828119107662558e-01	   6.5349624298012010e-01	   3.7886954346364521e-01	   4.6483347895959171e-01	   4.5746194320503303e-01	   5.6844564090315364e-01	   7.4234581880604911e-01	   7.1322017067852439e-01	   7.8573507972974765e-01	   8.0756451298356124e-01	   1.1043558489051100e+00	   9.2633913655643152e-01	   4.5731118564540701e-01	   4.0266656448057292e-01	   5.6571606060105506e-01	   3.7875568590826952e-01	   7.9431185445654795e-01	   6.2426408584992243e-01	   3.2077764813677184e-01	   2.7694642331848057e-01	   3.5413652877438995e-01	   3.5366907818011606e-01	   4.5093678718710528e-01	   3.0329123542012626e-01	   6.5327143372381025e-01	   9.0952999990925865e-01	   1.0345879239581832e+00	   1.0959306824121497e+00	   9.3472558196717015e-01	   1.1692587293672279e+00	   9.4543031874396954e-01	   1.0751671742490387e+00	   8.4088157629662452e-01	   8.0457862597318097e-01	   7.6789551591087934e-01	   8.0634243021236840e-01	   8.7378623740529504e-01	   8.5758520033983987e-01	   7.2102153693892435e-01	   7.5029039739046599e-01	   8.3587586798122515e-01	   9.2106174675433350e-01	   7.8347454917124715e-01	   6.5976368746213576e-01	   3.4072807602996663e-01	   2.0268898867661114e-01	   4.6442989554288647e-02	   1.2076888367647196e-01	   2.9019796636296813e-01	   4.6665287145668771e-01	   7.6182153205398284e-01	   7.6023757461410146e-01	   7.0544988884920612e-01	   6.5038289960347506e-01	   1.9701011602555979e-01	   1.7930465618401056e-01	   3.3634485528451069e-01	   4.1334904678705819e-01	   2.2376355448544175e-01	   7.8422807098151456e-02	   2.9473902268595198e-01	   2.1128768323417157e-01	   1.0544328455964039e-01	   3.7521138828455902e-01	   5.3058558906075748e-01	   5.8992509667825466e-01	   4.0376594696857843e-01	   7.1865992482212249e-01	   6.2634246582600372e-01	  -4.5354785404276599e-01	
   9.1402631724476213e-01	   7.2474405433630895e-01	   0.0000000000000000e+00	   1.1057321427345490e+00	   1.1317666666212347e+00	   7.9597065649646259e-01	   1.4925245334610600e+00	   9.3328721842439721e-01	   9.6677038696825057e-01	   6.3331525175782899e-01	   8.4057041420281475e-01	   6.8088156267114586e-01	   9.3063741162442959e-01	   7.0739712379513009e-01	   1.1696684597200928e+00	   9.0124421388744558e-01	   4.3068802159118924e-01	   5.0779784018851626e-01	   1.0455934626624490e+00	   8.0456533381255091e-01	   8.7902691099367836e-01	   7.3914554330647997e-01	   1.7934873673144109e+00	   1.4299294500214454e+00	   1.0593490998907611e+00	   8.2801867359268977e-01	   8.8746927067131387e-01	   4.8589111183467587e-01	   6.5257760693190436e-01	   6.7324477170011443e-01	   1.4742944421566082e+00	   1.2923681998813932e+00	   1.4316500347359629e+00	   1.3355968543878851e+00	   1.1774541712184525e+00	   1.1434730005247915e+00	   5.9226997009708149e-01	   7.0386562228186167e-01	   9.0398404285251910e-01	   6.3536760214812460e-01	   7.3925944469408411e-01	   6.6487382554242946e-01	   8.2543235397221648e-01	   8.3034952779034765e-01	   7.7045660275668415e-01	   7.7611247147153972e-01	   8.1592728684443738e-01	   9.7878406922426375e-01	   6.5091158868018950e-01	   7.5776792266936854e-01	   9.3064473594918118e-01	   8.4608870202036035e-01	   9.3207130969724450e-01	   1.0518707032624066e+00	   1.0108050289947523e+00	   9.8086615079903916e-01	   6.3015756665527123e-01	   4.2373119265180925e-01	   8.7258930103095911e-01	   7.1826324112750317e-01	   8.3775252793403010e-01	   5.0029165516298357e-01	   5.3183559157965843e-01	   4.6315072486528730e-01	   1.0803302402262798e+00	   8.8451174087880435e-01	   1.1115060317609784e+00	   1.0408773459101635e+00	   7.0770664165952157e-01	   7.7274451205785943e-01	   7.1652996096680555e-01	   8.4276169653159583e-01	   5.8997631676607776e-01	   5.9195514374442681e-01	   6.9028510090622763e-01	   6.7310185699542990e-01	   7.1330983694223715e-01	   8.3066794950130940e-01	   7.5334417289919375e-01	   6.6389158914590030e-01	   6.1488754032131254e-01	   8.2944241706690214e-01	   1.2776266922306816e+00	   7.2159015411105554e-01	   1.3725226716422030e+00	   1.3180559218838033e+00	   1.1653544188463727e+00	   7.1802825809499926e-01	   1.2866572231904849e+00	   1.3594441331428999e+00	   9.2901279455777419e-01	   9.0064400724298077e-01	   4.7851650209385355e-01	   8.4066014540058775e-01	   5.9723226503869054e-01	   5.8194562878868361e-01	   1.0383066067105462e+00	   1.1002012090601896e+00	   1.1157942134207868e+00	   1.1941100958284929e+00	   6.0398961826076236e-01	   8.1049842593862864e-01	   9.0929090462281859e-01	   1.0463428137964057e+00	   8.1447204691663011e-01	   6.1017572282456733e-01	   7.0907803800547542e-01	   7.8546201622404488e-01	   3.1052583727253097e-01	   5.9887759916343597e-01	   1.2097582113923111e+00	   1.0816469284519044e+00	   8.2932202954188905e-01	   8.4491521410635750e-01	   9.0828583956808995e-01	  -3.3776102260972413e-01	
   7.3664959648023831e-01	   6.4173565352784856e-01	   1.1057321427345490e+00	   0.0000000000000000e+00	   9.4724332271498191e-01	   9.5781932365978739e-01	   1.1759733009910058e+00	   1.3719299602024739e+00	   9.2005164654203797e-01	   1.0189034989867713e+00	   6.8896619823224670e-01	   9.4257031097087296e-01	   7.8600662119631670e-01	   7.9801486331864302e-01	   8.2983993874339235e-01	   8.4262778022848572e-01	   3.0160271765907437e-01	   3.3289696152651688e-01	   6.4920623637782326e-01	   4.9725923893003199e-01	   8.7464238416965068e-01	   7.6642178480970924e-01	   9.0989393108226591e-01	   1.1304012948501334e+00	   7.2622957225410600e-01	   8.1042302663795895e-01	   6.8212938164192372e-01	   5.1468459688155088e-01	   5.2360217484088711e-01	   5.9415891215227512e-01	   1.0087615321593555e+00	   1.0416366382859852e+00	   9.4826858959180105e-01	   1.0875389155449278e+00	   8.0942276591794904e-01	   8.8436399176968261e-01	   5.2546854010695832e-01	   7.9982256019440945e-01	   8.6052661784046913e-01	   7.9886329783373089e-01	   5.5136513990612779e-01	   5.4691265083064189e-01	   8.2644253090751929e-01	   8.0954027844220755e-01	   6.5034079387444499e-01	   6.6300931949677711e-01	   8.4101612913879875e-01	   9.2139990004428485e-01	   6.0151334380579868e-01	   7.0291558556951628e-01	   8.3926998525205865e-01	   8.3968383125576529e-01	   7.6753166059085531e-01	   8.0118550743325068e-01	   9.6877178828293642e-01	   1.0009984974466941e+00	   4.8415858643426823e-01	   3.8991352284027953e-01	   7.8327987929027654e-01	   9.6720389533028406e-01	   9.3024485667202739e-01	   9.3180852566084071e-01	   4.8647442054493478e-01	   4.2152814625954715e-01	   8.7668415695464552e-01	   1.2717744244530211e+00	   9.6384692112792603e-01	   1.0811559412364555e+00	   4.5347299956372955e-01	   5.1361383872080191e-01	   6.0518873397219064e-01	   7.5126361977180778e-01	   4.8693049077832196e-01	   4.7919266323450083e-01	   5.6590218101280665e-01	   5.8454461430303140e-01	   6.8264416228180280e-01	   8.4018543600873374e-01	   6.0240894679585688e-01	   5.4792762265839545e-01	   5.4114677078757001e-01	   7.1873568407512822e-01	   8.4008259385994721e-01	   5.8203646637484674e-01	   1.1525661183384315e+00	   1.2523431872766757e+00	   8.0006122873853469e-01	   6.4987886403149331e-01	   1.1949208766688197e+00	   1.3262984334308947e+00	   8.1148225390867013e-01	   6.3492354940460938e-01	   5.2435130399608798e-01	   6.0768599812446578e-01	   2.9497959309986016e-01	   4.7392337704798648e-01	   8.7192794771468918e-01	   9.1265771913418914e-01	   9.8642621152338672e-01	   9.2560979931242393e-01	   6.7704007437032965e-01	   5.9937989595431085e-01	   7.2221624503394832e-01	   7.5247697951676806e-01	   7.1249319526435373e-01	   4.1382659819526074e-01	   6.7022568332689303e-01	   4.4144578250839467e-01	   2.2962271243914967e-01	   5.5355756114162091e-01	   9.6057691136407464e-01	   9.2874559557799552e-01	   6.3884225775168058e-01	   8.1328936613067004e-01	   9.3618781620059455e-01	  -3.6664833077726472e-01	
   5.7577269435798917e-01	   5.1946225261355017e-01	   1.1317666666212347e+00	   9.4724332271498191e-01	   0.0000000000000000e+00	   1.3555925726916342e+00	   1.0008548452399102e+00	   7.9493443316552503e-01	   1.3785026609685915e+00	   7.6946703065611788e-01	   5.3788178145718768e-01	   5.2535618082104407e-01	   5.9593093293539068e-01	   4.1894088039139532e-01	   6.6007960717966463e-01	   5.0511289969248696e-01	   1.8445877444718586e-01	   2.6349889361002332e-01	   5.2421064143741058e-01	   3.8877178435206550e-01	   7.0882288427138962e-01	   6.4649363339530697e-01	   1.0154339426096701e+00	   9.2830003255563809e-01	   8.6263566742102316e-01	   9.1805010714178070e-01	   8.1096069603100074e-01	   7.4947379145044113e-01	   3.5813048996378305e-01	   3.9604214264786131e-01	   8.7962404110659653e-01	   8.5477996301427073e-01	   7.8249226925893622e-01	   7.3476349811305086e-01	   9.3518537951167091e-01	   8.3638129498624469e-01	   4.3402815756522961e-01	   5.5996604908301695e-01	   6.5343569982954597e-01	   5.6517707381104787e-01	   4.9654826301265809e-01	   4.3776032960210448e-01	   4.9397451035550377e-01	   4.6379285158218286e-01	   5.8451674543376508e-01	   5.6859927052865833e-01	   4.8928938055563703e-01	   5.9266937953704291e-01	   4.6978079779928961e-01	   6.1481470151042461e-01	   6.7747959302311034e-01	   6.6112308439239931e-01	   5.9330352551231846e-01	   7.8334076890918813e-01	   6.7054851035897767e-01	   6.3558452745287697e-01	   3.5889546576204234e-01	   2.7184050249355585e-01	   6.9336339652229573e-01	   6.4870690999792302e-01	   6.9167635519868220e-01	   5.4279788628003423e-01	   3.2062524711140949e-01	   2.4912103006988398e-01	   9.8031951998718159e-01	   7.5277528116364367e-01	   8.7474548591349488e-01	   8.4985535521733779e-01	   3.4648685981457389e-01	   3.9225044465476988e-01	   5.2626164877509174e-01	   5.7037110054155971e-01	   4.2964108402105233e-01	   4.3861017458923612e-01	   5.5666793146334448e-01	   5.3214488467270660e-01	   4.7343296878879987e-01	   5.7158224724276541e-01	   4.0573503441780312e-01	   3.5379799407521628e-01	   3.4982174164143615e-01	   5.1561843725267298e-01	   7.1682105680532027e-01	   4.5140182421122188e-01	   9.1803855349806951e-01	   8.3730180450520086e-01	   7.9009869447361225e-01	   6.0540950385550663e-01	   8.8039272307047778e-01	   9.8369232934145245e-01	   6.6637846228377862e-01	   7.1951626151064985e-01	   4.8521980124643826e-01	   8.1810202842009416e-01	   4.9969227957666257e-01	   3.6190268619983479e-01	   6.6078974092332732e-01	   6.5610717209705405e-01	   6.5164491400021207e-01	   7.2605555361394647e-01	   6.1760384102726529e-01	   7.0520662255606625e-01	   6.3808874831662710e-01	   7.5486793539377106e-01	   5.5980983777964111e-01	   5.5514730893806885e-01	   6.2176769875503934e-01	   5.2090233430176813e-01	   3.2169924786290260e-01	   4.0329064742576454e-01	   6.8342000102297018e-01	   6.2828294776458904e-01	   7.1220460475357517e-01	   7.3675563834900448e-01	   8.2709994067410753e-01	  -1.8340164034700321e-01	
   4.4520559607900689e-01	   4.2306534430453269e-01	   7.9597065649646259e-01	   9.5781932365978739e-01	   1.3555925726916342e+00	   0.0000000000000000e+00	   8.7122201347968764e-01	   9.2551616772660728e-01	   1.2767463829369210e+00	   1.0504233598133683e+00	   4.4846377507537405e-01	   5.5426134844386676e-01	   5.1104748407675427e-01	   4.5648707770641739e-01	   4.6269377682829782e-01	   4.5483487398232858e-01	   9.7212003670873806e-02	   1.5748076211101208e-01	   3.8169833053293395e-01	   2.3157965592914054e-01	   6.4647929423900730e-01	   5.9847654724942290e-01	   7.4977257310215806e-01	   8.0249658186910366e-01	   7.0382626314103636e-01	   9.4800163000415649e-01	   5.9391011068630795e-01	   8.1308187993245007e-01	   2.2577175784663372e-01	   2.8350204077456237e-01	   7.5891708351709741e-01	   8.0209669088555602e-01	   6.3451200707378996e-01	   6.1830833066317670e-01	   7.9186210055833617e-01	   7.6817081889978733e-01	   2.9493195351391333e-01	   4.8263062260104894e-01	   5.5094617900098997e-01	   5.4021866440050648e-01	   4.4169168697460764e-01	   3.2295774794139320e-01	   4.2970871496803487e-01	   4.0129642795717446e-01	   5.1129332703391139e-01	   5.0358894540433852e-01	   4.0897551142931432e-01	   5.1123962439345294e-01	   4.0668306150807276e-01	   4.9340150109516590e-01	   5.1154119306429058e-01	   5.0054676608541548e-01	   5.4107594347687871e-01	   6.1382391918404122e-01	   5.6709998687492480e-01	   5.2845457573278432e-01	   1.7071369538083117e-01	   1.1756893093923548e-01	   4.5113173051038630e-01	   5.5471855301294737e-01	   5.5636375976875119e-01	   6.4122551955000717e-01	   2.0324230940875349e-01	   1.7604736340783869e-01	   8.0811772754821209e-01	   8.0995450741166519e-01	   6.9004561298914435e-01	   7.7354056315020148e-01	   1.5029419030722527e-01	   2.4975873658471959e-01	   3.7576641429673452e-01	   5.0402872112688335e-01	   2.7775893080804070e-01	   2.9926006405748945e-01	   3.9077591718273319e-01	   4.5027032036119702e-01	   3.0313459575793306e-01	   4.2634659778695222e-01	   2.7744500219916735e-01	   2.7473611899897737e-01	   3.1414262111882207e-01	   5.0339654533748224e-01	   6.2158922978746600e-01	   2.9690004037119327e-01	   8.0572335075709600e-01	   7.6691369607886839e-01	   5.9734220640901547e-01	   4.9988558591570742e-01	   7.4863668230159275e-01	   8.9753122992918777e-01	   7.2008690382821605e-01	   6.4799996732217524e-01	   5.8640681065953459e-01	   7.2654033176055222e-01	   3.2460331715223911e-01	   3.6281044741866358e-01	   4.9255554520448042e-01	   5.0262036117345155e-01	   6.0542090212813937e-01	   5.8795614609914915e-01	   6.5185183505116329e-01	   6.8365047581431504e-01	   5.3971375961888857e-01	   5.9650854434634537e-01	   4.4769223554697180e-01	   4.1276296639283411e-01	   5.0462631628648269e-01	   3.5377355359545398e-01	   1.8854391932563919e-01	   1.9955600371578142e-01	   5.6687292207157713e-01	   5.8096991342265802e-01	   7.0945273075221382e-01	   6.6213077239775509e-01	   7.7514177571379983e-01	  -2.4569025395886501e-01	
   9.1637890445994785e-01	   6.2798205638925153e-01	   1.4925245334610600e+00	   1.1759733009910058e+00	   1.0008548452399102e+00	   8.7122201347968764e-01	   0.0000000000000000e+00	   1.3881189837379446e+00	   9.9771047623318532e-01	   8.9471819385892415e-01	   8.8934310440757158e-01	   8.9248094211729945e-01	   1.0465196193170967e+00	   7.6659719163676410e-01	   1.0726842384688813e+00	   7.7318157230135609e-01	   4.2487111100401675e-01	   5.0152810214963672e-01	   9.8938305580076935e-01	   6.9610220945709600e-01	   8.0620308944767027e-01	   5.8407390026547346e-01	   1.1591494710716095e+00	   1.0618907853272752e+00	   7.0947190069388211e-01	   6.6510190930336799e-01	   6.0872314235389369e-01	   4.0699342281683815e-01	   6.4681078728916208e-01	   6.5266189221457105e-01	   1.1599048759113204e+00	   1.1575220313330268e+00	   1.2010318475811861e+00	   1.2414234324598925e+00	   9.2969514948433796e-01	   9.8766013820542076e-01	   4.5934405164560932e-01	   5.5037405153443797e-01	   7.6172465989513349e-01	   5.6819391623588200e-01	   6.2403550243891492e-01	   5.5544962399203934e-01	   7.2913144509678052e-01	   7.2542132913313317e-01	   6.9277938626046243e-01	   7.2862262953900048e-01	   7.2331426391425324e-01	   8.8904705518836269e-01	   5.9994614514434363e-01	   6.7659749383922829e-01	   8.0758243143937969e-01	   7.8168838042736466e-01	   8.2078003505780039e-01	   9.4849730673289412e-01	   8.2502156780662861e-01	   8.7074026898503010e-01	   4.8362727688078061e-01	   2.9404722357427410e-01	   8.4657963141785053e-01	   7.9113017710957656e-01	   1.0596403210297134e+00	   7.7064393970006195e-01	   5.9203777331950125e-01	   5.1769449143420920e-01	   9.5262565319312953e-01	   9.5202892670926031e-01	   1.1040174778127814e+00	   1.0560478939193578e+00	   5.6253168055461200e-01	   6.1186368697652349e-01	   5.9113597351369063e-01	   7.7661472036187418e-01	   5.5918268345473254e-01	   5.7064866091725364e-01	   6.5218873487232054e-01	   6.8383976521225942e-01	   6.3331967291891900e-01	   7.7000867601544520e-01	   7.0782880161763406e-01	   6.4905110470691996e-01	   6.3224207413346889e-01	   8.0753289132167116e-01	   1.1913233316343128e+00	   6.4842245636920870e-01	   1.2391471168083257e+00	   1.2740837582787086e+00	   8.8572415765296886e-01	   6.0879591432328706e-01	   1.1775260091107496e+00	   1.4567154817944941e+00	   9.9764950750243531e-01	   1.0830120878355696e+00	   5.9102965247776196e-01	   8.6134390479694289e-01	   4.3428507964594976e-01	   4.9133006538253121e-01	   8.3814428123019835e-01	   9.0479782669871822e-01	   1.0479762439859865e+00	   1.1837044148086615e+00	   7.6997315842064940e-01	   9.8696704518621858e-01	   9.7966170490814863e-01	   1.0819572667238198e+00	   7.6774681359245689e-01	   5.4965218119863390e-01	   6.9981147991107195e-01	   6.8537718662881097e-01	   3.1746083668322461e-01	   5.6351345251356555e-01	   1.0940032410673646e+00	   1.1320133485689778e+00	   1.0200318626575682e+00	   7.8593610469192143e-01	   8.2819654389756858e-01	  -4.0837337108355898e-01	
   8.6157642995691064e-01	   6.4220907797280713e-01	   9.3328721842439721e-01	   1.3719299602024739e+00	   7.9493443316552503e-01	   9.2551616772660728e-01	   1.3881189837379446e+00	   0.0000000000000000e+00	   8.2804727576132398e-01	   1.1419534978735189e+00	   9.1757184752804011e-01	   1.2822607006905606e+00	   1.0253159994174224e+00	   1.0297397238112806e+00	   9.0693154313827851e-01	   8.0716726113511317e-01	   4.5273303107914475e-01	   4.8220599043500184e-01	   8.0460936276866313e-01	   5.9844240063135923e-01	   6.8373632888367675e-01	   5.1434616566426250e-01	   7.5799987976554828e-01	   8.7196653247846956e-01	   4.4698044071714738e-01	   5.3679965839807875e-01	   4.5581031736683086e-01	   3.9772672584146229e-01	   6.2080046014447166e-01	   6.8535530822883939e-01	   8.2004331671426633e-01	   9.6085471042795267e-01	   9.1639146385123083e-01	   1.1153385915925786e+00	   6.3853391654742175e-01	   7.2932682645987745e-01	   3.7615818272501034e-01	   5.7183047048831315e-01	   7.2267532124180389e-01	   6.2007947585246248e-01	   5.1364418316741345e-01	   5.0146879016656776e-01	   6.6793511006907180e-01	   6.7997877909018467e-01	   6.1214794243920212e-01	   6.6245202175502971e-01	   6.7610092418041567e-01	   8.1253219106914176e-01	   5.5582780999079728e-01	   6.4621043814191781e-01	   6.7735220468898716e-01	   7.4011840835259135e-01	   7.2855344430625002e-01	   8.0114340315306298e-01	   7.9623194710726852e-01	   8.2808705048759212e-01	   4.3222543897667776e-01	   2.7786641870110990e-01	   6.6237557810175907e-01	   8.0043051585606095e-01	   1.0081269418887202e+00	   1.1217045695376910e+00	   6.0382564354327306e-01	   5.7641539936650144e-01	   7.2955848210823149e-01	   9.7543690113523784e-01	   8.0812871802817621e-01	   9.1030678479990679e-01	   4.0469761375483682e-01	   4.5664605673037301e-01	   4.8495110122388974e-01	   7.3019169604784895e-01	   5.2743487826143909e-01	   5.8246831958864398e-01	   6.0260262854797753e-01	   7.2453837787903774e-01	   6.2111167904992759e-01	   7.6465156514808474e-01	   6.9853394503889943e-01	   6.4404887959900092e-01	   6.8088697316096669e-01	   8.3006111665793303e-01	   9.8129560534992932e-01	   5.6590084018609987e-01	   1.0702739267923591e+00	   1.1517392564318614e+00	   6.5575632839454490e-01	   5.4169081456291468e-01	   1.1042592888756892e+00	   1.2396316428267458e+00	   8.3787413906936803e-01	   7.1252061795732591e-01	   5.2748271132478619e-01	   5.5926826375585814e-01	   3.0998047033864873e-01	   5.0702931452949462e-01	   7.0098252762439839e-01	   8.5130336891169589e-01	   9.4461694841967780e-01	   9.3608347618067855e-01	   7.1339021459602969e-01	   6.4999260575924878e-01	   7.5348895310006403e-01	   7.3761446749549975e-01	   5.9730105655706656e-01	   3.5684655728511377e-01	   6.4725502739654606e-01	   4.1504616775174596e-01	   2.2390523149143968e-01	   5.3170382555188178e-01	   8.9298069224513821e-01	   1.0011641754888991e+00	   8.2453604221602161e-01	   7.7202945255832289e-01	   8.7658234723392658e-01	  -4.8691367031170563e-01	
   5.3861613146696363e-01	   4.8958102290599709e-01	   9.6677038696825057e-01	   9.2005164654203797e-01	   1.3785026609685915e+00	   1.2767463829369210e+00	   9.9771047623318532e-01	   8.2804727576132398e-01	   0.0000000000000000e+00	   8.2630704401539534e-01	   4.7740059559696618e-01	   5.3270979463537571e-01	   5.7357686979802625e-01	   4.1466500654543015e-01	   5.8090804976036114e-01	   4.4718148392230761e-01	   1.9169619827177037e-01	   2.4423765381480350e-01	   4.9620907584066909e-01	   3.1482350272392073e-01	   5.9871879320371468e-01	   6.2134620892314629e-01	   8.9802621157347029e-01	   8.2752303157446261e-01	   7.3138110431356518e-01	   8.3267557328307507e-01	   5.9272454645624761e-01	   5.9476343249849206e-01	   3.4376348146321273e-01	   3.3815383133145038e-01	   8.3012728146699544e-01	   8.2452902094166092e-01	   7.2325269186734653e-01	   6.4948376856505441e-01	   8.3397848205814151e-01	   7.4490763878791921e-01	   3.0893787209321405e-01	   3.9931346581970428e-01	   5.0857892417575412e-01	   4.1908882751760190e-01	   3.3302953159993387e-01	   3.3595419279186778e-01	   4.1025610523459943e-01	   3.7512995371244107e-01	   4.7979855394339077e-01	   4.7241309738555126e-01	   4.2729097453699999e-01	   4.9821100008849872e-01	   3.5532865989130868e-01	   4.5091505566001377e-01	   4.9958381554785813e-01	   4.5924519239776507e-01	   5.9646237419514292e-01	   6.6257013385304009e-01	   5.5718983907652397e-01	   5.6163857768740577e-01	   3.2040211734616741e-01	   1.7290501094718261e-01	   5.5354077793234024e-01	   5.0288314058444272e-01	   6.9401140978440068e-01	   6.4869285007460753e-01	   3.0612154545132320e-01	   2.1053257364362130e-01	   9.3059689630200948e-01	   8.2566507821138746e-01	   6.7512658827750782e-01	   6.7166933925907035e-01	   3.3951343832354786e-01	   3.5894566692542246e-01	   4.0085080013670271e-01	   4.8226275911966510e-01	   3.8577257723625069e-01	   3.6269999715524753e-01	   4.8863037072717097e-01	   4.3991270273333122e-01	   3.6652180734474998e-01	   4.6119016784590472e-01	   4.1577604929473433e-01	   3.0322346048886673e-01	   3.9357991884319327e-01	   5.3966267911750343e-01	   6.4393746888767156e-01	   3.3354128629059066e-01	   8.1461856245997266e-01	   7.6001981254197637e-01	   6.9042677107850581e-01	   5.1205778048135242e-01	   8.7219666989311329e-01	   9.9163819360379124e-01	   7.0203452421153933e-01	   7.5586737032438989e-01	   5.5758776641286145e-01	   8.7444463217276458e-01	   4.5630898002571391e-01	   3.6136028845955670e-01	   5.7453328549381255e-01	   5.8820930964341367e-01	   6.0642436862067239e-01	   6.7338370546778326e-01	   6.3465146935527383e-01	   8.6761482157848624e-01	   5.8677955233816104e-01	   7.8414912995694697e-01	   4.7120423295915048e-01	   4.5814316205956518e-01	   5.8077754493568179e-01	   5.4542908412397406e-01	   3.2901765851332460e-01	   3.7632909847259338e-01	   5.4726378376759488e-01	   5.6720689561222115e-01	   6.1372142676011487e-01	   7.3778133449641581e-01	   8.1559501762387554e-01	  -2.2311611539225795e-01	
   4.6381198462466322e-01	   3.2820864862516325e-01	   6.3331525175782899e-01	   1.0189034989867713e+00	   7.6946703065611788e-01	   1.0504233598133683e+00	   8.9471819385892415e-01	   1.1419534978735189e+00	   8.2630704401539534e-01	   0.0000000000000000e+00	   5.5089146666955757e-01	   8.8146342939553846e-01	   6.8818410274692077e-01	   5.9684247958206504e-01	   5.6020488357208387e-01	   5.6976087563628053e-01	   1.5658883369427612e-01	   2.1453553295024269e-01	   3.5173787968918468e-01	   1.4800583358371630e-01	   5.6693744192643514e-01	   4.3566767734067785e-01	   5.6284670497659217e-01	   6.4493983354250728e-01	   4.1212047669193363e-01	   5.9960431324624486e-01	   3.9955604444531151e-01	   3.8725687879327569e-01	   3.2324928629279298e-01	   3.4829870543545821e-01	   5.8098189374263964e-01	   6.5984265244997498e-01	   5.9680858280996918e-01	   6.8735610124499313e-01	   6.0159626080939432e-01	   6.5290935138363271e-01	   3.8869205108533722e-01	   4.7116092915621877e-01	   5.6647873518009795e-01	   5.5391268171063468e-01	   4.8666271797627025e-01	   3.5532585591382149e-01	   5.9140275365084216e-01	   5.5090993485323181e-01	   6.0170638500604212e-01	   6.5575037794313984e-01	   5.8666111152971445e-01	   6.7670018129067622e-01	   6.0648977308779373e-01	   7.0907466226390103e-01	   6.8482160923287827e-01	   6.9770559437255919e-01	   6.4729167325527903e-01	   6.4718955238913223e-01	   6.5470379122001654e-01	   6.4517428529477439e-01	   1.7652072184586326e-01	   5.1107023821215944e-02	   6.1483174457201861e-01	   8.3894487738656409e-01	   7.9312849258787632e-01	   1.0863011090235337e+00	   3.2399619778777683e-01	   2.9629631721899014e-01	   7.7012140258759765e-01	   9.7287763601026300e-01	   7.0432279920175789e-01	   8.4358203154264344e-01	   1.0451070143540198e-01	   2.1367664455997426e-01	   4.0886119974042995e-01	   5.2249140994643350e-01	   3.0486616358371393e-01	   2.8941025027673445e-01	   4.3105612512623404e-01	   4.7588507282970088e-01	   3.7910831013308988e-01	   5.0841631877041515e-01	   3.6444779005970074e-01	   3.4330694859470884e-01	   4.1579617717149003e-01	   5.3626664653624434e-01	   5.9188092317383256e-01	   3.7536578488066441e-01	   8.1542286490792515e-01	   7.9451183893068877e-01	   5.1235117427578869e-01	   3.6017329878017362e-01	   8.0752684802683161e-01	   1.0374033452212263e+00	   8.2119214942381491e-01	   7.5585886350951181e-01	   7.0345445184901034e-01	   6.3170974364452737e-01	   2.4702950665404125e-01	   3.5333373873854867e-01	   5.5111398859602334e-01	   5.8709077880981286e-01	   7.8911929481830279e-01	   7.4820916628368461e-01	   8.1536810668336868e-01	   6.0224048053614954e-01	   6.0692644758960135e-01	   5.0200276927913112e-01	   4.0618189996005194e-01	   4.1376862517036694e-01	   4.6608282474937446e-01	   2.8784915943792272e-01	   2.6418493342125970e-01	   3.8007854189314916e-01	   6.5150578287238836e-01	   7.9532595723961541e-01	   6.8067728085034118e-01	   5.8143838035271667e-01	   8.0992813811424558e-01	  -2.6600496815033509e-01	
   1.2519375758582580e+00	   8.3896755705986681e-01	   8.4057041420281475e-01	   6.8896619823224670e-01	   5.3788178145718768e-01	   4.4846377507537405e-01	   8.8934310440757158e-01	   9.1757184752804011e-01	   4.7740059559696618e-01	   5.5089146666955757e-01	   0.0000000000000000e+00	   1.2014991307841536e+00	   1.6252804636467737e+00	   1.1693106123547907e+00	   1.1374052076494698e+00	   1.0136881281646526e+00	   9.5940328573233435e-01	   1.0189547643565451e+00	   1.2147443444871360e+00	   1.0105234992845173e+00	   4.8156398152232704e-01	   3.8666086157043567e-01	   7.1778648225061970e-01	   6.4431711214627407e-01	   3.5063211299315589e-01	   3.2378912622557976e-01	   4.3299579212279465e-01	   2.1082956986009663e-01	   1.1250745537184863e+00	   1.1028429851946939e+00	   7.8306309545890163e-01	   8.4547811529057837e-01	   1.0848457942594709e+00	   1.2374587837889917e+00	   5.0991532738951495e-01	   5.4662623021247092e-01	   6.4526887835874924e-01	   6.5351511220909664e-01	   8.2459508625526134e-01	   6.1614914821434041e-01	   7.6028719958946456e-01	   8.6981494658290093e-01	   7.0960428461895908e-01	   8.0017275997839932e-01	   7.1168689864840262e-01	   7.8194364397482319e-01	   7.4513354642866036e-01	   8.9194945894443400e-01	   5.8652346917938203e-01	   6.5772387544351185e-01	   6.3977932276323990e-01	   7.0781944406168462e-01	   8.2416866848926196e-01	   7.9325531441990327e-01	   9.6105315242253231e-01	   8.9119857321006712e-01	   8.2926182867785636e-01	   4.8959067930990585e-01	   6.7416627118429973e-01	   5.4731108453647426e-01	   8.7044471204939400e-01	   6.1083703622665764e-01	   1.1368671100643821e+00	   9.0524434153268873e-01	   4.0847003870642162e-01	   4.0021528673210610e-01	   5.7437372492494809e-01	   5.6573916695637150e-01	   4.5002305724916769e-01	   4.3994832697627573e-01	   7.7357947674837746e-01	   1.0465207302148798e+00	   9.1053340659064952e-01	   1.0450840850772700e+00	   1.0040446503621649e+00	   1.2175129268446643e+00	   1.0082214229926030e+00	   1.1662329000847365e+00	   1.0828306439448270e+00	   9.8897622592758716e-01	   1.1062848763553164e+00	   1.1860845192186913e+00	   1.2341829782233895e+00	   1.0322758442226576e+00	   9.3149010916975294e-01	   9.6372034725653466e-01	   9.1170769865917467e-01	   6.1940162506459362e-01	   1.0771188883267835e+00	   8.6041905730882939e-01	   4.9169094473939440e-01	   4.5642887638217788e-01	   1.7512868552849886e-01	   2.2792509840450276e-01	   3.7300481136600971e-01	   4.4035547575109701e-01	   8.2443359797040072e-01	   1.0123758790827628e+00	   9.5261695141563985e-01	   9.9982054798805531e-01	   3.6631176615495464e-01	   3.7187519826113935e-01	   5.3079595884710451e-01	   5.6929051562133981e-01	   3.9198717223005736e-01	   2.0967374630413263e-01	   4.6359175605182501e-01	   3.5081401313247618e-01	   1.3377107158194368e-01	   6.2815063576793984e-01	   8.8219453649932100e-01	   9.6957601021956352e-01	   5.8533429380415614e-01	   6.9155639544740199e-01	   6.3423021446243000e-01	  -5.7822350017079616e-01	
   1.0400995856928552e+00	   8.1634181720273613e-01	   6.8088156267114586e-01	   9.4257031097087296e-01	   5.2535618082104407e-01	   5.5426134844386676e-01	   8.9248094211729945e-01	   1.2822607006905606e+00	   5.3270979463537571e-01	   8.8146342939553846e-01	   1.2014991307841536e+00	   0.0000000000000000e+00	   1.1404320362221392e+00	   1.3616910331201615e+00	   8.5478496893543465e-01	   9.5266178528495760e-01	   7.3370246410264484e-01	   7.9886714796659464e-01	   8.2998170856340125e-01	   6.6726076594579431e-01	   5.6096479207135963e-01	   4.2126336320389546e-01	   5.3864024411435074e-01	   6.0311931603548030e-01	   2.6235540395215551e-01	   3.5249949704208705e-01	   3.6495859173020206e-01	   2.0122695455719430e-01	   9.2018507124349114e-01	   1.0139239140367260e+00	   6.5369610769843967e-01	   7.8280572597273279e-01	   8.3807254229593631e-01	   1.0923843787053480e+00	   3.6928075000653116e-01	   4.6890598646947901e-01	   5.4239749581820274e-01	   7.3673115778108256e-01	   7.4427299031057848e-01	   7.1840497244380608e-01	   6.1335438669253728e-01	   7.3641075474364648e-01	   6.7495979518208060e-01	   7.2496202686682687e-01	   6.2656046096816165e-01	   7.0895394993465333e-01	   7.3334046103111317e-01	   8.3874188556681140e-01	   5.5419207987776054e-01	   6.8236165241564473e-01	   6.3696371767808457e-01	   7.6229066872758366e-01	   8.2370394460108987e-01	   7.9338595148994950e-01	   8.7923614075831835e-01	   9.5936428462682688e-01	   7.1935606040468236e-01	   4.7829974798873343e-01	   6.8689260353975257e-01	   7.6231557070703870e-01	   1.0503695531960067e+00	   1.0752074828760327e+00	   8.7769900930746914e-01	   7.1010077517776793e-01	   3.6820059051043708e-01	   5.6069731591994787e-01	   5.4363457927810122e-01	   6.2885282050836122e-01	   2.8055796833642715e-01	   2.9816161580901790e-01	   6.7183591552172484e-01	   9.9449856355879696e-01	   7.7599184040335933e-01	   8.1764310216822111e-01	   8.5369077757429113e-01	   9.9803107817961045e-01	   8.6439852356795965e-01	   1.0790669099912573e+00	   9.6962822234878165e-01	   8.0898277984642086e-01	   8.7874827782794951e-01	   9.8777028952674162e-01	   8.6867110561264327e-01	   7.8941940028064439e-01	   8.1775599346113248e-01	   9.5769328176764890e-01	   6.2606125102422183e-01	   5.8507695881524835e-01	   1.0060282018282523e+00	   1.0092600591494079e+00	   6.0711886341939003e-01	   4.7891714325792167e-01	   3.2376537345709627e-01	   2.7806583639849980e-01	   2.4078215502771450e-01	   4.3624162561047158e-01	   7.2593037987721265e-01	   9.2932890457352746e-01	   9.5313823743085690e-01	   9.5333785265318383e-01	   5.3798698422406266e-01	   3.7671873980590104e-01	   5.1876335467838786e-01	   5.1030846666454310e-01	   3.8918135709717483e-01	   1.8303573415878471e-01	   5.1332943343570037e-01	   2.2197811349433827e-01	   1.7228911832272104e-01	   6.1214611703562616e-01	   7.7567771731913449e-01	   9.4685336850787138e-01	   5.9067806590332705e-01	   7.1591802846385444e-01	   8.2817699457370064e-01	  -4.6049598580136164e-01	
   1.0631509959808860e+00	   7.6849928539551593e-01	   9.3063741162442959e-01	   7.8600662119631670e-01	   5.9593093293539068e-01	   5.1104748407675427e-01	   1.0465196193170967e+00	   1.0253159994174224e+00	   5.7357686979802625e-01	   6.8818410274692077e-01	   1.6252804636467737e+00	   1.1404320362221392e+00	   0.0000000000000000e+00	   1.1906957216602840e+00	   1.3165596427116961e+00	   1.1739805467698061e+00	   7.5908138732154629e-01	   8.0949047541341923e-01	   1.0840367840396734e+00	   8.3536014280931914e-01	   5.1390992384640943e-01	   4.2861020452257659e-01	   8.3810173919316666e-01	   7.9183224732120561e-01	   4.3223829233032696e-01	   4.1877014933615209e-01	   5.0631682932294242e-01	   2.1385302740998749e-01	   9.5517293860175789e-01	   9.4643284149965723e-01	   8.3908299389824970e-01	   9.0448703996624702e-01	   1.1296796025980402e+00	   1.3117607316559046e+00	   6.1803279572547498e-01	   6.2935184204532080e-01	   7.3617312853485628e-01	   6.6661728970665768e-01	   8.9911483242448509e-01	   6.3472402880915402e-01	   8.1871267463528574e-01	   8.2709328480822597e-01	   6.4072507126745670e-01	   7.4123114365753651e-01	   6.2905069119227308e-01	   6.9957947248774388e-01	   6.7832512312244841e-01	   8.2328683906546751e-01	   5.4543801900245126e-01	   6.5258833759009205e-01	   6.7987075172004086e-01	   7.4382703644381187e-01	   7.7960914807693238e-01	   7.2149765564410751e-01	   9.2739682398708878e-01	   8.5268088183008128e-01	   6.9167900994196507e-01	   3.9991182203159620e-01	   6.7466815007979064e-01	   6.1093448776802284e-01	   9.4353017548465734e-01	   6.4352850058887479e-01	   9.4662194789243825e-01	   7.7638399979830452e-01	   6.3382847651713004e-01	   5.9061123655754788e-01	   6.4436624737568238e-01	   6.5601182627051269e-01	   4.5741974145748432e-01	   4.8215789020637678e-01	   7.5175339275517405e-01	   9.6716911774262149e-01	   7.9098686984535171e-01	   8.6467967636168841e-01	   9.4421093560286751e-01	   1.0524283816403954e+00	   8.9632628068128151e-01	   1.0524762918384771e+00	   9.4376091034788390e-01	   8.8508218609365052e-01	   9.1599661356627538e-01	   1.0252574836163693e+00	   1.2015053842305221e+00	   9.8293584412665014e-01	   1.1246007392378474e+00	   1.0961648756152107e+00	   9.7948681249872771e-01	   7.2223422632589784e-01	   1.1936661962298805e+00	   9.5960961533646205e-01	   5.8840388892632356e-01	   5.9076850608128428e-01	   3.1791763123975630e-01	   3.5322658603951407e-01	   4.0799267606689749e-01	   3.5673744759160558e-01	   8.5425050457655249e-01	   9.9222606333967089e-01	   9.2306874608064227e-01	   1.0061613255802913e+00	   4.3014598168658580e-01	   4.6665551782056375e-01	   5.8433708550721364e-01	   6.1328627344215558e-01	   4.4293755856180111e-01	   2.5584727388354317e-01	   4.9996044134993134e-01	   4.0180011540121824e-01	   1.4085921138700191e-01	   6.4758959093732471e-01	   9.1476227345904482e-01	   9.9103557641009521e-01	   6.7822150244091706e-01	   6.5467291979267439e-01	   6.6875967547505377e-01	  -4.8540224397995763e-01	
