   0.0000000000000000e+00	   8.0953616265161132e-01	   5.3263456556698197e-01	   4.3066813520902669e-01	   4.5000146674943875e-01	   6.9722211920033461e-01	   8.2721491970441097e-01	   5.6775856381823231e-01	   8.3913477957676130e-01	   7.9434316378694603e-01	   1.2484699255979712e+00	   8.0821354211188756e-01	   1.1899016707317405e+00	   9.6257314454957721e-01	   8.6112292299163984e-01	   4.7374524739934892e-01	   8.5014442480405283e-01	   5.3238295705260874e-01	   5.2155229903093758e-01	   3.0303045090697422e-01	  -9.5642515390849045e-02	   7.9287105906221639e-04	   8.1969510703170309e-03	   3.2813600761814270e-02	  -3.8841908800994052e-01	  -4.4422540034285918e-01	   1.5830674793217608e-01	   4.5108096215617255e-01	   5.9716804448000638e-01	   4.7015239282765497e-01	  -3.1065787896350178e-01	  -3.2100643114409338e-01	   7.6906841752463859e-02	   8.3211077423074986e-02	  -2.0888976816118848e-01	  -3.3653437266777469e-01	   9.3419412886043482e-02	   2.6359714641737409e-02	  -1.5267769474468007e-01	   1.9537188412202321e-02	  -5.3968059714679883e-02	   4.7642219841722422e-01	   2.8035936786004523e-01	   1.2652228661030829e-01	   9.9993037724064981e-02	   1.5650480612132694e-01	   3.6089236042205264e-01	   2.0678274416075387e-01	   5.3892658221470768e-01	   3.6751876020462115e-01	   4.7973488564727618e-01	   2.6034702072481886e-01	   4.0960926397725894e-01	   2.8756981528298553e-01	   4.6389307895052068e-01	   3.5492274209879854e-01	   1.2325820150183269e+00	   8.1472903978034728e-01	   6.0704296140304803e-01	   3.3681975636040978e-01	   1.2060264196452506e+00	   7.2921782945571345e-01	   8.6900028293540177e-01	   6.8468143466847609e-01	   4.5535287281204739e-01	   3.4450586657033455e-01	  -1.1635314807056213e-01	  -2.6200628233155315e-01	   2.2704334094529488e-01	   2.2838025381192556e-01	   4.2358372498831598e-01	   2.0991695728201140e-01	   5.1829694534509962e-01	   3.6837451728963372e-01	   5.2089441334684805e-01	   3.0798659951559770e-01	   4.3116051998115668e-01	   2.5118410044132738e-01	   4.6159121708684842e-01	   4.9782614808685538e-01	   4.5018620636634260e-01	   6.2582955408306995e-01	   4.5290884577356305e-01	   2.1165779675358939e-01	   4.4438006541950170e-01	   4.8589688894380734e-01	   2.6488870831519806e-01	   1.4619697217172145e-01	   8.5616285557084737e-01	   5.4062304179724774e-01	   4.2296514198015800e-01	   2.6508915384523823e-01	   3.8377995493156786e-01	   3.3188480000996823e-01	   2.1321500112356614e-01	   1.0085216337633029e-01	   1.9412886933267898e-01	   3.7981856599789887e-01	   4.0106666487767267e-01	   5.7898776123149576e-01	   5.1532492447588418e-01	   6.5745870969382803e-01	   3.7575327244607709e-01	   4.5654924154300042e-01	   8.9101186459724077e-02	   1.0438984645376671e-01	   3.2819528700714279e-01	   3.2989990401641639e-01	   2.6296598858049114e-01	   5.0607488525229882e-01	  -3.7905644500272048e-02	   2.6204793013876010e-01	   4.4640455258153366e-01	   2.2494190548895865e-01	   2.9821585671444750e-01	   3.9079975756026858e-01	
   8.0953616265161132e-01	   0.0000000000000000e+00	   2.9644207773393749e-01	   3.1880127616811571e-01	   2.5976683129773653e-01	   4.9125574249359805e-01	   3.8348963316633766e-01	   5.4716261759379714e-01	   3.7068767793951513e-01	   6.0761154771316728e-01	   5.1741098760981530e-01	   6.1428279164174282e-01	   4.9640235283543849e-01	   6.9835621248238378e-01	   6.0961374911682309e-01	   7.8745964419654757e-01	   8.0124935331458691e-01	   6.5886001881261924e-01	   6.1095414665865666e-01	   7.0174500371699655e-01	  -2.5901595815179501e-01	   1.7297958297306612e-02	   2.1515684583976163e-01	   2.5630300883529977e-01	  -2.4908224922317004e-01	  -2.7153534209597380e-01	   2.6569040764728727e-02	   2.3145801432390789e-01	   5.2674619231199515e-01	   4.9124394816583727e-01	  -1.5808527385839280e-01	  -1.2094724012992231e-01	   1.7136372860885052e-01	   2.4199095371484869e-01	  -3.4029899817879761e-01	  -4.5308142257625389e-01	  -6.2337584717399086e-02	  -3.3237492743546232e-02	  -2.5875328909754636e-01	  -3.2187011646325710e-02	  -1.6092379403307927e-01	   4.8615988992233916e-01	   2.2580804819929989e-01	   1.2897155902033061e-01	   2.5438811437597703e-02	   2.4058083302010563e-01	   3.9832631175383071e-01	   2.5472008196339452e-01	   4.7314020218602132e-01	   4.8985768651335937e-01	   3.8220746126117489e-01	   3.5716760933519026e-01	   6.3733345125659413e-01	   5.8942710120276220e-01	   5.9131070007907682e-01	   6.3799253824991153e-01	   1.0860764524445610e+00	   1.0143999213531134e+00	   2.4363028122485317e-01	   3.7834087604845745e-01	   4.8209122817157846e-01	   4.1598848997797921e-01	   6.6552829831541360e-01	   7.2857526175688425e-01	   1.2186788994874617e-01	  -1.4003436409709967e-02	  -3.4753594603014670e-01	  -3.8649394591427882e-01	   2.4728980241906340e-01	   4.4661844988767141e-01	   2.8725995943128529e-01	   2.5041053198019914e-01	   5.6015858175589317e-01	   5.0953544664760142e-01	   5.0380930366482701e-01	   6.8532962245978379e-01	   5.2592854310377257e-01	   3.4537328250294924e-01	   2.8554401153800346e-01	   2.8279467000152747e-01	   4.7421626278326889e-01	   5.4514103935059033e-01	   4.9575263150736093e-01	   3.3141406835969417e-01	   3.3816856908218174e-01	   5.6404430986045850e-01	   1.6598916422963655e-01	   1.3671168954310645e-01	   4.4948825434502948e-01	   6.5787631703890648e-01	   6.1762489435029966e-01	   3.1051224237301456e-01	   3.1801326137220209e-01	   1.3971229497530849e-01	  -1.9515243548585016e-02	   2.0836929080892727e-01	   5.2276961497997487e-02	   3.6751502232942301e-01	   6.1792881336975536e-01	   8.7250702737860353e-01	   4.5428213804639328e-01	   1.5885098362273670e-01	   5.7263838728499106e-01	   4.3115025179235200e-01	   2.1936936730272422e-01	   1.5274341868596724e-02	   4.1883879520703449e-01	   2.5513357262122105e-01	   1.1703622066863012e-01	   4.2996489764539875e-01	  -4.4245874556837962e-02	   3.2647747750760692e-01	   3.9674293926602455e-01	   2.9000669315838906e-01	   3.5922704793628463e-01	   4.0947581515305087e-01	
   5.3263456556698197e-01	   2.9644207773393749e-01	   0.0000000000000000e+00	   3.6679602433629616e-01	   6.9081347879276411e-01	   2.9762191694760320e-01	   7.3965259084578938e-01	   1.0318228851458686e-01	   8.1418187440526890e-01	   3.7637516479293798e-01	   4.0305386521946601e-01	   2.8170757050913642e-01	   4.5829245911226579e-01	   3.1569587218465989e-01	   6.4034962927166039e-01	   4.1683093812086403e-01	   2.7341777320695115e-01	   2.6387020063941924e-01	   3.5719209349997710e-01	   4.9249637504134060e-02	   2.1026548207743639e-01	   2.0083711812886698e-01	   5.2119390189254655e-01	   1.8763083083186019e-01	   3.8648130565397881e-01	   1.5090416741845339e-01	   4.0597006076456310e-01	   3.7685606598266397e-01	   3.0339922865878965e-01	   1.8021665336700035e-01	   2.0482480692329846e-01	  -5.8615050987483652e-02	   2.5330473407651183e-01	   3.9672328722448545e-02	   3.0310837284560915e-01	   4.5045728585689546e-02	   5.9290579939755039e-01	   4.8960988365504843e-01	   4.6314704233679965e-01	   5.9851401710633712e-01	   2.5762266964010316e-01	   3.8442584423089665e-01	   4.6188786576190555e-01	   3.6010624979096795e-01	   7.4490180815543691e-02	   3.2757537717207207e-02	   3.7100463599016192e-01	   4.2296504272960522e-01	   3.1520690619498565e-01	   3.1473916370072380e-01	   6.9626529141802385e-01	   5.7326410602268774e-01	   2.4845235806778582e-01	   1.4986404378387511e-01	   6.1801195786648933e-01	   4.7560347680012505e-01	   4.1607154304642358e-01	   5.3320353559159750e-01	   4.1189283166854007e-01	   3.0389064831714135e-01	   3.0964894907841550e-01	   1.0272790898005119e-01	   2.1609004173963758e-01	   1.3269701127793540e-01	   5.3488937512079293e-01	   2.5741905132986070e-01	   2.9649389596733911e-01	   1.0315537611250078e-01	   2.2845104133103877e-01	   1.3450079911599327e-01	   4.6622187195907366e-01	   1.2127516519597459e-01	   3.7621791239886365e-01	   1.7097309156140927e-01	   3.2241235665620782e-01	   2.3869300492686268e-01	   4.0507916627456675e-01	   2.8010163771599106e-01	   9.6146380212142751e-02	   2.6281998322418576e-01	   2.1487331364577994e-01	   3.2239742070373356e-01	   2.9976156283032723e-01	   2.5277387561102255e-01	   3.3680460989521172e-01	   4.0080785106979405e-01	   4.1138473135626341e-01	   2.3285700602821841e-01	   6.1117225690930599e-01	   4.8771324732753274e-01	   2.0651436895847730e-01	   4.1121650431875789e-01	   2.2578762443622793e-01	   6.1548164211174172e-01	   1.3661175968748118e-01	   7.5326888828441355e-03	   5.9022686057165064e-01	   3.5911570135615478e-01	   2.2809357107910522e-01	   3.4598405956534739e-01	   5.1620317248366486e-02	   5.0200467409988547e-01	   5.9747442665777133e-02	   4.9609101791346522e-01	   4.5735210292117134e-01	   4.5130816252640510e-01	   2.3468564198907851e-01	   4.6074154728838163e-01	   9.7766663408660456e-02	   5.0718062064591873e-01	   3.1972588706669880e-01	   2.7335417279798457e-01	   3.6111325459199412e-01	   6.6921951145471004e-02	   1.7145550645657634e-01	   6.2144688361715009e-02	
   4.3066813520902669e-01	   3.1880127616811571e-01	   3.6679602433629616e-01	   0.0000000000000000e+00	   3.5819940893081897e-01	   4.6970208688089204e-01	   4.0650519416696662e-01	   5.1405001158469310e-01	   4.1224254597999582e-01	   7.3751523705802247e-01	   3.3079087816357311e-01	   4.7042526562726455e-01	   3.0140240491621340e-01	   3.2092210645273023e-01	   2.0434657016518407e-01	   4.6975002038893704e-01	   1.4158580895407685e-01	   5.3572126140361401e-02	   1.7679171894876948e-03	   4.3071228217260948e-02	   3.5011085964940625e-02	   2.2107828395778265e-01	   1.4019945621784694e-01	   8.0491907646746808e-01	   3.3852754261814175e-03	   2.1541345883288085e-01	   3.1003394874745061e-01	   4.7443150595446082e-01	   7.3693754309887449e-02	   4.2962586310825002e-02	  -1.3760519756102574e-01	   7.2103702671016096e-02	   6.4306226930705424e-02	   1.5921219043066123e-01	   1.3226262982212905e-01	   2.4901883064577068e-01	   9.8631757645492132e-02	   6.5250701511566950e-02	  -1.0862196024018939e-02	   1.0646513090600505e-01	  -4.1877105558522400e-02	   3.0132708493657423e-01	   1.2519228805694282e-01	   9.7478247366345180e-02	   9.6947479781271731e-02	   1.7452798475239037e-01	   1.4263579607211740e-01	   1.9774351745299121e-01	   2.3563004397703219e-01	   2.6566993766045960e-01	   3.4329611303267310e-01	   4.7309071047196138e-01	   2.2974633133659614e-01	   1.2056389976075635e-01	   2.7594606098349206e-01	   1.7486243792473313e-01	   2.8843811633784516e-01	   1.9384995919644407e-01	   2.1884594547153202e-01	   1.8157757850407463e-01	   4.9104804400715879e-01	   6.1916097192719621e-01	   2.1387726639171806e-01	   2.9214045467653665e-01	   5.7947812515933395e-01	   7.9346874242464249e-01	   2.2915791518093953e-01	   3.1237929684795968e-01	   1.4795730136701515e-01	   1.1993961133384101e-01	   1.6257437024168458e-01	   3.1574062795455465e-01	   1.4113233424697749e-01	   8.5943539021444831e-02	   7.0723282585178793e-02	   6.8722315703230175e-02	   1.9543718603716867e-01	   1.7875722771554045e-01	   1.6391271317542636e-01	   5.7655161230028250e-02	   1.7388562546080200e-01	   2.8319606543122666e-01	   2.6316932115210280e-02	   3.5441654117390214e-01	   1.4021069711467621e-01	   6.6837104459757590e-01	   9.7674430260899052e-03	   4.9307611921497979e-01	   4.9990957594002622e-01	   5.6000755161207172e-01	   4.6626806039721774e-01	   3.1054407237753595e-01	   6.8978635190986060e-01	   2.7296166935115312e-01	  -4.5944904206913169e-02	  -3.2053926499655716e-02	   2.2818591393806870e-01	   2.3946642727910258e-01	   1.4327974104226834e-01	   2.4013482924680968e-01	   3.6129025955372346e-01	   2.2955672979158587e-01	   1.7797051962612237e-01	   3.3929474232655588e-01	   4.3384642375315607e-01	   1.6803731290316171e-01	   3.2002615030961157e-01	   2.4287704328285672e-01	   1.6314366584964016e-01	   2.7586204885908944e-01	   8.2665104576834167e-02	   2.1591609135644563e-01	   1.4813927614904027e-01	   2.1204887099511235e-01	   1.6272310904387777e-01	   9.6577868529213781e-02	
   4.5000146674943875e-01	   2.5976683129773653e-01	   6.9081347879276411e-01	   3.5819940893081897e-01	   0.0000000000000000e+00	   6.6006030292167783e-01	   8.1808664567750022e-01	   4.6708177758789693e-01	   7.5004126292245288e-01	   4.6598534474361714e-01	   4.0753746870306107e-01	   2.6391289502450810e-01	   5.2577037119322667e-01	   3.7744512141256564e-01	   7.0719073668989296e-01	   5.2783322017493228e-01	   3.8071000479269990e-01	   3.7880536987302071e-01	   5.6527830906287824e-01	   2.3775578971344166e-01	   4.7066798350041994e-01	   4.9891034941629248e-01	   6.8191652257622792e-01	   3.4843542097728641e-01	   1.8177909304329598e-01	   2.3099088855069722e-01	   3.5275162382929670e-01	   6.2731126476203314e-01	   5.3694436103141663e-01	   4.2170465365596660e-01	   4.8418466890768963e-01	   4.4359270124277839e-01	   5.1435275451318430e-01	   3.8742720713849277e-01	  -2.4779003939188866e-02	  -1.3320027263799722e-02	   4.2910514809636613e-01	   3.0036633671229163e-01	   3.2889682758169703e-01	   3.5952831931798185e-01	   3.3548769535788286e-01	   4.8862300838223127e-01	   6.9010548697446550e-01	   5.7371738545754691e-01	   4.7234814906787420e-01	   4.1055092098518969e-01	   6.7521443164230988e-01	   7.2646480702632421e-01	   6.3698929738634080e-01	   5.1930151689987847e-01	   7.6280738965373274e-01	   4.5115326422598084e-01	   4.3306308220819573e-01	   2.1942874722252734e-01	   6.5107044695066107e-01	   6.1105298571061673e-01	   4.3892348746068327e-01	   4.3753144392753057e-01	   4.1152328247634773e-01	   4.1914840579655110e-01	   3.1557320265602395e-01	   2.3777632868109816e-01	   3.8815268493795763e-01	   2.9344060909503489e-01	   2.7555341105808173e-01	   1.2085384764680962e-01	   2.2533798289869941e-01	   1.9732997090006271e-01	   4.4552597586677917e-01	   3.7757839445870589e-01	   6.5080751571656559e-01	   4.4668906842753670e-01	   5.6160415934868546e-01	   3.4297174394109081e-01	   5.4913508596872374e-01	   2.2705886740606857e-01	   6.5786340352888173e-01	   6.0495919247534924e-01	   2.7130560375937407e-01	   3.1453229080588369e-01	   3.8036745109135339e-01	   4.4064589737874837e-01	   5.9671912838942431e-01	   4.1352501717693907e-01	   2.8820903677280241e-01	   3.3208302325256261e-01	   2.7886533363121085e-01	   2.2174283276590351e-01	   3.5143636974141462e-01	   7.1289522256575744e-01	   4.9185206580318352e-01	   7.4338497737664622e-01	   5.6444063897294094e-01	   8.5133812705288392e-01	  -3.7805518643342424e-02	   1.0417700130209517e-02	   5.8413427812380836e-01	   5.3803316043305316e-01	   5.7294935773286371e-01	   6.2410382766808559e-01	   3.8949194563379408e-01	   9.2981333996724025e-01	   2.7550223450093425e-01	   6.5072201805309227e-01	   3.0167202499174706e-01	   1.5314721532963174e-01	   2.1541577874173007e-01	   3.0588252620041917e-01	   1.8061016384104549e-02	   4.1014348238173060e-01	   4.0453598671547575e-01	   6.5690053867007658e-01	   6.8844162573100665e-01	   3.5356690331538865e-01	   1.3554074527599821e-01	  -1.2653134065449556e-01	
   6.9722211920033461e-01	   4.9125574249359805e-01	   2.9762191694760320e-01	   4.6970208688089204e-01	   6.6006030292167783e-01	   0.0000000000000000e+00	   7.3257282251654543e-01	   9.1974820184276518e-01	   6.4831468328199959e-01	   7.4810104221904561e-01	   6.1134792655258996e-01	   7.2483463985112928e-01	   7.4345674914591964e-01	   7.9062499175843992e-01	   5.1557758242090912e-01	   4.2847582776947968e-01	   6.4086650919777477e-01	   5.0333857642407964e-01	   6.0446079296586730e-01	   5.2317190088289323e-01	   2.9126594429929231e-01	   6.2982771603397791e-01	   1.5146660939819276e-01	   1.5877224209185267e-01	  -2.7259925261676393e-01	  -1.0479658872136928e-01	   1.9394090223414734e-01	   9.6390716088518480e-01	   6.1412852358958170e-01	   6.3597921811823643e-01	   1.2761828713087964e-01	   2.0255098182424758e-01	   4.9092993348200231e-01	   4.9293045835557248e-01	  -3.9123087337879714e-01	  -2.9324403822098832e-01	   1.6512783804719017e-01	   6.9684966771995607e-02	  -1.1838675661394178e-03	   6.8996892322131520e-02	   1.6325960836662859e-01	   6.9222644777165565e-01	   4.9882871001790319e-01	   3.4329593245984508e-01	   3.3065524550849035e-01	   4.1752049023123722e-01	   6.3746572736210472e-01	   5.9930334855164014e-01	   6.0814555061242281e-01	   5.3123942020092974e-01	   4.8388296731399028e-01	   2.3916633262443471e-01	   5.2278788260241704e-01	   2.9701527343802886e-01	   5.9432253411642011e-01	   5.1333403802836430e-01	   5.6677802483441808e-01	   5.1199008299296800e-01	   4.2871070481255624e-01	   5.5343856632377020e-01	   5.5661604340750104e-01	   5.3619699411048594e-01	   6.3883388003951391e-01	   7.4257250716769363e-01	   2.7316592971941160e-02	   4.1627561426840895e-03	  -1.5101983987476589e-01	  -1.1689960592860492e-01	   4.5005777826424742e-01	   6.2589242239033638e-01	   5.5886815382702670e-01	   6.1399467898431803e-01	   5.6788613589150738e-01	   4.0385253325540388e-01	   5.0692633500429574e-01	   3.0467554605005714e-01	   4.4355439274322672e-01	   3.9973554971677316e-01	   4.4041162693930885e-01	   4.1898700182300441e-01	   5.9163933068869723e-01	   5.4708292699423411e-01	   3.7572851813640445e-01	   1.9821773580763441e-01	   9.7746004690161495e-02	   3.5126362070897299e-01	  -1.3876567259080272e-01	  -4.9547475471722016e-02	   3.4910467057045563e-01	   7.7724150120323110e-01	   7.6030577760134377e-01	   7.2174309010111259e-01	   7.7377152969283092e-01	   6.3938668024740974e-01	   7.8734571276470225e-02	   1.2940429876361140e-01	   3.3589038016285644e-01	   4.5888554151071570e-01	   6.7464459991660664e-01	   6.9626235728872732e-01	   8.7459004874040103e-01	   8.9952179739267801e-01	   6.1156071044072757e-01	   5.9748374937166537e-01	   2.6033029708400424e-01	   1.5260357762538252e-02	   3.6789562191846803e-01	   2.1740215731559334e-01	   1.6462323682964303e-01	   3.7886864181884267e-01	   3.3280555560492825e-01	   4.8013842502621629e-01	   5.0230117015689058e-01	   3.7455905868442119e-01	   2.6591809223090379e-01	   1.3983087724835694e-01	
   8.2721491970441097e-01	   3.8348963316633766e-01	   7.3965259084578938e-01	   4.0650519416696662e-01	   8.1808664567750022e-01	   7.3257282251654543e-01	   0.0000000000000000e+00	   8.2480021249746138e-01	   9.2870074216996223e-01	   7.3098342045524800e-01	   8.0923061138486396e-01	   6.3710952993417980e-01	   9.2131272580965795e-01	   7.8595185170784077e-01	   7.7964647457965519e-01	   6.2807797697450829e-01	   6.0926374473829104e-01	   4.6715588473626019e-01	   6.9606367801538849e-01	   4.1655972679304554e-01	   1.4824755541570656e-01	   3.0963459082343492e-01	   3.3065093933318895e-01	   1.0067781994565557e-01	  -1.8091199285116655e-01	  -1.6085027577786792e-01	   1.6239661443687387e-01	   5.7519622824010752e-01	   8.2630206297001840e-01	   6.8020744669148547e-01	   1.1361588364892271e-01	   6.2532959916621750e-02	   4.8280685754355590e-01	   4.4958681216741003e-01	  -2.0406417488858650e-01	  -1.9780506856757016e-01	   1.4353452510217987e-01	  -1.2382135796426046e-02	  -3.2005373483748240e-02	   1.0066272392366910e-01	   1.3457899077133192e-01	   6.1010632268671616e-01	   4.9330909503948644e-01	   4.0460706685550346e-01	   3.1221648049798439e-01	   4.1781707438005677e-01	   5.3312898100121320e-01	   4.8912903758267079e-01	   5.6276739623083816e-01	   4.2185631652222505e-01	   5.9798673959216564e-01	   3.3689367541493187e-01	   2.1814263866436034e-01	   1.2547702586355758e-01	   4.6344902265121091e-01	   4.7893369414753051e-01	   6.2406299583847524e-01	   3.9452723234102505e-01	   3.3900156399332937e-01	   2.0472265721114108e-01	   5.8864792540157584e-01	   3.6758565440776464e-01	   7.2924277101798163e-01	   6.2640957228572125e-01	   3.0897898698397785e-01	   1.2213297612931687e-01	   6.5837316203369245e-02	  -4.1909388799719321e-03	   2.6017023600244010e-01	   2.5133793815588568e-01	   4.8385893231895871e-01	   2.5853649443069338e-01	   6.7714237354778595e-01	   4.6377251357952770e-01	   6.1464227372816416e-01	   3.2025718773154582e-01	   4.6102285576269270e-01	   4.8735850577696177e-01	   3.9710152805783772e-01	   4.7882703042091090e-01	   4.9629989476078507e-01	   6.7963813796366757e-01	   4.5462745851314229e-01	   3.4596761580876018e-01	   2.9905112215009588e-01	   6.6647722419762834e-01	   4.3431269441824655e-02	   3.3998126447872506e-02	   5.1302240070539862e-01	   4.6709357479433922e-01	   3.1765682157529368e-01	   3.6862089417238830e-01	   5.0270792160992572e-01	   5.1003056917697465e-01	   9.5234091874517604e-02	  -1.7805303721800378e-02	   3.2598297359916745e-01	   4.7377018946299887e-01	   4.6802120558424315e-01	   5.6875180418966975e-01	   4.8623377837465781e-01	   8.4399528051585371e-01	   3.7077848133390728e-01	   5.1684668455752147e-01	   1.2739367291174242e-01	   5.1564543788160416e-02	   2.3912900678141141e-01	   3.4081181858097298e-01	   1.1331288824166837e-01	   3.3017956878262150e-01	   9.4532380894659290e-02	   3.2232463099699682e-01	   4.1568672984618432e-01	   2.8471762486406987e-01	   2.7688720581445814e-01	   1.6656533295732992e-01	
   5.6775856381823231e-01	   5.4716261759379714e-01	   1.0318228851458686e-01	   5.1405001158469310e-01	   4.6708177758789693e-01	   9.1974820184276518e-01	   8.2480021249746138e-01	   0.0000000000000000e+00	   4.6745246174973931e-01	   7.7365365131761898e-01	   5.2567247739410339e-01	   7.4150725035927623e-01	   6.4441298572582106e-01	   8.4785701148033765e-01	   4.4440122194484677e-01	   6.5782838545375522e-01	   6.4608879546491504e-01	   5.3442805531608117e-01	   6.1875387746537347e-01	   8.5137689353496304e-01	  -1.0735534213886054e-02	   4.0192891879944875e-01	   1.8647840021888065e-01	   3.0491212723746186e-01	  -4.2050331956186787e-01	  -1.6061196282736234e-01	  -5.0109059176711226e-02	   5.2019895054438325e-01	   8.9936408983918459e-01	   8.9465976929920477e-01	   1.2318285941536769e-01	   3.1816345558895032e-01	   5.9407988258963584e-01	   8.6206899924737446e-01	  -5.9691921912040768e-01	  -3.3964595209269055e-01	  -4.6942695829391569e-02	  -1.2796756479706536e-01	  -2.7142772739360105e-01	  -8.5219308234886895e-02	   3.3406370465036764e-02	   7.6276181134563836e-01	   3.5338079719725890e-01	   2.8211069510840781e-01	   3.8238671982591577e-01	   6.5606666547172721e-01	   5.6588326107478859e-01	   4.9687464144918514e-01	   5.8072874766408622e-01	   5.0076757277828765e-01	   2.4996087318921151e-01	   1.2255654995696941e-01	   3.0203798313270414e-01	   2.3945813943424879e-01	   3.8351749249543438e-01	   4.7938687992006734e-01	   5.3510687563904247e-01	   2.6670041212524609e-01	   1.1005787510937440e-01	   1.9534818518472671e-01	   4.5654156487752912e-01	   5.5959513445636000e-01	   8.0875498837437887e-01	   1.0418330785642231e+00	  -3.0463399269011655e-02	  -4.0696525614887527e-02	  -2.7934748797079006e-01	  -1.5213318304196430e-01	   2.5833575135523029e-01	   4.5717262257817615e-01	   3.4610177750295112e-01	   4.5798474305362863e-01	   6.2547810443837559e-01	   6.5581186803031222e-01	   5.5477260253918426e-01	   4.8445010984660020e-01	   3.8341675121218272e-01	   5.3156374064181255e-01	   4.4932961529760695e-01	   3.9377254607176992e-01	   6.5804490995890219e-01	   6.8338105722529652e-01	   4.5565146719448096e-01	   4.2906086773676572e-01	   5.1889941691858080e-02	   5.8207914266082572e-01	  -1.9194198570764029e-01	  -3.1664895441690835e-02	   2.2708725963704801e-01	   5.0037241409890187e-01	   6.9174754127553362e-01	   3.9500745357439754e-01	   7.5057543413184846e-01	   2.7360289307908270e-01	   5.7799913118436456e-02	   1.7637728244443962e-01	   1.6513569873853737e-01	   5.2791431771591979e-01	   7.2512558588416465e-01	   7.8209360438927766e-01	   7.7025048204498259e-01	   4.9808870475033218e-01	   7.3693273269633941e-01	   4.4684595843147151e-01	   1.2309058343866465e-01	  -1.9021999899613026e-01	   2.9249821469812931e-01	   8.1045679510110200e-02	   1.0376381690466935e-01	   1.7352153121613001e-01	   1.0988725304512548e-01	   4.9442606606017830e-01	   4.3181549857017776e-01	   4.8551635046185193e-01	   3.4994584146808899e-01	   1.8569416616926604e-01	
   8.3913477957676130e-01	   3.7068767793951513e-01	   8.1418187440526890e-01	   4.1224254597999582e-01	   7.5004126292245288e-01	   6.4831468328199959e-01	   9.2870074216996223e-01	   4.6745246174973931e-01	   0.0000000000000000e+00	   7.9679830976511723e-01	   7.6650183349890078e-01	   6.5472834356529874e-01	   9.7714255558347296e-01	   7.7907850251934729e-01	   1.0876438830188868e+00	   4.6059090709495359e-01	   5.1135384780018445e-01	   3.8033792905259450e-01	   4.4877585728279445e-01	   1.4488895172407898e-01	   1.4133861089386573e-01	   1.4156933366092941e-01	   2.0342212449486224e-01	   5.9119223870401187e-02	  -2.3146468666536196e-01	  -2.9341147775410426e-01	   8.0492640950596217e-02	   4.0512705428380247e-01	   5.2080310825170273e-01	   4.9791769256135765e-01	  -4.5935635324538329e-02	  -1.7591391809930995e-01	   1.1632672683478187e-01	   5.1671839190228795e-02	  -2.5274855297769622e-01	  -3.4439271620259210e-01	   2.4377985008326386e-01	   8.2843884029367904e-02	   5.9813278354913783e-02	   1.7794829002896989e-01	   1.2519439935762811e-01	   4.5436155738434658e-01	   3.5923377185998251e-01	   2.5791060695326079e-01	   4.9971437201376916e-02	   1.5028565810261885e-01	   4.3866523755540476e-01	   3.2734530265460771e-01	   5.8698775005846748e-01	   5.4105931582074263e-01	   7.4998098540250846e-01	   4.3009436022460334e-01	   3.1734955413978100e-01	   9.9688175199041384e-02	   5.6424931782625376e-01	   4.2789022532042903e-01	   5.2469795076916603e-01	   5.2303212802511290e-01	   5.7556040941366260e-01	   4.8720952945382207e-01	   7.4801823672384837e-01	   5.1905984068887956e-01	   5.4390201801769744e-01	   4.7406466453191920e-01	   4.7722265381162510e-01	   2.2222784205731227e-01	  -9.7364604143099498e-02	  -2.0014071392185959e-01	   2.1997654610801612e-01	   1.9670360932129868e-01	   2.9331656837599779e-01	   1.4625066312546731e-01	   4.0278247293139868e-01	   2.9710734603419431e-01	   3.4914973029460100e-01	   2.6971176175792189e-01	   2.8961058025637643e-01	   1.6929200313222270e-01	   2.7220181355540352e-01	   3.8481404544377484e-01	   3.6506042820040124e-01	   4.9714020033153605e-01	   3.0027284304925994e-01	   1.5242880550163387e-01	   2.9548909902678583e-01	   3.0570146898421013e-01	   1.1333715662778765e-01	  -1.2359353969928709e-02	   7.9128843959886475e-01	   5.1966261596609442e-01	   2.9406240669255279e-01	   4.5756904227115741e-01	   4.0601673193477444e-01	   5.5144828067789464e-01	   8.2474472162918158e-02	  -9.5465544376498124e-02	   3.4418293835469993e-01	   4.5911499053385590e-01	   4.0524195696925286e-01	   4.7048434681961182e-01	   3.1836911445983440e-01	   7.8501005394989809e-01	   2.3302437098305184e-01	   4.2930651872717063e-01	   1.2621733777389868e-01	   1.1415540938875618e-01	   2.0660060498332863e-01	   2.4536161149556823e-01	   1.6673315257781054e-02	   2.9874870745823001e-01	   6.3630876605591705e-02	   2.0152000133286599e-01	   5.0455131674302489e-01	   1.4410533790992308e-01	   5.1236348419450378e-02	   1.3302151229273726e-01	
   7.9434316378694603e-01	   6.0761154771316728e-01	   3.7637516479293798e-01	   7.3751523705802247e-01	   4.6598534474361714e-01	   7.4810104221904561e-01	   7.3098342045524800e-01	   7.7365365131761898e-01	   7.9679830976511723e-01	   0.0000000000000000e+00	   5.5617919580988628e-01	   6.2766395651175388e-01	   6.9501735629998418e-01	   7.8500750874416159e-01	   7.0641197642380915e-01	   5.9344829376012309e-01	   4.8682412502136735e-01	   3.0445155794075329e-01	   4.7760509510194038e-01	   2.9774201389968324e-01	  -1.2115789193897468e-01	   1.3877952879251010e-01	   1.4068126134980533e-01	   3.3918022100718542e-01	  -3.6413321004898730e-01	  -3.0546137816997943e-01	  -6.4288563438815768e-02	   4.6914933786241675e-01	   4.2444505706437474e-01	   4.1587624325485539e-01	  -2.6486693403355699e-01	  -1.4370405842795717e-01	   6.9557345693993966e-02	   1.5348074650888724e-01	  -3.0968262275839931e-01	  -3.0609295515870949e-01	  -5.5574534197803595e-02	  -1.3964220314272874e-01	  -2.4110756337852782e-01	  -1.2959078161864687e-01	  -5.1885892055505263e-02	   3.9545881501735924e-01	   1.9903321196059789e-01	   1.1368189915912860e-01	   6.5360669089163950e-02	   1.9700290454776498e-01	   3.2803892337452351e-01	   2.2865519324956229e-01	   4.4927940846730896e-01	   4.4675134925704824e-01	   4.2776649633034719e-01	   2.7651823232269662e-01	   3.7438016320879369e-01	   3.3142268878765990e-01	   3.8546971413674413e-01	   4.3430684899947941e-01	   6.7160278803796114e-01	   5.2405778826924065e-01	   1.1522696172761379e-01	   2.0123560156558684e-01	   6.1120068239431713e-01	   6.9485518290576542e-01	   4.6062628254748444e-01	   5.0928549591273709e-01	   3.7973558475091296e-01	   3.7221592183514063e-01	  -3.1272838327184560e-01	  -3.3827393996259369e-01	   1.5216327354625409e-01	   1.9864609584638623e-01	   2.4319536259092867e-01	   2.7304357675140556e-01	   3.2426076998407005e-01	   3.1275559775586809e-01	   3.1868352593340893e-01	   2.8574794322109331e-01	   2.3016584352513564e-01	   7.3178109670534550e-02	   4.0859023882055373e-01	   2.7741705618627965e-01	   4.0648238846904927e-01	   4.5969084897880663e-01	   2.0497872409647586e-01	   1.6680477913169847e-01	   1.5056742862862121e-01	   4.0741853257657273e-01	  -9.6687653994386738e-02	  -4.2710571170472479e-02	   5.5787138896139110e-01	   5.1173587386507013e-01	   6.0171032791862755e-01	   4.6880659587192947e-01	   6.5073186983394149e-01	   3.7224108800392419e-01	  -9.4232779964662811e-02	  -1.3156255773525763e-01	   1.0160505966056459e-01	   3.8299764866439306e-01	   4.4668297809962765e-01	   6.2623452808614632e-01	   4.6751490373440308e-01	   4.3646075749294794e-01	   3.0620598012584826e-01	   3.0682835121386093e-01	   5.7639173326127807e-02	  -1.2298469675776111e-01	   2.6813687949415965e-01	   8.1414070733373992e-02	   5.1044018554444008e-02	   1.7569983865102623e-01	  -3.9257416329658748e-02	   2.0130841966936261e-01	   3.3566783169391090e-01	   2.5462589443077166e-01	   1.8925700201590009e-01	   1.2904773425295835e-01	
   1.2484699255979712e+00	   5.1741098760981530e-01	   4.0305386521946601e-01	   3.3079087816357311e-01	   4.0753746870306107e-01	   6.1134792655258996e-01	   8.0923061138486396e-01	   5.2567247739410339e-01	   7.6650183349890078e-01	   5.5617919580988628e-01	   0.0000000000000000e+00	   9.3617208989430867e-01	   1.5715045684668061e+00	   1.1246357412362071e+00	   6.7160388858501252e-01	   3.1017438156466459e-01	   8.5364660341301968e-01	   5.5313702179048829e-01	   3.7007686045428151e-01	   2.7468041104298380e-01	  -4.7693815480360668e-02	   1.4617314928403220e-02	  -1.8203465317048517e-01	  -1.5010239015888865e-01	  -5.2615521113924746e-01	  -6.2955753645273382e-01	   4.9764552177296181e-02	   3.0395603022067741e-01	   6.3375206236499049e-01	   5.3594607993580057e-01	  -3.4071378459714718e-01	  -3.1954462987444970e-01	   6.7717318565648804e-02	   1.0176860819773123e-01	  -2.0692510314870671e-01	  -2.7156188573304912e-01	   1.8784560406738589e-02	  -5.2803279824937113e-02	  -2.3864182532334255e-01	  -1.0663617601843232e-01	  -1.0665964507986198e-01	   3.6065108203187130e-01	   1.9930163957769276e-01	   1.0053234866452629e-01	   1.3429493904999243e-01	   1.5602716187782334e-01	   2.7848034268913779e-01	   1.6182569379853212e-01	   4.4704265253646575e-01	   1.9159377639785968e-01	   4.2334957389272404e-01	   1.5015975371913293e-01	   1.2679531314618742e-01	   3.7112921654066836e-02	   2.4386822669057345e-01	   1.1924295282857385e-01	   7.1879289675013047e-01	   5.7969609806414257e-01	   5.7216036313546503e-01	   2.5714177089639295e-01	   1.2729054276770699e+00	   7.1652942470124759e-01	   8.2793982583380410e-01	   7.2402856914334757e-01	   4.5879171409865938e-01	   2.9104611529006974e-01	   1.9168820117957806e-02	  -1.5933458668721889e-01	   3.1824015511738413e-01	   1.9013262653590490e-01	   2.4424398155750399e-01	   9.2196354668857505e-02	   4.7541453380593102e-01	   3.3513607569296228e-01	   4.3553348593740177e-01	   2.6654056642321416e-01	   3.5904482448279285e-01	   3.6497037718948583e-01	   5.9601542841912025e-01	   6.9760256004828713e-01	   4.8484862280618579e-01	   7.0477154860989222e-01	   3.2396736329830311e-01	   5.6407332799503961e-02	   5.4558637571547774e-01	   5.1087932233014977e-01	   1.0990153798257936e-01	   1.8546986706730356e-02	   8.6718699994178849e-01	   2.7959029888400350e-01	   1.6597696438163284e-01	   1.1379528922792193e-02	   3.5097755763215155e-01	   1.6801158863386190e-01	   1.5067044921152567e-01	  -7.7163194896245471e-02	   1.3390365245924629e-01	   2.6651502094984952e-01	   2.1846459369174046e-01	   3.5330803786853976e-01	   5.1633752319815751e-01	   7.1465964563446605e-01	   3.7159460901432673e-01	   4.0345251677853833e-01	   6.0739077702020083e-02	   1.0883576030256498e-01	   2.2851721607081765e-01	   3.2897646665613295e-01	   9.3195651108436958e-02	   3.7744684548891583e-01	  -5.2291655693842844e-02	   1.5110619290534213e-01	   3.9691375998830192e-01	   2.4613490035983379e-01	   2.3660456859016396e-01	   4.0151110945243501e-01	
   8.0821354211188756e-01	   6.1428279164174282e-01	   2.8170757050913642e-01	   4.7042526562726455e-01	   2.6391289502450810e-01	   7.2483463985112928e-01	   6.3710952993417980e-01	   7.4150725035927623e-01	   6.5472834356529874e-01	   6.2766395651175388e-01	   9.3617208989430867e-01	   0.0000000000000000e+00	   9.5635295780689578e-01	   1.3854346399782462e+00	   5.3135368259964610e-01	   5.1354239036034821e-01	   7.5305251598090295e-01	   5.7073154971940809e-01	   3.6059770235105038e-01	   4.3981709374915767e-01	  -9.4408382848370609e-02	   2.2300119019603382e-01	  -1.0191995325666305e-01	   5.8082593002123095e-02	  -4.5942442818217982e-01	  -4.9306507764023116e-01	  -6.8524157133566355e-02	   3.6919400926366419e-01	   6.6500974590583906e-01	   6.7290387884311886e-01	  -2.0979599468606983e-01	  -1.5246010084873901e-01	   1.1461958436880212e-01	   2.1040656341990788e-01	  -4.3217675692889052e-01	  -4.9289018109005706e-01	  -1.0157229959774350e-01	  -1.9805509198294208e-01	  -2.7577032734236651e-01	  -1.1125841195013127e-01	  -1.3988879019544961e-01	   5.3496295825029527e-01	   2.3524811144957125e-01	   1.5311596257329077e-01	   4.9628842130021097e-02	   3.0628467713162383e-01	   4.0380832305648801e-01	   2.7660184726673115e-01	   5.9237913900139239e-01	   5.2375710232418260e-01	   4.6797452176148241e-01	   4.0789014340147156e-01	   2.6564287194096908e-01	   8.3427543992888376e-02	   3.7533117410363853e-01	   2.8609907475881702e-01	   5.2185074382201480e-01	   4.5955039157673516e-01	   5.1305813951455947e-01	   5.0440872895329592e-01	   9.1927662513157615e-01	   6.7131504988069801e-01	   9.0703592327931559e-01	   1.0527549684732280e+00	   1.7530148886496510e-01	   9.0866712099836308e-02	  -2.3222162072559804e-01	  -2.4409831006319799e-01	   1.6653761826673569e-01	   1.7658656638191481e-01	   1.9159002355125707e-01	   2.8467449434781100e-01	   4.7538982694423326e-01	   3.3474977456042870e-01	   4.0316413070845930e-01	   3.4732088697787106e-01	   4.0220339463178095e-01	   3.5087662819953674e-01	   3.8778517030482262e-01	   4.5114331119436946e-01	   5.3071927758262116e-01	   6.2269631976343121e-01	   2.6183121937506937e-01	   1.2262872096950327e-01	   2.4135948151991232e-01	   5.5755739404057802e-01	  -1.7076790897150290e-01	  -1.0641121464585111e-01	   5.9814067155423190e-01	   5.2662570704541367e-01	   3.8181581262193587e-01	   1.6169023576823932e-01	   5.3560559381881112e-01	   1.3750437077812327e-01	   1.0583895881998234e-01	   1.2144288588438833e-01	   1.4464616644572117e-01	   3.1305300766540223e-01	   4.2806709753862249e-01	   4.9459468323412281e-01	   6.5070709282360906e-01	   4.7315827808856831e-01	   6.6242908050397120e-01	   4.4694290566556610e-01	   3.0634607236860362e-01	   6.7716419963352620e-02	   4.0316097837120768e-01	   2.3250199457988180e-01	   1.7465559948707005e-01	   3.5938180191277153e-01	  -9.7480724132271060e-02	   1.4698135879007640e-01	   3.3097945815608248e-01	   2.1165130216323841e-01	   3.0996706587647099e-01	   2.9051866082563621e-01	
   1.1899016707317405e+00	   4.9640235283543849e-01	   4.5829245911226579e-01	   3.0140240491621340e-01	   5.2577037119322667e-01	   7.4345674914591964e-01	   9.2131272580965795e-01	   6.4441298572582106e-01	   9.7714255558347296e-01	   6.9501735629998418e-01	   1.5715045684668061e+00	   9.5635295780689578e-01	   0.0000000000000000e+00	   1.3272654998319198e+00	   8.2255493333440355e-01	   3.2400589798290069e-01	   8.7397895186969921e-01	   5.5901239381637335e-01	   4.3945414996000176e-01	   3.1732102890375052e-01	  -1.9353996142919484e-02	   1.0803886893964638e-01	  -9.6322753446891701e-02	  -1.7630733055127407e-01	  -4.6999645232526299e-01	  -6.0631987300835077e-01	  -1.0829142762200391e-02	   3.7562526015098607e-01	   7.0436826733533009e-01	   6.3052201547995623e-01	  -2.1544997021454393e-01	  -2.4721153168557269e-01	   1.6364455925505766e-01	   1.6760710291452335e-01	  -2.9211610413484740e-01	  -3.6524706516212824e-01	   1.2104141295182912e-01	  -8.4603443267964613e-03	  -1.3838993969965538e-01	  -2.6736539801560377e-02	   1.7934023614804562e-02	   4.4280907857213092e-01	   2.9554325069916454e-01	   1.5638769423277862e-01	   1.8641239853322342e-01	   1.9176342544369518e-01	   3.5754264492191301e-01	   2.4532001114521840e-01	   5.0946329603568652e-01	   2.6829155515586944e-01	   4.7118569274351324e-01	   1.3264875723122815e-01	   1.7081559772966493e-01	   5.6704610683585011e-02	   3.5524465669578931e-01	   2.4302823879113380e-01	   7.1443527092267611e-01	   5.8760965765214646e-01	   5.1538500736216097e-01	   3.0517812244282871e-01	   1.0931828502461791e+00	   6.4484097662177897e-01	   8.8154676734315940e-01	   7.2327401735995434e-01	   3.7177003143073456e-01	   1.8648817206691334e-01	  -6.0666243365519255e-02	  -2.2027352464419314e-01	   3.2171335646367638e-01	   2.3378085918826019e-01	   3.3715810796141321e-01	   1.8216668540386854e-01	   4.9518755324564645e-01	   3.6742963458210703e-01	   5.3260222156383163e-01	   3.2439340714535253e-01	   4.2483052402425381e-01	   3.7405056412015564e-01	   5.5337860125785643e-01	   6.8304117804756115e-01	   5.2387259772088057e-01	   7.0031659144957925e-01	   3.2886576031895154e-01	  -6.1058942994464128e-05	   3.6638685880565314e-01	   4.0288007501724993e-01	   2.8874069551112894e-02	  -1.6276185285010189e-01	   7.6606940459230743e-01	   3.4174894360170299e-01	   2.6367387845734391e-01	   1.7955567407768896e-01	   4.2578178989935656e-01	   2.6326391935676208e-01	   1.0950436581253252e-01	  -3.9618999933165151e-02	   2.3516786726466321e-01	   3.5814331408600042e-01	   3.5266574636575732e-01	   4.8106369227388113e-01	   5.7217784379001979e-01	   8.0128237029410287e-01	   4.5493564148199728e-01	   4.2161265957971000e-01	   7.8781084368888421e-02	   1.3589296802416689e-01	   2.2611334039053510e-01	   2.0626629115880363e-01	   4.4909306854581776e-02	   3.8532581808709798e-01	   5.3416423045307665e-02	   2.5121892851658234e-01	   5.4216555783210196e-01	   2.9951458664028940e-01	   2.8317808603246042e-01	   3.5376081018107142e-01	
