   0.0000000000000000e+00	   7.8836109419300460e-01	   7.9710964568647491e-01	   9.6213141987188311e-01	   6.9400839737589637e-01	   3.9897762750566607e-01	   9.5346594092708448e-01	   8.4675047449927643e-01	   6.2308495001658093e-01	   4.7478605736295171e-01	   8.1249826703680339e-01	   5.9021746513952400e-01	   6.6374754849296624e-01	   5.6938603868234972e-01	   6.7758067681309320e-01	   6.1949546297294578e-01	   7.6974574314410693e-01	   8.1732277677083531e-01	   1.0880968229398782e+00	   1.0488647771167556e+00	   7.7209992607898870e-01	   6.3454036984548778e-01	   4.9721208618420176e-01	   5.6762422596248796e-01	   1.3852915461783946e-01	   3.0020086216647190e-01	   3.8840371942157370e-01	   2.6775632013453304e-01	   4.9660361702202838e-01	   5.5757018855782425e-01	   2.5446612573584249e-01	   4.3501867804340549e-01	   7.0544874948069802e-01	   7.4769164297610213e-01	   4.0173791068812975e-01	   4.2681241576343837e-01	   6.5050289072142431e-01	   9.4706357285899001e-01	   4.0163547538291866e-01	   6.3294492994778229e-01	   3.6874619630175592e-01	   6.3258160708415156e-01	   8.4850043630891980e-01	   7.3812462288507086e-01	   7.1971904822522637e-01	   8.3065166459701145e-01	   7.9860141469338752e-01	   9.1059692642762602e-01	   6.9349353753830834e-01	   6.0216456000911789e-01	   6.1086857739246159e-01	   4.6456239423527002e-01	   5.8145993489377323e-01	   4.0583898875233687e-01	   5.0778341558340878e-01	   6.6167284628678380e-01	   8.8005360934599586e-01	   7.9843652651806396e-01	   8.6160305059004239e-01	   9.5848805518246538e-01	   6.4880955354482195e-01	   7.8288845332835055e-01	   6.2597756502896462e-01	   5.3613853765635433e-01	   4.9610720316234130e-01	   5.4497731908463698e-01	   7.1697796085534626e-01	   8.3880634519021480e-01	   5.2112706292251221e-01	   7.2495987450092292e-01	   3.4200802357851973e-01	   5.3849312433820851e-01	   5.3821215154293423e-01	   6.0497663062112228e-01	   5.5895643765307756e-01	   4.6107634357419375e-01	   3.9579284365362177e-01	   3.4138568695674765e-01	   5.1951933289923591e-01	   6.5704683102309824e-01	   8.6313511602347393e-01	   7.1131898837303942e-01	   6.7007189767292763e-01	   7.4530656622217262e-01	   9.3019111301987112e-01	   9.1281385267411586e-01	   1.1075808214458538e-01	   5.0936465304320111e-01	   9.6417843019308358e-01	   1.0673817766615412e+00	   6.8403531579673749e-01	   5.9815109753317930e-01	   6.1380938122632434e-01	   5.4899057805852824e-01	  -1.9633065822836743e-01	   1.5801766386244862e-01	   5.2297525531623201e-01	   2.5842701637423515e-01	   1.0913641001357623e+00	   9.1784115513301734e-01	   6.6254916644723794e-01	   7.1122157127598484e-01	   7.3114851819392890e-01	   6.3563016849238618e-01	   2.0343067737402776e-01	   3.8160881259425372e-01	   5.5986548666989799e-01	   5.9863411007025247e-01	   3.2224261180992997e-01	   4.2365615819581237e-01	   3.6208778801406338e-01	   8.2951580163567407e-01	   6.4175205678861180e-01	   5.4082651394973102e-01	   2.6575155498750480e-01	   9.1687025207762580e-03	
   7.8836109419300460e-01	   0.0000000000000000e+00	   6.1639811835186642e-01	   6.2429782193060668e-01	   3.2953427951958392e-01	   3.1246993548413765e-01	   4.6949840919360281e-01	   5.1328841840871031e-01	   1.5676592049667357e-01	   3.9107710265119267e-01	   2.4129721598184312e-01	   5.3938770777505618e-01	   2.2570998777274598e-01	   5.1720947628132152e-01	   2.0736904609358298e-01	   3.7474746369646184e-01	   2.1228140198820639e-01	   7.2748561653957788e-01	   7.3830752318482185e-01	   7.5772784011114469e-01	   5.0336131484610236e-01	   1.8846838141249503e-01	   1.0468896978969983e-01	   1.8061058931787333e-01	   7.8836061535656365e-02	   1.1539268109674998e-01	   3.9323838685299245e-01	   2.3019454120392899e-01	  -2.2817416935335361e-02	   3.0569199221976184e-01	  -9.1210931116506244e-02	   4.2717218885394204e-02	   3.3341171311994727e-01	   3.2713358922521224e-01	   3.1824195355085216e-01	   2.1793459392519665e-01	   3.2808626334113683e-01	   5.4683352330339907e-01	   2.6522005053251130e-01	   3.5393061654662911e-01	   1.3656050243550601e-02	   2.8175528848317344e-01	   3.7688385541392661e-01	   7.1287411591122130e-01	   7.5733729726849919e-01	   9.3860610885190043e-01	   7.5738281533715435e-01	   8.6154545842513242e-01	   6.3380270324964461e-01	   6.3930195289177250e-01	   2.8640715436953401e-01	   5.9936076673397221e-01	   2.5320243483601634e-01	   7.0526962019385159e-02	   4.2608376061173187e-01	   5.9453923747176629e-01	   1.1914707234152981e+00	   1.5851076739465952e+00	   4.7613631223308106e-01	   8.4522744224151314e-01	   5.7144366547475997e-02	   5.5526340843955391e-01	   1.3001266151425978e-01	   2.2290620256794258e-01	  -2.3139948688034481e-02	   4.3657319927579125e-01	   4.6518263220923911e-01	   5.3721018123104991e-01	   7.4991869082318641e-01	   6.6482274614286418e-01	  -7.6683307512637161e-02	   4.3389116853405740e-02	   1.7601830181122968e-01	   3.8362551413861407e-01	   2.7547074202995203e-01	   2.6384594941726947e-01	  -8.7292752802378262e-02	  -1.3361859968111017e-01	   6.7882463977136015e-02	   4.9378712734775593e-01	   3.1015068657290012e-01	   7.1652982603696747e-01	   4.5879147903042661e-01	   3.4276108295241425e-01	   3.2706922170868991e-01	   7.6422603667240008e-01	   2.7049147229866805e-01	   4.8773072155433117e-01	   4.3139442900785663e-01	   4.5721717640566362e-01	   6.0811560291063764e-02	  -9.1331637488680367e-02	   1.5816127742046976e-01	   3.4877884329157907e-02	  -3.0678436560093619e-01	   6.1066679502253272e-02	   3.6873657202206861e-01	   3.1614462555337924e-01	   5.7122784167744223e-01	   2.8800645694049132e-01	   1.9664799495976262e-01	   1.5862039041601250e-01	   2.4077824220262181e-01	   3.9428662666223628e-02	  -2.3870474345567536e-01	  -1.6223724285891145e-01	   1.6960780565633929e-01	  -4.8153722384086023e-02	   8.6445833851707107e-02	   8.0768852687807105e-02	   2.4155269850201849e-01	   3.2307029649358077e-01	   2.7987071316326362e-01	   9.6085716925129683e-02	  -1.1785639985194227e-01	  -1.5083617146935061e-01	
   7.9710964568647491e-01	   6.1639811835186642e-01	   0.0000000000000000e+00	   1.0754309785285145e+00	   1.0045112478611700e+00	   5.8612411166879330e-01	   1.3787126198853767e+00	   7.9852476589559707e-01	   6.9826802573582614e-01	   4.6460055075300111e-01	   6.5870445687862911e-01	   5.8081501122864121e-01	   5.3103887694768348e-01	   5.5293514707287672e-01	   7.0152207651757936e-01	   6.4991212976412194e-01	   3.2187124622496005e-01	   7.7448958996049733e-01	   1.0936388719861732e+00	   9.1571704185228475e-01	   7.4479849497098150e-01	   4.9122454882967592e-01	   7.9942283209903764e-01	   7.1171347658853024e-01	   6.1325034646732535e-01	   6.8271444900159506e-01	   8.3430911173709910e-01	   4.5504750120383608e-01	   2.2564945724360758e-01	   5.2437567816018427e-01	   5.7662319222880831e-01	   6.2687781851282653e-01	   8.3800938847211504e-01	   7.1026325367550591e-01	   8.3777767436326955e-01	   7.4761842108071508e-01	   7.9165745921025865e-01	   1.0144269248350548e+00	   5.5649814061420289e-01	   6.4046236375875387e-01	   3.5339160399606478e-01	   5.6184190540207724e-01	   6.5798932625757056e-01	   6.1092809371188939e-01	   5.0813702175305209e-01	   5.0967767974520561e-01	   5.9222606612997430e-01	   5.6450801273666329e-01	   3.0581190595290486e-01	   2.7822206523553195e-01	   4.1506079504556925e-01	   4.0808275591516296e-01	   5.5130074990843647e-01	   5.0182525231327535e-01	   5.9403892636018474e-01	   5.9281509299880186e-01	   3.6351428538135222e-01	   5.5152801509605143e-01	   4.4406465418276309e-01	   5.9232575539112664e-01	   3.9229410356353034e-01	   6.2963232159712990e-01	   3.0725955877051192e-01	   3.3255716474153518e-01	   6.2260760288448302e-01	   1.1413831736214410e+00	   9.0413201420988720e-01	   8.7189969281467783e-01	   4.2025323875040621e-01	   4.3290854090368658e-01	   2.7766295626530946e-01	   4.6237580069334638e-01	   5.1956192669946244e-01	   6.1722040812086187e-01	   6.8128207496596171e-01	   4.6034117067172958e-01	   4.2608375952480260e-01	   3.1171964435828337e-01	   3.8271199733406736e-01	   7.4337590293269895e-01	   4.9625597039982972e-01	   8.8076447538392477e-01	   6.2861613366659685e-01	   7.5317150607196737e-01	   8.1557808143732768e-01	   1.0861166876252273e+00	   3.2628100585097308e-01	   8.5915508086265280e-01	   1.0311738907874266e+00	   9.2507206773944328e-01	   6.1930821782858547e-01	   5.4877134372998249e-01	   6.4702036777320726e-01	   7.2155815419337765e-01	  -3.5804980279216761e-02	   1.4987972557299223e-01	   5.6161793088702583e-01	   3.5718101133211533e-01	   7.7627663042754758e-01	   6.7620147108858764e-01	   5.5219174254774783e-01	   7.6432509235232293e-01	   6.1893130668721508e-01	   6.2986697186881846e-01	   1.9543949885482342e-01	   4.6969329746406846e-01	   5.1297094851841851e-01	   3.1531286117092638e-01	   1.6546456870784551e-01	   3.7762382405487493e-01	   3.3303410520475529e-01	   6.0831538889236914e-01	   6.3043588286250973e-01	   4.3245476278138950e-01	   3.3134475016306314e-01	  -6.3644062963446352e-02	
   9.6213141987188311e-01	   6.2429782193060668e-01	   1.0754309785285145e+00	   0.0000000000000000e+00	   7.5557615612159434e-01	   7.2149919862352130e-01	   1.2203420196799641e+00	   1.6256263197356573e+00	   8.0353305710875034e-01	   8.0799470762654346e-01	   8.0041019271922420e-01	   9.9388939817155619e-01	   7.3945498206955451e-01	   9.3100579280025186e-01	   7.4052611390585521e-01	   1.0524397177771212e+00	   6.0952846519342918e-01	   8.4733225069724316e-01	   1.2841070002808028e+00	   1.2613397744661479e+00	   8.2616079752207150e-01	   6.3229068319253134e-01	   9.1119276782922654e-01	   1.1022254233322819e+00	   2.5760220005896661e-01	   5.3743380704085253e-01	   4.4408881118310883e-01	   3.6285315012900993e-01	   6.2242392172220695e-01	   8.7157643073515212e-01	   6.2332663525883536e-01	   9.3069763980695552e-01	   1.0043153700418754e+00	   1.1464084324613137e+00	   4.5153905121607729e-01	   5.0202065138779262e-01	   7.8699424442862020e-01	   9.4496891858761367e-01	   3.8446056013127067e-01	   4.9889266745217237e-01	   4.8793155374674313e-01	   8.3228028955659683e-01	   7.9589383705600236e-01	   6.7680701146393296e-01	   5.7497025301528348e-01	   6.7951267111954339e-01	   7.2290970187722858e-01	   7.6145680072083888e-01	   5.7755802716053850e-01	   5.3560966919924702e-01	   6.1081059663169601e-01	   4.6037309760179435e-01	   7.5717503035946176e-01	   5.7645442575019890e-01	   6.2722922280206994e-01	   7.2366380539914898e-01	   4.5818893355527957e-01	   5.4104899168527842e-01	   6.5656459375688359e-01	   9.0521073070736491e-01	   6.4112570657524492e-01	   1.2013413963672455e+00	   6.8253200702795169e-01	   7.3870021647494732e-01	   4.8610216879253371e-01	   8.8606795426668272e-01	   7.6193156402992823e-01	   8.8703016565245940e-01	   5.1508052535761562e-01	   6.7930127315172895e-01	   4.6590719359518795e-01	   7.1009910981062052e-01	   7.5932940676950367e-01	   9.4738839067446512e-01	   7.9089791126109665e-01	   7.0943158766380920e-01	   6.0367075835586315e-01	   5.7881327260768933e-01	   5.5002162077919037e-01	   8.0063943733620213e-01	   7.4060451171637820e-01	   8.6374146684467745e-01	   6.2363877542212776e-01	   1.1048341048456489e+00	   8.1394840080272024e-01	   1.1743123806084064e+00	   2.4197983983670701e-01	   6.1184946227315773e-01	   9.6873221744713744e-01	   1.2719082038867946e+00	   9.9009758954161919e-01	   6.9695138928839895e-01	   1.0955774229823254e+00	   6.9993475232133728e-01	  -1.4121096870375011e-01	   1.9162559568702750e-01	   4.7341078927085667e-01	   3.6714065208231178e-01	   1.3289268906154588e+00	   1.0603532492228001e+00	   1.1264206602289311e+00	   7.7470785822460919e-01	   1.1251796597842740e+00	   8.1944430340999652e-01	   3.5382120419231888e-01	   5.3121374284966738e-01	   7.7800573920755389e-01	   5.6756385143107624e-01	   3.9083388093574656e-01	   5.7962169653243845e-01	   4.0770290449736279e-01	   1.0122882259428589e+00	   8.3293264013781476e-01	   7.5769086438665056e-01	   5.2193633025215014e-01	   1.0790340102712612e-01	
   6.9400839737589637e-01	   3.2953427951958392e-01	   1.0045112478611700e+00	   7.5557615612159434e-01	   0.0000000000000000e+00	   6.3500400723915729e-01	   1.0209735219568659e+00	   6.7975602242671407e-01	   7.4146361699463481e-01	   4.6310466698372699e-01	   6.1332214443961541e-01	   3.7660724692376768e-01	   5.3365091553300492e-01	   4.3480562842409337e-01	   9.0256693467304383e-01	   6.8770011917452101e-01	   3.5871739518599532e-01	   6.0514897794514610e-01	   8.6539338096443597e-01	   7.4277804335568764e-01	   6.9423523069554727e-01	   5.7835843115264063e-01	   9.4197983503561633e-01	   7.9182471700305646e-01	   5.6986463433356138e-01	   8.0017042968911367e-01	   6.6785084616697876e-01	   4.9601506447755828e-01	   3.2432235429345574e-01	   5.3818077819839782e-01	   6.9562324107792206e-01	   7.3565074373545181e-01	   9.0676510730192550e-01	   8.1678076182444947e-01	   7.4395141234337381e-01	   8.3314977093888842e-01	   6.4886477692230593e-01	   8.4278858654497313e-01	   4.1096392147157063e-01	   7.1847739870312355e-01	   4.6222726648896367e-01	   6.3473081899308303e-01	   6.7410978319148096e-01	   5.2068269337751227e-01	   5.2233646603875639e-01	   4.4088482720962785e-01	   4.6873051385481285e-01	   4.2325486224249126e-01	   3.3698764548161386e-01	   2.6809516519025445e-01	   4.2502275219977459e-01	   3.6829262821383668e-01	   6.1295949373372949e-01	   5.7034714050650492e-01	   5.2415966448917617e-01	   5.5118632565425663e-01	   2.8229972618747884e-01	   3.7130693404578929e-01	   4.2241764976300850e-01	   5.0888692698711391e-01	   4.9619793629798575e-01	   4.8140869641780304e-01	   4.6748766368884920e-01	   3.8084047946518745e-01	   8.7745599644587413e-01	   8.4204888133815547e-01	   8.2531373220890147e-01	   9.0176147188307532e-01	   1.9667490624646464e-01	   3.8968512422986756e-01	   4.2489132602522856e-01	   6.3565040724425481e-01	   5.7486479683344083e-01	   5.7257901296769320e-01	   6.9475313325761856e-01	   5.7600665588542332e-01	   6.0456594317449386e-01	   5.4361415158589499e-01	   5.4585515604501089e-01	   7.1638354967389539e-01	   6.3539134404933295e-01	   7.0262182802900397e-01	   4.5485860984225102e-01	   7.9025049639405875e-01	   8.9842009730395977e-01	   9.1144412277679265e-01	   1.6360264635636571e-01	   7.0574250862896681e-01	   8.9278583098646203e-01	   7.9210031095719724e-01	   7.2388312226740403e-01	   7.4304739240698958e-01	   6.3593967981516686e-01	   7.3523735448491634e-01	   5.0060006370845532e-02	   2.6896651563360324e-01	   5.2458917073964917e-01	   3.3001374488803559e-01	   7.7929498590353652e-01	   8.1997264778695300e-01	   5.7033795531122111e-01	   7.9184401681804240e-01	   6.6739344295169922e-01	   7.2512971368783696e-01	   2.4008412016772923e-01	   6.0125496879011786e-01	   4.7893422284465559e-01	   4.3159002443397110e-01	   1.4226722593866256e-01	   3.5076206962493767e-01	   1.8348537952716498e-01	   4.9522351496109818e-01	   6.0278655912064882e-01	   6.2514854169583822e-01	   5.1316649356694388e-01	  -2.1724425902309628e-02	
   3.9897762750566607e-01	   3.1246993548413765e-01	   5.8612411166879330e-01	   7.2149919862352130e-01	   6.3500400723915729e-01	   0.0000000000000000e+00	   6.8470338429267519e-01	   8.2019908080643522e-01	   5.2721741368858521e-01	   1.0719809572842187e+00	   4.2983305865774257e-01	   8.2315980028820812e-01	   4.8392701514431752e-01	   8.0855342437837696e-01	   4.6905962056460365e-01	   1.0049109440550676e+00	   2.6516836497577123e-01	   4.2523045511785357e-01	   6.1640917453990951e-01	   5.2583703295826534e-01	   7.0284219564726569e-01	   5.8364725229167314e-01	   7.2859580608988395e-01	   7.6181079749646896e-01	   3.3601929766420846e-01	   6.7234161880686816e-01	   3.7483322125059576e-01	   7.4210824087075000e-01	   5.0301678362827107e-01	   7.6089983634979885e-01	   5.8707835403428066e-01	   7.0531503654899763e-01	   6.8749074848006220e-01	   7.3046878266151039e-01	   3.0247016474804289e-01	   3.5577964219280933e-01	   4.5537907038321157e-01	   6.3125685929929276e-01	   3.7342596890736640e-01	   5.4548235000091527e-01	   2.7887749504743331e-01	   6.1916021177418679e-01	   4.2584485003984068e-01	   3.9855939200522544e-01	   3.9228505438103733e-01	   3.8894903925780960e-01	   4.4008722397018940e-01	   3.5663541936855853e-01	   4.8770659926911752e-01	   4.7526207874271226e-01	   3.9785410123749770e-01	   5.3207330322605051e-01	   6.5212347588957487e-01	   4.7949570156783405e-01	   6.4700929344933600e-01	   6.2066444904593210e-01	   2.0754292530647514e-01	   2.6426281648027061e-01	   3.4221573021932528e-01	   6.2868044460847250e-01	   3.1572108447883057e-01	   6.5631406074890386e-01	   5.0386049252167031e-01	   5.3964558529487117e-01	   2.1658274615782330e-01	   5.7241037160758568e-01	   5.2256564750564261e-01	   5.9510792770806886e-01	   1.7039394182042072e-01	   2.6425861454474214e-01	   3.6441888699531494e-01	   5.6766410719553551e-01	   5.6771071126493911e-01	   5.8151571918138378e-01	   6.3062387579205570e-01	   5.4965632186626756e-01	   5.0727941570469248e-01	   5.6141620012941573e-01	   4.9149675913998436e-01	   5.8642758533462414e-01	   4.4614536401264876e-01	   6.1195938742250644e-01	   4.1617610161377999e-01	   6.8098176920134079e-01	   4.9730835081979829e-01	   8.6169865295223125e-01	   3.2366611215509966e-01	   5.3719974082417721e-01	   6.0925041987895379e-01	   6.5018355240298953e-01	   5.3714656243462100e-01	   3.8581141973116095e-01	   5.8327643466175605e-01	   2.6758867164649242e-01	   1.2929041251435516e-01	   5.0352617005226064e-01	   5.3080930098603674e-01	   5.3618560105886459e-01	   6.6568701143466524e-01	   6.2416112223393061e-01	   5.1473580718395229e-01	   3.1641927860791202e-01	   5.3622423209322378e-01	   4.6695044469558544e-01	   1.3561603808297656e-01	   3.0838318636887291e-01	   2.9664069079612748e-01	   2.2431939799219269e-01	   2.9779163055660346e-01	   4.7217445857667306e-01	   3.0188269418666586e-01	   4.6262904302031488e-01	   5.0693881872785074e-01	   5.6003278516675925e-01	   5.1510733044956936e-01	   2.1179218228235894e-01	
   9.5346594092708448e-01	   4.6949840919360281e-01	   1.3787126198853767e+00	   1.2203420196799641e+00	   1.0209735219568659e+00	   6.8470338429267519e-01	   0.0000000000000000e+00	   1.1178107576895819e+00	   8.3720178918169341e-01	   5.9271428217750277e-01	   9.7041714994272876e-01	   8.1605821200349260e-01	   8.9330799570343178e-01	   7.8552000372162634e-01	   8.8209805208208580e-01	   9.2960227753544189e-01	   5.6687054785824365e-01	   8.2656540862988703e-01	   1.2304783402599353e+00	   1.0295008340766172e+00	   8.0508349676023327e-01	   6.1311831615074208e-01	   9.8604196350797557e-01	   9.2560506965078249e-01	   4.1079237434219762e-01	   6.3998614290499045e-01	   4.7260627579653303e-01	   4.2305438897533942e-01	   5.2046210103408164e-01	   7.5525834822681359e-01	   6.4008554582133381e-01	   8.2877230599698437e-01	   1.1298172943070517e+00	   1.0634123905745176e+00	   5.9672208470217192e-01	   6.8047423741759872e-01	   8.5143570185974216e-01	   1.0413469992222937e+00	   4.6430240024013553e-01	   6.6511521601903023e-01	   5.4108342651291697e-01	   7.4232800866855253e-01	   8.1770396960768821e-01	   6.5616254241527938e-01	   5.5214074587872286e-01	   5.4047903842734280e-01	   6.2627999331940076e-01	   6.0412264056348086e-01	   4.9425346893798872e-01	   3.6982338177732782e-01	   5.2191519820084409e-01	   3.7256920648413727e-01	   6.8412251348856867e-01	   5.6962354004610793e-01	   6.1042619314561286e-01	   6.2050065779462948e-01	   3.1756357011837621e-01	   4.1040521978656919e-01	   6.6878399542356692e-01	   7.0834883289170947e-01	   6.5566824331566620e-01	   8.7865040702705866e-01	   6.0544678625235360e-01	   6.8037160145248676e-01	   7.2112281604427619e-01	   9.6144997741621041e-01	   1.0419053925577970e+00	   1.0214673516657480e+00	   4.3274087632788882e-01	   5.2398827349427268e-01	   4.6174780751585998e-01	   7.0264142615006131e-01	   6.9332728149525591e-01	   8.1245489394146275e-01	   7.8355362901431447e-01	   6.8676094407439048e-01	   6.7297901257656845e-01	   6.2193150996055835e-01	   5.4378979316652098e-01	   8.0168625516232905e-01	   7.3218367583222321e-01	   8.1817949091584841e-01	   7.0927531051955539e-01	   9.2274881704349976e-01	   8.7007206600237352e-01	   1.0238067312066381e+00	   2.7216539029905013e-01	   6.2933938063777561e-01	   1.0305761645625571e+00	   1.0698135543594656e+00	   9.2941112719630370e-01	   7.9491559106722087e-01	   8.7166718023164214e-01	   7.7546422489224764e-01	  -6.1965189973843558e-02	   3.0074080468514081e-01	   5.2986528151268530e-01	   3.6721460216915019e-01	   1.0341028449317602e+00	   9.9717690104495760e-01	   7.9577114517959879e-01	   9.1241984682374278e-01	   8.6446073024997738e-01	   8.2693952543938565e-01	   3.1593253478410560e-01	   6.5897505814697310e-01	   6.6620856263131867e-01	   6.0432746921601643e-01	   3.9638036120011833e-01	   6.7308082750554443e-01	   4.0026898035717762e-01	   8.0365075876245751e-01	   8.1050592759880546e-01	   6.4987268044842184e-01	   5.1261622675824614e-01	   9.4629136774930109e-02	
   8.4675047449927643e-01	   5.1328841840871031e-01	   7.9852476589559707e-01	   1.6256263197356573e+00	   6.7975602242671407e-01	   8.2019908080643522e-01	   1.1178107576895819e+00	   0.0000000000000000e+00	   7.4827998102652216e-01	   8.8653353734311524e-01	   8.7713707116069928e-01	   1.2731386737613204e+00	   9.1808130209482597e-01	   1.2761307847013095e+00	   7.6990720707181115e-01	   1.4164564581852148e+00	   5.7822274383919658e-01	   7.5644399434945675e-01	   1.1807702735864243e+00	   1.2255840954220636e+00	   6.6427422387557811e-01	   5.9091546052779609e-01	   8.3868269591040390e-01	   1.0835506045932777e+00	   1.2482089873644356e-01	   4.3941787878635380e-01	   2.5604570276975375e-01	   3.3518738274205812e-01	   7.6400285000674317e-01	   1.0475834480761843e+00	   5.2281964650043988e-01	   8.8631980925444154e-01	   9.4898311190026452e-01	   1.1936336769969549e+00	   2.6179865392530921e-01	   4.0350018577610869e-01	   6.3878897417323510e-01	   8.4166941078882707e-01	   2.9263547234286025e-01	   5.2849256072810236e-01	   5.2197079207163499e-01	   8.6606782255034032e-01	   7.6874367309464131e-01	   6.3571263523894339e-01	   5.3479192067779446e-01	   6.3811640361623401e-01	   6.5781716553096625e-01	   7.2990261798452405e-01	   6.7665329544244412e-01	   5.8476588362525073e-01	   6.3561482095418786e-01	   4.1236136010595204e-01	   7.7033429422916200e-01	   5.6189422633970354e-01	   6.4042573672353198e-01	   7.4439524104924204e-01	   3.4557447171341615e-01	   4.1830295459191164e-01	   6.3647703259131094e-01	   9.3808546712064100e-01	   6.5544885777625728e-01	   1.2050317639467594e+00	   8.5082698530108170e-01	   9.9102514105371842e-01	   3.8601400253963652e-01	   6.8167332669318326e-01	   6.7557106613681772e-01	   8.0654369322583264e-01	   4.5140938013513054e-01	   6.2544282282754304e-01	   4.6180199663410992e-01	   7.2408299632878237e-01	   7.5476805175292006e-01	   9.0567040326906434e-01	   7.3818673136471846e-01	   7.8631133489217897e-01	   6.1771400210712224e-01	   6.7614840338283344e-01	   5.1775985762789833e-01	   7.6265007825021125e-01	   7.6940489334466189e-01	   8.5959381788701272e-01	   5.5592286268453905e-01	   1.2015286239468399e+00	   7.1148335880297886e-01	   1.0600038092037303e+00	   1.7679010746084237e-01	   5.1496024733968249e-01	   8.6331305916612933e-01	   1.0968664849785354e+00	   1.0662638332677423e+00	   6.9602935353457296e-01	   1.1119329902729611e+00	   5.7355422621224461e-01	  -5.9051489147684898e-02	   2.9281895113571099e-01	   4.5588475007037138e-01	   3.6432355426466800e-01	   1.2913871127247905e+00	   1.0721303088482492e+00	   1.2134305771829106e+00	   7.0224181842293765e-01	   1.1609004182393594e+00	   8.3187289203121373e-01	   3.1613872482181926e-01	   5.0119426594955985e-01	   7.8007537372582736e-01	   5.3743350584570648e-01	   4.4714904244633918e-01	   6.2922508738912308e-01	   3.1734703884830162e-01	   8.7225239929475973e-01	   7.6974264924882652e-01	   8.3777374535181914e-01	   5.4804561753173209e-01	   9.5650211433648824e-02	
   6.2308495001658093e-01	   1.5676592049667357e-01	   6.9826802573582614e-01	   8.0353305710875034e-01	   7.4146361699463481e-01	   5.2721741368858521e-01	   8.3720178918169341e-01	   7.4827998102652216e-01	   0.0000000000000000e+00	   4.9596553666048571e-01	   8.4916811472242104e-01	   5.6039433906531388e-01	   7.6833792411683655e-01	   5.1822631539036945e-01	   9.3370540573613758e-01	   7.5975811558394879e-01	   5.6803873730847532e-01	   5.4153976798529879e-01	   6.9779683030802253e-01	   6.6675052083602027e-01	   5.4387437060374066e-01	   5.7742848177489270e-01	   6.9292575125281164e-01	   7.1840623355638566e-01	   2.8543508584246841e-01	   4.4123634492545161e-01	   3.2611628308616858e-01	   2.7402804440676076e-01	   6.0991933267706389e-01	   7.8508630159390558e-01	   6.6785394570545242e-01	   7.7620055682574263e-01	   7.5693269548654463e-01	   8.4847096151625845e-01	   2.6953932767966154e-01	   4.3981441553242584e-01	   5.6351894960033466e-01	   5.7768822439017853e-01	   2.7500166129631420e-01	   4.0203742040491963e-01	   5.3243664869497520e-01	   6.6969269145508548e-01	   4.9709176520453524e-01	   3.1598903943191492e-01	   1.7170804595642564e-01	   2.1017309411951526e-01	   3.6646296457502436e-01	   3.5387527673490382e-01	   2.2826010584083412e-01	   2.2547750495298768e-01	   5.6173559864408040e-01	   2.8675857272154492e-01	   7.2245523191563343e-01	   7.6284035664868666e-01	   4.8682370997639057e-01	   5.0927498965426365e-01	   1.0511546202798566e-01	   1.8674509467822517e-01	   4.9646756943104964e-01	   4.9000108247789320e-01	   8.4220383505291818e-01	   7.0832579863613188e-01	   5.9568401579627384e-01	   5.6432218767415110e-01	   7.4751793536924549e-01	   5.7593633593368809e-01	   4.3698981764583550e-01	   4.8545383281277221e-01	   2.7504121994549635e-01	   3.9240074121042112e-01	   5.0176455112939999e-01	   7.9603579250495782e-01	   7.6211488397978933e-01	   6.8169075963129944e-01	   7.0475827442213967e-01	   5.0511266289203371e-01	   7.3418172431779716e-01	   6.8294337956761320e-01	   5.8248607029570743e-01	   6.3653226643652261e-01	   6.7353118569253678e-01	   6.0961931222755283e-01	   3.8324771959308146e-01	   8.8532003880843013e-01	   7.1283813853626055e-01	   6.2315207069586664e-01	   3.5090361396688925e-02	   3.5988190320240160e-01	   8.5156061261017468e-01	   8.6581629940343374e-01	   8.5779348901626629e-01	   8.8679701229952790e-01	   7.5446018943642501e-01	   7.0147994430504612e-01	   2.1216196098459880e-01	   3.1759364003295770e-01	   3.9548975229203243e-01	   2.9227874367008172e-01	   7.1889619891091361e-01	   9.7742144237728135e-01	   8.4595455451219603e-01	   7.4372190732744203e-01	   8.5601218291179182e-01	   8.6256948065258077e-01	   3.4347612263625621e-01	   5.1587657360258721e-01	   4.2828136334833200e-01	   5.4252065718604681e-01	   1.4343401103714717e-01	   4.5517526756516891e-01	   2.9947056116335474e-01	   6.2360453872443400e-01	   5.9091030813554779e-01	   6.6904008787906666e-01	   3.8092351095869548e-01	  -2.2353476458533493e-02	
   4.7478605736295171e-01	   3.9107710265119267e-01	   4.6460055075300111e-01	   8.0799470762654346e-01	   4.6310466698372699e-01	   1.0719809572842187e+00	   5.9271428217750277e-01	   8.8653353734311524e-01	   4.9596553666048571e-01	   0.0000000000000000e+00	   5.2864672348306463e-01	   9.7837190420081022e-01	   6.3952971606578901e-01	   1.0038461699153571e+00	   4.7531453365210941e-01	   1.0825831169554305e+00	   3.7343541918786277e-01	   5.1027758369594967e-01	   6.2597825787870320e-01	   6.4242767802936118e-01	   5.7565671851445110e-01	   5.0955783974118962e-01	   5.6137007375813397e-01	   7.2781551331506567e-01	   1.1893248445577573e-01	   3.7302637274579287e-01	   1.2958378546655330e-01	   3.5223643168310970e-01	   6.3498397020507513e-01	   7.7427225536694955e-01	   4.2550017527349082e-01	   6.1373026739596515e-01	   6.0224073816897383e-01	   7.0921817606162996e-01	   5.7137555884462163e-02	   1.1852265290234833e-01	   4.1309722022862261e-01	   5.5507522132702658e-01	   1.8353916310534857e-01	   4.0500220124532899e-01	   1.6344311212069926e-01	   5.7980960446866203e-01	   4.5775688438889905e-01	   4.3455043475957028e-01	   4.0522143524912790e-01	   4.6542956536778568e-01	   4.8046626752062205e-01	   4.4351245272118589e-01	   5.9841757783967919e-01	   5.6385906098065863e-01	   5.3579060842658444e-01	   4.9930634194525192e-01	   6.4282044303093988e-01	   4.1476785254093718e-01	   5.4326763777729337e-01	   5.6527861801118162e-01	   2.8210883122599334e-01	   3.2540970778586070e-01	   4.1764161672327388e-01	   6.0676300696077434e-01	   3.9722108848006693e-01	   7.6370450728526740e-01	   5.6270197114694742e-01	   6.5139714093906020e-01	   1.0854222811634834e-01	   3.5592888436506714e-01	   3.2999637391501901e-01	   4.3050563108337325e-01	   2.9730539135857803e-01	   3.4166023484465136e-01	   2.9330213838675628e-01	   5.6946019216940602e-01	   5.6155633269100425e-01	   6.3023663785454020e-01	   5.8057844426425487e-01	   6.2264271117700887e-01	   4.2883665657394532e-01	   4.4733982746534928e-01	   4.3842691468296530e-01	   5.4397687610427181e-01	   4.9223454260519772e-01	   5.6296080695651796e-01	   4.1361716500491469e-01	   6.4210350265185789e-01	   4.9787717794937392e-01	   7.4395071010217040e-01	   2.4416717673313998e-01	   3.8418403874031559e-01	   5.6332593552493659e-01	   6.3276278320098178e-01	   5.3470121237640811e-01	   2.9488723544013073e-01	   5.7098903934703371e-01	   1.2942827659429876e-01	  -6.6576046278943174e-02	   2.9966503222193874e-01	   3.4606613860864555e-01	   3.3304516676860918e-01	   6.6713669624323058e-01	   6.1133432577369273e-01	   6.1274107909009179e-01	   1.8504802526993991e-01	   5.3814745432091138e-01	   3.0879656728704308e-01	   2.2493265507738721e-02	   1.4149715004372082e-01	   3.5840668802727160e-01	   2.1568705928980350e-01	   3.8391080214214390e-01	   5.0050079108113410e-01	   2.7561931292828368e-01	   4.5049618064188762e-01	   4.5673249167875229e-01	   4.4776975801705582e-01	   4.0108902510346423e-01	   2.5684340603379407e-01	
   8.1249826703680339e-01	   2.4129721598184312e-01	   6.5870445687862911e-01	   8.0041019271922420e-01	   6.1332214443961541e-01	   4.2983305865774257e-01	   9.7041714994272876e-01	   8.7713707116069928e-01	   8.4916811472242104e-01	   5.2864672348306463e-01	   0.0000000000000000e+00	   7.3156907268612936e-01	   1.5386320181042419e+00	   6.9936129495649391e-01	   1.1112366796631106e+00	   8.6984579117828031e-01	   6.1180439675356080e-01	   5.5563315912917455e-01	   8.3286392093125194e-01	   7.9017276405349057e-01	   4.5835721909159349e-01	   3.8609851432194470e-01	   6.1407699229179968e-01	   6.7762518313167652e-01	  -7.1226943719897629e-02	   1.3238936143270708e-01	   1.0957620333878257e-01	   9.8581685974701488e-02	   6.4399575708683776e-01	   6.3253005362093662e-01	   2.9413359683681695e-01	   5.2683380969242544e-01	   7.4435747855832135e-01	   7.7161959406454406e-01	   1.9253170923011589e-01	   3.4990433103246371e-01	   4.9064880861006871e-01	   5.5851710066335503e-01	   1.2702254047071371e-01	   3.5024069535087776e-01	   4.8036965638212825e-01	   6.1116033466309283e-01	   5.9412762599681646e-01	   4.3077441918507725e-01	   2.5245529607668327e-01	   2.8830380440779652e-01	   3.6447192475866230e-01	   4.7544493836242596e-01	   3.7153672454270492e-01	   2.4993048707725429e-01	   5.6197002394876672e-01	   2.2007220241769673e-01	   6.6995272521854887e-01	   6.3474804235591831e-01	   4.2046994031990592e-01	   5.1227058785888513e-01	   9.9609806510066290e-02	   1.5606105801114772e-01	   6.0660099480657625e-01	   4.8711016743875940e-01	   8.6651158194280864e-01	   8.2975663426198720e-01	   7.4763285434304949e-01	   7.6732200114691007e-01	   6.8068348719398741e-01	   4.4768911974893150e-01	   4.0198580975618275e-01	   4.3711568214662821e-01	   2.7620668445119012e-01	   4.1992108695390684e-01	   3.7803481068249012e-01	   6.4336108967649897e-01	   8.2531197230231346e-01	   6.9407735447235808e-01	   7.4283248415187775e-01	   6.0874273213004337e-01	   7.0205141300893192e-01	   6.5628092223045531e-01	   4.2615367112574082e-01	   5.8039098693198155e-01	   6.4665006750460663e-01	   5.5272262359420776e-01	   4.9544218802821527e-01	   8.0310068471409268e-01	   7.9779326051222232e-01	   6.4656637132120010e-01	   4.5298563546099249e-02	   2.8808245594635778e-01	   9.4417530046610487e-01	   9.1017276691289395e-01	   9.1096510494183891e-01	   8.8999462413134434e-01	   7.1453805506694934e-01	   6.6429004664170266e-01	  -8.7024984187765997e-02	   2.3145887124467043e-01	   2.5713840605422428e-01	   1.2713670417970407e-01	   7.3661831392603916e-01	   1.1327464483090215e+00	   7.3618394444651647e-01	   9.1728881442236232e-01	   7.7782100310311841e-01	   8.4247167160189207e-01	   2.4082426606248641e-01	   4.5846855440797302e-01	   4.4643808739585394e-01	   4.8329885139538031e-01	   2.6112262835782996e-01	   6.0146996034501710e-01	   2.1152250240098475e-01	   6.1760098339031688e-01	   5.5462472673632646e-01	   6.1023201195023713e-01	   5.0820609464216193e-01	   7.9542696751154600e-03	
   5.9021746513952400e-01	   5.3938770777505618e-01	   5.8081501122864121e-01	   9.9388939817155619e-01	   3.7660724692376768e-01	   8.2315980028820812e-01	   8.1605821200349260e-01	   1.2731386737613204e+00	   5.6039433906531388e-01	   9.7837190420081022e-01	   7.3156907268612936e-01	   0.0000000000000000e+00	   8.8961703526102986e-01	   1.8411885669199763e+00	   5.4738021705174811e-01	   1.2156264134004888e+00	   4.6381188737649359e-01	   6.9899610035458881e-01	   8.4646879294052979e-01	   8.4568296925570685e-01	   5.7437784584993523e-01	   4.0949469225453811e-01	   5.1672679457320192e-01	   6.6698677218487989e-01	   1.3364166360291675e-02	   2.7263772917274554e-01	   1.1181028753855993e-01	   2.6973435392059231e-01	   6.4652535473037442e-01	   1.0298468353495396e+00	   3.3612622302470685e-01	   5.7316311314251034e-01	   7.3130727094664583e-01	   8.7617366339694214e-01	   1.8112951188890804e-02	   1.0816670528351660e-01	   5.2120623582881120e-01	   6.5397731961116978e-01	   2.2237563752026679e-01	   4.1276488843158288e-01	   4.2561072997199978e-01	   6.2969468270581419e-01	   5.3182858208155903e-01	   5.2449758382698408e-01	   4.1426736885923165e-01	   5.1591292636996688e-01	   6.3020219583266179e-01	   5.8745913348428180e-01	   6.8462628451556518e-01	   6.4655231887403775e-01	   6.0352323612516678e-01	   4.8011200463538306e-01	   7.9017668518762185e-01	   3.8317474719621647e-01	   7.3827796002070367e-01	   7.2610712857913962e-01	   2.9092176978848772e-01	   3.8288932108082285e-01	   5.9071688757270358e-01	   8.6903053876279979e-01	   5.0195419825231724e-01	   1.1653936380446424e+00	   6.8652389642178802e-01	   1.0143929261801483e+00	   1.5429066940911049e-01	   4.4870084978437752e-01	   4.4719661097465413e-01	   5.1636567323194515e-01	   3.8155410830981673e-01	   4.6526170372933362e-01	   2.6454354203546065e-01	   4.9498626949228253e-01	   6.4302988715286191e-01	   8.9881643679304257e-01	   6.8295708324162063e-01	   6.9010205358922261e-01	   4.9761483390090067e-01	   5.4468234907543089e-01	   4.4736599459810644e-01	   6.8123747160579018e-01	   5.6264677879072456e-01	   7.8092345877088731e-01	   4.5414821210196510e-01	   8.5812470549246267e-01	   4.5602515688642808e-01	   8.3958841534318229e-01	   2.4081574504260744e-01	   4.0091847042961559e-01	   6.4019730568684430e-01	   7.4667431964163866e-01	   6.7135476680042694e-01	   3.6630512573001744e-01	   7.0778778765398898e-01	   2.1931065960586482e-01	  -5.6279300031860012e-02	   3.5035377202648454e-01	   3.6194308439414014e-01	   4.1612269714534161e-01	   8.7958596868833139e-01	   7.2836626720037445e-01	   8.3755133247898039e-01	   3.6412640785915595e-01	   7.6533148487799996e-01	   4.7421170643525301e-01	   1.4763057074816216e-01	   2.0920930423601122e-01	   4.8734254844850305e-01	   2.4548452910274277e-01	   3.7093928463640979e-01	   6.3569825090254140e-01	   3.2944862535757596e-01	   5.8613119956503490e-01	   5.7496993989673884e-01	   6.0444283706083657e-01	   4.0912321123713136e-01	   1.2169129953264794e-01	
   6.6374754849296624e-01	   2.2570998777274598e-01	   5.3103887694768348e-01	   7.3945498206955451e-01	   5.3365091553300492e-01	   4.8392701514431752e-01	   8.9330799570343178e-01	   9.1808130209482597e-01	   7.6833792411683655e-01	   6.3952971606578901e-01	   1.5386320181042419e+00	   8.8961703526102986e-01	   0.0000000000000000e+00	   8.6872398908293114e-01	   1.0611747223145029e+00	   9.9870197866495181e-01	   6.1215090837066144e-01	   5.7134761777219678e-01	   7.6146856081325187e-01	   7.2482431803235770e-01	   4.6285681971351733e-01	   3.8471818052794121e-01	   6.2067692544527475e-01	   6.9804092198246237e-01	  -9.0532005181175559e-02	   1.3938362897838699e-01	   2.5552422081993795e-02	   1.2076132846947168e-01	   7.6259830083796754e-01	   7.6976452098326276e-01	   2.9881999988758784e-01	   5.5863157295191024e-01	   7.7521937354150039e-01	   8.4365310915281511e-01	   8.1323012140026310e-02	   2.7302454180558289e-01	   5.4702793172464148e-01	   5.6934635787646470e-01	   1.3703995065731095e-01	   4.1308910581928304e-01	   5.3135435868661474e-01	   7.4086225184417653e-01	   6.0991970864277578e-01	   4.8900996919316231e-01	   2.9733527191181652e-01	   3.3685503782159831e-01	   3.7326244976516315e-01	   4.5488454593915462e-01	   5.0053825205041402e-01	   3.5952576481322651e-01	   5.5968379675916657e-01	   2.2643244994402989e-01	   6.7178568413180306e-01	   5.6899061006816409e-01	   4.7563639165813099e-01	   4.9952978075600707e-01	   7.9956763624385641e-02	   1.1420657387177904e-01	   6.0521124223749179e-01	   4.6825519242501318e-01	   7.5808555992544147e-01	   8.0640436746929223e-01	   8.3556117345385594e-01	   9.2240257753696997e-01	   5.3623640472457246e-01	   3.7305222674077448e-01	   4.5036361512502215e-01	   4.5394011984362581e-01	   3.0903463041129542e-01	   4.2456097270458315e-01	   4.0558311730041319e-01	   6.9516790789440619e-01	   8.7372811239737935e-01	   8.1717188294744392e-01	   8.2110034629493911e-01	   7.4749399661719207e-01	   7.9829077312181751e-01	   7.3751711429814093e-01	   4.3993359658622977e-01	   5.7407940212189934e-01	   6.9947901486272857e-01	   5.6466014436683554e-01	   4.9583072501459019e-01	   8.4085608502640397e-01	   7.0360094725048317e-01	   6.1930490884205791e-01	   1.1796648476799065e-01	   2.8769842097511084e-01	   7.2759678112030246e-01	   7.4073894396464712e-01	   8.8470360188973673e-01	   7.5688153094657018e-01	   7.1463864588451353e-01	   5.1183173270422910e-01	  -3.8255936798120366e-02	   3.0146317481227680e-01	   2.8109436015948364e-01	   1.7470173993721350e-01	   7.6595965224006690e-01	   1.0047821333628102e+00	   7.4274418994764835e-01	   7.0462400314841866e-01	   7.9728443733970522e-01	   7.0857906423817585e-01	   2.5408732391800126e-01	   4.3381125695453160e-01	   5.0102246173439280e-01	   4.7958178261514600e-01	   2.8636570529106464e-01	   6.7247610150596693e-01	   2.5297403787689221e-01	   6.1809555909327585e-01	   6.0255763025506826e-01	   6.4133337638898202e-01	   5.1790651098937224e-01	   1.4269086232871786e-01	
