   0.0000000000000000e+00	   1.1210166500813803e+00	   3.0658617591012832e-01	   2.9872978378374609e-01	   1.6156347676175223e-01	   4.2209551604057860e-01	   5.7627402768021474e-01	   4.3274477208071949e-01	   3.5442235687837587e-01	   5.2909753489507794e-01	   7.9532330439065124e-01	   8.6761781782044101e-01	   7.9705433679016469e-01	   7.3535832036252713e-01	   4.7227763296347591e-01	   3.5516690098493492e-01	   7.6766131685083472e-01	   6.7092373926916793e-01	   7.1354345464971547e-01	   5.6804915618285778e-01	   4.2667167489833119e-01	   5.4699948949572841e-01	   1.4828374137799788e-01	   9.6673001656805993e-02	   6.1767590255130626e-03	   3.5430815247841252e-02	   1.6694639878365902e-01	   4.2640365639385280e-01	   7.0201585207654460e-01	   7.3023143945274516e-01	   3.3305370158917141e-01	   3.8729264169498184e-01	   6.4271857601073223e-01	   5.6238557129466504e-01	   1.0418149636584906e-01	  -2.0536908361983318e-02	   4.1629028681965469e-01	   4.2646715888453063e-01	   3.3345795847402215e-01	   4.1454346460395386e-01	   5.1992690430503274e-01	   3.2363473530895265e-01	   2.4249087771677624e-01	   2.8289084081341243e-01	   1.0575029103760063e-01	   8.0807247757244238e-02	   3.5946869663467018e-01	   3.7907946790258279e-01	   2.0642876359547865e-01	   2.5950902424486222e-01	   4.3379916886792419e-01	   2.6956704030189799e-01	   6.2505892831927257e-01	   3.9296382039868299e-01	   6.6511216402891438e-01	   4.9358210520597179e-01	   1.2886161484903804e+00	   1.0172862933354556e+00	   7.4531506536385872e-01	   5.8494843202430358e-01	   7.5828747504126315e-01	   5.7778435242372361e-01	   7.3326038563122753e-01	   6.6390395870216379e-01	   5.7922178639535395e-02	   1.2301055971862725e-01	   8.8364587335989550e-02	   7.5789686070056678e-02	   7.7905860428754992e-01	   1.3959928111142322e-01	   4.4838595349609234e-01	   3.5687424306508081e-01	   3.8145492623457372e-01	   4.8427732372298660e-01	   3.8927641981618355e-01	   3.8388337146193124e-01	   8.2615621207971623e-01	   6.7616858360998111e-01	   5.3121686647889133e-01	   5.6800424823903506e-01	   8.0354064642236023e-01	   6.8505820312979027e-01	   5.9155528237915223e-01	   2.6923067701864589e-01	   5.7059560980731661e-01	   5.4428909998559383e-01	   1.6849041111160609e-01	   2.6928276468710644e-01	   8.0539292585414191e-01	   7.9475825930969324e-01	   2.6460110898227202e-01	   4.0228265589532852e-01	   2.4991543522962545e-01	   1.8545973378136815e-01	   5.1275760621623578e-01	   2.4697680244918557e-01	   6.5175957686043406e-01	   5.6613672097852752e-01	   6.5804227676319516e-01	   7.0811588271103221e-01	   3.3913103031947767e-01	   3.6451647747327570e-01	   4.7533154619966866e-01	   8.4066670395207033e-01	   2.7535571232590406e-01	   4.6065310954137123e-01	   2.3742633974920785e-01	   3.2928865592157353e-01	   1.6108492223242174e-01	   6.0748584971711372e-01	   5.1139459427798495e-01	   7.3703597098711071e-01	   3.9533630412260834e-01	   3.7817854525984818e-01	   3.6154912631208119e-01	   1.6607682538325022e-01	
   1.1210166500813803e+00	   0.0000000000000000e+00	   2.9621913799670740e-01	   2.3327124130117527e-01	   1.0118650394132458e-01	   3.1842452497030121e-01	   4.9309823272756864e-01	   3.8980053771525830e-01	   3.1538328364845547e-01	   5.8044316239676397e-01	   6.0249564700047009e-01	   9.1492414688289248e-01	   8.5854907574755357e-01	   7.4460102528446792e-01	   4.2027647350830410e-01	   2.5873555811786303e-01	   6.6941701454684499e-01	   6.6870653424965143e-01	   5.4408069573077900e-01	   5.3815640412019095e-01	   4.5736944310768074e-01	   5.6791719493762272e-01	   2.1741301312173633e-01	   8.7980302489621964e-02	   8.8649488925416242e-02	   1.6866480358417105e-02	   1.4266618333800860e-01	   3.7942682784247389e-01	   6.7179216739624048e-01	   7.2215239897683192e-01	   4.6256192272731111e-01	   4.0256511180983889e-01	   7.8184802376858120e-01	   7.0237914134814483e-01	   2.2526836088020696e-01	   5.1673309219524663e-02	   5.1110112975622735e-01	   6.1025362819729745e-01	   4.1753321706251245e-01	   5.5422119995129671e-01	   5.9959715055192153e-01	   4.1568847206071718e-01	   3.6243814370836197e-01	   3.3646805410531183e-01	   3.2118895118875129e-01	   2.1378483409311300e-01	   3.6039401825649553e-01	   3.2946211704846451e-01	   1.8338657717312554e-01	   2.2747877931498456e-01	   4.0749292408778442e-01	   1.7588255046826801e-01	   4.7251058429895854e-01	   2.3770611799237373e-01	   5.4790346823126668e-01	   4.4026113082610052e-01	   1.2619896239132882e+00	   1.4841554423954921e+00	   5.4947398849808837e-01	   6.2384817981088592e-01	   8.8329952486037122e-01	   5.9130441794525523e-01	   7.8392494850222150e-01	   7.6662994605972778e-01	   1.5146986980685653e-01	   1.0570428931953538e-01	   2.2693012312850311e-01	   1.2496359932787862e-01	   8.0999109052950979e-01	   1.6495100759052456e-01	   4.2993965708371523e-01	   3.1945879036990410e-01	   4.4698674904240043e-01	   5.9235348097109219e-01	   5.5486142292437246e-01	   5.9543032170676535e-01	   8.8561274200122209e-01	   7.3738499223802800e-01	   4.6132390871846785e-01	   4.6264730269866272e-01	   7.0057539649887235e-01	   5.6859535836840802e-01	   5.4602674666816076e-01	   2.7022882261524295e-01	   5.6093871453639554e-01	   5.1396516422943583e-01	   2.1683011075977285e-01	   4.2290443048731280e-01	   9.1640134377667415e-01	   8.9851087167091992e-01	   2.0553606070989622e-01	   2.8614628253463043e-01	   3.2022435850054370e-01	   2.1007999206549238e-01	   5.4405526204926091e-01	   2.9694937353577389e-01	   7.5834938219832282e-01	   6.6137097753644614e-01	   6.5715355056357316e-01	   5.3034596278791002e-01	   5.2223566075298034e-01	   4.3344518494653034e-01	   7.3842706560689853e-01	   7.4313666952209112e-01	   2.7369673456986332e-01	   4.0979245964576411e-01	   2.5890127437018479e-01	   3.2450351921369619e-01	   4.5452802572307473e-02	   6.2603741431758408e-01	   6.3586290652155331e-01	   6.4903273052215693e-01	   3.4056985120845945e-01	   3.5624222639365144e-01	   2.9773096470791716e-01	   1.1359057808459194e-01	
   3.0658617591012832e-01	   2.9621913799670740e-01	   0.0000000000000000e+00	   8.4890515095791219e-01	   9.6465722971480827e-01	   4.0381268708903123e-01	   8.8542770863056941e-01	   5.9534390458723396e-01	   4.0369488826368771e-01	   3.9823708015818882e-01	   9.1268320359996921e-02	   1.3077360352713893e-01	   4.8481473866909611e-02	  -6.0770465552699498e-03	   3.4233413473748409e-01	   3.9891986043051902e-01	   2.4222584646004997e-01	   1.8821265437952467e-01	   2.4053104009839849e-01	   2.1519969776594366e-01	   7.5884356573945766e-01	   4.8569870232775347e-01	   1.0663731109896439e+00	   6.5939883863225635e-01	   9.4065809210327322e-01	   8.5984742421427396e-01	   7.5620061450449683e-01	   4.2471372961569842e-01	   1.1772621606666882e-01	   1.1446984554508863e-01	   5.8111316773104593e-01	   7.9244575930665029e-01	   4.8857599905877408e-01	   6.4609029316155020e-01	   8.4113667568922534e-01	   6.9773847216884599e-01	   6.0903123405656523e-01	   5.1066469164069295e-01	   4.9363028653547725e-01	   4.4950716713596867e-01	   1.7786425267130535e-01	   1.9797959997816572e-01	   4.0627133098366036e-01	   3.5460229406943045e-01	   4.6113648660417145e-01	   4.6278198736464948e-01	   3.4490347366375362e-01	   3.4320077112620206e-01	   2.4762769818552843e-01	   1.7686022539647372e-01	   4.2326448488508328e-01	   2.8044794705220355e-01	   3.5942601682253328e-01	   1.8650482154910547e-01	   3.9529921434479420e-01	   3.0513844827228237e-01	   3.9107713798652910e-01	   2.3922237202329855e-01	   2.8177739081967179e-01	   2.4414487442906410e-01	   3.3635751614912879e-01	   3.9697815260096381e-01	   3.1986639950910965e-02	   1.8079275761557279e-01	   7.2233414621628511e-01	   7.3886519414948804e-01	   7.6948053008453676e-01	   7.1055508513006593e-01	   2.1501843944290280e-01	   3.4115626890141976e-01	   5.8566570119256112e-01	   5.4074324922288630e-01	   5.0061996493129268e-01	   3.1807794136464784e-01	   3.9336057681840908e-01	   4.0757932867600477e-01	   5.3084973979277617e-01	   6.3880260017199653e-01	   2.1784760974386272e-01	   3.9784991255387114e-01	   1.6125121223142136e-01	   2.7585235142697107e-01	   1.5666649120726897e-01	   1.2032599023510048e-02	   5.4852312290863248e-01	   5.5454147427620537e-01	   2.5607038478628547e-01	   3.8983212940502654e-01	   4.3951154279430543e-01	   5.9760108468683260e-01	   4.8426213969307291e-01	   5.3706890810211516e-01	   6.0235539146503714e-01	   6.4715403124820936e-01	   4.9193064812092441e-01	   2.8604757730727282e-01	   6.6983034731901314e-01	   3.8537196933123713e-01	   3.5363980527527344e-01	   2.9621328010287329e-01	   6.0439233380036839e-01	   6.8271671671343803e-01	   3.2143953563334227e-01	   3.0847122122289788e-01	   4.2245737802593442e-01	   6.2787809613942092e-01	   3.4453709626220108e-01	   1.5096691066520410e-01	   3.5843720485094638e-01	   3.0572109599021513e-01	   5.1987718835917951e-01	   3.1169790181992452e-01	   2.0759699380198959e-01	   3.4843017708728363e-01	   2.7345953682890106e-01	   2.4017710409479137e-01	
   2.9872978378374609e-01	   2.3327124130117527e-01	   8.4890515095791219e-01	   0.0000000000000000e+00	   9.5362881916830500e-01	   1.0014658724082346e+00	   7.3655622223772532e-01	   1.1536174178576344e+00	   4.9515405263628792e-01	   6.4311077351491708e-01	   3.1962863128364777e-01	   2.8010519495181307e-01	  -2.4924067888857888e-02	   1.9006435153919302e-01	   6.1461960993351439e-01	   9.0689817362166081e-01	   2.4166543077318151e-01	   1.7401784761420486e-01	   2.1023391235116848e-01	   2.4046817777825927e-01	   5.5153242085557896e-01	   4.0904960413235492e-01	   9.5440035901818709e-01	   1.1481063391285375e+00	   7.2812532477433600e-01	   1.0683395532694955e+00	   5.5358880410991107e-01	   4.4376463605918043e-01	   1.2354251149227594e-01	   1.4959954641274253e-01	   4.0580666726216991e-01	   9.7545792126123620e-01	   4.3741207029361517e-01	   7.3255035336065266e-01	   5.8812748995561703e-01	   6.3127173284640170e-01	   5.5431463407696335e-01	   5.5646226286130451e-01	   4.6186974056811320e-01	   5.0356801262083684e-01	   3.9738026342476002e-01	   3.7052952470361189e-01	   7.6538260131246960e-01	   7.5779524275768984e-01	   5.6280001558900250e-01	   7.5154697616401012e-01	   8.2205621579535071e-01	   8.3554181632332503e-01	   7.9090515322831056e-01	   6.9409107318724006e-01	   9.8931676927698831e-01	   7.3235385033906675e-01	   6.1572350608508131e-01	   4.3398571922904688e-01	   7.4753683250392255e-01	   7.1752211301007396e-01	   3.3326141861264807e-01	   1.3142809054266766e-01	   4.3168234126060590e-01	   3.4157267472203795e-01	   2.2107245524703870e-01	   6.9596936389548547e-01	  -8.2731684554114435e-02	   2.1649727164802501e-01	   7.4132274898683481e-01	   1.3898763916389831e+00	   7.7338508958469010e-01	   8.8547661591590521e-01	   9.7338002478816937e-02	   1.5123118199188523e-01	   3.2187616529101787e-01	   3.8913077854632550e-01	   3.3718985092443376e-01	   2.6146008349535771e-01	   1.9627937693936284e-01	   3.6620846715640054e-01	   6.0590569726485377e-01	   6.5724358676876482e-01	   2.4698495672098914e-01	   2.3701677802214227e-01	   1.8827025226730026e-01	   2.9095504980730158e-01	   3.9413751198701263e-01	   3.0057676764452101e-01	   8.1878556809228797e-01	   8.2101128955427338e-01	   1.8656840601630728e-01	   4.8566402752170468e-01	   3.6333318015101024e-01	   5.4763703370881101e-01	   8.7118148222091130e-01	   6.5927370640537686e-01	   9.0191067919829315e-01	   5.2064605552656773e-01	   4.4695134236595802e-01	   1.1977900811143113e-01	   6.2707368091890714e-01	   5.2955869379316889e-01	   7.7248453711389975e-01	   7.4427693681745877e-01	   6.1601358334451428e-01	   4.6248481676387121e-01	   3.8339525250835360e-01	   4.2158083494151172e-01	   1.7702867855064600e-01	   2.5263072857924401e-01	   3.4592627238267032e-01	   4.0583996842708620e-01	   1.0450259922567126e-01	   3.1091690386809967e-01	   5.5557112256082064e-01	   4.6995451518173792e-01	   6.1574840427876687e-01	   5.0422349868037630e-01	   3.2905725266641805e-01	  -1.0411370937083263e-01	
   1.6156347676175223e-01	   1.0118650394132458e-01	   9.6465722971480827e-01	   9.5362881916830500e-01	   0.0000000000000000e+00	   6.6312214585731710e-01	   7.7472208474423476e-01	   7.4837308080738030e-01	   6.4421728326200078e-01	   5.3048979176092081e-01	   2.3864637443886411e-01	   1.0935831180391076e-01	   3.9125421549864009e-02	   2.7062482745068520e-02	   5.7482283221409136e-01	   6.8056098090647821e-01	   1.4362577539509969e-01	   9.8075838816414809e-02	   2.1487016821221019e-01	   2.4762494086364978e-01	   4.5800214277388129e-01	   3.1991350283857056e-01	   8.8396317341080755e-01	   7.4305937593060500e-01	   6.2930398687181044e-01	   7.6397589399537980e-01	   7.2734768862269028e-01	   3.7361599634939313e-01	  -2.2362120692902086e-02	   3.5989038352026416e-02	   2.5620703717254978e-01	   5.8879451735500954e-01	   2.8258515670889828e-01	   4.3261789856298838e-01	   6.6731487618730057e-01	   6.1611206739109148e-01	   3.2678734900228912e-01	   3.7174062266273145e-01	   2.6610175904337752e-01	   3.3985088929597257e-01	   1.8416755599480955e-01	   1.8114246325999725e-01	   4.0794106973481198e-01	   3.9943888393248045e-01	   3.8584059097304074e-01	   4.5687046715078639e-01	   4.1917129302802186e-01	   3.6896314288749066e-01	   3.3104922718656882e-01	   3.2758736222812773e-01	   4.8310981387424001e-01	   3.3209833194018445e-01	   3.4690873461514304e-01	   2.2638902523756857e-01	   3.4247421232891018e-01	   2.9436088600582205e-01	   1.4289015085342155e-01	   4.2949685084519268e-02	   2.1788648836420318e-01	   1.5218867587974250e-01	   1.8249315097311294e-01	   4.2375193430803015e-01	  -8.7252534402378346e-02	   1.2471492360800195e-01	   7.8305605441301396e-01	   8.2254394436475808e-01	   6.6442246509974201e-01	   6.4553214046667640e-01	   7.3259954813056596e-02	   2.6558117659917768e-01	   3.6058975201458515e-01	   3.4025105179702719e-01	   3.1514794920035505e-01	   9.3025020985240708e-02	   2.5511878112504038e-01	   2.1678934494792995e-01	   3.3906690526307792e-01	   4.2499502306055059e-01	   8.1807198473387438e-02	   1.3574055257850140e-01	   7.0180611909410912e-02	   1.8179458124515782e-01	   2.3974155043231254e-01	   2.4416057611985997e-01	   6.5036524113619953e-01	   5.8316807558070816e-01	   1.6374102059693782e-01	   4.4300889702653656e-01	   3.5814059449956459e-01	   4.7104310104660346e-01	   5.3050560463220653e-01	   6.2351964007932836e-01	   7.6179713286421069e-01	   7.3226444421115688e-01	   2.6699990690207415e-01	   5.0641250875795241e-02	   2.9330775032727374e-01	   2.0137372209151636e-01	   2.8676123418809402e-01	   2.9576390723285512e-01	   5.0426731510811895e-01	   6.3838987130655134e-01	   2.1688357231896224e-01	   2.5610173979369033e-01	   1.6408202545004802e-01	   2.5894782535537297e-01	   1.8138797983178173e-01	   2.0034827696305732e-01	   1.4767348984432607e-01	   1.0663717816242264e-01	   3.5987289590566390e-01	   2.2225002196265134e-01	   2.2273888437945877e-01	   3.5558876261327965e-01	   9.6279912796515613e-02	   3.0473437822507263e-02	
   4.2209551604057860e-01	   3.1842452497030121e-01	   4.0381268708903123e-01	   1.0014658724082346e+00	   6.6312214585731710e-01	   0.0000000000000000e+00	   7.5503805798137447e-01	   1.1824259412426019e+00	   8.1901469693802087e-01	   1.0296071815365957e+00	   5.4216351936674834e-01	   5.3386990767631337e-01	   3.0573524245466560e-01	   4.9248660275352873e-01	   6.4265252448420940e-01	   7.4829350752055535e-01	   1.7531804741577406e-01	   2.9781098866075523e-02	   1.5057989934708071e-01	   3.0331907757985738e-01	   2.6475552092924293e-01	   2.7653036578130630e-01	   3.8569568964156953e-01	   5.4530859996287628e-01	   2.4249064605203152e-01	   6.1210732103123344e-01	   2.1195305075243617e-01	   5.1998344983131917e-01	   9.0707457162259475e-02	   1.7635539912240553e-01	   1.3410019867002812e-01	   5.5003637943330586e-01	   2.3284213006700416e-01	   4.4066459650107437e-01	   2.7916637999068877e-01	   2.9101722096337079e-01	   1.6645825899008571e-01	   2.7301332803128509e-01	   1.2367863499455653e-01	   2.2750575280627311e-01	   4.2380376780236506e-01	   1.0282499741773064e-01	   5.9123196719538373e-01	   5.5371149334680902e-01	   3.0766684790931892e-01	   4.5818717141786958e-01	   7.2356768521386972e-01	   6.7116682914520409e-01	   8.0287310272807877e-01	   8.3621720148048140e-01	   1.0277369855989305e+00	   8.6434598291407649e-01	   8.3776236106856805e-01	   6.8269609733961378e-01	   6.6196020429602753e-01	   6.9137102134561224e-01	   2.8523148382324287e-01	   1.9127085720791401e-01	   6.9166609436142845e-01	   4.6521851293439453e-01	   4.4155404211374283e-01	   1.0081833764039674e+00	  -4.8877101866421097e-03	   2.7547680106469796e-01	   3.5910575672277134e-01	   6.9842332875186741e-01	   3.0844008441279902e-01	   3.9255830926485702e-01	   1.6227845159533749e-01	   9.0883419283607519e-02	   1.2102859953849496e-01	   2.6810837762628004e-01	   1.1995039732543064e-01	   5.9606725949430180e-02	   9.8845973508503507e-02	   1.3179778398069594e-01	   3.9874943364462923e-01	   3.4241637526817492e-01	   8.1803407974954792e-02	   2.3477663301717227e-02	   1.9552037792029353e-01	   2.2718266012920829e-01	   4.8680439463331937e-01	   2.1527899389917771e-01	   6.1377722997157702e-01	   5.6078570045126730e-01	  -4.7407963486514597e-02	   2.1661103278236274e-01	   4.1082985011762552e-01	   6.1377713179789672e-01	   8.7183977713521410e-01	   5.9162496703354817e-01	   8.0627633642372443e-01	   4.1300572880247105e-01	   3.4985576801359247e-01	  -5.2433985634137932e-02	   3.3041972060933461e-01	   3.4130149565284496e-01	   7.7530506258551590e-01	   8.5728374366468973e-01	   6.1393423894673993e-01	   4.9844427754035725e-01	   3.4976345141458443e-01	   6.2309512917466336e-01	   1.2815901459543824e-01	   1.1161424022211133e-01	   3.9761812967652144e-01	   5.3379587241357151e-01	  -3.6230005398466596e-02	   2.3805143020958686e-01	   2.7670044844431518e-01	   4.7890704104144849e-01	   4.9536491119603687e-01	   4.4956146964210503e-01	   3.0891084075670283e-01	  -2.2634012677336174e-01	
   5.7627402768021474e-01	   4.9309823272756864e-01	   8.8542770863056941e-01	   7.3655622223772532e-01	   7.7472208474423476e-01	   7.5503805798137447e-01	   0.0000000000000000e+00	   1.0443833788337116e+00	   9.2491907283828290e-01	   8.0021893921064957e-01	   6.9183907740532113e-01	   5.2265435606764599e-01	   5.7903110953160031e-01	   3.5583150256776958e-01	   7.4878592530877752e-01	   5.6019829879874072e-01	   6.0492445407336215e-01	   4.6597438234959465e-01	   3.1848649114889555e-01	   3.7479458044825170e-01	   4.7444378024329309e-01	   3.0708822784945233e-01	   4.7299594373769965e-01	   3.4712842251503612e-01	   2.2860883965244869e-01	   4.4089104928184092e-01	   1.8600396733326102e-01	   2.9890340791390413e-01	   4.3800919188475462e-01	   4.7478199715035818e-01	   3.0096082586282358e-01	   5.5674858331893473e-01	   6.1696485728379657e-01	   6.8456863621418307e-01	   3.6561633048001935e-01	   2.7255156106512951e-01	   4.5424103064967358e-01	   4.1710690349749813e-01	   2.6240263462710028e-01	   2.8740080819940689e-01	   4.7793468828198382e-01	   2.3979681769426120e-01	   3.9151249109920588e-01	   4.0698240453485468e-01	   3.4606976137207313e-01	   3.6960298355982368e-01	   4.6075589028870667e-01	   4.1730099226703621e-01	   3.4685417948240743e-01	   3.6768133745758519e-01	   5.5803499931165523e-01	   3.4203471386412415e-01	   6.1054998771092750e-01	   3.3598061288383180e-01	   4.5964564911056960e-01	   3.8896620671018955e-01	   5.2226585830464045e-01	   4.5766059935926667e-01	   5.8972655933617302e-01	   3.2106285355482439e-01	   8.4766295183708640e-01	   7.4208061318942398e-01	   3.4603075061398991e-01	   6.3890391340237229e-01	   6.3343095486490686e-01	   6.1352318978672560e-01	   4.4653405593377860e-01	   4.0829492009627444e-01	   3.0605208604458944e-01	   7.5058020941862424e-02	   4.7755951071192942e-01	   4.4854166392257344e-01	   5.9104410750404490e-01	   4.5442729139653137e-01	   4.5915210323169775e-01	   5.3996442174260439e-01	   7.4054211950717841e-01	   6.1970264337923431e-01	   3.9890590360268541e-01	   4.2723235000105386e-01	   4.9692750698134375e-01	   6.0211625124765578e-01	   4.8742713992326536e-01	   1.4634497657838502e-01	   8.2262084239218336e-01	   8.1949449134797592e-01	   3.4578270404065858e-02	   3.1168972500983233e-01	   6.5031172884761657e-01	   6.7051744721943785e-01	   4.0482918550620517e-01	   4.6756579639566825e-01	   4.9027271814280515e-01	   4.8089484527243154e-01	   4.0215319146766620e-01	   1.2409570360523231e-01	   4.5856973332879558e-01	   4.2129979830643566e-01	   5.4486592696422109e-01	   5.0829486842162175e-01	   5.8946983330866820e-01	   6.3324753728392946e-01	   4.1470669112686331e-01	   5.0262409848770750e-01	   2.2812040858043736e-01	   3.6168134624240444e-01	   1.7772868519245050e-01	   3.3877270781536911e-01	   1.9022672617268491e-01	   4.4170995037180616e-01	   3.9545698078282204e-01	   5.1701148109545825e-01	   3.7170626105567234e-01	   4.6828152901792452e-01	   2.7524254245154445e-01	   7.2921923482769671e-02	
   4.3274477208071949e-01	   3.8980053771525830e-01	   5.9534390458723396e-01	   1.1536174178576344e+00	   7.4837308080738030e-01	   1.1824259412426019e+00	   1.0443833788337116e+00	   0.0000000000000000e+00	   7.9710495870220621e-01	   9.1357206458362028e-01	   5.1358137039259522e-01	   4.8101184388675761e-01	   3.5106380205670318e-01	   3.8013309138683471e-01	   5.6746797078422928e-01	   6.7872227243358407e-01	   3.7677079412208536e-01	   2.5657959001495145e-01	   1.5855591276422665e-01	   2.4250182440675000e-01	   3.6046117594017063e-01	   3.6948591519252127e-01	   4.4411179697522946e-01	   4.7694935928475513e-01	   3.2800211002315210e-01	   6.8155392142991811e-01	   1.7920705705301446e-01	   3.9508752955452831e-01	   3.1126166535521521e-01	   3.7795814087475665e-01	   3.1406607225752081e-01	   6.8611823630719371e-01	   5.5569173178641240e-01	   7.8514309726595877e-01	   4.2530034576472359e-01	   4.5028873841065525e-01	   4.4341222652828877e-01	   4.3829896401688034e-01	   3.4201921318021233e-01	   4.3690550090174007e-01	   5.1097615296470444e-01	   2.9947393303685682e-01	   6.1637711222536296e-01	   6.1687041308693047e-01	   4.9703089726751382e-01	   6.1177858999545576e-01	   6.6619466506103553e-01	   6.3365154953546055e-01	   6.4868532379247967e-01	   5.9334579892591988e-01	   7.6940040926573616e-01	   5.5253565738422283e-01	   6.0297070196378733e-01	   3.7212306180595917e-01	   5.5814385225617924e-01	   5.3223116048854746e-01	   4.5391087081667747e-01	   3.0267333904872157e-01	   5.5854989410190303e-01	   3.8090439807059506e-01	   5.5329436531332687e-01	   9.5507146714735114e-01	   1.6631178995375873e-01	   4.6927705757723814e-01	   4.7642713822267657e-01	   8.8200356791708678e-01	   6.2411249613719377e-01	   6.9357468540531608e-01	   1.5076088931923923e-01	   7.0942153350799370e-02	   3.3557349411643916e-01	   3.9906417648023301e-01	   4.1089461323326926e-01	   3.4914513519901091e-01	   3.0053582443907007e-01	   4.7299484762629818e-01	   6.6692540808695921e-01	   6.1202572169116731e-01	   3.1832595473715064e-01	   2.3432457637384657e-01	   3.8264975856593941e-01	   4.3355764053230711e-01	   5.3597724976218908e-01	   2.8837934677090632e-01	   7.5522146606240537e-01	   7.4632974137643493e-01	  -4.2561646291614089e-02	   3.1520157343681110e-01	   4.2437011006740155e-01	   5.8721352663675730e-01	   7.2664730221372265e-01	   5.7344938631417530e-01	   7.7311253483645226e-01	   4.4178850342126219e-01	   4.1547323988365370e-01	   1.6924485171098974e-01	   5.0913605817887464e-01	   5.0796534060399923e-01	   7.7803585568742295e-01	   6.8005436276198261e-01	   6.8929093297800936e-01	   4.1143986788319670e-01	   5.1269526600985471e-01	   5.6643520107820033e-01	   2.3780562415642498e-01	   2.7553911721468410e-01	   3.3838068144393452e-01	   4.5057093771306678e-01	   1.0748127677583101e-01	   4.0878575745427070e-01	   5.1619984822755116e-01	   4.8399699523879935e-01	   5.8975101540658781e-01	   4.0949074088889903e-01	   3.3012554620909634e-01	  -1.2529196729445341e-01	
   3.5442235687837587e-01	   3.1538328364845547e-01	   4.0369488826368771e-01	   4.9515405263628792e-01	   6.4421728326200078e-01	   8.1901469693802087e-01	   9.2491907283828290e-01	   7.9710495870220621e-01	   0.0000000000000000e+00	   1.0653192924782799e+00	   5.6697696989808355e-01	   3.5357456930011638e-01	   5.8582689739747662e-01	   2.8405124406962384e-01	   6.3836966175344634e-01	   3.2467486884277186e-01	   2.7137748478470958e-01	   1.5336196467734106e-01	   6.1245098718461462e-02	   1.6524429780454913e-01	   9.2353453632503663e-02	   7.5229032452187122e-02	   2.1449454364176407e-01	   1.3591855971406994e-01	   4.4524684433992864e-02	   2.6001417741132288e-01	   4.3256971326521988e-02	   2.0328243635154733e-01	   8.4055227597182147e-02	   2.1023223480287923e-01	  -9.2278006923250805e-02	   1.7604046070065457e-01	   2.2965669301994635e-01	   2.5380962448688205e-01	   2.7192336381965587e-01	   1.7154105387101409e-01	   1.8107262651941675e-01	   1.9927683340350452e-01	   1.7206186300650118e-02	   1.0014460903831471e-01	   1.9106511288332148e-01	  -2.2079736890793560e-02	   1.8614871928449905e-01	   1.2899446774527920e-01	   1.0683971159245954e-01	   8.6445993795484566e-02	   2.8657482664201633e-01	   2.1754864947045377e-01	   3.5825113694981803e-01	   3.7045221419055274e-01	   5.5390251053251505e-01	   4.0324563580110701e-01	   6.1181315739991415e-01	   4.0130076605368781e-01	   4.0812901749051028e-01	   3.2119538505164064e-01	   2.0827397722221228e-01	   2.2423539107295901e-01	   7.1529535614612272e-01	   3.4055668256189164e-01	   7.0693635783547715e-01	   8.1404532177648392e-01	   7.0205230293472587e-02	   3.3542159341928895e-01	   4.1614107454073113e-01	   3.9033285638330251e-01	   1.6037137480594468e-01	   8.6308791868609291e-02	   2.0504181634080071e-01	  -5.2403379075838544e-02	   1.1593518304223965e-01	   1.0559218386778919e-01	   1.7758280190086528e-01	   1.2242258673157204e-01	   2.1763219811264517e-01	   2.2020949956604119e-01	   3.5077240756580852e-01	   2.5890766927019754e-01	   1.2193642733146667e-01	   1.4905919156138905e-01	   2.0146702617484608e-01	   2.5294832174943038e-01	   2.9596448404078440e-01	  -5.9586561848650361e-03	   4.5937794402940424e-01	   2.7758198994714328e-01	  -3.9045467859704835e-02	   7.2004177426256796e-02	   5.9747309792403780e-01	   5.5111616182391687e-01	   2.8589618733412975e-01	   3.5535243687413054e-01	   4.4614484165514073e-01	   4.5539600560512117e-01	   1.7468035798003176e-01	  -5.9203671527955366e-02	   1.2374456554419638e-01	   1.4139801456451240e-01	   4.5971857755181866e-01	   3.6552784812593153e-01	   4.0470293886186798e-01	   4.4826890480569737e-01	   1.6283975341306126e-01	   3.9139683635821032e-01	   1.1638520316650679e-01	   1.0735965838390112e-01	   1.1300970046454670e-01	   2.4202079370352275e-01	   1.6271792400684104e-02	   2.3022483153199730e-01	   1.0809515500537675e-01	   2.9423144177391980e-01	   3.7006910533952836e-01	   3.9453302976299176e-01	   2.6076860647400735e-01	  -4.7978999985878831e-02	
   5.2909753489507794e-01	   5.8044316239676397e-01	   3.9823708015818882e-01	   6.4311077351491708e-01	   5.3048979176092081e-01	   1.0296071815365957e+00	   8.0021893921064957e-01	   9.1357206458362028e-01	   1.0653192924782799e+00	   0.0000000000000000e+00	   5.3287473822550346e-01	   5.0110038292746606e-01	   6.0138053476228026e-01	   4.7980529423451779e-01	   7.0859715340611673e-01	   4.9502501880267008e-01	   2.9455781677027287e-01	   1.1176114952782848e-01	   1.4083968131769942e-01	   2.3010216347069523e-01	   2.2960506393115931e-01	   2.9353345975679151e-01	   2.9121054050427142e-01	   2.9660018889339151e-01	   2.1974929281266364e-01	   3.5495240694367280e-01	   1.1929568982096611e-01	   3.1966502454451839e-01	   1.7274968002357871e-01	   2.7928475024198984e-01	   1.1402168135251840e-01	   4.3935177279378390e-01	   3.6143540774933675e-01	   4.2013572081843698e-01	   3.7078617233883898e-01	   2.6044186143797154e-01	   3.0183786001577129e-01	   4.8757382306165603e-01	   2.6234555838193496e-01	   3.7761978751538400e-01	   3.2786448324731099e-01	   1.7346446770058599e-01	   4.6911362650438915e-01	   4.4501506304499966e-01	   2.2625222542339984e-01	   2.3839484042154019e-01	   6.1904188003768079e-01	   5.0018942853452453e-01	   4.9718239054231655e-01	   5.0128197163686961e-01	   8.8888904794111290e-01	   6.0483101158137664e-01	   8.8006295602256268e-01	   5.9448199559842685e-01	   6.7415693361303353e-01	   5.5808632572046635e-01	   4.1229239825985292e-01	   3.9340320044929111e-01	   6.8752950906481936e-01	   4.2424349682451029e-01	   7.3483449595168437e-01	   1.0362698732510831e+00	   1.2947121157411012e-01	   3.2194686869316147e-01	   3.0076994049017014e-01	   4.3895231921419409e-01	   2.3111360693700556e-01	   1.6460914583155115e-01	   3.1547148004665315e-01	  -7.5041054207264715e-02	   1.6545792860524117e-01	   2.3921792558075872e-01	   2.1854698952523322e-01	   2.1700006889396917e-01	   2.8201221204314048e-01	   3.4615409898285976e-01	   5.2799165018305261e-01	   4.2897680682530731e-01	   1.8321476095417097e-01	   1.4488070623427379e-01	   2.6381529177015661e-01	   3.0934943091339517e-01	   3.8130208177034119e-01	   3.9468118868546898e-02	   4.9523941515125036e-01	   3.8867362544290313e-01	  -6.9995712994075213e-02	   1.7409189341592474e-01	   5.8109721598803599e-01	   6.8703040177427599e-01	   5.1982821211303953e-01	   3.9910498110123382e-01	   6.4579017226251900e-01	   3.8578372136039651e-01	   3.6475637690974511e-01	   5.2800040477458079e-02	   4.3496638191477544e-01	   3.8476417111485783e-01	   8.1111853812236134e-01	   6.5673739916084373e-01	   6.6005852471044313e-01	   5.1949644740315692e-01	   4.3089759340300854e-01	   5.6647427913073489e-01	   1.2086129650367962e-01	   2.1246462133798255e-01	   2.3954808983318629e-01	   3.4821567963829819e-01	  -2.0927435575128949e-02	   4.1871692751368195e-01	   3.9946918759549638e-01	   4.9052836364367020e-01	   4.5145802572937022e-01	   4.2555735288138752e-01	   3.8856684376148865e-01	  -4.6792519539320544e-02	
   7.9532330439065124e-01	   6.0249564700047009e-01	   9.1268320359996921e-02	   3.1962863128364777e-01	   2.3864637443886411e-01	   5.4216351936674834e-01	   6.9183907740532113e-01	   5.1358137039259522e-01	   5.6697696989808355e-01	   5.3287473822550346e-01	   0.0000000000000000e+00	   9.1370752359851093e-01	   7.8231949339259454e-01	   8.1847989297731782e-01	   9.9096368893746001e-01	   6.3912210020654159e-01	   7.5513750169752547e-01	   6.7844473434112385e-01	   5.7438309640846763e-01	   5.0441370318642986e-01	   2.0743694242294131e-01	   1.7218506788728311e-01	   7.6223998981933716e-02	   1.4341337413190380e-01	  -3.1027807287792175e-01	  -5.4928900290590790e-02	  -9.9703112662709592e-02	   1.6092267197283272e-01	   6.9592148493670802e-01	   7.4257045920117637e-01	   3.0521343263257766e-02	   2.5098241552323702e-01	   4.0583437369296044e-01	   3.6517553993947410e-01	  -1.7498766062914617e-01	  -2.7739664309693951e-01	   2.3864060365515966e-01	   2.3748209058719491e-01	   6.7376779912491122e-02	   1.0646016957392959e-01	   5.6422576489196263e-01	   2.6248558890127643e-01	   2.0229526677569382e-01	   2.5907505041964490e-01	   3.1730129882286996e-02	   4.9077016067867886e-02	   3.4382411996116280e-01	   3.2184321522622644e-01	   2.9001260064977186e-01	   4.7245583308387101e-01	   4.7854764814600664e-01	   3.3176012936945709e-01	   5.9835797059201679e-01	   3.9362770824350291e-01	   5.2695613742308578e-01	   4.4607116527548785e-01	   5.1051890872836259e-01	   5.2003622178809417e-01	   6.2251759694519215e-01	   3.6560217766183345e-01	   6.8808511296396924e-01	   6.0142598601157038e-01	   6.0008243887322210e-01	   7.9544012325003066e-01	   2.6121290063230046e-01	   2.1689636215663838e-01	  -8.0529138916111395e-02	  -8.9335303171474117e-02	   4.5035184406405820e-01	  -1.1550732921824461e-01	   2.9545001845247060e-01	   1.8350606995214752e-01	   4.5948800055152716e-01	   4.1893255108885830e-01	   4.6546334920657451e-01	   3.7445977952424958e-01	   6.5914206762181204e-01	   4.5316127807112194e-01	   4.4108285618116672e-01	   3.9202804627486471e-01	   7.2728474925490283e-01	   7.0439102210207238e-01	   7.8732392206876045e-01	   3.6808473788940210e-01	   8.3619409905556585e-01	   7.2630388379583211e-01	   2.1968427460545956e-01	   3.6306165864832668e-01	   6.8404728437481577e-01	   4.4984221351087444e-01	   1.2975820665799359e-01	   2.3645762708397927e-01	   1.2865866681732227e-01	  -4.7962607857692284e-03	   2.6923755271726729e-01	  -2.2876700837209697e-02	   2.1016796346453037e-01	   4.1189266465431246e-01	   5.3452495313649329e-01	   7.0090289809307960e-01	   1.6317660902814454e-01	   1.3060828839803620e-01	   3.2172285352413116e-01	   4.6908997939081265e-01	   3.4855462153844351e-02	   1.0727876654233912e-01	   1.2001444641875046e-02	   3.1104852694432239e-01	  -1.2097930471639106e-02	   4.3803548632523071e-01	   1.9699169452171236e-01	   7.0956619164636059e-01	   4.5153537529522025e-01	   5.7825137391424775e-01	   3.0519193456537463e-01	   4.3640606783419932e-02	
   8.6761781782044101e-01	   9.1492414688289248e-01	   1.3077360352713893e-01	   2.8010519495181307e-01	   1.0935831180391076e-01	   5.3386990767631337e-01	   5.2265435606764599e-01	   4.8101184388675761e-01	   3.5357456930011638e-01	   5.0110038292746606e-01	   9.1370752359851093e-01	   0.0000000000000000e+00	   9.1168507696431322e-01	   1.4736968347178361e+00	   5.2390157162591711e-01	   5.0934858868062249e-01	   5.3006056299340309e-01	   4.9855732179889878e-01	   5.1155594891708822e-01	   5.1925571199889964e-01	   3.1257756286944383e-01	   3.9470986659841772e-01	   8.3104475059130864e-02	   1.1877079931334772e-01	  -1.9472708297048211e-01	  -1.4196141065993644e-02	   1.8650432361444372e-02	   3.7229842716902212e-01	   5.9821087430119457e-01	   6.5277838133803689e-01	   1.9263899538023180e-01	   3.1185232621478687e-01	   4.2573759126397825e-01	   4.5945604016365527e-01	  -2.6136377556928339e-02	  -5.3254526007819193e-02	   2.2269158237295522e-01	   2.9811375735727519e-01	   1.4911421546229370e-01	   2.7038664436376048e-01	   6.8681769615235966e-01	   2.4872682315476929e-01	   2.9918948566048109e-01	   2.6984228233833357e-01	   2.0815626936796827e-01	   1.8886775712976397e-01	   3.7657233681610053e-01	   3.1417830215943365e-01	   3.0036843051789391e-01	   4.0834825585960788e-01	   4.8444392698231964e-01	   3.6347340819797413e-01	   6.9688337742286965e-01	   3.9027572080511563e-01	   6.2212060653447976e-01	   6.0412799547873230e-01	   6.8521100384150369e-01	   8.0405869522384676e-01	   6.7242956762913042e-01	   6.1502219558244442e-01	   8.1944417065407926e-01	   7.9741443273814860e-01	   6.8502371398982442e-01	   8.0757723291385430e-01	   1.0146724809071830e-01	   1.5291408258804667e-01	   8.1511891701721323e-02	   7.1916496774034736e-02	   5.5487424555036291e-01	  -2.9512436161691705e-03	   2.7282698866612004e-01	   3.3655204973821440e-01	   3.7800651687368947e-01	   4.7343296268790325e-01	   3.1140220068612001e-01	   4.5553377094378139e-01	   6.5610876998557599e-01	   5.7053672013619849e-01	   2.1035600412844188e-01	   2.4748662177072164e-01	   5.8476302184068552e-01	   4.7477566404753346e-01	   6.7816136414772965e-01	   3.8909786435675930e-01	   5.7451231713763751e-01	   6.2321789970489638e-01	   1.0729467176349675e-01	   3.6528691150206133e-01	   8.3556083083683896e-01	   8.9976408893202930e-01	   2.7855108695909897e-01	   3.3711085504099775e-01	   2.3607679205284338e-01	   9.8244677414079953e-02	   3.1089943118456154e-01	   7.7185163152068886e-02	   4.2694453013153105e-01	   4.5696601724569647e-01	   5.9800404969853693e-01	   6.4524313123358834e-01	   3.4274034408925497e-01	   2.9485886995931954e-01	   4.8698115526430663e-01	   6.7591552433187074e-01	   1.6337396334579413e-01	   2.7512709641624511e-01	   3.7015384314340094e-01	   5.1573415324791960e-01	  -7.7038339907458633e-02	   4.0895902421338820e-01	   2.8894707792249613e-01	   5.7695918663573564e-01	   2.8931442207079910e-01	   2.6327735666185065e-01	   1.8118929330537739e-01	  -1.5786556178700342e-01	
   7.9705433679016469e-01	   8.5854907574755357e-01	   4.8481473866909611e-02	  -2.4924067888857888e-02	   3.9125421549864009e-02	   3.0573524245466560e-01	   5.7903110953160031e-01	   3.5106380205670318e-01	   5.8582689739747662e-01	   6.0138053476228026e-01	   7.8231949339259454e-01	   9.1168507696431322e-01	   0.0000000000000000e+00	   8.4178828189132004e-01	   3.9839146138597359e-01	   7.8202016673206476e-02	   5.4647954171933455e-01	   4.4952240633136964e-01	   2.6729431828088973e-01	   2.9353927373703764e-01	   6.6229996920144418e-02	   1.4627975967993892e-01	  -1.6899832799665598e-01	  -2.8690805731565655e-01	  -3.6692352052290089e-01	  -2.8426010791887546e-01	  -1.8664193763950954e-01	   1.4441992924441299e-01	   5.5624614241333148e-01	   5.6869625643821620e-01	  -3.9603445364359412e-02	   7.1861018908635057e-03	   3.7761749899130709e-01	   2.5782049968260978e-01	  -4.5190143806918340e-02	  -1.3723906022741891e-01	   1.9565100371840641e-01	   2.3870426742609049e-01	   8.9062974680256646e-02	   2.3613256380262121e-01	   4.7049749245632660e-01	   1.9826998518415226e-01	   1.3178716883633379e-01	   9.1694150304806099e-02	   4.5342664513061945e-02	  -4.3457119247025812e-02	   2.0345529934438938e-01	   9.4997321716299751e-02	   7.6838694011187161e-02	   1.2010926599241710e-01	   2.3666377075798845e-01	   5.0802811290785989e-02	   4.6200169796335416e-01	   1.1889077611380308e-01	   3.2632066238605001e-01	   2.4833386188889056e-01	   6.7523573765497180e-01	   8.2677237164064321e-01	   6.2957195073662353e-01	   4.3344533289746801e-01	   1.2440156962836633e+00	   6.4255562572490377e-01	   7.5226127612662719e-01	   6.9227519277867333e-01	   9.9589645643973317e-03	  -7.5645205853851982e-02	  -2.6760651232184116e-02	  -1.2406655046547105e-01	   5.4706712035277061e-01	  -8.1480246054848854e-02	   2.3564974062292826e-01	   1.9687375649331260e-01	   2.6888282208197350e-01	   3.3216119337716532e-01	   3.8940275862499329e-01	   3.5444142687103508e-01	   5.4083488154267090e-01	   4.1803861693014727e-01	   2.6484618436117519e-01	   2.7121647000109073e-01	   5.4865572987529099e-01	   4.4541884998522679e-01	   3.4590038552447760e-01	   1.1620105149207291e-01	   2.7701715176908132e-01	   2.9308995238336466e-01	  -1.3909528358055254e-01	   9.7122131032409090e-02	   7.7567224221579179e-01	   5.8954915805496788e-01	   3.4732866047627826e-02	   1.4015959897889294e-01	   5.7893781298095331e-02	   1.4696752283610645e-01	   2.2888424147526695e-01	   1.2661359945939127e-01	   2.5923269705483248e-01	   2.9719593519179366e-01	   3.6139129436232231e-01	   3.2687355306588878e-01	   2.4651758777041183e-01	   3.0184137028767055e-01	   3.9829769045694485e-01	   5.0682894910561049e-01	   2.2871585024583668e-01	   2.7192611073421130e-01	   9.9934352450980618e-02	   2.1421435826595497e-01	   2.6750722161022446e-02	   3.9732631462231349e-01	   2.4372602867099957e-01	   4.4063887249620171e-01	   1.7335360827953961e-01	   2.0862503830015169e-01	   1.9741957340130536e-01	   3.9417418278811456e-02	
