   0.0000000000000000e+00	   1.3242932683219082e+00	   8.0161301614485581e-01	   5.2512402596649954e-01	   5.0717515856152384e-01	   3.9251681851886194e-01	   6.5156446764372455e-01	   5.1322291708116063e-01	   3.6018641230636078e-01	   4.5669330300187405e-01	   6.0973756738157658e-01	   6.6689468850881228e-01	   5.6332626500785099e-01	   6.0534213862923902e-01	   7.1315418472400793e-01	   6.8925954259671895e-01	   7.9664607377535368e-01	   6.8522591925844634e-01	   1.0243465647815406e+00	   8.7752946649099839e-01	   4.2010121446612769e-01	   5.0872696444933663e-01	   5.1346705620728017e-01	   4.3903410003977872e-01	   4.1344632940732229e-01	   1.6335585544690842e-01	   5.9936811728507156e-01	   3.1093793895743060e-01	   6.3492112925661970e-01	   4.4877832070255919e-01	   1.2527344163303081e-01	   1.2992271729859572e-01	   6.3253940814658971e-01	   5.1638406319298480e-01	   2.4845485690330571e-01	   3.2334735503572648e-01	   3.3065761363533286e-01	   4.3106470629487414e-01	   2.5477767752382030e-01	   9.8993399071128196e-02	   8.7694774435982725e-01	   8.7059222277315140e-01	   6.0576928807697361e-01	   4.7766488701938564e-01	   3.3068610116800179e-01	   3.3019974584124123e-01	   6.0134174839189136e-01	   5.9925497409881234e-01	   6.4234700562230329e-01	   6.7206998388066652e-01	   9.5187810624675540e-01	   8.3738018225430499e-01	   1.0231771550629407e+00	   9.3038280679662688e-01	   7.2112130501861760e-01	   6.8801712787793456e-01	   1.2311405074435045e+00	   8.6940165771899780e-01	   5.6440699038525199e-01	   4.0626504444770856e-01	   5.4046683363644243e-01	   4.2405171506084172e-01	   4.3594690887440435e-01	   6.1050020429590468e-01	   4.3681706871123044e-01	   3.2930729033929113e-01	   4.0813954222286947e-01	   3.2373893741794640e-01	   7.3619407599003139e-01	   5.7240940562972231e-01	   5.5575419175923169e-01	   6.1048693203277327e-01	   9.8411682866623695e-01	   1.0472971622385996e+00	   1.0315122708806388e+00	   9.4235679873145417e-01	   7.6442438347273056e-01	   7.1303103904778620e-01	   9.7031853605078466e-01	   8.9003436550967341e-01	   1.1345237756922708e+00	   9.0604981447825539e-01	   8.1983014099824336e-01	   5.4938952610567393e-01	   7.4476861706940289e-01	   6.0306629317697558e-01	   8.0026212371469119e-01	   6.2304036143875052e-01	   7.8769828797997798e-01	   8.5382782132639568e-01	   5.0520510811078134e-01	   4.9750821625788894e-01	   4.1680121199929038e-01	   5.1069462667935650e-01	   4.2818469856126329e-01	   5.2911871972312818e-01	   5.9993110147209239e-01	   5.6145741316037812e-01	   7.4211729119932313e-01	   9.1926575622433082e-01	   4.6249258619660044e-01	   5.5980168429679722e-01	   6.2384227548962412e-01	   5.1079605526748240e-01	   3.5731074613637920e-01	   9.7939361461543584e-02	   1.0318134885882413e-01	   5.2500985016704282e-01	  -1.5861159070884652e-02	   2.7846887257731867e-01	   4.2397261672715642e-01	   5.7334035585127130e-01	   5.1986231359088853e-01	   6.5322717066476810e-01	   6.3441949502336903e-01	  -1.8667910304665256e-01	
   1.3242932683219082e+00	   0.0000000000000000e+00	   6.7287909141496005e-01	   5.1811262083007725e-01	   4.7007524128247807e-01	   4.9477265093933520e-01	   5.7084307698682946e-01	   5.8431724420891562e-01	   2.7642723318380485e-01	   5.6253717727170127e-01	   5.0350092938448687e-01	   6.8218138922016958e-01	   4.9239065784370972e-01	   6.8491713951683353e-01	   6.8502101053523057e-01	   7.4494682166497062e-01	   7.0186595996199375e-01	   7.1764575724437296e-01	   9.2526195156656899e-01	   8.9747983046964375e-01	   4.5438801636447451e-01	   4.4787080999719542e-01	   4.9006455735829568e-01	   4.3302806246474851e-01	   3.8831616155288140e-01	   1.8304006096361336e-01	   5.0301430756508791e-01	   2.8722576781188247e-01	   5.9981149219201679e-01	   5.1152191398684344e-01	   1.2016444670238143e-01	   1.9477696423761176e-01	   6.0496860714875367e-01	   5.5617841290648351e-01	   2.7706444833145427e-01	   4.0697530637624391e-01	   3.2034889678880463e-01	   4.7400000577811785e-01	   2.6565567195232442e-01	   1.4933542147434395e-01	   7.4547995452200710e-01	   7.6274613863386709e-01	   5.3369456722000197e-01	   4.2587058828849045e-01	   2.8455932203549722e-01	   3.6972772422825695e-01	   5.7633775240824403e-01	   5.9121698375974674e-01	   4.8732901073588636e-01	   6.0637628851799263e-01	   8.3456433534340091e-01	   8.0494134718226373e-01	   8.7670502571294473e-01	   7.3166351072326274e-01	   7.3040876101880914e-01	   6.8925456939456342e-01	   1.2108833570432291e+00	   8.6388679934086343e-01	   4.4747011105901074e-01	   4.1515959335006669e-01	   4.6015472379037459e-01	   4.6368231120991726e-01	   2.8796054723162012e-01	   5.3890730473970905e-01	   4.0445179110925239e-01	   4.0476557594237517e-01	   3.6620495578096129e-01	   3.8421469420046012e-01	   7.3202139185780801e-01	   6.3677469268128495e-01	   5.1142159462561088e-01	   6.6469523551902554e-01	   8.2521271556571285e-01	   1.0070889306109467e+00	   8.5049028149306949e-01	   8.6334749900191454e-01	   6.0550162372083405e-01	   7.5429381788790961e-01	   1.0031623015168540e+00	   8.5666367387953790e-01	   1.0098110868436303e+00	   8.7606971545808587e-01	   6.7025296458342931e-01	   4.9310156759636126e-01	   6.1925865847466199e-01	   5.7888068956708538e-01	   6.8324800673215014e-01	   5.7605725083685810e-01	   8.4896822587265552e-01	   8.0014142057485838e-01	   5.3365474898352361e-01	   5.0400773205958582e-01	   5.1913559613787053e-01	   4.8617161045577995e-01	   4.5726659588901730e-01	   6.1705363892366172e-01	   6.5973183499124444e-01	   5.6967437956881417e-01	   7.5345352550278410e-01	   7.9934365837818999e-01	   5.5608782697067738e-01	   5.3299696825543108e-01	   6.5832274629885590e-01	   4.5137274583026848e-01	   4.3720417625708219e-01	   9.1025542990949004e-02	   2.6737571347242889e-01	   4.9162214098090062e-01	   3.6549820870747977e-02	   2.7908724652594752e-01	   4.3544083106164877e-01	   5.4176917172636618e-01	   4.9261750292160472e-01	   6.3926861225964771e-01	   6.2275656411516489e-01	  -9.1954802380300404e-02	
   8.0161301614485581e-01	   6.7287909141496005e-01	   0.0000000000000000e+00	   9.2005867719371559e-01	   8.9560013391078175e-01	   3.3708664237456482e-01	   1.3312552114567029e+00	   6.6875081634830269e-01	   5.4509130170753139e-01	   3.5583913793961525e-01	   6.8213372962308727e-01	   3.6305827873830121e-01	   8.0274450689422538e-01	   5.0399196554718761e-01	   8.6980304334984093e-01	   6.3364113590320181e-01	   5.1114742931968649e-01	   3.2073030027526567e-01	   8.7469435545713314e-01	   7.9369975860943687e-01	   5.5353010162392180e-01	   8.1084591310452703e-01	   1.0463360133439650e+00	   7.6396130944468654e-01	   9.1673886193365028e-01	   4.0862110431379095e-01	   1.0643110241975708e+00	   2.1365568171799146e-01	   6.4336936555204827e-01	   3.6213021158382530e-01	   5.5881287720150619e-01	   4.7587076677042905e-01	   1.0275869327377491e+00	   8.4167682242470487e-01	   8.6200118524595903e-01	   8.5804081112479524e-01	   4.6845440465759158e-01	   6.7671792935700203e-01	   5.1402098242280125e-01	   3.0494306394843329e-01	   7.9052194755303706e-01	   6.7152233069805090e-01	   9.4154424970373152e-01	   7.2529172464941893e-01	   5.2738155641909867e-01	   5.2632186239147027e-01	   7.8882974780663639e-01	   9.0713578068764411e-01	   6.3719602672977183e-01	   7.1373405351719688e-01	   9.9529458080520516e-01	   8.2558036884687813e-01	   7.8220923435183010e-01	   6.9351698710630350e-01	   9.4812317371253629e-01	   1.0192032108551443e+00	   5.7336689258998486e-01	   4.7594138225711602e-01	   5.8660128920006438e-01	   3.7765444291661310e-01	   4.7367363604465401e-01	   3.6987533921796362e-01	   2.6658852727155691e-01	   3.5859252925821955e-01	   8.5229864129229815e-01	   6.4156949817577713e-01	   1.0188688487756137e+00	   8.3118063501395434e-01	   4.6468639850430371e-01	   5.4266127460859748e-01	   8.3444423461136918e-01	   7.3983387454181437e-01	   8.6612188578452354e-01	   6.9904079265065899e-01	   9.1387853630811700e-01	   7.7389513856280168e-01	   9.5939136807292225e-01	   8.0787216219614777e-01	   7.6985762680958703e-01	   7.4598487160187632e-01	   7.2488150828802977e-01	   8.4714947564164367e-01	   1.0305702522924585e+00	   6.6407897733058674e-01	   1.2134495435259094e+00	   1.0262920010902248e+00	   1.0638566251465067e+00	   9.1614528072249679e-01	   1.0748051249514716e+00	   1.1912065429831613e+00	   6.7513855919892252e-01	   8.8443993168188395e-01	   5.3050945350346312e-01	   8.8724026409736401e-01	   4.7012910688447884e-01	   7.2249483970351591e-01	   7.6015208338859175e-01	   7.2916435833667603e-01	   8.2854665822155871e-01	   9.8219715640005678e-01	   3.3297025565684929e-01	   7.4263700585483128e-01	   5.3569140930974157e-01	   6.5028785750648721e-01	   5.9337483024011106e-01	   3.3186174817981434e-01	   3.4969399879734048e-02	   6.9421866461095638e-01	   1.7150714846539289e-01	   4.1120246816719014e-01	   7.2893489584150062e-01	   7.6748672347750768e-01	   7.7723061452275033e-01	   8.9584687691486309e-01	   8.6064209921403667e-01	  -1.1035803715027044e-01	
   5.2512402596649954e-01	   5.1811262083007725e-01	   9.2005867719371559e-01	   0.0000000000000000e+00	   8.7772495084041835e-01	   6.7044253392056041e-01	   9.5599143199030223e-01	   1.2357920375322977e+00	   4.6140155042735054e-01	   7.2358824576192926e-01	   3.9928050023096195e-01	   3.6002583662907928e-01	   4.1000582696160515e-01	   5.7011654914778143e-01	   5.6455698116989339e-01	   7.2092180755257096e-01	   2.5806294101480964e-01	   1.3675764552746239e-01	   5.9181901674877224e-01	   7.6788880788497293e-01	   5.1912941206808361e-01	   7.4058233996723777e-01	   7.3475128214357754e-01	   9.5258915496639052e-01	   6.3567362963965013e-01	   5.3386571608850919e-01	   6.5075616296969829e-01	   2.7558693865106360e-01	   4.4401305331761171e-01	   3.4282100911467051e-01	   4.8851659710983641e-01	   6.5222022123571766e-01	   1.0026410479606007e+00	   1.0098221028136212e+00	   5.8363207989576793e-01	   8.3608671324214157e-01	   2.1191089190504703e-01	   4.1513630712651617e-01	   2.8794950917087397e-01	   2.0299843083932204e-01	   4.6430237930654206e-01	   5.6393956439075099e-01	   6.5741797808550861e-01	   4.8202449464449615e-01	   4.8399239145459949e-01	   6.0722539906295092e-01	   4.5431619907465559e-01	   5.9535540084177851e-01	   5.4219464365003556e-01	   6.5425455690157464e-01	   8.5650481750379714e-01	   8.1793533251789818e-01	   7.2786708784387999e-01	   6.1530083390672852e-01	   6.5989589021984441e-01	   7.4331528388752732e-01	   3.9997780500371638e-01	   3.4118686129656645e-01	   4.9690261115397177e-01	   5.3896859368236960e-01	   3.0462227488799687e-01	   7.4143305922625335e-01	   1.6249629306884206e-01	   5.2483201038099436e-01	   7.8560945282467720e-01	   1.1735372987995218e+00	   7.8529388565664116e-01	   9.5705399722842244e-01	   3.6568507491286339e-01	   6.3242144491929042e-01	   4.9468356094073024e-01	   6.1074424036356867e-01	   5.6013874557917120e-01	   5.4274038637623523e-01	   5.4188428067899541e-01	   5.7707245608852842e-01	   6.4183795984778991e-01	   6.8390869053154202e-01	   4.9485062817603587e-01	   5.1030439377926051e-01	   4.7218013877657428e-01	   7.3423302786125277e-01	   7.7296743242671717e-01	   5.6356582022211632e-01	   7.8709475890779068e-01	   1.1769725977998728e+00	   7.4926344068871442e-01	   8.0310746684353629e-01	   6.9662645459759398e-01	   1.1659631474422754e+00	   6.2926369477437138e-01	   6.6039051504637625e-01	   6.5830820694556413e-01	   5.6849046256422420e-01	   1.9812089655812848e-01	   3.9631570645473801e-01	   5.0443146546835438e-01	   4.9112801680107643e-01	   6.4195173678127693e-01	   6.8205421328858362e-01	   4.2963205217639416e-01	   4.8654352036364368e-01	   5.7778751262459149e-01	   5.0287687284038629e-01	   6.2593721989545870e-01	   2.1485323366560852e-01	   2.0437012595721951e-01	   7.2640710751336734e-01	   1.8129696557229441e-01	   3.8915876074054900e-01	   5.6010936596270267e-01	   5.7894823987737309e-01	   5.3530029980522897e-01	   6.7046716345885438e-01	   7.3379930259768900e-01	  -1.6191132507175826e-01	
   5.0717515856152384e-01	   4.7007524128247807e-01	   8.9560013391078175e-01	   8.7772495084041835e-01	   0.0000000000000000e+00	   6.1974737840301053e-01	   9.8924997812784377e-01	   7.3618350585774106e-01	   7.1135437718043915e-01	   5.2385179616540611e-01	   4.4562271753642291e-01	   2.5738457154117100e-01	   5.2222013201969508e-01	   4.4456786712932717e-01	   6.6293297409721208e-01	   6.1432549926564317e-01	   1.8848818809541973e-01	   1.5381977932773067e-01	   6.5496905707157616e-01	   6.9521412448729514e-01	   4.9338958705616354e-01	   6.0708724585774998e-01	   7.3951650417419035e-01	   6.6945810043145715e-01	   5.5069214657597787e-01	   3.6813768751220521e-01	   5.5240330956378991e-01	   3.6380951181323457e-01	   4.4257107774363447e-01	   2.6085231970214423e-01	   4.2253566342156529e-01	   5.4902792741024620e-01	   8.9602188867007748e-01	   7.3078674707782554e-01	   6.3881828153646725e-01	   6.2556335616785030e-01	   2.6512222162945420e-01	   4.0904883053905755e-01	   2.7350958647796086e-01	   1.6138836127693432e-01	   4.6732904704533917e-01	   4.3839101699297495e-01	   6.1610090794952743e-01	   4.3925937455745767e-01	   5.1475484378332581e-01	   5.9552426851189089e-01	   5.2714530373386559e-01	   5.4268576182432959e-01	   5.9078527155371341e-01	   7.0267109480404577e-01	   6.7946027432070732e-01	   6.8294002737543869e-01	   6.5276059162780253e-01	   6.5466056706506381e-01	   6.0539266837525751e-01	   6.5232973074775658e-01	   2.5259641296575469e-01	   2.6420984786166984e-01	   4.9412022396737371e-01	   4.1155279764404351e-01	   3.4806177028955010e-01	   4.7740876661268916e-01	   2.2809859035852439e-01	   5.0225341719655270e-01	   7.7777400069809355e-01	   6.2448187249327813e-01	   6.2745936321596141e-01	   5.8897510092234828e-01	   2.6293069540403435e-01	   4.6537873656660794e-01	   5.6124990148873954e-01	   6.7457472725425593e-01	   4.9610805134251268e-01	   4.6365147970990811e-01	   5.8254361972453184e-01	   5.1750054882300789e-01	   6.5270481049270301e-01	   6.0251874739313571e-01	   3.8861004438144781e-01	   3.7889295767977799e-01	   3.1957941911629256e-01	   5.4970876532559942e-01	   6.4022017766419226e-01	   5.5761634250721981e-01	   6.9639051529197249e-01	   7.3356955233910015e-01	   6.3236555598012445e-01	   5.7839582566001979e-01	   6.0303092105833023e-01	   8.8857395362572611e-01	   6.6853765565147094e-01	   7.2896304612378349e-01	   6.0843529026971599e-01	   7.5734179958489012e-01	   1.3847859220159484e-01	   2.8311436209045804e-01	   3.4960887784969941e-01	   3.5560179193108271e-01	   6.8815786032735760e-01	   7.2391766354698284e-01	   3.5231174170095197e-01	   5.3588237524185378e-01	   4.5776022921836879e-01	   4.8984656986817671e-01	   3.7708261572060975e-01	   2.1579939290861375e-01	   2.8193715809879938e-01	   5.3583090689582313e-01	  -2.4974047438400683e-02	   1.2803183044012501e-01	   3.7660744575268301e-01	   5.7076102865666145e-01	   5.9795383798049384e-01	   6.3435263765406980e-01	   5.2085693636530739e-01	  -2.0785745802379602e-01	
   3.9251681851886194e-01	   4.9477265093933520e-01	   3.3708664237456482e-01	   6.7044253392056041e-01	   6.1974737840301053e-01	   0.0000000000000000e+00	   5.8749483056587615e-01	   1.0389511181139732e+00	   3.9664467758678146e-01	   1.0866678007150370e+00	   3.4080510328804159e-01	   6.1125037656779668e-01	   2.8862229221004654e-01	   5.9326036776339253e-01	   4.0324824328549946e-01	   4.9348346591574854e-01	   2.5282926669191286e-01	   3.1246426027549506e-01	   4.9690463911929184e-01	   6.4654662483291037e-01	   3.5632708970142685e-01	   3.7778915414541953e-01	   2.1374384685773712e-01	   2.8895425936718833e-01	   2.0587775310024611e-01	   2.8396506333483973e-01	   2.9215073037863232e-01	   5.1267633292956261e-01	   2.6816986081654182e-01	   3.1081893919898657e-01	   3.5620696434951152e-02	   3.1511553552286226e-01	   4.5908058221405096e-01	   5.3167104646191332e-01	   1.6284207631870334e-01	   3.4270537057604722e-01	   4.8616030819328415e-02	   1.8628113951373446e-01	   1.0195158002287710e-01	   6.4435183018886760e-02	   3.0419984959019142e-01	   3.7749451077646123e-01	   3.5059967142859322e-01	   1.2852629481657724e-01	   3.7233749936368993e-01	   5.3583505910818019e-01	   3.5750363162884996e-01	   3.5837532414990125e-01	   3.5074779201828443e-01	   5.2457786319065325e-01	   4.6454121586246688e-01	   5.1753852385644594e-01	   6.3751456533632433e-01	   5.1383712703894924e-01	   4.4782392019206535e-01	   4.1088761225232895e-01	   4.5055427607488346e-01	   4.7634640362061315e-01	   6.0410353469502498e-01	   8.4858749544164380e-01	   4.8337449147328770e-01	   7.3016027178090370e-01	   2.3502970502338713e-01	   5.7122074635510167e-01	   3.7604589266415589e-01	   6.1854969798163972e-01	   4.5502220217821721e-01	   5.1232255268770288e-01	   5.5936163346243584e-01	   8.7695845844923559e-01	   1.2058836928322086e-01	   4.6560779509270173e-01	   2.2190069990807357e-01	   4.3409725791452125e-01	   1.6485115762575797e-01	   2.3401962521327213e-01	   2.5419897160426497e-01	   3.7600790697521236e-01	   2.4004413562430441e-01	   2.4905363808158554e-01	   4.2490192425453505e-01	   4.9505760789517617e-01	   2.7195850127650384e-01	   2.5217180902397207e-01	   2.9166883169482366e-01	   4.8365823983090372e-01	   2.3452899396902627e-01	   2.1719920868689341e-01	   5.7424088948912577e-01	   6.2423884095943416e-01	   7.3069164993038604e-01	   6.3216444093460344e-01	   8.6359088608057288e-01	   5.6546143105875846e-01	   1.7281162400292421e-01	   1.8558326014838619e-01	   3.3975314243013172e-01	   2.6248531713686618e-01	   6.7183630641533154e-01	   6.1983966379981026e-01	   8.2280509070031937e-01	   5.6796959022963478e-01	   7.7517563287140590e-01	   5.1737908889624840e-01	   4.4805325767711440e-01	   2.6319975207234098e-01	   3.5667353572852967e-01	   6.2192727452583063e-01	  -5.1979544367834654e-02	   5.1017730990252516e-02	   3.2101381047595900e-01	   5.5746704924300783e-01	   5.3329444422520644e-01	   3.8609794531424446e-01	   3.1747109138959739e-01	   1.7642635845462523e-02	
   6.5156446764372455e-01	   5.7084307698682946e-01	   1.3312552114567029e+00	   9.5599143199030223e-01	   9.8924997812784377e-01	   5.8749483056587615e-01	   0.0000000000000000e+00	   1.0202605493034260e+00	   8.1506741704879326e-01	   5.8992097093087048e-01	   7.9745051271226208e-01	   5.1005056690041228e-01	   8.4666751233337589e-01	   6.1436220691089516e-01	   8.2599040534397483e-01	   5.5617308753612615e-01	   3.9149379392904432e-01	   2.5090504756311116e-01	   7.0258897964778244e-01	   7.4166916024956064e-01	   4.1359776055206776e-01	   6.0381419170522954e-01	   7.2421634140720548e-01	   5.6831056427277615e-01	   5.1801674808369669e-01	   1.7460267119736333e-01	   6.7943173891883812e-01	   1.5443678995547672e-01	   4.4853027838877246e-01	   2.2328652690360887e-01	   2.5558699028901971e-01	   3.1229673394432517e-01	   8.7291957739987180e-01	   7.3584931767564021e-01	   5.4928758846937520e-01	   6.4224368235594176e-01	   1.9056527078174049e-01	   3.7964542582504496e-01	   2.9787487482365976e-01	   1.1284278572074787e-01	   5.8310134466742369e-01	   5.9910208319947311e-01	   7.8276423985112864e-01	   5.7571750170576874e-01	   5.4772170620203731e-01	   5.7702142173419846e-01	   7.1151908422729926e-01	   7.5796811851521717e-01	   5.4014270255412766e-01	   6.3360525507117105e-01	   8.0028250228577502e-01	   6.6925408278250498e-01	   6.9826208357892960e-01	   6.2695971463798972e-01	   6.9375644817250248e-01	   8.0237342795891653e-01	   4.7142086869450772e-01	   4.9271912275649415e-01	   6.9746624286182846e-01	   5.5545237879032738e-01	   7.5177936125763356e-01	   6.7139103628771146e-01	   3.0823066197127358e-01	   5.2375209835288283e-01	   1.1817035750028755e+00	   8.1294801779616066e-01	   1.0240935237704398e+00	   8.3890283139590938e-01	   4.3785151018074431e-01	   6.8005555708456156e-01	   6.6506756560393443e-01	   7.2328962320621115e-01	   6.3966383841911723e-01	   6.4098207867042545e-01	   7.2975991242847960e-01	   6.9243494727188948e-01	   7.1599996277978528e-01	   6.1986775735647526e-01	   5.4826610668566089e-01	   5.4255532995386635e-01	   5.9670813433073233e-01	   7.6280239851893250e-01	   7.8561118622302362e-01	   5.7181179596337439e-01	   1.0588274811245268e+00	   8.8711458380457664e-01	   7.6312548952954729e-01	   7.3114161576842263e-01	   1.0742390537643294e+00	   1.1139115344815993e+00	   8.1879230590794028e-01	   8.8775884550460638e-01	   7.5012122204111698e-01	   9.5623706313573964e-01	   4.3257824222679886e-01	   5.9814275051437704e-01	   5.6991739851447831e-01	   5.1859134935588314e-01	   8.2903572134492298e-01	   9.5862150741945684e-01	   4.6372038833368784e-01	   9.2222838844500798e-01	   5.8373189288565430e-01	   7.0726233218144918e-01	   5.2313693759297475e-01	   2.8173861691902563e-01	   1.4026062062098174e-01	   7.2313928008055073e-01	   1.5066049407847243e-01	   1.7686585601581822e-01	   4.9518697819546964e-01	   7.3213245847448760e-01	   7.7291040329095861e-01	   7.3106014042003686e-01	   6.8116801786854586e-01	  -1.5031764660181149e-01	
   5.1322291708116063e-01	   5.8431724420891562e-01	   6.6875081634830269e-01	   1.2357920375322977e+00	   7.3618350585774106e-01	   1.0389511181139732e+00	   1.0202605493034260e+00	   0.0000000000000000e+00	   5.2781818239729006e-01	   1.1047260488962827e+00	   5.5352106973520054e-01	   6.5295347915078950e-01	   4.5679665143150183e-01	   7.3201431465019062e-01	   5.1999665953422447e-01	   6.1738331798604629e-01	   3.3117703838162760e-01	   2.7289760624683718e-01	   5.6018013965329438e-01	   7.5410038912467392e-01	   3.5354832167792610e-01	   5.5429468383469049e-01	   4.4415556751033358e-01	   5.3083654981590200e-01	   3.4634657666981850e-01	   3.1001003427376106e-01	   4.3798356671142202e-01	   2.7816620218585197e-01	   4.3115184646657634e-01	   3.4249850442341612e-01	   2.1667089685277388e-01	   4.5879801643726592e-01	   8.2253301518784361e-01	   9.4268167240203926e-01	   3.0689475432087715e-01	   5.6574941441862425e-01	   8.9380046324508258e-02	   3.0907669246149694e-01	   2.1338434507739856e-01	   1.2970560717283366e-01	   4.2730551586473742e-01	   5.7162631011947151e-01	   5.9930037517430235e-01	   4.2248297318280287e-01	   4.9855864236711422e-01	   6.6462429788121602e-01	   5.2327997057194575e-01	   5.7800292360429750e-01	   4.7777298133965823e-01	   6.5376573223617418e-01	   7.4129999560968607e-01	   6.9999073876444817e-01	   7.3362537526279281e-01	   5.8415498124162335e-01	   6.2832799123789451e-01	   6.6526007593655656e-01	   4.7937700051623111e-01	   4.9321687350491455e-01	   6.1888795227116600e-01	   8.1303417535434974e-01	   5.6914270322616722e-01	   1.1529804374343429e+00	   2.7130858852050305e-01	   7.4062474200064754e-01	   7.7957625347889270e-01	   1.1748105023624973e+00	   7.2009553675746274e-01	   8.7297034059024625e-01	   5.5614201261018681e-01	   8.9137248549165116e-01	   3.5964940404623563e-01	   6.0269716124572625e-01	   4.0648126554552988e-01	   5.5690792242775000e-01	   4.2086192962458874e-01	   4.8883088455387025e-01	   4.8813080644654033e-01	   5.6669142128125383e-01	   4.5638147759903258e-01	   4.1607610727589728e-01	   5.5602149301587667e-01	   6.8924181426568498e-01	   5.8106569900042926e-01	   4.6465578393898499e-01	   6.7951860884021675e-01	   8.9828128032424903e-01	   5.4166442522872904e-01	   5.4597728530669720e-01	   8.2451181232130744e-01	   1.1250606071745048e+00	   7.8316334293771395e-01	   6.5796590632815322e-01	   8.5315217437988100e-01	   5.8116453433451543e-01	   2.1745967597335281e-01	   3.6038730909285432e-01	   4.9354850525400701e-01	   4.0770268754526873e-01	   7.8376631638669114e-01	   7.2661417821330487e-01	   7.1425202516215291e-01	   6.5527685210956321e-01	   7.1199789044931605e-01	   5.4068736762408864e-01	   5.3772249684510409e-01	   1.4733536918706941e-01	   3.1016503355537001e-01	   8.1050872763443160e-01	   7.4798247834292883e-02	   1.5961230819902983e-01	   4.2646364738139719e-01	   6.0258043219852986e-01	   5.9573723391179501e-01	   5.6818039082039440e-01	   5.5075413440777210e-01	  -1.0635449108560757e-01	
   3.6018641230636078e-01	   2.7642723318380485e-01	   5.4509130170753139e-01	   4.6140155042735054e-01	   7.1135437718043915e-01	   3.9664467758678146e-01	   8.1506741704879326e-01	   5.2781818239729006e-01	   0.0000000000000000e+00	   5.1760355679988912e-01	   8.2621980856484933e-01	   5.2114304320023885e-01	   7.1462053697662886e-01	   6.2560990384889448e-01	   6.8387896063339415e-01	   4.2201934492099580e-01	   1.9430315921979843e-01	   1.2804202831741340e-01	   2.0535138520800031e-01	   2.2855659502652478e-01	   2.7899112937068610e-01	   2.7771284912138566e-01	   4.2543671923115067e-01	   3.5375502301940359e-01	   1.8302093799976182e-01	   1.0608988092555266e-01	   2.0079115276691178e-01	  -2.3867954658697609e-03	   2.8543368283591686e-01	   2.2394186359859175e-01	   1.8574890362990307e-01	   2.4298192297063709e-01	   3.8767088829616536e-01	   3.4943631638150768e-01	   8.2844942252568360e-02	   1.3010934438341901e-01	  -9.8240292458680503e-02	   1.1600153315621628e-01	  -1.0954480422357234e-01	  -6.2151193378854948e-02	   1.6546357217470475e-01	   3.0581031304098216e-01	   3.5763447892323630e-01	   3.8104086700541817e-01	   2.9724559327788574e-01	   2.3420110954927742e-01	   3.6956961919910675e-01	   3.6034249927723350e-01	   3.3233291232069134e-01	   3.5493058273908945e-01	   3.5816647853469957e-01	   3.7848529089619909e-01	   3.5829726173756632e-01	   4.3664838354701496e-01	   3.7010393701891275e-01	   5.0291790891769950e-01	   2.1893460937137788e-01	   1.9126370764210418e-01	   3.7969040441428331e-01	   3.4920343264184739e-01	   6.8119581340490787e-01	   6.6135367193830130e-01	   2.5946834410772290e-01	   4.9828108656803594e-01	   8.0623657046854591e-01	   4.6156538161142491e-01	   2.5497363876583812e-01	   1.6664293197369451e-01	   1.0740415129890243e-01	   1.8586822443860770e-01	   3.6897442004916053e-01	   3.3236619945376900e-01	   3.1110308373587514e-01	   3.0276880018845215e-01	   3.6419912141046601e-01	   3.2322178233140675e-01	   2.8409907134505685e-01	   1.6251351954935928e-01	   2.5249954859715573e-01	   2.9926589187438662e-01	   3.2867852059821479e-01	   4.1249946792723557e-01	   4.8840702651450241e-01	   4.6318064315994878e-01	   5.7453399279628392e-01	   4.3273745098686756e-01	   4.2805625996902041e-01	   4.4532908933805054e-01	   5.2763631653505105e-01	   6.1361638294873544e-01	   3.3029237638404918e-01	   4.0089634244036426e-01	   3.8643116750811968e-01	   5.1912972103668631e-01	   1.3041116522753329e-01	   2.3207181772141619e-01	   2.0689502465829096e-01	   3.7996437513981912e-01	   3.6184117347246231e-01	   4.5312135004646259e-01	   2.8377602755276343e-01	   5.0928460240577622e-01	   2.1891143362921081e-01	   2.7694953124620170e-01	   2.1000580969707730e-01	   1.8038578706406527e-01	   1.4861708157716016e-01	   5.0768100417051254e-01	  -1.1166392126501638e-01	   8.4087650466155905e-02	   1.9635173706705414e-01	   3.0486928095747495e-01	   4.2729932137426724e-01	   3.2942547568853336e-01	   4.5711748231363225e-01	   1.2928122037667264e-01	
   4.5669330300187405e-01	   5.6253717727170127e-01	   3.5583913793961525e-01	   7.2358824576192926e-01	   5.2385179616540611e-01	   1.0866678007150370e+00	   5.8992097093087048e-01	   1.1047260488962827e+00	   5.1760355679988912e-01	   0.0000000000000000e+00	   6.8284055991078574e-01	   8.1838408090882231e-01	   4.8375215423539958e-01	   9.6314277674624305e-01	   6.1016425514727146e-01	   8.2913510242123545e-01	   3.3821514741705427e-01	   3.7282379501702467e-01	   4.2384951293341855e-01	   6.1983375868523982e-01	   3.9031811195733213e-01	   4.0622410640283391e-01	   2.9597634662614680e-01	   3.7145999282485215e-01	   9.9863698329809930e-02	   1.2184011642620222e-01	   2.1427224318473198e-01	   1.7380066768364674e-01	   4.2967022048756853e-01	   5.0548714569820064e-01	   9.3429481654675434e-02	   3.2613808648485404e-01	   5.0658935050958787e-01	   5.8750182878818469e-01	   9.4692673446230002e-03	   2.0936781758718140e-01	   1.4332144390350363e-02	   1.8765073525971665e-01	   2.0456122345776647e-02	   6.7601491458727549e-03	   3.2282530262848980e-01	   5.0991409768020057e-01	   3.6360230428458845e-01	   2.3254924697202869e-01	   3.1885397188181547e-01	   4.5495882340048233e-01	   3.8003528889245286e-01	   4.0586957826940118e-01	   4.0015495793066436e-01	   5.1994028231867362e-01	   5.5626838640250320e-01	   5.8093562573664637e-01	   6.1516401788697161e-01	   5.2833696869677926e-01	   5.1711667750449419e-01	   5.0206775998700537e-01	   4.8134240547521945e-01	   4.6914038309144201e-01	   5.4718781637247016e-01	   7.4727662177539322e-01	   6.8705357069320272e-01	   1.0453961851345941e+00	   3.1399741093910249e-01	   7.4603580943560555e-01	   4.6899396416985983e-01	   6.4938553284304557e-01	   3.1484869718193270e-01	   3.7823376275922099e-01	   5.6597145500131130e-01	   8.1276590212477495e-01	   1.9783836884002948e-01	   4.6261608126665721e-01	   3.8416496682050788e-01	   4.6771910378008452e-01	   2.8753502661265379e-01	   3.9030434352494192e-01	   2.6850647956684959e-01	   3.2481043521466618e-01	   3.9216284628235210e-01	   4.2280492645601481e-01	   5.6701872243885088e-01	   6.2804342003657432e-01	   4.3857496445313376e-01	   3.3381836501212442e-01	   4.6731527776171888e-01	   5.6600892721770157e-01	   3.3637184590097330e-01	   2.8271447456294024e-01	   6.9993057146696835e-01	   7.9832833067515985e-01	   6.2292336947303173e-01	   5.8277558875689162e-01	   7.2351335903765035e-01	   5.2817727856299412e-01	   8.3247768486226281e-02	   2.2795623088011047e-01	   3.3032730507253599e-01	   2.9915080316391562e-01	   6.3849625292792811e-01	   5.9036883267608786e-01	   7.3198369972104982e-01	   5.3707665907133384e-01	   6.3768043329341673e-01	   3.3012846213944225e-01	   4.4205543922107726e-01	   1.2061528843763400e-01	   2.5561060778117206e-01	   6.0627609919946635e-01	  -4.1147644333584386e-02	   1.5284134120818821e-01	   3.5868878504809210e-01	   5.6121202260918346e-01	   4.7326815579115356e-01	   4.1134029715606302e-01	   3.7274160598306361e-01	   2.7988387787989392e-02	
   6.0973756738157658e-01	   5.0350092938448687e-01	   6.8213372962308727e-01	   3.9928050023096195e-01	   4.4562271753642291e-01	   3.4080510328804159e-01	   7.9745051271226208e-01	   5.5352106973520054e-01	   8.2621980856484933e-01	   6.8284055991078574e-01	   0.0000000000000000e+00	   8.6964144357456075e-01	   1.3525867174121524e+00	   9.4413305481628051e-01	   8.8200474101133131e-01	   6.3106064009051099e-01	   6.4672571555759328e-01	   4.2168558320305316e-01	   4.0624661764229597e-01	   4.2087669090953850e-01	   1.9347692866596414e-01	   3.1642818915540305e-01	   4.5097903874124823e-01	   2.7644361986598298e-01	   2.0604233842037617e-01	  -3.5916120572870629e-02	   3.3416422530881690e-01	  -1.3188941349012265e-01	   6.5118432661046222e-01	   4.8838937861694498e-01	   1.8103501979270828e-01	   1.4184945668119983e-01	   4.9444975267245161e-01	   4.3264319591850720e-01	   5.9253122917767381e-02	   9.8209403008199331e-02	   1.5805064560157689e-01	   3.2336706967322232e-01	   9.0696571660422720e-02	   7.2286996967398334e-02	   5.5966644235994689e-01	   5.9247591656382059e-01	   4.5284334736645471e-01	   4.5293421269107936e-01	   1.9742689009635020e-01	   1.9782650584988842e-01	   5.0414675987851554e-01	   5.2817877551359915e-01	   4.0315329523025689e-01	   4.4285940724733264e-01	   6.0132556099414336e-01	   6.0062579573109554e-01	   5.1338708748384176e-01	   5.4614804552832386e-01	   6.0750388978972603e-01	   7.0860436291834794e-01	   4.9972462146725377e-01	   4.7073761561878252e-01	   5.6437853334907151e-01	   5.4665108825548192e-01	   1.2114941078603645e+00	   6.4306436279149770e-01	   5.7754808497628329e-01	   6.1551715373050431e-01	   5.6552172858242244e-01	   3.1915283852642395e-01	   3.6491359039699756e-01	   2.2467374338847224e-01	   5.0023270895876870e-01	   4.3348543557496400e-01	   4.4045635360886837e-01	   3.5630730970084923e-01	   6.1994094428109969e-01	   5.3331028659581059e-01	   5.7354046337839903e-01	   5.4047863155555875e-01	   4.4235681483070982e-01	   2.7958911335343062e-01	   5.7095148552711417e-01	   5.1647102564372160e-01	   7.4462803047557802e-01	   6.2617358277758217e-01	   6.9070820289563750e-01	   4.3171289672923063e-01	   8.1833287124710596e-01	   5.0773699126599114e-01	   5.2845675438375261e-01	   3.6468095794442473e-01	   8.7304262838281654e-01	   7.7687890738860865e-01	   3.8065227912367261e-01	   4.9516069558764053e-01	   3.0561398089556369e-01	   5.5550962803213944e-01	   3.3395439623411655e-01	   4.9123456176931984e-01	   4.3730786869554611e-01	   5.5971411618120448e-01	   4.9283803526197328e-01	   6.0336018305790329e-01	   3.5044486823070359e-01	   6.6822493687796669e-01	   2.7931780361771252e-01	   2.8931583165398889e-01	   2.3999061902806673e-01	   1.3160602935563889e-01	  -3.9288618625453117e-02	   6.2483279845690365e-01	   4.2650661763017614e-02	   3.1841178450094942e-01	   3.8022461983461009e-01	   4.4997195612534224e-01	   5.2638023128415645e-01	   4.4632644509840691e-01	   4.9176755148532203e-01	   9.8874640707026132e-02	
   6.6689468850881228e-01	   6.8218138922016958e-01	   3.6305827873830121e-01	   3.6002583662907928e-01	   2.5738457154117100e-01	   6.1125037656779668e-01	   5.1005056690041228e-01	   6.5295347915078950e-01	   5.2114304320023885e-01	   8.1838408090882231e-01	   8.6964144357456075e-01	   0.0000000000000000e+00	   5.6541303852505154e-01	   9.0916987158626794e-01	   4.4261902279340470e-01	   4.8429904002092139e-01	   7.5597169957872734e-01	   8.7943256273434001e-01	   4.7899407661203541e-01	   6.1924078227677104e-01	   8.4960855031096044e-02	   2.3118278282635266e-01	   1.4819278163803645e-01	   1.1384294485373460e-01	   3.4331578231480232e-02	  -2.6121505212584350e-03	   1.4220169962298213e-01	   9.0906722887705502e-02	   6.5400090829642332e-01	   7.4828186807257469e-01	   1.5019700197107780e-02	   1.1316780324963031e-01	   3.3250247262580251e-01	   4.6020704800300838e-01	  -1.9025196104945447e-01	   4.8678668231246901e-03	   7.8474523194783916e-02	   2.1577826299299674e-01	  -2.7868734049746428e-02	  -2.3590314552741905e-02	   4.6456363057170952e-01	   6.9304430654447913e-01	   2.3216623914205495e-01	   2.0028326638953298e-01	   1.3010308129402723e-01	   1.9243087988891761e-01	   3.3161453274850200e-01	   3.2373494386491353e-01	   2.6854145377688632e-01	   3.6568790232382697e-01	   3.5561937329154708e-01	   4.5573678323093797e-01	   5.4699820016236278e-01	   5.3469877173462299e-01	   4.3466238650195560e-01	   4.1413536056354483e-01	   7.2693420868630332e-01	   8.9143561110353187e-01	   4.6318725535166838e-01	   7.6639175877564703e-01	   8.9879128957617815e-01	   8.6122186352869201e-01	   6.7550603924178054e-01	   9.4756374970431767e-01	   2.8837951787883898e-01	   3.1207368379603107e-01	   1.1816301665669933e-01	   1.1183244872265294e-01	   6.6577634732902402e-01	   5.7994819062135627e-01	   2.0478651314522736e-01	   4.2937455413285719e-01	   6.1868952875795369e-01	   6.9184101080565585e-01	   4.8548688197857182e-01	   5.5250091305892812e-01	   2.6350196194126968e-01	   3.2640703755250400e-01	   5.1234191669283358e-01	   5.0019459006025535e-01	   8.8934984167515119e-01	   5.7707216754661583e-01	   3.9334691940236488e-01	   2.4304588584264536e-01	   3.9054173059390734e-01	   3.3434495177557255e-01	   2.1859940740540690e-01	   1.9825254697207920e-01	   6.2941353795927579e-01	   6.4375387711628840e-01	   4.1549653679924475e-01	   3.2672800187237433e-01	   3.6210353903675674e-01	   3.2513598358397333e-01	   2.6423274102297412e-01	   1.8603507871861397e-01	   3.2627962785399239e-01	   2.7859278306403945e-01	   5.7745654186505013e-01	   5.0723625113673942e-01	   5.9085818528966150e-01	   6.5803879390034492e-01	   4.7030465296181234e-01	   3.4507556856016197e-01	   9.8177120120819958e-02	  -1.3637707367075211e-01	   3.5162821676165919e-02	   4.9183206598433871e-01	   8.3720721106987694e-02	   1.5445332221290067e-01	   1.8437011183822624e-01	   3.4633423454534401e-01	   4.3518332444783386e-01	   2.8113098968275807e-01	   2.4504824318996490e-01	  -3.2744997933382522e-02	
   5.6332626500785099e-01	   4.9239065784370972e-01	   8.0274450689422538e-01	   4.1000582696160515e-01	   5.2222013201969508e-01	   2.8862229221004654e-01	   8.4666751233337589e-01	   4.5679665143150183e-01	   7.1462053697662886e-01	   4.8375215423539958e-01	   1.3525867174121524e+00	   5.6541303852505154e-01	   0.0000000000000000e+00	   9.8571805004903379e-01	   1.1846356430325060e+00	   7.4616746772174469e-01	   3.7405315175919190e-01	   1.6203869553138495e-01	   4.7783310787997973e-01	   4.2519211629118941e-01	   3.2330730431279808e-01	   3.4935121009037229e-01	   7.3144787564117819e-01	   5.0413389610773818e-01	   4.4412916172949402e-01	   8.5663200926935454e-02	   5.6193707183413599e-01	  -4.0467466262209373e-02	   5.4858137009265318e-01	   3.1660578138310880e-01	   2.4789314221407430e-01	   1.5379902335287257e-01	   4.8013613896182694e-01	   3.6906737004690726e-01	   3.4683676955448045e-01	   2.7723572242244615e-01	   2.8703172942745808e-01	   4.4786900053262102e-01	   2.4834793243531583e-01	   2.2661071846929842e-01	   6.3452643739670900e-01	   5.4837796768362468e-01	   5.5994263034345337e-01	   5.4635898495589252e-01	   2.6027377878894220e-01	   2.5308426656383026e-01	   6.3845716980159795e-01	   6.5590644491248606e-01	   4.6893322329704229e-01	   5.0604618584013594e-01	   7.6019454591708935e-01	   7.1639279798265920e-01	   5.2026361452035563e-01	   5.2089565655441716e-01	   7.9482690493785813e-01	   9.1075710078964001e-01	   3.5204880565887103e-01	   2.8732526474988973e-01	   5.2454632915355615e-01	   3.5983620082291112e-01	   8.2455680763508377e-01	   3.9266707948140589e-01	   2.5751688438053860e-01	   3.4288520286708490e-01	   7.0014935442865367e-01	   3.2840945199670935e-01	   5.6550027474127451e-01	   3.8758419917757542e-01	   3.7165006086504254e-01	   3.5066376606603727e-01	   6.0292088260269516e-01	   4.6788679008423334e-01	   5.9511405677523277e-01	   3.8773227617214129e-01	   6.0803116161767934e-01	   4.3665486637919049e-01	   6.1125417672308602e-01	   4.2335884825113002e-01	   6.2331493148138573e-01	   5.5100778263365513e-01	   5.8984436058438605e-01	   7.2198795812107974e-01	   7.8781869911884994e-01	   5.5584456530578030e-01	   1.0496909404863819e+00	   6.8625738063619357e-01	   6.7241818864846714e-01	   6.0945754484724390e-01	   9.6701196117785393e-01	   7.5590610717487250e-01	   4.6301549586195756e-01	   6.2623889695483870e-01	   3.8791670469893119e-01	   6.7769106223737108e-01	   4.6489343694477991e-01	   5.6195791100938308e-01	   6.2969153738030759e-01	   6.8260808608854118e-01	   5.0779064335067070e-01	   6.4856622713151402e-01	   2.7308381262010473e-01	   5.7952637208340640e-01	   2.7580947798831901e-01	   3.2601941400430112e-01	   4.0802519933794229e-01	   2.7843479244960656e-01	   8.0838037450871189e-02	   6.4692273485980034e-01	   1.7814153473028624e-01	   4.3635198311045970e-01	   5.3611777633481816e-01	   5.3805025892710479e-01	   6.1575652263099279e-01	   5.3866893652704728e-01	   7.3571621159404821e-01	   8.3323374515042001e-02	
