   0.0000000000000000e+00	   1.9746924164002109e+00	   1.3930163886283176e+00	   8.7032328574325979e-01	   1.4149145047321745e+00	   9.2040495934004207e-01	   1.2941245581839245e+00	   9.1305761571076105e-01	   1.2430951406868176e+00	   9.0343110072071020e-01	   1.4727732768294257e+00	   1.3054407992133241e+00	   1.7839704183728855e+00	   1.3207343646469627e+00	   1.5196094594635781e+00	   1.3085779074128525e+00	   1.2098309066961674e+00	   1.3016606569094167e+00	   1.3637394587242901e+00	   1.3031857897419423e+00	   4.4041009202914744e-01	   6.0896901651545243e-01	   1.0180026848869186e+00	   9.6458316248375475e-01	   7.2770068666393106e-01	   7.2180804576002644e-01	   1.0973111396459949e+00	   1.0703428769995176e+00	   8.2941828675009810e-01	   1.0685469080486618e+00	   8.0101311879789450e-01	   7.9294501887409696e-01	   1.2833391260618130e+00	   1.0900929592477526e+00	   5.7005596652757218e-01	   5.9994893110611214e-01	   4.4770161378537665e-01	   6.7513101063834369e-01	   4.3823503768964811e-01	   5.0856404998444615e-01	   1.3017829312899103e+00	   8.9689059654495473e-01	   1.3175205764647751e+00	   1.3554845240131581e+00	   1.1575464823895492e+00	   1.2254946962911355e+00	   1.2054018161471545e+00	   1.2938371109445679e+00	   1.4255089577052789e+00	   1.2278186077290920e+00	   1.3525908035561749e+00	   1.2403005808723715e+00	   1.2145797908612495e+00	   1.2121735743594328e+00	   1.1486195860048480e+00	   1.3637593197871209e+00	   1.5284638048872607e+00	   1.4701916401652637e+00	   1.2440574610164170e+00	   1.1806492639970578e+00	   1.3559591511215550e+00	   1.0350784025862589e+00	   1.2639324417306397e+00	   1.3669070742823768e+00	   9.0778481761457364e-01	   6.2552288100051201e-01	   1.1396579412291936e+00	   1.0847148235245636e+00	   1.3444240137990040e+00	   1.1145131243334290e+00	   7.1697213723407904e-01	   8.3782547194173818e-01	   1.4414824718178960e+00	   1.3235633667017594e+00	   1.3770495711669508e+00	   1.1913763472653265e+00	   1.2146866109353762e+00	   1.1848467896465895e+00	   8.1547348657592666e-01	   7.3543029936101323e-01	   1.0488810109111526e+00	   1.0051862180356594e+00	   9.4863320354474179e-01	   9.7254546013697951e-01	   1.0102909131148623e+00	   1.0982131235331940e+00	   7.3609529875477897e-01	   8.4367149941349973e-01	   9.4421745235221155e-01	   1.2577484144640276e+00	   1.1200765734573002e+00	   9.7310723274065924e-01	   6.3345435747751777e-01	   9.0314928104043180e-01	   3.3069235670589120e-01	   4.1757521055012686e-01	   1.0612246950522934e+00	   9.1518172494831085e-01	   1.2488033274167318e+00	   1.1875701927707840e+00	   6.7058523621098942e-01	   8.1792687168467437e-01	   9.4882196554517684e-01	   1.0411632165619165e+00	   2.0061334678536927e-01	  -3.5526993023197784e-01	   3.2041778904348567e-01	   6.3482632583230947e-01	   2.3226188011707300e-02	  -1.7138104300216517e-01	   8.3849313132390635e-01	   1.0059974272962222e+00	   9.9175584910714842e-01	   9.1558405467209780e-01	   2.4942854855243585e-01	  -5.5022620670167666e-02	
   1.9746924164002109e+00	   0.0000000000000000e+00	   1.4196727682236312e+00	   9.9902190600243379e-01	   1.3958678916276399e+00	   9.8935313228925548e-01	   1.2933744399014988e+00	   1.0171930122180945e+00	   1.1959264680071096e+00	   1.0143456997093854e+00	   1.4183813746153568e+00	   1.3059375199585774e+00	   1.4998905564152303e+00	   1.3637698481923259e+00	   1.4837032626444144e+00	   1.3312231122245577e+00	   1.1885069811923121e+00	   1.4255050050918032e+00	   1.5789055052071421e+00	   1.5546907965811225e+00	   3.6072690770783178e-01	   5.9851692099945808e-01	   1.0714635606349305e+00	   1.0362871634034476e+00	   7.7575121556949878e-01	   7.7377653681835323e-01	   1.1225568913512174e+00	   1.0917293232473722e+00	   7.4859258715441168e-01	   1.0489366045910049e+00	   8.3545286661070228e-01	   8.5369911557279043e-01	   1.4194139259414162e+00	   1.2395762256460992e+00	   6.5172977065861148e-01	   6.7997279147467438e-01	   4.4145072975547578e-01	   6.7090303228205173e-01	   4.2778784310543805e-01	   4.5409310815351145e-01	   1.3211937831573823e+00	   8.7106313346735875e-01	   1.5018796281376279e+00	   1.3803363186890953e+00	   1.3122064099717923e+00	   1.3099175029236956e+00	   1.2951242704725709e+00	   1.4175328779305658e+00	   1.4747206327988909e+00	   1.2471623740854820e+00	   1.5436076177655653e+00	   1.3541993556095349e+00	   1.2082884337369968e+00	   1.3589733752684350e+00	   1.1943209358839237e+00	   1.3919811587388937e+00	   1.6200709588789581e+00	   1.7762100487268178e+00	   1.1533206901320019e+00	   1.2095729108202762e+00	   1.2740013407346857e+00	   1.0752547445920837e+00	   1.2429901104732846e+00	   1.3967075231025006e+00	   1.0514100467936316e+00	   6.7838908958535715e-01	   1.1329740882957713e+00	   1.0991195178538908e+00	   1.5128675266230085e+00	   1.2384243197890590e+00	   7.0134436647613796e-01	   9.1642223996415728e-01	   1.4734865303072116e+00	   1.4643796927634836e+00	   1.3841132006943766e+00	   1.3101667024523718e+00	   1.2208789554452766e+00	   1.2164389323197518e+00	   8.3991241961711594e-01	   7.8217782751840526e-01	   1.0910111476241360e+00	   1.1087668620659756e+00	   1.0354518691906591e+00	   1.0087072192783240e+00	   1.1424599818939150e+00	   1.2166860814074216e+00	   7.6770585971685812e-01	   9.2568693845620631e-01	   1.0554395530870635e+00	   1.4449709296178228e+00	   1.2825579033942562e+00	   1.0800130115596132e+00	   7.5470805477042424e-01	   8.9879342384517347e-01	   3.4801456468723740e-01	   4.5674545580851839e-01	   1.0249602084537124e+00	   8.3078067890686580e-01	   1.4630372969084744e+00	   1.2860613208523914e+00	   7.9598067651696669e-01	   7.5211334800179896e-01	   1.0784020422141467e+00	   1.1184858474147961e+00	   2.5060602064704285e-01	  -3.5362581867727089e-01	   3.4307102587834870e-01	   6.0142539761911284e-01	   3.4233257649184591e-02	  -2.1919994888480007e-01	   7.7457653492056777e-01	   1.0897086805011329e+00	   1.0411032520287686e+00	   9.0744475047341211e-01	   2.0069613492442398e-01	  -1.0528872491447376e-01	
   1.3930163886283176e+00	   1.4196727682236312e+00	   0.0000000000000000e+00	   1.2154802294098248e+00	   1.2582744123200977e+00	   9.5690921618386493e-01	   1.6197122852408183e+00	   1.0433664160964429e+00	   1.2789747450300517e+00	   9.2963770738868601e-01	   1.0877876124603594e+00	   1.0921475328218380e+00	   1.1791032520891098e+00	   1.2362812351959986e+00	   1.3732637781172456e+00	   1.2714414959272122e+00	   8.3311375720175740e-01	   1.1238267323464770e+00	   1.5770501652265294e+00	   1.2935540895771176e+00	   4.5836575279450043e-01	   5.4247173861952080e-01	   1.4544968759665029e+00	   1.2580701407017825e+00	   1.0518680252077959e+00	   1.0220311000670510e+00	   9.2996493418205639e-01	   9.1018278558971111e-01	   6.6186074160644104e-01	   9.1145334006551271e-01	   1.0390301930432513e+00	   1.0724104826039340e+00	   1.4463511862097569e+00	   1.2559925429771241e+00	   9.0249460922532743e-01	   8.6594432427878010e-01	   5.5084654988742821e-01	   7.7991846205642545e-01	   5.2097938144447986e-01	   5.5493862341104472e-01	   1.2989147502789644e+00	   8.1327399975308345e-01	   1.4774845670203487e+00	   1.2847313211674296e+00	   1.3169023531712976e+00	   1.3075672577152118e+00	   1.1595454133966006e+00	   1.2893125289490219e+00	   1.3972809331102032e+00	   1.3037789240311222e+00	   1.5759927780180911e+00	   1.4204218684834100e+00	   1.1065496652263165e+00	   1.2187471335728191e+00	   1.0409164374408917e+00	   1.2192380739538589e+00	   1.2381675633109066e+00	   1.3234820713168389e+00	   1.1569133128604652e+00	   1.1713538197223423e+00	   1.1400080934231702e+00	   9.9794079831891414e-01	   9.6280198336432765e-01	   1.0660626459263525e+00	   1.2248723480734571e+00	   8.4892054481191070e-01	   1.3204155581340544e+00	   1.2666734378573030e+00	   1.1685132202728417e+00	   1.1407948450795280e+00	   8.1395815107268044e-01	   9.4656532190208742e-01	   1.1122865320870141e+00	   1.1003599827113970e+00	   1.0451200686620135e+00	   9.9348530517818601e-01	   1.2317790897688741e+00	   1.1527005092915719e+00	   6.6429524244049043e-01	   7.0943711787413710e-01	   8.6919082890041222e-01	   9.1856490873216434e-01	   1.1556662756031351e+00	   1.0318937509170043e+00	   1.1228051560372518e+00	   1.2016674353833459e+00	   9.4752581978697981e-01	   9.8697137118070277e-01	   1.3194695707333959e+00	   1.4787452249846011e+00	   1.2569076589222690e+00	   1.1088278943098322e+00	   7.9010399438179513e-01	   9.1811022847057500e-01	   2.2653817862996536e-01	   4.7615648074304684e-01	   8.3929867107448264e-01	   8.1515077741319419e-01	   1.3588117139298121e+00	   1.1646634297318310e+00	   8.1991872511767405e-01	   7.5629479550706502e-01	   1.0270542746162625e+00	   1.0249657511823689e+00	   3.0411704247667160e-01	  -2.8437860451961361e-01	   3.9921301864549552e-01	   5.6218566610483678e-01	  -4.9201894879638608e-02	  -2.6525738237324831e-01	   6.9472834975276887e-01	   1.0916593542885571e+00	   1.0596330469960371e+00	   8.5294118359922966e-01	   2.2239505232798881e-01	  -2.9339527502806173e-01	
   8.7032328574325979e-01	   9.9902190600243379e-01	   1.2154802294098248e+00	   0.0000000000000000e+00	   9.4077069095564558e-01	   1.3756952432779734e+00	   1.3522855436129260e+00	   1.7958296060944035e+00	   1.1598177956872138e+00	   1.4725796596342522e+00	   7.2636005153198502e-01	   1.0621994711032654e+00	   7.2590464301273672e-01	   1.2103743683153878e+00	   9.5105943065700771e-01	   1.2429703252057078e+00	   5.8916711701271030e-01	   8.3873331367865955e-01	   1.4940095159873266e+00	   1.4312188814697577e+00	   2.4605593791815855e-01	   5.7784947170053336e-01	   1.0447840442795999e+00	   1.2603103343207684e+00	   8.0868364919021041e-01	   1.2713183851985468e+00	   7.2242435288814155e-01	   9.3132627589951511e-01	   4.6451672002671751e-01	   7.3460444726973184e-01	   8.7420024627099402e-01	   1.0191137335006273e+00	   1.5496927138372119e+00	   1.6158763430495291e+00	   1.0196282680642985e+00	   1.4349873501659791e+00	   4.2709115526403679e-01	   6.8006430137483920e-01	   4.5316081421247278e-01	   5.0028000130735306e-01	   9.8742210558422294e-01	   6.4400480818955563e-01	   1.1913786809951159e+00	   9.7989775311911675e-01	   1.3890369283211048e+00	   1.3453301360287047e+00	   8.9658857037024575e-01	   1.1081164627988924e+00	   1.2334968477590811e+00	   1.3024841792728077e+00	   1.3204026320563882e+00	   1.4638416421899412e+00	   7.5422927851137467e-01	   1.0186790653845750e+00	   7.7549377195878999e-01	   1.0243861399376415e+00	   8.4325825905610186e-01	   9.1014695801840251e-01	   8.1155072948464801e-01	   9.9727504847157888e-01	   8.3785412588594821e-01	   1.2518187827241880e+00	   6.5113179757428863e-01	   7.9643446816035091e-01	   1.0514320502773014e+00	   1.4083079448588696e+00	   1.2080575258089108e+00	   1.3586949815563119e+00	   1.0576585805301801e+00	   1.2158064761013760e+00	   6.3822947201695834e-01	   1.1579685804015623e+00	   8.1601792288103325e-01	   9.2445082668675216e-01	   7.4446784217754403e-01	   8.2705900703981639e-01	   9.4100165707230898e-01	   1.1543877769321145e+00	   4.6127840858195129e-01	   4.7790425972777234e-01	   7.7507717910337592e-01	   7.8208411052324245e-01	   9.7318990490191992e-01	   8.9397861648525778e-01	   8.4215840128916519e-01	   1.1081214036085325e+00	   5.7714266044868112e-01	   7.2128622073482285e-01	   1.0223009377419943e+00	   1.4812058579092198e+00	   1.3797001795872363e+00	   1.3453605672823303e+00	   1.2638724706322366e+00	   8.1786351195265983e-01	   2.0975065327382952e-01	   6.9949107806235078e-01	   6.2933419325369488e-01	   7.3202699018460449e-01	   1.3148252603907902e+00	   1.1693606374924201e+00	   1.1364559951634241e+00	   7.0722830403990511e-01	   1.0397585735105312e+00	   9.2326166405294707e-01	   4.9142940928352052e-01	  -1.5214141627330688e-01	   4.2932139515788537e-01	   4.6153026094327143e-01	  -4.1280297929677440e-02	  -3.3933793600736806e-01	   5.1542388247395754e-01	   1.2628355283108499e+00	   9.5246482218507855e-01	   7.6222401391498629e-01	   2.0021272461127296e-01	  -4.1964640324617319e-01	
   1.4149145047321745e+00	   1.3958678916276399e+00	   1.2582744123200977e+00	   9.4077069095564558e-01	   0.0000000000000000e+00	   1.1375094225612132e+00	   1.5193872174011152e+00	   1.0363126815336101e+00	   1.4538986467098760e+00	   9.8653615897587499e-01	   1.2227730121080120e+00	   1.1640903559932272e+00	   1.3769832912258693e+00	   1.1925793313867892e+00	   1.3756739230827850e+00	   1.2809273959273970e+00	   1.0250994728156861e+00	   1.2912793261509079e+00	   1.3056738678898729e+00	   1.3104603037047815e+00	   4.4489111519518210e-01	   6.6203365220351107e-01	   9.6017361604187323e-01	   9.4415014443888867e-01	   7.1277005326577147e-01	   8.0931066114167516e-01	   1.3161814066006960e+00	   1.4016049424969288e+00	   7.5996147030221706e-01	   1.1089486686241012e+00	   7.8418619242590493e-01	   8.2089573774915126e-01	   1.2407968688637752e+00	   1.1562006885544269e+00	   5.9386647703701534e-01	   6.6578053785355651e-01	   3.5173226260843959e-01	   5.2365125124262479e-01	   3.5054205851913683e-01	   3.6477899388920804e-01	   1.1176431701468852e+00	   7.4494892685255776e-01	   1.1958210543378831e+00	   1.1511506833242393e+00	   1.1892105184036044e+00	   1.2069274895087800e+00	   1.0325638591096589e+00	   1.1155597699705646e+00	   1.1973702833169646e+00	   1.0916703590902201e+00	   1.2196797376080351e+00	   1.1037136803165639e+00	   9.8130897938139594e-01	   1.1110232500039461e+00	   9.3975930438395883e-01	   1.0454818956549643e+00	   1.2037570044275723e+00	   1.1616225527606496e+00	   9.8550316047156661e-01	   9.5396944370901016e-01	   1.1590940229831379e+00	   1.0437315515671388e+00	   1.0595411217797801e+00	   1.2581471166953544e+00	   1.0155575519750981e+00	   6.7000965268316082e-01	   9.5518066985526351e-01	   9.2251703945615182e-01	   1.1540613602668226e+00	   1.0107079191375259e+00	   6.9802766601134203e-01	   8.1161921438891516e-01	   1.2231150953259589e+00	   1.3074388790337266e+00	   1.2179356267003341e+00	   1.0922366430101675e+00	   1.0624703109416385e+00	   1.0267882116378071e+00	   7.1298016848815760e-01	   6.4133521362247392e-01	   9.3999210293664914e-01	   9.2391772691763374e-01	   8.3785455697071132e-01	   9.4685951723568296e-01	   9.6292451258700162e-01	   1.0713427985946147e+00	   6.3505315873066348e-01	   7.8080285708659092e-01	   9.9904706584872505e-01	   1.1712266689541768e+00	   1.0299395275347689e+00	   9.1549974334566342e-01	   7.2244162094458053e-01	   8.7066382486883009e-01	   2.8220234995149440e-01	   4.1500698561680949e-01	   9.2466426692725667e-01	   7.4661119865574455e-01	   1.1971701941946091e+00	   1.0573476435052618e+00	   7.7063998773735531e-01	   6.2388941524828956e-01	   9.3678471202428737e-01	   7.9004479983479081e-01	   1.8172208387590247e-01	  -4.2586784052568438e-01	   2.9653312363682049e-01	   4.9454793200811753e-01	  -4.6893263245340003e-02	  -1.9210306998798987e-01	   6.7468313254237189e-01	   9.7625367973385513e-01	   8.5803781942903545e-01	   6.3113382540938978e-01	   5.9057832860088796e-02	  -1.3453026753043132e-01	
   9.2040495934004207e-01	   9.8935313228925548e-01	   9.5690921618386493e-01	   1.3756952432779734e+00	   1.1375094225612132e+00	   0.0000000000000000e+00	   1.3224556524265456e+00	   1.7952920958105318e+00	   1.1665117985020437e+00	   1.8411838135035643e+00	   7.7072459166157747e-01	   1.1738595860853034e+00	   7.9065828255044790e-01	   1.1940481750738752e+00	   1.0189582186514738e+00	   1.3583082860409150e+00	   7.3521346481323380e-01	   9.4812732937089150e-01	   1.3180202378316002e+00	   1.3788910024966223e+00	   2.8911264981378887e-01	   6.9757401930205765e-01	   7.6578833523380341e-01	   9.0418255544402704e-01	   5.4950431748593065e-01	   1.0032269016095268e+00	   9.0694594788677141e-01	   1.4431655921846513e+00	   5.8340325046152519e-01	   9.0908305112182020e-01	   7.6011815529237736e-01	   8.1678013844414932e-01	   1.3746022952016823e+00	   1.5082686688486808e+00	   6.8098662506668328e-01	   1.0479627948158177e+00	   2.6695812929143581e-01	   5.4279606064270558e-01	   3.3674101764202136e-01	   4.4639377080152620e-01	   8.6833446151188876e-01	   6.6195346483419526e-01	   1.0397087059661654e+00	   9.0475777135996904e-01	   1.2914541343451220e+00	   1.2814302001051499e+00	   8.1313355201610205e-01	   1.0069992765381663e+00	   1.1695284359072369e+00	   1.2548143830769252e+00	   1.1214819984465567e+00	   1.3154472630198948e+00	   8.1023132891729110e-01	   1.0752012073251003e+00	   7.2425904946248454e-01	   9.5813917911748059e-01	   8.4079375571486681e-01	   8.9952675820724182e-01	   7.8279915721791715e-01	   9.7851900367692113e-01	   8.5620978067910047e-01	   1.4247541386443190e+00	   7.9292495350367254e-01	   9.9911840630921955e-01	   7.9221069015681955e-01	   1.0672554274756636e+00	   9.8857111401993825e-01	   1.1307843857274873e+00	   1.1239936721098880e+00	   1.2071920548519532e+00	   5.6697738294768230e-01	   9.7633621664627745e-01	   8.9969952054106128e-01	   9.9145505938401723e-01	   8.1744162045381707e-01	   7.7836312448485767e-01	   8.2040411435606198e-01	   1.0293406031088086e+00	   4.6921287351497992e-01	   4.2614680705680624e-01	   8.4666935124932763e-01	   7.6777947736463370e-01	   8.4579512826085157e-01	   9.1999881312906295e-01	   6.8734315948739066e-01	   9.4048809309747017e-01	   4.0586841585954941e-01	   5.1344002476018702e-01	   7.8037369691453740e-01	   1.2243629832822283e+00	   1.1597046093044239e+00	   1.1658144516141953e+00	   1.0482028657654385e+00	   7.1580695905508762e-01	   2.7781183829188028e-01	   7.2481068857156705e-01	   6.6393389765811783e-01	   7.3653209217951021e-01	   1.1216982668682189e+00	   1.0418981383311827e+00	   9.7616066821129033e-01	   6.2496247188814946e-01	   9.8884759281787771e-01	   8.3912317064652586e-01	   4.0807095780795127e-01	  -2.9970310107866172e-01	   3.9650777965120054e-01	   3.9919497222726152e-01	   1.6885822604969784e-02	  -2.5792907345957855e-01	   5.4449964302360132e-01	   1.0711129441738563e+00	   8.0519395858061682e-01	   6.5477462536714759e-01	   9.8630103999233623e-02	  -2.9898878647618415e-01	
   1.2941245581839245e+00	   1.2933744399014988e+00	   1.6197122852408183e+00	   1.3522855436129260e+00	   1.5193872174011152e+00	   1.3224556524265456e+00	   0.0000000000000000e+00	   1.4623108394340485e+00	   1.7865635590079136e+00	   1.2420849485640160e+00	   1.0811724245873842e+00	   1.2959754035193891e+00	   1.1377145393461814e+00	   1.3878534350475007e+00	   1.4708128800869151e+00	   1.4596446991159302e+00	   8.4337801933084544e-01	   1.1506775957497144e+00	   1.6941054655622314e+00	   1.5514921561714310e+00	   3.5821457698436376e-01	   5.9947911594280334e-01	   1.0993084987321315e+00	   1.0782878261731965e+00	   7.6240651564515627e-01	   1.0081385471807822e+00	   9.2584416414375037e-01	   1.1533166527770249e+00	   7.2180171352809785e-01	   1.0455461500666434e+00	   9.8189543138053181e-01	   1.0326293967740028e+00	   1.7391123141566518e+00	   1.5609480894053480e+00	   7.6480596543646828e-01	   9.4015684398149013e-01	   4.0365983492398239e-01	   6.3357847442206583e-01	   4.0993593333665534e-01	   4.5121846906254504e-01	   1.1290812144674589e+00	   6.9798823285593048e-01	   1.2574422196249770e+00	   1.1308064446993156e+00	   1.3455594497088743e+00	   1.3557459261270424e+00	   1.0019330736852752e+00	   1.1778435837534134e+00	   1.3004853403101619e+00	   1.2839530207491352e+00	   1.3334682702334497e+00	   1.3249893975860954e+00	   9.1327436412559604e-01	   1.0712571386291680e+00	   8.9598841845399080e-01	   1.0825870441312322e+00	   1.0520089471632701e+00	   1.0784577736858338e+00	   9.6935900647201367e-01	   1.0289213448878438e+00	   1.1485277249681842e+00	   1.3516989987121322e+00	   9.2607099800783410e-01	   1.1264877615126729e+00	   1.1176062505225863e+00	   1.0263889716251600e+00	   1.1356928338784504e+00	   1.1597762630862245e+00	   1.1106452113126135e+00	   1.0975673549752396e+00	   7.5638165652895084e-01	   1.0097729757529124e+00	   1.1347369910409886e+00	   1.2015139956208860e+00	   1.0373939649670960e+00	   1.0093720333029634e+00	   1.1661060758779205e+00	   1.2565817777208594e+00	   5.7846723012671974e-01	   5.7470493134183553e-01	   8.4646341018817328e-01	   8.5746699750049227e-01	   9.6458540099358614e-01	   9.8886160135707368e-01	   8.9432579609644103e-01	   1.0962247474767344e+00	   6.0005730720961181e-01	   7.0433141582047587e-01	   1.0661432195692238e+00	   1.3472597205908801e+00	   1.2061307514003887e+00	   1.0815707139851489e+00	   9.0230629922493000e-01	   8.5886430635070488e-01	   2.1493145580329837e-01	   5.1078870495133732e-01	   8.0465567371610591e-01	   7.6215122748703945e-01	   1.2485109065954458e+00	   1.1257000157676047e+00	   8.5922506037754820e-01	   7.2655264956566679e-01	   9.5362309304318749e-01	   8.7815721207165465e-01	   2.9190689579355633e-01	  -2.8699514971926993e-01	   3.4102186139197976e-01	   4.7921048963613055e-01	  -4.5117652542646630e-02	  -2.5667642151379788e-01	   6.3339995099581414e-01	   1.1151279629983195e+00	   9.9463389552857651e-01	   6.6652331984841551e-01	   1.2155476104258588e-01	  -2.3884116158655361e-01	
   9.1305761571076105e-01	   1.0171930122180945e+00	   1.0433664160964429e+00	   1.7958296060944035e+00	   1.0363126815336101e+00	   1.7952920958105318e+00	   1.4623108394340485e+00	   0.0000000000000000e+00	   1.3058509489373462e+00	   1.9890620812926822e+00	   7.9007597983646805e-01	   1.2722365352941936e+00	   7.6371507878375011e-01	   1.3504942598361851e+00	   1.0196058952520652e+00	   1.3423800731662621e+00	   6.8209970822041632e-01	   9.0039662379531116e-01	   1.4686413850218130e+00	   1.5623632221560582e+00	   1.6915805823549107e-01	   5.7934564276373246e-01	   7.9591631511101679e-01	   9.4743572406932897e-01	   5.5748929951527471e-01	   1.0108807619911324e+00	   7.1455976663827814e-01	   1.1265362594185893e+00	   5.7178862423366206e-01	   8.5384969122020538e-01	   7.7104917516653426e-01	   8.6043189880614912e-01	   1.6119651740280847e+00	   1.7803964600967468e+00	   7.7001954284515894e-01	   1.2147316241015305e+00	   2.9684166051411603e-01	   5.8442877776152258e-01	   3.5123354282074742e-01	   4.3125736267655673e-01	   8.7125008737948906e-01	   6.3376379964846929e-01	   1.0774121657323632e+00	   9.2465742532035733e-01	   1.3667479080677858e+00	   1.3868658395174007e+00	   8.2092367142529366e-01	   1.0162247708462482e+00	   1.2571770075040800e+00	   1.3854199791176947e+00	   1.1782514503015160e+00	   1.3598975333669658e+00	   7.6268044471440588e-01	   9.6003203100666656e-01	   7.1295730531861168e-01	   9.7216895656303182e-01	   8.1603849982180310e-01	   8.7666206979516925e-01	   8.2669929270874998e-01	   1.0469147484322587e+00	   9.1838464658804941e-01	   1.7588265170495190e+00	   7.4562059708311434e-01	   9.3348094013679273e-01	   9.0774940453861319e-01	   1.3202226280157763e+00	   1.1216751591857466e+00	   1.3101991323358098e+00	   1.0836655851543693e+00	   1.2061785929655122e+00	   5.5468876349548490e-01	   1.0646232768196178e+00	   8.6905364500077109e-01	   9.8064438343211247e-01	   7.7620728749921031e-01	   8.2038753219325500e-01	   8.7888959251052190e-01	   1.1341346872643292e+00	   4.5636333434459203e-01	   4.1991432359770164e-01	   8.1052105279205833e-01	   7.3938114124054999e-01	   8.8766264665305072e-01	   8.8228359337565521e-01	   7.2760327257103885e-01	   1.0112203626164420e+00	   4.2657409558858161e-01	   5.5218263544212243e-01	   8.4875994814292921e-01	   1.4123993730617610e+00	   1.2869154459172054e+00	   1.2242903933465872e+00	   1.2082559538845608e+00	   7.5349645390737774e-01	   2.1405317599379742e-01	   6.9598652900482394e-01	   6.3966062722293870e-01	   7.0992336641881248e-01	   1.1713649935921251e+00	   1.0615336726328835e+00	   1.1238267957126318e+00	   6.9139328109251896e-01	   1.0004576824738638e+00	   8.5539199542272260e-01	   4.6159291670526365e-01	  -2.0126811099009795e-01	   4.1307613628886752e-01	   4.8445367218911994e-01	  -6.8226631359520279e-03	  -3.2429403608856400e-01	   5.0744142649764867e-01	   1.1180556866016915e+00	   9.0136667927765135e-01	   6.7279302307170186e-01	   1.5303702525299392e-01	  -2.8177018105927171e-01	
   1.2430951406868176e+00	   1.1959264680071096e+00	   1.2789747450300517e+00	   1.1598177956872138e+00	   1.4538986467098760e+00	   1.1665117985020437e+00	   1.7865635590079136e+00	   1.3058509489373462e+00	   0.0000000000000000e+00	   1.1401601925776492e+00	   1.0137728098239915e+00	   1.1834700723038734e+00	   1.1646808619110705e+00	   1.2043313705910876e+00	   1.3516060227063105e+00	   1.2749250257659293e+00	   7.9431196611377097e-01	   1.0432062863104894e+00	   1.5135581030064400e+00	   1.4581919159441541e+00	   3.0431198329614595e-01	   5.7764144094278325e-01	   9.1211019632727219e-01	   8.9934070494975160e-01	   6.6654197436064699e-01	   8.9014105536228461e-01	   8.7347563160454122e-01	   1.0504148760824754e+00	   6.4663208444571074e-01	   9.0482262978115491e-01	   7.7756523441077230e-01	   8.1871465042922775e-01	   1.4190135589027864e+00	   1.3218616477750740e+00	   6.9494836946769267e-01	   8.7567831538211738e-01	   4.3391410024002397e-01	   5.7409695527656723e-01	   4.3520368313782587e-01	   4.5966540195453831e-01	   1.0371842742428310e+00	   7.0048903093808557e-01	   1.0838567813991822e+00	   1.0317318146333141e+00	   1.2284983642297200e+00	   1.2238185030787969e+00	   9.0265060532848684e-01	   1.0639699362566624e+00	   1.2232032997787461e+00	   1.1584613009693541e+00	   1.1551925816675810e+00	   1.1097616615552872e+00	   9.0408159229908325e-01	   9.5753534303853560e-01	   8.8866829784851309e-01	   1.0145455167473227e+00	   9.2795775926305479e-01	   9.4415859617477693e-01	   9.9542822809800269e-01	   9.9631192651357869e-01	   1.1956990164293533e+00	   1.2369165528641464e+00	   9.0850538845605777e-01	   1.0390063432911547e+00	   9.3922868344736166e-01	   8.3763647395676444e-01	   1.1004138533839856e+00	   1.1111697542187484e+00	   1.1688506064983621e+00	   1.1608883893562536e+00	   6.1054633006333803e-01	   8.2637730984651403e-01	   9.5344355090204269e-01	   1.0142153005135117e+00	   9.0247046269225661e-01	   9.0904819709106133e-01	   1.0238870525526258e+00	   1.0652709069088055e+00	   5.0763272060847586e-01	   5.1067402629369929e-01	   8.2527572022041107e-01	   7.7843798151096288e-01	   9.1051105091696949e-01	   9.4612606617618555e-01	   8.0018123072068148e-01	   9.4858271284097495e-01	   4.8351484036999981e-01	   6.1687665713738915e-01	   9.5636555270986134e-01	   1.1874472873895430e+00	   1.2520266258531505e+00	   1.1439839387485902e+00	   9.9972286715251091e-01	   9.0916268544367795e-01	   3.4023512364036568e-01	   6.1342165950944760e-01	   8.1784880405239047e-01	   8.8317314110472789e-01	   1.2305813884674115e+00	   1.1521743916053193e+00	   9.6336878087197186e-01	   7.5733748715996030e-01	   1.0210607019992566e+00	   8.5814341813718542e-01	   4.1048275322463906e-01	  -1.5878375719351190e-01	   5.1834667419813640e-01	   5.5397300274590344e-01	   7.0652901492294348e-02	  -1.8494284489343499e-01	   6.0887798758941880e-01	   1.1466577134907423e+00	   9.5438256226167961e-01	   6.7300897771019852e-01	   2.1742568138257634e-01	  -1.7339344502059839e-01	
   9.0343110072071020e-01	   1.0143456997093854e+00	   9.2963770738868601e-01	   1.4725796596342522e+00	   9.8653615897587499e-01	   1.8411838135035643e+00	   1.2420849485640160e+00	   1.9890620812926822e+00	   1.1401601925776492e+00	   0.0000000000000000e+00	   7.6725586714130845e-01	   1.2147019521270042e+00	   7.3765677400933893e-01	   1.2606250290767376e+00	   9.8251278244176443e-01	   1.3430146910495471e+00	   7.0250796987655406e-01	   8.7795833523579425e-01	   1.4159867702844873e+00	   1.5025425210739369e+00	   1.2778385464457626e-01	   5.4658314749099568e-01	   7.8414263354236535e-01	   9.0948748713880945e-01	   5.5576257770350124e-01	   9.6258920224015287e-01	   7.6113777375713332e-01	   1.1541415458157200e+00	   5.0761296163834579e-01	   7.8557060776833676e-01	   7.0194952347496775e-01	   7.8897709379800518e-01	   1.3942981967835355e+00	   1.4988247585702952e+00	   7.1350766374912611e-01	   1.1451467816008243e+00	   2.4072068447484005e-01	   5.5156171817672883e-01	   3.0843623183349983e-01	   3.9634497406095293e-01	   8.0915088652671796e-01	   5.8968974532014307e-01	   1.0406575659581077e+00	   8.9455943666126070e-01	   1.3238642676898453e+00	   1.2575227011878971e+00	   7.8906507912203006e-01	   9.8829573970220119e-01	   1.2102870085256459e+00	   1.2566394019935354e+00	   1.1067382465617448e+00	   1.2497907037327312e+00	   7.2017473518675201e-01	   9.5459338324810361e-01	   6.4632394268302851e-01	   9.1441247408140125e-01	   8.1293510290174631e-01	   8.8889605996013654e-01	   7.8902960272805911e-01	   9.9580007710267382e-01	   8.6354465287139970e-01	   1.5346061237880562e+00	   7.2176487782850973e-01	   8.9317402465442686e-01	   8.5114246665119286e-01	   1.1739536131391723e+00	   1.0412575906506825e+00	   1.2007957235354698e+00	   1.1846553827013411e+00	   1.2412563799826923e+00	   5.0764986412432844e-01	   9.3195024991126907e-01	   8.4167180767289074e-01	   9.4644589879450991e-01	   7.6103419128050542e-01	   7.9780148217246960e-01	   8.0375707739686753e-01	   1.0710011702417741e+00	   4.4996942872445345e-01	   4.0466468512112186e-01	   7.8279026724603906e-01	   6.9930010841306200e-01	   7.8876532704617663e-01	   7.8537595791625425e-01	   6.8018639036817774e-01	   8.9945323228636620e-01	   3.7730338057825824e-01	   4.7999481143180145e-01	   7.8669353460271241e-01	   1.2644388885183400e+00	   1.2530775604067117e+00	   1.2246724232884398e+00	   1.1887558185033253e+00	   8.0083491136339380e-01	   2.5841332128772299e-01	   6.8692413779288464e-01	   6.1265605488164943e-01	   7.0751606606561668e-01	   1.1115547975538762e+00	   1.0443899171864675e+00	   1.0301319763689489e+00	   7.1972072639299267e-01	   9.9223156268976642e-01	   8.9317364643549846e-01	   4.4006152753278915e-01	  -1.9616548457898189e-01	   3.8738144742889036e-01	   4.3634709337928901e-01	  -1.6297268606735887e-02	  -3.2076632284225942e-01	   5.0435239009476607e-01	   1.1414438829500142e+00	   9.0060138829782210e-01	   7.3634746685081720e-01	   1.2713845325172793e-01	  -3.0040226925072755e-01	
   1.4727732768294257e+00	   1.4183813746153568e+00	   1.0877876124603594e+00	   7.2636005153198502e-01	   1.2227730121080120e+00	   7.7072459166157747e-01	   1.0811724245873842e+00	   7.9007597983646805e-01	   1.0137728098239915e+00	   7.6725586714130845e-01	   0.0000000000000000e+00	   1.3927593558145135e+00	   1.6893623173909791e+00	   1.3493300821955463e+00	   1.5493595510478793e+00	   1.2406107451702071e+00	   1.3006193989320760e+00	   1.3133299752187004e+00	   1.1236993966823068e+00	   1.1300823829002558e+00	   4.1373996808266877e-01	   6.1658941650504928e-01	   1.0144792550320434e+00	   1.0257797483847213e+00	   6.5965062647126327e-01	   5.9965669452515269e-01	   8.6080738492870268e-01	   9.1314884839954358e-01	   9.3718107068049172e-01	   1.1886997659218190e+00	   9.1349851160866069e-01	   9.3552233361215831e-01	   1.1432480966709548e+00	   1.0444604444624583e+00	   3.9833645681806523e-01	   4.0814546058641554e-01	   3.4532106844577376e-01	   5.4636633215791752e-01	   3.1067909663208682e-01	   3.8188258775784967e-01	   1.0955465214745961e+00	   7.3474448703900108e-01	   1.1770024749434997e+00	   1.3273661035714275e+00	   9.7251583344374948e-01	   1.0276515532196668e+00	   1.2110019155535436e+00	   1.0946664711628682e+00	   1.0617891742410277e+00	   9.1124013440682339e-01	   1.1084006614945323e+00	   9.4110649021470583e-01	   8.5002785641425249e-01	   1.0175688617070133e+00	   9.3343531854592421e-01	   1.0890587509532434e+00	   1.2863201567271809e+00	   1.2048730489308603e+00	   7.9279573975515172e-01	   8.1185247500364610e-01	   9.8264387771314099e-01	   8.9032991458553523e-01	   1.2777421195444716e+00	   1.3243003588872344e+00	   1.0166056145951428e+00	   5.3969568734301743e-01	   8.0400963997041586e-01	   8.0285341460862181e-01	   9.1979095884038253e-01	   7.7544173714881726e-01	   6.2202009314621609e-01	   7.6364181886353355e-01	   1.4398637769102245e+00	   1.3140974416222677e+00	   1.4041175147174128e+00	   1.2239876987418992e+00	   1.0723982844461890e+00	   9.7040527961186362e-01	   9.9062796468549874e-01	   8.4713306284849754e-01	   1.0541226257085015e+00	   1.0765519124574972e+00	   8.4503093184614275e-01	   8.2488308132481303e-01	   1.2271419191810249e+00	   1.3224693964725911e+00	   6.8092102036880287e-01	   8.8682266622405614e-01	   8.2124612632984073e-01	   1.0648831184782730e+00	   8.0203817815792111e-01	   7.0900862134973819e-01	   5.5451260043092709e-01	   7.5575235908212912e-01	   2.0152106787864066e-01	   2.3811838567825894e-01	   9.5268805928476352e-01	   6.7907387990842549e-01	   9.9403229152803996e-01	   9.1964901830678847e-01	   6.1063924793801738e-01	   5.6228950133202815e-01	   7.5128420691695985e-01	   7.7123553373986176e-01	   1.7257852682005595e-02	  -4.9344814369436379e-01	   1.6675696585123070e-01	   4.6517381296119997e-01	  -1.4570898798258761e-01	  -2.1912475629740816e-01	   7.4614387246574465e-01	   7.9772782415063681e-01	   8.6170437767906938e-01	   6.6111123019955165e-01	   7.9427830066894328e-02	  -4.7030835984042535e-03	
   1.3054407992133241e+00	   1.3059375199585774e+00	   1.0921475328218380e+00	   1.0621994711032654e+00	   1.1640903559932272e+00	   1.1738595860853034e+00	   1.2959754035193891e+00	   1.2722365352941936e+00	   1.1834700723038734e+00	   1.2147019521270042e+00	   1.3927593558145135e+00	   0.0000000000000000e+00	   1.2085971746443982e+00	   1.9803969759219719e+00	   1.4608441157770655e+00	   1.7075906273780148e+00	   1.1900614751031802e+00	   1.3324071374468336e+00	   1.3201517112318903e+00	   1.4081374322949780e+00	   3.5423720981105911e-01	   7.0373584325236227e-01	   8.8270359227578354e-01	   1.0384995389020342e+00	   5.3825188764639365e-01	   7.1870936982830935e-01	   7.0792035335345849e-01	   1.0080014850055923e+00	   1.0533559437824715e+00	   1.3742007106829799e+00	   9.6162098757722503e-01	   9.4971440206438529e-01	   1.4787881279392587e+00	   1.4031140233412336e+00	   4.8178499601183766e-01	   6.5040851444669157e-01	   3.6795301727675062e-01	   6.7345735314760136e-01	   4.0298553032104972e-01	   5.3184766499079672e-01	   1.0838563704214248e+00	   8.6763329918826448e-01	   1.2447601399711052e+00	   1.3400745144510988e+00	   1.2849058568348242e+00	   1.4034203890923405e+00	   1.1677033552264542e+00	   1.1294553445533939e+00	   1.2978139907830524e+00	   1.2184347634690558e+00	   1.1705680951364243e+00	   1.2012342091145956e+00	   8.5134933777773236e-01	   1.0235844684999551e+00	   9.2174702251091933e-01	   1.2328696401255010e+00	   1.1253866915614725e+00	   1.0629778379093620e+00	   8.4689937407694837e-01	   9.7639419458317933e-01	   9.5717779061335406e-01	   1.3050219442440028e+00	   1.1008133976971255e+00	   1.3237409888417841e+00	   8.5254580443373940e-01	   8.1803705616908118e-01	   9.9118299215826311e-01	   1.0727910962718601e+00	   1.0283619648631728e+00	   9.4009821758022394e-01	   6.0183861361444502e-01	   9.5689350852688271e-01	   1.2846566548668135e+00	   1.2999805042645494e+00	   1.1333522438533739e+00	   1.0623289945856251e+00	   9.9822979074632479e-01	   1.1490391488788592e+00	   8.7556715156231735e-01	   7.4073759563316866e-01	   1.2581611308540230e+00	   1.0739120505411377e+00	   9.4781104232223656e-01	   9.9302961206606122e-01	   9.9671857229000893e-01	   1.3529404306230852e+00	   5.2759542365320167e-01	   6.8473222649910481e-01	   7.6767848139823425e-01	   1.2859273547292409e+00	   9.9299096866411873e-01	   9.0690101551311986e-01	   7.7296201354496608e-01	   7.4698391028818156e-01	   1.2944882343983838e-01	   3.8926438583097789e-01	   8.2252562871372548e-01	   7.1970768041881283e-01	   1.0954267515824438e+00	   9.8617308555686400e-01	   7.8059205798126841e-01	   7.1608261315895005e-01	   8.7286661800446641e-01	   8.7305554068074454e-01	   1.7081023296183728e-01	  -4.6972660177288084e-01	   2.6622140259287352e-01	   4.7226943784325737e-01	  -1.6721372826037312e-01	  -3.6671637453064876e-01	   6.1834878118516112e-01	   9.1076256900087360e-01	   9.9842083363208622e-01	   7.2470923241901297e-01	   9.6206187909378571e-02	  -9.2332471363277019e-02	
   1.7839704183728855e+00	   1.4998905564152303e+00	   1.1791032520891098e+00	   7.2590464301273672e-01	   1.3769832912258693e+00	   7.9065828255044790e-01	   1.1377145393461814e+00	   7.6371507878375011e-01	   1.1646808619110705e+00	   7.3765677400933893e-01	   1.6893623173909791e+00	   1.2085971746443982e+00	   0.0000000000000000e+00	   1.2773844463390531e+00	   1.6228168537616996e+00	   1.2034379916518068e+00	   1.2379457194003334e+00	   1.2914347302431333e+00	   1.1299035145045810e+00	   1.0923725065480474e+00	   5.3886150674519706e-01	   6.6030773069653048e-01	   1.0194089370254096e+00	   9.6015530573150532e-01	   7.5317992874870698e-01	   6.5569123666869022e-01	   1.1007138393342284e+00	   1.0189163460332424e+00	   8.3291054529995567e-01	   1.0729864813901937e+00	   7.9572299850442674e-01	   7.7764125117818184e-01	   1.1070416755579902e+00	   9.7724963305943247e-01	   5.1603123036342269e-01	   4.8853505939176434e-01	   5.0427599899571018e-01	   6.6892149796737888e-01	   4.6786593026831147e-01	   5.2691416255859624e-01	   1.3129309838423973e+00	   9.3401417709249090e-01	   1.2220863828525781e+00	   1.4108085449166170e+00	   1.0396895654791058e+00	   1.0877540982856726e+00	   1.2116044256559295e+00	   1.1899224749825361e+00	   1.2121874057318911e+00	   9.9738162024015975e-01	   1.2245192217218819e+00	   1.0492263457563524e+00	   1.1074037246398121e+00	   1.1343512225837846e+00	   1.1750992952280830e+00	   1.3162588022833155e+00	   1.2913197854189848e+00	   1.1908274604737379e+00	   1.0483535844861895e+00	   9.0860211912280719e-01	   1.2099693874157591e+00	   8.3059514718299310e-01	   1.2076037291849930e+00	   1.2486834936555657e+00	   9.1888792176247658e-01	   5.0874497472111357e-01	   9.8749750560217897e-01	   9.0355517487798132e-01	   1.0894327770478598e+00	   9.0108548549696665e-01	   7.4775664357090099e-01	   7.8956378743512190e-01	   1.3996417632968481e+00	   1.3052990668325171e+00	   1.4488518660490965e+00	   1.2260197340388390e+00	   1.1976218684251982e+00	   1.0462129097123838e+00	   8.9871710497313861e-01	   7.9876197960055673e-01	   1.0170939678424984e+00	   1.0226661663195169e+00	   8.7602466855593286e-01	   9.2363042217792102e-01	   1.1344435373002697e+00	   1.1253519025046017e+00	   7.2893459195792643e-01	   8.7431615700714016e-01	   9.6282780723922934e-01	   1.0686709179752665e+00	   9.1635499321760872e-01	   8.1594242902921521e-01	   5.6256461851427042e-01	   8.6092147195111535e-01	   2.8216177501191808e-01	   3.6500248302509286e-01	   1.1065544299646677e+00	   8.8211452022626347e-01	   1.0940775425235434e+00	   1.0026522234476309e+00	   6.0907098609629329e-01	   7.1087461599730806e-01	   8.5946334603145036e-01	   8.9384984146048552e-01	   1.1295024103150821e-01	  -4.4362411613813152e-01	   3.0454917988158858e-01	   5.1118734648348818e-01	  -5.5746008224510146e-02	  -1.6125527760448952e-01	   7.6757316955267285e-01	   8.5513343989607615e-01	   7.9594103427422314e-01	   7.6066285782163934e-01	   1.9598616489766879e-01	  -4.5858520494426985e-02	
