   0.0000000000000000e+00	   3.7972239001052038e-01	   5.9769426841477558e-01	   4.0029838469590989e-01	   4.7577034341662450e-01	   3.3348021337560774e-01	   5.4194914321472432e-01	   4.5616623480447432e-01	   4.5873173321125654e-01	   4.8371683114291752e-01	   6.6024536993991367e-01	   4.3087450605495575e-01	   6.7512400333747380e-01	   5.9629637125458312e-01	   7.1452764885086473e-01	   6.6798274015127679e-01	   1.7183894515529742e-02	  -1.5266791435173246e-01	   5.5272752824001847e-01	   3.8355984811988436e-01	   3.0031902098348845e-01	   3.2069175031678759e-01	   4.5628750097579951e-01	   3.5783456899846938e-01	   2.7300645719910144e-01	   2.8638801238004580e-01	   2.5956814188118893e-01	   2.2498927385777978e-01	   2.7468361838187338e-01	   2.1790364429936340e-01	   2.0751964664617792e-01	   2.3192099633739466e-01	   4.5795300368179404e-01	   3.3390367501904450e-01	   2.3844196153648006e-01	   1.9027315025589286e-01	   4.4084794101219726e-01	   3.7567199183760697e-01	   4.3207606598595166e-01	   4.6540090821230379e-01	   5.4624179065766443e-01	   4.4960768272069856e-01	   2.4699802451611894e-01	   3.2142908157228084e-01	   2.3585904532225543e-01	   3.1601002894372932e-01	   2.7751153174646626e-01	   3.7742953524957301e-01	   4.1946596479599851e-01	   4.7256125054378711e-01	   5.3586227137227971e-01	   5.4817098666528696e-01	   5.2818565489636482e-01	   3.4132430251368084e-01	   4.1162424150905741e-01	   4.0190497569734984e-01	   5.9475364424088195e-01	   2.1117734976467326e-01	   6.7975178437314143e-01	   8.9364911006070621e-02	   5.1459799667107764e-01	   1.6254650501705720e-01	  -2.2879008330505593e-01	  -3.1001956208464143e-01	   4.9030322458915571e-01	   4.7232079839774926e-01	   5.2460446927437165e-01	   3.6521955330023559e-01	   7.8160229095924572e-01	   5.1732140023930784e-01	   5.8717020757120197e-01	   3.7068173096999535e-01	   3.1026615291031712e-01	   2.9964159644459015e-01	   4.3506700272184939e-01	   6.3943942296882203e-02	   4.3789574895357414e-01	   3.5932010173061557e-01	   2.0037777377793178e-01	   5.4013299894460998e-01	   3.7407612507813415e-01	   5.9643284585349243e-01	   5.7240302247050390e-01	   4.7918756491171272e-01	   6.7092700951294182e-01	   5.6539801006786150e-01	   3.4193722150246969e-01	   2.8897757811225022e-01	   6.8766995064282577e-01	   6.5529760317389518e-01	   5.7695473535364172e-01	   6.5406971756371057e-01	   4.6802806851083789e-01	   4.9946450436033529e-01	   5.7205298841353425e-01	   3.8340678713245685e-01	   3.1203923676669160e-01	   5.2625204424304572e-01	   2.3097512211130944e-01	   5.4253429963448463e-01	   4.4783586286183680e-01	   2.8264417643136930e-01	   3.7494992982941389e-01	   3.8390061885287186e-01	  -1.2223679834240388e-01	   2.4092904945495941e-01	   3.7620036689632613e-01	   2.0468325354927683e-01	   2.9356394065068636e-01	   3.9227919325152993e-01	   2.9991218821241117e-01	   4.4860025012648486e-01	   4.2412146875530815e-01	   3.8815957817756941e-01	   3.8423725895769811e-01	   1.0882702587891561e-01	
   3.7972239001052038e-01	   0.0000000000000000e+00	   2.7590948499262281e-02	  -1.3490041478783759e-02	   1.7468442314713256e-01	   2.1034159949630735e-01	   2.4643891119877526e-02	   1.0714218152721439e-01	   7.4761782968617005e-02	   8.2134433365361761e-02	   4.6755568588619134e-01	   3.7727600035241426e-01	   8.4526517619820662e-02	   2.6669266219682825e-01	   1.4495356969473303e-01	   1.5926368274386848e-01	   5.6281605986227301e-01	   4.5265559966692592e-01	   6.3389328936826750e-01	   7.3422630388643007e-01	   3.3137670340044251e-01	   5.3920954861155235e-01	   6.7861459998079980e-03	  -3.3001981289802106e-02	   9.1764961738199466e-02	   6.6397327900847583e-02	   2.7074790795594184e-01	   2.3740527351911767e-01	   5.1904493575745259e-01	   3.5093367069207981e-01	   1.1618624894397890e-01	   6.5427317581969902e-02	   1.5451674906458923e-01	   1.7731561902426382e-01	   5.3688108796477244e-02	   8.6532620284320485e-03	   3.1386975520857602e-01	   3.1822974906190843e-01	   3.6230153948322086e-01	   3.0662162811416305e-01	   5.6067245954645650e-01	   3.9599614580838899e-01	   4.2124820573929489e-01	   3.4338581840127186e-01	   4.6687752741079003e-01	   4.0373110417761271e-01	   3.6916167231790914e-01	   4.0660969227330185e-01	   3.1574947642750240e-01	   4.4957599365710421e-01	   3.2214252082443134e-01	   3.0108401554129466e-01	   3.0837255581236583e-01	   2.4799866686195160e-01	   5.3911609867572219e-01	   5.1505560053201671e-01	   4.7704966356265399e-01	   6.4763392726939029e-01	   1.3256587477927834e-01	   3.7793970335943006e-01	   8.6961699500141668e-02	   3.0483100152799897e-01	   2.3052598321089807e-01	   3.8241996487977148e-01	  -8.8923584079302606e-02	   1.0162804148210658e-01	   8.1447533179484694e-02	   1.3642163056343246e-01	   2.8930922084319383e-01	   7.9029058325517612e-02	   3.1822560217610280e-01	   3.2066402926497384e-01	   4.9193754842571480e-01	   4.6335802220147726e-01	   4.4980103233522128e-01	   2.5581308667058128e-01	   5.2362459254919480e-01	   3.5107401234163710e-01	   2.3760133262293953e-01	   4.2826766399813143e-01	   5.0579867591245276e-01	   6.0652588180490730e-01	   4.8871186395427013e-01	   6.2467410131143986e-01	   1.7617053218357392e-01	   1.0972402161049424e-01	   2.3093979236063372e-01	   2.6700594657950694e-01	   2.1450042501660263e-01	   1.5373333657064639e-01	   3.1472227317830703e-01	   1.1903581529339359e-01	   8.4305308312562326e-03	  -8.9316551649080672e-02	   3.5369522138382664e-01	   6.0836938312276309e-02	   6.0405852019702733e-01	   3.4687928408300206e-01	   6.4440158687166116e-01	   6.5591054369042912e-01	   4.4973665545096475e-01	   2.5469525341291457e-02	   4.9628940906756458e-01	   2.8281674750824898e-01	  -1.8800350453730144e-01	  -7.9946816996113265e-02	   4.1704855163667109e-01	   5.8702524579548415e-02	   1.8767700693241668e-01	   1.6909569404692093e-01	   1.9106281623261342e-01	   1.7958227595061585e-01	   2.5590338202188916e-02	   2.3485879357030215e-01	   4.3795810659828327e-01	  -1.3934271536814258e-01	
   5.9769426841477558e-01	   2.7590948499262281e-02	   0.0000000000000000e+00	   1.1931514408702881e+00	   8.9769379210855882e-01	   5.4088856955481124e-01	   8.9948312659911978e-01	   7.5416104649158622e-01	   7.8329522296841803e-01	   6.6609943050645126e-01	   2.3804771296969535e-01	   3.2925179659165660e-01	   7.0206469811305883e-01	   5.8203210418276263e-01	   1.2019054969290690e+00	   9.3725163442918502e-01	  -3.7309955718226623e-01	  -2.0149044859987753e-01	   3.1454012353348104e-01	   2.9722093033129210e-01	   5.0596979239388862e-01	   4.0576461255137186e-01	   1.4013576936165713e+00	   1.1829093854600423e+00	   8.5160327109398737e-01	   8.4179286807230980e-01	   4.7652640415831493e-01	   5.8136178201313249e-01	   1.1034819062776052e-01	   3.2082245084542310e-01	   6.4423501638180891e-01	   6.5368827849669175e-01	   1.1510184387191824e+00	   8.2126337565776852e-01	   9.7575854856465238e-01	   6.6933475938296472e-01	   6.3092567836537838e-01	   4.7694184520122762e-01	   6.0089240801136790e-01	   5.3018221023880885e-01	   3.9764417730983465e-01	   4.1504561074051738e-01	   5.1152599497380347e-01	   5.3705450409119204e-01	   4.1399756428708862e-01	   5.4145207261184547e-01	   5.4764782570575921e-01	   5.4472531041745764e-01	   5.2895276001898495e-01	   6.3746063380227480e-01	   8.6282086154166815e-01	   8.4685408017836172e-01	   6.0126305304999383e-01	   6.4907360706469119e-01	   4.6552745497520681e-01	   5.1716610847596489e-01	   1.1435102628088116e-01	  -2.0944592605427886e-02	   5.9826939003876811e-01	   1.2947887877470318e-01	   1.8840497900637881e-01	   1.3997379889847444e-01	  -5.3395892920954524e-01	  -5.2893562686024365e-01	   9.5387551647802238e-01	   7.3716638427835390e-01	   9.6059082756889158e-01	   7.4513728476390106e-01	   6.3400120689619432e-01	   5.3686521410847743e-01	   5.2812787977427855e-01	   3.8264052477499810e-01	   4.2409452335606507e-01	   4.3010825567055511e-01	   2.9620265063043172e-01	   3.1013462974540740e-01	   2.1050393427324834e-01	   1.5644359967343777e-01	   1.1461737599597542e-01	   3.7895203992909682e-01	   1.5844299610181642e-01	   2.8649512556966056e-01	   6.8336139998147605e-01	   4.5828281857658965e-01	   1.0810471715526466e+00	   9.1315220547492482e-01	   8.5705587857537435e-01	   5.4695170705550666e-01	   1.0461450192325776e+00	   1.2443335399055717e+00	   7.1400544768742480e-01	   6.8150978542642371e-01	   7.5642497706665401e-01	   9.0516891516337883e-01	   4.5845026172923647e-01	   4.8047267818279626e-01	   2.9430855873483880e-01	   6.7763901674149074e-01	   2.5013279286645362e-01	   2.1483911998415520e-01	   3.7643955195605761e-01	   3.1918650841936352e-01	   2.0843202033492972e-01	   3.1210704247406634e-01	  -6.6614008334669933e-02	   1.5161022015825509e-01	   2.5358351554925740e-01	   3.8004741832504024e-01	   1.7052247575484447e-01	   2.2891585073401696e-01	   4.1490979264328798e-01	   3.9748240239427590e-01	   5.7194718436342273e-01	   3.2297635977058942e-01	   3.4100563907226489e-01	   1.3070407114347393e-01	
   4.0029838469590989e-01	  -1.3490041478783759e-02	   1.1931514408702881e+00	   0.0000000000000000e+00	   9.6613817209515152e-01	   8.0017089900232430e-01	   8.8817888455483962e-01	   1.0475989963736774e+00	   7.7135467055396445e-01	   7.6617640228413064e-01	   2.0267773777870379e-01	   4.0450854158165428e-01	   5.1210103294701581e-01	   5.7190904089741668e-01	   8.1681296467735465e-01	   9.8122146785339381e-01	  -3.9881269799680497e-01	  -3.2554789579175780e-01	   3.1152626560913077e-01	   4.1184786152121244e-01	   6.9775528793713482e-01	   5.3657388909999160e-01	   1.2268506979021945e+00	   1.6393367660441762e+00	   9.4109024317612588e-01	   1.2240462585188436e+00	   4.8071109206804263e-01	   8.1818869300946007e-01	   7.3028088923890594e-02	   2.0333119715799050e-01	   9.0615557415372971e-01	   9.6491367292604335e-01	   1.1643604005610113e+00	   1.0307627730064355e+00	   9.0894895798329811e-01	   8.5570076919582228e-01	   3.9299671662732011e-01	   3.3951446816558734e-01	   4.7178147177381685e-01	   4.3377052211681549e-01	   3.1932152964979682e-01	   3.4647518405681949e-01	   6.0279515809447459e-01	   5.5897571200523954e-01	   4.7320222630976017e-01	   6.4860032576848881e-01	   4.8589816741486752e-01	   4.9674043689200070e-01	   5.7227138602621364e-01	   6.6967403305369233e-01	   8.4309537259179312e-01	   9.4690824462822532e-01	   4.2343522918550497e-01	   5.7332065567546064e-01	   3.7268593319337073e-01	   4.6540646496686927e-01	  -9.5769778177425297e-02	  -2.0443363540989287e-01	   5.3313780990282089e-01	   1.4542191917628181e-01	   7.6515036074326179e-02	   1.7100562261630492e-01	  -5.9358760626392704e-01	  -5.3499606819305301e-01	   8.7160484105630864e-01	   1.0323651713728692e+00	   1.0066251456048274e+00	   1.0226347791903245e+00	   4.7401059084100483e-01	   5.8309227018863918e-01	   5.3253091434016553e-01	   3.7967917710284826e-01	   3.1469834085407022e-01	   3.0922254903054647e-01	   3.1626005946242564e-01	   3.1057743804044335e-01	   2.3724903390742388e-01	   2.4210598250059162e-01	   1.8936917630534517e-01	   2.5556218794638536e-01	   9.9669129325388600e-02	   1.9382129124121547e-01	   7.0380041828948503e-01	   5.3996393689339350e-01	   9.9950889171461810e-01	   1.0719738858126220e+00	   8.7277202232941953e-01	   7.0505592645934545e-01	   7.0577140068454036e-01	   1.1025891890881565e+00	   7.0075983545831400e-01	   4.9993427246479949e-01	   9.2600784410434400e-01	   7.1168157812582855e-01	   3.4703092772127503e-01	   3.8874659145384255e-01	   2.9928924773014703e-01	   5.3244083588727875e-01	   2.0595028946306368e-01	   1.1730128332071872e-01	   4.4911986703392726e-01	   2.9359585224847262e-01	   1.4573850005522429e-01	   3.7541433719991757e-01	   4.9524014546535072e-02	   2.0791761570920442e-01	   3.4014753823702437e-01	   3.2195244456615502e-01	   1.3675320913011160e-01	   2.7062693567812762e-01	   6.2135575452194358e-01	   5.5323406485301529e-01	   6.5220066118994713e-01	   4.2736545059516362e-01	   4.2033211495647643e-01	   1.6850274006549992e-01	
   4.7577034341662450e-01	   1.7468442314713256e-01	   8.9769379210855882e-01	   9.6613817209515152e-01	   0.0000000000000000e+00	   1.0017718379605007e+00	   7.6341450047393555e-01	   8.9176840698636828e-01	   9.0418210443488300e-01	   8.4669388874879536e-01	   3.7969546384079206e-01	   6.1537266966592885e-01	   5.3959428963002343e-01	   8.4946122037778982e-01	   8.6309556870018389e-01	   9.1422688481578440e-01	   2.3222884503886997e-02	   4.7526538572253548e-03	   3.8342112804899542e-01	   5.1320978324620237e-01	   7.3060533309208109e-01	   6.1213806912816393e-01	   1.1852187475015172e+00	   1.0780319257442632e+00	   9.7568553771812916e-01	   1.0378546861592168e+00	   6.5998315165867993e-01	   9.8086158541704738e-01	   5.3083289229406605e-01	   6.2216028376030408e-01	   8.8379328908983212e-01	   8.2881601171418828e-01	   9.2510344908774589e-01	   9.4193927867087912e-01	   6.4813342591928258e-01	   6.3226163683862058e-01	   6.9065711545222819e-01	   6.4809026462642316e-01	   6.7139123017077673e-01	   6.7671729988963070e-01	   6.1432957519913300e-01	   4.9260975325922385e-01	   6.8756430535219537e-01	   7.6556424753661434e-01	   5.8665191694178720e-01	   8.0241602232567355e-01	   7.4432935682288937e-01	   8.4125967938069246e-01	   6.6537235558502084e-01	   8.9828862804062748e-01	   8.9478745706122342e-01	   1.2053117903412123e+00	   9.1093193196051936e-01	   1.0012569747439437e+00	   6.3790761838206922e-01	   6.9663526913917906e-01	   1.3931682558760239e-01	  -6.5635038084754058e-02	   6.1034309894772454e-01	   2.5533282067631863e-01	   1.7885638304555770e-01	   3.0509553278509999e-01	  -3.0860112641649007e-01	  -3.6993538387406444e-01	   6.1106333950933489e-01	   9.4952582545754893e-01	   8.4224401263033477e-01	   8.7745480435740153e-01	   4.5777468528095111e-01	   6.1396304979884253e-01	   6.2077527838489832e-01	   4.8813145836541971e-01	   4.1550856816970411e-01	   4.3126098316688949e-01	   2.6431969936512512e-01	   1.6181535221663559e-01	   2.6086875655085473e-01	   2.3342758551377224e-01	   3.9742935992009149e-01	   4.6341482251358745e-01	   4.9326966809892792e-01	   4.4624280759629026e-01	   9.8925624479692964e-01	   7.5396309152646146e-01	   1.0154386316789468e+00	   1.0209978079613111e+00	   7.4369909532968048e-01	   7.4167212645075042e-01	   7.8671967017690070e-01	   1.2120734182647694e+00	   1.1180375367150590e+00	   7.8282389206457104e-01	   8.7085004178233927e-01	   6.9886285732807107e-01	   4.3485110820633383e-01	   3.6925963400924738e-01	   3.3198735081318204e-01	   7.3051428326543333e-01	   5.0236456331030199e-01	   4.4152636436530246e-01	   4.8706078392867075e-01	   4.1452280051371004e-01	   2.9863246123111786e-01	   4.7945889727158747e-01	  -8.5378555390782554e-02	   1.0294292228239513e-01	   4.0375713612510000e-01	   3.6909638889019780e-01	   6.5390483982039019e-02	   1.2634142295196393e-01	   4.7244019646372837e-01	   5.3320398761806387e-01	   4.6389287905451204e-01	   2.4775357906811754e-01	   3.8483895324789008e-01	  -5.3091223758337587e-02	
   3.3348021337560774e-01	   2.1034159949630735e-01	   5.4088856955481124e-01	   8.0017089900232430e-01	   1.0017718379605007e+00	   0.0000000000000000e+00	   7.1592255531175208e-01	   1.1351659788738426e+00	   8.2546324429625062e-01	   1.0405177031424711e+00	   3.8046098731137196e-01	   6.6922250836143748e-01	   5.2454581862527250e-01	   7.1248302629818672e-01	   5.8607586653742183e-01	   8.0290575689979304e-01	   9.1683811348378025e-02	   7.0883860780060315e-02	   2.6802475029217893e-01	   4.1809039195600894e-01	   5.0740958622041499e-01	   7.4997930183002515e-01	   7.3226715295596390e-01	   8.0875792278365388e-01	   6.5458484512120252e-01	   1.0176987433165472e+00	   3.1719182088117970e-01	   1.0083910806068619e+00	   4.8018556023362891e-01	   6.4613182112549561e-01	   8.4850703128341898e-01	   8.6533168370597524e-01	   7.6787911351324656e-01	   8.4620040327755341e-01	   4.2903994845511523e-01	   5.6785105926352375e-01	   4.4282972179228508e-01	   3.3712224078685510e-01	   4.2868499484856515e-01	   4.2199117337009656e-01	   4.1414644231986214e-01	   2.9636206163364742e-01	   5.8129714978552960e-01	   5.6283914848146055e-01	   5.8204894161790555e-01	   8.3347515256637750e-01	   5.1434087525976413e-01	   5.3882394569595649e-01	   4.8982140303703825e-01	   7.1256958587563624e-01	   6.0812561673134646e-01	   8.7675660270518752e-01	   5.9204464134883072e-01	   6.6678991909159169e-01	   5.0251125577809819e-01	   5.0676390784884806e-01	  -3.7776829891896263e-02	  -1.6756058708913904e-01	   2.4640145218632464e-01	   8.9110612664691058e-02	   1.8779672420381641e-01	   3.6342932952711066e-01	  -2.2655613587713372e-01	  -1.9807947321053224e-01	   5.5650377294857079e-01	   1.0679920134028162e+00	   4.9712278514498487e-01	   6.1372109963085375e-01	   2.6516139515481213e-01	   4.1624954341186671e-01	   6.2595028555778331e-01	   4.8061618531210659e-01	   5.3599767135076226e-01	   4.0775029296379833e-01	   4.3292584540546869e-01	   2.1234118962290452e-01	   2.5152728065378549e-01	   2.3765733675681416e-01	   4.4314723938749884e-01	   4.0531641882893704e-01	   4.8661041998288634e-01	   4.9545056702495327e-01	   7.5861026707752433e-01	   6.5379649502011172e-01	   7.4248319660646456e-01	   6.9636706420611727e-01	   5.4484825505550527e-01	   5.5515965876988804e-01	   6.3166319102752988e-01	   8.7607203743733919e-01	   7.6694051973871902e-01	   4.7245120935224239e-01	   7.6116267418957984e-01	   4.2575767983736812e-01	   2.2676221287899645e-01	   2.8207567236081743e-01	   2.3143602206036357e-01	   6.2067768787890421e-01	   5.1761359710475208e-01	   3.4667517335144515e-01	   4.6341719032571349e-01	   3.3751522893979180e-01	   1.4226283694346523e-01	   4.8308501976214824e-01	   9.2352185301559350e-02	  -7.1451264910089074e-02	   4.0307372826471044e-01	   3.5830059236008638e-01	   6.7608183050654844e-02	   3.1388746939215215e-02	   4.3450448954960147e-01	   4.9658344214175376e-01	   5.0440429669109610e-01	   1.6079310184383902e-01	   2.5438180235771995e-01	  -8.8839007175192219e-02	
   5.4194914321472432e-01	   2.4643891119877526e-02	   8.9948312659911978e-01	   8.8817888455483962e-01	   7.6341450047393555e-01	   7.1592255531175208e-01	   0.0000000000000000e+00	   1.3731907931898202e+00	   1.0810014391128224e+00	   9.6743092455182134e-01	   4.8197421357698234e-01	   5.3004651790082113e-01	   7.3284801928320020e-01	   6.1428130206599363e-01	   7.5845063768313969e-01	   8.5017243896901795e-01	  -1.0428587791970592e-01	  -1.6816915008071132e-01	   5.0820669626926933e-02	   1.2230174478293779e-01	   1.5953792485782609e-01	   2.5634342283399369e-01	   8.0471292419993012e-01	   8.1248364416483976e-01	   2.9384158088652468e-01	   5.6817912601059239e-01	   6.4512679549465490e-02	   3.7942943726285472e-01	   2.5725271607582634e-01	   4.1254759300180049e-01	   4.4173390658825662e-01	   5.6889979299582749e-01	   7.9560048293558960e-01	   7.4766494049465071e-01	   3.6737522755403662e-01	   2.4822622460391663e-01	   3.9283176349889548e-01	   1.5379452947319511e-01	   3.1531456088069243e-01	   2.5272917662884259e-01	   2.2592108439547243e-01	   2.2088643549666220e-01	   3.1150506642230869e-01	   3.4575224554653566e-01	   2.4083316779633529e-01	   3.3765534082749082e-01	   3.4364109695371015e-01	   2.9475575760131584e-01	   3.6659068058035504e-01	   4.5512615061114242e-01	   6.2530487642951871e-01	   6.0988279627856734e-01	   4.8302076633238955e-01	   3.7463242903050625e-01	   3.6542127464808172e-01	   3.0339754848807815e-01	   3.6266899897678423e-02	  -9.3367105125541139e-02	   5.1537733524380025e-01	   1.4722302142332472e-01	   5.7996973227706938e-01	   4.5271380517869531e-01	  -1.4107623228674801e-01	  -1.4516376044059534e-01	   1.2580507729815640e+00	   1.0709543871910472e+00	   6.2135330534224764e-01	   5.4572360593519142e-01	   2.2773610159285987e-01	   3.3865838226923345e-01	   4.3140134240602807e-01	   1.9316212823460510e-01	   4.8418333579835837e-01	   3.6679861819711279e-01	   3.6035327793523880e-01	   1.9189496959929092e-01	   1.1158250934662545e-01	  -1.5166020682415144e-02	   2.2324961110769498e-01	   2.5525353161679593e-01	   1.7857458243216665e-01	   2.9059447019185769e-01	   4.7903203979338060e-01	   2.9235557621663222e-01	   8.3344755919885793e-01	   7.3959668501298814e-01	   5.3279099164304755e-01	   3.5479042592935639e-01	   7.9800319140720133e-01	   9.2839854216997153e-01	   6.9926291935670604e-01	   5.7175513533613453e-01	   8.7653295817530730e-01	   7.3134289465805336e-01	   3.1882793576216450e-01	   3.9321508982961756e-01	   1.2990649623814901e-01	   4.9945646309346670e-01	   2.1357759517467692e-01	   1.0607208870422809e-01	   4.5078168026167764e-01	   3.1939485799827211e-01	   2.1082814114055673e-01	   4.5304106072720068e-01	   6.5768895019516702e-02	   1.8948163117554373e-02	   5.0054980021772544e-01	   3.0622492798423223e-01	   2.1702413560998560e-01	   1.9001787064487963e-01	   1.9534245066830319e-01	   3.4382843567075250e-01	   6.8883952000034998e-01	   2.4505273253060025e-01	   9.9868394286490858e-02	   2.5009437549816460e-01	
   4.5616623480447432e-01	   1.0714218152721439e-01	   7.5416104649158622e-01	   1.0475989963736774e+00	   8.9176840698636828e-01	   1.1351659788738426e+00	   1.3731907931898202e+00	   0.0000000000000000e+00	   1.1820054335560328e+00	   1.4645854637210196e+00	   5.6179516969686261e-01	   6.8447252495662947e-01	   8.1289778437929083e-01	   7.8301293331171540e-01	   7.6133868551247530e-01	   1.0121212505935864e+00	  -3.9000727714736561e-02	  -6.4176348421485202e-02	   1.4876987294579641e-01	   2.4488667004692788e-01	   2.9482010958786270e-01	   4.6621316293895204e-01	   8.4234391228142891e-01	   9.4842920788045826e-01	   4.1258048395352842e-01	   7.3825898184241101e-01	   1.4693336923186220e-01	   6.5907381404218979e-01	   3.8657730860816819e-01	   5.5114889813364454e-01	   6.3138579203859968e-01	   7.8125777977906363e-01	   8.2525189816345978e-01	   8.9660464443928212e-01	   4.0682204306988762e-01	   3.4865222232698123e-01	   4.3412212370776071e-01	   2.6324212284355952e-01	   4.0660709867114259e-01	   3.6802722402829874e-01	   2.8795138073171950e-01	   2.6546701503114939e-01	   4.1395457389432910e-01	   4.3160775968469584e-01	   3.1164676217405235e-01	   4.8817328215551492e-01	   3.6602917414849223e-01	   3.6620705631200196e-01	   3.5369101731864766e-01	   5.2952146901317998e-01	   6.2424705006921410e-01	   7.2549544950197253e-01	   5.1289849968450807e-01	   4.4537489915880812e-01	   3.8068427161582430e-01	   3.4864134582551115e-01	  -6.3588993920551035e-02	  -7.7205968582139128e-02	   3.7924192403096652e-01	   1.1445419140829739e-01	   4.5351526747464749e-01	   5.9413811799721872e-01	  -2.7058260341897711e-01	  -1.7490055987899455e-01	   1.1241745472203024e+00	   1.6914550072136711e+00	   5.8090935630322282e-01	   5.7492014939144176e-01	   2.4869326126202540e-01	   3.7948243174791307e-01	   5.3192962771143604e-01	   3.5767779035691716e-01	   5.6745478361577162e-01	   4.4202756367917445e-01	   4.5044641167513472e-01	   3.1681265039610645e-01	   1.7711080188174683e-01	   3.9875782271081156e-02	   4.4672104670533230e-01	   3.6135461619446257e-01	   3.6443338729279123e-01	   4.3804331284169140e-01	   6.2506065776745612e-01	   4.4610540925072723e-01	   9.9599449479082769e-01	   8.6783584195822028e-01	   6.1707232768516773e-01	   4.5692196548013775e-01	   8.5287411261454360e-01	   1.0384699961299197e+00	   7.1263457415949671e-01	   5.0431426655470757e-01	   8.9934838413519280e-01	   5.9228913565114072e-01	   2.6962074295303901e-01	   3.9166577811579684e-01	   1.2869809700581791e-01	   5.8249994215545609e-01	   2.5904519307243384e-01	   1.1861559906967611e-01	   4.6161418047633451e-01	   2.6134130235969738e-01	   1.4067880697982921e-01	   4.2552612982234939e-01	   5.3026043366402653e-02	  -1.1983351896261932e-01	   5.2094249627003686e-01	   2.0501081840836244e-01	   2.0254841704016249e-01	   1.3635172008744406e-01	   2.8372844410233106e-01	   4.1742298761012275e-01	   6.8001098309547292e-01	   2.3817884700739883e-01	   1.6626871346974781e-01	   1.6405535136373545e-01	
   4.5873173321125654e-01	   7.4761782968617005e-02	   7.8329522296841803e-01	   7.7135467055396445e-01	   9.0418210443488300e-01	   8.2546324429625062e-01	   1.0810014391128224e+00	   1.1820054335560328e+00	   0.0000000000000000e+00	   1.3105413022989831e+00	   3.9881820927873457e-01	   5.3487884228368043e-01	   8.7509309233146870e-01	   6.4957383396475465e-01	   9.2225003948313833e-01	   8.3656401536428604e-01	   3.8908399426670522e-02	   1.0463609140265655e-01	   1.6282296831696644e-01	   1.0358486852888132e-01	   1.3603917954830033e-01	   2.7168106063728192e-01	   8.2385515876098148e-01	   7.7201154789536786e-01	   3.7688154206836549e-01	   6.2714524503454327e-01	   1.1561512513662145e-01	   4.7503965866582931e-01	   4.6946580647906433e-01	   8.2310541374721691e-01	   4.8558327015367220e-01	   6.5473279243832960e-01	   6.7206473081426443e-01	   7.3356402082199523e-01	   3.4516836578445587e-01	   2.1446744269316487e-01	   5.7468220979407603e-01	   3.5711046774340161e-01	   5.2145942733061013e-01	   4.1836603080075063e-01	   3.1628124177443195e-01	   3.0326201397860530e-01	   3.8378164051225583e-01	   5.4890677663275733e-01	   2.6793560167578301e-01	   4.1905344618907941e-01	   4.6680192718766289e-01	   4.0625393923965958e-01	   3.1234382698622742e-01	   5.5224482465485691e-01	   5.4436308422959956e-01	   7.0568728043041329e-01	   6.2349485117927750e-01	   5.1089087131564392e-01	   4.0992528079906521e-01	   3.7455685078693235e-01	   4.4116978962024971e-04	   6.9945484082144249e-04	   2.7895466703378524e-01	  -1.2621323388858463e-01	   3.6573611576362253e-01	   5.1716725227373361e-01	  -3.0525486891907333e-01	  -2.6244034928096177e-01	   1.0174929571576343e+00	   1.0561571985641429e+00	   3.8040423133147455e-01	   2.8836848681147009e-01	   2.8665243277676472e-01	   2.6146943739780748e-01	   4.0279891993444966e-01	   2.9880446532550464e-01	   4.7183860310199144e-01	   4.4439136940977736e-01	   3.9907611770070722e-01	   2.5270984771785615e-01	   5.6545595190267549e-02	  -1.5915577126631653e-01	   5.6732600257839161e-01	   4.3652611788429851e-01	   4.1172835327084745e-01	   3.7088756729067046e-01	   5.2576494297075616e-01	   2.5776065999498321e-01	   9.1289317423660410e-01	   6.3353575716623989e-01	   5.3745473578197145e-01	   3.3675729009505390e-01	   9.8243972451507156e-01	   9.9278667681839727e-01	   6.3851915162344197e-01	   4.8155176598290772e-01	   6.9565542347012066e-01	   6.0457340526031267e-01	   2.3220502162349593e-01	   3.5793734222849444e-01	   2.5366854965124853e-02	   5.4267979717726955e-01	   3.0714068646883907e-01	   9.1135894287833349e-02	   2.4353477320029238e-01	   2.4044215603753194e-01	  -2.6766684260893563e-02	   2.1663706161377541e-01	  -1.2271419528475341e-01	  -1.9859338434737933e-01	   3.5743498319643707e-01	   1.4451331202386763e-01	   1.7863530159839047e-01	  -9.4808184077236322e-04	   8.4273548941593807e-02	   2.4256356962800527e-01	   5.1950172493096003e-01	  -4.4277544537270841e-02	   2.9598576968270212e-03	   1.3196007364204412e-01	
   4.8371683114291752e-01	   8.2134433365361761e-02	   6.6609943050645126e-01	   7.6617640228413064e-01	   8.4669388874879536e-01	   1.0405177031424711e+00	   9.6743092455182134e-01	   1.4645854637210196e+00	   1.3105413022989831e+00	   0.0000000000000000e+00	   5.0173232574763305e-01	   5.4741510500553758e-01	   8.9709353144990789e-01	   6.7005581220489863e-01	   8.3955646391713989e-01	   9.4060640482631552e-01	  -1.9641518007260144e-02	   7.8677384874006176e-02	   1.8643966257440711e-01	   1.9564636552672171e-01	   1.7134544876110058e-01	   4.1293562040427551e-01	   7.7190706620625349e-01	   7.6330260749893053e-01	   3.3640771820880516e-01	   5.7982483724125011e-01	   7.9041650723849402e-02	   6.0362152471351693e-01	   4.5878062845076045e-01	   7.3304369118979329e-01	   4.9261756411389634e-01	   6.4786831734718620e-01	   7.0807436972177018e-01	   7.8900996031659676e-01	   3.3528781173522559e-01	   2.7795592642414024e-01	   5.6467232580384596e-01	   3.8415754795284512e-01	   4.7893986341937544e-01	   4.5671980518376998e-01	   3.5059197181520657e-01	   3.6004806844582887e-01	   3.0065677610724884e-01	   3.6009087715320887e-01	   2.2180786839250069e-01	   4.1280061089561815e-01	   3.2865690535659747e-01	   3.5193641459090863e-01	   2.8053566189568696e-01	   5.1302786787528343e-01	   5.0871010040056608e-01	   7.0420190268208471e-01	   5.9835442019553808e-01	   5.3427826629342356e-01	   3.4476463162414839e-01	   3.0162965158522903e-01	  -3.9838578727952927e-02	  -4.0745417571190094e-02	   3.6212938636731512e-01	  -2.0020289589981786e-02	   4.8178585926088591e-01	   6.2448722250151800e-01	  -3.4475928578964182e-01	  -2.5547861832229801e-01	   1.0138570411874652e+00	   1.3914179240728073e+00	   4.4430107379218925e-01	   3.5664650953957666e-01	   2.9083110804629542e-01	   3.3175112769617277e-01	   4.5919302469226886e-01	   3.6103273375051453e-01	   5.2815048892659633e-01	   4.7277788092768802e-01	   3.9826468249079683e-01	   2.9764051447010564e-01	   1.0910590497737822e-01	  -7.6441254016384200e-02	   5.5332719086660975e-01	   5.1937561301707535e-01	   4.3818663967691163e-01	   4.5806595093444841e-01	   5.6939707872216261e-01	   3.3671626273488436e-01	   9.4592263873992943e-01	   6.7941992833191389e-01	   4.8643428693168511e-01	   2.8456010992346176e-01	   9.3230920483135660e-01	   1.0386342806620097e+00	   6.0682057643053400e-01	   5.1151884159163452e-01	   6.9617861156831984e-01	   5.7196654427137728e-01	   2.1996859536187655e-01	   3.6286091225168016e-01	   1.9254439197110575e-03	   5.7634695163474681e-01	   2.0971255299035801e-01	   1.2657624908232890e-01	   2.6255642897122711e-01	   2.2908869374395238e-01	  -1.9241738562877878e-02	   2.8091500964254335e-01	  -1.5659580737679191e-02	  -2.0930542448342662e-01	   3.5665955520861414e-01	   1.7091007747792586e-01	   9.9772820276668506e-02	   2.0157497323473474e-02	   1.6854845017107140e-01	   3.1780112497940899e-01	   4.9884843702347070e-01	   5.3757613947267212e-02	   6.2448171024415133e-02	   1.0530123300591507e-01	
   6.6024536993991367e-01	   4.6755568588619134e-01	   2.3804771296969535e-01	   2.0267773777870379e-01	   3.7969546384079206e-01	   3.8046098731137196e-01	   4.8197421357698234e-01	   5.6179516969686261e-01	   3.9881820927873457e-01	   5.0173232574763305e-01	   0.0000000000000000e+00	   8.6407544390609714e-01	   8.1981392951844179e-01	   9.0660531473837858e-01	   4.7263701781718431e-01	   6.5107981231761181e-01	   4.3011569251948145e-01	   1.5941582460533962e-01	   3.8226174669220270e-01	   3.9525694481705165e-01	   2.4222837676887904e-01	   3.2890246329701200e-01	   2.6069440261693105e-01	   2.4165409299637519e-01	   5.4592963106508692e-02	   1.6847363594161019e-01	   2.2669373369147700e-01	   2.1300685773821718e-01	   6.6749292787871761e-01	   4.5989942518426019e-01	   2.3430259234340534e-01	   2.4592186376366931e-01	   2.2624412535041100e-01	   2.7238433153747665e-01	   4.8307968367008715e-02	   3.5453065892088902e-02	   3.4719926205900814e-01	   2.8404590364434212e-01	   2.9566389818618827e-01	   2.8377340832157921e-01	   4.3261062001763156e-01	   2.7419659004567559e-01	   2.6039903016622667e-01	   3.4259152723541264e-01	   2.3932350845593447e-01	   3.5470529965327363e-01	   2.6853449282153891e-01	   3.2726297112981284e-01	   1.8389248333118408e-01	   3.2396729813598113e-01	   3.3376218518905004e-01	   3.3403742648441453e-01	   4.1731000249982753e-01	   2.0447320934867080e-01	   4.3588134408497015e-01	   3.4650632122375274e-01	   1.8059740288081064e-01	   2.1689091386429413e-01	   2.1786571729819063e-01	   1.5359624709158815e-01	   5.5050868305304046e-01	   5.5474296619557939e-01	   1.1126037335719516e-01	   1.6100415297516968e-01	   4.1710678750040087e-01	   5.8990555464330463e-01	   1.7037179111252398e-01	   1.6988799054541273e-01	   1.9158225650085942e-01	   9.8460153921727536e-02	   6.7245691151654119e-01	   3.7482879190312829e-01	   4.9183088253454865e-01	   4.8411080399275958e-01	   5.3515829797625325e-01	   2.9486483114497930e-01	   4.5336173122415357e-01	   2.1338982484650598e-01	   4.0436318257495152e-01	   5.0864165150770013e-01	   6.1600214169673773e-01	   7.4965460461993194e-01	   5.8711447606739819e-01	   5.5027199009445193e-01	   6.1251783984303743e-01	   4.9698237006129242e-01	   3.9688268264065951e-01	   2.7659711311710511e-01	   5.4358840232697747e-01	   4.7543410459226054e-01	   4.2008908536095951e-01	   3.4946382224312361e-01	   2.4164035999324474e-01	   1.2106350636359735e-01	   3.7328029673751612e-01	   1.7558384645608488e-01	   2.7371963563755042e-01	   4.6813238475125479e-01	   3.7048845281501802e-01	   3.5519589069354546e-01	   4.8863068370795137e-01	  -6.1306474654288630e-02	   3.1605828133811448e-01	   2.7600623969021143e-01	  -2.6988567760753596e-01	  -2.8013674125217847e-01	   4.8240841280066860e-01	  -1.0894471404930296e-01	   2.6958667142143972e-01	   1.5565409906329405e-01	   1.8468137315423200e-01	   2.2101289784035882e-01	   1.8232493079855980e-01	   2.7129924961687568e-01	   2.4289395684292847e-01	  -2.2782431465922771e-02	
   4.3087450605495575e-01	   3.7727600035241426e-01	   3.2925179659165660e-01	   4.0450854158165428e-01	   6.1537266966592885e-01	   6.6922250836143748e-01	   5.3004651790082113e-01	   6.8447252495662947e-01	   5.3487884228368043e-01	   5.4741510500553758e-01	   8.6407544390609714e-01	   0.0000000000000000e+00	   7.0195481656843173e-01	   1.2261170557917820e+00	   5.1720228113097733e-01	   8.2875858263072055e-01	   4.7683759330522507e-01	   1.8398916572666854e-01	   2.5927718058342614e-01	   3.7859670865180628e-01	   4.3585419982916462e-01	   3.7415911048401601e-01	   4.0908490028501571e-01	   5.1507883860862969e-01	   3.6240518178523878e-01	   4.7212738177875468e-01	   3.3343479546745985e-01	   4.3803342332903250e-01	   8.2454876676271271e-01	   6.6664357187413681e-01	   5.0382941873955012e-01	   4.6777575286845158e-01	   3.5882044479638137e-01	   5.1132035545036580e-01	   2.5167788513592637e-01	   2.8766811737881448e-01	   4.2037665394589330e-01	   3.9004249183812723e-01	   3.8652881679554624e-01	   4.4011516951367002e-01	   5.0307942709899045e-01	   4.2798314360038781e-01	   5.5669850558492984e-01	   6.5598751384438792e-01	   5.3392563895483069e-01	   7.0159651675408752e-01	   5.4940978029636622e-01	   5.4229347349814139e-01	   4.7869883241046052e-01	   5.8762472422701517e-01	   6.3957797746465439e-01	   6.0636870395334741e-01	   6.1504193484307268e-01	   2.9031656837818259e-01	   6.4323929036652727e-01	   5.8009761490864864e-01	   7.2712872895313710e-02	  -8.3805601538944577e-02	   2.4259836201907106e-01	   7.0593255408725922e-02	   3.0139097221716987e-01	   4.2708583390082522e-01	   1.2184047064111447e-01	   7.7266901312462360e-02	   3.8108370132904779e-01	   7.3319837694419432e-01	   2.9662773250796365e-01	   3.6315904589134718e-01	   1.9470437774977714e-02	   4.7640967515293980e-02	   5.5870963349604441e-01	   3.1713543576339914e-01	   5.6913695764264172e-01	   5.3789622930434211e-01	   4.9461061973235976e-01	   3.6678259925099066e-01	   3.8921710049046743e-01	   1.7512006191940341e-01	   5.7819144638350062e-01	   2.8842540607949552e-01	   7.1491342167936189e-01	   6.1369370433735726e-01	   8.1082843619842926e-01	   7.6121378508899740e-01	   6.7565586246017661e-01	   8.3737708785526344e-01	   4.7925655931818345e-01	   5.2117984354278812e-01	   5.1416631798844703e-01	   5.8744366797016245e-01	   5.4216497023565846e-01	   2.9602983156364171e-01	   4.1429563495886557e-01	   1.1988684693497052e-01	   4.1256429210757506e-01	   2.3966424054420904e-01	   3.8350315417844705e-01	   6.5839925874752259e-01	   5.5005856973104583e-01	   3.9089497199833967e-01	   5.5882725604924854e-01	   3.7609184803755198e-02	   3.4636604116079811e-01	   2.7777607962390571e-01	  -2.2473846844279222e-01	  -2.4383343997693122e-01	   4.8043979784399854e-01	  -3.3378079157183903e-02	   1.9625669253896227e-01	   1.1606986321967527e-01	   2.7142721878335663e-01	   2.2409763282976361e-01	   3.0293915398174548e-01	   2.1969372698999967e-01	   3.2238680855767826e-01	  -1.2284840666429850e-01	
   6.7512400333747380e-01	   8.4526517619820662e-02	   7.0206469811305883e-01	   5.1210103294701581e-01	   5.3959428963002343e-01	   5.2454581862527250e-01	   7.3284801928320020e-01	   8.1289778437929083e-01	   8.7509309233146870e-01	   8.9709353144990789e-01	   8.1981392951844179e-01	   7.0195481656843173e-01	   0.0000000000000000e+00	   1.0107170085437340e+00	   1.0066650600260469e+00	   9.0993678456313876e-01	   1.2744897418655374e-01	   1.6228481858354535e-01	   1.8629686066737658e-01	   9.7498261759763172e-02	   1.4833849843364100e-01	   1.7314295654155792e-01	   5.9622212798811369e-01	   5.6433650494852428e-01	   2.9283002618209852e-01	   3.6723091593558610e-01	   1.7998665336202518e-01	   2.8421771047006233e-01	   4.5726871198968022e-01	   6.9824596060335353e-01	   3.2352008858392983e-01	   4.1433598559810891e-01	   5.1811767476436144e-01	   5.1026989309599657e-01	   3.7102374099532870e-01	   2.2407233774592711e-01	   5.9700875804732623e-01	   4.6044148176931327e-01	   5.1919069900900905e-01	   4.5554721243393370e-01	   3.9080808012061785e-01	   3.5729906857362925e-01	   2.3040067284147686e-01	   3.7842481233516123e-01	   1.5691722250000481e-01	   3.4058773625784899e-01	   3.1396965812643263e-01	   3.3145722020435292e-01	   1.7036180684500268e-01	   3.5929060438233806e-01	   4.4223950626695280e-01	   5.2690394302164789e-01	   6.2981495994591463e-01	   3.0058248681406069e-01	   4.0887550587904065e-01	   2.9810588711498476e-01	   3.5962562837388953e-02	   9.7695027889126568e-02	   2.9062276910510126e-01	  -1.1666272530274203e-01	   5.5187714145508804e-01	   4.8517471433260106e-01	  -2.1813540335078518e-01	  -1.9763328820836679e-01	   8.3396741293319687e-01	   8.5246953471722831e-01	   3.7438872429334991e-01	   2.1859503258899229e-01	   2.5467227418221416e-01	   1.6493776801079521e-01	   5.1216656428478124e-01	   2.7607545361228802e-01	   4.3374703866349362e-01	   5.4418009192140648e-01	   3.8376485963089974e-01	   3.0917532488274951e-01	   1.9175556476786312e-01	  -9.0667974324509473e-02	   6.0924610740326213e-01	   6.2017217348902853e-01	   6.1846834848005827e-01	   6.3874094010090754e-01	   5.6189335396038809e-01	   3.6583420420748858e-01	   9.8339247969079047e-01	   7.0215000267310945e-01	   5.6071647070213015e-01	   2.2526675474815544e-01	   1.1451565286578433e+00	   8.9879946441882996e-01	   4.8017064320937652e-01	   4.8395838681937620e-01	   4.4700212299974540e-01	   4.3679493866146124e-01	   2.5206849138785969e-01	   3.4973474027906815e-01	   1.4583567981700908e-02	   5.7991831777471237e-01	   1.9127979007348134e-01	   1.3541392066120386e-01	   2.4787795156518477e-01	   6.3201088879515810e-02	   7.1171289883235969e-02	   1.5178195481137560e-01	  -2.4685789895959820e-01	  -3.0296760731427852e-01	   3.3176008011096025e-01	   2.1970501114885379e-02	   2.8604385130658455e-01	   5.4866385846680993e-02	   9.2995922831371064e-02	   2.1968030403182312e-01	   4.1256960024675871e-01	   7.8497737919316857e-02	   6.4510805239730643e-02	   1.9657170011751997e-02	
