   0.0000000000000000e+00	   1.4787653186619376e+00	   7.4297921955073853e-01	   6.5854277409920881e-01	   4.0152244856493957e-01	   5.2735387289655300e-01	   7.4266553916761080e-01	   6.2455014416051680e-01	   4.6348638629107897e-01	   4.1167185136712287e-01	   9.0259219474420949e-01	   8.3460367648848000e-01	   8.0232761390938168e-01	   7.0970372614505473e-01	   7.3884231021437763e-01	   6.4914338188319987e-01	   8.0645024837738888e-01	   8.3284284084820381e-01	   1.4770522076992647e+00	   1.2834619344729903e+00	   3.1391133649813596e-01	   3.4993998516174446e-01	   5.3623881658258643e-01	   3.6264168618316517e-01	   1.8472956165447513e-01	   2.8686647547517086e-01	   2.1951214260321883e-01	   3.2957400330751085e-01	   8.7774283277692722e-01	   8.1188876088601036e-01	   5.3535531888260912e-01	   6.0668133754113862e-01	   8.5779909240117536e-01	   9.9615483701607621e-01	   1.8563638190575518e-01	   3.1218521247059727e-01	   3.2736665883311111e-01	   4.3391360108296251e-01	   4.8801899373803920e-01	   5.7511937248287259e-01	   6.9243420378345100e-01	   9.8450579565217067e-01	   5.4564756499613354e-01	   5.9771680679488937e-01	   5.8324345312455050e-01	   5.9022992738655711e-01	   6.5098591148960216e-01	   6.0739499675646114e-01	   5.6286555341451616e-01	   5.1531290453619105e-01	   5.5447520290685126e-01	   4.0744436388512240e-01	   7.3682686197889224e-01	   5.7486327167971885e-01	   6.8559442720644770e-01	   6.1129274829034819e-01	   9.4388553473829750e-01	   9.0256766125184362e-01	   5.8730625699968775e-01	   5.7401817626465523e-01	   1.0036184310413949e+00	   6.0996244852228376e-01	   9.5327290061416214e-01	   1.1313692993823081e+00	   5.0775135386630499e-01	   3.1047595799856159e-01	   4.1570342716633446e-01	   3.2932236943021959e-01	   9.1375079357933864e-01	   9.0273919376804190e-01	   4.5582205825880273e-01	   5.0364508029419208e-01	   9.0822783884759173e-01	   9.4115015737708962e-01	   8.0249070261905364e-01	   9.2211305079216277e-01	   7.4787648028090381e-01	   8.9012855910133537e-01	   5.9642339072793682e-01	   7.3819097589829419e-01	   8.1733432406780460e-01	   8.4069980645756004e-01	   8.8942396605293894e-01	   7.7804867816907197e-01	   7.7732075673714207e-01	   8.0202790123839407e-01	   4.7473800180706577e-01	   5.5988183481591491e-01	   5.5891550313609628e-01	   6.9370222942869653e-01	   5.1853344202762186e-01	   5.0411825605353611e-01	   2.5458541775962418e-01	   3.8270059938536694e-01	  -1.2128321328324662e-01	   1.1480976489054165e-01	   6.3032728770329538e-01	   4.3742068934998807e-01	   6.9342259371621251e-01	   7.7965307524661354e-01	   2.7607863742209349e-01	   5.4121212101003480e-01	   5.4561025165652077e-01	   8.5450035295968618e-01	   4.1526116885506387e-01	   3.6573687409796130e-01	   4.4790927932034308e-01	   4.3606846300108970e-01	   3.5332350425361571e-02	   4.1204619449438085e-01	   7.7814701950677323e-01	   8.2560220062012202e-01	   9.1440685407379585e-01	   8.2694789346855924e-01	   4.2651614482676592e-01	   7.9316565932321351e-02	
   1.4787653186619376e+00	   0.0000000000000000e+00	   6.8419655410476232e-01	   6.4058572650936696e-01	   4.0177937662294594e-01	   5.1598204598550435e-01	   6.1140231189486294e-01	   5.6939042798601980e-01	   3.4624130316580676e-01	   4.1062773630564359e-01	   7.6914083847249937e-01	   7.1131661017872194e-01	   7.0605724235405776e-01	   6.8318496730688050e-01	   7.2912263067797756e-01	   6.4787648036134948e-01	   8.7152855576181820e-01	   9.3948820664039379e-01	   1.4416912015583254e+00	   1.3359369124875642e+00	   4.2936406236929514e-01	   4.3582551404810888e-01	   6.2391974459092647e-01	   5.1100328648939053e-01	   3.6545616125106556e-01	   4.7053869111956503e-01	   4.3157963758434575e-01	   4.3760878308074402e-01	   8.0023261342263408e-01	   8.1747817795825550e-01	   6.4788795037879177e-01	   7.0941355167986342e-01	   9.2858422583061118e-01	   1.0047900895246791e+00	   3.1422084010661394e-01	   4.3704554544222729e-01	   4.4353937137842170e-01	   6.2857669588057130e-01	   6.6272202394696866e-01	   7.5217878122485415e-01	   7.2296455391141956e-01	   1.0843343485131505e+00	   6.0262583915614454e-01	   6.9814954799113749e-01	   5.6987970810405775e-01	   6.1555361347734039e-01	   7.3516491497228142e-01	   7.1081179788047832e-01	   5.1751206059134236e-01	   5.0704861986259531e-01	   6.1908175305421276e-01	   4.8214592547149870e-01	   7.3456379231159163e-01	   6.6952802104400533e-01	   8.3125991689905898e-01	   7.7548845650110088e-01	   1.0658476925058429e+00	   1.1561467463112760e+00	   4.4733758152283543e-01	   5.4455688688472959e-01	   7.8233449187159532e-01	   5.8087172912927076e-01	   8.0340946463207796e-01	   1.0073889047782241e+00	   5.6322409410037411e-01	   3.9902603672734227e-01	   4.6114581528032711e-01	   4.2717188940727996e-01	   1.0737230809915832e+00	   8.7461965121888319e-01	   4.3072352580271095e-01	   4.3409510469401336e-01	   1.0607896487481459e+00	   1.1528400970339534e+00	   7.8344927528225805e-01	   1.0990937379470180e+00	   7.7295531514966020e-01	   9.6819183366317951e-01	   6.7491585884896454e-01	   8.9044930101534758e-01	   7.7797387661813155e-01	   8.4449357522108404e-01	   8.7606811441538124e-01	   6.3739932572390035e-01	   7.9847419557375265e-01	   7.9757268582562035e-01	   5.5960486921093922e-01	   5.7456163564360052e-01	   6.9244031115429194e-01	   7.3977805319306811e-01	   5.3535902804055602e-01	   4.6103522490380744e-01	   2.2023726346150155e-01	   3.4553670875073905e-01	  -6.9197907067905462e-02	   1.7068868930025990e-01	   7.6873148682537618e-01	   5.5838433182040426e-01	   7.4837620915146696e-01	   8.5065812183505396e-01	   2.1008151870505112e-01	   4.2546331988624642e-01	   5.5398320982185834e-01	   6.9583917968593334e-01	   4.6050538756414988e-01	   3.0071338687723731e-01	   4.9245830362785636e-01	   5.0120763606131546e-01	   6.2309612695323202e-02	   5.0253845439974110e-01	   8.5732694730747505e-01	   8.3098916590107152e-01	   9.2725956460944658e-01	   9.0551211187932090e-01	   4.9711878697761802e-01	   1.2055791975687549e-01	
   7.4297921955073853e-01	   6.8419655410476232e-01	   0.0000000000000000e+00	   1.0727792968693080e+00	   1.0123285378867741e+00	   8.1941633111904766e-01	   1.3526953877593659e+00	   9.8141493009853964e-01	   7.2227894944829329e-01	   5.8972250747819444e-01	   1.0053464200496309e+00	   7.1574800447840969e-01	   9.6564879419845362e-01	   7.6710668644358704e-01	   1.0316036306621663e+00	   8.3246920277326508e-01	   3.8222326884366847e-01	   3.8074766796134607e-01	   8.9394900917425024e-01	   8.0136655574456828e-01	   5.3573362329715779e-01	   4.6483491207975919e-01	   1.1284066615781394e+00	   7.1191007154646391e-01	   5.7023491973235618e-01	   6.1334568894363839e-01	   4.8308998931855673e-01	   5.7722357152012893e-01	   6.5502094345934125e-01	   6.0241252072531437e-01	   9.6409767830853088e-01	   8.9799725145921283e-01	   8.4446997586569628e-01	   8.7826858028882315e-01	   4.6299936935948310e-01	   5.4626837290066765e-01	   2.8052731525065261e-01	   4.5369535406308492e-01	   4.7890333889900766e-01	   5.0567033265703265e-01	   6.1977768549203949e-01	   6.4669803025228201e-01	   7.6719297286621313e-01	   6.7090603324729436e-01	   6.6359985723886805e-01	   6.2534890652362185e-01	   7.5932138194696852e-01	   7.5099325875826939e-01	   7.6998234357187600e-01	   6.9016736735377582e-01	   8.5548534800972242e-01	   6.4990425118079720e-01	   6.8431743840361636e-01	   5.3970338891593039e-01	   7.0377245159477020e-01	   5.7111058428852635e-01	   1.8252944308058519e-01	   2.1939009519067881e-01	   5.9096245960806015e-01	   5.7515281673925678e-01	   7.8044503846129976e-01	   5.5736500059951299e-01	   5.7993205131844983e-01	   5.5222035930642244e-01	   9.3387742409308827e-01	   5.8096815301248739e-01	   8.2052921639556742e-01	   6.2022397067787183e-01	   5.8993851701228850e-01	   7.8453071985807854e-01	   6.0513375316276674e-01	   4.2333368941649852e-01	   6.5513804044235202e-01	   6.3578001455530941e-01	   6.4606775225737223e-01	   5.8230298387082224e-01	   4.9695835124410570e-01	   5.3726026021195872e-01	   3.5920012058411888e-01	   3.6566445318101243e-01	   5.5929504201090086e-01	   7.3821025841469867e-01	   9.5985189394816750e-01	   6.8172238454750789e-01	   9.0120131755274646e-01	   8.9825150758794459e-01	   4.8917885409750861e-01	   4.1754827130731598e-01	   5.9713363969706179e-01	   7.5788830084540115e-01	   9.5539495483201076e-01	   1.0688230359809703e+00	   7.2521221222313381e-01	   1.0403426920352192e+00	  -1.7928940868447353e-02	   2.9482188293524197e-01	   6.2821544922505312e-01	   5.3648841511788536e-01	   8.2308698686261450e-01	   8.6544688739453091e-01	   5.6765743771153687e-01	   1.0472779179793676e+00	   6.9710902073869840e-01	   6.7633490453633138e-01	   6.6805197890444301e-01	   4.0182779907309318e-01	   4.8465481002265332e-01	   2.9041364781750073e-01	   9.5749982253581070e-02	   4.1043598138994369e-01	   8.9832367937385926e-01	   9.0313894581776422e-01	   8.8134691970835988e-01	   9.2114567323007823e-01	   5.9488762687258667e-01	   1.2505665020341078e-01	
   6.5854277409920881e-01	   6.4058572650936696e-01	   1.0727792968693080e+00	   0.0000000000000000e+00	   8.3820114500593701e-01	   1.0446905672435967e+00	   7.8227565487279871e-01	   1.1442762451995461e+00	   5.3425714170617544e-01	   7.1392459311104473e-01	   6.7738008971489760e-01	   6.7101449725252305e-01	   6.2831685118219804e-01	   8.1104462775161756e-01	   7.7773750526059582e-01	   9.5041946292688928e-01	   3.1342196013013918e-01	   2.9366910346196340e-01	   6.9746253341697872e-01	   7.4928375213769915e-01	   6.4123548822872778e-01	   6.7277684116341385e-01	   9.9077772909688155e-01	   1.0958496978736567e+00	   7.5387199134391802e-01	   9.1294398758131601e-01	   7.1313634945501969e-01	   8.6102908149419799e-01	   4.1771829041153141e-01	   3.9806078534120465e-01	   8.6986356727067327e-01	   8.6689497565438001e-01	   6.5981477985013393e-01	   6.9883917319953182e-01	   5.5804538835841999e-01	   7.4901189553415248e-01	   4.2945756325554196e-01	   6.7462202249145997e-01	   5.2870789614890312e-01	   6.4870574289619598e-01	   7.4419070143620758e-01	   7.1929730461403063e-01	   7.8303560645683390e-01	   6.5722797554639067e-01	   6.7002539887727153e-01	   6.6521384963585051e-01	   7.5055667396880499e-01	   7.2215930546450435e-01	   7.4888416798199986e-01	   7.4180902505532564e-01	   9.0297712012285869e-01	   8.1819527611489440e-01	   7.3262909791797437e-01	   5.4573378039741594e-01	   7.3742854533837443e-01	   6.3769649387757887e-01	   2.9702002086888063e-01	   2.8454392426158170e-01	   4.6142101923445766e-01	   6.9740630398394776e-01	   5.4484820045419413e-01	   8.8085401609921021e-01	   3.6243563360351821e-01	   4.7185253490989643e-01	   7.8666038935609739e-01	   1.0910547518558265e+00	   7.8240690328374862e-01	   8.7305935714125782e-01	   7.1400386533845639e-01	   9.1178969451400482e-01	   6.5850719160532167e-01	   5.3988441670441123e-01	   5.8953382037109181e-01	   5.3755106968172950e-01	   5.7232782146353844e-01	   5.7724802135465514e-01	   5.7524235312905092e-01	   7.3290015371208572e-01	   3.5095463209486533e-01	   4.4654117579212915e-01	   4.8565493271559129e-01	   5.8749745200198711e-01	   7.3949490263213791e-01	   6.0446574774409101e-01	   9.3008590325556484e-01	   1.2057286059912702e+00	   4.2625893131752746e-01	   4.6684514621542506e-01	   7.0975943470317826e-01	   1.2583051735238429e+00	   1.0901508886057034e+00	   8.6441262129657048e-01	   8.4770744815662225e-01	   7.5256875185306604e-01	  -1.0114455156474747e-01	   3.5502813318312748e-01	   6.9782335095373649e-01	   5.8734346553961647e-01	   8.5618955978469646e-01	   8.3009144929298040e-01	   6.4408484201666272e-01	   7.6473245160893599e-01	   7.0296200061474068e-01	   7.2109465123379568e-01	   7.6440626876816797e-01	   3.1835454444391126e-01	   5.1164670129552159e-01	   2.9510721605179774e-01	  -5.3904348678653633e-03	   4.2042093113692164e-01	   8.9384818922874509e-01	   9.3103551767243486e-01	   7.4582447410416564e-01	   8.2925191121652342e-01	   4.5985473631724239e-01	  -4.5195338063987886e-02	
   4.0152244856493957e-01	   4.0177937662294594e-01	   1.0123285378867741e+00	   8.3820114500593701e-01	   0.0000000000000000e+00	   1.2038934590474881e+00	   9.7017588505208807e-01	   1.1628528400008529e+00	   8.4696107001729737e-01	   7.9757322204895797e-01	   8.0775259959256207e-01	   8.1864535020328777e-01	   8.0347649749445960e-01	   8.7675539099673394e-01	   9.9589025201655357e-01	   9.9936145250105324e-01	   1.5671588863887084e-01	   2.2991737356333306e-01	   5.0671886805278299e-01	   4.2838735970000369e-01	   6.0139135280150458e-01	   5.9556073813705235e-01	   7.6144749909712961e-01	   5.6588790101538822e-01	   4.4043449579968152e-01	   5.3530915848305782e-01	   5.9558694508602672e-01	   9.6307375439358778e-01	   5.4778677134278497e-01	   5.3959865383250960e-01	   6.3897968089264157e-01	   6.9383181471440381e-01	   5.6624568080550108e-01	   6.1461481233837523e-01	   1.7020355402207277e-01	   4.0868777975002357e-01	   1.0240924883326862e-01	   3.4422149832340160e-01	   2.7889138563170857e-01	   3.6614711682136941e-01	   3.6653813715979994e-01	   3.8130508722608641e-01	   8.8600024906158703e-01	   7.6718557400961807e-01	   7.7099545951110215e-01	   7.6318256723604228e-01	   9.0677930440544041e-01	   9.0607600300824365e-01	   1.0149582462513771e+00	   8.9380061453189974e-01	   1.0027626499698674e+00	   8.0021555187459303e-01	   6.5363955948498176e-01	   5.1475955144775587e-01	   6.1276472486676958e-01	   5.6630472196056392e-01	  -3.7875667299250619e-02	   2.2594968464312781e-03	   3.8061763818649741e-01	   5.6478305708534537e-01	   5.5222013556029148e-01	   6.6606150927242536e-01	   3.5271602592872320e-01	   4.1758173052459296e-01	   6.3957560743630859e-01	   6.0334823422611905e-01	   5.2886600290465369e-01	   5.1966088177887859e-01	   3.9392309128118247e-01	   5.6011905172167653e-01	   4.1612713556045205e-01	   2.0825785866870178e-01	   3.8441074587732332e-01	   4.0940962022479699e-01	   3.9956972503809363e-01	   3.6702018690559873e-01	   2.7524639220622876e-01	   3.4569614388617431e-01	   1.7199264345017087e-01	   2.8689375291730418e-01	   4.3184379613352847e-01	   6.0113172040067331e-01	   8.2546374112798027e-01	   6.7873127283422763e-01	   7.2674063829008928e-01	   7.6990623757092658e-01	   3.3304958103280596e-01	   2.5052261506281959e-01	   4.1510758813331783e-01	   6.7916491017667080e-01	   9.2822073790282722e-01	   9.6871360237811899e-01	   9.2633236595839918e-01	   9.8984481535426605e-01	   2.6518204264135838e-02	   2.7085135631114660e-01	   6.2995855565000958e-01	   6.3773787389137393e-01	   8.6949021479221456e-01	   7.9811843590512710e-01	   6.3727450936170227e-01	   1.0933381786442131e+00	   4.2187091760642376e-01	   5.1917882194336995e-01	   5.4571315992985470e-01	   3.9740057603680279e-01	   2.6843842049728184e-01	   2.8223845407961579e-01	   2.1872211700261163e-01	   4.1205883071113431e-01	   8.0849521884706188e-01	   8.3447415758181609e-01	   7.3591280694638495e-01	   8.1484925637671257e-01	   6.2880353772106989e-01	   9.1632247585967351e-03	
   5.2735387289655300e-01	   5.1598204598550435e-01	   8.1941633111904766e-01	   1.0446905672435967e+00	   1.2038934590474881e+00	   0.0000000000000000e+00	   8.2446584984606108e-01	   1.2861852683860024e+00	   7.3209254428744841e-01	   1.2823956430460099e+00	   7.6210515807691714e-01	   8.2090483619751631e-01	   6.8270316827115873e-01	   8.2121237426465121e-01	   1.0104022442424563e+00	   1.0612521702218289e+00	   2.9376369775386890e-01	   3.4899154028842105e-01	   5.5711433099823260e-01	   5.0547917127520892e-01	   7.0537107696948742e-01	   7.1877759652286666e-01	   6.6611191667606995e-01	   6.2425488978364441e-01	   5.5277195902320453e-01	   7.2872467174565214e-01	   6.0189814425449917e-01	   1.0834935644373447e+00	   5.1713783576231753e-01	   5.9659528510888005e-01	   7.1884393424367965e-01	   7.0685198620549972e-01	   6.3413836099090948e-01	   7.3606712709159672e-01	   2.7722542677244921e-01	   5.6393003109633799e-01	   1.8340523832268513e-01	   4.6427594243700065e-01	   3.2242893724082833e-01	   4.1630322515471452e-01	   4.8144360494293925e-01	   4.6997045161283185e-01	   8.8966396869218922e-01	   8.1596036606066480e-01	   9.3403283980153384e-01	   8.9599305109261662e-01	   8.8748848605109654e-01	   8.9529900818481611e-01	   1.0689485642569241e+00	   1.0127264062469359e+00	   1.0273981002566037e+00	   9.9559679938607737e-01	   7.4883586518893086e-01	   5.8347675870210702e-01	   6.2263937261892965e-01	   6.1434231778010950e-01	   1.5461186621220732e-01	   1.5303507304930905e-01	   3.4379575348752250e-01	   7.4992006778308684e-01	   5.2298712477751697e-01	   9.3367008208074109e-01	   3.8501979293852479e-01	   5.4431740757591840e-01	   6.4081180597579546e-01	   7.8148926624815573e-01	   5.4794618760747693e-01	   6.5356745609929945e-01	   5.8401451673946569e-01	   7.7941129619744831e-01	   4.9175469824573215e-01	   3.3186956877629359e-01	   4.5734533031359925e-01	   5.2005179814735769e-01	   3.9508615283681175e-01	   5.0876839116249051e-01	   3.7707347571829408e-01	   5.2619746379557264e-01	   3.3032665694294083e-01	   4.9095170344835015e-01	   5.2447108323999669e-01	   6.1035328496404118e-01	   7.4391610918755613e-01	   6.0001071175493537e-01	   7.8207898867220482e-01	   8.6701399858150896e-01	   1.9245569155578593e-01	   2.3690006741930381e-01	   5.1924707015223537e-01	   9.7521638737936844e-01	   1.1128346367865467e+00	   8.6840118566784708e-01	   1.0357430909025440e+00	   7.6754733174940015e-01	   3.0831420972309530e-02	   2.8968320515623514e-01	   6.6517989221780349e-01	   6.7562089917433865e-01	   9.6903775288063598e-01	   8.6770652961874406e-01	   7.6466696994319006e-01	   9.7948317996663792e-01	   5.7788204455360259e-01	   6.4420185831412513e-01	   5.8918845117297203e-01	   3.9943848817561456e-01	   3.6872990003592659e-01	   3.1938923760187493e-01	   4.1964943006792127e-02	   4.6359170858603821e-01	   8.9257537301039269e-01	   9.1307253452882375e-01	   7.7912582489377014e-01	   9.9747773291105724e-01	   5.0834662831933664e-01	   8.3340403340602137e-02	
   7.4266553916761080e-01	   6.1140231189486294e-01	   1.3526953877593659e+00	   7.8227565487279871e-01	   9.7017588505208807e-01	   8.2446584984606108e-01	   0.0000000000000000e+00	   1.1211813288412606e+00	   9.3691962319552924e-01	   6.2415916257637172e-01	   9.7024089732856655e-01	   8.6383838447207517e-01	   9.4836886339313176e-01	   7.7303270390894130e-01	   1.0820750303835038e+00	   8.6772235825614863e-01	   4.7974503221005127e-01	   5.3278478677092600e-01	   7.7800551251057803e-01	   5.8119113574618897e-01	   4.6244198441198531e-01	   4.2213081998123786e-01	   6.3104078169818656e-01	   3.8815091058634676e-01	   3.2364926604855204e-01	   3.9550060104667450e-01	   2.5810669424934263e-01	   4.7741258996888369e-01	   8.9794072809302450e-01	   7.8361177019422434e-01	   7.2239591594154762e-01	   6.8645815702603608e-01	   9.2790690521926877e-01	   1.0063722258284027e+00	   2.0037638051865730e-01	   3.6969648114816189e-01	   1.2308311642452394e-01	   3.1494773721937502e-01	   3.7192506650312079e-01	   4.1044589580621355e-01	   5.5014176418378702e-01	   5.5758704021308447e-01	   7.9661087827918442e-01	   7.4846838544709648e-01	   7.6668815189367845e-01	   7.6262251147759275e-01	   7.9620229312135971e-01	   7.8395818395308847e-01	   8.3746617082322328e-01	   7.9669172938967725e-01	   8.2902283111866160e-01	   6.5255982081748265e-01	   5.8205670939583465e-01	   4.0949177023340549e-01	   6.2843080837618015e-01	   5.3347703247332823e-01	   2.5099627173707051e-01	   2.3966335781559764e-01	   6.2458105893206373e-01	   5.2058692008432017e-01	   9.7520870181746655e-01	   6.2555922807553177e-01	   7.4640958945509184e-01	   6.9461723155512378e-01	   5.6490204669133903e-01	   4.4955672087358950e-01	   7.5024066393492106e-01	   5.7229746651144930e-01	   4.4229693537559406e-01	   7.3472136955548017e-01	   4.2940137264199518e-01	   2.3229110203818798e-01	   6.4187698879666455e-01	   5.5484775585574164e-01	   5.7629368082762022e-01	   4.8953180221594694e-01	   4.4549858660627123e-01	   4.9557540056073013e-01	   3.6283624912015577e-01	   4.2591145297655203e-01	   6.6961155233336223e-01	   7.2600159058413338e-01	   1.0272491645258810e+00	   7.1798744204847487e-01	   6.6419890895832623e-01	   7.3351361391576841e-01	   2.8381360023154734e-01	   2.9786433067759871e-01	   4.3602508691157121e-01	   6.6588465806567054e-01	   8.1771013852736529e-01	   9.5570938413184181e-01	   5.7982426468710657e-01	   8.2180112253195226e-01	  -5.9967127129691274e-02	   2.1240943468061935e-01	   5.2863932754647502e-01	   4.1809098555418184e-01	   8.2573545740471666e-01	   8.3462644759279714e-01	   5.0647044643405104e-01	   1.0815004569116786e+00	   7.4451653878125179e-01	   7.5172038147391540e-01	   4.6794195459217502e-01	   3.9671367543655012e-01	   3.9348553788900353e-01	   3.4551511273223368e-01	   1.6032726983283559e-02	   3.7150890240285628e-01	   7.9280895132204876e-01	   9.3346970793690409e-01	   8.1146354353193773e-01	   8.0371175087972524e-01	   4.6789836455216205e-01	  -6.1641462045199727e-03	
   6.2455014416051680e-01	   5.6939042798601980e-01	   9.8141493009853964e-01	   1.1442762451995461e+00	   1.1628528400008529e+00	   1.2861852683860024e+00	   1.1211813288412606e+00	   0.0000000000000000e+00	   8.6961500780996626e-01	   1.0508869721063596e+00	   8.9406002264553308e-01	   1.0524899317345624e+00	   8.7130645221270375e-01	   9.4245456327508803e-01	   1.0350847797683618e+00	   1.0771030885846020e+00	   3.6990631965901921e-01	   3.9106405892196255e-01	   6.1278488742887993e-01	   5.4221573216665842e-01	   5.8639911032119385e-01	   5.8336799791344385e-01	   6.3823495839508149e-01	   5.4900753501288746e-01	   3.7224785317718634e-01	   4.9485179337318430e-01	   4.4101275962940534e-01	   7.7978036946760532e-01	   6.3784438296108692e-01	   6.3446036450350596e-01	   7.3577742255267531e-01	   7.8327941708675286e-01	   7.3346039747669722e-01	   8.2594195640177559e-01	   1.5186948973052278e-01	   4.5403435870854308e-01	   1.0586367781404947e-01	   4.0430153982737016e-01	   2.8880953517829405e-01	   4.0852894979324050e-01	   4.5705291268368059e-01	   5.0762421972939775e-01	   8.6387335925208530e-01	   7.8453785260586573e-01	   7.4177545158241365e-01	   7.7465653500252951e-01	   8.5822062482554440e-01	   8.5398260563896522e-01	   9.5732786821943050e-01	   9.7623008608118655e-01	   1.0085312846593102e+00	   9.3993098034030342e-01	   7.5969247619036806e-01	   5.8617710143282731e-01	   5.8970200383829752e-01	   5.5443741178861461e-01	   2.2624105104820694e-01	   2.1956035873648033e-01	   4.3779067798118154e-01	   7.1876989239380051e-01	   6.9320727779533131e-01	   1.1907832327411678e+00	   4.4348616809092539e-01	   6.3261629584831125e-01	   5.8461750432969384e-01	   7.6467033777738369e-01	   5.4237742873705275e-01	   6.2037529650084400e-01	   5.4817971161493084e-01	   8.1767712179375773e-01	   3.9799583425027657e-01	   3.3803965417739823e-01	   5.2695828102304754e-01	   5.4134631881461792e-01	   4.8319070373585837e-01	   5.3812284842153635e-01	   3.8242039442609310e-01	   5.5538537529542142e-01	   3.6365145318945041e-01	   4.8651700916550567e-01	   5.6368248106587149e-01	   6.3601730638158949e-01	   8.4523847941395425e-01	   6.5994505818166282e-01	   7.6523235554484481e-01	   9.2560441741253863e-01	   2.5127656240712420e-01	   2.2861585019866962e-01	   4.4017635631085228e-01	   1.0331671290053155e+00	   1.0169623579247959e+00	   8.4476241832049759e-01	   8.1499549464926302e-01	   7.1842562865340798e-01	  -1.0119589026072173e-01	   1.7712108394623638e-01	   5.4849922341050017e-01	   5.1524523734808869e-01	   8.6976378590129277e-01	   7.9361457440559324e-01	   6.5495926483621947e-01	   8.4255046112828613e-01	   6.3465980864649207e-01	   6.2649092760530745e-01	   4.9124440914633577e-01	   2.5629345661547853e-01	   3.2609708193627979e-01	   3.6953315858261282e-01	  -1.7248138697958358e-03	   4.0042432017971913e-01	   8.2239165782079426e-01	   9.3906577500926169e-01	   7.4717475254246557e-01	   8.9329580138248366e-01	   4.4397643836192141e-01	  -1.0030352245413607e-01	
   4.6348638629107897e-01	   3.4624130316580676e-01	   7.2227894944829329e-01	   5.3425714170617544e-01	   8.4696107001729737e-01	   7.3209254428744841e-01	   9.3691962319552924e-01	   8.6961500780996626e-01	   0.0000000000000000e+00	   8.1357074685927444e-01	   8.4744880959123303e-01	   8.9063379594514380e-01	   9.9944345062093387e-01	   7.7178772495159376e-01	   1.0205593963759709e+00	   6.1045581536905269e-01	   1.3641805255192366e-01	   2.3864006760418502e-01	   4.3233428956738584e-01	   3.7956005821160099e-01	   2.5587943769589194e-01	   2.1258088121874491e-01	   4.7206155021132656e-01	   2.7501187634357271e-01	   3.4908670186109832e-02	   1.0979008130578520e-01	   1.2802764338101072e-01	   2.9671144930430071e-01	   5.5005889071952030e-01	   5.1850297332182382e-01	   2.7432520083257611e-01	   2.7607054616210458e-01	   4.1223415708984579e-01	   5.0137070759676583e-01	  -1.2365038217520216e-01	   6.7310010716404398e-02	  -1.4389993157548758e-01	   1.0075820757970877e-01	   7.6250659310642829e-02	   1.0792444156873791e-01	   1.7916580663317005e-01	   1.3615719850651262e-01	   3.9936090339886221e-01	   3.6084586479371983e-01	   3.3358287240165568e-01	   3.8114857035030014e-01	   4.2979779632829074e-01	   4.3887697642411344e-01	   6.6551408462604167e-01	   6.5261218342243354e-01	   5.4404076662391321e-01	   5.1278128284570923e-01	   4.7119100574900480e-01	   3.2070748537689303e-01	   2.8735572055280245e-01	   2.7391939745691990e-01	  -1.8354205918930923e-02	   8.8576491054584722e-03	   6.4060271153046511e-01	   5.7114260294030161e-01	   8.6107778716932115e-01	   6.1883224778003298e-01	   4.8052636009104949e-01	   6.9823087903197067e-01	   3.4469718658231419e-01	   1.7768067827010700e-01	   2.7153551533806819e-01	   2.1923056689262388e-01	   4.0070444222849444e-01	   6.1484522830331645e-01	   1.2583500000958861e-01	   2.6139407831897585e-02	   3.1026718297212252e-01	   2.9632746733290355e-01	   2.5070867090382587e-01	   1.6073431396800178e-01	   1.1727164331416248e-01	   1.8216809337090023e-01	   2.5277497204791520e-02	   1.9805659719728594e-01	   3.3459711894615268e-01	   5.1595159004091229e-01	   5.7705491934417152e-01	   3.2667995349187340e-01	   4.9734564667292225e-01	   4.5897937948834960e-01	   9.9092333703524160e-02	   4.1739432069178392e-02	   2.0377809462045751e-01	   5.0657110528040006e-01	   5.9986179698818354e-01	   7.7378402039964356e-01	   5.8501656379551581e-01	   8.3700192223514103e-01	   1.7376842389185837e-01	   1.8950840545743022e-01	   3.4581763658358161e-01	   3.6818839933824116e-01	   4.5562756542811861e-01	   4.3837622469687187e-01	   5.1952590484911454e-01	   8.9215427192825392e-01	   6.3047521046217958e-01	   5.3447959533006184e-01	   4.5354443299710678e-01	   3.7818804907107390e-01	   3.7066595959162141e-01	   3.6708390136603758e-01	   1.7477648946608862e-01	   4.4972232086363884e-01	   4.5129806165389386e-01	   5.2113920251222745e-01	   4.6757961403726123e-01	   6.4769246142550074e-01	   3.8553800418695794e-01	   1.5070423909583588e-02	
   4.1167185136712287e-01	   4.1062773630564359e-01	   5.8972250747819444e-01	   7.1392459311104473e-01	   7.9757322204895797e-01	   1.2823956430460099e+00	   6.2415916257637172e-01	   1.0508869721063596e+00	   8.1357074685927444e-01	   0.0000000000000000e+00	   6.7051442239543413e-01	   7.0943618898126826e-01	   6.9323144613641563e-01	   6.7572102536273249e-01	   8.6824432748499891e-01	   7.5353492655278353e-01	   2.3010793876518637e-01	   2.5028407797847346e-01	   3.9447786788331429e-01	   3.8503661312454074e-01	   4.8719545787258300e-01	   4.8501992039134972e-01	   4.6141645857258934e-01	   4.3247383078632179e-01	   2.9553987283939459e-01	   4.3591268134930122e-01	   3.9160257131106513e-01	   6.3089726150382908e-01	   3.8147559384248086e-01	   4.8865518362962096e-01	   5.2382866844443887e-01	   5.4879992385127219e-01	   5.3538667089206560e-01	   6.2094407109102945e-01	   1.0307107172263795e-01	   3.4069060685580810e-01	   5.8323315222196775e-02	   3.6045508754206135e-01	   2.1118284626893977e-01	   2.6490982924268835e-01	   2.6542944146272962e-01	   2.5224098214973345e-01	   5.8961138583187600e-01	   5.5665846498851668e-01	   6.0093166943343945e-01	   5.9391417869573360e-01	   6.2109342732154804e-01	   6.4799802510225624e-01	   8.2368792087934239e-01	   7.9907152742565035e-01	   6.8772479436064093e-01	   7.7065145839812277e-01	   5.8770229447138800e-01	   5.0762240463984365e-01	   4.2001216772676064e-01	   4.3341718279131675e-01	   8.6002642525184719e-02	   1.1003911976538264e-01	   2.9578988536920969e-01	   6.2990099656867826e-01	   4.3215631793768983e-01	   9.0281635956986772e-01	   2.3408204066276644e-01	   4.7432828643512370e-01	   4.5486355488972280e-01	   4.7643248920761805e-01	   3.3288110752955574e-01	   4.3429509453345810e-01	   5.5633916367834257e-01	   5.8157407473458800e-01	   2.9336621326012768e-01	   1.9454966559287257e-01	   3.1976851464964001e-01	   4.0435283942482531e-01	   2.2818368774400422e-01	   3.5669127354484687e-01	   1.9899778761674822e-01	   3.0389493613132779e-01	   2.6354415758977751e-01	   3.8781057604708880e-01	   3.5213243714489384e-01	   4.6438616540021893e-01	   4.6403372818756716e-01	   2.7474290279761548e-01	   5.9005863595014718e-01	   6.0148023330142386e-01	   2.9594117926358784e-02	  -2.3455455396430271e-02	   4.0742265402117189e-01	   7.9651993768297480e-01	   7.4364937034308409e-01	   5.6115967018493729e-01	   7.3932278514172667e-01	   5.6025242553956622e-01	   7.0836783436862769e-02	   2.1602311840979663e-01	   5.0769632898025330e-01	   5.8341374079333241e-01	   6.6654483946203069e-01	   6.0661968000371536e-01	   6.4161565405541554e-01	   6.6349046209184137e-01	   4.6189883749283078e-01	   4.0750488150024805e-01	   4.7210362664387029e-01	   3.6630521014864764e-01	   3.3615184333150883e-01	   3.1712662473611042e-01	   6.1663987250258123e-02	   4.9114132627701873e-01	   6.1561867188695252e-01	   6.1158331639078334e-01	   5.4499564201978046e-01	   8.0990180119742716e-01	   4.1287148829542952e-01	   2.3430447435824933e-01	
   9.0259219474420949e-01	   7.6914083847249937e-01	   1.0053464200496309e+00	   6.7738008971489760e-01	   8.0775259959256207e-01	   7.6210515807691714e-01	   9.7024089732856655e-01	   8.9406002264553308e-01	   8.4744880959123303e-01	   6.7051442239543413e-01	   0.0000000000000000e+00	   1.2807480879827200e+00	   1.7151527409208027e+00	   1.0802302739431979e+00	   1.4620330274962738e+00	   8.4141512335260282e-01	   6.0472702070850715e-01	   5.4122792045711354e-01	   9.9040731207900401e-01	   8.9182668502046325e-01	   5.8537579947495066e-01	   4.3241262228471916e-01	   8.2086604424736576e-01	   4.8642977198184911e-01	   2.0159631346017959e-01	   3.1901532043326708e-01	   3.6198355902688767e-01	   4.8039766515018761e-01	   8.5516668549244701e-01	   8.8191846518309169e-01	   6.2499177366331971e-01	   6.5835796132071056e-01	   6.9805995771278495e-01	   7.5955505209472118e-01	   7.6972939568246287e-02	   2.0164863743827402e-01	   1.3063253319846121e-01	   3.3855851078187998e-01	   2.8797657114090702e-01	   3.2810290459494024e-01	   4.1585404836612255e-01	   5.3163041464370486e-01	   6.6554189259204333e-01	   6.3320805575699257e-01	   4.7921662843976376e-01	   4.7936060523615603e-01	   7.1832777092296896e-01	   7.3690887508924408e-01	   6.3424235927285955e-01	   6.2163139652644994e-01	   6.9138124902083320e-01	   5.5108688764939107e-01	   7.3242173979957625e-01	   6.5935370841653973e-01	   5.4815773832600501e-01	   4.7372026458989658e-01	   2.7544530500548747e-01	   2.6373117308873617e-01	   3.6891049107777735e-01	   4.3876413043433771e-01	   8.4236019654815619e-01	   6.0744912800344619e-01	   7.2646663021088431e-01	   8.7253151990013655e-01	   8.4577664312530310e-01	   3.5093439750433297e-01	   2.4219551899263059e-01	   1.7981511815406662e-01	   5.4539329881041032e-01	   6.4031515745670020e-01	   4.6251636701598142e-01	   4.2802659904613660e-01	   7.1223214444530014e-01	   7.6641540706246192e-01	   7.3275442984909422e-01	   6.1689366429200143e-01	   4.2164291660607356e-01	   4.8175504591283735e-01	   5.0144280211294689e-01	   5.0374207987055064e-01	   6.5543760476786517e-01	   8.6589959355551005e-01	   9.4089146462743445e-01	   6.9178242363814046e-01	   1.0413139250321424e+00	   8.7656011283216195e-01	   4.5142758685852064e-01	   4.0146449650741783e-01	   5.5924562384380394e-01	   6.1131386316349623e-01	   6.9313013699225623e-01	   7.5483632080038132e-01	   5.7706968922680679e-01	   7.0704102847195016e-01	  -5.3943441592178919e-02	   1.1042445766372835e-01	   5.8147772963408340e-01	   4.6427141781600645e-01	   7.1788251497095912e-01	   8.0669633013289888e-01	   5.4593311264323552e-01	   8.2675949740663301e-01	   5.0162743456739289e-01	   6.3290244314340238e-01	   4.8086480812780974e-01	   3.6025113381651291e-01	   4.1822519364569077e-01	   4.6337723779086004e-01	   2.7168965634917436e-01	   3.9689060789087660e-01	   8.4639465250409307e-01	   9.0404656600714506e-01	   9.2608320673353606e-01	   1.0861968601106819e+00	   7.3156320486784032e-01	   2.1098372231126306e-01	
   8.3460367648848000e-01	   7.1131661017872194e-01	   7.1574800447840969e-01	   6.7101449725252305e-01	   8.1864535020328777e-01	   8.2090483619751631e-01	   8.6383838447207517e-01	   1.0524899317345624e+00	   8.9063379594514380e-01	   7.0943618898126826e-01	   1.2807480879827200e+00	   0.0000000000000000e+00	   1.1527452876376449e+00	   1.3143078381671289e+00	   1.2388386273610690e+00	   9.8644018236661468e-01	   5.6033540489299105e-01	   6.2404444260900371e-01	   8.2611111854904540e-01	   7.5310745810012403e-01	   4.8548238704634650e-01	   4.3299424995213620e-01	   5.5859119306879801e-01	   3.8399155597549312e-01	   6.9583242632242887e-02	   2.1076751721449183e-01	   2.5944996715231766e-01	   5.1865877170505015e-01	   9.2222012157664746e-01	   9.4262622623125103e-01	   5.0585022534530300e-01	   6.1276989335950249e-01	   6.5088429012821158e-01	   7.6389272172672040e-01	  -1.5573099737174670e-01	   1.3172927795631148e-01	   1.1970559370667083e-02	   2.7403666818775452e-01	   1.7793365551303875e-01	   2.7911747542528609e-01	   3.8815404147765603e-01	   5.5588562587040269e-01	   6.4540832467288389e-01	   6.1359675603542529e-01	   5.3930844515086118e-01	   5.8057542239806870e-01	   7.2210644056504025e-01	   7.2192793485832696e-01	   7.5228147611761753e-01	   7.5379844959798070e-01	   7.1034593008271218e-01	   6.2343984136151920e-01	   7.2621683367637335e-01	   6.1079441910738441e-01	   4.9112807891473265e-01	   4.9059530366258963e-01	   3.5954486754714970e-01	   3.1371617456404621e-01	   3.6446597940082731e-01	   5.2014973325313374e-01	   7.5838188127226713e-01	   7.7476079782933904e-01	   7.1115031793999361e-01	   1.0217039355045234e+00	   5.3158710593500880e-01	   3.4832854660418078e-01	   2.2668742675264458e-01	   2.0687327994771074e-01	   5.7624485620662436e-01	   7.0930006160447578e-01	   3.2263301134029110e-01	   3.4704216807199728e-01	   6.1743138409553067e-01	   6.4888514398903885e-01	   5.7809363738578368e-01	   5.3692878462987770e-01	   4.2095209207904499e-01	   5.7021721957721405e-01	   4.5361062735458607e-01	   5.7478459880393551e-01	   7.8862781633726320e-01	   9.0895608797226979e-01	   9.9039636880374216e-01	   8.1227637559904509e-01	   9.2042209038444223e-01	   9.4224794485488084e-01	   3.8596194488387103e-01	   3.3270488280660310e-01	   3.7249264510144275e-01	   6.9396762657518807e-01	   6.8247230128797032e-01	   5.7908370962280231e-01	   5.1763791004316628e-01	   5.0492819993946769e-01	  -8.9089332253599926e-02	   1.0911538039219019e-01	   4.8380637101175467e-01	   3.5170048564188156e-01	   7.1620340905100266e-01	   7.0094642667522378e-01	   5.0827968156012604e-01	   6.2817246647665870e-01	   5.0106093451427391e-01	   6.3183238779020034e-01	   4.0839102218632362e-01	   2.4678295403021305e-01	   2.3964899472036807e-01	   4.8684673717723986e-01	   1.4457556507519873e-01	   4.9657393497788049e-01	   7.0058311087109815e-01	   8.5375970168233262e-01	   7.7654256528807841e-01	   7.7811325611819804e-01	   4.8595787245062150e-01	  -9.8439854317316673e-03	
   8.0232761390938168e-01	   7.0605724235405776e-01	   9.6564879419845362e-01	   6.2831685118219804e-01	   8.0347649749445960e-01	   6.8270316827115873e-01	   9.4836886339313176e-01	   8.7130645221270375e-01	   9.9944345062093387e-01	   6.9323144613641563e-01	   1.7151527409208027e+00	   1.1527452876376449e+00	   0.0000000000000000e+00	   1.2100828880771834e+00	   1.4316761751153380e+00	   7.7991677177779550e-01	   4.3471232150185851e-01	   3.9127951295695684e-01	   8.0933453453280235e-01	   7.4040352390142661e-01	   4.9279028479932507e-01	   3.2077131569212386e-01	   8.1488211346220618e-01	   4.9208926573086509e-01	   1.8312816549826147e-01	   2.6158085568278527e-01	   3.7412255900494312e-01	   4.2177544162147207e-01	   6.6600487578324752e-01	   6.7952422324509254e-01	   4.9415548489160022e-01	   5.2517155631558998e-01	   5.7347509408661068e-01	   6.6309577861408331e-01	   6.5661939191600474e-02	   2.1668401872818377e-01	   9.8880701302686710e-02	   3.3368521425116221e-01	   2.6986734061064799e-01	   3.0739605200143938e-01	   3.0333294580849102e-01	   4.3158956160615614e-01	   5.5728115890519092e-01	   5.3203700271294974e-01	   4.1502526573999227e-01	   4.5009389086563018e-01	   6.3841595119675965e-01	   6.4952814314694285e-01	   6.6801117270920984e-01	   6.7738765448500649e-01	   6.9425684323391434e-01	   6.1218420857522804e-01	   7.8427483825721167e-01	   6.9570458469383545e-01	   5.5188264048501678e-01	   5.0475865948207910e-01	   2.2509951836924513e-01	   2.5942905801938793e-01	   4.7656307112974039e-01	   5.7028680555636269e-01	   8.4155122961372542e-01	   6.2268543231657136e-01	   5.3604036487571205e-01	   7.3920564516276233e-01	   7.2923945616413355e-01	   2.9520530971151160e-01	   2.6844673793969986e-01	   2.2870425881841905e-01	   5.9843234643486887e-01	   6.7503812704094790e-01	   3.1347664216248861e-01	   2.4051607715610623e-01	   5.4491498092165724e-01	   5.6463161148616736e-01	   5.4950855906484963e-01	   4.3692077594869372e-01	   2.7988551895326880e-01	   3.4628338176325779e-01	   3.0885610038216649e-01	   3.4841521735895664e-01	   5.1387102337950996e-01	   7.2765556151704125e-01	   8.0868860294153166e-01	   4.9680443974623323e-01	   9.5827826027407836e-01	   7.9613630607872521e-01	   4.1546183801014613e-01	   2.7117198129597886e-01	   5.3978390983866376e-01	   6.5348226457175473e-01	   6.9094465089446666e-01	   7.6596788007369088e-01	   5.7895383058634642e-01	   7.5106011251823634e-01	  -1.3973850710109979e-02	   1.8648928126018252e-01	   5.2996494697703689e-01	   4.8769571507832843e-01	   6.4874572484412807e-01	   7.0791494944938183e-01	   6.1205052140644733e-01	   7.9530588868731644e-01	   5.5019349044260746e-01	   5.8360101432782685e-01	   5.5764618969102808e-01	   3.7505793724349168e-01	   4.3528622418999480e-01	   5.0212534939481202e-01	   3.6273240436347953e-01	   4.2520344731730925e-01	   7.0971457883840261e-01	   7.6367139286208663e-01	   7.4187286488803383e-01	   9.7544338061686553e-01	   6.8268027606832837e-01	   1.6210302996216633e-01	
