   0.0000000000000000e+00	   1.1622717757037428e+00	   3.7056913075925985e-01	   6.0463757523549733e-01	   2.3735884511447497e-01	   6.0169651170959004e-01	   4.2636523376265745e-01	   6.1109562359762326e-01	   1.6621921552036087e-01	   3.9394803902108161e-01	   1.1241072000110228e+00	   9.2798725714389652e-01	   9.9998545745054945e-01	   8.3786202671249876e-01	   8.1191900301158548e-01	   7.2927699493846787e-01	   5.3659273782411321e-01	   6.6712824090422629e-01	   1.1619506455595259e+00	   1.0843540803025569e+00	   2.3001952018741334e-01	   4.9811895986949506e-01	   4.1999640523865356e-01	   4.6878801033188255e-01	   2.9237783864585681e-01	   3.5216326109141577e-01	   5.0216171741833793e-01	   6.3834750674845375e-01	   5.3950396336879514e-01	   4.9230720364637770e-01	   2.5839172986631348e-01	   2.6236636874907343e-01	   6.6572671212362178e-01	   7.1124574368671745e-01	   4.0824392023327588e-01	   3.8199123501624532e-01	   5.8076467270123233e-01	   5.5596908152019786e-01	   6.3524116331310121e-01	   3.7903981059420244e-01	   7.2416245791665268e-01	   5.7953929614490707e-01	   4.8808818144306881e-01	   4.7851485213052058e-01	   2.6390966395493665e-01	   3.0688159932278664e-01	   5.7491407711558407e-01	   6.1383875953281597e-01	   4.5024016515936610e-01	   4.8557027154594645e-01	   9.0988492216895089e-01	   6.8859089830476217e-01	   8.5912983097673379e-01	   7.6942525471768131e-01	   8.7883020538813772e-01	   7.3041342214670535e-01	   1.0160814849867592e+00	   8.3074816136237262e-01	   5.2009125364774744e-01	   3.6561080480256947e-01	   1.0819327642911281e+00	   3.7205908440385654e-01	   6.1444525313232046e-01	   5.4402966541453035e-01	   2.9949157043571722e-01	   3.4738112379483199e-01	   3.4639635573576838e-01	   3.6675871191800197e-01	   8.6679408233844413e-01	   7.9311465460710096e-01	   3.9291119730819629e-01	   5.9234706300194151e-01	   7.8921468181659893e-01	   8.4028431572324680e-01	   8.5213731510621582e-01	   8.4432073526434670e-01	   8.2672055752715323e-01	   6.8172699592826225e-01	   3.8882838111037415e-01	   5.9150586701940611e-01	   5.9508202152355261e-01	   7.1488147570233107e-01	   7.6545118851533145e-01	   5.4932771897321475e-01	   4.1831866516772986e-01	   5.2172514225573408e-01	   6.6571106340883612e-01	   4.5021670553064913e-01	   8.3807020691788592e-01	   8.9421786932806280e-01	   7.7751765312122889e-01	   3.7382553110999739e-01	   5.6484819806432274e-01	   4.5131563432973698e-01	   1.8987863045983042e-01	   1.7704743638027295e-01	   7.8874466879368088e-01	   6.9611938325529332e-01	   9.3758273070284170e-01	   1.0533284652115433e+00	   5.8234337480983589e-01	   6.4209101405224922e-01	   7.7267241384682728e-01	   6.4213075642486794e-01	   6.5787056319539639e-01	   5.4772134289555208e-01	   2.9998667347055158e-01	   9.4088202740420401e-01	   1.8021291056242114e-01	   5.1155163692624928e-01	   7.7807697491772176e-01	   8.8237056396449254e-01	   7.8542827451443697e-01	   8.1241483071409337e-01	   5.1950191551179936e-01	  -5.5584663307384749e-02	
   1.1622717757037428e+00	   0.0000000000000000e+00	   1.5091604302076381e-01	   5.7489548237576460e-01	   1.6709767931674857e-01	   5.2950464348437198e-01	   1.3877396850043291e-01	   6.4412379375593798e-01	   1.7040146762025943e-01	   3.2241167585999914e-01	   6.3337021512989300e-01	   1.2358080119008610e+00	   6.4652374314816430e-01	   9.5940668725106293e-01	   4.9986778600755455e-01	   5.4513352056825537e-01	   5.0928442978030608e-01	   7.0276374564187338e-01	   8.2932768408722557e-01	   1.1285149034510618e+00	   1.6398457174871653e-01	   3.1535934645595282e-01	   2.5856390539530849e-01	   3.6676910057721640e-01	   2.5088335189943811e-01	   3.2402084574680318e-01	   3.7642776230369840e-01	   5.2643578586267625e-01	   5.1155025401540755e-01	   4.8650360554479699e-01	   2.7175896326935567e-01	   2.3197202318234389e-01	   6.1946476203693956e-01	   8.0949593338160275e-01	   2.7492463501427522e-01	   3.4937049900367395e-01	   4.9592729904357064e-01	   5.8159744663247581e-01	   6.2114217925780224e-01	   3.8459678521515250e-01	   7.0715123919461809e-01	   5.4758262803048297e-01	   3.4910815859694727e-01	   3.6635382441784536e-01	   1.3594668980390820e-01	   2.5487550548029853e-01	   4.3167576844011563e-01	   4.9402075746162000e-01	   2.9564578904264610e-01	   5.0549315981798815e-01	   6.2611786663247482e-01	   6.0169408500576060e-01	   7.7262008412210137e-01	   7.0559010911371711e-01	   7.0182897243991693e-01	   7.1997537378562459e-01	   1.1329248347515291e+00	   1.1559173530834475e+00	   4.5221696355382590e-01	   4.7694151855608358e-01	   9.4576000290945472e-01	   6.7181999874411913e-01	   7.4127351218535031e-01	   7.1491864209615230e-01	   1.2958446941911533e-01	   2.7359822846735604e-01	   1.6481392015844812e-01	   3.1805727756298607e-01	   7.0322056064275396e-01	   7.5346901286856749e-01	   1.6368973330071562e-01	   4.5115883137550844e-01	   7.0823732346762636e-01	   8.9501829891280393e-01	   7.6239511221583001e-01	   9.4030625574361326e-01	   6.0686793418192420e-01	   7.3389265185126173e-01	   2.9058952658695897e-01	   4.5927957533172076e-01	   5.2309257174522839e-01	   6.4462435349103508e-01	   5.8564627816823256e-01	   5.8031705231976327e-01	   2.6036372550755554e-01	   4.1266672063536591e-01	   5.1722163222251849e-01	   3.8982855711292924e-01	   5.1412128438491844e-01	   7.7379125846071573e-01	   6.5832607244741359e-01	   1.3044624424929332e-01	   4.8739242020941348e-01	   1.7138477806126029e-01	   1.7254562070512869e-01	   3.8621060009543969e-02	   6.1899043390826436e-01	   5.4894729533503528e-01	   8.3868589334468047e-01	   8.6025692957320343e-01	   5.8961975454668047e-01	   4.3534307310228570e-01	   7.6384641780882068e-01	   5.9979376255366379e-01	   5.7526741312910479e-01	   5.0562745824326338e-01	   2.5504281387558514e-01	   8.3656998013334738e-01	   5.2291059497031117e-03	   4.3496551907290359e-01	   5.8440248865687283e-01	   7.3176641249906782e-01	   6.8302330551185608e-01	   6.9246264948908032e-01	   3.8677606657624181e-01	  -8.2718677135939417e-02	
   3.7056913075925985e-01	   1.5091604302076381e-01	   0.0000000000000000e+00	   4.4046150491319785e-01	   5.3044167257217067e-01	   3.1220967329193405e-01	   9.4222307026286301e-01	   2.6322817208327437e-01	   2.6371614039160046e-01	   2.4002676190345865e-01	   4.0991669765065297e-01	   8.1976064440365579e-02	   4.7714444642984344e-01	   4.9859099787519436e-02	   9.0071836012102380e-01	   3.7024255312340343e-01	  -3.0977652202120287e-01	  -2.8798121749697270e-01	   6.3908625482714199e-01	   4.4340115089034665e-01	   9.7830981531922823e-02	   2.0866026138943197e-01	   1.2679575454024510e+00	   8.3543578509847127e-01	   4.9863435318657601e-01	   2.8790059635240944e-01	   7.8381614161508828e-01	   4.2001726547607565e-01	  -4.3874601572712758e-02	  -1.4968963459028678e-01	   2.6441447839414534e-01	   1.9309862153547699e-01	   2.4879860472367127e-01	   1.0804817313905556e-01	   7.5799314980365839e-01	   3.5388232358168631e-01	   2.7373724980156877e-01	   9.3694226623578070e-02	   3.8561619433708905e-01	   6.7433732405686356e-02	   1.9604404300884395e-01	   6.2112720518747430e-02	   2.3374093403472468e-01	   1.9956845894624692e-01	   2.2740100495751564e-01	   1.2296582785798904e-01	   2.0473355560337064e-01	   1.7708547717945794e-01	   4.3172126074604833e-01	   4.3490487925007337e-01	   5.4560601597136116e-01	   5.0780302457667725e-01	   4.0301462222722539e-01	   5.3216118255817402e-01	   3.9404050566483861e-01	   2.4283037812144548e-01	   2.6614535479199952e-02	   1.0212994778573750e-01	   7.2614287155256896e-01	   6.2307346833346910e-01	   4.1944875168975043e-01	   3.0917701393033636e-01	  -1.4311427061899340e-01	   1.7855987698989120e-02	   9.0237209021425269e-01	   4.9793249214117163e-01	   6.3385814850934930e-01	   3.8245847278236833e-01	   7.2284165113343490e-01	   7.2794762700142268e-01	   7.8572715474330723e-01	   5.6218259046040475e-01	   3.2819561961603921e-01	   1.1684953787411632e-01	   4.4715142549127673e-01	   1.7518886963528144e-01	   4.5051184768388752e-01	   3.0076900176587773e-01	  -2.1046935659859436e-01	  -1.9452048048271589e-01	  -1.3491407853254461e-01	  -2.4260848285653398e-03	   3.3171957492873289e-01	   1.4680795300723967e-01	   8.0652484588945894e-01	   4.2041244646572468e-01	   5.7921793251952791e-01	   2.5065355126759892e-01	   9.5879498326013723e-01	   7.3650299967505106e-01	   3.4273746866963117e-01	   9.7143135173004347e-01	   4.1258796577067403e-01	   1.2564218333802684e+00	   2.1369469439208172e-02	  -1.5590629079732327e-01	   3.3215777632687937e-01	   1.8788212681439787e-01	   2.3125180178261834e-01	   3.1654672792956823e-01	   3.0130933750102212e-01	   4.6419798453814481e-01	   2.4611592569029250e-01	   2.3396616545238896e-01	   2.3744699073310149e-01	   2.7854448447022195e-01	   3.5824734085639143e-01	   3.7385628784234448e-01	  -1.8381993611915778e-02	   2.4032683153064527e-01	   2.7539622999099617e-01	   3.6199889420670611e-01	   4.8046330218185951e-01	   2.6169280296798297e-01	   2.6146563768251008e-01	  -9.7544609637979340e-02	
   6.0463757523549733e-01	   5.7489548237576460e-01	   4.4046150491319785e-01	   0.0000000000000000e+00	   5.2196834246945412e-01	   1.0166934877015219e+00	   5.4733042120715358e-01	   1.0881648010761078e+00	   3.6652683914380219e-01	   6.3219425054999634e-01	   4.5716037349187555e-01	   6.2443308509400253e-01	   6.0123588631773262e-01	   5.5317256550719041e-01	   6.2164288592944450e-01	   5.2030964392871182e-01	   2.1877112010177913e-01	   3.0561110022927640e-01	   6.3665349151320849e-01	   8.0274956105655004e-01	   3.9631300934549690e-01	   6.7611439527173456e-01	   4.7696078748692428e-01	   7.2590490071990177e-01	   6.0757563319520125e-01	   7.9619529205275241e-01	   4.5139969295794946e-01	   7.5064953701850679e-01	   3.4576293949464409e-01	   3.1944407012462123e-01	   5.3353533770934247e-01	   6.3334582639337034e-01	   7.5002813492206066e-01	   8.3794051856071405e-01	   5.9366341224412655e-01	   6.2069773717082966e-01	   4.1064330977693603e-01	   4.6562330402149871e-01	   6.0296425880150339e-01	   3.0933753966797445e-01	   7.1854912898584000e-01	   3.9584122127437865e-01	   3.6089498988053137e-01	   3.8781085516908453e-01	   2.3274291522196894e-01	   3.0574216266579934e-01	   4.0025819742502705e-01	   4.3282885890040457e-01	   3.1508154754587359e-01	   3.7970311280703894e-01	   5.9317349365308991e-01	   6.5854616503519847e-01	   5.9243093547655956e-01	   5.4054764055914495e-01	   5.9596316955832807e-01	   4.7449540937365348e-01	   4.5672707219825909e-01	   5.5395666762737994e-01	   4.7426885975272931e-01	   5.2001620510962132e-01	   6.7099612854914059e-01	   6.6307384607839259e-01	   3.7140683916200107e-01	   4.6938468209796952e-01	   3.7171073030392920e-01	   6.1164206350592110e-01	   5.3791006822126231e-01	   7.4668322073146909e-01	   7.6566954816218635e-01	   6.1978299754915667e-01	   3.8024796703298069e-01	   8.0709913760282048e-01	   6.6700645842667361e-01	   5.3728741681925296e-01	   6.7584755713165201e-01	   6.5482417566467455e-01	   6.5835488324870395e-01	   6.4667969136397530e-01	   1.5303649977671491e-01	   2.2408320089591688e-01	   2.2808295240324655e-01	   3.2627587375534245e-01	   3.9902398535986505e-01	   1.6777618520574933e-01	   3.4033652794995034e-01	   6.2840642675502334e-01	   3.6170661847537583e-01	   2.6521778439033605e-01	   6.5120870616362736e-01	   7.3506776642825422e-01	   7.5449168334008498e-01	   2.7381897622618334e-01	   7.0518390382117913e-01	   3.4763032386868808e-01	   2.7706485122378327e-01	   4.4957696548712948e-02	   6.1731968797823566e-01	   4.5139205775946589e-01	   5.2200199975599793e-01	   5.3272129044130057e-01	   6.0654685864431634e-01	   4.3634114480726144e-01	   6.6137176235525463e-01	   5.1558915107245673e-01	   5.1343415446194607e-01	   3.3710425816718276e-01	   3.3546763612049785e-01	   3.6183047271005953e-01	   2.7150807618819450e-01	   5.1678790289114085e-01	   4.8377907893616878e-01	   6.2242651356106304e-01	   5.6913558870021730e-01	   5.6274260498021422e-01	   2.6212170330577239e-01	  -7.4919310924776730e-02	
   2.3735884511447497e-01	   1.6709767931674857e-01	   5.3044167257217067e-01	   5.2196834246945412e-01	   0.0000000000000000e+00	   6.2356455073052786e-01	   6.3132032254840065e-01	   4.9967226347866323e-01	   1.5613306647935572e+00	   1.0537980800799396e+00	   2.3917283134554709e-01	   1.4788346879692152e-01	   5.4641628332162306e-01	   1.6264141866868104e-01	   4.6964103709930860e-01	  -5.7602315292855193e-02	  -3.1863807831118574e-01	  -2.6370507542108490e-01	   1.6766713003406708e-01	   1.9048342217350087e-01	   5.6721645984682834e-01	   3.6793813279170906e-01	   3.6507525297657245e-01	   2.4527530117217650e-01	   4.7677254687114567e-01	   3.2584740323755912e-01	   7.4651343105365098e-01	   7.2996219996587453e-01	  -2.3495950431264373e-01	  -2.8133380288016502e-01	   1.1809824556124082e-01	   1.9283633634454119e-02	   1.2911108005099106e-01	   9.1434938295486129e-02	   2.0346343687883731e-01	   8.1385652737058820e-02	  -2.8613569589187374e-02	  -1.6037643298435392e-01	   2.6634928250401063e-01	  -1.2101720257768080e-01	   7.4870354709570514e-02	  -1.6274600092948158e-01	   1.5441628301380514e-01	   1.5023585652678451e-01	   1.8729589870778746e-01	   1.1498374599035220e-01	   1.2558961770568869e-01	   1.5492881967768424e-01	   4.2240280458881008e-01	   4.5944357125466417e-01	   5.1241263307054341e-01	   5.5295893561748577e-01	   3.5403236018396950e-01	   4.0047595178942119e-01	   3.3536648621248361e-01	   2.8032361055146104e-01	  -8.3676799091635903e-02	  -1.1101578622266821e-02	   4.6960987204645438e-01	   4.3844998147037817e-01	   1.7426179326578695e-01	   2.5259068809498908e-01	  -1.4575459400238366e-01	  -7.1289189903982836e-02	   1.7470562281845278e-01	   2.0942845901458285e-01	   3.8590153261520665e-01	   3.0565508855375961e-01	   3.1138744871837803e-01	   2.7869404605282877e-01	   3.2858808823205071e-01	   2.1877983160514367e-01	  -9.2500936849763005e-03	  -1.5040369875705087e-01	   8.5951129185609168e-02	  -1.2495536411795016e-02	   1.4962176648152689e-01	   9.9927051619483412e-02	  -3.5927954171197618e-01	  -2.6768917697360628e-01	  -2.9384438549507091e-01	  -3.4785130598894476e-01	  -1.2781466695946284e-01	  -3.3504056874064364e-01	   1.5437035980319966e-02	  -4.9581712527792176e-03	   5.2943223811665614e-02	  -1.6928569289360740e-01	   3.5499981123787711e-01	   3.2784666120686251e-01	   3.1285241640130890e-01	   2.9860068978757587e-01	   3.4699085638863242e-01	   4.0616282616657523e-01	  -2.5640365658027425e-01	  -2.5502372030513931e-01	   2.0220980013592463e-01	   7.2813159474477945e-02	   1.6804637602229922e-01	   1.2457678112895433e-01	   3.6540093691658421e-01	   1.3153161415948353e-01	   2.9940821190417016e-01	   1.0963497273255321e-01	   1.0187812192987580e-01	   2.1935591860942025e-01	   2.7054958217819303e-01	   1.1584776436559091e-01	  -1.7962564588358340e-01	  -4.6168800453014108e-02	   4.5408410393555129e-02	   1.2149306534543872e-01	   1.5305244810690882e-01	   6.6655286407138040e-02	   9.5604646369947099e-03	  -1.7043360148615305e-01	
   6.0169651170959004e-01	   5.2950464348437198e-01	   3.1220967329193405e-01	   1.0166934877015219e+00	   6.2356455073052786e-01	   0.0000000000000000e+00	   5.1782172288313144e-01	   1.1633963442571409e+00	   3.9907680337456114e-01	   9.5682012168071828e-01	   5.4514737887991838e-01	   6.5153291296043025e-01	   7.1083876752084585e-01	   6.7046005828075783e-01	   5.4811990050281756e-01	   5.4275733221086842e-01	   2.5608757138378874e-01	   3.2727961092260438e-01	   5.3059780202659157e-01	   6.6533057826222541e-01	   4.9866486441958258e-01	   6.9038846891590477e-01	   4.8976078430761860e-01	   6.4243817789618307e-01	   5.8311250683837557e-01	   7.7635267168774569e-01	   5.5417299007942333e-01	   9.7190468382434481e-01	   3.8955870475010701e-01	   3.7606640628839078e-01	   5.0458479973229275e-01	   5.2456364409452005e-01	   6.6453525035141203e-01	   7.3167769967097263e-01	   5.0938807310998602e-01	   5.2421005515003594e-01	   3.3854422244318128e-01	   4.0871206126026122e-01	   6.0382020192556041e-01	   2.8562496544162569e-01	   6.5761339090725657e-01	   2.9875691772238128e-01	   4.6721950160540593e-01	   4.3732325577428655e-01	   3.8714808528029454e-01	   4.3597931819177582e-01	   4.8094303177888675e-01	   5.3988244207345626e-01	   4.8805925660105509e-01	   5.5648004076030877e-01	   6.7990054639096797e-01	   6.8064726677831866e-01	   5.8004935938264801e-01	   5.5273880176520684e-01	   5.5156194539252934e-01	   5.9977099819636237e-01	   3.8075182212400333e-01	   3.6822812411376221e-01	   5.4022103388650677e-01	   4.7722280076276408e-01	   5.3365550474035361e-01	   5.8635647021493653e-01	   2.6849953163360418e-01	   3.0765736924187553e-01	   4.3959049559690144e-01	   5.7719004295324894e-01	   5.2637403152019768e-01	   6.5011845155902570e-01	   5.8960574555397582e-01	   5.1676332341814268e-01	   4.6998210892584169e-01	   7.9215536960502153e-01	   5.8665361565327023e-01	   5.0496691514428771e-01	   6.0782954373381792e-01	   7.1279975905776394e-01	   6.5000067184822807e-01	   7.0199715966884213e-01	   2.5416365770072691e-01	   3.0752787797010556e-01	   3.2060275098675112e-01	   3.3627057253963821e-01	   3.3375243895115803e-01	   1.1314211399001653e-01	   2.3211480854676833e-01	   4.7111731349976604e-01	   2.9945936435823817e-01	   1.9315446586586868e-01	   5.6815546278252893e-01	   6.4431967381388444e-01	   7.8798269931433551e-01	   2.2453364729508488e-01	   9.4056918438324921e-01	   3.3952365155111663e-01	   6.1094681785229255e-02	   4.5461725478289652e-02	   5.1229604360540293e-01	   4.6314310237544293e-01	   6.2114540899720183e-01	   5.2536390035025082e-01	   7.6815649861992708e-01	   3.9180567186057047e-01	   6.9099929572955643e-01	   4.5831970339035571e-01	   3.7668567415012877e-01	   2.4434218068206878e-01	   4.2778333492203263e-01	   2.8408908040748398e-01	   1.5773500030458593e-01	   3.4362749014282029e-01	   4.3359758766162293e-01	   6.0890370239468017e-01	   6.3225694140129196e-01	   5.6907414732646289e-01	   1.9826018487314256e-01	  -2.0699915792660228e-01	
   4.2636523376265745e-01	   1.3877396850043291e-01	   9.4222307026286301e-01	   5.4733042120715358e-01	   6.3132032254840065e-01	   5.1782172288313144e-01	   0.0000000000000000e+00	   6.4484062302630263e-01	   4.3038866946656129e-01	   3.8251108068831718e-01	   5.0598507281930905e-01	   2.6700973692469088e-01	   8.3075809620951602e-01	   2.7965659686602873e-01	   6.7436013278355078e-01	   3.3095410909855288e-01	  -7.2699946879534183e-02	  -8.1773415911695485e-02	   5.2382323302675460e-01	   4.6893046295532181e-01	   1.5095339267989474e-01	   2.7390164161885383e-01	   6.2729289110475928e-01	   4.5687911164803696e-01	   2.7798704107531869e-01	   1.7991244152648397e-01	   4.1774231205908524e-01	   3.6420812325800517e-01	   1.8747604742190521e-01	   9.5108807339684479e-02	   2.1661198218978930e-01	   1.5215753727140166e-01	   4.3200978801568607e-01	   2.9523110317527046e-01	   4.9354882443405379e-01	   2.2302400448240958e-01	   1.4885187325303972e-01	  -2.9579703944464377e-02	   2.4557226337976662e-01	  -3.9075770386930518e-02	   2.1798156262549293e-01	   1.4055403323104209e-02	   3.5389379400908477e-01	   2.6238330380768238e-01	   3.4969490375791545e-01	   2.2562601583041314e-01	   2.8261778711797081e-01	   2.9383777322814492e-01	   4.1591760664984212e-01	   3.6567702432734123e-01	   5.3748053071989832e-01	   3.8867825466380679e-01	   3.5511102167314290e-01	   3.9979043234355649e-01	   2.9139688741762604e-01	   1.3541773179254782e-01	   7.4248777184053635e-02	  -5.8095132377133055e-02	   4.1579631359991448e-01	   2.0022739262224257e-01	   4.1562543186449225e-01	   2.3197648870693444e-01	  -1.2225314471871637e-02	   3.5562269334873851e-02	   6.0330349408715056e-01	   2.9527451063040960e-01	   6.9535369458896490e-01	   3.5638458459996791e-01	   6.0872829188026734e-01	   4.2336425549130774e-01	   7.2887251125721386e-01	   6.5105766413391053e-01	   3.8652798760001872e-01	   1.7095450075379509e-01	   4.3327211589175468e-01	   2.1475668803869358e-01	   5.6820794998692881e-01	   3.9981949894344737e-01	  -3.1653905485277328e-02	  -1.1382408401284209e-02	   7.2260468065907135e-02	   5.1907673219226035e-02	   2.5252784137360407e-01	  -1.6556937739734812e-02	   2.8846961945732641e-01	   2.2924157093873110e-01	   1.6786654910102000e-01	   2.9491834303287463e-03	   6.2918001260454226e-01	   4.0536185005090081e-01	   6.6004807547746569e-01	   1.0724415348910912e+00	   6.5041792334503945e-01	   1.0703499774709788e+00	   1.0795452310682562e-02	  -1.1354071853271153e-01	   2.9226175897194828e-01	   1.3454878957879396e-01	   2.5455579584819693e-01	   4.0939954604100626e-01	   5.4639639716865440e-01	   6.0829092428407872e-01	   4.1952004477722804e-01	   3.8321865634495555e-01	   2.0149416265515624e-01	   2.3529184970979844e-01	   3.3089337849229178e-01	   2.5697386185446708e-01	   6.3044274642713283e-02	   1.7077987320235860e-01	   2.8317748326862957e-01	   3.9675813429110773e-01	   3.4393164885576011e-01	   1.9101777590426031e-01	   8.6559607008350511e-02	  -1.8783556372857918e-01	
   6.1109562359762326e-01	   6.4412379375593798e-01	   2.6322817208327437e-01	   1.0881648010761078e+00	   4.9967226347866323e-01	   1.1633963442571409e+00	   6.4484062302630263e-01	   0.0000000000000000e+00	   4.4275661709321701e-01	   6.7390003407439014e-01	   4.7796098023569766e-01	   9.0499827986461434e-01	   7.5193734860016892e-01	   9.2607387889259130e-01	   4.8604082446940794e-01	   5.9637125331277274e-01	   3.1269504852413699e-01	   4.0702431631041941e-01	   6.0151750335941800e-01	   8.5196384671381620e-01	   2.5890102234162932e-01	   3.7517737368238896e-01	   3.1109742378582489e-01	   5.0821967125271539e-01	   2.4855514324634242e-01	   4.3446643147306319e-01	   2.4935210869314667e-01	   5.5198715160166634e-01	   4.8173237464694640e-01	   4.9166086298362732e-01	   3.5735368680885543e-01	   3.9901367520583880e-01	   6.7237647948702783e-01	   8.1037839649504895e-01	   4.0104844801311668e-01	   4.0234562720988254e-01	   2.1751997704674522e-01	   3.0701413699427982e-01	   4.1945392647790458e-01	   2.3922868590411689e-01	   5.7726264823396245e-01	   2.5427972578768543e-01	   3.8282758622609792e-01	   3.0471733203489759e-01	   2.7086492390992589e-01	   3.3232032025531205e-01	   3.9663456275852627e-01	   4.3245580071424655e-01	   3.0202415299342528e-01	   4.1937100193766930e-01	   4.9488387010122836e-01	   5.4425549133897244e-01	   5.6386258258162647e-01	   4.5925103110214316e-01	   4.3858876697201127e-01	   4.1149025508406389e-01	   4.8673061634041132e-01	   3.8958460819513940e-01	   3.3869804130085557e-01	   3.3704464052208616e-01	   5.9387607547042831e-01	   6.8694721490446164e-01	   4.0542808820200826e-01	   4.2826121771129083e-01	   2.9165615713718368e-01	   5.2722812093749016e-01	   4.0392941415654116e-01	   5.1427577773973665e-01	   6.0807960133256966e-01	   4.7428374698557019e-01	   2.7311966102953544e-01	   6.8715430542489930e-01	   5.9550843801901576e-01	   5.5031832394262181e-01	   5.8784467516349570e-01	   7.0242207611149088e-01	   5.9594329102849031e-01	   7.1750277749271940e-01	   2.5459286561857009e-01	   2.7974443167829838e-01	   3.6342021903950505e-01	   4.0377073963162302e-01	   3.6915048059702565e-01	   2.0782664402266440e-01	   1.3127209061733214e-01	   4.1873954322498602e-01	   1.3321652058235178e-01	   9.1549435938251683e-02	   3.8935774032686238e-01	   5.0467766094564326e-01	   1.0449187903564494e+00	   2.9539394109919898e-01	   9.8782858469621093e-01	   3.0791904377198143e-01	   1.6335745857484898e-01	   6.5753468083381726e-03	   4.2918205518509345e-01	   3.6173735508625893e-01	   5.5948897912380302e-01	   5.6881873939877736e-01	   8.0775152963828412e-01	   4.6282137659870604e-01	   7.4789676348176193e-01	   5.9372377285994837e-01	   3.7473530240900510e-01	   2.9557971803744792e-01	   4.0881087234228025e-01	   3.6077003125010909e-01	   1.4063509898093746e-01	   3.3383061183060364e-01	   3.8654306742412980e-01	   6.1906384318760377e-01	   5.4511235517575052e-01	   4.8780535310288753e-01	   9.8823336645898707e-02	  -2.5105999793924361e-01	
   1.6621921552036087e-01	   1.7040146762025943e-01	   2.6371614039160046e-01	   3.6652683914380219e-01	   1.5613306647935572e+00	   3.9907680337456114e-01	   4.3038866946656129e-01	   4.4275661709321701e-01	   0.0000000000000000e+00	   9.4501082127768998e-01	   1.1927381470624278e-01	   1.6972921353366549e-01	   4.4955269262580133e-01	   2.2108365682346862e-01	   2.7621653887680220e-01	  -1.7824916596381718e-01	  -3.0006261677279034e-01	  -2.3227351811168467e-01	   4.4977955027484216e-02	   8.6425699937006981e-02	   4.7650952136560121e-01	   2.1813333278739622e-01	   7.2165167871947017e-02	   2.8201130798170802e-02	   2.3372953972625646e-01	   1.2509228829866073e-01	   4.3278012414788464e-01	   4.7801759043811948e-01	  -3.1075050455116188e-01	  -2.9142486765740239e-01	  -6.8014841498564141e-02	  -1.3536185659635741e-01	  -2.3767278693254431e-03	   6.4909291835813857e-03	  -3.0494107781939547e-02	  -1.0210268465376396e-01	  -1.7481437019010615e-01	  -2.6162660799885151e-01	   1.0377443230951995e-01	  -1.9467087793965621e-01	  -2.8924956522636151e-02	  -2.5601150574732356e-01	  -3.4387309211688440e-03	  -1.6864451449307961e-03	   3.0049751752030630e-03	  -3.8864402180389369e-02	  -1.1824574584483712e-02	   2.0422488709810879e-02	   2.2093957245841900e-01	   2.8600317189556762e-01	   3.4792327089037300e-01	   3.7560544243031047e-01	   2.9055584464257528e-01	   3.0674453880537106e-01	   2.1738733042780739e-01	   1.6185588527073019e-01	  -9.4535260393480675e-02	  -3.0031170360157622e-02	   2.2685385888763815e-01	   2.7981861707152128e-01	   8.7268130065950453e-02	   1.9634165675099044e-01	  -1.0682279245237333e-01	  -5.3877715731304461e-02	  -8.0290377110196140e-02	   9.0606121187405950e-02	   1.3762244824751096e-01	   9.8172179964693865e-02	   1.2888893095308532e-01	   1.0029055531505048e-01	   8.9577048106637552e-02	   4.6869354584178666e-02	  -1.3581921925100759e-01	  -2.0444281423224081e-01	  -4.6073256307947681e-02	  -8.9625422591674303e-02	  -3.9277378123173577e-02	  -6.4903078662402552e-02	  -4.2556075404589805e-01	  -3.1911092294666998e-01	  -3.6810737028281221e-01	  -4.3749343831832077e-01	  -2.7051097832135318e-01	  -3.9214586725834893e-01	  -2.1574278912305908e-01	  -1.3439916448928024e-01	  -1.2924345569223367e-01	  -3.3683765300393109e-01	   1.3610736310089197e-01	   1.6103141155156278e-01	   2.2192856709600983e-01	   1.2561397084516954e-01	   2.2743453404717606e-01	   1.6972208813333151e-01	  -2.8611355057721388e-01	  -2.4958542782683013e-01	   6.1136885884806022e-02	  -5.8553678507671167e-02	   3.1703984880497013e-02	   5.6462767521080178e-03	   2.7245785448552451e-01	   1.1324822600234029e-02	   2.1715867098161332e-01	   3.0855975835614256e-02	   1.6572499975427108e-02	   1.6888549141976555e-01	   1.6919050793265650e-01	   7.1178168201234668e-02	  -2.7974391660718945e-01	  -1.7823802049656162e-01	  -1.1528111748425474e-01	  -2.0352100318919843e-02	   1.0159277206220764e-03	  -6.4014450028558739e-02	  -7.7678900906154646e-02	  -1.4452633642240659e-01	
   3.9394803902108161e-01	   3.2241167585999914e-01	   2.4002676190345865e-01	   6.3219425054999634e-01	   1.0537980800799396e+00	   9.5682012168071828e-01	   3.8251108068831718e-01	   6.7390003407439014e-01	   9.4501082127768998e-01	   0.0000000000000000e+00	   4.7068724938464546e-01	   3.2986533425687692e-01	   6.8259486000971870e-01	   4.1031351215111411e-01	   4.3686970573799278e-01	   1.5102670518317027e-01	   6.8819452325634238e-03	   5.8820581062435255e-02	   2.9088334719840953e-01	   3.1105361668376968e-01	   5.2407259598360723e-01	   4.3670349006686043e-01	   2.9901731391679137e-01	   3.5249561531683671e-01	   4.0459188159686621e-01	   4.4339566740701397e-01	   5.5426825821678771e-01	   7.7825204855991903e-01	  -3.8199712362521322e-02	  -3.0827008152080143e-02	   1.5325806819549753e-01	   1.3169299879853014e-01	   2.3737934765580915e-01	   2.3775788163534917e-01	   2.1972609936446946e-01	   1.9848573248429466e-01	   8.1805046205671514e-02	   8.7864985120700109e-02	   2.8269281874520030e-01	   2.6763525835925683e-02	   2.3795996515612827e-01	   6.0789642408855494e-03	   2.2836076756615342e-01	   2.0912836488316996e-01	   1.8732329014436183e-01	   1.6632493817264976e-01	   2.2334267901482871e-01	   2.5391565532798505e-01	   3.5186786582311175e-01	   3.9486250652765753e-01	   5.5570290677088519e-01	   5.6111795951906540e-01	   5.2512925724433823e-01	   4.9349282005321199e-01	   4.2639878535747544e-01	   4.1406638980286314e-01	   1.1839995892284856e-01	   1.9527351790316236e-01	   3.1342089641219006e-01	   3.8699002741317762e-01	   2.2452129415103222e-01	   2.4670797348492454e-01	   1.6157331249036039e-02	   6.5394413578997473e-02	   8.2511018947154222e-02	   2.5788684769114584e-01	   2.5298835084925281e-01	   2.9564350722480753e-01	   3.1717374300085782e-01	   2.7885798478249185e-01	   2.7688414836612840e-01	   2.9447268800845394e-01	   9.6576708913817436e-02	   9.4752867751213374e-02	   2.1804027359549533e-01	   2.5314885153570454e-01	   2.2624579073424725e-01	   2.5811515132333901e-01	  -4.0584991266241363e-02	   5.3092384585744980e-02	  -1.5558463948608561e-02	  -2.4775533867394509e-02	   1.3435260977326580e-02	  -2.0790738326005984e-01	   8.0576928689099440e-03	   1.3575600240928209e-01	   6.0992378433836217e-02	  -1.2311377135353598e-01	   3.7743456548749693e-01	   4.0570036708104207e-01	   5.0587949282419109e-01	   9.6162415252550329e-02	   4.8887192373293853e-01	   1.9307582319446817e-01	  -1.3912730669266796e-01	  -1.1315002366283289e-01	   2.6898263120988264e-01	   2.0688868076026531e-01	   3.6224504724508227e-01	   2.2343339236991716e-01	   4.8535734437891787e-01	   1.3592031282647188e-01	   3.8632782783655378e-01	   1.5158252268033939e-01	   1.6481471028223721e-01	   1.1746391407865363e-01	   3.1429378809973646e-01	   1.3072047164204703e-01	  -7.5281563556892014e-02	   5.4269017443475710e-02	   1.0395708662642686e-01	   2.7503312636162458e-01	   2.6549233162615138e-01	   1.9610229767653578e-01	   1.8936133870405963e-02	  -1.8149786981359234e-01	
   1.1241072000110228e+00	   6.3337021512989300e-01	   4.0991669765065297e-01	   4.5716037349187555e-01	   2.3917283134554709e-01	   5.4514737887991838e-01	   5.0598507281930905e-01	   4.7796098023569766e-01	   1.1927381470624278e-01	   4.7068724938464546e-01	   0.0000000000000000e+00	   6.6431070544524873e-01	   1.3742902635406051e+00	   6.6833085403850934e-01	   9.8140378157686547e-01	   6.8373399622782793e-01	   3.9381810943544743e-01	   4.5325832935468585e-01	   8.2858581591663971e-01	   6.8880990445550216e-01	   2.2828989705771863e-01	   4.2966595308074484e-01	   5.3009681402336284e-01	   4.7677209843567880e-01	   3.0982071727196869e-01	   2.9074692609254865e-01	   5.0594982090337459e-01	   5.4354077376478194e-01	   4.7611278336375512e-01	   3.9928817558890506e-01	   2.6692583703355199e-01	   2.5294402278053196e-01	   5.5848270143963452e-01	   5.1472455026779862e-01	   4.5561778160947364e-01	   3.5779866869411187e-01	   4.8194619659861382e-01	   4.5921543530106246e-01	   4.5081077465327046e-01	   3.0594017948339036e-01	   5.0396012006930824e-01	   4.6085040624457163e-01	   5.4604771404274333e-01	   5.1896434243988143e-01	   4.2571732602822687e-01	   3.7568003648942411e-01	   5.5171031494018330e-01	   5.6150734668259150e-01	   5.5055625955316523e-01	   5.2625389333228301e-01	   8.7875132370785514e-01	   6.2530225751793922e-01	   6.6180760968709340e-01	   6.3958436589497258e-01	   8.2107516218588183e-01	   6.7960802255141295e-01	   4.7540979242752257e-01	   3.9748037671629582e-01	   3.9238911452322400e-01	   2.1764179400933542e-01	   6.5194705939102904e-01	   1.7009225833894315e-01	   3.2717923244708835e-01	   2.5447650983275460e-01	   4.6205792753276065e-01	   2.9226347869129904e-01	   3.8218698090926689e-01	   2.8779924246621524e-01	   6.2638809343240032e-01	   5.8431843957066276e-01	   5.7487720073900206e-01	   5.6631527007721028e-01	   5.9965304890256832e-01	   5.7680514827043805e-01	   7.5946992622223686e-01	   5.9697599757762299e-01	   7.0127575106329754e-01	   6.0221825797476980e-01	   3.9666275972323717e-01	   5.6656924080377991e-01	   5.0165161331786656e-01	   5.8596141728787821e-01	   6.8719557975569967e-01	   3.8623216808951027e-01	   4.9461987164944365e-01	   4.0848102727330543e-01	   5.2111931129377320e-01	   3.7252615224783531e-01	   9.4622296312680731e-01	   7.0443540541694216e-01	   6.6212992142576854e-01	   4.2262803628815315e-01	   4.3724153552221717e-01	   5.3752812714296527e-01	  -3.5960190115245073e-02	   1.4953833014884355e-01	   5.6255652892952190e-01	   5.4663042003690954e-01	   8.4674594972926387e-01	   7.8672852391367643e-01	   3.9663493211872081e-01	   5.4006806584891009e-01	   4.6858144127247375e-01	   3.7345383552277961e-01	   4.6862038047340859e-01	   3.1873482511524187e-01	   2.4916670526012338e-01	   6.2876203403033815e-01	   8.8496543720871221e-02	   2.6344555787474644e-01	   5.9204080870788767e-01	   6.5198527763461600e-01	   5.9704104741213926e-01	   4.8319960885397539e-01	   3.1183730921835828e-01	  -1.5842465952689097e-01	
   9.2798725714389652e-01	   1.2358080119008610e+00	   8.1976064440365579e-02	   6.2443308509400253e-01	   1.4788346879692152e-01	   6.5153291296043025e-01	   2.6700973692469088e-01	   9.0499827986461434e-01	   1.6972921353366549e-01	   3.2986533425687692e-01	   6.6431070544524873e-01	   0.0000000000000000e+00	   7.4587135526102000e-01	   1.5380707786414021e+00	   4.4973386435317669e-01	   6.8162728094848268e-01	   5.2602191704848300e-01	   6.6657509367136669e-01	   7.6263025243544980e-01	   1.0602620531411513e+00	   1.2046373489571749e-01	   2.9422601519691877e-01	   1.8456139175608516e-01	   3.6942904233850510e-01	   2.0654113985771266e-01	   3.2674937218022554e-01	   2.3341563565536630e-01	   4.8977728173077728e-01	   6.3815942615991794e-01	   6.4285590435711759e-01	   2.5630527056909158e-01	   2.5411724401322888e-01	   6.4279698665835883e-01	   8.6433589644047182e-01	   2.8806033385480329e-01	   3.2153705236025132e-01	   3.8947192903800298e-01	   5.4455845273441472e-01	   4.9270033363988092e-01	   4.1217228296396297e-01	   7.3671194652223271e-01	   4.6184142038790449e-01	   3.3568462946685479e-01	   3.4934733494591430e-01	   1.6229125644060510e-01	   2.8911204656362155e-01	   4.3186510910996750e-01	   4.9942815992239470e-01	   2.5803769120191522e-01	   4.7220938645814348e-01	   5.8058610941422661e-01	   5.6694757810769736e-01	   7.2051989351257362e-01	   5.8634517161221489e-01	   6.0056988217945195e-01	   6.4905257664305549e-01	   8.0981501036943015e-01	   6.8516432343998901e-01	   2.9910055368746763e-01	   2.9270801453896128e-01	   7.3820188330962588e-01	   6.8367460154241266e-01	   6.4474134785925630e-01	   6.7728986190352147e-01	   1.4197577987019652e-01	   3.4526522973280360e-01	   1.6525873521512469e-01	   2.9641954792589376e-01	   6.0105469048143401e-01	   5.4682798124086640e-01	   2.1529105733869580e-01	   5.8785621547838662e-01	   7.6697375508977139e-01	   8.7012194246738561e-01	   7.7777850331063958e-01	   1.0842285760473021e+00	   5.8486922224446691e-01	   7.4079128559023355e-01	   4.0709246917620040e-01	   4.5877563772466623e-01	   5.7244199772456938e-01	   6.6377360829538989e-01	   5.5010415991802897e-01	   4.8660769426528627e-01	   1.6970531402275948e-01	   4.4525462654121589e-01	   3.2689560290707409e-01	   2.9484570344718830e-01	   4.1420387909519513e-01	   6.0542132839138485e-01	   7.8294534506996161e-01	   1.6229900492814867e-01	   6.2178267721492142e-01	   1.4958891262219048e-01	   2.0235723658981053e-01	   1.3583750280501894e-01	   4.9780416523237930e-01	   4.7781392633872788e-01	   7.4583776144989922e-01	   7.7015213624470846e-01	   5.7556429247198715e-01	   4.0422561474217034e-01	   6.2223731138154070e-01	   5.0344575049492701e-01	   4.3048462546107907e-01	   3.3353384318818524e-01	   3.4049862558485067e-01	   6.9785523479894607e-01	   1.1649148414312821e-01	   3.8297953037458021e-01	   4.7736315045772226e-01	   6.5099235391785948e-01	   5.4971700760233400e-01	   5.3729846045103913e-01	   2.2504786042492825e-01	  -1.7921887401884665e-01	
   9.9998545745054945e-01	   6.4652374314816430e-01	   4.7714444642984344e-01	   6.0123588631773262e-01	   5.4641628332162306e-01	   7.1083876752084585e-01	   8.3075809620951602e-01	   7.5193734860016892e-01	   4.4955269262580133e-01	   6.8259486000971870e-01	   1.3742902635406051e+00	   7.4587135526102000e-01	   0.0000000000000000e+00	   7.8213713376052363e-01	   9.6606445537262109e-01	   5.2526113788047124e-01	   3.0285102142193743e-01	   3.5658044977158965e-01	   7.4703117326391788e-01	   7.2777359553304755e-01	   2.9740455372755281e-01	   4.7222018095325308e-01	   4.8165755579106223e-01	   4.0187059889798010e-01	   3.0679825508113845e-01	   2.6991878358013538e-01	   4.9845714018532372e-01	   5.9193949368313226e-01	   4.6255983741496076e-01	   3.9016884720646805e-01	   2.7994077602102363e-01	   1.9894743636177839e-01	   6.2476042421833988e-01	   5.7102115528799036e-01	   3.9872069048549347e-01	   2.4616192841191251e-01	   3.4599827945641598e-01	   2.7900602555912646e-01	   3.9735059719377130e-01	   1.6791440158443094e-01	   4.8148344778230118e-01	   2.7731601897435465e-01	   4.8056084066735605e-01	   4.4527587269947205e-01	   3.6298724988608938e-01	   3.1542835612944675e-01	   4.6951517130955328e-01	   5.2164113914153087e-01	   5.1502982214348392e-01	   5.5229852335879226e-01	   9.1293293990140567e-01	   6.6094653290889904e-01	   7.5833090807379477e-01	   7.5769780319104796e-01	   6.8201051682287728e-01	   5.7305590510766735e-01	   4.0997137870074724e-01	   2.9634291441563643e-01	   4.0344927160290911e-01	   2.1147960811896832e-01	   6.6588251294410672e-01	   2.5594002355416229e-01	   3.2013662063722392e-01	   2.6656192444112325e-01	   3.8495418979995172e-01	   2.1365223152782850e-01	   4.3282889846843209e-01	   2.8015881703644896e-01	   6.0974173351425287e-01	   5.3046971254519681e-01	   5.8631619718597461e-01	   6.0876561735140600e-01	   5.6160165950473473e-01	   4.9746781675138468e-01	   6.9277291919354533e-01	   5.6163976580952757e-01	   7.0260432442826637e-01	   5.9527417763254131e-01	   2.2434857760443927e-01	   4.0258009569725284e-01	   3.9136639625043212e-01	   3.6722206742339913e-01	   4.8660668528377826e-01	   2.1352463143139172e-01	   2.3654450234417829e-01	   2.2315284129496765e-01	   2.9202786648415358e-01	   1.1643180792415199e-01	   7.9406564266254320e-01	   6.0605728650485013e-01	   8.2824666557028259e-01	   5.1603757081314938e-01	   5.5105244017416455e-01	   5.9902090604366320e-01	  -9.6972525213050331e-02	   1.4002509980707472e-02	   4.6307222094670097e-01	   3.9367972592855249e-01	   6.6102969991416372e-01	   6.7964985076614970e-01	   5.6824444989258982e-01	   5.7315607945709290e-01	   5.5142715899122907e-01	   4.2924057315738706e-01	   3.9768927583436509e-01	   3.7484895217027725e-01	   2.8176534790329150e-01	   5.2859983438212432e-01	  -4.8706766450309823e-02	   1.7341269358885991e-01	   4.4786010744731364e-01	   5.6645982915533810e-01	   4.7900372633675947e-01	   3.6737481318027199e-01	   2.0819682152261471e-01	  -1.7417001133738205e-01	
