   0.0000000000000000e+00	   1.1257606529439235e+00	   5.8928747218311828e-01	   5.1793073257318301e-01	   5.7453675092311574e-01	   5.0285056915263582e-01	   5.8265707018395396e-01	   4.7225980467241879e-01	   4.4879736931205194e-01	   5.8505271024722949e-01	   8.8192318202535325e-01	   6.3991372290927340e-01	   5.4453908279101615e-01	   6.3357423984046191e-01	   6.2097062608516973e-01	   6.1284209894672237e-01	   8.7925154453979537e-01	   6.3237857340963588e-01	   1.1572182820948722e+00	   8.1738476798621029e-01	   1.0783607243065366e-01	   3.9889070327288784e-01	   4.2582591094879052e-01	   4.2380868801821936e-01	   4.5960070910584261e-01	   3.8983820951785442e-01	   5.3232478389091942e-01	   4.9967982318908771e-01	   5.2568849730482170e-01	   2.1149561922339954e-01	   3.4530426525022995e-01	   4.1501199976503794e-01	   7.7860222449204675e-01	   5.8057850553274071e-01	   5.1086206627354143e-02	   1.4332507558194835e-01	  -9.8860674844259047e-02	   4.6615192380735126e-01	   4.4394269843855083e-01	   2.2092317194521283e-01	   2.9408448937943765e-01	   3.6076287341242586e-01	   1.9775624832730387e-01	   9.9479335085077669e-02	   3.4320965912799117e-01	   3.5282148999134527e-01	   1.8071532144633812e-01	   2.0373943796000357e-01	   4.3588412686603545e-01	   5.2185705108020397e-01	   6.2437784253858997e-01	   4.9536171593064482e-01	   5.4126257046957038e-01	   5.2070908089346513e-01	   4.7349983478715940e-01	   5.5745158347131341e-01	   1.2135080954654514e+00	   1.0253259895727715e+00	   7.8689186747595197e-01	   6.2674486771953741e-01	   9.8799981374127421e-01	   5.5363226083257677e-01	   5.6807673030041039e-01	   4.2189250835592162e-01	   3.7517540494291979e-01	   1.9795434527890457e-01	   3.6757953124927006e-01	   3.7037741062161100e-01	   1.0472742361385676e+00	   8.2108946472465161e-01	   3.2088509268127591e-01	   2.1242887409327918e-01	   5.4283269111283650e-01	   3.6609055433591131e-01	   5.6863554392014437e-01	   4.4853891905495952e-01	   4.3085611023559356e-01	   2.8441844301745633e-01	   2.3363130607846819e-01	   3.6011579464051030e-01	   6.3767944929727916e-01	   5.8004638712779344e-01	   6.6394338535798259e-01	   2.8740894865405914e-01	   6.8139553376797402e-01	   6.6456581853329044e-01	   6.9498281418982388e-01	   5.9227735602701537e-01	   9.7803326948312697e-01	   8.0440362507642282e-01	   4.4329127290752079e-01	   5.7385526114683727e-01	   4.1201451714226445e-01	   6.0641660649485485e-01	  -1.3765765474491690e-01	  -8.3483928131873955e-03	   2.5304717510806862e-01	   4.8096443805604061e-01	   5.0575683922925307e-01	   6.1799757229451058e-01	   5.2999221466173763e-01	   6.8312706245135113e-01	   6.8619870459197763e-01	   6.9335046738620332e-01	   4.0127251790628393e-01	   2.5367986546983795e-01	  -1.6964255710999063e-02	   1.9278278630923856e-01	   1.2872449923388166e-01	   7.3103447570768243e-01	   4.0104126543027280e-01	   4.5855910424488278e-01	   5.3179063941975058e-01	   5.4981428915162178e-01	   3.1616578382194832e-01	   2.9125597988673596e-01	
   1.1257606529439235e+00	   0.0000000000000000e+00	   4.4431270837285980e-01	   8.0792631528035874e-01	   5.7002724273515704e-01	   8.1812869970184954e-01	   6.1743407157048180e-01	   9.0084938684024385e-01	   3.5588451625793160e-01	   8.9860530248262038e-01	   8.8104396011773101e-01	   9.2363798769396388e-01	   4.7064819236870437e-01	   9.8686788900953160e-01	   5.6015966998321831e-01	   8.4107324028753760e-01	   7.4716218728810624e-01	   6.6640205718352918e-01	   1.0639570199335604e+00	   1.1460867650091566e+00	   1.6351032488050626e-01	   4.2750443520087578e-01	   3.9435292354043311e-01	   6.1567850334017149e-01	   4.6519088993884228e-01	   4.7932564262478905e-01	   4.2569014399326782e-01	   4.3437720949106767e-01	   4.2883253926331222e-01	   3.7477023540431709e-01	   4.1385995439146256e-01	   5.4386009463907359e-01	   7.4918997668276133e-01	   8.6993704454445497e-01	   1.1570710155166366e-02	   2.5258872790249465e-01	  -1.6207812274787789e-01	   5.9688208985181357e-01	   2.0415626061644299e-01	   1.9197825770081739e-01	   3.2636283407621114e-01	   4.7225392269648991e-01	   5.2812589271806398e-01	   4.1666453244960350e-01	   5.9830296314733200e-01	   7.1384325348762856e-01	   4.9638423269931842e-01	   5.2511677529623568e-01	   8.3622662904057454e-01	   8.9500311744257999e-01	   8.5700845798305492e-01	   7.9942284800350139e-01	   8.5436996267388476e-01	   6.3674928257585661e-01	   6.9814943024236054e-01	   7.6236316963057460e-01	   7.9939806773342292e-01	   9.9111095147479855e-01	   9.1701811314068304e-01	   9.8759829617947859e-01	   8.1405021084717921e-01	   9.9103930751252189e-01	   5.2161155295226436e-01	   7.3532944616533058e-01	   2.6139010759212278e-01	   4.0036913544600750e-01	   4.6320869854971014e-01	   6.6749174009407464e-01	   1.3455339959244859e+00	   1.1526186302662491e+00	   4.2903893123449433e-01	   4.9347732433986763e-01	   6.5487113326107194e-01	   6.0666096707485295e-01	   6.6350904836062297e-01	   7.3807408707497568e-01	   5.5737759094641692e-01	   6.1584877154327367e-01	   2.6640720157203424e-01	   3.5237257620173595e-01	   6.0907200757699287e-01	   6.0162235141989528e-01	   5.9680810455821254e-01	   3.9951396352250640e-01	   5.5685638146386285e-01	   5.6534855494464165e-01	   4.1511923801194350e-01	   5.5410094316922764e-01	   8.3179873131428539e-01	   8.7521879502783939e-01	   7.6693260468982472e-01	   6.6481261436323302e-01	   6.3671563190762281e-01	   4.4706364164944856e-01	  -8.4887349320675997e-03	   1.8316328214602090e-01	   4.5878499412052282e-01	   6.4914520084211225e-01	   9.2168335557330983e-01	   7.9586110630361961e-01	   7.2618026129650282e-01	   6.1083851286335544e-01	   8.1222774299494493e-01	   7.3796558743297014e-01	   6.0238634037101102e-01	   3.0869407340326122e-01	  -7.5376518992090982e-02	   2.8858786631502253e-01	   2.7383736625209643e-01	   7.9562266381326796e-01	   6.1619945113143104e-01	   7.4589905518017618e-01	   7.2152267260521885e-01	   7.0405761051750559e-01	   4.5379597333970523e-01	   2.9015522650047632e-01	
   5.8928747218311828e-01	   4.4431270837285980e-01	   0.0000000000000000e+00	   8.6779935537929820e-01	   9.8689746533644429e-01	   5.6029994124431215e-01	   1.1117989647466962e+00	   5.3804239094662587e-01	   7.0928623517540934e-01	   4.8924468539081090e-01	   5.8534736512179164e-01	   3.9670225234156753e-01	   5.7240285535943070e-01	   3.7531962704804855e-01	   9.3340616674658150e-01	   6.0545634974101814e-01	   3.9836312304297167e-01	   3.5933866066433068e-01	   7.1280724884191704e-01	   6.7014642227722554e-01	   3.8942927741586786e-01	   6.6711760183918378e-01	   9.1551975240756189e-01	   7.3466320254220563e-01	   1.1999893088830580e+00	   8.5576796108109598e-01	   9.5067707852038275e-01	   7.1606539908357969e-01	   3.0209669241304671e-01	   1.6327300178116919e-01	   6.3932603163208424e-01	   6.8919539819136200e-01	   8.5166630544323740e-01	   6.1919394666833782e-01	   6.8516538040232156e-01	   6.8606177085432452e-01	  -8.2673026579715300e-02	   5.9820604761849250e-01	   5.2800212282380177e-01	   4.1628506298983714e-01	   5.7487398084639807e-01	   4.7489180622283633e-01	   2.4420036392419966e-01	   1.3591152115319677e-01	   4.6839343578966947e-01	   4.1937936395061437e-01	   2.4547971075913314e-01	   3.1170767493952384e-01	   4.4904534528655510e-01	   4.0282678735436050e-01	   6.0966388225686241e-01	   5.0578128423063129e-01	   2.2515619145060195e-01	   2.7043746658064738e-01	   4.6036385018640419e-01	   5.9351589681647909e-01	   4.0509427639826129e-01	   3.2021502617276498e-01	   5.2398189587549482e-01	   4.0327058923997450e-01	   5.4882591786151835e-01	   1.8722196637214855e-01	   4.4637532084504877e-01	   2.4858889222941397e-01	   7.4195576249706696e-01	   4.4785347597158981e-01	   8.2889369981888639e-01	   6.7147632982508176e-01	   6.7400919769032841e-01	   6.5005569569148136e-01	   4.8565023168584298e-01	   3.4202109963463156e-01	   3.2353840857395338e-01	   2.3228776363832107e-01	   3.6753729014913533e-01	   1.6291359207626516e-01	   2.9600403349692189e-01	   1.4806842729394210e-01	   2.2229416132646754e-01	   2.6819730776308381e-01	   4.9579746796414625e-01	   5.5089832666857785e-01	   1.0141822473903268e+00	   3.5579040133887413e-01	   1.0054919492573133e+00	   1.0862874083990761e+00	   6.5886088402536780e-01	   6.1526565858322679e-01	   8.6875336070600362e-01	   8.5359353987798914e-01	   4.3262081460175511e-01	   8.0700136611389817e-01	   6.2487044607171960e-01	   9.1056446962812632e-01	   1.5736949215214621e-01	  -1.3380084770905161e-03	   4.8494637695869380e-01	   4.6656597747372053e-01	   4.8633974694287685e-01	   7.9101530003936560e-01	   6.0221477227463960e-01	   7.5447249001574890e-01	   5.5015144196040910e-01	   5.9194202685472941e-01	   1.9384021170311844e-01	   2.1804383206269026e-01	  -1.0504615432563022e-01	   1.5184625512720734e-01	   2.6860236342441884e-01	   6.6582231219380950e-01	   7.4386199263115871e-01	   4.5930485870356885e-01	   4.1871791394111024e-01	   4.0368588466981653e-01	   1.1858256695991581e-01	   3.2818930799813108e-02	
   5.1793073257318301e-01	   8.0792631528035874e-01	   8.6779935537929820e-01	   0.0000000000000000e+00	   9.4387829320770522e-01	   1.0729021612742298e+00	   1.0103392123579336e+00	   1.3934642584439991e+00	   5.4176810891231519e-01	   9.5558022152041300e-01	   6.4013393182489020e-01	   7.1739500202959905e-01	   3.8929447786126475e-01	   7.5178049810725034e-01	   6.4513526413810263e-01	   8.9946480813073026e-01	   3.1954093818723278e-01	   3.9840457164493426e-01	   7.0081470074532937e-01	   9.0448262443306882e-01	   4.3817982104281544e-01	   7.4025478130099032e-01	   7.3898279499227748e-01	   1.2391689885031456e+00	   1.0253065943908175e+00	   1.0750874344924681e+00	   6.4794290696715728e-01	   6.6520643101843269e-01	   3.0161293761347552e-01	   3.9166900190000148e-01	   8.2436573322908846e-01	   1.0789175670930433e+00	   9.3175482307804247e-01	   1.1644374869976606e+00	   5.3472820935927678e-01	   8.7608279018955648e-01	  -1.5473019168406121e-01	   6.5607598397089006e-01	   2.3850551789414026e-01	   3.7055983375661089e-01	   4.7894655150852733e-01	   3.8602335034971413e-01	   6.0986405857598303e-01	   4.9589345637603099e-01	   6.4424570352537935e-01	   8.1524758154780019e-01	   6.3131242350597327e-01	   7.1124951891065946e-01	   8.2616200472706725e-01	   8.2621390308505060e-01	   8.3441435986987122e-01	   8.2379410574670731e-01	   5.0938203878945054e-01	   4.3016361745941045e-01	   6.6368411621999157e-01	   7.6645766152343309e-01	   3.1812508205920376e-01	   3.3554020010646779e-01	   6.5818596988304279e-01	   7.0664773898816891e-01	   5.2900587998572124e-01	   6.5515612375610111e-01	   3.8886152389129486e-01	   5.6845079918794472e-01	   5.9289992924318624e-01	   9.5821979986919958e-01	   7.5303830152544815e-01	   1.1000758374711008e+00	   7.7614998242636424e-01	   7.6138778045453093e-01	   7.0669840876100598e-01	   7.1400009303525347e-01	   6.2872657173757829e-01	   6.2811770142070633e-01	   5.3341774202634218e-01	   5.6595739660385314e-01	   5.6683470293006422e-01	   6.5004774612556393e-01	   2.6073675845924915e-01	   2.9145088219946325e-01	   4.5357266204959312e-01	   5.2615066943507993e-01	   6.4124578259259102e-01	   5.4634908317576714e-01	   7.3099641812892746e-01	   8.8299177833416465e-01	   4.9534682751359577e-01	   6.9849142831064104e-01	   7.0391467792384910e-01	   8.6894712902454041e-01	   8.6504871873911782e-01	   9.2376680586101168e-01	   9.1632557674029236e-01	   6.4628009555736909e-01	   2.2260529807848370e-01	   2.9449819173042929e-01	   6.0432987791706527e-01	   6.7036241998102941e-01	   9.5131002000111753e-01	   9.1918705712972115e-01	   7.7104106298102093e-01	   6.5736162380857099e-01	   6.5232964122665316e-01	   7.3391610132283658e-01	   5.8969355659527201e-01	   4.3056898752785278e-01	  -9.1402605417331639e-02	   3.6829462842140226e-01	   3.7042856733381402e-01	   7.1414150149695566e-01	   9.4861314662969565e-01	   7.5980738882495280e-01	   6.6280099315802987e-01	   6.1861529249492131e-01	   4.8404704899991713e-01	   1.9527832441886483e-01	
   5.7453675092311574e-01	   5.7002724273515704e-01	   9.8689746533644429e-01	   9.4387829320770522e-01	   0.0000000000000000e+00	   9.7073045865105689e-01	   1.2709557261684337e+00	   8.6305327357670902e-01	   1.0197793248521501e+00	   9.0357361835090788e-01	   7.9048110223265800e-01	   6.5438084988388545e-01	   7.3679559096379665e-01	   6.9157079082997708e-01	   9.7238779912793272e-01	   9.3169441959293064e-01	   4.0601943345401603e-01	   4.0812405825026854e-01	   5.4816598830497576e-01	   5.7827249770886435e-01	   2.5452109061145550e-01	   6.8189523002864372e-01	   9.3280100379089770e-01	   8.5859963721286658e-01	   9.9818885323897211e-01	   9.3786323708845298e-01	   7.1612508869855107e-01	   8.3292334068224660e-01	   4.5322193618447659e-01	   3.3823519259905838e-01	   7.3353000350495234e-01	   9.3140659717456775e-01	   8.6636627731178961e-01	   7.7190066799829471e-01	   6.9110269086717857e-01	   7.3240034286247480e-01	  -3.9129190153909664e-02	   6.5361283266304337e-01	   3.3369310613309305e-01	   3.1157448733372778e-01	   6.6048983935467542e-01	   5.0398493138979494e-01	   5.4462429911656396e-01	   4.2507146628227965e-01	   5.1972067089993157e-01	   5.1421565164592820e-01	   4.9902826602602435e-01	   6.2857146898362237e-01	   5.9903547998847195e-01	   5.2098372313901320e-01	   6.5884436844448246e-01	   5.5795677686077882e-01	   4.6015198197178492e-01	   5.5957943838041091e-01	   5.4458483349741627e-01	   6.0060062484601706e-01	   3.0449610264526267e-01	   3.4477747229112288e-01	   5.3200280439002512e-01	   4.7245865979742435e-01	   5.4693497153142623e-01	   4.6255303611247944e-01	   3.8153663942787897e-01	   3.3894370726182321e-01	   9.4583924438874889e-01	   7.5429762641949605e-01	   6.0133974118764622e-01	   6.5671977823271677e-01	   6.3350188253291428e-01	   5.5289097170923507e-01	   6.7230510672006805e-01	   4.5566599265004681e-01	   7.2431541515423714e-01	   6.3654979787087707e-01	   6.9662876964977061e-01	   5.1319591759888727e-01	   5.7568156109161195e-01	   4.3596668021829171e-01	   2.5369135900793194e-01	   3.2951912088247282e-01	   4.4497863337223137e-01	   4.2992053909283523e-01	   7.5897762247469736e-01	   4.5666379135603996e-01	   8.1047702035276104e-01	   7.7027713760621963e-01	   5.4859477376393606e-01	   5.7338886647847476e-01	   8.5131346747314163e-01	   8.6756050026154963e-01	   7.5328155906266814e-01	   1.1435488704744714e+00	   7.6827667201961569e-01	   9.6774311907753086e-01	   3.2988098082606904e-01	   6.6902106273106540e-02	   6.0227047556912072e-01	   4.6468019450071579e-01	   6.8806302349369564e-01	   7.4532105506697255e-01	   8.0018662897365234e-01	   7.5260769439494768e-01	   7.3936736388368685e-01	   6.0120977749892623e-01	   6.1861207648761074e-01	   4.7024377623375430e-01	   2.1614660024294169e-01	   5.6189007118961853e-01	   1.8725280206924810e-01	   6.6851570600187749e-01	   8.3930499046195395e-01	   5.8297446539403097e-01	   5.7573609771253620e-01	   7.1361366325079401e-01	   4.9967778133310953e-01	   3.0668476995435107e-01	
   5.0285056915263582e-01	   8.1812869970184954e-01	   5.6029994124431215e-01	   1.0729021612742298e+00	   9.7073045865105689e-01	   0.0000000000000000e+00	   8.4794903871794602e-01	   1.2938401355326872e+00	   5.9249370964544190e-01	   1.4254381119883315e+00	   7.3972541324883778e-01	   9.4226192829533684e-01	   4.7498410130598179e-01	   1.0670255950005827e+00	   6.2209975266788986e-01	   1.1349527424250871e+00	   4.2536820437214851e-01	   4.2703758449164114e-01	   6.2083978572933807e-01	   7.8434270047761467e-01	   2.9816341731505080e-01	   7.0010078498623063e-01	   4.7071650894850647e-01	   7.5649944201649433e-01	   6.5220184623881838e-01	   6.2315822927296560e-01	   4.4344566262695845e-01	   7.6285550798637380e-01	   4.7374392194484699e-01	   5.5092132671425953e-01	   5.6583001338742567e-01	   7.1933480651291204e-01	   8.3250929831507592e-01	   1.1870453362770301e+00	   2.6531634325744691e-01	   5.5027120409847963e-01	   1.3533799204906450e-02	   7.1872799002914622e-01	   1.3553023337839859e-01	   3.2786707936082399e-01	   6.4088004035787116e-01	   6.1132208720382264e-01	   8.3975751747340888e-01	   6.9285404106741300e-01	   6.7510333535855738e-01	   8.8221488905560319e-01	   7.4353224261160877e-01	   8.5273082157058855e-01	   9.9586153593924254e-01	   9.0081163266562869e-01	   8.1356309150749340e-01	   8.2919234640302930e-01	   7.1053338902394836e-01	   6.7170984825546221e-01	   7.3276259738044136e-01	   6.7185977497947169e-01	   2.7392169930543364e-01	   3.3792301849911138e-01	   7.3201565520745615e-01	   7.7823490830542719e-01	   5.4308438039794504e-01	   9.6512466040767630e-01	   3.8004480509204724e-01	   6.3649071639373511e-01	   4.4770178421330165e-01	   8.2341998948549500e-01	   5.5128704705820164e-01	   9.0539307267260916e-01	   7.3021716519086610e-01	   7.0648070867904156e-01	   7.0999619747860532e-01	   6.4873059648094278e-01	   1.0152880927437773e+00	   8.2698833649809322e-01	   7.2659789221517035e-01	   7.4862961310398046e-01	   8.2536358145927080e-01	   7.4579264505020049e-01	   2.7082271242816280e-01	   2.8830334724264134e-01	   4.7762159876055288e-01	   4.5609049724486295e-01	   5.5980520957201352e-01	   5.0513252998252922e-01	   5.0883752759146839e-01	   5.2673764898833897e-01	   3.4272051680482524e-01	   4.6906992207102483e-01	   6.6232907630146043e-01	   7.0713716184004682e-01	   1.1187775611826360e+00	   9.7033085466227242e-01	   9.1343530640518256e-01	   6.0841221411732449e-01	   4.0291303939281498e-01	   2.8283420960085803e-01	   7.0327528146892981e-01	   5.4751003643713303e-01	   9.7894437923289213e-01	   8.3194710421580020e-01	   8.5169071040671895e-01	   7.4419477819911939e-01	   8.4439179840315326e-01	   7.6204988510558913e-01	   8.4208453513218529e-01	   5.3644158937962760e-01	   7.3292803837569184e-02	   5.4621353295286712e-01	   3.4333430000780807e-01	   5.7530313757101625e-01	   8.6067760311137942e-01	   8.5130411908434955e-01	   7.7105968122613822e-01	   6.7350220617701739e-01	   5.7729803579458361e-01	   3.7579461673595815e-01	
   5.8265707018395396e-01	   6.1743407157048180e-01	   1.1117989647466962e+00	   1.0103392123579336e+00	   1.2709557261684337e+00	   8.4794903871794602e-01	   0.0000000000000000e+00	   9.7239590939445342e-01	   1.0218151063815490e+00	   8.5157333375839150e-01	   8.7021269909275578e-01	   7.2756607022331554e-01	   9.3837608728938560e-01	   7.1316132851128711e-01	   1.0236181281162491e+00	   8.8348702485022224e-01	   4.5733642849091050e-01	   3.9254397103536265e-01	   6.8024964221421214e-01	   7.1808132491461585e-01	   1.9844182774468586e-01	   5.7662264409846542e-01	   8.3109343962804294e-01	   8.3186701973090182e-01	   8.6657560066045436e-01	   7.8632768122954400e-01	   6.2524092863680303e-01	   6.9363567096185963e-01	   4.4306283008130942e-01	   3.3111282342214571e-01	   6.4912266240613903e-01	   7.5983305040176063e-01	   1.0007312916107431e+00	   8.4528570920838586e-01	   5.2518933501695630e-01	   6.1648414726944012e-01	  -2.1403307244506833e-01	   5.9135536672143940e-01	   2.7319285416823719e-01	   2.4366930935683695e-01	   5.1164619659513710e-01	   4.4735460078262568e-01	   4.9201498848585579e-01	   4.0931324841312688e-01	   5.6550313397873953e-01	   5.4899317194539554e-01	   4.5424350142137743e-01	   5.5166627071882623e-01	   7.4647642896272137e-01	   5.5473023167217561e-01	   7.8915879665446687e-01	   6.8133681686604131e-01	   5.0804335350097618e-01	   4.6747323426818671e-01	   5.7801940421430842e-01	   6.4770781127882127e-01	   3.4579293112789128e-01	   3.3671307527373595e-01	   6.5705360693656478e-01	   5.3848516887285180e-01	   7.0468844664359553e-01	   5.2563690058563650e-01	   3.8986036965655751e-01	   3.8316707594839367e-01	   9.1068919332332343e-01	   7.9655734083494034e-01	   7.9633801675236482e-01	   7.6109777638163600e-01	   7.7693621127148471e-01	   6.9830850934671829e-01	   5.6255404329372694e-01	   2.9347573816044314e-01	   6.9806502102304158e-01	   5.3400715315119596e-01	   6.2345190696101505e-01	   4.4784182808290646e-01	   4.4313963527279038e-01	   3.0219375598861675e-01	   2.5136852092688516e-01	   3.3369411624144063e-01	   4.8570845676391300e-01	   5.1273390962375331e-01	   7.6791395338566204e-01	   4.4810921373802726e-01	   8.9783219228460753e-01	   9.5351793779593286e-01	   4.8821627153389113e-01	   5.7273666605825435e-01	   8.8136028741259276e-01	   9.1545050650695070e-01	   7.2791195187668400e-01	   1.0475906509410102e+00	   7.8383609260269016e-01	   8.0505303766808156e-01	   1.4464247075822248e-01	   3.5746657639572271e-02	   4.2831964303681552e-01	   4.5936640601505718e-01	   6.9323307441021365e-01	   7.6321899955936323e-01	   8.0305069853059752e-01	   7.3037449148500611e-01	   6.1455938192060322e-01	   5.5553261797926634e-01	   4.0736515570600507e-01	   3.1081505724019287e-01	  -1.6650888198857426e-02	   3.5309899975439946e-01	   1.8936209860336270e-01	   7.5123000477231272e-01	   7.7168359947699006e-01	   5.0989126192656853e-01	   5.8176001721354620e-01	   5.7037482927632410e-01	   3.6632603531914493e-01	   2.0911409010660248e-01	
   4.7225980467241879e-01	   9.0084938684024385e-01	   5.3804239094662587e-01	   1.3934642584439991e+00	   8.6305327357670902e-01	   1.2938401355326872e+00	   9.7239590939445342e-01	   0.0000000000000000e+00	   5.6650549221042479e-01	   1.4495264269865638e+00	   7.4886317507434941e-01	   1.0174486387096691e+00	   4.6046192248384382e-01	   1.0887038026333256e+00	   5.1092943090372978e-01	   1.0259851810228924e+00	   3.5915547228870753e-01	   4.2843500208931717e-01	   6.0664848560959728e-01	   8.3892132348807502e-01	   2.1803007546235756e-01	   5.3587653287718195e-01	   5.6477361490871059e-01	   1.0230855322942074e+00	   6.5677508579295274e-01	   7.2854389464620639e-01	   3.7109970107397833e-01	   4.9384691613644349e-01	   3.5352574028691486e-01	   5.1853603697711992e-01	   6.5288866258193123e-01	   8.9441455390841051e-01	   8.6573455681912537e-01	   1.2414308019099611e+00	   3.0296518739049977e-01	   6.2104773027200055e-01	  -1.4325986914376124e-01	   6.6792904602711622e-01	   6.5284221294932179e-02	   2.3485566924757625e-01	   4.2761751510032497e-01	   3.8613411448548346e-01	   8.1025366653860498e-01	   7.0931933519903112e-01	   6.5091571248770641e-01	   8.9278711200066785e-01	   7.8060319669674672e-01	   8.6397264785973005e-01	   1.0277122040599596e+00	   8.9854008953683739e-01	   8.9684119461984002e-01	   9.8300048529977957e-01	   8.1065290379921950e-01	   6.8516357101678682e-01	   7.5981596713863797e-01	   6.7601962536689353e-01	   2.6316008214298803e-01	   3.1592497814150600e-01	   7.2371473797867880e-01	   7.1044092051984931e-01	   5.1143931087364258e-01	   9.4726826069107961e-01	   3.4896218335827828e-01	   7.0786975442494471e-01	   5.2780346524803246e-01	   1.0574869758635772e+00	   6.2755892529471891e-01	   9.9894188191138567e-01	   7.0615624737753502e-01	   7.0060481930408813e-01	   6.0949062344672467e-01	   5.9575776096814292e-01	   8.1145222692752439e-01	   8.2546483542418914e-01	   6.2341602760262838e-01	   7.4977975134937358e-01	   6.3000774651657099e-01	   7.6784216474419364e-01	   2.8588398954321925e-01	   2.5426336771539010e-01	   3.9697801677219224e-01	   4.5823016100609770e-01	   4.9948567673426031e-01	   5.2591525890825874e-01	   5.5535177981241168e-01	   6.0761718778191876e-01	   3.1826329109453139e-01	   4.9325176324350356e-01	   5.6377709422875444e-01	   6.8249189344322214e-01	   1.0880382435874736e+00	   8.9512265796310853e-01	   8.6011409304668318e-01	   4.7446966490881981e-01	   2.6855352449465453e-01	   3.0421287943458070e-01	   5.6546288694882008e-01	   5.8866504856954438e-01	   9.8095656140035925e-01	   7.3773849307058603e-01	   8.2912370205511277e-01	   5.8613052989680170e-01	   6.9820576272248336e-01	   6.1233930869983821e-01	   6.9171273756103158e-01	   4.3451332253035169e-01	  -2.7124783353548159e-02	   5.2274305392212395e-01	   2.5456509629838242e-01	   6.2241400841205952e-01	   7.9673459897366938e-01	   7.6088817814849474e-01	   7.6359018556748259e-01	   7.2934437368720617e-01	   6.1304331991404670e-01	   3.0042866369677401e-01	
   4.4879736931205194e-01	   3.5588451625793160e-01	   7.0928623517540934e-01	   5.4176810891231519e-01	   1.0197793248521501e+00	   5.9249370964544190e-01	   1.0218151063815490e+00	   5.6650549221042479e-01	   0.0000000000000000e+00	   7.2650283047790998e-01	   7.1436888292738598e-01	   4.2085419878968455e-01	   1.0415966642786707e+00	   4.6697441026891784e-01	   9.6380884408042533e-01	   7.0926330306683061e-01	   2.3432019277621324e-01	   2.4542310973461007e-01	   3.1911974392596482e-01	   3.7016451656257421e-01	   8.2852280250438962e-02	   3.5839470724984002e-01	   7.0697106865354464e-01	   4.9712306587838045e-01	   5.1227173118172353e-01	   4.2645609810875973e-01	   4.1550505325418774e-01	   4.9595921075560928e-01	   3.6452496172849919e-01	   2.0107700543077975e-01	   4.1124988157441250e-01	   4.6880815106613616e-01	   5.8217637585435034e-01	   4.4939539452876259e-01	   3.5800519313882867e-01	   3.0849451199744243e-01	  -4.6512531341122355e-02	   5.6399586825157444e-01	   2.5321007539303458e-01	   2.3976979126634285e-01	   4.7076539675069373e-01	   4.1084781656910763e-01	   4.5525597429553694e-01	   3.7766619554704289e-01	   3.4222738741791348e-01	   3.3079068730891231e-01	   3.8876911441812345e-01	   5.4610313569819957e-01	   4.4655942527259335e-01	   3.4438976748643368e-01	   4.8696852886525105e-01	   4.1572972361190863e-01	   3.5771034642596894e-01	   4.3689128846273007e-01	   2.5270311451001698e-01	   3.9212355546165678e-01	   1.7264051203970326e-01	   2.7725831204744267e-01	   3.4859172808882255e-01	   3.2649595205298715e-01	   4.4588304664283818e-01	   2.7723449835501768e-01	   1.1088854800493024e-01	   1.5998454068979351e-01	   8.9990362096977783e-01	   5.9379153010919916e-01	   3.3296451867466592e-01	   3.9948145263387241e-01	   5.2447963493137129e-01	   5.5638799170410702e-01	   5.3290083497259766e-01	   2.0382406993791508e-01	   5.4492867441394865e-01	   3.2575623896583478e-01	   5.0547099810637042e-01	   2.1228177474928092e-01	   3.2800615909627168e-01	   1.9023870965113396e-01	   1.5730017884116798e-01	   2.1851651729628080e-01	   2.9350804465932717e-01	   3.2559132048032774e-01	   5.5378578935995115e-01	   3.1618488505290943e-01	   6.9555258825053312e-01	   5.2116083623585918e-01	   3.2177492171146221e-01	   3.2568946376024921e-01	   6.0250780239435786e-01	   5.7362260346884131e-01	   6.1164934589678444e-01	   8.9958010738158334e-01	   6.5007047526922390e-01	   8.6078116156374507e-01	   1.9907980840272640e-01	  -7.0533968295422383e-02	   2.5544277821278971e-01	   2.6066286316882642e-01	   3.9023565314288322e-01	   5.5294626903704824e-01	   6.2943572480423948e-01	   6.7331850577838681e-01	   5.2424747997886834e-01	   3.4475408819044023e-01	   4.5733030212984915e-01	   2.8787632299223681e-01	   1.9610375740474600e-01	   4.5595152913079878e-01	   8.7552931938594453e-02	   5.1381304294237029e-01	   6.9377793737735127e-01	   4.4942666226938610e-01	   4.5224977243837094e-01	   5.1108002071911751e-01	   3.5041325711806748e-01	   1.3090984427936939e-01	
   5.8505271024722949e-01	   8.9860530248262038e-01	   4.8924468539081090e-01	   9.5558022152041300e-01	   9.0357361835090788e-01	   1.4254381119883315e+00	   8.5157333375839150e-01	   1.4495264269865638e+00	   7.2650283047790998e-01	   0.0000000000000000e+00	   8.2971501381589774e-01	   1.0191781713294248e+00	   5.8321193120309278e-01	   1.0459107955387887e+00	   5.8632148014003405e-01	   1.0614754087363678e+00	   4.0696795404634534e-01	   4.1580870100491096e-01	   5.8486913118656936e-01	   7.4182964862784673e-01	   1.0780082113982058e-01	   4.5236993223862199e-01	   5.0945630148027798e-01	   7.1461943974339426e-01	   5.3798447111381864e-01	   5.2995538327268521e-01	   2.7351717769380018e-01	   4.5059577401606116e-01	   4.1729703758177056e-01	   4.7309001209296819e-01	   5.3280474693441127e-01	   6.8739140315608116e-01	   8.3636115422058199e-01	   1.0784122465523027e+00	   1.9966823724841692e-01	   4.3124263061998902e-01	  -8.1061884059985545e-02	   6.7968705854486544e-01	   4.2465274576582328e-02	   2.0970706236272368e-01	   4.8434639113608385e-01	   4.3549766896348935e-01	   8.8584632595632695e-01	   7.3554971492799803e-01	   6.2602923972006730e-01	   8.4288392779122212e-01	   7.5539071262160451e-01	   8.8011010265277778e-01	   1.0121658827759556e+00	   8.4501186876832768e-01	   7.6893819235387351e-01	   8.5365914312372015e-01	   8.1755295291244678e-01	   7.9266764491150643e-01	   5.8124948269386789e-01	   5.7923874194303038e-01	   2.9703942355684232e-01	   3.6778536424763991e-01	   7.7374637660830980e-01	   6.9417546789340689e-01	   5.3974885488269131e-01	   9.3365074322320740e-01	   3.3155920795280885e-01	   6.2209535989453446e-01	   5.3122805637424664e-01	   8.2888546919685879e-01	   4.8967347145466322e-01	   8.2847941459200258e-01	   7.2009446179514125e-01	   7.7640329834373101e-01	   6.4316452654893785e-01	   6.3294238096732791e-01	   9.4106328860370470e-01	   7.9632572831856474e-01	   6.7999887878813559e-01	   6.7501939530182398e-01	   6.6160860407527156e-01	   7.0221585750123916e-01	   2.3494259012250693e-01	   2.5034379179383159e-01	   4.2726090934320826e-01	   4.0985550834073037e-01	   4.9345565429502852e-01	   4.0432727003396590e-01	   4.8598622781462242e-01	   4.5710819643632011e-01	   2.4702726966373550e-01	   3.4536615431483991e-01	   5.4899989159422513e-01	   5.7264004755193132e-01	   1.1622525218992841e+00	   9.5911663996990770e-01	   8.7405641705082582e-01	   5.7614567811231765e-01	   2.6544553032873369e-01	   2.6004010843215331e-01	   5.1728431843495870e-01	   5.3835057774362061e-01	   8.7830669217250101e-01	   7.5735585129136818e-01	   8.0614916988911856e-01	   6.8870501696065367e-01	   8.3218579857865826e-01	   5.9170370058948396e-01	   7.6398827011931247e-01	   4.5532834002275524e-01	   5.2421989806510666e-02	   6.7514663362815108e-01	   2.0889705764235364e-01	   5.9107876200258014e-01	   8.3462811212933263e-01	   8.5549290312765125e-01	   8.1208570588559159e-01	   8.0626853933055509e-01	   5.8248467865134335e-01	   3.5808242498926945e-01	
   8.8192318202535325e-01	   8.8104396011773101e-01	   5.8534736512179164e-01	   6.4013393182489020e-01	   7.9048110223265800e-01	   7.3972541324883778e-01	   8.7021269909275578e-01	   7.4886317507434941e-01	   7.1436888292738598e-01	   8.2971501381589774e-01	   0.0000000000000000e+00	   1.0712270225194966e+00	   9.8003276794494387e-01	   9.6626428058652891e-01	   7.2094428621971129e-01	   7.6343682486970132e-01	   7.4742746894290168e-01	   6.3161566236343902e-01	   8.0799984013922310e-01	   8.6617241209599927e-01	   3.8621982670046580e-02	   3.6108696734833251e-01	   4.8558898204503120e-01	   5.2051827563678921e-01	   5.0953318531545577e-01	   4.2554255267887087e-01	   3.3208845561065725e-01	   4.0702475588133524e-01	   6.4541551459129254e-01	   4.8692180471025481e-01	   4.0004030275157304e-01	   5.1872972438959009e-01	   7.6111487704057268e-01	   8.3154187112861500e-01	   3.9223920456137006e-02	   2.0839611679665551e-01	  -2.2680084054199945e-01	   5.3050055407062813e-01	   8.8417886878652027e-02	   1.4301616646859988e-01	   2.7029610582150471e-01	   4.6196660290089231e-01	   6.2012157814581292e-01	   4.7976181925288813e-01	   5.2079703155990642e-01	   6.1055356684075912e-01	   5.4867928167598157e-01	   5.9807328817118743e-01	   8.4125952344013522e-01	   7.8593037763496065e-01	   8.9386813427637968e-01	   8.7638176253304156e-01	   7.2306308553203902e-01	   6.1609248812731709e-01	   6.2220299176801674e-01	   7.1759792431891944e-01	   4.7313760221041429e-01	   5.9085716793215148e-01	   8.9627820101425171e-01	   8.7900734563465521e-01	   8.7976438444896310e-01	   8.1504574518596851e-01	   5.4367246178020479e-01	   7.1891347300097441e-01	   4.3568832781942202e-01	   4.2213241917425903e-01	   4.8667744569663707e-01	   6.0552516412995583e-01	   8.1631778324633664e-01	   7.2564088510035396e-01	   3.6891356101501199e-01	   2.5704934212021940e-01	   7.4700807738953656e-01	   6.5203283779774801e-01	   5.1375045175109613e-01	   7.1186039560816383e-01	   4.8926609504831109e-01	   3.5778752355270521e-01	   2.7396313442292192e-01	   3.4260858182020670e-01	   4.9003391433918586e-01	   4.8018329383928154e-01	   6.6392246062539284e-01	   3.7942887711371254e-01	   5.7569306930112973e-01	   5.8427485815739977e-01	   2.9177789083594341e-01	   3.3899991554571096e-01	   7.6287967449012428e-01	   8.4779214407055270e-01	   8.3294601578833949e-01	   8.5569506287560904e-01	   6.8928198001587881e-01	   5.4462093626309027e-01	   1.5410791095106083e-01	   4.1026368199896983e-03	   3.8959333248557260e-01	   4.7338644205973496e-01	   7.9444765891634372e-01	   7.9586155801906078e-01	   8.7503933260944033e-01	   6.3239274345040053e-01	   9.1515194002780165e-01	   6.7965554392482652e-01	   5.0721139804706195e-01	   2.6001492979556895e-01	   1.0756513602553480e-01	   3.4439444226857135e-01	   2.8912862385516713e-01	   7.8512946255605265e-01	   6.5198153561897387e-01	   7.0161779120381973e-01	   7.5801700584478648e-01	   6.2933966036170008e-01	   3.7850667713490038e-01	   2.6570345562381792e-01	
   6.3991372290927340e-01	   9.2363798769396388e-01	   3.9670225234156753e-01	   7.1739500202959905e-01	   6.5438084988388545e-01	   9.4226192829533684e-01	   7.2756607022331554e-01	   1.0174486387096691e+00	   4.2085419878968455e-01	   1.0191781713294248e+00	   1.0712270225194966e+00	   0.0000000000000000e+00	   5.9458564284175885e-01	   1.4204964680744248e+00	   5.3854147999181201e-01	   9.4338317362029966e-01	   6.1763463688614439e-01	   6.8220580165386113e-01	   6.9483668594456294e-01	   8.1260248793272860e-01	   1.4196948535367593e-01	   4.9345169153397161e-01	   3.9381474158850699e-01	   6.7698298993861272e-01	   4.5282047674079778e-01	   4.2697734461718462e-01	   2.1711909403428137e-01	   3.7436263252123597e-01	   7.2501025277547004e-01	   8.9751418643696124e-01	   5.6847309267139590e-01	   5.8589575729024834e-01	   7.9482675424758920e-01	   1.0186355635826576e+00	  -3.7969214228160096e-02	   1.9679901877342051e-01	  -8.4821700069231495e-02	   5.5758912556525864e-01	   8.6605088280791234e-02	   1.6056563344239028e-01	   3.0675112006117905e-01	   4.9412313895372034e-01	   7.3263714309078187e-01	   6.9553357983444619e-01	   5.9653904234496580e-01	   7.5670125129994803e-01	   7.7763597951312335e-01	   7.4565414613872016e-01	   1.0958365182991272e+00	   9.0636368593203642e-01	   9.4195999636987160e-01	   1.0352914285527957e+00	   1.0482756778790840e+00	   8.0029908061634702e-01	   8.8983710616303968e-01	   8.3690647012371233e-01	   3.6256257068267417e-01	   4.4892275798106090e-01	   9.8264169374895616e-01	   8.6565994845747318e-01	   6.8775130022867881e-01	   1.0145524196234497e+00	   5.7375083163260188e-01	   9.4663083988325714e-01	   2.8965923658724990e-01	   4.8412713779029687e-01	   4.5237449689971360e-01	   6.6904457128625627e-01	   6.8582061731154598e-01	   6.0080666298621310e-01	   3.8123982921087324e-01	   4.3665981650847807e-01	   8.7879030898883115e-01	   9.7456161773714789e-01	   5.1031903924446798e-01	   7.5268041601677182e-01	   5.9558347785561661e-01	   5.5122083334977368e-01	   4.2599258682852809e-01	   4.3278760614842060e-01	   6.0138050371190355e-01	   6.3943372498180706e-01	   6.0248199876276676e-01	   5.1857733780549797e-01	   5.1688678351812167e-01	   5.0746470047140013e-01	   2.7461327320266804e-01	   4.1293798400084719e-01	   6.7436134266677994e-01	   6.8602537563852983e-01	   9.5563606171403892e-01	   6.8361953491729355e-01	   6.4781472986947952e-01	   3.5078128196489539e-01	   2.6952359965988004e-01	   2.1670762987521330e-01	   6.2158236783470033e-01	   5.5835711341200167e-01	   9.3855099025710254e-01	   7.0607042931461450e-01	   8.0001694094372622e-01	   5.2535888895961780e-01	   8.2289111958020711e-01	   7.0466844739549095e-01	   5.0981663430011726e-01	   2.8447347762264952e-01	  -3.7856070008020021e-02	   3.1442126738279141e-01	   1.8888398721590563e-01	   5.3727259074084310e-01	   5.6666401021746493e-01	   6.3544413991716731e-01	   8.1415689075250386e-01	   6.1206369236589042e-01	   3.6704930935436608e-01	   3.1309455426331778e-01	
   5.4453908279101615e-01	   4.7064819236870437e-01	   5.7240285535943070e-01	   3.8929447786126475e-01	   7.3679559096379665e-01	   4.7498410130598179e-01	   9.3837608728938560e-01	   4.6046192248384382e-01	   1.0415966642786707e+00	   5.8321193120309278e-01	   9.8003276794494387e-01	   5.9458564284175885e-01	   0.0000000000000000e+00	   5.8028545920919283e-01	   1.0162813384438996e+00	   6.7974511251639869e-01	   5.6986811695492001e-01	   4.6644556346484028e-01	   5.1909600287425006e-01	   5.5471719364216432e-01	  -5.3764550746825054e-02	   2.3962886783595644e-01	   4.8204459686570178e-01	   3.0178654768140811e-01	   3.6807731261855603e-01	   2.9766684482783862e-01	   2.7071265849334253e-01	   3.8189537467134688e-01	   5.8947841200864337e-01	   2.7304275142981926e-01	   2.8332081007908561e-01	   3.3086383904849409e-01	   6.1597508630675457e-01	   4.6299795128356669e-01	   1.4797853333085312e-01	   1.5939681723090690e-01	  -1.6288935011965031e-01	   3.9285584897880360e-01	   1.5175206735482588e-01	   1.2747952583200817e-01	   3.2180945177494708e-01	   4.6546866793149000e-01	   4.2127391753080590e-01	   3.2122495250450323e-01	   4.3331227289408575e-01	   3.2097612877068199e-01	   3.0726814172883321e-01	   4.3156481913187805e-01	   5.1058226289874609e-01	   2.9091990135276108e-01	   4.7504383872471889e-01	   4.0492198763500242e-01	   3.7929177986255641e-01	   3.5273267610394449e-01	   2.5786339077579901e-01	   4.0387230111583788e-01	   2.8974528394332122e-01	   5.0249458372461431e-01	   4.3872916131825485e-01	   5.2433169719884509e-01	   6.2718378211383419e-01	   3.4358528904814661e-01	   3.5438816452324057e-01	   3.9127759370930348e-01	   6.2132754497301268e-01	   3.8156535900044131e-01	   4.2989975679771081e-01	   3.7577759571309410e-01	   6.6584935472222373e-01	   7.0549827475050009e-01	   3.2733421649460914e-01	   1.0091900220216406e-01	   5.9932039685877758e-01	   3.2347201787319141e-01	   4.6580216768452076e-01	   3.1503844104021872e-01	   2.8424460494232295e-01	   1.1603025720799026e-01	   2.6346196555756685e-01	   3.4900426977304128e-01	   4.7210989444016105e-01	   4.5600183654399623e-01	   6.3846548494930877e-01	   2.4720536255438474e-01	   6.0937399363125622e-01	   5.0366159631135454e-01	   2.1038531568809543e-01	   2.5688814895396839e-01	   6.2231825824230858e-01	   6.4918416346426255e-01	   6.1453646336018086e-01	   7.7724507987119540e-01	   6.8842465746736525e-01	   6.9869881409301027e-01	   4.3914660089900213e-02	  -1.6184649508525883e-01	   1.7653773172967635e-01	   1.9985133032518382e-01	   4.2527947123835930e-01	   5.0506789592748846e-01	   6.6743083592094454e-01	   5.7895239533909915e-01	   5.6435947058049329e-01	   3.9647429121414390e-01	   2.9673044752024730e-01	   1.3582059632448776e-01	   1.1729718309317050e-01	   3.1655396184618079e-01	   7.8643525502260309e-02	   5.3998138668252360e-01	   6.4017050235311213e-01	   4.5291272190201337e-01	   5.2957725139017264e-01	   4.2937429786086706e-01	   2.1259709950551703e-01	   3.8885616327829775e-02	
