   0.0000000000000000e+00	   6.7700781202651716e-01	   5.7617444492959147e-01	   7.7320291961720367e-01	   2.6308610278409272e-01	   5.7397961851739188e-01	   5.3282703729775038e-01	   5.7764144794883476e-01	   4.7164889651579478e-01	   5.7388920957436551e-01	   6.2848047791849038e-01	   2.3404943277131146e-01	   5.2229565265607314e-01	   2.5648443216608002e-01	   7.2395905274130035e-01	   6.4701962048414641e-01	   4.8418666645850583e-01	   4.1091649349436699e-01	   8.6859693430045803e-01	   7.3451415550156496e-01	   1.1733629990442276e-01	   4.7033355840605540e-01	   6.8583830002513457e-01	   6.7170393511618876e-01	   2.9340066095633394e-01	   5.1875570249868397e-01	   4.0758238042033607e-01	   4.3116110907097127e-01	   2.9888098535626895e-01	   3.0893761741045611e-01	   5.5479652686112835e-01	   6.5364469000863601e-01	   7.5658631819010869e-01	   6.7752027956404526e-01	   4.2109398150463317e-01	   3.9258928446163927e-01	   1.7828937165173203e-01	   5.9456551852867590e-01	   2.1342394428151801e-01	   5.6924562939102985e-01	   5.3156924056382127e-01	   5.1291517213683391e-01	   4.0288962928080230e-01	   3.9981071079120784e-01	   3.9185111147449614e-01	   6.0300551880051079e-01	   6.8509490575051279e-01	   6.6967251583591891e-01	   6.6659838337730826e-01	   6.5150480436718050e-01	   7.5602563734003581e-01	   5.7511457533439980e-01	   6.3527175398836944e-01	   6.1225390723970619e-01	   4.7295620725563414e-01	   6.8258676973720200e-01	   1.0576619872476747e+00	   7.5947177576976665e-01	   7.0031991891054513e-01	   8.1236462275183041e-01	   5.8788896075591768e-01	   4.2719860622350653e-01	   3.9762048024008201e-01	   3.5020036704735757e-01	   3.2563419542281064e-01	   2.3080787252790358e-01	   4.4731133229671649e-01	   5.0265441801807365e-01	   6.6988714431244456e-01	   6.0230030372635712e-01	   4.1752859189040836e-01	   5.9937958487620691e-01	   4.6139085039376337e-01	   3.7233143152166015e-01	   3.6589802952950429e-01	   5.0958428255507360e-01	   5.6384228438414830e-01	   4.6196352706540467e-01	   4.8399889830578546e-01	   2.8069088578949886e-01	   7.2879625886223531e-01	   5.7264415826514992e-01	   5.9984632225170531e-01	   6.6231501672137705e-01	   7.8480436381194607e-01	   6.5309456489126172e-01	   2.7701859753709679e-01	   6.2341611346187831e-01	   5.2742019623202696e-01	   6.3418749964305388e-01	   4.6793412560378500e-01	   4.9720590967160427e-01	   4.0924677867713000e-01	   4.4883274971827453e-01	  -3.9789307789242934e-01	  -5.8322480854194631e-03	   2.0595129002203680e-01	   4.6926327836756410e-01	   5.5654842860361131e-01	   6.2243254771023504e-01	   5.1588752268149718e-01	   3.6978621484801349e-01	   4.0645829899283542e-01	   6.5851713746682305e-01	   4.2131374326443947e-02	  -4.1097667164877262e-02	  -2.1025091709306112e-01	   3.8668639766080798e-01	  -1.3985117065445457e-01	  -2.6023396551326915e-02	   4.4951986989205156e-01	   4.8591987905764278e-01	   2.4602365671277906e-02	   3.6059542827311442e-01	  -4.1150288381116479e-02	  -3.8385014153561836e-01	
   6.7700781202651716e-01	   0.0000000000000000e+00	   1.4607390822695557e-01	   3.2712337401724517e-01	   3.4047417813992942e-01	   3.6920046667132689e-01	   1.7235487531305571e-01	   2.3767195124030088e-01	   2.9250218919881210e-01	   5.9267004380887711e-01	   1.7894136285028592e-01	   2.5192628252393540e-01	   2.6938261623684179e-01	   2.1977522452189260e-01	   4.1559907386437661e-01	   5.8949155302770206e-01	   3.7452256623182140e-01	   6.1830015874619149e-01	   4.3701384004699761e-01	   5.3189029648513220e-01	   2.1526680039947793e-01	   2.7644404184169363e-01	   2.9574310939953719e-01	   3.1682403319901392e-01	   9.9583483648518364e-02	   2.9434565538965818e-01	   3.1050797384217022e-01	   2.6623947574384654e-01	   3.1007055295617802e-01	   3.8951168518474416e-01	   1.7091240843053185e-01	   2.4187753329709386e-01	   3.5737357490792615e-01	   4.1692743211544381e-01	   6.5764984735259713e-02	   1.3968756190614207e-01	  -4.9837070726846816e-02	   2.6979689385751526e-01	   1.1998965248388946e-01	   2.2448776999938930e-01	   3.6671748395593462e-01	   2.8017314815680361e-01	   3.0564030709112806e-02	   1.2837352189107037e-01	   4.8770318323333306e-01	   3.9621798893528309e-01	   6.2529696695402914e-01	   6.1665775070577533e-01	   4.5502520051844209e-01	   3.7102964298300756e-01	   4.3729540697278951e-01	   2.3269061412681791e-01	   6.1723604418372013e-01	   3.4626002539106154e-01	   4.2812916730957618e-01	   5.7270675054229769e-01	   9.6733043613900094e-01	   1.3354976436492347e+00	   4.1527376732045440e-01	   4.8415055448707517e-01	   2.8824676150382739e-01	   2.1671017207255483e-01	   2.7847382747580646e-01	   2.7414072253480953e-01	   3.9284098335029521e-02	  -1.2669489664853573e-01	   6.2523527888204256e-02	   1.0409258365778444e-01	   3.1917728103756515e-01	   3.5817691314201588e-01	   1.9194813768769392e-01	   2.7519589636803321e-01	   5.2389818566967916e-01	   5.5505736471329581e-01	   2.9606406389686157e-01	   5.1872782265352324e-01	   4.3417882238913769e-01	   3.7275982883498199e-01	   4.0271275872394935e-01	   3.2437132488315484e-01	   4.4467515077122033e-01	   3.5736498688534252e-01	   4.2393724952341616e-01	   4.0058099695271138e-01	   4.8828517657516279e-01	   4.6497083053615174e-01	   2.4206335708743176e-01	   3.1456146725666589e-01	   3.5438781492069621e-01	   2.8721651483249649e-01	   1.1183468869326767e-01	   1.3970520276796444e-01	   7.1006825510250490e-02	   1.7925876716290307e-01	  -3.9767109068846607e-01	  -1.8733811396555627e-01	   2.2922408453792403e-01	   2.7550123033549367e-01	   6.3536188436386043e-01	   4.3637823186927721e-01	   3.3836258264295188e-01	   2.2163479708863526e-01	   4.3781303042505826e-01	   3.5829255276144567e-01	  -1.4756081043730110e-01	  -2.3940421351030694e-01	  -3.2216467219924189e-01	   2.6991780212508443e-01	  -4.1077903854784326e-01	  -2.9514685585507017e-01	   8.7336344287517423e-02	   3.3274889039953964e-01	  -1.7873072438110291e-02	   6.4166078988747932e-02	  -3.4096288745339398e-01	  -2.6201627145963580e-01	
   5.7617444492959147e-01	   1.4607390822695557e-01	   0.0000000000000000e+00	   9.7991937398145101e-01	   4.9726395862829675e-01	   7.7227205030164559e-01	   1.1118661563797632e+00	   6.4013448352651947e-01	   5.4910997992327337e-01	   4.7802579316897748e-01	   3.3978573386284194e-01	   3.0899558857328431e-02	   4.4917572524084681e-01	   2.1289378387276831e-01	   7.0552287020607918e-01	   6.5502032281559686e-01	   1.8378881501368599e-01	   1.8345582013785314e-01	   7.5456393740884620e-01	   6.7409330539605583e-01	   1.3454129696468775e-01	   4.7428754303006859e-01	   1.3432376821981169e+00	   1.1988852060600266e+00	   7.0610674736897772e-01	   5.9635569251409049e-01	   6.9962124564298933e-01	   4.5909667532151577e-01	   1.7084352220252921e-01	   2.0537002261975609e-01	   9.9744776589185369e-01	   7.1215104482014868e-01	   7.5840648141804445e-01	   4.9770712817813534e-01	   8.6399435539665137e-01	   5.9969062283867891e-01	   5.2920110797404130e-01	   7.9516234637686312e-01	   3.4535250554477998e-01	   7.7695055362625542e-01	   6.6834908604134835e-01	   9.0853003309852287e-01	   6.7120039783451368e-01	   5.6227118804323173e-01	   2.1955036516663079e-01	   5.5699639679005397e-01	   4.4775867498890265e-01	   6.1037297846410210e-01	   4.7950786458140782e-01	   7.3440316163450281e-01	   8.3373889468305040e-01	   8.5563026656988495e-01	   4.2062474630817948e-01	   8.8262404715083043e-01	   4.8217015262110674e-01	   5.7564391644426527e-01	   2.8619329491839801e-01	   1.3543025057676017e-01	   6.8285811318781664e-01	   5.2323831072457094e-01	   6.0906937632769242e-01	   2.8484513953462365e-01	   1.9206885884273886e-01	   2.5443786057584505e-01	   1.0055075804847242e+00	   6.0974795110883884e-01	   8.1991504210698607e-01	   7.2595046547720721e-01	   4.8778878267702525e-01	   6.2260986283044750e-01	   6.8206227720896051e-01	   6.4633994957631113e-01	   4.4780869342245161e-01	   3.0462792188275922e-01	   3.2250477515102416e-01	   3.5672140964421883e-01	   4.2236605875777433e-01	   2.9438873329882675e-01	   1.2286066170047330e-01	   8.4320544617162652e-02	   3.6907874867157292e-01	   2.9397491180578161e-01	   5.7075102697593882e-01	   7.0716252465351948e-01	   6.4541816899212368e-01	   5.2679776699359004e-01	   2.0742912588210388e-01	   6.6922996920873956e-01	   7.6070195121229423e-01	   9.8558563778976982e-01	   1.0602283008190192e+00	   1.1086066774135053e+00	   1.0089834031902212e+00	   1.0873003086575173e+00	  -1.6566492170033328e-01	   1.7577710280791875e-01	   3.5844467692288950e-01	   3.9502547289013046e-01	   5.8093165485601728e-01	   5.9347450760629128e-01	   5.5481410318304192e-01	   6.8481017830112823e-01	   4.3879269862390535e-01	   7.3516316992266217e-01	   3.2609200369863472e-01	   3.7787611731959225e-01	   2.5508203874427365e-01	   3.0122099287595339e-01	  -2.0557272618552988e-02	   2.2321260001495030e-01	   7.2867077143250814e-01	   6.6523153412980884e-01	   2.7110994593532878e-01	   5.1305062656681433e-01	   1.4978136246022000e-01	  -3.5303341975901315e-01	
   7.7320291961720367e-01	   3.2712337401724517e-01	   9.7991937398145101e-01	   0.0000000000000000e+00	   6.1836742631743968e-01	   9.9693224903908861e-01	   9.4217111415077270e-01	   1.1383340565343807e+00	   6.7637524630421286e-01	   8.6624905271764263e-01	   5.5000691340130703e-01	   2.7927959508865385e-01	   6.5193665539509216e-01	   3.8123895999627083e-01	   9.9512396255236835e-01	   8.3215882522637996e-01	   4.8176709296392156e-01	   4.8690859176311813e-01	   8.2970021180313580e-01	   8.5649424742388303e-01	   3.8396649021048113e-01	   6.2903171079058962e-01	   9.8443236516765253e-01	   1.2183239091837257e+00	   3.4495270583835158e-01	   6.9716154426764498e-01	   8.0390012714410364e-01	   5.6881713886556096e-01	   4.7175946043230510e-01	   4.9379438605552095e-01	   1.0365508741081699e+00	   1.0569222212163110e+00	   1.1255133187633986e+00	   9.5820088867082487e-01	   6.9808259386394700e-01	   7.2852007780938788e-01	   3.1418147953288189e-01	   6.4838878463009852e-01	   3.0284157403792439e-01	   6.5698059924832564e-01	   6.8245093202096785e-01	   9.0023383309246141e-01	   4.3475605350469393e-01	   3.9854154807023995e-01	   4.8342246594279431e-01	   7.1161211647653488e-01	   6.4735337778962931e-01	   7.1429393443468137e-01	   6.9314117734322556e-01	   8.0108809428552608e-01	   8.6994242875840666e-01	   8.4426889122423532e-01	   6.6417811216340827e-01	   8.1866833935251737e-01	   5.7802247450597033e-01	   7.8929338992070752e-01	   5.7625829073099577e-01	   4.5866485146810970e-01	   6.3163434727631362e-01	   6.8927994880703225e-01	   7.9670932895234314e-01	   6.8878498486589135e-01	   5.0232902238990318e-01	   6.0162245867957254e-01	   7.7020449344308983e-01	   8.1929035386613913e-01	   7.0392822226502738e-01	   8.0008041457311008e-01	   3.6005116500635209e-01	   5.0416979007995111e-01	   7.0422311535305948e-01	   6.7134858597944591e-01	   4.6203939185016951e-01	   3.5625104378208228e-01	   4.3276103443448466e-01	   4.2461676659981906e-01	   5.5145498012183802e-01	   4.5576139019710221e-01	   5.0755203370187418e-01	   3.3101454047496714e-01	   7.6643661962386556e-01	   6.1769461497097355e-01	   7.3482433253754975e-01	   9.7926313441419788e-01	   8.6732566361007912e-01	   9.0077833470490010e-01	   2.9949817920274524e-01	   9.0577039381459190e-01	   6.5069940091114697e-01	   9.8950825186654212e-01	   7.8990678748978049e-01	   6.3217062545080960e-01	   7.7840460268281375e-01	   5.7880163131365581e-01	  -3.7060767737314071e-01	   1.1299777652095963e-01	   1.8403268693686878e-01	   3.7685304951223919e-01	   7.9491698418449575e-01	   7.1344431063800806e-01	   6.4370552170131878e-01	   5.4514689748534884e-01	   6.2866179723207682e-01	   6.0712658150828147e-01	   2.7314162890599525e-01	   1.1761406291431421e-01	   7.4262226748228036e-02	   3.8904962211655769e-01	  -2.0546279656017577e-01	  -2.6070180606187078e-02	   5.0277824032868967e-01	   6.1686365668803189e-01	   2.4669268781474152e-01	   4.0178154986826398e-01	  -5.1948879874429969e-02	  -2.9051240695483971e-01	
   2.6308610278409272e-01	   3.4047417813992942e-01	   4.9726395862829675e-01	   6.1836742631743968e-01	   0.0000000000000000e+00	   7.4141844321515349e-01	   3.8670504352834068e-01	   2.3500953551687889e-01	   7.3949809240422248e-01	   6.0265534935647980e-01	   6.6535211792735097e-02	  -1.3958439299874445e-01	   3.1241317015506465e-01	  -9.6692203230911919e-03	   6.0848080556163753e-01	   5.2395649697955859e-01	  -2.3030401837085310e-02	   7.1218339362120631e-02	   1.7802595991680567e-01	   2.1788741011252513e-01	   5.2665906568360166e-01	   4.5387767127829859e-01	   5.5119905321108331e-01	   5.5016439395660810e-01	   4.2589888864638759e-01	   6.9852126083208010e-01	   8.0826665796916264e-01	   4.5378941648593385e-01	   9.7145290105194501e-02	   7.0257659088098848e-02	   5.4268763061316072e-01	   5.4605275213393312e-01	   4.1294693800824200e-01	   2.9627188556994610e-01	   4.6635516378972708e-01	   3.7962611557512771e-01	   1.3553192282882548e-01	   2.4149379979171856e-01	   1.1026556578463009e-01	   2.8284430280863265e-01	   3.3736547640005227e-01	   3.4637482321539920e-01	   9.2450925001676981e-02	   1.4427395066800489e-01	   3.9281651621501229e-01	   3.3551898950199893e-01	   3.0720833711816037e-01	   3.3496031466698956e-01	   4.0299473297238608e-01	   3.6101260436439181e-01	   4.1447607940866965e-01	   3.1985796043990966e-01	   2.5420100987152883e-01	   3.4345703154299334e-01	   2.3056765910332144e-01	   3.2139281404642184e-01	   2.3126579754681623e-01	   3.3752017913631688e-01	   2.8726357663361957e-01	   3.1347887978362721e-01	   2.8716081567807211e-01	   2.9584527769056462e-01	   2.2108162880011745e-02	   8.5953287198110240e-02	   6.8584430371048843e-01	   3.8719310301052429e-01	   2.3881721129187272e-01	   2.2393564807361482e-01	   6.4045151822657784e-02	   1.7924255610295198e-01	   4.1938387908772667e-01	   2.8307567491016433e-01	   1.8254739528721750e-01	   4.9275369131868328e-02	   1.2077529389760824e-01	   1.6197149841571634e-01	   8.0036520997351132e-02	   5.5929877141837760e-02	   1.2718283185916316e-02	  -9.1790868078027804e-02	   1.5630760766271978e-01	   1.2794300950816273e-01	   4.1140075709672819e-01	   3.6678101355158177e-01	   3.9014001250049579e-01	   3.6193305474088006e-01	   1.0176334421285173e-01	   3.3870778550807107e-01	   4.0943658692815166e-01	   3.7481482616737416e-01	   4.3578928812761847e-01	   3.8913049955935552e-01	   4.6890523978609300e-01	   3.7040280644741819e-01	  -1.6259914824532035e-01	  -2.7882476348990656e-02	   1.5694339434052340e-01	   1.8114860125249793e-01	   4.0388520503000991e-01	   3.9606385240466441e-01	   2.3874406989499089e-01	   2.3320764608177003e-01	   4.1480604980871488e-01	   3.4375534389949364e-01	   3.2609817083373371e-01	   1.5049035438343714e-01	   4.8262412995714994e-02	   1.6757202960206272e-01	  -8.8881388604157160e-02	  -2.1303913752773834e-01	   1.6975597508905826e-01	   2.7324855337316661e-01	   1.5359377615377892e-01	   1.9851847172048528e-01	  -4.3407818659939777e-02	  -3.5360400206212894e-02	
   5.7397961851739188e-01	   3.6920046667132689e-01	   7.7227205030164559e-01	   9.9693224903908861e-01	   7.4141844321515349e-01	   0.0000000000000000e+00	   7.9870792847503924e-01	   6.4433010094398946e-01	   8.3700324758271982e-01	   9.4210803686972722e-01	   3.1512547700505877e-01	  -2.6862349203820128e-02	   7.1014820513747623e-01	   1.9917369593419745e-01	   9.5165118595596976e-01	   7.7145884027501299e-01	   3.1926288026731781e-01	   3.4773401287152578e-01	   7.1125954313273465e-01	   7.1734755057130684e-01	   4.3629063307255411e-01	   8.0248378778281659e-01	   7.4302705011870041e-01	   7.4329625300459168e-01	   1.8739932263201453e-01	   6.6418378242194198e-01	   9.3670323110971843e-01	   1.0020027015393378e+00	   3.6643272422755097e-01	   3.7768549143903118e-01	   6.6072550041033440e-01	   6.6728453797662635e-01	   7.9204495389934126e-01	   6.6513014997923459e-01	   6.6279919474929350e-01	   5.0188646459841646e-01	   5.5548734811793857e-02	   3.9794773753957680e-01	   5.8638698093914331e-02	   4.4239127896565628e-01	   5.8128795392418353e-01	   7.9461151991083667e-01	   2.6639782197404327e-01	   1.8616623902794974e-01	   4.9038396239297055e-01	   6.2612995445410990e-01	   4.2379492921241124e-01	   5.2770685153515506e-01	   6.2101054468861649e-01	   6.5007896138250254e-01	   6.4929318084033938e-01	   6.0949192591984869e-01	   4.9417186881056663e-01	   6.7756110333234465e-01	   3.9070477586373209e-01	   5.7897239280714463e-01	   4.5869412473376930e-01	   3.8628088504367125e-01	   5.5172501661864237e-01	   5.2610052650889161e-01	   6.5496222992720998e-01	   4.5580377337757400e-01	   2.2387830415179871e-01	   2.8612831006700268e-01	   6.9050126797553679e-01	   6.8437452537221644e-01	   5.4959834503275107e-01	   5.6081259296974306e-01	   2.9116963871877743e-01	   5.0876736941579015e-01	   7.0786887241170393e-01	   7.7166411006245861e-01	   4.0907060408265800e-01	   3.0515281006602757e-01	   4.1498459139894817e-01	   2.9372686896695266e-01	   3.7356772280274231e-01	   3.0061910887672894e-01	   2.7590834308400852e-01	   1.1701053254964146e-01	   5.7096359876315017e-01	   4.8270718567904614e-01	   5.5031966126415777e-01	   8.6718181633075986e-01	   5.9445256424828163e-01	   5.3104313899641931e-01	   5.6856972294695815e-02	   6.8620540617475922e-01	   4.5795494965908035e-01	   7.4608608309663071e-01	   7.7030088885227965e-01	   7.3874794258932075e-01	   8.5626515897856093e-01	   6.5966489928235028e-01	  -3.9101464580158402e-01	  -4.0268080870494154e-02	   1.0521485931967021e-01	   1.7279307249144016e-01	   7.2295610927091603e-01	   6.7884114692146158e-01	   6.1680994738094785e-01	   4.4910636415348382e-01	   6.9078293656399836e-01	   6.1867135001099338e-01	   1.9851098354347657e-01	  -7.2390008328280788e-03	   5.7090942174385768e-02	   3.2783699738805711e-01	  -1.9408180144511455e-01	  -2.1378189390703367e-01	   3.6884760043430764e-01	   4.1906755571854937e-01	   2.5874525810011406e-01	   2.5505441524374522e-01	  -1.6986356930619895e-01	  -3.6837837011962493e-01	
   5.3282703729775038e-01	   1.7235487531305571e-01	   1.1118661563797632e+00	   9.4217111415077270e-01	   3.8670504352834068e-01	   7.9870792847503924e-01	   0.0000000000000000e+00	   1.0429813925459153e+00	   6.0015592231905057e-01	   4.9873565117847152e-01	   5.7056708741677020e-01	   3.0003599059147823e-01	   8.5201912936393875e-01	   5.1912031980167939e-01	   6.6248606429743551e-01	   5.1987715962574321e-01	   4.3105069682375230e-01	   3.4957684605088668e-01	   7.8348500169175683e-01	   7.2251667101742933e-01	   1.3725593185355922e-01	   4.1302187961577475e-01	   7.9185044016216111e-01	   6.9036413730058011e-01	   3.1463423197608931e-01	   3.5510460378413966e-01	   4.7799822653327739e-01	   4.1377758208317333e-01	   4.2405811828577650e-01	   3.5662447555091009e-01	   6.7668494992668327e-01	   5.1852237359666353e-01	   7.6984835071820668e-01	   6.5988061623745287e-01	   6.4592862351580038e-01	   5.6304691156101283e-01	   2.4871044061735742e-01	   4.5469145101022090e-01	   1.9054360703252352e-01	   4.3700392201906901e-01	   5.4999835729136060e-01	   6.7339713061790119e-01	   5.3661083443927216e-01	   4.2487979235607326e-01	   3.8981485417603562e-01	   6.3181864594005421e-01	   5.3783888122769830e-01	   6.5090151635667637e-01	   6.3552644702136707e-01	   6.3131319767508254e-01	   9.0532243366176735e-01	   8.8314390722993952e-01	   5.3915390234467986e-01	   6.6892014646204745e-01	   5.7217186712975809e-01	   6.1364098354671792e-01	   2.0996445929238025e-01	   8.9492180793562345e-02	   7.1185237636562260e-01	   4.4698846658401853e-01	   1.0306709028684369e+00	   4.4323855939876655e-01	   5.0533706348349139e-01	   5.5540736410781300e-01	   7.9215253339507141e-01	   6.2234574470694692e-01	   1.0356416019351227e+00	   9.2005040073974109e-01	   2.0158882100083789e-01	   4.1141100180200596e-01	   8.2862864283244297e-01	   5.7230951679919084e-01	   5.1486646576274475e-01	   3.8261567831433746e-01	   4.9288314645344472e-01	   3.9824088287604997e-01	   5.3457891881266606e-01	   4.7574431053791466e-01	   2.6254175700214050e-01	   3.3549673351732329e-01	   6.2847682379314895e-01	   6.1177963651651923e-01	   4.9654788857536758e-01	   5.9774132253397572e-01	   6.5793849458859777e-01	   6.7707287885044320e-01	   9.4915571349072345e-02	   5.0157301533312437e-01	   6.9171707611634925e-01	   7.6769385938295498e-01	   7.9107246339995796e-01	   8.1284753647881736e-01	   8.7508777046836494e-01	   7.4434018435361970e-01	  -3.8780564935086498e-01	   1.3497584187192329e-02	   2.5189493070273095e-01	   2.7496442762927753e-01	   6.9424733962554486e-01	   7.6354760601033134e-01	   8.2582750831828633e-01	   6.8613564005060579e-01	   6.0884984092670291e-01	   6.7381537909222744e-01	   2.0886903642515650e-01	   2.2279721591033705e-01	   1.7910109893828907e-01	   3.7037406183626503e-01	  -2.1360334426559066e-01	   1.1432309027949134e-01	   6.0943760576509987e-01	   5.2200378116701351e-01	   3.3133506622643905e-01	   4.0300597764155877e-01	   6.4119367923390763e-02	  -3.1976722985778727e-01	
   5.7764144794883476e-01	   2.3767195124030088e-01	   6.4013448352651947e-01	   1.1383340565343807e+00	   2.3500953551687889e-01	   6.4433010094398946e-01	   1.0429813925459153e+00	   0.0000000000000000e+00	   3.9456897613297504e-01	   6.6447197336926633e-01	   6.5313433358896000e-01	   5.6424542910406283e-01	   6.6296643313374426e-01	   6.4036097400692316e-01	   5.8702806395606322e-01	   5.3647603390359255e-01	   7.2543068802470423e-01	   6.2923572390078530e-01	   8.3166572038804565e-01	   7.6001637595326188e-01	   2.4422518479836824e-01	   4.4769298838861915e-01	   5.4129305139157557e-01	   6.1135584669386112e-01	   1.1815152464599157e-01	   3.2219214944701957e-01	   4.1879542425943295e-01	   3.2165654666536442e-01	   6.4995018514845948e-01	   6.3547500841525795e-01	   6.2405142554024073e-01	   6.3605069035824413e-01	   8.4636463355980862e-01	   9.4360534306302513e-01	   4.1855210661419046e-01	   4.8022134029278551e-01	   7.9629765704876454e-02	   3.5866720729006440e-01	   9.7684023730100808e-02	   2.9600287386796492e-01	   4.9089748183748133e-01	   5.7234650125309228e-01	   4.0950477598309137e-01	   3.9228672154556055e-01	   4.6226530622154949e-01	   6.7660662051368481e-01	   6.5298663750054609e-01	   6.9470302627917324e-01	   6.5210202065251233e-01	   6.6566724348847983e-01	   7.9425215319278109e-01	   8.7959169636463019e-01	   7.4191037843149710e-01	   6.0229483717271248e-01	   5.6089349951966283e-01	   7.0059052970004188e-01	   4.3643208091099495e-01	   3.1210632517824011e-01	   7.4998354533296796e-01	   6.0771856514567268e-01	   8.9396138623724319e-01	   8.1589442909280840e-01	   8.5326959351944376e-01	   1.0077709106878123e+00	   4.1125443700387121e-01	   6.9403972188807417e-01	   8.2699148135249456e-01	   9.6878887066559471e-01	   9.2729896352694602e-02	   3.1248005588303074e-01	   6.8572977518487310e-01	   6.5360424526708305e-01	   5.4158545994111318e-01	   5.1640203902647830e-01	   4.3249011473926940e-01	   4.1867234767212136e-01	   6.1405131363248477e-01	   6.6561851495457669e-01	   6.0921590776806978e-01	   5.2448298007479133e-01	   9.4210586307422517e-01	   8.0810037434636839e-01	   5.5477638780712479e-01	   6.4160679506893470e-01	   6.5329255215395954e-01	   7.5875981672118331e-01	   9.5359843694990815e-02	   4.8326191274878066e-01	   4.8186995598564381e-01	   7.2380726153156916e-01	   6.4793752561907736e-01	   4.9153415654367061e-01	   6.8405311601969865e-01	   4.0012700676317614e-01	  -4.3277460989396022e-01	   8.0351798613833403e-02	   1.4700430364879816e-01	   3.6272467702744693e-01	   8.8425654011316457e-01	   8.2063676482684489e-01	   9.4341148999398861e-01	   5.9444188565692391e-01	   7.8862495085570994e-01	   6.2973421702711829e-01	   2.5141819502127705e-01	   8.9964381744090605e-02	   1.2429200653980617e-01	   5.2284719583350014e-01	  -3.2528122948212163e-01	  -4.1474997647754815e-02	   4.0866048008589484e-01	   6.1323582263156662e-01	   3.5170205073092992e-01	   4.8335512538012160e-01	   1.8721477884446676e-02	  -2.5558612484087023e-01	
   4.7164889651579478e-01	   2.9250218919881210e-01	   5.4910997992327337e-01	   6.7637524630421286e-01	   7.3949809240422248e-01	   8.3700324758271982e-01	   6.0015592231905057e-01	   3.9456897613297504e-01	   0.0000000000000000e+00	   7.3181600502204913e-01	   4.3212306553579949e-01	   8.1113912445825179e-02	   7.3308765873887194e-01	   1.7797001268269572e-01	   9.5407955742096506e-01	   6.3087980645273467e-01	   1.7802234690899921e-01	   9.6433094226411914e-02	   3.1805345152875347e-01	   3.3035522889584934e-01	   5.1448977571293875e-01	   5.7978041612128772e-01	   5.7688248262546582e-01	   4.9756395092078420e-01	   1.3298051164828217e-01	   5.0300294577784921e-01	   5.6471077550233373e-01	   6.6527548262301095e-01	   3.7302423642794574e-01	   2.9226299358557195e-01	   5.8740230560657292e-01	   6.2829122552689809e-01	   4.5435825073280134e-01	   3.8292881536376128e-01	   3.5669015754120054e-01	   2.4795278347722455e-01	   2.3367756728357617e-01	   3.3826919352506074e-01	   2.1644676536641544e-01	   3.1439081403945895e-01	   3.2604876488767998e-01	   4.5150781245820326e-01	   3.1139282137843571e-01	   3.0692538945689873e-01	   3.5456138657488750e-01	   3.6383944302776250e-01	   3.6388146119940196e-01	   3.5119910071501159e-01	   4.1331416652879210e-01	   3.6623746107453131e-01	   3.6616202242295859e-01	   2.4282296513660043e-01	   2.3145243069627988e-01	   3.7135542149581341e-01	   2.9693557201248411e-01	   4.1169486939613253e-01	   2.9766307153600119e-01	   2.2932857109454596e-01	   3.0873097575239283e-01	   3.6482421934926496e-01	   5.2524955701855336e-01	   4.3441463010827230e-01	   1.7661565364384454e-01	   1.9988586380944581e-01	   7.5846683378810487e-01	   5.1934155814831051e-01	   1.7525811571746627e-01	   1.3883705177928227e-01	   1.8128593223579592e-01	   2.4284125635686254e-01	   6.0609529721236899e-01	   5.1434684324179036e-01	   3.0427573007640546e-01	   1.4064361378103524e-01	   2.0702788270186276e-01	   1.8416109046028942e-01	   1.9684267902774932e-01	   1.0291745130050313e-01	   2.1712150232054966e-01	   9.8274798615509501e-02	   3.7525131198603967e-01	   4.1075275461572108e-01	   4.3319232962169968e-01	   4.9367863436410497e-01	   4.8595697065989191e-01	   4.0091074003157839e-01	   1.1320503000264032e-01	   3.6614094327273838e-01	   5.0701964297974722e-01	   4.0440981425895434e-01	   4.2243246836783155e-01	   4.7623563049506207e-01	   4.6958333059342261e-01	   4.8823720223854827e-01	  -1.5647545507952290e-01	   1.0696468734241138e-01	   1.6527172654138139e-01	   4.3156690538733922e-01	   3.8280415098878645e-01	   4.2107211044287407e-01	   3.1393649628916964e-01	   3.6920540660028223e-01	   4.6209026339095832e-01	   3.3865182337154381e-01	   4.1740902010598280e-01	   2.2433946015674788e-01	   1.3975726839717023e-03	   2.2750682597240218e-01	   6.4376338018044030e-02	  -1.5874235383586455e-02	   2.0653371146785660e-01	   3.2075036179286748e-01	   2.3017593106726647e-01	   3.3160789737129137e-01	   1.2893227899474716e-01	   4.1762589828651782e-02	
   5.7388920957436551e-01	   5.9267004380887711e-01	   4.7802579316897748e-01	   8.6624905271764263e-01	   6.0265534935647980e-01	   9.4210803686972722e-01	   4.9873565117847152e-01	   6.6447197336926633e-01	   7.3181600502204913e-01	   0.0000000000000000e+00	   4.6316914167154277e-01	   3.6701349382214149e-01	   6.2640262224881327e-01	   4.5714472801068634e-01	   9.7061465801793756e-01	   1.1593995780363073e+00	   4.3992514047442705e-01	   4.8403198911165557e-01	   5.0044120823870397e-01	   5.3321008285131444e-01	   5.6993243952051620e-01	   6.4221923529224456e-01	   5.9724631825200580e-01	   6.2739047638983025e-01	   9.9098280831549729e-02	   4.8240319798219405e-01	   6.3408260555052121e-01	   6.5054080773233369e-01	   5.4884273942782924e-01	   6.4049692892238197e-01	   5.7803184400410446e-01	   6.5430923132135799e-01	   6.0874208454072698e-01	   6.9382919187912206e-01	   2.9391625263433085e-01	   3.0980250832179890e-01	   1.0079666270844756e-01	   3.2799313110638711e-01	   1.6970404181240120e-01	   3.2118337226594740e-01	   5.7648921346006254e-01	   5.9891546161968978e-01	   5.2049652846661403e-02	   5.4054475016050089e-02	   4.7668064388762355e-01	   4.5159603276774896e-01	   4.9291859021577428e-01	   4.4309428428249098e-01	   5.1220793225286687e-01	   4.5693830077825548e-01	   5.4932812842366618e-01	   4.0818900007242237e-01	   5.0084416556394551e-01	   3.8915365255794299e-01	   5.6608172892693787e-01	   6.2645556787526169e-01	   6.0233297278780684e-01	   6.1766083845256703e-01	   6.0948057277770251e-01	   5.1258843027970746e-01	   5.4730119482243944e-01	   6.0208479072970822e-01	   3.3962972497847138e-01	   4.8183032064363268e-01	   4.1934713528552864e-01	   4.9967609859653406e-01	   2.4008875530547202e-01	   3.2441721202934293e-01	   1.3671287728233986e-01	   2.6830020657847542e-01	   4.1076671636402562e-01	   5.4638709049158152e-01	   5.1393127689488138e-01	   4.4910964660779346e-01	   3.5618712344562187e-01	   4.1850931434295885e-01	   4.0540844667203074e-01	   3.6163883891696558e-01	   4.2736283927971197e-01	   2.8955928537802367e-01	   6.1669660497032397e-01	   5.6958077888849712e-01	   6.8232434254278407e-01	   7.8439772938853680e-01	   7.0723048359329055e-01	   6.4741077667816116e-01	   2.1136266515852942e-01	   5.3299771598258694e-01	   5.4803290829006013e-01	   5.2012903563238488e-01	   4.0740540335223563e-01	   2.9431990842833577e-01	   4.7647904648518374e-01	   3.2866223620003204e-01	  -3.8907490413023588e-01	  -4.5561553176416421e-02	   1.0000786082304258e-01	   3.4033933657350696e-01	   6.4990213051781531e-01	   5.2004110479899879e-01	   5.3236835583013287e-01	   4.0609933526877950e-01	   6.1922886396299981e-01	   3.8713647090753039e-01	   1.7683566862381186e-01	   4.0705256294332692e-02	  -1.5685247298910490e-01	   3.7956629107692502e-01	  -2.8185393588408014e-01	  -3.7277541473932302e-01	   2.6929808488184059e-02	   3.5311401795737324e-01	   1.8992855186564850e-01	   1.8736100732532437e-01	  -1.7357125989383504e-01	  -2.4336844016414275e-01	
   6.2848047791849038e-01	   1.7894136285028592e-01	   3.3978573386284194e-01	   5.5000691340130703e-01	   6.6535211792735097e-02	   3.1512547700505877e-01	   5.7056708741677020e-01	   6.5313433358896000e-01	   4.3212306553579949e-01	   4.6316914167154277e-01	   0.0000000000000000e+00	   7.4758396257241955e-01	   8.2203592462373809e-01	   7.1087248909050249e-01	   5.8502608105476850e-01	   4.5955882283666494e-01	   7.7845057144224272e-01	   4.0154186234952849e-01	   4.7222015897173086e-01	   4.0158809588679895e-01	   7.1607082458445437e-02	   4.2329151212747873e-01	   4.2672463609988720e-01	   3.2392196056829825e-01	   6.7662933073622519e-02	   2.3633793395442887e-01	   3.6881554895904669e-03	   2.5552453286807142e-01	   7.5776138898529199e-01	   6.0069136712442961e-01	   4.9788895418054246e-01	   5.6619875068840497e-01	   6.5602913439983412e-01	   7.6585907559830768e-01	   2.5428202057092808e-01	   2.7825765151205828e-01	   2.6730675193815145e-01	   3.6012540561061607e-01	   3.8930157062778392e-01	   3.3520136237290726e-01	   3.0105339309071294e-01	   3.8570557458788346e-01	   1.0325225264877151e-01	   1.0031335041909353e-01	   3.9416765112205121e-01	   3.7585431653733331e-01	   4.4124582958355973e-01	   3.2251067933158234e-01	   4.5631955191247664e-01	   2.7787082084288339e-01	   4.9172889446240464e-01	   3.6215145396407794e-01	   3.5127866174675565e-01	   1.5397123530390236e-01	   6.7649162210504565e-01	   5.6012983135316141e-01	   2.5314005193227734e-01	   2.0089837616707393e-01	   5.8400018411199883e-01	   4.6113554222122199e-01	   8.2911568336780572e-01	   5.6066850445821470e-01	   7.8807072598426842e-01	   7.7180291353409780e-01	   3.3990885309288743e-01	   3.4800152193875200e-01	   4.9513496450453059e-01	   5.4026247178934050e-01	   1.4729005024276817e-01	   1.0334912588717250e-01	   3.1572266481214678e-01	   2.5015000447574609e-01	   3.3450711705032138e-01	   3.1730004112518079e-01	   3.4751143193302780e-01	   3.1514542738223816e-01	   4.8299860518833404e-01	   5.3068357525336241e-01	   5.7243374231716770e-01	   5.5113317048971133e-01	   7.8331149314001447e-01	   8.4921107370095639e-01	   6.2736837304096371e-01	   4.0179873053777271e-01	   9.0926393485259493e-01	   8.5743630456766773e-01	   5.1329782512794198e-01	   4.0274836870892466e-01	   7.2972889361129256e-01	   4.4426488228158084e-01	   1.3449178163152359e-01	   1.3950055343643911e-01	   1.9105413788208631e-01	   2.0077496350979143e-01	  -3.2131101909419446e-01	   8.9827902800856438e-02	   1.4111246580025330e-01	   4.4657490931037502e-01	   3.3166782506733605e-01	   4.4574421774763895e-01	   5.8612415379107741e-01	   3.3133833377796773e-01	   4.2217952743189774e-01	   3.0969696902883670e-01	   1.0396844498249147e-01	   1.5487537983020350e-01	  -2.3603142983034972e-01	   3.8686150228691263e-01	  -1.7748218813616659e-01	  -8.6604134273049263e-03	   7.0408045500891331e-02	   2.7624299440352706e-01	   2.8577957715575675e-01	   2.7272954823616419e-01	   6.5284798197732280e-02	  -3.8179238536899369e-02	
   2.3404943277131146e-01	   2.5192628252393540e-01	   3.0899558857328431e-02	   2.7927959508865385e-01	  -1.3958439299874445e-01	  -2.6862349203820128e-02	   3.0003599059147823e-01	   5.6424542910406283e-01	   8.1113912445825179e-02	   3.6701349382214149e-01	   7.4758396257241955e-01	   0.0000000000000000e+00	   3.7325749933737151e-01	   1.1781870659511455e+00	   2.4325686879689878e-01	   4.1141984426695349e-01	   7.0370492370076754e-01	   6.0636230106985012e-01	   2.4138477125813876e-01	   2.6081529093369943e-01	   1.1605254700219936e-01	   1.2633822061860375e-01	   9.6744885002752246e-02	   8.7293169883147365e-02	  -1.1647249760170877e-01	  -1.2145464777877238e-01	  -2.4773403589069201e-01	  -9.8833989109660389e-02	   7.8750927972800366e-01	   7.2673663610170869e-01	   2.3047993839436440e-01	   2.4974497437627802e-01	   2.7562416435623782e-01	   4.7862004821604837e-01	  -1.9644504766378060e-01	  -1.8966721276398632e-02	   2.4827780693975415e-01	   1.9797487955440971e-01	   3.2667034706392400e-01	   1.4480620305272088e-01	   2.6233354451534735e-01	   2.5823089540710675e-01	  -7.3656960684634953e-02	  -8.3823900363240288e-03	   1.8800011275149139e-01	   5.1982788567539379e-02	   3.3948876191135519e-01	   2.3276664333060645e-01	   1.2227407247513680e-01	  -4.3604772955507846e-02	   1.7434961497381146e-01	   7.8045519560419330e-02	   2.3656749323021309e-01	  -1.3153861543728745e-01	   5.5849743307444688e-01	   3.9044967584129175e-01	   1.7279152389336505e-01	   1.5241991673924649e-01	   2.9112758225298424e-01	   9.1395738000549315e-02	   4.4641728363351263e-01	   4.7524607726768786e-01	   8.4564465730074367e-01	   8.4618340788935920e-01	  -6.8028929092729576e-02	   2.4581527814081797e-02	   1.6057991995861773e-01	   1.9175750643380921e-01	  -1.3714717499869697e-01	  -1.2977390317765336e-01	   1.3012708538279247e-01	   9.9313688631192554e-02	   4.4508860126508898e-01	   5.4759714786296043e-01	   3.6721218670207262e-01	   4.0796156555804053e-01	   5.7038284799509920e-01	   6.0694452799126730e-01	   5.2610517438772142e-01	   8.1054507345587301e-01	   5.6038556252541727e-01	   6.3910940005312911e-01	   3.8152213242379307e-01	   1.4396374575943724e-01	   4.3403545878938143e-01	   5.4809936157305317e-01	   3.3624026437661403e-01	   5.3912347489763562e-02	   4.1618722344650683e-01	   8.3552676091196112e-02	  -1.3815151734111208e-01	  -1.8057460474767068e-01	  -4.0956230230568345e-02	  -1.2618696499803567e-01	  -3.2607674646084023e-01	   9.4423347280678561e-03	   1.2091034071122733e-02	   3.5793618413481287e-01	   1.9603487461330274e-01	   1.7985289065837587e-01	   3.6731132734870198e-01	   1.9646160142621613e-01	   1.9361028174260750e-01	  -3.2012162437280160e-02	  -3.9985794836478745e-02	  -8.7652080387201918e-04	  -3.4126665859751137e-01	   1.6928750914956209e-01	  -2.5376012193811359e-01	   2.3218840292014403e-02	  -1.9283335290766496e-01	   1.4582087614042613e-01	   2.7832684906709004e-01	   1.4203558011724188e-01	   8.6117528330858922e-02	   7.7532267998417850e-02	
   5.2229565265607314e-01	   2.6938261623684179e-01	   4.4917572524084681e-01	   6.5193665539509216e-01	   3.1241317015506465e-01	   7.1014820513747623e-01	   8.5201912936393875e-01	   6.6296643313374426e-01	   7.3308765873887194e-01	   6.2640262224881327e-01	   8.2203592462373809e-01	   3.7325749933737151e-01	   0.0000000000000000e+00	   6.6352594094002126e-01	   8.5597975527358827e-01	   5.6396765897619550e-01	   4.9086804642866788e-01	   3.2218607627457080e-01	   4.5507508237289507e-01	   4.5688860857059715e-01	   2.3732572795274715e-01	   5.2257738939855547e-01	   5.0115825926470370e-01	   3.9027700314387115e-01	  -3.9761245687952081e-03	   2.2764268865323756e-01	   3.4544250102591512e-01	   5.6408621657626901e-01	   5.6510141360896582e-01	   4.2885413354793983e-01	   4.2755263297173335e-01	   4.3557285690461722e-01	   6.1559769607041115e-01	   6.0779921300057516e-01	   3.9557604072969077e-01	   3.5604408255821529e-01	   8.9471674119467090e-02	   2.6173613305916665e-01	   1.3581819223644012e-01	   2.1702834849866715e-01	   3.6072530437749112e-01	   4.1743775301376235e-01	   1.7575897781499869e-01	   1.1955722933401686e-01	   4.7909601568377003e-01	   4.7204866583274879e-01	   4.6869248852693912e-01	   3.8273630062264408e-01	   5.8674458031006260e-01	   4.1083379906092149e-01	   5.8881630514792183e-01	   4.2041146352763231e-01	   3.9194782024779279e-01	   3.0190066118141246e-01	   5.1025057553575759e-01	   4.5721187123123186e-01	   2.7678317497255550e-01	   2.0416168139718815e-01	   5.2458555620149072e-01	   4.7361976037913434e-01	   8.7866506721355686e-01	   4.8736405824939061e-01	   4.8862796126692581e-01	   4.6019773450742796e-01	   5.1626477689481831e-01	   4.7361607143664319e-01	   5.1349424918534758e-01	   4.5479307311809081e-01	   1.3363798217868650e-01	   1.8944755463691521e-01	   5.5630624303658549e-01	   4.6884153047374683e-01	   4.4945968409360870e-01	   3.6679061819790232e-01	   4.8281377829761407e-01	   3.9380312513964150e-01	   3.3988189380250761e-01	   3.4699589306676754e-01	   3.4474610801820010e-01	   4.2692531641690212e-01	   6.8421266115070811e-01	   7.3503425629892705e-01	   4.0689096484064907e-01	   4.8254927064521835e-01	   6.9104073364802265e-01	   6.6325631463931500e-01	   1.8676817603800694e-01	   3.8479925737571080e-01	   5.2832797079785476e-01	   4.3967926284680980e-01	   3.8232397747245395e-01	   3.8280977360597307e-01	   5.1569166170897840e-01	   3.9267122830279555e-01	  -4.1301865103551455e-01	  -4.9942524276211431e-02	   1.0911985438650221e-01	   2.0982393889782519e-01	   4.9236520166137565e-01	   5.6481573888898240e-01	   6.4979870989374977e-01	   4.0404137318938260e-01	   5.4210179337128084e-01	   4.3057583399592758e-01	   2.5077673396704614e-01	   1.7062269109841960e-01	  -1.1588900298228524e-01	   4.5308156604442723e-01	  -9.1258504401368484e-02	  -2.3432425638415230e-02	   1.8855212364901164e-01	   3.7146338373017362e-01	   3.4706891269898971e-01	   2.1129344296810212e-01	  -2.4898845930482472e-03	  -1.1802340285181873e-01	
