   0.0000000000000000e+00	   1.2891040209107014e+00	   5.3768065732073489e-01	   5.6785739458710138e-01	   2.3896539219913282e-01	   2.5754113886183883e-01	   5.8164077084758514e-01	   4.6502428425996334e-01	   4.4265253831850715e-01	   3.9905902518271091e-01	   5.9421539622455999e-01	   4.7049640696093525e-01	   5.6878688043924297e-01	   4.8381008701658790e-01	   6.6141935089788140e-01	   4.6414346989953859e-01	   5.3082793701538455e-01	   5.6522999784799721e-01	   1.1040225931035275e+00	   9.5897095389518849e-01	   2.3383889844191166e-01	   1.7893626750916095e-01	   4.3294287640767332e-01	   3.0865843428696327e-01	   9.9175905176477772e-02	   1.5934277622014878e-01	   6.0117041630892509e-01	   4.2956638850676965e-01	   2.2430823230406557e-01	   2.6074712327252120e-01	   8.8015336938802854e-02	   1.6630153655525803e-01	   8.3512572874039259e-01	   8.8996976847823706e-01	   1.5506089732312159e-01	   1.3449809032827356e-01	   4.8330816701394308e-01	   4.3320524662216231e-01	   4.2735360156878111e-01	   6.7033406509166549e-01	   3.8264280070946499e-01	   7.7646400234601309e-01	   6.9450517695725500e-01	   6.3045716595477408e-01	   4.5204301161524901e-01	   4.2858446477492429e-01	   6.3723702454801257e-01	   5.6954311365944732e-01	   7.8716376485175021e-01	   6.7065076159829906e-01	   7.8596321367410027e-01	   6.0000140002724800e-01	   6.1266911591367990e-01	   4.2444992185031194e-01	   9.6460542971792762e-01	   7.2042634558672525e-01	   1.1498344685930628e+00	   8.4550188788942171e-01	   9.2572401670429327e-01	   6.2908667978650568e-01	   6.8066406636098387e-01	   2.1362600658095426e-01	   6.5311215443274473e-01	   3.3560747464038948e-01	   1.5893661304581311e-01	  -1.4135204619467092e-02	   5.3340867556178528e-01	   3.8302433118036594e-01	   1.0237176677806756e+00	   9.1068807422805720e-01	   1.4873282702224686e-01	   2.4750674631920050e-01	   3.6845535307679345e-01	   4.9303680563577479e-01	   3.9037488202805931e-01	   3.0485559508070853e-01	   5.3866030478400362e-01	   4.3185081179238749e-01	   7.6503910796181185e-01	   6.7287704330156595e-01	   8.1340248254462277e-01	   9.1714970782156269e-01	   4.5639289923470383e-01	   6.3708353142556007e-01	   8.8118180414069847e-01	   7.7808500737967368e-01	   3.4185719468367542e-01	   3.3800441594060537e-01	   7.8164441385766914e-01	   9.1055336479756788e-01	   4.5373397148233074e-01	   5.5561131335322578e-01	   4.8799504946935535e-01	   3.9132805214891081e-01	   2.1029978073012381e-01	   3.6344180937841192e-01	   6.3746625041585780e-01	   6.8727389616686529e-01	   7.7913914579566013e-01	   6.6560238758678503e-01	   2.7813071396760458e-01	   6.4603056404417081e-01	   4.4321228439812854e-01	   7.6848852122916556e-01	  -8.4480123744615859e-02	   1.1934925283579047e-01	   9.2066552003182131e-02	   5.7090976487768441e-01	   4.4569613539047856e-02	   1.8379139219245494e-01	   3.9445064623323423e-01	   5.5845998533860330e-01	   4.6285253377193009e-01	   3.5072402105645328e-01	   1.4681646289592071e-01	  -7.8946657525470157e-02	
   1.2891040209107014e+00	   0.0000000000000000e+00	   4.5189423497829284e-01	   4.7026710165336733e-01	   2.4952013470163348e-01	   1.3881793968141454e-01	   4.1867412939133009e-01	   3.8869835870553882e-01	   3.6704423392202051e-01	   3.2319724482968298e-01	   4.1884883126577349e-01	   3.5873619196189926e-01	   3.8893691158320975e-01	   3.3265495864121458e-01	   4.6686773488474848e-01	   2.8268677406312914e-01	   3.9104290511811313e-01	   5.6783362640423918e-01	   1.0471501340373266e+00	   1.0474849069400676e+00	   2.0105675425185854e-01	   4.4476055823478904e-02	   3.2602563323785444e-01	   2.0331310496935762e-01	   7.5637720938237091e-02	   1.0220048406587648e-01	   4.6544629971305207e-01	   3.4535833123237286e-01	   8.1380563731930006e-02	   1.4259190703938499e-01	   5.1401260476805100e-02	   8.4494683334388990e-02	   7.1344514437210305e-01	   7.7066243846168281e-01	   7.1184710295751352e-02	   6.0812690538163051e-02	   3.5497665022903069e-01	   3.2722099954351336e-01	   2.9910754103543347e-01	   5.2616549662284939e-01	   3.0535178585440564e-01	   6.0116571874475622e-01	   6.3496882247062270e-01	   6.3563979894056100e-01	   3.7218877506419817e-01	   4.0350058472995948e-01	   5.0602088349435004e-01	   4.8672308775088607e-01	   5.3588833378237744e-01	   6.2308374640097186e-01	   6.0327715245725000e-01	   5.3210436209294953e-01	   4.4845049930088410e-01	   4.2070018987942698e-01	   7.2823234521804914e-01	   6.0980666479768519e-01	   1.1901326729389263e+00	   9.7226807361257639e-01	   6.9970122373481658e-01	   5.6241983049026734e-01	   5.6797474385872071e-01	   1.7993390332683412e-01	   4.7416223019800091e-01	   2.9537723282491535e-01	   1.3549166902521359e-01	  -4.8488951628178484e-02	   3.2364275640321316e-01	   2.5406451177269224e-01	   1.1054213627155893e+00	   1.0132763820996535e+00	   7.4339333262910992e-02	   8.3564744448148709e-02	   1.8475553169389819e-01	   4.1937135828176497e-01	   2.3965327236308154e-01	   2.9579264830359336e-01	   4.3202866271490409e-01	   3.2436027643910970e-01	   5.8442958047471050e-01	   5.9095640105825087e-01	   5.9538127699433363e-01	   7.6415717228483748e-01	   2.7852489938179759e-01	   4.7057958057210891e-01	   5.6323101927388264e-01	   6.1838121459627748e-01	   2.1454737339114094e-01	   2.9728410171483494e-01	   6.3109814997908875e-01	   7.7280911698678922e-01	   4.7542430061442392e-01	   4.3550620038960547e-01	   4.2301261084209285e-01	   2.6931886586247289e-01	   1.5137313367596170e-01	   3.1853060949953155e-01	   5.3420601079963315e-01	   5.6336653243536106e-01	   7.4131872917825459e-01	   5.2069960718718855e-01	   1.5791450981198540e-01	   4.0748109252734099e-01	   3.6788523479974106e-01	   5.7619285638966633e-01	  -6.2555495410594339e-02	   1.8268031020142889e-01	   6.3887645233766333e-02	   5.0238526902338587e-01	   4.5909341116985032e-02	   1.7049040987833486e-01	   2.8565940037715465e-01	   5.2224447160062581e-01	   4.7989785113734840e-01	   3.6848627085359664e-01	   6.6658900054358636e-02	  -1.1866146543341582e-01	
   5.3768065732073489e-01	   4.5189423497829284e-01	   0.0000000000000000e+00	   5.6281359265088438e-01	   6.1926896769965212e-01	   1.7702826662187351e-01	   7.1990981083355576e-01	   2.2667245400179356e-01	   2.6129141628831065e-01	   1.3361555653146395e-01	   4.1029569601648347e-01	   1.8461722254146551e-01	   4.1356879446074957e-01	   3.4075417348437914e-01	   6.8134512979795525e-01	   3.8081564694800496e-01	   1.9849357572627324e-01	   2.2634294703055099e-01	   7.0392938907683333e-01	   6.6781282437972311e-01	   4.5748445993724279e-01	   4.1530511365706746e-01	   8.4617418009599077e-01	   4.3440439545712251e-01	   6.1736476197964185e-01	   5.8913924801068251e-01	   7.8608415119196673e-01	   5.1686780139637634e-01	   2.8886135424604270e-01	   2.1052703239305237e-01	   8.2781156229142916e-01	   6.5449893862326991e-01	   7.0487084817695300e-01	   5.3168313510320475e-01	   3.6251305963638092e-01	   2.4623147025590522e-01	   3.1302940997070156e-01	   4.8990799997404644e-01	   2.6934887127706719e-01	   4.3852642732709129e-01	   1.5204142259054249e-01	   3.5439632288068507e-01	   8.3780142151437897e-01	   6.3215136994444732e-01	   3.9426451059201595e-01	   3.5832654178799012e-01	   7.5099884603127043e-01	   7.1097564549794523e-01	   6.7667129912448454e-01	   4.8405155085399187e-01	   5.5781650965434304e-01	   3.3815755283023996e-01	   4.3905311859107676e-01	   1.6747416505921897e-01	   5.9133337472160385e-01	   4.7725152103569757e-01	   4.0347305903166342e-01	   3.7025890449862942e-01	   4.4098457114177253e-01	   3.0931698005634067e-01	   3.5513090840334194e-01	   9.3790414702888385e-03	   1.9025402715829190e-01	   6.6233283868727191e-02	   1.3111620176179700e-01	  -4.3994771654470764e-02	   4.7223526482530498e-01	   3.2109547475760930e-01	   5.0728417634611678e-01	   6.4752955762179309e-01	   5.9123953874409385e-01	   4.1993423940826091e-01	   3.0016888749489706e-01	   2.6157479919803295e-01	   4.6708006930350371e-01	   1.6152111865264965e-01	   7.1431049257311074e-01	   5.3351625167348982e-01	   2.7207726068860660e-01	   3.2172977870862796e-01	   3.3096737315778629e-01	   3.5494611507073670e-01	   6.7791368609745672e-01	   5.0140787173087542e-01	   5.2426141325974951e-01	   3.6001950350960976e-01	   3.3765641200409996e-01	   1.3826516558293400e-01	   5.0477868684763794e-01	   4.9150282633405440e-01	   5.4994893314028603e-01	   6.6600828246540489e-01	   5.4601876442357899e-01	   6.8148107236513422e-01	   1.0770331794844078e-01	   5.5471315656235576e-01	   6.4331938597921390e-01	   6.0802147737151979e-01	   6.6968896828005597e-01	   7.1345306893446736e-01	   3.2699931196060650e-01	   7.9526817888178092e-01	   3.6771013304871153e-01	   6.5565166090745042e-01	   3.3747406630614776e-02	   1.8110529791226582e-01	   9.1338930357181519e-02	   4.5133470358103078e-01	  -1.1165222602339051e-01	   3.3133480434390411e-01	   6.3156755475370108e-01	   7.9695500769272798e-01	   5.1940585477365731e-01	   5.2621801249213229e-01	   4.3917435398095039e-01	  -3.8808025730501614e-02	
   5.6785739458710138e-01	   4.7026710165336733e-01	   5.6281359265088438e-01	   0.0000000000000000e+00	   4.4291238098480201e-01	   6.3703205255557482e-01	   4.4351776335077653e-01	   7.3216981423999672e-01	   2.6423413123475259e-01	   3.2904741728621645e-01	   2.5093882193333439e-01	   4.0059532554982863e-01	   9.9529183932717202e-02	   3.3463235980450923e-01	   3.0458695331078800e-01	   4.9786078014308821e-01	   3.4397254268615018e-01	   4.2742145608554438e-01	   5.3800356114365999e-01	   6.7174169431349329e-01	   2.3911062515537909e-01	   3.8354134169910070e-01	   2.4270077894919032e-01	   5.2476547219792224e-01	   1.9077664657590659e-01	   3.6071533567897091e-01	   4.1767604396573144e-01	   7.5784750277197321e-01	   3.2946405062273870e-01	   4.1218495254259857e-01	   2.6243862244816168e-01	   4.7257112047678784e-01	   6.2011597071815505e-01	   7.2987901597118432e-01	   2.4503861515084191e-01	   4.8214126442902755e-01	   2.0384221749751602e-01	   3.7365443230618867e-01	   2.2140884152557677e-01	   5.7897753864715096e-01	   3.3997781122388088e-01	   4.0101616659879308e-01	   5.5517904308682453e-01	   5.1494248730623082e-01	   6.1229368785405569e-01	   6.8388007268897599e-01	   6.0017675411522120e-01	   5.8289861143329880e-01	   8.7454889870884633e-01	   6.7858737576369144e-01	   6.6713524004055080e-01	   4.8590170623325246e-01	   5.2781572141676425e-01	   3.0197395406669247e-01	   6.7562289753505256e-01	   6.7144658247039268e-01	   4.8754086779650035e-01	   4.4853224081466636e-01	   5.9248293679310560e-01	   6.0096809470738122e-01	   4.2592328186828809e-01	   4.0740981024915079e-01	   4.2086971736386325e-01	   4.3150545814413327e-01	   3.7694755447228473e-01	   2.9100483470471955e-01	   6.3337956239539561e-01	   6.1081665399897755e-01	   4.5887636534689175e-01	   5.3162541679220698e-01	   8.4510958930501340e-02	   2.4677915323358307e-01	   2.9822390491293549e-01	   4.7448218441279177e-01	   2.9707655006091199e-01	   2.9805647491810633e-01	   3.6470415134433537e-01	   3.7480832634764411e-01	   3.1820616946500635e-01	   3.2250641994721213e-01	   5.3680215434006806e-01	   5.6874857381890476e-01	   5.1919285683767558e-01	   7.6127966257675705e-01	   6.6952984984909525e-01	   6.4527489502323365e-01	   2.5925188309803204e-01	   3.8957059305548863e-01	   3.7879850847091157e-01	   5.7216508712304948e-01	   5.4603470579274183e-01	   4.0093214199202865e-01	   4.2185649361810112e-01	   2.3074408006916436e-01	   1.3331304395101132e-01	   2.9880610403756058e-01	   3.5659873090872407e-01	   4.2158650278830267e-01	   7.2672437695650594e-01	   6.8793407376172810e-01	   3.7113884558602583e-01	   4.3645101719850898e-01	   4.4094082898070414e-01	   5.5395614895440370e-01	  -1.9806686246292105e-02	   1.5103699739845777e-01	   4.2867346193753590e-02	   5.1016517607119016e-01	  -1.2950017518640863e-01	   1.2216673462397175e-01	   3.4025424309108221e-01	   3.3628332716458142e-01	   2.1969171103978730e-01	   2.5324587336377463e-01	   3.4594543200443745e-01	   1.6013382166416149e-01	
   2.3896539219913282e-01	   2.4952013470163348e-01	   6.1926896769965212e-01	   4.4291238098480201e-01	   0.0000000000000000e+00	   3.7737504170696257e-01	   4.8792699927190714e-01	   2.5488881966565746e-01	   4.3381014333190648e-01	   2.6188334654094358e-01	   2.7602626394654567e-01	   1.4979185543022203e-01	   2.3678232295190241e-01	   3.2291223970696209e-01	   6.0927222812036008e-01	   4.9035879009390188e-01	   6.0959481978135797e-02	   1.0537360835963709e-01	   3.3340269194483713e-01	   3.6070653245227052e-01	   4.7515782599698247e-01	   3.8633578001375646e-01	   6.8404419182238874e-01	   6.5414946102358229e-01	   6.0655541392349754e-01	   5.4759227836149771e-01	   5.3100566167468832e-01	   3.7659763198190005e-01	   2.3117297456852276e-01	   2.1154792734110872e-01	   7.1410781418376157e-01	   7.3941551851238396e-01	   5.2610590105137156e-01	   4.4627225767348833e-01	   4.7364007131490232e-01	   3.5512666899180922e-01	   2.6857998674600181e-01	   3.9225783032029876e-01	   1.4583368847961103e-01	   3.6736994055254990e-01	   1.3157683820308555e-01	   9.6600999819038580e-02	   4.7624751959321215e-01	   4.1273090162436149e-01	   4.3086097731473777e-01	   4.3144171971130563e-01	   3.9329625432312754e-01	   4.1246673250584553e-01	   3.8667787182915536e-01	   2.7302649345891605e-01	   3.0165202917299383e-01	   2.0102580469527545e-01	   1.6018133953025926e-01	   1.5182272941369448e-01	   2.8383344068674066e-01	   2.8344113600105036e-01	   1.6804387823421352e-01	   1.0061793315931390e-02	   1.1513409747520771e-01	   5.2504365050488742e-02	   2.0493005713884977e-02	  -3.4179502962586761e-02	  -1.0638193029921708e-01	  -4.4508579014583834e-02	   4.3283969325019289e-01	   2.0935504859056275e-01	   3.8667393948081641e-01	   3.1263483483858123e-01	   2.7158616580378914e-01	   3.3266356102485367e-01	   5.0099957107359083e-01	   4.5728973800413936e-01	   2.4284478761780262e-01	   1.9486280315426557e-01	   3.4367320659942624e-01	   2.3381468289076729e-01	   5.1556119358789809e-01	   5.9340270374316950e-01	   2.2574798333622647e-02	   2.3695623291577494e-01	   9.1137931414623494e-02	   2.1705423706852617e-01	   5.7216389725138239e-01	   5.3709905925864632e-01	   4.1571122578386044e-01	   3.8862952269929824e-01	   3.9221465819148404e-01	   4.1395088746960351e-01	   3.7631792556012056e-01	   2.2333523480334330e-01	   1.0508915718022677e-01	   2.8680751366550078e-01	   3.4599607791954373e-01	   3.4719691760291155e-01	  -3.1926694249568677e-02	   3.1891632490847804e-01	   2.2829406276689093e-01	   2.8796228289210707e-01	   2.6577655516082926e-01	   3.1348340677478437e-01	   1.2897795314991714e-01	   3.6449672515684683e-01	   1.8779433841161908e-01	   2.2247842603007639e-01	  -2.0338409358511661e-01	  -1.0375711135155258e-01	  -1.3624493037525064e-02	   2.4455690665728741e-01	  -3.2422311698025778e-02	   2.6094770824763358e-01	   2.4802854826360873e-01	   2.6963600852442499e-01	   1.8748882268760353e-01	   2.2795501817312627e-01	   2.1196169498265266e-01	   2.6394249018688126e-02	
   2.5754113886183883e-01	   1.3881793968141454e-01	   1.7702826662187351e-01	   6.3703205255557482e-01	   3.7737504170696257e-01	   0.0000000000000000e+00	   4.2771014712841826e-01	   8.6525235855289784e-01	   5.1319195991373268e-01	   7.5106602561118063e-01	   3.7344805014557597e-01	   5.6962103291547017e-01	   3.7073876872142963e-01	   5.9408115100197900e-01	   4.2899975782822947e-01	   8.9602328841137679e-01	   1.6952737047899319e-01	   1.5055844551398895e-01	   1.3895222562250947e-01	   1.6827850907345460e-01	   1.2235191353097842e-01	   2.1663285857172254e-01	   2.0095463982645667e-01	   5.7970064953627598e-01	   1.3080751368820318e-01	   2.6384523307922847e-01	   4.7258607436972778e-02	   4.9101309420959716e-01	   3.5083538445299833e-01	   4.2972824812809046e-01	   1.4032362919373562e-01	   4.0235895552091089e-01	   2.8325006185438611e-01	   4.7455195988941656e-01	  -2.2421068541134400e-02	   1.7163874092420972e-01	   2.7008435235823397e-01	   9.1187359084861447e-02	   2.2521788057639758e-01	   3.3093195928975422e-01	   2.4161854934292165e-01	   2.0471260942916919e-01	   1.8927989436361956e-01	   1.5079123717285586e-01	   1.5879995085267540e-01	   1.5215994010219938e-01	   1.4096824446642967e-01	   1.4672788596124337e-01	   2.5612653632887428e-01	   1.9792662219073287e-01	   1.9794730403026561e-01	   9.8565571548281800e-02	   1.3016393753645913e-01	   4.2771033793385562e-03	   3.1593635267899922e-01	   2.7483432217706555e-01	   6.6513551490959041e-02	  -8.3763861015849640e-03	   9.9700082646269450e-02	   1.0407994303991441e-01	   1.5915584533103386e-01	   5.6528720106941566e-01	   9.4019407146339287e-02	   2.6726760304816088e-01	   4.8015582764248277e-01	   3.4168128757676169e-01	   1.6347823656071114e-01	   1.2279531820759293e-01	   2.1420110475573101e-01	   7.4135338721279434e-02	   4.9412740124798120e-02	   2.8229694620228341e-01	   4.0367450473643496e-01	   3.4355916506355083e-01	   3.4199511169438002e-01	   3.6904842560445250e-01	   3.4098049759865573e-01	   3.7793906748191869e-01	   1.4915583831288887e-01	   2.0907813825219157e-01	   2.0308250345796958e-01	   2.3555298730416280e-01	   3.2821488219171724e-01	   5.5322690081950532e-01	   3.7882486552709771e-01	   3.8120198354544743e-01	   1.0288423340155929e-01	   1.9672906784652056e-01	   4.0231732553441146e-01	   2.9101996180055734e-01	   8.1449168518951287e-02	   8.7031248277491285e-02	   2.7591009823897550e-01	   1.7529343699524635e-01	   1.4303120928562807e-01	   6.9080497954983389e-02	   1.3691294903525028e-01	   1.9951356460515463e-01	   1.8525677849371694e-01	   2.5897656868968399e-01	   3.0158573317145015e-01	   2.1636675020179416e-01	   2.6377756748892578e-01	   9.5194633102619400e-02	  -7.8847004721548389e-02	   1.3652639846921727e-02	   1.2155185768592489e-01	   1.1844108939697652e-01	   9.7781192062324995e-02	   2.5090078697970297e-01	   1.1135111245392290e-01	   8.9054466288242179e-02	   7.0985666031465319e-02	   1.6770224555077112e-01	   3.6427775978357196e-01	   4.6004926240367344e-01	
   5.8164077084758514e-01	   4.1867412939133009e-01	   7.1990981083355576e-01	   4.4351776335077653e-01	   4.8792699927190714e-01	   4.2771014712841826e-01	   0.0000000000000000e+00	   8.6589992059477305e-01	   9.2151329998914688e-01	   7.2783984787870337e-01	   8.7180023220688718e-01	   5.0525425502766186e-01	   9.5685272355721063e-01	   6.4153085365704310e-01	   9.6701839744629647e-01	   5.4724501029294015e-01	   3.0984061448289490e-01	   2.0897535776470649e-01	   5.8998115104141846e-01	   4.2376697739305436e-01	   1.3032225867259281e-01	   1.1091242794697298e-01	   6.1898290115054122e-01	   4.3586099977574699e-01	   1.4883819135591678e-01	   6.4736052077659034e-02	   4.9416175820484753e-01	   2.4643241924520395e-01	   2.0368760701519367e-01	   2.1077221337494467e-01	   1.8245530286766451e-01	   2.1080765019219905e-01	   5.6644935517570005e-01	   6.2808286410913738e-01	   1.1790168617638848e-01	   1.6017214928061022e-01	   1.2700040371752955e-01	   1.5872364284944854e-01	   1.1083504230889421e-01	   3.0028909687076366e-01	   6.5351344329539818e-02	   3.0788776135465434e-01	   5.2922230503459877e-01	   4.2209591346914177e-01	   4.0662182421212340e-01	   3.7386806060919126e-01	   5.5997998828273876e-01	   4.9924911189570725e-01	   7.2776948778374073e-01	   5.4174784425365230e-01	   5.9752540019206302e-01	   3.6316198715267067e-01	   5.5791015032191615e-01	   1.3010418333905996e-01	   5.9985019899927750e-01	   5.0091570546591768e-01	   3.0047528053914974e-01	   3.0480126923877782e-01	   6.5764861037032163e-01	   5.4842949633362714e-01	   6.8887347261839060e-01	   5.1396471389068910e-01	   2.8838388020195665e-01	   1.9519169977948131e-01	   4.5478803119430788e-01	   9.1639388466214750e-02	   3.8747130553939946e-01	   2.2716072287078615e-01	   3.3023934927300480e-01	   4.4194030618088054e-01	   5.4480956847112727e-01	   5.3954372782292448e-01	   4.2543002361871607e-01	   3.1035424817133966e-01	   6.2597514360868123e-01	   3.4694950028988053e-01	   7.5471388803002060e-01	   5.9603927718821825e-01	   2.7959080439680672e-01	   2.6741791145207305e-01	   3.1283073682859736e-01	   3.3151809109926655e-01	   5.7869705577747799e-01	   5.0907581202387486e-01	   5.5006085641098801e-01	   4.9156369344666367e-01	   1.8873758658320788e-01	   6.5886273391136466e-02	   5.8770828839494971e-01	   6.5475497433600927e-01	   4.7340068879935115e-01	   5.8940642760930562e-01	   6.5372439279644090e-01	   7.4017325221816477e-01	   2.5145433588701360e-01	   3.7245025624909212e-01	   4.8266909486635057e-01	   5.6125582992897949e-01	   5.8573685645321771e-01	   7.4772749502055136e-01	   4.5106656825995339e-01	   9.4513559363908684e-01	   3.9109920908651324e-01	   5.4045479540963171e-01	  -1.0238564902210151e-01	   5.5366051455804290e-02	   3.1602421658664132e-01	   4.3745695048174765e-01	   9.3482326388476367e-02	   4.8159622766956861e-01	   4.5352928225251754e-01	   6.0381142826972911e-01	   3.7060897075756233e-01	   5.2754052660426709e-01	   4.1966409353863754e-01	   8.4999650253444289e-02	
   4.6502428425996334e-01	   3.8869835870553882e-01	   2.2667245400179356e-01	   7.3216981423999672e-01	   2.5488881966565746e-01	   8.6525235855289784e-01	   8.6589992059477305e-01	   0.0000000000000000e+00	   6.5426817714022401e-01	   8.4663384213631532e-01	   6.0834608211099250e-01	   6.9995082679238763e-01	   5.2651922474267931e-01	   6.5059998990792356e-01	   4.5922057572304920e-01	   5.6514650367284436e-01	   3.8375233873911441e-01	   2.8447976336353209e-01	   4.3096780706679905e-01	   3.9751627324865779e-01	  -3.5965624963846164e-02	   5.0112672249776259e-02	   1.7512483652978542e-01	   3.9437337778627923e-01	  -1.0485767342277992e-01	  -2.9560910809817254e-02	   1.4071728511913401e-01	   3.0823203225156104e-01	   2.0586382086182919e-01	   3.4022831995343422e-01	  -1.1295341000337857e-01	   1.1848108453653872e-01	   4.4801729772502030e-01	   7.0175765285973857e-01	  -7.9788173350266167e-02	   1.9321206930151796e-01	   2.0056921097150328e-02	   1.5742855684594631e-01	   1.0307972404728524e-01	   3.8742415806903546e-01	   2.2943525967299849e-01	   3.5471072771112894e-01	   2.5803840304683928e-01	   2.5411274859944100e-01	   2.7824422422035117e-01	   3.8188408750175151e-01	   2.5920428665170681e-01	   2.7356331069269840e-01	   4.6055086340160944e-01	   4.1026743313910535e-01	   3.9742900599524161e-01	   2.5601455959142710e-01	   3.9275975751533615e-01	   1.0516490457075206e-01	   4.5416933815442634e-01	   4.1747259247984353e-01	   2.9823914883113795e-01	   3.2349779531800976e-01	   5.2826402192856470e-01	   5.9142510592407471e-01	   6.4643065239447484e-01	   9.9921717841072855e-01	   3.2663306119343705e-01	   4.4239072309377303e-01	   4.9712689221742723e-01	   3.0720104851320140e-01	   3.2777622171562359e-01	   3.0254639794398136e-01	   3.4306051020739220e-01	   3.8263207890487239e-01	   1.2335749355621475e-01	   3.3671374634444123e-01	   3.3937222046434784e-01	   4.0757342780993455e-01	   4.6901210729398157e-01	   4.8101950645281522e-01	   4.7733939502902933e-01	   4.7718667366818540e-01	   2.9027503464818821e-01	   2.4435588143126735e-01	   3.8478576161080280e-01	   3.5058264991878590e-01	   3.7676463819145872e-01	   5.3652333471837010e-01	   4.6153365657579909e-01	   5.1638389095492421e-01	   2.3948568863366416e-02	   1.2157207346593299e-01	   4.7248813610869028e-01	   6.1457230510555316e-01	   4.5267703004983117e-01	   3.7124293749939735e-01	   5.7435521143877177e-01	   3.7869078341784190e-01	   2.6907611636529072e-01	   2.7967549342845643e-01	   3.1643159081495781e-01	   4.1187853284114057e-01	   4.9109154490132911e-01	   5.2172029512995199e-01	   4.5450636508428854e-01	   5.5919298081260804e-01	   4.0629625433372035e-01	   3.6157135981901045e-01	  -5.5012908997838124e-02	   1.2862147520967518e-01	   3.3344713356881245e-01	   4.0424009948983664e-01	   1.2138601666118351e-01	   3.4845491098852122e-01	   2.7297467916784335e-01	   2.4873639336024114e-01	   2.2537825010792883e-01	   3.5631591720272260e-01	   3.3735611757549344e-01	   1.8866144912642663e-01	
   4.4265253831850715e-01	   3.6704423392202051e-01	   2.6129141628831065e-01	   2.6423413123475259e-01	   4.3381014333190648e-01	   5.1319195991373268e-01	   9.2151329998914688e-01	   6.5426817714022401e-01	   0.0000000000000000e+00	   8.4483346585642727e-01	   7.3160824088625853e-01	   5.0004791926528436e-01	   8.6385389699698933e-01	   6.8703350995693391e-01	   1.0441303685667753e+00	   7.2128034560954968e-01	   1.1369408779931206e-01	   7.0307928651552387e-02	   2.7593915740257696e-01	   1.8613304247390014e-01	   1.7978107663675535e-01	   2.2136895550088159e-02	   4.7708093958367159e-01	   4.9206878319702857e-01	   6.6443991737606720e-02	  -3.0904342008796507e-02	   3.6195333712277838e-01	   1.4293895255399894e-01	   1.2493955691594229e-01	   1.1043098082689344e-01	  -8.6787015194488108e-03	   5.8375570393903987e-02	   2.6367994149162233e-01	   3.6873481113329915e-01	   7.1826263411962896e-02	   6.3305535691786721e-02	   1.8188016273265523e-01	  -7.5285245423235614e-02	   1.3871240372449786e-01	   1.5162407096269095e-01	   4.6825486734127099e-02	   2.0482180676479916e-01	   4.0856000367879758e-01	   2.8690348448682290e-01	   2.9008627015970601e-01	   2.5791785207383294e-01	   2.9621456334463936e-01	   2.3759421908778136e-01	   5.3187459727658348e-01	   4.4259367732533977e-01	   4.2177883832701180e-01	   2.6675429807207202e-01	   2.9964478827288610e-01	   6.5633355033407018e-02	   4.7553977967358674e-01	   5.0868454443691657e-01	   1.5434510125793938e-01	   8.1521286825858075e-02	   4.4716498581473701e-01	   3.5951687251930542e-01	   4.0656110147018382e-01	   4.2340476619557571e-01	   1.1606307139864573e-01	   8.9593032615930615e-02	   4.8973901908575801e-01	   7.2374744471451799e-02	   1.8377293913660769e-01	   4.8014471519708876e-03	   2.6388506144208046e-01	   2.3407115732516351e-01	   3.3904796693075295e-01	   4.0285857847278833e-01	   3.1397617666414557e-01	   2.2691650079671410e-01	   2.7357641867375171e-01	   2.9488836883730735e-01	   4.1734234667431441e-01	   3.6072888015260746e-01	   1.0725706311730643e-01	   1.3161782956137585e-01	   1.0814202530984095e-01	   1.7270219746469034e-01	   4.3174455666735800e-01	   4.0141980243388264e-01	   4.6330875978794517e-01	   4.6691783404543830e-01	   1.5024752098519198e-01	   2.9364239595424241e-01	   5.7672279654611169e-01	   5.8757254518499402e-01	   8.6528322577172995e-02	   2.1847264773770247e-01	   3.2400464608134144e-01	   4.3531413938637720e-01	   2.0256363327422783e-01	  -1.3634681401972929e-03	   1.6120419160551211e-01	   2.6140031225194127e-01	   2.2997863938758281e-01	   3.6651254861396537e-01	   2.8335003809677495e-01	   4.5145188283761217e-01	   1.6822060765131192e-01	   8.5691448651396815e-02	  -3.6242111157375789e-01	  -1.9525562965994547e-01	   9.9242766937106694e-02	   2.3768000271973067e-01	   1.3525083675115732e-01	   3.0906507399671290e-01	   1.4671590673134236e-02	   1.9851616502694380e-01	   1.4863177085870972e-02	   1.9240014923861296e-01	   2.4355768201733821e-01	   1.3589139741456019e-01	
   3.9905902518271091e-01	   3.2319724482968298e-01	   1.3361555653146395e-01	   3.2904741728621645e-01	   2.6188334654094358e-01	   7.5106602561118063e-01	   7.2783984787870337e-01	   8.4663384213631532e-01	   8.4483346585642727e-01	   0.0000000000000000e+00	   4.2563310195974574e-01	   3.2566993171378023e-01	   5.7957478896251646e-01	   4.4821853349585583e-01	   5.8276176388082623e-01	   6.6548881127606940e-01	  -3.5224875043337136e-03	  -5.5471597084058605e-02	   2.1779633089012793e-01	   2.0795250364184789e-01	  -2.4920686914830667e-02	  -1.8220832898823491e-01	   4.0107293912010739e-01	   5.3244740945418956e-01	   1.3373108883251528e-01	   3.9043461886973337e-02	   2.7240174475632684e-01	   1.8288712246897318e-01	  -1.4995220973723847e-01	  -8.9263997600926265e-02	  -1.4865778023448056e-01	  -2.6249156730852555e-02	   1.7160908643313147e-01	   4.2701975537789355e-01	  -9.0583150885464366e-03	   8.8356379045845257e-02	   1.0366146805978649e-01	  -5.4118968186294553e-02	  -3.4808495733506438e-02	   1.5013346831209579e-01	  -2.6248504092863702e-02	   5.0950674872024967e-02	   2.5265990028552232e-01	   1.3861850277664681e-01	   1.0937089687281148e-01	   7.1345790688455216e-02	   1.8222577857652009e-01	   1.4665721296763892e-01	   3.1149352153187226e-01	   2.9243565712046954e-01	   5.1543301260688679e-01	   3.1559762253616247e-01	   4.1302019530836703e-01	   2.1426207889712914e-01	   4.5609908087162149e-01	   4.2257245462088622e-01	   1.5301924659318866e-01	   7.6907105046637586e-02	   2.9880760757435593e-01	   3.0631991583222928e-01	   2.0924116307709248e-01	   4.6037052429954528e-01	  -3.0888021912689880e-02	  -6.9747606009732968e-02	   4.5840106236548595e-01	   3.0379993718919407e-01	   5.5602566018060857e-02	   6.7843439340701597e-02	   3.3242592141644994e-01	   2.2309512165264894e-01	   1.6538776967900110e-01	   2.6015920606073462e-01	   2.7513378143551459e-01	   8.4215702629483760e-02	   3.4631989141635133e-01	   1.9750840141185624e-01	   3.3667701707137504e-01	   3.0023471134251256e-01	   3.1775754801790207e-02	   1.5265031272238350e-01	   1.6698276004405033e-02	   9.9700246339246984e-02	   1.9278250363062926e-01	   2.4333566045139621e-01	   4.3522162924771579e-01	   5.4721185580218912e-01	  -7.6914274145237910e-02	   1.8319729723831779e-01	   5.3270258438354490e-01	   4.6690043223283584e-01	   1.0621746590449765e-01	   1.8826916611573186e-01	   3.8949936781016348e-01	   3.4132496133658974e-01	   2.1834824495597768e-01	   1.2827475630708296e-01	   3.1933614774801772e-01	   4.1010587868694670e-01	   2.6635298474044683e-01	   3.7558996909615189e-01	   1.8964099830571191e-01	   3.0995816114150571e-01	   7.4062912737833927e-02	   7.2231788211381764e-02	  -3.1761329246816017e-01	  -1.3728422971248325e-01	   1.4263473355999104e-01	   3.6561632370246516e-01	   3.0189012090156203e-01	   4.0052402254154512e-01	   1.7966605232720120e-01	   1.6494082866815851e-01	  -3.9687820713368668e-02	   1.9424358566217348e-01	   3.3385420170631047e-01	   2.7651704445615288e-01	
   5.9421539622455999e-01	   4.1884883126577349e-01	   4.1029569601648347e-01	   2.5093882193333439e-01	   2.7602626394654567e-01	   3.7344805014557597e-01	   8.7180023220688718e-01	   6.0834608211099250e-01	   7.3160824088625853e-01	   4.2563310195974574e-01	   0.0000000000000000e+00	   9.9875428940293909e-01	   1.3744667144148182e+00	   9.9850109808275522e-01	   9.5601816398723283e-01	   5.7594173606806853e-01	   6.8065596733583322e-01	   5.3306973835877469e-01	   4.9888307984194036e-01	   2.5920862145005069e-01	   1.4377325745088709e-01	   2.1846236631259475e-01	   3.2518700666625205e-01	   2.3300554001639776e-01	  -5.3617241976941843e-02	  -1.3709123396178810e-01	   2.6594341666584526e-01	   6.5442439707257258e-02	   6.2053031031551864e-01	   5.5696714429877336e-01	   1.1731168730068134e-01	   1.6972177252733889e-01	   5.6575118577946348e-01	   6.2821965882542019e-01	  -1.0298667710597648e-01	  -2.8004577907004349e-02	   3.4909538893164804e-01	   9.5909550679263711e-02	   3.0622259834520377e-01	   3.7966822429141978e-01	   3.1454757574937503e-01	   5.7706423614966862e-01	   3.4770912961108225e-01	   4.7928402909765833e-01	   3.0950967242573824e-01	   2.6920816423191973e-01	   3.7588411687670781e-01	   2.8544330288963532e-01	   4.7201787147083418e-01	   3.9838176277896248e-01	   2.9433653072684768e-01	   2.9009666575671861e-01	   3.3844580729955870e-01	   5.0174496689585124e-02	   5.5260218083882195e-01	   4.0248235537034011e-01	   3.0511163607812275e-01	   3.5539379512392444e-01	   4.5712579577468337e-01	   2.9103247786814307e-01	   7.5926697373349050e-01	   5.8135535578757958e-01	   6.2621692069891954e-01	   5.9177106684542657e-01	   3.3758234725060332e-01	  -9.2557102859040369e-02	   2.5706067278086314e-01	   7.1187150302212121e-02	   2.1468145630624258e-01	   1.8937039761320476e-01	   3.5221284300659855e-01	   4.1074052634565833e-01	   7.2500221369734952e-01	   6.1128295497313190e-01	   6.6664176402085118e-01	   5.4853626615482232e-01	   7.0654283751979274e-01	   6.6649489341009371e-01	   6.0636006476577486e-01	   4.0774790919007986e-01	   5.2711743635208053e-01	   4.8770373369081638e-01	   5.4876191208912872e-01	   6.5097566435692755e-01	   5.4455763982990291e-01	   3.6831648547558560e-01	   2.0042248284119030e-01	   1.9025839282823179e-01	   5.5362539142588407e-01	   6.1486001181133432e-01	   9.8990414734101431e-02	   2.4402893590801233e-01	   1.3734851979740986e-01	   3.3370670605450220e-01	   1.6541037303753181e-01	   8.8788554889176766e-02	   1.7250337026772711e-01	   2.6870496834223323e-01	   3.7701003964770718e-01	   3.7746892903260387e-01	   4.0290980407949406e-01	   5.3823951128570136e-01	   3.8076665504837570e-01	   3.7765546447759912e-01	  -1.7932207602869782e-01	  -1.1910204290544475e-02	   2.5121372748581516e-02	   2.0563638885299529e-01	  -1.6652321850870372e-02	   2.8598715883600873e-01	   9.0786673168050169e-02	   3.0862559784739407e-01	   2.8439889968708953e-01	   2.6501590492607840e-01	   2.1092989182097885e-01	   6.2429762096339651e-02	
   4.7049640696093525e-01	   3.5873619196189926e-01	   1.8461722254146551e-01	   4.0059532554982863e-01	   1.4979185543022203e-01	   5.6962103291547017e-01	   5.0525425502766186e-01	   6.9995082679238763e-01	   5.0004791926528436e-01	   3.2566993171378023e-01	   9.9875428940293909e-01	   0.0000000000000000e+00	   8.1133879553650490e-01	   1.3002732478120975e+00	   5.8305335987239792e-01	   7.3059099277560580e-01	   6.0696708255184795e-01	   5.9631561347391759e-01	   3.8409397564713693e-01	   2.1585556177091847e-01	  -3.7835488864138393e-02	   1.3611879083867900e-01	   7.9597366078830459e-02	   2.9273223879380794e-01	  -3.0944139373487473e-01	  -2.1056384623790594e-01	  -1.0280521782467732e-02	   2.0925771945194768e-01	   6.7230963754850803e-01	   6.8573413055543864e-01	  -2.5679623974664258e-02	   1.5992462050029727e-01	   3.1345781888008944e-01	   3.9028053130378187e-01	  -3.7111169312240105e-01	  -1.8293715188027079e-01	   1.6451230375257314e-01	   1.5261624748243977e-02	   2.3436387259667507e-01	   3.8348459251523115e-01	   3.2611433040551085e-01	   6.2864298146643471e-01	   9.9855154650052430e-02	   2.4249417751938024e-01	   1.1705190022657308e-01	   1.3144797448656845e-01	   1.5322529956936473e-01	   7.7799503776146917e-02	   3.5389591424444727e-01	   3.4206576964935603e-01	   1.8198812131971784e-01	   3.1648186073943663e-01	   2.1976414899306990e-01	   6.4388677429234025e-03	   4.5541754870797663e-01	   3.4588655712403249e-01	   1.8179712874897275e-01	   2.4857240957970417e-01	   3.1222929646532394e-01	   2.3570877248928584e-01	   5.9988767195025194e-01	   7.0386868390344759e-01	   6.3146297410641516e-01	   8.3832840941077424e-01	   3.6906343238024153e-01	  -3.7536675497052294e-02	   5.8215587014851508e-02	  -8.1939696472520321e-02	   8.0464446274463669e-02	   6.8114380407517799e-02	   8.6310683395917534e-02	   3.0565084754996191e-01	   5.7853301520856448e-01	   6.9705372479115368e-01	   5.2879396273038481e-01	   6.5907000778558156e-01	   4.4925888796186797e-01	   4.4831135948301626e-01	   5.3726871152884204e-01	   3.1219251917054586e-01	   5.5606185022833898e-01	   5.5608220058703495e-01	   4.0869182426013062e-01	   7.6343040949234209e-01	   4.3532836474548597e-01	   3.2640203816960589e-01	   1.3567482484895627e-01	   1.2328740483660681e-01	   3.5992091574928303e-01	   5.0058897834455807e-01	   1.4200480369251314e-01	   9.7277317863977933e-02	   1.5098150314588094e-01	   2.0536969230559199e-02	   9.2305947868486199e-02	   3.1013768616209577e-02	  -2.6459007669542577e-02	   1.3067346998750409e-01	   3.0156533916260747e-01	   3.0637545862188142e-01	   5.5015519157166604e-01	   2.3857843425117856e-01	   4.0258406585115136e-01	   2.8479816122031054e-01	  -1.5155871334532814e-01	   5.6177715776928525e-02	   1.6981689561510810e-03	   8.9456730021088449e-02	  -1.3207004321581278e-01	   1.1250140528790095e-01	  -5.9996915983313213e-02	   1.0850792108145187e-01	   2.1006567787271782e-01	   2.4660330876129619e-01	   2.4775470115849618e-01	   4.7322341600228413e-02	
   5.6878688043924297e-01	   3.8893691158320975e-01	   4.1356879446074957e-01	   9.9529183932717202e-02	   2.3678232295190241e-01	   3.7073876872142963e-01	   9.5685272355721063e-01	   5.2651922474267931e-01	   8.6385389699698933e-01	   5.7957478896251646e-01	   1.3744667144148182e+00	   8.1133879553650490e-01	   0.0000000000000000e+00	   1.0158390180906220e+00	   1.0874338807924826e+00	   6.2719236241025333e-01	   4.4207851082393990e-01	   3.2510263738923023e-01	   4.3898158755812178e-01	   2.1212075454495830e-01	   1.1889265797690383e-01	   7.0426958078345370e-02	   4.3484201578892567e-01	   2.8131964909598461e-01	  -1.5259595190134674e-02	  -1.2882373157784086e-01	   2.9745369088243162e-01	   2.5844161462653444e-02	   3.9576889502325829e-01	   3.1437735070875716e-01	   3.9317185645034169e-02	   3.7608135050563749e-02	   4.5372545396237474e-01	   4.7956581176917368e-01	  -1.2145262845457161e-01	  -1.4790728942196016e-01	   3.6050319197676950e-01	   3.5268817935208918e-02	   2.2621983035014620e-01	   2.6392889645553241e-01	   2.1324978692845878e-01	   4.5586352844851108e-01	   2.8814698076761036e-01	   3.1487403287392102e-01	   1.4909741622534389e-01	   5.6200019956189104e-02	   2.7333547839252070e-01	   2.0426777527194800e-01	   4.1889580503432555e-01	   3.0155714868396344e-01	   3.0898009135270255e-01	   2.3023588817434856e-01	   3.2341802309072187e-01	  -1.4666160765353747e-02	   5.3678490306509286e-01	   3.2153840268742762e-01	   1.7409548570411892e-01	   1.9890211386677234e-01	   4.2651243405763173e-01	   1.9415836909218301e-01	   6.1719892676893595e-01	   4.2087241678419585e-01	   4.0387291670826597e-01	   3.1657802356316800e-01	   2.6691577401925509e-01	  -1.1690055891417961e-01	   1.1445736319914754e-01	  -5.8817090750534047e-02	   2.4226348087808094e-01	   1.9056443730213499e-01	   3.8498248863311391e-01	   4.4995801490220078e-01	   6.1745488516528091e-01	   3.9330624247424018e-01	   6.4838679726695148e-01	   4.0018489841007654e-01	   6.5324002588207197e-01	   5.7806026782437370e-01	   4.3486600151124616e-01	   3.0396872206899667e-01	   3.5516613650934725e-01	   3.6130600614782521e-01	   4.0432559439873861e-01	   4.5828547757311416e-01	   4.3573426283696581e-01	   3.5751568663741801e-01	   1.0100728255855118e-01	   8.8695093871765884e-02	   6.1785498182302945e-01	   6.1467741002981902e-01	   9.1014928595727934e-02	   2.9170337735906626e-01	   2.5913957100910923e-01	   4.3899905234792663e-01	   2.5561034247512693e-01	   1.1876916462614201e-01	   2.5989652312844191e-01	   3.3734604537760865e-01	   2.8848607466267101e-01	   3.8000643449371480e-01	   3.8012048205836779e-01	   5.2731127939224320e-01	   2.5778410281982245e-01	   3.2476766203611379e-01	  -1.5182984947137101e-01	   1.5726817518435021e-02	   1.2537667523696241e-01	   2.3437215456898577e-01	   8.8807126493040636e-02	   4.1345972161166061e-01	   1.5441403785680791e-01	   3.5192944573104346e-01	   2.7704912947722915e-01	   3.1464849208377205e-01	   3.5297104064485890e-01	   1.0991290419176783e-01	
