   0.0000000000000000e+00	   9.2630801198697621e-01	   6.7567538341111699e-01	   7.9339345057567012e-01	   3.8144997050058638e-01	   3.3109995920910473e-01	   4.4058605554195829e-01	   5.0465291063143425e-01	   3.2026239984216326e-01	   4.7325325549230296e-01	   7.8146567462826055e-01	   6.0305700208977153e-01	   6.5440808531642192e-01	   5.9119767950362578e-01	   7.6279642240287804e-01	   7.6573138882760849e-01	   6.0544379319749653e-01	   6.0045582143330678e-01	   8.8522900016795059e-01	   8.0953298478462710e-01	   4.2661453761649615e-01	   4.0742891862630365e-01	   7.3386016841604362e-01	   8.2177833349459339e-01	   4.3970098592309920e-01	   4.2532518984240575e-01	   6.7034565161277415e-01	   6.3308198466863241e-01	   2.5513692874480182e-01	   3.2581390327252951e-01	   2.8589060511652675e-01	   4.5555904110045470e-01	   5.6425058522231608e-01	   6.6183867706785926e-01	   4.0217901016306012e-01	   4.6127966534240494e-01	   5.2201004762529224e-01	   4.3451814534830363e-01	   4.2064521850085029e-01	   5.8943407735492626e-01	   2.9797917596558099e-01	   5.8159358852464460e-01	   5.2631617898289274e-01	   5.6526766552028151e-01	   4.6389307395712676e-01	   4.1868499178849672e-01	   6.6529513899518389e-01	   4.4721294712333814e-01	   3.1671529890263556e-01	   2.6325647958118914e-01	   7.0069680782946164e-01	   5.0133689944391291e-01	   7.8186675100031455e-01	   5.6610264826488355e-01	   8.4229727407143051e-01	   7.4851995745079647e-01	   1.1603983318901727e+00	   8.5460136155662725e-01	   6.1034671645174621e-01	   5.4567547824043472e-01	   6.5764146247481481e-01	   6.6087127800142320e-01	   4.8656998002025215e-01	   5.2671771411450297e-01	   5.4986820934302116e-01	   6.3447562119545609e-01	   4.5685806661621348e-01	   4.5314306029159473e-01	   9.0871201863548667e-01	   7.9339931318126766e-01	   9.7336177168683174e-02	   1.2676373179589781e-01	   4.7485826654588442e-01	   4.2679201877321959e-01	   5.3559498130645555e-01	   5.4961702167739146e-01	   5.3249879579379245e-01	   5.8395281857777570e-01	   4.4641208606211935e-01	   5.0930541261123352e-01	   5.5740722805669984e-01	   6.0508614688601714e-01	   7.0406290993818899e-01	   4.7126486988201444e-01	   8.9049734852032569e-01	   9.1594247563401332e-01	   5.5687796099098752e-01	   4.8690611481278478e-01	   8.0716305663595467e-01	   9.0484046365268955e-01	   5.1422319070460298e-01	   5.6514971827358673e-01	   4.8831768151351668e-01	   5.4100448842444249e-01	   4.0962862675557443e-01	   4.7173866131918574e-01	   5.6246256255054905e-01	   7.0002374011934065e-01	   5.1921781085185392e-01	   5.3860369450508072e-01	   1.8539049472884406e-01	   6.8128325387514899e-01	   4.6397707592492887e-01	   6.6488592721626705e-01	   3.8805903586421986e-01	   2.7522884035509743e-01	   3.5116410532279968e-01	   1.2108074727432218e-01	   4.0002344497602788e-02	   3.9843860952936933e-01	   5.8110637843903479e-01	   5.1250389020188480e-01	   3.3870377860310741e-01	   5.9222682706897067e-01	   5.4279431988920390e-01	   3.3213602693429872e-01	
   9.2630801198697621e-01	   0.0000000000000000e+00	   5.0232873722870541e-01	   1.0106586728885387e+00	   3.8797278631070492e-01	   5.7466139316127218e-01	   4.3038495221124240e-01	   6.8259464828519267e-01	   4.8584188346187884e-01	   6.4826701647753471e-01	   5.8866923130553828e-01	   8.1405716555313512e-01	   4.8285966969266803e-01	   6.8715480503921555e-01	   6.8477380467817850e-01	   8.1503568535987303e-01	   5.5089315237143288e-01	   8.3642433893027834e-01	   9.0141875594025012e-01	   9.8569448726345621e-01	   2.1105881316197544e-01	   2.0426463708195003e-01	   5.4406899747744020e-01	   6.9481559546934468e-01	   1.3460861195345089e-01	   2.5362963714238035e-01	   4.2696165075127629e-01	   5.1524824920728307e-01	   4.5030624393929664e-01	   5.3606444663667063e-01	   2.4620727363747252e-01	   3.9411015841738944e-01	   6.4211698151678520e-01	   7.6821050432406446e-01	   2.6857666237356109e-01	   3.2120547047575421e-01	   2.5883248381180013e-01	   3.4337330877046018e-01	   2.2450520144184938e-01	   5.7282262444752552e-01	   1.4671016539254286e-01	   5.4481966146378136e-01	   4.0338256595519678e-01	   4.7169193476373172e-01	   3.2906050036801843e-01	   3.8274132659983523e-01	   4.3798639285027968e-01	   2.9527478077905683e-01	   2.3326511587240989e-01	   3.0733786204694080e-01	   6.3603709911008222e-01	   4.0908274557491037e-01	   7.4751597242262946e-01	   5.5540826628469331e-01	   6.1129945018014642e-01	   5.8398018917034045e-01	   8.2749435524272852e-01	   1.0366003298914097e+00	   3.9941504450630577e-01	   6.3833538951112356e-01	   5.6953255946279424e-01	   7.4963343505049496e-01	   7.4245569735678474e-01	   7.9702142938458398e-01	   4.2118468371746759e-01	   5.2569861591138956e-01	   2.5969032113058221e-01	   3.0688487770999862e-01	   8.7528999321102963e-01	   6.5290954525048617e-01	   6.9068112891017955e-02	   9.2188365290679877e-02	   4.3083390394207660e-01	   4.3500983253185799e-01	   4.0064802833913754e-01	   4.9593614086409243e-01	   3.4432893978421741e-01	   4.2071778704227469e-01	   4.5181320642038203e-01	   5.7888090931211744e-01	   7.4410499190458590e-01	   7.7650660347003586e-01	   5.5578080228358451e-01	   5.5040422017001911e-01	   7.3748692745547717e-01	   8.8026146063654753e-01	   3.4564969577566690e-01	   4.1904039852420139e-01	   6.5459845424361651e-01	   9.4936239753418328e-01	   4.8688765184398142e-01	   4.7258705954026803e-01	   5.0755599796580242e-01	   2.8644265364935562e-01	   4.1927000679332055e-01	   5.8015066304468255e-01	   3.8763965039762949e-01	   4.6898150732152760e-01	   4.4163510939197320e-01	   2.9705910152604353e-01	   2.4594282607672735e-01	   4.3384538882751994e-01	   3.2367075908533388e-01	   4.5698319408341598e-01	   2.4558631435616315e-01	   2.3222343729810513e-01	   1.0530041136628490e-01	  -2.3101585491191214e-02	   1.4142726381978438e-01	   3.0434075669049937e-01	   3.4639108555096493e-01	   6.1444238435583731e-01	   3.6568391646062220e-01	   3.2492099114130324e-01	   3.7297106528217921e-01	   4.9948463566658136e-01	
   6.7567538341111699e-01	   5.0232873722870541e-01	   0.0000000000000000e+00	   7.8115721958294604e-01	   5.9536298565913770e-01	   2.6468437061122885e-01	   4.9441390757170572e-01	   2.8416862259360348e-01	   5.4411050707766717e-01	   4.0553708992513371e-01	   4.6842234224580193e-01	   3.1085804353796342e-01	   3.7327636119683610e-01	   2.7051301705702258e-01	   9.7787349256462908e-01	   7.1389577280890504e-01	   2.6637995621546529e-01	   4.0076619462241037e-01	   6.0558361455903298e-01	   4.7619924633055277e-01	   8.4487910735058325e-01	   6.9690670117124076e-01	   1.6016919556619480e+00	   1.1916070076223000e+00	   9.1109624228161135e-01	   7.1890273857734810e-01	   9.2476726925098618e-01	   7.7951490116435440e-01	   6.0838936196512983e-02	   1.5618006987050946e-02	   5.5158760216870106e-01	   6.3577135318642897e-01	   8.0181382601208862e-01	   9.0702402500709600e-01	   1.1557781981896198e+00	   9.9316151094242455e-01	   7.4834870658470165e-01	   6.0835658566839745e-01	   7.7192657464798620e-01	   7.4158302488897487e-01	   3.3819837968562139e-01	   5.2671874960826892e-01	   7.5850109072443905e-01	   5.9234805267256485e-01	   5.8871455648906013e-01	   5.4953147343676523e-01	   7.0866563538822303e-01	   5.0214443569721778e-01	   2.0002502694860907e-01	   7.1493420756734816e-02	   5.1044130690097034e-01	   2.3580812467937454e-01	   5.9137473148203068e-01	   3.7742870562879471e-01	   7.4534982385359039e-01	   5.7270215054270568e-01	   4.6063571932476166e-01	   5.0823969187977880e-01	   6.4393320207971760e-01	   5.6841031403907394e-01	   6.3102922152825636e-01	   5.6652007316013364e-01	   3.0738154211613661e-01	   2.8745636921282314e-01	   1.2296283084826625e+00	   1.1479957170771433e+00	   9.8935714546526243e-01	   9.8603624863581196e-01	   6.6071541726081506e-01	   5.6253654280798826e-01	   2.9424293031865911e-01	   1.7514301592261791e-01	   5.2526477347467981e-01	   4.4956206587813602e-01	   5.6249672270349138e-01	   4.3307357379231814e-01	   5.6404207080591706e-01	   5.8554162149398570e-01	   2.9586659852701358e-01	   4.6771962751311169e-01	   3.2367301381310920e-01	   4.8124419726145129e-01	   5.4043605428503594e-01	   4.1183144686901663e-01	   1.1943701340115014e+00	   8.6915828815645169e-01	   4.8456333815972230e-01	   7.7383925617358296e-01	   9.7786362598386756e-01	   9.0303663480212459e-01	   7.5023703507457395e-01	   8.1179350879879431e-01	   6.1614515036748074e-01	   7.9155937567637458e-01	   4.3384349229194075e-01	   3.4495918412267712e-01	   9.4083675611224238e-01	   6.1114183824484236e-01	   4.8394859650852018e-01	   6.7333689458114820e-01	   1.4734651495448214e-01	   5.5528628468362196e-01	   4.8121976685798384e-01	   6.0553112121032815e-01	   3.3246280498743569e-01	   3.1089554464524854e-01	   2.2254668070126088e-01	  -2.3566791311842451e-02	   1.1667459990395851e-01	   5.4466560299307643e-01	   1.0066412131716840e+00	   6.3945792385346534e-01	   2.0592887131094556e-01	   5.4417019152468959e-01	   3.3071436255781106e-01	   5.4181561359237691e-02	
   7.9339345057567012e-01	   1.0106586728885387e+00	   7.8115721958294604e-01	   0.0000000000000000e+00	   5.1976783657028081e-01	   6.6903572633370267e-01	   6.6570360731840816e-01	   9.4728536946233122e-01	   5.7481803966055844e-01	   8.2338532004177412e-01	   5.2167548775936057e-01	   8.7931089085438796e-01	   5.4031174705904594e-01	   7.4302833423275905e-01	   9.3044752879957504e-01	   9.9541667006329382e-01	   4.4504072436558462e-01	   6.2026576082285545e-01	   8.6434188408233525e-01	   1.0062020859559944e+00	   3.5410426041554388e-01	   3.6538676939522002e-01	   8.4426162847590192e-01	   1.2435849083895441e+00	   3.2420047709545924e-01	   5.6927898760775375e-01	   5.3375278815747762e-01	   7.5608769761433225e-01	   3.8748241292736901e-01	   4.3758154401775939e-01	   4.4185351829847019e-01	   6.3423299056118065e-01	   8.2607096885815201e-01	   1.0756078616864708e+00	   4.2011964707073574e-01	   3.8422299995810905e-01	   4.5649803566500852e-01	   4.6525022743106170e-01	   3.4843005894941698e-01	   6.3012910244414588e-01	   1.3865013391442904e-01	   5.8248075350169171e-01	   6.5898411902167775e-01	   6.0567890807409563e-01	   4.7009019880024860e-01	   5.3876446025577207e-01	   6.4424498423329046e-01	   4.6497096794319837e-01	   3.3867230497813466e-01	   3.8852612829331656e-01	   8.3151106976958800e-01	   5.7976100757900462e-01	   7.9411579324746517e-01	   5.5462119923964592e-01	   9.0398513724930618e-01	   8.0085409690291098e-01	   6.2058725754132282e-01	   8.6548274465731612e-01	   4.6969122877160147e-01	   7.8728604892014653e-01	   6.0526970286350401e-01	   8.7889614679514116e-01	   6.6766021344173565e-01	   7.7785923269163826e-01	   4.8145289122613760e-01	   7.1828774929277517e-01	   5.3725580318351107e-01	   6.4480091545686535e-01	   7.9087094980973927e-01	   7.3643280603707417e-01	   3.4732406732203969e-01	   4.4737255701491707e-01	   6.3871721706746443e-01	   6.5312204323862566e-01	   5.8866318314450194e-01	   6.8457863346180858e-01	   5.9814436953085248e-01	   7.1877634275987434e-01	   3.7504085111012941e-01	   4.4005144403973229e-01	   6.7345789686155666e-01	   7.0639178189808971e-01	   7.0568623513739825e-01	   6.3834369718496198e-01	   8.4296058091470893e-01	   1.0378715476284421e+00	   3.5357930458958564e-01	   5.7636393362965721e-01	   8.0218357363140580e-01	   1.2344310726920265e+00	   1.1129616145886518e+00	   7.2766999247204034e-01	   9.3221445174634687e-01	   4.5841121065217771e-01	   5.4303176868667258e-01	   5.1293423850906827e-01	   6.6093391915151412e-01	   5.9218006551893310e-01	   8.0402129552357615e-01	   5.1500528176457139e-01	   5.0125862765548501e-01	   6.1043151687022934e-01	   6.8426454371362810e-01	   5.4443103299495077e-01	   3.1113207589629932e-01	   3.0732815038271294e-01	   2.3518973075039445e-01	  -7.3834171588973527e-02	   1.8571742435249525e-01	   4.9417858322276487e-01	   5.6033309305659973e-01	   7.9334833799466153e-01	   4.7475715442121746e-01	   6.3359420180336001e-01	   5.6094278079185156e-01	   4.6976923140327598e-01	
   3.8144997050058638e-01	   3.8797278631070492e-01	   5.9536298565913770e-01	   5.1976783657028081e-01	   0.0000000000000000e+00	   5.7744729422622565e-01	   9.6896992817210603e-01	   6.2369829442095948e-01	   1.0778190780892474e+00	   3.8830486397356001e-01	   5.1903952205202575e-01	   3.6455293971413560e-01	   6.8890897642228344e-01	   2.9177996364497422e-01	   5.6011826240716356e-01	   4.5989661304257945e-01	   2.2677380013147375e-01	   4.2238187190039894e-01	   5.2651044047756668e-01	   4.2962871671575714e-01	   4.0643227755349159e-01	   4.3410472663315203e-01	   5.4953748890793319e-01	   4.4420760862281394e-01	   5.9510196650042302e-01	   7.0748783571116269e-01	   4.7287368619692194e-01	   5.6434667631239155e-01	   3.4456657031414656e-01	   3.9809349515867826e-01	   5.6334962346637130e-01	   7.0001910855024452e-01	   7.3824142913183199e-01	   8.6067747811253947e-01	   3.8803964976260852e-01	   3.2106078071686295e-01	   4.0488959396923357e-01	   2.1603518985818182e-01	   4.8562941121306058e-01	   4.7956429425007574e-01	   1.2162083760877918e-01	   4.0468253079623651e-01	   6.3320190103294915e-01	   5.6592006931446259e-01	   5.8214455454510472e-01	   6.1463598281957688e-01	   5.9452828134449520e-01	   5.7691908838748818e-01	   5.9599295551731546e-01	   3.8936391561744638e-01	   5.2243722181241803e-01	   2.9721468698065023e-01	   3.7664156918258795e-01	   2.8212645813229320e-01	   5.7161362617104150e-01	   7.1107833924502573e-01	   3.9805025366271568e-01	   6.2103088807352713e-01	   8.7022663654454280e-01	   7.3042382814454132e-01	   9.2759966007484229e-01	   6.2068088495822238e-01	   4.1950648801272972e-01	   4.3460372702542865e-01	   3.7210046388074713e-01	   4.1334363348525888e-01	   5.6146923362679790e-01	   5.5253716620145887e-01	   5.8522778238504114e-01	   6.0891500315731872e-01	   4.0605634333739499e-01	   3.9833317524374590e-01	   5.6072003664905523e-01	   7.1075762131701192e-01	   5.2536993980537350e-01	   5.5601444220786855e-01	   4.7121438646185676e-01	   5.6019882836169421e-01	   2.1979668364114058e-01	   2.8336647566140893e-01	   3.6040763901329548e-01	   4.3877485521263693e-01	   5.0118835066368550e-01	   5.5867919988010339e-01	   4.9586887708743277e-01	   6.9308690670961981e-01	   3.5717035840410255e-01	   4.3184534998020385e-01	   6.9097238497766000e-01	   6.8987689148336340e-01	   6.7925821125198238e-01	   7.6224155567140228e-01	   4.7339868400378704e-01	   9.1688911634681969e-01	   3.4791889968835971e-01	   3.6046581815265466e-01	   6.9291234562480630e-01	   3.9870144026581805e-01	   7.3152376467491709e-01	   6.3155571621417694e-01	   4.0704496320189182e-01	   6.8585247892408041e-01	   5.3248639345307813e-01	   6.1862688190373805e-01	   2.5261399146892904e-01	   2.9708798972745570e-01	   1.3738499745614519e-01	   3.4359925162262897e-02	   1.1064129856404008e-01	   3.3266671039046780e-01	   5.6297316092968186e-01	   6.2633184336158276e-01	   4.6356542885321789e-01	   3.6913822947561326e-01	   3.6176761373423422e-01	   1.5666584790073726e-01	
   3.3109995920910473e-01	   5.7466139316127218e-01	   2.6468437061122885e-01	   6.6903572633370267e-01	   5.7744729422622565e-01	   0.0000000000000000e+00	   7.7803950739530681e-01	   1.2047282958850107e+00	   9.9722217087077281e-01	   1.1089349841966765e+00	   4.6023304000716686e-01	   7.0165510983400170e-01	   4.3843287527314101e-01	   6.1406459016983261e-01	   5.9742558604279683e-01	   6.6638787539062727e-01	   2.7632861291152300e-01	   5.3667255592896412e-01	   3.6491624183014848e-01	   3.6069742693259049e-01	  -4.5466325148257332e-02	  -9.6572801126775951e-02	   2.9466088712009092e-01	   3.2249645673098526e-01	  -3.5721553095112088e-02	   3.1273473715902694e-01	   9.4080454460191032e-02	   2.9628617295968490e-01	   6.4230408790426996e-01	   6.6680673779899402e-01	   1.6776615022779445e-01	   3.0075362111234544e-01	   5.3810788724760550e-01	   7.5235389040207890e-01	   9.7814895905823165e-02	   4.3177375200609729e-03	   9.9939815367056484e-02	   5.1086301033557158e-02	   9.3220495612645199e-02	   3.4438246206563894e-01	  -8.9518997905923575e-02	   1.7918844919787816e-01	   2.0105328473096662e-01	   2.5537878914631312e-01	   1.4883934198961396e-01	   1.8546866669989642e-01	   1.7075325170443870e-01	   1.3288135957199648e-01	   2.4338491408917362e-01	   2.4199528979757207e-01	   4.5569989758988838e-01	   2.8415931161665431e-01	   3.3795382429162180e-01	   2.2681031826474629e-01	   5.1200304022578735e-01	   5.1529851189486209e-01	   3.8402813417228782e-01	   7.1670829051253948e-01	   3.8711851537618897e-01	   6.1848627864676697e-01	   6.0216794383376737e-01	   8.7881614170797029e-01	   6.6569260632190652e-01	   9.1726371804648210e-01	   1.7404375324579341e-01	   2.6886577792564509e-01	   1.8241795425774440e-01	   2.0811363153790993e-01	   3.9629883852129599e-01	   3.7121182794873919e-01	   9.8018266130009898e-02	   1.7829239183833609e-01	   3.8685834199832358e-01	   3.5745342833725918e-01	   3.1589983943371508e-01	   4.1434951696525391e-01	   4.0264322074391146e-01	   4.4474221272596798e-01	   3.4999758799199016e-01	   4.0178559162571437e-01	   5.0102907583736755e-01	   4.8314810485053539e-01	   5.9374631127369637e-01	   4.8566558343869159e-01	   3.5836951053176130e-01	   4.9606248484297955e-01	   1.6089386813563028e-01	   2.5783892637493888e-01	   5.0165405746248259e-01	   6.1021727780314572e-01	   5.7384429553106453e-01	   5.2482173023303214e-01	   5.1527625914093833e-01	   3.4720941883095890e-01	   4.4220483085983286e-01	   5.7530961722406848e-01	   3.9436829342246649e-01	   4.4056746388434853e-01	   6.6514446496188551e-01	   3.8110085291192825e-01	   5.0156942609293642e-01	   4.8226053215567538e-01	   5.6968336520624929e-01	   4.3490938247118460e-01	   3.2593049035165178e-01	   2.5256884292701454e-01	   2.7106844630829174e-01	   2.8781448368788776e-01	   1.9064795493637493e-01	   2.2013588948273630e-01	   2.6892548043797460e-01	   6.1963394559406260e-01	   4.1352606885642446e-01	   2.1215516292515918e-01	   4.1540167474257439e-01	   4.7519873386458278e-01	
   4.4058605554195829e-01	   4.3038495221124240e-01	   4.9441390757170572e-01	   6.6570360731840816e-01	   9.6896992817210603e-01	   7.7803950739530681e-01	   0.0000000000000000e+00	   1.0173148240334522e+00	   9.4239614826469187e-01	   4.4694948165007264e-01	   5.4737369571892824e-01	   6.1977472728873606e-01	   8.4598851480022463e-01	   5.5882903213081003e-01	   6.3640298698629294e-01	   5.6712169422155712e-01	   2.9047674339813501e-01	   4.0425212593067328e-01	   5.6657793555285896e-01	   4.7600698637598982e-01	   3.1375978168048968e-01	   3.0151075118885873e-01	   5.4163000184215448e-01	   4.3808431048929658e-01	   2.4910253800155019e-01	   4.5910426135534399e-01	   1.4172020919126904e-01	   3.9650205256713772e-01	   6.8179851848961870e-01	   6.7145345708208926e-01	   6.2141455432374926e-01	   7.5085692186733322e-01	   9.1037170925007427e-01	   9.2740372287538930e-01	   1.4724588247527462e-01	   7.4614640918378453e-02	   3.0322862973486148e-01	   1.5353853849836241e-01	   3.3019331171705429e-01	   4.3502641582942370e-01	   3.9542197465567364e-02	   4.5379462128181414e-01	   4.7515489232309849e-01	   4.2410019075256900e-01	   3.4433338907581790e-01	   3.7663289482662854e-01	   4.5343180554956924e-01	   4.2380221020058528e-01	   3.1487557820754808e-01	   2.7322649864120108e-01	   5.9547016252216423e-01	   3.3691652670968292e-01	   4.2173396439553856e-01	   2.8241908995809950e-01	   5.6804697262982295e-01	   6.5328161677383167e-01	   4.6482053216603297e-01	   7.1253545546305619e-01	   6.6955136601852516e-01	   7.2269624326415349e-01	   9.6078405527237354e-01	   7.6262608653627684e-01	   6.5625400663729938e-01	   6.8774934263706777e-01	   2.3483367459197402e-01	   2.4879039703665995e-01	   5.2750536369773249e-01	   4.5604317010580497e-01	   4.4662367760854826e-01	   5.6952299003971107e-01	   5.4078317202693849e-01	   5.4629862633792303e-01	   7.9256252151878492e-01	   7.2657518085509742e-01	   7.2613198704333803e-01	   5.9360417484096284e-01	   7.6888682585512191e-01	   8.1040591218087477e-01	   3.2496298749964947e-01	   3.7484171621472218e-01	   7.1360282037380551e-01	   6.0510991996666663e-01	   5.1074478161178616e-01	   6.5436800074659818e-01	   4.3811554300106387e-01	   6.8167034140889604e-01	   7.1265984011341932e-02	   2.3383771394706243e-01	   5.7415434452245628e-01	   6.3714118409170717e-01	   7.2407763778546463e-01	   5.3557201942935861e-01	   5.0095890391767539e-01	   6.1124016957048410e-01	   3.1256730021468615e-01	   4.9107906251867250e-01	   5.1302145650641773e-01	   4.5996690103910537e-01	   7.7498971652643744e-01	   7.3098617683015232e-01	   6.0946961134191580e-01	   8.3612733663253480e-01	   8.1218525231446048e-01	   7.2390917683127676e-01	   3.2733930929806510e-01	   3.3405455964228203e-01	   3.4932139144771596e-01	   1.1638076362447088e-01	   6.4897424565365860e-02	   3.2669937959359624e-01	   3.9208522640515564e-01	   5.9044488887734214e-01	   3.4155459654526021e-01	   3.1121157641645070e-01	   4.4009976069621426e-01	   3.0697111284477269e-01	
   5.0465291063143425e-01	   6.8259464828519267e-01	   2.8416862259360348e-01	   9.4728536946233122e-01	   6.2369829442095948e-01	   1.2047282958850107e+00	   1.0173148240334522e+00	   0.0000000000000000e+00	   7.1969981487550194e-01	   9.1514073699933152e-01	   6.4499748114943956e-01	   1.0616601350164165e+00	   7.4268956529272789e-01	   9.5130172058414109e-01	   7.0434599337781822e-01	   7.4346864986170902e-01	   3.8774806279775903e-01	   5.6958460223915797e-01	   5.4248839613547672e-01	   6.1319362423127999e-01	   8.7599762685569307e-02	   2.8796575346268602e-02	   3.9320396419184800e-01	   5.1770194480945375e-01	   4.5118943431086356e-02	   3.6767098353285765e-01	   1.1177791637043479e-01	   4.4072455118157594e-01	   6.2678035116113229e-01	   7.2332756577981394e-01	   2.5446438710066310e-01	   3.7949184065933023e-01	   5.7106797790915698e-01	   7.7668690723946365e-01	   2.0875728781504753e-02	  -2.0671697649022852e-02	   1.4370067363982891e-01	   1.1439830202955528e-01	   1.3917745911413917e-01	   3.8116591700555025e-01	  -1.4140682338807831e-02	   3.9006417983492492e-01	   3.6519496744743901e-01	   3.1206594263718529e-01	   2.2998988579686724e-01	   2.6615341622017880e-01	   3.5228736656851573e-01	   2.8771718795605006e-01	   3.2299011945850448e-01	   3.9161007920288393e-01	   6.3407639905576052e-01	   4.1244723873198696e-01	   5.3160179931397522e-01	   3.9500246009247475e-01	   6.6854087498235448e-01	   6.8663346826411020e-01	   4.9438406298764292e-01	   9.2999576711757170e-01	   5.2453216320882989e-01	   8.6747355901703460e-01	   7.3117856931310243e-01	   1.0862624796057687e+00	   7.1528040308289387e-01	   1.0407460691604182e+00	   1.2126760210663681e-01	   2.9285015365554828e-01	   2.1589217818691192e-01	   2.4496148678150395e-01	   5.0764674216832106e-01	   5.1028333139855753e-01	   2.1700939893985327e-01	   3.4626100909742796e-01	   4.3856052663943745e-01	   5.0025769682315391e-01	   3.7989188585410505e-01	   5.1953482326688083e-01	   4.5655556000879499e-01	   5.3209207380367807e-01	   3.6404085034453354e-01	   3.7392586637809316e-01	   7.6303620227849400e-01	   6.3710416123927449e-01	   6.1008184747807381e-01	   6.3440626830142000e-01	   4.0019283856651366e-01	   6.5929013854813134e-01	   9.9999513062325227e-02	   2.2210272345587007e-01	   5.6450523126440943e-01	   7.8126671608046427e-01	   8.5050877978177941e-01	   5.0798332285563608e-01	   7.5384243746867252e-01	   4.4068510735779864e-01	   5.2645030626603684e-01	   5.8493762167479080e-01	   4.1579198861599442e-01	   4.1234376340754902e-01	   8.6063633076158530e-01	   4.4968004457231531e-01	   7.9379802917577635e-01	   6.6610520506958715e-01	   7.5590970232843124e-01	   4.4599131976999246e-01	   3.6770813618647902e-01	   3.4741413621476414e-01	   3.6083554016121799e-01	   1.2740012681563112e-01	   2.0347380681244376e-01	   2.8810337658937496e-01	   2.4137744883595086e-01	   6.8756007693421650e-01	   5.1284649715490949e-01	   2.6085027302003122e-01	   5.1479341313577653e-01	   5.6364931930569462e-01	
   3.2026239984216326e-01	   4.8584188346187884e-01	   5.4411050707766717e-01	   5.7481803966055844e-01	   1.0778190780892474e+00	   9.9722217087077281e-01	   9.4239614826469187e-01	   7.1969981487550194e-01	   0.0000000000000000e+00	   7.0917781287857873e-01	   4.0444640034771773e-01	   4.5743483782954325e-01	   4.7185957508410037e-01	   3.6744589434007696e-01	   6.7794938097328494e-01	   6.3926325670422202e-01	   2.0434587838788054e-01	   5.1450371654881577e-01	   4.1627324974647562e-01	   3.5559464562327581e-01	   2.8646539632037094e-01	   2.5925635006749009e-01	   5.2525039018864250e-01	   4.1731113780910567e-01	   2.9542495450121303e-01	   4.7366775501957886e-01	   3.5810409549391914e-01	   3.6761390093375429e-01	   5.3368155321657340e-01	   5.5999026444877054e-01	   5.7888434442323045e-01	   6.5967468556211151e-01	   7.7792211246614229e-01	   8.6880503395065944e-01	   2.8494155963552703e-01	   2.2144815592843434e-01	   3.1313759777615002e-01	   2.3846080869315822e-01	   3.0798930595167390e-01	   4.8565376402883753e-01	   5.1752115712620880e-02	   3.6276159659502194e-01	   4.2304458508976661e-01	   4.4132182576561163e-01	   3.5663878352940598e-01	   3.7431338352998911e-01	   3.8357226953265994e-01	   3.6828395929924634e-01	   3.0872544178051708e-01	   2.3911983602570036e-01	   4.2677727991832737e-01	   2.3052237201738768e-01	   3.0920309714251520e-01	   1.2958522654428292e-01	   5.1320005977577743e-01	   5.2373201919681411e-01	   3.5412999008046903e-01	   6.4351923498674202e-01	   4.9943571982530588e-01	   6.0333702099842756e-01	   7.0221228277736847e-01	   6.5129467264823182e-01	   6.2730989067473963e-01	   6.6994059939605000e-01	   3.6654624949445513e-01	   3.6456135043941595e-01	   4.0900662266357052e-01	   3.9142331501891003e-01	   4.5293191808306504e-01	   4.8279039519509959e-01	   2.9214097288719254e-01	   3.8188900515356933e-01	   6.3056417229283646e-01	   6.0231958346193681e-01	   5.9313756355694502e-01	   5.3809242224888554e-01	   4.9604912036077869e-01	   5.8640131491352121e-01	   3.2003179724143044e-01	   4.1078631821593947e-01	   4.5067968644749767e-01	   5.8765613928244709e-01	   5.4365041158597105e-01	   5.8053327753146478e-01	   5.2888691328769455e-01	   6.8088785373707073e-01	   3.0575873909974527e-01	   4.6827244137788521e-01	   6.0055580403691666e-01	   6.7391565093085071e-01	   6.5551949930973030e-01	   7.3583123254166349e-01	   4.4503547351928069e-01	   5.3443594918853798e-01	   3.6103761368841841e-01	   5.3119648473193415e-01	   6.0781889395532440e-01	   4.8108760285490071e-01	   7.0963430514515469e-01	   6.0164017462249753e-01	   3.5580603618711903e-01	   5.1741335776215247e-01	   4.7368750159276024e-01	   5.7842579139204287e-01	   2.7523830081726497e-01	   2.0543730901496815e-01	   2.6141415873931850e-01	   9.1828665962697148e-02	   1.2952468733326394e-01	   2.7579626078420666e-01	   5.1665721667486664e-01	   7.4580111560115925e-01	   4.3939606510407725e-01	   2.3315626606790796e-01	   3.0576650959551516e-01	   2.6969187550183743e-01	
   4.7325325549230296e-01	   6.4826701647753471e-01	   4.0553708992513371e-01	   8.2338532004177412e-01	   3.8830486397356001e-01	   1.1089349841966765e+00	   4.4694948165007264e-01	   9.1514073699933152e-01	   7.0917781287857873e-01	   0.0000000000000000e+00	   5.1943396791044993e-01	   6.7718524835601202e-01	   3.2489629626948591e-01	   5.5965097899419747e-01	   7.9290350770130624e-01	   9.4586093492971235e-01	   4.6184261868087473e-01	   6.5557635064477882e-01	   3.5489290825912584e-01	   3.7553720052906336e-01	   2.5714742767227405e-02	  -8.0695385474420858e-03	   3.9332656889248652e-01	   5.5544700662760005e-01	   1.2324703428485710e-01	   3.2761146865715174e-01	   2.9431597101972490e-01	   2.8371834445527555e-01	   4.6511543312887088e-01	   5.0495379431629728e-01	   2.2986492305320624e-02	   2.1842715285597536e-01	   4.6769414417449839e-01	   7.2967409367504055e-01	   2.6044627293767275e-01	   2.0576490356904295e-01	   2.5145012851687076e-01	   1.9898995471492623e-01	   1.2459854376927781e-01	   3.0496317276727841e-01	  -3.5607069450107783e-02	   3.1631862968463825e-01	   1.4029478525280353e-01	   1.9354507589614317e-01	   1.5776611065594695e-01	   1.6284267570103289e-01	   2.0704318638126298e-01	   1.0297337416392575e-01	   1.3009685724230072e-01	   1.9641376911182470e-01	   4.1298570718406657e-01	   2.8997595660403552e-01	   3.7840620591946161e-01	   2.8232090050898834e-01	   5.4130041891014113e-01	   4.7055171697364478e-01	   4.6567116554722254e-01	   7.0413259633104830e-01	   3.2293003348573668e-01	   5.5129007205316860e-01	   4.3753478422600289e-01	   8.7580728534348395e-01	   5.9045804554884729e-01	   9.1468976541887093e-01	   4.0062655326971308e-01	   5.9507076122279567e-01	   2.1684872022496043e-01	   2.7957283470903749e-01	   4.0887088259600263e-01	   3.9428846285792141e-01	  -8.1473998718201233e-04	   6.0596219567270647e-02	   3.5779563317687707e-01	   3.1683541913035779e-01	   2.6365774619170440e-01	   4.5387313119213496e-01	   2.5221808687158742e-01	   3.2586373244628636e-01	   4.2891886808129526e-01	   5.0844249896520832e-01	   4.4651637451771897e-01	   4.9118532627962691e-01	   7.0254103664777512e-01	   3.9696067631868798e-01	   4.7761228305885001e-01	   5.7989768396659291e-01	   3.9688589149113246e-01	   5.5725886066421415e-01	   6.0157102204297586e-01	   7.5601682444736407e-01	   6.2451189933348839e-01	   5.9616055041830163e-01	   6.1031890737391636e-01	   2.7782696393712436e-01	   4.8991829297106504e-01	   5.2465549065755135e-01	   4.3889730326252679e-01	   5.6214745009059053e-01	   5.3987327584402811e-01	   3.1117388119943817e-01	   3.2350934321889402e-01	   3.7405163623640858e-01	   5.1313246168357385e-01	   3.3525426083874066e-01	   2.9505116767731743e-01	   2.9007879129020808e-01	   3.9302281223770114e-01	   2.1146358584362235e-01	   2.5570607827978148e-01	   3.0258882922068442e-01	   3.9266289349996886e-01	   6.0246159397764831e-01	   3.6142047428514962e-01	   2.3496775963795041e-01	   3.6158008894243410e-01	   5.3389421738684351e-01	
   7.8146567462826055e-01	   5.8866923130553828e-01	   4.6842234224580193e-01	   5.2167548775936057e-01	   5.1903952205202575e-01	   4.6023304000716686e-01	   5.4737369571892824e-01	   6.4499748114943956e-01	   4.0444640034771773e-01	   5.1943396791044993e-01	   0.0000000000000000e+00	   8.6242361773445031e-01	   1.2627931853496184e+00	   8.8309034114210638e-01	   9.6653242561672781e-01	   8.5518764854354612e-01	   5.1260863298899806e-01	   6.3824268777543680e-01	   5.1409959023154905e-01	   4.2274169233065950e-01	   2.8814291703465478e-01	   1.5652847638140760e-01	   6.2023929843209946e-01	   6.1614726129529518e-01	   2.6268432398133262e-01	   2.9475091496252537e-01	   4.1298435433782982e-01	   4.8285095731658778e-01	   3.9841830027356961e-01	   4.8212825742034443e-01	   7.2959329707451059e-02	   3.0635352285562467e-01	   4.1625162887147760e-01	   5.8082640700230181e-01	   2.1321290236477167e-01	   1.7381796105069974e-01	   4.5672973630876412e-01	   3.7113367991616047e-01	   4.8831562747231738e-01	   6.3453730092769878e-01	   2.6790929638739203e-01	   4.6610335779303097e-01	   2.9126048536987159e-01	   2.6243300233726491e-01	   2.9598090560693530e-01	   2.5281516049816488e-01	   4.3479498695320662e-01	   2.9908281366013295e-01	   2.5880618473419353e-01	   2.3667652034695866e-01	   6.5640724030197417e-01	   3.7782432636351865e-01	   5.7043871165427040e-01	   3.3634596792403426e-01	   7.3057284316570170e-01	   7.5449746399389261e-01	   6.1988293066424005e-01	   8.2844451802816543e-01	   8.8248205182312600e-01	   6.8059942121410977e-01	   8.8885329482998376e-01	   8.7607537796389434e-01	   6.5254080755379296e-01	   6.9686606926897088e-01	   4.5676958504852683e-01	   5.1993873878493457e-01	   3.1512597959307531e-01	   2.8439397262872701e-01	   5.4258105615988050e-01	   4.3118188007128277e-01	   4.3402008536382097e-02	  -9.2307358980866033e-02	   4.2492145440632367e-01	   3.6764979845295448e-01	   3.9194470786517649e-01	   4.1025270940558783e-01	   3.7798554753444824e-01	   3.9163063605613407e-01	   4.3738002983219115e-01	   5.8817256457431621e-01	   5.6748384259539719e-01	   6.7593710636866178e-01	   7.6648537678213446e-01	   4.2474320355190087e-01	   6.7919082992431445e-01	   8.1722298590644482e-01	   4.7451403662298097e-01	   4.3210576676575513e-01	   8.2504756602502871e-01	   7.2886823496944009e-01	   4.4796660391878795e-01	   5.5102902234715334e-01	   5.0213056542167034e-01	   7.7424348543275479e-01	   5.2228654592354673e-01	   3.9567007479255434e-01	   5.5743831255572296e-01	   6.0337464106869687e-01	   5.4538197263824473e-01	   5.3257305661098187e-01	   3.5642601751153141e-01	   7.3022414831845550e-01	   4.3174263632642756e-01	   5.4212786816317360e-01	   5.0226381821898203e-01	   2.6431858010225912e-01	   3.3165103350464592e-01	   2.1497364985532225e-01	   1.1120377574781434e-01	   4.5901540790335155e-01	   5.3298201194746742e-01	   5.2606873390678899e-01	   4.3908628133628474e-01	   3.7173195886939436e-01	   5.0785673052759794e-01	   3.8478940146722224e-01	
   6.0305700208977153e-01	   8.1405716555313512e-01	   3.1085804353796342e-01	   8.7931089085438796e-01	   3.6455293971413560e-01	   7.0165510983400170e-01	   6.1977472728873606e-01	   1.0616601350164165e+00	   4.5743483782954325e-01	   6.7718524835601202e-01	   8.6242361773445031e-01	   0.0000000000000000e+00	   7.8156727042808227e-01	   1.5049959750790152e+00	   8.0130636356690443e-01	   1.0449514811520335e+00	   4.5049792838822922e-01	   7.2033070269501609e-01	   6.1212707065336669e-01	   7.0169123875363926e-01	   9.1875432347938740e-02	   8.5712329647539762e-02	   4.8518256711646768e-01	   6.6342034812900064e-01	  -5.2215796443022544e-04	   2.2679338243389832e-01	   1.7861930320808983e-01	   4.1190124722414967e-01	   7.9774708660596871e-01	   9.5034250291293643e-01	   1.7732023265531280e-01	   3.8359493991065297e-01	   6.1567855756098999e-01	   7.4128850281883363e-01	   1.5929660452565716e-02	   2.7586929892019748e-03	   2.2080815159674724e-01	   3.6254601928844521e-01	   1.5985715600289505e-01	   5.9380657614396537e-01	   2.4862746504039424e-01	   5.7032101196498375e-01	   3.1443128630555506e-01	   3.5373732648600165e-01	   2.5348657329710844e-01	   3.0969023974083687e-01	   3.4910842203601761e-01	   3.1035474987581602e-01	   3.4316635053102751e-01	   4.4302874118421642e-01	   8.0204655383426238e-01	   6.0592648551282435e-01	   6.3459245517441076e-01	   3.9907177528742110e-01	   8.4491996075865983e-01	   7.9831090695274320e-01	   5.1823980054821572e-01	   9.4546742500228953e-01	   5.1824036552885566e-01	   8.3752748984939829e-01	   6.4019329048443419e-01	   1.0002907531760474e+00	   1.0572141766518874e+00	   1.1992227696291979e+00	   1.7404441029976855e-01	   3.3367364805669059e-01	   1.9697667953520001e-01	   2.4681462503460405e-01	   5.0308893826295586e-01	   4.9221919083606230e-01	   5.7204033912612626e-02	   1.5175389204836010e-01	   5.6072679049293273e-01	   5.3563792651689579e-01	   5.0176150420855459e-01	   5.6331008672873439e-01	   4.0521541170715286e-01	   4.9788250598146144e-01	   4.2944446485031862e-01	   4.2950615992471897e-01	   8.0428399165359399e-01	   7.4640277823067114e-01	   6.7197382367643699e-01	   7.7239601030954397e-01	   5.0497055649377542e-01	   7.8798579371681066e-01	   2.5017993463526500e-01	   3.6027884611286054e-01	   6.0050848103002485e-01	   7.7281418802005397e-01	   5.9364385551763954e-01	   3.8712341397199168e-01	   6.8974871987163466e-01	   2.9873944151803383e-01	   4.4306211616879609e-01	   5.9851206069272656e-01	   3.6206840890610537e-01	   5.2432542306956575e-01	   7.6134723974899110e-01	   4.2504572866018153e-01	   6.5905833049773266e-01	   5.3022485500670991e-01	   5.8819170108525665e-01	   5.2645147826035188e-01	   4.3525575208015838e-01	   2.9274480597954322e-01	   3.2923319733668177e-01	   1.2049737603997338e-01	   2.0414401690011516e-01	   3.5632205377791470e-01	   2.8324174536507107e-01	   7.6038761872691996e-01	   6.4539882671267046e-01	   3.4828074994444475e-01	   6.3224109841844589e-01	   5.8223259290654494e-01	
   6.5440808531642192e-01	   4.8285966969266803e-01	   3.7327636119683610e-01	   5.4031174705904594e-01	   6.8890897642228344e-01	   4.3843287527314101e-01	   8.4598851480022463e-01	   7.4268956529272789e-01	   4.7185957508410037e-01	   3.2489629626948591e-01	   1.2627931853496184e+00	   7.8156727042808227e-01	   0.0000000000000000e+00	   8.4940920401899478e-01	   8.0014762545012352e-01	   6.1637801826582950e-01	   3.9493302232591404e-01	   5.0556743741525256e-01	   6.1000656638123729e-01	   5.0123280589134245e-01	   3.5976665695043125e-01	   2.7872155249945280e-01	   5.5499274539079191e-01	   5.1978143913603247e-01	   2.6871039143380421e-01	   3.6676080887298484e-01	   3.2508624547402443e-01	   5.1067227462536380e-01	   4.4551446089869051e-01	   5.4174082018718805e-01	   2.8902187562935799e-01	   4.8127017166968294e-01	   4.9079909601208366e-01	   6.0997575037377816e-01	   8.6780765653503289e-02	   3.2905565520499599e-02	   3.9477717999709361e-01	   2.7687875124679862e-01	   4.4847203400846231e-01	   5.9088465235120224e-01	   2.2892828397323065e-01	   4.5581993719763325e-01	   3.9424055583453738e-01	   3.3064717454388665e-01	   3.3789740480449298e-01	   3.1771922526532975e-01	   5.0751517771023913e-01	   3.8735598486393819e-01	   3.8274773941776397e-01	   3.9389229589743530e-01	   7.1839372956332459e-01	   4.6898545602127367e-01	   5.3905292952896411e-01	   3.5150801956806194e-01	   6.5410833164761906e-01	   7.7348980013964941e-01	   5.3583686711124723e-01	   8.0733350022393946e-01	   9.3950165194547441e-01	   7.0295019376254575e-01	   9.7167808421511737e-01	   7.3895686521546489e-01	   5.6568490641671110e-01	   5.5860430711094822e-01	   2.7310310937297644e-01	   3.1092712251061350e-01	   3.4014630764011988e-01	   2.7739492811875210e-01	   5.3303747383779454e-01	   5.2071660698438027e-01	   2.6436246410107572e-01	   2.2040580920128786e-01	   5.8903172881629995e-01	   4.9179881522540236e-01	   5.3957920908776769e-01	   4.5355896246290550e-01	   5.0554139837383061e-01	   4.8084506195345966e-01	   3.5334849618647030e-01	   4.5968998922766424e-01	   6.4713210212409611e-01	   6.8997273680409099e-01	   6.4007272714282371e-01	   4.6148207037295302e-01	   5.2892364884194176e-01	   7.4727329395523867e-01	   2.8990785952258785e-01	   2.6215141014767196e-01	   6.4259707884467365e-01	   6.7146009192595202e-01	   5.5622691304698335e-01	   5.0351556462150615e-01	   4.9713264386399703e-01	   7.9262193534931658e-01	   4.8463305404617102e-01	   3.4115637795978948e-01	   4.8725682257036945e-01	   3.9567108967477416e-01	   6.3599115001551720e-01	   5.6451997014425082e-01	   4.5508429657285832e-01	   7.7986494960504205e-01	   5.5866407828089071e-01	   5.7054967487210684e-01	   4.4750898691862173e-01	   2.8066918329654905e-01	   3.0397741726823302e-01	   3.0200308571624292e-02	   5.8358056908514797e-02	   4.0094957523445041e-01	   3.9503208089392927e-01	   5.0154051697417423e-01	   4.7955406078136298e-01	   4.3502532464036536e-01	   5.3799236705669595e-01	   3.6583597122303846e-01	
