   0.0000000000000000e+00	   8.2991219034897956e-01	   6.0557462642352744e-01	   3.1689925670310232e-01	   5.4407003943937871e-01	   3.2299350769415275e-01	   5.3959473931822222e-01	   3.4783455838742627e-01	   5.2565374652889174e-01	   5.8706280695461954e-01	   1.0014976506106255e+00	   7.1271588382721562e-01	   6.7897921178753307e-01	   5.3792629735829567e-01	   8.4768760931969545e-01	   6.4840044678522379e-01	   3.0861770705497638e-01	   2.8612884889737233e-01	   1.1164016984992982e+00	   6.2410607234201654e-01	   7.3254450221933082e-02	   1.5718446510589554e-01	   4.7134335453161869e-01	   3.8079088136565187e-01	   2.5865888282194138e-01	   2.3625493941797911e-02	   1.5542508826750653e-01	   1.9059756761402019e-01	   6.7810815054829210e-01	   4.0527451464743591e-01	   3.1324629137217735e-01	   1.8232078771329774e-01	   5.7021913486726772e-01	   4.1322676800355140e-01	   1.2216738053345333e-01	   7.1303283339428619e-02	   5.1041249805400346e-01	   4.8784559399251126e-01	   5.2668202221804883e-01	   5.0195483959422460e-01	   4.4055487997685633e-01	   4.5505355131017600e-01	   4.2473296968925572e-01	   4.9533036820077442e-01	   2.1598187557351750e-01	   2.0168796689553234e-01	   5.1071391150967382e-01	   5.8316063813771057e-01	   2.5784259395297410e-01	   4.1957353887469517e-01	   4.7453084263238099e-01	   4.5129931065551343e-01	   4.0562318898185790e-01	   3.2545274409064645e-01	   6.1631480033782138e-01	   5.5409142755642271e-01	   5.6264054538874786e-01	   6.6759553897052692e-01	   4.7882312981255104e-01	   3.6937152633303899e-01	   8.5180253946721018e-01	   5.2973602366587169e-01	   3.7758305339182158e-01	   3.9056513899201994e-01	   3.8689515220862469e-01	   3.9772027119425174e-01	   2.0313773805304211e-01	   2.5671625565690798e-01	   5.7533510612994632e-01	   4.2526377224255979e-01	   6.9947384146037483e-01	   5.1228324923960722e-01	   8.8445811477802772e-01	   6.0097681007423032e-01	   8.6417745089746578e-01	   5.5136587704177864e-01	   8.5163098738799448e-01	   7.9319634480097512e-01	   2.9324772048404918e-01	   2.7743186405964404e-01	   2.8163662819750224e-01	   5.0252052941593894e-01	   7.1516284930474094e-01	   4.5089350106525883e-01	   5.5185644049646476e-01	   5.6755293568777776e-01	   3.9438315142969343e-01	   5.2807378812524142e-01	   9.2220552226123054e-01	   8.6219608982362816e-01	   4.8897943254654391e-01	   6.6576041568788302e-01	   3.2336641830405805e-01	   5.8573571200539187e-01	   3.9017768441627426e-01	   5.0096162069547923e-01	   5.3971379216754400e-01	   6.9620649109510391e-01	   4.2971139553697307e-01	   6.2338886276222627e-01	   2.0466984182322806e-01	   5.1171068257619989e-01	   4.6371609792547325e-01	   5.0686895676759458e-01	   3.0752328964695547e-01	   4.8825496164576876e-01	   1.3999197798064086e-01	   4.1974535973185190e-01	   9.6970082747923264e-02	   5.1817945363746332e-01	   4.4982605008989662e-01	   5.6549119847194584e-01	   4.4068074803640356e-01	   5.1556910691425617e-01	   4.1248920239094550e-01	   1.0965810256895582e-01	
   8.2991219034897956e-01	   0.0000000000000000e+00	   2.2399402904644966e-01	   4.2950502028219478e-01	   2.4030302741105461e-01	   5.1087256676614345e-01	   2.4838641358409028e-01	   4.5792789456332472e-01	   3.8556513139567028e-01	   6.6304896130029733e-01	   4.2349895917773750e-01	   8.8499909411871935e-01	   5.3018846648148266e-01	   7.8217950707156580e-01	   5.4648006571746799e-01	   8.3930743394103824e-01	   5.7101803779632465e-01	   5.8710219759213378e-01	   8.7442818737370920e-01	   9.8409262809582698e-01	   2.3665646492375871e-03	   1.4522131229763727e-01	   2.9708396542934695e-01	   5.3525778923642076e-01	   8.9396830374299560e-02	   1.1261616494901575e-01	   3.6671154928883190e-02	   2.8909095036637811e-01	   5.0866936611155322e-01	   5.7933492836282308e-01	   1.9707499445895896e-01	   2.1851668271913507e-01	   5.9450320375056898e-01	   5.9360996992213910e-01	   6.7382990470591254e-03	   1.1650478465774257e-01	   4.9354805305695615e-01	   6.5723203270846897e-01	   2.8688866370632810e-01	   4.2910679483790970e-01	   4.3467667806546895e-01	   5.5160483247324155e-01	   2.7270428472807162e-01	   4.4153746179544751e-01	   2.5607539326975209e-01	   2.9454939326369634e-01	   3.4339434118298173e-01	   5.2191254324999226e-01	   2.7835073161890417e-01	   3.6648877590502232e-01	   3.9413671700310093e-01	   3.2824239847240150e-01	   4.9854622767493673e-01	   3.4032419717998713e-01	   5.7499356140434066e-01	   4.8396024800964399e-01	   7.4112160506910685e-01	   9.4312333307233942e-01	   5.0420827834806559e-01	   3.6833522715665618e-01	   4.7792645882954010e-01	   5.6695311490541589e-01	   4.7199911405383005e-01	   6.4254944217999088e-01	   1.1069104856532713e-01	   2.8840017487482927e-01	   1.2132189002363081e-01	   3.0279176592854690e-01	   6.7906303471823304e-01	   5.7209222628946788e-01	   3.4052534964339443e-01	   7.1838838669657201e-01	   7.7462518799270108e-01	   9.1724436454080571e-01	   6.4997718557568196e-01	   8.4316685467740404e-01	   6.7075129888525065e-01	   9.7474813614123235e-01	   4.0293448117485120e-01	   4.1224387794470385e-01	   5.7317615905987385e-01	   7.3852839644853596e-01	   6.6402342495082090e-01	   7.0010167704832071e-01	   3.4825326029725945e-01	   6.8458414913880139e-01	   2.4385016367664303e-01	   5.4643946199807125e-01	   7.2423863939600330e-01	   7.6602232187277408e-01	   5.8400058438480362e-01	   4.1706770018152395e-01	   5.1802390632833706e-01	   3.8723023670443890e-01	   3.5622140917365186e-01	   8.0580927939212221e-01	   4.9268139009245721e-01	   7.0430637103367155e-01	   5.4610685836864437e-01	   5.0717912605080684e-01	   4.7181877335761774e-01	   5.4051816608214964e-01	   6.2456136391157502e-01	   6.8068052080043984e-01	   3.6387170406155434e-01	   2.7778300552747992e-01	   1.4931779803686512e-01	   5.1497378051407883e-01	   1.9646310397478250e-01	   5.2749588566645433e-01	   4.5441422362462003e-01	   6.4015220905373771e-01	   4.2368066194849258e-01	   5.8638048068567050e-01	   3.7220318301189814e-01	   8.5646847414414043e-02	
   6.0557462642352744e-01	   2.2399402904644966e-01	   0.0000000000000000e+00	   5.7272342923458019e-01	   1.3481921665464691e+00	   2.0031900452138979e-01	   1.3809165306898001e+00	   3.0052469018035688e-01	   8.7807898850785926e-01	   3.1962636279814421e-01	   3.4916436658237282e-01	   1.4049483851059785e-01	   1.9835683641401722e-01	   5.1344155831272243e-03	   8.0906187683248920e-01	   3.9748254039000958e-01	  -2.4899079147728168e-01	  -7.2982135823578223e-02	   4.3866384569199252e-01	   1.4337558925222568e-01	   4.6414974176676793e-01	   2.7896735109198062e-01	   1.3046877244341477e+00	   6.1424287285926993e-01	   1.0791473223092314e+00	   3.5891091354144145e-01	   8.6176912355842872e-01	   4.3834706296140513e-01	   2.2115692695621381e-01	   2.7412630441162485e-02	   7.5709076351159921e-01	   3.9098674635761149e-01	   6.3746767902612456e-01	   3.0388914434781605e-01	   9.6837024280534656e-01	   4.5981053896677954e-01	   3.4835755864910600e-01	   2.1080027795888495e-01	   4.2658321992760428e-01	   2.2619164921531576e-01	   3.0345918923080778e-01	   2.2206136282689423e-01	   6.0198555118583008e-01	   4.7359244437065873e-01	   5.3927835993523954e-01	   3.6457281029143918e-01	   5.3658918315289039e-01	   5.4143643696006749e-01	   3.4530172766534040e-01	   3.9129069988117893e-01	   5.8160991477207014e-01	   6.3509640586439753e-01	   5.4761752172168532e-01	   7.0943360377120512e-01	   4.9007118679618822e-01	   4.7491590299942726e-01	  -4.4506582290824132e-02	   6.7901520566014006e-02	   3.1066483243851450e-01	   3.1587039384105331e-01	   4.0887675396631973e-01	   1.7526223204009422e-01	  -1.5417718462369875e-01	  -6.3999636009367472e-03	   9.4201518544434060e-01	   5.3583745497606006e-01	   8.4959243613892299e-01	   5.7424203687605568e-01	   2.5308172030041370e-01	   2.0049617962579272e-01	   7.6577588469722446e-01	   3.9722141529853267e-01	   4.0836463354963448e-01	   1.5958769533788608e-01	   3.9984404828146258e-01	   1.7329037359618743e-01	   5.0691250234033824e-01	   3.8869060989931153e-01	   1.3320490408076750e-02	   7.2743817282930029e-02	  -1.4823706165983327e-01	   3.3489243959211346e-01	   4.4023201002026013e-01	   1.5332303823708376e-01	   8.1326961746720494e-01	   6.3556307992974637e-01	   5.7469967693779567e-01	   5.2543260455558505e-01	   7.0789338418909264e-01	   6.5068123663972888e-01	   4.4891015384752242e-01	   9.2496410241347216e-01	   2.2961895903884158e-01	   8.1579288004027295e-01	   1.7299281620780396e-01	   3.1732528928759753e-02	   4.4860789523437766e-01	   2.8694375497655866e-01	   2.3830541023076540e-01	   3.7567745085041770e-01	   6.7897807559547024e-02	   2.7771078059709564e-01	   2.3414493575614662e-01	   1.7453315785098472e-01	   1.0623007121617728e-01	   3.5719385369594076e-01	   3.5674878075580924e-02	   2.5850814971844449e-01	   2.2693256132382735e-02	   2.7622396695459422e-01	   4.9551579529671180e-01	   3.6206866127600223e-01	   2.2309546140745057e-01	   2.2277757626412345e-01	   1.5146100799326287e-01	  -8.0799269066986548e-02	
   3.1689925670310232e-01	   4.2950502028219478e-01	   5.7272342923458019e-01	   0.0000000000000000e+00	   7.1864394212284588e-01	   7.5595828603151261e-01	   6.6256849369676696e-01	   8.8962291177191655e-01	   6.2306567571165794e-01	   8.6878827939030812e-01	   1.7977174589069631e-01	   4.9339951133647375e-01	   2.7904048340610743e-01	   3.2416242133782303e-01	   4.5597958251458770e-01	   7.1711330159590148e-01	   5.2339457168392865e-04	   1.1812029460111077e-01	   2.4175201168220839e-01	   4.2598870428488256e-01	   2.7117176368076357e-01	   2.7290178044731583e-01	   5.9675865731210653e-01	   9.0180646292948197e-01	   5.6619772534604029e-01	   5.0347718772061656e-01	   4.7599173096296837e-01	   8.6685587813558551e-01	   1.7499697743179041e-01	   1.9598173477064484e-01	   2.7313178312115827e-01	   3.8183686753377022e-01	   3.8083041888480029e-01	   4.9815222165167705e-01	   5.9380478440702722e-01	   7.2053272920846867e-01	   3.5080175809871328e-01	   4.2800906144904982e-01	   2.6241186426654850e-01	   2.6075056630409321e-01	   3.4961284258871866e-01	   3.2866604130945665e-01	   6.0112472133057393e-01	   6.2895392146010209e-01	   7.8206561487187720e-01	   7.6153271427026659e-01	   4.9685487154410751e-01	   7.5971642443978382e-01	   5.0234495990173811e-01	   5.4089295339939569e-01	   6.9064553382348237e-01	   6.4901980769284562e-01	   7.6685766712489467e-01	   7.1646960879152355e-01	   6.4928598668559634e-01	   6.5324804737344500e-01	  -9.0879707381786735e-03	   1.2139091414210972e-01	   4.5431312542171831e-01	   5.7742835442898621e-01	   4.5943376528482699e-01	   5.8959740358719137e-01	   1.9571473128365800e-02	   2.9293505656539021e-01	   5.5956782157363150e-01	   7.3139001836938378e-01	   8.2296575181531018e-01	   1.0625025195331486e+00	   2.3654633276742207e-01	   3.0567095185838244e-01	   3.2093923715120937e-01	   4.2921214707556415e-01	   1.5367847516798000e-01	   2.7535867728699071e-01	   1.5259781835743935e-01	   2.8954443526654644e-01	   3.4756349973134026e-01	   4.6246640237108472e-01	  -4.9291395599886025e-02	   1.2274514877109076e-01	   3.7034267300351809e-02	   4.7821689998743888e-01	   5.1472138885761876e-01	   3.9597499937865771e-01	   4.8660039653981885e-01	   8.7342266831014748e-01	   3.2107621296327626e-01	   5.4673226277380005e-01	   6.4334579699196859e-01	   7.0022231067839291e-01	   8.8174902890716900e-01	   5.8865894304522093e-01	   1.0266681436364384e+00	   6.4442597513975530e-01	   2.2103166592979956e-01	   3.5151861830687475e-01	   5.3773767433260378e-01	   4.5513619283754747e-01	   4.7860661284375328e-01	   4.9420822331208603e-01	   4.7872014993882550e-01	   3.0091665448650279e-01	   5.3190332472258173e-01	   3.9191867057418062e-01	   3.6456351679451621e-01	   2.7961165602820798e-01	   9.7302489374577777e-02	   3.3751998027929153e-01	   3.3794421798582958e-01	   5.0066639005422497e-01	   6.8224274575501564e-01	   6.4142906669849276e-01	   5.2367488507999116e-01	   3.8515819851451383e-01	   3.0665661829283586e-01	   2.5315592424883859e-02	
   5.4407003943937871e-01	   2.4030302741105461e-01	   1.3481921665464691e+00	   7.1864394212284588e-01	   0.0000000000000000e+00	   4.8831056037330567e-01	   1.1743093387928065e+00	   4.9241017925005792e-01	   1.1714844560417317e+00	   5.4123429578902882e-01	   3.5134064283030919e-01	   3.1513923274249739e-01	   2.9106370408508730e-01	   1.5298406972708423e-01	   7.5041495109931333e-01	   4.4614284941461024e-01	  -1.7383389160313611e-01	   6.9093491690543740e-02	   5.2314858107185058e-01	   3.1730379371187045e-01	   3.8094323694097365e-01	   2.3421221472825368e-01	   9.1389928348964133e-01	   5.7808858317665024e-01	   8.7397226204378009e-01	   3.7624540406285478e-01	   8.6770273410143428e-01	   6.8773360351437152e-01	   2.6214063680072947e-01	   1.3211141167842569e-01	   5.4357663116286437e-01	   2.7622934756944667e-01	   5.6446126901327531e-01	   3.5149931026531239e-01	   7.3541781208606116e-01	   4.8128749735805859e-01	   2.8652967416629027e-01	   2.7087400178873777e-01	   3.3497389320150883e-01	   1.9651536552588336e-01	   3.3961996862379890e-01	   2.2726552486865031e-01	   7.9642679276623218e-01	   6.8899961819370570e-01	   7.2945208691458285e-01	   6.1993304863082677e-01	   7.0534854335793151e-01	   7.7306860443536429e-01	   5.6058743644543974e-01	   5.9688077751793622e-01	   7.8647516393067396e-01	   8.2095090374731483e-01	   6.3804545780653610e-01	   7.9980263582890965e-01	   6.2028140521890573e-01	   6.7428204210572007e-01	  -7.6238628903808805e-03	   1.4807537599956239e-01	   5.4709088902587499e-01	   5.8882357533145857e-01	   4.3872730778917435e-01	   2.6788695362709886e-01	  -1.3040094895190585e-01	   9.3366342990510692e-02	   7.3521604423736253e-01	   5.0421843978279246e-01	   9.3209437937323780e-01	   7.7438924814501187e-01	   3.0732626270865337e-01	   4.3765369779134555e-01	   6.2422590190734450e-01	   3.6877549361958517e-01	   3.4778685937381620e-01	   2.4119255361934189e-01	   3.5105165727352960e-01	   2.0007803619492001e-01	   4.4888073089015768e-01	   3.3801352304388727e-01	   4.3082804897174934e-02	   1.2104345029703420e-01	  -6.6607693961597714e-02	   3.7624290972094693e-01	   3.4858761166629287e-01	   1.9822986598552647e-01	   6.0477737701557721e-01	   5.2062847894967146e-01	   3.2994414731348043e-01	   3.4910336406542808e-01	   6.7309992463268775e-01	   7.2187122386369107e-01	   7.2233576279663281e-01	   1.0071462891499943e+00	   4.1405366732745058e-01	   1.0647516699431485e+00	   1.5807855428835343e-01	   1.9602776479270312e-01	   5.6031167907079138e-01	   4.2262312535198943e-01	   4.7505233483630471e-01	   5.9889773064753926e-01	   2.5238763313129220e-01	   4.6889555464462074e-01	   4.9009255846795052e-01	   3.8373543347082961e-01	   2.6045710485922680e-01	   4.1696614433947493e-01	   2.7383692344423505e-01	   3.4970479697965434e-01	   6.6751310548338189e-02	   2.7924725859696431e-01	   5.5578268864737201e-01	   5.6752590790228652e-01	   3.7930196078713019e-01	   2.5943707656742043e-01	   1.2792127875612783e-01	  -1.6384380712631641e-01	
   3.2299350769415275e-01	   5.1087256676614345e-01	   2.0031900452138979e-01	   7.5595828603151261e-01	   4.8831056037330567e-01	   0.0000000000000000e+00	   3.5189319355360277e-01	   1.1532954034065139e+00	   5.7497586568486425e-01	   1.2623183355738354e+00	   1.7311959552219600e-01	   9.0033526298960687e-01	   5.6231426147257579e-01	   8.4669460983762757e-01	   2.3157503836305587e-01	   7.0478404890005331e-01	   4.0804158656704775e-01	   6.1681952411420149e-01	   4.5182256191144210e-01	   7.6708283297654867e-01	   4.3587389952612042e-02	   3.0924607857227288e-01	   1.7379440412963354e-01	   4.2358047262530352e-01	   2.3007966355909459e-01	   4.8714694897513333e-01	   8.9956488834055826e-02	   9.1151787530284878e-01	   5.0109876537149367e-01	   7.6577833973469678e-01	   1.8296715811119288e-01	   3.0518565008913334e-01	   4.5158912515278893e-01	   7.6166975419410288e-01	   2.1157072159822116e-01	   5.6229320772746427e-01	   3.9842054589849057e-01	   6.3267043142854751e-01	   2.3920068405707995e-01	   3.6635122488204475e-01	   6.3635087955231728e-01	   6.8467549269226580e-01	   5.8878407419497469e-01	   7.2455554382615528e-01	   6.7139962376235607e-01	   8.3046065154164173e-01	   6.0843824954438219e-01	   8.1633824006630340e-01	   5.2102679675293539e-01	   5.2597101194005058e-01	   5.4181469506667590e-01	   5.2617031763811450e-01	   6.7417561337807663e-01	   4.5710875227979075e-01	   6.5770636581702513e-01	   6.4440794688553227e-01	   3.3035720564717419e-01	   4.3514588431160228e-01	   5.4711592962414646e-01	   6.0364618373455592e-01	   4.3039290056919016e-01	   6.7456808109185906e-01	   3.6735827439738622e-01	   7.0271996290156202e-01	   5.7333223659368576e-02	   3.3062698102058508e-01	   4.2452781747543583e-01	   7.5763257660978789e-01	   2.9863908070427503e-01	   4.7035455477464416e-01	   1.0932791724326814e-01	   3.6369294683033959e-01	   3.4101872602241767e-01	   5.8243323115634538e-01	   2.9006589887712692e-01	   5.7275143331369160e-01	   3.4504986919454478e-01	   5.3441448974265571e-01	   3.7294727254919219e-01	   4.5601329472941210e-01	   5.4662313136794893e-01	   6.7412889504297036e-01	   3.6655126070870719e-01	   6.9974034009765806e-01	   5.4634347149765179e-02	   3.5835153256407570e-01	  -3.3164931735378905e-02	   1.3115693694501349e-01	   4.2906442910316095e-01	   5.7324111111074094e-01	   9.4191327730031316e-01	   3.8989604252029936e-01	   9.2216645427167232e-01	   5.3229225931291113e-01	   1.1987842390757243e-01	   6.4895028900424823e-01	   5.4291765070585007e-01	   6.7993593795493645e-01	   7.9088918704124056e-01	   6.5232786952080035e-01	   6.7255721697837700e-01	   5.0862436854449988e-01	   8.1532999010963558e-01	   7.1471210964570753e-01	   5.2584796796583633e-01	   3.0395159275067485e-01	   3.2898920580576868e-01	   4.9426122728134841e-01	   3.4148786115670005e-01	   4.8632389721826552e-01	   7.6372327919868621e-01	   9.4776779342082540e-01	   8.6430946913830953e-01	   5.0479080742296900e-01	   3.3341778285129747e-01	   6.7923235957418806e-03	
   5.3959473931822222e-01	   2.4838641358409028e-01	   1.3809165306898001e+00	   6.6256849369676696e-01	   1.1743093387928065e+00	   3.5189319355360277e-01	   0.0000000000000000e+00	   6.1690792937426886e-01	   8.0694656783424001e-01	   4.8951864319532212e-01	   3.3890467634798099e-01	   3.0332877017061849e-01	   4.5348126763643243e-01	   1.8198980495257377e-01	   6.5408262491685054e-01	   5.2181637987754836e-01	  -1.1896664353620302e-01	   4.3357422053131409e-02	   4.5820531821992966e-01	   2.5260039526875033e-01	   5.5863667302153397e-01	   4.4595581103517939e-01	   1.0116786165578051e+00	   7.0829862769118901e-01	   9.7743216096791985e-01	   6.4942418717780914e-01	   6.0746347994518335e-01	   6.1364952422444563e-01	   4.3788498530580411e-01	   2.5013526470953568e-01	   9.1088264799806817e-01	   6.7095018651359717e-01	   9.1160852862151487e-01	   6.2047847150642532e-01	   8.2207256560658548e-01	   6.0327723102309616e-01	   4.3876405078181713e-01	   3.1515203557092536e-01	   4.7374787904191584e-01	   2.2449520098586423e-01	   5.0181941301187405e-01	   3.3336803737967541e-01	   6.3818168295876265e-01	   5.7559935650002081e-01	   6.6728592548187260e-01	   5.9047071499200610e-01	   6.1528105149629608e-01	   6.1081612219960113e-01	   4.0821478288913798e-01	   4.1923751165984779e-01	   7.1034852161092632e-01	   6.8797630430660961e-01	   6.4726512865424290e-01	   6.9419768036726481e-01	   5.0624246732751088e-01	   5.1651780582113926e-01	  -1.0981140808815514e-01	  -5.1054490775787418e-03	   3.4081292449865747e-01	   3.2477801376927307e-01	   5.8929834543264703e-01	   2.8271936864917158e-01	   1.1398882273513168e-01	   2.7415982354977037e-01	   7.1638662551715615e-01	   3.8808597180924420e-01	   1.0331304144664009e+00	   7.8714360384150717e-01	   1.3793304179512089e-01	   2.3697479713812525e-01	   7.0652886098615830e-01	   5.0482034511472584e-01	   5.2525780570605551e-01	   3.5128268511252414e-01	   4.6699989213363130e-01	   3.5314825018845114e-01	   5.5574199659008006e-01	   5.4061248280304242e-01	   5.5035101132238647e-02	   1.7031302545583268e-01	   2.7660491253059950e-02	   4.6434588531122173e-01	   4.1305020948556503e-01	   2.1021423779914200e-01	   6.6698537056172258e-01	   6.6136377394751145e-01	   2.9884947438462856e-01	   4.0778924167933306e-01	   7.0825792416841904e-01	   7.5334545651391016e-01	   5.2983347679237025e-01	   8.2968948758262184e-01	   3.8601404794997107e-01	   8.8859783920274960e-01	   1.8230977255054784e-01	   7.8046086996209033e-02	   5.3762078813264147e-01	   2.9602141582112235e-01	   3.0307534366186689e-01	   3.7650066499926715e-01	   2.5555275743128680e-01	   4.1203686727701461e-01	   3.5030739002050626e-01	   3.1540104425599452e-01	   1.6677399852838781e-01	   3.5780884016312603e-01	  -6.7978581738385654e-02	   3.6955664437957381e-01	   7.6149507505242478e-02	   3.5341849871816344e-01	   6.2910180544511030e-01	   4.3999970622785806e-01	   3.4004907764508502e-01	   3.1710287394685666e-01	   1.6333288174948526e-01	  -7.3963671096338196e-02	
   3.4783455838742627e-01	   4.5792789456332472e-01	   3.0052469018035688e-01	   8.8962291177191655e-01	   4.9241017925005792e-01	   1.1532954034065139e+00	   6.1690792937426886e-01	   0.0000000000000000e+00	   5.9695637018045966e-01	   1.2998039296192925e+00	   2.8114348023816021e-01	   9.9061523916605754e-01	   7.2642512486359356e-01	   7.5072691302631522e-01	   3.1316662074146323e-01	   6.8727843177417491e-01	   3.2308779248514102e-01	   5.2021706377160171e-01	   4.1414949842006926e-01	   6.8110702432886383e-01	   1.6805119461560075e-01	   4.0376282184566215e-01	   2.4108013727588945e-01	   4.8802972508239517e-01	   2.6424252257440262e-01	   6.4976084727242189e-01	   6.4958373496340899e-02	   8.9864166162458803e-01	   6.7012961303842566e-01	   7.6817229663564068e-01	   3.5159365484131117e-01	   5.3883877331237939e-01	   6.4247325145273448e-01	   1.1177442980333108e+00	   2.3326165692649553e-01	   6.3529551879624879e-01	   4.7694048446804871e-01	   6.2584529932259325e-01	   3.2842801989094356e-01	   2.9045434160204969e-01	   6.9629853604051761e-01	   6.0781451066508474e-01	   5.2526704717744366e-01	   6.2741253638088246e-01	   5.9914071137439562e-01	   7.2847455557562402e-01	   5.0336179938903292e-01	   6.6485118710948299e-01	   3.9191350362965749e-01	   4.1978168472944416e-01	   5.4042530582980963e-01	   4.4270543030131321e-01	   6.2104402048281016e-01	   4.8020671696614670e-01	   4.7680459075801657e-01	   5.0449318524970499e-01	   1.7196477854324752e-01	   2.7364034068320753e-01	   3.6763222959065217e-01	   3.7325872526731196e-01	   6.9572462726898510e-01	   9.4353064323212443e-01	   4.4450443981933191e-01	   9.0429998136714229e-01	   2.1479061130190205e-01	   4.3007796907733731e-01	   5.4018662840327525e-01	   8.2912342940332806e-01	   2.6652615878625185e-01	   4.0957171616328042e-01	   2.7200386952435240e-01	   6.3136372355890158e-01	   4.7781424525377769e-01	   6.7841126439234622e-01	   3.9571225067974880e-01	   7.1180837282169918e-01	   4.6641442552235657e-01	   7.3163283595832529e-01	   2.9227272951171579e-01	   4.8654537034666101e-01	   4.6730093440391057e-01	   7.1935581741312338e-01	   3.3482314605939667e-01	   4.8658723596913073e-01	   1.7435361844822334e-01	   4.5994453607717312e-01	  -7.9347739251097352e-02	   1.7191177372755856e-01	   5.5854238710213922e-01	   6.7745476878318234e-01	   8.1217012611995343e-01	   3.8435757906131524e-01	   1.0179763092714469e+00	   5.2115387062842267e-01	   1.3282814200963042e-01	   5.2069098975213757e-01	   5.0454550674184617e-01	   5.4675714503344186e-01	   5.5475925257612624e-01	   4.9514950031149607e-01	   7.5778694640484501e-01	   4.3462416891062461e-01	   7.3385436682365446e-01	   5.7584308048421795e-01	   3.9969270972891435e-01	   2.1787644671293621e-01	   1.1295598953841521e-01	   5.0752134438011509e-01	   3.0531628949028533e-01	   5.6896596930455556e-01	   7.6007032438646149e-01	   6.9934202361610964e-01	   6.9326839468533874e-01	   4.8200438816180902e-01	   2.7492747456973243e-01	   3.1448875124443727e-02	
   5.2565374652889174e-01	   3.8556513139567028e-01	   8.7807898850785926e-01	   6.2306567571165794e-01	   1.1714844560417317e+00	   5.7497586568486425e-01	   8.0694656783424001e-01	   5.9695637018045966e-01	   0.0000000000000000e+00	   6.3297770752790317e-01	   3.7322315202161876e-01	   5.1965789180101596e-01	   4.3923831619552867e-01	   3.4648899850484394e-01	   8.3559171006738853e-01	   5.1039524619922827e-01	  -9.7883426633886359e-03	   2.1397043307480551e-01	   6.2023522549905663e-01	   5.0288879666730746e-01	   1.0275853666296325e-01	   9.5442180836263088e-02	   7.2099255939736484e-01	   4.9622380732908478e-01	   3.8881075074518395e-01	   1.8825553211737622e-01	   3.9757584213814684e-01	   4.8854581582489331e-01	   3.3266058384914471e-01	   2.8528790780042002e-01	   3.8375864974638429e-01	   1.8394660542702712e-01	   5.2108759943828931e-01	   4.3015062472835669e-01	   4.9676572112048711e-01	   4.0975043721870175e-01	   2.1517777305735666e-01	   3.2378975705691898e-01	   2.0611412739925519e-01	   1.7598583741878782e-01	   2.9238173952252616e-01	   2.6928328420541225e-01	   7.0696632660626857e-01	   6.5925125372173532e-01	   6.3458858328560197e-01	   5.3135034035952577e-01	   6.0411872500628394e-01	   6.8577744323000489e-01	   4.9890905195378543e-01	   5.0744116352712221e-01	   5.8590735338523525e-01	   5.3272491685030843e-01	   5.1126999556381847e-01	   5.8347827360638138e-01	   4.4705769600096423e-01	   5.6033113814173963e-01	   1.1299816160786116e-01	   2.6963860177796084e-01	   6.1339247795039586e-01	   5.2430443469501586e-01	   4.6730187932287681e-01	   4.4983409325373624e-01	   1.0577881179858367e-02	   2.5020245986821721e-01	   5.3094960944184511e-01	   4.3233491782689526e-01	   6.7107109369137719e-01	   6.3490846754138019e-01	   4.2026043700074045e-01	   6.2421765247556860e-01	   4.1655980548362986e-01	   4.5042013358195432e-01	   4.2000570932482106e-01	   3.7772868432485951e-01	   4.3156164625019744e-01	   3.3509224363365403e-01	   4.0734144120294563e-01	   4.1173124692519059e-01	   8.7801784000238206e-02	   1.0650634868335417e-01	   7.0927361635962610e-02	   4.3971282982376858e-01	   3.7484464148903984e-01	   2.3769043550926261e-01	   4.4931890846677985e-01	   4.5494206015228700e-01	   2.1682382391998173e-01	   2.9033302041279108e-01	   5.8270440792835632e-01	   7.4103069620239448e-01	   7.1209708854518206e-01	   7.5129843300392329e-01	   4.7128053595875541e-01	   7.4664358086201132e-01	   1.5639199803900827e-01	   3.3826896196706907e-01	   4.6988821734242459e-01	   4.1253251293260568e-01	   5.1913114435983321e-01	   5.5269424010212664e-01	   3.8407032498022331e-01	   4.8387891093717972e-01	   5.7660730996116960e-01	   5.3860773167040821e-01	   3.4427856228234699e-01	   3.1340532083478112e-01	   3.7656367169826582e-01	   5.5700392446447555e-01	   9.2760517811859539e-02	   2.4731957852993991e-01	   4.4013479622672264e-01	   5.1907179436161299e-01	   5.1493908402189947e-01	   3.2538265591487409e-01	   1.3354104004983264e-01	  -1.0312350462209575e-01	
   5.8706280695461954e-01	   6.6304896130029733e-01	   3.1962636279814421e-01	   8.6878827939030812e-01	   5.4123429578902882e-01	   1.2623183355738354e+00	   4.8951864319532212e-01	   1.2998039296192925e+00	   6.3297770752790317e-01	   0.0000000000000000e+00	   4.2408200888472580e-01	   9.7288296121283890e-01	   6.9356223189441679e-01	   7.0347484461249643e-01	   4.1206918096441764e-01	   7.9985801165280435e-01	   4.5988402791378169e-01	   5.7719472783057857e-01	   5.6987461252745586e-01	   8.7403312686129753e-01	   8.2905088006121869e-02	   3.6122800458809196e-01	   2.5383270391199259e-01	   4.7146312688401804e-01	   2.1813439376782987e-01	   4.6640859160995052e-01	   9.6427824345912530e-02	   7.7760338231098769e-01	   6.5117739363831384e-01	   7.2415678449717025e-01	   2.2443123389346400e-01	   3.7278965831561034e-01	   5.5811622254049997e-01	   9.2001055629049822e-01	   1.9543401039498065e-01	   5.0292825649674622e-01	   5.6603138071672832e-01	   6.8633865806097438e-01	   4.2453608922254449e-01	   4.5513338303003720e-01	   7.0086414059735691e-01	   6.7481782631767351e-01	   6.4588815771438601e-01	   7.7790447471362678e-01	   6.2600113444579308e-01	   7.2513801090815322e-01	   6.5080616600609209e-01	   8.5470866570236192e-01	   4.9245570816606488e-01	   5.8097868809549391e-01	   5.9505065464921847e-01	   5.3528431382647446e-01	   6.4652921293147803e-01	   4.5118805918133859e-01	   7.2455055065502039e-01	   6.7626843299719297e-01	   4.1546325910564580e-01	   5.3287180169779469e-01	   5.2533062140205455e-01	   5.8481442921731841e-01	   7.7899692362004325e-01	   1.0364411981384845e+00	   4.5076000152821682e-01	   7.8941194057437014e-01	   3.0927750724965819e-01	   5.5570902401475419e-01	   4.3958787858067716e-01	   7.6437144592736717e-01	   5.1316537362483861e-01	   5.1819301081016789e-01	   2.4883924146345615e-01	   5.2649099604063443e-01	   5.4374897941654909e-01	   8.2191768327790871e-01	   4.1929887455454234e-01	   7.3520051123009711e-01	   5.8537988551326425e-01	   7.9688784095708731e-01	   3.6510622481618082e-01	   4.7990805669116710e-01	   5.0145578323877904e-01	   7.0644001951842927e-01	   4.9889264808189393e-01	   5.9368074955207706e-01	   2.8709249989358032e-01	   5.4900086057693143e-01	   9.1136047231000036e-02	   2.9563448688634475e-01	   7.5888630820209224e-01	   8.1194435028322542e-01	   8.7395244289607388e-01	   4.5785335258396848e-01	   9.7795176759228597e-01	   6.3914209650507259e-01	   3.2944793936533656e-01	   7.3625652767227712e-01	   7.1722784620233848e-01	   8.1924431730363290e-01	   7.2027092562107742e-01	   7.5864566592892280e-01	   6.2720016582698790e-01	   5.6828883261034235e-01	   7.6573173865194399e-01	   6.8481142343245149e-01	   5.2153972159787465e-01	   3.7793008552850738e-01	   1.8117090169509076e-01	   4.9215304143910654e-01	   4.1538201606771863e-01	   7.4544007066305829e-01	   7.8825898840682362e-01	   9.0728857557293685e-01	   9.4956858703674030e-01	   5.9690778735220906e-01	   4.1471748426800265e-01	   8.5381588446505022e-02	
   1.0014976506106255e+00	   4.2349895917773750e-01	   3.4916436658237282e-01	   1.7977174589069631e-01	   3.5134064283030919e-01	   1.7311959552219600e-01	   3.3890467634798099e-01	   2.8114348023816021e-01	   3.7322315202161876e-01	   4.2408200888472580e-01	   0.0000000000000000e+00	   5.8466497198703604e-01	   9.3368096303876325e-01	   4.4325789475994892e-01	   6.6744723920613214e-01	   3.4082158048015898e-01	   1.5120393049961064e-01	   1.1677811872053531e-01	   5.8934121433597375e-01	   3.5409124515398177e-01	  -4.2164931633237389e-02	   9.4595867074601256e-02	   2.8741220560349884e-01	   2.1942403943501299e-01	   1.5724687589549327e-02	  -1.7951786176149698e-01	   7.6299921677664279e-02	   3.6906274557419697e-02	   6.0418383297562406e-01	   2.3781414865465023e-01	   1.1107001016779865e-01	   2.7334857257079546e-02	   1.9951437357414981e-01	   1.6274401010200701e-01	  -1.5408297575895034e-02	  -7.6021392642619576e-02	   3.8700426217621331e-01	   3.9611794772720993e-01	   4.0090509503742089e-01	   3.3746244316145591e-01	   2.6724973902071764e-01	   2.0171249418107459e-01	   1.9115125466917215e-01	   2.9294381271458647e-01	   8.7107671367975481e-02	   7.5537145620145393e-02	   2.9168084857493037e-01	   2.7336230134670714e-01	   1.0711027505522169e-01	   3.1251730214984802e-01	   3.1054367801019378e-01	   2.7015758028239295e-01	   1.6766928994973046e-01	   1.0512678913763711e-01	   2.7259358417757762e-01	   3.0588634077386712e-01	   2.6340706124852598e-01	   3.2130638325769995e-01	   1.5592976218872490e-01	   1.5811474365484296e-01	   7.5217395640696461e-01	   4.3597635393708045e-01	   2.7721761340446005e-01	   2.2614378935321941e-01	   3.9878103728025055e-01	   3.0694358137737626e-01	   1.1111822029981183e-02	   3.0406821399651958e-02	   2.6989615199230432e-01	   1.5995658248590208e-01	   7.0375843501040691e-01	   4.2856631352565966e-01	   7.7056253164391886e-01	   4.9108056199571171e-01	   7.7684125680146410e-01	   5.3106813218336224e-01	   6.7524862933490293e-01	   5.3027674652628776e-01	   9.5366552280331543e-02	   1.5944486179483960e-01	   6.9353398837911528e-02	   2.9585210410177770e-01	   3.7707779802695601e-01	   2.0118093105801818e-01	   4.2325825386016697e-01	   2.8822265787133305e-01	   2.3718455480308320e-01	   3.0338141349766667e-01	   5.9727307301486776e-01	   4.6722926679056287e-01	   1.8864277849429126e-01	   3.6276460631460300e-01	   2.7873398218135581e-01	   3.6949524721951993e-01	   4.1814777665640007e-01	   3.5250255461233038e-01	   3.2493814973977969e-01	   4.5834837325910416e-01	   1.9290603749805951e-01	   3.8850768345172859e-01	   8.1474683501730136e-02	   2.5727610250474137e-01	   2.2737343272334259e-01	   2.1652515974299694e-01	   2.8540622643462343e-01	   4.0726800957344339e-01	  -2.8646312110938339e-02	   1.4769784651582143e-01	   2.6769743620509179e-01	   4.5574373981972227e-01	   2.1991252820905530e-01	   2.5878020575818894e-01	   3.2404050466091544e-01	   3.4069046607701203e-01	   4.4947849930776007e-01	   2.9123623630819179e-01	
   7.1271588382721562e-01	   8.8499909411871935e-01	   1.4049483851059785e-01	   4.9339951133647375e-01	   3.1513923274249739e-01	   9.0033526298960687e-01	   3.0332877017061849e-01	   9.9061523916605754e-01	   5.1965789180101596e-01	   9.7288296121283890e-01	   5.8466497198703604e-01	   0.0000000000000000e+00	   8.5500951435938988e-01	   1.4421817543363822e+00	   4.5836369484057260e-01	   8.6131160251332228e-01	   5.0003486500068806e-01	   6.3920069957644843e-01	   8.1037122440538245e-01	   9.7435351016939098e-01	  -2.9508274289509140e-02	   2.3038552220682945e-01	   1.3522619827963905e-01	   3.9185318259904811e-01	   1.0881400063374326e-02	   2.0137189131416441e-01	  -7.8240900598541385e-02	   5.0911053537394002e-01	   8.1072660613853353e-01	   9.2487524796353493e-01	   1.5514886637740802e-01	   2.4841868484264482e-01	   4.9051431162360493e-01	   7.5263312753410738e-01	  -9.0313828925285694e-02	   2.1526795467418131e-01	   4.5562079650277754e-01	   7.3362424036949880e-01	   2.8416134258022913e-01	   4.2916454229385659e-01	   6.3225904311067016e-01	   6.3541220863713965e-01	   3.5413286066695243e-01	   5.3360808566862361e-01	   3.0807409942311348e-01	   4.6480873782737631e-01	   4.1256298844092226e-01	   5.7554950952166350e-01	   3.3783582402635853e-01	   4.3633033471890464e-01	   4.2951607732212166e-01	   3.5163088024715494e-01	   4.9764226845547976e-01	   3.4392709879557520e-01	   4.9906006394973845e-01	   5.4884239093706444e-01	   4.2141666829253388e-01	   5.5905959597814503e-01	   4.6478883643094238e-01	   4.0959196682923588e-01	   7.4381001566891525e-01	   9.1305923584390403e-01	   5.4325751110247444e-01	   9.2443192775204186e-01	   4.3329590266400535e-02	   3.0335760146810697e-01	   1.3565136679686784e-01	   3.8731696551199579e-01	   4.9120077424778008e-01	   5.8992836450866482e-01	   3.4163837667947661e-01	   6.9859274307364450e-01	   6.8110231486603590e-01	   8.6478581829170231e-01	   6.6018255992501895e-01	   9.6069974407740455e-01	   5.4272254438350642e-01	   7.6935213587974949e-01	   3.6578262194132238e-01	   4.7126034817231099e-01	   5.8254612163562491e-01	   6.9778074933692158e-01	   5.2550623255708517e-01	   7.0971104701469478e-01	   1.3452617011643017e-01	   4.4340990616486703e-01	  -2.7141617629532506e-02	   2.1044819159563716e-01	   6.2192262301717627e-01	   7.5044118284468742e-01	   7.7656692883161793e-01	   3.8825378872667843e-01	   7.6852431911970343e-01	   3.8274782390035522e-01	   2.9124064752190409e-01	   8.4986983600937083e-01	   4.6506987379394482e-01	   7.0702748513371794e-01	   6.4840183450533750e-01	   5.3965943303833241e-01	   6.8611365083353459e-01	   4.5217290326289961e-01	   7.6510968088143516e-01	   6.1009060685721161e-01	   4.5902019563323460e-01	   2.3518574156344668e-01	   3.0851688634424446e-01	   5.7110310461981417e-01	   2.4739216512037634e-01	   6.0372675267184839e-01	   5.2864976353243842e-01	   7.2702336839710036e-01	   5.8532869237149099e-01	   5.5946694081227100e-01	   3.5298407927572478e-01	   1.0651376356643037e-01	
   6.7897921178753307e-01	   5.3018846648148266e-01	   1.9835683641401722e-01	   2.7904048340610743e-01	   2.9106370408508730e-01	   5.6231426147257579e-01	   4.5348126763643243e-01	   7.2642512486359356e-01	   4.3923831619552867e-01	   6.9356223189441679e-01	   9.3368096303876325e-01	   8.5500951435938988e-01	   0.0000000000000000e+00	   8.7318332153843770e-01	   5.3756611059274773e-01	   5.5726765542879730e-01	   3.9859969362164721e-01	   4.2789779618429064e-01	   6.9541414338532348e-01	   7.1246207743296164e-01	  -2.9168396336242616e-03	   2.0778925942929791e-01	   2.2473320954783538e-01	   3.5896752881518723e-01	   1.6573720661133124e-02	   1.6778946671782508e-01	  -1.3501412735665311e-01	   2.5433144152570919e-01	   8.6962846785784709e-01	   6.9302504788583641e-01	   2.5935020373809281e-01	   3.1836884513956298e-01	   4.9782536839250935e-01	   6.2907157378955147e-01	   5.8262600427292418e-03	   1.7808807666651549e-01	   4.5836451635330655e-01	   5.5698145166220248e-01	   3.7702848190384003e-01	   3.4293104061939883e-01	   5.9048591955895424e-01	   5.7342956359089159e-01	   2.7477448150391992e-01	   4.2265654530062902e-01	   2.7831931593812953e-01	   3.8241024165237275e-01	   4.2413131467554965e-01	   4.0684951270176367e-01	   2.6495375764244378e-01	   3.7029553683715150e-01	   4.3029336691753445e-01	   3.3710987510551493e-01	   3.8804171679020927e-01	   2.1673620959144049e-01	   3.3920601835321601e-01	   3.9247438354645880e-01	   2.6031805829926724e-01	   3.7535190606934632e-01	   3.4298815126639037e-01	   2.6297859968093501e-01	   7.9052511340923171e-01	   5.1169340772611072e-01	   6.3317576822220201e-01	   6.7616265371844597e-01	   1.2247297549444949e-01	   7.2294618946040390e-02	   1.4778025301934680e-01	   2.6912367314325092e-01	   1.8187693555343998e-01	   2.9708473761669041e-01	   4.5911412168653065e-01	   5.1365691327736906e-01	   8.7928958046028649e-01	   7.8525445674534977e-01	   7.3393713454521303e-01	   8.3142580673973598e-01	   6.1197611764109039e-01	   7.2132894682383664e-01	   2.6575344769313253e-01	   3.6738877498857375e-01	   4.2857689624017570e-01	   5.5476105679762999e-01	   4.0972837000920176e-01	   4.6225456769944123e-01	   2.3983332599849344e-01	   3.1312329226364261e-01	  -5.5590975941833556e-02	   1.9696839231934482e-01	   5.8356417715026754e-01	   6.2082348580304880e-01	   4.3284800908972165e-01	   3.3423689821398583e-01	   5.1540666849586714e-01	   4.3628406230202987e-01	   2.9426332187690835e-01	   4.9972333258117119e-01	   4.2339298158408939e-01	   5.0811295902980003e-01	   3.8168173028588959e-01	   4.2767476330906073e-01	   3.8759343460977835e-01	   4.4998505413284456e-01	   4.5097023003984060e-01	   5.0474259017080902e-01	   3.3065008271166108e-01	   2.7136545134566259e-01	  -5.0078168661271898e-02	   4.6552743042534195e-01	   2.0309198560605909e-01	   4.2944032312855029e-01	   4.1985934583330453e-01	   4.9354211466551651e-01	   5.4097047637429929e-01	   4.2190230022964997e-01	   3.3616754840793595e-01	   1.0458408943069795e-01	
