   0.0000000000000000e+00	   1.0356787994837300e+00	   3.8309465576309570e-01	   3.9316876857044691e-01	   7.0115254144862776e-02	   9.6881149225792773e-02	   4.1031258191912423e-01	   3.9967124686759592e-01	   2.6520236315663598e-01	   5.5540512566702234e-02	   6.1715975632903863e-01	   5.8753311523705931e-01	   5.3300527403463982e-01	   5.0639109888629863e-01	   4.1092374586030422e-01	   4.6929918410776883e-01	   4.7588903653998477e-01	   4.9820068801643153e-01	   8.1423872860606683e-01	   4.2602134652255613e-01	   1.3814359031389692e-01	   1.9520191896893244e-01	   1.6486430380616340e-01	   1.5392436437565193e-01	   4.5932086490177423e-02	   7.7852137679422270e-02	   3.3724823747103400e-01	   3.5190322755162479e-01	   6.6669932138846988e-01	   5.3450445132391866e-01	   1.8551966557228702e-01	   1.6216994341098398e-01	   3.5896665749120971e-01	   3.1430160129256557e-01	  -1.4646109692426376e-01	  -2.0760018589157769e-01	   2.4488266160675584e-01	   2.7860458260786702e-01	   4.9662625464175636e-01	   3.9962764250442545e-01	   3.3788598102494033e-01	   4.3660826250438589e-01	   1.8004290498740244e-01	   3.2137321449868683e-01	  -1.0949902432176530e-01	   4.2707841725383285e-02	   2.3095135745255430e-01	   1.7055835203069480e-01	   1.4348020578447529e-01	   1.8397556421520306e-01	   4.2050907732199144e-01	   3.3817227127163008e-01	   5.6229708851528304e-01	   2.7921899655410609e-01	   6.6872501157315067e-01	   6.5556198738854499e-01	   7.5699146262676709e-01	   8.4649916742662945e-01	   3.6265221463452868e-01	   4.4026740751807003e-01	   3.9145303725388064e-01	   1.4903238664370563e-01	   4.1932235535929746e-01	   3.2346393620515246e-01	  -2.0987599425320753e-02	   2.5410192279143246e-01	  -1.2835004846711649e-02	   1.3132958088903568e-01	   2.2025766653781689e-01	   8.3945583150985048e-02	   2.0848319437416205e-01	   3.3723710396200046e-01	   5.5057702849532131e-01	   3.8839096020828745e-01	   5.9833758617573019e-01	   3.8621417461530722e-01	   5.3728338721035163e-01	   3.8475479623709541e-01	   5.1739780131119151e-01	   5.0039003023447293e-01	   5.4843687044916056e-01	   5.5303563746365536e-01	   4.5933458580025704e-01	   5.4346590842747122e-01	   4.1872906367808660e-01	   4.7812666431743200e-01	   5.8154472681495617e-01	   5.2727620003203146e-01	   7.3968111423616745e-01	   5.8608864379730985e-01	  -1.1309528461218168e-01	  -1.6387322609711605e-01	  -2.7030142599567530e-01	  -1.7615733539110170e-01	   1.1833337850347089e-01	   3.7316165985570610e-02	   2.8438840808021287e-01	   3.8425656004578035e-01	   4.9569203827359565e-01	   3.5731232603032892e-01	   6.0336191080090071e-02	  -4.0504418249078897e-02	  -6.8745724246442291e-02	   1.9561552210253799e-01	  -1.2384616412066968e-01	  -1.6071480196730403e-01	   1.1149468084641487e-01	   2.4922027178749706e-01	  -3.6103522880822125e-01	  -1.2052659477279641e-01	   3.1062188071190139e-01	   2.6166825595877352e-01	   1.5330659032081595e-01	   3.0897645483110309e-01	   7.9755538659380426e-02	  -3.0599035993388624e-01	
   1.0356787994837300e+00	   0.0000000000000000e+00	   1.8315794455406487e-01	   3.7443208164147018e-01	   4.5162485360810058e-02	   3.6310018128745083e-02	   2.2240580867455839e-01	   3.0789272124140976e-01	   7.6955122988504460e-02	   1.3831813177593062e-02	   2.6099902328808772e-01	   3.5495335901026726e-01	   2.1352954463354323e-01	   2.1631703544139275e-01	   2.3396261290376186e-01	   2.9152795761575279e-01	   6.2769921752704261e-01	   8.0538285546707178e-01	   8.5968472711769772e-01	   6.8330604957938701e-01	   1.6195207213916096e-01	   2.7352171091937155e-01	   6.6333521818863997e-02	   1.3241594325333694e-01	   9.5616717401345155e-02	   1.3609575007318198e-01	   3.2031396208276186e-01	   3.4671379539501024e-01	   5.4079768652894078e-01	   5.5350707646713304e-01	   2.5061298084971950e-01	   2.1204940257627647e-01	   3.3327435765194724e-01	   3.8418183616141949e-01	   1.2471024955486808e-02	  -3.8370310898588858e-03	   2.3209795561769220e-01	   2.7355954938524457e-01	   3.3792506793486232e-01	   3.8491555034253272e-01	   4.7001843581043878e-01	   5.4081390046039157e-01	   2.0567294379457970e-01	   3.5286815744018585e-01	   9.4987174394608673e-02	   2.4630885852335208e-01	   2.5467978621944753e-01	   1.9950502239020326e-01	   2.3827445037359629e-01	   2.8651662751631224e-01	   3.3147581547750810e-01	   2.9841223274914724e-01	   4.0977388086531452e-01	   3.6162381597934717e-01	   4.7297604015376704e-01	   5.2205092570827050e-01	   9.0975839995339791e-01	   1.1185861206290173e+00	   5.8349084995825827e-02	   3.3814109014027788e-01	   1.9019347095706102e-01	   1.4905216257335357e-01	   1.2637817086704856e-01	   2.6468319226258907e-01	  -1.3677111721891859e-02	   1.4360986003109361e-01	  -9.4105412660673168e-02	   5.1459967606112787e-02	   2.3143613947467889e-01	   1.3968620729634107e-01	   1.7302670715283625e-01	   3.5093017771775786e-01	   6.7764887541309560e-01	   5.2558337246547682e-01	   6.3400082071567021e-01	   5.9146763570954519e-01	   4.9689989591007500e-01	   4.4170298288856480e-01	   6.8321775887713920e-01	   6.3845434721026684e-01	   7.2679606077483372e-01	   6.5017285097339417e-01	   4.6984122854760180e-01	   5.4270986038936309e-01	   2.4389163691207760e-01	   2.5872939927954597e-01	   5.4159952105734854e-01	   4.8598553784127124e-01	   4.3996374613598932e-01	   4.3169339292951525e-01	  -1.8013091152315457e-02	  -2.0930455846888685e-01	  -2.3913676337558404e-01	  -2.0240502006612504e-01	  -1.0163042282633500e-01	  -1.7106853274213591e-02	   1.4629225820606309e-01	   2.9069861355160476e-01	   6.3606207360867240e-01	   3.4305796632865798e-01	   2.4485392442039397e-01	  -6.8452340469736389e-02	   2.3196852214997615e-01	   1.3344968212374372e-01	  -5.1524007450814278e-02	  -2.0879588481045649e-01	  -8.2932290642506214e-03	  -4.8675153572167877e-04	  -3.5872468812023967e-01	  -8.4547906266463066e-02	   2.3182504167861681e-01	   2.9432524807516469e-01	   8.4888187916151644e-02	   3.6734729626791801e-01	   9.3396153608848009e-02	  -2.7594904736214981e-01	
   3.8309465576309570e-01	   1.8315794455406487e-01	   0.0000000000000000e+00	   7.3175062472815200e-01	   5.2036435817694737e-01	   4.6223486905789996e-01	   1.1069896678266087e+00	   5.8823820555515127e-01	   6.5799787000145316e-01	   3.1907158218328857e-01	   5.5805236236256484e-01	   2.4206328473293048e-01	   5.9040238583950766e-01	   5.0747358812745869e-01	   6.8146317556662284e-01	   4.9574092644152778e-01	   1.2947608643563818e-02	  -2.7122514473270604e-02	   4.6801220280108996e-01	   2.0194974222733025e-01	   5.9465156255568552e-01	   5.0433246027341549e-01	   6.1827888882024695e-01	   4.0633735237022311e-01	   4.9514642499527833e-01	   3.9503979383283838e-01	   6.3725785007091551e-01	   5.9170779340711266e-01	   2.8216526493381505e-01	   1.0894609744126946e-01	   6.0853150283298307e-01	   4.5260547368072712e-01	   8.0241019087502685e-01	   4.2761913482245129e-01	   1.9727986389832583e-01	   5.5964278993497901e-02	   3.5194345098522589e-01	   3.9352114181426762e-01	   6.0951240753078728e-01	   5.2094438914073049e-01	   4.4704945049118078e-01	   4.1539841970351743e-01	   9.1019561908307650e-02	   9.6533744130491178e-02	   1.7219364971737833e-02	  -8.6237113561749346e-02	   3.3937842711355311e-02	   1.2237108104057745e-01	  -1.0878661823405578e-01	  -2.0639284727893803e-01	   1.6148386780308444e-01	   2.0936715277574822e-02	   2.1118729561953520e-01	   3.1214483373284119e-01	   4.6375969052420346e-01	   3.0418843009763641e-01	   1.3726520065820941e-01	   1.1657735616164974e-01	   3.9767951727559475e-01	   1.4243538296358266e-01	   4.7105739876128583e-01	   2.2921166806119053e-01	   3.2054857443075302e-01	   1.0744603268719724e-01	   5.9925730684450329e-01	   6.0779186037999100e-01	   7.8983558197682191e-01	   5.4807800561863307e-01	   4.5530099998726437e-01	   3.6491977514198298e-01	   4.8365083068579301e-01	   4.7959521634556979e-01	   3.1839716467321810e-01	   1.4646308127319427e-01	   3.6921207279814988e-01	   1.1739726539279735e-01	   3.4591117585174946e-01	   2.2244865399625319e-01	   8.4072812214768561e-02	   1.6600769079230213e-01	   3.5387590131089686e-01	   5.7406941452156302e-01	   5.3839666110584672e-01	   4.5387760615179806e-01	   8.3502812540048699e-01	   7.1685313848724008e-01	   2.5199995273586212e-01	   2.4336625397765185e-01	   6.5190038207166401e-01	   5.6928965231095829e-01	   2.6851342204466111e-01	   3.4342020367280629e-01	   2.0671760756604343e-01	   4.8045391547188360e-01	   2.4557987525795361e-01	   2.5760485037054870e-01	   4.8255034372046501e-01	   3.5233008720776549e-01	   2.4016825415345416e-01	   2.3255520744990177e-01	   1.9693713426862025e-01	   4.9809034923641959e-01	   1.6237953348578366e-01	   3.7157389176438588e-01	   1.4810368112172570e-01	   1.5881452630112763e-01	   4.2081525057725239e-01	   6.6871466504968380e-01	  -2.3002421888713592e-01	  -1.7320301726901083e-01	   3.3898896398882916e-01	   1.4689806430161417e-01	   2.1147427128990337e-01	   1.9398737747039815e-01	   1.4747853037316630e-01	  -5.6843458574976267e-02	
   3.9316876857044691e-01	   3.7443208164147018e-01	   7.3175062472815200e-01	   0.0000000000000000e+00	   1.8164479165244030e-01	   7.3208031060814427e-01	   6.5518933524914158e-01	   1.3439575192618500e+00	   4.9016820140142547e-01	   7.4526084879590326e-01	   3.1998259514912097e-01	   5.3047872250863493e-01	   3.0217271724535194e-01	   5.9710208709260881e-01	   7.1656756835169821e-01	   7.9577742824974929e-01	   1.4742514429178591e-01	   7.3261292408446657e-02	   4.2740409822806302e-01	   4.0154096086476565e-01	   4.6066722619463540e-01	   5.0663776094984347e-01	   5.4259117977632509e-01	   8.4606912864913464e-01	   3.8800608660531388e-01	   5.6442390501632189e-01	   5.8060593871485167e-01	   7.1755804435777815e-01	   3.7415441988179626e-01	   3.8107731302111325e-01	   6.8780000740367098e-01	   8.0484667019930844e-01	   8.7311800834258180e-01	   8.0200327151861261e-01	   1.0764821523763926e-01	   1.6913821238333127e-01	   2.7693662302948574e-01	   4.6400476796051904e-01	   6.1259994140017482e-01	   7.3632056629047415e-01	   3.9906251160059925e-01	   5.0613538707169137e-01	   3.4067267356446479e-01	   3.0992284482679155e-01	   2.5046725270909570e-01	   2.6233929345273932e-01	   3.7269222262113394e-01	   3.9919544842901961e-01	   2.7341293191867955e-01	   2.2854410284470905e-01	   4.3232091399363276e-01	   3.5526833730060825e-01	   3.8375637278569547e-01	   3.4474956663802209e-01	   7.0450698781453958e-01	   6.2768495939449653e-01	   2.1777703605916474e-01	   2.3118236643794884e-01	   3.2568578518439634e-01	   4.9683801385982962e-01	   2.3232054930549897e-01	   6.1180627115084363e-01	   2.1923110414783967e-01	   3.9776190138553918e-01	   3.4958864783556781e-01	   7.9124249823097570e-01	   3.5423243783224434e-01	   4.6518714145697171e-01	   3.5408709398549354e-01	   6.6514772250107135e-01	   2.8666696062311270e-01	   5.1607266737522672e-01	   3.2565740694668649e-01	   2.6439922227970059e-01	   3.3012699666833123e-01	   2.1189865992499823e-01	   2.5904703663236583e-01	   3.1583747305414456e-01	   2.5359332532112633e-01	   2.9806044494644157e-01	   5.6083207491887155e-01	   5.7194317571309217e-01	   7.1624307694944223e-01	   6.5360614283919072e-01	   7.5305656126036735e-01	   8.8063501077967776e-01	   5.1726046715312668e-01	   5.5330206639138579e-01	   8.2746968324049031e-01	   7.6543813584222198e-01	   4.9371027804334838e-01	   1.8075328202380428e-01	   4.1420549755654174e-01	   2.1273618959066293e-01	   1.5752714988163768e-01	   2.8793418879059152e-01	   7.0371089319878877e-01	   6.0938313349189088e-01	   6.5996625583350144e-01	   3.4460326399336133e-01	   4.7277587580859998e-01	   2.9873931025224992e-01	   5.6474524854620178e-01	   3.8016557970603021e-01	   3.3673735199921478e-01	   1.1160680697616573e-01	   4.9381569417947302e-01	   3.4167024210860070e-01	  -3.5977558795248232e-01	  -2.0234238014352662e-01	   3.2981912112608386e-01	   3.8095061104142958e-01	   3.8670484591008847e-01	   4.5253217344438323e-01	   4.2922531149275733e-01	   3.8618108605535634e-02	
   7.0115254144862776e-02	   4.5162485360810058e-02	   5.2036435817694737e-01	   1.8164479165244030e-01	   0.0000000000000000e+00	   7.1824416682281067e-01	   6.6324214359953415e-01	   1.5942540233823543e-01	   7.9285229343845653e-01	   4.3098134194256588e-01	   5.3074687142924115e-01	   1.6405696389902594e-01	   6.3318957176054924e-01	   3.6546967365890548e-01	   1.3328060029742350e-01	   2.2793741499164522e-02	  -9.5860289727426717e-02	  -8.6400738562484300e-02	  -6.6580353227383945e-04	  -7.4134842925018513e-02	   2.3509157259253183e-01	   1.5186581146878669e-01	   2.2422319007145017e-01	  -2.5237395457518456e-02	   3.6779655486621537e-01	   4.7982580972897476e-01	   3.2109862776441966e-01	   5.5746165275331305e-01	  -4.1857422977911746e-03	  -1.6918167542308421e-01	   1.3088166284446984e-01	   1.2000780514720580e-03	   3.7443055772433737e-01	   2.3434487095386880e-01	   2.3147654300227571e-01	   6.2517221280974325e-02	   1.8605294429376459e-01	   1.4321174586569857e-01	   3.6459019751522642e-01	   3.2287779504066394e-01	   2.1367778555843708e-01	   7.7506018020648368e-02	   3.4314259436459001e-02	   6.2875822074089011e-02	   4.8059445313771085e-02	   3.2407254581628159e-02	   3.5317356063885016e-02	   8.0240025082139677e-02	  -3.6168644319672073e-02	  -5.7645372259222304e-02	   1.1761185767810076e-01	   3.2273912286493359e-02	   1.5357192852101301e-01	   4.2608014164735841e-01	   2.6623349414243230e-01	   2.1454218083812490e-01	  -3.1068419866779513e-02	   5.4553355704377610e-02	   3.6104681306072350e-01	   2.5989277238197639e-01	   7.0194154077286253e-01	   4.8903744182925651e-01	   2.0399413548560280e-01	   1.7210475603544928e-01	   6.5837490561117051e-01	   4.3804951680424586e-01	   4.3749857604577436e-01	   3.4051809549656575e-01	   3.2110100396760877e-01	   2.8612053301449619e-01	   7.6318749308267125e-02	   3.7272078520900642e-02	   4.5525114020646233e-02	  -4.5558951612430787e-02	   7.5144586393440488e-02	  -6.8823458567302528e-02	   2.0987304224529924e-01	   1.1438490012925853e-01	  -1.0303403168983430e-01	  -1.7799408440310061e-01	   7.2916161550713493e-04	   1.1363370565878567e-01	   8.9416355070296771e-02	   9.2865789999539830e-02	   3.3604138389725630e-01	   2.8160040942744269e-01	   1.0129353081803108e-01	   1.0088819419298957e-02	   3.6946589027348187e-01	   3.8033931541967914e-01	  -2.9783774526545695e-02	   1.2524781035942703e-01	   6.7964512982407965e-02	   3.5902164932940078e-01	   3.0698401722686364e-01	   2.0304062458532832e-01	   2.9190214447508933e-01	   2.5739527765485171e-01	  -7.8472329603079524e-02	  -8.4315028519702323e-02	   6.1589065941511534e-02	   1.9160162518210219e-01	  -2.1689462411482053e-04	   8.3948828650561649e-02	   4.2901161771357256e-02	   1.8108608419908967e-01	   1.5926897673169543e-01	   2.6499084031979697e-01	  -1.3124414780221489e-03	  -3.4448779975588067e-02	   2.9242942096871105e-01	  -1.8184375431866712e-02	   2.7850444106933975e-01	  -1.9664729079178592e-01	  -1.6155574060848513e-01	  -7.9315691072300173e-02	
   9.6881149225792773e-02	   3.6310018128745083e-02	   4.6223486905789996e-01	   7.3208031060814427e-01	   7.1824416682281067e-01	   0.0000000000000000e+00	   4.8479403475823057e-01	   5.9932213668977019e-01	   7.1341059000150708e-01	   1.1167098510412887e+00	   4.2586786162016482e-01	   5.2516207888048316e-01	   5.4450785737891449e-01	   7.1812597967813385e-01	   4.3886667254026757e-01	   4.7470749090493602e-01	   2.9330412736265427e-02	  -7.7919591743365643e-02	  -7.8557919304841128e-02	  -3.9738973656844020e-02	   2.8869540221944989e-01	   3.3872753425107083e-01	   2.1799625250234939e-01	   3.4246072385353693e-01	   3.5622436527035634e-01	   7.6429241309559670e-01	   2.9892495421450138e-01	   7.7285012675984222e-01	   1.7381254016559558e-01	   1.3943099074615287e-01	   3.2195920766178104e-01	   3.9639511667184174e-01	   5.8882577025796490e-01	   5.2326162561530576e-01	   1.3783068204139373e-01	   1.7654933343130280e-01	   1.7598434260197529e-01	   3.5670315789097845e-01	   4.5019873518558623e-01	   6.0192603680064383e-01	   2.4743970705820090e-01	   2.4338134784016000e-01	   1.6967892758135897e-01	   1.6644919260783314e-01	   1.1568703585422777e-01	   1.6699144180789918e-01	   2.1184543332891448e-01	   2.9421079762356356e-01	   2.0024501601816075e-01	   2.4048004687198282e-01	   4.5751248454663423e-01	   4.5261192361050440e-01	   4.5504539259645599e-01	   5.3660141142142792e-01	   6.0454676538218988e-01	   5.6999815360889161e-01	   2.4046756067683376e-03	   7.3554979728643888e-02	   6.5090148896630629e-01	   7.8637514982115464e-01	   5.1789978498590417e-01	   8.5807008827870379e-01	   2.3473884230046377e-01	   2.9205322688418117e-01	   3.9302645521533397e-01	   7.9247317132191242e-01	   3.2948309041344698e-01	   6.0242501135451665e-01	   3.4828295217847993e-01	   6.6676076203078927e-01	  -4.9810013280989433e-02	   8.2743176487090953e-02	   2.7994826138437196e-02	   5.8358438488004177e-02	  -3.3198398209558715e-02	  -8.4770655483889082e-02	   6.6563290152166860e-02	   1.1321982601284031e-01	   1.4745008485514667e-02	  -1.9185514834642328e-02	   1.5271699579336551e-01	   1.5348816957351594e-01	   2.2149287034790865e-01	   2.4863829407062807e-01	   4.5007939557289950e-01	   5.0481431844053781e-01	   1.9475488669861304e-01	   8.7436023310074829e-02	   7.2464687644539283e-01	   7.0659507647441344e-01	   2.7571563125540399e-01	   1.4082704694817907e-01	   4.8477359280177079e-01	   2.4753683062326476e-01	   2.7899431610721426e-01	   3.6834739884073919e-01	   5.9812524906349307e-01	   5.8248238969298405e-01	   2.1950009514857874e-01	   7.3615431761660854e-02	   3.9326353696592459e-01	   3.0934835711837178e-01	   3.5141299350418781e-01	   3.4997205401552756e-01	   4.4965434169623064e-01	   3.7791978786267633e-01	   5.5731670364430408e-01	   3.7525765485556867e-01	  -9.2264218942765819e-02	  -6.6383118372476107e-03	   4.1662655365398010e-01	   2.1174431032174373e-01	   5.1725238847124277e-01	   1.7811690518837173e-01	   2.4165834408444692e-01	   1.4981035139903992e-01	
   4.1031258191912423e-01	   2.2240580867455839e-01	   1.1069896678266087e+00	   6.5518933524914158e-01	   6.6324214359953415e-01	   4.8479403475823057e-01	   0.0000000000000000e+00	   8.1373638913332991e-01	   1.0990284776276413e+00	   5.4215603284624336e-01	   9.9584401601318329e-01	   5.4947353169484514e-01	   9.0485615847245637e-01	   6.1967650424474430e-01	   5.9171505044747263e-01	   4.4645251957432119e-01	  -3.5263899350739904e-02	  -2.5759449026667536e-02	   3.8770769922669884e-01	   2.4978308356687867e-01	   2.7869582461546499e-01	   1.7123842395716771e-01	   7.0017381301778758e-01	   4.7463135827702074e-01	   1.4544156340123440e-01	   1.4789133296021689e-01	   3.4581350360561541e-01	   3.6998361574581440e-01	   3.3982056830050295e-01	   1.6778021504777990e-01	   3.9702087017985271e-01	   3.5916057846056548e-01	   7.1378553923282229e-01	   4.8047329859554017e-01	   2.6897844591689556e-02	  -1.3956248596010157e-01	   9.9942071361140847e-02	   9.1151151237654132e-02	   3.9962387719159198e-01	   2.5395875361427883e-01	   2.2716652530158934e-01	   2.0679204166828863e-01	  -3.1818916168413536e-02	  -4.9045344997818395e-02	  -1.6596121005986506e-01	  -2.0471019358890979e-01	  -7.8673116949978181e-03	  -4.5060682773360745e-03	  -1.3151640433658812e-01	  -1.9967908255289510e-01	   1.3572059781950044e-01	   2.5423529531460404e-02	   1.8265238212828061e-01	   3.2755330076414368e-01	   3.9525713309248167e-01	   3.1320229559673385e-01	   1.3835241505217405e-01	   2.0995640001240676e-01	   3.6358820007667381e-01	   2.0677330023363755e-01	   7.4965071677893558e-01	   4.9899913582341382e-01	   5.8205767288539323e-01	   5.0002436094989922e-01	   6.8713583891790286e-01	   5.8611261119767755e-01	   4.3626645893457650e-01	   2.5277853036846865e-01	   4.0034828903985731e-01	   3.1653607472446871e-01	   4.9405180048641695e-01	   3.6497924199308457e-01	   3.7314869671938233e-01	   2.0992545642112928e-01	   4.6337405202572968e-01	   2.4221453700826751e-01	   4.2515698931337509e-01	   2.6742890118022039e-01	  -1.5355108738756573e-02	   5.9401195653882181e-02	   2.9480002072013317e-01	   4.4069572803480239e-01	   3.4657624744950261e-01	   2.9225524848816387e-01	   9.0467070085942813e-01	   7.6630448111484251e-01	   2.0760283282700853e-01	   2.5149200652008841e-01	   8.1051384350587796e-01	   7.2064533595665548e-01	   1.5475567035965995e-01	   2.2746541311958660e-01	   1.2103141198822293e-01	   3.6220294210643422e-01	   2.0310261308830529e-01	   1.6378944053546471e-01	   3.3223518077902559e-01	   2.0332300807172782e-01	   1.7006007947900315e-01	   1.2473131396707091e-01	   9.1160732457271104e-02	   2.8724055302715157e-01	   1.1284501568030796e-01	   2.2269037999591912e-01	  -5.0090975728297446e-02	   3.7321374198092373e-02	   2.0642083016924434e-01	   6.1748739455154922e-01	  -2.1351132190243979e-01	  -1.2246986272267400e-01	   1.7631330570562256e-01	  -4.8177999680029227e-02	   8.1938485471155190e-02	   8.8031082341469696e-02	  -1.9915502975508721e-02	  -2.1243977094664676e-01	
   3.9967124686759592e-01	   3.0789272124140976e-01	   5.8823820555515127e-01	   1.3439575192618500e+00	   1.5942540233823543e-01	   5.9932213668977019e-01	   8.1373638913332991e-01	   0.0000000000000000e+00	   5.7098065530215458e-01	   8.1491211369187355e-01	   4.8454133217232676e-01	   8.0048105396836622e-01	   4.1270877561788244e-01	   6.1450229311902616e-01	   5.8400726826160221e-01	   6.0394959946210391e-01	   1.4771671472259262e-01	   8.0149786715513399e-02	   3.5702682580718392e-01	   3.6934114554799929e-01	   2.7173271421646950e-01	   2.8720701162884521e-01	   6.0516222127847397e-01	   8.4664788024042992e-01	   1.5157423153714383e-01	   2.9814818874907179e-01	   2.7151481704820657e-01	   3.8305902709042083e-01	   4.2954264460851194e-01	   4.6504334437172695e-01	   6.4807450425737223e-01	   8.4094577914637136e-01	   9.0395600923259489e-01	   8.7826308343776027e-01	   7.8975951669921982e-02	   1.1917031737937077e-01	   7.3298088743734072e-02	   1.8903644705481137e-01	   3.6767231193480726e-01	   4.5206830134726239e-01	   2.6873874899747546e-01	   3.8484030145694870e-01	   1.6773915027384684e-01	   1.3880711113610036e-01	   7.3711316598193771e-02	   1.0689266180249471e-01	   2.1995535804728705e-01	   2.2037702489883707e-01	   1.0774164294172606e-01	   1.0594076634003824e-01	   3.0831329521042272e-01	   2.6673274388216395e-01	   3.3058593622925675e-01	   3.1885932817350449e-01	   5.3692267010158823e-01	   5.2234975296717057e-01	   1.5524041326431917e-01	   2.0717055907520057e-01	   2.7866389279487253e-01	   4.2192838834812552e-01	   3.7586685766937578e-01	   8.1087431333271087e-01	   4.2875091688109357e-01	   6.7878447523731977e-01	   3.8442772770284034e-01	   7.1570692526654978e-01	   2.9064649087265332e-01	   3.3288194490479001e-01	   3.3118827967590814e-01	   5.4885551317223535e-01	   3.7545150623228185e-01	   5.1622850821969524e-01	   3.5237316228721971e-01	   3.5469286266617256e-01	   3.6908117400313029e-01	   3.3701331438323123e-01	   2.6596137011437548e-01	   2.9550398940497408e-01	   2.0150920559331215e-01	   2.8788516891307520e-01	   4.7171100786891540e-01	   4.8034698691993427e-01	   4.9748351419389519e-01	   4.3316450551635421e-01	   7.2547694730969547e-01	   8.1550402913059139e-01	   3.6447642743617531e-01	   4.6297454695343110e-01	   7.8199335347941090e-01	   7.0057843405979714e-01	   4.1081882023008143e-01	   1.4801332157852229e-01	   3.3155864266002860e-01	   1.4980954365485485e-01	   8.7276919562280994e-02	   2.0392785202114128e-01	   4.4604527962126900e-01	   3.8552415482406843e-01	   4.8880892213086280e-01	   2.6380024952681291e-01	   3.3836286422752437e-01	   1.7803213198806653e-01	   3.9709387193091195e-01	   2.6449306992317451e-01	   1.3116587718978318e-01	   2.5292494851417231e-02	   3.6354618752534268e-01	   3.4535203402119236e-01	  -3.5797922402489990e-01	  -2.0880254293655134e-01	   1.4908971192316772e-01	   1.4391797473757351e-01	   1.7639595373280867e-01	   3.7511841686731012e-01	   2.9886365343426885e-01	  -8.6177098836112201e-02	
   2.6520236315663598e-01	   7.6955122988504460e-02	   6.5799787000145316e-01	   4.9016820140142547e-01	   7.9285229343845653e-01	   7.1341059000150708e-01	   1.0990284776276413e+00	   5.7098065530215458e-01	   0.0000000000000000e+00	   7.8900787278907347e-01	   1.0718731502920180e+00	   6.3088302120039597e-01	   9.9682481518872634e-01	   7.2855563236543441e-01	   5.8225381696739387e-01	   4.8980330161115737e-01	   1.1973331243957649e-02	  -4.2099648035916024e-02	   2.2658600789538941e-01	   1.6064702849920953e-01	   2.4367314040725449e-01	   1.8201965057169145e-01	   4.5395740897465525e-01	   2.9543902384623771e-01	   3.7534961059465598e-02	   1.6957510500435899e-01	   1.8526525174917713e-01	   4.1265214818315277e-01	   4.0172016616692030e-01	   2.5375359753487636e-01	   2.4632852963932350e-01	   2.4767074717891641e-01	   6.3686811982287839e-01	   4.8727247756930314e-01	   1.3229617676600434e-02	  -1.2566703565808895e-01	   6.3699993934985447e-02	   1.0307549490847630e-01	   3.0916802506544683e-01	   2.6738248634199774e-01	   2.0606350421370162e-01	   2.1962137073351612e-01	  -3.1175718188751197e-02	  -5.3409996154655449e-02	  -1.9428919050669868e-01	  -1.7547480501365784e-01	   4.6573289880889948e-02	   2.1709644661616467e-02	  -3.8425566344394139e-02	  -7.3871347573612689e-02	   1.9359469184159550e-01	   1.1467864949590161e-01	   2.2569311626160976e-01	   3.2082395144868203e-01	   3.2331915073735545e-01	   3.0140125205682849e-01	  -1.0069599699844878e-02	   8.8602910493658135e-02	   3.4769173869739445e-01	   3.2102666905087041e-01	   8.0341324243580392e-01	   7.2262648257940443e-01	   6.3247125209854016e-01	   6.3053262137966293e-01	   6.3022934671499120e-01	   5.1726825133291066e-01	   1.8567282866406343e-01	   1.8523005449306304e-01	   4.9511149870522425e-01	   3.9025644154109679e-01	   2.6276452340436063e-01	   1.6082017499204956e-01	   2.8087420531365859e-01	   2.0342183721373236e-01	   2.5182938408179156e-01	   1.0711408450541884e-01	   2.1920218453333129e-01	   1.1355385626899643e-01	  -6.7621172369315322e-02	  -2.6017238048999659e-03	   1.9298452445993142e-01	   2.6284656150107250e-01	   1.9970293582735216e-01	   2.2256956295787877e-01	   6.2560440303217379e-01	   5.9668956044043253e-01	   1.4436085878918958e-01	   5.3961310388559461e-02	   7.3432585684814244e-01	   7.1294173054619148e-01	   8.7309420855305270e-02	   1.0191544334682975e-01	   1.9348215308450162e-01	   2.3318080809018932e-01	   2.7744148751983388e-01	   1.5501380929990066e-01	   3.4004395797842801e-01	   2.0748145987349270e-01	   2.3130645380910444e-02	  -8.2893887192027810e-02	   1.6462063650155420e-01	   2.3859915412577209e-01	   1.2808648073311002e-01	   1.8121045636584207e-01	  -2.6992898358202691e-02	   1.5700461945590785e-02	   2.1367900054945910e-01	   5.2522253085799930e-01	  -2.4292050800943382e-01	  -5.6434024906527956e-02	   2.4639789439270177e-01	  -4.8489432770359393e-02	   2.1348127242529913e-01	   5.2516011645771929e-03	  -1.1037352019721668e-01	  -1.8352750238810142e-01	
   5.5540512566702234e-02	   1.3831813177593062e-02	   3.1907158218328857e-01	   7.4526084879590326e-01	   4.3098134194256588e-01	   1.1167098510412887e+00	   5.4215603284624336e-01	   8.1491211369187355e-01	   7.8900787278907347e-01	   0.0000000000000000e+00	   5.0691319367580112e-01	   6.9495671704868534e-01	   4.1264581820085283e-01	   6.6310718323647588e-01	   5.6303335767935336e-01	   6.7655140258190527e-01	   4.5486209595349394e-02	  -4.5327547355880557e-02	   3.5407591557834656e-02	   1.9132824757448885e-01	   2.2990003295161110e-01	   2.6402700167591286e-01	   4.6053192441765300e-01	   7.0758621808700217e-01	   1.8844969998744551e-01	   4.7695624342189424e-01	   1.5273117927605198e-01	   4.6190892305202202e-01	   3.5872945591180255e-01	   4.0338938253149403e-01	   3.7715496712018193e-01	   5.6363034730607642e-01	   6.0330442733508605e-01	   6.4628664529304225e-01	   5.0373663916252240e-02	   7.6574725883096217e-02	   5.0777495363480141e-02	   2.1620419455457612e-01	   2.9836193179474724e-01	   4.0009849127169927e-01	   2.3063376064540042e-01	   3.0318128735490224e-01	   1.9267468284348585e-01	   1.0712171255270451e-01	   1.0327036057480490e-01	   1.2494219100907168e-01	   2.8912169485872607e-01	   2.4828344378480416e-01	   2.5691632031554723e-01	   2.4243495418509042e-01	   3.5159560919077798e-01	   3.3578278597068434e-01	   3.1107657116148907e-01	   3.3011675307763211e-01	   3.9005744200525211e-01	   4.3260994923385088e-01	  -5.9005896062601960e-02	   2.6578823329941204e-02	   3.1049711907824085e-01	   5.4631812313609684e-01	   3.4746075370494800e-01	   9.5557695283075050e-01	   3.9375416690036597e-01	   6.6677165199219035e-01	   4.2008802687083346e-01	   5.7813511336879553e-01	   1.1302743735747788e-01	   2.8656941557519111e-01	   4.0983650966683327e-01	   7.1038136779668404e-01	   5.7110446040187120e-02	   1.6441161828549791e-01	   1.3423425401028136e-01	   2.3498795451951926e-01	   4.2271559608963109e-02	   9.2358630549047180e-02	   2.7014742378011863e-02	   1.0674568604044561e-01	   3.0750404889392319e-02	   8.5001081498281658e-02	   2.6507385420761914e-01	   2.1602227533751159e-01	   2.9551336406760564e-01	   3.1719328550962533e-01	   5.2774834916930524e-01	   6.1048610096398437e-01	   1.8020673858239569e-01	   1.6503459247414601e-01	   6.7724712648309837e-01	   7.2243532912379871e-01	   3.3489615260545241e-01	   5.9535894514239539e-02	   4.9522731643284068e-01	   7.9374210920844665e-02	   2.2140314783600110e-01	   3.2245087320575799e-01	   4.9940308669467226e-01	   3.7945007540009068e-01	   1.8926921418920539e-01	  -4.4215625289642173e-02	   2.6612376093648737e-01	   1.2235314735705005e-01	   3.2972432510185007e-01	   2.2630506518658983e-01	   2.1661287855685926e-01	   1.5007465647205023e-01	   3.2913764844947541e-01	   1.6700894175701803e-01	  -1.1186653759974532e-01	   7.5198676289187890e-03	   2.3638904949029096e-01	   1.5069411339643660e-01	   3.5716149927021468e-01	   1.7215141917283094e-01	   1.7322870724475031e-01	   1.0098489570322630e-01	
   6.1715975632903863e-01	   2.6099902328808772e-01	   5.5805236236256484e-01	   3.1998259514912097e-01	   5.3074687142924115e-01	   4.2586786162016482e-01	   9.9584401601318329e-01	   4.8454133217232676e-01	   1.0718731502920180e+00	   5.0691319367580112e-01	   0.0000000000000000e+00	   8.0689138697294405e-01	   1.4676429298100144e+00	   9.3763710037284531e-01	   6.6509780134757202e-01	   4.9910872966621828e-01	   1.5733762991557354e-01	   1.1441940528242764e-01	   3.2096114231466211e-01	   1.1013669132810805e-01	   1.2403792673711021e-01	   5.6421742958066290e-02	   3.7864749579431328e-01	   2.0537699044103447e-01	  -8.2553769357884249e-02	  -1.1873065108942048e-02	   8.9638741089442531e-02	   2.2155596975238759e-01	   5.2957609329893340e-01	   3.4230992685520201e-01	   1.4945950110105286e-01	   1.7245185739280205e-01	   4.9208689525411753e-01	   3.5513084940832712e-01	  -7.9197151779842323e-02	  -2.2428073594556633e-01	   6.2424620411926257e-02	   7.5852155478356040e-02	   3.0196229670290259e-01	   1.5501418439232145e-01	   1.2386724090478225e-01	   1.1439900616008869e-01	  -4.2508516676239158e-02	   5.7114555941632306e-03	  -3.2165782379355012e-01	  -2.2541957084432337e-01	   4.2551253358064922e-02	  -7.3446758271055092e-03	  -6.6634767785292703e-02	  -3.6800607849538945e-02	   2.9973457167957918e-01	   2.0930857913572098e-01	   4.2058232671080070e-01	   3.7520612489073751e-01	   4.6289063080926329e-01	   4.2754287728496770e-01	   1.7477162919353131e-01	   2.8313165892790026e-01	   3.9320017594399159e-01	   2.9849902836686842e-01	   8.2326240267167328e-01	   4.9823379427894315e-01	   6.9050082467874296e-01	   5.2828621129522779e-01	   4.9000434729773246e-01	   4.1108417437537620e-01	   9.9554573917648659e-02	   1.3064185864587397e-01	   3.8317429519512836e-01	   1.4442253447050873e-01	   3.2349414451702940e-01	   1.9423454378774274e-01	   3.8532184245064199e-01	   2.7506292166107760e-01	   4.2594640248139404e-01	   2.1823804522110829e-01	   3.7399928906554541e-01	   1.8210810774495315e-01	   1.3100370123461033e-01	   2.0412443022539095e-01	   2.6316952755124184e-01	   3.1443937204699601e-01	   1.8432408962578900e-01	   1.7215142623577598e-01	   5.4445145281981921e-01	   4.8799743374021265e-01	   2.0726614446658115e-01	   9.8445457872815223e-02	   7.9733416573049654e-01	   6.7485576106834155e-01	  -9.2551705856885255e-02	  -3.9026393605370892e-02	  -4.9717472495924606e-02	   2.0444468023554228e-02	   1.9908213553129886e-01	   8.1018553505810373e-02	   2.4299996935957069e-01	   1.8523445388206253e-01	   7.4782448790726513e-02	  -3.9980465567212582e-02	  -2.4234573795739581e-02	   8.4623155644127285e-02	  -3.8328067317377201e-02	   1.6535870544609657e-01	  -1.4128835317084545e-01	  -5.4498727475078366e-03	   1.9397291844993200e-01	   4.5709780439457626e-01	  -2.0310583174765842e-01	  -1.2639591314741547e-02	   2.5253838613300983e-01	  -4.3225583178641752e-02	   2.0706834657543324e-01	   7.3692153129438553e-02	  -1.0902779854442543e-01	  -3.0771353982344396e-01	
   5.8753311523705931e-01	   3.5495335901026726e-01	   2.4206328473293048e-01	   5.3047872250863493e-01	   1.6405696389902594e-01	   5.2516207888048316e-01	   5.4947353169484514e-01	   8.0048105396836622e-01	   6.3088302120039597e-01	   6.9495671704868534e-01	   8.0689138697294405e-01	   0.0000000000000000e+00	   6.6641006177073925e-01	   9.3356123219644660e-01	   4.1241479383107127e-01	   5.2801111238630916e-01	   2.8063042761008355e-01	   2.3369519647980547e-01	   1.8385680521801515e-01	   1.7227745983329623e-01	   7.8040373192501650e-02	   1.0168003873396080e-01	   2.6404510185844171e-01	   4.0068071303732411e-01	  -1.3442019409383926e-01	   6.9118941699689254e-02	   1.1234684997897681e-02	   2.0890954336449108e-01	   5.9298593990051662e-01	   6.1576770683826909e-01	   2.0092410896707119e-01	   3.5612300219364867e-01	   5.1797458112040595e-01	   5.6671161785490365e-01	  -5.1085987054328839e-02	  -4.5047990672108539e-02	  -4.3425510055485866e-02	   1.1621975150943084e-02	   2.2156663747930630e-01	   2.0131218084099070e-01	   8.0907488941643374e-02	   1.2756652376043903e-01	   3.1040175355221564e-02	   1.0070441089749309e-01	  -2.2937013080534702e-01	  -2.9000910945675955e-02	   1.5329364999209616e-01	   1.3171577348025024e-01	   7.6719826424442014e-02	   2.0475887507083584e-01	   4.5494229994382573e-01	   4.4045713807227843e-01	   4.9271021548729022e-01	   2.3775272842740641e-01	   5.8529773851234534e-01	   6.7273301683027442e-01	   2.2753303855116577e-01	   4.1159006509141327e-01	   4.4702240236353447e-01	   7.0182604828417783e-01	   6.0425190067999224e-01	   8.1683315373695464e-01	   6.6887416810226608e-01	   8.8750606079579419e-01	   2.1521124052735802e-01	   5.3072397922559245e-01	  -3.8105810520403585e-02	   2.1515135150903913e-01	   2.9862238261592822e-01	   2.9835018212526088e-01	   8.9504323208542985e-02	   1.0420910726700990e-01	   3.6294073699229018e-01	   4.1150071508269981e-01	   2.4652739782755717e-01	   2.1232834879341789e-01	   2.9963072358610920e-01	   2.4483239689999134e-01	   2.5545347902985616e-01	   3.1132736333839012e-01	   3.6969407056803927e-01	   2.6030371294135035e-01	   1.5939425416709144e-01	   1.7113513388424351e-01	   4.6001368214385191e-01	   5.5472756478641272e-01	   2.9638343912867882e-01	   2.0171617878047154e-01	   9.0540846054691904e-01	   8.3952795311492745e-01	  -3.1336001528914546e-02	  -2.7141376079134916e-01	   2.8732122498240132e-02	  -2.4083928075144057e-01	   1.0711562494083146e-01	   1.4722316215650422e-01	   3.0330699833829455e-01	   3.9772945824765987e-01	   2.8910498848650412e-01	   4.7164809557024623e-02	   7.6935321772624507e-02	  -6.6353445534682282e-02	   5.8172592288928321e-02	   1.4664999741254092e-01	  -1.1001065990048435e-01	  -1.1302583816254816e-01	   2.3542288239982728e-01	   3.0001592348888262e-01	  -3.0337752195104439e-01	   3.5543435990286934e-02	   2.3729014358329245e-01	   8.6664783509376300e-02	   2.2471004597568961e-01	   1.7452084144552213e-01	   7.5374036476073242e-02	  -2.5236283699922440e-01	
   5.3300527403463982e-01	   2.1352954463354323e-01	   5.9040238583950766e-01	   3.0217271724535194e-01	   6.3318957176054924e-01	   5.4450785737891449e-01	   9.0485615847245637e-01	   4.1270877561788244e-01	   9.9682481518872634e-01	   4.1264581820085283e-01	   1.4676429298100144e+00	   6.6641006177073925e-01	   0.0000000000000000e+00	   9.5196295026292899e-01	   4.8702340867426530e-01	   3.7870812781649082e-01	   1.3319172757249700e-01	   6.1334878434547928e-02	   1.5639472362985923e-01	  -1.6136729596983312e-02	   3.9875665936517979e-02	   2.2839926535449230e-02	   1.3596626689571495e-01	   5.9024188425118073e-03	  -1.0995858968723191e-01	   2.0371877241743164e-02	   2.1786053926967124e-02	   2.2729001630292472e-01	   3.7213431843603151e-01	   2.0893105515507612e-01	   9.6309185424420560e-02	   8.1401761577853421e-02	   4.8940074325606969e-01	   3.6447176047308599e-01	  -8.0203596211778555e-02	  -1.9277340547676283e-01	  -2.3767566338795731e-02	   1.4806684071525310e-02	   2.8148107755430962e-01	   1.6806819645587706e-01	   9.8622690551023212e-02	   2.2249042144422828e-02	  -9.4735179812807019e-02	  -5.3462363474657354e-02	  -3.4446109136631387e-01	  -2.5408553303166609e-01	  -3.7244280617270475e-02	  -3.7890221574394464e-02	  -1.1696224255811344e-01	  -1.0106241473850959e-01	   3.1084178571356902e-01	   2.2013654618376913e-01	   4.2206511318389794e-01	   4.7348890931396415e-01	   5.1264097544750220e-01	   4.3545204175004582e-01	   9.9273718686739121e-02	   2.0161719258899191e-01	   6.5571961643463395e-01	   4.0093996108247115e-01	   1.0066228652948894e+00	   4.5181803810562521e-01	   6.6350299978178628e-01	   3.9112046702511594e-01	   3.6479791570821041e-01	   4.4464726272312649e-01	   1.8054152528062639e-01	   2.5580722806337419e-01	   4.3429607271787002e-01	   2.2282067800490463e-01	   2.0671734726707389e-01	   1.0131262798359687e-01	   2.3610636860864015e-01	   1.1869611141130118e-01	   2.7622745159125528e-01	   3.5221888139204856e-02	   2.8628871740820383e-01	   8.1243926659672117e-02	  -8.1409451771999285e-03	   5.4240372073321802e-02	   1.5232633495876333e-01	   2.2578803256310548e-01	   1.7929731492815782e-02	   1.0534010890725697e-01	   4.2242587841702350e-01	   4.4777407558776194e-01	   8.2618374426081526e-02	  -4.7696026340212964e-02	   7.9329717169190983e-01	   5.9395406214067270e-01	  -8.5461481513237472e-02	   3.6925012136603597e-02	   1.9190134773475871e-02	   1.7533814160615385e-01	   2.1349178072607328e-01	   1.9391006285763962e-01	   2.6149552568852724e-01	   2.2586523527000713e-01	   3.1793052900397495e-02	  -5.5513841342614778e-02	   8.2268417894698548e-02	   2.1448930834896268e-01	   5.6981938151203768e-02	   2.5588769543897499e-01	   5.1702595854867126e-02	   1.4471436042618785e-01	   3.2769255106472728e-01	   5.9569697569505464e-01	  -8.5984394956146307e-02	   7.3779636309041052e-02	   2.5225310523303168e-01	  -9.6393974424396511e-02	   2.6724041126739906e-01	   1.5519689138099801e-01	  -4.1885096343594073e-02	  -1.9299980442175932e-01	
