   0.0000000000000000e+00	   1.3745204671920179e+00	   8.2876068979691198e-01	   6.6060106256450790e-01	   3.6329956950570197e-01	   3.5783745625186630e-01	   8.0895684146399971e-01	   5.8346321338038665e-01	   2.8760431349223187e-01	   3.0295313248300287e-01	   1.0129683759803341e+00	   7.1237885467109963e-01	   7.5549867244443825e-01	   5.5871708970720613e-01	   5.0967238882025123e-01	   4.8447003932783317e-01	   1.1331637315352765e+00	   7.7164941355238281e-01	   1.1819206373829780e+00	   1.1470760145054206e+00	   1.7513578533904395e-01	   2.3014422243235610e-01	   5.5199308244496303e-01	   4.3869553431906716e-01	   3.6587413504129840e-01	   3.4445466197301322e-01	   1.9212391281141095e-01	   1.1740854570255113e-01	   6.8941120306516313e-01	   6.5037780152840052e-01	   2.4054969256486700e-01	   2.6945330876753804e-01	   1.0265956730742973e+00	   8.2630714572673081e-01	   3.3816163910033470e-01	   7.3819188754171719e-02	   7.0979215249465821e-01	   3.0570010897711047e-01	   4.3276985958054259e-01	   3.5913510713355062e-01	   4.8421875907972278e-01	   3.5908213237581776e-01	   5.6808417265279765e-01	   7.8427593946777274e-01	   8.5784409158974850e-01	   1.0142590013092392e+00	   7.8278848890443331e-01	   8.8822553175289387e-01	   8.5339021786755054e-01	   8.1467357312991107e-01	   6.4931389826934438e-01	   5.3864878647513692e-01	   4.6914445495412144e-01	   2.6838987554411142e-01	   6.8098597814545525e-01	   7.6578205423364099e-01	   1.5344616148131522e+00	   1.4687244448349122e+00	   1.0381282721870309e+00	   8.4455480124181603e-01	   9.6769315896082830e-01	   7.0316595111515068e-01	   1.0156135625682015e+00	   7.6224502576277864e-01	   4.9732666539121406e-01	   4.1562108442060280e-01	   7.8906089078098951e-01	   6.5988906103991618e-01	   1.1787348882386224e+00	   9.9928357640760856e-01	   4.8173676646354652e-01	   2.4527510520624649e-01	   3.1638761831669215e-01	   2.2075648380517038e-01	   1.5042564033379516e-01	   3.3410317653124516e-01	   3.8113924773324565e-01	   4.5382440291067305e-01	   7.9294781271200043e-01	   8.4376801674820490e-01	   1.1249224063016550e+00	   7.1404358816821001e-01	   5.6404735569386610e-01	   1.9151286565572015e-01	   8.7231496893390370e-01	   8.8818687865140689e-01	   3.7099397259971012e-01	   3.3206810740976705e-01	   6.7260899686846687e-01	   6.2288034195437103e-01	  -1.7597958176216311e-01	  -1.3687980635263622e-01	  -2.4527722287892645e-01	   5.1188430974409990e-02	   3.8241396213674461e-01	   2.7571455216661001e-01	   6.7418482319179196e-01	   5.6629399261714264e-01	   5.8598646309956348e-01	   5.0689780028344522e-01	  -1.4732394156123885e-01	   4.1981822449397500e-02	   3.1566702304457767e-01	   3.8567694397618185e-01	   9.2344740995608215e-02	   2.4788095416267922e-01	   4.1180622277678414e-01	   1.9170686514555307e-01	  -1.7307710163862527e-01	   4.1506564793728906e-01	   6.1409651433510892e-01	   4.9892045183486755e-01	   1.9898919136439960e-01	   4.4395621985046918e-01	   4.6034947572371121e-01	   1.8272874771776940e-01	
   1.3745204671920179e+00	   0.0000000000000000e+00	   6.6069595597837472e-01	   5.8228333119017472e-01	   2.5492962982858181e-01	   2.8247561042824237e-01	   6.9436426041867083e-01	   5.4347561276364309e-01	   2.9880892132768455e-01	   3.2032287151194755e-01	   7.6468174628959695e-01	   7.5778054926271121e-01	   6.0680408245940853e-01	   4.6644935494669792e-01	   4.8470241222419352e-01	   4.0531368581222632e-01	   1.1741795095747283e+00	   8.9281923940374242e-01	   1.3719860351202406e+00	   1.4194829342925108e+00	   2.8594577965608159e-01	   2.0782378807067908e-01	   4.3422150921516212e-01	   3.5793128845307587e-01	   2.8703458664014569e-01	   2.5495804220638957e-01	   2.9828917780707398e-01	   1.4744838665034232e-01	   7.1293215142758526e-01	   6.7016892283316420e-01	   2.8541939990863524e-01	   2.5546183245375575e-01	   9.3668669487374434e-01	   7.9128288284839277e-01	   2.7721306220349307e-01	   5.2822590540060790e-02	   6.3308314456260806e-01	   3.9597805683283654e-01	   4.5541590386492531e-01	   4.1299612222780935e-01	   3.7965321980572037e-01	   3.9654465542194961e-01	   6.5421994602569422e-01	   8.6062958767934095e-01	   8.9603011737281035e-01	   1.0829112459964587e+00	   8.5734478180377804e-01	   1.0955674680237668e+00	   7.5460559558970919e-01	   6.8844122391775608e-01	   5.8859526006803653e-01	   4.2083423660106090e-01	   4.0132084481282609e-01	   2.0275463180888953e-01	   6.5095978316502490e-01	   8.0079879997575310e-01	   1.6977958991536992e+00	   1.5552516091842330e+00	   8.3103869423903565e-01	   6.6571880368589920e-01	   7.2437744378271973e-01	   6.1645055369878732e-01	   8.5278688808720760e-01	   7.4636216988377913e-01	   3.5985297732206645e-01	   2.9476646955580066e-01	   7.0176714862319933e-01	   5.6497191672414215e-01	   1.2881346069479898e+00	   1.1750197248808592e+00	   3.3582256376734815e-01	   1.6548494657257731e-01	   2.4456648318912610e-01	   1.3320956934065195e-01	   5.7746787582199630e-02	   3.0048530346832569e-01	   3.7916773623142880e-01	   4.0471510492853580e-01	   8.3940666992509927e-01	   9.5528501567800683e-01	   1.1071624060057381e+00	   8.1471438265311236e-01	   5.9896343132434449e-01	   2.7765274026917747e-01	   8.2622158006445956e-01	   8.7420591319839236e-01	   4.5603947300640768e-01	   3.6905596215369446e-01	   6.1335097581769937e-01	   6.4668625376975930e-01	  -1.9887908053155881e-01	  -1.7077024078905670e-01	  -3.0783177353153263e-01	  -5.8199773694691370e-02	   4.6849318376914467e-01	   4.0191560607185350e-01	   7.1220944617541015e-01	   5.9970450367561556e-01	   5.7939509895676666e-01	   5.1813481266265782e-01	  -1.1582195800157981e-01	  -3.0424968108362416e-02	   3.7491142055322263e-01	   2.9169984215849615e-01	   9.8261649145661836e-02	   1.3729918179455317e-01	   3.7062339290639923e-01	   1.5198166890203460e-01	  -1.0141897937884958e-01	   3.7140485232537113e-01	   6.6743098702394899e-01	   4.7035409453903487e-01	   1.3779309525525849e-01	   4.1300276518641871e-01	   4.0631984464161575e-01	   1.3966659602726528e-01	
   8.2876068979691198e-01	   6.6069595597837472e-01	   0.0000000000000000e+00	   1.0100202489976622e+00	   5.1719758704502439e-01	   7.2806669607300933e-01	   1.1475551386144629e+00	   8.0905501881149611e-01	   4.8704707844351314e-01	   4.7863770395151917e-01	   8.1590940424914582e-01	   7.1684989853402126e-01	   7.3403486447457478e-01	   8.1458492399711058e-01	   8.1181915509050417e-01	   8.3923453984865615e-01	   7.9017122729491229e-01	   7.5777763495855510e-01	   8.6676520607311924e-01	   6.4818382586224954e-01	   3.5639312605270007e-01	   4.3924369498934834e-01	   1.3465998416109983e+00	   9.0284569005990811e-01	   7.7337688739242649e-01	   7.7328416378314135e-01	   2.1436642870312989e-01	   4.1184700750118669e-01	   9.6328678754818420e-01	   9.0150903668228444e-01	   6.2980055713199146e-01	   6.5291433375331775e-01	   1.1026037759369742e+00	   1.0252777746207227e+00	   7.0634364768902103e-01	   4.2552550635014819e-01	   7.2631437108709385e-01	   4.4750787646906254e-01	   6.3647166725444593e-01	   4.1682421539441772e-01	   6.4334948358080146e-01	   3.5884191018656963e-01	   7.6255784406691141e-01	   7.7396867781517231e-01	   8.2037218403807721e-01	   8.6285185202047887e-01	   7.1928303848783037e-01	   7.3201664505785113e-01	   8.7467219898517556e-01	   7.5320340251824736e-01	   9.8468762806073828e-01	   8.0178258735946717e-01	   6.1287147727305236e-01	   4.5677621560464671e-01	   7.2436324446529055e-01	   7.6834793834007209e-01	   7.6290483569834899e-01	   6.9425354549051177e-01	   1.1467628481286301e+00	   8.8338450415128866e-01	   1.0086498050059267e+00	   6.9359228204315049e-01	   8.9340370026796179e-01	   6.3068087592884103e-01	   8.9277879584829689e-01	   7.3114947838397304e-01	   9.8673926174591187e-01	   9.8179097336356291e-01	   7.3294276648110201e-01	   6.0983715097367075e-01	   6.2463726563887623e-01	   5.6101799894300441e-01	   5.7984848512609777e-01	   4.8388828398754241e-01	   2.0208199692771298e-01	   2.5314038270319178e-01	   5.0050183193525033e-01	   6.0179254805216276e-01	   9.3868517038278210e-01	   9.7287496221099257e-01	   9.7045641678404149e-01	   9.8139188626780849e-01	   7.3417914543800877e-01	   2.5063292237780033e-01	   1.0784421100715733e+00	   1.1655517107496705e+00	   3.8298536135367844e-01	   4.0080016228065801e-01	   8.7014014436068876e-01	   7.5862629468215770e-01	   2.1816765294669591e-01	   2.4996245454100990e-01	   1.8212442727143197e-01	   2.9633607868700884e-01	   3.8311028966921601e-01	   1.6614664491019471e-01	   6.3023749479210811e-01	   6.3746817311530357e-01	   8.5201475994130349e-01	   7.3983339020804184e-01	   1.7344242710967719e-01	   2.4539605155806479e-01	   4.2155219940866540e-01	   5.8202438830201175e-01	   3.8729049494300068e-02	   2.3648563209907825e-01	   3.2321297840598590e-01	   1.3389660598960121e-01	  -3.5322284997804454e-01	   4.5439639811142446e-01	   7.4511696057028520e-01	   6.5603198611144553e-01	   4.7976634801666851e-01	   6.6953802641692017e-01	   7.2239506716376611e-01	  -2.3859796295086083e-03	
   6.6060106256450790e-01	   5.8228333119017472e-01	   1.0100202489976622e+00	   0.0000000000000000e+00	   3.1879777204074344e-01	   9.4295099392180681e-01	   9.6404658056503678e-01	   1.1998785534070582e+00	   5.8247902726142631e-01	   8.6468901019066258e-01	   6.3321092532586365e-01	   6.4215200554479579e-01	   4.3027934319523004e-01	   6.2728476500141372e-01	   6.5161989779281693e-01	   6.1088830704892949e-01	   6.6956388975600345e-01	   6.9137749441357665e-01	   6.1157953924997011e-01	   6.4561673165589994e-01	   5.4730590362334142e-01	   6.1158256045079851e-01	   1.0690561603766047e+00	   1.4217494388042260e+00	   6.6938715226239065e-01	   7.4806621017550923e-01	   5.8638914526723107e-01	   4.7388262033164408e-01	   8.2593511125618346e-01	   8.9690571982384959e-01	   8.8454569792135362e-01	   1.0091166102664224e+00	   1.0084825143512741e+00	   1.1530670474971612e+00	   6.8767981617750662e-01	   4.6685588292940478e-01	   6.3822784817985323e-01	   4.6379677915964851e-01	   6.3460256952315464e-01	   4.6843120996941656e-01	   5.3743638718555964e-01	   3.4202954376446038e-01	   7.9202456926053622e-01	   7.8402929659619480e-01	   8.1613581745011599e-01	   8.1023479879278237e-01	   7.5937708867859643e-01	   6.7959190258957514e-01	   7.4851460855000296e-01	   7.3279186093391857e-01	   6.6624972234047064e-01	   6.4471035732556659e-01	   4.3039568627257901e-01	   3.6366956200816181e-01	   5.7820972158523887e-01	   6.7685809438034750e-01	   6.0370752169952480e-01	   6.1783980452131571e-01	   7.7809813102776415e-01	   6.4385563107005028e-01	   7.5551533009634597e-01	   6.5034443617954829e-01	   7.7486781165190743e-01	   6.2882544502506077e-01	   8.6022309368573691e-01	   8.9726028670139391e-01	   7.3962270760926530e-01	   8.2091834401989383e-01	   5.8802965512179606e-01	   4.1734075650671770e-01	   6.0303629610201992e-01	   5.3167367345920902e-01	   4.9122247843991113e-01	   3.7810949792497861e-01	   2.6645478205599993e-01	   2.2574511731492747e-01	   4.7906690633056459e-01	   5.6519029331985537e-01	   8.2810625219737133e-01	   8.3889678905857412e-01	   7.7623968907513818e-01	   8.1305337958558710e-01	   7.0671330880745142e-01	   3.1914979281717948e-01	   8.4636196323735358e-01	   8.8494738378049886e-01	   6.4950967887085820e-01	   7.0066628179021551e-01	   6.3090810445530232e-01	   6.0397779982355015e-01	   1.7335174173068671e-01	   1.7851784756872535e-01	   1.7055947889017714e-01	   2.4144102494652331e-01	   4.3706271158128440e-01	   1.5601707898902203e-01	   6.6606784507701300e-01	   6.8334555899943850e-01	   8.1561324646769295e-01	   6.6345612008367572e-01	   1.1072842239364059e-01	   1.5763777028411308e-01	   4.0039026720904825e-01	   5.4570466647389360e-01	   1.7428395726897795e-02	   7.1262757699988730e-02	   1.9209204979174374e-01	   2.4780598531967030e-02	  -1.7345995866037908e-01	   3.8288860952403508e-01	   7.7874427586398465e-01	   5.5337058220153867e-01	   4.6072958210983295e-01	   5.4104549050033246e-01	   6.1767260060418372e-01	  -1.6838053624213690e-03	
   3.6329956950570197e-01	   2.5492962982858181e-01	   5.1719758704502439e-01	   3.1879777204074344e-01	   0.0000000000000000e+00	   3.3787300054448477e-01	   2.6409971545832611e-01	   3.8039849315619978e-01	   3.4826321074161437e-01	  -4.1183594811536009e-02	   6.5388059686083999e-01	   4.9219244182003452e-01	   1.0173118601253974e+00	   8.9573704094453022e-01	   7.0908188117055793e-01	   1.0338007933714926e+00	   5.7845239900895340e-01	   4.6745782259634994e-01	   2.9998051067518294e-01	   2.6457005393596056e-01	   8.5233004340527246e-02	   3.1275674879990040e-01	   4.3451304997801099e-01	   2.1867364308735407e-01	   7.2285712416394610e-01	   5.3289027088361851e-01	  -3.0256553204351704e-02	   2.8846958009304019e-01	   6.5952258939289876e-01	   6.7023166282940350e-01	   1.7754408395158536e-01	   1.8847999296441709e-01	   5.3797022185810828e-01	   4.0431085425258662e-01	   2.9467936944730050e-01	   2.2316060917091030e-01	   4.4475011810437942e-01	   1.9394883911642888e-01	   3.9808233940503523e-01	   3.5226060811318527e-01	   5.8249861261105618e-01	   4.2599828696584469e-01	   5.2090530930565060e-01	   5.6361571194483839e-01	   5.3012616862529383e-01	   4.7448782568752429e-01	   4.9401384552964506e-01	   4.1895715287804103e-01	   5.1039781524040784e-01	   2.9551328815641825e-01	   3.7372953794608171e-01	   3.9210066951247902e-01	   2.9612095525269455e-01	   2.2852494613407212e-01	   6.9037167523100174e-01	   5.1607048260791699e-01	   3.6779284877502622e-01	   3.5639428171262938e-01	   6.3213027952270728e-01	   6.8760940446712093e-01	   4.0093277585132608e-01	   4.0238459257944642e-01	   5.6504185449833155e-01	   4.6202675665646042e-01	   3.1557682647772317e-01	   1.6610391686559015e-01	   8.1649968407728402e-01	   7.5811600893941478e-01	   2.9988762401368507e-01	   4.9887439976095238e-01	   8.1743459651174480e-02	  -6.0601035383422132e-02	   1.6072006708297970e-01	   1.7698846838246349e-01	  -9.2253326581463492e-03	  -9.1354080308942348e-02	   2.0589218282849411e-01	   2.7995281273285300e-01	   4.6086162991434648e-01	   4.5469883937244715e-01	   6.3811073990584743e-01	   5.3907082989313249e-01	   5.7476157067370892e-01	   3.6232250482157591e-01	   5.5322389581472642e-01	   4.8671723041496384e-01	   1.6228843296648235e-01	   1.9205487103956242e-01	   6.2908454842262340e-01	   6.0974542259034703e-01	   1.3303259986167010e-01	   1.9170909199722247e-01	   8.6326493486230116e-02	   2.1875927148922078e-01	   4.5929222246005325e-01	   5.5785059341030667e-02	   6.1501575893497828e-01	   5.6253348173399453e-01	   5.8271312803869080e-01	   5.5809431388761732e-01	   2.0813702779232690e-01	   3.4161445995668693e-01	   4.0752455192654041e-01	   4.6408208593191846e-01	   1.2787160585842516e-01	   7.6077041950924407e-02	   2.0592429537204540e-01	   1.8181748031490413e-01	  -1.0731393704787658e-01	   2.1109094473933759e-01	   7.6503747119343812e-01	   5.2357483998430343e-01	   2.0882439524370164e-01	   2.3328790563651206e-01	   4.0159524246431705e-01	  -1.7746029966754956e-01	
   3.5783745625186630e-01	   2.8247561042824237e-01	   7.2806669607300933e-01	   9.4295099392180681e-01	   3.3787300054448477e-01	   0.0000000000000000e+00	   5.6893987636136789e-01	   8.9379628468339589e-01	   6.2823687958412122e-01	   1.0858949642704816e+00	   4.0704297736248557e-01	   4.5164975818929887e-01	   3.3739156417979604e-01	   5.2368128246956669e-01	   6.9824429892439444e-01	   6.5547587173435384e-01	   4.9432234747697423e-01	   5.5059133352147205e-01	   3.7012932327747378e-01	   3.9367557247407392e-01	   4.8601895804440542e-01	   6.2700073302479720e-01	   7.6949079468473280e-01	   9.5915951321185633e-01	   6.9228697988829457e-01	   9.2679228672872571e-01	   5.6734069949780763e-01	   8.4509730471937394e-01	   6.9399841983142174e-01	   6.9037773483964004e-01	   8.3389082526722969e-01	   9.9087733046580373e-01	   6.1406142893485205e-01	   7.3410831945255473e-01	   6.2127000783253661e-01	   5.1336082238138159e-01	   6.4340617737692130e-01	   4.5382345089114512e-01	   5.9948159729868222e-01	   4.9333405833346872e-01	   5.8226562869636977e-01	   1.9767098992521759e-01	   7.9700316707673158e-01	   7.0985145092713309e-01	   6.4534309754209840e-01	   6.2916975094432170e-01	   6.8588043902571560e-01	   5.1314876154870037e-01	   6.3505856433582331e-01	   5.4558226616060346e-01	   6.5320667993712944e-01	   5.9649460972026380e-01	   5.8582290125351100e-01	   5.6685548980080669e-01	   5.4842569573988398e-01	   6.9608161155860493e-01	   2.9869220553260334e-01	   3.0185479620858052e-01	   5.4146412436161528e-01	   3.9100590611301478e-01	   4.6650345621294503e-01	   3.7369012596652118e-01	   4.2419463326587492e-01	   4.0246977087740460e-01	   6.6733222723170127e-01	   7.2117403228002852e-01	   6.0757180843718939e-01	   6.2999117013831574e-01	   2.8592251358503296e-01	   2.6828113778440571e-01	   5.9095890910533733e-01	   4.4523479856212883e-01	   3.5952676920320842e-01	   3.6821071598293204e-01	   1.0657729218028270e-01	   1.1695985580432633e-01	   3.4762299244144196e-01	   4.4761394524025294e-01	   6.8996248662754089e-01	   6.8718705257361457e-01	   6.0075290466141829e-01	   7.2156862949482825e-01	   6.7820731099647580e-01	   3.4086534854282996e-01	   7.3619381784735183e-01	   8.5989034739568648e-01	   4.8965831976230800e-01	   5.6935460206390498e-01	   6.5967718637175143e-01	   6.5577828067298960e-01	   5.2852042495809948e-01	   4.4711796562732292e-01	   4.5546389180540459e-01	   3.4144064343084124e-01	   3.7026388140233674e-01	   1.3838177483350222e-01	   5.7838556831829147e-01	   5.0279279752887152e-01	   7.3607999178385508e-01	   6.1104654248246226e-01	   2.5261446179202107e-01	   3.3054129783358716e-01	   3.9613343212020402e-01	   4.4907002218237912e-01	   8.1509727768754148e-02	   3.3256060271473473e-02	  -1.1235459129977182e-02	   1.8221423741266379e-02	  -1.0547744860528085e-01	   2.5289427205523018e-01	   6.4953315513299648e-01	   5.6733537935362754e-01	   5.7353978611140033e-01	   5.5954026942324475e-01	   4.6564566771770444e-01	  -6.7393524428176491e-02	
   8.0895684146399971e-01	   6.9436426041867083e-01	   1.1475551386144629e+00	   9.6404658056503678e-01	   2.6409971545832611e-01	   5.6893987636136789e-01	   0.0000000000000000e+00	   9.4587134689620056e-01	   5.2117888443169147e-01	   5.4162098670151115e-01	   7.4662161957140105e-01	   7.4031485032347799e-01	   5.6449723138063646e-01	   5.9567110533088263e-01	   6.6372093948198618e-01	   5.0393117906665619e-01	   6.3801347666333030e-01	   5.9911163460422179e-01	   9.0221947156835614e-01	   7.0667342026944535e-01	   2.8868779974218606e-01	   3.8061946663137619e-01	   8.5635460141577280e-01	   7.5708334634929564e-01	   3.5407886829638507e-01	   4.3739635316588171e-01	   2.5715160424362593e-01	   2.9731200254800072e-01	   6.9817272228493821e-01	   6.4837804368784679e-01	   4.8013424235978441e-01	   5.4171442465754549e-01	   8.4629999119440025e-01	   8.5319435949745670e-01	   5.7163655363453836e-01	   3.0161742063285091e-01	   4.7892548921737754e-01	   2.3338927240897239e-01	   4.4701553265253818e-01	   2.9125233403108641e-01	   4.0608394963906691e-01	   3.1882810941069517e-01	   6.0028751418863791e-01	   6.2628341751124661e-01	   7.3694094175863045e-01	   7.4121315685288902e-01	   5.9502615589984487e-01	   5.9579850019431380e-01	   7.2138983955246228e-01	   6.1786925906411994e-01	   7.0639528184567524e-01	   6.0852121499889944e-01	   5.1375142992537015e-01	   2.7903252247623855e-01	   5.5882721619488129e-01	   6.3268377041490265e-01	   6.9094884452029903e-01	   6.4621132297956407e-01	   8.1621812864042609e-01	   6.8442538513445028e-01	   1.0644298994988228e+00	   7.8640429115108945e-01	   8.2464435703618044e-01	   6.3932593027152917e-01	   8.6685339116390780e-01	   6.8288271135238487e-01	   7.1518694274863648e-01	   6.9997343743823925e-01	   6.6175903111169965e-01	   4.9869141172968146e-01	   4.5646090432331493e-01	   4.5267069191502896e-01	   4.5060132903007938e-01	   3.1973682920422875e-01	   1.4805845740185222e-01	   2.2115599334114996e-01	   3.2644097084685908e-01	   4.3350398715825367e-01	   7.2031491439365214e-01	   7.8094629158681650e-01	   7.2766763243268973e-01	   7.5829319732999378e-01	   5.8182345990135798e-01	   1.5007577589630386e-01	   9.2734980312774551e-01	   8.5827428154877083e-01	   4.0758672821355485e-01	   3.6128230885612794e-01	   6.0080252544440871e-01	   5.9436153789475599e-01	   5.8471313644704315e-02	   2.0660591880276191e-01	   6.8630460930244150e-02	   4.3115060162542529e-01	   2.9447074733192802e-01	   1.1401001282585817e-01	   4.9262056103522867e-01	   4.6071113110657796e-01	   5.8726451040942884e-01	   5.0580591417582677e-01	  -4.3969317264947759e-02	   3.2630420491159501e-01	   2.1062018516457609e-01	   3.6213899211608175e-01	  -6.9050736455577274e-03	   2.2575813489339708e-01	   3.0977721701787780e-01	   2.3006912085402270e-01	  -3.5792818625848044e-01	   3.3189411138461877e-01	   4.4735347687864735e-01	   4.1730164278673332e-01	   4.3847048001910571e-01	   6.0581461896967814e-01	   7.6770129054185998e-01	   1.2815025018211845e-01	
   5.8346321338038665e-01	   5.4347561276364309e-01	   8.0905501881149611e-01	   1.1998785534070582e+00	   3.8039849315619978e-01	   8.9379628468339589e-01	   9.4587134689620056e-01	   0.0000000000000000e+00	   7.2627475012530462e-01	   7.9298695609505399e-01	   7.1966547648240875e-01	   8.8463730239182858e-01	   5.7318393876104534e-01	   8.0102519298134545e-01	   7.5354963624241078e-01	   7.5907927492757765e-01	   6.3844554944867504e-01	   6.1531128992681183e-01	   6.7625243228025644e-01	   6.7763987443536278e-01	   4.6919699388852448e-01	   5.8834395844354226e-01	   8.3858732051706353e-01	   1.0622674552696765e+00	   5.6457886113833000e-01	   6.4564403639770374e-01	   4.8725628722852365e-01	   4.6168205320507261e-01	   9.0014851298026599e-01	   9.5481842188603538e-01	   8.0072706666642890e-01	   9.9067474049322568e-01	   8.9280499947212855e-01	   1.0153985791912683e+00	   6.9677600758586478e-01	   5.7999112236832195e-01	   7.4708535426960110e-01	   4.3373866717824666e-01	   7.5761901089693395e-01	   5.3408697232421409e-01	   6.9499446974167900e-01	   4.3881217844753306e-01	   8.7563177426846528e-01	   8.4239670060844418e-01	   7.3352160385941312e-01	   7.5767316114106809e-01	   7.9901808609164804e-01	   6.7483966074363810e-01	   7.9685077528998816e-01	   6.4596533354941854e-01	   7.4602772881052504e-01	   7.5928887399183098e-01	   6.1559852360061096e-01	   5.1194414463707494e-01	   7.0603546583450250e-01	   7.1644027850442371e-01	   5.3498769725288331e-01	   4.5548288525015768e-01	   7.4307672934126789e-01	   7.1088154080663835e-01	   7.6012779683468701e-01	   7.9938139606359038e-01	   7.0437024246663582e-01	   8.7147370988800699e-01	   6.2383230474493390e-01	   8.8462395302464469e-01	   7.7156059453973902e-01	   9.0331734456892609e-01	   4.6740790753149208e-01	   4.2020143704689944e-01	   4.8261580540015603e-01	   4.1317417268364487e-01	   4.8175058269843934e-01	   4.0217064164264710e-01	   2.8004240875088532e-01	   2.4190895437819013e-01	   5.7216801947466955e-01	   7.4204152916530486e-01	   7.9957749214008322e-01	   8.0260230554143652e-01	   7.3544886350628313e-01	   8.2865546893194919e-01	   8.4871498881337992e-01	   4.2793757727738713e-01	   7.8929513140141383e-01	   9.6454972740469480e-01	   5.6423339573515485e-01	   7.3879182380734154e-01	   6.2509809845639519e-01	   7.7049669927605469e-01	   2.9735318502980757e-01	   2.7922412756410520e-01	   2.6060398389286893e-01	   3.7646500702172037e-01	   5.0304641813244810e-01	   1.4451976148966159e-01	   7.4387370594819557e-01	   6.6403651780541817e-01	   8.3673930748051339e-01	   7.2799101677748190e-01	   2.1796938974740526e-01	   3.1540438109707580e-01	   5.1339711462914717e-01	   5.6358679802106448e-01	   7.5195489977784385e-02	   9.0910043203720439e-02	   2.0578052285598938e-01	   1.2286556013498481e-01	  -2.8158903637856125e-01	   1.9884395104349731e-01	   7.0075512412434759e-01	   5.1295639903623458e-01	   5.8033909923527094e-01	   7.3041835655970899e-01	   7.9264178748176428e-01	  -1.8344977431511542e-01	
   2.8760431349223187e-01	   2.9880892132768455e-01	   4.8704707844351314e-01	   5.8247902726142631e-01	   3.4826321074161437e-01	   6.2823687958412122e-01	   5.2117888443169147e-01	   7.2627475012530462e-01	   0.0000000000000000e+00	   6.1356519174441748e-01	   3.6068102752884917e-01	   3.7858636703755066e-01	   3.5647998933542613e-01	   3.9488158667763323e-01	   8.1508673257195097e-01	   5.3154283711686379e-01	   4.0367839201085309e-01	   5.6670433086276684e-01	   3.5622001904835843e-01	   3.1042954020155755e-01	   7.3058658446953106e-01	   5.6746530884841828e-01	   4.8888463387241093e-01	   5.1827133821308280e-01	   7.3997581210131802e-01	   7.2992398783210932e-01	   5.9539867329350327e-01	   4.4263181398098722e-01	   6.8841022868625135e-01	   6.2649050230433978e-01	   8.0140566312693440e-01	   7.6853782383522906e-01	   4.0417465875133263e-01	   5.1964398977882720e-01	   6.1164142938111044e-01	   4.3995264630103070e-01	   6.6657988231159582e-01	   5.8646975886998209e-01	   8.0679207439010070e-01	   8.0912434385050436e-01	   7.4360171328932889e-01	   5.1865027718127632e-01	   6.8517597024066235e-01	   5.8124032521711932e-01	   5.5589521205783221e-01	   4.8885819986645274e-01	   6.2428761650148878e-01	   4.4571421192406796e-01	   3.9931358880884493e-01	   2.2213736355587571e-01	   4.8625428654313801e-01	   3.5428865720679653e-01	   5.7243718649246278e-01	   3.2239391537688133e-01	   5.5525973030843312e-01	   5.6403618114845733e-01	   2.4416959791068862e-01	   2.8949024278441721e-01	   4.8063785503498380e-01	   4.5989104413112464e-01	   4.4835764259584765e-01	   3.3386866782387475e-01	   3.2531528236635249e-01	   3.8808807680877433e-01	   4.0925154754281851e-01	   4.3453222101748740e-01	   5.3554154569845303e-01	   6.0971058947659462e-01	   2.9869112161117622e-01	   3.3037409044066440e-01	   3.1219102489803496e-01	   2.1171381993115004e-01	   2.8918897359645279e-01	   3.1529815401414196e-01	  -8.8411901259179471e-02	  -5.0683862740270036e-02	   2.0701676820339565e-01	   2.1524348053470721e-01	   5.6771471231057802e-01	   6.0896128671064498e-01	   5.0252145366963097e-01	   7.3317638990067313e-01	   7.3377997859999700e-01	   7.2870254897168663e-01	   5.6988668938215326e-01	   5.9005648830930713e-01	   4.4228656039265596e-01	   6.9721757144056051e-01	   5.5400550235652490e-01	   6.3875857138894399e-01	   3.7906180783843568e-01	   4.1734535458902061e-01	   2.4189607818602249e-01	   2.3585946250478751e-01	   6.4311904696934008e-01	   1.1385062467716943e-02	   8.3882815258157128e-01	   6.2287565033896730e-01	   6.7857643974114923e-01	   6.4766490987791414e-01	   1.2580492103450200e-01	   2.0394511283080702e-01	   4.7775983147958045e-01	   4.0929271734640671e-01	  -2.8853167036352455e-02	  -1.1995217893434669e-01	   1.4170031476290548e-01	  -3.5949026935047965e-02	  -4.0334491217033880e-01	  -3.0383256028049307e-02	   5.8308034909437112e-01	   4.1166033840339966e-01	   3.9383120889899503e-01	   3.5340138413535471e-01	   3.5855022766120143e-01	  -4.7817411874861537e-01	
   3.0295313248300287e-01	   3.2032287151194755e-01	   4.7863770395151917e-01	   8.6468901019066258e-01	  -4.1183594811536009e-02	   1.0858949642704816e+00	   5.4162098670151115e-01	   7.9298695609505399e-01	   6.1356519174441748e-01	   0.0000000000000000e+00	   2.2084377357402069e-01	   3.2325243597004855e-01	   1.1579627282934581e-02	   1.8392337110091572e-01	   4.7649638374698433e-01	   2.8919867430911089e-01	   3.0955646222870148e-01	   3.8582113144702473e-01	   3.9511126761328252e-01	   4.6991149179034625e-01	   6.4878814282126096e-01	   6.0647895379890759e-01	   5.8972584244540305e-01	   8.5750950843090079e-01	   4.0811752508552840e-01	   6.0828544507070303e-01	   6.6939862899343661e-01	   4.1303483792331347e-01	   4.3877482359097686e-01	   4.2534281357412923e-01	   8.3553345078018437e-01	   8.8231929049662206e-01	   4.3285316891336451e-01	   6.2130314612632342e-01	   4.4241354879645906e-01	   3.5798155238641993e-01	   4.7050603489706005e-01	   4.2410152772251813e-01	   4.9159534910098929e-01	   4.4834648810860667e-01	   3.8190387885972277e-01	   1.6580492530343985e-01	   5.6257973388183691e-01	   4.7983924325870242e-01	   4.3876657247642548e-01	   4.5156430222477395e-01	   4.8760869053575451e-01	   3.6771277507587563e-01	   3.8344729225158386e-01	   3.5212374422481379e-01	   4.3227433055233899e-01	   3.4866254553889731e-01	   4.4748304063286326e-01	   4.6701270313790549e-01	   2.7243056261223625e-01	   4.3582828863104506e-01	   2.7796617505712862e-01	   2.4757336511977404e-01	   3.0914930831733767e-01	   1.6720914458349093e-01	   3.5824622372701420e-01	   3.7153930786203004e-01	   2.8318660526159128e-01	   2.9991765092351430e-01	   4.8596270796307739e-01	   6.6871601885786391e-01	   2.8432043735931556e-01	   3.5117004459586448e-01	   2.8543802514741884e-01	   2.1667226390176908e-01	   4.6116967729111508e-01	   4.8248071292984296e-01	   3.1229300619216649e-01	   2.4592241105178470e-01	   1.0260025879955417e-01	   1.0100401136499566e-01	   3.2918783534447388e-01	   3.8563982843197830e-01	   5.0170786186401128e-01	   5.3668450446816618e-01	   3.8833246963009854e-01	   5.0696578247256452e-01	   5.0471177655333377e-01	   3.4064584357399424e-01	   4.6871335525646640e-01	   5.2800478102063053e-01	   4.7291077575432056e-01	   5.7018496413094244e-01	   4.1739587318815058e-01	   4.2898644556965060e-01	   4.5917516971644673e-01	   4.2911531093372179e-01	   3.7131357059938375e-01	   2.3510429418407580e-01	   2.5536614805727176e-01	  -3.3959651906246509e-02	   4.1254079141764860e-01	   2.8631350364822417e-01	   5.6065934066118750e-01	   4.6719118464345644e-01	   4.5330255372014780e-02	   7.2543665643480124e-02	   3.1321663064049404e-01	   2.1322442952574716e-01	  -2.1436053206704497e-02	  -7.8399230807551915e-02	  -3.5619834412204815e-02	  -5.3372112519318692e-02	  -1.7902190152918840e-01	  -3.1650456090333297e-02	   3.8522983448450054e-01	   2.8278751502827038e-01	   5.4288910331873086e-01	   4.6266945113452884e-01	   2.7633793076489843e-01	  -1.1471964845996235e-01	
   1.0129683759803341e+00	   7.6468174628959695e-01	   8.1590940424914582e-01	   6.3321092532586365e-01	   6.5388059686083999e-01	   4.0704297736248557e-01	   7.4662161957140105e-01	   7.1966547648240875e-01	   3.6068102752884917e-01	   2.2084377357402069e-01	   0.0000000000000000e+00	   1.1020897591569125e+00	   1.1423355224332665e+00	   1.0754695248520443e+00	   6.3491033195037694e-01	   7.7673564321702593e-01	   9.9689122634411853e-01	   7.8804529970501735e-01	   8.0167763890708388e-01	   7.5813416757938279e-01	   1.8436655913580419e-01	   2.7055048819002048e-01	   6.2858256284230507e-01	   5.0965375948668257e-01	   5.1679961319967638e-01	   4.5561725978234435e-01	   9.2009130412129353e-02	   2.0179768907849269e-01	   9.0444512449552850e-01	   9.4717824766875469e-01	   3.3055492738742243e-01	   3.7552544074288485e-01	   8.9510010419401553e-01	   7.0677718970912273e-01	   3.4574702118606226e-01	   1.0064454292908342e-01	   7.6367137690810505e-01	   3.6313729989975141e-01	   4.7366894232264312e-01	   4.0992530941811617e-01	   6.5808940290906848e-01	   4.6785445121942326e-01	   5.5679191836419117e-01	   6.5364286313640918e-01	   6.3148220075906036e-01	   7.0712752602036855e-01	   6.1585372214753087e-01	   6.2605886882318174e-01	   7.1255525728029778e-01	   5.8816151075708034e-01	   7.0419580184479835e-01	   6.3938765571267797e-01	   6.4201319390237699e-01	   4.4106359185065880e-01	   8.0184099719243629e-01	   6.7789516040329945e-01	   8.5785272019412717e-01	   8.3021354820364635e-01	   9.9788916956879570e-01	   8.7513044574778287e-01	   8.7606206872953296e-01	   9.1954353610964712e-01	   9.6751966715051874e-01	   1.0260088124548368e+00	   4.5454444448384435e-01	   3.8913729139440278e-01	   7.3152556818445202e-01	   6.5790709222256150e-01	   6.5407688282484855e-01	   6.3725784975870536e-01	   4.8646677917379266e-01	   3.3236907514408004e-01	   5.5593598471096994e-01	   4.6976999258370594e-01	   2.8082957785205903e-01	   3.0533733271001834e-01	   4.5692948764629704e-01	   7.1522045179948002e-01	   8.0816995713457729e-01	   7.9916770232957590e-01	   9.9519247362307872e-01	   7.6585189972060674e-01	   5.9796725462308054e-01	   2.6964104061863692e-01	   7.7725806236366812e-01	   7.9516890196240897e-01	   2.7789265730275869e-01	   2.8336169872123640e-01	   6.1727478586337092e-01	   6.2495863112991012e-01	   1.4500455972115817e-02	  -4.3065559131307808e-02	  -4.9675859853561682e-02	   1.6785552913611856e-01	   3.8956537810929770e-01	   1.1016535011419853e-01	   6.2518305064255220e-01	   5.8886648237889994e-01	   7.2898236388743776e-01	   6.2849291783175332e-01	   9.3485620617748625e-03	   2.3639829316322572e-01	   3.0850704924160377e-01	   4.3160455587331042e-01	  -7.6198365501616086e-02	   6.3940670695280838e-02	   2.5883682750739279e-01	   2.4281515800856129e-01	  -3.4854396891344258e-01	   2.3110911240293955e-01	   6.5411780042600665e-01	   5.3707520741179637e-01	   3.6822182720160190e-01	   6.1467178950050083e-01	   5.5777865835466167e-01	   1.8420443423647320e-02	
   7.1237885467109963e-01	   7.5778054926271121e-01	   7.1684989853402126e-01	   6.4215200554479579e-01	   4.9219244182003452e-01	   4.5164975818929887e-01	   7.4031485032347799e-01	   8.8463730239182858e-01	   3.7858636703755066e-01	   3.2325243597004855e-01	   1.1020897591569125e+00	   0.0000000000000000e+00	   9.7225206599179992e-01	   1.1099149290588821e+00	   5.7399662021158682e-01	   7.5482765912083305e-01	   8.2979420770822498e-01	   8.1709703009314005e-01	   8.2399195075753351e-01	   8.4287671952428389e-01	   2.2483421832404243e-01	   2.7613046333248431e-01	   5.8416194132172550e-01	   6.1413424140253581e-01	   3.9425935057640099e-01	   3.6574605358650247e-01	   2.6260733818349213e-01	   3.6626095152184240e-01	   9.9095734342635278e-01	   9.9454528441391576e-01	   4.7843215113894233e-01	   5.1244971522408433e-01	   8.7280963151836100e-01	   8.1457842209858100e-01	   3.4925255123629639e-01	   2.1874644348066716e-01	   6.2467997138724463e-01	   2.9447734650142465e-01	   5.0131181661248703e-01	   3.7690891659370018e-01	   4.6052767486147200e-01	   4.3249633219726535e-01	   7.7772070638409552e-01	   8.6990553942170912e-01	   7.9101243945847144e-01	   8.4778516186074826e-01	   7.7611259086077000e-01	   7.7165696850102861e-01	   7.9558437027406992e-01	   7.2821855991283913e-01	   7.7306139936385565e-01	   6.7185669029737449e-01	   5.9248228616707233e-01	   4.4362835734837802e-01	   8.1919802421073940e-01	   7.7704190919459870e-01	   7.0782546495890997e-01	   6.5444235354913571e-01	   7.8080405159070487e-01	   7.2249863935325254e-01	   6.9850206900910983e-01	   9.8294169806209752e-01	   8.2347856731574665e-01	   1.2519721610221390e+00	   4.1289530152976966e-01	   4.1533305687890865e-01	   7.2474887231856566e-01	   6.6057273168104802e-01	   5.4918122623322141e-01	   5.4476307745808994e-01	   3.8479389854062690e-01	   2.0137404569868969e-01	   4.4268244667036860e-01	   3.3777251023564414e-01	   2.0497493639260023e-01	   3.7267268860612984e-01	   4.4544825091387819e-01	   5.9949611963065419e-01	   7.9661733479509056e-01	   8.8775117040170037e-01	   8.2840093487421895e-01	   8.6692836658975370e-01	   6.2875219594093246e-01	   2.6552942949302027e-01	   7.7524196677357704e-01	   8.8829132213230599e-01	   3.9170515820165602e-01	   3.6892079071679840e-01	   5.0650073698284781e-01	   7.1423402539047620e-01	  -1.0742442206119796e-02	  -4.3408515646600122e-02	  -5.3958013803902478e-02	   1.1755924111725753e-01	   3.0639413447212194e-01	   2.7582419273485986e-01	   5.9810087780601151e-01	   5.9899238739484584e-01	   6.3160253219731088e-01	   6.3865138719959336e-01	   1.2193316422967621e-01	   2.2007783978883683e-01	   4.1512172675359993e-01	   3.8164940757610311e-01	  -3.3416144781030367e-02	  -1.1682018054050064e-04	   1.9310960415810519e-01	   2.2272892335266470e-01	  -3.1437335122968685e-01	   1.5180697613606856e-01	   6.8740016913225543e-01	   5.5477071550664647e-01	   4.1743033808111146e-01	   6.9732784320394881e-01	   6.5171408937326747e-01	   8.2854711743013815e-03	
   7.5549867244443825e-01	   6.0680408245940853e-01	   7.3403486447457478e-01	   4.3027934319523004e-01	   1.0173118601253974e+00	   3.3739156417979604e-01	   5.6449723138063646e-01	   5.7318393876104534e-01	   3.5647998933542613e-01	   1.1579627282934581e-02	   1.1423355224332665e+00	   9.7225206599179992e-01	   0.0000000000000000e+00	   1.2643802776268227e+00	   8.1463240290560601e-01	   9.5900826232993053e-01	   8.2630292739896338e-01	   6.9761875047019295e-01	   6.3228117449416621e-01	   5.3192299634091100e-01	   1.1299202577567631e-01	   2.2400079311668039e-01	   6.0149331839476106e-01	   3.6449096378320334e-01	   5.8161536647422341e-01	   4.3203909316582290e-01	  -3.6139629110928703e-02	   2.7099742520071257e-01	   8.7454535932659550e-01	   8.8293444731714510e-01	   2.5419869581752813e-01	   2.9112055446351404e-01	   7.5228694223187387e-01	   6.8256451681554753e-01	   4.2808791150016451e-01	   2.3316316640608775e-01	   5.8565132749040971e-01	   3.0232040035439889e-01	   4.9641268964906149e-01	   3.9630218119851718e-01	   5.6994551164121243e-01	   4.5791573739310282e-01	   5.7424043117445200e-01	   7.4441579109917122e-01	   6.8304147052073538e-01	   6.7721916835782348e-01	   6.3415050470535217e-01	   6.2618162103670105e-01	   7.0475938335156807e-01	   4.9116773982742179e-01	   6.7081205713424974e-01	   6.0580703839849792e-01	   4.7526798198448034e-01	   2.4498696955234278e-01	   8.3322641925884477e-01	   6.6944705919699432e-01	   6.5736661013458575e-01	   6.6335829177427907e-01	   8.5106853286636619e-01	   8.9260646227998364e-01	   7.4689897706575459e-01	   7.8336061285485070e-01	   8.5849620848802044e-01	   8.2875676644348706e-01	   4.8485873981637512e-01	   4.0203273535287387e-01	   8.7617568231770648e-01	   7.7942303561740600e-01	   4.8741840516053603e-01	   5.8892224224643763e-01	   2.8477024783441957e-01	   1.1596195400260889e-01	   3.7117031162638686e-01	   3.7700905410951235e-01	   1.2737701370458165e-01	   1.6376268635396449e-01	   3.1282350059574626e-01	   4.6333924065881560e-01	   6.8252094014975306e-01	   7.4555534056361106e-01	   8.9706628721344006e-01	   7.9298239722743336e-01	   6.5714241532602091e-01	   3.1623310938974525e-01	   8.4831859186702563e-01	   8.1611544985335016e-01	   2.2352918375194353e-01	   2.4534372990971703e-01	   6.5171427110689650e-01	   6.8388206489673209e-01	  -3.1798508976131318e-02	   5.5288292015203876e-02	  -1.1426693242004798e-01	   1.6870579458947321e-01	   4.7367479176817451e-01	   1.0385911705539097e-01	   6.4464384746539183e-01	   5.9226781329220823e-01	   5.8029550687815024e-01	   5.5304794637466570e-01	   4.0231194022254474e-02	   2.6342059601565659e-01	   3.0658582203742535e-01	   4.9999058990698420e-01	  -3.7387773005936639e-02	  -3.8448062379410220e-03	   1.8619100862372118e-01	   1.8397313439019616e-01	  -3.2768045717341288e-01	   3.1219685419068233e-01	   7.1654972563961683e-01	   4.7118676668133169e-01	   2.3024151106085744e-01	   4.5023976713163716e-01	   5.9449718764843718e-01	  -8.9848859741880810e-02	
