   0.0000000000000000e+00	   7.6739139676964230e-01	   4.0916600758295812e-01	   5.9612497032114942e-01	   4.7815625785313988e-02	   3.4717942294905907e-01	   5.0556386470802583e-01	   6.6611706094360101e-01	   2.9403533053476161e-01	   1.4281975860872553e-01	   8.3774254543560855e-01	   6.9447991943717780e-01	   8.7086755597281429e-01	   7.2248655420748242e-01	   3.9957306875588117e-01	   5.2623616515428284e-01	   4.9010550581793411e-01	   4.4454945313606398e-01	   5.4187392659941425e-01	   5.3539628627331304e-01	   1.2319172196610742e-01	   2.8660799886561034e-01	   1.6863511783075527e-01	   3.5734519927481528e-01	  -1.5036486814772929e-01	   8.9684537882411833e-02	   2.5694718035158871e-02	   1.7979994487781031e-01	   4.6010693849582518e-01	   5.7398214524494717e-01	   9.7247207404615774e-02	   1.2600561343464264e-01	   4.9969390015059167e-01	   4.8266445039722217e-01	   1.5123236752510264e-02	  -1.0774550557358216e-01	   4.3819824461213330e-01	   3.0032538197746944e-01	   4.3367356048252553e-01	   4.2530690487651873e-01	   4.4699684290683217e-01	   2.7792556988559008e-01	   4.3424612774058996e-01	   3.8775091296912534e-01	   1.4648440741439442e-01	   1.7348039153813988e-01	   4.4419721167591708e-01	   3.9667556145070543e-01	   1.2145301003588180e-01	   2.3015827582346815e-01	   4.0956811314199554e-01	   3.5341950199593508e-01	   4.8455421763714707e-01	   2.9356290537790364e-01	   7.8234407196254407e-01	   6.2661634010205036e-01	   4.7750051692886797e-01	   3.6341835362762887e-01	   5.0160914891047914e-01	   6.2783782799873633e-01	   7.1387218157904442e-01	   6.0888911286051151e-01	   5.3281048755695726e-01	   6.0428633762032957e-01	   2.8993401426283527e-01	   3.4533483312820562e-01	   3.1162287447321507e-01	   4.0784394041106942e-01	   4.8220247463292132e-01	   3.3784922157062491e-01	   7.1685329961028499e-02	   2.2725080386303825e-01	   4.7979947437152437e-01	   6.5327664175098010e-01	   4.0586127105389741e-01	   3.5545318025902184e-01	   2.9516884193709403e-01	   3.5352836046312069e-01	   2.2317118318251589e-01	   2.9601157196244532e-01	   4.2895720942561932e-01	   4.1763821282879648e-01	   4.2654086798755708e-01	   5.1358077578836547e-01	   3.1960934503375865e-01	   5.6177698574006296e-01	   2.7091322367976733e-01	   3.2584464753367171e-01	   5.1748335229037912e-01	   4.7919011284415280e-01	   1.8415792046200369e-01	  -3.2157484272970681e-02	   8.3195091367900667e-02	   1.5225719625986622e-01	   4.0150101830190765e-01	   2.0454106050174381e-01	   6.4201497852930822e-01	   7.8754874937281028e-01	   5.5284650332482688e-01	   3.9509191346510375e-01	   5.1368893212256017e-01	   4.9964281247356312e-01	   5.0378522605651266e-01	   5.0964006823724961e-01	   3.6575620508867224e-01	   1.8834375202721626e-01	   4.4418839688084005e-01	   5.3225984858486775e-01	   1.6632744742915553e-01	   3.7312858538759064e-01	   5.1846428010621248e-01	   3.3828904459906273e-01	   3.7066612389496167e-01	   5.7862249034455382e-01	   6.1582868794093670e-01	  -1.8245577898118198e-01	
   7.6739139676964230e-01	   0.0000000000000000e+00	   3.4731585136985393e-01	   5.2053309602257514e-01	   1.2875063609250470e-01	   1.9410288652637581e-01	   1.4273095366700506e-01	   2.2174932573758843e-01	   1.0192760128820817e-01	   1.1078311217297079e-01	   3.6445047036546308e-01	   2.6866705022547760e-01	   5.3285800756118218e-01	   3.1656258532865378e-01	   3.0355732549257097e-01	   4.2154647191403416e-01	   7.5211539989270626e-01	   8.2494722999169445e-01	   3.8510399797862127e-01	   6.4605878942198047e-01	   2.0283998206897916e-01	   3.0345644442703951e-01	   2.6103704644753667e-01	   3.3921597331535985e-01	   1.9039744485511778e-01	   2.2427123393986059e-01	   2.8452727863979166e-01	   3.1029263663043677e-01	   4.6103992963336038e-01	   5.6108825500501025e-01	   1.4567049865628159e-01	   1.8001275840987166e-01	   7.3085164215074139e-01	   5.7427732578493951e-01	   2.5334137168005993e-01	   1.5470885717844951e-01	   2.8977721978780080e-01	   2.8629831865154770e-01	   3.4466502763569357e-01	   5.1822774965211027e-01	   3.8632322656504992e-01	   2.8338276591495215e-01	   3.9452881727762307e-01	   3.6997465581973782e-01	   3.6443312424106378e-01	   3.5341628622883325e-01	   4.0208566775403776e-01	   4.1882712645688114e-01	   2.9663542790575198e-01	   3.3663054608796678e-01	   4.6040691242020182e-01	   3.1018271365695271e-01	   5.5249491049209587e-01	   2.1892997256978364e-01	   6.7349177351629141e-01	   4.8804535415444350e-01	   1.0284122085675496e+00	   1.2045996632282738e+00	   6.5455424596546785e-01	   7.2605580208738030e-01	   3.5562852531702899e-01	   2.0236901773035218e-01	   6.4302162061436174e-01	   6.0078188964811841e-01	  -1.2737105522564393e-02	   1.2579580041398325e-01	   4.5892875954753209e-01	   5.2598635881624434e-01	   8.9805529390066041e-01	   9.4628353850838975e-01	   1.1906635961744307e-01	   2.0608471817118940e-01	   3.2776064661327420e-01	   6.5824363567990951e-01	   3.5495654790227099e-01	   4.2610442991663694e-01	   2.0436037780275021e-01	   3.8360075924836423e-01	   4.6885264842329066e-01	   6.1290916443703791e-01	   7.0133639264254399e-01	   6.4022174348596128e-01	   4.8309759470586289e-01	   5.5471882928112681e-01	   3.4446542531766278e-01	   5.6186510717639981e-01	   4.4230238836651448e-01	   3.8957506678771259e-01	   4.2459590837180083e-01	   4.1685672169533527e-01	   3.9857206237916491e-02	  -2.0950935600928688e-01	  -1.8499002191080891e-02	  -5.8202068757333678e-02	   2.3906309677854432e-01	   1.6429806015331086e-01	   5.7795597471172000e-01	   5.9290735972331254e-01	   4.2344375835855674e-01	   3.4941336571339687e-01	   3.0216258892600839e-01	   1.5433824665374404e-01	   4.5768483525288672e-01	   3.9245453037713696e-01	   3.2263571621836207e-01	   9.0168387866851316e-02	   1.3865079473418149e-01	   2.9334228884109020e-01	   2.7561532502222919e-01	   3.2726497627513418e-01	   5.9505125062006603e-01	   2.8509532030117279e-01	   1.7061136945367120e-01	   4.6082672584489137e-01	   4.0168391877523940e-01	  -1.0582569264381095e-01	
   4.0916600758295812e-01	   3.4731585136985393e-01	   0.0000000000000000e+00	   8.1176689583128447e-01	   4.1286323636023303e-01	   2.5577036902060557e-01	   6.9581816513906103e-01	   4.6566547351479670e-01	   3.8154142180619066e-01	   1.0777233515268160e-01	   5.1252195711851956e-01	   4.1648145264871478e-01	   6.1785519292007940e-01	   4.6295785075727069e-01	   3.6537781479569897e-01	   4.3690269054672681e-01	   9.6522866306407815e-02	   7.2738448963576133e-02	   5.0068446241603126e-01	   5.4175423100193321e-01	   1.7577988862063648e-01	   1.7883330009864709e-01	   9.4277822751286255e-01	   8.6990017159437460e-01	   3.8351523010871313e-01	   3.1943389792803034e-01	   2.4048493731215828e-01	   2.4806020619150237e-01	   3.0622526085688656e-01	   3.5613302976649808e-01	   5.5542026941004730e-01	   5.1517782905755038e-01	   5.1731196533650992e-01	   4.7584454625635331e-01	   5.2200593261702588e-01	   3.8905925801748265e-01	   2.5819507402942199e-01	   2.3429124138146409e-01	   2.6740748627149707e-01	   2.6864344721489414e-01	   2.6648449971948707e-01	   2.0595271963782913e-01	   3.7029416919262426e-01	   3.4012070837071551e-01	   2.9225605916115449e-01	   1.9993810934284340e-01	   4.0082292123892660e-01	   3.5347302415864379e-01	   3.5391285741966932e-01	   4.8407619131715163e-01	   7.6466940132890482e-01	   7.1937463112985456e-01	   6.6661779072163518e-01	   5.1195633479447833e-01	   7.3779297785006759e-01	   4.7019794047069152e-01	   4.8230736532805768e-02	   1.2531390176061377e-01	   5.2627285784434752e-01	   4.9875151044955823e-01	   2.0432310453174049e-01	   2.5281827160839343e-01	   1.4788940532943035e-01	   2.7610951890439189e-01	   6.5458230021292929e-01	   2.7863180664381998e-01	   5.8471360948349915e-01	   5.3216244514942568e-01	   1.5454647135670294e-01	   2.5428360486791551e-01	   3.4443199809168645e-01	   3.1754789432875236e-01	   4.4096755409149901e-01	   5.5054100000146733e-01	   3.9948587870248653e-01	   2.6855250640045725e-01	   2.1458016748853947e-01	   4.8582220954494926e-01	   6.2700003552982539e-02	   5.5771810005048494e-02	   1.4569800899486030e-01	   2.4420002915100217e-01	   4.7936183485236050e-01	   5.3461466649535894e-01	   6.6183094521953068e-01	   6.4711801104528055e-01	   4.7065112909058826e-01	   5.4818484741611284e-01	   5.7390365592487835e-01	   5.6524197415673072e-01	   3.6439886532904625e-01	   2.1053532244952644e-01	   1.3373283888866933e-01	   3.6952249824929345e-01	   1.5228399037450491e-01	   1.7720413276259675e-01	   5.3274838140146730e-01	   3.8911638843026841e-01	   5.5728604662728798e-01	   4.4782563511379392e-01	   4.0420898231939789e-01	   3.4185153732367396e-01	   4.6891225362996591e-01	   3.3780206343943692e-01	   4.4874379859725261e-01	   2.8554497302103421e-01	   4.2238109472463514e-01	   3.7179140604626665e-01	  -8.3296878273184716e-02	   1.5655656564303796e-01	   5.8854954088105216e-01	   4.1900607249718103e-01	   3.0426563275205859e-01	   3.3188976028687617e-01	   4.8158932158810575e-01	  -5.9094701415360981e-02	
   5.9612497032114942e-01	   5.2053309602257514e-01	   8.1176689583128447e-01	   0.0000000000000000e+00	   1.8012654844843848e-01	   4.9231700898101205e-01	   4.9206104677789542e-01	   8.4088816009266987e-01	   2.8686782144286455e-01	   2.2336973644876990e-01	   5.4583972733130337e-01	   6.8559077291175063e-01	   5.0247402220464821e-01	   8.2962216398449584e-01	   3.2249691234759947e-01	   5.1880092507960307e-01	   2.4523208337021141e-01	   2.0527294840548288e-01	   5.8234305577985213e-01	   8.0947558940182507e-01	   1.1024077189895266e-01	   2.2980488746800565e-01	   5.0526756523591754e-01	   9.2793419680453093e-01	   1.0564643529749577e-01	   1.7281312944827160e-01	   1.4402281524758287e-01	   3.6078537320129328e-01	   4.4478005796301373e-01	   4.6447928836540187e-01	   4.1332624910702154e-01	   5.1581962715859786e-01	   5.7430286947956233e-01	   6.2642400129262221e-01	   1.8177155358376260e-01	   1.3800904594202373e-01	   1.7823546920975405e-01	   9.9170238561176932e-02	   2.4218002178907949e-01	   2.3350682484545338e-01	   2.7491468990868989e-01	   1.8698673585944858e-01	   2.1932754303701787e-01	   2.5199443653558046e-01	   2.6013806014692042e-01	   2.5561803689219986e-01	   3.2172489180547431e-01	   2.4387129530820023e-01	   2.3311635437354494e-01	   3.3276586223514060e-01	   5.4577393713609568e-01	   5.7076933439217037e-01	   6.1748096959613097e-01	   4.9561954335857916e-01	   7.1109066997054482e-01	   5.0253533117010529e-01	   2.7029664978696694e-01	   2.6161835215946000e-01	   4.2438800575246749e-01	   5.2930313582871091e-01	   3.0638648798191204e-01	   5.1480768731713300e-01	   2.3377860063338884e-01	   4.2155458555578562e-01	   4.8846470008675968e-01	   4.5124788511118430e-01	   4.8713663584065492e-01	   5.8541697377422464e-01	   3.0715009155965639e-01	   3.5797634341738382e-01	   4.2798233859286994e-01	   4.5393505330182271e-01	   6.0485699227804957e-01	   6.7531020781973616e-01	   4.8228082670679900e-01	   4.7224629997273931e-01	   3.1225751667317364e-01	   5.2431870933707203e-01	   1.9665024861258701e-01	   1.7687530139134747e-01	   2.3064567747490039e-01	   2.9263141138941157e-01	   5.3601192069117243e-01	   5.8229414888045616e-01	   5.7804547428102859e-01	   8.3075648494316612e-01	   4.8390835478367866e-01	   6.9599380260965016e-01	   4.5911515092408139e-01	   6.6501353906054672e-01	   2.6258823475169146e-01	   3.8887683278276984e-02	   1.0733967715237946e-01	   1.6966287016719070e-01	   1.8321687355045824e-01	  -1.6021754338136761e-02	   4.9501715871612495e-01	   3.9910919383210308e-01	   5.3449965599067273e-01	   3.9795631169237494e-01	   4.1964690836636098e-01	   2.9159879403553468e-01	   4.1788837732305056e-01	   3.6790411993153221e-01	   4.1930508922447862e-01	   2.4518835559108049e-01	   4.3638902691394138e-01	   2.6757972311837985e-01	  -1.5458597346646535e-01	   1.5555916953372698e-01	   4.6875216278594850e-01	   1.4906709400475993e-01	   1.7926909201403823e-01	   3.1874242735558739e-01	   4.1300326868784543e-01	  -3.0112158783114070e-02	
   4.7815625785313988e-02	   1.2875063609250470e-01	   4.1286323636023303e-01	   1.8012654844843848e-01	   0.0000000000000000e+00	   4.1533918373048501e-01	   3.8576269546386865e-01	   8.7764808637298325e-02	   8.5996153336412851e-01	   3.0273752555772149e-01	   9.0514399321570682e-02	  -7.0330001330604436e-02	   2.5417746886834552e-01	   1.0036326072789013e-01	   3.5592092381509033e-01	   1.1876604789860773e-01	   3.8164010068815424e-02	  -1.5464594021588458e-02	   2.5465587961547054e-01	   2.7415675737660627e-01	  -1.2223101248401841e-01	  -1.0924668708911878e-01	   2.6242258900175791e-01	   2.4565831020647860e-01	   2.6409823398136584e-01	   2.3566541272823427e-01	   3.9975297288153383e-01	   1.4843812958430996e-01	   1.3070773344296407e-01	  -1.0363838661834002e-01	   2.9150837207641278e-01	   2.1877601428899662e-01	   2.1866899781814544e-01	   2.5094139548374456e-01	   3.1542760652657309e-01	   5.1133318820325335e-01	  -4.7936630208996293e-02	  -1.7558582624565156e-01	   1.0150025502096398e-01	  -8.5187057033884912e-03	   1.8520577159479808e-02	   6.6967816498451724e-02	   1.3741877106805683e-01	   1.2790402110648161e-01	   3.0160896415380473e-01	   2.3120301750351918e-01	   1.0097636089744258e-01	   2.6216862178331989e-02	   2.7240888907320909e-01	   2.1574339931704622e-01	   3.3386301732023405e-01	   3.4096481058115341e-01	   4.1500225247971634e-01	   3.2667024899874947e-01	   2.7059672423699044e-01	   9.0300843453884949e-02	   4.3448459821667000e-02	   6.0248381977398235e-02	   3.1319858578443249e-01	   1.3752359862884969e-01	   9.8399695285396868e-02	   1.7755475423144589e-02	  -7.5968592355900896e-04	  -5.8975926559829056e-02	   2.5353413879860054e-01	   1.6048970584527414e-01	   3.9016587050553536e-01	   3.1974135040309959e-01	   2.3446928012201097e-02	   1.5820892401395809e-01	   2.7301078605183687e-01	   1.5493387063616207e-01	   9.6085318488136298e-02	   1.1693363146856560e-02	   8.8435175509037969e-02	  -7.9846771617436571e-02	   3.3812301532240685e-01	   3.2926753101734352e-01	  -6.1861200420295338e-02	   4.4381264510882555e-02	  -9.4847894698341217e-03	   1.7847903143060947e-03	   3.0929158691102931e-01	   1.8706349575124534e-01	   2.7964574975250006e-01	   1.4078016266022778e-01	   1.0319459412392817e-01	   1.4367268598292374e-01	   4.1953955326607645e-01	   3.9014254872105608e-01	   4.4044271789667011e-01	   6.2684363038448332e-01	   2.4119584731680227e-01	   4.1080509168579560e-01	   4.4213119818855458e-02	   2.5865098694484379e-01	   1.2684470498232780e-01	   1.2520754949627749e-01	   1.8589795148470076e-01	   2.5592864058757425e-01	   1.8792161801357640e-01	   1.4099516899447270e-01	   1.1692863065805179e-01	   7.7857510750640554e-02	   1.1739571436210008e-02	   4.4340764017072251e-02	   3.6542184837468578e-01	   2.7589807599577532e-01	   1.5946565388806130e-01	  -3.9924380995667405e-02	   1.4532165403514621e-01	   3.1336902137020228e-01	   1.9532332925294518e-01	   2.0653931410626750e-01	   3.1274519388684435e-01	   2.5036171057320249e-02	
   3.4717942294905907e-01	   1.9410288652637581e-01	   2.5577036902060557e-01	   4.9231700898101205e-01	   4.1533918373048501e-01	   0.0000000000000000e+00	   2.5174854650192841e-01	   7.9400808214693774e-01	   3.5387989884623550e-01	   8.8455485457582728e-01	   2.7930729285854983e-01	   4.1714356269122721e-01	   3.0946823776164978e-01	   7.1246174533322149e-01	   5.4468331188492614e-01	   6.4809627167286388e-01	   6.2615279934981519e-02	  -4.0113323408391591e-02	   2.4707179303025967e-01	   2.8339653777894608e-01	   1.2392562973977334e-01	   2.8858394040110080e-01	   2.3295524707906473e-01	   4.4442577976206915e-01	   1.3328094191450335e-01	   4.1031191258256244e-01	   1.9754133375665073e-01	   5.0022912474303216e-01	   2.5337514498811214e-01	   1.3955288348087000e-01	   2.2960168699316746e-01	   3.4173279940231777e-01	   1.5671101641148372e-01	   2.3024615078944186e-01	   5.9805667642639877e-03	   1.8686859491445904e-01	   3.6760715855398812e-01	   2.1971834140927349e-01	   3.7815646036693590e-01	   2.2986793154238963e-01	   3.8643494442223270e-01	   2.7027170766906849e-01	   3.0953524949868194e-01	   3.3934921966056514e-01	   3.0508793445786170e-01	   3.5471901209518641e-01	   2.7067078089882601e-01	   2.0510125619259523e-01	   2.4293168920988401e-01	   3.2471978195460582e-01	   3.5036628377638679e-01	   4.5553080257833817e-01	   4.0704927170906258e-01	   3.2123406735603621e-01	   5.2771567651393503e-01	   3.9715631453995337e-01	   1.2408816021784358e-01	   3.2199290699713910e-02	   2.9593389541889409e-01	   4.2068940775901181e-01	   3.0026969919127006e-01	   5.1860704121605639e-01	   5.5649691148224323e-02	   1.1024393904778525e-01	   1.7940098650026065e-01	   4.3268556316718876e-01	   3.3231797889988607e-01	   4.2913411991622685e-01	   1.1528787658623602e-01	   1.5448822817198107e-01	   3.2605392364532676e-01	   5.1224132908462394e-01	   3.6966365180594074e-01	   2.6958057673194369e-01	   2.6361067526155785e-01	   3.2212233571224508e-01	   2.9115046612277007e-01	   3.9096194042371263e-01	   1.1659655873608014e-02	   1.0994237777576939e-01	   9.5785494639370874e-02	   8.2522469118167949e-02	   4.4589829291230593e-01	   3.3455530197527539e-01	   3.8332631950255058e-01	   4.9082979421189477e-01	   3.1890451314985357e-01	   4.0449469359948093e-01	   4.3912870195292331e-01	   6.8395038371375183e-01	   2.8414832473250118e-01	   1.9302155294431686e-01	   2.7912192257460483e-01	   1.4528312522802175e-01	   3.1377045163830103e-01	   3.6027097362153176e-02	   3.9958523765850629e-01	   2.7989175832940288e-01	   3.5710313662338644e-01	   4.1824571054456483e-01	   3.7945077849077002e-01	   3.6607791010187934e-01	   2.0328859443897324e-01	   2.4744014142893361e-01	   8.8639123886213048e-02	  -1.0651727614934133e-01	   4.2820571124419904e-01	   3.8604062979726106e-01	  -1.1483001337123451e-01	  -2.9479266535722366e-02	   2.3330727130748219e-01	   2.2848073270171299e-01	   3.1565752491012378e-01	   2.7572480531576149e-01	   2.8514896011320556e-01	  -2.1147190389631670e-01	
   5.0556386470802583e-01	   1.4273095366700506e-01	   6.9581816513906103e-01	   4.9206104677789542e-01	   3.8576269546386865e-01	   2.5174854650192841e-01	   0.0000000000000000e+00	   7.6562122932254617e-01	   9.0906905598419341e-01	   3.5897204403187966e-01	   5.9039403064477747e-01	   5.8234407153350598e-01	   6.1792028330705429e-01	   4.0454815604035249e-01	   3.2487700210599696e-01	   2.9229930406744231e-01	   3.6682539900877005e-02	   5.0042688742361801e-03	   6.3792608384256189e-01	   5.8617261435505430e-01	  -3.4524655139202676e-01	  -2.9888908739734132e-01	   9.3772461445012667e-02	   2.4238454364578316e-01	  -2.9627759050996827e-01	  -2.6440483443320062e-01	  -2.5099280601220397e-01	  -2.0705779312047795e-01	   3.0438130523146639e-01	   3.0307765151974553e-01	   1.2330191564833233e-01	   8.7117548031751313e-02	   3.4814718115186877e-01	   4.9269908935396778e-01	   6.9036764213238719e-02	   2.7016405690860616e-02	   2.0954911791363683e-02	  -1.4087999298550746e-01	   3.2994089053899910e-02	  -5.4333138845176557e-02	   1.2726523254425257e-01	   3.7518141573907454e-02	   2.5777895781885013e-01	   2.2709616811115924e-01	   1.7002627740611420e-01	   6.8264039505877755e-02	   3.4100609853690761e-01	   1.9418241218860727e-01	   1.7362762712076119e-01	   1.4864177259592407e-01	   3.5338742525316219e-01	   2.5245771218700919e-01	   3.5967809378890642e-01	   2.3490030254735253e-01	   4.2903752872812062e-01	   3.3694918735166618e-01	  -1.3385006078131920e-01	  -1.3895150733245651e-01	   3.6392274901540750e-01	   3.1397877209576047e-01	   6.2216446037820317e-01	   4.4919244056507818e-01	   2.3480140161647703e-01	   3.4889759644942736e-01	   5.3248562146874767e-01	   1.9696113498804380e-01	   4.1307316369075520e-01	   3.4677036458603283e-01	  -1.4827807505188234e-01	  -5.2766229078687561e-02	   2.4521806180621192e-01	   2.6189686708065429e-01	   2.9456708269749049e-01	   2.5425879736745283e-01	   3.0566156590313509e-01	   9.5392424816760080e-02	   2.3677418788599067e-01	   2.7869440395451162e-01	  -1.7706461336304657e-01	  -2.0095684940273822e-01	  -6.3994327960870484e-02	  -3.9886320073654974e-02	   2.8066964238973580e-01	   3.1811570563340857e-01	   1.0783786685718422e-01	   2.5498063891081613e-01	  -4.9352756161053231e-02	   1.7658446768953513e-02	   4.7475578614055097e-01	   2.6612836683634561e-01	   5.3969951292437224e-01	   5.1528224360741426e-01	   2.2325006216688870e-01	   6.5830998153829900e-01	   2.0437113468327711e-01	   8.7691752503453846e-02	   2.5286724517938042e-01	   1.3372843830439490e-01	   5.3457899478511639e-01	   3.8928725374647838e-01	   5.0577608687500908e-01	   6.9565101041734212e-01	   3.7199316311869052e-01	   3.3905057119732240e-01	   3.7320984765159126e-01	   2.8939491942745899e-01	   6.3285801254203400e-01	   4.4182176711329535e-01	   7.1666715234862843e-02	   5.5194870819185154e-03	   1.0289705530781598e-01	   3.3485570594628222e-01	   3.5043829380736097e-01	   2.2539597226907646e-01	   4.5963489198367580e-01	   6.1133198678082291e-02	
   6.6611706094360101e-01	   2.2174932573758843e-01	   4.6566547351479670e-01	   8.4088816009266987e-01	   8.7764808637298325e-02	   7.9400808214693774e-01	   7.6562122932254617e-01	   0.0000000000000000e+00	   3.5411586574353954e-01	   5.2128224488091490e-01	   5.0505951369532642e-01	   8.7338171643335671e-01	   4.6336293336080142e-01	   9.2265802398774310e-01	   3.1875896063628634e-01	   4.9805153908216460e-01	   1.1529369898448966e-01	   3.1088549285285386e-02	   4.3207906132531404e-01	   4.9415930022747445e-01	  -3.3623423596539420e-03	   1.5425568953688484e-01	   2.1113065217659427e-01	   4.4614504065971178e-01	  -1.4364676048470898e-01	   5.7709974416808897e-02	  -7.8075768985148564e-02	   1.9465758653668899e-01	   3.5607591021018986e-01	   3.5589634691474370e-01	   1.6428107134719028e-01	   2.5749073831693947e-01	   2.3129899840980914e-01	   3.7683819861204709e-01	  -6.5845105934306203e-02	  -9.7358186656392620e-02	   3.6541218535619441e-01	   9.6153185857795614e-02	   2.8860772037185600e-01	   1.8566129836176687e-01	   3.5627895762191797e-01	   1.9251838699150395e-01	   3.1778002296604790e-01	   3.1683581449170295e-01	   1.6656506366175966e-01	   1.8599454915996827e-01	   3.5507998349206260e-01	   2.5866771169300545e-01	   9.0540163038764984e-02	   2.2512634989500868e-01	   3.2756903160392198e-01	   3.9406188165973960e-01	   4.3140706965791947e-01	   2.9510373703444925e-01	   6.4448908086494361e-01	   5.0718716322743429e-01	   3.7300475511862156e-02	  -3.0819871630802510e-02	   3.0723420037485322e-01	   5.4591005849706453e-01	   5.5512089937936959e-01	   9.6437452451108263e-01	   1.9368531196580435e-01	   3.9210301892718741e-01	   4.2064557573983463e-01	   5.7713747451717778e-01	   2.8086937167061438e-01	   3.9112959570569245e-01	   5.7826762900349292e-02	   3.3192472218371190e-02	   1.9319272204282223e-01	   3.9313534129901145e-01	   4.8885732925415665e-01	   4.2492808677677962e-01	   3.4634318243493800e-01	   3.4632871658925635e-01	   2.4831466511779002e-01	   3.0293199186332370e-01	   1.7629451046316202e-02	  -2.9636428660918857e-02	   9.5754234495090934e-02	   1.0481763507632717e-01	   3.9378229397210135e-01	   4.1624041088730768e-01	   3.0354953044079291e-01	   5.2347364248321770e-01	   1.9546376858632070e-01	   2.7040486724648771e-01	   4.0990373036584465e-01	   5.1850406274712635e-01	   3.6545686710542186e-01	   1.6082099146455145e-01	   2.4436998417537811e-01	   2.9292496550208980e-01	   4.0626467626327389e-01	   5.3779298961776988e-02	   4.7842509522927124e-01	   3.8937634114363479e-01	   6.5912321479434599e-01	   4.6065854035748272e-01	   5.6826731870100877e-01	   6.3939448454341874e-01	   4.0971063248402106e-01	   4.6303949677437306e-01	   3.4414174167132561e-01	   1.7435223957178345e-01	   5.8816430771589912e-01	   3.8863833787481211e-01	  -7.2649508703917523e-02	   9.4271124831035766e-02	   2.5732010189086463e-01	   2.2339166853152731e-01	   3.8045701112527502e-01	   3.2453588167785635e-01	   4.7617791498216311e-01	  -5.8366133989667883e-02	
   2.9403533053476161e-01	   1.0192760128820817e-01	   3.8154142180619066e-01	   2.8686782144286455e-01	   8.5996153336412851e-01	   3.5387989884623550e-01	   9.0906905598419341e-01	   3.5411586574353954e-01	   0.0000000000000000e+00	   4.3293638783934263e-01	   2.4532572440742914e-01	   1.9762098510772835e-01	   3.4736482473286834e-01	   1.0888046373666715e-01	   2.9910416188572375e-01	   6.4366310851309269e-02	  -8.5860498811200725e-02	  -1.0599865284979298e-01	   4.9233030402071309e-01	   3.8573426369975861e-01	  -3.4752762040900714e-01	  -3.0921546911616815e-01	   1.3947053219546912e-03	   1.0714448281484805e-01	  -1.2528904551963643e-01	  -1.1129988944379521e-01	   1.4049392713391583e-02	  -7.6936781517393707e-02	   1.0013770066550901e-01	   8.2205343922002114e-03	   8.4717538786313190e-03	  -3.4864519358628533e-02	   1.7354138223965573e-01	   2.8163611111701781e-01	   8.8800905442108516e-02	   2.2803404328109245e-01	  -1.0719356503340360e-01	  -3.3527895495258836e-01	  -6.6060415483533128e-02	  -1.8347253473151329e-01	  -4.6387700585861023e-02	  -4.0842669390593944e-02	   9.9289116463907354e-02	   7.1608384821989390e-02	   1.4359872033251053e-01	   8.5330763378707694e-02	   1.1824566175706971e-01	  -1.9990339595762088e-02	   1.9323543025619491e-01	   8.5445197272214807e-02	   3.0860991508211599e-01	   1.8420041171049445e-01	   3.2354699444493584e-01	   1.8778790459887088e-01	   2.5804621282118989e-01	   1.1250685114802389e-01	  -1.0749498691982921e-01	  -1.5236750281191855e-01	   2.7393964678113564e-01	   1.5236026517519133e-01	   3.6411046365450433e-01	   2.7140641439359026e-01	   5.3396534315691607e-02	   8.5553342009750885e-02	   2.9364054089187669e-01	   1.4006494121439167e-01	   3.6848477245303246e-01	   3.3161088763658086e-01	  -1.0323163514782525e-01	   1.7862070757616286e-02	   2.6382304158995151e-01	   1.6576447036601341e-01	   1.2881545558132351e-01	   2.8197730479537633e-02	   1.6922717972521928e-01	  -1.1427853226580346e-01	   3.3379979993872694e-01	   3.2943080428013505e-01	  -3.1868752079534285e-01	  -2.6465015747449228e-01	  -1.8937784205355662e-01	  -1.4954399599208038e-01	   1.1173943951517645e-01	   7.5122740431311563e-02	   4.9964116695633172e-02	   1.4896518567028805e-01	  -1.5729238840094159e-01	  -4.0818340550624596e-02	   4.1887283203319248e-01	   2.9536860506580748e-01	   6.1854868289268139e-01	   7.5045968515076733e-01	   4.1680970610396956e-01	   6.8101222697499608e-01	   1.2526192847232306e-01	  -3.7456188868829399e-02	   8.6544911075543740e-02	   1.3401024253463982e-02	   3.5894959230806844e-01	   2.7504643370707965e-01	   4.6346468752611164e-01	   5.1348395876360242e-01	   2.9680314513596917e-01	   1.9735940087885445e-01	   2.4571748761322298e-01	   2.2924775541917258e-01	   4.8822074117417813e-01	   3.5563939650285703e-01	   1.0100896270607543e-01	  -8.5889864516772108e-02	  -2.9021171546451022e-02	   3.3948494283619796e-01	   3.7928920924184323e-01	   2.3164829550770513e-01	   2.8000199903815304e-01	   1.6612632240469150e-01	
   1.4281975860872553e-01	   1.1078311217297079e-01	   1.0777233515268160e-01	   2.2336973644876990e-01	   3.0273752555772149e-01	   8.8455485457582728e-01	   3.5897204403187966e-01	   5.2128224488091490e-01	   4.3293638783934263e-01	   0.0000000000000000e+00	   1.6307181476310534e-01	   1.6307752630083500e-01	   2.0814041990954454e-01	   2.9672363767776216e-01	   4.7433745201273869e-01	   4.5631871477360858e-01	   3.0875924663614506e-02	   2.6883696715208762e-02	   1.7035805642301341e-01	   2.4565465648098656e-01	  -4.3868231354602973e-02	  -6.3848800229158509e-02	  -5.3826817746174024e-04	   1.3301502209350427e-01	  -5.5725674128578656e-03	   7.2254186857604055e-02	   6.1779976823810492e-02	   2.0298782524593592e-01	   1.8053229491184572e-01	   1.3915893959219730e-01	   1.2740239773670790e-03	   1.1586483205617662e-01	   1.8842071166994551e-01	   3.0696747749535325e-01	   5.2911386703881028e-02	   1.4533702700546616e-01	   2.1418273059332579e-01	   6.1834079382078154e-02	   2.5641747840590656e-01	   1.3722698342090150e-01	   3.1984864071529412e-01	   1.8558583609054974e-01	   1.1535275682112059e-01	   1.3094248147271645e-01	   2.4708302086694145e-01	   2.2250379983585078e-01	   1.4219290755044781e-01	   6.0430767520344666e-02	   1.3492279334868063e-01	   7.6521162944929652e-02	   1.3338513046971257e-01	   9.9160917563937953e-02	   2.2684542111005407e-01	   1.7351412558863666e-01	   2.5387984337594316e-01	   1.8017893801619866e-01	   1.0039676682898567e-01	   7.6664067629956437e-02	   1.9710963696516645e-01	   2.7650509162042286e-01	   3.0970181746465414e-01	   3.8858797425264152e-01	   4.0215334864724006e-02	   1.4978290628744284e-01	   1.6445811908006058e-01	   2.2287365058179415e-01	   3.5150658432593834e-01	   3.3524703353710644e-01	   4.0413911404082285e-02	   2.3421064661643498e-01	   1.9468589496264871e-01	   2.5830489603500595e-01	   1.0964811300437032e-01	   5.3249124558205269e-02	   1.9757010898921062e-01	   1.5589305413281357e-01	   2.6646026909609585e-02	   1.2245041476490062e-01	  -6.2526640954295984e-02	   1.9038473126569928e-02	  -1.5359713877679964e-02	  -7.3882084830308543e-03	   2.2622650225775140e-01	   2.3611516898039581e-01	   1.4299375478226659e-01	   2.0722215100990551e-01	   1.3233197309021122e-01	   2.0426713589648635e-01	   4.6900354984152948e-01	   4.2367362008441350e-01	   1.9943661249850350e-01	   2.2330858530562397e-01	   2.0157741081989100e-01	   1.6058020949525678e-01	   1.8860089176158168e-01	  -7.2679343464098378e-02	   1.3929417150806706e-01	   4.1838883522653345e-02	   1.2664919037275713e-01	   1.6441704106218824e-01	   2.5044515804111483e-01	   2.7480088482640636e-01	   8.4343246076163100e-02	  -1.3497457803921184e-03	   2.4041047438414842e-02	  -1.5914222977788875e-01	   1.3246263803453323e-01	   2.6248057979736672e-01	  -4.5929392397590418e-02	  -2.2814312533353170e-01	  -3.3932947279628034e-02	   4.8261297403792307e-02	   1.1981892285486256e-01	   1.6588807144408774e-01	   3.7045420390510453e-02	  -1.3187405935107083e-01	
   8.3774254543560855e-01	   3.6445047036546308e-01	   5.1252195711851956e-01	   5.4583972733130337e-01	   9.0514399321570682e-02	   2.7930729285854983e-01	   5.9039403064477747e-01	   5.0505951369532642e-01	   2.4532572440742914e-01	   1.6307181476310534e-01	   0.0000000000000000e+00	   7.9873299540164855e-01	   1.3054035530642056e+00	   8.2887230208490525e-01	   7.7664933583520068e-01	   7.2681544454927771e-01	   2.6697114397421640e-01	   2.2910016679971545e-01	   6.3520379315870856e-01	   6.2916461898062326e-01	  -9.0885813653626604e-03	   1.5912591482463507e-02	   1.5155073305830791e-01	   3.7202029828595473e-01	  -3.7992102020841456e-01	  -1.8465561312136375e-01	  -1.2703029777565050e-01	   5.0773927807498551e-02	   5.2600055065906171e-01	   5.4822383356402449e-01	   1.3581342541278468e-01	   1.3799196563360233e-01	   4.3193142275910884e-01	   5.3836556511941880e-01	   3.6367811588736657e-02	  -1.3266017778892158e-01	   2.4960051768317290e-01	   1.7715257769763965e-01	   3.1681044749094106e-01	   1.9440926295416233e-01	   3.7358626284056834e-01	   1.9148836608189232e-01	   2.2496151138546833e-01	   2.6661767451457868e-01	   3.1072217635598216e-02	   3.0847165571698695e-02	   3.2722448939256926e-01	   2.6245920937939449e-01	   4.8795978561764285e-02	   1.9042163334610723e-01	   2.8999622036387585e-01	   3.3899086957016628e-01	   4.0935099080791115e-01	   4.0049434127442385e-01	   4.9248972815407915e-01	   4.3314822415658460e-01	   1.1408546799950310e-01	   1.3997659359025350e-01	   3.3560928732650036e-01	   4.1901264648752479e-01	   7.3348631468504633e-01	   4.4546930737289636e-01	   3.7686209290365857e-01	   4.6072126614006681e-01	   3.1068715816596099e-01	   1.7396220843152960e-01	   1.9161191888972179e-01	   1.8444820763333969e-01	   2.5560007195641093e-01	   1.4993183961922629e-01	   3.5022835841053285e-01	   3.8027322908349648e-01	   5.4848205151531837e-01	   5.3142697928857530e-01	   6.0117406131720585e-01	   5.1230916798852122e-01	   2.3981906974058376e-01	   3.6482230612886646e-01	   1.3797760421568050e-01	   1.8200887201718982e-01	   1.7219186486194091e-01	   2.4060868629868692e-01	   5.5183926758557078e-01	   6.0151185677885433e-01	   3.0894751371752033e-01	   4.8903033072079605e-01	   2.9498998242470287e-01	   4.7032740677245793e-01	   5.6890084097824500e-01	   4.4881999238910220e-01	   8.5641251741722185e-02	   3.7782007380200294e-02	  -1.0217408337179455e-02	   2.0119381407181416e-01	   1.1461270897028060e-01	   1.4992671102295405e-01	   3.7364067743977930e-01	   3.0008629878610354e-01	   2.8645157242861924e-01	   2.4236397610799476e-01	   2.9305670191442296e-01	   2.9598271998098702e-01	   1.5909372601178023e-01	   2.2305819486599826e-01	   1.8821766766655523e-01	   7.8883752063916956e-02	   3.3684635945319946e-01	   2.8750252364178985e-01	  -1.2175298922015151e-01	   1.3527893640381778e-02	   2.5069173411311763e-01	   1.0496630296194424e-01	   9.9857509922740423e-02	   3.6549281647278764e-01	   4.1841188008595076e-01	  -2.4364857486439462e-01	
   6.9447991943717780e-01	   2.6866705022547760e-01	   4.1648145264871478e-01	   6.8559077291175063e-01	  -7.0330001330604436e-02	   4.1714356269122721e-01	   5.8234407153350598e-01	   8.7338171643335671e-01	   1.9762098510772835e-01	   1.6307752630083500e-01	   7.9873299540164855e-01	   0.0000000000000000e+00	   5.3436683305763188e-01	   9.5215113227384507e-01	   3.7402663140825126e-01	   7.3773440150208358e-01	   1.5932746950474927e-01	   9.7630845991006604e-02	   6.5054208255321910e-01	   6.7307627412924831e-01	  -6.9993872703776078e-02	   9.9816385812282180e-02	   1.8664849412292692e-01	   5.1975903181073946e-01	  -3.2957403434323640e-01	  -1.0209250334153400e-01	  -3.4904691102351815e-01	  -1.0142070989890323e-01	   5.9347080897008087e-01	   6.2754144789327293e-01	   2.5940446149533314e-01	   2.8362957876150241e-01	   2.2201316281516925e-01	   3.8609315369930219e-01	  -2.6075589870532934e-01	  -3.1476674172486291e-01	   1.7676127066227484e-01	   4.7442133128598248e-02	   1.0812388616524493e-01	   3.6773539463956478e-02	   2.6295561071421686e-01	   1.1322273026176158e-01	   2.0173153419180437e-01	   1.9742173291590040e-01	  -3.8160762599134070e-02	   1.7823467632215231e-02	   2.9966025303532484e-01	   2.2440501775496430e-01	   5.6294800261413570e-02	   2.4921789656367768e-01	   2.7011468422673601e-01	   3.6759012005290420e-01	   3.5278244655861368e-01	   2.8467149795816238e-01	   4.9923969920914296e-01	   4.9230395362363366e-01	  -6.4136146416727602e-02	  -7.8062783173812975e-02	   2.4284113267505009e-01	   4.2372906847268321e-01	   4.4933324207039710e-01	   5.9505722641226932e-01	   3.5099768983286234e-01	   5.7109290299777882e-01	   1.5182969471261626e-01	   1.9972155603051484e-01	   1.4697744413619027e-02	   8.4493285040724342e-02	  -5.2868203860276769e-02	  -1.4478693284677427e-01	   3.2176487125251529e-01	   4.2262673841413412e-01	   5.4759062052859775e-01	   4.9450281722778233e-01	   4.6473598267727334e-01	   4.8106312205382407e-01	   3.2748535163602333e-01	   4.3730871485181155e-01	   5.2095083017215070e-02	  -4.6244705241229797e-02	   1.0256588596475480e-01	   6.8574007136132015e-02	   4.2939931505357765e-01	   4.5833454322898787e-01	   1.0268836646402442e-01	   4.6771094060526647e-01	   1.3340190606262337e-01	   1.8845234284536291e-01	   2.1272457293831165e-01	   2.4744960517315390e-01	   2.9382246013404434e-01	   1.0877077132313352e-01	   1.1502101135893930e-01	   1.5071029095582764e-01	   2.4783826078834087e-01	   8.3425321077788772e-02	   3.3828998057063114e-01	   2.3802566128873692e-01	   5.7625700365668009e-01	   4.5314294351195339e-01	   5.2088677107097703e-01	   4.5225281013173751e-01	   2.9334498720654378e-01	   4.2325810532378105e-01	   2.9226067568282521e-01	   1.9660555137388613e-01	   5.5674694821005244e-01	   2.7596610238374025e-01	  -1.0260545944791893e-01	   1.0668182232646826e-01	   1.4416018276359660e-01	   1.8561525915995672e-01	   2.7959736379789435e-01	   2.6433384030081564e-01	   3.5954803045458983e-01	  -1.3650810447291806e-01	
   8.7086755597281429e-01	   5.3285800756118218e-01	   6.1785519292007940e-01	   5.0247402220464821e-01	   2.5417746886834552e-01	   3.0946823776164978e-01	   6.1792028330705429e-01	   4.6336293336080142e-01	   3.4736482473286834e-01	   2.0814041990954454e-01	   1.3054035530642056e+00	   5.3436683305763188e-01	   0.0000000000000000e+00	   7.0701129404683782e-01	   8.2476778256018635e-01	   7.3306481225786047e-01	   2.3669514545397763e-01	   2.4390835663542326e-01	   5.8922677473509522e-01	   5.9105835092648906e-01	   4.8230675418514897e-02	   6.4797901509719091e-02	   2.6891305446079761e-01	   3.9135186401053951e-01	  -9.6908421155468077e-02	   1.9876387376860778e-02	   1.4976920078291905e-01	   2.2304292529339736e-01	   4.1388195745010459e-01	   4.0499803937714607e-01	   1.5221694241150621e-01	   1.5747280000407121e-01	   5.2037112836994748e-01	   5.7566129561977131e-01	   1.9446769161483918e-01	   4.9415824797932870e-02	   2.9075558607576213e-01	   2.4521169779655100e-01	   3.9033248483175248e-01	   3.6355307572314915e-01	   3.8568449460195359e-01	   2.8442910070294392e-01	   3.8766390057511485e-01	   3.9587040915167310e-01	   2.4316798863909983e-01	   2.0238914431151694e-01	   4.5041852274874489e-01	   3.6945434842775526e-01	   2.4026414472098101e-01	   3.1489859373417228e-01	   5.5537869663248585e-01	   4.6889415115087463e-01	   5.9940297324701253e-01	   4.5566777460518132e-01	   6.8684236850660163e-01	   5.1546718948670955e-01	   2.1785695587638138e-01	   2.7738869299834656e-01	   5.9200547167267725e-01	   5.4280896175839133e-01	   7.6266545572225886e-01	   4.4311300463079506e-01	   2.8792018877317360e-01	   3.4905570818563764e-01	   3.0109115640385842e-01	   2.3572623715103597e-01	   4.1300311535242118e-01	   3.6703524685758854e-01	   3.7878514186663143e-01	   3.0328811665806665e-01	   2.4044647299876104e-01	   2.3758192215990748e-01	   4.2839888812805382e-01	   4.6576068491657291e-01	   4.3126837864051332e-01	   3.5450919620189780e-01	   1.9372507789250679e-01	   2.9981103339734899e-01	   1.0636585037915666e-01	   1.8300766915859940e-01	   2.0998648740449880e-01	   3.0437663805696302e-01	   4.8543801531224634e-01	   5.7532447233603978e-01	   4.0777287097111237e-01	   5.1548391500821511e-01	   3.2393247669536879e-01	   4.3518337823350689e-01	   7.2183520995206907e-01	   5.7680575805662904e-01	   2.1690226808607838e-01	   1.2652038091774492e-01	   1.1952489516500615e-01	   2.9851006746106068e-01	   2.1422220844755244e-01	   3.0076694674917714e-01	   5.5649077716456297e-01	   4.8743569824132971e-01	   4.3570010579059210e-01	   3.3941166650415694e-01	   3.7803332404758183e-01	   4.1278583072019204e-01	   3.7658295447084689e-01	   3.5996651570927912e-01	   3.3037654279774203e-01	   2.0863874118189632e-01	   3.7591664274497111e-01	   4.8842072690905014e-01	   7.5663061619003893e-02	   5.2469756517430501e-02	   3.9535425490275294e-01	   3.6541031289614262e-01	   2.1540278733665921e-01	   5.4792018459045289e-01	   6.1108436317240000e-01	  -1.1625774676060847e-01	
