   0.0000000000000000e+00	   8.6421259520494187e-01	   9.5142943134521873e-01	   8.1322412086473628e-01	   5.9389475804528080e-01	   7.3477093230846591e-01	   8.3507258496516901e-01	   6.7560904546361866e-01	   4.1919013318876580e-01	   5.3189479212686974e-01	   8.5630973378341912e-01	   1.0113764347074843e+00	   6.6929979349652280e-01	   9.1881993576373455e-01	   7.3042897151468222e-01	   1.1077612325577573e+00	   6.5389530486227743e-01	   5.8954995094099694e-01	   7.8072289225667690e-01	   6.8044840533121531e-01	   3.6389817018349746e-01	   6.5551082537390715e-01	   6.4726223331970267e-01	   7.4838871473936497e-01	   6.0796078150779187e-01	   6.0386027186299229e-01	   4.4977262653174643e-01	   4.7514045868391541e-01	   4.9109640453137682e-01	   6.1444623546394161e-01	   7.1325525812455082e-01	   6.7201774695091476e-01	   7.7067613194282603e-01	   7.0402954517251570e-01	   3.6054218984005776e-01	   2.6797947372099301e-01	   6.1587766447668313e-01	   7.0287364708309663e-01	   8.2052430100289997e-01	   8.3184480952506423e-01	   5.1967714779198904e-01	   7.9898585062079919e-01	   7.6732992789654109e-01	   7.0460278292023226e-01	   6.7481805161262998e-01	   5.9116564878856703e-01	   9.5017980030641236e-01	   9.3955404053941904e-01	   7.4387713507900177e-01	   7.6492556381564847e-01	   9.5873161247840355e-01	   1.0513950061062871e+00	   1.1143287532931976e+00	   8.6186143787531377e-01	   1.1378699624206630e+00	   1.3053500378200871e+00	   1.1892130367681610e+00	   9.0650282786061886e-01	   1.0656445115572990e+00	   1.0740925772413399e+00	   9.1778095244608260e-01	   6.3958588505002389e-01	   7.5110670885395570e-01	   6.2678958283212594e-01	   5.5907445772961761e-01	   5.3048957495803162e-01	   6.4422271428269251e-01	   5.3626989871685771e-01	   6.5376353369738760e-01	   4.8530782734874067e-01	   3.3926797427215621e-01	   4.0284599303738289e-01	   1.0266382934194320e+00	   1.0229354596543503e+00	   9.6522618770715440e-01	   9.3325377857177028e-01	   6.3308923497582670e-01	   6.5724204383613360e-01	   5.2030316143289590e-01	   2.2198521481553163e-01	   6.0995316977132852e-01	   8.7233915959523811e-01	   6.9216158633423741e-01	   4.9979193500134972e-01	   9.4281236619111164e-01	   8.8653476945991261e-01	   7.4494250836285314e-01	   5.8865994621549078e-01	   8.3209900822417626e-01	   9.6367411195851560e-01	   7.3792419579170387e-01	   6.2169485931020441e-01	   5.3322787131624449e-01	   4.4093303651866683e-01	   3.5939524291094538e-01	   1.7646404108980979e-01	   9.1384700509745453e-01	   6.9260064281071876e-01	   9.7574754763305938e-01	   1.2631110321628078e+00	   6.5727093580775875e-01	   6.6900543176081340e-01	   7.2342959099147908e-01	   9.1024878791990260e-01	   5.4357110691497212e-01	   2.0497821703416202e-01	   4.5579168260701286e-01	   4.1151441369200170e-01	  -2.2329807326388679e-01	   3.5372027701483832e-01	   8.4919767962753734e-01	   7.8433289602238887e-01	   7.8677516545857307e-01	   7.3113299655800656e-01	   5.2462090356591740e-01	  -2.1474802285114761e-01	
   8.6421259520494187e-01	   0.0000000000000000e+00	   7.2850424923661994e-01	   7.4507553727364373e-01	   4.4757003067742740e-01	   4.6557532472022040e-01	   6.9984539936016354e-01	   6.0786866596713329e-01	   2.6164084553100386e-01	   4.7574003325705361e-01	   4.5311962865153665e-01	   9.0294966974678992e-01	   3.4723013854464974e-01	   5.6644709855881537e-01	   5.0196744724347342e-01	   6.7092442899938476e-01	   7.6826672729949252e-01	   9.7832200898594601e-01	   7.9893861998261795e-01	   1.1738700202006558e+00	   1.9766287108976405e-01	   6.3392405177894395e-01	   3.8290573750916218e-01	   4.2979969106169691e-01	   3.6461616309757627e-01	   3.0347916460555313e-01	   3.1788668759367111e-01	   3.2403388988180487e-01	   4.6458080773834842e-01	   6.1542619917944497e-01	   4.3459225577875549e-01	   4.2326101086858375e-01	   7.2708226801237907e-01	   7.8239985403519885e-01	   1.7765667227255533e-01	   1.8243494477629035e-01	   5.2067444939498098e-01	   6.0644497798296937e-01	   5.6920541170214622e-01	   6.1860547601245375e-01	   4.6074573266450392e-01	   7.7454421004304130e-01	   6.0846394696480299e-01	   5.8948940988198417e-01	   5.0673378569924232e-01	   4.9321049966258224e-01	   6.1158240786010487e-01	   7.1624813552599309e-01	   6.2271819494096992e-01	   5.5417938030135794e-01	   5.3226249798487368e-01	   6.2100312630913834e-01	   6.1334651473658919e-01	   5.9803534444955986e-01	   6.9888684591393158e-01	   8.1692745935040278e-01	   1.0815452370667082e+00	   1.4079065407023608e+00	   7.3597063234126259e-01	   8.7948797203947704e-01	   5.0978008828445631e-01	   4.4583974376375518e-01	   7.8230414721217489e-01	   8.8051802257593226e-01	   3.8158220957754907e-01	   1.7891703718258992e-01	   6.2418495165509957e-01	   5.8903787198080615e-01	   8.3184606969236341e-01	   8.9453874650739951e-01	   3.7750375222458266e-01	   5.5761499726324026e-01	   8.4609660543402077e-01	   1.0497446745416827e+00	   6.9613957174823105e-01	   8.6348690986075760e-01	   6.0317914362692626e-01	   9.3445162831932760e-01	   4.4030133171214486e-01	   3.3149938256752914e-01	   6.7353927744410447e-01	   6.4082662107735566e-01	   6.3904631524181421e-01	   5.9261812788305068e-01	   7.7075128600739162e-01	   7.0607036661094480e-01	   6.3734261037753193e-01	   6.2726964897975879e-01	   7.2651694364317776e-01	   6.9861650193297664e-01	   7.4646119392986621e-01	   6.7361685432834206e-01	   4.5101832453419249e-01	   4.3105640160734637e-01	   3.5894351248202017e-01	   2.4731182857693046e-01	   5.1989704417207905e-01	   5.3079515211325823e-01	   9.3092882337445593e-01	   8.9820337768163649e-01	   6.9402179294358324e-01	   5.8953883657519957e-01	   7.5710315068399248e-01	   8.6993550077168080e-01	   4.0620919342748735e-01	   1.5598557737558710e-01	   4.4748677682759419e-01	   4.0495265648365186e-01	  -1.6454511183928708e-01	   2.3496532891441158e-01	   5.3786220218982062e-01	   7.8472314297092793e-01	   7.3655963340977038e-01	   6.4315578621903402e-01	   1.5164408423170933e-01	  -1.7925099191728761e-01	
   9.5142943134521873e-01	   7.2850424923661994e-01	   0.0000000000000000e+00	   1.2250248808570161e+00	   1.0050783157994607e+00	   8.7085688860914046e-01	   1.3203237154895247e+00	   8.5657802785771131e-01	   8.3911100803318595e-01	   6.8117898438440161e-01	   7.8774202315516184e-01	   7.8369277922655056e-01	   7.8420083227068915e-01	   7.3102170336174765e-01	   9.7092233434681874e-01	   1.1962280162177921e+00	   3.3645110927279054e-01	   4.3026405509719196e-01	   9.5632742996090936e-01	   6.2789159907011127e-01	   5.0001800719391343e-01	   7.2587665786962807e-01	   1.2356656982035461e+00	   1.0831192328313282e+00	   1.0539354410420112e+00	   9.0675454658850030e-01	   5.8451270391514865e-01	   6.2123362502554902e-01	   3.7314337442367140e-01	   3.9247340492387883e-01	   9.0358978995240313e-01	   7.9799292802104804e-01	   9.2973171586010317e-01	   7.9297890478714328e-01	   6.0986438526214437e-01	   3.8011994714526021e-01	   6.7171151793494888e-01	   7.3184148878210897e-01	   7.3716005142235186e-01	   6.3422674031054527e-01	   6.8719933398062671e-01	   6.9481264007409027e-01	   8.8467658754185585e-01	   6.5778081637618857e-01	   8.2610036799983422e-01	   5.8817022030896549e-01	   8.3531770666841076e-01	   8.9200343886443467e-01	   1.0797662143547035e+00	   8.4151703758074070e-01	   1.1836476761791148e+00	   8.9747124556328284e-01	   1.0886043473296891e+00	   9.4839715893060161e-01	   1.1356153967489950e+00	   1.0826447733041258e+00	   9.4411513382437473e-01	   9.2703165672721244e-01	   9.0952368944837880e-01	   8.3968513417232504e-01	   9.7811012536437847e-01	   6.2966901578598322e-01	   5.0510427365761346e-01	   4.8180501836934797e-01	   1.1536923428839758e+00	   6.8201781798403704e-01	   9.9229371295411262e-01	   7.0284798654483871e-01	   9.7635282738601259e-01	   8.0849288763924021e-01	   8.1435885926642793e-01	   7.4247711060178812e-01	   1.0048319748721342e+00	   8.9080710057204437e-01	   1.0981085743893870e+00	   8.5742764417422390e-01	   6.1599183302407745e-01	   6.8194509834250860e-01	   3.6938737262356064e-01	   2.5146279977164715e-01	   4.2732016710444859e-01	   9.1423226743092412e-01	   8.8597716115722769e-01	   6.7601694033793713e-01	   1.0989639372409219e+00	   1.1928563770607867e+00	   6.3064494084826794e-01	   6.8816397098156112e-01	   1.1414040386667021e+00	   1.1382551883786276e+00	   1.1976283209175327e+00	   1.2258516666358144e+00	   9.6207167822465522e-01	   1.0543706715498624e+00	   3.2815437267286179e-01	   1.9015083736485050e-01	   7.5400041266029116e-01	   6.4668359777280415e-01	   1.0614842849422734e+00	   1.2051186188811742e+00	   7.5090986796929837e-01	   9.5227056026309598e-01	   8.6184028120287559e-01	   9.8223363813636477e-01	   5.8915100589032132e-01	   1.9340371479730453e-01	   5.8490612476047799e-01	   5.5147500866332522e-01	  -2.7871868532531618e-01	   2.6683061127313362e-01	   6.8686785767163172e-01	   7.2964929060132788e-01	   7.2719878100660729e-01	   8.2083312480803072e-01	   6.2833238804700353e-01	  -1.2099405618527788e-01	
   8.1322412086473628e-01	   7.4507553727364373e-01	   1.2250248808570161e+00	   0.0000000000000000e+00	   9.6191173964569143e-01	   1.1901763007242545e+00	   1.0743346801893257e+00	   1.2704154505891958e+00	   7.0290848170067100e-01	   8.1151579020437259e-01	   5.9396780367373780e-01	   9.9676898992747653e-01	   5.9434596001622308e-01	   8.5627417053971056e-01	   6.7185064172445264e-01	   1.1976874013434200e+00	   2.9026911551469281e-01	   2.7335585724559452e-01	   7.6471977467448737e-01	   7.0388662716161410e-01	   4.5985095599012160e-01	   8.1546166754370297e-01	   8.7162112234292277e-01	   1.1957583970935879e+00	   9.5478147322234685e-01	   9.3523456498133739e-01	   5.6089961284534395e-01	   6.5945812364154166e-01	   2.3038806364341097e-01	   3.9275722165944710e-01	   7.1033591771018234e-01	   8.2005105604301054e-01	   8.0840604465531862e-01	   8.8248456721765001e-01	   6.5914456083991790e-01	   5.7219730046697170e-01	   5.0110275989752551e-01	   6.9844710653898878e-01	   6.3281494362284707e-01	   6.2927685717830806e-01	   6.4630333134211571e-01	   7.0681829427126597e-01	   8.7034273325588984e-01	   6.5413914766457015e-01	   8.4193337696802295e-01	   7.3930199875502989e-01	   7.6884608216369232e-01	   8.2018126466836261e-01	   9.7007497542895960e-01	   7.5806512072241583e-01	   1.1510295162663922e+00	   8.9047370646341606e-01	   1.1078243373149010e+00	   1.0315875482460268e+00	   1.0390764241342103e+00	   9.8311033157628358e-01	   7.1416845452667965e-01	   7.8418898171453466e-01	   9.0286812175171560e-01	   9.3424746131617553e-01	   8.1402419566258144e-01	   8.5524782640036645e-01	   3.9493495147919316e-01	   4.4457155304978357e-01	   1.0137409773167791e+00	   9.0167145303752694e-01	   1.2093886671980272e+00	   1.0993980784077604e+00	   1.0419957690966188e+00	   8.0921705603323346e-01	   5.3475122893724336e-01	   6.6532103559227573e-01	   7.9770448598495958e-01	   7.9115425081384971e-01	   8.0106644558850537e-01	   7.3541214775483699e-01	   4.7836333781937679e-01	   6.5959290613457333e-01	   2.7773844147649795e-01	   1.2453724358659801e-01	   3.7712904636589872e-01	   7.8683393756902520e-01	   7.5345588078151227e-01	   6.8495524632888438e-01	   9.9001833805425887e-01	   1.4444446800027200e+00	   5.1051916842179101e-01	   6.9307832120961144e-01	   9.9975952602838836e-01	   1.1867833056049382e+00	   1.3264324985795202e+00	   1.0321824287681252e+00	   1.3529195209126601e+00	   9.6017879778995918e-01	   2.6990094254851926e-01	   3.0707322550374949e-01	   6.2018852109600786e-01	   6.6930510026064005e-01	   1.0967739610792939e+00	   8.9945376399745258e-01	   9.2304897941776576e-01	   9.3555352619458354e-01	   8.9698064333906513e-01	   9.0189554297461627e-01	   7.9132057511339193e-01	   2.6461561159444985e-01	   7.1425371423399298e-01	   6.1476344963854823e-01	  -2.7239742887539264e-01	   2.5576795746237097e-01	   6.0640527235075303e-01	   7.0221753127052478e-01	   6.7153069468992754e-01	   8.8152810413211635e-01	   6.2281611392317249e-01	  -1.1179209612300538e-01	
   5.9389475804528080e-01	   4.4757003067742740e-01	   1.0050783157994607e+00	   9.6191173964569143e-01	   0.0000000000000000e+00	   8.6480578536499586e-01	   6.1618706891929731e-01	   6.1108289937376625e-01	   9.5330147909648544e-01	   3.4875353075851750e-01	   4.7740870200392505e-01	   4.3571822709491048e-01	   4.7324099438013384e-01	   5.1985731673911328e-01	   9.0874620927437033e-01	   7.5349560936744187e-01	   2.8372646949218396e-02	   1.0528767938941845e-01	   7.2919469829642558e-01	   4.1300191796409791e-01	   6.7482716275094712e-01	   7.1668750715363005e-01	   9.6055876412971108e-01	   8.9131681977679933e-01	   9.4315544947367014e-01	   7.5967540198940853e-01	   1.1503182826867500e+00	   1.1791086242939166e+00	  -3.5837438433302435e-02	   9.6884022159046387e-02	   3.8020058474898621e-01	   3.3703224781385205e-01	   4.7287606362051304e-01	   4.0906459979448545e-01	   7.3256991635344726e-01	   4.9650227671135494e-01	   5.8940642127902343e-01	   6.0557656030033180e-01	   5.4655483745340228e-01	   4.9220689642047005e-01	   6.4789706697743710e-01	   6.6384634393582276e-01	   6.2276865566718442e-01	   3.6268622526652733e-01	   6.7943896045823160e-01	   4.4227675930842564e-01	   4.4410814579441293e-01	   4.7071003340975914e-01	   8.7043444569965955e-01	   7.3365961327791529e-01	   9.6210036522982767e-01	   6.9587535428378622e-01	   7.5936114031241786e-01	   6.1153128461652817e-01	   8.4113932849305462e-01	   6.7574612710309778e-01	   5.7668746938351667e-01	   5.2219162234639815e-01	   8.1121940014020666e-01	   7.3432903911616865e-01	   6.5999506076730807e-01	   4.2783217585979583e-01	   1.1267253884360064e-01	   1.0760446667865317e-01	   9.1455393549814845e-01	   7.5856017247784857e-01	   9.1195033878132514e-01	   7.1195063720004770e-01	   1.1031346541313642e+00	   7.6764693800623507e-01	   6.6612005159076482e-01	   5.2085571143291443e-01	   6.2426956732493499e-01	   6.6368033800158777e-01	   7.2493544645207686e-01	   6.5347746239521098e-01	   2.4571882335093403e-01	   3.3455579893436543e-01	   8.9988488414669082e-02	  -2.7641978449861909e-02	   1.6097539133262148e-01	   4.6229219754527207e-01	   7.8851926243706194e-01	   4.9693412394992209e-01	   7.5736806798890055e-01	   8.2584000704189997e-01	   6.2471919464342407e-01	   7.7073701505964931e-01	   8.5293819642322843e-01	   9.4562927821558551e-01	   9.2510108570546967e-01	   9.0445823400686132e-01	   9.1978733338706209e-01	   1.0840390068771506e+00	   1.8119399853480733e-01	   1.6310145958449077e-01	   5.2983775938786881e-01	   4.3905600474075368e-01	   7.3332577637575302e-01	   6.7285021685532109e-01	   5.9321497067204532e-01	   8.8563348638407235e-01	   7.0046778080459948e-01	   7.6087652973428743e-01	   6.8275066791645656e-01	   2.8009130747168154e-01	   6.0323017674821600e-01	   7.1716568983925832e-01	  -2.2208907439402861e-01	   1.4045504894129945e-01	   4.3742799282291356e-01	   3.8761689967485596e-01	   4.9754354670099837e-01	   6.3293713679173547e-01	   5.7281423551524502e-01	   8.8653042871854992e-02	
   7.3477093230846591e-01	   4.6557532472022040e-01	   8.7085688860914046e-01	   1.1901763007242545e+00	   8.6480578536499586e-01	   0.0000000000000000e+00	   7.7563686455107128e-01	   9.1823747646663079e-01	   6.0450788189629134e-01	   9.2721235960921766e-01	   5.4933962204633313e-01	   7.1019767012420421e-01	   5.6748453521047137e-01	   7.3322201006491738e-01	   6.6227920296180487e-01	   1.0086127836072851e+00	   7.7323844222015437e-02	   1.3576175133131785e-01	   5.4628456272074755e-01	   3.8670257214111464e-01	   4.0954530252742233e-01	   5.8381941497645529e-01	   9.2388017839895675e-01	   1.2115262141994081e+00	   8.9761108371747955e-01	   8.6748433046842077e-01	   6.1700452361025382e-01	   6.5019218561502168e-01	   1.2305566426556834e-01	   2.4936112872436075e-01	   5.1134890666884980e-01	   5.8700900758965191e-01	   4.6678113189909431e-01	   5.0779737881656362e-01	   7.9176126094575272e-01	   5.9418091851018207e-01	   6.0803600875854746e-01	   7.5541092394364107e-01	   7.1421050649598850e-01	   7.0137479594097019e-01	   7.3247438497960660e-01	   7.7724426503229105e-01	   8.2380357728672160e-01	   5.6180448210021272e-01	   9.0716545848400187e-01	   6.5170666787334530e-01	   6.6372967477216105e-01	   6.3718070933840654e-01	   9.1143571117683164e-01	   7.1976326500132948e-01	   1.2567587050903384e+00	   9.3001283112437361e-01	   9.4979766383534192e-01	   7.6838919843122799e-01	   1.0060552338921140e+00	   7.8229859657431255e-01	   5.9234609871331501e-01	   5.6570370385751811e-01	   8.3219969425286044e-01	   7.6783846505013098e-01	   8.2959123019504921e-01	   7.6748571758063422e-01	   2.1681453412165930e-01	   2.1574999293199665e-01	   8.3235416459626577e-01	   1.1497581247947257e+00	   1.0610618708551594e+00	   9.3845673315070333e-01	   7.9219637050096658e-01	   5.9656767282418766e-01	   3.8175638010591517e-01	   4.5165125923471672e-01	   5.8788653814949798e-01	   6.6527864962286976e-01	   6.5319197757467196e-01	   6.4223248408300992e-01	   3.4106991074545823e-01	   4.3912108089017349e-01	   1.9363949487567547e-01	   5.7197223850605286e-02	   2.2995742284259046e-01	   5.4028467195738805e-01	   6.9344794662671083e-01	   4.2838071785629750e-01	   8.7275681598135235e-01	   1.0132712033877462e+00	   5.5447367708159134e-01	   6.9180646908818344e-01	   8.7967072903806542e-01	   1.0459442192674042e+00	   9.6978680455813604e-01	   8.4051423429961603e-01	   1.1486588409453327e+00	   9.4199475403891542e-01	   1.8512345825399323e-01	   2.5689122212967430e-01	   7.0974294111358716e-01	   5.8464916001756739e-01	   8.8268476095625592e-01	   7.6439732667845095e-01	   6.9316613660605719e-01	   8.9581874964357988e-01	   6.0565980299323030e-01	   7.2430840476475489e-01	   6.4354690112468149e-01	   3.2510559719968085e-01	   7.4606854491853347e-01	   6.3204860924739203e-01	  -2.0687496568750513e-01	   2.1279426702072399e-01	   6.1303240192635711e-01	   4.5871449482833332e-01	   5.1076248694115489e-01	   6.3761066876499684e-01	   7.4472014855446456e-01	   5.3257938153290517e-02	
   8.3507258496516901e-01	   6.9984539936016354e-01	   1.3203237154895247e+00	   1.0743346801893257e+00	   6.1618706891929731e-01	   7.7563686455107128e-01	   0.0000000000000000e+00	   1.2282151697072123e+00	   7.5701171907079390e-01	   8.9268366745735417e-01	   8.2516331362935447e-01	   1.0363185655234932e+00	   9.9153501367380636e-01	   9.3128798488981257e-01	   7.1690346846294728e-01	   1.0339526465075914e+00	   4.9449104133283284e-01	   4.8004916575844131e-01	   7.5265611468514615e-01	   7.4187480908479908e-01	   3.1248552334468638e-01	   5.4428049395635492e-01	   6.8118262553995290e-01	   7.0548632271479894e-01	   6.1470474254525043e-01	   6.3195847946457939e-01	   2.2221091622013217e-01	   3.4504039359932981e-01	   6.3567554444342811e-01	   6.5606716410691013e-01	   9.2745237087573096e-01	   9.5021271254286588e-01	   1.0563093433130337e+00	   9.8333464283288552e-01	   3.2053419652110771e-01	   2.5048720863732676e-01	   4.3924118301852055e-01	   5.4070443413854163e-01	   5.8223195961375362e-01	   5.7668765547160872e-01	   5.6257575081033839e-01	   5.5647175379961733e-01	   7.7490174229322095e-01	   7.0686086570886841e-01	   7.5257501441689834e-01	   5.9215582079316631e-01	   8.8816589429859205e-01	   8.8022910372863727e-01	   8.9496871893095120e-01	   6.2634802674957868e-01	   8.2830705060004961e-01	   7.6483579529509071e-01	   8.5769000065138412e-01	   8.1255292340964558e-01	   8.8035040487423943e-01	   1.0391015438947653e+00	   7.2247341389729758e-01	   8.0072993085963429e-01	   7.2739599914637854e-01	   6.9247677194504653e-01	   1.0064140653208069e+00	   8.6332658257872907e-01	   6.8739084260795813e-01	   7.3962834194929816e-01	   7.8235979413798373e-01	   5.5292530269426665e-01	   9.6569008782306387e-01	   7.2335912987339124e-01	   6.5551455027547112e-01	   6.0832429617557005e-01	   5.6309751699676913e-01	   6.9856060244542106e-01	   9.3976841467310224e-01	   7.9576377342915006e-01	   9.6305290069796901e-01	   8.7486688396487855e-01	   6.9638308298277607e-01	   7.6116375590193786e-01	   4.4661266711038905e-01	   2.6834753227455460e-01	   5.4696120481423371e-01	   8.5301254513253377e-01	   6.5089210024822419e-01	   5.2347483409614060e-01	   8.9562231694429317e-01	   1.0261523979976637e+00	   4.2037041482400950e-01	   4.0815980598846335e-01	   8.5211969725890224e-01	   8.9306817684206485e-01	   9.8289271664980193e-01	   9.2756935158697762e-01	   7.6140489134610945e-01	   7.5912446687624935e-01	   3.1398303813914707e-01	   2.3743203469262206e-01	   6.2066774695400895e-01	   7.3800646070491771e-01	   8.5926715176186519e-01	   9.6747681930293972e-01	   8.0408761386545768e-01	   8.8070795996107210e-01	   7.2347808948568815e-01	   7.4714888525908685e-01	   4.8403882212997962e-01	   4.4240493322288662e-03	   4.9870282528453919e-01	   4.0295991400882919e-01	  -1.7686671085156599e-01	   3.7897071751441769e-01	   6.3933393484004186e-01	   7.3355100791921302e-01	   7.3732939738615122e-01	   8.3177707132845391e-01	   4.1429178615055767e-01	  -2.1840450597508276e-01	
   6.7560904546361866e-01	   6.0786866596713329e-01	   8.5657802785771131e-01	   1.2704154505891958e+00	   6.1108289937376625e-01	   9.1823747646663079e-01	   1.2282151697072123e+00	   0.0000000000000000e+00	   6.4706201042842149e-01	   9.6771454981796234e-01	   6.1149004360887138e-01	   1.0481885691730823e+00	   6.7954724015730783e-01	   9.8998631672601378e-01	   4.4917298217035018e-01	   8.9102040537594529e-01	   3.7118204583918435e-01	   2.7786175842201777e-01	   6.2865196110997001e-01	   7.5148979574941610e-01	   1.9452512881779999e-01	   4.8057436280916810e-01	   4.9245410836370074e-01	   6.9457215857852661e-01	   5.4215860520065373e-01	   5.9451726215895673e-01	   1.9006295700429029e-01	   3.2322907263084966e-01	   3.7237497326918712e-01	   5.4493854099318673e-01	   6.4908074377122649e-01	   8.3767657114460881e-01	   8.0688484046121500e-01	   9.6744201522320150e-01	   3.6001861077741326e-01	   3.8834828585961612e-01	   2.8079428998928058e-01	   4.4366119979108337e-01	   4.2418979613775881e-01	   4.6089061025140443e-01	   5.2515172350016648e-01	   5.0923690655249199e-01	   6.4240342585523869e-01	   5.5149230221123924e-01	   6.1575792859999545e-01	   5.6293187660774624e-01	   6.4690397045713788e-01	   6.8587219959545231e-01	   6.9403974141695624e-01	   5.2748787458485047e-01	   7.1877175022494266e-01	   6.4259578162880171e-01	   7.6547760485712446e-01	   8.4524517086213713e-01	   6.8106283208121887e-01	   7.8096852303723174e-01	   4.8522172267115726e-01	   5.3534432790965669e-01	   6.4802055272676085e-01	   6.8130406864981297e-01	   7.8459506032064974e-01	   1.1015909094345946e+00	   4.4748793919775465e-01	   6.0719365658338098e-01	   6.0681404429911534e-01	   6.9244543154803850e-01	   8.5124773128853093e-01	   7.9711208127909028e-01	   6.5750018113362174e-01	   5.6636826122784989e-01	   4.6595903914289460e-01	   6.6093230344564979e-01	   7.7160480848100466e-01	   7.1470391614021977e-01	   7.7049031088783770e-01	   7.1093071584580247e-01	   5.7178883837272165e-01	   7.0434864815820464e-01	   2.6161323377942108e-01	   7.5840427249884115e-02	   4.1938724050868309e-01	   6.1795581956271706e-01	   5.8950226057558308e-01	   5.3679218216701474e-01	   6.7318930798359167e-01	   9.0685758981056941e-01	   2.4590534606966280e-01	   3.0114779573384254e-01	   6.2078996683575149e-01	   8.2406849628444023e-01	   9.9679748829134840e-01	   8.0437033987472684e-01	   9.7496708014724731e-01	   7.2430835284989348e-01	   2.0663033140553128e-01	   2.5724421518845253e-01	   3.9159983462654008e-01	   6.3060366530076484e-01	   8.0551231809081902e-01	   6.5243533159245970e-01	   7.9342490591300407e-01	   7.2962419307278370e-01	   5.8989155803205517e-01	   5.8054146677861529e-01	   5.2742938488545665e-01	   6.7438356843472214e-02	   5.4079232565829527e-01	   4.3822918303725411e-01	  -2.0950051592524943e-01	   2.9128452841818192e-01	   4.8846192521947063e-01	   6.5371754374834201e-01	   6.0540127233287533e-01	   8.0722679662728003e-01	   3.9053735811149859e-01	  -2.4186622274184860e-01	
   4.1919013318876580e-01	   2.6164084553100386e-01	   8.3911100803318595e-01	   7.0290848170067100e-01	   9.5330147909648544e-01	   6.0450788189629134e-01	   7.5701171907079390e-01	   6.4706201042842149e-01	   0.0000000000000000e+00	   5.6919201048103396e-01	   3.7239439977137362e-01	   4.0090945333780997e-01	   6.1169874634112242e-01	   4.5437552636288608e-01	   6.6589657263393554e-01	   5.1050721733578830e-01	   5.9272347685703934e-02	   6.7472411345222527e-02	   4.8833364767248189e-01	   3.0835105636324844e-01	   4.6571808222074385e-01	   4.1511667233165822e-01	   6.2552677550923208e-01	   5.4889669039197742e-01	   6.1458479978692682e-01	   5.3617489061815748e-01	   4.8265718384293432e-01	   6.2209610771868196e-01	   8.6545487267010002e-02	   1.7551634422257995e-01	   4.0484902757961233e-01	   4.1621791066132019e-01	   5.0420285829165823e-01	   4.1958916913717409e-01	   3.4656698933068142e-01	   1.7582404576212363e-01	   1.9963186113604114e-01	   2.6896745669812649e-01	   2.6514434981979257e-01	   1.7764693286279773e-01	   3.2305401070202777e-01	   4.4644434218071560e-01	   3.5239011450483004e-01	   2.5301348810484098e-01	   4.2911106918490183e-01	   2.5512738408239738e-01	   3.4116658995194882e-01	   3.2370179022051382e-01	   6.5151611317188884e-01	   6.1048595343066936e-01	   5.8690043785576751e-01	   5.1458171883174431e-01	   5.7241533933506272e-01	   5.9837160704809556e-01	   5.8531187498137049e-01	   5.8460347700061821e-01	   3.4648064394329287e-01	   3.8260860106182643e-01	   6.2723596826771100e-01	   5.3170171761597629e-01	   6.6555046174458843e-01	   5.2791551521863012e-01	   2.6301206992568704e-01	   2.8020496252557653e-01	   6.4483254335560214e-01	   5.0838086833183427e-01	   6.2782278129589109e-01	   4.4638263672685385e-01	   5.9161264162052529e-01	   5.2408880190554952e-01	   5.8064188506401859e-01	   4.9180375685624145e-01	   4.7632472915913016e-01	   4.3721568438979785e-01	   5.1270294839124586e-01	   4.5067383803643041e-01	   1.9503811118850589e-01	   2.2001217470756859e-01	   3.6522687071530752e-02	  -8.4303122885821535e-02	   1.3923536074229481e-01	   3.6992987451612608e-01	   3.0917962313245295e-01	   2.9384262528179605e-01	   4.1134674054504561e-01	   5.9558523472877323e-01	   2.2195940739468492e-01	   3.1091480371121516e-01	   6.6449309982282112e-01	   7.7619424054062447e-01	   7.8294925557632988e-01	   7.6195223420528502e-01	   7.0382257096476586e-01	   8.4534308247175294e-01	   1.4546297494657667e-01	   3.8120089543114302e-03	   3.2346329411170044e-01	   2.8198875405170487e-01	   4.8746611449050092e-01	   5.6464953645323179e-01	   6.3587296654702463e-01	   7.3155976482869245e-01	   6.1557420182518174e-01	   5.9765346806104280e-01	   4.6979437736594720e-01	   1.1791602514546634e-01	   4.4359346762011620e-01	   4.2410248846978971e-01	  -2.6170045838171907e-01	   3.6213310076161832e-02	   2.9748503598844767e-01	   2.6831574440050932e-01	   3.5532804518312905e-01	   4.4232268797791835e-01	   2.3130845205278136e-01	  -5.8258626093604736e-02	
   5.3189479212686974e-01	   4.7574003325705361e-01	   6.8117898438440161e-01	   8.1151579020437259e-01	   3.4875353075851750e-01	   9.2721235960921766e-01	   8.9268366745735417e-01	   9.6771454981796234e-01	   5.6919201048103396e-01	   0.0000000000000000e+00	   4.5192521781875600e-01	   7.8743919530730999e-01	   5.0513547696797190e-01	   5.9507019977589060e-01	   3.2684998285075895e-01	   6.4582855386138105e-01	   2.3998151538739110e-01	   3.0090172364164980e-01	   4.9218770446599647e-01	   5.1908977516064148e-01	   1.6316246498517295e-01	   3.2496184186801641e-01	   4.6973860286217400e-01	   6.0911657427131194e-01	   4.9205253206216637e-01	   5.4247583581398318e-01	   8.7150765702512623e-02	   1.2926573455562698e-01	   3.9314190358160034e-01	   5.0221549163304247e-01	   6.2421890499764765e-01	   7.1823143183921856e-01	   5.2269772028111783e-01	   5.8277990776720490e-01	   2.4571169964360745e-01	   2.0065991186672497e-01	   2.3537842265970080e-01	   4.0155305796925522e-01	   3.7165798819289581e-01	   3.7667965623345123e-01	   3.2659015729653240e-01	   5.2244513299762962e-01	   5.9499618617751104e-01	   5.3615438064374676e-01	   5.2993904008888204e-01	   4.1852376171961791e-01	   6.1478673508226644e-01	   5.5577139246377283e-01	   5.6764800167023910e-01	   4.3688680068195485e-01	   5.8000098317367421e-01	   5.3894694429887069e-01	   6.6008183140156806e-01	   6.9771373431007222e-01	   5.9163308199071740e-01	   6.1943187057875537e-01	   4.1716732838313880e-01	   5.5190651540671132e-01	   6.0476419881559307e-01	   6.0294279361810843e-01	   6.9614693743441047e-01	   8.3472557722341789e-01	   4.4607958689030425e-01	   5.5359582997913925e-01	   4.5995538172265110e-01	   5.5216992749482785e-01	   6.1751056414323324e-01	   5.4450887369258205e-01	   4.5650500055964149e-01	   4.5974184296897336e-01	   4.0715783159593694e-01	   6.2826360760945521e-01	   5.2606819862563037e-01	   5.6233055360035644e-01	   5.5888428181282213e-01	   5.0304866239670154e-01	   4.8110682499390267e-01	   5.2764796106594625e-01	   2.0540558990820409e-01	   8.3914456971134227e-02	   3.1930498216969105e-01	   4.1554974493573948e-01	   3.4719987660583734e-01	   2.9384569857764675e-01	   5.2485392742820425e-01	   5.9347549028659485e-01	   2.5157256801328343e-01	   3.4814058041162876e-01	   6.0356064748916949e-01	   7.9456553553637987e-01	   8.5624779954970132e-01	   7.4340951286250612e-01	   7.6330765144857970e-01	   6.8333773462867309e-01	   9.3817316857082944e-02	   9.8949289097923693e-02	   4.0960080044479025e-01	   3.9057540684343950e-01	   6.8741132748995060e-01	   5.9962875785445180e-01	   8.0989015757081761e-01	   7.5960214853609276e-01	   5.7943264007445072e-01	   5.6368754997051362e-01	   4.4758774709792903e-01	   1.2841817955702381e-01	   6.9079622725957013e-01	   3.5945679015642973e-01	  -2.7840840858591326e-01	   1.1856965360954147e-02	   3.5158115978272481e-01	   4.6812241201628235e-01	   3.1661347886127178e-01	   4.4727879143678639e-01	   2.4957794062791316e-01	  -2.7810795681507189e-01	
   8.5630973378341912e-01	   4.5311962865153665e-01	   7.8774202315516184e-01	   5.9396780367373780e-01	   4.7740870200392505e-01	   5.4933962204633313e-01	   8.2516331362935447e-01	   6.1149004360887138e-01	   3.7239439977137362e-01	   4.5192521781875600e-01	   0.0000000000000000e+00	   7.8148071502597993e-01	   1.1771214343128711e+00	   8.1306066930622101e-01	   8.0443792835383821e-01	   8.8802731435001214e-01	   3.8740854267961700e-01	   3.4762321024757331e-01	   8.9436490436224991e-01	   5.1285815060860662e-01	   2.8729457544101590e-02	   2.0406263935380156e-01	   7.0933307747890006e-01	   6.6007800255538662e-01	   3.1893919251457398e-01	   2.5727092312742761e-01	   2.1785129645132031e-01	   2.8265422458090439e-01	   4.1320335871113845e-01	   3.9978833206616560e-01	   4.7496006470915236e-01	   4.7708578473584701e-01	   4.8380420199432517e-01	   4.1895291842587540e-01	   2.0326348427086674e-01	  -7.0692049180951276e-03	   4.2194244610067472e-01	   4.8477220705855351e-01	   4.2937111782589993e-01	   5.2578215836162456e-01	   3.8946026314444898e-01	   3.8874533041731413e-01	   4.5574653700132595e-01	   3.7484573061401949e-01	   3.6394885509621694e-01	   2.9281752531303151e-01	   5.0792261753405721e-01	   5.4237195051002551e-01	   5.1291948075732707e-01	   5.1043801727009719e-01	   7.6331555369910775e-01	   7.0393584581991830e-01	   8.2426017337781055e-01	   6.3549458709506601e-01	   6.5150925993638176e-01	   6.9129304981115214e-01	   5.4619803674589940e-01	   4.2418076724756515e-01	   6.7908991678496300e-01	   6.3253488722297224e-01	   8.7093651016711560e-01	   5.0254448693883014e-01	   5.0682636949308024e-01	   3.5695580630080220e-01	   5.4824858371214336e-01	   4.5083826899321833e-01	   4.4382365809896607e-01	   2.8565439301957873e-01	   5.7475573734261431e-01	   4.7053595573671436e-01	   3.7278649698030875e-01	   3.1064576162133761e-01	   8.1742056263332930e-01	   6.3332355303963561e-01	   8.7109876522088991e-01	   6.6191286839782293e-01	   5.3001945546993667e-01	   4.2446461890764864e-01	   3.3392892040192651e-01	   1.5540417764502384e-01	   3.9826153322159974e-01	   6.3179487712716464e-01	   5.9700643973905065e-01	   3.2787297554900219e-01	   7.7213312412435053e-01	   7.0137639058478718e-01	   4.7612924334085854e-01	   4.0644933579082621e-01	   5.6508233771145233e-01	   6.7592274097319172e-01	   5.3175631781931321e-01	   5.7415779908742270e-01	   4.8789423578714719e-01	   4.9651184688971295e-01	   3.3876825376462466e-01	   5.6577313932771503e-02	   5.0672633560317926e-01	   5.3126064165441611e-01	   4.7751278466422742e-01	   7.4179731353267808e-01	   4.1284459379694738e-01	   6.0596423275993871e-01	   3.7964825314372125e-01	   5.7105032347921258e-01	   3.1811400911405224e-01	   6.2645553100927745e-02	   2.0866590376055472e-01	   3.7284617233445672e-01	  -8.2386284795204004e-02	   3.4172178713412088e-01	   5.1728619168546564e-01	   6.0282990189524299e-01	   7.2597244112385562e-01	   6.4961813548206404e-01	   4.7473820514117876e-01	  -1.4362627566449554e-01	
   1.0113764347074843e+00	   9.0294966974678992e-01	   7.8369277922655056e-01	   9.9676898992747653e-01	   4.3571822709491048e-01	   7.1019767012420421e-01	   1.0363185655234932e+00	   1.0481885691730823e+00	   4.0090945333780997e-01	   7.8743919530730999e-01	   7.8148071502597993e-01	   0.0000000000000000e+00	   6.5564232686399837e-01	   1.3412058515934226e+00	   5.6079286883664514e-01	   1.0731506605103878e+00	   8.0483697078108452e-01	   7.0680083224223944e-01	   5.9148288154587625e-01	   8.2324496909213074e-01	   2.4791425761638047e-01	   6.0602200599329026e-01	   4.4175891785926191e-01	   6.8230705700840633e-01	   3.8481876985530072e-01	   4.7638450321059428e-01	   1.9842123678726420e-01	   3.0010905380719805e-01	   6.5446217709356758e-01	   8.7633875514483983e-01	   6.6562256920253438e-01	   7.4826132213569962e-01	   7.6182876955310952e-01	   8.3014656659665842e-01	   1.0788538828929152e-01	   1.2153962956114088e-01	   3.8130997522344789e-01	   5.6710356810707152e-01	   5.7627883703182292e-01	   6.6421659629566099e-01	   4.7943319700579823e-01	   6.2154728843835760e-01	   5.8574233661768915e-01	   5.9993783610491491e-01	   4.8622677396044844e-01	   4.2456294530351607e-01	   8.1237121581255445e-01	   8.3358950669260223e-01	   5.9757909195651948e-01	   4.4062304808863595e-01	   6.7542211120427542e-01	   7.5945349840295462e-01	   9.1759400260307289e-01	   8.0014560371595722e-01	   8.5726569607949465e-01	   1.0303696813439807e+00	   7.3054344857485276e-01	   7.8759383547979767e-01	   8.5471014884851004e-01	   9.0391896193871224e-01	   9.3996363577148023e-01	   9.4587664852448650e-01	   9.6788291684222338e-01	   9.9248938384579710e-01	   4.6112552385901928e-01	   4.5370871072614316e-01	   7.0137061548886659e-01	   6.3174966812535105e-01	   6.4447944712406080e-01	   5.8440037767927067e-01	   3.1520532260577516e-01	   4.7658939949674317e-01	   9.2908488291435765e-01	   8.3194617930038139e-01	   7.4508464927972762e-01	   7.3333964704347321e-01	   6.3216271987286732e-01	   8.0473025007599008e-01	   6.5220069918363377e-01	   4.1868207867393398e-01	   7.7947092987184174e-01	   9.2943232799775166e-01	   4.8835044392160831e-01	   4.1665503367648243e-01	   9.1179247103493821e-01	   9.4826853638331887e-01	   5.2457541922968343e-01	   5.2275413798351644e-01	   7.6606097634486736e-01	   8.3734627134778117e-01	   8.0939867253728026e-01	   5.9679027449737476e-01	   6.5979699389063695e-01	   4.3844262556653518e-01	   3.0591332465687343e-01	   3.1484138832128056e-01	   6.4542713183402445e-01	   8.1830809768147428e-01	   8.2955239496627997e-01	   8.5507253866694888e-01	   8.6821414445696143e-01	   7.3465134876354188e-01	   6.3705854882942381e-01	   7.0760319041036690e-01	   4.9684271255263074e-01	   4.0145962788111764e-02	   3.6480061772247696e-01	   4.1802426582663821e-01	  -1.0943627330365564e-01	   3.4130586577754712e-01	   6.5271573081880374e-01	   7.1327169752595765e-01	   6.7112311414124237e-01	   6.4486478861271401e-01	   2.7219231163289814e-01	  -3.1739386076128145e-01	
   6.6929979349652280e-01	   3.4723013854464974e-01	   7.8420083227068915e-01	   5.9434596001622308e-01	   4.7324099438013384e-01	   5.6748453521047137e-01	   9.9153501367380636e-01	   6.7954724015730783e-01	   6.1169874634112242e-01	   5.0513547696797190e-01	   1.1771214343128711e+00	   6.5564232686399837e-01	   0.0000000000000000e+00	   8.1207728882771057e-01	   9.5179602954164211e-01	   9.1078474720372493e-01	   2.5540342453125570e-01	   2.5575894003811545e-01	   5.7823766016313760e-01	   3.8512414294061248e-01	   8.3277638195150910e-02	   1.9275958004717145e-01	   6.6107383954085219e-01	   5.7792970059800597e-01	   3.5670657043672349e-01	   2.9248697087248215e-01	   1.6190383478323292e-01	   2.8196737787476739e-01	   4.0430668187515717e-01	   3.9046808946241091e-01	   4.9958041846921619e-01	   5.5435212688264079e-01	   5.6310056279223419e-01	   4.8065829031568935e-01	   2.7704282909528483e-01	   9.7558887423012941e-02	   4.3168217150369315e-01	   4.3657816682728695e-01	   4.8229161532193099e-01	   4.6586610146249674e-01	   4.3475601511266226e-01	   4.6234046576140697e-01	   3.9154562512384505e-01	   3.3079612690628202e-01	   4.7118559371456942e-01	   3.5016998386992337e-01	   4.6496162272175284e-01	   4.7311565700175456e-01	   5.7459750463193637e-01	   5.0813064507797645e-01	   6.7773066702589968e-01	   6.6754580006441977e-01	   6.4737874141475094e-01	   5.1969874589833176e-01	   7.0232031126085503e-01	   6.5241487107763718e-01	   5.2275518300321644e-01	   4.0358715484835039e-01	   5.5693210882900834e-01	   4.8076215453027182e-01	   9.9976608593240557e-01	   6.9484964834559004e-01	   5.5984463195227629e-01	   3.8411506872494555e-01	   5.9432339771904519e-01	   5.4969935089294608e-01	   5.8051550309063038e-01	   3.7735941739671686e-01	   4.6412118150215126e-01	   3.7850206358996630e-01	   3.7384774755264322e-01	   3.4791431735384465e-01	   6.8309113305789537e-01	   5.1013725202617310e-01	   7.5205770090844637e-01	   6.3919418553621454e-01	   4.6533576340044897e-01	   3.7876690159953380e-01	   3.0221750884080956e-01	   2.0091026593130987e-01	   4.0497921106509305e-01	   7.0486072420779267e-01	   4.7409273191157975e-01	   3.4714837688791572e-01	   7.1553957341933505e-01	   7.8989237350737573e-01	   3.4105481407445637e-01	   2.9908787334828629e-01	   6.9295920237761166e-01	   6.1575077506348186e-01	   5.3839746542905831e-01	   5.7125234093413724e-01	   5.0136558657875019e-01	   5.3585005560931165e-01	   3.3950268514365906e-01	   1.4973566563880209e-02	   4.7804401486230153e-01	   6.0839417232819781e-01	   4.2003736103835837e-01	   7.0925471956630315e-01	   3.6700256072263232e-01	   5.5727042744821631e-01	   3.3157139351789267e-01	   5.3303471279253412e-01	   1.9402878052204825e-01	  -4.8933768864048023e-02	   2.0250631105144026e-01	   2.8760494325908148e-01	  -1.5991452986962712e-01	   3.6366842400107946e-01	   5.5257455856246906e-01	   5.5838055055703884e-01	   7.7470196519723211e-01	   7.1184911757869629e-01	   4.6511984431451636e-01	  -1.1431287773879707e-01	
