   0.0000000000000000e+00	   1.3716973383924465e+00	   1.1780942454347763e+00	   1.0949917658622259e+00	   4.9142680900407015e-01	   8.0161735767288789e-01	   1.1422066486729694e+00	   1.1210784114872863e+00	   3.9684221238035700e-01	   5.9305775430590812e-01	   1.2781589937651852e+00	   1.1431649839128011e+00	   1.2546290541314373e+00	   9.4234343590641523e-01	   1.2354364523056267e+00	   9.7959303809290110e-01	   1.1205126142061259e+00	   1.0313975037460055e+00	   1.1773171556195416e+00	   1.0301201502966750e+00	   6.8308233020233922e-01	   6.7146000682050277e-01	   1.0382429200833778e+00	   9.8029434239388491e-01	   8.4579840591538091e-01	   8.0026004107915716e-01	   3.6245572163023493e-01	   4.5374486205124492e-01	   9.6617716713512214e-01	   9.9745253980238513e-01	   1.0980434039798110e+00	   9.8809644363700511e-01	   1.0969138764058166e+00	   1.0259256977563012e+00	   6.8780297917635813e-01	   6.5709746981960648e-01	   3.6753322573469860e-01	   7.4767495220140390e-01	   9.0144634427003878e-01	   7.7422313662926345e-01	   8.4976178173007755e-01	   8.5368055430928658e-01	   6.8560668216843068e-01	   6.7798813026306814e-01	   6.0884620233774911e-01	   7.0387216944618336e-01	   8.0411996290542964e-01	   7.1155370864489753e-01	   9.0079567117931669e-01	   7.7175725189201150e-01	   8.3490638107560855e-01	   7.9503737398424446e-01	   8.3654024561227858e-01	   6.9606630117691748e-01	   1.0328739649199883e+00	   8.9961950793329493e-01	   1.2540108777875263e+00	   1.0550994711469612e+00	   1.1976496960669791e+00	   1.0499939669670497e+00	   1.1582385469021934e+00	   9.4140245539999978e-01	   1.1504391209689782e+00	   9.2532803107105521e-01	   6.8635669372711294e-01	   7.4606677735370885e-01	   1.1317361686784955e+00	   9.2519610646770500e-01	   6.8707972169963427e-01	   6.0811544417549757e-01	   5.6249787916852745e-01	   6.1993810189486798e-01	   1.2255629174418368e+00	   1.1236858927872340e+00	   1.2484898301994691e+00	   1.2077306516042086e+00	   1.0509957807661019e+00	   9.5905978974921502e-01	   8.9780866055756314e-01	   7.7821459932232029e-01	   1.0111578620591097e+00	   1.2603177670540435e+00	   1.1881573558286633e+00	   9.8162418623627457e-01	   1.2996551433606767e+00	   1.5090475058114849e+00	   2.6947280677779489e-01	   1.0665640470682847e+00	   1.2338741187487920e+00	   1.3171508391846189e+00	   6.2381735586094400e-01	   6.3229478571470343e-01	   6.1331063566003174e-01	   3.8082379176984194e-01	   4.3563872629416817e-01	   1.1565838848825614e-01	   8.2194623539131939e-01	   1.0037953565568400e+00	   1.0567774223467066e+00	   1.0900522326166655e+00	   4.1271712033663588e-01	   2.9868491447502571e-01	   4.1793317218330583e-01	   5.0585400225873123e-01	  -3.8008932017481439e-01	  -2.9591595956426064e-01	  -8.9467663808252565e-02	   5.4353933663365617e-01	  -2.8487669241198214e-02	   2.5217664787799299e-01	   7.4797147343838899e-01	   8.2345127801068796e-01	   6.7322783683925791e-01	   5.1736224217577464e-01	  -5.2162956464520516e-02	  -9.7301336031128582e-01	
   1.3716973383924465e+00	   0.0000000000000000e+00	   9.7929232484650786e-01	   1.1141530631260315e+00	   3.5038785875378076e-01	   6.2220597438526670e-01	   7.8791513625846310e-01	   8.4579193697420696e-01	   2.4065359640311237e-01	   5.0970638137181656e-01	   1.0162388831787839e+00	   9.6294049683753768e-01	   8.7848017525755018e-01	   8.1218249949790655e-01	   9.0423023647613499e-01	   7.6332452156504560e-01	   1.2814383528622466e+00	   1.4475464615064799e+00	   1.1420819047378012e+00	   1.2877755640600117e+00	   6.0279073217237511e-01	   6.1788594458648260e-01	   8.0291689039607184e-01	   7.1634172953444863e-01	   6.7302268914374241e-01	   6.3212719168950471e-01	   2.4260659005677349e-01	   3.6461751696963512e-01	   1.0039522629540092e+00	   1.0955179898361733e+00	   9.8366111393108058e-01	   9.2750614874510218e-01	   1.0740919874412662e+00	   1.0863687700580364e+00	   6.2453111103704018e-01	   5.7515792138783739e-01	   4.1609267376157755e-01	   7.8073149981986834e-01	   9.9135739115598032e-01	   7.3123312504870708e-01	   7.6440546198528780e-01	   7.6019835339616393e-01	   6.8953513101523800e-01	   7.0282582641200586e-01	   5.6535595803786165e-01	   6.7393286721161783e-01	   8.3261496506905996e-01	   7.2056717965521433e-01	   7.4947685485604909e-01	   6.2446303296577621e-01	   7.1881462136517371e-01	   6.6215497723320937e-01	   7.1390173664026924e-01	   6.2666053205616112e-01	   9.7567953807176666e-01	   8.0225848256480736e-01	   1.2978822498517939e+00	   1.6140440718498843e+00	   8.5928122554363395e-01	   8.1179411026884285e-01	   9.1541924954925324e-01	   8.2020849093434567e-01	   1.2251168943407345e+00	   1.0728758731767412e+00	   6.0198073997804924e-01	   6.5147796833901839e-01	   8.5098018932288511e-01	   7.1298073077259161e-01	   6.9949722689301563e-01	   5.8248669384497154e-01	   5.6865162688192650e-01	   6.1796808419166871e-01	   1.1263686127299124e+00	   1.1888695265778126e+00	   1.0373642355257426e+00	   1.2733826511782760e+00	   9.8694146550427020e-01	   9.8103386819955118e-01	   1.1107202478618496e+00	   1.0276020285529466e+00	   1.0829507387671606e+00	   1.2772191731021627e+00	   1.0323241579649667e+00	   7.9251144000127094e-01	   1.0673694276509145e+00	   1.1445577101426945e+00	   4.3495546453984074e-01	   7.9826493780808339e-01	   1.0828084842956978e+00	   1.0107978296017261e+00	   4.8356816319936036e-01	   4.7717078889160613e-01	   4.6078256244058458e-01	   3.1730217635534802e-01	   5.2162990935666897e-01	   1.7207426293038644e-01	   1.0325423222507424e+00	   9.6197040017567970e-01	   1.0548732389232574e+00	   9.6088671728324759e-01	   4.8294376846958109e-01	   2.7003601635998620e-01	   4.6485502425503533e-01	   4.8546646223613577e-01	  -2.8809883132232372e-01	  -2.0879727349848881e-01	  -1.3155384358931910e-01	   4.5366974871766386e-01	  -3.8961465409661188e-02	   3.1360867167851858e-01	   7.3353317207334356e-01	   7.9575540362998809e-01	   6.1099419494011875e-01	   5.3045693204282274e-01	  -1.6480604399575428e-02	  -7.7246198370496666e-01	
   1.1780942454347763e+00	   9.7929232484650786e-01	   0.0000000000000000e+00	   1.1700857318639846e+00	   6.5056420810753179e-01	   5.7084146199572561e-01	   1.3718133963245638e+00	   9.8014985794127008e-01	   4.5604852781046096e-01	   4.9913868722977017e-01	   9.9121771824000493e-01	   8.1955616522557961e-01	   9.7412188698150859e-01	   7.6153601287107553e-01	   1.0114338443863549e+00	   8.2463631345060451e-01	   7.9219616828565609e-01	   7.2803283980869116e-01	   1.0474663805040141e+00	   9.4734903435908469e-01	   6.8831725386565190e-01	   6.8674065013169128e-01	   1.1492546065113003e+00	   9.8751566716518324e-01	   1.2368954632720690e+00	   9.3423146078851127e-01	   5.4475775335811250e-01	   4.4870116030168894e-01	   6.3520709734066383e-01	   7.2264029609492175e-01	   1.0653118775920394e+00	   9.1780948778703775e-01	   1.0080516474660866e+00	   1.0526934999921838e+00	   9.5177367342719565e-01	   8.2216329262531840e-01	   4.3349090048041083e-01	   6.7284938451389376e-01	   9.4655047209346455e-01	   5.9310189354060772e-01	   7.4832703223714947e-01	   6.8469054087184533e-01	   6.6179740514721608e-01	   6.7182685011559506e-01	   5.1066941629253959e-01	   6.1158392244124049e-01	   7.7990035452678863e-01	   6.7214881341187904e-01	   6.3175905577191371e-01	   6.2569913978679736e-01	   6.7885463786778566e-01	   6.6632136788364860e-01	   7.5491817587661059e-01	   7.0471018012517550e-01	   7.5626935232056813e-01	   7.5240398869867198e-01	   8.4512038266646206e-01	   7.7844575454300480e-01	   9.6342806086367205e-01	   8.1727120650826601e-01	   8.5596949677387801e-01	   8.1417729516158277e-01	   7.9678678931854174e-01	   6.7729172558435269e-01	   1.0082141127046091e+00	   9.6945248013106755e-01	   1.1083948045917897e+00	   8.5262894372135545e-01	   6.5133465698572257e-01	   5.8961012934094459e-01	   6.1381361224283426e-01	   6.9816263263616285e-01	   1.0085626566017178e+00	   8.7458686671315600e-01	   1.0374149102481287e+00	   9.0141440990448585e-01	   9.6078058456073467e-01	   8.9039681958895467e-01	   7.2284602987217839e-01	   6.7691068860839620e-01	   7.2937410935562652e-01	   9.3229457782695047e-01	   9.0273871678494444e-01	   7.5248876566343181e-01	   1.0846349893440614e+00	   1.2096066010766866e+00	   2.2050800484188521e-01	   8.7382927533922905e-01	   9.6665284970832721e-01	   1.0465498614450290e+00	   6.5962449636060572e-01	   7.7998479405107879e-01	   6.7493269633857411e-01	   5.6853977053994365e-01	   2.4569080472936616e-01	   8.2427632734329209e-02	   6.1128699083418858e-01	   7.0272070787314089e-01	   8.2016508141695044e-01	   9.7219874920171068e-01	   3.2550926502404898e-01	   2.7521180558809633e-01	   3.9156207813802058e-01	   5.0921765056013901e-01	  -2.4172032751597181e-01	  -1.6934891964426085e-01	  -1.6583846401872246e-01	   4.9861366606635410e-01	  -7.8212107780917875e-02	   2.4137214124802953e-01	   7.5224183856014160e-01	   8.4015021825832481e-01	   7.0318791271801440e-01	   5.6148458123779377e-01	   6.8385940727041031e-02	  -7.2162289707269256e-01	
   1.0949917658622259e+00	   1.1141530631260315e+00	   1.1700857318639846e+00	   0.0000000000000000e+00	   4.0534216589402228e-01	   8.8441622546651988e-01	   9.3110944606132950e-01	   1.1891012324920998e+00	   2.3763784753710021e-01	   7.5196550981255283e-01	   9.4119346741028320e-01	   1.0416747300199629e+00	   7.8253307795640037e-01	   1.0240185622638234e+00	   1.0054596133322748e+00	   1.1899794868185452e+00	   8.8297691716432913e-01	   8.8677602884529505e-01	   8.8973349917419120e-01	   8.6065546219756595e-01	   6.5033964727030724e-01	   6.7262262559681263e-01	   1.2319861442288400e+00	   1.2514467203800970e+00	   1.0819468245217025e+00	   1.0529152070645338e+00	   4.3301884411293767e-01	   4.1537103842609835e-01	   7.7964871891359866e-01	   8.4604222995124645e-01	   1.1492914576879862e+00	   1.1711712316992167e+00	   9.9206370667144106e-01	   1.1329727014259090e+00	   1.1185222624455100e+00	   1.0089175414739189e+00	   6.8533507410021066e-01	   9.9030692947038101e-01	   1.1753699481448827e+00	   8.8589007545855780e-01	   9.8183030339595656e-01	   7.4855733842006722e-01	   6.7999018725893123e-01	   7.5098959316923908e-01	   5.1236335071409822e-01	   7.3890793182500303e-01	   8.5558789640934618e-01	   8.2405373199623333e-01	   7.3550267813386061e-01	   9.3040988639647548e-01	   8.6789503865503503e-01	   9.7091974361468858e-01	   9.8180164915085344e-01	   9.1500842948607730e-01	   1.1468375027347861e+00	   1.0761545639906198e+00	   1.0514265020651898e+00	   1.0488211382956603e+00	   8.2936565537121687e-01	   9.6851669952790809e-01	   6.7196670852929574e-01	   8.9679357637961998e-01	   8.6547245478353241e-01	   6.4626268501035655e-01	   9.3678733703571804e-01	   1.2670197994280537e+00	   1.0350197145930018e+00	   9.8240546519543126e-01	   5.0153156956628242e-01	   4.8934608198974355e-01	   5.1344210810751612e-01	   5.4080843918073973e-01	   9.1377977539779187e-01	   9.8416138415283827e-01	   9.6791406411891578e-01	   1.0728603690658618e+00	   9.3095576714821893e-01	   8.9827135778058764e-01	   9.1478068595034545e-01	   8.5057265856044795e-01	   9.9137174568481523e-01	   1.1672318039705394e+00	   1.1456645233226936e+00	   8.4584240521499998e-01	   1.3737438703827152e+00	   1.5599798424152369e+00	   5.1243506563595165e-01	   1.1771822358315469e+00	   1.0632963826651276e+00	   1.2066295625713335e+00	   5.9532568790491303e-01	   7.0921936858236079e-01	   7.4325620498423217e-01	   5.3774866347573569e-01	   4.0043082704029659e-01	   1.5247492803443088e-01	   8.5618811388884897e-01	   8.5657821175238447e-01	   8.7842816132998180e-01	   1.0771769267088982e+00	   4.3966583896079481e-01	   2.4936338566109695e-01	   4.8523666021657785e-01	   5.3628977655630705e-01	  -1.2201128888438800e-01	  -7.5581395563520129e-02	  -1.1863094215914893e-02	   2.8915524389468578e-01	  -1.2531619289201357e-01	   1.7482469839902320e-01	   7.3983024176178225e-01	   7.9315936640698914e-01	   7.0443397386266726e-01	   7.7763003749095938e-01	   1.9192311783527236e-01	  -6.9712477149472651e-01	
   4.9142680900407015e-01	   3.5038785875378076e-01	   6.5056420810753179e-01	   4.0534216589402228e-01	   0.0000000000000000e+00	   2.3095832452694492e-01	   7.5599198809012069e-01	   6.0862562513428597e-01	   1.7002436819848874e+00	  -1.9826833908340988e-01	   5.3338847688998559e-01	   5.9803771446125387e-01	   7.0767015558414792e-01	   5.6431030503833823e-01	   4.7118016621545389e-01	   1.7830694178723813e-01	   2.1785397533899978e-01	   3.7894000172859960e-01	   3.6955380356237844e-01	   3.7460940966352413e-01	   6.2952088063082545e-01	   4.8098210253946816e-01	   3.8049449112614098e-01	   3.7032794298554084e-01	   7.1716691028095980e-01	   7.7449736009476855e-01	   8.6027441534823135e-01	   8.6897093588645025e-01	   2.8916198742526966e-01	   3.6370843770687783e-01	   3.9652826198140506e-01	   4.1027982978548994e-01	   3.0027061081746398e-01	   3.4182216753428180e-01	   1.9764278487273920e-01	   1.5927812941203248e-01	   1.0224475846498095e-01	   1.8589048414814918e-01	   4.0714682576532646e-01	   1.6808961383636950e-01	   3.3349140346975270e-01	   1.9590975156384560e-01	   4.3864195682384610e-01	   4.2785198261429780e-01	   4.0108998069197616e-01	   3.9140079477234324e-01	   4.1071178233667527e-01	   3.4199208445318496e-01	   4.3534457677040389e-01	   4.2930127320811401e-01	   3.0465775736151757e-01	   3.4969628685060294e-01	   3.5095845947549908e-01	   2.9207893182647987e-01	   3.0658556639181000e-01	   2.9342125178385292e-01	   2.8476414093167995e-01	   2.9643532033250458e-01	   6.6374259407534553e-01	   7.4383353318461276e-01	   5.9672620466362991e-01	   6.5841299348406868e-01	   2.9041771303270514e-01	   5.2563863800583532e-01	   2.8475054680111700e-01	   4.2252838547625970e-01	   4.5903850426374371e-01	   4.1662457905228684e-01	   1.8316520111523335e-01	   2.6698023479021349e-01	   4.7877787084128520e-01	   4.7108586126554752e-01	   4.0717460400342309e-01	   3.4419295592540317e-01	   3.6027898874454944e-01	   2.8491084041344927e-01	   2.0089450966481037e-01	   2.7769594021940303e-01	   2.3826549975541789e-01	   1.7780242540588048e-01	   2.9317766461835482e-01	   3.9160168633262610e-01	   2.5934773688019713e-01	   3.6014762225779018e-01	   3.5522519532426361e-01	   4.3153226760298713e-01	  -1.3042221368659404e-01	   3.6081611082183052e-01	   4.5323053469462882e-01	   3.6544617921311723e-01	   2.9536232975323184e-01	   2.2052077739683729e-01	   2.7484837331946976e-01	   5.9049250929058182e-02	   7.4794506746812650e-02	   2.8301021939091869e-01	   2.3666332867333423e-01	   1.9781101895749389e-01	   3.4708322934021585e-01	   3.1883774259173109e-01	   4.2019065481068968e-01	   2.6993885994224254e-01	   2.0993293536020777e-01	   3.0632936516070414e-01	  -2.9241067799038239e-01	  -2.4959762989027018e-01	  -1.0099071555960148e-01	   2.0655129941831848e-01	  -1.5725820232752423e-02	   1.6127930412079952e-01	   2.3120338456615014e-01	   3.6813984898966212e-01	   4.6918980222346407e-01	   2.3026588634510811e-01	  -1.1628087481115665e-02	  -3.3520216576933803e-01	
   8.0161735767288789e-01	   6.2220597438526670e-01	   5.7084146199572561e-01	   8.8441622546651988e-01	   2.3095832452694492e-01	   0.0000000000000000e+00	   5.3204647986523879e-01	   8.0370021167609229e-01	   1.0269170252987397e-01	   8.5676146361399153e-01	   6.5835550548020949e-01	   7.5944371420738099e-01	   4.9563152922834625e-01	   8.3109150336275395e-01	   7.5802010606507353e-01	   9.2568881775857126e-01	   6.5899221411742537e-01	   5.3154889019334406e-01	   6.3746718058264773e-01	   5.8927998814038174e-01	   6.6443509859532801e-01	   7.0203028087438057e-01	   6.8116413009398735e-01	   7.8737378609075137e-01	   5.9929965698262322e-01	   8.4928977050065702e-01	   5.0981694035869407e-01	   5.7907336868588455e-01	   4.8617713927326722e-01	   5.5028945329543499e-01	   6.7107218901198007e-01	   6.7101717625020207e-01	   6.5642755254086849e-01	   6.7054887766661830e-01	   7.4061499967794620e-01	   7.8653432858648675e-01	   3.9041962655604828e-01	   5.9102354649948130e-01	   6.0109474390267048e-01	   6.1615127540534420e-01	   7.3309508637428067e-01	   5.9415186716622026e-01	   5.9720422886059943e-01	   5.7195160658238220e-01	   5.5751764051119246e-01	   6.2544412647778791e-01	   6.6616887578383199e-01	   6.6352392330005072e-01	   6.8438881814459818e-01	   8.1089843550706031e-01	   7.9401196556569253e-01	   6.9190880469097538e-01	   9.4732478111817908e-01	   7.0780019639757219e-01	   8.1699570446486158e-01	   7.4745237378292473e-01	   7.2590023304996887e-01	   5.1772905106519995e-01	   7.6340097618088287e-01	   8.4202149902827916e-01	   4.9713105242181732e-01	   6.3981708735925746e-01	   5.2634334575358444e-01	   3.7264725875497101e-01	   4.7296630552550817e-01	   7.2617898679018478e-01	   8.4531055007418598e-01	   8.3497291905792637e-01	   4.5584945121637244e-01	   5.8094653286817699e-01	   4.1213331065070169e-01	   4.3259052866668962e-01	   6.4801318612082315e-01	   6.3165903686331237e-01	   6.5888494415617294e-01	   7.4324477462135052e-01	   6.8296243301801296e-01	   6.8343371788223917e-01	   6.4097048516081867e-01	   5.4614526006948194e-01	   8.9508012190499109e-01	   7.7375218804059320e-01	   7.9762943325969016e-01	   5.5753642343376075e-01	   9.4275909774913669e-01	   8.5464919357693980e-01	   2.9382834951352726e-01	   7.2383103309422503e-01	   9.9689728144255396e-01	   9.1243986793707121e-01	   6.8680759108019651e-01	   5.0051855353926533e-01	   6.0163190747720563e-01	   3.0418528197592665e-01	   2.1438524213403565e-01	  -6.2382512354557752e-02	   5.7441775141013895e-01	   6.3375797755179319e-01	   7.4551422336391227e-01	   7.7126478593150971e-01	   2.8615462864930558e-01	   1.9064107929445875e-01	   2.5222448013040988e-01	   2.9409100407669952e-01	  -4.1069159737687910e-01	  -3.9008099477555014e-01	   1.4411990805476402e-01	   3.1004128562586158e-01	  -1.8402167256123919e-01	   5.8231692803674531e-02	   6.4642305142790613e-01	   6.1536149194801570e-01	   6.2819025986366905e-01	   2.7307176899665764e-01	  -1.7616315788706916e-01	  -8.5605843692557326e-01	
   1.1422066486729694e+00	   7.8791513625846310e-01	   1.3718133963245638e+00	   9.3110944606132950e-01	   7.5599198809012069e-01	   5.3204647986523879e-01	   0.0000000000000000e+00	   1.2535392002712784e+00	   6.2305280354078940e-01	   4.6964248290147870e-01	   9.9549964851473338e-01	   9.7014969468063617e-01	   1.0353517570419690e+00	   7.9743552170175258e-01	   8.4729718516789421e-01	   7.6014851079200074e-01	   6.9735438300382591e-01	   7.2031190408709467e-01	   1.0208039330658047e+00	   8.6180041777558547e-01	   6.4988314444431372e-01	   6.0234110570074106e-01	   1.1111013660673090e+00	   1.0118518985812830e+00	   9.8448391137477387e-01	   8.1641863465562259e-01	   4.8482140081501307e-01	   4.1014698793353832e-01	   6.9731855756312155e-01	   7.7053563909755984e-01	   1.1187241682703599e+00	   9.7113578517437205e-01	   1.0543718033115888e+00	   1.0912392891964913e+00	   7.3527797554144170e-01	   6.7596611145609098e-01	   2.5530323821654360e-01	   4.8454453424782501e-01	   6.7516492437481845e-01	   5.1139180238126747e-01	   6.1085384643479435e-01	   6.7307826315247232e-01	   6.3578726968007970e-01	   6.5397442945701745e-01	   6.1559208227650208e-01	   6.9832712647049866e-01	   7.1530304130484779e-01	   6.2491575137547972e-01	   6.5914095900469583e-01	   6.4046522590728006e-01	   5.5452175499603951e-01	   6.3109315395871979e-01	   6.4879615453566108e-01	   5.2659774745448307e-01	   6.5950045536477109e-01	   6.0873254210125594e-01	   6.8355953958494009e-01	   6.5047116197695765e-01	   9.1481863600742042e-01	   1.0332290284023511e+00	   9.7438017223363504e-01	   1.0111927313963436e+00	   8.6237028731818799e-01	   8.4827853079087956e-01	   6.8840697977364451e-01	   7.7422705432447114e-01	   1.1700849819176120e+00	   1.0113246311264479e+00	   5.2586928338714878e-01	   5.9065811815736780e-01	   5.6365391647291407e-01	   6.2251473031717142e-01	   8.9907600222241779e-01	   8.2568924192339244e-01	   8.1192813638025862e-01	   8.4466885456961871e-01	   7.9296887726765664e-01	   7.6416359968822201e-01	   6.3309165237088705e-01	   5.7031391656020880e-01	   7.0323236562853775e-01	   9.1705432025995459e-01	   9.3813801815439035e-01	   8.7695514486213755e-01	   9.7096906841601771e-01	   1.2058711933424762e+00	   1.1034005731312180e-01	   8.1882264821284623e-01	   8.2954585856924801e-01	   9.3359099511407728e-01	   7.0798042207709089e-01	   8.0046966508207451e-01	   6.4918334485093299e-01	   4.7802342196036524e-01	   2.1383929412372682e-01	   9.8532733316029866e-02	   5.0145058638833739e-01	   6.3028148460556899e-01	   8.1558840915159969e-01	   9.4217748138845914e-01	   3.6594468002112129e-01	   3.4816432775620632e-01	   4.0460440127110192e-01	   5.1861982170876997e-01	  -2.6787812879068079e-01	  -1.5358711455085067e-01	  -1.9027792727638898e-01	   4.9318890767973145e-01	   3.6226209586697131e-02	   1.5327862053773958e-01	   6.6733435630905780e-01	   8.5001096061232151e-01	   7.9700608563380926e-01	   4.6100607659969095e-01	   2.1336586785860581e-03	  -6.4864510959113231e-01	
   1.1210784114872863e+00	   8.4579193697420696e-01	   9.8014985794127008e-01	   1.1891012324920998e+00	   6.0862562513428597e-01	   8.0370021167609229e-01	   1.2535392002712784e+00	   0.0000000000000000e+00	   5.4575463466953356e-01	   6.8779099231624707e-01	   9.8549203936950580e-01	   1.3414475175648117e+00	   9.1243439289288997e-01	   1.1383348281772723e+00	   8.7322624314779063e-01	   9.6311703250644998e-01	   7.6483165324779567e-01	   8.2566623331829603e-01	   9.8492166822026417e-01	   8.4908031669052031e-01	   6.6220159840308390e-01	   6.4913128372329165e-01	   1.1589601519194159e+00	   1.1419818098675296e+00	   9.6548057979341539e-01	   9.0265654586839061e-01	   4.5869013870935055e-01	   5.2302387475976775e-01	   7.3701365133124208e-01	   8.2058373071101376e-01	   1.0740317979572289e+00	   1.0711470249162571e+00	   1.0631594279424641e+00	   1.1523036825239028e+00	   8.4209003667061699e-01	   7.9211412853887964e-01	   2.3262949772577152e-01	   5.8274670157574782e-01	   6.6629548375941761e-01	   6.2944249243297912e-01	   6.9315190367184676e-01	   6.7929011004429285e-01	   7.5582753916548129e-01	   7.8604916434648564e-01	   6.9097415655996786e-01	   8.4866910485549474e-01	   8.2860353535569831e-01	   8.2064536256116394e-01	   7.9509015508432557e-01	   9.5311042696509529e-01	   6.7772337886287970e-01	   8.4346188035815628e-01	   7.2610707686414833e-01	   6.0712816678329606e-01	   8.6424570540797419e-01	   7.6908395232772664e-01	   8.2099235767914036e-01	   8.2750300395761822e-01	   9.3644581907255453e-01	   1.3704117364200168e+00	   8.9996043508710988e-01	   1.3308828318433648e+00	   8.8916126284741348e-01	   8.3421608184851292e-01	   6.3741879514180999e-01	   1.0573656949518293e+00	   1.1709932033455015e+00	   1.2171446279722955e+00	   5.0550672629211335e-01	   6.6099534139908533e-01	   4.6889712306734904e-01	   5.0314864545142979e-01	   8.3357235176510569e-01	   8.7446907176001676e-01	   8.2914673773393022e-01	   9.0369647003682618e-01	   7.7530792696449935e-01	   7.9230637380647051e-01	   7.2106408444392811e-01	   5.8457195971062348e-01	   8.5033363493050040e-01	   1.0376417241827891e+00	   1.0548378786730126e+00	   8.9884449861904225e-01	   1.0525328709566679e+00	   1.3874612564015962e+00	   1.8500987558812695e-01	   9.7972379472426496e-01	   9.1375268490412254e-01	   9.2550825672749160e-01	   8.2990062004476339e-01	   7.6415794579057184e-01	   7.9429153592160806e-01	   4.0520343491045996e-01	   2.8443404279555906e-01	   7.2693884329051942e-03	   5.9939327667524611e-01	   6.2951014763508195e-01	   9.5704216885049065e-01	   1.1176465154470046e+00	   4.8948260243539071e-01	   3.4436671811550618e-01	   4.5853824584372238e-01	   6.0128745203713729e-01	  -2.5742279123180267e-01	  -1.4898822538431813e-01	  -1.0945088169724214e-01	   3.9729944972911035e-01	  -8.1986961323139498e-02	   7.3153669634599364e-02	   7.0214114896969482e-01	   9.1983938084270056e-01	   9.5114198045064124e-01	   5.8825697727594761e-01	   4.5101190186413294e-02	  -7.1209447994489417e-01	
   3.9684221238035700e-01	   2.4065359640311237e-01	   4.5604852781046096e-01	   2.3763784753710021e-01	   1.7002436819848874e+00	   1.0269170252987397e-01	   6.2305280354078940e-01	   5.4575463466953356e-01	   0.0000000000000000e+00	  -2.9088965448949777e-01	   4.6254258768221018e-01	   5.4334457663292324e-01	   6.9407356825676070e-01	   4.8412196276147490e-01	   3.8508342057342876e-01	   7.5507795660579066e-02	   1.1897100360585423e-01	   3.0169901887751754e-01	   2.7713970920774056e-01	   2.8792292007126935e-01	   4.3158986675367023e-01	   3.3174138963655020e-01	   2.4667519416574718e-01	   2.3861545744766965e-01	   4.7440004895982735e-01	   5.1422874703090482e-01	   5.8460410564363419e-01	   7.0135281552441597e-01	   2.4072640274531179e-01	   2.8847489571393620e-01	   2.6007622757573334e-01	   2.8732372301458686e-01	   2.1733553671573824e-01	   2.4117378455622437e-01	   3.6143619881652655e-02	   6.4472532431141807e-03	  -5.6666862186903387e-02	   4.3444112080056566e-02	   2.7947920832394907e-01	   4.5195873608509539e-02	   2.0611839043862454e-01	   9.2493113647944200e-02	   2.9581936711065659e-01	   2.8391293224029734e-01	   3.2061774393648163e-01	   2.8302283597198041e-01	   2.4740146048756712e-01	   1.8986888444818575e-01	   3.4981333522798519e-01	   3.2727570528801375e-01	   1.7653053607338925e-01	   2.4259501381984955e-01	   1.7921916618183223e-01	   1.4266560922510335e-01	   1.8943122489071118e-01	   1.5456199015134403e-01	   2.0444351417623807e-01	   2.4351937249634553e-01	   5.8422171416073465e-01	   6.7307181201343258e-01	   6.1850041916739684e-01	   6.5815319165111930e-01	   2.3591316639740570e-01	   5.0031579449040664e-01	   1.8221914342876483e-01	   3.1043778758592983e-01	   3.1586701494592295e-01	   3.0424653474765090e-01	   1.2909325699558802e-01	   2.3124642630302858e-01	   3.5174117664240162e-01	   3.4466480312793746e-01	   3.1250208610197022e-01	   2.3906782172707403e-01	   2.5153487793237739e-01	   1.8612527170795712e-01	   1.0115131720889368e-01	   1.6821587514479758e-01	   1.3601416413214160e-01	   6.5870858198685656e-02	   1.7238620867966289e-01	   2.8451088501257349e-01	   1.6555898620343140e-01	   2.7714231923917604e-01	   2.2794500332768358e-01	   3.3591987744286955e-01	  -2.2895390853111475e-01	   2.5825734991375032e-01	   3.4197453657199700e-01	   2.5571176130405715e-01	   1.9342246297941623e-01	   1.1897596599521355e-01	   1.8584762835664087e-01	  -4.3554656022902517e-02	   5.8728941540836604e-02	   2.1971264245948502e-01	   1.2981692406104445e-01	   8.9093004765008171e-02	   2.3290000972555841e-01	   2.0890689439938553e-01	   3.2503598077895512e-01	   2.0591820278329440e-01	   1.2450409701835356e-01	   2.2994756588248733e-01	  -2.7067415082174862e-01	  -1.6825577655888599e-01	  -1.0307595029688575e-01	   1.9589661073879081e-01	  -1.2078814454708226e-02	   8.3896851155542837e-02	   7.1166022672137369e-02	   2.3643745546373685e-01	   3.8497822132853826e-01	   1.3380561114553441e-01	  -8.2043733247813191e-03	  -2.2847464021083871e-01	
   5.9305775430590812e-01	   5.0970638137181656e-01	   4.9913868722977017e-01	   7.5196550981255283e-01	  -1.9826833908340988e-01	   8.5676146361399153e-01	   4.6964248290147870e-01	   6.8779099231624707e-01	  -2.9088965448949777e-01	   0.0000000000000000e+00	   4.4792865003460680e-01	   4.6718206459017542e-01	   2.5039469073377518e-01	   5.3589973362351995e-01	   5.4830244177391896e-01	   1.1152479324179321e+00	   6.3574419978389940e-01	   3.9718685984105162e-01	   6.5463183720983320e-01	   5.3685259160057330e-01	   2.7675218306055283e-01	   3.8572170542416845e-01	   8.2983164015358324e-01	   8.4200897420043364e-01	   4.4655948904587206e-01	   3.4469547510578052e-01	   6.3332687105622079e-02	   2.2129065324302036e-02	   4.4380622434331607e-01	   4.4898446123732572e-01	   6.4201400304167011e-01	   5.9630632299475927e-01	   7.2851598174379073e-01	   7.2789437816325631e-01	   8.9733430134705083e-01	   9.2189942992758001e-01	   2.7637003364321211e-01	   4.9675856967192122e-01	   3.4975531705902435e-01	   5.1211884108749017e-01	   4.9760608111375909e-01	   6.0654906056409796e-01	   5.4149968208853738e-01	   5.3018999544852563e-01	   4.5688523545114151e-01	   5.7203060960268592e-01	   6.1869518244388222e-01	   6.6786488365177599e-01	   5.1618860474355543e-01	   6.7313983896227447e-01	   6.3918541125772577e-01	   6.0274234162579998e-01	   6.6305314247911018e-01	   4.9945377910712552e-01	   6.9041556405263882e-01	   6.1662295272602941e-01	   5.3313955100405508e-01	   4.3962514636240313e-01	   3.8721122814382253e-01	   4.5007789465244741e-01	   2.9977543562412157e-01	   4.2696110826947964e-01	   5.3815322604145310e-01	   2.3237174084903900e-01	   5.4127136680113330e-01	   6.3664316902302354e-01	   7.5030710911900189e-01	   7.6007596298364810e-01	   5.1949430269629193e-01	   5.3813178561812325e-01	   1.3019113436693772e-01	   2.1054551293330590e-01	   5.2672621004030529e-01	   5.2465096246943632e-01	   5.6241868741799217e-01	   6.6884330258837887e-01	   6.8066711095843235e-01	   5.8897484769497055e-01	   5.2182759288480196e-01	   4.6924435963970285e-01	   6.6499510245591154e-01	   6.1924739140489526e-01	   8.3835809568033914e-01	   6.0371587521766645e-01	   8.4062126706404527e-01	   7.8962171379587476e-01	   3.6386086340538221e-01	   6.1871879710643518e-01	   6.4449480886319355e-01	   6.7329811885553936e-01	   7.5982177655033623e-01	   7.2054866068475210e-01	   6.6821537637556772e-01	   4.9869154306902763e-01	   2.0086194465320101e-01	  -2.0264878570683054e-01	   5.1056011221612718e-01	   5.3797264578878456e-01	   7.3079604773997697e-01	   8.4441994142482679e-01	   1.3054984108915335e-01	   9.1748232672506272e-02	   2.4920416576965454e-01	   2.9917001038139540e-01	  -1.4261314860916602e-01	  -9.6045380036041905e-02	  -4.9118604200041500e-02	   3.0810036272722996e-01	  -1.6903600807320118e-01	   3.8988088307675743e-02	   7.2558524645539824e-01	   6.6137190864481854e-01	   4.5940349477803932e-01	   4.2405858347115888e-01	   2.2254919029837106e-02	  -5.1707415157250891e-01	
   1.2781589937651852e+00	   1.0162388831787839e+00	   9.9121771824000493e-01	   9.4119346741028320e-01	   5.3338847688998559e-01	   6.5835550548020949e-01	   9.9549964851473338e-01	   9.8549203936950580e-01	   4.6254258768221018e-01	   4.4792865003460680e-01	   0.0000000000000000e+00	   1.3633896930545422e+00	   1.5966725363628314e+00	   1.1287774245333282e+00	   1.0329960788560408e+00	   7.9695494739314976e-01	   9.8729173808335779e-01	   9.9031483787691921e-01	   9.9186281437760326e-01	   9.2569229511071072e-01	   5.4774277281576034e-01	   4.9124756326440505e-01	   9.0241854539726374e-01	   8.1434446379817071e-01	   7.1652054695001810e-01	   7.6463066946205782e-01	   3.1438020232647013e-01	   3.4222051686460114e-01	   9.7687706684644393e-01	   9.5694108131518907e-01	   1.0144543794047716e+00	   9.2098684008580611e-01	   9.5242431667563721e-01	   9.4311767768471844e-01	   5.9519108040679980e-01	   5.6339999137594421e-01	   4.0429898950361853e-01	   7.5944202972320085e-01	   8.9876504279331870e-01	   7.7723843380406243e-01	   8.3887683693881643e-01	   8.4713179774525638e-01	   5.3731918813363500e-01	   5.3072956124742965e-01	   5.3366999889707367e-01	   5.7512340025443187e-01	   6.8330259825001483e-01	   6.2033221777242964e-01	   7.4250945015307201e-01	   6.8296832444800892e-01	   6.5501006123198802e-01	   7.1248191287243157e-01	   6.6200012168455102e-01	   5.9887894259870078e-01	   8.3825362749568499e-01	   7.8230361147681093e-01	   8.6926742428909920e-01	   8.3273952563018050e-01	   9.0813812301689101e-01	   9.3816676902088159e-01	   1.0690583082412224e+00	   1.0319016468651916e+00	   9.9792042628288213e-01	   9.3534283824925701e-01	   6.4687683819566133e-01	   7.1106685217471222e-01	   8.9572942383329324e-01	   8.3761681259203113e-01	   4.8526159642031785e-01	   5.5903451327945741e-01	   3.5697061844492312e-01	   4.0316862208966386e-01	   8.8796613092771237e-01	   9.8320868663879335e-01	   9.2879912062376158e-01	   9.7622687867445113e-01	   7.6056066617263396e-01	   7.4681324932800330e-01	   9.9923222929422484e-01	   7.7963507426438450e-01	   1.1089417806880264e+00	   1.3036576108293167e+00	   1.0191834446843655e+00	   9.6443633616881264e-01	   1.0120181856654000e+00	   1.1675342712061247e+00	   1.5835998326035497e-01	   9.6098769154227470e-01	   1.0148084747151833e+00	   1.0323615882660160e+00	   5.2987265750421442e-01	   5.0366599270218493e-01	   4.8480897204194784e-01	   3.0851424645845454e-01	   4.5271339699171848e-01	   1.4428497027534085e-01	   7.2166922363615815e-01	   7.1872273274078402e-01	   8.3427060286167687e-01	   7.7849815342619111e-01	   3.6206679026818056e-01	   2.4385228938104991e-01	   3.5950794810095965e-01	   4.3696749026859377e-01	  -3.1819976840701703e-01	  -2.3845219956582031e-01	  -7.7174653503101778e-02	   4.0182331409732636e-01	   6.5357134848596440e-02	   3.8295490199194437e-01	   6.9140275018171293e-01	   7.1423608321485310e-01	   5.8128392429709896e-01	   5.0970473022880958e-01	  -2.4593262930881041e-03	  -7.5080433559259552e-01	
   1.1431649839128011e+00	   9.6294049683753768e-01	   8.1955616522557961e-01	   1.0416747300199629e+00	   5.9803771446125387e-01	   7.5944371420738099e-01	   9.7014969468063617e-01	   1.3414475175648117e+00	   5.4334457663292324e-01	   4.6718206459017542e-01	   1.3633896930545422e+00	   0.0000000000000000e+00	   1.1636133174752163e+00	   1.5953888371088580e+00	   8.4378799210595745e-01	   9.3492637856859118e-01	   8.7105868181027013e-01	   1.0953512941515626e+00	   8.5984894107421295e-01	   8.1613794433259745e-01	   4.9934193279678268e-01	   4.4677867847085700e-01	   9.3115679681090624e-01	   9.1859185099890883e-01	   6.9210546748663426e-01	   7.8780081899529508e-01	   2.9416768740345783e-01	   4.5862458499156805e-01	   9.7063523406008745e-01	   1.1129935927428831e+00	   9.8305821741565635e-01	   1.0096665295473166e+00	   9.2094540945463210e-01	   9.6869278286475025e-01	   6.0147215693566858e-01	   5.4279245645076224e-01	   4.2264883357437855e-01	   8.0513573901250113e-01	   8.7847739180388418e-01	   9.2862158739146383e-01	   8.5122389040580648e-01	   8.7353193805557394e-01	   6.1540955824822596e-01	   6.5662300304818111e-01	   6.1775679831822994e-01	   7.2206004625576015e-01	   7.7550227582386744e-01	   7.3803914634790335e-01	   8.2264903274590995e-01	   8.1365768657724713e-01	   6.2985303138662307e-01	   7.6786462702908931e-01	   6.2086085371127953e-01	   5.5575814002338952e-01	   9.8201462586570476e-01	   8.8328737455305806e-01	   9.2842505688036170e-01	   8.9439652871565478e-01	   8.9827660051486891e-01	   1.1489271738034346e+00	   9.8239393878818015e-01	   1.1934948778481131e+00	   9.4383057285416883e-01	   9.9540464222746594e-01	   5.3060218310038842e-01	   8.5145412513572416e-01	   8.9045124814434173e-01	   9.4173046855221343e-01	   3.3256945536940530e-01	   4.5639769025913662e-01	   3.3454440135764862e-01	   3.5830328058486277e-01	   7.9632315827937361e-01	   1.0310376492167717e+00	   7.8319006840602123e-01	   9.5403847864205493e-01	   6.0144694086598327e-01	   6.4835600005579586e-01	   8.9151067496362191e-01	   6.9283259107649586e-01	   9.5877399292008436e-01	   1.2209450568211200e+00	   9.7860705332590303e-01	   9.9661978698246556e-01	   9.6320204600142512e-01	   1.2179826247442673e+00	   1.7080854865353501e-01	   9.6880580747130207e-01	   9.4380196877088762e-01	   8.9285742091798781e-01	   5.4063775892357047e-01	   5.3611817801992323e-01	   5.7661047128656107e-01	   3.0505113155375685e-01	   4.1888333497822056e-01	   1.7266515398603763e-01	   7.2373163830417275e-01	   6.8654697696732625e-01	   8.7055487281426625e-01	   8.3146051174399538e-01	   5.7071932992690932e-01	   2.9623510199049097e-01	   4.3061231372447939e-01	   4.7146083450397458e-01	  -2.8152251982555704e-01	  -1.6254422219919765e-01	  -6.5618965501477999e-02	   3.1336534049164494e-01	   8.8701826840373851e-02	   1.9792387834182942e-01	   6.0210138594965446e-01	   7.4799456920948115e-01	   7.0622699144930312e-01	   5.4299571377318512e-01	   5.2787041286869223e-02	  -6.5187252634357118e-01	
   1.2546290541314373e+00	   8.7848017525755018e-01	   9.7412188698150859e-01	   7.8253307795640037e-01	   7.0767015558414792e-01	   4.9563152922834625e-01	   1.0353517570419690e+00	   9.1243439289288997e-01	   6.9407356825676070e-01	   2.5039469073377518e-01	   1.5966725363628314e+00	   1.1636133174752163e+00	   0.0000000000000000e+00	   1.0262356566411746e+00	   1.0904527631780956e+00	   6.1514619240150292e-01	   7.6475978943060463e-01	   8.3489910024022596e-01	   7.4872830675913771e-01	   7.0492346332685207e-01	   4.6009094425147778e-01	   4.0209365508478967e-01	   7.3323048002413138e-01	   6.6037435748167050e-01	   6.4676525415338870e-01	   6.9309044334709635e-01	   2.8676022251604966e-01	   3.3719385656226769e-01	   8.9899909116343490e-01	   8.7423414214672313e-01	   8.1750604157123663e-01	   8.0201861357665694e-01	   7.6613223414971743e-01	   7.6425163619641778e-01	   4.5281151462466041e-01	   4.1269153945867321e-01	   3.6438578412578748e-01	   6.2505287212104188e-01	   8.7467395420467453e-01	   6.2574529835206183e-01	   6.8284164464193309e-01	   6.5537386400666842e-01	   4.0454718469825479e-01	   4.0744215391347477e-01	   4.2400644727688586e-01	   4.6425608924633438e-01	   4.9624342091225365e-01	   4.1703935398759895e-01	   7.3959402632972138e-01	   6.4125229488559232e-01	   6.5519879543772575e-01	   7.5501719249735477e-01	   5.6987089875597585e-01	   5.3178545289715728e-01	   7.4988939014472722e-01	   7.0266419446728023e-01	   8.4978283883001238e-01	   8.2502034066783481e-01	   1.0495463529083335e+00	   9.7240325559920382e-01	   1.4069177072688679e+00	   1.0850362873575341e+00	   9.1970815370492343e-01	   9.6184610838506068e-01	   6.4938942580371051e-01	   6.6651448002554858e-01	   7.7017853464361719e-01	   6.7539317438561552e-01	   3.6966792007615079e-01	   3.8338745230930554e-01	   4.1291691935288644e-01	   4.0708870605680081e-01	   8.7655611663119370e-01	   8.8985665604017317e-01	   9.1026074994508444e-01	   8.2854737725466721e-01	   6.5661529251677109e-01	   6.3776260578291200e-01	   7.6917058831077512e-01	   6.0675789090044108e-01	   8.0880383940041645e-01	   1.0117547662115767e+00	   7.4465012548844844e-01	   7.6622761315094223e-01	   8.8022700958862277e-01	   1.0364622761017570e+00	   1.0715475863671547e-01	   8.5774303641392313e-01	   8.4968790963092755e-01	   9.8206235721925161e-01	   3.3212809707950969e-01	   3.6972629456655509e-01	   3.5542263884184716e-01	   1.9985927837348594e-01	   4.0929385788506956e-01	   2.0820859489114146e-01	   6.3247001639883849e-01	   6.4922817479665607e-01	   6.4356452332058744e-01	   6.3410076621490785e-01	   3.8080932022643993e-01	   1.8738946596978737e-01	   3.9152283436574958e-01	   4.5640268589959976e-01	  -3.2443100240171358e-01	  -1.8346714885215759e-01	  -1.6243397679934650e-02	   3.9747930420530292e-01	   1.2547012585652031e-01	   3.6230958677745945e-01	   4.2175309188161636e-01	   5.2302325916116787e-01	   5.2699528970781762e-01	   4.9226820706464380e-01	   4.9439794802201897e-02	  -7.2460256283540747e-01	
