   0.0000000000000000e+00	   8.7796853867478208e-01	   6.1592127564536070e-01	   4.2095858447582890e-01	   4.0534661934949290e-01	   2.9338351173059846e-01	   8.8822310653042769e-01	   5.6921105053013099e-01	   4.4675961050718094e-01	   4.0898672592902685e-01	   7.4095160353881240e-01	   9.4584521964710033e-01	   7.1856702652527449e-01	   7.4885544911602164e-01	   6.6037989930968888e-01	   6.6107892992506223e-01	   6.8079026909595242e-01	   7.0942955820758413e-01	   8.8500508742398254e-01	   7.6336355083417140e-01	   3.4032157828506532e-01	   2.6852688346362963e-01	   4.0488229534481479e-01	   3.3593677214308670e-01	   2.1941149412138736e-01	   2.7303732539649039e-01	   2.2960313279981365e-01	   2.8528397572936476e-01	   7.9208522580412022e-01	   7.5706232183712674e-01	   3.1091142178434039e-01	   3.8720497000136272e-01	   6.1648748884660709e-01	   5.3992512009522220e-01	   1.7862291796638591e-01	   1.2161173479983328e-01	   3.5357313592842293e-01	   1.9006751371966807e-01	   2.0926010940581838e-01	   2.5786316976323165e-01	   5.0865687379706426e-01	   2.7874872515400595e-01	   4.6472085478895486e-01	   5.2426642244278432e-01	   4.5553271854695265e-01	   5.0259555375563170e-01	   6.0593394458383243e-01	   5.3439416814482310e-01	   7.5527451684009139e-01	   6.5113122881776619e-01	   9.6270658083266702e-01	   8.7795718680009505e-01	   1.0087530130568625e+00	   6.4400310388304827e-01	   7.9302768900280474e-01	   8.7282314400253580e-01	   1.1297047348422147e+00	   7.9541558698274850e-01	   1.0359597275151675e+00	   6.2513857016311725e-01	   8.9097471735859557e-01	   3.2209972548562388e-01	   7.0916551142616790e-01	   6.2700963426961565e-01	   1.7091078539720678e-01	   1.0956493471803364e-01	   3.7199721992046919e-01	   2.8476599161498045e-01	   6.7734011581091336e-01	   4.5642207742377422e-01	   3.6508420125022062e-01	   5.0327208405097079e-01	   8.0764207302264301e-01	   8.2178148111162508e-01	   6.8121708695096572e-01	   6.8158597970606594e-01	   8.2481376557212915e-01	   8.1649541220789434e-01	   4.3896548590385082e-01	   3.5988564193411199e-01	   6.0568433614011474e-01	   4.0548649450159235e-01	   6.6430413351296347e-01	   4.4644481645068995e-01	   4.0506245320054446e-01	   4.7351992097373280e-01	   4.9120234053411554e-01	   3.4029096488911742e-01	   7.6693218693495180e-01	   9.1127982750609982e-01	   5.0767724317999563e-01	   4.3185418810709475e-01	   3.3266586611122201e-01	   5.9829844099907570e-01	   2.7676628729682025e-02	   3.8099972527664838e-01	   5.9406734761732793e-01	   6.4375027565223242e-01	   8.3817835937061935e-01	   8.3359642459704919e-01	   7.7103270393165713e-01	   7.0648859596953095e-01	   9.0293277809235239e-01	   8.0359070623644546e-01	   6.0445067962921850e-01	   3.2256484219468412e-01	   5.2879404630846483e-01	   5.0803505558318585e-01	   2.9480772497781871e-01	   5.6808238568832126e-01	   6.6080650344639968e-01	   7.9104846779389260e-01	   6.4229109322889100e-01	   7.0588501183749752e-01	   5.5585850388178848e-01	   2.7005723417916131e-02	
   8.7796853867478208e-01	   0.0000000000000000e+00	   4.3242863708283147e-01	   4.0194291803950438e-01	   2.8932618905348600e-01	   1.8600635318122397e-01	   4.3426205295591852e-01	   4.0405553319079324e-01	   2.6905533362713474e-01	   4.1590077243362489e-01	   3.8062099140291877e-01	   5.4036378053490164e-01	   4.0849662033611256e-01	   4.2755505186811699e-01	   5.2952227556618481e-01	   5.9337775146926053e-01	   6.7824224138032863e-01	   8.9591214384173168e-01	   7.2983086467706415e-01	   7.1073574546701990e-01	   3.5656954622755138e-01	   3.3828390344171788e-01	   3.4510794855935528e-01	   3.4900443310182311e-01	   2.5044439337007518e-01	   2.6811437633316970e-01	   2.8494819677754174e-01	   3.1715400674620653e-01	   6.7144572955230086e-01	   6.7373094330105177e-01	   3.2226764561385679e-01	   4.4728303787384632e-01	   7.2337680650331693e-01	   5.8108303352700208e-01	   2.1939362907378634e-01	   1.1696369239679495e-01	   3.2020796076936042e-01	   3.7869651106855873e-01	   2.9807954216963317e-01	   4.9793039277656526e-01	   4.2291402389114297e-01	   4.0163942389420881e-01	   5.3954060623081812e-01	   6.1227812924204184e-01	   5.9159115246239913e-01	   6.5075030909951304e-01	   7.5760170863369825e-01	   6.4467706080265230e-01	   8.0858300268840244e-01	   8.4845404496960686e-01	   9.1416831566255707e-01	   7.3859348524232538e-01	   7.8075294499525894e-01	   3.4570152879271443e-01	   7.9043269269690408e-01	   9.2780977704095025e-01	   1.0863908314787460e+00	   8.3269821509250286e-01	   4.6678853205991189e-01	   2.1716429756386932e-01	   4.3092725927468167e-01	   2.2848299820586057e-01	   4.4737433658227638e-01	   3.8896562142637237e-01	   1.4516758292263648e-01	   1.5932534546050581e-01	   2.3439464933048784e-01	   2.5038284691587137e-01	   5.1401027675940647e-01	   3.4131108183187830e-01	   3.0135656699482744e-01	   4.6162763623667830e-01	   8.0995741481933925e-01	   8.6521143158225933e-01	   7.9072746263565508e-01	   6.3037184873876129e-01	   8.2684741460463484e-01	   6.9343437396184870e-01	   8.5103883464933960e-01	   6.9839053139573049e-01	   8.1547901998424355e-01	   5.3961921929387824e-01	   6.1388757641257152e-01	   4.8611578263701394e-01	   4.1774056840454588e-01	   4.2735358641716303e-01	   6.9257715084079652e-01	   4.8750786559961223e-01	   4.9313028838976869e-01	   5.6285089299065438e-01	   3.1008625481926999e-01	   2.1498027754518001e-01	   1.6748914402317810e-01	   3.3467887760744208e-01	  -5.9217531646650015e-02	   2.8013231370124825e-01	   6.3582180945499811e-01	   6.8543398798677768e-01	   7.5939308494511581e-01	   6.7521701420985381e-01	   4.6925290688706772e-01	   4.2107706554560098e-01	   6.0650521456255324e-01	   4.6487146691247550e-01	   3.4395930628808191e-01	   4.6204114234822929e-02	   3.3579677870667440e-01	   1.1002852227872854e-01	   2.1610257824376544e-01	   6.7115588896170453e-01	   6.2337554551323771e-01	   5.1436025773908001e-01	   4.4376239590643662e-01	   5.7718096118062112e-01	   3.2571837586918073e-01	   1.9471191412442884e-02	
   6.1592127564536070e-01	   4.3242863708283147e-01	   0.0000000000000000e+00	   4.1540168997060606e-01	   5.7588221737709155e-01	   3.0422905410735857e-01	   1.0273325448948212e+00	   4.4537995710697076e-01	   6.1383451134177347e-01	   3.6023906554683005e-01	   5.3594041592918629e-01	   5.1706219316394986e-01	   4.5509050981630578e-01	   3.8177433289519497e-01	   8.9211388098281685e-01	   6.7893458611320290e-01	   2.9313483749208724e-01	   2.6747652863783100e-01	   8.7407463196200341e-01	   7.5804281405259966e-01	   2.7844573707129572e-01	   2.9354345268249682e-01	   1.0177707683878694e+00	   5.3371324325537262e-01	   5.7120718867227638e-01	   4.8296827515420548e-01	   2.7267121922963794e-01	   3.4517725740783417e-01	   5.1960764842834417e-01	   4.0730296719180137e-01	   8.3276910395731341e-01	   6.7086186579915397e-01	   5.5464566481931987e-01	   5.0258903799253352e-01	   4.5587509895918682e-01	   2.6369968155254125e-01	   2.6843902385718221e-01	   1.5418569032075435e-01	   2.2278796973992643e-01	   2.1278608198502483e-01	   3.8570488518276058e-01	   1.4691977700340805e-01	   2.0920230041729745e-01	   2.0839093637626285e-01	   1.3044840048635747e-01	   1.5929910470602901e-01	   2.4361167205151979e-01	   2.1926263477459701e-01	   2.1450636421467748e-01	   2.3368363220711780e-01	   3.9025978863883820e-01	   3.9112605243625076e-01	   4.6727882654743891e-01	   4.9794912710273104e-01	   4.0501431084665263e-01	   4.8345155242936144e-01	   3.2960516723651645e-01	   3.7360636111201662e-01	   6.5525968298573045e-01	   5.1163898324603874e-01	   6.2211238678333558e-01	   3.3693335682671877e-01	   2.9096126158018576e-01	   3.2483737130965434e-01	   6.6234594229474997e-01	   3.1112957120947371e-01	   4.1886725183640583e-01	   2.9440689861506764e-01	   5.6596590747730513e-01	   3.8851316032260680e-01	   4.7419288941162346e-01	   6.1501358749425183e-01	   5.7105117412067308e-01	   4.8505385995254457e-01	   5.1690940553700804e-01	   3.6537846133281243e-01	   6.1792264565071520e-01	   5.4815029591089737e-01	   2.0596829452797508e-01	   1.8845077923618006e-01	   3.3805698929664407e-01	   2.9273506338708255e-01	   6.4925968060675188e-01	   3.9519742402327040e-01	   7.1122883746553311e-01	   5.0348692015385632e-01	   4.0807811483990036e-01	   2.2356187515041875e-01	   8.1689605749725025e-01	   6.9158138357372512e-01	   4.7630185060427299e-01	   6.8391684436685829e-01	   4.3806373451311953e-01	   1.0616390711594690e+00	   2.5982239747736485e-01	   6.9151660317169306e-01	   5.9575826812930022e-01	   5.4053256843771891e-01	   5.9565689165818947e-01	   8.1250213570875207e-01	   5.1548256355564404e-01	   5.8143289882829730e-01	   6.5171435579954107e-01	   7.1161225587935395e-01	   7.5228106957539742e-01	   5.9101849838281739e-01	   5.4101922320142348e-01	   4.9526344828589597e-01	   5.2656825131873808e-01	   5.9121817618745487e-01	   6.5069730972973738e-01	   7.3300156419889284e-01	   6.5101479821877983e-01	   6.5769994709568558e-01	   7.0524769252808128e-01	   1.3907922015072441e-01	
   4.2095858447582890e-01	   4.0194291803950438e-01	   4.1540168997060606e-01	   0.0000000000000000e+00	   8.2224999440494950e-01	   1.1856229581533155e+00	   4.5120540673155174e-01	   1.2791518984619736e+00	   8.3889912646983189e-01	   1.2015788295255199e+00	   3.9782265646388359e-01	   6.3711577930702279e-01	   6.3806466487852287e-01	   8.1373525321557727e-01	   5.0175690942958406e-01	   9.8401367900406633e-01	   3.2995600785131463e-01	   2.1239509845539425e-01	   3.8090816995648924e-01	   8.4183341361800290e-01	   6.9320648054775635e-01	   7.6708800899590568e-01	   7.2119066944094445e-01	   1.3010630605966191e+00	   7.3177794894026793e-01	   8.8296201177575007e-01	   5.6455325871989515e-01	   8.9849952698372038e-01	   2.9000449331736666e-01	   3.4537917854919620e-01	   6.3581264554027084e-01	   9.0147685362083574e-01	   8.3961461340035271e-01	   1.0242369852141437e+00	   9.4829760206629077e-01	   1.0210006972545502e+00	   3.9669639199025858e-01	   5.5144250341472767e-01	   4.4962996446836323e-01	   6.8288949902017670e-01	   6.1533506406333660e-01	   6.4417252677638648e-01	   6.4211164763889017e-01	   6.2428602084434415e-01	   6.0269371313866738e-01	   5.7866674941333784e-01	   5.8031424128920439e-01	   6.1071811360964745e-01	   5.6314892284375206e-01	   3.9210716704845644e-01	   6.7778387587296529e-01	   4.7838562055731038e-01	   5.6388847767498818e-01	   4.1304835655417249e-01	   7.1806068386923427e-01	   6.7811772119693314e-01	   4.9766310343788656e-01	   3.5635176169362376e-01	   6.3898106789335629e-01	   8.1757182792703753e-01	   5.2795315971654877e-01	   9.9896458288729129e-01	   4.3449563563300669e-01	   6.3759918355302536e-01	   8.0452658089619900e-01	   1.0233250109508156e+00	   1.2726571934108055e+00	   1.2524034516516922e+00	   6.4863910109288792e-01	   7.0284028420783418e-01	   1.7671335320252657e-01	   6.9400003285050393e-01	   4.5582810158712717e-01	   4.3164525652565694e-01	   4.6236380739132910e-01	   4.1118331168014566e-01	   5.8147717737625337e-01	   8.4470248705969686e-01	   2.6833695565796689e-01	   1.6554190731218871e-01	   4.2122359815082006e-01	   5.8609666186678433e-01	   4.7686794166734831e-01	   6.0365508808107160e-01	   7.2914536908235339e-01	   1.2235959020277578e+00	   5.5147727901052246e-01	   7.9853216941295813e-01	   8.8591131975494664e-01	   1.0261379163928621e+00	   1.0414007558520890e+00	   5.0482001650739350e-01	   1.3493617319453561e+00	   6.7810141231256393e-01	   1.5977978400871365e-01	   5.0182234966476014e-01	   6.1849669866780499e-01	   6.3453284662532572e-01	   9.0362129398897273e-01	   7.8946863149056024e-01	   1.0456246868802945e+00	   5.4348810912768963e-01	   9.6226253786316718e-01	   6.7485619967254329e-01	   7.6684333778238800e-01	   3.0879261001613756e-01	   5.2508651494534386e-01	   3.5963541556265821e-01	   1.1542834619269891e-01	   4.3831189211300048e-01	   7.3038222288840160e-01	   8.7321479204197217e-01	   9.1692789555876286e-01	   4.6245851741090982e-01	   5.0573637143513772e-01	  -1.6293048498362159e-01	
   4.0534661934949290e-01	   2.8932618905348600e-01	   5.7588221737709155e-01	   8.2224999440494950e-01	   0.0000000000000000e+00	   9.8544433936571463e-01	   6.1086439198609255e-01	   7.3916001937231712e-01	   1.4150414608798734e+00	   1.0001691863894862e+00	   6.2717303958231740e-01	   5.1912780851771811e-01	   7.0944562231474628e-01	   6.4983756165475470e-01	   9.0745599448573766e-01	   8.7130950833550291e-01	   3.1664396007820539e-01	   1.3833176543897902e-01	   3.8649549774450243e-01	   5.7887327362906882e-01	   7.0842326818715251e-01	   7.6803676289601075e-01	   8.3738947510952455e-01	   7.8289553830794689e-01	   7.2004534537382325e-01	   9.1811690864926454e-01	   8.8711448443165164e-01	   1.1855233364966495e+00	   3.8817272456363672e-01	   3.8028357480769343e-01	   8.2216527794784522e-01	   8.8358770864424174e-01	   7.0517611411617909e-01	   7.4527622572006624e-01	   6.3107917780605871e-01	   5.9690309504304917e-01	   3.2067929556368346e-01	   2.9806426048612111e-01	   4.2282124929215487e-01	   5.1478588984818496e-01	   6.1889019154065172e-01	   4.0474438790930156e-01	   5.2785339910958018e-01	   4.9380862170252815e-01	   4.3576992358874084e-01	   4.4615813832516027e-01	   4.5917187268720550e-01	   5.0889271572331662e-01	   3.8579873263199183e-01	   4.0471516074050468e-01	   4.3140258301858403e-01	   4.1225062346887398e-01	   2.9083582683223730e-01	   3.4448109339085442e-01	   5.6655827961200889e-01	   5.6329298812141504e-01	   3.5786100650346403e-01	   3.0460256990119455e-01	   5.9477888714690375e-01	   5.9839083164406226e-01	   5.4929589321967975e-01	   6.0287728910867189e-01	   4.7574973761879935e-01	   5.1393010084956869e-01	   7.0297599216552697e-01	   5.8958743031883487e-01	   7.7413574790847628e-01	   6.6353909990611448e-01	   5.1670641426886765e-01	   4.6290311930690226e-01	   4.4761894106201933e-01	   6.6440073474419137e-01	   5.2561998120297493e-01	   4.0378718369356270e-01	   4.4560082021464187e-01	   3.8450185508892137e-01	   5.6291076826173037e-01	   7.7514915599469569e-01	   2.1381216993499672e-01	   7.8635539982969488e-02	   3.6031919873328760e-01	   3.3397561474457499e-01	   6.0268222053745513e-01	   5.5226242825575922e-01	   7.5072332590568436e-01	   7.0353518367061862e-01	   5.6983312097256100e-01	   5.7489672088503085e-01	   7.7418733880333490e-01	   7.9308181363643715e-01	   6.3408878687014392e-01	   4.6478702943253336e-01	   6.7041771581526421e-01	   6.2435305505814265e-01	   2.2101212491492844e-01	   5.6656733280380611e-01	   6.6723714618239860e-01	   6.9681169015768230e-01	   6.2011869100363870e-01	   6.7907138867861483e-01	   5.5759560259508023e-01	   5.1444126682631752e-01	   7.0846795888334058e-01	   6.4504879215373401e-01	   8.0396584336308674e-01	   4.7635526728642086e-01	   5.4913836687674467e-01	   4.2028176791385419e-01	   3.2498104540395339e-01	   6.1429360946821598e-01	   7.8205465935909624e-01	   7.7884340575064870e-01	   6.8488019091973029e-01	   5.6779508508407139e-01	   6.3353045875152281e-01	   1.7307035344713801e-02	
   2.9338351173059846e-01	   1.8600635318122397e-01	   3.0422905410735857e-01	   1.1856229581533155e+00	   9.8544433936571463e-01	   0.0000000000000000e+00	   4.9749297175247864e-01	   1.2059353880099994e+00	   1.0411452573050977e+00	   1.2333655237796028e+00	   4.0897017175913475e-01	   5.8786560335677129e-01	   5.9862376607311529e-01	   7.4403380176406964e-01	   4.3656145849288291e-01	   8.5171122324400172e-01	   1.8910423024332482e-01	   1.5654663575425826e-01	   3.1221553341285380e-01	   7.1635855971027718e-01	   5.4565808007718108e-01	   7.5643368338563011e-01	   6.1190353902468275e-01	   1.0167725227464826e+00	   6.2965909439581069e-01	   9.3900439012440962e-01	   5.4980675875030949e-01	   1.0205589153589190e+00	   2.9014625356348273e-01	   3.3673508257267171e-01	   5.9878293173822705e-01	   7.6349699134222848e-01	   7.2437767539353437e-01	   9.1179482603821527e-01	   7.9928525378022253e-01	   1.0252072433336741e+00	   1.8294931707585887e-01	   2.7759356264422796e-01	   2.4135926001150085e-01	   4.3448971754211801e-01	   5.6803452497717410e-01	   4.5300698359825142e-01	   4.8838088560570514e-01	   4.7217235149884584e-01	   4.8673141266228925e-01	   4.9308917186862855e-01	   4.1248480829467515e-01	   4.8802508418824486e-01	   4.2613577846119494e-01	   3.0828655753449419e-01	   4.8409751674568408e-01	   3.6327263253215775e-01	   4.2084652444591508e-01	   3.7904454583975977e-01	   4.9749724617513152e-01	   5.2386842657922950e-01	   3.2397391110897139e-01	   2.1881597552707852e-01	   5.9511934090140461e-01	   7.4438699534062425e-01	   5.9055015391178067e-01	   1.0265585904543404e+00	   5.2552267858054691e-01	   7.6444180619446966e-01	   7.3299935000544370e-01	   7.4704886236335888e-01	   1.0427329735330482e+00	   9.7514511637787904e-01	   4.6226146955581726e-01	   4.4230225090330949e-01	   1.2355228982867450e-01	   4.5376707844292591e-01	   2.8586663434105497e-01	   2.8760815284585017e-01	   2.9172044000220931e-01	   3.2140695709104572e-01	   4.6816657243851478e-01	   7.4439208109415334e-01	   8.4861459869302158e-02	   3.3025169443454266e-02	   2.2627438609944830e-01	   4.4326124831864966e-01	   3.7527516761739699e-01	   5.0891506757636207e-01	   5.8286320151919546e-01	   9.7800568336718441e-01	   3.6998560849084167e-01	   5.8016507956371921e-01	   6.9740762814592683e-01	   9.5642461146608548e-01	   1.0176408431069723e+00	   4.8434494698291419e-01	   1.1911937539313615e+00	   5.1361470682325572e-01	   7.5393402206039059e-02	   3.3240047395181654e-01	   4.2329607736826769e-01	   4.9739144006827601e-01	   7.5010585346670111e-01	   6.5668297798004260e-01	   8.3182228736409558e-01	   4.4940223279975394e-01	   7.5260561632727596e-01	   6.2878912764661377e-01	   6.3129644322449807e-01	   2.1804445857343013e-01	   4.1290634357368405e-01	   3.2632690587972096e-01	   1.0045990663186677e-01	   3.6779946371150962e-01	   5.9224823583609787e-01	   7.8288945792618059e-01	   7.3157454388957344e-01	   3.7413954107921077e-01	   3.9549591342825796e-01	  -1.4665850355924964e-01	
   8.8822310653042769e-01	   4.3426205295591852e-01	   1.0273325448948212e+00	   4.5120540673155174e-01	   6.1086439198609255e-01	   4.9749297175247864e-01	   0.0000000000000000e+00	   7.6278861300240264e-01	   8.0745124965276782e-01	   5.3025462171730819e-01	   1.0516940145041207e+00	   9.3497753268060368e-01	   9.8005433656313523e-01	   8.4752881168103000e-01	   8.1637404913590295e-01	   7.5014227158187952e-01	   4.5369255896564992e-01	   4.1323407651778299e-01	   9.0058219792734606e-01	   9.1823202788592939e-01	   2.0361364038373070e-01	   2.6394223315925136e-01	   6.1109256818126079e-01	   4.3477024124745950e-01	   2.3057668805971820e-01	   3.4236262349341290e-01	   1.7537638473509470e-01	   3.5732746322297559e-01	   7.5786149008656878e-01	   6.1048571769753068e-01	   5.7684880784479575e-01	   5.2897136871723538e-01	   7.3845498909989515e-01	   6.1989102961087761e-01	   3.0430686628428100e-01	   2.3138093754822392e-01	   2.4106975895192767e-01	  -2.5297744067829343e-02	   1.6281367889454981e-01	   1.1689204810117498e-01	   4.3388612167749774e-01	   1.4980772618020444e-01	   3.0071645134183045e-01	   2.9993557469750787e-01	   2.3533370180012117e-01	   2.6940118304880611e-01	   3.0438993175020240e-01	   2.8592083137083180e-01	   3.6900510697272415e-01	   3.3817092810057697e-01	   5.8819711413092024e-01	   5.1722648644488745e-01	   6.7134973708009460e-01	   5.6396287096128472e-01	   5.1177128498070312e-01	   5.6002906587359746e-01	   5.4534006986043893e-01	   4.7778214538813707e-01	   1.1078432003765066e+00	   8.6438911094045934e-01	   1.1165427743151235e+00	   5.8660662522546614e-01	   7.6768883297579293e-01	   7.6746487072250036e-01	   6.1795196230345650e-01	   2.9148600419954596e-01	   5.0992612353497313e-01	   3.6810431893515538e-01	   6.6263380242537395e-01	   4.0002864039585317e-01	   4.5846766946778078e-01	   4.9768043197651279e-01	   5.9507892774709570e-01	   5.7443461020982001e-01	   5.0947200399345050e-01	   4.9503571803213664e-01	   7.2998881106608260e-01	   7.8837530182599491e-01	   2.0538817394103023e-01	   1.3900458922966002e-01	   3.6757249256448532e-01	   3.2047673021633599e-01	   5.8678250784108799e-01	   3.4188179076618513e-01	   6.8461371230059798e-01	   5.5895690058493441e-01	   2.4844408715095095e-01	   1.5701954430557413e-01	   1.0149157345171134e+00	   9.6519838985408457e-01	   6.4421329622807766e-01	   7.4954328720114871e-01	   5.7853525997149757e-01	   1.0058918400512100e+00	   6.9201701627238987e-02	   4.6415818688478649e-01	   4.7219318747841932e-01	   5.4594947752495182e-01	   7.7283873849804341e-01	   9.2800258025297810e-01	   9.0691505415009832e-01	   9.3552802404327140e-01	   8.6405374910567245e-01	   1.0477562095726509e+00	   6.1189362337735909e-01	   5.3418312850792682e-01	   5.7754130188486963e-01	   6.3901369784225592e-01	   4.9149802455197933e-01	   5.8524293160139162e-01	   5.9714864510095400e-01	   8.9588797798311615e-01	   8.3896464055858500e-01	   7.7816807972628188e-01	   5.8764270332350355e-01	   4.9427103453430911e-02	
   5.6921105053013099e-01	   4.0405553319079324e-01	   4.4537995710697076e-01	   1.2791518984619736e+00	   7.3916001937231712e-01	   1.2059353880099994e+00	   7.6278861300240264e-01	   0.0000000000000000e+00	   9.7906740600090292e-01	   1.2407543863765529e+00	   6.3724645595936191e-01	   9.8385252669003032e-01	   9.1379420238980280e-01	   1.1567561508709812e+00	   6.0457467383100671e-01	   1.0844168707419819e+00	   4.6567653869687081e-01	   4.3606316609066736e-01	   5.1750644804645873e-01	   1.0593953186410985e+00	   5.1969810910554248e-01	   6.1856617928329072e-01	   6.1815464658869790e-01	   9.8678047134663593e-01	   4.4113812944748571e-01	   6.7132934615530526e-01	   4.3624912157717988e-01	   7.6523158587847073e-01	   5.9959171815638668e-01	   6.2307793961553659e-01	   6.1662035241938928e-01	   8.1859039604528872e-01	   8.9724546435162067e-01	   1.1023658466371047e+00	   7.0052895724730502e-01	   8.1252717984765122e-01	   3.1480341737841316e-01	   2.9894182762761251e-01	   3.0099190729410513e-01	   4.4868069718658860e-01	   6.3770030021434088e-01	   5.1435638009116880e-01	   4.9383251527274974e-01	   5.0863445975423927e-01	   5.1453858477730652e-01	   4.9519511967034718e-01	   4.6990395778272387e-01	   4.9815625951058046e-01	   5.6987080083324282e-01	   3.6157061802043317e-01	   7.6205407397673974e-01	   5.1512826881240670e-01	   7.4974654790175443e-01	   5.4942458793317339e-01	   6.7440191537835714e-01	   6.5220382947456279e-01	   5.6522933379649021e-01	   4.0882435907676040e-01	   8.6592252876371401e-01	   9.5381583408204396e-01	   8.8308820743835503e-01	   1.3283111507982064e+00	   8.3672261201092479e-01	   1.1929253463082738e+00	   7.4985286725840627e-01	   7.8127038756798928e-01	   1.0004472822928157e+00	   9.3803158908716633e-01	   5.2340545070903399e-01	   5.0663875986288898e-01	   3.0650138224696477e-01	   6.7939481115699552e-01	   5.2698228514650025e-01	   5.2759427545408077e-01	   5.2038583205404243e-01	   5.2772102889229777e-01	   7.4449496210055055e-01	   9.7825783306369618e-01	   2.9887802015029818e-01	   2.4871018691252758e-01	   4.4635593953007968e-01	   6.2226417390892008e-01	   5.5977131670058877e-01	   5.4440986272093383e-01	   6.2984465119263944e-01	   1.1314402587246968e+00	   4.3935904686475591e-01	   6.2306761439546376e-01	   9.5880498329205421e-01	   1.2374342979328063e+00	   1.0744610067229046e+00	   5.4728796896910981e-01	   1.2144968807322620e+00	   7.5282676481911881e-01	  -6.0645947743484335e-02	   3.3611702761461326e-01	   3.9929754016839186e-01	   4.8885747545528502e-01	   9.6918635679134613e-01	   7.7893317832553155e-01	   1.3790005041256714e+00	   6.6514357888384523e-01	   1.0981777686056509e+00	   8.2786678398578739e-01	   6.1598244903394761e-01	   1.9413622817914644e-01	   5.9921992490132536e-01	   3.8168323593382003e-01	   2.1796885202386329e-01	   4.3745480029033590e-01	   5.4858060207412662e-01	   8.8107008605545345e-01	   9.4093669521411438e-01	   5.4448620862704156e-01	   4.5738867496631941e-01	  -1.7809265769848143e-01	
   4.4675961050718094e-01	   2.6905533362713474e-01	   6.1383451134177347e-01	   8.3889912646983189e-01	   1.4150414608798734e+00	   1.0411452573050977e+00	   8.0745124965276782e-01	   9.7906740600090292e-01	   0.0000000000000000e+00	   1.1882141734595641e+00	   7.1944137600277103e-01	   7.3895005436763106e-01	   8.0579101493917027e-01	   8.6961085474620414e-01	   9.0277465747267616e-01	   9.2072697960351813e-01	   3.5294686869421654e-01	   2.2990034563805561e-01	   4.8765239074010941e-01	   7.8187564875708793e-01	   4.8001505190121274e-01	   5.9643936154399990e-01	   7.8505941794629963e-01	   7.6816485581136562e-01	   5.1430402044805223e-01	   6.9405407324364898e-01	   5.2489072348727261e-01	   8.9396580922015145e-01	   5.1638769626298298e-01	   4.4720061617111861e-01	   7.6325971101718260e-01	   8.1208321746340562e-01	   7.3197484292410597e-01	   8.1318728627275583e-01	   5.9071276961760866e-01	   5.6533730345144251e-01	   3.0047091297098755e-01	   1.0635656124729446e-01	   3.1316581125831783e-01	   3.2690877298969623e-01	   6.0443262616094307e-01	   3.5665472811566967e-01	   3.9034211241593303e-01	   3.6721527357414829e-01	   3.0381532581687132e-01	   3.1244094951949430e-01	   3.4908229994056866e-01	   4.0584937209117872e-01	   3.5055053518149093e-01	   3.1209208411929007e-01	   4.8830660281527472e-01	   4.5779554302090686e-01	   4.4443246332955921e-01	   5.0236922955980268e-01	   5.3295756504818059e-01	   5.7230783828076637e-01	   3.8125651656262194e-01	   3.2244639541360454e-01	   7.2618117109749780e-01	   7.6631462556164087e-01	   7.7649786281720945e-01	   8.1983988132522900e-01	   6.4975669718784845e-01	   6.8418103277056674e-01	   7.7353310212750848e-01	   5.3806607453310151e-01	   7.2916679510006055e-01	   5.8624383906093736e-01	   5.0042463538829640e-01	   3.9523177107722662e-01	   4.5250681110732227e-01	   6.6877983814426567e-01	   5.3019168204254408e-01	   4.5772420237172329e-01	   4.7334437203763874e-01	   4.2833684802603755e-01	   6.6605065623947191e-01	   8.7534492232970962e-01	   1.8727110528354698e-01	   1.0067204347434468e-01	   3.4001149466065345e-01	   3.3549345341977055e-01	   5.6975278398988305e-01	   4.2307990998931350e-01	   7.1562399946499655e-01	   7.2152158659873133e-01	   3.7618834770422727e-01	   4.0639883680212335e-01	   9.6910960920201306e-01	   9.7839750117118462e-01	   7.7403373885260751e-01	   6.5952720088292627e-01	   8.4519891036354300e-01	   8.3780428837228305e-01	   1.2336203999358410e-01	   4.6246144066673445e-01	   4.7309248979651891e-01	   5.3922752008771302e-01	   7.1206494491934924e-01	   7.1856206661449840e-01	   7.8584123164965702e-01	   5.9582798896924472e-01	   8.2479007268452431e-01	   6.9616481638069305e-01	   6.7005245099651856e-01	   4.4395075463302053e-01	   5.2422538862252810e-01	   4.3821374924783224e-01	   3.3532068501813611e-01	   5.4925920617400348e-01	   5.8417769514367568e-01	   8.0969874925027574e-01	   8.3534281818645084e-01	   6.6646793036554997e-01	   6.1050866904385670e-01	  -1.0181596985007547e-01	
   4.0898672592902685e-01	   4.1590077243362489e-01	   3.6023906554683005e-01	   1.2015788295255199e+00	   1.0001691863894862e+00	   1.2333655237796028e+00	   5.3025462171730819e-01	   1.2407543863765529e+00	   1.1882141734595641e+00	   0.0000000000000000e+00	   6.3017842483428943e-01	   8.0884137119154365e-01	   7.3425033691920971e-01	   1.0062986127248634e+00	   7.1878684662111136e-01	   1.0895453770093155e+00	   3.9979063206919185e-01	   3.0679944158620170e-01	   4.3689269412519760e-01	   8.6079093946230389e-01	   4.9492268002411954e-01	   6.2855506223947011e-01	   6.7117640213649354e-01	   9.4686501112251520e-01	   4.6752819858487688e-01	   6.4711662103274437e-01	   5.0683508839185665e-01	   9.1327945445204661e-01	   5.1822345939429459e-01	   4.6197539391000064e-01	   5.9427860674953670e-01	   8.3104822574026849e-01	   8.1312385660174591e-01	   9.9109502168809316e-01	   6.2962837896539858e-01	   6.9490830393250447e-01	   2.5984859159323920e-01	   2.8415827789026965e-01	   3.1464875746882276e-01	   4.4199267156502481e-01	   5.9357706145257005e-01	   4.4321933760820853e-01	   4.9048590221108912e-01	   4.9692119408305963e-01	   4.4734695195242857e-01	   4.6393553262480947e-01	   4.6474604510905321e-01	   5.2843189579809158e-01	   5.0272178764703279e-01	   4.3060538091096812e-01	   6.3081809356879981e-01	   5.0759674261772636e-01	   5.2084392651494138e-01	   4.6897343483499404e-01	   6.1366454759935463e-01	   6.1696522980938673e-01	   4.7230414081200667e-01	   3.3344837321740017e-01	   6.4470111544512354e-01	   7.4135076661980570e-01	   6.4858148084601042e-01	   1.0229358701933684e+00	   6.4013169667856784e-01	   7.7869098990895436e-01	   6.7059686351973069e-01	   7.5528972907233971e-01	   7.5069535777842045e-01	   7.4292808807311705e-01	   5.4884812426867402e-01	   5.1204532863609065e-01	   2.7803352936684655e-01	   6.2952400024390531e-01	   4.9374802680836227e-01	   4.3118341886162287e-01	   4.8918220903214393e-01	   4.3640243023121805e-01	   6.6265110035612296e-01	   8.6431069936104588e-01	   2.9355854348917165e-01	   1.7151016667328164e-01	   4.7561028161736674e-01	   5.2710356701271588e-01	   5.4274577981452365e-01	   5.1233846030662700e-01	   6.9404242655234405e-01	   9.7151939001774135e-01	   4.8998930939475982e-01	   5.9341950750456984e-01	   9.7014586611927234e-01	   1.0678015810647425e+00	   8.5738496223612293e-01	   4.6240735485046991e-01	   1.0059773427352041e+00	   5.8715579505321314e-01	   3.6578175372679766e-02	   3.5846004311609231e-01	   4.5676406892440830e-01	   5.4020260959347410e-01	   7.7504318371022796e-01	   6.6516345463012616e-01	   8.7061204426822802e-01	   5.5835333736153159e-01	   8.5923505088678997e-01	   5.8191241045666364e-01	   5.9424992528245446e-01	   2.0883543255180895e-01	   5.5521776028046876e-01	   4.4685744457230192e-01	   1.8133055644118712e-01	   4.9566840087150715e-01	   5.7172985728955017e-01	   7.6017201886831565e-01	   8.2262448990874226e-01	   5.1169531208550256e-01	   5.1240056932955902e-01	  -1.5076902714982859e-01	
   7.4095160353881240e-01	   3.8062099140291877e-01	   5.3594041592918629e-01	   3.9782265646388359e-01	   6.2717303958231740e-01	   4.0897017175913475e-01	   1.0516940145041207e+00	   6.3724645595936191e-01	   7.1944137600277103e-01	   6.3017842483428943e-01	   0.0000000000000000e+00	   9.3757887210135704e-01	   1.2308499465150817e+00	   1.0597620586412275e+00	   8.8304795453709861e-01	   7.2671916778061563e-01	   5.4905590520214420e-01	   4.0357342493240311e-01	   6.2130382631938219e-01	   6.8246018988366108e-01	   1.7398070022320092e-01	   2.1842061069008573e-01	   4.3716564939302349e-01	   3.2253701616852914e-01	  -2.7714811901893774e-02	   9.9320874679378682e-02	   3.0105033270928688e-01	   3.3030849097663523e-01	   8.1638620532262918e-01	   6.3228099146964922e-01	   3.3020317628500617e-01	   3.4037783952691231e-01	   5.2072765468408033e-01	   4.4013675574487621e-01	   5.6554002199293518e-02	   3.5862065002484837e-02	   3.3452358731799814e-01	   6.8562352709853697e-02	   3.2731012333411724e-01	   1.3633667931661830e-01	   4.5160610301396692e-01	   2.2995451677527121e-01	   1.7726507133611921e-01	   2.0326990563869887e-01	   1.2190105369489274e-01	   1.7272293948691930e-01	   1.8816605340061898e-01	   1.5133037479207065e-01	   2.4835505774906325e-01	   2.9004612522776280e-01	   4.2633282334541711e-01	   4.1508114045089817e-01	   4.6381435496973861e-01	   3.9562060289671330e-01	   4.1193462524581193e-01	   3.6483837432546623e-01	   5.1703931711578799e-01	   4.5531014489752458e-01	   8.4170582694702056e-01	   7.7012684148135202e-01	   8.9349995055687748e-01	   5.2841098088183491e-01	   8.1834803753197272e-01	   7.9424117738647848e-01	   3.6243602341060505e-01	   2.8192146949764257e-01	   3.0248178516364210e-01	   2.1500497854264200e-01	   5.3873818179713762e-01	   3.2433797644584472e-01	   4.6950611924938346e-01	   4.7164671131352587e-01	   6.3129075044648852e-01	   5.0168054926784889e-01	   5.0968908287795367e-01	   4.7527854447252788e-01	   6.0703197882164073e-01	   7.1545037816147106e-01	   2.1468376870445685e-01	   1.6088889602822523e-01	   4.3712390862475980e-01	   3.5652979026450099e-01	   6.3999300727917086e-01	   3.6934729636831209e-01	   5.1858406955208192e-01	   4.6826645778942222e-01	   3.5867589303357750e-01	   2.4162300603191778e-01	   8.6689541017852856e-01	   7.4490035706774083e-01	   4.3296059628457256e-01	   4.3168683682420406e-01	   4.4491024621789860e-01	   5.9958719062645716e-01	   5.9919186124658012e-02	   2.9618412777027958e-01	   3.8847876174028928e-01	   3.7366553221551069e-01	   4.6237940999892524e-01	   5.3719626657329989e-01	   6.8680010810074543e-01	   8.4569217545285280e-01	   6.4298141891312410e-01	   7.7334751480065700e-01	   4.9570838870083755e-01	   4.1409148320748718e-01	   6.2185297414653062e-01	   6.0193064320882239e-01	   4.5459067773338352e-01	   5.9627727126718433e-01	   4.2580389697715942e-01	   6.0666046919724037e-01	   6.2636523326962279e-01	   6.8372027101956490e-01	   6.1709281553096462e-01	   1.2639086356171816e-01	
   9.4584521964710033e-01	   5.4036378053490164e-01	   5.1706219316394986e-01	   6.3711577930702279e-01	   5.1912780851771811e-01	   5.8786560335677129e-01	   9.3497753268060368e-01	   9.8385252669003032e-01	   7.3895005436763106e-01	   8.0884137119154365e-01	   9.3757887210135704e-01	   0.0000000000000000e+00	   9.1795097321110986e-01	   1.4493471262842981e+00	   7.7708913731209428e-01	   1.0379202555933817e+00	   6.4010578424526621e-01	   6.3466871727703611e-01	   8.6738070535453637e-01	   1.1537659493440697e+00	   3.1459199095676404e-01	   3.3452711255242584e-01	   5.3868390858309478e-01	   5.8636820710143545e-01	   1.6992252683387471e-01	   2.8677008949085081e-01	   2.2223569791222286e-01	   4.2145436788521223e-01	   1.0121487489155150e+00	   8.4881829535725739e-01	   4.9205092238741094e-01	   5.8059853508443449e-01	   7.5584415911481950e-01	   7.6061754011097560e-01	   3.0485915403364178e-01	   2.9500916309964720e-01	   2.7130023503690914e-01	   1.8613725790622157e-01	   3.3705112253227421e-01	   2.7403400270619271e-01	   6.0038416126611327e-01	   3.2211411884079660e-01	   2.5105866863332826e-01	   2.7657425192175394e-01	   2.4205800717001696e-01	   2.3633063520510150e-01	   3.4452890486527687e-01	   2.8709621088764659e-01	   4.6573489091754905e-01	   3.7602116565171878e-01	   8.1173095792562677e-01	   6.9401586569944396e-01	   9.5481737901157537e-01	   6.5365808333621223e-01	   6.7518966514654943e-01	   6.8411334202824725e-01	   7.8238903156800366e-01	   6.9554621430992569e-01	   1.1462558897019537e+00	   1.1085710883798179e+00	   1.3357699982360327e+00	   8.5432426442611842e-01	   1.0442443884160115e+00	   1.1255856389500667e+00	   3.3902211195802273e-01	   3.2555069489034488e-01	   4.8491209616504583e-01	   4.1232218281611799e-01	   5.8089089611983291e-01	   4.7759461808059933e-01	   3.7653083677832794e-01	   5.9265894240232853e-01	   7.2227814171052340e-01	   7.0562824041234429e-01	   6.3130638248291338e-01	   7.7071084020604652e-01	   8.5777554991119787e-01	   9.1937385935360127e-01	   3.7166984787593099e-01	   2.7533727459864427e-01	   5.2746132646305444e-01	   4.0742974574483409e-01	   7.3914556866831294e-01	   4.2243901947086582e-01	   5.0505265632802199e-01	   6.9757157323091445e-01	   4.6765665851547478e-01	   3.7631420177909919e-01	   1.0912565351521697e+00	   1.3696224490839286e+00	   6.9391788232022344e-01	   5.4161483484672879e-01	   6.8274638184337377e-01	   7.1607446113124129e-01	   8.5661355963155394e-03	   2.9030021453888372e-01	   4.2351846950160499e-01	   4.5420407542675245e-01	   7.4857535285144572e-01	   7.1635783942543818e-01	   1.1059828846572883e+00	   8.3426145548131436e-01	   1.0916439163706668e+00	   8.9437068911075657e-01	   6.0175269157101496e-01	   3.0617869845187595e-01	   6.9792022671028653e-01	   5.1280590677592430e-01	   2.8896020127995875e-01	   5.4944576007961121e-01	   5.4598439664682996e-01	   7.9222460968981911e-01	   8.6607659583385854e-01	   7.8874315732879496e-01	   6.3748518182177749e-01	  -6.1156905016864542e-02	
   7.1856702652527449e-01	   4.0849662033611256e-01	   4.5509050981630578e-01	   6.3806466487852287e-01	   7.0944562231474628e-01	   5.9862376607311529e-01	   9.8005433656313523e-01	   9.1379420238980280e-01	   8.0579101493917027e-01	   7.3425033691920971e-01	   1.2308499465150817e+00	   9.1795097321110986e-01	   0.0000000000000000e+00	   1.1721634669895578e+00	   6.8209090630364455e-01	   7.0763991580089636e-01	   6.3019268136190720e-01	   4.2514469456519088e-01	   5.0397483622098460e-01	   7.4985163192375426e-01	   2.9832624980926170e-01	   3.8467646737381322e-01	   3.7488273674247757e-01	   4.2845567046680982e-01	   1.2921117359103101e-01	   3.2853044892014127e-01	   3.5731423777037752e-01	   5.1008165564935015e-01	   7.1243979534921553e-01	   6.4808049289539482e-01	   3.7193889665966823e-01	   4.6712404964865095e-01	   7.0898061415143332e-01	   6.3996820277299538e-01	   2.2648803346481666e-01	   2.5041733074220013e-01	   4.4933380628753705e-01	   2.3598019175050544e-01	   4.1787092299566403e-01	   3.2416552829360856e-01	   5.1826156528899969e-01	   3.9990001986724588e-01	   3.3239968476834381e-01	   3.5726032527167079e-01	   2.8837232897940523e-01	   3.1389728800757055e-01	   3.2582780487868235e-01	   3.2426568909994502e-01	   3.9474185347471802e-01	   3.5526543328303467e-01	   6.4328521392972482e-01	   4.7532537065161151e-01	   5.4919066849895559e-01	   4.2080475590157940e-01	   5.9234772396389690e-01	   4.6565066652101689e-01	   7.0814077412896259e-01	   5.9999175262805771e-01	   9.8159393578787313e-01	   9.1823741910237433e-01	   1.0391203679117098e+00	   7.2871301877620653e-01	   1.0179478772098463e+00	   9.6761743971357184e-01	   4.6844042479068138e-01	   4.6934557533164817e-01	   6.0372916987559178e-01	   5.1059615329784058e-01	   5.2913184492643295e-01	   4.6050141726622362e-01	   4.1052324864849443e-01	   5.4568936177784533e-01	   6.5197648100193717e-01	   5.7644093305949817e-01	   5.3700407583611109e-01	   6.2103119925881500e-01	   6.8211284157352303e-01	   8.8027994333286796e-01	   3.0718806106789581e-01	   1.6193270864938786e-01	   4.7621213797027939e-01	   3.4761668936107193e-01	   5.1358462740059885e-01	   3.6548332576734421e-01	   4.9944704357494624e-01	   5.6401166374440470e-01	   3.7223587029390109e-01	   3.1133472914066956e-01	   9.1845867908723144e-01	   8.4005386697791451e-01	   5.6412138611447826e-01	   4.5855602130924689e-01	   5.8472427116868442e-01	   6.1856264657456217e-01	   1.4358699047605370e-02	   3.0956957218691789e-01	   5.0583332242808443e-01	   4.9819982133594587e-01	   6.4681754748089582e-01	   6.7042708261840545e-01	   8.7190432999911716e-01	   8.4271020372813654e-01	   8.7211154818187386e-01	   9.6884372912070749e-01	   6.0776419501071599e-01	   3.8074064655143663e-01	   6.0269905252155964e-01	   5.5245687994794968e-01	   3.6691848804939842e-01	   5.7258540217838705e-01	   5.7528889256576732e-01	   7.7908209111238380e-01	   7.5181099926623951e-01	   7.7435615443843420e-01	   5.9498050520244627e-01	   1.5944929415658889e-02	
