   0.0000000000000000e+00	   1.3601257107630966e+00	   4.6778489591563455e-01	   7.7586587054056455e-01	   4.3025392811696223e-01	   6.8714750770950928e-01	   6.7300151921688367e-01	   8.1149296020434902e-01	   5.3476306582133359e-01	   6.5980748587052906e-01	   1.2889073865631344e+00	   8.6527546715517478e-01	   1.0440629844157174e+00	   8.7435808883507926e-01	   6.9857768359615691e-01	   7.3950353705782912e-01	   9.8021782794208667e-01	   8.7154539655600960e-01	   1.1493209754857474e+00	   9.7303411334596079e-01	   1.2973300259596668e-01	   3.5699035614975755e-01	   1.9587510569855404e-01	   3.9035733225248531e-01	   1.7223860532845608e-01	   2.6670598858167260e-01	   2.0470375084712078e-01	   5.5394905817483275e-01	   1.0390099216898601e+00	   8.3177752835187602e-01	   2.4727290325511431e-01	   4.3344626696348115e-01	   8.9131936572014681e-01	   9.4319561772383376e-01	   1.8393134345692108e-01	   4.0037797452685403e-01	   5.9348673409899666e-01	   6.4970415803496351e-01	   5.7403321319411493e-01	   6.1998607994311472e-01	   6.2264419618135314e-01	   6.4363701168434961e-01	   8.0450347042492143e-01	   8.0478309815878923e-01	   9.5407864748177351e-01	   7.4280242074283287e-01	   7.5293517805018395e-01	   6.8267143339382141e-01	   7.3759578755439659e-01	   5.3144067412904672e-01	   7.8551968015421136e-01	   6.3271286137545113e-01	   4.5310012273497768e-01	   3.3112984340877161e-01	   7.9762376693686188e-01	   6.9331266052319585e-01	   1.2142968763752449e+00	   1.0380888614520496e+00	   1.0526798728658970e+00	   6.5395411018163652e-01	   8.3804592759959351e-01	   9.1224317242917752e-01	   8.8627030318545064e-01	   7.0954475935559891e-01	   1.4286043743981217e-01	   6.8294999158153646e-01	   7.3576467672669865e-01	   6.2397654645172262e-01	   9.6988763455219240e-01	   7.9069102861560581e-01	   2.9868264622800800e-01	   6.4438853932419871e-01	   7.3585811925187872e-01	   6.0663531616332167e-01	   6.3601302285443273e-01	   6.9847798483859236e-01	   1.0387285717980239e+00	   8.3645751080019004e-01	   7.8643800122247609e-01	   7.7808389043870541e-01	   9.0780246312938784e-01	   9.5423015557238033e-01	   1.0519294715958272e+00	   8.7969518611449127e-01	   7.9113148849117787e-01	   8.1732603987300723e-01	   3.0369308743653944e-01	   5.1484175139759158e-01	   7.6042890168765742e-01	   9.1263051972738873e-01	   4.8688055511751172e-01	   4.8324788125170459e-01	   5.8050340118588672e-01	   3.6409293867028109e-01	   3.9161178778162675e-01	   3.0149902041225518e-01	   7.4985502680804061e-01	   5.4623479720377943e-01	   6.4395768454642621e-01	   7.0017156661060542e-01	   5.7068457324850330e-01	   5.6053066222008952e-01	   6.6451705005448591e-01	   7.3336010608741586e-01	   3.5994939884796229e-01	   2.8348367321183932e-01	   6.0844910782366268e-01	   4.0266236865974014e-01	   1.6967367029649968e-01	   4.9206413221037487e-01	   5.9788493476613813e-01	   6.9954517935292160e-01	   6.7660665864310754e-01	   7.0588564078302551e-01	   9.1653048356829170e-01	   5.9306134020925949e-01	
   1.3601257107630966e+00	   0.0000000000000000e+00	   3.7622375313657624e-01	   9.3315744978106996e-01	   3.5617148422089634e-01	   6.1050371804195358e-01	   4.8213516152084057e-01	   8.9810345885102083e-01	   4.3082890151703945e-01	   5.3976285565279802e-01	   8.0213873560483706e-01	   7.5138861777822741e-01	   6.8716030319492150e-01	   7.4432812886715927e-01	   5.4766897640469958e-01	   6.7254718386633494e-01	   1.1334010881155876e+00	   1.0547209245497928e+00	   1.0623000622451748e+00	   1.1628879792354161e+00	   2.5637610773608671e-01	   3.7246086865000488e-01	   1.8773949064432841e-01	   4.9786369101091499e-01	   2.0012435334602871e-01	   2.8400199196821169e-01	   2.7377886333772128e-01	   6.7601134040762512e-01	   1.0080260435359425e+00	   8.9677188274515340e-01	   3.2008479070590440e-01	   5.3978177201228039e-01	   1.0155827809989166e+00	   1.1618150625988866e+00	   2.4027888346437321e-01	   5.0445608024046096e-01	   5.0814143380961041e-01	   5.5729688261577337e-01	   4.9746318039343196e-01	   5.9974771917473935e-01	   4.3035045745876171e-01	   4.8306533594445555e-01	   8.1583828233426203e-01	   8.8713441061804643e-01	   1.0412607752741920e+00	   7.8783217548831719e-01	   7.6027311992165991e-01	   7.8052722451125711e-01	   5.7596653829482547e-01	   4.8764299318097065e-01	   6.0705956577468567e-01	   5.1184098960174662e-01	   3.4684004427798026e-01	   3.0263426522117842e-01	   6.3300988336134367e-01	   6.3732347516598342e-01	   1.4131834980334281e+00	   1.3623033097219328e+00	   8.8250267772257784e-01	   6.6125530965394597e-01	   5.5518937283048986e-01	   7.5140175250081176e-01	   9.5147626606081781e-01	   7.4087599410827032e-01	   1.1931856746985592e-01	   6.0378340600008062e-01	   6.8779381451668398e-01	   7.5155774525464891e-01	   1.1680033989784044e+00	   8.6604458584208199e-01	   2.7206148863196000e-01	   5.9167301770990000e-01	   6.0199050603717930e-01	   5.5045839870218349e-01	   4.3102707029474430e-01	   6.0943797982528913e-01	   8.1074362567406089e-01	   8.1675577072799244e-01	   1.0625730984887594e+00	   1.0160642545928802e+00	   1.1766619386921817e+00	   1.2722191875982478e+00	   9.0696635948663229e-01	   8.4884657854243561e-01	   6.7595868904025547e-01	   9.4293511409186936e-01	   2.9444819435576319e-01	   5.1425319234374456e-01	   5.7556565834262630e-01	   7.9486216944809907e-01	   4.2308611588312134e-01	   3.3375125396218702e-01	   5.4348119882176571e-01	   2.4196195572731205e-01	   3.6857660621396271e-01	   3.4023812717483748e-01	   6.8967272577224936e-01	   5.9152850968516091e-01	   6.0439922281567671e-01	   5.9869443842293957e-01	   5.6770217757093633e-01	   3.9630281385897664e-01	   7.3734926650224086e-01	   5.8867724814414035e-01	   3.9877681805833526e-01	   2.7506336255614006e-01	   4.7050000512184154e-01	   1.7938886318460548e-01	   2.6747822718287600e-01	   4.8248919163301973e-01	   6.2521110257169821e-01	   7.3332836451023031e-01	   7.8087933669172915e-01	   7.1391428647500688e-01	   8.0281661585416164e-01	   6.3141230521984881e-01	
   4.6778489591563455e-01	   3.7622375313657624e-01	   0.0000000000000000e+00	   4.5868117547777693e-01	   1.0307629629652038e+00	   9.9730711523137644e-02	   1.3371199707596240e+00	   2.3276382269971430e-01	   5.4256335946342527e-01	   2.7226305704528514e-01	   5.4759201609598906e-01	  -2.7812702887661977e-02	   3.4508607688830240e-01	   5.8026898677668581e-02	   1.0329225950484950e+00	   4.8215667866986023e-01	   1.5456868486598660e-01	   3.4700032959879729e-01	   5.6244113470845469e-01	   3.3306413069374302e-01	   2.9832867732162649e-01	   2.6396797544734441e-01	   1.2054031414247413e+00	   8.7398723162206737e-01	   9.0085999772731606e-01	   8.1844851914487815e-01	   6.7382172228445747e-01	   1.9985341629387096e-01	   9.3013864748759209e-02	   6.2099244911786235e-02	   7.7204164497658667e-01	   8.3253061615591617e-01	   4.9956313285622334e-01	   4.3715818077193325e-01	   7.5956702993463265e-01	   4.5567473628297461e-01	   5.1472116613219210e-01	   5.8910142564885082e-01	   7.9559435179179305e-01	   5.6521580001469451e-01	   2.4925293774585541e-01	   3.8545759810707320e-01	   1.0879781038327073e-01	   5.3758078072455008e-02	   1.6988060818710343e-01	  -8.9360118625176066e-02	   7.5742107226105845e-02	   9.1230911251184502e-02	   1.9479614969864179e-01	  -1.5011056956142191e-01	   3.1863680245400794e-01	   1.0898786820525574e-01	   3.0879560678873982e-02	   1.2919547475266324e-01	   1.8218869804175286e-01	   1.8214100791676646e-01	   3.0452173266157478e-01	   3.5618277528986669e-01	   4.3345794687383066e-01	  -2.4336485706921134e-02	   4.0055964364201713e-01	   1.7418363795808758e-01	   1.2940658359059648e-01	  -7.6572985008457502e-03	   9.5093386295091009e-01	   4.5249764324753289e-01	   5.4999357701194185e-01	   3.3931215695884620e-01	   4.8748212921722983e-01	   5.9140567205998618e-01	   2.0855102238860043e-01	   6.5013454741829138e-02	   4.0353699631768714e-01	   1.9268010195758092e-01	   2.7771830181463919e-01	   2.7695338465371688e-01	   3.6850773961124472e-01	   2.9205310626157582e-01	   4.2848746644727986e-01	   4.2428612970621593e-01	   2.0706976635730734e-01	   3.4629790943923794e-01	   8.6681756692451950e-01	   4.3033178290681429e-01	   8.6309471002824989e-01	   3.2418573854438482e-01	   7.3773428417442577e-01	   5.8797803037599983e-01	   6.6265575991890968e-01	   3.4590754855671529e-01	   2.0659928958705712e-01	   5.1887854419208923e-01	   3.1767575019432182e-01	   7.2479855620710387e-01	   7.4468798255500579e-01	   2.6271830160969084e-01	   7.0810514871731056e-01	   3.7515168883915712e-01	   6.5053988851716454e-02	   2.7835601683969213e-01	   8.0260181687442519e-02	   3.4087221666329109e-01	   2.1584246198534740e-01	   2.6511987636048934e-01	   3.8117207222882626e-01	   5.0417496174160892e-01	   1.6378682234830561e-01	   4.1184619502182968e-01	   7.7338383028203631e-02	   5.4452775810082665e-01	   5.6381876405091613e-01	   3.4691220479299489e-01	   3.2951164845938646e-01	   3.6788949683399519e-01	   5.6010793033982542e-01	   3.7329513986265833e-01	
   7.7586587054056455e-01	   9.3315744978106996e-01	   4.5868117547777693e-01	   0.0000000000000000e+00	   5.4219715649317846e-01	   6.9797289898739800e-01	   5.7825864883635714e-01	   1.4907459603646771e+00	   4.7274676082092981e-01	   8.3433250385476787e-01	   5.4307364803645997e-01	   7.7559871113119494e-01	   5.9365157613929820e-01	   7.3219153249758417e-01	   5.5595027363592830e-01	   8.7048297655564066e-01	   6.3036962358276649e-01	   7.1288913339698523e-01	   6.9852861562676061e-01	   9.3165166400473565e-01	   2.4477525201153102e-01	   3.3464777049216454e-01	   4.0032168668117196e-01	   8.7955134534779489e-01	   4.1604276897982073e-01	   4.4813947677496146e-01	   2.6170255703301926e-01	   5.4286990290702986e-01	   6.8233507811363237e-01	   7.1964207236274125e-01	   5.0318404755311752e-01	   8.6407536240497440e-01	   9.3946328188239303e-01	   1.0918143226081367e+00	   4.4079952380207771e-01	   8.0278966591321932e-01	   4.2088358603568377e-01	   5.0332219051159699e-01	   5.9073024728625700e-01	   6.2567269815233562e-01	   3.8755791730944045e-01	   5.1369461084253021e-01	   6.0428099096770616e-01	   6.5458205861566809e-01	   6.8396240659404328e-01	   5.4062607206609903e-01	   5.8076817902757283e-01	   7.2776809075881532e-01	   4.2906643921897181e-01	   4.3127957487765811e-01	   4.4698117113052982e-01	   6.0209583946940315e-01	   4.6488661682328081e-01	   5.0897669599113249e-01	   6.0817573152178805e-01	   6.1261755181358490e-01	   7.2620153771346918e-01	   9.3243055949532005e-01	   5.8027093999872925e-01	   6.5794093195947723e-01	   5.3253792990002013e-01	   9.3511854810708028e-01	   7.0367410871037439e-01	   7.3182309029036330e-01	   2.4932949133639776e-01	   8.1833677648148884e-01	   6.1697766788524033e-01	   7.1322421675700687e-01	   6.5452993714051033e-01	   6.0141078116039504e-01	   2.2979289130735928e-01	   4.7042602589824101e-01	   2.9925885182922168e-01	   2.7996224008713888e-01	   2.1975327039922593e-01	   4.9465855191623609e-01	   5.5682875244245600e-01	   6.9743906239989339e-01	   6.2238076626290395e-01	   5.4571617315529453e-01	   6.6201515134052569e-01	   9.6939559765448824e-01	   7.4935121072628930e-01	   1.1060700765336304e+00	   6.9782816934511271e-01	   9.9472480411632846e-01	   1.5174970881295805e-01	   4.4175238739236194e-01	   6.7411428625131964e-01	   7.6202076924264728e-01	   7.4898793450080015e-01	   3.6694127950155941e-01	   9.6408486195001297e-01	   3.5076600048505957e-01	   4.0240022883363030e-01	   3.0439907626264912e-01	   6.9231300641098881e-01	   4.7214682147229192e-01	   5.7031294666912746e-01	   5.0422545775017802e-01	   8.1306145118821360e-01	   4.4456385483906519e-01	   7.7884358393317010e-01	   4.7455049499923047e-01	   3.6013378455741585e-01	   2.7255661275083243e-01	   4.6376876568253961e-01	   1.1762945640389795e-01	   9.0506595854105670e-02	   4.2523768645295162e-01	   5.9833928318792695e-01	   7.1020833871520850e-01	   7.1718788286653734e-01	   5.6359637213415459e-01	   7.8870449347716243e-01	   3.8239427266241960e-01	
   4.3025392811696223e-01	   3.5617148422089634e-01	   1.0307629629652038e+00	   5.4219715649317846e-01	   0.0000000000000000e+00	   4.4018398264718561e-01	   9.6853549436929698e-01	   3.9517234045874722e-01	   4.0577043834432158e-01	   4.3852343301283320e-01	   5.1670344934537649e-01	   1.2753340520187811e-01	   3.1124648595503623e-01	   1.6340423931723883e-01	   9.2567703484598729e-01	   6.5641289601992370e-01	   1.5413012255314817e-01	   3.6575281572898194e-01	   6.1436578587469637e-01	   4.7166933958463109e-01	   3.2541984160860443e-01	   3.6875242494757460e-01	   9.9800585877712977e-01	   8.8387043727683356e-01	   7.6750964462186100e-01	   7.5561180044802523e-01	   6.9236778308786873e-01	   4.5482695906501686e-01	   1.5458307539457100e-01	   1.3316696391619343e-01	   7.1951638552313124e-01	   7.4334064969987224e-01	   4.0957064495243589e-01	   4.2739791304177127e-01	   5.0506494446755790e-01	   3.5885336245706534e-01	   5.3731150524738658e-01	   4.9000666046019870e-01	   6.7821509575247352e-01	   4.9788452354324930e-01	   2.4738836630011651e-01	   2.6782311070079012e-01	   2.0557945746122952e-01	   9.9115904407191133e-02	   1.8051396491007704e-01	   5.3121382581751871e-02	   2.6362400160883004e-01	   3.0554850924648225e-01	   2.7744392906017717e-01	   1.3606401755649566e-01	   3.4295761613179609e-01	   3.1370170523099689e-01	   3.3981852557811953e-01	   5.3500557336159260e-01	   3.4429895126114302e-01	   3.2537681793543438e-01	   3.2180830776618430e-01	   3.9811749259874318e-01	   3.0881204628147030e-01	   2.7144699611490597e-01	   2.7513066220692839e-01	   2.1533057576678055e-01	   1.4545955919812617e-01	   4.1549490668953450e-02	   5.7210051196955414e-01	   3.2021031965546709e-01	   3.6186034255383809e-01	   2.7376058687985411e-01	   4.1786992611902063e-01	   6.0040158043352376e-01	   3.1839107842147907e-01	   2.3127345209499739e-01	   3.6556400543244333e-01	   1.0419038961873120e-01	   1.3382884389380575e-01	   1.6161409594780451e-01	   2.1050754418122741e-01	   2.1212705837449866e-01	   2.8972136208182997e-01	   2.9767839364594373e-01	   2.2933536153530509e-01	   3.5736115219183956e-01	   6.9867174287353684e-01	   5.3529355653849386e-01	   6.4229079110573217e-01	   3.6025924966874862e-01	   4.0609894533449753e-01	   5.4048351157695673e-01	   4.6104904247982542e-01	   5.8807488165727406e-01	   5.6571904007187546e-01	   6.6942150242821741e-01	   6.5315798719804463e-01	   7.7315596823928157e-01	   6.4481998090609793e-01	   2.0251938087375637e-01	   6.0704570698480520e-01	   2.7709906369321646e-01	   3.1519820163372936e-01	   4.1869841010503839e-01	   3.4117077793820011e-01	   3.4980885218698726e-01	   4.9676936388547144e-01	   3.3043487119956660e-01	   4.4496731555322833e-01	   4.7761944688857516e-01	   1.4499255973502936e-01	   2.8367438438655190e-01	   3.9298926691159655e-02	   3.9515043374528158e-01	   5.3333286268453062e-01	   5.8567460668093407e-01	   4.5999425900199375e-01	   3.5271014235562986e-01	   5.2299368288802861e-01	   2.4390442676923363e-01	
   6.8714750770950928e-01	   6.1050371804195358e-01	   9.9730711523137644e-02	   6.9797289898739800e-01	   4.4018398264718561e-01	   0.0000000000000000e+00	   3.8483381546438045e-01	   1.0456318204357609e+00	   3.0326134790021214e-01	   1.1218174020475349e+00	   6.5929861879181284e-01	   1.1933686762804367e+00	   7.0134781187917172e-01	   1.0749057118499581e+00	   4.0900736036238572e-01	   8.5418203557314021e-01	   6.6526574462487553e-01	   6.8040601786304644e-01	   7.3477805590207756e-01	   7.6231839871833140e-01	  -1.0304552204542901e-01	   2.8626459400160548e-01	  -1.0569557521835860e-02	   2.2108805219369868e-01	  -1.1464129067018319e-01	  -5.9291642095164340e-02	  -1.0026536029123823e-01	   6.6878599277574691e-01	   8.3387007352320031e-01	   8.8693737093018254e-01	   1.6007158336583067e-02	   2.2941723112012449e-01	   4.0738029912016993e-01	   5.0411873533569607e-01	  -1.8991988566096099e-01	   1.1456795313563531e-01	   3.1893130977281364e-01	   2.7049855389859345e-01	   2.0423638268131622e-01	   3.4877710198560291e-01	   5.7998544323269918e-01	   5.0127789299152625e-01	   8.0520535159520668e-01	   6.6884530404060216e-01	   6.6847356489405430e-01	   8.8112185941030496e-01	   9.2289508110921270e-01	   9.8854924850085757e-01	   6.8181680685169199e-01	   1.1187083895893304e+00	   4.9673007740491004e-01	   8.4682281529224324e-01	   1.1745899046019974e+00	   1.1342393646263482e+00	   9.3061716686203177e-01	   9.1111980273040483e-01	   5.8894558649241735e-01	   5.7669964191073164e-01	   4.1611521961251235e-01	   1.0769909195889449e+00	   4.1769151640246660e-01	   8.8714127310605018e-01	   6.0731922229755209e-01	   8.6109965228971619e-01	  -3.3029832755475408e-01	   2.0516847718493886e-01	   1.5376139369553804e-01	   1.8942664580920990e-01	   4.0001748405198961e-01	   3.9735718695262984e-01	   1.7219153397296330e-01	   6.3664889556284054e-01	   4.5185463283147381e-01	   4.8806038143849417e-01	   3.8796778041613367e-01	   3.5258296741006634e-01	   4.8632492077896045e-01	   5.7708847781783834e-01	   3.0232413586012541e-01	   2.7805909756463371e-01	   6.0556165073176327e-01	   5.4958493901313521e-01	   4.2039249944453483e-01	   8.2741906560447231e-01	   3.1212271222917798e-01	   4.7310370454916739e-01	  -1.7804607449808715e-01	   1.4032485110169859e-01	   3.3564180315175757e-01	   9.1561107342310954e-01	   1.1743207789453183e+00	   7.0898458504475115e-01	   1.0133056699839973e+00	   4.7664734079787158e-01	   2.3447044272492529e-01	   1.3852224569517727e-01	   3.2404854041700981e-01	   2.0765454604024522e-01	   1.0987859992456519e+00	   9.3769997408980243e-01	   1.0323535290986943e+00	   6.4943163935258008e-01	   1.0236430887990915e+00	   7.8764283694647497e-01	   2.1570904899160318e-01	   6.1269230784906238e-02	   6.4526298068414689e-01	   2.0503313957521782e-01	  -5.2927961522459738e-02	   1.1381417253750567e-01	   2.6660031792012634e-01	   8.7437301802726342e-01	   7.9202597333459124e-01	   6.5419912695449145e-01	   5.9760960418250775e-01	   5.3831212524295978e-02	
   6.7300151921688367e-01	   4.8213516152084057e-01	   1.3371199707596240e+00	   5.7825864883635714e-01	   9.6853549436929698e-01	   3.8483381546438045e-01	   0.0000000000000000e+00	   4.5695851662470727e-01	   5.9663209661371752e-01	   4.2634400296154479e-01	   7.5531676558571903e-01	   2.2738222376954365e-01	   5.4899910063861279e-01	   3.2627338492458391e-01	   8.5640267883391685e-01	   6.3169009194205372e-01	   3.3006565090649176e-01	   5.1577213101690877e-01	   8.1562056522510828e-01	   5.8644011210733982e-01	   1.2532822629836532e-01	   2.9422489510149757e-01	   8.3523034349366421e-01	   7.9343962857258932e-01	   5.6364145912039820e-01	   5.8684018900781232e-01	   4.6163722270197738e-01	   4.0392713632865646e-01	   2.5176574417913539e-01	   2.1474759470723487e-01	   5.5440426391644337e-01	   7.5932285574986369e-01	   5.8503943553234750e-01	   5.5630716217569942e-01	   4.9354872581621567e-01	   3.7923511357344719e-01	   5.5137079677786949e-01	   6.5098485369617332e-01	   8.1502116923721557e-01	   6.0534339017016403e-01	   4.5869315468046146e-01	   4.8947221248619033e-01	   3.2059403850317580e-01	   2.2074182349498145e-01	   3.4891268635901990e-01	   1.8020855266318628e-01	   3.1075964723883753e-01	   2.9763659780867835e-01	   4.0432460956703786e-01	   1.2968213364151329e-01	   4.4814796012462144e-01	   3.3533980175263978e-01	   2.3909054899573995e-01	   3.4792476860694210e-01	   4.4096347807567460e-01	   3.9368324750202865e-01	   4.5040397817493283e-01	   4.6512144900339264e-01	   6.1716924269622642e-01	   2.0322442412918607e-01	   6.0497061212007486e-01	   3.9545981158187371e-01	   2.7285177408712169e-01	   2.0294027644637067e-01	   5.9092146544066682e-01	   5.3707924645618665e-01	   6.4516952123712601e-01	   4.4904544541676772e-01	   5.4646327886932800e-01	   6.6088120823483321e-01	   2.4000438219913675e-01	   2.3060135613883881e-01	   4.4544530421964112e-01	   2.5268035939100131e-01	   4.3005269946822472e-01	   3.5222358511831225e-01	   5.3307812987119541e-01	   4.5121024677593025e-01	   4.2989100356022125e-01	   4.3510258846781380e-01	   2.9304931238940063e-01	   4.1094377974689072e-01	   9.4396915918281821e-01	   6.3949311856285429e-01	   9.5739595175302994e-01	   4.8730880716337399e-01	   5.2300779556664345e-01	   6.7448428217234380e-01	   6.8187013827857412e-01	   5.2552416806743496e-01	   5.0124534964369971e-01	   8.3114216436723976e-01	   6.0170403458602428e-01	   8.7585443240098393e-01	   7.6017371484146046e-01	   2.6734663992958252e-01	   8.6309400963762495e-01	   4.5856934628553991e-01	   3.7756886590675465e-01	   5.6142587945313138e-01	   3.8517799259295010e-01	   6.7928286898162060e-01	   4.9116530479549325e-01	   5.9897958981315524e-01	   3.9240727553074389e-01	   4.6279921354216291e-01	   3.3621721054771814e-01	   4.1987284568528321e-01	   8.1184555638917744e-02	   5.1402084846189455e-01	   6.0487711957534196e-01	   6.2189452402914214e-01	   5.0900455030572589e-01	   5.4710263006740267e-01	   6.9111727878025986e-01	   2.6322675109489069e-01	
   8.1149296020434902e-01	   8.9810345885102083e-01	   2.3276382269971430e-01	   1.4907459603646771e+00	   3.9517234045874722e-01	   1.0456318204357609e+00	   4.5695851662470727e-01	   0.0000000000000000e+00	   4.4007154491719902e-01	   1.0001503557814078e+00	   5.8217611285394000e-01	   1.2046476200251934e+00	   7.0798343965037180e-01	   1.1542868312397299e+00	   4.1046188439387976e-01	   8.9911675261917734e-01	   7.0697679569760652e-01	   8.0028069499811394e-01	   6.7888237973796595e-01	   9.2085766353039311e-01	   4.7955214212756954e-02	   2.4463937277266445e-01	   1.1157725740050704e-01	   5.1756032598121771e-01	   8.6211846158970928e-02	   1.3001681857178193e-01	  -2.0272801418481565e-02	   5.0455936182127337e-01	   9.1811689424531673e-01	   9.5857490427037939e-01	   2.1525986442415454e-01	   5.4693524269223759e-01	   7.9998364079732365e-01	   8.9634427897608404e-01	   1.0294932284449594e-01	   4.9425284133878339e-01	   3.1806921134488714e-01	   3.6492905566626499e-01	   3.8067209311463873e-01	   5.4058136371837517e-01	   4.4340121373962471e-01	   5.0754627139705522e-01	   6.8925345230831070e-01	   7.3569691113452296e-01	   7.0552688261570162e-01	   7.5706509950951451e-01	   7.1828063567042377e-01	   8.2282827309863582e-01	   5.0556855293508018e-01	   6.8205904372680759e-01	   4.5376119893899858e-01	   7.3701599039670163e-01	   6.3763017418425250e-01	   6.1614941596396722e-01	   7.1244469916108621e-01	   7.4188128996792657e-01	   7.6331536190860771e-01	   8.2094239700560157e-01	   5.8378754190544424e-01	   8.5616127918425788e-01	   5.9288757359077382e-01	   1.2832570557506209e+00	   8.1812863794294421e-01	   1.0482877381137057e+00	  -3.1839403783552059e-02	   6.1383934420435671e-01	   4.6233899565527936e-01	   5.6635007749273258e-01	   5.4802678181104736e-01	   5.0498106547637400e-01	   1.3607901385437501e-01	   5.2853373789149749e-01	   3.2892982350720584e-01	   3.6505852874972416e-01	   3.2981403708068785e-01	   4.3549039884859353e-01	   5.7223003209589407e-01	   7.1503502375981298e-01	   5.2791607089360026e-01	   4.8534897235487801e-01	   6.8171793199042918e-01	   9.3585954180919539e-01	   5.5959870538024648e-01	   1.0879871864656803e+00	   4.9026363496229908e-01	   9.3213183243823605e-01	  -1.2130360206280653e-01	   2.2263659863824026e-01	   4.7632477857067274e-01	   7.4057655980414627e-01	   8.9928735016872907e-01	   4.0567687548776971e-01	   1.0842945969616444e+00	   3.4514496454063032e-01	   3.0522823681979050e-01	   2.2385855199080174e-01	   5.1596771928081164e-01	   3.7928257333501436e-01	   7.5040349697485986e-01	   6.2992861395720789e-01	   1.1127818625039900e+00	   5.6409749651330165e-01	   9.1283260946700517e-01	   6.1347164506369478e-01	   1.8727401506686223e-01	   1.0725896917925151e-01	   5.9350137458493868e-01	   7.2312443883389116e-02	  -9.3709456700545868e-03	   2.9247514715580319e-01	   3.6563922557045925e-01	   6.8362008867427404e-01	   7.7387233417288337e-01	   6.6604786326535736e-01	   7.1815388070624930e-01	   2.7454070080615300e-01	
   5.3476306582133359e-01	   4.3082890151703945e-01	   5.4256335946342527e-01	   4.7274676082092981e-01	   4.0577043834432158e-01	   3.0326134790021214e-01	   5.9663209661371752e-01	   4.4007154491719902e-01	   0.0000000000000000e+00	   6.0973302491939463e-01	   5.4195096737605608e-01	   3.4738954892215534e-01	   7.5166475291282209e-01	   4.5668341580939603e-01	   6.7627712445517008e-01	   4.3689145954673442e-01	   2.0999924234688833e-01	   2.3950698705003506e-01	   2.9916265474654702e-01	   2.4151577450671000e-01	   1.4372951807485118e-01	   2.7370248377820228e-01	   1.5958527724065769e-01	   2.6733010453163786e-01	   2.1161052333076974e-01	   2.1226072441150873e-01	   1.3015475147628564e-01	   1.9696284373645034e-01	   2.5831383718104500e-01	   1.9596096194912077e-01	   7.9383016013811966e-02	   2.4906554714546464e-01	   2.8863665558585372e-01	   2.7749984929236182e-01	   9.5430384375313176e-02	   1.9790926565565178e-01	   2.8339842437720730e-01	   2.8718935220686626e-01	   4.2400100074552677e-01	   2.8148810038192035e-01	   2.2158958452456307e-01	   2.6638229746771713e-01	   2.4596458261072185e-01	   2.2994430402371346e-01	   2.6530216507638671e-01	   1.2717664580376378e-01	   2.0739691112912520e-01	   1.1441045671750946e-01	   2.9098707979215244e-01	   6.4610204643382255e-02	   3.4152005647620448e-01	   2.7244280058885539e-01	   2.6043937182577298e-01	   1.2407555423788491e-01	   3.7183040633236131e-01	   2.6609314451502308e-01	   3.4584343146631313e-01	   3.3287612745897177e-01	   7.1860797310625191e-01	   2.4778494881645546e-01	   8.1748858419332193e-01	   5.5302544539213550e-01	   2.1168067947263916e-01	   2.6465382346830585e-01	   3.0102228938033743e-01	   5.5352796006505578e-01	   3.3181266271250376e-01	   1.9146164997833315e-01	   3.3721147911691995e-01	   4.1701196607336877e-01	   7.2418533194504697e-02	   8.2252613144697437e-02	   2.4731306792880514e-01	   1.6894234561189758e-01	   1.8085566708934939e-01	   3.1969301892889518e-01	   2.7830227496055449e-01	   1.4909059937464239e-01	   3.4228526945468124e-01	   3.1020811927200953e-01	   2.4067886696474894e-01	   3.6339610304029163e-01	   4.2453508576817367e-01	   3.1996336573780509e-01	   5.2419878291489153e-01	   4.5228428568779400e-01	   1.3426583601799436e-01	   1.8758908393787566e-01	   7.1166062267224761e-01	   3.5518330533306003e-01	   2.2309109908977090e-01	   3.4835550720185104e-01	   3.4439060941121269e-01	   4.0809437907042134e-01	   4.2303893646261520e-01	   2.3095596560859338e-01	   3.9827268018984879e-01	   3.1497055908053118e-01	   2.1413515603746899e-01	   2.4707118573348408e-01	   2.3858304114583140e-01	   5.0455462057229739e-01	   2.0295683931055422e-01	   3.7091843257215651e-01	   1.7601815420126729e-01	   1.6878167230902127e-01	   3.7749727060962540e-01	   4.4294520148020150e-01	   4.3004505055800481e-02	   3.9648077218841760e-01	   3.3136747785108611e-01	   1.9338305964489233e-01	   3.3309578994830169e-01	   4.3299608933736627e-01	   5.2536769552447049e-01	   3.3798165678678266e-01	
   6.5980748587052906e-01	   5.3976285565279802e-01	   2.7226305704528514e-01	   8.3433250385476787e-01	   4.3852343301283320e-01	   1.1218174020475349e+00	   4.2634400296154479e-01	   1.0001503557814078e+00	   6.0973302491939463e-01	   0.0000000000000000e+00	   7.3851910569108092e-01	   1.0012690946236051e+00	   8.8249379444516007e-01	   9.2740241401283430e-01	   5.8432058619865068e-01	   9.5523977946546690e-01	   4.3470583444599553e-01	   4.7787171962212482e-01	   5.2089683509809459e-01	   4.6268291886049440e-01	  -9.0923850061527617e-02	   1.1541682782613623e-01	   9.5505993640718864e-02	   3.1301785076934302e-01	   6.9869932055426298e-02	   5.1707325144058999e-02	  -4.5038777654624641e-02	   3.3252361717497103e-01	   6.0991736422560472e-01	   6.1345984269894061e-01	   8.0038391785534693e-02	   3.1821363660580565e-01	   3.6881494332775044e-01	   4.3668906837506316e-01	  -4.1749751604112990e-02	   2.4242750424538712e-01	   2.7009914842453753e-01	   1.8777531588356208e-01	   2.0269149033124118e-01	   2.5457470174878238e-01	   4.3677292392755929e-01	   4.4081765236879944e-01	   5.6785101844496166e-01	   5.0062418864872860e-01	   4.7596558746104045e-01	   5.6019333944790384e-01	   6.0415378055369151e-01	   6.2117575489878019e-01	   4.9401071397083363e-01	   6.5875033921782644e-01	   4.3143849255444139e-01	   6.4708136422229490e-01	   9.8094222432574030e-01	   7.4672125307186898e-01	   7.1847952948016003e-01	   6.4850416809754163e-01	   3.9271715748940234e-01	   5.0043825484614968e-01	   4.1027221256507301e-01	   6.7844415554703974e-01	   5.6124947293491467e-01	   1.0447638280084974e+00	   4.4725760592910740e-01	   6.8594711668108432e-01	  -6.3909193600697120e-02	   4.0047834292383078e-01	   1.1095241762196840e-01	   8.7916243185699988e-02	   2.9143021703929012e-01	   2.9916806065421880e-01	   7.2397641239089344e-02	   4.3811398304336679e-01	   4.0754687494654357e-01	   4.8163916706369292e-01	   2.5463619663582515e-01	   4.3291416550653683e-01	   4.9033530055964558e-01	   4.5796407852969734e-01	   2.8298379960407893e-01	   2.1161245282068483e-01	   4.3957124552891402e-01	   5.2569058524047407e-01	   5.2644741609984980e-01	   7.2864460005989173e-01	   4.7177571995327594e-01	   5.0071016337548413e-01	  -7.6122711727647688e-02	   1.3122435938541810e-01	   5.6014119497004211e-01	   7.7126856472433314e-01	   8.7246151562826801e-01	   6.1736147004933362e-01	   9.0712235828190602e-01	   4.6800208452049014e-01	   3.0662241921898753e-01	   7.7952196940668017e-02	   2.9570663913395306e-01	   1.3099182105970270e-01	   6.6433842644034968e-01	   6.4721881083696109e-01	   6.9171567268289114e-01	   5.3320322143931742e-01	   6.3122523572682177e-01	   4.6689945309863135e-01	   8.5227909350054074e-02	   1.5008755328957677e-03	   6.4002303085333689e-01	   2.2054783496239541e-01	  -6.0826428479967241e-02	   2.2777844467502445e-01	   2.3788086071137471e-01	   5.6395161198162780e-01	   6.8777121884039294e-01	   4.8810081249962767e-01	   6.6463542817104004e-01	   1.6977574113053837e-01	
   1.2889073865631344e+00	   8.0213873560483706e-01	   5.4759201609598906e-01	   5.4307364803645997e-01	   5.1670344934537649e-01	   6.5929861879181284e-01	   7.5531676558571903e-01	   5.8217611285394000e-01	   5.4195096737605608e-01	   7.3851910569108092e-01	   0.0000000000000000e+00	   7.2082284073835223e-01	   1.2169141964860164e+00	   7.3634594234805950e-01	   7.4966983701859768e-01	   7.8480585008267278e-01	   7.2133198615518923e-01	   6.7254041811799981e-01	   9.2999242427147200e-01	   5.9143743680052741e-01	   1.8665642386854686e-03	   1.9522487878432301e-01	   2.2560683140231780e-01	   3.3207118549301839e-01	   1.7145270013181876e-01	   2.1083146625876528e-01	   1.3724570032607364e-01	   3.8551963781430476e-01	   7.0939871215408001e-01	   5.3573795768708954e-01	   1.3424722452169885e-01	   3.2040378118476437e-01	   5.9843763529872973e-01	   6.0869969519763500e-01	   8.1591719165840210e-02	   2.7225138120639997e-01	   5.0151338279555346e-01	   4.7824068698631989e-01	   4.6323116025679778e-01	   5.0485116424780940e-01	   6.1517771910519237e-01	   5.5890311920043312e-01	   5.9879930237480816e-01	   5.4547512172309176e-01	   6.3549916715609012e-01	   5.6938694258452438e-01	   5.7935998484349294e-01	   5.3199374651992848e-01	   6.2606385615942284e-01	   4.1982414671343665e-01	   6.9704144684791647e-01	   4.6741174907890815e-01	   4.3672499701387196e-01	   3.8007438670219595e-01	   6.8681074947608611e-01	   6.2542084839396306e-01	   7.3761485465089460e-01	   6.1861380664766519e-01	   8.0839838042563128e-01	   4.3367610914440685e-01	   8.0124751282271833e-01	   7.2507602569386931e-01	   5.5252712805804216e-01	   4.6444591767518312e-01	   1.8599668005112058e-01	   5.3830728660195371e-01	   4.5560316983411170e-01	   3.3025894069890149e-01	   6.3342422311840585e-01	   6.1636817881839201e-01	   2.0670814380551633e-01	   4.5953666152905670e-01	   7.2523994322989527e-01	   5.9131280956038434e-01	   5.9022178938095682e-01	   5.2866061968608891e-01	   8.4871688043135174e-01	   6.5454001120337901e-01	   5.9751967931437389e-01	   5.5633660834107002e-01	   6.9318257369308933e-01	   6.9438822809714051e-01	   1.0843113337530883e+00	   6.9585866824240894e-01	   9.0430244224029233e-01	   6.3216572268672022e-01	   3.4152548422609119e-01	   5.0540447357346785e-01	   6.9059553703268062e-01	   7.8309202474204453e-01	   4.9652785629593166e-01	   6.5890302039998017e-01	   5.6345739864641842e-01	   4.8577084447151214e-01	   4.6970105957795216e-01	   2.1949243254159592e-01	   6.1928893126195383e-01	   4.1561173404567886e-01	   5.6152817588640580e-01	   7.6514459356675302e-01	   4.4708233605653902e-01	   6.4328412061142781e-01	   5.4735304029528442e-01	   6.8993084996842735e-01	   2.7162336706434542e-01	   2.5275314081205658e-01	   5.8928109159159259e-01	   4.5845221596550761e-01	   5.5168462704219157e-02	   5.2787613083138507e-01	   5.4992400413172871e-01	   6.4764762091024386e-01	   6.6404796958837042e-01	   5.7058681522259447e-01	   8.5124554315582124e-01	   5.0391499563015307e-01	
   8.6527546715517478e-01	   7.5138861777822741e-01	  -2.7812702887661977e-02	   7.7559871113119494e-01	   1.2753340520187811e-01	   1.1933686762804367e+00	   2.2738222376954365e-01	   1.2046476200251934e+00	   3.4738954892215534e-01	   1.0012690946236051e+00	   7.2082284073835223e-01	   0.0000000000000000e+00	   9.7132807797669485e-01	   1.6872928021159403e+00	   3.4175046404004822e-01	   8.2937376735436397e-01	   8.0034727199667910e-01	   6.7909748687007343e-01	   5.8637114901728893e-01	   6.5670252110125449e-01	  -1.6593267000070758e-01	   1.4223043713119926e-01	  -2.2799671094331156e-01	   1.1799124857296678e-01	  -2.3327363193802703e-01	  -1.9100662594618409e-01	  -2.6438689657641939e-01	   4.1692285271475771e-01	   1.1708411445096636e+00	   1.1424239239684932e+00	  -1.4487028787099021e-01	   1.7052510182107589e-01	   5.8033420230879595e-01	   6.4769461120672400e-01	  -2.2243519964059325e-01	   1.9230516997000019e-01	   2.3412918617048992e-01	   2.3715558815125304e-01	   1.4801060284388173e-01	   3.5270111883197414e-01	   6.0338329829335735e-01	   5.5793092695331437e-01	   8.0747474475682779e-01	   8.6791041002574199e-01	   7.8877455832807641e-01	   9.7135822504629277e-01	   8.5562198117134192e-01	   8.5681734793686137e-01	   7.0432644147815071e-01	   9.1793099828058555e-01	   6.2690996626171991e-01	   8.3576511946085341e-01	   8.2311166758526599e-01	   5.6430202700766396e-01	   8.8022662595755086e-01	   8.1287926195086768e-01	   6.9670598714472165e-01	   6.0560157667324799e-01	   5.9182287062368788e-01	   9.4757303514408153e-01	   6.5846008784129251e-01	   1.2918219902616364e+00	   8.8309229905277198e-01	   1.2293036294046700e+00	  -3.4489117500626432e-01	   3.9788821011220860e-01	   2.6168387405707838e-01	   3.0677024712213741e-01	   4.1206451266511346e-01	   2.7265943944125193e-01	   1.3269062030085363e-01	   6.5720122004853931e-01	   4.2425574702291491e-01	   5.4195337990351433e-01	   4.8350696558148176e-01	   5.1976610134569512e-01	   6.9529645657251216e-01	   7.9350960668078874e-01	   4.5909786277650250e-01	   3.5702837520793212e-01	   7.0569934087367581e-01	   6.9906428330766912e-01	   4.0498022107050313e-01	   8.0413323116155433e-01	   3.5421679205652234e-01	   6.6211544194349659e-01	  -2.2299667173909235e-01	   6.5284352799040241e-02	   4.5265800177196963e-01	   7.1716685271830471e-01	   6.9822770118236543e-01	   3.4451481293596020e-01	   7.1084812014670939e-01	   1.9794704833133978e-01	   1.5034249998301169e-01	   1.4049097948264677e-01	   3.5900780755718498e-01	   2.7971079607980959e-01	   8.1425618128136312e-01	   6.5743516034131178e-01	   8.8714845748812887e-01	   6.0511806608001195e-01	   7.1833469270930206e-01	   6.2425577928503329e-01	   1.3598839182671707e-01	  -2.9248836757284277e-03	   6.8653648322890914e-01	   2.2404965280564476e-01	  -7.9720112088779785e-02	   2.3537376359303319e-01	   2.7801644583264740e-01	   5.5371428986003512e-01	   6.7320700266224098e-01	   6.1617468871503078e-01	   6.1938514862378968e-01	   2.6592334002704165e-01	
   1.0440629844157174e+00	   6.8716030319492150e-01	   3.4508607688830240e-01	   5.9365157613929820e-01	   3.1124648595503623e-01	   7.0134781187917172e-01	   5.4899910063861279e-01	   7.0798343965037180e-01	   7.5166475291282209e-01	   8.8249379444516007e-01	   1.2169141964860164e+00	   9.7132807797669485e-01	   0.0000000000000000e+00	   1.0295085116676217e+00	   6.5981057413324051e-01	   7.2943264643862293e-01	   6.5426514083620113e-01	   5.3761344100065234e-01	   5.6865648340720487e-01	   4.5782251552500608e-01	  -1.7400391883799221e-01	   6.3210810125723549e-02	  -4.2651324283239291e-02	   1.4822030999798444e-01	   5.1223281655771022e-03	  -1.3298356020864667e-02	  -5.6605177166821639e-02	   2.9279037524096824e-01	   8.0525067315476451e-01	   6.0686648444125113e-01	  -1.3233458842533877e-01	   1.6285838995738244e-01	   5.1117860073164878e-01	   5.4668039843009542e-01	  -5.1365320453077928e-02	   1.9468498314571159e-01	   4.2004027936383215e-01	   3.7774582272326013e-01	   3.9439427773463820e-01	   4.2209670841902636e-01	   5.8880282803882744e-01	   5.6850959665930334e-01	   5.9434353324733202e-01	   5.5530356163108219e-01	   5.8779245501044763e-01	   5.5505442000043659e-01	   5.7186573642090688e-01	   4.6734161690514608e-01	   5.9192674535310452e-01	   4.1047812331234040e-01	   5.9845037015367541e-01	   4.6923232675863358e-01	   4.5765550869414806e-01	   2.9746937010842717e-01	   7.0861008526637570e-01	   5.7534013007059781e-01	   6.5026500359473149e-01	   4.8937792920994938e-01	   8.5595130327754121e-01	   4.3795272978682809e-01	   1.1670844980524127e+00	   9.6309932853466673e-01	   6.0636316631833376e-01	   6.7466964014306163e-01	   6.3052303273332791e-02	   5.2282814129536503e-01	   3.6374646822742812e-01	   2.3404189310919252e-01	   4.4020274052956987e-01	   3.8030949262092528e-01	   6.2053610110327034e-02	   3.6072483260186894e-01	   5.0647443614822052e-01	   5.3473479407118285e-01	   5.5051587034978333e-01	   6.2311926635189441e-01	   8.5618173063733216e-01	   5.5532020652597014e-01	   5.3146416697020893e-01	   3.9364581032583723e-01	   5.8737375496577637e-01	   5.8325531449796031e-01	   6.5772822251070329e-01	   6.4310969006827401e-01	   6.2757557973526124e-01	   5.6693753463168584e-01	   8.1117411233634668e-02	   2.7028638132184563e-01	   8.4539164921388765e-01	   6.0949245893124815e-01	   4.2507588143546349e-01	   5.0663876717784218e-01	   5.0495845697113961e-01	   4.4828522618008310e-01	   3.1506938295596076e-01	   1.4881558825417404e-01	   4.7367803173190065e-01	   3.1456266832600616e-01	   5.2620659028456340e-01	   6.2963107274861396e-01	   5.1847657900479760e-01	   7.0667417442639957e-01	   4.4592877387176888e-01	   6.0897873376149059e-01	   1.4338627644908347e-01	   1.0103193810559211e-01	   6.8525699360930681e-01	   5.0173987736275616e-01	  -2.6016410479987140e-03	   4.4843352781328949e-01	   3.9918877164894756e-01	   4.5366219465778190e-01	   6.2475050942584009e-01	   5.4263468507525126e-01	   7.4549803696028449e-01	   3.5820034696143738e-01	
