   0.0000000000000000e+00	   1.0894565374858605e+00	   2.9012369323525061e-01	   4.6310738566962145e-01	   3.7943154022646675e-01	   3.6464646220849334e-01	   4.4464178778757790e-01	   3.2077060691709447e-01	   3.1625191497908739e-01	   8.7319850703954371e-02	   5.3578953752702185e-01	   2.7352308960562577e-01	   6.1630028433997497e-01	   5.0213001973871352e-01	   4.0015174725392261e-01	   3.9156330167858067e-01	   5.6658033873886748e-01	   5.1902366444988079e-01	   7.6259102134436918e-01	   6.4708512620587288e-01	   6.5732394991201426e-01	   5.1019986091936975e-01	   1.8766621406974490e-01	   1.0543971676009301e-01	   3.4750953424599834e-01	   3.8231312573287540e-01	   2.8945855951760618e-01	   3.9661693282855770e-01	   5.1003721382862821e-01	   4.4981018204352796e-01	   3.2728908477212670e-01	   2.1556687070455147e-01	   7.5119997333975652e-01	   6.2686492223262491e-01	   4.0590925246044268e-01	   3.1506660043857521e-01	   4.9202151973511865e-01	   4.8564949547834191e-01	   5.3194408554344874e-01	   5.6465418229942466e-01	   5.0285592949929692e-01	   6.6869059370307593e-01	   2.3664214640665351e-01	   2.2511838591306454e-01	   4.3138729838004303e-01	   2.8928323152234187e-01	   3.1689671772536371e-01	   2.9501735089821141e-01	   5.3535786565409760e-01	   4.4926565320730705e-01	   6.8287838823253921e-01	   5.0935613087683906e-01	   4.9727760561246104e-01	   2.1378693982550681e-01	   5.6713309294886216e-01	   4.2071275968692629e-01	   1.0768903813863613e+00	   1.0232777305197147e+00	   9.5412524108243091e-01	   9.0353810707605997e-01	   9.8979952170609620e-01	   5.3195460015903551e-01	   6.7214524370720219e-01	   3.8027177865514716e-01	   3.0665631617857214e-01	   3.9712130321337347e-01	   6.9411194007273458e-01	   5.5264555601915577e-01	   9.0060701789584274e-01	   7.5565323517096894e-01	   3.8568636757463765e-01	   2.2208072994957442e-01	   4.3498378866743442e-01	   3.1033520418371080e-01	   2.8550417565493258e-01	   2.9156086457888464e-01	   4.3585780174191768e-01	   4.1983867561971716e-01	   5.4768237705808098e-01	   5.1889768858720697e-01	   5.8388645548198848e-01	   5.7039402859209865e-01	   5.6104058087014197e-01	   5.8768311359434733e-01	   4.9385592151156632e-01	   4.1833838025091802e-01	   5.3945468839744859e-01	   4.0768553590311463e-01	   9.3298448031205794e-01	   9.5805790818826331e-01	   2.5871096052706769e-02	  -1.1440037301387553e-01	   6.8521715236751393e-02	   1.1054095624975571e-02	   2.5154251298632979e-01	   3.5403687814768292e-01	   6.0187804768732067e-01	   8.1612732267672183e-01	   4.6956066440708394e-01	   5.7372209264306384e-01	   3.8419577124195897e-01	   2.3553806617538389e-01	   4.5378345097610762e-01	   4.3475414195302586e-01	   4.1029147471842636e-02	   9.3242539343449823e-02	   2.3108255752795348e-01	   4.0214109307331686e-01	   1.1381532355887146e-01	   2.9967886504826574e-01	   3.4184381017633847e-01	   6.0228421776089591e-01	   4.8964011298972199e-01	   4.9620393559946468e-01	   3.3744128695350128e-01	   1.7666814030641012e-01	
   1.0894565374858605e+00	   0.0000000000000000e+00	   1.0518255158728597e-01	   4.0086650230429560e-01	   7.9683185600336284e-02	   1.0458002310851683e-01	   2.5127592485471328e-01	   2.5345681658743857e-01	  -1.1714999057321175e-03	  -1.0212984012598125e-01	   3.4036217147349940e-01	   2.7512716810191523e-01	   2.8245457746963587e-01	   2.8967305000922516e-01	   2.4315140918543360e-01	   3.0874555299825601e-01	   8.6424665270770551e-01	   8.3097734732998896e-01	   6.6889906697401524e-01	   9.1926863249922441e-01	   5.4398978857312552e-01	   4.9918749178935962e-01	   8.3376573903914449e-03	   8.1118425862683433e-02	   2.3376966045856856e-01	   2.8762125903640406e-01	   2.5355197791905015e-01	   2.7027093447174599e-01	   7.4526201956221172e-01	   7.0026129639517787e-01	   2.6606361918436516e-01	   2.2838139206878447e-01	   7.6018910734483480e-01	   7.6447264989510189e-01	   1.2793665925834741e-01	   1.2895430274817346e-01	   5.7650726684324227e-01	   5.7632498431160095e-01	   5.2328002436021559e-01	   5.4580068846616947e-01	   6.4505726584807710e-01	   7.4969889081554297e-01	   3.0447347509529449e-01	   4.0547369851540499e-01	   5.3599101104759450e-01	   5.1490983853686667e-01	   5.9077146736157404e-01	   5.0152431754257265e-01	   7.2913949043179971e-01	   6.2960888226527423e-01	   7.5447499644809457e-01	   6.7442868437511116e-01	   5.6122131957789390e-01	   3.8226767310569693e-01	   7.5763278394028488e-01	   6.7611280651308325e-01	   1.5142812369523777e+00	   1.2588728500078010e+00	   6.5436881527737278e-01	   8.4379709941029291e-01	   4.7258538540352601e-01	   2.6687651530983192e-01	   8.9062954370036673e-01	   6.9972206550955307e-01	   6.0686451767705339e-02	   9.1500876913572629e-02	   5.0803048877522117e-01	   4.8630658425182949e-01	   1.0402003692796979e+00	   1.0811666801257669e+00	   2.9241040928794482e-01	   2.2934243988292757e-01	   5.0391398778905916e-01	   4.8433599498538576e-01	   2.7086365441066029e-01	   3.4223737933184728e-01	   3.5003344112617635e-01	   3.6320251418391636e-01	   7.9250146363758567e-01	   7.1125193697127331e-01	   8.5419217275772352e-01	   8.5070921360327301e-01	   6.2099747631805768e-01	   7.0342556361062514e-01	   4.1751200556507267e-01	   4.5197497504802869e-01	   5.1402173879870272e-01	   4.5904396647554135e-01	   7.4749677022448147e-01	   9.5849246198527027e-01	  -1.0564054203056453e-02	  -2.0360079584363053e-01	  -9.7949318384724662e-02	  -1.9698860186206685e-01	   3.1569510885274260e-01	   4.0464927888096219e-01	   7.4598411252717467e-01	   9.0727511392813698e-01	   6.2302503860310821e-01	   3.8940829355707524e-01	   3.4369415279498083e-01	  -9.5201597228641716e-02	   5.5999386476738966e-01	   2.6992500069757619e-01	  -1.3824789163458640e-01	  -9.7027330053454250e-02	   7.1161851891653111e-02	   1.5225463943859804e-01	   3.6153437048790135e-02	   3.5280543724888880e-01	   4.2124721414697691e-01	   5.6045184795746505e-01	   5.4558731958126216e-01	   7.6676249155860110e-01	   1.8184229448210754e-01	   1.4282611694559622e-01	
   2.9012369323525061e-01	   1.0518255158728597e-01	   0.0000000000000000e+00	   6.1304881607256279e-01	   7.3070889012853057e-01	   2.5266265159852463e-01	   8.4336503247011740e-01	   3.8094489734181780e-01	   5.8271232155826724e-01	   1.6440063292692089e-01	   5.2949439647296215e-01	   1.4596941687877174e-01	   2.7815769831331577e-01	   2.3688855813240307e-02	   5.1836614991471297e-01	   3.6920542585138866e-01	   6.3578441075558184e-02	  -4.8328255816552639e-02	   3.4568074004930810e-01	   2.2325792527880112e-01	   3.9629375226242125e-01	   4.2463107125737237e-01	   1.1405875633805189e+00	   7.3509262797779606e-01	   8.8146732849241971e-01	   7.8084690894450337e-01	   5.6847392793653018e-01	   5.2563010911964525e-01	   1.7880588608446218e-01	   1.6171062134313566e-01	   8.9776356726916828e-01	   7.1306670499845382e-01	   6.2160105065257387e-01	   3.2206385482290911e-01	   6.2481452676103555e-01	   3.5539091308370585e-01	   4.1228540085206178e-01	   3.8338936769307175e-01	   4.8592115347856002e-01	   4.1102628309017741e-01	   1.3588674163581332e-01	   2.7975148786303106e-01	   4.4797351358082230e-02	   4.4242690470748740e-02	   1.6928364157225401e-01	  -4.2701064493199825e-02	   3.8843062925169099e-02	   4.7926924338260658e-02	   8.0926780560894779e-02	  -5.3117298087116294e-02	   2.1118344262121513e-01	   4.8603490098964974e-02	   8.7217786877180653e-02	   2.4485100215382119e-01	   2.7702470691385084e-01	   2.8994307373487849e-01	   1.5600329731330165e-01	   1.6683059911025014e-01	   2.6925700296520638e-01	   4.5315289865134417e-02	   3.2836290098305115e-01	   6.4548181296994939e-02	   2.2329524327466743e-01	  -7.2861202978685112e-03	   1.0474348919078385e+00	   2.6395457774612147e-01	   6.1047532324902387e-01	   2.8248715674000308e-01	   1.2217838133687606e-01	   8.7952168088754099e-02	   4.7914882522210211e-01	   2.2063171869156611e-01	   2.1096245411126491e-01	   1.0746744243081000e-01	   2.3879091421007625e-01	   7.3084779852468265e-02	   3.7734820522626961e-01	   2.8677642439805107e-01	   9.4829265149772232e-02	   1.7561030564465153e-02	   1.3548345871936004e-01	   6.1206285638820523e-02	   3.1853094050157255e-01	   2.1993406260959186e-01	   8.2130662450463809e-01	   5.3565498212165008e-01	   6.2135356680511156e-01	   6.3541438902126934e-01	   5.3166344581121261e-01	   3.9487355105523564e-01	  -9.4426225243122205e-02	   1.2734801002696647e-01	   7.7212962281362402e-02	   4.0379348092693429e-01	   3.6642819629778195e-01	   2.0529942841236268e-01	   3.2485914683119343e-01	   3.0690291713725276e-01	   4.4998493247867741e-02	   3.3895867170776578e-01	   8.0346100578833725e-04	   4.0930445332389087e-01	   4.7974164749278903e-02	   5.6868669526816726e-02	  -1.5973974609805502e-01	   1.7237271863671313e-01	  -8.1416747084426810e-02	   1.4447783077883419e-01	   3.4111606132676731e-01	   1.9668847611474327e-01	   1.6345654085772543e-02	   3.1878446853208336e-01	   1.4987093074119590e-01	   1.6683329320337315e-01	   4.0300526853206753e-01	   1.2878183448693439e-01	
   4.6310738566962145e-01	   4.0086650230429560e-01	   6.1304881607256279e-01	   0.0000000000000000e+00	   6.6190445892322480e-01	   7.4019783028009400e-01	   8.0405195474329638e-01	   1.2603735365488640e+00	   6.8460897409494648e-01	   5.1480591627562000e-01	   5.3819666475225247e-01	   8.1014530969285570e-01	   4.6018381055692553e-01	   6.5174361852824303e-01	   5.6714606670958656e-01	   9.1584719466783271e-01	   2.6410619178752320e-01	   1.4007864882737131e-01	   3.0002871190964070e-01	   5.2216656417669138e-01	   4.4683966555232202e-01	   7.4982601452465369e-01	   6.8459120254132289e-01	   9.2571383621054260e-01	   5.8419482314579607e-01	   7.4980608900781021e-01	   6.4494648729545523e-01	   8.3419601834295265e-01	   3.8733936570501198e-01	   4.2832985139643281e-01	   7.4242311768233615e-01	   8.9536358702567076e-01	   7.7554934059570191e-01	   7.9644394394496343e-01	   7.1422259650605724e-01	   7.9093272966492656e-01	   5.3843659892796203e-01	   4.5738430438781291e-01	   5.0196299101441433e-01	   4.5990802179837209e-01	   2.4210626913579103e-01	   4.6627262290393007e-01	   3.3955401984805644e-01	   3.1168819218136884e-01	   4.7905134262892979e-01	   3.7703199511359470e-01	   3.5431928330110662e-01	   3.1253414623426973e-01	   3.4485585615232617e-01	   1.8798167552405426e-01	   5.1907642863864056e-01	   3.1916092825380865e-01	   1.7486035005910849e-01	   1.8245459261580266e-01	   4.1822412771882789e-01	   3.8806499914936016e-01	   3.5426293878964255e-01	   3.0842942849049854e-01	   3.3018263228059452e-01	   3.4008570164000801e-01	   5.2095405465401534e-01	   6.8736551684920899e-01	   4.1879654544825351e-01	   4.2108751252710452e-01	   5.6879710855865351e-01	   7.0836360215348448e-01	   6.3247161650872752e-01	   7.5846842957629845e-01	   2.4383023383785915e-01	   2.6540838343903389e-01	   6.0513166719791689e-01	   5.5043452131429071e-01	   5.0155665147578665e-01	   4.6485836024398336e-01	   2.9408958933180240e-01	   3.9216771534234512e-01	   3.5159799807546871e-01	   4.0660282016542776e-01	   3.1599639009954961e-01	   1.7146228617984732e-01	   3.6979349073090095e-01	   3.4962911802196622e-01	   4.4835557674366322e-01	   5.3513991871734623e-01	   6.1894530502292455e-01	   1.0543233919770512e+00	   5.3479897472548055e-01	   7.3588528131620523e-01	   5.8990788044523235e-01	   6.8929443243538713e-01	   1.9132254338585730e-01	   6.6447443890531463e-02	   4.1817197090929503e-01	   2.4773558927683831e-01	   2.5609040249019122e-01	   1.9307208712559742e-01	   5.8503003595004011e-01	   4.3997843443490947e-01	   4.3890368054108064e-01	   4.8541263548602542e-01	   4.9032424977710132e-01	   2.0426502301900312e-01	   3.8193912446384770e-01	   1.8986019858905911e-01	   1.6552398214443442e-02	   2.0146498945460811e-01	  -7.1141895206056030e-02	   2.2360258843388331e-01	   3.0939467253937247e-01	   2.8800123038472564e-01	   3.4392169076551721e-01	   4.9925521852265209e-01	   2.9197197734661090e-01	   4.8444473644781894e-01	   4.3090370250368631e-01	   1.7712116238072445e-01	
   3.7943154022646675e-01	   7.9683185600336284e-02	   7.3070889012853057e-01	   6.6190445892322480e-01	   0.0000000000000000e+00	   7.1798117004329254e-01	   6.0550444841631990e-01	   4.8742023350600999e-01	   8.4650172697857862e-01	   3.3967935341803995e-01	   3.6556845169731639e-01	   3.1627638666365088e-01	   4.2641377278980497e-01	   4.5056782244721599e-01	   6.3482371474677191e-01	   5.6225774852886712e-01	   9.2492365910247981e-02	   1.9587283776708441e-02	   2.7116285965613668e-01	   2.6666775189084480e-01	   5.3678013213656706e-01	   5.7621757802330387e-01	   7.1543769489499631e-01	   5.6358499432008591e-01	   8.6843561407958969e-01	   8.5158973538031968e-01	   7.6074624383062661e-01	   9.4927017180012596e-01	   3.0871816779691053e-01	   2.7715375890170124e-01	   7.8332164887411848e-01	   6.4414360276194826e-01	   5.3668620415321555e-01	   4.1503210917731126e-01	   8.0284845014409889e-01	   6.0497654004552159e-01	   6.0815818807406041e-01	   4.6846075174656598e-01	   6.1438132390149702e-01	   6.1174776055195990e-01	   2.4545979190489675e-01	   3.5972546536436467e-01	   1.6661117525378119e-01	   4.1038801015314347e-02	   2.3639052268893329e-01	  -5.9060665072599560e-03	   8.8327499978534660e-02	   4.9929348558238121e-02	   9.1278374184326938e-02	  -6.5959050630072069e-02	   2.8469821502929510e-01	   7.7877555646964608e-02	   1.3864038170189202e-01	   8.2342436409859263e-02	   3.0498371180740064e-01	   1.8842672575340028e-01	   1.5157897954067862e-01	   1.5302291865835252e-01	   4.2940472822307757e-01	   2.2017676496019034e-01	   5.0590403548581131e-01	   3.4846331871196567e-01	   1.1991353018006147e-01	  -8.4405801428708172e-03	   4.5181986318901446e-01	   5.1987568183177701e-01	   6.6351421745440275e-01	   5.4806177529678213e-01	   1.5071162062259152e-01	   4.1880351498330033e-02	   5.9511761713351030e-01	   4.0870116871480261e-01	   3.5846826765043405e-01	   2.9160771839031052e-01	   3.5794066400626562e-01	   2.7317510142529011e-01	   5.6113733021808021e-01	   5.0960816757139182e-01	   1.6738198521331860e-01	   1.5465388704987398e-01	   1.9379450130310238e-01	   1.3480006539667061e-01	   3.8306470755264754e-01	   2.8264615521537306e-01	   4.4085298020356367e-01	   4.3242390947798537e-01	   4.7835390845488823e-01	   4.3237812819318489e-01	   5.2472604466751183e-01	   3.5888518884405229e-01	   1.4284530677234022e-01	   2.1641726177249856e-01	   3.4600587991781173e-01	   5.2439371842706661e-01	   3.7964913889428537e-01	   4.3190720773761165e-01	   4.0630872642536608e-01	   4.2717890010842796e-01	   2.5660884196811062e-01	   6.0446169988625664e-01	   4.0959380927444394e-01	   5.5241169189083472e-01	   3.6956810166099152e-01	   4.5501310123030259e-01	   3.6277303915598852e-01	   5.5515914918438525e-01	   2.1957979026965346e-01	   4.8158061074819924e-01	   4.9535867153758173e-01	   3.2331468799411411e-01	   2.4754862737599023e-01	   4.5813254014539140e-01	   2.5082269604887858e-01	   1.6657630138588822e-01	   6.7717177407198725e-01	   1.7638454845087992e-01	
   3.6464646220849334e-01	   1.0458002310851683e-01	   2.5266265159852463e-01	   7.4019783028009400e-01	   7.1798117004329254e-01	   0.0000000000000000e+00	   4.2007785966848693e-01	   7.0945634653948841e-01	   9.5720080027059840e-01	   1.0699039057174300e+00	   2.6366229996022272e-01	   5.9820270149917565e-01	   4.1114057789776659e-01	   7.5970804374707956e-01	   2.9784340264229153e-01	   5.9869488805320181e-01	  -1.8060105794646328e-01	  -2.6326632975683600e-01	   1.6070549275840296e-01	   6.9044321306309928e-02	   2.6318465141736058e-01	   5.7887820040288629e-01	   4.9886299799759931e-01	   6.3297209595181991e-01	   2.3408391099671627e-01	   4.2090579547775858e-01	   2.0813324760750734e-01	   7.6465194031621098e-01	   3.2104911268914800e-02	   4.2889570635280330e-02	   3.4253995718718094e-01	   3.8010944259824092e-01	   3.0849262772196107e-01	   2.6509086991809067e-01	   4.0009251603387841e-01	   4.8461729031026635e-01	   3.5310691846419301e-01	   2.4351198662230364e-01	   4.5136104256069942e-01	   3.8003502061815447e-01	   5.7936415896568172e-02	   7.1816887552848319e-02	   1.4892437257674901e-01	   1.5203580331152575e-02	   1.1235584907758231e-01	   2.7933669308839214e-03	   4.7288861526513563e-02	  -2.8858770934542151e-02	   7.5065211642547064e-02	  -7.3668202246960621e-02	   2.2720467565511043e-01	   1.2427148719035470e-01	   7.2437022631679296e-02	  -1.9354028811079966e-02	   9.3699459524893350e-02	   4.5503998700404148e-02	   9.8426210724160190e-02	   6.1687777380322925e-02	   2.4018115425360864e-01	   2.6740760075653985e-01	   5.5834885199852602e-01	   9.6066858988341031e-01	  -2.8267045013457816e-02	   3.2232835610309152e-02	   3.2733713382944168e-01	   1.0221320128060780e+00	   3.6356603476936461e-01	   4.7875572293828728e-01	   1.0929967005939076e-01	   4.9020748937411221e-02	   3.6138546453432085e-01	   3.1902026317409476e-01	   1.5382846114549831e-01	   1.3131169522809749e-01	   7.4960300153126214e-02	   1.9763302354270768e-01	   3.3175598448607174e-01	   2.8726173089280305e-01	  -4.2558888489556149e-02	  -1.4624370544977597e-01	  -1.0221844118197261e-01	  -8.5021590320890822e-02	  -3.3752533200494594e-02	  -4.5299292303486692e-03	   1.9556825031767647e-01	   4.7572969971453760e-01	   1.0799538994464725e-01	   1.7935081218395649e-01	   2.6390821673228859e-01	   3.1518796296628993e-01	   2.1260338239873855e-01	   4.0603199511092900e-03	   6.1817876227134594e-01	   1.8781012219518317e-01	   3.6208281624690125e-01	   3.1413958707864886e-01	   4.0513631634278530e-01	   3.0379622478258905e-01	   1.5966606884619267e-01	   3.5453138227900932e-01	   5.8017267611697954e-01	   3.4663909050009079e-01	   3.1053479480458129e-01	   1.9685110616412543e-01	   6.0925039649373836e-01	   7.2739016276853763e-01	   1.9767734083246610e-01	   5.7026702953481989e-01	   4.7001589782823028e-01	   2.9080927380410415e-01	   5.3730064046892359e-02	   4.0493059068500137e-01	   3.3190958856989633e-01	   2.7628995836634107e-01	   7.3809963364658782e-01	   4.6455259768917834e-01	
   4.4464178778757790e-01	   2.5127592485471328e-01	   8.4336503247011740e-01	   8.0405195474329638e-01	   6.0550444841631990e-01	   4.2007785966848693e-01	   0.0000000000000000e+00	   9.3120059117795084e-01	   7.9418394083990340e-01	   3.0343004910018156e-01	   9.1593674920609491e-01	   5.8714121815958820e-01	   7.2710887952188263e-01	   5.5875155275074351e-01	   5.3087575554549327e-01	   5.7359721696152066e-01	   2.1481384982738716e-01	   1.0300876181990706e-01	   5.8634115849895030e-01	   5.2295264444408462e-01	   2.6295090469306825e-01	   3.0513979594804075e-01	   7.6205924494976374e-01	   5.8411410808198072e-01	   3.7968977590055702e-01	   4.0063119702079780e-01	   3.2154345444026666e-01	   3.4146656289344141e-01	   3.1382641611468809e-01	   2.6663089294548253e-01	   6.0874377112488909e-01	   6.1926085965733502e-01	   6.3743351024853689e-01	   5.6813580341054881e-01	   4.8952048554254174e-01	   4.0685969914318809e-01	   2.5732371412979571e-01	   3.0759129041896638e-01	   2.6585967502622510e-01	   3.2935303580817016e-01	   1.3540582633604598e-01	   3.0446286182538745e-01	   4.2775963481350610e-01	   3.6416714614406620e-01	   4.1521275459357865e-01	   3.1325039861678960e-01	   3.2823226039129239e-01	   3.5925046448630277e-01	   4.2655959782079211e-01	   2.4832686223412975e-01	   5.0295063984109833e-01	   3.3516732828034768e-01	   2.7031321382483908e-01	   2.4395236118129787e-01	   4.2043788278842870e-01	   4.1776236411859574e-01	   1.7101709007209301e-01	   1.7515894329002077e-01	   4.5727597227520500e-01	   2.9372860260856348e-01	   5.9682885769325011e-01	   4.7338776768241869e-01	   5.4781777899610162e-01	   3.9241200477213845e-01	   5.9587910100876218e-01	   3.9395851709167501e-01	   6.1510109531009272e-01	   4.8211132510195098e-01	   1.1446694948029551e-01	   1.3136297170914008e-01	   5.8190838178766702e-01	   5.0598252264282317e-01	   4.7658708828518698e-01	   3.2761426867432458e-01	   4.7129605619528647e-01	   3.6366710122058565e-01	   4.2818513217142945e-01	   4.4022140206541305e-01	   8.1340838764985185e-02	   5.7205327490222758e-02	   2.5079127043164701e-01	   2.4666629970895659e-01	   4.4702555028705976e-01	   4.0906322694482766e-01	   5.7339743340759708e-01	   5.4404735491300316e-01	   4.6638640784109603e-01	   4.7727880203089246e-01	   6.3347503830066398e-01	   5.7058335961758777e-01	   1.5041958180495851e-01	   1.3839203772646641e-01	   2.0960413934214062e-01	   3.6977322133797347e-01	   1.4863526546661443e-01	   5.3338932726395755e-02	   4.2003920217962520e-01	   3.5859724532544929e-01	   4.1985192828501738e-01	   5.6893156806052370e-01	   3.8026926717475174e-01	   4.6833118988904787e-01	   3.5464202670213524e-01	   3.8018707952128067e-01	  -3.1843426304102085e-02	   1.6744610665298909e-01	  -9.0787450314593302e-02	   1.9794967010253786e-01	   2.0801906152359045e-01	   9.6143511022305186e-02	   2.4531005590481925e-01	   5.1014273693427159e-01	   4.1728603891546107e-01	   3.8708026016159303e-01	   5.1135760732788738e-01	   1.5120768965325632e-01	
   3.2077060691709447e-01	   2.5345681658743857e-01	   3.8094489734181780e-01	   1.2603735365488640e+00	   4.8742023350600999e-01	   7.0945634653948841e-01	   9.3120059117795084e-01	   0.0000000000000000e+00	   5.8867123404920407e-01	   4.9193566922891480e-01	   4.7932492029689583e-01	   8.4861423447900486e-01	   4.9402894520335638e-01	   8.0705213075143667e-01	   3.1020288874040186e-01	   6.5397525019394043e-01	   9.9616602404240195e-02	   4.2328723090209686e-02	   3.8385562617096425e-01	   5.3592469477035853e-01	   2.6672542037771874e-01	   4.3796970871000002e-01	   4.6089361132286805e-01	   6.5972202687672510e-01	   2.7287193421266920e-01	   4.4937496989115666e-01	   2.8228077555742581e-01	   5.6064092914825936e-01	   2.7552238500928306e-01	   3.1383939544770850e-01	   6.0432612607909686e-01	   7.9942908615462793e-01	   5.3363750954128153e-01	   7.2823153981627253e-01	   4.9540377524344376e-01	   6.2760223220652023e-01	   2.1883613872254054e-01	   2.0856488937890175e-01	   2.2883216167006742e-01	   2.3999906134194859e-01	   6.8234921581920627e-02	   2.2093225661186910e-01	   5.1100514790642615e-01	   4.5770354340992148e-01	   5.3703348922144167e-01	   5.0686333679775097e-01	   3.9201181768246141e-01	   4.0012487353496079e-01	   4.2163426407565491e-01	   2.5698786294716086e-01	   4.5079642815263338e-01	   2.9656783443099033e-01	   1.7092874010508396e-01	   9.7050436733973053e-02	   2.5906479181076902e-01	   3.0599751188991747e-01	   1.0150968277273667e-01	   8.5059945522669642e-02	   2.2775061980639386e-01	   2.8523901045213124e-01	   4.2986962531553541e-01	   7.5602155073542365e-01	   3.5789517616483801e-01	   4.6577981400790847e-01	   2.7484362680099905e-01	   5.8815509744408301e-01	   4.1109779978339811e-01	   6.0482593403433349e-01	   1.4194801832499911e-02	   8.6957970757178302e-02	   4.9327713579247245e-01	   5.2683559718188921e-01	   4.6346664027970857e-01	   4.2246491554932641e-01	   2.5068367464565566e-01	   3.7924398876423221e-01	   2.1571574445754726e-01	   3.2994515743854730e-01	   6.0144649848927284e-02	   1.5892116843691422e-03	   1.6207223799754022e-01	   1.9082931046834095e-01	   2.5750574809593468e-01	   3.3069264939249005e-01	   2.7034352518802207e-01	   5.3686773381136588e-01	   2.2687307746974264e-01	   3.3466008826010629e-01	   3.5185866973341751e-01	   4.2209694697418876e-01	   2.1592916238985627e-01	  -1.1966761216187515e-02	   3.1993617296103205e-01	   8.6238640063872163e-02	   7.1631359416780699e-02	   6.0668926209670807e-02	   3.3131802265756188e-01	   2.3860858274189634e-01	   4.0929070241221188e-01	   3.3464575045923417e-01	   5.7141366488828615e-01	   9.2818808091070709e-02	   3.7085714907222977e-01	   1.6349249443635475e-01	   4.8026982222957714e-03	   9.0617905494218595e-02	  -9.3159351506916038e-02	   1.9218522219664874e-01	   1.3238026861774491e-01	   6.6515879823550755e-02	   3.0047485978972777e-01	   3.1559759125104769e-01	   2.4368356000832617e-01	   3.8174114549826349e-01	   3.3611917707754035e-01	   1.6422246669354090e-01	
   3.1625191497908739e-01	  -1.1714999057321175e-03	   5.8271232155826724e-01	   6.8460897409494648e-01	   8.4650172697857862e-01	   9.5720080027059840e-01	   7.9418394083990340e-01	   5.8867123404920407e-01	   0.0000000000000000e+00	   1.0583595990148251e+00	   5.9345616582719551e-01	   5.3396144421442493e-01	   5.7553886052775494e-01	   5.1799031139009299e-01	   6.1602730898131308e-01	   7.4426982254501450e-01	  -5.8403911217424838e-02	  -2.0384300378851722e-01	   1.9772099417955574e-01	   8.2345335161339156e-02	   8.3080306381978067e-02	   3.0533752641558365e-01	   8.0793234246370949e-01	   7.4019752107675962e-01	   3.0022516148323852e-01	   3.5759535773897483e-01	   3.4178068846830051e-01	   5.1832590926781652e-01	   4.9312386059025409e-02	   3.3431721601127791e-02	   3.5727320477643909e-01	   3.5006782298564376e-01	   2.4217437040831524e-01	   1.5478954134926723e-01	   3.3678874635671130e-01	   2.4535116212322358e-01	   3.0803137753771886e-01	   1.6661656994554211e-01	   3.2785431112809615e-01	   3.0418919656013765e-01	  -3.2857762386771998e-03	   1.1243311827935804e-01	   2.0585311412472201e-01	   6.4621569186886912e-02	   5.4806910908385797e-02	  -5.4790616579044514e-02	   9.0354314104590966e-02	   3.9837284058385367e-02	   1.1227256855057784e-01	  -3.4801312319872324e-02	   2.4925488563681869e-01	   1.2544358687058579e-01	   1.7429530035601967e-01	   1.5028353715854945e-01	   2.5290597099472495e-01	   1.6178834957770291e-01	   6.1140792783355810e-02	   3.5527952287818923e-02	   3.5516410512771179e-01	   1.8505540039684706e-01	   5.6947958460126247e-01	   6.1795623543025135e-01	   1.0481441400242565e-01	   5.5493960580294141e-02	   5.2811926894111560e-01	   6.3778667557036439e-01	   3.7620271828391266e-01	   3.0344744388816636e-01	   6.1893490376018004e-02	   1.1692768524118080e-02	   3.3187858194062342e-01	   2.2064114091950143e-01	   1.3077084148604073e-01	   6.8507892853072710e-02	   1.6723335654650023e-01	   1.5207257952931930e-01	   3.3275088649085999e-01	   2.6073036584450460e-01	  -2.0991875784187115e-02	  -9.6878544402340380e-02	   3.5131856221068659e-02	   1.8675879964201589e-02	   1.9035737799217323e-01	   1.6793217074953240e-01	   4.8143685408569692e-01	   5.5721601473010873e-01	   3.1326318097708283e-01	   4.1204981796281204e-01	   4.8386662903188860e-01	   3.7231725807003602e-01	   2.7419845372226825e-01	   2.5362230871201313e-01	   6.0948810718067392e-01	   5.3537704274556219e-01	   2.7901409549168510e-01	   1.5542210316504684e-01	   3.4005645449850996e-01	   2.8044499268863393e-01	   2.1717857801276175e-01	   5.5239363544846964e-01	   4.2489130597317959e-01	   5.8749609635502864e-01	   2.8694959601982500e-01	   3.5268768182362575e-01	   3.4452671869789775e-01	   5.6645787255524971e-01	   1.0728087301124996e-01	   4.6075303849006993e-01	   3.5636101171474471e-01	   1.5658059441584551e-01	   5.8538127099265383e-02	   4.6398815385682052e-01	   3.8722082863573221e-01	   2.2405745691476650e-01	   7.4327690180824357e-01	   2.4319272276483372e-01	
   8.7319850703954371e-02	  -1.0212984012598125e-01	   1.6440063292692089e-01	   5.1480591627562000e-01	   3.3967935341803995e-01	   1.0699039057174300e+00	   3.0343004910018156e-01	   4.9193566922891480e-01	   1.0583595990148251e+00	   0.0000000000000000e+00	   2.1257583818167688e-01	   4.8569334649873808e-01	   1.7014534738803447e-01	   3.7462193491113233e-01	   1.5174311992036313e-01	   4.8567965896514814e-01	  -2.8189771562889654e-01	  -4.3080586307863250e-01	  -3.5454401227154805e-02	  -1.4220852539943996e-01	  -1.3672053266641881e-01	   1.5459182163984725e-01	   4.5206014001125627e-01	   6.3310161020517053e-01	  -1.9702031752500897e-02	   1.1758321371900644e-01	   2.5869442474695158e-02	   3.3192983068721887e-01	  -2.2622471224442359e-01	  -2.0405853605490987e-01	   4.4220892154688468e-02	   1.2171091876849513e-01	  -3.1744394222325577e-02	  -5.8254308654977133e-02	   9.1839001582439267e-02	   1.2697738220327714e-01	   5.4406749797166302e-02	  -7.2323832458470586e-02	   1.1328699614875505e-01	   4.5966344420881190e-02	  -2.5579343835580803e-01	  -1.9608330655243011e-01	   4.2326860845475732e-02	  -6.1068148520214464e-02	  -9.6714924905368649e-02	  -1.2630770434384492e-01	  -3.1489861675397399e-02	  -1.0089633641921915e-01	  -2.9228305052568727e-02	  -1.4061604670248801e-01	   6.2618092509282894e-02	   3.2288820988768227e-03	   2.9630091325265104e-02	   5.1749270482626140e-02	  -1.3052176583077103e-02	  -3.6146679291070870e-02	  -5.0499193704285752e-02	  -1.1906578040819331e-01	   3.8725267334571351e-02	   1.9541606338664454e-02	   2.6649341009828675e-01	   6.0709359691058729e-01	  -1.8138603295422157e-01	  -8.1579015693717019e-02	   2.9758194374945485e-01	   6.8495320779310109e-01	   5.4822177738301787e-02	   1.3726391462101475e-01	  -2.7516511219826560e-02	  -3.4477013005049989e-02	   4.1784059532375087e-02	   1.9893551358674703e-02	  -1.4158252730440929e-01	  -1.3631774356069232e-01	  -1.9382169050467468e-01	  -6.7860748418338279e-02	  -8.1140948735020473e-03	  -7.0274832344317403e-02	  -1.7571187415973644e-01	  -3.3224826976634536e-01	  -2.1735739523648420e-01	  -2.2811702958281818e-01	  -1.6909881576672053e-01	  -1.2283982726971296e-01	   2.1606089234719192e-01	   4.5009609247449439e-01	   1.9715964561987749e-03	   1.3557301465174676e-01	   9.1494319036145230e-02	   1.3128743287238936e-01	   2.5600054227747232e-01	   9.8311833514215130e-02	   6.3127583054542613e-01	   2.1211172111709259e-01	   1.4797688730753514e-01	   2.5558787131497940e-02	   1.5622737628572086e-01	   2.4028368664896504e-02	   2.1013412514350384e-02	   1.8771266471611397e-01	   3.0173595145682042e-01	   2.3888318416427029e-01	   7.6696893306495290e-02	  -1.3138612240950177e-02	   3.8397454103609224e-01	   4.5516018088393762e-01	  -3.2751465569285515e-03	   2.8329894594230709e-01	   2.1190655052286719e-01	   6.2585661712425494e-02	  -1.1269670911645611e-01	   2.8857008175778254e-01	   2.0889916730969299e-01	   1.7199447899211842e-01	   5.2596329234757300e-01	   3.3555207429534384e-01	
   5.3578953752702185e-01	   3.4036217147349940e-01	   5.2949439647296215e-01	   5.3819666475225247e-01	   3.6556845169731639e-01	   2.6366229996022272e-01	   9.1593674920609491e-01	   4.7932492029689583e-01	   5.9345616582719551e-01	   2.1257583818167688e-01	   0.0000000000000000e+00	   7.8051715835763380e-01	   1.1749705648718816e+00	   5.6055949443505804e-01	   8.6414177364840250e-01	   8.3440218070655814e-01	   6.0195242376184566e-01	   3.3620925709785721e-01	   6.5138072637006483e-01	   5.7404640599873313e-01	   1.6109870732396359e-01	   1.3876405554427870e-01	   7.3029785771789812e-01	   5.0020889847174144e-01	   1.9255950979325501e-01	   1.6098177708061459e-01	   3.6302621710441718e-01	   2.5222914187608003e-01	   5.8475805809285686e-01	   4.9401305308552529e-01	   4.0310382932197808e-01	   3.8957098185619710e-01	   5.6033047007487458e-01	   4.6993070951433003e-01	   2.4047359747318636e-01	   1.4046173735556852e-01	   1.6520411362746934e-01	   1.9297143233449007e-01	   1.4952288414206849e-01	   1.9764761653656776e-01	   1.7546166417193673e-01	   3.6942352395304501e-01	   2.2350503113440262e-01	   1.8368136511433772e-01	   2.3042627836700888e-01	   1.6942573487661955e-01	   2.1652138799576112e-01	   2.0395556796244146e-01	   2.5696257986293547e-01	   1.3441021894439628e-01	   3.4004711336481519e-01	   2.2887107162563425e-01	   2.3422283312665212e-01	   2.2056334823839513e-01	   3.6198862612689964e-01	   3.1595417850633872e-01	   2.3896944142396476e-01	   1.8347743948535969e-01	   2.9686216016228456e-01	   1.9980574950525806e-01	   4.7233587754282785e-01	   3.0373696189980959e-01	   6.9339392644465903e-01	   4.8220262074304288e-01	   5.2062020811267884e-01	   2.2400624507950073e-01	   3.6008248937962584e-01	   2.3497527001123475e-01	   1.4351422998590854e-01	   1.2164526142574621e-01	   4.0841804266779108e-01	   2.6052391880588410e-01	   4.3639765180891399e-01	   2.7414652734701739e-01	   3.9865278277122090e-01	   3.6827203749712767e-01	   3.2133081038992323e-01	   3.0568689581075026e-01	   4.1429755402995350e-01	   3.2710596075092324e-01	   5.7611355810054110e-01	   5.5442260684554423e-01	   6.9197707511067741e-01	   6.3097949349995952e-01	   7.9738591212847210e-01	   6.1685911427150386e-01	   5.6972971742619183e-01	   5.7762056872838707e-01	   6.1437648389576294e-01	   5.0517811782940858e-01	   1.1556843727868625e-01	   1.3985052845297197e-01	   1.4406150283726610e-01	   3.6192334523830511e-01	   6.3568511952579843e-02	  -2.0854210422861987e-02	   4.3001049963202598e-01	   3.1540823601488854e-01	   3.2558738865145775e-01	   4.6444394738375749e-01	   1.6914913502030315e-01	   4.1192138521966137e-01	   2.1561542401227080e-01	   3.8591844124704300e-01	  -1.0511187968561325e-01	   5.4544580518994509e-02	  -2.3303817648892178e-01	   1.5871383168517164e-01	   3.5074697821399867e-02	   4.2555993663599148e-02	   1.6497827934827791e-01	   3.9771338397234607e-01	   3.3222298128601546e-01	   3.1886586821742863e-01	   3.6935367600740143e-01	   1.7245574691609139e-01	
   2.7352308960562577e-01	   2.7512716810191523e-01	   1.4596941687877174e-01	   8.1014530969285570e-01	   3.1627638666365088e-01	   5.9820270149917565e-01	   5.8714121815958820e-01	   8.4861423447900486e-01	   5.3396144421442493e-01	   4.8569334649873808e-01	   7.8051715835763380e-01	   0.0000000000000000e+00	   7.3034429668331968e-01	   9.8309521494955310e-01	   6.4272995439209524e-01	   1.1122518130153611e+00	   3.5558608713510281e-01	   1.9998832696625912e-01	   3.3911414864823824e-01	   5.2975252275984586e-01	   9.8967932851172780e-02	   2.9136720110739706e-01	   5.2454860046076279e-01	   6.9780999122077836e-01	   9.8467462135669384e-02	   2.0579792590066373e-01	   4.0161584519977672e-01	   4.3944363516186802e-01	   5.4283501369226783e-01	   5.1014891851291888e-01	   3.3585355093313607e-01	   4.5965717519193355e-01	   3.9861293605849107e-01	   5.2037738695386793e-01	   2.2253547907210736e-01	   3.5435170382630526e-01	   2.3222293358615012e-01	   2.3090082479646329e-01	   1.2140028074905945e-01	   1.3773764724343687e-01	   1.6593874575596479e-01	   2.9918942386076575e-01	   2.8791224231225498e-01	   2.0859218217033579e-01	   2.7863461708593495e-01	   3.3210488552302903e-01	   3.1090259330571290e-01	   2.2537873173064032e-01	   2.9049763887361102e-01	   1.4596942922496114e-01	   3.7591678903404968e-01	   2.6456607780044400e-01	   2.0445815743685142e-01	   1.8750080878658537e-01	   3.2615507000710886e-01	   3.2245361158573010e-01	   8.7610409541266379e-02	  -1.1560366947958813e-02	   6.3223621003483499e-02	   1.3090958474721434e-01	   2.5714259638764786e-01	   6.0545111628416659e-01	   5.1921572500576429e-01	   6.1781531145039337e-01	   1.9969578997819246e-01	   4.3647102106784441e-01	   2.1078583233183809e-01	   3.7612380244553623e-01	  -3.8438693030625679e-02	   2.3081688778148770e-03	   3.8311397449586349e-01	   4.7713457450890928e-01	   4.3297653041120315e-01	   4.1453013151825785e-01	   3.0383425464498770e-01	   5.1404566909970861e-01	   1.9973217084090597e-01	   2.8746304942808781e-01	   2.6700108732826078e-01	   1.5090185341717249e-01	   3.8453875242417951e-01	   4.5951821860564979e-01	   4.4584515581238976e-01	   5.2520557230548970e-01	   4.0201350981621431e-01	   7.8652132952598941e-01	   3.1384215205253596e-01	   5.0049506082994766e-01	   3.1824982415407460e-01	   3.4087639141731563e-01	   3.1425468598748374e-01	   8.5338620284165126e-02	   4.3079092466762992e-01	   1.9868495700571276e-01	   6.6218322749424866e-02	  -1.1255712969284631e-02	   4.4797235167797489e-01	   2.1525705992379859e-01	   4.8267131374790639e-01	   3.4988784444191040e-01	   4.7651597280952535e-01	   2.1069671523172062e-01	   3.8609010334220578e-01	   2.6060179512046755e-01	   1.1905037657714629e-01	   1.2371086493611143e-01	  -1.3148703367059875e-01	   2.5234779001915764e-01	   1.4928668629907155e-01	   1.1576658798154185e-01	   2.5347861123348531e-01	   3.7122872101158250e-01	   3.4202178183412085e-01	   4.1380324741914409e-01	   3.9014048295936926e-01	   2.1726548611435140e-01	
   6.1630028433997497e-01	   2.8245457746963587e-01	   2.7815769831331577e-01	   4.6018381055692553e-01	   4.2641377278980497e-01	   4.1114057789776659e-01	   7.2710887952188263e-01	   4.9402894520335638e-01	   5.7553886052775494e-01	   1.7014534738803447e-01	   1.1749705648718816e+00	   7.3034429668331968e-01	   0.0000000000000000e+00	   1.0134334032419059e+00	   8.7866805286493066e-01	   8.3204463365944337e-01	   4.1494714852919229e-01	   2.7474885881154204e-01	   4.4747328215232862e-01	   4.3534914922813245e-01	   2.0443103497592410e-01	   2.2335713181922756e-01	   4.3783676298562391e-01	   2.7253049988529782e-01	   1.0955667693320420e-01	   1.0423938602630248e-01	   2.7398577917603623e-01	   2.4455886998008769e-01	   4.5546645397917601e-01	   4.1382012628208081e-01	   2.6934496014997872e-01	   2.7176395438632978e-01	   4.7048575679386634e-01	   4.5685637654359523e-01	   2.8725436320219611e-01	   2.5605408823150061e-01	   2.2398287483470566e-01	   2.1431178825121472e-01	   1.6632672472057167e-01	   2.1472337851561701e-01	   2.4098145211726416e-01	   4.0877046589068167e-01	   2.7186209127150429e-01	   1.5922022895358859e-01	   1.8370590514255855e-01	   1.5930552925078220e-01	   1.7539762934336467e-01	   1.4912276184321857e-01	   2.6718450954074313e-01	   1.8119873814363241e-01	   4.1989374213611563e-01	   2.8391072402569628e-01	   3.0133629377685822e-01	   6.4304916637905496e-02	   3.1258746590172098e-01	   2.0915200852210902e-01	   1.9245693193235980e-01	   2.0716883349706861e-01	   4.4511341443103802e-01	   3.9474498402615626e-01	   7.4563361972321118e-01	   5.8722253226178389e-01	   6.3055065875492988e-01	   5.3301248058529138e-01	   2.8656900842686678e-01	   3.3943452276119768e-01	   3.5235227130407742e-01	   3.0384648399187070e-01	   1.0559784477072068e-01	   5.6524566354265143e-02	   4.6378883122614917e-01	   3.7276680110441623e-01	   5.0194214079050203e-01	   3.5927712267395301e-01	   5.1821139068086208e-01	   4.9057306722045885e-01	   4.4041749491518423e-01	   4.7349928904348138e-01	   3.0601746042782829e-01	   2.9019639550939741e-01	   4.1340515933850497e-01	   4.6762794263975421e-01	   4.6941112556490994e-01	   4.8513409521691009e-01	   3.4886598003411040e-01	   3.5103191583937537e-01	   2.9921403091912974e-01	   3.0422031400472632e-01	   5.8608978148502500e-01	   4.7440894330146499e-01	   2.0262159347952846e-01	   1.2293640878566978e-01	   2.4690976788765887e-01	   3.0410107814033299e-01	   6.5803166104393296e-02	  -1.4707373837349557e-02	   3.6760428099919185e-01	   2.9984414425943634e-01	   3.4976354935334947e-01	   5.4168121186751872e-01	   3.5439475946657706e-01	   5.0406247197645537e-01	   2.9670748742538045e-01	   5.7695725499504191e-01	   7.7144818369416723e-02	   1.8076121015784447e-01	   3.1686010437771216e-02	   2.7686308730633280e-01	   1.4438643833549081e-01	   7.8571999362082756e-02	   1.6743652224835937e-01	   3.4011245003244067e-01	   3.7017132024474025e-01	   2.5229900512682252e-01	   3.8827579165252285e-01	   1.4444448883754757e-01	
