   0.0000000000000000e+00	   1.1738676187455619e+00	   8.8924699849601607e-01	   1.1523437953665041e+00	   7.5609017065768924e-01	   7.6521096489850826e-01	   4.6607152862681162e-01	   3.9307720467453994e-01	   4.8203379393019080e-01	   5.7841091788140486e-01	   9.3077831703500524e-01	   8.1012291207525045e-01	   5.8827536997503671e-01	   6.2213641847967116e-01	   6.8558537062459668e-01	   8.9754733147682009e-01	   7.6770350092770112e-01	   5.3136015926075475e-01	   1.0097147890840317e+00	   9.1075351111863778e-01	   7.2557479671879899e-01	   6.4582772962033685e-01	   7.2228414885069014e-01	   8.2871622522516597e-01	   8.6010833130473485e-01	   8.9219326479372651e-01	   8.9079630144906519e-01	   6.7009479965945240e-01	   8.1581023425827826e-01	   6.6310666835719845e-01	   6.0592007445038298e-01	   5.7203516153200928e-01	   5.9613889897580252e-01	   4.7799146950996846e-01	   5.2802187293885483e-01	   4.4678236328994470e-01	   6.7863742285393713e-01	   8.7303087860213591e-01	   8.5563617308306750e-01	   7.2400552708378263e-01	   3.5690583485965843e-01	   5.4187562231071618e-01	   1.6534813212371657e-01	   1.5962126864970663e-01	   2.2239724686456258e-01	   4.2876620496811380e-01	   2.3772443750449079e-01	   2.6080537231427814e-01	   3.9850471321721431e-01	   4.3432652684510281e-01	   4.4668473099444733e-01	   5.7203561140868475e-01	   3.1729810366723915e-01	   3.8315469907878691e-01	   6.6215902598431609e-01	   6.7128778471844608e-01	   1.2008844261557525e+00	   8.4534678658370921e-01	   5.7891994123188106e-01	   6.5802270482811698e-01	   6.5353091222723192e-01	   3.6359667678297075e-01	   4.1093717633409865e-01	   5.2739373401892342e-01	   2.5567388734740343e-01	   3.4383171770359522e-01	   5.2816688384973531e-01	   4.8617719717020530e-01	   8.0622854966593838e-01	   6.3164972469995861e-01	   3.2135325194355047e-01	   1.4433921600915747e-01	   2.0738991598678719e-01	   3.0596914315442547e-01	   1.1368363363253102e-01	   1.5343501380562147e-01	  -1.4293048267907454e-01	  -2.2466985644267271e-01	   6.8367138995054721e-01	   5.2318300117251937e-01	   6.9055372048225905e-01	   9.0260782209415003e-01	   7.0517790017889781e-01	   7.8818023775983637e-01	   9.6258582331645581e-01	   9.7405111947706846e-01	   6.2020505334607534e-01	   5.4185319576586777e-01	   7.4530248866985893e-01	   8.7180487387498495e-01	  -3.2110474515117331e-02	   5.9272115329134241e-02	   6.1252670511906747e-04	   1.2321714698501966e-01	   2.5140374116360820e-01	   3.5002331976068551e-01	   4.0227148989257938e-01	   4.7081380801477507e-01	   1.8425015632947081e-01	   2.3896288336942462e-01	  -3.6020951394779527e-03	   1.4473649035809688e-01	   1.4667511939223254e-01	   5.3455751624052666e-02	   1.8803441238578078e-02	   1.2611645569474117e-01	   6.3872641792491955e-02	   2.4052744193477510e-01	   1.9892648171560673e-01	   7.4209454583662160e-01	   3.8475685217387784e-01	   1.4882165946774473e-01	   3.1098660888401661e-02	   9.4842387595049978e-03	  -1.6471923916303127e-02	  -2.0591080590771110e-01	
   1.1738676187455619e+00	   0.0000000000000000e+00	   7.2114532461236980e-01	   9.5907406130702200e-01	   6.6915719488319569e-01	   5.9592812554163310e-01	   2.5840415709366965e-01	   2.2417246508127969e-01	   3.8109983179471585e-01	   3.8435568885006466e-01	   8.2628476333999645e-01	   6.0438525707885571e-01	   4.6657896198289239e-01	   5.0668465419729269e-01	   6.2207953665664550e-01	   7.6875040292667585e-01	   8.2787879297952249e-01	   7.0582606768007450e-01	   8.5701251544229551e-01	   9.8829339059528964e-01	   6.2158198545724597e-01	   5.3133156137176063e-01	   6.9150857306788638e-01	   7.2663536622545988e-01	   8.3434176794958903e-01	   8.1670655642707612e-01	   7.7060024032152941e-01	   4.7500966433214414e-01	   7.6914841134405920e-01	   6.6057035156892141e-01	   4.5735627802350137e-01	   4.4018759151947512e-01	   5.4119270914553286e-01	   4.7398509339553396e-01	   5.2091775981259913e-01	   3.4361603437595245e-01	   6.4519066421990923e-01	   7.5334427771792267e-01	   7.4978318905450225e-01	   6.6921797492327684e-01	   3.3481434216780581e-01	   4.3269533087396195e-01	   1.5106457458990405e-01	   2.1370430585413702e-01	   2.1426287417015652e-01	   4.2055597549476276e-01	   2.7069781220925937e-01	   3.2968050431759677e-01	   4.0044470062657805e-01	   4.7476715512717549e-01	   3.8620447791335427e-01	   5.3490158267568066e-01	   2.5237324449480580e-01	   3.2269362215478337e-01	   6.2412622694554210e-01	   6.3733630975193489e-01	   1.4233934719064905e+00	   1.4907009105210658e+00	   4.1394239612063116e-01	   6.4209578085921659e-01	   5.2232144840551953e-01	   3.1915525020509700e-01	   4.3381372070136304e-01	   5.5840243559827685e-01	   1.1580597952907987e-01	   2.2381274709089577e-01	   3.3214209106229825e-01	   4.0311648454938737e-01	   9.6271266104203657e-01	   8.8231120996882606e-01	   1.4290078487271143e-01	  -7.5600070997725435e-02	   2.2199913518925724e-02	   1.3704519203270249e-01	  -4.1426301859750644e-02	  -1.5727355467965987e-02	  -2.4285961911318238e-01	  -3.8149448863631041e-01	   7.1636097590756254e-01	   6.1992017834791668e-01	   7.3486131433036839e-01	   9.0802162440578749e-01	   7.3847736347232396e-01	   7.2744897794318875e-01	   8.6758128252333655e-01	   8.5745498591599545e-01	   4.2600195744151481e-01	   4.1263221334193056e-01	   5.8588389107270555e-01	   7.0818625678996994e-01	  -1.8102894919924964e-01	  -6.8645736944729169e-02	  -1.0817559986823780e-01	  -4.9755152140081908e-02	   3.5760477689057052e-01	   2.5305105242552750e-01	   4.2360057534958878e-01	   4.5035790053575031e-01	   1.5643512311805277e-01	   1.5229413346981058e-01	  -1.1725414692366137e-01	   1.0495293962064032e-02	  -3.5433597115804259e-02	  -1.2914794524784792e-01	  -2.0473208303240639e-01	  -3.8884627255229051e-02	  -2.9699662112737519e-02	   1.4006189391591312e-01	   1.7924088070100097e-01	   4.8426786194149396e-01	   3.0271677586764889e-01	  -1.9860380469467052e-02	  -1.6339372277096958e-01	  -1.2048859857220492e-01	  -1.7649523271358200e-01	  -3.6826554126200145e-01	
   8.8924699849601607e-01	   7.2114532461236980e-01	   0.0000000000000000e+00	   9.0820406450047431e-01	   1.2696328391423148e+00	   8.3963085413641703e-01	   1.0190130826267296e+00	   2.7421279892468747e-01	   7.3819983731799932e-01	   4.9329834311020515e-01	   7.9641024837991847e-01	   5.8939540777737143e-01	   6.3356774190529919e-01	   4.7246258205154512e-01	   9.6332600295091930e-01	   9.9769385219476192e-01	   4.0060227669465809e-01	   2.2323911367557567e-01	   1.1282665459810539e+00	   8.3745612897759147e-01	   9.9661184815303883e-01	   8.6751557675997604e-01	   1.7464042079114244e+00	   1.0285090602070535e+00	   1.1806580559710786e+00	   9.7588069898149621e-01	   1.0755446403988973e+00	   9.4727755570185312e-01	   9.4286488962371395e-01	   4.9054175278258966e-01	   9.3060911620704534e-01	   7.9902803754669249e-01	   8.3020802385961745e-01	   5.6552607098210717e-01	   8.4688125239157486e-01	   3.9922500567570907e-01	   8.1455694267234624e-01	   8.5728248481367586e-01	   1.1304982281715092e+00	   8.0004241208403482e-01	   4.9530116335928559e-01	   7.0120531378546602e-01	   3.7247567486655309e-01	   2.7080747874151501e-01	   3.2121920513073093e-01	   3.9460276534885963e-01	   3.2264692239634751e-01	   3.1620232527541542e-01	   5.1617191033705834e-01	   5.4791826049376124e-01	   6.2765808102424892e-01	   7.0028709372211995e-01	   5.3782532828875751e-01	   6.1891530107758341e-01	   7.6373974037445846e-01	   7.5499836199490689e-01	   5.5540008207423719e-01	   4.8211490093806075e-01	   6.8083042420239137e-01	   7.6963380998377928e-01	   4.7821483566671097e-01	   1.9759391344499116e-01	   4.7333419921992741e-02	   1.8563387024800354e-01	   4.0820302245907109e-01	   2.6396282344282318e-01	   7.4063488363679908e-01	   5.0686652707461266e-01	   7.4443531530032570e-01	   6.2096382746826184e-01	   4.9041576217174032e-01	   3.1774953211318924e-01	   3.5344625383160688e-01	   4.8467674890721590e-01	   1.7970658056569283e-01	   2.7167213621272512e-01	   2.8133165369786332e-02	   3.6433320006770548e-02	   4.1354421754880866e-01	   3.4666772787260003e-01	   4.3005426676159686e-01	   5.6619103114813829e-01	   9.1540321586595796e-01	   9.5129075836996924e-01	   1.0112623370994849e+00	   8.8144556619105408e-01	   7.9691019136374619e-01	   7.0589028321135183e-01	   8.4812246187752449e-01	   1.0380131973685058e+00	   2.8535592446125202e-01	   4.7214935673959485e-01	   2.8221948375285910e-01	   5.9222486203817615e-01	   4.3331349842198763e-01	   3.4965735827010158e-01	   5.9174934027603654e-01	   5.8698058114840279e-01	   4.0847612584300885e-01	   4.6147879935603631e-01	   1.1091774790901035e-01	   4.5068980538633435e-01	   2.1573523109529244e-01	   3.1028324970219123e-01	   2.4951658448532432e-01	   5.0567290428606626e-01	  -1.1914480906766278e-02	   4.2862066341978311e-01	   2.0492154558769532e-01	   7.4560900016983200e-01	   5.4459065579666199e-01	   2.7111055235797454e-01	   1.6295455224075592e-01	   1.2275169365380630e-01	   2.0061326212824732e-01	  -1.1287864670540487e-01	
   1.1523437953665041e+00	   9.5907406130702200e-01	   9.0820406450047431e-01	   0.0000000000000000e+00	   6.6886215851796849e-01	   1.1354472758559930e+00	   5.9616813198313978e-01	   7.5530445372961652e-01	   4.8477902714369964e-01	   8.2539319225401686e-01	   7.7220576076921654e-01	   7.7660646285977464e-01	   4.9360127325431880e-01	   6.7415697098682814e-01	   5.7348957844496995e-01	   1.0867371313871932e+00	   6.4725605060211244e-01	   4.7915569047714823e-01	   8.1293005753139835e-01	   8.2465261132767576e-01	   8.0212842310415433e-01	   1.0033816376742539e+00	   7.7461864066058961e-01	   1.1307807971730026e+00	   9.3622279810681885e-01	   1.1705997273989295e+00	   7.7664689663086839e-01	   1.0324082410128004e+00	   7.9742388813535581e-01	   7.3561247031639265e-01	   7.9832368334585224e-01	   8.8889969087083587e-01	   7.6936277978565581e-01	   8.2705702242902157e-01	   9.2925123666799392e-01	   8.5596857701632956e-01	   6.6931986814741107e-01	   8.5784756758662284e-01	   8.5595982014211969e-01	   9.5275930427114952e-01	   3.4501898654603091e-01	   4.4929363774590064e-01	   2.1322610609953224e-01	   2.6242977543112322e-01	   2.8946138036798030e-01	   5.0410323305725668e-01	   3.3822939749182157e-01	   3.4802758997336947e-01	   5.0787813872970611e-01	   4.8468618881882741e-01	   6.2715528402814624e-01	   7.5784343475286664e-01	   4.3857207468054937e-01	   4.9105993178678686e-01	   8.5779423838455449e-01	   9.0051394387492723e-01	   8.9988925864231462e-01	   8.2889738144264091e-01	   6.6909024683996265e-01	   7.6453114204464523e-01	   6.2960794285459165e-01	   3.5454197704875279e-01	   5.1602399148175249e-01	   5.1398821809624573e-01	   4.3840921772492292e-01	   6.8216800312775461e-01	   7.7640392877812225e-01	   8.9500628328512544e-01	   5.7171814729503911e-01	   6.0099179205808406e-01	   3.1518106212335706e-01	   2.4020606503997952e-01	   1.9342329536489175e-01	   3.1576407561373937e-01	   1.1833345442562244e-01	   1.5992478956714790e-01	  -3.1847136483513255e-02	  -9.1130851962574200e-02	   6.4596768437306074e-01	   5.7991885406336585e-01	   6.7408791620805619e-01	   9.7042994117792902e-01	   7.1718121551323744e-01	   9.0604951735425687e-01	   1.0668137201131886e+00	   1.2148543842336803e+00	   6.2995879171925018e-01	   7.2325591261734001e-01	   8.8106419816644310e-01	   1.0309759398654461e+00	   7.2074701633549593e-02	   8.8863352200665380e-02	   6.7046282197839438e-02	   9.6134883572649085e-02	   3.3747858653559126e-01	   3.7530202775630900e-01	   4.7725201183866200e-01	   5.5452660975741463e-01	   3.1921176493755354e-01	   3.2368246745134299e-01	   3.8807669647080323e-02	   5.0362564670116225e-02	   1.0533757507427145e-01	   1.0312835734484363e-01	   8.6520661053811052e-02	   2.1469137141205666e-01	  -3.3962046104370786e-02	   2.4146270030733857e-01	   1.6044456192084111e-01	   6.6723421349861844e-01	   5.0663435721608396e-01	   1.5355063436123728e-01	  -2.9683122467014447e-02	   4.7618016595001332e-02	   9.1859686629656767e-02	  -2.1043177101765481e-01	
   7.5609017065768924e-01	   6.6915719488319569e-01	   1.2696328391423148e+00	   6.6886215851796849e-01	   0.0000000000000000e+00	   8.6322674107680397e-01	   7.1621591855768385e-01	   1.6643598239804583e-01	   1.0415088192637989e+00	   5.3960636601567735e-01	   7.1707242706717111e-01	   4.3862514417006138e-01	   6.2214607593638571e-01	   4.3616193564254530e-01	   1.0911498061104128e+00	   8.7156869715934804e-01	   4.4052990629263411e-01	   2.6247342257412132e-01	   8.7144492896255310e-01	   6.8962636766770391e-01	   8.6516133964758557e-01	   6.6804835879774904e-01	   1.3441530632982692e+00	   8.7151975530686765e-01	   1.0772251531801085e+00	   9.3369228189878972e-01	   1.1478125755403126e+00	   7.8918274589673898e-01	   8.9973753001450496e-01	   4.9131652753194938e-01	   7.3608927840378424e-01	   5.9304952135236444e-01	   6.4732601861272110e-01	   4.2474665252629407e-01	   6.9693013021565575e-01	   3.5998991994293461e-01	   6.1471456822324355e-01	   6.3901765096365737e-01	   8.3998188877541158e-01	   6.4108608956778923e-01	   3.6336590547867192e-01	   6.4394735927349833e-01	   4.2751696648118004e-01	   3.3167761911664645e-01	   3.9726619608120217e-01	   5.1094588199215329e-01	   3.3502644841945062e-01	   3.2876647184359575e-01	   4.2288278958860759e-01	   6.1571992837617717e-01	   5.8627110102755919e-01	   6.3811717074861440e-01	   5.3736867185115478e-01	   5.8924872978690424e-01	   6.5739616068165962e-01	   6.2894806026459649e-01	   5.8414579340728312e-01	   5.0312995259456306e-01	   5.2923092178894360e-01	   6.2023525521856837e-01	   4.5891362346215125e-01	   1.7439208178499380e-01	   9.8128321274227923e-02	   1.6651975640921646e-01	   3.3145446735356465e-01	   1.7610530346232775e-01	   5.6950913265028413e-01	   3.9336133762616704e-01	   7.7588843468700497e-01	   6.3453201393914538e-01	   2.8426440917051971e-01	   1.1718214585238543e-01	   1.3816738436093112e-01	   2.2956985338043734e-01	   7.7037653809101580e-03	   1.3155615176661453e-01	  -1.0123331172831217e-01	  -6.1436419907338953e-02	   4.9745801918730037e-01	   3.6984417662571206e-01	   4.9445214833417928e-01	   5.5635550843210069e-01	   7.6906088014579477e-01	   7.2178654436545253e-01	   9.2827884277079942e-01	   7.7800222594518587e-01	   6.6640975070968178e-01	   5.5411444909137253e-01	   7.3250247870748941e-01	   8.7470237452258570e-01	   1.5371123484792354e-01	   3.3611119996848920e-01	   1.4718572880293382e-01	   4.4351789385434809e-01	   3.0088727004371663e-01	   3.6923338400020134e-01	   4.8252822068709200e-01	   4.7536294848826832e-01	   2.9731060466089476e-01	   2.6614341425885912e-01	   3.0147685244597141e-03	   3.3691020707305463e-01	   7.7446425650807324e-02	   6.9476768819507317e-02	   1.2931099308383440e-01	   2.5910130912446405e-01	   2.2492662024814581e-02	   2.3036598033057809e-01	   1.7780462096578328e-01	   5.4961103964282232e-01	   3.6449031228851997e-01	   1.2357183181339809e-01	   6.9474764800232153e-02	   9.0979706675078820e-02	   8.3422340176037654e-02	  -8.7783392660608278e-02	
   7.6521096489850826e-01	   5.9592812554163310e-01	   8.3963085413641703e-01	   1.1354472758559930e+00	   8.6322674107680397e-01	   0.0000000000000000e+00	   6.2518400212055858e-01	   7.9451081733364604e-01	   6.5885374636628269e-01	   1.0663631898556534e+00	   8.0850757845372867e-01	   8.2904562667200299e-01	   6.2193295619493405e-01	   9.0285810660410915e-01	   7.2763939886171547e-01	   1.1692821261867719e+00	   5.3553246759681117e-01	   2.6500723886576433e-01	   6.9004810854736831e-01	   6.2890232304303428e-01	   7.9872966512225307e-01	   9.3667481496127014e-01	   8.5305500806995183e-01	   1.2069850876020876e+00	   8.3690537328260084e-01	   1.0644539816069609e+00	   8.4949714368263773e-01	   1.2541684860317222e+00	   8.5609122012906513e-01	   6.9663805733757600e-01	   6.7174648939238746e-01	   7.4022607260892548e-01	   6.4276168005843382e-01	   6.8333369397233756e-01	   7.8902970142182560e-01	   7.0169630849762898e-01	   6.1099268434837695e-01	   5.9545001204952963e-01	   7.3479328219608264e-01	   7.4524583184226556e-01	   3.7887043941867810e-01	   5.8432270963712718e-01	   2.4992848268941820e-01	   2.8123649452629046e-01	   2.9449330131114348e-01	   5.5878599241957461e-01	   2.2810511479101286e-01	   2.4665653254377676e-01	   3.5828523220387049e-01	   4.9276542198396944e-01	   6.7895006104396916e-01	   7.8499149543123770e-01	   5.6885012419651604e-01	   6.3884299200723538e-01	   7.8821701161520719e-01	   7.9884624591355213e-01	   5.4041082053865952e-01	   4.6083755101177604e-01	   6.2407658223204887e-01	   6.8440943646421304e-01	   6.6468511699433319e-01	   4.4547438442866139e-01	   4.2211108162356537e-01	   3.9934903491965523e-01	   4.1868998147745184e-01	   7.2360282391902808e-01	   7.5544414470418453e-01	   7.9549440640840352e-01	   5.4242756794513181e-01	   5.8091472008043743e-01	   2.3450136008619654e-01	   1.8252491426086379e-01	   1.6798901234627817e-01	   3.0152904321357804e-01	   8.2725663088015100e-02	   1.8460701369084309e-01	  -1.5421412022941184e-02	   1.1430350929041593e-02	   5.2795852748101790e-01	   4.2722162146172332e-01	   6.1924552786739639e-01	   7.5077781611725236e-01	   7.4286872083331401e-01	   8.5455536576968916e-01	   1.1103686213396089e+00	   1.1521799188340875e+00	   7.3035499077006039e-01	   8.1422015886921750e-01	   1.0266741713260867e+00	   1.1529191834534300e+00	   2.4219503660269776e-01	   2.5137462447609576e-01	   2.1087934374794379e-01	   2.3756706059504734e-01	   2.7923900465601237e-01	   3.3248372498021861e-01	   3.6419197576965545e-01	   4.9567372122205189e-01	   2.8937324431899819e-01	   3.3794539888392794e-01	   1.5632572774840744e-01	   1.2329710996492854e-01	   1.6255991074276574e-01	   7.8216027721417586e-02	   1.7716675382316072e-01	   2.5668631502657219e-01	   4.2188106399375626e-02	   1.9935660785583273e-01	   1.8545666713590994e-01	   4.8707232806291856e-01	   3.6917910448230562e-01	   9.4429915556691071e-02	   4.4692115975046340e-02	   1.2393396597495725e-01	   1.5531733389986604e-01	  -1.3906382279012403e-01	
   4.6607152862681162e-01	   2.5840415709366965e-01	   1.0190130826267296e+00	   5.9616813198313978e-01	   7.1621591855768385e-01	   6.2518400212055858e-01	   0.0000000000000000e+00	   5.4912502205692459e-01	   7.5608366329191701e-01	   5.2969768940582096e-01	   7.3480873362996413e-01	   5.3346011190697928e-01	   8.9754084057335826e-01	   5.4187758984668322e-01	   7.5093773386862706e-01	   8.2246824918680661e-01	   2.3626307292858170e-01	   1.5025107344209243e-01	   6.7266529717433854e-01	   5.1537712908439515e-01	   4.7228957652534015e-01	   6.4631964065016068e-01	   8.4988640722426445e-01	   6.2761092884013103e-01	   4.8171015547848561e-01	   4.6299699761244589e-01	   5.4137685930215218e-01	   8.3365393409383992e-01	   7.3499544832449182e-01	   4.4136657873527502e-01	   6.3219361412709740e-01	   6.0437598163394846e-01	   8.2561271522851665e-01	   6.6386474644578686e-01	   6.7294312923422817e-01	   4.0967216132212642e-01	   4.9609352871435886e-01	   4.5688696647103622e-01	   5.6426483138493566e-01	   5.3212112114866839e-01	   2.2802034012728367e-01	   5.6577116399695904e-01	   2.9636080484163901e-01	   1.9494288661726258e-01	   3.1670522974092796e-01	   2.8404610672632058e-01	   2.8724156342675122e-01	   1.9800252522970629e-01	   5.2286677353409083e-01	   4.3002311808170968e-01	   6.2438404274289383e-01	   6.4375140230804917e-01	   4.0533483299664780e-01	   5.0470532905391385e-01	   5.7440657359303671e-01	   4.6453398220347697e-01	   1.6499185844587916e-01	   1.4132880472820120e-01	   6.8488472081411711e-01	   5.2056572253275712e-01	   6.0858578039548472e-01	   2.7181784286106214e-01	   1.0328366003081343e-01	   1.6282521159730223e-01	   8.2140456155045893e-01	   5.6851276092625569e-01	   8.8211943416420324e-01	   5.4139014298735577e-01	   2.2695724207379853e-01	   2.2829863091196195e-01	   3.1604863986859250e-01	   3.7560065460460168e-01	   4.0513059415540154e-01	   6.1848234431675975e-01	   3.2975492879237744e-01	   4.1817747564238017e-01	   1.3040566855046007e-01	   1.9654892911751656e-01	   3.2306259710953589e-01	   2.4960980144121800e-01	   1.8985930920852168e-01	   3.6563435359787877e-01	   3.5695989645893011e-01	   5.1218987196430643e-01	   6.4209692084492864e-01	   5.5104129070584484e-01	   5.6650356888327325e-01	   5.3151364760018771e-01	   8.1281382931057666e-01	   6.8640102097543076e-01	   2.8163302347013053e-01	   4.1780911714096231e-01	   2.3972378940966510e-01	   4.7130685274155737e-01	   9.9258630330017278e-02	   4.2624935061123798e-01	   3.2715052607349315e-01	   2.6423154872131294e-01	   3.4615085261212308e-01	   3.8251694258728358e-01	   1.5054599681088979e-01	   4.2028754575459154e-01	   1.9476761599598089e-01	   3.2212666943897461e-01	   2.9127003330257573e-01	   6.1256386866720036e-01	  -7.5245551233635632e-02	   3.1001936509394612e-01	   1.2882968230240802e-01	   6.7222229446341819e-01	   3.3892695542403739e-01	   2.3766804491885532e-01	   7.7775052337539299e-02	   9.3315359008168772e-02	   2.3615581306478339e-01	  -9.2538109383604850e-02	
   3.9307720467453994e-01	   2.2417246508127969e-01	   2.7421279892468747e-01	   7.5530445372961652e-01	   1.6643598239804583e-01	   7.9451081733364604e-01	   5.4912502205692459e-01	   0.0000000000000000e+00	   3.4345592696183030e-01	   9.6852360905288826e-01	   5.3836703747904358e-01	   7.8251047843866173e-01	   5.4171146951867688e-01	   1.0240005926168079e+00	   2.8789281707412889e-01	   6.8129704640624533e-01	   3.8065117886541822e-01	   3.0256839599937030e-01	   2.8025645565133933e-01	   3.5556625278321946e-01	   2.2648353526605547e-01	   5.6312426261012460e-01	   2.2476628510585339e-01	   5.2418421704600859e-01	   1.4787539885346684e-01	   3.2580783472716218e-01	   1.9084072244355385e-01	   7.6123654966830245e-01	   4.3658384957298896e-01	   6.5022318860928785e-01	   2.5879068961486357e-01	   4.5000502706825485e-01	   5.0614557297430274e-01	   7.9304290207324479e-01	   4.3048103278618560e-01	   5.7891189211965433e-01	   3.3902777756081737e-01	   2.9027750297392180e-01	   2.9142115416930836e-01	   5.5933282119548611e-01	   1.8476973372715855e-01	   3.7573147970815807e-01	   1.7017999285520269e-01	   2.6703123766647702e-01	   2.4657461514807233e-01	   4.3858726010087162e-01	   3.3421138165390329e-01	   2.3864823062680698e-01	   3.9516671799023817e-01	   4.1276907167172255e-01	   6.5084292441488212e-01	   6.5482555122166841e-01	   4.2456343980853806e-01	   4.5398223307944457e-01	   6.3531916668468880e-01	   5.8964804256302805e-01	   2.2965376882608474e-01	   2.2073089717858541e-01	   5.7220524389005667e-01	   4.7515260104414780e-01	   7.4468752638274383e-01	   6.7665054915303613e-01	   6.1431477468590656e-01	   5.5889490557847377e-01	   5.8896493333318822e-01	   1.2396098202353825e+00	   7.0463173185327210e-01	   8.5206648095868265e-01	  -2.3877787248115970e-02	   1.3939233366145359e-01	   1.2081042704233011e-01	   2.9353318717824722e-01	   2.6946408793745369e-01	   3.5460529208395408e-01	   2.9288951167002830e-01	   3.3938555155426942e-01	   1.4258671489419206e-01	   1.8725125697684647e-01	   4.0960031623396864e-01	   3.8636304059076954e-01	   3.7986968371024799e-01	   5.0988697064517652e-01	   2.2316714334463605e-01	   4.1054859223216211e-01	   5.5544933771260929e-01	   6.2086278184171262e-01	   3.9939113428476708e-01	   5.2787061755714548e-01	   7.2927315762672873e-01	   6.2338436979321432e-01	   2.4514310351892882e-01	   1.3055401818663331e-01	   1.5782624510795196e-01	  -2.3302999723756053e-02	   3.1963109278096445e-02	   2.3495066353989902e-01	   2.5447406911564452e-01	   2.2694884768458673e-01	   3.6540718001651656e-01	   3.6992167782984831e-01	   2.3886688779172266e-01	   4.0435842016494861e-02	   2.3865054387424550e-01	   1.3805457812909938e-01	   2.5136159960932652e-01	   2.9189383255238011e-01	   5.9042795339321490e-02	   1.3002531560900504e-01	   5.7949350765553610e-02	   3.8913810030115986e-01	   2.4372460505386939e-01	   1.8461851510620647e-01	  -3.8627725363969486e-03	   9.4334379087047476e-02	   1.2328259939283943e-01	  -2.2032366560267772e-01	
   4.8203379393019080e-01	   3.8109983179471585e-01	   7.3819983731799932e-01	   4.8477902714369964e-01	   1.0415088192637989e+00	   6.5885374636628269e-01	   7.5608366329191701e-01	   3.4345592696183030e-01	   0.0000000000000000e+00	   7.2681506442071575e-01	   6.4064395721389500e-01	   4.0659950838209885e-01	   7.7293811002363733e-01	   4.4021305798210703e-01	   1.1636748389793388e+00	   8.0847846589085326e-01	   3.5988031930762593e-01	   2.3300618159441805e-01	   5.5805193429927269e-01	   5.0509822640903113e-01	   5.3757703777046562e-01	   5.7339442835250709e-01	   8.6538590578565022e-01	   6.5882674282080811e-01	   5.0500198147193776e-01	   5.4501057212938753e-01	   5.6865327236046403e-01	   6.5887527334971618e-01	   7.1279798000936623e-01	   4.7156408758742435e-01	   4.5029736077803195e-01	   4.7486687056564514e-01	   6.4716101337193788e-01	   5.0812006360363415e-01	   5.2381382841601387e-01	   3.2647498253534513e-01	   3.9395384695460306e-01	   3.8458207933484057e-01	   5.5312668213021032e-01	   5.3059182934128024e-01	   2.4080232967729481e-01	   5.1256005775951052e-01	   3.9425395816846542e-01	   4.0542101823106824e-01	   3.6907549400793715e-01	   4.8961338906270607e-01	   3.4050574927768179e-01	   2.7476347048599981e-01	   4.4024412283835401e-01	   5.9507861555177100e-01	   6.9732329456667363e-01	   7.0260069803139891e-01	   4.9835585991676951e-01	   5.7492089985077310e-01	   6.0301229946737289e-01	   5.2450155500094842e-01	   3.6558956006049093e-01	   2.7656560480061027e-01	   4.8722595135615321e-01	   3.8757390772665062e-01	   5.4248984088411323e-01	   1.9472639926294510e-01	   1.8515264457255298e-01	   1.5676080511637444e-01	   4.8185314941597612e-01	   3.7660898910926055e-01	   5.6019687556592745e-01	   3.9661745301619611e-01	   4.2203226417648049e-01	   3.6217575060822832e-01	   2.1520486391817473e-01	   2.0663508241005415e-01	   1.8890054187419947e-01	   2.2714478623891024e-01	   7.7031067817183649e-02	   2.7991350047627189e-01	  -8.0207797887110049e-02	   5.3864506464126355e-02	   4.6517578695990286e-01	   3.5963901253608399e-01	   4.2389464567229240e-01	   4.4598817439059990e-01	   4.8074208024211867e-01	   4.8637848112133630e-01	   7.3287682728721404e-01	   5.9915518969414694e-01	   5.9596207067428497e-01	   4.1788633951453180e-01	   8.0003379913784534e-01	   6.3578295685546649e-01	   1.8148099625100950e-01	   3.2426323522955725e-01	   1.6700854553040875e-01	   3.8337082548336932e-01	   1.9700260231362765e-01	   4.3502087659173894e-01	   3.1082207857754673e-01	   2.6673413497642834e-01	   2.6186328514614265e-01	   2.7605480090048018e-01	  -1.0452898700920707e-02	   2.4048508977123012e-01	  -1.6869344695651753e-02	   1.0833189027103374e-01	   1.5171472693494334e-01	   3.1985023811517022e-01	   2.8663771797340219e-02	   1.4912275816670645e-01	   7.7362042136679965e-02	   4.1302201521350118e-01	   1.5630801185854590e-01	   1.6803451141858988e-01	   7.2591523629929378e-02	   1.0491195999144315e-01	   1.2828956663655991e-01	  -8.5494353145010152e-02	
   5.7841091788140486e-01	   3.8435568885006466e-01	   4.9329834311020515e-01	   8.2539319225401686e-01	   5.3960636601567735e-01	   1.0663631898556534e+00	   5.2969768940582096e-01	   9.6852360905288826e-01	   7.2681506442071575e-01	   0.0000000000000000e+00	   5.8747698946323357e-01	   6.6242247288923450e-01	   5.6076005191419731e-01	   7.6126638418230930e-01	   6.0132601075397318e-01	   9.3939014562417822e-01	   3.2331346133096639e-01	   1.5585732201876437e-01	   3.7198040017443745e-01	   3.3631508170939584e-01	   4.7240949456819992e-01	   7.2752370268022393e-01	   5.3285434867073633e-01	   8.5402261068494623e-01	   4.0477255999519363e-01	   6.1124615454619191e-01	   4.4048021132455156e-01	   9.1681898803902262e-01	   4.9841925888599553e-01	   4.3790419014447202e-01	   3.3069712757057090e-01	   4.5654871365833821e-01	   4.3241659220950374e-01	   5.3649011971788974e-01	   4.7635679516308999e-01	   5.2206725704096846e-01	   4.1635043248890558e-01	   3.7852015626759983e-01	   5.2701494143109828e-01	   5.9461162613149565e-01	   3.4632164310177782e-01	   4.3355979313258830e-01	   8.8307615621205288e-02	   1.4336916305459971e-01	   1.5975688759543719e-01	   3.6632355593043758e-01	   1.5573866004787740e-01	   6.9992159894529116e-02	   2.5713869485578400e-01	   3.1461869881662496e-01	   6.3266334210393815e-01	   6.1492574599382699e-01	   4.5600392089941300e-01	   4.2839484738604738e-01	   6.2271357290130958e-01	   6.0652770670716449e-01	   4.4834292877612703e-01	   3.1545382595048710e-01	   4.6965374071907651e-01	   3.7197060108901098e-01	   6.9619477661478302e-01	   4.2924398755595167e-01	   4.2244887483191124e-01	   2.7082602637261510e-01	   5.3111235048619720e-01	   9.1691415527601094e-01	   5.5509965872975164e-01	   6.0259678143367790e-01	   2.5213494091554917e-01	   2.9421481180666093e-01	   1.2319707736092912e-01	   1.5654240156090968e-01	   1.6315371443782478e-01	   2.0781494241530424e-01	   1.0546836597865593e-01	   1.7638994759517979e-01	  -1.7180413742035069e-01	  -1.0393450095859025e-01	   4.1747095524746536e-01	   2.9969636400067662e-01	   4.1770842108747158e-01	   5.1183465809957052e-01	   3.8163976588370790e-01	   4.7409399858632562e-01	   8.0185589095678866e-01	   7.8912367509908610e-01	   5.2176598835115584e-01	   5.2658780763814939e-01	   8.8340057559183049e-01	   7.4137205799591410e-01	   1.0585234744445478e-01	   1.5036965895783816e-01	   5.7818925729335814e-02	   1.0793251031907164e-01	   2.5602947658519681e-01	   2.6657963075220703e-01	   2.0906651393987993e-01	   2.5799285405545330e-01	   1.4475964105838057e-01	   1.3884812994995527e-01	  -7.3495988144755248e-02	   1.1733963336139941e-02	  -4.6698221345188848e-02	   4.8400229978610140e-02	   1.4691181146991250e-01	   2.2953929938274686e-01	   3.2579872528233219e-05	   4.9120500356082723e-02	   1.1636563672775600e-01	   4.0563608346126356e-01	   1.1687083879477936e-01	  -6.3499563623982229e-03	  -4.7614009410830535e-02	   2.6470154576879849e-02	   4.0475884146650896e-02	  -1.0410802705696583e-01	
   9.3077831703500524e-01	   8.2628476333999645e-01	   7.9641024837991847e-01	   7.7220576076921654e-01	   7.1707242706717111e-01	   8.0850757845372867e-01	   7.3480873362996413e-01	   5.3836703747904358e-01	   6.4064395721389500e-01	   5.8747698946323357e-01	   0.0000000000000000e+00	   9.7333514044815506e-01	   1.3356309301313083e+00	   1.0018559347346385e+00	   1.0591440033428805e+00	   9.4180909867536700e-01	   7.6889824200483814e-01	   5.8172392762958958e-01	   8.4693331853617237e-01	   7.6255608555293097e-01	   5.4523886181421743e-01	   5.5303048339998884e-01	   7.5727075675742728e-01	   7.3859682350629119e-01	   5.9692172271023669e-01	   5.7548126401325084e-01	   7.5451551595809307e-01	   6.9267131245164926e-01	   9.9222849393383361e-01	   7.8328633117240498e-01	   4.0872447675007695e-01	   3.9841376812870455e-01	   5.7949284729434003e-01	   5.1628385860289483e-01	   4.6958130077768317e-01	   3.4797870368917821e-01	   6.2692836106749983e-01	   6.4114721075724668e-01	   6.2690726757779103e-01	   6.9455291335762437e-01	   1.8884894948083558e-01	   6.7458865302101911e-01	   1.9263217361745097e-01	   2.0827536854042200e-01	   3.2724087328089391e-01	   4.6073340496630200e-01	   2.8349402088733172e-01	   2.6871628438632555e-01	   4.8199499463234652e-01	   5.3103172677228883e-01	   6.0086666376276354e-01	   7.2338998133087706e-01	   3.7236666705807714e-01	   4.7016614937472434e-01	   7.3015075473099500e-01	   5.9912098308103612e-01	   6.3132279424209392e-01	   6.0504104684209814e-01	   5.1900580202534152e-01	   6.3017260780004769e-01	   7.3913432495192544e-01	   4.5496223876226138e-01	   4.4000853976766441e-01	   5.2935771379140761e-01	   3.8768934407132360e-01	   5.1698987330646640e-01	   5.9177688993484168e-01	   4.8710253738060172e-01	   5.1248915890446156e-01	   4.8507697749037443e-01	   7.6468060959482304e-02	   2.3272562946741859e-02	   1.1887270137403173e-01	   3.8129987668450555e-01	   7.2127323212227604e-02	   2.3699199482443567e-01	  -1.1763596723966527e-01	  -1.5378262741038712e-01	   5.6718543397900678e-01	   5.1447037511521232e-01	   5.5820179211074183e-01	   7.7751064921296875e-01	   6.1332586850860960e-01	   7.2331674082420616e-01	   9.8440422167944364e-01	   8.9210848772349249e-01	   6.0522284006073312e-01	   4.6528283662086611e-01	   8.5823073921765947e-01	   8.0912307526976324e-01	   7.1693614831943364e-02	   1.4070533477529146e-01	   1.0738346510513654e-01	   1.5721034420672536e-01	   5.3201080266464307e-02	   3.1992367815592720e-01	   3.2977739594051064e-01	   2.8260265542835988e-01	   2.4463029640363693e-01	   2.6003847791824675e-01	   1.1482479326037016e-01	   1.9167497169969863e-01	   1.6136229185376902e-01	  -5.5453015924434093e-02	   3.3540421895282800e-02	   2.2825670469616466e-01	   3.6733982352608024e-02	   2.1209417065040331e-01	   3.2439604137110403e-02	   4.6950072211404437e-01	   2.6409619247075944e-01	   1.2061028454173225e-01	  -1.8597259406047253e-02	  -1.0988224349003706e-01	   2.8038901109965386e-03	  -3.4064084965929808e-01	
   8.1012291207525045e-01	   6.0438525707885571e-01	   5.8939540777737143e-01	   7.7660646285977464e-01	   4.3862514417006138e-01	   8.2904562667200299e-01	   5.3346011190697928e-01	   7.8251047843866173e-01	   4.0659950838209885e-01	   6.6242247288923450e-01	   9.7333514044815506e-01	   0.0000000000000000e+00	   7.4031892947894384e-01	   1.3222213706574382e+00	   5.8976930340083544e-01	   1.0434670565535835e+00	   5.3519286516858244e-01	   4.6896561819074067e-01	   5.6135514712051426e-01	   6.5247848115014129e-01	   5.4312524859764033e-01	   6.7820346565497758e-01	   5.7765731500035888e-01	   9.0340301969364745e-01	   4.7055934339248034e-01	   5.0407123033452494e-01	   6.3207069219444256e-01	   7.5182533848558131e-01	   7.4788038793807110e-01	   8.2089044698227542e-01	   3.5393538882162523e-01	   4.7843010820258280e-01	   5.1314607150746139e-01	   5.7506885223460236e-01	   4.1004235736286410e-01	   3.4062876956918747e-01	   5.6442679843531041e-01	   5.7369858351267766e-01	   5.7130100261338246e-01	   6.3634176329225234e-01	   3.2274791309406775e-01	   6.5022768767719907e-01	   8.2296259614741768e-02	   1.1847437095839931e-01	   1.2499939419829907e-01	   2.9984006757274989e-01	   1.7180462236430100e-01	   1.1800878260428654e-01	   3.1300565408293801e-01	   3.2519547460074866e-01	   5.0087044834717731e-01	   5.7878914567300210e-01	   3.5983589902114599e-01	   4.5374510592821371e-01	   5.9898000054209866e-01	   5.3878936229913799e-01	   4.8472746615476009e-01	   4.1612944681794162e-01	   5.6441132726862053e-01	   5.3804661156625566e-01	   7.7967246881503460e-01	   6.7459812644255324e-01	   4.6835040720265586e-01	   6.3914588390221816e-01	   3.0387956376676417e-01	   6.7178337449456971e-01	   5.5023892319981571e-01	   4.8716799670395816e-01	   2.5839467026702773e-01	   3.4046249103307241e-01	   2.9782444062375774e-01	   2.9827159083927812e-01	   3.1195569391472888e-01	   4.9030518070449075e-01	   2.5471784018517035e-01	   3.9531394444442480e-01	   4.2564889134099962e-02	   7.2310624502984651e-03	   4.3569134700087636e-01	   4.2233833679529570e-01	   4.5481923089145937e-01	   6.1290214758989725e-01	   4.8530039560286931e-01	   5.7643276604108884e-01	   7.0977526113425660e-01	   7.8253872820365766e-01	   6.2406685754201274e-01	   4.7861117517124341e-01	   8.3622485795122858e-01	   7.8670876940328427e-01	   2.3025297907578535e-01	   1.2774265496683723e-01	   2.9784699412403431e-01	   1.5116320425274163e-01	   7.0011109566104471e-02	   1.9519056382539823e-01	   2.3468146236445236e-01	   2.1500972531267507e-01	   2.5012014815037814e-01	   2.1286317424921156e-01	   1.9346233254672429e-01	   1.8844489488661459e-01	   1.5191594112928170e-01	  -7.0429814313529284e-03	   2.0569593504044453e-01	   2.4135898115936016e-01	   1.8343749990888084e-01	   1.3831787835619219e-01	   2.0843792538861328e-01	   5.5385620996565477e-01	   1.9664912479755314e-01	   9.9703278631750852e-02	   3.7015615872225099e-02	  -9.3211679794111518e-02	   1.1403162551975193e-01	  -3.0011209397965977e-01	
   5.8827536997503671e-01	   4.6657896198289239e-01	   6.3356774190529919e-01	   4.9360127325431880e-01	   6.2214607593638571e-01	   6.2193295619493405e-01	   8.9754084057335826e-01	   5.4171146951867688e-01	   7.7293811002363733e-01	   5.6076005191419731e-01	   1.3356309301313083e+00	   7.4031892947894384e-01	   0.0000000000000000e+00	   9.5399645850433545e-01	   1.0306246916299042e+00	   7.6797622239537922e-01	   4.9568899150374013e-01	   3.8419894515613823e-01	   6.0628603817629700e-01	   5.6333301234860000e-01	   3.3623315071473742e-01	   4.4681019743636019e-01	   6.3442613564672135e-01	   5.6381465094502325e-01	   3.6876401966750932e-01	   3.6572812513551523e-01	   5.4419872149371840e-01	   5.9199537044184347e-01	   7.6019642720372249e-01	   6.3731464598607679e-01	   2.8483117029277488e-01	   2.6884513276470950e-01	   5.0205483309431409e-01	   4.6352927638225344e-01	   3.3541640309822951e-01	   2.0216072293818385e-01	   4.0922969829825961e-01	   3.4804491541839944e-01	   4.1438785421779778e-01	   4.8939883543357876e-01	   1.0310880679794510e-01	   6.3499097328390464e-01	   2.7182702222595700e-01	   2.5153358668304826e-01	   4.1731057671109512e-01	   4.4678913028625916e-01	   3.4227009470334890e-01	   2.6211909291769808e-01	   5.3970519934883932e-01	   5.5521310383997369e-01	   6.7724980997713058e-01	   7.0906131391435012e-01	   3.9650560357209591e-01	   4.9515152758166003e-01	   6.4644303572240369e-01	   4.5951728037298079e-01	   3.3633020916256751e-01	   3.1816171317661796e-01	   5.3124911047248424e-01	   5.2695022552000481e-01	   7.3733570468156040e-01	   4.6970160649463438e-01	   2.7707328275458543e-01	   3.7446490191944121e-01	   5.0008061893104405e-01	   5.5927772636730599e-01	   5.6719674584204516e-01	   3.9360280261636887e-01	   3.2224760206355696e-01	   3.3237827699003142e-01	   1.0721740983313227e-01	   1.5462849963262196e-01	   2.0292113218565738e-01	   4.6863167106105219e-01	   1.6314783535493890e-01	   4.2470059956380896e-01	  -1.4154922362975619e-02	   5.2012065169114979e-03	   4.2376780896225569e-01	   3.7469376959364559e-01	   2.9481696926263162e-01	   4.7479050453649208e-01	   3.8166788043161204e-01	   4.4099084987591797e-01	   7.5274636064553202e-01	   6.2500357681193719e-01	   5.4629519567453111e-01	   4.1957482931571038e-01	   8.1597581901700822e-01	   6.6839850765339681e-01	   1.3596586731969709e-01	   2.3066922138205032e-01	   1.3154756953184096e-01	   2.0897819400077611e-01	  -9.1992039278641136e-02	   3.2262341494856739e-01	   2.7166037291482764e-01	   2.1551025534769286e-01	   2.8731788436292444e-01	   2.7047599398068334e-01	   7.9596449284325660e-02	   2.1494305464362842e-01	   1.0815823854081399e-01	  -5.0498092679772842e-03	   9.5419025392515039e-02	   3.3297993660011987e-01	   1.4679950239731234e-02	   2.0103887962916681e-01	  -4.9217941996944493e-02	   4.7148703106329576e-01	   2.2843206495922425e-01	   1.6897932343210925e-01	   4.1728990421632164e-03	  -4.6052261689796224e-02	   9.5691761378348159e-02	  -3.0504233353652777e-01	
