   0.0000000000000000e+00	   6.9795697504498144e-01	   3.1252210325791729e-01	   3.1815013462385178e-01	   1.2467699026253079e-01	   2.7479165803605432e-01	   4.8817771538767185e-01	   4.9745155305009436e-01	   2.7734336534191562e-01	   3.3191920586103552e-01	   8.8169685206507631e-01	   7.3074010302471992e-01	   7.5275104507813007e-01	   6.8265408886449275e-01	   7.1243531200336674e-01	   6.2937285167828927e-01	   7.0515371760987855e-01	   6.0350782258936997e-01	   6.6876292404368320e-01	   5.9474637630288441e-01	   2.1679432634209117e-01	   3.1810609694715053e-01	   3.7961829849081796e-01	   3.2181779730198257e-01	   1.7022916561941731e-01	   2.5985266435480658e-01	   4.3844194997329500e-01	   4.9095650798989171e-01	   7.8131802841282905e-01	   6.9092091786310994e-01	   3.7662159911326609e-01	   4.1215515229153898e-01	   7.0572899145876167e-01	   6.7010681144616635e-01	   3.5515774005879380e-02	   1.1866903993107799e-02	   5.0956360221114472e-01	   5.0946170525843681e-01	   5.0588046128620945e-01	   5.2025881732084744e-01	   6.3150830406136005e-01	   5.8335288890847614e-01	   2.4614444994162415e-01	   2.5459520266102931e-01	   2.5922546291260268e-01	   3.1198599667800608e-01	   4.0479455286644184e-01	   4.2445090188042256e-01	   4.5881186305512667e-01	   4.1161354903823510e-01	   5.3517423972348688e-01	   4.5751118722436923e-01	   4.5082471518228517e-01	   3.1099109610370901e-01	   5.3790307824580719e-01	   5.5057234586391413e-01	   6.8720147792786179e-01	   5.9990985692615006e-01	   7.0286261234070935e-01	   6.1466305635030771e-01	   7.6175487226731575e-01	   4.6149142473563459e-01	   7.2850730496451388e-01	   6.0762086315078212e-01	   2.6906834552216624e-01	   1.9235245145966362e-01	   1.7519510436822494e-01	   1.6966002540883704e-01	   4.0537936491154847e-01	   2.6836010421447254e-01	   2.5961968997219625e-01	   1.7662744719771095e-01	   6.6740027683460423e-01	   6.1962009969300613e-01	   5.9087957017973269e-01	   5.2572821359051636e-01	   2.1104050793393134e-01	   2.0615159241356718e-01	   4.5899262211763836e-01	   4.4954401714607783e-01	   5.1871140375423086e-01	   5.4652487970554020e-01	   7.1353271353304693e-01	   6.7365204274594592e-01	   4.3223733328515773e-01	   4.1682945966016749e-01	   5.1916942381739872e-01	   5.8615957405875407e-01	   5.7364124055544297e-01	   5.8859729409856265e-01	  -5.9009798365182671e-02	  -2.3365245108917600e-02	  -3.0369997519159631e-01	  -3.6831594276452211e-02	   4.0739692225607893e-01	   2.4311134332689466e-01	   5.4356497347137112e-01	   5.1634102196453302e-01	   3.2890076742537205e-01	   5.1421597673366748e-01	  -2.6790254096877469e-01	   1.2318661900562869e-01	   1.7086813440344553e-01	   4.4904382657346764e-01	  -9.3640911376769137e-02	  -4.1956498138810577e-01	  -1.0799716181259199e-01	   5.6877385983762618e-01	  -1.5557217459147971e-01	   2.8491307327932353e-01	   1.6887389169248651e-01	   2.3897816961978044e-01	   4.2979764022535588e-01	   1.3647783512954059e-01	  -3.7925961039090061e-01	  -4.7069018554450304e-01	
   6.9795697504498144e-01	   0.0000000000000000e+00	   2.8888335953496175e-01	   4.0540914273647771e-01	   4.5958754623702219e-02	   1.5963756265604756e-01	   3.1528505579391608e-01	   3.9077029261964469e-01	   3.9434620653831287e-01	   1.4334144624114420e-01	   5.5564365572476171e-01	   7.3348544069772015e-01	   4.3992546622278383e-01	   5.4111226680283764e-01	   4.5454887810208811e-01	   5.3971047059807542e-01	   8.1904908118815178e-01	   8.9135411349036486e-01	   6.9289511117842628e-01	   8.2817744231210966e-01	   2.1847962804566573e-01	   4.2988510249702150e-01	   2.3230619245356315e-01	   2.6337065156128775e-01	   2.6489040369148592e-01	   3.9944339197358403e-01	   5.1602057369034027e-01	   5.2746709241591128e-01	   7.6316141065528298e-01	   8.8503701460259321e-01	   4.8527794683875963e-01	   5.4845661053920880e-01	   7.7550630575364332e-01	   8.2330124859701836e-01	   1.3630768203252752e-01	   1.0079727815425743e-01	   4.5619831096595054e-01	   4.9078673752831886e-01	   5.2765006434486317e-01	   5.8757120340561331e-01	   6.2000980953252260e-01	   6.3709000109409997e-01	   3.8436543555063735e-01	   3.9341969909827584e-01	   3.3789466785959066e-01	   4.0132933309847585e-01	   4.7050412198445779e-01	   5.3466487995803558e-01	   3.7959591875491883e-01	   3.8395908197226131e-01	   3.7236396972734942e-01	   3.4887722479697059e-01	   2.2958385539747994e-01	   1.7555631718976383e-01	   4.1886355507894629e-01	   4.7656871784403732e-01	   7.8010705718026574e-01	   8.6921710098310090e-01	   4.4554188965575214e-01	   5.4348658023709029e-01	   5.1898957679418789e-01	   3.7596018479563920e-01	   7.2204447623081813e-01	   7.1186741593546266e-01	   1.7837694428113152e-01	   1.2343280999973444e-01	   3.1692415534780727e-01	   3.2358999520442150e-01	   7.2059581794951744e-01	   5.0007697727098144e-01	   2.0276160360765652e-01	   2.1196309385731099e-01	   7.4216504108812120e-01	   8.3172780763936038e-01	   5.9792687834399627e-01	   6.4698252387341593e-01	   2.6260889619258915e-01	   3.9790146134910637e-01	   6.4350407175557378e-01	   6.9474789448183127e-01	   6.8473778643867633e-01	   7.0485670839625425e-01	   6.7453406339364474e-01	   7.6961992605532359e-01	   3.0651840517095302e-01	   3.0829397591151109e-01	   4.8141183834778034e-01	   5.1844618040196122e-01	   4.2153440305445944e-01	   3.6570544464488880e-01	  -6.7089772166308015e-02	  -1.6926403800549533e-01	  -2.6943666229973579e-01	  -1.8524609414413112e-01	   5.5192517068430480e-01	   5.6045695595989120e-01	   6.5881207774856199e-01	   7.1604763083254097e-01	   4.2091874160096526e-01	   5.2179577548079459e-01	  -2.1069078709632108e-01	  -5.2339347319419555e-02	   4.3736601538499387e-01	   4.8896376671592762e-01	   1.5510004862474502e-01	  -3.6263604379428682e-01	   5.3690344636916743e-02	   4.2286691749547328e-01	  -3.3115074589981065e-02	   3.3963160558434291e-01	   3.5253718886622809e-01	   3.8294282529181206e-01	   4.2718808408208181e-01	   2.7923590517210939e-01	  -1.9025547850173757e-01	  -4.8134387610244411e-01	
   3.1252210325791729e-01	   2.8888335953496175e-01	   0.0000000000000000e+00	   5.1549984971352780e-01	   6.5741498428206768e-01	   2.9369026618823124e-01	   8.3125084294632900e-01	   4.7486518503372699e-01	   4.9533153134287539e-01	   4.3031627542263040e-01	   2.5831271274831458e-01	   1.5854483704632330e-01	   5.1150815887003365e-01	   1.2575629852742093e-01	   5.2416560473345697e-01	   1.7504094544603119e-01	   2.1184332337429310e-01	   3.6522201533214116e-01	   6.4005147047592470e-01	   4.3549369914118424e-01	   4.0998706213355529e-01	   2.6243874774552822e-01	   8.1555776086888077e-01	   5.1283146895960430e-01	   7.9203559099852483e-01	   6.0843345530536086e-01	   7.5845754778402230e-01	   4.0203530566136414e-01	   5.2591488211329063e-01	   3.8798649486340575e-01	   7.5499740169903284e-01	   5.2936615532984499e-01	   5.8041680790023076e-01	   5.0680911779462956e-01	   7.3085016454593488e-01	   5.3259086345170059e-01	   5.0269410862019792e-01	   3.2136952610588798e-01	   5.6366334117294370e-01	   3.5550337109899560e-01	   6.2856531754642464e-01	   3.8243866839342661e-01	   4.6595391629044614e-01	   3.8546558668027142e-01	   5.6423877843600068e-01	   5.6147633821099863e-01	   4.4773585638450841e-01	   4.6823998859694060e-01	   5.7630878064367019e-01	   5.6318782795716649e-01	   6.8602370985311367e-01	   6.6176641048213303e-01	   3.6840792320830340e-01	   4.9880567517993923e-01	   4.3477085521482017e-01	   4.6305351642407822e-01	   1.0806900334868505e-01	   2.9211333903129050e-01	   4.1663406945909570e-01	   4.1692598857281349e-01	   3.6638478550978265e-01	   5.9905070221982840e-02	   3.3418336584555941e-01	   2.4963317164850068e-01	   7.2703581855370314e-01	   2.8634168720443465e-01	   7.7057568425410217e-01	   6.9779762420421343e-01	   2.3942939428416754e-01	   3.0790360429996266e-01	   4.3590996578396157e-01	   1.6846180184046228e-01	   5.8874696264224269e-01	   4.4177166037003146e-01	   6.1755529598535575e-01	   4.1913253948097662e-01	   4.5242372116936791e-01	   2.4416832930204119e-01	   2.7016318441600351e-01	   4.5979587358902152e-01	   2.0825603436771059e-01	   4.6192845590030052e-01	   6.2789014036379132e-01	   3.8317619443632989e-01	   5.7715428682541581e-01	   3.7966083060452210e-01	   6.0698118109978572e-01	   3.8382227232361421e-01	   5.7499591989154064e-01	   3.7096570098681469e-01	   4.2406728079364736e-01	   6.3193982067648247e-01	  -4.0617444313726943e-02	   6.0689567239941422e-01	   4.2993717936020864e-01	   2.0331890550539894e-01	   5.4043634862282186e-01	   4.2729383338200422e-01	   5.7338428523618812e-01	   6.8127875549615569e-01	   8.1739022857625410e-02	   6.3411927554697933e-01	   4.2286650632945755e-01	   6.1222574574222466e-01	   3.3254231345512680e-01	   7.5385938690909593e-02	  -2.7911640443191416e-02	   1.5248454156777397e-01	  -1.4880153689336653e-01	   3.6417992111057135e-01	   5.5453937896237870e-01	   5.5561929652104380e-01	   3.3719255456785291e-01	   1.1215979010746399e-01	  -2.0183653295176585e-01	  -3.1548339448975748e-01	
   3.1815013462385178e-01	   4.0540914273647771e-01	   5.1549984971352780e-01	   0.0000000000000000e+00	   5.7561275829101677e-01	   6.8191034769278958e-01	   6.0057650003613183e-01	   8.9779238387080873e-01	   6.2071842712772096e-01	   6.4655429431778610e-01	   2.5187112788797222e-01	   4.6572508048944739e-01	   4.3772918875670741e-01	   4.4264878913836148e-01	   4.2261112950671215e-01	   5.6932973296114864e-01	   2.2487713366007805e-01	   3.2102013272746754e-01	   6.9084674321346973e-01	   6.9309182161134331e-01	   1.2738581987268471e-01	   2.9753237074731309e-01	   6.1740155865911062e-01	   7.6712616485708807e-01	   5.4557072026496933e-01	   6.6217180212792526e-01	   5.6494797472202629e-01	   5.5834787510405270e-01	   3.3468496597543107e-01	   3.7429613927871430e-01	   4.4755436096707135e-01	   6.4404179487906421e-01	   4.9830379417996429e-01	   6.8062206735581299e-01	   6.3885567104615171e-01	   6.7194569206076138e-01	   4.1286263023561864e-01	   4.1236429029564142e-01	   4.5897002394169889e-01	   3.4885025611757037e-01	   5.3013503594756761e-01	   4.2806202781385994e-01	   4.0463554266839152e-01	   3.1701512798420817e-01	   5.4327841347802108e-01	   5.9593931423040281e-01	   3.6803148817670928e-01	   4.0843135549851534e-01	   4.4700751047545323e-01	   4.7732905011343063e-01	   5.5459956630138529e-01	   5.8761951129012446e-01	   3.3991709025271488e-01	   3.9583559272280933e-01	   3.7523554166200379e-01	   4.3795058927455466e-01	   1.4604668707015786e-01	   3.0384068255223073e-01	   3.0263712168274598e-01	   3.8820920072607185e-01	   2.7192926012454394e-01	   4.7527420174944762e-01	   1.8984202133142924e-01	   3.0414604258058286e-01	   6.1115932323669186e-01	   6.3051881061539983e-01	   6.5191939193672932e-01	   7.1928671852490123e-01	   3.5611646881508385e-01	   5.2555601171363187e-01	   1.4267793981035304e-01	   2.8962634357506628e-01	   4.9552816303318514e-01	   4.6652718819679684e-01	   4.4995992729317275e-01	   4.5881673339360768e-01	   3.0069452370169614e-01	   3.8582662670785073e-01	   2.6614257304308941e-01	   2.7656982442294559e-01	   3.2650027518123059e-01	   4.8156432318530218e-01	   5.6345273228037240e-01	   6.8227729312890917e-01	   6.3111196774478306e-01	   6.2352468175109421e-01	   5.8308320511778111e-01	   5.8785305261005738e-01	   5.6817104980311994e-01	   5.2927511599738031e-01	   6.7551192420463280e-01	   3.8032656809821674e-01	   4.1946136380610127e-01	   3.5422515053419035e-01	   4.5634350257650758e-01	   2.7665481109058032e-01	   5.4802178414267333e-01	   3.6510922749951202e-01	   5.6090461104178002e-01	   5.5247074477378333e-01	   3.4918149811228472e-01	   3.4462303535711919e-01	   5.4421106061156432e-01	   4.9879255106013021e-01	   3.8703025687313874e-01	   7.1499605269196298e-02	   1.1499684996496287e-01	   2.6265341783620710e-01	  -5.9459694546359666e-02	   4.1831138905217358e-01	   5.8535200200863158e-01	   5.6366879712397866e-01	   4.4594418420866638e-01	   3.3001606325673766e-01	  -1.3620669704520631e-02	  -3.4613911351081367e-01	
   1.2467699026253079e-01	   4.5958754623702219e-02	   6.5741498428206768e-01	   5.7561275829101677e-01	   0.0000000000000000e+00	   5.8569210607752376e-01	   7.0004232995503379e-01	   5.7309896300576546e-01	   6.4498625379598007e-01	   6.9972795072891691e-01	   9.1881774882744682e-02	   7.8655500297560410e-02	   4.0694075287572351e-01	   1.2456255607732375e-01	   4.8984051357284986e-01	   2.7231877946088706e-01	  -8.9056627014865844e-02	   6.4648125776605392e-02	   4.4350705119081374e-01	   2.8473962395550734e-01	   3.4535642599973276e-01	   2.5311882430763066e-01	   7.4309677506035698e-01	   6.2418766370976586e-01	   7.2384593480814141e-01	   6.6977467675040792e-01	   6.0274536681838509e-01	   4.2275004528172455e-01	   2.4707633769523613e-01	   1.1946556080548179e-01	   5.5616283051255722e-01	   4.6374473427026408e-01	   3.4402633028810903e-01	   2.8636219740869417e-01	   7.2531557165952609e-01	   7.0207963063965639e-01	   3.7469132556313300e-01	   2.4056042253814428e-01	   4.2386035250423881e-01	   1.2767136098531257e-01	   4.7884293267643963e-01	   1.8318726201624663e-01	   5.5867070691748288e-01	   4.7177302913870839e-01	   6.9491617106335368e-01	   6.8242344776011499e-01	   4.7495506008070798e-01	   4.8150155484462032e-01	   6.2885002826450220e-01	   5.9975309453246717e-01	   6.4019249118601107e-01	   6.1464710374947074e-01	   4.1998935837231044e-01	   4.9721746074101331e-01	   2.8775648414507371e-01	   3.5283523606891443e-01	  -4.9388662127887166e-02	   7.9636286646490362e-02	   2.9435048129648256e-01	   2.9038500948292278e-01	   2.5186980120652314e-01	   8.7359964383708424e-02	   3.8985501140249561e-02	  -2.8431334821353165e-02	   6.5485441854687498e-01	   3.3217505069644127e-01	   6.8640938148566089e-01	   6.8164045555646924e-01	   1.4884382671173835e-01	   3.6782194443980426e-01	   2.4631045831615289e-01	   1.8224639417322439e-01	   2.6764238037981219e-01	   1.2275498698012187e-01	   2.8155761227068682e-01	   1.0388846985004313e-01	   3.6744967243281795e-01	   2.8737648271681615e-01	   2.0614121309931021e-02	   2.3627777707020287e-01	   1.2237476143170467e-01	   3.1019207533027299e-01	   4.4133969777339427e-01	   3.0804357915129843e-01	   4.8697767945181547e-01	   3.8671010613282319e-01	   4.4307911810846340e-01	   2.5143052634266189e-01	   3.7226744967511360e-01	   3.1098968680342831e-01	   6.0764785603115934e-01	   6.3768115978179418e-01	   2.2677193897739573e-01	   5.1841645986672980e-01	   1.7086735106655493e-01	   2.6503095047152411e-02	   3.8747347980795632e-01	   2.3451397492069703e-01	   5.3607214522553115e-01	   5.4698391453189599e-01	   1.8181851288662484e-01	   5.3145807974513881e-01	   3.9851368953408056e-01	   3.7654882316537397e-01	   2.7681807994437069e-01	   1.1360355646509930e-01	   5.1800438827764528e-02	  -9.5123929804811331e-04	   1.8888442898614913e-02	   3.4407763443492007e-01	   6.0653072146103559e-01	   6.3848910175592810e-01	   4.5245926075793297e-01	   3.6007407698009453e-01	  -1.6646683771775340e-02	  -2.2256780854113528e-01	
   2.7479165803605432e-01	   1.5963756265604756e-01	   2.9369026618823124e-01	   6.8191034769278958e-01	   5.8569210607752376e-01	   0.0000000000000000e+00	   4.8574294974274135e-01	   7.4313650267457443e-01	   4.8625970611984648e-01	   8.1553454210698151e-01	   2.2024326316523923e-01	   2.9265366674167015e-01	   3.6565828870669553e-01	   3.7435510581944365e-01	   3.9873864698015260e-01	   5.4583904559427043e-01	   9.0277821501869276e-02	   7.0772676507988255e-02	   4.2648389647896989e-01	   3.8025229508784930e-01	   1.0570325393926019e-01	   2.6887644643513731e-01	   4.9189389435417014e-01	   6.4061132853175895e-01	   2.9604691820543244e-01	   4.7637022449353583e-01	   4.8282356015656314e-01	   6.6729530073697974e-01	   2.1586185527274784e-01	   1.5184030038150112e-01	   1.5134892653060264e-01	   2.9397418923910862e-01	   2.0329006966719532e-01	   3.2273831259364949e-01	   3.8026395561354975e-01	   5.2469147116055626e-01	   4.0253016313371470e-01	   3.4026865195821837e-01	   3.8593059992355411e-01	   1.9964558331913201e-01	   3.6122192627170141e-01	   2.4388260915472165e-01	   3.9519675913693897e-01	   3.2755623400448103e-01	   4.6520764665727699e-01	   5.4736520346921613e-01	   3.8268197931104186e-01	   3.8565650745256264e-01	   4.0117127361847826e-01	   4.6569134236678322e-01	   5.8481426108083179e-01	   5.3450560003206493e-01	   5.8890518847438278e-01	   5.8624772214163468e-01	   4.9243180668338710e-01	   4.9306168847588761e-01	   1.4452968839440272e-01	   2.0520469707525840e-01	   3.9541098005529529e-01	   4.1373088233846111e-01	   3.5879759917557325e-01	   5.0554231586698439e-01	   2.0964655290418571e-01	   2.6064729497505701e-01	   4.9994990397946137e-01	   5.2737598828087240e-01	   4.8197437766013929e-01	   5.2974108799669151e-01	   2.3852878177808412e-01	   4.7106879705375082e-01	   8.2876764037053005e-02	   3.0413880577165964e-01	   3.0652534929083197e-01	   2.1157725539496175e-01	   3.0271698274476572e-01	   2.9232743833565589e-01	   3.2698985510846179e-01	   4.1134519713867529e-01	   1.1766880454656603e-01	   6.0239545184916719e-02	   2.8606056652497436e-01	   3.4302320833982969e-01	   3.5758878339718830e-01	   4.1533096494254451e-01	   5.7266574835986594e-01	   5.4850492378648552e-01	   4.1841686101298670e-01	   4.2914900854653226e-01	   4.7252548585177190e-01	   5.7926098260466585e-01	   6.4675763024492305e-01	   3.2162279738417165e-01	   3.8326279754662507e-01	   1.7703967505854062e-01	   2.5449459574323297e-01	   5.3106828277111898e-02	   4.7945645372231471e-01	   2.1266784357765600e-01	   5.0867932315365372e-01	   4.8047998249591817e-01	   9.0866196553841955e-02	   1.9624306251442780e-01	   2.5782547995440386e-01	   3.3055182298381897e-01	   1.2104723726313704e-01	  -2.4787140637484162e-02	   4.5662372941074572e-02	   1.9711848851580865e-01	  -2.1997293698170373e-02	   3.5706678500891942e-01	   4.4231130001766372e-01	   4.2652399165048754e-01	   3.6609916653665109e-01	   2.0633526421066162e-01	  -1.3397063399087608e-01	  -2.9033868771018889e-01	
   4.8817771538767185e-01	   3.1528505579391608e-01	   8.3125084294632900e-01	   6.0057650003613183e-01	   7.0004232995503379e-01	   4.8574294974274135e-01	   0.0000000000000000e+00	   7.2119152654696961e-01	   5.5008378257755153e-01	   6.3165506569345808e-01	   4.9583914370783555e-01	   4.4426426437253708e-01	   7.5069993995635409e-01	   4.5479669235526976e-01	   6.8463084133595919e-01	   5.0043513914467985e-01	   1.9672099484945793e-01	   3.0151570129139743e-01	   6.4666431587924489e-01	   4.5172759121376760e-01	   3.0940725947132808e-01	   3.0839039835294679e-01	   8.2638253622582236e-01	   6.2682347085495582e-01	   6.4433528339583612e-01	   5.7476575810410457e-01	   6.6585991850236459e-01	   5.1885866599924280e-01	   5.6474028379136021e-01	   4.3591656568385168e-01	   6.7988196403050227e-01	   6.0038692754157053e-01	   5.5983329428089301e-01	   5.3839295580865298e-01	   6.4561139822193714e-01	   5.7970011422353485e-01	   5.0104600982704162e-01	   3.4447126795326394e-01	   5.2312529542114816e-01	   3.2334918301607402e-01	   6.2702145773846263e-01	   4.0933416368659647e-01	   4.2452596305297091e-01	   3.0231540946787799e-01	   6.1043523411776901e-01	   5.9143500283495531e-01	   4.4469213924720363e-01	   4.3284154468562464e-01	   6.4609237491371252e-01	   5.9883519038583188e-01	   7.1938153843978270e-01	   6.3968524472619193e-01	   4.8392819702124029e-01	   5.0102718575681071e-01	   4.7748811337816838e-01	   5.2799181909814641e-01	   1.2690199303742108e-01	   2.9198195154995610e-01	   5.6282310268108771e-01	   5.1635990217270200e-01	   5.8633180577596999e-01	   3.5567102388709138e-01	   3.7339043511489872e-01	   3.3242621129135730e-01	   7.7890913310911802e-01	   4.6720696338803791e-01	   7.0677595445408548e-01	   6.5803925060751456e-01	   2.3810495005478918e-01	   3.3999590328871654e-01	   3.1417502499300431e-01	   1.5863397335300464e-01	   5.1446132985151505e-01	   4.4381184365271231e-01	   5.4716701803748780e-01	   4.2677356548979217e-01	   3.5198845670111190e-01	   2.5090625378212367e-01	   2.2298010391799530e-01	   3.5769479899215861e-01	   2.0862530947254682e-01	   4.5125970534279636e-01	   7.0053278991516255e-01	   5.5199993810077608e-01	   6.4089153568326274e-01	   5.0706824356100633e-01	   6.2426189710990765e-01	   5.1539379515178574e-01	   6.5975370554097701e-01	   5.7960941599153171e-01	   5.1696438149007862e-01	   6.4090328321566603e-01	   1.2905406046244020e-02	   5.6925345012343564e-01	   3.3965320520829767e-01	   1.5216879979119025e-01	   5.1615767022362258e-01	   3.5830566710068995e-01	   5.9226578554834597e-01	   6.9956603226503811e-01	   5.7315920204050012e-02	   6.5307439299671399e-01	   3.9986410077241641e-01	   5.9506563292375170e-01	   2.1648217733278896e-01	  -5.9050118331018080e-02	  -1.1327413989241107e-02	   1.8952580846097361e-01	  -1.8250030601836645e-01	   4.0784331059758427e-01	   5.0090221980794081e-01	   5.4988090020812541e-01	   5.0259747302899282e-01	   1.4701373751716668e-01	  -2.6397983891715976e-01	  -3.1148570481770876e-01	
   4.9745155305009436e-01	   3.9077029261964469e-01	   4.7486518503372699e-01	   8.9779238387080873e-01	   5.7309896300576546e-01	   7.4313650267457443e-01	   7.2119152654696961e-01	   0.0000000000000000e+00	   6.0231322055884007e-01	   7.8295615482426928e-01	   4.6877973813404411e-01	   5.8541074424392892e-01	   6.5585022013958039e-01	   6.3662309621257895e-01	   6.0686350712613402e-01	   6.9787635075729426e-01	   2.1792699220947440e-01	   2.8323173576442134e-01	   6.7489503996318467e-01	   6.2000470745564962e-01	   1.1012530607535367e-01	   3.0607507117512484e-01	   6.4751187445795566e-01	   7.5251818113114399e-01	   4.3666300287637749e-01	   5.6725023888762371e-01	   5.3549719305237087e-01	   5.9878742037480193e-01	   4.2939324424468961e-01	   4.1082085561874204e-01	   4.2059647059114647e-01	   6.2038943152953030e-01	   4.9669361617495772e-01	   6.4002531366665338e-01	   5.0005946862123651e-01	   5.9189346490032457e-01	   4.3879265118324384e-01	   4.0782190833957188e-01	   4.3246522218762506e-01	   3.4844345716598646e-01	   5.8599348098096982e-01	   4.4879722065445649e-01	   4.0608638772963745e-01	   3.2447392396717578e-01	   5.2497626295081057e-01	   5.6833234976190972e-01	   3.9809215371287532e-01	   4.3482052210502864e-01	   5.0753930456902108e-01	   5.1809534596429951e-01	   6.2413078614362227e-01	   6.0967398695714548e-01	   5.2119088716409334e-01	   5.1700420083094945e-01	   4.7913731635636192e-01	   5.2440552724829270e-01	   2.1009295628776631e-01	   3.2679045700667753e-01	   4.8622017589745875e-01	   5.2020073524402366e-01	   4.8805261790153998e-01	   6.4096399536820303e-01	   2.8024292457760469e-01	   3.8932301237982375e-01	   6.0256490577390109e-01	   6.5361556975497415e-01	   5.6236300034542763e-01	   6.2308704357250677e-01	   3.4425213186354814e-01	   4.9605910699396150e-01	   1.4125519039416964e-01	   2.8418563953918463e-01	   5.0243000562832996e-01	   4.7987584543673462e-01	   4.7665520342834655e-01	   4.9664441751941790e-01	   3.0605738642757274e-01	   3.8872554776889157e-01	   2.1226185713320952e-01	   2.2058670929458490e-01	   2.9744188154386109e-01	   4.3624839522181708e-01	   6.0094661690583617e-01	   7.0734995957086444e-01	   6.0994346557086920e-01	   5.9984473424207596e-01	   5.6178764743517273e-01	   5.9280376052490125e-01	   6.2186419353021960e-01	   6.5114000812142192e-01	   6.3449502759203580e-01	   3.7202468638303321e-01	   2.6689781413793046e-01	   3.0000060518085775e-01	   4.1876693870840731e-01	   2.1919459755734019e-01	   5.1002651045269498e-01	   3.3418560972253641e-01	   5.7438988986213557e-01	   6.0562201846550967e-01	   1.9220005095684950e-01	   3.5755535863396026e-01	   4.1397273548718888e-01	   4.5773133140782307e-01	   2.4419349488714376e-01	  -8.7733159403882280e-02	   8.3409865286995077e-03	   2.7651723794065408e-01	  -1.6213365575258598e-01	   3.7384785579513213e-01	   4.8694570374866275e-01	   5.0933746887245734e-01	   4.7276133303044865e-01	   2.8277638620827250e-01	  -1.3693996311743764e-01	  -4.1497077407520178e-01	
   2.7734336534191562e-01	   3.9434620653831287e-01	   4.9533153134287539e-01	   6.2071842712772096e-01	   6.4498625379598007e-01	   4.8625970611984648e-01	   5.5008378257755153e-01	   6.0231322055884007e-01	   0.0000000000000000e+00	   6.3272372284605494e-01	   1.8813372318666655e-01	   2.2077656582891572e-01	   3.9449294768485754e-01	   2.3615364118030108e-01	   3.9119843439558588e-01	   3.5071289086207047e-01	   1.3687096720899111e-01	   2.4180157661598972e-01	   6.4061661635075062e-01	   5.7873256450432042e-01	   1.6948962259373951e-01	   2.0046647407262103e-01	   4.8355613820377347e-01	   4.6009386175118083e-01	   4.9762205731408404e-01	   5.1749114683632791e-01	   5.0044574363874239e-01	   4.4336089274500368e-01	   3.2806602554032360e-01	   2.5416849404521918e-01	   4.5636507933978571e-01	   4.2106758495192920e-01	   4.7598440694068334e-01	   4.8775453896604853e-01	   4.7283497143034736e-01	   4.9205481626880121e-01	   1.9628892509969195e-01	   9.8921295834736439e-02	   2.9432538946355513e-01	   1.1367072953827369e-01	   4.2349799423973994e-01	   1.2881048288930286e-01	   4.0763633037088093e-01	   3.6229777636157123e-01	   5.5726064691719568e-01	   5.3855000282884480e-01	   3.8167566286564653e-01	   4.5763107488475530e-01	   4.8333402522899704e-01	   5.5522632907841207e-01	   5.0668246135906325e-01	   5.4121338281013887e-01	   3.4900615137184876e-01	   3.7961339091732438e-01	   2.7381847555028266e-01	   3.1032461786572141e-01	   1.8412571128620889e-01	   3.3488076584101018e-01	   3.8773746569699896e-01	   4.3665310850910866e-01	   3.4952966015485876e-01	   2.8121427234946089e-01	   3.2026460608639834e-01	   3.5539442372165603e-01	   4.4124242917016016e-01	   2.2918788889139294e-01	   5.8840173412479291e-01	   5.8664268318827761e-01	   4.8295541573995338e-01	   5.8599504214515219e-01	   2.8811895073983962e-02	   3.0715374068610628e-02	   3.5255013637233229e-01	   2.7605287996522065e-01	   3.4767213418666565e-01	   2.3827735908014636e-01	   2.2007465660852282e-01	   1.8702311955343615e-01	   9.9224620751337082e-03	   1.6009844906943832e-01	   2.1378866597116547e-01	   3.5294739090007154e-01	   4.8325814986020371e-01	   4.3356143385356988e-01	   3.7375307611056202e-01	   3.9832061161178867e-01	   3.8798498589189151e-01	   2.5293536155138086e-01	   3.7057641537665531e-01	   3.3612195762442854e-01	   4.3926337358445688e-01	   3.3530320305529615e-01	  -7.0246968307052182e-02	   1.9270693608399422e-01	   4.2354112783943343e-01	   1.4173019915830756e-01	   4.5382465840096931e-01	   3.2729957286333600e-01	   4.8039084863288661e-01	   4.8285468438949208e-01	  -5.3290157855633999e-02	   3.9198713305987559e-01	   4.5004201436521885e-01	   4.8405468567563703e-01	   2.2689404474428287e-01	  -9.2245941692530170e-02	   1.5366129457865878e-02	   8.3932902962827460e-02	  -5.3412890070614644e-02	   3.2382457094767814e-01	   5.6604125236793446e-01	   5.3146667676690185e-01	   2.8323510446199263e-01	   2.7206745833444657e-01	  -2.9714964910133362e-01	  -2.7311309774940440e-01	
   3.3191920586103552e-01	   1.4334144624114420e-01	   4.3031627542263040e-01	   6.4655429431778610e-01	   6.9972795072891691e-01	   8.1553454210698151e-01	   6.3165506569345808e-01	   7.8295615482426928e-01	   6.3272372284605494e-01	   0.0000000000000000e+00	   2.4967384939715168e-01	   2.0910736374042793e-01	   4.6572710960773661e-01	   3.1811070003688441e-01	   4.5793736956572673e-01	   4.2737010394465313e-01	   2.9061022924759178e-02	   6.6910606344262713e-02	   5.0473375256389819e-01	   3.5280762676335542e-01	   1.4112932180266105e-01	   1.8098869771938011e-01	   5.3624627031584671e-01	   5.5461288481747073e-01	   4.0572582508206834e-01	   4.6849505320804341e-01	   4.3119718751831976e-01	   4.8041069396636171e-01	   2.7654862166028105e-01	   1.4756339489324613e-01	   2.9528107164072770e-01	   3.1422012809385114e-01	   3.0618812316954447e-01	   2.9917150142998122e-01	   4.1636914086029475e-01	   5.2235935184792992e-01	   3.1121477803194963e-01	   1.9015169632064369e-01	   3.2554265384924053e-01	   9.5995378240795126e-02	   4.6943554410088711e-01	   2.0282269437373196e-01	   4.6285370040500268e-01	   3.9076783780975299e-01	   6.0174488814377280e-01	   6.1828264108612552e-01	   4.4600156599282226e-01	   4.5472217872942966e-01	   5.7710276940270644e-01	   5.8571980970216020e-01	   6.8176853895177614e-01	   5.9578314083878670e-01	   5.4089763781281142e-01	   5.6952634609931030e-01	   3.8249380811922296e-01	   3.9064168254749132e-01	   1.3156800466210095e-01	   2.0520624356373723e-01	   5.1603772649613777e-01	   4.7377095577401473e-01	   4.2607492771436795e-01	   4.2461164023876724e-01	   2.1747925340539698e-01	   2.2433280638901737e-01	   5.2180775348456321e-01	   3.0641355779143997e-01	   5.7458679090189402e-01	   5.6693564992084666e-01	   2.5272961793501414e-01	   4.4365471113952859e-01	   8.1097935788511030e-02	   1.3903280566518467e-01	   3.3091457407131808e-01	   1.6524392343565963e-01	   3.2291645945141428e-01	   2.0852348692061543e-01	   2.7867713077911438e-01	   2.4064957791295644e-01	   5.4079762832787270e-03	   9.4395519902921790e-02	   2.5575933458492756e-01	   3.1904036718878109e-01	   4.2718829020987698e-01	   4.2273366402401324e-01	   4.7753129065477962e-01	   4.0211625593546840e-01	   3.5754430088438210e-01	   3.0841384549570899e-01	   4.4088055274835014e-01	   4.4397054503366590e-01	   6.2407135775166889e-01	   4.4142678092984156e-01	   1.9161080317391521e-01	   3.1026209640499902e-01	   1.7020154167132595e-01	  -1.1752591586268621e-01	   4.2558884253938722e-01	   1.6914357762633325e-01	   5.4197978246676937e-01	   5.4972005487162567e-01	   8.5238847646060739e-02	   3.5656766703872012e-01	   2.9833998105885184e-01	   3.6715675776221562e-01	   7.9352384976728696e-02	  -9.4299943896583721e-02	  -1.1546145672835721e-01	   1.0440365271548172e-01	  -1.9808884020477874e-01	   1.7734432536914316e-01	   4.7396920895854161e-01	   5.2562909220376430e-01	   4.4453263510965768e-01	   1.0941521355638988e-01	  -2.9683121787312328e-01	  -3.6750067995631353e-01	
   8.8169685206507631e-01	   5.5564365572476171e-01	   2.5831271274831458e-01	   2.5187112788797222e-01	   9.1881774882744682e-02	   2.2024326316523923e-01	   4.9583914370783555e-01	   4.6877973813404411e-01	   1.8813372318666655e-01	   2.4967384939715168e-01	   0.0000000000000000e+00	   7.8718327854157488e-01	   8.3262575276572570e-01	   7.8146514292169433e-01	   7.3891520401208899e-01	   6.5474828479598113e-01	   6.0575592208345364e-01	   4.9884228959397464e-01	   5.0515998423623520e-01	   4.1440389412995626e-01	   1.5843635194737349e-01	   3.0646221374977323e-01	   4.3516380333721982e-01	   3.6100250042391696e-01	   1.1531967434423017e-01	   2.1889502330662156e-01	   3.5937608931496712e-01	   4.4316733819076964e-01	   7.5643360680619720e-01	   6.4718343561601976e-01	   3.2582609013154856e-01	   4.0078161523203509e-01	   5.2189557275206588e-01	   5.4274441626905656e-01	   6.6472933871057502e-02	   5.7005500500452694e-02	   4.6031343881498632e-01	   4.7954112502625640e-01	   3.9943277619729400e-01	   4.6341945257949912e-01	   5.1920990928714106e-01	   5.3562900181926110e-01	   2.2944001055771335e-01	   1.9999383707035956e-01	   2.2406099250503098e-01	   2.5627298865785830e-01	   3.5611527460224440e-01	   3.5255388992239645e-01	   4.2067950417939703e-01	   3.8707716060363834e-01	   5.2610720089071839e-01	   4.6978220005271421e-01	   4.6161586392688514e-01	   2.4055531905429145e-01	   5.0491225379668148e-01	   5.4360271511350267e-01	   4.6197281192440331e-01	   3.9893663468059615e-01	   5.6807616658786797e-01	   5.2048100510955431e-01	   7.1700481737798161e-01	   5.2235709160655674e-01	   6.0571690276695256e-01	   5.0958700136847657e-01	   2.8227367494913425e-01	   3.0987854249751406e-01	   1.0716326787220488e-01	   1.0594725903475374e-01	   1.7441509670497454e-01	   1.2655610670653952e-01	   2.1852292616419383e-01	   1.3454079775366201e-01	   5.2533857109489224e-01	   5.4365288738881568e-01	   5.0441944220238111e-01	   4.7433472069248889e-01	   2.0703958773628980e-01	   1.9323771969292947e-01	   3.4954484688786641e-01	   3.2225397633353448e-01	   3.3271086871228195e-01	   3.9684466621848419e-01	   6.2653398493702606e-01	   6.0776139737323653e-01	   4.1020912641893897e-01	   3.9711216902582130e-01	   4.1277674248554824e-01	   5.2376020688469738e-01	   5.2754894984599299e-01	   6.3985015967059922e-01	  -5.7538253562365999e-03	   1.7983789347921292e-02	  -2.2858456331427451e-01	  -4.6177683838259003e-03	   3.5159885953173553e-01	   2.3575644769462642e-01	   4.3740687311128534e-01	   4.6812996262614609e-01	   3.2609679308503969e-01	   4.4615449895219361e-01	  -2.2918193234901196e-01	   1.9634109845070702e-01	   1.2961851364082944e-01	   3.5294657035626131e-01	  -7.5126674155775813e-02	  -3.4446037549162295e-01	  -4.1393817330445559e-02	   5.4759502758187972e-01	  -2.1506157912146953e-01	   3.1057158678639230e-01	   1.2987724008907012e-01	   2.1227622650500730e-01	   3.8103003688891868e-01	   1.9748735220776467e-01	  -2.9427224776583971e-01	  -4.4409277961289650e-01	
   7.3074010302471992e-01	   7.3348544069772015e-01	   1.5854483704632330e-01	   4.6572508048944739e-01	   7.8655500297560410e-02	   2.9265366674167015e-01	   4.4426426437253708e-01	   5.8541074424392892e-01	   2.2077656582891572e-01	   2.0910736374042793e-01	   7.8718327854157488e-01	   0.0000000000000000e+00	   6.7642227267766342e-01	   8.5732119385437244e-01	   6.0359015284405104e-01	   8.0034666253455544e-01	   6.1110220143480198e-01	   6.3064239946704226e-01	   5.2028364723562759e-01	   6.0336977971713479e-01	   7.9843454123082705e-02	   4.1206153895536846e-01	   3.6461681642910398e-01	   5.0193070083833724e-01	   1.1769535757167704e-01	   3.5171234321346678e-01	   3.5600829571451365e-01	   5.2028841907229473e-01	   6.9451733633492285e-01	   8.0689629067095370e-01	   3.5830923341683568e-01	   6.2448253404761433e-01	   5.3497618177882955e-01	   7.0940315931976516e-01	   1.2362103209100159e-01	   1.8443521866986173e-01	   4.2127934025988750e-01	   5.0906335559465798e-01	   3.7497861718767350e-01	   5.0179627741013499e-01	   5.2536674379334347e-01	   6.0677625993277151e-01	   2.0078429888383159e-01	   1.5352527101495314e-01	   2.2825399409735342e-01	   2.8933510892132852e-01	   3.0399022749637833e-01	   3.1623223679235413e-01	   3.3705012949243257e-01	   3.2832542633126571e-01	   3.8599338712184827e-01	   3.5899229792748055e-01	   3.4434355942830286e-01	   1.8828155544730674e-01	   4.2052438367483980e-01	   5.3178854299033840e-01	   5.1489420646467143e-01	   5.3176873196860386e-01	   4.2067560809250387e-01	   4.5978113994270176e-01	   5.6252338524885637e-01	   6.1040164707106381e-01	   5.1945265911012672e-01	   6.1744974288559473e-01	   2.5998825263620728e-01	   4.7526523802265397e-01	   1.4631868841353526e-01	   2.0889714911976631e-01	   3.1134316210130325e-01	   2.2433433045939608e-01	   1.7100048741717244e-01	   2.6846312782639059e-01	   5.7695957547471133e-01	   7.4577094677127520e-01	   5.1671283168828896e-01	   6.3329751045194649e-01	   1.9065705481200171e-01	   4.0266736917438861e-01	   4.5453779658579768e-01	   4.1332292931508874e-01	   4.2012566330868684e-01	   5.0673841427453326e-01	   5.8608868304311934e-01	   7.8046804221675403e-01	   3.9540194705662302e-01	   4.6364937346188928e-01	   4.1141167472611162e-01	   5.8390387183781900e-01	   4.5652256531964958e-01	   6.0214058756613298e-01	   9.9635162479973033e-02	  -4.8236569587525223e-02	   8.1829480199562647e-03	  -7.5160837179463591e-02	   3.6055084516305669e-01	   4.7567811759786355e-01	   4.6170615578248114e-01	   5.6371317982006608e-01	   3.4186961691225337e-01	   4.5425937033516994e-01	  -5.0741312541423951e-02	   3.4924077846668886e-02	   3.3016459054743663e-01	   3.4667473981718622e-01	   9.4653951831249111e-02	  -2.9487358706751809e-01	   1.6354773817161727e-01	   4.7564412528699351e-01	   4.5194988460184604e-03	   4.3624669944550953e-01	   2.0639984044763393e-01	   2.5704253515929187e-01	   4.6024840884433044e-01	   3.7576474015784783e-01	  -3.0453656218214151e-02	  -3.7288406468990948e-01	
   7.5275104507813007e-01	   4.3992546622278383e-01	   5.1150815887003365e-01	   4.3772918875670741e-01	   4.0694075287572351e-01	   3.6565828870669553e-01	   7.5069993995635409e-01	   6.5585022013958039e-01	   3.9449294768485754e-01	   4.6572710960773661e-01	   8.3262575276572570e-01	   6.7642227267766342e-01	   0.0000000000000000e+00	   8.0954947602425098e-01	   8.6227135614979400e-01	   6.9168942146285062e-01	   3.4265934464229908e-01	   3.6108376302385226e-01	   5.1726634772619506e-01	   3.9135045701331750e-01	   2.2164095358437311e-01	   3.0131883369349166e-01	   6.4283318703759229e-01	   5.9090219419964862e-01	   3.6650676404340538e-01	   4.1739500490382020e-01	   5.1777310911529939e-01	   4.9977771419195194e-01	   6.4952778737777095e-01	   5.4172856698630700e-01	   4.7812410191635024e-01	   4.9136180008796937e-01	   5.1340988759190465e-01	   5.2842283027570169e-01	   3.5363861463182544e-01	   3.8130200066835762e-01	   5.6241859407665318e-01	   5.3935622419583618e-01	   5.1541680350107999e-01	   4.9112287487280581e-01	   6.3938718842435005e-01	   5.6243551614579190e-01	   3.4831754883512905e-01	   2.9703419018285354e-01	   3.5086790950053282e-01	   3.9230063913110680e-01	   4.0829123340742735e-01	   4.3064220127190367e-01	   5.2721048293508466e-01	   5.0538705767613967e-01	   6.4566462344486930e-01	   6.1213038479924042e-01	   5.7410284991755156e-01	   4.1587153368011098e-01	   5.6648765878694685e-01	   6.1639224348396748e-01	   3.1951743309737290e-01	   3.8062844456023381e-01	   6.6472769344075999e-01	   6.2995652945621616e-01	   7.6710478880586641e-01	   5.1579351780241400e-01	   4.3350032785429404e-01	   4.4387319757070903e-01	   4.9549343505645982e-01	   4.9420785437583659e-01	   3.1006613149348611e-01	   3.3772038530287668e-01	   1.8387564776472493e-01	   2.0854602720416993e-01	   2.8174913851045907e-01	   2.4253934411366623e-01	   5.3374122768589005e-01	   5.0982186723598377e-01	   5.5642102603416221e-01	   4.7590079138670249e-01	   2.8185984474045633e-01	   2.4917563342064503e-01	   2.2217171131847901e-01	   2.9092951814291079e-01	   1.7653394413568993e-01	   3.9290361198807194e-01	   6.6761674944486216e-01	   6.2009417323957772e-01	   5.3738241200963399e-01	   5.7069463525976249e-01	   5.5191733344632021e-01	   5.9741351002562981e-01	   7.0710088364094392e-01	   7.5095350864130705e-01	   2.0576039346378572e-01	   2.4039364397163787e-01	  -1.8581011590828456e-01	   1.4609289390712241e-01	   3.3582120667185306e-01	   2.5714031023116751e-01	   4.4225156830049450e-01	   4.3181636906582266e-01	   4.3127542067112684e-01	   5.7571856150267742e-01	  -1.1524092723562604e-01	   3.1210096795345399e-01	   2.0527759894510544e-01	   3.9960511423282985e-01	  -1.9509652350149960e-02	  -2.9936828029025242e-01	  -4.4863089404462805e-02	   4.1183370396574659e-01	  -2.4815959960551259e-01	   3.5439504733520455e-01	   2.6946204904713283e-01	   3.4556273446685026e-01	   4.3278586850191225e-01	   2.4576656649362211e-01	  -2.5080369048387363e-01	  -4.3268551993233029e-01	
