   0.0000000000000000e+00	   6.7968191675928336e-01	   3.0720194603618933e-01	   7.5297260580951139e-02	   3.0319732542398892e-01	   1.4770227325553920e-01	   4.8388263733863812e-01	   2.5979512570072016e-01	   2.6305650053292123e-01	   1.8005398738066702e-01	   7.8330625849897284e-01	   6.7149051385910241e-01	   6.7160566863194959e-01	   5.4594143789754401e-01	   4.9057552309767694e-01	   2.0928856693852710e-01	   5.5544969905442032e-01	   5.9628758556687189e-01	   4.9245433508981101e-01	   4.7903505589672635e-01	  -1.1888197439764856e-02	   6.0779372006041867e-02	   1.8142959533039305e-01	   3.0967941218703540e-02	  -8.4896071709411769e-02	  -1.6688159781020506e-02	   2.7391906740464766e-01	   3.1088349970944285e-01	   2.6241535221910928e-01	   4.7635920177211366e-01	   4.0517108957927608e-02	   5.5157531911696304e-02	   2.7547373783063855e-01	   1.8342756929060483e-01	  -4.0931236735723200e-02	  -1.8579640945213965e-01	  -6.4451562524492342e-02	   5.0806003307514717e-02	   5.4841928597225718e-02	  -1.0351204497376450e-01	   1.0462629420904801e-01	   9.7809519561968511e-02	   2.2651726337779371e-01	   2.6567341497470737e-01	   9.6290011278835783e-02	   1.8548194974309148e-01	   1.7985097474926506e-01	   1.8241506775716623e-01	   3.2057468904503628e-01	   2.3229145768780302e-01	   4.2165041249342539e-01	   1.9716542680102334e-01	   3.6964234723241862e-01	   2.6522916155885629e-01	   1.5418849762607365e-01	   2.4087819827167237e-01	   8.1672423065730226e-01	   6.3869723139026024e-01	   5.8847476493781126e-01	   4.3094414182922514e-01	   6.2900010175761967e-01	   3.7256420646871852e-01	   6.1765411282556248e-01	   5.4180131392528419e-01	   3.4403087193027670e-01	   6.3588240834567397e-03	   9.2285957110878211e-02	  -2.3211482667940396e-02	   5.5855651589507982e-01	   2.7189900361292646e-01	  -1.0121214062542847e-01	  -1.7638689069085572e-01	   2.0592445130076281e-01	   2.3314493330227076e-01	   2.2207473540129097e-01	   1.8435947724586219e-01	   1.6151956962534750e-01	   1.3570697135005128e-01	   4.5579277613355051e-01	   4.7580170679221695e-01	   4.7794647281301494e-01	   4.5828529121979200e-01	   3.4146002224771904e-01	   3.0494967437921822e-01	   3.6829146885828018e-01	   3.5837983957173447e-01	   7.9729184210232673e-02	  -2.4021719793705300e-02	   3.9509940218538081e-01	   5.3861136017964317e-01	   7.6622640144283313e-02	   1.8045275014614778e-01	  -1.3056085883998014e-01	   3.0300652321144700e-01	   1.3543442401240374e-01	   1.0577734479643934e-02	   1.7346985758206268e-01	   2.6928593865471989e-01	   1.1725640750605765e-01	   2.5997824649896767e-01	  -6.2429804957610968e-02	   3.2866905582718375e-01	   1.6796757286677366e-01	   3.7878406404190129e-01	   1.9965924442586447e-01	   1.6947176693950425e-01	   2.1001630031706603e-01	   2.5017172986276648e-01	   1.1412238961461450e-02	   2.3580810325655449e-01	   2.6952798318962001e-01	   1.2461502952409642e-01	   2.1806855749628251e-01	   2.6504175812372593e-01	   2.6440462081556543e-01	   1.7549585006462248e-01	
   6.7968191675928336e-01	   0.0000000000000000e+00	   4.3956548186371358e-01	   2.6042583002473368e-01	   2.8914862505375172e-01	   1.4726488860078579e-01	   3.5859002389243233e-01	   1.9070639573869297e-01	   1.5652442125239033e-01	   8.0114228886535549e-02	   3.9555394433910246e-01	   4.3480686228543219e-01	   4.0115361403290861e-01	   2.7609756243459066e-01	   3.3625335628842284e-01	   1.7219316238780741e-01	   3.4589335107363850e-01	   5.4011543821074715e-01	   5.9574997281071751e-01	   6.3943396295402943e-01	   8.5560331319069566e-02	   9.9271644196777364e-02	   3.1916409642868121e-01	   1.8051333125527644e-01	   2.0543410953644953e-01	   1.5214299295317113e-01	   3.6004740528078505e-01	   2.0349660323473867e-01	   1.4612166413722441e-01	   3.3685823417320160e-01	   2.2959283394654983e-01	   1.6758441561630638e-01	   4.0410414062696132e-01	   3.8009558012344613e-01	   5.8283680041409172e-02	   1.3523345303951138e-02	   5.0058728051440890e-02	   7.2459401907828611e-02	   5.9394179478502028e-02	  -8.0140938849630874e-02	   1.1774524037122408e-01	   5.3619933421675259e-02	   2.4046272849345346e-01	   2.8760029094939399e-01	   9.3139188454846866e-02	   1.7890136354811137e-01	   2.3813923409546262e-01	   2.1771686992614803e-01	   2.4328704233143544e-01	   2.3982733071122281e-01	   4.3389119348789046e-01	   2.4915673475529482e-01	   4.5372414458660493e-01	   3.5695759214268014e-01	   2.4922989677768168e-01	   2.9589855005976845e-01	   7.2529168808068156e-01	   7.7608240104230131e-01	   5.6444759812591316e-01	   5.5032209977784707e-01	   2.3894263478722338e-01	   1.5307038197353068e-01	   3.2077479740226705e-01	   3.2642823849007174e-01	   1.9232350474266369e-01	  -6.3940602113899056e-02	   2.9963968442920835e-01	   1.9660844745485462e-01	   5.8653164182104867e-01	   3.7093510864555179e-01	   1.1166463174057825e-01	   4.1110219689251680e-02	   2.4350599780370791e-01	   3.5580756275493114e-01	   1.3941935205418976e-01	   2.4831587237735253e-01	   2.9892563183275134e-01	   3.3355106406425128e-01	   4.0079767204386674e-01	   4.5584569399446867e-01	   3.5472133735326639e-01	   3.3286405004386654e-01	   2.6689525865966535e-01	   2.7456520800858247e-01	   3.4701044432418687e-01	   3.0887026058035372e-01	   1.7679021317267357e-01	   5.4921794552048202e-02	   4.4504038525358913e-01	   5.8276908694258811e-01	   3.7260084448126640e-01	   4.1826394740434686e-01	   2.6429082489751443e-01	   4.6252325177331222e-01	   1.5758384110585363e-01	   4.2972151926783199e-02	   4.0375915340358748e-01	   2.6017484737000141e-01	   4.1205325748911070e-01	   5.0985888483449526e-01	   2.0940224158949072e-01	   2.6551679335897227e-01	   4.3188923826552289e-01	   4.4224797434906493e-01	   4.0292895754489244e-01	   3.6467292817262009e-01	   3.5237214366136899e-01	   2.2369423082092527e-01	   2.4767486318779054e-02	   3.6028743616398862e-01	   5.3850355967407171e-01	   3.9880680557785164e-01	   3.8187998981020388e-01	   3.7426876461651737e-01	   2.5700565210352011e-01	   1.1662245998705928e-01	
   3.0720194603618933e-01	   4.3956548186371358e-01	   0.0000000000000000e+00	   6.2366128340250770e-01	   6.7283245313255746e-01	   4.8229831344121843e-01	   7.0687463052894839e-01	   4.8721037136445622e-01	   5.4289146209407635e-01	   5.4443939963688048e-01	   1.6093099188927348e-01	   1.6593683218520777e-01	   5.2886585579330148e-01	   2.8999602117329842e-01	   5.6691662793632180e-01	   5.8206549797496110e-01	   7.6764248578428798e-02	   2.4413652923802739e-01	   6.5398878414831929e-01	   6.2181168486802163e-01	   5.0078076390068804e-01	   3.6901901961299249e-01	   7.8111035711831900e-01	   6.3265705190919275e-01	   6.0449427610339224e-01	   5.0778162637557711e-01	   5.8288486903023717e-01	   3.9864962218100686e-01	   2.9667028894045899e-01	   2.7156522326489885e-01	   5.8714147275820672e-01	   4.8790397539946662e-01	   5.0194933939938347e-01	   4.2919051261719304e-01	   3.1093038682105029e-01	   1.9884940863799611e-01	   2.1376081735420660e-01	  -8.8439445070343292e-02	   2.0048085957619399e-01	   8.7998056765273877e-04	   3.0748421871643200e-01	   2.8923162621684040e-01	   4.4582298588697217e-01	   4.6573732630249387e-01	   3.4390729670413456e-01	   4.3035890298655910e-01	   4.5169133942625872e-01	   4.7027406374770536e-01	   4.8331551578678505e-01	   4.2192155351147081e-01	   5.9959181758384472e-01	   3.8211389779227523e-01	   5.3554584343570910e-01	   5.2898827758839218e-01	   4.7104751489519547e-01	   4.4442551978295625e-01	   2.6232163736396885e-01	   3.4187676643734444e-01	   5.6903978509051267e-01	   4.6125344455386608e-01	   1.1684189455246125e-01	   1.2655123560791548e-01	   6.4267049178011765e-02	   8.8879915900497680e-02	   3.9495209690338939e-01	   1.8456316903941222e-01	   6.4471207182506673e-01	   5.6359498062485591e-01	   5.1286743949574398e-01	   5.1866828061692749e-01	   4.3286778362425904e-01	   3.0636076358951125e-01	   3.5698762193393918e-01	   3.1708611850273138e-01	   2.8223737127248744e-01	   2.4078557175804599e-01	   2.4211797956527994e-01	   2.6516038359250471e-01	   1.3291064089408955e-01	   1.8609562590264569e-01	   2.5817990312858130e-01	   2.8484631658411208e-01	   4.6840110556695980e-01	   3.4044609801698689e-01	   3.7630755562158474e-01	   3.1030899321328420e-01	   3.7578905195633933e-01	   2.7376386050022572e-01	   6.6351488926650704e-01	   4.9539987447463057e-01	   4.6639583507501997e-01	   5.3582266451680260e-01	   3.6041926483737396e-01	   4.7176742897651996e-01	   1.4129247961915484e-01	   1.1218433534689068e-01	   5.3596411715961045e-01	   4.6057690555678360e-01	   5.1945843518564472e-01	   6.0977954829482039e-01	   3.4258309002863402e-01	   3.0941452660025470e-01	   4.4774327208893550e-01	   5.2430596320760769e-01	   3.6458905678072118e-01	   3.7409235523037410e-01	   1.5597818758062743e-01	   3.7426047050460010e-01	   7.1080147830515639e-02	   2.2094606017000201e-01	   4.5115376191760237e-01	   4.5941597461602734e-01	   4.3226940381154105e-01	   4.9117255970998613e-01	   3.7975968129343529e-01	   1.0602511222865627e-01	
   7.5297260580951139e-02	   2.6042583002473368e-01	   6.2366128340250770e-01	   0.0000000000000000e+00	   5.4536533876128401e-01	   7.0450368577501654e-01	   5.8312113792265996e-01	   7.9213635118082526e-01	   4.2565703182845405e-01	   6.8547316454186458e-01	   2.0221884138408759e-02	   1.8702017886213945e-01	   2.1333091597220410e-01	   1.6853667515766929e-01	   2.3803817486686910e-01	   5.1275947492636931e-01	   9.9216014696023203e-02	   3.5532743121948374e-02	   4.6962985295987875e-01	   5.3963472894976594e-01	   3.7068738411863866e-01	   3.3691225597290664e-01	   7.8286003338539123e-01	   8.3830974196219299e-01	   4.2369895781887368e-01	   5.7781340869394371e-01	   3.8590350101122678e-01	   4.1923896333047878e-01	   4.1870843784537420e-01	   3.7486058920617238e-01	   5.9907703449425664e-01	   7.6816807495694717e-01	   3.7835132931737170e-01	   5.4022012683609733e-01	   1.5845844302327611e-01	   1.8073593141509894e-01	   5.4460815171647046e-02	   2.3983223815025975e-02	   2.1540377219620926e-01	   1.2926220755098039e-01	   1.2445286947775588e-01	   1.9895055441493087e-01	   3.7223151863300186e-01	   4.3862005148584288e-01	   1.8041706984846606e-01	   2.4315790578837643e-01	   3.8677089729278169e-01	   4.3466607109974442e-01	   3.0814679454722038e-01	   3.1169994069232765e-01	   3.8174858778891885e-01	   2.8053447844978768e-01	   4.2466882455096233e-01	   5.0728397350546484e-01	   4.2287484867795672e-01	   4.0149770730356693e-01	   1.3312267859317503e-01	   2.4159015029942704e-01	   4.2379148140499534e-01	   4.7604069854067588e-01	   5.5555254537415714e-02	   5.1737169269477445e-01	  -1.1497442960788845e-01	   1.7201954127478045e-01	   1.8887474015604511e-01	   5.5755586103830224e-01	   5.1698356242681687e-01	   5.2405130048867066e-01	   3.2558871512337584e-01	   4.3864481748003192e-01	   2.2514418996816885e-01	   3.3156820404081200e-01	   2.5871779393425681e-01	   3.3038633009324797e-01	   2.5380494362933426e-01	   2.9420535423926819e-01	   2.8396863034008257e-01	   2.5493047961017123e-01	   2.3993647340245861e-01	   1.1772701989875950e-01	   2.2699472453973329e-01	   2.0855044842177001e-01	   3.3475436863070518e-01	   3.0093693009509742e-01	   2.6062572663003891e-01	   3.2514174298488019e-01	   2.7344315411909831e-01	   2.8063350462670633e-01	   4.8923406656350032e-01	   4.1316066001703067e-01	   6.4665943321715591e-01	   4.8736465257908251e-01	   6.6209098227723828e-01	   3.7789275013404672e-01	   2.9231531648802628e-01	   4.7541010087614660e-01	   5.6337533718523269e-01	   5.4165296971973387e-01	   5.7621149071965427e-01	   5.7450386921720886e-01	   5.7724094806714232e-01	   2.8837980925926693e-01	   5.3573853904404078e-01	   4.5320727649727416e-01	   4.7601099173566619e-01	   4.3176817672922502e-01	   3.6197745416223420e-01	   3.6763907655407541e-01	   2.9507291321594847e-01	   4.3662477689166579e-01	   5.0671291091399284e-01	   5.1411621389190221e-01	   5.0113920377274290e-01	   4.1800851949214590e-01	   3.2520287649198482e-01	   2.0171085229487162e-01	
   3.0319732542398892e-01	   2.8914862505375172e-01	   6.7283245313255746e-01	   5.4536533876128401e-01	   0.0000000000000000e+00	   7.1538426929041476e-01	   6.4256335784235452e-01	   5.1464878209345244e-01	   8.5630259099423978e-01	   7.4582296416797667e-01	   1.8766503745923646e-01	   3.1193446846873379e-01	   5.9298055809608596e-01	   4.2845086323553105e-01	   6.8687642133935078e-01	   6.7124586759898353e-01	   7.3475292186568078e-02	   1.5353723214383430e-01	   4.0653676522389848e-01	   3.5921995569887449e-01	   6.1686602818371283e-01	   5.5142150274797785e-01	   6.4913454779472279e-01	   5.3630094494489322e-01	   6.4450495285145804e-01	   6.6240342362380222e-01	   6.8432093532879446e-01	   7.2377767202138310e-01	   3.9696784330779744e-01	   4.4071777461558859e-01	   6.5903034058558507e-01	   5.2572990437748801e-01	   3.4119264167078567e-01	   3.0576429618081724e-01	   2.5307321940016037e-01	   1.7681662909294624e-01	   7.3030371503994856e-02	  -1.2601544017095392e-01	  -7.1135540490934335e-03	  -1.2828696825509633e-01	   3.7400289776769174e-01	   4.0465215591868031e-01	   4.8729982552040096e-01	   4.5008549626525196e-01	   4.1068759977025387e-01	   5.0528729819426121e-01	   4.2457142080803723e-01	   4.9931690710071636e-01	   5.8670668601870757e-01	   5.7459198434860048e-01	   6.0597756768669730e-01	   4.8878910324831165e-01	   6.7052238741688874e-01	   6.4629089067324585e-01	   5.3140946318237892e-01	   4.9060836616940984e-01	   2.9223937032598346e-01	   2.1635555878986190e-01	   4.7960779126945768e-01	   4.7014742021051892e-01	   3.0466158495684204e-01	   3.5240599200500028e-01	   1.5748676044923360e-02	   1.6009204860773760e-01	   2.3422863770625690e-01	   2.9259223228039472e-01	   5.1297424004771752e-01	   4.6847808344441166e-01	   4.4321905050037014e-01	   3.7136732613207540e-01	   4.8700564754018016e-01	   4.0617074562403049e-01	   4.1027628147137962e-01	   4.1006600181600883e-01	   2.8888501324379140e-01	   3.1477413216597894e-01	   6.4853367974990278e-02	   1.2610271682840243e-01	   6.3978318579079346e-02	   6.0365172429567140e-02	   1.4170133172028929e-01	   2.1521524543208481e-01	   5.6645038640204370e-01	   4.4423313545136650e-01	   1.5092045884946387e-01	   2.3066181026008395e-01	   4.1085327313020725e-01	   3.8684546896467958e-01	   5.0215942731696228e-01	   5.4178700915908728e-01	   6.0768083947612395e-01	   4.9373849580076473e-01	   4.7667069512171156e-01	   5.1794928472058333e-01	  -7.5455228876656871e-02	   6.8868033130618997e-02	   2.8064022344704964e-01	   3.6694050192041838e-01	   6.4107159080354503e-01	   6.7837874595415881e-01	   5.2417551368277648e-01	   4.9128546940208595e-01	   5.3429154129126799e-01	   6.1024381347948797e-01	   4.0494510847173809e-01	   4.3087989767583368e-01	   1.0652649617514943e-01	   3.7567095141712159e-01	  -6.6120676769843706e-02	   1.2019193247147032e-01	   4.0980546853327771e-01	   5.8666921149836826e-01	   6.8873013183408416e-01	   6.5680310316330737e-01	   5.4784576264104623e-01	   2.9947964953048434e-01	
   1.4770227325553920e-01	   1.4726488860078579e-01	   4.8229831344121843e-01	   7.0450368577501654e-01	   7.1538426929041476e-01	   0.0000000000000000e+00	   6.1657196794184221e-01	   8.1052077092686126e-01	   7.3312627276398523e-01	   8.8545188393083030e-01	   1.0338384282184593e-01	   4.6062740097265620e-01	   3.4127572051748589e-01	   3.7523414800551402e-01	   4.3769584473162548e-01	   6.5767108752157932e-01	   1.9078992788838020e-01	   1.0329896193799668e-01	   4.2857918196041361e-01	   4.1521895044006873e-01	   5.1186292185043525e-01	   5.5263269614082022e-01	   5.9392282388103657e-01	   6.0696605275757198e-01	   4.3299986023083931e-01	   6.8302765657428854e-01	   3.4569577525286443e-01	   5.9427890887067947e-01	   5.7469424077681730e-01	   5.9823761018030530e-01	   7.2636679527280879e-01	   7.7009968516148242e-01	   4.3013806165755802e-01	   5.6135156236698058e-01	   1.4578044225619438e-01	   2.7601116643165913e-01	   6.6496248479757606e-03	  -1.6297108858448817e-01	   1.2524071029131661e-01	   7.7815231024525089e-02	   3.3319701920163980e-01	   3.1300963032647811e-01	   5.0794884089245107e-01	   5.3315753284340539e-01	   4.1194287441821920e-01	   5.4241259679456022e-01	   5.1584878718543092e-01	   5.8262004460422412e-01	   5.6950770472283008e-01	   5.6472058273198500e-01	   4.6579109746869518e-01	   3.2909533372604854e-01	   5.3037509578683539e-01	   5.3410851907952250e-01	   4.4420788570041092e-01	   4.2228406482660308e-01	   1.8386062380057203e-01	   7.9852317131918940e-02	   4.0614246561122735e-01	   4.7380438314281420e-01	   3.2919264941375237e-01	   5.8825186386188666e-01	   6.7191739214395224e-02	   2.7885286551592953e-01	   2.5386708611666989e-02	   4.6768955446309340e-01	   3.6298679339152234e-01	   4.3631961680236209e-01	   3.1400021589523730e-01	   2.9527907394743969e-01	   3.9891334152960478e-01	   4.9521290289658815e-01	   4.8604648818887014e-01	   5.0179860773400020e-01	   3.9816222626417319e-01	   3.7762184477839578e-01	   2.9304805392561223e-01	   2.8132872173573426e-01	   1.7970503449451666e-01	   1.2438086277549181e-02	   2.9827736902423907e-01	   9.6873927751659678e-02	   4.9780232230570082e-01	   4.4548753013331249e-01	  -1.0336247911082244e-02	   2.1591928730023455e-02	   1.4595954183967280e-01	   1.4128695941971706e-01	   2.2931859488636591e-01	   3.1859582211181975e-01	   6.3305075424598745e-01	   2.1555833894899123e-01	   5.5885584364875696e-01	   3.5317570519375063e-01	   3.2398703022402650e-02	   3.0009509964823639e-01	   3.9807234102780781e-01	   4.2603260908521701e-01	   6.3859861796680817e-01	   5.8897067499960754e-01	   6.0483004265641593e-01	   4.8699117846885215e-01	   5.2380896221363393e-01	   5.3977547524600855e-01	   3.0783925635813442e-01	   3.6812129466792964e-01	   1.2917002047423842e-01	   4.9305876406842314e-01	   9.4092255396988594e-02	   2.8472237662663652e-01	   3.9340964315033650e-01	   6.3959152803882557e-01	   7.3788680143041363e-01	   5.7550895262313917e-01	   4.4303675020865124e-01	   2.5566424490093109e-01	
   4.8388263733863812e-01	   3.5859002389243233e-01	   7.0687463052894839e-01	   5.8312113792265996e-01	   6.4256335784235452e-01	   6.1657196794184221e-01	   0.0000000000000000e+00	   7.2811281322644716e-01	   6.8316287021124444e-01	   5.9014583580531088e-01	   3.5739465718307084e-01	   4.7536559172389936e-01	   5.7090240959715444e-01	   3.3529467806181051e-01	   3.9768585553678737e-01	   4.2974732900430246e-01	   2.8865648498922380e-01	   4.1111366262409621e-01	   6.8639770574661563e-01	   6.4385571409495723e-01	   2.7248562885395411e-01	   1.9313110882629700e-01	   6.5045902389920884e-01	   4.9919849361322233e-01	   1.8801602400191503e-01	   2.8923815097252015e-01	   2.0948976391093255e-01	   2.9498823692121179e-01	   4.8865891302314746e-01	   5.4607405270586273e-01	   5.3179514676494022e-01	   5.6038237365815013e-01	   6.0222685317627356e-01	   6.1596092000074210e-01	   1.9918205486319465e-01	   1.5476306975281312e-01	  -5.9255489430458830e-02	  -1.7979935082476012e-01	   1.2763670679731237e-01	   3.9064948315910925e-02	   1.8613973260886016e-01	   1.2869038068305982e-01	   4.8680105422697911e-01	   5.0391366297723295e-01	   3.6536806272993327e-01	   3.8487011287270079e-01	   4.3308256362729936e-01	   4.8623058338103592e-01	   4.5712339076501152e-01	   2.7277201275680690e-01	   4.7123176383805421e-01	   1.2769600986085936e-01	   3.3445471805731930e-01	   3.2296203856526828e-01	   1.5438230108641898e-01	   2.6124752565380505e-01	   4.3766352012723259e-01	   3.3426925883338188e-01	   5.6272520711736229e-01	   4.5308472663113175e-01	   5.8594881090868067e-01	   5.7966318274265527e-01	   3.4221881504926421e-01	   4.4814656406388653e-01	   4.1526894057907460e-01	   3.4936725285646492e-01	   5.4953983198300782e-01	   4.4335133323836201e-01	   5.9026577143217196e-01	   5.8991272017411578e-01	   2.4348682422291576e-01	   1.6116652406885956e-01	   3.5316335130561183e-01	   2.8903236561992268e-01	   3.4808373262002645e-01	   1.6033869048347518e-01	   3.1412938660695683e-01	   3.6974822141210117e-01	   2.7385379510645563e-01	   3.4500347706668333e-01	   2.8608805344141147e-01	   3.3059516395943989e-01	   3.2361938205394553e-01	   3.2187206103974325e-01	   2.0357348749790305e-01	   2.6602299358719073e-01	   4.9245045920429447e-03	  -6.6396477130085216e-02	   4.3417080265565328e-01	   4.9471265649114415e-01	   3.4232450509198692e-01	   3.5738872544906136e-01	   2.0646886267279863e-01	   4.1348357824810916e-01	   1.3382239172810806e-01	   3.2939983096791725e-01	   4.5074677843909866e-01	   4.6488224741182244e-01	   3.4579118683353993e-01	   4.6461684067664877e-01	   2.4474856645864090e-01	   4.4328599559812809e-01	   2.8549191034591337e-01	   4.9695604535125770e-01	   2.5014602011449799e-01	   3.8656268178829123e-01	   6.1507407067423872e-02	   3.8745625789871446e-01	  -3.7163296915598810e-02	   2.9870721682308210e-01	   5.5899233355268918e-01	   4.2103051725376101e-01	   3.9953890155009997e-01	   4.0580265600118637e-01	   2.8599852671655546e-01	   1.5574929295273698e-01	
   2.5979512570072016e-01	   1.9070639573869297e-01	   4.8721037136445622e-01	   7.9213635118082526e-01	   5.1464878209345244e-01	   8.1052077092686126e-01	   7.2811281322644716e-01	   0.0000000000000000e+00	   5.2094079252017944e-01	   7.4860531841757649e-01	   2.1682349986212282e-01	   5.3577932822648477e-01	   3.3408494587993265e-01	   3.7423419599643726e-01	   2.0861883672656023e-01	   4.4560396272404068e-01	   2.2705125207730764e-01	   1.7401560670841099e-01	   5.0060332932178941e-01	   5.3991971370301473e-01	   1.8100900740227066e-01	   2.1780680488058635e-01	   6.5416419344232368e-01	   6.8521794353583387e-01	   1.6979113556653941e-01	   3.8566371579458270e-01	   1.6370013079990525e-01	   3.4754699706072073e-01	   4.5944220704998251e-01	   5.1249037266451181e-01	   5.4466401105655882e-01	   7.3431375907818852e-01	   5.1352554276872175e-01	   6.5791254741296790e-01	   1.6365252074934233e-01	   2.3503856961000677e-01	  -4.6729379379001582e-02	  -5.4285545906521709e-02	   1.9631364107275254e-01	   8.8640265547440908e-02	   1.0887818612864056e-01	   8.5295642523743817e-02	   4.6494656662872946e-01	   4.8163719224155321e-01	   3.2971934622676624e-01	   3.5366159104359635e-01	   4.0770543832580924e-01	   4.5685473639097629e-01	   3.7010756666150285e-01	   3.3309162478128934e-01	   4.0660745020391575e-01	   1.4265123270750046e-01	   2.8622956023168689e-01	   2.7504127284445168e-01	   2.1697529366477591e-01	   2.3839167172976125e-01	   2.3456822352243334e-01	   2.4395737762790548e-01	   4.2252547629877729e-01	   4.9231900496752301e-01	   3.9243182251064551e-01	   8.0940086102959496e-01	   1.6346580619335441e-01	   4.2658483412502290e-01	   2.3201071230207879e-01	   6.2130994453732558e-01	   4.0011723975637148e-01	   3.8814988442655723e-01	   3.7433034872502868e-01	   4.5826177418740088e-01	   1.5335726919005965e-01	   2.4703442657866692e-01	   2.8258758964763464e-01	   3.0881885259512082e-01	   3.3517213653418099e-01	   2.3842591379430458e-01	   3.5662609061518968e-01	   3.3459574838421213e-01	   2.9740379960830832e-01	   1.8466745633561199e-01	   2.8470014359337775e-01	   1.8515325020590351e-01	   2.8433987726257420e-01	   2.4101412806784905e-01	   1.5946551330123027e-01	   2.3456086971459877e-01	  -2.4837373922875390e-02	  -3.8959389627046502e-02	   3.7108959104042138e-01	   3.9375248371455362e-01	   5.1778706271259678e-01	   1.9381831053259926e-01	   4.8181939646579985e-01	   3.7319766592956566e-01	   2.0755355617099280e-01	   4.1627166398310061e-01	   4.2883451905003356e-01	   4.5832313734126029e-01	   3.6931946787782383e-01	   3.7411084070103834e-01	   4.1907302002612851e-01	   4.5472097411524848e-01	   3.3869290543353314e-01	   4.3006291285422960e-01	   2.6826530439780816e-01	   2.9872909356855010e-01	   2.5564275313227303e-01	   4.3731772273656583e-01	   1.6841508928676119e-01	   4.2421359486845661e-01	   4.4717318454912752e-01	   3.8366573017755978e-01	   4.6793731678729256e-01	   3.3007119441533583e-01	   2.4545010377433435e-01	   1.7001681565868026e-01	
   2.6305650053292123e-01	   1.5652442125239033e-01	   5.4289146209407635e-01	   4.2565703182845405e-01	   8.5630259099423978e-01	   7.3312627276398523e-01	   6.8316287021124444e-01	   5.2094079252017944e-01	   0.0000000000000000e+00	   7.5907990951014237e-01	   1.6357462073421661e-01	   3.2518401854778789e-01	   5.7609708511847235e-01	   4.5235238391681021e-01	   5.8404074896834413e-01	   5.9504965693067402e-01	   1.3049920407141011e-02	   1.0976972889707658e-01	   3.6082970197627623e-01	   3.1315697503736972e-01	   4.3083460189816064e-01	   4.0991598223936709e-01	   4.8526097009798785e-01	   4.3393671950541834e-01	   4.3425165797127130e-01	   4.7874234678549421e-01	   3.7732738057655368e-01	   4.9387298707257521e-01	   3.3054921927558412e-01	   3.7999145326061590e-01	   5.2635461501842851e-01	   4.0820128049391713e-01	   3.7546002286278579e-01	   3.5852801536837658e-01	   1.6932535016766631e-01	   1.7009490998957219e-01	  -8.3729600265184598e-02	  -2.6731112818687691e-01	  -1.4703550192191123e-01	  -1.3438963485703806e-01	   3.3008651905383513e-01	   2.5707376137021065e-01	   4.4006088727563453e-01	   3.8594693383871564e-01	   3.7464229756898804e-01	   4.4428184193425130e-01	   3.3195524468728305e-01	   4.1420237873920918e-01	   5.0020818298939662e-01	   4.0807401189700854e-01	   4.2292228349549127e-01	   2.4075298299121128e-01	   5.1368537939225178e-01	   4.2636202346848318e-01	   2.8533144925785625e-01	   2.8317307138257747e-01	   2.1494355026953776e-01	   1.0580888699029142e-01	   4.4933713465881808e-01	   4.3679682366572470e-01	   4.7210408308463436e-01	   3.7415027977123233e-01	   6.6602431510260587e-02	   1.6589494398701199e-01	   8.9336290997161560e-02	   2.4628600363064870e-01	   4.2371488174932004e-01	   3.7445332402359466e-01	   5.1798477100272722e-01	   4.2601232193814426e-01	   3.7941157505046014e-01	   2.9419984332996241e-01	   2.7435091333631390e-01	   2.3269110063440718e-01	   1.5240273099297758e-01	   1.3008949595772035e-01	  -8.3192895583568405e-02	   8.7507324726688485e-02	  -6.4394475549450270e-02	  -3.3147142730721238e-02	   3.6063507568067803e-02	   1.2235981613832073e-01	   4.2090447035021672e-01	   4.2846414378067488e-01	  -6.5698259880556692e-02	   9.1383977092531321e-02	   8.9932136836788648e-02	   1.8078434888773343e-01	   2.1784727309116064e-01	   4.8793723825569463e-01	   4.8868322879711557e-01	   3.3712046667701584e-01	   3.5723200812859845e-01	   4.2534728145814182e-01	  -1.2924311066108585e-01	   1.9624027089229713e-02	   1.6786733506408888e-01	   2.6611821576748185e-01	   4.6719818448208927e-01	   5.4068953362006378e-01	   4.0082797986416957e-01	   4.5397897766346723e-01	   3.7531310496454634e-01	   5.4925814730332456e-01	   1.8933828360191843e-01	   3.5019200682819296e-01	  -7.8913412348124018e-02	   4.3845859361488770e-01	  -1.6403299383910649e-01	   5.4548552688983877e-02	   3.9723397722267073e-01	   5.5129811845770593e-01	   6.2176789041118785e-01	   5.8168320270708418e-01	   4.4542985442930372e-01	   2.7249757413604880e-01	
   1.8005398738066702e-01	   8.0114228886535549e-02	   5.4443939963688048e-01	   6.8547316454186458e-01	   7.4582296416797667e-01	   8.8545188393083030e-01	   5.9014583580531088e-01	   7.4860531841757649e-01	   7.5907990951014237e-01	   0.0000000000000000e+00	   1.3882214841194490e-01	   3.8376781623966755e-01	   4.6171722925210223e-01	   4.6763118058126985e-01	   5.8227424956826179e-01	   7.7130823198369292e-01	   1.2928534764001712e-01	   3.3323178820792422e-02	   3.3970981196548178e-01	   3.1230716506691680e-01	   5.1898094734327305e-01	   5.3642225817807465e-01	   5.8428138732887658e-01	   6.6107304052452198e-01	   4.5417576721328645e-01	   6.3758426212043928e-01	   4.4205662558283881e-01	   6.3823695201908581e-01	   4.8995927537250206e-01	   4.7962727445412212e-01	   5.8166657339471284e-01	   6.2639844340252260e-01	   2.8002957401662010e-01	   3.6671049493203672e-01	   1.1780715795962061e-01	   1.5062156854282313e-01	   6.7447619103667894e-02	  -9.4818356050756711e-02	   1.0488670589921600e-01	   5.3631824608401490e-02	   3.1822835206924321e-01	   3.6850539011508759e-01	   4.4324563736045336e-01	   4.9818605312142511e-01	   3.4080225908063022e-01	   5.1996537786431263e-01	   4.5959655044971509e-01	   5.6844812565840652e-01	   5.8158948877180583e-01	   5.8959362388597525e-01	   4.9381520165433179e-01	   4.1574607656921170e-01	   5.8407254829018473e-01	   6.1592820505385393e-01	   5.0500094811210716e-01	   4.4540348828847121e-01	   9.2247966934257603e-02	   5.3659126958420102e-02	   4.5829173579756377e-01	   4.5071851119023110e-01	   2.8838728296078942e-01	   5.5750080665880553e-01	   9.6082042458847904e-03	   2.2639978974470865e-01	   1.7692724532422555e-01	   4.8659161023409980e-01	   3.4683623129117375e-01	   3.6560518399305575e-01	   2.8881254233583531e-01	   2.5482507360566353e-01	   3.7847892180793785e-01	   4.2122341446615946e-01	   4.1919387674796482e-01	   4.2995542781364843e-01	   3.5186649225758188e-01	   3.4030069097281712e-01	   1.4516874707280600e-01	   1.6866268706521820e-01	   7.2274618132533719e-02	  -7.4534790484578270e-02	   2.5227362395972353e-01	   1.6889520198135149e-01	   5.7374870571556624e-01	   4.7772664468997778e-01	   1.3967596694618689e-01	   2.0094653242294586e-01	   2.9833662516984161e-01	   3.1232553255003648e-01	   3.6395802504171360e-01	   3.8526231313732784e-01	   6.3603393209821912e-01	   3.3640378162288626e-01	   5.3206845997274421e-01	   3.5595849434256310e-01	   3.1132805369601287e-02	   1.8016875853450331e-01	   3.3064268353619225e-01	   4.2518853415300439e-01	   6.0003178785735889e-01	   5.8280878091310595e-01	   5.5126865466628505e-01	   4.0325380909529973e-01	   4.8076113204453241e-01	   4.7504064255019529e-01	   2.9765794719788369e-01	   2.9764936975856188e-01	   9.5189494473884029e-02	   3.3677382323194283e-01	   7.9012058830237139e-02	   1.9386650621860266e-01	   2.9871673432981227e-01	   5.7060261975877324e-01	   6.6475876683510626e-01	   5.6380931505358078e-01	   4.2612250716284900e-01	   2.4472836003293369e-01	
   7.8330625849897284e-01	   3.9555394433910246e-01	   1.6093099188927348e-01	   2.0221884138408759e-02	   1.8766503745923646e-01	   1.0338384282184593e-01	   3.5739465718307084e-01	   2.1682349986212282e-01	   1.6357462073421661e-01	   1.3882214841194490e-01	   0.0000000000000000e+00	   6.6380711583368790e-01	   7.6514634696957939e-01	   6.6489712986667360e-01	   5.0167400774499860e-01	   2.4902656874286580e-01	   5.6954306838541569e-01	   4.2692854011662451e-01	   3.4426570962339681e-01	   3.4648475454452332e-01	   2.8495205017243352e-02	   1.1070874507318082e-01	   3.7959515999170829e-02	   1.3556788225756197e-02	  -1.9569381822558218e-01	   3.4818344377065477e-03	   3.0287447141722867e-01	   3.5981167225208593e-01	   3.3776616085736072e-01	   5.2206424857703027e-01	  -7.8764687957575824e-03	   5.6635620968918277e-02	   9.9067496951129597e-02	   7.2958620026585055e-02	  -1.9529528522344186e-01	  -3.3821053919305344e-01	   1.0144684494385039e-01	   2.0017920466036393e-01	   2.1569194876825443e-01	  -2.7068910232845170e-03	   1.5287661440841219e-01	   7.7782538535737203e-02	   9.0871735272642251e-02	   1.8356032099025407e-01	  -5.5662108507509273e-02	   4.3146340935282773e-02	   1.0105458236717690e-01	   3.4509497165958976e-02	   2.0726286735559299e-01	   1.2125819683073380e-01	   2.5607730431946607e-01	   1.5442898262584864e-01	   2.2705936571489324e-01	   1.3327352426944544e-01	   1.9153470822524471e-01	   1.2570144246907827e-01	   5.7264305384732683e-01	   4.0320482986058026e-01	   4.2852903458693781e-01	   2.6092332198457813e-01	   6.3850607196248599e-01	   3.7384961185023630e-01	   6.0007348225021995e-01	   6.0885347775661802e-01	   2.1599092379718143e-01	  -4.8811304187606611e-02	  -3.5707832131153371e-03	  -1.1247289719617083e-01	   3.2993668904496187e-01	   8.1228880115071872e-02	  -1.1605451721262172e-01	  -2.1075171320081132e-01	   1.4785670323738132e-01	   1.5888158349378018e-01	   2.3176342505502828e-01	   1.2376891284125335e-01	   8.9242975431467031e-02	   5.8219563895531526e-02	   4.9200055007188720e-01	   4.7860270247038628e-01	   4.0665596060162829e-01	   3.9327284589575739e-01	   2.9617880217422621e-01	   1.6518347866753025e-01	   3.7454628730698214e-01	   4.4698740544995252e-01	   1.6360525549731372e-01	  -2.2371147773465942e-02	   3.9233635029441205e-01	   4.9386629488828876e-01	  -7.9272590130696166e-02	   4.2054519609751782e-02	  -1.6107052882132722e-01	   2.4001703299633451e-01	   1.9137733308817176e-01	   2.0362010629636820e-01	   1.0530282343646959e-01	   2.5684789193962554e-01	  -5.4034374567380672e-03	   1.3381693748525708e-01	   2.9732312842101823e-02	   4.3242993561489085e-01	   1.7321135240002963e-01	   3.4183800014247456e-01	   3.0624639964053391e-01	   2.8315545107522150e-01	   3.5155806119714222e-01	   3.3624408433214692e-01	   4.3148627011752275e-02	   3.2400536383436085e-01	   1.5291669646439879e-01	   7.6570800036334943e-02	   1.9641746391714687e-01	   2.2763428555533008e-01	   2.9707173175890617e-01	   2.9291055557369639e-01	
   6.7149051385910241e-01	   4.3480686228543219e-01	   1.6593683218520777e-01	   1.8702017886213945e-01	   3.1193446846873379e-01	   4.6062740097265620e-01	   4.7536559172389936e-01	   5.3577932822648477e-01	   3.2518401854778789e-01	   3.8376781623966755e-01	   6.6380711583368790e-01	   0.0000000000000000e+00	   5.4044994842215033e-01	   6.2044083066026556e-01	   3.9069234994800095e-01	   2.8658986797215941e-01	   5.8613319098445804e-01	   4.8000669557438447e-01	   4.5308861029767911e-01	   4.5364763733838176e-01	   3.0485887905111350e-02	   1.6355580809332268e-01	   1.6236468706952525e-01	   1.8630100326417301e-01	  -1.1807504978853854e-01	   1.4748946691374015e-01	   1.9102943429995606e-01	   3.7871611661592941e-01	   5.1328602435852133e-01	   6.8972110362968553e-01	   2.1338121379021530e-01	   3.0483045664203667e-01	   2.6740537719960966e-01	   3.4277994434136622e-01	  -5.3048409306200563e-02	  -5.8288663980620662e-03	   2.2166107003037623e-02	   9.6282427528005116e-02	   1.8877500127067998e-01	   3.4261550850842766e-02	   2.1446560646878618e-01	   1.4248518663521156e-01	   3.4107926406551548e-01	   3.7602549175032957e-01	   2.4406938224797425e-01	   3.2336023978584943e-01	   3.0007560080218604e-01	   2.3303960847333294e-01	   4.0972651608245653e-01	   3.0540690406462001e-01	   3.9897053558667628e-01	   2.8529312295763753e-01	   3.2883344964361994e-01	   2.1974952760155220e-01	   1.9254399507139050e-01	   1.9603659335779985e-01	   5.5369505272583219e-01	   3.2340058476057115e-01	   3.9438321049575553e-01	   3.2764383976203160e-01	   5.7927857031295282e-01	   5.8659786375994649e-01	   5.9678975596993000e-01	   7.8710685882502029e-01	   1.2314195721443938e-01	   1.5042995204405143e-01	   1.3459359360642337e-01	   9.4635281924120712e-02	   3.3632438263220482e-01	   1.3267085798365946e-01	  -2.9077515422264166e-02	   2.1624582316732269e-02	   3.4641671036895877e-01	   4.1137862059448732e-01	   3.3836576551371195e-01	   2.9336358030384829e-01	   2.8834630396869704e-01	   2.6576606686673981e-01	   4.6446781248365082e-01	   4.0149485512284155e-01	   5.1746253887972093e-01	   3.7700370086874924e-01	   4.0886086354267648e-01	   2.5298949720489811e-01	   2.5424017033098656e-01	   2.8286551666162818e-01	   4.3610500348873774e-02	  -6.4157134147266315e-02	   2.7962573974932337e-01	   3.9244645495109010e-01	   2.3268822750640869e-01	   3.2447874157114726e-02	   5.9304775944263116e-02	   2.4989706168117631e-01	   1.1800477966798864e-01	   1.5508618685038006e-01	   1.5427039222624386e-01	   1.8506663324307190e-01	   2.2024345131867007e-01	   2.3068234546526675e-01	   1.6741524385363860e-01	   4.7133719830335036e-01	   2.5018504671514791e-01	   4.0661148226844335e-01	   2.4958584620283647e-01	   2.2523969988443301e-01	   2.6045115708163169e-01	   3.4014902083951570e-01	   5.3229180573749355e-02	   2.9293910557961711e-01	   2.2215648902035126e-01	   2.2875276767045183e-01	   3.9472509692095720e-01	   3.1319693555535377e-01	   2.6571820851980077e-01	   2.4365758912486213e-01	
   6.7160566863194959e-01	   4.0115361403290861e-01	   5.2886585579330148e-01	   2.1333091597220410e-01	   5.9298055809608596e-01	   3.4127572051748589e-01	   5.7090240959715444e-01	   3.3408494587993265e-01	   5.7609708511847235e-01	   4.6171722925210223e-01	   7.6514634696957939e-01	   5.4044994842215033e-01	   0.0000000000000000e+00	   7.8501491577026994e-01	   7.6012523506785012e-01	   5.6344481381389222e-01	   2.9878535828713770e-01	   2.7604523375121226e-01	   3.9671244826691687e-01	   3.9167199795502139e-01	   3.3390279314323079e-01	   3.5631072223281895e-01	   3.2819758200904758e-01	   3.1559973426946342e-01	   2.0885464187753638e-01	   2.8984815248385498e-01	   5.6965820896101405e-01	   5.9471230302102318e-01	   2.6951573827445185e-01	   3.9583084363168686e-01	   2.6673637390367255e-01	   2.0079144800960702e-01	   2.1143354441853560e-01	   1.0422309610774105e-01	  -2.6877395164350858e-02	  -1.9594572103290878e-01	   1.6454065690807179e-01	   1.1806657126283497e-01	   1.4272152373822417e-01	  -5.0119769879234582e-02	   3.5239781046801777e-01	   2.7069593155754373e-01	   2.8980142148104288e-01	   3.5101916141880091e-01	   1.6204566360628356e-01	   2.7201813460587282e-01	   2.8355904583535868e-01	   2.4156897926493676e-01	   4.2673416311497647e-01	   3.1743463144953826e-01	   4.9254369151408911e-01	   3.8224659649759296e-01	   5.5016703512230591e-01	   4.3462806450514690e-01	   4.1574356456926287e-01	   3.2782679089313110e-01	   4.1278348480756910e-01	   3.6614327963656013e-01	   5.3724794150191335e-01	   3.9919988422069497e-01	   5.5514545374662327e-01	   3.1936012438973660e-01	   3.7453524740996785e-01	   4.3676419357000074e-01	   3.1695416608156057e-01	   5.3523545388103652e-02	   2.4667256328866749e-01	   1.2645640267417521e-01	   4.9597566520318298e-01	   2.6564057371051664e-01	   2.0970428025626364e-01	   8.5712492766431073e-02	   2.2786699984732947e-01	   2.1476403553788270e-01	   2.3370566474195173e-01	   1.8631110028836859e-01	   1.6214883354859669e-02	   9.7086084975470832e-02	   2.1465338021604538e-01	   2.7999652759747351e-01	   3.0518255853106074e-01	   4.3564781407899811e-01	   4.8598703560601209e-01	   3.2155866979515224e-01	   4.0774495040126923e-01	   5.2067358693666099e-01	   3.3740473833526147e-01	   2.1081532187928681e-01	   5.6452859832181046e-01	   6.9281357682152755e-01	   2.2662338582105240e-01	   2.9035039772528082e-01	   7.2266711622753832e-02	   4.4262214096193031e-01	   1.1278217709889563e-01	   6.9474855654928169e-02	   2.0181812362204890e-01	   3.6640157369391979e-01	   2.5994869338655480e-01	   3.6766165645163623e-01	   2.2108138334501570e-01	   5.4457320202454662e-01	   3.3513116022665423e-01	   5.4666047011788543e-01	   3.8221371922521069e-01	   3.2183658606903170e-01	   2.2672900237818608e-01	   4.4302414634976239e-01	  -6.0626388607814094e-02	   2.0160368157972330e-01	   2.2639885083140149e-01	   2.5726913490852421e-01	   4.1343003543562729e-01	   4.7301939666069481e-01	   4.4991824345657538e-01	   2.8029952263497099e-01	
