   0.0000000000000000e+00	   7.2438724258465848e-01	   2.9404206335163585e-01	   3.2096125752325322e-01	   4.5472454743883484e-01	   3.0772297217176975e-01	   5.3150020202132287e-01	   5.0396214758607905e-01	   5.0097499954566405e-01	   3.8862225932271088e-01	   6.8265513718505921e-01	   6.4271043843453612e-01	   5.8605240789699875e-01	   3.7021334634521408e-01	   5.0565841414593327e-01	   5.7216874068413848e-01	   5.4087347186141344e-01	   4.4936343865390599e-01	   6.7309108910178983e-01	   6.3992559479386424e-01	   1.5084005788738539e-01	   2.8240802799868919e-01	   2.8826555127025488e-01	   3.1418884974365291e-01	   5.7469074459435901e-02	   1.6652211142727161e-01	   2.7236225344508852e-01	   5.3834595995142354e-01	   5.3420073746522156e-01	   4.1249194879976725e-01	   2.0535966919207757e-01	   2.1786648734972563e-01	   5.0054471623361074e-01	   4.2704909470700159e-01	  -1.7982594279133984e-01	  -2.6356774370587971e-01	   1.0531673659330984e-01	   3.1064233891302473e-01	   2.1031428338459718e-01	  -1.2097169556990608e-02	   2.7766966255915126e-01	   3.4976833969047126e-02	  -1.1265723228633825e-02	   4.2670989025006351e-02	  -3.8933544133667342e-02	   2.3572359523951199e-03	   1.0317778078615267e-01	   1.1989816600103606e-01	   2.7469608273822893e-01	   1.7578412798395149e-01	   3.3810361324660709e-01	   3.6894590784967768e-01	   3.7486729873817548e-01	   2.6202319901634852e-01	   3.1187115114175751e-01	   1.5879194032969829e-01	   7.4379904317148382e-01	   6.2157010719523753e-01	   5.5035573300212492e-01	   3.7547346183724861e-01	   4.8578657857683932e-01	   4.6377317116079231e-01	   5.3714923922751923e-01	   5.4192225255897630e-01	   1.1367440104184701e-01	   4.5577163868645493e-02	   5.8403093961246738e-02	   1.6015035456078491e-02	   6.0292908779992671e-01	   2.9391506517768679e-01	   4.3121878293112498e-01	   3.9700731103687265e-01	   5.9199311765778106e-01	   5.9585192776749696e-01	   5.5058194471720623e-01	   4.8526082921039743e-01	   3.4029135279872291e-01	   4.5180217154851293e-01	   4.1558250198995067e-01	   3.3221768558061826e-01	   4.9378587365213789e-01	   5.9057879859263807e-01	   4.8806433591650350e-01	   3.8749370108812653e-01	   3.4298872052353874e-01	   4.6662190598786146e-01	   2.1525528699266788e-01	   2.1190109237655427e-01	   4.1944649431067815e-01	   5.8411048815122224e-01	   4.6764067111514052e-01	   4.7665107136341472e-01	   4.0351887482617221e-01	   4.3536439426660711e-01	   2.7193112999508991e-02	   1.2287513248156548e-01	   2.4250531204804027e-01	   1.5311813074843439e-01	   3.8443359201032956e-01	   4.5554954724201413e-01	   4.8809000919211587e-01	   4.1077603500256560e-01	   5.2845660075532797e-01	   4.9348180954257848e-01	   1.9556401111635829e-01	  -8.6582758680135666e-02	   1.3102965090984214e-01	   3.1584703255218860e-01	   4.9227855354863077e-02	   9.5149978907352065e-02	   1.1092766953631394e-01	   3.6277532469026136e-01	   5.1072889760608586e-01	   3.7657993479803753e-01	   1.9820614571553866e-01	   2.7747223215421418e-02	
   7.2438724258465848e-01	   0.0000000000000000e+00	   2.7265128841073011e-01	   2.7208647423828192e-01	   3.5737536527027292e-01	   1.2509897439840340e-01	   3.1393447398926927e-01	   3.8436762372730732e-01	   2.8639896075938331e-01	   2.2991879997470438e-01	   5.0618556270864934e-01	   6.1874205121771553e-01	   4.6805239236064922e-01	   3.4028380318670776e-01	   4.4729000226516163e-01	   6.1182369961573779e-01	   4.8282930136947977e-01	   4.6062906334893183e-01	   6.8589652587170280e-01	   6.8980526101651263e-01	   1.8312883863834312e-02	   2.2992139257563343e-01	   3.3760170883214569e-01	   3.5051666552874750e-01	   1.9642511947048141e-01	   2.2465563209293504e-01	   3.0857287004484951e-01	   4.1990205676043524e-01	   4.9017861972717103e-01	   4.9031156108384227e-01	   2.9648891449327908e-01	   3.7035607705718693e-01	   4.6836645783176478e-01	   4.5922608400960541e-01	  -2.5874629776012931e-02	  -6.3489666967636527e-02	   1.7156578805469597e-01	   3.5443513395467685e-01	   3.3318918489159083e-01	   6.8669802073066666e-02	   1.7905952805558126e-01	   8.7178219439635052e-02	   5.5188030749818831e-02	   9.9106690868337802e-02	   7.4305203753842419e-02	   8.4851475091637221e-02	   1.7189449761662462e-01	   2.0869038699065182e-01	   2.6710833884184471e-01	   2.7460264399926104e-01	   3.2432596953465687e-01	   3.4290500790738698e-01	   4.1878352397368002e-01	   3.9541822710601121e-01	   3.2576405718298851e-01	   2.1767264369059053e-01	   7.0875667471214687e-01	   6.1602847156482654e-01	   1.3021234447432750e-01	   1.0136689852775105e-01	   2.1079686789494062e-01	   2.7240084459652547e-01	   3.8546913349196060e-01	   5.0510269277941033e-01	   1.9368688371273818e-01	   1.0725368377331439e-01	  -1.2780123707584429e-01	  -1.4994611570787073e-01	   6.3379340600944867e-01	   2.1848819012851622e-01	   3.3068336081437810e-01	   2.8399393897528868e-01	   6.6522262490865769e-01	   7.8308975974495532e-01	   6.4466178074040448e-01	   6.4909149548891520e-01	   4.5450885838604116e-01	   4.7124717619265610e-01	   3.7501982473292028e-01	   3.1395401079950996e-01	   6.0272996584251726e-01	   6.7824958655803169e-01	   5.3662459217946934e-01	   5.8568148885026827e-01	   5.4660681580801107e-01	   5.7098225782652900e-01	   2.6491642341102412e-01	   3.1702038494237089e-01	   3.6814848204991124e-01	   5.0232699264893577e-01	   5.2188072339809011e-01	   3.6114977864203412e-01	   4.2599734242845416e-01	   2.4647079918105735e-01	  -1.0223642129645213e-02	   1.1321461363985852e-01	   2.5382680917241757e-01	   3.1185147626683274e-01	   5.2183779150749154e-01	   4.9870449726910238e-01	   5.0909773849601381e-01	   1.3078336121366352e-01	   5.4139635926663121e-01	   3.3067973306366349e-01	   1.6222205475166140e-01	   3.0965130196057108e-02	  -1.9968671693228315e-02	   1.7343065595313531e-01	  -6.3099777424157386e-02	   3.9570277039226692e-02	   1.7452151675382119e-01	   4.7671729660191597e-01	   5.0466264031151464e-01	   4.3109675747102311e-01	   2.9588750727815111e-01	   1.2306924928574386e-01	
   2.9404206335163585e-01	   2.7265128841073011e-01	   0.0000000000000000e+00	   7.0485377547827088e-01	   6.4184231140154169e-01	   3.2689915676547293e-01	   7.4875618909658925e-01	   5.2893511738132004e-01	   3.5659820748547322e-01	   3.9833897700441445e-01	   1.9639414399597679e-01	   1.1129875855662508e-01	   4.4648420088835566e-01	   2.7930530020679739e-01	   7.0600926153415644e-01	   5.6543000937064702e-01	  -1.7478389288513623e-02	  -1.3803776350379407e-01	   5.1414798665023476e-01	   5.2962019837945451e-01	   2.8978357358090579e-03	   3.7757314499434214e-01	   8.7976680017051390e-01	   6.8413108091135200e-01	   6.5690155567559394e-01	   6.1522558761189861e-01	   5.8581324983543182e-01	   4.5424037722757377e-01	   6.1714259892238027e-02	  -3.8724019996312059e-02	   6.0101853735473421e-01	   5.6199525611423540e-01	   4.0615030181367034e-01	   4.3575716886089427e-01	   6.1172433838197593e-01	   4.6741037866517698e-01	   1.4168419977648028e-01	   1.7020887428479053e-01	   9.4031498323427193e-02	   1.1758892633596772e-02	   1.1262049516142722e-01	   1.9749717273407585e-01	   2.6403767562637137e-01	   1.3680346202081889e-01	   2.0340442168176831e-01	   1.1932620759743998e-01	   1.8720376882296000e-01	   2.2184278010424024e-01	   3.8962526614086879e-01	   1.7066040728028475e-01	   4.8627092847375736e-01	   2.2484476522091454e-01	   4.1012508668403042e-01	   4.1504935213738703e-01	   3.2832500083012750e-01	   2.5823251583312989e-01	   2.4477268785004377e-02	   9.0904353219001588e-02	   2.1042312112147854e-01	   2.9913422256332201e-01	   1.0231409128319735e-01	   2.8525415065950765e-01	  -6.4038244170434411e-02	  -7.7268921750240069e-02	   7.9893134121384657e-01	   6.0902088774069063e-01	   6.6120285060489037e-01	   5.5731813922721896e-01	   4.4224550356688624e-01	  -6.9876830284010566e-02	   1.7414015403417210e-01	   3.1467711609341564e-01	   3.3707494105067981e-01	   2.6876036770695688e-01	   4.2836118520465205e-01	   2.7524888793064461e-01	   4.1183564194217370e-01	   4.6340443704950984e-01	  -5.5454333345383633e-02	  -1.1466924559368530e-01	   1.6964348607134513e-01	   7.9224191463179189e-02	   5.2865122690116850e-01	   3.0797256516835497e-01	   6.2625636125213835e-01	   5.3561101815898882e-01	   4.5759511352252463e-01	   4.7722832771470747e-01	   7.2155121180964799e-01	   5.4379530007305932e-01	   5.5831338886225512e-01	   6.8626988886678142e-01	   4.9594760328922260e-01	   6.8660627826748655e-01	   3.0126297328088503e-01	   1.6746102658601947e-01	   2.1626690432536350e-01	   3.3177813749356044e-01	   1.5528894264437954e-01	   3.8739456690969004e-01	   2.5559030073994266e-01	   4.2239317552033528e-01	   3.4090682253572235e-01	   4.0961472967825302e-01	   1.6920349049193634e-01	   1.1959717337844353e-01	   2.4299828987615561e-02	   5.1646124860896259e-01	   1.2817738247462199e-01	   5.0982728236372642e-02	   4.6149554083969324e-01	   3.3976571012649981e-01	   3.4745947129566945e-01	   2.1123277525140161e-01	  -5.8094767029786540e-02	  -2.7288678824720025e-01	
   3.2096125752325322e-01	   2.7208647423828192e-01	   7.0485377547827088e-01	   0.0000000000000000e+00	   5.8830355985202221e-01	   4.2173342493320520e-01	   5.9694951837543320e-01	   7.5682867634810647e-01	   3.8748295168358005e-01	   5.9121752378497416e-01	   1.4580913221213021e-01	   1.5976007211473076e-01	   3.6026405838994063e-01	   2.8126148801487011e-01	   5.5088432943149079e-01	   4.1336910762497336e-01	   1.7785220726316844e-02	  -1.3114491671410999e-01	   4.9213538840934917e-01	   6.5697242852885629e-01	  -4.9529624696633509e-02	   3.4549645356651115e-01	   7.3027729730739832e-01	   7.3450005009098762e-01	   6.6467331795749685e-01	   6.9437058391833861e-01	   6.5316816037979419e-01	   4.6225106169829533e-01	  -1.0636829938563437e-01	  -1.5573330206423291e-01	   3.8192059615029605e-01	   4.5789609974837181e-01	   3.6039397159686304e-01	   4.5704025628211903e-01	   6.5163320294454841e-01	   5.9485450551400354e-01	   8.0821721746732106e-02	   1.6087367459604957e-01	   8.8831987363220039e-02	  -3.3323985687384025e-02	   1.1025034211252993e-01	   1.3913468403323076e-01	   1.4896900549937403e-01	   7.8106749488773497e-02	   1.8434547634382942e-01	   1.6396309157975372e-01	   5.7960501128732120e-02	   1.8509407628295083e-01	   3.4065157422894660e-01	   2.0209008252460137e-01	   3.6287942641537418e-01	   2.6552154324387162e-01	   3.5503564299595924e-01	   4.0514508550540457e-01	   2.4564717697611721e-01	   2.1743492336572465e-01	   1.2797309495588191e-01	   1.0484555480114063e-01	   1.9177116660059751e-01	   5.1058890689729008e-01	   8.1546121433850843e-02	   5.1347734039677961e-01	  -1.7480039648619539e-01	  -1.2673585301134654e-01	   5.8972777503036689e-01	   7.8208041742645107e-01	   6.3029738873411567e-01	   6.9066276857637421e-01	   4.6440904706779779e-01	   1.6824739492502988e-02	   1.6764754754831801e-01	   1.6233417760365193e-01	   2.8639527192004599e-01	   2.0853549392707665e-01	   4.5705998744912818e-01	   3.4106637682318008e-01	   3.1361331624241351e-01	   4.2774299252456105e-01	  -9.5967015535368655e-02	  -2.6596540359848142e-01	   1.4586687493972833e-01	   2.1013652661780981e-02	   4.4126631860148946e-01	   1.4831442050513141e-01	   4.1258734123939322e-01	   4.9999063200822713e-01	   4.4333990683027424e-01	   4.2276832809025100e-01	   6.8302816087732787e-01	   6.2427464018673107e-01	   7.6532796170057504e-01	   7.3975492321353520e-01	   7.7493463692373754e-01	   6.8996848909838848e-01	   1.3025237211962704e-01	   9.2181010376330919e-02	   6.7783258158618881e-02	   2.0617044016258415e-01	   1.1545866556544578e-01	   2.8713136062888645e-01	   4.8115028937569310e-01	   4.2306774440245720e-01	   4.1000910931778511e-01	   4.6489940985402783e-01	   1.9607803509853977e-01	   6.8652527285979550e-02	   1.9184117815934568e-01	   4.6637760014259988e-01	   5.2319200018377185e-02	  -2.2280370351168668e-02	   5.3720360156755498e-01	   3.1720061457960008e-01	   3.9833544489689532e-01	   2.1841500861868099e-01	   3.6727294428314017e-02	  -2.0300558339726524e-01	
   4.5472454743883484e-01	   3.5737536527027292e-01	   6.4184231140154169e-01	   5.8830355985202221e-01	   0.0000000000000000e+00	   2.0423387843128868e-01	   6.2353240375889984e-01	   6.2049543593830847e-01	   7.0223153847396658e-01	   4.4913834572199896e-01	   2.7641508853325480e-01	   3.7629942546752271e-01	   4.2482843442815371e-01	   4.3550354436475069e-01	   4.3616020478939199e-01	   5.0627378074719409e-01	   2.1440006076852836e-01	  -2.7521014282512048e-03	   4.4116859434428446e-01	   5.8716212067636886e-01	  -8.3543847329850332e-03	   1.9118463664495727e-01	   5.9957440229291692e-01	   5.5862722336200710e-01	   4.0755861672471427e-01	   4.1204452597533847e-01	   3.9087887600453625e-01	   3.3719045427999983e-01	   9.2478685984562908e-02	   5.1351487064563155e-02	   3.7886096407734887e-01	   5.0141581133305357e-01	   3.6577855078460736e-01	   3.8803806249526174e-01	   3.9597098463966279e-01	   2.5177983810268950e-01	  -1.7446913754421456e-01	   1.1996561118324879e-01	  -5.7007038571217798e-02	  -4.0005049295096962e-01	  -1.7523789875408474e-01	  -2.9287277707985615e-01	  -5.8481939762687916e-02	  -8.1843921699544783e-02	   4.6974831832361655e-03	  -1.8957061870464451e-02	  -5.8717119057927321e-02	   3.3531647361861412e-03	   2.8095417522128985e-01	   1.0078635510069303e-01	   3.7053050993970160e-01	   1.9921270784795800e-01	   4.2731771610824620e-01	   4.8289140228228167e-01	   2.2822620128197371e-01	   1.1729557342898279e-01	   2.4722788631826642e-01	   2.1402698232474143e-01	   3.6182309430242449e-01	   3.2896667686289965e-01	   2.6302811689367211e-01	   3.8196469509363734e-01	   6.0987898980644002e-02	   1.4018632798843991e-01	   4.8792325861797242e-01	   4.3222682215732444e-01	   4.0530969347208123e-01	   3.6805984905164890e-01	   4.6846466939711240e-01	   9.6472176020621664e-02	   1.6710509826538258e-01	   3.2817908082745817e-01	   3.4788675064650487e-01	   3.9774858430339605e-01	   4.8680369448878624e-01	   5.5029611199978490e-01	   1.8518758071651931e-01	   3.4451809925318161e-01	   1.6118665209029534e-01	  -7.9294071846202990e-02	   2.1433314652620639e-01	   2.4788768265632605e-01	   2.2212316437560570e-01	   1.5643616738393984e-01	   4.4839306364769316e-01	   5.1921925449262618e-01	   1.8557583423362181e-01	   3.1804945949934693e-01	   5.2902049919445659e-01	   4.9672057545709719e-01	   5.7056594662372762e-01	   4.9342500814586143e-01	   5.0084045741994587e-01	   5.7143911256907765e-01	  -9.3041937547884285e-02	  -4.7788668388371848e-02	  -1.8671471294439735e-04	   1.4541858911024913e-01	   1.1412727467691539e-01	   2.6015478628905137e-01	   5.1590241876536702e-01	   4.0420020457907424e-01	   4.3845727567877391e-01	   4.5931851584633543e-01	   3.0390094595074607e-02	  -8.9727330618330423e-02	   6.5165226077885441e-02	   3.0205914412957369e-01	   1.2340482031773373e-01	  -1.1800090983489085e-01	   2.1248712252575674e-01	   1.1491197183849512e-01	   3.4116368665350622e-01	   2.3489943873982938e-01	   9.2733792233326812e-02	  -1.2771056427117267e-01	
   3.0772297217176975e-01	   1.2509897439840340e-01	   3.2689915676547293e-01	   4.2173342493320520e-01	   2.0423387843128868e-01	   0.0000000000000000e+00	   4.7844500504393384e-01	   5.1293925232394200e-01	   3.4586503159294318e-01	   7.3728687360296019e-01	   2.6367263722518031e-01	   3.8639080946831661e-02	   3.6396637079953631e-01	   1.5401237262379008e-01	   3.5997732040603309e-01	   1.9123588239487793e-01	  -6.3568392394083059e-02	  -1.0818630119590378e-01	   1.5393046062047600e-01	   2.7974933759644133e-01	   2.5104718667518178e-01	   3.1586136012019178e-01	   2.2714091418147589e-01	   8.0808260818235930e-02	   2.5906319499677077e-01	   4.0474695329709109e-01	   2.2214477388925941e-01	   6.1516326011714062e-01	  -6.0947379415309214e-02	  -1.5871161809854878e-01	  -6.2890292603470010e-02	  -1.0223076582814358e-01	   1.8907406708796853e-01	   2.3247059358358890e-01	   1.3992315443554804e-01	   2.1063529437210154e-01	   1.2398861795570824e-01	  -1.9640006357650249e-03	  -2.3416953247474517e-02	   1.7986136948043865e-02	   2.8002282325926681e-01	   1.4713403185286822e-01	   3.2205872018149917e-01	   3.4760447824109042e-01	   2.7582083294530996e-01	   2.9395578993466498e-01	   2.4835253641759514e-01	   2.6226787119111350e-01	   4.6696623192120623e-01	   3.0147455234872927e-01	   3.3575509519218716e-01	   3.4527351083619839e-01	   3.7156123558275028e-01	   1.7176933168240183e-01	   3.0355827105517680e-01	   1.6156688208840370e-01	   1.4152575244357557e-01	  -3.2465243243829892e-02	   3.3233782071737372e-01	   3.6517448747616948e-01	   4.2518593965201201e-01	   3.9294175838588608e-01	  -6.9351101855949351e-02	  -3.2434718604697009e-02	   2.0098107095779627e-01	   2.0265132369930317e-01	   3.8260766566205034e-01	   3.4140555129850114e-01	   4.5001099350765272e-01	   1.7832316811301346e-01	   1.5255163548288900e-01	  -5.0702959165223618e-02	   7.9249830623549899e-02	  -1.1233717148902128e-01	   1.1143380095101597e-01	  -3.0388403062777122e-02	   1.9832793802247783e-01	   2.6789259339627802e-01	  -5.2980005646253825e-02	  -4.8412273756205798e-02	  -4.6251222277477945e-02	  -4.2088020486312251e-02	   2.3134385819157127e-01	  -6.2351935411545344e-03	  -4.3991952684957362e-02	  -7.9907682001521402e-02	   2.2996250914343319e-01	  -2.7916360183060365e-03	   3.9632943378193752e-01	   2.4065926668013915e-01	   3.0126718727223578e-01	   4.0847829754599663e-01	   2.5743631075439843e-01	   3.8489776227287387e-01	   1.5265038061849787e-01	  -3.3256331821348148e-03	   2.0915569321319538e-01	   8.4905412063582097e-02	   1.1497939574648434e-01	   1.8283130922376778e-01	   2.1813913313116462e-01	   4.7220922282260769e-01	   1.7881266051180456e-01	   2.2579197996981021e-01	   2.6307623221633925e-01	  -2.3665267716285992e-04	   4.6604013245902087e-01	   2.7419475706776741e-01	  -1.2304558281841543e-01	   2.1098909305978625e-01	   4.0574686630879914e-01	   2.5108158977069495e-01	   9.6661996229386302e-02	   1.0875927120133393e-02	   6.5295002029103887e-03	  -1.2141900647085907e-01	
   5.3150020202132287e-01	   3.1393447398926927e-01	   7.4875618909658925e-01	   5.9694951837543320e-01	   6.2353240375889984e-01	   4.7844500504393384e-01	   0.0000000000000000e+00	   7.3227023411180703e-01	   5.8011298806287759e-01	   5.7686610494212054e-01	   5.5574535235357292e-01	   2.6549826630930151e-01	   6.3394261879705505e-01	   2.5408804893586567e-01	   6.2704773130490787e-01	   5.5504319046077844e-01	   3.0853180017949394e-01	   9.3125387817875105e-02	   5.9620467987103276e-01	   5.9890248824681447e-01	   1.1247003013189130e-01	   3.1308842967760825e-01	   5.5919497888426306e-01	   3.7388495224223317e-01	   2.1121422587922811e-01	   2.6879787243141157e-01	   1.9652040486760439e-01	   4.4411426051977421e-01	   3.7278545515325978e-01	   1.8829178923141415e-01	   4.1691649102523015e-01	   4.0713336280001183e-01	   6.5595767582580133e-01	   6.3911795035248442e-01	   2.4089355561961051e-01	   1.1080547384201947e-01	   2.8813343803236351e-02	   8.7682179906416413e-02	   1.6630870545909966e-02	  -9.1046526402895844e-02	   1.0024907979797870e-01	   1.9696076935461551e-01	   1.7948138594702565e-01	   1.1889381848230854e-01	   1.7582351072247770e-01	   1.3011712816157739e-01	   1.5219983851648655e-01	   1.8008593214481713e-01	   3.1366872157244852e-01	   1.1252471069476935e-01	   2.9008766579085576e-01	   1.9367469423543981e-01	   3.2631281882693958e-01	   3.0382308297092731e-01	   2.5411763478126653e-01	   1.9490515458024771e-01	   2.2214848185426062e-01	   1.8940249770193565e-01	   3.9637215669689096e-01	   2.0453326085394719e-01	   4.6067400554434135e-01	   3.7166324298112519e-01	   3.0680677534578282e-01	   3.2973877412603930e-01	   4.8298140903333087e-01	   3.0134896101542163e-01	   4.5594158452338374e-01	   3.2114290734092432e-01	   5.0119839861132531e-01	  -3.4649327019919832e-03	   2.6675323172935445e-01	   2.9011759585259106e-01	   4.2442417525176757e-01	   3.1679711743727379e-01	   4.1034143277539165e-01	   3.5041089088415700e-01	   4.1907358726598154e-01	   3.7753547254051689e-01	   2.2207579147388440e-01	   1.3804962481725480e-01	   3.4378379925301489e-01	   3.4414363042594753e-01	   5.1110965331767999e-01	   3.7579995833686475e-01	   4.5022798868723812e-01	   3.7227818852718653e-01	   2.9239918972463241e-01	   2.5538102903031401e-01	   5.5517841287144298e-01	   4.1493156396672981e-01	   4.2228949117141101e-01	   6.0572110289217518e-01	   3.0486038566925378e-01	   5.6803707995268105e-01	   8.2350654089021258e-02	   3.0551959220021900e-02	   1.6923904875500689e-01	   1.8889924947306319e-01	   2.2502919063720739e-01	   4.2783854851521386e-01	   3.0646374076277694e-01	   5.9040539627740107e-01	   3.3230758861342907e-01	   5.3498418666909586e-01	   1.4792199782214679e-01	  -1.1484704675542999e-01	   1.8136077503472131e-01	   2.7487775560717193e-01	   8.5074353435394559e-02	   1.1154653201993375e-01	   2.6188157702121390e-01	   3.5528407184932670e-01	   4.0190236814476421e-01	   2.8625633631952846e-01	   1.2705891454091386e-03	  -1.6321921448217175e-01	
   5.0396214758607905e-01	   3.8436762372730732e-01	   5.2893511738132004e-01	   7.5682867634810647e-01	   6.2049543593830847e-01	   5.1293925232394200e-01	   7.3227023411180703e-01	   0.0000000000000000e+00	   5.6908647879189256e-01	   7.1389780387952873e-01	   3.7845132960309558e-01	   4.3203424374968424e-01	   4.3525858109427051e-01	   3.2088101516074802e-01	   3.8329901928521193e-01	   4.3718063386729439e-01	   2.7503026464129493e-01	   5.4294733290087965e-02	   5.4519087861161208e-01	   7.0285201781437812e-01	   7.8874339417677131e-02	   3.0470005214355961e-01	   3.9983824503608412e-01	   3.4205442875934339e-01	   2.3379429335717933e-01	   3.2910860088158667e-01	   2.5840752741815354e-01	   4.4703038945911455e-01	   1.9733965748816346e-01	   1.1212387773825952e-01	   2.3655199828790388e-01	   3.2770870757550274e-01	   5.9115083529723322e-01	   6.7287493749005944e-01	   2.7439008357441053e-01	   2.5747262128362958e-01	  -1.3935133463277979e-01	   3.5516910796517379e-02	   6.9376247836465760e-02	  -1.6110058588312567e-01	   2.6503713652086681e-02	   6.8237128682235429e-02	   1.1068591737059785e-01	   7.3437027828446286e-02	   1.8593596591928260e-01	   1.7941490877879801e-01	   1.1771874457806117e-01	   1.9071025954986201e-01	   3.4534575501350662e-01	   2.5997319201334163e-01	   2.5921513694730069e-01	   3.6124754851943797e-01	   3.4543654173950250e-01	   3.7408083702441369e-01	   3.0449357555939516e-01	   2.7210057262661869e-01	   2.8644726339249199e-01	   1.6958754818892563e-01	   3.1513112309412133e-01	   3.9243442169176290e-01	   3.7009857823169168e-01	   5.6882842580386406e-01	   1.0672294814821690e-01	   2.6254351634854900e-01	   2.5620630567303510e-01	   4.2036617954043803e-01	   3.7120614787388329e-01	   3.8794150057386356e-01	   5.3427862457509268e-01	   8.4081482516582165e-02	   1.3786801058345394e-01	   1.0479224421390468e-01	   3.9350587323641584e-01	   2.8450974601565587e-01	   3.9803378045955873e-01	   5.0249159381062491e-01	   2.8641737088333297e-01	   3.7124337960372433e-01	   1.4548548420380661e-01	  -9.6716329966455624e-03	   2.4622124804264792e-01	   2.2771978397011547e-01	   3.4361638969146568e-01	   2.2200190177779824e-01	   2.2285193626554117e-01	   2.2301292681756041e-01	   2.7563601788369602e-01	   1.2279394857950504e-01	   4.6305075975155507e-01	   4.1827507754816867e-01	   6.9308191763107507e-01	   5.2415752312873398e-01	   4.9406505743363421e-01	   4.5902026158580211e-01	  -1.0381567096176468e-01	  -1.1172319218552389e-01	   7.6928957779155593e-02	   6.9695320453688550e-02	   3.2171833297778163e-01	   3.6710738493889533e-01	   5.3619644565958091e-01	   4.8737869623911312e-01	   4.1937300223198226e-01	   4.3120558608219550e-01	   1.2907961111541305e-01	  -1.4820029096758325e-01	   2.8342520975560637e-01	   2.3259651750579896e-01	  -6.9321344050117195e-02	  -1.4874768941888727e-01	   3.0106417224682147e-01	   3.4416347496822836e-01	   3.9556286461637091e-01	   2.0368790585234359e-01	   8.5801171295938727e-02	  -9.8154383875786289e-02	
   5.0097499954566405e-01	   2.8639896075938331e-01	   3.5659820748547322e-01	   3.8748295168358005e-01	   7.0223153847396658e-01	   3.4586503159294318e-01	   5.8011298806287759e-01	   5.6908647879189256e-01	   0.0000000000000000e+00	   5.6461171207442973e-01	   3.6098549841440580e-01	   3.7192868741081986e-01	   4.1116598242538982e-01	   3.4359520984913583e-01	   3.1187960478338705e-01	   2.7477726793290025e-01	   2.1837409596319854e-01	   7.7022933028175547e-03	   3.0711604919324043e-01	   3.8932963005125620e-01	   7.0695701328088792e-02	   2.0350660365620193e-01	   2.9147028991525004e-01	   2.4810692430538567e-01	   1.0624230443816740e-01	   2.0019735213550485e-01	   5.4081424254298946e-02	   4.1615550828769687e-01	   1.4222288956901441e-01	  -2.2495593222323338e-02	   3.3057069318007212e-02	   1.0156169317708374e-01	   2.3981356112015106e-01	   2.4207375095309330e-01	   5.2544867669991530e-02	  -2.1588095933037017e-02	  -2.2505352009221546e-01	  -9.4024769480925377e-02	   2.8224568243527041e-02	  -3.8845982937003642e-01	  -1.6360400609027376e-01	  -2.2496599082898178e-01	  -1.2114448888895252e-01	  -4.6220446603189511e-02	  -1.9121430306458305e-02	   5.1048911007753467e-02	  -8.8240555083460862e-02	  -6.0203501725369160e-02	   2.7999385166869678e-01	   1.6180452638501533e-01	   2.5933530480209888e-01	   2.1649009333872282e-01	   2.8108601601108518e-01	   2.9756854501783830e-01	   1.1710599310915536e-01	   6.9312917414801167e-02	   2.4389217394430529e-01	   8.7312744377051846e-02	   3.6206947156405028e-01	   1.9930742018314690e-01	   3.3960642668454771e-01	   4.2183994606517766e-01	   2.0977762950036255e-02	   2.0433692407472948e-01	   2.2283487671769903e-01	   2.1053862631566697e-01	   1.9237278209719574e-01	   1.4052852596375923e-01	   4.2162171352280525e-01	   8.3152372972988650e-02	   7.5094190066402611e-02	   9.2257625743842164e-02	   2.4009895657233982e-01	   2.3989924452308325e-01	   3.3473092362957935e-01	   3.4031202233190094e-01	   9.5735234277765063e-02	   1.2778396174996659e-01	   1.5926839372918850e-01	  -4.0712908440319731e-02	   1.0602032221685896e-01	   1.6518276176024393e-01	   1.7853212234640614e-01	  -1.9455086230478953e-03	   1.2849662213016860e-01	   1.5523312439547479e-01	   1.2482524477985206e-01	   3.8372932295140841e-02	   3.2179753381608095e-01	   3.4332753964021545e-01	   3.4206398101876184e-01	   2.8118305968342905e-01	   2.7108355933048400e-01	   4.2639968100761494e-01	  -1.4910951120520602e-01	  -5.2317165976606211e-02	  -2.2205006844621265e-02	  -1.8352706109384122e-03	   2.2989566562301406e-02	   1.2418396820115279e-01	   3.7360953854446444e-01	   5.3383163934812050e-01	   2.0267356659403865e-01	   2.8559172641885988e-01	  -8.3226596742302927e-02	  -2.5194293691912806e-01	   2.2881999178130080e-01	   9.5279772887943287e-02	   4.7085873774088877e-02	  -1.5278535036850760e-01	  -6.5557652095459343e-03	  -2.8311767042934761e-02	   2.9306876175287894e-01	   1.2078076988926695e-01	   1.5401534107070382e-02	  -8.5878855406855970e-02	
   3.8862225932271088e-01	   2.2991879997470438e-01	   3.9833897700441445e-01	   5.9121752378497416e-01	   4.4913834572199896e-01	   7.3728687360296019e-01	   5.7686610494212054e-01	   7.1389780387952873e-01	   5.6461171207442973e-01	   0.0000000000000000e+00	   3.8304243690511464e-01	   3.0938081171614318e-01	   5.1556050644846718e-01	   3.9391576086990909e-01	   3.6817332267096492e-01	   3.8644110644438479e-01	   1.0190662109113709e-01	  -1.2655566729789008e-01	   3.9865276643585645e-01	   4.6693179340141377e-01	   1.3216218414269706e-01	   2.7509250529689661e-01	   3.4201349586636903e-01	   2.7976072083230036e-01	   2.6236790308759017e-01	   3.4048288447414377e-01	   2.5081996086225755e-01	   5.2345720093262349e-01	   1.0182801466093301e-01	  -5.7433476591559604e-02	   8.5081561969746172e-02	   7.9098515145788251e-02	   3.4505685195435143e-01	   4.4580140875928509e-01	   2.0172584434384067e-01	   2.4912118590311289e-01	   3.8908257300768093e-02	   1.3886442459745960e-01	   9.0875625830054041e-02	  -9.1113935025317588e-02	   5.0428624740616469e-02	   3.5650804753617579e-02	   1.9706913835409556e-01	   2.3093743895480695e-01	   2.2825648705920490e-01	   2.5621282200940065e-01	   1.8061091805159130e-01	   2.3996741667613330e-01	   4.3537183411153535e-01	   2.8952033772124119e-01	   3.5343054313033562e-01	   3.7382296900719636e-01	   3.8089104330421608e-01	   2.2694722609890999e-01	   3.3247151028600530e-01	   2.6693436404746884e-01	   2.2640085310278060e-01	   9.1470100101862253e-02	   4.4508533285751012e-01	   4.8192221366776450e-01	   5.4168194763899058e-01	   6.6209801642714827e-01	   2.1761628950620450e-04	   1.5776810564774388e-01	   2.4341334742916082e-01	   3.4079829556115870e-01	   4.3213044972973502e-01	   3.9305267063238025e-01	   5.4362156898148739e-01	   1.7432719586075343e-01	   2.4351101537967088e-01	  -3.3972573159258307e-02	   3.0762999795654555e-01	   9.2686614874396084e-02	   2.7986160039285224e-01	   2.1214211028799079e-01	   2.1184910473557009e-01	   1.3917694382942139e-01	   6.7298563684573404e-03	  -7.7223424862321727e-02	   6.4178245020437397e-02	  -1.3472752441756455e-02	   2.4453274577181483e-01	  -4.5363646479069139e-02	   7.0892074677670558e-02	   9.2784199154087033e-03	   2.1204710678004923e-01	   3.6609896326372460e-02	   4.5693188438504828e-01	   4.2920593676736490e-01	   4.6083304996503799e-01	   4.7956422274859212e-01	   3.3178472943792942e-01	   4.9242302255971471e-01	   1.2280703005099153e-01	   2.8689225661239770e-02	   2.2935146572161177e-01	   2.0525382776623294e-01	   2.1198667494055037e-01	   2.7045278092625380e-01	   5.0526447190288648e-01	   5.6565253658056369e-01	   3.3740651029214402e-01	   4.3513929076786828e-01	   2.7559675349908402e-01	   2.1337599104715343e-02	   3.4332701956861394e-01	   2.8308147058653499e-01	   5.6379843554379430e-02	  -2.4149663970017228e-02	   3.2789724917188201e-01	   2.7454768725159523e-01	   3.1699326771115338e-01	   1.4299192436190533e-01	   2.0240224750933744e-01	   8.5975892123878184e-02	
   6.8265513718505921e-01	   5.0618556270864934e-01	   1.9639414399597679e-01	   1.4580913221213021e-01	   2.7641508853325480e-01	   2.6367263722518031e-01	   5.5574535235357292e-01	   3.7845132960309558e-01	   3.6098549841440580e-01	   3.8304243690511464e-01	   0.0000000000000000e+00	   6.6028286091229949e-01	   7.6297875506277857e-01	   5.5457852397947494e-01	   5.2955777529625836e-01	   6.1661092154479857e-01	   6.1339785138999914e-01	   4.8410744305833220e-01	   5.6405995652502816e-01	   3.1369876783874229e-01	   1.4185120371291077e-01	   2.0490001271602953e-01	   2.2229769863701904e-01	   2.0033113622277376e-01	  -1.0646920778072408e-01	  -5.9814323418825296e-02	   9.3951318556367874e-02	   2.7244705306226474e-01	   7.4540707798098349e-01	   5.9245742883268504e-01	   2.4523236855070502e-01	   2.8264858082644229e-01	   5.3779031311706083e-01	   5.0059411283160005e-01	  -2.6785503162287849e-01	  -3.6059996565339641e-01	   2.2358981954863111e-01	   4.3734289418482042e-01	   2.7820621861151629e-01	   1.3605671055118321e-01	   2.1694602230758656e-01	   1.3078188455317066e-01	   3.6460901383422638e-02	   9.4786936518828344e-02	  -2.5626259029354802e-02	   7.0856603771715645e-03	   1.8707339335839374e-01	   1.6518585489633708e-01	   1.2864235432818211e-01	   1.0234387414988297e-01	   1.6446349794101534e-01	   2.2884764730555932e-01	   3.6550769343142175e-01	   1.8402294538205544e-01	   3.6217557628402719e-01	   1.4660400773929999e-01	   4.8438645170380495e-01	   4.2610911578406135e-01	   4.0967998763080954e-01	   5.1899775846913285e-02	   5.9524753367534178e-01	   4.4885121766987734e-01	   5.9007573930110913e-01	   6.0144570076078274e-01	   1.0574260409202024e-01	  -5.5965670416538771e-02	  -5.2965018111661016e-02	  -1.4669127776018656e-01	   3.6315457584980654e-01	   1.3048447662577611e-01	   5.8430094777263830e-01	   2.9956638052236545e-01	   5.8755906185391982e-01	   4.4611942815916972e-01	   4.5944344066021636e-01	   4.5096830038713182e-01	   5.3067480072727902e-01	   3.2012776384645636e-01	   5.6088541358829080e-01	   5.6496028724992775e-01	   5.9732752496213637e-01	   5.6849471562926701e-01	   4.4827430528705525e-01	   4.4126895342971983e-01	   4.1027035249794663e-01	   3.5038826479998719e-01	   1.5434576841906467e-01	   1.7948598395137150e-01	   2.9991011708122206e-01	   3.2785352098717724e-01	   1.7907042813800800e-01	   2.9163456169883040e-01	   1.4834487722160974e-01	   2.5645734097846667e-01	   1.1737014064269781e-01	   1.8067422066193300e-01	   3.9929971381664442e-01	   3.5868833583398108e-01	   4.0233454791307854e-01	   4.5403280970231308e-01	   2.6075306742859111e-01	   4.4787148250398373e-01	   3.3941437815167230e-01	   5.4179774890933774e-01	   3.7453602943166409e-01	   1.6581913626356187e-01	   6.0510374587026933e-02	   1.8823300004220812e-02	   1.0886260971187048e-01	   2.5748498623796851e-01	   8.0471408256673121e-02	   4.3197047372500241e-01	   4.6134958675496479e-01	   4.1851353784411977e-01	   4.7395206804643830e-01	   3.3647802500968199e-01	
   6.4271043843453612e-01	   6.1874205121771553e-01	   1.1129875855662508e-01	   1.5976007211473076e-01	   3.7629942546752271e-01	   3.8639080946831661e-02	   2.6549826630930151e-01	   4.3203424374968424e-01	   3.7192868741081986e-01	   3.0938081171614318e-01	   6.6028286091229949e-01	   0.0000000000000000e+00	   5.1488127093382219e-01	   7.2840080404289065e-01	   3.7014242378013773e-01	   6.6886431561029203e-01	   4.8850991836997654e-01	   3.5860535531155735e-01	   5.0743247142519976e-01	   3.8644979985102335e-01	   1.3168769355004450e-01	   2.2869916458846221e-01	   1.5416068469033734e-01	   2.3960961296167965e-01	  -7.8728824069752706e-02	   1.7541196814698498e-02	   8.3651297693367849e-02	   2.2990912550602466e-01	   5.8439165570926788e-01	   5.7249866730612387e-01	   3.2090466762119052e-01	   3.7913259063678995e-01	   4.3320457761686848e-01	   4.5072664115363398e-01	  -1.9130464911818879e-01	  -2.2511499512032140e-01	   1.3055317090336572e-02	   4.3698993764240246e-01	   2.8942451199517599e-01	   9.0869112360457360e-02	   7.7354826728874865e-02	  -1.4651349170012354e-02	   4.6671691856721750e-02	   1.1340292297844573e-01	   4.1777302517706214e-02	   9.0456760452267443e-02	   2.9961177093056190e-01	   2.6627395525464259e-01	   2.9133900993024175e-01	   3.1785690995603366e-01	   3.7114046149463831e-01	   4.3574673107544037e-01	   4.9599030868539451e-01	   3.8629438382928283e-01	   5.1239745954154048e-01	   4.2448867619943154e-01	   5.0938290942527931e-01	   4.2817853016519392e-01	   3.3437872286082676e-01	   1.4005018419159901e-01	   4.3972217901380384e-01	   4.0434978949672618e-01	   4.1464443774155002e-01	   5.1717829820245687e-01	  -5.2192438266863164e-02	  -4.6632965474670857e-02	  -1.6886844854912395e-01	  -1.1849897814766089e-01	   3.5469278454980280e-01	   1.9249295961383661e-01	   3.4013902949047448e-01	   1.8148136221853173e-01	   5.7708101660963107e-01	   5.9966532133046169e-01	   5.1788361500655755e-01	   6.6533359783364199e-01	   4.3321252160390555e-01	   3.4028249922340414e-01	   4.2105173646243288e-01	   2.1965064506899290e-01	   4.1180814453134684e-01	   4.5496186282451823e-01	   2.7499620907118422e-01	   4.1299145119664027e-01	   3.0228434216357569e-01	   3.2587549570045560e-01	   1.1727229423685773e-01	   8.4397245009980984e-02	   1.4281913719973702e-01	   4.0121274370226101e-01	   3.5968368854468702e-01	   1.2211564020630039e-01	   1.9311330760220630e-01	   2.7376452935343094e-02	   2.1344589844997784e-02	   9.0775688096689428e-02	   3.9060515560454945e-01	   3.8026640481339069e-01	   5.9372344545016853e-01	   5.0590008359464644e-01	   4.9473550830128105e-01	   1.2759482454948012e-01	   4.2331848368218572e-01	   2.3234149345063432e-01	   2.1854647454927800e-01	   1.8761676766804188e-02	  -1.6662708051145187e-02	   5.8547715729493632e-02	   4.7109059221696392e-02	  -1.6006441110459971e-02	   1.0787224246231092e-01	   3.5226283949403969e-01	   4.6869956338618179e-01	   3.8910627145004129e-01	   4.4839217559338140e-01	   2.3985713898567568e-01	
   5.8605240789699875e-01	   4.6805239236064922e-01	   4.4648420088835566e-01	   3.6026405838994063e-01	   4.2482843442815371e-01	   3.6396637079953631e-01	   6.3394261879705505e-01	   4.3525858109427051e-01	   4.1116598242538982e-01	   5.1556050644846718e-01	   7.6297875506277857e-01	   5.1488127093382219e-01	   0.0000000000000000e+00	   6.5765924395583453e-01	   7.3875347755882748e-01	   7.3258937505325139e-01	   4.4327693975608917e-01	   1.7104825400409918e-01	   5.4601652591091276e-01	   3.9184155650775487e-01	   1.9078552135592403e-01	   3.0081540682277574e-01	   5.0403015414658425e-01	   3.4354764316198549e-01	   2.2503472264332947e-01	   2.4190946580798198e-01	   3.1143106406099585e-01	   3.1071680433942062e-01	   5.6735895304497208e-01	   4.1046825935020392e-01	   4.3712590687727454e-01	   4.0005257841143843e-01	   5.6764474010126742e-01	   5.9323906975833385e-01	   1.1738910347528106e-01	   3.2049048970160775e-02	   2.6581230238251613e-01	   4.7064973590059056e-01	   3.4868682771352533e-01	   1.2124430386786800e-01	   2.2833806707064219e-01	   2.5811882838344447e-01	   1.4973123101442459e-01	   1.8709743182379029e-01	   9.8800252853938841e-02	   9.6298620656763659e-02	   2.2145872409516801e-01	   2.7152690599185941e-01	   2.9762845854719017e-01	   2.0970484326831568e-01	   4.4242001561724981e-01	   3.4500563799032502e-01	   5.5926791734301584e-01	   3.8996396607764222e-01	   5.0956633147354669e-01	   2.9142485651111261e-01	   3.2981121675950564e-01	   2.9852351142570199e-01	   4.1065109184216136e-01	   1.7708458316327863e-01	   5.5603488706264770e-01	   5.1056454818352470e-01	   3.4260530537500267e-01	   4.4122283057881256e-01	   3.8439642838228949e-01	   2.3862802728154298e-01	   2.2914398827907892e-01	   1.6548951437914255e-01	   6.0160469550806184e-01	   6.8325596629466606e-02	   4.5054622625908763e-01	   3.1954730441755508e-01	   5.8634323734372273e-01	   4.4945242558771936e-01	   5.4005251912197616e-01	   4.4583726320205774e-01	   5.6945072268569386e-01	   4.1205856396841795e-01	   3.7550137375199177e-01	   3.4114697158113982e-01	   5.1438773471201160e-01	   4.4661285490805197e-01	   5.4499629547961215e-01	   4.0793197792246200e-01	   5.6456777548971038e-01	   3.7814096896980404e-01	   2.7515356003555325e-01	   1.6594329713818168e-01	   5.6966135759557379e-01	   4.4516637137445947e-01	   4.0202518746815774e-01	   4.2595563198997521e-01	   3.4817007010500656e-01	   4.7496686408909938e-01	   3.1908407209151785e-01	   3.0695059739858011e-01	   4.9124332085979122e-01	   5.1299068166686568e-01	   3.7726320430677801e-01	   4.9973000784680588e-01	   2.9596594191269060e-01	   5.2460316416991160e-01	   3.5114918793834782e-01	   5.0208015208689050e-01	   4.5358130546989034e-01	   2.7192942279798016e-01	   7.7130213587958005e-02	   3.0240880847203988e-01	   1.1844977126985870e-01	   2.0017406672831989e-01	   2.9342733715581704e-01	   4.6288518263231915e-01	   4.1374957772405457e-01	   4.1269583351054040e-01	   4.4562751766921516e-01	   1.9520621258583024e-01	
