   0.0000000000000000e+00	   5.9256103940206128e-01	   6.8608197096801593e-01	   5.5215550768723765e-01	   3.5794201477570653e-01	   4.0784043233128248e-01	   5.7901509623608993e-01	   5.3330849206828712e-01	   1.8475375290878362e-01	   4.8024535113405187e-01	   6.1110894542193561e-01	   6.5102123977803183e-01	   6.2316101550104563e-01	   6.4175771047908836e-01	   6.6673712426892462e-01	   6.3663851746952838e-01	   5.1242539922437447e-01	   2.7106583731638068e-01	   8.1225373185327387e-01	   5.9229092016940177e-01	   1.0977404556681750e-01	   1.0104082958422705e-01	   5.4220319662351302e-01	   4.8285387384444745e-01	   2.1497732539406728e-01	   2.4800040230966902e-01	   4.6729903400004646e-01	   4.3625937003473780e-01	   3.9017511565388130e-01	   3.6463258392814946e-01	   1.3313699098957435e-01	   2.0392563192356183e-01	   4.6212170282065101e-01	   3.7848462173866915e-01	   2.1505594235103256e-01	   3.0090035479925381e-01	   2.5878438953338762e-01	   3.2581905319721244e-01	   3.7918908160535281e-01	   3.3692708367595131e-01	   4.2272536614303913e-01	   1.1616092625016032e-02	   2.6588297593356913e-01	   3.5105181877265368e-01	   2.4086444469420742e-01	   2.7328555120475340e-01	   4.7311590733145892e-01	   4.7535112645316441e-01	   2.6473242499679778e-01	   3.7600188458712325e-01	   5.8584727465247510e-01	   5.3948858140907985e-01	   6.4863968580020348e-01	   5.0858458533238093e-01	   6.0942679211237882e-01	   5.7807611942534609e-01	   6.0243815793235345e-01	   2.7250426404483946e-01	   5.1706221432721877e-01	   4.6950155514502212e-01	   4.5287897277676514e-01	   4.6524000507210078e-01	   4.4767301184558000e-01	   4.9300942775737638e-01	   1.8417983201876956e-01	   2.7166180475200646e-01	   3.9920594480921734e-01	   3.6607951514805270e-01	   6.2901624831877090e-01	   5.6257217928464343e-01	   2.3374831751456474e-01	   3.2301771207597796e-01	   4.3249551766295308e-01	   4.2298765054367005e-01	   4.8561697519760327e-01	   2.6580654700799000e-01	   4.4150354272351672e-01	   4.2270950040295585e-01	   2.5726684174621273e-01	   1.9929137531699720e-01	   4.3180710658471055e-01	   5.3228499779080130e-01	   6.5550756403204957e-01	   5.1365490066663910e-01	   5.9716186803095317e-01	   5.4932481551966528e-01	   5.4731921293998576e-01	   2.2003918835254960e-01	   5.5329738714508769e-01	   5.0356762280595513e-01	   4.8701825627058726e-01	   5.0682337215002660e-01	   4.3489464138758571e-01	   4.3595056540551047e-01	  -1.0121401889141660e-01	   1.9991474103809287e-01	   4.8847670414079170e-01	   5.2651205135910129e-01	   5.5961844010869743e-01	   6.3253906725876297e-01	   4.9152039505591588e-01	   3.7036479914489062e-01	   4.4493380806592192e-01	   5.0805394030013407e-01	   3.9575823409272048e-01	   1.7906367057652006e-01	   1.6680380628472979e-01	   2.0195502800362738e-01	  -1.4613784390974843e-01	   3.9483234088825081e-01	   4.6347183057625074e-01	   4.3853123281705614e-01	   4.1792079298032436e-01	   3.5971811223201083e-01	   4.0533350877046870e-01	   7.4271625522013524e-02	
   5.9256103940206128e-01	   0.0000000000000000e+00	   4.5886769002908795e-01	   5.9174694612711420e-01	   3.6757994035817626e-01	   5.3165057835464269e-01	   2.9192547509012395e-01	   6.0313599784243432e-01	   2.2090364764152309e-01	   4.1933989309182118e-01	   2.0998489103809348e-01	   4.6877252096844108e-01	   3.7158074254829743e-01	   4.7071733263440718e-01	   5.2065016805843500e-01	   6.0245679608595182e-01	   4.4332626892955063e-01	   5.0226315613715988e-01	   6.2075835852984018e-01	   5.9054891201730253e-01	   3.5151186822415931e-01	   5.0577492243911037e-01	   3.9902204284819204e-01	   5.1993784999743298e-01	   3.8255654919606102e-01	   4.7800432484350674e-01	   4.8297010987928818e-01	   5.2770209904512677e-01	   3.1621789915192028e-01	   5.3016712949251388e-01	   3.0066064766916301e-01	   3.5166400515912788e-01	   6.1100944613242580e-01	   5.9677553280359685e-01	   4.7343703970103301e-01	   5.2778334679015071e-01	   4.3961459136141995e-01	   3.8544052561357867e-01	   4.6405572628898017e-01	   4.3961434543826816e-01	   4.4307464462697699e-01	   7.0066324821892983e-02	   3.2461321158076650e-01	   4.4551106969308163e-01	   3.6522126131698751e-01	   3.2955357566567312e-01	   5.3437080176920038e-01	   4.8911538757533790e-01	   2.6852304829408191e-01	   2.6234142427214846e-01	   5.2365659793102082e-01	   4.2368006451881246e-01	   5.9871680732800947e-01	   3.2493348051294174e-01	   6.3834344347636396e-01	   5.1237427663292534e-01	   7.0652334335849354e-01	   6.5194141485740331e-01	   3.5651860363271326e-01	   3.8887531049959018e-01	   4.6490261523941967e-01	   4.1171294914844664e-01	   3.6043975210794033e-01	   4.5356382022923569e-01	   4.3219163216011258e-01	   4.9564380345515369e-01	   4.8851401615121137e-01	   5.5065972473476987e-01	   6.1424198429460253e-01	   5.5159258464612237e-01	   1.6850568230683052e-01	   3.5383210361980588e-01	   4.8862806164111711e-01	   5.2885966794853945e-01	   3.9367715297916928e-01	   4.6143415116995207e-01	   5.2081986672973779e-01	   5.4327485046820012e-01	   4.0625495381894594e-01	   5.2376144020923698e-01	   4.4475280923881988e-01	   6.5512028846254511e-01	   5.9973019564633034e-01	   6.5174282256341876e-01	   5.4364479898440998e-01	   5.5425057805169997e-01	   6.1141106806874201e-01	   5.4348028384079372e-01	   4.8826995864590883e-01	   3.7883527022367763e-01	   5.0941516249363672e-01	   2.5215548430669682e-01	   5.7092248275819912e-01	   3.6937739385215496e-01	  -1.5234200009957266e-01	   1.0358672939533348e-01	   6.7607513095265559e-01	   6.9853855027808842e-01	   6.2112202768833336e-01	   4.6890415675175040e-01	   5.2092841538303292e-01	   3.1058201291488619e-01	   6.2771976600386448e-01	   4.2061740939764980e-01	   4.7240572882205584e-01	   3.2592639873540580e-01	   1.7962730752635275e-01	   2.9485063494216257e-01	  -1.9477382210620572e-01	   4.1679252104049441e-01	   6.8694182386346148e-01	   4.9477006577374982e-01	   4.5297092953610146e-01	   5.7387501364977811e-01	   4.6544289766782759e-01	   1.1682715285054299e-01	
   6.8608197096801593e-01	   4.5886769002908795e-01	   0.0000000000000000e+00	   7.7827624407952301e-01	   4.9097237929111237e-01	   5.6191334192790054e-01	   6.9374208932560988e-01	   5.7940972793481960e-01	   3.0635512562432204e-01	   4.5527452604352170e-01	   3.3298471604321750e-01	   2.8920888598178091e-01	   4.6514424774891239e-01	   4.0738179985679746e-01	   4.3636992487183224e-01	   5.9867250772078473e-01	  -6.9128070942867130e-03	  -8.7128237918445067e-02	   6.6827643831465811e-01	   5.8931945827725518e-01	   1.1208389678552896e-01	   1.3632568591590172e-01	   7.0993367555179276e-01	   6.9681856902724570e-01	   4.0670268309143542e-01	   3.8350470761230016e-01	   4.8798369378528200e-01	   4.4234019788760220e-01	  -1.7249228156012878e-02	   6.5913236009611104e-02	   2.5215933056370471e-01	   2.8680734587093459e-01	   4.7101943078597275e-01	   4.4077220838119158e-01	   3.9913861158048225e-01	   4.3493368806682264e-01	   3.8583803080282020e-01	   3.0654455432695760e-01	   3.8225387666183813e-01	   3.2216965546780546e-01	   1.5359795319416167e-01	   5.5523812829080088e-02	   3.0931730519866946e-01	   3.2387851922829791e-01	   3.6984108051635056e-01	   3.9946604999955482e-01	   4.3147548302100491e-01	   4.5187562764653699e-01	   4.1015293118378743e-01	   5.1655866308812204e-01	   6.1008323930305186e-01	   6.4495721081485824e-01	   5.8476847280943511e-01	   5.8653763991861596e-01	   6.7035297299341468e-01	   7.0385508428542587e-01	   3.4781422086606151e-01	   5.9019762595907188e-02	   4.5397115521676346e-01	   4.4493686315429248e-01	   2.4787949240365315e-01	   2.7305964436504904e-01	  -8.7814500581220256e-02	   2.3731311874214532e-02	   4.5160046572814572e-01	   4.9757882005399834e-01	   5.5430094249403106e-01	   5.1879978374141800e-01	   4.8090946430199266e-01	   4.7162659771595339e-01	   3.6922502154030712e-01	   4.1369482933486057e-01	   8.1732489624650184e-02	   8.4679850540755441e-02	   1.4520065697225040e-01	   5.4716184432506088e-02	   4.3869594449200472e-01	   3.4724938058915567e-01	  -4.3631473071156772e-02	   1.4290921702854089e-02	   5.3825007335670805e-02	   2.4885066981973780e-01	   3.7350860812384745e-01	   3.8298425365669952e-01	   6.2051126149174374e-01	   6.2640025998995585e-01	   5.4032611948320719e-01	   5.1337076808069804e-01	   7.2684750246873708e-01	   7.4129945271608433e-01	   5.4143519148357933e-01	   6.3986558789798442e-01	   4.5840329208324926e-01	   6.6711955333227302e-01	  -4.7716443448197421e-02	   6.9203718637924544e-02	   4.5116212682011814e-01	   5.5925712000775396e-01	   6.5337157120475187e-01	   6.7544337340479921e-01	   4.1983079715853955e-01	   4.9504543831586745e-01	   4.0684487093610305e-01	   6.4261006402123055e-01	   4.6155136145576986e-01	   3.9226052679042794e-01	   4.4423723001186577e-02	   3.5795968588351995e-01	  -7.1638413983117349e-02	   1.5339351589130767e-01	   4.0091883766545594e-01	   4.9511519209707222e-01	   4.4966978794328022e-01	   4.2417704871759798e-01	   4.9408792540157637e-01	   1.3542682219974756e-02	
   5.5215550768723765e-01	   5.9174694612711420e-01	   7.7827624407952301e-01	   0.0000000000000000e+00	   4.9852963074753442e-01	   6.4013497195835090e-01	   5.8843871310129037e-01	   7.6564839945900709e-01	   2.6593255597095400e-01	   4.5616580085765357e-01	   2.0044080835164127e-01	   2.9584312543026725e-01	   3.3236312339245394e-01	   3.8460671457046036e-01	   4.2945748598373579e-01	   7.1620497785965553e-01	   1.4427384575758961e-01	   3.5197008753231798e-02	   6.9144111294811306e-01	   7.4665912252215305e-01	   2.1990898943552450e-01	   2.5556047792868697e-01	   7.4790039134934538e-01	   9.0765540170052639e-01	   5.0424526537855652e-01	   6.2504535414303730e-01	   5.6502320134997297e-01	   5.3890892047985006e-01	   6.1222163052135264e-02	   1.9315803266613252e-01	   4.2061956327721423e-01	   5.6323653454466938e-01	   5.5775810296016870e-01	   6.0203322091885580e-01	   4.7712858094040883e-01	   5.2199729786176763e-01	   3.8324330958450348e-01	   2.6681550507639862e-01	   4.8315364537390115e-01	   3.4087947949076103e-01	   3.8177264609353267e-01	   1.0220231062800555e-01	   3.2725259955411179e-01	   3.5455985186800831e-01	   4.2790392912490716e-01	   4.5897951707560941e-01	   4.1414791839370974e-01	   4.5044777251172324e-01	   3.5280248446568963e-01	   4.8123793802690734e-01	   5.5993577800844940e-01	   5.8161473165392130e-01	   5.3750847095263499e-01	   4.8777154200847206e-01	   6.9360259171423988e-01	   6.6385036770766415e-01	   4.4974990651923097e-01	   2.3200056254106488e-01	   4.0657043405937265e-01	   4.8785043256409499e-01	   2.0698415698234907e-01	   3.0554068541753221e-01	  -2.3386503843888094e-02	   9.3788795446988968e-02	   4.1185044534528747e-01	   5.8599095647438570e-01	   5.9203000040645726e-01	   5.9502069596291551e-01	   6.0593003228851527e-01	   5.3735704156110409e-01	   4.2212130506218659e-01	   5.1641262042535274e-01	   3.0020064148449910e-01	   2.9788623541841047e-01	   2.2702712062459379e-01	   3.3971010323183509e-01	   6.6381606053683928e-01	   5.5630348505520255e-01	   1.5723442888266687e-01	   1.5563489991819679e-01	   1.6924026311961510e-01	   3.2107740898218062e-01	   4.3756073780793830e-01	   4.5682476360919783e-01	   5.9295695201778231e-01	   6.9636814444739470e-01	   5.9009851128957469e-01	   6.3071433925023856e-01	   7.8625005532299364e-01	   7.3163411980291626e-01	   6.9935690652352578e-01	   4.5978856931209006e-01	   6.4485834211010495e-01	   6.1012322299799926e-01	  -4.6905208004064176e-02	  -7.2052584465314550e-03	   4.5802987226007530e-01	   6.3835443987236706e-01	   6.9551413811331630e-01	   5.4591835744656114e-01	   4.7940281797737822e-01	   3.9166829687161214e-01	   5.2646390717896818e-01	   5.3029823026892009e-01	   4.5510404153782763e-01	   3.1701878362375085e-01	   5.2857452001161501e-02	   3.9169875885156225e-01	  -2.0581875432569530e-01	   1.1697684481077791e-01	   4.8499723099771241e-01	   3.8692281166978315e-01	   2.9303213950347790e-01	   4.5859055159780893e-01	   4.8164858326457499e-01	  -7.4403529091748480e-02	
   3.5794201477570653e-01	   3.6757994035817626e-01	   4.9097237929111237e-01	   4.9852963074753442e-01	   0.0000000000000000e+00	   7.4921854740964822e-01	   6.7635519877579764e-01	   5.5113541935925559e-01	   6.1148390730720914e-01	   6.7121382405176444e-01	   3.3911428234822427e-01	   2.6374151589640960e-01	   5.3794849309593162e-01	   4.2471630917936820e-01	   4.5105769450128302e-01	   4.6204979762157072e-01	   8.4005498437847402e-03	  -3.9696371306168401e-03	   5.0406099154904049e-01	   5.4597450122228963e-01	   1.0504339774540841e-01	   1.7689232503715896e-01	   6.4942486740751815e-01	   5.0628317460904115e-01	   3.5483710591291395e-01	   3.1394136488657570e-01	   3.8154038227858422e-01	   4.2257415719420166e-01	   1.1405726332728378e-01	   1.8691128009430200e-01	   2.2159367430444674e-01	   2.3289270959255398e-01	   4.3353837266661482e-01	   4.2029351978617341e-01	   5.6995815143990947e-01	   5.0680868479328522e-01	   2.5863596802018229e-01	   3.5802005967642253e-01	   2.2960983941116911e-01	   1.1231857856578829e-01	   3.1140838603611143e-01	   2.6323813302922516e-01	   3.6268318056467752e-01	   3.8660677878582089e-01	   5.7350295496996362e-01	   4.8590703444489103e-01	   3.5146954955382204e-01	   4.2845633574980380e-01	   4.4797778009042749e-01	   3.8600524852684193e-01	   4.6533102900191198e-01	   3.6837888925311663e-01	   3.3265983564235502e-01	   4.6792600681710272e-01	   4.7056103642181057e-01	   3.9990370856566099e-01	   1.0854576720120429e-01	   7.5878919318938587e-02	   3.4164012221469708e-01	   3.7433619332523071e-01	   5.7520858060353841e-01	   4.2333335979711872e-01	  -8.7188056941803579e-02	  -8.0253446398403497e-02	   6.0430186522631824e-01	   6.2030258881653455e-01	   6.5361673311095347e-01	   5.1360608891398740e-01	   3.6366884792067722e-01	   4.6639870293069752e-01	   2.2238643012381581e-01	   3.4704244352860114e-01	   2.3986219810814124e-01	   2.4529814721601523e-01	   1.7553552347508089e-01	   2.7366452783800022e-01	   3.5234765308464766e-01	   3.8565095427764123e-01	  -1.6000732229313744e-01	   3.6741881022080772e-02	  -1.5351398624266698e-02	   1.7424150613089007e-01	   3.9685397020471647e-01	   3.7060769459731557e-01	   5.1680187146433509e-01	   3.9445520235248444e-01	   5.4563865202824735e-01	   3.7728354942921916e-01	   5.0513435478453539e-01	   5.9174651914751197e-01	   4.6943292738839509e-01	   4.7328250503164082e-01	   3.6702607372360252e-01	   4.8752512978722412e-01	  -1.8405544900800239e-01	  -8.3050857698694872e-02	   2.7492652910314630e-01	   4.0165630449922990e-01	   5.5855388307467368e-01	   5.3920076015948726e-01	   2.6674103144764549e-01	   2.5820442796310328e-01	   3.3273166351747141e-01	   3.0977200821859230e-01	   1.3675165608160514e-01	   1.9653385739110404e-02	  -2.1104668896393269e-01	   4.2697809212957127e-01	  -1.1112257000927650e-01	   1.2923893739470160e-01	   3.4569820502241644e-01	   4.5613490511539256e-01	   3.6858065904525683e-01	   4.4899367227004283e-01	   3.6464474662200475e-01	  -2.2523214303384359e-01	
   4.0784043233128248e-01	   5.3165057835464269e-01	   5.6191334192790054e-01	   6.4013497195835090e-01	   7.4921854740964822e-01	   0.0000000000000000e+00	   5.4739872347304164e-01	   6.1275617900550261e-01	   5.6282808090404868e-01	   7.9205054533030128e-01	   2.6659262010451135e-01	   2.6200918631066383e-01	   4.3014468350144264e-01	   4.2378945281590852e-01	   4.5450018148975918e-01	   6.3416787272540920e-01	   1.2505225054361385e-01	   1.3068837066950384e-01	   6.1820841567828411e-01	   7.0263207830642838e-01	   1.9406368976399663e-01	   2.7050632602981656e-01	   6.1093322030214070e-01	   5.6733992959599999e-01	   3.7358135891062128e-01	   4.9151150040762648e-01	   5.5281373004816647e-01	   6.2848812716534463e-01	   1.4914853775306192e-01	   3.2672584754636524e-01	   2.4372871702362536e-01	   3.1554564312321604e-01	   4.9184932616948096e-01	   5.6379758968190075e-01	   6.5492631540746116e-01	   6.4563939937666182e-01	   5.6987601053384929e-01	   5.5100582373300599e-01	   3.9115536762887132e-01	   3.1865909920360969e-01	   3.1667429001961767e-01	   2.2840550188381287e-01	   3.7805909461425252e-01	   4.2718247075981952e-01	   4.6903224491965634e-01	   3.5703259574661772e-01	   4.2473949248049447e-01	   4.4673322626425171e-01	   2.7312996868231748e-01	   2.8147354639925032e-01	   5.0657963409140438e-01	   3.0693628668037198e-01	   5.1708741006704650e-01	   4.3693327622353340e-01	   5.8038195136741888e-01	   4.2675373102206471e-01	   3.3553945945568786e-01	   2.5175265059169727e-01	   2.6642526763860902e-01	   2.3168661245409794e-01	   4.6449676886835667e-01	   3.7697792767498162e-01	  -4.3056862012674682e-02	   4.8808535475644711e-02	   6.2138979838761832e-01	   6.8200805360387684e-01	   6.0620448740959065e-01	   5.3271945324440817e-01	   5.1289425175014913e-01	   5.1646957941659921e-01	   3.1035641516691248e-01	   4.1073661012300011e-01	   3.8674143869184585e-01	   3.6919325091142002e-01	   3.4566373448395932e-01	   3.9928224804368362e-01	   5.8719085903859169e-01	   5.1440774450999149e-01	   7.5202226391081220e-02	   1.9497471774678860e-01	   1.7850409826967678e-01	   3.2734232977374433e-01	   4.7819387736546948e-01	   5.5659408171071911e-01	   6.8383287939032411e-01	   4.9896365409598298e-01	   6.1721150822465920e-01	   5.0181236910066573e-01	   6.6694391757515659e-01	   5.8794264968592314e-01	   5.4065372614191864e-01	   4.1660312686784040e-01	   5.0562383721340109e-01	   5.4783250990293675e-01	  -1.7885511780871910e-01	  -3.3339292570053955e-02	   4.3488272968185571e-01	   5.3091165055597744e-01	   5.7826447557260108e-01	   4.8556367820860846e-01	   4.1337722910876296e-01	   3.1913568977818441e-01	   4.8359337567517613e-01	   4.2243887016374515e-01	   2.9408618726818281e-01	   7.4585434060310332e-02	  -7.3693005134477935e-02	   1.9685598304394999e-01	  -1.9123504329600316e-01	   2.1814928331203792e-01	   5.4022386999514038e-01	   4.2787065231154520e-01	   4.5938926707327993e-01	   5.8856136249459956e-01	   4.8085467097851031e-01	  -1.7289682652478572e-01	
   5.7901509623608993e-01	   2.9192547509012395e-01	   6.9374208932560988e-01	   5.8843871310129037e-01	   6.7635519877579764e-01	   5.4739872347304164e-01	   0.0000000000000000e+00	   7.2134131160153747e-01	   4.4187058257003675e-01	   6.3612697377556615e-01	   4.5069955912868032e-01	   3.2251977014386918e-01	   5.6786866612233700e-01	   3.9733361685382018e-01	   3.6912738288277486e-01	   4.1612284576020692e-01	   2.6469056969911895e-02	  -8.3549813008004570e-02	   6.4229485997111035e-01	   5.8786289519665103e-01	  -1.5495525567066845e-01	  -1.1463070408469592e-01	   7.6280089784611238e-01	   5.2740971683731408e-01	   1.7340430903229720e-01	   1.3230829731484445e-01	   1.3835336058137421e-01	   1.6540322752778375e-01	   1.8300915342104335e-01	   1.0537748196621467e-01	   2.8676691498200935e-01	   3.6644297009723348e-01	   4.4517443751132846e-01	   4.1150082503749674e-01	   3.7058640850646102e-01	   3.6335217821741828e-01	   7.3873840342823030e-02	   1.1662689265292397e-01	   1.1763154575549367e-01	   8.3124028922541449e-02	   2.3415063538981262e-01	   1.0835837622644115e-01	   3.7959645583003243e-01	   4.1525766582645640e-01	   5.6542466954833226e-01	   5.8498824579833897e-01	   4.5333440852277751e-01	   5.0560979649378734e-01	   5.3727276530747892e-01	   5.1197192919109313e-01	   5.3891969962123221e-01	   4.9577986413261893e-01	   3.7146389017595904e-01	   4.2847461775580209e-01	   4.8583856143026399e-01	   5.1255792088722707e-01	   1.4101021316987233e-01	   1.4207272068366873e-02	   4.9601022481448809e-01	   5.0143862284421781e-01	   5.0984782471534140e-01	   5.2532923370492257e-01	  -5.6238094899845187e-02	   4.9556618175936720e-02	   3.2252289649036509e-01	   4.4641324906644531e-01	   6.1635786903526724e-01	   4.9524451188314195e-01	   3.8078128273086903e-01	   5.0829644212174652e-01	   2.4788340715604359e-01	   2.7494285049895317e-01	   2.0367300935274391e-01	   1.7377916933612619e-01	   2.4401382426909865e-01	   1.8117758583234631e-01	   4.4546422933869601e-01	   3.9818734645835352e-01	  -1.6296469705944949e-01	   2.0224770847048663e-02	  -4.0878721584324290e-02	   1.5053295042755599e-01	   4.2190389452422888e-01	   3.5324909902365775e-01	   3.7663844018387194e-01	   3.6353391086880493e-01	   4.1619916472021579e-01	   2.1202168103526037e-01	   5.1969707585368186e-01	   6.1543604415141218e-01	   5.7041302359445456e-01	   6.6182256066844269e-01	   3.3718795349450809e-01	   5.6436571054521933e-01	  -2.6679649482722323e-01	  -2.7922991236974930e-02	   2.0803558395740718e-01	   3.4855890544501289e-01	   5.5626374940091361e-01	   6.5829945462315242e-01	   3.6066566531804545e-01	   3.3049484771174414e-01	   3.2293182154558170e-01	   3.9618975458648720e-01	   2.3467502137912627e-01	   1.2644761317781433e-01	   9.2107854913569667e-02	   4.2965163008911300e-01	  -1.7124977384455592e-01	   3.4211077201749138e-02	   2.8849489297200076e-01	   4.8272685464865883e-01	   4.1920561266942952e-01	   2.4271543164420684e-01	   1.9401168233714106e-01	  -1.9258991006978893e-01	
   5.3330849206828712e-01	   6.0313599784243432e-01	   5.7940972793481960e-01	   7.6564839945900709e-01	   5.5113541935925559e-01	   6.1275617900550261e-01	   7.2134131160153747e-01	   0.0000000000000000e+00	   2.9301978950917329e-01	   6.3272487900092900e-01	   2.1450374786004364e-01	   3.8900770152282460e-01	   3.0841925944228066e-01	   3.4912928932987897e-01	   3.3204849002698683e-01	   5.2658850153851822e-01	   2.0032652000161394e-01	   1.1214305213117334e-01	   6.6097170092809010e-01	   6.9101732610101496e-01	  -1.9756273328980004e-02	   2.7231322143033081e-02	   6.1619993328484846e-01	   6.6195536060819649e-01	   2.3760086542427281e-01	   3.9708825477052478e-01	   2.3991609884992307e-01	   3.0302198206674841e-01	   1.8036223495150111e-01	   3.0017106000475879e-01	   3.2815956280596625e-01	   5.1026165986933114e-01	   5.7636732593900053e-01	   6.2917549987049148e-01	   4.1349021579465117e-01	   4.8480374104255053e-01	   1.5697724978233660e-01	   1.1453618873539312e-01	   2.6166050740976332e-01	   1.2898454935236819e-01	   3.2704188168000120e-01	   1.2470990616075111e-02	   3.2383984011155398e-01	   3.9505638476221622e-01	   4.5859396607523178e-01	   4.8863667617370143e-01	   4.3804940955613753e-01	   5.0096836836714020e-01	   3.3424278507659871e-01	   3.5931409951228321e-01	   4.8471574853140342e-01	   4.6033974583923254e-01	   3.6162191152084600e-01	   2.4197131600308269e-01	   5.3103143813183085e-01	   4.9337253981577112e-01	   3.9054539834010210e-01	   3.3119651049773907e-01	   5.2588463425594933e-01	   5.8890501523515693e-01	   4.9092236938052924e-01	   6.4411799579468587e-01	   1.2738004855011159e-01	   3.5124104493069375e-01	   2.9250532176839567e-01	   5.3156327367238521e-01	   6.6967642624245682e-01	   7.2106872861315097e-01	   5.8021519460498761e-01	   6.5407253339427840e-01	   2.1807124916671217e-01	   3.7974685837949584e-01	   3.5425197751685200e-01	   3.9640338783661244e-01	   3.1935073804892433e-01	   4.4451611242757405e-01	   6.0120313702745987e-01	   5.7171223814139249e-01	   1.3479530032695769e-01	   1.4963029066050593e-01	   1.0434538459369486e-01	   2.3462169459963136e-01	   4.7973015254798540e-01	   4.8912946234367050e-01	   4.2640901968584621e-01	   5.3273907539982135e-01	   4.9654881260077083e-01	   4.2290032155532814e-01	   6.1102422611192386e-01	   5.6703629128288147e-01	   7.4457663421506126e-01	   4.6952794293710515e-01	   5.4823722098904326e-01	   4.8460052681150378e-01	  -1.9398881878407709e-01	  -5.3904442558000583e-04	   3.3981361706004354e-01	   4.7140232427692386e-01	   5.7453986813832136e-01	   5.0016769446922527e-01	   5.8182270365395472e-01	   2.9862935693198767e-01	   5.8049033838354258e-01	   3.9904185680938808e-01	   3.8870665899444279e-01	   1.6378551810020259e-01	   1.2309454935553082e-01	   3.7163951315961347e-01	  -2.5807013005776580e-01	   1.7037606938525718e-01	   4.3883097899920331e-01	   4.4507856994244643e-01	   2.8915526635062777e-01	   4.2950599327343836e-01	   3.4448004285993594e-01	  -1.8837359560339637e-01	
   1.8475375290878362e-01	   2.2090364764152309e-01	   3.0635512562432204e-01	   2.6593255597095400e-01	   6.1148390730720914e-01	   5.6282808090404868e-01	   4.4187058257003675e-01	   2.9301978950917329e-01	   0.0000000000000000e+00	   5.7601035767358688e-01	   1.4627604620438803e-01	   1.3824946182827949e-01	   3.4043495009279151e-01	   2.6151787197918969e-01	   1.8180326386708523e-01	   2.5725751866767321e-01	  -9.1666645070295649e-02	  -8.1123656584951992e-02	   3.3974541248669426e-01	   3.8350619539887326e-01	  -1.2904602013850192e-01	   9.1427567974576199e-02	   3.2446525906204882e-01	   2.6451708473145952e-01	  -4.8362329574384771e-02	   1.2958274524119656e-01	   2.0285982760488658e-01	   3.1378419950039005e-01	  -9.5088183932058618e-02	  -5.9950227860566786e-02	  -9.4682749227450999e-02	  -5.7790483964845055e-02	   1.4335227185947391e-01	   1.3767913448820801e-01	   3.4478053833659428e-01	   2.6112460336752219e-01	   8.4179755899719211e-02	   2.6918430934468118e-01	  -1.2305966943008005e-01	  -2.1951192613224375e-02	   1.3813001636465980e-01	   1.6034436195588181e-01	   3.1132983894632299e-01	   4.4477128749904227e-01	   3.6854451518793618e-01	   2.7702471487410979e-01	   3.9457482828588530e-01	   4.1311706126554115e-01	   3.7996228748713812e-01	   3.4010916635172722e-01	   3.6623015685269306e-01	   3.2982525993419276e-01	   3.1591220330259606e-01	   4.6045331739338791e-01	   2.5963762757639486e-01	   2.4205389030395408e-01	   1.0804928785730303e-01	   9.5761272029271205e-02	   1.2279434957144825e-01	   1.2477107920537933e-01	   3.5281534051682750e-01	   2.2584869803501267e-01	  -1.7060034926089560e-01	  -1.6041075705042418e-01	   3.9780436376869244e-01	   4.1338919053827139e-01	   2.8665484461627477e-01	   2.0499184863942316e-01	   1.3771510933327810e-01	   2.3276424496736525e-01	  -1.1431834865253108e-01	   2.1151195233220600e-02	  -2.6493589378601561e-02	   7.9156351664309121e-02	   1.5604540582520615e-01	   1.2570134288588708e-01	   1.8568470633335671e-01	   1.0525490486996683e-01	  -2.3441970722641142e-01	   4.2305609284313574e-02	  -2.0877772451785853e-01	   4.8312782963763359e-02	   1.5711897168241459e-01	   1.2170816436629325e-01	   3.1571400106452341e-01	   3.4356498675378155e-01	   3.7563109170960640e-01	   3.2519446211087616e-01	   3.3337187354094650e-01	   4.1790538311839315e-01	   2.4451293186099640e-01	   3.2694422191565092e-01	   1.4750351920227123e-01	   2.5741545693341639e-01	  -1.6339777997938992e-01	  -1.6250075828674864e-02	   1.5847520601138837e-01	   2.2393180211392144e-01	   3.9706407482995965e-01	   4.3667859042200496e-01	   1.0397470558422256e-01	   8.5028213196552599e-02	   1.1468605975021895e-01	   1.7138207058450378e-01	   6.2973484369719196e-02	  -4.4974957069141626e-02	  -4.9407483389437651e-02	   2.4819329436813714e-01	  -1.1655754406957582e-03	   1.9193960601302112e-01	   2.6107965753455697e-01	   3.7143845128178343e-01	   3.8616846027163632e-01	   3.5683754833514536e-01	   1.4965883163666924e-01	  -6.1727203420701513e-03	
   4.8024535113405187e-01	   4.1933989309182118e-01	   4.5527452604352170e-01	   4.5616580085765357e-01	   6.7121382405176444e-01	   7.9205054533030128e-01	   6.3612697377556615e-01	   6.3272487900092900e-01	   5.7601035767358688e-01	   0.0000000000000000e+00	   2.9886774594216181e-01	   3.2926506138479339e-01	   4.2637961876939712e-01	   3.7287546429504015e-01	   3.6094587400112743e-01	   4.7543223235704396e-01	   2.3476496700552810e-01	   1.3457835223832171e-01	   5.4711571237492651e-01	   5.7842650915520455e-01	  -1.6182879526755872e-01	  -9.9461497704633819e-02	   3.8056783361983332e-01	   3.0973391308490605e-01	   4.5431349549825237e-02	   1.7007158023409302e-01	   3.0711795372367440e-01	   4.0685173046647527e-01	   1.5099011832146281e-01	   2.8070255034670333e-01	  -2.3329190117556672e-02	   9.5235152869236908e-02	   3.2910846261725535e-01	   3.6917864257390659e-01	   3.5277589171884371e-01	   3.7177652680923007e-01	   2.5391414889481956e-01	   3.7059844864693259e-01	   1.4295185009402128e-01	   8.2661077161696184e-02	   2.2921530960798858e-01	   1.0129149074039230e-01	   3.5220302112613056e-01	   4.0369985950323722e-01	   3.4885631805655021e-01	   2.4798088609884578e-01	   3.8522590525174172e-01	   4.5103090751528685e-01	   2.4039639851899347e-01	   2.5796983392304212e-01	   4.0824339243791907e-01	   2.3107516673059214e-01	   3.6162307928968501e-01	   2.9687231823413596e-01	   3.3083281370498874e-01	   2.8042800366619991e-01	   3.5508361557561990e-01	   3.0421766123948718e-01	   4.5370867421064653e-01	   4.1549886427280713e-01	   6.2206694491822412e-01	   6.0212087279578930e-01	   1.1078415833296830e-01	   1.7745350140545971e-01	   3.8319611410869198e-01	   4.9056856301317231e-01	   4.8632011579078449e-01	   4.0813748706094027e-01	   4.8424978135374019e-01	   5.4384777747721280e-01	   7.7837226601647852e-02	   2.0217584543285319e-01	   3.0878256042704239e-01	   3.3337549455211646e-01	   2.9123667171071105e-01	   3.1930567225191819e-01	   4.0814207706389888e-01	   3.6432309026288467e-01	   5.7261454585745886e-02	   1.6226620575756687e-01	   1.1812057367696061e-01	   2.0187615081854673e-01	   3.9548443428641922e-01	   4.1396487411348148e-01	   4.4579871010661565e-01	   3.2807058045755516e-01	   3.6867541833244094e-01	   2.0921272003124969e-01	   4.7160620878424153e-01	   4.7133067462249401e-01	   5.2154546679664793e-01	   5.2419117258145032e-01	   3.8960862069002689e-01	   4.0171393469935512e-01	  -6.6306059753344165e-02	   6.5337330325509771e-02	   2.3391836996455853e-01	   3.3869636810290304e-01	   4.1259865579060917e-01	   5.1484689438825981e-01	   4.4550610895222598e-01	   2.3675942211840567e-01	   4.7052741103356971e-01	   3.1865180391410824e-01	   2.3667399221268404e-01	  -6.1822987713862923e-02	  -1.1491741087967620e-01	   1.7621108687818499e-01	  -3.3551142530253666e-02	   2.0369421900553830e-01	   3.6677782442988643e-01	   4.5652212846545503e-01	   4.2123822754163287e-01	   4.6693248765530859e-01	   2.4130464243717945e-01	  -1.4746488377561628e-01	
   6.1110894542193561e-01	   2.0998489103809348e-01	   3.3298471604321750e-01	   2.0044080835164127e-01	   3.3911428234822427e-01	   2.6659262010451135e-01	   4.5069955912868032e-01	   2.1450374786004364e-01	   1.4627604620438803e-01	   2.9886774594216181e-01	   0.0000000000000000e+00	   7.6573481339060345e-01	   9.0285754954604558e-01	   8.2189123265697750e-01	   8.0962862803981694e-01	   5.6223463327949097e-01	   3.7109842747158145e-01	  -2.0049574335709967e-02	   4.2479692154266135e-01	   2.5469583765148901e-01	   8.9113210180323796e-02	   5.7975234949784099e-02	   4.2641715032154920e-01	   2.2809147517858480e-01	   1.2487690168129216e-01	   4.1416043792653172e-03	   3.3468839252088067e-01	   3.3430900731559660e-01	   5.7184590044608363e-01	   3.1061001227294949e-01	   5.1813290436525411e-02	   7.1339374384881624e-02	   1.6679013121194353e-01	   3.3011975843777748e-02	   1.4217377893834307e-01	   1.6906159092770801e-01	   5.9184018771678969e-02	   2.8562224612851544e-01	   2.4267221831357122e-01	   1.6067299516617212e-01	   3.3343253228581149e-01	   2.7534524213757872e-01	   2.0004385568426081e-01	   3.2821466228926166e-01	   2.4510210907188096e-01	   2.0534880258810878e-01	   3.7230059563387863e-01	   3.5693311452650944e-01	   1.9551315908289696e-01	   2.4642477244271599e-01	   2.6885827006535573e-01	   1.8518735227780275e-01	   2.8192935368834016e-01	   3.9362733205333689e-01	   3.0972304402582890e-01	   3.0233219201601563e-01	   1.8990189483201217e-01	  -1.4998282132043658e-01	   1.5884410422978854e-01	   1.1011537917711134e-01	   4.1831937007501879e-01	   3.3349576151213894e-01	   4.8515909883882086e-01	   2.7382564692717870e-01	  -2.6513219918933247e-02	   3.1775627492155196e-03	   1.2739159180638132e-01	   1.1401868206088118e-02	   1.6852917565056250e-01	   1.1741953680132960e-01	   2.2308321211197951e-01	   1.7160851860376031e-01	   2.7230940140096616e-01	   2.9291700346667632e-01	   3.4179706409012411e-01	   1.1779692195282365e-01	   2.1746290153085585e-01	   1.6182389790032001e-01	  -9.8956063638985584e-03	  -8.3215806749606241e-02	   3.6589746990973798e-01	   3.6891538710866684e-01	   5.7574628951547946e-01	   2.7948853816276831e-01	   2.6589766888980315e-01	   1.9392618412332630e-01	   2.0060367863532391e-01	  -1.5781339273480013e-01	   1.6416293494416459e-01	   1.7620409169456791e-01	   8.8446989328743009e-02	   1.0440704148925012e-01	   1.5544343145373871e-01	   1.4614747667294967e-01	  -1.4311293918097076e-01	   1.3318691997496707e-01	   1.8544810408193030e-01	   1.8027627593496187e-01	   1.4066994717735304e-01	   2.1835463734845711e-01	   1.8580933673822894e-01	   2.4456377971027121e-01	   1.1359720084061149e-01	   2.1571700515618300e-01	   1.0421192857752568e-01	   4.3014820022853596e-02	   8.7694088736431211e-02	  -7.9154472155704772e-02	  -2.2352045836292606e-01	   1.2905666161849619e-01	   1.9142405050652186e-01	   7.6683627600628079e-02	   2.2253223064983280e-01	   2.3598050966716377e-01	   3.0869002219022929e-01	   2.7152199359531330e-02	
   6.5102123977803183e-01	   4.6877252096844108e-01	   2.8920888598178091e-01	   2.9584312543026725e-01	   2.6374151589640960e-01	   2.6200918631066383e-01	   3.2251977014386918e-01	   3.8900770152282460e-01	   1.3824946182827949e-01	   3.2926506138479339e-01	   7.6573481339060345e-01	   0.0000000000000000e+00	   6.6664996218963002e-01	   8.4184222964726918e-01	   6.9409508223382788e-01	   5.8148256408136478e-01	   5.1596826110557936e-01	   2.3929633360364724e-01	   4.8704993540810437e-01	   3.5574816776929435e-01	   5.3843241858589005e-02	   7.3684148798004653e-02	   3.1445581868146055e-01	   3.1496536664926167e-01	   7.9781956855753872e-02	   1.6089901483167962e-01	   4.0243627970683449e-01	   4.5330782992224589e-01	   4.8210730953741421e-01	   3.8490016493061791e-01	  -8.1333787745860614e-02	   5.5453687851359165e-02	   2.1163259541552959e-01	   1.2412649214999312e-01	   1.1785809902726752e-01	   2.4546330933224894e-01	   9.7503177003904398e-03	   2.0460300063970344e-01	   2.5756923615587302e-01	   3.1643832484416479e-01	   3.2665600744686840e-01	   1.6676176114575031e-01	   1.1572893068193653e-01	   3.3209817766352517e-01	   1.3530161628858187e-01	   1.3299375808106692e-01	   4.1134203451174706e-01	   4.0104044638962189e-01	   9.8010584369452980e-02	   1.9258630188582770e-01	   3.5256706825996731e-01	   3.4814323909650990e-01	   3.8552072828466322e-01	   3.5759378878367237e-01	   4.2074529758875229e-01	   3.9556996574604275e-01	   4.4304382830230449e-01	   1.4616563735486837e-01	   3.3394159611968111e-01	   2.9002477654264985e-01	   5.1056588813976389e-01	   5.6043160790281799e-01	   6.6789316172002655e-01	   5.9796267202343034e-01	  -6.1479330112994668e-02	   1.3793831677418072e-01	   1.8636302957555725e-01	   2.2436193544215505e-01	   3.6220206750910156e-01	   3.0131811606286896e-01	   1.0471489983227464e-01	   2.4198730578558048e-01	   2.9528468818867837e-01	   4.1138374956273993e-01	   3.8424850522958215e-01	   3.1643945982810950e-01	   2.3921162788549299e-01	   2.4756018037149743e-01	   2.6463696092064093e-01	   9.6523733133760822e-02	   4.9724915844808049e-01	   4.5977169742998369e-01	   5.5810274396117521e-01	   3.2646581257506457e-01	   3.1580128539040986e-01	   3.8936041869825000e-01	   2.6713747559266371e-01	  -4.9218281063110138e-02	   2.8133330659817907e-01	   1.4854244038494266e-01	   1.9321588233459996e-01	   1.0048855689530609e-02	   3.2020973393823043e-01	   8.1556901305092203e-02	  -1.7213521506995613e-01	   2.2833915142413538e-01	   3.4268545976212972e-01	   3.4161116559231286e-01	   2.5184741224061580e-01	   1.7506711472796127e-01	   3.8169384430202979e-01	   1.4234362707014123e-01	   3.1379988455725782e-01	   2.0797893591220257e-01	   3.2903249823676162e-01	   7.7224391825152963e-02	   1.3052399843014534e-01	  -9.7801450125250572e-02	  -2.1847715985620225e-01	   3.8749289643869028e-01	   3.0736244963349169e-01	   6.7121796162211755e-02	   2.0693566312309702e-01	   3.3630261985997878e-01	   3.0897158374440747e-01	  -4.2301162716368974e-02	
   6.2316101550104563e-01	   3.7158074254829743e-01	   4.6514424774891239e-01	   3.3236312339245394e-01	   5.3794849309593162e-01	   4.3014468350144264e-01	   5.6786866612233700e-01	   3.0841925944228066e-01	   3.4043495009279151e-01	   4.2637961876939712e-01	   9.0285754954604558e-01	   6.6664996218963002e-01	   0.0000000000000000e+00	   8.4746518058331000e-01	   8.6027197293585012e-01	   6.2922766670863173e-01	   3.3509195021738430e-01	   7.1836013097651391e-02	   5.0820028815917984e-01	   3.9848614557726564e-01	   2.1841370711565211e-01	   2.0704325040967983e-01	   5.6950005648348567e-01	   3.4165173689054784e-01	   2.8848931754532658e-01	   1.1773874142818752e-01	   4.0589389888136096e-01	   4.1886253512741373e-01	   5.4161871726260413e-01	   3.5649263717900059e-01	   1.8623371502149402e-01	   1.6190149453307792e-01	   3.4882704312460616e-01	   2.0958055494112024e-01	   3.9561356790043861e-01	   3.5501488751721133e-01	   1.8145798449855005e-01	   3.6841991089649390e-01	   3.0827524296461534e-01	   2.1569967848007074e-01	   3.9833144574317647e-01	   2.9940212694575519e-01	   3.1788085763818297e-01	   4.2393035989747152e-01	   4.2916740441725626e-01	   3.5249413209415359e-01	   4.8528428176134614e-01	   4.6492537348179597e-01	   3.6782464690966682e-01	   3.7677775200182939e-01	   4.9227008785962351e-01	   3.3044718152937802e-01	   4.2954806648565447e-01	   5.2705256663793854e-01	   4.8836081853201840e-01	   4.5441248607863882e-01	   2.5261597496135613e-01	  -3.3471173214821622e-03	   2.6035728670823233e-01	   2.3641631396262625e-01	   5.4559172104458264e-01	   3.8418851419276601e-01	   3.4193233724958594e-01	   1.9393629604724974e-01	   2.5919031006258009e-01	   2.3686587106241777e-01	   3.4437135383198514e-01	   2.0326151496062289e-01	   2.3817675448146519e-01	   2.5397655857463974e-01	   2.6120532432486099e-01	   2.4156616377781384e-01	   2.8717055012653081e-01	   3.2951328757239878e-01	   3.5049283146067617e-01	   1.8069347217202927e-01	   3.2149699132178938e-01	   2.3842037556299350e-01	  -3.9878715894620040e-03	   8.8258922857927316e-02	   3.2071135319631011e-01	   4.6197038211036723e-01	   6.4901096932511315e-01	   3.9247059118060157e-01	   4.1604008904476425e-01	   3.2347190279846277e-01	   4.1071507763730891e-01	   5.2903276847043532e-02	   3.2699338950667323e-01	   4.0531123457858786e-01	   1.9061227103535766e-01	   2.6584945618994793e-01	   1.5421761286424945e-01	   2.3450119931570451e-01	  -1.9672479650714289e-01	   1.7064285900148218e-02	   3.0428355146529729e-01	   2.9625835924900018e-01	   3.6279690361040395e-01	   3.8423689821873558e-01	   1.4207800986120106e-01	   2.5415668731267549e-01	   1.3973020450756427e-01	   2.5491394877449730e-01	   3.7010744634376376e-02	   1.0379354538153434e-02	  -4.1349052012070314e-02	   1.6792926559593938e-01	  -1.7093942449610008e-01	   1.7476846216794806e-01	   3.7437131139757984e-01	   3.1569456162297849e-01	   3.3426229258188161e-01	   3.2658920166942007e-01	   3.0809219650114761e-01	  -9.5792701382429197e-03	
