   0.0000000000000000e+00	   9.5415520125137854e-01	   7.8150211161716288e-01	   8.2698891299283284e-01	   4.5781127983942854e-01	   5.5630278065658156e-01	   7.4605272066352279e-01	   7.6771276105073538e-01	   7.4089373219896615e-02	   3.7284556403340829e-01	   8.9520480673258229e-01	   9.0423177409673083e-01	   7.8220296835300351e-01	   8.7826521072479591e-01	   8.2320238056496942e-01	   8.8069461517225667e-01	   7.4224197530507541e-01	   7.9398717932323082e-01	   8.2858298175011558e-01	   8.0209255003333935e-01	   6.6968320796156111e-01	   7.3612718721535031e-01	   7.9693671206531813e-01	   7.2366754819134971e-01	   6.4183374438229412e-01	   6.5566638717938353e-01	   5.2442609568560150e-01	   6.5620314750802589e-01	   8.1340499142460998e-01	   7.5302097724776784e-01	   7.8468518750408900e-01	   7.8982684538481285e-01	   8.6582466548903758e-01	   8.7878777970387145e-01	   7.1604227625741201e-01	   6.1593635374261813e-01	   7.7126090143837889e-01	   6.1771494227908885e-01	   7.4930668904864572e-01	   8.1060702242605553e-01	   8.3917611780370316e-01	   7.0808862164950592e-01	   6.6503021505489324e-01	   7.7038832714028793e-01	   5.6976485204630589e-01	   5.9658662337221102e-01	   6.7067090145319519e-01	   7.0162643616248976e-01	   5.7879647335025286e-01	   6.8400079802075675e-01	   7.6214041617816897e-01	   8.0856372007642208e-01	   7.1594994283591484e-01	   5.9438040696833117e-01	   8.4345567311092551e-01	   8.1447291421240897e-01	   8.8739425657186355e-01	   8.6937910216980141e-01	   7.7588722565447654e-01	   6.6995383406235276e-01	   8.4522877620758019e-01	   8.2060543379265272e-01	   8.6760610239010005e-01	   8.6232523246173665e-01	   7.9938776491818997e-01	   7.7480394774588812e-01	   7.6976287272939947e-01	   7.2261906647628726e-01	   7.3604395103179454e-01	   7.0877674261131585e-01	   8.4103934044979634e-01	   8.1872478129389292e-01	   8.2587735408590746e-01	   8.4126839698510658e-01	   8.4404283361965127e-01	   8.5682817268433853e-01	   8.6719383897317437e-01	   8.7501580481130570e-01	   6.5034692685175322e-01	   5.8472789239367695e-01	   7.7828881620127299e-01	   8.6610910280184927e-01	   8.3087324313703381e-01	   8.1040792342179457e-01	   8.9095977762999257e-01	   8.5329967954232067e-01	   7.0995396494768981e-01	   7.5815764007045860e-01	   8.0650910495909578e-01	   7.2864071384715912e-01	   3.2465211520238713e-01	   2.1454638133838461e-01	   3.3240552563594472e-01	   4.0144267988944071e-01	   3.0644667274921000e-01	   4.3864770059139074e-01	   7.7725078131998160e-01	   7.4221353360121212e-01	   6.5618630309485426e-01	   5.7864109389032437e-01	   4.0814092341615826e-01	   5.2036992547562555e-01	   5.1748152398943048e-01	   5.6349498637387874e-01	   4.1843226853611182e-01	   3.5435852851378050e-03	   5.6830110410276768e-01	   4.3402630819233040e-01	   3.4175574977969703e-01	   6.4163350237233474e-01	   6.6047168246038046e-01	   5.1572213117872567e-01	   5.9755449101921365e-01	   6.6011000876445569e-01	   5.3258000883426249e-01	  -3.5185188194035755e-01	
   9.5415520125137854e-01	   0.0000000000000000e+00	   7.3477173805309370e-01	   8.2338503457106449e-01	   4.8000048989681976e-01	   5.1821731613947197e-01	   6.6413591726231846e-01	   7.0731706103507896e-01	   9.0735714596102496e-02	   3.5290935388643480e-01	   8.5791214551655726e-01	   8.9392326031601499e-01	   7.2047997684548726e-01	   8.7038370666466003e-01	   7.8964709170315883e-01	   8.4810504160917011e-01	   7.8845989476369649e-01	   8.3301957890661982e-01	   7.7975809423866538e-01	   7.7475415246493784e-01	   6.6851746381922061e-01	   7.5802573376500315e-01	   7.9523297243748348e-01	   7.2339058324167371e-01	   6.6279708749674993e-01	   6.8143878808171199e-01	   5.2996877084529503e-01	   6.5117899153172720e-01	   8.3210369919214366e-01	   7.8001205337371393e-01	   7.8628021288793215e-01	   7.9118982257026182e-01	   8.6062640306444738e-01	   8.8579870130824467e-01	   6.4349147712944321e-01	   5.3912425483880078e-01	   8.2501835847221239e-01	   6.8788878778017071e-01	   7.4022279865617091e-01	   8.5293099883065482e-01	   8.5215195620177475e-01	   6.6369984548426197e-01	   6.3152688272780255e-01	   7.9078918040385426e-01	   5.5618425972195007e-01	   5.9737875175758137e-01	   6.6886658194875714e-01	   7.0006965446533087e-01	   6.3489616893808076e-01	   7.0232497676926553e-01	   8.2576410015232216e-01	   8.2193300021071125e-01	   7.5843737497861974e-01	   5.9088445386577781e-01	   8.7113829504303364e-01	   8.0559910060211304e-01	   8.9076364136542141e-01	   9.0088987549264798e-01	   7.7149902271662552e-01	   6.8103640365428109e-01	   8.1227999870137690e-01	   7.7157825550859416e-01	   8.8572912893322386e-01	   8.9529016133768502e-01	   7.7725983814631172e-01	   7.2269306840879333e-01	   7.2936948259026968e-01	   6.7979968672900537e-01	   6.9352183813130452e-01	   6.8766274243726044e-01	   8.2511010832443921e-01	   8.1541209071086462e-01	   8.1728847835042795e-01	   8.7271406015825059e-01	   8.4133624272407892e-01	   8.7916830456764838e-01	   8.7790614487338747e-01	   8.8776350903853385e-01	   7.0033006289530986e-01	   6.1086471563126810e-01	   7.9245030155891372e-01	   8.9371022234362496e-01	   8.0290625401588034e-01	   7.5775541049552153e-01	   8.8835120722538186e-01	   8.3354570447053900e-01	   7.0927165774113554e-01	   7.3197914896689209e-01	   7.8035286815018190e-01	   6.9392108922094975e-01	   2.2095464789777391e-01	   1.1712578996227739e-01	   2.3325029174103884e-01	   3.0625165760710571e-01	   3.7546102482212407e-01	   5.1880345876747169e-01	   7.9325644029529807e-01	   7.5512278941135202e-01	   5.9598418113994611e-01	   4.9503467447935556e-01	   3.5242844452110667e-01	   4.2291200645714555e-01	   4.8114201636328630e-01	   4.8243732978612947e-01	   4.0748036109852898e-01	  -2.9650007898612097e-02	   5.6045554589520230e-01	   3.4807989856094135e-01	   3.6229096826180657e-01	   7.0311162314115028e-01	   6.2496929183725558e-01	   4.7000015987433452e-01	   5.8426903018793896e-01	   7.0248371691212985e-01	   5.7710312742501702e-01	  -2.3808116115110364e-01	
   7.8150211161716288e-01	   7.3477173805309370e-01	   0.0000000000000000e+00	   8.9346557566452756e-01	   7.1702698111160523e-01	   7.4817759636060832e-01	   9.0537661768494027e-01	   8.9806099916433468e-01	   3.2948293856514088e-01	   5.0941557020895134e-01	   7.3908688237882614e-01	   7.3125778539394504e-01	   7.8710398578430874e-01	   7.4180789495487320e-01	   8.5858064741570939e-01	   8.2700287312618115e-01	   4.4644103850792993e-01	   4.8929231176070165e-01	   8.7759095815173538e-01	   8.9554744730990121e-01	   6.6872407546942492e-01	   6.4960499297984842e-01	   8.8344125964434839e-01	   8.2628141556574397e-01	   7.8112018483852230e-01	   7.7165258362278455e-01	   7.1268189301855900e-01	   8.2009095895963480e-01	   4.8694480970705173e-01	   4.1452708938476129e-01	   7.3922882625387776e-01	   7.4211064523207571e-01	   7.9155026754291524e-01	   7.9516038807347456e-01	   8.1700826958991413e-01	   8.2580430987826126e-01	   5.8516944415046457e-01	   4.3023289860163744e-01	   6.9914486632724571e-01	   6.5790980618237538e-01	   7.3549249056217991e-01	   6.0152256271652482e-01	   7.5633401166706693e-01	   5.6598008188774973e-01	   5.3081040150496794e-01	   4.5264647823467152e-01	   6.8981561498446664e-01	   7.2641203166201374e-01	   3.8034588359620958e-01	   6.1437174700879094e-01	   6.1733705905797320e-01	   7.3022173397842094e-01	   6.2026749110355228e-01	   7.8566366259579756e-01	   7.7630364832634913e-01	   8.8931136509079800e-01	   6.7556099866058683e-01	   7.2584447085673820e-01	   7.2415134745374565e-01	   7.8541539604768351e-01	   7.7299724673294889e-01	   7.9080346634836873e-01	   6.7975171206515606e-01	   6.9562577782560575e-01	   7.7894667194873968e-01	   7.9412997542507524e-01	   8.9448767170271937e-01	   8.4988338600641666e-01	   8.3792042091063879e-01	   8.5045095688108496e-01	   7.5163941444675308e-01	   6.0225427872521142e-01	   5.9312707712594714e-01	   5.4669832564331922e-01	   6.0273612141881439e-01	   6.2661165035869326e-01	   6.4412342404518230e-01	   6.6476852437470946e-01	   3.8022098038757507e-01	   3.7614767316603248e-01	   6.2428658987291819e-01	   7.0928478229285974e-01	   8.6262389077827861e-01	   7.1135755330547634e-01	   7.8915243430578919e-01	   8.1315557095590285e-01	   6.5441822462954802e-01	   6.9332975280723952e-01	   8.7872334492811544e-01	   8.7843514303115744e-01	   6.2423383674288058e-01	   5.9826425835707742e-01	   5.6253651623373546e-01	   7.1734794943132107e-01	   2.9392350073656970e-01	   2.7807227825941699e-01	   7.2467541821359294e-01	   6.3749244185129994e-01	   7.6348305403360806e-01	   7.9117708403181741e-01	   5.3274190869444649e-01	   7.2655789653083691e-01	   5.4196352933016190e-01	   6.7661996802498880e-01	   5.5887272808678046e-01	   2.3813652250141887e-01	   5.8002385187232730e-01	   7.1441377809843776e-01	   2.6831681269025859e-01	   4.8163084587440153e-01	   7.3553395581541192e-01	   6.5715314360679877e-01	   7.0308596538398882e-01	   5.0713788595458664e-01	   3.6324106810905599e-01	  -3.6811623971450796e-01	
   8.2698891299283284e-01	   8.2338503457106449e-01	   8.9346557566452756e-01	   0.0000000000000000e+00	   6.9959391359410594e-01	   6.7797793913152671e-01	   7.6431572740604792e-01	   8.8899017123758561e-01	   2.6430797734577877e-01	   4.5734368892701360e-01	   7.5835749630805993e-01	   8.5080884067251028e-01	   6.8869688417755204e-01	   8.4234812732609554e-01	   8.2311469471252330e-01	   8.6569224144151402e-01	   5.2056180326845891e-01	   5.8979425246815387e-01	   7.9750778145460222e-01	   8.6519871301941975e-01	   7.9485827474414505e-01	   8.0300980875974903e-01	   9.1148766602461129e-01	   9.2966563617335740e-01	   8.6095858052396412e-01	   8.9450879384290349e-01	   7.6417150325651217e-01	   8.5234714949625312e-01	   5.7119199775002771e-01	   5.2070287257025294e-01	   8.1159614659079204e-01	   8.3267469418725448e-01	   8.1414693380425640e-01	   8.5392915274518022e-01	   8.0582749735255377e-01	   7.6630747242943453e-01	   7.0967295764323168e-01	   6.2257712644744745e-01	   7.7469894030622910e-01	   7.9110397842126756e-01	   7.9945317136266669e-01	   6.7093885084464899e-01	   7.6505949322014177e-01	   7.0629439463035149e-01	   5.5799272402494338e-01	   5.5494289302674937e-01	   7.3437643250821294e-01	   7.7505264926913342e-01	   5.0200769623788732e-01	   6.7521824069901548e-01	   7.2081208848450906e-01	   7.9725058248596259e-01	   6.8926250704953973e-01	   7.0836801724282183e-01	   8.6528798283226205e-01	   9.3115874859905534e-01	   7.0664021349232642e-01	   7.7191534168725784e-01	   7.3177401217907923e-01	   7.6202018292483753e-01	   7.2998155336598358e-01	   8.2861855966705633e-01	   7.0894907396715368e-01	   7.6794738330030277e-01	   8.2585234765595583e-01	   9.0362531657252454e-01	   8.9609625684727912e-01	   9.0565441196046825e-01	   7.9761584737429314e-01	   8.3903207801173507e-01	   7.8583878188181744e-01	   6.9993104882557300e-01	   6.8903247727165962e-01	   6.6823993723597808e-01	   6.8256374546306431e-01	   7.4677573004841813e-01	   7.2132553477022854e-01	   7.7128696247957940e-01	   5.2141482954002227e-01	   4.3691842404337078e-01	   6.6733006926749672e-01	   7.8829676920663938e-01	   8.5352473068608736e-01	   7.3751980316912746e-01	   8.4328874752764027e-01	   9.2036630220091409e-01	   7.7233602973179105e-01	   7.9945155404020984e-01	   8.9215950814752065e-01	   8.6634574401415909e-01	   5.6411061030845810e-01	   4.2887291559735008e-01	   5.5276599481757205e-01	   5.7011675087180047e-01	   4.0371610689981663e-01	   4.4895542496574858e-01	   8.4076347217996728e-01	   7.7579953338914109e-01	   7.4361776176134842e-01	   7.3466410921292513e-01	   5.8403589214100249e-01	   5.9957797062849516e-01	   6.2573240222303306e-01	   6.5178874029062339e-01	   6.3665526948541196e-01	   2.6537555156159204e-01	   6.6120699991241427e-01	   5.7671823660928134e-01	   3.5081875745216595e-01	   6.3457956819569961e-01	   7.7823686578787510e-01	   6.3598854923622805e-01	   7.9123583699573974e-01	   7.0114819351220803e-01	   5.9343651013495013e-01	  -2.8531438156409838e-01	
   4.5781127983942854e-01	   4.8000048989681976e-01	   7.1702698111160523e-01	   6.9959391359410594e-01	   0.0000000000000000e+00	   7.8344202170001365e-01	   5.8171675381555932e-01	   6.4259202595468845e-01	   7.6367109680521428e-01	   6.8378927427854497e-01	   4.6795231042898611e-01	   4.9960444916489355e-01	   5.6685645868542700e-01	   5.9171816906428210e-01	   6.7112042147349749e-01	   5.1461808316156099e-01	   2.5924364359160201e-01	   3.1440183489043960e-01	   5.3154078014935602e-01	   6.2005854579620345e-01	   5.9923063432965540e-01	   5.1781540758351663e-01	   6.7352223713547388e-01	   6.3471614811484112e-01	   7.2966350174026917e-01	   6.9719048180073906e-01	   7.6224609321087655e-01	   7.6000576778445672e-01	   2.2637788186907695e-01	   1.8398011459657254e-01	   4.8876580700479944e-01	   4.8640952899154272e-01	   5.1953995658629659e-01	   5.4118711608765591e-01	   6.0455602717047408e-01	   6.2405006536177021e-01	   4.3505434321913550e-01	   3.8119008542245547e-01	   4.8129943851933238e-01	   4.2311293835566632e-01	   5.2329996550608104e-01	   3.4009493710255290e-01	   6.4073137358476384e-01	   4.8087299544984752e-01	   4.8201107342463972e-01	   3.7858039409760980e-01	   6.4562142397478151e-01	   6.4659967934227114e-01	   3.5357442575941272e-01	   5.2481921808009790e-01	   5.2953808659691148e-01	   6.1597710497365166e-01	   6.2669527706268735e-01	   7.1151042791786168e-01	   6.1513239749404081e-01	   7.0142330133880060e-01	   4.2081623932552215e-01	   5.5538327436760127e-01	   5.6912961616199242e-01	   6.6745571577439244e-01	   5.5748860877680084e-01	   6.1307257872130316e-01	   4.5951663262839393e-01	   5.2034735207759053e-01	   5.9065239128672486e-01	   6.0559435980950194e-01	   6.8281445401676655e-01	   6.3840605607138812e-01	   6.4127383502101898e-01	   6.3777903159908389e-01	   5.0052148235224092e-01	   3.2919755126872657e-01	   3.8491726755692435e-01	   3.6129920351300560e-01	   4.1450010947390536e-01	   4.6917176882940964e-01	   4.3467102380822059e-01	   4.4018607970733514e-01	   2.6069588685327361e-01	   2.4122154247161376e-01	   3.9839180887907050e-01	   4.4907180177493788e-01	   5.6682076632460532e-01	   3.5938457116454348e-01	   5.3975582520025234e-01	   5.4425716241315825e-01	   5.3915474871693236e-01	   4.2627390396724774e-01	   6.1872228781261751e-01	   6.7452936913114925e-01	   5.6650378116134947e-01	   4.6828955447340714e-01	   5.0613325003849619e-01	   5.6005709169096174e-01	   2.4847257071956524e-01	   3.6362714051740064e-01	   5.7809089227398625e-01	   5.3696951524024761e-01	   6.5346383977688571e-01	   6.6562225457406798e-01	   4.9710955852794370e-01	   5.5247141916826259e-01	   5.2561942498732184e-01	   5.0741247799140332e-01	   5.6076734113754234e-01	   2.6826046674426363e-01	   4.6573159227477412e-01	   4.8548435121834110e-01	   1.6411899283056214e-01	   3.8564681431429737e-01	   6.3391220841350771e-01	   6.2951665250170263e-01	   6.4653792136654020e-01	   4.4624228916185071e-01	   3.5048304791735596e-01	  -1.1346605678530841e-01	
   5.5630278065658156e-01	   5.1821731613947197e-01	   7.4817759636060832e-01	   6.7797793913152671e-01	   7.8344202170001365e-01	   0.0000000000000000e+00	   7.6852661145886447e-01	   8.0657219175609352e-01	   6.6427682276376543e-01	   8.6026735385732001e-01	   5.8354768076490338e-01	   5.5971394099652583e-01	   7.2419519562860313e-01	   7.0619544871882611e-01	   7.9410324595208448e-01	   7.0695111817570133e-01	   4.4200850496441946e-01	   4.1585451090748859e-01	   7.1798306163598147e-01	   7.3428889988451707e-01	   5.1094921116642300e-01	   4.4095007445830181e-01	   5.9902454718826947e-01	   5.8650660432707125e-01	   5.5530648392101489e-01	   5.9394308759797432e-01	   5.8989800359641897e-01	   7.0487350392828185e-01	   3.5026589112810547e-01	   2.6521705645922894e-01	   4.8944109508905503e-01	   4.8712319761914569e-01	   6.1482595980652444e-01	   5.7569977302423814e-01	   6.0599544585544018e-01	   6.6712990799542260e-01	   3.6055444932158220e-01	   2.1673678691735979e-01	   5.8207550092162752e-01	   4.2679235262522963e-01	   5.5808875637126987e-01	   5.2561121078929640e-01	   7.7261820661452640e-01	   5.7061723624639782e-01	   6.3216074522810950e-01	   5.1708122023401282e-01	   7.0385844273531639e-01	   7.4035921138526617e-01	   4.4440539984506056e-01	   6.7751764361977496e-01	   5.3469223253169262e-01	   6.4937103367977589e-01	   5.7778746205256282e-01	   8.1637351206048780e-01	   5.8618140236401328e-01	   7.1330087032702560e-01	   5.2004943686428362e-01	   5.4718326643324744e-01	   6.4754838029241091e-01	   6.8971764083365950e-01	   6.9251163742880306e-01	   6.9483459643906709e-01	   5.5042897363404064e-01	   4.9895542981180008e-01	   5.5590132817917470e-01	   5.7380885059445852e-01	   7.0715181516879877e-01	   6.4439914546719390e-01	   7.4003722615087797e-01	   7.1606610410462368e-01	   6.4340115656375496e-01	   4.7520962579447890e-01	   5.0413132608459621e-01	   4.2905662028569425e-01	   4.8986596822051920e-01	   4.8680678072652150e-01	   5.4873205287899518e-01	   4.8082713914544306e-01	   3.3323912825169355e-01	   3.3248321291395705e-01	   5.5529928115766014e-01	   4.8384170254783354e-01	   6.6320894155826915e-01	   5.1581522332525198e-01	   5.4994907562397488e-01	   4.9517907794926769e-01	   3.4303815397983045e-01	   3.3307094543990612e-01	   6.2741292224921752e-01	   7.1773309644011007e-01	   6.3874640008510752e-01	   5.8342829830438347e-01	   5.5957656334041961e-01	   6.2968946630087586e-01	   3.0363964437719532e-01	   2.0537773423577094e-01	   5.7055606395815328e-01	   5.3414439462225671e-01	   7.3853023980863941e-01	   7.1474901507898203e-01	   4.6397224287217620e-01	   6.8417222332579652e-01	   4.5963952581065365e-01	   6.0399799027681400e-01	   4.7256694132657456e-01	   2.2857360404967181e-01	   4.4488341192582515e-01	   6.8949885454381343e-01	   1.2015805425119339e-01	   3.5299837065764661e-01	   6.8674364215096473e-01	   6.9330349139425895e-01	   6.5269003497605982e-01	   3.3865199047728861e-01	   2.1157487285461202e-01	  -3.4003037471538961e-01	
   7.4605272066352279e-01	   6.6413591726231846e-01	   9.0537661768494027e-01	   7.6431572740604792e-01	   5.8171675381555932e-01	   7.6852661145886447e-01	   0.0000000000000000e+00	   9.1401322536584084e-01	   3.1638771663347487e-01	   5.7041930892933923e-01	   7.4500822807873124e-01	   6.5757623589584280e-01	   8.4480780240330922e-01	   7.1967586877552692e-01	   8.4530556697601145e-01	   8.0539957957768449e-01	   4.7469893717440981e-01	   4.8697065946975748e-01	   8.5530067119781317e-01	   8.1227193434529887e-01	   5.0907229981487201e-01	   5.0047224178630900e-01	   7.2094584835387510e-01	   6.5964367731884199e-01	   6.1175942727199017e-01	   6.0467840031403552e-01	   4.8402978157385018e-01	   6.4241836726710155e-01	   4.7769859263572662e-01	   3.8907849701027808e-01	   6.6110975632764069e-01	   6.6609182201548245e-01	   7.7476228691211202e-01	   7.3445061292847136e-01	   7.9320006594498849e-01	   8.0847232642949141e-01	   4.8439849511872479e-01	   2.7045423146690728e-01	   6.6183811893054978e-01	   5.7455789831197357e-01	   6.6879002212492278e-01	   5.9025520009000698e-01	   7.5768350849991184e-01	   5.6384400319875527e-01	   5.8557223726349983e-01	   4.9468382466957739e-01	   6.6998728792176188e-01	   7.0475149469649223e-01	   3.9148850500110177e-01	   6.2889505204504248e-01	   5.4778544862869338e-01	   7.0203845556875499e-01	   5.3690206626779757e-01	   7.5665240622955166e-01	   6.4701763842825488e-01	   7.6980904498632996e-01	   6.4363355187826765e-01	   6.3959034743612053e-01	   6.9234980183646744e-01	   6.8592128391402407e-01	   7.9541607106303525e-01	   7.7253716667191075e-01	   6.5618911672226554e-01	   5.8894606001533489e-01	   7.1416964468371791e-01	   7.1505448348470946e-01	   8.2904515084606778e-01	   7.5900696215260166e-01	   7.6202895445156615e-01	   7.3294867720557499e-01	   7.4843128212059395e-01	   5.7103536133901378e-01	   6.0200151543036706e-01	   5.1961469983935715e-01	   6.0873676860344417e-01	   5.6426567635626845e-01	   6.5733991723075558e-01	   6.1894802528114012e-01	   3.3603715126892247e-01	   3.4399135696580868e-01	   6.0979826629734446e-01	   5.9866492967834350e-01	   7.8035318693615396e-01	   6.8774749257405310e-01	   6.8394168359823782e-01	   6.6162680332162727e-01	   4.3206043262571536e-01	   5.2700548382727241e-01	   7.4874266250851629e-01	   7.6435644478727149e-01	   5.7895713865195253e-01	   6.1002981566227910e-01	   5.0728136302321303e-01	   7.1929308197738084e-01	   2.6238643608804046e-01	   2.0078620145414594e-01	   6.5225109891682975e-01	   5.6825468444788430e-01	   7.6565307199858967e-01	   7.5413591744877073e-01	   4.6111567435089162e-01	   7.7826916199809060e-01	   4.8007671777587602e-01	   6.6442011593529737e-01	   4.5164171474707782e-01	   1.7440016245406820e-01	   4.2134111251304451e-01	   6.9795600030925775e-01	   2.5978369173814059e-01	   4.2928304595092537e-01	   7.1911911742449197e-01	   6.4252968488823037e-01	   6.1793225853469924e-01	   4.0903569527857953e-01	   2.6768220382436042e-01	  -4.6288340433960795e-01	
   7.6771276105073538e-01	   7.0731706103507896e-01	   8.9806099916433468e-01	   8.8899017123758561e-01	   6.4259202595468845e-01	   8.0657219175609352e-01	   9.1401322536584084e-01	   0.0000000000000000e+00	   3.1602421975125777e-01	   5.8876892367949241e-01	   7.6354382339190474e-01	   7.8923567255928573e-01	   7.8329850045930471e-01	   8.3553923988031187e-01	   8.3600507955311432e-01	   8.7165752975876609e-01	   5.0986660548486329e-01	   5.4257907036940434e-01	   8.4153977592138096e-01	   8.5980891689537153e-01	   6.5333285763355198e-01	   6.4007484737535114e-01	   8.1370943721657396e-01	   8.2009158843100760e-01	   7.1196120076491709e-01	   7.4062833130109174e-01	   6.1576720023272280e-01	   7.3592027811347271e-01	   5.0937122582223260e-01	   4.4001891466895671e-01	   7.4004286023883892e-01	   7.6157737032740580e-01	   7.8656078971516519e-01	   7.7825151319819474e-01	   8.1844857913952773e-01	   8.2738716994661043e-01	   5.2941074702222668e-01	   3.9121824444895714e-01	   7.2118079074921648e-01	   6.2030581953413977e-01	   7.0563088835887899e-01	   6.3655713303003514e-01	   8.1102426996889854e-01	   6.4716077642449676e-01	   6.0762357094342012e-01	   5.5192795064100886e-01	   7.2423506145469441e-01	   7.6296744664602789e-01	   4.3957446121143029e-01	   6.8109945163856245e-01	   6.1012959057519478e-01	   7.4178748724731358e-01	   6.0243399509888584e-01	   7.8242947575783739e-01	   7.1930255366708185e-01	   8.4385270807634072e-01	   6.6938468917703053e-01	   6.8673192119863247e-01	   7.2934897303283985e-01	   7.2428799569877089e-01	   7.8579484794948362e-01	   8.3396696263735426e-01	   6.8124042159579590e-01	   6.6733302450049470e-01	   7.5982378064780853e-01	   8.3460062096780940e-01	   8.7804449588998612e-01	   8.5183172584061828e-01	   7.6878277219891711e-01	   7.7955066969619036e-01	   7.6351268099683867e-01	   6.3397522317468880e-01	   6.3696304883586974e-01	   5.7412258653849291e-01	   6.2317721981467278e-01	   6.2962928622771974e-01	   6.7059347608966569e-01	   6.7932360906838063e-01	   4.4946806116062071e-01	   4.2390471219903225e-01	   6.7361048758221598e-01	   6.8613246013785045e-01	   8.0763501897672008e-01	   7.2471340723627375e-01	   7.5481864432431589e-01	   7.8033405608098683e-01	   5.5360166482658957e-01	   6.3913185562744645e-01	   8.2659550109783897e-01	   8.4039538697672800e-01	   6.7185549159701097e-01	   6.1201218215558717e-01	   6.1669419713647178e-01	   7.0298861043531491e-01	   3.4081823512022746e-01	   2.8108370014183875e-01	   7.3220571248554145e-01	   6.7430285540733326e-01	   8.1399194995048729e-01	   7.9679803670199023e-01	   5.7143054882651345e-01	   7.5090700071393357e-01	   5.6169645129763424e-01	   7.1807971167290918e-01	   5.7773459103685543e-01	   2.8600977980585129e-01	   5.2022545986856961e-01	   7.0451479889190360e-01	   2.5315090138287144e-01	   4.9002098016010820e-01	   7.8210777086946504e-01	   7.0330658437966920e-01	   7.5503207942291461e-01	   5.2286499684211574e-01	   4.2956566985209499e-01	  -4.1301590113308584e-01	
   7.4089373219896615e-02	   9.0735714596102496e-02	   3.2948293856514088e-01	   2.6430797734577877e-01	   7.6367109680521428e-01	   6.6427682276376543e-01	   3.1638771663347487e-01	   3.1602421975125777e-01	   0.0000000000000000e+00	   8.1342248956588759e-01	   1.2696246442252535e-01	   8.3403632122266799e-02	   4.0975210226298042e-01	   2.6794326631045939e-01	   4.1614182263069677e-01	   1.5133699805708659e-01	   8.5750021085389150e-02	   6.2473531129723578e-02	   2.1880567226810377e-01	   2.9366554328213995e-01	   1.2914574379822732e-01	   2.0267448263451976e-02	   1.6385753814679521e-01	   1.3972557425586371e-01	   2.6610654173170178e-01	   2.5427997127591451e-01	   2.9312275509870461e-01	   3.1362891623012945e-01	  -7.8506506086535394e-02	  -1.4017701370019139e-01	  -3.0226364382020791e-04	   1.4779276164502215e-02	   1.7914457120164401e-01	   1.7127581896999833e-01	   2.1015792512064363e-01	   3.2475344014102303e-01	   5.3133320078755840e-02	  -2.7450763345332446e-02	   1.1251941416657661e-01	   2.5543125336707159e-02	   1.8793636697968330e-01	   7.0367601432047816e-02	   3.6210703059866656e-01	   2.1692987322044660e-01	   2.7929165361467034e-01	   1.8551835244153159e-01	   3.6230495892262460e-01	   3.8437605839146527e-01	   1.3282965650961265e-01	   3.0228160455600361e-01	   2.0190988261326731e-01	   3.0243678508020083e-01	   3.2169875943526643e-01	   4.8235826753828936e-01	   1.6073475074853791e-01	   2.5908331593463474e-01	   8.1807504636515677e-02	   1.8051522052874794e-01	   2.5663685994212149e-01	   3.5681658590230592e-01	   2.2726619014081922e-01	   2.2313630423014735e-01	   1.2111745983303719e-01	   9.9346170728157324e-02	   1.8690953416794814e-01	   1.5944678468594090e-01	   3.0367808627531068e-01	   2.4744767184633371e-01	   3.2528227439721347e-01	   2.8888485713178313e-01	   2.1703591703452924e-01	   4.0777232158473016e-02	   1.5744716709226597e-01	   9.8563080366131928e-02	   1.7233016453366601e-01	   1.8215198817347794e-01	   1.7814640670270482e-01	   1.2571065986140126e-01	   4.0252667397661937e-02	   4.8743132909309317e-02	   1.0832442193848936e-01	   5.0295484936266344e-02	   1.5922923107522072e-01	  -3.1807531661241929e-02	   8.2611971295264153e-02	   5.8285526128988005e-02	   6.8931806581530489e-02	  -9.9063055673669964e-02	   1.5175510823664906e-01	   2.5553919471149683e-01	   3.9256848073610989e-01	   3.2601659687458540e-01	   2.9910527944907078e-01	   3.2710959029789433e-01	   5.0718021134330382e-02	   1.0859346593978819e-01	   1.9338835147100697e-01	   1.7310971016181848e-01	   3.7352945935322435e-01	   4.0402537101012492e-01	   2.3301124457185657e-01	   3.6060423430333555e-01	   2.8954602593803180e-01	   2.6809821964548786e-01	   3.0859722539939261e-01	   1.7825781707177765e-01	   1.9396754449414641e-01	   3.2003085773542750e-01	   2.4738740511597246e-02	   9.7430963521372163e-02	   3.8498568599126415e-01	   4.6255396429251083e-01	   3.7671053047507430e-01	   1.0854042696916402e-01	   1.3979804679704996e-02	  -9.4790306131125518e-02	
   3.7284556403340829e-01	   3.5290935388643480e-01	   5.0941557020895134e-01	   4.5734368892701360e-01	   6.8378927427854497e-01	   8.6026735385732001e-01	   5.7041930892933923e-01	   5.8876892367949241e-01	   8.1342248956588759e-01	   0.0000000000000000e+00	   3.7018239752177451e-01	   3.3384205044556381e-01	   5.9415453354628234e-01	   5.0606025025839352e-01	   6.1725076839882087e-01	   4.8591533971407680e-01	   3.5934329361448358e-01	   2.9222139863599284e-01	   5.2475669203923736e-01	   5.3197642956957336e-01	   2.5825800380580793e-01	   2.1330799477698481e-01	   3.5800429499436637e-01	   3.3192323865404894e-01	   3.0857491196178621e-01	   3.6214521551612555e-01	   2.9696476611862377e-01	   4.1803766533096920e-01	   2.0995892035000696e-01	   1.3847825302904793e-01	   2.3999599911172612e-01	   2.6009719626840677e-01	   4.6793792535287559e-01	   4.2134346562730052e-01	   4.2337909445094457e-01	   5.2127134450515911e-01	   1.7798735638281277e-01	   3.7465101319276300e-02	   3.4203948087672686e-01	   2.1991657246402957e-01	   3.9495264427067422e-01	   2.7581544226236121e-01	   5.5923150003678102e-01	   4.1966254784073831e-01	   5.1523543761659829e-01	   4.1649829054269705e-01	   5.2499894329786745e-01	   5.3333738198032643e-01	   3.2471814696575863e-01	   4.7281990154833542e-01	   3.5837911352029916e-01	   4.5126847818023164e-01	   4.0455357611892656e-01	   5.8730011050192610e-01	   3.1424723780514818e-01	   4.3026477804588992e-01	   3.7996681758629508e-01	   3.6769206447543351e-01	   4.5911300410844091e-01	   4.4837069322688095e-01	   5.2299272080622905e-01	   4.4775633666893561e-01	   3.7603244176831763e-01	   2.8438906872266523e-01	   4.1890534885062919e-01	   3.5894144415649099e-01	   5.1676107835682805e-01	   4.3557645198219286e-01	   5.3416008677862536e-01	   4.5492311212703529e-01	   4.5485940224594490e-01	   3.0301727233696391e-01	   4.0468056485576726e-01	   3.4014158717485465e-01	   3.8687949590815740e-01	   3.8477068243398571e-01	   4.4396501461982063e-01	   3.6123134308059968e-01	   2.7483930413819602e-01	   2.8079014499570043e-01	   3.8114196237042292e-01	   3.1647612070030418e-01	   4.0446083222452006e-01	   2.6055250340610819e-01	   3.4232465700435338e-01	   2.9877169740698073e-01	   1.5421097076558354e-01	   1.2694951087635881e-01	   3.7963862028697926e-01	   4.3843176509440518e-01	   4.9272265859845288e-01	   4.2234596633954863e-01	   4.0020556306334010e-01	   4.3078497214639716e-01	   1.4839782360104670e-01	   1.5867869764828027e-01	   3.4790547828000917e-01	   3.4402022108055141e-01	   5.4525928124985079e-01	   5.1776440746992825e-01	   3.1150244939912686e-01	   5.1661074284645703e-01	   3.3629682275022793e-01	   4.0274077549679388e-01	   3.3745513637003277e-01	   1.3464235364117860e-01	   3.3926432987926558e-01	   4.9999983170469509e-01	   4.9737429629695691e-02	   2.0845611691599908e-01	   5.0620606335790952e-01	   5.6117975046845403e-01	   4.6297186887928587e-01	   1.9964236019991646e-01	   8.4630266053025233e-02	  -3.1401070869296727e-01	
   8.9520480673258229e-01	   8.5791214551655726e-01	   7.3908688237882614e-01	   7.5835749630805993e-01	   4.6795231042898611e-01	   5.8354768076490338e-01	   7.4500822807873124e-01	   7.6354382339190474e-01	   1.2696246442252535e-01	   3.7018239752177451e-01	   0.0000000000000000e+00	   8.6764783754756558e-01	   8.7544901088032212e-01	   8.9053742122048973e-01	   8.4763619210084584e-01	   8.6589657014210597e-01	   6.9011835716833647e-01	   7.2869273154075598e-01	   7.8569102944942371e-01	   7.2362092486837915e-01	   6.0076326977058103e-01	   6.5471719869818112e-01	   7.6136744734213690e-01	   6.6197361869072324e-01	   5.5523258962393318e-01	   5.4251287998892528e-01	   4.9989855135295164e-01	   6.2435913086848616e-01	   7.7826083456566775e-01	   6.9229808625668721e-01	   7.1434229726271936e-01	   6.8983752159016065e-01	   7.5331370104717332e-01	   7.5342138659783198e-01	   6.0046279565693206e-01	   4.8108640429139038e-01	   7.0191250557944440e-01	   6.1863793983693161e-01	   7.1430260754725905e-01	   7.3940639338910730e-01	   7.7487886825869168e-01	   6.7662891413667570e-01	   6.2756252967548021e-01	   7.1385782029108569e-01	   5.0405536167562925e-01	   5.0381998374395820e-01	   6.2709121306949211e-01	   6.6966698540708458e-01	   5.5976562222001780e-01	   7.2280503092477899e-01	   7.1286546266765149e-01	   7.8485282388797084e-01	   7.2682952112517207e-01	   6.3350115259948980e-01	   8.3759686206780271e-01	   7.7709744049502039e-01	   8.1897765659075605e-01	   8.4247236690549365e-01	   7.9749696121843106e-01	   7.1556751398849772e-01	   8.6710251432629226e-01	   8.0114433749682257e-01	   8.4252967368614495e-01	   7.9262552677768039e-01	   7.2977324663321919e-01	   6.9846197357024453e-01	   6.6790466794706027e-01	   5.8468708869085995e-01	   6.7166616883734620e-01	   6.7000679139573815e-01	   7.3690813081658357e-01	   6.8285680908611845e-01	   7.0370624178777685e-01	   7.3706101580080641e-01	   7.4491497860092681e-01	   7.1952295685619894e-01	   7.5778135550427983e-01	   7.4541196068952797e-01	   5.1573817483505446e-01	   5.2874184283107328e-01	   7.2745597255934524e-01	   7.7450533167206459e-01	   8.0499246808876279e-01	   7.6138344428172688e-01	   8.2345825513221294e-01	   7.2997326182269529e-01	   6.2393543198879753e-01	   6.2348727703108797e-01	   7.9332675999328039e-01	   7.2813897451118514e-01	   3.4767278851016070e-01	   2.9892439682315808e-01	   3.1775466565719751e-01	   4.4888906051037369e-01	   2.9341967614210629e-01	   3.5460140572872861e-01	   7.4842932076611379e-01	   7.2842661981498513e-01	   6.5376166719421858e-01	   5.7519241578838753e-01	   4.1263189574051584e-01	   5.5201332427919025e-01	   4.6113859867532475e-01	   5.6058741097182652e-01	   3.7193291992247590e-01	  -1.4748974689093907e-02	   5.2289286687860259e-01	   4.0122123348852506e-01	   2.4671570461867370e-01	   5.1500975243575486e-01	   5.8489839459454895e-01	   4.6682511776977853e-01	   5.1099533289780630e-01	   5.5203437050984450e-01	   4.3485652543988884e-01	  -3.0369761823807323e-01	
   9.0423177409673083e-01	   8.9392326031601499e-01	   7.3125778539394504e-01	   8.5080884067251028e-01	   4.9960444916489355e-01	   5.5971394099652583e-01	   6.5757623589584280e-01	   7.8923567255928573e-01	   8.3403632122266799e-02	   3.3384205044556381e-01	   8.6764783754756558e-01	   0.0000000000000000e+00	   6.9092953115947775e-01	   9.1247654269001022e-01	   7.7810936530207642e-01	   8.8755225563166784e-01	   7.0837342910779744e-01	   7.8996809791630662e-01	   7.2640770379858832e-01	   7.3799076486342352e-01	   7.6512854098130423e-01	   8.2746335306273044e-01	   8.4287413026187163e-01	   8.0717923046376949e-01	   7.0570782186084346e-01	   7.3392954358789986e-01	   6.1704761133760577e-01	   7.0429179631657679e-01	   7.9520448950326283e-01	   7.6309860593495027e-01	   8.3111609200841607e-01	   8.3747921633982936e-01	   8.2237362363298894e-01	   8.5381880684533318e-01	   6.7685731048983122e-01	   5.6466992765870483e-01	   7.6901843883842502e-01	   6.8129216533036441e-01	   7.3071123865108278e-01	   7.6781869889741017e-01	   7.9741406546795846e-01	   6.6216171265871959e-01	   6.6901968433275760e-01	   8.1615106340763499e-01	   5.8304416450956065e-01	   6.3697910374237399e-01	   6.8751279564502554e-01	   7.2550863658740972e-01	   6.0616324079762940e-01	   7.1789665569021044e-01	   7.9463108457387577e-01	   7.9483647592291617e-01	   7.2741206734320707e-01	   5.7640904366383428e-01	   8.4949912727114918e-01	   8.0906210205086748e-01	   8.0492259411322442e-01	   8.2742049681042884e-01	   7.7638376058307845e-01	   6.7135364890891647e-01	   7.7475910974072848e-01	   8.2117354383930530e-01	   8.3475140874862008e-01	   8.6747982741096930e-01	   7.9674031758610053e-01	   8.1722703691996479e-01	   7.5450743039013202e-01	   7.5111513848982381e-01	   6.4569448557824904e-01	   6.7492546209868998e-01	   8.0337419637139695e-01	   8.1671542931215790e-01	   7.9807264084159923e-01	   8.3395090853369624e-01	   7.9669176069732761e-01	   8.3813325095965074e-01	   8.0561208661605388e-01	   8.6685093694182014e-01	   6.9148315630206825e-01	   6.3145240109722722e-01	   7.8819843801038647e-01	   8.7508792937087987e-01	   8.0185714152400633e-01	   7.7349080609126042e-01	   8.9509952201613607e-01	   8.7403240641493063e-01	   7.4260708756857197e-01	   7.7731324853033734e-01	   7.9371742310711424e-01	   7.4033841577938753e-01	   3.2636362536283708e-01	   1.8730096312481259e-01	   3.4387519421693430e-01	   3.3673895611408161e-01	   3.9681394819156229e-01	   4.8758492223921945e-01	   8.0469402888324904e-01	   7.7630407725321438e-01	   6.3042725854074655e-01	   5.3538762827305031e-01	   4.2083722241534105e-01	   4.3844354366643767e-01	   5.1430740674824482e-01	   5.3544763896360026e-01	   4.8316100395797312e-01	   1.0149664410618443e-01	   5.9460734434322582e-01	   3.7340149261688821e-01	   3.3288043723450289e-01	   6.2394806502825517e-01	   6.5909190116980754e-01	   4.7561306314886326e-01	   6.3245842236943428e-01	   7.0111363674371185e-01	   6.1426822612834542e-01	  -2.0599684360856177e-01	
   7.8220296835300351e-01	   7.2047997684548726e-01	   7.8710398578430874e-01	   6.8869688417755204e-01	   5.6685645868542700e-01	   7.2419519562860313e-01	   8.4480780240330922e-01	   7.8329850045930471e-01	   4.0975210226298042e-01	   5.9415453354628234e-01	   8.7544901088032212e-01	   6.9092953115947775e-01	   0.0000000000000000e+00	   7.7634351044881966e-01	   9.0851803848426693e-01	   8.0007947160300819e-01	   5.9321063160961396e-01	   5.6056430914966038e-01	   8.2098324807657452e-01	   7.4909114835772461e-01	   4.6395215198449091e-01	   4.7142826549290423e-01	   6.5727040740289500e-01	   5.6020573292711906e-01	   4.9788626734059727e-01	   4.8052543165601913e-01	   4.2509007743800586e-01	   5.9257722922437650e-01	   5.9402973368849366e-01	   4.6635645315292967e-01	   5.5575623751992309e-01	   5.4123399098955705e-01	   7.0237056324910241e-01	   6.7395925702807491e-01	   6.1933850876575680e-01	   5.9010465794158429e-01	   5.2599990727517842e-01	   3.6283075114133478e-01	   6.5074781990157959e-01	   5.8349898493947427e-01	   6.7448261981824298e-01	   5.8926726453796674e-01	   6.8477220051284071e-01	   6.3225210233009077e-01	   5.3743396597714399e-01	   4.8000975801577694e-01	   6.5705118210239699e-01	   6.8387135997521609e-01	   4.8363237214006766e-01	   6.6390129651420104e-01	   5.8793869311368130e-01	   7.0827138649954491e-01	   5.9541342417653942e-01	   7.1139523669386584e-01	   6.8973765986692304e-01	   7.2560810944452847e-01	   7.1516710860508548e-01	   7.2500761247755907e-01	   7.4200477170301671e-01	   7.0818118888735171e-01	   8.0987958601946108e-01	   6.9894672385128553e-01	   7.5045630031171895e-01	   6.2173919189717131e-01	   6.2752416421876844e-01	   6.0078123240977122e-01	   6.9489251011982733e-01	   5.7805563479041466e-01	   7.2978707262936093e-01	   6.6714842090158388e-01	   7.1186442479849532e-01	   5.7422700905753821e-01	   6.2026473386850967e-01	   5.9049201002114071e-01	   6.5456478849215727e-01	   5.9391937505592962e-01	   6.7805918005772381e-01	   6.2685392762056591e-01	   3.4142110554361094e-01	   3.6055614963712695e-01	   6.3768125417743549e-01	   6.1735347260815121e-01	   7.7578911255167748e-01	   6.7724919290817298e-01	   6.8315027163132980e-01	   6.0536277130933658e-01	   4.6556226882655344e-01	   4.4479720880457985e-01	   7.1224869412032610e-01	   7.1859741310713332e-01	   4.7302925507997623e-01	   4.5985533818032176e-01	   3.8513195578609477e-01	   5.8540427998560118e-01	   2.4724454850495037e-01	   2.3161235919013046e-01	   6.6890546913072479e-01	   6.0635588876545876e-01	   7.1075642777945747e-01	   6.8613281379040625e-01	   3.7704263648756797e-01	   6.8680137624672299e-01	   4.3687606157224457e-01	   6.2665310743034353e-01	   3.5863903927790730e-01	   8.4736525421527931e-02	   4.3477043050303860e-01	   5.6672219616333552e-01	   2.1669350029060502e-01	   4.3468137490388103e-01	   6.3915408952696140e-01	   5.7690733751795842e-01	   5.2995061874330052e-01	   3.9707611192681697e-01	   2.3942641492937156e-01	  -3.6962137716315724e-01	
