   0.0000000000000000e+00	   8.8036314494184142e-01	   8.6483863006775197e-01	   7.0961099863989197e-01	   7.2862536255430888e-01	   7.0083171144173950e-01	   7.8492218945594050e-01	   6.3340365221622597e-01	   6.3777684340753160e-01	   6.6711349064036174e-01	   8.3455298855986637e-01	   8.5755769940702709e-01	   8.2369976533567835e-01	   8.2340267624375874e-01	   7.7047621416290935e-01	   7.9837559041775563e-01	   7.5790949059315271e-01	   7.1464012704376945e-01	   7.9573685021807550e-01	   7.6267460460859693e-01	   2.8823205879238778e-01	   4.6241499646960438e-01	   6.6278954630929521e-01	   6.3860780935152872e-01	   5.4201102356970632e-01	   5.7420073763418089e-01	   5.9642023289296042e-01	   6.2698284348821742e-01	   6.9534766567950212e-01	   7.7661159263399293e-01	   7.1495337418951455e-01	   7.3266165851674359e-01	   8.3085734963829561e-01	   7.9128704882137268e-01	   2.7558223638304058e-01	   3.4066026049518494e-01	   5.5565617564829928e-01	   6.2321443422569234e-01	   6.3457011584980993e-01	   5.8484510266571266e-01	   6.7981955527205962e-01	   7.9219004668797610e-01	   7.0296832648028829e-01	   6.3240322403405003e-01	   5.5690996736211418e-01	   5.6557675384247907e-01	   7.8178831021434614e-01	   7.1719532642397876e-01	   5.7450124961014026e-01	   5.6034299022774681e-01	   7.3131742080428774e-01	   6.9575885412596294e-01	   6.8597477878316337e-01	   4.9727286981423618e-01	   7.3490066802365972e-01	   7.0451975905818776e-01	   7.7451465995172430e-01	   8.0280221115389172e-01	   7.0709044573259461e-01	   6.8485948134688091e-01	   8.6700398397949174e-01	   6.9769587894120377e-01	   8.1328336792824996e-01	   8.2211199022672299e-01	   3.6407938303472454e-01	   4.0031193411924698e-01	   6.1565126895979461e-01	   5.8030951648917473e-01	   6.2275511936014216e-01	   5.9935521124872237e-01	   3.6932327071674226e-01	   3.7937922918418687e-01	   6.0602922039191842e-01	   6.6913233278330897e-01	   6.3460889136403353e-01	   5.5645080180987461e-01	   4.5347426759760268e-01	   6.3678994073423056e-01	   6.6645188635521735e-01	   6.0518492103125276e-01	   6.7972530729156833e-01	   6.7117913259705264e-01	   6.0609226243928060e-01	   6.3184554868426313e-01	   6.3244397228961780e-01	   7.0913016278323249e-01	   4.4801991323044926e-01	   3.8158797514484866e-01	   7.4800793136678834e-01	   8.0499361547146575e-01	   5.0911077053233744e-01	   3.7068674832270487e-01	   1.7148259936993238e-01	   1.9445644791397398e-01	   1.6765644043535119e-01	   2.2759411379592948e-01	   7.5016025939716613e-01	   6.0408764317035091e-01	   7.4494047778547690e-01	   6.6924344383105383e-01	   3.7805093971560705e-01	   4.1085362376606960e-01	   4.1843736702327472e-01	   4.5196226499048248e-01	   3.2121702117498740e-01	   5.4858840921491370e-01	   3.6911143050460488e-01	   3.0842635085012970e-01	   1.7186027838255552e-01	   4.3941018915412167e-01	   6.5083198942651577e-01	   7.6977667314657217e-01	   4.8116230049906406e-01	   5.9348334697652927e-01	   5.1631248298276411e-01	   2.7901986739698814e-01	
   8.8036314494184142e-01	   0.0000000000000000e+00	   8.0468775656193925e-01	   7.4965853107580127e-01	   6.7122412769620354e-01	   6.6765709574458088e-01	   6.6951079531235358e-01	   6.4903858037423123e-01	   5.8900685135005770e-01	   6.2229230563185289e-01	   7.2769125409764124e-01	   7.6896660892963187e-01	   7.1819655069363530e-01	   7.3493024417712494e-01	   8.0735958637356497e-01	   7.5801459788703274e-01	   7.0233456283787843e-01	   6.7208179939537116e-01	   8.2633868866484550e-01	   7.8918983346573035e-01	   2.0844639640314527e-01	   3.8314276827531712e-01	   6.9619041075859323e-01	   6.7981254134324720e-01	   5.5559352072208679e-01	   5.6422475169241970e-01	   6.7894131387741374e-01	   6.9659343135915031e-01	   5.9653906775606624e-01	   6.4799303050571910e-01	   6.2327223399048681e-01	   6.1148849076204037e-01	   7.3432933645600262e-01	   7.0788143232383194e-01	   3.9874953795471624e-01	   4.1443056500376335e-01	   5.9035006297547143e-01	   6.8590695857856288e-01	   6.2930914615339340e-01	   5.9785280751617020e-01	   6.9559431420006312e-01	   7.6817218536095533e-01	   7.2757342714191930e-01	   6.7998758325442266e-01	   6.0378481387843830e-01	   6.1203322181648501e-01	   7.6167364644637559e-01	   7.0880720654807572e-01	   6.2015315732266818e-01	   6.5733266362838727e-01	   7.3138947994304837e-01	   7.4063052160321718e-01	   7.0269608745844736e-01	   5.7462354580323527e-01	   7.0378288901218766e-01	   7.3386172174993525e-01	   8.3279951995540857e-01	   8.7055351284785376e-01	   6.7305520812939057e-01	   6.9786821276518696e-01	   7.6698011466269733e-01	   6.7391034885148315e-01	   7.4986981193803304e-01	   7.3778846901686146e-01	   4.0793020671148988e-01	   4.7963627165682143e-01	   6.2765351703009742e-01	   6.0403177464088020e-01	   6.4805277817592200e-01	   6.1695782523049136e-01	   2.4838233312779173e-01	   2.9224819947168401e-01	   5.0180434481613356e-01	   5.5947375093403717e-01	   5.5347807477114574e-01	   4.9409445759747594e-01	   3.9026788192678058e-01	   5.3480842531763029e-01	   6.5753180262986688e-01	   6.0955869914343874e-01	   6.8655423053120512e-01	   6.5514702775721356e-01	   6.5158171120692632e-01	   6.2768179430966908e-01	   7.2622337495521805e-01	   7.0306859484168882e-01	   5.1488246023386197e-01	   5.0044516774825742e-01	   8.5323444584430674e-01	   8.6053210618232856e-01	   5.1864864929314980e-01	   4.0768546909268966e-01	   1.9146509467997713e-01	   2.0217055258517719e-01	   7.7973789862539514e-02	   1.4317141257731036e-01	   7.0832348601502448e-01	   5.5212883254294520e-01	   7.3782799643972341e-01	   6.9609938178993391e-01	   3.8122180081978890e-01	   3.7015743117680411e-01	   4.4052361386727079e-01	   3.7235285187136336e-01	   2.2798482817344523e-01	   4.5840917199746234e-01	   4.5398876243350528e-01	   2.9129972233652102e-01	   3.3777101048133473e-02	   3.9000194604693394e-01	   6.7800745530841966e-01	   7.1404821418200370e-01	   3.7456236910915053e-01	   5.7189094952527952e-01	   4.1019899865267134e-01	   2.0857704258128432e-01	
   8.6483863006775197e-01	   8.0468775656193925e-01	   0.0000000000000000e+00	   8.3941750878679922e-01	   7.9731111118146780e-01	   7.3043676602291630e-01	   8.7881960665691217e-01	   7.2217974796325057e-01	   7.2349174196722943e-01	   6.7399236629072579e-01	   7.5262809587485924e-01	   7.4609691239761433e-01	   7.8706528279556265e-01	   7.6430342371210536e-01	   8.1506357625021164e-01	   8.4538497000561552e-01	   6.0662783579443202e-01	   5.5161555724315359e-01	   7.6082164735364832e-01	   7.2645865338706994e-01	   2.8179308595753355e-01	   5.0507805659355443e-01	   8.4459212821147100e-01	   8.1977496631907543e-01	   6.9314330500732035e-01	   6.9366679335876558e-01	   6.4834640539900312e-01	   6.2651463894611292e-01	   5.0869298162629450e-01	   5.7849150454095610e-01	   7.6989752097250497e-01	   8.0573317072237172e-01	   7.8862433428832190e-01	   7.8303953344584243e-01	   4.7520335665772778e-01	   5.7658918217789745e-01	   6.1407765671131709e-01	   6.6830491893237298e-01	   6.5407750486325922e-01	   6.3790461246575225e-01	   6.6672119205445202e-01	   7.9787185262165983e-01	   7.6672452687932435e-01	   6.6572862276954869e-01	   6.0243996775199304e-01	   6.1413043046502047e-01	   7.8099315654866319e-01	   7.6580725773600156e-01	   6.5778965901080222e-01	   6.5518315528876658e-01	   7.7894463285212301e-01	   7.2405834292072457e-01	   7.2235778679893059e-01	   5.3941689958264116e-01	   7.2359184126317677e-01	   6.8633813800377541e-01	   6.6738848699106190e-01	   7.1965728572274557e-01	   7.2896029495047132e-01	   6.7876197723019316e-01	   7.5536598424382895e-01	   6.7175968272968645e-01	   6.5163640966476133e-01	   6.7415026003059886e-01	   4.9113788353893006e-01	   5.2378925024180112e-01	   7.3724045759790591e-01	   7.0596438349922686e-01	   6.4935233959291816e-01	   6.3644720893719486e-01	   3.6262726714227589e-01	   4.5138759646006965e-01	   4.9995246587677977e-01	   5.5335693871952674e-01	   4.8987535741376675e-01	   4.4662535408670034e-01	   4.6796986295825560e-01	   6.7918854329709200e-01	   5.4341222818637036e-01	   5.2200372616720347e-01	   6.2100766545443797e-01	   6.0253576587454316e-01	   5.7928559384727574e-01	   5.5174685995383455e-01	   6.3444933787817104e-01	   6.8910489860993263e-01	   4.2231968233146361e-01	   3.9407896796082736e-01	   7.7548265411026973e-01	   8.3303911919221529e-01	   6.3094649910660627e-01	   5.6333603079974592e-01	   3.7809752313784828e-01	   4.1337607873036497e-01	   6.1530997148506556e-03	   2.4962953640962324e-01	   7.4684248147878285e-01	   6.2154573950057990e-01	   7.8899631458413833e-01	   7.5882594549798599e-01	   4.5651824490631743e-01	   5.6134226531261100e-01	   5.5511635728199815e-01	   5.1890206820075957e-01	   3.7383071580144261e-01	   5.9021646741033496e-01	   4.7663281741617824e-01	   3.3968731317643119e-01	   4.4621637409140040e-02	   4.6837700574137409e-01	   7.9317929003769061e-01	   7.8307648423510789e-01	   5.9572324458878501e-01	   6.8200376174143695e-01	   5.4883395064248375e-01	   2.6704006283430431e-01	
   7.0961099863989197e-01	   7.4965853107580127e-01	   8.3941750878679922e-01	   0.0000000000000000e+00	   7.6902788715680037e-01	   8.1469053760361043e-01	   7.7307463417737654e-01	   8.9187643623817303e-01	   7.3407330627840894e-01	   7.8754097115673616e-01	   5.2337992326923866e-01	   6.4188143002831888e-01	   6.5206202961333226e-01	   7.0369497499150391e-01	   6.7561877338758114e-01	   8.2045146389170476e-01	   4.0020450854861972e-01	   3.9759036889693489e-01	   7.9202855936235195e-01	   8.0079458323836328e-01	   4.8613801292732337e-02	   3.1621129951754851e-01	   8.0341918851167449e-01	   9.1072036490667241e-01	   6.5634003103179639e-01	   6.8349217469420864e-01	   5.6716548678696499e-01	   6.3732932776843987e-01	   2.7682957167674782e-01	   3.9754517555355651e-01	   6.4883417515824771e-01	   7.2935889645263841e-01	   7.0321689710980073e-01	   7.3538978067120986e-01	   4.3624164615406724e-01	   6.3204405497123917e-01	   4.9370635372319494e-01	   5.8774769435464791e-01	   5.0163134418348143e-01	   5.3924725402956297e-01	   5.6432747745149103e-01	   7.2399036939977846e-01	   8.0634062604799550e-01	   6.3259898619188015e-01	   6.3032652838538294e-01	   6.9167137435743731e-01	   7.5194072702644799e-01	   7.1380694363350350e-01	   6.8664637409984053e-01	   7.6895237159387553e-01	   7.8872413297262056e-01	   7.6415870576540335e-01	   8.0085826685602801e-01	   5.3791433038441161e-01	   6.4960277081119711e-01	   6.0426927899668292e-01	   6.5348768716799022e-01	   7.1650038596897569e-01	   8.1295836177246539e-01	   8.2264422392996817e-01	   6.7997727966102883e-01	   6.6317476725832769e-01	   4.8763313427428379e-01	   5.7216935538527403e-01	   3.2961872474458842e-01	   5.9556794863567308e-01	   8.3719086669900822e-01	   8.4678564616474583e-01	   6.9492821120074211e-01	   6.7231486289976372e-01	   2.7521127173547066e-01	   4.3672924060749269e-01	   3.4906381075173848e-01	   4.1563521069427650e-01	   3.8108648424405078e-01	   3.1060269452726352e-01	   2.5161621907048315e-01	   5.3258778541789642e-01	   3.5417654778765939e-01	   3.4988578942878495e-01	   5.3974621420656155e-01	   5.1332101400997088e-01	   5.1104230104585158e-01	   5.2896291958269148e-01	   5.6998744090605069e-01	   6.2757178065053787e-01	   2.9871324506156538e-01	   3.6504597420514817e-01	   7.4271664024814443e-01	   8.5624142916097945e-01	   8.2038393517102848e-01	   7.2172315091829731e-01	   5.9142482202511648e-01	   5.1439919319341509e-01	  -9.9173143835872540e-03	   2.6680794724482604e-01	   6.8807716740029357e-01	   6.1154251371093749e-01	   8.6958896855163670e-01	   8.3526834412546980e-01	   6.6309318053274735e-01	   6.1144401542011584e-01	   7.4957521368645774e-01	   6.5215887890605773e-01	   4.1543078914206011e-01	   5.8545828650859744e-01	   6.3187147499357366e-01	   3.3511858594340738e-01	   2.4368948768283379e-02	   4.7702795427323580e-01	   8.3205421862873452e-01	   8.1773535739051262e-01	   6.2079399751164344e-01	   7.2823911193482072e-01	   4.2284682808545626e-01	   2.0850578324251523e-01	
   7.2862536255430888e-01	   6.7122412769620354e-01	   7.9731111118146780e-01	   7.6902788715680037e-01	   0.0000000000000000e+00	   8.2556818338917304e-01	   8.3792074833306729e-01	   7.5531666871723591e-01	   8.8599389938562245e-01	   8.3539066784908722e-01	   6.2762531237281216e-01	   7.4498346374055369e-01	   7.0912447052353800e-01	   7.1246152255102468e-01	   7.7302446385413248e-01	   7.6242207279494179e-01	   4.1469903044901502e-01	   5.3853119331021493e-01	   6.4901818156724767e-01	   6.8156558980591964e-01	   1.1519143693431065e-01	   2.8496683175556681e-01	   7.1570739411620143e-01	   6.8511340420695466e-01	   5.7557742795319988e-01	   5.3040930189599089e-01	   4.2405991276174998e-01	   4.6268457189874090e-01	   4.7062563855632661e-01	   5.5680590464216340e-01	   6.9442762044124628e-01	   7.0775068093281934e-01	   7.2417976497618475e-01	   7.2851668102640865e-01	   2.4895807026964656e-01	   4.6762324324406535e-01	   3.8822588700014082e-01	   4.7237358943159918e-01	   4.1174012628934609e-01	   4.5008350197398117e-01	   5.7358790880430921e-01	   6.7223646803156245e-01	   7.0705326782238642e-01	   5.4231864232858029e-01	   6.2610281413153157e-01	   6.0003279028564815e-01	   6.4797683121290617e-01	   6.5417608070653277e-01	   5.5890452735884077e-01	   5.9603669568541240e-01	   6.9951914351871380e-01	   6.3960051809615837e-01	   6.7931590916064444e-01	   5.5117663193168220e-01	   5.4376938415146214e-01	   5.4263979024073294e-01	   5.6980779446366403e-01	   6.8244906440424735e-01	   8.0230889901313152e-01	   7.6284007514214358e-01	   8.2569281080337675e-01	   7.8915957915246415e-01	   5.4832791857657570e-01	   7.7023361016092784e-01	   4.1284814825619098e-01	   4.3086540641869686e-01	   7.3995303679364288e-01	   6.9091979734323661e-01	   5.7355771392083965e-01	   6.1801554382432577e-01	   2.6754819773351224e-01	   3.3737359436603853e-01	   3.6803601461591001e-01	   3.9770219964096964e-01	   3.7432024157654575e-01	   2.6346769064701780e-01	   2.7028882102396368e-01	   5.3580496502986019e-01	   3.2181654890407230e-01	   3.6854070173142905e-01	   4.0034788136700733e-01	   4.2627949862268744e-01	   5.5185399776539745e-01	   5.4833590786253306e-01	   4.3611484716034249e-01	   4.7560321688055784e-01	   2.3131382578825255e-01	   2.2285346749198875e-01	   5.8501200568937550e-01	   7.2709480117369052e-01	   7.3368165008928710e-01	   6.4848712707005562e-01	   4.1080432337155914e-01	   4.4425724034303882e-01	   9.1624296261183832e-02	   2.2494720931188661e-01	   5.6879734467944076e-01	   5.4818627617599724e-01	   7.6105422447032556e-01	   7.6871168254948485e-01	   5.6265939719515234e-01	   5.8857461609341744e-01	   6.5344950013212166e-01	   5.9425189478852847e-01	   3.1794978082545666e-01	   4.2579028320892720e-01	   3.4875593186364862e-01	   2.1883144012163813e-01	   1.2601050884400045e-01	   3.2805924180274626e-01	   6.3580482676483030e-01	   7.5748811543803796e-01	   6.1009993137290452e-01	   6.7115798543894234e-01	   4.5327891272460230e-01	   1.1053978706592811e-01	
   7.0083171144173950e-01	   6.6765709574458088e-01	   7.3043676602291630e-01	   8.1469053760361043e-01	   8.2556818338917304e-01	   0.0000000000000000e+00	   7.3647290203680460e-01	   7.9756779966431868e-01	   7.9365889973037018e-01	   8.7693631104607328e-01	   5.6101379753560399e-01	   7.2557657815905185e-01	   6.8275727856896307e-01	   7.3466084798140341e-01	   6.5862284227818835e-01	   8.1749651140572754e-01	   3.6537819440862840e-01	   4.8543735112904030e-01	   6.6723050956926577e-01	   7.2694953883594604e-01	   4.9987229112926801e-02	   2.9741199664265072e-01	   6.4440205454766930e-01	   7.1838396146124450e-01	   5.1798844483732642e-01	   5.7231599488312868e-01	   4.3120803608329550e-01	   6.1730290381672770e-01	   3.5465348227378829e-01	   5.2856550614311582e-01	   5.6554872376570797e-01	   6.3304522840418886e-01	   6.3957271189279219e-01	   6.6143445677838097e-01	   1.9480996897274966e-01	   4.0951396797479850e-01	   3.1482524749328406e-01	   4.4078666721356397e-01	   4.0079007475224138e-01	   4.0757194902104504e-01	   5.0371935890452035e-01	   6.9428179669794765e-01	   6.9861680672011728e-01	   4.8662343320118473e-01	   5.2285490189032324e-01	   5.9134680088849301e-01	   6.5090481570699943e-01	   6.0522226580881466e-01	   5.7326211948206440e-01	   6.8614240771878721e-01	   7.7202265249409130e-01	   7.3078441555362206e-01	   8.1209751161954791e-01	   6.2060304158948343e-01	   5.6633912189179503e-01	   5.6649640728091655e-01	   5.7617254592683953e-01	   6.6503422943722912e-01	   8.1034071512630845e-01	   8.1006130480909111e-01	   7.5190076639198344e-01	   6.6016742739566969e-01	   4.7737138233546911e-01	   6.2101932259487558e-01	   2.0183394302710450e-01	   3.1488077300259004e-01	   7.1951235092376264e-01	   7.0157331750463592e-01	   6.0224786997079061e-01	   6.4528297296233428e-01	   2.0317811173238870e-01	   3.2684206278134920e-01	   2.8983719940131003e-01	   3.9448669313763995e-01	   3.4106470299458758e-01	   2.3178543905360655e-01	   1.6056456858375123e-01	   4.7670920358292102e-01	   3.0171835463544816e-01	   3.0161582504670553e-01	   3.6317342191625196e-01	   3.4641797900845356e-01	   4.8174158631983660e-01	   4.9068298180813508e-01	   3.2145246884144563e-01	   4.1268566456853462e-01	   1.4121585802084852e-01	   1.7144905474602157e-01	   5.3735761502451451e-01	   7.1460056621263868e-01	   7.7588243280627234e-01	   6.5140990825471989e-01	   4.4090771777554189e-01	   3.7152404235518499e-01	   1.5166828017463396e-01	   1.6168272244585552e-01	   5.7895871414205025e-01	   5.4821011651370521e-01	   7.7371989592612878e-01	   7.2731524691147886e-01	   5.5394697331370180e-01	   4.4902245181018430e-01	   6.2916228269552477e-01	   5.3934736456912624e-01	   3.6536108245323912e-01	   4.1505825928107620e-01	   4.2632067927303730e-01	   2.3620935421040962e-01	   6.6324193088502473e-02	   3.7335787218084993e-01	   6.8626976650164684e-01	   6.7573891876996073e-01	   6.0766468042791388e-01	   6.2260668119806428e-01	   4.4050427170876538e-01	   2.0845053272636166e-01	
   7.8492218945594050e-01	   6.6951079531235358e-01	   8.7881960665691217e-01	   7.7307463417737654e-01	   8.3792074833306729e-01	   7.3647290203680460e-01	   0.0000000000000000e+00	   8.1000121224332755e-01	   8.4670157292455128e-01	   7.7999328044945027e-01	   7.0466894191541640e-01	   7.2539539787086404e-01	   7.6205230683438407e-01	   7.4325355049207631e-01	   6.9047307238388445e-01	   7.5889733906450185e-01	   4.6729473293965196e-01	   4.2970699817673219e-01	   6.6120674588768913e-01	   6.2460758850539400e-01	   3.8501558243006204e-02	   2.9843950519768891e-01	   7.7024236094919363e-01	   7.6441854132369125e-01	   5.4118846328897197e-01	   5.5730657508169190e-01	   3.5252828866806857e-01	   3.9945039873615318e-01	   4.5017921292137980e-01	   5.0275804568369453e-01	   7.3697861710300483e-01	   8.1449405310562639e-01	   7.5819724253131104e-01	   7.6125794893215404e-01	   3.0658701279186484e-01	   4.3692942573733484e-01	   3.9905654534475332e-01	   4.5407742501642079e-01	   4.5487190856166526e-01	   4.3216728117849801e-01	   5.3423220102687252e-01	   6.6846914057739970e-01	   7.0288440775539063e-01	   5.3885237322060309e-01	   5.6856554435709605e-01	   5.7071485579713377e-01	   6.7977559845214519e-01	   6.4598717960804219e-01	   5.5800338001723304e-01	   5.2680317258204068e-01	   6.7252419278711129e-01	   5.6095277229831675e-01	   6.3003890165442900e-01	   4.8071255945449493e-01	   5.7440745656767445e-01	   4.8145837975418193e-01	   4.9677384342239433e-01	   5.9311809115315706e-01	   7.2561915524887621e-01	   6.3069986190514171e-01	   7.8815876176447963e-01	   7.3926970164534900e-01	   5.8114888453560898e-01	   6.9641573528226297e-01	   5.1865585381538404e-01	   5.0253905522832998e-01	   7.4003738569246136e-01	   6.6646770921777265e-01	   4.8342629753744726e-01	   5.2257853072958360e-01	   3.6422474101256935e-01	   4.1996757971844956e-01	   4.1858795371415769e-01	   4.6674941701272155e-01	   4.4151197902376238e-01	   3.3246232758318428e-01	   2.9445939208297556e-01	   6.0881451187091606e-01	   3.4092103106340271e-01	   3.4290075501529177e-01	   4.2088319610277869e-01	   4.1912535990411326e-01	   4.7391867105640684e-01	   5.2876661013066384e-01	   5.0759345848684800e-01	   5.8788939813179275e-01	   2.2252178629045727e-01	   1.9287957094540636e-01	   5.8991876472485405e-01	   7.0433824775340481e-01	   6.6149872362545681e-01	   5.4512969289978053e-01	   3.9167897493198478e-01	   3.9353840051522920e-01	  -3.8816722381293531e-03	   2.6317480265613991e-01	   6.0920984132287770e-01	   5.2721008373733991e-01	   7.6067202898287078e-01	   6.7055637281767355e-01	   4.8203225479455847e-01	   6.1608739919289168e-01	   5.8865657250436998e-01	   6.0962247783511248e-01	   3.7491388852631491e-01	   5.3731374433867329e-01	   4.6405842553376042e-01	   2.4538869418165749e-01	   6.8243729607288861e-02	   4.0440488796911389e-01	   6.6531984740709893e-01	   7.3598583016881691e-01	   5.6566368668453615e-01	   6.5812838729012657e-01	   5.2666602708001786e-01	   2.5330182431186166e-01	
   6.3340365221622597e-01	   6.4903858037423123e-01	   7.2217974796325057e-01	   8.9187643623817303e-01	   7.5531666871723591e-01	   7.9756779966431868e-01	   8.1000121224332755e-01	   0.0000000000000000e+00	   7.7907644646611307e-01	   8.5790827433889560e-01	   5.3888058968501884e-01	   6.8968182070580197e-01	   6.4249756254009138e-01	   7.7090308472334734e-01	   6.4147097925482433e-01	   7.6449377240872984e-01	   3.2774582873571456e-01	   3.4041684819455548e-01	   6.4282966974813927e-01	   6.5523819505943270e-01	  -1.2405542050268323e-01	   1.8117784944101117e-01	   7.3306073654951898e-01	   8.2879927488119054e-01	   4.7862607945501900e-01	   5.5381184603394584e-01	   3.3584530714353356e-01	   4.4326539382301783e-01	   2.6194639744963827e-01	   3.5217387861127303e-01	   5.8355400599100193e-01	   6.9494801444989929e-01	   6.0901759382512788e-01	   6.6284676921526553e-01	   2.6511963980181735e-01	   4.6386368477832285e-01	   3.0029063810926815e-01	   4.4935873950577687e-01	   3.7815180800759252e-01	   3.7558450309642699e-01	   4.9900616811219223e-01	   6.3750467208207828e-01	   6.9760647099760609e-01	   4.6073295081702953e-01	   5.4524795661050307e-01	   5.8953158917134496e-01	   6.3278257089980405e-01	   5.6824318560079967e-01	   5.7185004540130413e-01	   6.3473654311368122e-01	   6.6476178010211440e-01	   6.1788287020000765e-01	   6.8744520265773901e-01	   4.5067203763191155e-01	   4.8684067240013346e-01	   4.0601550329251673e-01	   4.7599413710139454e-01	   5.7481977144179197e-01	   7.2741102936339019e-01	   7.3001452845490178e-01	   6.9110291571642091e-01	   7.1442483013847136e-01	   4.5281047334135149e-01	   5.5018601157413227e-01	   3.3951205979924137e-01	   5.9204386018299116e-01	   7.3143741519900241e-01	   7.1985392542868998e-01	   4.7861908691566768e-01	   5.4443739208839181e-01	   2.6753473967405594e-01	   4.7879210318804016e-01	   2.9833172849731632e-01	   3.8642721798944374e-01	   4.2331494094690647e-01	   3.0628368458224192e-01	   1.4193045346789740e-01	   4.8551678335735182e-01	   2.2652399006874457e-01	   2.7067438865411647e-01	   4.3946501219356204e-01	   4.1857943403579378e-01	   5.3037145453851786e-01	   5.0634006176064128e-01	   4.7308430782258937e-01	   5.5476150293826265e-01	   2.2088916332966640e-01	   2.3540434963096535e-01	   6.0213435714604358e-01	   6.9972305949450431e-01	   7.7503290250268886e-01	   5.9095311182178445e-01	   5.3679384520919449e-01	   4.1470379575059824e-01	  -1.2036115543151174e-01	   1.9644639120079160e-01	   5.2276854525714411e-01	   4.2157812566644937e-01	   8.0381325582488938e-01	   6.9102396680564016e-01	   6.0176100851675329e-01	   5.6568696299295762e-01	   6.5182865153863090e-01	   6.0443014116976190e-01	   2.4026275092163951e-01	   4.0762781277635995e-01	   5.5175587836854612e-01	   1.6817060475350021e-01	  -4.8008525438112293e-02	   3.3532293264669588e-01	   6.5319917540569772e-01	   7.0899139472277295e-01	   5.6486593599513490e-01	   6.2174761353413321e-01	   3.5247074550168139e-01	   1.0490335580101451e-01	
   6.3777684340753160e-01	   5.8900685135005770e-01	   7.2349174196722943e-01	   7.3407330627840894e-01	   8.8599389938562245e-01	   7.9365889973037018e-01	   8.4670157292455128e-01	   7.7907644646611307e-01	   0.0000000000000000e+00	   8.6950628297971733e-01	   5.2794818355686612e-01	   6.5371240821966825e-01	   6.5172288585653837e-01	   6.5561222553730869e-01	   6.3115390694749063e-01	   7.1324318550828103e-01	   3.2239121900805578e-01	   4.3075177480401555e-01	   6.3924442970742212e-01	   6.6405721462124268e-01	  -8.8452340248881170e-02	   1.3142334753634355e-01	   7.3246171299400786e-01	   7.2106760023579874e-01	   4.6053995391993024e-01	   4.3633917582138060e-01	   2.7281277049295688e-01	   4.0879304549160639e-01	   2.8221141145579853e-01	   3.9232623735370631e-01	   6.0821443080108684e-01	   6.5316995489295571e-01	   6.4679849111930332e-01	   6.4248133844882793e-01	   1.4110060909397840e-01	   3.5098466267283385e-01	   2.6674104914481400e-01	   3.5725167949099224e-01	   3.3394298463895805e-01	   3.3319654091310952e-01	   5.0718870710416508e-01	   6.0347157361726655e-01	   6.7757289091407547e-01	   5.2233396535028387e-01	   5.6960857994016423e-01	   6.1343088797334477e-01	   5.9865517956396852e-01	   6.2046141743517702e-01	   5.3094481327675247e-01	   6.1671936962477436e-01	   6.6051472889332319e-01	   5.9865156131160546e-01	   6.9338196475727631e-01	   6.0993024769443505e-01	   5.0013469990620441e-01	   4.7916319215678449e-01	   5.1132273360961911e-01	   6.2152993717940797e-01	   8.0046685310363475e-01	   7.5737006209365298e-01	   7.8917829989997446e-01	   7.1879909117281982e-01	   5.0086305310881607e-01	   6.5820557583184258e-01	   3.5268608928256812e-01	   3.3879795689385217e-01	   7.4292155186320430e-01	   6.5087910942119620e-01	   5.8564819210888586e-01	   6.7193301875669520e-01	   1.9062374615364058e-01	   2.2870934765145545e-01	   2.1159561537833238e-01	   2.6871429890398718e-01	   2.8360895537821157e-01	   1.8793907745218097e-01	   5.7088963434463118e-02	   3.8039474333909412e-01	   2.8510804259176087e-01	   2.7668061160211666e-01	   3.1605485560974372e-01	   3.3535717904510542e-01	   3.7888547041136900e-01	   4.6237710055218217e-01	   3.1649599816353569e-01	   3.4168456263655933e-01	   5.5838887019121222e-02	   5.2774617881203273e-02	   4.8211630453130166e-01	   6.5956552312140904e-01	   7.6068725842493956e-01	   6.6049677233618664e-01	   4.5134138831756171e-01	   4.5636540450539442e-01	  -7.5858175382808417e-03	   1.0876760415943801e-01	   4.8698461428353423e-01	   4.6219261435983239e-01	   7.5997853891772449e-01	   7.3223495031590113e-01	   5.9793580081373676e-01	   6.1054991354753041e-01	   6.5900426740193863e-01	   6.2532575259008216e-01	   3.2636735335021932e-01	   3.9166829522293745e-01	   3.2651088456552635e-01	   2.1996182030603303e-01	  -6.3812056848997462e-02	   2.4293132740486495e-01	   6.3530065641084899e-01	   6.7146861487938037e-01	   5.4130410408899843e-01	   6.1962231758683894e-01	   3.7504564147357855e-01	   4.4985609703237533e-02	
   6.6711349064036174e-01	   6.2229230563185289e-01	   6.7399236629072579e-01	   7.8754097115673616e-01	   8.3539066784908722e-01	   8.7693631104607328e-01	   7.7999328044945027e-01	   8.5790827433889560e-01	   8.6950628297971733e-01	   0.0000000000000000e+00	   5.5097842896348603e-01	   7.3402432232847903e-01	   6.6110270804109827e-01	   7.2717671757789648e-01	   6.1415862292830248e-01	   7.3719418842638240e-01	   3.7314015527006472e-01	   4.6852630372023840e-01	   5.9850556547224798e-01	   6.3844924906615452e-01	  -9.7485118795424902e-02	   1.4642841743806606e-01	   6.1371172696523679e-01	   6.6311287724529233e-01	   3.8262590698108601e-01	   4.1289542939143381e-01	   2.6314958761849178e-01	   4.1710572868948226e-01	   3.4352571676999533e-01	   4.7827353872047884e-01	   5.4656179906555646e-01	   6.1243921746896179e-01	   6.3966054202517952e-01	   6.5298370755408963e-01	   6.9323415390812881e-02	   3.0028825322618713e-01	   1.8193248932391032e-01	   3.4157167681072736e-01	   3.0342634806192070e-01	   3.1060893829313413e-01	   4.3983776318577583e-01	   5.9780373291352340e-01	   6.5876167284023879e-01	   4.4054221547469496e-01	   5.2310643979954075e-01	   5.5325791375717737e-01	   6.1688111402710066e-01	   5.6237010226971029e-01	   5.2225418979834637e-01	   6.0924321979111684e-01	   6.6755818818334367e-01	   6.0612521165128530e-01	   6.8361999034353760e-01	   5.3828945897272096e-01	   4.6969745595339424e-01	   4.4610448868625874e-01	   5.1551648135395245e-01	   6.0885831653055866e-01	   7.9097315847914107e-01	   7.4719047420362295e-01	   8.0137667256136114e-01	   7.4797022135501023e-01	   4.7720596490028955e-01	   6.6855363055552164e-01	   2.4865182255571999e-01	   3.4791553240425471e-01	   6.9826284581786568e-01	   6.4614894260781164e-01	   5.2420753122730257e-01	   5.6785287382060023e-01	   1.4558508915262083e-01	   2.7214038062189960e-01	   2.6690648946109985e-01	   3.4479986305715349e-01	   3.2993538414103130e-01	   2.3215726261312461e-01	   8.4857822203664487e-02	   4.2098051440524509e-01	   2.6670575214107101e-01	   2.2950301916161622e-01	   3.3643497371476289e-01	   3.3220164163391785e-01	   4.1969507018293528e-01	   5.2062662568108442e-01	   3.1672541041022007e-01	   3.9440450383276043e-01	   8.5481718388473543e-02	   9.2413518613372478e-02	   4.6379194742406055e-01	   6.3240349673168883e-01	   7.6274786675106232e-01	   6.4343734246505280e-01	   4.7953109642302216e-01	   4.5520239038467941e-01	   2.8642687235147977e-02	   1.9307492962273731e-01	   4.9709437535414358e-01	   4.8074750062036914e-01	   7.8936828569971107e-01	   7.3059282411745130e-01	   6.2199123810192292e-01	   5.8045835997747419e-01	   6.8432007285683916e-01	   6.5311191240811561e-01	   2.7706352414203572e-01	   3.9526302049471851e-01	   4.6108114043274284e-01	   2.2721042986835605e-01	   1.9137314636622278e-02	   2.8268191421842481e-01	   5.9727896230830746e-01	   6.7638087344890818e-01	   5.4496992307981273e-01	   5.9472481608375005e-01	   3.3942405790572500e-01	   7.4096641281927417e-02	
   8.3455298855986637e-01	   7.2769125409764124e-01	   7.5262809587485924e-01	   5.2337992326923866e-01	   6.2762531237281216e-01	   5.6101379753560399e-01	   7.0466894191541640e-01	   5.3888058968501884e-01	   5.2794818355686612e-01	   5.5097842896348603e-01	   0.0000000000000000e+00	   8.5428285476893295e-01	   9.1355723546365097e-01	   8.3896017801506950e-01	   7.7801384290973974e-01	   6.9342182574297850e-01	   7.4604209864114579e-01	   6.8208881361173090e-01	   6.1925854520146495e-01	   6.2193632837821800e-01	   2.8659876756752167e-01	   4.6252077910659417e-01	   5.3569620806693474e-01	   4.6081946485388348e-01	   4.0090055193524299e-01	   4.5999628070603105e-01	   5.3950303507441655e-01	   5.2644401813334707e-01	   7.1088506142136687e-01	   7.4517220527862538e-01	   5.9665841690994803e-01	   5.8837459511056389e-01	   6.9934247548326156e-01	   7.1537168441295984e-01	   2.3865706434994413e-01	   2.8479170373011126e-01	   4.4374833554230686e-01	   5.0178620173831345e-01	   5.8206085628262905e-01	   4.5801098528892181e-01	   5.3296390773059765e-01	   6.1829989207213076e-01	   5.7608479468333407e-01	   5.4914825617603447e-01	   4.5887986182748552e-01	   4.2836207928146419e-01	   6.9082962978849605e-01	   6.1143368800319831e-01	   5.4491888896150509e-01	   4.3831431363011342e-01	   5.9973720462277047e-01	   5.5266499171925432e-01	   4.8187272252006474e-01	   3.9949319403105082e-01	   6.2076613457903640e-01	   5.7404901495249749e-01	   5.6880695694914563e-01	   6.0976801001868508e-01	   5.1260950881824097e-01	   4.8981013184229649e-01	   7.5209263770784007e-01	   6.8234291480057485e-01	   7.1252694756091550e-01	   6.7847006713325919e-01	   3.9936427052958545e-01	   3.8651345717569641e-01	   4.7602427059079389e-01	   4.1449314727334430e-01	   4.0316229004249726e-01	   4.2767126230744562e-01	   3.5804958931629471e-01	   4.2020090437214430e-01	   6.3786928468830917e-01	   6.7547429189038399e-01	   6.3975244393574338e-01	   5.6820835147770266e-01	   4.8706254421846673e-01	   6.6548999199560233e-01	   6.2532858674036751e-01	   6.0611657845238842e-01	   6.8902494515878687e-01	   6.8667571014989259e-01	   5.7694734625244726e-01	   5.4248146627536675e-01	   6.2186940165055193e-01	   6.7117418357484848e-01	   3.7650192386622694e-01	   3.3267508513731714e-01	   6.4566857497209218e-01	   6.2319347987539830e-01	   3.9090101352403150e-01	   2.5703820318703707e-01	   1.1740698855316731e-01	   1.9236412515877582e-01	   3.8250844489379349e-02	   1.7523327639127104e-01	   6.2386661692195655e-01	   4.5471062161897213e-01	   6.3367619469823000e-01	   5.4401533084825926e-01	   2.6440331157373687e-01	   4.1462878240356676e-01	   2.9215602218458475e-01	   2.7524394458400758e-01	   1.3759588890852581e-01	   3.4759553829613732e-01	   2.2035682569007059e-01	   2.3018900753425581e-01	   1.8273577600725668e-01	   3.6329828327340252e-01	   4.7751172139785425e-01	   6.7151761672986121e-01	   4.6072715794908031e-01	   5.3100042165829109e-01	   4.7247397775846722e-01	   2.2808700184206876e-01	
   8.5755769940702709e-01	   7.6896660892963187e-01	   7.4609691239761433e-01	   6.4188143002831888e-01	   7.4498346374055369e-01	   7.2557657815905185e-01	   7.2539539787086404e-01	   6.8968182070580197e-01	   6.5371240821966825e-01	   7.3402432232847903e-01	   8.5428285476893295e-01	   0.0000000000000000e+00	   8.6875946337493204e-01	   9.4779374593485377e-01	   7.9222846704690686e-01	   7.8366373566838576e-01	   6.0229975752757592e-01	   6.3480898885382619e-01	   6.0947958498828469e-01	   6.6218345734430539e-01	   2.4019982958715611e-01	   3.8335271820457117e-01	   5.6214422532086827e-01	   5.4822739946110821e-01	   3.7585186827460487e-01	   4.6300336506961448e-01	   5.2056133530549453e-01	   5.3506803707807837e-01	   6.2572992633694968e-01	   7.1068935250619236e-01	   5.7472583708370062e-01	   6.2074839093635825e-01	   7.0649641310503142e-01	   7.3908716902709248e-01	   8.3522933974545494e-02	   2.4030026321067072e-01	   4.0750786344687562e-01	   5.1150800054580048e-01	   5.4869004602790405e-01	   4.6313355152024871e-01	   5.5866556476391505e-01	   6.5896290919177225e-01	   6.0480062868831674e-01	   5.0380462559172023e-01	   4.7677842785145375e-01	   4.3518008280916293e-01	   7.0882928362458253e-01	   6.2053130519306232e-01	   5.4644222384072172e-01	   5.2080339953642585e-01	   6.8630900874181378e-01	   6.8145956436139588e-01	   6.2190903353527283e-01	   4.4149169507793096e-01	   6.4438124756343840e-01	   6.0898661629666662e-01	   5.7234052703045324e-01	   6.4164773819713894e-01	   6.4437473990613903e-01	   6.2306812936803901e-01	   8.3529245658924389e-01	   7.7545413841036193e-01	   6.6652756892789633e-01	   7.8301527862435605e-01	   3.1169782214710284e-01	   4.1256784874614683e-01	   5.1881462073225415e-01	   4.8374669302070256e-01	   4.9666397412321717e-01	   4.8580969996095957e-01	   3.9634605568669351e-01	   4.2308809726855490e-01	   5.7473390100632638e-01	   6.2563668102152548e-01	   5.8590921918207073e-01	   5.5470604025760750e-01	   3.5561619749216622e-01	   6.1775691041481251e-01	   4.9157582176559506e-01	   4.8690849354172167e-01	   5.7811727804428092e-01	   5.4863817208210530e-01	   6.5972721025179659e-01	   5.8919344407388863e-01	   5.2491690968287785e-01	   6.3595743288779505e-01	   3.8442293834006808e-01	   3.0439912685069603e-01	   6.6486450854031731e-01	   6.9431618531542250e-01	   5.0329709395751543e-01	   3.2124665972937910e-01	   1.3137890764854354e-01	   1.7291410386182327e-01	   7.3741910946799924e-02	   1.6659300837858901e-01	   6.0208544335120417e-01	   4.7747345534567320e-01	   6.9917771269669893e-01	   5.8735147679097643e-01	   2.9544538942917953e-01	   3.7196573926180354e-01	   3.3980160931503967e-01	   3.1818990310213474e-01	   1.8227462814333073e-01	   3.6139124582623494e-01	   2.8344785941291062e-01	   1.9053859310724497e-01	   1.0437787486828320e-01	   3.1076307950447396e-01	   5.0271935607174967e-01	   6.5498659494016853e-01	   4.6809926106013688e-01	   5.1012571254433992e-01	   5.3468845275464816e-01	   1.6852489745269539e-01	
   8.2369976533567835e-01	   7.1819655069363530e-01	   7.8706528279556265e-01	   6.5206202961333226e-01	   7.0912447052353800e-01	   6.8275727856896307e-01	   7.6205230683438407e-01	   6.4249756254009138e-01	   6.5172288585653837e-01	   6.6110270804109827e-01	   9.1355723546365097e-01	   8.6875946337493204e-01	   0.0000000000000000e+00	   8.7480452750697246e-01	   7.3263160077902278e-01	   7.1883233706868255e-01	   6.2863846646185706e-01	   5.9007096324071406e-01	   6.5882951533777356e-01	   6.7236019783552936e-01	   2.2687877743042631e-01	   4.2070250774116891e-01	   5.4449979274819160e-01	   5.4237243344127295e-01	   4.1660058108275733e-01	   4.8498237155698259e-01	   5.1681505708589126e-01	   5.4852968189483864e-01	   6.0403663038508759e-01	   6.8159217644812786e-01	   5.6345198609484637e-01	   6.2459597381299681e-01	   7.3604651122074294e-01	   7.5534874603124280e-01	   1.9195983067209177e-01	   4.1645150409928111e-01	   4.1457943392945751e-01	   4.9596414951038204e-01	   5.1632240607550617e-01	   4.5991916629268048e-01	   5.1733557500606686e-01	   6.0582589758527861e-01	   6.9845776105218516e-01	   6.5361856398763885e-01	   6.0256873389252719e-01	   6.1116147368948348e-01	   7.7608137416638756e-01	   7.0587257474881815e-01	   6.8585288401019717e-01	   6.0865541947984436e-01	   7.2647278777388902e-01	   6.6165050503912592e-01	   6.1434998177968192e-01	   4.5145587658593378e-01	   6.7548631061983977e-01	   6.3610089754650789e-01	   5.7170490063536494e-01	   6.0625469429745094e-01	   6.7299287015329923e-01	   6.7079417686079401e-01	   7.9931914375067414e-01	   7.6691707129243136e-01	   6.4576926706320636e-01	   6.9762801033751343e-01	   3.3197168274336497e-01	   3.9958942596810376e-01	   6.1133668202771574e-01	   5.9567616295993608e-01	   4.4676297165788054e-01	   4.7082221218457965e-01	   3.2262043112036048e-01	   4.2808071735929687e-01	   5.9282778258952029e-01	   6.3881868577879375e-01	   5.5946407157202938e-01	   4.9983369771394509e-01	   3.2438384520137137e-01	   6.0228474853628367e-01	   5.4254175461472531e-01	   4.7270375022603373e-01	   6.1776272165748636e-01	   5.9932518523511868e-01	   4.9355412850556468e-01	   5.0841914261583143e-01	   5.3724989734488182e-01	   6.5986723841013806e-01	   2.4543181246223200e-01	   2.7330303084948443e-01	   6.4576635993514542e-01	   7.1079873414717298e-01	   5.5373366393587409e-01	   3.7380701859871873e-01	   2.1933324730652848e-01	   2.9549508555915821e-01	   1.0108315561974385e-01	   2.7116566911345502e-01	   6.5855628844296155e-01	   5.8246349916254825e-01	   7.3687711891180740e-01	   6.4682550492216806e-01	   3.9322902001072246e-01	   5.1645630019203492e-01	   4.3724922105493436e-01	   3.9726003270449806e-01	   2.7540494506656577e-01	   4.0124508663826880e-01	   3.1100654847097947e-01	   2.5027770757141488e-01	   1.2709798890125135e-01	   3.7850600583394073e-01	   5.6820022367916656e-01	   7.3116818136208084e-01	   5.0070391640385092e-01	   5.9257373064913210e-01	   5.2733904358458217e-01	   2.8880862134035035e-01	
