   0.0000000000000000e+00	   6.7869563035432778e-01	  -1.6801584079286197e-01	  -2.3015213990920946e-01	  -2.8304292007182591e-01	  -1.2073829851520304e-01	  -1.5255646383041532e-01	  -1.9193558376515360e-01	  -3.0332429810068909e-02	   1.3831852261260666e-01	   5.7844679890651984e-01	   6.0951426153969346e-01	   3.2226047913636274e-01	   2.0624660100856887e-01	  -2.0655646000912610e-02	   2.6526074726733828e-01	   6.1384745462689527e-01	   5.9865950414474023e-01	   4.5764674606352762e-01	   4.2372683435233660e-01	   1.3946370534681074e-01	   6.8558671067367183e-02	  -2.6033499572033231e-01	  -2.9692908214974734e-01	  -1.8105854815537231e-01	  -2.2634983555366267e-01	  -1.9999578471913193e-01	  -2.1674084842472491e-01	   3.0128634087199413e-01	   2.6380633647544849e-01	  -2.4658644818094846e-01	  -3.1716523493143645e-01	   3.0597488071227275e-01	   1.6594293755448730e-01	  -7.7792270466980756e-02	  -2.0162461898609618e-01	   1.9378733323769198e-01	   3.2728225620812568e-01	   1.4823883200612276e-01	   2.8316182398701611e-01	   1.7571038045206136e-01	   3.7955802288824858e-01	   2.0416490174080262e-01	   1.1929108790043286e-01	  -1.0900350745504692e-02	   1.4847503770862117e-01	   3.4296678811235970e-01	   3.0850396080505194e-01	   4.0118195254614997e-01	   4.5321372589579206e-01	   4.4984388696929045e-01	   1.1945186265407706e-01	   4.0519140066952469e-01	   2.1528092846987071e-01	   4.5493796560587668e-01	   5.8801692973992004e-01	   7.9115576030943435e-01	   6.5551495610279131e-01	   5.1187759322199944e-01	   2.1269491453960704e-01	   3.8152695137375325e-01	   1.6108797589826743e-01	   5.7658755177989662e-01	   4.5619694319559723e-01	  -2.6517765882418515e-01	  -1.6382930571444693e-01	  -1.3917621958810947e-01	  -2.9559427665492033e-01	   4.1004424902772529e-01	   2.4468698775929495e-01	  -2.4124742935265866e-02	  -6.2826561949023323e-03	   5.2756865096289052e-01	   5.2294163455732701e-01	   3.7078342087182076e-01	   3.1506472206825098e-01	   3.5787448132771793e-01	   2.8245140376322220e-01	   4.6011587339943494e-01	   5.7589839227847650e-01	   6.0103240915122191e-01	   3.5950181324721647e-01	   1.3406478530328081e-01	   4.9627518287364336e-01	   6.8226970587511497e-04	  -1.2320687038280564e-01	   2.9460293353521998e-02	   2.8166819483718523e-02	   3.4667951698880167e-01	   1.9306248832542253e-01	  -3.9046530330339911e-02	  -3.9888598215116984e-02	  -1.7213116850487975e-01	  -9.1417555455517094e-02	   2.3506037727178503e-01	   1.2931005104364399e-05	   3.8802105133400022e-01	   2.1092406641549669e-01	   4.1353976087528999e-01	   5.8081754203111058e-01	  -5.2218025883237290e-02	   1.9124020851004059e-01	   1.0619364621782770e-01	   4.5059547476353345e-01	   1.3911940409276836e-02	  -1.0140216658169496e-01	  -1.1384556528017081e-01	   1.3230077264873574e-01	  -3.7142150182008615e-02	   2.1601970885582999e-01	   1.7640999545829592e-01	   4.0385034747035964e-01	   2.4810007816700691e-01	   1.7700564893507523e-02	  -2.5446523359013379e-01	   3.6942185746430030e-05	
   6.7869563035432778e-01	   0.0000000000000000e+00	   8.8962551839632226e-02	   1.1254682060490839e-01	   5.6555457403923690e-02	   1.1379177567960579e-01	   1.2575647576775079e-01	   1.7484620090208844e-01	   2.8480112265111623e-01	   3.4282010460597845e-01	   3.9267759727344692e-01	   5.5232501020647806e-01	   3.4878906633073375e-01	   3.4634632551444844e-01	   2.0787857799842807e-01	   4.4425845543607390e-01	   3.7768858832494845e-01	   3.6093517076468917e-01	   3.7931647895216231e-01	   5.8715465809820599e-01	   1.0414314542558564e-01	   2.7103647531048625e-01	   9.6769915688754288e-02	   8.7320982291618568e-02	   7.8266305769910727e-02	  -5.0490148894908569e-03	   9.2441403362853433e-02	  -4.7369418829231395e-02	  -3.5035862021149536e-03	   8.5394244995781812e-02	  -1.8962564305192270e-01	  -1.9729988632944950e-01	   4.1448494492948501e-01	   4.3168091645839196e-01	   2.4379599339195920e-01	   1.5021183802731225e-01	   3.5560899905885890e-01	   4.5167308789897220e-01	   3.0402213659684463e-01	   4.7701740175385704e-01	   3.4508167840930837e-01	   4.2064515121112322e-01	   4.8334213107793267e-01	   4.5312532280981571e-01	   1.7269081522303795e-01	   3.2986610390629761e-01	   6.1599222038326906e-01	   5.8439730410511126e-01	   5.0193053850313474e-01	   6.5177452735184571e-01	   6.9832548864471411e-01	   5.5079424228399598e-01	   6.0270021749016212e-01	   3.8157577483670491e-01	   6.5850826824251263e-01	   6.7845756033455151e-01	   6.2691902518394416e-01	   6.7730296857225114e-01	   5.7551708914930133e-01	   4.2832596514292176e-01	   3.2974574656824307e-01	   3.1160546342313272e-01	   2.9862074398052024e-01	   3.1283885992686838e-01	   5.6034643701856138e-02	   1.6684886721299727e-01	   2.1019104984008019e-01	   1.2890965513089842e-01	   5.9086388219529973e-01	   5.5686880885344214e-01	   1.7617663406669604e-01	   2.2288340839070747e-01	   4.8214390081456676e-01	   5.1304706966324964e-01	   3.8056253297862319e-01	   4.3315484348993227e-01	   4.6371560993281097e-01	   4.9091551034510789e-01	   4.2068141828147132e-01	   4.2559740073316932e-01	   3.8487643725966414e-01	   3.3178571438982629e-01	   3.2197175249386389e-01	   5.3918354286925241e-01	   2.4907252049624939e-01	   2.1380913022543219e-01	   1.8024705912679087e-01	   2.3721416254355937e-01	   5.1271031050942084e-01	   4.5737504318563404e-01	   3.8459206820748792e-01	   3.0409793243186090e-01	   1.9704889197385747e-01	   2.3589785614912198e-01	   2.9946009153514574e-01	   9.3983120807588444e-02	   7.1386509844401491e-01	   4.9697711504734765e-01	   6.8321318972209832e-01	   6.8953548925362518e-01	   2.8313659556579018e-01	   4.5041202224746041e-01	   4.0759126293536707e-01	   6.4474141568675969e-01	   3.3330830391314475e-01	   1.6187063751730113e-01	   2.3623400458168420e-01	   4.1179064112483865e-01	  -3.3120318815685654e-02	   5.0697984313252731e-01	   5.3582729847654031e-01	   6.2039465706280317e-01	   5.2085349582533413e-01	   3.0862418318132212e-01	   1.1658345522320773e-01	   1.1290875793957857e-01	
  -1.6801584079286197e-01	   8.8962551839632226e-02	   0.0000000000000000e+00	   6.5251008736061156e-01	   6.0872502063840361e-01	   5.5504682729907584e-01	   8.5861396587803740e-01	   7.0563977588900095e-01	   6.1717162760705579e-01	   3.8688078487497413e-01	  -1.2824376724053517e-02	   8.9482230248679739e-02	   2.2083828162185742e-01	   3.2580902977552095e-01	   5.2576579908576260e-01	   2.0415666916468367e-01	  -5.1700113579532547e-01	  -4.6085674264483484e-01	   3.2247709548234449e-01	   4.4112772055161142e-01	   6.3629301994518314e-02	   3.5583135935530841e-01	   7.4934044216569218e-01	   5.4421578958299410e-01	   5.5082878169132499e-01	   4.6937899765276170e-01	   5.8502670209668595e-01	   4.2671585750678886e-01	  -2.9081952551065854e-01	  -2.9213833021301844e-01	   4.6076541593187259e-01	   2.7557158448018781e-01	   6.1729542441437824e-01	   6.0240116046511472e-01	   5.8739614668031226e-01	   6.1024776816365056e-01	   2.7376611269588713e-01	   3.3729821178023778e-01	   2.4009816720307070e-01	   2.9234999135712436e-01	   1.3828760320751543e-01	   2.4784765450922200e-01	   5.1765935215232095e-01	   3.5598343445132180e-01	   2.5673596800784104e-01	   2.1781710257806250e-01	   5.0938735256661838e-01	   3.0545274318885057e-01	   1.1536742689056070e-01	   2.1053023423876088e-01	   2.5804756064682055e-01	   5.0117151672431404e-01	   2.2049776630671442e-01	   3.9700971201003088e-01	   2.7216852194361596e-01	   9.8698820903669937e-02	  -2.8124972340383952e-01	  -2.7740484080952604e-01	   8.1242234634255478e-02	   1.6593462297938322e-01	   3.1690985364231733e-01	   3.4695355944931916e-01	  -2.6123043492087250e-01	  -1.2652259324850307e-01	   6.9784368575940647e-01	   5.7080970506655049e-01	   6.2042861231829283e-01	   5.9162409006959660e-01	   1.9730452393633238e-01	   4.4152178495731459e-01	   2.1625118683340175e-01	   1.4041094497387138e-01	  -5.5195112002638016e-03	  -3.9574849405720628e-03	   1.4767914608630184e-01	  -3.5779976982309628e-02	   3.9373961469603924e-01	   4.2750808042991262e-01	  -4.0925047503160505e-01	  -3.1798747013972728e-01	  -4.6883877551811087e-01	  -2.5768271495340767e-01	   3.2769128341963993e-01	  -9.7756009766782281e-02	   4.4591661514932390e-01	   5.1330530581866640e-01	   2.9344891323688682e-01	   2.0574530376618050e-01	   2.4703884564937514e-01	   4.0582641742660919e-01	   5.9052213532770081e-01	   6.7962627698991751e-01	   5.9397895340161999e-01	   6.6242572700495583e-01	   1.1103093049894423e-01	   2.1658137572427411e-01	   2.4271059079247392e-01	   1.5767616667699305e-01	   3.7656690259545278e-01	   2.7534380070104653e-01	   4.2357703653614792e-01	   4.4123767305347306e-01	   2.5135407022885531e-01	   2.3436508524845157e-01	   3.7254897228604522e-01	   3.2600218313734275e-01	   4.3779257298989410e-01	   4.7013289755366539e-01	  -1.8358083929315633e-01	   1.9877502455449575e-01	   4.4284643833641335e-01	   3.2712564442443737e-01	   4.2208920881083256e-01	   3.7550617438408285e-01	   4.3059173126895800e-01	   1.0028421804329844e-01	
  -2.3015213990920946e-01	   1.1254682060490839e-01	   6.5251008736061156e-01	   0.0000000000000000e+00	   6.6379974177913414e-01	   5.4460734216869788e-01	   5.8857673501004282e-01	   7.9353070297387918e-01	   5.7444240501084209e-01	   4.2376926867462711e-01	  -2.2376934035503954e-01	   2.1630625303831427e-01	   1.4133111173236876e-01	   5.6437366305316816e-01	   5.3149712850501885e-01	   5.7976070479927189e-01	  -5.1522633957362340e-01	  -4.5008132660306599e-01	  -7.1936255884002570e-02	   2.1071812127302678e-01	   3.3495410575835372e-01	   4.6827559378979033e-01	   6.9451764182335629e-01	   8.0248314774243834e-01	   5.3092276813184491e-01	   5.9500711530069694e-01	   6.6457539448427860e-01	   5.0803459391510830e-01	  -4.1320186098771405e-01	  -2.6464702903822523e-01	   4.7953292229334765e-01	   4.6110527625763215e-01	   4.2333869285267156e-01	   6.7928542877121589e-01	   5.9742319547957723e-01	   7.1456736891806472e-01	   4.0955863499096523e-01	   3.3747929947515776e-01	   2.7761931198564338e-01	   3.6533663825025309e-01	   2.8063945435683152e-01	   3.1880857157562936e-01	   5.0837109688210846e-01	   3.4084124424538542e-01	   4.9136180776578164e-01	   4.9976444212467752e-01	   3.9923244080918419e-01	   2.5648363843464328e-01	   1.6671846941546639e-01	   2.6295409423749105e-01	   1.9430508383547065e-01	   4.0129153973721071e-01	   1.7482445232896429e-01	   1.4375417916645522e-01	   3.0575809103228935e-01	   9.4907812881548037e-02	  -1.8144385960823009e-01	  -1.0069276094793136e-01	   1.9492976242656035e-01	   4.0839371250634482e-01	   3.1185649684704841e-01	   6.4496143167695019e-01	  -2.8352507452196074e-01	   9.6520993650869233e-02	   7.1720844489644597e-01	   7.0269611154890588e-01	   7.2294259339126010e-01	   7.7942639736194319e-01	   4.7896531118730309e-02	   2.9738524203803274e-01	   3.2811731462933746e-01	   4.2124956234242633e-01	  -3.9206507063278190e-02	   1.5169710399637415e-01	   1.0626785077748366e-01	   9.2887030226409720e-02	   2.1484174610004053e-01	   4.9929890532352711e-01	  -2.4185648891485712e-01	  -2.7347334562571979e-01	  -4.5886604612663451e-01	  -1.3404240557287511e-01	   5.0809827050581191e-01	  -3.7500638085439651e-02	   6.3331491207957991e-01	   8.1350910065192994e-01	   6.7143031821806498e-01	   4.7781280265611187e-01	   4.5817515211033732e-01	   5.7842655180682412e-01	   5.7222446150842421e-01	   4.5171344456420681e-01	   5.2906598120235437e-01	   4.8275065353889585e-01	   6.9262925614910376e-02	   1.0578306720974569e-01	   2.5289148306133752e-01	   3.3668647708453520e-01	   2.4545059999801389e-01	   3.8754693584324859e-02	   3.1389207661999641e-01	   2.2190847018764501e-01	   3.2664169856801512e-01	   9.9501340197339860e-02	   4.5425256120643792e-01	   2.4996914079847782e-01	   4.0013741139280401e-01	   3.5387865570759491e-01	  -1.2705831487721553e-01	   2.6049384836572193e-01	   3.9850913130322885e-01	   2.0265755261725077e-01	   1.8871417793099199e-01	   3.3718543444523841e-01	   4.0966123302176516e-01	   5.2229393644620120e-02	
  -2.8304292007182591e-01	   5.6555457403923690e-02	   6.0872502063840361e-01	   6.6379974177913414e-01	   0.0000000000000000e+00	   6.6534905044433079e-01	   5.6489606548081872e-01	   7.1246484973517688e-01	   5.9842486745327750e-01	   3.7159880853186578e-01	  -2.4813570498883358e-01	   2.5398855022809013e-02	   1.3763859014048124e-02	   3.3888474977228233e-01	   3.8536929904838180e-01	   3.8254942150405480e-01	  -5.2723138103411515e-01	  -4.7655882329226884e-01	  -2.9203033660313859e-02	   1.6157590015595669e-01	   2.7888471443674950e-01	   5.1931835199221144e-01	   6.5867350287312143e-01	   7.1462855893503552e-01	   6.9502590215796201e-01	   6.7652900116429560e-01	   7.8374993868172471e-01	   7.3614482663714687e-01	  -4.6104746975532296e-01	  -3.8275483909231212e-01	   4.1596947258771716e-01	   3.5203013540946304e-01	   3.7221941809353565e-01	   5.7545213572457343e-01	   6.1599982467976955e-01	   6.7963203833804986e-01	   3.5778912904791665e-01	   3.5160211037360145e-01	   3.2938468309591351e-01	   4.8108905272567259e-01	   3.9251655678898939e-01	   2.9766154694601066e-01	   4.7357710720544732e-01	   3.6922733466196722e-01	   3.8960841356490855e-01	   3.8670248427163595e-01	   4.2463534022612248e-01	   3.3833457854716276e-01	   1.0073694550200216e-01	   1.5929027727566208e-01	   1.7407043073078349e-01	   4.8316108366651450e-01	   1.9140196845602181e-01	   2.0682606523818825e-01	   2.3849778586151960e-01	   8.8740775192743176e-02	  -2.9991627010706456e-01	  -2.0440090174857620e-01	   5.6669872536019530e-02	   2.2347871916528106e-01	   1.5942787812100295e-01	   5.1817435162878267e-01	  -3.4623011021724104e-01	  -1.5751966010576607e-01	   5.7015466648033131e-01	   6.6089644896339172e-01	   6.3824662005536903e-01	   7.0914931904003387e-01	   1.1427885098646980e-01	   3.4059197920262579e-01	   2.1353199750880397e-01	   1.5404305879127134e-01	  -4.4681366553310724e-02	  -1.1925810677440282e-01	   1.0267917609830143e-01	   3.6172670730862957e-02	   6.3963428846228562e-02	   3.5396934025786841e-01	  -2.9816050978460362e-01	  -3.1312428768254241e-01	  -4.2368904486019293e-01	  -2.5464604386069067e-01	   3.7465994190421686e-01	   3.5449856540531997e-04	   5.1643235630290774e-01	   6.4107664287353927e-01	   5.3903340295636526e-01	   4.7030121146946480e-01	   3.5161821439022778e-01	   5.2251554665605771e-01	   5.2532030570990107e-01	   5.1092967389222532e-01	   5.0032189765491875e-01	   4.6900365374884001e-01	  -6.8082559900990727e-02	  -3.3683017367227607e-03	   2.2129709024464661e-01	   2.8031264585414872e-01	   1.9350875810334761e-01	   6.3296250665066493e-03	   2.5558113158656481e-01	   2.7578251336488813e-01	   1.4982551034085309e-01	   1.3844349644782844e-01	   3.4111935521380798e-01	   2.2356218860163060e-01	   3.8303557458510895e-01	   3.9999666347361129e-01	  -1.0865432912839545e-01	   3.0483673900399511e-01	   4.8390608483961928e-01	   1.8549014253381363e-01	   2.4199429583312457e-01	   3.0870411604187070e-01	   4.3089898959579864e-01	  -1.9362253375615361e-02	
  -1.2073829851520304e-01	   1.1379177567960579e-01	   5.5504682729907584e-01	   5.4460734216869788e-01	   6.6534905044433079e-01	   0.0000000000000000e+00	   5.0068772826700647e-01	   6.2543862847835086e-01	   5.7394993245799464e-01	   5.1354504652732946e-01	   7.0931087571854831e-02	   2.1567032734352803e-01	   1.5935074557276668e-01	   2.6917844775465405e-01	   3.2147268143825886e-01	   3.3536945945572227e-01	  -2.9782660092139718e-01	  -2.2587594229291741e-01	   8.6415734214075640e-02	   3.5075365306734785e-01	   1.2866515984380866e-01	   5.6105040220229052e-01	   4.5837666080022399e-01	   5.0002084623969845e-01	   5.8886400270518680e-01	   7.6518344204757471e-01	   5.3524683175472898e-01	   6.8862038031422568e-01	  -2.1262243210755771e-01	  -2.8785646919637575e-01	   2.5091990357171268e-01	   1.6725587083279586e-01	   4.3796702104334134e-01	   5.3319002830824302e-01	   4.9047103397443892e-01	   5.7005405784107799e-01	   2.5574594023424035e-01	   3.2047886820070171e-01	   1.2009505594711586e-01	   3.5224510364986827e-01	   3.6341852935999391e-01	   2.2724579760497457e-01	   4.2101660295014864e-01	   1.7830216100831786e-01	   3.9365505829685948e-01	   3.4110427472721405e-01	   3.7589758062258460e-01	   1.7579953700305112e-01	   2.8335632591640036e-01	   2.3736785494181656e-01	   2.6116890575624840e-01	   4.6636445788043218e-01	   1.6044078227174757e-01	   7.4643100455141859e-02	   3.4506102377749071e-01	   1.9645981099357793e-01	  -2.0031818758481418e-01	  -7.5078258322251082e-02	   2.5675866882099735e-01	   3.5398083552441567e-01	   2.8292898989107368e-01	   4.3492235919127348e-01	  -1.1885232716053269e-01	  -9.1662624648647280e-03	   3.8321585594841145e-01	   5.0576046650263273e-01	   6.0190874840249098e-01	   6.1106869154919119e-01	  -9.1100277759645742e-02	   3.5760326869371223e-01	   1.7550399855256160e-01	   1.3760940456506565e-01	  -8.3559402154818802e-02	  -1.1181268141405416e-02	   4.2956103200541024e-02	   5.9712243983595203e-02	   1.3827086808915354e-01	   3.0735295445549782e-01	  -2.4959533826132674e-01	  -1.9071911613233422e-01	  -3.0364321791504278e-01	  -3.1831643817303773e-01	   3.4858298570467738e-01	  -1.8270568902087087e-02	   3.4382382160307390e-01	   4.6122163227519170e-01	   4.2299139845276967e-01	   2.6233788474003150e-01	   4.0052417032440646e-01	   5.1691527378121183e-01	   6.4915975934667902e-01	   5.7324803723705031e-01	   6.2743188665141880e-01	   6.2450053126430149e-01	   4.4617398563805998e-02	   4.5790589027531484e-02	   2.3441571945847414e-01	   1.3950815448649359e-01	   3.7073113076318198e-01	   1.3645665433696871e-01	   4.4893514642525861e-01	   4.4192015236147708e-01	   2.4154616403412904e-01	   3.5105182635117121e-01	   4.2225818316768587e-01	   3.7298771994034091e-01	   2.0230889701982199e-01	   2.6389914581805629e-01	  -1.1066476618024156e-01	   2.4776004084147130e-01	   3.9719112110331789e-01	   2.6792367664066846e-01	   3.7362214531317695e-01	   2.4600534532791152e-01	   3.4934239327770961e-01	   5.2107749157592809e-02	
  -1.5255646383041532e-01	   1.2575647576775079e-01	   8.5861396587803740e-01	   5.8857673501004282e-01	   5.6489606548081872e-01	   5.0068772826700647e-01	   0.0000000000000000e+00	   8.0475327734196367e-01	   6.8324616976104147e-01	   5.0975019450807046e-01	  -6.1138456008462535e-03	   2.0965524405243230e-01	   3.6022010719148384e-01	   4.3896794149687801e-01	   4.5602578683063133e-01	   2.9036445142238643e-01	  -4.8659571082841546e-01	  -3.5881931751835350e-01	   2.0346587307946501e-01	   3.6574493259388913e-01	   2.3507367365892151e-02	   3.9220223397576265e-01	   5.8715540948867484e-01	   4.6130189399528015e-01	   3.2211663230369181e-01	   3.0533942825917187e-01	   4.0864709831478807e-01	   4.3694000888563234e-01	  -1.9877762713778407e-01	  -2.0071834544007433e-01	   4.8135442710658150e-01	   3.9316124399991592e-01	   5.4755201547802113e-01	   5.8517379757870425e-01	   4.7032727966234422e-01	   5.4620363694862495e-01	   2.0702094267154958e-01	   3.0437205385970989e-01	   2.1895187744322653e-01	   3.2436312648294130e-01	   2.0420855628048423e-01	   1.1412191488556944e-01	   5.3092716193124379e-01	   4.1650504468601734e-01	   3.9380949808931498e-01	   3.9710973326496013e-01	   5.2382671428733429e-01	   3.7789146399478524e-01	   2.3408065504927728e-01	   2.7044255436939579e-01	   3.4354079243477392e-01	   4.8027573924881650e-01	   2.4895533056525973e-01	   3.1794592262077598e-01	   3.8689604785102832e-01	   1.7958202253905481e-01	  -2.1416945595788081e-01	  -1.0877542271785412e-01	   2.1623500602427567e-01	   2.7538254926812511e-01	   4.5379206422835955e-01	   4.5422183191563337e-01	  -2.2859473782821127e-01	   5.7015891398337543e-02	   6.1711755323004247e-01	   5.2887672694060039e-01	   6.6679883384028971e-01	   6.3964920966229544e-01	   1.4580591111496838e-01	   5.0884186013290100e-01	   8.9630943837195790e-02	   1.6115560313693622e-01	  -1.4960526826082772e-02	   1.7054505663258557e-02	   1.6112020034837177e-01	  -2.3428698437840435e-02	   3.5666165035106134e-01	   3.9395975640968828e-01	  -3.7889253089021141e-01	  -2.7021287245172165e-01	  -4.5707980768449952e-01	  -1.5248538327035374e-01	   2.5191063953584258e-01	  -2.1437939493094582e-02	   3.7126531994467893e-01	   4.3978660606915287e-01	   1.8651397598254399e-01	   1.5362281339321249e-01	   2.8375156063961449e-01	   3.6726516673482273e-01	   5.4614219849826129e-01	   5.5823463212368307e-01	   4.9302564109826547e-01	   5.6733661615368813e-01	   5.5910971471640099e-02	   1.9885506075984638e-01	   2.8999204452855776e-01	   1.5197099648992635e-01	   4.5405525004129882e-01	   2.5876110674456021e-01	   5.4724594399711957e-01	   5.5833451135350343e-01	   3.9385299123084827e-01	   3.1151541764299612e-01	   3.7289610669915646e-01	   2.8511790534772230e-01	   4.4032563212408449e-01	   4.3175871403743660e-01	  -6.7329915583267411e-02	   2.2758135706802152e-01	   3.8555431545134933e-01	   3.1319471769185081e-01	   4.5852147939043875e-01	   3.4896433513610275e-01	   3.9484626507858112e-01	   2.3813246422012817e-02	
  -1.9193558376515360e-01	   1.7484620090208844e-01	   7.0563977588900095e-01	   7.9353070297387918e-01	   7.1246484973517688e-01	   6.2543862847835086e-01	   8.0475327734196367e-01	   0.0000000000000000e+00	   6.9951224306395643e-01	   6.0892362599004946e-01	  -1.6891273992575917e-01	   2.4790372387386472e-01	   2.2362058743908375e-01	   5.5326114814833116e-01	   4.8070229205880710e-01	   4.9282036180980326e-01	  -4.6183032723366979e-01	  -3.5506221570356478e-01	   4.0481522314419005e-03	   3.3406457771693288e-01	   1.5580990397061034e-01	   4.3093467422617193e-01	   6.9002379694102278e-01	   7.2690556789825100e-01	   5.5748434938236169e-01	   5.5469481244031038e-01	   6.3031316234755996e-01	   5.3987630265269038e-01	  -3.6327597914299448e-01	  -2.8088108380174742e-01	   5.3203299398686876e-01	   4.9033336433569474e-01	   5.5643873072710037e-01	   7.6984442533948927e-01	   6.7192203246982585e-01	   7.9858993914520382e-01	   3.1166729316910596e-01	   3.6216107897150329e-01	   3.9466385375923668e-01	   4.6840705866978716e-01	   2.7967441015574451e-01	   2.4872737007411316e-01	   5.9084648401974516e-01	   4.4848217079203306e-01	   4.1630279425938632e-01	   5.0876650980328031e-01	   5.4408465677768425e-01	   4.3189794855349306e-01	   1.1424549929577385e-01	   2.4003615240224679e-01	   3.3583106826023479e-01	   5.4417471904384618e-01	   3.3484421167204026e-01	   2.7633016690803097e-01	   3.9957640822845708e-01	   1.1474113929094099e-01	  -1.9666535527464263e-01	  -4.5624457734642042e-02	   2.1679013810238243e-01	   2.8593796723950654e-01	   3.6274200737355272e-01	   6.5067313089452006e-01	  -3.1366984954530497e-01	   5.0490024341658876e-02	   7.3198414008430079e-01	   7.4581079685716323e-01	   8.0121583184812795e-01	   8.4404093707349315e-01	   1.3948785246661716e-01	   5.2606812435381145e-01	   8.8966996820946831e-02	   1.8432028223861546e-01	  -9.6327325927762386e-02	   6.0535819061240420e-02	   8.8842915928074334e-02	   7.7549327706691207e-02	   2.0688042509916060e-01	   4.7773928282137956e-01	  -2.4823034303078217e-01	  -2.2052960258085469e-01	  -4.4922336566420390e-01	  -2.1209066995378351e-01	   3.6193682202574334e-01	   1.4876621890442927e-02	   5.5086296007689839e-01	   6.8122535848926824e-01	   4.3347042904492472e-01	   2.7303958927988636e-01	   4.4946038198952709e-01	   5.6286701063205846e-01	   6.9735923711517311e-01	   5.3589551004923530e-01	   6.0287748619121118e-01	   5.3055469967532498e-01	   8.2231956569690026e-03	   1.7573157738082298e-01	   3.8660134611209673e-01	   3.4824066773015760e-01	   4.0910705655314816e-01	   1.2001202467070976e-01	   4.8748321906154457e-01	   4.1997167211294828e-01	   4.2476816593220434e-01	   2.4579941915250045e-01	   5.0865503175797144e-01	   2.7013180517713137e-01	   5.2288870577279001e-01	   4.3953470469267569e-01	  -1.1905641675595122e-01	   2.8427579254753654e-01	   5.6849258521709867e-01	   2.5953989688449564e-01	   3.9444040905127653e-01	   4.0313893225471509e-01	   4.8392676097552334e-01	  -2.7849404121414102e-02	
  -3.0332429810068909e-02	   2.8480112265111623e-01	   6.1717162760705579e-01	   5.7444240501084209e-01	   5.9842486745327750e-01	   5.7394993245799464e-01	   6.8324616976104147e-01	   6.9951224306395643e-01	   0.0000000000000000e+00	   7.2691984913586705e-01	   9.9298195754805446e-02	   4.1566803560265581e-01	   4.7028135444381802e-01	   5.9233248316425324e-01	   6.7443449758803686e-01	   5.4140297529034009e-01	  -3.7464558727622571e-01	  -2.4664338719219564e-01	  -1.1931022920901457e-02	   2.4860623571736978e-01	   1.2002157757365248e-01	   4.8125529996839023e-01	   6.0581711980060970e-01	   5.3385623087773859e-01	   3.8966548822675762e-01	   3.5779354322546186e-01	   5.3273623826316852e-01	   3.8853475893231226e-01	  -3.4903558067371215e-01	  -2.1073993914504452e-01	   1.5295976010133100e-01	   7.9420250431947795e-02	   3.5898151584656923e-01	   5.1511526243234795e-01	   6.0104893721949693e-01	   5.9114765432368532e-01	   4.5134971334120288e-01	   3.8289129905455682e-01	   5.2347497046268765e-01	   4.2378727508061687e-01	   5.3238413430270759e-01	   1.4989118787218719e-01	   4.2364053794460660e-01	   2.2406063583048680e-01	   3.9661064845276250e-01	   3.3401874372782364e-01	   3.9038384233819412e-01	   2.2699437606704437e-01	   2.7985696842056129e-01	   2.4946662345003678e-01	   3.6694295542054534e-01	   5.2823283391118081e-01	   3.3078066531723199e-01	   2.9915805112140958e-01	   4.2545017928783591e-01	   2.6057642012645954e-01	  -9.8015124535554041e-02	   9.7787755637006660e-02	   3.9256455868372453e-01	   3.7101279325716457e-01	   4.9888499275771780e-01	   5.9296428487551911e-01	  -2.1780198507863596e-01	   1.5553987687491555e-01	   6.6299036938228317e-01	   6.8039761290882050e-01	   6.9111010609249079e-01	   6.3586020789888908e-01	   2.1663703420312655e-01	   6.0461125454348141e-01	  -3.7309765145656773e-02	   2.0516074617063113e-01	  -1.2869803024701389e-02	   5.8363660413967011e-02	   1.4775143692683240e-01	   1.9717848596335158e-02	   2.1021205575817353e-01	   3.0841588691319921e-01	  -2.2715044134804677e-01	  -1.9118052347821082e-01	  -3.2220289261281843e-01	  -1.1524698180722022e-01	   3.9682320306414093e-01	  -5.3717483526962678e-02	   6.1252621348256941e-01	   6.3644213289988771e-01	   4.4478448073888932e-01	   3.6426949871308334e-01	   5.4195902701395227e-01	   6.5878945839352698e-01	   5.3987320566829367e-01	   4.6105364146842598e-01	   5.8573653692827898e-01	   5.4391520857867559e-01	   2.4661179917916409e-03	   1.3186560017734550e-01	   3.4473489701369198e-01	   2.4324726169171859e-01	   2.7273104295347211e-01	   9.5039590667443649e-02	   5.1379547380226098e-01	   4.4227172125604775e-01	   3.5948944347180201e-01	   3.5380470851811507e-01	   4.6793948671622554e-01	   3.2289342586826930e-01	   3.8267417199039255e-01	   4.8158194017037825e-01	  -1.0365951943594967e-01	   1.4023762837984322e-01	   3.6529340137453492e-01	   2.4554370960297855e-01	   3.3531977920401634e-01	   2.7758500440478112e-01	   3.5594397945788769e-01	  -1.4088587407724407e-01	
   1.3831852261260666e-01	   3.4282010460597845e-01	   3.8688078487497413e-01	   4.2376926867462711e-01	   3.7159880853186578e-01	   5.1354504652732946e-01	   5.0975019450807046e-01	   6.0892362599004946e-01	   7.2691984913586705e-01	   0.0000000000000000e+00	   7.5442629313803994e-02	   4.3743691802976176e-01	   3.3553861804267782e-01	   5.0335545155033845e-01	   5.0093748616406997e-01	   6.0423650659049155e-01	  -3.0412952557628847e-01	  -1.4922456119282090e-01	  -1.3350429843323586e-01	   2.3727879939645424e-01	   2.1269762841155712e-02	   3.5446427547369996e-01	   4.5949802742267853e-01	   4.7969595228022732e-01	   3.4926052051593748e-01	   2.7141608463815980e-01	   4.8270383246958315e-01	   2.1472474776664902e-01	  -4.1310540152446340e-01	  -3.2587425531231945e-01	  -2.1033881715858899e-03	  -2.0232751998928440e-02	   3.2564613456944663e-01	   4.1315252425635590e-01	   5.7540178139325504e-01	   5.3434341819049658e-01	   4.3446136518684575e-01	   3.3035264017014782e-01	   5.1678068949839662e-01	   3.2171928132445804e-01	   5.8090569093411770e-01	   1.0264805500977943e-01	   4.8500581434603185e-01	   2.1074043911452905e-01	   3.8668899139357110e-01	   3.5208688279242262e-01	   4.2050756493617525e-01	   2.6655597975776618e-01	   3.0245520014610772e-01	   2.6779210598736802e-01	   4.9172122412127128e-01	   4.7320783839318159e-01	   4.5065058724228979e-01	   1.9933009680749730e-01	   3.8097054643324180e-01	   2.2599257769824188e-01	  -3.3872437171314849e-02	   1.8122560311164104e-01	   5.0827045827908257e-01	   3.6286386131273024e-01	   3.6378771823578665e-01	   5.7463330979287153e-01	  -2.6989810570890105e-01	   1.0510614214801570e-01	   4.9906433853856724e-01	   5.9407413235479811e-01	   5.9206443459444891e-01	   5.0880873048569064e-01	   2.8498607275092824e-01	   5.4085874902938291e-01	  -1.4715354047611440e-01	   6.8396941861319421e-02	  -7.5028892230502256e-02	   2.6232004337684987e-02	   9.7141663414905141e-02	   9.0780840581102556e-02	   1.7380163146690430e-01	   2.8105650112742631e-01	  -1.9672011445243587e-01	  -1.0375513905327230e-01	  -2.4701848184539910e-01	  -3.0441192611015377e-01	   2.9014474713373789e-01	  -7.6273418987075944e-02	   4.9370360199406277e-01	   5.3236724518680534e-01	   4.4696651073981919e-01	   3.0531953414854512e-01	   5.2670749305875009e-01	   6.7889542065052810e-01	   4.8959421828591709e-01	   2.6769371312550977e-01	   4.6282948429065296e-01	   3.8974478722454081e-01	  -1.0307765701672070e-01	   3.5844873172778624e-02	   3.4412181034696038e-01	   1.9434031968434934e-01	   2.3988405943505525e-01	   8.9347828028787588e-02	   3.0917323151551124e-01	   3.7478192644523967e-01	   2.4238024797876945e-01	   3.5370125033844191e-01	   3.6606506562229663e-01	   2.2391328238953997e-01	   2.0049477470787253e-01	   3.1426272099246011e-01	  -6.5976000889439751e-02	   2.1621220114753192e-01	   4.3316327353708906e-01	   3.2017446797498356e-01	   4.7556546572577918e-01	   1.8815412640554657e-01	   2.6494304873004620e-01	  -1.9908292027407626e-01	
   5.7844679890651984e-01	   3.9267759727344692e-01	  -1.2824376724053517e-02	  -2.2376934035503954e-01	  -2.4813570498883358e-01	   7.0931087571854831e-02	  -6.1138456008462535e-03	  -1.6891273992575917e-01	   9.9298195754805446e-02	   7.5442629313803994e-02	   0.0000000000000000e+00	   6.1110288158735604e-01	   7.4161059439630717e-01	   2.4870186279734025e-01	   1.7348803235647076e-01	   1.6338274401643973e-01	   5.4935173453681641e-01	   5.2404556229469790e-01	   5.1179688037996784e-01	   3.5654720299835169e-01	  -4.1326580070161933e-02	   9.3873556089325988e-02	  -1.9181270017973770e-01	  -2.7830776867854967e-01	  -2.8513051185594968e-01	  -1.8816878550410529e-01	  -1.8345383910911695e-01	   2.2907721222833202e-02	   5.4203016040530427e-01	   3.5869659262776205e-01	  -3.2816762531291421e-01	  -3.3074023207842002e-01	   1.4301413515571193e-01	   2.1369021211593210e-02	  -2.2607723468697993e-01	  -2.7276922504917878e-01	   1.5031784844451251e-01	   3.5072385650735738e-01	   4.0118531714827960e-02	   1.8178473411494156e-01	   1.8713759244408729e-01	   9.3958547267755932e-02	  -9.0224841504312009e-02	  -1.1088151550926247e-01	  -1.3185022188673268e-01	   3.8019760462656420e-02	   7.4606948959292249e-02	   3.4258393893443109e-02	   2.7179812498144512e-01	   2.6245233819334957e-01	   2.5450589886422414e-01	   4.6540511943764573e-02	   2.2692727319802830e-01	   5.0641583445986973e-02	   4.5937014013312427e-01	   5.8463375166424048e-01	   4.3035827616291211e-01	   5.0972169056803474e-01	   3.8570384124450097e-01	   2.4582594195184540e-01	   4.8440053526014309e-01	   9.1425510916967892e-02	   6.6440362582346224e-01	   4.7756339393954744e-01	  -2.2054318658598449e-01	  -1.6013772788581207e-01	  -1.5934572826774313e-01	  -2.6598956122699213e-01	   7.1288941972979886e-02	   2.4214175795642934e-01	  -3.0776769065037318e-02	  -4.9399794048233622e-02	   3.5508474550956093e-01	   3.6940958843870680e-01	   2.9973526318883975e-01	   1.2066799060945485e-01	   2.9471374278577533e-01	   1.3302055144828029e-01	   3.0790272894930631e-01	   4.3480670429580770e-01	   4.8951035004887611e-01	   4.1309974620833745e-01	   2.1490152118362107e-01	   3.1095960095746300e-01	  -2.3690930611224174e-02	  -1.5264614412474053e-01	  -7.7279732312155583e-02	  -7.6460494463473194e-02	   3.3328835072988483e-01	   1.2906325661905507e-01	   4.2149042612460400e-02	   1.5669978383307756e-01	   3.6014051865416131e-03	   6.7417283403915451e-02	   1.7033453572890622e-01	  -1.8253877470826310e-02	   2.4412440121757109e-01	  -4.6505049176974469e-02	   3.5158514099444099e-01	   4.8758073977116179e-01	   2.2230051334381823e-01	   3.1040922164462281e-01	   1.5750395733652073e-01	   4.4551272106075035e-01	   1.0048156535332750e-01	   3.8824997014782758e-02	  -1.3455168927572975e-01	   2.5320023478054760e-01	   2.0629227570352248e-02	   1.3700425995089349e-01	   4.2776486257359693e-03	   3.2142602814176502e-01	   3.0258304809499958e-01	   4.2016938484613311e-02	  -1.9853552888332898e-01	   9.8893337456587571e-02	
   6.0951426153969346e-01	   5.5232501020647806e-01	   8.9482230248679739e-02	   2.1630625303831427e-01	   2.5398855022809013e-02	   2.1567032734352803e-01	   2.0965524405243230e-01	   2.4790372387386472e-01	   4.1566803560265581e-01	   4.3743691802976176e-01	   6.1110288158735604e-01	   0.0000000000000000e+00	   7.1218577050491927e-01	   6.8717937889039393e-01	   3.4140580543651466e-01	   6.2903328615827359e-01	   3.0191923695113948e-01	   4.3720009100297008e-01	   1.9455547862465894e-01	   3.4561288888724556e-01	   2.2369030842775345e-01	   4.1095126888801048e-01	  -2.5535367860297808e-02	   5.8102092318122453e-02	  -1.2409308788485104e-01	  -7.3789302542815825e-03	   5.0720496825144942e-02	   2.0184169220517822e-01	   1.8930041930061670e-01	   2.2293943790003623e-01	  -1.1911496612500644e-01	  -1.1026057170225589e-01	   3.2251405264887689e-01	   3.9814643050933562e-01	   8.8801318204292962e-02	   9.9462217180395829e-02	   3.8990063937549635e-01	   3.9743416651591457e-01	   2.7935783706667172e-01	   4.3725469376120252e-01	   4.5722233403549328e-01	   2.5996522501767294e-01	   3.2177007315335049e-01	   1.5836442490952660e-01	   3.5364691742008525e-01	   5.1167643041056365e-01	   3.9165463470060019e-01	   3.1098870253951549e-01	   5.4778684619495266e-01	   5.7045144627415856e-01	   4.6389747350958033e-01	   2.9632117900272498e-01	   4.3225788135699705e-01	   1.0430889216811845e-01	   7.2392447604803301e-01	   6.5279253896619593e-01	   6.1983593614044863e-01	   6.9904180780305492e-01	   7.4631046170418891e-01	   5.7522181100733594e-01	   7.8692746500358024e-01	   6.1803307086145143e-01	   4.6664266071803140e-01	   7.2887367949127546e-01	   3.3705434993137280e-02	   1.8199792579063773e-01	   2.9155427754864499e-01	   1.8528619435793522e-01	   2.0094370758699087e-01	   4.1758194283996170e-01	   1.1266878385908161e-01	   2.2352214316702446e-01	   3.1220033057399754e-01	   4.6864233950759104e-01	   2.9782768289689787e-01	   2.5200190846070375e-01	   3.5159377663060964e-01	   4.0901849923389666e-01	   3.1620675119400454e-01	   3.6365078234374648e-01	   2.8007574737262647e-01	   3.3312780171572598e-01	   4.0173245027177762e-01	   4.5046035111666977e-01	   2.6778250742132781e-01	   2.7553562365219664e-01	   3.4219571727908771e-01	   2.3318592490029505e-01	   7.1143014522232573e-01	   5.5182959778368734e-01	   2.2326756699204883e-01	   9.9633874847567541e-02	   1.3339010391149891e-01	   1.1472687828676806e-01	   1.3403014443185274e-01	  -1.0326383207758680e-02	   4.5115415326660613e-01	   2.2703652937328758e-01	   5.1926736135920504e-01	   3.8579069460675880e-01	   2.5499386641900407e-01	   3.8579246390445993e-01	   4.1224342838755479e-01	   4.0417323761592061e-01	   2.0589301803027904e-01	   3.0903656163680755e-02	  -3.2841212657341079e-02	   2.5987644346706978e-01	  -1.0518093038239060e-03	   3.6549605965226994e-01	   2.3904687746141257e-01	   3.9236270126257566e-01	   3.2132380179724146e-01	   2.7003070412654273e-01	  -4.2952676362417896e-02	  -1.0858591124715093e-02	
   3.2226047913636274e-01	   3.4878906633073375e-01	   2.2083828162185742e-01	   1.4133111173236876e-01	   1.3763859014048124e-02	   1.5935074557276668e-01	   3.6022010719148384e-01	   2.2362058743908375e-01	   4.7028135444381802e-01	   3.3553861804267782e-01	   7.4161059439630717e-01	   7.1218577050491927e-01	   0.0000000000000000e+00	   6.6294347909681939e-01	   6.1231850835158186e-01	   4.8983054139087950e-01	   1.1251583796579559e-01	   2.1134403039029223e-01	   2.2531625271149150e-01	   2.3688406954713359e-01	  -5.6163128422977035e-02	   2.3489908560044406e-01	   1.1490209498394544e-01	   4.8762860926762429e-02	  -2.2059183913378211e-01	  -1.3113243140334638e-01	   3.0815653407685422e-02	   1.7441295183430094e-01	   3.0142039562632267e-01	   2.2117080630015989e-01	  -1.9262205850649050e-01	  -1.6603345038756809e-01	   1.7019175448850871e-01	   1.7581492382933644e-01	   5.0274376855625469e-02	   2.8817485802579101e-02	   3.5392661813285931e-01	   3.3715131298257739e-01	   2.7509396785420209e-01	   3.0440569318293031e-01	   4.0575563832220007e-01	  -5.3803137160617354e-02	   1.4505411895461670e-01	   9.9450653374847736e-02	   1.6846606366374295e-01	   2.9452048636571398e-01	   2.1196836477920850e-01	   1.4167744565266410e-01	   3.3399508951755486e-01	   3.2732533171727696e-01	   2.6034972819518520e-01	   1.8136478998208824e-01	   2.6899296048448440e-01	   3.3640344952705320e-02	   5.8145172204121942e-01	   4.9928882994332086e-01	   2.6471864601577016e-01	   4.5546640406649874e-01	   5.1546870336896722e-01	   3.7900489383280955e-01	   6.7466405733363444e-01	   4.3696192708346965e-01	   3.2898179607192962e-01	   5.0781550659920394e-01	   1.9653807327787848e-01	   1.9381809391300969e-01	   2.3208871928092478e-01	   1.3175823815450774e-01	   1.5952756153278783e-01	   4.5822230787358015e-01	  -2.9977843292637543e-02	   1.3723245288625757e-01	   2.3003115705926053e-01	   3.0234730098737894e-01	   2.6349256721679087e-01	   1.4537142084513018e-02	   2.3822277985601870e-01	   1.7886523123157885e-01	   4.2271363002776244e-02	   2.1156675293620913e-01	   1.0632701935515403e-01	   3.2874059074182749e-01	   4.7136922743558218e-01	   2.1848568331492563e-01	   3.5296887692571915e-01	   2.6220298711844303e-01	   2.0229778791782285e-01	   1.1934028431804804e-01	   6.1672771406805138e-01	   4.0431240618295072e-01	   2.2062096806051579e-01	   2.3495732628823768e-01	   1.7455000515093200e-01	   1.9779867945539178e-01	   1.7597246470103484e-01	   1.5966200512877352e-01	   3.6099148906739653e-01	   1.3690002880512106e-01	   3.8005471352660702e-01	   2.8644117396999041e-01	   4.0833601850092194e-01	   3.7162492407660375e-01	   3.9761229394492426e-01	   3.9200634442332843e-01	   2.4147320829595048e-01	   6.1443174584792329e-02	   4.0172364091209584e-02	   4.1757500508278755e-01	   1.5004022998705818e-01	   2.7379656646840883e-01	   9.3016226745506039e-02	   2.6604852563336240e-01	   2.9088881352976292e-01	   2.3100072433924423e-01	  -1.9148106875785660e-03	  -6.8538326206808253e-04	
