   0.0000000000000000e+00	   9.2436206552861888e-01	   8.3936732477864839e-01	   8.6853747632262079e-01	   6.8256131333855463e-01	   6.1223241157567387e-01	   8.3678298892541347e-01	   7.3094305950423433e-01	   7.1590721658616652e-01	   6.9081531915381067e-01	   7.4938037174314465e-01	   7.9566722790962763e-01	   7.7218193883169339e-01	   8.4914571909549830e-01	   8.6108565145190252e-01	   8.6457398556291387e-01	   7.2916116562189237e-01	   6.6525356429060278e-01	   8.6951302817635923e-01	   8.4920659025824974e-01	   6.9795822181061951e-01	   7.4025913779623487e-01	   8.5033554590369143e-01	   8.0528753539549269e-01	   8.6563886661268719e-01	   8.3342744563300453e-01	   7.6197807539718898e-01	   6.6442787928813429e-01	   4.5821005143853277e-01	   6.0542134689607341e-01	   7.3896481429137884e-01	   7.6673591757001092e-01	   9.1377332729056016e-01	   8.7890423873111512e-01	   8.1018999083659549e-01	   8.2968253399177194e-01	   5.4712205656866553e-01	   7.0965314383156008e-01	   5.9772158205141079e-01	   7.1566874511855860e-01	   7.4577425012771681e-01	   7.2737786156840456e-01	   8.4508185671226388e-01	   7.5498119500819882e-01	   7.9119956889366727e-01	   7.7125530429846512e-01	   8.6392924975843366e-01	   8.4903266318512705e-01	   8.2685359175374051e-01	   6.4468738851272667e-01	   7.7949752286656948e-01	   6.2678531152593220e-01	   8.0787276550185483e-01	   6.5460624739857187e-01	   8.0033368447405828e-01	   7.2849108090203962e-01	   8.8672414689840440e-01	   8.2316864591508709e-01	   8.3726883718706557e-01	   7.8934595812347097e-01	   7.5830173165653103e-01	   7.0060919352876738e-01	   7.8428452066307508e-01	   7.5524687018835035e-01	   7.2539755279582874e-01	   7.2986624816586065e-01	   8.5014080521077662e-01	   8.4138963763576136e-01	   9.1553811597097245e-01	   8.3073995573955139e-01	   7.5316287425631323e-01	   6.4627240409476727e-01	   7.6773595783045001e-01	   7.3490882515403977e-01	   8.1263170448781352e-01	   7.4355923491572018e-01	   7.8692125708509131e-01	   8.3650151498237979e-01	   3.9813389662308218e-01	   6.5293485772531956e-01	   7.8809759341879593e-01	   8.2652481869259287e-01	   7.0932397621723875e-01	   8.3006925784420549e-01	   8.9255985240207592e-01	   7.8420014138909999e-01	   6.1468381603564926e-01	   7.9556035419213877e-01	   8.7852248503084795e-01	   8.3680039985040122e-01	   7.7782234027522013e-01	   8.0747746488139183e-01	   7.0925661156974806e-01	   6.5383265729371687e-01	   5.9818813979579444e-02	   4.3989280132639619e-01	   8.0401751916164066e-01	   6.2234380945148005e-01	   8.3669297409848498e-01	   8.9533132614940403e-01	   6.7959551208463975e-01	   5.9370137246918175e-01	   6.4884186270384880e-01	   6.3953443276772481e-01	   4.3988063981838676e-01	   3.9781719657726511e-01	   1.9316700113362587e-01	   6.1866482604593498e-01	   3.5456559807033161e-01	   6.1206860121450579e-01	   9.0006624709285232e-01	   8.2774498029686916e-01	   6.6138498200470086e-01	   7.8293108010501222e-01	   5.3934522044767919e-01	  -1.8006616598738834e-01	
   9.2436206552861888e-01	   0.0000000000000000e+00	   7.3491555124917163e-01	   8.7658958864071401e-01	   5.6775460167680025e-01	   6.1018180477752892e-01	   7.2709433223919684e-01	   7.3042250749309590e-01	   6.1009662496770733e-01	   6.5685975415172881e-01	   6.7607470631780764e-01	   8.3202337172610086e-01	   6.7638994126544827e-01	   8.4302607748019032e-01	   8.1460197631988018e-01	   8.4427078279996637e-01	   8.0842602059468804e-01	   7.6646488339278362e-01	   8.9481460621018849e-01	   9.0523117226530414e-01	   7.5417104732714102e-01	   7.9304491626153906e-01	   7.9958518879843998e-01	   8.1809589480006895e-01	   8.3411413510804622e-01	   8.5310569506855638e-01	   7.3588253421897243e-01	   6.3619257694992304e-01	   5.7336862717624304e-01	   6.7578335478821538e-01	   7.8197174166173289e-01	   7.8902354885212711e-01	   9.0223113259531673e-01	   8.9227717899338499e-01	   8.0260405044452099e-01	   8.5975477321089655e-01	   5.5741647517494830e-01	   7.5500093195681339e-01	   6.1554499563423926e-01	   7.4491817109072433e-01	   7.7265106250550919e-01	   7.3023260582308736e-01	   7.9314616818494099e-01	   7.3295253366666380e-01	   7.5553597767933733e-01	   7.5926994523773306e-01	   8.3847913833418886e-01	   8.5228104955748207e-01	   7.0595838276709277e-01	   5.3959763951370388e-01	   6.6467471182066762e-01	   5.7512351539006334e-01	   7.9789119069512338e-01	   6.8837411911377533e-01	   8.2615912364542587e-01	   7.5946577615954869e-01	   9.0955903107893743e-01	   9.0077802615085112e-01	   7.2532948814236897e-01	   7.7729705550012973e-01	   6.8175939356763726e-01	   7.0618385552887997e-01	   8.1535905243401596e-01	   8.4244298492391700e-01	   6.6496831299337056e-01	   7.5539258608709892e-01	   7.7148873726321254e-01	   8.4553217135042791e-01	   9.3464169700952371e-01	   8.8111122183381685e-01	   7.5084298537178717e-01	   6.7084138493357515e-01	   8.1378405344443627e-01	   8.0642240462739112e-01	   8.4318749919739810e-01	   8.1605737443846249e-01	   8.0733299410565418e-01	   8.6862417120721336e-01	   5.2004189736838746e-01	   7.5571810439437304e-01	   8.6172500367262195e-01	   8.9615390519484339e-01	   7.2664820416813825e-01	   8.1358999651416852e-01	   9.2145841289604913e-01	   8.5443962893994507e-01	   6.6498623533349144e-01	   8.3316796826404116e-01	   9.1671214450123206e-01	   8.8863404712562011e-01	   8.0633803108046642e-01	   8.1893925721420213e-01	   7.0104094131283834e-01	   5.4307175781104144e-01	   1.4669198605970135e-01	   5.7044079766238331e-01	   8.3955445497997117e-01	   6.6456955784066196e-01	   8.9612321058265620e-01	   9.0629775521721945e-01	   7.1526812186515998e-01	   5.2767687017534870e-01	   6.9131055688128851e-01	   5.9323321085924685e-01	   4.4793449306078659e-01	   3.9238450049442780e-01	   1.1035284020093125e-01	   6.0045122905345893e-01	   2.9976302429424095e-01	   5.8335449762484770e-01	   9.1677565566993890e-01	   8.7764768275057348e-01	   6.6922275464823566e-01	   7.3718851213188519e-01	   5.0630774572358339e-01	  -1.7027753825027547e-01	
   8.3936732477864839e-01	   7.3491555124917163e-01	   0.0000000000000000e+00	   8.3235474976559376e-01	   7.1252990829451590e-01	   5.2514287012625660e-01	   8.9761731712183634e-01	   6.5733459256775717e-01	   7.5347661800623822e-01	   6.4527199247140843e-01	   7.8282668738415717e-01	   7.2423897893541667e-01	   7.8452988145293578e-01	   7.6070852376675580e-01	   8.8076084487826667e-01	   8.2767870055433157e-01	   5.8644061877185860e-01	   5.3446850780000033e-01	   6.9375472797787552e-01	   6.7590164552971710e-01	   6.6235269153209342e-01	   7.0234156174069740e-01	   8.7083022514903419e-01	   7.7547474459822907e-01	   8.7915822453794490e-01	   7.8811489209122454e-01	   7.5531298392171142e-01	   6.6327567865947601e-01	   3.9148723436033023e-01	   5.1407995906449455e-01	   7.7754445109101411e-01	   7.8948001076597696e-01	   8.1993828775772126e-01	   7.7652155757677166e-01	   8.1523497210781448e-01	   7.4577131002692465e-01	   4.7961396682393131e-01	   5.7010335221915254e-01	   6.0528538232915152e-01	   6.2122765519648171e-01	   6.7029267084220723e-01	   5.9311773291959569e-01	   6.6855866824296650e-01	   5.7846160204760677e-01	   6.2048089675271767e-01	   6.1350415593391339e-01	   6.4605837205406691e-01	   6.3356050802460406e-01	   6.5711704106857893e-01	   5.4455371958762622e-01	   6.7339585262096602e-01	   5.8824782697338174e-01	   5.8756232249427165e-01	   5.6004198682505479e-01	   5.9743296937433077e-01	   5.7044557950513153e-01	   7.3834533155134441e-01	   7.0704244314603137e-01	   8.8552583038181232e-01	   7.1808174443426198e-01	   8.4035561225379063e-01	   7.0406056689662244e-01	   6.7222883308887527e-01	   6.2948253911230789e-01	   8.1848742825662835e-01	   7.0311449563857353e-01	   8.9277125042974781e-01	   7.6461359792140171e-01	   7.9746876824553969e-01	   7.7258492576762472e-01	   6.7650911482725862e-01	   5.5917669582950025e-01	   6.6992402620380420e-01	   6.1506838596541291e-01	   7.2567761094486882e-01	   6.3610888864191362e-01	   6.6234287891212973e-01	   6.7934339693876833e-01	   3.4598214370707570e-01	   4.9149980723382036e-01	   6.4425280412142683e-01	   6.1121800391320880e-01	   6.2916576394600854e-01	   6.9821454500223434e-01	   7.9466629540026390e-01	   6.1881800659981512e-01	   5.2791359230990142e-01	   6.4076895225571029e-01	   7.7764078628590150e-01	   7.4624624015987362e-01	   6.2455985329834651e-01	   7.4679623930586869e-01	   5.6409159862407543e-01	   6.0207969836390851e-01	   1.6442941462768096e-01	   3.8555234990264342e-01	   6.4638509306375358e-01	   4.8483896777291136e-01	   5.9771311375274305e-01	   7.0010317814704093e-01	   4.2959940945657255e-01	   5.2360902778083429e-01	   4.1319710088346562e-01	   4.8890648137731907e-01	   2.7551280158873964e-01	   4.4292086774058792e-01	   1.0001983532075251e-01	   4.4797485167935863e-01	   3.8825652966612573e-01	   5.9019456796074499e-01	   7.3575722260383492e-01	   5.8445511166006436e-01	   4.2562674344864138e-01	   5.4526338701549137e-01	   4.5478216846554786e-01	  -4.0287094047268303e-03	
   8.6853747632262079e-01	   8.7658958864071401e-01	   8.3235474976559376e-01	   0.0000000000000000e+00	   6.6166279355980462e-01	   7.2024340375104101e-01	   8.3302173119918255e-01	   8.7079963195342769e-01	   6.9777838961639749e-01	   7.9734992791924286e-01	   6.2841107338130286e-01	   8.0420318529002333e-01	   6.3840459223329360e-01	   8.5757886619020995e-01	   8.0255939252240771e-01	   8.8375095137227266e-01	   6.6999219596071646e-01	   5.8817024735944567e-01	   8.2825157158703833e-01	   8.6946023155413754e-01	   6.3390642150862386e-01	   7.8258755146059844e-01	   8.3264241311111564e-01	   9.0147180387289039e-01	   8.7091934394140658e-01	   9.1476080085834433e-01	   7.5160341890318394e-01	   7.0287454631646895e-01	   4.1519561137722394e-01	   5.1719226710483612e-01	   7.3260380979572193e-01	   8.0017243136468141e-01	   8.7574532791339721e-01	   8.9104253035837755e-01	   8.2752568431277651e-01	   8.7511688022635570e-01	   4.3790113634622041e-01	   6.4555217853870717e-01	   5.5481170079570596e-01	   6.6260361000388701e-01	   6.2756191652060478e-01	   6.4041633348481797e-01	   7.0412434803851798e-01	   6.1116231809678012e-01	   6.8106229406705243e-01	   6.7860653583072450e-01	   7.0407140169424709e-01	   6.9279106549512348e-01	   6.8156179236923631e-01	   5.5018704218377401e-01	   7.1125821556701618e-01	   6.4914961861757670e-01	   7.3890041812801455e-01	   6.6677956072814148e-01	   6.7725807983200959e-01	   6.4462675806835135e-01	   7.8715387475943510e-01	   7.3508582693929625e-01	   7.8607070320727224e-01	   8.4174690989905510e-01	   6.7038522197718553e-01	   7.9594011982571322e-01	   7.2291917097930913e-01	   7.1106894161580481e-01	   7.0399814256801185e-01	   8.6556254628232576e-01	   8.3931637231668299e-01	   8.7542493306921509e-01	   8.6695885420105623e-01	   8.5107210331696215e-01	   7.0285173901163167e-01	   7.0235789382431679e-01	   7.0906925562083323e-01	   7.0608986314323530e-01	   7.5227827131447556e-01	   7.3570182007128448e-01	   6.7064985436769597e-01	   7.8139713434084879e-01	   3.9856076962243037e-01	   5.5447018386650992e-01	   7.5747732844197069e-01	   7.1627809661605701e-01	   6.3060611725036608e-01	   7.7713426875292846e-01	   8.3993848346313760e-01	   7.9944593546065335e-01	   5.7376553687997600e-01	   7.3302885123284511e-01	   8.1558953189295269e-01	   8.8802115901569079e-01	   7.9453585956980577e-01	   8.1142155872239685e-01	   7.4968503978329770e-01	   6.4456550439672933e-01	   1.2905789110852636e-01	   5.1772612226869807e-01	   6.9713646928749140e-01	   5.4731523586269448e-01	   7.7355468560633733e-01	   8.0908649277097888e-01	   6.8337758442486041e-01	   5.7707042150164434e-01	   6.6193047988455911e-01	   5.9609779511901440e-01	   4.4719397506617309e-01	   4.5460410143544744e-01	   1.7866325775671044e-01	   5.5781821932053166e-01	   4.1761127580277374e-01	   5.6218364247197761e-01	   7.9991523840878642e-01	   7.4485849701742313e-01	   5.8861996460220023e-01	   7.2183850784913206e-01	   5.3349708539653262e-01	  -4.5091203409023409e-02	
   6.8256131333855463e-01	   5.6775460167680025e-01	   7.1252990829451590e-01	   6.6166279355980462e-01	   0.0000000000000000e+00	   7.3338075374974077e-01	   7.5639540789413040e-01	   6.4339157912657563e-01	   9.5207091173550573e-01	   6.8112179072672330e-01	   5.0791296834301947e-01	   6.0154103290240479e-01	   5.9300146440769197e-01	   6.7314199164766830e-01	   6.3569270135875300e-01	   6.0840948694895225e-01	   3.4825063464452188e-01	   2.5061565780350087e-01	   6.1353865950886566e-01	   6.1116635264126629e-01	   6.2968877439451143e-01	   5.7351365023929612e-01	   6.2267692330125546e-01	   5.8626867942825589e-01	   7.1559371931070670e-01	   7.0069618889151120e-01	   7.8571297819138619e-01	   7.6441047896012471e-01	   2.1967944612181156e-01	   3.2271020454303839e-01	   5.2437369861080352e-01	   4.8881772646846366e-01	   6.7530118685050744e-01	   6.8435373464118054e-01	   6.1807202777085213e-01	   6.2066777584264554e-01	   3.5647358790299222e-01	   5.1751613674634711e-01	   4.0279347419456107e-01	   4.8785580988698424e-01	   4.4061203440852120e-01	   4.4948817637376209e-01	   5.0144441969974651e-01	   4.8151069273353808e-01	   6.1438905198606153e-01	   6.0860490969716441e-01	   5.6389214680458355e-01	   5.7922091082619320e-01	   6.9530786601091576e-01	   7.2660956870473015e-01	   8.1136237823865398e-01	   7.4765369185232455e-01	   6.6617870218374275e-01	   6.4631920109486218e-01	   5.4559364284093026e-01	   5.4459991226275051e-01	   4.6902317858856668e-01	   4.3929566889446725e-01	   7.6451633162925214e-01	   7.3706198546230439e-01	   6.0634689268379449e-01	   5.9693334616238825e-01	   4.8819855010785490e-01	   4.5152607240219511e-01	   6.0407157777383169e-01	   5.9594143522244392e-01	   7.7710355728813174e-01	   7.5141824720467687e-01	   6.1706067965963807e-01	   6.2227738284080170e-01	   5.2107999266747063e-01	   4.6914096476523176e-01	   4.8454120545098667e-01	   4.6637731942775329e-01	   5.1277487326276816e-01	   4.0707615843617273e-01	   4.6194242351135384e-01	   5.4917879170085482e-01	   5.9945886695469179e-02	   2.0013395898176195e-01	   4.5582894297470322e-01	   4.3134954044250046e-01	   3.7663473704085754e-01	   5.6921033667488252e-01	   5.9278437985907051e-01	   5.6098746476563310e-01	   3.0848366720213238e-01	   5.4852335054786483e-01	   6.0502248074878362e-01	   7.0121002165486812e-01	   5.7798144382067973e-01	   6.1909750716607659e-01	   5.7627889192679027e-01	   6.6120741506059955e-01	   5.3149866131726453e-02	   2.1215704328130644e-01	   5.2245045701565607e-01	   3.6928130373926649e-01	   5.3240867207944031e-01	   6.4232180947403528e-01	   5.1586002591809099e-01	   5.8294773598141691e-01	   5.2379459728517008e-01	   5.6283803213358530e-01	   4.9683166866027756e-01	   4.3992901788548416e-01	   2.2842543809146038e-01	   6.5321370533411549e-01	   3.7753494713052360e-01	   4.5523152530846106e-01	   6.0840528415318618e-01	   5.2575968674204343e-01	   4.7081911143839228e-01	   4.7441445719229736e-01	   3.3713675437788382e-01	   8.3044635363835780e-03	
   6.1223241157567387e-01	   6.1018180477752892e-01	   5.2514287012625660e-01	   7.2024340375104101e-01	   7.3338075374974077e-01	   0.0000000000000000e+00	   7.0300012313702354e-01	   8.8489840511553663e-01	   6.8362138788770466e-01	   8.7586686937212566e-01	   4.7894923589999439e-01	   6.3038843063872818e-01	   4.7568458491585175e-01	   7.4174892727915820e-01	   5.2736000150244466e-01	   5.8796518722500268e-01	   4.4345770376888027e-01	   3.7929053824712672e-01	   6.5117343805949635e-01	   7.2937877434531895e-01	   4.7655993253095408e-01	   5.6057020522168832e-01	   5.7112071683936927e-01	   6.3724018616532763e-01	   6.6428022985269197e-01	   7.7443960701718895e-01	   5.9285215786974421e-01	   7.5729697886793312e-01	   2.8736668519707320e-01	   3.6620875201480468e-01	   4.9966422109623110e-01	   4.9201147437085790e-01	   6.7296890441093760e-01	   7.4511927643344089e-01	   5.8298440705327914e-01	   6.5937095041765703e-01	   1.1984668486041963e-01	   3.5662556443423071e-01	   2.5572723274651366e-01	   3.6171884466989229e-01	   3.3407571580956286e-01	   3.5874713736700503e-01	   5.2258507462528447e-01	   5.0053382616677045e-01	   7.1787950046409854e-01	   7.2590356315082671e-01	   5.5565778010063971e-01	   5.7489701395504889e-01	   6.6970943248859838e-01	   6.0468938196727429e-01	   6.9249021519596254e-01	   6.0201629077439833e-01	   6.9884988405144921e-01	   6.1594595422327081e-01	   5.2028502777670038e-01	   4.9054697560879890e-01	   5.1389396795030473e-01	   4.4877560602848487e-01	   6.1861323270650481e-01	   6.8031771368266503e-01	   5.1012027165082574e-01	   7.6351161100084530e-01	   4.8522264883283600e-01	   4.9888529054031161e-01	   4.5758837242114336e-01	   7.1028837536888612e-01	   6.7241241110850369e-01	   7.1311094366732342e-01	   5.9442168814998841e-01	   6.4214174717726169e-01	   4.6360750613109913e-01	   5.4204526414844212e-01	   4.6606372634520798e-01	   4.9433234722302311e-01	   4.5895238284401596e-01	   4.6602441834478509e-01	   4.1882532358414115e-01	   5.1438063666988787e-01	   2.2501960601272530e-01	   2.7567148620706011e-01	   5.1385221574843065e-01	   4.6540603775244377e-01	   2.8984654956441275e-01	   4.8008984261572940e-01	   5.4309448437365060e-01	   5.2570327698072905e-01	   1.5786284549242213e-01	   3.9093598177537914e-01	   5.9015905572011551e-01	   6.9501423519626582e-01	   6.9424593218225972e-01	   6.2248512280217394e-01	   7.1618355177548532e-01	   6.7085412802753119e-01	   1.0495096253170544e-01	   3.2910362866276976e-01	   5.4472854710955387e-01	   3.8159035718604950e-01	   6.6082835773542237e-01	   7.0701373159220660e-01	   6.7518544077611287e-01	   6.5878773491634535e-01	   6.3340868273274520e-01	   6.3786644212799304e-01	   4.4903519648912049e-01	   4.2614168556772281e-01	   1.4304613197708860e-01	   5.9010837980513620e-01	   3.5310733021015250e-01	   3.1959701089533854e-01	   5.6156672526808704e-01	   6.6641061995440243e-01	   5.8042524700058185e-01	   5.7721186834871840e-01	   2.9532876229660743e-01	   5.5178839555509000e-02	
   8.3678298892541347e-01	   7.2709433223919684e-01	   8.9761731712183634e-01	   8.3302173119918255e-01	   7.5639540789413040e-01	   7.0300012313702354e-01	   0.0000000000000000e+00	   8.2013900023409114e-01	   7.9445119708428824e-01	   8.3262388971260093e-01	   8.1511034569717156e-01	   7.6710946780380918e-01	   8.3215332021595578e-01	   8.4118199522203529e-01	   8.2059612991340525e-01	   8.2793902953155207e-01	   5.7011674856796413e-01	   4.9347105673872804e-01	   7.5553701971094700e-01	   7.7697227493128229e-01	   5.8309802298056213e-01	   6.5610941393012634e-01	   8.4930444598470367e-01	   8.0674554425088751e-01	   8.3775944172618955e-01	   8.3038939931113642e-01	   7.0355167511724126e-01	   6.8040669497964867e-01	   3.9709400165346942e-01	   5.0317815710735858e-01	   7.2512709931824104e-01	   7.6371665941285738e-01	   8.3204531271776294e-01	   8.3195177353164829e-01	   7.1893242666656754e-01	   7.4157596813050897e-01	   3.5367968319108561e-01	   4.8860876114526580e-01	   4.8200053431769441e-01	   5.4365925991053765e-01	   5.8691596889100484e-01	   5.8410666498049024e-01	   6.4317221607682618e-01	   5.6443406239581428e-01	   6.8938667095734263e-01	   6.7710234955261561e-01	   6.2740990469872204e-01	   6.3305074909780201e-01	   7.1464619784471106e-01	   5.7621790668746276e-01	   7.3600454101878166e-01	   6.2568609120955809e-01	   6.3776094089970892e-01	   5.7576244224207862e-01	   5.5102176535716907e-01	   5.4135173625469257e-01	   6.6150029874559602e-01	   5.8973276215281656e-01	   8.7199518137025600e-01	   7.3426140071855217e-01	   8.2285917377568107e-01	   7.7876979824989734e-01	   6.4802060776098580e-01	   6.3216308510556107e-01	   7.3426620365791528e-01	   7.6629404254618860e-01	   8.7673759081062719e-01	   8.0924971098254406e-01	   7.9131214111664794e-01	   7.7758264374474340e-01	   6.4301919439102395e-01	   5.7221542547520987e-01	   6.1168064302652769e-01	   5.6261025750360494e-01	   6.6081279367947499e-01	   5.6989592854121351e-01	   6.3226464782009262e-01	   6.6551572132903714e-01	   2.6449681955366994e-01	   4.1615880182866394e-01	   6.1508011322108969e-01	   6.0132623584793987e-01	   5.5901743187769171e-01	   6.9348705438510605e-01	   7.4054919818533993e-01	   6.5146185818362778e-01	   3.7922952719406711e-01	   5.8390306735207720e-01	   7.4012775297326572e-01	   7.4830722969004093e-01	   6.9499817353221660e-01	   7.2781926227729787e-01	   6.9562720257656174e-01	   6.8883312613537973e-01	   1.1634166762069791e-01	   3.1824410557237726e-01	   6.2098863108624180e-01	   4.8950142165387478e-01	   6.1331207073140748e-01	   7.4901202855078775e-01	   5.5091107618911039e-01	   6.2882752453939050e-01	   4.9375586044124781e-01	   6.1849893592530969e-01	   3.2228491229622486e-01	   4.3409284642692403e-01	   1.3074153329606455e-01	   5.6773888870477363e-01	   3.9024205143236640e-01	   5.1087163409535830e-01	   7.2487933197310883e-01	   6.2095669800039810e-01	   4.3634504916382538e-01	   5.6185430224818833e-01	   3.9810153319956831e-01	  -9.3497089379730614e-02	
   7.3094305950423433e-01	   7.3042250749309590e-01	   6.5733459256775717e-01	   8.7079963195342769e-01	   6.4339157912657563e-01	   8.8489840511553663e-01	   8.2013900023409114e-01	   0.0000000000000000e+00	   6.3400805858792986e-01	   9.1353401842507476e-01	   5.5751819668492064e-01	   7.3705267893525273e-01	   5.5581058524614768e-01	   8.4291585902486188e-01	   6.3157839746167554e-01	   7.4987846970285887e-01	   4.9844265744975919e-01	   4.3064770531121005e-01	   7.4569290662774401e-01	   8.3045857984903182e-01	   4.5957225178100380e-01	   5.9818974124496260e-01	   6.9929064295221721e-01	   7.9606346009094042e-01	   7.4159920085014963e-01	   8.5731200009362396e-01	   6.1405404931274055e-01	   6.9530999405201011e-01	   2.6291929997025637e-01	   3.6777801172277247e-01	   5.5744774072485548e-01	   6.1505742418208842e-01	   7.4251144922175905e-01	   8.0652475925179168e-01	   6.5344541942843315e-01	   7.4931681401489925e-01	   1.1355423379031118e-01	   3.7969311590311527e-01	   2.8815043712194649e-01	   4.0997031204702783e-01	   3.7569193137477908e-01	   4.4489896803141682e-01	   5.6180028646681335e-01	   4.8747638470122717e-01	   6.8897974154774422e-01	   6.7096703271788383e-01	   5.4495317081773009e-01	   5.7293773242384594e-01	   6.2652326449783124e-01	   5.2493380338437823e-01	   6.7486340510582832e-01	   6.1017018354675367e-01	   6.8216695251126280e-01	   6.3659524195115269e-01	   4.8817664335929545e-01	   4.7174281747350233e-01	   6.0053063003633489e-01	   5.2366491911338042e-01	   7.0078807521544140e-01	   7.8146941976722628e-01	   5.9236740233937557e-01	   8.5247877215567280e-01	   5.4892413234536497e-01	   5.7466448968436079e-01	   5.6436552968630382e-01	   8.5917240459039235e-01	   7.5054818887642716e-01	   7.9580191122937727e-01	   7.3762071689607178e-01	   7.6696805586068717e-01	   5.5385696006189344e-01	   5.7585885432564898e-01	   4.9611224467483805e-01	   5.1014946560369057e-01	   5.3951789342800527e-01	   5.5742814535966789e-01	   4.8214148282090874e-01	   5.9169629782991195e-01	   2.5028146579277916e-01	   3.6085357682782770e-01	   5.7759366059305073e-01	   5.4723474947872541e-01	   3.9421573406603166e-01	   6.1235994895698287e-01	   6.3523104751613779e-01	   6.4979224462071161e-01	   2.7104833229918407e-01	   5.1050709444356523e-01	   6.7120292379838664e-01	   7.7461132924703369e-01	   7.7726480001190990e-01	   7.0900949978071326e-01	   8.0903307539565339e-01	   6.9454781058561221e-01	   4.7633686765862382e-02	   3.2490958749979776e-01	   5.2806207583936260e-01	   3.7491411526836149e-01	   6.6990611355890040e-01	   7.3669451741948389e-01	   7.2050838777596593e-01	   6.9003206519919469e-01	   6.6228585704465726e-01	   6.9139480148779198e-01	   4.4834723487419803e-01	   4.3225646455618272e-01	   1.8802846944736479e-01	   5.8660596898921202e-01	   3.1999786712563427e-01	   3.2963808608627343e-01	   6.1702294993418449e-01	   6.7951115605496915e-01	   5.3183034061745427e-01	   6.5042060677591540e-01	   3.7275988974773522e-01	  -4.5992121670762325e-02	
   7.1590721658616652e-01	   6.1009662496770733e-01	   7.5347661800623822e-01	   6.9777838961639749e-01	   9.5207091173550573e-01	   6.8362138788770466e-01	   7.9445119708428824e-01	   6.3400805858792986e-01	   0.0000000000000000e+00	   6.9733415561910939e-01	   5.5741378950383469e-01	   6.3819415570452775e-01	   6.4628460523447540e-01	   6.8613294731155738e-01	   6.8850247687252719e-01	   6.5280789756658808e-01	   3.8090076590653377e-01	   2.6459422563721979e-01	   6.5569226940271386e-01	   6.4578625185306504e-01	   5.9566061489023192e-01	   5.8864029000757745e-01	   6.7572822977785685e-01	   6.3617604234854308e-01	   7.2633272416452466e-01	   7.2005595251257914e-01	   7.1825643771812542e-01	   6.6577689046200883e-01	   2.7558117613229083e-01	   3.6491699710967151e-01	   5.9581631325059592e-01	   5.8678703225267292e-01	   6.9650828288302757e-01	   7.1091775143651681e-01	   6.2330245620039215e-01	   6.3685484532170766e-01	   3.7920929553266419e-01	   5.3341153993069712e-01	   4.2825143679317967e-01	   5.2402568745246048e-01	   4.8000312474592677e-01	   4.7983772692434085e-01	   5.4609301394236720e-01	   5.1208831211411743e-01	   5.8177576973027811e-01	   5.9172193903343340e-01	   5.9291832939110756e-01	   6.0881051122641050e-01	   6.9081643961837091e-01	   7.3786609070323084e-01	   8.1343654902497964e-01	   7.4865026259843204e-01	   7.0265486225031903e-01	   6.6673337356541817e-01	   5.6904865412494665e-01	   5.6097049609947025e-01	   5.0497596292482660e-01	   4.6698331423360362e-01	   7.7859804556366075e-01	   7.2849014112985699e-01	   6.0527802263468422e-01	   5.8466399386985846e-01	   4.8404833718703844e-01	   4.8648859133753569e-01	   5.7722603710779397e-01	   5.7212165767373568e-01	   7.4915187397708205e-01	   7.2735739271641231e-01	   6.6781756575311790e-01	   6.5342207132182284e-01	   5.4266238908832021e-01	   5.0851339587167466e-01	   5.2205423107258331e-01	   5.0587474247821684e-01	   5.5475949768243615e-01	   4.4894346741049085e-01	   5.0025042972270239e-01	   5.7894342635260909e-01	   1.0894706395513286e-01	   2.2860860319575910e-01	   4.8249841755473505e-01	   4.5593669264264292e-01	   4.3020748694011868e-01	   5.8173765370496189e-01	   6.1069650335400016e-01	   5.6381253838435053e-01	   3.2950335480015214e-01	   5.2808907221644852e-01	   6.1419805797909943e-01	   6.9582981689044121e-01	   5.6702974766387193e-01	   6.3315884491996677e-01	   5.3593835030998405e-01	   6.4638883856071006e-01	   4.7572506244532964e-02	   2.5598211974237051e-01	   5.4822239700291486e-01	   4.0370075782548986e-01	   5.3340595816758940e-01	   6.4915350319430132e-01	   4.6503949253686694e-01	   5.4547525626851900e-01	   4.6403581317908171e-01	   5.1571854466217593e-01	   4.0739694076978705e-01	   3.9254227996423857e-01	   1.5845241621110123e-01	   5.9360700146193790e-01	   3.9731760405627298e-01	   4.8516601655173408e-01	   6.3090189144195874e-01	   5.2619479577417627e-01	   4.3072775138450059e-01	   4.6494152059999305e-01	   3.5832269532399375e-01	   2.2483218172017249e-03	
   6.9081531915381067e-01	   6.5685975415172881e-01	   6.4527199247140843e-01	   7.9734992791924286e-01	   6.8112179072672330e-01	   8.7586686937212566e-01	   8.3262388971260093e-01	   9.1353401842507476e-01	   6.9733415561910939e-01	   0.0000000000000000e+00	   5.6378476821697254e-01	   7.1210892155559324e-01	   5.5963812847738947e-01	   7.9483824238441736e-01	   6.1102021919554472e-01	   7.5773222169835519e-01	   4.5722264863370904e-01	   3.8002837976204462e-01	   6.7484669214204174e-01	   7.4397402826794357e-01	   4.3961051254044980e-01	   5.9954133097620965e-01	   7.2759520695941582e-01	   7.9845941971330714e-01	   7.3439282241152637e-01	   8.3443421232860271e-01	   5.9844716988983016e-01	   6.7135658558061873e-01	   2.5880376695062712e-01	   3.3807016019274344e-01	   5.7503258835297943e-01	   6.5452549151001360e-01	   7.3792140335449341e-01	   7.9556442994929644e-01	   6.6464503706335232e-01	   7.4338403081303817e-01	   1.5610306275320202e-01	   3.6871221752842520e-01	   2.6736338342841570e-01	   3.5113525693374587e-01	   3.8626231091271329e-01	   3.9277380461438577e-01	   5.7986777715182170e-01	   4.8365257709137216e-01	   7.0038239524723522e-01	   6.6297093292302123e-01	   5.6272916318294341e-01	   5.4805404737375363e-01	   6.6965315472246056e-01	   5.5070705964116307e-01	   6.7895010358046237e-01	   5.5408123912247598e-01	   6.6978356580840637e-01	   5.7074452699297096e-01	   4.6209569310409315e-01	   4.1464467111807668e-01	   5.7650149158799724e-01	   4.9212802401704675e-01	   6.5068662113351161e-01	   6.7193536215317673e-01	   5.7765077162842160e-01	   8.1925558551706290e-01	   5.3006304740030852e-01	   5.3366865730902346e-01	   6.1674945879974430e-01	   8.0876462775386515e-01	   7.0504475182214255e-01	   7.1115222706158154e-01	   6.5588180135777518e-01	   6.7238332447994553e-01	   5.6633799782400662e-01	   6.0517493503810427e-01	   5.0928165791314017e-01	   5.2085891004700269e-01	   5.3462618611191826e-01	   5.3813832003614892e-01	   4.8859404184738975e-01	   5.7287096755472011e-01	   2.2528321165391965e-01	   3.0050057657973728e-01	   5.3511257909522403e-01	   4.8402780730237627e-01	   3.5701466417734024e-01	   5.1784111350309958e-01	   6.1692533674162431e-01	   5.8769169760800100e-01	   2.6281102003607970e-01	   4.4271638195748353e-01	   5.9300316881531734e-01	   6.9771423826114232e-01	   6.6500313109795850e-01	   6.0618618411717684e-01	   6.9342922489020520e-01	   6.4173331907046083e-01	   4.9409921205254607e-02	   2.9971069194230859e-01	   5.3697505899497233e-01	   3.4961991880512039e-01	   6.0509463898792137e-01	   6.7454497933458457e-01	   5.7651839578551489e-01	   5.8168801429112604e-01	   5.1836837351268916e-01	   5.7762574894988084e-01	   3.1608817544266749e-01	   4.3559449808436040e-01	   8.5588796286696939e-02	   5.0578256947575850e-01	   3.8007313045185287e-01	   4.0051890860941708e-01	   6.1004486651434364e-01	   6.2087791387760649e-01	   5.3493011577996330e-01	   6.0961038298732650e-01	   3.5420113506006479e-01	   2.8217331611427560e-02	
   7.4938037174314465e-01	   6.7607470631780764e-01	   7.8282668738415717e-01	   6.2841107338130286e-01	   5.0791296834301947e-01	   4.7894923589999439e-01	   8.1511034569717156e-01	   5.5751819668492064e-01	   5.5741378950383469e-01	   5.6378476821697254e-01	   0.0000000000000000e+00	   7.6142910052700574e-01	   9.2620028787357611e-01	   7.7631517627997937e-01	   8.1425236723802574e-01	   7.3288773875273050e-01	   7.4165016865091937e-01	   7.2214851288153414e-01	   7.0457789213298139e-01	   6.7277907274324300e-01	   6.3013761003527691e-01	   6.7575248610205307e-01	   7.8796436976847617e-01	   6.4957563671254070e-01	   7.1747363641840711e-01	   6.3908497329857772e-01	   5.8537976612153531e-01	   5.4607604989439640e-01	   6.8094478066944297e-01	   7.2355877159122217e-01	   7.8960271628835499e-01	   7.7001971311124184e-01	   7.9361213209400028e-01	   7.5674329478101598e-01	   6.1827911687519288e-01	   5.8499326905558391e-01	   4.7480216924090252e-01	   5.2366844736036644e-01	   5.7543103474593338e-01	   5.9647014141397459e-01	   7.6539562744412026e-01	   6.3871364126904917e-01	   6.2410292584605376e-01	   6.2273711834010803e-01	   6.5278794525806139e-01	   6.7705946282655383e-01	   6.3137131399589774e-01	   6.6334546953740015e-01	   6.0306537267553317e-01	   4.0112703143963557e-01	   4.9639625731787718e-01	   3.6940537409100849e-01	   4.6948021510296944e-01	   3.7267415882955979e-01	   6.0847352204153182e-01	   5.7920283293757902e-01	   7.0711093421940618e-01	   6.6287650034293388e-01	   7.2415117865879286e-01	   4.8813300994569919e-01	   8.7257041226803911e-01	   6.7135860054969054e-01	   7.3113164599107228e-01	   7.3338213855884615e-01	   6.4114398501232550e-01	   5.5393545971004243e-01	   7.2898118445334870e-01	   6.1852793232751790e-01	   7.0156144538283405e-01	   6.6608526914085520e-01	   6.3474288193976902e-01	   5.4188303623714607e-01	   7.6261804617810625e-01	   6.8849530724982211e-01	   7.7739634879189601e-01	   6.9831731023429711e-01	   7.2793100424639645e-01	   6.5896703850401028e-01	   4.9851432874728246e-01	   5.9004385840515594e-01	   7.1796475618938937e-01	   6.9049137154859341e-01	   6.5555868192883848e-01	   6.4062508314675526e-01	   7.3757725457199808e-01	   5.3736308044539238e-01	   3.8135484906360295e-01	   5.4143620418394811e-01	   7.4721212088043187e-01	   5.8743209982916267e-01	   5.5111662368178249e-01	   6.2070325076268773e-01	   4.5894647023899371e-01	   4.7989787977132803e-01	   3.0244654672782223e-01	   4.3906022637346348e-01	   6.8002989979267625e-01	   5.7911367626051802e-01	   5.9938210155654326e-01	   7.0720393997529740e-01	   3.5385872980844879e-01	   4.7739318359915306e-01	   3.3986258335084263e-01	   3.8040202721530980e-01	   9.0338106396924925e-02	   2.1598456692271073e-01	  -7.6519509745600400e-02	   3.6738346980082148e-01	   3.9799615984530834e-01	   5.7958525602738153e-01	   7.1568651622217050e-01	   5.9652408758228581e-01	   3.1031638994017935e-01	   4.1357727823979723e-01	   3.1034377088552484e-01	  -1.0145199299702212e-01	
   7.9566722790962763e-01	   8.3202337172610086e-01	   7.2423897893541667e-01	   8.0420318529002333e-01	   6.0154103290240479e-01	   6.3038843063872818e-01	   7.6710946780380918e-01	   7.3705267893525273e-01	   6.3819415570452775e-01	   7.1210892155559324e-01	   7.6142910052700574e-01	   0.0000000000000000e+00	   7.0274581937428127e-01	   9.3322958668475120e-01	   8.1100113326060885e-01	   8.5298625400295847e-01	   7.7675754225704485e-01	   7.4008980279809689e-01	   8.4247621161003838e-01	   8.0667575752678122e-01	   6.9081715953078049e-01	   8.4769776745726433e-01	   8.1231461514948800e-01	   8.4474677147836941e-01	   8.1219629091774315e-01	   8.1718445748510027e-01	   7.0849980285385561e-01	   6.6032460948195593e-01	   6.7736829986726133e-01	   7.3620149267660806e-01	   7.9136996358984191e-01	   8.0965819807493322e-01	   8.4430637669489106e-01	   8.5766939147278753e-01	   6.9116401924080884e-01	   7.1468932271825936e-01	   4.9545363886745464e-01	   6.9349111620739912e-01	   5.8116233168607079e-01	   7.1173996747935186e-01	   7.2289252133473669e-01	   7.2173095181526414e-01	   6.2984142595069703e-01	   6.8106391020103607e-01	   6.5484813001926534e-01	   6.9117623101015524e-01	   6.8903120816464980e-01	   7.6509533010301478e-01	   6.1458482448269769e-01	   5.8043676231777663e-01	   6.6919046964576046e-01	   6.4032067041986485e-01	   7.0190573442164772e-01	   7.1602114909352688e-01	   7.6490329677533420e-01	   7.9854484073482745e-01	   7.2518536043345161e-01	   7.1819873808450763e-01	   6.9051455729127231e-01	   7.7439084814657100e-01	   7.0238291954378451e-01	   7.9165276846167854e-01	   7.9378525945044975e-01	   8.4490612752851502e-01	   6.5443262687025838e-01	   7.8550154290967988e-01	   7.2310093628744365e-01	   7.8199574724307896e-01	   7.6972000244178562e-01	   7.2485007677567059e-01	   7.5613164856489701e-01	   6.8525932179064653e-01	   8.0044506915506597e-01	   8.0765647194858081e-01	   7.7868211166930990e-01	   8.0280787570552781e-01	   7.2354100685540690e-01	   7.7564880986520512e-01	   5.2479642074615407e-01	   6.1336460660659609e-01	   8.2684326345654269e-01	   7.7438125717623418e-01	   7.3428665976858021e-01	   7.2005771928750273e-01	   8.4962245413391024e-01	   8.1873604995081906e-01	   5.6664444120144242e-01	   7.3255934674958456e-01	   8.4612040582543357e-01	   8.3859404281016015e-01	   6.2509549899259576e-01	   6.7126850788138459e-01	   5.7373984737431583e-01	   4.8357531353184446e-01	   3.5201367204847145e-01	   5.6786780063066977e-01	   7.4104873904917890e-01	   6.7776736555045591e-01	   7.0725045998887415e-01	   7.6827002318231541e-01	   5.0004096005449894e-01	   3.9559185913688055e-01	   4.8635449184497892e-01	   4.0706501631358816e-01	   2.9901263543074702e-01	   3.1958506886921068e-01	  -1.0902889585162985e-01	   4.1366710391717199e-01	   3.3929599551473927e-01	   5.4788764183054617e-01	   7.5828112784096713e-01	   6.6091246569491691e-01	   4.7938155326844883e-01	   5.5394719539397985e-01	   3.7799815677702908e-01	  -8.4639130453246586e-02	
   7.7218193883169339e-01	   6.7638994126544827e-01	   7.8452988145293578e-01	   6.3840459223329360e-01	   5.9300146440769197e-01	   4.7568458491585175e-01	   8.3215332021595578e-01	   5.5581058524614768e-01	   6.4628460523447540e-01	   5.5963812847738947e-01	   9.2620028787357611e-01	   7.0274581937428127e-01	   0.0000000000000000e+00	   7.7384923059790911e-01	   8.2064682856388615e-01	   7.3082891128896577e-01	   6.6266174394707578e-01	   6.3355547442083959e-01	   6.9590101590597597e-01	   6.9870129577178908e-01	   6.1241773629770346e-01	   5.8714741624916167e-01	   7.8780978152562142e-01	   6.6300215443270760e-01	   7.1469875761270196e-01	   6.3879387924011799e-01	   5.8405988194575142e-01	   5.1039116605137491e-01	   5.9411730910345706e-01	   6.4299654908005477e-01	   7.4051380058999805e-01	   7.0181201250907210e-01	   7.5372251304692639e-01	   7.1887237794267400e-01	   6.2351141764876383e-01	   6.3350287673498440e-01	   4.3255764165006838e-01	   5.2693661433193184e-01	   5.1053170684075733e-01	   5.7437448658262036e-01	   7.3492213854041288e-01	   6.3260036873330705e-01	   6.3458530537083790e-01	   5.8269048259018674e-01	   6.4276191114694858e-01	   6.3308478717646433e-01	   6.3516073078301727e-01	   6.4575810698903013e-01	   6.2053952659098521e-01	   4.1238847012688029e-01	   5.1262393266164330e-01	   3.8464361350880927e-01	   4.7678376303771941e-01	   3.6279546504105842e-01	   5.6564299630850545e-01	   5.5464415057163718e-01	   6.7284816180485607e-01	   6.1834169637506819e-01	   7.1872667616390995e-01	   4.9587691824808516e-01	   8.3428554565476276e-01	   5.9426191553120733e-01	   6.4888432771359517e-01	   6.4045218280160299e-01	   6.1951211314038512e-01	   5.6042187799026832e-01	   7.3202760902555852e-01	   6.4364274172915792e-01	   7.3938964309943789e-01	   7.2807940951592287e-01	   5.5119064270202967e-01	   4.6857591117436825e-01	   6.9557018904285761e-01	   5.9358739287920637e-01	   7.4719414630868164e-01	   5.9891840755235559e-01	   6.4173490736014915e-01	   5.9664429484743642e-01	   4.4249103530647016e-01	   5.5917714124025575e-01	   6.5695246423664666e-01	   6.7271628282805163e-01	   6.6732217968969132e-01	   6.8638172575370082e-01	   7.3173553831802185e-01	   5.7125758107213276e-01	   4.2721163074088864e-01	   5.7863535436230085e-01	   7.2910956451259124e-01	   6.1302962311077414e-01	   6.3352427140483569e-01	   6.8740309397398891e-01	   5.6984103867805125e-01	   5.8817353238840009e-01	   2.0842039625910352e-01	   3.7388762614376636e-01	   6.5019736171858811e-01	   5.5829337895704678e-01	   6.0551133529611534e-01	   7.2646026429753463e-01	   4.3565356579096726e-01	   5.7831517611236050e-01	   4.1154896367660876e-01	   4.8582607106076636e-01	   1.1519665978813763e-01	   2.0732561158143226e-01	   3.9135340014836845e-02	   4.7050506988481122e-01	   2.7681360017211093e-01	   5.0217862662778456e-01	   7.5194482861922873e-01	   6.1952851208678328e-01	   2.7931461445006572e-01	   3.9940599354203543e-01	   2.8440896541910998e-01	  -2.0406413179563868e-01	
