   0.0000000000000000e+00	   7.0840322489180152e-01	   3.7531935922888116e-01	   1.1239174357264585e-01	  -6.3611685961320524e-02	  -3.8849333791031240e-02	   2.0487078635866565e-01	   1.2869132626905255e-02	   1.6521521214913121e-01	  -1.2940706681458686e-01	   5.7184136156033705e-01	   3.1284770735778517e-01	   5.1613109762955656e-01	   8.2048345814971294e-02	   1.1703736065509251e-01	  -5.1378183437126621e-02	   5.6405276716192110e-01	   4.3057253740700019e-01	   5.2906872014513007e-01	   3.4466922810148259e-01	  -4.8218225539415432e-02	   4.0992111219686787e-02	  -2.4976214779527880e-02	  -1.7028105596254903e-01	  -2.1667268705451925e-01	  -1.9937965956170964e-01	  -4.9724756789057238e-02	  -3.8365743593541515e-02	   3.0478162248921381e-01	   3.8669366553726692e-01	  -1.6598284172582212e-01	  -1.4064986726901330e-01	   1.0422837400917798e-01	   1.1446330556635211e-01	  -2.5078799164942983e-01	  -2.7215682524622514e-01	   3.1453411015679611e-01	   2.7294230288203347e-01	   4.0259370181254311e-01	   1.8750134670793320e-01	   2.4959375552165880e-01	   2.8841311053596663e-01	  -2.4153698448166432e-02	   1.5750477120980704e-03	  -4.7073068924171957e-02	  -3.6836432024937839e-02	   9.4234990693390613e-02	   1.7317791273690497e-01	   1.9825731759666471e-01	   1.1928655670771074e-01	   2.3162641988438362e-01	   1.5284604284637832e-01	   6.5896719477714652e-02	   4.3502844102887912e-02	   3.7400922685108828e-01	   2.2971958384209107e-01	   7.8172735493440137e-01	   6.4542955786671119e-01	   6.3590599101756862e-01	   5.0677119826676165e-01	   5.6243943554374976e-01	   7.5604190502231786e-02	   5.8595518271379055e-01	   5.9086600621840668e-01	   3.0983431424011981e-02	  -2.6709760625244733e-01	   1.2272815866602730e-02	   1.1740842675857590e-02	   4.7108638869013159e-01	   3.1874587155203093e-01	   1.9897036611481622e-01	  -2.3424485941319448e-02	   2.8187130554818740e-01	   2.8446968266539269e-01	   2.9364076715799337e-01	   4.2613736314294137e-01	   3.2665489726062025e-01	   3.9904835932677779e-01	   4.0835625275240389e-01	   3.5617006297287179e-01	   3.8369138221831700e-01	   4.3003910940438583e-01	   3.2530475098652128e-01	   3.4201318365332939e-01	   3.2460303302677507e-01	   7.6478615221527019e-02	   3.8165422581756780e-01	   1.8502839833204429e-01	   4.1713455129274762e-01	   3.9392188308719855e-01	   1.6222895686444891e-01	   1.9358979942091623e-01	   4.6637282064475850e-02	   1.7687265427292356e-01	   1.2578008836152618e-01	   6.3298266932071121e-02	   3.3870687279163508e-01	   4.2400091667926632e-01	   4.3255396560616077e-01	   5.6366560730409998e-01	   3.2548192098811857e-01	   2.2567420138187533e-01	   6.0583990737386784e-01	   6.0350120630560544e-01	   4.6479717196187054e-01	   4.4936319488430704e-01	   3.3469640059638528e-01	   4.5634633106752548e-01	   7.1025653147739815e-02	   1.6838407502980451e-01	   2.5675343130752931e-01	   5.1062260538683824e-01	   3.5842299261109506e-01	   4.6022495406322955e-01	   4.4215781364972273e-01	   3.0579857053776294e-01	
   7.0840322489180152e-01	   0.0000000000000000e+00	   2.5197117451925766e-01	   1.0092096593935668e-01	   1.4047589100330171e-01	  -1.1854604912169492e-03	   1.9562213798344985e-01	   1.0511164427899651e-02	   2.9690372188990216e-01	  -7.6087346113959120e-02	   3.4950004428705495e-01	   2.0656202372669014e-01	   3.1655256574816798e-01	  -4.6428254075128149e-03	   1.2940357768630892e-01	  -4.3800354398686160e-02	   4.2251241238378912e-01	   5.3289336344747962e-01	   3.1183404917048185e-01	   3.0057454402857031e-01	  -5.0989360728168412e-02	  -1.0956186647728774e-03	  -2.6319513503778050e-02	  -1.2145712733985300e-01	  -1.4851789564657558e-01	  -4.6537129782240998e-02	   1.3279778668023878e-01	   1.5984407880750817e-01	   2.5707824454893163e-01	   3.0303653053819307e-01	  -4.3220273702635925e-02	  -9.6203898191289758e-02	   1.6863728484285212e-01	   2.2193498569758111e-01	  -1.7086192677646789e-01	  -2.5754495407754124e-01	   2.6361378592418044e-01	   2.0565738298928427e-01	   3.5736128730648320e-01	   1.3418193378590426e-01	   2.3365664473528305e-01	   2.7641562528502817e-01	  -9.7033734764166740e-02	  -7.2232506023156673e-02	  -8.6432983301061195e-02	  -9.2100710192830490e-02	   6.6685857592905712e-02	   1.0209266121287293e-01	   2.6972441770668338e-02	   8.7035645758951813e-02	   6.1927410616597539e-02	   3.3719225961990673e-02	  -4.6391838094784234e-02	  -1.6815557274899952e-02	   2.7976827941077159e-01	   1.5101201849799500e-01	   7.4383388341566437e-01	   8.3320407698676213e-01	   4.1611808277582701e-01	   4.4556662274769909e-01	   5.2509825355183559e-01	   2.2765514797450723e-01	   4.7028535634101576e-01	   5.8544904694439759e-01	   1.1601079028316408e-01	  -1.0552525811728183e-01	   4.0638018516240507e-02	  -4.6376181176563669e-03	   5.2367132711060371e-01	   3.2185964653162613e-01	   5.1241693342201140e-02	  -1.5544157066533115e-01	   8.0315755666194394e-02	   1.9833960860177144e-01	   7.0591673912348066e-02	   3.6606934125910462e-01	   2.1166737202750940e-01	   2.3897928459244477e-01	   3.0801477512064412e-01	   3.8337513641939780e-01	   2.9043392983913974e-01	   3.3440994847326311e-01	   3.3921432649568234e-01	   3.6984832319986172e-01	   2.1079286257006946e-01	   1.4807073597215760e-02	   3.5528271613192064e-01	   1.3843448442000872e-01	   3.3971320184248749e-01	   3.2183567901912419e-01	   8.2232487757449152e-02	   7.6345908801827927e-02	   1.5518645847516924e-01	   1.2849661230375767e-01	   1.4318850818053147e-01	   1.9607392658405620e-01	   4.8091415429422257e-01	   4.7183200087127197e-01	   4.4400743886842353e-01	   4.1581658591770554e-01	   4.2863283555486675e-01	   1.8710730234576167e-01	   6.9874247027583980e-01	   6.1928183052118668e-01	   4.6569712716530387e-01	   5.3035842367687136e-01	   2.5150969230837045e-01	   2.3554563037236648e-01	   1.9251129468724348e-01	   2.3396561836673788e-01	   2.2832865988697726e-01	   4.6286402410429484e-01	   4.0909592863767918e-01	   4.8463347022557868e-01	   5.0868483537868714e-01	   3.1707190480886605e-01	
   3.7531935922888116e-01	   2.5197117451925766e-01	   0.0000000000000000e+00	   4.5170758166132752e-01	   6.3097100115100480e-01	   3.0556904637898152e-01	   7.7134197706636753e-01	   3.7269316494035393e-01	   6.0590137578706560e-01	   2.6518031694464284e-01	   5.5593034751738213e-01	   4.5747521672029962e-01	   5.8758033971411605e-01	   4.3894781115405612e-01	   6.5965969959618787e-01	   4.9684737746161273e-01	   1.6010557684814425e-01	   2.6330955166558712e-01	   4.7868652392181776e-01	   4.0632626657182569e-01	   2.5755352164453349e-01	   1.8057627547845781e-01	   7.4761874362676495e-01	   5.2984389733987647e-01	   5.3899609958344985e-01	   4.2138578901347878e-01	   1.7076593709658697e-01	   1.7514122163055068e-01	   3.7291719506455440e-01	   3.2195446108758896e-01	   4.6993227433034146e-01	   3.3754215161155876e-01	   5.2147895797528820e-01	   3.7758824225999665e-01	   1.8711997841175870e-01	   7.7909090953327140e-02	   3.9233095768781390e-01	   2.1258270210493663e-01	   3.5906415038583051e-01	   2.6199720613429156e-01	   4.0168835225977084e-01	   1.7700821370859285e-01	   3.0479430841950927e-01	   3.0721441883899658e-01	   3.9264987788287464e-01	   3.1136198197370840e-01	   4.0280142042268374e-01	   3.7401296907055581e-01	   4.3911944384641305e-01	   4.0135733975022009e-01	   6.2532263604441629e-01	   4.0578401231647127e-01	   4.6924272258324218e-01	   5.1761241479073028e-01	   4.7898964320835452e-01	   4.2364505194850066e-01	   1.1339170609936983e-01	   2.6350314106897832e-01	   4.9631416525561756e-01	   4.4196968081426524e-01	   4.8893594303325222e-01	   3.9090111000450078e-01	   2.1808764193867913e-01	   3.1498897670383397e-01	   5.6266495677441586e-01	   3.4045586878197454e-01	   4.7994133004489459e-01	   3.9541803795634956e-01	  -8.7704442166078658e-03	   2.1228600850598181e-01	   2.8107702737989076e-01	  -2.3425275678714618e-02	   1.9622162844282812e-01	   2.9656518002346577e-01	   2.5624883008221772e-01	   1.8827876595524348e-01	   1.8871631559183588e-01	   2.8589145477381139e-01	   2.1037350902862531e-01	   3.3271300419640820e-01	   3.2375625934309726e-01	   4.8127860681383428e-01	   4.3136064255589457e-01	   3.3375654855548731e-01	   5.3395578405764332e-01	   4.8862464795990534e-01	   3.3367624008409824e-01	   9.3494818339147467e-02	   7.2625899276022410e-01	   6.0897530177086734e-01	   4.2783802230325779e-01	   6.2515684391331316e-01	   4.4224236160288138e-01	   6.6071664836686272e-01	   4.6451766732344767e-02	  -5.1880290317678671e-02	   1.7210103947825323e-01	   2.9542901613728872e-01	   4.6296070533511319e-01	   4.5495105301634964e-01	   3.3310209107832134e-01	   5.0796735284365258e-01	   3.1254022568798079e-01	   4.9104901740790663e-01	   3.2008898793727342e-01	   4.9441335845275464e-01	   3.7304878109794826e-01	   3.7810639996480194e-01	   1.9984859533890353e-02	   3.4253558260171256e-02	   3.5813483589729755e-01	   4.5317690650471876e-01	   4.7927955805856826e-01	   4.2716743010864988e-01	   6.0917216480518388e-01	   5.3537528322712857e-01	
   1.1239174357264585e-01	   1.0092096593935668e-01	   4.5170758166132752e-01	   0.0000000000000000e+00	   4.8518238586479134e-01	   6.4728268269266920e-01	   5.0290239461020103e-01	   7.5429344653348795e-01	   5.8263870138703799e-01	   6.4624627518760747e-01	   2.9252203933344584e-01	   6.3607174826277768e-01	   1.9970633618079953e-01	   5.8742834262379107e-01	   2.5524249588834214e-01	   4.7288194632146213e-01	   2.9656242399428059e-02	   1.6965801999383631e-02	  -3.6301883187325162e-02	   1.3362603718946209e-01	   2.5816968936833662e-01	   2.4736056743393608e-01	   3.9627515584355566e-01	   5.1377638153729799e-01	   2.8049303913526114e-01	   6.7747301084698086e-01	  -6.6930590715865532e-02	   3.3678706433502381e-01	   1.9645460067644444e-01	   1.5426333942695414e-01	   4.0492211436598752e-01	   5.5529643120437322e-01	   2.1180853688180040e-01	   4.8651670019110982e-01	   7.3110415085523905e-02	   1.2379113366095705e-01	  -2.2444430332314056e-02	   1.1612873809632221e-01	  -8.9131020221286626e-03	  -3.1191429498773869e-02	  -5.0272471722125844e-02	  -1.1544342369570412e-01	   2.0863103788212570e-01	   1.9306063332084719e-01	   1.4128635341808021e-01	   8.8632248087460924e-02	   1.3356074008919183e-01	   1.9035210338724939e-01	  -6.7938963140935241e-02	   5.5117832975507944e-02	  -3.2781919182892597e-02	  -1.2866566498501456e-01	  -7.9075107966105555e-04	   1.5454155243645640e-01	  -2.3822218694940774e-02	  -5.5353489030594394e-02	  -7.9350588263434510e-02	  -8.2669858735692284e-02	  -1.0372787709253355e-01	   1.0266554856571311e-01	   8.6987482063750815e-02	   5.4973361576853752e-01	  -1.9277680358162080e-01	  -6.1709583902121450e-04	   2.0481168648031789e-01	   5.6326296549738042e-01	   5.1350657611021228e-02	   1.4321056974747631e-01	  -1.1696865516879519e-01	   9.6561371430299338e-03	  -1.8977703790504698e-02	   2.8847955493681476e-01	  -9.9255943738014343e-02	   2.6656354963503859e-01	  -6.9901414020178937e-02	   1.1555974338188352e-01	  -1.0805305035276210e-01	   1.4588290938173171e-01	   1.3164814498077587e-01	   1.1917285372762838e-01	  -2.1208051353255725e-02	  -9.6886090471236981e-03	  -6.1146103835209558e-03	   3.1974705753218542e-02	   5.3296350588980947e-02	   1.9032626563243082e-01	  -8.8954973644751967e-02	  -1.3373098936302880e-01	   3.1822964443437712e-01	   1.2705129942988003e-01	   1.9904191683655464e-01	   2.5061170352129741e-01	   5.1645363406967271e-01	   3.7707463847997169e-01	  -1.0831165045871513e-01	   3.3849015701114184e-02	  -3.9473285957772671e-02	   1.0594168470692096e-01	   6.2339691226621766e-02	   3.5759950112827267e-02	   3.0684223861650706e-01	   3.6496041952563596e-01	   8.3072986182927189e-02	   2.4498467957124509e-01	   4.1651872578624155e-02	   2.7085568402785443e-01	  -3.6112702335451179e-03	   1.0295451994975401e-01	   3.5510816161737589e-02	   9.8168797035648264e-02	   3.3465019236071358e-01	   1.1669550447547108e-01	   1.0388939939391990e-01	   2.6460727448526433e-01	   2.7729177454144616e-01	   3.7706806615705857e-01	
  -6.3611685961320524e-02	   1.4047589100330171e-01	   6.3097100115100480e-01	   4.8518238586479134e-01	   0.0000000000000000e+00	   6.2779988206300785e-01	   7.0013066640926802e-01	   5.5221483962635931e-01	   8.3765599358461729e-01	   5.3122651865900639e-01	   1.7834482146707414e-01	   3.0778333674169411e-01	   3.3255831884152431e-02	   2.5688251622972236e-01	   4.7705833454795044e-01	   3.8831245281773236e-01	   5.2311105210605890e-02	   1.9723135943848180e-01	   8.1106523088554539e-02	   1.5415449701496320e-01	   2.8999627777084797e-01	   1.9971352528486935e-01	   6.0277281305332697e-01	   4.6893893299623052e-01	   5.6465575167261961e-01	   6.0263190050406945e-01	   1.6245096070422665e-01	   4.0388942854274101e-01	   3.7512462240977928e-01	   2.7315168224917430e-01	   6.6825503729507996e-01	   5.2810026007406718e-01	   5.6699799720397936e-01	   4.8366489019893377e-01	   3.5780131957742889e-01	   2.6441142967500947e-01	   2.6880465887945570e-01	   9.4423827159777624e-02	   1.5157529911099768e-01	   1.4725169382133385e-01	   2.1855644905486071e-01	   1.3200653071477911e-01	   3.5417139804763548e-01	   3.6613028461653996e-01	   4.9726026403366330e-01	   3.8512782339847312e-01	   4.1230554413057285e-01	   3.2770536351895269e-01	   1.7324953897320355e-01	   3.2049454262027366e-01	   2.8832554759337986e-01	   1.8603279857653868e-01	   2.3199359745879675e-01	   4.0635261754765994e-01	   2.0504292649309422e-01	   2.2949765436859870e-01	  -7.9586830085959376e-02	   9.0681635875315469e-02	   9.0981428475960802e-02	   2.3246955224651888e-01	   3.2744080253522023e-01	   6.2042721116707444e-01	  -9.8511732658756429e-02	   8.0768274720652913e-02	   5.4279131628515565e-01	   5.7587247786158202e-01	   5.3039327111600976e-01	   4.2480352911002772e-01	  -1.5269440236163789e-02	   1.7133982583844265e-01	   1.0324284448555962e-01	  -4.1064184570083970e-02	  -3.2138975791186693e-02	   1.2297498622494013e-01	   9.3453575260184496e-03	  -5.0300798426277729e-02	  -6.0392999447711648e-02	   1.0948624356562495e-01	   1.6562631867165800e-01	   1.7619239810657561e-01	   1.5275020331954398e-01	   1.6066544695466617e-01	   2.3907530704017843e-01	   1.2276572831448637e-01	   1.3445276232472125e-01	   2.2941376200956248e-01	   7.3054045859422295e-02	  -1.9118682687142355e-01	   3.9309929361021478e-01	   2.2232345867542957e-01	   3.3344551239997833e-01	   3.2766187630734461e-01	   5.3645101778498894e-01	   4.1668683603740353e-01	  -7.7853766539986574e-02	  -2.4753298198299710e-02	   8.0534443414554568e-02	   2.3510004302452053e-01	   3.3475159122737896e-01	   1.9448619209042797e-01	   3.4600330791262579e-01	   2.8273848045868211e-01	   1.6123196803137907e-01	   2.3523689419632923e-01	   1.0199498733730521e-01	   3.0328913340873104e-01	   1.7597819650832791e-01	   1.0119636434875599e-01	   1.6268081438211068e-01	   1.4034718586606837e-03	   2.7700383301527204e-01	   3.0292391043038774e-01	   3.8970720667525360e-01	   2.2605079499581171e-01	   4.0658643477465195e-01	   4.4037607024436604e-01	
  -3.8849333791031240e-02	  -1.1854604912169492e-03	   3.0556904637898152e-01	   6.4728268269266920e-01	   6.2779988206300785e-01	   0.0000000000000000e+00	   5.7560509081508404e-01	   8.1298758185797371e-01	   6.0477162376171900e-01	   7.4034360892915219e-01	   1.4282167870426787e-01	   5.4584680704994959e-01	  -1.4344125191244647e-01	   2.8330093632756503e-01	   1.0644790744808465e-01	   2.5849544289385518e-01	   1.4863299199587759e-01	   1.6747398306971736e-01	  -2.4883352183576804e-02	   2.9046818360167193e-02	   1.0766693745405070e-01	   6.4997458285849866e-02	   2.8239098469311713e-01	   3.0478698342213051e-01	   2.2441582558075768e-01	   5.7521953490097244e-01	  -2.2835392714065672e-01	   3.0527417111702770e-01	   4.3782141862108231e-01	   4.4947855373491596e-01	   5.4332436677096208e-01	   5.6908093645094548e-01	   3.4868754035899840e-01	   5.5251216708779405e-01	   1.2761333915396877e-01	   2.1261098247979804e-01	  -1.3982800506507843e-02	   1.5290907613168403e-02	   2.2667945079234808e-02	   7.0598533465443189e-02	   5.5812465112019274e-02	   4.3391298025721475e-02	   3.1701516442395589e-01	   3.2145369017621206e-01	   3.0856574541519921e-01	   2.8514198576249467e-01	   2.4781773180466013e-01	   2.9805633315669050e-01	  -1.0806810588024911e-03	   2.0500887899406495e-01	  -3.9327401164910666e-02	  -9.0949240475305448e-02	   2.3493506545319356e-02	   9.7838238653587567e-02	  -3.4205878976879628e-02	  -2.6620284498097904e-02	  -1.3953866955109007e-01	  -1.8404160707089706e-01	  -9.6434452428577691e-02	   1.1877813921709282e-01	   8.4009278276003768e-02	   6.6447573851110631e-01	  -2.7614030479103857e-01	  -2.9859425197887781e-02	   8.2348792781112859e-02	   4.0745719281681081e-01	   2.6204363006354980e-01	   2.5249619299090709e-01	   5.7716430339971286e-02	   1.5998658226317367e-01	   2.3752176289228105e-01	   4.8349243040066059e-01	   1.8807742026972424e-01	   4.0778472306899338e-01	   5.9499803968890597e-02	   1.0419838238963224e-01	   1.3153797432633252e-02	   2.4063528180248284e-01	   2.9091474793430611e-01	   1.3524478877487167e-01	   4.7992187306120329e-02	  -5.1706999390938244e-02	   9.4982958710576743e-02	   2.5740844005346154e-04	  -1.6448009856060331e-01	  -4.8695626563855607e-02	  -2.3773236102762468e-01	  -4.4596432326222374e-01	   7.4577106116813535e-02	  -1.1698656307526636e-01	   2.8827893365243695e-01	   2.0718488280027583e-01	   4.4639143974056339e-01	   2.7193729834862201e-01	  -5.2363184786664463e-02	   6.7179452020928510e-02	   1.5732514541650821e-02	   1.7037965533889271e-01	   1.5144962450678351e-01	   1.0345726800358623e-01	   3.4006731144487196e-01	   2.6401820276115640e-01	   1.0193645858440831e-01	   1.5273561710263744e-01	   6.2010415974153320e-02	   3.1897255857045746e-02	   9.3649714066644768e-02	   1.4204509234577656e-01	   1.1387548906237682e-01	   1.8314632175209872e-01	   3.5285854360039409e-01	   2.3665056188338685e-01	   1.0254697910938637e-01	   7.2214895276718455e-02	   1.6600519863868918e-01	   3.3178101494976464e-01	
   2.0487078635866565e-01	   1.9562213798344985e-01	   7.7134197706636753e-01	   5.0290239461020103e-01	   7.0013066640926802e-01	   5.7560509081508404e-01	   0.0000000000000000e+00	   6.9649048106963007e-01	   7.5719546474163313e-01	   3.8019676382252299e-01	   4.9477358751125494e-01	   5.7297783009841297e-01	   2.7478469894951224e-01	   3.8990533424668955e-01	   4.4382162556839011e-01	   4.3292234201388946e-01	   2.2332013165716674e-01	   3.8751907311784717e-01	   3.1784069270091647e-01	   3.5081694847327860e-01	   1.7870398180396888e-01	   1.0835056557641037e-01	   5.6602965817178330e-01	   4.0584467216323172e-01	   3.4322462320513608e-01	   3.8608296452006563e-01	  -2.2920600616885456e-01	  -1.0584857306234947e-02	   5.6259937662651127e-01	   4.9872016789703755e-01	   6.0580408048823819e-01	   4.9837856939825587e-01	   5.3948519247405979e-01	   5.6234793586068421e-01	   1.1225894168530523e-01	   4.2921814158660573e-02	   1.9125862398328775e-01	   1.2032746214459772e-02	   1.6772649264552514e-01	   7.4813211276463953e-02	   3.1273808872158670e-01	   7.5392585005818288e-02	   2.5527197215252251e-01	   2.5186856745907271e-01	   3.9248585710275463e-01	   3.1758977431652224e-01	   3.1418066216595852e-01	   2.8145012509152811e-01	   2.8027320455082649e-01	   3.1796957297513068e-01	   3.7668134437555589e-01	   1.2027988217403267e-01	   2.5539004027315843e-01	   3.9059272577331994e-01	   2.2379630138501083e-01	   1.4255950305488685e-01	   1.0128905280857438e-01	   2.2275548105848869e-01	   3.4514581665695854e-01	   3.8544316599446599e-01	   5.5227593336495262e-01	   6.8588841366719211e-01	   1.2439089416102155e-01	   3.6109395025748514e-01	   4.2588099428910220e-01	   3.5610342656031851e-01	   4.5580644281601129e-01	   3.5342473328144763e-01	   4.4537889743340282e-02	   2.6372894546005199e-01	   2.1181838185702623e-01	   1.0196560919489717e-01	   1.9163288547899543e-01	   3.5703733783237368e-01	   1.1057136370339707e-01	   1.1837865479654594e-01	   7.6681876460535564e-02	   1.6090492463529152e-01	   2.4867461317719297e-01	   3.5729090136277242e-01	   2.8910111847459796e-01	   3.2332054401213406e-01	   3.7341807581375436e-01	   2.6868332142285722e-01	   1.6835917489005958e-01	   1.8443103925478804e-01	  -1.4371824654601770e-02	  -3.3381775843578559e-01	   4.7248482236458744e-01	   2.7613211935733828e-01	   3.8490519039025406e-01	   3.7990787297587064e-01	   5.3872429554739598e-01	   4.9808446712376564e-01	   1.0273885216534946e-02	  -5.0179116938599812e-02	   8.4424906306329511e-02	   2.2420433953308994e-01	   3.6001886597147270e-01	   2.6786985989980233e-01	   4.8519930563749658e-01	   4.2764140744090540e-01	   3.3627745649855489e-01	   4.2549868950872954e-01	   2.6578553983506714e-01	   4.1742758824385434e-01	   2.1599847660836319e-01	   3.1169703917443825e-01	   1.0336218832305669e-01	  -2.9743321839073317e-03	   2.1882622736803614e-01	   3.3819555626262277e-01	   3.8615719170414203e-01	   2.6086111505401266e-01	   4.3803876639473843e-01	   5.8780894106560821e-01	
   1.2869132626905255e-02	   1.0511164427899651e-02	   3.7269316494035393e-01	   7.5429344653348795e-01	   5.5221483962635931e-01	   8.1298758185797371e-01	   6.9649048106963007e-01	   0.0000000000000000e+00	   6.7694051980745595e-01	   6.1892959657185864e-01	   1.9458805584687300e-01	   6.7557150933505961e-01	  -4.9902478657551347e-02	   4.2441256878808042e-01	   9.1390219309131465e-02	   3.5747726302091043e-01	   9.1207220480762324e-02	   6.2683787232840904e-02	   5.6575550124444526e-02	   1.7962770345925494e-01	   5.3697086708208316e-02	   5.3370675620764946e-02	   3.3132806590510444e-01	   3.5479650277132968e-01	   1.9905593556009343e-01	   5.3256187107295738e-01	  -3.5334724336882317e-01	   1.0019092997475398e-01	   3.2072104978239646e-01	   3.0135863942948082e-01	   5.1552567887493317e-01	   5.5481730037031252e-01	   2.5667693804065350e-01	   5.1754941173669833e-01	   2.3118329539365660e-02	   1.0094561501108883e-01	  -1.5235521550264375e-01	  -1.1080928547308021e-01	  -1.2017991008520487e-01	  -9.0979880216861431e-02	  -1.1139546053572442e-02	  -1.6606284205792474e-01	   3.4675698794685117e-01	   3.0458700641118686e-01	   3.2133193401154625e-01	   2.9547996812587957e-01	   2.3973752144638405e-01	   3.0938960067485199e-01	   1.4049695673786522e-01	   2.8588391090435378e-01	   8.1586903340574737e-02	  -2.6374990159701212e-03	   1.1906679144291410e-01	   1.6736332640275164e-01	  -5.1002403019241020e-02	  -7.4781376714843084e-02	  -1.1745611244624116e-01	  -1.1661674381205721e-01	   2.3130781822863308e-02	   2.6463040750964950e-01	   1.9436452278424143e-01	   7.9659690155283402e-01	  -2.6521795861999276e-01	   5.1565607803302958e-02	   5.4917767362276444e-02	   4.2878098462619957e-01	   2.0624646715098682e-01	   2.4748154620300117e-01	  -8.5098773046628204e-02	   1.4007392071270100e-01	   1.0322330375920086e-01	   4.5443995325521047e-01	   6.4558372397614985e-02	   4.0354043219249647e-01	  -5.1714752243810704e-02	   1.4995679537957954e-01	  -1.0939999244319601e-01	   1.0145365630268069e-01	   1.1093993990770445e-01	   1.2229174657696362e-01	   6.5292336451040781e-02	   7.2749427442721044e-03	   3.5481269897174497e-02	   6.5778708944655109e-02	  -2.0230153222348007e-01	  -2.9217866321275817e-02	  -3.6026170499617199e-01	  -5.1963008078118911e-01	   1.6522355432124261e-01	  -5.0331266152694530e-02	   4.2607627191006314e-01	   2.6678632075828634e-01	   5.3396217280796288e-01	   2.7124021769754458e-01	  -4.8113029252584316e-02	   1.6854689253414042e-02	  -8.0621640612680345e-02	   1.2509924091374991e-01	   2.2013997261460849e-01	   1.7776898371568522e-01	   5.0422023102073510e-01	   3.2713629601335570e-01	   2.0392658811540865e-01	   2.4947687424172110e-01	   4.2498207396668410e-02	   2.1355200241076766e-01	  -8.5445920434717604e-02	   2.5632373453616092e-01	  -6.3579844100425775e-02	  -1.2355889645145030e-02	   2.6691731396424800e-01	   2.6155460804942759e-01	   1.9019521964481617e-01	   8.4436862989896277e-02	   1.5455156997531794e-01	   4.1778281866414418e-01	
   1.6521521214913121e-01	   2.9690372188990216e-01	   6.0590137578706560e-01	   5.8263870138703799e-01	   8.3765599358461729e-01	   6.0477162376171900e-01	   7.5719546474163313e-01	   6.7694051980745595e-01	   0.0000000000000000e+00	   5.1384385557883694e-01	   2.7456278487672686e-01	   4.2753539973956622e-01	   1.3942788931045830e-01	   3.1950660607040843e-01	   4.0569344969729731e-01	   3.2898343833969573e-01	   1.2479852162464325e-01	   2.2267986843393350e-01	   8.1285287544521689e-02	   1.9048168680426908e-01	   9.0118219948031986e-02	   2.7439782114465242e-02	   4.5793965339514098e-01	   3.3900426927604110e-01	   2.7399422258414657e-01	   4.2821424925118950e-01	  -1.3213097301610208e-01	   2.0405378447542716e-01	   4.0009339065297228e-01	   2.7958814611945759e-01	   5.0820982238588208e-01	   4.2569867470492306e-01	   3.8574752005473878e-01	   4.2923740719947145e-01	   1.3021643230180807e-01	   9.3645184518987346e-02	   1.3145780295552290e-01	  -1.1722194399119822e-02	   7.6325738564104642e-02	  -2.8105589832347982e-02	   1.2407235656324014e-01	  -1.3358742084037341e-02	   2.1291388421586335e-01	   2.2356213266418540e-01	   3.6966017199613688e-01	   2.9992600787884766e-01	   2.6673898339053753e-01	   2.4142922542303713e-01	   1.1084616160642097e-01	   2.1798434595535496e-01	   1.8623225460872930e-01	   3.9582992999254017e-02	   1.3738813634703934e-01	   3.3037180262588950e-01	   1.1569113070811113e-01	   4.8212855929919779e-02	   1.6781403194558356e-01	   2.6523160206731422e-01	   1.6440969858483584e-01	   3.4816027957110351e-01	   4.2743790626820005e-01	   7.0537221450692944e-01	   2.4017042954115768e-02	   2.8910976829432122e-01	   3.7003423454474538e-01	   4.4415318046322927e-01	   3.4226159113468524e-01	   3.0400285557752493e-01	   4.9860453847349682e-02	   1.7744894565308711e-01	   1.2278012854846998e-01	   9.0246127373472262e-03	  -5.7316547098627352e-02	   1.4099224215240919e-01	  -2.8103178187924068e-02	   9.5107284456694682e-02	  -7.1322573922881910e-02	   1.2911654848156051e-01	   2.1117822583419602e-01	   2.1554855089551686e-01	   9.4035227703421126e-02	   1.2019895834720791e-01	   2.5780413626395293e-01	   1.3926819430288162e-01	   6.0925405449715489e-02	   8.6164376101265094e-02	  -2.4527455479294392e-02	  -3.2033581965674757e-01	   3.9858535010427781e-01	   1.6036575616913329e-01	   3.7189588382636801e-01	   3.9944660961786321e-01	   5.8850549812402941e-01	   5.4031076183543636e-01	  -4.2081967613997004e-02	  -6.6744242698515782e-02	   9.6583329209301599e-02	   2.5058949664988722e-01	   3.1601809822400850e-01	   2.7799331822791756e-01	   4.5862277434837490e-01	   4.2970243468396258e-01	   3.5415615511940368e-01	   4.5830128228844225e-01	   2.6178625684055551e-01	   4.4916194526266240e-01	   5.6948257555679824e-02	   2.4569366989686983e-01	   5.2498683229160792e-02	  -4.7067221672039534e-02	   2.1567372734622844e-01	   3.6719637807290473e-01	   4.9277882887733221e-01	   3.5210656685045505e-01	   4.8098500526714394e-01	   5.4093078638020187e-01	
  -1.2940706681458686e-01	  -7.6087346113959120e-02	   2.6518031694464284e-01	   6.4624627518760747e-01	   5.3122651865900639e-01	   7.4034360892915219e-01	   3.8019676382252299e-01	   6.1892959657185864e-01	   5.1384385557883694e-01	   0.0000000000000000e+00	   2.2387935640286211e-01	   3.9991230960448032e-01	   5.8684229646490921e-02	   3.8147844843973244e-01	   2.5298046632638843e-01	   3.8846788615080180e-01	  -8.9568224074307035e-02	  -1.3669449925559820e-02	  -1.8167875416757537e-01	  -1.3648133832977880e-01	   1.9273667028028761e-02	  -6.5474269666875556e-02	   3.0009044428671366e-01	   4.0933065633382248e-01	   2.3839239223784525e-01	   4.6663366130267597e-01	  -6.0373207901025641e-02	   2.7269913795849987e-01	   1.1565100784395432e-01	   1.3131120564853493e-01	   2.4108611207229047e-01	   3.2760507771773739e-01	   1.1718070917006612e-01	   2.7518247140772495e-01	   4.0708284581330773e-02	   8.3095716315684104e-02	  -1.7736979643348977e-01	  -1.4338065476998421e-01	  -1.4583124119427898e-01	  -1.1735705950033590e-01	  -9.3478786656732898e-02	  -1.4071934632348598e-01	   2.0375550415482868e-01	   2.1347161572118140e-01	   9.8703635925867561e-02	   3.1904372228874427e-02	   1.3717153287081590e-01	   1.3742948528341559e-01	  -1.5222901454344290e-01	  -2.1095825471154142e-02	  -6.6329136751564349e-02	  -1.6074425957087948e-01	   6.9419695364568795e-02	   1.9284675448639821e-01	  -1.6935063161032654e-01	  -1.6267506428734571e-01	  -1.8432832934227450e-01	  -2.1977334696512091e-01	  -2.0981839921996528e-01	  -1.2891418626078082e-02	  -1.2683818871222519e-02	   4.5958906852892956e-01	  -2.9743575764013253e-01	  -1.0315027200172086e-01	   3.5404436986881505e-01	   4.8151088123503000e-01	   4.6456845701969465e-02	   4.2991990870851607e-02	  -1.2801702132818427e-01	   4.3681088778580811e-02	  -4.4367049892038476e-02	   2.2163557202241754e-01	  -1.0406194143616972e-01	   1.3909525157333530e-01	  -1.3226042605611074e-01	  -1.5251179793534497e-01	  -1.0058386663600721e-01	  -6.1377080135781324e-02	   1.2992892052236862e-01	   5.0770472986279958e-02	  -1.5878138144804427e-01	  -1.0923073601896227e-01	  -1.0997010433690091e-01	  -1.8704665414046848e-01	   4.6381440465855663e-02	   5.2174213334302513e-02	  -2.8117403650855455e-01	  -3.1501187404160996e-01	   2.1551986104304116e-01	  -1.1701070327389183e-01	   1.5572959401539882e-01	   1.8793601645000341e-01	   4.0587275763860908e-01	   2.8828817682498925e-01	  -7.7169603586701108e-02	   4.0312344519939328e-02	  -1.5535835095926653e-01	  -1.4123195105230401e-02	  -6.6422771545847317e-02	  -3.9673077548274718e-02	   1.3447787460527566e-01	   2.5429444086346464e-01	  -9.5082198390385980e-02	  -1.6978333542447668e-02	  -1.2984722046936276e-01	  -7.6891715493315513e-02	  -7.4953668934962941e-02	  -7.6936530473180040e-02	   1.1317398982589014e-01	   4.6243459374330706e-02	   9.5833368670279070e-02	   1.0637945119096108e-01	  -5.4644034670021040e-02	   5.5208552999936662e-02	   6.9322031023571651e-02	   1.4083273302336158e-01	
   5.7184136156033705e-01	   3.4950004428705495e-01	   5.5593034751738213e-01	   2.9252203933344584e-01	   1.7834482146707414e-01	   1.4282167870426787e-01	   4.9477358751125494e-01	   1.9458805584687300e-01	   2.7456278487672686e-01	   2.2387935640286211e-01	   0.0000000000000000e+00	   4.6654314058195223e-01	   7.6403128038744950e-01	   4.2535839033940970e-01	   5.4360739821399917e-01	   3.4730975179053236e-01	   4.5784116853712697e-01	   4.8044411424860345e-01	   4.3115110639504484e-01	   3.3058529557353689e-01	   1.1287073871452327e-01	   3.1644656912421291e-02	   3.5864184930086546e-01	   2.4862969795960993e-01	   8.6098161873338852e-02	   1.0023985672387571e-01	  -6.8063988278514787e-02	  -6.8502464437660962e-02	   4.5269947814810413e-01	   5.2076157056838690e-01	   1.2436388488294371e-01	   1.8671480703558904e-01	   2.0630214365708810e-01	   2.5012941712819436e-01	  -2.1771324675256243e-01	  -2.3844094874995869e-01	   2.3990637675306242e-01	   9.8951691600056402e-02	   2.4977088765084438e-01	   8.8041927749735710e-02	   3.0309463104632994e-01	   1.0204775307856678e-01	   7.8556227971790654e-02	   1.1428640155217046e-01	   1.7892642358435379e-02	  -3.2753184868802167e-02	   2.5027894663198730e-01	   1.9235644564607801e-01	   9.1836279772198326e-02	  -5.2570834724073884e-03	   2.7529693616826989e-01	   5.8273514986851363e-02	   2.2693106222212212e-01	   2.9475934581129626e-01	   3.0058949922772749e-01	   1.7967865934974553e-01	   3.5095468606597913e-01	   3.6645272977013993e-01	   3.6559517626738114e-01	   1.4623095055227875e-01	   3.9492878831140643e-01	   1.3489889220967388e-01	   4.3782929067678278e-01	   5.2075284256514753e-01	   3.2648533666383550e-01	   6.3902305954993549e-02	   7.5131464352371391e-02	   2.5762462780670077e-02	   2.4930063534908675e-01	   1.1610479431360329e-01	   1.6994984876889968e-01	  -8.8204987373696503e-02	   2.1870327008962340e-01	   2.2179136368983723e-01	   1.4273230606140597e-01	   1.6039424047423731e-01	   3.5158160418130113e-01	   2.5521932351454452e-01	   4.5377924087200294e-01	   6.0350218807730693e-01	   4.0263950528865072e-01	   5.6553420400536125e-01	   4.1105300147950047e-01	   3.3544571173247417e-01	   5.2203119447657753e-01	   2.9394681344259266e-01	   3.1365684291015261e-01	   1.0481069477291743e-01	   5.1108435850892420e-01	   2.8956761307098861e-01	   1.8964665540046216e-01	   2.5276563531886087e-01	   3.5159889642985909e-01	   3.4440850583688071e-01	   1.8624095037207483e-01	   7.5460636372514128e-02	   2.0485420707778118e-01	   3.0549973976127809e-01	   2.7702026247619382e-01	   3.2008469700093528e-01	   3.1590151647720011e-01	   3.0843476002109721e-01	   4.2020692753524569e-01	   3.7813354202037064e-01	   3.1897808390268828e-01	   3.8743968350141494e-01	   3.9941209302165454e-01	   3.3778700079435481e-01	   1.0652561909704707e-01	   8.0076720380936176e-02	   1.9839588101003774e-01	   4.4045003911844965e-01	   3.2763310128792233e-01	   4.3938818065512208e-01	   3.6411924840237420e-01	   3.8098768296284924e-01	
   3.1284770735778517e-01	   2.0656202372669014e-01	   4.5747521672029962e-01	   6.3607174826277768e-01	   3.0778333674169411e-01	   5.4584680704994959e-01	   5.7297783009841297e-01	   6.7557150933505961e-01	   4.2753539973956622e-01	   3.9991230960448032e-01	   4.6654314058195223e-01	   0.0000000000000000e+00	   2.5129260194958991e-01	   6.8107442032295096e-01	   1.9103186500280595e-01	   5.4746508148942630e-01	   3.1119418274581795e-01	   2.7850409663818054e-01	   2.4591165436210838e-01	   3.6383520405069297e-01	   8.3322522955460582e-02	   1.8309772675054364e-01	   2.7910374546868744e-01	   3.5068653034633646e-01	   2.1377050300077047e-01	   4.6115231214622343e-01	  -1.3817464473045785e-01	   1.2722890878980855e-01	   4.3212794041708402e-01	   4.4689596517473795e-01	   3.8226906010464939e-01	   5.0617711383801300e-01	   2.4419422162156473e-01	   5.7340303039418339e-01	  -4.7775964237853366e-02	   4.5048906323382848e-02	   1.5168093569856989e-01	   1.8711009069024093e-01	   2.4636701833579078e-01	   2.3482675855461513e-01	   5.5654901496782719e-02	   9.7650506657487396e-02	   3.6184038974355626e-01	   3.7325873559674749e-01	   2.9530962288067431e-01	   3.0277337651578046e-01	   3.8920437938961772e-01	   4.3930409215951594e-01	   3.2213395760358216e-01	   3.2249440157149145e-01	   2.9718455940166799e-01	   1.1318011495924646e-01	   2.6654676791095944e-01	   1.8225945601971394e-01	   3.3913000483799072e-01	   2.1643821420978182e-01	   9.7227612832847254e-02	   5.2394116467953153e-02	   2.6413396084673341e-01	   2.9781533935871518e-01	   2.8831657753973222e-01	   5.5470092543645810e-01	   2.3078492107580666e-02	   2.6230629594261590e-01	   8.8669827113769268e-03	   4.0245448787497373e-01	   2.3005824652789075e-01	   3.4602807651768586e-01	   7.0921037150579763e-02	   1.5628666015995890e-01	   8.0905572733099271e-02	   2.7090705599657949e-01	   2.4036140678743484e-01	   4.1262870123251399e-01	  -1.1053629970719018e-02	   2.3245627014618209e-01	   7.4564300073214490e-02	   2.8206958758977052e-01	   3.3483033036046217e-01	   3.5369082865797097e-01	   3.2883176011179810e-01	   3.3788261349122162e-01	   2.0562140293149661e-01	   3.9275409971282815e-01	   7.0013078275057858e-02	   3.3529713468548927e-01	  -4.9487122994405476e-02	  -1.1356113324498732e-01	   3.6010742372686122e-01	   2.2952489601608117e-01	   3.8732555519667872e-01	   2.4276274209084647e-01	   3.6908328496575760e-01	   2.9228272160520452e-01	   1.1709094573982864e-01	   2.1508660798291843e-01	   1.8660032878809468e-01	   4.5259069095967086e-01	   4.3046208567890881e-01	   3.3111374241071712e-01	   4.8481438466029031e-01	   4.7356251431660035e-01	   3.3485517260583142e-01	   4.1960895749378435e-01	   2.3766237767158033e-01	   3.7330979408803344e-01	   3.8550643443033561e-01	   4.8821340616782993e-01	   1.3346094267396114e-01	   2.6213531148135727e-01	   4.6014038377332989e-01	   4.3857403727070032e-01	   3.1707363986042114e-01	   3.6936071372468948e-01	   4.5112111321984782e-01	   5.5497925874322285e-01	
   5.1613109762955656e-01	   3.1655256574816798e-01	   5.8758033971411605e-01	   1.9970633618079953e-01	   3.3255831884152431e-02	  -1.4344125191244647e-01	   2.7478469894951224e-01	  -4.9902478657551347e-02	   1.3942788931045830e-01	   5.8684229646490921e-02	   7.6403128038744950e-01	   2.5129260194958991e-01	   0.0000000000000000e+00	   4.1210376109061142e-01	   5.9321650412097648e-01	   3.4250954584028453e-01	   1.5711101699092880e-01	   1.5852184452030982e-01	   3.5115916247673329e-01	   1.6264770071255363e-01	   4.8263033400937433e-02	  -4.7201103821193427e-02	   3.4602916596476346e-01	   2.4167852159423514e-01	   1.2541970666239116e-01	  -1.2396811368345573e-02	   4.9138566635125294e-02	  -1.5992774170168514e-01	   1.3642178978524999e-01	   1.6047740025529683e-01	  -7.5530173943737774e-02	  -7.7102584199288490e-02	   3.9927952694990262e-02	  -6.2647992811555503e-02	  -1.0612454714407657e-01	  -1.3316742340437110e-01	   2.4549710227222807e-01	   1.1677011160907463e-01	   2.2149165868707499e-01	   6.0577380243483289e-02	   2.3905071223394952e-01	   1.8374670701015807e-02	  -6.0790462680571394e-02	  -7.7153166883450044e-02	  -7.9574040683124458e-02	  -1.0458045802841515e-01	   9.3856577330309804e-02	   5.5678422537500313e-02	   1.3596040157443781e-01	  -2.1161556173164450e-02	   3.5270493450393187e-01	   1.4809048603302530e-01	   3.1717020499183035e-01	   2.6360192833975038e-01	   3.2811734934456566e-01	   1.7423325268561374e-01	   2.4801123924988647e-01	   4.0992579346476399e-01	   3.7856756198735619e-01	   2.3885817643058949e-01	   3.0855397128435891e-01	  -9.8777244989702501e-02	   3.8706198710050643e-01	   3.6630384597221266e-01	   3.3745300819006835e-01	   5.9421690762540419e-02	   8.9365803736448618e-02	   9.0217623227438176e-02	  -1.9834701383134742e-02	  -4.6959697027497534e-02	   1.2086901423909580e-01	  -2.2712642108694908e-01	   3.1193504577455025e-02	  -7.2724946300453241e-03	   1.2903132242131707e-01	   1.7456100043578415e-01	   2.7377142542579802e-01	   8.2550120550334616e-02	   1.8450202563708765e-01	   3.6020392771545623e-01	   2.5778644769339654e-01	   4.9608213431930143e-01	   2.8545138097075923e-01	   2.2556065710617890e-01	   6.8299752947208059e-01	   4.2583672147970775e-01	   3.4478017787861381e-01	   2.9989549744740418e-01	   5.9696629330203543e-01	   4.5547435247709245e-01	   1.8506552073824725e-01	   3.6948920736683927e-01	   1.8227849637984334e-01	   5.0493400199350935e-01	   1.2874623011538435e-02	  -5.5587650239749802e-03	   4.5405878769302639e-02	   1.3102366406777968e-01	   2.0201946763268219e-01	   3.0705594234330091e-01	   1.7553567895578354e-01	   3.6967151436633150e-01	   2.9696997641374556e-01	   3.2131876607263277e-01	   3.3041329678962122e-01	   4.4333213065729477e-01	   3.1083640742715235e-01	   2.4361424246460650e-01	  -4.6748349431415551e-02	  -1.8249500312489130e-02	   1.9787473459999394e-01	   3.2392423808838178e-01	   3.1629879399815519e-01	   4.8769356514270845e-01	   4.0959287927089916e-01	   2.3857146159375542e-01	
