   0.0000000000000000e+00	   5.2990490573237969e-01	   4.5026187753768099e-01	   3.5260029312780761e-01	   2.7786673912141668e-01	   3.8698764633474547e-01	   5.9780809729371254e-01	   4.0923746763760449e-01	   2.9918452015788277e-01	   3.1982538889746037e-01	   8.5370024322972138e-01	   6.7762608230014165e-01	   7.1514124453836392e-01	   5.8996023518565088e-01	   6.8221992804926068e-01	   5.4381625644539755e-01	   4.9997614878418656e-01	   5.0089182058629156e-01	   6.8095191547051215e-01	   6.5112579122320247e-01	  -8.5121794106133936e-02	  -4.7693648676194154e-02	   5.4256480364098114e-01	   3.3695574474088952e-01	   1.2440846123029401e-02	  -4.3751514418785961e-03	   2.0663896157260245e-01	   1.0448698517181890e-01	   4.8006653816872852e-01	   4.8978935459507622e-01	   1.7498501185078619e-01	   1.1867503224965212e-01	   3.8725640557573615e-01	   2.6025243008987520e-01	  -6.1800048041668200e-02	  -8.2225382424994609e-02	   5.5723194908137347e-02	   1.5532583658152715e-01	   1.7559570971262176e-01	   2.1864830781713515e-01	   3.0915496753354377e-01	   3.4974402234771845e-01	   2.4936868591366079e-01	   2.4152174063993301e-01	   2.8629324681755136e-01	   2.1427095141694202e-01	   3.4911477214391951e-01	   3.9188579769929999e-01	   3.9695276570047877e-01	   4.7962863127149274e-01	   3.7148195075488777e-01	   2.7075092918833421e-01	   6.2717939102857900e-01	   5.1228150007305051e-01	   3.7898735919307841e-01	   4.3209679504719856e-01	   3.6833558019360935e-01	   4.2240824874185490e-01	   6.6266047590554278e-01	   5.9329090310059451e-01	   6.9080307303954769e-01	   5.1981446339399451e-01	   4.9485613565701853e-01	   5.5077643824708766e-01	   5.0084279340242410e-01	   1.8411976091685947e-01	   1.8767447116681060e-01	   9.6685429041279969e-02	   6.1664759555018223e-01	   4.5687812570887265e-01	   4.4590020717683959e-01	   3.2505128471077527e-01	   3.2106383344931289e-01	   2.9927490472011242e-01	   3.9880725347774515e-01	   3.8886584982151884e-01	   4.2521062067341420e-01	   4.5682947466809765e-01	   2.9084565817827801e-01	   3.0737221046982993e-01	   4.0253919125021598e-01	   5.2372151504449305e-01	   7.9740402487140427e-01	   6.2853224934068808e-01	   6.6228299008987745e-01	   5.4234820207801415e-01	   5.0252576099062995e-01	   5.2395949363514915e-01	   5.5710881460782691e-01	   5.1877884104770555e-01	   5.5400769215853130e-01	   4.5561596823570694e-01	   2.5417641759821774e-01	   3.3130933010137986e-01	   2.1423304430789081e-01	   7.7325823517712541e-02	   3.5899372635128124e-01	   4.2428713905417442e-01	   6.4057215236863807e-01	   6.5375453819515050e-01	   2.2813068381674778e-01	   1.7238774019416442e-01	   3.8391896539979214e-01	   2.3867857067697823e-01	  -7.0851100958541746e-02	  -1.3924424778087735e-01	   2.5253390164225237e-01	   1.6964580521820363e-01	  -7.0167831729469096e-02	   1.6229043632916632e-01	   2.3570443294263432e-01	   4.8674316847888505e-01	   3.0562986154312843e-01	   2.4301290142068321e-01	   1.9750486701882214e-01	  -1.2569667730234252e-01	
   5.2990490573237969e-01	   0.0000000000000000e+00	   2.9780615585974102e-02	   2.5978309684981438e-01	   1.3051882429539061e-02	   2.7172403157963232e-01	   2.3061230574712152e-01	   3.8381559834192774e-01	   2.8602289704815938e-02	   2.4582770394256945e-01	   5.3370974102206248e-01	   5.3615187968931033e-01	   3.2751930094260628e-01	   2.8193929687677605e-01	   3.6974548970335031e-01	   4.5471368356169661e-01	   6.1762176770532839e-01	   7.9395711207426667e-01	   6.1391309960717244e-01	   7.0594971205014223e-01	   9.7562979006485834e-02	   2.3959097079192676e-01	   4.1884326159334040e-01	   4.3313679807826111e-01	   1.6539372732316987e-01	   2.0772484106762912e-01	  -1.2730639100597494e-02	   9.3845990228440035e-02	   7.4109314213490518e-01	   7.1668557837459956e-01	   3.3526686724042698e-01	   3.7252126274379677e-01	   3.8935493061374971e-01	   3.6769051941562780e-01	   2.1941388187707501e-02	  -7.7175570428999682e-03	   3.0582827720705064e-01	   3.5067867403907538e-01	   3.5542237456566589e-01	   3.0787191401130432e-01	   5.3531039736586861e-01	   5.9922583376138272e-01	   1.1308898090713865e-01	   2.1753923187232271e-01	   6.9631528896154649e-02	   1.1824064991270727e-01	   9.4798691759168580e-02	   2.6305830115526552e-01	  -1.8582507024442063e-01	  -1.1878103057162983e-03	  -1.8137934098819822e-01	  -1.4008020994776546e-01	   3.0786519435171417e-01	   2.3026918599187046e-01	   2.5894443086793917e-01	   2.7879291892420033e-01	   8.4349884302870315e-01	   9.1454391990364869e-01	   9.8550865664905674e-02	   2.1358823926288018e-01	   3.9236787536651568e-01	   5.1072567870225349e-01	   7.3428912135596169e-01	   7.3712220101172843e-01	   2.4973760192137426e-01	   1.4605712324213282e-01	  -1.1373589558218808e-01	  -4.6317936435131421e-02	   4.5595212148596276e-01	   3.4209618012842291e-01	   4.1953197393124947e-01	   4.3077232897691053e-01	   5.9014652715341098e-01	   6.7182739683953896e-01	   6.6423513171095383e-01	   7.2098358092659065e-01	   4.8863735624771243e-01	   5.2652653212002076e-01	   7.0138149323139887e-01	   6.1948818474252532e-01	   7.1709089628907674e-01	   7.7143243217855506e-01	   4.8120473431888544e-01	   7.5026044893101984e-01	   5.1615185946921038e-01	   4.7997140288743328e-01	   2.0851499214112529e-01	   4.5323261308961121e-01	   3.3118109243301641e-01	   3.2422563832013740e-01	   2.8955457255272643e-01	   6.3092489081851708e-02	  -6.0433295124902836e-02	  -1.0098644822765238e-01	   8.9600226453633428e-02	   2.6511092466122504e-01	   1.5251194898799070e-01	   3.4022297221243347e-01	   4.9594168822620399e-01	   4.0007804231135213e-01	   1.2730385175983883e-01	  -2.0148757727247235e-01	   3.2172810512852723e-01	  -3.0499110045262467e-01	  -2.3094111133779413e-01	  -4.5497594999438606e-01	   6.5627674539510544e-02	  -3.6981395335454703e-01	   6.1520150029874023e-02	   2.8294811731049613e-01	   1.5249224061958058e-01	   2.3660148036349304e-01	   8.9680361030259434e-02	   2.0425161290569643e-01	   4.1021814169119646e-02	  -3.8255092160105419e-01	
   4.5026187753768099e-01	   2.9780615585974102e-02	   0.0000000000000000e+00	   5.9721218206545157e-01	   7.6252351431387821e-01	   4.4391319953983210e-01	   7.9554036801278527e-01	   5.1059214189525093e-01	   6.6782371726052103e-01	   3.7493448893974163e-01	   3.3705269549948907e-01	   3.1441826414426288e-01	   4.4033171409406668e-01	   4.1821723094868923e-01	   6.6997583320370646e-01	   4.5680254276538890e-01	  -8.2171505419251223e-02	   1.7550708050826799e-02	   3.8632521047977653e-01	   4.0462741198512586e-01	   4.6342474597837713e-01	   4.6550067272847234e-01	   7.5528602436271486e-01	   4.8935276640690306e-01	   5.8477301738838849e-01	   4.6490890709720012e-01	   5.6257521203117222e-01	   3.9731971373258745e-01	   2.5377986413720816e-01	   2.0154461275716651e-01	   6.0571869701253345e-01	   5.2509029822414255e-01	   6.0330385312026991e-01	   5.1634117265448931e-01	   5.0171155181728755e-01	   4.1591609771743643e-01	   3.0189233452011627e-01	   3.3088285802677969e-01	   4.2282906242109730e-01	   3.9995227858940469e-01	   1.2694613750760986e-01	   7.3970539811158809e-02	   5.9031070061131774e-01	   5.3759860471374721e-01	   4.5587317758176599e-01	   5.2146859167344672e-01	   5.7526992613395478e-01	   5.6168448047722241e-01	   4.9437029408356137e-01	   5.6729743620756012e-01	   7.4127678082126014e-01	   6.5264537546330326e-01	   4.2915486623420052e-01	   5.4106682829798414e-01	   7.0036441994632082e-01	   5.7418368220441929e-01	  -2.5296122135896976e-01	   4.9967047359449943e-02	   6.4911825928159006e-01	   5.7645610158877414e-01	   5.5366453893192680e-01	   3.2174218393277909e-01	  -1.1391800075579313e-01	   4.6723602564199773e-02	   5.9297953329388953e-01	   3.5995502425213477e-01	   6.9987585502741734e-01	   6.3742429158793268e-01	   5.2724095599921561e-01	   4.6511374773280534e-01	   6.1547180028633885e-01	   4.2056088595956775e-01	   1.4604864102135026e-01	   5.6569947748095990e-02	   1.5608055735173842e-01	   1.6682426697721164e-01	   4.6918527760461792e-01	   5.0240606272095589e-01	  -1.1108341585449019e-01	   1.8064364450346698e-01	  -8.6916484742552938e-02	   1.4613457118657186e-01	   6.5376927561615150e-01	   3.2246887541079339e-01	   3.2535059816317213e-01	   4.2762554841723904e-01	   6.3009838795418482e-01	   3.4380469717909840e-01	   5.8157406982615378e-01	   5.6717117721322463e-01	   3.9973618381137255e-01	   5.8221673424846065e-01	   2.5977110760580013e-01	   6.8428884154543579e-01	   7.3689438721008638e-02	  -4.8255263604922140e-02	   6.4192120856793644e-01	   4.0268279698505982e-01	   5.2485973582046497e-01	   4.9361734377519717e-01	   4.0706001073806064e-01	   5.2187445714734937e-01	   4.6880803376295821e-01	   5.3839728210109583e-01	   2.1387482481982786e-01	   2.0029741226939579e-01	   2.1148126834931891e-01	   3.7326197740495626e-01	   1.8685914294759243e-01	   2.3278999339539450e-01	   6.5218564519242883e-01	   4.2746129900788044e-01	   2.6936178379615139e-01	   4.2374217235717870e-01	   4.5660570688255803e-01	  -4.1907033573687504e-02	
   3.5260029312780761e-01	   2.5978309684981438e-01	   5.9721218206545157e-01	   0.0000000000000000e+00	   5.0611289417890726e-01	   8.1325774270792794e-01	   4.4426184715306383e-01	   8.7541222515203765e-01	   4.9584575838850981e-01	   7.2183374619824403e-01	   3.3043326346782553e-01	   6.8526140662926105e-01	   3.4918858963104538e-01	   7.0464706171896230e-01	   6.0341123850232314e-01	   7.7112039396690779e-01	  -2.1600290817691721e-02	   1.0598428854020171e-01	   2.6495145157742184e-01	   4.9455382883142196e-01	   3.8228976180500251e-01	   5.6978025587470926e-01	   6.4065169203980865e-01	   8.1850636596402593e-01	   5.4525916062901925e-01	   5.6513995537545036e-01	   6.0480718618982554e-01	   6.4958396576198107e-01	   1.6033278024346204e-01	   3.0387593183039108e-01	   4.1853120015493317e-01	   5.3346851040782517e-01	   6.5788672886548660e-01	   6.6108359710059017e-01	   5.3535594524444818e-01	   6.6918995903237388e-01	   3.5922394901149246e-01	   4.7413438479838010e-01	   4.9398746497789570e-01	   5.4989685053391468e-01	   3.3149355465544228e-01	   1.9132894457551447e-01	   5.5802306019792614e-01	   5.2199149736929251e-01	   3.8135495795172109e-01	   6.0536159991364136e-01	   5.2549311656238618e-01	   6.4096101456288401e-01	   2.7944572278046942e-01	   5.2872201113449457e-01	   6.2715748460918985e-01	   7.0891697915248708e-01	   4.8537084779690920e-01	   6.3385589497036909e-01	   7.2854590242447759e-01	   6.6012674597140775e-01	  -2.4460019611511393e-02	   2.8300636035169735e-01	   4.7186951063623328e-01	   6.6448532987003384e-01	   5.8211133009478111e-01	   6.9735901731236516e-01	  -6.5674542059932312e-02	   1.2965566822993640e-01	   6.9093332416723530e-01	   7.9558874332383700e-01	   5.9356930412850961e-01	   7.2720329710037990e-01	   6.3034245178590509e-01	   6.9814829764333319e-01	   4.1671921016849184e-01	   5.9525207459863860e-01	   1.3233027988561244e-01	   1.6306004568973637e-01	   1.5370580278001028e-01	   1.9574613962630366e-01	   4.2681206180308839e-01	   6.3768455767641563e-01	  -2.4337143189692998e-03	   2.3518027087714122e-01	   1.1016049233106229e-01	   2.5415631422262103e-01	   5.1727815502351226e-01	   5.2993811019468118e-01	   4.7215929056932737e-01	   6.1487537705217798e-01	   5.6108379510398410e-01	   4.6269509491622540e-01	   6.6002931444420154e-01	   8.3442216291375915e-01	   5.6238233622741585e-01	   5.8881438100233763e-01	   3.5708107751642743e-01	   4.1798610359959004e-01	   3.1283394359305222e-01	   2.5027152527698104e-01	   6.9858564991014693e-01	   6.0182772703950671e-01	   5.9694958389489394e-01	   5.1691612381170171e-01	   2.8681415017783851e-01	   1.8293009098059665e-01	   4.9997614996104278e-01	   9.8534120913802578e-02	   1.4462236502750017e-01	   7.3178846114140429e-03	   3.7503225116834199e-01	   2.5334046604575233e-01	   2.0477015307889113e-01	   1.9777130993723235e-01	   6.9010760798327564e-01	   5.7192414843468953e-01	   2.5760893986915284e-01	   2.3671739796458166e-01	   5.0213886017575582e-01	  -1.0702246304205205e-01	
   2.7786673912141668e-01	   1.3051882429539061e-02	   7.6252351431387821e-01	   5.0611289417890726e-01	   0.0000000000000000e+00	   5.9758392460221776e-01	   5.3361662138488120e-01	   4.2895243824354201e-01	   8.1629738636401583e-01	   4.8944833411054245e-01	   2.1099968663377838e-01	   2.4188135313794998e-01	   4.3229218887719784e-01	   4.0580395105527478e-01	   7.0966490604660981e-01	   5.1438420557551323e-01	  -1.1342774158211737e-02	   4.6659837247090474e-03	   2.6512779279448279e-01	   3.4204201665426343e-01	   4.3219371219898184e-01	   4.5181495873070110e-01	   6.3481620495805868e-01	   3.7624810655681651e-01	   5.1262449116811060e-01	   3.7187785900338910e-01	   5.4552697054773036e-01	   4.0925944280387028e-01	   2.8481622939399831e-01	   2.3027939751291304e-01	   4.7358727110001902e-01	   4.0903553103850065e-01	   5.1455169803214851e-01	   4.6049306876825480e-01	   4.5989077732721650e-01	   4.2427698332418018e-01	   3.1928853765552667e-01	   3.2415317092436458e-01	   3.9643179623519675e-01	   4.4026711576812788e-01	   2.4555344518388061e-01	   4.3370574430224504e-02	   5.3115995879557432e-01	   4.7359602479515428e-01	   3.9431464678650341e-01	   5.2503433652712461e-01	   5.1935278912157268e-01	   5.4018575693219661e-01	   3.7486292640134367e-01	   5.1370397570596371e-01	   5.8969284203520433e-01	   5.6873267768868740e-01	   4.2334230146477625e-01	   5.5193580301080325e-01	   6.1493075639067896e-01	   5.5137259510153958e-01	  -2.5546907422643583e-01	   6.5416301451042339e-02	   5.0037670022728242e-01	   4.5204721999760994e-01	   4.0102456673523085e-01	   2.9984074206471761e-01	  -1.3773297254838573e-01	  -1.7112119255793590e-02	   4.4443305660139165e-01	   3.2717422363823945e-01	   5.0622746720750855e-01	   5.1287713597123341e-01	   5.0347558624316946e-01	   4.8288547584462926e-01	   5.3903800560906001e-01	   4.2799778186419984e-01	   1.1451591995358018e-01	   3.5931148832875993e-02	   1.6200021816951601e-01	   1.1007355135551523e-01	   3.6340481429940574e-01	   4.3573284933044820e-01	   4.9307788328802137e-02	   3.2022831699139642e-01	  -3.9747886412168865e-02	   1.9436357570592272e-01	   6.1215089846634119e-01	   3.1121890233570215e-01	   2.4059003401441983e-01	   3.2025676148393012e-01	   5.9810997652223774e-01	   2.5482490843956990e-01	   5.3068610345230294e-01	   5.1766058017633776e-01	   3.3884838590880251e-01	   5.0512179864925177e-01	   3.3541066459590507e-01	   5.2896484387597931e-01	   1.2524681800582277e-01	   3.1197798223597022e-02	   5.4233545618377421e-01	   4.1225254020279900e-01	   3.9368531931231410e-01	   3.3358525160356228e-01	   2.3366599887876224e-01	   2.8167754784082899e-01	   4.5838324358719146e-01	   2.9474056247766245e-01	   1.1987873996904401e-01	   2.2445575341966290e-01	   1.3051516274193867e-01	   2.8601776558766628e-01	   2.7228084407337139e-01	   2.8266524372488566e-01	   6.3039023615922007e-01	   4.5799179450596905e-01	   3.1720915078451539e-01	   4.6266674812743624e-01	   3.9099194552970096e-01	  -6.2332798023596148e-02	
   3.8698764633474547e-01	   2.7172403157963232e-01	   4.4391319953983210e-01	   8.1325774270792794e-01	   5.9758392460221776e-01	   0.0000000000000000e+00	   3.6255815408380188e-01	   7.9452448630011085e-01	   6.0736060814310833e-01	   8.7758740450325790e-01	   4.4446688983842142e-01	   7.3485446351495609e-01	   5.1931883513767074e-01	   7.9478159463472564e-01	   6.9469880045993759e-01	   8.7652296910274474e-01	   2.0108901402290014e-01	   1.8194491424484505e-01	   2.9905834044553431e-01	   4.9675246441117404e-01	   2.5117682744313408e-01	   4.6596264337757765e-01	   5.8085703242418885e-01	   7.2551191084217248e-01	   3.7424184432878593e-01	   3.5506944512447858e-01	   5.4305871693392926e-01	   6.3397193804739715e-01	   2.7844875327761698e-01	   4.2318719742447197e-01	   3.1985459981349024e-01	   4.0364085465670174e-01	   6.0234841381167736e-01	   6.3005479680099863e-01	   3.3081973702138001e-01	   5.2779405181728489e-01	   2.8649412797692508e-01	   4.3195617799118546e-01	   4.4699160489717321e-01	   5.5011717316102526e-01	   3.4895639401495543e-01	   2.5790025212084500e-01	   4.4737215256100049e-01	   4.3370308222352588e-01	   3.7318451716173145e-01	   5.3845888696019850e-01	   4.6573856323878893e-01	   5.8771959298363274e-01	   2.6457290038677378e-01	   4.8077262014797850e-01	   5.0710195980331707e-01	   5.5872647092365924e-01	   4.6847872992435724e-01	   6.0490368501095415e-01	   6.3946528135103109e-01	   6.4390503400023125e-01	   5.4281175406838134e-02	   3.3912674996244574e-01	   4.7061882522130705e-01	   5.7729450235533175e-01	   6.2109425627521142e-01	   7.0387713810042829e-01	   8.4076347849547123e-02	   2.4150642697084374e-01	   6.7331320957298024e-01	   7.1780895079947704e-01	   3.5668664528948046e-01	   4.8163928559143898e-01	   6.4252456206678110e-01	   7.0361250037700973e-01	   3.6741944659436754e-01	   5.9874592653311254e-01	   1.6359001441387344e-01	   2.2650491864335381e-01	   1.9201490978194127e-01	   2.5105342539469427e-01	   4.0384906010104765e-01	   6.0208720080429301e-01	   1.6425077124715076e-01	   3.7229291440263740e-01	   2.0715534569055727e-01	   3.2595027477639582e-01	   5.6934397815592264e-01	   5.6031947512722802e-01	   4.8360317587238560e-01	   5.7564448710494776e-01	   5.3299733428471674e-01	   4.1668017747615238e-01	   6.8738083200018607e-01	   8.5346033469218741e-01	   5.5202278904147151e-01	   6.0013297992453407e-01	   4.5575875638892982e-01	   3.4241116728558718e-01	   4.3729903926462405e-01	   2.8029108728315422e-01	   6.4121722708916784e-01	   6.3892140801271335e-01	   5.7993564561859978e-01	   5.0700812867181200e-01	   2.1183641971177572e-01	   3.2558654103392107e-02	   5.7352683604017707e-01	  -4.7291673437005952e-03	   9.9567176738636853e-02	   3.3441449971469861e-02	   3.2597250218850571e-01	   3.2019863436682761e-01	   1.8449784699199373e-01	   3.1779249788229080e-01	   6.1577691734241613e-01	   5.9578768698435980e-01	   3.4631319474333355e-01	   3.1933038488706911e-01	   4.4060191133571658e-01	  -2.3499862454979932e-02	
   5.9780809729371254e-01	   2.3061230574712152e-01	   7.9554036801278527e-01	   4.4426184715306383e-01	   5.3361662138488120e-01	   3.6255815408380188e-01	   0.0000000000000000e+00	   5.7484255621703828e-01	   6.5671387111748702e-01	   4.0213453455031112e-01	   6.0171901935535010e-01	   4.0608266735096804e-01	   5.8199042234563103e-01	   3.6460818880413742e-01	   6.2764411868134906e-01	   4.5812065372677624e-01	   2.1548681656330915e-01	   2.6031854800344634e-01	   5.9064702884151155e-01	   5.7630625474382835e-01	   1.5447868587978869e-01	   2.3732621286070832e-01	   6.2203863311372709e-01	   4.5375381522104130e-01	   2.8692543371565016e-01	   2.8037246332661503e-01	   2.4338957556684873e-01	   1.8777407919267092e-01	   4.3795593495255158e-01	   3.6712678642833790e-01	   5.7641752073763197e-01	   4.6911544071957800e-01	   5.9882209512056073e-01	   5.1069300152311448e-01	   1.3571312057614074e-01	   8.2601810944687992e-02	   1.3571738841229108e-01	   1.6947632537523485e-01	   3.1167195112266211e-01	   2.5574201167559096e-01	   1.4471039022616894e-01	   1.9862487167857931e-01	   4.2684292217761688e-01	   3.7233867342193483e-01	   3.5482100695677149e-01	   3.3146001286575588e-01	   4.3281394072467400e-01	   4.0575780382765281e-01	   5.1402385990365873e-01	   4.9151748308504006e-01	   5.4877119017079878e-01	   3.7818652533963504e-01	   3.7938957263043371e-01	   3.9014626844641148e-01	   4.7689682281851498e-01	   3.7769732159840563e-01	  -2.3261259834322139e-02	   1.6352234921562647e-01	   6.8274016433996065e-01	   5.9256771204968450e-01	   6.3192718338471277e-01	   4.0871843704884814e-01	   1.2580392645450580e-01	   3.3365279314957869e-01	   5.3610391109735700e-01	   2.0289658304482550e-01	   5.4181464245994182e-01	   4.2484086898879636e-01	   5.9134495565183576e-01	   3.5838042692451039e-01	   5.1868375098613351e-01	   2.8899930829628873e-01	   2.7316750328322520e-01	   2.1219276971767595e-01	   2.5340793851735899e-01	   3.3967075414900677e-01	   3.5478780779577995e-01	   4.3711661688180431e-01	   2.1858571962693085e-02	   2.3981858188943347e-01	   1.3626428864008777e-01	   2.8092887290922647e-01	   7.2755567562488943e-01	   4.9132062138349236e-01	   3.4762679577732475e-01	   4.3274299674023287e-01	   4.2578339230536555e-01	   2.5664419422529949e-01	   5.1217491829949435e-01	   4.9661964402055714e-01	   4.7771656360270331e-01	   5.6847983145875958e-01	   2.0157975180813822e-01	   6.3852163281814911e-01	   2.0631440130381515e-01	   1.7233618674690693e-03	   5.3001905083473755e-01	   3.6240190654131271e-01	   6.1252265960114316e-01	   5.5996009295952842e-01	   5.5739960489719520e-01	   5.9710873040611001e-01	   4.4087647064711077e-01	   5.2607678636018851e-01	   9.2232241233431086e-02	  -5.9144055047478022e-02	   2.2588574443842924e-01	   2.6518501305590791e-01	   9.3909696961653286e-02	   2.5946232361449406e-01	   4.0697392264665677e-01	   4.6847316968007879e-01	   3.5093703257841191e-01	   4.1576986344208100e-01	   2.8113681218106951e-01	   2.5682288867973729e-02	
   4.0923746763760449e-01	   3.8381559834192774e-01	   5.1059214189525093e-01	   8.7541222515203765e-01	   4.2895243824354201e-01	   7.9452448630011085e-01	   5.7484255621703828e-01	   0.0000000000000000e+00	   6.0859233520516964e-01	   8.3703579683853624e-01	   4.8318586145731174e-01	   7.6595296274776403e-01	   4.4211221581491017e-01	   6.9897805957263059e-01	   6.0684091033118914e-01	   7.7947074518125636e-01	   1.9418255433316176e-01	   2.8961193960004405e-01	   4.4112216882162947e-01	   6.3739754971927010e-01	   1.8449558743163771e-01	   4.0274010576139008e-01	   5.6931665241526319e-01	   7.6588824379091802e-01	   3.1993746944707024e-01	   3.7861047186480512e-01	   3.7200685303084918e-01	   4.7557855767801926e-01	   3.2121526027228509e-01	   4.2889690341558312e-01	   4.1928028538440071e-01	   4.8240063208716855e-01	   7.1353403248881508e-01	   7.5241259393423665e-01	   2.8572166332255627e-01	   4.5329256358634651e-01	   2.6170359769205842e-01	   3.8237349737070386e-01	   4.3588197451637545e-01	   5.1775944731410140e-01	   3.0359347220522592e-01	   3.5234834797083059e-01	   4.8528740502811729e-01	   3.9705122625900535e-01	   2.3857296813890727e-01	   4.0882142747715211e-01	   4.4158958160243733e-01	   5.7455306294662278e-01	   2.7192115172722298e-01	   4.6027559809371182e-01	   4.7677366116332676e-01	   5.2872416617826756e-01	   4.3609830302228025e-01	   5.2174703875074802e-01	   6.3131071743744605e-01	   6.1253639568556562e-01	   9.3037310299846840e-02	   3.7726265123948610e-01	   4.7892718786203087e-01	   6.5155579304483524e-01	   6.4082197222435511e-01	   8.1182469950284264e-01	   8.8702848988665497e-02	   3.4390770942719273e-01	   6.8784730746009815e-01	   7.1270948223724928e-01	   4.3484233686469809e-01	   5.3321159173185118e-01	   6.7207532347245058e-01	   6.1737498536393720e-01	   4.1968388204305906e-01	   5.8753686077345080e-01	   2.6569733334567874e-01	   3.5690934731064111e-01	   2.8072710560060454e-01	   3.8160636852603003e-01	   3.8411491602399384e-01	   6.1840766539837921e-01	   9.7527409415819888e-02	   2.8208498761041589e-01	   2.6484999706911611e-01	   3.3778710707101456e-01	   5.2602939824524231e-01	   6.1485267303338920e-01	   4.1120207205767412e-01	   5.5748012332333918e-01	   3.7647652674784970e-01	   3.3264063182154918e-01	   6.5250064300328758e-01	   8.1845744822531363e-01	   6.1241177560631588e-01	   6.0372505546513622e-01	   3.3490655459905588e-01	   4.6064502009856073e-01	   3.9913122113883454e-01	   3.0531649723577142e-01	   6.8509326506125046e-01	   6.1336024436178449e-01	   6.5799972004334384e-01	   5.5117941540877147e-01	   3.9252966481814222e-01	   2.4195833285703833e-01	   5.0447735331277765e-01	   9.6005954664966670e-02	   4.4073500275740800e-02	  -1.4283524923283658e-01	   3.5310260477600663e-01	   2.3066074045412166e-01	   1.2893470895919593e-01	   2.3681629984357438e-01	   6.1936345739419663e-01	   5.9564794486236450e-01	   3.3279647492347608e-01	   3.0118026742380721e-01	   4.1090662705661590e-01	  -1.2038669376515157e-01	
   2.9918452015788277e-01	   2.8602289704815938e-02	   6.6782371726052103e-01	   4.9584575838850981e-01	   8.1629738636401583e-01	   6.0736060814310833e-01	   6.5671387111748702e-01	   6.0859233520516964e-01	   0.0000000000000000e+00	   6.4031867169348378e-01	   3.4905563130492573e-01	   3.4951372302658734e-01	   5.6025389147025217e-01	   5.0207588814414772e-01	   7.2779049096821080e-01	   5.3165556157846927e-01	   1.6708712127860942e-01	   1.0348641201883094e-01	   3.4427283288694654e-01	   4.2292660138733340e-01	   2.4667221723823901e-01	   3.2780959495206374e-01	   4.7058610428007708e-01	   3.1109547322240172e-01	   2.2067647007252478e-01	   1.3416812844315934e-01	   3.9683819269107862e-01	   3.1200923157388721e-01	   3.4281015949161475e-01	   3.0459991812419357e-01	   3.8868290130413902e-01	   3.0990567330036806e-01	   5.7769132323764083e-01	   5.6257290053698816e-01	   1.9897533552143867e-01	   2.7124900601949331e-01	   2.4329534100147829e-01	   2.4707551620339105e-01	   3.7458228778679192e-01	   4.3334509866157411e-01	   2.2610566037497448e-01	   9.3230295573679303e-02	   4.7757264598895599e-01	   3.6020481071411864e-01	   2.1105691134796842e-01	   3.0589901696140764e-01	   5.0269980797324387e-01	   5.2202130395874913e-01	   4.0795953615205349e-01	   4.7178094157621542e-01	   5.2474688499739008e-01	   4.8726566231712920e-01	   3.4941398868595686e-01	   4.5687089355488381e-01	   5.9296000459050913e-01	   5.7226433684776423e-01	  -2.1672285947727926e-01	   6.1921095592887582e-02	   5.6345332287143246e-01	   5.1687680553145787e-01	   4.8256666798157533e-01	   4.7929455503856089e-01	  -1.1405990347425594e-01	   1.1157181339276069e-01	   4.5903625991438712e-01	   3.8192266495930077e-01	   3.8964761457400171e-01	   3.7884998104090417e-01	   5.8992840697944926e-01	   5.0922136845373112e-01	   4.6745192060503105e-01	   3.9175780621489564e-01	   1.9902991223910191e-01	   1.6249313881317362e-01	   1.7361946194249156e-01	   1.5347420690458527e-01	   3.0066217207020146e-01	   4.0444637641033343e-01	   9.0729856288700991e-02	   2.7734449176342796e-01	   1.1197411550106576e-01	   1.8159768823623107e-01	   6.0279567085540253e-01	   3.3519408136142115e-01	   1.6050623929712365e-01	   2.5097635957055653e-01	   4.4829089080959572e-01	   1.5272278361989824e-01	   5.4859900578386345e-01	   5.6559270072599321e-01	   4.1966429618688839e-01	   5.3233744987658371e-01	   3.5065380430700521e-01	   5.8002086498371597e-01	   2.8438084803636954e-01	   1.5498414962877607e-01	   6.2122626209161447e-01	   5.0451829668038339e-01	   4.5151503557933925e-01	   4.2845070392226259e-01	   3.3219088966002086e-01	   3.6533594656301344e-01	   3.3334849234842268e-01	   3.8412104796235808e-01	   7.5944385788244501e-02	   1.1934355807352612e-01	   1.5106280921671711e-01	   3.7877620835794568e-01	   2.0001853952893728e-01	   3.3440389262969777e-01	   5.9430217958061515e-01	   4.9499466106078216e-01	   3.4838096720651329e-01	   4.1145328066714570e-01	   3.9892653841006676e-01	  -4.3990656293124326e-03	
   3.1982538889746037e-01	   2.4582770394256945e-01	   3.7493448893974163e-01	   7.2183374619824403e-01	   4.8944833411054245e-01	   8.7758740450325790e-01	   4.0213453455031112e-01	   8.3703579683853624e-01	   6.4031867169348378e-01	   0.0000000000000000e+00	   4.3615329813548864e-01	   6.4374834968841510e-01	   4.8986860402246812e-01	   6.7024564885226501e-01	   6.0961113248439747e-01	   7.5382974682888904e-01	   2.0833209400426561e-01	   1.6837316031313310e-01	   2.7490259752473512e-01	   4.8577342530456480e-01	   1.1705564775659655e-01	   3.4230812050579984e-01	   3.8482589134807815e-01	   5.6980339630081611e-01	   2.1688115607635566e-01	   2.3900028028764947e-01	   3.6651330127380016e-01	   5.1289454710018867e-01	   2.4671942156589172e-01	   3.4211179539753334e-01	   2.4736490427074592e-01	   3.0276575977299147e-01	   5.7470027168107374e-01	   6.2366685030325364e-01	   1.7774671393197952e-01	   3.9465629966919391e-01	   3.0901265194965244e-01	   4.6324093486457713e-01	   4.1512775675646324e-01	   5.2603130920627728e-01	   2.7048869877557369e-01	   2.7272404160636776e-01	   4.1023948080848072e-01	   3.4402743342217762e-01	   2.4117006081570988e-01	   3.8428333288660255e-01	   3.7296773580231007e-01	   5.0930208185852111e-01	   2.4353083771826464e-01	   3.7097453086633592e-01	   3.9550188097280076e-01	   4.4343788042978799e-01	   3.3382179966411368e-01	   4.3031387914679470e-01	   5.3635943786128570e-01	   5.5773948720363797e-01	   2.5855582217266044e-02	   2.8900497213993731e-01	   4.1753726984943440e-01	   5.2261001988753952e-01	   6.3399320697672445e-01	   6.9547808494597563e-01	   8.2297140715123521e-02	   2.1495188932879972e-01	   6.8952615371070447e-01	   6.9787111927458167e-01	   2.9163497817194250e-01	   3.9689989030564721e-01	   5.8444557823439813e-01	   5.9058523974632271e-01	   3.1369485069557157e-01	   5.2645750781269507e-01	   2.4605082562934832e-01	   3.0813197183859281e-01	   2.2243256705200873e-01	   2.6492864998212046e-01	   3.2434791217693343e-01	   4.7528322019269176e-01	   1.1117861345324075e-01	   2.7269376689669256e-01	   1.7956209819961000e-01	   2.2243113582445251e-01	   4.2757031567706971e-01	   4.3896225091528562e-01	   3.6539035958234167e-01	   4.5430078660175155e-01	   4.2832118020823973e-01	   3.0418256516374820e-01	   6.6481573096285485e-01	   7.5050063438672310e-01	   4.7028149345019993e-01	   4.8535744952992377e-01	   3.8571607082463427e-01	   3.0827677159116906e-01	   5.0557932802636385e-01	   3.2222352454433356e-01	   5.9361531723876515e-01	   5.9791979986606603e-01	   5.0123294984794975e-01	   4.1828381750058996e-01	   2.5091613134606294e-01	   3.6431016000067741e-02	   4.6474477490229438e-01	  -8.9137821832706229e-03	   1.3039857163214791e-01	  -3.7638725109033336e-02	   3.2122722160935469e-01	   2.9151703922985489e-01	   8.3941414408691503e-02	   2.5283963462268977e-01	   5.1838356191932899e-01	   5.6300645831242646e-01	   2.9791992852045324e-01	   2.3671544235983716e-01	   2.8696211063728400e-01	  -1.3723609144041832e-02	
   8.5370024322972138e-01	   5.3370974102206248e-01	   3.3705269549948907e-01	   3.3043326346782553e-01	   2.1099968663377838e-01	   4.4446688983842142e-01	   6.0171901935535010e-01	   4.8318586145731174e-01	   3.4905563130492573e-01	   4.3615329813548864e-01	   0.0000000000000000e+00	   7.1420617385382390e-01	   8.1779884206324804e-01	   6.6086436869167953e-01	   6.3829648646464032e-01	   5.9778548392218256e-01	   5.9252782183996944e-01	   5.1567621931008456e-01	   5.8064591822679468e-01	   5.9312999573360814e-01	  -9.3849825161214540e-02	  -3.3881937717762364e-02	   4.7235923783191719e-01	   3.8517600542632791e-01	  -7.4160237489932807e-02	  -3.1301123434216309e-02	   1.0773476559908314e-01	   1.1831084248621912e-01	   6.1299649827693692e-01	   5.9947925968352089e-01	   2.2216376796872486e-01	   1.6676452030358926e-01	   4.2879342517938412e-01	   3.4567625177774119e-01	  -2.0280693273914632e-01	  -1.5571398026874755e-01	   1.0015837980383799e-01	   1.6019169582565662e-01	   1.5741163847536260e-01	   2.0183877294477526e-01	   2.7312218875221433e-01	   3.4055101594567910e-01	   1.5130094734114319e-01	   1.8337510543571539e-01	   1.4364644664294296e-01	   1.0605677231642652e-01	   2.5422602473952416e-01	   2.8161890614712526e-01	   3.3386376583173605e-01	   4.1882246496685593e-01	   2.8412894492172774e-01	   2.3601935700527910e-01	   4.9990322827383799e-01	   3.8603775801015805e-01	   3.3082086665467053e-01	   3.8673602545195251e-01	   3.5819288028030905e-01	   4.4637698520833846e-01	   6.2687301659512762e-01	   5.6794191281956941e-01	   7.0039802405062590e-01	   5.5475349270209828e-01	   5.3989468306374855e-01	   6.4170097944252502e-01	   5.1824728703910239e-01	   2.0474298163867322e-01	   8.0490305603294177e-02	   4.2314515570414060e-02	   5.6228423633144509e-01	   4.5077351747932620e-01	   4.0265647296767249e-01	   3.4087295095565673e-01	   4.0126053313711013e-01	   3.8165352926805629e-01	   4.0406428966352037e-01	   4.6782508520739680e-01	   4.4891996802284895e-01	   5.0778097734880800e-01	   3.3322126002678265e-01	   3.4871850434353852e-01	   4.2373613334379534e-01	   5.3284266495968757e-01	   7.0466270168599521e-01	   6.1992600433375555e-01	   6.2601229216385845e-01	   5.7780627021018727e-01	   3.4157267047509055e-01	   4.3763463902546285e-01	   5.0778943739407556e-01	   5.1449212003013012e-01	   4.6348017928149732e-01	   3.8132105860512155e-01	   1.9279236864835247e-01	   2.2563220068313372e-01	   3.4303638704078676e-01	   2.3550664597122273e-01	   3.7484580325079375e-01	   4.9572131591502833e-01	   5.9483782380816430e-01	   5.4514557400989794e-01	   2.9331861654715496e-01	   1.4137715145139623e-01	   4.4143967311502919e-01	   1.9969621362126827e-01	  -6.3844333665918546e-02	  -1.9673414062887873e-01	   2.1050387736546272e-01	   1.1701580174586654e-01	   6.2926690196267662e-02	   2.6590661751330574e-01	   1.1514469755119842e-01	   3.5563658085161026e-01	   2.0444626036260544e-01	   3.1713367607974480e-01	   1.9644440557648987e-01	  -9.0677707936641788e-02	
   6.7762608230014165e-01	   5.3615187968931033e-01	   3.1441826414426288e-01	   6.8526140662926105e-01	   2.4188135313794998e-01	   7.3485446351495609e-01	   4.0608266735096804e-01	   7.6595296274776403e-01	   3.4951372302658734e-01	   6.4374834968841510e-01	   7.1420617385382390e-01	   0.0000000000000000e+00	   6.2043039189814908e-01	   8.9819945902981657e-01	   6.6029706701224211e-01	   8.6963924481453003e-01	   4.3294022024847456e-01	   4.3876596229320824e-01	   4.9613346214960935e-01	   6.2026476984603918e-01	   6.4740172532043630e-02	   2.6411111953833022e-01	   5.7420469283891296e-01	   7.1820341670760635e-01	   1.3731457631727556e-01	   1.8093411966318018e-01	   3.0777763485971582e-01	   3.8626470324802448e-01	   4.2837699396413020e-01	   5.7614051289387835e-01	   2.1966520968290082e-01	   2.9267632199257554e-01	   5.4714147328940776e-01	   5.5046642242509691e-01	   4.3338744957731948e-02	   2.0520243861448653e-01	   1.3107447736038780e-01	   2.4348422178367937e-01	   3.0345378905086562e-01	   3.7860022676592042e-01	   3.6761381807816879e-01	   4.0518607471007612e-01	   3.0959958897516504e-01	   3.0152864991593864e-01	   1.7641667890510321e-01	   2.5716057211087262e-01	   3.7667018509833472e-01	   4.5808282909454856e-01	   2.4587731341603858e-01	   4.5279328065717361e-01	   3.9101734434147994e-01	   4.6142311569398553e-01	   5.1493171241718405e-01	   5.4061158385998553e-01	   5.2770906116200189e-01	   5.6034892059756858e-01	   3.3400865258531187e-01	   4.8081699001014033e-01	   4.9638578518212484e-01	   5.7826715610025348e-01	   5.7450465087520941e-01	   8.2603649858307582e-01	   3.0456313857819661e-01	   5.2962999140599487e-01	   6.0055889749236913e-01	   5.8889121257667343e-01	   2.0211958464277124e-01	   2.7687717092344433e-01	   6.3727783748830458e-01	   5.9385846845955448e-01	   3.9277717985837551e-01	   5.0170722446091998e-01	   2.7572836200540141e-01	   4.1978698055261909e-01	   3.5726048973798674e-01	   4.5428169967455367e-01	   4.8855884334553756e-01	   6.8530831796551483e-01	   2.9953305531448760e-01	   3.3108900864057078e-01	   4.7559750087565245e-01	   5.0992153453685929e-01	   6.3568107253466433e-01	   7.4667634944402494e-01	   6.7443459920631910e-01	   6.8776516758212547e-01	   4.0814373279018090e-01	   5.0247477376042549e-01	   6.0307818704448801e-01	   7.6958947175276027e-01	   5.8689994941693691e-01	   5.2944011495017240e-01	   2.8119718958651319e-01	   3.1927420782543769e-01	   3.9651044352524634e-01	   3.0422497748447397e-01	   5.8729432982679164e-01	   6.3367120271540633e-01	   6.4918028225256152e-01	   5.8287288582326624e-01	   2.6862660704715147e-01	   7.5799217135704061e-02	   5.0791912854678178e-01	  -3.6839251629574334e-02	   5.4395666046063607e-02	  -1.8409698187982873e-01	   3.3822501905724955e-01	   1.6358305982512586e-01	   1.2704489731395335e-01	   3.1734459562863515e-01	   4.3327270169706061e-01	   5.2316726621747578e-01	   2.9642731527069055e-01	   3.0263391168982567e-01	   4.7075541980125013e-01	  -1.2060081633452804e-01	
   7.1514124453836392e-01	   3.2751930094260628e-01	   4.4033171409406668e-01	   3.4918858963104538e-01	   4.3229218887719784e-01	   5.1931883513767074e-01	   5.8199042234563103e-01	   4.4211221581491017e-01	   5.6025389147025217e-01	   4.8986860402246812e-01	   8.1779884206324804e-01	   6.2043039189814908e-01	   0.0000000000000000e+00	   7.2026228574778473e-01	   7.3183161008494124e-01	   6.0092303665452640e-01	   4.4978252635414118e-01	   3.4228407204118216e-01	   3.2647206271081353e-01	   3.7119475544650632e-01	   3.9469501859621219e-02	   7.1787561014346940e-02	   4.2435282482623948e-01	   2.8451405779006117e-01	  -5.4225892123898445e-02	  -1.1606252597028516e-01	   3.4235107207007159e-01	   3.2486423960736149e-01	   4.5651589463823333e-01	   5.0104827234323956e-01	   6.4243111385014290e-02	   3.5535582650435646e-02	   3.5133813210575460e-01	   2.8370329441783537e-01	  -9.7199474643059836e-02	  -5.1175189216253587e-02	   1.3504841715625163e-01	   1.9205567353269756e-01	   2.3036569227335313e-01	   2.7204732625932326e-01	   2.1074025241479172e-01	   1.4756395228661195e-01	   1.2340072426755323e-01	   9.5368577609643568e-02	   4.2942013253481091e-02	   3.2835966626356107e-02	   1.9364053950953189e-01	   2.1537944871396841e-01	   3.1377299522949692e-01	   3.8374800965002293e-01	   3.3904702806240195e-01	   3.2679620649862817e-01	   4.7730039867855623e-01	   3.9190917435568118e-01	   3.9461594772655340e-01	   4.4961549547473789e-01	   1.5910247919473222e-01	   3.4597398643291799e-01	   6.3368974574053427e-01	   5.7315892527245627e-01	   6.8329258598694098e-01	   5.6346982237444354e-01	   3.4377162047944010e-01	   4.6114874335835998e-01	   5.2629093762707924e-01	   2.9047876690089064e-01	   1.0970867314484564e-01	   9.8033732206632321e-02	   5.7264488758410081e-01	   4.9456372272856319e-01	   3.8463953568306447e-01	   2.9671018723072295e-01	   2.3498897769027330e-01	   2.3497751787195317e-01	   3.2088203508442303e-01	   3.2779322172330194e-01	   4.0289647866327205e-01	   4.4817404414669915e-01	   3.1026177443384589e-01	   3.5273754687083603e-01	   3.1333233815908812e-01	   3.0148769044096202e-01	   7.0408800932673365e-01	   4.3087257891306657e-01	   4.8737147937175318e-01	   4.3933008496085268e-01	   4.9174411951485975e-01	   3.6234930506485008e-01	   5.8853746948615193e-01	   5.4164623066622553e-01	   3.5603200398933743e-01	   4.0006104943147786e-01	   2.5336042081222870e-01	   3.2553497826557332e-01	   4.1407654514816794e-01	   2.2536368439905904e-01	   3.8573700864527649e-01	   4.8612807970432698e-01	   4.6454159279792778e-01	   4.6081241800767464e-01	   2.3983194288775972e-01	   1.4573464963114913e-01	   3.8460987168896343e-01	   2.8274372209885773e-01	   2.3218968810940419e-01	   1.5831456824261469e-01	   1.4418838609438508e-01	   3.0555921496975635e-01	   7.1463368061022617e-02	   3.0415722825741126e-01	   1.6453123501855854e-01	   3.2450615168363278e-01	   2.0099912128859210e-01	   4.8574902903054151e-01	   4.6417361723409811e-01	  -2.9178196067957481e-04	
