   0.0000000000000000e+00	   7.0481812983724168e-01	   5.5466886036015273e-01	   2.8030865026870805e-01	   2.7187467247703612e-01	   1.0333415136492435e-01	   3.8591588132525745e-01	   2.4352381127674744e-01	   1.8646666400559730e-01	   9.1102948696414082e-02	   5.2894302030901663e-01	   2.7438012326143379e-01	   5.9880640787862582e-01	   2.5408707002199238e-01	   5.3098091414396786e-01	   1.4112989976090115e-01	   4.5698660305704164e-01	   3.9129128969863808e-01	   7.6949352513448621e-01	   6.2946752568127673e-01	   2.8485896238894151e-02	  -1.1540680198314873e-01	   3.6912415102161034e-01	   3.2652713091179597e-01	   2.1327485858350928e-01	   1.3557159396593796e-01	   2.7924230467738748e-01	   1.5479859226287562e-01	   1.9076472885643236e-01	   1.0851931582634076e-01	   7.7806297942199482e-02	   7.7063550399407585e-02	   6.9850352946148964e-01	   6.1340993140142275e-01	   1.7886072051783394e-01	   3.5049235103465726e-01	   1.4875038580743646e-01	   1.8490684051295361e-01	   3.3901405473144758e-01	   2.5103362648270644e-01	   7.7870587515326745e-02	   1.5257356816587242e-01	   2.3486721516626405e-01	   2.8601490322965384e-01	   9.8434971784149231e-03	   1.3794383879780650e-01	   2.1514365519871143e-01	   2.8824689795200303e-01	   3.5624548021967484e-01	   2.4558516249361226e-01	   3.4914277602298022e-01	   2.0644176750255661e-01	   4.0026950230538139e-01	   1.6788546249465869e-01	   4.0916660920063619e-01	   3.5919720597113863e-01	   5.7151634612243840e-01	   5.5943813187460711e-01	   7.8699301116983678e-01	   6.1275843870816449e-01	   6.7082357046761476e-01	   1.7155431594017245e-01	   5.6355636990302105e-01	   4.1110518262339690e-01	   3.8436680796364847e-01	   2.3415626677659534e-03	   5.8741116757274769e-01	   4.5313068147444890e-01	   7.7058758825107265e-01	   7.0673304242188295e-01	   8.9391483992406207e-02	   1.0933813799469319e-01	   4.1725948990024109e-01	   3.8887266588227931e-01	   4.6939805478229252e-01	   3.4332428231751105e-01	   5.6533394738054787e-01	   5.0695861986154522e-01	   1.8565056339476055e-01	   3.9932009095535098e-01	   3.0409026769286501e-01	   2.2225517282581247e-01	   3.4674828338956876e-01	   2.4569108479594770e-01	   5.7604466196775395e-01	   3.4583697037136202e-01	   2.7809955138147624e-01	   2.5118778618408238e-01	   6.8557250073965958e-01	   6.1591639185086122e-01	   3.5808071736194519e-01	   4.2091925261705426e-01	   5.3473388160018398e-02	   4.0254086004916223e-01	   1.8412290709211157e-01	   9.6210215962730411e-02	   5.4230127641437964e-01	   3.8882172839119067e-01	   3.0955591979618302e-01	   4.2803803129589685e-01	   1.3682501602260844e-01	   4.9262453924342675e-01	  -5.6326239375806025e-02	   4.3037614274996328e-01	  -1.7208692764004427e-01	   7.7818755108187712e-02	   1.9437239047794655e-01	   5.5499597630616238e-01	  -8.3446654398696002e-02	   1.5478271312617059e-01	   4.9726764271752488e-01	   2.3191065542899147e-01	   2.6093186678795288e-01	  -5.1484424888187622e-02	  -2.3904539815863579e-01	  -3.1725169106907902e-01	
   7.0481812983724168e-01	   0.0000000000000000e+00	   3.9601385205122341e-01	   1.7432581480551040e-01	   7.5590081078098892e-02	   1.2420892561778160e-01	   2.3015726635894296e-01	   1.2086384750055557e-01	   2.6992410655042494e-02	   6.7603097161870792e-03	   3.3239497461881190e-01	   2.4706297636297717e-01	   3.4464562024403733e-01	   1.8819855506774466e-01	   3.6345892591100715e-01	   2.0190767139987942e-01	   6.4274379372876067e-01	   6.5343703036618572e-01	   7.1333856496118075e-01	   7.2846840795372203e-01	   2.8583103075330812e-01	   1.7471227929284217e-01	   3.2648477348062738e-01	   2.5290128031710335e-01	   2.1921065514004945e-01	   1.5928132367878162e-01	   3.2006103818273590e-01	   1.8345442404694273e-01	   3.4019936209401225e-01	   3.4915745270682919e-01	   2.4371738861912640e-01	   1.3382332622491433e-01	   7.0792444387193965e-01	   6.7900123804052714e-01	   1.1563082986299597e-01	   3.2420492395500677e-01	   4.1711419824662921e-01	   4.8846729491757657e-01	   4.9059195323382160e-01	   4.8456637369610123e-01	   2.9309647260614929e-01	   4.2051453733253230e-01	   4.4926150893698380e-01	   4.1145062433861768e-01	   1.1160808926276911e-01	   2.0493129994825537e-01	   4.1518104607791800e-01	   5.3679983179047575e-01	   5.0135463591941665e-01	   3.6714760487319170e-01	   5.2085963727667972e-01	   3.8629453980442130e-01	   5.5311800299791392e-01	   3.6473350042389335e-01	   5.4639716672196448e-01	   5.3862083976150477e-01	   7.6323871943370436e-01	   8.7813907418174830e-01	   7.0793812704705361e-01	   6.9656465956549818e-01	   4.8876807882757622e-01	   4.9399096355093770e-02	   6.0515108209644186e-01	   4.8218212485933493e-01	   8.1519406391671406e-02	  -2.0405372485612416e-01	   4.0596471335151041e-01	   3.7968873331010999e-01	   7.0802301635889975e-01	   7.3135342310873519e-01	   1.1242069972455943e-01	   2.0682905867963675e-01	   4.1407992262301663e-01	   5.0061945231733229e-01	   3.9056521120312093e-01	   4.2330513915422785e-01	   5.1339028444187185e-01	   5.9497590760149610e-01	   2.4369982292509124e-01	   4.8808547800446356e-01	   5.5528628884124054e-01	   4.1324668572177287e-01	   4.4072668909594037e-01	   4.7371209021788147e-01	   5.3963546905736637e-01	   3.8162942361184582e-01	   2.9976339805539409e-01	   3.2307886061873231e-01	   5.5201071799730950e-01	   5.6514516640549417e-01	   4.0652387294052089e-01	   3.0742200434794881e-01	  -2.9568986215299353e-02	   7.8151561428473959e-02	   2.9765624774126503e-01	   3.0173707882892803e-01	   6.5350401707515737e-01	   4.2914087699601444e-01	   5.5513364803766974e-01	   5.3963293926454536e-01	   1.0078672341186112e-01	   3.6598639293089286e-01	   6.8549168043348555e-02	   2.9370717654363809e-01	  -6.8502690057202179e-02	  -1.2628649946339759e-02	   3.7089375271636027e-01	   4.6978108627387583e-01	   9.9730163185161744e-02	   3.3797932335325503e-01	   5.9930647516552105e-01	   4.5063781915807521e-01	   2.3501321705258693e-01	  -3.1380496254251353e-03	  -1.5463565545775793e-01	  -2.4425198993682812e-01	
   5.5466886036015273e-01	   3.9601385205122341e-01	   0.0000000000000000e+00	   6.6082254825389641e-01	   3.9517059212526845e-01	   1.5372455110123676e-01	   4.5800173043755937e-01	   2.7914619230808602e-01	   2.0735229175593944e-01	   1.0647520709582810e-01	   4.6966327976636385e-01	   1.4135623506736136e-01	   3.9851857665117418e-01	   1.1437265372202184e-01	   5.4992244233019494e-01	   3.2090579477924175e-01	   2.7393259958207816e-01	   2.5966270591637591e-01	   4.2539029480532548e-01	   3.1880371093093618e-01	   2.8588990771166334e-01	   1.4990303912882344e-01	   7.3663861513822415e-01	   5.7670114077520784e-01	   6.1007582187664577e-01	   6.6350108630365512e-01	   4.7791635789048470e-01	   1.1172887011344665e-01	   1.3911897547881746e-01	   7.4846748403997243e-02	   3.9298122861211299e-01	   4.0669858278756077e-01	   4.7738073711892959e-01	   4.0011819861299419e-01	   5.9142797581464657e-01	   5.4840433182700687e-01	   3.8620856830687283e-01	   4.0903141684987165e-01	   5.2627441998665903e-01	   4.5354247993051650e-01	   3.2584503761542122e-01	   2.6398271561080994e-01	   3.9643094857105621e-01	   3.1364547169041856e-01	   3.0170211876142505e-01	   2.6546000790854318e-01	   3.2797991810478061e-01	   3.2436308399151431e-01	   3.9397213449744667e-01	   1.9903498425911842e-01	   5.3883900162215692e-01	   3.4467516655237340e-01	   2.7097125229295310e-01	   8.2355322432134032e-02	   4.6170778565617454e-01	   4.1926071797153014e-01	   2.7805270578595609e-01	   2.5455216085311250e-01	   4.0736174884651216e-01	   1.8075825152010680e-01	   3.4620660137540926e-01	  -1.9929504969905379e-02	   2.6523944138614003e-01	   6.1153874912199771e-02	   6.1179217171153932e-01	   2.0736037218883063e-01	   7.0459802274249039e-01	   6.4404431468292234e-01	   4.4131875260334708e-01	   4.5187638967602184e-01	   2.7486181962413686e-01	   4.1550451790897551e-02	   2.6128250600361280e-01	   2.2844862839649543e-01	   2.5895597788815317e-01	   2.1547079426410387e-01	   4.6040328000688069e-01	   4.1189341243506106e-01	   2.2183317433161037e-01	   4.4568275215169206e-01	   2.0061156406653463e-01	   3.4287174067282822e-01	   4.6554425871070931e-01	   4.1445122993253614e-01	   5.1222374535026693e-01	   6.4594548232359983e-01	   4.8066339506053335e-01	   4.5322958539604297e-01	   6.8823469451184249e-01	   5.4040069655715783e-01	   2.3907555855275800e-01	   3.5084906245635777e-01	   2.5733829694890083e-02	   4.6297350761370165e-01	   3.2200848761187006e-01	   2.6518194399553752e-01	   5.8458737748966927e-01	   3.9294186432676453e-01	   1.5947715781850841e-01	   2.7127476304018905e-01	  -6.1979548519282973e-04	   3.9976885992888223e-01	  -1.0134706683664732e-01	   2.3471206546634274e-01	  -1.1642859208980530e-01	   1.2046164286619862e-01	   1.3646657114009736e-01	   5.2648060841125521e-01	   1.4113300941356721e-01	   2.6373811653702040e-01	   5.6979907858701362e-01	   1.4565162976418972e-01	   2.8822015639910187e-01	   6.0363308883336686e-02	   4.7859249548023425e-02	  -1.9239857250693421e-01	
   2.8030865026870805e-01	   1.7432581480551040e-01	   6.6082254825389641e-01	   0.0000000000000000e+00	   5.2055715751112452e-01	   4.4641031744184345e-01	   4.1841992923076693e-01	   5.9724248587841466e-01	   3.2202703512174452e-01	   4.4471021880130374e-01	   2.8546533618003861e-01	   2.7236541152594362e-01	   2.4797859278846179e-01	   3.9543195852191471e-01	   3.3436733869337670e-01	   4.4230578967717749e-01	   2.8456233219039440e-02	   8.1980863014058575e-02	   2.0441396177862028e-01	   2.9009359421235120e-01	   2.7735525493800472e-01	   2.3956060359467901e-01	   6.1059403631117881e-01	   7.4629658352859440e-01	   4.7660454292802745e-01	   6.3695218132781739e-01	   4.3631923995378497e-01	   2.0837043651371759e-01	  -9.4928123710848328e-02	  -6.2268576387938382e-02	   2.8331964690187439e-01	   3.3109865423444956e-01	   2.2697841111210099e-01	   2.7186503340545415e-01	   7.2197955511974832e-01	   6.6637358339300135e-01	   2.5974215722122462e-01	   3.2917258189922338e-01	   3.8132917829726160e-01	   3.7167359490154450e-01	   2.8621603342170794e-02	   1.7165222217202528e-01	   1.8358622222299650e-01	   7.1956587143477468e-02	   2.9560649298199099e-01	   2.6598080338024804e-01	   1.8926076157507976e-01	   1.4108748403095125e-01	   2.9481828431750878e-01	   2.6293294281235507e-01	   5.3282418123128172e-01	   4.3729685303873744e-01	   4.0832040490194788e-01	   2.2288004097087885e-01	   3.7066739945429383e-01	   3.4933557387259562e-01	   8.8989635601255228e-04	   1.1049675933292608e-01	   2.2370426631015372e-01	   1.5860373729348748e-01	   3.5537178451241536e-01	   3.1433366542538876e-01	   9.0471802317014516e-03	   6.2495500917340019e-02	   6.2018216409493310e-01	   6.2223463986793259e-01	   6.3672886694151942e-01	   7.5541289589930982e-01	   1.4153253678097294e-01	   2.9090360246604985e-01	   1.8533109699069630e-01	   1.7582609500584032e-03	   6.5976523594155775e-02	   1.4863056912169562e-01	   5.5757680264046365e-02	   1.8875870758888383e-01	   3.4409402334092132e-01	   3.5711495756657863e-01	   1.1923450811274185e-01	   2.3222487580357626e-01	   3.5388485479504239e-02	   1.3072905565546697e-01	   1.2185485515855668e-01	   1.6571893216319505e-01	   3.4837782871943629e-01	   5.3280788366003318e-01	   2.0787145204838059e-01	   3.3407871572480030e-01	   5.9960975286447360e-01	   6.4754544813597570e-01	   4.5204121094919758e-01	   5.1941674237791102e-01	   3.8621104079241086e-01	   4.7298441021594106e-01	   4.3523400393965994e-01	   3.4853733922503849e-01	   4.1718300431217537e-01	   1.2732750746118010e-01	   1.1366991588925177e-01	   2.4248489439990945e-01	   2.0304947493148651e-01	   2.3447643893052342e-01	   2.6774387060920855e-02	   3.6349221883546466e-02	   9.9684071573938023e-04	   2.0565913715760487e-01	   1.4335180427464431e-01	   4.3088974479536901e-01	   3.2720103728288058e-01	   2.5795506142985930e-01	   3.1457469171440577e-01	  -5.3523573887058432e-02	   3.1657838896035434e-01	   7.3570842839933190e-02	   2.8012182772033883e-01	   5.2037863795502078e-02	
   2.7187467247703612e-01	   7.5590081078098892e-02	   3.9517059212526845e-01	   5.2055715751112452e-01	   0.0000000000000000e+00	   4.5334393062816702e-01	   6.6394590056803815e-01	   7.8437744247647001e-01	   2.6019132557267954e-01	   3.0466417271106055e-01	   2.6302701590186772e-01	   4.8705121113478800e-01	   4.2431819021959832e-01	   4.8528021505946861e-01	   5.3106796688649571e-01	   3.8556524128954839e-01	   1.1713763193176582e-01	   1.7917975332122685e-01	   3.2620429110627425e-01	   3.4443542903009206e-01	   9.8067206786347505e-02	  -1.6687203537693717e-02	   7.1866614588598432e-01	   7.7337026382568697e-01	   5.2135690682742786e-01	   5.0364374526943012e-01	   8.0451146773743779e-02	  -1.6975007622522029e-01	   3.1622250942485292e-01	   3.0006127784454195e-01	   5.5109160013978942e-01	   5.6533659194296793e-01	   4.2958294480559667e-01	   4.3088963722330442e-01	   5.3403094074063184e-01	   3.9121743167845097e-01	   1.0943604219947262e-01	   9.6093499868087753e-02	   3.6199584400885765e-01	   3.4033519373047438e-01	   9.0613621035496722e-02	   1.8293127240498935e-01	  -5.6068834198844657e-03	  -1.6992230152181875e-01	   4.4247988180180919e-01	   3.8852202794783763e-01	  -6.0540533670431523e-02	  -1.5888810467412074e-02	   1.2050474194522959e-01	   4.3110677882598689e-02	   5.7990386309939149e-02	  -1.5354038800007765e-02	   2.5814940456116131e-01	   1.6167765712448351e-01	   1.1185291956351580e-01	   8.1681597355812208e-02	  -1.4778780747956416e-01	   8.3960608854316554e-02	   2.4099021393635181e-01	   2.9787542387417110e-01	   4.0057972080870363e-01	   5.6091596364500540e-01	   1.4877233608965568e-01	   4.4381761362916139e-01	   4.4025348472783354e-01	   3.3128535353686883e-01	   5.0963050473545835e-01	   5.2754605021450041e-01	   1.5192490900350825e-01	   2.5175144980438735e-01	   3.2581358533466531e-01	   2.6849632280028662e-01	   3.4304490209550786e-01	   4.0571498485074797e-01	   3.9306850755582057e-01	   4.2371389278335025e-01	   4.6173181032494559e-01	   5.0367825541347677e-01	   8.4097334708427923e-02	   1.1726707064710730e-01	   1.9852183479849903e-01	   2.0928886359422488e-01	   3.1227094541720368e-01	   2.0047758930046047e-01	   2.8172074057310054e-01	   1.6005530810893887e-01	  -1.4291782587797888e-01	  -1.3770526260988658e-01	   3.8902023109917538e-01	   4.6283854259443735e-01	   6.0213669892296862e-01	   4.6220745907930211e-01	   3.7151337013414332e-01	   4.0519619008945862e-01	   2.7605854126461216e-01	   3.0921998872548873e-01	   3.1429401033407117e-01	   1.3806286112149918e-01	   2.8074231612338008e-01	   2.6783295993956019e-01	   2.9569993954378621e-01	   3.4316249354187622e-01	   1.2987002141600984e-01	   2.4859613656865098e-01	  -1.1748421326577085e-01	   1.2299942232895514e-01	   1.2147550911261902e-01	   3.5735211546675161e-01	   1.8435292908191508e-01	  -3.6031883947801026e-02	   2.4078298055199318e-01	   1.1754804233817959e-01	   3.6115397212225797e-01	   2.8584841818190909e-01	   1.4417225159599800e-01	  -1.3702356759281625e-01	
   1.0333415136492435e-01	   1.2420892561778160e-01	   1.5372455110123676e-01	   4.4641031744184345e-01	   4.5334393062816702e-01	   0.0000000000000000e+00	   7.4096624604074823e-01	   7.6993720583240965e-01	   7.8592664976631466e-01	   8.5130021024727731e-01	   1.4904811745800964e-01	   4.2933159717258462e-01	   4.2343395408336698e-01	   2.8310306156990167e-01	   1.7954807497515526e-01	   1.6674634684587936e-01	   3.3687170364442923e-02	   2.0025018038574111e-01	   1.6185952923504321e-01	   1.8727700459991348e-01	   8.4605255400999335e-02	   3.7390424203128048e-02	   3.4002567418175833e-01	   4.4516568736413098e-01	  -1.6336906217655942e-01	   3.1145035731469300e-01	  -1.0302483376705943e-01	   3.5386823654297828e-01	  -6.4852187891585754e-03	   9.9884189879161700e-02	   1.7082636617687250e-01	   1.7729745318171691e-01	   1.3755597552167792e-01	   2.3392940775595400e-01	   4.1083978674794547e-01	   2.8067565838818848e-01	   5.4218602809008830e-03	  -1.0027800955720531e-01	   1.1280155957816267e-01	   7.7383713520826139e-03	  -1.9287805716728690e-01	  -1.8917220716642552e-01	  -8.7386718359369148e-02	  -1.6569943291881409e-01	   3.0867076411061611e-01	   2.6605735360048810e-01	   3.2284604080106742e-02	  -1.3617752464605329e-01	   2.6857718315890733e-01	   2.7509735003080510e-01	   1.2160291217365188e-01	   1.3332191566775989e-01	   5.0429620559484456e-01	   3.2318635008694641e-01	   1.4256145629749162e-01	   1.5934079913362932e-03	   4.6774037458580690e-03	   1.0812673058329106e-01	   3.7476043520377957e-02	   1.2319807234888089e-01	   5.5984327361719344e-01	   6.8790721438664271e-01	   7.7090617587012716e-02	   3.1369473298752887e-01	   5.8819554025955190e-01	   5.8053831061160432e-01	   3.3483727975291644e-01	   3.9260794615962769e-01	  -6.4511671814982852e-02	   2.5183067983889501e-02	   2.6317602460987194e-01	   2.7454108810897870e-01	   1.9035359758651216e-01	   2.7345158984277118e-01	   2.0183293750223213e-01	   2.7635457944007924e-01	   4.3292292510018787e-01	   5.1762083172439255e-01	  -8.6102805368797469e-03	   1.7140248465205007e-01	   1.2134820400697346e-01	   1.4618128776880884e-01	  -1.3734670458857351e-01	  -1.2797696844902000e-02	   1.0807945749585667e-01	   1.5497127041792380e-02	  -3.5457181825849959e-01	  -9.6099063114522973e-02	   3.3593161599274340e-01	   4.6804425372110320e-01	   5.9021287201616546e-01	   5.4484471632825493e-01	   3.8704655915923014e-01	   3.2050277643000935e-01	   2.2322740173602415e-01	   4.0770516286405534e-01	   1.4819445529296876e-01	  -5.9217834714740770e-02	   3.6400399676123441e-01	   3.9127589589679102e-01	   2.4217555734719093e-01	   2.0802149340977011e-01	   2.6176484552634793e-01	   8.1026939999367997e-02	   1.0939313791753910e-01	   1.3365575546238459e-01	   1.7557160935891078e-01	   3.3577954769240326e-01	   4.8131653926949991e-01	   2.2996909760327050e-01	   6.2905252305109497e-03	   1.8105231838981783e-01	   4.0552195108368172e-01	   3.4120040389343675e-01	   2.9695392352273631e-01	   3.7824645170646362e-02	
   3.8591588132525745e-01	   2.3015726635894296e-01	   4.5800173043755937e-01	   4.1841992923076693e-01	   6.6394590056803815e-01	   7.4096624604074823e-01	   0.0000000000000000e+00	   8.4943767476419318e-01	   7.0272379885937186e-01	   6.4091658026433029e-01	   3.9703539970535834e-01	   4.6806604371143190e-01	   6.7756139713236385e-01	   2.8975978622892351e-01	   4.7626306890047443e-01	   1.6876324810737545e-01	   1.4213957987170533e-01	   2.6733135152119614e-01	   4.1253669217969524e-01	   3.0470762800097251e-01	  -3.9048443056277797e-02	  -2.4797528638644475e-01	   6.3034694362677568e-01	   5.7718917061268971e-01	   1.1055025571746158e-01	   3.5744401167167200e-01	  -1.9051953221710363e-01	  -8.5105620667815067e-03	   2.1442657595995424e-01	   1.8544399937734785e-01	   4.0996244616821065e-01	   3.8820654627828938e-01	   4.1924383259885090e-01	   4.1665456389774769e-01	   4.2718951798677407e-01	   2.4728628217815513e-01	  -6.5976771611240437e-02	  -1.3604227693161303e-01	   2.3445343994777271e-01	   1.6595644700066348e-01	  -5.5981856189747027e-02	  -1.7554292800863951e-02	  -1.2436731325880983e-01	  -2.3762467757155775e-01	   3.9552914812522888e-01	   3.4644739028169241e-01	  -8.9068918190266050e-02	  -1.7351049813660713e-01	   2.2771586529901483e-01	   1.5939270111930029e-01	   4.4475242757494038e-02	   9.5854253970150162e-03	   4.0037382103347668e-01	   2.3495838059931348e-01	   5.4188441389431616e-02	  -6.5712661192882807e-03	   6.0809220903065508e-02	   1.9270298896208710e-01	   2.6594972975897258e-01	   2.5147668863703548e-01	   7.0113960730794012e-01	   6.9610815570138374e-01	   2.5730158812063819e-01	   4.8459117775083105e-01	   7.3962855363543800e-01	   4.9395152319252067e-01	   5.3548322893940137e-01	   4.3994931332552822e-01	   1.2444748804810364e-01	   1.9781419905653097e-01	   3.2313193049299033e-01	   2.4852931220518959e-01	   4.1697424756337803e-01	   4.3882804189506203e-01	   4.6688505882158349e-01	   4.6426690966721790e-01	   5.3574701581800532e-01	   5.1666678458137016e-01	   9.9045001157602661e-03	   2.8833451943224925e-01	   2.0432328229586039e-01	   2.8810919680516822e-01	   1.4307598811919023e-01	   9.7425681262054406e-02	   3.1162092122122731e-01	   1.4986556453214395e-01	  -2.8304141098685481e-01	  -2.2552433710597675e-01	   4.8580220358357895e-01	   5.5284240714891242e-01	   5.1219938269461662e-01	   4.8844501814812669e-01	   1.9362161894146845e-01	   4.6734806974282561e-01	   5.5567914692665282e-02	   2.4349109378752309e-01	   1.6268691962518761e-01	  -6.9318663648399665e-03	   2.3462594169809203e-01	   3.3440444928373692e-01	   1.4501183569231732e-01	   4.6202644895805201e-01	   7.2937315088406368e-02	   2.5612650676408527e-01	  -1.7900676373913521e-01	   2.9441676888074170e-02	   1.1337513320933099e-01	   3.3474486267047265e-01	   1.5224821944502129e-01	  -5.7675201160366285e-02	   4.2511715767419550e-02	   6.7536500057185728e-02	   3.9842173960196625e-01	   2.1691870162022864e-01	   5.8735694667812824e-02	  -1.5920172917639641e-01	
   2.4352381127674744e-01	   1.2086384750055557e-01	   2.7914619230808602e-01	   5.9724248587841466e-01	   7.8437744247647001e-01	   7.6993720583240965e-01	   8.4943767476419318e-01	   0.0000000000000000e+00	   6.0289654129855774e-01	   6.9019597289267087e-01	   3.1393088101462108e-01	   5.6007949838706528e-01	   5.4570683309095935e-01	   5.3808899972377844e-01	   4.2458718923234656e-01	   3.3810887446645205e-01	   5.9460071652421571e-02	   1.9851809862333150e-01	   2.8596761429857642e-01	   3.1550710045270214e-01	  -1.4757829044553122e-02	  -9.8191261402800808e-02	   6.0602912743264281e-01	   7.3219004648246377e-01	   1.9498805004765254e-01	   3.7543250224839292e-01	  -1.2005243192065326e-01	  -2.6440704710393989e-02	   1.9536421083064626e-01	   2.1256925594343290e-01	   4.2979269159463063e-01	   4.2480065862209881e-01	   3.4590499661771701e-01	   4.0099701003910104e-01	   5.2346782880257292e-01	   3.8039926336291352e-01	  -5.4113153296248120e-02	  -7.3346207859979556e-02	   2.4989797442606437e-01	   2.0747043029985496e-01	  -1.3035465457932546e-01	   8.5868617388418760e-03	  -2.0983760556532421e-01	  -3.3128834587650835e-01	   4.3001764473773185e-01	   3.5792228222769706e-01	  -1.4593694957570416e-01	  -2.1227436391540505e-01	   1.5375983235287510e-01	   1.6131357096848595e-01	   3.7188311391225151e-02	   3.9298744925691548e-02	   4.1479633969556234e-01	   2.7327733057141512e-01	   4.1511769499353958e-02	   9.1057473284209857e-03	  -6.9278181438364062e-02	   1.3700348594285816e-01	   1.9220412001627746e-01	   3.0819995316748139e-01	   6.3826417497361776e-01	   8.3151417585606469e-01	   1.2194853348207663e-01	   5.1233081652708468e-01	   6.4226439523995316e-01	   6.5456936896812379e-01	   4.7789512559856218e-01	   5.0806390093470388e-01	   1.3970421361233490e-02	   1.4134078656750174e-01	   2.1854223945567663e-01	   2.8188613327231676e-01	   3.5372994947840630e-01	   4.5873160050875661e-01	   3.4686115684068375e-01	   5.1485033260769808e-01	   4.2961821833624048e-01	   4.8837456720603889e-01	   3.3679667096352612e-03	   2.1224132861390976e-01	   1.6712052922311987e-01	   2.2470273128911727e-01	   7.6436563407992014e-02	   7.9797164918525287e-02	   2.6996701046006732e-01	   1.5028004103682710e-01	  -3.5116193689473651e-01	  -2.3532571127836921e-01	   4.2467318975276019e-01	   6.2511302601554597e-01	   6.3632974066323544e-01	   5.3989102501324648e-01	   3.9344872537087106e-01	   3.7890099189756338e-01	   1.7409313042984775e-01	   2.4171151937561308e-01	   1.5364597670812433e-01	  -7.8498347920418807e-02	   2.0549228843210526e-01	   2.6351584036869574e-01	   2.5586453670302628e-01	   2.9528487370803058e-01	   1.3623852919494012e-01	   1.0575600690033278e-01	  -1.8775929295669752e-01	  -5.0402900852438304e-03	   7.2061676178826445e-02	   2.8349387154439665e-01	   2.2072170341116651e-01	  -1.4440371528400055e-02	  -1.3951717745274695e-03	  -2.6165590838035449e-02	   3.7762127338395080e-01	   1.8401851681285195e-01	   1.1037938970083794e-01	  -1.2343416457660650e-01	
   1.8646666400559730e-01	   2.6992410655042494e-02	   2.0735229175593944e-01	   3.2202703512174452e-01	   2.6019132557267954e-01	   7.8592664976631466e-01	   7.0272379885937186e-01	   6.0289654129855774e-01	   0.0000000000000000e+00	   8.7102364562469015e-01	   2.1693947326642377e-01	   3.5097104375395233e-01	   5.8134946924001651e-01	   2.3972027763145665e-01	   2.0396971335381253e-01	   9.2370242672474873e-02	  -1.3278303565128621e-01	   8.2854020986062758e-04	   8.7881232620664940e-02	  -7.3482170980981578e-03	  -4.8552915826113451e-02	  -1.6606594787136025e-01	   2.0514540608301346e-01	   2.6922985396244947e-01	  -2.9373686588771153e-01	   5.1407850979899319e-02	  -1.9703039839570069e-01	   2.9221828338885963e-01	  -1.5309486161401498e-01	  -1.5040930923045981e-01	  -1.4160301989044837e-02	   2.6577518141773046e-02	   1.9688981783303416e-03	   2.1130401758323633e-02	   2.6523048113777609e-01	   1.9052898284682745e-01	  -1.1156299802671782e-01	  -1.6578280817800564e-01	  -7.5667423982218093e-03	  -1.0939232291128154e-01	  -2.0920858887045773e-01	  -2.9370714872583648e-01	  -2.1417489147040428e-01	  -2.8259374083134092e-01	   7.7741600419613532e-02	   1.5232363897826616e-02	  -8.3316000501085813e-02	  -3.2013801629652977e-01	   1.7954869109025351e-01	   6.7118934041301564e-02	  -2.2194710719353115e-02	  -2.5005475677415734e-02	   3.8013119188038302e-01	   1.1153349666138718e-01	   6.8830641624707062e-02	  -1.2727252694544841e-01	  -2.5734743133081231e-02	  -2.4554675587625620e-02	   2.7004238273080093e-02	  -1.0025946976375568e-03	   6.0675322319157687e-01	   6.2971073390154875e-01	   2.5228660791824148e-02	   1.3862987664111651e-01	   6.4825409941827772e-01	   6.0210020603046854e-01	   2.8783743326623773e-01	   2.5346934427554824e-01	  -6.2023177576772059e-02	  -8.8282079939844049e-02	   2.1752732986376322e-01	   1.9623935958536995e-01	   7.8716760792355234e-02	   6.1780438050725195e-02	   1.3605787366487349e-01	   1.4342058642574307e-01	   3.8173372925334004e-01	   3.7438955049013445e-01	  -1.7356838429888621e-01	   1.2950442430245646e-01	  -1.5193966446844143e-01	  -4.2002485996220515e-02	  -1.5942664525922073e-01	  -5.1205234285557955e-02	   7.5892076150912410e-02	   3.1971010279643899e-02	  -2.9760295633793094e-01	  -7.8601367985633511e-02	   3.8974567088901912e-01	   4.2588607134935658e-01	   3.8092032493008110e-01	   4.2817163360565946e-01	   2.2742689482990658e-01	   3.2370480484354730e-01	  -4.7545162607407015e-02	   1.5960378234299252e-01	   3.2542696688618172e-02	  -1.5866409907289178e-01	   8.2728815076733311e-02	   1.7228166141573503e-01	   2.4218739569448039e-01	   2.2615279361322119e-01	   9.5731177727249775e-02	   1.1658761443563032e-01	  -3.9512410249798478e-02	   1.2843583366176214e-01	   3.4292528599995972e-02	   2.6155264468941036e-01	   2.2137164204646742e-01	  -6.1637846865306234e-03	  -1.3170052345630615e-01	  -4.8103531000162597e-02	   1.4985294124275053e-01	   1.2388578157411781e-01	   1.9754527772981270e-01	  -4.8807792708244757e-02	
   9.1102948696414082e-02	   6.7603097161870792e-03	   1.0647520709582810e-01	   4.4471021880130374e-01	   3.0466417271106055e-01	   8.5130021024727731e-01	   6.4091658026433029e-01	   6.9019597289267087e-01	   8.7102364562469015e-01	   0.0000000000000000e+00	   1.2952879018549521e-01	   3.9834802832730887e-01	   4.6711380482536990e-01	   3.4123228680905415e-01	   1.5536116817884735e-01	   1.8737317207501997e-01	  -1.4479099100251255e-01	   2.7228401311702004e-02	   2.1617781257851663e-02	   2.0404896689476371e-02	  -3.2527531738539277e-05	   1.4782850457445821e-02	   1.9685661662541251e-01	   3.3552794499244737e-01	  -1.9693224009042520e-01	   1.1520557432016071e-01	  -1.5328243839767852e-01	   2.8390936041819731e-01	  -1.2634872799228675e-01	  -6.6080982411278466e-02	   3.5481677007468723e-02	   8.6881630888889311e-02	  -1.8263199686326753e-02	   7.8686349408463516e-02	   4.0230325627264235e-01	   2.7247566224071762e-01	  -6.9877492131502017e-02	  -1.3389166731512048e-01	   1.8116495093004635e-02	  -5.6959438588177785e-02	  -2.2897851487526577e-01	  -1.9752581310200046e-01	  -2.9937201549871068e-01	  -4.1559499404793937e-01	   1.2001202266421715e-01	  -2.6850489838175548e-02	  -1.5949410021062946e-01	  -3.8770155632893366e-01	   9.6622737253806629e-02	   6.1704272502290991e-02	   3.6742824631668572e-02	   1.6955201984829211e-02	   4.3944322331347996e-01	   1.9970925853392463e-01	   4.9232798124474592e-02	  -9.9914289446496302e-02	  -3.3520457585262085e-02	   4.0864413450656362e-02	  -7.1439986647454960e-03	   4.6238177466149138e-02	   5.6597308587758888e-01	   7.0283966929381014e-01	  -1.2969605496445687e-02	   1.9943054722467168e-01	   6.5406105005940018e-01	   6.8679385338918897e-01	   2.2340929590627140e-01	   2.5039707183644799e-01	  -1.9257564585474873e-01	  -1.3728774713901029e-01	   2.1084780274597181e-01	   2.5661721675864224e-01	   3.9161440211269431e-02	   1.3294174854291141e-01	   1.8156334819147302e-02	   2.0788504031486116e-01	   3.6490850598849212e-01	   3.9457092466734200e-01	  -1.4174379045026786e-01	   1.2701573504847469e-01	  -1.3132725376755100e-01	  -1.8211725121561231e-02	  -2.3132010663883606e-01	  -1.1244329953453074e-01	   8.1024172341058243e-02	   1.8480443340769717e-02	  -3.8250623351793600e-01	  -1.1750354724242003e-01	   3.7321586015083941e-01	   4.6109819634309523e-01	   3.9679939048104618e-01	   3.9321059379736045e-01	   3.2016067047781233e-01	   2.5116832214558837e-01	   6.0701022603078233e-02	   1.7192368283433557e-01	  -3.1357363239542579e-02	  -2.3469243610986040e-01	   6.4422675135122134e-02	   1.2843284782514969e-01	   2.6576531161204431e-01	   7.7149153536777898e-02	   1.5865923855093284e-01	  -4.5967906958107353e-02	  -1.4836146120815203e-02	   6.6916206173599044e-02	   6.7495127379809755e-02	   2.2247569076859880e-01	   2.8156071148342166e-01	   7.7638750515067754e-03	  -1.9413796171733608e-01	  -9.0026308324292897e-02	   1.9101327854934627e-01	   1.9416685826019919e-01	   2.6325465677233784e-01	   5.0027205060072605e-02	
   5.2894302030901663e-01	   3.3239497461881190e-01	   4.6966327976636385e-01	   2.8546533618003861e-01	   2.6302701590186772e-01	   1.4904811745800964e-01	   3.9703539970535834e-01	   3.1393088101462108e-01	   2.1693947326642377e-01	   1.2952879018549521e-01	   0.0000000000000000e+00	   6.0965852810937537e-01	   6.5939676340792808e-01	   5.5797243988706291e-01	   6.7754687033264371e-01	   4.6228895097171119e-01	   2.8974407390671653e-01	   2.3273954547415626e-01	   2.9680250354526666e-01	   1.3864399907641176e-01	  -7.6691846640777467e-02	  -3.7751670585275454e-02	   3.6845619868599866e-01	   4.1226477977115433e-01	   3.6276426101698833e-01	   3.2520273217970097e-01	   5.7248283092134547e-02	  -4.3166866147414745e-02	   4.3787309965486387e-01	   2.6787219062130641e-01	   2.6321506060778316e-01	   2.4936746780047861e-01	   2.8354258497441331e-01	   1.9830805064767892e-01	   1.0967522805714290e-01	   5.9403025507982758e-02	   1.7099469840090922e-01	   2.6048554213090036e-01	   2.4175342101786509e-01	   3.1433267005357912e-01	   2.0128583948550727e-01	   2.6601166520331804e-01	   2.2499918276929043e-01	   2.6527492542862835e-01	   3.0749369500893653e-01	   3.5587032368045302e-01	   2.6414488022224769e-01	   1.3015898802582263e-01	   3.9029472643926788e-01	   4.3844776105919275e-01	   2.1321017560409525e-01	   1.6587658745228429e-01	   2.3944394698042665e-01	   1.3944170299695843e-01	   2.8589497119366664e-01	   3.2904695239538784e-01	   1.7812010355649671e-01	   2.3230982795197033e-01	   2.2832065176758365e-01	   4.9572222490905565e-01	   5.7675797728749745e-01	   4.3359872335406269e-01	   3.8324485355761451e-01	   3.9338374482633953e-01	   5.1513753649347538e-01	   3.0444538924361514e-01	   2.8744821988033065e-01	   1.7826437382512747e-01	   2.5524825504835502e-01	   1.4904145443049238e-01	   1.9845639993993169e-01	   3.1667286885906382e-01	   4.6577579295402688e-01	   4.3420239953988637e-01	   3.5100919788156121e-01	   4.4535319270628160e-01	   1.7955526090837498e-01	   2.2296116449921355e-01	   1.6816472594982990e-01	   2.6950552056002591e-01	   2.5754745992733108e-01	   2.7259075319415749e-01	   4.9210137277030175e-01	   3.8331481108273369e-01	   7.7200951160628439e-01	   4.5233771353683461e-01	   2.6484554145776240e-01	   1.2094431208514048e-01	   5.2325273767767611e-01	   3.6777904146311607e-01	   4.3235457141245631e-02	   1.3834295949877401e-01	  -1.7546698915986816e-01	   9.7493665890058145e-02	   1.4608164142588292e-01	   1.9510667909143473e-01	   3.2185563666947342e-01	   2.7049211763796099e-01	   1.2104961536832269e-01	   1.8235887672706472e-01	  -1.1204913013796736e-01	   1.5587130069491237e-01	  -2.4483811292413846e-01	   5.3967473356959117e-02	  -3.0475873285506183e-01	  -2.2058784991805178e-01	  -1.2828122132388597e-01	   3.2556334993679548e-01	  -3.1411453984506767e-02	   6.7828570924607243e-02	   1.6950779107230415e-01	  -3.3465818311993067e-04	   2.1434401933252262e-01	  -3.3235497742167641e-01	  -1.6445914337022752e-01	  -1.7495406871202615e-01	
   2.7438012326143379e-01	   2.4706297636297717e-01	   1.4135623506736136e-01	   2.7236541152594362e-01	   4.8705121113478800e-01	   4.2933159717258462e-01	   4.6806604371143190e-01	   5.6007949838706528e-01	   3.5097104375395233e-01	   3.9834802832730887e-01	   6.0965852810937537e-01	   0.0000000000000000e+00	   6.0180537752684093e-01	   8.3080191186604080e-01	   4.1245512351095548e-01	   5.1492169001404453e-01	   2.5476301973547311e-01	   3.5787896731618679e-01	   1.3085765454443055e-01	   1.4208475277818988e-01	   5.3270015383811882e-02	   1.4804345134507224e-01	   3.3494203425159130e-01	   5.1554455137170940e-01	   2.4616063357615714e-01	   2.3949609477436673e-01	  -4.4624661081923180e-02	  -7.4286461689559921e-02	   4.9513206453936542e-01	   4.8897996812501365e-01	   4.1599998215764089e-01	   3.9167732693616364e-01	   2.3351720955098385e-01	   2.6258963317001488e-01	   1.4459776903049976e-01	   7.7498443681730853e-02	   2.5523455227168695e-01	   1.9591071684564090e-01	   2.7974766484209168e-01	   3.7075329705782467e-01	   2.4322912506189273e-01	   3.0818196320539187e-01	   6.0791067471489726e-02	   3.4139556539040661e-02	   2.6830164827046588e-01	   2.8100647340310225e-01	   1.5285546614866535e-01	  -3.3991999876835037e-02	   2.7316634282399832e-01	   3.0836861343019939e-01	   2.4716533460433170e-02	  -2.6168421947506865e-02	   3.6951736709369654e-01	   2.3714283081383247e-01	   2.7940180603834441e-01	   2.5776786812341229e-01	   1.0555476565981411e-01	   1.9998858867440006e-01	   1.6065691822190320e-01	   5.0640085772233157e-01	   5.6362054131051553e-01	   6.9602454041431938e-01	   3.4090905591053222e-01	   6.7339200174705272e-01	   3.2145209696855465e-01	   3.4359404682771338e-01	   1.2161625556679950e-01	   1.1966970923183967e-01	   3.9465848790766735e-02	  -3.0504371754656281e-02	   2.3654063832081249e-01	   5.1688665234148334e-01	   3.6480558982910416e-01	   4.9260986549906977e-01	   3.0119303008055848e-01	   5.5595635813278343e-01	   3.0452021657365769e-01	   4.4922576205300152e-01	   1.9206689423616222e-01	   2.3654743553211710e-01	   3.1755345289250381e-01	   2.2723147969781288e-01	   4.0268504364779978e-01	   3.9872679376693021e-01	   5.3461507630395877e-01	   2.6072464674775420e-01	   3.4728368257380897e-02	  -7.5151348355696132e-02	   3.1222138388337500e-01	   4.4958441028586532e-01	   2.6757542807130341e-01	   7.2419449606289238e-02	  -4.9917846256696402e-02	  -1.1259888329204154e-01	   1.8257891107184207e-01	   3.2410785807292974e-01	   2.6158175025510366e-01	   1.8042071351109620e-01	   2.6738836760456020e-01	   1.5213495570096258e-01	   7.7350509752388649e-02	   1.5730243772593255e-02	  -5.4675667813711996e-03	   4.2708588636905881e-02	  -1.2110323643108886e-01	   5.6268499924222309e-02	  -1.3515326613824341e-01	   3.8538196737686509e-01	   2.1026396115763829e-01	   1.1874683420083418e-01	   8.8445192022074071e-02	  -2.1995076514888332e-02	   2.1051898854043993e-01	  -1.9660003708758419e-02	   2.4269442215195122e-01	   4.7927896126649210e-02	
   5.9880640787862582e-01	   3.4464562024403733e-01	   3.9851857665117418e-01	   2.4797859278846179e-01	   4.2431819021959832e-01	   4.2343395408336698e-01	   6.7756139713236385e-01	   5.4570683309095935e-01	   5.8134946924001651e-01	   4.6711380482536990e-01	   6.5939676340792808e-01	   6.0180537752684093e-01	   0.0000000000000000e+00	   5.8440968239109536e-01	   6.9555618882983417e-01	   3.1756932528182025e-01	   2.1528681237583053e-01	   2.3918206742170151e-01	   3.3757774175269278e-01	   1.8832428335456836e-01	  -4.4593042265104965e-02	  -1.1254138501079838e-01	   3.6176262236291029e-01	   3.7307771390499034e-01	   1.2114367016092459e-01	   1.3644890956782824e-01	  -1.2699798981704041e-01	  -4.7754118768288313e-02	   3.8128790037286148e-01	   2.2082104529383062e-01	   2.7629556844723591e-01	   2.5571118647038499e-01	   3.6035447577603319e-01	   3.2866467148838796e-01	   2.4829339630940700e-01	   1.8848158302976040e-01	   1.2784950899019190e-01	   1.2326881832383121e-01	   3.7935568440306422e-01	   3.3613462669399508e-01	   1.2383194584636489e-01	   1.3664382267315450e-01	  -6.0287727965222960e-03	  -6.8500863382561006e-02	   1.8709651720733811e-01	   1.9726917361985943e-01	   8.5806207354577627e-02	  -4.5872572961188282e-02	   2.8888368063876269e-01	   1.8935130723128391e-01	   8.9488901762025466e-02	   5.5080089826413398e-03	   3.7708931833669401e-01	   1.1781678759811159e-01	   3.2947960839936363e-01	   2.8541821866862654e-01	   1.2901293512649084e-01	   2.0253714362771841e-01	   3.6022422899227013e-01	   4.5585389278734578e-01	   7.9903386019758926e-01	   6.0497975390908632e-01	   4.4366594376471802e-01	   4.9321792600352427e-01	   5.3200516542644949e-01	   3.6565673882946526e-01	   3.2186208095302854e-01	   2.3398459617038814e-01	   2.3736553984096442e-01	   1.4820470958921725e-01	   2.9073650559521097e-01	   3.1342282959113038e-01	   4.6872347436017003e-01	   4.7783245162232812e-01	   5.2409367575732912e-01	   4.7440883991738902e-01	   4.9272391306867508e-01	   4.8713547107887234e-01	   9.8110153309830639e-02	   2.1298310621600203e-01	   1.3265120441544509e-01	   1.1401441099844994e-01	   3.3506169646863793e-01	   2.2624487387056669e-01	   4.4917803006967327e-01	   2.3245711124817628e-01	   2.3196168657913886e-02	  -4.3889741417368351e-02	   6.1730249256862024e-01	   5.1717146725966390e-01	   2.2549292839259982e-01	   2.1496541038887887e-01	  -7.8925176528749058e-02	   1.6163007366302706e-01	   1.0370469910709007e-01	   1.7382767304849753e-01	   3.6701296513180331e-01	   1.9507976663774734e-01	   1.6595647913375619e-01	   2.3599781635395453e-01	   3.4056043453295333e-02	   2.6607417809217576e-01	  -1.5167673761327854e-01	   2.3091148669822664e-01	  -2.9851006480577263e-01	  -1.2610931906993239e-01	   8.7807985493766113e-03	   3.9647859116903506e-01	  -3.2148707153567754e-02	  -3.6766572364382785e-02	   1.6552491514159393e-01	   5.5472971818525035e-02	   2.0609873786147453e-01	  -2.6587183609429584e-02	  -5.3033126077288925e-02	  -2.4256783018657266e-01	
