   0.0000000000000000e+00	   5.3872267067664703e-01	   5.9346120394021873e-01	   4.6278763782041277e-01	   4.0087085234540931e-01	   4.5298872589793215e-01	   6.2394889664537445e-01	   4.9947750882562225e-01	   5.0854448280325615e-01	   4.2046655969323310e-01	   7.1442895660089900e-01	   5.0039617553242632e-01	   5.3657439875899327e-01	   5.2721720668124294e-01	   4.9268998270821834e-01	   5.4907794823347122e-01	   5.1299274117034510e-01	   4.2158573912114783e-01	   7.8523476742245246e-01	   7.3747681879622140e-01	   1.2477688055757100e-01	   1.8656270531515237e-01	   4.4116656275593830e-01	   3.7774379334009800e-01	   2.6096134561282297e-01	   3.8234454120493255e-01	   2.6882002697418161e-01	   2.9907815564725743e-01	   4.6478913527411309e-01	   3.9494200334633855e-01	   4.2791206868323012e-01	   4.6066804413413842e-01	   6.0655761503424388e-01	   5.9293607520335923e-01	   1.4754585314452789e-01	   2.5457966238988128e-01	   4.1961184093380743e-01	   4.6528904411963951e-01	   3.0658110672025074e-01	   2.7022909632250719e-01	   5.0835507934708857e-01	   3.1333451715662303e-01	   4.8384278703532424e-01	   5.0424701096072277e-01	   3.7386355580444997e-01	   4.8004859485121792e-01	   5.0853727988757957e-01	   4.4976972087551803e-01	   4.8195704627875408e-01	   4.5987869646896407e-01	   6.1346110588425029e-01	   4.4957389063082043e-01	   3.7661320853943198e-01	   3.7272095252087667e-01	   5.2708789808542356e-01	   5.7146601636458061e-01	   7.6086798867801997e-01	   5.4267900070447639e-01	   6.5630736049185878e-01	   6.1119211497251380e-01	   7.0320539322866438e-01	   4.1111241472403426e-01	   6.5855289332990208e-01	   4.7101198609606176e-01	   4.5744790555415216e-01	   4.3524014018340607e-01	   5.3075141646291268e-01	   5.6804926566116121e-01	   6.6650120769638566e-01	   6.7392978015373273e-01	   5.1051574804741429e-01	   3.0542938168836709e-01	   5.4099121792647642e-01	   5.2339760341191166e-01	   4.9982118792171887e-01	   4.5566149649246901e-01	   7.0376185751097442e-01	   6.3433900378852681e-01	   3.1918324622629246e-01	   5.3124383451532153e-01	   3.6230325888229759e-01	   5.7417635126468602e-01	   4.6660011321227179e-01	   2.4674066291070759e-01	   4.9394774015852960e-01	   6.2238070015349423e-01	   4.2179077732171644e-01	   3.3453174911167904e-01	   5.9776595479689099e-01	   6.1453584711540155e-01	   3.1217592078921164e-01	   3.8005671250879097e-01	   1.0356075634092413e-01	   3.8084743081051853e-01	   4.3225909078733721e-01	   4.0650874163148498e-01	   4.2802720054270893e-01	   4.1005909900343718e-01	   4.9027265873973846e-01	   5.9957866872577048e-01	   2.9657186028932703e-01	   5.6991825964829235e-01	   3.2164986552986785e-01	   5.9403526200805246e-01	   3.4664658363100134e-02	   2.3840131715454771e-01	   5.0874325266616804e-01	   4.7427500414520662e-01	   2.9199306134630337e-01	   1.8370669493343406e-01	   3.0339761503079454e-01	   4.3343504955021972e-01	   3.7045394403078219e-01	   2.9433420068887717e-01	   2.7460645187627003e-01	   6.4846925252252580e-02	
   5.3872267067664703e-01	   0.0000000000000000e+00	  -2.5212805122372797e-02	   7.6987520941747656e-02	   1.2890212521739067e-01	   1.9039643244072577e-01	  -2.5186929967250776e-02	   1.3809238518182490e-01	  -5.4646416739646798e-02	   1.5799392978210053e-01	   1.2118163572871568e-01	   3.8412568778750350e-01	   1.2880702432606650e-01	   2.5058548332070679e-01	  -7.6540342822482996e-02	   1.4576993104587146e-01	   4.6085210612819960e-01	   6.6039389333208420e-01	   2.3580232866584486e-01	   5.3599511802724265e-01	   5.4501268916335402e-02	  -9.7622359276971105e-02	  -8.6241112314158264e-02	  -9.3364403602597523e-03	  -7.6827232956252905e-02	   7.2245799361884383e-02	   2.4287411260969521e-01	   3.0114984894041075e-01	   1.1516006806775517e-01	   2.6649596917217028e-01	  -6.8120163166707895e-02	  -4.0552822404714715e-02	   1.6184149172592732e-01	   2.6088727722946015e-01	   7.0592524472749663e-02	   1.6980065543804679e-01	   3.6881128206287778e-01	   4.6064596170968319e-01	   2.4686386779772118e-01	   1.8838539031572588e-01	   2.3108987927145164e-01	   2.1479867989962079e-01	   5.2830365270075985e-01	   5.0398054824420413e-01	   2.9532158891030574e-01	   4.6104733983134416e-01	   4.9407377203594660e-01	   3.9172817824291623e-01	   5.0630131828857328e-01	   5.0397293782326991e-01	   4.6794210008783504e-01	   5.2494641287710542e-01	   4.3807440025035654e-01	   3.9249299220666006e-01	   4.6693361055666471e-01	   3.7506166961556020e-01	   7.4245163707968020e-01	   8.0290284480711094e-01	   3.8164933074493729e-01	   6.4167033419788666e-01	   2.5917475689373543e-01	   2.6640805672784257e-01	   2.5436721386653482e-01	   4.4615222889412948e-01	   7.0118220831431460e-02	   1.8224076806101364e-01	   2.0774222718909696e-01	   4.3532052027993351e-01	   3.4491290302166461e-01	   3.7683682215385123e-01	  -2.5935200819182581e-02	  -1.0214508073330381e-01	   7.2900497487659269e-02	   3.4556301403701761e-01	   4.3077422767851578e-02	   2.2076508083350271e-01	   2.8839923618747387e-01	   4.1103319938145483e-01	   4.1773652994067489e-01	   7.0332759612744633e-01	   4.6600376904037089e-01	   4.4957121139485806e-01	   2.7947658079542032e-01	   2.6360506265625461e-01	   2.9828872049277866e-01	   2.9286531301571628e-01	   4.8620407490097206e-01	   1.9223771595713618e-01	   2.7302250269475281e-01	   3.7663566733779119e-01	   2.4381744883309392e-01	   1.4165808113246028e-01	   7.3610358836895179e-02	   7.3128510485688719e-02	   3.9448127971945179e-01	   2.9536369046708622e-01	   5.3361048946988343e-01	   3.3085167317555808e-01	   5.0305308656614356e-01	   3.1664024453714201e-01	   3.2540141568955699e-01	   7.0572246159185947e-02	   3.7391757256586372e-01	   2.9493715646146934e-01	   3.3161192653646032e-01	   3.5808148023190023e-01	   5.2350159212399860e-01	   3.2188925619594078e-01	   4.3495054870745828e-02	   3.7512275502492406e-02	   2.5269788129928922e-01	   4.3034089944430665e-01	   3.1743530913649332e-01	   4.0752774884079668e-01	   3.3342356150726687e-01	   1.1983851603248410e-01	
   5.9346120394021873e-01	  -2.5212805122372797e-02	   0.0000000000000000e+00	   6.5545994713119715e-01	   5.6269521310809911e-01	   2.4572400462799959e-01	   8.7683957206436913e-01	   4.5353184315519579e-01	   6.1067098872457393e-01	   1.9964816547370703e-01	   6.4598516731421651e-01	   1.2850061957178341e-01	   5.0434685946949942e-01	   1.5107769771427210e-01	   7.2922209128539528e-01	   4.6388466285581686e-01	   9.8811313428531972e-02	   1.8260200403910021e-02	   7.2455589211516580e-01	   4.4845015552531703e-01	   2.6751675557923288e-01	   3.5495579658570253e-01	   8.6928813690529672e-01	   6.1705513845709326e-01	   6.4495427996028054e-01	   5.3446668431073452e-01	   3.3035154022508528e-01	   1.4095385201284522e-01	   4.2517638970531080e-01	   2.6949030752068309e-01	   7.2699485445696754e-01	   6.4224708479456050e-01	   7.4297339424930664e-01	   5.9401408616734896e-01	   5.0744694640536903e-01	   3.6247271419354549e-01	   2.6516022241682036e-01	   1.4116021976152204e-01	   2.5965213319774183e-01	   2.1222788539171528e-01	   5.0915503643317783e-01	   2.5343094888899831e-01	   1.2928454250462240e-01	   1.0515674672898392e-01	   1.5085295105927915e-01	   1.2328416753682903e-01	   1.6215714324390590e-01	   1.9693154007485494e-01	   3.7417856417800925e-02	   1.2136262697088986e-02	   3.1495175249651441e-01	   1.5957525772408120e-02	   4.9216444523663895e-02	   7.3151923923955114e-02	   2.1653565249040821e-01	   2.3175651342831008e-01	   1.7680495755520770e-01	   1.2358811838558192e-02	   4.4285845666149659e-01	   1.1476230824908384e-01	   6.2433451135773554e-01	   2.2614106971351222e-01	   5.3039537283061167e-01	   2.5758132394129640e-01	   7.4008980239647215e-01	   5.8437697971310132e-01	   7.4410903554002195e-01	   5.0462021646286404e-01	   6.3668830743564753e-01	   6.7185666546773282e-01	   7.3520057764474855e-01	   5.9268881205493573e-01	   6.4338383970884894e-01	   3.9108154998332023e-01	   6.2065860108143456e-01	   3.1928197713076845e-01	   6.9133176850648015e-01	   5.5268089982945279e-01	   5.6312569555180179e-02	   8.9739164770690494e-02	   1.8267465447505522e-02	   4.5533541211581052e-01	   4.7204062566592075e-01	   1.0379346803166745e-01	   6.1255836236528005e-01	   7.2259276226645186e-01	   3.4176949950892233e-01	   4.6300326493790189e-01	   7.2769989588646289e-01	   5.2473378180848107e-01	   2.0525828313548802e-01	   3.9293471022930260e-01	   9.4141318269936200e-02	   4.6167729185075890e-01	   1.2171180026631154e-01	   1.8155795530150590e-01	   1.2422697921595016e-01	   1.5792251233355145e-01	   9.0005002913689583e-02	   2.9390629858159001e-01	   1.3783123446672430e-01	   7.1752558068513395e-01	   1.7167544626979314e-01	   6.1647513518331887e-01	  -3.1639485811572571e-01	  -1.3000224921310050e-01	   8.6004154970299243e-02	   1.6579169895310802e-01	   2.5449653045644016e-01	   2.2067399534884038e-01	   2.1248557553649688e-01	   2.4683685062277784e-02	   2.5629139614837620e-02	  -1.0663550302992900e-01	  -1.2668472164084887e-01	  -1.4986886778724207e-01	
   4.6278763782041277e-01	   7.6987520941747656e-02	   6.5545994713119715e-01	   0.0000000000000000e+00	   2.3740735494298454e-01	   3.9780828508785571e-01	   6.4930695856587395e-01	   7.9157870589651358e-01	   4.4198634867532344e-01	   5.5486421934437702e-01	   3.2913325217120365e-01	   3.5658262911174182e-01	   1.1152407475567651e-01	   6.4291648507950244e-02	   2.6473201921582945e-01	   4.2366549202228282e-01	   2.3144199010658367e-02	   2.0703550347834276e-01	   6.2769176167002638e-01	   4.6439859197062083e-01	  -2.3036954133619941e-01	   3.9828354471949122e-02	   6.1751603801934962e-01	   8.6683550536090603e-01	   3.9633321008913469e-01	   5.8721963217255857e-01	   1.1439590869564523e-01	   1.9693085679464756e-01	   2.0860373925405479e-01	   1.9737969052061116e-01	   5.6003406755884333e-01	   6.8791311506598340e-01	   7.5435609223978406e-01	   7.1197268145084736e-01	   4.3913765958977463e-01	   5.4972430321387067e-01	   8.0848679594012540e-02	   1.3862708896280809e-01	  -5.2234728250604233e-02	  -7.7942235738811538e-02	   3.8524137297772326e-01	   1.5135557596890181e-01	   3.4975862605038349e-01	   3.3827133450067315e-01	   4.2944412854850067e-01	   4.2448526948606347e-01	   2.9859119138854989e-01	   3.2658113395156363e-01	   1.9343873404643153e-01	   3.1314058456781535e-01	   2.1153740434472224e-01	   1.8043681310657650e-01	   6.4920950922568207e-02	   3.1190486966230524e-01	   6.7508403015670487e-02	   1.3474022919602166e-01	   2.4077777631499425e-01	  -1.9480443003202154e-02	   1.8364778007313318e-01	   2.9510447665403622e-01	   4.4363154448783548e-01	   6.3026822486515366e-01	   3.9197509471727809e-01	   2.6337543475251951e-01	   6.9530603651770106e-01	   7.4164185638896662e-01	   5.2445429356923845e-01	   5.3349298196498351e-01	   4.4197617892291308e-01	   4.1573335518116628e-01	   4.6143659565788775e-01	   4.6120165435314908e-01	   2.8253781046321214e-01	   2.2274052710680201e-01	   2.3348954268121824e-01	   2.2189104994290298e-01	   4.9990461264794178e-01	   4.9463604213063295e-01	  -5.1673020545022111e-02	   1.4680134935726569e-01	   9.3353855803731192e-02	   4.2684572467799453e-01	   3.9309160904068630e-01	   1.4834743618162871e-01	   5.2269432761791190e-01	   6.6302322245839207e-01	   2.9088092967342716e-01	   4.0716427284972867e-01	   6.1107665602798622e-01	   5.4896677494193380e-01	   3.9331394465719094e-01	   3.5731022717571370e-01	   3.9540945846652586e-01	   4.1413930349942513e-01	   5.4964682302463291e-02	   8.6751669272496251e-02	   3.8125472573069669e-02	   1.0871545145711661e-01	   2.3782099636776230e-01	   3.5071102136694299e-01	   3.7499046897721189e-01	   6.0707767173330140e-01	   3.1666874340073919e-01	   5.2280305652805736e-01	  -1.2896934261724213e-01	  -1.0369928721820081e-01	   2.1353588954750896e-01	   7.5591468819620505e-02	   1.9592328695215888e-01	   9.6545961397477897e-02	   2.5159607919133919e-01	   2.4247728340294455e-01	   2.3831654184311790e-01	   7.1709046013357688e-02	  -1.0923136458742218e-01	  -1.4687746833598397e-01	
   4.0087085234540931e-01	   1.2890212521739067e-01	   5.6269521310809911e-01	   2.3740735494298454e-01	   0.0000000000000000e+00	   6.0479916270965717e-01	   4.3135321898873336e-01	   3.7805628412496128e-02	   5.4651236239583556e-01	   4.7554514879838895e-02	   3.9164973639394979e-01	  -6.2590267871692473e-02	   5.2095325937197901e-01	   6.8972589865978845e-02	   3.6182340609036018e-01	   1.2483653815252001e-01	   2.5622652154840685e-02	   1.1643284501979745e-01	   3.7673735166958322e-01	   2.5772283879686664e-01	   4.3882441040713671e-01	   4.2723852346707603e-01	   6.5854618398720988e-01	   3.7473313592802804e-01	   7.1303641082353963e-01	   5.9223074995888003e-01	   7.2191547074705587e-01	   5.1065681774515614e-01	   6.5518695155317247e-02	   7.7910101414719657e-02	   3.6981433231550298e-01	   2.7598753129394121e-01	   3.9969434271880167e-01	   3.1079480933313686e-01	   6.9192899864469948e-01	   5.7376065638417406e-01	   5.7970877579800373e-01	   4.8134511136658997e-01	   4.9372532321726770e-01	   2.8311015337882844e-01	   6.4489756843544244e-01	   3.3558215085097981e-01	   3.4277094835628652e-01	   2.5183292461105322e-01	   2.6039556910026607e-01	   2.3097200959363579e-01	   3.5956237652461992e-01	   4.0247078096977684e-01	   2.5418736096381123e-01	   1.9068710834438432e-01	   4.6102938617954814e-01	   2.3463723040503051e-01	   2.7930320072429748e-01	   3.0216576977028148e-01	   4.4870875604461163e-01	   4.2766067245555056e-01	   1.3206454904896081e-01	   5.5541446837159628e-02	   4.5701592615075087e-01	   2.1836977339080399e-01	   4.0017282528571541e-01	  -4.3963143208034017e-02	   1.4652690586854439e-01	   3.7955435333726445e-02	   4.3148988136778732e-01	   4.5710843246950406e-01	   7.5788416081779197e-01	   6.2977607232486665e-01	   5.0242123624684742e-01	   4.1605469738344181e-01	   5.5279015281394295e-01	   4.1684929024172424e-01	   3.4949886941448294e-01	   2.6277113173203831e-01	   4.3733074934877536e-01	   2.6856595249538118e-01	   5.4466199590362896e-01	   5.0671514446562438e-01	   2.2122990640833817e-01	   1.5962666607058387e-01	   8.3906646665603019e-02	   4.4441556150250972e-01	   2.2493562404459766e-01	   1.3478080447825239e-01	   4.5296709562959420e-01	   5.2662283904983120e-01	   4.7407456127610592e-01	   3.3757558994988268e-01	   5.7404529512719948e-01	   5.0077751403511306e-01	   3.3808369415130257e-01	   5.6932379269264743e-01	   2.3302146660606732e-01	   5.7188613171406033e-01	   3.4055026765916419e-01	   4.0473619914591308e-01	   4.5804105590670552e-01	   3.7836199206985299e-01	   3.2142301026110431e-01	   3.8530987014538626e-01	   1.2758751561851250e-01	   5.0257379596941931e-01	   3.5656129516989743e-01	   5.6269350174307720e-01	   9.4136225948583119e-02	   1.0555751037293454e-01	   1.0383054247657508e-01	   6.7243954640195946e-02	   9.3173804351223050e-02	   2.6965016843888046e-01	   4.4419861518456333e-01	   2.3828903895225129e-01	   1.3704770007435299e-01	   1.2128893767750881e-01	   1.2161095234448743e-01	  -1.1444205097459258e-01	
   4.5298872589793215e-01	   1.9039643244072577e-01	   2.4572400462799959e-01	   3.9780828508785571e-01	   6.0479916270965717e-01	   0.0000000000000000e+00	   2.3934993291939435e-01	   2.9354747824657323e-01	   4.5997498793975711e-01	   5.1782499319799491e-01	   2.5489313776367895e-01	   2.4159688776341248e-01	   2.2644900532652878e-01	   2.4036042013363307e-01	   9.9941487455343467e-02	   2.4922621727749861e-01	   4.6106647187456509e-02	   1.4093399704313236e-01	   3.7485832619189680e-01	   3.3385367370246843e-01	  -5.1196270572710801e-03	   1.8523578418654152e-01	   3.2588427865544778e-01	   4.6079989866249232e-01	   4.0014813025401857e-01	   5.6430661493512402e-01	   5.4063281354208337e-01	   6.7538310671939494e-01	  -4.6416105585905018e-02	   2.7485712416815938e-02	   1.7661352846746933e-01	   2.9336686112633148e-01	   2.8185273954437456e-01	   2.7546921418401188e-01	   3.7817325732792578e-01	   5.1956694160432804e-01	   4.2993021916561586e-01	   5.8228296089003340e-01	   2.2259309186032014e-01	   1.4323830903536966e-01	   4.0436911472981807e-01	   1.8442305283351709e-01	   4.8146870415952103e-01	   4.4797709335320479e-01	   4.2973240914136224e-01	   4.6620795642240143e-01	   4.7559975176893954e-01	   4.9802217866199733e-01	   4.2778511380252571e-01	   4.7423556363583785e-01	   5.0431099445455230e-01	   4.5666469255602693e-01	   3.6916694415627654e-01	   5.1942450572158616e-01	   4.1231608637518447e-01	   4.9905360480768929e-01	   3.1173871396403119e-01	   1.0437168239924174e-01	   2.6212067629383295e-01	   4.5849250521827289e-01	   2.9206135274785627e-01	   3.4134751387540829e-01	   1.3209359104610152e-01	  -9.0791887497850190e-03	   2.9264783356168989e-01	   4.4378749782137145e-01	   4.5492878396770220e-01	   5.5261639809877083e-01	   3.3747057067571440e-01	   2.5476650835778075e-01	   1.7711049731091763e-01	   1.4666744179400673e-01	   1.1973715342103805e-01	   1.6914991137672925e-01	   1.7312655110933195e-01	   2.6627488065667648e-01	   3.4753421415930652e-01	   3.8452508971293536e-01	   1.0220462724698301e-01	   1.3277390640650122e-01	   8.4926052099344132e-02	   3.2679786920088161e-01	   2.8968298113368644e-02	   7.1725998910080732e-02	   2.6519641217307460e-01	   4.0864029454752693e-01	   3.6128685027917884e-01	   2.4173020848279486e-01	   3.2396622283759935e-01	   4.9006067848911578e-01	   3.5456091661368638e-01	   3.9430745330231576e-01	   3.1590811364235727e-01	   4.1913183800314840e-01	   3.6824021163277459e-01	   4.8029996967277377e-01	   3.8342977902198089e-01	   4.8911500761560539e-01	   4.4966247555424310e-01	   4.8581398932319286e-01	   2.1325158367185074e-01	   3.3747799223147446e-01	   3.0149072089533113e-01	   3.7216559665831322e-01	   1.9315135425215602e-01	   2.5234244690228924e-01	   2.9337253327039314e-01	   1.5619641273692497e-01	   1.3347996407001267e-01	   2.1597658296405114e-01	   4.2138706175794249e-01	   4.0600467136170515e-01	   3.4141578403384776e-01	   3.8816433097263681e-01	   3.2994813361641678e-01	   1.5427820781617835e-01	
   6.2394889664537445e-01	  -2.5186929967250776e-02	   8.7683957206436913e-01	   6.4930695856587395e-01	   4.3135321898873336e-01	   2.3934993291939435e-01	   0.0000000000000000e+00	   6.5878234086118348e-01	   6.8835711028203028e-01	   4.6812603914196538e-01	   7.2615367848865398e-01	   3.3035274567238593e-01	   5.8451934831979890e-01	   2.8585464375589886e-01	   7.1640615961963683e-01	   4.8369940178670678e-01	   1.8770854456744124e-01	   9.7385281184938915e-02	   7.1328962248464889e-01	   4.4076924219417735e-01	   1.3188673678599944e-01	   2.7768923260752987e-01	   6.9233877804794175e-01	   4.9491712442224511e-01	   3.6647314653585839e-01	   3.6997940078124747e-01	   4.3954239000877179e-02	   3.8720140021496721e-02	   5.2784943188649003e-01	   3.6850779849107523e-01	   6.8562426225275275e-01	   6.5547415444195689e-01	   7.6880730663541264e-01	   6.3970065953079192e-01	   3.0972459633704230e-01	   2.5834755188032843e-01	   1.3115967533071624e-01	   6.6345114418480428e-02	   1.1038525952709219e-01	   5.2469376520983144e-02	   4.5213671144560041e-01	   1.7424569976995552e-01	   9.9496898239639475e-02	   1.1837059538399494e-01	   2.2817048734169365e-01	   1.6347213707872427e-01	   9.6619712790362411e-02	   1.3004051512792425e-01	   5.1636389512797198e-02	   2.3432878112035135e-02	   2.5634177708820649e-01	  -8.2144905286341240e-03	  -4.7215704620924441e-02	   8.1727159571810981e-02	   7.0311541484213314e-02	   1.0191191390097912e-01	   2.2510545414087010e-01	   6.1225122836438661e-02	   5.4468391602281629e-01	   2.4759730605534802e-01	   7.6895262232787398e-01	   4.7640665245991620e-01	   6.1263632620895070e-01	   3.3995989254220510e-01	   7.0666173858951375e-01	   5.0481529430342675e-01	   6.3429150272872037e-01	   4.2652357553870901e-01	   5.0119561154442605e-01	   5.4568510458677955e-01	   7.1138613629392888e-01	   5.2426148354137725e-01	   6.0151201350846983e-01	   3.8280360062945362e-01	   5.8118686102986095e-01	   2.5628719005796619e-01	   6.4999726847522177e-01	   5.2679399922602255e-01	   6.8680995364101216e-02	   2.1259228723451046e-01	   9.7894440594560900e-02	   4.6111347099541428e-01	   3.6222899178898960e-01	   1.7924367083852921e-02	   5.1658965597082851e-01	   6.1330726710322314e-01	   1.5372147404483422e-01	   2.1089941744927984e-01	   6.5163852855279769e-01	   4.3399576167725373e-01	   1.4567472439325291e-01	   2.9569444250979171e-01	   8.2341850402858102e-02	   3.7012552176772168e-01	   1.8539495988641941e-01	   1.7976932482226821e-01	   4.0050196665094649e-02	   7.4456369602257683e-02	   8.4197891292315287e-03	   2.8033657867419137e-01	   1.9757338160224991e-01	   7.0512337900317690e-01	   2.0442932170484540e-01	   5.5128434701229834e-01	  -2.3232582160426540e-01	  -1.9749458553429865e-02	   1.3317923360959272e-01	   1.8785041911241485e-01	   2.5143087826669630e-01	   1.2704918494748252e-01	   4.6941506861565369e-02	   1.6372535224516486e-02	   7.2834932667661889e-02	  -1.1310624365247640e-01	  -8.0557967891934368e-02	  -5.6923584116754994e-02	
   4.9947750882562225e-01	   1.3809238518182490e-01	   4.5353184315519579e-01	   7.9157870589651358e-01	   3.7805628412496128e-02	   2.9354747824657323e-01	   6.5878234086118348e-01	   0.0000000000000000e+00	   4.0422847686382235e-01	   7.8855344861290133e-01	   4.6120827449131407e-01	   6.9189815949937039e-01	   2.3269980861167738e-01	   4.3352018792947128e-01	   2.8345149483519577e-01	   5.6755355632654814e-01	   2.3034199440883324e-01	   3.0120490762585905e-01	   6.2353444399076308e-01	   5.5243377958172524e-01	  -2.2317003947451650e-01	   5.4511241261440649e-02	   3.7213742043996256e-01	   6.3242900920347322e-01	   7.1766770479623973e-02	   3.4112681835799502e-01	  -2.2835745648635264e-01	  -6.4082899721262243e-03	   4.2037374635678099e-01	   4.4334578482280518e-01	   4.4480503313461112e-01	   6.1371899866735802e-01	   6.7252790902225501e-01	   6.8462074821864061e-01	   8.5839606930330686e-02	   3.1726717268452997e-01	   4.2984658340829346e-02	   1.1953429222959304e-01	  -1.0351785430898371e-01	  -9.5484319090350864e-02	   3.8791564302709330e-01	   2.2396081950212643e-01	   2.0101806231841127e-01	   2.4115787987545464e-01	   3.4885717303484987e-01	   3.6435464780438864e-01	   1.5712757885243156e-01	   1.4138748677750920e-01	   1.1998539318287976e-01	   2.8800335848844710e-01	   1.7180894711284186e-01	   1.5830348066270963e-01	   2.4615363987063588e-02	   3.3182257521626912e-01	  -1.4307663971592083e-02	   5.1362952328025790e-02	   3.0345325136548740e-01	   1.7911828864113474e-01	   3.1050845924651038e-01	   4.5960817674434234e-01	   5.8218960961315114e-01	   8.0689508362758633e-01	   5.0848743839542387e-01	   4.8110241268473719e-01	   5.2139269425169799e-01	   4.8911241239987535e-01	   3.4765811644106048e-01	   3.7639239539449088e-01	   3.7364008176929020e-01	   4.0049608966461203e-01	   3.8372315267129081e-01	   4.4551623050481659e-01	   3.0937029541047867e-01	   3.4869341478878879e-01	   2.2106929314055368e-01	   2.8398582232180958e-01	   4.2755920616364007e-01	   4.6705794905671544e-01	   7.1764486044041037e-02	   2.6240091417217659e-01	   2.9156039874761519e-01	   4.7129317714114416e-01	   3.4342758565507225e-01	   1.6111176336756899e-01	   4.1209686580071592e-01	   5.5031236897441782e-01	   1.1410144834139181e-01	   1.5690062666741889e-01	   4.9155470719482108e-01	   5.0183673021875097e-01	   2.8488625488584030e-01	   1.8778819849953127e-01	   2.7166890687968004e-01	   2.2299461230027734e-01	   1.3911427772667015e-01	   1.0072586135599469e-01	  -4.8905014200807742e-02	   1.4014745200409708e-03	   1.4714644795004705e-01	   2.8321274890248149e-01	   4.0970710532285270e-01	   5.0555082663996798e-01	   2.4921726536284511e-01	   3.1387015140080504e-01	  -1.6182657396968067e-01	  -6.0869064385133349e-02	   3.1836670555719004e-01	   1.4787411347975796e-01	   1.0213299109757026e-01	  -4.6717935648711739e-02	   3.7316640259260327e-02	   1.9561711333112025e-01	   2.4826674587119907e-01	  -7.2285159890541715e-03	  -9.1578402296432243e-02	  -6.5735037242750080e-02	
   5.0854448280325615e-01	  -5.4646416739646798e-02	   6.1067098872457393e-01	   4.4198634867532344e-01	   5.4651236239583556e-01	   4.5997498793975711e-01	   6.8835711028203028e-01	   4.0422847686382235e-01	   0.0000000000000000e+00	   4.0512192137078079e-01	   6.5933488662448414e-01	   2.1636500177731610e-01	   5.7223817052752379e-01	   2.5491871204904248e-01	   5.9872940031570576e-01	   3.3247620437767805e-01	   1.5353573432031842e-01	   4.9011904038283718e-02	   5.0897361958415166e-01	   3.0276302319231746e-01	   1.1634125197295470e-01	   2.8161727760091848e-01	   5.3524994686884564e-01	   3.7549511092161347e-01	   3.7321623109613233e-01	   3.6825599427708366e-01	   1.2540331204479976e-01	   1.2774301366622681e-01	   2.4083825159953393e-01	   8.9738636537190553e-02	   5.1237056630343791e-01	   4.7322309152179165e-01	   4.9196681044439550e-01	   4.4377577211095520e-01	   2.6838082779900518e-01	   3.0452165010466514e-01	   1.1811809047952357e-01	   6.3006977742612325e-02	  -2.1745013528690134e-02	  -1.0310234715342306e-01	   3.5300986790592426e-01	  -1.6929387513706810e-02	   1.6813668217744007e-01	   1.6163246411457499e-01	   1.9815695949074857e-01	   1.7656728270283134e-01	   1.4119341859347678e-01	   1.6340826012159931e-01	   1.0472593127513660e-01	   9.1136815571911667e-02	   3.1924072189703034e-01	   1.3706920229360647e-01	   4.8007037276537268e-02	   1.5282768854186882e-01	   8.8133307362537744e-02	   1.4601134584948855e-01	   2.0211469401746854e-01	   2.4907638672124852e-02	   4.4265993916306545e-01	   1.5506213486581116e-01	   5.7011913254529012e-01	   3.1443429515335025e-01	   4.4913261241488323e-01	   1.0220790642269195e-01	   4.0696485900645579e-01	   3.7335458915760028e-01	   4.7569840851064793e-01	   3.8517112010226984e-01	   2.8984155333629291e-01	   3.3480061665914312e-01	   5.1505121610156657e-01	   4.1017399503896163e-01	   4.0514780683199553e-01	   2.2950456847124764e-01	   4.6062450135924138e-01	   2.3252847005384328e-01	   5.0029281893687738e-01	   3.2085569433594813e-01	   3.1303143275053263e-02	   1.9770135285741675e-01	  -2.5740298868229879e-02	   2.7858580008059242e-01	   6.7298398364559670e-02	  -1.6482354207297933e-01	   1.8871707261011098e-01	   3.7542105367955725e-01	  -4.8450944748865696e-03	  -3.7488312131544035e-02	   3.1180360480064584e-01	   2.8075810459404033e-01	   8.1554538366041332e-02	   1.9013769153941271e-01	   4.6299166641116862e-03	   2.5434301645661034e-01	   8.3027523729167496e-02	   1.5297517723056545e-01	   5.3530318943710714e-02	   1.5529889860879798e-01	   8.1576388586944396e-02	   2.6090030931961206e-01	   3.5467569479652253e-02	   4.7638668896155889e-01	   7.7798257524985259e-02	   3.7899288547596277e-01	  -2.2807452156624997e-01	   1.7811678637557671e-02	   9.7801766997154038e-02	   1.5685451641168990e-01	   1.7960062405197486e-01	   1.7701908126199523e-01	   7.4860350320201330e-02	   3.2412820343790699e-02	   1.2745467853203629e-01	   7.4959129440007197e-02	   1.3692426012375236e-01	   6.0789265690337158e-02	
   4.2046655969323310e-01	   1.5799392978210053e-01	   1.9964816547370703e-01	   5.5486421934437702e-01	   4.7554514879838895e-02	   5.1782499319799491e-01	   4.6812603914196538e-01	   7.8855344861290133e-01	   4.0512192137078079e-01	   0.0000000000000000e+00	   3.5842688286999125e-01	   6.7090455633538504e-01	   1.7706520396784889e-01	   4.4237786993868644e-01	   1.5841693903845300e-01	   3.7063551550425555e-01	   1.5255702885187278e-01	   2.4371183524511469e-01	   4.2147369840389709e-01	   3.1351686081492236e-01	  -2.7102996281643471e-01	  -2.7899709538408458e-02	   1.4659027046516823e-01	   3.9627288365870444e-01	  -7.7781240474513652e-02	   2.1840733211405888e-01	  -1.8121604317195333e-01	   1.5524863296437949e-01	   2.2935438240301645e-01	   3.0296649401884179e-01	   2.5469453271232256e-01	   4.2418052042125981e-01	   4.5832665161381370e-01	   4.8409311832757912e-01	  -4.8186706847490421e-02	   2.4077188885068690e-01	   5.6693171995901903e-02	   2.2328218869078334e-01	  -1.6122258797065936e-01	  -1.6488728022829918e-01	   2.4074790662068762e-01	   7.0874391441204748e-02	   2.3033727412713434e-01	   2.5579665463558288e-01	   4.0930962357481065e-01	   3.9732277026345908e-01	   2.0655845410824242e-01	   1.7134049534331144e-01	   1.9568804799655243e-01	   2.8149541217859725e-01	   2.1574720488452506e-01	   1.5451117682666046e-01	   3.9189147441143837e-02	   3.2268173315745846e-01	  -1.7093542535831091e-02	   5.8203779861629917e-02	   2.9485183516057600e-01	   2.0357543239182618e-01	   3.1815231989617254e-01	   4.9247110453430343e-01	   5.1444687255259947e-01	   8.0138075330218184e-01	   3.7187138389096946e-01	   2.9577444696658051e-01	   3.8995632095769461e-01	   3.3150570192549345e-01	   1.9944209552923625e-01	   2.9076082692786609e-01	   2.0926277133055882e-01	   1.8362179807548271e-01	   1.9596209758282782e-01	   1.7121786441045403e-01	   1.1853576229026018e-01	   1.2629188941426114e-01	   9.4853019661873206e-02	   8.3535379696448142e-02	   2.9104346999707742e-01	   3.4079928200245302e-01	   5.0437692781369968e-02	   2.4441209807648268e-01	   2.1518614272375364e-01	   3.1195928553553426e-01	   6.3179165541413659e-02	  -3.6366872353434443e-02	   2.3392561153754532e-01	   3.1993147867735339e-01	   3.2134318041999654e-03	  -5.5215976138242376e-02	   3.0036025627637908e-01	   3.2319060831322782e-01	   2.3521158948261411e-01	   1.7649735237063952e-01	   2.7092887727773407e-01	   2.0245375475498212e-01	   1.5122131106156209e-01	   2.0982944219034799e-01	   2.7543443593748763e-02	   1.6568882052451411e-01	   1.9861391694895869e-01	   3.5148876116983663e-01	   3.5545898850148833e-01	   3.9328773173448472e-01	   2.7903077196284987e-01	   2.4718805095215224e-01	   6.9836948750788941e-02	   1.6076686128941986e-01	   3.5719337330137990e-01	   2.0523932837087944e-01	   4.6924549075008329e-02	  -3.7196746504602099e-02	   8.0760457551128595e-02	   2.8578018922348936e-01	   3.2528825032743341e-01	   1.4224183212911451e-01	   1.4661086718607472e-01	   1.7970492121709597e-01	
   7.1442895660089900e-01	   1.2118163572871568e-01	   6.4598516731421651e-01	   3.2913325217120365e-01	   3.9164973639394979e-01	   2.5489313776367895e-01	   7.2615367848865398e-01	   4.6120827449131407e-01	   6.5933488662448414e-01	   3.5842688286999125e-01	   0.0000000000000000e+00	   5.3452162893242361e-01	   8.0960661128670797e-01	   6.2738209108331811e-01	   8.4344924734161286e-01	   6.3178828222759431e-01	   3.9842273470984652e-01	   1.9755492393565574e-01	   6.8192436883373686e-01	   4.5706621577992679e-01	   2.2722620167179242e-01	   3.0333858949791070e-01	   5.7614581588387381e-01	   3.3561356101320899e-01	   2.3726397334215721e-01	   1.8221745520782465e-01	  -2.1024290146773435e-02	  -1.1902994850941255e-01	   6.1078929591993913e-01	   4.2392047897725349e-01	   4.7835648121439212e-01	   4.3777283352377577e-01	   5.3700418867472743e-01	   5.1573772187538358e-01	   8.0952341039846887e-02	   3.4343951374720266e-02	   2.0108069493086234e-01	   1.4236776622317784e-01	   2.1764580844921708e-01	   2.7987516990395522e-01	   4.5491392668872865e-01	   2.6686022853699559e-01	   1.6934005031435675e-02	   4.2616088348185713e-02	   6.7934191159366469e-02	   8.0328866486505085e-02	   4.5882333060288459e-02	   2.4426226778644098e-03	   8.1026333986949819e-02	   2.3210362793592197e-02	   3.9099823422285113e-01	   9.0473059226549649e-02	   8.0645653849650056e-02	   1.2397875955893206e-01	   1.7453212454776396e-01	   1.8419741346611876e-01	   3.3136378596193283e-01	   3.0148402455803358e-01	   5.9037263574904286e-01	   2.8996758141838913e-01	   7.5189497903648150e-01	   3.1772121981217161e-01	   7.5477266456328707e-01	   3.8144066146246786e-01	   4.8653312080556271e-01	   3.3896723873145085e-01	   4.0295734353917745e-01	   2.9684435937484643e-01	   3.8178172481652145e-01	   4.8547193436024638e-01	   5.1417128823853364e-01	   3.1339592845662484e-01	   5.7072032043198151e-01	   4.1695058877710028e-01	   5.1888278851666647e-01	   3.6351566304277183e-01	   5.1554178103730530e-01	   3.8870001381837049e-01	   1.4486648862785767e-01	   3.5405320557717929e-01	   1.9967346212157822e-01	   4.8912530363240936e-01	   4.4926218858452555e-01	   1.3289566781918297e-01	   4.3522024392972258e-01	   5.4834222738566907e-01	   1.2091331752858926e-01	   1.5883823377124781e-01	   5.0257407450610603e-01	   4.3179479590608938e-01	  -1.6546198356944694e-02	   1.4025244640816115e-01	  -1.5234756304684938e-01	   1.9054971561805387e-01	   1.6214034993288945e-01	   1.0426367409191968e-01	   3.7800377829003626e-02	   7.0158504086914791e-02	   5.2106879597185081e-02	   2.6780920030133359e-01	  -2.4865088731049734e-03	   4.5698770038002606e-01	  -1.5714230615495095e-02	   3.6810589347792233e-01	  -2.8464383676759686e-01	   1.0149218231670032e-01	   2.4450555012222322e-01	   3.9724053953812866e-01	   1.9843492521970718e-01	   8.0771009798010468e-02	  -5.4656698315012103e-02	   4.3516943443507088e-02	   2.3226780436433402e-02	  -1.5620488044783823e-01	   1.7900885608236293e-02	  -9.2985481140140797e-03	
   5.0039617553242632e-01	   3.8412568778750350e-01	   1.2850061957178341e-01	   3.5658262911174182e-01	  -6.2590267871692473e-02	   2.4159688776341248e-01	   3.3035274567238593e-01	   6.9189815949937039e-01	   2.1636500177731610e-01	   6.7090455633538504e-01	   5.3452162893242361e-01	   0.0000000000000000e+00	   3.1980868504607846e-01	   7.9625300727349502e-01	   2.6849669570660534e-01	   6.5041869196806590e-01	   4.0104410313866540e-01	   4.4433488601931570e-01	   4.8923328876010763e-01	   5.3720322424969202e-01	  -1.2973070115176261e-01	   1.1061970588985720e-02	   1.3611208800263191e-01	   2.9809278879423395e-01	  -1.9976920599062875e-01	   4.1924142097377168e-04	  -3.0177577310834347e-01	  -1.2911070709033154e-01	   4.8600926601968009e-01	   6.0309303028454087e-01	   1.4426100782855192e-01	   2.7963590382747083e-01	   3.2365330417150162e-01	   4.5462923873663996e-01	  -2.5122199429220871e-01	  -7.2510282126161632e-02	   5.0663869595018077e-02	   1.7839291871427165e-01	   2.5606617889637244e-02	   1.4393368463099443e-01	   2.9958563099782970e-01	   1.8285065178822771e-01	   7.3129442121909943e-02	   1.1229999201121746e-01	   1.2367473657027722e-01	   1.7193818320390686e-01	   6.1120242541438774e-02	  -4.2306413237065070e-02	   8.1546505059959917e-02	   2.1491607139216184e-01	   2.6344403199849126e-01	   2.3446897552986085e-01	   1.3955657550421741e-01	   3.4137566940112102e-01	   6.6537453413547262e-02	   9.2881435812450938e-02	   4.1177059677662725e-01	   5.3576445908363590e-01	   3.4008919530129611e-01	   5.7151535609799342e-01	   5.1868814553401399e-01	   6.9853870748315716e-01	   5.9487658738831040e-01	   6.1234548001890121e-01	   2.3434009362048996e-01	   2.1930590383288170e-01	   2.1042424959532624e-02	   1.3527581714517453e-01	   2.2168716159090687e-01	   3.2132883800249062e-01	   8.6359013690638545e-02	   1.3790058449644788e-01	   2.5809315303484692e-01	   3.9766502645970803e-01	   1.1239321971263064e-01	   3.5031199842971339e-01	   2.0784062955559560e-01	   3.1215811924787618e-01	   2.1116059029484341e-01	   4.2611101290537623e-01	   4.0889392338757469e-01	   4.4120550517668444e-01	   3.0620670735732369e-01	   1.9630915551082276e-01	   2.5874004309117199e-01	   4.0067862734140031e-01	  -3.7401032897071800e-03	   2.1920448876319051e-02	   2.6365660229051174e-01	   4.2310428564168379e-01	   6.5446808363684009e-02	  -4.1190727430211599e-02	   2.0951176757895477e-02	  -8.2601054170405031e-02	   1.6897343333273573e-01	   1.4118808022642962e-01	  -3.5128143030916871e-03	   6.2514736865390871e-02	   1.6044341709126561e-01	   2.0637824666297411e-01	   3.4094950468153451e-01	   1.5199521566962187e-01	   1.3298695997322557e-01	   1.0902304039082367e-01	  -4.0672326134058912e-02	   1.9781954376746955e-01	   4.9643450934983280e-01	   4.6916939936749358e-01	   2.2694275733834651e-01	  -2.3552783080902612e-02	  -1.1835611829739512e-01	   2.2466216065467201e-01	   2.4835659036400520e-01	   9.1832136440968146e-02	   1.2371221804810989e-01	   1.2520948220809719e-01	
   5.3657439875899327e-01	   1.2880702432606650e-01	   5.0434685946949942e-01	   1.1152407475567651e-01	   5.2095325937197901e-01	   2.2644900532652878e-01	   5.8451934831979890e-01	   2.3269980861167738e-01	   5.7223817052752379e-01	   1.7706520396784889e-01	   8.0960661128670797e-01	   3.1980868504607846e-01	   0.0000000000000000e+00	   5.5667781640186620e-01	   7.1701579906547552e-01	   5.4296220383634231e-01	   3.8363774388485816e-01	   2.1729621715655797e-01	   5.2098821477771629e-01	   2.9454290647725428e-01	   4.0004278957437522e-01	   3.9174331801651829e-01	   4.6077561636347641e-01	   1.4421780164793133e-01	   2.7269706996964627e-01	   1.9478022063965239e-01	   1.0138748076381732e-01	  -5.4694250153299796e-02	   4.8058363321115249e-01	   3.6846396446363744e-01	   3.6296639375212852e-01	   2.6576133495314236e-01	   4.1607753893552435e-01	   3.6708252345864717e-01	   1.8011962852095742e-01	   1.1173025442866838e-01	   2.7662066887413517e-01	   1.7862206590384061e-01	   3.1275318177576639e-01	   2.4824446786720544e-01	   5.0197980959422517e-01	   3.0757222364947218e-01	   2.6469922286726507e-02	   4.8802758014545380e-02	   6.0867720126671687e-02	   1.0136817727716285e-01	   6.9456925082732920e-02	   6.7455828306440327e-02	   1.2928972907775410e-01	   8.0034885769515396e-02	   4.3668021101284377e-01	   1.9089175409539275e-01	   2.3084166563306185e-01	   1.7094597907350356e-01	   2.7454655887113966e-01	   2.3850642768306479e-01	   2.4844333356507589e-01	   3.1515723150216135e-01	   6.9030633897299076e-01	   3.4324190738165616e-01	   6.9128395118607122e-01	   1.2791490524468885e-01	   5.4279174898468130e-01	   3.6798599215808303e-01	   2.5175863797074044e-01	   2.1429382241737943e-01	   4.3880969096679173e-01	   3.0932264679710186e-01	   2.9060148034425037e-01	   3.0408541586118099e-01	   4.3352747106170580e-01	   2.2183010617744597e-01	   4.8277774302381699e-01	   3.4712522185996730e-01	   4.2568876873162464e-01	   2.1206416847515780e-01	   4.1927509123866036e-01	   3.2473277547730839e-01	   2.6120803195620390e-01	   3.6311753779237144e-01	   2.6361493438062000e-01	   3.6659888158571052e-01	   2.9922734041770893e-01	   1.3899276175329539e-01	   2.5848992830450274e-01	   3.7823857092434221e-01	   8.0048839254054011e-02	  -1.8665553220493430e-02	   4.3989492859430634e-01	   3.7823507024231495e-01	   5.3964810878146079e-02	   2.1009648904732930e-01	  -7.5169168470126391e-02	   2.5200749027776065e-01	   2.6573145395610626e-01	   1.7437701894024604e-01	   1.4192627049132928e-01	   1.0728743826917486e-01	   1.1359474515811110e-01	   2.4054888696161550e-01	   2.5279191128991029e-02	   3.7179092243213951e-01	   1.3585960996856986e-01	   4.0325330709759599e-01	  -5.8989535529041029e-02	   1.8678497650088158e-01	   2.6024158672273301e-01	   3.1258470098220315e-01	   6.2340197338531397e-02	  -3.6212760384775095e-03	   4.7232443273317090e-02	   2.6339129455403874e-02	  -2.2269488526111665e-02	  -1.1434152484775956e-01	   7.2387178888990961e-02	   4.6235823513839959e-03	
