   0.0000000000000000e+00	   7.1200228650524666e-01	   6.7117388726569471e-01	   6.8540520419547324e-01	   5.5136016305187141e-01	   6.1319903109689200e-01	   6.5109431339461643e-01	   7.0115193556855582e-01	   5.9499325198063258e-01	   6.4866809625495736e-01	   7.5186437957672370e-01	   7.2017582570488992e-01	   7.4169629591273312e-01	   7.0031911970549443e-01	   5.6795778852562140e-01	   5.7652619225091684e-01	   6.2555406460210872e-01	   5.2923633591050212e-01	   7.8180698479105248e-01	   6.9703491461116118e-01	   5.9088571613879481e-01	   5.6895709788463655e-01	   5.7549945653196299e-01	   5.7632866784214209e-01	   4.8145698211577526e-01	   5.4606826560432076e-01	   4.5503915741848122e-01	   5.9880089403820325e-01	   6.9263668213565954e-01	   6.7203347544603531e-01	   5.7735014698398068e-01	   6.5804255045383631e-01	   7.8335224887458554e-01	   7.3173993599898823e-01	   4.4140597624552869e-01	   4.9127577830990454e-01	   6.6203062001338875e-01	   6.0362646776131768e-01	   6.6160549254655399e-01	   5.9501566984275667e-01	   6.9201694589866358e-01	   5.4135208059491413e-01	   6.1204279496266989e-01	   4.7568111555725956e-01	   4.2367223323400177e-01	   3.9340926254470177e-01	   5.7038687316782954e-01	   5.5734897302702657e-01	   6.1772357386506860e-01	   6.1816657985023293e-01	   5.9561372929155820e-01	   6.1201442153264929e-01	   5.9917723391590594e-01	   6.4322990885285802e-01	   6.7274829695057536e-01	   7.2474153818158649e-01	   8.1332130621040266e-01	   6.0247202005424738e-01	   8.4164620114414945e-01	   6.7859372067939194e-01	   8.9257819006532046e-01	   7.2283650320348525e-01	   7.0166128942259165e-01	   6.2898193555328219e-01	   4.9452930408957124e-01	   5.4606351213844206e-01	   5.7509617134591529e-01	   6.0760184277229290e-01	   6.2650038943714292e-01	   5.7809674323733917e-01	   4.7775182535019228e-01	   5.1333221835411702e-01	   6.4247906479378702e-01	   4.8695693890720493e-01	   6.0009087276620665e-01	   4.9195320960639377e-01	   7.6111993538750333e-01	   5.9311015564715097e-01	   5.3367696276827514e-01	   5.3893646825099029e-01	   6.6148428471899190e-01	   6.7117214429194472e-01	   7.6932049592432583e-01	   5.7630498198078617e-01	   6.5351075667649750e-01	   6.0704211066032410e-01	   3.7798056539912472e-01	   1.6055151790305766e-01	   6.2885092799626663e-01	   6.9961820156115950e-01	   6.6792973309356884e-01	   5.7215359418356970e-01	   4.8444094284013600e-01	   5.8788671475485921e-01	   6.7533811428219037e-01	   7.5192361949422803e-01	   6.8747956280191014e-01	   8.3952568824839269e-01	   6.3937227247175321e-01	   8.2432287660170223e-01	   3.3748239838657362e-01	   5.8891822498560376e-01	   5.0646268638764913e-01	   5.7819414221929122e-01	   2.5675804585892903e-01	   3.1649218812586971e-01	   3.2182468865020841e-01	   6.5140484796465847e-01	   4.4037195302963839e-01	   6.7633682535994710e-01	   6.9547822718391017e-01	   6.9532982423297007e-01	   6.2714163974674075e-01	   6.1403881677202743e-01	   5.6872215346640398e-01	  -1.6165577672924331e-01	
   7.1200228650524666e-01	   0.0000000000000000e+00	   4.2594964442949740e-01	   6.3794758098993976e-01	   4.1703574544975291e-01	   4.6980256855705610e-01	   4.6512125467978804e-01	   7.0579295182115354e-01	   4.7913118695944668e-01	   6.0284820212682599e-01	   6.4954579342614616e-01	   8.3468137581550195e-01	   7.0457453000074111e-01	   7.2950304233507945e-01	   5.0097084025432792e-01	   5.4860138327137531e-01	   6.6094376884195616e-01	   7.6032689065811976e-01	   6.9120693282564261e-01	   8.2946022198238967e-01	   6.3821984171324786e-01	   5.9742997001094156e-01	   4.2282759491634958e-01	   4.7037330794416465e-01	   3.3291600917755504e-01	   4.6287189367993692e-01	   3.8225870353189284e-01	   4.5706590254513596e-01	   7.5817620436408806e-01	   7.9095449824525854e-01	   5.1812330402371465e-01	   6.3913500805097101e-01	   6.5897611936691614e-01	   7.2590981076611172e-01	   2.3596918179184426e-01	   2.9588871380125170e-01	   6.3158431316460273e-01	   6.8161078980815137e-01	   6.2803348263805903e-01	   6.7658718932709849e-01	   6.4897204021441945e-01	   7.1599328213187929e-01	   6.2122529284556616e-01	   4.8513152323036363e-01	   4.5288862810784669e-01	   4.3398167618554812e-01	   6.6358131645612706e-01	   5.8901600476085803e-01	   6.0312133036595705e-01	   6.4266870834469347e-01	   5.0357473233977534e-01	   5.3319354836075139e-01	   5.9850630064929877e-01	   6.2563950618074471e-01	   6.7295187678532198e-01	   7.9406523212822622e-01	   7.1929714490176844e-01	   7.9416187333882360e-01	   6.8979379196782042e-01	   7.6017749734589857e-01	   7.5289665136448680e-01	   7.6030685738960924e-01	   6.4453265740034105e-01	   7.3066095400667674e-01	   3.0705681675404806e-01	   4.7945836196187280e-01	   3.7508842591175767e-01	   4.8593690108003573e-01	   4.2349799258236476e-01	   5.0041414923804006e-01	   3.9473493072378485e-01	   5.9352398339208223e-01	   7.4488407545750357e-01	   7.1839265109531736e-01	   6.4850599539713949e-01	   7.0787691077076764e-01	   7.7377171428012959e-01	   7.5533156411117930e-01	   6.3238972772371460e-01	   6.7470200006117409e-01	   7.4553922141428797e-01	   7.2721743927939708e-01	   7.5374517061175839e-01	   6.3349886725656146e-01	   5.6996550969988569e-01	   4.9950498518949221e-01	   4.2063384063489812e-01	   2.3742194898960553e-01	   5.4072816710906424e-01	   6.3786517364284923e-01	   6.5312094375991903e-01	   3.8238560018194229e-01	   3.7298924988978011e-01	   2.8336317686828838e-01	   5.7016059888879145e-01	   7.3495231340416389e-01	   7.7518467506821742e-01	   7.7139599747002041e-01	   7.3902096051478616e-01	   7.0935490935687706e-01	   4.8591210330808410e-01	   4.3213790522417583e-01	   5.7664928756338074e-01	   4.7298758918979167e-01	   2.5372219888152198e-01	   1.9638338979652034e-01	   4.3246957984148338e-01	   3.4022730686347241e-01	   4.4374413627708970e-01	   6.7705421626392648e-01	   7.0031375274568930e-01	   6.4854006146827681e-01	   4.7144658743020351e-01	   6.2706174740873277e-01	   5.0465206240302329e-01	  -1.9540212276687219e-01	
   6.7117388726569471e-01	   4.2594964442949740e-01	   0.0000000000000000e+00	   8.2735183751435026e-01	   7.5462631357904741e-01	   5.5772727419124268e-01	   8.4569312564968169e-01	   6.2883177805017576e-01	   6.7635122011173976e-01	   4.3778321869270609e-01	   7.4203516509488832e-01	   4.5813117788925717e-01	   7.1486169162053459e-01	   5.6213392826373032e-01	   6.9112902907608964e-01	   6.8996596256023390e-01	   1.8917081472017808e-01	   2.0879318204796762e-01	   5.3775894788812872e-01	   5.4310013038838467e-01	   7.0187898112214098e-01	   7.1440972580799900e-01	   8.7436181521901291e-01	   8.7900196814945664e-01	   7.5934496746547397e-01	   7.4737164614461049e-01	   7.0513461424283130e-01	   7.0484440503755597e-01	   3.7917359356038816e-01	   3.3962001934024583e-01	   8.0433865732699161e-01	   7.9237084173243366e-01	   8.1120069895858904e-01	   7.1717974744992696e-01	   6.8968472891601695e-01	   6.8660610193524274e-01	   6.7549900707185706e-01	   5.9988732853715732e-01	   7.0293865780617659e-01	   5.9600470871019562e-01	   5.6510782842111629e-01	   4.7567640299334518e-01	   5.5295826245568780e-01	   4.3158601137205604e-01	   4.3253630077216926e-01	   4.5684397272562605e-01	   5.0043723988715061e-01	   4.4154695204718214e-01	   6.0785715115320327e-01	   6.4864884422537561e-01	   7.9233949594327036e-01	   7.7157520429062054e-01	   5.6081196590680493e-01	   5.1927881620098759e-01	   6.8689799830752341e-01	   6.5435155410063928e-01	   3.8557752852531213e-01	   3.3636250955394087e-01	   7.0529960918829493e-01	   6.8649472678147649e-01	   5.3417739351966831e-01	   5.0364005922270882e-01	   3.1186298577952565e-01	   2.5879345474512494e-01	   7.9314100951196675e-01	   8.0904880246021893e-01	   8.4795515593835258e-01	   8.3645614037907123e-01	   6.8170655698548066e-01	   6.3479348987300865e-01	   6.7035024264514531e-01	   4.6145751402177126e-01	   3.8760235698619161e-01	   2.0309850359351156e-01	   3.3805277044719728e-01	   2.4597707485442122e-01	   5.7209418201777085e-01	   4.3291289457593962e-01	   2.6435267939783003e-01	   4.5115412900806168e-01	   3.3099269524267672e-01	   5.7140844967099336e-01	   6.5053271417156422e-01	   5.9350839564396662e-01	   7.9640109988838859e-01	   8.1299436580770190e-01	   5.3409268426017975e-01	   3.6751093919974165e-01	   7.6850881609493782e-01	   8.1764269661498656e-01	   6.6059686126575734e-01	   6.8052424921717314e-01	   5.5450083281641205e-01	   6.9039712123849184e-01	   4.8437377395260450e-01	   5.2166468207630945e-01	   7.0275738624672446e-01	   5.9316150705064119e-01	   5.8862557589075060e-01	   4.4429334870154968e-01	   4.1381354149318722e-01	   4.0158222091704932e-01	   4.0980490392487973e-01	   4.6745372047404787e-01	   2.7271851732124269e-01	   4.1844460694361085e-01	   3.0797401237751831e-01	   5.2380604379504669e-01	   4.2051252138622747e-01	   5.8685177160186153e-01	   6.7124782094682900e-01	   4.7249382201701012e-01	   3.8239650080130810e-01	   4.7106778264723120e-01	   4.5911296423607351e-01	  -1.6967307664463982e-01	
   6.8540520419547324e-01	   6.3794758098993976e-01	   8.2735183751435026e-01	   0.0000000000000000e+00	   7.7764846746045879e-01	   7.7382055817755657e-01	   8.7357960519361511e-01	   8.8187590022552365e-01	   7.7135397997069932e-01	   6.7502574295365969e-01	   6.3476910779350393e-01	   6.5821355614602739e-01	   6.9335708375520833e-01	   6.6248421843138594e-01	   6.0629479028264144e-01	   5.9628722873093110e-01	   3.9719052878376337e-01	   3.9546917845112628e-01	   6.1346334952236026e-01	   6.7095091813888308e-01	   7.7109109690495581e-01	   7.4843527110679797e-01	   6.9667625066879824e-01	   7.3128297838471112e-01	   6.4066458005679849e-01	   7.4393854652540437e-01	   6.8638524613742946e-01	   8.1755320083119243e-01	   5.9271455276442997e-01	   5.5816473446352499e-01	   8.4641809200075280e-01	   8.5813492257915436e-01	   8.1989159523181399e-01	   8.3050109933516003e-01	   5.9349292974682089e-01	   6.4696470279164753e-01	   7.0065790860866328e-01	   5.9505567438013562e-01	   7.1391449993180844e-01	   6.1071902019216984e-01	   6.6685437440870854e-01	   5.9447030532512701e-01	   6.3662183119012883e-01	   4.7252281909789529e-01	   5.1765037789464052e-01	   4.9453319337639234e-01	   6.4693800157165449e-01	   5.5896959028916915e-01	   6.3526979813373585e-01	   6.8059988647530645e-01	   7.3218970129441252e-01	   7.5530873082952055e-01	   6.0968467190605879e-01	   6.6776506531718538e-01	   6.8707345996386227e-01	   6.9615966168098642e-01	   5.4858535251656204e-01	   5.7570148304618063e-01	   6.9750470853073598e-01	   7.5785543937763677e-01	   6.4309807362819893e-01	   7.2729830198040002e-01	   4.5237034612098714e-01	   4.6156604329285833e-01	   6.5943308420102142e-01	   7.7760096399009759e-01	   8.1583850547370362e-01	   8.3494694479840292e-01	   6.3318414622066443e-01	   5.8187320548284571e-01	   6.2319286187678657e-01	   5.9674127908396146e-01	   5.7538406449975577e-01	   3.9576937675517720e-01	   4.5632998419055965e-01	   4.4964656860316343e-01	   6.9713636918213873e-01	   5.7291236279772018e-01	   4.5860479304221202e-01	   4.6312599243697977e-01	   5.1827314370844180e-01	   6.0078153495833164e-01	   7.0423611862454916e-01	   5.6895831484209669e-01	   6.8562361026270358e-01	   6.5188701474517174e-01	   3.6634801721564986e-01	   2.0101319468475684e-01	   7.1398442309124599e-01	   7.2053834406943906e-01	   8.1879120682282336e-01	   5.7702510579923905e-01	   5.8864554295737737e-01	   5.2938221962510879e-01	   5.2319531745607750e-01	   6.3339188867262997e-01	   7.6764245125613362e-01	   6.6569813496593344e-01	   7.5890699261410655e-01	   5.7602010208108789e-01	   5.5131778948943744e-01	   5.3049582580882404e-01	   5.7243366547876873e-01	   5.8633967974759094e-01	   2.8055971026890780e-01	   3.2333794723076487e-01	   4.9234113745285590e-01	   5.2066284123947959e-01	   5.4783544798107453e-01	   6.6263484756411339e-01	   7.2743778826117567e-01	   5.7923165752834338e-01	   4.4561946589715695e-01	   5.8591712007746133e-01	   4.8206227686352926e-01	  -1.8403943751802004e-01	
   5.5136016305187141e-01	   4.1703574544975291e-01	   7.5462631357904741e-01	   7.7764846746045879e-01	   0.0000000000000000e+00	   7.5363823395786955e-01	   7.0081230655292537e-01	   6.8091965373015029e-01	   8.3695859521371951e-01	   4.7668474364211211e-01	   6.2929335988887780e-01	   4.7053579913531851e-01	   6.5433494120427949e-01	   6.1645318417159334e-01	   6.7110568302321139e-01	   5.9026907559813202e-01	   1.0690821496377037e-01	   1.5434270209023665e-01	   3.9552346186502380e-01	   4.7037038887327126e-01	   7.7635633864071574e-01	   7.5185945007105848e-01	   6.8880314458125158e-01	   6.9672977158190463e-01	   7.2345807407570106e-01	   7.8412559745644106e-01	   7.8436031523980909e-01	   8.2737268081953019e-01	   2.8102264437962970e-01	   3.0953760404514208e-01	   6.6637708473077872e-01	   6.7657681222122601e-01	   7.6101796327755977e-01	   6.9748041150711981e-01	   7.2033367740178855e-01	   7.4582903077287543e-01	   5.9540717928635845e-01	   4.6197003965844952e-01	   5.9911255226717153e-01	   4.9946478868324484e-01	   5.4683120816191655e-01	   3.9515730099112079e-01	   5.5268890056040931e-01	   3.9119490888707920e-01	   4.9636145200925341e-01	   4.9339104060490702e-01	   4.8124690000738141e-01	   4.4942105125066079e-01	   6.0854382387492045e-01	   6.3256736833489735e-01	   7.0045136854634205e-01	   7.3836174924399300e-01	   5.0064328247720269e-01	   4.5560162246614067e-01	   6.5553975140533205e-01	   5.8309690854644736e-01	   3.6354114803293136e-01	   3.6462148034863784e-01	   6.2136966999262655e-01	   5.8294768451326573e-01	   4.9814672020971568e-01	   5.5488470183739036e-01	   1.2517175817411744e-01	   1.4589219855709179e-01	   7.4894727003755168e-01	   7.1689617531169647e-01	   8.2086155489671331e-01	   8.1083587650554656e-01	   6.3360637704577039e-01	   5.7871730792745013e-01	   5.5937273491418849e-01	   4.9171530760695925e-01	   3.6964185009581324e-01	   1.7779993087065499e-01	   2.8308044566933843e-01	   2.0244638791348371e-01	   5.1812488425591385e-01	   3.9711923466159488e-01	   1.7725528835255733e-01	   3.0769024020114910e-01	   2.0312094993135640e-01	   4.1993700517189780e-01	   5.7551808013572314e-01	   4.2658906290061954e-01	   6.3551300334109584e-01	   6.2053678747982954e-01	   3.5332537031279126e-01	   1.3317722583022118e-01	   7.3027247394468719e-01	   6.5408809101276755e-01	   6.5609336077084601e-01	   4.1066360347831576e-01	   5.3354673615779458e-01	   6.2322383933099823e-01	   3.1345067156690137e-01	   4.9455019038417292e-01	   6.4513449115497479e-01	   5.3392331420952810e-01	   5.7832843300481485e-01	   3.4652982208476452e-01	   3.3955781242533739e-01	   4.7239194074837149e-01	   4.1066830460508202e-01	   3.2659168005856426e-01	   7.3600269479173239e-02	   1.8136367818842331e-01	   3.0667828571648686e-01	   3.8589659739480864e-01	   4.4307707227639820e-01	   6.0913960528046429e-01	   6.3509683388489679e-01	   4.2448593906204990e-01	   3.2075503660482096e-01	   5.4515074394928231e-01	   4.2140831795145617e-01	  -2.2133541429485948e-01	
   6.1319903109689200e-01	   4.6980256855705610e-01	   5.5772727419124268e-01	   7.7382055817755657e-01	   7.5363823395786955e-01	   0.0000000000000000e+00	   7.0506803153405917e-01	   8.2839546113736739e-01	   8.2492178181235398e-01	   7.6385492895664142e-01	   4.6593721701386948e-01	   5.9227443542804092e-01	   5.8056252983023204e-01	   5.9062388939492061e-01	   5.1715312680307246e-01	   4.7198755074025278e-01	   3.5873857120319469e-01	   2.6861978075300580e-01	   4.7378826944000563e-01	   4.6201965950161267e-01	   5.9787240324001512e-01	   6.2068348884132407e-01	   4.1253672449030443e-01	   4.4196615505115455e-01	   4.4449055276348393e-01	   5.8951606457244288e-01	   4.8666519383115003e-01	   8.3600355018910466e-01	   5.4553921899693480e-01	   5.3883540898680771e-01	   6.0336437555662092e-01	   6.3023815403359773e-01	   6.7208134900332339e-01	   7.1238841886721060e-01	   4.7641863023572079e-01	   5.4358207301950356e-01	   5.6556408752891474e-01	   4.1506920188655883e-01	   5.6657465818959474e-01	   4.3521284460671184e-01	   5.9587714376887035e-01	   4.6291296153515005e-01	   5.3328752782924127e-01	   3.3189080394093290e-01	   4.5745085795924706e-01	   3.6785898149126750e-01	   5.0434362125361842e-01	   4.7169833775392506e-01	   5.2036515335719824e-01	   4.9653769959629351e-01	   5.0650711027885720e-01	   5.1998358310996684e-01	   4.6994799704516754e-01	   5.7933782089201624e-01	   5.2330347626465623e-01	   4.8585994437002372e-01	   5.5381431963614614e-01	   5.6065930217428017e-01	   5.5781783421936482e-01	   5.4705540826391685e-01	   6.4829823014964305e-01	   7.3754279910615850e-01	   4.2526697644150380e-01	   3.8987527176615977e-01	   5.4574316129131129e-01	   5.8698381651383524e-01	   6.6874070737658364e-01	   6.4183759605374591e-01	   5.3972213588254470e-01	   4.7673799719207888e-01	   4.6688127428736137e-01	   4.8390783705362606e-01	   4.7417409998994481e-01	   3.4488289524567523e-01	   3.7065761897769434e-01	   3.3566436206502814e-01	   6.0222561624197313e-01	   4.7033803590009871e-01	   3.4110332209488126e-01	   2.2646862146488350e-01	   3.9588318119740240e-01	   3.7257717967630311e-01	   5.9329149984159524e-01	   2.9986195897290918e-01	   4.2745017616306336e-01	   3.7012471216289183e-01	   8.7256868151134925e-02	  -4.5924105174802214e-02	   5.6468833674171703e-01	   5.0404453025913909e-01	   6.2563307717900118e-01	   3.5768746143391333e-01	   3.9234153983501086e-01	   5.1481148000071619e-01	   4.7575030451674460e-01	   5.6409245311743739e-01	   5.6403572167880089e-01	   6.0515197594216596e-01	   6.0002355892353920e-01	   5.1239214139394462e-01	   3.9126382361581030e-01	   5.4418734253927159e-01	   4.3468855891519431e-01	   4.4235437796487997e-01	   1.3779034148585784e-01	   2.9458880755439970e-01	   5.4002214463097786e-01	   5.9269716778774872e-01	   5.3059658787155772e-01	   5.5151816492909522e-01	   5.9328436137700180e-01	   5.0082157252228954e-01	   3.9785164504411374e-01	   5.3894586109712839e-01	   4.2455091283954011e-01	  -4.9419567233693520e-02	
   6.5109431339461643e-01	   4.6512125467978804e-01	   8.4569312564968169e-01	   8.7357960519361511e-01	   7.0081230655292537e-01	   7.0506803153405917e-01	   0.0000000000000000e+00	   8.1387670955012759e-01	   7.2149899072381285e-01	   5.9345983812578540e-01	   5.4402032961805658e-01	   5.4600106591873110e-01	   6.9676766553552927e-01	   4.9376821845380670e-01	   4.8371703884487882e-01	   4.8778875712693615e-01	   3.9090586851362569e-01	   3.3767130398360956e-01	   5.6998977553801189e-01	   5.8978967017892103e-01	   6.1410564885082353e-01	   6.1998143230528546e-01	   6.5318006115768534e-01	   6.8156078803144005e-01	   5.4817780984316022e-01	   6.3487955294920850e-01	   5.0183462158803627e-01	   6.7016576024029906e-01	   5.7963584975915494e-01	   5.2795796669061767e-01	   8.0710905998316829e-01	   7.8742053780351817e-01	   7.5786238813700990e-01	   7.5975885185412029e-01	   4.7734023186622843e-01	   5.3336978563936221e-01	   5.4171566601363597e-01	   4.8356679894930205e-01	   5.7055162320857644e-01	   4.4695608659583841e-01	   5.4790603636508917e-01	   4.4280868907042270e-01	   6.5169057569522948e-01	   5.5374294911315691e-01	   5.9028641046978614e-01	   5.7026520334845654e-01	   6.0876256689540476e-01	   5.9835473948805395e-01	   6.2614692788938930e-01	   6.3863242473771575e-01	   6.5601762004642383e-01	   6.8781678842443039e-01	   5.9051635502820410e-01	   6.6096364746860159e-01	   5.2993883140658249e-01	   5.9187050462748436e-01	   5.0279809210108062e-01	   4.4928224023937191e-01	   6.5556481131899336e-01	   6.7864242638807437e-01	   5.9582190611218522e-01	   6.8742208698309448e-01	   4.7753452672544033e-01	   4.4014513600937444e-01	   6.1265136960533328e-01	   6.9043291298677623e-01	   7.5828975317801106e-01	   7.1829225679995823e-01	   5.1126438281564335e-01	   3.8807735278943406e-01	   6.3453153599360834e-01	   5.4091675013351348e-01	   5.2870127046160209e-01	   3.5058380881505313e-01	   4.2104390542533304e-01	   3.7057347794209022e-01	   6.3590711977486658e-01	   4.6877068873293820e-01	   4.4516523345961068e-01	   4.9447490070451749e-01	   4.7094976917618964e-01	   5.9444811604001180e-01	   5.5296593925098603e-01	   5.0683525152322861e-01	   5.8238036193513609e-01	   6.3989786760175082e-01	   2.0985088562759105e-01	   2.2712126954702094e-01	   5.5733484921256315e-01	   6.9613715686010558e-01	   7.1351531738528384e-01	   6.2375167950054489e-01	   5.1058718916660106e-01	   6.1393061337390420e-01	   5.2917910711100913e-01	   5.7560562219503408e-01	   6.2490675304096255e-01	   6.1224965947502508e-01	   6.7493162032082399e-01	   5.8806497503814159e-01	   5.7856758650156070e-01	   5.9518300383033407e-01	   5.5665820741750927e-01	   6.2962775690430639e-01	   1.7126100081325074e-01	   2.6433763552703177e-01	   2.8903683138702696e-01	   6.1432746536889526e-01	   5.0868350049938460e-01	   6.0484020091749524e-01	   6.7268153693852673e-01	   5.9031599101190646e-01	   5.0205221341771256e-01	   5.8659712018152099e-01	   4.1036622617742369e-01	  -2.5406275460463190e-01	
   7.0115193556855582e-01	   7.0579295182115354e-01	   6.2883177805017576e-01	   8.8187590022552365e-01	   6.8091965373015029e-01	   8.2839546113736739e-01	   8.1387670955012759e-01	   0.0000000000000000e+00	   7.7301861807405137e-01	   8.3527312001826526e-01	   5.3467264372359402e-01	   8.2153160437439388e-01	   6.6364518279707629e-01	   7.0116160156378060e-01	   5.4600112457739747e-01	   4.9180867779307180e-01	   5.6015242005341048e-01	   5.1239193339593792e-01	   6.6717388875053252e-01	   7.3039505606835609e-01	   6.1304419198002158e-01	   6.1584144401865770e-01	   4.3226037424622976e-01	   5.3483092099697627e-01	   3.7015823242441648e-01	   5.2520364397182373e-01	   4.5413190108214685e-01	   7.1471524513503382e-01	   7.5281286241032330e-01	   7.4527760522396580e-01	   7.0326110695529287e-01	   7.4592260163829827e-01	   7.1564460389122242e-01	   7.7928451879233407e-01	   3.2971797005667614e-01	   4.2203019479841719e-01	   5.2689245016454955e-01	   4.5934846136465490e-01	   5.5117235389671004e-01	   4.8711788994705951e-01	   6.4638960530950151e-01	   5.4620934165209944e-01	   6.6678777087673213e-01	   5.2712354849899434e-01	   6.0059701927447706e-01	   5.2783836003848073e-01	   6.8896324480553806e-01	   6.3775337290137624e-01	   6.0377667561243320e-01	   6.2508998967269824e-01	   5.1108234011147469e-01	   5.7294067606513188e-01	   6.1553327884643150e-01	   7.0571595295308998e-01	   5.4424520506943075e-01	   6.2346538402109308e-01	   6.6043513827094180e-01	   6.2655754073941861e-01	   6.4127092157964671e-01	   6.9315294998901722e-01	   7.3116388364363594e-01	   8.5332888057033973e-01	   6.0959428780779035e-01	   6.0989521488508691e-01	   4.4787733581820455e-01	   6.0466214651882721e-01	   6.0230175733561175e-01	   6.1945836406415711e-01	   4.7243266981599763e-01	   4.2255112273877854e-01	   5.0396986007509914e-01	   6.3059334469747663e-01	   6.9118619811151605e-01	   5.5116763304595984e-01	   5.1089414329669625e-01	   5.4217418350173374e-01	   7.4584657281678379e-01	   6.3548999173564980e-01	   5.4172217975655090e-01	   4.8316560030944433e-01	   6.2671096089826017e-01	   6.0952761603173122e-01	   7.1055897052600803e-01	   4.4075863997709863e-01	   4.9797506625113230e-01	   4.4161285477228318e-01	   1.1840634330735325e-01	   1.2376828936576083e-02	   5.1226316750561773e-01	   5.6928920248756210e-01	   7.5853469506926907e-01	   4.8758914018672339e-01	   4.5808792120846431e-01	   4.8250437902154608e-01	   5.6890433937977913e-01	   6.8362436442543040e-01	   6.7535862567380289e-01	   7.1062534442199532e-01	   7.7579928175402246e-01	   6.9476395134770241e-01	   5.7639328283523028e-01	   6.4573449470212019e-01	   6.4382813978659870e-01	   6.3301537452441992e-01	   1.4725415545841489e-01	   1.8897049651240796e-01	   5.1755087798422506e-01	   5.3242645029900948e-01	   5.9016951915101057e-01	   6.5216206278235944e-01	   6.9090395838535412e-01	   6.7435641491028742e-01	   5.4706045524977998e-01	   6.7661129888959382e-01	   4.3145656448551695e-01	  -2.0910085540454060e-01	
   5.9499325198063258e-01	   4.7913118695944668e-01	   6.7635122011173976e-01	   7.7135397997069932e-01	   8.3695859521371951e-01	   8.2492178181235398e-01	   7.2149899072381285e-01	   7.7301861807405137e-01	   0.0000000000000000e+00	   6.7417228656900363e-01	   6.0576403628382003e-01	   6.3526388360825992e-01	   7.4457143982187390e-01	   7.0584359848932154e-01	   6.7764889719636678e-01	   5.8917308909955635e-01	   3.0881747362887446e-01	   2.5736874644647623e-01	   4.4184788048491946e-01	   4.3737763898288090e-01	   6.6485522317356649e-01	   6.5971398732942199e-01	   5.6771130916344681e-01	   5.6985896413268156e-01	   4.9905281455939204e-01	   5.9954222416746294e-01	   6.7206720951098231e-01	   8.1776227733839790e-01	   4.7708841275042152e-01	   4.7644389494249972e-01	   6.2415607098019299e-01	   6.4071339012347783e-01	   6.6900412841586265e-01	   6.6199573523013377e-01	   5.2007769824121319e-01	   5.6359787200459055e-01	   5.5206525636397674e-01	   4.0632062973982075e-01	   5.7203163353132436e-01	   4.8296006103168015e-01	   5.5138402867444525e-01	   4.2571495323186731e-01	   5.4951641760475323e-01	   3.6776965913448306e-01	   4.7318841294857372e-01	   4.1964052115718620e-01	   5.2715923056664593e-01	   4.4918701322255905e-01	   6.1125901528298932e-01	   6.3707593842516175e-01	   6.7909357697723638e-01	   6.6730170216113538e-01	   6.2255435586507735e-01	   5.7735756652809844e-01	   6.1292920454909439e-01	   5.8529469284781133e-01	   4.5159943300337402e-01	   4.0179239352965634e-01	   6.3988340802931198e-01	   6.2183657887646548e-01	   6.4635251772491620e-01	   6.8391037597076332e-01	   3.5603309859001137e-01	   3.1545720950308342e-01	   6.6208936074617464e-01	   6.4328779986788975e-01	   7.0745412037750943e-01	   6.8029657338313676e-01	   5.8585161078644332e-01	   5.2478871355899792e-01	   5.1946062211992428e-01	   4.5940427317338101e-01	   3.9983486491017339e-01	   2.5474718877867802e-01	   2.6776465010628253e-01	   2.9623153513418649e-01	   5.4431572662611871e-01	   4.3390154584333518e-01	   3.2745351713425808e-01	   3.1475728024908423e-01	   3.6863419879304637e-01	   4.6347608942206170e-01	   6.2395680015997534e-01	   4.1625273393141154e-01	   5.7776778172731302e-01	   5.1644683702333949e-01	   2.1249373097921279e-01	   3.3173479394107752e-02	   6.4586559275465438e-01	   6.3994852330916030e-01	   6.8296658390627130e-01	   5.0963105245539830e-01	   5.1565564681868037e-01	   5.8177283965021165e-01	   3.5333217368516578e-01	   4.9773530900325252e-01	   6.2976266830267891e-01	   5.6640185030574286e-01	   6.5789053476003501e-01	   4.7570433819876390e-01	   4.4259886433508805e-01	   5.2655045762272756e-01	   4.3385339291413194e-01	   3.6253359795922280e-01	   8.5747080324876546e-02	   1.9452047041706605e-01	   3.6416580762599371e-01	   4.3854984220989668e-01	   4.0543606500612223e-01	   5.8124999787160236e-01	   6.1886854612066367e-01	   4.8346432492065494e-01	   4.2853916144357396e-01	   5.2286388438677589e-01	   3.9605599146839238e-01	  -1.5806051631948773e-01	
   6.4866809625495736e-01	   6.0284820212682599e-01	   4.3778321869270609e-01	   6.7502574295365969e-01	   4.7668474364211211e-01	   7.6385492895664142e-01	   5.9345983812578540e-01	   8.3527312001826526e-01	   6.7417228656900363e-01	   0.0000000000000000e+00	   4.1815019608751769e-01	   7.1670209396111240e-01	   5.2638678060721800e-01	   6.4444465936401674e-01	   5.1258987821452195e-01	   5.0409715087775753e-01	   5.2260053592577127e-01	   4.0842564194360342e-01	   6.5691759794577664e-01	   5.8404178118029981e-01	   3.7423748945641916e-01	   4.4136123390039872e-01	   2.1996145747381285e-01	   3.0022082976487102e-01	   1.1676037505457265e-01	   2.4113737575907906e-01	   2.8514578645067651e-01	   6.0102821362221914e-01	   6.8682161493574490e-01	   6.5674463832621055e-01	   4.6831818384003066e-01	   5.0191931457502248e-01	   5.3408006876577785e-01	   5.9916162365588643e-01	   2.6955809243601681e-01	   3.5455558940004328e-01	   4.2278333506298560e-01	   3.1778222313363469e-01	   4.3552474354101467e-01	   3.6618897319639160e-01	   5.6087121482539548e-01	   4.9712712053476510e-01	   5.5993855796674008e-01	   3.8389143878085430e-01	   4.6799682208765159e-01	   3.5760128218250986e-01	   6.0739742556972365e-01	   5.4781078273171813e-01	   4.7164050198890195e-01	   4.7074333840579713e-01	   3.8554295882241996e-01	   3.6294616902561472e-01	   5.2746876608803117e-01	   6.6613339220535306e-01	   3.6881353391890426e-01	   4.4212422070028268e-01	   5.9845093324306142e-01	   5.5941992822321174e-01	   4.6798546344294245e-01	   5.1400987025323575e-01	   6.9905972785464643e-01	   7.3784384724336705e-01	   5.8615778824114384e-01	   5.2816737131681835e-01	   3.3233362518996645e-01	   4.2043537845459172e-01	   4.6107532300225185e-01	   4.3329579954040010e-01	   5.2016513065152570e-01	   4.6269816490680216e-01	   3.2426459776211147e-01	   4.9689309500909756e-01	   5.9882293650967833e-01	   4.9919938079792875e-01	   4.6407683030687474e-01	   5.0391664523322965e-01	   6.1478364395481244e-01	   5.3538690794218780e-01	   3.6462867868983539e-01	   2.8909388477977593e-01	   5.2847835240827168e-01	   3.9786202591492148e-01	   6.7187390570888994e-01	   3.0293314537790428e-01	   3.0109802214840486e-01	   2.1880913889145859e-01	  -1.6388342328461286e-02	  -2.0344954913782137e-01	   4.2886326349308396e-01	   3.9459077138883936e-01	   7.0129947531460801e-01	   4.5379203509998434e-01	   4.0142341853432112e-01	   4.5800841588955143e-01	   5.3520771237579434e-01	   5.6602891787324638e-01	   5.3985164495271065e-01	   5.6978502527146890e-01	   7.0653639698099302e-01	   6.5484958878142041e-01	   4.6189636163009462e-01	   6.2398667594438129e-01	   4.8804719896486159e-01	   5.2602633268034049e-01	   2.2475317351568713e-01	   2.9048035065642092e-01	   4.9168753198065118e-01	   5.4502478829074286e-01	   4.2741575723400171e-01	   4.3941770846882378e-01	   5.7929178523524072e-01	   6.5336979478716983e-01	   5.8437245609383859e-01	   5.3897079418537430e-01	   3.3504917221577801e-01	   2.4515646780842559e-02	
   7.5186437957672370e-01	   6.4954579342614616e-01	   7.4203516509488832e-01	   6.3476910779350393e-01	   6.2929335988887780e-01	   4.6593721701386948e-01	   5.4402032961805658e-01	   5.3467264372359402e-01	   6.0576403628382003e-01	   4.1815019608751769e-01	   0.0000000000000000e+00	   6.3130649322228982e-01	   8.7038796294632415e-01	   7.9009121598697363e-01	   7.5754097634265216e-01	   7.6977479801576076e-01	   3.6480717549968278e-01	   4.2951676143590745e-01	   5.6778664186249583e-01	   6.0012484632275753e-01	   7.4988697096980095e-01	   7.2154592187168687e-01	   7.8792263360631920e-01	   7.7268557460720189e-01	   6.4886654671725408e-01	   6.4525712838267801e-01	   6.7092531202188066e-01	   6.0652307735452293e-01	   4.6079826043155259e-01	   4.7817221541362320e-01	   6.0966645391277163e-01	   7.0412054659809686e-01	   7.7958943053841101e-01	   6.8066130143435855e-01	   5.4977125711023511e-01	   5.4238381507231059e-01	   8.1647317815522136e-01	   7.2694942791308093e-01	   8.0998382726126272e-01	   7.5526156695427837e-01	   6.9318815402180445e-01	   6.4394685852947275e-01	   5.1083946602854480e-01	   3.8100157455111572e-01	   3.5643423207774450e-01	   3.7883523712854289e-01	   4.5795229278008742e-01	   3.8906259641509922e-01	   5.7278240041485440e-01	   6.2941511551615292e-01	   7.3833495052090581e-01	   7.0959972969285279e-01	   6.4782422476947821e-01	   4.8657129060857535e-01	   8.4401815336603092e-01	   8.0216145097338332e-01	   5.4152243411573564e-01	   5.2006273565301098e-01	   7.3367904986441590e-01	   6.5298409383671940e-01	   6.8530679681648321e-01	   5.4893149150820664e-01	   4.1857662948804519e-01	   3.7965252636519597e-01	   7.4202998645577412e-01	   7.1219920923921953e-01	   6.2310862844624149e-01	   6.7860131743000118e-01	   6.1872851465925383e-01	   6.2149134530634287e-01	   6.0511101521354160e-01	   4.4333924901451272e-01	   5.3368952001439640e-01	   3.9172900540891226e-01	   5.2898405063326304e-01	   4.2710035269966873e-01	   6.9420749798925740e-01	   6.2216896572931557e-01	   3.9717025143998641e-01	   5.7006210923235068e-01	   4.7267478216080711e-01	   6.6317887006852327e-01	   7.1289326876711501e-01	   6.9858435927009743e-01	   8.7495088872392079e-01	   7.9339412756949756e-01	   6.1878966532689406e-01	   3.8422601855947242e-01	   8.3810228989834445e-01	   8.0899869843304406e-01	   5.7429796096372043e-01	   5.5509115939042497e-01	   4.2335962082343992e-01	   5.0908690643286503e-01	   5.2844453458365181e-01	   6.6435353871990033e-01	   7.7730317768784851e-01	   7.0226740092839357e-01	   5.5750671156432341e-01	   5.2441755950189428e-01	   2.7870684938882573e-01	   2.8554335941310915e-01	   3.2662993707022542e-01	   2.4502755455919428e-01	   2.3413590019758423e-01	   2.5632324993360794e-01	   3.3327580247769906e-01	   4.0319985173049522e-01	   3.5137260104555690e-01	   7.0282325973922033e-01	   6.9151248251166608e-01	   4.5124728316089779e-01	   2.9403570567437787e-01	   4.8138983101683530e-01	   4.8948086539144309e-01	  -2.3855451704848152e-01	
   7.2017582570488992e-01	   8.3468137581550195e-01	   4.5813117788925717e-01	   6.5821355614602739e-01	   4.7053579913531851e-01	   5.9227443542804092e-01	   5.4600106591873110e-01	   8.2153160437439388e-01	   6.3526388360825992e-01	   7.1670209396111240e-01	   6.3130649322228982e-01	   0.0000000000000000e+00	   7.3504349929938850e-01	   8.3229159300408262e-01	   5.8175666555810812e-01	   5.6482506127817822e-01	   5.8721424148804624e-01	   6.1400713140201413e-01	   6.5661149630335225e-01	   7.3430540615044337e-01	   5.7244653925745359e-01	   5.4176768556632648e-01	   3.8067559304622456e-01	   4.7074184058957236e-01	   2.2783527377361443e-01	   3.7325942494124742e-01	   3.9440554699692598e-01	   5.4164952950700784e-01	   7.7707522422810471e-01	   7.7644998265631782e-01	   4.9016881809551288e-01	   6.2267168323546707e-01	   5.7906856327842038e-01	   6.5337147908583670e-01	   1.3948569701781682e-01	   2.1819022725822235e-01	   5.1524244362108418e-01	   4.9204174326976591e-01	   5.0244584901520484e-01	   4.7660288739026047e-01	   6.1726765826772767e-01	   5.3230315138281370e-01	   5.8175454032876039e-01	   4.6921307319570671e-01	   5.0505720176996038e-01	   4.3781958607244875e-01	   6.4650527470526953e-01	   5.3729654774882907e-01	   5.6716599068722418e-01	   5.5516783223386756e-01	   4.5961741262586653e-01	   4.5434412391090545e-01	   6.4440654776493700e-01	   5.7506065667079054e-01	   5.7155476143075312e-01	   6.4391568286950340e-01	   6.3674942274189084e-01	   5.6675291389558369e-01	   6.4894465534423873e-01	   6.2796364904908486e-01	   7.5805648106314416e-01	   7.6562952120076055e-01	   6.6678137968037454e-01	   6.6211002465800028e-01	   2.7789278894890823e-01	   4.3850434206353556e-01	   3.6002627139423016e-01	   4.4547364656325261e-01	   3.6909777300575852e-01	   3.7393021068425603e-01	   4.5068833564620087e-01	   6.4627033742611029e-01	   6.7866263394715731e-01	   5.4860457915489391e-01	   5.0363275539855867e-01	   5.8565066009027555e-01	   7.3222074893544198e-01	   6.8645766581889833e-01	   5.3776307888712482e-01	   5.1096715722739616e-01	   6.8255782510041563e-01	   6.4320003979672602e-01	   7.3860974123578027e-01	   4.9118399151610914e-01	   5.0560457824734129e-01	   4.0704010000352187e-01	   1.8072529889070160e-01	  -2.8616278530340683e-02	   4.6014979191593008e-01	   5.1872156746417442e-01	   6.7567326459197719e-01	   4.2357862905272214e-01	   4.0599040550140919e-01	   3.4739978527405257e-01	   5.6131743166821291e-01	   6.3583096633356950e-01	   6.7572983353428462e-01	   7.1798329287310303e-01	   7.0026813930035137e-01	   7.3454502904230112e-01	   4.9332046021412090e-01	   4.8917369465212912e-01	   6.1555311566508819e-01	   5.0747806637112747e-01	   1.7908831051370275e-01	   1.0751112699713700e-01	   4.3578283729809564e-01	   4.3428423420014128e-01	   4.6943601190571310e-01	   6.3131876829993749e-01	   6.3350534695669947e-01	   6.3450697681338908e-01	   5.6573333741218945e-01	   6.6375841963226723e-01	   4.1901108914331353e-01	  -1.9847685913973018e-01	
   7.4169629591273312e-01	   7.0457453000074111e-01	   7.1486169162053459e-01	   6.9335708375520833e-01	   6.5433494120427949e-01	   5.8056252983023204e-01	   6.9676766553552927e-01	   6.6364518279707629e-01	   7.4457143982187390e-01	   5.2638678060721800e-01	   8.7038796294632415e-01	   7.3504349929938850e-01	   0.0000000000000000e+00	   7.7227169750078251e-01	   7.0563748034434304e-01	   7.0100780236004834e-01	   4.8280449127057889e-01	   5.1128486929339889e-01	   6.1110021543528004e-01	   6.5665770279911939e-01	   7.5720451314771720e-01	   7.2534811265655597e-01	   6.9794547876485402e-01	   6.8138921703527722e-01	   5.4581323936484871e-01	   6.1460499924535594e-01	   5.9903171909815112e-01	   6.4320203629214268e-01	   6.5192115581480570e-01	   6.3793917338214878e-01	   6.5432523062547376e-01	   7.4034089291673444e-01	   7.5366444150294853e-01	   7.3764480998335025e-01	   4.4925517110626323e-01	   4.7148022973149983e-01	   7.5112299904363700e-01	   6.8798014532229912e-01	   7.4442836806361568e-01	   6.8597785986799242e-01	   6.8978613241134790e-01	   6.2128558565644831e-01	   6.4536539791963443e-01	   5.1814482358299518e-01	   5.0136200653976926e-01	   5.0052742667004213e-01	   5.9912248598652362e-01	   5.4806422088347473e-01	   6.6721990505382678e-01	   6.9359650204843926e-01	   7.3967399978393233e-01	   6.9995556639552159e-01	   7.1622017146962502e-01	   6.1390434491700918e-01	   7.9641628984591162e-01	   8.2161996369497126e-01	   5.7691796699191422e-01	   5.5237284707175982e-01	   7.4557274277811270e-01	   7.0749577226255567e-01	   7.3494356949187034e-01	   6.6344333839211844e-01	   5.3765014323159233e-01	   5.1646092366613705e-01	   6.2922458257569436e-01	   6.5523068446808652e-01	   5.9719374519504309e-01	   6.3436041205179428e-01	   5.6221116594246423e-01	   5.4203169790301609e-01	   6.4116417057635555e-01	   4.9534772506367841e-01	   6.0177482641977886e-01	   4.7015187508865969e-01	   5.2424953465869550e-01	   5.1474262922019043e-01	   7.3136636125587584e-01	   6.4653395406404146e-01	   4.7527069453067056e-01	   5.9969801208599516e-01	   5.3009194712299601e-01	   6.9946653616619425e-01	   7.4083220342177292e-01	   7.4218972346334688e-01	   7.7051450602550431e-01	   7.4142597784467990e-01	   4.8627450672982975e-01	   3.4435902976289368e-01	   7.5156915346621733e-01	   8.0783271613082630e-01	   6.8954623617577504e-01	   5.7638226458681940e-01	   4.8183130790774897e-01	   5.4751799515777577e-01	   5.0055901528974633e-01	   6.5168723072579593e-01	   7.8157960689699679e-01	   7.2407594690009192e-01	   6.8551131779938412e-01	   6.1800159998259085e-01	   4.5295730596241890e-01	   4.3633518598088500e-01	   4.8719733971021151e-01	   3.7878382748889827e-01	   2.0012739086029360e-01	   2.0408909537791198e-01	   3.2948057518677409e-01	   5.0178704289728071e-01	   3.5903536940826186e-01	   7.0206471602324405e-01	   7.4428017479681807e-01	   5.7294888529871257e-01	   4.3899201637585550e-01	   5.6614267999709711e-01	   4.8402120967878370e-01	  -2.8609590313811450e-01	
