   0.0000000000000000e+00	   6.6344135690621131e-01	   2.3316593459522897e-01	   2.3128555061375608e-01	   2.5515566041954280e-02	   1.2400221798026487e-01	   2.8346490003981878e-01	   4.7861903732318661e-01	   5.6209047601762346e-02	   2.2857168773629635e-01	   6.0409951456089317e-01	   4.8111657453761875e-01	   5.3560407391934917e-01	   4.9618520384635684e-01	   3.7925368660549774e-01	   6.9221827163054764e-02	   6.2182003039412881e-01	   6.2343059805283751e-01	   6.2484722638804058e-01	   6.3791724597614430e-01	  -1.3415299814302034e-01	   1.2634473810173812e-02	   2.8165902287163658e-01	   9.0307144702015715e-02	   2.4714677602493826e-01	   2.3239114372372616e-01	   2.3524650639946798e-01	   2.4697332642817302e-02	   3.7218776179272683e-01	   3.6753856635817217e-01	   3.5431393203598538e-01	   3.0375726430962147e-01	   5.9750450502624219e-01	   6.1373965937073183e-01	   2.6378567212049293e-02	   1.8581684119345304e-01	   4.1389165181491189e-01	   3.4312757310880476e-01	   3.4006823701617239e-01	   3.5694507181767110e-01	   3.5275773850065806e-01	   5.5112696615930812e-01	   5.5406915775075483e-01	   4.8597459244773411e-01	   4.6332872253482926e-01	   5.0766229508139393e-01	   4.8391569894084663e-01	   4.8395117087563133e-01	   3.0631426848480631e-01	   3.8234429353761412e-01	   3.6085979554439529e-01	   3.3928454470724478e-01	   3.8642847524704876e-01	   2.7527032307055932e-01	   3.7423851097270605e-01	   4.5311582075771945e-01	   6.7554959070365672e-01	   4.7252484525622424e-01	   1.5910357086609914e-02	   3.4293255204083828e-02	   6.2830810204478338e-01	   8.8312854663406243e-02	   5.7059544150270647e-01	   5.0308425392472145e-01	  -2.0268110323346201e-03	   5.4408739572371537e-02	   3.6683989501168890e-01	   4.0754464730654516e-01	   6.1410175922704813e-01	   6.0788620720648456e-01	   4.6361959549841558e-01	   3.4931602906655523e-01	   5.4052668603856202e-01	   4.6478522673322575e-01	   5.4148886488393555e-01	   4.0093405865702908e-01	   5.5745750265244609e-01	   5.1042038840996451e-01	   4.8758000776642424e-01	   4.9684377053767320e-01	   5.5871754749332569e-01	   4.2653566337556664e-01	   1.1519214391697515e-01	   3.7236522362006896e-01	   3.1524157875663861e-01	   2.8344162699907938e-01	   2.7375479247835843e-01	   9.8732148835976419e-02	   3.3733352247906279e-01	   4.8876104839006146e-01	   4.1715056722632149e-01	   5.7490514646038972e-02	   1.3123466854406837e-01	   1.8535392483155783e-01	  -2.2460175619537087e-01	  -1.1012037644781961e-01	   3.3056676940858482e-01	   3.4252729423920469e-01	   5.6864231742224103e-01	   5.9610832705041550e-01	   4.7842877240175835e-01	   4.5268798602397153e-01	   5.9370005949806359e-01	   4.6573116493255395e-01	  -2.3547937893145243e-02	   4.8622567418221872e-02	   1.0317661289044444e-01	   4.4782369334257593e-01	  -2.4907257224240181e-01	  -1.6358319445374050e-01	   3.4973478127243329e-01	   5.3945880237509969e-01	   2.3717612005722516e-01	   3.3656752679096968e-01	   3.4148124218410750e-02	  -3.6196908671279249e-01	
   6.6344135690621131e-01	   0.0000000000000000e+00	   5.4627634391211891e-02	   2.0653811606904454e-01	  -3.1017029545747310e-02	   2.0917969162935257e-01	  -1.0709083232671272e-01	   1.5350647423074232e-01	   1.2285605581243954e-02	   1.2176667771755707e-01	   4.2301710577611717e-01	   6.8459750990311607e-01	   2.5592384653398692e-01	   4.7761162614452707e-01	   2.7976472758197846e-01	   2.6360792794713367e-01	   6.4043602126330224e-01	   7.0352173565341447e-01	   6.6109359336517892e-01	   6.8699610211136164e-01	  -1.2406665643781851e-01	   1.2148039977450825e-01	   1.4491590991397788e-01	   2.1152231216939674e-01	   1.8300192196072715e-01	   2.8197131459753000e-01	   4.1605588662994430e-01	   3.8825854927199355e-01	   3.8078097888098034e-01	   4.3721855879849814e-01	   3.4988773839919285e-01	   3.5596963938745257e-01	   6.4807980040036228e-01	   6.8956309767903390e-01	   6.0195656983926926e-02	   2.4372100527877724e-01	   5.2428617879487982e-01	   6.5195063724232039e-01	   4.1699740866424606e-01	   5.2900831392333725e-01	   3.4789202247794138e-01	   6.1660535844120146e-01	   5.7974849719084320e-01	   5.7697920449564388e-01	   5.0156596160259370e-01	   4.7341202691415019e-01	   5.1687909520516739e-01	   6.0217280220078162e-01	   1.7150253578166824e-01	   1.9729785422846224e-01	   1.9536806230294507e-01	   2.5307706084306991e-01	   3.8380423656529916e-01	   4.0871538247314720e-01	   4.8179753518138874e-01	   6.8389707579251091e-01	   8.6237938347113252e-01	   6.2049376694505254e-01	  -1.9369168772470596e-01	  -1.4423281833271362e-01	   3.2033511691221750e-01	   2.1473671816222645e-01	   4.3577748159444163e-01	   5.3980152940018711e-01	  -9.0823988665501756e-03	   2.7888732255109605e-01	   2.6404178608930229e-01	   3.7536630684263994e-01	   6.7121684062736886e-01	   6.2880558037586398e-01	   4.4854715500333281e-01	   4.6305859759287238e-01	   6.4183318487824226e-01	   6.7101940078479960e-01	   5.9361455314309319e-01	   6.4196129182138095e-01	   6.3743293938960355e-01	   6.9886601637744195e-01	   7.0061326682141345e-01	   5.9769233018489654e-01	   7.7070255176207980e-01	   6.4780292919774385e-01	   1.7225939803945403e-01	   4.6463057002364655e-01	   4.1833666293422050e-01	   4.9599409750205692e-01	   4.4800840586738339e-01	   3.9845059499199387e-01	   3.9381255180673835e-01	   5.3988460877938449e-01	   4.1330358960407454e-01	  -2.3781766843136193e-01	   1.1809739637802386e-01	  -6.1917979957436045e-02	  -3.4235493812346818e-01	  -2.2575136819518563e-02	   3.9399093443510624e-01	   4.8279765195420415e-01	   6.7341786894288291e-01	   6.1680874041101563e-01	   3.1233559522353549e-01	   7.4256204128903339e-02	   3.9710428415179255e-01	   2.4061103482577395e-01	  -1.7648754151554324e-02	   3.8282859765637119e-02	   1.3160176557211095e-01	   1.5774578228419570e-01	  -3.1827341306575507e-01	  -2.0702905407605143e-01	   4.5255708791153626e-01	   5.0561468603828352e-01	   1.9525107611900885e-01	   1.4451682568973315e-01	  -1.7624600480979968e-02	  -3.9235828425681657e-01	
   2.3316593459522897e-01	   5.4627634391211891e-02	   0.0000000000000000e+00	   6.8781566160185759e-01	   7.4651582908077896e-01	   4.4594781985753595e-01	   8.5578668393095958e-01	   3.2846341775270577e-01	   6.0325952061647592e-01	   3.2111691469661985e-01	   3.7431969553214528e-01	   2.2931409222050773e-02	   2.7626208525828588e-01	   1.5944130716725127e-01	   4.8866836488744747e-01	   4.1038696209945913e-01	  -9.8702689014987886e-03	  -2.8288849089880077e-02	   3.6475414203850320e-01	   3.3557883135972427e-01	  -1.2396996417453346e-01	  -1.4760824928622610e-01	   8.5005035953441377e-01	   6.7873472898501364e-01	   7.6933925794997182e-01	   6.3892280311014904e-01	   4.5499662539620289e-01	   3.0608554524312298e-01	  -1.9823369529535845e-01	  -1.7400647408110606e-01	   3.7191209064176906e-01	   4.3775499478098834e-01	   3.5455429434284874e-01	   2.0258072165382005e-01	   7.5712533136402604e-01	   6.6988995245896343e-01	   1.9393070696164738e-01	   1.8346236931214321e-01	   1.5880967818858699e-01	  -1.5816682388489177e-02	   2.1044944055470413e-01	   1.0610684764761361e-01	   2.2353446488594111e-01	   1.3502392911490230e-01	   4.2514244687060510e-01	   3.9919955587430833e-01	   1.0482785641171619e-01	   2.2941072192865036e-01	   3.5935451122106243e-01	   4.3121812575783114e-01	   4.2597676563665909e-01	   3.2107813530955354e-01	   2.1428013679724536e-01	   1.9015535474461773e-01	   5.9350972171192964e-02	   2.9303070251124358e-02	   1.4083923551170757e-01	   1.8511466491857570e-01	   4.2209329255853201e-01	   3.0311674023956314e-01	   3.9357038601625216e-01	  -3.2543024189402685e-02	   1.2457689268106623e-01	   9.3195607221123966e-02	   7.5197260283302669e-01	   4.3539325983732191e-01	   7.8635256836663103e-01	   5.8433560641690252e-01	   4.0424696322193809e-01	   4.5727482367786298e-01	   5.2313984742201347e-01	   2.4950657290244205e-01	   1.1017449489188483e-01	  -1.0714073121787776e-01	   9.8200355607260162e-02	  -1.1447327787001277e-01	   2.1107093564723894e-01	  -3.6040155427000564e-02	  -4.4474757764491939e-02	   8.9976613724833329e-02	   2.6879563931071340e-02	   1.0776162293027805e-01	   2.6568484782566243e-01	   1.3727593839174790e-01	   3.9965650666815467e-01	   4.4433798740939007e-01	   8.1231825985017950e-02	   1.1834508914174549e-01	   5.0350886034617426e-01	   4.4440812662037577e-01	   4.7609109962332691e-01	   7.2102278859616276e-01	   4.9718443071576995e-01	   6.1365846706720772e-01	  -1.0006783741242986e-01	  -1.1028324247816154e-01	   5.7261022401240260e-03	  -4.2338114324838944e-02	   1.7896165245922208e-01	   4.0510581197771517e-01	   2.5199877646090529e-01	   4.0823604802520563e-01	   2.3600865661900450e-01	   4.3187735913146613e-01	   1.6136952765074047e-01	   3.1094407631470561e-01	   2.0600704110162379e-01	   5.3587996020464590e-01	  -1.4443365228166433e-01	  -1.7074861215728154e-01	   3.6819693788015351e-01	   3.1911006597182512e-01	  -4.0170290746504592e-02	  -6.2312485406257070e-02	  -1.9624586643547498e-01	  -2.0573255198090520e-01	
   2.3128555061375608e-01	   2.0653811606904454e-01	   6.8781566160185759e-01	   0.0000000000000000e+00	   6.4894841307319184e-01	   6.7174316152496627e-01	   6.2376204262880020e-01	   6.6493343524650972e-01	   4.7700519635681127e-01	   6.0995653052754728e-01	   3.6442912601495997e-01	   3.2401683482400823e-01	   3.2378368930519552e-01	   5.0961144470427100e-01	   4.6575110898079652e-01	   6.1562438047224732e-01	   5.1071620446388938e-02	  -3.6407795363503470e-02	   4.0620613682101420e-01	   4.2652338594124617e-01	  -1.8208916656521162e-01	  -1.4164079532332552e-01	   6.2532274103404961e-01	   7.4536310152892815e-01	   5.8731252305548409e-01	   6.0369532590454611e-01	   5.2669686369948221e-01	   4.6425476203322458e-01	  -3.8285126247114006e-02	  -6.0960096543825698e-02	   3.3542558926826882e-01	   4.1159510323316006e-01	   3.5616746610648131e-01	   2.7762688947735459e-01	   5.0206234683442785e-01	   5.4304842165767497e-01	   1.9356915959885443e-01	   2.8627128479549740e-01	   1.7937127116574375e-01	   1.4000252270773059e-01	   2.5975639425240749e-01	   2.1868128584328028e-01	   3.1080709325133998e-01	   2.2025578879447516e-01	   4.8219021554354513e-01	   4.5803839197965912e-01	   1.3335297496817305e-01	   2.9375978190741758e-01	   5.0507681790732495e-01	   5.8631987746838643e-01	   4.4700245616971568e-01	   4.6038727126742518e-01	   4.0187623983702037e-01	   3.0220415757285657e-01	   2.0238618900425065e-01	   3.2676005143305847e-01	   2.1986049233692581e-01	   3.1246870366264318e-01	   4.5652313982483783e-01	   4.7542786021877037e-01	   5.4532564353064883e-01	   4.0090893104409531e-01	   1.6834464259667259e-01	   2.8553040086930109e-01	   5.4264320746242800e-01	   6.4350342570843544e-01	   7.5451687823320623e-01	   7.3151554602688273e-01	   4.6332876240442600e-01	   5.8163012517391821e-01	   3.3034646855350253e-01	   2.7413661149021440e-01	   1.4895167191223713e-01	   3.5842926004626685e-02	   2.2752246681029861e-01	   5.5639952650874083e-02	   1.3391766874209271e-01	   1.2696671871306933e-01	  -3.9134013979030963e-03	   5.6336891800066229e-02	   1.2179721668964437e-01	   9.1918424768982140e-02	   2.7082211380371402e-01	   1.8848201808462117e-01	   3.6006799386030452e-01	   5.9203743603630421e-01	   2.2117364407508891e-01	   2.7068288253638972e-01	   5.0566658819584653e-01	   6.4991642267422223e-01	   7.0398964940079645e-01	   5.8722672280067234e-01	   6.8126509458509477e-01	   3.4082415604446659e-01	  -2.3568398956611947e-01	   9.1252083929905022e-03	   4.4875898513911716e-02	   6.4552889688305887e-02	   3.5389237608140089e-01	   5.8553267214308469e-01	   4.3622185260587598e-01	   2.2880089868582032e-01	   1.4175936504130943e-01	   2.7009205180042128e-01	  -5.8398970333354831e-02	   1.2506066929839382e-01	   6.4562584434199891e-02	   4.1757079511848899e-01	  -2.6697159086403521e-01	  -3.3397370662772657e-01	   3.8474633154111154e-01	   3.4549597350371825e-01	  -7.9887290182289017e-02	  -1.2227885900587174e-01	  -1.2825022961841059e-01	  -3.2682656643406793e-01	
   2.5515566041954280e-02	  -3.1017029545747310e-02	   7.4651582908077896e-01	   6.4894841307319184e-01	   0.0000000000000000e+00	   7.2006120169693721e-01	   6.8153734041055447e-01	   3.4718674935302435e-01	   6.4686548775244090e-01	   5.3261481902250651e-01	   2.0948237899172115e-01	  -2.6455861617690573e-02	   1.8906883858073908e-01	   1.5875441621757638e-01	   4.3807360731741629e-01	   4.8396434932844806e-01	   2.8899728365472778e-03	  -1.3079702668950435e-01	   3.2108943208488977e-01	   2.9016425680078095e-01	  -1.6133515743354276e-01	  -1.0997139354459244e-01	   6.6126888807828565e-01	   5.6856840126135066e-01	   7.0054839135068092e-01	   6.3109254590771235e-01	   5.3769962516096115e-01	   5.3435802934922083e-01	  -5.5946260276353847e-02	  -1.2229374498032509e-01	   3.3995903051817211e-01	   4.1543347291194643e-01	   3.4640701050214917e-01	   2.2068687044232391e-01	   7.3772884284873108e-01	   6.7785160101419184e-01	   2.5254798303213671e-01	   3.2658166118786913e-01	   1.5065483938340973e-01	   1.3332166524244329e-01	   3.0882729345194160e-01	   1.7275477127582856e-01	   2.9257597800517177e-01	   2.0958384643376857e-01	   4.9648929340662140e-01	   4.3650857695273171e-01	   1.6891717694078801e-01	   2.9844697303684903e-01	   3.7624954914902908e-01	   5.0366371866352833e-01	   3.8105984773622315e-01	   3.9206439146749211e-01	   3.4738120156188840e-01	   2.8060449956580058e-01	   1.4012306446521205e-01	   1.6546633934132277e-01	   5.2654268017746614e-02	   6.8921083551143653e-02	   3.8774261301447044e-01	   3.7072288677057558e-01	   3.8061090468212544e-01	   1.8822312381146775e-01	   2.9945333058134894e-02	  -1.3448156657205503e-02	   6.4701864143385612e-01	   4.8678725009587787e-01	   6.7947049970346640e-01	   5.6697217489296214e-01	   3.5131117553485136e-01	   3.2484668714427911e-01	   3.6407119569684704e-01	   2.4481973202366059e-01	   2.0163094054488337e-01	  -2.5611719956169378e-02	   1.7333554553464028e-01	  -2.8922050333365604e-02	   1.4472521055004106e-01	   4.3450465302560512e-02	   4.1179798744697240e-03	   1.1631550922485454e-02	  -4.5422980927011018e-02	  -9.5941946910449674e-02	   2.5900708132540795e-01	   6.5712155979163241e-03	   2.6210038729927365e-01	   3.7528037971591294e-01	   1.6004317078916197e-01	   1.0383024323672892e-01	   5.3663572332348841e-01	   4.3216302042633148e-01	   4.8155315069165006e-01	   6.3012717187668443e-01	   3.7764316589241792e-01	   4.1112791867026127e-01	  -1.2890398513232035e-01	   1.4673675183350579e-01	   4.2437167853873511e-02	   1.8815871025489997e-02	   2.1734734303704945e-01	   3.8541209420141687e-01	  -1.3464908881727464e-03	   1.4751205306474544e-01	  -3.5633959857587785e-02	   1.1816982451769785e-01	   4.7550871935956134e-03	   2.0317257145492479e-01	   1.4078205860493034e-01	   3.1729697324393008e-01	  -9.3317161181265457e-02	  -1.3733093469672253e-01	   4.9453193212559110e-01	   3.0675562104608756e-01	  -7.2618058795912890e-02	  -1.6107197830340181e-01	  -2.6482273910244747e-01	  -2.8159323087582772e-01	
   1.2400221798026487e-01	   2.0917969162935257e-01	   4.4594781985753595e-01	   6.7174316152496627e-01	   7.2006120169693721e-01	   0.0000000000000000e+00	   3.8041598674497834e-01	   5.6138444930563869e-01	   5.6235265505038445e-01	   8.1229516335890284e-01	   2.6225848624397485e-01	   2.3297359348743799e-01	   2.8232551686731416e-01	   4.3885367548653348e-01	   5.0360968507816706e-01	   6.1027630386459508e-01	   1.3873546758515481e-01	  -4.9846463939492762e-02	   4.1614652349088410e-01	   4.6091958419892726e-01	  -1.8370203007574104e-01	   3.8676354719860258e-02	   3.8711215123153320e-01	   4.3591625655576977e-01	   4.5451961496800158e-01	   5.8666774539949584e-01	   4.5817275254696166e-01	   6.9863683863970871e-01	   4.2616902978736132e-02	  -3.3246538826199705e-02	   2.8228477221915627e-01	   4.1410483562234202e-01	   3.7137826153419734e-01	   3.3775011124268384e-01	   3.9755882555518862e-01	   5.2775672746572599e-01	   3.1308930292828496e-01	   3.8346909774419724e-01	   1.3406110237918067e-01	   2.4704085141048904e-01	   3.9123176139881671e-01	   3.2152369192276520e-01	   4.1525469389789249e-01	   2.2547684837400800e-01	   5.0041177777434109e-01	   4.1535608450852091e-01	   2.6097689973312554e-01	   3.6190310281588634e-01	   3.8630467590275602e-01	   5.5667096507348535e-01	   2.8011753386648586e-01	   4.5155650245910101e-01	   5.1191397384654669e-01	   4.1064488727552800e-01	   2.8503430162430504e-01	   4.2471285618190718e-01	   2.0997964885658907e-01	   1.9594993767095170e-01	   2.6365012002793503e-01	   4.6714299641185775e-01	   4.0845744340272172e-01	   6.2926815748606268e-01	   1.2038626597013616e-01	   1.0308645054554860e-01	   3.1023801577881582e-01	   5.4473279108197392e-01	   5.1181704969660302e-01	   5.3783664865263459e-01	   4.8749636922440620e-01	   5.0218248587898595e-01	   2.9245735752356383e-01	   3.1421979428045832e-01	   2.7915746383358786e-01	   2.0931512106863126e-01	   3.1422955116603690e-01	   2.0556094382917606e-01	   1.7476483275350033e-01	   2.9291238360496707e-01	   8.0349555847238602e-02	   6.3086167228681170e-02	   1.4872537041884820e-01	  -4.5853617096115934e-02	   2.7549135343424747e-01	   4.6413390338187262e-02	   1.9209262422296886e-01	   3.7458525390797071e-01	   2.5571491579575828e-01	   1.9234421303962296e-01	   4.5413652195568732e-01	   5.8698412081450180e-01	   6.6482920935782674e-01	   4.2149426509255833e-01	   4.4729843169505057e-01	   1.4387272530232587e-01	  -2.5008740106911126e-01	   3.2519774166028736e-01	   1.0566097212651629e-01	   1.6136373966060696e-01	   3.8029306351117259e-01	   5.4639588916240522e-01	   1.9669193390059936e-01	  -4.4836567530012084e-02	  -1.5242298918860864e-02	   4.1452407705862421e-02	  -1.8168323706766581e-01	   3.6112112682935751e-02	   1.7542807645360334e-01	   2.1588648560891072e-01	  -1.9530811454967134e-01	  -3.2600691549476940e-01	   5.1306436441223158e-01	   4.4559382329863378e-01	   3.0157126466635178e-02	  -9.1173260962734523e-02	  -1.3911939916986216e-01	  -3.7613961767442788e-01	
   2.8346490003981878e-01	  -1.0709083232671272e-01	   8.5578668393095958e-01	   6.2376204262880020e-01	   6.8153734041055447e-01	   3.8041598674497834e-01	   0.0000000000000000e+00	   4.9570517783633872e-01	   5.9999545856610037e-01	   3.7327140723071389e-01	   3.2032836626507055e-01	  -6.3871526266568307e-02	   3.3980869698342009e-01	   1.8825201178108347e-01	   3.3472324586105101e-01	   2.1269905363159242e-01	  -7.2527635533000775e-02	  -1.4063026895613445e-01	   2.5351902385014657e-01	   2.5592884856247639e-01	  -2.5285782029526233e-01	  -3.0644162991922830e-01	   6.8090058263416986e-01	   4.4925096054333247e-01	   6.3451024962544578e-01	   4.7303591933429157e-01	   1.8966413765752227e-01	   1.7272719382854233e-02	  -2.1066781463491935e-01	  -2.3650350809057927e-01	   2.4873006880059650e-01	   2.8694118686036746e-01	   2.3718045266728932e-01	   9.1323162556666351e-02	   6.2022375400990415e-01	   5.0257821461790142e-01	   2.1568782328029015e-02	  -4.2469300110129587e-02	  -4.3376616450201515e-02	  -1.6834258643676997e-01	   1.8561166915253263e-01	   1.9876823303285940e-02	   1.8310658758199547e-01	   5.2375499734659853e-02	   3.3217018682692345e-01	   2.8574238741126534e-01	   3.2612386590608236e-02	   1.0302339300265503e-01	   4.7156297951532683e-01	   4.8420362556605434e-01	   5.0815288105450718e-01	   3.4904193950856999e-01	   2.2619521181740726e-01	   1.2912462116147924e-01	  -8.6026866047660425e-02	  -1.1441788650117690e-01	   1.6569044188114626e-02	   9.4515167740820014e-02	   5.8538071445512252e-01	   4.3468934347438559e-01	   5.1247753090536985e-01	  -1.1185885876972284e-02	   1.4574312016541613e-01	   1.1872038346585170e-01	   5.3271360338255103e-01	   2.2152481358420267e-01	   7.4677232152515116e-01	   5.0994295803152712e-01	   2.9515550134776264e-01	   3.9669516596124077e-01	   4.5150738424196257e-01	   2.2756146393636581e-01	   2.0238358587840715e-02	  -2.3359184312057726e-01	   2.1036838297274568e-02	  -2.1011523792864018e-01	   9.4787695875548250e-02	  -1.1774401126090317e-01	  -1.9811931848595479e-01	  -7.0857307024101507e-02	  -1.4097145227128990e-01	  -7.7896219931672811e-02	   1.0636057633901666e-01	  -3.4105331413058673e-02	   1.1845268430944228e-01	   1.8693171316634721e-01	  -1.5700051770678047e-01	  -1.6354031411913678e-01	   2.5217497776844677e-01	   2.9193243770401872e-01	   5.2047659460581330e-01	   7.9955505357263290e-01	   5.1441527187977565e-01	   6.3746319041409683e-01	  -8.3958231099940717e-02	  -6.0214462011668954e-02	  -1.1834454473257994e-01	  -1.6650648953011116e-01	   1.4331449526818199e-01	   3.4876536258648116e-01	   4.1629810195783779e-01	   5.5075644092783382e-01	   2.6586168742888239e-01	   4.5226527502135444e-01	   1.2657770254804865e-01	   2.8037812611182156e-01	   1.4875075682719391e-01	   6.1592439013494027e-01	  -1.3245730648035187e-01	  -1.8410742308156591e-01	   2.4454557731162413e-01	   3.0976669571402410e-01	   1.8266279968568574e-03	   1.0712567512257995e-01	  -1.5651846397492963e-01	  -2.0337183394485603e-01	
   4.7861903732318661e-01	   1.5350647423074232e-01	   3.2846341775270577e-01	   6.6493343524650972e-01	   3.4718674935302435e-01	   5.6138444930563869e-01	   4.9570517783633872e-01	   0.0000000000000000e+00	   3.8011885410768853e-01	   7.6485403769515914e-01	   4.3329355581643447e-01	   3.1871112844752431e-01	   6.1648196659409293e-01	   6.6548764417230089e-01	   3.5294332098968118e-01	   3.0098835799082468e-01	   1.9002607271265956e-01	   9.3865063223643012e-03	   3.4186782310744029e-01	   3.8572451484605424e-01	  -1.4704730661452342e-01	  -1.2731905079291864e-01	   2.6561579453495782e-01	   2.4456704639198312e-01	   2.4549899229643427e-01	   3.2671018745721397e-01	   1.8258776204251537e-01	   1.3883425057689558e-01	   1.5179230472618677e-01	   6.6493645243283883e-02	   2.5989899559606067e-01	   3.1510895661083033e-01	   2.8750665384645874e-01	   3.1838092301677784e-01	   1.2499884866475967e-01	   2.1325133619490286e-01	   1.5978333668368272e-01	   1.1154494061945328e-01	   1.2684095462124109e-01	   1.3815838444719233e-01	   2.9565184000265149e-01	   3.0083035180392742e-01	   3.2133740012288264e-01	   1.7365202961955867e-01	   3.6299798702443148e-01	   3.6070236329024419e-01	   1.8322348509996311e-01	   2.1734403212361558e-01	   4.5417414177369542e-01	   6.4251661085489786e-01	   3.4889041700347317e-01	   4.7432586960936030e-01	   4.6559348163304326e-01	   2.7808020543330592e-01	   1.5028381789495082e-01	   2.7765957914082828e-01	   1.0197254910825454e-01	   1.3541477500619889e-01	   3.4236456722548758e-01	   5.2574960086323719e-01	   6.1194541776769951e-01	   6.0519462173157024e-01	   2.1046537245780400e-01	   2.2789922433494691e-01	   7.0335732340296012e-02	   2.8956619428650959e-01	   4.2203122690556666e-01	   4.6499398717517826e-01	   3.4102594622091326e-01	   4.6340933300848780e-01	   2.4600152920193080e-01	   1.4028101586979100e-01	   1.7885113324682000e-01	   1.0426908096766666e-01	   2.9652380289709529e-01	   7.5743641611935308e-02	   1.5484727534046996e-01	   2.0383601781097124e-01	  -1.6202561511329427e-02	   7.2290017223942404e-02	   1.1417862559878052e-01	  -4.9646171665817307e-02	   1.5275568158171871e-01	   8.9383914472025469e-02	   2.6354681387704498e-02	   1.8131168695430974e-01	   4.6195925368910526e-02	  -4.4843660552282200e-02	   1.7731425978733889e-01	   4.0303036747336496e-01	   6.3279498146196655e-01	   4.0244358786291734e-01	   4.9780094104877814e-01	   2.0505469207938609e-01	  -2.0445774379626241e-01	   9.8999365196054165e-02	   2.0511894555071322e-02	   8.4759074073688906e-02	   3.4952641035267951e-01	   5.6394519796596343e-01	   5.6663053370737992e-01	   3.4329064911326790e-01	   2.0437855306683500e-01	   2.1618716181040976e-01	  -1.3029664952587083e-01	  -9.9138877904328848e-02	  -7.5428285013538765e-02	   4.5342909375885421e-01	  -1.7734763752316990e-01	  -2.9543903274406225e-01	   2.0628914595972744e-01	   4.0398999421329324e-01	   6.9401921661868954e-02	   1.8146310465780002e-01	   1.0759261339880732e-01	  -2.9344562619486736e-01	
   5.6209047601762346e-02	   1.2285605581243954e-02	   6.0325952061647592e-01	   4.7700519635681127e-01	   6.4686548775244090e-01	   5.6235265505038445e-01	   5.9999545856610037e-01	   3.8011885410768853e-01	   0.0000000000000000e+00	   4.8266841367686775e-01	   2.9678074624364559e-01	   5.6208832415821516e-02	   3.7351787063252828e-01	   2.5255221474713729e-01	   3.8212905736347941e-01	   2.7354862119095558e-01	  -1.1807467787370070e-01	  -2.3707490693950151e-01	   2.7357380718490132e-01	   2.6715861688273956e-01	  -2.6202480073141404e-01	  -8.9614979489522739e-02	   4.6129411048609809e-01	   3.4864603849616210e-01	   3.9498132554642912e-01	   3.0739498768206641e-01	   2.1768655114806817e-01	   2.6985461475178063e-01	  -2.7664220971923170e-01	  -3.2282974171440731e-01	   1.1917840950243030e-01	   2.4852137524098503e-01	   1.4097809716238763e-01	   2.0682699392374878e-02	   5.6351943265341664e-01	   5.2739658287204638e-01	   1.0800345578322189e-01	   9.1341807236677369e-02	  -2.5939885241636165e-02	  -7.2144984063526679e-02	   2.0331248418058084e-01	   4.4393277516506832e-02	   1.5978986029247150e-01	  -1.5295918340861279e-02	   3.0893178659520854e-01	   1.9448696636708379e-01	  -5.5602154968014753e-02	   9.0262203215054362e-02	   2.5368687119248579e-01	   4.0471381894404002e-01	   9.9064086372150195e-02	   8.9299572747884012e-02	   1.6887214593335959e-01	   1.1414952057781061e-01	  -1.0328961805496018e-01	  -1.2247164757537076e-02	   3.5863225030020138e-02	   1.5668277850469824e-02	   2.9158229185130519e-01	   2.7481764496982219e-01	   3.5802180677889694e-01	   2.6376495443260467e-01	  -3.0181988218302869e-02	  -6.0178971936316571e-02	   3.8456883881593318e-01	   2.6385625239345878e-01	   4.8369645310313270e-01	   3.0788250331945455e-01	   3.0627617279577579e-01	   3.1818402152027536e-01	   3.4970939066614370e-01	   2.2244648614734502e-01	  -7.5018591559963224e-02	  -2.3855615233725547e-01	  -1.1013864633574336e-01	  -2.1725196754114248e-01	   1.8618654418557978e-01	   8.5689818765843667e-02	  -1.9825663059581117e-01	  -1.2068352346635661e-01	  -1.4681901644201276e-01	  -1.2059153618092380e-01	   1.9813946677350885e-01	  -2.6235037362299676e-02	  -7.4202317962641781e-03	   1.8423104369162219e-01	  -1.3237216890843287e-01	  -1.3768806447245521e-01	   1.4200468817583958e-01	   2.6434647331836814e-01	   3.9492301151603887e-01	   4.9022761862263375e-01	   3.0616732254719464e-01	   3.5947509934072863e-01	  -1.8243839611782203e-01	   1.7268301583044571e-01	  -2.4362928291110802e-01	  -2.0658853487011136e-01	   6.0104501561962433e-02	   2.9133791498424105e-01	   1.6676077527280342e-01	   1.9029974808380398e-01	  -4.5418184699348711e-02	   1.6968119893250913e-01	  -6.3588793269146945e-02	   1.5975682729442656e-01	   8.7853784110823036e-02	   3.0584098469253201e-01	  -2.0460858455978767e-01	  -3.4767334395777549e-01	   2.0368590731862363e-01	   2.4390310319076269e-01	  -1.4861434005425667e-01	  -4.8383888509199384e-02	  -1.3377913881819006e-01	  -2.5615052105005476e-01	
   2.2857168773629635e-01	   1.2176667771755707e-01	   3.2111691469661985e-01	   6.0995653052754728e-01	   5.3261481902250651e-01	   8.1229516335890284e-01	   3.7327140723071389e-01	   7.6485403769515914e-01	   4.8266841367686775e-01	   0.0000000000000000e+00	   4.1168357133266631e-01	   2.5415087426516886e-01	   5.2578442685440419e-01	   5.6922359665235223e-01	   4.4067373309095015e-01	   5.0966315058263256e-01	   1.4264232372449945e-01	  -6.8486639224271464e-02	   3.5843598093547502e-01	   4.4078842922270300e-01	  -2.3736012426129544e-01	  -5.0222775734469038e-02	   2.9171332227180502e-01	   3.2218748345904846e-01	   2.5098831126015431e-01	   3.2948208714809041e-01	   2.6590917042483231e-01	   3.9177194461278586e-01	   5.3032633132445911e-02	  -7.4860047787008221e-02	   1.6448564282705058e-01	   2.8977680843747977e-01	   2.8093053678744284e-01	   3.1503428899890829e-01	   2.0245147873609520e-01	   3.3548838973150197e-01	   2.5920567556347912e-01	   2.4528346865533512e-01	   5.3904278029893546e-02	   1.6711505571262988e-01	   3.4263466077813876e-01	   2.8492697583447096e-01	   3.8686031840259150e-01	   1.6344831150914943e-01	   4.1775377254277479e-01	   3.7842418093054686e-01	   2.4111662177075066e-01	   2.8815974200936212e-01	   4.2961716182038268e-01	   6.2111936090555453e-01	   2.4030288390403570e-01	   4.0049967032318862e-01	   5.5137581742527275e-01	   3.8999529079383588e-01	   1.3774835562728974e-01	   3.5551801656516624e-01	   8.1475519909288280e-02	   1.2325246015204633e-01	   3.3012246021295988e-01	   5.1077463170311865e-01	   5.3118827639074317e-01	   7.2133339626658866e-01	   1.6746617934007296e-01	   1.2430521888988003e-01	   1.0435166105123472e-01	   3.3060312611323028e-01	   3.5008665190404586e-01	   3.5969406344283150e-01	   4.3154092665159327e-01	   5.0293656499820028e-01	   2.4947426300384193e-01	   2.8668572948506843e-01	   1.7707135484692060e-01	   1.3308316655595512e-01	   2.1891634158429857e-01	   1.0306427613024341e-01	   1.3413185602510660e-01	   2.4259454126823760e-01	  -3.2781901227299008e-02	   4.7235288669072242e-02	   9.0064170518365683e-02	  -8.3869473208087700e-02	   2.4157920904333127e-01	   6.3592030061238772e-02	   3.2339246043809548e-02	   2.6141585942438039e-01	   1.6838986999132211e-01	   7.0120708173146348e-03	   2.7888445778112780e-01	   4.7728018242087378e-01	   6.2272856487663497e-01	   3.6891782554117625e-01	   4.2991362396835775e-01	   1.2405263546553044e-01	  -2.2800141578411726e-01	   2.2996219093809223e-01	  -2.6559043597374571e-02	   5.8474611146327772e-03	   3.0547645540589602e-01	   5.6930452214601168e-01	   2.2722182828861456e-01	   7.5546546229375372e-02	  -7.0885065434853189e-03	   4.0754625562271739e-02	  -2.6121112154656584e-01	  -1.2118157304359134e-01	   3.8893984098011078e-02	   2.3877752093803811e-01	  -1.8580275646243394e-01	  -3.4079391619563759e-01	   3.0318530056029602e-01	   4.1545981945321986e-01	   6.2447763236008841e-02	   3.5059442282925263e-02	  -2.3640614015909701e-02	  -3.2647449591042438e-01	
   6.0409951456089317e-01	   4.2301710577611717e-01	   3.7431969553214528e-01	   3.6442912601495997e-01	   2.0948237899172115e-01	   2.6225848624397485e-01	   3.2032836626507055e-01	   4.3329355581643447e-01	   2.9678074624364559e-01	   4.1168357133266631e-01	   0.0000000000000000e+00	   5.9777840590325981e-01	   6.7083185367561782e-01	   5.9801621322496334e-01	   6.9405937979703380e-01	   4.5051561233342430e-01	   6.4524960485752447e-01	   4.4997299639397520e-01	   6.7746634364091785e-01	   5.6726452080846790e-01	   3.6311413012881530e-02	   1.4956695120628866e-01	   6.0449925648633163e-01	   3.9760097757009066e-01	   2.5483549806515138e-01	   2.1485073892277970e-01	   4.0381599760546549e-01	   2.7816465965163084e-01	   3.8163106998045759e-01	   2.9982930000867514e-01	   5.5091774700288898e-01	   5.6408870312308579e-01	   6.4487088244214463e-01	   6.2947567883860578e-01	   2.2057506150214751e-01	   3.0007207539939851e-01	   5.7537644711157565e-01	   3.9936820695247688e-01	   4.0144677384687638e-01	   2.7916528043894290e-01	   4.6098093239885224e-01	   5.1668185261676114e-01	   5.4812932070210707e-01	   4.7935432692775209e-01	   5.5184589639301884e-01	   5.7173149635208786e-01	   4.5799259053891495e-01	   5.7044353750901644e-01	   2.1257789166260063e-01	   4.0845791231538398e-01	   1.4444191597818254e-01	   3.0239007146198449e-01	   2.7183793704267661e-01	   2.9822646508622985e-01	   3.2649931177423175e-01	   4.5824172995188245e-01	   5.1328699291771307e-01	   2.0392824953091224e-01	  -7.8104644657553929e-02	  -1.1834568375062814e-01	   6.0091152675821891e-01	   2.5067937392304152e-01	   7.0591843833145518e-01	   5.1473217123068304e-01	   3.5150213243194489e-01	   3.4370694181728456e-01	   4.5828562604657314e-01	   5.1001375448118813e-01	   6.2696936127498992e-01	   5.6585070904370993e-01	   6.3537319185032959e-01	   4.3685343567678891e-01	   4.5718761776768019e-01	   3.9483928053613448e-01	   4.7358211389648963e-01	   2.8319122801653057e-01	   6.4632607474212811e-01	   4.8322186188332994e-01	   3.9838378012247566e-01	   4.8786554006306437e-01	   5.9858766801004271e-01	   5.4485118598238480e-01	   4.8669573283018269e-01	   4.3996363902131125e-01	   6.0866825288652937e-01	   5.7355569166494857e-01	   5.2094305261179552e-01	   4.0980302881542335e-01	   5.0144740121386155e-01	   5.4908376245356205e-01	   5.2475665612550337e-01	   1.5559069018377231e-01	   2.1903845004436789e-01	   1.3270629630749281e-01	  -3.1603041859805114e-01	  -1.8005796006427871e-01	   3.0958041568145778e-01	   2.2429688572995465e-01	   5.4430845269976902e-01	   6.9185868524525174e-01	   3.7645665332252126e-01	   2.6520554908896560e-01	   3.0044048188559724e-01	   3.6601297391103149e-01	  -2.3259880509821046e-01	   1.1279497175215064e-01	   1.8258127145265285e-02	   3.3888968967232236e-01	  -2.8801247097247495e-01	  -2.7355915620996157e-01	   4.2532882613110073e-01	   5.0277036487535831e-01	   4.7422747721279142e-02	   2.0290127892462644e-03	  -1.4122029196979080e-01	  -4.8999454793275521e-01	
   4.8111657453761875e-01	   6.8459750990311607e-01	   2.2931409222050773e-02	   3.2401683482400823e-01	  -2.6455861617690573e-02	   2.3297359348743799e-01	  -6.3871526266568307e-02	   3.1871112844752431e-01	   5.6208832415821516e-02	   2.5415087426516886e-01	   5.9777840590325981e-01	   0.0000000000000000e+00	   3.9158411745719934e-01	   7.4909166268093885e-01	   5.1173149451460542e-01	   5.3158274105248038e-01	   7.2448425865825450e-01	   5.8585684922467618e-01	   6.5315868561399226e-01	   6.4243395177620000e-01	   4.6085289006946910e-02	   1.8590278598488094e-01	   2.6901888309875455e-01	   4.2695549397170357e-01	   3.2025106931473528e-02	   1.5341078374497058e-01	   3.3232351690788797e-01	   3.1018351596847915e-01	   6.1772327789329584e-01	   6.2280493774696011e-01	   5.2653257509811580e-01	   5.3672917770416795e-01	   6.5555196369613300e-01	   7.4454254164836942e-01	  -6.3733236458873868e-02	   1.3727888299726101e-01	   5.4006302876818824e-01	   5.2072266705727066e-01	   4.6752669093454707e-01	   3.9304155670145263e-01	   4.8408195888047650e-01	   6.0717716057577065e-01	   4.8603227783163744e-01	   5.3178323533735616e-01	   5.4354968995722130e-01	   4.7827748141610416e-01	   4.2867240086927660e-01	   5.6666372856150327e-01	   2.3322407229489683e-01	   3.2097543819661800e-01	   1.3255337522411159e-01	   3.3241053292065287e-01	   3.4323918104866435e-01	   4.5832876046455023e-01	   4.7938162001757445e-01	   6.5755251731824371e-01	   6.0903042689427078e-01	   3.0606128462310239e-01	  -1.9897841610875722e-01	  -1.3809044298766154e-01	   4.5016099274468013e-01	   3.1287341266607821e-01	   6.6179832035680120e-01	   7.4338702594715866e-01	  -1.9714118264989262e-02	   2.6895931819786062e-01	   2.3338926703805685e-01	   4.6558387598008127e-01	   5.5414738700414556e-01	   5.2630285934742904e-01	   3.8254654496155271e-01	   3.7515489337186453e-01	   5.9882315309413736e-01	   6.2438724866271644e-01	   6.3207067699796626e-01	   5.5835697941027451e-01	   5.8343286532539640e-01	   6.2124226213652700e-01	   5.6301280213186522e-01	   4.2331020572039096e-01	   6.7823070268968033e-01	   5.2473732172445287e-01	   4.4157185716737524e-01	   5.4852174838301293e-01	   4.4189571656348281e-01	   5.3863390627232077e-01	   5.0556060154060911e-01	   4.9386887199532803e-01	   3.5382259137740318e-01	   6.1682615743568681e-01	   4.5477530670123811e-01	  -1.6017323781652107e-01	   7.5196650483598595e-02	  -2.0336082107632639e-01	  -4.1395185315634986e-01	  -1.6741121312257393e-01	   3.4379916558715001e-01	   3.7543636691608517e-01	   6.6695208258576300e-01	   6.3717635907958359e-01	   3.9467836999305073e-01	   2.7683005088798347e-02	   3.2082088724180591e-01	   2.2160868588282606e-01	  -3.0017459197687318e-01	  -2.3659974692122626e-01	  -1.2995208172898390e-01	   1.1838779582504766e-01	  -3.6161307916454077e-01	  -1.5339066119853645e-01	   3.6978691362461968e-01	   4.3414627582312959e-01	   5.0061064532841010e-02	  -9.3753909810946418e-02	  -1.9670250956614119e-01	  -4.9731374895308744e-01	
   5.3560407391934917e-01	   2.5592384653398692e-01	   2.7626208525828588e-01	   3.2378368930519552e-01	   1.8906883858073908e-01	   2.8232551686731416e-01	   3.3980869698342009e-01	   6.1648196659409293e-01	   3.7351787063252828e-01	   5.2578442685440419e-01	   6.7083185367561782e-01	   3.9158411745719934e-01	   0.0000000000000000e+00	   6.8290820212052739e-01	   5.2550034256211531e-01	   3.1486521438430098e-01	   3.0854798849888709e-01	   1.3966046887184136e-01	   4.2383417018973624e-01	   4.0327069506420160e-01	  -1.8913853576983084e-02	   2.1154629228906222e-02	   3.9174692518691911e-01	   1.9850736865863997e-01	   1.3074062996251085e-01	   1.1674401118169024e-01	   1.8343306090933767e-01	   3.6283887034499966e-02	   2.9668448748036702e-01	   1.9651685580897232e-01	   3.0291398079221304e-01	   3.6721856506968692e-01	   3.0248716483552779e-01	   3.4139653810861209e-01	   6.7988291856326627e-02	   1.2347376985545200e-01	   3.1379248040627000e-01	   9.3459981607116785e-02	   1.5617490254622068e-01	   1.1017058229434215e-01	   2.8947177005825642e-01	   3.3200974629117841e-01	   3.0441907591315492e-01	   1.6527884238327603e-01	   3.5881828366081403e-01	   3.8034067771512781e-01	   2.3902985507085139e-01	   2.4381961198072974e-01	   2.9948403059173506e-01	   6.2194794091384575e-01	   2.5873030939400748e-01	   3.7951131952254685e-01	   3.7322209215179564e-01	   1.8486267891232877e-01	   1.7442491197807247e-01	   2.3707694666532089e-01	   2.2425435427656171e-01	   1.3152871567355148e-01	   2.0399734859658208e-01	   1.6391598387621681e-01	   6.9489613879863610e-01	   3.2938281955415016e-01	   3.7748234811618125e-01	   1.9593462558094843e-01	   3.1952654280853116e-02	   1.1846574800023271e-01	   2.5747437261338529e-01	   2.8661512941252537e-01	   3.8407244431392096e-01	   4.1331626443250358e-01	   3.3954074418914559e-01	   1.5798151298473773e-01	   1.6756481686212046e-01	   1.8409556032862681e-01	   2.6405620258217288e-01	  -3.4332540579530340e-03	   2.8580615826830386e-01	   2.5816702423058363e-01	   1.0136505817679440e-02	   1.9498439763548076e-01	   2.1836688271062610e-01	   8.1051537876641155e-02	   3.1879136512784373e-01	   3.4659073439942895e-01	   1.3888818951799678e-01	   1.6913516450202495e-01	   1.5876335129483798e-01	  -3.2527072582652222e-02	   2.7325954154643073e-01	   3.0869426967105240e-01	   3.8385246660981404e-01	   2.7063307994351238e-01	   3.1756492674312264e-01	   3.5061776135417633e-01	   1.4083684363570784e-03	  -8.0682512593792222e-02	   8.9868929476397685e-02	   5.8797904653885624e-02	   3.3546784764976983e-01	   5.2925260699162990e-01	   3.9931563958883698e-01	   4.7893471619187533e-01	   2.9897718170439036e-01	   4.0805183638588705e-01	  -1.9546667209411628e-01	  -5.3394307354429238e-02	  -8.4393737559008281e-02	   4.2892599587864716e-01	  -7.5444627463239801e-03	  -7.5338214316285512e-02	   2.5490318335961853e-01	   3.5225768759318499e-01	   2.0216016552344601e-01	   2.1128787332610127e-01	   1.7096792276306891e-01	  -2.7924432029752017e-01	
