   0.0000000000000000e+00	   6.9727763952585753e-01	   7.2200787583624282e-01	   7.2779690860457302e-01	   7.3668377712436517e-01	   6.1092072803749642e-01	   7.2227479256168403e-01	   6.1025190241359906e-01	   6.1056602015375794e-01	   4.8730235732641003e-01	   7.6734915670384196e-01	   6.8446610163843480e-01	   7.2516370474717640e-01	   6.9406465684101371e-01	   6.7761993949632693e-01	   7.3275902925254233e-01	   5.4011022306351353e-01	   2.8189290938847095e-01	   6.8608903588889747e-01	   6.3830478995290452e-01	   6.8695279624995886e-02	   3.8936040098481972e-01	   6.4480600523041165e-01	   6.5388618037581747e-01	   4.0200125649468560e-01	   3.7729751655497679e-01	   7.1761441661985692e-01	   6.8465155791089938e-01	   3.2263719949932829e-01	   1.3239874904858479e-01	   2.5824121568121466e-01	   3.6434603030242585e-01	   5.6237363952242236e-01	   5.3017208618947920e-01	   4.4655981017702195e-01	   2.4794942213563870e-01	   2.8756512187715505e-01	   4.1956078054153323e-01	   3.1977296235174868e-01	   3.8038587121115008e-01	   3.0371543198905426e-01	   5.3550489612831528e-02	   3.8705144980372591e-01	   4.7075036941763898e-01	   2.8300985849746557e-01	   2.4615153094113076e-01	   4.0122224191024769e-01	   3.4666057385489735e-01	   3.8746608414499190e-01	   4.6003837543481918e-01	   8.1061304353791852e-01	   6.0579371082204181e-01	   6.0814090112742347e-01	   3.9475680551069769e-01	   7.1720624984388803e-01	   5.5873206141804999e-01	   5.4834999870158796e-01	   5.1034448750482864e-01	   7.2705501333279110e-01	   4.8938272504373115e-01	   6.5322821811092691e-01	   4.3627115726097682e-01	   4.4852704747931788e-01	   2.9391381535514627e-01	   4.8650479992361895e-01	   5.2057004523156758e-01	   6.4315976445143408e-01	   6.2097436093249070e-01	   5.5825440964332906e-01	   3.8043559401324334e-01	   4.8802839061267578e-01	   5.7703840625367064e-01	   6.4268364411259449e-01	   5.0988292735930851e-01	   6.7622860797168827e-01	   5.8743185689050614e-01	   5.9883338238390871e-01	   4.9831395491515335e-01	   3.8226574088346810e-01	   4.5507314254553077e-01	   4.7992132243702967e-01	   4.6877845648915017e-01	   5.5591439418245336e-01	   1.1254871474606723e-01	   6.4988442202683028e-01	   6.8691054171017352e-01	   5.7855967222472959e-01	   2.9424362691239536e-01	   6.7021889713323968e-01	   6.0924683945266755e-01	   4.5682816956014871e-01	   4.7626418662857839e-01	   3.6580729164176923e-01	   4.4281795620421327e-01	  -1.9285597784376557e-01	  -1.2697258217274543e-01	   3.7168821824999093e-01	   1.8525809199141871e-01	   4.6423490748730317e-01	   3.2383267197600957e-01	   2.4749138345006433e-01	   3.3610256061835586e-01	   1.1327009484858493e-02	   1.7867614092675579e-01	  -9.5489481711177986e-03	   2.7228486760891091e-01	   1.8484660318947477e-01	   2.9986737755939430e-01	  -1.2203593336105779e-01	  -1.4418235543323565e-01	   3.2906122233854784e-01	   2.6468634724267037e-01	   3.8768720613386232e-01	  -1.7307067472644344e-01	  -2.6171847258730657e-02	  -1.0343185589143239e-01	
   6.9727763952585753e-01	   0.0000000000000000e+00	   4.5071725870703827e-01	   4.7245826356503084e-01	   4.9845243799640393e-01	   5.3963459156859839e-01	   3.7477199370996039e-01	   4.4526427165506310e-01	   2.8013299106833212e-01	   3.1182270259724654e-01	   6.1835404637187974e-01	   7.0818738671857739e-01	   5.2260801163118531e-01	   5.7223650270208792e-01	   6.5864874097964909e-01	   6.3685911708082943e-01	   6.8959422316811469e-01	   6.5180710240827899e-01	   6.5856600431854562e-01	   7.8401561129778274e-01	   9.8870340364518597e-02	   4.4359714811534623e-01	   5.6215650205182566e-01	   5.0623727197446111e-01	   5.6929108538997597e-01	   4.7941642397561890e-01	   6.8413775857322823e-01	   5.7783101958048588e-01	   5.6686725378465097e-01	   3.9115441384667737e-01	   3.5682031623163057e-01	   3.9541666284373517e-01	   5.1616142048105229e-01	   5.5575548661718965e-01	   3.4650338113073265e-01	   2.5105122732032914e-01	   4.3704982607616560e-01	   5.5319882642886742e-01	   5.1103785002537372e-01	   5.6631003356199749e-01	   5.1878896396656060e-01	   4.1586301488888539e-01	   3.6635910904036023e-01	   3.9204505819603064e-01	   1.0942842563853736e-01	   1.1572559995648471e-01	   4.2849647143659858e-01	   3.7749468057046015e-01	   2.2370121088216716e-01	   2.0832291492227545e-01	   5.6654615272522468e-01	   2.6392257064972180e-01	   6.3925586473957952e-01	   3.4530671097298649e-01	   5.5973191429678482e-01	   4.6439578413405408e-01	   7.2872680042120763e-01	   8.2787733465197288e-01	   5.4163015873679599e-01	   5.0449637512453716e-01	   3.1137648812319341e-01	   2.7939075352286147e-01	   3.6983177745031970e-01	   3.6651290741685871e-01	   1.6352015443919729e-01	   2.3782157641362900e-01	   3.4511816030431453e-01	   3.8453793663490499e-01	   7.1354884223984072e-01	   5.4260964517014210e-01	   3.8103375906331632e-01	   4.7248778914632922e-01	   7.3544369713924573e-01	   6.7619699719957049e-01	   7.2258143489592630e-01	   7.3137556305805984e-01	   7.1402998499851889e-01	   6.2266911987342710e-01	   5.6771066989162566e-01	   6.0653160648390225e-01	   7.2067495220237865e-01	   6.9906473846492012e-01	   7.2385008469680401e-01	   3.5686674867048501e-01	   6.4617240363319750e-01	   5.2809698009176520e-01	   6.4888824360099873e-01	   2.8437487761231073e-01	   4.4607357689562160e-01	   5.3954032066496882e-01	   4.8513340068222321e-01	   4.4939595117868347e-01	   4.5556217966327650e-01	   4.1174078149133658e-01	  -1.7642123113835273e-01	  -2.4863928164393312e-02	   4.0960237268131672e-01	   2.6277109640459689e-01	   5.6647504567257145e-01	   5.1234608491588118e-01	   2.4558478864689803e-01	   1.7469908052539462e-01	   1.5250183210809629e-01	   3.4946661306771132e-01	   1.2365447583078762e-01	   1.7901710551623065e-01	   4.6131083357803482e-01	   3.2925873954354634e-01	  -1.4931174782349513e-01	   9.3272380439792399e-02	   5.0246205275000222e-01	   4.9506413491794588e-01	   4.2394115863603382e-01	  -6.9920588870333589e-02	   6.9554664666445082e-02	  -9.4080963846517346e-02	
   7.2200787583624282e-01	   4.5071725870703827e-01	   0.0000000000000000e+00	   7.0409854949760775e-01	   8.4308199804121986e-01	   4.4491794645105032e-01	   8.4116908035793736e-01	   4.9137713374829745e-01	   6.7365591252461521e-01	   4.0683670166930425e-01	   6.6113685445732706e-01	   3.8852931901359500e-01	   6.1344014465889907e-01	   3.5736052786157091e-01	   6.4525521721266488e-01	   6.1554576280161932e-01	   2.7811244711108796e-01	   6.8317097416265959e-02	   7.0137690630162508e-01	   4.5812149049545692e-01	  -2.4149619707760146e-02	   2.1070523878218750e-01	   8.4491134024328018e-01	   7.1952359415083378e-01	   5.3230179817806411e-01	   5.0599755088948561e-01	   7.3604205843119952e-01	   6.2469112446925323e-01	   1.9590864063505262e-01	  -1.7291320773815361e-01	   4.1499473008871196e-01	   4.4283038889686066e-01	   6.0477527097757555e-01	   4.4418352440782471e-01	   7.0518077336155871e-01	   3.6550183908301281e-01	   3.9399044608701850e-01	   4.4244872061158280e-01	   3.7529918757244918e-01	   3.6174985057007192e-01	   2.1910859988682413e-01	  -3.3857469522445817e-02	   4.2935710561697471e-01	   4.7451244145610405e-01	   2.8927510985693505e-01	   1.3638435772021232e-01	   4.3349942723449042e-01	   4.0162356845729519e-01	   3.4826041855695444e-01	   4.0296715486323420e-01	   7.8053372922812714e-01	   5.9988808270657956e-01	   6.8742606217646007e-01	   4.7838770262231745e-01	   6.4354759317301558e-01	   4.4857870645756759e-01	   4.6489674397086156e-01	   5.0869762948230046e-01	   6.3583917096621168e-01	   4.4484000847873079e-01	   5.7617579292530818e-01	   3.1615602929940806e-01	   2.1387564678248064e-01	   7.0923449175529452e-02	   6.6634909483823845e-01	   5.2397506126416349e-01	   7.6592604844685042e-01	   6.3795583403088818e-01	   4.9175396497302248e-01	   3.8972175683697363e-01	   5.8224914044260834e-01	   6.1520586066211047e-01	   5.6143893308942983e-01	   3.5001161194862301e-01	   6.0797334387367308e-01	   4.5913840714761367e-01	   6.6263883392208478e-01	   5.6588226418170384e-01	   2.6820199637678932e-01	   5.2134446656199451e-01	   2.5309286942444531e-01	   4.7683574486553909e-01	   5.6493964770653138e-01	   9.6422283612480369e-02	   7.8367783430104010e-01	   7.7018457045953503e-01	   6.6653897150126951e-01	   4.9484350286534406e-01	   6.8040066419026091e-01	   6.7421452010024807e-01	   3.5033420531331877e-01	   5.0314191181535584e-01	   3.1008652005305071e-01	   5.1571429665037738e-01	  -2.2312306717465960e-01	  -2.1477470887171463e-01	   3.9652930685452625e-01	   2.0308107000157843e-01	   3.4272189108361795e-01	   2.5147675958740345e-01	   1.4448778100893869e-02	   3.7774204756084334e-01	  -6.9156059304076950e-02	   1.2254508601090425e-01	  -1.8510650183395391e-01	   3.0368862887616899e-01	   1.7030999405669192e-01	   2.6605093512708966e-01	  -1.6948447226160684e-01	  -3.1942528859972051e-03	   4.5166656238578629e-01	   3.2313835300050509e-01	   2.2454396353651562e-01	  -1.7012441152110064e-01	   2.4617579944437572e-04	  -2.6746201186531365e-01	
   7.2779690860457302e-01	   4.7245826356503084e-01	   7.0409854949760775e-01	   0.0000000000000000e+00	   6.9142586927248373e-01	   7.3574451940332830e-01	   7.6222569936970719e-01	   8.4143965616421901e-01	   7.5449655703684981e-01	   7.5711243455977661e-01	   6.1938008735171857e-01	   5.2760662947188974e-01	   6.3211577365697158e-01	   6.1957620149350168e-01	   5.6523097985981652e-01	   7.6692439983614791e-01	   4.2466093279509587e-01	   2.5423000374615853e-02	   6.5672832257379787e-01	   6.1078391674625254e-01	   1.0028381147864315e-01	   2.8659010338757124e-01	   6.8921371526346908e-01	   8.4166960050661532e-01	   4.3238554172953647e-01	   5.9463464968495794e-01	   5.8827124637854911e-01	   6.6689398087255836e-01	   2.8822215322244660e-01	   4.2838282784639862e-03	   3.9156322406947514e-01	   6.2240706585472139e-01	   5.9773262887567136e-01	   6.6092404255126014e-01	   5.1181745257554101e-01	   4.3861162506899587e-01	   3.4738704525985997e-01	   4.9276600645196877e-01	   3.2144443019977309e-01	   4.9299246403786057e-01	   3.5387760065184692e-01	  -7.0842431024583707e-02	   4.5742708410599497e-01	   4.8981273583796658e-01	   5.0350840538427932e-01	   4.6472859134613898e-01	   4.0697783855750735e-01	   4.5627335909125211e-01	   4.6556926638213592e-01	   5.9929500916255840e-01	   7.4814911586368604e-01	   6.9986978348323692e-01	   6.6912528325943676e-01	   5.8835411229355294e-01	   7.4780434549872332e-01	   6.7445839460461299e-01	   5.1081823350275801e-01	   4.9134124109414723e-01	   7.7030609469070466e-01	   6.5686829708297978e-01	   7.3322989962194063e-01	   7.0404560524770687e-01	   3.6041358535893547e-01	   3.1787145540098777e-01	   6.5942232483261853e-01	   7.8029403653322016e-01	   7.2192009883655772e-01	   8.1068031924597828e-01	   4.6479896345831639e-01	   3.9651028749442152e-01	   3.8389296528189981e-01	   5.4276367783202772e-01	   6.0157872983427296e-01	   4.2484815814869925e-01	   6.1051815160486278e-01	   6.2369778653611807e-01	   5.7676199260842553e-01	   4.9328280229837074e-01	   3.7123927054351102e-01	   3.6598930344300939e-01	   3.8397819748717293e-01	   4.2920744330557414e-01	   6.2225094675791359e-01	  -5.7235454245278712e-02	   6.7596216972236212e-01	   7.5012691749919491e-01	   5.9141351062081438e-01	   3.8887419818963026e-01	   7.3386177024713817e-01	   7.3082615693463460e-01	   5.7250231120970085e-01	   5.2091202287287530e-01	   4.5733430808842995e-01	   3.9674584055343981e-01	  -2.4852421821235310e-01	  -7.0120000567365684e-02	   3.3007176914009184e-01	   3.0804709117984008e-01	   4.8458485515070665e-01	   3.4410372389661842e-01	   1.6385123030840326e-01	   3.3458337266108612e-01	  -7.7999119016285395e-02	   7.1586092228887344e-02	  -1.0254378539171061e-01	   3.2504531006965670e-01	   1.5836961409003691e-01	   1.8881480046863258e-01	   1.8544363461208350e-02	  -8.0833091286926978e-02	   3.8185363850084381e-01	   2.4655041759719723e-01	   2.5794017499683186e-01	  -6.6337872804051012e-02	   6.2153800068671244e-02	  -1.2226467260201199e-01	
   7.3668377712436517e-01	   4.9845243799640393e-01	   8.4308199804121986e-01	   6.9142586927248373e-01	   0.0000000000000000e+00	   6.2595471308993322e-01	   7.7977481718248032e-01	   5.8803006508268341e-01	   7.6969274015102163e-01	   5.7968258409390461e-01	   7.8035353445974920e-01	   5.5272345713894722e-01	   7.2921436003824880e-01	   5.3048299488037243e-01	   7.4981937658172682e-01	   7.1723394516731465e-01	   3.5944221638553009e-01	   1.2842584241368299e-01	   6.4441064747458188e-01	   5.4290423201589644e-01	  -1.0915083511666790e-03	   3.2066666861911319e-01	   7.6229824341445296e-01	   6.8358472128137693e-01	   4.3161816243655532e-01	   4.4923618688664196e-01	   7.8446089231817051e-01	   7.4237574449354038e-01	   3.7825468928543315e-01	   4.7579762298624900e-02	   4.7766410411883420e-01	   5.6545117524839195e-01	   5.8679639389680072e-01	   5.5166157961300544e-01	   4.6707545676482942e-01	   2.0528733323855936e-01	   2.1917445198405999e-01	   3.9445751574122767e-01	   2.1430417782780931e-01	   2.8222951771227034e-01	   2.3968981610920109e-01	   2.4776225996921322e-02	   4.3297773995316324e-01	   4.4804273952613194e-01	   3.5483846706460320e-01	   2.6806088056307892e-01	   4.8652631916223932e-01	   3.9510893044118611e-01	   4.3328477901399409e-01	   5.3791029729699025e-01	   7.7224150674755077e-01	   6.2073134169994126e-01	   6.6231139369658276e-01	   5.4756199633344749e-01	   6.2931488079497067e-01	   5.0064328729073471e-01	   5.0476737010175809e-01	   4.4889716057645607e-01	   5.7687038822758852e-01	   4.3960794416093463e-01	   5.8264713864055628e-01	   4.2577158038253959e-01	   3.1010308358514704e-01	   2.4049432024142964e-01	   5.5872899699501999e-01	   4.9647530735207385e-01	   5.8817904545993038e-01	   5.1484335685567406e-01	   4.7035113387339245e-01	   3.1906316329608525e-01	   5.4853897246495731e-01	   6.6304452934940983e-01	   6.1587430840861779e-01	   5.2841855208535515e-01	   6.5228735392794579e-01	   5.7572230183989692e-01	   5.9990634424389644e-01	   5.2222037076167094e-01	   3.5071867048841565e-01	   5.0524083268939812e-01	   3.9011977297954642e-01	   4.9997762090491638e-01	   5.2729745853717080e-01	   1.7822867571622453e-01	   7.0932981391082606e-01	   6.3114457377975997e-01	   6.7144078057580292e-01	   3.4925124917432204e-01	   6.2146763559032991e-01	   5.4615457003271972e-01	   2.6403746048227772e-01	   3.8270555169294879e-01	   1.7118759950146012e-01	   3.5780011800795397e-01	  -3.1646383172275061e-01	  -2.0061293683283335e-01	   2.6054575811317571e-01	   1.1338031120310289e-01	   3.4986713663298236e-01	   2.8402756830063702e-01	   1.2065258384046146e-01	   2.3422934461204914e-01	  -1.2264181096402864e-01	   5.1628689012708270e-02	  -1.6005651200977478e-01	   2.0399766898191418e-01	   1.3630310569115922e-01	   1.0715264386007374e-01	  -2.2656726772873725e-01	  -7.3075731015686013e-02	   3.1985707220764192e-01	   3.5309156455746576e-01	   2.1091727407339789e-01	  -1.5432447272702951e-01	  -2.5476948191893705e-02	  -1.2418685658526504e-01	
   6.1092072803749642e-01	   5.3963459156859839e-01	   4.4491794645105032e-01	   7.3574451940332830e-01	   6.2595471308993322e-01	   0.0000000000000000e+00	   5.8020486334963384e-01	   8.9184205700436125e-01	   6.4250406228482160e-01	   8.8042518223888133e-01	   6.2345899497188428e-01	   6.2722151999479336e-01	   6.8142257994080302e-01	   7.6325331893127357e-01	   5.4991158925644057e-01	   7.3628475398016746e-01	   6.4086619558119318e-01	   3.4204194595847925e-01	   5.5136323982402113e-01	   6.2892817101852105e-01	   1.1926820529744109e-01	   5.2409056190698333e-01	   5.6136349649835260e-01	   6.7742018681296678e-01	   5.0783630188573226e-01	   6.2015896661535064e-01	   5.5981323316865650e-01	   7.3961486724981640e-01	   4.4096411165322458e-01	   2.7676713423956917e-01	   4.8054873520781055e-01	   6.8952672819439653e-01	   5.7588547994929462e-01	   7.1007722448146282e-01	   3.4788364248371556e-01	   3.8143063147147638e-01	   2.1626007522926050e-01	   4.4947474130911380e-01	   2.2381652272930364e-01	   5.1464710839103289e-01	   3.6204113538433491e-01	   2.3223190814615885e-01	   6.3420442361896412e-01	   5.8413533697807007e-01	   7.0824400307167990e-01	   6.9970227703926202e-01	   6.1695951110568248e-01	   6.5852659923895773e-01	   6.0248873315910367e-01	   7.3952254755429958e-01	   6.7222565142543034e-01	   6.2308619270380261e-01	   6.3234949450752187e-01	   6.2370974303660542e-01	   6.9918370178415479e-01	   7.7264684268671380e-01	   5.1934636050689365e-01	   4.1664795073337402e-01	   5.6349567725622329e-01	   5.7544901979314900e-01	   5.8723038436137120e-01	   6.8163761652138943e-01	   5.3866095003237469e-01	   5.9892147047113720e-01	   4.2060514471964933e-01	   6.8686272424085015e-01	   4.3389790004323092e-01	   6.4720448379019069e-01	   4.2034756252579897e-01	   3.3761586119564263e-01	   3.5504084046031026e-01	   5.0386017794380689e-01	   6.8379571488463997e-01	   6.6366625394701328e-01	   6.8084158098161840e-01	   6.9467675435131981e-01	   4.7445102087133867e-01	   4.6915067601454652e-01	   5.8893984013667122e-01	   4.6036792817295763e-01	   6.4946637302205557e-01	   5.2716010000086211e-01	   4.7147335931229928e-01	   2.0415639571234134e-01	   5.0370796426683739e-01	   4.7280449876353414e-01	   3.7879164010015559e-01	   1.7891390835682511e-01	   5.4506430542989459e-01	   5.5025010652356121e-01	   5.9902448447881296e-01	   5.3314344412605219e-01	   4.1858342153504918e-01	   3.0657780468596590e-01	  -1.9851310831935681e-01	  -2.0926716203506435e-01	   2.8527911118125659e-01	   3.4783212195137725e-01	   6.2345706404057488e-01	   6.6538926450973146e-01	   3.9515092734063295e-01	   2.4510543297201551e-01	   7.1999989976024886e-02	   2.1867746654865383e-01	   1.2985865424226792e-01	   9.9186619179652769e-02	   2.4653332288605062e-01	   1.6244526958462346e-01	   3.5908879190907073e-02	   1.8693762996896103e-02	   3.9870749440687403e-01	   5.1536592907499212e-01	   2.0713541714847694e-01	   7.8704236544508172e-02	   8.5551910700711789e-02	  -1.7894618057542344e-01	
   7.2227479256168403e-01	   3.7477199370996039e-01	   8.4116908035793736e-01	   7.6222569936970719e-01	   7.7977481718248032e-01	   5.8020486334963384e-01	   0.0000000000000000e+00	   7.2173831450091797e-01	   7.9707972734524968e-01	   5.9460010197950375e-01	   6.8437553756731351e-01	   4.4089171410725131e-01	   7.1965513070344134e-01	   4.8406062543785522e-01	   5.4618476925196535e-01	   6.1311295603058102e-01	   3.4236312040898409e-01	   3.7957250979445074e-04	   5.9483184319245508e-01	   5.0069671354175682e-01	   5.7751902497918797e-02	   2.7688256726405625e-01	   6.3431600814767897e-01	   6.0449486383270823e-01	   4.5613729637567801e-01	   4.8411575031107046e-01	   5.6174029686263061e-01	   5.9509176489750226e-01	   2.5985477648226818e-01	  -9.7638321462124256e-02	   4.0232855735192974e-01	   4.9126414823253839e-01	   6.7082989934300674e-01	   5.8266409504530259e-01	   6.3344013386941689e-01	   4.3784693738337749e-01	   2.8011850947952960e-01	   3.6912855772812792e-01	   2.2247827547834112e-01	   2.9361216042050209e-01	   1.9232042457732512e-01	  -1.5334097499986904e-01	   4.8427815611732417e-01	   5.1205895816600167e-01	   5.3489325466335869e-01	   4.1464952798487237e-01	   4.2645672794074646e-01	   4.4655173532223597e-01	   4.6189892750043715e-01	   5.1480582348748627e-01	   7.7919105173675041e-01	   6.2804687815019200e-01	   6.2067813902907498e-01	   4.9819787444388919e-01	   7.1192599488807939e-01	   4.9324366273711584e-01	   3.7325433322033008e-01	   3.3218234301007182e-01	   7.0882850746281323e-01	   4.7834935213359253e-01	   7.1820912995521435e-01	   5.0044396417690162e-01	   3.2500073275496927e-01	   2.8262137857502789e-01	   7.1192147691978480e-01	   6.7055891372868781e-01	   8.2111994634536312e-01	   7.4238150735294794e-01	   3.6880040890819066e-01	   2.6141695000742143e-01	   5.6265996783826888e-01	   6.1843066038046224e-01	   6.2843796622265402e-01	   4.5049912114495616e-01	   6.5594338439889133e-01	   5.4429071609340796e-01	   5.7872844814443680e-01	   4.8250443668598875e-01	   2.9228536888177375e-01	   3.4919058970187455e-01	   2.8686145952712194e-01	   4.1219432875442441e-01	   4.1407119848774554e-01	   7.8782008515083310e-02	   5.9105921464834799e-01	   6.9078134666436997e-01	   4.0847614791891362e-01	   3.6644547581271636e-01	   6.8025413115934397e-01	   6.0686502868529946e-01	   3.4847064129625732e-01	   4.2182469534776501e-01	   2.6748760920082726e-01	   4.1545669896472193e-01	  -2.6583065406187517e-01	  -2.4494292668095818e-01	   2.6014052266314835e-01	   1.5078923222404106e-01	   3.9326458507274703e-01	   2.8561986028734665e-01	   1.3307610776293158e-01	   4.2813960653930982e-01	  -6.4262935815029704e-02	   1.0138786397575020e-01	  -2.2924584815466603e-01	   2.0281019685950183e-01	   7.2887256271647410e-02	   2.1340658107096450e-01	  -1.2212512591386732e-01	  -1.3831104491820123e-01	   3.1718054165116588e-01	   2.7650800327390557e-01	   1.7070299699381092e-01	  -6.6570864519747044e-02	  -5.4862205080267887e-02	  -2.7363304377426673e-01	
   6.1025190241359906e-01	   4.4526427165506310e-01	   4.9137713374829745e-01	   8.4143965616421901e-01	   5.8803006508268341e-01	   8.9184205700436125e-01	   7.2173831450091797e-01	   0.0000000000000000e+00	   7.1458261166377590e-01	   9.2236826654770454e-01	   6.1444758485903617e-01	   5.8976357630951137e-01	   7.2776787916715346e-01	   7.6992161492854860e-01	   4.9581757589659581e-01	   7.0529734611003536e-01	   5.3158342499736078e-01	   2.1149228428253708e-01	   4.9947770584816353e-01	   5.6983879063147502e-01	   1.2657899730341102e-01	   4.0132755679774046e-01	   5.1738975663817111e-01	   6.5781702048936697e-01	   4.5437870991704826e-01	   5.9965013937135048e-01	   4.7022926295259149e-01	   6.4485177755824963e-01	   3.7738792419783285e-01	   1.7911663882721585e-01	   4.1869679279172189e-01	   6.6101255830033978e-01	   6.1281770544836889e-01	   7.7333239396294906e-01	   4.4761172115958947e-01	   5.0307243932185564e-01	   2.5594055677325733e-01	   4.4170486437449252e-01	   2.5625367398365134e-01	   4.6508887069119320e-01	   3.1863078829611174e-01	  -1.6649521584066913e-02	   5.4406491635025422e-01	   5.2770382516832437e-01	   7.0872153859005282e-01	   7.0930392232127448e-01	   4.8138778709435870e-01	   5.5463077037526443e-01	   5.6516530596314152e-01	   6.7551539227852297e-01	   6.8274693037363199e-01	   6.4620839636789462e-01	   5.9838740367580689e-01	   5.2739826779463372e-01	   7.2726091800686543e-01	   6.7249505651652330e-01	   4.2400473376459097e-01	   3.9641574679895353e-01	   6.4319447547410125e-01	   6.0160096777682137e-01	   7.3855589722866544e-01	   7.9215061124365271e-01	   4.9243185019036906e-01	   5.6083252390262994e-01	   6.0730610021940656e-01	   8.4714002977926439e-01	   5.5563084016281850e-01	   7.5083638935248398e-01	   3.4804498543074991e-01	   2.7032342598416559e-01	   4.0413085871518450e-01	   5.4521818698153179e-01	   6.2554388630655178e-01	   5.8907065602774211e-01	   6.2783835279157296e-01	   6.9929640101768153e-01	   4.9263160992875921e-01	   4.9714507755468629e-01	   4.6181428952478365e-01	   3.3022448108480529e-01	   4.9761869452634000e-01	   4.5483457799544136e-01	   4.5413499601016244e-01	   8.3535917936354651e-03	   4.8805443642314444e-01	   5.3539122613940904e-01	   3.5770050518723168e-01	   1.5727873630323497e-01	   6.2686282195392873e-01	   5.6147157504423073e-01	   5.4941395332538057e-01	   4.4916314174980443e-01	   4.0183258423765467e-01	   2.8658812411454565e-01	  -1.9776888802722059e-01	  -1.1385163825264039e-01	   2.6656997212593103e-01	   2.7073895021243588e-01	   5.6331408896148738e-01	   5.0400028682830389e-01	   3.3890555654748300e-01	   3.2337678102606621e-01	  -3.3777492640862201e-03	   9.5298914867625623e-02	   5.9861755402701139e-02	   9.4888931790105033e-02	   1.8629577173671119e-01	   1.9316761900270643e-01	   2.6972678173850219e-02	  -1.3826666495730799e-01	   3.2024879741295031e-01	   3.1528817859767527e-01	   1.6828946469531902e-01	  -1.9465538279789057e-02	   4.9134727878693392e-02	  -1.1074757471127489e-01	
   6.1056602015375794e-01	   2.8013299106833212e-01	   6.7365591252461521e-01	   7.5449655703684981e-01	   7.6969274015102163e-01	   6.4250406228482160e-01	   7.9707972734524968e-01	   7.1458261166377590e-01	   0.0000000000000000e+00	   7.4846440397068592e-01	   6.2140308421478885e-01	   4.2243094798014724e-01	   6.8750754826918903e-01	   5.3314501663993918e-01	   5.3158457845230145e-01	   6.5589217479451745e-01	   2.7265607824971794e-01	  -5.9276982507310401e-02	   4.8640701858084612e-01	   3.8743897819343653e-01	   1.0982272980060580e-03	   3.0837553484821245e-01	   5.6935411872315522e-01	   5.8187115548500512e-01	   3.1754131430726396e-01	   4.5318332730015209e-01	   4.9647359895763643e-01	   6.4561561734681960e-01	   2.9332290264416194e-01	  -6.3280601620217980e-02	   3.4364936791100215e-01	   5.2426560310598602e-01	   4.7442836905032876e-01	   5.2462315926623249e-01	   3.8380189645895924e-01	   3.1156491266015018e-01	   1.4531015618504084e-01	   2.9355981877057102e-01	   1.3092425888890535e-01	   2.6071129152206041e-01	   1.5111252854973223e-01	  -1.0568746083336421e-01	   4.1709797372257651e-01	   4.6269268115600759e-01	   5.2135078434288840e-01	   4.7799727046732204e-01	   3.9303942695496646e-01	   4.1239272143137040e-01	   4.7313616349093290e-01	   6.5945154349419433e-01	   6.7845779843230458e-01	   7.3701976196248986e-01	   5.6051728931332256e-01	   5.9092710998448705e-01	   5.8990320643186789e-01	   5.9680852264663165e-01	   3.4608000840067504e-01	   2.5135286502037568e-01	   6.2263542351132206e-01	   5.9165492221727090e-01	   7.2108819132888491e-01	   6.3790418433565133e-01	   3.1515757448411408e-01	   2.9505898726176255e-01	   6.6800312100851644e-01	   7.0488261160725540e-01	   6.1641044133499823e-01	   6.2770493420293272e-01	   2.1807635650079454e-01	   1.3862857392975528e-01	   4.3924410761411042e-01	   5.6435413354543573e-01	   5.3364907752032120e-01	   4.2170970095411831e-01	   5.8159344544205460e-01	   5.2330693808281481e-01	   4.3890294751705911e-01	   4.0678913131304617e-01	   2.7503734540443053e-01	   3.1613684927242253e-01	   2.6913890667283119e-01	   3.2142008092696356e-01	   3.6934826117443670e-01	   6.8859402797390797e-04	   4.7103316117388550e-01	   5.2743363612021277e-01	   3.7091745566307610e-01	   2.4333762360038289e-01	   5.5194833516635955e-01	   4.9746403214856749e-01	   3.2927053832710163e-01	   3.2770221529948318e-01	   2.3691093266553795e-01	   1.9881528271244575e-01	  -2.9054424910576571e-01	  -2.3282817227841190e-01	   1.8696018642074230e-01	   1.4461948293295340e-01	   3.7396222239145738e-01	   2.3412974078929594e-01	   1.2596306999713502e-01	   2.1778281076849179e-01	  -1.1646090883222218e-01	   1.1219340854196050e-02	  -9.9099479494722587e-02	   2.5595229720581564e-01	   5.8162661625214516e-02	   6.0349915477855585e-02	  -7.0309249672024537e-02	  -1.7427207545731205e-01	   2.2360546041123236e-01	   2.0188887564410463e-01	   1.2728453395184039e-01	  -5.1987354550260906e-02	  -1.7097520289194923e-02	  -1.8848065882814286e-01	
   4.8730235732641003e-01	   3.1182270259724654e-01	   4.0683670166930425e-01	   7.5711243455977661e-01	   5.7968258409390461e-01	   8.8042518223888133e-01	   5.9460010197950375e-01	   9.2236826654770454e-01	   7.4846440397068592e-01	   0.0000000000000000e+00	   5.2647263492215535e-01	   4.6199590041307748e-01	   6.6274499702008827e-01	   6.8374846033299541e-01	   4.8064241666584662e-01	   6.7663540239233855e-01	   4.1523545144331531e-01	   1.0746806095992985e-01	   4.4976059084289610e-01	   4.7942590644708083e-01	   5.1517707957053446e-02	   3.5714335596299884e-01	   4.9554259706243614e-01	   6.2499710604811864e-01	   3.7471714320813843e-01	   5.4836009403403596e-01	   3.9509229603874740e-01	   5.9964712049937874e-01	   3.2216757737060664e-01	   1.1868305572897815e-01	   3.9361048748454913e-01	   6.4388330186991272e-01	   4.8855529392446517e-01	   7.1000620832963313e-01	   3.3124073315750230e-01	   4.3137676309124329e-01	   2.2702602984353459e-01	   3.8757815464974837e-01	   2.1031797924194795e-01	   3.8214063550562183e-01	   3.1215832573479274e-01	  -4.6757026940299762e-03	   5.1357067848246696e-01	   4.6428837615004170e-01	   7.1590599244098896e-01	   7.2691489171375334e-01	   4.5541785368655779e-01	   5.1570480782345129e-01	   5.4122538811648657e-01	   7.0824344404756212e-01	   5.8100639702066315e-01	   6.3763176218218243e-01	   5.1261691521657859e-01	   5.1506341473645478e-01	   6.2062401594492778e-01	   6.7921585986401545e-01	   3.6351996473222425e-01	   3.1280201211630371e-01	   5.4155578637597124e-01	   5.7785398041942426e-01	   6.6928079673493135e-01	   7.8054274093642395e-01	   4.2882335396246579e-01	   4.7811862222725138e-01	   5.7059664113733921e-01	   8.1285302197380638e-01	   4.7281908974319087e-01	   6.8141524175665924e-01	   2.7456907640671835e-01	   2.4239612937873128e-01	   2.8899936713929930e-01	   4.4557455853402017e-01	   5.1825302408754070e-01	   5.4660565944045647e-01	   5.4748797633088908e-01	   6.3210788768157766e-01	   3.6704466907632760e-01	   3.8914245123535418e-01	   3.7701682820074411e-01	   2.6636138171912632e-01	   4.3588533061845952e-01	   3.8280489931877348e-01	   4.3234016362614786e-01	  -7.6334938188552691e-03	   4.5613639005805690e-01	   4.2739849693307647e-01	   3.0356846389540026e-01	   1.0422179961838979e-01	   5.6196021405730634e-01	   4.7648914815806243e-01	   4.9865161194952101e-01	   4.1383179575230389e-01	   3.6187096897062071e-01	   1.9393913327631856e-01	  -2.3991106012438068e-01	  -1.1630948856632702e-01	   1.9341320601654041e-01	   2.5714391346958909e-01	   4.8482505603224102e-01	   4.6918269338865537e-01	   2.7030034988830132e-01	   2.3731993875103308e-01	  -8.3381604648617602e-02	   3.1200391428101409e-02	   1.3083326400296755e-01	   9.1740931891079874e-02	   1.1176111539127881e-01	   1.2344866445970187e-01	   8.4338859676773043e-04	  -9.3871548965670931e-02	   2.9321539083370157e-01	   2.7567455514700590e-01	   1.1483061205044302e-01	   1.7876095226268290e-02	   1.2417628343209695e-01	  -4.8243936118142747e-02	
   7.6734915670384196e-01	   6.1835404637187974e-01	   6.6113685445732706e-01	   6.1938008735171857e-01	   7.8035353445974920e-01	   6.2345899497188428e-01	   6.8437553756731351e-01	   6.1444758485903617e-01	   6.2140308421478885e-01	   5.2647263492215535e-01	   0.0000000000000000e+00	   7.3204711363767982e-01	   8.7964081332367761e-01	   6.9263473791706898e-01	   8.4236691319467671e-01	   7.8720034820519358e-01	   6.1994524048058763e-01	   2.8588764220306606e-01	   5.7070950551488997e-01	   5.5048486185668577e-01	   1.5667690540662436e-02	   3.4624547589312815e-01	   6.4949911445281405e-01	   5.8705229774016132e-01	   2.9539265156264716e-01	   2.9784180585612913e-01	   7.1026336058847805e-01	   6.7237215391595317e-01	   5.9683983860259804e-01	   2.3646326948908936e-01	   4.3187250072089550e-01	   5.4459913210054167e-01	   5.3179183870226610e-01	   5.7868962394188517e-01	   3.4566428502980506e-01	   1.5436481604106433e-01	   2.7065293098255649e-01	   3.8309051813635531e-01	   1.7102940150594675e-01	   2.4219803952719771e-01	   1.9355427127980585e-01	   7.0596306051783575e-02	   3.4443829171983403e-01	   4.2226137856521812e-01	   2.9983153830911508e-01	   2.4974278245321413e-01	   4.3924548674266189e-01	   3.1931051717153436e-01	   3.1414919880691328e-01	   4.2624221126484874e-01	   7.3186239937820552e-01	   5.0005049412092017e-01	   6.0172119084503040e-01	   4.0582414132672973e-01	   5.6136748009597914e-01	   4.4331716200019461e-01	   4.6891672998579825e-01	   4.4814097326347535e-01	   5.2293256656626963e-01	   3.3750849474566591e-01	   6.9256567905988542e-01	   5.0570281324671740e-01	   5.5027793735280672e-01	   4.1329658648379858e-01	   5.2820165762440818e-01	   5.0166539359264550e-01	   4.4859030341531098e-01	   4.2311016884886238e-01	   4.8345753480561071e-01	   2.7265347582822130e-01	   7.1442588743569235e-01	   7.8540439002564544e-01	   7.2859399659025370e-01	   7.0073461804591786e-01	   7.6113582922411305e-01	   6.7324947266745738e-01	   6.7106674312835568e-01	   6.3724341135504059e-01	   6.0509623637878196e-01	   5.2523122927092492e-01	   5.7698878815595711e-01	   5.1538436221299611e-01	   5.3578302196222805e-01	   2.6024407732420124e-01	   6.4231699944455167e-01	   5.4844217968409037e-01	   6.2559640114183290e-01	   2.6059338311184532e-01	   5.9809527554190978e-01	   5.0613505118174640e-01	   2.1852911480985013e-01	   3.2115462239569054e-01	   1.7517855641304597e-01	   3.2256748878105773e-01	  -3.0866568992760590e-01	  -1.8636045269806253e-01	   9.0403533485473836e-02	   4.2981018226994960e-02	   3.4858436155466532e-01	   3.6851283651691913e-01	   2.0755159705920800e-01	   1.7754104169980975e-01	  -1.2375680176785336e-01	   1.1547854790864356e-01	  -1.1536596350581835e-01	   9.8499605299396734e-02	   2.5738006016317477e-01	   2.6092705267857408e-01	  -1.9485118258844097e-01	  -2.2348080798613498e-01	   2.3605456293150279e-01	   3.3077685764557141e-01	   3.1617901824615846e-01	  -1.3047750002906541e-01	  -6.0814283896288145e-02	  -1.4118295337956266e-01	
   6.8446610163843480e-01	   7.0818738671857739e-01	   3.8852931901359500e-01	   5.2760662947188974e-01	   5.5272345713894722e-01	   6.2722151999479336e-01	   4.4089171410725131e-01	   5.8976357630951137e-01	   4.2243094798014724e-01	   4.6199590041307748e-01	   7.3204711363767982e-01	   0.0000000000000000e+00	   6.7605187763698871e-01	   8.4103307477068212e-01	   6.1986846069775225e-01	   7.3305127500434741e-01	   7.0610872126088320e-01	   5.6720814951392895e-01	   5.1431011609723809e-01	   6.5774570297675750e-01	   1.7524415259327325e-01	   4.9394466796540570e-01	   4.2617536002544187e-01	   4.8994426267000629e-01	   2.6808195340301633e-01	   3.1634425282091572e-01	   5.8252756254619853e-01	   5.5985075418503039e-01	   7.0551308273153235e-01	   6.2604527207912741e-01	   4.4616867224275925e-01	   5.3694226853045590e-01	   6.0173219213977858e-01	   6.7775816556109036e-01	   1.4518581905526759e-01	   3.8190632475263858e-02	   1.6628054949855481e-01	   3.7980636137042151e-01	   2.1027143447695312e-01	   3.3394933483915601e-01	   3.2215731224899691e-01	   1.8763320309870285e-01	   3.2840213182355837e-01	   3.9273367708937124e-01	   2.6944516464545892e-01	   2.8859466349284973e-01	   4.2357576673807207e-01	   3.2494885418314534e-01	   3.9522358241028588e-01	   4.0931714197594943e-01	   5.5709976112158954e-01	   3.7959427245230926e-01	   5.2439584045784848e-01	   3.4993619834397860e-01	   5.0580668282583496e-01	   4.3798775416448943e-01	   5.8276399886211894e-01	   4.4261780237087689e-01	   4.2766348183798031e-01	   3.4356838741753559e-01	   4.6484415418908431e-01	   5.4236295606784968e-01	   5.3791640295947152e-01	   5.9034281362347207e-01	   2.6153248381913541e-01	   4.1401147089212437e-01	   2.1590032368082129e-01	   3.3694108068832385e-01	   4.9074818460972536e-01	   2.8986707444779947e-01	   5.1696219783607322e-01	   6.3009755946187029e-01	   6.6601138621930400e-01	   6.7829122908948114e-01	   6.8621136059319066e-01	   6.0466958862413600e-01	   5.7460626451997177e-01	   5.4815996009838008e-01	   6.1361266559679706e-01	   5.6837759722404246e-01	   6.8807639699343348e-01	   6.0296412618391881e-01	   4.8317145924758237e-01	   2.4595721979161531e-01	   4.4650296210716023e-01	   4.7364613718667037e-01	   4.7143617499412860e-01	   1.5465146517804518e-01	   3.4691102955760522e-01	   4.3125261756703415e-01	   3.2254647437642836e-01	   2.3131136247624179e-01	   2.6287627670415059e-01	   1.4973022584083662e-01	  -1.3194944112755336e-01	   4.1915648665929769e-02	   3.0768721346456568e-01	   2.2116769347098758e-01	   4.8596458821683386e-01	   4.0718591619606764e-01	   3.4030911184507362e-01	   3.2735189483635123e-02	  -1.7916103225851842e-04	   4.0700781769275163e-02	   1.0688469289990402e-01	   1.2437965831657002e-01	   2.0863312472233989e-01	   1.2446643081587780e-01	   1.7713081479282557e-02	  -1.4089650830456274e-01	   1.6432998148510924e-01	   3.1876381661209152e-01	   3.4063385623783904e-01	  -8.8079343628847048e-02	   2.6598630396317349e-02	   1.9645842613237333e-02	
   7.2516370474717640e-01	   5.2260801163118531e-01	   6.1344014465889907e-01	   6.3211577365697158e-01	   7.2921436003824880e-01	   6.8142257994080302e-01	   7.1965513070344134e-01	   7.2776787916715346e-01	   6.8750754826918903e-01	   6.6274499702008827e-01	   8.7964081332367761e-01	   6.7605187763698871e-01	   0.0000000000000000e+00	   7.9067238873013412e-01	   7.4146094393264539e-01	   7.2872282622212026e-01	   5.6746459953074990e-01	   2.5707158321307405e-01	   4.8834375150026688e-01	   4.9329544101673267e-01	   1.6267989559595571e-02	   4.0453488032426588e-01	   6.5314360170330077e-01	   5.9970965021171074e-01	   4.1171835506833776e-01	   4.1748000336785590e-01	   6.2024728851874789e-01	   6.4662115193523084e-01	   4.9174482891737503e-01	   1.7212895477035445e-01	   4.4136043556462490e-01	   5.4414345872383940e-01	   5.6021837779220363e-01	   6.6774841547338937e-01	   5.0115590628346540e-01	   4.2957603261842070e-01	   3.2250895117613831e-01	   4.3899826905589773e-01	   3.1514890743278717e-01	   2.9058491103840334e-01	   1.9197753300431813e-01	   1.1158509675079861e-02	   3.5408894870381424e-01	   4.3314709585239092e-01	   4.1473824201747428e-01	   4.0332082883989073e-01	   4.2239691512524902e-01	   3.6496535828292054e-01	   3.7100430813190965e-01	   4.6706907401558312e-01	   7.9599789160821488e-01	   5.9551075234260975e-01	   6.1223832323186189e-01	   4.5580266298906752e-01	   6.7892047199887773e-01	   5.1618907401954583e-01	   3.9656261423253181e-01	   4.0010887677945939e-01	   5.4428136759572587e-01	   4.0910154291190692e-01	   7.9165656773849813e-01	   6.0189302009990264e-01	   5.3541562737634996e-01	   4.1933374663178197e-01	   6.2563981317163342e-01	   7.0480066549498865e-01	   4.7490778669734440e-01	   5.2626174173665285e-01	   4.1718867485972089e-01	   2.6600414013059659e-01	   6.6632702222459606e-01	   7.1622795685294127e-01	   6.8166910312944473e-01	   7.0187835443842150e-01	   7.4155746258758193e-01	   6.9515892860295669e-01	   5.8637185786201096e-01	   5.9540582598034342e-01	   4.9013905849877415e-01	   4.8151860829244564e-01	   4.9507585001425358e-01	   4.8089714035318515e-01	   4.2149735935300936e-01	   8.6400275248612046e-02	   5.4341054130216448e-01	   5.4830244361047575e-01	   4.7982635881751889e-01	   2.1289674214139501e-01	   6.8841013572732224e-01	   5.4816886526640829e-01	   3.1398984559033977e-01	   3.7283683217218089e-01	   2.5681733383955418e-01	   3.3252611172641200e-01	  -1.7003982503215434e-01	  -2.1600173067555850e-01	   2.5348908216831351e-01	   5.0271314043671800e-02	   4.7557965115035944e-01	   3.9432942787705522e-01	   2.6626211480956957e-01	   3.3813617757801551e-01	  -1.1323975159491677e-01	   1.3337127827363346e-01	   2.8268333015555897e-02	   7.1594094059888480e-02	   2.2519424370121227e-01	   3.2368811232500877e-01	  -1.8252678794286356e-01	  -2.1333578119908500e-01	   2.6516087856665754e-01	   3.0052905193518015e-01	   3.0012854579482429e-01	  -8.1639877916534612e-02	   8.5460613201106386e-02	  -4.1428291888365505e-02	
