   0.0000000000000000e+00	   5.8831731134858700e-01	   3.9223089437563280e-01	   3.3018728450807611e-01	   2.6804175571017369e-01	  -7.6792576069228541e-02	   4.4193393807109238e-01	   3.2877854276296858e-01	   6.8377812474238978e-02	   1.7000384234307792e-01	   7.0518632561685279e-01	   6.1087573146359730e-01	   6.3789054725473915e-01	   5.7694169634910697e-01	   4.2273736276546792e-01	   3.8135979375418561e-01	   7.0234097657857697e-01	   6.1973796275918314e-01	   5.7155380304241976e-01	   6.3307332783075909e-01	   1.7000886333160564e-01	   3.2318786563580915e-01	   3.1915033871338322e-01	   2.6282498928535147e-01	   1.9358170569195746e-01	   8.8743240784460165e-03	   3.0730623637081500e-01	   2.3457957572890381e-01	   5.7590996637888736e-01	   6.0645304701215008e-01	   2.8375432682490542e-01	   1.1358968759570462e-01	   4.5776805698137712e-01	   4.3501497334288353e-01	   6.6776985633211633e-02	   1.7302374881133578e-02	   3.7509377947160794e-01	   3.4682758296742949e-01	   4.9823505061797241e-01	   3.6994372900765249e-01	   4.7362060236283832e-01	   3.9355004589678544e-01	   3.8312719589871053e-01	   4.9237095775610495e-01	   4.4353035618638914e-01	   4.2344981261977777e-01	   5.2051182000791529e-01	   6.5238666205091000e-01	   4.5068493050804131e-01	   4.2871410583762587e-01	   5.5054923096970299e-01	   2.6000899118632437e-01	   3.8635558386100288e-01	   3.6503052015430720e-01	   4.9464304736404163e-01	   6.5351206812902896e-01	   6.7696036215014510e-01	   5.8071258744060572e-01	   2.8943019315461072e-01	   2.8606570229061545e-01	   5.8304384752860616e-01	   4.7672698073494724e-01	   6.8828485676159290e-01	   6.3386520162113291e-01	   2.7097087655568364e-01	   1.6357792121035120e-01	   2.2642498954100923e-01	   2.4220994904761678e-01	   4.8635647082865607e-01	   3.8535560776530020e-01	   1.1113773202638411e-01	   3.8385487062393288e-02	   4.8867316886725243e-01	   5.3219195041557632e-01	   3.9704054955084983e-01	   4.9123056760625738e-01	   2.4249132415924055e-01	   3.8889060055960484e-01	   5.6612150470142308e-01	   4.9677269828957915e-01	   5.9654225885496615e-01	   6.5252604584157115e-01	   5.5147152209837869e-01	   6.0284629083328378e-01	   4.4361473913647376e-01	   4.7282647664877497e-01	   2.3741072813706077e-01	   4.7106975599305234e-01	   3.5882967866110371e-01	   5.5401029375504085e-01	   2.8979324438640441e-01	   4.5646456085407283e-01	   9.6171217853401755e-02	   2.7001462344040661e-01	   6.3972247923672662e-02	   2.4920954102120255e-01	   4.4411136360698505e-01	   5.7709262235379133e-01	   4.8915967041462793e-01	   6.1216227727348937e-01	   1.4699893198549213e-01	   2.4557669302231552e-01	   3.8846943098816472e-01	   4.7114508609962180e-01	   1.0254267851880183e-01	   1.0950798442433753e-01	   1.2559254445897883e-01	   2.1681073395024217e-01	   5.5561396566662515e-02	   4.3119442780685807e-01	   6.3738612020213381e-01	   5.6325606461120792e-01	   4.7430135890954295e-01	   8.9680175220344965e-02	   2.9413377982875848e-02	   1.6338499103001235e-02	
   5.8831731134858700e-01	   0.0000000000000000e+00	   4.5265331218355065e-01	   4.4719899105039257e-01	   4.4960838702642858e-01	   1.0497171391403365e-01	   2.3361467000506780e-01	   2.3186038890008320e-01	   8.5258522257357805e-02	   1.8758554978049725e-02	   5.6423388442749867e-01	   5.0388713380862404e-01	   3.7919297128091833e-01	   4.5680310123444334e-01	   3.5214110643522734e-01	   4.7083091000113242e-01	   6.5534518664596941e-01	   8.0880520451177662e-01	   5.6613744242097264e-01	   6.5491268123690694e-01	   4.1059207067164261e-01	   3.9998760543273260e-01	   4.3736842112077767e-01	   4.1316061159752715e-01	   3.6772937414946771e-01	   2.1707585976789370e-01	   4.1079290926137418e-01	   2.9987177556269873e-01	   4.7225534451768802e-01	   5.0648790136634159e-01	   2.8707154101354648e-01	   2.5462849861544323e-01	   4.3693480330452039e-01	   3.5232744080838341e-01	   2.7088637294563533e-01	   2.0939418257107853e-01	   3.5328519109290513e-01	   3.0650961697618784e-01	   3.0540762431557822e-01	   3.5760401085206217e-01	   4.1808334092261068e-01	   5.0634511281831884e-01	   3.9486506012508310e-01	   3.3826294174564958e-01	   3.8889867229157521e-01	   3.0226615795450684e-01	   4.3325564398883643e-01	   4.4153840357704166e-01	   5.7563946148594961e-02	   2.1369618403405471e-01	   4.0986139374733843e-01	   7.0897567916402712e-02	   5.0721596255417567e-01	   5.1665490436342432e-01	   4.7718468060929875e-01	   4.5944837432528485e-01	   7.6798295206520395e-01	   6.9036528241603556e-01	   2.3879955601872355e-01	   7.4621248491791040e-02	   2.5137235430548094e-01	   1.7260484012088811e-01	   3.4836286960725993e-01	   4.3801415475630967e-01	   4.0742772599880739e-01	   2.4481080485002071e-01	   2.4048677090512549e-01	   1.8554849647916299e-01	   6.0667637871267266e-01	   5.0517697725878696e-01	   4.8741596045048366e-02	   3.1156620243647567e-02	   2.9493509757738962e-01	   3.2414086763771544e-01	   2.0709404817499966e-01	   4.2021506152372223e-01	   2.1864565265156222e-01	   2.4532952345505488e-01	   6.3461574436185209e-01	   7.1581286504399777e-01	   6.2060982409189902e-01	   6.7662713923246531e-01	   5.7379891358390389e-01	   6.4083138264261530e-01	   4.8025024598257082e-01	   5.2502390128950249e-01	   1.0463724636965886e-01	   5.1505249226474792e-01	   3.7918021054746864e-01	   4.1514033511969656e-01	   3.3195841950209931e-01	   4.1262708424623612e-01	   1.6297129446886705e-01	   3.1454955215107494e-01	   2.2030769267642958e-01	   1.3010222755973511e-01	   4.2641234398785532e-01	   2.8825202116572318e-01	   3.9242590234088370e-01	   3.8269474646407897e-01	  -4.1780328459023894e-02	   1.9527659861550695e-01	   2.8459061232760369e-01	   3.3220738647319908e-01	   1.8647705033116571e-01	   1.1047474987535655e-01	   3.2807606541275636e-01	   2.9443533566271451e-01	  -3.7299657713884576e-02	   2.9580402074331741e-01	   5.6302674761666793e-01	   5.7791857335018793e-01	   3.8108158693506144e-01	   1.3564174869700091e-01	   1.3593857987808350e-01	   1.9509098128318726e-02	
   3.9223089437563280e-01	   4.5265331218355065e-01	   0.0000000000000000e+00	   7.5613280534177352e-01	   6.2164953434067494e-01	   3.6683841806302442e-01	   5.3439897854111351e-01	   2.7013943176868060e-01	   2.2566310350120944e-01	   1.5197928807507033e-01	   4.6736188649016180e-01	   4.2536382578558274e-01	   4.3650954004798237e-01	   3.6245443344300721e-01	   5.0257528611054303e-01	   5.7667980716099942e-01	   3.0538804924691476e-01	   4.1984106640202701e-01	   6.7449995513180672e-01	   5.7216112543986997e-01	   5.8330852237887720e-01	   6.4236915871254885e-01	   7.5228849427913280e-01	   7.0120387648581517e-01	   7.5520093864069193e-01	   6.6681878369202063e-01	   7.5402098083708158e-01	   6.3221215840365930e-01	   1.3693722834745331e-01	   1.7960059629964184e-01	   5.5305874399362653e-01	   3.8540229446921548e-01	   6.2099340841294326e-01	   4.9943967469271522e-01	   6.6332855215485709e-01	   6.0862874636708675e-01	   5.0403412128246772e-01	   4.9430367857757429e-01	   5.8744052920979750e-01	   4.5608229040495640e-01	   5.0053541554680570e-01	   4.8689704804469924e-01	   4.9080531972241193e-01	   4.0331346868571327e-01	   4.2607900953182859e-01	   3.2102915640903507e-01	   4.2048589002704784e-01	   4.9698200501741296e-01	   2.6453731939382491e-01	   3.3884063008954407e-01	   6.9025658598092798e-01	   4.8426804578576332e-01	   4.6321594106585284e-01	   5.4798695643846063e-01	   5.7810193540130206e-01	   5.5616906006500122e-01	   4.0432585825305239e-01	   2.6013552281155744e-01	   3.2496942531154682e-01	  -5.7687657222770868e-02	   3.9965963331267157e-01	   1.4961514269743495e-01	   3.0409910219814640e-01	   3.4327598718532509e-01	   6.5153784824428695e-01	   3.5684753181386702e-01	   7.4969961903924032e-01	   6.6651673251298504e-01	   5.8311259153975115e-01	   5.3584181703083611e-01	   3.9746452121118109e-01	   2.2314507359218838e-01	   3.5656847563296179e-01	   1.9251034594884481e-01	   3.3902383187769436e-01	   2.8536661796931606e-01	   4.1005850622965795e-01	   3.7798255632250310e-01	   2.6798947707196197e-01	   4.0757976057688172e-01	   4.3207644912144993e-01	   4.3053295865842878e-01	   5.9361812488650090e-01	   6.3400883885251558e-01	   5.4712077292055628e-01	   6.2176526052707470e-01	   1.7619861807922058e-01	   5.2200849493414658e-01	   6.5450070392254367e-01	   6.1396341484490136e-01	   6.0183122728524552e-01	   6.5322588111664748e-01	   3.6095286576732061e-01	   6.5978930515053957e-01	   4.6037592583428745e-02	   3.1623723135361950e-02	   4.1181909266414002e-01	   8.4905787940376509e-02	   3.6872449540645963e-01	   3.7759026545724583e-01	   1.3520901945329272e-01	   4.5512933320891158e-01	   2.5436282991217624e-01	   3.7985814920172223e-01	  -1.6604328786299576e-02	   7.3249005161891201e-02	   4.6720333230572381e-01	   3.1950164396833308e-01	  -3.0521539707904423e-02	  -1.0408194172798181e-02	   5.8172700350866280e-01	   4.7450651084856899e-01	   2.9354138848655353e-01	   2.8592554424243671e-02	   2.1573751689695667e-02	  -3.4622013328634804e-01	
   3.3018728450807611e-01	   4.4719899105039257e-01	   7.5613280534177352e-01	   0.0000000000000000e+00	   6.6202358662885974e-01	   5.3107060150512830e-01	   4.0840633440759438e-01	   4.9891090228802532e-01	   1.9404471644934074e-01	   3.7614217733310323e-01	   3.9624705808645855e-01	   3.8772518856684246e-01	   3.9998282097641269e-01	   4.9747214615206475e-01	   4.1685584805401038e-01	   6.7605114780866371e-01	   2.8781089263706006e-01	   3.8425414762427240e-01	   6.5384326880530175e-01	   6.3479363000506184e-01	   5.5669059402615251e-01	   6.3264951252155743e-01	   5.6738661261788514e-01	   7.1237638203203824e-01	   5.8417803510799038e-01	   6.5646491826031150e-01	   6.1348091782431247e-01	   5.7078273891033682e-01	   9.0599672459995187e-02	   1.3052423209601161e-01	   4.4567872371432554e-01	   4.4571037968004268e-01	   6.2135379410090330e-01	   5.8302638401269058e-01	   6.2270367418640493e-01	   6.3256322749232308e-01	   5.9494796903191149e-01	   5.8783104397566732e-01	   5.9339708698120042e-01	   6.2620698864511981e-01	   5.2723052059523701e-01	   5.5167576141227537e-01	   4.7379813452675423e-01	   3.8359335035353465e-01	   5.3523037985858035e-01	   4.4660836684093486e-01	   5.2357296880614457e-01	   5.3216219975286361e-01	   3.0528636563231826e-01	   5.3397641034001297e-01	   6.9934545330748465e-01	   5.3572032550689264e-01	   5.0160180390610354e-01	   5.7860876449505871e-01	   6.8296101425788258e-01	   5.9265353123503128e-01	   4.3119322281389816e-01	   2.4836869447891258e-01	   3.2645890275205725e-01	   2.1255830249605506e-01	   2.6066613261378635e-01	   2.2830788201884147e-01	   3.0398721949073559e-01	   3.8214123320642229e-01	   5.2745973463563045e-01	   4.6724049476379864e-01	   6.6122052636713702e-01	   6.9687347212749995e-01	   5.4708230580560258e-01	   6.4319344538466172e-01	   2.9471021184573065e-01	   3.2454107132452831e-01	   1.8366710737017192e-01	   5.0108298693292516e-02	   1.7929277598212984e-01	   3.2672318923335697e-01	   2.0673493790035516e-01	   2.6608353189736056e-01	   2.0612789653634933e-01	   3.4173217303295772e-01	   4.5822973211876583e-01	   4.5280384793051265e-01	   5.2603203596998349e-01	   6.4810053234764609e-01	   5.0746872243861496e-01	   6.8043088737492119e-01	   5.7185593624404604e-02	   5.0193277050830520e-01	   6.7536616455454601e-01	   6.5033522987289138e-01	   7.1185341936686353e-01	   5.7868332383217824e-01	   5.0942308274068127e-01	   4.7676485560575510e-01	   4.7126864966717238e-02	   1.9750830135571155e-02	   5.2356262326630332e-01	   1.1887594462036925e-01	   4.7410446797474970e-01	   3.8287474313940695e-01	   1.1980195975502128e-01	   3.4073857720009015e-01	   3.3619920470285858e-01	   2.6761693536145170e-01	  -6.7918890994778852e-02	  -1.0040541043674929e-01	   5.0007647844453573e-01	   3.7050919380697422e-01	  -1.4301032791775433e-03	  -1.3525376117245091e-01	   4.9297921861133565e-01	   5.0394131253947749e-01	   2.3514144176529708e-01	  -4.9471555378506768e-02	  -2.0279528050435675e-02	  -3.4225744447366446e-01	
   2.6804175571017369e-01	   4.4960838702642858e-01	   6.2164953434067494e-01	   6.6202358662885974e-01	   0.0000000000000000e+00	   5.6121109832396521e-01	   5.6017434925663079e-01	   5.2934494162924284e-01	   5.0854311008121267e-01	   2.3257690890484045e-01	   4.2283948110199387e-01	   3.9370841828315029e-01	   4.7420690214837602e-01	   3.8401262804005376e-01	   5.2394227789722603e-01	   6.4038125636740095e-01	   3.1130343668992583e-01	   3.8305194163752426e-01	   6.4739688843278453e-01	   5.7857350144852204e-01	   4.3511754325803154e-01	   5.1851159319891449e-01	   5.1950540443971471e-01	   6.4138714289513910e-01	   3.9138608930490437e-01	   5.4061900492486370e-01	   6.0928923388736478e-01	   6.2263274424380044e-01	   1.9333614456149681e-01	   1.8583799732455053e-01	   5.9493692138108167e-01	   5.5680569175645811e-01	   6.6627375431511948e-01	   5.7268810025120831e-01	   3.8611705717638400e-01	   4.0711477081209169e-01	   2.4827277631488567e-01	   3.9398203984436991e-01	   4.8741862161936295e-01	   4.1025573276946314e-01	   3.5208990539020596e-01	   4.5269881395824774e-01	   2.8730302352312559e-01	   1.8164183052447302e-01	   3.4244694167140260e-01	   2.8064539410425038e-01	   3.2111275985054233e-01	   3.3105076245626985e-01	   1.5412050059753857e-01	   4.1771105730803526e-01	   4.4965330726651126e-01	   3.9131555950731511e-01	   4.1724417403587050e-01	   5.4900525340080730e-01	   3.5494164341929357e-01	   4.2343766306147590e-01	   3.6752201490295833e-01	   2.9685039496239851e-01	   2.2943311835978980e-01	   9.5176839100677729e-02	   3.4783642682620086e-01	   2.1768940267976128e-01	   3.4656333034374981e-01	   3.3428750621911318e-01	   4.0707668111358009e-01	   3.9266726081341596e-01	   4.4127842379877225e-01	   3.9918469526614742e-01	   6.5769876258641746e-01	   6.1371199458660375e-01	   1.2361894439733809e-01	   4.4495689174870040e-02	   1.4574551748218120e-01	  -2.9446955940846738e-02	   1.6323494247410675e-01	   1.3019833855255505e-01	   9.9677068231461857e-02	   4.7458466194526636e-02	   2.2195062759569395e-01	   3.7096859445018715e-01	   3.7884244749859969e-01	   3.0115195112409932e-01	   6.0195707729870751e-01	   5.4445646245564805e-01	   3.6011110297410809e-01	   4.1412563032629146e-01	   5.2338272871231828e-02	   2.9983151000176528e-01	   4.1308391915172837e-01	   5.4691397079452264e-01	   6.1719865241472505e-01	   5.6917573977567881e-01	   3.7354005941150564e-01	   5.0782585417446546e-01	   1.0748222381112815e-01	   9.8912062551915290e-03	   3.3520935700291499e-01	   1.6427052947375884e-02	   3.4190664812672883e-01	   2.6339159122453337e-01	   1.3956502113059888e-01	   3.4576307505576298e-01	   2.5687166234824865e-01	   1.8314506656538243e-01	   1.4862827956172529e-02	  -1.2961030412231248e-01	   4.0809504793062507e-01	   2.7791925387763361e-01	   1.2087601833353387e-01	   3.2526892051992932e-02	   3.7345577545842934e-01	   3.4864095270200002e-01	   2.0210015551112659e-01	  -1.1500642458607392e-02	  -2.9055899211779729e-02	  -1.9338056742218834e-01	
  -7.6792576069228541e-02	   1.0497171391403365e-01	   3.6683841806302442e-01	   5.3107060150512830e-01	   5.6121109832396521e-01	   0.0000000000000000e+00	   4.6733209662741387e-01	   5.4863720634303004e-01	   4.5087958717144205e-01	   6.0020333511729373e-01	   2.0644148757316383e-01	   2.4161430472094608e-01	   3.7456168181083666e-01	   2.5737604917967982e-01	   2.8281733633823924e-01	   5.5878570012191764e-01	   8.2413167183092412e-02	   8.7361536044177693e-02	   3.7837852603758970e-01	   2.9640144693848547e-01	   3.9956950553319481e-01	   4.0462440708281955e-01	   3.3556310094970654e-01	   4.3098009928877840e-01	   1.9999768392986489e-01	   5.3298354249441748e-01	   2.3952019944739608e-01	   4.8204636470557460e-01	   6.5182488525749413e-02	   9.0102152268466740e-02	   4.5408687632233058e-01	   5.3382961722829414e-01	   5.6420667766338695e-01	   5.6871666322668490e-01	   3.8153683468151967e-01	   4.7844524719673565e-01	   2.6668488202308360e-01	   3.0191763102861041e-01	   3.3732140224947177e-01	   3.7321147205590244e-01	   3.1249704502583164e-01	   3.4166467991320415e-01	   2.8418357890181495e-01	   2.0792437957320292e-01	   4.2814981656231643e-01	   4.0815700475328709e-01	   2.6161139290668584e-01	   1.8341987824944694e-01	   2.7388498337176798e-01	   4.6985577018437930e-01	   4.6178985704637787e-01	   3.4905788310051272e-01	   3.4760957436043272e-01	   4.8827393660871521e-01	   3.8388107393349946e-01	   2.6547958726448972e-01	   1.2135557536266378e-01	  -1.3003788101873397e-02	   2.8054952497101493e-01	   2.7636662621155389e-01	   1.3001033593011463e-01	   1.7756193203748905e-01	   1.5971272213387178e-01	   1.5388613118277961e-01	   2.2244990841782325e-01	   3.3913108132415254e-01	   3.8050876921329746e-01	   3.5198550550232099e-01	   3.3791904725713062e-01	   4.1412111173758753e-01	   2.2673564347635161e-01	   3.2943162968649520e-01	   6.2912046109926636e-02	   1.1233553454802873e-02	   1.2336968689826872e-01	   1.5450228858144277e-01	   1.1123367046681487e-01	   1.8256935567473526e-01	  -2.4576459009647722e-02	   1.5692333915113266e-01	   2.8163178340669304e-01	   1.0602499737110434e-01	   3.8259415225460075e-01	   3.4088854728994716e-01	   3.0734196253326840e-01	   2.2692084700187684e-01	   7.6935386570779044e-02	   7.3447281375516371e-02	   2.7943152117619469e-01	   3.6456004849816837e-01	   4.8745605167129580e-01	   3.7832789021137914e-01	   4.4395673837115357e-01	   4.5845851176650632e-01	   2.3431606541309782e-01	  -2.6517527157780000e-02	   3.2280975396573952e-01	  -5.1075987028007530e-02	   2.7122516054748924e-01	   1.6946602668664762e-01	   3.3103047960528831e-01	   4.3355556022317909e-01	   2.3893692244075504e-01	  -3.0459889040387628e-02	   1.3080034545273397e-01	  -1.8675335341289270e-01	   4.2652419324999918e-01	   3.5803795064721322e-01	   1.9697408554229512e-01	  -1.6799484761736239e-01	   2.0945531302816794e-01	   2.2817753693595771e-01	   2.2640795236718900e-01	  -1.2604923810992142e-02	  -3.1169267347903793e-02	  -1.6357874023761965e-01	
   4.4193393807109238e-01	   2.3361467000506780e-01	   5.3439897854111351e-01	   4.0840633440759438e-01	   5.6017434925663079e-01	   4.6733209662741387e-01	   0.0000000000000000e+00	   7.2953673604964830e-01	   6.0040810209382067e-01	   4.7777187551117462e-01	   5.9891569868208627e-01	   6.3320902534357848e-01	   7.5937514894013658e-01	   6.2168496137608231e-01	   6.2163141648331055e-01	   6.3512648627525337e-01	   3.1448014097722188e-01	   3.0499471899204733e-01	   6.3058721965118880e-01	   5.1810535784458012e-01	   2.6267225631792340e-01	   3.9341716581517017e-01	   3.5650148533511172e-01	   4.5586424942111703e-01	   1.7028885049033441e-02	   1.2224189570387486e-01	   2.3531757005034160e-01	   3.3743501109659291e-01	   4.2236547217416837e-01	   4.4023775593147535e-01	   4.9233962281335308e-01	   4.0752245478835863e-01	   6.9388796847939160e-01	   6.6090753546830183e-01	   1.5603328476734696e-01	   2.6370495434441443e-01	   3.3606097623424291e-01	   4.7582650535507953e-01	   6.1359794823430791e-01	   4.2052526380425109e-01	   3.7338696543857586e-01	   5.5179002078168105e-01	   3.1211244625287193e-01	   3.9246611776499035e-01	   3.0951214290943163e-01	   3.9019042438097717e-01	   3.8237654972202006e-01	   4.3518659533791848e-01	   2.9970396059652082e-01	   3.9715544004864334e-01	   5.1447595218190745e-01	   3.9653004557019422e-01	   2.2704174095569185e-01	   3.1764603974569994e-01	   4.3120693720226633e-01	   5.5864905697083134e-01	   2.2482575022921655e-01	   1.7969754389600523e-01	   2.2978906780000874e-01	   9.3520141897360159e-02	   6.8918503828825306e-01	   5.7747912787054934e-01	   6.4190584849933852e-01	   5.0139308661334625e-01	   3.7515963052217949e-01	   3.6537884376062169e-01	   3.3545662810582316e-01	   3.3046384003718132e-01	   4.8608909890853408e-01	   3.9258794010906695e-01	   3.4028509670188151e-01	   2.9761398524793903e-01	   4.9782583175413370e-01	   3.9451703525499904e-01	   4.6115794657907649e-01	   3.4290968351018147e-01	   4.2142549122831618e-01	   3.8953737167447533e-01	   2.2099075714152178e-01	   2.8915092777146323e-01	   4.1994408735564381e-01	   3.1458626851595051e-01	   6.5894906835067379e-01	   4.7906724739929202e-01	   4.7457680026175175e-01	   3.9575551366519923e-01	   2.1065282990831730e-01	   2.3481431066031863e-01	   5.8553536358944236e-01	   6.7824846033298158e-01	   5.7993462755602398e-01	   6.7316269819777164e-01	   4.8407609709547594e-01	   6.2879918222973719e-01	   9.9541221814027872e-02	   1.0886059565413622e-01	   3.5528043161281508e-01	   2.0845218507541424e-01	   4.1721629938734195e-01	   4.6752211881063838e-01	   3.4401671047312332e-01	   5.8928579990379337e-01	   3.8637531426855254e-01	   3.9156071609578241e-01	   1.1832879752300135e-01	  -4.5709865011995948e-03	   4.6484114928164799e-01	   3.4522140359183623e-01	   1.1465789065046120e-01	   1.3176588969125963e-01	   4.2007701274283749e-01	   3.9910928726451417e-01	   4.5209408180458321e-01	  -4.3751222058221170e-02	   1.5111895526160740e-02	  -2.0478789105370582e-01	
   3.2877854276296858e-01	   2.3186038890008320e-01	   2.7013943176868060e-01	   4.9891090228802532e-01	   5.2934494162924284e-01	   5.4863720634303004e-01	   7.2953673604964830e-01	   0.0000000000000000e+00	   4.6961624322472384e-01	   6.4369465034165763e-01	   5.2856145644144503e-01	   6.0016510714618643e-01	   6.1599858775791705e-01	   7.0796707246173884e-01	   4.4855431175963012e-01	   6.1011631447684933e-01	   2.1509580879337353e-01	   2.3863265796597535e-01	   5.9185562337920539e-01	   5.6423383955543582e-01	   1.8200608027868767e-01	   3.1363391403445828e-01	   1.8938392865664322e-01	   3.1910643795021448e-01	  -1.6427026466060124e-01	   2.6433263469015436e-02	  -3.9671300755188925e-02	   9.2943858703652737e-02	   3.5691199259919237e-01	   4.1419640409096120e-01	   5.0891058438463677e-01	   5.8636379251400927e-01	   7.1214918464659749e-01	   7.9203309939022082e-01	   7.0899252255224365e-02	   2.2333357851764074e-01	   3.2224072848040020e-01	   5.3000638135135547e-01	   5.2560850234660206e-01	   5.1455549729165351e-01	   3.3373344760324342e-01	   5.7637004116009016e-01	   4.1132089780086334e-01	   4.2678015407496611e-01	   4.5309483459965244e-01	   5.5956258341469090e-01	   5.3071887360617476e-01	   4.7649764939871786e-01	   3.8490681747057243e-01	   5.5818305465748230e-01	   5.2371784793809562e-01	   4.5202710863986328e-01	   1.9372648696707279e-01	   4.0090909292849836e-01	   4.3143653050967007e-01	   5.6196277236334424e-01	   1.6716632343026991e-01	   9.6742914370748390e-02	   7.9000634450630061e-02	   3.5967228418974512e-01	   3.4042434122506959e-01	   5.8970356087624909e-01	   5.3206552167453702e-01	   4.5690619664422305e-01	   1.3412533172628480e-01	   3.8773582188003353e-01	   2.6102288627595294e-01	   3.2645160506502058e-01	   4.1361351859674034e-01	   4.9893741680201731e-01	   2.4437544004002323e-01	   4.6962330758262560e-01	   3.2128929407013829e-01	   3.4050425090799064e-01	   3.1927727782185589e-01	   3.7070523638307962e-01	   3.2788533542785986e-01	   3.8757784196973377e-01	   1.8451670837634601e-01	   2.0090057565846797e-01	   3.3761984928844579e-01	   2.3981835445654037e-01	   5.5664035244760357e-01	   4.7868805424624289e-01	   3.5179962332658632e-01	   3.7056209271769003e-01	   6.4336133059046730e-02	   1.9991048421119234e-01	   4.1899905201985943e-01	   6.1734219796300493e-01	   6.2240339905300512e-01	   5.4979529245152403e-01	   5.6259352928541329e-01	   4.2696602806560746e-01	  -1.0361329254889619e-02	   1.5456158788066945e-01	   5.0477275183920900e-01	   2.7696477052248092e-01	   5.4268239294343712e-01	   4.7987884289603649e-01	   3.9270140067009829e-01	   4.0261721392592242e-01	   4.1538155004923288e-01	   2.1555405569179895e-01	   1.7980617449078709e-01	  -1.8942029456009610e-01	   4.6129019045111685e-01	   2.6816514451992024e-01	   2.1541578773338332e-01	   8.0059948616458293e-02	   4.3299828677467800e-01	   4.3866629828145182e-01	   4.6220783033075019e-01	   3.2786728866844713e-03	  -2.1341082413347111e-02	  -2.3351144178824551e-01	
   6.8377812474238978e-02	   8.5258522257357805e-02	   2.2566310350120944e-01	   1.9404471644934074e-01	   5.0854311008121267e-01	   4.5087958717144205e-01	   6.0040810209382067e-01	   4.6961624322472384e-01	   0.0000000000000000e+00	   1.4655784056539914e-01	   2.3865818801487393e-01	   2.0168990529718270e-01	   4.1678860061584994e-01	   2.5553792918179152e-01	   3.3324488539255481e-01	   2.9054009937449454e-01	   1.0363370742967053e-01	   4.8062602800950559e-02	   2.1733651147730565e-01	   8.7904108104942355e-02	   1.0420428520236660e-01	   2.6219258894358777e-01	   1.4817628529650584e-01	   2.1417631166691437e-01	   2.2408984618862933e-02	   2.2075767187353193e-01	   9.9155165921454291e-02	   2.9370064637528315e-01	   5.3751932576009263e-02	   1.0771550380868669e-01	   4.1842879770473840e-01	   3.3589291962970391e-01	   3.4310563873492572e-01	   3.8630383718421124e-01	   1.0548831644360050e-01	   1.8430549063151158e-01	   1.2596836634785527e-01	   2.2279109522008655e-01	   4.0493180369134041e-01	   2.2401987914494806e-01	   3.2514130519282910e-03	   1.6458803566568603e-01	   1.8827852402516285e-01	   2.0900541955784915e-01	  -1.4271039083606909e-02	   1.0130942393640280e-01	   7.2295931294290823e-03	   7.0323084565479990e-02	  -8.3218819579160705e-02	   1.3072615660466161e-01	   8.2492926344780268e-02	   2.0619075539263804e-01	   1.5218342803020202e-01	   2.3247491674195001e-01	   4.9169989711603287e-02	   1.6911005285539626e-01	   7.0804417644952031e-02	   9.1868270134765381e-02	  -6.0340790170744681e-02	  -1.1723880291735485e-02	   2.8291038509126154e-01	   2.3412562291536809e-01	   2.4592635202982396e-01	   3.8904800900734914e-02	   5.2042184010567982e-02	   2.5260837965551269e-01	   7.2036502929613583e-02	   1.6077029304236473e-01	   2.2414921393613835e-01	   1.3568437287117743e-01	   2.1768581627454789e-01	   1.4657307869770420e-01	   1.3242791250212868e-01	   9.7182352201290484e-02	   1.6084985125864731e-01	   1.1232643294008404e-01	   2.3143283222119565e-01	   1.9633977760851257e-01	   6.8678973092959117e-02	   1.0795603767135578e-01	   9.5738737933359352e-02	  -8.1982358133386640e-02	   2.7573856418713494e-01	   1.0454365972132713e-01	   1.0647788914624509e-01	   1.5568947456452747e-01	   1.9708183923374509e-01	  -6.6474975047120924e-02	   1.3331893718816423e-01	   3.6050875438954222e-01	   2.0820927007109821e-01	   2.9108703284226656e-01	   2.5282238723512529e-01	   3.0449166443008502e-01	  -1.2692422274198496e-02	  -2.5064830848160032e-02	   1.0136196528649843e-01	   6.1174082040795233e-02	   1.9061957131330406e-02	   8.3838225983054002e-02	   1.3593569421120494e-01	   3.6186876737957629e-01	   1.7270463339232447e-01	   1.3134834864091519e-01	   9.1330439780576672e-02	   3.7812921308384533e-02	   3.6278317147571260e-01	   1.3295507986279614e-01	   3.3837473306984125e-02	   1.7973663345220836e-01	   1.0085057711140033e-01	  -1.3083846914318631e-01	   7.9658950661873215e-02	  -1.8062645527344890e-03	   1.2853063287214861e-01	  -1.5034962477661401e-01	
   1.7000384234307792e-01	   1.8758554978049725e-02	   1.5197928807507033e-01	   3.7614217733310323e-01	   2.3257690890484045e-01	   6.0020333511729373e-01	   4.7777187551117462e-01	   6.4369465034165763e-01	   1.4655784056539914e-01	   0.0000000000000000e+00	   2.4090897198543937e-01	   2.8728191408756704e-01	   4.0704998200145825e-01	   3.1701577192606178e-01	   2.4705689193373542e-01	   4.5198666952245320e-01	   8.2268146668621894e-02	   2.3742730843621752e-02	   4.0052731320711954e-01	   3.5315100163349106e-01	   7.4251507197619512e-02	   6.7887455646229750e-02	   1.2480769783925127e-01	   2.6261360918699989e-01	  -2.1802941678591931e-01	  -1.3423661595345804e-02	  -8.7766666073863103e-02	   8.3332737227567483e-02	   1.2999631426347763e-01	   1.0059987343573018e-01	   2.4819148361035354e-01	   3.7766205379177464e-01	   4.1768925401903423e-01	   4.8904757862364751e-01	  -1.1012501696233701e-01	   1.9777244843953601e-02	   1.6447210770107157e-01	   1.0060480082580933e-01	   2.0210012134541025e-01	   1.5414633329031291e-01	   2.0324270777249467e-01	   2.6134521813209977e-01	   1.0120391558503072e-01	   9.2319338284180999e-02	   3.1222830431664161e-01	   2.9185138103842045e-01	   3.1946085136760694e-01	   2.1455000564124499e-01	   4.5819086700570177e-01	   5.2351589931567843e-01	   3.8786575216072527e-01	   1.9005202237311253e-01	   1.5890366894996261e-01	   3.4423322014291002e-01	   2.7484914895753176e-01	   2.6323144436575024e-01	   6.4867835619709699e-02	  -2.8838962283954151e-02	   2.2838627559399405e-01	   4.7703935113658069e-01	   1.9044686743040479e-01	   4.6678408333083382e-01	   3.0372386910883531e-01	   2.5458209578556373e-01	  -1.4775481187435505e-02	   1.2168049202520821e-01	   9.8857754410487941e-02	   7.8392642604445395e-02	   2.3066853307031604e-01	   3.3774682072635620e-01	   1.7132133680324399e-01	   4.6474400605379590e-01	   3.5718905495567249e-02	   2.5924199201298966e-02	   6.8701134222180979e-02	   4.9060745279078673e-02	   3.0002845872703403e-02	   1.0389812448451098e-01	  -1.2513152666040691e-02	   1.0542432012704249e-01	   2.2121750625832062e-01	   1.3161686360574068e-01	   3.2490442144556403e-01	   2.8625513036758266e-01	   2.1703692213495057e-01	   1.3593305369774730e-01	  -9.6363884410677586e-02	   2.5308183831989229e-02	   3.2528097051658644e-01	   4.3517228424827459e-01	   5.5200171849749025e-01	   4.4709380026649775e-01	   4.0548614932301352e-01	   3.1531530990549400e-01	   3.6200645172737161e-02	  -4.8923223030217830e-02	   1.0641293225117432e-01	  -1.4293966653712636e-01	   4.7468229890319680e-01	   3.5886444501615289e-01	   3.7914657092646936e-01	   2.9943822910867834e-01	   1.9963956592771792e-01	   9.2757833693973474e-02	  -1.1213719161260896e-01	  -3.7706909058996729e-01	   2.5043638068594148e-01	   1.8770457542254360e-01	   8.2144773121461852e-03	  -2.4443063766882317e-01	   3.1932033979300091e-02	   3.4078449832432162e-01	   2.7531887956443402e-01	  -2.3607750892741286e-01	  -2.7927213888603286e-01	  -3.1423341201297528e-01	
   7.0518632561685279e-01	   5.6423388442749867e-01	   4.6736188649016180e-01	   3.9624705808645855e-01	   4.2283948110199387e-01	   2.0644148757316383e-01	   5.9891569868208627e-01	   5.2856145644144503e-01	   2.3865818801487393e-01	   2.4090897198543937e-01	   0.0000000000000000e+00	   7.9662328277028527e-01	   8.1091466592531725e-01	   7.4739930769099372e-01	   6.3257446486479640e-01	   6.9464624918992934e-01	   5.7145180030870368e-01	   5.3152642411752660e-01	   7.6010120710359530e-01	   7.9298831521457891e-01	   3.1398626812137131e-01	   4.4577307111691483e-01	   4.7299052877651865e-01	   5.1867400701813549e-01	   1.9502032073991910e-01	   7.9416403095378812e-02	   2.9814140167029457e-01	   3.0543840825563956e-01	   7.4157310742508176e-01	   8.0760912031498122e-01	   5.7373989820137417e-01	   4.9879782122793193e-01	   6.6030923643131612e-01	   6.4360890665284953e-01	   2.4092387491307804e-01	   2.4582829310565027e-01	   4.4583787235188516e-01	   5.0950948619349112e-01	   5.6791195417608686e-01	   4.9900616171138573e-01	   5.4321288704046800e-01	   5.6865506599366999e-01	   5.7948366599057954e-01	   5.6876936835504188e-01	   5.6315890950989145e-01	   5.1909593922223918e-01	   6.8923663009102998e-01	   6.9738089278590965e-01	   4.1510257616691382e-01	   4.5701704940813137e-01	   5.9464503826890192e-01	   2.4646765547203861e-01	   4.5446433458406066e-01	   5.7133221869967299e-01	   6.2191133573263713e-01	   7.6078443250883465e-01	   4.7280357741498269e-01	   4.0829163868172158e-01	   2.9041421735838846e-01	   1.8007355766074484e-01	   4.9991699628788683e-01	   5.2589200875382625e-01	   6.7076276278787761e-01	   5.7992784847182022e-01	   3.6489004768697608e-01	   2.9050133390189736e-01	   2.6233600521574951e-01	   2.5019436392742467e-01	   6.0742307958893194e-01	   4.5237981570065300e-01	   3.3378786107030622e-01	   2.0659258913789308e-01	   6.4464885684679873e-01	   6.6368500837270261e-01	   6.2727937481410201e-01	   6.7306416746757813e-01	   4.2930306135579366e-01	   5.6324047717695369e-01	   5.1967209702518258e-01	   3.9985698375199846e-01	   6.4245220709297690e-01	   5.8329682059469312e-01	   7.7827547789530083e-01	   7.1999721364183289e-01	   6.0639558239159164e-01	   5.1397761761475791e-01	   2.8435585378362277e-01	   4.3425683622247779e-01	   4.0103267758420802e-01	   5.9886370809933276e-01	   4.3943933940474156e-01	   4.9827688134817416e-01	   2.4269990565004973e-01	   4.0737982461068911e-01	   2.2506519570752181e-01	   4.4107539929944029e-01	   5.9253867862359677e-01	   5.7352859135849876e-01	   5.7163003661935541e-01	   6.0479150527330017e-01	   1.4481734045801989e-01	   4.0348214995840759e-01	   4.1930418060651586e-01	   3.7723168444814625e-01	   2.3975044796886177e-01	   9.0870637097696438e-02	   2.5166639529276053e-01	   2.8924554029649296e-01	   2.6623254859859080e-01	   2.9333562238276917e-01	   6.8628994284742051e-01	   6.2752786673475291e-01	   5.4802962853236670e-01	   2.1478314732266218e-01	   2.4891333291427037e-01	   1.1747533213153666e-01	
   6.1087573146359730e-01	   5.0388713380862404e-01	   4.2536382578558274e-01	   3.8772518856684246e-01	   3.9370841828315029e-01	   2.4161430472094608e-01	   6.3320902534357848e-01	   6.0016510714618643e-01	   2.0168990529718270e-01	   2.8728191408756704e-01	   7.9662328277028527e-01	   0.0000000000000000e+00	   6.9176335096951425e-01	   7.9252249207387249e-01	   5.9346803624663913e-01	   6.8153290898954799e-01	   5.2091019160799479e-01	   5.6259311196649664e-01	   6.8983750370149410e-01	   6.9319889727565975e-01	   2.2973437804323685e-01	   3.4594824781855638e-01	   4.3457407400297560e-01	   5.4643309114128080e-01	   7.1083180519866049e-02	   5.2708358278132868e-02	   2.3431274926972601e-01	   3.1772516264587847e-01	   7.0019206247720966e-01	   7.2200713725087029e-01	   4.9662907158791614e-01	   4.7054163082554723e-01	   7.0304021159877439e-01	   6.3992972240892687e-01	   2.3028508559179822e-01	   2.6951853337041715e-01	   4.4140593241671061e-01	   5.3990347198489386e-01	   5.2908734462665918e-01	   4.4506574928000303e-01	   5.9368307097664785e-01	   5.5336340463948397e-01	   5.1221876301478630e-01	   5.4257559798770782e-01	   6.1059721869677308e-01	   5.6834633189924455e-01	   6.3576000669762900e-01	   6.3362187104481471e-01	   4.1762631926087740e-01	   4.1873064138445704e-01	   5.8005612621482872e-01	   2.3683104773645436e-01	   3.7938164797555229e-01	   4.8125697905660852e-01	   5.7803156034911463e-01	   6.3332534631986814e-01	   4.2847600181652390e-01	   3.3594083300023742e-01	   2.1095618007103337e-01	   1.3965367285313390e-01	   5.0974413119232853e-01	   5.5245968504971998e-01	   7.5482709325979425e-01	   7.2680407034244765e-01	   4.4221010367966651e-01	   3.3736278377531737e-01	   3.5423059625735265e-01	   3.2223825032495185e-01	   5.4264751204203399e-01	   4.8222460354629670e-01	   1.8408189981234971e-01	   2.3304354828666815e-01	   6.2298636364715054e-01	   6.0677306206903492e-01	   4.9621796023159637e-01	   5.5297852351001708e-01	   4.7885811801435763e-01	   4.5267862470093939e-01	   5.2415914811728659e-01	   4.8569827942782923e-01	   6.2754633065325316e-01	   5.8966226456290283e-01	   7.3138525111642638e-01	   7.0395159034382737e-01	   5.3563722926174262e-01	   5.5650153481207398e-01	   2.1562823005892895e-01	   3.8622385804166348e-01	   4.4322710563981249e-01	   5.2559246798469583e-01	   4.9668927838407095e-01	   5.4959326886139204e-01	   3.8767115490442855e-01	   4.1401669933862795e-01	   7.3953243035124711e-02	   2.6546288276954982e-01	   5.4177284329824527e-01	   4.3473910499035928e-01	   6.2112741143100569e-01	   6.1904826017847236e-01	   2.9856886273170224e-01	   3.9584649500217522e-01	   5.2309426605137477e-01	   3.7905438551306114e-01	   2.2165559209372396e-01	  -1.3327506579309364e-02	   2.5716625066692439e-01	   3.3236888721035057e-01	   1.9897377590085841e-01	   3.1433573954281191e-01	   6.1444128831836609e-01	   6.0630431532889395e-01	   5.8377143754922145e-01	   2.0314462771097680e-01	   8.5683110458257605e-02	  -4.2183881806034357e-02	
   6.3789054725473915e-01	   3.7919297128091833e-01	   4.3650954004798237e-01	   3.9998282097641269e-01	   4.7420690214837602e-01	   3.7456168181083666e-01	   7.5937514894013658e-01	   6.1599858775791705e-01	   4.1678860061584994e-01	   4.0704998200145825e-01	   8.1091466592531725e-01	   6.9176335096951425e-01	   0.0000000000000000e+00	   6.9691580200147341e-01	   7.4557073485472192e-01	   7.5735098212559859e-01	   4.6730237969648319e-01	   3.5309954629869478e-01	   6.8210112893371022e-01	   6.5235405478380670e-01	   3.5073384840346411e-01	   4.6528599569693219e-01	   5.0359526314269609e-01	   5.5476280214130458e-01	   1.3263031113517437e-01	   1.5197874359056709e-01	   2.9530599246998107e-01	   3.5870200379955580e-01	   5.7987192075880556e-01	   6.0558119282136091e-01	   5.7630261382434989e-01	   4.8713539647903781e-01	   6.6772721129200407e-01	   6.4524007947434692e-01	   1.7688037783524629e-01	   1.8137869139320470e-01	   4.9414209002836557e-01	   5.1776239127039847e-01	   6.7929635438748148e-01	   5.2308753733182356e-01	   5.3414578920324329e-01	   5.4895272586068777e-01	   4.3843869643636246e-01	   5.3025214093455186e-01	   5.2892950616883105e-01	   5.1456461848953017e-01	   5.4478594898185340e-01	   5.9985507892024392e-01	   4.7115446205840084e-01	   5.8411824421572356e-01	   5.8953594657102815e-01	   3.6511253638079511e-01	   4.2505619008337170e-01	   5.6419376757550177e-01	   6.3148849745426516e-01	   7.2197419910974814e-01	   4.4185496092994747e-01	   3.6373069573596806e-01	   4.0652308079680854e-01	   3.7441923407719180e-01	   6.1288374740994089e-01	   5.8320640817447789e-01	   6.4898027318160922e-01	   5.3455720674334328e-01	   3.4476450120949981e-01	   2.8561257528488571e-01	   2.2576962134364220e-01	   2.7001495931493374e-01	   5.5518455451496607e-01	   4.0972340309075062e-01	   3.4844570403586245e-01	   1.3506646809721468e-01	   5.8114879828856247e-01	   4.8957607114148083e-01	   5.5279193786898573e-01	   4.5849340313972264e-01	   3.3451603108790923e-01	   4.4621826579996621e-01	   3.1009200789616587e-01	   3.1810761177765740e-01	   5.5066149063974990e-01	   4.7943685961275634e-01	   7.9563994991131581e-01	   6.1005235327114438e-01	   6.4210367837281801e-01	   4.6963174383761885e-01	   4.8525042194493218e-01	   4.6212247420643310e-01	   5.0961373691435019e-01	   6.5546772060157210e-01	   4.7865893575879759e-01	   5.4037074269245888e-01	   3.3674867036373923e-01	   5.3725449737217401e-01	   2.9921747866880921e-01	   2.6719826415332815e-01	   5.4071213086214298e-01	   4.9044256297983513e-01	   5.0916851104152616e-01	   5.8213102530688243e-01	   1.8039081453256620e-01	   4.7661328170186296e-01	   4.1350634061841501e-01	   3.4794318086582632e-01	   2.6363776679982254e-01	  -2.2342211998357682e-02	   3.7098184978723414e-01	   3.2086065183770590e-01	   2.1329185648685534e-01	   2.2682765441266867e-01	   5.7602214558335818e-01	   5.0796775561627516e-01	   5.0115313952996032e-01	   5.1739065389164680e-02	   1.5999277312477697e-01	   8.0176002133209440e-02	
