   0.0000000000000000e+00	   7.4875888547624647e-01	   6.3834777485423522e-01	   4.9849623867517301e-01	   5.5999025668062663e-01	   6.3312405073528144e-01	   8.1565615138239222e-01	   7.9438872370685620e-01	   5.4019543348993526e-01	   6.9312143897617484e-01	   8.9691950333739900e-01	   8.6468599469890128e-01	   8.6931036732178879e-01	   7.4484998622965515e-01	   7.1160392819031648e-01	   7.1191421598637472e-01	   7.9504432779979251e-01	   6.6910978578274372e-01	   8.2701998078810623e-01	   8.7900997351836008e-01	   3.9815818886575050e-01	   4.6266965700582974e-01	   6.2685586267532056e-01	   4.6496941822862126e-01	   3.8305676770649610e-01	   2.9190084595238464e-01	   2.4490437646797378e-01	   4.2491904432871513e-01	   8.3510658300861507e-01	   7.4574273480515174e-01	   5.6351203429949726e-01	   6.0178379750722599e-01	   8.3632820467617353e-01	   8.2578509944355272e-01	   2.0952672598393463e-01	   2.2479942300425132e-01	   2.8970701637249385e-01	   5.1927952452149917e-01	   5.7630315820067080e-01	   5.6641648229780805e-01	   6.7282575874314887e-01	   5.2088032836531695e-01	   7.0487880940177861e-01	   6.5978992263726544e-01	   6.6806208980863335e-01	   7.1329324589854393e-01	   6.1787954888245111e-01	   6.6527188915706204e-01	   6.6351186542414486e-01	   5.9294230477493048e-01	   6.9564199322738496e-01	   6.3369285107178297e-01	   6.6442574176552271e-01	   6.2611700024993033e-01	   7.1939321202987916e-01	   6.8656192885225997e-01	   7.4137692321001469e-01	   6.8095536671917056e-01	   7.6007451123342173e-01	   5.9850469553331020e-01	   9.3675182003449764e-01	   8.0104078167344772e-01	   7.6441655043508960e-01	   7.9634881279831038e-01	   5.6661524555541565e-01	   6.4571108940483557e-01	   6.7238800137932564e-01	   6.5786170769864682e-01	   8.1062682724868362e-01	   8.0288558528776921e-01	   2.6010167569095355e-01	   1.9276620303330674e-01	   5.9981512287505945e-01	   5.6709728843991347e-01	   5.2174836085775189e-01	   4.7354065369682047e-01	   2.9756183267958636e-01	   4.0061110231684516e-01	   7.1152409427548602e-01	   6.6494731045513678e-01	   7.6185799615914951e-01	   6.6677667789747042e-01	   7.8583532563669034e-01	   7.3356695586007714e-01	   6.6926047554676071e-01	   5.9771972981422339e-01	   5.6581388824890066e-01	   4.7647913714922085e-01	   7.4156875269665656e-01	   6.8556739982875881e-01	   4.5752141745770214e-01	   4.2519920052636434e-01	   2.0298746003261925e-01	   3.1971647316128810e-01	   6.5642509103668867e-02	   4.6364882643621158e-01	   5.9423134260754251e-01	   6.1764051453382607e-01	   6.3404642569019420e-01	   7.0125834833875622e-01	   2.6460253963375324e-01	   4.9116351792063906e-01	   4.1851517334748045e-01	   7.3924171217104528e-01	   4.9896431435484589e-01	   4.6402141472882596e-01	   2.5802318565347687e-01	   4.2012777765026704e-01	   2.1047359507092767e-01	  -6.3367472232602792e-02	   5.4586096524762617e-01	   6.8309400045450674e-01	   5.7399050776009408e-01	   7.0835396206581369e-01	   5.8560567592419355e-01	   2.9188139470896662e-01	
   7.4875888547624647e-01	   0.0000000000000000e+00	   4.8669191162790804e-01	   3.2522764504215673e-01	   5.8589300349971563e-01	   3.7127636703535671e-01	   5.0699034534665277e-01	   5.3916827622408614e-01	   5.4906629628224601e-01	   3.6784621734132983e-01	   6.8673543867237519e-01	   7.6527670531628700e-01	   5.4157414082744004e-01	   5.5150672257636346e-01	   3.8447400304752399e-01	   5.0493323900405307e-01	   7.4182239534556405e-01	   7.6134162250624415e-01	   6.4338336158887821e-01	   7.6446315433775847e-01	   4.8162919331773590e-01	   4.7665046639119457e-01	   4.2535000066982032e-01	   2.5983305749392643e-01	   3.7442355410849060e-01	   3.0483981445363678e-01	   2.7738702342956834e-01	   3.6446841654847567e-01	   7.3930844048167421e-01	   7.7493090836837863e-01	   5.9071500100805030e-01	   5.4428792316001495e-01	   6.8537367675387628e-01	   6.4848916178570648e-01	   4.2527922484121392e-02	   1.1706704993701418e-01	   3.8220187083994039e-01	   6.6337184837730900e-01	   5.8112726320075692e-01	   6.1524967463494551e-01	   6.3736839794698574e-01	   5.7736817688603592e-01	   7.1173168999047509e-01	   7.1578173723094296e-01	   6.0339508938377606e-01	   6.0414124656605539e-01	   7.2396194924194557e-01	   7.1533854279258346e-01	   6.2408505382813995e-01	   5.6028400914465637e-01	   6.6459794351833124e-01	   5.9772695671648324e-01	   7.6229576641733099e-01	   5.3312793369367795e-01	   7.1801964200516455e-01	   6.8074787491691768e-01	   7.8938360181662282e-01	   8.4961076966035542e-01	   6.6427505858393188e-01	   5.8480666253331748e-01	   6.6394186243406805e-01	   6.3468985445215265e-01	   6.8754679872792535e-01	   7.5856718911713761e-01	   3.8210184181103757e-01	   4.3754509781706497e-01	   4.5813437808587137e-01	   4.6326589866584683e-01	   8.0075058667291743e-01	   7.1646633445773644e-01	   1.8840901558270140e-01	   2.3974412918572180e-01	   5.4934562374094265e-01	   6.0445202783169605e-01	   4.5796377432051488e-01	   4.8403722427386919e-01	   9.7863430121838471e-02	   3.0212714704583332e-01	   7.0575602313780461e-01	   7.4868203475834338e-01	   7.3745475812329930e-01	   6.9973332066047123e-01	   6.7492721921251486e-01	   7.2797794592930665e-01	   6.5887778370384442e-01	   5.1027025258390035e-01	   5.7289257702655949e-01	   5.3987276622272384e-01	   6.1218573708242507e-01	   6.4065399425317060e-01	   3.0185968181716005e-01	   1.1493008870009486e-01	  -3.4324716331464181e-02	  -1.9899515515904284e-02	   1.1054593694215289e-01	   3.7064936510436541e-01	   5.4689995336143316e-01	   5.9685695826664209e-01	   5.5978531483201632e-01	   5.1953526822553409e-01	   1.2685450182816824e-01	   1.0777185037490353e-01	   3.5338187307510310e-01	   4.3237519380688816e-01	   3.9192905622155177e-01	   3.3861602878486169e-01	   1.0757316285627147e-01	   3.5470736495169364e-01	   1.1246603262681816e-01	  -5.7666437470222945e-02	   3.9833016517205055e-01	   4.5491241523372938e-01	   4.5841451564799746e-01	   5.3242471453056228e-01	   4.4325198005728650e-01	   2.0234850317023217e-01	
   6.3834777485423522e-01	   4.8669191162790804e-01	   0.0000000000000000e+00	   8.7545606344096316e-01	   7.1581634313460651e-01	   7.6215396634439159e-01	   8.7619787811194616e-01	   7.9414700787595949e-01	   5.1947638128473994e-01	   6.1151838655592261e-01	   6.8927627619391818e-01	   5.5294496374838575e-01	   6.8414484629646233e-01	   5.5745762000428711e-01	   6.5813347655008370e-01	   5.8954815307578268e-01	   6.2257567502972821e-01	   4.6482899832139424e-01	   7.8780663335180146e-01	   7.7849012859800903e-01	   6.6522361072614089e-01	   5.6968411548135856e-01	   8.9891322750702241e-01	   8.3478069772545771e-01	   8.0037280397627730e-01	   7.5013382376416293e-01	   5.9353973963890982e-01	   6.5394668404730927e-01	   5.9177889521861560e-01	   4.8030375858617647e-01	   6.8382900513117550e-01	   6.1306207743685026e-01	   7.8320755877239390e-01	   7.4719306102348448e-01	   6.0776267332351375e-01	   5.7520034444358148e-01	   3.6288680985144806e-01	   3.9501691503476599e-01	   6.6219237727551383e-01	   6.2639628940013037e-01	   7.7128351510954440e-01	   4.0966759161383681e-01	   5.4989404246606277e-01	   4.5067400874710406e-01	   6.5013315487104095e-01	   6.3639541835818614e-01	   4.0685553557661591e-01	   4.7871306808700037e-01	   6.8512750576303283e-01	   6.3439844603803353e-01	   8.2617081037675100e-01	   7.2300931906988875e-01	   7.0359381157894563e-01	   8.1186341593579758e-01	   7.0592618781392502e-01	   6.8748539147560039e-01	   4.5639308834583114e-01	   6.2360232208668487e-01	   6.8200651427467396e-01	   6.6923540602487219e-01	   6.1356158750523304e-01	   6.5488673522596419e-01	   5.2352129285382210e-01	   5.9149030328043584e-01	   7.5985593828436682e-01	   7.3242654693282905e-01	   8.1932033421429051e-01	   8.0907510888837564e-01	   7.3460491629192259e-01	   7.8728075629504879e-01	   3.1493438790574774e-01	  -2.3150224947077743e-02	   5.1395880497260427e-01	   3.7906831542576602e-01	   5.3302611336349648e-01	   3.4888544118670395e-01	   1.2625239597121043e-01	   1.5833246500711087e-01	   6.0232122785959774e-01	   5.2556891795553773e-01	   6.6644769967996820e-01	   6.6751543892257603e-01	   8.0387859318225241e-01	   6.7721553808743451e-01	   7.7730131779222666e-01	   7.9166167523313635e-01	   8.2239591792173972e-01	   7.2469832503128528e-01	   8.4822371220103776e-01	   8.5063327962648538e-01	   6.8052475191362138e-01	   6.2426347538113158e-01	   5.1590565634469632e-01	   4.7738454623349014e-01	   2.0008191155708821e-01	   4.0668861469048723e-01	   5.7102955855088633e-01	   5.2688045077492418e-01	   6.0101031558533136e-01	   6.0881517871488289e-01	   5.6207656866325162e-01	   5.9435514959075209e-01	   5.3960808138981364e-01	   6.4636200163179525e-01	   5.6930003731027701e-01	   5.7216705864831408e-01	   3.1495152672854720e-01	   5.3503794526982640e-01	   1.4818717494143277e-01	  -1.8826416689440684e-01	   4.8045893712181265e-01	   5.8799270124756775e-01	   4.5661407605750770e-01	   4.1078232129539438e-01	   5.6505161952257221e-01	   3.5805218638143654e-01	
   4.9849623867517301e-01	   3.2522764504215673e-01	   8.7545606344096316e-01	   0.0000000000000000e+00	   6.2973857619479012e-01	   8.2460552289146472e-01	   7.5787243241461788e-01	   8.3593756014128662e-01	   3.1035339750091795e-01	   6.5144433276325953e-01	   5.6060358905483476e-01	   4.7289274787386493e-01	   5.6858301144108192e-01	   4.9243745696479102e-01	   6.1765433872248043e-01	   5.6069657775944548e-01	   4.9341044259586553e-01	   3.0942320123601497e-01	   6.2583613824030981e-01	   6.5593424228301744e-01	   6.0604123995916326e-01	   5.5099068890820868e-01	   8.1108574231695463e-01	   9.0651627790186273e-01	   8.2629709015574537e-01	   8.4413782214250810e-01	   5.5100718367862334e-01	   7.0121043161670205e-01	   4.5629291453053444e-01	   3.5719124692376092e-01	   6.3670012999718573e-01	   6.4831350190870862e-01	   7.1888407944303923e-01	   7.4373251665898332e-01	   7.3320070569160578e-01	   7.1656766053090748e-01	   2.6306988903193440e-01	   3.2882364563794575e-01	   5.0583687802236321e-01	   5.7984267962972746e-01	   6.6612143447291672e-01	   3.8330579461529718e-01	   4.4327855801192551e-01	   3.4308446260852188e-01	   6.0003073083541791e-01	   5.9870796581065555e-01	   2.6987318046898073e-01	   3.7890396949444866e-01	   5.9214524891486908e-01	   5.3698017255359931e-01	   7.7640150637347438e-01	   6.5350722672419159e-01	   6.0995277804149983e-01	   7.5973194239308794e-01	   5.6028972424351242e-01	   5.8090399830857531e-01	   3.4742006325769947e-01	   4.7810318126489082e-01	   5.8413478252652240e-01	   5.8471397282940640e-01	   5.1637517988682757e-01	   6.6719648156687394e-01	   3.8604104905532510e-01	   4.9927346801779482e-01	   7.3367764985779704e-01	   7.8728451330653426e-01	   8.3968685365025775e-01	   8.4789131864832090e-01	   5.9100735298632612e-01	   6.7725286586157518e-01	   2.4217881506072381e-01	  -6.5854380422334449e-02	   3.9260847161903767e-01	   2.5973299837917752e-01	   4.0373373821292502e-01	   2.0210387372079236e-01	   1.1841293886342172e-01	   1.3946076907092311e-01	   4.8089744711001403e-01	   4.5345301753647677e-01	   5.3022985711596837e-01	   5.3403802160292491e-01	   7.1639539117149342e-01	   5.2080518244347840e-01	   6.7118817055579905e-01	   7.4973379184130129e-01	   7.1926127937878581e-01	   6.0690456456099384e-01	   7.5323378296577970e-01	   8.1556133907707928e-01	   6.4871049077407950e-01	   6.0398557805988307e-01	   5.4319915112576911e-01	   4.5692731264393022e-01	   1.9588123357877460e-01	   3.1215924242765086e-01	   3.9702403692271981e-01	   3.8419779315177016e-01	   4.8445027241599919e-01	   5.0918936357532041e-01	   5.3658512416059689e-01	   5.6959916550120915e-01	   4.6679498849871937e-01	   5.4425962485646084e-01	   4.4652619800534515e-01	   5.1581378876742467e-01	   1.7983854247347819e-01	   4.2291265509661813e-01	   1.4851566381107256e-01	  -1.8500290435276909e-01	   4.8181510536448213e-01	   5.1081072356814450e-01	   3.5438687024070209e-01	   2.8909937124428470e-01	   4.6004887324507343e-01	   2.3780134962295413e-01	
   5.5999025668062663e-01	   5.8589300349971563e-01	   7.1581634313460651e-01	   6.2973857619479012e-01	   0.0000000000000000e+00	   5.7827747052844491e-01	   6.4098305965691926e-01	   6.4077212491726565e-01	   8.0211907541510929e-01	   5.0155434927047149e-01	   5.7443669091596206e-01	   5.4962184679811932e-01	   5.6732185796429979e-01	   4.8141603809243916e-01	   3.5700946988429605e-01	   4.3775083265243375e-01	   6.6981035808510636e-01	   5.2903196542056663e-01	   6.3849938661211070e-01	   7.3144628072361195e-01	   5.0809272455124954e-01	   4.3118503458420110e-01	   5.5678499656880431e-01	   5.8482645382032761e-01	   7.9727355034666059e-01	   6.0278870610061475e-01	   5.9071234452966837e-01	   5.1827022269099932e-01	   5.7645879486145002e-01	   5.1691715180958653e-01	   4.3293168875886756e-01	   3.5218340200300369e-01	   6.5616225762367253e-01	   6.1074096203788009e-01	   3.4681531366929719e-01	   3.2507353340567069e-01	   4.3323311556414962e-01	   5.1670349454277842e-01	   6.5054803865538846e-01	   6.7622827044068090e-01	   6.7206608460354200e-01	   4.3559778379477831e-01	   7.0630799011184042e-01	   6.8846366572040352e-01	   7.4574520527186605e-01	   7.2271744090868129e-01	   6.1349328958451177e-01	   6.8780426193440192e-01	   7.8859479159147328e-01	   7.7415313857563928e-01	   8.3527691037907092e-01	   8.3168453467688996e-01	   8.2190418938900711e-01	   7.9955851659116872e-01	   8.1477066602418524e-01	   8.1138427721255968e-01	   5.7847959051040787e-01	   6.7859824281121894e-01	   7.1479217860718880e-01	   7.2355307589200690e-01	   5.3728392910073453e-01	   5.8052285417895910e-01	   6.5117712345975265e-01	   6.9533131864930320e-01	   4.3387816052305067e-01	   5.2343018727362856e-01	   6.8166304827309032e-01	   6.8023234671145127e-01	   7.5799246432623035e-01	   7.7221588817671316e-01	   9.8437160506089430e-03	  -1.0968446106317675e-01	   4.4560397464785095e-01	   3.4920037717031421e-01	   4.1478699592133172e-01	   2.9286348239242688e-01	   3.2260752258758685e-02	   1.3821396957755644e-01	   5.8178727865436997e-01	   4.7002218373132826e-01	   6.7683555005524920e-01	   6.3506658896343271e-01	   6.9419523201545152e-01	   6.8617118100681740e-01	   6.9814037735631518e-01	   7.2688356795212072e-01	   7.4008518882588659e-01	   5.7465136531574368e-01	   7.2119689195024939e-01	   8.0882911707403682e-01	   6.9389306772533244e-01	   4.8710105563199302e-01	   4.7934891331405188e-01	   3.1547027027209484e-01	   1.8641962393878855e-01	   4.5369868250401402e-01	   6.6025943287789512e-01	   6.6399596442163711e-01	   7.1081776569355282e-01	   7.0147762275752967e-01	   6.2058476213568681e-01	   4.1189087673897129e-01	   6.9958109350218289e-01	   6.1521491871534595e-01	   6.2950848993443198e-01	   4.3958602184289308e-01	   3.8464720953817233e-01	   3.6126061786168223e-01	   7.0363022540945078e-02	  -1.3248226287571005e-01	   5.3743560023891024e-01	   5.7548538302880148e-01	   5.2294306263530621e-01	   3.9384675033845562e-01	   3.7996297394708922e-01	   3.6016451834858598e-01	
   6.3312405073528144e-01	   3.7127636703535671e-01	   7.6215396634439159e-01	   8.2460552289146472e-01	   5.7827747052844491e-01	   0.0000000000000000e+00	   8.2880422373507245e-01	   8.8482750621018647e-01	   3.0031371720148570e-01	   8.6084627898629928e-01	   6.4803559133400601e-01	   5.5775353690109108e-01	   6.8062486748267281e-01	   5.6626230856378290e-01	   7.0165525625793490e-01	   5.8701632390850145e-01	   5.0423978231050404e-01	   3.1481215943348506e-01	   7.0916040928262980e-01	   7.5073886254434652e-01	   4.1667165158134600e-01	   4.2461189091726792e-01	   7.9860553005451629e-01	   8.2127295562366232e-01	   6.4068395176862691e-01	   6.4587803154079537e-01	   3.5262558056677318e-01	   6.2773801824146691e-01	   5.3998760872761831e-01	   3.9714866242552033e-01	   5.6601523543102394e-01	   6.0354548262739738e-01	   7.3079764699768202e-01	   7.7201860232877983e-01	   6.3871415436186707e-01	   6.1542396127861321e-01	   1.6078108658693971e-01	   3.5693945947819239e-01	   4.4939088046302933e-01	   5.6554490907553912e-01	   6.4845515240199925e-01	   4.2561017778063254e-01	   4.4309710027185523e-01	   3.6834060984499278e-01	   6.3846790898238837e-01	   6.8502940710711679e-01	   3.1164833126883296e-01	   4.5351070569869811e-01	   6.3508337709983298e-01	   6.4682920170996239e-01	   7.0479163336711736e-01	   6.7950012614182154e-01	   5.6977185308386336e-01	   7.8100675381872797e-01	   5.5457123028329081e-01	   6.2936705595424436e-01	   3.8389183691153533e-01	   4.5167186589143915e-01	   6.9611834868844413e-01	   6.3753543903005172e-01	   6.5488269302584501e-01	   7.6800021823410114e-01	   4.0068743761549758e-01	   5.1091017907942338e-01	   6.8509800220198325e-01	   7.8283480537908545e-01	   8.4619726326176992e-01	   8.2877955652987678e-01	   6.4860601692762798e-01	   7.4206631364895559e-01	   8.5623190089194959e-02	  -1.3405907328989985e-01	   3.1032230150722989e-01	   2.1494709709522405e-01	   2.7584926707449781e-01	   1.5585666707622409e-01	   1.5948247110136018e-01	   1.8290627537157417e-01	   4.6677426723869242e-01	   4.1569388145132585e-01	   5.2153847636559181e-01	   4.3565005447518912e-01	   7.6341871737154154e-01	   5.3301570044125157e-01	   5.3034812184409974e-01	   5.9349686370957833e-01	   6.3992099705260441e-01	   4.8387062787059310e-01	   7.4196886344926538e-01	   7.9192874920332912e-01	   6.7844900968898192e-01	   7.2882925582263858e-01	   5.4487433451508294e-01	   5.9166371669785844e-01	   1.8483061706511184e-01	   3.0825819477723337e-01	   4.4040736552958154e-01	   4.1296551772906809e-01	   5.7369041779373708e-01	   6.6280540453369652e-01	   4.7751813794468939e-01	   7.0961834880382557e-01	   4.5253787758634401e-01	   6.9251369415335018e-01	   4.6274178602768801e-01	   5.1026022958374007e-01	   2.9144980763237049e-01	   4.4999308556060957e-01	   3.0366355732489742e-01	  -1.5237587854969437e-01	   5.2047812867804699e-01	   6.6177963187555666e-01	   4.5438707919531995e-01	   4.1426443397862600e-01	   4.7490587456843664e-01	   2.5687445937074349e-01	
   8.1565615138239222e-01	   5.0699034534665277e-01	   8.7619787811194616e-01	   7.5787243241461788e-01	   6.4098305965691926e-01	   8.2880422373507245e-01	   0.0000000000000000e+00	   9.1034917016362160e-01	   5.5082884903635088e-01	   8.0316131818017167e-01	   8.1025332813371342e-01	   7.1289015598837846e-01	   8.7352818706243440e-01	   7.2066810064011189e-01	   7.3795525427153541e-01	   6.6578806587172346e-01	   6.5243499925245452e-01	   5.0669988195911997e-01	   8.1634629129532288e-01	   8.3509555463328478e-01	   4.3466440333503653e-01	   4.3408864780411038e-01	   8.1618162672023631e-01	   7.2449245445252108e-01	   5.8618308453826384e-01	   5.1003994076738379e-01	   3.4181371452085652e-01	   4.7214677158052537e-01	   6.8938709848695789e-01	   5.6533162549902927e-01	   5.7395556481293653e-01	   5.9634147204644627e-01	   8.1923631144301190e-01	   8.3907539231263439e-01	   4.6871475270978236e-01	   4.4603251186868825e-01	   2.8197639543171094e-01	   4.2270966221242656e-01	   5.8940029590542509e-01	   5.7940161102432852e-01	   7.2307646864919617e-01	   4.3965676709090112e-01	   5.6515377092944830e-01	   4.8790726878709367e-01	   6.6505569768660999e-01	   7.2511864514307067e-01	   4.3510225045282458e-01	   5.2047461448668997e-01	   6.9155324331596357e-01	   6.5639411820280391e-01	   7.6116127494715768e-01	   7.0047470016585911e-01	   6.8492031521271834e-01	   7.4601181287756479e-01	   7.0834969699536510e-01	   6.9762400484965581e-01	   4.9337380174442469e-01	   5.7660202909906322e-01	   7.5144989265339057e-01	   6.7061169095575990e-01	   8.3155750404670570e-01	   8.0259283018297012e-01	   6.0633852691261381e-01	   7.0387933231477295e-01	   6.8769870437156433e-01	   7.7962589662488679e-01	   8.2398367217979351e-01	   8.0490157422293818e-01	   7.3615221357071858e-01	   8.0966359730194926e-01	   2.3528139926204378e-01	  -1.7038652690666969e-02	   5.0103226869752038e-01	   4.0873056921433015e-01	   4.7380762737937931e-01	   3.6304515667324311e-01	   2.2416349064919111e-01	   2.7229358610817073e-01	   6.0586615777306418e-01	   5.2400867001483498e-01	   6.6277238876055566e-01	   6.4590488625180831e-01	   8.0212381985237413e-01	   6.6204376149095068e-01	   6.7451128626478052e-01	   7.2273769085842976e-01	   6.7381237291913498e-01	   5.6509030146638206e-01	   8.6217228227070619e-01	   8.2364744496931608e-01	   6.6862122636734056e-01	   6.6825890106601427e-01	   4.9753059359356899e-01	   5.4260210591894753e-01	   7.4909039154566953e-02	   4.3978028213823128e-01	   5.4920474829988941e-01	   5.3314111525751395e-01	   6.5714639813686460e-01	   7.0366090029342288e-01	   5.1185573986992061e-01	   6.8566648640106220e-01	   5.2198359068362365e-01	   7.6863597586514998e-01	   5.6457704387045782e-01	   5.4333340495761939e-01	   3.4423656505674260e-01	   4.5335071221559864e-01	   2.3828431809039280e-01	  -1.8174093065987229e-01	   4.9127805304224464e-01	   6.6284786909593407e-01	   5.1792081284661018e-01	   5.3770521420352535e-01	   6.0774697884232420e-01	   3.5315785731206639e-01	
   7.9438872370685620e-01	   5.3916827622408614e-01	   7.9414700787595949e-01	   8.3593756014128662e-01	   6.4077212491726565e-01	   8.8482750621018647e-01	   9.1034917016362160e-01	   0.0000000000000000e+00	   4.6433194333151190e-01	   8.5210551142377611e-01	   7.6803453828165713e-01	   7.5712554348723304e-01	   8.1439387657033524e-01	   7.0829129362252607e-01	   7.2058527324993604e-01	   6.8128934381339312e-01	   6.2295634931999078e-01	   4.4491309366546350e-01	   7.7082327874429324e-01	   8.4166708281297564e-01	   4.0228027170290737e-01	   4.4557618883131872e-01	   7.4087386069921313e-01	   7.3249006656492355e-01	   6.0379119821509242e-01	   5.7140899450986826e-01	   3.1550868786480946e-01	   5.2631944464524205e-01	   6.6475078306784907e-01	   5.6618397164311518e-01	   5.8014666393165770e-01	   6.6319952558731976e-01	   8.4471752842118886e-01	   9.1181116952154184e-01	   5.0991277471143226e-01	   5.1108146166830848e-01	   1.9630406298763325e-01	   4.1146356744010176e-01	   4.9399351554350113e-01	   5.7099747468432038e-01	   6.5541185899447563e-01	   4.3218135885232212e-01	   5.7000031200957757e-01	   4.8982867693249932e-01	   6.7626218439468899e-01	   7.3397876519418059e-01	   4.3101320273958255e-01	   5.2546376787327320e-01	   6.7458540687102708e-01	   6.2091648672103883e-01	   7.8214883305823579e-01	   7.0860656892488239e-01	   6.9064986367279890e-01	   7.4101541221033052e-01	   6.6153682954379667e-01	   6.5538530321570820e-01	   4.8746028025012705e-01	   5.6135035760003582e-01	   7.4576016519819932e-01	   6.7750165888654157e-01	   8.3857656546383108e-01	   9.1481199935988089e-01	   6.0871466298800270e-01	   7.5855800215510938e-01	   7.0080859574549348e-01	   8.4002218377384741e-01	   8.5697289179015090e-01	   8.5282894222672923e-01	   7.1902537887438100e-01	   7.9798340236413345e-01	   2.0943149036581088e-01	   3.2461073983287354e-02	   4.5127796691380040e-01	   3.7879668660299010e-01	   3.8532223824727302e-01	   3.0068313340074543e-01	   2.5987991667935262e-01	   3.3472430870223974e-01	   5.5723674723318273e-01	   5.2590178454608594e-01	   6.4299973064747373e-01	   5.8275437973887678e-01	   7.8923576620355185e-01	   6.1774942803677413e-01	   6.5032849299893747e-01	   6.9296154912604191e-01	   6.3951518720176703e-01	   4.9674413415787116e-01	   8.0673443070982587e-01	   8.2683847790033649e-01	   6.5640115651219122e-01	   6.2328860152404275e-01	   4.6905592020948939e-01	   4.8611985138388791e-01	   6.3849907897303229e-02	   4.2348241124032254e-01	   4.8708053695053904e-01	   4.7318678691381655e-01	   6.4053371592537733e-01	   6.7032296675108172e-01	   4.9812272018859416e-01	   6.3043583546428150e-01	   5.1221534153048476e-01	   7.2423510564214133e-01	   4.9526342299089199e-01	   5.0787250695248209e-01	   2.8475536365904924e-01	   4.3704154196867673e-01	   2.3312776795831985e-01	  -1.1014427846327761e-01	   5.5000423943600174e-01	   6.6739345651631710e-01	   4.9803231119389457e-01	   5.1399328468351912e-01	   5.3715249029755918e-01	   2.7883263683009979e-01	
   5.4019543348993526e-01	   5.4906629628224601e-01	   5.1947638128473994e-01	   3.1035339750091795e-01	   8.0211907541510929e-01	   3.0031371720148570e-01	   5.5082884903635088e-01	   4.6433194333151190e-01	   0.0000000000000000e+00	   3.6819474043765482e-01	   5.1398642385460280e-01	   5.2143298880392785e-01	   5.6246270377342578e-01	   4.9359205088854335e-01	   1.6829747563684527e-01	   3.6005428688085422e-01	   5.6856758018008768e-01	   4.6204487808508865e-01	   5.2299838647938313e-01	   6.1875913569346574e-01	   2.4373984220008529e-01	   1.8556350814010636e-01	   3.2706820870208186e-01	   2.6258805954841136e-01	   4.5839187332874326e-01	   2.4794958038064441e-01	   3.3304230098859711e-01	   1.8144089708108257e-01	   4.9930957365184170e-01	   4.6900026609445378e-01	   2.2854512313779596e-01	   1.8824081023905825e-01	   5.1606870084729484e-01	   4.8510507355336441e-01	   4.5874263304170618e-02	   7.2933439911083531e-02	   3.3028718417233216e-01	   4.4669651791402420e-01	   4.9227813806910953e-01	   4.5765866257039067e-01	   4.4975986038683757e-01	   2.7820265690880225e-01	   6.0677271721138515e-01	   5.9686057663465319e-01	   5.4538583727002654e-01	   5.6807595760902974e-01	   5.2538489595371873e-01	   5.4942523826723333e-01	   5.7149872873969132e-01	   5.7748420907565945e-01	   6.3302234002063806e-01	   6.4282404794285930e-01	   6.7910801057322878e-01	   5.6364854817507104e-01	   6.6532435349275032e-01	   6.1938877809247317e-01	   4.4206949858378369e-01	   5.5475221531115793e-01	   5.5893783939430897e-01	   5.4797749410016405e-01	   5.3679143436130616e-01	   5.2496821723970677e-01	   6.1640863767017096e-01	   6.7758924989601887e-01	   3.5451759711690234e-01	   3.8613530232684179e-01	   4.2582077163858245e-01	   4.4790394392019645e-01	   6.0613303495847504e-01	   6.2000642779941395e-01	   9.4526325898870986e-02	   2.6438681771533322e-02	   3.9625996149984166e-01	   3.1929189054963875e-01	   3.7472356920321692e-01	   3.7106901093542333e-01	   1.4353994955800994e-01	   2.3663668139550126e-01	   4.7803180186665600e-01	   3.6060761714075690e-01	   5.3971049826514972e-01	   5.3666646506392546e-01	   4.7039969966426765e-01	   5.5152077316348924e-01	   5.5737112775971642e-01	   5.9190425557415649e-01	   5.1264973235799083e-01	   4.4281597170197895e-01	   5.8610808011889137e-01	   5.9885751466962023e-01	   4.5646434002845560e-01	   2.4642105300220418e-01	   2.2616967884566946e-01	   6.5512811567678589e-02	  -2.8940926867096345e-02	   3.0034589036833559e-01	   4.9233594846355866e-01	   4.9322725476397355e-01	   5.6050236313252322e-01	   5.2482312212306803e-01	   4.5092959906494295e-01	   1.6437474320545126e-01	   5.6639204592871328e-01	   4.4388653173280712e-01	   4.3619804303070470e-01	   2.1749580992162743e-01	   3.2780347448538621e-01	   2.0337554235177702e-01	  -4.0351017307657944e-02	  -1.2959142412297470e-01	   3.4871181020830933e-01	   4.0242872481246184e-01	   4.0024599712639086e-01	   3.7077180999261544e-01	   2.8172243695791577e-01	   2.1055466337456177e-01	
   6.9312143897617484e-01	   3.6784621734132983e-01	   6.1151838655592261e-01	   6.5144433276325953e-01	   5.0155434927047149e-01	   8.6084627898629928e-01	   8.0316131818017167e-01	   8.5210551142377611e-01	   3.6819474043765482e-01	   0.0000000000000000e+00	   6.9227341503514639e-01	   6.5116632722713819e-01	   7.5592829092679314e-01	   6.8182830645534320e-01	   6.9647457276763314e-01	   6.7149899800127644e-01	   5.2053626029089906e-01	   3.3266311457086162e-01	   6.5279597023831382e-01	   7.2351986765770404e-01	   2.9802003231119800e-01	   3.8900672121373997e-01	   6.4183136235597138e-01	   6.4829054780407669e-01	   4.1767991251119507e-01	   3.7643227555365255e-01	   7.2797102871750619e-02	   3.4086271668575002e-01	   5.9767584378851946e-01	   4.7733913718436116e-01	   4.4137580818342204e-01	   5.2079908574414935e-01	   6.8571547013796164e-01	   7.4100186882189489e-01	   4.0888602807117980e-01	   4.1058625755053457e-01	   1.5406602994612950e-01	   3.9983665843463478e-01	   4.0800690341499529e-01	   5.0603885274835725e-01	   5.9588840777724328e-01	   4.5499368165206910e-01	   5.1923570260956131e-01	   4.8519368305518429e-01	   6.1813538665568990e-01	   6.9732574973170092e-01	   4.0635060121212579e-01	   5.1405376957810078e-01	   5.9956324248131865e-01	   5.7157737063228697e-01	   6.4389008042923690e-01	   6.0600288680555514e-01	   5.3297732472176307e-01	   6.4099363081830874e-01	   5.4425825404741679e-01	   5.8912417776758430e-01	   4.2162622445785952e-01	   4.1948374058410809e-01	   6.6022445899246374e-01	   5.5343488644631422e-01	   7.2314968444457550e-01	   8.0650494837798126e-01	   4.9037433349151582e-01	   5.7646763912340337e-01	   6.5342855652034382e-01	   7.4873766989457657e-01	   7.2214688329042220e-01	   7.2816875401593872e-01	   6.0230467109482166e-01	   6.8113209361368843e-01	   1.1114838463537169e-01	  -3.2325455387910734e-02	   4.0696654804303117e-01	   3.6067610628416702e-01	   3.5619902854654462e-01	   3.3572619211386007e-01	   2.8878702490174324e-01	   3.4081978012290404e-01	   4.9957385054278070e-01	   3.8867891596785537e-01	   5.1022922567633722e-01	   4.5021968695874237e-01	   6.6131807942580167e-01	   4.9919445144856994e-01	   5.0713881665229832e-01	   5.9512225250925888e-01	   4.5965678251902720e-01	   3.4490803576204987e-01	   6.8009531099981557e-01	   6.9030605667037914e-01	   5.5606252439527259e-01	   5.8326366638579341e-01	   4.2706191082135747e-01	   4.5706140715065258e-01	   2.5455467215686436e-02	   3.4666664423290122e-01	   4.1776373993460314e-01	   4.5595674499391248e-01	   5.3443800539176189e-01	   6.3802664850821467e-01	   4.0623162107816907e-01	   6.0074920177114222e-01	   4.0348034311478043e-01	   6.8391856967995035e-01	   3.8350514870690489e-01	   4.2413264324378391e-01	   2.5869381226042365e-01	   3.5847976691782890e-01	   1.9009550266451475e-01	  -1.5519380853985132e-01	   4.7473275530672487e-01	   6.2488695590694410e-01	   4.3999845665128567e-01	   4.8108900129884746e-01	   4.9438732982007261e-01	   1.1271649253172342e-01	
   8.9691950333739900e-01	   6.8673543867237519e-01	   6.8927627619391818e-01	   5.6060358905483476e-01	   5.7443669091596206e-01	   6.4803559133400601e-01	   8.1025332813371342e-01	   7.6803453828165713e-01	   5.1398642385460280e-01	   6.9227341503514639e-01	   0.0000000000000000e+00	   8.4019123921724126e-01	   9.1691212683071477e-01	   7.8065109601840144e-01	   8.0682482961888624e-01	   7.8769155289565340e-01	   8.5095162548271208e-01	   7.5495914389198804e-01	   8.4826143038008073e-01	   8.5447564872178905e-01	   4.8328434732227055e-01	   5.8290073328307912e-01	   7.3648913455659659e-01	   5.6440021426726594e-01	   4.6809843794082617e-01	   4.0035670298206538e-01	   2.2555092002646487e-01	   4.0481851602864033e-01	   9.1153086613138012e-01	   8.1624714739259496e-01	   6.7756122930096818e-01	   7.1216285596940243e-01	   8.4793163869138199e-01	   8.0746758065786195e-01	   3.5794735952379286e-01	   3.8922661525540025e-01	   4.5477947626630455e-01	   5.9289018341145505e-01	   6.6646845513086972e-01	   6.8511161970611545e-01	   7.6419230681542993e-01	   5.8143633206811129e-01	   7.1608270588719924e-01	   6.8465159033656775e-01	   7.4321087869975000e-01	   7.8311172155316255e-01	   6.4692181263793858e-01	   7.0042520600475999e-01	   6.8538709230113315e-01	   6.3674179259551777e-01	   7.5547831086497408e-01	   6.6255690441931947e-01	   6.7327019340747207e-01	   6.6053998059836472e-01	   7.4943274606220345e-01	   7.2984873731989830e-01	   6.5001921179969302e-01	   7.0646741631842302e-01	   7.0902476576775297e-01	   5.9357428651222488e-01	   8.3814483644047366e-01	   7.5585118104994709e-01	   6.9065555089053665e-01	   7.3566867397504465e-01	   6.4652329286256505e-01	   7.1464813760862334e-01	   7.4450274751185086e-01	   7.5643828243017075e-01	   8.0694778440440029e-01	   8.2182878613841326e-01	   3.3359731457312264e-01	   1.9913457422552747e-01	   6.8867225321502867e-01	   6.8305342792781265e-01	   6.3430300735379852e-01	   5.9505640338394994e-01	   3.2726681098936572e-01	   3.9309755535199153e-01	   7.9743448427532471e-01	   7.5775635072104874e-01	   8.2692527263388649e-01	   8.1382904466251382e-01	   8.5416865844253231e-01	   8.0238372756722876e-01	   8.0209529292969495e-01	   7.2232302685254002e-01	   6.1752514719913099e-01	   5.5255624855894847e-01	   7.6918155661293275e-01	   7.1760099671172140e-01	   4.7816802047120138e-01	   4.4960175950632941e-01	   2.4872295257112809e-01	   3.3047702460424611e-01	   8.3690190861314601e-02	   4.4589910029073931e-01	   6.2399756797636963e-01	   6.5133261122835229e-01	   6.2729133284171246e-01	   6.8960115849270009e-01	   3.0971796132899976e-01	   5.0890540001489204e-01	   4.4039980000525403e-01	   7.1386704288818503e-01	   5.3935756491587350e-01	   5.6094654351723283e-01	   1.6795522820418884e-01	   4.1277622818635751e-01	   1.8288795466037031e-01	  -1.9632444533002874e-01	   5.4202605195832043e-01	   5.9567206374208359e-01	   5.1431867670947962e-01	   6.7886162830891561e-01	   6.9898551176077695e-01	   3.0328727128362221e-01	
   8.6468599469890128e-01	   7.6527670531628700e-01	   5.5294496374838575e-01	   4.7289274787386493e-01	   5.4962184679811932e-01	   5.5775353690109108e-01	   7.1289015598837846e-01	   7.5712554348723304e-01	   5.2143298880392785e-01	   6.5116632722713819e-01	   8.4019123921724126e-01	   0.0000000000000000e+00	   7.8966491236754821e-01	   8.9942185973857192e-01	   6.6056215894575010e-01	   8.2740076627388648e-01	   7.8014101816191861e-01	   7.4994877491574685e-01	   6.8300939127889859e-01	   8.2756333329619736e-01	   3.7267139458749415e-01	   5.1786172532644681e-01	   5.1949820157939675e-01	   4.2264116984525862e-01	   3.4631146091577375e-01	   2.8487028155043326e-01	   1.0865403298125730e-01	   2.9284332385742062e-01	   8.5868635978013763e-01	   8.6191817042825014e-01	   5.8682316269206158e-01	   6.4548421263062528e-01	   7.9372842755114104e-01	   7.9736560646417076e-01	   1.4695714635188600e-01	   2.1051549930865204e-01	   3.8543760808887856e-01	   6.2228934990859386e-01	   5.4761956065702400e-01	   6.2554819507159687e-01	   6.8435004733469340e-01	   6.3784533905232244e-01	   7.2137877418691321e-01	   6.9791369191588115e-01	   7.0631048814161590e-01	   7.5343015306815297e-01	   6.4686272175751558e-01	   6.8898889330929747e-01	   6.5433225028404307e-01	   5.7853854592612985e-01	   6.9266990304812914e-01	   6.1216155687249885e-01	   6.7379692744423592e-01	   5.5535302448165658e-01	   6.8936327890123961e-01	   6.6194483806260040e-01	   6.8369747550977655e-01	   6.3513829942449673e-01	   6.9659098714406109e-01	   5.5695181555959794e-01	   8.5335835416586969e-01	   7.9179274575874814e-01	   8.1759559243806834e-01	   8.5223155107131243e-01	   5.5338570944043763e-01	   6.1171832868790910e-01	   6.3929180514827144e-01	   6.5634289559920855e-01	   7.1108970125527104e-01	   7.1411035637715825e-01	   3.1745314454854601e-01	   2.9815707810154685e-01	   6.6704590589315649e-01	   6.9495524011250509e-01	   5.7297176398002914e-01	   5.7784819982436919e-01	   3.8025924135753320e-01	   5.6258883254827019e-01	   6.8737370755121785e-01	   6.2755306766112229e-01	   7.8273920295081645e-01	   6.9968633811578429e-01	   7.3711362856686391e-01	   7.6461190827974757e-01	   7.3795842184244509e-01	   6.2450044911671942e-01	   4.9374093144729486e-01	   4.2613118184281840e-01	   7.1877682388915698e-01	   6.4363081162631985e-01	   3.9750828148829498e-01	   3.1823252686246473e-01	   1.3469848830341372e-01	   2.0619710711561609e-01	   3.0589725013674234e-02	   5.0045767904012650e-01	   5.7111064762939401e-01	   6.5648257403792032e-01	   6.5034454237073880e-01	   6.5097493616846880e-01	   1.8687066423609738e-01	   3.5317482038384179e-01	   3.4345111123976535e-01	   6.3103518377999124e-01	   4.1551327884412298e-01	   4.3196478748405748e-01	   1.8494273291088320e-01	   3.5308729802477684e-01	   2.7028369985792955e-01	   9.7463306818283760e-03	   5.9244920916154487e-01	   6.7470132152443085e-01	   6.1219266704072384e-01	   7.0342302839495174e-01	   5.9713329208517951e-01	   2.0911148366603238e-01	
   8.6931036732178879e-01	   5.4157414082744004e-01	   6.8414484629646233e-01	   5.6858301144108192e-01	   5.6732185796429979e-01	   6.8062486748267281e-01	   8.7352818706243440e-01	   8.1439387657033524e-01	   5.6246270377342578e-01	   7.5592829092679314e-01	   9.1691212683071477e-01	   7.8966491236754821e-01	   0.0000000000000000e+00	   8.1131675687788429e-01	   8.0359834699786314e-01	   7.3096996873063014e-01	   7.3894061327183402e-01	   6.2404005559764708e-01	   7.6441507372182449e-01	   7.8706318686935806e-01	   3.6493383190894307e-01	   4.3604125873709920e-01	   6.8387848648311123e-01	   5.5739915419789554e-01	   4.4462690766318991e-01	   3.4142886958048180e-01	   2.3939836875180864e-01	   3.8487167764840535e-01	   7.9535698553468159e-01	   6.7717453293349694e-01	   5.0032210557117518e-01	   5.6336368652560043e-01	   7.9162691934604290e-01	   7.9340886755836426e-01	   3.6390288402493381e-01	   3.4586738531851835e-01	   3.6864628989398296e-01	   4.8191076104891428e-01	   6.1326469102688708e-01	   5.9063774970373983e-01	   6.9629029768398643e-01	   4.8660286164190947e-01	   6.2331103528082066e-01	   5.7220204215185611e-01	   6.8018541413970757e-01	   7.5169834602393371e-01	   5.1723990460928226e-01	   5.9000153956546009e-01	   6.6118673633245140e-01	   6.0953408488672989e-01	   7.2072015949550283e-01	   6.4716648805259958e-01	   6.3256014364155300e-01	   6.4512914505406527e-01	   7.2116671227614249e-01	   6.7962466710788005e-01	   5.3299633057023421e-01	   5.8373787250775089e-01	   7.1062848184131933e-01	   6.0001943848100747e-01	   8.9360113339646352e-01	   7.6322259604407328e-01	   6.5968327954003758e-01	   7.3490541477409832e-01	   6.0637617188680981e-01	   7.1981019000801916e-01	   7.5888944972676220e-01	   7.4686463299395811e-01	   7.0090213813239766e-01	   7.5487881029402859e-01	   1.9978917202304058e-01	   5.0103493135009766e-02	   5.6090389770335347e-01	   5.4301459964373266e-01	   5.3140384900763848e-01	   5.2317558118663166e-01	   3.3380492583386540e-01	   4.2191510853991732e-01	   6.8324271483582022e-01	   5.9879035132315628e-01	   7.0589381853644984e-01	   6.8768580755206554e-01	   7.6718968183635983e-01	   6.8382706069124732e-01	   6.7508393563922287e-01	   6.9056724996961849e-01	   5.7913107973579181e-01	   4.8881283420391286e-01	   8.0196788750732795e-01	   7.0140853935396541e-01	   5.2604465790029686e-01	   5.0255689291628769e-01	   3.3368916258770337e-01	   4.0396807171077764e-01	   2.4613258922629770e-02	   4.3945395551097310e-01	   5.6828244138783779e-01	   5.7306887316208310e-01	   6.3095712774928769e-01	   6.8113901467765392e-01	   3.7915899473639547e-01	   5.7554649966689486e-01	   4.4259921372600680e-01	   7.2208149057310078e-01	   5.5508469102648961e-01	   5.2842669867974223e-01	   2.3404104767931386e-01	   4.3292889455104500e-01	   1.8282651864475372e-01	  -1.7256156717444393e-01	   4.7717662518613191e-01	   5.7364165098360109e-01	   4.8887719937892216e-01	   6.5402736061331423e-01	   6.6151432829023826e-01	   3.6448405919305871e-01	
