   0.0000000000000000e+00	   8.9408544188428241e-01	   6.5339421758421079e-01	   7.4069798311309498e-01	   5.5337036874316203e-01	   6.3343096520818842e-01	   6.9408127033435729e-01	   7.8250309227870518e-01	   5.1280567244841913e-01	   7.4565209667787058e-01	   7.6289444962823427e-01	   6.7152807903767675e-01	   8.3534393087170244e-01	   8.3102054747253495e-01	   7.6081360556905642e-01	   8.7792827843731813e-01	   7.1254863874878194e-01	   6.9386279296571640e-01	   7.8804759822937442e-01	   7.0620871401818852e-01	   6.1903594137868478e-01	   6.3503420561259749e-01	   6.5133842020883137e-01	   6.8809795332381607e-01	   6.0903071691663013e-01	   6.5140840725669236e-01	   5.2298068927822217e-01	   4.8496062589487254e-01	   5.8437851870729074e-01	   5.5644820901157288e-01	   7.0561910266656169e-01	   7.1245719616451875e-01	   8.9199138806200085e-01	   8.2873892035558661e-01	   5.8329282984139874e-01	   6.0082524789543734e-01	   7.3860210332197285e-01	   7.9898089648053983e-01	   8.0016565352725177e-01	   7.7251576275456957e-01	   8.3138009738150331e-01	   8.4624221350659612e-01	   7.7293464266212775e-01	   6.8884331794709952e-01	   6.8093499322256967e-01	   7.5729968450169238e-01	   8.2502156053695774e-01	   8.4851084390299292e-01	   7.0141748606450616e-01	   8.0986675905202699e-01	   7.9994323459984318e-01	   8.3173584407040246e-01	   8.5076840340609017e-01	   8.5106357899211915e-01	   8.0355935738750739e-01	   7.6273694107053025e-01	   7.8435053138899624e-01	   7.7552533413906377e-01	   7.6863588167012908e-01	   8.4570236498876006e-01	   7.9088498744225544e-01	   7.6630705064544546e-01	   8.0613053161124471e-01	   8.2262444159364834e-01	   5.9917183397921236e-01	   5.8259643750120405e-01	   6.8793793162579286e-01	   7.4719518020579678e-01	   5.4979818843517059e-01	   6.4607658711532379e-01	   6.7955012748318255e-01	   6.3701937952563259e-01	   5.2856879516435884e-01	   4.9734480005915804e-01	   6.0749800522737962e-01	   5.4376813181660821e-01	   7.3904545373627395e-01	   7.4087363155604535e-01	   5.8678350662008538e-01	   7.0481429135419171e-01	   7.8765361786155885e-01	   6.7815475839204564e-01	   6.6958914583210916e-01	   7.6599682723988793e-01	   7.5713125660517955e-01	   8.7005120066366082e-01	   4.1577728394481361e-01	   3.0390248703529787e-01	   8.6034233491093914e-01	   8.7272711182352092e-01	   5.0285497130527490e-01	   5.0107741278378448e-01	   2.5701710976970643e-01	   3.8666108285679401e-01	   5.0327344306472988e-01	   2.8409705788276485e-01	   8.4127023052693828e-01	   6.6248828843911545e-01	   8.8798050883022350e-01	   8.5995382914082485e-01	   2.4884126191569816e-01	   5.8588798033035383e-01	   6.1579474679858637e-01	   6.6611728983660068e-01	   4.0042833600960337e-01	   2.5738784126363728e-01	   7.0338897606290662e-01	   5.2157530419149600e-01	   4.5264383357058860e-02	   4.5508746196435013e-01	   7.6789488420308649e-01	   7.0263563665078554e-01	   4.5743722486365856e-01	   4.9845208254021689e-01	   1.9032933859328507e-01	  -2.5836421476204774e-01	
   8.9408544188428241e-01	   0.0000000000000000e+00	   5.1243292402545770e-01	   6.2504157314788833e-01	   4.1548810076457876e-01	   4.7842979516627937e-01	   4.9766426886242993e-01	   6.1973105509438098e-01	   3.7228890953533911e-01	   5.8920318352042067e-01	   8.1297427734722527e-01	   7.9151733468915852e-01	   7.5713898445434635e-01	   8.6940332981512836e-01	   7.0727373859827170e-01	   8.5347577270900976e-01	   7.3062656802627357e-01	   7.6557977218098561e-01	   5.7198196428850878e-01	   4.7210002770004145e-01	   5.8679185277090262e-01	   6.4831899706271023e-01	   5.4241593241254993e-01	   5.5202000053178035e-01	   5.2660763584586334e-01	   6.1833290037563060e-01	   4.8911230835010278e-01	   4.4550817797435588e-01	   6.8237141796009859e-01	   6.8910079479171582e-01	   6.0532570452565415e-01	   6.9761459981459262e-01	   7.1825890707446716e-01	   7.5682218432666604e-01	   4.8090635608992305e-01	   4.7747157519592393e-01	   7.8176900271234717e-01	   7.9139299111113981e-01	   7.9840997495423205e-01	   7.7344774813030370e-01	   8.0492224692824921e-01	   8.0925975616748480e-01	   7.2044648769351671e-01	   7.3709751516912880e-01	   5.1385042936477243e-01	   6.1862086984790254e-01	   8.0421941429503629e-01	   8.3069575057093370e-01	   5.7181064322878172e-01	   7.3621593335451574e-01	   6.8208506185069395e-01	   7.6075090577867410e-01	   7.3369011061580069e-01	   7.9101727755127260e-01	   8.5603030900607580e-01	   8.3185371606471903e-01	   8.8675991057630166e-01	   9.1299280009069217e-01	   5.9451429321800209e-01	   6.9013429771661705e-01	   7.5618165610588861e-01	   7.4761802611747985e-01	   8.0868179496225356e-01	   8.2456992889004943e-01	   6.0920916717448304e-01	   5.6767709313159653e-01	   5.0276936376880110e-01	   6.2161357587103594e-01	   3.5544853112287589e-01	   4.2788838551190489e-01	   6.4442148258266918e-01	   6.3324963671896861e-01	   6.7641895537691399e-01	   6.8887975223006137e-01	   7.2337367855705870e-01	   7.0985754600074591e-01	   7.4516662141799395e-01	   7.5374522756027940e-01	   6.8598358981884322e-01	   7.5676561269492582e-01	   8.2014314456300308e-01	   7.6074543509709280e-01	   6.9727068924481972e-01	   7.6736811921304293e-01	   8.3870351974837964e-01	   8.2357587915683417e-01	   5.7203977569909714e-01	   4.5208380167916701e-01	   7.9064493282269810e-01	   7.5947910471274471e-01	   2.9188033007697123e-01	   2.9990184642913409e-01	   9.5862793400752377e-02	   2.3981448400302841e-01	   4.8997448884830574e-01	   3.2454461741389773e-01	   8.0114314375030515e-01	   6.4543025092314310e-01	   8.3365250509438815e-01	   7.7010460926320001e-01	   7.7295665115628215e-02	   4.5630419008429091e-01	   4.2400652284290841e-01	   4.7220193568053592e-01	   2.1151146693988029e-01	   1.2214533058512056e-01	   6.2960145833826353e-01	   2.8007560275229365e-01	   1.7170416902892793e-01	   4.8118580874568084e-01	   5.9201167899252483e-01	   4.8367668713260092e-01	   2.4926895678420835e-01	   3.6313824575985421e-01	   1.5137815332385085e-01	  -3.3792769104243209e-01	
   6.5339421758421079e-01	   5.1243292402545770e-01	   0.0000000000000000e+00	   9.3941289174176079e-01	   8.2202486412810361e-01	   6.9642379666158560e-01	   9.5135896370519457e-01	   8.5209080176056573e-01	   7.3196905709187754e-01	   7.5644916689547348e-01	   3.1673080261035896e-01	   1.6758997674232295e-01	   5.1931493560107223e-01	   4.3094470023056120e-01	   7.0797785842379568e-01	   6.3545399910132461e-01	   9.2613163814336166e-02	   6.6647249110195525e-02	   7.3098617639626240e-01	   7.0571617588006030e-01	   6.7724090725295061e-01	   5.9093696822691799e-01	   9.6265829036103812e-01	   9.2565515360639772e-01	   8.7027596053218081e-01	   7.7281658721141988e-01	   7.4810645167366618e-01	   6.5997657482619398e-01	   6.5505572488724129e-02	  -9.3795748275144961e-03	   7.2862967075201546e-01	   5.0318670309727143e-01	   6.7089607692934827e-01	   4.4403362873626884e-01	   8.0926478768313170e-01	   7.4917139466630911e-01	   4.3343213787889301e-01	   4.5690514605170951e-01	   5.4235280903505179e-01	   3.8096015712837417e-01	   4.5147693043266973e-01	   4.7134070604294320e-01	   7.3613381362402208e-01	   5.1977101700851436e-01	   6.8521646926429280e-01	   6.6287778534338360e-01	   6.4482649546242199e-01	   6.3631218438243908e-01	   7.6847689638800243e-01	   7.1425139224417500e-01	   8.1571307220424893e-01	   6.7317439571550275e-01	   8.1786041346564986e-01	   6.8092361285009328e-01	   4.6853881550396370e-01	   4.1671722755217350e-01	   3.8706564478020145e-01	   3.4789009449386094e-01	   8.2874627339181361e-01	   7.1641299280916004e-01	   4.5472381931273004e-01	   5.4718336568520209e-01	   2.7548250029569166e-01	   2.8646636629630873e-01	   6.5276581886343699e-01	   5.7732162354423766e-01	   8.8092691783408605e-01	   7.9267346984150699e-01	   7.5033705640500548e-01	   7.5160515203889378e-01	   5.8160567648065165e-01	   3.8954101918049333e-01	   1.0126040679210989e-02	  -3.1284551713072588e-02	   1.1223939018017608e-01	   3.4206241290422282e-02	   3.2159100433554622e-01	   3.1784482906774847e-01	  -5.9840731021330697e-03	   8.8071287259436706e-02	   2.0049535589535614e-01	   8.9381551424940683e-02	   6.4534894981838598e-01	   2.6690582326893075e-01	   5.1342350336090126e-01	   6.0788913561105784e-01	   3.4295510075246582e-01	   7.8213872040788265e-02	   7.2495448742054824e-01	   7.8596822880886297e-01	   6.9621728205786271e-01	   7.6116419172305694e-01	   5.2854205337601035e-01	   7.8244746599663340e-01	   1.9569390538031012e-01	   8.9114468030667401e-02	   5.7697361120469637e-01	   3.2740131865340427e-01	   5.9985908070320237e-01	   6.2657922789140785e-01	   4.3517676179031739e-01	   8.4052533646435235e-01	   6.5155779818016391e-01	   7.7831524865282631e-01	   5.8424564830503400e-01	   4.7815787789666875e-01	   7.0488355752861320e-01	   6.6218344669598550e-01	  -1.2585765984645858e-01	   1.5507600050886766e-01	   7.0504252649331445e-01	   7.2880324452446577e-01	   6.4402987272273238e-01	   2.0210437629588035e-01	   9.8794345592057353e-02	   2.0999784234689928e-02	
   7.4069798311309498e-01	   6.2504157314788833e-01	   9.3941289174176079e-01	   0.0000000000000000e+00	   7.9984027059263607e-01	   7.4553508728599893e-01	   9.1063898222919681e-01	   9.2127436518576089e-01	   6.8236613702209958e-01	   7.9917400233809976e-01	   4.3366072907607911e-01	   3.3407388294057550e-01	   6.0617587079420110e-01	   5.9643433043161320e-01	   7.2793621368766304e-01	   7.2501762609813802e-01	   2.3843122167827124e-01	   2.1718239745242493e-01	   7.4887313723478810e-01	   7.1581084081786261e-01	   6.8408626132520467e-01	   6.4625010452616349e-01	   9.2216322519772709e-01	   9.4125615923537176e-01	   8.5146525276355534e-01	   8.1732847129541231e-01	   7.5022448842091161e-01	   6.8604613288876559e-01	   2.0899256117940151e-01	   1.4551133076469286e-01	   7.3889294311558995e-01	   6.1847127079669273e-01	   7.3162050379954069e-01	   5.9433595631991454e-01	   8.1609055982371226e-01	   7.9848118356799780e-01	   5.4310174630380792e-01	   5.6460178384425230e-01	   6.3963479280492352e-01	   5.1307201178628381e-01	   5.6575179647780394e-01	   5.6106156832161502e-01	   7.8864071257435908e-01	   6.2249329574975465e-01	   6.9957582629670167e-01	   7.3258670771481005e-01	   7.2999595053427324e-01	   7.2339619743209937e-01	   7.7108592922254438e-01	   7.8840960191548404e-01	   8.3786278464641883e-01	   7.5930334796742804e-01	   8.5878034519537305e-01	   7.4859286126100444e-01	   5.7272488557623324e-01	   5.5039885953253087e-01	   5.1515117402927035e-01	   4.8964299261247601e-01	   8.0547556217586780e-01	   7.9080476180656067e-01	   6.0582516192211588e-01	   7.2435046862767916e-01	   4.2234636511126955e-01	   4.5389153211312450e-01	   7.1006917951745452e-01	   7.0832556638351740e-01	   8.4389893078122291e-01	   8.3852437355712051e-01	   6.9514196662654815e-01	   7.4460357817379219e-01	   5.9804802346219654e-01	   4.5828722466581556e-01	   1.5588991498202362e-01	   1.1635135845421268e-01	   2.4103962316013397e-01	   1.5983799296908940e-01	   4.2728903457282169e-01	   4.1492359631668174e-01	   1.6679387366250437e-01	   2.3341963618181186e-01	   3.5675070242523860e-01	   2.4575733083825280e-01	   6.7848582376126498e-01	   3.8553462798652360e-01	   5.9579072192160298e-01	   6.9676319870027414e-01	   4.0171290558053746e-01	   1.5486674530612274e-01	   7.8816490622090907e-01	   8.2803592085976641e-01	   6.6764074657792472e-01	   7.0818319205660218e-01	   5.0737772554888538e-01	   6.9180631173645379e-01	   3.2097960206082182e-01	   1.6494775700774508e-01	   6.7884065531066518e-01	   4.4253277483773679e-01	   7.1272834359268034e-01	   7.3286326627373788e-01	   4.3460778614304807e-01	   8.0049146312054309e-01	   6.6681367051502427e-01	   7.7465113076941550e-01	   5.7150994048400672e-01	   4.0320039687642867e-01	   7.2111410333136938e-01	   6.1130387565224820e-01	  -1.3783174471286999e-03	   2.8915269842349112e-01	   7.4152542692182077e-01	   7.3394117057498842e-01	   6.3049216621380477e-01	   2.4956621840318644e-01	   1.2775365712055989e-01	  -4.4935181877548011e-02	
   5.5337036874316203e-01	   4.1548810076457876e-01	   8.2202486412810361e-01	   7.9984027059263607e-01	   0.0000000000000000e+00	   8.3627826916314851e-01	   8.0846723468858284e-01	   7.6186701288101122e-01	   9.0187403760691220e-01	   8.1420118867455971e-01	   1.5272412995752710e-01	   1.7642703624947815e-02	   3.3581565408798686e-01	   3.1224449869562765e-01	   6.5552355210961599e-01	   4.7504882898981615e-01	  -5.4732724403475166e-03	  -1.0073389808794795e-02	   6.5871919005447632e-01	   6.3043567365774944e-01	   5.9820642726278284e-01	   4.6927054375326699e-01	   7.2711609703818336e-01	   7.4790659748394739e-01	   7.2968987723875145e-01	   6.9255662674672824e-01	   8.7175170045754569e-01	   8.7820676260400521e-01	  -9.3917535448780884e-02	  -1.5824356151873253e-01	   4.5489030385873785e-01	   2.6121016857567869e-01	   4.5171061248723926e-01	   2.4166122802521978e-01	   5.7943380179612458e-01	   5.6484788153626331e-01	   2.9878423155628819e-01	   2.5317243232899306e-01	   3.7389641693582909e-01	   2.2709062915806785e-01	   2.9362759367420277e-01	   2.7929818043508725e-01	   5.1456284329833668e-01	   3.1503690656368138e-01	   5.3662385067950058e-01	   5.0090157056494045e-01	   4.5295770570259197e-01	   4.6268871813435630e-01	   6.4283869520582670e-01	   5.6749295996683013e-01	   6.3863114302946422e-01	   4.7468580267403704e-01	   5.8826888388369569e-01	   4.6931612157293012e-01	   2.6731757672379192e-01	   2.3333895619641959e-01	   3.4789965986232491e-01	   2.9741955750815352e-01	   7.0779291763346064e-01	   5.5151608208508995e-01	   3.0521044924884771e-01	   3.9462905082725169e-01	   1.4700731325394797e-01	   1.6994824147774662e-01	   4.4657938249817819e-01	   3.1860470034244520e-01	   7.2899722877636242e-01	   5.6887212852645064e-01	   6.3775718854859442e-01	   6.6968698349323963e-01	   3.9699680200828164e-01	   2.2558387692891174e-01	  -1.8020708419510037e-01	  -1.8726758199227983e-01	  -5.9314209109029778e-02	  -1.2129051755579198e-01	   1.5159025031413348e-01	   1.0458038559713653e-01	  -1.1314434427986672e-01	  -2.8248151949107174e-02	   9.3387463268379808e-02	  -5.9750225806641820e-02	   4.1028928785492041e-01	   1.1616805632235072e-01	   2.9507909551833922e-01	   3.6026275595169838e-01	   1.9643231211245035e-01	  -1.6900682367698255e-01	   5.6738259521267176e-01	   6.2332588519431853e-01	   7.3191652015827668e-01	   7.4369845395446021e-01	   6.8072794806187731e-01	   7.7980263822227869e-01	   4.3930941571836031e-02	  -2.6508512306462451e-02	   3.9061601279363389e-01	   1.3058234719106751e-01	   5.1541472885934747e-01	   5.1491766135677286e-01	   6.1330799802427671e-01	   8.6205108307774603e-01	   6.6803647244420183e-01	   7.5160465303835977e-01	   4.8829485804307399e-01	   4.0614367816687869e-01	   5.4484856476730092e-01	   7.2631664270748919e-01	  -3.0868392174870329e-01	  -4.4800383808689767e-02	   5.3237744608656756e-01	   6.2266531525279434e-01	   5.7538221711768078e-01	   1.1660962926001548e-02	  -4.2314812197895249e-02	   8.3870323546099884e-02	
   6.3343096520818842e-01	   4.7842979516627937e-01	   6.9642379666158560e-01	   7.4553508728599893e-01	   8.3627826916314851e-01	   0.0000000000000000e+00	   7.1780265214766004e-01	   7.8433558599747455e-01	   8.2809157998911487e-01	   9.4316699842103147e-01	   2.9287251500119926e-01	   1.7930164270121673e-01	   4.8476637074631657e-01	   4.7205975091902763e-01	   6.3280320437704007e-01	   5.2117769261937685e-01	   2.1060774378806407e-01	   2.3321869818602392e-01	   6.8767915000665192e-01	   6.7117774830384502e-01	   4.4390442578600298e-01	   3.6580569203628277e-01	   6.2100930824962530e-01	   6.7691610736937435e-01	   5.9336991594663813e-01	   6.5079365270070055e-01	   6.8849781993386228e-01	   7.2435760009072192e-01	   2.7096054985904994e-02	   1.6231043175175264e-02	   4.0325968154750802e-01	   2.8731983830063695e-01	   5.6689100643237733e-01	   4.2005275650662166e-01	   5.2343397725461305e-01	   5.8465655638228098e-01	   3.4441520341663051e-01	   3.6887448122169353e-01	   3.7864172421390485e-01	   3.6012420822687974e-01	   3.8901388882076104e-01	   4.1872486725281988e-01	   5.2842132481677195e-01	   3.4851661835957881e-01	   6.1458048202271931e-01	   6.1114155449595964e-01	   5.0358552180815463e-01	   5.3167937759057837e-01	   6.4948796785960017e-01	   6.2604111804467621e-01	   6.4230617531678225e-01	   5.8812768398166559e-01	   6.4840228835517455e-01	   5.8325340719011531e-01	   3.7624689740979878e-01	   3.3765612750699414e-01	   4.0950095475804171e-01	   4.2284805788278673e-01	   6.7577685968483170e-01	   6.4929875441752505e-01	   4.3298705638228052e-01	   5.6131275451731122e-01	   3.4935482493597536e-01	   4.0215080955357918e-01	   3.9323473567389455e-01	   3.9294213877459117e-01	   7.2273023890779975e-01	   6.0805869064153306e-01	   5.9429071062743588e-01	   6.7068928659295568e-01	   3.7061919570186252e-01	   2.5065438830018671e-01	  -5.1935120176715553e-02	  -3.1083144752353194e-02	   7.1333797591125014e-02	   3.1048454669543396e-02	   2.9472056585695983e-01	   2.3529343005789005e-01	   1.0756960358062287e-01	   2.0289440826745603e-01	   3.1258466943572177e-01	   1.4874294896486329e-01	   3.6843140204068281e-01	   2.4626001228698108e-01	   3.5212201801190546e-01	   4.5567578331113728e-01	   6.9096063360112286e-02	  -2.2475656174634137e-01	   5.8787724268127439e-01	   6.8312569765027953e-01	   7.1543005240061308e-01	   6.6269884946137947e-01	   6.5723203371980632e-01	   6.3038653949448076e-01	   8.3443949820409175e-02	  -5.0411572687626841e-03	   4.4225301049776278e-01	   2.5013975081230289e-01	   6.2278389456447147e-01	   6.1106313178215577e-01	   6.0652565470549935e-01	   6.8251489290217227e-01	   7.1515731163670659e-01	   6.6979784199192816e-01	   4.0468574501530064e-01	   2.1136408379599042e-01	   5.1971603604635785e-01	   6.6229553490104387e-01	  -2.5371502214446362e-01	   5.5526076585064643e-02	   5.7879885957485244e-01	   6.8490385440393542e-01	   6.1401140432266699e-01	   1.7540008368970914e-01	   5.9409858593470529e-03	  -4.2850524332072357e-02	
   6.9408127033435729e-01	   4.9766426886242993e-01	   9.5135896370519457e-01	   9.1063898222919681e-01	   8.0846723468858284e-01	   7.1780265214766004e-01	   0.0000000000000000e+00	   8.9859652076961649e-01	   7.2286857706026530e-01	   7.9243367662089592e-01	   3.1940704609562137e-01	   1.5569013807464196e-01	   5.4168971096759200e-01	   4.3559931140202796e-01	   6.7711013867321657e-01	   6.1863760488620878e-01	   1.3925753468473484e-01	   1.0581361277176682e-01	   8.1809319609847719e-01	   7.7522833196348384e-01	   6.0750965930974354e-01	   5.1415984174978702e-01	   8.9326194786096680e-01	   8.8399089702543510e-01	   7.7613877061556402e-01	   6.5820408829279020e-01	   6.6113503297356346e-01	   5.9988107463573759e-01	   5.6696472573187773e-02	  -1.6024058152942288e-02	   6.7506743800234559e-01	   4.7545996005342928e-01	   7.2404850523163944e-01	   4.9291665708081817e-01	   7.5893867627098832e-01	   7.5353984750280334e-01	   3.7910987066374796e-01	   4.2003947405759690e-01	   4.9267189008896517e-01	   3.5337009520993434e-01	   4.5012028751199828e-01	   4.5830398108942405e-01	   6.6488276177657890e-01	   4.3027810469958283e-01	   7.3771818893873320e-01	   7.0821472187277668e-01	   5.8274683810440808e-01	   5.8519231924677240e-01	   7.8805493655918646e-01	   7.1317202385861578e-01	   8.0259288125060291e-01	   6.6259483612586789e-01	   7.9609443721685968e-01	   6.5347392688165418e-01	   4.1865187953881550e-01	   3.5324815489220496e-01	   3.7117488025582290e-01	   3.4600739658238178e-01	   8.5483293237919566e-01	   7.6532199633332121e-01	   4.7100536393680514e-01	   5.3951430999030114e-01	   3.1760710527448605e-01	   3.5026821061755919e-01	   5.5332496277781462e-01	   4.9140468660451320e-01	   9.1474349866918925e-01	   8.1249852178811555e-01	   7.3031782375191634e-01	   8.0093007037102237e-01	   5.5499861310872278e-01	   3.7977434041956670e-01	  -1.7836798064694074e-02	  -6.6113640213648767e-02	   8.6459189639616324e-02	   5.5662423878674915e-03	   3.0812892356436522e-01	   3.0375981009086350e-01	   1.8866730784256535e-03	   1.0625264086652206e-01	   2.4464186553166362e-01	   1.0509747507925130e-01	   5.6563903440423280e-01	   2.9413337918563115e-01	   4.4416038674427533e-01	   6.0771995121345102e-01	   1.9912860169833721e-01	  -1.9824190276970639e-02	   7.0223941897569775e-01	   7.6888919977635362e-01	   7.6724526044514707e-01	   8.1922354714870194e-01	   5.9559636859407750e-01	   8.0369281973452200e-01	   1.7388638057476513e-01	   5.2903910791560434e-02	   5.5019151647325737e-01	   2.9106039325807775e-01	   6.3202186415145245e-01	   6.6297721880029636e-01	   5.3234845360765026e-01	   8.6590928230980047e-01	   7.5620229193283628e-01	   8.5930149829757396e-01	   6.1418630262501561e-01	   4.9524955367456791e-01	   7.0719432771117596e-01	   7.6836240436599978e-01	  -1.9693571898209355e-01	   1.2813175139914385e-01	   7.1416603040193039e-01	   7.6368449930523097e-01	   7.1830399112737919e-01	   2.4820124907118574e-01	   5.6810929582960017e-02	   1.8891744151391100e-02	
   7.8250309227870518e-01	   6.1973105509438098e-01	   8.5209080176056573e-01	   9.2127436518576089e-01	   7.6186701288101122e-01	   7.8433558599747455e-01	   8.9859652076961649e-01	   0.0000000000000000e+00	   6.8154818105804527e-01	   8.7932086741074300e-01	   4.1937608683593419e-01	   3.2611276363170444e-01	   6.2057267948746286e-01	   6.0496812018056634e-01	   6.7221943609682544e-01	   7.0236793339217629e-01	   3.1741872214178940e-01	   3.0195547264612976e-01	   8.3722072517687240e-01	   7.9365255698216752e-01	   5.3859970513689770e-01	   5.0036503430776558e-01	   8.2063524997574011e-01	   8.8536016260768990e-01	   6.9295158699188142e-01	   6.4569949313394748e-01	   6.1705189904519098e-01	   5.7520814452793734e-01	   2.0352435317255199e-01	   1.5777002710039384e-01	   6.3640293129076309e-01	   5.7651876714364458e-01	   7.5953949678834487e-01	   6.2060899861649843e-01	   6.6197655657777510e-01	   7.1089251264584363e-01	   4.7369153352591575e-01	   5.7144250540259489e-01	   5.7581189194598659e-01	   5.2260089016474121e-01	   5.7552586731284650e-01	   5.9311032195104330e-01	   7.0320670622569970e-01	   5.0582571634057705e-01	   6.9710148322111110e-01	   7.3632246733185824e-01	   6.6484937280868561e-01	   6.9158299973262449e-01	   7.5456996130588938e-01	   7.8079091445532711e-01	   7.8129951812921883e-01	   7.3672808810299473e-01	   8.2329205716439424e-01	   7.2831146815080050e-01	   5.1718665370505745e-01	   5.0980990103480217e-01	   5.4501381555585482e-01	   5.1728082557189259e-01	   7.8297749813731032e-01	   8.2143780324388349e-01	   5.7464468545189651e-01	   7.0048481220235048e-01	   4.7063830525541617e-01	   5.3889821243330593e-01	   5.6028171271768257e-01	   5.5156458392257601e-01	   8.2589520727756383e-01	   7.8960218211382105e-01	   6.8542792606366132e-01	   8.0322784926263446e-01	   5.3264967880619485e-01	   4.6585596463661982e-01	   1.1266718850472709e-01	   8.7142607999651456e-02	   2.1576131687425021e-01	   1.5455213138575752e-01	   4.6767407556282392e-01	   4.6564239618788839e-01	   1.9093191424759040e-01	   2.9181734749314436e-01	   4.1909084802394503e-01	   2.8577083873450998e-01	   5.9003560513135833e-01	   4.3394400588793636e-01	   5.1208313573889652e-01	   6.8558124323246994e-01	   2.4880890732631172e-01	   6.2488700488144630e-02	   7.4779525691003701e-01	   8.1130831003482828e-01	   7.6512771579092453e-01	   7.5562815911276104e-01	   5.8156225898032032e-01	   6.8538503396946482e-01	   2.8211387056610521e-01	   1.2109628170783983e-01	   6.2692251250598297e-01	   3.9369324880440909e-01	   7.4911790927231681e-01	   7.7793267020977608e-01	   5.3510822981338968e-01	   7.7571635335106337e-01	   7.5445071792682161e-01	   8.3630806797657431e-01	   5.3375010608561313e-01	   3.8728380806701246e-01	   7.1841828442160349e-01	   7.2472760647247725e-01	  -7.0927161118804372e-02	   2.4529404369313682e-01	   7.4585593725825627e-01	   7.8572615377716870e-01	   6.7104215094865971e-01	   2.8682146584898993e-01	   1.0445682630866961e-01	  -5.5035567432976391e-02	
   5.1280567244841913e-01	   3.7228890953533911e-01	   7.3196905709187754e-01	   6.8236613702209958e-01	   9.0187403760691220e-01	   8.2809157998911487e-01	   7.2286857706026530e-01	   6.8154818105804527e-01	   0.0000000000000000e+00	   8.3975935894088294e-01	   2.0084770330632268e-01	   4.2520230879672778e-02	   4.0823442834064816e-01	   3.1267866622376950e-01	   7.2051151402332236e-01	   4.3671908507602752e-01	   4.6742685451385962e-02	   5.3347092655241166e-02	   5.4681353220403084e-01	   4.9289292607197233e-01	   4.4157870599548515e-01	   3.1669982147277320e-01	   6.0273324064742861e-01	   5.9941205810448062e-01	   5.2364084055419458e-01	   5.7134069715309743e-01	   6.9455546479305508e-01	   7.2509268604258570e-01	  -6.1991638153529385e-02	  -1.3974894515640077e-01	   3.3342529070866533e-01	   1.5952311976964029e-01	   3.7563798072884796e-01	   1.5067820324241565e-01	   4.2375558489400594e-01	   4.2170494919643114e-01	   1.8975401386681717e-01	   2.0626399881047747e-01	   2.5546945359111994e-01	   1.5909715041485051e-01	   2.0940092314853098e-01	   2.4813146545404918e-01	   4.3467172826662070e-01	   2.4508373058678057e-01	   4.8771459091433711e-01	   4.2445236265885045e-01	   3.8050879827089235e-01	   3.8723290334396832e-01	   5.3333888691075493e-01	   4.9700342664419378e-01	   5.4223572315949553e-01	   4.0403244970571073e-01	   5.5056699805162135e-01	   4.0600257463637940e-01	   2.5222951610697220e-01	   1.9857176006271551e-01	   2.7594163950871836e-01	   2.6934657906267229e-01	   6.2586586277409606e-01	   4.6692189108316939e-01	   2.4720492716727721e-01	   3.7840360797276723e-01	   1.7104930131175269e-01	   2.2556609256495244e-01	   3.4988706551768550e-01	   2.5066840356949011e-01	   6.1980226735010779e-01	   4.2748046311250371e-01	   5.0426532176816030e-01	   5.0811162835268275e-01	   3.1917816051349768e-01	   1.9736684790593334e-01	  -1.1524881783073487e-01	  -1.2299503855397226e-01	  -2.0117229365908162e-02	  -5.3400336263829735e-02	   1.4105554495283568e-01	   8.5030032280032170e-02	  -9.4480390469230999e-02	  -1.8024988856589538e-02	   1.0747269989626176e-01	  -3.9348412852680606e-03	   3.3110682554437593e-01	   6.1378216766055302e-02	   2.6182357778774229e-01	   3.4679118992767283e-01	   4.5371900117208125e-02	  -2.6552648312059940e-01	   5.0163265325081952e-01	   5.6173558073757934e-01	   6.2440295231546505e-01	   5.9241773258757635e-01	   6.2736940935915808e-01	   6.5558037817470405e-01	  -6.3512506996738299e-02	  -6.4179617432887040e-02	   2.9232238471666228e-01	   8.9272463957565037e-02	   4.5034283528146862e-01	   4.3151051866987078e-01	   5.5776617365066294e-01	   7.3398134227584610e-01	   6.4992763412917909e-01	   6.4615891651998814e-01	   3.9160260371810873e-01	   2.5856567251415036e-01	   4.5598094799824129e-01	   6.0704660187565607e-01	  -2.7957814499795691e-01	  -1.1543106779074597e-01	   4.0154711070185073e-01	   5.1636206361656001e-01	   5.0153823167845957e-01	   9.0815273337850333e-02	  -1.6476799844684052e-02	   2.6489199628362086e-02	
   7.4565209667787058e-01	   5.8920318352042067e-01	   7.5644916689547348e-01	   7.9917400233809976e-01	   8.1420118867455971e-01	   9.4316699842103147e-01	   7.9243367662089592e-01	   8.7932086741074300e-01	   8.3975935894088294e-01	   0.0000000000000000e+00	   3.9446491687896168e-01	   2.4809902651060484e-01	   5.9918788005664025e-01	   5.4709816451202176e-01	   7.1205091433738776e-01	   6.4967790689144767e-01	   3.2219886880813736e-01	   3.2716843413457281e-01	   7.6734182430772901e-01	   7.3123014812683196e-01	   4.4858518414974186e-01	   3.9734467208760116e-01	   6.9007361493952779e-01	   7.4468036251291259e-01	   5.8909088748466831e-01	   6.2177429913039306e-01	   6.3133468145638816e-01	   6.4555619220076832e-01	   1.3138160304257868e-01	   9.8037630557384903e-02	   4.7232610234788974e-01	   3.8371919478795596e-01	   6.5085757505584485e-01	   4.8538579361548384e-01	   5.2626542682302924e-01	   5.8426035608705340e-01	   3.8445512124552716e-01	   4.6263254406045712e-01	   4.5363166779679331e-01	   4.3218968790970491e-01	   4.8313779129110490e-01	   5.3623357207527111e-01	   5.8550749102753641e-01	   3.7701441991828194e-01	   6.4611594678263040e-01	   6.5518481547928009e-01	   5.6572635462564480e-01	   6.0093805123888910e-01	   6.7801388705489107e-01	   6.9914170143215126e-01	   6.8968583162379293e-01	   6.5275675668972666e-01	   7.3193198504458501e-01	   6.7548771334901025e-01	   4.6078549866817231e-01	   4.1835630172492505e-01	   5.0973704900510841e-01	   5.1202600597521997e-01	   7.4017628385253931e-01	   7.3053156977387357e-01	   4.9972343218135096e-01	   6.3397982556288146e-01	   4.4836171699995458e-01	   5.0908526697424605e-01	   4.5873754147123247e-01	   4.1746236867083064e-01	   7.4924316171801064e-01	   6.4112216944846079e-01	   6.2863884367900047e-01	   7.1439726439080009e-01	   4.4365773480150417e-01	   3.8047725359656609e-01	   4.7134641304775099e-02	   5.8687532293218762e-02	   1.6904628632630692e-01	   1.4538512725543729e-01	   4.0849604918966365e-01	   3.6541102653515800e-01	   1.8415005474398455e-01	   2.7934818628913188e-01	   4.0580506466156124e-01	   2.4977378435370678e-01	   4.7299984623130720e-01	   3.5983397705826281e-01	   4.4367425731928556e-01	   5.7657177610376142e-01	   1.0793291953125658e-01	  -1.1142690787053908e-01	   6.8249907900610030e-01	   7.6733578000653491e-01	   7.5010566136597823e-01	   6.9006511587189989e-01	   6.4518315734727616e-01	   6.3828563775678115e-01	   1.1286606293127936e-01	   2.2499580585604247e-02	   5.0486279063006267e-01	   3.0479258862260916e-01	   7.0690922034201675e-01	   6.9226116794782278e-01	   6.1535654476838064e-01	   7.1439705559479616e-01	   7.6583865079217661e-01	   7.2488170423856424e-01	   4.1462112175336907e-01	   2.1573528501303441e-01	   6.1572652244441728e-01	   7.1248847674967952e-01	  -2.2397329192459670e-01	   8.5607128024319273e-02	   6.2831270286265606e-01	   7.1368243815036914e-01	   6.1662453263977590e-01	   2.0871935004561193e-01	  -1.4336009539825546e-02	  -1.2860055539317716e-01	
   7.6289444962823427e-01	   8.1297427734722527e-01	   3.1673080261035896e-01	   4.3366072907607911e-01	   1.5272412995752710e-01	   2.9287251500119926e-01	   3.1940704609562137e-01	   4.1937608683593419e-01	   2.0084770330632268e-01	   3.9446491687896168e-01	   0.0000000000000000e+00	   8.7214691242729492e-01	   8.9206884306946854e-01	   8.7506979268125407e-01	   7.1075427493425503e-01	   8.1681906130160131e-01	   8.2057276473472252e-01	   7.6090372729826494e-01	   3.1873994168278119e-01	   2.4101684494215275e-01	   5.0586814178055672e-01	   5.6677445902055634e-01	   3.9411123691223782e-01	   3.7151369493618525e-01	   3.1086758408416260e-01	   4.9973085956953611e-01	   2.4641632533791533e-01	   2.0096244908535715e-01	   8.5037630477263515e-01	   7.9436230939669183e-01	   6.0715619651608654e-01	   7.4158591921280848e-01	   6.6893980011612175e-01	   7.5522295001895823e-01	   4.0664941575039637e-01	   3.5871277120445283e-01	   7.5704650286412223e-01	   7.3949817957796515e-01	   7.2976886929875406e-01	   6.8214492259415482e-01	   7.8814921526515103e-01	   7.5846395050786097e-01	   5.9933193824151787e-01	   6.5538520105316045e-01	   4.1032705801164465e-01	   4.8092316161867255e-01	   6.7697363980796577e-01	   7.0369116821074251e-01	   3.5977448479361729e-01	   5.5429983512745007e-01	   5.1471809540141700e-01	   6.6212956937172374e-01	   5.8088266242814912e-01	   6.5274012672150428e-01	   8.1557129151964403e-01	   7.8418627119939854e-01	   6.2852424313363608e-01	   7.3403546683492671e-01	   3.5379939524056636e-01	   5.2001566334075933e-01	   8.3216867438940678e-01	   6.7381529904137349e-01	   8.6980826588754745e-01	   8.2777223113388643e-01	   6.5610436202212263e-01	   5.6938047399571312e-01	   2.9536865622267261e-01	   4.7188283858853136e-01	   1.5563906222217477e-01	   1.7918876367230988e-01	   5.9333608293911677e-01	   6.0998417917389625e-01	   8.3569516423434753e-01	   8.2943300803740283e-01	   8.4151328561789795e-01	   8.1957736561762617e-01	   7.3988155273946610e-01	   7.6672668164424151e-01	   7.3984533550457909e-01	   8.1741287517702743e-01	   8.4823670260625350e-01	   8.6567963210924337e-01	   7.1335325974192421e-01	   7.8320550164597202e-01	   8.6746509360547219e-01	   8.2841628741301787e-01	   5.5952673333193403e-01	   4.7506352667073609e-01	   7.4055678131322877e-01	   6.5758093114719274e-01	  -3.1884408374442501e-02	  -1.9060701471229770e-02	  -1.8621805142148215e-01	  -5.9229607748239980e-02	   6.4066585841135304e-01	   4.0498159077069612e-01	   7.4722460447866856e-01	   6.8453193950264346e-01	   6.2593758123859566e-01	   5.4633567083446000e-01	  -1.5057700528398260e-01	   1.9118447629640090e-01	   2.2947837147949973e-01	   2.0204726601726744e-01	   1.5508580381879555e-01	   3.3242300214152538e-02	   3.9966881554013162e-01	  -1.0100003959389845e-02	   3.3831243172066433e-01	   5.7161634485960411e-01	   4.6433571202759971e-01	   2.7578527928779717e-01	   4.4761359875442677e-02	   5.2527426030844160e-01	   3.1586560084787002e-01	  -2.7934397929377530e-01	
   6.7152807903767675e-01	   7.9151733468915852e-01	   1.6758997674232295e-01	   3.3407388294057550e-01	   1.7642703624947815e-02	   1.7930164270121673e-01	   1.5569013807464196e-01	   3.2611276363170444e-01	   4.2520230879672778e-02	   2.4809902651060484e-01	   8.7214691242729492e-01	   0.0000000000000000e+00	   7.4339363702245165e-01	   9.1256952019466131e-01	   5.3460654277101949e-01	   7.0576212740080579e-01	   8.0809931380704725e-01	   7.9590249270127056e-01	   1.9707185671541966e-01	   1.0319766312788917e-01	   4.3572739051612797e-01	   5.5445388082350977e-01	   2.4033749454110181e-01	   2.3499032729307889e-01	   1.9923378739491948e-01	   4.1442242482502589e-01	   1.8367508473810207e-01	   1.6219970112835158e-01	   8.6427237196737339e-01	   8.6221032492960947e-01	   4.6477442437246586e-01	   6.8325014474953116e-01	   5.6011397429504084e-01	   7.3879573236089902e-01	   2.6923632717620194e-01	   2.5394168712621562e-01	   7.2199443335819524e-01	   7.2831271388326979e-01	   7.0174947189622605e-01	   7.4350827547947684e-01	   7.4487866021214288e-01	   7.3162275068904425e-01	   5.4567914593770794e-01	   7.0532232427021024e-01	   2.8151709988599971e-01	   4.0415942588861564e-01	   6.4766685127806845e-01	   6.6576047010346961e-01	   3.1463380832012000e-01	   5.5092602684100078e-01	   4.4773412212681862e-01	   6.2897847297943843e-01	   5.0471746200654866e-01	   5.5057752883793998e-01	   8.3464681069968294e-01	   8.2446490562928099e-01	   6.8121140116881596e-01	   7.5809652773742631e-01	   2.3732165426423193e-01	   4.3737318029684613e-01	   7.7319794998873448e-01	   6.9888175022201393e-01	   8.0863570774759919e-01	   8.1289451014608638e-01	   5.2407226352422887e-01	   6.1537169405532322e-01	   1.6051268832196880e-01	   3.9995544328062227e-01	   7.3585271139626485e-03	   7.0318631514313293e-02	   4.5110772869335714e-01	   4.9585038904432766e-01	   8.6476590829939359e-01	   8.6106381361562978e-01	   8.0790192429693586e-01	   8.2311005190396991e-01	   6.3968319501638471e-01	   7.2283504632299711e-01	   8.0463149427923653e-01	   8.2959813067927701e-01	   8.3809061442825239e-01	   8.7100911997890429e-01	   6.1838899129516056e-01	   7.5731813715972729e-01	   7.9061484558956219e-01	   7.1842676691202811e-01	   5.7870636697511224e-01	   5.6084671702933053e-01	   6.0854113135015653e-01	   5.3774738365055552e-01	  -1.4510204463872178e-01	  -1.5226256275541611e-01	  -2.8059065175083447e-01	  -1.9940545495186715e-01	   6.5436598328312823e-01	   4.9470274678675341e-01	   7.1604617080481836e-01	   6.8599304291643526e-01	   5.8402344380847571e-01	   5.0050024523373216e-01	  -2.7457857105781180e-01	   4.0877468285752894e-02	   9.2701188756128289e-02	   9.6157823059364544e-02	   8.1096611154534121e-02	  -8.0092146098965748e-03	   3.1867243736526724e-01	  -1.1302628046059483e-01	   4.7868659671025759e-01	   6.5405815942232048e-01	   3.5429060688560571e-01	   1.4132372248697847e-01	  -8.4683205594455468e-02	   4.7160857643203169e-01	   3.6754817667331507e-01	  -2.9099596805789646e-01	
   8.3534393087170244e-01	   7.5713898445434635e-01	   5.1931493560107223e-01	   6.0617587079420110e-01	   3.3581565408798686e-01	   4.8476637074631657e-01	   5.4168971096759200e-01	   6.2057267948746286e-01	   4.0823442834064816e-01	   5.9918788005664025e-01	   8.9206884306946854e-01	   7.4339363702245165e-01	   0.0000000000000000e+00	   8.5440202851954217e-01	   8.3469528616490396e-01	   8.5629008511235016e-01	   7.3311443005113586e-01	   6.7340987632302252e-01	   5.1142525279047701e-01	   4.4812686937283508e-01	   5.4349093558943362e-01	   5.8145377370581597e-01	   5.4530497734190886e-01	   5.4674650931863045e-01	   4.3946750076185337e-01	   5.9794132539386546e-01	   3.4488316331261298e-01	   3.0395772560108353e-01	   7.2335489764439664e-01	   6.2435118924781874e-01	   6.8724431444263323e-01	   7.3663705279823288e-01	   8.1480308771035559e-01	   8.0614779307800055e-01	   5.6226590255938291e-01	   5.4468111312985312e-01	   7.3673078820983151e-01	   7.5537373264277197e-01	   7.6375549549109811e-01	   6.6763221996543121e-01	   8.1101743365440893e-01	   7.9338659424194713e-01	   6.8773046986764974e-01	   6.5871117386400613e-01	   6.2292566467541199e-01	   6.5027941812601076e-01	   7.4089442422026608e-01	   7.6040044041421839e-01	   5.6732158738557836e-01	   7.0957713047533577e-01	   6.8086831369104051e-01	   8.0387705188511804e-01	   7.4575543591133286e-01	   7.2705276299062627e-01	   8.1069675159940868e-01	   7.5182444186258168e-01	   5.7008140128009366e-01	   6.6775784404590888e-01	   5.5490801198861062e-01	   7.0612723615470607e-01	   8.7654231160062213e-01	   7.2951088891619320e-01	   8.2575112402757922e-01	   8.0619756862652259e-01	   6.9587421487998624e-01	   6.2846175477657629e-01	   5.2888736346770915e-01	   6.4085659596128408e-01	   3.6586531619154011e-01	   3.9745351623186775e-01	   6.3039299578857544e-01	   6.5129553317809896e-01	   6.7093440064285081e-01	   6.3749764549845100e-01	   7.2529179873552174e-01	   6.8284925597464918e-01	   7.3239542652687595e-01	   7.4374431269654406e-01	   6.3902670084278101e-01	   7.2914833510634813e-01	   7.8028367353275763e-01	   7.6469628107804488e-01	   7.0008111878916801e-01	   7.0261468221503576e-01	   8.0223871516059164e-01	   8.6329225873280746e-01	   4.1316826115345079e-01	   3.1048553279173108e-01	   8.4986712114880403e-01	   8.1173248285603128e-01	   1.7925921642197515e-01	   1.8118198317469980e-01	  -2.0124172668960258e-02	   1.4188312092798333e-01	   5.6659486452969443e-01	   3.4068349758914596e-01	   7.9333598732250143e-01	   6.9335406638367680e-01	   7.0177875715529459e-01	   6.2760580147140277e-01	   3.0819157996969344e-02	   3.5985198641120353e-01	   4.5066534438701750e-01	   4.1988191968842914e-01	   3.5253069027732820e-01	   1.6398012349584223e-01	   5.5360825822546200e-01	   2.2308919169923713e-01	   2.3982636841248753e-01	   5.1552906462349779e-01	   6.3023161900953673e-01	   4.8022038944855183e-01	   2.3397575990531572e-01	   5.2640321795263567e-01	   2.8335335015755247e-01	  -2.8197061063299572e-01	
