   0.0000000000000000e+00	   7.0456021461480800e-01	   3.5477875083306243e-01	   3.2444678987266418e-01	   3.6685977121755131e-01	   2.7332947949413489e-01	   3.8438622099514697e-01	   3.7231282920292857e-01	   2.9524422423259389e-01	   2.6188593506133695e-01	   6.6009036583268543e-01	   5.7608235750378167e-01	   5.7042119920894008e-01	   5.8850038921056680e-01	   2.5674550751136382e-01	   3.4588162077685647e-01	   6.5865467982555281e-01	   7.0531458142681558e-01	   7.1854465711495619e-01	   5.6185163238874214e-01	   8.5111177005759944e-02	   1.1569777545365766e-01	   2.7994755190420662e-01	   1.6357969303996134e-01	   2.5056689341575966e-01	   1.4584896717476942e-01	   1.3341492252562082e-01	   1.0817755398779920e-01	   5.7124335896902645e-01	   6.0173459015576269e-01	   3.6172236119603529e-01	   3.6556615694397199e-01	   6.1501623232952618e-01	   6.2694108833220441e-01	   2.7210980324774658e-01	   2.2162330680972028e-01	   5.4294251366956192e-01	   4.0727474369420835e-01	   4.7296353887151932e-01	   5.3872846793883933e-01	   5.7390996246140025e-01	   5.4614908548715169e-01	   4.8186045550643736e-01	   4.0072519151930563e-01	   4.8990517335920658e-01	   3.9217799387374336e-01	   5.4538135735868831e-01	   4.8457504312226607e-01	   5.4289380663259912e-01	   2.8746010358598417e-01	   5.5547014658861116e-01	   4.1680855374970205e-01	   4.6720265098442404e-01	   1.2225758696550781e-01	   6.5348199311900768e-01	   5.8387804114975594e-01	   7.6781700527165531e-01	   6.7002851725540646e-01	   6.0407033374552099e-01	   3.6292928085025189e-01	   5.6071891016864184e-01	   1.7926477224022397e-01	   6.5758654999940502e-01	   5.6366161859888897e-01	   2.4064336007359188e-01	   1.6444590184179914e-01	   6.3710368918836657e-01	   4.7818245490141942e-01	   4.2377349200065123e-01	   4.3272819603485796e-01	   1.3975260818487387e-01	   1.5940186371905926e-01	   5.4094329625126836e-01	   5.2279970970857148e-01	   5.2572517510682337e-01	   5.0377365963989629e-01	   6.7213352793501580e-01	   6.4237599672378509e-01	   5.5714534474931354e-01	   5.2490550118203849e-01	   5.9677124623025701e-01	   6.2245074429953162e-01	   4.9307772124481114e-01	   5.1232829745042019e-01	   6.2822870438975298e-01	   4.0969473219665670e-01	   3.2829795217002794e-01	   2.5924191972134381e-01	   4.4620869105637229e-01	   3.9428632396210173e-01	   2.7260162083100692e-01	   3.7014506379920276e-01	   1.6682092922658470e-01	   1.5996464776355132e-01	   2.0028375694185258e-01	   5.8058705798825161e-02	   5.7698009671734318e-01	   6.3079220916290990e-01	   7.6758517415554550e-01	   7.2803472902764044e-01	   4.0510793453690735e-01	   1.9314331976922994e-01	   5.7668115678755594e-01	   5.3757305041555636e-01	  -1.8356967876012659e-01	   1.0454057168501449e-01	   2.2386301205382317e-01	   4.0009332657655344e-01	   1.0030877846136890e-01	   2.9230151861689502e-01	   5.7866940611981210e-01	   6.5991058425232696e-01	   5.6963127174072659e-01	   2.9565722979227271e-01	   3.1809927455160009e-02	  -3.2848290262821600e-01	
   7.0456021461480800e-01	   0.0000000000000000e+00	   1.2186991994830913e-02	   9.8067526785512893e-02	   3.1223638571330681e-01	   1.2953834654078744e-01	   2.3208636793766951e-01	   2.3066291172458439e-01	   3.2664463459170978e-01	   2.0059019101729264e-01	   6.2817499663604703e-01	   7.3120305767744154e-01	   5.6179128116178956e-01	   6.9413225934915901e-01	   4.0600574742595819e-01	   4.1403089630732226e-01	   5.5285634138593209e-01	   6.9869700307566851e-01	   6.4623127509816580e-01	   6.1065063754666915e-01	  -2.3807521745095338e-02	   3.4310266446752939e-02	   9.8765784057420911e-02	   8.8427681448789597e-02	   8.7091084708813965e-02	  -6.8214311011439904e-02	   8.9418143445037110e-02	   2.0801925891197236e-02	   5.7139497308281806e-01	   6.6791436050657749e-01	   2.7007575826389951e-01	   2.5366065127674586e-01	   4.9838699501911154e-01	   5.2264118930635894e-01	  -4.7329322813139445e-02	  -6.1206729118633965e-02	   4.4221641046374044e-01	   2.8871353636174502e-01	   4.2451473517296934e-01	   4.3293010947830557e-01	   5.1057649486723955e-01	   4.9751085799205330e-01	   3.5876674253371188e-01	   3.3631457664090980e-01	   2.9009611094056187e-01	   1.8479854422592162e-01	   5.1066233050889387e-01	   4.2063248955365079e-01	   4.5386737516642406e-01	   1.9807254496796300e-01	   4.0443473137018116e-01	   3.0137288547546226e-01	   4.7048482735716057e-01	   2.1120606173281420e-01	   6.2137749359225269e-01	   6.1758614893334118e-01	   6.1804562472341995e-01	   7.8453229050299500e-01	   5.9042350996673676e-01	   5.4821208294191448e-01	   4.3278761688118139e-01	   2.3409610830281757e-02	   6.8628853183709471e-01	   5.8995381829957894e-01	  -1.1123513438788871e-01	  -1.8196833504624105e-01	   3.6135526710707228e-01	   1.7552918768385226e-01	   3.7843289404709363e-01	   4.4325220999095316e-01	   2.1425923312802769e-01	   3.1377141339479153e-01	   5.5081350590586808e-01	   6.4085963055150752e-01	   5.3255109940861400e-01	   6.1863165676124310e-01	   5.0772371879233447e-01	   5.8990777561193597e-01	   4.0262922540156215e-01	   5.2982966852033142e-01	   5.8340990470581588e-01	   6.3451600014350651e-01	   5.6144640516184152e-01	   5.0558515436386342e-01	   3.7300744736892222e-01	   1.1847832384147763e-01	   1.4608780468623106e-01	   3.3868060124255472e-02	   1.7256783277034529e-01	   1.3616627771771081e-01	   3.5383489617470087e-01	   2.9304667036762810e-01	   1.9546364856074895e-02	  -8.3358786836570276e-02	   1.9081365868642308e-01	   2.5673609083231352e-01	   4.9662981518662619e-01	   4.8568624682936229e-01	   7.6636742829572246e-01	   6.8208345640985768e-01	   1.9847966888324486e-01	  -1.2826961555411670e-01	   4.9126501380539433e-01	   3.3805984403518419e-01	  -8.8235101477180236e-02	   1.0143041347563730e-02	   6.7485350423147974e-02	   2.1217850778907543e-01	   2.3564120116835929e-01	   2.2064687352906248e-01	   2.9014734961183530e-01	   4.2603952518690302e-01	   4.0202161276830140e-01	   7.9031860782216676e-02	   1.1366189352128499e-01	  -1.2264602036960957e-01	
   3.5477875083306243e-01	   1.2186991994830913e-02	   0.0000000000000000e+00	   6.4143277124076459e-01	   4.0204698692334750e-01	   3.1198634840143846e-01	   7.6414543241196109e-01	   5.3926136492541143e-01	   3.5214824694093605e-01	   3.0901862535630947e-01	   3.7177278202357644e-01	   9.3188951002732667e-02	   3.1041621398167824e-01	   1.5256525032397181e-01	   4.1455736470918264e-01	   2.5417743074065002e-01	  -3.1692863525810736e-04	   9.0684740595188447e-03	   4.8636739813767305e-01	   4.3994228750094710e-01	   6.9221670135942104e-02	   6.6178324957898618e-02	   7.8728889848692718e-01	   6.5168031451845199e-01	   4.5489032340363900e-01	   4.0267631459308972e-01	   3.2022264714988607e-01	   2.6720773103218881e-01	   1.4670779600138945e-01	   5.7301074286448581e-02	   4.5940421149002442e-01	   3.6992465721790702e-01	   4.1460075993791956e-01	   3.1197684452387553e-01	   4.4759416383090922e-01	   2.5694638646869050e-01	   4.2348336473464343e-01	   3.2791431664757426e-01	   4.7239891969962594e-01	   4.5194242884944802e-01	   2.2924594694785333e-01	   2.5371588474874229e-01	   4.9309701702900693e-01	   4.8309181109698252e-01	   4.4483683453464457e-01	   4.6965146470287267e-01	   4.5901213551937065e-01	   4.6675292544088970e-01	   4.3351808177716628e-01	   4.6062251828652567e-01	   6.1371412002174064e-01	   4.9423037503158024e-01	   3.4142109485665284e-01	   1.3607839158199844e-01	   4.4109342644210009e-01	   3.7634795790347220e-01	   8.6176708298539684e-02	  -2.4151426354626054e-02	   1.8810726622006735e-01	   9.0000868693136338e-02	   2.0294915755284734e-01	   2.8311445878741087e-01	   8.5794827483518382e-02	   2.0440170933590926e-01	   6.8195364654830537e-01	   5.2126986648150242e-01	   7.1207836797087165e-01	   5.3463494920556809e-01	   3.7685237829524065e-01	   3.5938577302349506e-01	   8.5784859591737747e-02	  -5.2997069157772678e-02	   9.0508292003427304e-02	   6.7414865136222579e-02	   6.7727127289812670e-03	  -5.5160971675071939e-02	   2.9361010324069586e-01	   1.8715781197553688e-01	   5.9849983288393811e-02	   4.6225742331792871e-02	   5.6754022567646348e-02	   2.4576862305085601e-01	   4.4560257037534778e-01	   4.0521704418409926e-01	   6.6026675542803082e-01	   7.3452485306991544e-01	   6.3598500704501992e-01	   6.1860983898197552e-01	   6.7366026665908318e-01	   6.2812385272331339e-01	   4.1937867129223183e-01	   5.7651144846010749e-01	   5.8094848254784859e-01	   6.8420191016970100e-01	   1.7408219378566070e-01	   8.6932914214480184e-02	   4.0112616024919034e-01	   3.7215191727661279e-01	   3.2991643153144512e-01	   3.1120991782115404e-01	   4.2718300086980954e-01	   5.3916817274400741e-01	   2.8117631048232372e-01	   3.9954391048049087e-01	   9.6882194535261118e-02	   4.2937134437515223e-01	   2.6301563187112453e-01	   3.4080213738637577e-01	  -4.8113675699457785e-02	   3.0694709187455782e-01	   5.0252706509751632e-01	   5.0971482930008971e-01	   2.6182721953242843e-01	   2.3715933433793066e-01	   1.1593089087700584e-01	  -2.7303802239281705e-01	
   3.2444678987266418e-01	   9.8067526785512893e-02	   6.4143277124076459e-01	   0.0000000000000000e+00	   2.6699821825587766e-01	   4.9410337569141805e-01	   3.9086298934746028e-01	   5.1148976274948255e-01	   2.3132594331514794e-01	   3.2892875848850789e-01	   2.3512913412768593e-01	   2.6255495876569201e-01	   2.7374870520589911e-01	   3.6558919152175723e-01	   4.0778376997158355e-01	   5.3680823912173103e-01	   6.4033393686374063e-02	   4.1220693600687877e-02	   3.2451126577742229e-01	   4.2662759153230856e-01	   3.7325448126937588e-01	   5.7472016444543272e-01	   6.7910031282953820e-01	   7.2862813887009548e-01	   7.0093860089584770e-01	   6.9956443836422710e-01	   5.4347050797716012e-01	   6.5374347710431968e-01	   3.0436544723485691e-02	  -6.0476547470856179e-02	   4.6983955758655238e-01	   6.0738414350061554e-01	   4.1919356614406200e-01	   4.4106625383969905e-01	   5.0800708468925748e-01	   4.7719348037055553e-01	   4.8704547998017517e-01	   4.4119368364498041e-01	   2.9804351967873755e-01	   5.0375141497403575e-01	   2.1946305067085764e-01	   3.6174614734452315e-01	   5.3350571508923950e-01	   4.2901505138345636e-01	   3.3496983535986269e-01	   3.4198799274539471e-01	   5.0403204306052884e-01	   4.4976190279321693e-01	   4.2592004931925520e-01	   4.1208288001039006e-01	   6.3324085916098394e-01	   5.6767889883186839e-01	   3.7450119290931316e-01	   1.2863004424474955e-01	   4.8708048170960627e-01	   4.1309749729008272e-01	   2.3064177471949013e-03	  -1.4523014650754690e-02	   1.7270265416944272e-01	   5.4488846893294779e-02	   7.5512512989399663e-02	   2.6011533492364824e-01	  -7.4155947254302051e-02	  -1.0391428696765649e-01	   4.4133317735114347e-01	   7.3650619406620488e-01	   4.9044556504542952e-01	   5.3151928417782379e-01	   3.9303636631438138e-01	   4.6673861582570247e-01	   1.6077059860992943e-01	   2.7799209044303097e-01	   1.3751365979951674e-01	   2.5946711442866766e-01	   8.1324538756496034e-02	   8.0689466974111584e-02	   2.2116954314156884e-01	   2.7045660082374134e-01	   1.5037895539029242e-01	   5.7610720940531442e-02	   1.8027659750230993e-01	   2.0110773284414796e-01	   4.8278504638648712e-01	   3.5290039977594201e-01	   5.2723024553773401e-01	   7.9628407401754009e-01	   5.5143547563682449e-01	   5.2734540367088079e-01	   6.3740696945336162e-01	   6.9975393580213685e-01	   4.4118813348367902e-01	   3.7027901017271625e-01	   7.9760705392018960e-01	   4.4008932093132513e-01	   2.5466494139615747e-01	   7.6548692608210817e-02	   4.2912551647716091e-01	   4.4487928851339298e-01	   3.0242647488141627e-01	   2.2401473416546136e-01	   4.9780265334449814e-01	   2.9544955057423500e-01	   1.8053760615358133e-01	   1.1127799549425704e-01	   2.5615690836854006e-02	   2.7462372499151594e-01	   9.6119626207482350e-02	   2.6249588239797578e-01	   1.5150288131092807e-01	   2.8386519167180424e-01	   5.6829596742377764e-01	   4.6383758007798703e-01	   1.0582912006920336e-01	   4.0244820851582375e-01	   3.0626877121436386e-01	  -2.8430064838139191e-01	
   3.6685977121755131e-01	   3.1223638571330681e-01	   4.0204698692334750e-01	   2.6699821825587766e-01	   0.0000000000000000e+00	   3.7281581670814315e-02	   4.3628858259004288e-01	   5.3840703990942769e-02	   9.1823182998997166e-01	   2.1078138314958750e-01	   3.1374606969098057e-01	   2.2867977065092798e-01	   4.2822611304185021e-01	   2.5304877089571542e-01	   4.0462949161114781e-03	  -1.5287849408500978e-01	   1.5337083800945678e-01	   2.4142079588771101e-01	   2.3235853138658452e-01	   1.3729175792962620e-01	   2.5258562340654522e-01	   1.4148993962906964e-01	   2.7410796373206936e-01	   2.4209200360584021e-01	   4.6574798443060500e-01	   3.4991602465940508e-01	   4.2197729725449595e-01	   2.1319336792384969e-01	  -3.7314782642231563e-03	   6.4220840639694757e-02	   1.8977338897226106e-01	   2.1738864739268482e-01	   9.6355038995706022e-02	   7.2638380051425172e-02	   1.8967231551205166e-01	   8.6788482929615107e-02	   1.9537524161196956e-01	   2.8220759670490209e-01	   1.3089217887479052e-01	   2.4882338638073731e-01	   8.2852309748153052e-02	   1.3021406280351952e-01	   3.3301279611091994e-01	   4.0881638587114477e-01	   3.7073131637034545e-01	   2.6438980999603068e-01	   3.2801634039636363e-01	   3.2180877670284053e-01	   3.9633259377700830e-01	   3.5298118257309891e-01	   3.9698809526354439e-01	   3.4008038577341587e-01	   1.5877348553430173e-01	   3.9207991571586966e-03	   3.3963658476100161e-01	   2.8992710391956422e-01	   2.8870388965168831e-01	   2.5979281181120972e-01	   1.2387769640053269e-01	   8.7927447698378361e-02	   2.8772869040324708e-02	  -1.5290113866621949e-01	   1.5539086349152337e-01	   3.6802541519194654e-02	   1.5689980245058521e-01	   1.2340565477151744e-01	   2.9784335035356668e-01	   1.4726719101338365e-01	   1.0844484835269944e-01	   9.6909341398629736e-02	   2.6222376050983354e-01	   7.0360431838082813e-02	   2.4075041789028535e-02	  -9.8264809429155168e-03	   1.3674434117569148e-02	   5.9810708674349636e-02	   1.6544004736832055e-01	   1.5400524705053015e-01	   3.0644706261679366e-01	   3.3836849742929154e-01	   3.0602643467373580e-01	   2.7882041812244640e-01	   1.5882929715800906e-01	   7.8950735402126604e-02	   4.3872122998229179e-01	   2.9455144709130654e-01	   3.8634210816789988e-01	   4.1784619794457450e-01	   2.1700453953431215e-01	   3.0857154467140635e-01	   1.2995289068468369e-01	   2.7228103995440522e-01	   2.8673799313420728e-01	   2.9920055784268751e-01	   3.8466441535896567e-01	   1.4509720402090617e-01	   3.8429672577086915e-01	   2.8971891010932255e-01	   3.8027080628076004e-01	   2.9997013389557303e-01	   2.8198085469393031e-01	   1.6396950339129535e-01	   2.0235391017598828e-01	   1.6599035995698205e-01	   1.1755968546478365e-01	   8.4990773381802553e-02	   4.2847645638538950e-01	   3.0888003722829549e-01	  -1.0857390037621575e-01	   2.9253303537226183e-01	   1.9772125978261176e-01	   1.4352573053615852e-01	   2.4779314989956275e-01	   1.2068987183360358e-01	   2.2575531714133800e-02	  -1.6472157893571826e-01	
   2.7332947949413489e-01	   1.2953834654078744e-01	   3.1198634840143846e-01	   4.9410337569141805e-01	   3.7281581670814315e-02	   0.0000000000000000e+00	   2.3805789128825050e-01	   4.5734614435826637e-01	   5.2346475502205295e-02	   6.3462914782818380e-01	   2.3210254383547735e-01	   2.8200230908338381e-01	   2.7336245014076743e-01	   3.5047177738143287e-01	   5.3788977161060125e-01	   6.3495934831631173e-01	   2.8560742739264772e-01	   2.4333644242123298e-01	   3.2067909013341256e-01	   4.8176623003595404e-01	   7.2405324938737817e-02	   4.2876438415045126e-01	   4.7207325849649684e-01	   4.2738069299473058e-01	   4.5883073939665664e-01	   5.6129021110855981e-01	   2.0017112680678992e-01	   5.1769077586669321e-01	   2.9556233172049323e-01	   2.2069631515265059e-01	   6.1730764488186152e-01	   5.9362093730313537e-01	   6.2927128684446487e-01	   6.1995334783214207e-01	   6.6762220263170935e-01	   7.3752540785736365e-01	   4.9116765671467488e-01	   4.8956974108338902e-01	   3.8558090040630477e-01	   5.8388509079814299e-01	   3.9773754465567546e-01	   5.5965858938994806e-01	   3.7862342852706909e-01	   1.7021825198993867e-01	   3.8693937667319178e-01	   4.3847120010144969e-01	   2.3286810069335895e-01	   2.1110240472071895e-01	   3.4345358068885268e-01	   2.7744484375046263e-01	   3.9228424502239928e-01	   2.2459504115725437e-01	   3.3853745998506296e-01	   1.6318771560656692e-01	   2.5674968322868119e-01	   1.6310018920133509e-01	   2.4937213438222283e-01	   1.2463013439550429e-01	   8.9922936586786462e-02	  -8.9384522216553797e-02	   2.4448827575175275e-01	   5.2530754896314880e-01	   1.0608955174784981e-01	   7.5097392258324402e-02	   4.2814271434138218e-01	   6.1508904702552658e-01	   5.4594020865185655e-01	   6.7323688713202923e-01	   4.9336023356809872e-01	   5.7975494157333507e-01	   1.0992630960581723e-01	   1.8140149152722176e-01	   2.4394813482135849e-01	   3.0239529749631650e-01	   3.0067317260564275e-01	   1.5550287959250070e-01	   2.2382654668466492e-01	   2.3872369752699102e-01	   2.5390064321574457e-01	   8.0180875412996483e-02	   3.3304455280176037e-01	   3.5233002211185638e-01	   4.3236360052270367e-01	   3.6558067545248096e-01	   2.7748389394848255e-01	   4.3824381729516904e-01	   2.1886361371768004e-01	   1.1744875646064609e-01	   4.0725354532885261e-01	   4.3759326711661062e-01	   4.2086840919056601e-01	   3.5773458090415522e-01	   3.9146848630671427e-01	   2.9329711609712028e-01	   2.7367309266508089e-01	   2.6289943963064843e-01	   2.3333249388705085e-01	   1.1954114759775686e-01	   1.3666116150961161e-01	   1.4455808916464039e-01	   1.7348228669024274e-01	   3.1835460915468294e-01	   3.3040517926083403e-02	   1.3260912164336144e-01	  -4.2128382257689934e-01	  -1.8719415518508092e-01	  -7.5718141003242354e-02	   4.9520636848861037e-02	   1.9355708156450363e-01	  -4.6453408192708802e-02	   2.6665465617864093e-01	   2.3916752837034727e-01	  -2.4491770925941393e-02	   1.8250754775724048e-01	   3.1713103820261185e-02	  -4.0458795735900133e-01	
   3.8438622099514697e-01	   2.3208636793766951e-01	   7.6414543241196109e-01	   3.9086298934746028e-01	   4.3628858259004288e-01	   2.3805789128825050e-01	   0.0000000000000000e+00	   6.7287900062669337e-01	   5.1688748728863332e-01	   4.3763624014412572e-01	   6.1129727847032500e-01	   3.7838543473289271e-01	   6.2035669044260766e-01	   3.8027564670085467e-01	   4.6680573291441735e-01	   2.5608263126775027e-01	   1.0950230935825624e-01	   1.4019859622875494e-01	   6.1756748011936058e-01	   5.1999062517220440e-01	  -5.8841652248632435e-02	  -5.6900732407430682e-02	   5.8770822360791630e-01	   5.1930430935808913e-01	   1.5159748445590793e-01	   8.8088862371979632e-02	   8.0491446223971141e-02	   3.4600182025563871e-02	   4.6840436655620021e-01	   3.3100662964655059e-01	   4.7306235655337719e-01	   3.3045258381265030e-01	   3.2562863714088996e-01	   2.4304804229821925e-01	   1.3239450996670035e-01	   4.2580465089711181e-02	   3.3870886282692914e-01	   2.5712389088029036e-01	   4.2598430362815343e-01	   3.7708077106516608e-01	   2.9268617371478473e-01	   2.3278410417344408e-01	   5.4061984343595515e-01	   4.8174604859488013e-01	   4.5656531552190466e-01	   4.5744073013536979e-01	   5.7764233005897803e-01	   5.0105852861278755e-01	   4.8526587453900394e-01	   4.1028842722568476e-01	   4.8364312386636765e-01	   3.5541974174032187e-01	   4.1381473273577324e-01	   1.6680174119066377e-01	   4.1103436103079494e-01	   4.0071351257284865e-01	   1.7802252781684541e-01	   7.2561775690106675e-02	   2.2431557947192018e-01	   1.1334638165911554e-01	   3.5285654886225970e-01	   2.2044340972036602e-01	   3.1926586836353543e-01	   3.9331011419075734e-01	   4.5811402078593422e-01	   2.4510614779288845e-01	   6.2327325435640146e-01	   3.6812419075505404e-01	   3.2926062055050487e-01	   3.6121232762075062e-01	   1.8125595572602446e-01	   1.6411602240421513e-01	   2.2665339649545896e-01	   1.5840248174044236e-01	   1.7827667413511480e-01	   1.1444765640011950e-01	   4.0293643536482193e-01	   2.4866870920801637e-01	   1.3278771586194174e-01	   1.8820874400180657e-01	   2.6565111336463948e-01	   4.9536503714844377e-01	   5.2533040053577018e-01	   5.4812410356160901e-01	   5.7019777571212316e-01	   5.0225791545738585e-01	   4.0401041555964229e-01	   4.8342634621555203e-01	   4.6720362315913044e-01	   3.7149750668902765e-01	   5.5677068125189733e-01	   6.8143492286018714e-01	   3.9838691644137392e-01	   6.1429209205868762e-01	   1.4730940131300477e-01	   1.0044726776876034e-01	   4.1742129296678021e-01	   3.1422995490804390e-01	   4.2501753847916773e-01	   4.0929577567230102e-01	   3.9384626844916998e-01	   4.8287636217633062e-01	   3.5670724219067940e-01	   4.9099300378496724e-01	   1.0840059044662375e-02	   3.2797493313326120e-01	   2.7697685075283851e-01	   4.6643462394428348e-01	  -8.3408981592336340e-02	   3.2252048971628938e-01	   3.4635259366886922e-01	   3.8585818764970126e-01	   2.1078143565870705e-01	   1.3801598235554696e-01	  -1.0299864916320661e-01	  -3.0435836710114050e-01	
   3.7231282920292857e-01	   2.3066291172458439e-01	   5.3926136492541143e-01	   5.1148976274948255e-01	   5.3840703990942769e-02	   4.5734614435826637e-01	   6.7287900062669337e-01	   0.0000000000000000e+00	   1.7782110446820892e-01	   6.7585706325926176e-01	   5.4423014765821964e-01	   5.9511164369875846e-01	   4.8770194260871014e-01	   5.5554571365170413e-01	   5.0939787846896012e-01	   5.8616627823845935e-01	   1.4613154844435727e-01	   1.7900277110183713e-01	   6.5657216150273057e-01	   6.2985072695697630e-01	   2.5136277978396702e-02	   1.7395495454269258e-01	   5.0734094239933403e-01	   5.3018061565999264e-01	   2.0709355331453003e-02	   5.4849478333341223e-02	  -1.0480018205199847e-01	   1.1155084259428848e-01	   5.4569690389487857e-01	   4.2772210728550319e-01	   5.7249763249483143e-01	   5.0625800230152529e-01	   4.9232357718049508e-01	   4.8270919357634356e-01	   2.4218679456946041e-01	   2.6505840817562132e-01	   4.4218934134861271e-01	   2.0594105659359146e-01	   3.2736923256144340e-01	   4.3360294946581468e-01	   4.7296696618420941e-01	   4.0073392995519086e-01	   4.9270808173272429e-01	   3.3134792146009734e-01	   4.4235336378847351e-01	   5.0994707481586643e-01	   5.1147476542061665e-01	   3.7348727601877918e-01	   4.3696090478318145e-01	   3.0163739073106222e-01	   3.7251959898761700e-01	   2.3770399435354622e-01	   3.9774837977978883e-01	   1.7204540997553025e-01	   3.2576382851726760e-01	   3.4845731771469374e-01	   2.0951592849471398e-01	   3.3540285002761433e-02	   1.6714954822633563e-01	   4.1085223612445522e-02	   4.4817016269209164e-01	   6.7391506403029711e-01	   3.0242727700846661e-01	   4.2966278690188398e-01	   5.1289114824231008e-01	   5.2394950826532471e-01	   5.8310545754916121e-01	   5.2642104001035639e-01	   3.9610063966424508e-01	   4.8525156479909770e-01	   1.2299218810968045e-01	   3.3525381274100607e-01	   2.8558475770856201e-01	   3.5588042405532849e-01	   2.4864651624987788e-01	   2.5591162484077129e-01	   3.6160011496733752e-01	   3.0926183648946620e-01	   1.4578069319701434e-01	   1.0889839723734068e-01	   3.5551550654737635e-01	   5.5975336504170836e-01	   5.9895809801425515e-01	   5.8495899251317574e-01	   4.1304510145884732e-01	   5.0414679887758040e-01	   1.7905809789073174e-01	   2.6699672986267931e-01	   4.7197465054525323e-01	   3.1293280742440316e-01	   6.7024602576794590e-01	   5.5416856226956168e-01	   4.0713670297836935e-01	   3.5705850962342761e-01	   1.6561562991386108e-01	   3.6671589274936911e-02	   2.6774255722154960e-01	   3.0830328338911567e-01	   3.4242435461190346e-01	   3.9080375020099201e-01	   4.9195778714934407e-01	   3.5769963411602246e-01	   3.8139860811928927e-01	   3.2942873170375914e-01	  -2.8441991114470511e-01	   1.3612253602952684e-01	   1.6276304012528917e-02	   3.5781781577820687e-01	   1.0610099297935918e-01	   1.2143936487277152e-01	   2.6608415429592108e-01	   3.7818448837496521e-01	   8.2590639146486095e-02	   1.3588142175560633e-01	  -9.6315323543633938e-02	  -2.6641325192426291e-01	
   2.9524422423259389e-01	   3.2664463459170978e-01	   3.5214824694093605e-01	   2.3132594331514794e-01	   9.1823182998997166e-01	   5.2346475502205295e-02	   5.1688748728863332e-01	   1.7782110446820892e-01	   0.0000000000000000e+00	   3.2725240652194193e-01	   3.6418919693455681e-01	   3.4433454527034585e-01	   5.3550189473223508e-01	   3.3273323160291246e-01	   1.1723996179753249e-01	  -7.4652264620835684e-02	   1.1148052067437569e-01	   1.9546440021153508e-01	   2.6735537937499693e-01	   1.6622443297181669e-01	   2.3227349520024285e-01	   1.5580371981670968e-01	   2.1028941262892015e-01	   2.2884985702783311e-01	   2.8167789706410545e-01	   1.8663096218918993e-01	   2.4313739774869630e-01	   1.1517602783994720e-01	   1.3004716010447814e-01	   1.8509759318737240e-01	   2.5031906316456387e-01	   2.5464788612980577e-01	   6.9431621561233337e-02	   5.2454467826404311e-02	   4.3448698647390711e-02	  -1.3874914348670806e-02	   1.6945877184848679e-01	   2.3311121080356648e-01	   6.3855699730387683e-02	   1.8623751210786038e-01	   1.3583854340017509e-01	   1.4928310335861997e-01	   2.6267322625149092e-01	   3.4828390402403964e-01	   2.9923806182127660e-01	   2.3753357140986253e-01	   2.9554413616628061e-01	   2.9947541619632717e-01	   3.4289235053231337e-01	   3.1499654075527811e-01	   3.0081354489183398e-01	   2.5637961787880431e-01	   1.9848126315458675e-01	   3.6959328651467553e-02	   2.7541796957698983e-01	   2.7865127889548819e-01	   2.0055897877690193e-01	   2.5222003717964503e-01	   1.2914424617722192e-01	   1.2759864645883401e-01	   1.3358515904520987e-01	  -5.5096156052328732e-02	   1.9733537902698345e-01	   8.8848717094181628e-02	   8.0931057685237257e-02	   4.3659417803612446e-02	   1.8629842419752962e-01	   6.4873180284175908e-02	   8.8413527132473815e-02	   7.6785794425633255e-02	   3.1357459349324279e-01	   1.7225288805955427e-01	   6.6918031598655989e-02	   6.2185135539057634e-02	   3.4479733954087669e-02	   1.2224151371172481e-01	   1.4305904466969607e-01	   1.2058859794790658e-01	   2.2121510439675879e-01	   3.1192534575122266e-01	   2.9795357927672272e-01	   3.1634316216287223e-01	   1.7221932589572894e-01	   8.6348681315747244e-02	   3.0660718257362651e-01	   2.0440225450749339e-01	   2.0803082368256098e-01	   2.6830651177767995e-01	   1.0380475219551377e-01	   2.6149592275984601e-01	   2.0573213304997701e-01	   3.2867826700215147e-01	   2.4886662532969822e-01	   2.9307682764672754e-01	   3.5396248088316612e-01	   1.6681640055690028e-01	   3.2505940290064439e-01	   2.6875684786218262e-01	   3.4300534216548645e-01	   2.8778573982299571e-01	   2.9430396371206274e-01	   1.9951161465437001e-01	   2.7570248575263717e-01	   2.2857328452652517e-01	   6.9141739286002313e-02	   8.8674768157986666e-02	   3.4889803344600623e-01	   3.5478877888509852e-01	  -1.0964321751008033e-01	   2.7080111089467596e-01	   1.1232948531447234e-01	   1.2226725797183088e-01	   1.4273664922835141e-01	   2.5080434520952335e-02	  -1.1929282323793934e-02	  -1.5807143604669305e-01	
   2.6188593506133695e-01	   2.0059019101729264e-01	   3.0901862535630947e-01	   3.2892875848850789e-01	   2.1078138314958750e-01	   6.3462914782818380e-01	   4.3763624014412572e-01	   6.7585706325926176e-01	   3.2725240652194193e-01	   0.0000000000000000e+00	   3.9997032712849984e-01	   5.0559927285396866e-01	   5.0765824148867233e-01	   4.1846697491982265e-01	   4.8728464197579935e-01	   5.3120031922698741e-01	   1.6751223337386156e-01	   1.9595120795121557e-01	   4.3859073694617712e-01	   4.9343273738797450e-01	  -1.6745766954868554e-02	   1.7585754558439720e-01	   3.5004478847671300e-01	   3.8561519998313248e-01	   2.4834905669227483e-02	   1.2207764874956503e-01	  -8.4084422014422136e-02	   1.9847718207087339e-01	   3.9521383649913749e-01	   3.3055412847849297e-01	   5.0081249102085179e-01	   4.7323930223519201e-01	   3.8725852342552836e-01	   4.0043050081136244e-01	   3.2180398476649918e-01	   3.4599422530797330e-01	   2.1649887001740498e-01	   1.8833028170175689e-01	   2.4270397863703025e-01	   3.5563796684160504e-01	   2.9936627100415236e-01	   3.1986884724629666e-01	   3.0534959306515141e-01	   1.7313348584446187e-01	   4.0691894024486014e-01	   4.5091993601126096e-01	   2.5642289683527542e-01	   2.1760188502708350e-01	   2.8898251439958267e-01	   2.6157631239523438e-01	   2.7998696985092936e-01	   1.1304096154408058e-01	   2.4280244510662966e-01	   1.8561353870165698e-01	   1.6798390069528976e-01	   1.7550872347999164e-01	   2.0058442104174179e-01	  -2.9502672923985049e-02	  -8.8407079673541430e-02	  -1.9163414691071323e-01	   2.4755360955668793e-01	   5.9622872672434590e-01	   1.9377135181961247e-01	   2.7487613766874930e-01	   4.1000153344630025e-01	   4.5868411416585997e-01	   3.9577347597774420e-01	   4.5431559269648447e-01	   3.5127587697706858e-01	   3.9172356635596062e-01	   2.3360880376074603e-02	   2.4364291095110560e-01	   2.0050069056287467e-01	   2.8321188841413192e-01	   2.5282039115805888e-01	   2.5664210231972368e-01	   2.1080022940889892e-01	   1.5212737231228318e-01	   1.4913333391747705e-01	   7.9056484096103278e-03	   2.8718719252840930e-01	   4.4883759817668761e-01	   4.1466638688669188e-01	   4.1566447530243184e-01	   2.7313704081617396e-01	   3.6603420643900564e-01	   1.4543546925581075e-01	   7.4871987695122127e-02	   2.4786428269225447e-01	   1.6535745166109322e-01	   4.8040584878106068e-01	   3.8580102732726496e-01	   2.8990506404353322e-01	   2.7248586147428444e-01	   2.3417525637434958e-01	   1.7660920272506334e-01	   1.8964501435434616e-01	   1.4831347557189153e-01	   1.9021477246518925e-01	   2.4297821371512932e-01	   2.6196555987630338e-01	   2.8818871824990089e-01	   9.9968250755743254e-02	   2.1337380837258096e-01	  -2.4190197612421468e-01	  -6.9054295369803467e-02	   5.4583173876603282e-03	   7.7019067315340611e-02	   2.6628560987422023e-03	   5.6148262287290016e-02	   1.0959274941174746e-01	   1.1284884260092920e-01	  -2.8413357833382908e-02	  -4.4094982649901651e-02	  -4.3995973090756479e-02	  -2.3454462914461932e-01	
   6.6009036583268543e-01	   6.2817499663604703e-01	   3.7177278202357644e-01	   2.3512913412768593e-01	   3.1374606969098057e-01	   2.3210254383547735e-01	   6.1129727847032500e-01	   5.4423014765821964e-01	   3.6418919693455681e-01	   3.9997032712849984e-01	   0.0000000000000000e+00	   7.3192294496245558e-01	   8.1877631007934726e-01	   6.6781666677585849e-01	   4.4267577550271642e-01	   3.9368194792107797e-01	   5.4769744309748281e-01	   6.2986976856054244e-01	   6.8679348094807713e-01	   5.2216974233101809e-01	   7.2887499683427129e-02	   8.2339069889466279e-02	   2.9098438993468728e-01	   1.3059195583566016e-01	   4.3237773302026092e-02	  -4.4181631883083890e-02	   5.6738418441117960e-02	   8.6983276942029009e-02	   6.8605969221649254e-01	   6.4208505616253275e-01	   4.0087285388627347e-01	   3.5041888224674883e-01	   4.8151287261444597e-01	   4.4473689916090237e-01	   1.2553369685181787e-01	   4.6943695484273913e-02	   4.7830670233614880e-01	   3.3087449074418657e-01	   4.0362754383299426e-01	   3.7051157224602138e-01	   5.5069609783747331e-01	   4.6370052955239566e-01	   4.0517096122008844e-01	   3.7495229222184723e-01	   4.1886295288720315e-01	   3.2921868154768374e-01	   5.0585983664970491e-01	   4.5892783433015094e-01	   5.0276616064813862e-01	   2.8827979952975819e-01	   4.7533354471234063e-01	   2.7273244547092151e-01	   4.1287516548497111e-01	   2.4629651165815414e-01	   4.8660691689987629e-01	   5.2568352027658782e-01	   5.6057927588095868e-01	   4.7798140511653564e-01	   2.8209761151900348e-01	   1.2492372036533257e-01	   6.4373204792128225e-01	   2.8766009396937947e-01	   6.1704018284939655e-01	   5.5640906451620531e-01	   3.9796689173975042e-01	   1.0500704909519490e-01	   5.0938386267690583e-01	   2.6389002534525841e-01	   3.8987306189333293e-01	   3.6550302576770710e-01	   3.5858186139721332e-02	   1.0634793346931025e-01	   4.7421966367493495e-01	   4.7788999542102506e-01	   4.5396735699744739e-01	   4.9700526931962713e-01	   6.4742178740319245e-01	   5.3908041066803158e-01	   4.3909520992192430e-01	   4.9127892217420466e-01	   5.9945235892548032e-01	   6.3797908929713398e-01	   5.1295436896344238e-01	   4.5008844852076146e-01	   6.0248384759133489e-01	   3.1436776590838239e-01	   2.3196041218561264e-01	   1.5860257400268613e-01	   4.4599909966755091e-01	   2.3577264050210173e-01	   2.7926991242642230e-01	   3.9334142997449578e-01	   1.7964224917843918e-01	   2.5167513547742149e-01	   1.2782626706318728e-01	   2.8747032253438440e-03	   4.2403878282042101e-01	   3.5093452737346709e-01	   5.8360775765861073e-01	   6.8574200891905734e-01	   3.0788417427950387e-01	   3.1014610210040411e-01	   4.5361314068982783e-01	   5.0854137868099181e-01	  -1.7024262156289868e-01	   8.9901632253595404e-02	   2.2426661496966865e-01	   3.1184088746586358e-01	  -3.2592663829418458e-02	   2.1831672562135701e-01	   3.5472247334089707e-01	   5.0102536876588144e-01	   2.6497237528367373e-01	   1.2799645277101557e-01	  -6.8724722450247314e-02	  -1.6022811891302316e-01	
   5.7608235750378167e-01	   7.3120305767744154e-01	   9.3188951002732667e-02	   2.6255495876569201e-01	   2.2867977065092798e-01	   2.8200230908338381e-01	   3.7838543473289271e-01	   5.9511164369875846e-01	   3.4433454527034585e-01	   5.0559927285396866e-01	   7.3192294496245558e-01	   0.0000000000000000e+00	   7.0748173047953733e-01	   9.0572556548159588e-01	   5.1260962940312083e-01	   6.3984945950436867e-01	   3.7022852504238513e-01	   5.0053107628040205e-01	   6.9108807645280179e-01	   6.8494776799918078e-01	   1.4214563734718452e-01	   2.2760586881297840e-01	   2.7100244674018081e-01	   3.0509016742560874e-01	   2.6217377591923049e-02	  -5.7742031325597472e-02	   5.0062365336923327e-02	   1.7271764561512798e-01	   6.0975150912793630e-01	   6.4219414503451233e-01	   4.6456903847097597e-01	   4.7552080340948311e-01	   4.8059557165600808e-01	   5.0823375466629395e-01	   6.8558401514705984e-03	   1.9964313726430434e-02	   4.3054463420253664e-01	   2.2260510702664293e-01	   2.5605440129634033e-01	   3.5982793730043600e-01	   5.7416799033261345e-01	   4.9721129579433154e-01	   2.5256243063089862e-01	   1.6427597144486583e-01	   1.8527931327228431e-01	   1.8523553990230762e-01	   4.0531583148549505e-01	   2.9066730536800112e-01	   3.2698352410159170e-01	   2.3906407396318474e-01	   3.3461428466356202e-01	   2.4042189438635708e-01	   4.7314690751768246e-01	   2.2617318761085664e-01	   4.3465565698101072e-01	   4.5619449748849605e-01	   4.6470018279112907e-01	   4.6533164422132783e-01	   3.3807494081494871e-01	   2.3741401576174198e-01	   5.3974421122523863e-01	   4.1075024253927506e-01	   5.1770270146399877e-01	   5.0938958870139228e-01	   1.5509644643701609e-01	   1.7049471947504202e-01	   3.0330469264113658e-01	   1.7690683853431566e-01	   4.8260772295226356e-01	   5.3319671026401561e-01	   2.5081208455894488e-01	   4.0184356795764736e-01	   4.6123903439124381e-01	   5.7251708962734371e-01	   4.3332461830151503e-01	   5.7297717195537090e-01	   4.3086360961616366e-01	   5.0162780362606840e-01	   2.8676971218537117e-01	   3.5981088686991947e-01	   5.6954603763820288e-01	   6.9384850566508260e-01	   5.9723844385739244e-01	   5.3033358625199711e-01	   4.0385405389826590e-01	   2.9533010464171572e-01	   3.5821373626033035e-02	   6.1632514114171172e-02	   2.7589690600052380e-01	   2.5983582523805066e-01	   4.8176793764462666e-01	   4.1049921280082491e-01	   2.4064518057023684e-01	   8.4244011543677985e-02	   2.3134033293840267e-01	   2.0274712441336815e-01	   3.4044657710285142e-01	   4.4542984577199624e-01	   5.2515640383396589e-01	   5.7680183163524701e-01	   4.8023996559440740e-01	   1.0757705787792798e-01	   4.5416991415002961e-01	   2.8333951166021992e-01	  -2.9249037065797923e-01	  -1.1883193857777391e-01	   1.4747187430055309e-02	   2.7899618997275272e-01	   1.2311265268130023e-01	   1.3655711312719326e-01	   2.0377800348063790e-01	   3.9225320475126457e-01	   1.2793244010797719e-01	   5.9775901775209223e-02	  -2.0866909668426092e-02	  -1.8467147622583580e-01	
   5.7042119920894008e-01	   5.6179128116178956e-01	   3.1041621398167824e-01	   2.7374870520589911e-01	   4.2822611304185021e-01	   2.7336245014076743e-01	   6.2035669044260766e-01	   4.8770194260871014e-01	   5.3550189473223508e-01	   5.0765824148867233e-01	   8.1877631007934726e-01	   7.0748173047953733e-01	   0.0000000000000000e+00	   6.5582122812493948e-01	   4.7935754119452267e-01	   3.9561747453888768e-01	   3.7448665154709304e-01	   4.3654627178686700e-01	   6.2367333185058105e-01	   4.7039567576696628e-01	   1.4611010431795429e-01	   2.1401279382438362e-01	   2.5257292554727073e-01	   2.1012723650622717e-01	   1.1241936173213517e-01	   5.1086844500050153e-02	   1.2014992254992540e-01	   2.2188796872354083e-01	   5.9255928245076706e-01	   5.1797656157200422e-01	   4.2606629806645258e-01	   3.6529162488636552e-01	   3.7664087519869804e-01	   3.5754139064634827e-01	   6.2967841644564621e-03	  -1.5962117790982316e-02	   3.3154617224715222e-01	   3.2628419035835032e-01	   3.4589658069403217e-01	   4.0006799572454754e-01	   4.4970516659551396e-01	   4.2544136325195764e-01	   4.1322960301377576e-01	   3.4433803129403745e-01	   3.2970110302212274e-01	   2.7111490189598497e-01	   4.7751099714897427e-01	   4.3227420624075907e-01	   3.9599680101006618e-01	   2.5619474389308061e-01	   3.7514658471712342e-01	   2.6605270615351329e-01	   4.0479038919450044e-01	   1.6894629836147659e-01	   5.3740212916237362e-01	   5.3361348949946941e-01	   3.2043538766369428e-01	   3.6507233847235249e-01	   2.2474366753350539e-01	   1.2739725296116949e-01	   5.0524823977803224e-01	   1.5638093208739240e-01	   4.6010259916228669e-01	   4.2105368429395901e-01	   1.5683921970990272e-01	   3.2865341471848587e-03	   3.6074018850850315e-01	   1.4299597304929085e-01	   3.5025374506896489e-01	   3.2053439226229330e-01	   6.4473292267888588e-02	   1.8219507471322227e-01	   4.0439502714121478e-01	   4.0996718614053379e-01	   3.7425804888681247e-01	   4.1930225152840783e-01	   5.3707216205485753e-01	   4.9760561505553713e-01	   2.3496182670646099e-01	   3.2362591807078406e-01	   4.9172896025017965e-01	   5.6008819798048703e-01	   4.7190632596213283e-01	   3.9663675341959420e-01	   4.8643375168397740e-01	   2.8316081692168749e-01	   1.9767248472142765e-01	   1.2198225133371896e-01	   3.3568417037234799e-01	   2.7207889994797962e-01	   3.6598768115271541e-01	   3.5751805217692284e-01	   2.3111750379740265e-01	   3.2972235943022582e-01	   2.2118821717239801e-01	   1.4330571568546588e-01	   4.5710317692242664e-01	   4.0573855446575480e-01	   5.2225161205107218e-01	   5.0283249455970669e-01	   2.3526944415902046e-01	   3.4533874267214254e-01	   4.1102526944183343e-01	   4.3357551973362690e-01	  -1.3275203822169340e-01	   7.4426188425759085e-02	   2.4056185000999994e-01	   2.9412323452929884e-01	  -1.0029111270694817e-01	   2.0560505952177519e-01	   3.1259341583915590e-01	   3.2666273704267595e-01	   2.0383273647606909e-01	   5.7224874852488186e-02	  -4.9065276697137034e-02	  -2.5456874539303231e-01	
