   0.0000000000000000e+00	   5.3336981409598716e-01	   5.7810001102690045e-01	   5.8208872077336105e-01	   3.6685539947862134e-01	   3.9894473188902446e-01	   5.8907868298423893e-01	   5.2126138151064594e-01	   6.6436309914021774e-01	   5.2886196477143055e-01	   7.4949860383393441e-01	   5.5037102190399811e-01	   7.2400275754292065e-01	   5.0559551260656999e-01	   5.6503996951144486e-01	   3.2860493329205775e-01	   3.6843656130548041e-01	   2.0312738541241368e-01	   5.9947891903898187e-01	   4.1417525551509904e-01	   7.1491535695624320e-03	   1.1107432695315021e-01	   4.8285435598317383e-01	   3.9125253623110268e-01	  -9.7229192569066675e-02	  -4.2115192004348434e-02	   2.5437634188159747e-01	   4.7266287728116935e-01	   5.4761764142331804e-01	   4.0578023110621925e-01	   1.0422775367533242e-01	   1.3378887725889071e-01	   1.5443437620142592e-01	   2.5199773788809787e-01	  -2.9842969403366720e-01	  -3.9574231705312002e-01	   2.5605660894894894e-01	   3.1872729366923208e-01	   2.6979692626128443e-01	   2.8708240911344302e-01	   2.1175441074060775e-01	   1.1444037229408463e-01	   3.0542678519108285e-01	   3.2478986079813876e-01	  -3.1200656109939533e-02	  -5.9183547319339593e-02	   3.5610970254084562e-01	   3.1394631953484675e-01	   2.5148003705090566e-01	   1.0543412442488280e-01	   4.6457078010382663e-01	   2.4194203500956052e-01	   4.5476344738117858e-01	   2.1990192828568350e-01	   4.2982297735340502e-01	   3.3195930703629073e-01	   4.8215315977476492e-01	   5.1300438494226297e-01	   6.1762115177925714e-01	   5.1813800986875502e-01	   6.8515801994716941e-01	   3.5165441821739318e-01	   4.5686604745700099e-01	   3.3111784198326322e-01	   2.6798943118294544e-01	   1.9506089961111994e-01	   1.4326322725723367e-01	   7.4039571613514321e-02	   2.9980714702613831e-01	   3.8178712610875892e-01	   3.9836502292347420e-01	   2.6254161054280367e-01	   5.6130883953667243e-01	   4.3234104358647441e-01	   2.7103172630903760e-01	   3.3625076987114211e-01	   4.4486298499094928e-01	   3.2564174032367099e-01	   1.4734425514514421e-01	   3.2658732599229945e-01	   2.0687801216502749e-01	   3.2404110236609335e-01	   2.3893078098801013e-01	   1.5549168893423895e-01	   4.0331085176830450e-01	   4.8828362096943301e-01	   2.0647116150094158e-01	   2.1766593364586678e-01	   6.7280770294651415e-01	   6.2685612631687881e-01	   4.1780349635676228e-01	   4.6906602527660624e-01	   3.0365141014459290e-01	   4.1488042734134578e-01	   2.6405814961662155e-01	   3.6973927403724717e-02	   4.6215142849667423e-01	   3.4663516180724563e-01	   4.7504615744574930e-01	   5.3160334048504232e-01	   3.9611671071666782e-01	   4.8328350818697474e-01	   3.5435591141406153e-01	   4.6015889495057083e-01	   1.2672011489196611e-01	   8.2933339824663097e-02	   2.6448127149573819e-01	   2.3877911161256282e-01	  -8.4442147357213240e-02	   2.1974729264259454e-01	   2.4589725291590980e-01	   4.0938806641516134e-01	   2.7160766954522786e-01	   2.6576944108991696e-01	   1.9076386067352269e-01	   1.6905705668074020e-01	
   5.3336981409598716e-01	   0.0000000000000000e+00	   3.5822072730410126e-01	   2.3354678249115549e-01	   1.0305426555515931e-01	   4.2112081718387158e-02	   1.4779254957031843e-01	   1.6345204586282019e-01	   1.8787429980211628e-01	   4.0131237241970812e-02	   2.5238581065454146e-01	   3.1829445385514965e-01	   1.9401033160597225e-01	   1.8528400560003602e-01	   1.2259373234206684e-01	   6.0742381748112029e-02	   6.0608786444612073e-01	   5.8421585356514238e-01	   3.7580998632366946e-01	   2.7203102047259964e-01	  -1.3265777509198734e-01	   4.1542909054093052e-02	   1.0840335791018244e-01	   2.4916609869931845e-02	  -7.9164035830360829e-02	  -5.2970717407961686e-02	   1.3365779925655807e-01	   1.9711197090620264e-01	   4.7890202764713630e-01	   4.8984289686742316e-01	   2.3730854570687736e-02	   5.6330741380378234e-03	   3.2447872693556763e-02	   1.6187042376035732e-01	  -1.3502597607718539e-01	  -2.4973775365452355e-01	   2.3448694845686496e-01	   2.7767537640363232e-01	   1.8500490649364149e-01	   2.7509250360214971e-01	   7.3898889504033699e-02	   1.6500633018185268e-01	   3.7796764636519820e-01	   3.5971909832081100e-01	   6.4863381305395582e-02	   8.1863302992007447e-02	   4.0780077639574269e-01	   3.8209962206896309e-01	   4.0497757269300849e-01	   3.4880451017925951e-01	   4.7154233690934644e-01	   3.9717579471791919e-01	   3.7929926912767920e-01	   2.9464101135398091e-01	   3.5641067012451655e-01	   3.5571033390561069e-01	   6.8020308167358956e-01	   7.1202875888017536e-01	   2.8392010483181607e-01	   3.3651136148633221e-01	   2.2054660095610945e-01	  -5.1003863490659829e-02	   3.9964021116277626e-01	   4.7815096049723749e-01	   9.0964193521511083e-02	  -7.7539740206768931e-02	   2.7566705663203461e-02	   4.1665502100163270e-03	   1.7820550631281751e-01	   1.7156705336859449e-01	   1.6322213207957675e-01	   4.7156369281207679e-02	   4.3650421154562780e-01	   3.5994994789618229e-01	   2.3179955017653803e-01	   3.3419045082625276e-01	   2.5634279511572400e-01	   2.3321027755633045e-01	   3.8763547675576715e-01	   4.7171517103237465e-01	   4.7655992787561458e-01	   4.2163530682915351e-01	   1.5106584875159543e-01	   1.2255209462994884e-01	   2.6653611500917018e-01	   1.6862793607451260e-01	   1.1306108577749367e-01	   1.3881878115779922e-01	   4.7623926894543106e-01	   4.0801593354314247e-01	   1.9206003142401679e-01	   2.8034447895016029e-01	   9.4115313740026726e-02	   1.9368605913708450e-01	   4.3130045955585639e-01	   6.9319061097744022e-02	   4.2438365548400120e-01	   3.6113421435867865e-01	   5.4927638988361416e-01	   5.8189666316767585e-01	   3.1008318702316495e-01	   2.1098267097104562e-01	   3.4882604191385724e-01	   3.0271033556849541e-01	   2.2709607402339235e-01	   1.7184606757513238e-01	   2.6099739498577956e-01	   1.6324054834245275e-01	  -1.4065072375528490e-01	   2.3727213736973166e-01	   2.2607797686836958e-01	   4.3620056510134292e-01	   2.7605545793194514e-01	   2.7184707531594016e-01	   2.3595486928605419e-01	   3.9263644560500488e-01	
   5.7810001102690045e-01	   3.5822072730410126e-01	   0.0000000000000000e+00	   6.6085064958977291e-01	   5.0785101339522187e-01	   3.1332044839398121e-01	   7.5363898718555355e-01	   3.5895764658400509e-01	   5.6345209607033475e-01	   4.5723386088480134e-01	   4.3769468122207389e-01	   4.5151772016058453e-02	   4.8804893287761891e-01	   1.4528906461715313e-01	   6.2944811054045413e-01	   3.5540847411980214e-01	   1.5052448112980829e-01	   1.9875208357872207e-01	   6.1780893909672274e-01	   4.2249145692185575e-01	   7.6135394578401433e-02	   9.6288820825637167e-02	   7.2211830112149289e-01	   4.8263267729736570e-01	   3.2661689673798167e-01	   2.5984622475710878e-01	   4.3302730978036658e-01	   4.0523951011063042e-01	   1.8006567510019422e-01	   1.3700657028681384e-01	   5.1625990147537285e-02	   2.0612921578186217e-02	   2.0495349632921225e-01	   2.3292172687000440e-01	   1.4314515794342969e-01	  -8.3023383982813396e-03	   1.6890894288915401e-01	   1.7993870077657484e-01	   2.3192177501128397e-01	   1.8033902920883238e-01	   1.3384658539365052e-01	   2.2729493553335306e-01	   4.7501893817916624e-01	   3.6363410371448451e-01	   1.0352735003056285e-01	  -2.5287314844423727e-02	   2.3554017451019926e-01	   2.7776532151103545e-01	   1.7741545150646448e-01	   1.4527011700577006e-01	   2.8250564733557126e-01	   1.8917155348533088e-01	   2.5255309922993557e-01	   2.4427235057329177e-01	   2.6577737117857780e-01	   1.6102078586073310e-01	   3.6919926969535843e-01	   3.9400647327251104e-01	   4.7383360611534653e-01	   2.6265737363057706e-01	   3.6073980075612444e-01	   1.5000993305432420e-01	   6.7846198553723536e-02	   1.3018700772667605e-02	   5.8841023182370045e-01	   3.1515545407365869e-01	   4.7724399509664456e-01	   2.3243110701126726e-01	   4.6643177244022194e-01	   3.4206220291472966e-01	   3.4534963335500968e-01	   2.3323182051934907e-01	   3.4116407536397164e-01	   2.7905022200268409e-01	   2.0124464129231298e-01	   2.2616300064821218e-01	   3.7347983372621385e-01	   1.7120588221774816e-01	   1.0348924485716270e-01	   3.3916125022224097e-01	  -3.5146420028060975e-02	   1.9995473107025094e-01	   4.7818888660819264e-01	   2.9454297649548766e-01	   6.3213704437747931e-01	   3.5591036884694277e-01	   3.9165071763417802e-01	   1.8688050529884326e-01	   7.1372176516899033e-01	   4.0580781064997418e-01	   4.1581777947967830e-01	   5.4090711988030238e-01	   4.0129374169903342e-01	   6.2824355453776148e-01	   3.2461533206525051e-01	   5.6037885907744903e-02	   4.4886132366114623e-01	   2.7096423440963113e-01	   3.6358201486891661e-01	   3.8980657000689301e-01	   3.3574035257736023e-01	   6.0458615261056958e-01	   4.4130720523541828e-01	   5.9106274786393398e-01	   2.8737034588768573e-01	   3.1606790766664755e-01	   3.4514716158207820e-01	   2.8861493275629058e-01	  -1.6861148882230803e-01	   3.1419565348051109e-01	   4.7905922693807956e-01	   4.6093890653627323e-01	   2.9314198839530103e-01	   3.5607294587952071e-01	   3.0844724414332159e-01	   2.7287815445378338e-01	
   5.8208872077336105e-01	   2.3354678249115549e-01	   6.6085064958977291e-01	   0.0000000000000000e+00	   4.2739932805113490e-01	   5.5234817238695966e-01	   5.9324196216646641e-01	   7.0219320284435538e-01	   5.0448774327254986e-01	   5.1762163929496707e-01	   3.9707813601033692e-01	   2.6490440501890805e-01	   4.1953194256449133e-01	   3.9505434754319646e-01	   4.0272004978322551e-01	   3.9525636800525454e-01	   1.4138452994534739e-01	   5.5380072640923900e-02	   5.3872050867207699e-01	   5.0268483806241659e-01	   2.9783317158841260e-01	   3.8059180384513325e-01	   6.4080679216994041e-01	   7.1238220889764159e-01	   4.0073034976083655e-01	   4.5196182061292467e-01	   4.6778543314448773e-01	   5.7940261192904252e-01	   2.8905099427147474e-01	   3.0400064787983716e-01	   2.9709003538675638e-01	   3.5933964039203431e-01	   3.1806803734979461e-01	   4.8232792013218495e-01	   9.7638797407470834e-02	   1.1319245443930150e-01	   3.0367983293839285e-01	   5.1718878461688422e-01	   4.5101374540697503e-01	   4.7205967813058747e-01	   1.2251311199978654e-01	   2.4613201962210374e-01	   4.2703136731231139e-01	   3.6232144675003697e-01	   1.8830899752463431e-01	   1.6302648156472752e-01	   3.1331783378613109e-01	   3.4828779454767000e-01	   1.7139163988002096e-01	   4.6125423291056664e-02	   3.1111010273999429e-01	   1.1807897237232870e-01	   3.2303410561491525e-01	   1.2843259899381587e-01	   4.1994168329313780e-01	   2.5302770408986053e-01	   2.9777677358944299e-01	   3.6752893215863169e-01	   4.7307488735494507e-01	   4.5130087086825788e-01	   4.5803706413913947e-01	   5.8306972606415042e-01	   1.8711083574304993e-01	   1.5891531832006567e-01	   4.5412322355891466e-01	   6.1493023291786597e-01	   5.0783920791325710e-01	   5.6506201440472126e-01	   4.9893723173550575e-01	   5.3338131170651404e-01	   5.4393293273637178e-01	   5.2233306843916738e-01	   4.6416617529930571e-01	   4.9212307644370323e-01	   3.1635265146803898e-01	   3.8253732142787944e-01	   5.2746501229457032e-01	   5.0140018611478432e-01	   1.7066217265254235e-01	   3.5112447361262916e-01	   8.3706318164558299e-02	   4.0456170262587998e-01	   3.4703713296385130e-01	   5.0382720054505392e-01	   3.8936879390493984e-01	   6.3469574869801759e-01	   4.0326898491875879e-01	   4.0130143555896436e-01	   6.8771181279570937e-01	   5.4942824638700083e-01	   5.9852427579021450e-01	   4.9147787145345218e-01	   6.4723657608945651e-01	   4.8081982875948520e-01	   4.1460584503255815e-01	   2.7682428916393415e-01	   6.3505720910854291e-01	   3.8500064840890652e-01	   4.1824536946246343e-01	   3.9903684468171985e-01	   5.1023659314830339e-01	   3.9793101086662097e-01	   5.5023442161685632e-01	   6.3747901774747140e-01	   4.4530735157174650e-01	   3.6590075594402249e-01	   4.5104592025800638e-01	   3.6402877709623288e-01	  -2.7215536874137425e-01	   3.5023140192416385e-01	   5.7597478895415744e-01	   4.8034177929702748e-01	   3.6136993886559254e-01	   4.6020831663799500e-01	   4.0091649040623623e-01	   3.3966276361044262e-01	
   3.6685539947862134e-01	   1.0305426555515931e-01	   5.0785101339522187e-01	   4.2739932805113490e-01	   0.0000000000000000e+00	   5.7745788302957557e-01	   5.9959884896113858e-01	   3.6678632360685454e-01	   7.3058564390820235e-01	   4.2773772639827029e-01	   3.9353354234115939e-01	  -6.0867016467783183e-03	   5.1285363673806439e-01	   2.3110331871327416e-01	   2.1640735582498830e-01	   5.0935458944846690e-02	   2.3966209276727790e-01	   6.9690252536580843e-02	   2.5894341094600426e-01	   1.2936167449593508e-01	   3.1391007964269702e-01	   3.4624092913574472e-01	   4.0261889791810129e-01	   3.3683361841152720e-01	   4.4419027438963865e-01	   5.5010494197932924e-01	   7.4627063066506827e-01	   7.0308892433914272e-01	   1.7822289136166997e-01	   1.4543405260028025e-01	   1.3213703256232903e-01	   4.8233615869234837e-02	   3.5526372815266749e-01	   3.4963513785289679e-01	   3.8504384700833566e-01	   2.5982007132475554e-01	   2.0729963678266236e-01	   3.0214261981325463e-01	   3.2123683237765266e-01	   8.1667128236065506e-02	  -4.9209533984783567e-02	   1.6352018352878708e-01	   4.3699001136767973e-01	   3.8031862563830804e-01	   5.0364834289004556e-01	   3.6953677772528470e-01	   3.1275421860969160e-01	   2.7702027262611661e-01	   3.1442627826186503e-01	   2.2730594299576268e-01	   1.3735681022435131e-01	   8.8035098176006715e-02	   2.3349143677772932e-01	   6.1684740844891714e-02	   3.6319262465156449e-01	   1.4826671699241423e-01	   4.0323043591075003e-01	   9.0067060533334145e-02	   3.2013500722248145e-01	   7.8120117693842958e-02	   3.2484796540163852e-01	   1.7918724228303934e-01	   3.0882623122700251e-02	  -6.5112362089729092e-02	   2.2075591154974458e-01	   3.1843566605021428e-01	   5.5863664618767883e-01	   3.6942773758641384e-01	   1.5750415116008123e-01	   1.3583374239674179e-01	   4.7181799050122708e-01	   4.7361501831277830e-01	   4.9360774542643832e-01	   4.8541871201993325e-01	   5.2251247814639723e-01	   4.7932862794760600e-01	   3.1159670631462544e-01	   2.7337298564039442e-01	   2.1069601201966459e-01	   1.9929809193119385e-01	   1.7874951415544146e-01	   1.1438830538009075e-01	   5.7537042055126150e-02	   1.6758362124336881e-01	   2.5743821936200567e-01	   2.1655426487369106e-01	   3.9674949222376421e-01	   2.5417689454980630e-01	   5.0710771871358462e-01	   2.4590275287103291e-01	   2.5823176542836757e-01	   3.2984757103007056e-01	   4.5597769370474639e-01	   5.9103214480312893e-01	   4.2434371521044650e-01	   1.3116387330748761e-01	   5.1320948981568226e-01	   2.7098059838151611e-01	   3.3207851873268923e-01	   2.1387653837820472e-01	   1.5533736278891613e-01	   5.9408538306941527e-01	   2.7936363215234805e-01	   3.6476049026308222e-01	   2.3511740367429285e-01	   2.6331336693959273e-01	   2.0247403147307813e-01	   7.1262408342656028e-02	  -9.7383915956919895e-03	   3.2453276635615064e-01	   5.0057019947280923e-01	   4.0950413833221616e-01	   4.0671538712306304e-01	   3.2698604489030531e-01	   2.7116847760921808e-01	   2.2289236533760354e-01	
   3.9894473188902446e-01	   4.2112081718387158e-02	   3.1332044839398121e-01	   5.5234817238695966e-01	   5.7745788302957557e-01	   0.0000000000000000e+00	   5.5671896628765105e-01	   7.9094432920926871e-01	   6.9701629151791100e-01	   8.0501184816337568e-01	   5.5584249148263587e-01	   4.6172415080156648e-01	   5.6753454287504335e-01	   6.2754379963022311e-01	   3.8455587929349150e-01	   3.9193200654350957e-01	   1.1552967023863714e-01	  -3.6361889751250681e-02	   2.2528937263909590e-01	   2.0524536409803473e-01	   3.7633493811910901e-01	   5.6471220305722691e-01	   4.4898488448838408e-01	   5.0199674117487492e-01	   2.5955257660787401e-01	   5.1706958385438262e-01	   2.2585957509873561e-01	   5.8830648864663337e-01	   3.6187745193437976e-01	   3.1211314925844502e-01	   3.9259995829135708e-01	   3.7769297918209171e-01	   4.9605147206705946e-01	   6.2265111005156992e-01	   1.7965714666808999e-01	   1.9003040757777698e-01	   1.9275892866789859e-01	   3.7590958386857137e-01	   3.1755889005586940e-01	   2.7473588276080058e-01	  -2.6400473412245301e-02	   1.3382499460345301e-01	   4.7781499608248645e-01	   5.0665316620973699e-01	   4.8663577189180024e-01	   4.9584745407345143e-01	   5.1357966965962221e-01	   5.0801546090129701e-01	   5.2026232925828020e-01	   3.7197364175181902e-01	   4.4611014563491025e-01	   3.0548778757615175e-01	   4.7583409210122507e-01	   1.8121792481619065e-01	   5.1608477475224102e-01	   4.5673066045559096e-01	   6.2175644419118263e-02	  -7.1581421142279972e-02	   2.6451831265510833e-01	   2.2623956386552571e-01	   4.5790759696952382e-01	   6.5506463036687579e-01	   8.2026595312521544e-02	   8.5328036767380405e-02	   1.4381035535570735e-01	   4.8931060812533195e-01	   4.1067086892141680e-01	   4.6424990517807385e-01	   9.4450080662902919e-02	   2.8550144573557451e-01	   6.3106343288152222e-01	   5.5758183217554902e-01	   4.1566223447470635e-01	   4.7321654073890507e-01	   3.0365302362902546e-01	   4.2941688667029565e-01	   3.9335469265687295e-01	   3.9651350679505892e-01	   2.0704303862533432e-01	   1.6713006312470352e-01	   1.3040040650447068e-01	   1.7433226310442007e-01	   5.7589208640072533e-02	   6.9598954020619400e-02	   1.3745814429478859e-01	   4.4214949803254122e-01	   1.8796154392281245e-01	   1.2774970714399331e-01	   4.2195935183685934e-01	   4.0409085598795635e-01	   4.9572408129014855e-01	   3.9346050099098340e-01	   6.6204560962334491e-01	   2.8373512644457421e-01	   2.2894540213714154e-01	   1.5016785059790899e-01	   5.7668281668033594e-01	   4.6331431021484498e-01	   4.0994681270781658e-01	   3.7666149858209697e-01	   3.6794849625859793e-01	   2.8941616354720728e-01	   3.0189865863896592e-01	   3.4084112390492416e-01	   2.2765426212169815e-01	   2.8746457309789575e-01	   2.2583630994124085e-01	   8.5264261399056851e-02	   1.1324720654419274e-02	   3.0374456372418013e-01	   5.3502736208404511e-01	   5.1912177559747241e-01	   5.5659714553746098e-01	   4.1723886148989570e-01	   1.8002257711543496e-01	  -7.6074532551859003e-03	
   5.8907868298423893e-01	   1.4779254957031843e-01	   7.5363898718555355e-01	   5.9324196216646641e-01	   5.9959884896113858e-01	   5.5671896628765105e-01	   0.0000000000000000e+00	   6.3901884707898060e-01	   7.9361449251042704e-01	   6.0180885203921097e-01	   5.0638427475295500e-01	   1.0025639793580252e-01	   5.3434560317089219e-01	   2.4168901647723917e-01	   5.4975673825984894e-01	   2.2720528446671662e-01	   2.0260191268650438e-01	   1.7257947085804701e-01	   5.8745733079233220e-01	   3.8205979755231845e-01	   1.8799676774148905e-01	   1.5465397952323903e-01	   6.7576680716334603e-01	   4.3492003251178196e-01	   2.7818131431416898e-01	   2.6852099527922979e-01	   2.7660000851172267e-01	   4.3632280922829980e-01	   3.4541291950734720e-01	   2.0069039415821890e-01	   3.6010801610695725e-01	   2.7528504440628099e-01	   3.9367862962173245e-01	   3.9497541067097186e-01	   7.0609909184758110e-02	  -3.8832886406226438e-02	   1.4208840173596385e-01	   1.4881713637345628e-01	   2.1720407318360813e-01	   2.1009589409130013e-02	   1.9041910759170122e-01	   8.4124798049214675e-02	   4.1667762811134118e-01	   3.5293595022659374e-01	   1.6363942648956059e-01	   5.3587136746689565e-02	   2.4433197592647324e-01	   2.2980182944157609e-01	   1.5681015162928413e-01	   7.2975052895683318e-02	   2.0060768587134664e-01	   5.8156313534995702e-02	   2.2600814577126022e-01	   1.1544958630952823e-01	   1.9350817010503479e-01	   9.8961896693332246e-02	   3.3139542626835639e-01	   1.7756753999958991e-01	   3.1094173056679225e-01	   1.0802335878988020e-01	   4.8435123974716954e-01	   3.7024954385960329e-01	   1.4530279252076178e-01	   6.9232215545974474e-02	   4.9346915984307849e-01	   3.4456866173085687e-01	   4.0822980246283780e-01	   2.1478809860468240e-01	   2.4175845487375164e-01	   2.2434517105886709e-01	   4.3370435653451894e-01	   3.5812653133000522e-01	   4.1502575560730404e-01	   3.4950108294580867e-01	   2.5034179725115724e-01	   2.7265340122699372e-01	   3.9807740677685860e-01	   1.9019712959141127e-01	   1.8566408842142645e-01	   3.7832270148787706e-01	  -2.2467236663802549e-02	   2.3162074881721534e-01	   1.8228674268686068e-01	   5.6328125064917578e-02	   4.3364038852283782e-01	   3.9843867805052924e-01	   1.3362764695744014e-01	   6.1077332168224766e-02	   5.8213718998893094e-01	   3.1913495797353064e-01	   4.8286302795435659e-01	   5.6146616476288502e-01	   5.4459020410659964e-01	   6.9198654591781239e-01	   2.1393292643145453e-01	  -8.1510791049388062e-02	   3.6477151141160691e-01	   1.5855740372582469e-01	   3.3843920512110337e-01	   3.2909963812914594e-01	   4.4203477307250705e-01	   6.9829922386846377e-01	   3.3954236497723522e-01	   4.6011908852604072e-01	   1.7776346449346064e-01	   1.8971540031555911e-01	   2.6033901390701897e-01	   1.7752935742951251e-01	  -1.3349965747329304e-02	   4.1497699656886761e-01	   3.4441003059415887e-01	   4.1359330422711504e-01	   3.1909206074676844e-01	   2.8453747405162050e-01	   2.2438224871760237e-01	   1.5286443054784704e-01	
   5.2126138151064594e-01	   1.6345204586282019e-01	   3.5895764658400509e-01	   7.0219320284435538e-01	   3.6678632360685454e-01	   7.9094432920926871e-01	   6.3901884707898060e-01	   0.0000000000000000e+00	   6.6847306242503535e-01	   6.8039929088433704e-01	   4.9666137549901079e-01	   4.3296849063171960e-01	   5.0259074823949113e-01	   5.8007155460876370e-01	   3.5694558653118919e-01	   3.6263590952455382e-01	   2.7672270900298174e-01	   1.2603925182667006e-01	   4.5122730581730797e-01	   4.4214143583550902e-01	   2.5410808946753854e-01	   4.0719900911019291e-01	   4.7674369284795082e-01	   5.3702762828356576e-01	   1.0742871737291779e-01	   3.3140122542107509e-01	   1.3124772494475095e-01	   4.4808519442847150e-01	   5.1285573599847334e-01	   4.6647907010965295e-01	   4.9985222133686275e-01	   5.3634539556561234e-01	   4.2773962337728966e-01	   6.5376307616438556e-01	  -2.9839960863737910e-02	   2.4978755491257644e-02	   2.6543303298276316e-01	   4.0211455789606171e-01	   3.6314108069234108e-01	   3.5634338947001948e-01	   1.6241134727116174e-01	   1.1868669631247350e-01	   5.0199199398014971e-01	   4.8263165095607519e-01	   3.4618099348698900e-01	   3.8871667878970140e-01	   5.3382797916059987e-01	   5.1662723516265063e-01	   4.3101184568574546e-01	   2.7992198914808508e-01	   4.5212936760885641e-01	   2.6506716355115706e-01	   4.9037150079526004e-01	   2.0260071164640153e-01	   4.5129839314145487e-01	   4.6750745626074686e-01	   1.4664191358098166e-01	   1.0372071162458506e-01	   2.7537024689736211e-01	   2.9691532475919818e-01	   4.8354628804057509e-01	   7.3166975071100637e-01	   3.1029810798282387e-01	   3.5774098317508157e-01	   2.5292124148595052e-01	   4.9151240610664404e-01	   3.5054637517965015e-01	   4.6996651961372848e-01	   2.6273379004609754e-01	   4.2000141755472714e-01	   5.4748082603706538e-01	   4.7261282665928839e-01	   4.6018358000852067e-01	   5.2553856378842734e-01	   2.5561404451732472e-01	   3.9465669529459835e-01	   4.9036732957902790e-01	   4.6365747763290566e-01	   2.9257628715924677e-01	   3.7351797286330768e-01	   2.5671309297096445e-01	   4.4822739488645080e-01	   1.5266221604573177e-01	   1.9850076694118102e-01	   2.2309637060397242e-01	   5.7916340837170166e-01	   1.8434511119773894e-01	   2.0588951505072337e-01	   4.7455233050784085e-01	   4.6892554174953943e-01	   6.0213063815668244e-01	   4.7406773850688383e-01	   6.5581962047799247e-01	   2.9738458464268197e-01	   2.1620619201209196e-01	   1.3502700968778991e-01	   5.3826970649834627e-01	   4.4442988100178027e-01	   5.3104335780743339e-01	   5.0989623821794883e-01	   6.1455033684477145e-01	   2.5269016594057925e-01	   4.5962429596987975e-01	   4.3398025245092769e-01	   3.2654629535918656e-01	   2.6163796494237668e-01	   3.7175920076743241e-01	   2.5906399548753944e-01	  -7.1376797731562164e-02	   4.0695655554509580e-01	   4.2143989038654062e-01	   5.5292758184627844e-01	   5.3049527145211350e-01	   4.7008641457509920e-01	   3.6825441161877182e-01	   1.7688746673720454e-01	
   6.6436309914021774e-01	   1.8787429980211628e-01	   5.6345209607033475e-01	   5.0448774327254986e-01	   7.3058564390820235e-01	   6.9701629151791100e-01	   7.9361449251042704e-01	   6.6847306242503535e-01	   0.0000000000000000e+00	   7.2657674632839964e-01	   6.9735457553508406e-01	   3.3185839413938784e-01	   7.4410791143269028e-01	   4.6987685759245001e-01	   5.6169684099679162e-01	   2.7329397657587401e-01	   2.3172355316454174e-01	   5.2478337243016912e-02	   4.3283797233194726e-01	   3.1053401539094660e-01	   1.7431957093253020e-01	   2.0652470447264026e-01	   6.0557050285205383e-01	   4.1260236088135577e-01	   4.1516661574344513e-02	   2.1047083583164500e-01	   3.0351399040827737e-01	   5.2932927841075395e-01	   4.4492118199860448e-01	   3.0539770032983021e-01	   2.1067876939056479e-01	   1.8883789878316715e-01	   2.7757114542357342e-01	   3.9252016087014180e-01	  -5.0218815073110247e-02	  -1.7072124039755743e-01	   1.5756813504827974e-01	   1.9661645396544042e-01	   2.2344562548147343e-01	   6.4274213616625941e-02	   7.7835829778699947e-02	  -1.1418241696755557e-02	   3.9431977107636917e-01	   3.7269820929843400e-01	   2.4235894164352356e-01	   1.5125097332714085e-01	   3.8503311846029475e-01	   3.3480920175258472e-01	   3.0190168669930079e-01	   1.5517830723573814e-01	   2.8471831315101015e-01	   1.2130318890524834e-01	   4.0227826824978075e-01	   1.1880868266836891e-01	   3.5275563497172469e-01	   2.8272793609075886e-01	   2.8536904839433863e-01	   1.6639862580647821e-01	   4.1751589899755170e-01	   2.3411862643833653e-01	   6.0544859743811574e-01	   4.5900574773510250e-01	   2.0195926020410190e-01	   8.7781177901238114e-02	   2.7075480215695785e-01	   2.8814114259626489e-01	   3.0436762955046270e-01	   1.5137367547596570e-01	   1.9219965266114231e-01	   2.4553358049012070e-01	   5.0807490103441066e-01	   4.7173069806110213e-01	   5.5949589761003105e-01	   4.9008158695336845e-01	   4.4634798123353742e-01	   4.5622610089436400e-01	   3.8821390263670974e-01	   2.6778984358218461e-01	   1.5278067169780823e-01	   2.2646489179390517e-01	   1.2035245694139032e-01	   1.4356546021836467e-01	   8.8163076165643825e-02	   1.6127938818375532e-02	   3.0638376696472347e-01	   3.4122004877144552e-01	   2.0394148729091538e-01	   1.5698504603528057e-01	   5.2452906008248723e-01	   3.9353501837849836e-01	   3.4898856501489395e-01	   3.8648771119655440e-01	   4.4219239522148185e-01	   5.2990875751848487e-01	   2.3978343116662881e-01	  -2.3682870715318102e-02	   4.3878357683765085e-01	   3.3033292823115407e-01	   3.5157462125005789e-01	   3.1084829924204316e-01	   2.9028699370632260e-01	   5.9805686766366140e-01	   3.1062378040716709e-01	   3.3054830712795513e-01	   1.0871613903158462e-02	   7.5376317647800950e-02	   7.6457100963192609e-02	   7.8729560853290914e-02	  -3.0869073895089895e-02	   2.4326630234676491e-01	   3.0391311822249756e-01	   4.0752338940967836e-01	   3.7263729205176166e-01	   2.2966972460343937e-01	   1.8765442606899604e-01	   7.9596534877903427e-02	
   5.2886196477143055e-01	   4.0131237241970812e-02	   4.5723386088480134e-01	   5.1762163929496707e-01	   4.2773772639827029e-01	   8.0501184816337568e-01	   6.0180885203921097e-01	   6.8039929088433704e-01	   7.2657674632839964e-01	   0.0000000000000000e+00	   7.4915072948761052e-01	   5.2364057357986682e-01	   7.4451601430183389e-01	   7.0377138427074160e-01	   7.2995296400636112e-01	   6.2556938841991871e-01	  -2.8867035489864822e-02	  -1.6476076198439837e-01	   2.8570365383026813e-01	   2.9927935709556819e-01	   1.7366548814416843e-01	   2.9795586967535975e-01	   6.6334213008281928e-01	   6.3047076950391479e-01	   5.8213972729185465e-02	   2.2500857665579577e-01	   1.0110413332085361e-01	   3.8611065896824714e-01	   2.4731498176168779e-01	   8.9696074399470069e-02	   1.4099516491611908e-01	   1.5435008120045368e-01	   3.1324807906767227e-01	   4.1645382121161373e-01	   3.1585660484040344e-02	  -4.9794479997637749e-03	   9.9481376154206352e-02	   2.5051804894297702e-01	   1.5161755700034957e-01	   2.0572754493478798e-01	   2.6032501914874231e-02	  -2.2747845310505284e-02	   2.8920661364821920e-01	   3.2016114144600560e-01	   2.3347557891596135e-01	   1.7553593665232553e-01	   2.7259424693614664e-01	   3.2323381849083804e-01	   3.0842192489075476e-01	   1.2107991921860983e-01	   3.8167323285844301e-01	   1.8066374861148346e-01	   3.8080949240960271e-01	   1.5053398946720278e-01	   3.7151069404539028e-01	   3.4832129284196006e-01	  -6.7688535491632007e-02	  -2.5504235145477686e-02	   4.0761761660869084e-01	   2.9455771214776155e-01	   6.0102826187862823e-01	   6.7969947821933308e-01	   8.7901924861492842e-02	   5.5584539381262704e-02	   4.0798763001464666e-01	   5.5527611895565721e-01	   3.7656491963150690e-01	   3.3827971945141921e-01	   2.5962028527941844e-01	   4.1055756526935749e-01	   4.6415312655620761e-01	   4.1707380679042311e-01	   3.2042728362981143e-01	   3.1888761580011499e-01	   2.2200917811727855e-01	   2.7651835191102636e-01	   3.1532494935914646e-01	   2.3762281665008544e-01	   4.6511480255051765e-02	   8.1366264750297873e-02	  -2.3837953606905434e-02	   1.6226651974714895e-01	   1.9936352857024148e-01	   7.0387839728973580e-03	   4.2582652335224869e-01	   5.9953194640752017e-01	   1.8341138347675653e-01	   1.6446047722272403e-01	   5.0161443675992379e-01	   4.4495647528081717e-01	   4.2755806035098798e-01	   3.7592124434487534e-01	   5.3304149526787725e-01	   3.1172699149794397e-01	   1.0303651075567999e-01	  -5.9575101272821797e-03	   4.3590628871386938e-01	   3.1489772193032090e-01	   1.7428250035907791e-01	   2.4521367896511512e-01	   2.9531461164641742e-01	   3.5413953614006188e-01	   2.4609975109606896e-01	   4.1678080836883719e-01	   2.9786110753759157e-02	   1.5276637915882252e-01	   1.0716936246230771e-03	  -1.0458731446764771e-01	   2.3001573891776129e-02	   1.6480973284614145e-01	   3.9183581331590456e-01	   3.7187750332860725e-01	   3.3140012421002396e-01	   2.4424390403392610e-01	   1.2426565798622451e-01	  -1.6197583063667187e-01	
   7.4949860383393441e-01	   2.5238581065454146e-01	   4.3769468122207389e-01	   3.9707813601033692e-01	   3.9353354234115939e-01	   5.5584249148263587e-01	   5.0638427475295500e-01	   4.9666137549901079e-01	   6.9735457553508406e-01	   7.4915072948761052e-01	   0.0000000000000000e+00	   6.8477639520745059e-01	   9.1253624807545519e-01	   7.0448694353247265e-01	   7.5311857241608426e-01	   5.7869902729398359e-01	   2.3079149788494141e-01	   3.7625052255539582e-02	   2.9917199686756191e-01	   1.5305874756916069e-01	   2.0305856407379450e-01	   2.7459428500354599e-01	   5.7380205231059200e-01	   4.8505616163266918e-01	  -3.6495436807268009e-02	   9.8212309562737382e-02	   1.8188915241592191e-01	   4.0422575444754716e-01	   5.4688472152602774e-01	   3.2192849236225407e-01	   1.6985442514011417e-01	   1.8119615539552814e-01	   2.1397242401631139e-01	   2.0922335754244115e-01	  -1.6506506637768514e-01	  -3.1978448772242629e-01	   3.4240821472263139e-01	   3.4896567244975912e-01	   3.1683553232572487e-01	   3.1610552002525816e-01	   2.5388283980159049e-01	   1.3380608732369226e-01	   2.2910145682898475e-01	   3.0511100045156447e-01	   6.9089696741679446e-02	   2.3435835137081432e-02	   2.9596202004490318e-01	   3.3846911860853024e-01	   2.4903224507729280e-01	   1.0515751836049006e-01	   4.2656562236035034e-01	   1.7279432229084823e-01	   4.1364531200591459e-01	   1.5036130878608106e-01	   3.8682643018578899e-01	   3.6657708965366737e-01	   1.4417353407116251e-01	   2.2993425211035989e-01	   4.5199616094814044e-01	   3.0872818383300804e-01	   7.4653039770081620e-01	   5.3218854211326072e-01	   3.3622436058942795e-01	   2.0191003660711876e-01	   3.2811379553506298e-01	   3.2664347977097863e-01	   5.0106414842182700e-02	  -4.2977283058908189e-02	   5.3845003662413481e-02	   2.0286964688636283e-01	   4.8033497406319392e-01	   3.3442364466832047e-01	   5.5694357090193269e-01	   4.4463258744682232e-01	   3.9465273751805219e-01	   4.4326902130053836e-01	   5.5374284439512200e-01	   4.0752902857941825e-01	   9.0504948396041507e-02	   2.2285095418340517e-01	   1.0675883958072258e-01	   2.3974739395601583e-01	   3.4814255124154436e-01	   1.2473347298979476e-01	   4.9120644704969868e-01	   5.3860876534771540e-01	   2.5153686060770125e-01	   2.0498189336126943e-01	   6.3765058440248235e-01	   4.7126671382299135e-01	   1.5998074581701474e-01	   2.9691196078023852e-01	   2.4333380468253388e-01	   3.0331490627158736e-01	   9.7843692896346035e-02	   4.0474858460983436e-04	   4.2672149783025126e-01	   4.0960556621569494e-01	   2.1126166596690571e-01	   3.2178157639170984e-01	   1.6678973610081499e-01	   4.0100385141486627e-01	   2.1565237301738163e-02	   3.1330580085603399e-01	   6.0425292591833324e-02	   2.2398897560994474e-01	   1.2832181631654932e-01	   3.8185773938921107e-02	   2.2744415110064527e-03	   1.9177115669658515e-01	   2.8354694891970450e-01	   3.1073888815372563e-01	   3.5376194583630116e-01	   2.6756166634604328e-01	   1.6186875628987846e-01	  -3.9024420419999151e-02	
   5.5037102190399811e-01	   3.1829445385514965e-01	   4.5151772016058453e-02	   2.6490440501890805e-01	  -6.0867016467783183e-03	   4.6172415080156648e-01	   1.0025639793580252e-01	   4.3296849063171960e-01	   3.3185839413938784e-01	   5.2364057357986682e-01	   6.8477639520745059e-01	   0.0000000000000000e+00	   5.6312786858607411e-01	   8.0345118401224780e-01	   5.1546262347797800e-01	   5.5616038657596434e-01	   1.8991237818492285e-01	   7.1134321729072497e-02	   1.3937510466208214e-01	   1.4055583174656500e-01	   1.2384092708109748e-01	   2.5656411584216660e-01	   2.3461100944672511e-01	   3.1021160639971723e-01	  -1.2086779760952576e-01	   8.7078364934523051e-03	  -4.7766675597466016e-02	   2.5023158854608718e-01	   5.0214755441323844e-01	   4.0378342141866164e-01	   1.9025124395951210e-01	   2.3680802918739807e-01	   9.4582976982383229e-02	   2.8622414287178471e-01	  -3.4785573171837836e-01	  -3.5914119254951948e-01	   2.8675238493935218e-01	   3.4438140649147564e-01	   2.3377495443381535e-01	   4.7255793381868394e-01	   2.9390668620105392e-01	   1.4295547491750199e-01	   1.1085956248032341e-01	   2.1369120068144848e-01	   2.8212948506776189e-02	   9.3240732414246491e-02	   3.5275917700410253e-01	   3.5374497205440236e-01	   3.2571051392072414e-01	   2.1673544711506998e-01	   5.6704836210487530e-01	   3.8561861045923007e-01	   5.5060149647997203e-01	   2.6371956183461998e-01	   4.8016295555947175e-01	   5.2124295436415335e-01	   2.7363135474789343e-02	   3.5330514642851796e-01	   3.8998833089432816e-01	   5.1713444984790002e-01	   5.2412188468124987e-01	   5.6780797999927191e-01	   4.0617864199021658e-01	   4.5411759757909914e-01	  -1.4362149148927974e-02	   1.6577218927868861e-01	  -1.7245095529774096e-01	  -1.4620827334428644e-02	   5.9852152291026996e-04	   2.6054876288486295e-01	   2.6041985258718259e-01	   1.6954192909070132e-01	   3.1328607594876817e-01	   2.3918146186678615e-01	   6.8001233222371671e-02	   2.5289142299178269e-01	   3.0857722947115512e-01	   3.6570320135435352e-01	   3.6619989235933514e-02	   1.2469174327259279e-01	   1.8467093193518225e-01	   2.2814703482674067e-01	   2.7216374770626817e-01	   4.6794364790827284e-02	   1.3888005783090165e-01	   4.2822250349946733e-01	   4.4683111069966648e-02	   8.7687772393290647e-02	   3.4116443696471099e-01	   5.8558131982688133e-01	   2.3017035056562823e-01	   1.6553780495179843e-01	   1.0601791429121407e-01	  -1.6150183872604762e-01	  -1.5998218917329823e-01	  -2.9932266047548985e-02	   2.9074641122555733e-01	   3.8987397329182144e-01	   3.1469525609157478e-01	   3.5996390030232128e-01	   2.3146535239581284e-01	  -8.4608048530231197e-02	   1.0018285158738352e-01	   1.7693542732903003e-01	   2.0859197992548338e-02	   7.7754010549507785e-02	   1.3669089145511215e-01	   1.7801338573357389e-01	  -1.4066346891757237e-01	  -6.4748798977111013e-02	   1.3501556164259787e-01	   2.1017043745508629e-01	   1.9421720704160889e-01	   1.5295116663577518e-01	   5.1182202477594648e-04	  -1.3614462670441932e-01	
   7.2400275754292065e-01	   1.9401033160597225e-01	   4.8804893287761891e-01	   4.1953194256449133e-01	   5.1285363673806439e-01	   5.6753454287504335e-01	   5.3434560317089219e-01	   5.0259074823949113e-01	   7.4410791143269028e-01	   7.4451601430183389e-01	   9.1253624807545519e-01	   5.6312786858607411e-01	   0.0000000000000000e+00	   7.1490615698052695e-01	   7.5034663434639870e-01	   6.0219549062215982e-01	   1.6106759405429213e-01	  -4.1343267708517914e-02	   2.8164539235846953e-01	   1.6572358893629946e-01	   3.0685365681871324e-01	   3.5244651300514990e-01	   6.0434546630790453e-01	   5.6716521082559335e-01	   5.4929337467789441e-02	   1.9488006050506734e-01	   2.5625145704983598e-01	   4.1156676749980192e-01	   4.8674474249775079e-01	   2.9305295455230773e-01	   1.8639972198097721e-01	   1.8937324998937083e-01	   2.4653738413796644e-01	   2.5993587759723102e-01	  -2.6068944915260905e-02	  -1.7324921302694382e-01	   3.8455874203443985e-01	   3.9617954755316975e-01	   3.6902246607152261e-01	   3.0722476463034709e-01	   2.8119419989687466e-01	   1.9203092884120085e-01	   2.7388668015849027e-01	   3.3719720289930610e-01	   1.7355433893182148e-01	   1.2210363065157458e-01	   3.0339077047762242e-01	   3.3988662117503510e-01	   2.5324466242987964e-01	   8.4666539784283901e-02	   3.6311755207023422e-01	   1.1388188985920072e-01	   3.9455551277127354e-01	   1.7430003863788707e-01	   3.9355679383812836e-01	   3.8041842893928890e-01	   8.0893179104615950e-02	   9.5597784817552017e-02	   3.7314164482466372e-01	   1.8958572687327047e-01	   6.6698395070522443e-01	   4.8647643841317234e-01	   3.0332799564514612e-01	   1.4605133181518548e-01	   3.2035408523123654e-01	   3.6958790890696747e-01	   1.3330441849147204e-01	   3.1289413259855688e-02	   1.2137788225729949e-01	   1.5039764274272868e-01	   5.5282472028077101e-01	   3.7172545063306695e-01	   5.7174369490670884e-01	   4.7743543204662614e-01	   4.1786807124601905e-01	   4.5254771342272243e-01	   4.2285045307252056e-01	   3.3158409465155780e-01	   4.9794140420608535e-02	   2.2068785786634434e-01	   1.3535925432977897e-01	   2.7562158628057698e-01	   3.8986868213905301e-01	   2.0023631274489648e-01	   4.7983072834808493e-01	   5.5839363061276215e-01	   2.9053558320274159e-01	   2.5820399727811827e-01	   6.3074490253757454e-01	   4.7215194776184088e-01	   1.6338154860027498e-01	   2.7242816972508477e-01	   2.6592430230001740e-01	   3.3030698826208726e-01	   1.7047560730788372e-01	  -1.3239607527452724e-02	   4.8353150688504931e-01	   4.1105612372914480e-01	   1.9028254686012827e-01	   2.6589912272964333e-01	   1.5647698389860648e-01	   4.5425818544305263e-01	   9.1111763366850756e-02	   3.4121414924861820e-01	   1.0011990911353441e-01	   1.8693572897043581e-01	   1.3695324208889567e-01	   9.7570891933083853e-02	  -9.3195955070403236e-02	   2.3074449946342385e-01	   3.3358116311918395e-01	   3.3561583063561606e-01	   3.5339032523983099e-01	   2.9106467489323068e-01	   2.5635766548662831e-01	   4.4290502324364739e-02	
