   0.0000000000000000e+00	   8.3467697193029633e-01	   4.7290680438347360e-01	   5.0195001048372589e-01	   2.9629607326211826e-01	   3.6761786622589648e-01	   4.3039287200978121e-01	   3.8057075286296704e-01	   4.5230459671227397e-01	   3.3109473626278019e-01	   7.0266252339083257e-01	   6.9165508698067601e-01	   6.6617622651080366e-01	   6.5754935593688557e-01	   7.4373887061562138e-01	   6.3832246870658804e-01	   4.3595655871526295e-01	   3.7030902465296023e-01	   6.1902269018622513e-01	   6.9598139191579200e-01	   3.7883887667409261e-01	   4.3427383215364279e-01	   3.8327575580262246e-01	   3.4194934750434980e-01	   2.2218187102339471e-01	   1.7887445519107381e-01	   1.9810385709453887e-01	   2.3345539613851929e-01	   5.2738515657752272e-01	   5.4565584982595827e-01	   3.1363430422663696e-01	   4.0892430590680295e-01	   4.9031239530407134e-01	   4.5299596349334081e-01	  -4.3534198798298077e-02	  -1.9133034076896371e-01	   2.6125500998087980e-01	   6.1543267530220727e-02	   5.3057218137079587e-01	   4.2947229154247407e-01	   5.4269119542105582e-01	   4.4896676012749448e-01	   3.2658684258052934e-01	   2.8504715464206287e-01	   1.0337049298890191e-02	   9.1567409523633764e-02	   5.0133944951051368e-01	   4.3406936139651126e-01	   5.8149155391552276e-01	   5.9440271354240215e-01	   7.7671898160921460e-01	   6.8247602645707883e-01	   6.6690383649446150e-01	   4.3514934202362288e-01	   7.5246663447605489e-01	   7.5893035561239119e-01	   7.6451998617979045e-01	   7.6692833363423030e-01	   7.7307842617981848e-01	   6.4390862639472379e-01	   8.0634617146054310e-01	   3.6604936205757393e-01	   6.9606144093673883e-01	   5.6577988924834466e-01	   1.3527515040022053e-01	   9.1340949832732596e-02	   3.3581586967212707e-01	   2.4558390226092097e-01	   6.3949354900945365e-01	   6.7527358198202525e-01	   1.2388540592045975e-01	   1.8383920444659672e-02	   5.4802680411780158e-01	   4.2353338831909393e-01	   3.9160131050839353e-01	   2.4767938914945192e-01	   7.5042208041077751e-02	   1.6100920324930187e-01	   2.7930311255264451e-01	   4.9771416887161113e-01	   5.3060055182500587e-01	   6.3618010584358076e-01	   5.4964190875633157e-01	   5.1736030508974518e-01	   4.3993636269173708e-01	   6.0432176809737614e-01	   3.2311161806658700e-01	   3.1236175915882752e-01	   5.4535776016360404e-01	   5.4351748404897493e-01	   3.7429275844933285e-01	   3.4893796982026004e-01	   2.7169717199706034e-01	   3.7011483023453290e-01	   4.3115513604881062e-01	   3.6278282048950178e-01	   5.9025502128690210e-01	   6.4198111459395402e-01	   6.1628274349215495e-01	   6.2754006042874311e-01	   2.9318380827955459e-01	   3.1874610337756282e-01	   3.4312761718845719e-01	   4.3945082727172147e-01	   2.2244285373956341e-01	   3.7357467566402636e-01	   4.8017030998505789e-01	   5.3944730372873717e-01	   1.2505782033960980e-01	   1.0555371316260416e-01	   3.7610334336913082e-01	   5.4717885154728707e-01	   5.6910872584215044e-01	   6.0671382130109430e-01	   5.0560766900900211e-01	   2.5075608323907733e-01	
   8.3467697193029633e-01	   0.0000000000000000e+00	   4.2160288379959932e-01	   5.1523067984287341e-01	   3.8987960767780072e-01	   3.7675216246065646e-01	   3.7600024247213626e-01	   3.5631091202000265e-01	   5.3947384665439291e-01	   2.9298097983938931e-01	   4.8389921555424020e-01	   5.9206494488147254e-01	   4.1418238559383613e-01	   5.0196995028942060e-01	   5.8615900525047659e-01	   5.1719602950232790e-01	   3.3142608037683896e-01	   3.4382002597396505e-01	   5.1380890882992447e-01	   6.8750380725109295e-01	   3.6599770812452093e-01	   4.5165988118808670e-01	   2.8301795456975976e-01	   2.9546851612364711e-01	   2.0202751589424378e-01	   1.6532039680350716e-01	   2.5907443966722998e-01	   2.9467421232805774e-01	   3.8049171833615625e-01	   4.0551886291231770e-01	   2.1405740621804403e-01	   2.3845562779741269e-01	   4.6039863976231743e-01	   4.2466818714726290e-01	  -2.4847130654870292e-02	  -1.6464318580331513e-01	   1.7640459011120041e-01	   6.2795354548282584e-02	   5.0192058929964645e-01	   4.6893757419238657e-01	   4.5323839727819870e-01	   5.2521078424102940e-01	   2.6711216130006976e-01	   2.4298289664045336e-01	  -6.2684094313495586e-02	  -1.4762780547454907e-02	   4.5761599409812614e-01	   4.3405398285839025e-01	   4.1714632462828483e-01	   4.4240520131189015e-01	   7.0761529877318718e-01	   6.3638042526740213e-01	   6.9716856625448043e-01	   5.7749708613207740e-01	   6.7498420528580938e-01	   6.9062475884125729e-01	   8.3403697463205417e-01	   8.4947234726235887e-01	   6.6098030503100802e-01	   5.6270041189009223e-01	   7.2582351355664443e-01	   3.1165808195718991e-01	   5.8905361302570580e-01	   4.6416603860280592e-01	   1.2145930250655529e-01	   1.2193181373221504e-01	   2.8196837953744003e-01	   2.0991442820455983e-01	   7.5386992744692982e-01	   7.6467880379303255e-01	   1.6330274274136453e-01	  -1.0564845977129715e-01	   4.4728772118370008e-01	   3.5164900287612688e-01	   2.9156407717760818e-01	   1.1833618701368523e-01	  -3.5602787901731679e-02	   8.1325726349844363e-02	   1.5719925067891038e-01	   3.5339230300898294e-01	   5.4068085830627843e-01	   6.7229619421517117e-01	   4.6613833471873106e-01	   4.6867111571246306e-01	   3.4429288857196227e-01	   5.7031845786227031e-01	   3.5767394653369122e-01	   3.6557397065325925e-01	   5.2363416411930341e-01	   5.4408901548314659e-01	   3.2168048198891297e-01	   3.5634546940170025e-01	   1.8398715124794565e-01	   2.5274602543244085e-01	   3.8805986233761935e-01	   3.4919426814966487e-01	   5.2444142977999086e-01	   5.6602607345156275e-01	   5.7475323600762207e-01	   5.8195491871028870e-01	   2.3640257214285071e-01	   1.4561833035305524e-01	   4.6248701647078427e-01	   3.9688646168753794e-01	   2.5901221777335021e-01	   3.1683436381981689e-01	   4.1906138964142348e-01	   4.9088252716945369e-01	   1.1578730231863218e-01	   6.4301705842215243e-02	   3.1188780967583646e-01	   5.2079798605238703e-01	   4.4993590903011271e-01	   5.0571646950504934e-01	   3.5539156380273407e-01	   3.0081442025449423e-01	
   4.7290680438347360e-01	   4.2160288379959932e-01	   0.0000000000000000e+00	   7.8973169286456080e-01	   7.1403715441593973e-01	   5.1191086221613336e-01	   8.7186411387242491e-01	   6.1450143663475609e-01	   6.8606867538181615e-01	   5.4943158311810469e-01	   4.4744749728094801e-01	   3.7992495573857665e-01	   5.6063905010192705e-01	   5.6105946181655642e-01	   6.2148431751004329e-01	   5.8592729294715185e-01	  -7.4783803722366380e-03	   2.3909714043793554e-02	   5.1975513384065919e-01	   5.3128582101645028e-01	   4.7151378653117337e-01	   3.7946791745284181e-01	   8.5338098730385425e-01	   7.2542819272922410e-01	   6.2883829798482960e-01	   5.8760536325467794e-01	   5.0271217506155308e-01	   4.5107872537006044e-01	   1.6086101116284990e-01	   1.9723755888520350e-01	   5.4237042201781427e-01	   4.2276683772146950e-01	   4.4642062383586023e-01	   4.0249165895390837e-01	   5.2125477179383006e-01	   3.3895941655535039e-01	   3.3073890141830725e-01	   2.4409527651568655e-01	   6.0108719491521045e-01	   4.6514418545062342e-01	   4.6472232148089310e-01	   3.9349707638572728e-01	   4.9774398768303474e-01	   3.4516134233895529e-01	   2.6168067880977852e-01	   3.3613448105620891e-01	   4.7352965921787404e-01	   5.1688263620235253e-01	   5.2707104190155407e-01	   4.3979698476919810e-01	   6.6556565969251213e-01	   5.6431484434258672e-01	   5.5783163094458588e-01	   5.6094630713440718e-01	   4.8587194338466000e-01	   5.9962430368950381e-01	   3.4322179554800764e-01	   3.9805093429238703e-01	   6.4798910349504524e-01	   4.8920248446673542e-01	   5.0143208476683265e-01	   3.7974094722378332e-01	   1.8652842474747014e-01	   1.9319569215648305e-01	   5.0059299213006647e-01	   4.7775764030338785e-01	   6.8455400998893445e-01	   5.8772329518487876e-01	   3.6183175750442648e-01	   5.1449384817855437e-01	   1.1266098493383600e-01	  -1.2316271554400559e-02	   3.6718276556433060e-01	   1.6138493222634126e-01	   3.0708589003952702e-01	   1.0605213756785736e-01	   2.6961762440083865e-02	   1.1832457197565938e-01	  -9.0919803844649420e-03	   4.6927330610146201e-02	   2.3668712985370405e-01	   4.2291346553967402e-01	   5.4356079832507143e-01	   4.7607434838361229e-01	   6.6339714250675808e-01	   6.5285690172750011e-01	   6.1225551152527791e-01	   4.4457905531493302e-01	   7.0403443276586875e-01	   7.1661634504315264e-01	   5.9198497789711091e-01	   6.9954165659052958e-01	   5.4634196146803460e-01	   7.8794370394101643e-01	   3.0961288383344365e-01	   3.3068353551055413e-01	   2.9430959527065714e-01	   4.4140019278085996e-01	   4.6360775807956511e-01	   5.1476334807901591e-01	   3.4707322629439302e-01	   7.1385133908915133e-01	   4.2601865206637068e-01	   6.0613545848406081e-01	   3.1281787319319365e-01	   4.6164166216546820e-01	   4.9903142277666718e-01	   5.7469940969805489e-01	   1.5778222867562131e-01	  -3.7460615764689974e-02	   2.6360635682574801e-01	   4.6047358748848854e-01	   3.2974393052005235e-01	   4.5758306266776305e-01	   2.4895184562180087e-01	  -8.6332072642666249e-02	
   5.0195001048372589e-01	   5.1523067984287341e-01	   7.8973169286456080e-01	   0.0000000000000000e+00	   6.6312987591906247e-01	   6.4350600839984740e-01	   7.3310379551467508e-01	   7.9071586779019110e-01	   6.7184758552461132e-01	   6.0661312903726283e-01	   5.3751415972704986e-01	   6.8081378653019220e-01	   5.6138339668446835e-01	   7.7470611517471943e-01	   7.3372274160794038e-01	   7.6757487409195702e-01	   2.0027818339825909e-01	   1.3279307006421953e-01	   6.1971193365758293e-01	   7.1658820424196124e-01	   4.0209826821365746e-01	   3.2004056020637156e-01	   6.6493655990337153e-01	   7.6099406947939707e-01	   5.7540381028275578e-01	   5.0568290895509671e-01	   5.3993935197211251e-01	   5.4936730776811460e-01	   2.0802179918265087e-01	   3.3115510893676048e-01	   4.1250957781749537e-01	   4.2289111554302578e-01	   5.0528521638555568e-01	   5.0846125674659470e-01	   4.0808360284744299e-01	   3.1291343283534057e-01	   3.0773004300742562e-01	   3.0372133449900734e-01	   5.6278107012408207e-01	   5.6687581664192899e-01	   4.9461572662247899e-01	   4.4221171242904256e-01	   5.3698750662297201e-01	   4.2826635340780916e-01	   2.5747646323042117e-01	   3.5523240914938409e-01	   5.8431208604009532e-01	   5.5231977566259161e-01	   5.1540350587289208e-01	   4.9410712465168732e-01	   6.2842941283956844e-01	   6.2819538341666525e-01	   5.6166631371335618e-01	   5.7613943294077852e-01	   6.3265913911936877e-01	   6.8025335272564769e-01	   3.5785191495557805e-01	   4.8118014811296461e-01	   5.7979671186132620e-01	   5.8712380902194472e-01	   5.9406594431085646e-01	   5.6829855402508600e-01	   3.1723146142971237e-01	   5.0293176577879173e-01	   3.7779060884958349e-01	   4.7354945073420729e-01	   7.0214155328063776e-01	   7.1775262518935201e-01	   3.7475414912766947e-01	   6.4536346436723901e-01	  -1.9029692344431197e-03	   3.3592016579163213e-02	   4.3649893908505411e-01	   3.4388489111795739e-01	   3.4421799219559629e-01	   3.1577008470902446e-01	   6.8275989191520142e-02	   1.7740801924659291e-01	   1.1914861593058221e-01	   2.1359625962465062e-01	   3.4748113997412533e-01	   5.2072570235927917e-01	   5.6305728519413578e-01	   5.5645634965510493e-01	   5.9391346497068165e-01	   6.8942891724136202e-01	   5.9752239739583368e-01	   5.2676395011951971e-01	   6.9688632662645067e-01	   7.5984944607827998e-01	   7.3965915539851812e-01	   6.3835608937975019e-01	   6.2075925783351393e-01	   6.5576736029380633e-01	   3.3524047623675202e-01	   2.4576126778651480e-01	   4.4144082823709974e-01	   5.0648093604152222e-01	   6.2642103066129384e-01	   6.6348764646977298e-01	   5.3189323480702755e-01	   6.2615467943589165e-01	   5.9029051666296417e-01	   7.2108523311310402e-01	   2.5109872590657345e-01	   4.4137629359697511e-01	   6.7292056778727549e-01	   6.7511771957402034e-01	   1.6465895813834114e-01	   8.6071502376064160e-02	   3.3119073070518557e-01	   5.8652066902813194e-01	   4.4427811009435414e-01	   5.4435786602239911e-01	   1.6503013240054104e-01	  -1.2642141816822108e-01	
   2.9629607326211826e-01	   3.8987960767780072e-01	   7.1403715441593973e-01	   6.6312987591906247e-01	   0.0000000000000000e+00	   4.5062624633294818e-01	   6.7489650897089803e-01	   5.4351104024093011e-01	   7.7953004537029968e-01	   4.8131661911440526e-01	   2.4223240753212300e-01	   3.6314273657367419e-01	   3.0277942850931050e-01	   3.7391709539003076e-01	   4.4705669049880320e-01	   4.5621363450781915e-01	   9.4587046904215707e-03	   2.5051913834433240e-02	   3.1848108537448128e-01	   4.1105702531836091e-01	   5.8940593630060711e-01	   3.9466616059745008e-01	   5.8166709125762417e-01	   5.5903058371756342e-01	   6.4631736562268127e-01	   6.0628184921844253e-01	   7.5778046025579693e-01	   7.1271747546430408e-01	  -1.3139499322200879e-02	   1.0607793006025278e-01	   3.6102030515292216e-01	   1.6930229347070930e-01	   2.0305879357767972e-01	   1.8232934098473566e-01	   3.9683799860181806e-01	   2.8026036073306582e-01	   3.2505541630332346e-01	   1.3054402066525853e-01	   5.0090732029347340e-01	   5.3171909698561670e-01	   3.5144956937182809e-01	   3.8504320532350628e-01	   4.2278162940050706e-01	   3.1941720961933118e-01	   2.8584229604551969e-01	   2.9684802321224857e-01	   4.9581660909937697e-01	   5.0118521271607885e-01	   3.9319047096107307e-01	   3.3668834799147473e-01	   5.9401172916427747e-01	   4.4168508136476398e-01	   4.8731484833421579e-01	   6.0924789698553750e-01	   4.4807795926814176e-01	   5.1311170776574655e-01	   3.3398070197185731e-01	   4.5517492758145656e-01	   5.4264595529296611e-01	   4.4016273224872182e-01	   4.2117982188713776e-01	   4.8765616740816353e-01	   1.3311712758496691e-01	   1.9644797413195020e-01	   4.0503155026187110e-01	   4.7005179081617060e-01	   5.9667745519341919e-01	   5.0503548891015082e-01	   3.3387957752939040e-01	   4.9328849574080652e-01	   1.5270513350657203e-01	   6.0554371405279778e-02	   3.0376377484744077e-01	   1.5493059623811378e-01	   2.5473403784432935e-01	   6.1545603726536433e-02	  -1.7334154166655821e-01	  -1.8050819940958820e-02	  -2.4134192473576559e-02	  -6.3867504029098077e-02	   2.4850085749807332e-01	   3.7939574302584295e-01	   4.3366053952815653e-01	   4.4312613269506529e-01	   5.2221674051938538e-01	   6.0307616417345011e-01	   7.5791221456347846e-01	   6.4006629101341317e-01	   6.0547197251960871e-01	   7.2486515150933106e-01	   5.4853073955172271e-01	   5.4050236605315594e-01	   3.9181148546826050e-01	   5.4069448297095368e-01	   8.9609995182496210e-02	   1.8398683777027405e-01	   2.0793455636951080e-01	   3.1338558533358962e-01	   4.1361115538644966e-01	   4.9652670844004770e-01	   3.2543043807839056e-01	   4.7733205256443961e-01	   4.5593918296080738e-01	   4.8965955300790109e-01	   1.6664437856811568e-01	   1.9512010312754702e-01	   4.5356194618975643e-01	   4.0651043692735550e-01	  -5.2253082534956585e-02	  -2.2141804229189704e-01	   1.2446085204849443e-01	   3.6756236233578532e-01	   1.7059513871981119e-01	   3.5562515469873768e-01	  -3.3110286686435543e-02	  -1.8808374433784636e-01	
   3.6761786622589648e-01	   3.7675216246065646e-01	   5.1191086221613336e-01	   6.4350600839984740e-01	   4.5062624633294818e-01	   0.0000000000000000e+00	   5.9836324678438702e-01	   7.9092297530111555e-01	   6.0583441102205293e-01	   7.2492655659000182e-01	   4.0821650103211782e-01	   6.4571164519141533e-01	   4.3104642761498624e-01	   6.2834448846495006e-01	   6.2828968872688029e-01	   6.3959322986646494e-01	   1.0963588299185936e-01	  -2.9460624418722083e-02	   5.2755156432097872e-01	   5.8903391878662448e-01	   1.0767238041069369e-01	   7.2532993927709011e-02	   4.2541937827653709e-01	   5.3081301963733152e-01	   2.5108396013854484e-01	   2.5448554153377456e-01	   3.1293614383301971e-01	   4.8082448349306373e-01	   2.2257996695950996e-01	   2.9029770721857084e-01	   2.8010365544300708e-01	   3.4096273192119547e-01	   3.1077523214915426e-01	   4.0593833942335811e-01	   1.3360679603740686e-01	   2.3854021035799788e-01	  -6.8096719662135499e-03	   1.5760731497168309e-01	   1.5889556688202933e-01	   2.8286206516060153e-01	   2.8993742984137744e-01	   3.0064402068000007e-01	   2.7003870278147613e-01	   2.7177540997569638e-01	   9.8927922039278873e-02	   2.0095199955446039e-01	   3.2618723554638496e-01	   4.6866424020178532e-01	   3.1277158707830288e-01	   4.7736083718251537e-01	   4.0753021897142083e-01	   5.2588489333107924e-01	   5.6147697926413864e-01	   6.9716388463176659e-01	   3.4766589207387855e-01	   5.1177527467710460e-01	   2.1657999017292071e-01	   2.3791241836846250e-01	   5.0916982084731599e-01	   5.8336350963867478e-01	   3.9151194395127453e-01	   5.6702405912030596e-01	   1.0769751315404516e-01	   3.5828135020932089e-01	  -1.0427591960896954e-02	   1.3282368015237145e-01	   3.5256458754221415e-01	   4.3257073527098033e-01	   2.7323849257948729e-01	   4.7307868458007407e-01	  -7.2951548205655165e-02	  -3.3082439073743690e-02	   3.6513310866544690e-01	   3.9320959032467007e-01	   2.2835941973596890e-01	   1.9962722497186564e-01	  -1.1985404663914853e-01	   6.7752965372480309e-02	  -1.0507374275974970e-02	   2.8465850498835599e-02	   2.1765469252602651e-01	   3.1027778876839690e-01	   4.8644226032074678e-01	   3.7181294550437982e-01	   1.5966057790203042e-01	   4.3315725406116456e-01	   1.5401749751511137e-01	   1.6429623702740764e-01	   4.0345701311660043e-01	   6.2767982189162252e-01	   7.5113032872115459e-01	   6.8950706503992543e-01	   6.1199121059588446e-01	   4.9755503336240092e-01	   2.1207698874712949e-01	   4.3238823234396664e-02	   1.6208966140419037e-01	   1.2971173802517119e-01	   4.1767305390307091e-01	   4.5917515669819514e-01	   5.8955128675944202e-01	   3.9069464016721311e-01	   4.4851713585913189e-01	   5.5577558746810563e-01	   6.1341435724789034e-02	   1.3254501090301213e-01	   5.0714276604577135e-01	   3.3089244229574549e-01	   1.4748049038635458e-01	   9.0347742545956747e-02	   7.7417418666092738e-02	   4.2873462999690126e-01	   2.8929418267074214e-01	   2.4916751983483110e-01	   5.2025965956306812e-02	   1.8202158747933083e-02	
   4.3039287200978121e-01	   3.7600024247213626e-01	   8.7186411387242491e-01	   7.3310379551467508e-01	   6.7489650897089803e-01	   5.9836324678438702e-01	   0.0000000000000000e+00	   7.2670848157541368e-01	   6.9363279003289646e-01	   6.0906103778569054e-01	   4.5918185641558956e-01	   3.8900504254518703e-01	   6.5035986858874817e-01	   6.0633681134397110e-01	   6.4382528339626055e-01	   5.6426230221504403e-01	  -3.7866139700824294e-02	  -6.8112013934450946e-02	   4.1240216717305139e-01	   4.4549400617036672e-01	   4.2100396255461381e-01	   2.6188863621763919e-01	   7.6298044567062639e-01	   7.6007194861134608e-01	   6.1039113698500502e-01	   5.6252048955288192e-01	   5.1112198273195952e-01	   4.7390120231147592e-01	   1.1118930499701522e-01	   1.3751595214274298e-01	   3.5439127297400630e-01	   3.0368345470486524e-01	   2.9858829712564561e-01	   2.6299892582712237e-01	   5.0182774624900917e-01	   3.7240920707939751e-01	   3.3694610078860732e-01	   2.5379761603617879e-01	   5.4015138806020080e-01	   4.7714844516146726e-01	   3.1093319685456527e-01	   3.2561814392372479e-01	   4.3102307000505263e-01	   2.8655149636503568e-01	   2.1416276102958218e-01	   3.2238183745005844e-01	   3.5933065999798131e-01	   4.8123758364078362e-01	   4.3855289934297809e-01	   3.9229552897941550e-01	   5.9831756475493481e-01	   5.1544042109642929e-01	   4.7763195968613337e-01	   5.7039740318539101e-01	   4.3970073571750334e-01	   5.4011693522284232e-01	   3.2042424155044730e-01	   3.3972785710911496e-01	   6.8418671712527701e-01	   4.9267744715027390e-01	   5.2766134287784594e-01	   4.4748463314271403e-01	   1.1206250704316451e-01	   1.3414737725310297e-01	   4.5876275945366285e-01	   5.0151665368061171e-01	   6.9016345745354934e-01	   5.9917524594773608e-01	   2.9321951556952042e-01	   3.9384666635009780e-01	  -1.8345267244767802e-02	  -7.5790601995280857e-02	   2.4792550150679923e-01	   1.0900059100399256e-01	   1.6638100482519685e-01	   2.7744627675499723e-02	  -8.7368971418612898e-02	   4.4282495397162513e-03	  -6.4089325745229062e-02	  -3.2820024503969612e-02	   2.5429343835347695e-01	   4.1646139555167161e-01	   4.6721881318027092e-01	   4.4281353087143938e-01	   5.7398434730698811e-01	   6.5510081214108895e-01	   5.2497949082211470e-01	   3.5821537050529162e-01	   7.0960891656697855e-01	   7.1703326549280022e-01	   6.8716575403811009e-01	   7.3105717943729065e-01	   6.4363527346258553e-01	   7.8563344104726862e-01	   3.0853511754300750e-01	   2.9199130730287520e-01	   2.7826186296622202e-01	   3.5900443340499971e-01	   4.0348899351200329e-01	   4.2099871856391546e-01	   4.1705572872571217e-01	   6.6474658453848123e-01	   4.2893974695310955e-01	   6.3840375097461188e-01	   2.7052859137505647e-01	   4.6811917556803190e-01	   4.9250828223107679e-01	   5.0476792311616037e-01	   1.0951875433747800e-01	  -4.8420582688777400e-02	   1.7369491069857856e-01	   4.1621236744333900e-01	   2.8191585708481154e-01	   3.8817388615989512e-01	   2.7813250290170632e-01	  -7.8019651216045011e-02	
   3.8057075286296704e-01	   3.5631091202000265e-01	   6.1450143663475609e-01	   7.9071586779019110e-01	   5.4351104024093011e-01	   7.9092297530111555e-01	   7.2670848157541368e-01	   0.0000000000000000e+00	   6.6795346229644370e-01	   7.2808008226308174e-01	   4.2734710226577521e-01	   6.5164584262184189e-01	   5.3689302605447298e-01	   6.9508800538395876e-01	   6.3575110629213183e-01	   6.6587545611241661e-01	   1.2681119351482611e-01	  -1.3961944318044907e-02	   4.8400828903592430e-01	   5.4190371991386677e-01	   2.6315453590020438e-01	   2.0499285597523742e-01	   5.4550974659073193e-01	   6.8159306091139804e-01	   4.4126199741279459e-01	   4.2171125060034170e-01	   4.6203463300971204e-01	   6.1987302702743796e-01	   1.5188983608593537e-01	   2.3213469644205492e-01	   3.2223493455945151e-01	   3.4737601724242967e-01	   3.6441753258664644e-01	   4.5672799082620635e-01	   3.1464271956017448e-01	   3.5709200755279585e-01	   3.0263100025202760e-01	   3.0799500952492331e-01	   3.8337581823591416e-01	   5.5082217147107337e-01	   3.0779211415171742e-01	   3.8516784032097712e-01	   3.9769497244681462e-01	   3.3726483442065402e-01	   2.0323436929505700e-01	   3.3031940538617832e-01	   4.1191557028885989e-01	   5.1964480783782130e-01	   4.1026959059768109e-01	   4.9381305128747000e-01	   5.0193748451120879e-01	   5.6838258027284749e-01	   4.9216564694214149e-01	   5.6883314837920662e-01	   4.9742226751930274e-01	   5.8854565898306310e-01	   2.8486390577102838e-01	   3.0212675150862273e-01	   5.8303028994568484e-01	   6.4830255915585799e-01	   5.4197255559671031e-01	   7.0691038482083224e-01	   1.4001801386241522e-01	   3.6582931811393327e-01	   2.6153565771809595e-01	   4.0491811644705000e-01	   5.7360303658933864e-01	   6.4066468745723504e-01	   1.8314382330203971e-01	   4.1378566152972701e-01	  -4.6823111028108322e-02	   5.5153162471218389e-02	   3.7039039444501726e-01	   3.1440104258340956e-01	   3.1637091861477817e-01	   2.4658453280021686e-01	   9.6571509148703424e-03	   4.1259517692211201e-02	   1.7003094568598637e-02	   4.3904001459384140e-02	   2.4458564032760916e-01	   3.4228715593676384e-01	   4.8470573480367474e-01	   4.4046292049102503e-01	   3.6279560249273607e-01	   6.2524669054208626e-01	   4.2701498431522644e-01	   3.4812972065515613e-01	   5.7750940900541459e-01	   7.1944444713429445e-01	   7.8827108956388725e-01	   6.0967949877373995e-01	   6.7502825246749332e-01	   5.3611548994761327e-01	   1.8499364342133237e-01	   1.5431167749122029e-01	   2.5610204207318682e-01	   3.1584095639345999e-01	   5.1774607395023897e-01	   4.9646751079355045e-01	   6.2760582125245978e-01	   4.9395264166893454e-01	   4.9307816734705473e-01	   6.1056231734986066e-01	   1.3071891960121187e-01	   2.9868042254042471e-01	   6.1829645850696058e-01	   5.2180567432973191e-01	   1.2513583176165280e-01	   7.2473844507879914e-02	   1.5639680268334191e-01	   4.2275232950560315e-01	   3.3887005001229309e-01	   3.6900419336011414e-01	   8.4770190789494340e-02	  -1.2429786719778209e-01	
   4.5230459671227397e-01	   5.3947384665439291e-01	   6.8606867538181615e-01	   6.7184758552461132e-01	   7.7953004537029968e-01	   6.0583441102205293e-01	   6.9363279003289646e-01	   6.6795346229644370e-01	   0.0000000000000000e+00	   6.4376787393052304e-01	   3.0337131782866711e-01	   4.2768950113197246e-01	   4.0396555355994851e-01	   4.4285763329867639e-01	   5.2130851300950531e-01	   4.4821703269360785e-01	  -1.4095400938465688e-02	   2.3713015031570445e-02	   3.4469268324944025e-01	   4.4643531653533586e-01	   4.1646682341790542e-01	   2.6016627386550323e-01	   5.4435154776802974e-01	   5.8278311955976092e-01	   5.0813495562310829e-01	   5.0791153992555360e-01	   5.9773095819215016e-01	   6.7108027698499850e-01	   2.7366974379452020e-03	   1.2302713857814312e-01	   1.8422203918567009e-01	   1.2877802147398434e-01	   1.8036623283466668e-01	   1.9947799298600363e-01	   2.7286362585253943e-01	   2.0463061991897455e-01	   2.2227166010783017e-01	   5.6337467314583188e-02	   4.1809024827190261e-01	   4.4877807752011328e-01	   2.1208775766930560e-01	   3.2081644485223026e-01	   3.5933145980091996e-01	   3.0900834130681715e-01	   8.3783649159970386e-02	   1.4565557239453744e-01	   5.0628361440367842e-01	   5.0971296223489404e-01	   3.4272624863448492e-01	   3.6887419829141682e-01	   6.2522990747750873e-01	   4.9025032117122136e-01	   6.4734739536880537e-01	   7.0397843059293752e-01	   4.9526319647524375e-01	   5.8821244766238157e-01	   4.3511150682338307e-01	   5.3562827589447015e-01	   6.5870335201794949e-01	   5.7745494750464588e-01	   5.4436472255392687e-01	   5.4019852518051237e-01	   1.8406472337358332e-01	   2.1526291024840982e-01	   3.2960713257285268e-01	   3.7459915942984789e-01	   4.8716155084015322e-01	   4.1412380403175370e-01	   4.7315267300758379e-01	   5.6065111411811974e-01	   7.7362125567813023e-02	   3.3198945421241688e-02	   2.4418742514788974e-01	   1.5020198625696179e-01	   1.7280441138668412e-01	  -2.2726943320763884e-02	  -2.5303116907891349e-01	  -1.1165321479473683e-01	  -3.7021461733676111e-02	   1.9853186039641132e-02	   2.1087131185277158e-01	   3.2864651820132246e-01	   3.5262137538082117e-01	   3.6749322796190376e-01	   4.4706103695742200e-01	   6.0351240096210024e-01	   5.1287797350578623e-01	   4.6977668985176757e-01	   6.6138996261908023e-01	   7.9660663485714578e-01	   6.4959604559520345e-01	   6.1413161152465234e-01	   4.9508164039464436e-01	   5.6402643748379844e-01	   2.7521967102403461e-01	   2.0725070874082460e-01	   2.7795425065103163e-01	   2.8926609163288053e-01	   4.7399101042776620e-01	   5.0729830936565190e-01	   3.6186425185293392e-01	   4.9771285450884650e-01	   4.3464843975247619e-01	   5.1914858401020414e-01	   2.1832372065014061e-01	   2.2741871283236259e-01	   5.2291990462949556e-01	   4.1074306766483881e-01	  -5.5108501687850574e-04	  -1.0238047806403561e-01	   1.6702113732237089e-01	   3.7893917177039599e-01	   2.5679327989942657e-01	   3.2701877199205098e-01	   9.7231115609372878e-02	  -2.3318380356169548e-02	
   3.3109473626278019e-01	   2.9298097983938931e-01	   5.4943158311810469e-01	   6.0661312903726283e-01	   4.8131661911440526e-01	   7.2492655659000182e-01	   6.0906103778569054e-01	   7.2808008226308174e-01	   6.4376787393052304e-01	   0.0000000000000000e+00	   3.3397369519844594e-01	   3.6893071878803319e-01	   4.2080528248417287e-01	   5.3129005739112967e-01	   4.6836096394292448e-01	   5.1350312217632488e-01	  -6.2020858561069432e-02	  -1.4579641955611455e-01	   2.4002918940086776e-01	   2.6955695761283466e-01	   4.3423601337512452e-01	   2.5667559536235796e-01	   6.1521516910528906e-01	   7.2457257801233288e-01	   5.8969262242610232e-01	   5.9015232895309300e-01	   5.9960989283788657e-01	   6.3350056106616726e-01	  -8.9303679559409835e-02	  -1.5436881488847812e-02	   1.4529786479289492e-01	   1.1596763488029532e-01	   5.0521477491811323e-02	   1.3659913705796103e-01	   3.4040880757059405e-01	   3.3841607573417726e-01	   3.2925580809786636e-01	   4.2981899165359216e-01	   3.6231705801613856e-01	   5.1116554178807205e-01	   2.0447186469566767e-01	   2.9645028658351424e-01	   2.7087992923294157e-01	   2.9820754887712375e-01	  -6.2570238247004759e-03	   1.0305292376409848e-01	   3.9077489724704584e-01	   4.4029911151664980e-01	   1.7853737076075987e-01	   2.7906468901163078e-01	   5.3558660248864731e-01	   5.5069496346845637e-01	   5.1291861807599159e-01	   6.1131039148155653e-01	   4.2880183565683644e-01	   5.1156056855567700e-01	   2.1168782248312942e-01	   2.9833873971464242e-01	   5.2330530394423536e-01	   6.1067252986532128e-01	   4.1604010977040445e-01	   6.1108713748673849e-01	  -5.4364263242275689e-02	   8.4352828754178003e-02	   3.7405651552746755e-01	   5.2292615400893983e-01	   4.9147280781808667e-01	   4.9017781474108379e-01	   3.1014731548834634e-01	   3.6467041788281374e-01	   1.2353288697420611e-01	   1.8927793148074334e-01	   3.1528421139890478e-01	   2.6780721200360491e-01	   2.2095246468398938e-01	   2.1837140591144025e-01	  -1.2824259264604757e-01	   7.6235403952122333e-02	  -1.0627034317125708e-01	   1.3783555051674820e-02	   6.6840616387217389e-02	   1.6978358505659191e-01	   2.7583245183286570e-01	   1.9896389886873120e-01	   4.1632000318197582e-01	   6.4126216875087350e-01	   3.3431544822903975e-01	   3.7196232816929581e-01	   6.3495096904767567e-01	   7.6510784645960406e-01	   7.0451520827807657e-01	   5.8726519044910130e-01	   6.8910349209750421e-01	   5.7323883237924256e-01	   3.1809619700892722e-01	   7.9590336232446185e-02	   3.1749363702055716e-01	   2.7872022657189038e-01	   2.8446238509025246e-01	   3.8716503060647328e-01	   3.4188332390727322e-01	   3.7389553561950445e-01	   3.6188535296246155e-01	   4.9282880081870306e-01	   1.0853275044655934e-01	   2.9889705475250500e-01	   3.5519758125313511e-01	   4.4592410943206012e-01	   2.1051613280529011e-01	   1.6944071668232508e-01	   1.9225210866720918e-01	   2.2679723588634376e-01	   2.4508378258867314e-01	   3.9850948956903276e-01	   1.7813639295502509e-01	  -1.7768213689245926e-01	
   7.0266252339083257e-01	   4.8389921555424020e-01	   4.4744749728094801e-01	   5.3751415972704986e-01	   2.4223240753212300e-01	   4.0821650103211782e-01	   4.5918185641558956e-01	   4.2734710226577521e-01	   3.0337131782866711e-01	   3.3397369519844594e-01	   0.0000000000000000e+00	   6.5372767598078785e-01	   8.4796065496370432e-01	   7.5109899809939806e-01	   8.0591759905328308e-01	   6.2473958620360082e-01	   3.5094705503560852e-01	   1.3300823673819456e-01	   6.9424097277905261e-01	   5.6262141315673664e-01	   2.9991738077192032e-01	   2.2223340516898571e-01	   4.2574158186109634e-01	   4.4724396811981831e-01	   2.3031467709451475e-01	   1.7019339971898761e-01	   2.0814341957080285e-01	   2.2587793534015232e-01	   3.6989246611978099e-01	   3.5815868308918086e-01	   2.7025475328386434e-01	   3.5557148847982700e-01	   4.2103369279721825e-01	   3.8381084566747958e-01	   8.4006343275356637e-02	  -4.6336544731270413e-02	   1.2977655965343626e-01	   1.1576006449297699e-01	   2.9857066640418883e-01	   3.0848583626094006e-01	   3.8909246699640504e-01	   3.2107536172048867e-01	   3.0019936983531509e-01	   1.6281617215488300e-01	   5.1631968503521496e-02	   4.6566037506674846e-02	   3.1828888109025444e-01	   2.0229757772166651e-01	   4.4547473104529162e-01	   3.8739923872392340e-01	   5.2794712644717690e-01	   3.8048495044176295e-01	   4.2016251633976609e-01	   2.4138939109529298e-01	   4.7666267348224062e-01	   5.2330961556101319e-01	   3.5816763323769496e-01	   4.5528001985188504e-01	   4.9667076106927666e-01	   4.5239191949825741e-01	   6.3934119941932654e-01	   4.0901647545825681e-01	   4.6817842793191433e-01	   5.0636189841969648e-01	   2.9443763172772885e-01	   1.5394927218052754e-01	   3.1831371754889781e-01	   2.6627698526846394e-01	   4.3311523886584991e-01	   5.8422310916518561e-01	  -1.6866437192225525e-02	   2.6628900057172860e-04	   3.6466247107782895e-01	   2.4067984324457062e-01	   2.8523909501277900e-01	   2.0008226470605900e-01	   1.5389499406519336e-01	   1.7162807812102723e-01	   2.7789018530358656e-01	   2.8669175453451162e-01	   3.0600270070216568e-01	   5.2289121880452960e-01	   5.2931983044112096e-01	   3.5874465435388936e-01	   6.1034950814428801e-01	   5.5886511933296679e-01	   3.9036801939100696e-01	   2.7057315799089865e-01	   5.6102111974670632e-01	   5.1350803548734736e-01	   4.7919159192989769e-01	   4.6889273108518126e-01	   3.9987834988899140e-01	   5.5107359160412128e-01	   2.4219995961211574e-01	   2.2788399311797025e-01	   3.2684871023722184e-01	   4.6306311063674033e-01	   3.9905536532943131e-01	   4.6348642169165233e-01	   2.9337124753452493e-01	   4.5698422973221603e-01	   2.7583982037128407e-01	   4.3788800136415684e-01	   1.1303336234358966e-01	   2.3355332427447906e-01	   4.8349099089879649e-01	   3.7508541261537054e-01	  -4.3905968495076921e-02	  -3.8062646456782423e-02	   3.4595789041412922e-01	   4.4625493182791842e-01	   4.8974140219796780e-01	   5.1922335324633051e-01	   3.7426757433190794e-01	   5.7505663781693347e-02	
   6.9165508698067601e-01	   5.9206494488147254e-01	   3.7992495573857665e-01	   6.8081378653019220e-01	   3.6314273657367419e-01	   6.4571164519141533e-01	   3.8900504254518703e-01	   6.5164584262184189e-01	   4.2768950113197246e-01	   3.6893071878803319e-01	   6.5372767598078785e-01	   0.0000000000000000e+00	   5.5429852542263780e-01	   8.1924067531657818e-01	   7.7700817150585633e-01	   7.8691805408372373e-01	   5.4717631220687402e-01	   3.4711904590442300e-01	   6.4428791301671384e-01	   7.8896539612881400e-01	   1.6890929794358289e-01	   1.9448761571394027e-01	   2.4701997570163181e-01	   3.6846978022266169e-01	   1.4548150924846548e-01	   5.2813723507088746e-02	   2.2528944314499511e-01	   3.7098790582430363e-01	   5.6149805026789568e-01	   6.3774332293911218e-01	   3.0308166963409255e-01	   4.2830779278158770e-01	   4.8659680358773394e-01	   5.5573134627044973e-01	  -1.2873658314902553e-01	  -1.2089177304476936e-01	   1.1348888618693354e-01	   9.8628258985752004e-02	   3.0002651518234891e-01	   3.6294916006268685e-01	   5.2493777930753438e-01	   3.9119850467504369e-01	   3.0296185136265308e-01	   2.9269020366502968e-01	   5.7698163562482738e-02	   1.8469399638618716e-01	   4.2980445407616347e-01	   4.1010562837066034e-01	   4.8042669436274166e-01	   5.7019467100491905e-01	   5.5911277323133934e-01	   5.8619328554794214e-01	   6.0889244460488801e-01	   4.5512582327211099e-01	   6.4279229957607242e-01	   6.7522740553673211e-01	   4.8825807583243297e-01	   5.5843698640732409e-01	   5.4592144330778147e-01	   5.8466899936339778e-01	   6.8596891819199823e-01	   5.7634190686205278e-01	   6.6421831891722083e-01	   8.5702695032718790e-01	  -6.9149527764750612e-02	   3.7064988227818248e-03	   2.8722417141662882e-01	   3.6542491525389409e-01	   3.7523029904366112e-01	   5.9273868779973926e-01	  -2.9670589930294602e-02	   2.7008027903270792e-02	   5.3985001513389863e-01	   5.1701750445464600e-01	   4.0524876700424883e-01	   4.0563078418640924e-01	   7.3839338753003053e-02	   1.9906161158287550e-01	   3.7409611798579295e-01	   4.0429634533218584e-01	   5.4154974709386083e-01	   6.1846671482870197e-01	   5.5886353017063295e-01	   5.1934636449512683e-01	   2.4965504720780896e-01	   5.2582051254117768e-01	   2.8506614040838468e-01	   2.5322651970335308e-01	   3.7336382812363850e-01	   5.4362296809614796e-01	   6.0416070234431296e-01	   4.0131281437850308e-01	   3.8903804886048421e-01	   3.1604787042744276e-01	   2.3277951568392968e-01	   1.6155601958915181e-01	   3.8207622578231165e-01	   4.4874936541692367e-01	   6.7624178391930634e-01	   6.7559958296151612e-01	   6.2535656113766636e-01	   3.3887781401512240e-01	   4.6383148751495412e-01	   5.1775211550274336e-01	   7.0898416118092278e-02	   1.5589719538962843e-01	   6.3015399814984119e-01	   4.9705016171143851e-01	   6.3084594684091291e-02	   8.9229289152453276e-02	   2.7538240472727715e-01	   6.0395121499402937e-01	   5.2666236145268142e-01	   4.3787582016593718e-01	   8.2561852925145632e-02	   5.9024586359071131e-02	
   6.6617622651080366e-01	   4.1418238559383613e-01	   5.6063905010192705e-01	   5.6138339668446835e-01	   3.0277942850931050e-01	   4.3104642761498624e-01	   6.5035986858874817e-01	   5.3689302605447298e-01	   4.0396555355994851e-01	   4.2080528248417287e-01	   8.4796065496370432e-01	   5.5429852542263780e-01	   0.0000000000000000e+00	   7.7304494329174112e-01	   8.0101434930256654e-01	   5.8670466513227959e-01	   3.2457837344855300e-01	   2.0612022197773966e-01	   6.2399646094632299e-01	   5.4115390615676362e-01	   3.1096324067786207e-01	   2.3785037998580852e-01	   5.8528700986071525e-01	   5.7618976557519885e-01	   4.2407051529539463e-01	   3.0520168478202836e-01	   3.1219691244970227e-01	   2.6582388482463565e-01	   3.4647471762461590e-01	   3.7366182226727573e-01	   2.3973511054676583e-01	   3.0323361223788214e-01	   4.5827363583337394e-01	   3.8298834070202931e-01	   2.9867438860058054e-01	   1.5417166299552404e-01	   3.4665321375103997e-01	   1.9357392998915351e-01	   3.8416934219255300e-01	   4.2546977734207675e-01	   4.1187598305130846e-01	   3.6512641130526297e-01	   3.6948249612968886e-01	   2.4191939403722790e-01	   1.3382435487965805e-01	   1.7302383943730609e-01	   3.6090778082498098e-01	   3.0020854668776170e-01	   5.1858751816664883e-01	   4.2373583332247389e-01	   6.0810164594952287e-01	   4.8104195693379415e-01	   4.8908095021330389e-01	   3.3546284302682422e-01	   5.5010347359767053e-01	   5.4709168189925317e-01	   3.5858127370877141e-01	   3.9014816017654802e-01	   6.6751579170567354e-01	   4.7681444381517352e-01	   5.9892701666960513e-01	   3.5777544105182046e-01	   3.7894751859151787e-01	   3.5967642851090775e-01	   3.2077481875547759e-01	   2.8491170110543929e-01	   5.4273717986741199e-01	   4.5085465495712296e-01	   3.5099097863317030e-01	   4.5881841631860237e-01	   1.3821750145914205e-02	   3.6129816365785869e-02	   4.0789240770901758e-01	   3.3787898721654486e-01	   3.2925847685386417e-01	   3.1655717970057057e-01	   1.7064892662050274e-01	   1.6728636832988369e-01	   2.7577840255140118e-01	   2.8936071249401912e-01	   3.8106991751543617e-01	   5.5926531968237891e-01	   5.1116835649483627e-01	   4.5346217125381016e-01	   6.5126004816521921e-01	   6.2220274070377790e-01	   4.0986834298799357e-01	   2.6845942208249507e-01	   6.6818459384689166e-01	   5.6289533901944999e-01	   5.3976745015832783e-01	   5.1261037740313098e-01	   4.9728570679913697e-01	   6.0660807950095186e-01	   3.2159478937448982e-01	   2.4206910099519388e-01	   3.7649865741543209e-01	   4.6926148933517309e-01	   4.0854051892858839e-01	   4.7749066698046971e-01	   3.1914985287612585e-01	   5.0749656398728948e-01	   2.8110375954826639e-01	   4.4514707311994606e-01	   2.2143673582338991e-01	   4.0381919712219505e-01	   4.6972115184086261e-01	   4.1944791759054856e-01	   3.6759660746617670e-02	   2.6097438557239561e-02	   3.5544007438139646e-01	   3.9252529777613715e-01	   4.8132156518891667e-01	   5.1780088219412701e-01	   4.8655076686977916e-01	   1.8957437561760090e-02	
