   0.0000000000000000e+00	   8.6750871551029429e-01	   7.2001303542470185e-01	   5.2191005823140713e-01	   6.2795815036271063e-01	   2.7507982719954910e-01	   7.1409365895715859e-01	   6.3035443232803345e-01	   5.4201732866109642e-01	   2.7897789189920663e-01	   5.4284781143484884e-01	   6.0328341369618899e-01	   4.7633036840663012e-01	   3.5794140203456259e-01	   6.0352460153085807e-01	   3.5334945498968146e-01	   5.4308050054269974e-01	   5.9909568174336125e-01	   8.8564884154059431e-01	   8.6418292758105686e-01	   6.5385950592462616e-01	   6.4232663995933581e-01	   7.8876482162424388e-01	   7.3062529908749740e-01	   5.5741206810546873e-01	   4.7179037766509146e-01	   3.1393564008197861e-01	   3.5693777463984294e-01	   5.6334616810447646e-01	   6.2222343025991278e-01	   7.3435126846321430e-01	   6.4822296345555397e-01	   7.9904745301594926e-01	   7.6762719234417987e-01	   6.4384514657041259e-01	   5.4686801140284302e-01	   5.2314151805624143e-01	   5.7736752247712742e-01	   4.7299599526756220e-01	   7.0803261971293319e-01	   7.0012778039959378e-01	   7.2035713527704859e-01	   7.7666113660028790e-01	   7.1825366625974585e-01	   7.0296478265819629e-01	   6.0072886074193088e-01	   7.0647806525728973e-01	   6.9612387762334094e-01	   6.2519539184165618e-01	   5.4062411029346324e-01	   7.4571439586697208e-01	   4.3974904383762370e-01	   7.2063566359890663e-01	   5.6565186136538248e-01	   8.0051815006241178e-01	   6.9941111807515322e-01	   7.7200014789672478e-01	   7.2439532834969844e-01	   7.8352532803313624e-01	   5.7172715642606686e-01	   6.9957097928701262e-01	   2.0010228024487164e-01	   7.6393661510400690e-01	   5.5834654501826542e-01	   3.0848145255897491e-01	   7.1139126675444003e-02	   7.2843197515685254e-01	   5.9936813844402104e-01	   7.5197833488294907e-01	   7.5923476316727656e-01	   6.1503617624665818e-01	   4.6849130277192369e-01	   6.8114928179312284e-01	   6.8754778029735197e-01	   6.5289928738042469e-01	   6.6741873861731527e-01	   7.3245693874962003e-01	   7.3867532179601247e-01	   4.2806990385834798e-01	   4.8531056491785368e-01	   6.7247223369993181e-01	   6.7123912355283011e-01	   8.4526903416551791e-01	   7.6571446385135422e-01	   7.9476590174183626e-01	   6.7818595165660889e-01	   6.7979410735675028e-01	   5.5451951137824051e-01	   7.1109562871850263e-01	   7.1992421863402023e-01	   3.3724775065325929e-01	   3.8904914825862869e-01	   7.0436070214532534e-02	   3.4437760180531474e-01	   6.4195820801371395e-01	   4.7540027227159887e-01	   7.1560355391053343e-01	   7.7335833168675305e-01	   6.3846259175954767e-01	   5.7269336266864790e-01	   7.2744167534482429e-02	   3.1857850961506773e-01	   3.9666368080607672e-01	   4.4830368271206755e-01	   4.1471108220944445e-03	   3.8634241875417480e-01	   2.7038684892908377e-01	   4.3033837247549761e-01	   2.8653385199508585e-01	   6.0634329383073793e-01	   7.7381331178424817e-01	   6.4191715528690130e-01	   3.9699260571153588e-01	   5.2473088022217729e-01	   5.3462883268685846e-01	  -2.6652892292856556e-01	
   8.6750871551029429e-01	   0.0000000000000000e+00	   5.8239673901278322e-01	   5.7842004498467436e-01	   4.8510338744080062e-01	   3.4078677877571362e-01	   5.2586710297441919e-01	   6.4092687684531424e-01	   4.8093685276726245e-01	   3.2695181063688217e-01	   3.9017239505932172e-01	   6.2218428198511400e-01	   3.0255933682150810e-01	   3.4146000074864580e-01	   5.1191619707839697e-01	   3.7457722348734013e-01	   5.9357115292920837e-01	   6.3255046478780186e-01	   7.9468914699900906e-01	   8.4414930041617509e-01	   6.4076128095475671e-01	   6.7353842132544495e-01	   7.0390658406001194e-01	   6.7132819666693389e-01	   4.3951547462988455e-01	   4.5240471058584397e-01	   3.0601925355513876e-01	   3.9913807753988473e-01	   6.0182869606002121e-01	   6.5644766076209404e-01	   6.8966886500093072e-01	   6.5080405719871626e-01	   8.0005618161363823e-01	   7.9932412721737223e-01	   5.8885703577420312e-01	   5.1838301662084951e-01	   6.1509566161125018e-01	   5.9638559540373448e-01	   6.0747974005183247e-01	   7.6004105375563347e-01	   7.2585511991914098e-01	   7.6691216989459998e-01	   7.7491279554790049e-01	   7.5570670702717568e-01	   7.3896946635344729e-01	   6.7894451966558900e-01	   7.2188916354172583e-01	   6.9510581594635990e-01	   6.4941968862087207e-01	   5.8580415493121785e-01	   6.6897898014577728e-01	   4.5632393834702539e-01	   6.5555867382767508e-01	   5.1590374524958638e-01	   8.0301154767044269e-01	   7.1194771313730731e-01	   8.3304755649225815e-01	   8.8396860135769462e-01	   7.1406098532719298e-01	   7.0947258534078395e-01	   6.3175191199615666e-01	   2.7819084717139825e-01	   7.0740584215596358e-01	   5.7762800007945736e-01	   2.5093113987923504e-01	   9.0926136759557241e-02	   6.5435846369164308e-01	   5.9522372014838409e-01	   8.3183110076904820e-01	   8.4850475299637984e-01	   5.1114363739796853e-01	   4.3285567791576851e-01	   6.4110686680327789e-01	   7.1154005070411919e-01	   6.0297086694377344e-01	   6.6276446960826707e-01	   6.2947571980711847e-01	   7.0522122645834240e-01	   5.1256761190319311e-01	   5.3174287732576819e-01	   7.3037931701372583e-01	   6.8863952806197304e-01	   8.2433784859554882e-01	   7.5573165466974246e-01	   7.3958073641713384e-01	   6.9946075392831819e-01	   6.7032115763302458e-01	   5.6200699534364795e-01	   6.4435143487757851e-01	   7.2970906918934508e-01	   2.9280426312047664e-01	   3.0003266049009159e-01	   8.1008331623332555e-02	   2.9636439295950634e-01	   5.8104071753629871e-01	   4.9968890740801153e-01	   7.3901335740379048e-01	   8.2807598851592279e-01	   6.2493139614762150e-01	   4.8693672896503865e-01	   1.4699324977900474e-01	   3.7068276610484574e-01	   4.6022527490615656e-01	   4.8223701189610652e-01	   8.0399132956282177e-02	   3.0488572171614342e-01	   2.5189529021732032e-01	   3.6182511700777897e-01	   2.6775693068290246e-01	   6.5673928614032073e-01	   7.7059816686894378e-01	   6.5129588875955136e-01	   4.0169673534874839e-01	   5.8335217541123496e-01	   5.1887881848634343e-01	  -1.6322534503813035e-01	
   7.2001303542470185e-01	   5.8239673901278322e-01	   0.0000000000000000e+00	   7.0676553632339634e-01	   9.0160286381088151e-01	   5.3199056172610848e-01	   8.9600947105104845e-01	   7.0849550144999052e-01	   7.9972022671099319e-01	   5.6817900912560493e-01	   5.0579407400065923e-01	   4.5968217852652271e-01	   6.0038623398825985e-01	   3.6873478096150469e-01	   7.8299671009153138e-01	   5.6834593795127608e-01	   3.0366321941247265e-01	   2.9669695178508676e-01	   7.5015063325860232e-01	   7.4691691328020637e-01	   5.4530713577057033e-01	   5.8071635092827667e-01	   8.7923105822142911e-01	   8.4648697277190921e-01	   7.9606812634939295e-01	   6.2964144654335963e-01	   4.9250024409354592e-01	   5.2474065245796020e-01	   1.9565077105974310e-01	   2.5196633859486722e-01	   6.4661301432076801e-01	   6.0983273830575069e-01	   7.3781530538894913e-01	   6.6927444851839202e-01	   7.8364076154099060e-01	   6.5679802487910166e-01	   4.1015810452427737e-01	   4.4599577903326082e-01	   4.1977107620999793e-01	   6.4209643262898353e-01	   5.1646362617499053e-01	   5.4395109770276617e-01	   4.9524167816571335e-01	   4.0395727120315333e-01	   5.0955119067778398e-01	   3.7476619466517924e-01	   3.3376564762037797e-01	   3.2774518821318582e-01	   3.3079098808734658e-01	   2.1263961217981950e-01	   5.9721751847910498e-01	   2.5331107920327633e-01	   4.9729331411569866e-01	   2.4752574187670301e-01	   5.8994073175561512e-01	   4.1707593118934855e-01	   5.6112545887505250e-01	   3.9475056787210072e-01	   4.9507257783854325e-01	   1.9640337431363192e-01	   6.8447188412967797e-01	   3.3123630572688978e-01	   5.5040259615571174e-01	   3.6073474474575729e-01	   7.0518062406368309e-01	   3.4922530823998577e-01	   8.3046624139237968e-01	   6.7406828288167286e-01	   6.4225029251702692e-01	   6.7269767068898378e-01	   5.5710056238843175e-01	   4.1312231333137406e-01	   4.9190861132870045e-01	   4.1749134720214226e-01	   4.6630118077549315e-01	   4.1901127769244950e-01	   6.1610428793710881e-01	   5.5210146237160007e-01	   2.2567760468498596e-01	   2.0426429812201374e-01	   4.4098885602813087e-01	   4.7369254141966632e-01	   5.9356145018248196e-01	   5.4197049338306058e-01	   8.1772242480214152e-01	   6.5963439162956772e-01	   6.0458237377059021e-01	   4.5000052509969235e-01	   8.4835547177173753e-01	   6.8313642431886301e-01	   4.2637377637048451e-01	   4.9886152128312555e-01	   3.6290789946507668e-01	   4.9942845933853453e-01	   5.6487839725061517e-01	   4.1802793999192089e-01	   5.6291484882573917e-01	   5.3396021017741269e-01	   3.8628031934926554e-01	   3.8315482691204700e-01	   2.0117688248220356e-01	   2.2993191401648649e-01	   2.8864779763241355e-01	   2.6355145700513738e-01	   2.7336709072310096e-02	   3.8352548049854135e-01	   1.8324742726553495e-01	   4.7820071006977738e-01	   3.8493213886956934e-01	   6.1649735072806089e-01	   6.6276628121468706e-01	   4.2579937875210455e-01	   3.6597605744531136e-01	   3.8286247604488682e-01	   4.7814232527199507e-01	  -1.8958931661050293e-01	
   5.2191005823140713e-01	   5.7842004498467436e-01	   7.0676553632339634e-01	   0.0000000000000000e+00	   6.1600151697944772e-01	   7.6639121415407818e-01	   5.2524588065535815e-01	   8.1643744919027128e-01	   6.1658340993683747e-01	   7.6911979291465693e-01	   2.3762933432070138e-01	   4.9999585127241947e-01	   3.4175789475385954e-01	   5.0850386646942014e-01	   5.1876733201114755e-01	   6.9829937981988754e-01	   2.8408901210847137e-01	   2.6056270889956884e-01	   4.6105027869710358e-01	   5.7625159566427486e-01	   5.5172069294645376e-01	   6.7075084764674153e-01	   6.4857864104533169e-01	   7.9551136538049105e-01	   6.4661806041345260e-01	   7.3807266874279753e-01	   6.5354700967250234e-01	   6.7322715004881606e-01	   9.8298688746791374e-02	   1.8220862299355289e-01	   4.5658641307964076e-01	   6.0489657798778951e-01	   6.4107561788195178e-01	   6.4249790540346363e-01	   6.0166012575725114e-01	   5.7154711033685868e-01	   4.3139907128773880e-01	   5.1243676564754437e-01	   4.1682362286840147e-01	   6.4594952385872706e-01	   4.3419127364619325e-01	   5.3752813935669197e-01	   4.2074649075948589e-01	   4.2299384719554728e-01	   4.1253671233089206e-01	   3.8126283301371189e-01	   2.6080002792127305e-01	   2.5786470214939017e-01	   2.4730542913146522e-01	   2.1780607667535692e-01	   4.9283445467407050e-01	   3.1999166055761274e-01	   3.6530234707255838e-01	   1.4381531773792516e-01	   5.4517609985626658e-01	   3.9872814144708463e-01	   6.2838943566160532e-01	   5.0534385308186747e-01	   3.0912990831604265e-01	   3.1532593793846164e-01	   5.5961206612528724e-01	   5.8831814064570731e-01	   3.2305106315325816e-01	   2.9562767372566207e-01	   6.1851267279738809e-01	   6.6498818580121066e-01	   6.0280048154605448e-01	   7.0307677470502206e-01	   5.0414757324208004e-01	   5.7617476462010431e-01	   3.4344623388828432e-01	   5.0469519941172536e-01	   3.5144454450506685e-01	   4.0394407585371878e-01	   4.0972350031976201e-01	   3.9243073974461606e-01	   4.7084405320822020e-01	   5.9168934573035148e-01	   2.1859052293421499e-01	   1.8399801544386291e-01	   4.0701949161489798e-01	   3.9572809851859053e-01	   5.0208231279175575e-01	   4.4754940798773457e-01	   6.6382972719211164e-01	   7.0807986218282881e-01	   6.7386557674616698e-01	   5.8127002652398208e-01	   7.7916844033580090e-01	   7.8123284383177971e-01	   3.4364990143273488e-01	   1.9319545144116512e-01	   4.1840697539155147e-01	   2.0706536703284684e-01	   4.5771857138068961e-01	   3.8587391974103269e-01	   5.0225874363775325e-01	   5.1665381355297679e-01	   2.7598813451049636e-01	   1.4546222298747563e-01	   2.0513899671656805e-01	   5.4140600114351456e-02	   2.6772894947308740e-01	   1.8948903909211939e-01	   2.1392499264986373e-01	   3.6635733329792014e-01	   2.6283536092207205e-01	   2.4147073917425976e-01	   3.7086842723192459e-01	   6.7174980195263279e-01	   6.0631925849851420e-01	   3.1178706887021240e-01	   1.7436039029321224e-01	   4.7449791890505505e-01	   6.0253261582106621e-01	   1.9932389759877326e-02	
   6.2795815036271063e-01	   4.8510338744080062e-01	   9.0160286381088151e-01	   6.1600151697944772e-01	   0.0000000000000000e+00	   5.1282751562608231e-01	   7.8524583698183292e-01	   5.2103066780377572e-01	   7.8476385232842882e-01	   5.2872230222182004e-01	   4.4618614666395112e-01	   4.0145601796341063e-01	   5.5522882195948775e-01	   2.8312358921224973e-01	   7.4230401970178339e-01	   5.6327925134077206e-01	   2.1438564862235157e-01	   2.1881230668960244e-01	   6.0454000932012775e-01	   5.7048548735369697e-01	   5.5109349813058350e-01	   5.7921129784786185e-01	   8.1288284408026401e-01	   7.9978503901824016e-01	   7.9298974479200002e-01	   6.6734656841493534e-01	   5.6238489780521439e-01	   5.4922615993134682e-01	   1.4727591510547366e-01	   2.1348781559871982e-01	   5.6626730947695458e-01	   5.5285388112297318e-01	   6.3918236567925923e-01	   5.7553374497728760e-01	   7.0083134584097473e-01	   6.0182642843567846e-01	   2.2879341603018050e-01	   4.1786859633871137e-01	   3.6794857496725991e-01	   5.5586011971260774e-01	   3.8981989129239725e-01	   4.9461624257270065e-01	   3.4290631738307487e-01	   3.0295650766523935e-01	   4.1489129689199056e-01	   2.6886740654734148e-01	   1.9290479010286105e-01	   1.9707960895749443e-01	   2.2217107401853431e-01	   1.2096156864397989e-01	   5.3517233639248085e-01	   2.0809902624237214e-01	   3.7198890634507586e-01	   1.9113847653131780e-01	   4.9639859974588096e-01	   3.1940805579940362e-01	   5.0052771894692882e-01	   3.6453908668830459e-01	   3.7013115530204765e-01	   1.3398179468683916e-01	   5.8951667402604113e-01	   3.0336832615171178e-01	   4.8356425821192672e-01	   2.6783088249382286e-01	   7.6235726608808441e-01	   4.1799181399662932e-01	   7.3258874350791858e-01	   6.1774997231188888e-01	   4.8660342553800146e-01	   5.2945164491807917e-01	   5.2607380960218497e-01	   3.9189726453174994e-01	   4.0842754961501249e-01	   3.5924856580315745e-01	   3.7926211383660929e-01	   3.4302426616511578e-01	   5.2854364758399941e-01	   4.6151519183535700e-01	   1.8920240974373298e-01	   1.6014957244692635e-01	   3.5517990417845247e-01	   4.6836584584951535e-01	   5.4956331599319785e-01	   5.2351134293921997e-01	   7.6675708800553211e-01	   6.7318589292681374e-01	   6.2607572894312968e-01	   5.6360643076561845e-01	   7.6432203759505413e-01	   6.1879852595878893e-01	   2.0850694079291587e-01	   3.3694454966378107e-01	   1.8072935421227140e-01	   3.3540188908730306e-01	   4.6697695063122518e-01	   3.8540972785780347e-01	   4.4107874625799093e-01	   3.9001164123354604e-01	   1.7543908061622948e-01	   1.9012400370148286e-01	   2.0047051008879678e-02	   5.0227982173125026e-02	   3.1014688895613408e-02	   4.3119881745759668e-02	  -1.1337242005193560e-01	   1.8375738175171016e-01	   7.3110129174183327e-03	   3.0508988159240052e-01	   3.6782947967722879e-01	   5.5203319317056454e-01	   5.2713554411662189e-01	   2.1516774620480678e-01	   1.8437461995554277e-01	   2.3190818856494541e-01	   4.0087720591646969e-01	  -1.0391754884460999e-01	
   2.7507982719954910e-01	   3.4078677877571362e-01	   5.3199056172610848e-01	   7.6639121415407818e-01	   5.1282751562608231e-01	   0.0000000000000000e+00	   3.3749899995632449e-01	   6.8006834236333280e-01	   5.5089060994920824e-01	   8.8023365799223319e-01	   1.7950787599434292e-01	   4.4456823645364074e-01	   4.0089415022063857e-01	   6.0491726656334688e-01	   4.8199413675767067e-01	   8.3220633782275744e-01	   3.2102032804642117e-01	   2.9069574330275172e-01	   2.9737977143785821e-01	   4.1037393024976010e-01	   3.1679732396389221e-01	   4.8743158574134643e-01	   3.9232508662861226e-01	   5.0957203141787311e-01	   4.3864613665083679e-01	   5.9004509440440756e-01	   5.2571314650627987e-01	   7.5244480300767724e-01	   1.0444217142646581e-01	   1.8484967072487213e-01	   3.1268873129658592e-01	   4.6327062226402471e-01	   4.5920733782883705e-01	   4.8950525623929969e-01	   4.2129422166147507e-01	   4.2959162333692014e-01	   1.8548616594719061e-01	   3.0214250265766512e-01	   3.2419092291679541e-01	   5.0695595266928706e-01	   1.9832150893292499e-01	   3.8078609092948251e-01	   3.0768434880523077e-01	   2.8745306211388671e-01	   2.6477110068111720e-01	   2.4852280770295862e-01	   1.6137180416122665e-01	   1.8109015264211886e-01	   1.2580156309344845e-01	   3.8134451992384133e-02	   2.7421106446603827e-01	   1.0752010422112773e-01	   1.7745936256354222e-01	  -1.3235630361728123e-01	   3.8828362752904555e-01	   2.3820518976152952e-01	   4.8085498522912906e-01	   2.8936924236786365e-01	   1.1129080124501227e-01	   1.8078277767386963e-01	   3.9163389436621560e-01	   6.1081994571396714e-01	   8.3065456441038785e-02	   1.9031789266669502e-01	   5.1793648135564785e-01	   5.8848456923014791e-01	   3.4529060323524896e-01	   4.4939550193801386e-01	   2.8218371461965508e-01	   3.7840185646438174e-01	   2.4060021923183611e-01	   4.7912881060758311e-01	   2.5961179956993530e-01	   3.1812656132083794e-01	   3.1992317596302677e-01	   3.0624909910543602e-01	   3.5552581563978430e-01	   4.3672940586701980e-01	   3.2630109517899542e-01	   2.6510526492444714e-01	   3.6095290424035709e-01	   2.9627684134500765e-01	   2.3151823857956655e-01	   2.9792262101130140e-01	   4.1179934140412683e-01	   4.2059276386812916e-01	   3.2016374783292201e-01	   2.8530281629207555e-01	   5.9937410744065100e-01	   5.2753300153566207e-01	   3.3056462077190202e-01	   1.0885940066149619e-01	   4.9395546594416273e-01	   1.8290300244887464e-01	   3.0506863291309932e-01	   2.8694095335509673e-01	   4.4202296116139050e-01	   3.7269058348420298e-01	   1.5835024116519783e-01	   8.7517448450582000e-02	   2.5110557567322184e-01	  -9.7654018484270109e-03	   2.0608649024271247e-01	   1.8858414372026952e-01	   2.1911308584796324e-01	   2.8143605401270749e-01	   2.6702987260237321e-01	   1.6310466263577800e-01	   3.2099073134737488e-01	   5.2793517354014330e-01	   4.7584792553347333e-01	   1.4933855165801119e-01	   2.9751800312163085e-02	   3.8143098010204757e-01	   4.9741167147472687e-01	   1.0927838589126983e-01	
   7.1409365895715859e-01	   5.2586710297441919e-01	   8.9600947105104845e-01	   5.2524588065535815e-01	   7.8524583698183292e-01	   3.3749899995632449e-01	   0.0000000000000000e+00	   6.9997594423753751e-01	   7.0528412880210789e-01	   4.0949508668361412e-01	   5.6657106755333730e-01	   4.5492479441350631e-01	   6.2042738373904083e-01	   3.4560191245104399e-01	   6.8319907777343225e-01	   4.4896071995897219e-01	   3.3323657280303975e-01	   3.1193510645039707e-01	   7.7181162964110261e-01	   7.2991400694098052e-01	   5.0771758358462860e-01	   4.9457090754556943e-01	   8.2057395120894316e-01	   7.5923035399534577e-01	   6.4142284300468322e-01	   4.6106858760278624e-01	   2.5976326372364789e-01	   4.5752937928236614e-01	   2.9937569587701207e-01	   3.1547993256261331e-01	   7.0453323574068372e-01	   6.3909054810523258e-01	   7.2914541566154578e-01	   6.6470625587172116e-01	   6.6041066972013152e-01	   5.5870188727848347e-01	   3.6239848747824999e-01	   3.2560537310528637e-01	   3.9158251553355650e-01	   5.4227427583366561e-01	   4.7931714533066372e-01	   4.6289004195228928e-01	   4.9923515259251328e-01	   3.6849715814399631e-01	   5.1463593947554021e-01	   3.6711390136378463e-01	   3.4312898532956698e-01	   3.4086377714485372e-01	   3.0745611633290615e-01	   1.6419750732251415e-01	   4.4998400965678359e-01	   8.8962441154698924e-02	   3.8483526978321325e-01	   2.0629358221908115e-01	   5.2214224718933910e-01	   3.5601785048711476e-01	   5.1757460015740397e-01	   3.8625618964864944e-01	   5.0086001419997761e-01	   1.9179590211647460e-01	   6.8369108000184142e-01	   3.0984665125501809e-01	   6.4811644863484907e-01	   5.5304302724493248e-01	   5.5382019349752398e-01	   1.4544887013477920e-01	   7.9304625695623687e-01	   6.0144907285176497e-01	   6.1980395319430404e-01	   6.1048562163491893e-01	   6.4912142819903196e-01	   4.3034021423220631e-01	   5.5133084483080408e-01	   4.3834274912368765e-01	   4.7859025832805541e-01	   4.0378874866874115e-01	   6.5567720228502069e-01	   5.5708175551047434e-01	   2.5005600802602768e-01	   1.9316195241012035e-01	   4.5534812001746872e-01	   4.8976466729286589e-01	   5.7657461606966065e-01	   5.6547851189551146e-01	   7.3798407130425581e-01	   5.8638677243385473e-01	   4.9835809739547765e-01	   4.0888741259873945e-01	   7.2376679739361605e-01	   5.2819617809799091e-01	   3.4190246502577598e-01	   4.2832152661194289e-01	   2.3218329696365936e-01	   4.3658197939884791e-01	   5.5698690550698648e-01	   3.6228245149077454e-01	   5.7158856688163739e-01	   5.0372444409299333e-01	   4.1502766556173210e-01	   4.1883137591309283e-01	   2.3008659759417549e-01	   3.0131486242200017e-01	   3.6836358336813552e-01	   3.4710730177914317e-01	   2.6322589866361497e-02	   3.9863718456531255e-01	   1.5296162167234123e-01	   5.2656552203662277e-01	   3.6550056853455093e-01	   5.7845436935152095e-01	   6.5184588553790002e-01	   4.7124820994623939e-01	   3.6175062697812954e-01	   2.9997340565669672e-01	   3.7333838497358313e-01	  -2.3673973216970584e-01	
   6.3035443232803345e-01	   6.4092687684531424e-01	   7.0849550144999052e-01	   8.1643744919027128e-01	   5.2103066780377572e-01	   6.8006834236333280e-01	   6.9997594423753751e-01	   0.0000000000000000e+00	   6.1495517556507517e-01	   7.2689402417845173e-01	   3.6512915853417799e-01	   5.8901500699014109e-01	   4.6991354519687362e-01	   6.3118580909570265e-01	   5.4080225637262613e-01	   6.8377487250312352e-01	   5.0900727090533759e-01	   4.5265082148232438e-01	   6.7100336810940453e-01	   7.8557221042627234e-01	   4.4909915149273555e-01	   5.3068488981413209e-01	   6.3731134538856904e-01	   7.1192637018533889e-01	   4.0717667091279092e-01	   4.4915507516500364e-01	   2.9045145697737823e-01	   6.2495433309538162e-01	   2.9417546906960013e-01	   3.5090911312988149e-01	   5.5327496583359570e-01	   6.4490506725289576e-01	   7.3295349104580465e-01	   7.5545250521959950e-01	   5.5948391482953475e-01	   5.3602052677471446e-01	   4.5532853670682244e-01	   3.4332868659717297e-01	   4.6314522094221167e-01	   6.7159757949477372e-01	   5.0765601816223938e-01	   5.8877260091597239e-01	   6.1449052601853471e-01	   5.1813069199920303e-01	   5.4898388734316850e-01	   5.2797161862921704e-01	   4.9238573957646181e-01	   5.1077893455639090e-01	   4.3327318284803812e-01	   3.4016788305069323e-01	   4.6593232719819433e-01	   2.4608774911452491e-01	   4.1443509615667506e-01	   1.4494413900193173e-01	   6.2385142998126897e-01	   5.1808563314776401e-01	   7.0015832075759143e-01	   5.3079687788669605e-01	   4.7760298055817052e-01	   4.5482488495827983e-01	   6.2724151825330887e-01	   6.1884583626485612e-01	   4.8954566971009950e-01	   5.7624903065184196e-01	   4.1316491454813165e-01	   3.6611613616046301e-01	   6.0625872061731567e-01	   6.2354808377330884e-01	   6.5972517989088098e-01	   7.1618923914626542e-01	   4.5711536819753978e-01	   5.4821007092904639e-01	   5.2162689087794478e-01	   5.3230763961406424e-01	   5.1809807572282274e-01	   5.1009674079549128e-01	   5.5554008017456158e-01	   6.7707394608295834e-01	   3.6800433996100446e-01	   3.0549136982874270e-01	   5.5920883133589094e-01	   4.3314529766898097e-01	   5.2697448235843380e-01	   5.4909892379424630e-01	   6.0465222676594133e-01	   5.6133046081909077e-01	   4.8793968912991631e-01	   3.7452593129116513e-01	   7.1441098285604454e-01	   6.5520526426289327e-01	   5.1505728928778427e-01	   3.4485351781927998e-01	   4.5611685487443021e-01	   3.6134669873437397e-01	   5.2260307688556651e-01	   4.0664068809095777e-01	   6.4795385361008784e-01	   6.5832451541880910e-01	   5.6225094791522523e-01	   4.4647148555348315e-01	   4.1937137040731687e-01	   3.3708664883734263e-01	   5.6141438996866078e-01	   4.6702445819635996e-01	   2.3566042646553154e-01	   4.0702035721316471e-01	   3.4774269839211608e-01	   4.6944925351087041e-01	   3.8200444119208860e-01	   6.3274629372815405e-01	   7.1485685893365680e-01	   5.9086361011076149e-01	   3.6097600951512387e-01	   5.4295771364617795e-01	   5.2668629105594100e-01	  -1.5277463097385457e-01	
   5.4201732866109642e-01	   4.8093685276726245e-01	   7.9972022671099319e-01	   6.1658340993683747e-01	   7.8476385232842882e-01	   5.5089060994920824e-01	   7.0528412880210789e-01	   6.1495517556507517e-01	   0.0000000000000000e+00	   6.8563100486418449e-01	   4.0688870765080948e-01	   4.3171037900876885e-01	   4.5321082996098611e-01	   3.4586776685279974e-01	   7.5421185793375267e-01	   5.9705422853038481e-01	   3.4859020440761618e-01	   3.3599881070302784e-01	   5.8687855230436448e-01	   5.8305210626143378e-01	   3.5418950198465426e-01	   3.8629697837094357e-01	   6.9047077255778377e-01	   6.6626101701875273e-01	   5.2744219246101964e-01	   4.0607474013227329e-01	   2.9675264561612241e-01	   3.6954420288258572e-01	   1.8827859343818559e-01	   2.0102835539865138e-01	   4.6993062629990801e-01	   4.6535145355325547e-01	   5.9465641528670510e-01	   5.3783089008041807e-01	   5.5117204245817086e-01	   4.7742997276530286e-01	   2.2048817290680317e-01	   3.0973541179394837e-01	   3.0496146224909915e-01	   5.0404483603587136e-01	   3.9310213294995466e-01	   4.7660101240510094e-01	   3.6592929014960229e-01	   2.6046910160419856e-01	   2.4321873637927843e-01	   1.4572135404326053e-01	   2.9728888355893301e-01	   2.1687658188091097e-01	   1.4600578419608862e-01	   7.6555617496947656e-02	   4.7260305972902644e-01	   1.9685626579854837e-01	   3.7356489618959593e-01	   1.4304806040834050e-01	   4.1110521701267827e-01	   3.1205726760761732e-01	   5.4952216363479744e-01	   3.5585979592659750e-01	   2.5883314987361844e-01	   1.2535877110827615e-01	   5.9315988012345722e-01	   4.6765445296184588e-01	   4.6338353630233420e-01	   3.9867435003387880e-01	   6.8071084806368887e-01	   4.3451849564609435e-01	   5.7030346794832831e-01	   4.4365191519374764e-01	   5.0834775434056068e-01	   5.7451532555651807e-01	   4.3005167538568256e-01	   3.7632887870061893e-01	   4.5613334507368397e-01	   4.0118015113265992e-01	   4.4558702263579586e-01	   4.4494075804780364e-01	   4.9400833857522913e-01	   4.5595397969406204e-01	   2.7259124823266723e-01	   2.2775437674292032e-01	   3.3423995658815425e-01	   3.6642261998191844e-01	   4.0342384847137747e-01	   3.5834772436210865e-01	   6.9391745991640941e-01	   5.6641084374397743e-01	   4.9668907049447486e-01	   3.6128730409506321e-01	   6.9246764976899600e-01	   6.4210069149908733e-01	   3.3929425077913805e-01	   3.3237231613578305e-01	   3.1250065604423771e-01	   3.4903216305501322e-01	   4.0376206977941959e-01	   3.0739367906848336e-01	   4.2634747249794680e-01	   3.8301872831249079e-01	   2.8560501569639396e-01	   2.3506913576516619e-01	   1.6211156283121875e-01	   1.2383233040545877e-01	   1.6363664874671657e-01	   1.8904648103743754e-01	  -1.2296037030122393e-01	   1.2416371865455134e-01	   2.7131414808098404e-02	   2.5813585387784982e-01	   2.2649039992972114e-01	   4.5759125588859073e-01	   4.8030849804123987e-01	   2.9672993867574204e-01	   3.0655058582343792e-01	   3.6214821046142520e-01	   3.8380839450044774e-01	  -1.9633508126347152e-01	
   2.7897789189920663e-01	   3.2695181063688217e-01	   5.6817900912560493e-01	   7.6911979291465693e-01	   5.2872230222182004e-01	   8.8023365799223319e-01	   4.0949508668361412e-01	   7.2689402417845173e-01	   6.8563100486418449e-01	   0.0000000000000000e+00	   1.3217174610945909e-01	   3.7659206422220226e-01	   3.4715795422168938e-01	   5.5269501497649576e-01	   4.9691954562018104e-01	   8.0773439291841709e-01	   2.6878162612155471e-01	   2.2150183434505888e-01	   2.9010449428294949e-01	   4.2536479806003258e-01	   1.6491833581757889e-01	   2.9621116682933479e-01	   3.8292844343496102e-01	   5.0329201238032883e-01	   3.4844572078252811e-01	   4.4082653453383736e-01	   3.8633181861474908e-01	   5.6320204404259910e-01	  -4.9072802888379972e-02	  -6.9627405174898221e-03	   1.8086185164919460e-01	   3.1850218304695865e-01	   4.0844546380489788e-01	   3.9650401020436993e-01	   3.9882435513395892e-01	   3.7811445425484447e-01	   1.6331437141196944e-01	   2.2719376984439899e-01	   2.1824495993784337e-01	   4.4472172377740177e-01	   1.5537070514588958e-01	   3.3416644920634392e-01	   2.4365587747955519e-01	   1.9483099821327049e-01	   1.8471567158060365e-01	   1.5382998404044834e-01	   2.1363246962631632e-01	   1.7061676400905831e-01	   1.1040318778886971e-01	   6.1486235753669238e-02	   3.3860967147471066e-01	   1.6517597002472933e-01	   2.5117625539122790e-01	  -1.0473113671545109e-01	   3.6791439723115671e-01	   2.1816109441167597e-01	   4.9959751632181981e-01	   2.6050294199566193e-01	   1.7138952062116869e-01	   1.7480879498828653e-01	   4.7907141888902538e-01	   6.6860367787225039e-01	   8.3183409427436350e-02	   1.6934204406245301e-01	   5.3538005918415121e-01	   6.1925317142478731e-01	   3.5610947479245281e-01	   4.0180578541670775e-01	   3.2693368573561188e-01	   4.3864419126084009e-01	   1.6292194769275420e-01	   4.0071241902409882e-01	   2.0660376712777373e-01	   2.2325708222618054e-01	   2.5821803061268234e-01	   2.5534647849597653e-01	   3.0799190500947454e-01	   4.0849017997962589e-01	   1.9144162132219339e-01	   1.3730217468240821e-01	   2.1657731924120815e-01	   1.5553578782698829e-01	   1.3849539239480635e-01	   1.5925398858758380e-01	   3.8795623530832812e-01	   3.7623065609857365e-01	   3.4444541994067851e-01	   2.0226458882654538e-01	   6.4223724152560457e-01	   5.8564980981377801e-01	   4.7117101927353577e-01	   2.5806502873102327e-01	   5.7257860910177194e-01	   3.0143893060538474e-01	   2.6710667823941253e-01	   2.2021248816766881e-01	   3.9550608924914971e-01	   3.3622695269100533e-01	   2.7748474364396009e-01	   1.8087546752915915e-01	   3.4718088719882778e-01	   9.9204560195535293e-02	   2.8431321766380685e-01	   2.0974204060676188e-01	   1.7388739620860744e-01	   2.3186832333426127e-01	   2.3572006200248155e-01	   2.6677231203408980e-01	   2.1295484416572508e-01	   4.4948661962429115e-01	   4.0583815427151726e-01	   2.4270710013618085e-01	   1.5722874490731473e-01	   4.1059558759341541e-01	   4.6487780077640134e-01	   3.3639981090791568e-02	
   5.4284781143484884e-01	   3.9017239505932172e-01	   5.0579407400065923e-01	   2.3762933432070138e-01	   4.4618614666395112e-01	   1.7950787599434292e-01	   5.6657106755333730e-01	   3.6512915853417799e-01	   4.0688870765080948e-01	   1.3217174610945909e-01	   0.0000000000000000e+00	   7.4709700471277385e-01	   8.2566378748294322e-01	   6.4172091320246460e-01	   6.4707331485712016e-01	   4.3829524939572406e-01	   4.8132318587076972e-01	   4.2497141765340046e-01	   5.8174250167724628e-01	   4.7684520942838449e-01	   2.3060959436697778e-01	   3.3715637690306233e-01	   5.3621580507897082e-01	   3.3754601161969000e-01	   3.7868768418554605e-01	   2.1947104411870799e-01	   1.0393879178602797e-01	   2.4440135935620039e-01	   5.5649618709102755e-01	   4.7682174657516241e-01	   5.6934296470335277e-01	   3.9471986616475352e-01	   5.0063143357769857e-01	   4.3162993551228879e-01	   3.0919911023295393e-01	   1.6412687770698139e-01	   2.5032071694327895e-01	   3.3801453195373193e-01	   1.8470235350430936e-01	   4.0865640966427763e-01	   3.2529605485007623e-01	   3.9978902927212923e-01	   3.2872841508979589e-01	   3.1780525835514983e-01	   2.4241797133468573e-01	   4.4052569723749234e-02	   1.8704309279933692e-01	   2.0312751619284503e-01	   1.2595587742748462e-01	  -9.4674424387668793e-02	   1.9708185287213792e-01	  -1.1622041634748222e-01	   2.6055584277758270e-01	   5.2937309839464118e-02	   2.8031368679094504e-01	   1.0427130688985622e-01	   3.4110133549926724e-01	   3.8275988345393253e-01	   5.1278499326053684e-01	   2.3021333459253543e-01	   6.6283187450920977e-01	   3.3058154524136241e-01	   7.1672376587842113e-01	   6.3860997985325196e-01	   2.9311621137973787e-01	  -2.0749220253525921e-02	   3.5441039011316855e-01	   1.1963014633541075e-01	   4.0975757155849762e-01	   3.7064161628204861e-01	   6.8976606872294555e-01	   5.2984324055090337e-01	   6.4894158591166184e-01	   5.3667505748056710e-01	   5.6926787202568752e-01	   5.3655030648654778e-01	   6.0754775981695119e-01	   4.7508268020697830e-01	   3.7365570669077708e-01	   3.8200642132325269e-01	   5.1456935375373658e-01	   4.6937161524973758e-01	   4.1279591926807058e-01	   3.9688941220143847e-01	   5.6431834759722377e-01	   3.5245516676994859e-01	   1.5153936273847132e-01	   2.2982927921029345e-01	   4.0325096649408521e-01	   3.5744675615715316e-01	  -1.7756489191079212e-02	   9.5245413670495549e-02	   7.4132336775143415e-03	   2.4559217059528735e-01	   4.2157831566879223e-01	   2.6361010952426328e-01	   3.5239403493841304e-01	   3.8240509315739701e-01	   5.4636785770152907e-02	   8.8392482913902323e-02	  -5.9582068357208542e-02	   2.7716021056347856e-01	   8.1438638168660704e-02	   2.2659093877198858e-01	  -1.3837932023671395e-01	   2.3726864288293259e-01	  -1.8440057923319172e-01	   2.8338673124131580e-01	   1.0401499693665574e-01	   3.8694144724986734e-01	   4.5002128448643797e-01	   2.2249031272218794e-01	   1.0947323853902022e-01	   2.8991244362495255e-01	   3.0154135093832568e-01	  -2.2656120859966505e-01	
   6.0328341369618899e-01	   6.2218428198511400e-01	   4.5968217852652271e-01	   4.9999585127241947e-01	   4.0145601796341063e-01	   4.4456823645364074e-01	   4.5492479441350631e-01	   5.8901500699014109e-01	   4.3171037900876885e-01	   3.7659206422220226e-01	   7.4709700471277385e-01	   0.0000000000000000e+00	   6.7611082384669074e-01	   8.3412428996711463e-01	   5.2402517583852992e-01	   5.8022880742510385e-01	   6.6655113350958728e-01	   5.9689923159623037e-01	   6.1038303155110252e-01	   6.2253024888143793e-01	   3.7576733301624998e-01	   5.2291393444900613e-01	   4.7692295684658986e-01	   4.2380807541543136e-01	   3.1579961590140249e-01	   3.3977489194034283e-01	   2.2107563484053794e-01	   4.7960224477711971e-01	   6.2777226910080663e-01	   6.1761672375621901e-01	   5.7243760709369529e-01	   5.0711034970748459e-01	   6.0023232315852015e-01	   6.0734127026903084e-01	   3.2133426681325983e-01	   2.9182996468141215e-01	   3.5997926180050416e-01	   4.5790585914261689e-01	   3.5209380197063767e-01	   5.5105872739373096e-01	   4.1150894401643578e-01	   5.4874021938109785e-01	   4.8165150450104621e-01	   5.2047406096075644e-01	   3.2613924077710388e-01	   2.7033926937572006e-01	   4.2927389916431291e-01	   4.3797114762567774e-01	   2.4399254516072555e-01	   1.5610263236550759e-01	   3.4185951484527255e-01	   5.2568244112153786e-02	   3.8449753845730367e-01	   1.4565715124635373e-01	   4.7901878431521694e-01	   3.4393248681954447e-01	   6.0552077746737287e-01	   6.3892495217959344e-01	   4.9258621804631708e-01	   5.0221621420516960e-01	   7.0662627509225950e-01	   6.3842846329140401e-01	   6.3462825408196832e-01	   7.5229134720543134e-01	   2.7658411479322242e-01	   2.3958944254124520e-01	   3.4075187765947407e-01	   3.2017794289921381e-01	   4.6703655356971946e-01	   5.0986505371757684e-01	   7.1304093233083354e-01	   7.4954401217537547e-01	   7.1215065567466296e-01	   7.1861182656038081e-01	   6.5945252688676015e-01	   7.1837199801380924e-01	   5.9086888051213948e-01	   6.8524754277056410e-01	   5.5104973691297920e-01	   5.2827447192987653e-01	   6.7119768907854616e-01	   5.9975143315837420e-01	   5.5384019513008909e-01	   5.6792125632831270e-01	   5.3869142503495759e-01	   5.2098017383847539e-01	   2.9662734715724898e-01	   3.9219337557797856e-01	   5.0690915844599393e-01	   5.5445275666295157e-01	   1.9079021972138555e-01	   9.1851617748747547e-02	   1.0730943199260165e-01	   2.1905115663451674e-01	   4.5147267319541579e-01	   3.6275942274215361e-01	   4.9055753388958506e-01	   5.3220004960751210e-01	   2.8474077082573002e-01	   1.8777608229559556e-01	   1.2863569418627457e-01	   2.9640754158784061e-01	   2.9556918814372030e-01	   3.9101601109106460e-01	   6.6079654951276476e-02	   3.2720132412513780e-01	  -1.1525659312494444e-02	   1.9467996328874873e-01	   2.8438588227227440e-01	   5.9537118574180781e-01	   6.2916664389968480e-01	   3.7289213676327382e-01	   1.2069331526233304e-01	   4.7071956645054902e-01	   4.4396418223431078e-01	  -1.1457413617400250e-01	
   4.7633036840663012e-01	   3.0255933682150810e-01	   6.0038623398825985e-01	   3.4175789475385954e-01	   5.5522882195948775e-01	   4.0089415022063857e-01	   6.2042738373904083e-01	   4.6991354519687362e-01	   4.5321082996098611e-01	   3.4715795422168938e-01	   8.2566378748294322e-01	   6.7611082384669074e-01	   0.0000000000000000e+00	   7.5240674744678271e-01	   6.6558526633303017e-01	   6.2141381725464995e-01	   3.9218839823850882e-01	   3.0850826359619693e-01	   5.0126952373052736e-01	   4.2591052367035476e-01	   2.1920465272155176e-01	   3.1290898510007642e-01	   4.7137176520583152e-01	   3.6068468945644649e-01	   4.2540070739138369e-01	   2.9442509066270739e-01	   2.3784688264744006e-01	   4.3347824822463454e-01	   3.6001412342736927e-01	   3.3016894959399717e-01	   4.7240190633777063e-01	   3.5735566525967238e-01	   4.1979276690933442e-01	   3.7947779387614233e-01	   3.1836723543464152e-01	   2.6553675444747504e-01	   2.3629855468911193e-01	   3.4644019863872161e-01	   1.9269092062182930e-01	   4.3565619614707124e-01	   1.8087212823169102e-01	   3.1809193221920079e-01	   3.2668851925512388e-01	   3.2642722765128862e-01	   2.2522083641171969e-01	   9.0848748627980369e-02	   1.3002341479779508e-01	   2.0173314046619514e-01	   1.3251193821607921e-01	  -3.9692637050538535e-02	   2.7559340494363355e-01	  -9.5779927425397093e-02	   2.5819148633066569e-01	  -4.6192607086109755e-02	   3.1426077879769154e-01	   1.1094872375256250e-01	   3.3117874911424661e-01	   3.1355780597859884e-01	   4.9354191815241855e-01	   2.4921555150921240e-01	   7.2476903669505022e-01	   4.8331173154132789e-01	   4.8713427261438241e-01	   4.6193262067586061e-01	   4.1653106671644929e-01	   2.0484990659852920e-01	   3.5256458857877315e-01	   2.2617162602518587e-01	   3.0920345700921237e-01	   3.3377600561323290e-01	   6.5945147031566409e-01	   5.7225597650219140e-01	   5.2400396962150109e-01	   4.3911849537560799e-01	   4.6168079158111652e-01	   4.4300195300608491e-01	   5.2824244920229457e-01	   4.4522440582119860e-01	   3.1366948973585462e-01	   3.0047646664633532e-01	   4.1809909145999158e-01	   3.9078263278072112e-01	   3.2690931399878720e-01	   3.3984707379358609e-01	   4.6549204488081469e-01	   3.3133865137331031e-01	   1.3184859688650649e-01	   1.8268131809878124e-01	   4.8350494806795735e-01	   4.0632041188259455e-01	   9.6241062411280359e-02	   1.2800216029462691e-01	   1.5102218851404167e-01	   3.0389641005956064e-01	   4.4943092786214012e-01	   3.1196722131771659e-01	   3.9452738718741298e-01	   3.7406993419238543e-01	   4.6487475757759508e-02	   1.2246870776762499e-01	   7.2970861793462821e-02	   2.7581995386142749e-01	   1.2298502874562456e-01	   2.3052997661788305e-01	  -6.6905841574082900e-02	   2.7611511265685967e-01	  -6.4823042571762760e-02	   2.6468953573791520e-01	   2.2954208803742493e-01	   4.5571394012966121e-01	   4.6502509030065775e-01	   1.5057008658268950e-01	   4.5136981446439024e-02	   2.7810421205209812e-01	   3.2474868163234899e-01	  -1.1108153227708190e-01	
