   0.0000000000000000e+00	   7.8355626588566818e-01	   6.9945319958263319e-01	   6.3991974548686303e-01	   1.2303593876931859e-01	   4.6167829040799779e-01	   6.8836960244748036e-01	   5.5061411783929315e-01	   1.4444438853620523e-01	   5.9392813764823460e-01	   7.8169616182385004e-01	   7.4767301126576435e-01	   7.4625052200123432e-01	   5.4256705362484381e-01	   7.5408611401262271e-01	   6.8368673379150957e-01	   5.8626773167532642e-01	   6.1126358167798311e-01	   8.8165516988754644e-01	   7.7468994509916989e-01	   5.1796695357006728e-01	   4.8562333738581798e-01	   5.5345068809344800e-01	   4.6581585372909828e-01	   4.9738938093832485e-01	   3.6185946377554834e-01	   5.5982233130743642e-01	   4.7749993095482862e-01	   6.2662425667466692e-01	   5.8448657162511763e-01	   5.3391326508148984e-01	   3.4819252920740718e-01	   6.8782508980917179e-01	   6.1948461687232692e-01	   4.2700696714991954e-01	   4.5306655094750309e-01	   4.2742565824531159e-01	   2.3860786836393177e-01	   5.9217214130307116e-01	   5.4791358643620547e-01	   7.8762979158932656e-01	   5.6516860013879489e-01	   5.8301396615384604e-01	   6.1627139681497389e-01	   6.1382950502648470e-01	   6.7942073041316986e-01	   6.5842592902029140e-01	   6.4670466898804113e-01	   7.0611326896141691e-01	   7.0409908337080007e-01	   7.4573750812716311e-01	   7.3849691616722701e-01	   7.8981125633594718e-01	   6.4429803029727051e-01	   7.9267540559976879e-01	   7.9793691101088471e-01	   7.0897957617536100e-01	   5.4611453653896247e-01	   7.1898747464507851e-01	   6.5199790341461361e-01	   6.5306704302263652e-01	   4.3700252061338452e-01	   4.2358981407107410e-01	   3.9565390653922317e-01	   3.7528137168180098e-01	   3.1335190850609140e-01	   6.9442800502501523e-01	   6.2312489617568656e-01	   6.3866451479721253e-01	   5.4627260969802927e-01	   4.6918727468314336e-01	   2.2735227269472102e-01	   5.4715743593331556e-01	   5.3414664425463543e-01	   5.3422837892293606e-01	   5.5433450523606931e-01	   3.8391383192011025e-01	   3.4646067154691823e-01	   5.1931965194733709e-01	   4.4702995489488295e-01	   6.0462643476673705e-01	   6.6918527497039182e-01	   7.3622905871998578e-01	   7.6520910041475931e-01	   6.9427173754198224e-01	   6.4658799094747543e-01	   6.0486913082789895e-01	   5.7014567924437809e-01	   7.1842702393612634e-01	   7.5781059411451424e-01	   6.9424503008058280e-01	   6.7298404282205904e-01	   4.1308272318666800e-01	   6.0938390848553459e-01	   1.4311045877482215e-01	   2.7205335917390461e-01	   7.8368399814001521e-01	   6.4737144379979816e-01	   8.2196509146741503e-01	   8.4254717491661801e-01	   4.6022362161280145e-01	   5.8195916218208299e-01	   6.6639369267315507e-01	   5.8677844607686946e-01	   1.8286196817264763e-01	   2.2575298215465595e-01	   3.6255718740946452e-01	   4.4796412400599672e-01	  -9.4139729265576483e-02	   8.4899867582194956e-03	   7.1951089674327706e-01	   7.9645732135651737e-01	   8.1292775510401982e-01	   5.2202629009176427e-01	   3.4604864968914689e-01	  -4.1754205705304159e-01	
   7.8355626588566818e-01	   0.0000000000000000e+00	   4.4958848956518305e-01	   6.3188125712877785e-01	  -6.3793225040748705e-02	   2.7411554293333834e-01	   4.1115072003264025e-01	   4.7146628645281741e-01	  -4.7247896015237267e-02	   5.4985444270800110e-01	   5.9902565745439629e-01	   7.4360858953207853e-01	   4.3495787847651657e-01	   4.3999681182548872e-01	   5.8002244602693920e-01	   6.3303036081620023e-01	   6.6720940655560224e-01	   7.2579002530673620e-01	   6.8235585166173718e-01	   8.0318381658640225e-01	   3.8505147161191422e-01	   3.7151931296101187e-01	   3.5763109228537393e-01	   3.7451248864310760e-01	   3.8976896349301859e-01	   1.8242465852759399e-01	   4.3778388040347560e-01	   2.9811549906580986e-01	   5.1450858255515786e-01	   6.1039854517609382e-01	   4.9104956527267341e-01	   3.5976095953690068e-01	   6.2013593151398549e-01	   6.5444398829739781e-01	   2.5043863728375382e-01	   3.1756663407895436e-01	   4.6092527949598094e-01	   3.7771315937335004e-01	   5.4435082847835203e-01	   5.7938260161484267e-01	   6.6917701624724502e-01	   4.2785687741687711e-01	   4.4597311324657540e-01	   4.8914522534732030e-01	   4.1344355022337531e-01	   5.3882052356969723e-01	   5.5177627663329432e-01	   6.0527235580103589e-01	   4.2568670705325307e-01	   4.8256409333905320e-01	   5.1618874836164441e-01	   4.8245955043571487e-01	   5.9572684435617684e-01	   3.9714599280639523e-01	   6.9108969899749662e-01	   7.4376876171582851e-01	   8.4228354936030181e-01	   7.9966086587235385e-01	   5.7284190465955886e-01	   6.4433039964708461e-01	   6.2946657779934045e-01	   6.1175732010666017e-01	   5.8484107799271978e-01	   6.8476794725993873e-01	   3.6328527245783238e-01	   3.3055996966580137e-01	   5.4139321931809103e-01	   5.4162355148082120e-01	   6.6966732883757352e-01	   6.1262459635630229e-01	   4.0783176558199391e-01	   3.6352128097305153e-01	   5.1414770000345777e-01	   5.7547197718329812e-01	   5.3287190080402957e-01	   6.0531021029225174e-01	   4.8262700479169024e-01	   5.2577571091863717e-01	   5.5908154032789281e-01	   5.3951195667287810e-01	   6.4053518828852962e-01	   6.5921133884451311e-01	   6.3383264299498276e-01	   7.3232108307320065e-01	   6.1094837007611524e-01	   6.2821820594463806e-01	   5.0854280175564659e-01	   5.9811485502305228e-01	   6.7692908426526266e-01	   6.3144212281905521e-01	   5.8399309502630348e-01	   5.3754685630591481e-01	   4.3275777782548075e-01	   5.3029969779595165e-01	   1.4317367044794074e-01	   3.7379564944030386e-01	   7.1435187272058032e-01	   6.9013127328985346e-01	   7.2805618343283551e-01	   7.0235280170325265e-01	   6.0257999430354148e-01	   4.7005645056778955e-01	   7.0100549032186943e-01	   4.9928929652158466e-01	   9.2279006562266910e-02	   1.7039707484935787e-01	   2.5770654485707151e-01	   3.9984366137238991e-01	  -1.0079402035205244e-01	   7.9228650769495770e-02	   6.2277964546843723e-01	   6.1650916279493728e-01	   6.6747252886995834e-01	   4.6179541698701815e-01	   2.7697710443980894e-01	  -2.8344453259324126e-01	
   6.9945319958263319e-01	   4.4958848956518305e-01	   0.0000000000000000e+00	   7.1757985831040427e-01	   4.8872411420093381e-01	   5.7819609103736025e-01	   8.3240839515635989e-01	   4.7422982446011980e-01	   5.0488961866872795e-01	   4.6325922256873286e-01	   5.0222628678567593e-01	   4.1733081940550920e-01	   5.7314026380119509e-01	   2.0966371040963327e-01	   5.7140844388549128e-01	   3.4623443895832418e-01	   2.3947712693872528e-01	   2.7513669139408015e-01	   7.7472230224800342e-01	   6.2802493163440920e-01	   4.0155828894784373e-01	   3.4947724563548088e-01	   8.0797368331839614e-01	   6.4163103753105366e-01	   7.1416893325852271e-01	   6.4766665589972461e-01	   6.0929165220352022e-01	   5.1394906401457652e-01	   2.8738960463239005e-01	   2.0294663452034006e-01	   4.4832534456981132e-01	   2.6479854764390209e-01	   5.1847420505429276e-01	   3.9242492234194926e-01	   6.3262131699743063e-01	   5.7576952438502338e-01	   2.1511625762888745e-01	   1.5241149804487715e-02	   3.5052453834038855e-01	   2.8050903136449135e-01	   5.6779024978257064e-01	   3.3382101056971958e-01	   5.3393565756142625e-01	   5.0024838237397973e-01	   6.0735629811361291e-01	   6.2159967363026880e-01	   5.0862576008000127e-01	   5.2927455377081745e-01	   6.1748783568295873e-01	   6.2036632086980437e-01	   7.1763581592391257e-01	   7.0958091142617019e-01	   6.4131481918574318e-01	   6.6465918995371664e-01	   6.1644743646610589e-01	   6.6383887808959197e-01	   4.1090384372055855e-01	   2.6830421682337813e-01	   5.3673158672012233e-01	   4.9880376110431979e-01	   3.2366546585719524e-01	   1.2636118211819505e-01	   1.2507255596229855e-01	   5.4865421617549634e-02	   4.9226063277250309e-01	   4.4385976512060460e-01	   8.1109985510301463e-01	   6.9566897337618372e-01	   5.7996575344729562e-01	   5.1381621379190257e-01	   3.5884761924462660e-01	   1.2512736114373263e-01	   2.4853410086564390e-01	   1.2417720471814672e-01	   2.0421952717555064e-01	   1.9092634346474902e-01	   7.0024123583864686e-02	   4.9314599850872913e-03	   2.0223441226436972e-01	   1.2232045004789766e-01	   2.9438202190754509e-01	   3.9125697776385471e-01	   5.8822042639443639e-01	   6.2318307701996067e-01	   6.2089861439551941e-01	   6.0234691021440123e-01	   6.7803572403425605e-01	   5.7425648111209859e-01	   5.6961521648115432e-01	   7.3024945542138964e-01	   7.5314505927619768e-01	   6.7792903175199692e-01	   5.3849290574167408e-01	   5.8114992133032828e-01	   1.2971869206516343e-01	   1.6600302229968478e-01	   6.5127620574436584e-01	   4.0778650305399666e-01	   7.1127625244737835e-01	   6.8610091119617678e-01	   5.1533630111661477e-01	   5.8428307830333259e-01	   6.3878275905347859e-01	   5.5857617941979421e-01	   2.7003213055389380e-01	   2.1716460278401739e-01	   4.2745559763339680e-01	   4.9920792637848588e-01	  -1.9110162766686725e-01	  -1.6254272691229710e-01	   5.7252433631854238e-01	   6.7636018450424151e-01	   6.3686965385545546e-01	   4.1555916365334411e-01	   2.4545717225010094e-01	  -4.6360792211131341e-01	
   6.3991974548686303e-01	   6.3188125712877785e-01	   7.1757985831040427e-01	   0.0000000000000000e+00	   1.9167712064392711e-01	   6.0461326320773545e-01	   6.0810263761078698e-01	   7.7373962844152833e-01	   1.6864265239499043e-01	   6.0488073055338121e-01	   3.6845341663905817e-01	   5.4279328230018054e-01	   3.5153403041452203e-01	   3.6653972601183743e-01	   6.3013870608383349e-01	   5.3889984427344484e-01	   4.0814803103259917e-01	   4.8460656147914777e-01	   7.5158348745421821e-01	   8.0236984618479257e-01	   4.3866757572964105e-01	   4.1098682796642910e-01	   7.4808067996982075e-01	   8.2123210044126371e-01	   5.3857718277002109e-01	   5.7524309394432738e-01	   5.6799735320010103e-01	   5.3486834270273498e-01	   3.4045905881791289e-01	   3.5790000500908686e-01	   5.1681868697133448e-01	   4.3861081828958104e-01	   6.4887343922046214e-01	   6.0916899424593518e-01	   6.2731574913117694e-01	   6.3421085189260329e-01	   2.5207594110175008e-01	   1.5503514263991303e-01	   4.1451242341779038e-01	   3.9257804958259779e-01	   6.2924873178647145e-01	   2.7798265812362000e-01	   5.9937585711329666e-01	   5.6083541397166581e-01	   6.2720608301583969e-01	   7.2934762117640028e-01	   6.4299110066988363e-01	   7.0719593424060068e-01	   5.7349434236296848e-01	   6.1214878365582592e-01	   6.8798920659767482e-01	   6.1466978700673791e-01	   5.9178423291187132e-01	   6.0652343686238974e-01	   6.4326722769179545e-01	   7.5355488151929229e-01	   5.9058924202893803e-01	   4.5781291306880578e-01	   5.1854262041505794e-01	   5.5466314716508680e-01	   3.9934168716325918e-01	   3.4145420302144830e-01	   4.2586965559895107e-01	   3.2724032485037308e-01	   5.7451209126469605e-01	   5.6212470974890116e-01	   8.6141492626492122e-01	   8.0722154460350848e-01	   6.3041506241703038e-01	   6.1824508598968575e-01	   4.3188891258526363e-01	   4.3189624728622800e-01	   2.9655357600961429e-01	   3.2469855240208412e-01	   2.7002930561787314e-01	   3.9117635805720430e-01	   3.1502414850705357e-01	   2.7930970037482838e-01	   3.3704886927061400e-01	   3.4535669594077528e-01	   4.5776264012647055e-01	   5.2316635888037377e-01	   7.1234479459393829e-01	   7.8336658507444668e-01	   6.9537411484812894e-01	   6.5531600805526402e-01	   7.5850332077370197e-01	   7.9759668701021669e-01	   7.0588760598367584e-01	   6.9342995814805952e-01	   8.1070423199582886e-01	   6.7961120406349085e-01	   6.8083739819718070e-01	   6.6217103721712822e-01	  -2.1911151997394761e-02	   2.2126566264630304e-01	   7.2250682342572659e-01	   5.2976780382402322e-01	   8.0156587281134373e-01	   7.3831456260903361e-01	   6.7831311434921537e-01	   6.8617767448669131e-01	   7.0560913083525634e-01	   5.9041652649861587e-01	   2.3546948017383279e-01	   1.7503716321468787e-01	   4.0134312211000200e-01	   5.1319923676637891e-01	  -3.3741876572431623e-01	  -1.2494594136397488e-01	   6.5642543236124418e-01	   7.2199996765019026e-01	   6.8041942400841915e-01	   4.0310792366550297e-01	   1.8694176137020244e-01	  -5.1722051754044795e-01	
   1.2303593876931859e-01	  -6.3793225040748705e-02	   4.8872411420093381e-01	   1.9167712064392711e-01	   0.0000000000000000e+00	   6.5500054538001184e-01	   3.3698307701081220e-01	   7.9081515358014151e-02	   9.4053808539656303e-01	   2.0204624585273212e-01	   8.3292191027594442e-02	  -1.0983378460867235e-01	   3.3002916803278748e-01	  -1.0366387438701846e-01	  -1.7711034804499970e-01	  -2.4514258284062540e-01	  -3.7889532634247752e-01	  -4.6948442894564724e-01	   1.5717852299977236e-01	  -8.9085395772836279e-02	   3.4155954152688289e-01	   4.8152533037089612e-01	   2.6396906428530459e-01	   2.5453991903831563e-01	   6.3123652969620925e-01	   6.7254672743658261e-01	   4.5186149861626218e-01	   5.5829572315485221e-01	  -1.8113405727149348e-01	  -2.8832209285484894e-01	  -1.4325999207481399e-01	  -2.0888148887545782e-01	  -2.0756869397324873e-01	  -2.5488017991152923e-01	   1.7757706131638865e-01	   2.0292430729803376e-01	   8.1405591380119283e-02	   4.1319104791638681e-02	  -1.5295194481315982e-01	  -9.6106885756253924e-02	  -9.1192899833286104e-04	   1.0929195074231118e-01	   1.8038205259653689e-01	   2.4186369145893735e-01	   2.1322882751559988e-01	   1.0496970093914480e-01	   1.3543298750208543e-01	   1.3023547615115447e-01	   3.8921222176366077e-01	   3.6616984623527193e-01	   3.1311507253135695e-01	   4.5423921537055734e-01	   3.3956121952306934e-01	   4.6581428584675455e-01	   1.7361028559479025e-01	   2.3228885301934699e-01	  -1.6589278083231979e-01	  -1.7328705654395860e-01	   2.0350588436059414e-01	   8.9256729434618792e-02	  -8.8095011865656409e-02	  -1.1099932704814872e-01	  -3.8740447209511675e-01	  -3.7692913948616003e-01	  -1.6139451450855197e-01	   2.5026634042991040e-02	   1.9259572031867472e-01	   2.0637903842042733e-02	   9.7739922818877223e-02	  -1.0961482956213500e-01	  -1.8081470349140150e-01	  -3.1351057614605310e-01	  -2.6813465027367267e-01	  -3.5753640609955484e-01	  -2.4802854905112637e-01	  -3.3269384353183251e-01	  -2.3324592998081051e-01	  -3.2024769992532498e-01	  -3.8656264387498440e-01	  -5.7394044065308503e-01	  -2.6341583210014480e-01	  -2.3836083734142799e-01	   4.2118711371824935e-03	   6.6505848669098202e-03	   2.7615942576118244e-04	   5.5773468836929560e-02	   2.3975725983335400e-01	   4.4455211310344390e-02	  -8.6867947709164811e-02	   2.8862732737153157e-01	   2.4549191359072631e-01	  -7.7262645299225108e-02	   1.0426283219086474e-01	  -1.3278465449450055e-01	  -1.5750599194488549e-01	  -5.2806724381573439e-03	   8.3973399541908827e-02	   1.2948375609619156e-01	   1.5802717180327419e-01	   1.4375204961071106e-01	   2.5335175128867037e-02	  -1.0907587831836763e-01	   3.8158894378537415e-02	  -2.9633687289619459e-02	   4.0383892891070988e-01	   1.4388766944180220e-01	   3.3612386341607786e-01	  -1.7487268041983625e-02	  -1.3852966800877572e-01	   1.3872056429977226e-02	   1.4660119571753127e-01	   1.8060389046372760e-01	   1.9976986734288238e-01	   7.7822796308310987e-02	   2.1964874459352129e-01	  -1.3937706633250049e-01	
   4.6167829040799779e-01	   2.7411554293333834e-01	   5.7819609103736025e-01	   6.0461326320773545e-01	   6.5500054538001184e-01	   0.0000000000000000e+00	   4.5096730607452329e-01	   5.5718285693799707e-01	   5.7001176112712792e-01	   5.8703348451455151e-01	   2.6329065479534813e-01	   2.8790551985117491e-01	   4.1641612810885775e-01	   3.4067582499870702e-01	   2.7759043491073232e-01	   3.0643032755639199e-01	  -9.1784765388164963e-03	  -4.6960602602870327e-02	   4.3681780101244599e-01	   3.0852090746622152e-01	   5.1932456220328849e-01	   6.6930616580115987e-01	   5.0611794127500664e-01	   6.6536439385546897e-01	   6.4977554208238020e-01	   8.0609281437649039e-01	   5.7128188327936946e-01	   7.3584176715086469e-01	   1.4945310126133565e-01	   1.0207559789396388e-01	   2.0822909479760324e-01	   1.8738024472531312e-01	   2.3662571121306972e-01	   2.2548714024898320e-01	   4.8808764342041588e-01	   4.8061845294727085e-01	   2.3252451287407350e-01	   2.1708625840629789e-01	   2.1000586212275668e-01	   2.4125399592969116e-01	   3.0236791665963608e-01	   3.1953633627700329e-01	   5.1658032645670060e-01	   5.5476918840837630e-01	   5.5256098018829680e-01	   4.9044062938028093e-01	   5.3762087859024166e-01	   5.2197233512765140e-01	   6.6502028116040102e-01	   5.9589469359318759e-01	   6.2400406984859202e-01	   6.4641118877573944e-01	   5.8671462475131331e-01	   6.4003092533376549e-01	   5.2408417905906490e-01	   5.9533278558346803e-01	   2.1149537507412247e-01	   7.5331367571508254e-02	   4.0851046765886029e-01	   2.9952675460242834e-01	   2.2612164744727797e-01	   2.0569332052307851e-01	  -1.7979153781657833e-02	  -3.9267512387481579e-02	   1.7062892377690386e-01	   3.0648263529678710e-01	   5.4474168457886085e-01	   3.8010161638661211e-01	   3.0343312646321113e-01	   2.0366544609751963e-01	   1.0270914420099697e-01	   6.8342757376408658e-02	   8.5473266856955957e-02	   1.0027260513175930e-01	   4.3301895063856385e-02	   1.1443744802918852e-01	   8.6791433981885435e-02	   8.5308431579176665e-03	   3.9268184878894774e-03	  -1.3839814632914010e-01	   7.4363033750299984e-02	   1.2519481690547757e-01	   4.0258042231834512e-01	   3.5307585713575518e-01	   3.0345498168116847e-01	   3.2571892380866341e-01	   5.3033308790169553e-01	   3.6153921785215337e-01	   2.5186654445871182e-01	   5.3992786307348606e-01	   5.1243055179053987e-01	   2.3706880808553282e-01	   3.4493439992333019e-01	   2.5034529812001949e-01	  -2.8133867966935389e-01	   1.3972054503878958e-01	   4.4412916270334712e-01	   4.4357532348227230e-01	   5.2324120721760947e-01	   5.2707860892693248e-01	   3.0704138779374113e-01	   2.5952545191696541e-01	   3.7766614645353025e-01	   1.5062331817911817e-01	   4.1224439121132783e-01	   1.9942432653246134e-01	   3.6143452745827215e-01	   1.3861354436895523e-01	  -1.9701254711790378e-01	  -4.0750456359674947e-02	   4.9162219126054840e-01	   5.6273055767214730e-01	   5.9534108072432879e-01	   3.7530861807803484e-01	   4.3709803307126371e-01	  -2.6550673749309739e-01	
   6.8836960244748036e-01	   4.1115072003264025e-01	   8.3240839515635989e-01	   6.0810263761078698e-01	   3.3698307701081220e-01	   4.5096730607452329e-01	   0.0000000000000000e+00	   5.9527723513304354e-01	   4.4418798056976672e-01	   5.3805377386717934e-01	   6.0820980436691641e-01	   5.2214976351816034e-01	   6.6554264780469241e-01	   2.8483798908453328e-01	   6.2731929673978404e-01	   4.1428219412420630e-01	   3.4381790729558548e-01	   3.2863322061773192e-01	   7.5254888094213412e-01	   6.3639568255633927e-01	   2.7906280828636298e-01	   3.1199482341012841e-01	   6.5731490397340098e-01	   4.4067699832264190e-01	   5.2938640147729599e-01	   4.4748599683173329e-01	   4.2734316502895059e-01	   4.2651235868700249e-01	   4.2923096810309141e-01	   2.9929598113690209e-01	   5.1450423812006618e-01	   3.2497122644235577e-01	   6.0357146850301235e-01	   5.1775591246911690e-01	   4.8484297324073028e-01	   4.8596375897687050e-01	   1.3317791995801459e-01	  -9.9878541820666897e-02	   3.4760826978476034e-01	   2.3613123979619347e-01	   5.7791406226458764e-01	   3.3441728740422461e-01	   4.4483650529810376e-01	   4.2001362127049974e-01	   5.1507370552772958e-01	   5.7362270036085894e-01	   4.7801799356414842e-01	   4.4527959701133540e-01	   5.7550061824668564e-01	   5.0950868966036433e-01	   6.1834556537810503e-01	   5.9720272310331468e-01	   5.9262832543151889e-01	   5.6129856024165248e-01	   5.5498792540348607e-01	   5.6575353953401364e-01	   3.4852676249026548e-01	   1.9320945682156743e-01	   5.1336577875937317e-01	   4.0644182555636077e-01	   3.9974913418074809e-01	   2.0509073802518885e-01	   1.3794231456685987e-01	   3.8326115455273500e-02	   3.3231795384188451e-01	   3.0458571038954485e-01	   6.7769682949585208e-01	   5.6992325140309530e-01	   5.5608494931194119e-01	   5.1577630146921449e-01	   3.8073657555344831e-01	   1.1606887171958688e-01	   3.6246460742632780e-01	   2.4298174522762483e-01	   3.0288526485471262e-01	   2.8737077219192086e-01	   8.4241916179190163e-02	  -2.3933140109405220e-02	   3.0284989701722037e-01	   1.6582319729397660e-01	   3.0769782794980571e-01	   3.7807082105291129e-01	   5.1911213766472797e-01	   5.2806162969965720e-01	   4.9323808101512390e-01	   4.7056998692251073e-01	   4.7686425463681487e-01	   3.7794318569296992e-01	   5.0702721630273095e-01	   6.3573653999417323e-01	   6.7524806131961301e-01	   6.5464726093075520e-01	   5.4124942653886310e-01	   5.6452900840542586e-01	   9.2092544599351275e-02	   8.1990300005766709e-02	   5.7449242927348876e-01	   3.4184329040646466e-01	   6.5108024565627076e-01	   6.4588903973647382e-01	   5.2261972040707194e-01	   5.5625870976694558e-01	   5.7375896955680317e-01	   5.4283776798331640e-01	   1.6832238738633365e-01	   1.4744234709560919e-01	   3.6430090455254016e-01	   5.0431873544937134e-01	  -1.3336489467291579e-01	  -1.1661867962461921e-01	   4.9260457014295533e-01	   5.7699192328175419e-01	   5.5542755641310526e-01	   3.8420215096634358e-01	   2.2597080272224401e-01	  -4.0829628736407414e-01	
   5.5061411783929315e-01	   4.7146628645281741e-01	   4.7422982446011980e-01	   7.7373962844152833e-01	   7.9081515358014151e-02	   5.5718285693799707e-01	   5.9527723513304354e-01	   0.0000000000000000e+00	   6.9132015295982507e-02	   5.5206599695383174e-01	   4.2287452019237703e-01	   6.6118689778118456e-01	   4.5559689004060056e-01	   6.6162723329879802e-01	   6.6809665089887771e-01	   6.0791343253232732e-01	   3.6565094850533153e-01	   4.6135819902220221e-01	   6.4686976647184347e-01	   6.6111532695129671e-01	   3.4417007976838021e-01	   4.4815646659828701e-01	   5.7069267602026252e-01	   6.0953945046836222e-01	   1.9489648768774184e-01	   3.4269512353290021e-01	   4.2882460272224932e-01	   5.1078427644203128e-01	   4.5560641842419874e-01	   4.6969023449685038e-01	   4.6615232651544353e-01	   4.4247681772342601e-01	   6.2292053130670955e-01	   6.1831507528516982e-01	   4.3841759120269919e-01	   4.8811913501828713e-01	   2.0202630651499076e-01	   1.4845632297193226e-01	   3.6647295595960505e-01	   3.9680930174915702e-01	   5.2546942307811773e-01	   3.1980499751698194e-01	   5.4948248144177858e-01	   5.3959493909034129e-01	   5.6497819109314229e-01	   6.5036413496638934e-01	   6.2570402097876809e-01	   5.7795712177541847e-01	   6.0726915348868471e-01	   5.1107052702184630e-01	   6.1378348308505815e-01	   5.2538162732492366e-01	   5.5545523355090398e-01	   5.5374885740799307e-01	   5.8455121973886182e-01	   6.4063327189666919e-01	   4.1791202928108057e-01	   2.3809370158761400e-01	   4.9349751833412336e-01	   3.3374082451696441e-01	   3.4678225865378115e-01	   4.0840028473480477e-01	   2.8078427277017459e-01	   2.0852471299646169e-01	   4.3538726028947555e-01	   4.2338445552509785e-01	   6.6668678921853508e-01	   5.9823613928882990e-01	   3.9037974692708322e-01	   4.4377603008272948e-01	   3.7030685401902619e-01	   3.5287107810395396e-01	   3.1094476836076035e-01	   4.2393575931990313e-01	   2.7704384114706143e-01	   4.2657234548838402e-01	   3.9720220895442870e-01	   3.3631413676707100e-01	   3.4398031490858549e-01	   3.8865249100612442e-01	   3.6091011158035158e-01	   4.9868882163977901e-01	   5.8292806106161543e-01	   5.6878211079697927e-01	   5.3979756285946745e-01	   4.7946527112209925e-01	   5.8251933219369556e-01	   4.7729866893583212e-01	   5.8112317248142076e-01	   4.8135369291465802e-01	   5.8064272798850181e-01	   5.3419862359107984e-01	   5.1722914715577473e-01	   5.3924642311366877e-01	  -1.1301604221241705e-01	   2.3105634186739482e-01	   5.8187814127021031e-01	   5.1281092980278287e-01	   6.2499257840011890e-01	   6.7799293289943940e-01	   5.1065890246699430e-01	   5.2419230085406798e-01	   5.3798042659343492e-01	   4.0507633828335132e-01	   1.9921009523046163e-01	   1.0689429244506529e-01	   2.8559189000906665e-01	   2.8966231674194681e-01	  -1.7712661588824352e-01	   2.4293283075554679e-02	   5.4875805484867501e-01	   5.4798885587498658e-01	   5.7273391325251422e-01	   4.6966718561538368e-01	   3.2944068353425693e-01	  -3.6394578970610314e-01	
   1.4444438853620523e-01	  -4.7247896015237267e-02	   5.0488961866872795e-01	   1.6864265239499043e-01	   9.4053808539656303e-01	   5.7001176112712792e-01	   4.4418798056976672e-01	   6.9132015295982507e-02	   0.0000000000000000e+00	   2.4838894138889339e-01	   1.3407526549856508e-01	  -8.1208233499278887e-02	   4.0324819101833320e-01	  -8.5409217027799758e-02	  -1.3088895349966784e-01	  -1.6886831164371585e-01	  -3.2763830780650471e-01	  -4.2509026757835799e-01	   1.6135574170825998e-01	  -5.7362956845952003e-02	   2.4354238614609997e-01	   4.2506972062724391e-01	   2.5486531399867063e-01	   2.1477505213561943e-01	   6.0535202875142091e-01	   6.0141013105335484e-01	   3.2160658998981473e-01	   4.6188733509613966e-01	  -1.2847201342847167e-01	  -2.7160461173617589e-01	  -7.5959713736636125e-02	  -1.5247385962859586e-01	  -1.4969050282814267e-01	  -1.8654208824194546e-01	   1.4059494426257793e-01	   1.8301493818676962e-01	   1.1037445964874065e-01	   3.2034961791598288e-02	  -1.0853356258842087e-01	  -6.1616668490000595e-02	   9.9038815817530310e-03	   1.6068934741184498e-01	   1.6004022211745847e-01	   2.1006091523231127e-01	   1.7117160556495087e-01	   1.0049347328370764e-01	   1.4145316192185320e-01	   1.2229318146160076e-01	   3.9591932672686703e-01	   3.5630952937947674e-01	   3.1004093305447100e-01	   4.2575369671570484e-01	   3.6245067458332103e-01	   4.0495825842029609e-01	   2.1991939681725292e-01	   2.5354044122991098e-01	  -1.6009440319096604e-01	  -2.0439338476015606e-01	   1.9185789794090141e-01	   4.3578174871779791e-02	  -5.7415272351758535e-02	  -1.3622443466839276e-01	  -4.0661809529219073e-01	  -4.1740393438113194e-01	  -1.6972541524666485e-01	   2.4963140555032599e-03	   1.5097514820829377e-01	  -1.3196112062657842e-02	   1.4550428686586517e-01	  -3.4385992404617004e-02	  -9.0769342395189870e-02	  -2.4389155044220689e-01	  -1.7127686875727000e-01	  -3.0620945576271985e-01	  -1.6935775761099081e-01	  -2.9661805923756335e-01	  -2.0646372804146698e-01	  -3.0027227213776941e-01	  -3.5755555653143456e-01	  -5.5418627247440799e-01	  -2.3826192644034361e-01	  -2.1189813120855483e-01	  -2.0932186984610551e-02	   2.0485686683951523e-02	   8.6784814030317582e-04	   8.4454336895475310e-02	   1.6036654152055482e-01	   1.2159212749340830e-02	  -6.6986211062505963e-02	   3.2230410782840907e-01	   2.8120248805117753e-01	  -2.0571269691516875e-02	   1.2605155464234244e-01	  -1.0668793761442194e-01	  -8.3947224665279777e-02	  -2.0633461815725000e-02	   1.1802496240764812e-01	   1.2179214650569076e-01	   1.9211267443580701e-01	   1.6327460418376330e-01	   4.5958110137481321e-02	  -1.0996839728881132e-01	   2.1712851288104813e-02	  -4.3230890458048524e-02	   2.8235753595014895e-01	   6.1718893198595123e-02	   2.2343263079688533e-01	   2.7433830505758549e-02	  -1.1539802924141318e-01	   1.1808997693160820e-02	   1.6805033526053906e-01	   1.6611409152259943e-01	   1.8468575313054170e-01	   8.2806286548711111e-02	   1.5645471628424557e-01	  -1.9023741335414435e-01	
   5.9392813764823460e-01	   5.4985444270800110e-01	   4.6325922256873286e-01	   6.0488073055338121e-01	   2.0204624585273212e-01	   5.8703348451455151e-01	   5.3805377386717934e-01	   5.5206599695383174e-01	   2.4838894138889339e-01	   0.0000000000000000e+00	   4.5543128702887442e-01	   4.9079604533175192e-01	   5.2921488300668051e-01	   4.1033483523119441e-01	   4.8588228914342452e-01	   6.4321437356672062e-01	   1.7567505093475694e-01	   2.3895015721463075e-01	   5.1227976446873957e-01	   5.1879121235305614e-01	   4.6236479813196363e-01	   5.6232124873668321e-01	   4.1422986225246017e-01	   4.8224200068649004e-01	   5.5489986380615219e-01	   3.6404765384740190e-01	   4.1116391343955894e-01	   4.1036474626430264e-01	   3.1209214304018740e-01	   3.1462342662122877e-01	   3.9619843604591054e-01	   3.1433647502050988e-01	   5.2446587278473478e-01	   5.5265671431445496e-01	   3.8536567287594126e-01	   4.5782585078847421e-01	   4.2721099336432311e-01	   2.9310180876167713e-01	   5.5474865772349768e-01	   4.0577998982250607e-01	   5.6846740818098374e-01	   3.3973338380225426e-01	   3.1978313421992544e-01	   3.4634447706411531e-01	   4.2177254821065302e-01	   4.7207743290293758e-01	   4.2754492686820306e-01	   4.2932032811504117e-01	   5.1704845782369946e-01	   5.2140761811309910e-01	   5.7018810248083607e-01	   5.5887979838700375e-01	   5.9043416266323745e-01	   4.9921533204206403e-01	   6.1890821445323552e-01	   5.6910915855113320e-01	   4.1829853233692477e-01	   3.5843295407279097e-01	   5.0674901301986275e-01	   4.2612046701993500e-01	   4.2624494650370592e-01	   3.8482403794140818e-01	   7.5250214685887051e-02	   1.5036039965021461e-01	   2.6820634782991631e-01	   3.6220614898858638e-01	   5.1386045077630649e-01	   4.5657918921136670e-01	   5.4257100278499482e-01	   4.7947429617734444e-01	   2.6923522758718232e-01	   2.6004172647067858e-01	   3.0659813876146103e-01	   3.2656497765395498e-01	   2.5272950136145306e-01	   2.8295463769168183e-01	   2.1442864367477155e-01	   2.3193640986460817e-01	   1.7751590617812563e-01	   1.8963593348147850e-01	   2.1877770899646573e-01	   3.1689248779947898e-01	   4.5138898621047907e-01	   4.5519712632952047e-01	   3.8236260002210076e-01	   4.0392632493560565e-01	   3.4032487841289089e-01	   3.4462165106174858e-01	   4.8069811023413717e-01	   6.3110051758248287e-01	   6.6010715472612613e-01	   4.7502322812638176e-01	   6.0434582265249304e-01	   5.4708037269110055e-01	   3.6421775418193961e-03	   1.9077511339595807e-01	   6.2965268155869070e-01	   5.1782908231408153e-01	   6.2293800971155511e-01	   6.1430034658574295e-01	   5.8018432352620075e-01	   4.9036503825737732e-01	   5.7955590623001196e-01	   3.3314793913613949e-01	   2.8701527076082783e-01	   2.4240140081081524e-01	   2.1408847338131257e-01	   4.7590101482834135e-01	  -1.5567359364583688e-01	  -1.7789209553884251e-02	   5.3515425016547169e-01	   5.7797141422792830e-01	   6.3383116085558688e-01	   3.7926495648902470e-01	   3.5526945352793149e-01	  -3.3781536764558617e-01	
   7.8169616182385004e-01	   5.9902565745439629e-01	   5.0222628678567593e-01	   3.6845341663905817e-01	   8.3292191027594442e-02	   2.6329065479534813e-01	   6.0820980436691641e-01	   4.2287452019237703e-01	   1.3407526549856508e-01	   4.5543128702887442e-01	   0.0000000000000000e+00	   8.0408130920505894e-01	   8.1825734277643225e-01	   6.3332353775869488e-01	   6.2039858973348605e-01	   5.7099237257441604e-01	   6.0149566076923044e-01	   5.9614613287924267e-01	   7.0689316623523379e-01	   5.6621847761467725e-01	   1.4804158920271321e-01	   3.5222204406855662e-01	   4.3061614042609364e-01	   2.4682893272241926e-01	   3.5080684092155712e-01	   1.3627497213919454e-01	   2.1484504125152198e-01	   2.1552635903373141e-01	   7.9941557986701750e-01	   7.3820181206888136e-01	   5.9092308593943133e-01	   4.2688119863035828e-01	   6.5315253704972820e-01	   6.3346428236268237e-01	   2.7798465592175325e-01	   2.6140077371051429e-01	   4.4668956945901045e-01	   2.7572067521971544e-01	   5.3581082474605968e-01	   5.3258121903878031e-01	   7.1637960176764681e-01	   6.2188991115500047e-01	   4.5144172435664409e-01	   4.3867847813210542e-01	   4.9458352524376870e-01	   4.8027774521265121e-01	   5.5721833402707499e-01	   4.1299895164887701e-01	   5.1236614239096201e-01	   4.5972044591083594e-01	   5.0393939883437566e-01	   4.8946385212896582e-01	   5.8994894140832632e-01	   3.7775176743802530e-01	   6.5146493428367780e-01	   5.9943472865225556e-01	   3.6964034611843372e-01	   3.2467290425610212e-01	   4.3827299990034663e-01	   2.9959165170274149e-01	   5.1050385129801878e-01	   3.2917655450499173e-01	   3.3830859725404189e-01	   3.7518388862211466e-01	   3.3249669560293738e-01	   1.6165646805561351e-01	   4.5724907240901747e-01	   3.7754008612865575e-01	   2.9090314506496739e-01	   2.3919745136132789e-01	   4.1053655728718880e-01	   1.8708778984206120e-01	   7.6538665463330402e-01	   6.9974262501260254e-01	   7.3620207400192972e-01	   6.9204926076630546e-01	   5.2963163057689588e-01	   4.6058115395241750e-01	   5.8844927721986595e-01	   4.7383891106830434e-01	   6.0510457928409200e-01	   7.2657822987181975e-01	   5.7427114004247293e-01	   5.9483266525747591e-01	   6.5065133065329883e-01	   6.1106501332297603e-01	   3.5645019993338733e-01	   3.1341404807045958e-01	   4.9270020566033546e-01	   4.7467622419733196e-01	   4.2178302458822425e-01	   4.1878976601480633e-01	   1.8813184362606142e-01	   2.7817075294639843e-01	   9.5597115607059524e-02	   2.1535898581490429e-01	   6.8056544076472369e-01	   5.9035459537581569e-01	   6.0740220320143590e-01	   6.4970960089829333e-01	   2.9545474941060595e-01	   2.5611039710588746e-01	   4.0224548688386141e-01	   2.1860560628749448e-01	  -3.6015153205167655e-02	  -2.3826605779323766e-02	   5.8861845406772924e-02	   8.9624073757082381e-02	  -3.3125279345455137e-02	   2.7391297379616508e-01	   6.2568963805986222e-01	   5.5229631837758153e-01	   5.9515819857157326e-01	   3.3419221750944550e-01	   3.6296082129095847e-01	  -2.3429075918227860e-01	
   7.4767301126576435e-01	   7.4360858953207853e-01	   4.1733081940550920e-01	   5.4279328230018054e-01	  -1.0983378460867235e-01	   2.8790551985117491e-01	   5.2214976351816034e-01	   6.6118689778118456e-01	  -8.1208233499278887e-02	   4.9079604533175192e-01	   8.0408130920505894e-01	   0.0000000000000000e+00	   6.6169206652110901e-01	   7.8288277568931286e-01	   6.8329934778805834e-01	   7.2942530775827330e-01	   7.0091977865313115e-01	   7.4985407554338823e-01	   7.0220852839321868e-01	   7.3267720615097442e-01	   2.1091039501027165e-01	   3.4190411033448231e-01	   3.6196736986707301e-01	   3.2716076240134878e-01	   1.9582271887515257e-01	   3.5274499007366213e-02	   2.7797681870333613e-01	   2.8877749763828053e-01	   7.3015076381694499e-01	   7.8898286885155411e-01	   4.9507882870979980e-01	   3.8012315573507149e-01	   6.5871458200686872e-01	   7.0871212954666851e-01	   2.7304923720831792e-01	   3.1199836586039903e-01	   3.8080525007646515e-01	   3.1842964655857231e-01	   5.8590184667016709e-01	   6.1278582977045171e-01	   7.1983398252349595e-01	   6.2740330958342283e-01	   4.1539034945491887e-01	   4.1958170679007212e-01	   4.2212116308692171e-01	   5.0210441792035543e-01	   5.6286723085576384e-01	   4.6607796340132113e-01	   5.1345913010315569e-01	   4.5159295645679931e-01	   5.4849212268288949e-01	   5.0541912763915553e-01	   6.5859806742210414e-01	   4.6372127885317516e-01	   7.0967600188180979e-01	   7.0668682312078346e-01	   5.3266241430966565e-01	   4.5065014105673828e-01	   5.5192450112854541e-01	   4.6452336883874967e-01	   6.0935116142387624e-01	   5.9012385567721115e-01	   5.1486096745254750e-01	   5.8019907358989653e-01	   3.5535803073302508e-01	   2.3021885725592917e-01	   5.2369473422941148e-01	   4.8347059173732460e-01	   4.3033835145239696e-01	   4.0976275919305211e-01	   3.5953514424562533e-01	   2.7827722882930800e-01	   6.3922316840076310e-01	   7.3712236773965156e-01	   6.0417855755095184e-01	   7.3316689356681275e-01	   4.9856656432622637e-01	   5.3508550862864479e-01	   6.3472821133521329e-01	   6.1768957585554018e-01	   6.5754402394280520e-01	   6.9603435902935695e-01	   6.8954213446286383e-01	   7.0050234002911971e-01	   6.0899370854703305e-01	   5.9176036199907012e-01	   4.4791374246415605e-01	   4.7000008239455460e-01	   6.1404779739456838e-01	   5.3913786625741067e-01	   5.3377591530605184e-01	   4.8496346808500190e-01	   4.0238070679900922e-01	   4.1263646625313133e-01	   1.3595245617497825e-01	   3.9912065174645950e-01	   7.3189718165917772e-01	   6.9156633252501121e-01	   6.6910014689823827e-01	   6.9199957371787768e-01	   5.2054004785329233e-01	   4.0181866555896673e-01	   5.7887077399030673e-01	   3.7079364811486154e-01	   1.8011807082007929e-02	   4.7761437693714992e-02	   1.5631875915892185e-01	   2.2731455651331917e-01	  -7.9984072238858898e-03	   2.1924045906441542e-01	   6.7057346507327020e-01	   5.9079597394861505e-01	   6.8042846371690957e-01	   4.6687131967333506e-01	   3.6911804692105921e-01	  -2.4750893736141968e-01	
   7.4625052200123432e-01	   4.3495787847651657e-01	   5.7314026380119509e-01	   3.5153403041452203e-01	   3.3002916803278748e-01	   4.1641612810885775e-01	   6.6554264780469241e-01	   4.5559689004060056e-01	   4.0324819101833320e-01	   5.2921488300668051e-01	   8.1825734277643225e-01	   6.6169206652110901e-01	   0.0000000000000000e+00	   6.7649647884213138e-01	   6.1094929048043156e-01	   6.1300144157084235e-01	   3.5447417244159152e-01	   3.1210116633115825e-01	   6.2764772334855778e-01	   3.8606790383516437e-01	   3.7175607790707799e-01	   5.6395346910607458e-01	   4.4074957860358288e-01	   2.7883029989948566e-01	   3.9800311678171763e-01	   2.6073553846908176e-01	   2.8400984994844169e-01	   2.7206713744089633e-01	   6.4973773567838156e-01	   5.3240630228260710e-01	   4.5913909021116284e-01	   3.0359904501741841e-01	   4.9658760248555478e-01	   4.4522409792959189e-01	   2.9346473023983188e-01	   3.4306709813841468e-01	   5.3272666142462022e-01	   2.9328009104524050e-01	   5.7340855824928316e-01	   5.3059723974560247e-01	   6.7338589238029656e-01	   6.7572750120299963e-01	   4.3720898790770407e-01	   4.8218442907983372e-01	   4.7626482300393896e-01	   4.7791375027157990e-01	   5.2698434418689089e-01	   3.8334389798242297e-01	   7.0060674990135852e-01	   5.9327039231619538e-01	   6.2652897230859039e-01	   6.7342904875988319e-01	   7.3685752564767948e-01	   5.6916773520830732e-01	   7.4722945541298003e-01	   6.1381756752487759e-01	   2.8199742806030581e-01	   2.1576518203493661e-01	   6.2815474145685146e-01	   3.9580984355233056e-01	   5.1093179795204813e-01	   3.2262210156776400e-01	   7.9983811286609169e-02	   9.7118799331550890e-02	   1.5004263159801245e-01	   1.5564990528688052e-01	   4.5209674255122423e-01	   3.3868507511778423e-01	   3.4805279764081354e-01	   2.2808965362302208e-01	   3.4410529468485784e-01	   3.8519968625954075e-02	   4.9421080962771036e-01	   4.3963679596124239e-01	   4.3167604574305030e-01	   3.5605441545052829e-01	   3.0260806127227047e-01	   2.4277064398523923e-01	   3.8179420417350013e-01	   2.3974891378211557e-01	   3.9879915888899853e-01	   4.9834156915232153e-01	   5.4426583885365898e-01	   4.9060502755390467e-01	   4.8981398594145925e-01	   5.2905345669046788e-01	   3.8018955715713965e-01	   2.3432854831291622e-01	   5.1634869158447527e-01	   5.8415366445307304e-01	   5.2889994988012168e-01	   4.2916614757863641e-01	   2.8680301099227196e-01	   3.5337340970087883e-01	   2.2756761854403618e-01	   3.6811078122938690e-01	   6.7679446388525311e-01	   5.8760536188365053e-01	   6.1072840897329761e-01	   6.4081046666372943e-01	   2.9757363657233715e-01	   2.9833867537139108e-01	   4.1284541565549998e-01	   2.5864686553489807e-01	   1.7203148041966621e-01	   1.4932821393894802e-01	   2.4657639398303804e-01	   2.1175260283497338e-01	   3.5597065602777846e-02	   2.4278549490383855e-01	   6.3385439329435855e-01	   5.5239479586896945e-01	   6.1714893904123302e-01	   4.0162747161227763e-01	   4.0690237337777607e-01	  -2.9575075858288763e-01	
