   0.0000000000000000e+00	   9.0597315988310312e-01	   7.9244365793273630e-01	   8.4533131620233171e-01	   6.4096472085407541e-01	   6.1346534225940541e-01	   7.8527315048237412e-01	   8.4053862891366893e-01	   6.1053020019951365e-01	   6.3280200639465067e-01	   8.3998962101419905e-01	   7.4101228062288094e-01	   7.9841591080413754e-01	   8.2508387804047778e-01	   7.9777983095238669e-01	   8.0155038563975833e-01	   8.3244717472176266e-01	   7.4098463683437021e-01	   8.9341747397306648e-01	   9.0867248805185397e-01	   3.3394257928059012e-01	   6.0069502679878495e-01	   7.8317886096269440e-01	   7.3650468614152098e-01	   6.4785491680881058e-01	   5.6073266319759363e-01	   5.2728121679529971e-01	   4.5886453774379155e-01	   5.1750441971449612e-01	   4.1718709667100645e-01	   7.1715299724943848e-01	   7.3442641902336525e-01	   9.1561314731475751e-01	   8.8192441735984795e-01	   7.5314613622346105e-01	   7.8837711768414009e-01	   3.5110999361552464e-01	   3.9138769321108283e-02	   4.7533974694592596e-01	  -2.1600763718137472e-01	   5.0810878802109327e-01	   1.5587413001139017e-01	   8.5624110040084966e-01	   8.3636010740109912e-01	   8.3093993980038849e-01	   8.2447438529397610e-01	   8.2491362225153841e-01	   8.5418933156610444e-01	   7.9649714768745505e-01	   7.5930916179096675e-01	   8.9723256799687456e-01	   7.6786692887284680e-01	   7.7692891306608280e-01	   7.5751487660563832e-01	   7.5597120768824477e-01	   5.9886763989845060e-01	   9.2749221256338610e-01	   8.7738345177408883e-01	   8.5643055878732988e-01	   8.1807348531219581e-01	   9.2645684759980207e-01	   8.6143635725238266e-01	   8.7228409960535380e-01	   7.5177359397298882e-01	   7.8613204427687466e-01	   7.9663901583909136e-01	   8.1576616402399516e-01	   7.8768963960406246e-01	   8.8557746304902096e-01	   8.2078191496578290e-01	   8.1925105989222557e-01	   7.3495838926512058e-01	   6.0972939031014273e-01	   4.0632122998077480e-01	   4.9607543729637005e-01	   4.6708571974844648e-01	   7.1686385303000488e-01	   7.4665111780285742e-01	   6.0650958001884814e-01	   7.1441396875804786e-01	   7.5353803921673990e-01	   7.9594290092944264e-01	   6.5565990024803811e-01	   4.3277674982778613e-01	   7.5277799200275508e-01	   8.5836453512368305e-01	   4.2369652414984760e-01	   1.1871390114056604e-01	   7.7051013281619418e-01	   8.3535177225535939e-01	   5.4782018713178804e-01	   3.3808783025065797e-01	   4.9072482009234814e-01	   5.6664455360547350e-01	   4.2744307190940301e-02	  -1.5954113557530006e-01	   6.9286456056531409e-01	   5.6033298658129094e-01	   8.1397642352149191e-01	   8.2864953499072713e-01	   5.1547724968211694e-01	   7.3559334541421018e-01	   6.2439043539780958e-01	   7.0723603063869267e-01	   4.9704785885302921e-01	   4.9908313283182160e-01	   6.6820578174329426e-01	   4.7199189882516779e-01	   2.3286128075440077e-01	   5.1932111863124308e-01	   7.9287596961082696e-01	   8.5547831363562854e-01	   7.1107327059160486e-01	   7.6056560182521893e-01	   7.1548989311028122e-01	   3.4105840080880589e-01	
   9.0597315988310312e-01	   0.0000000000000000e+00	   7.0101287557894054e-01	   7.8567744385781046e-01	   4.7636337472307899e-01	   4.7541878871213716e-01	   6.9811989789240791e-01	   7.6220025005755876e-01	   4.8431824193181949e-01	   4.7022997757799123e-01	   7.3472385175987132e-01	   7.5035634518301220e-01	   6.9368047021104307e-01	   7.8591797942524710e-01	   6.6850186167240389e-01	   7.2115810877720132e-01	   7.7647635756779365e-01	   7.7733993435384663e-01	   8.0384329792054054e-01	   8.8291033592855939e-01	   2.9912333185255607e-01	   5.6925793590677465e-01	   6.5278171161479104e-01	   6.2868850306372392e-01	   5.1937278952836530e-01	   4.5150671236922929e-01	   4.3318499950618344e-01	   3.6539778126759498e-01	   5.3317214754886755e-01	   4.8128279869436852e-01	   6.6454674715925188e-01	   6.8503118428536180e-01	   8.6023699188582925e-01	   8.5628653571071456e-01	   6.4784816453612259e-01	   7.0845042873747155e-01	   3.3219315493775753e-01	   6.9340180881242525e-02	   5.1267949960809667e-01	  -2.0083791895825903e-01	   4.6841973876582765e-01	   1.4568918618829613e-01	   7.7271716288772274e-01	   7.9368753108658807e-01	   7.6580094451988034e-01	   7.6508380200485138e-01	   7.9823209711801424e-01	   8.3173184425124347e-01	   7.5135974583172638e-01	   7.3874724532481428e-01	   8.5767306600797977e-01	   7.8343762261331551e-01	   8.0485060541566866e-01	   7.6088590980943149e-01	   7.9578312432522658e-01	   6.6648302581695851e-01	   9.0551121026767867e-01	   9.4148957343699924e-01	   7.8544409727117515e-01	   7.6217486716269534e-01	   8.4977578025822909e-01	   8.4309726985028421e-01	   8.6252050902321042e-01	   7.9363824281116457e-01	   6.7397267648290771e-01	   7.4219946674912129e-01	   6.8755536159335839e-01	   6.9899558766026937e-01	   8.0183296523904712e-01	   7.7794342578789566e-01	   7.5139385369658929e-01	   6.6361479713506721e-01	   5.4971732733142642e-01	   4.0284182872801855e-01	   4.3816923889807174e-01	   4.4657157695921856e-01	   6.6754201325193563e-01	   7.2708958528096734e-01	   6.4175315277960143e-01	   7.4244451536075984e-01	   7.5166280385516770e-01	   8.0362959579915338e-01	   5.5113131684630023e-01	   4.1913491676126263e-01	   6.8443860539218448e-01	   8.0550350646761504e-01	   3.0921135463795657e-01	   1.0881714889777289e-01	   7.1225671597722329e-01	   7.7413763485723197e-01	   4.7572491078823109e-01	   2.5966392703908903e-01	   4.3907986588079423e-01	   5.0032875721492298e-01	   1.7468771668291372e-01	  -5.4193626308675899e-02	   7.3052971123453891e-01	   6.3237823467391141e-01	   8.1176046374418898e-01	   8.0546706148549541e-01	   4.7330372270531768e-01	   6.6676696524829826e-01	   5.8739700355602409e-01	   6.5459953299488305e-01	   4.5886932024129123e-01	   4.6639979279860699e-01	   5.5686672966363093e-01	   4.8865119989064010e-01	   2.6993535480987757e-01	   5.9964868780780822e-01	   7.0742083938715894e-01	   8.0106403319762043e-01	   7.0632829564786870e-01	   7.1914849453486540e-01	   6.6073334354702018e-01	   4.0059028259342233e-01	
   7.9244365793273630e-01	   7.0101287557894054e-01	   0.0000000000000000e+00	   9.0598967594497615e-01	   7.0154217631953963e-01	   6.9953686262602521e-01	   9.4373147531204360e-01	   8.1922438715339152e-01	   7.2769673457880135e-01	   7.1642209430019355e-01	   5.4692433707406318e-01	   5.1618722353960900e-01	   5.7666477279521811e-01	   6.3661922985212738e-01	   7.3784251672746171e-01	   7.7796828064239021e-01	   5.7948847296969141e-01	   5.6947438724373456e-01	   8.6554373912682259e-01	   8.2131365042113513e-01	   2.3907082114732353e-01	   4.0548153622614791e-01	   9.2750588399637368e-01	   9.1582450047637165e-01	   7.5055789776212034e-01	   6.0421039851745595e-01	   4.8039020734566079e-01	   4.6114534591221928e-01	   2.9169264712594389e-01	   2.0295473546801618e-01	   7.1648223351942630e-01	   6.8759876277653686e-01	   7.3229110123734809e-01	   6.9581756269374218e-01	   7.7557843135549287e-01	   8.0674109511808956e-01	   2.0622112479572519e-01	   4.0487812819823719e-03	   2.9527820560263757e-01	  -1.7718291732047034e-01	   3.9156811598435082e-01	   2.1344476382145433e-01	   6.9702773072168089e-01	   5.6971210908745362e-01	   6.9118118352776725e-01	   7.7217027025699325e-01	   6.7783060599430689e-01	   7.2677743323854616e-01	   6.7474286300854969e-01	   6.1604026065982520e-01	   7.7267735224213929e-01	   6.1092836811072104e-01	   6.3603665429150458e-01	   6.5439623000319380e-01	   5.6084199091293596e-01	   4.4013770733355584e-01	   6.9454893560167730e-01	   6.5131139404383553e-01	   8.2771708752236839e-01	   7.7519235737366921e-01	   7.6576542587935248e-01	   6.8129844891821334e-01	   5.9148729941524070e-01	   4.9561865884354117e-01	   8.4048769632170361e-01	   7.1181035183542241e-01	   8.7345076592562154e-01	   8.5219819788670836e-01	   8.7402407123668591e-01	   7.8672629803928229e-01	   6.2754168528423415e-01	   5.1966895628943666e-01	   4.1614492070310327e-01	   2.1387501736420178e-01	   2.9720459405508981e-01	   2.8868172756900246e-01	   5.3143401970012394e-01	   5.8315826437435958e-01	   4.0630231080738566e-01	   5.6949791988426224e-01	   5.6495415509894176e-01	   6.9031683376536068e-01	   7.4510803571988038e-01	   5.1682803396575439e-01	   6.5998113580983142e-01	   8.6350300025230076e-01	   3.4591627567929673e-01	   1.4240781772231412e-01	   8.3378216510039715e-01	   8.9088310799106574e-01	   7.4909093966003581e-01	   6.1982542802776552e-01	   6.5522897739808394e-01	   7.0459605021015059e-01	   7.9429548198048441e-03	  -2.0321866348776579e-01	   5.5950946636870491e-01	   4.3459801896044692e-01	   8.0240266161345097e-01	   8.3519185057365719e-01	   6.8832407387597361e-01	   6.7382057990056232e-01	   6.7045135401095912e-01	   7.1571256507723335e-01	   5.0577633403814581e-01	   5.1712458097604719e-01	   5.8511784790242838e-01	   3.8748323663890194e-01	   3.5229972933277959e-01	   4.7952832277156932e-01	   7.3236464555545355e-01	   8.3954453967284082e-01	   6.8476780631680623e-01	   6.8994461537711782e-01	   5.7440855569271110e-01	   1.4664743416728629e-01	
   8.4533131620233171e-01	   7.8567744385781046e-01	   9.0598967594497615e-01	   0.0000000000000000e+00	   6.5831375244157120e-01	   6.9767817252704867e-01	   9.2715348317382829e-01	   9.4915176567053616e-01	   6.7972383688277627e-01	   6.9443532806996755e-01	   5.9357230697853702e-01	   6.9327565803982882e-01	   6.2270581750002285e-01	   7.6747407167174841e-01	   6.6462526962680202e-01	   7.9028544482663232e-01	   6.6919500700113388e-01	   6.9100210103374882e-01	   8.8100041806703877e-01	   8.8596331518886395e-01	   1.9656153320530945e-01	   4.1474271008525970e-01	   8.3787745345967513e-01	   8.8929443277121600e-01	   7.0411483481526627e-01	   6.0276458240757846e-01	   3.4086838534777986e-01	   4.3332554436219017e-01	   3.8930557331650617e-01	   3.2022554208091669e-01	   7.2753318041667492e-01	   7.7165555059737079e-01	   8.0835089164139207e-01	   8.5133240756102002e-01	   6.9773378419322984e-01	   8.0421964425198644e-01	   2.2302424467674181e-01	   6.8870055654321138e-02	   3.5703893104341633e-01	  -1.1074219783346358e-01	   4.8808163203026134e-01	   3.1284675575157017e-01	   7.3570169478030412e-01	   6.6706032766429812e-01	   7.6570669490581622e-01	   8.5210408050013275e-01	   7.5678835727138627e-01	   7.8277135512911011e-01	   7.2883707551383670e-01	   6.8166413429914674e-01	   8.2051478735978700e-01	   6.8349812037676339e-01	   6.9726830718535593e-01	   6.1614063286717680e-01	   6.3565638577049022e-01	   5.2320696923540633e-01	   7.2583078359528042e-01	   7.2984883800684286e-01	   8.2263535680006783e-01	   8.4462222862552427e-01	   7.9988074447820534e-01	   7.8370055266591054e-01	   6.8520242667252318e-01	   6.4149192184747705e-01	   7.1434724504802527e-01	   7.3041527388843430e-01	   8.3702600291576590e-01	   8.8390335041721302e-01	   8.5596150794816483e-01	   7.5375601284085292e-01	   7.1599528306959148e-01	   6.1772081291141112e-01	   5.0278773870970883e-01	   3.1108249711556457e-01	   3.8485330970023202e-01	   3.9842361073149146e-01	   6.1241346804171948e-01	   7.0263384799146555e-01	   5.2179102823695755e-01	   6.7005485915110441e-01	   6.6389823355559874e-01	   7.5195541985818670e-01	   6.8461373611537923e-01	   5.5149201334446607e-01	   6.3336621792126058e-01	   8.5225125488412634e-01	   2.2665535581957569e-01	   1.1146665857882271e-01	   8.2398207550536218e-01	   8.6121728599681480e-01	   7.3399198208308369e-01	   4.8593818391894000e-01	   6.7149725947884442e-01	   6.0138051711935303e-01	  -3.2192430527414669e-02	  -1.7734771230659213e-01	   6.1118668678274612e-01	   4.6611609596640785e-01	   8.6669877470978773e-01	   8.2564563795657930e-01	   7.1150423759143977e-01	   6.3416982192414695e-01	   6.8278630884985325e-01	   6.8025416165433494e-01	   4.8386701424779005e-01	   4.2362478887113497e-01	   5.9123658293707559e-01	   3.8862619288961858e-01	   2.7861963165454323e-01	   4.2509170866973006e-01	   7.5871662372161097e-01	   8.3107152341658375e-01	   6.6829033955436956e-01	   6.6071835564440939e-01	   5.4162255182959473e-01	   1.4045686465735518e-01	
   6.4096472085407541e-01	   4.7636337472307899e-01	   7.0154217631953963e-01	   6.5831375244157120e-01	   0.0000000000000000e+00	   8.8175040561646956e-01	   7.7164038923371514e-01	   7.2492867743949763e-01	   9.4233960549889750e-01	   8.2330762449858241e-01	   6.1210806803324158e-01	   5.3735651666271633e-01	   6.8294359533389992e-01	   6.5966653906231909e-01	   7.0475261258042399e-01	   7.7846028858021188e-01	   5.9836129174155162e-01	   5.0720568301613156e-01	   6.3696783180389660e-01	   5.6520632044634556e-01	   4.6678214578872668e-01	   5.7190885623279897e-01	   7.2985551639773416e-01	   7.3827786870143863e-01	   8.0214493002643106e-01	   6.9059979980596475e-01	   6.7467402619223638e-01	   7.5553626655054351e-01	   4.6542474899796893e-01	   3.6343447026310266e-01	   7.0567642279062626e-01	   6.4891351868539249e-01	   5.9211308109097005e-01	   5.6759069301308340e-01	   5.5613621701379734e-01	   5.8735903399470391e-01	   4.0390638012106900e-01	  -1.0390779522702363e-02	   3.5821082272241855e-01	  -8.5402362819011188e-02	   4.8915789617179239e-01	   2.8933626063889362e-01	   7.1237407788665918e-01	   5.3317232525808789e-01	   5.4927826132202229e-01	   5.6113769456364715e-01	   6.4325301644406929e-01	   6.0850375089858488e-01	   6.4929051721057962e-01	   4.7843621099950095e-01	   6.5614049088872506e-01	   4.2796377911778116e-01	   5.6881211129579812e-01	   4.5619062947692052e-01	   4.7990388685496399e-01	   2.9231295819938663e-01	   5.4377291518149240e-01	   4.6791473764974395e-01	   6.4560557165210131e-01	   6.4167121870540889e-01	   6.7219314390656204e-01	   5.8250202634884951e-01	   5.4931066127357875e-01	   4.4582801795368959e-01	   5.7185435979341048e-01	   5.1675023764297134e-01	   6.5746957731825217e-01	   6.3441392697216581e-01	   6.9907276843798338e-01	   5.9375047434015038e-01	   6.1175741415138096e-01	   5.7007085861289020e-01	   4.5195038752909128e-01	   2.7605671636180201e-01	   3.5174732922344393e-01	   3.1005993569257195e-01	   4.9308788330390835e-01	   5.1966497533509393e-01	   5.1662730014518254e-01	   5.4092405785409392e-01	   6.2529328013617835e-01	   6.4842337849278153e-01	   7.0747548700826968e-01	   6.0465872773455831e-01	   6.3490231520857010e-01	   7.0822378009468268e-01	   4.1326296774078825e-01	   1.6396851218202441e-01	   6.6859850058815207e-01	   7.3317437843245314e-01	   6.3121108113319391e-01	   4.4312330282774176e-01	   5.0332114281451612e-01	   4.3342700279061175e-01	   1.5349950390946718e-01	  -5.6028081814336024e-03	   5.9555679433489916e-01	   4.2253961907603022e-01	   5.9555416864436461e-01	   6.3377259164294142e-01	   5.4966846066325448e-01	   4.4035075106646104e-01	   5.7515662158509606e-01	   5.1833594069826916e-01	   4.4937730711714619e-01	   3.3512296330800190e-01	   5.2546401064728465e-01	   2.3926427707785428e-01	   1.6048009820659453e-01	   3.3820340133458099e-01	   7.1218094098909768e-01	   6.4391822940442323e-01	   5.4211528768648254e-01	   5.1225816044290351e-01	   3.7015360551841481e-01	   3.6818967171676903e-02	
   6.1346534225940541e-01	   4.7541878871213716e-01	   6.9953686262602521e-01	   6.9767817252704867e-01	   8.8175040561646956e-01	   0.0000000000000000e+00	   7.5095737564541087e-01	   7.7537404982451008e-01	   8.9257392686827419e-01	   9.3097009909659212e-01	   6.1496481131013181e-01	   5.2308135042148807e-01	   6.9924033676235919e-01	   6.7175338871774004e-01	   7.5373573132909744e-01	   8.0968921637033664e-01	   6.1405698341462822e-01	   4.8226321613109407e-01	   6.0299455020753601e-01	   5.4224493493946091e-01	   4.4820593383773510e-01	   6.2771318668768872e-01	   7.0402863585771513e-01	   7.7221905249617295e-01	   7.7683529347404479e-01	   7.4261283281670654e-01	   6.4362598941374483e-01	   7.9431018353479121e-01	   4.6247259583775707e-01	   2.9017747046419640e-01	   6.9681969686172518e-01	   6.8174284272349017e-01	   5.7828087702662501e-01	   5.8862171628543236e-01	   5.5796920223181368e-01	   6.5176067247182290e-01	   3.8928089523237219e-01	   1.4782980872993031e-02	   3.5551078355556359e-01	  -9.3551132493101680e-02	   4.9188409455634602e-01	   3.0828767197236262e-01	   6.7907199420657938e-01	   4.5870928685918516e-01	   6.0555438371646109e-01	   5.7616504778436539e-01	   6.4829801187915725e-01	   6.1737961729681134e-01	   6.5142266753747147e-01	   4.8979954716143032e-01	   6.6215640618227589e-01	   4.0316330979696391e-01	   5.8194271646066231e-01	   4.2987337688146726e-01	   4.9871017915445370e-01	   2.8899675515953960e-01	   5.6668353189726872e-01	   4.7258682787585793e-01	   6.5491921334504521e-01	   6.8228551747663513e-01	   6.7654491647513371e-01	   6.2453655890267967e-01	   5.2949417355985107e-01	   4.1603862103635103e-01	   5.2744753447089532e-01	   5.0608095672584974e-01	   6.7398271360703910e-01	   6.5913526464137151e-01	   7.1155833583567918e-01	   5.8015098433290280e-01	   6.4191645021986810e-01	   5.9634775150754893e-01	   4.6747725630565928e-01	   2.5345584259679077e-01	   3.8197601623405675e-01	   2.9223500275662156e-01	   5.7577283263475088e-01	   5.4529397951057812e-01	   5.0790135455863061e-01	   4.7682359826803300e-01	   6.1675822289945070e-01	   6.0932397751941947e-01	   7.2340006418475378e-01	   5.7271376090651482e-01	   5.8453917200487737e-01	   7.0445030061715075e-01	   4.2069753480325905e-01	   1.3697370795665281e-01	   6.2549110190454593e-01	   7.4626118686541965e-01	   6.6236908182899290e-01	   4.1794618407632655e-01	   5.5952036916016690e-01	   4.1316837768286785e-01	   1.3557579412127033e-01	  -1.6065308252259047e-02	   6.0951060459927453e-01	   4.4239878013424661e-01	   6.0968872027437371e-01	   6.3594872196407248e-01	   5.8877313864494141e-01	   4.4750487929709842e-01	   5.8596073907754431e-01	   5.0048904374731817e-01	   4.9253558809741377e-01	   2.8988897626211518e-01	   4.7993361632888881e-01	   1.9535433965930366e-01	   2.3356883332970282e-01	   3.1809285326978737e-01	   7.4618855343590385e-01	   6.6106742349350023e-01	   5.4079639801554458e-01	   4.9822934474891878e-01	   3.1941222287784954e-01	  -1.1506326932588452e-02	
   7.8527315048237412e-01	   6.9811989789240791e-01	   9.4373147531204360e-01	   9.2715348317382829e-01	   7.7164038923371514e-01	   7.5095737564541087e-01	   0.0000000000000000e+00	   8.8605317905359504e-01	   7.8553671827138805e-01	   7.4281247795173622e-01	   5.3524336864442390e-01	   6.4041259784647442e-01	   6.1145001585369840e-01	   6.7762233112612091e-01	   6.5445100760930075e-01	   8.1611543170887313e-01	   5.9986359824305402e-01	   6.4583876856064493e-01	   8.2610512008294790e-01	   8.1606420645001720e-01	   2.2185389727750435e-01	   4.1791885252189764e-01	   8.8332923909192762e-01	   9.0418763190340479e-01	   7.5367158837229775e-01	   5.9778945980186082e-01	   3.9215243686904844e-01	   5.0536774984297939e-01	   3.9644484801480773e-01	   3.3484979425229411e-01	   7.7754993625395019e-01	   7.5724880545872653e-01	   7.5950781153542812e-01	   7.6196495196141223e-01	   6.5361911010015761e-01	   7.3087516761791471e-01	   2.3950173568391109e-01	   6.9252029563285439e-02	   3.2045110076917177e-01	  -8.3131801144355852e-02	   4.7960172223420938e-01	   3.7215934890083524e-01	   7.1953476417939721e-01	   5.9476298165655850e-01	   6.9796022158343329e-01	   7.9349546879211286e-01	   7.2630725824595666e-01	   7.4474040444370182e-01	   6.7844333480376040e-01	   6.3576043770535218e-01	   7.5709362024678950e-01	   5.8702715660101812e-01	   6.5623597160077074e-01	   5.9364672037760036e-01	   5.6972350855026943e-01	   4.7350355891727575e-01	   6.6539767254847593e-01	   6.5203837770607231e-01	   7.9188215091146053e-01	   7.8756693372272824e-01	   7.7108190954689304e-01	   7.1441509833762851e-01	   5.8397663895098928e-01	   5.5364919691569436e-01	   7.1971476825979996e-01	   6.3259039384513605e-01	   7.9530221070987117e-01	   8.1640368044591671e-01	   8.2224162550194135e-01	   7.1081250724692757e-01	   6.8196150561800128e-01	   6.1040837396042180e-01	   5.0405827199908315e-01	   3.1304282217735890e-01	   3.6909581988358880e-01	   3.8400438860614450e-01	   5.8982487771715486e-01	   6.5933004419581231e-01	   4.9143150779079525e-01	   6.5411846056928002e-01	   6.2464228847303471e-01	   7.3596288109836672e-01	   7.3564001002950252e-01	   6.3785232795620539e-01	   6.4524251796332921e-01	   8.3232559985526411e-01	   2.4323146859019373e-01	   1.7780641149954765e-01	   8.3141469089197639e-01	   8.6611201113484260e-01	   7.1370343916325274e-01	   5.0752442791211416e-01	   6.2047518374642918e-01	   5.6685274754093762e-01	  -1.9665141564133196e-02	  -1.8809601253382513e-01	   5.8222107347474616e-01	   4.4169915984855002e-01	   7.8890392054088676e-01	   7.9607591314685022e-01	   6.7026565078602440e-01	   5.7433107968426267e-01	   6.1205225906620564e-01	   6.2736825788984496e-01	   3.9451876299993838e-01	   3.8430696813602605e-01	   5.5068035846877994e-01	   3.2026207238266013e-01	   2.7882874735977320e-01	   3.9851153794254984e-01	   6.9063959935548713e-01	   7.9341357358127818e-01	   6.5381293396124351e-01	   6.4349558123612771e-01	   4.9206934391998008e-01	   6.7736345188037644e-02	
   8.4053862891366893e-01	   7.6220025005755876e-01	   8.1922438715339152e-01	   9.4915176567053616e-01	   7.2492867743949763e-01	   7.7537404982451008e-01	   8.8605317905359504e-01	   0.0000000000000000e+00	   7.2330691022528470e-01	   7.5500045819347550e-01	   6.8045615485425148e-01	   7.6245954642791969e-01	   7.2161737781102309e-01	   8.2799263389515998e-01	   7.0800684558407301e-01	   8.2068066389022443e-01	   7.2488989707916129e-01	   7.2312772735565078e-01	   8.4155887204907165e-01	   8.3280109811844616e-01	   2.5080659712430453e-01	   4.8485880193311715e-01	   7.8550766677206796e-01	   8.3014799628879854e-01	   6.6556802472452026e-01	   5.8061502930475495e-01	   3.8329796666376725e-01	   5.3088955313723496e-01	   4.5823900157157765e-01	   4.0058932364939182e-01	   7.3181542765418073e-01	   7.8786079789099484e-01	   8.0320911688098084e-01	   8.6944549721659681e-01	   6.2475385895485547e-01	   7.3950549039380076e-01	   2.6989933090778229e-01	   6.3977180019024998e-02	   3.6814676707470695e-01	  -6.4978153569487371e-02	   5.1525910609592829e-01	   3.4741649248181111e-01	   8.1474639743135180e-01	   7.1760295321503431e-01	   8.0728720995619652e-01	   8.6072165212621199e-01	   8.1399678322122748e-01	   8.0712707335652101e-01	   8.0087187099617541e-01	   7.2299935858345310e-01	   8.2930710385620854e-01	   6.7064198086021320e-01	   7.2237878428454450e-01	   5.8617088569643394e-01	   6.3622672082165710e-01	   5.1552871649357113e-01	   7.2369430991726602e-01	   6.9207317591605610e-01	   7.9375031419332887e-01	   8.3401617983927578e-01	   8.0630344770196727e-01	   8.0873403605714911e-01	   7.2677125313113544e-01	   6.9614692377253351e-01	   6.3943850686909887e-01	   6.8764483571302781e-01	   7.8377440041569491e-01	   8.3297573883925602e-01	   8.2757771149239578e-01	   6.9837225241290657e-01	   7.4142511703145042e-01	   6.8711250811538860e-01	   5.5170726167754802e-01	   3.5861161594006596e-01	   4.3372795959292287e-01	   4.2565471460605864e-01	   6.4500292087463951e-01	   7.3497536977856859e-01	   5.7724893166747959e-01	   7.0440367294546813e-01	   7.0806308053947986e-01	   7.7363470141078761e-01	   6.9712968210262538e-01	   5.8411955350753320e-01	   6.2675728942217546e-01	   8.0962487701859343e-01	   2.3060206587356674e-01	   1.2462107563996319e-01	   7.5276851189932881e-01	   8.3129447545490687e-01	   7.1683061361458356e-01	   4.0997942755580696e-01	   6.2968812527691775e-01	   5.1322881368139361e-01	  -9.4505897517028060e-04	  -1.4474865271733908e-01	   6.4014325527350813e-01	   4.4652042874177411e-01	   8.3595831088779904e-01	   7.8657694283394686e-01	   6.6879627856025436e-01	   5.9868683008791224e-01	   6.6668704295198267e-01	   6.1466851696215663e-01	   4.2345855118694925e-01	   3.1633759389868371e-01	   5.8003161516333512e-01	   3.3033396045450952e-01	   2.4691277325798883e-01	   3.8116994309287427e-01	   7.6674228381164511e-01	   7.9715583078673413e-01	   6.3585586015218676e-01	   6.0202468787982943e-01	   4.5391811508151741e-01	   7.5902712980922146e-02	
   6.1053020019951365e-01	   4.8431824193181949e-01	   7.2769673457880135e-01	   6.7972383688277627e-01	   9.4233960549889750e-01	   8.9257392686827419e-01	   7.8553671827138805e-01	   7.2330691022528470e-01	   0.0000000000000000e+00	   8.3667152980705606e-01	   5.4680542718551517e-01	   5.1181519365981187e-01	   6.4724993340276116e-01	   6.3709711912190259e-01	   7.0860379010034724e-01	   7.7210893088679577e-01	   5.7017178258720758e-01	   5.1840983536496155e-01	   6.3034465425820296e-01	   5.7553187172790810e-01	   3.6664322474150279e-01	   5.1098839202170343e-01	   7.4360148770706935e-01	   7.8662113855407290e-01	   8.2323496569230159e-01	   7.0818447847243138e-01	   6.5078813588716189e-01	   7.4663862392048919e-01	   4.3738226656162593e-01	   3.3064129579875201e-01	   6.7699698171937661e-01	   6.4568824337846620e-01	   5.5235017206956250e-01	   5.4906781367953961e-01	   5.2350045767065556e-01	   5.7082642631675307e-01	   3.6994114171053294e-01	  -8.9808221842009664e-03	   2.8987719447581406e-01	  -9.9143393849654038e-02	   4.4307176273279553e-01	   3.1579282227543781e-01	   6.9271346367845554e-01	   4.7293921393548893e-01	   5.0796648110533926e-01	   5.5330090519996911e-01	   6.4857605501661841e-01	   6.0424158783382587e-01	   6.5698831828331850e-01	   5.0839415832594670e-01	   6.5657979953059997e-01	   4.3598130343640545e-01	   5.7192484583651082e-01	   4.7664387641008188e-01	   4.5345075822989489e-01	   2.7301642922477459e-01	   5.2520853267985812e-01	   4.7242847712709130e-01	   6.6957649690108545e-01	   7.1066721816270928e-01	   6.4782057467431398e-01	   5.5157917030729142e-01	   5.1078385401214066e-01	   3.7153070093030505e-01	   5.4755074467959552e-01	   4.8204404322680555e-01	   6.7089546469713579e-01	   6.6245132972267173e-01	   6.9931833248651387e-01	   6.2050344239374977e-01	   5.9336168594330374e-01	   5.7710070662709034e-01	   4.3535946767820966e-01	   2.5403392526119906e-01	   3.3642591396077426e-01	   2.9603629802873499e-01	   5.0676250845890769e-01	   5.4305250210977807e-01	   5.2253884974866482e-01	   5.3705902513393600e-01	   6.1771201269175502e-01	   6.5500084624214194e-01	   6.8699466982644120e-01	   5.6729100221427275e-01	   6.1553148354299037e-01	   7.1875350984632669e-01	   3.1541690002403411e-01	   9.9553411384031176e-02	   6.7356605233435074e-01	   7.8105778253689073e-01	   6.8013640951309939e-01	   5.2298555327015150e-01	   5.6965879071556735e-01	   4.7710052603948450e-01	   1.6318746595407152e-01	   4.3188445494856207e-03	   5.6568507104923738e-01	   3.9388309469599592e-01	   6.0259215732559035e-01	   6.6060248102495689e-01	   5.7846547438954310e-01	   4.7190174337708868e-01	   5.8615811084650749e-01	   5.1964510015022047e-01	   4.4260290455599033e-01	   3.1466100219747228e-01	   4.4116952796843034e-01	   1.7131613642309579e-01	   2.0654324600514429e-01	   3.2492036902908533e-01	   6.8586880108879822e-01	   6.6923721607741127e-01	   5.2869670391339563e-01	   5.0794216707037976e-01	   3.0975445948736979e-01	  -6.8082228711386944e-02	
   6.3280200639465067e-01	   4.7022997757799123e-01	   7.1642209430019355e-01	   6.9443532806996755e-01	   8.2330762449858241e-01	   9.3097009909659212e-01	   7.4281247795173622e-01	   7.5500045819347550e-01	   8.3667152980705606e-01	   0.0000000000000000e+00	   6.6810694427290351e-01	   4.9727836523742680e-01	   7.4358836209206314e-01	   6.5378191508101158e-01	   7.9409106694883169e-01	   8.2510454934958932e-01	   6.2387012223950089e-01	   4.8375295093112292e-01	   6.1655644837971502e-01	   5.6217171504485652e-01	   4.1173666741484383e-01	   5.8882645561942004e-01	   7.3863300817934596e-01	   7.6312996617661422e-01	   7.3054900538217571e-01	   6.7433937617915740e-01	   5.9634763874560570e-01	   6.8692865691853111e-01	   4.3525276322363227e-01	   2.8367826041872912e-01	   6.4057953125633071e-01	   6.6242966490189348e-01	   5.9921868469880901e-01	   5.8201162018369401e-01	   5.6387748865893583e-01	   6.2744274886019491e-01	   3.7080966505688573e-01	  -3.9246211350752569e-02	   3.2088712472934477e-01	  -1.6733421435444035e-01	   4.2679265206720668e-01	   2.3999652743389741e-01	   6.9011366784037431e-01	   4.7235045584637858e-01	   6.0148658251522302e-01	   5.9780310195631392e-01	   6.6800602524440000e-01	   6.2286068354986046e-01	   6.5015366471950609e-01	   5.0882014913583040e-01	   6.5417048843023928e-01	   4.2686596428651680e-01	   5.7749759337223172e-01	   4.7110400273697228e-01	   5.2008983234290995e-01	   2.8816286655128598e-01	   5.5979647859223525e-01	   4.6727482902640283e-01	   6.8494106656555509e-01	   6.9204950121586450e-01	   6.7589445615810606e-01	   5.9923617066362833e-01	   5.4227158204520165e-01	   4.4436234212370462e-01	   5.8274721206906643e-01	   4.9580598667247855e-01	   6.9425178820003997e-01	   6.7267961453972325e-01	   7.1018796664042172e-01	   5.6210117606894783e-01	   6.6365333271331539e-01	   6.0919158897682180e-01	   4.9729363862008669e-01	   2.5783768429784870e-01	   3.8894917400939283e-01	   2.9160130816778906e-01	   5.7135832276476672e-01	   5.5006628773552846e-01	   5.1181480906022081e-01	   4.7707362450932328e-01	   6.1359844066915770e-01	   5.9752482561757803e-01	   7.3080544632632072e-01	   5.3656778535532990e-01	   6.4086368680929895e-01	   6.9591754214928037e-01	   4.5591152046252653e-01	   1.3908591479070742e-01	   6.7287964114862220e-01	   7.5195821312160560e-01	   7.0691403384936591e-01	   4.4924049605141358e-01	   6.1258311957353873e-01	   4.8022552644565514e-01	   8.5465668995875835e-02	  -6.1851334262633548e-02	   5.9970393056157012e-01	   4.2146244102314528e-01	   6.6602427976905709e-01	   6.5706056411060387e-01	   6.2181357105692503e-01	   6.0655690801957196e-01	   6.3726059389765910e-01	   5.4387047874824623e-01	   5.1683385457735553e-01	   3.7067819762661297e-01	   5.5183746798004918e-01	   2.1072074528781060e-01	   2.7183099669677319e-01	   3.0215100006658047e-01	   7.3649415389929462e-01	   6.8308310451526011e-01	   5.9083295379611500e-01	   5.5408831251091595e-01	   3.9346893706997504e-01	   7.3336414911851000e-02	
   8.3998962101419905e-01	   7.3472385175987132e-01	   5.4692433707406318e-01	   5.9357230697853702e-01	   6.1210806803324158e-01	   6.1496481131013181e-01	   5.3524336864442390e-01	   6.8045615485425148e-01	   5.4680542718551517e-01	   6.6810694427290351e-01	   0.0000000000000000e+00	   7.0513196490022556e-01	   9.2305020582592801e-01	   8.2201587743427895e-01	   8.5510111562286450e-01	   7.6756925065740034e-01	   8.5717325572313141e-01	   6.8845380024510527e-01	   6.6407664541345002e-01	   6.4044938056082623e-01	   4.1160832169931927e-01	   7.1767965521351096e-01	   6.3591657147295533e-01	   5.4528783793210922e-01	   5.4263140593250725e-01	   5.0847826397880358e-01	   5.7634849391130127e-01	   4.8119108035989538e-01	   6.2047897286414666e-01	   5.0769435590276046e-01	   6.5974831102442322e-01	   6.8139187779056565e-01	   8.0084322530178786e-01	   7.5053494591386505e-01	   6.3047794849495653e-01	   6.1624992532660983e-01	   5.1197855498258060e-01	   5.4371909883351298e-02	   5.2159963312194058e-01	  -1.8797268458781968e-01	   5.0099810413100077e-01	   9.0508310743372941e-02	   8.1361176150843639e-01	   7.9935718287391622e-01	   7.3718589111702093e-01	   6.4562423891834486e-01	   7.7508732198684016e-01	   7.6945080894543771e-01	   7.5449809354328556e-01	   6.7965450045772302e-01	   8.0689452473011081e-01	   6.9261670769289041e-01	   7.5397333508234921e-01	   6.7792207837105267e-01	   7.4684808780440581e-01	   5.3806214135103902e-01	   8.1638995566180483e-01	   7.4170600000766140e-01	   6.8457936611478964e-01	   6.5135499902813543e-01	   8.3281950963066542e-01	   7.7085215659622053e-01	   8.6840513466790048e-01	   7.4103425413526747e-01	   6.5466637889997037e-01	   6.4076560655114301e-01	   6.2402251419022337e-01	   5.6164067286517250e-01	   7.0871256397107685e-01	   5.9672920547406694e-01	   7.7084203482646052e-01	   7.5537916516891623e-01	   6.4919754943795338e-01	   4.8164693849413481e-01	   5.3946397446193484e-01	   4.8565743400224393e-01	   7.1349156964433691e-01	   6.9107340537647821e-01	   6.7819705433941868e-01	   6.6118930465257808e-01	   7.5217901436739376e-01	   7.2030723706409372e-01	   6.1157322609582221e-01	   3.6491623891900093e-01	   7.6755935369192330e-01	   7.2399367369367840e-01	   5.3975767527409535e-01	   1.9233076033078331e-01	   6.1474080885380111e-01	   7.0989488135764012e-01	   3.7745929481522433e-01	   1.2967829737535835e-01	   3.0533704218899604e-01	   3.3004070658942064e-01	   1.2916549779761907e-01	  -1.1370619146608910e-01	   6.9171533601450896e-01	   5.1660545359464316e-01	   6.3721475692372409e-01	   6.3223779982772510e-01	   3.2771216285158500e-01	   6.4954277448749509e-01	   5.0765675212676453e-01	   4.9271567489919421e-01	   4.3669285941398039e-01	   3.7278205528700165e-01	   5.5470065495064325e-01	   3.2092226598034629e-01	   1.6757501366706801e-01	   4.7755245848400879e-01	   7.6045246049804660e-01	   7.3321635542625230e-01	   5.7958289143817376e-01	   6.2141081808369591e-01	   5.7762106359051302e-01	   3.2406358626797310e-01	
   7.4101228062288094e-01	   7.5035634518301220e-01	   5.1618722353960900e-01	   6.9327565803982882e-01	   5.3735651666271633e-01	   5.2308135042148807e-01	   6.4041259784647442e-01	   7.6245954642791969e-01	   5.1181519365981187e-01	   4.9727836523742680e-01	   7.0513196490022556e-01	   0.0000000000000000e+00	   7.3255855914903767e-01	   9.0291315078264378e-01	   5.6027433531543624e-01	   7.9695536433997682e-01	   8.0604450409252903e-01	   8.9147132339227664e-01	   5.9433840630683288e-01	   6.5837792133592632e-01	   8.9888359826975017e-02	   5.3434788819005752e-01	   5.9979797479639418e-01	   5.9839663491116069e-01	   4.7780533974564887e-01	   4.8650986838772226e-01	   1.9250831427266785e-01	   2.8284374180274713e-01	   7.7013545132140127e-01	   7.5783244874541045e-01	   7.3741396943700521e-01	   8.3224294295966839e-01	   8.0254947089589446e-01	   8.7866711834904287e-01	   4.0993230600802510e-01	   5.2366386731522041e-01	   5.3260238181335073e-01	   3.2405907541032847e-01	   5.3209437528832926e-01	   1.5219584342973752e-01	   6.5705341643096005e-01	   5.1699379187861350e-01	   7.4180964745563571e-01	   8.2469155084798906e-01	   7.1531018043119143e-01	   7.2164321896070838e-01	   7.8842877883808271e-01	   7.8466881931976462e-01	   7.1591896746542782e-01	   7.4238958468938576e-01	   7.8452781243977876e-01	   7.4298029299016433e-01	   7.8448157473542390e-01	   5.8087385508185130e-01	   7.7768346623089846e-01	   7.5734306593535639e-01	   6.5959155362425759e-01	   7.6097571566582900e-01	   5.3468328435862444e-01	   5.9912614034249845e-01	   7.5282088388420398e-01	   7.8223227491836234e-01	   7.3794705747158562e-01	   8.4331819599830105e-01	   4.6048865907190573e-01	   5.6984941609773410e-01	   4.3991042987183659e-01	   4.9970833061089848e-01	   5.2954546826095217e-01	   4.1948939252624223e-01	   8.0432207304295456e-01	   8.4479326740644844e-01	   8.0310905288038770e-01	   7.4730052346784592e-01	   6.9378931167678126e-01	   7.7151142974627929e-01	   7.2138654751628251e-01	   8.2738918739659639e-01	   7.4927597335087037e-01	   8.4677122657369241e-01	   8.0588762469058428e-01	   8.5261993317728835e-01	   5.4850891824182224e-01	   6.2591409285499489e-01	   7.0922047771353869e-01	   7.1656410762626399e-01	   2.3146803030350613e-01	   3.2527018408099195e-01	   6.4804054032842517e-01	   6.6536829974247080e-01	   2.5994296873911199e-01	  -6.8197143596426299e-02	   1.5683719852248407e-01	   7.9178752706762542e-02	  -1.1845780468482553e-01	  -2.0816193430326516e-01	   5.8051966037060110e-01	   4.5167275110650140e-01	   6.0357957238830418e-01	   5.3585883355358566e-01	   2.3170626520369078e-01	   3.1953033092669858e-01	   2.6050990901667304e-01	   2.4276133043247644e-01	   7.1497493172526697e-02	   4.7682622398348078e-02	   2.8148371924817378e-01	   1.1151872882996886e-01	   6.7267857655657806e-02	   3.0963447371250297e-01	   5.3736194492529854e-01	   5.7137876903662099e-01	   4.2832133199891709e-01	   4.7164419610822217e-01	   4.0488165254386410e-01	   9.4322188319185651e-02	
   7.9841591080413754e-01	   6.9368047021104307e-01	   5.7666477279521811e-01	   6.2270581750002285e-01	   6.8294359533389992e-01	   6.9924033676235919e-01	   6.1145001585369840e-01	   7.2161737781102309e-01	   6.4724993340276116e-01	   7.4358836209206314e-01	   9.2305020582592801e-01	   7.3255855914903767e-01	   0.0000000000000000e+00	   8.1835148533181523e-01	   8.5694632803854021e-01	   8.1808495141035675e-01	   7.9803888841366444e-01	   6.9492066021490406e-01	   6.1745877967887264e-01	   6.1572782179909069e-01	   3.4587164947284765e-01	   6.9019557678043397e-01	   6.5345855649893503e-01	   5.6279991557248144e-01	   5.6015268208080815e-01	   5.2536536013501245e-01	   5.2333538030153692e-01	   4.7221499790083910e-01	   6.2494183711244855e-01	   5.1192010150302525e-01	   6.7271887235877581e-01	   6.9657218488962958e-01	   7.6440477204721957e-01	   7.5162017396878067e-01	   5.5775998614388722e-01	   6.0437910739380485e-01	   5.0446304722382451e-01	   4.0529702506601054e-02	   4.4849484735833484e-01	  -1.6995779511303383e-01	   5.0516549350036688e-01	   1.6562014159548133e-01	   7.9168048317211104e-01	   7.1481858670748122e-01	   7.1948876815312823e-01	   6.1816005301133459e-01	   7.4521443207299787e-01	   7.2227157208292037e-01	   7.1693031377964067e-01	   6.4501307648218209e-01	   7.5676643542646660e-01	   5.9894158663556052e-01	   7.0671792237451969e-01	   5.7999697159438468e-01	   6.9000876490123408e-01	   4.9359195345030749e-01	   7.3234812770923186e-01	   7.0924095390119946e-01	   6.7728152580809309e-01	   6.5839610973762464e-01	   8.2201249723816350e-01	   7.5467163263030446e-01	   7.7581012849736031e-01	   7.0891438582653410e-01	   6.1040635860691517e-01	   5.9516946657070624e-01	   5.9169418909798499e-01	   5.5869527372509054e-01	   6.6650760253022323e-01	   5.3164187397467244e-01	   8.0038781164764683e-01	   7.8464389352859709e-01	   6.8603034777881278e-01	   5.0614155248375270e-01	   5.6408197172459806e-01	   5.0855450603929242e-01	   7.2701123289014458e-01	   7.0370158271166250e-01	   6.5835408987417687e-01	   6.6839616350682263e-01	   7.3278071111175092e-01	   7.1538323601308773e-01	   6.0097587244879058e-01	   4.4796415502875969e-01	   8.0344450076795682e-01	   6.9744686308965798e-01	   4.8511845942714649e-01	   2.3526576769283744e-01	   6.8614225379349192e-01	   7.2422554332722633e-01	   3.9789658467477784e-01	   9.8529939412043757e-02	   3.0201818303569189e-01	   2.5842450807830480e-01	   4.3411866379435692e-02	  -1.7730996272830163e-01	   6.2899194360418098e-01	   4.4967500317729081e-01	   6.0678927174649511e-01	   5.8459618247211487e-01	   3.5669837541445332e-01	   5.7880036934226409e-01	   4.8387734309512048e-01	   4.2566753978707550e-01	   3.3488628971590273e-01	   3.0338557782049635e-01	   4.6544998849323560e-01	   2.4338009618711068e-01	   2.1713321197319832e-01	   3.8272402937535810e-01	   6.9280181438396471e-01	   6.6255010761948252e-01	   4.9221383349031345e-01	   5.1147203491518578e-01	   4.3492338726840385e-01	   2.0725402945206683e-01	
