   0.0000000000000000e+00	   6.4049413484643014e-01	   2.5296986994020487e-01	   3.8498872102030435e-01	  -2.8381146358742622e-02	  -4.2288057330868031e-02	   6.5473700028186629e-02	   6.5839498454166812e-02	  -8.7283900902333206e-02	  -1.4730227189670582e-02	   2.6622429783349966e-01	   1.5533363473705070e-01	   2.5596615528088223e-01	   1.6031433472185463e-01	   1.7736561716183760e-01	   4.1363784648919177e-01	   5.8489176128476772e-01	   4.8031073704987193e-01	   6.8710633855112468e-01	   5.7366993578106662e-01	  -1.1196197432917938e-01	   8.9517958987672622e-03	   7.9236430417057871e-02	   2.7764247054648315e-03	   1.3501990187518664e-01	   6.5988659084269874e-02	   1.9146709277836993e-01	   1.3177253967996264e-01	   1.7654546872892818e-01	   2.2468365240237431e-01	  -2.0455641072094960e-01	  -1.2698719825214844e-01	   4.1266254684521464e-01	   4.1281171863519051e-01	  -4.5704348991198657e-02	  -7.5843323716314540e-02	   2.9742882261202008e-01	   1.4788754981546509e-01	   3.2168400333834818e-01	   3.9041700776107391e-01	   1.8182464619957522e-01	   1.0557551251177014e-01	   4.4445831626738552e-01	   3.3611830210732085e-01	   3.5785135216545194e-01	   4.9237751507006344e-01	   5.2760450892835509e-01	   4.5304352957397498e-01	   3.7216719829995470e-01	   3.9160440335161978e-01	   4.7642380601911177e-01	   4.3473359176835363e-01	   4.7656260160280728e-01	   3.1523771980807846e-01	   3.0203966955869138e-01	   3.9207738548357340e-01	   6.0903157354466186e-01	   5.2457626890092401e-01	   3.5831263732653806e-01	   4.3712615250398801e-01	   3.6988608294021741e-01	   8.9377309598366164e-02	   5.4396467495928946e-01	   3.7070536622060157e-01	   4.9780637009578979e-02	   1.0265123069228782e-01	   1.9216878358381781e-01	   8.7600603737874233e-02	   4.6472762119038036e-01	   2.1677273563920085e-01	  -6.8832969348447334e-02	  -2.3133793208337028e-01	   1.7408212916948002e-01	   1.7872159188012371e-01	  -2.7108534752254231e-02	  -1.2804426824698889e-01	  -1.4615560419738161e-01	  -9.6184708704175170e-02	   5.2281107877430832e-01	   4.6684522020876296e-01	   5.2731549109410625e-01	   5.3334570766175515e-01	   2.6238118767383284e-01	   3.4858912699024824e-01	   4.3207125216133263e-01	   2.8177778457068342e-01	   2.6869605588138323e-01	   3.8195405988952089e-02	   4.7957325144384938e-01	   6.0617703377585053e-01	   1.3940732784966225e-01	   2.3180988471458241e-01	  -1.0372811936703083e-01	   1.2511748042152993e-01	   1.8054519412939229e-01	  -9.7891962320116654e-02	   2.7122216642223607e-01	   1.9617630872173525e-01	   2.8126824651214866e-01	   3.8140281274561200e-01	  -2.3045475294794693e-01	   6.1961656112280841e-02	  -6.4900956464330778e-02	   1.2746878184676741e-01	  -9.7670523475055504e-02	  -7.6372287289775145e-02	  -1.7206162022372518e-01	   1.4836023752731603e-01	   2.6730592056187419e-01	   1.5952116826205809e-01	   2.5251125703751032e-01	   3.8054051787418358e-01	   8.3281882228780274e-02	  -3.6356704132466625e-02	  -1.7958175920158040e-01	  -6.1615527661728869e-02	
   6.4049413484643014e-01	   0.0000000000000000e+00	  -3.0062166124261069e-01	  -1.8625969670391124e-01	  -2.6898128839019125e-01	  -2.8602193151326444e-01	  -4.6539923172312525e-01	  -3.4171175501912004e-01	  -1.6093906506161620e-01	  -2.4997555846185004e-01	  -2.5682072302759140e-01	  -1.1091338847973151e-01	  -2.3837584292633729e-01	  -1.8439641615612412e-01	  -1.5105569684600700e-01	   2.3360877301621834e-02	   6.8574673957352150e-01	   8.8126971788107256e-01	   4.9114676929140438e-01	   7.0625768342785533e-01	  -8.9217870696680746e-02	   1.3261722803683967e-01	  -4.5942001862985637e-01	  -5.4315537858611862e-01	  -1.3662232598813812e-01	  -1.1673237703877382e-01	   4.6542492510782227e-02	   1.7992983032108328e-01	   2.1492514103732058e-01	   5.0163225812106893e-01	  -3.7825113204613114e-01	  -3.9452578019448703e-01	   2.2060011305957411e-01	   2.3618377709444613e-01	  -2.9229416837492150e-01	  -3.2442653369435148e-01	   2.4413879787731502e-01	   1.3233617969403036e-01	   3.4424385364553545e-01	   4.3365347981496083e-01	   1.2844513789470935e-01	   1.7889582825497546e-01	   3.6219498768620439e-01	   4.6373603585801704e-01	   4.4652460687048751e-01	   5.2554506774608367e-01	   5.5719805511413922e-01	   6.0738829859879218e-01	   1.7390590127784902e-01	   4.6795584054233552e-01	   2.1621216891372300e-01	   3.3001566555293210e-01	   2.3072678887075851e-01	   4.1271538928488194e-01	   2.0903883172708124e-01	   4.5650717356492276e-01	   9.2147887430650344e-01	   9.2351051083741975e-01	   9.9548391363624464e-02	   2.1995166601446070e-01	  -8.6106828615487661e-03	  -2.8480328204755667e-01	   6.7638288945540381e-01	   3.9639726772826467e-01	  -3.4207272323844490e-01	  -2.5607156800904285e-01	  -1.9944602447267284e-01	  -2.6426882078329361e-01	   6.5821658340865774e-01	   1.1786298493825401e-01	  -2.0523218619024897e-01	  -2.0383255177007545e-01	  -9.2162970081413852e-03	   1.4128532012026324e-01	  -1.6042267622228484e-01	  -2.2980368096186615e-01	  -2.8070915690189452e-01	  -2.2809047516428493e-01	   7.0076850667017609e-01	   8.0326251694423834e-01	   7.0848092130117846e-01	   7.8345723053076466e-01	   2.3987909678201722e-02	   1.3710099672836537e-01	   1.5588430331001962e-01	  -8.6246786488913346e-02	   3.4584038800446415e-01	  -3.5748742759571919e-02	   1.1474575265547593e-01	   2.5788254809328859e-01	  -3.9048818464484553e-01	  -2.3023877597443637e-01	  -5.4510701122953908e-01	  -3.1823463954503911e-01	   2.5312650757233029e-01	   9.4353628702843729e-04	   3.6208497391612715e-01	   3.3981043686533913e-01	   8.5546176164484095e-02	   7.1093268921833846e-02	  -5.0689181758945479e-01	  -3.9345753704481912e-01	  -2.4699822140117328e-01	  -2.9283763700927651e-01	  -3.6804341831644199e-01	  -4.2994999143361751e-01	  -1.0486379107169450e-01	   6.5413178569771399e-02	   1.2965465768418555e-01	   4.4869545720522777e-02	   2.1119091846923702e-01	  -6.1385460084895815e-02	  -3.9563561234238825e-01	  -2.1596717967658827e-01	  -3.9790698295311477e-01	  -2.1418956384657836e-01	
   2.5296986994020487e-01	  -3.0062166124261069e-01	   0.0000000000000000e+00	   6.8034933930877828e-01	   6.8791894341566140e-01	   4.7411615488982528e-01	   7.5770542387756379e-01	   4.6327459236276658e-01	   3.5644863540942373e-01	   4.8335269970488903e-01	   3.9282057751455102e-01	   2.7961155457178657e-02	   4.5703599607181000e-01	   2.7235099855536038e-01	   4.3932780902493396e-01	   4.3477912221620091e-01	  -3.7041489885734025e-01	  -4.8707462609511365e-01	   1.3769387872153632e-01	  -2.2765894265475711e-01	   1.4654855643845408e-01	   4.1007208514977939e-02	   7.9395391224687839e-01	   7.0583040375029971e-01	   6.8865284909371660e-01	   5.2038262579042116e-01	   4.7998663520190377e-01	   6.6754734418453782e-02	  -2.6530289401902374e-01	  -4.1594160149684051e-01	   3.1882669605477254e-01	   3.3662659836097519e-01	   2.7646194212412378e-01	   1.3820901693168230e-01	   6.5897321809275566e-01	   5.3404337298015492e-01	   1.0335511736886710e-01	   1.7599326667734111e-01	   1.3769539780797324e-01	   8.0559765272273324e-03	  -3.4311382530509069e-02	  -9.2226836228378337e-02	   1.3889752771551925e-02	  -1.5302629441894613e-01	  -1.1902788449399901e-01	  -2.7441509666248871e-02	  -1.6442430583275250e-01	  -1.7390085748223061e-01	   1.9515877505369961e-01	  -1.8226189402416618e-01	   3.2640574864260874e-01	   2.0122146701187624e-01	   2.7156227889626916e-01	  -8.2348997232056617e-02	   3.6170558822087709e-02	  -1.8073507988062135e-01	  -2.7740318121755175e-01	  -3.2179792015426667e-01	   2.8294884916321106e-01	   6.4483040027231348e-02	   2.9023636984006657e-01	   1.6020964861384401e-01	  -3.2782942913482732e-01	  -3.3658385893458764e-01	   5.4198523696088396e-01	   5.2857225870185309e-01	   6.8299985681230613e-01	   5.8449588411664144e-01	  -1.0183324833531307e-01	   1.3384701988968759e-01	   2.8837804355687591e-01	   1.4865308020197468e-01	  -1.6877497674799125e-02	  -2.7435739301228024e-01	  -6.1643804435109154e-02	  -2.6963570293240979e-01	  -2.0176446030574887e-02	  -1.1399216844885711e-01	  -3.6944858920870760e-01	  -3.9932452765307214e-01	  -3.9796096828685379e-01	  -3.4134643065227160e-01	   2.9766540779709050e-01	   1.0511748992394562e-01	   4.9843279685978581e-01	   5.2013727069199034e-01	   4.5616489870474605e-02	   1.3714881660324402e-01	   6.2756425761942447e-01	   4.6642198570913107e-01	   5.1311922405270516e-01	   6.9894318336006289e-01	   5.6679301858956177e-01	   7.7052648330561979e-01	   1.3258520697807666e-01	  -3.0851548832610487e-02	  -4.2148195182878552e-02	  -1.2616855466722593e-01	  -5.6600133788321655e-03	   2.3008355558495186e-01	   2.6448934073783947e-01	   6.2847615634879150e-01	   5.1249663174988441e-02	   4.8052819070397002e-01	   5.3666235043649446e-01	   6.6472826814080288e-01	  -4.9705891929250678e-02	   4.0707922644902306e-02	   2.2470610491677584e-01	   1.4491838760450404e-01	   1.5944665836895466e-01	   3.2525336779774755e-01	   5.5020276345195762e-01	   2.4519755026462223e-01	   4.3999031960767737e-01	   3.4875882857884077e-01	
   3.8498872102030435e-01	  -1.8625969670391124e-01	   6.8034933930877828e-01	   0.0000000000000000e+00	   4.9087053085760401e-01	   6.4987530889845757e-01	   7.6833536857409035e-01	   8.1715330294392152e-01	   3.1148280167674824e-01	   5.5418309095744189e-01	   4.0949531161857922e-01	   4.1279171096662692e-01	   5.4840047536411463e-01	   4.5150365050080865e-01	   5.1402943514258781e-01	   5.4949004992908179e-01	  -1.1585494649068417e-01	  -3.4207439324326527e-01	   2.7611896533674019e-01	  -8.0031631317397905e-02	  -8.1234770542624145e-03	   1.0304407913418329e-01	   6.3498854149462902e-01	   7.1374001779719076e-01	   4.2193505702468981e-01	   4.5173541280634411e-01	   1.7229892259212098e-01	   3.2908805235817698e-02	  -1.2564495186052030e-01	  -2.0114795006705027e-01	   3.1465463674765404e-01	   4.2753009182382951e-01	   3.7053343527188276e-01	   3.6972694893389302e-01	   4.5686059661246758e-01	   4.4752236199555584e-01	   1.7440885949583809e-01	   1.7531986303225294e-01	   1.3933847401740693e-01	   6.8209485931046115e-02	   1.1728530564111654e-01	   1.1240596725240475e-01	   1.7594588639831837e-01	  -4.8638766286885869e-02	   1.8571460030141658e-02	   1.0089981763897968e-01	   3.2697773654598465e-02	  -1.3164098428543630e-01	   2.2063858144228463e-01	  -1.3524239209466865e-01	   3.2424722070333756e-01	   1.3130684286537220e-01	   2.4921088446814377e-01	  -2.2586219586897335e-01	  -2.9308755683630699e-02	  -1.8789982975813349e-01	  -1.8642402828433116e-01	  -2.9261070683380841e-01	   2.2605550379958486e-01	   2.3239442762670198e-01	   5.0654073726704052e-01	   5.9962005396651996e-01	  -1.2924839106620215e-01	  -7.7682297851185217e-02	   6.7560542878481133e-01	   7.9804030363875422e-01	   5.4684714238825105e-01	   5.9463062685224555e-01	  -8.4176443524018249e-02	   1.7048898730588716e-01	   1.9839732710510782e-01	   5.3676978117447878e-02	   7.0287889991844932e-02	  -1.9866953449089422e-02	  -9.6880284601477379e-02	   1.7262802430763710e-02	   1.8494971348323300e-02	  -7.9215104431902012e-03	  -1.3273025348198514e-01	  -3.0818598432274641e-01	  -1.3910240554960862e-01	  -1.8540879590213455e-01	   2.1276777483870568e-01	   2.4086401094987486e-01	   4.3138215112690070e-01	   6.1048429752465239e-01	  -2.6946827794650793e-02	  -1.1000016181603569e-03	   6.7248991119912849e-01	   5.3557138115272029e-01	   7.7185195124651196e-01	   6.3978237728909904e-01	   7.2730608877388403e-01	   6.5153975090409677e-01	   1.1453259793033724e-01	   8.6110958324019035e-02	  -1.0000842390793204e-02	  -1.6536535841182093e-01	   3.1101734840168194e-01	   2.9496598657545869e-01	   4.2413259957585281e-01	   5.0966195889151833e-01	   2.5329045226170865e-01	   4.4059005774358884e-01	   4.7417928785991503e-01	   5.1115154734784329e-01	  -1.3104804882219001e-01	   1.3323143334985496e-01	   2.2260603428695530e-01	   1.4513052403019239e-01	   1.3019282056687587e-01	   5.4086765824886740e-01	   5.7002828811904749e-01	   3.2000060099189293e-01	   3.2085719987425887e-01	   2.8425898760188939e-01	
  -2.8381146358742622e-02	  -2.6898128839019125e-01	   6.8791894341566140e-01	   4.9087053085760401e-01	   0.0000000000000000e+00	   6.6656567600225114e-01	   5.9170270795446778e-01	   4.5814074444595898e-01	   7.5803539382260987e-01	   7.0976870787894863e-01	   9.3907624085626556e-02	  -3.8592964634415229e-03	   3.1365467413390991e-01	   2.6746325194524928e-01	   1.7632995719936587e-01	   1.4440689275237983e-01	  -4.0277175575613788e-01	  -3.6188490339978807e-01	  -1.0666652674429085e-01	  -3.4911011448396345e-01	   7.6666638936483789e-02	   1.1312374316467090e-01	   4.9740290149747385e-01	   4.1519596000999826e-01	   5.8017887348242159e-01	   5.2180217659258799e-01	   3.8216839713435424e-01	   9.5189246265990943e-02	  -2.1155125438820749e-01	  -2.6260075613225325e-01	   3.3458684293646868e-01	   3.2899250082100229e-01	   1.0476250996401038e-01	   1.1220947893486906e-01	   5.6622409212558145e-01	   4.4691639648478920e-01	   1.5358914258646206e-03	   3.3552444573052904e-02	   4.3728339171692845e-02	  -6.2868993046183777e-03	   1.5643482165645782e-02	   2.3059044508310936e-02	   6.2038646051933238e-02	  -9.7274915427933692e-02	   4.3264582292122447e-02	  -4.0151212698394520e-03	  -7.6922599508454273e-02	  -1.5147725041085028e-01	   3.0413003247947062e-01	  -1.5556068397041023e-01	   2.8962466001459308e-01	   1.5873571602580294e-01	   2.1095372911141635e-01	   1.2782128074306532e-02	   3.6121573367846979e-02	  -1.4318559830132602e-01	  -2.4163988644764445e-01	  -2.5234299743916722e-01	   3.1071289459217410e-01	   2.6191473290235009e-02	   2.6050360419423763e-01	   1.4628227643017791e-01	  -3.0852570282098835e-01	  -3.5294620215965389e-01	   3.8722563573771535e-01	   4.3238161136805447e-01	   5.0158451754978928e-01	   4.1249796468588540e-01	  -8.4001526920696692e-02	   1.7972324081128327e-01	   5.1568888372720799e-02	   7.4503007435577542e-02	  -2.4772661574644300e-01	  -2.7209037783801182e-01	  -1.5942867146589235e-01	  -2.5453155691605039e-01	  -4.3688930000126674e-03	  -6.8470950665341229e-02	  -3.5228664752272154e-01	  -3.4154721356759421e-01	  -3.9209535573870735e-01	  -3.8533553379047414e-01	   3.5063023375055805e-02	   1.4025701162813412e-02	   1.6915874579867912e-01	   2.5173136393559659e-01	  -1.0609120199158045e-01	  -1.0714488998315727e-01	   4.5834385577468439e-01	   3.1521267308964418e-01	   4.1995614291472816e-01	   4.2141733339478432e-01	   4.9165710122278095e-01	   5.7361364670720949e-01	   1.5702604205382964e-01	   1.4734596985184878e-01	   6.0301698945890936e-02	  -8.2358679755274000e-02	   1.4562417199331967e-01	   1.5310460879809698e-01	   3.2289811529751095e-01	   5.2224793540816905e-01	   2.1861962139738628e-01	   3.3556789151015914e-01	   4.4628829193857533e-01	   4.4589090840338896e-01	   2.1864535494149481e-01	   5.6778676484754197e-03	   1.4159205409621622e-01	   4.7096858007501831e-02	   4.2233240413267550e-02	   2.2287139272167755e-01	   4.2018256511318686e-01	   1.4715987480917966e-01	   2.8905826748408514e-01	   2.4699239336558368e-01	
  -4.2288057330868031e-02	  -2.8602193151326444e-01	   4.7411615488982528e-01	   6.4987530889845757e-01	   6.6656567600225114e-01	   0.0000000000000000e+00	   5.8750012208907088e-01	   7.7713156362927438e-01	   4.8008138482356605e-01	   7.7603334986421313e-01	   2.2063194324433733e-01	   3.7205444185034348e-01	   4.1030924273877267e-01	   4.9984333365186351e-01	   4.8497401938063039e-01	   2.8401712176965915e-01	  -3.5121695946870973e-01	  -4.1256705734083732e-01	  -1.6112313906939180e-01	  -3.9623818601797944e-01	  -4.2370613728320307e-04	   1.8890436298318480e-01	   4.9887610360016199e-01	   5.3627538514308060e-01	   3.8577761011801071e-01	   5.5084497304287994e-01	   2.7722882848892627e-02	   2.5327845094426114e-02	  -1.3753611521132653e-01	  -1.4591068772223176e-01	   3.9251354742978761e-01	   4.6310439713021018e-01	   1.1278626262447991e-01	   2.1333796832969698e-01	   4.8130461839912558e-01	   4.9881197368306418e-01	   1.1699700541288191e-01	   1.2014728293434770e-01	  -4.8694937283324795e-02	  -5.4253607529443013e-02	   1.7194398978908104e-01	   1.0288911647384215e-01	   2.1986541245203137e-01	   5.9852669396253839e-02	   1.2243101886865082e-01	   1.4620118133406090e-01	   9.6174907418352107e-02	  -8.7025875384320578e-02	   3.8789013391017013e-01	  -4.1753552071134674e-03	   2.9305415389220502e-01	   1.6890900643080115e-01	   1.8598621231873688e-01	  -1.0697223554631417e-01	   2.7873554221365289e-02	  -1.2590284404358948e-01	  -3.1825133616806234e-01	  -3.5721118951513064e-01	   1.3499254060854093e-01	   1.7478287917631319e-01	   2.8221378940368957e-01	   4.9582283811316641e-01	  -3.7335543637317548e-01	  -2.7249531103476882e-01	   3.7613982553611958e-01	   6.2061355514599248e-01	   2.6391151727618661e-01	   4.2531834148267311e-01	  -2.6190763934925121e-01	   1.1859086430134902e-01	   1.4173131387275278e-01	   1.8983014757383060e-01	  -1.1590979220097619e-01	  -5.9425432415419380e-02	  -8.2006857367325575e-02	  -1.9147019033763004e-02	  -1.3309173563349672e-01	  -7.1891071157065542e-02	  -2.9578399524220716e-01	  -3.9480178095150442e-01	  -2.7457759845894547e-01	  -3.3058034896069832e-01	   1.4566000078402716e-01	   5.5487212181553447e-02	   1.8576105938104076e-01	   2.8980815051292286e-01	  -1.7779552649254154e-01	  -2.1020316333317779e-01	   4.6311869767469138e-01	   3.0975004308110188e-01	   6.4144125112749162e-01	   4.7694901567049464e-01	   6.5560125197383856e-01	   5.3384299915241340e-01	   6.8617860630052790e-02	   1.1012512746196110e-01	  -1.9519283332988600e-02	  -1.2510440508270765e-01	   3.5962010297538394e-01	   2.1222730887548444e-01	   3.9266060792626301e-01	   3.8437891338690072e-01	   2.0442586261216314e-01	   2.3198844805738139e-01	   5.0993027483176445e-01	   4.6984469934494166e-01	  -6.6090557503037828e-02	  -9.1964302405618870e-02	   1.8864321930038075e-01	   4.1554161553815971e-02	   1.6209452983578235e-02	   4.0952804734816173e-01	   5.5098198441676960e-01	   1.9352967515995181e-01	   3.2544639566123479e-01	   3.3487727468335243e-01	
   6.5473700028186629e-02	  -4.6539923172312525e-01	   7.5770542387756379e-01	   7.6833536857409035e-01	   5.9170270795446778e-01	   5.8750012208907088e-01	   0.0000000000000000e+00	   7.9019238284061277e-01	   4.5281808853378758e-01	   5.4686001055359135e-01	   4.5934021771086031e-01	   3.9322336230139893e-01	   6.7183228385305616e-01	   4.3662470922597990e-01	   4.7684219390459398e-01	   4.1222127608206888e-01	  -3.9824789280627293e-01	  -5.9901951763259853e-01	  -2.3947500509521352e-02	  -3.4045937185169334e-01	  -1.6215987898653711e-01	  -1.2727534513469449e-01	   6.2105315890679713e-01	   6.9463066622486891e-01	   2.6169133839471626e-01	   2.0495625220933472e-01	   6.5661707163108346e-02	  -1.7254553292373426e-01	  -3.1206375305867357e-01	  -5.0082911054731172e-01	   1.8283377414363669e-01	   2.4501439281090912e-01	   2.7883365815436034e-01	   1.9519696347871818e-01	   4.2638791048260366e-01	   3.4119588230174125e-01	  -7.5783660186792695e-02	   5.0273237197371874e-04	  -5.0082446647649319e-02	  -1.2918850662385928e-01	  -1.0330826285370512e-01	  -1.0979562143997273e-01	  -9.3374866194908909e-02	  -2.5055456919005770e-01	  -2.6582762124060499e-01	  -1.8600622384571144e-01	  -2.3991581676766466e-01	  -3.6190439347964981e-01	   1.5116204997281074e-01	  -3.1178523459668650e-01	   2.2690981032574031e-01	   2.4432390278380983e-02	   8.4452712206734740e-02	  -3.0903034181282418e-01	  -1.6257782081051015e-02	  -2.8295821701099372e-01	  -4.5237494024848723e-01	  -5.0600143422251853e-01	   3.2055776052536722e-01	   1.5899885666551611e-01	   4.3371887252990260e-01	   5.1055516387859012e-01	  -4.0167995806460521e-01	  -2.6415232252946985e-01	   6.7705405124738682e-01	   6.9824060596825677e-01	   5.8633368618553650e-01	   5.1918801204183107e-01	  -2.7627970573804328e-01	   3.8217572025808590e-02	   2.1887865129194506e-01	   9.0066674614962858e-02	  -5.9589771379514128e-02	  -2.5672117456608667e-01	  -3.6584406364701692e-02	  -7.7822768308040996e-02	   5.3183359949059025e-02	  -5.8497531030953863e-02	  -4.6644563698916652e-01	  -5.6934429997967351e-01	  -4.6113367235141317e-01	  -5.2101162589664218e-01	   8.0766511507822145e-02	   3.8200366842653169e-02	   2.0550768157294469e-01	   4.6023917426961297e-01	  -1.6434612045157410e-01	  -2.8466439438288901e-02	   4.9800695393350125e-01	   2.8811031547382060e-01	   6.9512508320095767e-01	   6.8954251578837145e-01	   7.8175489834401124e-01	   7.5103647682583241e-01	   4.0132353138263299e-02	   1.8509246366156720e-03	  -1.5919924402353508e-01	  -3.0229484026530729e-01	   1.4489678109843485e-01	   2.3258932096656826e-01	   5.2455572967235597e-01	   7.6798675765651914e-01	   2.9435610965106640e-01	   5.1992693100627030e-01	   5.8899545630158689e-01	   6.2997039336790694e-01	   4.0457417632495649e-02	   3.6077366464284111e-02	   1.0896515508686638e-01	  -3.1323521240374769e-02	  -1.1266662887023385e-01	   2.9993744309418507e-01	   5.9872952960404346e-01	   1.8206318458880816e-01	   3.4397635434435303e-01	   3.8163432256669749e-01	
   6.5839498454166812e-02	  -3.4171175501912004e-01	   4.6327459236276658e-01	   8.1715330294392152e-01	   4.5814074444595898e-01	   7.7713156362927438e-01	   7.9019238284061277e-01	   0.0000000000000000e+00	   3.9381704357906877e-01	   6.8230903324322734e-01	   4.5644851227426958e-01	   6.1550888319566366e-01	   6.3371223135763433e-01	   6.0876533934946120e-01	   5.0297504468094045e-01	   4.1524571709090380e-01	  -2.6556480130407345e-01	  -4.6794747807000536e-01	  -8.4915148787566050e-02	  -3.8832961272585542e-01	  -1.7217581761143003e-01	  -2.1940765079635476e-03	   4.8202840272427622e-01	   5.9074776467574186e-01	   1.1588113668442629e-01	   2.3909410936765219e-01	  -9.1051859879350938e-02	  -7.0354451527659664e-02	  -1.7543105322232977e-01	  -3.0024790305619220e-01	   2.3028919453088351e-01	   3.7576879006645569e-01	   1.5395538322379823e-01	   2.7388253371432691e-01	   2.7360815450416431e-01	   3.1143701713703104e-01	  -1.1034678845056010e-02	   1.7098418534174639e-02	  -1.3096899339141496e-01	  -7.1503861847479644e-02	  -4.6978356323430615e-02	   2.6481437333638971e-02	   1.1958940868355461e-01	  -4.0156283543243090e-02	  -5.0220518350916218e-02	   2.9174666261008564e-02	  -6.5452518565867219e-03	  -2.3329477769190490e-01	   2.6580610376390335e-01	  -1.0927212070896994e-01	   2.5438114869018985e-01	   1.2011500600243677e-01	   1.7675555667402387e-01	  -2.4735038828429051e-01	  -4.2955407675596621e-02	  -1.9157869614410911e-01	  -3.7580341335718298e-01	  -4.4422056416285083e-01	   1.8901094405041918e-01	   2.8446909242985213e-01	   4.4611853875943741e-01	   7.7877386590341580e-01	  -3.3562809878868355e-01	  -1.0395977965684539e-01	   5.9152518912079999e-01	   8.0707031986241529e-01	   3.1450296134313693e-01	   4.4624274351891202e-01	  -3.1058814043777533e-01	  -3.1522667179188384e-02	   1.7028927650029962e-01	   1.2895720803803132e-01	  -4.6668039428530352e-02	  -6.1937867243583702e-02	  -3.3001643125953788e-03	   1.2257615639625626e-01	  -1.5065474463581491e-02	  -1.6629810842248485e-02	  -3.2302164871632333e-01	  -4.8918668712557689e-01	  -3.1494801513106030e-01	  -4.2026159984518285e-01	   1.7609256891706102e-02	   2.9034010763067445e-02	   2.1185075597064273e-01	   4.2849689224075554e-01	  -1.8935042935094598e-01	  -1.7501713444878775e-01	   4.7330963428311112e-01	   3.2788518508792475e-01	   7.7078615055228594e-01	   5.6077648045688944e-01	   8.0509303757578521e-01	   5.5903207220437956e-01	  -3.8853809947975368e-02	   4.6266900328473873e-02	  -1.1540720735986681e-01	  -2.9105382507295918e-01	   3.7058866313140471e-01	   2.7676423651425802e-01	   5.9230412529332976e-01	   5.2952390970046703e-01	   3.4271711953144490e-01	   3.3978830812409155e-01	   5.1395009036634520e-01	   4.6173876187960006e-01	  -3.6790892040430165e-02	   2.3395399416439228e-02	   1.0143222581492542e-01	  -6.0035478263073348e-03	  -7.9377493174126956e-02	   4.0835989520912330e-01	   5.8892704638308491e-01	   2.8280299414745064e-01	   3.0558339768935006e-01	   3.6591785915147618e-01	
  -8.7283900902333206e-02	  -1.6093906506161620e-01	   3.5644863540942373e-01	   3.1148280167674824e-01	   7.5803539382260987e-01	   4.8008138482356605e-01	   4.5281808853378758e-01	   3.9381704357906877e-01	   0.0000000000000000e+00	   6.5099859127947979e-01	   1.1708517831866856e-01	   2.0001586152707423e-01	   3.5566316238201756e-01	   2.9815919795991275e-01	   6.2336221772629104e-02	   5.5737123160063712e-02	  -2.3017423452873964e-01	  -2.0808989723474008e-01	  -8.0980814504735960e-02	  -2.3207004872345799e-01	  -2.4231584141608367e-01	  -1.2491386943901570e-01	   1.8786072245655075e-01	   1.6504806646504375e-01	   1.3790639534538424e-01	   8.9741081279102727e-02	   1.5152459925471987e-02	  -1.0989233276133387e-01	  -1.0999828190838845e-01	  -2.2004141713892256e-01	   9.5569478586260775e-02	   8.3993330918480075e-02	   6.7923687715326475e-02	   8.2897581021410482e-02	   1.9419104790025715e-01	   8.6965377473273681e-02	  -1.5691028953520256e-01	  -8.8362530299773701e-02	  -5.1288904663989505e-02	  -5.7666773357222652e-02	  -3.2961806004190831e-02	  -1.1127332848471561e-01	   1.0737000111372758e-01	   5.2471603921404208e-02	   4.1142314652387109e-02	  -2.6448525772027158e-02	   5.8112881045308991e-03	  -1.2011881812353958e-01	   2.6424692321460863e-01	  -6.4244224210852893e-02	   1.7622889478059911e-01	   1.4716442673113200e-01	   6.0360509472073012e-02	  -3.9918879651486744e-02	   2.5697314188168303e-02	  -6.7922506259713897e-02	  -1.6272513680290429e-01	  -1.5897961895151996e-01	   3.6897139752463964e-01	   1.7962404251885697e-01	   3.2364562383298762e-01	   2.4510915828647217e-01	  -2.1194467537899858e-01	  -2.0456991118564494e-01	   3.7614785272822532e-01	   3.5620818878140759e-01	   3.0952902608527977e-01	   2.0509799730953704e-01	  -1.2962647929245447e-01	   5.2529650178504327e-02	  -9.0027861671024126e-02	   7.0679776094572599e-02	  -2.7130261231417496e-01	  -2.6532471996478624e-01	  -1.2897235116801367e-02	  -1.3978764575369979e-01	   1.3953410595101701e-01	   8.2777299166940488e-02	  -2.0823040696101597e-01	  -2.0280473298094659e-01	  -3.0567601318039200e-01	  -2.6776085282615136e-01	  -2.0107821956320653e-02	  -6.8151682304885733e-02	  -1.1635459471500864e-01	   2.1507615377448733e-01	   9.5755520873856779e-03	  -1.1219688148054452e-01	   2.5490002000405360e-01	   2.4298529914010003e-01	   3.8027722632305394e-01	   2.4506678934822951e-01	   4.0189439749858041e-01	   2.9593938409206189e-01	   2.4560034740217956e-01	   2.8315010976530902e-01	   1.2565534681824000e-01	   9.9236944293168983e-03	   2.5587856356929117e-01	   1.6990118677902083e-01	   3.8465587182865874e-01	   4.0863281049080430e-01	   3.4593319948134549e-01	   1.9840807998459339e-01	   2.5235080119499032e-01	   1.7951312145104181e-01	   4.3020265521744355e-01	   1.4877068959371353e-01	   1.6461752618538372e-01	   1.5845439614007639e-02	  -4.3401058860068759e-02	   1.3340279261965690e-01	   3.3613327646529079e-01	  -4.9164353258870634e-02	  -6.4059376963728418e-03	   6.5444917353906437e-02	
  -1.4730227189670582e-02	  -2.4997555846185004e-01	   4.8335269970488903e-01	   5.5418309095744189e-01	   7.0976870787894863e-01	   7.7603334986421313e-01	   5.4686001055359135e-01	   6.8230903324322734e-01	   6.5099859127947979e-01	   0.0000000000000000e+00	   2.9724800653107902e-01	   3.7184080082628657e-01	   4.3274105169980098e-01	   5.3281717312220933e-01	   3.7082184882056757e-01	   3.7949444372348273e-01	  -3.4381256027437879e-01	  -3.4032403431009128e-01	  -5.6094779432812408e-02	  -3.5872570694384115e-01	  -1.3483804146240376e-02	   8.1195803625733268e-02	   4.5935917091678014e-01	   4.3574374775937075e-01	   2.7365796598458503e-01	   3.6459718988204121e-01	   1.6788381220002135e-01	  -2.6600429259470305e-04	  -1.6897225767336799e-01	  -2.0125006055409159e-01	   2.4646661646168308e-01	   2.8524710306435291e-01	   5.6765365211859556e-02	   1.9633075483401174e-01	   3.1532751721811630e-01	   3.2257149632188331e-01	  -6.5017692798419680e-02	  -2.2960560176006610e-02	  -3.0747925959544925e-02	   1.8378353768535451e-02	  -1.0026863360689542e-01	  -6.3993648013384993e-03	   1.2276064159453412e-01	   6.9099741343580604e-03	   4.0561619895278553e-02	   1.1241019652972275e-03	   1.9302345847690687e-03	  -1.4576818767171490e-01	   2.7645618197712779e-01	  -1.4413792677717599e-01	   2.2310852507428872e-01	   1.6459184384693651e-01	   1.6726848577254319e-01	  -1.5752956478427185e-02	  -3.6145422147290981e-02	  -8.9238277398999769e-02	  -2.9618049142107528e-01	  -2.8844114113840758e-01	   1.2591144706524932e-01	   1.2469655499731497e-01	   3.0142413259751588e-01	   4.0614161684025873e-01	  -2.3617116324638127e-01	  -1.4598181157236892e-01	   4.3075854597009788e-01	   5.3638622578526629e-01	   2.9799398474501204e-01	   3.7091567292940497e-01	  -3.0294057149058851e-01	  -1.9576173603030468e-02	   1.2534357101740148e-01	   1.8249811205444133e-01	  -2.1839227370519992e-01	  -1.6417380853819530e-01	  -6.9470440445143167e-02	  -1.8412159236025605e-01	  -2.8287324021006796e-02	  -3.3682530482738567e-02	  -3.1618794612609369e-01	  -3.6596347085770126e-01	  -3.0249075089869593e-01	  -3.3149910971445334e-01	   1.5865975934787768e-01	   5.7760534749801223e-02	   2.6017575117258218e-01	   2.9265503777226787e-01	  -9.5347987118507366e-02	  -1.4464774097454794e-01	   4.1731095842834437e-01	   3.1170308500750532e-01	   4.8661116295001139e-01	   3.7680226018723573e-01	   4.9823537944487811e-01	   4.0892011389896232e-01	   1.3552623274976333e-01	   1.5267177834323714e-01	  -3.6221050663300551e-02	  -1.4499447973754304e-01	   1.6333011824659938e-01	   1.3218429613174087e-01	   2.8472421354402189e-01	   3.5149168036923195e-01	   1.6966200298354323e-01	   1.0384342996166179e-01	   3.7238332356263043e-01	   3.2143170037868385e-01	   1.8701016063094572e-01	   3.7127818372881868e-03	   1.5527117889147102e-01	  -2.3879848625760730e-02	  -4.4047985310334166e-02	   1.9807876317948053e-01	   3.9863029759562429e-01	   5.0072370904502971e-02	   1.5900682064477281e-01	   2.4448419180957343e-01	
   2.6622429783349966e-01	  -2.5682072302759140e-01	   3.9282057751455102e-01	   4.0949531161857922e-01	   9.3907624085626556e-02	   2.2063194324433733e-01	   4.5934021771086031e-01	   4.5644851227426958e-01	   1.1708517831866856e-01	   2.9724800653107902e-01	   0.0000000000000000e+00	   6.7758337173131500e-01	   6.8416048099180171e-01	   6.2988753517436713e-01	   5.5023569878028378e-01	   5.2954998989149993e-01	  -8.4015218676834230e-02	  -3.2129840488200040e-01	   2.3943695890575084e-01	  -1.2860216029577606e-01	  -2.1140456993353048e-02	  -2.7512396987716281e-01	   6.1748185171943004e-01	   5.0838071223497039e-01	   3.1772535687605748e-02	  -3.6158423556681953e-02	  -1.6056821057162352e-03	  -1.5892959581635499e-01	   7.3060371234275709e-02	  -1.5945341497886875e-01	   2.1467969749269050e-01	   1.9067427700151945e-01	  -5.8980511261649609e-03	   1.6987832052234031e-02	   4.5325679014414789e-02	   5.3559209587743420e-02	  -4.0247745181773660e-02	   2.7369406355625375e-02	  -1.6320230949352046e-01	  -4.5809239037607100e-02	  -1.8708116200794167e-01	  -3.8156657807668015e-01	   1.6381600766984861e-01	   3.2892420018502955e-02	  -1.0285917407624853e-01	  -8.8267882858328192e-02	   1.6905537689037308e-02	  -1.0241323098840607e-01	   1.6659719951555810e-01	   9.1462235205865970e-04	   1.5979521026636967e-01	   1.3429422469830044e-01	   1.4823652801225587e-01	  -1.6978149502792139e-01	   6.0546887300613875e-02	  -6.7170151065460478e-03	  -3.4012712827845448e-01	  -3.7827254129777660e-01	   1.7989664559677954e-01	   3.1502865512081241e-01	   2.2284508476612444e-01	   4.7081253741601592e-01	  -1.8945653064948798e-01	   1.5008374757060189e-01	   3.3257834278424903e-01	   2.1799822929201643e-01	   1.7873085074128323e-01	   1.1062651267289088e-01	  -3.6015585422008511e-01	  -1.7807247637044882e-01	   1.5322194070237147e-01	   3.0371154260548365e-02	   1.4009296275316271e-01	   1.5478951732561329e-02	   2.2498552125150001e-01	   1.4723519353739142e-01	   2.0997771638264304e-01	   1.8140850607406112e-01	  -2.2432491580833841e-01	  -3.5947259734615167e-01	  -2.5665593814280169e-01	  -2.4603236392106725e-01	   4.9840036995492121e-01	   1.2675254179492751e-01	   2.8669700607004700e-01	   3.9969988690488051e-01	   6.7286592058292127e-02	   2.5859925347185969e-01	   2.4728579506690990e-01	   2.1251913932777397e-01	   5.0383534563791732e-01	   4.6653811788927424e-01	   4.2700175626688741e-01	   3.3804968665395940e-01	  -1.6536564245146435e-01	  -1.7424704781147004e-02	   2.6011949600065622e-02	  -1.2237509930951644e-01	   3.3080402299972972e-01	   4.5710125373111232e-01	   4.8458459861381492e-01	   3.5899592550333315e-01	   3.0904400013167166e-01	   4.3720877288044924e-01	   2.7216761051427685e-01	   3.0224788596030583e-01	  -1.0933689929586404e-01	   2.7813336009541835e-03	   6.1831312733340429e-02	   6.9486426374549465e-02	   3.9114869058688342e-02	   4.4776061998223815e-01	   5.7172676931964295e-01	   3.1145963679556649e-01	   2.2962352772529709e-01	   1.6923577717536500e-01	
   1.5533363473705070e-01	  -1.1091338847973151e-01	   2.7961155457178657e-02	   4.1279171096662692e-01	  -3.8592964634415229e-03	   3.7205444185034348e-01	   3.9322336230139893e-01	   6.1550888319566366e-01	   2.0001586152707423e-01	   3.7184080082628657e-01	   6.7758337173131500e-01	   0.0000000000000000e+00	   6.5363231886212259e-01	   8.1922161796224557e-01	   4.6859315754058167e-01	   5.7039247982129326e-01	   1.1761204235952179e-01	  -1.3348011057574224e-01	   1.1685015737798832e-01	   1.4317410451789704e-02	  -1.2319797061717228e-01	  -7.3871571051829552e-02	   2.1016577568926836e-01	   3.1654890272272862e-01	  -2.3290479363983385e-01	  -9.4957362031032930e-02	  -2.5612556823166877e-01	  -3.3823228956982303e-02	   2.2330574040199164e-01	   9.1545181064145331e-02	   1.4124207893378532e-01	   1.8156481574326711e-01	   2.8710418935774237e-02	   1.7364553667748381e-01	  -2.4140111878776516e-01	  -1.3006850530490710e-01	  -5.0310636318126378e-02	   5.8607667393374654e-02	  -1.6047885959554642e-01	   1.8398399650707869e-02	  -5.6790023396372617e-02	  -1.9427596521308202e-01	   1.2816640298152215e-01	   8.8679127257372453e-02	  -8.1086704896841624e-02	  -3.1823733628427192e-02	   1.1066618152530733e-01	  -5.9000716667254247e-02	   1.5898582360791619e-01	   9.3152738513871319e-02	   1.1231032359077936e-01	   1.5339875992835361e-01	   7.6245338656022565e-02	  -1.5869129327925890e-01	   8.3061547960576299e-02	   1.2062560047752491e-01	  -2.3305219629473242e-01	  -2.6412925579735091e-01	   1.2355913483394347e-01	   4.1919389116935335e-01	   3.6833903289027148e-01	   7.1829500908193789e-01	  -3.3926450971261873e-02	   3.0926832576593111e-01	   2.8551360638923895e-01	   3.7059444827251964e-01	  -8.8892677539263748e-02	   5.0314318203082730e-03	  -3.3822927595973312e-01	  -2.8290825800503844e-01	   1.2719351962737407e-01	   1.4712533025819807e-01	   1.8466955320642534e-01	   2.1406551982446848e-01	   2.2132533012746886e-01	   3.2217318543273837e-01	   1.5976544752901714e-01	   2.4729691189151054e-01	  -9.1807722724883661e-02	  -2.3816777123194371e-01	  -4.2692053178571394e-02	  -9.3968239805017562e-02	   3.1130454593462459e-01	   1.7192762144896442e-01	   4.4351853794826243e-02	   3.6296052075176677e-01	  -7.9962738209976569e-02	  -7.5200085971258768e-02	   2.1325923000340052e-01	   2.4474984354832358e-01	   4.8700007839103276e-01	   2.0086618335958928e-01	   4.5535559224109839e-01	   7.5712795578282116e-02	  -1.0890216110587879e-01	   1.2908107656393669e-01	   2.4597085059836314e-02	  -6.4277447050377121e-02	   4.9912950282484847e-01	   4.1839894987897452e-01	   5.4346780373815029e-01	   2.3826165702951857e-01	   4.1468515478032653e-01	   2.7832708774266923e-01	   2.2707765444772335e-01	   1.2686986042077042e-01	  -4.1143842990787896e-02	   2.8412046859409561e-02	   6.6259704821153828e-02	  -7.0370757291070224e-03	  -6.5089985491754626e-02	   3.5610414911779842e-01	   3.8654498899299694e-01	   1.5743335245924675e-01	   6.7039381868043658e-03	   1.7084677989762498e-01	
   2.5596615528088223e-01	  -2.3837584292633729e-01	   4.5703599607181000e-01	   5.4840047536411463e-01	   3.1365467413390991e-01	   4.1030924273877267e-01	   6.7183228385305616e-01	   6.3371223135763433e-01	   3.5566316238201756e-01	   4.3274105169980098e-01	   6.8416048099180171e-01	   6.5363231886212259e-01	   0.0000000000000000e+00	   7.1301769359016887e-01	   7.0860818068978726e-01	   5.4597333114875846e-01	  -1.0159453810200872e-01	  -3.3532051489132286e-01	   1.2973875525170947e-01	  -1.8420042547837745e-01	  -2.4061793888756655e-01	  -2.1858406921307877e-01	   4.0121167627090593e-01	   3.7827232057169902e-01	   4.5015008346407863e-02	   7.5283566186775033e-03	  -1.1599343942526785e-01	  -1.8227129056781122e-01	  -1.1476267048299199e-01	  -2.6286292287509355e-01	   8.4952861542945096e-02	   1.2387547411098662e-01	   1.7420214216677310e-01	   2.4752571926355255e-01	   1.6532287967821463e-01	   1.5121015036148716e-01	  -5.9323436660096332e-02	   5.8842729780767336e-02	  -1.3059652533479135e-01	   4.6041836004379735e-02	  -1.7417028571355037e-01	  -3.2359534696696335e-01	   1.1875203510598961e-01	   5.9743363543930533e-02	  -1.0612356875564710e-01	  -2.5763817823901830e-02	   3.8642590242650404e-02	  -7.1093531334519469e-02	   2.3283883237795253e-01	   5.8155034896964783e-03	   2.5433756710615490e-01	   2.5033449652951434e-01	   1.9994203350848139e-01	  -1.0088033504871810e-01	   1.2647933016687246e-01	   4.5675113117817245e-02	  -3.1927189201815026e-01	  -3.8201863508231843e-01	   3.1944537652972033e-01	   3.4117759507562528e-01	   5.2004212585110154e-01	   5.8178724307329588e-01	  -2.4110773918667655e-01	  -9.5095771313811167e-02	   4.8739565507707705e-01	   5.1502119037621541e-01	   2.1559419110732819e-01	   2.0107639147933598e-01	  -2.8391105335341388e-01	  -1.8873642427604656e-01	   1.4410056467672383e-01	   6.6179277773743217e-02	   9.6163860683955091e-02	  -1.1624530872742204e-02	   1.7808213752616042e-01	   6.3529848865599953e-02	   1.2034069503869949e-01	   1.1417667797265854e-01	  -2.3133769161387702e-01	  -2.8131417299044231e-01	  -2.7878545053391668e-01	  -3.2181015271476654e-01	   1.8051733795956054e-01	   4.1580392128665170e-02	   1.1541063567455484e-01	   3.6208352131456045e-01	  -1.3277407836183819e-01	  -9.4419662692639364e-02	   4.4853627997246670e-01	   3.7407000490869813e-01	   5.7744448226577028e-01	   5.1193381335774357e-01	   5.4788563312944583e-01	   4.5908998787111688e-01	  -9.1813631489803371e-02	   5.3754974538722605e-02	   7.2628888832521332e-02	  -6.4828588054458139e-02	   2.9424049936673013e-01	   4.4678173308781710e-01	   4.1316855011506037e-01	   5.7141098861920625e-01	   2.0006892277214933e-01	   4.4010349783539582e-01	   3.7757259798369125e-01	   3.7092727348980759e-01	   3.8953165270605751e-02	   9.8700161455299612e-02	   4.2487126619471419e-02	   3.6919299704146660e-02	   1.8456291845949262e-02	   4.0861067264614087e-01	   6.1866107271824111e-01	   1.4228894410156265e-01	   1.3392887437401854e-01	   2.8964904080265946e-01	
