   0.0000000000000000e+00	   7.8501168977675229e-01	   4.6822680386117643e-01	   1.3467494480655184e-01	   1.4107013167472576e-02	  -2.0014623628168549e-01	   3.5019046223149558e-01	   2.8080612371694591e-01	  -1.2895294990637590e-01	  -1.9615211455251585e-01	   6.7224170015704399e-01	   4.1746735561930615e-01	   3.9952142914107325e-01	   3.4407210812488281e-01	   7.0333072599617408e-01	   3.4103063131129241e-01	   6.2911071054602108e-01	   5.9194644449698419e-01	   6.7395766232077614e-01	   5.7677874104874216e-01	   7.9940047364128880e-02	   2.3093048765444085e-01	   3.5003280193260017e-01	   2.4462073623722078e-01	   9.8820174404887537e-02	  -1.0653545833916668e-01	   3.0061501781924538e-01	   2.5898398475003297e-02	   5.9963214817061705e-01	   5.2774142391252221e-01	   2.9708552453989012e-01	   2.9259636304874570e-01	   6.3817488068685058e-01	   4.7551631249210624e-01	   1.4874603723987834e-01	   7.7953693429818838e-02	   5.2734162780772409e-01	   5.2614692597133628e-01	   2.6017000214174368e-01	   5.4000685683158300e-01	   2.9346946056845924e-01	   5.9852791469655076e-01	   5.7914396795498069e-01	   5.5927400064807664e-01	   3.4902018273851099e-01	   1.8846811233986910e-01	   6.7172982978710372e-01	   6.4059696186662818e-01	   3.3665461096046795e-01	   3.4758103084260344e-01	   4.4767040996821317e-01	   3.5460104855661556e-01	   4.8216390042673374e-01	   6.4517916069236436e-01	   7.1615722269065185e-01	   7.5666035441393908e-01	   5.3581381031502340e-01	   6.0985716749036056e-01	   2.2820591025672554e-01	   2.5602223800249158e-01	   3.1243592452294677e-01	   1.4319339943655668e-01	   5.5377196169892962e-01	   4.5278800088986793e-01	   1.4595535391032988e-01	  -8.8510317812990083e-02	   1.6126641940928604e-01	   9.8733081388172994e-02	   3.2359414520122876e-01	   2.2297231776500270e-01	   6.2076002313069867e-01	   4.0119089058909019e-01	   6.1169543644534918e-01	   5.3352262845913423e-01	   6.2988734521083400e-01	   5.2630664319333209e-01	   7.3006801001029831e-01	   5.7545466236509590e-01	   3.3688816293912571e-01	   4.7045169644189466e-01	   5.8288433854454968e-01	   6.1166759846069052e-01	   3.6290743286901461e-01	   4.9313067665636973e-01	   4.2937598991066944e-01	   4.0413617342299385e-01	   3.2650277065789240e-01	   1.8787143164669595e-01	   4.3227830877273227e-01	   4.9272638600616214e-01	   3.2996023493328674e-01	   5.4313423770169222e-01	  -8.5299204256341458e-03	   2.9402501943098563e-01	   5.5280719957530167e-01	   3.9148530628070416e-01	   5.8922050164979645e-01	   5.4326123834683659e-01	   5.5445244902151358e-01	   6.8718676353244135e-01	   7.2420876415234536e-02	   3.0069445411772794e-01	   1.3410407936495572e-01	   5.0612158696797049e-01	   1.9567589825134395e-02	   2.2822741338386848e-01	   1.2492433777779087e-02	  -1.4491511541029145e-01	   4.7138801957037213e-01	   5.3123392813932835e-01	   5.7756418031334722e-01	   5.5483966344848612e-01	   6.9680162620337360e-01	   4.4173478445854475e-01	   1.7518019158115838e-01	   2.5827199677927737e-01	
   7.8501168977675229e-01	   0.0000000000000000e+00	   4.2562668145105942e-01	   2.4349324591537513e-01	   1.2608457672329151e-02	  -1.9995641536982531e-01	   1.7913729150324481e-01	   2.4549547287139117e-01	  -1.6602768385077882e-01	  -2.2211971931981050e-01	   4.5987239697516946e-01	   4.5692237997323037e-01	   2.5467688517566217e-01	   3.4895669234844140e-01	   5.8910567806667014e-01	   4.0590572676566283e-01	   6.9729000273897057e-01	   6.5730056641500290e-01	   5.2743308113621801e-01	   6.1483350897317579e-01	   2.9591056419390543e-01	   4.4422378239193760e-01	   3.3951867601644237e-01	   3.5253384317349051e-01	   2.7267807719038367e-01	   5.0895538700462276e-02	   3.9047205579910393e-01	   1.2289249914422939e-01	   6.6836191254209798e-01	   6.3728759953577629e-01	   3.8279135240492451e-01	   4.1175696068194029e-01	   5.8599741595084842e-01	   5.1516434283818091e-01	   2.4328380215610879e-01	   1.1361686584928529e-01	   6.1728466761151801e-01	   6.4294219827070365e-01	   4.7819426108926338e-02	   5.3268900176139122e-01	   1.5318253389062975e-01	   6.4439374142802941e-01	   6.3538395817049187e-01	   5.6546897323209189e-01	   4.9264540030487497e-01	   2.4799521536816532e-01	   6.8409280553580842e-01	   6.4299940538508160e-01	   4.1554889078545604e-01	   3.2731354904519000e-01	   3.6018287334544791e-01	   2.6201123467496307e-01	   6.2311242828168023e-01	   6.7652154488758542e-01	   5.9538986215967415e-01	   6.9469405407550922e-01	   4.8468523562683596e-01	   7.6376397562710130e-01	   6.8912768365534866e-02	   2.3744787888666538e-01	   7.7170613842817815e-02	   1.8256859396183933e-01	   4.5413615005132568e-01	   4.5961981865563584e-01	   1.8559225633544929e-01	  -4.7424537677242341e-02	   1.2126515052432488e-01	   9.6768627609469873e-02	   2.4821598385504984e-01	   2.4064145288827862e-01	   5.6095163632175793e-01	   4.3637148972881368e-01	   7.2629450455898048e-01	   6.4387856647293229e-01	   6.4258688506971762e-01	   6.2352324276374582e-01	   5.8120478573613243e-01	   5.0336419608932270e-01	   5.0932286298353002e-01	   5.2464943097200156e-01	   7.1929576734452239e-01	   6.6906592563223799e-01	   3.3297278880011050e-01	   5.3907890851784135e-01	   5.3349772410313667e-01	   4.8976711059166633e-01	   4.8362023480850058e-01	   3.0245727791106281e-01	   4.1420855302689141e-01	   5.1602425978895661e-01	   2.6810400165406800e-01	   3.2561875682566926e-01	   6.4720096169908134e-02	   2.8805694827773221e-01	   4.7227796904377184e-01	   3.7940250387063756e-01	   4.9548692359463298e-01	   5.7100448538343973e-01	   4.6654584118041209e-01	   5.3101098115261813e-01	   2.0687901795480035e-01	   2.1852971517889033e-01	   2.9116747688177025e-01	   4.5401005377104597e-01	   2.9685246413807759e-01	   4.0548870968861883e-01	   3.5165481596265757e-02	  -2.8185425117643914e-01	   3.5450061478686945e-01	   5.0546763623500190e-01	   4.7100407832624736e-01	   4.8403738378872269e-01	   5.8979079819789493e-01	   5.5309163289494845e-01	   3.8339376844135614e-01	   2.9285121479090004e-01	
   4.6822680386117643e-01	   4.2562668145105942e-01	   0.0000000000000000e+00	   6.4363614424897686e-01	   4.8203065549983837e-01	   2.1654366432341612e-01	   7.2667878570748645e-01	   2.4131429003818555e-01	   8.1068910282653867e-02	   4.0572868830312650e-02	   3.1601782558113378e-01	   1.3613065361731200e-01	   2.9494540777799622e-01	   1.0388895636702369e-01	   6.1296876295826397e-01	   3.8686542239758992e-01	   2.1818177003862982e-01	   1.8661706105114961e-01	   4.7915826110975984e-01	   3.3749710927877818e-01	   1.5332663236054986e-01	   4.4666508144115447e-01	   8.1076515772090318e-01	   7.6560736037821264e-01	   7.4032600449163621e-01	   5.3213386698326404e-01	   7.8715518891813230e-01	   5.9951417658717276e-01	   1.4916307051239219e-01	   9.4486155443496922e-02	   6.4035679361531972e-01	   5.8791935847926879e-01	   5.9425540114721920e-01	   4.2787297388727186e-01	   7.1527806349006429e-01	   5.0540782914250437e-01	   4.9657217954419886e-01	   4.4109770227025175e-01	   3.6241588316279477e-01	   3.4209613530417571e-01	   2.4333065421724420e-02	   3.9098909278201144e-01	   6.8644199541534634e-01	   6.3804646869710946e-01	   7.1048506746618911e-01	   4.0405589359834182e-01	   6.6610146232485545e-01	   6.4960201373556359e-01	   5.1085685447129314e-01	   3.1793052185333437e-01	   5.7054994845979357e-01	   4.8119710784385145e-01	   5.0292633293972611e-01	   6.2498909771475797e-01	   6.2418887945302215e-01	   5.8427856803659750e-01	   9.8739728954343924e-04	   2.3468761861783469e-01	   3.5838125838494883e-01	   1.3983561022889590e-01	   2.2493406577136799e-01	   6.0836123989583032e-02	   3.4012369302891990e-02	  -4.3206581235118620e-02	   6.7543048818187246e-01	   3.1562732273474869e-01	   6.8677717002720018e-01	   5.0364280164238506e-01	   4.9821058151181508e-01	   4.3542416249284621e-01	   5.7759085092284501e-01	   3.2308551304809274e-01	   4.3827601816609790e-01	   2.9276517017538206e-01	   3.9920428470884306e-01	   3.1769564410944473e-01	   5.9972868247676481e-01	   4.3760425206199316e-01	   2.3251005858221221e-01	   3.8573372737339162e-01	   3.0179029324106355e-01	   3.0866483249080351e-01	   4.2946760572526432e-01	   4.8128474951819677e-01	   7.1056830888012190e-01	   7.0245082449166618e-01	   5.0427247329454716e-01	   3.3207735501635072e-01	   6.3543408000554424e-01	   5.9449749825181830e-01	   4.2014938650212874e-01	   5.3750631502967428e-01	   3.9373347753247911e-01	   6.1677022304551810e-01	   5.2121863111230915e-01	   2.7069568058313254e-01	   6.1792142482133650e-01	   4.8830380170756188e-01	   5.0352789160478917e-01	   4.8071808986150955e-01	   2.8661963750447350e-01	   4.8898642997593850e-01	   3.2536297035893652e-01	   5.1375335729439853e-01	   2.3705781481680660e-01	   2.8537387359744010e-01	  -2.2723676498815526e-01	  -1.4133043747640972e-01	   3.6389217519724559e-01	   3.5823320656843977e-01	   5.6596708296670695e-01	   5.4283990071216326e-01	   5.8768175881992213e-01	   6.8468730137625688e-01	   3.9043314763712089e-01	   2.1953630224817833e-01	
   1.3467494480655184e-01	   2.4349324591537513e-01	   6.4363614424897686e-01	   0.0000000000000000e+00	   4.6884277091451199e-01	   4.0236119257443115e-01	   6.9417196808244119e-01	   6.6093628303840479e-01	   2.7090753922717503e-01	   2.7686128919812503e-01	   1.0123222373676852e-01	   3.2659540536184894e-01	   1.9428932700879598e-01	   2.6123025550214501e-01	   2.5358382932241286e-01	   5.7739224170506542e-01	   1.4696847395090984e-01	   6.9103011996166197e-02	   2.2135144172402704e-01	   3.4594425167062093e-01	   1.2019317956669820e-01	   4.3106705024356434e-01	   4.6409407485201881e-01	   7.4262355030482641e-01	   4.4757792192727308e-01	   5.5505263205643651e-01	   4.5422540477550444e-01	   5.0532553177344153e-01	   9.9510130980733372e-02	   4.3318067509670717e-02	   4.7717783418487436e-01	   5.4949232759228162e-01	   5.2455204484531825e-01	   6.1260729070064024e-01	   5.5725393022784586e-01	   5.9217662202821164e-01	   2.6403092809065054e-01	   3.9903365818683145e-01	   2.5796899611664519e-02	   2.4817098030111362e-01	  -2.6491828922053484e-01	   2.5199495011669093e-01	   5.0761850738177472e-01	   5.8020603791556113e-01	   6.1661217266053003e-01	   5.8374399346050854e-01	   4.6879310506242611e-01	   5.4879704300052556e-01	   6.1669592018709840e-01	   5.3972218552843199e-01	   5.5215151749222036e-01	   5.1055654679034057e-01	   5.0687386884955010e-01	   5.0828649789260916e-01	   3.4883861243525166e-01	   4.0264180159366403e-01	  -5.5157045705838750e-02	   1.3425849633590811e-01	   3.9048398859403360e-01	   3.7986456655564849e-01	   2.1045180450414169e-01	   4.8753659786591036e-01	   5.6217352566097584e-02	   8.3076314897198467e-02	   4.6713577831748143e-01	   6.1984195428354105e-01	   5.2088265830347491e-01	   5.7217590600132906e-01	   2.8457278557141885e-01	   4.7258100183542812e-01	   3.1260076938135872e-01	   4.1328881932859152e-01	   3.4877462832675171e-01	   3.3855465052789840e-01	   3.5615036062727862e-01	   4.0008983163793171e-01	   3.6301958559855618e-01	   4.5360903432628435e-01	   2.5285468012676127e-01	   2.4787154198357886e-01	   2.4651073503523460e-01	   1.7525281196272863e-01	   4.7403040981531079e-02	   2.0457890689490027e-01	   4.2642384440080333e-01	   5.9693497944172791e-01	   2.7115728575117681e-01	   2.6629129188645162e-01	   4.7052652304019332e-01	   5.5509149651031142e-01	   3.5301312727304951e-01	   2.8190032361017658e-01	   4.1192594474525224e-01	   2.9514152315426201e-01	   3.1726447160032978e-01	   1.0440792006261639e-01	   3.5059090431679907e-01	   3.5985645337561006e-01	   3.3140265384565604e-01	   2.7342227514838685e-01	   4.5001146453364110e-01	   3.4810802185279943e-01	   3.9280389626633783e-01	   4.0315978746564241e-01	   2.4250080249208078e-01	   2.0660505790584460e-01	  -4.2167148892135957e-02	   5.1876782017324902e-02	   2.3029431243964260e-01	   2.6462079047248621e-01	   3.8306358514121813e-01	   3.7694296400136518e-01	   2.6483472721937512e-01	   4.5027414087560180e-01	   2.6276645082930788e-01	   1.6395413646523582e-01	
   1.4107013167472576e-02	   1.2608457672329151e-02	   4.8203065549983837e-01	   4.6884277091451199e-01	   0.0000000000000000e+00	   8.2213759971424905e-01	   5.9537569609914587e-01	   2.4285831172372283e-01	   7.9236770758370723e-01	   7.2824439335190427e-01	   1.7827383360566001e-01	   1.1531077277152030e-01	   4.9939470108370165e-01	   2.3883944821500341e-01	   2.2685298897253486e-01	   4.5299624878115352e-01	  -1.4431924913178282e-01	  -1.2263714027276179e-01	  -9.2539121614378606e-02	  -1.3011292533399818e-01	   1.3393137310628606e-01	   3.6128424151180483e-01	   1.5755360517744318e-01	   2.2744422279833215e-01	   5.1435660656810456e-01	   7.2991107450805770e-01	   2.7088574736685755e-01	   6.1559504102099927e-01	  -2.0311315053860951e-01	  -2.6762343887033135e-01	   4.2781019763054665e-02	   2.3634150999885226e-02	   4.8781879789948274e-02	   7.2579666790523745e-02	   4.0331987084720583e-01	   3.9398426806700027e-01	   1.0116976440065575e-01	   5.4709921836283988e-02	   2.1395848219968157e-02	  -1.6820134697990013e-02	  -2.1721521466309079e-01	  -1.3094535442512302e-02	   3.2410433812779549e-01	   3.4419707764862473e-01	   4.5608846074583226e-01	   3.9732575028528810e-01	   2.1710478185465190e-01	   1.9129657877457606e-01	   5.0751828006250232e-01	   4.4284106596976147e-01	   7.1275932216420212e-01	   4.6176348410191048e-01	   3.8119696498030881e-01	   2.0592392924468478e-01	   3.4697496509773174e-01	   1.7455213633033795e-01	  -3.1061797716133777e-01	  -1.1047325401780940e-01	   5.6320638223489972e-01	   3.5427146978148055e-01	   3.6455971469640125e-01	   1.7475986925162304e-01	  -6.8608501455199242e-02	   3.0591982732097768e-02	   3.9387985451621244e-01	   3.2601976336645200e-01	   6.3073533182568597e-01	   5.1632680791915908e-01	   2.2543112584255409e-01	   3.4233620229192746e-01	   3.0189910902519830e-02	   4.8870793292209211e-02	   7.3671194617109151e-02	  -4.3848284670403845e-02	   6.9407131134984867e-02	   3.3335489607610944e-02	   8.5473333646643807e-02	  -1.4298024497204626e-02	  -7.4317340901678519e-02	  -2.5350329811541329e-02	  -4.6285176728453559e-02	  -2.6326265887272202e-02	  -2.2966196932868288e-01	  -1.6332464004256597e-01	   3.6819887314244237e-01	   3.6296343258608654e-01	  -8.1219038573114563e-02	   1.0002212330617538e-01	   4.5253329461650499e-01	   2.0837510786206953e-01	   4.2469129293283711e-02	   2.3161339991421090e-01	   2.5851704293277167e-01	   4.5828450146515076e-01	   1.3156070379918405e-01	   7.1755041106567080e-02	   2.2039792158632210e-01	   2.6479376560061896e-01	   1.1783352623084803e-01	   4.7318480284139430e-02	   3.8803655138362902e-01	   5.4135726707965981e-01	   3.9712593197637608e-01	   4.1429236605696029e-01	   3.6277672357692242e-01	   2.4805591383643233e-01	   1.0698071382501202e-01	   2.1490966807977263e-01	   6.4104712542680338e-03	   2.8695737974767269e-02	   1.8870373627971651e-01	   1.0902503657796811e-01	   5.5475717507024562e-02	   4.1021236503385339e-01	   3.9111659786692987e-01	   2.7010359841186588e-01	
  -2.0014623628168549e-01	  -1.9995641536982531e-01	   2.1654366432341612e-01	   4.0236119257443115e-01	   8.2213759971424905e-01	   0.0000000000000000e+00	   3.2928775895342471e-01	   8.3258779730430776e-02	   7.4875058358960900e-01	   8.8629601075972753e-01	  -9.8319378585293285e-02	  -7.2200930893773024e-02	   2.6348959630084240e-01	   4.0010123581539589e-02	   7.0472723490215855e-02	   5.2133710709901271e-01	  -2.5288819637609544e-01	  -2.2092435312151365e-01	  -2.6657125272479576e-01	  -2.3873744539825395e-01	   1.2238321372514588e-01	   2.7881642326148082e-01	  -1.7117362352217302e-01	  -5.3591754167349008e-03	   4.0018181032001932e-01	   7.6902994269557379e-01	   1.2816401743070263e-01	   6.0182202091900439e-01	  -3.5151199726152377e-01	  -3.4321240137364767e-01	  -2.0724834432498490e-01	  -2.2286717385782215e-01	  -1.1784948489770797e-01	  -7.4799211119112502e-02	   1.8519938134294689e-01	   1.7085920701422957e-01	  -3.0242267142955474e-02	  -7.4979035461967047e-02	  -1.1055960993492170e-01	  -1.9699737972268916e-01	  -2.9400620080537865e-01	  -1.5422699564502421e-01	   4.5732287035717870e-02	   8.6664436440182457e-02	   2.0275900029590493e-01	   1.9169031166879977e-01	  -1.1156496041322270e-01	  -1.1248600910307538e-01	   3.7680157080803611e-01	   4.0975641694079640e-01	   6.0572325459025245e-01	   4.0767814882278530e-01	   2.7541305376145619e-01	   8.6099579962175252e-02	   9.0168874280441569e-02	  -4.2597545691571960e-02	  -2.6517197094241862e-01	  -1.7853489268407804e-01	   5.0160955154244546e-01	   3.1953105952439015e-01	   1.7404528540050002e-01	   4.1985439290135596e-02	  -2.3410893383990478e-01	  -1.1393853060658210e-01	   2.0076143775656430e-01	   1.7247621546539829e-01	   4.3531987405938727e-01	   3.4462534471567841e-01	   1.0729863377849726e-01	   2.1938293947681875e-01	  -2.0744286341035156e-01	  -1.0104837060740615e-01	  -8.0001106755005019e-02	  -1.6393085902265603e-01	  -1.4341752236061103e-01	  -1.0262269840109793e-01	  -1.3269614701255469e-01	  -1.8705828365480379e-01	  -6.2484239329148143e-02	  -9.5308978260381538e-02	  -1.5883481755635454e-01	  -1.6192488671567717e-01	  -2.7850228907957059e-01	  -2.9726791137432707e-01	   1.4755385676821436e-01	   5.5710767358492230e-02	  -1.2226795649431299e-01	   5.1045262350819770e-02	   3.2709824357907458e-01	   2.1911940182023561e-02	  -1.7309730961664715e-01	   2.1993456210047189e-02	   2.5712336398027162e-02	   2.1732857121024474e-01	  -4.5079013613907197e-02	  -9.4804794836065021e-02	  -4.0194760180938316e-02	   7.3092434831748890e-02	  -1.2173132314565965e-01	  -1.8844348564538183e-01	   1.9374084125690499e-01	   2.3038530792711800e-01	   2.1862096686329052e-01	   2.4313418247481799e-01	   3.8536342982668048e-01	   3.2612294611564629e-01	   2.1048797128411062e-01	   2.4468915542648173e-01	  -1.6105961164450600e-01	  -9.5140087542923704e-02	  -1.0747540273922376e-01	  -1.1345528569466673e-01	  -1.4062502092985849e-01	   2.5313796689588308e-01	   3.5853259846573549e-01	   2.1861201358352578e-01	
   3.5019046223149558e-01	   1.7913729150324481e-01	   7.2667878570748645e-01	   6.9417196808244119e-01	   5.9537569609914587e-01	   3.2928775895342471e-01	   0.0000000000000000e+00	   6.4895902407099793e-01	   3.5001406352579578e-01	   2.2121758697046134e-01	   5.4581898472417945e-01	   3.7684313606341929e-01	   5.8201471989114961e-01	   4.0648608814053122e-01	   3.9446187022527901e-01	   4.0503310845599494e-01	   1.0818644047926719e-01	   7.2335834070391375e-02	   3.3349174732313935e-01	   2.5205873816055691e-01	   4.6776706628585712e-02	   3.3286318658786473e-01	   5.2401028216426004e-01	   5.6229240509014833e-01	   3.2261126590326772e-01	   3.5528437942540203e-01	   4.1266359795272767e-01	   4.3563553319312365e-01	   1.4449274116143299e-01	   3.1305545619014725e-02	   3.9328007653770286e-01	   4.0334869994708028e-01	   5.3151483282176670e-01	   5.4602443122902999e-01	   5.3973602845550450e-01	   5.7109218757967350e-01	   2.5285397303355467e-01	   3.3746289102834554e-01	   1.8357013556907123e-01	   3.3793076266722744e-01	  -7.0120306987878259e-02	   2.8644652972781937e-01	   4.9362921373331214e-01	   6.2056498833938567e-01	   5.6005219520698812e-01	   5.7618819546922739e-01	   5.2613771256211972e-01	   6.0387293644129736e-01	   5.2781297733304511e-01	   5.0668192313427995e-01	   6.3247298630701121e-01	   5.4336403795468535e-01	   3.9769497402954035e-01	   4.7443237444345210e-01	   5.5087990444449120e-01	   5.4224294041068866e-01	  -1.0028277559382229e-01	   3.9313716991338378e-02	   5.5775254495932469e-01	   3.9352878062921126e-01	   6.4526574357036415e-01	   5.1156062432211447e-01	   3.2666156911843314e-01	   2.4973593933270360e-01	   6.0738314413820904e-01	   6.0263069167384009e-01	   6.3831696058131326e-01	   5.9129775528370576e-01	   4.1184497074024162e-01	   4.7589636013718228e-01	   3.8322770417813562e-01	   3.1839595606557414e-01	   3.2899533092891509e-01	   2.3015032099943003e-01	   3.7821447511415374e-01	   2.8648859338431731e-01	   4.7351381596143727e-01	   4.1310041934088138e-01	   1.0380136190807614e-02	   1.0612173845234683e-01	   1.1600296041702736e-01	   1.6327689427722655e-01	  -1.6821402731996966e-02	   1.5809903143449713e-01	   4.4266876919744769e-01	   5.6747158273944598e-01	   9.9315642130177989e-02	   2.2484985025227727e-01	   5.5027349920957980e-01	   5.2650430712817742e-01	   3.5655959902018963e-01	   5.4884550904134333e-01	   4.7001127014935074e-01	   6.0374240550038549e-01	   4.4822242705265514e-01	   2.5260219432120201e-01	   5.4065901355676527e-01	   4.8136180683416763e-01	   4.3589828327896152e-01	   5.0206638260120884e-01	   4.5600026703330010e-01	   7.1582254807047141e-01	   4.2258251816984671e-01	   6.2850777214902420e-01	   1.2705595464651059e-01	   1.8694973038793888e-01	   2.3784238374287291e-02	   1.2750703426211973e-01	   4.0014764358135579e-01	   3.9983794447775178e-01	   5.8319340373359729e-01	   4.6330913241456911e-01	   4.5578877947884855e-01	   4.4421008252429306e-01	   2.6756815428591119e-01	   3.6728246258336850e-01	
   2.8080612371694591e-01	   2.4549547287139117e-01	   2.4131429003818555e-01	   6.6093628303840479e-01	   2.4285831172372283e-01	   8.3258779730430776e-02	   6.4895902407099793e-01	   0.0000000000000000e+00	   3.2486221822108785e-01	   1.6419527661860156e-01	   4.5312739945034669e-01	   7.2122529007790281e-01	   4.5144263618608427e-01	   6.4628226328866145e-01	   1.3609616513280798e-01	   4.3645417815595267e-01	   3.0908036816592038e-01	   2.8825112869117797e-01	   3.2754682081666614e-01	   4.4783591609520501e-01	   3.3610034835753562e-04	   2.1183153857692200e-01	   1.8424881011122923e-01	   3.7243033781885476e-01	  -1.5357479826717729e-01	   7.1485308748879869e-03	   1.5076434401441172e-02	   7.8624531012371365e-02	   3.5700729586801150e-01	   2.7958536823887348e-01	   2.5814153324072220e-01	   3.8558019294543988e-01	   5.0200975435970441e-01	   6.7344638270733070e-01	   2.5815335792371252e-01	   4.9313741213647994e-01	   1.3320946098696285e-01	   3.7536404477841656e-01	  -1.2117811641111330e-02	   3.3385673970677898e-01	  -1.0410882642770214e-01	   3.4519025491549260e-01	   4.0583421257278662e-01	   5.8542312002763575e-01	   3.9727833451860223e-01	   6.0932736836619328e-01	   4.6899113680069593e-01	   5.9973298151332122e-01	   5.7264520418603959e-01	   5.6956926172860900e-01	   3.9627379825443221e-01	   3.9134736016833971e-01	   3.9994560444964217e-01	   3.8805419185127310e-01	   3.1764983988811080e-01	   4.4084078698426415e-01	   8.8412576575172153e-02	   1.5353498858339659e-01	   3.7122835840372287e-01	   5.2558440490551761e-01	   4.4953953679378128e-01	   7.3988382710879197e-01	   4.3605472800197287e-01	   4.7727824420274295e-01	   1.4931605367014350e-01	   6.0984548819184059e-01	   2.0139838609265415e-01	   4.0379552062352253e-01	   2.0017348790868983e-01	   3.9117774308462860e-01	   3.0311210608619832e-01	   5.7403989798404631e-01	   4.2750182173566931e-01	   5.2652184684696557e-01	   4.7901613102611651e-01	   5.2220800694770331e-01	   3.4727709544590463e-01	   5.2246316473870968e-01	   1.3764009493828910e-01	   1.3697645473044665e-01	   2.7780292885147018e-01	   2.8575059752404136e-01	  -1.0496215394790490e-01	   1.3252633635126981e-01	   1.5855880459191790e-01	   4.1427470044996084e-01	   2.3559895056640599e-02	   1.6765595951553217e-01	   2.6252165653649845e-01	   4.6604260757700711e-01	   3.6125549734704171e-01	   3.0980756315629110e-01	   3.1201142402612236e-01	   7.0747827384502873e-02	   3.3772309808321377e-01	   1.9459464230256673e-01	   3.2389414541194667e-01	   3.7984818027186407e-01	   3.5350969824729683e-01	   4.1761967056775157e-01	   4.6806281618603268e-01	   3.8900486398563167e-01	   3.3745140890282532e-01	   3.8279725885378491e-01	  -8.2120315232597246e-02	  -6.2793574461085605e-02	   7.4259499233604850e-02	   1.6679738188733303e-01	   3.5673684295083113e-01	   3.1501192428336011e-01	   4.7604237712403180e-01	   3.8642384969130161e-01	   1.8936810298046630e-01	   1.4284621142239157e-01	  -3.0758212727358618e-02	   2.5859018007457313e-01	
  -1.2895294990637590e-01	  -1.6602768385077882e-01	   8.1068910282653867e-02	   2.7090753922717503e-01	   7.9236770758370723e-01	   7.4875058358960900e-01	   3.5001406352579578e-01	   3.2486221822108785e-01	   0.0000000000000000e+00	   9.0347064958640433e-01	   4.4680670250652234e-02	   1.4331026021382287e-01	   4.5493884465964496e-01	   2.6812861552972495e-01	  -2.3443987288526015e-02	   3.3291895838682539e-01	  -2.1649355469108095e-01	  -8.6191471230059186e-02	  -2.1591099707575467e-01	  -1.8999387491164990e-01	   7.7845534233439484e-02	   1.6881684273419839e-01	  -2.1795520685967495e-01	  -1.4330226797134413e-01	   1.7215850070078656e-01	   5.2257619094097585e-01	  -8.1826597671772555e-02	   4.0536912434534045e-01	  -3.1890544646169183e-01	  -3.4656804247126738e-01	  -2.2269095125913554e-01	  -1.9056248845189694e-01	  -1.6232331643541559e-01	  -5.9373894238058382e-02	   8.1217655018114884e-02	   1.6043025479334377e-01	  -3.4714931181320408e-02	  -1.0127573407548716e-01	   3.4969501120046945e-02	  -1.5455485849373612e-01	  -1.6038873726245867e-01	  -1.5495300909495741e-01	   9.5068757938644943e-02	   1.7463039777666697e-01	   1.9563031114088583e-01	   2.7350573118162003e-01	  -5.2430528420646758e-02	  -2.9479613094472334e-02	   4.2648827205795981e-01	   3.9151048362361707e-01	   5.0828979581445277e-01	   3.0875153345105599e-01	   2.5467243809605156e-01	   1.6654676971657031e-03	   1.3923184328056540e-01	  -5.5993436496625387e-02	  -3.3729986662435912e-01	  -1.9570385509771665e-01	   3.9040900251036759e-01	   3.5837009330478597e-01	   1.6694896059541317e-01	   9.1515397604079937e-02	  -1.1367165871216031e-01	   1.0552542496067985e-01	   2.1723979131787367e-02	   1.4562669738852457e-01	   2.7755963372582981e-01	   3.2507040114238173e-01	   6.4878447253281695e-03	   1.5151470860208410e-01	  -2.4257265579371767e-01	   3.3830808012877689e-03	  -8.0212265007286274e-02	  -9.7647586317542348e-02	  -1.3920943149943260e-01	  -7.2440617090880816e-02	  -2.2157190873953694e-01	  -1.9045925678592904e-01	  -2.2546397634457538e-01	  -1.7645155457301273e-01	  -1.5696876741851362e-01	  -7.8923985033701766e-02	  -2.6485948163854145e-01	  -2.9204331165438591e-01	   1.2617779783969349e-01	   1.2807522771544222e-01	  -1.5653912293748889e-01	   7.6855254854871310e-02	   2.2278689473797711e-01	   1.3515143987977631e-02	  -1.6555018816597811e-01	  -2.4840162035763908e-02	   1.1133265829900954e-03	   7.9046736341206084e-02	  -8.7106070560624013e-02	  -7.7642617786398291e-02	  -2.2917132207508323e-02	   8.2866879306596586e-02	  -1.0423577757257806e-01	  -1.4197543193236525e-01	   2.7588217845816654e-01	   2.7693494952166020e-01	   2.3797531101393299e-01	   1.7091211287638822e-01	   2.4259639745354933e-01	   7.4559142427417679e-02	   1.3271338292428869e-01	   3.4045292969236762e-01	  -1.5096628238081261e-01	  -1.1424180747931846e-01	  -2.1395406351157411e-02	  -1.0105513725644069e-01	  -2.4402421152824438e-01	   8.2478804023270902e-02	   1.8509208283640663e-01	   2.2386334431870955e-01	
  -1.9615211455251585e-01	  -2.2211971931981050e-01	   4.0572868830312650e-02	   2.7686128919812503e-01	   7.2824439335190427e-01	   8.8629601075972753e-01	   2.2121758697046134e-01	   1.6419527661860156e-01	   9.0347064958640433e-01	   0.0000000000000000e+00	  -9.4037580774397223e-02	   1.2988804134076673e-03	   3.5019679481751564e-01	   1.2428073991666140e-01	  -1.8985702244287438e-02	   4.5487799064045509e-01	  -2.6066059250800289e-01	  -1.4615554591825602e-01	  -2.9400508283864979e-01	  -2.5402965158862145e-01	   1.3928217089838674e-01	   2.0900198084717195e-01	  -3.3356315126262859e-01	  -2.0262006387744627e-01	   2.4279840410641873e-01	   6.4429963953846714e-01	   1.0771266034142945e-02	   5.1866917387270939e-01	  -4.1313342116594676e-01	  -4.0071760191881067e-01	  -3.1387474151162309e-01	  -3.0867827986720153e-01	  -1.9306114084909026e-01	  -1.2829818412730035e-01	   7.5486837851043612e-02	   8.6168198465352452e-02	  -5.0930234428873032e-02	  -1.1417038089607849e-01	  -5.5993973810484887e-03	  -1.8821667783845419e-01	  -1.9176107829793321e-01	  -2.1441379876086231e-01	  -1.7650775561330469e-02	   4.0133959315945940e-02	   1.0545854940715162e-01	   1.4906126348479631e-01	  -2.0571949424349356e-01	  -1.9545376073709392e-01	   3.2041981934474933e-01	   3.5684814918161339e-01	   5.1961838791211912e-01	   3.4163277646215723e-01	   2.2190574813602956e-01	  -2.4402813870181360e-02	   6.6678084636170906e-02	  -1.2584165910261949e-01	  -2.9128412563662670e-01	  -1.8762725383753920e-01	   4.3347000566353838e-01	   3.6281202060640017e-01	   1.0388968600450092e-01	  -2.4205655476085067e-02	  -2.3494089346164920e-01	  -4.0703770389429288e-02	   6.9124114772209422e-02	   9.0494849589010246e-02	   2.9005244391636836e-01	   2.8487193261728233e-01	   1.4625464594887129e-02	   1.2734241622401499e-01	  -3.4962890667639190e-01	  -1.0698237026380011e-01	  -1.3802674261727765e-01	  -1.6125489471592275e-01	  -2.2940155241627769e-01	  -1.2868412027851614e-01	  -2.5993487977218604e-01	  -2.3496156487860148e-01	  -1.4171920191891069e-01	  -1.2420858655537413e-01	  -1.5539552967743547e-01	  -1.2762334153649427e-01	  -2.2047495486722249e-01	  -2.8558442125198835e-01	   1.0504204588863256e-01	   1.8429127834190560e-02	  -8.8928715870759428e-02	   1.2541503459795539e-01	   2.8505134005040472e-01	  -9.7914539522717774e-03	  -3.0789782783312275e-01	  -1.2691388095462383e-01	  -1.3007912036245742e-01	   2.9641008097064513e-02	  -1.6313456726899617e-01	  -1.6100443799133007e-01	  -1.2746523642351873e-01	   1.1085919421159341e-02	  -2.5405483827057862e-01	  -2.9108414695814999e-01	   1.2372506337630304e-01	   1.1465383961257361e-01	   1.3117053976825632e-01	   1.4579663566725379e-01	   3.0118866184236404e-01	   2.2281080910252149e-01	   1.7992112744183483e-01	   2.9149891485559709e-01	  -2.6052520782520100e-01	  -1.9606698965955263e-01	  -1.8078974573094439e-01	  -2.2047412253091261e-01	  -2.8207243274194083e-01	   9.4150204185816669e-02	   2.4955943928001489e-01	   1.7444024828441648e-01	
   6.7224170015704399e-01	   4.5987239697516946e-01	   3.1601782558113378e-01	   1.0123222373676852e-01	   1.7827383360566001e-01	  -9.8319378585293285e-02	   5.4581898472417945e-01	   4.5312739945034669e-01	   4.4680670250652234e-02	  -9.4037580774397223e-02	   0.0000000000000000e+00	   6.9632348901740992e-01	   7.7715512632061434e-01	   6.4990943039032756e-01	   5.7411307776864418e-01	   3.3874136620402284e-01	   3.6936158882201620e-01	   3.9479393577648891e-01	   4.6752839850405270e-01	   3.5940239424248988e-01	   8.8887098149704278e-03	   1.1084353418174936e-01	   2.1088921969962890e-01	   1.2903506605906434e-01	  -1.0263302588607309e-01	  -1.8685989385721105e-01	   1.7647027224493417e-01	   2.2244164656250696e-02	   3.8875762451877532e-01	   3.4006666603376901e-01	   6.9864927063452542e-02	   6.4731088176113893e-02	   4.0433664749373022e-01	   3.3455039017494531e-01	   1.4314545553905778e-01	   1.8006327881583956e-01	   2.9695314673263351e-01	   4.2659412761739945e-01	   1.5452034037190718e-01	   4.2442767305517665e-01	   2.1012034074205502e-01	   4.4737061949274021e-01	   4.0887468745201383e-01	   4.9664224001794943e-01	   2.7198825464082388e-01	   2.6749802400043826e-01	   4.9317337174717735e-01	   5.2085501032971238e-01	   2.4634859561649747e-01	   3.9535935493732199e-01	   4.1112256631865818e-01	   3.8448586014139363e-01	   2.9090991921569126e-01	   3.9392917835933239e-01	   6.0122349935835318e-01	   5.9088306433110438e-01	   2.0421161309875971e-01	   2.5829376831138190e-01	   4.6451122367452058e-01	   4.5069487856875728e-01	   7.1104991350151114e-01	   4.6945776760670865e-01	   5.9098036481693561e-01	   5.2835068421873976e-01	   2.9439154315999094e-01	   2.2141874288865121e-01	   2.5648027368098414e-01	   2.0324783498431964e-01	   3.5535558061415984e-01	   3.1365918774908236e-01	   4.3880278127188188e-01	   3.3896604322404711e-01	   3.5683878957337867e-01	   3.3921081695173561e-01	   4.1016593078331831e-01	   3.4825014108074820e-01	   5.3638856268911306e-01	   4.1995287325517600e-01	  -3.6441643930007143e-02	   1.5957536657439120e-01	   3.2439054100488812e-01	   3.5201539825773920e-01	   1.2431504450504371e-01	   3.4766471449107061e-01	   3.3950455713218464e-01	   3.1786553252424959e-01	   1.2699046204371039e-01	   2.4128054386198869e-01	   4.6754223948370638e-01	   4.4855425225428103e-01	   2.3458166142848055e-01	   4.6446439010280094e-01	   9.0295520938466226e-02	   3.7722065515504472e-01	   4.6761349983416478e-01	   2.8158510986511504e-01	   4.8810131003649182e-01	   4.1113033468173332e-01	   3.7015561737152386e-01	   5.3989276053705038e-01	   1.9247925712481576e-01	   5.7176158277934297e-01	   2.1734720665160751e-01	   5.8153772760997369e-01	  -1.8323304405114127e-01	   3.5891109157702911e-02	  -2.1565944324132415e-02	  -8.2589239651608581e-02	   4.2464432066856972e-01	   4.3211935319411643e-01	   5.2856033935857238e-01	   3.9920463434263875e-01	   5.3518569167945973e-01	   2.5963913964845520e-01	   2.7514553593883377e-02	   2.5794959076753393e-01	
   4.1746735561930615e-01	   4.5692237997323037e-01	   1.3613065361731200e-01	   3.2659540536184894e-01	   1.1531077277152030e-01	  -7.2200930893773024e-02	   3.7684313606341929e-01	   7.2122529007790281e-01	   1.4331026021382287e-01	   1.2988804134076673e-03	   6.9632348901740992e-01	   0.0000000000000000e+00	   5.8696321627324521e-01	   8.5109704008551479e-01	   3.2188151801178388e-01	   4.8391757885569459e-01	   3.9734428418710943e-01	   4.5523022197935603e-01	   3.6419228542543858e-01	   4.6828592536739416e-01	   1.9027896248887530e-01	   2.7758733598092866e-01	   1.7632676389401100e-01	   2.7210105621081859e-01	  -1.0656254885317565e-01	  -7.1161008059004743e-02	   1.1992530926171810e-01	   6.7821629275034059e-02	   4.7899918462370900e-01	   4.5539687443914645e-01	   2.1085338997201525e-01	   2.9360961018142256e-01	   4.1965870931286381e-01	   4.8801482519533795e-01	   2.1703499642286994e-01	   3.5592944720889508e-01	   2.5095462095233567e-01	   5.2555822772117888e-01	  -2.0206503738880381e-02	   3.6676842100477219e-01	   1.8351029530056243e-02	   4.8560532066936524e-01	   4.6281095338957889e-01	   5.9580388526630346e-01	   3.4978074084832944e-01	   4.7850168917814506e-01	   5.2396153251474675e-01	   5.6168941923685956e-01	   4.6884126941543275e-01	   4.8623003235303608e-01	   3.1073736599823082e-01	   3.2098190245843039e-01	   4.3990721563247692e-01	   3.2524423266210578e-01	   3.5894157058886855e-01	   4.0970613447078097e-01	   1.1883852169767714e-01	   2.2850399831640672e-01	   3.6275941251583244e-01	   5.4147511570697837e-01	   4.1453866717390608e-01	   6.6077379540874515e-01	   4.0037003387306203e-01	   5.4304878623459540e-01	   1.3036850768663966e-01	   4.5565369395841115e-01	   1.0454872538670767e-01	   2.3430776896328298e-01	   1.9071393578907819e-01	   3.0301179098163611e-01	   3.1187490017583630e-01	   5.0778899055990023e-01	   3.6808072201965703e-01	   4.8279675569191527e-01	   3.7485137261063939e-01	   4.5621522109601020e-01	   3.2471469409138176e-01	   4.3390963588306986e-01	   8.4875453859944855e-02	   1.3882636234516607e-01	   4.3279573302805874e-01	   3.7742799204762689e-01	   1.4453345091794750e-01	   4.4896870201677525e-01	   2.9121544360120388e-01	   4.2120153609096317e-01	   2.3057180620021833e-01	   3.5876231437353834e-01	   3.2565321757042803e-01	   4.7004118192726640e-01	   2.5153567527683351e-01	   1.5389212337291980e-01	   1.6304859088989285e-01	   3.8617281834292305e-02	   3.8510927016865298e-01	   2.2136782913762404e-01	   3.5116745657318654e-01	   3.7770776698722575e-01	   2.8169656049316238e-01	   3.1158141741992817e-01	   3.4159874167360449e-01	   3.3138715716813816e-01	   2.3252035785764807e-01	   3.6371800196069320e-01	  -1.7939541421313493e-01	  -8.5927084480763721e-02	  -1.1549041919434265e-01	  -1.6062710627128576e-01	   3.2275012652232682e-01	   3.7929559694538195e-01	   4.7168391199864379e-01	   3.3552495624823242e-01	   3.2425033577396156e-01	   2.0397946653771026e-01	  -1.1131918684793742e-02	   2.6713430076967182e-01	
   3.9952142914107325e-01	   2.5467688517566217e-01	   2.9494540777799622e-01	   1.9428932700879598e-01	   4.9939470108370165e-01	   2.6348959630084240e-01	   5.8201471989114961e-01	   4.5144263618608427e-01	   4.5493884465964496e-01	   3.5019679481751564e-01	   7.7715512632061434e-01	   5.8696321627324521e-01	   0.0000000000000000e+00	   7.5627527812551298e-01	   3.9921150113702408e-01	   3.9914780412902784e-01	   2.5426959771075123e-02	   1.3099038376805333e-01	   8.1991713687182763e-02	  -1.2383797931192715e-02	   2.9334585449520223e-01	   3.7012942660272258e-01	   5.1652585088381414e-02	   3.3142659512684573e-02	   1.1232266305094538e-01	   2.0378829268639209e-01	   2.5847446987360900e-01	   3.0571383047729028e-01	   1.8880094645511058e-02	  -6.5804035735587907e-02	   2.8945048755394963e-02	  -1.9856455915438298e-03	   1.8617494724380529e-01	   2.1377454850355662e-01	   3.4797428832667299e-01	   3.8520230616985462e-01	   3.8330515548328042e-01	   4.3555660043620864e-01	   1.1555493840040193e-01	   4.4483264962032143e-01	   1.6327017304163111e-01	   2.6878725218746319e-01	   4.2822569547246270e-01	   5.1248765526344420e-01	   4.0564244858719445e-01	   4.5657198044317027e-01	   3.5592842729684393e-01	   3.7424352395494737e-01	   3.1644073986315380e-01	   5.1235949336296915e-01	   6.1451836648229474e-01	   6.1491032414711055e-01	   2.1746023542168297e-01	   1.9382543208075964e-01	   5.9609268697294970e-01	   4.2400040190758070e-01	  -1.7069409672450658e-01	   3.6732736485194802e-03	   6.3306466177520604e-01	   5.5193267353006326e-01	   7.3584756485099068e-01	   3.7757943868938548e-01	   2.6814807273674190e-01	   3.3164518900846712e-01	   4.5617042096210841e-01	   3.9035287181693856e-01	   4.7620589488802301e-01	   4.8269417687895488e-01	   1.8152179154664316e-01	   2.1574755691404499e-01	   1.3538200476366408e-01	   1.6152862531037471e-01	   1.5679024852968346e-01	   8.9459635011651384e-02	   1.7305150657433760e-01	   1.2643091581033347e-01	   2.9245348585328895e-01	   2.1451358319706837e-01	  -1.8944928879584902e-01	   1.4375782429100349e-02	   1.1823126796885873e-01	   1.5281680844221393e-01	  -5.4553812495343581e-03	   1.8882757227004665e-01	   4.8387204927696204e-01	   4.0571639476312227e-01	   1.4404715196142051e-01	   4.2104727711722134e-01	   6.1331478813197648e-01	   3.8859955044519157e-01	  -8.0256776056616283e-02	   2.1900259400577676e-01	   5.0073526801935372e-02	   4.0490411754454464e-01	   3.2106459868735415e-01	   2.0793843322288136e-01	   4.2730799239006234e-01	   3.8864016284844261e-01	   4.9667569771791598e-02	   2.2147616456533908e-01	   1.7114069440237512e-01	   6.0139315811946481e-01	   2.2328290955898616e-01	   5.8587839786992146e-01	   7.8625640541436670e-02	   1.9161636529908255e-01	   4.3649160906724625e-02	   1.4988039587238754e-02	   2.1416605038927350e-01	   3.3712511071224871e-01	   4.7081009688154052e-01	   2.0743805770088752e-01	   3.4517520398705070e-01	   3.0588172361618099e-01	   2.4476557928925119e-01	   3.0769453043049561e-01	
