   0.0000000000000000e+00	   7.6222132607682314e-01	   6.7018224658370917e-01	   7.4412111632868272e-01	   7.0052799806081989e-01	   4.7294219784660763e-01	   6.5021560081821117e-01	   7.7960071678314424e-01	   6.2326830721508131e-01	   4.8179758821761509e-02	   7.9987894592828246e-01	   7.9324526651221305e-01	   7.3542187032815309e-01	   8.0234892320730755e-01	   7.5215349073741478e-01	   5.4651902040582079e-01	   7.8366895780898393e-01	   8.0955124403614953e-01	   7.5103003773997212e-01	   7.5639684595541090e-01	   2.0575987707604781e-01	   1.5789484987938140e-01	   7.7047802887133632e-01	   7.0964274951862971e-01	   6.3487977395859840e-01	   6.2721749896450563e-01	   3.8594351092097579e-01	   2.6511696447921768e-01	   6.4548587444728400e-01	   7.4719562114754701e-01	   5.4784304422713115e-01	   6.0615116007641823e-01	   7.3592887242847627e-01	   7.6765145223420239e-01	   4.4418460820391498e-01	   5.0313191104089250e-01	   5.9378550277977138e-01	   5.3716355859251352e-01	   4.0213810110553000e-01	   4.6590595816294844e-01	   4.4065141374951211e-01	   6.4865541692520945e-01	   7.8874288216007460e-01	   8.0375697485197295e-01	   6.3964525412478601e-01	   7.0278311492370604e-01	   7.7098674007718559e-01	   7.7254709129272991e-01	   7.2375180604788991e-01	   7.1509312625374277e-01	   6.3877776227513716e-01	   6.5539726935130382e-01	   7.1012641333022530e-01	   7.6396272342168658e-01	   6.8973799086402887e-01	   7.5408536854950081e-01	   8.9098139638591922e-01	   7.1689225994440853e-01	   7.8043555177696933e-01	   6.6316662176679175e-01	   8.1919919849304790e-01	   6.8164050003751075e-01	   7.4620988326037951e-01	   7.8133324997392317e-01	   6.0912011882663042e-01	   6.2098159988677604e-01	   5.6308356931135783e-01	   5.8649560887236341e-01	   6.7326911191778849e-01	   5.8615193271774468e-01	   6.1154541405291818e-01	   6.8636932041997190e-01	   7.3627634574382905e-01	   8.1766358220013768e-01	   7.5584620121026003e-01	   7.8940519590678493e-01	   7.3690203157809042e-01	   7.6697212697803940e-01	   7.8009838732163583e-01	   7.9108472212443948e-01	   8.3985686722417496e-01	   8.5819441417675790e-01	   7.5816464529213146e-01	   7.4967666967943292e-01	   7.4459380525042373e-01	   7.1572851779630775e-01	   6.4170735964640846e-01	   7.0924857562422172e-01	   7.3283743173895688e-01	   7.8494805596059392e-01	   5.8366901251529524e-01	   4.2428810957771790e-01	   3.2434542266840521e-01	   3.4179186010600315e-01	   5.8343335743286173e-01	   6.2449011489499651e-01	   6.2128109889528793e-01	   6.5544813287857873e-01	   7.2628429423746343e-01	   6.9446137687477916e-01	   4.4903950660568948e-01	   3.0455956732318629e-01	   5.1281665166454671e-01	   4.1485340701145706e-01	   2.7176804280133582e-01	   3.2699853439593052e-01	   3.9899570962139791e-01	   6.1894534108402555e-01	   4.6059220540436335e-01	   5.6514203101936500e-01	   6.4316217739954407e-01	   6.5088905257027063e-01	   6.7274858201896071e-01	   6.1337700021383346e-01	   1.5979360494145006e-01	   6.3305071427521481e-02	
   7.6222132607682314e-01	   0.0000000000000000e+00	   5.1253188646459735e-01	   6.4139385176259478e-01	   6.0571828957700913e-01	   3.9497073081746448e-01	   4.8143460141590388e-01	   6.0610799243461921e-01	   4.9387493721356707e-01	  -9.6011995705800445e-03	   7.2398593553240931e-01	   7.8102204046895030e-01	   6.3953191611797644e-01	   7.5192141777440125e-01	   7.6003628391095646e-01	   5.0234392614137335e-01	   7.2600235404130053e-01	   7.5962988691932876e-01	   5.5940063091548875e-01	   6.1762448310767593e-01	   3.8928315151648307e-01	   4.0466393697527514e-01	   6.4950325411007148e-01	   5.6993900811705256e-01	   5.3555203427457654e-01	   4.7887723306615193e-01	   4.7330341284103755e-01	   4.0534094732277814e-01	   6.7822502471881740e-01	   7.4663850015117927e-01	   4.8560655456604462e-01	   5.9459026949838678e-01	   7.2931125742975744e-01	   7.3030170913876269e-01	   3.7284087834046215e-01	   3.1895026824298306e-01	   6.5792313547846792e-01	   5.9858605498485984e-01	   5.2200841739266746e-01	   4.1621196794415749e-01	   4.4436460413912071e-01	   5.9380363190323548e-01	   7.2672101942347767e-01	   7.4142975383326870e-01	   4.9232388298494711e-01	   5.8110410004528912e-01	   7.5798602119774994e-01	   6.8547835404027069e-01	   7.0272404222173401e-01	   6.8800448852501483e-01	   5.7634280508979208e-01	   5.4937726366490525e-01	   5.7871344888473553e-01	   5.6579000477099328e-01	   6.4924326427476264e-01	   6.7003904730922181e-01	   6.9629442997901747e-01	   8.9358417773660515e-01	   5.5254276196271612e-01	   5.4646034330629178e-01	   5.8896812695365863e-01	   6.5445525269350946e-01	   5.6741408720596909e-01	   7.1856293944824079e-01	   5.6476925245304621e-01	   5.2934800878402177e-01	   3.2345377227274008e-01	   3.6540034358210227e-01	   5.9676584881619388e-01	   3.8184578941077785e-01	   5.3883028084925688e-01	   5.9143473555064752e-01	   6.8190912104853485e-01	   7.6285056907483773e-01	   6.9973330032846237e-01	   7.2175668509085644e-01	   5.6844384453141727e-01	   6.4500436518131055e-01	   6.4643861356530441e-01	   7.0595858495597208e-01	   7.7895284693531641e-01	   7.5487477084099797e-01	   7.2449920279875946e-01	   6.7596959187876671e-01	   7.6409857615244059e-01	   6.3785034748098246e-01	   5.7031276511428985e-01	   6.2933689239215185e-01	   6.3806291169294260e-01	   5.9774562687566601e-01	   3.5688661649158115e-01	   1.5749477009294058e-01	   3.1557018696120065e-01	   2.5181509894050857e-01	   4.8423308418660871e-01	   5.7747145437826375e-01	   6.1380131593522158e-01	   6.4565743974012135e-01	   6.2923951163657244e-01	   5.0062460761212280e-01	   3.7973289403818744e-01	   1.4652460368055006e-01	   4.1719348706941539e-01	   2.4333196869356177e-01	   2.1531695864286199e-01	   2.6599665976788156e-01	   3.7897389191856323e-01	   3.7991450837189811e-01	   4.7657520417358645e-01	   6.0259213838649128e-01	   5.0911843402182733e-01	   4.8342431919623419e-01	   5.8608901225353605e-01	   6.0642020926387141e-01	   1.6290018619207985e-01	   2.3486257995460913e-01	
   6.7018224658370917e-01	   5.1253188646459735e-01	   0.0000000000000000e+00	   8.0119175127702280e-01	   8.0935406674853128e-01	   5.1448204512887963e-01	   8.7838933066974123e-01	   7.5154324941097628e-01	   6.5946082007223694e-01	   2.5424422088700399e-01	   5.8943642065519775e-01	   5.4407329431389539e-01	   5.5673904168826549e-01	   5.6740950092312714e-01	   6.4294793955391705e-01	   7.3425583839759700e-01	   4.2548447430536346e-01	   4.5634759682211234e-01	   7.5430496069745323e-01	   7.7997176803200619e-01	   3.7901618403492005e-01	   2.2047122296730648e-01	   8.7989846258015691e-01	   8.1494627297825162e-01	   8.4360975985459619e-01	   7.7286184978090877e-01	   6.1282078801605600e-01	   5.3463988112441230e-01	   4.3553638924205651e-01	   5.2460948238395855e-01	   6.5293123791618357e-01	   6.2308348020833770e-01	   7.9117130185489160e-01	   7.5351455247353671e-01	   7.9172873353931084e-01	   8.1409532667544648e-01	   5.7810468844715690e-01	   5.1350043810784218e-01	   5.8790861341445289e-01	   4.3477152672626346e-01	   3.5314588759442594e-01	   6.8165765684523372e-01	   8.2814718561360001e-01	   7.8275630550898201e-01	   8.8360900563043565e-01	   8.7428028836060778e-01	   7.7052324297695041e-01	   7.8858207625684817e-01	   7.9791174123780162e-01	   7.6165409095572789e-01	   8.2408441324024950e-01	   7.4829877934670630e-01	   6.7851807956606036e-01	   7.4806391371306635e-01	   7.0069235946833530e-01	   6.5868090480500663e-01	   4.5035820274972882e-01	   4.1156976594915395e-01	   6.5391143172894828e-01	   6.1092839866084248e-01	   6.6923804037925794e-01	   4.6536105196541189e-01	   4.2622177445906206e-01	   5.6252790223466353e-01	   7.5490256179549997e-01	   6.3536927869986126e-01	   8.7594661100624105e-01	   8.4903464704295062e-01	   7.0207147910481849e-01	   7.3523922602182101e-01	   6.2290346142425934e-01	   5.9058467453374996e-01	   5.3438716411897724e-01	   5.8099094922325445e-01	   5.6749368277254231e-01	   6.0064702644598156e-01	   6.9491958632666506e-01	   6.9778223494164893e-01	   4.9484028722111545e-01	   5.8660153364566803e-01	   6.4100902029590101e-01	   7.7374464502021245e-01	   6.0499510618814101e-01	   6.8827096051845271e-01	   7.7011919657530603e-01	   7.6757151676157043e-01	   5.0284544391421404e-01	   5.1247685921165920e-01	   7.3493847733944606e-01	   7.3305611081811362e-01	   7.3423494682562651e-01	   5.6159002803900349e-01	   4.8257909552682099e-01	   5.3778472054718063e-01	   6.3385151182829169e-01	   5.6994300437706924e-01	   6.3254085784616187e-01	   5.6926845143356108e-01	   7.4530049433914369e-01	   6.6087124809379305e-01	   6.8545281846322392e-01	   5.7397748077599853e-01	   7.1896888226069366e-01	   6.4183954969425139e-01	   5.3960917996448854e-01	   6.3334062208284192e-01	   5.9174499514836087e-01	   5.7459080428859832e-01	   5.5917154543953385e-01	   5.7366332481306570e-01	   7.9222194396739531e-01	   7.1096396882857449e-01	   7.5058625806609114e-01	   6.5921461505265677e-01	   4.1260705409162762e-01	   2.4312100485994179e-01	
   7.4412111632868272e-01	   6.4139385176259478e-01	   8.0119175127702280e-01	   0.0000000000000000e+00	   7.2468937897060348e-01	   5.8625728250121756e-01	   6.7454985507465415e-01	   8.5368175254476431e-01	   6.6844154758644758e-01	   3.5934972077300198e-01	   6.1926946472935152e-01	   6.4609880095704564e-01	   5.7461502672973530e-01	   7.8548193424423163e-01	   7.0347590780675762e-01	   7.9926079998741795e-01	   4.4570902758641595e-01	   4.9416799259215899e-01	   6.1474302985977991e-01	   7.2704043887118330e-01	   3.2154440094812947e-01	   1.6887104362251762e-01	   8.3531213179975516e-01	   9.3397461106310575e-01	   8.4567439691496338e-01	   8.3166154922599156e-01	   5.2328473761544914e-01	   4.6718140876968872e-01	   4.3843862974040615e-01	   5.4349787928354210e-01	   5.9217516335304721e-01	   6.9493293729066696e-01	   7.6925675909915470e-01	   8.3345791039855199e-01	   6.6738687729978374e-01	   7.2367123921946430e-01	   5.5220477881557462e-01	   5.4820492128645881e-01	   4.9302462030390448e-01	   5.5715945664294320e-01	   4.4505756873544405e-01	   5.9556344420438345e-01	   8.7515828014753472e-01	   8.7328091570579858e-01	   7.5556116204439405e-01	   8.4459640397243396e-01	   8.1788179569545527e-01	   8.2063825619965391e-01	   8.8585947058265213e-01	   8.9485270785950144e-01	   8.9245565190602871e-01	   9.0877438474502070e-01	   7.8258111722610546e-01	   7.3666708300709960e-01	   8.3835888885137000e-01	   7.8533116376895540e-01	   6.3941369368869416e-01	   6.4609578257874967e-01	   7.5065278030947113e-01	   7.7446485826632805e-01	   7.0368012045561312e-01	   7.1373785920328903e-01	   4.0748378799385609e-01	   6.9776855747207356e-01	   7.8095543799586264e-01	   8.6913835029737185e-01	   6.9508884810113392e-01	   7.9329544695192566e-01	   7.3003111953012734e-01	   6.6699825913443911e-01	   5.5063116023063352e-01	   6.4242426313295187e-01	   5.5658112838446339e-01	   6.6461903992357085e-01	   5.9699622658764995e-01	   6.9236407612197914e-01	   6.0914435374861853e-01	   7.4458087791172223e-01	   5.4315093155174687e-01	   5.6300684828528236e-01	   6.8200074910498376e-01	   8.2624160497075694e-01	   6.1271598670997018e-01	   6.5365491107683060e-01	   8.8286114409204586e-01	   9.1408847840716934e-01	   5.9048023445032061e-01	   6.2081339431729599e-01	   8.4251124439440583e-01	   8.4602556779039262e-01	   6.1412945058964852e-01	   3.1573015279215555e-01	   4.1928855124363257e-01	   2.8774129766236989e-01	   6.5089584309210147e-01	   6.1714894073803972e-01	   7.2395932915622574e-01	   6.9102914956551709e-01	   7.3497309370130348e-01	   5.7891219745999267e-01	   5.6539467447233194e-01	   2.6587015728600705e-01	   6.0107572026530798e-01	   3.5026587251929742e-01	   3.1505541041766533e-01	   3.3550632856414964e-01	   5.1473000025229076e-01	   5.3202772040420099e-01	   5.5434566046094003e-01	   6.8784336458330320e-01	   7.8341305133992711e-01	   6.1357820762415427e-01	   6.2953016785886529e-01	   6.5918537064431804e-01	   2.9150925495653185e-01	   1.6456976846134946e-01	
   7.0052799806081989e-01	   6.0571828957700913e-01	   8.0935406674853128e-01	   7.2468937897060348e-01	   0.0000000000000000e+00	   6.5027554017319666e-01	   7.4051135763327447e-01	   7.0854471448237710e-01	   6.8298369050243579e-01	   8.1007306180642821e-02	   5.6721864596700500e-01	   5.0888198728237366e-01	   6.0344912672149742e-01	   5.6235834889224079e-01	   7.9178076390196261e-01	   5.9218711830037485e-01	   5.1493988855988682e-01	   4.7549319298567233e-01	   7.2723960138502952e-01	   7.0189335509992934e-01	   5.3647939580881499e-01	   4.5168482105210583e-01	   8.5082536485631521e-01	   7.5140221758062697e-01	   7.5317524395875235e-01	   7.5397263634240153e-01	   6.7351745289589937e-01	   6.2671473949630019e-01	   5.2071250529438740e-01	   5.9996968607777512e-01	   6.8192005932741095e-01	   6.8048917559279420e-01	   6.9025332485416757e-01	   6.6181337972014131e-01	   6.7950659346922482e-01	   6.8090308125490506e-01	   6.8501130323145554e-01	   5.9122852655922864e-01	   6.2236926448187391e-01	   5.0528632845602250e-01	   4.2745041997271566e-01	   7.3510911876808849e-01	   7.9510800611358512e-01	   7.2004509724359633e-01	   7.7520758313439564e-01	   7.5827172246590457e-01	   7.8118618752834990e-01	   7.7128185789823422e-01	   6.4635655554353089e-01	   6.4325608824115421e-01	   6.3318518572411664e-01	   5.5187869377893839e-01	   5.7341961092086347e-01	   6.5520039118088702e-01	   6.7264757142404319e-01	   6.6199082236048989e-01	   5.4575628616774852e-01	   4.9761792326171916e-01	   5.6890874667117652e-01	   5.4833760052383551e-01	   5.9711341658128392e-01	   5.7521006775267669e-01	   3.9268573540604451e-01	   5.4936555993041569e-01	   7.0224828407878459e-01	   6.4018067277145863e-01	   7.0415508456613563e-01	   6.6986286706317255e-01	   7.3442464683666742e-01	   6.5961509980146560e-01	   6.8129618675971426e-01	   6.5758319997744474e-01	   6.5780471294901255e-01	   6.6394226567690939e-01	   6.6129838754407300e-01	   6.4108039018991803e-01	   7.1715327943722529e-01	   6.8195794421181155e-01	   5.9290894379368586e-01	   6.2940502807865295e-01	   6.8065866083325743e-01	   7.0951490266742412e-01	   6.8797677216548681e-01	   7.3071416841497672e-01	   7.4403089179230009e-01	   6.3318886951036191e-01	   5.5530464004328906e-01	   6.1907482520218993e-01	   7.4915132326765099e-01	   7.3268417020295729e-01	   6.8351049904138295e-01	   5.1803951814918070e-01	   5.1298693770291248e-01	   5.4174025264850834e-01	   5.6104671492373859e-01	   5.8884986430157082e-01	   6.3133012746233541e-01	   6.0944614177233880e-01	   7.5566382582784308e-01	   6.7150904984561133e-01	   6.2434149606980638e-01	   5.1168128583266104e-01	   6.1041464978675597e-01	   5.6015863536053379e-01	   4.5083227502656631e-01	   5.1023881736098731e-01	   5.4416598463458299e-01	   5.5911164711599026e-01	   5.1722360603620043e-01	   5.2648594366253909e-01	   7.0705587683893967e-01	   6.9609073933860033e-01	   7.7555008426740224e-01	   6.8194417090255666e-01	   3.7908498434439797e-01	   1.9475377097112101e-01	
   4.7294219784660763e-01	   3.9497073081746448e-01	   5.1448204512887963e-01	   5.8625728250121756e-01	   6.5027554017319666e-01	   0.0000000000000000e+00	   4.2026864486090965e-01	   5.8953985417056520e-01	   3.6067268826581622e-01	   5.2656200365875994e-01	   3.3822798001630122e-01	   3.6425453063469465e-01	   2.8967108495933080e-01	   3.9529310927772898e-01	   3.7505276517862823e-01	   5.3929294744794187e-01	   3.7199780236223567e-01	   2.6152856059392593e-01	   6.1843572567655036e-01	   6.4314592113659907e-01	   4.7688379495766775e-01	   3.7367543309887541e-01	   5.6314180043877760e-01	   6.1799190623285261e-01	   6.4062876616914988e-01	   7.2252203811608728e-01	   6.2467369694384678e-01	   6.7983232677091288e-01	   2.2377942176261395e-01	   3.5932626334778794e-01	   4.0291121865858337e-01	   4.2065721609562257e-01	   3.8435859994429067e-01	   4.2659991918812001e-01	   3.3583367348340531e-01	   4.8826766152904477e-01	   5.0472769815365648e-01	   4.0381506793295224e-01	   4.6416901030009594e-01	   3.7837014008842451e-01	   4.6567450238529107e-01	   5.8053744082556236e-01	   5.5472539562285017e-01	   4.8947438082159206e-01	   5.9880729823817891e-01	   5.9466606810872591e-01	   5.5337005726689792e-01	   6.1140244253240916e-01	   5.4825358526615386e-01	   6.0359802901683945e-01	   4.7232567755771249e-01	   4.5804902224085192e-01	   4.7237098942125266e-01	   6.1249513030030789e-01	   4.7980028607640740e-01	   5.1723738219009407e-01	   3.8779383788277499e-01	   2.1937192037875913e-01	   3.7880501357442803e-01	   5.7535468815653368e-01	   3.7931869732416623e-01	   6.1548356517943259e-01	   1.2882767763055822e-01	   3.2146557160548633e-01	   4.3777354204038549e-01	   5.7336699934379620e-01	   4.8989543512264344e-01	   5.5221222010029303e-01	   6.6390850836691739e-01	   6.4219425680945008e-01	   3.5446873472982865e-01	   4.4993168738709388e-01	   3.7966140576881358e-01	   4.2896793094946867e-01	   4.2528849729097828e-01	   4.8163347234695442e-01	   4.2357308053037468e-01	   5.0474984690243152e-01	   4.8249119326756879e-01	   4.4695352942895761e-01	   4.7046886051671655e-01	   4.4581721103574673e-01	   4.4575306956124877e-01	   5.1552933875132378e-01	   4.6516978894785421e-01	   4.5485089330306511e-01	   4.0555548087583515e-01	   3.4209784580509267e-01	   4.7351119238437278e-01	   6.6975555237381512e-01	   6.6258775329029640e-01	   5.0156257639360646e-01	   2.9721108489728243e-01	   2.2759835832527325e-01	   4.3043231159430478e-01	   3.7512829704649031e-01	   5.2213776474486706e-01	   4.1034959233478729e-01	   6.8400304070863505e-01	   5.6052697911989902e-01	   3.5279680232320565e-01	   2.1797693268391699e-01	   3.9051333230041596e-01	   2.8815407049323533e-01	   2.4691905471298775e-01	   3.0747068089203256e-01	   3.2967371037499338e-01	   4.1425199253563699e-01	   2.0279983276961150e-01	   3.5172184242521121e-01	   5.9582091596580922e-01	   6.5127831779153289e-01	   6.6988976252476307e-01	   3.4420052398050455e-01	   1.4725891990304960e-01	   2.3604207727741461e-01	
   6.5021560081821117e-01	   4.8143460141590388e-01	   8.7838933066974123e-01	   6.7454985507465415e-01	   7.4051135763327447e-01	   4.2026864486090965e-01	   0.0000000000000000e+00	   8.0110148025921346e-01	   6.4479165395746674e-01	   1.9145571995930893e-01	   7.0098028054031269e-01	   6.5467984156822223e-01	   6.8097057796537375e-01	   6.5547640110760685e-01	   6.5418762531195807e-01	   6.9308467114087446e-01	   4.9365379205535775e-01	   5.4475222412016233e-01	   7.5182913811231800e-01	   7.6195934829168710e-01	   3.1328925614187547e-01	   1.6486726012872582e-01	   8.0913574637366592e-01	   7.0370748730861898e-01	   6.5185622480556749e-01	   5.8408563894481735e-01	   4.7052216797812513e-01	   4.2878030546211054e-01	   5.5442840880762601e-01	   6.1347239277968368e-01	   6.4220035500281614e-01	   5.8732341079179318e-01	   7.9145660359138759e-01	   7.5212427317227659e-01	   6.2679246972263503e-01	   6.4182859812894666e-01	   5.0713647063820244e-01	   3.6655065039767476e-01	   4.3325905785978980e-01	   3.2687593833900191e-01	   3.4660923925626386e-01	   6.3388443232579361e-01	   7.5133310113489959e-01	   7.0248523668698382e-01	   7.9554494242148754e-01	   7.7826250788284002e-01	   7.2357499739649167e-01	   7.2164842497017778e-01	   6.8345431239755461e-01	   6.5525312160686000e-01	   7.3264101763600553e-01	   6.3875185003356538e-01	   5.9731589669393581e-01	   7.0130015766099518e-01	   5.6358359400055891e-01	   6.1010042853903601e-01	   4.0245465572604200e-01	   3.5180738812750900e-01	   5.0625930302972932e-01	   4.4900101396626141e-01	   6.9477398900296483e-01	   4.4657576988757813e-01	   5.2985787062702550e-01	   6.1639072426813368e-01	   7.7193642901091208e-01	   5.6727798119281081e-01	   7.6636312498626502e-01	   7.1750260462884741e-01	   6.2523692509376383e-01	   6.5242715171838195e-01	   6.2270421351750804e-01	   5.4291361665188098e-01	   5.9766902497237551e-01	   6.1078286004894977e-01	   6.1462929326560423e-01	   6.1600945777540184e-01	   6.6259055600030869e-01	   6.3135808946989158e-01	   4.7928500711426059e-01	   5.9105070481163402e-01	   6.8462255192500687e-01	   7.7995290505807680e-01	   5.9944904855428316e-01	   6.7512583042832408e-01	   6.7886345647692914e-01	   7.0888471641211726e-01	   4.3377557229492214e-01	   4.6556990626776296e-01	   5.7801596375601594e-01	   6.2038075957531125e-01	   6.3058264396636332e-01	   4.7807736470191892e-01	   3.9375630471038764e-01	   5.1059426824957987e-01	   4.6861180840993844e-01	   4.7349283708049827e-01	   5.1952622947059224e-01	   4.6379412596383512e-01	   6.5734813563101779e-01	   5.9300115573161649e-01	   5.7926264120734572e-01	   5.3151188021083007e-01	   5.5684790938547912e-01	   5.1083974752893913e-01	   3.5580407112923906e-01	   4.4020564865940054e-01	   4.8207254792804977e-01	   4.7945043171869595e-01	   5.7038814318242070e-01	   5.8421606619068978e-01	   6.8749857028861916e-01	   6.2576192758691596e-01	   6.5841667861617148e-01	   5.6129872672536307e-01	   2.3195742495242427e-01	   2.0548294361335334e-01	
   7.7960071678314424e-01	   6.0610799243461921e-01	   7.5154324941097628e-01	   8.5368175254476431e-01	   7.0854471448237710e-01	   5.8953985417056520e-01	   8.0110148025921346e-01	   0.0000000000000000e+00	   6.0335028609882313e-01	   2.6537387523217898e-01	   7.0890255106422884e-01	   7.7665616126330472e-01	   6.6550196774657899e-01	   8.5119761531330806e-01	   7.0806602798298390e-01	   7.3085000886335305e-01	   5.3001371188969182e-01	   5.9773837907776917e-01	   7.3037296053947232e-01	   8.0310968174961017e-01	   1.7896104259095336e-01	   4.8777026362866342e-02	   8.3535120830206622e-01	   8.4681083090133047e-01	   7.0847977365541559e-01	   7.3157046610793253e-01	   3.4843963755164531e-01	   3.4204339147527474e-01	   4.8795593875704812e-01	   6.4901390620815769e-01	   6.2995109154483131e-01	   6.5571340606869799e-01	   7.7538443528229362e-01	   8.3052217408633422e-01	   5.3931944375922936e-01	   6.5688956858976999e-01	   4.8166092241755248e-01	   4.4240047787011272e-01	   4.2244730239889927e-01	   5.4221738181571311e-01	   3.7270125222370681e-01	   6.3238744751621645e-01	   8.1442881530365407e-01	   8.2262280566616697e-01	   7.8003045489982203e-01	   8.3951502783852550e-01	   7.8171448252390885e-01	   8.1522193103777063e-01	   7.7884768362871670e-01	   7.8692406590924802e-01	   8.0235719368930591e-01	   7.9289898566246475e-01	   7.2876056490760643e-01	   7.9914879285430640e-01	   7.3637076032094118e-01	   7.9122646325928647e-01	   5.9215377801668867e-01	   5.1062649558148365e-01	   6.4388269697060863e-01	   6.8571150682231763e-01	   7.8312112790056188e-01	   7.5271120240417888e-01	   5.7543545779669225e-01	   7.6601488462937051e-01	   7.2151906335676785e-01	   7.6323342421874862e-01	   7.1745389003952886e-01	   7.8179373783387962e-01	   7.2324633625106971e-01	   7.2390049751199148e-01	   5.5756962336202542e-01	   6.0978282583638332e-01	   5.4084230715396664e-01	   6.5307776829445185e-01	   5.6910249568402826e-01	   6.6729866447812924e-01	   6.1719105163775612e-01	   7.1010458534991017e-01	   5.6478973639333474e-01	   6.5277849609803107e-01	   7.5620207220736302e-01	   8.3577243753904706e-01	   6.7318274939806733e-01	   7.7461320882143925e-01	   7.3937892765868352e-01	   7.9846739152610757e-01	   6.1094665166833750e-01	   6.8170201533954111e-01	   7.2155574318240612e-01	   8.3715121086462385e-01	   6.9104773364882188e-01	   4.6051505233549289e-01	   3.4298401451739269e-01	   3.4600063100723266e-01	   5.8748688924141357e-01	   5.3589731091356330e-01	   6.4886376005749247e-01	   5.7919031455656167e-01	   7.4986819074738542e-01	   6.3696657898240305e-01	   5.4228054547204985e-01	   3.8622875357291264e-01	   5.7638033796403643e-01	   4.2715444342042902e-01	   2.7535998455717253e-01	   3.5274316596099548e-01	   5.2474113415793511e-01	   6.0839585704010357e-01	   4.9191048210952204e-01	   6.0790624141186289e-01	   7.6196647066923573e-01	   6.8175447409915702e-01	   6.7010865641779271e-01	   5.9472325431995832e-01	   2.0323554047597908e-01	   3.7431676713486378e-02	
   6.2326830721508131e-01	   4.9387493721356707e-01	   6.5946082007223694e-01	   6.6844154758644758e-01	   6.8298369050243579e-01	   3.6067268826581622e-01	   6.4479165395746674e-01	   6.0335028609882313e-01	   0.0000000000000000e+00	   3.7252972084905733e-01	   5.0760757724211503e-01	   4.6226299809642463e-01	   5.4347198437958100e-01	   5.4951371666341542e-01	   6.3549043452255982e-01	   7.1297175316064521e-01	   4.3312010758834119e-01	   4.3518639638352880e-01	   5.5522067581216117e-01	   5.9111716556781224e-01	   3.2938341812637950e-01	   2.0204749447837611e-01	   6.1734558090862568e-01	   5.7162951777516469e-01	   5.4980010709321903e-01	   4.7339558860238617e-01	   6.0365704255929864e-01	   4.4646269628199020e-01	   4.5219622899240963e-01	   4.7147818283621901e-01	   3.1466889652037849e-01	   3.5741416616712618e-01	   5.9852201698086893e-01	   6.0175327945767343e-01	   4.7218895854903398e-01	   4.8485388385970862e-01	   4.6890311336735246e-01	   3.8513257607592605e-01	   2.9812675848060488e-01	   2.8854165649973312e-01	   4.0061641901858636e-01	   4.8313104479559932e-01	   7.1317404505854487e-01	   6.6718475104071162e-01	   6.0490338361689777e-01	   6.2676902508685683e-01	   6.6095872043263237e-01	   6.5999458519055221e-01	   6.7240592453376702e-01	   6.9707496147870684e-01	   6.9230482841618346e-01	   6.5546446609941311e-01	   6.9793067640020534e-01	   5.5055414252601453e-01	   5.2386175327902607e-01	   6.0101773444627049e-01	   5.2641834333701198e-01	   4.4060516000162436e-01	   5.7403761880873927e-01	   5.0105448011010245e-01	   5.4960382363895288e-01	   4.9665008090593465e-01	   3.5934923838807709e-01	   5.4935928607314066e-01	   6.9064796202755896e-01	   6.6975186627686867e-01	   5.3801795879918013e-01	   5.3741203658893588e-01	   7.1046105416347061e-01	   5.6456546092826265e-01	   4.5335676122708851e-01	   4.2742308910722904e-01	   5.5519488896374614e-01	   5.2923020087995309e-01	   5.8915451658030671e-01	   5.6671100008527719e-01	   6.4709608955589704e-01	   6.8688218201502960e-01	   5.0906207851219731e-01	   5.1809986410602127e-01	   5.9558806680720688e-01	   6.3784796807326505e-01	   4.8342584163163987e-01	   4.2863765495763129e-01	   6.7541453431597320e-01	   6.2403625723993483e-01	   3.6451010666490269e-01	   2.9351355377693300e-01	   6.2132383207864539e-01	   5.9865289286865819e-01	   5.0690462201620434e-01	   4.0354254688230395e-01	   5.9805327326840818e-01	   6.0154457841038589e-01	   5.1911323272264187e-01	   5.0006420338753022e-01	   5.5372283727819571e-01	   6.0187135100455125e-01	   5.8297818080456754e-01	   6.2273117960482371e-01	   6.6193822359273891e-01	   4.4523395615466155e-01	   5.7103724288729174e-01	   4.5754627408668358e-01	   3.4313642012692014e-01	   3.4295584363992415e-01	   3.7364026426858221e-01	   5.1316096099186159e-01	   4.4163298665656692e-01	   5.8558824869648773e-01	   6.2650759385205645e-01	   5.8527238111711166e-01	   6.4393950787901821e-01	   6.6408919864725124e-01	   3.3898601795208955e-01	   3.2469412471058090e-01	
   4.8179758821761509e-02	  -9.6011995705800445e-03	   2.5424422088700399e-01	   3.5934972077300198e-01	   8.1007306180642821e-02	   5.2656200365875994e-01	   1.9145571995930893e-01	   2.6537387523217898e-01	   3.7252972084905733e-01	   0.0000000000000000e+00	   5.3937280250954338e-02	   7.4079926196068263e-02	   3.3720851205247399e-02	   1.5655543374928071e-01	  -1.0303590062109552e-01	   6.1163363218559863e-01	  -8.6224412668048561e-02	  -8.1460690246881046e-02	   1.4238296136415793e-01	   2.3529403320058084e-01	   8.2137950875632276e-02	  -9.1898685447542594e-02	   1.1621928784749172e-01	   2.6004742046025314e-01	   3.2622986346432037e-01	   3.0037200903354638e-01	   4.0473665883102250e-01	   3.9795917928679697e-01	  -1.1004639087614095e-01	  -3.5582484014415446e-02	  -5.4548010994869459e-02	  -1.9750905405113438e-02	   8.8853404836314667e-02	   1.4519353210156982e-01	   5.2270661924777792e-02	   1.7693523786778712e-01	  -1.1536405721198639e-02	  -1.1787112659081691e-02	   8.6522533820581303e-03	   9.6957805050525425e-03	   2.1675764003299144e-01	   4.3623554884393456e-02	   2.1823663635895124e-01	   1.7762938111858484e-01	   2.4473322922376811e-01	   2.5369123163175017e-01	   1.4251419206730767e-01	   2.1777679558251367e-01	   4.1624128388361215e-01	   4.9671305681974043e-01	   3.9622856956496882e-01	   4.4281043556231164e-01	   3.4809636316724568e-01	   2.2453531625636969e-01	   1.3907803632073620e-01	   2.1370122634159064e-01	   5.4417617061213626e-03	  -4.8204117196384400e-02	   1.7326736819560540e-01	   3.7569788953371019e-01	   1.0384323021380390e-01	   2.7765715920970235e-01	  -2.1075978534183490e-01	   5.7968840494064006e-02	   2.5849263688418711e-01	   4.1108309936597009e-01	   1.8645376453678342e-01	   2.8285220458406546e-01	   3.0614531140958923e-01	   3.3558432069616151e-01	  -3.6749235679686236e-02	   2.4502797924942782e-02	  -7.1829805885991211e-03	   2.9088469493547573e-02	   5.1723482068281930e-02	   1.2795996028310164e-01	   4.5868188633505724e-02	   1.9293588679129170e-01	   3.3390631586521904e-02	   3.2911212612749596e-02	   4.4572744223960785e-02	   1.5381450371581190e-01	  -1.2348899320085104e-01	  -1.1113799849087466e-01	   1.7697721336324546e-01	   2.7756536795902353e-01	  -9.6156564402106348e-02	  -3.3018443859773094e-01	   1.3296601695514804e-01	   2.5053256557384601e-01	   2.7879937240040192e-01	   1.8079875005010312e-01	   3.3971111709538870e-01	   1.9567571209397863e-01	   1.3031277280371595e-01	   7.5751470934018017e-02	   1.7217843530420462e-01	   1.4425994370684653e-01	   2.3120356938998110e-01	   2.1966710238402262e-01	   2.5514275009845949e-01	   9.5433602082721641e-02	   1.8582563391413920e-01	   8.1296910043747325e-02	   4.7181179228525057e-02	   7.2664154947769080e-02	   1.5707556740208495e-01	   1.8299697625011496e-01	   2.7706025250163462e-02	   2.0902204465915264e-01	   2.8843612086031933e-01	   2.5125900155146375e-01	   2.6560879667240167e-01	   1.0716510835857519e-01	   2.3444276112899926e-02	   3.1440368570487048e-01	
   7.9987894592828246e-01	   7.2398593553240931e-01	   5.8943642065519775e-01	   6.1926946472935152e-01	   5.6721864596700500e-01	   3.3822798001630122e-01	   7.0098028054031269e-01	   7.0890255106422884e-01	   5.0760757724211503e-01	   5.3937280250954338e-02	   0.0000000000000000e+00	   9.0542035707431168e-01	   9.0318293327837362e-01	   8.4699992999577467e-01	   7.6323755662592807e-01	   5.5770279964630487e-01	   8.0304191611610665e-01	   8.3974938101339502e-01	   6.3914553602570523e-01	   6.4649893686954163e-01	   3.6330476476642987e-01	   3.2817754878871980e-01	   6.9196995152241714e-01	   5.9589096843910005e-01	   4.7935631594797840e-01	   4.5157132625023261e-01	   3.6990188621862863e-01	   2.9704268923506244e-01	   8.0974259081338729e-01	   8.2782315037623233e-01	   5.8622889167546643e-01	   6.2949611550449935e-01	   7.5158066748889796e-01	   7.6508822438747459e-01	   4.0072299857520638e-01	   3.5695575810166613e-01	   6.0430511389591879e-01	   5.5009205846145914e-01	   4.0187333436554884e-01	   3.1800264657144894e-01	   4.8707138290417157e-01	   5.8090085098589406e-01	   7.1630365716436417e-01	   7.3872943007394154e-01	   5.7005344432597127e-01	   6.2563682146586075e-01	   7.3060521739028006e-01	   6.9404154811953189e-01	   6.8407376747740301e-01	   6.5363650984963706e-01	   5.8245888713137961e-01	   5.5888868904724753e-01	   5.3980314346233926e-01	   5.8362735003121147e-01	   5.8465756288609205e-01	   6.2491292981163404e-01	   6.2201564331454740e-01	   6.7907473879349944e-01	   5.5718533264276160e-01	   4.9129199830387760e-01	   7.5918531790437771e-01	   5.9638319729615075e-01	   7.6188283194562767e-01	   8.2884785727337418e-01	   6.1706280138467573e-01	   5.2687871066617975e-01	   4.3175822884976423e-01	   4.4275073598319659e-01	   5.2319470287533965e-01	   3.8852999337488103e-01	   7.3215515746835402e-01	   7.3898983644557636e-01	   8.1617396324635427e-01	   8.4598464890153757e-01	   8.2685644113313994e-01	   7.9051835343428667e-01	   7.4583452117342519e-01	   7.4897267673965229e-01	   6.8536588729875692e-01	   7.5645292951184362e-01	   8.4121939545416857e-01	   8.6409538896014970e-01	   7.4817439925470952e-01	   7.0039798344735438e-01	   7.5232810532525762e-01	   7.1099109779492209e-01	   5.5983886009298800e-01	   5.4996976475818993e-01	   5.4942202923465500e-01	   5.5428194342924697e-01	   3.9866516082116843e-01	   2.1475431769296149e-01	   2.2254440288632837e-01	   3.3317006529178661e-01	   4.6528130708851384e-01	   4.7274468665490305e-01	   5.7104987616481495e-01	   5.7742677195037651e-01	   5.9256693413009209e-01	   5.1154622081767531e-01	   3.4940463902508656e-01	   2.1221471040473069e-01	   4.0657354354070963e-01	   2.7684049610278810e-01	   1.7106241405693953e-01	   2.4265336541367880e-01	   3.3540794151696895e-01	   3.9990223615023823e-01	   5.0034231054419498e-01	   6.3941353169559667e-01	   5.2874202076485066e-01	   4.8748336244049251e-01	   5.8244467021302770e-01	   5.8019148986928448e-01	   1.0608039713777009e-01	   1.9122950716796056e-01	
   7.9324526651221305e-01	   7.8102204046895030e-01	   5.4407329431389539e-01	   6.4609880095704564e-01	   5.0888198728237366e-01	   3.6425453063469465e-01	   6.5467984156822223e-01	   7.7665616126330472e-01	   4.6226299809642463e-01	   7.4079926196068263e-02	   9.0542035707431168e-01	   0.0000000000000000e+00	   7.7726226506644369e-01	   9.1256823414588883e-01	   7.1730038466575718e-01	   5.7542230138456918e-01	   7.7072192332734701e-01	   8.9662342389142391e-01	   6.4870723287263843e-01	   7.1089688741257007e-01	   2.0701680252890287e-01	   1.8516955786516492e-01	   6.6584130696118526e-01	   5.9967407991090926e-01	   5.2612944824387808e-01	   4.8226905801221709e-01	   2.9821298976924576e-01	   2.4054459154208113e-01	   7.1870395768893780e-01	   8.2158415553463693e-01	   5.1636477138740966e-01	   5.8201753767700670e-01	   7.6001842891186944e-01	   7.9534616612655618e-01	   3.3822129424257380e-01	   3.6576912045980581e-01	   5.7198950050253694e-01	   4.8354594098200920e-01	   4.2231644219300063e-01	   4.0627529012258112e-01	   4.7517718215114657e-01	   5.5750359591677767e-01	   7.3027120351511199e-01	   7.5576105271100125e-01	   5.6947728841247824e-01	   6.5178602968606270e-01	   7.2670674494354470e-01	   6.9615714124742145e-01	   7.0781260521396483e-01	   6.7748529958584847e-01	   6.4109833548504058e-01	   6.1284620541990398e-01	   6.1943312430054620e-01	   6.0626242080927528e-01	   6.2920150237040851e-01	   6.7432608771693459e-01	   5.7155389229373388e-01	   7.0719008165643760e-01	   5.6592747048834857e-01	   5.7826722794910035e-01	   7.9633178058362297e-01	   7.2049486457304868e-01	   8.0102103225647148e-01	   9.0330799007256757e-01	   6.0624835349106421e-01	   5.6681207001401068e-01	   4.4090153906856977e-01	   4.7393507617386743e-01	   5.7783320076333577e-01	   4.9154337769866563e-01	   5.9519341441904794e-01	   6.4966192537197509e-01	   7.0146958280353344e-01	   7.8404270892863803e-01	   7.2595685118771436e-01	   7.4471365715877136e-01	   6.0585030175963739e-01	   6.9383635139793332e-01	   6.5654056578632769e-01	   7.7556648495168212e-01	   8.6834955361285093e-01	   8.6442860712742753e-01	   7.5239961478505735e-01	   7.5455325463503287e-01	   7.0351809827940759e-01	   6.9954023980853597e-01	   6.0955291021950653e-01	   6.1525033334223234e-01	   5.5731431235926965e-01	   6.1729870312655377e-01	   4.5738041972978483e-01	   2.3696046321858194e-01	   2.8120628176761492e-01	   2.7706334990701070e-01	   4.7027515465677672e-01	   5.3468693554496605e-01	   5.7804909027032880e-01	   5.6310158908341656e-01	   6.3096813038275867e-01	   5.2429081517349441e-01	   3.9026395539292358e-01	   1.8779118259528702e-01	   4.3568279186404302e-01	   2.7785340471540410e-01	   1.3006457991367848e-01	   2.0016602414148321e-01	   3.4271142333171734e-01	   4.3270824187258750e-01	   4.9969580071351138e-01	   6.3361122513222834e-01	   5.6828943294330214e-01	   5.0388549799437876e-01	   5.5831968491082096e-01	   5.3946251045358906e-01	  -6.1910211751517062e-03	   5.1748183691279037e-02	
   7.3542187032815309e-01	   6.3953191611797644e-01	   5.5673904168826549e-01	   5.7461502672973530e-01	   6.0344912672149742e-01	   2.8967108495933080e-01	   6.8097057796537375e-01	   6.6550196774657899e-01	   5.4347198437958100e-01	   3.3720851205247399e-02	   9.0318293327837362e-01	   7.7726226506644369e-01	   0.0000000000000000e+00	   8.2379227222531970e-01	   8.2480898153453686e-01	   5.4781008569765721e-01	   6.2455842185955746e-01	   6.8911655575862685e-01	   5.2481803041919250e-01	   5.1441358153636085e-01	   3.0524269821263261e-01	   2.6477417781790835e-01	   6.4990552579243865e-01	   5.3625522048132523e-01	   4.2531370579125138e-01	   3.8816859804182524e-01	   3.9102367562327450e-01	   3.2586949902430296e-01	   6.9808044373443590e-01	   6.8315533398715123e-01	   4.6133475238359639e-01	   4.8771089821164049e-01	   6.1041769685805258e-01	   6.3560244730708892e-01	   3.6607993484233614e-01	   3.0617388869088674e-01	   4.8228869125543017e-01	   4.3021937000115784e-01	   3.2886429830078767e-01	   2.5463335778045654e-01	   3.3762481200517519e-01	   4.8860502784652537e-01	   6.1810012051854923e-01	   6.3875810925926169e-01	   4.8771384004341667e-01	   5.5408255090122760e-01	   6.2671609448212262e-01	   6.0817842027290148e-01	   5.8429964108402821e-01	   6.0407758721628679e-01	   5.3990608834111464e-01	   5.2924063788043996e-01	   4.9213903942364745e-01	   5.0079974596624299e-01	   5.3754595835132268e-01	   5.7727024298543617e-01	   5.3830216395701513e-01	   6.0594898613617554e-01	   5.2608237424206816e-01	   4.6266888861572697e-01	   7.5522786333615266e-01	   5.6776154619108354e-01	   6.4564840169036408e-01	   7.5069116506604994e-01	   6.2706283736561741e-01	   5.3911051364612905e-01	   4.0905369814440729e-01	   4.0682152358908652e-01	   4.6456800411305227e-01	   3.5301424080050664e-01	   6.9329174250688363e-01	   6.5992634534697647e-01	   7.4313959728092271e-01	   7.4587155756650347e-01	   7.4889337628587271e-01	   7.0174054613277015e-01	   7.0279124209395027e-01	   6.9339159062104117e-01	   5.6955007945772862e-01	   6.6578087636795202e-01	   7.1623388729424964e-01	   7.6514019238255837e-01	   6.4480083699169632e-01	   5.6887302125435557e-01	   7.1770625277527356e-01	   6.2135398508937500e-01	   4.6570042968608805e-01	   4.7661911784769695e-01	   5.9155550235543053e-01	   5.2031498121413677e-01	   3.7897858648661731e-01	   1.7031844386316827e-01	   2.8271889821170326e-01	   3.3599498361149649e-01	   3.6915727724117176e-01	   3.8388368728162681e-01	   4.4393473379236348e-01	   4.5752855606871123e-01	   5.0673134739301295e-01	   4.4137563839894423e-01	   3.1657903980454405e-01	   1.8333179298977395e-01	   3.3822350040648241e-01	   2.4449040176077119e-01	   1.5166681009254113e-01	   2.0772536302797939e-01	   3.5877580254215113e-01	   4.0264618962178922e-01	   4.5760836171730401e-01	   5.2704172651049885e-01	   4.3648653847302710e-01	   4.0187801753583141e-01	   5.1381159610656568e-01	   5.2186969817660711e-01	   5.7732012960423199e-02	   1.5405835479952265e-01	
