   0.0000000000000000e+00	   8.9053786207299268e-01	   7.9125719703323472e-01	   8.6257103382090328e-01	   6.1984919864709753e-01	   7.2107178009462469e-01	   6.6326708553813796e-01	   8.2838468576768276e-01	   5.0602981921789092e-01	   5.9258538140500905e-01	   9.1870613888770181e-01	   9.2721355621621149e-01	   8.5424300315936164e-01	   8.8778537414033876e-01	   8.1229043777702903e-01	   8.7653404746751473e-01	   8.8400450349101067e-01	   8.7598669082780933e-01	   9.1771775376645837e-01	   8.7288956710395627e-01	   7.6826078520060737e-01	   7.5811330381409237e-01	   7.8773906979201747e-01	   8.3255312181351548e-01	   7.7252328941793924e-01	   7.9799775586595012e-01	   7.6582376730444679e-01	   7.7774701696128978e-01	   7.3475499097475749e-01	   7.6217883257786878e-01	   7.4234121033707312e-01	   8.3115749410321871e-01	   8.6023773362685807e-01	   8.7333806683903714e-01	   6.6949936432522084e-01	   6.7648184993737348e-01	   8.2225634567207673e-01	   8.1806323018742444e-01	   8.0045567760180325e-01	   6.1236301853433650e-01	   7.8507141061418295e-01	   7.5075383717232214e-01	   9.2452047048423380e-01	   8.6885205452678438e-01	   8.3953562247642366e-01	   8.0542351465871198e-01	   9.2199784515095695e-01	   8.7991803051401396e-01	   8.3074818941985296e-01	   8.1349316028882979e-01	   9.1740094844310938e-01	   8.5412725287249414e-01	   9.1503392128921757e-01	   5.8968761478826459e-01	   9.4435565165956858e-01	   9.2609376990408121e-01	   8.9122898246806159e-01	   7.8237171553501339e-01	   7.5960101295621585e-01	   7.4977478474082326e-01	   7.6756556202995219e-01	   8.0894763821810001e-01	   8.7236997580556874e-01	   7.9989203935118014e-01	   6.8291042361573373e-01	   8.3224810108405789e-01	   7.2402075359453810e-01	   7.4881011818532484e-01	   7.2879509504538564e-01	   6.8064455217321207e-01	   7.9711602194850983e-01	   8.0833811629511787e-01	   7.9483620511129149e-01	   8.2602177472132632e-01	   7.9296630808942714e-01	   8.1586047744962253e-01	   8.5705690846380522e-01	   8.6071881873642542e-01	   7.8241115774513947e-01	   7.5689464103532322e-01	   8.3767368172309675e-01	   8.3583300032301400e-01	   8.7122113952655289e-01	   8.8797195198205459e-01	   9.0553216910381606e-01	   9.0720729043859327e-01	   5.6238799028437025e-01	   3.3346492312056603e-01	   7.7258919969871975e-01	   7.6286621778012287e-01	   7.2042175302660871e-01	   5.2208984232009858e-01	   8.0426677627408405e-01	   7.5641492515105668e-01	   7.9241332138250331e-01	   7.6256366937443532e-01	   8.8614301205131163e-01	   8.7290606261593173e-01	   8.7456345344025954e-01	   8.0057478831869933e-01	   8.6964032755013476e-01	   8.4800121671044681e-01	   8.1760851328122519e-01	   7.7922482066193621e-01	   4.9263351958401214e-01	   4.8464941285644231e-01	   9.1688468149314986e-02	   3.3128076522789623e-01	   5.4281844319714401e-01	   6.9530537413527826e-01	   8.9695806097774389e-01	   9.0906366641142089e-01	   8.7397506865675956e-01	   8.2791682770320674e-01	   3.3482057643112495e-01	  -4.3828451391645040e-02	
   8.9053786207299268e-01	   0.0000000000000000e+00	   6.0881039582213592e-01	   8.1305803847444458e-01	   5.2600731050925753e-01	   6.2403265834089339e-01	   5.4091855402164080e-01	   7.7359821055186784e-01	   4.5631082891215236e-01	   5.6435290264628535e-01	   7.2867957223899693e-01	   8.6534293213741353e-01	   6.4986094008422068e-01	   8.5012367282331591e-01	   6.9881414731909297e-01	   8.0484195262764791e-01	   8.8494319435655666e-01	   9.1260147591694318e-01	   8.2002295133471859e-01	   9.0361296115697898e-01	   6.1839695670197703e-01	   6.1308235294976476e-01	   5.7363142650436649e-01	   7.1810858699088742e-01	   6.5629814490449823e-01	   7.6181186712248994e-01	   6.1746852356795257e-01	   6.2439798883234587e-01	   6.0387298689777491e-01	   6.5895767043575348e-01	   5.4532290251376725e-01	   6.6234941339096476e-01	   7.8275432779014764e-01	   8.3466114265881419e-01	   5.8447834142908250e-01	   6.7984966671728375e-01	   7.1597572597288650e-01	   7.5555391187284515e-01	   7.0994917490287801e-01	   5.9898214894687629e-01	   7.4826835214627918e-01	   6.8764694164253393e-01	   8.7219126473747732e-01	   7.5887250745999790e-01	   7.3893985725003852e-01	   7.1007677209115350e-01	   8.7542729450257417e-01	   8.8320731349973558e-01	   7.2952689779134261e-01	   7.7767979783733721e-01	   7.7917685439762441e-01	   7.9946534331714703e-01	   8.3386775703630112e-01	   6.6085345955598040e-01	   8.6544220348900025e-01	   8.7795721965398210e-01	   9.3862034842715003e-01	   9.1357186510390409e-01	   5.9290049233582276e-01	   7.2625106993231503e-01	   5.1894843326568385e-01	   6.9582034401614723e-01	   8.3352606135019258e-01	   8.7358691779289677e-01	   4.8582399194262083e-01	   7.1439537810404252e-01	   6.4011532360287737e-01	   7.2792447043368225e-01	   8.1084089904465662e-01	   7.7703173129710934e-01	   6.8383983870149390e-01	   7.7247850111324068e-01	   7.1332173424684431e-01	   7.8586865831953157e-01	   7.2718728620912021e-01	   7.6312205676113187e-01	   7.8548495161015941e-01	   8.4821094392359342e-01	   8.2698490626238219e-01	   7.4860407674606866e-01	   8.1541606540276090e-01	   7.7972900100341014e-01	   7.1088938235110688e-01	   7.9025582555057461e-01	   7.2226619955819060e-01	   8.3169390442030311e-01	   4.3923466433924696e-01	   1.8681435219467502e-01	   6.7575417787906411e-01	   7.5919138915710616e-01	   7.6839207231835083e-01	   5.1377422494896752e-01	   8.1678823228041431e-01	   6.7103613564182574e-01	   6.6844534107257214e-01	   6.8474859581985037e-01	   8.2436389664779597e-01	   8.2179737159500610e-01	   9.1475627402600779e-01	   7.6311171195657812e-01	   8.1417950684689888e-01	   7.0192242863807397e-01	   7.9315005662123550e-01	   7.3524764620769134e-01	   3.4454497061900174e-01	   3.6447246970958991e-01	   1.5184831578730668e-01	   3.2389656100148118e-01	   4.2159272125330149e-01	   5.0639525570927435e-01	   8.8579867753707942e-01	   9.0733799558687078e-01	   7.4709956455589777e-01	   6.6335019977213450e-01	   8.7702749869846525e-02	  -2.3938320782172290e-01	
   7.9125719703323472e-01	   6.0881039582213592e-01	   0.0000000000000000e+00	   8.7166185356984149e-01	   8.6640616596134423e-01	   8.1575503965105178e-01	   8.9242640368296766e-01	   8.7208463751924792e-01	   7.2830905533526380e-01	   7.1632151268121125e-01	   6.5438545364215994e-01	   6.9018135939914960e-01	   6.3591323373910913e-01	   6.1996601859442890e-01	   8.5994959146122474e-01	   7.7689323305027025e-01	   6.0881896003395686e-01	   6.8040002754951323e-01	   8.8620731252130569e-01	   7.2585499445516288e-01	   6.7953824366241822e-01	   6.4448272061295797e-01	   8.7335407781909891e-01	   7.7327239534393377e-01	   8.1554874334509397e-01	   7.3717597009855873e-01	   6.8723877945625556e-01	   6.7837721659080463e-01	   6.2870816944765540e-01	   6.2565962879217318e-01	   8.1508469532031913e-01	   8.3484928238476019e-01	   8.2584338893543952e-01	   8.1408678617616204e-01	   7.8458771574067487e-01	   7.4277259877373358e-01	   6.4578339961530729e-01	   5.8714940508903368e-01	   6.6390247215183085e-01	   3.5948293160864353e-01	   5.7544648616577909e-01	   5.1854990675044677e-01	   7.1802518850723174e-01	   6.5362581706361367e-01	   7.2731001006750540e-01	   6.9206408434964661e-01	   7.7237696055051808e-01	   7.8088973430538866e-01	   6.8305894671166167e-01	   7.3132861215279277e-01	   8.1575171912075117e-01	   8.0794467308999107e-01	   8.5416017163273261e-01	   6.2838824270101823e-01	   8.1305574443160289e-01	   8.3739750579175642e-01	   6.0269137322999367e-01	   5.7577651986828982e-01	   7.4123261321843592e-01	   7.1776924125831565e-01	   8.0018412214291801e-01	   7.2004103569036237e-01	   5.6069036743124401e-01	   5.5699970765775364e-01	   8.5132717510296407e-01	   8.2101454214416192e-01	   8.2222687495054370e-01	   7.8974948772924225e-01	   5.1435547233497136e-01	   5.4313521387853980e-01	   7.1839510957406105e-01	   7.1312646699764604e-01	   6.9243162631932154e-01	   6.9436814406229730e-01	   6.7247902778042745e-01	   6.6137958957477716e-01	   6.8572535591164274e-01	   6.4328193132056000e-01	   5.6634364066079823e-01	   6.4432273065802370e-01	   5.9804200516616135e-01	   7.0149391060894284e-01	   6.7242296262208567e-01	   7.1729303040708536e-01	   7.3382328102054450e-01	   7.6579098450249938e-01	   4.7734373990014028e-01	   3.2790155698755263e-01	   8.5084776838664811e-01	   7.9650140849955087e-01	   7.0430819865829775e-01	   7.2257552455330776e-01	   7.7666556096805750e-01	   8.6995568060692308e-01	   6.7088644874377201e-01	   6.4591932617376480e-01	   7.8757145982102517e-01	   7.7127234324524430e-01	   7.1064295789689591e-01	   7.9481040748269416e-01	   7.3782820001086613e-01	   8.6825645629435200e-01	   7.3220239679567412e-01	   7.8740573261371127e-01	   5.3997982131314981e-01	   5.2273788486177530e-01	   1.8306377827254361e-01	   2.6706094687150717e-01	   4.2127350134251351e-01	   6.0814472584408208e-01	   7.6123620944399739e-01	   7.1269674408679962e-01	   6.8555688882585408e-01	   7.4989824591141929e-01	   3.9912374697080255e-01	   7.9937778240781007e-02	
   8.6257103382090328e-01	   8.1305803847444458e-01	   8.7166185356984149e-01	   0.0000000000000000e+00	   7.7929768999321458e-01	   8.3023254073161667e-01	   7.8707329337224485e-01	   9.4968402321532697e-01	   6.5406585649205362e-01	   7.3992416343774181e-01	   7.0858238670106888e-01	   8.3412382812380570e-01	   6.3839518981519761e-01	   7.6463956497319141e-01	   8.3240173293204689e-01	   8.8096211363504040e-01	   7.6091606920349453e-01	   8.0351189843645099e-01	   9.1315498963611930e-01	   9.0623534871533451e-01	   7.2460174063011340e-01	   7.0718975153876062e-01	   7.9306758188496440e-01	   8.7734429041540163e-01	   7.6640498746511321e-01	   8.3193912161374184e-01	   7.3907383514939862e-01	   7.4649358768345353e-01	   6.3540186927835096e-01	   6.6478286618641669e-01	   7.4230790824401416e-01	   8.6942016508681441e-01	   8.8521257773802198e-01	   9.3438317620081268e-01	   7.1070944800843783e-01	   7.4812678772164221e-01	   7.0756068012067064e-01	   6.8513524420285998e-01	   7.1976004837899166e-01	   4.9250595562012828e-01	   7.2837882059434111e-01	   6.3503721521261347e-01	   8.0943054018075333e-01	   7.2117825724178442e-01	   7.4845942486137318e-01	   7.4043780986206265e-01	   8.6012693137805973e-01	   8.9520953611691323e-01	   7.4523526187667155e-01	   8.2897880206166219e-01	   8.3758007212549468e-01	   8.7633472098981646e-01	   8.8815641717824645e-01	   7.0651075132566521e-01	   8.9601946119747566e-01	   9.1270890839383867e-01	   7.6348008097778508e-01	   7.0441221595488157e-01	   6.9252458448434562e-01	   8.1157973394746474e-01	   7.0313256641676936e-01	   8.2175567786547066e-01	   7.4307944718606089e-01	   7.4446321752495870e-01	   7.8299588434703127e-01	   9.0119029835945774e-01	   7.9440138656685422e-01	   8.5783364181490851e-01	   7.3557750455118898e-01	   7.5082300146078251e-01	   7.6124882745533617e-01	   8.0529468663286596e-01	   7.6472406325278652e-01	   7.8395387619557166e-01	   7.4735358826678666e-01	   7.5167835839231767e-01	   7.4877861881638619e-01	   7.7900528584722317e-01	   7.4596486258609163e-01	   7.2712897564632550e-01	   7.4233779983520753e-01	   7.8563598516594269e-01	   7.2717517810310695e-01	   7.8169681963869508e-01	   7.7010904677735204e-01	   8.5489317804073850e-01	   4.5103761773385576e-01	   2.1831035446372637e-01	   8.5398518753319697e-01	   8.8451495479115150e-01	   8.2116876129252803e-01	   6.7271346178964064e-01	   8.8904356868643197e-01	   8.2005904287512110e-01	   7.0945602859760659e-01	   7.3100315011549633e-01	   8.5043483810049658e-01	   8.4958661849359407e-01	   8.4399135933388880e-01	   7.8620691747534110e-01	   8.3025975676804720e-01	   8.4981981735444490e-01	   8.3612701527491662e-01	   8.8769773178862055e-01	   5.1499622835881476e-01	   5.4685639018572874e-01	   2.2966746046149436e-01	   3.0194221333635907e-01	   4.6111652201756043e-01	   6.2017039148716846e-01	   8.5987249758804984e-01	   8.2067551352396872e-01	   7.0347726488518458e-01	   7.0260973725639675e-01	   2.5149756622446706e-01	  -5.8843608724020016e-02	
   6.1984919864709753e-01	   5.2600731050925753e-01	   8.6640616596134423e-01	   7.7929768999321458e-01	   0.0000000000000000e+00	   8.9942817023502086e-01	   9.2369355862771063e-01	   8.5410169738273001e-01	   9.3042942851435129e-01	   8.9034935231225731e-01	   4.1963086997201976e-01	   4.8054021083270970e-01	   3.8820258120812717e-01	   4.3126995869743445e-01	   8.2986373231906863e-01	   7.0176820800855855e-01	   4.2902421905786603e-01	   5.3003705515280253e-01	   7.8212083012360900e-01	   6.6475995541392563e-01	   4.2099672101104790e-01	   3.6602737687130232e-01	   5.9915691045301689e-01	   5.4680812567175130e-01	   6.3488209126767092e-01	   5.7551038267351384e-01	   5.2506710227273090e-01	   4.7119284734148981e-01	   3.7537703140700784e-01	   4.0373805692895515e-01	   5.7742510969214933e-01	   5.9441002385015662e-01	   7.2243203602915462e-01	   7.2352694229566650e-01	   7.7613090612541979e-01	   7.8525383681051308e-01	   3.8441995870448004e-01	   3.1237998246571658e-01	   4.3253379222575178e-01	   7.2967584501799493e-02	   3.0565737425334755e-01	   2.4499110244994418e-01	   5.7627621335523305e-01	   4.7069165953354791e-01	   6.1078148910170404e-01	   5.4724041980874749e-01	   6.3399789218984060e-01	   7.2125180439517933e-01	   5.5847120535284667e-01	   6.5021582058142613e-01	   6.2976511530498369e-01	   7.0194358902209997e-01	   7.6664112378843674e-01	   7.7806981491984273e-01	   6.6948814335583573e-01	   7.2934230139257628e-01	   4.4818709438035270e-01	   5.0345200069633789e-01	   7.1322040427965905e-01	   7.3240553936564212e-01	   6.9253780146226762e-01	   5.9969590911869541e-01	   4.0250700910205184e-01	   4.5385221724885716e-01	   6.7177309206056113e-01	   6.3870325962077878e-01	   8.3092870035280697e-01	   7.8357691409079910e-01	   4.7661424307360367e-01	   5.3734322905883358e-01	   5.3910512456642135e-01	   5.7562501194679216e-01	   4.7003365918015405e-01	   4.8669915466426206e-01	   4.8400962187273500e-01	   4.5483037842085705e-01	   4.9645741081020778e-01	   4.6360405817612138e-01	   4.0488665578765537e-01	   4.4737561994703801e-01	   4.2362759960627899e-01	   5.0001906155366471e-01	   3.8664789014969148e-01	   4.7998622157235160e-01	   5.0985405414769958e-01	   5.7094190524800714e-01	   2.2461309570167065e-01	   1.4244174370242388e-01	   8.0145785634130262e-01	   7.7642726433576037e-01	   7.5285128259515499e-01	   7.8208990881809093e-01	   7.3564559014933761e-01	   8.1576826412329806e-01	   4.0227931053562005e-01	   4.1833071671474059e-01	   6.0437501056467313e-01	   5.7921136216992619e-01	   6.3935124466014059e-01	   7.3666999596368654e-01	   5.3365891814045363e-01	   7.5217501913172435e-01	   6.0924030011996844e-01	   7.2471577247999108e-01	   3.5141097841550195e-01	   3.3045925610050780e-01	   2.9586570277704172e-01	   2.5128314942922902e-01	   1.7398432816926490e-01	   3.3740212846534923e-01	   6.3813571722487805e-01	   5.5285608774082251e-01	   4.4169481316238213e-01	   5.3220171783959613e-01	   1.4051683121863623e-01	  -1.4426764163722500e-01	
   7.2107178009462469e-01	   6.2403265834089339e-01	   8.1575503965105178e-01	   8.3023254073161667e-01	   8.9942817023502086e-01	   0.0000000000000000e+00	   8.4270840086650745e-01	   8.9770241439183418e-01	   8.2541863758608691e-01	   9.1954487027957854e-01	   5.8340614563898496e-01	   6.1741791656207212e-01	   5.5550873267901779e-01	   5.8483954783727699e-01	   8.3050160629604941e-01	   8.1390132624814449e-01	   5.5009395000828443e-01	   5.9116098427049413e-01	   8.1978917785550842e-01	   7.2603311243569824e-01	   4.6466041289605220e-01	   4.5068963543215323e-01	   6.0955853833792928e-01	   6.4883041119270957e-01	   5.9730154730019025e-01	   5.9682013044424698e-01	   5.9921338912360544e-01	   6.0175250021832238e-01	   4.7743594477510898e-01	   5.0616883624943343e-01	   5.7787985189081081e-01	   6.5726663093356386e-01	   7.4038685078900390e-01	   7.6242353806192620e-01	   6.6944175619487123e-01	   6.9659256302535932e-01	   4.7925717658812694e-01	   4.1601012571183382e-01	   4.9450960165919233e-01	   2.0999312352164634e-01	   3.9090868333971146e-01	   3.3699726617673037e-01	   7.0947560818158706e-01	   6.3828754354264627e-01	   6.8450773706496781e-01	   6.4715811339877383e-01	   7.1600468791450944e-01	   7.5991871785833587e-01	   6.8374865158914822e-01	   7.2167303880342570e-01	   7.2306402380470747e-01	   7.2785088521228936e-01	   8.0016673915611225e-01	   7.0960354156976657e-01	   7.3710196611206813e-01	   7.5817636800222132e-01	   5.5331374446589776e-01	   5.4878231750904916e-01	   7.5828958492224319e-01	   8.1616308054723752e-01	   7.6859588876098284e-01	   7.8029515944373906e-01	   5.3614526642827709e-01	   4.9354007747170536e-01	   6.6028075805748410e-01	   7.6015805477395249e-01	   7.7026474046792359e-01	   7.6361010903293414e-01	   5.2140239725165971e-01	   5.5709991782099344e-01	   5.9211355508402064e-01	   6.1111134498543285e-01	   5.4737951159251030e-01	   5.6075834590774809e-01	   5.4531571489269337e-01	   5.3314734559979504e-01	   6.0391147465328565e-01	   6.0107364262653351e-01	   5.0329442458401508e-01	   5.0451566744677234e-01	   5.3117169602772363e-01	   5.6197527115946411e-01	   5.1654242708424070e-01	   5.7684609977904922e-01	   6.3015967541648443e-01	   6.3990899462030293e-01	   3.1018953077385503e-01	   1.8982040613995466e-01	   7.9855311457714273e-01	   7.7101654529154040e-01	   7.2495930987478652e-01	   6.6548794565351532e-01	   7.6218205183212673e-01	   7.7742755237537731e-01	   4.8970184150007756e-01	   4.9445947107440502e-01	   6.3124853214618670e-01	   6.1467689365410616e-01	   6.6749158636847694e-01	   7.0111629415599797e-01	   6.0909839912978525e-01	   7.9675324273097492e-01	   6.3819003718626721e-01	   7.5557754587753323e-01	   4.1373778308775988e-01	   3.9231145701912118e-01	   2.5845884852965773e-01	   2.7470239477488828e-01	   3.4134958117208630e-01	   4.6771253885828290e-01	   6.5528094536698711e-01	   6.3175998639617270e-01	   5.7144880557230460e-01	   5.8827486485393188e-01	   1.9494776975688449e-01	  -9.1739874648174263e-02	
   6.6326708553813796e-01	   5.4091855402164080e-01	   8.9242640368296766e-01	   7.8707329337224485e-01	   9.2369355862771063e-01	   8.4270840086650745e-01	   0.0000000000000000e+00	   8.9472464220808168e-01	   8.6797267892486740e-01	   8.2146807581349046e-01	   4.6047406242341682e-01	   5.3578363900228887e-01	   4.4199691674224179e-01	   4.7163419265439677e-01	   7.8645884292546342e-01	   6.7220256678178381e-01	   4.7126397409767318e-01	   5.6374137192795737e-01	   7.6439390212336722e-01	   6.1876099948525720e-01	   4.6517706001360470e-01	   4.2514681655079994e-01	   6.1107274081957208e-01	   5.5470071489507722e-01	   5.7482237078672094e-01	   5.0665734260924977e-01	   4.5522341033938191e-01	   4.2589307795992970e-01	   4.8221853363207429e-01	   4.9538130652859136e-01	   6.4012383803645923e-01	   6.5187230504610927e-01	   7.3897897630823395e-01	   7.4518182748423412e-01	   7.8888788879840877e-01	   7.7727057286955770e-01	   4.4415633878923222e-01	   3.5551955071738961e-01	   4.7579669815833514e-01	   1.2179578459362612e-01	   3.6742347935619185e-01	   3.1681298306717348e-01	   5.9236597653205925e-01	   5.0255309210922861e-01	   6.1435246442732516e-01	   5.6118700303067870e-01	   6.7237310053366484e-01	   7.3282748587415658e-01	   5.9059057178903340e-01	   6.4694816057939786e-01	   6.9049921551801496e-01	   6.8991139979553151e-01	   8.2276808947583491e-01	   7.3298006849995179e-01	   6.9230502958786722e-01	   7.3038153295292185e-01	   4.7535471729102691e-01	   4.9632731266326868e-01	   7.8321838476289274e-01	   7.2848269125946730e-01	   8.0143617170563619e-01	   6.8380420788408547e-01	   4.3057605499864782e-01	   4.7119643217544255e-01	   7.1759409987460099e-01	   6.7020069927531689e-01	   8.1879354884692102e-01	   7.5208174734444677e-01	   4.0106746983534358e-01	   4.5130258505696713e-01	   5.4735181371950770e-01	   5.6014793238196980e-01	   5.3089952120666650e-01	   5.3604353252037829e-01	   5.1238785712903612e-01	   4.8856215561277749e-01	   5.4155764018429109e-01	   4.9481548833391298e-01	   4.7483631201986576e-01	   5.3807075601182430e-01	   4.7800423800564806e-01	   5.6469395707519399e-01	   4.5071276531597804e-01	   5.5117038155054066e-01	   5.8364565411204572e-01	   5.9401453141354843e-01	   2.8373442640319291e-01	   1.9118179891851561e-01	   8.1696260784630204e-01	   7.3107586365795085e-01	   7.0323196163540613e-01	   7.6988783420279883e-01	   6.9810599511607507e-01	   8.2905057826647188e-01	   4.5714763683201537e-01	   4.8455671869867389e-01	   6.4543945379626311e-01	   6.1915720418184861e-01	   6.2736866764107124e-01	   7.5408496769217848e-01	   5.7408138271915354e-01	   7.8455402339767510e-01	   6.1372240154841984e-01	   7.2375582207230726e-01	   3.9317573671712014e-01	   4.1958057462264176e-01	   1.2586474406546383e-01	   1.8660740290281652e-01	   2.2734123097811032e-01	   4.1602278191430292e-01	   6.4690093828717732e-01	   5.7494550349556661e-01	   5.3058541012879457e-01	   5.8821598572784428e-01	   2.5368202378386884e-01	  -3.2293059792441278e-02	
   8.2838468576768276e-01	   7.7359821055186784e-01	   8.7208463751924792e-01	   9.4968402321532697e-01	   8.5410169738273001e-01	   8.9770241439183418e-01	   8.9472464220808168e-01	   0.0000000000000000e+00	   7.7308429518619004e-01	   8.4669995219467720e-01	   6.5039725111392777e-01	   7.5417290268529824e-01	   5.9849685519581064e-01	   6.9846052823042148e-01	   8.4915575694211842e-01	   8.4049995188403659e-01	   6.8133764517635287e-01	   7.3931381681226360e-01	   8.7678883257905960e-01	   8.2711037845047741e-01	   5.9023346164613633e-01	   5.6777696145945744e-01	   6.9254453555268569e-01	   7.5164094256195257e-01	   6.7591094512072836e-01	   6.9084146697771565e-01	   6.1366717069218635e-01	   6.0410292325771786e-01	   5.8042986239637240e-01	   6.1431337976332945e-01	   6.6905520213267899e-01	   7.7404728456948524e-01	   8.3503988067453550e-01	   8.8321716128793304e-01	   7.3837141752555202e-01	   7.7832793391252830e-01	   6.1108139592639643e-01	   5.6593083294540514e-01	   6.3534350076153978e-01	   3.6165554365630653e-01	   5.8398215315736324e-01	   5.2417659212624079e-01	   7.8342639589558005e-01	   6.8028412270591909e-01	   7.3386971486986130e-01	   6.9611126998493367e-01	   8.2385338421309928e-01	   8.6956171473666233e-01	   7.3205129022742699e-01	   7.9875836828014690e-01	   8.1005919952266192e-01	   8.2195529344529394e-01	   9.0157915939603650e-01	   7.6564535215880170e-01	   8.4700701399467948e-01	   8.7076896482435695e-01	   6.9928251994966328e-01	   6.7301957460738149e-01	   7.8269864332643424e-01	   8.7156650420917603e-01	   7.8380904980885879e-01	   8.4433181555040326e-01	   6.5252289116383211e-01	   6.6154387485940802e-01	   7.3450852011897738e-01	   8.3678125725779884e-01	   8.1476919332955910e-01	   8.3820345229844928e-01	   6.1997058174396402e-01	   6.5430202226145417e-01	   6.5975977890953896e-01	   7.0300917807893459e-01	   6.6706188035079450e-01	   6.8916485435255093e-01	   6.5164643566599711e-01	   6.5270635551474498e-01	   6.7805267772615430e-01	   6.9594111661130720e-01	   6.5721830208206278e-01	   6.5447160029948392e-01	   6.6436779374123112e-01	   6.9465438289607329e-01	   6.4520985040601142e-01	   7.0667256901135345e-01	   7.2783185727362820e-01	   7.7579241259410869e-01	   4.1442509811419104e-01	   2.0818324786531678e-01	   8.7492074260869723e-01	   8.6268232308608606e-01	   8.1629591228001686e-01	   7.1985194014826781e-01	   8.5817082137457801e-01	   8.3962096871609881e-01	   6.0742038612537275e-01	   6.5190475579994711e-01	   7.8234086408888537e-01	   7.6315955277067660e-01	   7.9415180956863107e-01	   7.8764791974492621e-01	   7.3778227776519956e-01	   8.3463782208623261e-01	   7.4733996389540558e-01	   8.2829259860997950e-01	   4.5914111467749757e-01	   4.9349957322231403e-01	   1.5502579248162304e-01	   2.5030807091937624e-01	   3.8917806888209527e-01	   5.7651625403877382e-01	   7.9717601863305809e-01	   7.5551838119199133e-01	   6.5690636828542426e-01	   6.5598593606432054e-01	   2.3631423991866701e-01	  -6.6072459763578645e-02	
   5.0602981921789092e-01	   4.5631082891215236e-01	   7.2830905533526380e-01	   6.5406585649205362e-01	   9.3042942851435129e-01	   8.2541863758608691e-01	   8.6797267892486740e-01	   7.7308429518619004e-01	   0.0000000000000000e+00	   8.6404707383945079e-01	   2.9893876343969761e-01	   3.8088117663209708e-01	   2.8330041770764719e-01	   3.5933122234724668e-01	   7.8722027412178741e-01	   6.0684474613455985e-01	   3.2613568219797329e-01	   4.2382770560091221e-01	   6.4575927634566699e-01	   5.5989282757655934e-01	   2.4088160939366790e-01	   1.8619841539853896e-01	   4.1458669055649244e-01	   3.7442721126300210e-01	   4.9978512391906565e-01	   4.4431868914642125e-01	   3.2083307016946849e-01	   2.5205240737790424e-01	   2.9445713600432227e-01	   3.1688385411410014e-01	   4.5204902917120970e-01	   4.4811814695026342e-01	   6.1931030050513913e-01	   6.1917653188153166e-01	   6.9857090914315201e-01	   7.1532501311549557e-01	   2.5710452700738079e-01	   1.7950683736208201e-01	   2.8764601038381726e-01	  -4.0525107936418517e-02	   1.9246511670351923e-01	   1.3379193829777797e-01	   4.8268627610058645e-01	   3.6768794191038412e-01	   4.9731468640438908e-01	   4.4749112578221945e-01	   5.4592327677237085e-01	   6.2809731298570326e-01	   4.9167433303584551e-01	   5.8249305838068999e-01	   5.3756868427008986e-01	   6.1364335927370817e-01	   6.8904490326594503e-01	   7.4352893088718042e-01	   5.4201600775623682e-01	   5.9422002665967133e-01	   3.3298775620836274e-01	   3.9794655977044124e-01	   6.8066977719582622e-01	   6.6883979573612229e-01	   6.2065367108035729e-01	   5.1750248308145985e-01	   3.2093833631594360e-01	   3.8065352691106313e-01	   5.2198170947727196e-01	   4.8193077412644358e-01	   7.4485087365406588e-01	   6.8617682285233705e-01	   3.7366077142342335e-01	   4.4389887316907672e-01	   4.4133914786696948e-01	   4.9015734767034425e-01	   3.5779894280610952e-01	   3.8170298491395271e-01	   3.5977701269457807e-01	   3.3870814117117287e-01	   3.8418290370643982e-01	   3.5171674581685886e-01	   3.1743806840358124e-01	   3.5883763423467868e-01	   3.3588819837072237e-01	   3.7326371479612697e-01	   2.6675411234255608e-01	   3.5005553388090049e-01	   3.8598315043542708e-01	   4.3582028473251688e-01	   1.2931322909989340e-01	   9.7263994389826886e-02	   6.6357861578164445e-01	   6.4655500575985836e-01	   6.4591871729865491e-01	   6.8166276563940209e-01	   5.8759910037760243e-01	   6.7777188780310627e-01	   2.8526749696335674e-01	   2.6946525666419729e-01	   4.4930423769801209e-01	   4.2165612803689417e-01	   5.1097851979523390e-01	   5.9817562201477648e-01	   3.7630189275456127e-01	   6.0253940902481373e-01	   4.5117106236205318e-01	   5.7876644741711591e-01	   1.9760622425509580e-01	   2.0783007002697199e-01	   1.8742297783341216e-01	   8.5810233811728004e-02	   9.5950799187389635e-02	   2.4650244821274539e-01	   5.3271767527003289e-01	   4.3215760855190488e-01	   2.9995034273857285e-01	   3.7126869786300393e-01	   6.3488204093096523e-02	  -1.6470853175078662e-01	
   5.9258538140500905e-01	   5.6435290264628535e-01	   7.1632151268121125e-01	   7.3992416343774181e-01	   8.9034935231225731e-01	   9.1954487027957854e-01	   8.2146807581349046e-01	   8.4669995219467720e-01	   8.6404707383945079e-01	   0.0000000000000000e+00	   4.0459374328850728e-01	   4.4175466866643687e-01	   3.5602409248118766e-01	   4.2465240938223670e-01	   7.6335641125345099e-01	   7.1967370720211432e-01	   3.8195860144416949e-01	   4.6304011526840344e-01	   7.5114141759584929e-01	   6.9125089488124014e-01	   2.1596147213799635e-01	   1.8478483780205421e-01	   4.3055332542012215e-01	   4.7541467490359257e-01	   4.6846264330509663e-01	   4.3761063062204941e-01	   4.0772112058493826e-01	   3.9023920627396386e-01	   2.3010338492533361e-01	   2.7469479641661598e-01	   3.4566970045479550e-01	   4.4455702617306425e-01	   5.9145863998226988e-01	   6.4631970255478166e-01	   5.8147360771985190e-01	   6.4460500330244730e-01	   2.5170909881003733e-01	   1.9519168430553152e-01	   3.0554892823549773e-01	   5.0012389766763157e-02	   2.1420194496069733e-01	   1.6967797339767357e-01	   5.7898592940083016e-01	   4.5459547410697210e-01	   4.9366362610587838e-01	   4.2282785662849226e-01	   5.9141960053275611e-01	   6.8345711447518598e-01	   4.8733030119502935e-01	   5.9499267259582234e-01	   5.3886798512904655e-01	   6.0043277536714412e-01	   7.1782517265416690e-01	   8.2653590809682775e-01	   6.1910841666556715e-01	   6.8983574738668951e-01	   4.4708642038541824e-01	   5.0791118434288307e-01	   6.3016249220984699e-01	   7.7150451321715685e-01	   6.1271571956066007e-01	   6.4757591982083873e-01	   3.7916871819200637e-01	   4.0384127387859298e-01	   4.9795951566583230e-01	   5.8633920665608918e-01	   6.6324793821843475e-01	   6.4921208674211850e-01	   5.3898669571575941e-01	   6.0681675410803204e-01	   4.3427783412139470e-01	   4.9877327702610252e-01	   3.2422551469291933e-01	   3.6024357358902664e-01	   3.2684072782135754e-01	   3.1123287642234571e-01	   4.1889762580346807e-01	   4.3301434663744365e-01	   3.3872453489706411e-01	   3.3387353428770861e-01	   3.6249846220841941e-01	   3.6356308132090592e-01	   3.6694785001942637e-01	   4.3099050986272797e-01	   4.5088974044343277e-01	   5.1317168963517557e-01	   2.4643524968474750e-01	   6.2927334792862846e-02	   8.0150353377712125e-01	   7.8876967004133780e-01	   7.7533847652114651e-01	   7.7682965873234755e-01	   7.2912739675553828e-01	   7.7436946399205486e-01	   2.7141641988119580e-01	   2.7690582548850695e-01	   4.8546598097644278e-01	   4.3879390135290375e-01	   6.0761981536946108e-01	   6.4048308018957800e-01	   4.2588927565705975e-01	   6.6327226289683583e-01	   4.7087599740116404e-01	   6.3168343815629813e-01	   1.8684853184860406e-01	   1.7750507202885513e-01	   2.0899307426165137e-01	   1.4938465092662828e-01	   1.0269285243458995e-01	   2.4551270889012752e-01	   5.5480316587845391e-01	   4.9668196248005270e-01	   3.6563400942866597e-01	   3.9259970591728727e-01	  -5.1622378319768666e-02	  -2.4524333426522504e-01	
   9.1870613888770181e-01	   7.2867957223899693e-01	   6.5438545364215994e-01	   7.0858238670106888e-01	   4.1963086997201976e-01	   5.8340614563898496e-01	   4.6047406242341682e-01	   6.5039725111392777e-01	   2.9893876343969761e-01	   4.0459374328850728e-01	   0.0000000000000000e+00	   8.7960481230686149e-01	   9.5379593080279901e-01	   8.4650372934362617e-01	   7.1238902628436662e-01	   7.7122716804229552e-01	   8.0504976520844773e-01	   7.3714020826110227e-01	   8.0252972570785641e-01	   7.2436014342339394e-01	   7.9812635099142393e-01	   7.9310425953666341e-01	   7.7973724546202883e-01	   7.8619759825579127e-01	   7.1442696912204573e-01	   7.1838151754631219e-01	   7.8953959437616894e-01	   8.1712976190399611e-01	   7.6004178056539184e-01	   7.6174129743566155e-01	   7.2264100838465872e-01	   7.9378428892217312e-01	   7.3730883105463307e-01	   7.4024822443925087e-01	   4.8397581914567844e-01	   4.4414989378343861e-01	   8.3193173091490957e-01	   8.1794210984001881e-01	   7.8579697035308094e-01	   6.2979574253993542e-01	   7.5209244500952210e-01	   7.4486670084111395e-01	   8.4462677370401906e-01	   8.6543685142461069e-01	   7.6167692824070043e-01	   7.5017972366751628e-01	   8.1588853951016460e-01	   7.2106119249237999e-01	   7.7166765557172523e-01	   6.9277412531312055e-01	   8.3393748412732616e-01	   7.0033970630876319e-01	   7.4244862361162400e-01	   3.3104436615982241e-01	   8.3655747425281635e-01	   7.7780152307495065e-01	   7.3991694673285224e-01	   5.9228227412091961e-01	   6.5884598847569087e-01	   6.0291557844810884e-01	   7.2672479662845513e-01	   7.3938085058999148e-01	   8.1800014648623809e-01	   6.3533180305528292e-01	   6.0456886722561309e-01	   7.5380325063233766e-01	   5.3130993594155440e-01	   5.4655470228514769e-01	   5.9044638559551099e-01	   5.0883632985290039e-01	   7.6593466370013474e-01	   7.0539699651716403e-01	   7.5427710273043846e-01	   7.4684942046994007e-01	   7.3808078849840308e-01	   7.6012800256131752e-01	   7.9805054768926098e-01	   7.8524338089344514e-01	   6.6126444062675982e-01	   6.6741504084648706e-01	   7.7614005911767991e-01	   7.3889269990438333e-01	   9.0124243967459872e-01	   8.1321129970973960e-01	   9.1025373152322586e-01	   8.0968570436843867e-01	   5.8434681976000591e-01	   3.3928366604250415e-01	   6.4115692472117880e-01	   5.7236957982933290e-01	   5.0228574028261719e-01	   3.0696277182570536e-01	   6.3512847300986508e-01	   5.8881472492092124e-01	   7.6312408277800126e-01	   7.3562576250522127e-01	   7.8854608423014072e-01	   7.7137823035517461e-01	   6.9809677560318495e-01	   6.2380524969507978e-01	   8.0212495074547863e-01	   7.6881052845959075e-01	   6.9960134725181233e-01	   6.4894249627100620e-01	   5.4414433584278643e-01	   5.1968131391389849e-01	   4.9441771181646305e-02	   3.1104763992941253e-01	   6.1066132396233419e-01	   7.7207808694233937e-01	   7.6884285770497507e-01	   7.9568152342282605e-01	   8.7615598641101577e-01	   8.1726620251679705e-01	   4.7816606041082321e-01	   1.4955992311882799e-01	
   9.2721355621621149e-01	   8.6534293213741353e-01	   6.9018135939914960e-01	   8.3412382812380570e-01	   4.8054021083270970e-01	   6.1741791656207212e-01	   5.3578363900228887e-01	   7.5417290268529824e-01	   3.8088117663209708e-01	   4.4175466866643687e-01	   8.7960481230686149e-01	   0.0000000000000000e+00	   8.4603190030068753e-01	   9.6961551020280878e-01	   7.4331079611367545e-01	   8.6274381743365747e-01	   8.6435933104975227e-01	   8.3981043766493835e-01	   8.2082925493291803e-01	   8.4052427593124024e-01	   8.2498833222748003e-01	   8.4240025211549496e-01	   7.4867638901446720e-01	   8.8110166835450976e-01	   7.1474292618151603e-01	   8.3966653483237763e-01	   7.7316920405613254e-01	   7.9871652329596365e-01	   7.7593314221712140e-01	   7.8050259664689703e-01	   7.2655490160958536e-01	   8.4283684626306787e-01	   8.1381022271570713e-01	   8.3842848104513112e-01	   5.5563288880345241e-01	   5.7079963013742829e-01	   8.3367828115838705e-01	   8.4345342401920564e-01	   7.7267911513698317e-01	   6.5219186526444539e-01	   8.1567002154103230e-01	   7.5312305204559882e-01	   8.5375547564139120e-01	   8.2379519047172733e-01	   7.5527299967848260e-01	   7.7813182551187432e-01	   8.7035964185947101e-01	   8.0534732544734378e-01	   7.8847995276653016e-01	   7.5956715048005252e-01	   8.6840705614575309e-01	   7.9334761853357083e-01	   8.1276064185879582e-01	   4.4523095212486763e-01	   8.7009425541472307e-01	   8.3004138073793876e-01	   8.3434484814126841e-01	   6.8358855237450034e-01	   6.2472128711540131e-01	   6.2889471983035072e-01	   6.6840039858875333e-01	   7.8383149888520598e-01	   8.5163175306966876e-01	   7.5349539605705118e-01	   6.4697249995507633e-01	   8.2709572955545507e-01	   5.9920674219273717e-01	   6.6983794450643330e-01	   6.6949490841935966e-01	   6.2353546419817796e-01	   7.8232206689165784e-01	   8.0084336383272348e-01	   8.1800681395054153e-01	   8.4205366375039215e-01	   7.9225793042852255e-01	   8.4268132306472388e-01	   8.1822860384545537e-01	   8.4955512194130067e-01	   8.1929269841503904e-01	   7.7315916883743641e-01	   8.6099704125834520e-01	   8.6286042860257051e-01	   8.5969841654379264e-01	   8.8856244074668167e-01	   8.6476762237379123e-01	   9.1382124067651471e-01	   5.1800756181332408e-01	   3.2547648913146793e-01	   6.5811485479108556e-01	   6.8281547821757071e-01	   6.3061298613690431e-01	   3.6227226099447785e-01	   7.6039320845911851e-01	   6.2353162232791226e-01	   7.8246768562868207e-01	   7.7003275246210179e-01	   8.2723683427841233e-01	   8.4440315169418312e-01	   7.8805067837878295e-01	   6.4674149196213915e-01	   8.8028209101144839e-01	   7.6757111391875754e-01	   7.8970410227964161e-01	   7.3217789318302395e-01	   5.0422376419305892e-01	   5.6278546954477715e-01	   3.2740723831394966e-02	   2.6478857215757179e-01	   5.6351447786130515e-01	   7.1914515450281102e-01	   8.3522756397983278e-01	   8.5381644384833866e-01	   8.2977873859786022e-01	   7.6251502032506058e-01	   4.0705674191356528e-01	  -4.8044315963161960e-04	
   8.5424300315936164e-01	   6.4986094008422068e-01	   6.3591323373910913e-01	   6.3839518981519761e-01	   3.8820258120812717e-01	   5.5550873267901779e-01	   4.4199691674224179e-01	   5.9849685519581064e-01	   2.8330041770764719e-01	   3.5602409248118766e-01	   9.5379593080279901e-01	   8.4603190030068753e-01	   0.0000000000000000e+00	   8.5342872950329063e-01	   7.2084514560814505e-01	   7.6251568368006395e-01	   7.2058459321535673e-01	   6.4877978252282253e-01	   7.2811947168845925e-01	   6.2050564127153096e-01	   7.7210191273791384e-01	   7.8053503652011247e-01	   7.7578134131948517e-01	   7.5904143651732903e-01	   7.0671981812648954e-01	   6.8206223998948723e-01	   7.6555731663656867e-01	   7.8479803144421245e-01	   7.6384983289504726e-01	   7.5534353731402870e-01	   7.1633874733108960e-01	   7.6499713521776391e-01	   6.5377838543898747e-01	   6.4883998079421568e-01	   4.1711767362575114e-01	   3.5222923260996719e-01	   8.2068234119996830e-01	   7.8484606660064671e-01	   7.4011439145105418e-01	   5.8780483081300772e-01	   6.6543403185780425e-01	   6.3222338868326444e-01	   7.8391944996951390e-01	   8.2441578641851776e-01	   6.8462151681447969e-01	   6.8043605158267939e-01	   7.2896933936205022e-01	   6.0625864428436105e-01	   7.0289719726541611e-01	   5.9978566280720025e-01	   7.9185704526721401e-01	   6.0826135803474524e-01	   6.8038657839205674e-01	   2.3483475648816016e-01	   7.5523692282549026e-01	   6.8729085162939652e-01	   6.5857056468498532e-01	   5.0665952382182977e-01	   6.4164888245332752e-01	   5.5874195556152983e-01	   7.3482398798546433e-01	   7.2542097196323851e-01	   7.0110187177419769e-01	   5.0441022591940654e-01	   5.7001479215371176e-01	   7.0858752187881657e-01	   4.3934702448586888e-01	   4.3697688788866701e-01	   4.5594350559299168e-01	   3.7559985237297000e-01	   7.6496593594626550e-01	   6.8069762022645708e-01	   7.2708387081649906e-01	   7.0016981757129515e-01	   6.8701521354421913e-01	   7.0958806684118025e-01	   7.5479218359017097e-01	   7.1753326480549051e-01	   5.9534019122949922e-01	   6.1259948250915941e-01	   6.7968103557383663e-01	   6.6533450137189698e-01	   8.3846809718615489e-01	   7.5740948597573510e-01	   8.4806626987389166e-01	   7.5800057913338081e-01	   5.9333468744984463e-01	   4.0659538901697145e-01	   6.0993409856617919e-01	   5.0536827322567768e-01	   4.0757928379931468e-01	   2.4261527426925286e-01	   5.6804239169820514e-01	   5.4708417835014467e-01	   7.3581223261685591e-01	   6.9169105758900229e-01	   7.0529311307013109e-01	   6.9145642817088304e-01	   5.7796400606850307e-01	   5.2520567802008478e-01	   7.6068697703961341e-01	   7.3418109127850006e-01	   6.1310108933832275e-01	   5.5937622273668697e-01	   5.6171576236367848e-01	   5.6971379232918751e-01	  -2.6456877982200810e-02	   2.4173294355042751e-01	   6.3833257937046683e-01	   7.7729419358170615e-01	   6.6729052533760036e-01	   7.2518872519951127e-01	   8.5182884856534680e-01	   7.8699943007304007e-01	   5.4835898913420245e-01	   1.8823380791496264e-01	
