   0.0000000000000000e+00	   8.6021376720426945e-01	   4.1542168263918022e-01	   5.7376101742731467e-01	   7.0029456352249519e-01	   6.3695124972315120e-01	   5.8852863890749085e-01	   5.4424888901576085e-01	   6.2316149145437127e-01	   6.3159493509980580e-01	   6.4947295029314711e-01	   6.5782091828805456e-01	   6.4501357007664040e-01	   6.0765074998825330e-01	   8.6445559782924208e-01	   7.6417753486251072e-01	   8.1142841507818786e-01	   8.1457967715439750e-01	   8.6688106909795892e-01	   8.5120749340060198e-01	  -6.8247129047023375e-02	  -7.9729863580425109e-02	   5.2787903505856848e-01	   4.3007055713206832e-01	   3.5028859636279286e-01	   3.3837890729683628e-01	   5.2019714173733256e-01	   5.4817164000625185e-01	   4.0081172306539870e-01	   2.8785021021048951e-01	   4.1156434590851866e-02	   1.3683595901101492e-01	   6.5986137767839037e-01	   5.7637271983807004e-01	   1.0684518196836129e-01	   2.1528465090240836e-01	   5.2527863007120523e-01	   5.7189484782139166e-01	   1.7457964005904092e-01	   4.3397196801491711e-01	   4.6855871968338403e-02	   5.0955800599952561e-01	   5.5361759434544644e-01	   5.7671449359263294e-01	   6.7899460564902148e-01	   7.5485010644284334e-01	   7.1155183774910857e-01	   7.3252012720859638e-01	   7.9558795818552941e-01	   7.0296551605347024e-01	   6.7784309875532589e-01	   5.7658062000311294e-01	   8.0338736431541191e-01	   7.9244490601209128e-01	   6.1956524709374383e-01	   6.3754868945929299e-01	   8.4104861377368123e-01	   7.6408606384836575e-01	   7.5623843380414768e-01	   7.6578396320318332e-01	   6.1871949291328709e-01	   6.7427777850860882e-01	   8.2114922087648279e-01	   7.6012276207032581e-01	   1.6008235499146323e-01	   3.1811456021145129e-01	   7.4337430599591536e-01	   6.7392830487546462e-01	   6.2016256209461584e-01	   6.5240706948278104e-01	   4.6905354746054695e-01	   6.2756159809540013e-01	   5.1870581479744304e-01	   4.6075113745135038e-01	   6.5735730074008281e-01	   6.0085800496047193e-01	   8.0291681545074300e-01	   7.3581128833238241e-01	   3.4460753533309019e-01	   3.8327696048143006e-01	   7.8283624645001182e-01	   7.2234904991952242e-01	   6.9058439456589404e-01	   8.0820043350765236e-01	   5.0783000042061865e-01	   3.8344003571767293e-01	   7.4154835666330232e-01	   6.7297888622562818e-01	   8.0792812325678753e-01	   8.1629690678977429e-01	   8.0141716445677846e-01	   7.4241488801425248e-01	   4.7126929700626219e-01	   5.2585125222963569e-01	   1.4031921632371055e-01	  -1.7455812317545416e-01	   4.8652809145065590e-01	   5.4139370218945138e-01	   8.5223552289535220e-01	   8.3651429986864101e-01	   5.4524144690041632e-01	   6.9190822999185786e-01	   7.5976701711078087e-01	   8.4767916281608213e-01	   6.4193729125465904e-01	   5.5901072802720675e-01	   4.2111793766524525e-01	   5.5904172260917639e-01	  -4.3223699046677611e-02	   4.9455975300232469e-01	   7.3854318522547224e-01	   8.1766655934723509e-01	   6.4315931865654952e-01	   3.8380147942642995e-01	   4.0555689785164017e-01	   3.9707709751216813e-01	
   8.6021376720426945e-01	   0.0000000000000000e+00	   2.6730982085867416e-01	   4.2140309870343401e-01	   5.2179897573022904e-01	   5.1138297440555203e-01	   4.2837315931473907e-01	   3.4835151934088920e-01	   5.1095121628351159e-01	   4.8581465452916806e-01	   6.3997153055148681e-01	   5.9748646953439655e-01	   5.5587401849840767e-01	   5.6649795645321788e-01	   7.8919905952814162e-01	   6.5964670372063128e-01	   8.2632267186264885e-01	   8.2736095537328058e-01	   8.2182792525577320e-01	   8.6237320332206324e-01	  -5.1942699615548121e-02	  -4.7160936017773367e-02	   4.3581298821389242e-01	   3.6993371697055044e-01	   3.0281228529204202e-01	   2.6813398658256082e-01	   4.3438519863800351e-01	   4.5907894359548074e-01	   4.8819651011731813e-01	   3.4663294468078920e-01	   8.1696345434900258e-02	   1.3518460379660480e-01	   6.2961489329587228e-01	   5.5054913805296202e-01	   1.4793364558448374e-01	   2.2547497113948142e-01	   5.2850953148284652e-01	   6.5298318019018753e-01	   2.9227560311448586e-01	   5.0765642443942538e-01	   2.3362073676626194e-01	   5.7259678509152034e-01	   5.0370523233392139e-01	   5.3156175369128056e-01	   6.6976967303618817e-01	   6.8462729815067958e-01	   6.7529649875705422e-01	   7.0497848965499799e-01	   6.5735595442517902e-01	   5.4256920469340641e-01	   4.9128571794454845e-01	   4.4435509570749554e-01	   6.4803463651919002e-01	   7.0223996277623968e-01	   5.9051157023417122e-01	   6.3257542341456841e-01	   7.3349606050226235e-01	   8.8315186045407479e-01	   5.3786654786357535e-01	   6.6966443725603209e-01	   4.0627855858047723e-01	   5.8587830743392344e-01	   8.1966805789449015e-01	   7.3494982296292277e-01	   7.3822339708507420e-03	   1.7788062191460846e-01	   6.1453959077352915e-01	   5.6235316947124026e-01	   5.8128501190643278e-01	   5.9063577064923511e-01	   2.7808223020409062e-01	   4.4869382957548337e-01	   5.1177248225421657e-01	   4.6364269289866644e-01	   5.6887861451052624e-01	   5.4608410039314492e-01	   7.0743149018878992e-01	   7.1394994858902927e-01	   4.8934510376847490e-01	   5.1499776219819882e-01	   8.4700783954741987e-01	   7.5799912925678092e-01	   7.0972046979214887e-01	   7.8285850058116346e-01	   4.3182427256024092e-01	   2.6683119751694678e-01	   6.8917046105574253e-01	   5.8461803667500978e-01	   6.4032292441753358e-01	   7.1089813488732456e-01	   7.3570297163397214e-01	   6.4091310441889682e-01	   5.4686245840425329e-01	   4.4943033266438226e-01	   2.5032894008659240e-01	  -7.8486114429529505e-03	   5.5312878224461837e-01	   5.9674637728367497e-01	   8.6322513180380378e-01	   7.7442486914085595e-01	   6.1749773806753239e-01	   6.0124899468725923e-01	   7.6969513657454458e-01	   7.5710858812914750e-01	   6.3022585086310345e-01	   5.2036424127479763e-01	   4.2094426330398482e-01	   4.0957278833342270e-01	   1.0018938180496054e-01	   5.5922314485458191e-01	   7.0173571370620358e-01	   8.1914546434288282e-01	   7.1599819368750495e-01	   4.8581162911839360e-01	   4.8739216356384030e-01	   4.4123600858059953e-01	
   4.1542168263918022e-01	   2.6730982085867416e-01	   0.0000000000000000e+00	   7.0813454855564317e-01	   7.6717092692309508e-01	   6.9966657698771018e-01	   8.4321752685777618e-01	   7.7240498233133370e-01	   6.1970380610549924e-01	   6.8185412718718985e-01	   3.4524478239468037e-01	   5.9105506454633150e-01	   4.8939061896085750e-01	   4.8331910828679570e-01	   4.1954166541580723e-01	   4.0552236238742168e-01	   3.6809072070695054e-01	   3.7027526633955460e-01	   4.3410394186791029e-01	   3.6652746558160798e-01	   3.6064899380524101e-01	   3.4483500363200575e-01	   5.7092008020055918e-01	   5.3540368037232655e-01	   7.5832095474611250e-01	   7.7523059254551741e-01	   7.2412584495600796e-01	   7.0900103233955114e-01	   4.5706102398384729e-01	   5.0177041717898063e-01	   6.1503200895072707e-01	   6.8929700896969193e-01	   7.2820991230579923e-01	   7.5498828815043473e-01	   6.5505380995077322e-01	   5.8756607072030498e-01	   3.7034664245511217e-01	   3.9564578737356193e-01	   1.8427132334565322e-01	   3.6903437128929467e-01	  -3.4765877711010765e-02	   4.1455706769708844e-01	   6.3117048751509108e-01	   5.7858477866266000e-01	   5.9258242544396966e-01	   5.6971612744421185e-01	   5.6149751632820211e-01	   5.3229049791556171e-01	   5.1158909787586271e-01	   5.0087371373254863e-01	   7.7005708027382314e-01	   7.2277139237321242e-01	   4.4180697224281346e-01	   4.2235222646348702e-01	   4.8998059760622492e-01	   5.1533207295314032e-01	   3.8621275502000108e-01	   1.2353782626328778e-01	   3.7437449024494251e-01	   2.4012527755434815e-01	   5.3667899787061024e-01	   4.1631696055207540e-01	   3.6430212394404748e-01	   3.6638128721011332e-01	   7.5567926677625230e-01	   6.1116390072461102e-01	   5.6855874477082469e-01	   5.3535931312152063e-01	   1.0967689188250823e-03	   1.2868398093920267e-02	   7.5796793529435846e-01	   7.0419356236542763e-01	   5.9167424015629444e-01	   5.8808263612184319e-01	   5.8797706240164038e-01	   5.6540464987031513e-01	   5.8815420616753600e-01	   5.5577050539886130e-01	   1.6818086468252885e-01	   2.3678306215796585e-01	   3.8859911975806460e-01	   5.0278610548301739e-01	   1.2459100103628690e-01	   3.6372905127340804e-01	   6.0678850019177011e-01	   6.4104501418662430e-01	   2.3124540320617798e-01	   4.3513272137590608e-01	   6.0934453767012409e-01	   5.9082214785281351e-01	   2.5944256415805350e-01	   2.0442027676805244e-01	   1.2259254856375584e-01	   2.0643398713500230e-01	   6.4825605731039862e-02	  -9.7628070115242833e-03	   4.1838872031917346e-01	   4.4744656760474383e-01	   4.0466947720002955e-01	   4.6432462095902538e-01	   1.6127436012693935e-01	   2.9876234041844002e-01	   2.9780671862844005e-01	   3.3972719158354020e-01	   3.5514922784671843e-01	   4.0010655448058891e-01	   7.6367769711117917e-02	   3.4179501653419686e-01	   1.9070919794125757e-01	   3.1288105586481940e-01	   4.6041060988781796e-01	   4.0890941854463009e-01	   3.7350181495168810e-01	   2.8472060336593213e-01	   2.2786553304952217e-01	   1.0026443626019016e-01	
   5.7376101742731467e-01	   4.2140309870343401e-01	   7.0813454855564317e-01	   0.0000000000000000e+00	   7.9379673385283667e-01	   8.0566980450301817e-01	   6.9203052661673570e-01	   9.0086844370695651e-01	   6.2302237080605627e-01	   7.4971961828657729e-01	   4.8388034235767796e-01	   7.0675391680568789e-01	   5.0299393198672415e-01	   5.8216481048115054e-01	   5.1677290031687872e-01	   6.8754307354604438e-01	   3.2476190484003647e-01	   3.2161092359385318e-01	   4.5368600301337092e-01	   5.2467326625746902e-01	   1.5089045023880618e-01	   2.1641494215284240e-01	   5.6062707543912471e-01	   7.7174568729081416e-01	   4.3108650973665169e-01	   6.0522469176491711e-01	   6.5267774972264769e-01	   7.5215460680631441e-01	   1.4151442066516018e-01	   2.2971441431668821e-01	   2.2329486507796648e-01	   4.7647735167767646e-01	   5.8608514327354766e-01	   6.9127353936575597e-01	   4.8477422469280285e-01	   5.8409108464588722e-01	   3.0105954286663505e-01	   3.5371582659450840e-01	   1.0848758992458292e-01	   3.2268885555002202e-01	  -1.0726868834895822e-01	   3.5540011943597538e-01	   5.9438244549108266e-01	   6.1542322246099368e-01	   6.6322688140465114e-01	   6.6903190450851657e-01	   5.3745225862965551e-01	   5.7543113595524442e-01	   5.6613469939040073e-01	   6.5501517288576405e-01	   6.9028559490197672e-01	   8.2915384926482105e-01	   4.9421107416076665e-01	   4.5263030686043465e-01	   4.9973522580322166e-01	   5.4499166429534851e-01	   4.3781302692262569e-01	   2.2077702174139835e-01	   3.7574326013632842e-01	   4.5137756925574990e-01	   3.6619764236191166e-01	   6.2997167609034221e-01	   2.9227833278877347e-01	   4.8175759690193209e-01	   6.2041905174537348e-01	   7.2687316392198131e-01	   6.4141316398058557e-01	   7.2751423185951836e-01	   3.6117655916460956e-01	   3.6155327714837182e-01	   5.0076517737067139e-01	   6.8694743658023827e-01	   3.8618161544295598e-01	   4.1220027289049288e-01	   4.5903223942790722e-01	   4.8682777613750711e-01	   5.3226651957848459e-01	   5.9290193722388940e-01	   2.8467520129098289e-01	   1.7956046162771841e-01	   3.7971964687085508e-01	   4.0723578578231995e-01	   2.3741343677137003e-01	   5.0663463743510295e-01	   6.2411557222557734e-01	   6.9054805637860106e-01	   3.6637494419500322e-01	   6.0685376376118416e-01	   6.9197318635119309e-01	   7.9165949628994281e-01	   4.5122290100611473e-01	   3.8855142235924117e-01	   4.5868481381031423e-01	   3.4337350360304786e-01	   1.7263777441240635e-01	   1.2491103967804820e-01	   4.7309885291604381e-01	   5.7328957636193256e-01	   5.0422146220197750e-01	   5.4135488000549081e-01	   3.3417127905426397e-01	   3.0823513069736969e-01	   5.0863553710522957e-01	   4.2842483057981756e-01	   5.8302431354795980e-01	   3.6446901253373765e-01	   1.6972259583492677e-01	   2.8760096963299675e-01	   1.8993059452028388e-01	   3.7651072276198499e-01	   5.5410238814028023e-01	   4.6816282342300403e-01	   4.3018219414666958e-01	   3.0626025832479570e-01	   4.7142641384738304e-01	   3.8167007552682103e-01	
   7.0029456352249519e-01	   5.2179897573022904e-01	   7.6717092692309508e-01	   7.9379673385283667e-01	   0.0000000000000000e+00	   8.8368557542098425e-01	   8.6985895213065345e-01	   8.6466866690059252e-01	   8.8360870703119032e-01	   9.0432647198845406e-01	   4.3917297052285231e-01	   7.1111174153630019e-01	   6.0632930321070466e-01	   5.5305898565245837e-01	   6.5099062911673800e-01	   6.0363332294526351e-01	   5.1870033227984114e-01	   5.3581803174397868e-01	   6.4056177932914637e-01	   6.2791955519382836e-01	   1.4550922283408635e-01	   1.5344479918233844e-01	   5.2704890249181680e-01	   5.7534164457255099e-01	   4.6808641905023213e-01	   5.7795679977657266e-01	   7.2406515086611445e-01	   7.6092411575201446e-01	   3.4748038389902380e-01	   3.6046054654324133e-01	   2.6970264985079340e-01	   4.2040315128912820e-01	   6.8164226570071074e-01	   7.1706378262280879e-01	   3.7441126367931937e-01	   4.6336877307250401e-01	   3.5934597897460907e-01	   4.3391024919345439e-01	   1.8312051058881262e-01	   2.9997954345575556e-01	  -7.2724957906872723e-02	   4.1710890889538615e-01	   6.4823701957760727e-01	   6.7465084911416762e-01	   7.5336307145353087e-01	   7.8457763953817428e-01	   6.5726689563747176e-01	   6.7724187352276122e-01	   7.5112073002840263e-01	   7.3782021932421959e-01	   8.0479437400275722e-01	   7.6760853930516382e-01	   6.3458450112756415e-01	   5.8553790233919623e-01	   5.6126598989652976e-01	   6.1015248877351635e-01	   5.5243872219546653e-01	   3.7882346201193567e-01	   6.4750340148247210e-01	   5.2786667801865139e-01	   6.6003616296887380e-01	   6.9656308083126928e-01	   5.0765915481509771e-01	   5.7466194534331638e-01	   5.9253471049200079e-01	   6.8649533206433699e-01	   7.4987995126754647e-01	   7.3567536814317114e-01	   3.7269688671724216e-01	   4.4746923938746391e-01	   6.2027363286474912e-01	   7.3102921211380179e-01	   5.5017471101612547e-01	   5.3873777074520945e-01	   6.2197336621143784e-01	   6.3027671131077945e-01	   6.6561076683533560e-01	   6.5300693223298112e-01	   3.0411365174836058e-01	   2.9584944122193102e-01	   5.3664994105807207e-01	   5.9554421103714694e-01	   3.4180536394901517e-01	   5.4133192746288028e-01	   5.3225864178741322e-01	   6.2378299501486456e-01	   3.9177383027277624e-01	   5.0574336755676474e-01	   7.9167665567097667e-01	   7.8887426348411016e-01	   5.4141872942875480e-01	   4.7813622103387055e-01	   3.3821750180118615e-01	   3.1717751825528451e-01	   9.1059767807859487e-02	  -3.4672227832252957e-03	   4.4857948151758520e-01	   5.6675094695674744e-01	   5.9190467399077651e-01	   6.6480489481837435e-01	   4.3298916136764443e-01	   4.7243027080434025e-01	   6.0737563473530021e-01	   5.7079117708587113e-01	   5.3515134101194017e-01	   3.6418593409745614e-01	   3.9112190879259057e-01	   4.0751322092607889e-01	   2.7394530375388759e-01	   4.5081954132528845e-01	   6.1767776413225706e-01	   5.7303324722460647e-01	   4.7975229015480597e-01	   2.9347852033336258e-01	   3.0766494640659126e-01	   1.6317690235394369e-01	
   6.3695124972315120e-01	   5.1138297440555203e-01	   6.9966657698771018e-01	   8.0566980450301817e-01	   8.8368557542098425e-01	   0.0000000000000000e+00	   6.5086382013268007e-01	   7.7669335444244925e-01	   7.1384620985337777e-01	   8.5078842125308785e-01	   4.9361497931315379e-01	   6.6402458689125621e-01	   6.3264223618121407e-01	   6.7281347271697345e-01	   5.4852921394270970e-01	   5.8680780397550292e-01	   5.3575710760050110e-01	   5.5673105075209994e-01	   6.0400900463468110e-01	   5.7073680716494868e-01	   2.5756676637160791e-01	   2.7458671849778171e-01	   5.4678083457111504e-01	   5.7594616942553756e-01	   5.3116983970083487e-01	   6.8970063084896960e-01	   8.0525258161237667e-01	   8.6930145633453093e-01	   2.9758781647878252e-01	   3.6736688878485646e-01	   3.3334186398096977e-01	   5.0245786654455071e-01	   5.9513940240741947e-01	   6.4695414343506896e-01	   4.7372043072099590e-01	   5.8427762961000174e-01	   3.2767874743439157e-01	   3.9210771727590776e-01	   1.9585120300122380e-01	   3.0316297344598764e-01	  -1.0831205170617836e-01	   3.8882825984717712e-01	   6.5014891133505359e-01	   6.8930746812679211e-01	   7.4935536244229395e-01	   7.7428717490877452e-01	   6.5525007378735700e-01	   6.7528272640246778e-01	   6.8548366921332704e-01	   7.1614623185964144e-01	   7.5177050800088308e-01	   7.7167467061211303e-01	   5.3078876855525636e-01	   4.8539881493592518e-01	   5.1399494241131272e-01	   5.7779545684198930e-01	   4.7476073626719306e-01	   3.1161478123603326e-01	   5.4607817133131586e-01	   5.4407225441724905e-01	   5.3822509911773331e-01	   6.8507866818364893e-01	   4.7879613581098673e-01	   5.1920288616659904e-01	   4.8545353169884098e-01	   5.9053179468378425e-01	   7.0461224260719568e-01	   7.6560478226321893e-01	   3.0126223685824954e-01	   4.0075798725502465e-01	   5.6855780209932927e-01	   7.2035270847727428e-01	   4.9426537772248758e-01	   5.2652934488353709e-01	   5.6724863435380524e-01	   6.1233521989736284e-01	   6.5187220276466618e-01	   6.9494626269196735e-01	   3.8876220337879835e-01	   3.6166583976325800e-01	   5.4450961083186744e-01	   6.1579004448404451e-01	   3.1586502248439619e-01	   5.1016275967137914e-01	   5.4044731512602506e-01	   5.5300216747604158e-01	   4.0619493134496176e-01	   4.9191717992020578e-01	   7.5967357605445363e-01	   7.3607481231557159e-01	   5.4280934408474169e-01	   4.8488028587734860e-01	   4.1667905591030741e-01	   2.8596203896602668e-01	   8.8233087691590759e-02	  -1.1923132239016546e-01	   4.6223078175561139e-01	   5.5932676602896270e-01	   5.7588098187703551e-01	   6.4805690052001963e-01	   4.4005086326876719e-01	   4.1472154029895802e-01	   5.9872654967775796e-01	   5.3051741233184668e-01	   5.8602520971530891e-01	   3.4313703782267108e-01	   2.2982096915657280e-01	   3.0186993463114398e-01	   2.2210882463448345e-01	   4.7484625574322031e-01	   6.8896137423983883e-01	   6.0281827344177219e-01	   5.2101494514714797e-01	   2.8801871202829676e-01	   3.1899308385386971e-01	   1.8396237447455499e-01	
   5.8852863890749085e-01	   4.2837315931473907e-01	   8.4321752685777618e-01	   6.9203052661673570e-01	   8.6985895213065345e-01	   6.5086382013268007e-01	   0.0000000000000000e+00	   8.4125112096988075e-01	   8.1782986689653825e-01	   8.0644667722096242e-01	   3.6517156197055556e-01	   6.8153220461028108e-01	   5.6913517165137351e-01	   4.7933474468775905e-01	   6.5210636029808355e-01	   5.7461904061863545e-01	   4.2745906743205014e-01	   4.3926482040543868e-01	   5.4380374168483625e-01	   5.3830485869666700e-01	   1.1986383595443573e-01	   1.0676694276681185e-01	   4.9738339035900248e-01	   5.1039197929318814e-01	   4.8785457570328239e-01	   5.1576995518182911e-01	   5.4450846306879874e-01	   5.3117664990881686e-01	   4.8130183331561188e-01	   4.4664274747333482e-01	   3.6235169513473509e-01	   4.1909323905545232e-01	   7.1147304904530073e-01	   7.2525202979986902e-01	   3.7624285647981215e-01	   3.7412427320327002e-01	   3.4827667532702250e-01	   4.1114613404152356e-01	   1.3570533623270076e-01	   2.9100295194598286e-01	   2.6732889582051092e-03	   4.1376325603080710e-01	   5.5554605287966596e-01	   5.3024775778426037e-01	   5.8810357033259797e-01	   6.0755970950079652e-01	   5.3228261809567212e-01	   5.1446348901947769e-01	   6.1950559046543208e-01	   6.0572810717971892e-01	   7.7266660774566132e-01	   6.7109937917830598e-01	   5.8123099413186086e-01	   5.3322629854211923e-01	   5.1082099460207708e-01	   5.1849374508164914e-01	   4.8376544352095618e-01	   3.2700392995642236e-01	   5.7619280546015339e-01	   4.0713775320279244e-01	   6.7854839047131377e-01	   5.9432855883512103e-01	   4.7984126285202833e-01	   5.4726882831309831e-01	   6.4789397344838573e-01	   6.5997633580479664e-01	   6.8516993656165637e-01	   6.0475428703215994e-01	   2.5752901011235485e-01	   2.9297402347088941e-01	   6.4437591652673754e-01	   6.2218464408894691e-01	   5.8804850076957971e-01	   5.5159810973504109e-01	   6.1862575008276521e-01	   5.6333152498856498e-01	   5.8712744256435867e-01	   5.2095313914589902e-01	   2.4558449553305034e-01	   2.6156720047730708e-01	   4.7352798127526929e-01	   5.2031605523308000e-01	   3.1672951196742161e-01	   4.8962840040806344e-01	   5.1320815746052539e-01	   5.8780976096203941e-01	   3.1962853894331239e-01	   4.6187208304259553e-01	   7.0809813622239381e-01	   7.1314602877944422e-01	   4.1701601324860021e-01	   3.4710056090854557e-01	   2.2575178616984737e-01	   3.1120169688171556e-01	   1.3013095500609320e-01	   9.8996482566318239e-02	   3.9376127612983741e-01	   4.3906398891870746e-01	   4.9552740452081878e-01	   5.2445520388590472e-01	   3.1437770214793265e-01	   4.5419427324945610e-01	   4.6055480227304002e-01	   5.1418827098433784e-01	   3.9005845849515075e-01	   3.8510915320900890e-01	   2.7461819294267586e-01	   4.5254579053016419e-01	   2.8319432816361217e-01	   4.1361468178038224e-01	   4.3232811636417795e-01	   4.5377228695447280e-01	   4.0917437051662647e-01	   2.8413532917595435e-01	   2.8022442297435035e-01	   1.5176623736126038e-01	
   5.4424888901576085e-01	   3.4835151934088920e-01	   7.7240498233133370e-01	   9.0086844370695651e-01	   8.6466866690059252e-01	   7.7669335444244925e-01	   8.4125112096988075e-01	   0.0000000000000000e+00	   7.3828385630767435e-01	   8.6683533660547174e-01	   4.1972540404678504e-01	   7.2207243243593133e-01	   5.6720430048509096e-01	   5.4934754705908984e-01	   5.4393618345654304e-01	   6.8783751532128035e-01	   2.8700568538958293e-01	   3.1991988024860046e-01	   4.3706766888016502e-01	   4.8341044408086642e-01	   1.4207625812879812e-01	   1.5314369134702716e-01	   5.6855054448359410e-01	   7.3098030536086078e-01	   4.4916788455373763e-01	   6.2842118018014637e-01	   6.2014251898796657e-01	   6.6097870238095424e-01	   2.5244441986284227e-01	   3.2232409984682286e-01	   2.7754319762084129e-01	   4.7008752545966126e-01	   5.9561708088059884e-01	   7.1427763167697100e-01	   4.5744634522113176e-01	   5.3455915230700990e-01	   3.1658488588980649e-01	   3.6043772269195162e-01	   1.4080432999448353e-01	   2.3970553298688316e-01	  -9.8963672835422067e-02	   3.0613811708685867e-01	   6.2697147558118382e-01	   6.1452267587970510e-01	   6.9238315072777046e-01	   7.0397234043047507e-01	   5.5150904020262070e-01	   5.6271898803617315e-01	   6.3349143197120572e-01	   6.8071813224536948e-01	   7.5966355709638034e-01	   7.9793680464111549e-01	   5.3614513574230405e-01	   4.7846593659865960e-01	   5.1516177569078170e-01	   5.4269010606602186e-01	   3.9695219652185965e-01	   1.5178059838315361e-01	   4.1910752033266574e-01	   4.2306867934901887e-01	   4.7930414152401923e-01	   6.7722514740810213e-01	   2.6595662721156332e-01	   4.8736185423640882e-01	   6.7668567206431152e-01	   7.8053756999216728e-01	   6.6251067054401902e-01	   7.3069166464614344e-01	   2.9768366726481171e-01	   3.3941379641962971e-01	   5.8751148782274509e-01	   6.8263454862433504e-01	   4.2545299158218070e-01	   4.5615313902868415e-01	   4.8363953625985501e-01	   4.9483150827261818e-01	   5.3766247484548035e-01	   5.7531913587393757e-01	   2.4850802713054748e-01	   1.6533760397299369e-01	   3.9912876464520841e-01	   4.3454829332431505e-01	   2.7630359994953907e-01	   4.7653840015563587e-01	   6.3757731050526512e-01	   6.8498095642182377e-01	   3.2197761354783055e-01	   5.2947431624600050e-01	   7.0645083675466480e-01	   7.8809923115510816e-01	   4.7985698675595562e-01	   3.9524782944031828e-01	   4.5722503044145424e-01	   3.7661021489941793e-01	   1.9361886414517737e-01	   1.2678020537559948e-01	   5.0200875190186833e-01	   5.5211443964358287e-01	   5.0469877907266225e-01	   5.6778653833821069e-01	   3.0908374880165013e-01	   3.7120716456821135e-01	   4.7869625772787866e-01	   4.4952583941604596e-01	   5.1186857035398847e-01	   3.6826758081220945e-01	   2.4549905139212802e-01	   3.9973679132907025e-01	   2.9168102632704795e-01	   3.9330335411164902e-01	   5.4279078605744879e-01	   4.7613022931266702e-01	   4.8336547084764314e-01	   3.6381651503985729e-01	   3.6738113671367512e-01	   2.5121750913359403e-01	
   6.2316149145437127e-01	   5.1095121628351159e-01	   6.1970380610549924e-01	   6.2302237080605627e-01	   8.8360870703119032e-01	   7.1384620985337777e-01	   8.1782986689653825e-01	   7.3828385630767435e-01	   0.0000000000000000e+00	   8.8718507245642142e-01	   3.7121153720145422e-01	   6.9752245298956772e-01	   5.6967521445612346e-01	   4.6805284485396498e-01	   6.2349099042546108e-01	   5.1053299923496986e-01	   4.6708463833889802e-01	   5.0097815815380686e-01	   5.6632494397259570e-01	   5.3357933769056287e-01	   7.7297888520238514e-02	   5.5946948021336783e-02	   3.2309060444879756e-01	   4.0328641074594468e-01	   2.7163964395681361e-01	   3.7480712566391461e-01	   4.6659128499383973e-01	   5.1470228528446005e-01	   3.8266865267293215e-01	   3.5833701096899073e-01	   1.5786575905446820e-01	   2.9852681923558105e-01	   5.5181398626507749e-01	   5.8330636618918441e-01	   1.4447537747283740e-01	   2.6884794543658647e-01	   3.1973843376405164e-01	   3.9797127866767595e-01	   1.2107935835758644e-01	   2.1334156819240946e-01	  -4.9246242468976201e-02	   3.6435765115296392e-01	   5.9812961855322033e-01	   6.1845761901647789e-01	   6.5521282921010038e-01	   6.9966084505647452e-01	   6.0104589501343764e-01	   6.1384098808267884e-01	   7.1764513191467794e-01	   6.3296538856033957e-01	   6.8294175214062214e-01	   6.0321411287055759e-01	   5.9333523436851765e-01	   5.6591719199740209e-01	   4.5962830907212932e-01	   5.2730119748605253e-01	   5.2732218188618851e-01	   3.8884805157161506e-01	   6.3187897488197087e-01	   4.6568625226074656e-01	   6.5385678253273938e-01	   6.8635407027250961e-01	   4.6795852607644972e-01	   5.3739170688436699e-01	   5.2044267245699083e-01	   6.5040348710228613e-01	   5.8074483499822249e-01	   5.4818078117860891e-01	   2.9796559870117528e-01	   3.5780436351194822e-01	   5.7838112979917600e-01	   5.9992646619310652e-01	   5.4895250289899400e-01	   5.2050236333171129e-01	   5.9158419647221794e-01	   5.6994105407903017e-01	   5.8610080982451040e-01	   5.6074589781173501e-01	   2.4568352421537365e-01	   2.5112576091191974e-01	   4.4245300299867762e-01	   5.1975296067971655e-01	   2.5533130142053789e-01	   4.3870968883406058e-01	   3.8436625562785470e-01	   4.9409526145324489e-01	   2.3169657142972022e-01	   3.8127028063594692e-01	   6.2155465547430744e-01	   6.3509792857353886e-01	   4.4751439634825235e-01	   3.9177309568055979e-01	   2.9632101692729929e-01	   3.1736141959129738e-01	   1.1948446443516458e-01	  -4.7502440247609440e-02	   3.4307281787568356e-01	   4.4074062792234142e-01	   5.3615614251620669e-01	   6.2161499846239288e-01	   4.6524166980410575e-01	   5.9893592653222227e-01	   5.8896360450589003e-01	   5.9772659513772197e-01	   4.5063937414276417e-01	   4.0828388759503215e-01	   4.0303717922906573e-01	   4.2777210629678369e-01	   2.2575151191589141e-01	   3.6452708115400734e-01	   4.7212171668196840e-01	   5.1207507703826460e-01	   4.4347687754851595e-01	   2.9380472583154132e-01	   2.3573092424704234e-01	   1.9219071649473490e-01	
   6.3159493509980580e-01	   4.8581465452916806e-01	   6.8185412718718985e-01	   7.4971961828657729e-01	   9.0432647198845406e-01	   8.5078842125308785e-01	   8.0644667722096242e-01	   8.6683533660547174e-01	   8.8718507245642142e-01	   0.0000000000000000e+00	   4.1050706825279420e-01	   7.1805629602463172e-01	   6.2894827661202091e-01	   5.8770886437655534e-01	   6.0286504566641108e-01	   6.4009449460063239e-01	   4.3041249039630136e-01	   5.2399586912393348e-01	   5.7847990173121633e-01	   5.6972414996611642e-01	   1.0691464185131916e-01	   9.6635119041387718e-02	   4.8279304959429459e-01	   5.5259219570062290e-01	   3.6564996977204489e-01	   5.2158826398815794e-01	   6.4350698301518072e-01	   6.4513345795472765e-01	   3.6398366037086038e-01	   3.9256670991231479e-01	   2.3180332395823433e-01	   3.8324608889165657e-01	   5.8502705921234799e-01	   6.5397235552393773e-01	   2.1688703319842106e-01	   3.2977503409080311e-01	   3.3309819229206616e-01	   4.2934819344018504e-01	   1.5970890350329242e-01	   2.3175377535548514e-01	  -1.0958498077715631e-01	   3.4629099752280579e-01	   6.4643406499544809e-01	   6.6974197910294986e-01	   7.0111555196956876e-01	   7.6198648214290521e-01	   6.3554906491866214e-01	   6.4490390901020933e-01	   7.5901640303583628e-01	   7.1159997321668333e-01	   7.5559668856465201e-01	   6.8660896990212006e-01	   6.0695683064780381e-01	   5.7005709226255064e-01	   5.1705236041445390e-01	   5.8720230580151567e-01	   4.8814463890047866e-01	   3.3258674430576768e-01	   6.0487935256959746e-01	   5.5294032133785387e-01	   6.2527794117446733e-01	   7.4998742588524892e-01	   4.3679992023435360e-01	   5.8788651336514475e-01	   5.0495910123346333e-01	   6.3055833063861200e-01	   6.6329724226859699e-01	   6.7922910996642083e-01	   3.3203252227615032e-01	   4.3053454409267594e-01	   5.9124607919910543e-01	   6.5847105820905627e-01	   4.8062646608036375e-01	   5.2561397283937894e-01	   5.5086622605213775e-01	   5.7554966566741661e-01	   5.9693537398307805e-01	   6.3116211003138178e-01	   2.4525756211770972e-01	   2.4319435336959860e-01	   4.8866397039439502e-01	   5.4842728988908096e-01	   3.3449312210543980e-01	   4.9546053296197823e-01	   4.8786871436595802e-01	   5.0473490271642296e-01	   3.2117381663323408e-01	   4.3119878168238851e-01	   7.2067206112806981e-01	   7.3089677881584592e-01	   5.6616875963335078e-01	   4.8243116627912808e-01	   4.3772509515290503e-01	   3.4383847720713601e-01	   9.7925081524944377e-02	  -1.2298166877750216e-01	   4.1896674654205096e-01	   5.0531200770932072e-01	   5.9076080991341051e-01	   6.6981104185664964e-01	   4.8666714116793597e-01	   5.3463819778830168e-01	   6.3872557834472810e-01	   6.2065303979655195e-01	   5.5668856119911136e-01	   4.1751561281353644e-01	   3.3826211375587545e-01	   4.6833459473185435e-01	   2.6132141999162373e-01	   4.4733899391328213e-01	   5.7187155353318775e-01	   5.6948597280962154e-01	   5.3428650618537477e-01	   3.3561870110089342e-01	   2.7878546302212365e-01	   1.8619947003910592e-01	
   6.4947295029314711e-01	   6.3997153055148681e-01	   3.4524478239468037e-01	   4.8388034235767796e-01	   4.3917297052285231e-01	   4.9361497931315379e-01	   3.6517156197055556e-01	   4.1972540404678504e-01	   3.7121153720145422e-01	   4.1050706825279420e-01	   0.0000000000000000e+00	   7.0495094545739789e-01	   6.6928620001739492e-01	   6.3646709756372088e-01	   7.1930247928228963e-01	   6.9425816209723057e-01	   5.3536865952719859e-01	   4.4794169649601390e-01	   6.9771984708841495e-01	   6.6096514076865720e-01	   2.0688646545973133e-02	  -1.1540492549971432e-02	   6.9472527930191241e-01	   5.9110370203071183e-01	   3.9458564931677875e-01	   3.9955157609432235e-01	   3.7634803945129180e-01	   4.4260379322724935e-01	   2.9116311810580120e-01	   2.2331901535163981e-01	   1.6221347995289254e-01	   2.4456142456853683e-01	   4.5339998956646210e-01	   4.3221389787016840e-01	   3.0930083320176438e-01	   3.9392669022432164e-01	   5.3575829755783966e-01	   5.0864549840681095e-01	   2.8866848563009584e-01	   4.1984289214025439e-01	   6.7079316981163206e-02	   4.1509844424570430e-01	   4.6057985278697738e-01	   4.3723315597186402e-01	   5.2452987351505587e-01	   4.8098979440775935e-01	   5.3655091728971271e-01	   5.3351652649870340e-01	   5.0765907889625728e-01	   3.3781993222969436e-01	   4.2031461260935871e-01	   5.3229016900319226e-01	   4.4866887611559991e-01	   4.3210744116281818e-01	   4.7058806142936294e-01	   4.5619406823049369e-01	   4.2269178275787778e-01	   3.9246776159055274e-01	   2.3704608367849608e-01	   3.2860508599548721e-01	   2.0380002570064876e-01	   3.9692385409262720e-01	   4.0878420448346409e-01	   2.8788975092651070e-01	   2.7388704297056804e-01	   3.6867094320880156e-01	   3.5234147599257393e-01	   3.6363925624905635e-01	   5.3593164341004373e-01	   4.7145910665116075e-01	   4.9389939822554363e-01	   5.1589423574352455e-01	   4.5607718579110135e-01	   3.8120685123349296e-01	   5.7825564482564795e-01	   5.2166833224025710e-01	   6.7448225481362301e-01	   5.9894251987875546e-01	   3.6293390922811114e-01	   4.3620942810495511e-01	   5.5411398773955356e-01	   5.5184836993064845e-01	   6.4014745160702125e-01	   6.4078156106263451e-01	   8.0289714448086480e-01	   4.5143227193792679e-01	   7.2637041534423430e-01	   7.0099058250536617e-01	   5.8772688065302536e-01	   6.2048502162044650e-01	   5.3814070783665124e-01	   5.0994930949973383e-01	   5.1156229052824109e-01	   5.6577556061352197e-01	   3.9641454217101213e-01	   2.4910258758187705e-02	   5.5459237770995573e-01	   4.9205850721713329e-01	   6.3092345328747701e-01	   6.1605922858769935e-01	   2.6517766344434796e-01	   4.1820358858660078e-01	   3.5767532317740081e-01	   4.6991533584360368e-01	   5.2891194285972598e-01	   5.3527620814500088e-01	   2.2418549275889199e-01	   4.4583694272848390e-01	   4.2823822196983850e-02	   4.8072938526288822e-01	   6.2340143679065019e-01	   6.4715238717514745e-01	   6.4322141188069371e-01	   5.6539162776593488e-01	   5.3363095765560864e-01	   4.4451842770337258e-01	
   6.5782091828805456e-01	   5.9748646953439655e-01	   5.9105506454633150e-01	   7.0675391680568789e-01	   7.1111174153630019e-01	   6.6402458689125621e-01	   6.8153220461028108e-01	   7.2207243243593133e-01	   6.9752245298956772e-01	   7.1805629602463172e-01	   7.0495094545739789e-01	   0.0000000000000000e+00	   7.0975776569469562e-01	   7.5686405282512770e-01	   7.6333789563156984e-01	   7.5710876953263706e-01	   5.5423267253045672e-01	   5.4130457668490073e-01	   5.8478337391718460e-01	   6.0499678018627634e-01	   2.3371126107754572e-01	   2.6109368184782134e-01	   4.2168125510714249e-01	   6.2009597436696884e-01	   3.9947312320445205e-01	   5.3271826472876438e-01	   4.6561879856413768e-01	   5.4229635614805183e-01	   5.1326445521700326e-01	   5.1707093140428151e-01	   2.7241852795704080e-01	   4.4476193186645846e-01	   6.7569602186897171e-01	   7.4378096434601759e-01	   2.9861764239275584e-01	   4.0392220870180962e-01	   6.2572011353250523e-01	   6.3630847911015076e-01	   4.3475042337643066e-01	   5.2552508529122677e-01	   2.7556542359654279e-01	   6.1300428377206229e-01	   6.8222385477517111e-01	   6.5403904093278242e-01	   6.8591516243149964e-01	   6.7021773303581322e-01	   6.7204579501174688e-01	   6.5447365786448419e-01	   6.6063440876584023e-01	   6.0500455129312225e-01	   6.8422344035832261e-01	   7.2981507822148994e-01	   5.5745693149783626e-01	   5.3837680921850462e-01	   6.9712908072390267e-01	   6.8163449829164768e-01	   5.3354327211397412e-01	   3.5977843604102555e-01	   4.6110669569787061e-01	   4.4675192137919095e-01	   5.2621086767171210e-01	   6.6377693205123367e-01	   5.0511229665882573e-01	   5.4012567646118548e-01	   4.9592068014721852e-01	   6.5938928239875816e-01	   5.4565233178309014e-01	   5.3666083672096976e-01	   3.6663012042368853e-01	   3.2130882226343832e-01	   5.9472318251349598e-01	   6.7080806429421369e-01	   6.9126790183790410e-01	   6.8183032749657502e-01	   7.0588460618886717e-01	   7.1700900294004621e-01	   6.7062650369451182e-01	   7.3833645985671237e-01	   4.4522396394983599e-01	   4.1444527989224378e-01	   5.7755593197887689e-01	   6.3351522364146118e-01	   4.8057481747223080e-01	   6.5986796951400795e-01	   6.5683004002056933e-01	   6.9589852280719477e-01	   4.4145473805709678e-01	   6.4505920649710369e-01	   6.8215150674146097e-01	   7.2963433835783542e-01	   4.5642322277813252e-01	   3.3910565665653769e-01	   4.1758021054789052e-01	   3.0641084536174301e-01	   4.0735399203252309e-01	   1.1169772841330022e-01	   6.3316505239223919e-01	   6.0175490621396488e-01	   6.4543205011889215e-01	   6.6946156522352740e-01	   4.3709273929300618e-01	   4.8855085302036666e-01	   5.4033461607883471e-01	   5.4365668703949876e-01	   5.7747731451389395e-01	   5.4383069750587854e-01	   3.4324033412729693e-01	   5.1434519704432891e-01	   1.7204779818039379e-01	   3.6215290294075797e-01	   5.4698446367056586e-01	   5.6809406122212946e-01	   5.8295619566566081e-01	   5.5137640747312644e-01	   4.5609478410610782e-01	   3.7726980279968125e-01	
   6.4501357007664040e-01	   5.5587401849840767e-01	   4.8939061896085750e-01	   5.0299393198672415e-01	   6.0632930321070466e-01	   6.3264223618121407e-01	   5.6913517165137351e-01	   5.6720430048509096e-01	   5.6967521445612346e-01	   6.2894827661202091e-01	   6.6928620001739492e-01	   7.0975776569469562e-01	   0.0000000000000000e+00	   9.2258917027101739e-01	   7.7000276117727307e-01	   7.3222613638688228e-01	   4.5606097019851199e-01	   4.9845856476530931e-01	   5.6938649269265484e-01	   4.6585647830521559e-01	  -3.4205123442401014e-03	  -4.7540592805232207e-02	   5.2465172063519072e-01	   2.8328827824715597e-01	   3.2209015416309950e-01	   3.4759283659873219e-01	   4.1970998425692108e-01	   4.4261077638629753e-01	   3.1616406864157759e-01	   2.2581102383015855e-01	   5.1930185493725585e-02	   1.4657002228773755e-01	   3.7735287319643557e-01	   3.9471251548096320e-01	   2.5539819546189291e-01	   3.3957641819787943e-01	   4.4690576728265774e-01	   4.0447836735904269e-01	   2.5398380967725753e-01	   3.0050405886447623e-01	  -5.7728021473168425e-02	   3.2262327629972293e-01	   4.5368150051769729e-01	   4.1371858581927001e-01	   5.1921272161934617e-01	   5.8676464083842927e-01	   5.6807749577428113e-01	   5.4590007198735835e-01	   6.5531984352410300e-01	   6.7519609806087744e-01	   6.4446366303239055e-01	   5.8369839991950556e-01	   6.3634140836902575e-01	   5.5848286778253708e-01	   5.3285097159145189e-01	   5.0653332983217403e-01	   3.0592130503764320e-01	   3.2742301872185564e-01	   6.0495394192410046e-01	   5.8674714288739471e-01	   6.0861289717627520e-01	   7.4678219206125895e-01	   4.2785790680781977e-01	   4.2180833736703433e-01	   3.0283555473071577e-01	   4.1491893290257970e-01	   6.5174225950022047e-01	   6.3083766235345184e-01	   3.0744716522082416e-01	   4.3469679925801608e-01	   4.8958210794223656e-01	   4.7149305348469522e-01	   3.5899632813354676e-01	   3.3342605683969145e-01	   4.4998753337782504e-01	   4.4647970468431097e-01	   5.9641521292658717e-01	   5.0995724640855122e-01	   2.4956669701511108e-01	   3.2808942110240513e-01	   5.0762372069372885e-01	   5.1879282444341279e-01	   4.6826945335849035e-01	   4.7647621554717673e-01	   4.4146445809013751e-01	   2.5183042791719468e-01	   5.2515950496770758e-01	   4.9021270047376486e-01	   7.3115015672398098e-01	   6.7399507888794430e-01	   6.8469912745353778e-01	   6.2796296579926580e-01	   5.2168159599593900e-01	   5.6391760221338783e-01	   1.7463026067688647e-01	  -1.5682244740132509e-01	   4.4702785418838897e-01	   4.0916436878247592e-01	   6.4075243183564989e-01	   6.6832448001319600e-01	   3.7413821320705898e-01	   6.5404885035822669e-01	   5.0984429061929959e-01	   6.4030799268660166e-01	   4.8773407915660394e-01	   4.9734235230206220e-01	   2.9530795280811961e-01	   5.2617528652944301e-01	   2.4934252061604259e-01	   4.7304576517525598e-01	   6.5261205778427922e-01	   6.8609467950733782e-01	   6.9475290684561641e-01	   4.2713502126846870e-01	   4.6090816240912130e-01	   3.1553749194074254e-01	
