   0.0000000000000000e+00	   5.8180219957364021e-01	   4.6654147393038309e-01	   3.3158938521888554e-01	   2.4305613973466095e-01	   2.0075151250711187e-01	   3.2027628108024131e-01	   1.5471722332775323e-01	   1.9743860349655432e-01	  -1.9650270453484825e-01	   5.3237342882135563e-01	   3.7953364353911262e-01	   3.7578764709972001e-01	   7.2824444099470857e-03	   3.7384943526101916e-01	   1.5094970804976807e-01	   5.7335536942094079e-01	   5.4746447923771591e-01	   6.1127961006509246e-01	   3.9626332227233718e-01	   1.4236216144870731e-01	   1.2940494945236544e-01	   1.6633711517599845e-01	   1.5303929460327481e-01	   1.5240325226287432e-01	   7.5334993269678352e-02	   3.7232851205211293e-01	   3.5688439959592372e-01	   3.5458792208337142e-01	   2.7797165176243910e-01	   1.8419064642906424e-01	   2.1423272763260282e-01	   6.4603477382051233e-01	   5.1255609235456334e-01	   1.5199946882353257e-01	  -1.7641034375279901e-01	   3.7795879690452644e-01	   3.7941133480622841e-01	   5.1240727461549895e-01	   1.5620723716526377e-01	   1.1420303276066139e-01	   5.2713223677345544e-01	   4.2457570615393025e-01	   5.0828347091665405e-01	  -8.6776699358867448e-02	   3.2734422451603185e-02	   5.3535117292666645e-01	   5.2214789739262379e-01	   2.0175013452156854e-01	   1.9118788539647272e-01	   3.6106541135764147e-01	   2.3939990753578541e-01	   3.3899532675729566e-01	   5.0405421841934783e-01	   5.5596205482364158e-01	   5.4434254476930155e-01	   7.7529593978578060e-01	   6.4608857539046216e-01	   3.9688414495073132e-01	   3.3824330796293073e-01	   3.3157096579968171e-01	   2.5882872704947640e-01	   1.8475448680566367e-01	   2.4512383569611076e-01	   8.3922400390744556e-02	   1.9468841316521622e-02	   2.6917093092017341e-01	   7.4342507405196323e-02	   4.2702973555957480e-01	  -1.4963638259421469e-01	  -1.9221672348258576e-01	  -2.8469173840653195e-01	   3.7322210954560847e-01	   3.6656744745391379e-01	   2.6383438419774718e-01	   2.4928786263964242e-01	   1.2997561293482376e-01	  -2.0944460652830943e-01	   3.6977140506547612e-01	   4.4625343062169126e-01	   4.0525237146343585e-01	   3.2855165653753027e-01	   4.7908587983939332e-01	   3.5699144856572995e-01	   4.2614417296358142e-01	   3.8977082734465202e-01	   3.5003861448367479e-01	   3.8495967813219223e-01	   3.6090624265370586e-01	   4.6299864051114120e-01	   3.8749266623651035e-01	   3.7401280035346551e-01	   1.6697990584354816e-01	   4.1952484159935782e-01	  -5.9792129293844497e-02	   4.1340180441280028e-01	   4.2543581267709318e-01	   5.3405269878039419e-01	   4.0567980714266616e-01	   5.7262153903970148e-01	   2.9136000904711656e-01	   5.3963512873436170e-01	   3.9467571566930282e-01	   4.6375211632714225e-01	   3.0574494478969795e-02	   2.5129053469455553e-01	   3.4357316662548432e-01	   5.9526421241568384e-01	   3.2081423327974878e-01	   6.9576708424046119e-02	   3.7794988800622947e-01	   4.9958053473239533e-01	   3.9360356151380471e-01	   4.0352003587118002e-01	   3.5547209059075774e-01	   3.5560366511347835e-01	
   5.8180219957364021e-01	   0.0000000000000000e+00	   4.0153038703866895e-01	   5.6706820628113885e-01	   2.6748136967770197e-01	   3.1585457702186936e-01	   6.7863565746455773e-02	   3.4739471907166397e-01	   1.7750113067510931e-01	  -1.3828115982001721e-01	   2.3237093672031534e-01	   4.3189068023584964e-01	   1.5426475634283884e-01	   1.3290749645499084e-01	   4.0297745558655818e-01	   1.8441097336662937e-01	   3.1367862508795330e-01	   4.8289872735030503e-01	   6.2858614168825477e-01	   5.5243967608615452e-01	   2.4488095718402103e-01	   3.2410766447240430e-01	   2.8111074871176406e-01	   3.9766540576555065e-01	   4.1091414354276934e-01	   3.3838620970532790e-01	   5.5551706524752298e-01	   5.4165374033259728e-01	   2.7289362162810671e-01	   2.9740321449364987e-01	   1.2484782111764706e-01	   1.4665138476888070e-01	   2.5784358447290040e-01	   4.1298853921676931e-01	   2.3193307644913347e-01	  -7.9917605400702356e-03	   5.6926312422445069e-01	   6.3904303381364469e-01	   4.2619087186376936e-01	   3.9483431336802299e-01	   1.0395729874346296e-02	   4.9950708825816859e-01	   4.4136873244392405e-01	   5.0076865904495071e-01	   9.9711373328849412e-02	   3.0441968888247384e-01	   5.2788920015236673e-01	   6.0354732582771087e-01	   1.9972636895870508e-01	   4.1357029786206972e-01	   3.4661762313075140e-01	   4.7759989037932493e-01	   5.2124880104425442e-01	   3.1122450419767805e-01	   5.9665217392591807e-01	   7.1213287818464699e-01	   3.7715829908607013e-01	   8.1685185656032711e-01	   5.6301827573745200e-01	   6.4415942206203380e-01	   3.6506931790466629e-01	   5.1376589156753727e-01	  -1.0413274461297570e-02	   3.0559301310496934e-01	   3.1375213126432255e-01	   3.5725905585811074e-01	   2.2598209168906058e-01	   2.2541995871920650e-01	   1.9252907740814346e-01	   2.4057946546538880e-02	   1.4224499229769993e-02	  -1.9851114561397369e-02	   4.1694241210291683e-01	   5.1998353338730063e-01	   3.7288578914558784e-01	   3.9528287179249894e-01	   2.6939741076548157e-01	   2.7795877024285537e-01	   3.5883779550483280e-01	   3.8680331376330890e-01	   4.3484859511371654e-01	   3.5041143861586921e-01	   4.9261124569561565e-01	   4.2752044993069255e-01	   4.3622012580102698e-01	   5.1117089314503650e-01	   4.2467530679995957e-01	   6.2195447096307488e-01	   6.0530902426708177e-01	   6.2517163269923604e-01	   4.7338659841009922e-01	   4.2024248301332112e-01	   2.3938174828609476e-01	   2.8274223414291494e-01	  -6.9841336297416623e-02	   1.8574768144683251e-01	   3.6167269233618782e-01	   4.4335992329622709e-01	   5.2724045954935761e-01	   5.8764453014513629e-01	   2.1436672353434438e-01	   3.0617791346576390e-01	   3.8198517605051685e-01	   2.9585900635690643e-01	   2.1426092148804024e-01	   3.6543383351601788e-01	   4.7124744204724744e-01	   4.4972427870249398e-01	   2.1785426604392127e-01	   2.0495332509206221e-01	   4.3428839715650491e-01	   5.0677633208708073e-01	   3.7297947090706340e-01	   4.1681177363235061e-01	   3.6360906876171550e-01	   3.3510665197094924e-01	
   4.6654147393038309e-01	   4.0153038703866895e-01	   0.0000000000000000e+00	   7.4473484974711801e-01	   6.0931712609759603e-01	   5.5583839495265042e-01	   7.5419033173015682e-01	   5.5646122204074311e-01	   6.3027428304401767e-01	   3.8009410316036885e-01	   3.0632822847143332e-01	   3.1200247823995170e-01	   3.2980569090537559e-01	   2.5943497444114433e-01	   5.5549254174807738e-01	   6.1580521938547339e-01	   2.7949546046024509e-01	   1.9861569906436805e-01	   6.0811488729569563e-01	   4.7316344161872226e-01	   3.0931368657523239e-01	   4.4682217744402769e-01	   7.4574372714198478e-01	   6.3917337948924202e-01	   6.6925355791262708e-01	   6.1154082257747611e-01	   4.8558310725377979e-01	   4.1272990790499875e-01	   3.1353725308791858e-01	   3.5260875727154983e-01	   3.6529209794906553e-01	   4.4714303109590114e-01	   4.5997577923934863e-01	   5.3895481262060996e-01	   4.8459380633825944e-01	   2.1626688242891748e-01	   2.5669965677758405e-01	   3.4045015318860106e-01	   1.9411937806319535e-01	   5.1430667010715872e-02	   3.8173786466015325e-02	   4.9451310429337281e-01	   5.1743606071517523e-01	   4.2570983830543641e-01	   3.1782617349519177e-01	   3.3081744169056859e-01	   5.2061727634830390e-01	   4.6334084072156223e-01	   2.6717499038122883e-01	   1.7947822580618361e-01	   4.9626630781436942e-01	   3.4836834564636066e-01	   3.8688218894428372e-01	   4.0318630837560754e-01	   3.0176633081398480e-01	   3.6011856112129087e-01	   1.7216783169671823e-01	   4.2054775111390741e-01	   2.6903225869220687e-01	   2.7555811869080671e-01	   1.8491046081268298e-01	   2.0237120656722718e-01	   3.1116936727817046e-01	   2.8299417928022347e-01	   4.8798042425563204e-01	   3.0932125668437360e-01	   5.4917844458389675e-01	   3.7064122185441439e-01	   1.7267942557535310e-01	   1.2404830473261194e-01	   1.1668680379854809e-01	   1.7647347477719212e-02	   3.5171197775504509e-01	   3.6805871617254882e-01	   3.1186987101962704e-01	   2.4640018798456823e-01	   1.2138891289538385e-01	   6.0786756590831131e-02	   1.7120658489322071e-01	   3.1449961306213903e-01	   4.1536122667042508e-01	   3.5587447929274868e-01	   5.6713176037331303e-01	   4.9370201056707297e-01	   6.2913232182278889e-01	   5.5303948590458707e-01	   2.1156908178869388e-01	   4.3576667792974927e-01	   5.1652242729644371e-01	   5.7652129231133609e-01	   4.4972802705004866e-01	   4.4879007686402506e-01	   2.2890267211019194e-01	   3.6183882463858430e-01	  -5.2536289027167053e-02	   2.3468178588760802e-01	   3.1317069508444351e-01	   3.9733470899158307e-01	   2.8193103567492583e-01	   3.9644788272564679e-01	   1.5083686925453255e-01	   4.7510836016224206e-01	   2.8607263292718671e-01	   4.2626281191769971e-01	   2.0565478531134829e-01	   3.7797683696974371e-01	   1.3940432519001683e-01	   2.3428298955012550e-01	   8.2748896219366333e-02	   6.9788716007352092e-02	   4.2444042935652465e-01	   3.6781922251241006e-01	   3.5611325789002735e-01	   2.3177364933620803e-01	   1.7690129662566426e-01	   2.0226772497515866e-01	
   3.3158938521888554e-01	   5.6706820628113885e-01	   7.4473484974711801e-01	   0.0000000000000000e+00	   5.6798106289889772e-01	   6.3070410405178212e-01	   5.3055437971670349e-01	   7.6658785548682462e-01	   6.2219802728376628e-01	   4.4823117731304285e-01	   1.1510393560153548e-01	   4.4130748065277625e-01	   2.5550831330007984e-01	   4.2828952259683040e-01	   4.7316174344586226e-01	   5.9300615948781110e-01	   2.1750915893051603e-01	   1.7502985696608259e-01	   5.8530092310783388e-01	   5.6565839322247613e-01	   1.7149672864466337e-01	   3.4731555359345090e-01	   6.7546999361306059e-01	   8.4796359604205640e-01	   6.0077432341856662e-01	   6.3986721181546391e-01	   4.6548677153666729e-01	   4.6648754438554763e-01	   1.6355624273628822e-01	   2.3201925185173036e-01	   2.1233294173094866e-01	   3.5173429665973510e-01	   2.8582471682995936e-01	   5.1849805965703755e-01	   2.9829067997554859e-01	   1.6246154759248077e-01	   2.4681430878468164e-01	   3.4066782854122568e-01	   1.4807191935691183e-01	   1.7852722894345130e-01	  -3.1292406178283265e-02	   4.2450508282705279e-01	   5.0006578656508971e-01	   4.9393744151112540e-01	   2.6941259103494164e-01	   3.5279043002853916e-01	   4.8807283677106500e-01	   5.4085089448952184e-01	   3.3125608197563050e-01	   2.5365618719649841e-01	   5.2113976590341271e-01	   4.2776458145761997e-01	   4.0953090540297082e-01	   4.0803537071498225e-01	   3.2608610954177142e-01	   5.1864167552459317e-01	   8.7114197605003121e-02	   5.0167732386832153e-01	   3.2376846038091811e-01	   5.5047549929679618e-01	   2.2254048241933064e-01	   4.3856980016696107e-01	   1.7592015501787567e-01	   4.2861761393982373e-01	   5.2511268396257171e-01	   5.5697647124593663e-01	   4.4664411667682591e-01	   4.2549919046218498e-01	   8.0067954811278541e-02	   2.6824861279085432e-01	   8.8965143190603835e-03	   2.9498873244989961e-02	   2.0486464018767850e-01	   2.1509565759810526e-01	   1.3499966896270568e-01	   1.2051985640223255e-01	  -7.0945416874194533e-02	   1.4249172817506120e-01	   2.9700350721990598e-01	   2.9737307795356277e-01	   4.8243212693767468e-01	   4.1300350776995021e-01	   4.9428728588016385e-01	   4.1573195500567950e-01	   5.1927263068827645e-01	   6.5170454408369693e-01	   1.9485590096013344e-01	   4.3780031757921445e-01	   5.5002589662085644e-01	   7.3697734931214631e-01	   5.1870339746691907e-01	   4.6241095889685185e-01	   4.0245136162014439e-01	   2.5744858982165020e-01	  -4.7833810882888461e-02	   1.1982603679356954e-01	   2.8430631317278954e-01	   4.2413929674587258e-01	   4.0347224287404126e-01	   4.6525705318034316e-01	   1.4374598449702652e-01	   2.7647870699953420e-01	   3.1255603953825217e-01	   2.9610139803601826e-01	   3.5824208013201658e-01	   5.0586665046903301e-01	   3.6176110801417527e-01	   2.0893620248139844e-01	   2.4542116215290499e-01	   3.0522029445026139e-01	   4.2364152213550621e-01	   3.7311079121098156e-01	   3.1005266967625511e-01	   2.4830243214189740e-01	   2.4389867873759255e-01	   4.2051216488841364e-01	
   2.4305613973466095e-01	   2.6748136967770197e-01	   6.0931712609759603e-01	   5.6798106289889772e-01	   0.0000000000000000e+00	   8.7270063822818200e-01	   5.6733814419504358e-01	   5.4522783228650762e-01	   8.1811917559523428e-01	   6.3441851134098770e-01	   3.1666135739799600e-01	   2.3826381149687056e-01	   4.1331380757171837e-01	   1.1244832107957506e-01	   6.6592593493881391e-01	   6.8331352691819347e-01	   2.4515387028326674e-01	   6.5957549648749322e-02	   5.9715227319475517e-01	   4.8896379379365607e-01	   4.5018200564332495e-01	   5.4464943285199185e-01	   6.5068103958574897e-01	   5.8574903892421437e-01	   8.0775456140154689e-01	   8.0136958389586443e-01	   6.6481391114699784e-01	   6.6809019407488712e-01	   5.0351565383635122e-01	   4.4497591149988663e-01	   5.0981552083491433e-01	   5.0169512079480649e-01	   1.3478530780832493e-01	   2.2372058280449036e-01	   5.2392615757264935e-02	   1.0296926555881426e-01	   2.2830496510226400e-01	   2.5466473931572831e-01	   1.1044034562989186e-01	   1.2305771720467394e-02	   2.5927511682476312e-01	   5.6632667263264991e-01	   2.1439934893638807e-01	   1.4484918265742172e-01	   3.1734610253158346e-01	   2.2407589036748499e-01	   2.3606703414109051e-01	   2.1039455053247857e-01	   1.8213242360228832e-01	   2.1211143028815382e-02	   1.3477627994396285e-01	   3.0092881803165029e-02	   6.8792380604671771e-02	   1.3571080400838181e-01	  -9.4672346534022789e-02	   6.3487119603340844e-02	  -1.3804833924039511e-01	   9.2273606262257710e-02	   7.5866102613630970e-02	   2.2297724446397216e-01	  -1.4211310139097894e-01	  -1.5252127118542669e-02	   1.2600374142012183e-01	   9.8835853628030018e-02	   2.1880165062267987e-01	   4.5771677939708863e-02	   3.0859346636741691e-01	   2.4165367840482760e-01	   1.1494317648260552e-01	   1.6013261396655781e-01	   3.9857979183602532e-01	   3.3422916261976998e-01	   4.5394636138695399e-01	   3.1517678947597383e-01	   3.8828838523413317e-01	   2.9956913000664320e-01	   2.0781202515611080e-01	   1.5891946094834616e-01	   1.4619277497660854e-01	   1.4682864612418844e-01	   3.6190215251575786e-01	   2.8200234584980866e-01	   4.9837749768442263e-01	   6.3848059461386997e-01	   1.7158455147315926e-01	   2.1941064325456827e-01	  -1.6754330784808080e-01	   1.8502692745864813e-01	   1.5309005700677317e-01	   3.0403430261300707e-01	   4.5557412412131743e-01	   4.4320014256880658e-01	   3.2588783972707897e-01	   1.7417648491425497e-01	  -8.9968231121140663e-02	   2.5282201298546164e-01	   1.2940025547970702e-01	   2.9595840508992532e-01	   3.0207255328459248e-02	   3.5676893463116299e-01	   3.1399389018553475e-01	   3.5836772816674373e-01	   3.2262971695458142e-01	   1.6377354009537642e-01	  -4.9757845516565598e-02	   7.1722715533061171e-02	   5.0914335116612397e-03	   5.2815651547962389e-02	  -1.3638045468975332e-01	  -2.6531952277001808e-01	   1.9168966833361151e-01	   2.9354594629929981e-01	   4.4533763857327824e-01	  -7.4298313038239944e-02	  -1.2635476777570179e-01	  -4.0752063403789451e-02	
   2.0075151250711187e-01	   3.1585457702186936e-01	   5.5583839495265042e-01	   6.3070410405178212e-01	   8.7270063822818200e-01	   0.0000000000000000e+00	   5.2236176665963407e-01	   6.3255462768225956e-01	   6.7192537662138441e-01	   7.1011526546513548e-01	   1.5391401045156972e-01	   1.6068536116328475e-01	   2.5934491639247453e-01	   8.0835776266808726e-02	   5.7062916107315043e-01	   6.6563841880507135e-01	   2.2354437308426181e-01	   4.6235782026384037e-02	   6.2083147476101019e-01	   5.6510435292449168e-01	   4.9329509138374583e-01	   6.1834117012026368e-01	   5.0498667108390027e-01	   5.8778118146996827e-01	   7.9873509479193738e-01	   8.5268889489442146e-01	   6.7807306927913524e-01	   7.0417416717036485e-01	   4.8781755169082786e-01	   4.6259126966572950e-01	   4.9399753311538130e-01	   5.0218092624355826e-01	   8.6962767979144220e-02	   2.4680985619457346e-01	   1.0536060577291491e-03	   1.1475064603012308e-01	   2.0168841098226364e-01	   3.1559953041076577e-01	  -1.0954727407802241e-02	  -2.8861147173298032e-02	   1.8298623581561027e-01	   5.7341737477273780e-01	   2.7906341162133541e-01	   2.1594739468923133e-01	   3.5133912243275145e-01	   2.7592755805013697e-01	   3.3689104815074261e-01	   3.2003938365233714e-01	   2.3425931292233027e-01	   1.6405912235437620e-01	   1.4802941425168470e-01	   1.5316888601630435e-01	   1.5443769327346824e-01	   1.8380977219797567e-01	  -7.6439360584249313e-02	   1.6178253427863640e-01	  -9.1590261554273904e-03	   2.1323682236844499e-01	   1.7923711959673835e-01	   3.5101388802684480e-01	  -1.7999763808546115e-01	   8.1153408748524641e-02	   6.5287383059484630e-02	   1.1259506013091417e-01	   2.0138576605106231e-01	   1.5001441836711682e-01	   3.3118367465933024e-01	   3.0058182549035073e-01	   1.7502177904199961e-01	   2.4352626946412503e-01	   4.2827966572494647e-01	   4.4191571436546062e-01	   4.5737512484868659e-01	   3.5743138915375294e-01	   3.1494171015099798e-01	   2.8465202400241646e-01	   1.9201324612702664e-01	   3.0582338390944114e-01	   3.2239176328782176e-01	   1.9529745523849085e-01	   4.2170229596777342e-01	   2.4935161670159037e-01	   4.1471630474011628e-01	   5.0936787735994782e-01	   1.0796592195654296e-01	   2.4447526785304594e-01	  -2.4899938890795614e-01	   1.3388452322485486e-01	   1.4115321911815151e-01	   4.4087128258334773e-01	   5.3073432568329948e-01	   4.4575379913219537e-01	   4.2232822896666589e-01	   1.0425339991476229e-01	  -1.5748430357226736e-01	   1.1676954080552421e-01	   1.0373862266733780e-01	   2.6179740513918370e-01	   1.2529403566634606e-01	   3.8884069873130456e-01	   4.1821862809523480e-01	   3.7777741487265737e-01	   4.7705785638980946e-01	   2.5357629427666428e-01	   1.1234081859464649e-01	   2.2996339894026938e-01	   2.2616105720307381e-01	   1.4214329829257266e-01	  -5.4815583351394172e-03	  -1.5815246378148845e-01	   2.7651800903402346e-01	   3.5514884158594040e-01	   4.6751046480020897e-01	   1.0142452043449904e-01	   6.0749576577078329e-02	   1.1828361283441287e-01	
   3.2027628108024131e-01	   6.7863565746455773e-02	   7.5419033173015682e-01	   5.3055437971670349e-01	   5.6733814419504358e-01	   5.2236176665963407e-01	   0.0000000000000000e+00	   6.6431249454380725e-01	   6.6464706065980461e-01	   4.1471004635696584e-01	   4.7116618441294200e-01	   3.5556309066231606e-01	   5.9535494542810663e-01	   4.0926420808167796e-01	   5.4425233114982408e-01	   5.8345809152294448e-01	   3.4957616049495743e-01	   1.6393392441349497e-01	   3.8931309540102926e-01	   2.8681690577855623e-01	   2.3324405322238606e-01	   3.4399162695158930e-01	   5.8939800159968680e-01	   4.5749385611171306e-01	   4.5123205002717637e-01	   4.6658348792946192e-01	   3.0431666802204871e-01	   2.6957284267618764e-01	   3.4867309800770596e-01	   3.8471767001097085e-01	   3.9053131409341213e-01	   4.6709171664788174e-01	   4.5695130789823224e-01	   4.5174557917639974e-01	   2.8837602099714454e-01	   2.1245360595975321e-01	   5.2803449437533380e-02	   1.3115922592120940e-01	   9.8323908187574832e-02	  -1.0853796867548383e-01	  -8.0233914064672493e-02	   2.6138437519884022e-01	   3.1113970469630026e-01	   2.9083646738363905e-01	   3.2935643373961443e-01	   3.0423672720528827e-01	   3.1877879767187406e-01	   2.8052994657508384e-01	   3.5873293886760643e-01	   2.1055330047372423e-01	   4.5572085540602580e-01	   3.5752999634133709e-01	   2.2399702997427143e-01	   3.4116668119410470e-01	   1.6740158367569391e-01	   1.9014925647962591e-01	   1.0634772210645699e-01	   1.7735706261923756e-01	   8.4269132083298948e-02	   5.9451624861377964e-02	   2.0920358147036180e-01	   1.0156029392969429e-01	   5.3752386366332927e-01	   3.5287562086080820e-01	   4.1999553842638099e-01	   2.1685235830818073e-01	   5.1111141145789107e-01	   3.4827144624472289e-01	   1.1546020369967221e-01	   1.1778233502833074e-01	   6.0507847427381758e-02	  -4.2734100875809741e-02	   2.6291087512261052e-01	   1.9694498650119791e-01	   1.9840011329291141e-01	   1.3927370536704123e-01	  -1.0243889665513765e-03	  -5.7239720460454460e-02	   2.0819222647337149e-01	   2.8216043812782104e-01	   3.8986865544178401e-01	   4.1127419852340247e-01	   3.6875273732597158e-01	   4.3041787318435148e-01	   3.8364776777182552e-01	   4.0084345544036348e-01	   1.4549694398257718e-01	   2.0449516855039954e-01	   2.6577755939773662e-01	   4.2404473439856238e-01	   3.8613855935020736e-01	   3.6861884934586997e-01	   1.4974515715806419e-01	   1.8647552394043879e-01	   3.0808928240685853e-02	   1.3019489074696033e-01	   1.9131200522512329e-01	   2.2394068804746509e-01	   1.9751396460962165e-01	   3.0707611511105309e-01	   2.3909258814349532e-01	   4.8531691009349576e-01	   3.0472448940055696e-01	   3.7736855968832178e-01	   1.5225060135287821e-01	   3.1305978303862853e-01	   4.1979611284489494e-02	   1.6291753971526435e-01	   1.5445319423576276e-01	   2.3543264357560711e-02	   2.7636448222107807e-01	   2.4278212419728668e-01	   3.4464415523946013e-01	   1.3438365394153903e-01	   1.0616072448543627e-01	   2.3215321023826935e-01	
   1.5471722332775323e-01	   3.4739471907166397e-01	   5.5646122204074311e-01	   7.6658785548682462e-01	   5.4522783228650762e-01	   6.3255462768225956e-01	   6.6431249454380725e-01	   0.0000000000000000e+00	   5.4803678618594009e-01	   4.6889417894810925e-01	   2.3013047009242610e-01	   4.1786433736556383e-01	   4.1022449359105284e-01	   5.0999411829929975e-01	   4.6485051161093771e-01	   4.8714740643066701e-01	   1.4035941222283110e-01	   4.7132659317077469e-02	   3.4489273382931396e-01	   3.2936625883144005e-01	   1.8378978059841716e-01	   3.2733909355101781e-01	   5.9536381254247195e-01	   6.2200689198920522e-01	   4.8306103074384421e-01	   5.7404334293028925e-01	   3.7057282309878942e-01	   3.7777626597871844e-01	   2.1334624827819423e-01	   3.0460604955736048e-01	   4.3305177980449427e-01	   5.4157282362273540e-01	   2.7021535236128935e-01	   4.9192773758942965e-01	   1.7575621855311779e-01	   1.9885930534072246e-01	  -4.2098668790475975e-02	   1.0907652308071214e-01	  -1.2391566014992551e-01	  -3.7197230174607146e-02	  -2.6242637513591932e-01	   1.6739236149404518e-01	   2.2330724582652159e-01	   2.4253628636130881e-01	   3.8496778620211380e-01	   3.8073725887537230e-01	   3.1172199722255306e-01	   3.4178720809009921e-01	   3.7515773201705099e-01	   2.4417066335787463e-01	   3.5052345548775810e-01	   4.3492521656900934e-01	   2.8449241063997122e-01	   2.6487215453746499e-01	   1.7049745427487140e-01	   3.3538411423784426e-01	  -7.5504144477398810e-02	   2.6744459074000793e-01	   1.5958559907327968e-01	   2.8408883435776566e-01	   1.4091941576343797e-01	   2.7426240252684442e-01	   2.3625060857679253e-01	   4.0082849024939970e-01	   4.4266537917845550e-01	   3.9815886283059249e-01	   3.7626486626744626e-01	   3.4890558594453547e-01	  -9.8333319955614978e-02	   1.9863204564963838e-01	  -2.6817312048649410e-02	   1.2844018705635953e-02	   1.3112766045649907e-01	   1.2647492257026641e-01	   1.2836858794588683e-02	   3.6065008481121381e-03	  -2.2785812568718969e-01	   5.7499112327432836e-02	   2.0362795277583645e-01	   1.9477943134102618e-01	   3.5454209009776189e-01	   3.6299745043079229e-01	   2.5341216511557446e-01	   3.2564403772091377e-01	   2.6265357774782694e-01	   3.8885875110032569e-01	   6.9073475650611130e-02	   1.8730799126717937e-01	   2.5863158887481885e-01	   4.7384285311725255e-01	   4.8543759856107049e-01	   3.5592100374352714e-01	   3.6900730876234455e-01	   4.3397389097998271e-02	  -9.3264442576592652e-02	  -9.6857269107106847e-02	   5.6207555006601906e-02	   1.3865972406160704e-01	   2.9303217025411482e-01	   3.2028420980413247e-01	   2.5952509973471821e-01	   2.6472317110434790e-01	   3.0615861208622625e-01	   1.7899672108266582e-01	   2.9075522732196435e-01	   4.3893162672888103e-01	   3.5306349827953520e-01	   1.1669493472853718e-01	   2.5398538197290155e-01	   1.4078739691430686e-01	   2.9543564078113488e-01	   2.8701607502873583e-01	   3.3729144285127882e-01	   1.7692258155902685e-01	   1.6427501336619746e-01	   3.5069179025374142e-01	
   1.9743860349655432e-01	   1.7750113067510931e-01	   6.3027428304401767e-01	   6.2219802728376628e-01	   8.1811917559523428e-01	   6.7192537662138441e-01	   6.6464706065980461e-01	   5.4803678618594009e-01	   0.0000000000000000e+00	   6.4526510213752863e-01	   2.9789301793614520e-01	   2.7529851883772222e-01	   5.4887416025342706e-01	   3.1730547085359506e-01	   6.6921104472647319e-01	   5.7725034676538878e-01	   2.6443274353968371e-01	   3.9866114368115262e-02	   4.3544936896019132e-01	   3.1864723521401511e-01	   3.3350782063234591e-01	   4.1972797297919234e-01	   6.7472175760578335e-01	   5.8767129309394317e-01	   6.6376708830491093e-01	   6.5563888061022413e-01	   4.5301225019559177e-01	   4.4391804225785431e-01	   3.7427323850387290e-01	   2.6103825793990398e-01	   3.8989415063302224e-01	   3.6413496401443002e-01	   1.3984657827901908e-01	   2.2112724135843742e-01	   2.9178791823709171e-01	   2.7463255211092319e-01	   3.2333148246912680e-01	   2.8670899582902853e-01	   2.2072455512914996e-01	   6.3937310608558257e-02	   2.4212604006581051e-01	   3.9977241941663938e-01	   4.2279948880055584e-01	   3.2345807769197277e-01	   3.7861100011967874e-01	   3.5987644293750187e-01	   2.9523534377709354e-01	   3.2644649869128500e-01	   3.9747135077055629e-01	   2.0455674705427263e-01	   4.4036831315703862e-01	   2.7498315146302765e-01	   1.7010785037525361e-01	   2.7731959791129135e-01	   9.9548314337163421e-02	   1.1828149449219906e-01	  -9.8236153200943283e-02	   1.4392211766639362e-01	   1.3735668075109383e-01	   2.9105229988869791e-01	   8.2364307031167025e-02	   1.7738199062065024e-01	   3.1562470612316806e-01	   3.1377506837620578e-01	   4.3619686239996497e-01	   3.1029428607501042e-01	   4.6210518409108814e-01	   4.0328608573129421e-01	   3.8875109956325427e-02	   1.6683011804044146e-01	   2.0195335288513544e-01	   9.0590846579803347e-02	   2.5398816408791880e-01	   1.1383015022505458e-01	   2.5317925474537828e-01	   1.5530564380468287e-01	   9.8540002042035751e-02	   9.9369707814597877e-02	   1.5112840696901458e-01	   1.3449315522284203e-01	   4.6485129331307873e-01	   3.3927748588089324e-01	   5.5749644321355329e-01	   5.4786537928834345e-01	   4.3040730802861588e-01	   3.6295623161576607e-01	   3.3895346761899835e-02	   2.6083838173521257e-01	   3.4235933838031662e-01	   4.7465700406634243e-01	   3.3754689197822274e-01	   2.6070727009217565e-01	   2.4855295507810193e-01	   2.0549013421894417e-02	   1.4683320729602151e-01	   3.0878150072592414e-01	   3.0507816252478032e-01	   3.2282709638909268e-01	   1.2925197383903123e-01	   3.0090273143845903e-01	   2.5021533537394614e-01	   2.4956038095800309e-01	   3.0477725425072866e-01	   2.2424650176844857e-01	   1.6323283470239769e-01	   2.2572117728292823e-01	  -1.1980570284445252e-01	   4.9209783995740657e-02	   1.1779963739293482e-02	   3.2490063369064667e-03	   3.3012116883462250e-01	   2.8834389364472646e-01	   3.0760728628835010e-01	  -3.8973962225921061e-02	   1.4682896874005055e-02	   1.5225100252705806e-01	
  -1.9650270453484825e-01	  -1.3828115982001721e-01	   3.8009410316036885e-01	   4.4823117731304285e-01	   6.3441851134098770e-01	   7.1011526546513548e-01	   4.1471004635696584e-01	   4.6889417894810925e-01	   6.4526510213752863e-01	   0.0000000000000000e+00	  -6.0567228134696685e-02	  -2.1270892619610800e-02	   1.1083127147970884e-01	   6.9281165501486899e-02	   4.6679224896951910e-01	   6.3166447176191787e-01	   3.5255785292469935e-02	  -1.9517402483917407e-01	   2.4875296172503264e-01	   2.8735454916814496e-01	   3.3617467647230959e-01	   4.0023009494903039e-01	   4.6925815414149263e-01	   4.8825588912002360e-01	   4.9913618848454133e-01	   5.7692321512269107e-01	   2.9688551858342593e-01	   2.9944543921264088e-01	   2.4007376187197421e-01	   2.3512056552668933e-01	   2.9320297042333643e-01	   2.9044460779108056e-01	  -1.6336747041384203e-01	   2.4768013747593069e-02	   5.3247514539704818e-02	   2.3652857378215833e-01	   2.8012116515550231e-02	   2.7148017880144978e-02	  -1.7690691118943636e-01	  -1.1320248484459408e-01	   2.4809831220940470e-01	   2.0205139247924148e-01	   2.2997981514922800e-01	   4.0803978741873699e-02	   3.8243041384397702e-01	   2.1884197780734027e-01	   1.1463596061882179e-01	   8.6311377745253756e-02	   3.2480395456128158e-01	   4.1099551084497137e-02	   1.7689459242200123e-01	   4.9849614716599697e-02	   7.5691917721258384e-02	   1.1651961152944149e-01	  -2.3226657168538806e-01	  -1.0408040733537779e-01	  -3.3933463220035354e-01	  -1.9610121008456469e-01	   3.8679162469468918e-02	   1.6357002037444518e-01	  -2.6079461733095499e-01	  -2.1299659846884526e-02	   7.9077908373589550e-02	   1.5609057208078750e-01	   2.6221528960644314e-01	   2.4350781289171830e-01	   3.2780613519417667e-01	   2.8268534109972970e-01	  -1.3026876918074984e-01	   2.5014238050926274e-01	   3.9199174315179836e-01	   3.4442820765035786e-01	   9.8707550521991802e-02	  -7.4273303136187463e-02	   7.8715104057732483e-03	  -1.3250692031773706e-01	  -2.8008409561128746e-02	   1.7521142376343479e-01	   9.4656398359320160e-02	  -2.7363895706926496e-02	   2.5911511953298649e-01	   1.5327717933528384e-01	   3.4398350681120587e-01	   3.8753519046597351e-01	   1.5293621419616002e-01	   7.0267849772375240e-02	  -2.8330954679004389e-01	  -1.2965452371627259e-01	   1.1033766787876820e-01	   2.3012920934878600e-01	   2.6610013712214431e-01	   1.1939691695189163e-01	   3.1192729787047357e-01	  -7.3943492256501736e-02	   7.0004453860765870e-02	   3.6355334781236245e-02	   2.4253780678392581e-02	   6.0453739828884828e-02	  -3.9888890889825897e-02	   6.4119491938855022e-02	   1.7242182181624416e-01	   5.7268337993895878e-02	   1.7544359643931945e-01	   1.0974499706020630e-01	   1.9973968076022469e-01	   2.4152239001934511e-01	  -8.8221280828175971e-02	  -2.3138399561057774e-01	  -2.4440451955245579e-02	  -1.9846417196122484e-02	   1.3728713479103447e-01	   1.1030551654392275e-01	   2.0892786990976270e-01	  -5.2962392323780152e-02	  -1.1987961091538341e-02	   1.0610794772971059e-01	
   5.3237342882135563e-01	   2.3237093672031534e-01	   3.0632822847143332e-01	   1.1510393560153548e-01	   3.1666135739799600e-01	   1.5391401045156972e-01	   4.7116618441294200e-01	   2.3013047009242610e-01	   2.9789301793614520e-01	  -6.0567228134696685e-02	   0.0000000000000000e+00	   6.5367449192154603e-01	   8.6183499786174222e-01	   3.4958066591303794e-01	   5.8681033372971991e-01	   3.7386354547512668e-01	   6.8277787699831227e-01	   3.9571337078102387e-01	   3.0784458203865145e-01	   6.8502085756894732e-02	   3.0535710338596667e-01	   2.1958928020300195e-01	   3.2122768244618771e-01	   1.1394389552627592e-01	   1.7006711608729119e-01	   1.7169840993190105e-01	   3.8190828649101538e-01	   3.8915890361935235e-01	   6.4201475579446754e-01	   5.5854733065439610e-01	   5.4060305307892498e-01	   5.7974602836178357e-01	   4.6949965237231661e-01	   4.5167589485827619e-01	  -4.5449276746021061e-02	  -2.2769619152751022e-01	   3.1292692666064115e-01	   1.0593901613914350e-01	   4.3948423566174571e-01	   1.7327365502339093e-01	   2.0939523323891221e-01	   3.1334632044947175e-01	   1.2545979255778011e-01	   2.0365244508124533e-01	  -2.1037469649801632e-02	  -2.2470656104271881e-02	   3.9329826570819870e-01	   3.4408209050456517e-01	   2.1393031046055527e-01	   2.1347789333094358e-01	   2.8053597110052036e-01	   1.7866614124992519e-01	   2.5602408119519937e-01	   2.1512995992363970e-01	   3.8101858344582490e-01	   3.1558899193435530e-01	   2.5147197257822590e-01	   3.0418128295645780e-01	   2.1608865914370329e-01	   1.8193670222243358e-01	   4.4983812250214872e-01	   2.8880529135457123e-01	   6.1685171850479148e-01	   4.4741720330327373e-01	   1.7787086583544820e-01	   3.3356767220043639e-02	   9.3264405193899697e-02	  -6.7770319917297941e-02	   6.0501667516249205e-02	  -2.4816383547609569e-01	  -1.5541551430892957e-02	  -3.1347966440146735e-01	   4.5831216090750171e-01	   3.6925158641974004e-01	   4.0086497751781525e-01	   2.3756955315345618e-01	   1.7065180749355130e-01	  -2.2567750700450523e-01	   3.2425734998623945e-01	   3.5797597529424974e-01	   4.1721289389663524e-01	   3.9425650323764333e-01	   2.9990039209658015e-01	   4.4475652096082585e-01	   2.2949645661804829e-01	   1.3758627756607184e-01	   3.3664875007457684e-01	   2.5096632092031274e-01	   1.2619217367032215e-01	   1.8607590284269038e-01	   2.0536590546852035e-01	   1.5041675772248586e-01	   1.0092241444526101e-01	   1.7886041907230163e-01	   2.0195633434216737e-01	   3.1633645171090097e-01	   3.4289223118987322e-01	   3.7443860650697613e-01	   2.8072001099300770e-01	   4.7763419944804864e-01	   3.4986917120199623e-01	   5.0429143345996474e-01	   3.0910967629758768e-01	   2.9409497911768723e-01	   9.3252387055836189e-02	   2.2772710213128938e-01	   2.4043877375279202e-01	   3.0018561736564447e-01	   3.4719664906031383e-01	   7.7614807784578771e-02	   1.4825278189791669e-01	   3.8169554873651207e-01	   3.6639903854446199e-01	   3.2381349940622162e-01	   3.4251959309022917e-01	   3.5182394441232678e-01	
   3.7953364353911262e-01	   4.3189068023584964e-01	   3.1200247823995170e-01	   4.4130748065277625e-01	   2.3826381149687056e-01	   1.6068536116328475e-01	   3.5556309066231606e-01	   4.1786433736556383e-01	   2.7529851883772222e-01	  -2.1270892619610800e-02	   6.5367449192154603e-01	   0.0000000000000000e+00	   5.8544038626594608e-01	   7.1019655279155069e-01	   4.6816651680201793e-01	   5.5042594383287669e-01	   4.2370825832433984e-01	   4.6721299125710369e-01	   4.0653415518803859e-01	   3.3811347278635118e-01	   1.2948850484608904e-01	   1.2901222614557539e-01	   3.8294221563187386e-01	   4.3302828654921466e-01	   2.0326849796296728e-01	   2.1685228017450373e-01	   3.0951618816408705e-01	   3.3791898434263806e-01	   3.6490327347132517e-01	   4.8022608112641396e-01	   2.5037974162748999e-01	   4.0868669125097068e-01	   3.3398524137434427e-01	   4.9902756795306091e-01	  -1.1772261723538999e-04	  -2.1194132920392153e-01	   3.3993984626408463e-01	   2.7886120889555605e-01	   3.7775900569885323e-01	   4.1672909502855526e-01	   1.0727562651745633e-01	   2.9837330093381065e-01	   1.8783203932331838e-01	   2.9535275439197045e-01	  -6.3458820978491107e-02	  -2.9192324986426377e-02	   3.5467423456020808e-01	   4.3837610956023998e-01	   1.6477503682166506e-01	   1.8393406672718030e-01	   3.8688337201110262e-01	   3.5704733219080753e-01	   4.3437229941481575e-01	   1.8712617621343286e-01	   4.7781449833410650e-01	   5.3875239075102188e-01	   1.0867135211167081e-01	   3.9456527655763868e-01	   2.4636604365941020e-01	   4.1336739414217583e-01	   5.3088790666532726e-01	   6.2648341631014692e-01	   5.0310442052770887e-01	   7.5058222264627705e-01	   3.9896060440355235e-01	   4.2852507499163417e-01	   1.1524720470206616e-01	   7.0754906877491086e-02	   1.1186143763587150e-01	   4.7658403061426671e-02	  -8.3523108148525371e-02	  -2.3722494636705024e-01	   2.4816192882844501e-01	   3.2368375570759211e-01	   2.8009362087848177e-01	   2.5169797078765749e-01	   2.7002481376384065e-02	  -1.0487406087665959e-02	   3.1271389186501608e-01	   3.3656051574898027e-01	   4.7048555628586841e-01	   5.4986471437959661e-01	   3.3498925524064038e-01	   4.1195134763461949e-01	   3.8685103477363431e-01	   5.1095883356439986e-01	   4.4391330614070368e-01	   3.9397606315290479e-01	   3.8821227788378387e-01	   4.8959051964435346e-01	   2.6369814436962929e-01	   2.1923224887224782e-01	   7.2122715079097205e-02	   1.8600918209883710e-01	   1.9924262822843936e-01	   1.8944760522910803e-01	   3.1590876204980589e-01	   3.8067690064938364e-01	   3.3951725198949556e-01	   4.7152916275378265e-01	   1.0488436870118585e-01	   2.9029944639155086e-01	   1.6549122557586515e-01	   1.4911437651475573e-01	   1.4862474238008044e-01	   3.1517076585591608e-01	   3.5916989686459377e-01	   3.3714545287576037e-01	   3.2850006398290282e-01	   2.5855375379817541e-01	   1.5505400020622967e-01	   3.6525815310717247e-01	   2.6943122481627185e-01	   3.7596547881049525e-01	   3.7172972245723324e-01	   4.6769097172859753e-01	
   3.7578764709972001e-01	   1.5426475634283884e-01	   3.2980569090537559e-01	   2.5550831330007984e-01	   4.1331380757171837e-01	   2.5934491639247453e-01	   5.9535494542810663e-01	   4.1022449359105284e-01	   5.4887416025342706e-01	   1.1083127147970884e-01	   8.6183499786174222e-01	   5.8544038626594608e-01	   0.0000000000000000e+00	   5.3062113016607804e-01	   6.1738237968989373e-01	   3.8095377030451272e-01	   5.4345966802310275e-01	   2.8738746132330129e-01	   2.6339241027999366e-01	   5.5666383676450312e-02	   3.3482190446746540e-01	   3.0157743511204049e-01	   4.2577776955475322e-01	   2.4177072237792208e-01	   2.6396586782816667e-01	   3.0024114037709282e-01	   3.5324796762908017e-01	   3.7023082364444015e-01	   5.7561039134895065e-01	   4.6891523851555661e-01	   5.9848180463389056e-01	   5.7405630071477964e-01	   3.9257422789919111e-01	   4.0853229912724703e-01	   7.4103444057969231e-02	   1.1403540128496505e-02	   2.6651502779469821e-01	   1.0491250564574191e-01	   3.7992548549210331e-01	   8.6448239842237679e-02	   1.2812223350590790e-01	   2.2285424930672110e-01	   2.3085624707007785e-01	   3.0058009594959068e-01	   1.3109557582546175e-01	   1.1966817882925343e-01	   3.7318068179332753e-01	   3.8994848360870588e-01	   3.5052095972380221e-01	   2.8374074214213135e-01	   4.1511036161445286e-01	   2.9515703079056743e-01	   3.0737994063935692e-01	   2.3973520997967390e-01	   3.6453000384885137e-01	   2.7048025710873769e-01	   1.3084267989866361e-01	   2.2797947147226216e-01	   2.4636913752811543e-01	   2.6448669830508958e-01	   4.2172058207736873e-01	   3.6795284018736907e-01	   6.2511310680696985e-01	   5.0937435100206385e-01	   2.9952450396130303e-01	   1.8387560162964620e-01	   2.4987825822096033e-01	   1.1931573567594518e-01	   2.0029001470114216e-02	  -8.8508654895729427e-02	   1.8948512870131762e-02	  -2.3510803905675240e-01	   3.9802793048347240e-01	   2.4075863550291116e-01	   3.2826700980190859e-01	   1.7657834556673963e-01	   5.2946916843804301e-02	  -1.4500266341950691e-01	   3.2146225476920620e-01	   3.3690982718735762e-01	   5.1018758328403879e-01	   4.6702489801890790e-01	   2.9546376153683163e-01	   4.1050620188822273e-01	   3.0062037367167382e-01	   2.2561714309602326e-01	   2.9742887684440961e-01	   1.9041953801733355e-01	   1.9540358335299429e-01	   3.0573212913579351e-01	   2.6761898811956075e-01	   1.6055105719765159e-01	   1.2530616197946945e-01	   1.0677457954789665e-02	   2.3894537966427865e-01	   2.2430029101934723e-01	   3.1758426307299437e-01	   2.9123391246956420e-01	   3.4140118754736926e-01	   4.3590274545508345e-01	   3.6421617549794361e-01	   4.0064218376989302e-01	   3.3035931601027130e-01	   2.8752000037324044e-01	   1.8321463857061163e-01	   3.1525452976396739e-01	   7.4193545081474521e-02	   1.3521603538832422e-01	   3.5463963271997984e-01	   1.5652361616969326e-01	   2.6194480707224888e-01	   4.1141526612631907e-01	   3.5550209984174919e-01	   2.8849746904415208e-01	   3.0391590354471543e-01	   3.9594992458339573e-01	
