   0.0000000000000000e+00	   7.9485215074952187e-01	   6.6900119331162844e-01	   6.5811457645336202e-01	   6.5453622354952634e-01	   6.2680825907037430e-01	   5.2601939660737995e-01	   6.6146039387369271e-01	   6.3568493735459997e-01	   6.6243299100852138e-01	   7.2305139881469349e-01	   7.5742183847659794e-01	   7.5305106888157858e-01	   7.3077610723560316e-01	   7.2924173660546443e-01	   7.5597989663244425e-01	   7.1009028358513782e-01	   7.2041159107177433e-01	   6.2587596947297763e-01	   7.3336699821810214e-01	   5.0195569716636135e-01	   3.4908736325269363e-01	   5.6601543261249065e-01	   6.0629332716973938e-01	   3.7366406100627109e-01	   3.2239346497073773e-01	   5.8132112612829157e-01	   4.7701046876383235e-01	   5.0480069385782567e-01	   5.5963647321975429e-01	   3.2245747549192966e-01	   4.9605660369692600e-01	   5.8812852652550951e-01	   5.8759855484343149e-01	   1.9069605933669398e-01	   2.3072475035792328e-01	   5.2606719600037155e-01	   5.3600193823272635e-01	   3.8076763711190242e-01	   3.0454518621127635e-01	   5.2173062626374367e-01	   2.9072260804135408e-01	   4.7586659270564491e-01	   4.5301102048544040e-01	   4.4391318513060773e-01	   5.7360607339486458e-01	   5.1232346311443133e-01	   5.2836292096864890e-01	   5.9401319190446500e-01	   8.0116339923897317e-01	   6.0935956907356448e-01	   6.6175304544051450e-01	   7.2083915978725566e-01	   5.9743046203255146e-01	   5.5332973886440651e-01	   6.2425175162626845e-01	   8.0150340461204062e-01	   6.8208440827876049e-01	   7.5467996542068860e-01	   5.8310833920766258e-01	   7.9917071434968756e-01	   6.7766342475026975e-01	   6.2300197497224885e-01	   5.4301980616951084e-01	   9.9256581490260259e-02	   3.3104606249758245e-01	   1.2996002026047782e-01	   1.1912819984259164e-01	   5.5504249099412029e-01	   4.4654682842753524e-01	   4.8962090314908835e-01	   3.2924416781539662e-01	   7.7536270158766518e-01	   7.6062898106618926e-01	   7.1793102977470458e-01	   6.9586617555348018e-01	   4.8141083450117772e-01	   5.1239562104957836e-01	   3.8313393007231011e-01	   5.2489302665304327e-01	   5.5020316735298924e-01	   5.9880283850037463e-01	   5.1386814126229463e-01	   5.0510901770548999e-01	   5.7857186101982383e-01	   5.4121475639555661e-01	   5.9183018059692005e-01	   4.9649227088813880e-01	   6.4578124173410156e-01	   7.9252157435848747e-01	   3.0150375602030149e-01	   1.0305689096855980e-01	   3.0731378805702519e-01	   1.7702873767206939e-01	   2.3827116068076507e-01	   4.2188886410299947e-01	   4.5944580450999040e-01	   5.9939020952930888e-01	   6.0537997817953715e-01	   5.1564551985953666e-01	   3.1830834577699957e-01	   1.6353898703973938e-01	   2.9169877833642255e-01	   3.1429040344062997e-01	   2.2997113363876517e-01	   1.1186848481652806e-01	   1.2572216702254457e-01	  -1.3274692095557927e-01	   3.4999153114091930e-01	   3.7687628992522393e-01	   4.4029466562286557e-01	   4.7773839630847603e-01	   3.3189388590323649e-01	   4.3691262230753591e-01	   1.9911258869023324e-01	  -1.3085980485042967e-01	
   7.9485215074952187e-01	   0.0000000000000000e+00	   6.6662226943864145e-01	   6.8243246411872283e-01	   7.1954345495169925e-01	   6.0455033256744184e-01	   4.1179319616074794e-01	   5.7681530824839933e-01	   6.3982146354651281e-01	   5.5161514531567468e-01	   5.2190060371718050e-01	   7.0274107706376199e-01	   5.9428195985366772e-01	   6.0085406792136753e-01	   8.0499194402845109e-01	   7.5921770111127473e-01	   6.6265680707192220e-01	   8.8838995617165450e-01	   5.2944548805216873e-01	   8.4602970194210247e-01	   6.5255625588991784e-01	   4.7264367196898444e-01	   6.5619802182053477e-01	   6.2858528223937615e-01	   5.6967750762103431e-01	   4.6854436706805203e-01	   7.2575184484539979e-01	   6.2635367622925109e-01	   5.8083068835972096e-01	   6.1150420602594457e-01	   4.3063809638167622e-01	   5.3063947221961427e-01	   6.3119605697130565e-01	   6.4657263466299342e-01	   2.9568332250185003e-01	   3.2731439731690604e-01	   6.4787271421596127e-01	   6.1914992771961264e-01	   5.5894587557270325e-01	   3.4293068858888820e-01	   5.4913774525783787e-01	   3.1390875437560273e-01	   5.8928939377191569e-01	   5.4033879718378242e-01	   5.7357668524330430e-01	   6.2650704161007265e-01	   7.2549947364905343e-01	   6.9076245141602777e-01	   6.7701152302866752e-01	   8.2619930185901214e-01	   7.6978796041064412e-01	   7.6457512037206543e-01	   8.2921531944540650e-01	   6.7883120998390023e-01	   6.7513919635070008e-01	   6.9487589142694173e-01	   8.9056035916257992e-01	   9.2447465271433993e-01	   7.7682542458505432e-01	   6.8337166293742957e-01	   7.2214698868195759e-01	   5.8860430438279787e-01	   6.9185739906884824e-01	   7.3681174502092461e-01	   1.0477262747513220e-01	   2.5621035024264727e-01	   2.2282936029589676e-01	   2.3829887342109204e-01	   7.4851054268906547e-01	   6.1025343411903676e-01	   5.3172156187559516e-01	   3.2889809783600299e-01	   6.6876590784246170e-01	   7.6592357716046711e-01	   6.1687857913512212e-01	   7.1323761038414057e-01	   4.4210851499646553e-01	   5.6886601937372960e-01	   4.4122371778199715e-01	   6.2438296595978393e-01	   7.2380960630855151e-01	   8.0379908839550063e-01	   6.3495921901323882e-01	   6.4877261771507588e-01	   6.9406723741630905e-01	   6.0891267670511762e-01	   6.7840443941241779e-01	   5.3455380507504224e-01	   6.1404747650462821e-01	   7.1825185271128678e-01	   4.6024520100040267e-01	   3.8581505234290756e-02	   3.1788331952289861e-01	   7.3457137296029831e-02	   1.4993655630266309e-01	   5.5973244295007996e-01	   6.2510906579086489e-01	   7.0864147474538741e-01	   7.6557858769592058e-01	   4.3903078230294190e-01	   4.8925945644419855e-01	   5.4945658519080808e-02	   4.5194332982482799e-01	   3.2128748697332243e-01	   2.5967706172943256e-01	   1.2971890689375032e-01	   1.5546366325497668e-01	  -1.2857397844883667e-01	   4.1636192931165916e-01	   4.6230881556302805e-01	   5.9439899721559875e-01	   5.4184231655696102e-01	   2.3459775794875212e-01	   4.8781389339633818e-01	   1.3660127861337534e-01	  -1.9181689477902833e-01	
   6.6900119331162844e-01	   6.6662226943864145e-01	   0.0000000000000000e+00	   7.9220382943757084e-01	   6.4791661855474070e-01	   6.2718600504235089e-01	   7.1917359181358775e-01	   6.1857000477335256e-01	   5.7198034341122528e-01	   5.0437635370525002e-01	   5.8136653965674090e-01	   6.9081659782186455e-01	   6.0776795792539673e-01	   5.5988520831352484e-01	   7.2270541047499304e-01	   7.1590626250864853e-01	   5.0598287996069480e-01	   6.1988178245136327e-01	   4.8286668774353897e-01	   6.4392676988466868e-01	   5.5506242065631228e-01	   4.0744574605536882e-01	   8.6807794788306314e-01	   8.0844454624807949e-01	   6.5771192576523085e-01	   5.2414557412492280e-01	   5.9326022945821433e-01	   5.3289691677536166e-01	   3.8473807997495918e-01	   4.6387263644306354e-01	   4.1291856808012062e-01	   5.0532028542911944e-01	   5.9441701792331636e-01	   6.2044065831230999e-01	   4.5757928850947283e-01	   4.0747428048205703e-01	   6.5093529187350696e-01	   5.8278852817871152e-01	   5.2711865716271300e-01	   3.7181933364130676e-01	   3.7252958237885403e-01	   1.5503472127280529e-01	   7.0884784878836871e-01	   6.8643199529987198e-01	   6.3584749533880336e-01	   6.4863286790008889e-01	   6.5795281535935402e-01	   5.9857593107472495e-01	   5.5460780295888701e-01	   5.9151252967585344e-01	   5.7282880472116893e-01	   5.9430301865171598e-01	   5.7168712300475200e-01	   4.9119032183779454e-01	   6.6941120218679750e-01	   6.2548498012043452e-01	   5.6002231727885488e-01	   5.8136030900904134e-01	   5.2709968308162813e-01	   3.9709036290939553e-01	   6.4147769222397333e-01	   4.7247400746726620e-01	   4.1079052146451855e-01	   4.5495077388221628e-01	   5.7523358524581669e-01	   4.5465605517693297e-01	   4.8455126290615819e-01	   4.3156034328739268e-01	   6.2014354687183504e-01	   5.4366620594343862e-01	   5.8580780830842150e-01	   4.4299519103101093e-01	   7.2210418152120048e-01	   6.7029878731229275e-01	   6.6872488213108250e-01	   6.5529725267223182e-01	   6.5557681970770898e-01	   6.6493941629695463e-01	   4.2566031971775020e-01	   5.8138524617249021e-01	   4.4518684429379030e-01	   6.9025793691776549e-01	   4.4102232525745333e-01	   5.4850710270277292e-01	   8.0223320619075367e-01	   7.3695384530761987e-01	   5.8658859322181411e-01	   5.3884676036603341e-01	   7.4212944581700724e-01	   6.6807833160942653e-01	   5.4082219660086783e-01	   3.5551526556256674e-01	   2.7012357197778070e-01	   3.3891359601465509e-01	   8.4360008615117610e-02	   4.9952434009078495e-01	   5.3697238762681820e-01	   5.7636406688066255e-01	   6.2062156679176228e-01	   4.0093504820136094e-01	   3.4501033488472255e-01	   1.5713603460731917e-01	   3.8452530890632963e-01	   3.9574415478692582e-01	   2.9241302315066131e-01	   2.9305362610124031e-01	   1.5659461043165807e-01	  -2.6163172536122714e-02	   1.1553170098248347e-01	   4.5579246612283220e-01	   5.3675627316995977e-01	   5.2435635217547705e-01	   2.9678365807805385e-01	   5.1806321045712256e-01	   1.1388617561760524e-01	  -1.0059301657323919e-01	
   6.5811457645336202e-01	   6.8243246411872283e-01	   7.9220382943757084e-01	   0.0000000000000000e+00	   5.7720449667577101e-01	   7.1784431289507566e-01	   6.7951276692915230e-01	   8.5113490108818368e-01	   5.4588953530372319e-01	   6.2792408264899124e-01	   4.1755102794456367e-01	   7.7426480459246050e-01	   4.5624483267943589e-01	   6.6694129955805226e-01	   5.2719391622203737e-01	   7.6069489660703160e-01	   4.3987850978280574e-01	   5.7157729484470343e-01	   4.1597829767311933e-01	   6.5970554467766940e-01	   5.4836923597158593e-01	   5.3735119568754519e-01	   7.3422036169450733e-01	   8.7749044991302516e-01	   6.6762489194858410e-01	   6.9109910652884488e-01	   5.5137818700837149e-01	   5.5915103486273532e-01	   4.1864115977020561e-01	   5.0438145127711764e-01	   5.1397558764103057e-01	   6.6457939782728515e-01	   6.9622678889762679e-01	   7.9656003756412552e-01	   5.5809551305960337e-01	   6.1380573592024890e-01	   6.3290361527513173e-01	   6.7404150261054552e-01	   6.2036749201699470e-01	   5.5612729981006614e-01	   3.6397385523167841e-01	   2.4486045847419266e-01	   6.9881300954506687e-01	   7.2395582445590845e-01	   7.2682296961656112e-01	   8.1101162498379142e-01	   7.0083652035019117e-01	   7.0533062452992157e-01	   5.7939263321374157e-01	   6.4697612680714167e-01	   6.1523884664633310e-01	   7.7034778514464775e-01	   5.3088265959695558e-01	   4.7512335533521044e-01	   6.7710017143578360e-01	   7.2082733193739368e-01	   5.4698454020552212e-01	   5.2326686230623887e-01	   5.0534679766911550e-01	   4.0309065904397234e-01	   5.9910978603693033e-01	   6.3548417992659367e-01	   3.3065669584247537e-01	   3.7255835551234950e-01	   5.6428697456632326e-01	   7.6080123087500207e-01	   6.2104240706500535e-01	   6.4265356879251589e-01	   6.5999662135550086e-01	   6.2877640367158971e-01	   4.5752229675902523e-01	   4.7112489430288917e-01	   6.0682215488601365e-01	   7.0620967990845274e-01	   5.5862517798556888e-01	   6.8488843662287902e-01	   6.3185525979378021e-01	   7.5176837450367695e-01	   5.1057770837859973e-01	   5.6878894063274155e-01	   5.1911412953867941e-01	   6.5386505622017266e-01	   3.7942069428782610e-01	   5.3020901894238037e-01	   7.9415818322470422e-01	   8.4609775506198293e-01	   5.3290910871527797e-01	   5.5780092783869739e-01	   6.9255596266667441e-01	   7.1667145170188873e-01	   6.8585303622141880e-01	   3.6932406690179115e-01	   4.9354815904498212e-01	   3.3556122534995370e-01	   7.1634351078099914e-02	   6.4926055599430499e-01	   6.4296393941147467e-01	   7.1409768625893033e-01	   6.6261940955719600e-01	   5.1847233244362534e-01	   4.4967731837784158e-01	   2.0313569265389680e-01	   5.0814393896072130e-01	   4.9991949222441801e-01	   3.9205012468019462e-01	   3.5185792301216268e-01	   2.6984017372864522e-01	  -7.8276055226047775e-02	   2.7638854206521246e-01	   5.8089406436688562e-01	   6.9163965827777163e-01	   6.7518861418552012e-01	   4.6401673938035826e-01	   5.8395421387848601e-01	   1.2993865817747022e-01	  -1.4763161056121624e-01	
   6.5453622354952634e-01	   7.1954345495169925e-01	   6.4791661855474070e-01	   5.7720449667577101e-01	   0.0000000000000000e+00	   5.9513490603660157e-01	   5.5917030335459073e-01	   6.3800470507107843e-01	   9.3551386642732137e-01	   7.6764458938585378e-01	   5.8347683514528481e-01	   7.5141185684066703e-01	   6.7983129858497204e-01	   7.2951547339705558e-01	   8.1405819182656602e-01	   7.3844464675367028e-01	   6.3030830670253346e-01	   7.0012900642135145e-01	   5.7898946048994437e-01	   6.6654843599331204e-01	   5.2169200995483500e-01	   3.4363551112695212e-01	   6.4976925930584273e-01	   5.3865556584172358e-01	   5.2871213467525180e-01	   3.3964546366450987e-01	   5.4280635400818933e-01	   3.6781932465856032e-01	   6.1961381636136881e-01	   6.4692843957506452e-01	   4.8022358941950477e-01	   5.5703249885090922e-01	   5.5330254779479682e-01	   5.8291951154566501e-01	   2.4976433841809331e-01	   2.8268533867176465e-01	   4.7373915480064832e-01	   4.6285080291713937e-01	   3.7972977306467204e-01	   5.7750094952728703e-02	   5.1878391349379815e-01	   2.6541466572308858e-01	   5.4041243280397888e-01	   4.7411348970700590e-01	   5.6243796049863704e-01	   6.2155635744868576e-01	   5.8016880602461041e-01	   5.7404529981121322e-01	   6.5382147378236488e-01	   7.5901870628752910e-01	   5.0479524580147428e-01	   6.4764928630691943e-01	   7.1098028486505505e-01	   5.5038860642631049e-01	   4.0046100456182088e-01	   4.0129576478624424e-01	   5.9488427229272622e-01	   6.1791641791790919e-01	   6.1828319333935078e-01	   5.8431710048199370e-01	   7.0015593434553836e-01	   6.1236943119235709e-01	   6.4265916541478940e-01	   6.1972322575457262e-01	   9.1297962034039448e-02	   2.7744548376839173e-01	   1.6781468125479629e-01	   1.8552908897310985e-01	   5.4775238770696011e-01	   4.8443779355174488e-01	   3.9533236715499021e-01	   2.8501884394272414e-01	   6.1015647698899167e-01	   6.3496434042496086e-01	   4.9928225458383879e-01	   5.5933743688415039e-01	   3.6211225433387362e-01	   4.5874421882654703e-01	   3.4260739974105847e-01	   5.0503183510841820e-01	   6.2525629215376555e-01	   7.0404400924349853e-01	   6.0263614463758375e-01	   5.3456063032724233e-01	   5.5024987109407086e-01	   4.8847020609110026e-01	   4.7925822165053522e-01	   3.9191356657791521e-01	   5.0123523050766616e-01	   6.4032842719570160e-01	   3.8259851649331955e-01	   7.0155975714088995e-03	   2.1608543774669869e-01	   1.5871460337547841e-01	   4.7440744165819185e-02	   3.9577857902781832e-01	   3.6138749089588784e-01	   4.4990301482062378e-01	   5.1950749918433348e-01	   2.5751132373363100e-01	   4.3665979489679813e-01	   2.9383836180332357e-01	   3.6679375417232762e-01	   3.3917537881041770e-01	   1.5104211451352156e-01	   1.0105974688119845e-01	  -3.0615547630422901e-02	  -9.5612241233873824e-02	   2.2378917132973750e-01	   4.2117394670266339e-01	   4.7440515314009518e-01	   4.5770510355770111e-01	   1.7606710878801096e-01	   4.5224657785057842e-01	   3.0596053661680511e-02	  -2.0636193671134231e-01	
   6.2680825907037430e-01	   6.0455033256744184e-01	   6.2718600504235089e-01	   7.1784431289507566e-01	   5.9513490603660157e-01	   0.0000000000000000e+00	   5.9078081301234109e-01	   7.0023186739700372e-01	   5.3821749773723615e-01	   7.6729780975779338e-01	   2.9570405713178527e-01	   6.6867044400364728e-01	   4.2041959464426570e-01	   6.3391572343392277e-01	   5.5631131004671852e-01	   7.5445060911302142e-01	   4.4618407190630166e-01	   5.6726627598793078e-01	   5.6182636193994595e-01	   6.6546810194090700e-01	   5.4124224642002616e-01	   5.4519149826648194e-01	   6.6655139329406710e-01	   7.2777116288652111e-01	   5.8016150215211315e-01	   6.0149749400933183e-01	   6.6810286087000181e-01	   7.7232988564244898e-01	   3.9947119185051538e-01	   4.7715846661783956e-01	   3.2756027247261066e-01	   4.7298891298936696e-01	   5.0105797703698185e-01	   5.2876341671553706e-01	   4.2482301441846654e-01	   5.1968578303641033e-01	   6.6139858459242618e-01	   7.0157652951602945e-01	   5.6120081297736557e-01	   3.6674878436936820e-01	   4.3585848797264393e-01	   1.8583577169461901e-01	   7.0027899218327871e-01	   7.1511134968714740e-01	   6.0399847914666538e-01	   6.7370411784312034e-01	   7.0759647281770488e-01	   7.4784830167494554e-01	   4.2920656893504250e-01	   5.1942241516872678e-01	   6.4096653501360379e-01	   6.7504139846759692e-01	   6.7207601592855570e-01	   6.3542521848639721e-01	   6.8286177627795019e-01	   7.5045213591004556e-01	   5.5059694823576755e-01	   4.5374544428379537e-01	   6.2965432925999532e-01	   5.0807850498362817e-01	   6.0686377484256393e-01	   5.4273270007580032e-01	   4.2121950452265033e-01	   3.1045101613387938e-01	   2.0051500708150310e-01	   5.1257822540062870e-01	   5.1368517448731299e-01	   5.5143354941230271e-01	   7.2913124441848842e-01	   7.5950435943771577e-01	   4.9077210682193684e-01	   5.5551389767377080e-01	   5.7497095963702671e-01	   6.6487901836509966e-01	   6.2172793711966490e-01	   6.6270771573949649e-01	   6.3195069379974023e-01	   7.1829050208969281e-01	   4.0742601050567917e-01	   4.7396361472757853e-01	   4.9787929745869008e-01	   5.6231824703628641e-01	   4.3184773489750328e-01	   5.7573596337372224e-01	   6.2546410598004143e-01	   6.3075723879916035e-01	   5.0203165934012450e-01	   6.9693103400412149e-01	   7.5453826158010284e-01	   7.7809115273659035e-01	   7.2355907558859800e-01	   3.9268455208485220e-01	   3.3655105202463453e-01	   1.9564842320797765e-01	   1.1138214408435293e-01	   6.7689495592295112e-01	   5.8126871058222085e-01	   7.2186537880093615e-01	   5.8962984371285154e-01	   4.7265564779923558e-01	   3.7268729416532237e-01	   1.9864702750298627e-01	   5.5838139205602333e-01	   5.5971431643408276e-01	   3.7642323241053249e-01	   3.1327361555624200e-01	   3.7778983174166125e-01	   1.2324856410075752e-01	   3.4147540929337972e-01	   5.9539080802069577e-01	   7.8291235735716069e-01	   7.0531046317011059e-01	   2.6774758170543228e-01	   5.3002418219978187e-01	   1.2361371096244263e-01	  -1.5619396702303079e-01	
   5.2601939660737995e-01	   4.1179319616074794e-01	   7.1917359181358775e-01	   6.7951276692915230e-01	   5.5917030335459073e-01	   5.9078081301234109e-01	   0.0000000000000000e+00	   8.0077169516231772e-01	   5.4197074440470949e-01	   5.7576250975865140e-01	   5.3827764941592138e-01	   7.4551229254077167e-01	   6.7804980195053344e-01	   7.4169730797336175e-01	   4.7155907129390201e-01	   6.2265080141892093e-01	   2.8241251262837042e-01	   3.4326548840095905e-01	   4.3383040187085276e-01	   5.2634468745805507e-01	   3.3471055089003032e-01	   2.4083239171412330e-01	   4.7553246101368996e-01	   5.0985921415309265e-01	   3.2831941189833935e-01	   3.2669216414689373e-01	   2.9739406151584563e-01	   3.2044573257190062e-01	   2.6148620944044765e-01	   3.5956856577190588e-01	   2.3993697003162590e-01	   3.8383219099366772e-01	   4.0839437648603799e-01	   5.3534986228695636e-01	   2.6020728845906366e-01	   3.1182946667825073e-01	   4.5595448663103189e-01	   4.0270160244412956e-01	   3.9699552009964634e-01	   2.2179676443271273e-01	   2.1730872527571990e-01	   7.9509932058979021e-02	   4.8616203541890557e-01	   5.5732735023178925e-01	   5.7968079978596954e-01	   6.1617396509612010e-01	   4.5775507087779910e-01	   4.4317431393530210e-01	   5.4770308504638587e-01	   3.7826866189051628e-01	   5.6358868788606886e-01	   6.2301521840848073e-01	   4.3022533780680772e-01	   2.3648476683793979e-01	   5.4317898141686305e-01	   4.5145931973816228e-01	   2.4673351287442535e-01	   1.8178497442236105e-01	   4.6772301916343512e-01	   1.3603594232183014e-01	   6.2059829952965462e-01	   3.9644317491529985e-01	   2.1487814979883996e-01	   1.9948600884675288e-01	   4.0626371209069911e-01	   5.7116420756082142e-01	   6.1652626993884097e-01	   5.5371484636814661e-01	   4.7077022410453789e-01	   5.2775106141378825e-01	   5.1013298180363564e-01	   4.8328085570152418e-01	   5.6750820977017002e-01	   5.1538433566109598e-01	   5.2963672757409985e-01	   5.5471858576695099e-01	   6.6357771626719408e-01	   6.7354627172017456e-01	   3.2068472904012513e-01	   4.1579346907321635e-01	   2.9636780024692533e-01	   4.2648903744989808e-01	   1.6547347542703442e-01	   2.9461506704556117e-01	   5.5550345668731860e-01	   4.9384838392092190e-01	   2.3627654585382135e-01	   2.6232695732628702e-01	   5.3773151572069100e-01	   4.5639729517650385e-01	   5.8316020430868987e-01	   5.1394779300278759e-01	   3.2741551082072595e-01	   6.0012414023434613e-01	   4.9166336839015820e-02	   5.2532612882621987e-01	   3.7951001354921288e-01	   5.2813241530950850e-01	   4.9480984431909475e-01	   3.2485624563372151e-01	   3.6289002273488846e-01	   4.6499232626000248e-01	   4.0936230503191029e-01	   5.3120749747236484e-01	   2.3693568169624479e-01	   3.1239319706387747e-01	   2.9813588974432403e-01	   6.8575459299154040e-02	   1.4263167792092352e-01	   4.7406227449708227e-01	   4.5162566903838453e-01	   5.1412274617850928e-01	   4.5570318009484390e-01	   5.5145942587339547e-01	   1.8309804909182098e-01	  -1.6947090277709440e-02	
   6.6146039387369271e-01	   5.7681530824839933e-01	   6.1857000477335256e-01	   8.5113490108818368e-01	   6.3800470507107843e-01	   7.0023186739700372e-01	   8.0077169516231772e-01	   0.0000000000000000e+00	   6.2588522191483387e-01	   7.8489671206339895e-01	   5.2348364310530404e-01	   8.8254422811286148e-01	   6.6605585688915636e-01	   8.8746742513419985e-01	   5.2520726610841373e-01	   7.6888138913839010e-01	   3.8497174067122286e-01	   4.4615907048443593e-01	   4.8733526811283495e-01	   6.0239008065969879e-01	   4.7814477340542905e-01	   4.2013152058980796e-01	   5.2506665885416004e-01	   6.2624880643107095e-01	   4.6339347129573760e-01	   5.2238096007789792e-01	   3.7504636115597534e-01	   3.6700255817675920e-01	   4.4119857849264177e-01	   5.2050651640396284e-01	   4.0190827988278632e-01	   5.9199139734338901e-01	   5.8822188147985222e-01	   7.4928366625073239e-01	   3.7102475426515025e-01	   4.8316828283456525e-01	   4.5406729789401201e-01	   5.2129892441331505e-01	   4.5570936266611939e-01	   3.2396144408606953e-01	   3.9192314978084508e-01	   2.5793267244187823e-01	   5.3711774969064374e-01	   5.6129043453016070e-01	   6.9319426109054938e-01	   8.0903083849044366e-01	   5.6745365231711764e-01	   6.0241019892529246e-01	   6.9935108366066323e-01	   6.5879644587646946e-01	   5.8412217304266234e-01	   7.4289094468038663e-01	   5.3212618120924460e-01	   4.0797036534390951e-01	   5.0483382603024307e-01	   5.1873342214942930e-01	   3.9611493807412268e-01	   3.2170413049618141e-01	   5.2598518159353591e-01	   3.3465913094810340e-01	   6.7880699016475332e-01	   6.7531371733276069e-01	   3.1163651982582485e-01	   3.0146146490216463e-01	   3.2133820477090924e-01	   7.5468513936442316e-01	   5.2856460396545191e-01	   5.5172405024596471e-01	   5.9765314011111559e-01	   6.1733263665900617e-01	   3.5007995495022026e-01	   4.3314722632705982e-01	   5.4228330542254588e-01	   6.0017999729353400e-01	   4.8754080260886684e-01	   6.0941142425002170e-01	   5.3877128546047959e-01	   6.3237851436750614e-01	   3.5928592784052288e-01	   4.4583092570011118e-01	   4.8461412616944893e-01	   5.0598989463014976e-01	   3.6485307821148605e-01	   3.8202296056920521e-01	   5.7802308816212311e-01	   5.7500923174200391e-01	   3.2155154665172331e-01	   3.3728386316270620e-01	   5.7907064937894293e-01	   6.3274488063280421e-01	   6.3047527816828763e-01	   3.3629008007740607e-01	   4.4609864864489257e-01	   4.1937694784240193e-01	   1.0524940374061756e-01	   5.6198320388629486e-01	   4.4100082638867261e-01	   5.9002829653259681e-01	   5.4505205293831804e-01	   4.2751199280586999e-01	   4.3893998238922383e-01	   3.9283720396091132e-01	   4.6051702649320192e-01	   5.3375511329875591e-01	   3.9389944835896407e-01	   3.4527657415744173e-01	   2.4621586852296506e-01	  -9.4291245923237732e-02	   2.8777183741896406e-01	   5.9201822223649603e-01	   5.9171137257296413e-01	   6.3971988217365516e-01	   5.1518533941948763e-01	   6.2886936571171848e-01	   1.8073891302690245e-01	  -1.0884676482983419e-01	
   6.3568493735459997e-01	   6.3982146354651281e-01	   5.7198034341122528e-01	   5.4588953530372319e-01	   9.3551386642732137e-01	   5.3821749773723615e-01	   5.4197074440470949e-01	   6.2588522191483387e-01	   0.0000000000000000e+00	   7.9616538551433669e-01	   5.9502453693984481e-01	   7.2353499747461103e-01	   6.5410393271891487e-01	   7.2626114854227986e-01	   7.9213210648373122e-01	   6.9657773897330688e-01	   5.9375980650623938e-01	   6.0625285863338729e-01	   5.8900122754262729e-01	   6.2188358678346911e-01	   3.8287227360185272e-01	   2.3147988433227634e-01	   5.2885220494386909e-01	   4.9177309416662757e-01	   3.4383890808639433e-01	   1.9394865743250622e-01	   4.7090376616780738e-01	   3.1138133191055856e-01	   5.5677622703054053e-01	   5.7820040447932286e-01	   4.1444938326270175e-01	   4.7746043921588849e-01	   4.5746457144244512e-01	   4.8879168683003593e-01	   1.0381696946752166e-01	   1.4739443940210153e-01	   3.3951278377876004e-01	   3.5095133806274487e-01	   3.1698223397412451e-01	   1.9612610821944640e-02	   4.1277631967080608e-01	   2.8017812533286229e-01	   4.4944134764072141e-01	   4.1005537545061083e-01	   4.1467797004389761e-01	   5.2448069950323928e-01	   4.4917873984075024e-01	   4.5480454020578448e-01	   5.8379273546941413e-01	   7.1799340768531050e-01	   4.6990934671783335e-01	   6.0333115530196268e-01	   6.5159192269662958e-01	   4.6588734713325441e-01	   3.1721879869843722e-01	   3.2837796629863486e-01	   5.2709147275130019e-01	   5.2047154709188437e-01	   5.4144949483523774e-01	   4.9723552188622128e-01	   6.3837965180354805e-01	   6.0481486383048599e-01	   5.9036208144262137e-01	   5.0468364726348480e-01	   5.2251471552295203e-02	   2.8911842839388746e-01	   6.6669140491093570e-02	   8.6523699722033193e-02	   4.6523205949541679e-01	   3.8851542578713305e-01	   2.9460152380233823e-01	   1.6983037917304067e-01	   5.6208640670508259e-01	   5.7529401793304469e-01	   4.5165985927505514e-01	   4.8683154698514058e-01	   2.8563706231431257e-01	   3.7704192573612949e-01	   3.4356167158230316e-01	   4.6331920586159403e-01	   5.4157481183184208e-01	   5.9454042356936321e-01	   5.5245180774393010e-01	   4.6797429071801699e-01	   4.7960076374140953e-01	   4.3400367351596680e-01	   4.4101288585839871e-01	   3.7554880230361598e-01	   4.3717000267564682e-01	   5.9258222526496895e-01	   3.0277119569368316e-01	  -3.4581654467154333e-03	   2.1559310846036858e-01	   1.3914080715873806e-01	   1.0024776860340343e-02	   3.3875713667791285e-01	   2.5297851590378601e-01	   3.8468194361816654e-01	   4.4284569022425802e-01	   2.1487868492102949e-01	   3.7635313208938348e-01	   2.3425061005995629e-01	   2.6622582419089341e-01	   2.3335967067766764e-01	   9.7619901885563146e-02	   5.4333405424674422e-02	  -7.0247293834127825e-02	  -6.9662432119788092e-02	   1.6504298214136945e-01	   3.3089540262788364e-01	   3.6076175768818974e-01	   3.3214845213849681e-01	   2.0018001949926365e-01	   3.8990947881657340e-01	   3.9788515204898740e-02	  -1.7922531995684415e-01	
   6.6243299100852138e-01	   5.5161514531567468e-01	   5.0437635370525002e-01	   6.2792408264899124e-01	   7.6764458938585378e-01	   7.6729780975779338e-01	   5.7576250975865140e-01	   7.8489671206339895e-01	   7.9616538551433669e-01	   0.0000000000000000e+00	   4.6663735052273214e-01	   7.6475605897238652e-01	   6.0907568275062551e-01	   8.3867407066027666e-01	   6.3056154448625368e-01	   7.8043440645708018e-01	   4.9395091245161182e-01	   4.9798109214511621e-01	   5.3495396247597171e-01	   5.4966228937952810e-01	   4.2246715641664156e-01	   3.3693310092257112e-01	   5.1633322371118751e-01	   5.2672751251499683e-01	   4.0127515742882486e-01	   3.5891135926163109e-01	   4.1394869442316706e-01	   3.6220784499960418e-01	   4.7094223446542949e-01	   5.2203404774972839e-01	   3.1929710740128764e-01	   4.7626392761434855e-01	   5.1024217219714085e-01	   5.5300961580704455e-01	   1.9745471280666949e-01	   3.0945622194187505e-01	   3.5340992687864575e-01	   4.5232768058429934e-01	   3.4455154273413802e-01	   1.1613802532625407e-01	   5.1628597566936685e-01	   2.7544053189867235e-01	   4.7662378690634560e-01	   4.6324745032946713e-01	   4.9566398592738831e-01	   6.4929643663981473e-01	   5.1873632955849902e-01	   6.1325599177346857e-01	   5.7096122078449252e-01	   7.0355849786749958e-01	   4.8480904805951619e-01	   6.4729833389440239e-01	   6.7242533717998143e-01	   5.9823817962868731e-01	   3.4290781780939456e-01	   4.6755756026843442e-01	   4.5300703335559989e-01	   3.7349094607084798e-01	   5.7538023159695451e-01	   5.7466702920321489e-01	   6.7140362317201585e-01	   7.8026147097888254e-01	   4.9555436562225835e-01	   3.7310652610667300e-01	   1.3501141687063789e-02	   4.7315929514553390e-01	   2.0153861686904312e-01	   2.4659593479974262e-01	   5.6050867649613201e-01	   5.5301991831486519e-01	   1.9174930637377424e-01	   3.0439591427422086e-01	   5.0619934352774765e-01	   5.4778717140672972e-01	   4.6123384886051533e-01	   5.1619126400672899e-01	   3.1458390766871264e-01	   4.3171682058422650e-01	   2.5683454586127807e-01	   3.7319626601582379e-01	   5.0268485585838940e-01	   4.6980962636871376e-01	   5.4416637931439049e-01	   4.0539677929761947e-01	   4.1785970750254187e-01	   4.3682667749705112e-01	   3.7446274981907124e-01	   4.3460635348688292e-01	   5.7907516337249543e-01	   7.5152165117935321e-01	   4.5978474614423925e-01	   1.0242015282456574e-01	   2.1162733321018767e-01	   1.1445399030970918e-01	   1.1341076595187721e-01	   4.4486537210830113e-01	   2.6656907829252963e-01	   4.8575827853345044e-01	   4.2439178881746026e-01	   3.3578867684245445e-01	   3.7603598613935996e-01	   2.9128048014768543e-01	   3.4514069569991412e-01	   4.2904804047042466e-01	   2.1394979885596663e-01	   1.3133725474792279e-01	   8.8918636265803791e-02	  -3.5121414466141435e-02	   1.6714301045071850e-01	   4.5007292068613380e-01	   5.3568259920970074e-01	   5.1856420271663217e-01	   2.1114642408869722e-01	   3.9748753842869478e-01	  -4.2294840031210167e-02	  -2.8865574613193423e-01	
   7.2305139881469349e-01	   5.2190060371718050e-01	   5.8136653965674090e-01	   4.1755102794456367e-01	   5.8347683514528481e-01	   2.9570405713178527e-01	   5.3827764941592138e-01	   5.2348364310530404e-01	   5.9502453693984481e-01	   4.6663735052273214e-01	   0.0000000000000000e+00	   6.9202011092949212e-01	   8.3263727479294092e-01	   6.6639008707904968e-01	   6.9637417036587657e-01	   5.3536558246502941e-01	   4.6589994124446105e-01	   3.8355863126422440e-01	   5.4697883753200016e-01	   4.7259212014735025e-01	   2.5350375378155221e-01	   1.3323254031095935e-02	   4.2578035939742043e-01	   4.2237203360261055e-01	   8.0906876264305580e-02	   1.9887319590529873e-03	   3.8015292811020274e-01	   1.8828014699087831e-01	   3.1587808856825372e-01	   3.4741608432443222e-01	   1.7836892411279034e-01	   2.9210264690126297e-01	   3.0568479298975121e-01	   3.8428383709877473e-01	  -9.6927944390725104e-03	  -3.2479759478613014e-02	   2.5958888593118884e-01	   1.7324425054006606e-01	   5.1640306697979178e-02	   2.4334324891784880e-02	   3.0601626145987620e-01	   1.4483881540191965e-01	   3.3449582928418475e-01	   2.9304663949617327e-01	   2.4494402805018406e-01	   3.7161632955562174e-01	   1.4883146345735443e-01	   1.1429171057039887e-01	   4.2583457502833616e-01	   5.5360272375562958e-01	   3.3158231893372137e-01	   3.7100105357214963e-01	   4.5189820411540693e-01	   2.1407592351458646e-01	   3.1814170557897914e-01	   2.2725008376111328e-01	   4.0088580296491594e-01	   3.9046406607973971e-01	   4.6957450798548350e-01	   3.0083967401633982e-01	   7.0929410122856174e-01	   5.3579824109212604e-01	   4.4685712774218550e-01	   4.1155742610769430e-01	   1.9648917174865194e-01	   2.5479263412014297e-01	  -1.7011702454303480e-02	  -3.2749392870622576e-02	   2.5293034405849124e-01	   1.2821539701105325e-01	   3.6265630422134471e-01	   1.1645765920144585e-01	   5.6563069329518956e-01	   4.1990042639196823e-01	   4.6307553224526110e-01	   3.9658918267941046e-01	   3.1970188632693253e-01	   2.8927053667405456e-01	   1.2923371301431513e-01	   2.7661670303903485e-01	   1.9642112647297877e-01	   3.0308063477893937e-01	   4.5742126634406888e-01	   2.3196635827012249e-01	   4.7404602476269275e-01	   3.2260394651672769e-01	   3.8968927880375959e-01	   2.8976456060005429e-01	   4.8647079723764713e-01	   5.1466932424434719e-01	   1.2599888573462481e-01	   3.5308048058829672e-02	   1.4326500431589845e-01	   2.3800890456946672e-01	   3.7405911864617325e-01	   2.0554105077907900e-01	   1.0866858936228635e-01	   2.1989796664948241e-01	   4.2391856790183513e-01	   2.7475848517253199e-01	   9.3555878876740925e-02	   2.2854123412349880e-01	  -1.6697017165450377e-02	   9.2828686985684861e-02	   2.0950746096592582e-01	   9.5061098279108996e-02	   1.3477015094420414e-02	  -6.2873388895112970e-03	   2.5799499017478211e-01	   1.5984999835902358e-01	   3.1524225747061360e-02	   1.1448369999324473e-01	   3.7050999589476080e-01	   4.1056102056682431e-01	   3.5470073051673368e-01	   1.2315583504529276e-01	
   7.5742183847659794e-01	   7.0274107706376199e-01	   6.9081659782186455e-01	   7.7426480459246050e-01	   7.5141185684066703e-01	   6.6867044400364728e-01	   7.4551229254077167e-01	   8.8254422811286148e-01	   7.2353499747461103e-01	   7.6475605897238652e-01	   6.9202011092949212e-01	   0.0000000000000000e+00	   7.8942488183172421e-01	   9.3063026422882711e-01	   7.1936176491576220e-01	   8.8747788050855214e-01	   5.7503778829060692e-01	   6.4099952210219358e-01	   5.7900515124540231e-01	   7.2997540918067982e-01	   5.3176867509575632e-01	   4.1568203226946454e-01	   5.9218729451283070e-01	   6.6450215502929966e-01	   4.9095548016767354e-01	   4.7013330542559806e-01	   5.4648113380009922e-01	   4.2378104992029458e-01	   5.4550478444239048e-01	   6.4704820528024065e-01	   4.2429568522561240e-01	   5.9131163470430725e-01	   5.8925578845580651e-01	   6.9987285657223608e-01	   2.3679757324329176e-01	   3.3313484014175254e-01	   5.0490929197977108e-01	   5.3758842520703887e-01	   4.3249529748753812e-01	   3.0929133175008883e-01	   4.9661891656639401e-01	   3.9482698580343745e-01	   6.0484444886143585e-01	   5.7901646091450998e-01	   6.3624859156204039e-01	   7.4621792549783472e-01	   6.1599606211296098e-01	   6.0936878540284223e-01	   6.5539230473696053e-01	   7.0534167616037935e-01	   6.0530566597776381e-01	   7.1629860503402709e-01	   6.7733046216938320e-01	   5.3427107672903418e-01	   5.1113498358786968e-01	   5.3346047298834887e-01	   5.6417611699219727e-01	   5.0400410599108048e-01	   5.9441103772874193e-01	   4.4250724211706749e-01	   7.8367813513403251e-01	   7.0708791190879350e-01	   5.4484455090730499e-01	   5.1025078333861007e-01	   2.3932485692952032e-01	   5.3227309928391564e-01	   3.4032025238221486e-01	   3.6699870071655494e-01	   6.6634797531161882e-01	   6.1418431829571773e-01	   4.6478587712913139e-01	   4.2043087022747749e-01	   6.9988013627409185e-01	   7.1356518739238972e-01	   6.4511544931184805e-01	   7.1726364036022017e-01	   5.1031090142642022e-01	   6.2239485244994686e-01	   3.9705240842085232e-01	   5.0883776653092450e-01	   6.0199789572024287e-01	   6.4600213671909135e-01	   5.6120908223103638e-01	   5.7375675486037603e-01	   6.2273449456312746e-01	   6.2746524605794218e-01	   4.6845158231149997e-01	   4.8610378736104198e-01	   5.9335010214421091e-01	   7.1686390610555284e-01	   5.1677140579480230e-01	   1.2700530492167872e-01	   2.1412891598642886e-01	   2.4742706544470794e-01	   1.6793494232827988e-01	   4.6723959485330391e-01	   4.4661938680043289e-01	   5.3206404149347541e-01	   5.1835796691357583e-01	   3.1361415541237941e-01	   3.3132674390024608e-01	   2.8161218063015514e-01	   3.4044910886904345e-01	   3.9331214150135424e-01	   2.2260546689841706e-01	   1.3894879186996922e-01	   8.6539129517838362e-02	  -1.5820269494527531e-01	   3.0135907365058268e-01	   4.6730751948474891e-01	   5.4501432207412159e-01	   4.9000792215908856e-01	   3.2216867976930008e-01	   5.6264260873566241e-01	   1.0586728378763999e-01	  -1.9581151515155110e-01	
   7.5305106888157858e-01	   5.9428195985366772e-01	   6.0776795792539673e-01	   4.5624483267943589e-01	   6.7983129858497204e-01	   4.2041959464426570e-01	   6.7804980195053344e-01	   6.6605585688915636e-01	   6.5410393271891487e-01	   6.0907568275062551e-01	   8.3263727479294092e-01	   7.8942488183172421e-01	   0.0000000000000000e+00	   8.3658997104348920e-01	   7.5402482943870919e-01	   6.9316255694216244e-01	   6.1131741588963828e-01	   5.4298242011000686e-01	   5.9565492590788827e-01	   5.9729355122191152e-01	   3.5710897967240363e-01	   9.4396972731106893e-02	   4.4838227420256482e-01	   3.4912950798588654e-01	   1.8333325890797397e-01	   5.9450011873387200e-02	   3.6079760452282977e-01	   1.7794701980147029e-01	   4.3716722067823688e-01	   5.1770058028480836e-01	   3.0061794375467860e-01	   4.2395015605455233e-01	   3.5617666039886664e-01	   4.7310221656965745e-01	  -3.5526720064394694e-03	   2.0266751692760814e-02	   3.2478989749608461e-01	   2.7984955896375913e-01	   1.3232044671590995e-01	   9.9608697249254381e-03	   4.1454320197615024e-01	   1.6282403550834806e-01	   3.6658581829736703e-01	   3.1435014033504566e-01	   3.8083737064762624e-01	   4.8202232436255593e-01	   3.0670827686826491e-01	   2.7607237315973138e-01	   6.2861045383564496e-01	   6.4077261330806223e-01	   4.8081559309619804e-01	   4.9825955612232947e-01	   6.0372375109317122e-01	   3.4557384526185947e-01	   3.6885566917409573e-01	   2.6352218916693232e-01	   4.9073078744197746e-01	   4.3532647905700900e-01	   5.9837916785811418e-01	   3.7669873831923051e-01	   8.0723312433842631e-01	   5.8382058703001560e-01	   5.2051983126513124e-01	   5.1061945681320520e-01	   1.3228597447007925e-02	   2.5053741995841555e-01	   7.3774663438606891e-02	   3.6014291506124368e-02	   4.1543920084482189e-01	   3.2771944901366667e-01	   4.6154086618167645e-01	   2.7756819545157707e-01	   6.4402224054256751e-01	   5.5026994113025840e-01	   5.5690610969196308e-01	   5.1134997526485071e-01	   4.0956644461380959e-01	   4.0212428559490543e-01	   3.3635475379439211e-01	   4.7199431196444780e-01	   4.2442377372891305e-01	   4.3470499761145309e-01	   4.2601790209942858e-01	   2.5713376960363044e-01	   3.9091736518503029e-01	   2.3354752485945898e-01	   3.5413365485974091e-01	   1.4896247455789594e-01	   5.1019525257152698e-01	   5.3460240643064161e-01	   2.4437202021843396e-01	   6.1082721620157779e-02	   1.5140426265201024e-01	   2.5162232971914494e-01	   2.9807953273043331e-01	   2.3753417370003682e-01	   1.6840809337659954e-01	   3.0994267338265541e-01	   4.6271687264552930e-01	   2.5030490011610540e-01	   2.1459911602596918e-01	   1.8295113750873448e-01	   1.4256607966139090e-01	   1.3939413210950219e-01	   1.5677482182190211e-01	   9.2566633751811955e-02	   8.4837819176377033e-02	  -1.2422511292733869e-02	   1.9630367596531900e-01	   2.2339286372279907e-01	   1.9983076985819126e-01	   2.5490188089998445e-01	   2.9926029683958466e-01	   4.3310846280771864e-01	   2.4010415201714003e-01	   1.8295208576182716e-02	
