   0.0000000000000000e+00	   4.2105998228521296e-01	   5.4565015058734945e-01	   3.5978410468017297e-01	   1.9155686796181043e-01	   2.5328279561627687e-01	   6.5435500681717729e-01	   2.8837826517978815e-01	   1.6874188489103886e-01	   3.1973587235374312e-01	   6.8048292111541753e-01	   4.5271813310030501e-01	   6.0574221627889624e-01	   2.4820549311622822e-01	   4.2271622757769989e-01	   2.8994542684180902e-01	   6.5538767233143636e-01	   1.6109095408479773e-01	   4.1728542530674728e-01	   3.5948426340035400e-01	   1.3179822422255072e-01	   5.5767300214610079e-02	   2.6574845074644643e-01	   2.2242906095279386e-01	   1.0532979397325033e-01	   1.1547295106736513e-01	   1.8874028761266409e-01	   1.6362147898033452e-01	   4.3489960586148757e-01	   1.3345187175397513e-01	   1.3981663801050753e-01	   1.3208783943778768e-01	   3.2247926626630735e-01	   3.1214335166601342e-01	   8.9772386062244823e-03	   9.8511468324350690e-02	   3.2050581585155957e-01	   4.1536784042206637e-01	   3.5651496651374515e-01	   3.9826321052786812e-01	   2.8974649970636940e-01	   3.5019817845475176e-01	   4.5714179878187911e-01	   4.8899737547449784e-01	   3.8027815512040852e-01	   3.6998591452207730e-01	   3.6707056364684126e-01	   4.3706779367572435e-01	   4.6626923416839650e-01	   5.5103010270223574e-01	   4.8868299490576311e-01	   5.2475354956068787e-01	   4.0276781136872758e-01	   4.8321676583914258e-01	   3.3882353785772884e-01	   3.5415622434899774e-01	   7.1974010727353332e-01	   4.2565964371449472e-01	   4.9743791121743369e-01	   3.7368874191369061e-01	   5.5348162597544470e-01	   2.7927260112047514e-01	   6.8024223526039385e-01	   3.4679531950579656e-01	   1.2658036160572289e-01	   1.9305943373235579e-01	   6.5972398814647559e-02	   7.9171062989496874e-02	  -2.1923853071871585e-02	   1.0530724687914972e-01	  -9.6863799533022016e-02	  -1.4507348913783227e-01	   2.9560747369911466e-01	   8.0567987810252428e-02	   4.3576393888472220e-01	   2.6352717175203366e-01	   2.9333414120067997e-01	   2.3807261608679509e-02	   2.5144806720429691e-01	   4.7623632553386086e-02	   5.7076967760955100e-01	   3.0749102489445157e-01	   3.5049765264534272e-01	   3.2905898730776789e-01	   4.0135381628227573e-01	   4.6130254779850888e-01	   2.5693853804642319e-01	   2.0798596393754101e-01	   3.5747917299339405e-01	   5.6103776515986559e-01	   2.5479177406101594e-01	   2.1539340744137592e-01	   2.5372861913896361e-01	   1.6674292879147523e-01	   2.4479546805177033e-01	  -1.8049847884350234e-01	   2.4708252460771149e-01	   1.7231272062104619e-01	   3.0342216469483430e-01	   3.0799771106362694e-01	   2.4462616702105344e-01	   2.7758103223362862e-01	   2.4548859310311266e-01	   2.5025653161181305e-01	   2.3080509609784328e-01	   2.7517156940597276e-01	  -4.7058159204321492e-02	  -4.0236309610454934e-02	   1.9189535665807655e-01	   1.3014472034281938e-01	   2.9078483474648598e-01	   2.8538844508502331e-01	   2.6437362797197733e-01	   2.6017412160523068e-01	   1.9938896280412222e-01	   1.8616495657438326e-01	
   4.2105998228521296e-01	   0.0000000000000000e+00	   2.4432643031797174e-01	   3.5128758940429672e-01	   1.3570191873605569e-01	   8.1422227053026319e-02	   3.5275179049233085e-01	   3.2639099920110681e-01	   1.0208463696717432e-01	   1.0420802790076458e-01	   1.9995594991052282e-01	   4.4489118927764781e-01	   2.3430206388039759e-01	   2.0475255378015977e-01	   1.2351452046762001e-01	   8.3790739603650535e-02	   4.8431641277017745e-01	   5.6899240180935440e-01	   3.6774354927935082e-01	   6.1800691279446918e-01	   1.5837895256560160e-02	   1.2111639186431700e-02	   1.8793346766578417e-01	   1.8814054046587680e-01	   9.7235699276766743e-02	   1.1191969594179170e-01	   6.6145313918472448e-02	   7.5299224568464690e-02	   2.8943903435892326e-01	   3.0042541578415621e-01	   1.9732312123524379e-01	   2.1490987910006348e-01	   2.5241209447900365e-01	   4.0833704278430188e-01	  -1.7774932495245183e-01	  -9.4100653981522592e-02	   3.1703179814485261e-01	   5.0674551108748589e-01	   4.2689442013523260e-01	   5.4421044283941544e-01	   4.3967646779224046e-01	   5.2383759336339086e-01	   4.8337857823102615e-01	   4.3826250535431305e-01	   2.2128924625014498e-01	   2.3928756321501804e-01	   4.4976972413328220e-01	   4.8157318503754520e-01	   3.7681056327397361e-01	   3.6528561901911283e-01	   3.9474417771638060e-01	   4.7581965374331603e-01	   3.9542265161347556e-01	   3.8721745319355316e-01	   4.1504205675824246e-01	   4.9073340145041888e-01	   5.1897664228734131e-01	   7.6556148160036108e-01	   1.9442169791113334e-01	   3.9170885221629281e-01	   1.1347003080514728e-01	   2.7693425174587832e-01	   2.6233991132903256e-01	   4.5716432301431931e-01	   2.6167121963001579e-02	  -5.3675452675423369e-02	  -1.2159385332160780e-01	   3.3669516892318632e-02	   4.5933443047896871e-01	   5.5658001186205119e-01	  -2.2915116549415460e-01	  -5.0789713801170359e-02	   1.7502934979052182e-01	   3.3952691932640688e-01	   2.3231267810953390e-01	   4.7945047548664887e-01	   2.0925619370755805e-01	   3.7228129328016485e-01	   2.1148070831801202e-01	   2.5323118188082439e-01	   4.1316052611681298e-01	   4.0920021732553336e-01	   2.0461370249483116e-01	   2.4142469753199053e-01	   2.6887388053074368e-01	   3.8596152659874738e-01	   1.0583274525861473e-01	   1.7147901213848282e-01	   3.4143128839046466e-01	   4.8240481624708997e-01	   4.5049073978354354e-01	   2.4281268070118511e-01	   3.5192752788773285e-01	   2.0566515648922801e-01	   3.4775567354221792e-01	   2.0266055081831275e-01	   4.6098790229777242e-01	   4.7937821346654907e-01	   4.9571887633078326e-01	   4.0342873161453968e-01	   3.9732451992237983e-01	   3.4693736677088916e-01	   4.3775035575373722e-01	   3.8270099581589034e-01	   4.0631209896844139e-01	   4.0795912242585813e-01	   7.7633834885707215e-02	   1.1640936195861409e-01	   2.5592413454993401e-01	   2.0768724695180235e-01	   3.9226678516402003e-01	   4.8574335048508532e-01	   4.7077623767499782e-01	   4.3969265197676666e-01	   3.6922391144681560e-01	   4.3306320393424647e-01	
   5.4565015058734945e-01	   2.4432643031797174e-01	   0.0000000000000000e+00	   7.0339326151798254e-01	   5.2426320949066652e-01	   5.8700205296674801e-01	   8.6992797980791936e-01	   6.6512266260991648e-01	   1.9479431562593352e-01	   3.2176637815965820e-01	   5.9234689061844437e-01	   3.9376946471831575e-01	   6.3754030553353669e-01	   5.9774581073778987e-01	   6.7230533268346926e-01	   6.6980198244285050e-01	   2.5544510837960877e-01	   1.5206094497041855e-01	   4.4376617139577557e-01	   3.2535534951516554e-01	   5.0905553561818118e-01	   4.3850579740853368e-01	   8.2618754866063415e-01	   7.3632982272204139e-01	   6.8726085353240718e-01	   6.7784202423099538e-01	   4.7608236719791275e-01	   4.1617654278821792e-01	   3.6715033582463741e-01	   4.6779136706188551e-01	   5.9131286916326165e-01	   5.8916713069077509e-01	   3.5548718679485503e-01	   4.2790053532792194e-01	   3.5294831915825775e-01	   4.2264009593575685e-01	   1.7072942786871897e-01	   3.9654116278988938e-01	   2.7331075623600465e-01	   3.5866369797549241e-01	   3.1598951787444607e-01	   3.6193357710898266e-01	   2.5820573950725939e-01	   3.3107153873174133e-01	   3.4066852110644058e-01	   3.9889868570186637e-01	   1.7392214681902138e-01	   3.4150967064596127e-01	   2.6949503267421837e-01	   2.5059109476817087e-01	   3.4990710105792955e-01	   2.2762284400232910e-01	   1.3589521889298689e-01	   3.1896224978153426e-01	   1.1138781661263680e-01	   2.8382608014903976e-01	   2.0844193617932716e-01	   9.5948245423438425e-02	   5.3315887363907924e-02	   9.0444901890196910e-02	   2.8069580592710136e-01	   4.3371789484786211e-01	   5.1859087265924919e-01	   2.5229536114931683e-01	   4.8607292344049152e-01	   5.8420908600056976e-01	   2.8381497630913061e-01	   3.1603157782139391e-01	  -3.2687352540155623e-01	  -1.4604828095974146e-01	   3.2991486142068516e-01	   4.0778438118735710e-01	   4.4631074444631852e-01	   3.9899212228233760e-01	   5.1660977608020553e-01	   3.5462694621412633e-01	   2.7238723845415885e-01	   5.9001220053341026e-02	   1.5878435953119066e-01	   1.5687128173845882e-01	   3.9789635914747373e-01	   5.1947307710968671e-01	   4.2021079125171035e-01	   5.7530739291738797e-01	   6.4463011012517568e-01	   6.5092618487296294e-01	   5.1647396559393277e-01	   3.3176560225176721e-01	   5.1600141808920319e-01	   5.0975828565709058e-01	   1.1568679203645101e-01	   2.7388331762409868e-01	   8.6680567390636246e-02	   3.4075818736541885e-01	   1.6009075956004859e-01	   5.7724913233119249e-02	   1.2354696737681552e-01	   2.2754502505835789e-01	   7.8147291388169227e-02	   2.6987734052123979e-01	   2.3511038905675581e-02	   2.1874779545821907e-01	   2.4720649515702471e-02	   2.8329186462801170e-01	   2.9172424754509552e-01	   3.7214333836817998e-01	  -2.6647836715585155e-01	  -2.0335628882331269e-01	   1.2766183924599056e-01	   1.5749902788523845e-01	   2.1923292810295789e-01	   1.5704590195558404e-01	   2.1646078076189557e-01	   3.1793201087799383e-01	   3.3013767722702686e-01	   2.0584451247902433e-01	
   3.5978410468017297e-01	   3.5128758940429672e-01	   7.0339326151798254e-01	   0.0000000000000000e+00	   3.0495343825283211e-01	   6.9997734638752729e-01	   6.7333734332405859e-01	   9.0716737064330810e-01	   5.2165401378875875e-02	   4.3302551069624878e-01	   4.0738708129108858e-01	   6.4306273535005942e-01	   4.9804504610807232e-01	   7.7564202747218669e-01	   4.6389888990953121e-01	   7.2070106394696420e-01	   1.0609285152391346e-01	   1.2039036655457788e-01	   4.1337647255447107e-01	   6.0081290059420300e-01	   3.7813571332907769e-01	   4.1786199838221971e-01	   7.0701295654176199e-01	   9.0686549460591825e-01	   5.7797407248815524e-01	   7.1380920459860664e-01	   4.2394909502182720e-01	   4.6412829636381159e-01	   3.3335120959622588e-01	   4.9168219491850118e-01	   5.6019620903074574e-01	   7.5115726499228008e-01	   3.0389120794717339e-01	   5.8012534169307284e-01	   1.0670225721885439e-01	   3.7540037980126489e-01	   1.3643895875658649e-01	   4.0272362701284581e-01	   3.0741103147299198e-01	   4.4411930246587117e-01	   3.2157879279945700e-01	   4.0254513211064147e-01	   3.3685694712704722e-01	   3.6872896295519969e-01	   3.0050710249619184e-01	   3.9939109110848675e-01	   2.3435624413107006e-01	   3.6595156821762759e-01	   3.0501927820514008e-01	   3.3449587632586519e-01	   3.2997493604950134e-01	   3.6486783625609287e-01	   1.5869894973727075e-01	   3.5323036542334391e-01	   1.6230403823832476e-01	   3.5172218802438415e-01	   1.3095613692659347e-01	   7.1644895956187504e-02	  -7.6831320704907793e-02	   2.4252198738726616e-01	   4.3141880998547842e-02	   4.5370805008431048e-01	   2.4770693362705987e-01	   3.0796035146144668e-01	   1.8778695939439269e-01	   5.7407541297558151e-01	   7.7246548659918299e-02	   3.8101103547370263e-01	  -1.2794983065880161e-01	   5.3566309609927344e-03	   1.1352724482588851e-01	   4.3946003897901215e-01	   3.3275016826565157e-01	   4.4749906802475570e-01	   3.6792661269630705e-01	   4.1822435772961408e-01	   1.3824662268712989e-01	   2.8934402811292137e-01	   7.0072616854399500e-02	   8.3702593374502428e-03	   2.6458232493082423e-01	   3.3880095716524639e-01	   5.0500913374241396e-01	   6.0787807309104391e-01	   4.0586293040437155e-01	   5.4267983007972387e-01	   3.8316622716778609e-01	   3.2149363586699731e-01	   4.1926705653106128e-01	   4.5274143599427574e-01	   3.0386314447159091e-01	   2.2115594955363665e-01	   2.9956043152116685e-01	   1.3198834364808934e-01	   2.0609558391935187e-01	  -6.7469573488854601e-02	   1.9276383067078692e-01	   2.6952570914545704e-01	   1.9791366327419652e-01	   2.2754788770295689e-01	   2.1780496086873866e-01	   8.4294768338638110e-02	   1.4418417813928103e-01	   2.0199901585100885e-01	   3.0935876747416291e-01	   3.9055824035233577e-01	  -1.9593868734085337e-01	   4.8690861535784953e-03	   2.1167793460735765e-01	   2.1075118203264048e-01	   2.4809266754491860e-01	   2.6943754235229256e-01	   2.9917471991861311e-01	   3.4707033318411873e-01	   3.5552155781181088e-01	   2.3609490104669828e-01	
   1.9155686796181043e-01	   1.3570191873605569e-01	   5.2426320949066652e-01	   3.0495343825283211e-01	   0.0000000000000000e+00	   7.0318463335887038e-01	   4.8132861166663843e-01	   3.6757555676648890e-01	   7.5488399608114176e-01	   6.6375553449948210e-01	   3.2270833662870348e-02	   7.5071453895150769e-02	   1.9143314754733515e-01	   1.8102303888380517e-01	   6.0118955442471433e-01	   3.5490030936195316e-01	   1.1252254870757158e-01	  -2.3542391986930325e-02	   2.9696264866358013e-01	   1.2442825808624072e-01	   4.0744032275791353e-01	   3.1954092251193705e-01	   6.0389332355714731e-01	   4.0570281306775136e-01	   4.8345988463270362e-01	   4.0332246130568794e-01	   3.5478915727330129e-01	   2.4582531227828303e-01	   2.1706347536609286e-01	   2.9355254940965714e-01	   3.2936790918658509e-01	   2.2296049080045319e-01	   5.9666337678315709e-02	   1.4000080876369039e-01	   3.6627710721299656e-01	   3.5662880992887525e-01	   4.2268236516839641e-01	   3.9978116482725101e-01	   2.5159998594853006e-01	   2.3809336661976097e-01	   3.2469434586216067e-01	   2.2901003775458739e-01	   4.3103596690526413e-01	   4.2345548149602685e-01	   5.0853573440741151e-01	   5.1255942200486904e-01	   4.2496006111667783e-01	   4.7757514533103890e-01	   4.9286467199323836e-01	   3.4086287110358499e-01	   5.0782501426384907e-01	   3.5559466119696492e-01	   4.1675937556282472e-01	   3.8441254941516284e-01	   4.3011345676703688e-01	   4.2827956249698329e-01	   1.3445130764664037e-01	  -4.4596213606705841e-03	   2.1604702798951775e-01	   1.2842783019411338e-01	   1.6795128025546671e-01	   2.3825292295646497e-01	   2.6712283807738477e-02	   4.4547178546357438e-02	   2.8569534189733919e-01	   1.9229841964408795e-01	   4.3686820929224812e-01	   3.1065156502199381e-01	  -1.6456804982169795e-01	  -4.8440338498111760e-02	   3.0934385667167386e-01	   2.5174992468750246e-01	   3.0640713981822987e-01	   1.8120493080142719e-01	   2.8760602392917078e-01	   1.7382641622843908e-01	   3.5803492473165699e-01	   2.6064889396791707e-01	   2.6592981881207101e-01	   6.8391296963567216e-02	   2.9011758441292967e-01	   2.6006724005520038e-01	   2.1448817519404947e-01	   2.7471256330706023e-01	   4.6130875736624938e-01	   3.1647845097788718e-01	   1.2309726254365430e-01	  -7.8088303444037138e-02	   5.4609274622601711e-01	   4.1772416003916907e-01	   4.2704856796136637e-01	   5.2831749625407431e-01	   2.8619549758230206e-01	   3.5246477673413740e-01	   3.3057126106209211e-01	   2.8930708989178855e-01	   4.0525522044837115e-01	   4.1088771634563043e-01	   4.0299071670028641e-01	   4.6669096404901822e-01	   2.4847056176233645e-01	   3.1056892800722802e-01	   3.8839496814498353e-01	   4.1833824123909324e-01	   4.8791117832523612e-01	   4.3442396723146881e-01	   2.2031632997309569e-01	   2.2611908656699181e-02	   2.3456649395939005e-01	   3.2130587115511405e-01	   4.0579283242031200e-01	   4.3591644292021792e-01	   3.7873346206193509e-01	   4.8766421728056875e-01	   4.6667589931458320e-01	   4.3027969628695528e-01	
   2.5328279561627687e-01	   8.1422227053026319e-02	   5.8700205296674801e-01	   6.9997734638752729e-01	   7.0318463335887038e-01	   0.0000000000000000e+00	   6.4733717237755783e-01	   7.2605208718660541e-01	   3.5608011850205989e-01	   7.3464416752351436e-01	   1.7608697974324666e-01	   3.6971450929637562e-01	   2.8711191178287515e-01	   4.5108719690993748e-01	   5.0737822716968817e-01	   6.0458548641637200e-01	   5.7790408751591901e-02	  -7.9332653781485102e-02	   3.0027692958193231e-01	   3.4404249054370800e-01	   5.2913708430389028e-01	   5.2814320406738502e-01	   6.0490103969114328e-01	   6.6010718579566496e-01	   5.6901695163924149e-01	   6.5810478432525943e-01	   4.8661339121398350e-01	   5.2257700726515166e-01	   3.7877389076768364e-01	   4.7191542392389557e-01	   4.7744799453149744e-01	   5.2071792580566911e-01	   1.7280676099903772e-01	   3.9051267782940463e-01	   2.8184321960726139e-01	   4.6916218479428501e-01	   3.2942616059803020e-01	   3.7883222360835361e-01	   3.2325037891707198e-01	   2.7920360926034454e-01	   3.3136065985860075e-01	   2.8486556763345328e-01	   3.9616527742987651e-01	   4.1343345166983470e-01	   4.5177519545114769e-01	   5.4413563544021337e-01	   3.5013053699711344e-01	   4.4145214337524452e-01	   4.6827020796575325e-01	   3.9238314203105518e-01	   4.2511034039130979e-01	   4.0116999210266147e-01	   2.8643080952479427e-01	   3.8486289861213574e-01	   2.9557453193274141e-01	   3.8751707019986087e-01	   6.5647850346874495e-02	  -1.2277082514768686e-01	   5.0461160451770168e-02	   2.0723651434819784e-01	   7.7666349951143673e-02	   3.7341454207661429e-01	   6.4619261739219294e-02	   1.0464491123764610e-01	   1.3782779372579523e-01	   4.0999848972762482e-01	   3.5451793048340513e-01	   4.5864139156845068e-01	  -2.1180382207268769e-01	  -6.3175248782780524e-02	   2.3103156219218030e-01	   4.0835039254145683e-01	   3.5157714694614867e-01	   3.0795804170787594e-01	   3.1752298109412214e-01	   2.4515895785452813e-01	   2.7270243316359766e-01	   3.4083249573744601e-01	   2.3035242530561373e-01	   3.3355130145476149e-02	   3.3925872401165819e-01	   2.5137849960355207e-01	   4.0693470336918564e-01	   4.4884869324401039e-01	   4.2700471300490939e-01	   3.6677984910089700e-01	   2.6061069907167944e-01	   1.5247883015202340e-01	   4.4611155752283010e-01	   3.9040321465898076e-01	   3.5813057078333688e-01	   3.6954142561774644e-01	   2.9455557121005077e-01	   1.1578203042664893e-01	   2.7430185013205033e-01	   3.2016648715936478e-02	   3.0589779019197694e-01	   3.0329512275336235e-01	   2.8850017137631229e-01	   3.3817430806509469e-01	   3.0611479399461344e-01	   1.7570356730860903e-01	   3.1258462224517880e-01	   3.2090071237997503e-01	   4.9478173961182559e-01	   4.8650812126337739e-01	   4.2693878008566263e-02	   1.0592149602665969e-01	   1.9537631952703327e-01	   2.6583422564543335e-01	   3.5990500928523439e-01	   3.5677579122328867e-01	   3.1990709285789376e-01	   4.1963668963301415e-01	   4.5917261835737477e-01	   2.8590536327467853e-01	
   6.5435500681717729e-01	   3.5275179049233085e-01	   8.6992797980791936e-01	   6.7333734332405859e-01	   4.8132861166663843e-01	   6.4733717237755783e-01	   0.0000000000000000e+00	   6.9587826493150318e-01	   1.5657068143836944e-01	   4.1301574062423813e-01	   5.8636270085234343e-01	   5.2586831668213130e-01	   6.3852574742341184e-01	   5.0517858966304052e-01	   5.6233073675699918e-01	   6.1022550173460233e-01	   4.4055488400967652e-01	   2.1200135711289905e-01	   4.0509799051645640e-01	   4.8913943549519218e-01	   4.5652676286123112e-01	   4.1881941212079149e-01	   6.3113482444810487e-01	   5.9889467593591961e-01	   5.1679614692103770e-01	   5.5407026562586670e-01	   3.7183627512123563e-01	   3.8253227689459718e-01	   5.8313651668976185e-01	   4.9754906042691244e-01	   5.5053605791791382e-01	   5.4613465395795524e-01	   3.8883240665300711e-01	   5.1968485997827629e-01	   2.4821298615574156e-01	   3.3298034252629932e-01	   2.7102488598593166e-01	   3.9737209938429585e-01	   3.8550196563348471e-01	   3.4544381125669565e-01	   4.7230651896631093e-01	   4.0641553565527677e-01	   3.2655010683854729e-01	   3.5788004581029531e-01	   3.6477198429616409e-01	   4.8282747902811318e-01	   2.6391569725459990e-01	   4.0147188653957844e-01	   3.6550797669889007e-01	   4.1218862652668076e-01	   3.7072140756123062e-01	   4.1264394898948642e-01	   2.4063939721943578e-01	   3.8385531320059540e-01	   1.8381484342926496e-01	   3.2015313693729636e-01	   4.5472084540018221e-01	   2.4071652403962682e-01	   1.3956244806134210e-01	   2.6932686731932826e-01	   3.6698833387999885e-01	   4.7494972564496268e-01	   5.5556780770046277e-01	   4.1903156093085370e-01	   2.4973279509560126e-01	   4.0508959143011214e-01	   2.4642655045496936e-01	   3.2288482241457228e-01	  -2.6693983487814488e-01	  -2.8270352855907177e-02	   1.7198043176955724e-01	   3.8287717174953989e-01	   5.0633353281418236e-01	   4.0454450438604594e-01	   5.2489907229730715e-01	   4.4152607774633157e-01	   1.9466348809913758e-01	   1.3941045445282541e-01	   2.1389799029671502e-01	   3.7064562522719634e-02	   5.6867433188141858e-01	   5.0815174073088865e-01	   4.7723771161681006e-01	   6.1169502983087676e-01	   5.5731443098299616e-01	   6.0747683629483451e-01	   4.1409768061046970e-01	   2.8225482652121370e-01	   4.7712812973375662e-01	   5.8770015165392087e-01	   1.7838308075519205e-01	   1.7712446508298232e-01	   1.6290388725230234e-01	   1.3176765123419720e-01	   1.3524909654672831e-01	  -2.2054030730089519e-02	   1.6188066050404892e-01	   2.0430878380069534e-01	   1.4596570474099496e-01	   2.4292743281973767e-01	   2.0603494280827617e-01	   2.1926326914667726e-01	   1.4415871899410712e-01	   2.7453641854785871e-01	   3.4090517929094638e-01	   3.8316041713743254e-01	  -2.3813132833936074e-01	  -2.1187282908350286e-01	   6.5010052087308395e-02	   8.7407117591632860e-02	   2.4172310814668937e-01	   2.0320641305885334e-01	   1.9819750060879265e-01	   2.7304416918537744e-01	   2.9894301926975919e-01	   1.7703239678561783e-01	
   2.8837826517978815e-01	   3.2639099920110681e-01	   6.6512266260991648e-01	   9.0716737064330810e-01	   3.6757555676648890e-01	   7.2605208718660541e-01	   6.9587826493150318e-01	   0.0000000000000000e+00	   1.4860795289096290e-01	   4.9133638155790627e-01	   4.0907267430017685e-01	   7.4386589528894032e-01	   5.1138236223936095e-01	   7.8617971569426059e-01	   5.0921801125603749e-01	   7.3643655349821135e-01	   4.9678830549171660e-02	   1.5423209469669352e-01	   2.6991964684904868e-01	   5.0981540222126143e-01	   3.1608053886519416e-01	   3.9986736177334503e-01	   6.7210984667083518e-01	   8.0134582471266946e-01	   5.0749189183965937e-01	   6.4470518990574677e-01	   2.6346248498574554e-01	   3.1801745038398149e-01	   3.5443179153755822e-01	   5.3949856155349118e-01	   5.3386562533668314e-01	   6.8927250259377049e-01	   2.1856108487362974e-01	   5.1707544350506285e-01	   7.2385021732144741e-02	   2.7478031220202848e-01	   9.0464655317444603e-02	   4.1827710647184563e-01	   2.1549268406508965e-01	   3.8311444989809074e-01	   2.7155249730909942e-01	   3.9456243416660164e-01	   3.2303179409343302e-01	   3.2030076181045702e-01	   2.4064619100546131e-01	   3.7433816082111071e-01	   2.5720327283138728e-01	   3.6201034828814754e-01	   3.3034939483831643e-01	   3.7796846234476272e-01	   3.5174473632331821e-01	   4.7955095721191232e-01	   2.1749448583451944e-01	   3.4022150370972226e-01	   1.5730398596512488e-01	   3.8969064047466678e-01	   5.4836147536953747e-02	   4.7790048419738849e-02	  -4.6783936856320263e-02	   2.9781256708248749e-01	   9.9015428717580511e-02	   5.9489880989232635e-01	   2.3535266709789007e-01	   3.9465277655461251e-01	   1.9520092298451791e-01	   5.2458146620003832e-01	   4.0607369371124427e-02	   2.9266295047800528e-01	  -1.1054708815362758e-01	  -4.3359594423125813e-02	   9.4010758402456929e-02	   4.6150023979766319e-01	   3.5823360471990173e-01	   5.0279704087657073e-01	   4.2020398897036682e-01	   5.1341550364397714e-01	   1.0193047324219015e-01	   2.7815638291039912e-01	   3.5894703476273024e-03	  -4.7148241927938067e-02	   2.2968589130071765e-01	   2.9083733554564695e-01	   4.6848041570652910e-01	   5.9828340049409445e-01	   4.1728918713024032e-01	   5.1317104251584544e-01	   3.0893267231863830e-01	   3.2091647172206339e-01	   4.2144495191099163e-01	   5.3788485848968870e-01	   2.8206352164820342e-01	   2.4048724783700146e-01	   2.7093857690924206e-01	   2.2499639204225033e-01	   1.9009779597902127e-01	  -4.4649791966197158e-02	   2.0764259967824311e-01	   2.9982912313353355e-01	   2.0268405882858212e-01	   2.8143011042991095e-01	   2.0300070359610581e-01	   1.9098682389615812e-01	   1.2900492352847562e-01	   2.9577097120157597e-01	   3.2848160893012218e-01	   4.6231848612862486e-01	  -2.6607844278405818e-01	  -4.3928869739628167e-02	   1.4608456976960610e-01	   1.8397566307686958e-01	   2.2339118512462908e-01	   3.0999062490451690e-01	   3.3581007004585250e-01	   4.1096404334260117e-01	   4.4085257246741533e-01	   3.0397384032382241e-01	
   1.6874188489103886e-01	   1.0208463696717432e-01	   1.9479431562593352e-01	   5.2165401378875875e-02	   7.5488399608114176e-01	   3.5608011850205989e-01	   1.5657068143836944e-01	   1.4860795289096290e-01	   0.0000000000000000e+00	   6.6712433378429525e-01	  -2.6042272022536041e-02	   8.0394874450706602e-02	   1.6365961704651621e-01	   7.5864252631798662e-02	   5.3671514492549943e-01	   1.4982205581268931e-01	   1.4822638872680022e-01	   3.3094614742469067e-02	  -3.2784366965228910e-03	  -1.4289288923615562e-01	   1.0745566567434750e-01	   6.5844244841046756e-02	   3.2515053773096469e-01	   1.5080059071514762e-01	   7.1622972318080682e-03	   1.0492824640112842e-02	   1.0098810303771723e-01	  -1.1590859272555961e-02	   7.0971918939691986e-02	   1.2743793751284455e-01	   5.3345352443420913e-03	  -1.9667715632672486e-02	  -1.4549150308073730e-01	  -6.1395915984611318e-02	   8.7936303744372890e-02	   4.7153363792409336e-02	   3.4716262516547347e-01	   3.5297189094828374e-01	   5.4898830056703943e-02	   1.5835765342384711e-01	   1.8387761979786549e-01	   1.7366299369162108e-01	   3.8310551768011636e-01	   3.6415399501824475e-01	   3.3604822651144844e-01	   2.8066485079671016e-01	   3.6641685758442172e-01	   3.5154141857085053e-01	   4.3719877084987524e-01	   3.2764728645315178e-01	   4.4005585153182974e-01	   3.8725897399896975e-01	   3.9074122569479619e-01	   3.2576086225271067e-01	   3.8685395406493017e-01	   3.5132650291832146e-01	   1.7296705414831270e-01	  -4.5351648545288337e-02	   2.2431564084477165e-01	   8.6719089492825838e-03	   8.9533188141460079e-02	   9.7490157519089765e-02	  -1.2597145200001619e-01	  -2.8985736082304373e-02	   1.2035958540125605e-01	  -1.0816047519488666e-02	   1.0505757522527384e-01	  -5.1829322099154765e-02	  -1.0240331737883314e-01	  -1.7567896115819137e-01	   1.6317170568789818e-01	  -9.4786989437978062e-03	   1.7160179821966035e-01	   8.2472711999370271e-02	   1.8880631911890883e-01	   1.4487257282608781e-01	   2.8950802720821756e-01	   1.1208097844688013e-01	   2.7225908497613577e-01	  -2.5940671543036340e-02	   1.6736771463761704e-01	   3.9941765594304512e-02	  -1.2934738459093981e-01	   3.2342085548572083e-02	   2.1936478933864587e-01	   1.2752910488324054e-01	  -2.2777156473878316e-01	  -2.6509548999038235e-01	   3.3081958481894946e-01	   2.4462267726781387e-01	   2.6596437802848338e-01	   3.1985154292532658e-01	   2.0756881109156236e-01	   3.2635320383002475e-01	   2.6563775756768471e-01	   2.2489378315440384e-01	   3.8626282640358434e-01	   3.6923832717324095e-01	   3.5943668007871477e-01	   3.8428173359779927e-01	   1.4636806198029223e-01	   3.7177765763602622e-01	   3.0298674817132687e-01	   4.1276582263865425e-01	   3.6481151230449438e-01	   3.9661322115696629e-01	   3.6543635274165531e-01	   1.9179035700942887e-01	   2.8376498803731232e-01	   2.9516340916728268e-01	   2.8720498472324085e-01	   3.7178988699483828e-01	   3.0828966453008744e-01	   4.2485918995890004e-01	   4.2720635888457092e-01	   4.7201315017938816e-01	
   3.1973587235374312e-01	   1.0420802790076458e-01	   3.2176637815965820e-01	   4.3302551069624878e-01	   6.6375553449948210e-01	   7.3464416752351436e-01	   4.1301574062423813e-01	   4.9133638155790627e-01	   6.6712433378429525e-01	   0.0000000000000000e+00	   1.1590413733929654e-01	   3.3379239427908491e-01	   2.3859440709296817e-01	   3.3438259604674730e-01	   4.7683661939036953e-01	   4.0632810250271789e-01	   8.7916388635477766e-02	  -1.2274869790665210e-01	   1.3910910339471499e-01	   1.4142109450667448e-01	   2.5000517710631059e-01	   2.5904527227809443e-01	   3.1494262657213756e-01	   3.5492112020229488e-01	   1.4800384677366552e-01	   2.4494901589411874e-01	   1.9622181829605895e-01	   1.2669949609829673e-01	   2.5574541710992671e-01	   2.8412414282041809e-01	   1.4790054388201013e-01	   2.0984079338406020e-01	   4.3320345158108675e-02	   2.3981738912245654e-01	   7.0901204174873583e-02	   2.5890602415579622e-01	   4.6641747490236196e-01	   5.0567844383380300e-01	   2.9138912375941572e-01	   3.7640092501810996e-01	   2.8299074439526040e-01	   3.4487965245333768e-01	   5.3776090355578632e-01	   5.2813101039743482e-01	   4.9908547981261236e-01	   5.1175955325840572e-01	   4.8127732761714781e-01	   5.2183778393958469e-01	   5.9751862485628848e-01	   5.1965472476902330e-01	   5.7690084789394902e-01	   5.9074275927994113e-01	   4.9770564694873448e-01	   5.2298173969195649e-01	   4.4131409835535762e-01	   5.1388346150355124e-01	   1.7979568009126340e-01	  -1.1064578343241482e-01	   1.8546420585197637e-01	   1.7445033378410504e-01	   9.2719921109255282e-02	   2.2864135624209542e-01	  -4.1655685440910827e-02	   7.3204882814557476e-02	   3.1688574216494859e-03	   2.4776735947887785e-01	   1.8205763946452586e-01	   2.1994023371010549e-01	  -6.7485471349896492e-02	  -9.4534029221221422e-02	   6.5275744554900039e-02	   5.5270375657575435e-02	   2.9364409676449232e-01	   1.9388063271534631e-01	   2.6988868846595093e-01	   2.7145581501748411e-01	   2.7329940046009715e-01	   2.5648728356685263e-01	   2.5167150443556047e-01	  -1.4231957123052426e-02	   3.0368045910970787e-01	   1.0809856660553427e-01	   2.2132127096631693e-01	   2.4014669504672798e-01	   3.3989613013692094e-01	   3.2008177550441019e-01	   6.8366094653318304e-02	  -7.3220815416634943e-02	   3.7715550027337863e-01	   4.1727955604510125e-01	   3.0936216013217221e-01	   3.7310971491902689e-01	   2.6266979498589715e-01	   2.1423390222319419e-01	   2.9067237536180890e-01	   4.8686507588667799e-02	   4.2118764669791164e-01	   4.0870993643088960e-01	   3.8254545071538171e-01	   4.3693167467550043e-01	   2.8565730493032321e-01	   2.7248396569698707e-01	   2.8743165889684041e-01	   3.4349976145781447e-01	   4.1964873672121167e-01	   4.3582878716490658e-01	   1.8772031555327137e-01	   1.4955472389974542e-01	   2.8307058317108769e-01	   3.3500612365797100e-01	   3.7832886679655581e-01	   4.5718522786086535e-01	   3.6236032176342969e-01	   4.2839067317412644e-01	   4.4215264330464610e-01	   4.1046109365442313e-01	
   6.8048292111541753e-01	   1.9995594991052282e-01	   5.9234689061844437e-01	   4.0738708129108858e-01	   3.2270833662870348e-02	   1.7608697974324666e-01	   5.8636270085234343e-01	   4.0907267430017685e-01	  -2.6042272022536041e-02	   1.1590413733929654e-01	   0.0000000000000000e+00	   5.0727599516859501e-01	   8.5892575766311463e-01	   5.0465508915776991e-01	   6.1195453913307518e-01	   4.9392426394313238e-01	   3.5951967367244697e-01	   1.2622590460521946e-01	   3.3123552735101203e-01	   1.4574567231385374e-01	   1.0936537620329206e-01	   8.0069158109157573e-02	   3.5551944284402637e-01	   3.1477586934609758e-01	   1.1936585039348174e-01	   1.8323609108107264e-01	   1.6242066407879750e-02	   3.1550122608901464e-02	   3.8270104552759115e-01	   1.6768362532781433e-01	   1.7604565957773180e-01	   2.2680658144279325e-01	   1.5140763096889975e-01	   1.6859804645388882e-01	  -8.0457372359738308e-02	  -1.2535723048907137e-02	  -4.4285251347630089e-02	   1.6892576111555210e-01	   7.3404851189602549e-02	   1.4634750107709543e-01	   6.5883389712401985e-02	   1.8514721663763975e-01	   7.4055362245758233e-02	   9.3141553221530088e-02	  -9.5493716296106042e-03	   3.8820747658823054e-02	  -2.5587850941635647e-02	   5.5581564469480656e-02	   3.1785076160455304e-02	   2.0329526903703793e-01	   1.1922580058410437e-01	   1.9109501925993155e-01	   4.2267693930236008e-02	   1.8025502052548495e-01	  -4.8476799334247360e-02	   7.0905438577564789e-02	   2.8111998157409612e-01	   2.7696151751345566e-01	   1.0354089976983787e-01	   1.4715759943197282e-01	   3.8265555300482829e-01	   3.2113680129378153e-01	   5.9183903190811016e-01	   1.8160563367427587e-01	   1.4536358522271309e-01	   2.5137717747645688e-01	  -1.4586554527710327e-01	  -1.1140127073158998e-01	  -1.1535195623978726e-01	  -5.2693154497995040e-02	   1.2462673960745024e-01	   1.5260001207095647e-01	   2.6301763642798875e-01	   1.4314740181363989e-01	   5.0480837509327170e-01	   2.9143379024943750e-01	   9.5718342484403557e-02	  -1.9987623734042703e-01	  -1.1597605844725647e-01	   6.7838404937170416e-02	   2.2976941121017730e-01	   1.6599412624026386e-01	   4.6342615827241557e-01	   3.6435317177073684e-01	   3.4253543233809430e-01	   3.3635268546463815e-01	   4.1545763278731701e-01	   2.6782201704530140e-01	   1.4014107360569389e-01	   3.5055854900588607e-01	  -6.6162903436503259e-02	   6.3192658916594424e-02	   5.2441480423678563e-02	   1.3508528910629394e-01	  -3.5522498176119029e-02	  -2.6075607640413040e-01	  -9.0975315745034799e-02	  -6.3346814925003520e-02	  -8.4907635650900565e-02	  -4.3854422841349055e-03	  -4.2454573982765101e-02	   1.0507942722172525e-01	  -1.4148589790501737e-01	   6.9799064621710039e-02	  -7.1370282271712687e-02	   7.6098215199100844e-02	  -3.3092649337712204e-01	  -2.6356219092451794e-01	  -1.2695254627783137e-01	  -1.3984204274625833e-01	  -9.6641230839060760e-02	  -7.3001403509589891e-02	   3.0684901029983277e-02	   5.7351365575019832e-02	   5.4043820313729896e-02	  -6.4810863795755902e-02	
   4.5271813310030501e-01	   4.4489118927764781e-01	   3.9376946471831575e-01	   6.4306273535005942e-01	   7.5071453895150769e-02	   3.6971450929637562e-01	   5.2586831668213130e-01	   7.4386589528894032e-01	   8.0394874450706602e-02	   3.3379239427908491e-01	   5.0727599516859501e-01	   0.0000000000000000e+00	   5.6961581889601198e-01	   6.7829232720262977e-01	   3.1152902771856128e-01	   5.3913208019712600e-01	   1.7755513728427533e-01	   2.7878314065478788e-01	   3.4471849348996560e-02	   3.6814649047633913e-01	   9.0557418976572671e-02	   2.0306802407302987e-01	   3.2839919832116676e-01	   4.6691571915392555e-01	   1.3062604244970225e-01	   2.6788159604637546e-01	   7.5151758317396372e-02	   1.4712388653110051e-01	   2.9716326968002171e-01	   3.2033316820474572e-01	   2.3340566566739140e-01	   4.1515457868538286e-01	   4.9677129147757376e-02	   3.6127627201337686e-01	  -2.7935002425447436e-01	  -1.0906808595334490e-01	  -7.1839856475898620e-02	   3.1203005345804169e-01	  -7.9481435008409741e-03	   2.6499274612956275e-01	   1.2502480958584666e-01	   3.1197852491467282e-01	   2.0052284880673055e-01	   1.9173588188304164e-01	  -2.6206468265222868e-02	   9.8068891403880906e-02	   1.1988845935515757e-01	   2.0249811181476013e-01	   2.4834507758545055e-01	   4.5558452544544514e-01	   2.6077022939243544e-01	   5.5629852486891529e-01	   2.2890680512724848e-01	   2.7291431230320978e-01	   8.7286249643023589e-02	   3.1642948341851879e-01	   2.4327041414862818e-01	   3.4136369284761370e-01	   1.3131064766723699e-01	   4.4575979045015612e-01	   2.2557677649022076e-01	   5.5205653331250970e-01	   3.1442101675903000e-01	   5.5635612260408129e-01	  -5.4727096545786072e-02	   2.8772599679100458e-01	  -3.0123740772928637e-01	  -6.3320492829774339e-02	   7.0224524124315154e-03	  -5.2602685228023041e-02	  -1.8200255196725085e-01	   1.9818217638047544e-01	   1.9121433270830382e-01	   3.5086184095338191e-01	   3.4048832689808589e-01	   4.9950890438382367e-01	  -9.3854231321746417e-02	   8.8592142087400350e-02	  -1.9253651253392801e-01	  -2.2489022744484910e-01	   1.1463710939829369e-01	   1.1823069129139452e-01	   2.1073085899856911e-01	   3.8401293223196531e-01	   1.4142621170600470e-01	   4.3451506525900074e-01	   1.3467116177908512e-02	   1.9115754794755510e-01	   1.4332391091766777e-01	   5.7351565397249349e-01	   1.4210952498604304e-01	  -1.9019547647803888e-02	   2.1556432691834376e-01	   9.5004828216020187e-02	   3.4821661150676447e-02	  -2.7553482018854347e-01	   8.0229051728803180e-02	   1.4789619809562463e-01	   1.2336393198728421e-01	   1.4576034268877253e-01	   1.7994135013203547e-01	   1.5848057352737405e-01	   6.6135911782419649e-02	   1.6738638549362383e-01	   1.8407362355924456e-01	   3.3439190194618679e-01	  -2.4463526564876364e-01	  -1.0891098245130873e-01	   4.6832539359992218e-03	   3.9614151639275841e-02	   2.1888004792682561e-02	   1.6393544797115461e-01	   1.9644331839079038e-01	   2.7906702210811862e-01	   3.1909079929116679e-01	   2.3911506899273222e-01	
   6.0574221627889624e-01	   2.3430206388039759e-01	   6.3754030553353669e-01	   4.9804504610807232e-01	   1.9143314754733515e-01	   2.8711191178287515e-01	   6.3852574742341184e-01	   5.1138236223936095e-01	   1.6365961704651621e-01	   2.3859440709296817e-01	   8.5892575766311463e-01	   5.6961581889601198e-01	   0.0000000000000000e+00	   6.4252972444307488e-01	   6.6693051706091722e-01	   5.8177916382727024e-01	   3.3907164794766020e-01	   1.2076074136750251e-01	   1.8918717771862070e-01	   1.4894367491271485e-01	   2.1572436180388654e-01	   1.5528938434266598e-01	   4.6476945691684624e-01	   4.2543715181744801e-01	   2.5517815351266537e-01	   3.5698663214122472e-01	   1.3549917173323878e-01	   1.5220608613430389e-01	   3.8746756286542799e-01	   2.4076453314513971e-01	   2.1462637302534127e-01	   2.7820775384729513e-01	   8.3690815094743416e-03	   1.4975172920419155e-01	  -7.2404822970233540e-02	   1.6886336158606512e-02	   5.4055759783135829e-02	   2.4831685227214034e-01	   1.6887328443752497e-01	   2.6316087823192230e-01	   9.7447810660167555e-02	   1.7507028809228245e-01	   2.0678866367597123e-01	   2.5570574725591649e-01	   1.0859985625892749e-01	   1.4611561158116976e-01	   1.3661892147899951e-01	   2.5907958350158239e-01	   1.5202914518478222e-01	   2.7693265021006641e-01	   2.5934245177016657e-01	   3.0765543602938700e-01	   1.8282995348289793e-01	   3.8981701179222050e-01	   1.3644238737265524e-01	   2.9463536544302887e-01	   2.6671606723862462e-01	   1.7515956787010722e-01	   4.4483331935267725e-02	   9.9459622111892465e-02	   2.7134039040575908e-01	   2.2749907897197907e-01	   4.3468964733700322e-01	   1.8469509099644227e-01	   8.0664534140958866e-02	   2.7623054213072867e-01	  -1.0427294356117828e-01	  -3.7008349719712501e-02	  -2.1564296008240280e-01	  -1.0688148779985177e-01	   1.3335712598249827e-01	   1.2977708628721035e-01	   3.1377548576513986e-01	   2.0302545537560288e-01	   4.7940489084325094e-01	   2.7881264135209610e-01	   7.1291485042315889e-02	  -1.3882819158233858e-01	  -9.7834722164438122e-03	  -2.3458133309773050e-02	   3.1805070029565585e-01	   2.6265543318335055e-01	   3.8560146735214429e-01	   4.4161937449855726e-01	   4.1396246283090732e-01	   4.4822701117208213e-01	   3.0643727167666746e-01	   1.6129441315394605e-01	   3.0061005103691546e-01	   4.4589928668811224e-01	   6.5664507389959895e-02	   1.5072353564678115e-01	   8.9018161139552909e-02	   1.7458142703406293e-01	   9.4716924389292384e-02	  -1.6767952218871132e-01	   8.0109651332005011e-02	   1.4426047186231969e-01	   5.9830142308869974e-02	   1.5943106773227356e-01	  -2.1310253779065327e-02	   1.3083206483330390e-01	  -9.8655049716349572e-02	   1.0883152317752426e-01	   3.9041402915496140e-02	   1.9002584903428865e-01	  -2.1983312291822060e-01	  -2.0237704001665108e-01	   1.3096729093447138e-01	   7.5307059884586636e-02	   1.0245917876385370e-01	   9.4504707891595874e-02	   1.4514051218227678e-01	   2.0468956792497930e-01	   2.0129196544969602e-01	   1.0457036876050876e-01	
