   0.0000000000000000e+00	   6.7709610766848904e-01	  -1.3614959064080934e-01	  -7.9794374620188693e-02	   5.4194105308770196e-02	  -4.2476265535887348e-02	   1.4741363455299181e-02	  -8.5865210148669241e-02	   2.9876244991977824e-01	   3.2857745400295091e-01	   5.4274578587239741e-01	   2.4632219394620425e-01	   5.0448120838916011e-01	   4.3119694124968055e-01	   4.5426545903611809e-01	   2.9638671305762088e-01	   6.2630354295276602e-01	   5.8999256702006986e-01	   6.9827991490569918e-01	   6.3655422015287455e-01	  -2.0962702834346925e-01	  -8.3339235180613536e-02	  -2.1624198871804495e-01	  -6.7385602274189674e-02	  -1.4009781773294214e-01	  -3.3374489941515867e-01	  -1.4852129135911307e-01	  -1.9425061178745953e-01	   3.8993554133380109e-01	   3.2294606507473589e-01	  -2.2019458981797266e-01	  -2.8827318931766521e-01	   1.6196536303741077e-01	   2.0450492581513467e-02	  -1.6881022608948776e-01	  -1.9803178503279523e-01	   2.1053306274014050e-01	   1.7151063166812414e-01	   1.8466226107044970e-01	   7.0110048045329706e-02	   1.9945631752606061e-01	   7.1809460395947725e-02	   2.8785585529131857e-01	   2.7897078631967126e-01	   1.6419182301417720e-01	   2.1612397967921945e-01	   3.2103606883429980e-01	   3.1457536974528510e-01	   9.8782982557787669e-02	   1.6422112770566444e-01	   6.4418070274930211e-02	   8.5737550146174679e-02	   3.4277411797987767e-01	   1.2963159871562691e-01	   3.7970741365228949e-01	   3.6234986036710159e-01	   6.8383266229202477e-01	   5.8362478532361539e-01	   5.3243021943614199e-01	   4.6289180979878686e-01	   5.2432453110101607e-01	   2.6906557848847101e-01	   4.4679955704756447e-01	   5.0438748797898425e-01	  -9.9525706338020076e-02	  -1.3981985313972770e-01	   7.5705254861716087e-02	   6.4261449410712213e-02	   5.6827426656285418e-01	   4.1388398017670414e-01	   2.9997237522003967e-03	   1.0628869292006998e-01	   3.8905917144798491e-01	   3.0080715877417669e-01	   4.2449575820968527e-01	   2.6486788760065660e-01	   4.3523002358646490e-01	   1.6349433306302300e-01	   1.9008468506855780e-01	   4.2028124383260090e-01	   2.4861918219388507e-01	   4.1201303205206058e-01	  -1.7839251372006001e-01	  -1.7245533901853144e-01	   4.4566594367626153e-02	   4.7207167752341940e-02	  -4.8884483702651228e-02	  -9.2618062301465326e-02	   3.9611687999311446e-01	   3.7088536900238661e-01	   2.6631474999250654e-01	   1.9049162660414698e-01	   1.9932683447573285e-01	   2.2440862454076119e-01	   1.9479620943864454e-01	   1.0641668562700672e-01	  -5.2946469865239695e-02	   2.9318553769207417e-02	   4.7373036609716546e-01	   5.6186100225490698e-01	   2.3357440685235231e-01	   4.2379953235926549e-01	   2.4833887610804639e-01	   4.3232911573710586e-01	   2.4320669691123636e-01	   2.2255559990462503e-01	   3.9189876908014606e-02	   7.0951959752085111e-02	   1.3579309684050805e-01	   1.1251798194860502e-01	   2.7899805614668022e-01	   3.2659182622852329e-01	   3.4937526444953032e-01	   3.4545405966254095e-01	   2.6249971537726380e-01	  -6.3302571636553492e-02	
   6.7709610766848904e-01	   0.0000000000000000e+00	  -3.6724174563522324e-02	   1.1473149154438572e-01	  -2.1929941145826387e-02	   7.7919660342649993e-02	   4.9254732573006102e-03	   9.3284576481623666e-02	   1.8708491339869227e-01	   2.7078285827713233e-01	   3.1695451669463182e-01	   2.9374039429370269e-01	   3.8463571700201482e-01	   3.7310906374863789e-01	   3.4649048265311888e-01	   1.8856540890021872e-01	   6.3423308908476539e-01	   7.0003262761365148e-01	   5.1742322995134593e-01	   6.7334021560521418e-01	  -3.0101109732022135e-01	  -8.2037508105210655e-02	   1.1448596462795311e-02	   8.7023109412739913e-02	   7.9873781340747990e-02	  -1.0300964071143903e-01	  -9.4766806017432245e-02	  -1.3997864237108368e-01	   4.2595838158870358e-01	   4.9748988816462103e-01	   3.2615731189901886e-03	  -4.3931803077791196e-02	   1.7075547260577040e-01	   1.4100285085040465e-01	  -2.2303798296680801e-03	   1.0587608249478738e-02	   3.6165181677630692e-01	   3.5799036793362615e-01	   2.5198765679898860e-01	   1.5615299363181551e-01	   2.3884734477867697e-01	   1.2230384909745289e-01	   2.2757648333108838e-01	   2.2527571015232128e-01	   1.6891530894117368e-01	   2.2505300680770202e-01	   2.8693999372643986e-01	   2.9557059208911918e-01	   1.3141844962594837e-01	   1.9083710454779551e-01	   8.2072142022900724e-02	   6.8271812336243021e-02	   2.0288112321518142e-01	   6.3845388151976934e-02	   2.8622931778303917e-01	   3.1165150546828446e-01	   7.8838396409768974e-01	   7.1908309526707415e-01	   1.1138337490575134e-01	   3.0079300649751539e-01	   2.6790622522675633e-01	   2.9637509006259322e-01	   3.6655877024439554e-01	   5.5432426340327945e-01	  -1.5733853916371651e-02	   6.2844981296087621e-02	   1.4980744776314262e-02	   6.5079299798125548e-03	   4.2581324756893912e-01	   2.6993491903414807e-01	   4.4526133068813090e-02	   1.6805126806774770e-01	   4.7400267309077632e-01	   5.3378105519847552e-01	   4.4109774483355013e-01	   5.4263990655590311e-01	   4.2867980741324607e-01	   3.6583447188550294e-01	   5.1517959997781859e-01	   5.0660794038490420e-01	   5.2618488297587551e-01	   5.6812441534857272e-01	  -9.4377035597726394e-02	  -2.4109685730345726e-01	   8.0435465877309459e-02	   1.6121549019411635e-01	  -1.4726953960004779e-01	  -1.0547322719395300e-01	   2.6611515865992313e-01	   2.1742710320628164e-01	   2.0614045568502767e-01	   1.6874195732980667e-02	   1.8889391651218296e-01	   1.8705179661145371e-01	   1.8136223176045185e-01	   8.0233558852869549e-02	  -1.1158115962407747e-02	   3.6651854111805285e-02	   3.7923128814397666e-01	   3.4435418938072193e-01	   2.9298327476891906e-01	   4.2667696064788163e-01	   2.7874563109724648e-01	   2.9143397661530801e-01	   4.0878723395798838e-01	   4.3722517973861719e-01	   9.3322030972779926e-02	   2.5546487468063461e-01	   1.3334118497535563e-01	   1.1627461938020345e-01	   3.3356298785855748e-01	   4.2940478224233236e-01	   4.8910259477828777e-01	   3.5444966589755572e-01	   3.5184145152077850e-01	  -2.6068352515277782e-02	
  -1.3614959064080934e-01	  -3.6724174563522324e-02	   0.0000000000000000e+00	   4.5412216507142800e-01	   4.3143095656040092e-01	  -1.3940954993889262e-03	   7.1986089924458563e-01	   5.9592992537303983e-02	   2.6617415870411418e-02	  -1.3650549923279279e-01	  -3.9145237885227935e-01	  -5.1156604287416574e-01	  -2.9021005881510054e-01	  -4.0280510825268145e-01	  -2.6943350984779901e-01	  -1.0712711614706724e-01	  -1.7558913546530724e-01	  -1.2118181925455251e-01	  -2.5774607276715789e-01	  -1.1080031454522747e-01	   8.4009411520053701e-02	   2.9615128465268881e-01	   5.7917153454127845e-01	   3.5477986432017272e-01	   6.8317789304908627e-01	   4.2029522946812492e-01	   3.9830242570576879e-01	   2.4435557102683259e-01	  -8.5929608906155183e-02	  -9.7345774496517629e-02	   3.1328319676362842e-01	   2.7384218814091033e-01	   5.8374821123379617e-01	   4.1944354416276863e-01	   5.5247581258582124e-01	   3.6179103600745399e-01	   4.7707017360946025e-01	   2.0993500192811718e-01	   3.8323895003211272e-01	   3.0887946808318778e-01	   2.5989838828563250e-01	  -1.9659416015839738e-02	   1.2743552212256304e-01	   2.0677633413072694e-01	   2.5525510052405398e-01	   2.1318874875945898e-01	   2.1984962500885949e-01	   2.1159756476309868e-01	   2.8662446856764573e-01	   3.0396602660902605e-01	   4.4821798772925203e-01	   4.6837081976583717e-01	   2.0876713820530551e-01	   2.8958130453871544e-01	   5.1117082066229158e-01	   3.3250873443235140e-01	   1.0230000598449926e-01	   1.7636654048411149e-01	   8.9207746961063594e-02	  -3.2947231162568380e-01	  -1.5825568344575464e-01	  -3.8691035669099738e-01	  -2.4186263746801925e-02	  -1.2383207263026227e-01	   6.1583824574765500e-01	   2.1734781338877707e-01	   4.2118812251630305e-01	   2.6903445955803340e-01	   2.0612773004188172e-02	   1.5515522653629107e-01	   3.8639915081771592e-01	  -7.0754135961356060e-02	   2.1687141576481811e-01	   1.0631035311843061e-02	   1.4447314957549412e-01	   4.0783891744359084e-02	   3.2055357374300003e-01	   1.4324691766186876e-01	   1.9460963569522288e-01	   1.6868867422913508e-01	   6.6813737225225919e-02	   1.4984662263919299e-01	  -4.8234233941439171e-02	   3.8162623092960923e-02	   2.4769057947629775e-01	   1.8425445198873125e-01	   3.1444669543298809e-01	   2.2488006259581930e-01	   3.9183280802824838e-01	  -4.0746757776264950e-02	  -4.1987749234016061e-02	   6.1353601249365508e-02	  -5.6282584951111457e-02	   2.9385645662820020e-01	   2.9634913729501156e-01	  -9.4228605408176708e-02	   4.2774508191361316e-01	   2.4708796122618915e-01	   2.7612845233355543e-01	   3.4574142861654977e-01	   4.9659393054807127e-02	   1.1325608143530322e-01	   2.3909777117189329e-01	   3.0856131010534760e-01	   2.5834030364147620e-01	   2.1710638842803093e-01	  -1.2387767995133538e-01	   2.2901881777203786e-01	  -2.7831204320774905e-02	   2.6248254265765947e-01	   2.1053745437958729e-01	   2.8135701878931119e-01	   3.6921471039616005e-01	   2.6907598429241408e-01	   3.6176923581943865e-01	  -3.4982822999610176e-02	
  -7.9794374620188693e-02	   1.1473149154438572e-01	   4.5412216507142800e-01	   0.0000000000000000e+00	  -1.7952869526327252e-02	   2.4935894659576735e-01	   3.3653694986843785e-01	   3.8571640745929681e-01	  -4.1383579151505027e-02	   7.3007741172937832e-02	  -9.5716912153972600e-02	  -3.4119193644539851e-02	  -9.1485044433786342e-02	   8.7725433747184195e-02	  -8.3243211021201587e-03	   4.8737141655995514e-01	   4.1266929402992210e-02	  -7.0446892741454159e-02	  -2.3304451684582911e-01	   1.4090618015526246e-01	  -6.9013986872766706e-02	   2.8517046770179987e-02	   4.9961631498235803e-01	   7.7961328476762470e-01	   3.4522239118020243e-01	   4.0548085965640879e-01	   1.9767696316328132e-01	   1.7304847817812549e-01	   1.8112829282545383e-02	   1.0002800991014367e-01	   4.1782391135939595e-01	   5.1385945449856929e-01	   4.8556857884317051e-01	   5.6267120001214643e-01	   4.2526257354902508e-01	   4.5349467583599723e-01	   3.7978593336301114e-01	   3.4921577075428423e-01	   6.3481716366638824e-02	   3.1612740077354851e-01	   3.5929185698975873e-02	   2.3682331079573302e-01	   4.1240201297990509e-01	   4.1064615253438347e-01	   3.8442415313414524e-01	   3.4959253436086568e-01	   4.2043858951256086e-01	   3.8726046341731835e-01	   3.1502432130382324e-01	   2.8130907988140530e-01	   3.6274127908608883e-01	   4.2138586109013576e-01	   3.3556926981879537e-01	   2.7948356344254638e-01	   4.5496202425249788e-01	   3.4856989669095373e-01	   2.2906776650479094e-01	   1.2046729319935251e-01	   1.7847930871501841e-01	  -3.9116197694041135e-02	   2.2590125332309585e-02	  -2.5765286480102221e-03	   3.0659453170920642e-01	   4.0122461532588145e-02	   3.7069887234661220e-01	   3.6556032065769761e-01	   4.2195340458861685e-01	   4.7996416969810451e-01	   1.6725483155381315e-01	   3.4682877613794588e-01	   1.9017464881892018e-01	   4.7323257355096703e-02	   3.3008028672316711e-02	   1.1532013344109211e-02	   3.2868341011487640e-03	   5.6873853090429133e-03	   2.3319667367303706e-01	   3.1668564054188125e-01	   2.7043377838897120e-01	   1.5621502182408251e-01	   2.2033816320577654e-01	   2.9646854372959452e-01	   1.6825110999251849e-01	   3.1435331673539635e-01	   2.6907016202519091e-01	   4.8255464947755700e-01	   4.8749019550817213e-01	   4.1502083910562226e-01	   3.9381703559870085e-01	   2.5661623547840073e-01	   3.4706278976099059e-01	   1.3659074422672268e-01	   3.9098345110565458e-01	   1.7641732399837459e-01	   1.5345638814571316e-01	   2.2993620545804988e-01	   3.0595353668413772e-01	   3.6342838011192224e-01	   4.6043928123220523e-01	   2.7012857445051836e-01	   1.7478501776582911e-01	   3.0642848736276457e-02	   3.9572443674967417e-01	   2.0779533533017083e-01	   3.4022107049622868e-01	   3.2637889459386621e-01	   3.4142060762904547e-01	   4.0560054254287925e-01	   1.1293694302357327e-01	   1.7603524438809676e-01	   3.5161907923744057e-01	   4.4178187487644438e-01	   3.6586555676886984e-01	   4.8582815106961996e-01	   4.0285767431963915e-01	   1.8557606509981728e-01	
   5.4194105308770196e-02	  -2.1929941145826387e-02	   4.3143095656040092e-01	  -1.7952869526327252e-02	   0.0000000000000000e+00	   3.8470062027783430e-01	   3.6987916300930174e-01	   1.2457579611274652e-01	   7.4960754687339004e-01	   3.6534723431236066e-01	   4.0287901173285331e-03	   1.1266598404640014e-01	   1.8966762438880794e-01	   3.7512490452570185e-02	   9.1977614660257584e-02	   7.2448930416884244e-02	   2.8248484620282892e-02	   2.4881428973272612e-01	  -1.2604751955004623e-01	   3.9925515445106079e-02	   1.7034986175028488e-01	   3.9718717189971420e-01	   4.3362507919850368e-01	   3.1156727560799007e-02	   2.5202299208570383e-01	   3.5716020262928014e-02	   3.8431131554953585e-01	   3.3858051107590048e-01	   9.5477967961930990e-02	   8.0120163063972072e-02	  -1.7965625622782966e-01	  -2.3620422340476421e-01	   3.6478817775649752e-01	   2.4261977315582872e-01	   3.0246646278054007e-01	   1.9630388718624003e-01	   3.7991900525304545e-01	   3.0352030393024909e-01	   2.4767830860515622e-01	   2.6197987348578355e-01	   3.0704763320265166e-01	   1.4618970785789510e-02	  -1.8690480127604922e-02	   2.1919470700121194e-02	   3.2810685056427713e-01	   2.9474772330393417e-01	   1.6944379980351815e-01	   1.7388990444840702e-01	   3.0038966615637447e-01	   3.3715271962610727e-01	   3.5616511417985519e-01	   3.7072976540918900e-01	   2.2341992473333350e-02	   4.1561470233002074e-01	   3.1035083612549702e-01	   3.1518529274828655e-01	   5.8397831165774051e-02	   1.6991404774664659e-01	  -6.0084888307818649e-02	   3.0893601801948868e-02	   1.4138547091273718e-01	   5.4533969084499617e-02	   1.7324223982979001e-01	   2.2340813031927578e-01	   5.0060659893603532e-01	   1.1720231464884021e-01	   3.3733941876622336e-01	   1.8590285313367355e-01	   4.8221429708259177e-02	   5.9229337190861202e-02	   4.5944262276045603e-02	  -1.9663596842018427e-01	   2.1831074760783767e-01	   1.1851131206779615e-01	   2.5452034307714189e-01	   2.2383317926199736e-01	   8.5366240266501414e-02	  -1.0403450056704454e-01	   6.1881431887052279e-02	   6.8029547396372056e-03	   2.6209588480777268e-01	   3.0162432456725391e-01	  -6.7338829858276480e-02	  -1.8416414511190932e-01	   4.8745376094585124e-01	   3.0524950638982429e-01	  -2.4531374542575385e-01	   4.2094199717321687e-02	   2.8555351129559425e-01	   1.0681072200059294e-01	  -2.9993261697569155e-02	   1.4074408879407027e-01	  -8.9092395523807710e-02	   2.8354746718629092e-01	   2.9266239502889868e-01	  -2.3775409893653082e-01	   3.1864376122945470e-01	   1.6242082222312421e-01	   2.1826725913934911e-01	   2.5245446696363760e-01	  -2.8408152583819114e-03	   6.2934079846694285e-03	  -1.0476878119267280e-01	   6.2260937971724776e-03	  -2.5541973240482674e-01	  -2.9576979040318807e-01	  -2.7367140034060505e-01	   5.1908292118319377e-02	  -1.9414854366149759e-01	   1.8608068360998686e-01	  -5.3627007106476346e-02	   1.7729741479472014e-01	   1.4077486128581845e-01	  -9.4622829852338303e-02	  -1.3348675976003288e-01	  -1.6582564810455136e-01	
  -4.2476265535887348e-02	   7.7919660342649993e-02	  -1.3940954993889262e-03	   2.4935894659576735e-01	   3.8470062027783430e-01	   0.0000000000000000e+00	  -6.8018491506268722e-02	   3.5363827136541254e-01	   5.0933244034604885e-01	   7.0062228434605001e-01	   1.3052936204699903e-01	   3.6857725922287243e-01	   2.0785905251801653e-01	   4.4613086275694275e-01	   2.8070779038230914e-01	   4.3918997336692001e-01	   5.5835581059840822e-02	   1.0498895361333396e-01	  -3.6735267875838713e-03	   1.2605156907574774e-01	   1.5377064880781818e-01	   2.8808430029808718e-01	   4.9830675882209952e-01	   4.5232729759882895e-01	   1.1229713598763608e-01	   2.7505229019204491e-01	   1.6157014411213674e-01	   2.2575223548854675e-01	   1.6142095973218754e-01	   2.4451817728454939e-01	   9.8868920724666270e-02	   7.9241122201654440e-02	   2.0419660523058036e-01	   3.7263796169664487e-01	   2.9062728558602596e-01	   4.0287986023156208e-01	   3.6185760418946389e-01	   5.9291266440598689e-01	   1.0799141061098712e-01	   3.4094376665014980e-01	   2.1881527192912104e-01	   1.6601292896153957e-01	   3.7714797437423220e-01	   3.1053376273618188e-01	   6.1514077686071689e-01	   5.4775653259205981e-01	   5.1574091834264779e-01	   5.3341551787090669e-01	   5.5556287803360116e-01	   4.8012196836027027e-01	   4.6934199827418888e-01	   4.3418858958455508e-01	   2.5239723097789624e-01	   6.0654349393166429e-01	   3.2118270058546983e-01	   4.4513510005089163e-01	  -2.3146033479730131e-02	  -9.4034985303178026e-02	  -5.3857912011773340e-02	   2.8246917811394084e-01	   2.7780247257815632e-01	   4.0952103288715735e-01	   1.7382747938157994e-01	   1.5708394353530988e-01	   3.0746132098950457e-01	   2.6331545991259014e-01	   3.1413850174782770e-01	   3.7584230615440933e-01	   1.8435493724861246e-01	   1.9183432848164941e-01	  -2.1653080854682827e-01	  -6.0551478412820284e-02	  -4.6437893569205475e-02	   8.7440423569673326e-02	  -2.4534987980416971e-02	   7.3675936801729028e-02	  -9.8227412984794163e-02	   4.5155899791760143e-02	   1.9417798793180546e-01	  -3.1578568513131622e-02	   3.2572936902760163e-01	   2.7508225834024230e-01	   1.9238508619745881e-01	  -1.9850456983814810e-01	   4.9834167458516854e-01	   4.8155821781500630e-01	  -6.9544597011405460e-02	  -1.6124974808917247e-01	   3.3824589629787472e-01	   4.3269636148442003e-01	   5.1222559402736856e-01	   4.4049240848832383e-01	   3.5308468791040859e-01	   4.4297132100647968e-01	   2.8947162332713416e-01	   7.3919243948654262e-02	   4.0323290901237141e-01	   2.9716765240262188e-01	   4.1154895118572965e-01	   2.7443650626886684e-01	   9.6802270034402782e-02	   1.3082828684154876e-01	   8.8702150071474056e-02	   1.4965423145447743e-02	  -6.9367394210790218e-02	  -1.1624496952383903e-01	   6.7779384429100031e-02	   1.2512782216060833e-01	   2.0036474665801836e-02	   3.0468444454829502e-01	   3.4647506215413565e-01	   4.3106132162499800e-01	   2.6002506895579558e-01	   2.3182158613776199e-01	   4.5088841041662553e-02	  -5.1257856273452744e-02	
   1.4741363455299181e-02	   4.9254732573006102e-03	   7.1986089924458563e-01	   3.3653694986843785e-01	   3.6987916300930174e-01	  -6.8018491506268722e-02	   0.0000000000000000e+00	   4.1745317493135242e-01	   9.6440840892132312e-02	  -8.2582850856353557e-02	  -6.7045771856610689e-02	  -2.6732439596996715e-01	   7.5730328146966189e-02	  -1.9468480056383447e-01	  -1.4488262418679332e-01	  -3.3323282427126268e-02	  -6.1433622015435757e-02	   5.7722393804925012e-02	  -1.4913565994473571e-01	  -6.4807240773265190e-02	   1.3131200490737405e-01	   3.0379118207408629e-01	   2.6442377335228445e-01	   1.7429507072687944e-01	   4.7945831665576932e-01	   2.8019494361575004e-01	   3.5352717239618753e-01	   2.6229021841192435e-01	  -9.8882151703209409e-02	  -1.2378698526413703e-01	   2.4085149315961826e-02	   6.6406116422654010e-02	   5.8089438758720569e-01	   4.5402574506527305e-01	   3.6800505150553875e-01	   2.3423481580457417e-01	   4.0231182108405944e-01	   2.2957134776940266e-01	   2.8286386217934034e-01	   2.3657578056691370e-01	   1.3360259623077306e-01	  -1.2033230543500081e-01	   1.2379285239726892e-01	   1.3341547318398275e-01	   1.0840269877197312e-01	   8.2724490411180907e-02	   2.1713793023230160e-01	   1.8353359533789376e-01	   1.6619105288593555e-01	   2.4302187291720020e-01	   3.3321873747714681e-01	   4.5610449938324304e-01	   2.0526686905461211e-01	   2.1384192140201791e-01	   4.3483171504650286e-01	   2.8482164491193895e-01	  -5.8880448422179228e-04	   3.3608437300296376e-02	   2.7484325597613490e-01	  -6.8319597744188318e-02	   3.1074744391165632e-01	   1.4027546826205203e-02	   1.2679359410084537e-01	   8.5250073704887352e-02	   6.7239356666954042e-01	   4.4346784128448979e-01	   4.9471144261814626e-01	   3.2479752325791050e-01	  -6.2824079594751251e-04	   7.1571916325254989e-02	   4.8332623000062724e-01	   8.4333514173260529e-02	   3.6403490816776252e-01	   1.3807754697864241e-01	   3.9957180123597491e-01	   2.2255397683111888e-01	   5.3112801884889738e-01	   4.2095640356708014e-01	  -1.2295605222131768e-01	   3.2857333167335238e-03	  -2.6553503577989204e-02	  -2.3778748300569048e-02	  -3.6623455877444039e-01	  -1.2351375137126155e-01	   1.3045254593832875e-01	   1.1915501310875509e-01	   1.7285651419809417e-01	   2.4419355984323865e-01	   4.6592905386337957e-01	   2.4504026411405441e-01	   1.2311563058808217e-01	   2.1236319861697445e-01	   6.5634098269217817e-02	   4.4244570386563936e-01	   3.7227011632918211e-01	  -6.3846671770271257e-02	   2.9127696525795121e-01	   2.1971790268572622e-01	   3.2839821520126700e-01	   4.0864583619399020e-01	   6.6740003882465680e-03	   1.5523032733685893e-01	   3.4958756708662865e-02	   2.3720199116054730e-01	   4.3915519914351275e-02	   7.5031996904243014e-03	  -7.2024459018302900e-02	   2.8280314930617378e-01	   4.7072877284225795e-02	   2.9066136505234130e-01	   1.8897038089843976e-01	   3.8111437746015137e-01	   4.3170235088855008e-01	   2.9143428688842826e-01	   1.5638679367632502e-01	  -7.9615699445127253e-02	
  -8.5865210148669241e-02	   9.3284576481623666e-02	   5.9592992537303983e-02	   3.8571640745929681e-01	   1.2457579611274652e-01	   3.5363827136541254e-01	   4.1745317493135242e-01	   0.0000000000000000e+00	   3.6651738181265725e-01	   2.6410738106356813e-01	   1.6597966809875903e-01	   4.5167408777096574e-01	   3.5028374439356702e-01	   3.3748183476590854e-01	   1.3873628546266673e-01	   2.2161779418654504e-01	  -1.5635344276784977e-01	   7.2934118250386121e-02	  -1.0010344101532272e-01	   9.5077300551218505e-02	   1.9435410559953459e-02	   2.8512420090096816e-02	   2.8836264946481438e-01	   3.1035655077140928e-01	   7.1040345618780434e-02	   1.4424899886276207e-01	  -1.9049660557640899e-01	  -1.5966066473801288e-01	   1.1615087987667680e-01	   2.7680250221252978e-01	   2.4268890139269564e-01	   4.2404821124386599e-01	   3.5208056345457533e-01	   5.8996789803426020e-01	   2.6592080360065179e-01	   3.7509590981748842e-01	   2.0541063833052717e-01	   3.8848553926478324e-01	   1.6671496938544719e-01	   1.7135800172537374e-01	   6.8203354882547931e-02	   3.1993434027408335e-01	   1.9794779963325074e-01	   8.5969751001675823e-02	   2.4475875743165573e-01	   2.0608036729902285e-01	   2.4237720722233874e-01	   2.5066916891328184e-01	   1.7251912352732784e-01	   1.5518528810704449e-01	   1.4566151515671946e-01	   2.1701953438359389e-01	  -3.0784974215121056e-02	   2.1182747316466127e-01	   9.9909301906629444e-02	   1.0131614213028294e-01	  -1.8745608952744330e-01	  -2.1426265673110609e-01	  -1.1904967340545453e-01	   1.9786633700332659e-01	   4.1026935457821656e-01	   6.8896184231755431e-01	   7.3333918140184876e-02	   1.5380417090921281e-01	   4.6701205255495287e-01	   6.8453943316797405e-01	   3.7873148425458641e-01	   3.6967955476840142e-01	   1.4121592034621992e-02	  -1.0892633154046619e-01	   6.6154191678430202e-02	   1.3817015466743726e-01	   6.6070666224609317e-02	   1.7153578312453152e-01	   1.5179641089688189e-01	   2.5121467224210736e-01	   1.7897046981129433e-01	   4.4190000126025497e-01	  -1.3821046726808744e-01	  -2.4538497184756736e-01	   2.4540006355782415e-03	  -5.4858808026666470e-03	  -1.3304135123896743e-01	  -1.5599406719188991e-01	   2.7996490155354620e-01	   3.4878276192634128e-01	  -2.9756547065996918e-02	  -3.0921949097464450e-02	   1.1681228428981899e-01	   3.0919842788455204e-01	   4.1024688560052303e-01	   2.1659454521213684e-01	   2.5377823380373465e-01	   3.3611358195034691e-01	   4.6390657644587741e-01	   2.7322106003322266e-01	   9.2796673652142808e-02	   9.9617948971803538e-02	   2.1944130133381023e-01	   3.4668319726565699e-02	  -7.6591667073657443e-02	  -1.3655984286401290e-01	  -1.4106399141478093e-01	  -2.8545252167686735e-01	  -5.4313639146723339e-02	  -1.1081287342438534e-01	   2.4217846138478991e-01	   7.5918396461121945e-02	   2.6424815755410302e-01	   1.7667969404664141e-01	   2.1064421875871533e-01	   2.3904021134495207e-01	   1.8398541097476495e-01	   1.6068186673708654e-01	  -1.0284546935040770e-01	  -1.2025060572579065e-01	
   2.9876244991977824e-01	   1.8708491339869227e-01	   2.6617415870411418e-02	  -4.1383579151505027e-02	   7.4960754687339004e-01	   5.0933244034604885e-01	   9.6440840892132312e-02	   3.6651738181265725e-01	   0.0000000000000000e+00	   6.9031962680928816e-01	   3.6671710778502276e-01	   5.3802801877105111e-01	   5.7634118104041243e-01	   5.4601296616896289e-01	   4.4374176580723063e-01	   4.0742039014151610e-01	   7.9536329788244528e-02	   3.2336225445779565e-01	   9.5363234948267553e-02	   2.5078655231558655e-01	  -8.1994677489024476e-02	   7.0238027797412741e-02	   3.4492508911792885e-01	   1.0164095781669125e-01	  -1.0744693099327771e-01	  -2.5451497127026224e-01	  -2.4145379602356576e-02	  -1.2485490293677678e-02	   2.2512098180173942e-01	   2.4841035089245150e-01	  -1.7645939327815707e-01	  -1.7602724868023301e-01	   2.6118008631373979e-01	   2.4852651817546934e-01	   1.3388888423251311e-01	   1.5555290663972232e-01	   2.4630342644917996e-01	   3.3450788577354146e-01	   1.3909156464096190e-01	   1.8923539536309955e-01	   2.6116925610775121e-01	   1.5967608219288468e-01	   1.6909132006401104e-01	   1.5392172434853701e-01	   4.6314243565821595e-01	   4.5577035360405055e-01	   2.7512945315216430e-01	   2.9658889162691793e-01	   3.8946702173913705e-01	   4.0306624688416448e-01	   3.4792038249369478e-01	   3.1821058214509734e-01	   1.0647609867353502e-01	   5.0442463090104550e-01	   2.3756756415625591e-01	   3.4235633054047887e-01	   9.2996439569888664e-02	   1.3328322367878997e-01	  -2.3662126438293858e-02	   3.3882266429500663e-01	   4.6651390001740300e-01	   5.6448872200873002e-01	   3.6175816109161246e-01	   3.1675171648105160e-01	   3.9033360344595641e-01	   2.3696920833853774e-01	   3.1026913721753380e-01	   2.3150579687380574e-01	   3.0380992841952248e-01	   1.3789857249786550e-01	  -1.4829198153017228e-01	  -1.8395639145887110e-01	   9.2710144916657550e-02	   1.5954899909329431e-01	   1.8630547498982719e-01	   2.5426678658352730e-01	   1.3752727124638167e-02	  -6.9388284063882547e-02	   2.0336426689919521e-03	  -6.7077289658537466e-05	   2.4327650207460880e-01	   3.9467479671931183e-01	   8.6809320870824033e-02	  -2.1902644533152765e-01	   5.6296624599753486e-01	   4.9225664899163019e-01	  -2.6585913582585652e-01	  -5.8530507849909458e-02	   2.2834749997039971e-01	   3.4794618591165505e-01	   2.4382065567758957e-01	   2.5481534262992189e-01	   7.1060932753296197e-02	   3.9214048587634509e-01	   3.9440058217028950e-01	  -4.9013245025516544e-02	   9.2117673598992242e-02	   7.3254023923905565e-02	   2.6881102192440265e-01	   2.6573746145961402e-01	  -3.9858472175844352e-02	   7.3543906303027923e-03	  -1.5479194719137793e-01	  -1.3362805746631051e-01	  -2.1536791838021602e-01	  -2.3612281849297348e-01	  -4.2724689463995665e-02	  -3.7700295932025799e-02	  -6.7464629244629801e-02	   6.8413742252421667e-02	   1.3312048572925788e-03	   1.5730826248928362e-01	   1.4354843075498652e-01	   2.1726081516490345e-02	  -1.0205301090794960e-01	  -1.1688604000963380e-01	
   3.2857745400295091e-01	   2.7078285827713233e-01	  -1.3650549923279279e-01	   7.3007741172937832e-02	   3.6534723431236066e-01	   7.0062228434605001e-01	  -8.2582850856353557e-02	   2.6410738106356813e-01	   6.9031962680928816e-01	   0.0000000000000000e+00	   3.1468237997786397e-01	   4.8033742035549692e-01	   4.3097752573112658e-01	   6.2410763777697942e-01	   3.6606579174341586e-01	   5.3173202127098562e-01	   1.5294467580748480e-01	   2.4404536761753981e-01	   2.0298130248329455e-01	   2.7066828045579183e-01	  -8.6150910798028724e-02	   1.2077815106472741e-02	   2.2346534538537777e-01	   2.7897145917018540e-01	  -7.9281523782146354e-02	  -1.0502772855259454e-01	  -4.6322908438391083e-02	  -1.6142358773275904e-02	   1.3443332831003166e-01	   1.9390542717436385e-01	  -1.0147155600405539e-01	  -8.7432991319986469e-02	   1.6895627544846187e-01	   2.3160741029401039e-01	   1.2934947046725326e-01	   2.0445478974954298e-01	   1.3557712932552754e-01	   3.7541305084823295e-01	   2.8051017913474703e-02	   1.2351388455211171e-01	   7.8444759893271543e-02	   9.4689363435582263e-02	   4.9464923608304090e-01	   4.0120591348744317e-01	   6.2217659595666208e-01	   6.2980766793516074e-01	   5.4146886938676397e-01	   5.6054086935785907e-01	   5.5684003873420240e-01	   4.9063613637669840e-01	   4.2561566113887173e-01	   3.5576794229705111e-01	   3.2286437754453129e-01	   5.9517908479000692e-01	   3.4441674011020862e-01	   4.4470859755623160e-01	   1.6449367753880317e-01	   5.8587396796471437e-02	   2.0506551729292802e-01	   5.1761459098061136e-01	   5.1640508395475326e-01	   6.2129136605388879e-01	   3.4778015500526133e-01	   3.0788947621092888e-01	   2.5969002500204152e-01	   2.2742446935598720e-01	   3.1073290889673322e-01	   3.3181763361029626e-01	   3.4856452484624956e-01	   3.0109317800085578e-01	  -2.9074032214866907e-01	  -2.4997987496407648e-01	  -1.4544662425193891e-01	  -3.6742638160140909e-02	  -4.0996955451852529e-02	   3.0786747049951331e-02	  -6.3491635163328572e-03	  -1.3489829565931977e-02	   3.6448226595346196e-02	   1.7541778086933235e-03	   2.9028886160146961e-01	   3.5648230102776179e-01	   1.1848145123502218e-01	  -2.1818657981443684e-01	   4.5107961737234681e-01	   4.6621274862785389e-01	  -5.3671539884323965e-02	  -9.2369763868785343e-02	   3.6577575496155762e-01	   5.5441007485185323e-01	   4.7742994255532012e-01	   3.8398177259674104e-01	   2.9230915406121122e-01	   4.0126450526991309e-01	   2.8378842196462395e-01	  -3.0933565700379192e-02	   2.0297273105225239e-01	   1.2176756995333579e-01	   4.1915084438322425e-01	   3.3333090372173768e-01	   1.3787876315571249e-01	   2.0391588497725915e-01	   5.9641138871328402e-02	   7.3853757036427520e-02	  -7.0912035201620177e-02	  -8.3558391591723430e-02	   1.2026308119285908e-01	   1.0928849092602025e-01	  -1.0224738835192360e-02	   1.6162613835090392e-01	   3.3932235651616571e-01	   3.2629417999168359e-01	   2.5752790572544082e-01	   3.2249079722512708e-01	   6.4696898455558108e-02	   7.2458904575352506e-03	
   5.4274578587239741e-01	   3.1695451669463182e-01	  -3.9145237885227935e-01	  -9.5716912153972600e-02	   4.0287901173285331e-03	   1.3052936204699903e-01	  -6.7045771856610689e-02	   1.6597966809875903e-01	   3.6671710778502276e-01	   3.1468237997786397e-01	   0.0000000000000000e+00	   5.1035210735372394e-01	   8.3704063484307012e-01	   6.0334178878718814e-01	   7.8364091017498050e-01	   4.5245715780535700e-01	   4.4600624936857625e-01	   3.9866778151599569e-01	   5.3508559639681497e-01	   3.2705379299923198e-01	  -2.0313504028504809e-01	  -1.6062669924464151e-01	  -4.7589056135415170e-02	   6.1226954969628655e-02	  -5.0435601074531855e-01	  -4.1615596162665930e-01	  -1.0389250970984287e-01	   5.4131987036738934e-04	   4.2450479306201161e-01	   3.0802710694167318e-01	  -2.3520092179572882e-01	  -2.1560443587098282e-01	  -2.3496603027437096e-01	  -1.4632743903661805e-01	  -4.4904596179029366e-01	  -3.5293061567054862e-01	  -1.1910713189435408e-03	   5.6893029666867809e-02	  -1.4746651307862846e-01	  -7.8477361375127688e-02	  -6.0558617862739285e-02	  -5.5963540927279364e-02	   2.8734297857742375e-01	   2.7730876184807007e-01	   8.6712714599312207e-02	   1.2676849215847985e-01	   1.7238346105103861e-01	   1.2470916073135510e-01	   7.9667604958250177e-02	   1.1640133180678386e-01	  -6.3406375468343712e-02	  -4.6155951466989274e-03	   2.3972350334015344e-01	   7.3783645676573681e-02	  -3.7487203637512491e-02	   9.3342298422365577e-02	   5.5603011918755545e-02	  -1.7242768371573598e-03	   1.9693129133970638e-01	   2.4729023699037575e-01	   6.5119823653359910e-01	   5.7294224590720155e-01	   4.9352219475366021e-01	   3.1841371995796985e-01	  -1.5736031103822848e-01	  -5.0808289777948761e-02	  -1.8813013627156860e-01	  -1.5119155453946126e-01	   2.2921730753685599e-01	   4.4709568761449645e-02	   2.0466905560869189e-01	   1.9733821216658470e-01	   2.4015904883578554e-01	   2.2330591641514172e-01	   3.1496454297490006e-01	   1.8857718277698018e-01	   2.2441660047467943e-01	   1.2433573000059547e-01	   2.0723151452592181e-02	   2.0038047037212087e-01	   5.2773529547529528e-02	   1.7034596498210247e-01	  -3.5015833987549816e-02	  -1.5654432499899879e-01	   1.6226355275773269e-01	   9.7319518595124541e-02	  -7.2863989280647079e-02	  -2.7880818379370079e-02	   1.7197816791839463e-01	   3.5753665235643767e-01	   2.4755518826013212e-01	   2.8882537962572929e-01	   2.3362513684634256e-01	   1.7756586078969494e-01	   6.5428237850350415e-02	   1.3487394397895716e-01	  -2.5190627244156349e-01	   1.0415019320480227e-02	   1.4042443644020947e-01	   2.9135060237434063e-01	   1.7602026187658226e-03	   1.9116235892649180e-01	  -1.4061995043063416e-01	  -2.9281838996986560e-02	  -1.4912723439276189e-03	   1.0703032275267903e-01	   1.5789869368557041e-01	   1.5358653122166890e-01	   1.1127618441202539e-01	  -2.3544789432971981e-02	  -3.3446314270732240e-02	   5.7545654898227813e-02	   2.3313969422591549e-01	   2.5490311270291688e-01	   1.8791418057510789e-01	   3.3639475724151713e-02	
   2.4632219394620425e-01	   2.9374039429370269e-01	  -5.1156604287416574e-01	  -3.4119193644539851e-02	   1.1266598404640014e-01	   3.6857725922287243e-01	  -2.6732439596996715e-01	   4.5167408777096574e-01	   5.3802801877105111e-01	   4.8033742035549692e-01	   5.1035210735372394e-01	   0.0000000000000000e+00	   5.4666313596416827e-01	   7.2957559397505733e-01	   4.9841552396967559e-01	   5.4147102809978542e-01	   2.6074523206501055e-01	   4.0677702863941267e-01	   3.7433654084187168e-01	   4.3255569203038047e-01	  -8.7853162136152015e-03	  -4.4785168065917549e-02	   7.0603738104400737e-02	   5.2179343285815111e-02	  -4.0178654932987717e-01	  -2.7219908973245438e-01	  -2.0528893399847287e-01	  -1.3412052084910328e-01	   4.7583312499902541e-01	   5.5388677103977901e-01	  -2.0489740235460525e-02	  -3.7444909395555268e-02	   6.1809105631255162e-02	   2.1547570334896129e-01	  -8.2105801983440405e-02	   7.5594907998222147e-02	   9.3685768235450745e-02	   3.3475261609395679e-01	  -3.5811962640795919e-02	   1.5520523257429369e-01	  -1.0368177716075283e-01	   3.0100923434310733e-01	   3.7163728315010511e-02	  -1.9519299670298230e-02	   1.8937428777977602e-01	   1.9478914583392296e-01	   1.7273365429739210e-01	   2.2714508238777203e-01	   3.1774142319340191e-02	   2.2094646679258742e-02	  -7.8251747646085140e-02	  -6.9725866249664661e-02	  -1.0641614813906233e-01	   1.4882747325428503e-01	  -1.2431224849110313e-01	   1.0422299616830311e-01	   1.4182842889123966e-02	  -1.8997005154812549e-02	  -1.6356232916968896e-01	   3.8129911690270768e-01	   3.8111038897004235e-01	   7.0623286497827253e-01	   4.0710503669983322e-01	   5.3890731853331597e-01	   2.1143990984994990e-02	   3.2060898668567228e-01	   1.2145970627009631e-01	   1.9141807716748716e-01	   2.1987586124460384e-01	   4.5099473221981712e-02	  -2.7459834375783032e-01	   2.4005654584714584e-02	   1.9376791592687917e-02	   2.0636132800293835e-01	   7.5514101259500643e-02	   2.2099185902112559e-01	  -1.3418535279304100e-01	   1.8493201308629879e-02	   5.0752164560985198e-02	  -1.1695059229580697e-01	   2.7475121651934464e-01	   3.2711375425233141e-01	   7.5897969446336283e-02	  -9.1635113729651690e-02	   4.0267209060058529e-01	   4.7661353027379894e-01	  -4.1837948801362923e-01	  -1.2007140334832409e-01	  -6.8771065436610157e-02	   2.2623186297802056e-01	   3.4243996576566060e-01	   2.0419772003070510e-01	   2.4331996514219728e-01	   8.2694725814057318e-02	   3.2727325946344832e-01	   3.3105057740630373e-01	   4.7508829938196620e-02	   2.1245217164316316e-01	   4.5935645849974893e-02	   3.3271636585162107e-02	  -1.1367394475822412e-02	  -8.9278771013390393e-02	  -1.7110998536885552e-01	  -2.2757348095600000e-01	  -1.4490758396019121e-01	  -1.8598802093958944e-01	   1.9558324148543826e-01	  -6.7361688027942929e-02	   2.0818118310849282e-01	   1.9234965896402656e-01	   8.5500996606202515e-02	   1.0762797385671859e-01	  -6.3239023551388523e-02	  -1.1174924360484664e-01	  -1.3777620845548522e-01	   2.5388049249159023e-02	
   5.0448120838916011e-01	   3.8463571700201482e-01	  -2.9021005881510054e-01	  -9.1485044433786342e-02	   1.8966762438880794e-01	   2.0785905251801653e-01	   7.5730328146966189e-02	   3.5028374439356702e-01	   5.7634118104041243e-01	   4.3097752573112658e-01	   8.3704063484307012e-01	   5.4666313596416827e-01	   0.0000000000000000e+00	   7.5328026840667328e-01	   7.9401246013339888e-01	   4.8168655455135218e-01	   3.2128216382047475e-01	   3.5659076473542300e-01	   3.8752383439489452e-01	   3.4726228255697922e-01	  -1.4720142408925410e-01	  -1.1401203808047528e-01	   1.2188363515711381e-01	   1.3543259831569932e-01	  -2.5544614320551862e-01	  -2.3260398295532742e-01	  -5.7978239382221491e-02	  -5.0252494266870259e-03	   3.4589411766295108e-01	   2.7401230469195870e-01	  -2.0692040200108081e-01	  -2.0977498699326763e-01	  -2.3770746861890096e-02	  -6.9519234802812007e-03	  -2.2976460699741380e-01	  -1.4427732361941564e-01	   1.3686747374730776e-01	   2.1819899016590905e-01	  -3.3929867269478761e-02	   1.1659705845487121e-01	   3.7330475505453861e-02	   7.1702157992181428e-03	   3.4336517193664062e-01	   3.0207262182761219e-01	   2.2731767275694187e-01	   2.3894339366077758e-01	   2.5582118440943613e-01	   2.4357298691223053e-01	   2.1943063677462898e-01	   2.5706103373031564e-01	   1.2641571204144680e-01	   1.3803033875449952e-01	   2.2668319977998355e-01	   2.4953434072674444e-01	   1.3890220435455530e-01	   2.7185474038775326e-01	   6.7805096010123952e-02	   5.2889660455131292e-02	   1.3143274661540530e-01	   3.2296675242879158e-01	   7.5761393220458606e-01	   6.9625698377853495e-01	   4.2704961788610890e-01	   3.2728264914333771e-01	   8.8962847257512842e-02	   1.5002127505183269e-01	  -1.0498090830152611e-02	  -3.2350662646529652e-02	   3.7444102663791212e-01	   1.5216381671293952e-01	   1.1903522253877892e-01	   8.1216375506538180e-02	   2.9930541915656056e-01	   2.8773249708311444e-01	   4.1452556200569129e-01	   3.3159798132240886e-01	   2.4887577469082384e-01	   1.7951400933374753e-01	   2.6914384310187677e-02	   1.0226066944518827e-01	   1.0271085396597879e-01	   2.0141744239867984e-01	  -7.8713708336344418e-02	  -2.5423084440140931e-01	   2.7173145159142498e-01	   2.2871966047962677e-01	  -8.1695421766414117e-02	   1.0711657818719662e-01	   3.0439506680304856e-01	   5.0780033571412608e-01	   2.9737008999747627e-01	   3.6000847363676369e-01	   1.4057769330006636e-01	   3.8393650610430075e-01	   1.3586137069904664e-01	   1.5804318573468484e-01	  -1.5272156832783676e-01	   1.1731956402035870e-01	   2.1665637029299353e-01	   3.3634530611765112e-01	  -1.8335159217470487e-01	   6.8638284207467853e-03	  -2.7606929461735918e-01	  -1.2981050314026210e-01	  -3.4205199233125386e-02	   6.2863197917072511e-02	   1.6076705982182204e-01	   6.7393329901512672e-02	   8.7319315842870893e-02	  -3.5471336103777684e-03	   9.5887242175157580e-02	   1.9741385426463859e-01	   3.0798997090937691e-01	   2.1168528192869646e-01	   1.0060535407000962e-01	   1.6157456765482654e-02	
