   0.0000000000000000e+00	   7.4027372316019568e-01	   4.1029646983330464e-01	   3.6894904645581184e-01	   2.3484163378534750e-01	   1.9639321730631276e-01	   4.4874151418397579e-01	   3.5732454069792891e-01	   2.5453416737680756e-01	   2.3867304061969380e-01	   6.1134207164723209e-01	   5.5414538372182953e-01	   5.2130125371448044e-01	   2.2733489072999225e-01	   6.2043828554796643e-01	   4.5578062548925091e-01	   5.5911799311029808e-01	   4.4200901103227408e-01	   7.6612880745856149e-01	   6.5009660144976855e-01	  -1.7702329314805693e-01	  -1.2831190087802041e-01	   3.7276374723608208e-01	   2.3592328563312587e-01	   2.3556976992834108e-01	   1.2173620423061118e-01	   4.9838701821796122e-01	   3.8593401735908106e-01	   1.6977607899097935e-01	   4.9628291140984791e-02	  -3.3330944237198720e-02	  -6.9652476731946827e-02	   6.7833975025441628e-01	   5.0079574075680777e-01	   4.4319460018655105e-01	   5.2011420195551294e-01	   3.8939549557533787e-01	   5.4344527824063948e-01	   1.3620108718587626e-01	   1.3555197600882457e-01	  -3.5553411942016944e-01	   5.9228931000112006e-02	   4.8901370994545734e-01	   4.5812594083539798e-01	   3.7580937370012785e-01	   5.1937354354707521e-01	   4.3710591806567878e-01	   6.5663907571328883e-01	   3.7785182400065710e-02	   2.5564563793487383e-01	   1.3616012659168092e-01	   2.1412982641156555e-01	   3.0009865622192627e-01	   5.5289013233989537e-01	   7.3582476635792904e-01	   6.4707019148261180e-01	   8.6763391371969911e-01	   7.1079540104615591e-01	   4.7360497307147720e-01	   5.8943539630081976e-01	   6.2358703715037112e-01	   6.2523384632296453e-01	   6.0787948710176587e-01	   4.4645226434082308e-01	   3.5295987023536968e-01	   4.3457731909337399e-01	   5.7972693325430713e-01	   5.6154913593186950e-01	   5.9258069389689283e-01	   5.1985291527196131e-01	   1.2922085155550894e-01	   2.5595163297195822e-01	   3.4656443236911660e-01	   3.3383782468172846e-01	   4.6770047896769767e-01	   4.3849660827670783e-01	   6.8969695607278569e-01	   7.0023098414340879e-01	   1.7937818638878714e-01	   5.6922497586700954e-02	   5.5466320641010936e-01	   4.9635070857475327e-01	   5.4000465415211574e-01	   1.8441689531035521e-01	   5.2877163334806199e-01	   6.4668011232210776e-01	   1.8037531899165812e-01	   2.9252343376782414e-01	   4.9789782617931283e-01	   6.9514575780633436e-01	   7.1862140862321799e-01	   3.7950546043053512e-01	   6.2737530899721405e-01	   3.8733676767666980e-01	   5.5047136550173958e-01	   5.9259557810721686e-01	   6.3752760527044350e-01	   4.2684165888877379e-01	   6.6980336645447169e-01	   6.1044887522689040e-01	   4.2163374182675045e-01	   4.9984171663275634e-01	   3.2950906419370346e-01	   3.3846859681323815e-01	   1.5035551071847966e-01	   2.5877711833133443e-01	  -9.0374022781381457e-04	   1.3665584620142013e-01	   2.4244328245957547e-01	   4.2877713162144504e-01	   6.0659854973003036e-01	   5.2624492449579474e-01	   3.9252507387539548e-01	   3.1819226351777613e-01	  -1.1190943488648718e-01	   4.1632748616788659e-02	
   7.4027372316019568e-01	   0.0000000000000000e+00	   2.3098300354435247e-01	   3.9281634439327212e-01	   2.9772812733564180e-01	   1.5416548278980446e-01	   1.4573135988526917e-01	   3.4534985416640251e-01	   3.7697876661592833e-01	   2.0367142416027559e-01	   3.0720594978872268e-01	   4.8552271592575913e-01	   2.4733344387457756e-01	   1.7886439090906053e-01	   5.3677251329971365e-01	   3.3635145592426935e-01	   5.3555367629496065e-01	   6.5708356969686577e-01	   4.2969923988410452e-01	   5.5308999973474748e-01	  -1.0446368139140028e-01	  -2.4346657832430410e-02	   1.5701531825244444e-01	   1.3621632606741021e-01	   1.5194002396844031e-01	   7.1274105236299568e-02	   4.2069052828914311e-01	   3.1237597749288060e-01	   1.3584773511878007e-01	   2.0401667857966577e-01	  -1.0059331198519822e-01	  -1.0165361491936223e-01	   5.6562650386683599e-01	   4.9836738600998881e-01	   1.2608781688981313e-01	   1.0790475266220224e-01	   2.6894133378509977e-01	   5.5298284659932517e-01	   1.3139419686535436e-01	   3.1565092505627917e-01	  -1.4442202102684545e-01	   1.0827227951702141e-01	   3.7106198196305595e-01	   3.3197529770534467e-01	   2.8009168433007980e-01	   3.3944648508294584e-01	   2.6335993346811659e-01	   3.9315374053583163e-01	   1.5085477870389360e-01	   1.9785949023357380e-01	   1.6745360708545717e-01	   1.3878480037536600e-01	   3.0534766092703369e-01	   4.2443396466078531e-01	   5.5519635030082504e-01	   5.0556971345302137e-01	   7.0154184506685846e-01	   7.8311695240962065e-01	   3.6946310726056786e-01	   4.2321697774504341e-01	   4.8008245070156397e-01	   6.9926889090091249e-01	   3.9588950871249901e-01	   5.3743061372487522e-01	   2.9618200225762714e-01	   3.9070193636194001e-01	   3.9440513595584586e-01	   3.7025697436155858e-01	   4.4494437009212218e-01	   4.6818355013660984e-01	  -1.2236174547373900e-02	   1.0180156299732232e-01	   2.8478238662790079e-01	   2.7138159922607968e-01	   3.1878391401865236e-01	   3.0924269469330967e-01	   4.1641808468233188e-01	   4.3052342652759967e-01	   2.4623344647532142e-01	   2.7960329856240257e-01	   5.6383007943210850e-01	   5.6411872084711168e-01	   2.8331643290764918e-01	   2.6611680602874832e-01	   4.0090070611780954e-01	   4.3493715626384405e-01	   2.6945861404498585e-02	   2.9513454398039379e-01	   4.3453089546653006e-01	   5.2881077984356462e-01	   3.5523627620410392e-01	   1.7336173092420049e-01	   3.1305776227924009e-01	   1.3713677528319199e-01	   4.6893118475131385e-01	   4.7434541416992082e-01	   4.1598970115978096e-01	   5.0317304472140278e-01	   4.2430451877881425e-01	   4.3437467009234476e-01	   1.8479938036642507e-01	   3.5309743539281974e-01	   1.3795144948672222e-01	   1.6785219376217853e-01	   7.7417400422174126e-02	   2.3216718024723615e-01	   2.8201327475535898e-01	   2.1688171453178984e-01	   2.5855099579958224e-01	   1.9770858994013607e-01	   2.3962248867655445e-01	   2.1048393623454206e-01	   2.1705471447575259e-01	   6.6139531922055211e-02	  -1.0341214832066761e-01	   1.2794489805456805e-01	
   4.1029646983330464e-01	   2.3098300354435247e-01	   0.0000000000000000e+00	   8.0311736142011625e-01	   5.7122691441240570e-01	   5.7101295190895462e-01	   8.7056418628743981e-01	   6.8638717641504066e-01	   3.1386391139501746e-01	   3.7479737111300299e-01	   5.8230816597792401e-01	   5.2898153456234254e-01	   6.4696402995177416e-01	   4.7449817911265435e-01	   6.0883135995895343e-01	   6.0980881045563462e-01	   1.3460880949951493e-01	   8.4926901025116242e-02	   5.1369070218044000e-01	   4.5877929888885849e-01	   7.8089198393951093e-02	  -1.7547324839723266e-02	   8.2392275336527820e-01	   8.1275787109952102e-01	   6.0383513531452093e-01	   5.4491616265597020e-01	   4.7275411011388990e-01	   3.4312941496560284e-01	   1.2657722923733583e-01	   1.6462744252312467e-01	   3.2196314270282045e-01	   3.5452892391787977e-01	   3.9925924890080505e-01	   3.8015549246106467e-01	   3.0767630804886947e-01	   3.3088847110191744e-01	  -2.1877115289543593e-02	   1.2338583115659194e-01	  -9.2389400404005714e-02	  -4.0656650132304809e-02	  -3.5599137705167816e-01	  -1.6543527045696994e-02	   4.8906311592688906e-01	   4.0153703676761959e-01	   5.1253158582025504e-01	   4.6586107724001646e-01	   3.5232289327152211e-01	   4.9704869102718735e-01	   3.7620529141454806e-01	   3.0860724155924724e-01	   4.2673220778596976e-01	   3.4454618810055870e-01	   2.4049969949411315e-01	   5.6191100371144365e-01	   3.3430903930929562e-01	   3.5066002014533421e-01	   2.3914861455936043e-01	   3.2676997283036679e-01	   3.3899456650273774e-01	   2.7944997133345650e-01	   4.7045373611297753e-01	   3.1512558255328288e-01	   3.0051690253242669e-01	   2.2653502243866758e-01	   5.7269854218672844e-01	   3.4158196878929653e-01	   3.8000109935813409e-01	   2.8806599701235314e-01	   2.1779581736073339e-01	   2.9221944168807401e-01	   1.6454763848865506e-01	   2.7964839680579123e-01	   1.7763414311789916e-01	   2.6514458733097424e-01	   2.8028686512115375e-01	   2.8548663442965289e-01	   2.6210158180399279e-01	   2.7551012963153326e-01	   1.7769075946206143e-02	  -7.5833208477997571e-02	   1.6763346406453056e-01	   3.3353434708916208e-01	   4.4276605839916039e-01	   1.7885528574738258e-01	   5.1095269443331592e-01	   5.6291824434484716e-01	   5.4546856935120715e-02	   1.0486664822958958e-02	   4.9535217127488773e-01	   5.2376797833488320e-01	   3.0931578109254620e-01	   2.9906893542175128e-01	   3.1018896996950995e-01	   1.1447773696001130e-01	   8.0202418615063928e-02	   2.6730751943373632e-01	   1.7476218847405325e-01	   8.3929127544072932e-02	   1.6424582426963616e-01	   2.2262956701245590e-01	   8.0545047145373944e-02	   8.0582467629939702e-02	   1.5619426110595643e-02	   1.1722963835523705e-02	  -1.2615576230183151e-01	  -1.1085023192276465e-01	  -1.5300708363593668e-01	   6.9463627130416317e-02	  -1.2087171328663383e-01	   5.1794139664587777e-02	   2.2388887599275836e-01	   1.3897341585897757e-01	  -1.1639051656685979e-02	  -3.9222469247146105e-02	  -2.1876052081370384e-01	  -2.1243149014843279e-01	
   3.6894904645581184e-01	   3.9281634439327212e-01	   8.0311736142011625e-01	   0.0000000000000000e+00	   5.2993927417138587e-01	   7.5092634662534097e-01	   7.9932920123454476e-01	   8.6671490150111530e-01	   4.5157913655221937e-01	   6.2114584734195988e-01	   4.2903536257188557e-01	   5.9556221130747189e-01	   4.8567022803282078e-01	   5.9521943147790268e-01	   4.5333812207335866e-01	   7.1484783699386367e-01	   1.4839969408116693e-01	   2.4785307159542189e-01	   4.8907086418902018e-01	   6.1578785830252958e-01	  -1.2092454197420362e-01	  -9.5048156861903182e-02	   6.4070169914343778e-01	   7.0903343593657919e-01	   4.7231455931022370e-01	   4.8065694924941182e-01	   3.7427537984302195e-01	   3.0698075796909324e-01	  -3.3070319143102080e-02	   2.0391895548844038e-01	   1.3353624101390893e-01	   2.2991150670596544e-01	   5.3693449889987077e-01	   6.0987905927692543e-01	   2.6751381087035103e-01	   3.3856828306426334e-01	  -1.9447265570784500e-01	   1.6858638760437544e-01	  -1.4658898888844094e-01	   6.0337958506652037e-02	  -2.5927695071890994e-01	   2.2405343150570124e-02	   6.1734398032317772e-01	   5.1993576365879113e-01	   7.2556569470547827e-01	   6.2412283741538321e-01	   4.2353204671503586e-01	   5.8772510555810320e-01	   6.2340263750036973e-01	   4.5684139600862744e-01	   6.6946996227608058e-01	   4.7678885280622285e-01	   4.7785239709562199e-01	   6.7979222617614687e-01	   4.1996714850050443e-01	   5.1818540501395871e-01	   2.7472969614989207e-01	   4.4552288122648748e-01	   5.2530539970149182e-01	   4.4319804653752692e-01	   5.8205883577118822e-01	   4.5828319520462302e-01	   3.8307415272050999e-01	   4.5230738082987798e-01	   5.1329231042341861e-01	   5.3950067770760035e-01	   5.7914435233575379e-01	   5.3932539743855690e-01	   3.4473511776383631e-01	   5.0537951610381149e-01	  -1.3481945694972006e-01	   1.4812483439321650e-01	  -1.1405668916679452e-02	   1.9537634666205675e-01	   3.9053651187382764e-02	   1.4768376963150226e-01	   5.7024101465199012e-02	   1.6425601600632314e-01	  -3.3675076977309360e-03	  -1.0945164275456457e-02	   3.3775954755185134e-01	   5.6298655165977629e-01	   3.0075270974321155e-01	   3.5781976645918451e-01	   4.9961630664736106e-01	   6.6641968076031466e-01	   8.5408940198184777e-02	   1.2805889596305675e-01	   5.4478991902595042e-01	   6.4712061927006659e-01	   2.4485013936672115e-01	   3.8005937122470029e-01	   2.4295294572844187e-01	   1.7597642185569895e-01	   1.3716132259179525e-01	   3.6386443583249206e-01	   1.5857905027795777e-01	   2.3000750356614144e-01	   1.7636197134886963e-01	   3.0106804965378453e-01	  -8.2104993363922366e-03	   1.2493830818823631e-01	  -4.3165355217025643e-02	   1.0345926365180369e-01	  -2.9421526107440966e-02	   8.9409472190687442e-02	   1.7617740147249791e-01	   2.9445172169561584e-01	   3.7509917882759619e-02	   2.1116423061960157e-01	   2.8107255614001331e-01	   2.0595711588821064e-01	   1.4511909800249495e-01	  -1.1745785271566865e-01	  -9.1815906448348833e-02	  -9.6758605862313329e-02	
   2.3484163378534750e-01	   2.9772812733564180e-01	   5.7122691441240570e-01	   5.2993927417138587e-01	   0.0000000000000000e+00	   6.5352960875251864e-01	   4.3274512716025115e-01	   4.0379583419599296e-01	   7.1606803982470535e-01	   5.6627920132366838e-01	   3.7011327781514719e-01	   3.2104914244492028e-01	   4.2687967017052880e-01	   3.5332891714655085e-01	   7.0061962888377116e-01	   5.9191661176586474e-01	   1.2272364625546750e-01	   4.1456955822975108e-02	   2.0041991906500850e-01	   2.1948080961439551e-01	   2.3724536038510607e-01	   1.2939700910023538e-01	   3.2432433844239372e-01	   4.4761006761127908e-01	   5.8647333939166746e-01	   5.0890518708269727e-01	   4.0920823434194148e-01	   1.8434122067789643e-01	   1.2277760681549466e-01	   4.3075649805933813e-02	   5.8852146234746119e-02	   5.0776585683906958e-02	   1.4599497910932974e-01	   1.1856073328187464e-01	   1.2925463937455500e-01	   1.2539874183240510e-01	   2.4212905673749474e-01	   2.7831917251227956e-01	   8.4781264375158663e-03	   1.6963742836433379e-01	  -2.4691887089577882e-01	   6.4582189784762462e-02	   2.8140404713071210e-01	   2.1177132309554852e-01	   2.9367911938026336e-01	   2.8864200216426328e-01	   1.7841267825547411e-01	   2.5771183241090323e-01	   3.2938280397511166e-01	   2.9919144837832973e-01	   3.3262316333624181e-01	   3.2519090665215344e-01	   1.6074036754862603e-01	   3.7458848105571707e-01	   3.4126534088167881e-01	   2.3758625458776678e-01	   2.1819253091135218e-01	   2.8141247381071466e-01	   3.0591835316397553e-01	   2.7399272164804744e-01	   2.2754523889758244e-01	   2.2446657950254884e-01	   6.1437147495741765e-02	   1.0776378966127131e-01	   3.4714989552770126e-01	   3.7499973986701685e-01	   2.2325086587288601e-01	   1.7875924290915696e-01	   1.0839377725606496e-02	   8.2970637339220166e-02	   1.8976345079244389e-01	   1.2242411484804325e-01	   2.4411510663852731e-01	   1.5521227691681738e-01	   2.9597246372868424e-01	   2.4493967382834844e-01	   1.8964960797553304e-01	   1.1093404240775584e-01	   3.0703581897919809e-02	  -2.2435079088538742e-02	   2.5213635945042046e-01	   2.3033761003137004e-01	   2.0327715246516287e-01	   3.3289616734485369e-02	   3.5045472298138985e-01	   3.4362190058094966e-01	  -5.2675070605385836e-02	  -1.9416728207462319e-01	   3.2754497268351990e-01	   2.2657775011761466e-01	   4.4936580655105730e-02	   1.4187880240085299e-02	   7.7604806963694553e-02	  -1.6521879851145716e-02	   2.9287911190301597e-01	   3.8630089643760307e-01	   2.6229301726770060e-01	   2.1481208288584872e-01	   1.1224882425160834e-01	   2.0494645814802265e-01	   1.1478292498896675e-01	   1.3549739662023944e-01	   3.8265283194077016e-02	   6.9852048173945289e-02	  -3.6543277567761892e-02	   5.7104259843709634e-02	  -1.3732719354887712e-01	   1.7646473814652824e-02	   2.2307862893064487e-01	   2.1425903151795861e-01	   6.8228671982566755e-02	   4.5748430811893261e-02	  -3.5626085739276121e-02	   1.6028682773660069e-02	  -4.3816446474464303e-02	   1.1036630982066684e-02	
   1.9639321730631276e-01	   1.5416548278980446e-01	   5.7101295190895462e-01	   7.5092634662534097e-01	   6.5352960875251864e-01	   0.0000000000000000e+00	   6.1217542919417534e-01	   6.1179109883386018e-01	   4.6856638949905582e-01	   8.1141363717368453e-01	   2.7262790778213336e-01	   3.5155420842193885e-01	   3.4893923620518325e-01	   4.6391358864820337e-01	   3.1274065300168236e-01	   7.4650102007645558e-01	   7.7291927872776750e-02	   3.3749169347171940e-02	   3.2465617593107343e-01	   3.8986797613336943e-01	   1.1121102995459650e-01	   1.0956798310570739e-01	   4.0119450516042843e-01	   5.8817274733083569e-01	   5.3844384336535067e-01	   6.1291125536205426e-01	   3.5992763829571800e-01	   3.0255086494420352e-01	  -1.4350247098697994e-02	   1.1267760761866794e-01	   1.2096770523778191e-01	   1.7435064199617006e-01	   2.8338716816376847e-01	   3.9129551815248276e-01	   2.0389255483066746e-01	   3.4344104601519149e-01	  -8.2934330296188102e-02	   1.8119141704422781e-01	  -1.5555634013454234e-01	  -1.7617047781592426e-02	  -2.3511471184737900e-01	   1.4052328033571604e-01	   5.5714787347716754e-01	   5.2124387794401428e-01	   6.6485334594457468e-01	   6.0820107688072345e-01	   4.4145103532501623e-01	   5.2656036550222030e-01	   5.4449045002734930e-01	   4.3448392554941834e-01	   5.3124132868811069e-01	   4.4795968945128739e-01	   2.8205263918667600e-01	   4.6678078655915767e-01	   3.2154657904104589e-01	   4.0919320718063468e-01	   1.4959329149521897e-01	   1.6784564156923026e-01	   3.6689056546813759e-01	   3.2949400095548997e-01	   3.0996697255067218e-01	   2.3223777051269717e-01	   1.1083940593942838e-01	   1.5052042851352554e-01	   3.3082127382284160e-01	   5.5563589659536794e-01	   4.1704352060383820e-01	   4.7082889526103183e-01	   1.4056544308893926e-01	   2.1397824203303076e-01	   1.8139882170568580e-02	   1.5974812193042756e-01	  -4.3700227615000968e-02	   7.5440930370910236e-02	   1.7174051478134209e-02	   1.1840341160952575e-01	   1.2058123373632200e-02	   9.2873946583985401e-02	  -1.4936326254198273e-02	  -7.0760328170048473e-02	   2.5709738881060473e-01	   3.4886054662031551e-01	   1.1893658551139687e-01	   1.4207574767171369e-01	   2.5457481997779374e-01	   4.8128796526747408e-01	  -8.8400216785393150e-03	  -4.8152364425619508e-02	   3.0527657136626085e-01	   3.4317419756757450e-01	   1.2381062404312312e-01	   2.0955752713707157e-01	   7.7344434187956793e-02	   1.3808694071887689e-01	   2.1450688981321697e-01	   3.5599847266636236e-01	   1.8717113559811172e-01	   1.4070766986072361e-01	   1.4286403839320311e-01	   2.3316296141659848e-01	  -3.7614742194789011e-02	   4.7281736677192029e-02	  -7.2228947762554868e-02	   1.3620744209228239e-01	   3.2553708178783815e-02	   2.0132227935421668e-01	  -1.4453987008381361e-01	   1.7045255141404406e-01	   8.9153126189673068e-02	   2.9902654171984605e-01	   3.0471442894913847e-01	   2.9326550440097843e-01	   1.3453616295798837e-01	   1.3850068946013245e-02	   1.3328101610014295e-01	  -2.6249902544213187e-02	
   4.4874151418397579e-01	   1.4573135988526917e-01	   8.7056418628743981e-01	   7.9932920123454476e-01	   4.3274512716025115e-01	   6.1217542919417534e-01	   0.0000000000000000e+00	   7.8987995276000833e-01	   2.8678458310171540e-01	   4.9141584447389897e-01	   6.4762356066819604e-01	   6.2875620418390765e-01	   7.0193006899331978e-01	   5.9044770766141208e-01	   4.5886014782556411e-01	   6.0807555892620690e-01	   1.6629133208384400e-01	   8.1633612641890979e-02	   5.7410254214679346e-01	   5.0958562281310216e-01	  -1.4122400767988497e-01	  -1.9900573941808314e-01	   7.2107966085536068e-01	   6.9887165200553059e-01	   4.7025776823913518e-01	   4.3861791908948300e-01	   2.9616212390323921e-01	   2.0449606436288473e-01	   1.1730621431841817e-01	   1.6614748388374123e-01	   2.7791159712655350e-01	   3.3400526759404259e-01	   4.8656141176781104e-01	   4.9508861945192140e-01	   2.5908636029875914e-01	   3.7186665445775940e-01	  -7.2348920626006008e-02	   1.0031112580359149e-01	  -8.1141966840628327e-02	  -5.3094492948983704e-02	  -2.3325669068651705e-01	   1.2249577842738658e-02	   5.8115806216732990e-01	   5.1741521703101334e-01	   6.3924919102722844e-01	   6.0738605795498646e-01	   4.4203097362394816e-01	   6.3788086620608953e-01	   4.5274882084092782e-01	   3.9074628951051094e-01	   5.2257886537176856e-01	   4.2135626561433626e-01	   2.5882985988367790e-01	   5.6857245859925332e-01	   3.7564548130300801e-01	   4.7336023055881143e-01	   2.4458168448694712e-01	   2.7866066827375963e-01	   4.3686337195209191e-01	   4.0847452043638754e-01	   5.5882495920816533e-01	   3.2783710427981588e-01	   3.6440770385671523e-01	   2.4507263031935944e-01	   4.4218925589351560e-01	   3.8131749583268337e-01	   4.6741468837865785e-01	   4.4831629496503456e-01	   2.5473367466021068e-01	   3.5518405173398837e-01	   1.0920007814602112e-01	   2.7587756550237214e-01	   1.3331303343000478e-01	   2.9512153027204413e-01	   2.1512075028316174e-01	   2.7609438898084931e-01	   2.4787447071455332e-01	   2.9978444381060754e-01	   5.4575036078231848e-03	  -1.4127589856950729e-01	   2.1087847656154035e-01	   3.5354413123493955e-01	   3.9185047810651613e-01	   2.1161194323918109e-01	   4.2277159353133287e-01	   6.0051656272220111e-01	   3.8274783127522999e-02	   4.2183327692595154e-02	   3.4752222337547811e-01	   5.2509380714819165e-01	   4.0693811631015975e-01	   3.5997470975379364e-01	   3.5903656961050451e-01	   2.5012139053403593e-01	   9.2720057465714406e-02	   2.5895535664926839e-01	   2.1362860027208053e-01	   1.1604882537541450e-01	   2.6432778299443455e-01	   3.3001493540115823e-01	   1.4094174370934404e-01	   1.2588019799774966e-01	   8.7392793314202535e-02	   1.3720636949490364e-01	  -9.4345875116383454e-02	  -2.0332996334268223e-02	  -1.3843967207005151e-01	   8.2833548103480523e-02	  -7.0248924734205243e-02	   1.5007580827105649e-01	   3.3728448263889432e-01	   2.6615827845806617e-01	   1.3039034905879734e-01	  -2.0743698299296169e-02	  -1.3314881426417169e-01	  -1.2754303763079980e-01	
   3.5732454069792891e-01	   3.4534985416640251e-01	   6.8638717641504066e-01	   8.6671490150111530e-01	   4.0379583419599296e-01	   6.1179109883386018e-01	   7.8987995276000833e-01	   0.0000000000000000e+00	   3.4237638729563086e-01	   4.9702229906278056e-01	   5.1827816480544187e-01	   7.8408972592662129e-01	   6.1468998720146251e-01	   8.0146938930311706e-01	   3.9147615861025886e-01	   6.3198192144758003e-01	   2.4429851581939638e-01	   3.3691649597303674e-01	   4.0385104937871358e-01	   4.9684699568830593e-01	  -2.7552372621245352e-01	  -2.8469713865690699e-01	   6.1168649727459723e-01	   6.5308898565239426e-01	   3.7933638328989078e-01	   4.1390413440235552e-01	   1.4955403564338582e-01	   7.4737924681819071e-02	   7.2570341103814606e-02	   3.5953258752990458e-01	   2.1995796448175359e-01	   3.5684846317352781e-01	   4.5729140298657422e-01	   5.5030236324814374e-01	   8.8303265431833269e-02	   2.3589643512946901e-01	  -1.5711285281984924e-01	   1.9656904933782288e-01	  -1.1288357662241519e-01	   6.9844799112727576e-02	  -2.2610760111350839e-01	   9.4183562644542113e-03	   6.1425960236480881e-01	   5.5781054607248826e-01	   6.4371439598120961e-01	   6.3436667731569552e-01	   4.1285706618776330e-01	   5.6853888084764481e-01	   5.2648948259874018e-01	   4.5473754927222110e-01	   5.8860678826009383e-01	   4.6176349704341924e-01	   4.2994438986038586e-01	   6.2530311092467117e-01	   3.6370702855459491e-01	   4.8795954807502578e-01	   1.7787940175709327e-01	   2.5135452502611005e-01	   2.9288448837803072e-01	   3.1839617004347132e-01	   5.0131862858231990e-01	   4.7341574824261040e-01	   3.0747786276798117e-01	   3.3597410612254014e-01	   3.0201634840767572e-01	   4.5716774466207055e-01	   3.4302933310297334e-01	   3.9188370046599719e-01	   1.8610943978626537e-01	   3.3624030825416124e-01	  -3.3730084762724544e-02	   2.6684332771881714e-01	   1.7145126630421895e-01	   4.3399844601501469e-01	   1.9710651893994138e-01	   3.5262398309850757e-01	   1.3693630879267443e-01	   2.5738906797823946e-01	   4.3944729814428603e-02	   2.1019905518605855e-02	   3.5129776703122123e-01	   5.2974227325133527e-01	   2.0691072960365589e-01	   3.8627053408635592e-01	   3.3887782007252171e-01	   5.0942600609834110e-01	  -4.4313660459455326e-02	   1.4632836411166042e-01	   2.8633081525577264e-01	   4.6940270693095199e-01	   2.0533308097325209e-01	   1.5622734872262423e-01	   1.4558793112552376e-01	   2.5820084494637015e-02	   1.9829752886981561e-01	   3.9561942497165326e-01	   9.5649054076923007e-02	   1.7908212679563879e-01	   1.2892516867214263e-01	   2.0700020324427576e-01	  -6.5186748588727889e-02	  -1.1418840719870441e-03	  -1.0086959370276757e-01	  -7.6637142697754068e-02	  -2.6323697690531828e-01	  -1.2570107607423883e-01	   1.7849976041253240e-01	   3.2691716022307094e-01	   1.8680186221110853e-01	   2.2155095863899502e-01	   2.2408889942277316e-01	   1.5362857777188887e-01	   2.6201233330675717e-02	  -1.6562665444335423e-01	  -2.1133605826384841e-01	  -1.0204124430935643e-01	
   2.5453416737680756e-01	   3.7697876661592833e-01	   3.1386391139501746e-01	   4.5157913655221937e-01	   7.1606803982470535e-01	   4.6856638949905582e-01	   2.8678458310171540e-01	   3.4237638729563086e-01	   0.0000000000000000e+00	   7.3333075291958427e-01	   1.5301421187980097e-01	   2.0720983255116462e-01	   1.1383822250127634e-01	   1.7625488514901425e-01	   4.8474488002488136e-01	   3.6140748561217123e-01	   1.0614282167627216e-01	   1.4928255134103807e-01	   2.9570532460215854e-01	   2.9237277504837988e-01	  -1.9458923298629635e-01	  -2.1040350938237562e-01	  -4.9977473586005572e-02	   1.2635593498744366e-02	  -8.4899463088443806e-03	  -7.3267519303776549e-02	   1.4210992543276618e-01	  -1.6713054906475285e-02	  -3.1178655996516319e-01	  -3.3194854458231599e-01	  -4.6495817615424062e-01	  -4.0730123992914591e-01	   8.3362164291674257e-02	   3.3293206120850641e-02	  -1.5889643466492680e-02	   8.7579081139062362e-02	  -7.5759380195371012e-02	   4.3852128362398810e-02	  -2.6397131974867982e-01	  -8.7023036139975815e-04	  -3.3325789140052642e-01	  -1.5438941660331568e-01	   1.8334411256635047e-01	   8.5502405285303812e-02	   4.0901229966626318e-01	   2.8556594770616578e-01	   9.4761933709280460e-02	   2.3541863571236249e-01	   4.4613687114532330e-01	   2.9073697250039821e-01	   4.2485993840123271e-01	   3.2559353372166533e-01	   2.9698217345057942e-01	   4.8545835058669090e-01	   3.5515554495758250e-01	   3.4647955343669273e-01	   3.8502279062783201e-01	   4.3588107745608384e-01	   5.0545384760405188e-01	   3.9316136413833852e-01	   2.8795370586369284e-01	   2.1232801297809928e-01	   8.9461343688935227e-02	   1.2717347578345717e-01	   2.3538198060557786e-01	   3.5301315253968224e-01	   4.0567967441698266e-01	   3.5157571654806752e-01	   3.4728127196847491e-01	   4.0482031682627784e-01	  -2.6282102606944424e-01	  -1.9009028062928102e-01	  -1.3715855011610234e-01	  -1.4903627381109710e-01	  -5.1237704450614846e-02	  -8.1359112007840337e-02	   1.3316404381487679e-01	   9.2922302437896453e-02	   4.4917849211332628e-02	  -5.4570639798415241e-02	   2.1405514317098134e-01	   1.5063025382032502e-01	  -7.2561578759800419e-02	  -1.5486330096794862e-01	   2.4961474808864614e-01	   2.6597723925207178e-01	  -2.1872643604215414e-01	  -2.7229762710866134e-01	   3.6466903892201769e-01	   3.1821677902415463e-01	   1.8388439631099862e-01	   2.7916812021100085e-01	   2.4999506680601599e-01	   3.1015741748071041e-01	   1.8887266719736281e-01	   3.3628817874001254e-01	   1.6421328739719981e-01	   2.0042916080132411e-01	   2.1734831648646030e-01	   3.7288896425696050e-01	   2.1559362704559160e-01	   4.6503773777710178e-01	   1.2283424973424389e-01	   3.7360427629185700e-01	   7.3070601364209536e-02	   1.7108819755785901e-01	   1.5031074952771789e-01	   1.4925026167443484e-01	   1.5339563346848267e-01	   1.7066485489217639e-01	   1.6168801468842459e-01	   7.5794335160502435e-02	   7.7134846697346049e-02	  -1.5513935044774824e-01	  -1.9582288715697410e-01	  -1.1500631826001156e-01	
   2.3867304061969380e-01	   2.0367142416027559e-01	   3.7479737111300299e-01	   6.2114584734195988e-01	   5.6627920132366838e-01	   8.1141363717368453e-01	   4.9141584447389897e-01	   4.9702229906278056e-01	   7.3333075291958427e-01	   0.0000000000000000e+00	   1.9994385601207426e-01	   2.7583815193754779e-01	   1.8390320129397536e-01	   3.0658159404738095e-01	   2.5553439653632803e-01	   6.6327300462715078e-01	   6.3786208565941666e-02	   4.0171885027493852e-02	   3.8334424750447849e-01	   4.0246259515457050e-01	  -1.9771233821089651e-01	  -2.0148422569342145e-01	   8.9717995243993612e-02	   2.0727267571087668e-01	   1.3270203616408269e-01	   1.7471805865716514e-01	   1.1743753987324602e-01	   7.2668890444189616e-02	  -2.1300528169711613e-01	  -1.8096189588188402e-01	  -2.7685032576575935e-01	  -2.0414753601470506e-01	   2.1771978604567349e-01	   2.5948790406118311e-01	   4.2871488619516049e-02	   2.4089030857153138e-01	  -1.2131199797149493e-01	   1.2966854041080594e-01	  -2.1938205567906291e-01	  -4.1046647686296588e-02	  -2.8220806882798599e-01	   2.6626780679025724e-02	   4.9239027950428960e-01	   4.2554301507874281e-01	   6.6990871617474435e-01	   5.7134759502810140e-01	   3.9138737755864583e-01	   5.0575285737653375e-01	   5.7843317689687557e-01	   4.4036675056762603e-01	   5.6561446188191733e-01	   4.6561254563567428e-01	   3.3772845862698819e-01	   5.2547134110906346e-01	   3.9013093351122441e-01	   5.0120430949108363e-01	   3.2014275673782938e-01	   3.1301291512652324e-01	   5.1414173592905543e-01	   4.6237741138980087e-01	   3.5413679638289108e-01	   2.3790341945803145e-01	   1.8798566593803467e-01	   1.5218548965478401e-01	   2.0477502049398150e-01	   4.5275903666400147e-01	   5.0384584586705405e-01	   5.4166000245238821e-01	   3.4321541547774514e-01	   4.0373338232126516e-01	  -2.2526262536427241e-01	  -7.9828699816883522e-02	  -1.6152483539540791e-01	  -6.2333290518114884e-02	  -8.7678926530695811e-02	  -9.1002170566973142e-03	   5.9722433862362340e-02	   1.2248553873586945e-01	  -7.7039393560891761e-02	  -1.5993148192757611e-01	   2.5480118612814928e-01	   2.2356178957515227e-01	   1.1721384487083143e-02	   1.0285100328696442e-02	   2.0638874431349252e-01	   4.1175128310557552e-01	  -1.0182906132648417e-01	  -1.6532719622263800e-01	   2.7623972203864788e-01	   3.9069714628428398e-01	   2.1285272835738073e-01	   3.2860255682438311e-01	   1.8273363133593618e-01	   3.1996981354847032e-01	   2.3553243586625952e-01	   4.0273649555913438e-01	   2.1271241458394941e-01	   2.2284989537728531e-01	   2.3545977712305322e-01	   3.5719186825245863e-01	   8.8295273704674007e-02	   2.8371200065596636e-01	   3.1716171666254567e-02	   3.2806015253152299e-01	   1.1675143199260567e-01	   2.7849631978104872e-01	  -6.3363144192065141e-03	   1.8635210828616838e-01	   1.5850650728253313e-01	   3.4893088249824811e-01	   3.6761026562627874e-01	   2.5997660770955039e-01	   1.5367510721346286e-01	  -9.0454092161731919e-02	  -7.7724573171804407e-03	  -4.1367373830919346e-02	
   6.1134207164723209e-01	   3.0720594978872268e-01	   5.8230816597792401e-01	   4.2903536257188557e-01	   3.7011327781514719e-01	   2.7262790778213336e-01	   6.4762356066819604e-01	   5.1827816480544187e-01	   1.5301421187980097e-01	   1.9994385601207426e-01	   0.0000000000000000e+00	   7.4826581220184829e-01	   9.1524307974285879e-01	   5.0094200535058342e-01	   6.5472313008046412e-01	   5.2746527649606556e-01	   4.1125556870870134e-01	   2.2277179701683752e-01	   5.5423380918339515e-01	   4.4268286110261279e-01	  -1.1866143748689020e-01	  -1.8640158656601247e-01	   5.8503502345594982e-01	   4.4264433713310025e-01	   3.7553412085223309e-01	   2.8954394093963609e-01	   3.8025060683292761e-01	   2.3574365400792549e-01	   3.9895361909360805e-01	   2.6061723327924247e-01	   2.4814380805631980e-01	   1.9977119603296078e-01	   4.4763305052565389e-01	   3.1072284911328285e-01	   2.6113357000537951e-01	   2.5607991866666480e-01	   3.6559368129322639e-01	   4.1434914674471307e-01	   4.6955618588855504e-02	   4.8156339562365522e-02	  -2.9024922670268949e-01	  -3.9219119350729886e-02	   4.5478213877603191e-01	   4.3744149693081513e-01	   2.3971393153380224e-01	   3.7131136712607171e-01	   3.3539827498889785e-01	   5.1880733954847769e-01	   4.1005321730052183e-02	   2.7699992876255763e-01	   1.7073064129083274e-01	   2.7822218392896958e-01	   2.5328260708879879e-01	   5.1824359021023192e-01	   4.6011868476372630e-01	   3.9736937871185352e-01	   4.3630365006376393e-01	   4.3656856847951792e-01	   2.9738630731428195e-01	   4.0491825251102853e-01	   5.2312090952522894e-01	   4.2112612922161219e-01	   5.9128872761792273e-01	   3.5007157738311234e-01	   2.2403706440379301e-01	   6.7931135252401201e-02	   2.2587858070177985e-01	   1.7633107311136109e-01	   2.4786627922821658e-01	   2.5774766168752350e-01	   5.1136453789721004e-01	   5.6690108999867450e-01	   6.0693060135357613e-01	   5.9309612683188107e-01	   6.8072046867685998e-01	   6.4473962090596137e-01	   6.4395547363509453e-01	   5.6656635761497909e-01	   9.7130940384147268e-02	   3.6116209959452597e-02	   3.5054243276136354e-01	   3.6462811177625837e-01	   4.9077094691891615e-01	   2.3975360877113766e-01	   4.8388866704594241e-01	   5.7827294467813783e-01	   2.1523058328723504e-01	   2.3884444580514969e-01	   3.3558965864702578e-01	   5.1236324838607317e-01	   4.5818167478437910e-01	   2.0384634154912384e-01	   4.1393847865350819e-01	   2.0518618091622332e-01	   3.3127052207703500e-01	   3.6825965475649114e-01	   3.4508727827983787e-01	   1.2866787880308336e-01	   3.2206928576730603e-01	   3.9503268377715306e-01	   2.4034734615168041e-01	   2.5387728993506720e-01	   1.4639128169139251e-01	   7.2190644199181142e-02	  -1.4713798902533778e-01	  -2.1950287598341271e-02	  -9.8212087800297221e-02	   1.6450652854081642e-02	   7.6131402502826767e-02	   2.2624658383590662e-01	   3.5661481316718574e-01	   2.1846246885878745e-01	   1.8951040582350109e-01	   2.8008841047294764e-01	  -1.2736332260052460e-01	  -8.4098315734411178e-02	
   5.5414538372182953e-01	   4.8552271592575913e-01	   5.2898153456234254e-01	   5.9556221130747189e-01	   3.2104914244492028e-01	   3.5155420842193885e-01	   6.2875620418390765e-01	   7.8408972592662129e-01	   2.0720983255116462e-01	   2.7583815193754779e-01	   7.4826581220184829e-01	   0.0000000000000000e+00	   7.8744317637707595e-01	   7.7538764964827112e-01	   5.4458761368588404e-01	   6.1445681411524899e-01	   4.1738240406815647e-01	   4.4584822815243053e-01	   4.7577430904887952e-01	   5.4375796802608622e-01	  -2.3563998251009921e-01	  -2.3352336337336338e-01	   5.2235381912298307e-01	   4.4713281040606612e-01	   3.3007908554079085e-01	   2.8918401896677198e-01	   2.0420705084166918e-01	   1.1584053050122589e-01	   3.5943579898875522e-01	   4.9050484041946985e-01	   2.3648231298337669e-01	   2.9908849028314000e-01	   5.0098761339455777e-01	   4.8956841070834489e-01	   9.5467974217854940e-02	   1.6622956233370878e-01	   1.8981871848808718e-01	   4.3431597454501603e-01	   5.4087846795969653e-02	   1.9582063207094003e-01	  -1.8677365597598716e-01	   1.2338188988867946e-01	   6.0187307085190755e-01	   5.7668659055948823e-01	   4.4921782136720723e-01	   5.6997331480238711e-01	   4.6968273342343686e-01	   6.1128927473727690e-01	   2.8112526157921813e-01	   4.0238035506254527e-01	   3.7004569478145716e-01	   3.4430275989717135e-01	   3.9749458830079692e-01	   5.5132173690721187e-01	   5.0414096225004612e-01	   5.6294072017207930e-01	   3.5086200444023929e-01	   3.9333063661157669e-01	   2.2711356454860876e-01	   3.2018566963725698e-01	   5.3734071915463788e-01	   5.4592501187356712e-01	   4.4897223624109828e-01	   4.3194326869087935e-01	   1.7613122329089376e-01	   1.7838850924662744e-01	   2.3854667689436854e-01	   2.1871156640990391e-01	   2.3261533137205109e-01	   2.9193047615782258e-01	   2.5114706013096877e-01	   4.3274370432937381e-01	   4.9535880936267185e-01	   6.6444302782460951e-01	   5.3099817816815098e-01	   6.1155631214846173e-01	   4.3996588544431814e-01	   4.8882440392774062e-01	   9.6894443299929578e-02	   5.7573392800932571e-02	   4.8984437293825567e-01	   4.9809980587775871e-01	   3.6208025811891403e-01	   4.2531777738426824e-01	   3.6714361919179439e-01	   4.5957549264122827e-01	   1.1267337016693815e-02	   2.6494138815382207e-01	   2.0298367757693819e-01	   4.6045974908218590e-01	   3.8342477847705680e-01	   1.3419421533504972e-01	   2.6293636501108963e-01	   7.2224634021916978e-02	   3.9560101276492166e-01	   4.1311518741373993e-01	   3.2379701409806050e-01	   2.9780994840157077e-01	   3.2792316909373037e-01	   3.6547566594537650e-01	   7.5461510547459115e-02	   8.8596070637864205e-02	   1.6351271746511953e-03	  -4.3941036255941673e-02	  -2.5059079076839608e-01	  -8.1446847321404933e-02	   1.1019484491204934e-01	   3.1109830441435493e-01	   1.6610649254244469e-01	   2.5899538388575061e-01	   2.9865386492611823e-01	   2.5817656409386064e-01	   1.6680600376151361e-01	   1.1461010724038781e-01	  -1.6368439309576743e-01	  -1.5767390678289365e-02	
   5.2130125371448044e-01	   2.4733344387457756e-01	   6.4696402995177416e-01	   4.8567022803282078e-01	   4.2687967017052880e-01	   3.4893923620518325e-01	   7.0193006899331978e-01	   6.1468998720146251e-01	   1.1383822250127634e-01	   1.8390320129397536e-01	   9.1524307974285879e-01	   7.8744317637707595e-01	   0.0000000000000000e+00	   6.8537020300902673e-01	   6.6189789146654443e-01	   5.8723980083502503e-01	   3.5947506334540980e-01	   1.9759120833672933e-01	   4.6096854418800715e-01	   3.8535168965657740e-01	  -6.7907398080552225e-02	  -1.3674079162137004e-01	   6.4648209480478691e-01	   5.4667273018055362e-01	   5.2324514630273422e-01	   4.5331828129101248e-01	   3.5262447817776021e-01	   2.2546327602091926e-01	   3.7883593130105336e-01	   3.5054634651645133e-01	   3.7797098872579332e-01	   3.6998500878940677e-01	   3.6808516470427066e-01	   2.6949154455347640e-01	   2.4589861085843628e-01	   2.7025477587984392e-01	   3.3347900343546677e-01	   4.0415475252707145e-01	   1.2165325580160571e-01	   9.7143794014382612e-02	  -2.3333021571908669e-01	   5.8782704484433887e-02	   4.6580472809528040e-01	   4.3072413974631552e-01	   2.7651307867727304e-01	   4.1358172012850780e-01	   3.2949776603474290e-01	   5.0095245496210483e-01	   1.1570102121160088e-01	   3.2036981990447333e-01	   2.2727828197475353e-01	   3.2403337707613722e-01	   2.3158781448567542e-01	   4.9738619704840248e-01	   4.4291387180972752e-01	   3.7909401590678604e-01	   2.9411846237622202e-01	   2.9974588347386877e-01	   2.0166144919944878e-01	   3.1765642811523764e-01	   4.2953548898223842e-01	   3.7190425113308467e-01	   3.9578295877623582e-01	   2.0887251776249863e-01	   2.2096709144822155e-01	   1.3624251558197911e-01	   1.7809823466956914e-01	   1.5067893784742106e-01	   1.3116881302549077e-01	   1.4943596835421941e-01	   5.0023073896546677e-01	   5.6999175387260870e-01	   5.8628153191851329e-01	   6.3601633360252374e-01	   6.6033093529377218e-01	   6.6596197846961014e-01	   5.4468648117584961e-01	   5.1466046579069868e-01	   8.8748313334936879e-02	   4.7772482334819330e-02	   3.0013419933032259e-01	   3.3650550810066615e-01	   4.8730853810640806e-01	   2.1889689990099781e-01	   4.0645884038908459e-01	   5.1382080781300610e-01	   1.5466932796616439e-01	   1.3681431983643244e-01	   2.6577147558020575e-01	   4.6251642518292269e-01	   4.6687983945116773e-01	   1.5096121653628189e-01	   3.7454845004708620e-01	   1.3448795560284524e-01	   3.1373839510477031e-01	   3.5255417648633192e-01	   3.2847551775137529e-01	   1.1717974513813076e-01	   3.2383665677737888e-01	   3.2601759497578642e-01	   2.2380908529952701e-01	   1.5492787088571278e-01	   1.3837459288184523e-01	  -9.0434778783608158e-03	  -2.3182157489497079e-01	  -1.1824034954396390e-01	  -1.4033976807492760e-01	   1.0253006262784801e-01	   9.6546054468523129e-02	   2.3536512899767076e-01	   3.2295910864523392e-01	   2.4043397561258167e-01	   1.4905931749021006e-01	   2.4382848725672274e-01	  -1.1664415374666681e-01	  -8.9750850128613668e-02	
