   0.0000000000000000e+00	   8.3283223965710040e-01	   5.2488965017431943e-01	   6.1838158833481738e-01	   3.3680700433884164e-01	   3.8266740889299156e-01	   6.3297333551425405e-01	   7.1143396201101894e-01	   2.6677331185399711e-01	   3.9734032015865894e-01	   7.8984191604250864e-01	   7.9124806090349065e-01	   7.4915160799129710e-01	   7.4510343696360615e-01	   6.1972039422988034e-01	   6.0844405234374299e-01	   8.4384743868005807e-01	   8.0055834189339792e-01	   6.9010253007870526e-01	   6.8479825340771971e-01	   2.2153242833112749e-02	   2.6472524001329545e-01	   4.0239966039088160e-01	   3.6787085841573475e-01	   3.6478815580768376e-01	   3.6612869376360546e-01	   3.6711022732047399e-01	   3.4198276986534482e-01	   6.2859190462950632e-01	   5.3538407493220075e-01	   4.3444223696903239e-01	   4.8068705857282995e-01	   7.5613133775485575e-01	   7.3460940667098584e-01	   3.8142270073113427e-01	   5.0286402362248206e-01	   5.0604378749280055e-01	   6.3744737296637932e-01	   3.6394246748046477e-01	   5.9769945797755097e-01	  -1.2191137403438657e-01	   3.6992391954376946e-01	   5.1511470436288742e-01	   5.1003244594174457e-01	   6.1691553612493033e-01	   6.3091064793619400e-01	   5.5331303239895058e-01	   6.9168314388440022e-01	   5.3685891183011625e-01	   7.0020871950439600e-01	   7.1219642299035013e-01	   7.2598005420140810e-01	   7.6631444208625976e-01	   6.9591901965530123e-01	   6.6143309619167956e-01	   7.9558942923552811e-01	   8.2885611938639980e-01	   7.8718078346980358e-01	   8.5338811581080520e-01	   8.2516054620117862e-01	   8.9258126383979153e-01	   6.1850505138315826e-01	   8.3698056155008582e-01	   7.7048570184826359e-01	   4.1058109903267725e-01	   3.9898799735477875e-01	   6.2265761312275891e-01	   6.8635551045881282e-01	   5.9779312072326352e-01	   7.3929749141478429e-01	   5.9920730523029975e-01	   6.9785845685790626e-01	   7.8422189547443044e-01	   7.6583057195753623e-01	   7.7662253085523547e-01	   7.9721178936476278e-01	   8.3387061245418459e-01	   7.6995437677884793e-01	   4.2512133002892527e-01	   6.9925384617180952e-01	   6.9714188154091938e-01	   8.1606581981373028e-01	   6.0053646906136804e-01	   5.7301231222354387e-01	   6.8613012812457175e-01	   7.9130516845636600e-01	   5.5650316436120051e-01	   1.3853444630166750e-01	   7.2285627497254001e-01	   8.1175690848477866e-01	   7.4544397734815648e-01	   6.2830117669522945e-01	   2.1824558255072796e-01	   3.9883478182767196e-01	  -3.1099916852046389e-01	  -5.4329238342797170e-01	   1.0120321500538437e-01	  -1.1657345899714650e-01	   7.3675278656628074e-01	   7.4918118866488403e-01	   1.9946678384226435e-01	   3.1461458990224278e-01	   4.1919836817239131e-01	   4.7393795298092489e-01	  -6.7375757718085114e-02	   1.5852569877400358e-01	  -4.2976467427954412e-02	   4.3879047802746646e-01	   7.8043384945015282e-02	   7.3594615642095004e-02	   4.8603183349674994e-01	   5.8919515141647416e-01	   4.0100197743297866e-01	   2.5791231141611370e-01	   3.1687324340337951e-03	  -2.3314806676932967e-01	
   8.3283223965710040e-01	   0.0000000000000000e+00	   3.5462783798088737e-01	   5.9158213140056759e-01	   1.7046548556659247e-01	   2.6596559495838112e-01	   4.4860178646156257e-01	   6.1344106717204061e-01	   1.5807978061986400e-01	   2.9314906132600349e-01	   5.4106973160758409e-01	   7.0277502026200400e-01	   5.1992959131902294e-01	   5.9330581671487281e-01	   5.3947230907071630e-01	   6.0896360575481645e-01	   8.0133803620251554e-01	   8.3911982089335135e-01	   6.8888925376262145e-01	   7.9970139050754563e-01	  -9.6521073734089427e-02	   2.0726260024090021e-01	   2.4225196522618547e-01	   2.7983473775633355e-01	   2.4275410544799716e-01	   2.0689264917942984e-01	   3.9687829866319041e-01	   3.6291803188018168e-01	   5.5539207875333230e-01	   5.5419767723666657e-01	   3.5591484817467128e-01	   4.2990865696290914e-01	   6.9734247683814499e-01	   7.0628956829412348e-01	   3.0781924267198441e-01	   4.1129749981393049e-01	   5.5765478874783625e-01	   6.7806781454734877e-01	   3.7583286712296138e-01	   6.0394886859096009e-01	  -5.8408603298011480e-02	   2.2984133030882425e-01	   5.5825225697490999e-01	   6.0057621533935124e-01	   5.5316215870849983e-01	   6.1029931480628463e-01	   5.5218592674430622e-01	   6.3567626872415728e-01	   5.5472806156281995e-01	   6.9991194996675787e-01	   6.2727332945300851e-01	   7.0236795583757194e-01	   7.4251677934944937e-01	   5.9900280618291313e-01	   7.1336925657868278e-01	   8.1766469646450179e-01	   8.1323824271592116e-01	   7.9450571576959961e-01	   6.4179536773308588e-01	   6.9310450447967265e-01	   6.7686349838723237e-01	   5.7867822393188550e-01	   7.4656702221724203e-01	   8.0526714834576507e-01	   2.9294441404810295e-01	   3.2960890611190907e-01	   4.4758011381154450e-01	   5.5736325325342539e-01	   4.3274662539467651e-01	   6.4746032465176639e-01	   3.6840095297474085e-01	   6.0225250297842414e-01	   6.9121116652663050e-01	   7.4720640167959596e-01	   6.8537372845944922e-01	   7.6770740684315686e-01	   7.3235569275706225e-01	   7.4066197898284658e-01	   2.5532146647770765e-01	   7.0227808781251255e-01	   6.5518358384594499e-01	   8.0527892584920657e-01	   5.5697402572676402e-01	   6.1480312526779035e-01	   6.0430260891600285e-01	   7.3756423440435370e-01	   5.0648511938196605e-01	   3.1560900442111151e-01	   6.5940229394749084e-01	   6.7366704809545164e-01	   6.9739586685641675e-01	   4.3525414705558529e-01	   2.8234318535064085e-01	   2.3580845798287697e-01	  -2.3501034093649600e-01	  -4.3911884655722089e-01	   2.4523901093355452e-01	  -8.4658679509498538e-03	   7.8201715639645686e-01	   7.3929284412346852e-01	   3.5560679593513256e-01	   2.7203074572258912e-01	   4.7252423540539790e-01	   4.0907176618985691e-01	   2.1380262098356532e-02	   2.3567154157110320e-01	   1.5434018782166577e-02	   5.2155159269873264e-01	   4.7645513437051007e-02	   1.7617096857260925e-01	   5.2134673881957005e-01	   6.2266837130934949e-01	   5.5252196035396928e-01	   3.6793338616400650e-01	   1.5136997357331639e-01	  -7.1379121209175667e-02	
   5.2488965017431943e-01	   3.5462783798088737e-01	   0.0000000000000000e+00	   6.8795546958208897e-01	   7.4493681936141209e-01	   6.0862052399917110e-01	   8.9708998727493383e-01	   5.6079635508230496e-01	   5.3953778745951331e-01	   5.5123383836813511e-01	   6.8884181167429426e-01	   4.9395823674577488e-01	   5.8359128824936635e-01	   5.7479162034929665e-01	   5.4292843384376210e-01	   4.6785297646820467e-01	   4.6223543364338487e-01	   4.4881754019212050e-01	   5.3502335357077535e-01	   3.9874141105034500e-01	   3.3638855706660226e-01	   4.8499722511352283e-01	   8.9981600201616296e-01	   8.2006026205971394e-01	   7.8587996347487721e-01	   7.3699461770942210e-01	   6.1272230526278570e-01	   4.5185787551710554e-01	   5.1847794688914561e-01	   3.3341735749770929e-01	   7.2804807032050789e-01	   7.1575969211930190e-01	   6.1998852468252197e-01	   5.2979963977381939e-01	   5.9388270278750621e-01	   5.3504461365909006e-01	  -2.6557570455385926e-02	  -2.5273821157648618e-02	  -2.7408987804152168e-01	  -3.0660325791907667e-02	   8.0577270926321262e-02	   1.0409037979558866e-01	   2.1701674501716978e-01	   1.5819636157100953e-01	   3.4807168419293755e-01	   2.7487188645760507e-01	   1.1657108976164997e-01	   3.2296603156090242e-01	   2.3433620644730813e-01	   3.0554248000110773e-01	   5.5842192671907054e-01	   4.2416030425749779e-01	   4.0513869826789783e-01	   7.2345896024242839e-01	   1.3984334075993921e-01	   2.0565859913141105e-01	   3.8861920892324719e-01	   3.3355505225139248e-01	   3.2270781251389363e-01	   3.4388201527901358e-01	   4.1767741918268425e-01	   3.3995523180526871e-01	   3.8521335499765674e-01	   3.7910150408432941e-01	   6.7007255972408131e-01	   5.7221273276597695e-01	   6.2728265148916862e-01	   5.2107869386703676e-01	   5.9259600340379570e-01	   5.2745904953967226e-01	   7.7221343824682354e-01	   6.9356265519984472e-01	   4.5344703149693621e-01	   3.4733025990105459e-01	   4.6729238087423497e-01	   4.4027109214886195e-01	   4.8802998356032512e-01	   3.8487452737191624e-01	   4.7967133040567850e-01	   5.2253876412012135e-01	   4.5652382044952106e-01	   5.8414839155164744e-01	   7.5909037528175394e-01	   4.6129446293978360e-01	   6.3924581793390733e-01	   6.0981160971620629e-01	   5.9546256762367988e-01	  -1.0647739734457312e-01	   7.1131653033481435e-01	   5.9936071894035992e-01	   5.6471935321999167e-01	   5.8909933726348873e-01	   4.4759381834082690e-01	   5.8983534506323543e-01	  -2.1331069406581221e-01	  -3.1545921050646325e-01	  -8.7102115235608332e-02	  -4.1392718450502208e-01	   4.1340278266172009e-01	   3.0230598125508007e-01	   2.8390462020647922e-01	   2.8411588140394906e-01	   3.9194745817995080e-01	   3.9023528253938627e-01	   3.0257209083948251e-02	   8.8991303711773717e-02	  -2.2673634526002762e-01	  -8.2311151304062816e-02	  -3.4593570424370645e-01	  -2.5504841571342182e-02	   2.3689777410564553e-01	   3.0518732857144160e-01	   4.4297453210292367e-02	   2.3753182575172971e-01	   4.9263177862522031e-02	  -3.8534645289092850e-01	
   6.1838158833481738e-01	   5.9158213140056759e-01	   6.8795546958208897e-01	   0.0000000000000000e+00	   5.6490928274296603e-01	   6.8122696699174412e-01	   8.0721279669682444e-01	   8.8677909193762217e-01	   4.9963460911202456e-01	   6.9904098102265821e-01	   6.3704384682921411e-01	   7.8293565256871922e-01	   6.3536805974134314e-01	   7.3149810544290994e-01	   5.8419020667944854e-01	   6.3634525691016619e-01	   6.4663524340138245e-01	   6.2008745996584846e-01	   6.5298870690907451e-01	   6.9882642171402454e-01	   1.6809668268565606e-01	   5.0134621933128509e-01	   6.3968585390065169e-01	   8.4970521569952839e-01	   5.7063833327014635e-01	   6.2851697305421683e-01	   4.7900758603969296e-01	   4.2085674527650596e-01	   6.3016693129683399e-01	   6.0888866046213308e-01	   6.7540212551463985e-01	   7.7412080347076029e-01	   6.5177985479053357e-01	   7.1027121070668264e-01	   3.9016827645370628e-01	   4.6157886048193369e-01	   8.7060450080299612e-02	   1.9510834692463927e-01	  -8.8130530958796416e-02	   1.8443639526489036e-01	   1.8218887427449448e-01	   1.5066599306792355e-01	   3.2273267238275694e-01	   2.7996136041337860e-01	   4.1125517560103453e-01	   4.2724788121263507e-01	   3.2529236753049146e-01	   4.9020306104560407e-01	   3.9889504956200322e-01	   4.6203671141752300e-01	   6.2440174688903949e-01	   6.0158946331638596e-01	   5.2239733176674452e-01	   6.9086570032317540e-01	   3.4846913154118608e-01	   4.9903882404948274e-01	   5.0879206587880166e-01	   4.9645926793451445e-01	   4.9873898602595051e-01	   6.0183236989222078e-01	   4.9995466465136496e-01	   6.5829009696199114e-01	   5.7179670831945062e-01	   6.1843155686640139e-01	   4.7250339602572899e-01	   5.1122877831663360e-01	   5.7579945962975687e-01	   6.2636309004357704e-01	   5.5602832249193934e-01	   6.3803585429937615e-01	   5.6112894654537626e-01	   7.9550431940987931e-01	   5.9402099027652433e-01	   5.6992174246568883e-01	   6.0291562847315094e-01	   6.6046159516504344e-01	   4.2486719136239604e-01	   4.6007938896814321e-01	   3.6483368078370931e-01	   5.9198582054485760e-01	   5.9342920585996217e-01	   6.2020251556568184e-01	   6.7530119782741860e-01	   6.8199198972527819e-01	   5.9757565747066654e-01	   7.2175063807240902e-01	   5.6072855567562296e-01	   7.5877381177341427e-02	   6.7109148106611816e-01	   7.2818853759798852e-01	   6.6197374116058905e-01	   5.4615698965477955e-01	   4.9864495218823501e-01	   4.5865199379920263e-01	  -2.2035021445259845e-01	  -4.6441048797441253e-01	   7.9772152483227679e-03	  -2.6184169278893571e-01	   6.1641777988236734e-01	   4.3517834138384681e-01	   3.4129474951309702e-01	   2.3293351196918208e-01	   3.8027065054397768e-01	   3.6527575408825935e-01	  -1.1837020266648911e-02	   8.1304657483001863e-02	  -1.6318591758789780e-01	   1.6600890923793421e-01	  -2.1049762843877592e-01	   8.1469969080492192e-03	   2.3746264400290845e-01	   4.7715038911768448e-01	   3.2056020481728803e-01	   3.0294541557405097e-01	   4.3306325990952403e-02	  -3.1196556607309001e-01	
   3.3680700433884164e-01	   1.7046548556659247e-01	   7.4493681936141209e-01	   5.6490928274296603e-01	   0.0000000000000000e+00	   8.9011513598932490e-01	   6.4173131671830574e-01	   4.1135320336548181e-01	   8.9685985367411813e-01	   8.0174286162932817e-01	   4.8342422001034635e-01	   2.9543482638936114e-01	   3.4318953716937378e-01	   3.6356319997555764e-01	   1.5185455814587320e-01	  -2.4594086789862427e-02	   2.9290404091799199e-01	   2.6032840218270226e-01	   2.3380080476326565e-01	   2.0889708737395635e-01	   6.4749286359990088e-01	   7.3455863152477774e-01	   6.7733803721396546e-01	   6.3432868152368016e-01	   7.5226425238233585e-01	   8.3455392754300739e-01	   7.6788638027304823e-01	   7.2697955572866013e-01	   3.1044991358451879e-01	   9.7383227983724424e-02	   4.7127997675273037e-01	   3.8649784637327922e-01	   3.5381528418743169e-01	   3.0438669318222261e-01	   5.2585331067957519e-01	   4.9673711396574666e-01	   2.8171514358254837e-02	  -1.3464235407691430e-01	  -1.9509537705432861e-01	  -2.1448753653000813e-01	   2.7255204236563901e-01	   5.6756920020911227e-02	   1.0966638694955144e-01	   2.5030378652845443e-02	   2.7736396182557954e-01	   1.7747426629430352e-01	  -2.7725345145920892e-02	   1.3158051390192949e-01	   2.4969180193866961e-01	   2.6568271977491442e-01	   5.4681080640095314e-01	   3.9373567941134296e-01	   2.5858573126912149e-01	   6.3915265009101718e-01	   1.1051979043145457e-01	  -3.3811893613457981e-02	   3.1265526128773358e-01	   2.5739332088458766e-01	   2.7419425829262911e-01	   3.3688078873411054e-01	   2.9742198500040751e-01	   4.1393666375185012e-01	   1.7974281142836041e-01	   2.0534300371276415e-01	   6.4235038267222166e-01	   7.0235211519067242e-01	   5.5958637173064874e-01	   4.9963046425140339e-01	   4.0570545939787894e-01	   3.4856023752125470e-01	   6.5984945241533333e-01	   5.8295863881169252e-01	   3.6755890676838771e-01	   1.5707664225693185e-01	   3.7750986034517675e-01	   3.1494096274927763e-01	   3.3958002035481633e-01	   3.4395436941880253e-01	   5.7763824200897851e-01	   3.8838478864500514e-01	   3.8954687835370444e-01	   3.6114316113387229e-01	   4.1740700875044301e-01	   1.6197950583138462e-01	   5.5815038235360248e-01	   5.0830381095370625e-01	   3.6920213520941381e-01	  -1.8308461018074090e-01	   6.1657100653117280e-01	   4.8684261188926214e-01	   4.1343707964591814e-01	   4.2114866648863469e-01	   5.4840680437935552e-01	   5.4607910985251884e-01	   5.5467480222680707e-02	  -1.2370253114624936e-01	   4.9260549794882022e-02	  -2.6880193999232016e-01	   3.2058805796877948e-01	   1.5616001244760822e-01	   2.8709623571449322e-01	   3.8299139818199107e-01	   3.7554583677446896e-01	   4.5089293492266647e-01	   1.4677536271485864e-01	   1.9429167013704995e-01	  -1.7853112322470180e-01	  -1.7829222942374195e-01	  -1.9240328520509795e-01	   1.7485797624598559e-01	   1.3452212045205805e-01	   1.2412588163351218e-01	   8.0612002581666814e-02	   4.0048706765916947e-01	   2.8201424227050875e-01	  -1.4561103557127769e-01	
   3.8266740889299156e-01	   2.6596559495838112e-01	   6.0862052399917110e-01	   6.8122696699174412e-01	   8.9011513598932490e-01	   0.0000000000000000e+00	   5.4981149722325440e-01	   5.2672625434443343e-01	   8.5238721749048385e-01	   9.2907371326549582e-01	   4.3568551925738491e-01	   4.2893352345251423e-01	   3.4689923507495274e-01	   4.4432378813731377e-01	   1.8388643279346273e-01	   4.6816599724618636e-02	   3.6320263216734722e-01	   3.4456316434670614e-01	   2.9273272467729683e-01	   3.7134533858407648e-01	   5.3604547799855151e-01	   7.1637327259167027e-01	   5.8674464730376075e-01	   6.6013765936806967e-01	   6.3959757884196944e-01	   8.0353108809244944e-01	   6.9343222120240600e-01	   7.2097714314082662e-01	   3.0119569510584354e-01	   1.7258802764873760e-01	   3.9536902278981612e-01	   3.5232544412350958e-01	   3.4938825514688465e-01	   3.7183274499527402e-01	   4.4363617316645676e-01	   4.5478347374825412e-01	   6.4376876192685978e-02	  -1.9473489158677797e-02	  -1.8799711424195592e-01	  -1.1580229702347000e-01	   2.2903835220792168e-01	   4.8054671929425634e-02	   1.1326890119205882e-01	   6.9793959844978257e-02	   2.8786204895772227e-01	   2.3832833505934978e-01	   2.9987710538171251e-02	   2.0515723329623123e-01	   3.0889500974516604e-01	   3.8826024068707221e-01	   5.6657814299973086e-01	   5.0105527370240932e-01	   3.3932705208563818e-01	   6.7894151575696837e-01	   1.8239187211990909e-01	   1.0415866839435525e-01	   3.8080753431663977e-01	   3.9857934230224540e-01	   3.7918838277292055e-01	   5.0618734427046008e-01	   3.6569008595340596e-01	   5.9965611081199555e-01	   2.7565615494484558e-01	   3.5449582382018158e-01	   5.6302914066867304e-01	   7.4261209498253100e-01	   5.5783176091756059e-01	   5.5342472845825119e-01	   4.5602985527806406e-01	   4.5960730734608146e-01	   5.4189112284090868e-01	   6.0510946470726890e-01	   3.8548916883658613e-01	   2.2977548279867388e-01	   3.7659229119788140e-01	   3.7128419109229660e-01	   2.8954527905412880e-01	   3.7146976128602588e-01	   5.3956177647401304e-01	   4.3451575512112717e-01	   4.4708373203619134e-01	   4.0387915236924343e-01	   3.7400682616038200e-01	   2.0787262966664966e-01	   5.5014257813309220e-01	   5.6024957214879012e-01	   3.3656762684174785e-01	  -1.1028791276507811e-01	   6.4032298456317360e-01	   5.9692301750334753e-01	   4.9043595956894659e-01	   4.6010971760151753e-01	   6.1970807065474087e-01	   5.2380326371773911e-01	   3.2950200546757784e-02	  -2.0942667470729232e-01	   6.8471169596208983e-02	  -2.3589854099044527e-01	   4.0368702559318193e-01	   2.3407914495901289e-01	   3.1016678464002412e-01	   3.4584911010125985e-01	   4.1592707484137714e-01	   4.9797598426633960e-01	   1.8560435375477830e-01	   2.6595007712700447e-01	  -1.2839684681141245e-01	  -2.1200660353989601e-02	  -1.4153603963530309e-01	   2.0986258144894987e-01	   1.5897374963343880e-01	   1.8449892715931310e-01	   1.7882245542723213e-01	   4.4698038881147911e-01	   3.1477456126065151e-01	  -1.0290476317545626e-01	
   6.3297333551425405e-01	   4.4860178646156257e-01	   8.9708998727493383e-01	   8.0721279669682444e-01	   6.4173131671830574e-01	   5.4981149722325440e-01	   0.0000000000000000e+00	   7.8986878642893887e-01	   4.8102863492737519e-01	   5.2514828305094874e-01	   8.1297946333277049e-01	   6.8166700604922181e-01	   7.7306580541284908e-01	   7.3063402605312211e-01	   6.2107849570805596e-01	   6.1149326448753383e-01	   5.6038971230684065e-01	   5.1635117954638188e-01	   6.5826612710158416e-01	   5.2996395210713576e-01	   2.6178997070332283e-01	   4.8266837081185560e-01	   8.0524250173496270e-01	   7.8969345415544256e-01	   7.0130563817915248e-01	   6.9746495216570092e-01	   5.1891035547731934e-01	   3.8201292185304381e-01	   6.7734727812634077e-01	   5.5773605853692887e-01	   8.0855542856668927e-01	   8.4366123920839264e-01	   7.5181420453514913e-01	   7.2417697072426712e-01	   5.6756969579284799e-01	   5.9542629693500793e-01	  -6.2475443959890782e-03	   7.8347839748782802e-02	  -1.3633979033885080e-01	   7.9130614975606556e-02	   8.2875266932896582e-02	   1.7945588009635033e-01	   3.1155560749838557e-01	   2.4455642996281088e-01	   4.6949275929320361e-01	   4.1196901026072391e-01	   2.7737511719534991e-01	   4.5547017068627399e-01	   3.5873094233524777e-01	   3.5102856578050368e-01	   6.3973658399955347e-01	   5.0446832194750768e-01	   4.6817024239340571e-01	   7.0877186512770340e-01	   2.4282120068228685e-01	   3.6941487211016155e-01	   4.0360780153317688e-01	   3.1940115675130920e-01	   4.4623748084496950e-01	   4.0414240891029174e-01	   5.2290517351574317e-01	   4.4387566638753129e-01	   5.0810645418412448e-01	   4.5866761326591399e-01	   6.2955872268668056e-01	   4.8642102379330998e-01	   6.8959512326373096e-01	   6.4390939192632723e-01	   6.0289313671182954e-01	   5.9235107868394299e-01	   7.6908920227282129e-01	   7.8040310752408792e-01	   6.0873215858545704e-01	   5.4218488848768609e-01	   6.0807441541729201e-01	   6.1514203501927511e-01	   5.2231780654018101e-01	   4.4630594426711279e-01	   3.8227506980189052e-01	   5.2587153309964529e-01	   4.9561377027668158e-01	   6.1065770559080690e-01	   7.5755636793730907e-01	   5.9914687315242909e-01	   6.4314919362083900e-01	   6.9165863796869020e-01	   6.1713329885368207e-01	  -8.8236873778072128e-02	   6.7210300137453582e-01	   6.4520054694797446e-01	   6.2612352246869307e-01	   6.2933647521246949e-01	   3.9709527322676141e-01	   5.9060301863945808e-01	  -2.7467026414205103e-01	  -4.5547312098133236e-01	  -7.4015579757221089e-02	  -3.6047241850195261e-01	   5.2301473019718236e-01	   3.9203704661503103e-01	   3.0556856656977638e-01	   3.0974329427295155e-01	   3.8235094682505538e-01	   3.8057292520434610e-01	  -4.4666016982226095e-02	   4.5981856141715932e-02	  -1.9452454202814756e-01	   6.6381903405065921e-03	  -2.3285235681411356e-01	  -6.8794593131074916e-02	   2.6634449755525097e-01	   4.6226508409152450e-01	   2.2231333797517328e-01	   2.4196670260130443e-01	   1.8920678590937743e-02	  -3.4555899821287622e-01	
   7.1143396201101894e-01	   6.1344106717204061e-01	   5.6079635508230496e-01	   8.8677909193762217e-01	   4.1135320336548181e-01	   5.2672625434443343e-01	   7.8986878642893887e-01	   0.0000000000000000e+00	   4.0966200310135109e-01	   5.7053365689636015e-01	   8.0093062779435176e-01	   8.9317864541819803e-01	   8.4198000189514177e-01	   8.6327716209162064e-01	   6.6088402249122646e-01	   7.0349943180467256e-01	   7.1008749301131424e-01	   6.4913859888514258e-01	   6.5697312953549436e-01	   6.9410678303971696e-01	   6.2669131125799679e-02	   3.8762428132577820e-01	   4.9084031725727545e-01	   7.0442589626851337e-01	   3.8716634003172762e-01	   5.2893587861399050e-01	   3.0943466829785932e-01	   2.7679631122583653e-01	   7.3739225880761705e-01	   7.0969778915349002e-01	   6.3476644727213394e-01	   7.5559704975315589e-01	   7.1024765133702739e-01	   8.1355307860346715e-01	   3.1180587631989198e-01	   4.4616740320612713e-01	   9.3118964943927629e-02	   3.0199091598006256e-01	   3.3021374831346442e-02	   3.0963640626670969e-01	   1.0155341932710710e-01	   2.2711274582003393e-01	   4.0438398204939463e-01	   3.5975041000009594e-01	   5.2746641188684196e-01	   5.7767576967330325e-01	   4.7549621243039031e-01	   6.0265236320274340e-01	   5.1407259439474351e-01	   5.1853574254051327e-01	   6.1984953104083174e-01	   6.0601478113177576e-01	   5.2323468634259296e-01	   5.9921607863972959e-01	   4.3959865876441906e-01	   6.0585267906735951e-01	   4.9305306085071909e-01	   4.8261711789098516e-01	   6.4088230285298964e-01	   6.4722689672558853e-01	   6.6812957363391945e-01	   6.8329294897652482e-01	   6.4677591288059866e-01	   6.0415414282538893e-01	   3.9323111485312923e-01	   4.0026696837467268e-01	   5.4654742188594441e-01	   6.4282477441747865e-01	   4.8118677268529875e-01	   6.0008311289764082e-01	   5.7228073777920208e-01	   7.8588954419658363e-01	   7.3621456374636529e-01	   7.5026455106349155e-01	   7.2900531021750137e-01	   7.7896070173040544e-01	   4.6041867628047772e-01	   4.9697652912307122e-01	   2.2030586597454621e-01	   5.2356711286421975e-01	   5.6288554674455027e-01	   5.8437020853105803e-01	   5.9552380980947450e-01	   6.7109463674275116e-01	   5.1472928180118693e-01	   6.6553417090901767e-01	   5.0949037292162558e-01	   5.1367321945191322e-02	   6.2200477281284194e-01	   7.3939892521058237e-01	   6.3229244270212681e-01	   5.1312247972303004e-01	   3.0512229428449578e-01	   3.6273782895861129e-01	  -3.1508207575374303e-01	  -5.2793974518661269e-01	  -2.1047935641308017e-02	  -1.7115519190962680e-01	   6.3351893467150455e-01	   4.5836179735847282e-01	   2.1487833819394087e-01	   1.7044918022768032e-01	   2.8679241762002194e-01	   2.7447203660861635e-01	  -1.7538944976873852e-01	  -4.1552445766910112e-02	  -1.9022774130867448e-01	   2.6485061761423517e-01	  -8.6741234503995915e-02	  -7.3019634762529442e-02	   2.4193535972134120e-01	   5.3641814088250217e-01	   3.7465597466070788e-01	   1.5775946879556371e-01	  -1.0767998377306390e-01	  -3.1182200916003355e-01	
   2.6677331185399711e-01	   1.5807978061986400e-01	   5.3953778745951331e-01	   4.9963460911202456e-01	   8.9685985367411813e-01	   8.5238721749048385e-01	   4.8102863492737519e-01	   4.0966200310135109e-01	   0.0000000000000000e+00	   8.4548412808150497e-01	   3.9078808683756439e-01	   2.7787642727010520e-01	   2.6501258451229387e-01	   2.8899666402607993e-01	   1.3808458374728745e-02	  -1.6772278654841991e-01	   2.7847010238538650e-01	   2.2649470478848122e-01	   1.5502675505953603e-01	   2.1567826594759779e-01	   5.9267481335786409e-01	   6.7568594859077324e-01	   4.2859049202822913e-01	   5.0802085863343249e-01	   4.9067870850099865e-01	   6.8859634038875961e-01	   6.5155833875557589e-01	   6.7635774946357019e-01	   2.6666558975666416e-01	   9.2333745943321860e-02	   2.9017396451310584e-01	   2.2468479786600642e-01	   2.4932662727901309e-01	   2.6587573629510297e-01	   3.2985041811467075e-01	   3.5223359456905201e-01	   6.3836856251542479e-03	  -1.2772810810693966e-01	  -1.2237232476473381e-01	  -1.9234969012790726e-01	   3.4934847431781574e-01	   3.7195795227017589e-02	   1.9422923083939467e-01	   1.1619730488059798e-01	   3.2432225738788434e-01	   2.6539837316292114e-01	   8.1275008259902803e-02	   1.6885947829378173e-01	   4.0078016024741564e-01	   3.4213575949288577e-01	   5.1800746570109080e-01	   4.2518573489434153e-01	   1.9599810888667796e-01	   5.2302883619555574e-01	   1.6476011066450069e-01	  -3.8612994690574387e-02	   2.3773138064774910e-01	   2.2985871310477171e-01	   2.8136465620136697e-01	   3.1109732472148266e-01	   2.9251315391542737e-01	   4.1792058417942435e-01	   1.4711626488505114e-01	   1.8407770029911832e-01	   4.7830743952362759e-01	   5.9055379229757810e-01	   3.7342315536423121e-01	   3.8085105253978940e-01	   2.5165994292211824e-01	   2.2906588328572527e-01	   4.2964983870427920e-01	   4.2859677013424263e-01	   3.1502972521207995e-01	   1.4862799213302735e-01	   3.0812756950056069e-01	   2.8134875424929684e-01	   1.7861464373062369e-01	   2.4017169498358279e-01	   4.6803895483569019e-01	   3.1841527533499425e-01	   3.3405355614351528e-01	   2.4087008101576785e-01	   1.9727989452167061e-01	   6.5917605968626156e-02	   4.1653419467584885e-01	   3.6723631756746838e-01	   1.6042481667145742e-01	  -2.6715692363436305e-01	   5.0561009049124206e-01	   3.9717172633805797e-01	   2.6955979848606382e-01	   2.4001487326769050e-01	   4.6203407799496493e-01	   3.9164988317226868e-01	   2.1750438106681075e-01	   1.6631052311437966e-02	   1.8938291164555190e-01	  -8.8217246331985313e-03	   2.7747170226811907e-01	   9.2955365047849667e-02	   2.8051847013773989e-01	   3.7175710705393700e-01	   3.3571633823740710e-01	   4.0584842886312122e-01	   1.5469484150106810e-01	   2.1891511762759963e-01	  -1.7235414730460255e-01	  -1.4750022868108639e-01	  -7.7517736883640692e-02	   2.7880894442149856e-01	   1.0615958732895391e-01	   1.3893373682963914e-01	   1.6033401395314703e-01	   3.5898982529325296e-01	   2.9036290432228096e-01	  -3.8830357695657791e-02	
   3.9734032015865894e-01	   2.9314906132600349e-01	   5.5123383836813511e-01	   6.9904098102265821e-01	   8.0174286162932817e-01	   9.2907371326549582e-01	   5.2514828305094874e-01	   5.7053365689636015e-01	   8.4548412808150497e-01	   0.0000000000000000e+00	   4.0255012034972726e-01	   4.2580284669147800e-01	   3.2922295475595287e-01	   3.9792987702783034e-01	   1.3428727797390905e-01	   1.8407480609453724e-02	   3.9421244692791685e-01	   3.7028898682643596e-01	   2.6810295687308161e-01	   3.8877792658704652e-01	   4.0738540446234162e-01	   6.1081263959852194e-01	   4.5991619912920456e-01	   6.4078583177169279e-01	   4.7914647244325231e-01	   6.9860831086330466e-01	   6.0675296870675166e-01	   6.1746196751492755e-01	   2.8776598108245066e-01	   1.8755041047755000e-01	   3.1973555410246302e-01	   3.1668188155220156e-01	   3.1779300019774237e-01	   3.5998071087469452e-01	   3.0435687660874650e-01	   3.5324221153760138e-01	   5.7564133828658576e-02	  -1.8252196050334809e-03	  -1.6782768091219080e-01	  -6.1435136594066408e-02	   2.6169243872645975e-01	  -3.2352112747190402e-02	   2.3369682452979712e-01	   1.6619899957650716e-01	   3.0844008807939371e-01	   2.8827963754425168e-01	   1.4772607196707771e-01	   2.9234852241185422e-01	   4.0869183155895428e-01	   4.6278464387662266e-01	   5.7903409713721954e-01	   5.6084116438973497e-01	   3.6279984293231438e-01	   6.4655765392442155e-01	   2.0489129997823935e-01	   1.6189854324802236e-01	   3.7946333601959309e-01	   4.2848828503547476e-01	   4.3225842870851999e-01	   5.4834456414548383e-01	   3.7105104141160267e-01	   5.5249763689414833e-01	   3.0213990554496117e-01	   3.6230959573973570e-01	   4.1062320987259460e-01	   5.9710493633285977e-01	   4.3447453706185063e-01	   4.6684171895663595e-01	   3.9720500598502506e-01	   4.2004891640551539e-01	   4.3547843209590675e-01	   5.6119395246087711e-01	   3.8987527475478045e-01	   2.8855870060349531e-01	   3.7359768610418265e-01	   4.0975417920560653e-01	   2.4634217543224485e-01	   3.3977664345085767e-01	   4.4929470802693022e-01	   4.4236926222532225e-01	   4.0920479965258105e-01	   3.5399616741498863e-01	   2.9729594630748840e-01	   1.5771371000924081e-01	   4.5325092445794235e-01	   4.4960683017319797e-01	   1.9893002324433387e-01	  -2.0254265962008700e-01	   5.6190743341393445e-01	   5.5485287893364210e-01	   4.3995688964297086e-01	   3.6007703576447370e-01	   5.1840796462730654e-01	   4.0775149576810216e-01	   3.2974246452159565e-02	  -1.7209283284004998e-01	   1.0248788004608435e-01	  -1.3652941135617569e-01	   3.8086119397339285e-01	   2.1868032790852321e-01	   2.7661446496608644e-01	   2.9523728478292832e-01	   3.6976575539449630e-01	   4.2812407026017707e-01	   2.2680410045312818e-01	   2.9041791982112580e-01	  -8.4498910736923977e-02	   8.0036852826574884e-02	  -1.1948941119458217e-01	   1.9934396660381873e-01	   1.5993630340169279e-01	   2.3131784312307971e-01	   2.1909498597187310e-01	   3.8281951400780767e-01	   2.7248956476408370e-01	  -8.7732773481340537e-02	
   7.8984191604250864e-01	   5.4106973160758409e-01	   6.8884181167429426e-01	   6.3704384682921411e-01	   4.8342422001034635e-01	   4.3568551925738491e-01	   8.1297946333277049e-01	   8.0093062779435176e-01	   3.9078808683756439e-01	   4.0255012034972726e-01	   0.0000000000000000e+00	   8.0764256966838499e-01	   9.4520173182954137e-01	   8.6554774713144944e-01	   6.9707344022288908e-01	   6.3452173312665061e-01	   6.8933685853356330e-01	   5.6399416180730977e-01	   5.8976924238820327e-01	   4.8298194828099184e-01	   1.7086640888857374e-01	   3.6774030253763568e-01	   5.6156021871240325e-01	   5.6550475397822531e-01	   4.7702629126882534e-01	   5.3297829396559837e-01	   3.5920813889333358e-01	   2.9348987637646951e-01	   7.9450228575449522e-01	   6.3428818140260501e-01	   6.6379471150693692e-01	   6.8772401543931461e-01	   7.0522272397831065e-01	   7.0098073816452733e-01	   3.8852537301710377e-01	   4.6819510356397004e-01	   2.0706973762755104e-01	   2.8132251013165005e-01	   8.3668945114477034e-02	   2.3269103133398034e-01	   2.0183925590744577e-02	   2.4713839915088870e-01	   3.9004957968877779e-01	   3.3961485168899164e-01	   5.4319390751598207e-01	   5.5666466869636011e-01	   4.2332171615699593e-01	   5.2544249804090537e-01	   4.9570794835386733e-01	   5.0185159056049711e-01	   6.5498812245762505e-01	   5.6285949676141489e-01	   5.5112947970910164e-01	   5.8044011057422229e-01	   4.6281192127789128e-01	   5.0899527039857573e-01	   4.8620875126642171e-01	   4.4038549276792560e-01	   6.7320472581858781e-01	   5.6865883164121711e-01	   7.8179046722849432e-01	   5.8701943375946997e-01	   6.4189575523347553e-01	   5.3689756315787940e-01	   5.6195917668101369e-01	   4.0998921709555880e-01	   5.9588713937447546e-01	   6.0605767954574397e-01	   4.1558939580190712e-01	   4.9639779127253408e-01	   7.6126915353732094e-01	   7.4646956559449884e-01	   7.8059678760659956e-01	   7.0400537476926872e-01	   7.7536464157794927e-01	   7.2836238840644674e-01	   6.3232414348530130e-01	   5.5131642313530582e-01	   3.4879881531709062e-01	   4.6370472093359022e-01	   5.3266351500096309e-01	   6.2562700925693249e-01	   6.5737260171000012e-01	   5.9595227987842025e-01	   6.5666776008466055e-01	   7.0806448635703800e-01	   5.6353483418387529e-01	   6.8986967105305316e-02	   6.9332216549754599e-01	   6.7057577173650151e-01	   5.8147949075163374e-01	   5.0675203698599758e-01	   1.9111167740054616e-01	   3.7719027459028664e-01	  -2.5911634135991796e-01	  -4.8797138761086489e-01	  -9.1715162551600060e-02	  -2.4545247660443906e-01	   5.4667258427956544e-01	   4.6400901342962902e-01	   9.6864118610269181e-02	   1.9811580410162916e-01	   2.4429578047306738e-01	   3.0066612312245283e-01	  -2.5081255028396504e-01	  -8.2506019969470573e-02	  -2.8627816797092359e-01	   2.0910652844002009e-01	   2.2148785015040195e-02	  -3.7302581671119855e-02	   1.9892691463931736e-01	   4.1807783753170069e-01	   2.6113543032112096e-01	   8.0820965370634490e-02	  -1.6781635181771801e-01	  -3.4919949927202742e-01	
   7.9124806090349065e-01	   7.0277502026200400e-01	   4.9395823674577488e-01	   7.8293565256871922e-01	   2.9543482638936114e-01	   4.2893352345251423e-01	   6.8166700604922181e-01	   8.9317864541819803e-01	   2.7787642727010520e-01	   4.2580284669147800e-01	   8.0764256966838499e-01	   0.0000000000000000e+00	   8.1748594357151083e-01	   9.3568092959258120e-01	   7.0904686032541620e-01	   7.6765352093635519e-01	   7.4332726176496322e-01	   6.7332702056896920e-01	   6.6919285573394083e-01	   6.9101139699563907e-01	  -4.2025006154076963e-02	   2.8303624181573939e-01	   4.3890465006093637e-01	   5.7795866554243069e-01	   3.2225093755135137e-01	   3.6627790201913524e-01	   2.2054272225669092e-01	   2.1604629993319582e-01	   7.2002451152755576e-01	   6.8272831612834040e-01	   5.1832661621727971e-01	   6.4352023770999955e-01	   6.7695533713654199e-01	   7.5655982139839184e-01	   2.6022878939755617e-01	   3.8201747280809856e-01	   2.5025349281787618e-01	   4.4602198826543338e-01	   1.9810193295648121e-01	   4.1271937637923600e-01	   3.9978809283098431e-02	   2.8605768455768865e-01	   2.7667791778425477e-01	   2.8239597287958018e-01	   4.1274921830643685e-01	   4.9420225813728619e-01	   3.8103498533932650e-01	   5.1431540801463360e-01	   4.1506264438132345e-01	   5.3684650147022950e-01	   6.1442264837583316e-01	   6.3715754631755350e-01	   6.3415244255149295e-01	   5.9892936135618913e-01	   5.0062185392779046e-01	   6.7959806953709534e-01	   5.5419381767002673e-01	   5.8885059494420811e-01	   6.6293140112015569e-01	   7.0746778839643643e-01	   7.3205104249675856e-01	   7.3132587955104267e-01	   7.1011034956822527e-01	   7.2425810700955140e-01	   4.0553745207362557e-01	   3.8764392971828909e-01	   5.2544526384754930e-01	   6.1292012537676110e-01	   4.5764669006409264e-01	   6.2118117940547213e-01	   5.1915642144070495e-01	   7.5523157827157494e-01	   7.2610137873937641e-01	   7.3276464231057525e-01	   7.2781263723530454e-01	   7.6527035936855259e-01	   5.5002565894340438e-01	   5.9767054802091313e-01	   2.3858757461027125e-01	   4.8256738766662377e-01	   5.6744358485770174e-01	   6.4414111825456721e-01	   6.0387941467085038e-01	   6.9171513989120159e-01	   5.7125064193188657e-01	   7.7239666094110460e-01	   5.3510766074262728e-01	   1.5500131061941194e-01	   6.4764650557403147e-01	   7.6695057212016293e-01	   6.6677282609626243e-01	   5.2077267764013579e-01	   2.8677190130963875e-01	   3.3368611432400302e-01	  -3.7835155038500762e-01	  -6.2167136477267670e-01	  -1.0914988896216953e-01	  -2.2987628319607056e-01	   6.2409428528813293e-01	   5.1811650252107444e-01	   1.7682124654971362e-01	   1.2533617722800877e-01	   2.6907487163436206e-01	   2.9156287154398797e-01	  -2.2168772712819237e-01	  -4.3748065744406803e-02	  -1.6912514969067305e-01	   3.4066847336131412e-01	  -1.1894191388508112e-03	  -2.3155261882967574e-02	   2.0392145108547485e-01	   4.4800302422472871e-01	   2.9762542610270204e-01	   1.3119944722109289e-01	  -1.0375561549668280e-01	  -3.1445150555039125e-01	
   7.4915160799129710e-01	   5.1992959131902294e-01	   5.8359128824936635e-01	   6.3536805974134314e-01	   3.4318953716937378e-01	   3.4689923507495274e-01	   7.7306580541284908e-01	   8.4198000189514177e-01	   2.6501258451229387e-01	   3.2922295475595287e-01	   9.4520173182954137e-01	   8.1748594357151083e-01	   0.0000000000000000e+00	   8.8566570252290600e-01	   7.7489855831112198e-01	   7.1532476480375484e-01	   6.5643823971123594e-01	   5.7012325058227298e-01	   5.9406908616070475e-01	   5.1277128465722888e-01	   4.2512594401561708e-02	   2.4234133267416835e-01	   5.1537708501128554e-01	   5.3613812893018276e-01	   4.1647445647158343e-01	   5.0836360458384044e-01	   1.8861317643706102e-01	   1.2780240891624539e-01	   7.8800146070985044e-01	   6.7507805245164554e-01	   6.8922979142794272e-01	   7.3696245266256821e-01	   7.0007574779240744e-01	   7.3389174768442489e-01	   3.2360606558451227e-01	   4.2605979912931952e-01	   1.0064879136353051e-01	   3.0156312212239939e-01	   9.0330585180350406e-02	   3.1528282922187278e-01	  -7.4616086224423867e-02	   3.1191391592820361e-01	   3.7476867052678864e-01	   3.4636112273370734e-01	   5.4256361406493714e-01	   5.6655562698538320e-01	   4.3354498157093552e-01	   5.6872275349387014e-01	   4.7078547437174773e-01	   4.4001782668118605e-01	   5.5737503146586342e-01	   5.0180505217389626e-01	   4.6123183139124935e-01	   4.9056695647177773e-01	   4.1007404943663256e-01	   5.4079519995175152e-01	   4.4128938670001228e-01	   4.1727783686235576e-01	   6.9839250807869513e-01	   5.7944411691668252e-01	   7.4274650000850195e-01	   5.1794928783061134e-01	   6.6682436442274562e-01	   5.3851906943512606e-01	   4.1562911728746449e-01	   2.8253748083923080e-01	   5.5836594031875941e-01	   6.0109389778549449e-01	   4.2985619900483929e-01	   5.2425385892540233e-01	   7.3982028538992539e-01	   7.5136327086360877e-01	   7.9252908742869821e-01	   7.7155689781179571e-01	   7.5490734568681239e-01	   7.3643829965445173e-01	   5.7706683356985777e-01	   5.2455940377347754e-01	   1.7364795002121447e-01	   4.3394224425034889e-01	   4.8302699077973832e-01	   5.7312420626434413e-01	   6.1105119960577925e-01	   5.8918882047868792e-01	   4.9714881442353576e-01	   6.1678061776722526e-01	   5.5809963358770331e-01	   1.0965448898673036e-01	   5.6208414239258653e-01	   6.4581948744377948e-01	   5.3574265601716820e-01	   4.7847919840833875e-01	   3.7531516991137444e-02	   2.5688025970750289e-01	  -4.0179263917318764e-01	  -5.5924702412884209e-01	  -1.7022833272550328e-01	  -2.7038695999732715e-01	   5.1641144163740260e-01	   4.1088932138184414e-01	  -3.3640490865850234e-02	   4.9156319720596808e-02	   1.2382158459702652e-01	   1.8904186554518687e-01	  -3.6381277718479066e-01	  -2.0387625727448780e-01	  -2.6881494415294915e-01	   2.3626068909021997e-01	  -1.8213950431235630e-02	  -2.0693197365836935e-01	   1.8008674518678203e-01	   4.1386067442079172e-01	   2.4875266824507572e-01	  -2.1038988235596891e-02	  -2.5732567580903243e-01	  -3.9464720457857039e-01	
