   0.0000000000000000e+00	   8.8624550305068317e-01	   7.6513820973140012e-01	   6.8632645766915568e-01	   5.7304732746114395e-01	   3.3221396278488385e-01	   5.7685661709126190e-01	   4.9357535831530103e-01	   5.1615403069374999e-01	   2.9478662593423033e-01	   7.5906596761916134e-01	   6.7683151852594892e-01	   7.5429930218133490e-01	   6.5965901147088513e-01	   7.1415849752758587e-01	   6.7122747869054811e-01	   5.4692758582715251e-01	   4.5689893228235506e-01	   8.5008036504746853e-01	   7.3479300910302547e-01	  -1.4588911120481168e-01	  -1.7803642845613038e-01	   4.4088395641334033e-01	   4.9102816197727261e-01	   2.6218339253077511e-01	   1.3828669320086664e-01	   2.4156358371983744e-01	   7.2326016498490783e-02	   6.2424406481077499e-01	   5.7992704180911103e-01	   3.9349995814878580e-01	   5.0994781191992189e-01	   7.9800133216694413e-01	   7.2156514370074221e-01	   1.7087652813727661e-01	   1.9802877083515863e-01	   7.1245999914782110e-01	   7.1762275550709975e-01	   6.1089164268854279e-01	   6.2853724921006027e-01	   4.4779668186428689e-01	   6.3126534249298449e-01	   6.8355827097395505e-01	   6.0336326933329054e-01	   4.1763915038946509e-01	   3.6141106598393558e-01	   6.1363182312489928e-01	   5.6332892235098209e-01	   4.6253297834650148e-01	   3.6118676385163745e-01	   6.7733566558143865e-01	   5.3029656408527803e-01	   8.0209311006843786e-01	   5.6630572939432033e-01	   7.2286095784531945e-01	   6.6209003517892273e-01	   6.4038089941878584e-01	   5.5734396306166323e-01	   7.0417934653509429e-01	   5.1292242651537656e-01	   7.4366863684917084e-01	   4.6373735386162213e-01	   5.9983193393419409e-01	   4.0365564236181467e-01	   3.7964565203691358e-01	   4.5603654895770712e-01	   5.7852254422409854e-01	   4.9927314676475471e-01	   6.9706807498000112e-01	   5.4750642381803927e-01	   6.3878618797416542e-01	   4.9433494283947155e-01	   7.3143631948812726e-01	   7.0585381230699618e-01	   7.8599230999336411e-01	   7.1282882082494803e-01	   8.0253915578897117e-01	   7.1937441348694120e-01	   5.0057534838347506e-01	   5.9278779079878219e-01	   6.0991520615418005e-01	   7.1112004297712850e-01	   7.0771139507400582e-01	   6.5335979059785854e-01	   5.3900738591572506e-01	   6.2322065073598720e-01	   5.4960675550670446e-01	   5.5045615532837711e-01	   7.4197664528025398e-01	   6.9994347835785131e-01	   7.8910774027294195e-01	   6.7482211272569503e-01	   6.9598997102770688e-01	   6.8697054554237524e-01	  -1.1627647901880735e-01	   1.2032727431476460e-01	   4.7611309767128213e-01	   4.5779875936698583e-01	   6.8899709688502431e-01	   6.6334817383342570e-01	   5.1147536889553136e-01	   5.2550379345098341e-01	   4.8868842307034022e-01	   5.3835151438137174e-01	   3.1739691453910696e-01	   2.5912847611365519e-01	   4.0597762960952399e-01	   3.9279386648336456e-01	   9.0570013972888497e-02	   4.9138339722551327e-01	   6.4435129870975949e-01	   7.2525161793309800e-01	   6.7432554782565157e-01	   5.7839692372244345e-01	   4.2423808622028258e-01	   1.8912115880485794e-01	
   8.8624550305068317e-01	   0.0000000000000000e+00	   6.5756662806401966e-01	   6.0269183234222468e-01	   4.7905120943474128e-01	   2.7548545664760837e-01	   4.8197475617574503e-01	   3.8265683003832907e-01	   4.3604643634136675e-01	   2.6576692804061097e-01	   5.4160415904432091e-01	   5.9683732680995361e-01	   5.7422736916665174e-01	   5.3432259071148569e-01	   5.6051308120044552e-01	   5.3336659244221840e-01	   7.0408153982812260e-01	   6.9096738247466083e-01	   7.4900742168584777e-01	   7.9356321854207101e-01	  -4.2767182781446506e-02	  -5.0350432609619758e-02	   3.3323272920392549e-01	   3.5996436361869621e-01	   2.0917322636136987e-01	   1.3383594279545089e-01	   2.0182815798262438e-01	   9.2750816816586479e-02	   6.9698417941475554e-01	   6.9280610466868964e-01	   4.6174964946353325e-01	   5.5208180335874812e-01	   8.3031111553865788e-01	   7.5296174498889012e-01	   1.1831081372207253e-01	   1.1737984029084803e-01	   7.6436810801044119e-01	   7.9210086195432905e-01	   6.4603658379341844e-01	   6.5397118362675988e-01	   5.9478168687038557e-01	   6.5299499303326813e-01	   6.2904075275707760e-01	   6.2309093090464340e-01	   4.1821652695561129e-01	   3.7838812744406936e-01	   6.3125218522596982e-01	   5.8960718669211731e-01	   4.4097418753124895e-01	   3.3155863451315482e-01	   6.2043028056797289e-01	   5.0027642174052345e-01	   6.9534968615806503e-01	   5.3513599173965476e-01	   7.1179582671874819e-01	   6.9547815278534075e-01	   8.2141706448810714e-01	   7.7415975184717967e-01	   6.2764592340510428e-01	   5.0013579007152043e-01	   6.4390015427609504e-01	   3.8620046429351840e-01	   6.9967595738140531e-01	   6.1703715227538036e-01	   2.7701075949572002e-01	   2.4711242691402685e-01	   5.1720313231311088e-01	   4.7602741361808187e-01	   6.6967359692701300e-01	   5.1363210431070550e-01	   6.0713450152541149e-01	   4.8356442471686012e-01	   8.0766377234022801e-01	   7.8186060354210452e-01	   7.9451005109890493e-01	   7.8480562007861132e-01	   7.9130031277240565e-01	   7.5228188251294981e-01	   6.4594920207638795e-01	   6.5861631856025560e-01	   7.1671536870188213e-01	   7.6624568801992277e-01	   6.3100993390168714e-01	   7.1034435152364350e-01	   4.3588747974970954e-01	   5.2802501011473901e-01	   4.7800724286954521e-01	   5.0490023181075938e-01	   5.9434573375151967e-01	   5.5099129994947338e-01	   7.2398528745171020e-01	   5.6262939270505208e-01	   5.8131989195149680e-01	   4.7559043896762349e-01	  -4.3958368453185959e-02	   1.6713420546760074e-01	   5.2084713710440567e-01	   5.2106737551427873e-01	   7.7543175876122949e-01	   7.1790642334100074e-01	   5.7737811276204010e-01	   4.3546611302910831e-01	   5.4451977283209996e-01	   5.4377453381101304e-01	   3.2983294320938833e-01	   3.1916123452158529e-01	   3.9989683842487633e-01	   4.0100127714457295e-01	   9.4583413089188884e-02	   4.9389407096434951e-01	   6.3426950706146168e-01	   7.4976388890963941e-01	   6.9637525773236553e-01	   5.8100959089662130e-01	   4.8842842379994250e-01	   2.6751292636466339e-01	
   7.6513820973140012e-01	   6.5756662806401966e-01	   0.0000000000000000e+00	   6.8646583789806837e-01	   7.6330698641514094e-01	   5.2214604183487601e-01	   6.5263688324593305e-01	   3.4588155745909349e-01	   6.4554590806471313e-01	   4.7055391666116658e-01	   5.4058620547245928e-01	   3.8076049558595498e-01	   5.1367540967978320e-01	   4.5113982635979205e-01	   8.1965196062789847e-01	   8.0151634597009958e-01	   1.9936642352034561e-01	   1.8181527826274868e-01	   8.1453201989078461e-01	   5.8120028506532506e-01	   2.4808759071585390e-01	   1.3505177633554355e-01	   8.3899112926093866e-01	   8.0671804346365583e-01	   6.3977134891986154e-01	   4.8216683083179623e-01	   6.4153960818549127e-01	   3.2214908869629827e-01	   3.3300163641531227e-01	   3.1021641115929954e-01	   5.2013908124313468e-01	   5.3614309458855647e-01	   7.0414613018359162e-01	   5.8719632334540639e-01	   5.2741638242231648e-01	   3.6977558073246863e-01	   7.3789105226434359e-01	   5.9340356273796613e-01	   6.3596238257856907e-01	   5.5427574553197978e-01	   4.8897487302789133e-01	   6.4576237416497073e-01	   6.1319594678485834e-01	   4.6028413707336757e-01	   4.6797404991857217e-01	   2.8347239029579235e-01	   5.6620510142511771e-01	   5.0726793920629354e-01	   5.3743870326487497e-01	   2.8233004032416831e-01	   7.7376027679060022e-01	   5.5449472722209314e-01	   7.7535069200409845e-01	   7.0205851355997895e-01	   7.3091759514464638e-01	   6.3307262122070918e-01	   3.8666873609365421e-01	   4.3309689887095354e-01	   7.2916265267247482e-01	   4.5394775134759391e-01	   6.2077006102728083e-01	   2.8139775938581796e-01	   4.0952437187144997e-01	   2.0262670549825415e-01	   7.0991872645211052e-01	   6.2508270794252707e-01	   7.2194730037221100e-01	   4.8806120853241380e-01	   7.2289628866903899e-01	   6.8282046663140572e-01	   5.8242612333198529e-01	   3.9449159184515553e-01	   4.9925788524432047e-01	   4.4843751896982992e-01	   6.2608936798021930e-01	   4.8544586480279966e-01	   5.3703357167183652e-01	   4.5944709861423211e-01	   2.8029894193484139e-01	   5.2373901572087889e-01	   4.8064580608758961e-01	   7.0215750472893723e-01	   8.4120620656368383e-01	   7.5525187987418951e-01	   7.8731499985698028e-01	   8.0372058653968759e-01	   6.5715675481931046e-01	   6.9467771863782235e-01	   8.8509594249539569e-01	   8.4018575780082749e-01	   7.7580878470212600e-01	   7.3961824978353108e-01	   4.8904279232940290e-01	   6.2328090854548801e-01	   4.2226088861275032e-02	   1.6783967597482272e-01	   5.0293053270680410e-01	   4.1750817916593597e-01	   5.8593639312584866e-01	   5.8629087172025618e-01	   2.5256719651709170e-01	   2.6122041862602619e-01	   2.6996544044673765e-01	   3.4818960411049094e-01	   2.7627982422727171e-01	   2.4173322706440029e-01	   1.0445736730191091e-01	   3.3666020859348507e-02	  -6.3125638039203125e-02	   2.9560378182641545e-01	   5.8463975400838875e-01	   5.3869006945618769e-01	   3.8249734215386411e-01	   4.6034311570441439e-01	   7.7603560118006773e-02	  -4.7595937263501899e-02	
   6.8632645766915568e-01	   6.0269183234222468e-01	   6.8646583789806837e-01	   0.0000000000000000e+00	   7.4599473741228617e-01	   5.5495815549729077e-01	   6.7080290624546057e-01	   7.1377769719236972e-01	   4.4482472952233687e-01	   2.5639040468786733e-01	   5.6816567309985455e-01	   5.5970162757023723e-01	   5.8728115124000790e-01	   6.7695677893301565e-01	   6.8568381362164710e-01	   7.8723161444907275e-01	   3.2308891815301549e-01	   2.5050598642591126e-01	   8.3531727140111589e-01	   7.3713793902627633e-01	   6.8749588193780395e-02	   1.2590968782921604e-02	   5.8079311876141881e-01	   6.9466249948025438e-01	   4.2208359499842674e-01	   4.0951505268728550e-01	   3.2869973291044868e-01	   3.1765987521306588e-01	   5.2153136238232245e-01	   5.0092615338459212e-01	   6.2338893403545992e-01	   7.5114370805707331e-01	   7.3239423371162871e-01	   7.3179610882962054e-01	   2.5311625048089947e-01	   3.8854729298267110e-01	   6.8312337560567271e-01	   5.3054521707322855e-01	   5.8082278852228808e-01	   5.9278895149527311e-01	   5.3567652795358844e-01	   6.4802328014916544e-01	   6.9126217911769139e-01	   6.2359786481392321e-01	   5.7529764436630848e-01	   5.0046404963564051e-01	   6.4260352409285848e-01	   6.5959999320242135e-01	   4.9758509263236045e-01	   3.3678002639106214e-01	   5.7526907326328702e-01	   5.8571905084223652e-01	   5.7381330121900875e-01	   4.7243982705051557e-01	   6.8093284655384856e-01	   6.4936386339678420e-01	   3.3261484892590554e-01	   2.7656484894822148e-01	   6.5147964297942895e-01	   4.7921912774900954e-01	   5.1749598669750108e-01	   4.0801114558715218e-01	   4.1184075484201843e-01	   2.2922990138976729e-01	   2.9919918027804959e-01	   5.2256069108542036e-01	   7.8253799126515888e-01	   7.6773136664396557e-01	   5.4026561775881654e-01	   4.9689440747309133e-01	   6.2447671995822285e-01	   5.3391538339137867e-01	   5.6297133215152750e-01	   5.5936605652412075e-01	   6.2966360354122708e-01	   5.1577378148807429e-01	   6.3886190388904618e-01	   6.5289047237266928e-01	   2.9816555040802545e-01	   4.2667637956935944e-01	   6.3763145295015844e-01	   6.6084169093293843e-01	   7.3159278994029142e-01	   5.8457398753904355e-01	   5.5840321254364000e-01	   6.5133573095886566e-01	   4.8024986643072842e-01	   4.6343140849481934e-01	   6.2590091934038605e-01	   6.6642376451581464e-01	   8.1641917266753294e-01	   7.1665729037514858e-01	   6.5103072200981982e-01	   5.5931661322679738e-01	  -1.0530054641633316e-01	   1.3353854699169151e-01	   5.7935523986448256e-01	   5.6068173424740542e-01	   6.7321122246931098e-01	   6.6519914302199157e-01	   4.4933132102947321e-01	   4.0460919748440816e-01	   4.6191844310504571e-01	   5.0346799102003281e-01	   2.9952125161728971e-01	   2.1304837969354995e-01	   1.5936014326731524e-01	   1.3125803030680738e-01	  -1.6460303132200108e-02	   4.1757331025461120e-01	   7.0941700338614022e-01	   7.2507334379474830e-01	   5.8340612219290677e-01	   6.3635633121157975e-01	   1.5531703745760611e-01	  -2.6119766665754114e-02	
   5.7304732746114395e-01	   4.7905120943474128e-01	   7.6330698641514094e-01	   7.4599473741228617e-01	   0.0000000000000000e+00	   6.2789738824916097e-01	   7.3487888768941556e-01	   5.7524205777023862e-01	   7.7077919028265640e-01	   4.9109209699177137e-01	   5.6289617429947558e-01	   4.7917597945573298e-01	   5.2391154142167429e-01	   5.8632441271964419e-01	   7.2523168546487105e-01	   7.7023246948058699e-01	   1.9185276657369385e-01	   1.0757222712446809e-01	   6.4923066004318120e-01	   4.4955704858074763e-01	   2.0376305593178373e-01	   8.9285335672670468e-02	   6.4643501526774005e-01	   6.5311425235918508e-01	   4.5906530742092022e-01	   4.2949114375255393e-01	   4.0333260204598975e-01	   3.2672668419637685e-01	   3.8772189437215854e-01	   3.5921661891239498e-01	   5.8309142686081661e-01	   6.3162393624321023e-01	   5.9389000168833772e-01	   5.5961244004503663e-01	   4.1041911412265697e-01	   4.3540236279014577e-01	   6.5329440383714377e-01	   4.6002104433951962e-01	   6.2176061976927555e-01	   5.4269044473454964e-01	   4.8284952649658075e-01	   5.9950469799328787e-01	   6.5995139440657780e-01	   5.7235803959153175e-01	   6.7755025711393213e-01	   5.1184624443699522e-01	   5.8338525738078706e-01	   5.8642517450196263e-01	   5.9586517819180562e-01	   4.6600613768712640e-01	   6.1316282731160621e-01	   6.0090075119156461e-01	   6.2558157986242247e-01	   6.5120498594431653e-01	   6.1373902129322144e-01	   6.2286991260107794e-01	   2.2520926844106159e-01	   2.1276277127535786e-01	   6.9167478317855413e-01	   4.2942191683741410e-01	   6.2396587593517772e-01	   4.9268456307183467e-01	   2.5979400854079016e-01	   6.7114369292304119e-02	   5.4037160506446180e-01	   5.6717372534125388e-01	   6.7818286719728060e-01	   5.8303924671003382e-01	   4.3827788911021237e-01	   4.2613192325405780e-01	   5.4724542025199852e-01	   4.2454923894227609e-01	   5.0127778212503982e-01	   4.5783863600389940e-01	   5.6130799268036680e-01	   4.0337436389254988e-01	   4.6302915215384904e-01	   4.3031615006403856e-01	   2.7149081015836746e-01	   4.4325741269845437e-01	   4.6659747230984461e-01	   5.8495740990860212e-01	   6.7798215714552157e-01	   5.0290454597359546e-01	   5.8521234743376260e-01	   6.2548388174865055e-01	   4.7718375999621354e-01	   4.8929321204200704e-01	   6.7291606028092388e-01	   6.6507279682519482e-01	   6.9737760718238462e-01	   6.2097072515642371e-01	   5.2746249593275463e-01	   5.3309291657313151e-01	   1.6564543531376222e-02	   2.1513024955555651e-01	   4.7003282507458222e-01	   4.4843149493002377e-01	   5.3733940673751202e-01	   5.8163214066519009e-01	   2.9896254774149944e-01	   2.5028612771957887e-01	   3.1211721956882321e-01	   3.7285412722451272e-01	   3.2983902704967805e-01	   3.2737481854329681e-01	   7.9972186166286624e-02	  -3.7871220593927784e-03	  -5.6076861590045823e-02	   2.5039065675367150e-01	   5.4662089393514468e-01	   5.5964500223682490e-01	   4.1886736153661586e-01	   5.2879395447685296e-01	   1.4558775677814298e-01	   3.2773877582186674e-02	
   3.3221396278488385e-01	   2.7548545664760837e-01	   5.2214604183487601e-01	   5.5495815549729077e-01	   6.2789738824916097e-01	   0.0000000000000000e+00	   4.7871940900358101e-01	   5.2187579138936691e-01	   5.2070365501897320e-01	   7.3481228562512091e-01	   1.4601704066165627e-01	   3.1283573251122676e-01	   3.0609997713130821e-01	   4.1074693906069687e-01	   5.7698247592610208e-01	   6.4629692860472532e-01	   3.0085868667791571e-01	   2.5445300590976988e-01	   3.9889778096087025e-01	   3.6188267565224841e-01	   2.4528581831440593e-01	   2.3839968264483591e-01	   5.2360815220051926e-01	   5.9574904714083265e-01	   5.0890438894298484e-01	   5.6050220621851299e-01	   5.9508121896452293e-01	   7.4805778271109169e-01	   2.9319573854666242e-01	   3.1335725262510339e-01	   4.6423053397612568e-01	   4.9892468778159194e-01	   4.3520998059121019e-01	   4.8229729283601153e-01	   3.5609265047063871e-01	   4.2816154266081796e-01	   4.5860439141708825e-01	   3.3749779370185895e-01	   3.9166872224511451e-01	   4.7846435072854770e-01	   4.6270305004455359e-01	   6.9965681429425119e-01	   6.3417686063904255e-01	   5.7877317936485762e-01	   4.9844865714954623e-01	   5.5513772817526608e-01	   5.8152139860815721e-01	   6.6478114922827414e-01	   5.3516158878450204e-01	   4.7216017005639010e-01	   4.8986969481760528e-01	   5.6137919162783378e-01	   5.1497768733822258e-01	   6.1133348285118649e-01	   5.6737714312567145e-01	   6.2005759420504869e-01	   2.4974099498766483e-01	   8.2762233987711889e-02	   4.9048612027028382e-01	   3.2748795495935823e-01	   2.2956038961296391e-01	   2.2417696776664042e-01	   1.9731039114019033e-01	   1.7206597814654659e-01	   2.7284546028267798e-01	   4.2912887112189901e-01	   5.2161232643126532e-01	   5.2343986039638135e-01	   2.8647936235662336e-01	   2.6862059126083448e-01	   2.8821724948556215e-01	   3.4808766369199901e-01	   4.0879686949093680e-01	   4.4037056428212218e-01	   4.5936745745827240e-01	   4.1730072829810549e-01	   2.6527957481158054e-01	   3.0113483237475108e-01	   4.3637449846845294e-01	   5.0311204391389097e-01	   5.6027888843289253e-01	   4.0782086419674290e-01	   5.1636622939375765e-01	   3.5059801113535777e-01	   3.9251408521956160e-01	   3.6766680102025773e-01	   2.8497034157661472e-01	   3.5726374155195317e-01	   4.4141881323747134e-01	   4.3655640201269336e-01	   5.8705002803604556e-01	   4.0391839977353705e-01	   3.0722036939628961e-01	   1.7676673293320336e-01	  -2.3036011937329147e-02	   2.2273974799919629e-02	   4.3234541345435268e-01	   3.6537224982595473e-01	   5.3730616529649056e-01	   5.8271305207133139e-01	   1.7613991405975352e-01	   1.0775016826368801e-01	   2.5314269417638657e-01	   3.7687969397869214e-01	   2.5651704283089993e-01	   2.1274458336832586e-01	  -1.9619373671853541e-01	  -3.4993895766590266e-01	  -1.6262857165469066e-01	   1.3877211097244882e-01	   4.9265240073907551e-01	   4.7512399625997981e-01	   1.7815318518562218e-01	   3.0315434791723850e-01	  -1.2102921258597095e-01	  -2.3560039563543583e-01	
   5.7685661709126190e-01	   4.8197475617574503e-01	   6.5263688324593305e-01	   6.7080290624546057e-01	   7.3487888768941556e-01	   4.7871940900358101e-01	   0.0000000000000000e+00	   8.1050330095969669e-01	   5.0689753167587426e-01	   3.3383117644454097e-01	   6.2224673401742892e-01	   6.8801214144802780e-01	   7.2524174855321233e-01	   7.1095035429833209e-01	   6.5675703400655627e-01	   7.1479713831806624e-01	   3.3473048102868491e-01	   2.9482455512374006e-01	   5.9476075773032422e-01	   4.8241797736951497e-01	   1.4423665543932401e-01	  -1.3710868769854567e-02	   4.0989339159417881e-01	   4.2423412283653877e-01	   3.1204656545135812e-01	   3.2993232098000774e-01	   2.3195996962188897e-01	   2.1412249905477235e-01	   5.6125744962354152e-01	   5.2285269152100511e-01	   6.2241099133588551e-01	   6.1797173973899999e-01	   6.6462986859033968e-01	   6.5156421156256328e-01	   4.7804945641978114e-01	   4.9933887746972283e-01	   6.0266216328168465e-01	   5.3305089319456966e-01	   6.2886484529188735e-01	   6.1044231335446530e-01	   4.2971887346602711e-01	   6.0049085605408248e-01	   6.7730279522788250e-01	   5.7401647566500325e-01	   7.0769991444343761e-01	   6.3039830413079456e-01	   6.2023515170804133e-01	   6.1525128529821604e-01	   5.9578826697539311e-01	   5.2787193938094268e-01	   6.7587668885323993e-01	   6.8306290300969763e-01	   5.1528220680149117e-01	   4.5011116066506079e-01	   6.0649751819519759e-01	   6.6284094349394584e-01	   2.5099938659541837e-01	   2.2136191515965656e-01	   5.7112897915264838e-01	   2.8286347769770503e-01	   7.3983522654494749e-01	   6.7581622558445020e-01	   3.6416064159794381e-01	   3.3441308216137283e-01	   5.5610206090140213e-01	   6.0142154824944671e-01	   6.1059130071575185e-01	   6.6150266074737396e-01	   2.8259691355512828e-01	   2.2004281848151391e-01	   4.6800932199074519e-01	   3.2082283581143517e-01	   4.6353699000715004e-01	   4.9294868067608166e-01	   4.8231241767623390e-01	   4.4187581146686938e-01	   4.8510109731719131e-01	   4.9248536868038373e-01	   2.5882204696725319e-01	   3.6790686140730972e-01	   4.5256802388303297e-01	   5.0813614615021030e-01	   6.3567827441793812e-01	   4.0163554067157958e-01	   5.2254286760206869e-01	   5.8514907623756174e-01	   2.5430828680534445e-01	   3.0648104207090043e-01	   5.8919439979416266e-01	   5.5032326199156223e-01	   5.9698236190429099e-01	   4.9740222484105956e-01	   5.7861196055251018e-01	   4.9965016204733659e-01	  -5.9655223449599434e-03	   1.9873119444281578e-01	   5.3155446785969906e-01	   5.2414538289759338e-01	   5.4587995553752355e-01	   5.8407739342516629e-01	   3.8106509606392647e-01	   3.6036185033628509e-01	   3.1877217831585852e-01	   4.5190658292861274e-01	   4.3729464744571139e-01	   3.4340683729749244e-01	   2.1511915446291918e-01	   1.6838334525832076e-02	  -9.0733862295312551e-02	   2.2210460332112497e-01	   5.7914151681579784e-01	   6.3038450408254176e-01	   5.9869145094207465e-01	   5.8473307812289121e-01	   1.8694974918692867e-01	   8.0051718817467490e-02	
   4.9357535831530103e-01	   3.8265683003832907e-01	   3.4588155745909349e-01	   7.1377769719236972e-01	   5.7524205777023862e-01	   5.2187579138936691e-01	   8.1050330095969669e-01	   0.0000000000000000e+00	   3.1178586256733465e-01	   2.3078651945439349e-01	   6.1492676859087747e-01	   7.5586250245659925e-01	   7.3949298156891496e-01	   8.0031400801844121e-01	   5.3826574845778496e-01	   6.3844850812313947e-01	   4.0401431579727187e-01	   3.0023142299059197e-01	   4.9052769294735560e-01	   4.2604367528515646e-01	  -6.3964152164844301e-02	  -1.2140265611534137e-01	   1.6245820254674589e-01	   2.8545132296055659e-01	   1.1879065223786622e-01	   2.5401310063591975e-01	   2.6752961829782384e-02	   2.4774844728654247e-01	   5.8414044555189049e-01	   5.6974789113229340e-01	   5.3242472692482390e-01	   6.2237593267575952e-01	   5.3907727427785546e-01	   6.3032429508915389e-01	   2.3518823714833925e-01	   4.6067423599404211e-01	   4.0656789933062287e-01	   3.5386735895681265e-01	   4.3673914809987902e-01	   5.2742948251556032e-01	   3.1275206324492344e-01	   4.8039044748294879e-01	   6.8488795285719206e-01	   6.3832161365283246e-01	   6.4132966096449362e-01	   6.9189528356473529e-01	   5.9883687231643146e-01	   6.3737332611310293e-01	   4.9791263194385937e-01	   5.3825462459804974e-01	   4.3745191479638534e-01	   5.9507993401998593e-01	   3.2970942038075784e-01	   2.4431623253738899e-01	   4.7898004574387126e-01	   5.6633529462467425e-01	   1.9716034323407922e-01	   3.2108538510535481e-02	   3.9592202558350043e-01	   1.7166716611558411e-01	   5.6922053478880852e-01	   7.2019974889369309e-01	   2.4999649614084904e-01	   2.3936485929514661e-01	   2.6471130476335469e-01	   5.4877231704728380e-01	   4.4531382653312490e-01	   6.5777966634226692e-01	   5.8098159091536761e-02	  -1.9202090229492305e-02	   3.9809391158339225e-01	   3.9441709447092932e-01	   4.2149562011834174e-01	   4.9298239285769352e-01	   4.1223017022390684e-01	   4.0870774205639571e-01	   4.8768735982142647e-01	   5.3044403286646580e-01	   3.3543900880192040e-01	   3.3966552335567446e-01	   5.0295713760575045e-01	   3.4123278487461106e-01	   4.6925327196825445e-01	   1.3833158131070106e-01	   3.2444438638867973e-01	   3.4877744466269661e-01	   1.4404665348996290e-01	   9.1716578329621462e-02	   3.8015435988274254e-01	   3.6402660841025258e-01	   5.2083139971942016e-01	   3.3039494819644577e-01	   6.2538201004452043e-01	   3.8832414846579905e-01	  -1.8574560996809680e-01	   1.9149200285291830e-02	   4.4365989325250371e-01	   4.5493231267913004e-01	   4.8252508255076082e-01	   5.0837099029377641e-01	   4.4075970586838903e-01	   4.1994434041906736e-01	   3.9134626648024551e-01	   5.0619200109311646e-01	   4.0070612720683713e-01	   2.8507149965187628e-01	   2.0494467975157010e-01	   2.0608418506465144e-02	  -1.0298355587918320e-02	   2.5141402956249964e-01	   5.5929843643417732e-01	   6.2673286765948877e-01	   6.1154370118878187e-01	   6.1413557167687305e-01	   2.5184430716090950e-01	   3.5049662431583813e-02	
   5.1615403069374999e-01	   4.3604643634136675e-01	   6.4554590806471313e-01	   4.4482472952233687e-01	   7.7077919028265640e-01	   5.2070365501897320e-01	   5.0689753167587426e-01	   3.1178586256733465e-01	   0.0000000000000000e+00	   7.5004099444749439e-01	   4.6372138345188868e-01	   3.6940961465695027e-01	   3.3182613609504730e-01	   3.5456289604099223e-01	   5.1552945984975596e-01	   4.5023515789984919e-01	   3.5168741665180897e-01	   2.6199716510802007e-01	   4.5356103130480419e-01	   3.4027293240698298e-01	   5.3953490039802092e-02	  -5.0421815075497908e-02	   3.9149668073729293e-01	   3.7365847735023472e-01	   1.6470898702791353e-01	   1.3332569080934442e-01	   2.9606423192139719e-01	   1.5923731709059324e-01	   3.4069551198824222e-01	   3.3383776873892651e-01	   2.8542167956545261e-01	   3.2989578831444577e-01	   4.8666663188608611e-01	   4.2636838597575138e-01	   1.6923759030838956e-01	   9.6813056549072019e-02	   5.3037940118178339e-01	   4.3777100892526810e-01	   4.4173501045638874e-01	   4.4594716773452231e-01	   2.8480835448349717e-01	   4.5097391821269517e-01	   4.8062049892175568e-01	   4.8820747191088637e-01	   3.5520157018099385e-01	   3.3446859870330753e-01	   4.8740857665352194e-01	   4.5904056086568590e-01	   5.1095550664421030e-01	   5.1995279493996882e-01	   5.8763730748750276e-01	   5.6347221489883070e-01	   6.4482861488236565e-01	   6.3901539576016797e-01	   5.2780928825493167e-01	   5.9509372821450390e-01	   3.0151333204061487e-01	   2.5265337120229125e-01	   6.4962722125528183e-01	   3.8581575343146768e-01	   5.9333209100944129e-01	   4.4670818939106960e-01	   3.1221604536551578e-01	   1.8095299437998710e-01	   4.8011583095698673e-01	   3.6395548581661308e-01	   3.9941250508428605e-01	   2.8755649740608502e-01	   4.0644867735574908e-01	   3.0551305913592119e-01	   3.6174802411464607e-01	   2.2797314919463765e-01	   5.0852196371253666e-01	   4.6274652026913249e-01	   5.0968579483898524e-01	   4.2666376046413590e-01	   3.6578389515812704e-01	   3.2049709589602116e-01	   4.6183278627021429e-01	   5.3407277868063474e-01	   4.4336035357410530e-01	   5.2412693048138137e-01	   4.0062059614721635e-01	   4.1060535330828263e-01	   4.5457583583935396e-01	   4.3916199837913833e-01	   3.9883129604953910e-01	   4.0989574349151237e-01	   5.8508500994030488e-01	   5.4208235588194231e-01	   4.7742758444480826e-01	   3.9308167370584063e-01	   3.7594754968931243e-01	   3.4025763662323560e-01	   5.1604081291073189e-02	   1.4063145586302883e-01	   3.4587279599389020e-01	   3.7371051586019122e-01	   4.9407035973390656e-01	   4.9692224428964205e-01	   3.4013957435763137e-01	   2.6345670421335610e-01	   3.4214928587905258e-01	   3.9499831437785915e-01	   3.2433165475477005e-01	   3.5026046087013130e-01	   1.5248371336864208e-01	   4.6102727365529464e-02	  -5.7043315400019959e-02	   2.0092286712792951e-01	   3.4290714922959376e-01	   4.1355320425332864e-01	   3.6151936823268405e-01	   4.3769709802145723e-01	   2.6272658053037945e-01	   1.1352214465717908e-01	
   2.9478662593423033e-01	   2.6576692804061097e-01	   4.7055391666116658e-01	   2.5639040468786733e-01	   4.9109209699177137e-01	   7.3481228562512091e-01	   3.3383117644454097e-01	   2.3078651945439349e-01	   7.5004099444749439e-01	   0.0000000000000000e+00	   1.3794226671247423e-01	   2.2626977140282761e-01	   1.3184215680257597e-01	   1.9139814491269411e-01	   3.8028048303199924e-01	   3.7019875739432828e-01	   3.2670485964381368e-01	   3.0757284136374252e-01	   2.3963429768531863e-01	   2.2567546156017801e-01	   9.4115747192091898e-02	   2.0295984936382468e-02	   3.2273643503416394e-01	   3.4186670696149207e-01	   1.9585480899912577e-01	   1.6253411131233086e-01	   4.2855468847472650e-01	   4.2579355312178535e-01	   1.9806711050157405e-01	   2.1597404749477594e-01	   1.7999876086880931e-01	   1.8392506881684983e-01	   3.2484774006486739e-01	   3.2128906134066093e-01	   1.4600510869155081e-01	   9.1502132593648478e-02	   3.3963106183972525e-01	   2.9142114580118522e-01	   2.2540061763951572e-01	   3.3342555545272290e-01	   2.2365638583349098e-01	   4.6688729234984028e-01	   3.9201113792346115e-01	   4.3382756051904203e-01	   2.3106956571664561e-01	   3.5184502424610303e-01	   3.9554013310957603e-01	   4.6539804831082415e-01	   4.7623358583264230e-01	   5.7092517263283893e-01	   4.7781338614133484e-01	   5.2319454657716913e-01	   5.5540938779830606e-01	   6.1896208792657770e-01	   4.9775202802780805e-01	   5.7369696322822650e-01	   2.9797776385525865e-01	   1.2895729723179708e-01	   4.2685851495670485e-01	   1.9712547182385376e-01	   2.8861037615954854e-01	   2.3799507865334762e-01	   1.3167537564775106e-01	   1.8232858860898304e-01	   3.1593163454818524e-01	   2.8402730421233996e-01	   2.0084785781544592e-01	   1.3807481951496409e-01	   2.3661260543611778e-01	   1.5492817028448810e-01	   6.7223562585681990e-02	   5.0304104646790984e-02	   3.8013685627049570e-01	   3.7701859146713268e-01	   3.8042397076413154e-01	   3.7668882381576968e-01	   1.3614337522503506e-01	   1.2900501493889543e-01	   5.3485568313540521e-01	   5.0833534945830572e-01	   3.6189582311952045e-01	   2.8038334679250554e-01	   2.5707869717216392e-01	   2.2145529897974581e-01	   2.8704613273844659e-01	   2.4048229629463069e-01	   2.0681507730853094e-01	   3.1297604513798893e-01	   4.0052366451928756e-01	   3.5771846288196940e-01	   3.8169909386745426e-01	   2.4819807293890883e-01	   1.6067325379552666e-01	   9.6232880949850261e-02	   9.8626890872063264e-03	  -4.6986162761961339e-02	   2.4603148590620100e-01	   2.5033321969626765e-01	   4.8865223551475501e-01	   5.1485416352823976e-01	   1.9661022942052805e-01	   1.1207978597299537e-01	   2.1125624071636590e-01	   3.1263309901212522e-01	   2.1632244074171789e-01	   2.3589015369103156e-01	  -1.6188295952371201e-01	  -3.2471455725751347e-01	  -1.8830477841963564e-01	   2.1283365773439193e-02	   2.4452823910242003e-01	   3.0176038540679728e-01	   1.6497582342955580e-01	   2.1690988390056973e-01	  -3.6502395599409508e-02	  -1.2001635280829186e-01	
   7.5906596761916134e-01	   5.4160415904432091e-01	   5.4058620547245928e-01	   5.6816567309985455e-01	   5.6289617429947558e-01	   1.4601704066165627e-01	   6.2224673401742892e-01	   6.1492676859087747e-01	   4.6372138345188868e-01	   1.3794226671247423e-01	   0.0000000000000000e+00	   7.9370355194740183e-01	   8.6444602900248035e-01	   7.6848218695950077e-01	   6.3465685397914906e-01	   5.9955264178309320e-01	   3.4977601178965761e-01	   1.6107513379480304e-01	   6.7682069884310603e-01	   4.7647170925740212e-01	  -3.2299590040525972e-01	  -3.8646012964679244e-01	   2.3013178515695060e-01	   2.9850808528594319e-01	  -1.0759100153780470e-02	  -5.1558542009157812e-02	  -7.5430012124373835e-02	  -1.6543610323524011e-01	   5.9657353356173992e-01	   5.0382114811707335e-01	   2.9599725183493153e-01	   4.5478695570121086e-01	   5.4521413829024512e-01	   5.1712322731874760e-01	   1.0156371566982225e-01	   1.9067219359038651e-01	   4.0652018264206946e-01	   4.1883551294199384e-01	   4.2130509299969932e-01	   4.4772903621124538e-01	   1.0374403056613721e-01	   2.9738472156356460e-01	   5.4441376869396552e-01	   4.7338105390601815e-01	   3.9585145550609546e-01	   3.5412254677746041e-01	   4.3210927787179243e-01	   3.7993986252846601e-01	   3.3727913636982054e-01	   3.9378210528111268e-01	   3.9999127072211993e-01	   3.5677772173191974e-01	   4.7960462124440173e-01	   2.7249235660799176e-01	   4.3081483488456707e-01	   4.2044494623725742e-01	   2.2107778645134912e-01	   1.3236738173880200e-01	   4.6685277742320674e-01	   2.2465489600358129e-01	   7.8540894766369684e-01	   7.0891027086517189e-01	   2.4027389578646352e-01	   8.1032716002293170e-02	   4.4322369578210913e-01	   5.8587821678434704e-01	   2.9916823583651075e-01	   3.2291829188992593e-01	   3.4398567586220119e-01	   2.2336713886451315e-01	   4.5048873986342958e-01	   3.2454184990895474e-01	   5.0505427505531464e-01	   5.0774115428891353e-01	   4.9464136342944176e-01	   4.3862886436477372e-01	   6.1280138334188894e-01	   5.3442820494934395e-01	   3.4018577862445193e-01	   4.3028210685695684e-01	   3.5881571082114916e-01	   4.4092192875794112e-01	   5.5019511340595340e-01	   2.5538637935743047e-01	   4.3500366581169359e-01	   4.3967695144786012e-01	   4.2924307344828394e-01	   3.4610892683187561e-01	   5.9545354386447413e-01	   5.3142781908321401e-01	   4.8886676402737428e-01	   4.3245700004391452e-01	   6.6154409184665086e-01	   6.6877643446100121e-01	  -2.1891240651348648e-01	   5.0967107532283598e-03	   2.1813539935942433e-01	   2.5634593111166043e-01	   3.2727985026720696e-01	   3.6182441531630466e-01	   3.5617123716743360e-01	   4.6159035725895997e-01	   2.9201570727970361e-01	   3.5037012825400465e-01	   2.4839849522714452e-01	   1.9944452964953857e-01	   3.8254663070827744e-01	   2.7649426748527062e-01	   1.9006648514493368e-01	   3.3374402757660016e-01	   4.0670810132730673e-01	   5.2205137033147397e-01	   6.0340954148965809e-01	   5.9942461770341537e-01	   4.3323772378117542e-01	   2.6904764542032050e-01	
   6.7683151852594892e-01	   5.9683732680995361e-01	   3.8076049558595498e-01	   5.5970162757023723e-01	   4.7917597945573298e-01	   3.1283573251122676e-01	   6.8801214144802780e-01	   7.5586250245659925e-01	   3.6940961465695027e-01	   2.2626977140282761e-01	   7.9370355194740183e-01	   0.0000000000000000e+00	   8.3755884841721351e-01	   9.2058707034005538e-01	   5.0457458582915893e-01	   6.0603167848064321e-01	   5.7754089179575208e-01	   4.3238628871941276e-01	   5.9081392989615233e-01	   5.7563307576331546e-01	  -2.7223894860548703e-01	  -2.5578108949762807e-01	   4.2841926635813002e-02	   1.7642294817535079e-01	  -9.8846083048668418e-02	  -7.6442229119010024e-02	  -1.7845123962963055e-01	  -1.3548322055679456e-02	   8.0183335040499781e-01	   7.6481227431977761e-01	   3.5445076792123353e-01	   5.3002049756454039e-01	   6.6522346590957282e-01	   6.9275176687502826e-01	   3.4212588087927980e-02	   2.4424095172303667e-01	   4.7055596298857028e-01	   5.2459730569480068e-01	   4.7419377714919875e-01	   6.0320457391747906e-01	   2.4726424678637926e-01	   4.2013185187449587e-01	   6.4615407753146459e-01	   6.3635314459089565e-01	   5.3267186375008246e-01	   6.0039306601425890e-01	   5.6488699859701186e-01	   5.8119230242952447e-01	   4.7422297851256523e-01	   6.2279067697225443e-01	   3.6760695554831835e-01	   5.1095862564120853e-01	   3.8181579062389781e-01	   1.6954283219521124e-01	   4.8138671965432289e-01	   5.8884755317170723e-01	   3.2018485965502208e-01	   1.2018083020983839e-01	   4.6036692556895853e-01	   2.3381287390283706e-01	   7.3182113461845311e-01	   8.3715373380770164e-01	   2.7885676845749813e-01	   2.7685318811067638e-01	   2.0554543860861818e-01	   4.5059916701451880e-01	   3.8044808271754127e-01	   5.4933160918664192e-01	   2.8113168589824017e-01	   1.3918022356186249e-01	   4.1763029633070003e-01	   3.8055859005828929e-01	   6.2586141277109930e-01	   6.7930737783485740e-01	   5.5222251021970215e-01	   5.7915331601257924e-01	   6.4710044048157789e-01	   6.7891393784009790e-01	   5.1564418912501542e-01	   4.2296368720090738e-01	   4.7798142338481875e-01	   3.6150282185284377e-01	   4.2091846204719996e-01	   2.2245889448827358e-01	   2.0848876640313491e-01	   2.6061884069057628e-01	   2.0556349258537387e-01	   1.7513079022234285e-01	   4.3438479670369995e-01	   4.3689329091755869e-01	   5.3898940815601493e-01	   3.9115775468037833e-01	   7.2700015882035152e-01	   4.8432547319132535e-01	  -1.7457570202828437e-01	   1.3815830457999639e-01	   3.9598480103753375e-01	   4.9153489631680591e-01	   4.9610616610179009e-01	   5.3823303000985312e-01	   4.9437861800588523e-01	   5.0906598156348037e-01	   4.3097888087952096e-01	   5.1210245909026564e-01	   3.8249742011460736e-01	   3.1870263879021044e-01	   4.1878693708673931e-01	   2.9902025346806971e-01	   2.1631425888100142e-01	   4.5457585961519376e-01	   5.4382465485063514e-01	   6.9778330413904421e-01	   7.6818368913148460e-01	   6.2403013617225933e-01	   5.2174280361550984e-01	   3.0648203073922464e-01	
   7.5429930218133490e-01	   5.7422736916665174e-01	   5.1367540967978320e-01	   5.8728115124000790e-01	   5.2391154142167429e-01	   3.0609997713130821e-01	   7.2524174855321233e-01	   7.3949298156891496e-01	   3.3182613609504730e-01	   1.3184215680257597e-01	   8.6444602900248035e-01	   8.3755884841721351e-01	   0.0000000000000000e+00	   8.7304060967306985e-01	   7.0685757839515151e-01	   6.7062610101463971e-01	   4.0798039982765655e-01	   2.9548656243499694e-01	   6.1938081121066157e-01	   5.1305604944386318e-01	  -2.5658616067692008e-01	  -3.0462901597467817e-01	   2.5109195311054783e-01	   3.3058651618748680e-01	   1.0973222406029662e-01	   1.0053276696050251e-01	   2.0220143759228280e-03	  -3.7207488138095983e-02	   6.2612896755691194e-01	   5.5555219392534783e-01	   3.8160101015341463e-01	   5.1600825054580435e-01	   5.5450062184463933e-01	   5.2688685628182863e-01	   2.0250151733639374e-01	   2.9280610658592288e-01	   5.1258029622531076e-01	   5.3958857827590101e-01	   4.9491633706945820e-01	   5.3172507402558467e-01	   2.7804037262748083e-01	   4.6881854108458731e-01	   6.7030784246363417e-01	   5.6847352772261672e-01	   5.5886097310101401e-01	   5.3033407102501107e-01	   5.2711016303049796e-01	   5.1777855751702540e-01	   5.0105422458404847e-01	   4.9418172768541052e-01	   5.4387261056348901e-01	   5.3265421620217168e-01	   5.4651198249783595e-01	   3.7625753021641706e-01	   4.9622764707977035e-01	   5.1544734524938562e-01	   3.3867366678004562e-01	   2.0585757742494959e-01	   4.8217936913178688e-01	   2.5204481793614864e-01	   7.5249653165485442e-01	   6.7192336837748412e-01	   3.6617510116487023e-01	   2.5250454029366864e-01	   3.8653020471892607e-01	   5.0268110125106968e-01	   3.8582008919564564e-01	   4.6070814469911725e-01	   3.3354508100798264e-01	   2.1861274725726282e-01	   4.9079261793064710e-01	   3.8404362035449713e-01	   5.2103040411262991e-01	   5.6332966736891099e-01	   5.3045587165051089e-01	   5.0156615414281169e-01	   6.2739294255990463e-01	   5.7901364894593721e-01	   3.6312401904386615e-01	   4.3936035021855741e-01	   4.0977892227256840e-01	   4.5415960517493692e-01	   6.3138782062559773e-01	   3.3491517331329357e-01	   4.7074205503237138e-01	   5.2278418959008843e-01	   4.1130355637939964e-01	   4.1575856336556261e-01	   5.9000683394024911e-01	   5.5024741898781304e-01	   5.8494523913324892e-01	   4.6461400683953807e-01	   6.7555300827567988e-01	   6.4570206271446307e-01	  -2.8246713758748304e-01	  -3.4347384424194606e-03	   2.7892098562466000e-01	   2.9709000572141137e-01	   4.1833345591018978e-01	   4.8208485536634732e-01	   3.0997505778790591e-01	   3.9844473429958766e-01	   2.7074065186329793e-01	   3.5033957857517040e-01	   2.3546139173808076e-01	   1.5643035084454324e-01	   4.0204189005808011e-01	   3.0085524445900219e-01	   1.1219679025543888e-01	   2.9197155405380926e-01	   4.9121144192975319e-01	   5.9672584827870145e-01	   5.8985081801919015e-01	   5.6098735490058427e-01	   3.8318524145833388e-01	   2.1191259853042071e-01	
