   0.0000000000000000e+00	   5.9739546675822408e-01	   1.8294605709797404e-01	   1.8446018510652087e-01	  -1.7650940919694777e-01	  -1.1989838359021572e-01	   1.2827790894100455e-01	   9.6177581615306512e-02	   6.9246591315594283e-02	  -1.7745732157044930e-01	   5.8699459350754435e-01	   3.5708796858934178e-01	   4.1653999881136050e-01	   1.5435404222928331e-01	   2.1636968405394347e-01	   4.7451708260486636e-01	   6.1785179252821210e-01	   1.1378180252269639e-01	   1.3075166815504863e-01	   1.2984228903993036e-01	  -2.4155913881851615e-01	  -2.7117628507666386e-01	  -1.2665168840646515e-01	   3.0085282776302021e-02	   4.7005714243227491e-02	   1.3154949643562258e-01	  -6.5758490570249239e-02	   3.6206448521211250e-02	  -3.9524864506980395e-03	  -7.2651385785866801e-02	  -1.4167364077257655e-01	  -7.0251517233550331e-02	   9.5785447590592987e-02	   2.5340321312430799e-02	   2.0632741994757103e-01	   1.7853440392502123e-01	   3.7614270204727274e-01	   2.3045139834327535e-01	   3.2937814977585800e-01	   2.7463627179484434e-01	   1.6174147069035333e-01	  -3.5451128840617283e-02	   2.1457278903194016e-01	   6.0686139600020339e-02	   1.1200891925917059e-01	   6.1269577095483127e-02	   1.4223923007998157e-01	  -2.6720047222308738e-02	  -3.7850755716814538e-02	  -5.7324017210864081e-02	   2.4550432718167958e-01	  -6.6699177286767164e-02	   3.5928245438944795e-01	  -3.2522248117475305e-01	   5.2466318631945086e-01	   4.7723321096215071e-01	   8.2850525132618202e-01	   6.7294675242774771e-01	   5.0551676300846060e-01	   4.1462338017204636e-01	   5.8313145450276727e-01	   8.8641133360028185e-02	   6.0389463115889219e-01	   1.2622273337579940e-01	   8.2244360851367146e-02	   1.2054965309394412e-01	   8.2886334236166759e-02	   2.8954243963109655e-01	   1.2393133932183023e-01	   1.2786367488266653e-01	   2.8512361383795737e-01	   4.7556807146590427e-02	   4.1038136807283071e-01	   3.5384711657827927e-01	   5.4722024376145240e-01	   3.4447856385528963e-01	   4.1948251378122658e-01	   3.5171664279251502e-01	   1.4987101592415497e-01	   5.6424901435086605e-02	   1.4160860057250882e-01	   2.7222558352978965e-01	   1.5693493412790455e-01	   2.2335959230495825e-01	   3.0124779178618272e-01	   4.3848394260949908e-01	   3.6977087221163413e-01	   2.3345885260859239e-01	   4.2132518814374365e-01	   7.0991156980525855e-02	   4.5436933977401249e-02	   2.0636076886371935e-01	   4.6951588778179225e-02	   6.2823604547793432e-01	   2.1565491526300420e-01	   1.7218598156644910e-01	   2.2594681072369110e-01	   2.2343679686634399e-01	   4.7677181615751774e-01	   4.5628612553561521e-01	  -1.0733872378754769e-01	   4.1166967310831215e-01	   1.7987365829707638e-01	  -5.4525915644015530e-02	   3.3267441264596088e-03	  -1.4684670440113429e-01	   2.1381537508374604e-01	  -1.7659897891023252e-01	   1.4241000721927038e-01	   7.5334465072813328e-02	  -5.1011525933340691e-02	   3.9083338937747575e-01	   2.0690268198705791e-01	   1.0307885897030240e-01	  -4.0681160431299490e-01	  -2.2139291286739787e-01	
   5.9739546675822408e-01	   0.0000000000000000e+00	   1.5806396273833087e-01	   1.8336420020663108e-01	  -7.1338446857853177e-02	  -9.6771895392098073e-02	   2.0800213089339037e-01	   2.6428666204142759e-01	   1.8901386258290026e-01	   4.6759081626668352e-03	   3.3349865333816964e-01	   3.5716851993416632e-01	   2.7417943347831242e-01	   2.2693334827951750e-01	   2.8646556339947871e-01	   3.0280515962161214e-01	   5.2657347480293848e-01	   3.9213277857792406e-01	   1.7491526146337361e-01	   4.1842088098371250e-01	  -6.3316800489522804e-02	  -2.0831111474326447e-01	  -2.4294013999239840e-02	  -1.5803369860380952e-02	   4.9808166856995205e-02	   1.0400363811836337e-02	   4.4322460908694142e-02	  -1.4681607202144219e-02	   2.2705954240605536e-01	   1.9354146084247023e-01	  -6.8913528501944751e-02	  -1.1813089172682556e-01	   1.1911653982376741e-01	   1.1508770985573366e-01	   9.8523636710837387e-02	   6.2900653318054292e-02	   3.8280973122977002e-01	   2.2873988195882158e-01	   2.2126419568866756e-01	   2.2392839334254946e-01	   1.4240979110754320e-01	   1.1510621825503461e-01	   3.5324386448506517e-01	   3.3153863209966100e-01	   2.2404041087581564e-01	   1.9867532728596976e-01	   3.3766227917807734e-01	   2.2610144781598535e-01	   1.2933297855740819e-01	  -2.4517848523071515e-02	   1.9795060208843251e-01	   1.3454691168734156e-01	   4.2069186858283691e-01	  -1.4507431387576769e-01	   4.9677774726437463e-01	   4.1031676550093388e-01	   6.7344719165543854e-01	   8.3092817979711764e-01	   2.3818200847072102e-01	   3.3036104465345689e-01	   3.1239130235624590e-01	   1.1986391622787654e-01	   3.2285396087029000e-01	   4.8103892542635962e-01	   8.1692571878587056e-02	   1.0879922902559730e-01	   2.3035039983312473e-02	   1.3864283984186027e-01	   1.4298074808847605e-01	   3.7191198064172215e-01	   1.4021841741881191e-01	   1.2140699666015448e-01	   4.4800783748554851e-01	   5.3452283704832426e-01	   5.3336182492958595e-01	   4.7231261275968373e-01	   3.3266750069549655e-01	   3.5427949158741451e-01	   4.3938463132608108e-01	   2.5385065398962325e-01	   2.9209434486896180e-01	   3.3485625278756592e-01	   3.6995458266756909e-01	   2.2783531594358281e-01	   3.2046785716380222e-01	   4.3366615977755119e-01	   4.1907563661826963e-01	   1.5070787868719467e-03	   3.8932281505991773e-01	   1.8331714808694660e-01	   2.0040983415370492e-01	   2.1749823743517291e-01	   1.5429070909440334e-01	   4.0626099264160592e-01	   1.3108288080936575e-01	   1.8190670177945875e-01	   3.2319670577683574e-01	   2.3100187748526987e-01	   4.7452562746077376e-01	   2.1696084423242479e-01	   8.0958323407245292e-02	   4.9810484501999808e-01	   3.0518776130948133e-01	   3.7700096144646048e-02	   1.1544080345616467e-01	  -5.3635549378477955e-02	   1.5842508195262384e-01	   2.6215529317671672e-02	   6.4129571930013160e-02	   3.4365541675040467e-02	   1.9279751329087800e-02	   1.5469102935994264e-01	   1.7748632269883741e-01	   1.6376957677973325e-01	  -2.8446608535030993e-01	  -2.1067215466264794e-01	
   1.8294605709797404e-01	   1.5806396273833087e-01	   0.0000000000000000e+00	   4.7369270533797986e-01	   5.0758527622611083e-01	  -4.5637236111392740e-02	   7.6880442225837786e-01	   2.0024007706757940e-01	   4.0859887207142054e-01	  -3.9899286559474077e-02	   5.1730873958826151e-01	   2.5692805564588611e-01	   5.9474983897950873e-01	   2.4691355181590080e-01	   3.8467222992305705e-01	   4.4781718465473519e-01	   3.1276882034749147e-02	   2.1778122497372721e-01	   4.0540419929733833e-02	   1.8303567694395284e-01	   2.2954701077045370e-01	   1.1421084942617546e-01	   7.3420164336303695e-01	   7.8508894564993081e-01	   7.5699334070609736e-01	   6.2763079775490149e-01	   3.3365543112709134e-01	   3.8707469751869888e-01	   2.1786671869445273e-01	   3.4370845245886938e-01	   6.4016204889723571e-01	   6.7515226429808473e-01	   6.9129998818664418e-01	   4.5478178483238452e-01	   4.9316134414086443e-01	   3.9785565107198101e-01	   6.2819658762669506e-01	   6.6823744728395262e-01	   6.1571713692104013e-01	   5.4338504321152947e-01	   3.5222540844683958e-01	   1.8076035040199126e-01	   4.6665812883663904e-01	   3.7157980810414010e-01	   5.7230139177964001e-01	   5.5675886710605782e-01	   4.5461318679568008e-01	   5.0487367020171525e-01	   4.4748352326449392e-01	   5.7957592483944187e-01	   6.0985567694691434e-01	   4.9192914831201962e-01	   1.3142544462369193e-01	   8.2811092881487441e-02	   5.6433691077624504e-01	   7.2211443615045645e-01	  -3.8276139573675927e-02	  -1.4365978135675406e-01	   2.0089631742705474e-02	   4.2438719995535085e-02	   3.0272145012329038e-01	   1.3686963440118766e-01	  -4.3187442616435638e-02	   2.4340648091600213e-02	   8.3131067856430352e-01	   6.1493974689964259e-01	   4.4678346710943528e-01	   4.3312628433664302e-01	  -8.4780636291226119e-02	  -1.9400592989805961e-02	   4.6887146790904771e-01	   3.6460575028939707e-01	   2.7358840792752687e-01	   2.6205914790012219e-01	   2.5028392052883019e-01	   2.4583974628068611e-01	   5.6867183394038934e-01	   5.6910500850496148e-01	   1.7760162444494246e-01	   3.0391121361382545e-01	  -4.8914358455755688e-02	   6.2475903296816560e-01	   3.8936059631111530e-01	   6.8744016959339838e-01	   7.2184912291493708e-01	   5.5018868057926540e-01	   5.2923280746439572e-01	   4.0418820540323602e-01	   5.0150952698706275e-01	   4.7176421480291697e-01	   2.8240898341591542e-01	   6.8174215704442642e-01	   2.0817811227991595e-01	   5.2567773374357030e-01	   6.6999701737046991e-01	   4.6952739720624620e-01	   6.5055080183105352e-01	   4.2670347806030262e-01	   4.5314786421989017e-01	   6.8740581606798234e-01	  -5.2172618937691317e-02	   1.3352883209369232e-01	   1.4128979606761038e-01	   2.1049642130109905e-01	  -2.4240750298855002e-01	  -4.2154440294097595e-01	  -2.2452893879801095e-01	  -4.9071857980910871e-01	   4.5951214437977056e-01	   2.4247796273827460e-01	   4.4687995093099431e-01	   6.3985943768651665e-01	   5.3429287012909210e-01	   3.5387619131698894e-01	  -2.0440480274477890e-01	  -1.9784446919414958e-02	
   1.8446018510652087e-01	   1.8336420020663108e-01	   4.7369270533797986e-01	   0.0000000000000000e+00	   3.8482119503832046e-01	   5.3459821088807935e-01	   2.5819777577605613e-01	   5.2459203440861757e-01	   2.8835853635219044e-01	   4.3870028431010261e-01	   1.0805962891653437e-01	   1.0801028101356866e-01	   1.8320694519886943e-01	  -9.7927444280249992e-02	  -2.3008641173363775e-01	   5.6391981682146319e-01	  -1.6309294293924007e-01	  -1.1518534939670717e-01	   1.4717610466019670e-01	  -4.5468593651580694e-02	   6.8162555752628307e-02	  -3.2912171689303604e-02	   3.5250673488818868e-01	   5.8170051662915312e-01	   5.4347357517776862e-01	   7.7195971524759144e-01	   3.6459464007513676e-01	   4.4845573980971803e-01	  -2.3633267962152299e-01	  -7.3520923453227416e-02	   2.3060443432917649e-01	   3.6210777149479711e-01	   5.2824971266049492e-01	   4.6139383932019229e-01	   5.4232383432470010e-01	   5.4884806325129798e-01	   2.0273755981785235e-01	   2.9300157594107867e-01	   2.5843524585749139e-01	   3.3361859600407440e-01	   1.0448347402373910e-03	   1.0126797553376627e-02	   2.7381355637660293e-01	   4.1032132702459721e-02	   1.7183032883116120e-01	   6.0368028535883814e-02	   1.8591949252386364e-01	   1.7415952963391668e-01	   3.3550943864035308e-02	   3.4453666484126572e-01	   4.4844412525171717e-01	   3.3592286829340356e-01	   2.0483131429100226e-01	   2.0603928813800435e-01	   3.7460914796473965e-01	   4.1330829355951154e-01	   4.6831101540167980e-02	  -4.0696838132472310e-03	   4.2830774308586023e-01	   6.2158606734402810e-01	   1.9239892055069574e-01	   3.9416068983982760e-01	  -2.9444407089969749e-01	  -4.2725141723654064e-01	   4.5792429461279371e-01	   7.2560748608375047e-01	   6.0800290820833769e-01	   6.1382864372732182e-01	  -1.7672944239183669e-02	   5.5808930985869767e-02	   2.2943988709812752e-01	   4.1574239337664709e-01	  -1.1378177107657635e-01	   1.7710715368845206e-02	  -1.0280556255501347e-01	   1.7047630650742565e-02	   2.5447893824103940e-01	   4.0164414482537009e-01	  -3.4308995528632265e-02	  -6.3989112590250113e-02	  -1.9459124036379410e-01	   1.3001361185284799e-01	   1.3381388571465902e-01	   3.2378627026223683e-01	   3.7296106736976281e-01	   5.2647787574444072e-01	   4.6070095594468696e-01	   3.3637670511351164e-01	   5.5625401479315173e-01	   4.9673711090171413e-01	   5.8706401462603763e-01	   5.1683553620538647e-01	   6.8701960259609929e-01	   4.5019742286814579e-01	   3.9420726538042794e-01	   2.0044963583103273e-01	   3.1122499777521806e-01	   4.6887514622840971e-02	   4.6159852520653621e-01	   3.1922771852594445e-01	   5.5325004326072613e-01	   3.4715084656395945e-01	   4.8476636927815803e-01	   4.3398619058488019e-01	   3.5559294127688129e-01	   2.6313951007516448e-02	   2.0440404451816047e-01	   6.0770831645134294e-03	   1.6238957894307018e-01	   1.8950624715420816e-01	   6.8471899412809900e-02	   3.2250570900548725e-01	   3.1338651774686821e-01	   3.3816899858982147e-01	  -5.8081130619508634e-02	  -4.6484711220583279e-02	
  -1.7650940919694777e-01	  -7.1338446857853177e-02	   5.0758527622611083e-01	   3.8482119503832046e-01	   0.0000000000000000e+00	   5.6883695854843408e-01	   6.2407044883048246e-01	   5.0182938399916588e-01	   7.6581886017405087e-01	   5.1843540941675892e-01	  -1.0299653001761297e-01	   3.6672841111705670e-02	   1.4407997496286603e-02	  -1.0052266436287543e-02	   2.0419572039170369e-02	   2.0596786764096758e-01	  -3.4016804156802610e-01	  -1.2741575406591913e-02	   3.1909659689050907e-01	   1.1560508037431999e-01	   9.4209389953069170e-02	  -1.0349835903638668e-01	   5.8256281258363440e-01	   3.4123917644806512e-01	   4.2951731516136726e-01	   3.1743747790986121e-01	   3.4876831956578502e-01	   1.9019488167908266e-01	  -4.9191610459826479e-02	   1.5729362462183913e-02	   3.2691848553042618e-01	   2.9104777176759034e-01	   3.4410349474626001e-01	   4.6882317530672035e-01	   2.6947735949513774e-01	   2.7847228553916559e-01	  -1.1431049281929447e-02	  -2.7804199630882671e-02	  -5.9391408162908874e-02	  -1.2396615961700930e-01	  -1.2345104525357663e-01	   6.1868475183736962e-02	   9.1772371772868871e-02	   1.0247022441674014e-01	   3.9673552908340265e-01	   3.8778794892117363e-01	   2.4542478568714216e-01	   3.5596636432704037e-01	   3.8956700380340747e-01	   6.0382782215822717e-01	   3.1862912686550193e-01	   4.2133749454344138e-01	   2.6610158812701878e-01	   4.1780411760423408e-01	   4.6571727884043332e-02	   2.4477271320818869e-01	  -2.1737832190585304e-01	  -3.3113246207387753e-01	  -5.0346334280548591e-02	   1.6605041334301192e-02	   8.4612632155054643e-02	   2.2467932997604900e-01	  -3.2991584422525499e-01	  -9.8361580709808202e-02	   3.7179399652142076e-01	   1.9542002516080509e-01	   3.7053863176764185e-01	   1.4525464215764938e-01	   1.3128865282379049e-01	  -1.2669010028156802e-01	   3.2079194362954594e-01	   2.7847998975178462e-01	  -3.1470464906363557e-02	   5.8825216861694216e-02	  -1.5036715901453679e-01	   5.9758284058282407e-03	  -7.4939386212857333e-03	   7.5716570743595682e-02	  -1.7582704372792560e-01	  -1.6651979829237104e-01	  -2.8250560842919720e-01	   4.7216374150076505e-02	   1.9601643409733605e-01	  -7.7626522458613973e-03	   2.0491752736553015e-01	   2.0861906060083252e-01	   1.7580597496062761e-01	  -1.6024425855642857e-01	   2.1588376544122073e-01	   4.3074200547289643e-01	   4.5976646678020949e-01	   6.0501533212673009e-01	   3.0458869834169977e-01	   1.7498127020731108e-01	   1.6941827069699186e-01	  -5.2873002793211735e-02	   1.8111436385997434e-02	  -6.7113196563308414e-02	   1.8169265864632003e-01	   2.0803810646416834e-01	   1.7657141807051105e-01	  -8.5243513619082077e-03	   2.4988466978571577e-01	   1.1156078822838288e-01	   4.1410863470282402e-02	  -2.9437711360837582e-01	  -1.1316495415438821e-01	  -2.6792690430709831e-01	   5.8488005078247557e-02	   1.5892431750900263e-01	  -1.4841891909538465e-02	   1.7542965768653418e-01	   2.2041683656034339e-01	  -1.2173654487802477e-01	  -2.4734788076794328e-01	  -1.8222928574940839e-01	
  -1.1989838359021572e-01	  -9.6771895392098073e-02	  -4.5637236111392740e-02	   5.3459821088807935e-01	   5.6883695854843408e-01	   0.0000000000000000e+00	   3.8600450116156020e-03	   5.2140894073322031e-01	   4.6621487467327349e-01	   8.1920197051868193e-01	  -3.6653954638914221e-01	  -2.7503662407378154e-01	  -2.2849821183276825e-01	  -4.3742032336970349e-01	  -3.9377667335006866e-01	   3.2345286029214787e-01	  -4.3365969270424787e-01	  -3.4736148203704525e-01	   2.0782463854190567e-01	  -2.9272572220771576e-01	   1.3031065846518578e-03	  -1.2875519567989593e-01	   1.6848948585321072e-01	   8.7711214586725664e-02	   1.8558900274523432e-01	   3.7931771135314268e-01	   3.2804174243124151e-01	   2.8875450144159326e-01	  -4.9531035130001383e-01	  -3.5904456915428984e-01	  -1.1592948467763464e-01	  -9.9361069820750630e-02	   7.7562023485242437e-02	   2.6400169147029523e-01	   2.4964899271261137e-01	   2.6782979494086834e-01	  -3.3774653315735176e-01	  -3.1830272680799110e-01	  -2.9068789681235552e-01	  -2.2786424456643123e-01	  -4.1646214333388903e-01	  -1.6320484585971112e-01	  -2.2181867247292650e-01	  -2.5631457147323683e-01	  -9.2671090022381830e-02	  -1.6968795033253770e-01	  -1.4008135348281509e-01	  -5.2131325604061536e-02	  -1.1205355370391164e-01	   1.9390708032988024e-01	  -4.8382173916530657e-02	   3.7792052830476354e-02	   2.8641114008699442e-01	   4.6369896780194209e-01	  -2.1351358310105034e-01	  -1.4006934359378420e-01	  -4.2281537947045894e-02	  -1.5338311002381760e-01	   1.8548384036934540e-01	   4.2060821742604848e-01	   1.3599343694190599e-01	   4.3402421528196872e-01	  -4.4703522836945353e-01	  -4.4941685987546537e-01	   9.9182620865498866e-02	   1.1111673164038854e-01	   3.3824005795633105e-01	   9.7859659235115901e-02	   2.0700465676162091e-01	  -1.0895760144397373e-01	  -5.9763352773478301e-02	   7.2738002037209204e-02	  -4.3043918674519144e-01	  -2.5623342661625337e-01	  -4.4834038559592626e-01	  -2.7365642369524956e-01	  -3.3079688908591998e-01	  -1.8990979868471011e-01	  -3.1728408181348650e-01	  -5.0688182467424536e-01	  -3.8725638646922700e-01	  -3.6856494476691143e-01	  -1.5047570140160382e-01	  -3.4730175925989998e-01	  -1.2351409679942812e-01	   1.0867745472746608e-01	  -7.9553837863441473e-02	  -2.5762523068721488e-01	   3.3261457340923134e-01	   4.0109615190455972e-01	   5.1487372285912492e-01	   2.7313095279830341e-01	   4.8093196410539357e-01	   7.5371814371415990e-02	  -1.0602873802004387e-01	  -2.2389054775676070e-01	  -3.9536990236996916e-01	  -3.6324446207136912e-01	  -4.0242326391057459e-02	  -1.6084747129120430e-01	   5.6228247402296716e-01	   2.2662758975906053e-01	   4.1168324446026006e-01	   2.9081792163461884e-01	   4.0606470043956039e-01	   6.3289585834553894e-02	   2.9901333175035993e-01	   2.2471204406309600e-01	  -1.0018227306174675e-01	   1.0393880032526548e-01	  -3.8932626529738051e-01	  -2.3781126296342037e-01	  -1.4445624961466480e-01	  -1.3980433460179453e-01	  -5.5406278904958445e-02	  -1.2706208248896780e-01	
   1.2827790894100455e-01	   2.0800213089339037e-01	   7.6880442225837786e-01	   2.5819777577605613e-01	   6.2407044883048246e-01	   3.8600450116156020e-03	   0.0000000000000000e+00	   4.8955244539808118e-01	   6.3482271254116784e-01	   1.6286889528430362e-01	   5.0899677207254979e-01	   4.5586497887301602e-01	   5.5547782155734793e-01	   3.5245415579257983e-01	   4.4289869536031540e-01	   3.7131973641307303e-01	   1.7899086324327412e-01	   3.5298445695243152e-01	   1.8346922717653208e-01	   3.1437695333247540e-01	  -6.3968207307328216e-03	  -7.1167098823819941e-02	   5.1373996044609993e-01	   4.3210599993424398e-01	   3.6671022407715581e-01	   2.3180247685534033e-01	   5.7290013866034578e-02	   1.1020881377078542e-02	   3.8469998108204267e-01	   3.2048262709826392e-01	   4.2168943065777903e-01	   4.0744849340156997e-01	   4.2733580765192392e-01	   3.9881990669030876e-01	   1.9332549335289781e-01	   1.5746918478333718e-01	   4.4095403663086075e-01	   4.1476408055681102e-01	   3.0200147509768266e-01	   2.3620750001892676e-01	   2.7538962690244767e-01	   1.7205902345097759e-01	   3.6863151027769719e-01	   4.1872796452411176e-01	   5.9739327045339752e-01	   6.1380239358282174e-01	   4.5971040889164649e-01	   4.7667353599202017e-01	   5.8022680052277131e-01	   5.9675249633111427e-01	   5.7948323875788710e-01	   4.1981032306437155e-01	   1.4732183213544761e-01	   5.3756421521833499e-02	   4.6075838620787146e-01	   6.0552628815839382e-01	  -8.1295525030545879e-02	  -1.8756929690287436e-01	  -1.5626061191030038e-01	  -4.9777037934956463e-02	   4.1587337936386098e-01	   3.0769787817559341e-01	   1.0571269109247830e-01	   2.2861132960245958e-01	   5.6827028692687487e-01	   2.9581674283800419e-01	   2.0002533635687514e-01	   1.7585438099252385e-01	  -5.3940485590886933e-02	  -1.7951447217112629e-01	   5.0779806208091960e-01	   3.0092011625137294e-01	   5.1087167123476207e-01	   4.5475417706799115e-01	   4.0772050594901060e-01	   4.0682848007464306e-01	   4.7373129629398825e-01	   4.4253217488322444e-01	   9.4818311736263622e-02	   2.1856140332490337e-01	  -1.2718257823027851e-01	   4.8311808692607794e-01	   3.6071989116299213e-01	   4.0958349078123313e-01	   4.9501108587550080e-01	   4.5393252203617096e-01	   3.4321972760369934e-01	   5.8482680933442423e-02	   3.4181086750401529e-01	   2.5766611089310643e-01	   1.8779077047173937e-01	   6.0105512655187787e-01	   5.4619917202591642e-02	   3.6824091294414218e-01	   4.4803007596476735e-01	   3.1212566861370700e-01	   4.4619567590422210e-01	   3.4428032162378752e-01	   4.5589672311080776e-01	   6.4916732519324460e-01	  -2.3955434642670012e-01	  -1.0254974987154566e-01	   7.7284953820197996e-02	  -1.3146958508033359e-02	  -2.2097106743786560e-01	  -3.4455001725948786e-01	  -1.5297985533671288e-01	  -4.6187791799143757e-01	   3.4450802153037130e-01	   1.7788814761914304e-01	   2.7633029223696320e-01	   6.3281255463761521e-01	   5.8507849658844568e-01	   9.3679828209007790e-02	  -4.0456794731105450e-01	  -2.1552026892118770e-01	
   9.6177581615306512e-02	   2.6428666204142759e-01	   2.0024007706757940e-01	   5.2459203440861757e-01	   5.0182938399916588e-01	   5.2140894073322031e-01	   4.8955244539808118e-01	   0.0000000000000000e+00	   6.6439791124458059e-01	   6.5363206133097196e-01	   1.7142852277415035e-01	   4.2062241678421142e-01	   2.6348558535741951e-01	   1.9879671144739569e-01	   1.5069714973668236e-01	   4.9563189836588017e-01	   4.6049989767606804e-02	   2.1597105359467955e-01	   3.7542632680281796e-01	   1.7569032756786379e-01	   1.8295341782503093e-02	  -3.9951556796134500e-03	   2.3395526204465800e-01	   2.0518862205987970e-01	   7.3276617108839398e-02	   1.7673311973854441e-01	   1.3809140298404499e-01	   5.8177368901224047e-02	   8.7859772162157124e-02	   3.7401902730949781e-02	   2.7606715940632520e-02	   2.5853397423710234e-02	   1.4491182137485009e-01	   2.8500863626796713e-01	   1.4455900542914790e-01	   1.3646637251308633e-01	  -3.5495901499142113e-02	  -2.8850139520340901e-03	  -5.0577787451540387e-02	  -8.3931250849355640e-02	  -1.8213113052158339e-01	   1.9342388694484658e-01	   1.6398267554129992e-01	   2.5735616899239577e-01	   2.4981452620580441e-01	   1.4993900512489181e-01	   2.1543210202632324e-01	   2.2034232736723458e-01	   1.6907070207407721e-01	   3.5596480768788208e-01	   2.4763875734513474e-01	   2.1341571258557135e-01	   3.5336670593939135e-01	   2.9698573149191781e-01	   2.2970163470003074e-01	   2.6502004769840992e-01	   6.0831921059775418e-02	   5.7935263906360140e-02	   4.6582895728893486e-02	   4.3191786597839299e-01	   4.3930005403898931e-01	   7.1121277700938790e-01	  -3.7997858029002289e-02	  -1.2195975025290712e-02	   2.3388246384002492e-01	   7.0501635384686567e-02	   1.4977009298903821e-01	   2.9444090619390424e-02	   2.7356772419642894e-01	  -6.0368972154160594e-02	   2.1506252984291679e-01	   2.9769263542714741e-01	   1.3973554508212283e-01	   3.0953055512058308e-01	   6.0797605619994574e-02	   2.4385481693369410e-01	   1.2712608417407717e-01	   1.6622417376897342e-01	  -9.1741923511581641e-02	  -6.1242543110820211e-02	  -1.4452779016076509e-01	   7.9180668918680003e-02	   2.8449656887354652e-01	  -2.7597046248344678e-02	   1.9622584156178113e-01	   4.3504701121314199e-01	   1.9960470693015964e-01	  -1.7421608938174463e-01	   4.3471589801125399e-01	   3.4730902366465910e-01	   4.6625136730832079e-01	   3.4962044899383865e-01	   4.2481304490102301e-01	   1.7921668250577921e-01	   1.5836909203509594e-01	   7.7287639916072667e-02	   1.7741157063935878e-02	   1.6821277395267473e-01	   3.7781565069205469e-01	   1.9158215046585125e-01	   2.4268897064328959e-01	   9.4858028633609023e-02	   2.1867632511209434e-01	   3.9866889288023025e-02	   2.3659348032196237e-01	   7.1067894988772626e-02	   2.2665606981701969e-01	   3.1179479593699183e-02	   3.3121482286000682e-02	   1.9063935085662936e-01	  -9.7294095566637873e-02	   2.1238918230826320e-01	   3.4531699928999959e-01	   4.5456504243352146e-02	  -2.5138625463381548e-01	  -2.8489790294845851e-01	
   6.9246591315594283e-02	   1.8901386258290026e-01	   4.0859887207142054e-01	   2.8835853635219044e-01	   7.6581886017405087e-01	   4.6621487467327349e-01	   6.3482271254116784e-01	   6.6439791124458059e-01	   0.0000000000000000e+00	   5.3987319965527658e-01	   1.9831762435498684e-01	   2.3750764299580546e-01	   3.1287203944948228e-01	   1.2295751959977677e-01	   2.9446839608294978e-01	   5.0282775696333482e-01	  -1.5736705226649231e-01	   1.3341876764295272e-02	   2.8590012046424290e-01	   5.0766634492381869e-02	  -2.9441254264235958e-03	  -1.3865445438578380e-01	   5.0850938583333938e-01	   2.9415519456144257e-01	   2.9636446079393663e-01	   2.0380184299146364e-01	   2.8196128274026749e-01	   1.1935097581593992e-01	  -1.2250928858639636e-02	   1.3587539612487765e-02	   1.0599843073534730e-01	   6.9101579479506264e-02	   1.9001051347463993e-01	   2.6048846974463985e-01	   1.8003764903109579e-01	   1.1542619776577026e-01	   3.4379047177254006e-02	   1.8938771389906191e-02	  -2.6696914237816265e-02	  -1.3609961317519223e-01	  -1.3262130390166316e-01	   1.0104991985391917e-01	   7.0951209912301763e-02	   1.3188974551534843e-01	   2.9414237283002054e-01	   2.7537835693458423e-01	   2.3691301395251632e-01	   2.9150219889318729e-01	   2.7550086029290721e-01	   5.0479647726253940e-01	   2.1790564789327865e-01	   3.5583095731983738e-01	   3.6336617689737993e-01	   3.6791798084430044e-01	   1.5516037634068980e-01	   2.7896875502162793e-01	   2.8244710103864350e-02	  -7.0352736528544405e-03	   1.5242443119238322e-02	   2.5095125791491524e-01	   4.6980483357831937e-01	   5.1439398311449647e-01	  -1.1570542862989025e-01	  -8.4416258602219400e-03	   4.2965458183944416e-01	   3.6257757049418610e-02	   1.6551980654170928e-01	  -2.1426940225279561e-02	   2.6327983875456684e-01	  -8.9951354002295231e-02	   3.2089550630175279e-01	   2.0388634786406029e-01	   3.8295845307467075e-02	   1.7869777523817953e-01	   8.2125834899654743e-04	   8.8316008542943289e-02	   3.1194369500465439e-02	   6.8351914070786932e-02	  -2.5443592436389317e-01	  -2.0885659298256384e-01	  -3.5606184924503070e-01	   4.6368465763372002e-03	   2.1768064466141418e-01	  -4.0478987451522799e-02	   2.2005041901042646e-01	   3.8754252324821181e-01	   2.4612451507239591e-01	  -2.5447473387081093e-01	   4.5330728248267360e-01	   4.8793987647572024e-01	   3.9357141809230206e-01	   5.9253748880429957e-01	   2.5929070500168705e-01	   3.1219522332337724e-01	   1.2767169396361300e-01	  -3.6924925314867747e-02	  -1.8938684706566948e-02	   2.0315510898786571e-02	   2.7493479875995552e-01	   2.8877677951602282e-01	   1.0814296288726073e-01	   1.2005035197219069e-01	   3.0184818503245114e-01	   1.0896593440925421e-01	   1.0402675337699309e-01	  -2.0725846890238775e-01	   1.4918684582833303e-01	  -1.7746838878702248e-01	   6.3826564794234163e-03	   1.6900074300400778e-01	  -1.0010469978730754e-01	   1.7156494437235620e-01	   1.6790042287787274e-01	  -1.2211094649259752e-01	  -3.4539635136766794e-01	  -3.4721801277430225e-01	
  -1.7745732157044930e-01	   4.6759081626668352e-03	  -3.9899286559474077e-02	   4.3870028431010261e-01	   5.1843540941675892e-01	   8.1920197051868193e-01	   1.6286889528430362e-01	   6.5363206133097196e-01	   5.3987319965527658e-01	   0.0000000000000000e+00	  -3.1062067346852862e-01	   1.0491578926632992e-02	  -1.7714815913519355e-01	  -8.4604634046833785e-02	  -1.4843039981097392e-01	   3.9274994459720680e-01	  -2.7134582653034278e-01	  -8.4070743556766275e-02	   3.8468651063550474e-01	  -5.9128817392214164e-02	  -5.4307080308199127e-02	  -1.4398115156907920e-01	   1.9169961330171845e-01	   1.2575229658993095e-01	   1.6474034096604676e-01	   2.9539566192581690e-01	   2.0477616946666705e-01	   1.0758524151328833e-01	  -1.8724103891487220e-01	  -7.9638310524071984e-02	  -4.6951061657399790e-02	  -6.0885197265985923e-02	   6.4527745801576636e-02	   2.7413662820767842e-01	   1.7558778607303807e-01	   1.9488502905612956e-01	  -2.1960595686586648e-01	  -1.6067872171403547e-01	  -2.8031907159719238e-01	  -1.1620481799446598e-01	  -1.7969756068304157e-01	  -1.5994482399790941e-02	  -3.5682547502906607e-02	   9.3367669766352222e-03	   1.0543443163747580e-01	  -1.7404341182632024e-02	   9.8084714475388024e-02	   1.5284114994882864e-01	   6.5738785986005299e-02	   2.7032623067771000e-01	   1.0210295501798468e-01	   1.5171273414309661e-01	   4.4058129587760697e-01	   5.7917763588527649e-01	  -2.5731000398336243e-02	  -1.6182938169611354e-02	  -6.0427297969638236e-02	  -1.4342825562780542e-01	   1.5319869249383783e-01	   4.0252273750136364e-01	   2.1897243980218356e-01	   5.7011277050882070e-01	  -2.9070729998284439e-01	  -2.2001802301570461e-01	   1.0171928540973865e-01	   4.1809671834305222e-02	   2.9356416038460004e-01	   2.3686996588268533e-02	   3.1174681528969489e-01	  -4.7217210074641927e-02	   9.1445910745019121e-03	   1.3720782594073327e-01	  -1.7594778871352554e-01	   3.0000109041770490e-02	  -2.8841192285462702e-01	  -6.0071011138800937e-02	  -2.1926589592625595e-01	  -7.1148904771555860e-02	  -1.7575558943436226e-01	  -2.9866880396307482e-01	  -2.4139645158557876e-01	  -2.2635610287728919e-01	   3.9335750085104981e-02	  -2.7724657398932523e-01	  -7.5723632331024318e-02	   2.6802864256435605e-01	  -1.6126770420136680e-01	  -3.0914604213301944e-01	   3.7038181206018211e-01	   5.0851750994267464e-01	   5.9266497356924219e-01	   2.7319525912566234e-01	   5.2697920680901833e-01	   7.8622937142709876e-02	  -8.2276120528357116e-02	  -6.2259036687928551e-02	  -2.6799373684140643e-01	  -1.8797727925158964e-01	   1.5177702861569609e-01	  -1.2762269831367679e-01	   5.7506762621108209e-01	   1.5064613857931194e-01	   3.8580903241375297e-01	   3.3332715663086243e-01	   4.3384539522266052e-01	   1.8614720936583976e-01	   3.9571852973065036e-01	   2.9063581244371434e-01	  -6.1541445287073837e-02	   1.1149933450758379e-01	  -2.2202003050385591e-01	  -1.3268234580466925e-01	   6.2395449997529875e-03	  -4.2522100408217696e-02	   2.5402643571166774e-03	  -1.0559454867845137e-01	
   5.8699459350754435e-01	   3.3349865333816964e-01	   5.1730873958826151e-01	   1.0805962891653437e-01	  -1.0299653001761297e-01	  -3.6653954638914221e-01	   5.0899677207254979e-01	   1.7142852277415035e-01	   1.9831762435498684e-01	  -3.1062067346852862e-01	   0.0000000000000000e+00	   4.4220748712522212e-01	   9.1066055812666968e-01	   2.6331301044883998e-01	   5.3805575125481642e-01	   5.0817777260715469e-01	   5.2823475631314243e-01	   2.4366797171251459e-01	  -1.7314898872780368e-01	   8.0815271128662505e-02	  -4.5223292157331434e-03	   1.1630900977449166e-01	   1.6402743421516949e-01	   3.1525441230713502e-01	   1.4441455916669518e-01	   1.5895611108808699e-01	  -3.6661035157699736e-03	   1.3865119201437759e-01	   3.1881427567913778e-01	   1.9957856410056612e-01	   1.0221403191636760e-01	   1.7455040378218162e-01	   1.8274076541862402e-01	  -6.0388009242092679e-02	   6.9639881979938312e-02	  -1.0006151272791019e-02	   5.3254419931206476e-01	   4.6898527940784784e-01	   4.9679073905395543e-01	   3.9377902156435707e-01	   2.4796643872295210e-01	   1.6664554848481267e-01	   2.8802178625015140e-01	   2.9828046853426693e-01	   2.2582995073464762e-01	   2.9829416310614126e-01	   1.8667654080181764e-01	   1.4870327837888056e-01	   2.1917311335259515e-01	   2.4561310899383110e-01	   3.1444330348812433e-01	   1.3940057687288399e-01	  -5.9474520633665581e-02	  -3.7640233669152462e-01	   5.8189119293322156e-01	   5.2580476713356461e-01	   2.7990361679101639e-01	   2.6973649037461850e-01	   1.4243622936373693e-01	   2.2094706863180733e-01	   6.6759360974602244e-01	   3.1817554855940755e-01	   5.4232294989046304e-01	   1.3543987702160498e-01	   4.8280446496409013e-01	   2.0947533085214612e-01	  -5.9615291768296247e-02	   1.8706905559727693e-01	  -1.2682606721576573e-01	  -6.9159137031497453e-02	   3.7983271505957750e-01	   1.3620110776109329e-01	   4.5720681756047354e-01	   3.5299666557774800e-01	   5.1996036247111055e-01	   3.5229903923750161e-01	   5.6241866433011856e-01	   4.6614725534111551e-01	   1.6287896970326424e-01	   3.4893958912472955e-01	   7.6228433521334085e-02	   5.1783289926400788e-01	   2.4568439435836031e-01	   5.3178601959997129e-01	   5.7405809783685280e-01	   5.1543455878807198e-01	   4.9107346803516760e-01	   4.2767645349412797e-01	   4.9921999378001647e-01	   4.4176317442436781e-02	  -1.4121869761780162e-01	   2.8108890486122295e-01	  -9.2489847227352137e-02	   4.6562075985254731e-01	   4.6792347663455058e-01	   3.6422630813446044e-01	   5.1240829434329871e-01	   4.9727364250145950e-01	   3.4637602884903251e-01	   6.4570736254118932e-01	  -3.6672008097313469e-01	   2.3500061855622041e-02	  -1.1724600232875873e-01	  -1.5792346800709250e-01	  -2.4508406246948422e-01	  -1.9444716320297695e-01	   2.2978294130970724e-02	  -3.6123818572491706e-01	   3.6791903934710157e-01	   2.1600909044939670e-01	   3.1734451518320450e-01	   6.1380474133254515e-01	   4.4955012618079221e-01	   2.6680596012069741e-01	  -2.7045380452053724e-01	  -5.8985270269673956e-02	
   3.5708796858934178e-01	   3.5716851993416632e-01	   2.5692805564588611e-01	   1.0801028101356866e-01	   3.6672841111705670e-02	  -2.7503662407378154e-01	   4.5586497887301602e-01	   4.2062241678421142e-01	   2.3750764299580546e-01	   1.0491578926632992e-02	   4.4220748712522212e-01	   0.0000000000000000e+00	   3.0333946676286705e-01	   8.0753736275038035e-01	   3.7031601210920118e-01	   3.8838318636071228e-01	   4.5186586711349430e-01	   6.5028972378724426e-01	   4.0818595396289148e-01	   5.6610012243511032e-01	   2.0744238833682902e-02	   1.3428993976124004e-01	   1.4299091710710360e-01	   2.4835916380059481e-01	   3.5768286170543589e-02	   3.2910072293528297e-02	  -1.7072473594661289e-01	  -2.3311337149945152e-01	   6.0447521710702368e-01	   5.3546491378221361e-01	   3.8265592868591408e-01	   4.0178325363567191e-01	   3.3160450220403170e-01	   3.9583099303714836e-01	   2.6648721504553891e-01	   3.0040867278676509e-01	   4.1116273619868138e-01	   4.4472933066273868e-01	   2.4632648371965576e-01	   2.4183471649844068e-01	   4.1132856187045019e-01	   4.4281597070751511e-01	   6.3112459407854560e-01	   5.0791977607492289e-01	   6.3375349415412585e-01	   5.2960808623779898e-01	   5.8911029626898337e-01	   4.6023464792903990e-01	   5.1757705268505649e-01	   3.5008394878387494e-01	   5.6613390784636153e-01	   3.9774254427834077e-01	   2.7226320886360172e-01	  -6.6854175224165271e-02	   4.4755447275416349e-01	   5.6577303330859097e-01	   1.1619746208678837e-01	   1.8448187874372279e-01	   1.7270394201035169e-01	   1.7783369907119356e-01	   2.5681794080006681e-01	   1.2683504595516601e-01	   3.6349841219419016e-01	   4.1711855462430181e-01	   5.9125580191664806e-02	   1.1996606684740710e-01	   2.3172006620518143e-01	   3.4284062753065525e-01	   9.4066015368018840e-02	  -4.8109040871549671e-02	   4.6286385488496862e-01	   5.1086306694303640e-01	   6.3527525123647499e-01	   6.9444504333636758e-01	   5.2385081450843640e-01	   6.0835291044016337e-01	   6.2259610462355575e-01	   6.5100213299773357e-01	   2.9483939314122282e-01	   4.3739181360115664e-01	   2.8452826010445453e-01	   4.7997051775278865e-01	   5.2820895657599876e-01	   4.5591484135189675e-01	   3.0657099864048321e-01	   4.6536452581289228e-01	   3.3583410983672468e-01	   1.5012725715374745e-01	   1.2265594334256487e-01	   1.0807339489339288e-01	   2.1721447545253358e-01	   2.4678656384357067e-01	   1.4507397045726372e-01	   3.2657382989373346e-01	   4.0784952688311160e-01	   3.5620238675658805e-01	   4.1985538984948556e-01	   4.6511967418547961e-01	   6.3727173498418654e-01	   4.6903092339513808e-01	  -4.3852414841255238e-02	   1.3280776964846631e-02	   1.2979229211101256e-01	  -1.5265333706304046e-01	  -1.1841933842062653e-01	  -1.6027996562375438e-01	   1.7760009071973407e-01	  -3.2623998635047846e-01	   1.3678310285891798e-01	   1.4090484119758362e-01	   3.1447997027634156e-01	   6.1040221257604244e-01	   5.5724978146238546e-01	   1.0990853153014146e-01	  -3.1838068450864759e-01	  -3.1740274269624080e-01	
   4.1653999881136050e-01	   2.7417943347831242e-01	   5.9474983897950873e-01	   1.8320694519886943e-01	   1.4407997496286603e-02	  -2.2849821183276825e-01	   5.5547782155734793e-01	   2.6348558535741951e-01	   3.1287203944948228e-01	  -1.7714815913519355e-01	   9.1066055812666968e-01	   3.0333946676286705e-01	   0.0000000000000000e+00	   2.3201922753765647e-01	   6.0027202494272092e-01	   5.6166739496461715e-01	   3.2399430096350323e-01	   1.7726760705130637e-01	  -1.9082773058424138e-01	  -3.2247524318518486e-03	   5.4275148947988447e-02	   1.4704503285814852e-01	   3.2600721470454763e-01	   4.5867916377869833e-01	   2.7578684993651531e-01	   2.3919797295172240e-01	   1.7077863673187491e-01	   2.9618481344566772e-01	   2.0770392107130042e-01	   1.6122850862735078e-01	   1.5444762126975889e-01	   2.0976166150170367e-01	   2.7007030833822332e-01	   8.1306589407989863e-03	   1.6324111382657258e-01	   2.3860989355330472e-02	   4.7275263479882917e-01	   4.6018429052436188e-01	   5.0307876284777131e-01	   3.4764628939435016e-01	   1.7660246681237440e-01	   1.7363500208258675e-01	   2.0435341543709756e-01	   2.6773619369852492e-01	   1.7698962230116388e-01	   2.3102747858188166e-01	   1.3590909124259021e-01	   1.5965533030654669e-01	   1.0863643495818076e-01	   2.5444422176721981e-01	   2.2551371496191994e-01	   1.1784586608638056e-01	  -6.0454063798944607e-02	  -1.8697373923249225e-01	   5.3115912447822344e-01	   4.7226612672489843e-01	   1.5360044702586528e-01	   1.4928162922360982e-01	   7.4828551390057757e-02	   2.2692824737263656e-01	   6.9138237320931872e-01	   4.4354549855391123e-01	   3.6101863797930972e-01	   1.7331917003947834e-02	   6.5449125392041396e-01	   2.4400024423372688e-01	   8.7822503984187790e-03	   1.2188568773591196e-01	   2.0543712160105980e-03	   3.8924710772965301e-03	   2.7425316922086773e-01	   5.1864986678728110e-02	   2.9079606528056856e-01	   2.3468161994507947e-01	   3.6966643316267445e-01	   2.4021924054010946e-01	   4.8004832763828686e-01	   3.9039598630629341e-01	   1.1036225447179226e-01	   3.2618575548892870e-01	  -6.1324852187969375e-02	   4.7001417283856084e-01	   2.6458736699618768e-01	   5.0973708913347293e-01	   5.8031327135058175e-01	   5.0763678786358835e-01	   4.0007920624046001e-01	   4.4107298417156032e-01	   6.2905356801797874e-01	   1.7847413902485348e-01	  -7.7938798605323503e-02	   3.5872351395257385e-01	  -1.6344487906645579e-02	   4.3982916266556227e-01	   4.5212642226289051e-01	   3.0089731971776207e-01	   4.6812861510665260e-01	   4.4145147479180663e-01	   2.6035384889398666e-01	   6.0034656464790737e-01	  -3.0311422999794690e-01	   3.8386819295619115e-02	  -8.0394516621174736e-02	  -4.5692358907695532e-02	  -2.3092662653115431e-01	  -1.7490294529332784e-01	   4.1216593377579477e-02	  -2.7473589012389954e-01	   3.1685991485172726e-01	   2.3841050077515169e-01	   2.6371941943189769e-01	   5.1540341568593340e-01	   3.6171448177052429e-01	   2.9409974381132803e-01	  -2.2329291883003025e-01	  -7.9857743485380578e-02	
