   0.0000000000000000e+00	   7.0696120958861663e-01	   4.0968540465640080e-02	   1.4080545903278846e-01	  -5.8452782525836293e-02	  -4.6635196871636165e-03	   2.0201317762128867e-02	   1.5057915989700088e-01	   1.3887405775248368e-01	   8.9840237075147125e-03	   4.2264128003390428e-01	   5.1354042887623041e-01	   2.1329952782978606e-01	   1.8267920817775085e-01	   9.9492058141727097e-02	   4.4463668617979679e-02	   4.8982042551428828e-01	   5.4358427549838839e-01	   6.7246807191103675e-01	   7.2795464103155283e-01	  -1.3007652821406843e-01	   6.7963620959008375e-02	  -2.4038841199283903e-01	  -1.4737831039193400e-01	  -3.3358630744171119e-01	  -2.5081142098963971e-01	   7.6453660863506183e-03	   3.9032198821586858e-02	   4.8600451055491906e-01	   3.6565549017014715e-01	  -2.0611797201851761e-01	  -1.6139007184254528e-01	   2.9309278330821267e-02	   2.3990742742620597e-01	  -2.2091611670710110e-01	  -1.7120315065773908e-01	   3.8302227784473031e-01	   3.3874254563301265e-01	   3.7439777796588980e-01	   2.1254107256498678e-01	   3.2697131645591498e-01	   3.3655155257070468e-01	   1.6616967549578063e-01	   2.1846451077976672e-01	   1.7245910781365859e-01	   2.0537900410208101e-01	   2.8333535783085506e-01	   1.7452704176040185e-01	   2.1307569189085609e-01	   2.6515898575340874e-01	   2.3979212773942138e-01	   2.6178235363679320e-01	   3.8685263270690828e-01	   3.3030382184780258e-02	   4.4913459465429489e-01	   5.1994423985896487e-01	   8.2539243773154147e-01	   8.4180453552343226e-01	   4.2558668053865689e-01	   2.2474752085752062e-01	   1.9147827056256211e-01	  -5.2300143016927501e-02	   6.7500808515534416e-01	   6.2941025765775782e-01	  -2.7873088337449142e-01	   2.2420957168267773e-02	  -1.0455652503384089e-01	  -2.5657356539447958e-02	   3.6318545245398604e-01	   4.8361395104658933e-01	  -2.8259689503554994e-02	   1.4303988060719575e-01	   3.6359567957694827e-01	   2.6362877368113263e-01	   3.2654879648937285e-01	   2.5817720352778450e-01	   4.5125330880156767e-01	   3.4701104186671422e-01	   3.6028773622183685e-01	   4.1390581834799228e-01	   5.4976265634280597e-01	   1.9621288759265332e-01	   2.8040205615702263e-01	   2.7545297282995512e-01	   1.9497903592280952e-01	   4.2891889118767612e-01	   5.5979914164758088e-02	   2.3920704738423124e-01	   3.8373027202528892e-01	   2.1096103549219164e-01	   4.6889179693964778e-02	  -2.8423171601035702e-01	   1.1401055764659360e-02	   2.0574213248068468e-01	   2.2628521272081753e-01	   3.3066580048598393e-01	   3.4255954180555453e-01	   4.4912175337935956e-01	   3.6877174940247215e-01	   2.3471892533020902e-01	   3.1651233849589988e-01	   2.1441851574461074e-01	   4.0873094577869851e-01	   5.1083532057916514e-01	   2.4193695424581785e-01	   1.8647861570742372e-01	   3.7945662696250326e-01	   3.0489184417515769e-01	   2.0778478371425962e-01	   3.6502354586017927e-01	   4.3809619976299208e-01	   2.5811560079805362e-01	   2.0567342214437603e-01	   1.1595495356400595e-01	   1.7117335153016527e-01	   2.7900710871454198e-01	
   7.0696120958861663e-01	   0.0000000000000000e+00	   1.8595296049659960e-01	   1.6025573186724801e-01	   1.7445289609956122e-01	   4.6148585938171859e-02	   9.6883291605061039e-02	   7.4570566453020293e-02	   1.8397097068954726e-01	  -8.8389720601695439e-04	   3.3487619165399163e-01	   4.6476211836913911e-01	   2.3364981761294340e-01	   2.4713524303421680e-01	   2.2435346124996869e-01	   1.3862303749550903e-01	   4.6751528187210023e-01	   6.1363804332614225e-01	   4.1037590645440375e-01	   5.9181284886438557e-01	   4.7284120929067121e-02	   2.0563102249772658e-01	  -1.4381845077581043e-02	   2.0681808964500281e-02	  -1.0542940579608792e-01	  -4.2001879446358970e-02	   7.0095439773700238e-02	   1.1545043413165405e-01	   3.9353417325589929e-01	   4.3162124943680991e-01	  -4.5968882385031253e-02	  -1.3469760574552462e-02	  -1.1663033590362288e-02	   1.4804640055405510e-01	  -1.4614164719744338e-01	  -1.8717046000326712e-01	   3.4722881899091801e-01	   3.6262428238929117e-01	   3.2552953613214297e-01	   1.8401901331922615e-01	   2.4865195267973361e-01	   4.7415521060067822e-01	   5.2582517728169853e-02	   8.6503800808799033e-02	   4.9776185013121137e-02	   8.6643903817336151e-02	   1.6010520755542335e-01	   6.0838355016173712e-02	   3.9358922090259769e-02	   9.2723281264999735e-02	   9.2286755711975657e-02	   1.1602994640247316e-01	   2.9872893820866342e-01	  -2.1202876814564682e-02	   2.7645033607326380e-01	   2.6880039494693159e-01	   7.8500484874005461e-01	   7.8739603411238734e-01	   1.4881533424775500e-01	   2.2306160605413194e-02	   1.9153523712520909e-01	  -2.0698580776190616e-04	   4.9480291830310430e-01	   4.8779506670155670e-01	  -6.6750086591561994e-02	   3.6187237532854910e-02	  -1.4008989882990791e-01	  -1.2236255966495455e-01	   4.4349001530873072e-01	   5.6370559118074182e-01	  -3.3279430564943702e-02	   1.6773977798030565e-01	   2.4636093686672172e-01	   2.8825695183096356e-01	   2.7801147214530331e-01	   2.8749169859447216e-01	   1.8214998871797350e-01	   1.7940462697615334e-01	   3.8072394921228486e-01	   6.0493210195975122e-01	   5.5903665674891223e-01	   3.2100678055004322e-01	   2.6729815132439033e-01	   2.9186979320846707e-01	   2.6258235820159459e-01	   4.0247483008020846e-01	   2.3184323433854755e-03	   1.6242649555498781e-01	   3.8284148110003857e-01	   1.5400860854522547e-01	  -1.2452946774466339e-01	  -1.8853138830392044e-01	  -1.6640942559671751e-01	   1.3775813991647706e-01	   8.8457569567272409e-02	   6.9890405615841061e-02	   1.9826344212444716e-01	   2.5552271744185379e-01	   8.6173758777354087e-02	  -2.0184252039376321e-02	   1.8094394331201880e-01	   1.5514996550516907e-01	   2.0727872025285207e-01	   2.0981675591633750e-01	   3.4401869880211468e-02	  -3.2528053105955419e-02	   1.6852382334793975e-01	   3.1557995776027853e-01	  -1.7542380299047416e-01	   7.6598081490189096e-02	   2.4586690617876233e-01	   3.1662587887472476e-02	  -4.4308917306324913e-03	  -2.5732546421587288e-02	  -2.7985680072867038e-02	   2.3148097708183549e-02	
   4.0968540465640080e-02	   1.8595296049659960e-01	   0.0000000000000000e+00	   6.0841131344714128e-01	   6.9652249438042124e-01	   2.1997489747327925e-01	   8.2157407962840523e-01	   4.2199568485597561e-01	   4.1372905244026381e-01	   1.6323990478888167e-01	   3.5940698606937316e-01	  -8.7440232396374350e-03	   6.6462969465435406e-01	   5.3243276945223206e-01	   7.1936104956912927e-01	   7.1087828859753222e-01	  -2.6354185931066587e-01	  -1.4361035952963580e-01	   2.1513017444518046e-02	  -2.9686265035250216e-02	   4.5653809355125585e-01	   4.9832441329027033e-01	   8.3033496109799620e-01	   8.2359518122460207e-01	   7.8502586749669523e-01	   5.7186531531143614e-01	   4.7238590296179228e-01	   4.7011261653342074e-01	  -2.0452212768599179e-01	  -1.0744799368909572e-02	   5.1064039218610047e-01	   5.6975239147614720e-01	   6.2223792438494030e-01	   5.5810479663241652e-01	   6.6124671228192178e-01	   5.5250137495238261e-01	   4.6094085498747883e-01	   3.6860519230761546e-01	   4.8558920388846150e-01	   1.9531280393570150e-01	   1.3202665006402070e-01	   3.9699727196392115e-01	   1.9962633036367938e-01	   1.7813310748014877e-01	   2.3555244676663178e-01	   2.2991641368591648e-01	   1.1813322287197978e-01	   1.3254543303136210e-01	   1.5507150288193733e-01	   1.3897248428801820e-01	   1.8208350757519431e-01	   1.8652895166305009e-01	   2.3346291622723536e-01	   4.1454740087238040e-01	   2.9901684777834364e-01	   1.5645591913300652e-01	  -4.6062373009345325e-03	  -3.5974685876729293e-02	   2.9288260774410912e-01	   3.7270368062611275e-01	   6.1024530916420927e-01	   6.0011106498009781e-01	  -2.5268174870272986e-01	  -1.7040843746286335e-01	   7.3025422191332567e-01	   5.9929536036311026e-01	   5.8475650411606594e-01	   4.6591883114454347e-01	   5.8897969478222900e-01	   3.2842680738975927e-01	   2.4232960541924187e-01	   1.9040542470907523e-01	  -2.6631854147124098e-02	   1.3730395077959624e-02	  -1.8225733304917616e-02	   1.6803482762429670e-02	  -1.0338723428786345e-01	  -1.1583900088641041e-01	  -1.2889663737143658e-01	   1.4974314954018747e-01	  -5.8901677549625664e-02	   5.2424961692806116e-01	   4.3175110525721017e-01	   4.8271985756700975e-01	   6.6644716191882947e-01	   4.9130303332218661e-01	   4.6975685057514016e-01	   4.9081563421723329e-01	   7.2266918648033696e-01	   4.6774048502411525e-01	   2.7193382427516399e-01	   4.8690535394886025e-01	   1.6060389717126458e-01	   2.9283590489483480e-01	   1.4694880199115001e-01	   1.1162965642371885e-01	   5.4678678422751585e-02	  -5.6447801111091420e-02	  -1.3828499515450510e-01	  -1.1975228107117635e-02	  -1.5819732998724301e-01	   5.9025612894916063e-02	   6.9938840260978560e-02	   6.6810429146510761e-03	   1.1638977542326329e-01	  -1.0312730987074842e-01	   7.7272623441032764e-02	   2.9337150848853311e-01	   1.3774479907963227e-01	   1.2578466149931988e-01	  -5.1743949609710613e-02	   1.5993379695068692e-02	  -1.1355742847079114e-01	   3.1557990162932170e-01	   1.3033300608301146e-01	  -9.5523870776504427e-02	
   1.4080545903278846e-01	   1.6025573186724801e-01	   6.0841131344714128e-01	   0.0000000000000000e+00	   5.5975983722983924e-01	   4.7607196475885627e-01	   7.5348064553518856e-01	   8.6152337334480378e-01	   6.6476025802867000e-01	   5.2009953431025535e-01	   5.7698520737443904e-01	   3.4317062630210499e-01	   7.6864758465045191e-01	   7.3885438805403680e-01	   4.6780363964399008e-01	   6.6374556282145447e-01	  -2.3879094972496973e-01	  -1.7731777288935421e-01	   1.6764538437248097e-01	   2.6952952980139927e-01	   8.1909856428166866e-02	   2.3709285852330730e-01	   5.1869622941269355e-01	   7.3449053163291866e-01	   4.0515053576653487e-01	   4.5332203089875017e-01	   4.2763385479741500e-01	   4.3209528893119142e-01	  -2.0001419070603160e-01	   9.4288028697989051e-02	   2.3245544830714282e-01	   4.1756206518206318e-01	   5.5179827850294738e-01	   7.1699335972166844e-01	   3.4826160797462952e-01	   4.0606842318955177e-01	   3.9881281041222094e-01	   4.8827399331843069e-01	   4.5985135284726297e-01	   2.1070744103314806e-01	   9.4257156693652130e-02	   2.2701824080251659e-01	   3.3116765359774103e-01	   3.0240499052862935e-01	   2.6973683028906492e-01	   2.7113411008816135e-01	   2.2724285861174426e-01	   2.4887163603443374e-01	   2.9015580953830622e-01	   2.4989289915331947e-01	   4.4911356954183507e-01	   3.5617136750767397e-01	   4.6560809482384979e-01	   5.0578868523080389e-01	   4.8609650388994613e-01	   2.9892065986518901e-01	   9.2137040003722304e-02	   1.7120465294965725e-01	   6.2175145865706560e-01	   7.7781514457982515e-01	   7.6068755919542341e-01	   7.9336548770741344e-01	   6.4644517517716521e-02	   5.1024550682897213e-02	   5.4784347821211643e-01	   7.7834403463819068e-01	   5.1255992829976127e-01	   5.2273130502772336e-01	   5.8568979982891434e-01	   4.1624731767927814e-01	   2.0383834547822977e-01	   2.8584709459041785e-01	   2.6681108433869272e-02	   1.9433206797239994e-01	   8.3452000276784365e-03	   2.4413769617616185e-01	   1.7636352081227591e-01	   2.6871818882682391e-01	  -1.1012963794338053e-01	   4.9505253968072357e-02	  -1.2081282579940859e-01	   5.0444383082683619e-01	   1.0815556590770906e-01	   3.1554344215376301e-01	   5.9077622659610141e-01	   6.2628339678847389e-01	   1.6825336241329242e-01	   2.8721098413092727e-01	   7.5657972348118496e-01	   4.8907292424429927e-01	   5.7812930469972812e-01	   3.8146364410295797e-01	   4.4868230286171668e-01	   4.4348606573144195e-01	   1.3619075680777926e-01	   4.3916723484763315e-01	   1.4691200394293641e-01	  -4.8518664372562734e-02	   2.3651829292625307e-01	   2.6722949950895852e-01	   9.7302301129460381e-02	   1.3325830803611630e-01	   4.6535016100256249e-01	   3.1393665911620272e-01	   1.9721908356458867e-01	  -5.3329053646229960e-02	   6.0751382002602994e-02	   1.8499673802413713e-01	   2.5221235298570688e-01	   3.3084907368866512e-01	   1.2934676748600960e-01	   3.6955985233704169e-01	   1.6101430395696933e-01	   4.2189537476857397e-01	   1.5591451834848064e-01	  -9.5422122299804485e-02	
  -5.8452782525836293e-02	   1.7445289609956122e-01	   6.9652249438042124e-01	   5.5975983722983924e-01	   0.0000000000000000e+00	   6.4267953241444242e-01	   8.1215541451723583e-01	   4.4648744001236096e-01	   6.9730196648750553e-01	   4.9193425547318481e-01	   3.8684402758395048e-01	  -8.6369683655996426e-02	   6.2780484634904676e-01	   3.1972515525476386e-01	   3.9486076187167973e-01	   4.4526390550788569e-01	  -2.4056277813567803e-01	  -1.5693815449114765e-01	  -3.3132477251028421e-02	  -7.0501622739369135e-02	   4.9127931542958170e-01	   5.8723237300532372e-01	   5.0756545077539639e-01	   6.2195209247370542e-01	   6.7542910801522482e-01	   7.8253816217338268e-01	   7.7959088721167302e-01	   7.6883792826489850e-01	  -2.0563712383391289e-01	  -3.1524561589977004e-02	   2.0297195245942914e-01	   2.0914109068321493e-01	   4.1300666905007233e-01	   4.0637254884181662e-01	   5.3580370511293207e-01	   5.2895771264768920e-01	   4.3639024542074478e-01	   5.1496588505752527e-01	   3.3524866027034594e-01	   3.5384092606282391e-01	   1.6289149020516958e-01	   3.7753747451265512e-01	   3.7335205353967726e-01	   3.4979274966403179e-01	   3.6509497004769587e-01	   3.7390491439005102e-01	   3.0708561676923180e-01	   3.3012670273328343e-01	   3.6827646274382952e-01	   2.8292246432660517e-01	   4.7204780902708443e-01	   3.9026408121131878e-01	   4.5888827217613892e-01	   4.9768748660030832e-01	   4.5162281681561156e-01	   2.2217775632466860e-01	  -8.8541899136043434e-02	  -6.2702057235778208e-02	   4.0108890972468147e-01	   4.2230637350529210e-01	   5.6289816322350394e-01	   5.9758538279429207e-01	  -1.1554043746657855e-01	  -6.5334807087680261e-02	   6.9550826413018207e-01	   6.8316872224220959e-01	   7.0321758634836407e-01	   6.0012025738241126e-01	   5.7741180434232131e-01	   3.9677294695823440e-01	   1.9336759244750479e-01	   1.5304043503127146e-01	  -3.1845624985437679e-02	   8.7181438539682715e-02	   6.4946067908512622e-02	   1.6663946407680039e-01	   3.0215992215680970e-02	   9.6625352495570124e-02	  -1.5234672250055498e-01	  -5.3045183424917982e-03	  -2.3155598048840972e-02	   5.2750680050389820e-01	   1.7771948230913340e-01	   2.8364053586416244e-01	   6.6497963777960090e-01	   5.2982691853751684e-01	   1.4627742119340115e-01	   1.8833896832343805e-01	   6.5755156759925815e-01	   4.9595320020917466e-01	   3.2152571546620295e-01	   5.2603949306309072e-01	   1.9549953317847452e-01	   4.7423522190923234e-01	   1.7229138599202870e-01	   3.1702365336781496e-01	   2.0449491117213664e-01	   4.5212967285699242e-03	   2.3940113224714378e-02	  -2.0620392622760005e-02	  -5.7556133954029975e-02	   1.9796776342649519e-01	   1.8577716142272338e-01	   1.5194706772179517e-01	   1.3796307857517195e-01	  -8.6054616696174049e-02	  -1.2040454567351211e-01	   2.7625950887576223e-01	   1.8725569434191311e-01	   2.0599176837962602e-01	   6.1413906668895554e-02	   1.3098800947606298e-01	   3.4480242561059193e-02	   4.4020712835695214e-01	   2.0495290904187563e-01	  -1.2380388210354504e-01	
  -4.6635196871636165e-03	   4.6148585938171859e-02	   2.1997489747327925e-01	   4.7607196475885627e-01	   6.4267953241444242e-01	   0.0000000000000000e+00	   4.4768035428787167e-01	   5.6925887397279606e-01	   6.2347817129572158e-01	   8.8370932200167129e-01	   4.3227102740506113e-01	   4.4093559413794524e-02	   4.6026695780029014e-01	   1.1766909851428267e-01	  -9.7926586040961976e-03	   1.3722434558043206e-01	  -5.7359073930652690e-02	  -1.5181032079959841e-01	  -3.0190179276697270e-02	  -1.0849314585377431e-02	   1.9952302460572979e-01	   4.5206149879392771e-01	   1.1247941030028386e-01	   3.4141755686150077e-01	   3.9238494671474655e-01	   7.8777915991191583e-01	   8.7090119432517121e-01	   8.7940376275937426e-01	  -1.4235403905267913e-01	   4.4097895377955831e-03	  -1.4314189701364793e-01	  -1.6227468031056549e-01	   1.8131395350445872e-01	   2.7378181769183546e-01	   3.3075301799383450e-01	   4.8025155281079268e-01	   2.2044482959350142e-01	   4.6150222292981902e-01	   7.2843139331799756e-02	   3.2146690420850854e-01	   2.1430488005527515e-03	   1.3840982900526150e-01	   7.0438720298069868e-01	   6.9131233505866074e-01	   6.5305328113904004e-01	   6.8542159509938483e-01	   6.4024976174424775e-01	   6.3000039718283496e-01	   7.4592101677415523e-01	   6.8359321451115695e-01	   7.9002363671336440e-01	   7.4576876968307515e-01	   7.6475823215296601e-01	   6.8071837481581188e-01	   6.3711749573042142e-01	   4.1913732347563715e-01	  -1.6237970279380006e-02	   7.8332948797556784e-02	   5.2829949977290580e-01	   6.2514350072327396e-01	   3.3121916233065313e-01	   4.2422426517601153e-01	   1.4065244685466044e-01	   1.7884471785921446e-01	   3.0670429802149912e-01	   6.2345304753664621e-01	   6.6119758180454302e-01	   6.9985051728164704e-01	   3.9842914591637985e-01	   3.0284370221810564e-01	  -9.1198429167085537e-02	   8.4015778076211800e-02	  -3.7280622747209086e-02	   1.5343854653542086e-01	   6.0610811023819600e-02	   2.2126604854474499e-01	   3.7726021248985123e-02	   2.4093318059767041e-01	  -1.3086276945254960e-01	  -2.8378965367119542e-02	   7.2308738759984961e-02	   4.7165989983684381e-01	  -5.7112737409283465e-02	   6.5196912278267252e-02	   4.8384721038225675e-01	   6.0182313417019717e-01	  -2.8902649608527375e-01	  -2.3129063508049214e-01	   4.8590679852553609e-01	   4.9893559411323257e-01	   2.9952360409579271e-01	   2.5945213082995394e-01	   1.3664415046377767e-01	   3.9890060045391884e-01	  -7.7815204960427105e-03	   3.4567862573231956e-01	   1.0332825161899328e-01	  -5.0090682086698216e-02	   2.3916786365341122e-01	  -3.7337912705712954e-02	  -5.8489468071458557e-02	   2.2472153730649333e-01	   2.0291888270502945e-01	   2.4172063270813895e-01	   2.3036394843846225e-01	   6.7659357878140161e-03	   3.5212815445236037e-02	   2.5955043599614847e-01	   5.3593201668299964e-02	   1.3973309154648533e-01	   8.5364052262476148e-02	   2.6817676444666638e-01	   1.2664759411436810e-01	   4.9184141736506504e-01	   3.3224484098075402e-01	  -7.0387711516055690e-02	
   2.0201317762128867e-02	   9.6883291605061039e-02	   8.2157407962840523e-01	   7.5348064553518856e-01	   8.1215541451723583e-01	   4.4768035428787167e-01	   0.0000000000000000e+00	   6.2819433429462246e-01	   6.5970201236910131e-01	   4.1796838049218077e-01	   5.8421519308512160e-01	   7.0789379542679248e-02	   8.2330827091081882e-01	   5.5082691975768294e-01	   5.7452728282537269e-01	   6.3333469004743137e-01	  -3.6837244536866087e-01	  -2.7405609643114631e-01	  -6.5014097355371638e-03	   2.3178903509850315e-02	   4.3638577530755929e-01	   4.9186446851861310e-01	   6.2534858917579716e-01	   7.4609686470962688e-01	   6.5666755497876672e-01	   6.1262896076224205e-01	   6.0399088456500305e-01	   5.8986841371058263e-01	  -2.6175333302816495e-01	  -6.2125523547302525e-02	   3.1130684877531717e-01	   3.7877298133226256e-01	   6.0048222351541403e-01	   5.5846756944118037e-01	   5.7339986001219423e-01	   5.4754274323348562e-01	   4.6497416052012192e-01	   5.0401171956864066e-01	   4.6467962397123747e-01	   3.8793519470079874e-01	   1.5209078024987319e-01	   2.7855952602385547e-01	   2.8287658417970929e-01	   2.6278570515902161e-01	   2.8207113897786518e-01	   2.8069783755289368e-01	   1.8691355957554040e-01	   2.3436808990033714e-01	   2.7044715735536617e-01	   2.0912892817726345e-01	   3.7525006614175149e-01	   2.8949770025251154e-01	   3.9490846249035860e-01	   5.1316407086123506e-01	   4.2982386120655186e-01	   2.5637433607378013e-01	  -3.4439978440714704e-02	  -2.9686975768793106e-02	   5.7536438640996102e-01	   5.9006177744846089e-01	   8.1497310868402806e-01	   7.4749602880419763e-01	  -9.4198556893801619e-02	  -6.9616735251264925e-02	   7.4549584243609524e-01	   7.6024411675116221e-01	   7.1529158846319141e-01	   5.8741157413309730e-01	   6.0072047105578119e-01	   3.4754482376959178e-01	   2.2287432042301639e-01	   1.6210108255538314e-01	  -4.5557621778820979e-02	   1.7877458855290858e-02	  -3.6921223326749172e-02	   6.5800478967207032e-02	   3.7162740799745464e-02	   5.8179708766446972e-02	  -2.5939751884591788e-01	  -6.6598681982715638e-02	  -1.8201889918556979e-01	   5.0261145629743320e-01	   2.6449449021861365e-01	   3.9149435805922445e-01	   6.6100499113900757e-01	   5.6773390221630182e-01	   3.1047568047088675e-01	   3.7926022113759106e-01	   7.5257082572562739e-01	   5.4710752856949130e-01	   4.9793046754195430e-01	   6.2655696339371003e-01	   3.6683257982866002e-01	   5.4284495509083808e-01	   1.8107524421683854e-01	   3.5509323096930068e-01	   1.9066576904928872e-01	   1.3632134229427941e-02	   7.8916738794415534e-02	   1.8208925025294387e-01	   4.2586363500742554e-02	   2.1627198397235645e-01	   3.7973370894463615e-01	   1.7732678443868630e-01	   8.3561192380921578e-02	  -1.4604469271814455e-01	   1.3954488226075527e-02	   2.4211956148233438e-01	   2.8174164036744631e-01	   2.3821024286719750e-01	   4.5182143611104286e-02	   1.6489440907288405e-01	   5.3633917512507255e-02	   4.5255434237789899e-01	   1.4596729421824517e-01	  -1.9639972812733436e-01	
   1.5057915989700088e-01	   7.4570566453020293e-02	   4.2199568485597561e-01	   8.6152337334480378e-01	   4.4648744001236096e-01	   5.6925887397279606e-01	   6.2819433429462246e-01	   0.0000000000000000e+00	   6.8819858407217560e-01	   6.6743814547657221e-01	   6.3789564829137024e-01	   3.5977618286891366e-01	   7.7715551017212581e-01	   7.3856150113839480e-01	   3.1730666421294190e-01	   6.0997436911204206e-01	  -2.0479869685139424e-01	  -1.9324560246735711e-01	   1.6902860089424443e-01	   1.7151054183299347e-01	  -7.0552039360818816e-02	   1.3085333651096265e-01	   4.4021289750803511e-01	   6.5727515026573391e-01	   2.9130308267854660e-01	   4.1123203138278908e-01	   4.2115464786994550e-01	   4.4133942776578339e-01	  -2.2121168605393593e-01	   5.1263330329665978e-02	  -2.1169458320936057e-03	   1.7549476150138035e-01	   4.5233352964045637e-01	   6.5453278526119363e-01	   3.7307776718716767e-01	   5.1070540693529387e-01	   2.7668275696743738e-01	   3.6545262899498299e-01	   3.0017833906324320e-01	   1.1873889838175677e-01	   4.7396237895129062e-02	   1.2055949737651112e-01	   5.3544396811389805e-01	   5.0892956108047782e-01	   4.6338214786179655e-01	   4.6725084422430119e-01	   4.1549409837505658e-01	   4.2402444255743515e-01	   4.6209644494181168e-01	   4.3404283762287499e-01	   5.8745753092015252e-01	   5.0516753361945210e-01	   5.9088588144001553e-01	   6.5108029265172229e-01	   5.5083818190138079e-01	   4.2933475075364069e-01	   2.1767847410857678e-02	   1.1961240591727626e-01	   5.5289698100685070e-01	   7.7031547685512081e-01	   6.9190122823711619e-01	   8.2096802406940039e-01	   1.2492582834713305e-01	   1.2941480686320062e-01	   4.6482623475722862e-01	   8.2558022506059814e-01	   5.6228122999391916e-01	   6.3166139029945223e-01	   4.2273917825051333e-01	   2.0032223314360020e-01	   4.4320559276120428e-02	   1.9505994513392921e-01	  -5.3327683148412020e-02	   1.3439313293661953e-01	  -3.3947231889948762e-02	   2.0946452659724785e-01	   1.8805847015584315e-01	   3.3928385997255378e-01	  -9.5936793382480595e-02	   5.8645198802518644e-02	  -7.2270589022310594e-02	   5.3078899722352801e-01	   1.2433472615775554e-01	   2.6187315794275401e-01	   6.3051518289120578e-01	   6.4587574315213270e-01	  -2.9400158099557958e-02	   1.3116262199350454e-01	   6.8142352019712726e-01	   5.4023401409020821e-01	   5.4965196784153136e-01	   3.2740654148799286e-01	   3.7820337812999427e-01	   3.9064526784362108e-01	  -1.1154936754276205e-03	   4.1292441280987008e-01	   8.3842517853168256e-04	  -1.0545241759425572e-01	   2.7084850879675637e-01	   2.2523871925017175e-01	  -1.3421208429122294e-02	   9.5679752816168806e-02	   3.6726467667658175e-01	   2.1017870481586182e-01	   1.5624919419212011e-01	  -8.8988813275587123e-02	   9.3028348017222970e-02	   2.3181965457934892e-01	   1.7694066397927605e-01	   2.5811578887131614e-01	   5.2982346980176578e-02	   3.8972091695296235e-01	   1.9756264216836872e-01	   4.0503092107027705e-01	   1.1860821901623481e-01	  -1.0762058823853381e-01	
   1.3887405775248368e-01	   1.8397097068954726e-01	   4.1372905244026381e-01	   6.6476025802867000e-01	   6.9730196648750553e-01	   6.2347817129572158e-01	   6.5970201236910131e-01	   6.8819858407217560e-01	   0.0000000000000000e+00	   6.9992226621569320e-01	   5.8827942184375903e-01	   1.6498467749499685e-01	   7.2591384067099007e-01	   4.6900954138007245e-01	   2.7329269450097193e-01	   3.7621129138630871e-01	  -1.9848832425217261e-01	  -1.3033996509585979e-01	   1.2046411580836922e-01	   1.1265577723485190e-01	   1.4764822822456647e-01	   3.1110240315340076e-01	   3.3387340577720337e-01	   4.7301998464268769e-01	   3.3246058889998786e-01	   4.9365239253871879e-01	   5.3853317951148072e-01	   5.5452452427147092e-01	  -1.5408823790404177e-01	   7.4459225211439606e-02	   1.9041584640554693e-02	   1.9428458448878624e-02	   4.4944062642192129e-01	   4.7609941047204113e-01	   3.0811058939358460e-01	   4.4588849537700576e-01	   3.4750675725734737e-01	   5.1886964821218529e-01	   2.8730258755839549e-01	   2.8285248983881733e-01	   1.3434724316869223e-01	   2.6033148754050733e-01	   5.9537386275477422e-01	   5.5735770839503984e-01	   5.2285383475361658e-01	   5.2627286264967355e-01	   5.3939562969517618e-01	   5.6491189269976805e-01	   5.5861937760066582e-01	   4.9048397553666034e-01	   6.8092406728372779e-01	   5.6931313110474768e-01	   6.9542454693516675e-01	   6.6348656902181613e-01	   6.3473858109217762e-01	   4.8881671723646686e-01	  -6.5791136780067455e-03	   1.1614406668443567e-01	   5.4247198692395948e-01	   6.0559189372447064e-01	   5.9777398418923511e-01	   5.9609536061465751e-01	   6.1321324191167169e-02	   5.2716855873497198e-02	   4.8640940792722409e-01	   6.4633033640769511e-01	   5.9509269932229070e-01	   6.0540381500651519e-01	   4.7790042840725333e-01	   3.2154878035622830e-01	  -7.5564486638108632e-04	  -1.3021636979492036e-02	  -1.6704255828858622e-01	   8.7386124041291379e-03	  -1.1212591524225829e-01	   5.6099268998997996e-02	   2.2780816420578251e-01	   3.6311444973134965e-01	  -8.0039311764337845e-02	   2.2811363687748519e-02	  -6.6923836144968399e-02	   3.6876000374535728e-01	   6.7813522790072356e-02	   1.1608052245539613e-01	   5.3409957692233023e-01	   5.6041351514752302e-01	  -1.9894040007878200e-01	  -2.3572078021927505e-02	   6.3352199499506701e-01	   5.3831588155979437e-01	   4.6391437466855767e-01	   4.6499061192036850e-01	   2.4607718331049550e-01	   6.2841061864592063e-01	   1.9016440049872327e-01	   3.9974191442073403e-01	   2.4763860822291706e-01	   6.1853678201754081e-02	   3.3751393868669788e-01	   2.1789617988221660e-01	  -3.7176418005629877e-03	   3.2743948811416890e-01	   3.9561650553476457e-01	   3.7318226303512503e-01	   2.0571862785509401e-01	   8.5694236696251466e-03	   5.9765199971429310e-02	   2.2660339621376263e-01	   3.2044872026806048e-01	   3.7517328408917738e-01	   2.3841290586176048e-01	   4.6259512893995791e-01	   3.7135837262923033e-01	   5.7789174271205046e-01	   3.3032644713881243e-01	   3.4295560776281174e-02	
   8.9840237075147125e-03	  -8.8389720601695439e-04	   1.6323990478888167e-01	   5.2009953431025535e-01	   4.9193425547318481e-01	   8.8370932200167129e-01	   4.1796838049218077e-01	   6.6743814547657221e-01	   6.9992226621569320e-01	   0.0000000000000000e+00	   5.0639748566453169e-01	   1.3176457148720955e-01	   5.3252423571786722e-01	   1.8731245712200861e-01	   8.8339245566666613e-02	   2.6381715227610031e-01	  -9.3951273547553435e-02	  -1.4578719197384141e-01	   4.8985180700812106e-02	   1.0723169737388294e-02	   6.0090761936410386e-02	   2.8894438207297457e-01	   1.7508905291635662e-01	   3.9107069773658293e-01	   2.9075994447259684e-01	   6.4122926391326684e-01	   7.1017985873279033e-01	   7.0500105032359417e-01	  -1.3124377244942248e-01	   9.1577270074319428e-02	  -1.5736019569713702e-01	  -1.5645669812463550e-01	   3.0702803461456335e-01	   3.7622958234716275e-01	   3.5704792819546793e-01	   5.4263368252954380e-01	   2.3605549869661638e-01	   4.5965591339981582e-01	   1.1974714981454657e-01	   3.3588284496319676e-01	   1.8927478666561089e-02	   9.1722714868445548e-02	   7.6588785554592143e-01	   7.4982932540896674e-01	   7.2760433382292766e-01	   7.3483133922888866e-01	   7.3020585837614160e-01	   7.5800086940490707e-01	   7.9556235808312670e-01	   7.2253967711559663e-01	   8.1019013433697651e-01	   7.8324089393460272e-01	   8.0709994449754152e-01	   8.2193825817783295e-01	   6.9328268422372352e-01	   5.8253597856828598e-01	  -7.4261227621025078e-02	   1.3820141477962776e-02	   4.6634693793164267e-01	   6.6246460249870298e-01	   3.2107004613967877e-01	   5.0164954224075020e-01	   1.5078784475824819e-01	   2.2050735165485019e-01	   2.8419995313221080e-01	   6.2121761496785388e-01	   6.9495185713315144e-01	   7.4081062917617002e-01	   3.5913461005273262e-01	   2.4370547208087390e-01	  -1.1639174230439199e-01	  -2.6623595307145261e-02	  -1.5123520845616575e-01	   5.5484336348512936e-02	  -8.1598636105695038e-02	   9.7783713448608228e-02	   1.0706611150571493e-01	   3.2290079865620369e-01	  -1.2864812516297380e-01	  -3.2782374862778296e-02	   5.8407252804945582e-02	   4.9788104585910697e-01	   7.4435156063090230e-02	   1.4299416573205398e-01	   5.1007712590352527e-01	   6.3735888571886523e-01	  -2.9644790068058291e-01	  -2.2368814364377190e-01	   4.4656972612471546e-01	   6.5389475376662243e-01	   5.0770325867109856e-01	   3.9678135003265291e-01	   2.9554522271686179e-01	   4.7352510446542162e-01	   5.6811181481174367e-02	   3.7191416623863049e-01	   1.3446852131905646e-01	   2.3043505849570392e-02	   4.1420308871427935e-01	   1.4550659376311464e-01	   3.4094086759258915e-02	   2.7502557293386548e-01	   2.8343902581227209e-01	   2.5929183384786741e-01	   2.5046947590276991e-01	   5.1101370792629816e-02	   5.7587251881527739e-02	   3.1091530262508654e-01	   1.2889165571502662e-01	   1.4710349785050753e-01	   1.3526975802488500e-01	   4.0666629092958223e-01	   2.8785460358129933e-01	   5.7350519353287366e-01	   3.2084177670465341e-01	  -5.5910418995067671e-02	
   4.2264128003390428e-01	   3.3487619165399163e-01	   3.5940698606937316e-01	   5.7698520737443904e-01	   3.8684402758395048e-01	   4.3227102740506113e-01	   5.8421519308512160e-01	   6.3789564829137024e-01	   5.8827942184375903e-01	   5.0639748566453169e-01	   0.0000000000000000e+00	   6.3524266039904687e-01	   8.4204554799238895e-01	   5.9842325481769287e-01	   4.1921011591971957e-01	   4.4589422357331032e-01	   1.3239827351932112e-01	   7.7044466491706848e-02	   3.3101128023302606e-01	   3.7301384493632200e-01	   2.3759531494463992e-01	   4.2067316286462564e-01	   2.2060144636851020e-01	   3.6922947237019371e-01	   1.2754762068726586e-01	   2.6109789201682410e-01	   3.7975880439860660e-01	   4.0383824609873087e-01	   3.2217311602232485e-01	   4.0855722491690372e-01	   6.9183042455244981e-02	   1.0831262656085419e-01	   3.2133824082663276e-01	   4.1947356997749918e-01	   1.1444346235729808e-01	   2.1245139045917627e-01	   4.8601062529785471e-01	   5.3529955059941858e-01	   4.4442549072244308e-01	   3.7260775662268386e-01	   3.3728246742952561e-01	   3.8692846538442960e-01	   4.6777922706988223e-01	   4.8500188219102192e-01	   4.7247206408678549e-01	   4.8220989361370969e-01	   4.5737116611148132e-01	   4.6320171766228441e-01	   4.6030710871812364e-01	   4.7666314302509372e-01	   4.7009202476183054e-01	   4.7955424324408635e-01	   5.7872228487798760e-01	   5.3432276873976670e-01	   6.3272148601821987e-01	   5.7477560271085049e-01	   4.0296375515485738e-01	   4.1310416900674263e-01	   5.8500849918456266e-01	   6.1665194866748951e-01	   6.4569715576934117e-01	   4.8695265780846847e-01	   4.8147041604586988e-01	   4.5331376313702082e-01	   1.6465751917377880e-01	   4.8649809658973209e-01	   3.9150975758821777e-01	   4.2472616663579693e-01	   4.5329069899764102e-01	   3.2996409777296654e-01	   2.2316473109445994e-01	   3.1262203792816978e-01	   2.7958728618480461e-01	   3.6971318469400916e-01	   2.7399111295930267e-01	   3.6921062479013628e-01	   3.9480282372626418e-01	   3.7759685822070960e-01	   1.3764930008946544e-01	   2.2616728735483116e-01	   3.0321460346295298e-01	   4.5081276076839538e-01	   3.9080011716967616e-01	   3.7700641344940633e-01	   5.0435983339114887e-01	   6.3991139270775088e-01	   8.5740342425531538e-02	   1.1047860618889649e-01	   5.4199940348627229e-01	   5.3180335039566207e-01	   3.8759509353801119e-01	   2.6710823326454941e-01	   2.0270230385710969e-01	   4.8865007409349842e-01	   2.7388518935159101e-01	   4.6031613755444634e-01	   2.9675222957212016e-01	   2.1454473813988784e-01	   3.9315530206293126e-01	   2.8582365697460804e-01	   2.6246175208606048e-01	   2.6954495437795756e-01	   5.5095400748603574e-01	   3.4332167373787015e-01	   1.7065090642554856e-01	  -8.9978564912268466e-02	   4.0175046496628269e-01	   2.9153662706206057e-01	   1.6221142644169217e-01	   3.4734326395408183e-01	   2.7463759028652046e-01	   2.7233705590381779e-01	   1.8346138437929149e-01	   3.4658055375474173e-01	   7.9416822049594604e-02	  -3.1148203169364994e-02	
   5.1354042887623041e-01	   4.6476211836913911e-01	  -8.7440232396374350e-03	   3.4317062630210499e-01	  -8.6369683655996426e-02	   4.4093559413794524e-02	   7.0789379542679248e-02	   3.5977618286891366e-01	   1.6498467749499685e-01	   1.3176457148720955e-01	   6.3524266039904687e-01	   0.0000000000000000e+00	   3.7191885456616836e-01	   5.3188935415967253e-01	   3.2241683427023493e-01	   2.7320788949062569e-01	   4.3974801223026838e-01	   5.2091226848542971e-01	   6.2247583757772107e-01	   6.9986492123317767e-01	  -1.9675340639832462e-01	   2.9099420487271148e-03	  -2.9755164024548614e-02	   4.7248516666102532e-02	  -2.6808117233766460e-01	  -1.7782568161926626e-01	  -3.5661515968914460e-02	  -5.0148752902350151e-03	   5.9107755079015223e-01	   6.2697820750769695e-01	   1.7137236757127389e-02	   1.4163303151454049e-01	   1.4729436211062089e-01	   3.6860993755235305e-01	  -2.4356761299362245e-01	  -1.6448231611330344e-01	   3.9763169783356789e-01	   3.3970953080927291e-01	   4.1411107088481325e-01	   1.9709388669214462e-01	   3.8559090117956196e-01	   3.8256564047322716e-01	   2.2340315494306540e-01	   2.7102118132310227e-01	   2.2147321232293249e-01	   2.3439154536568407e-01	   2.8860791538573716e-01	   2.0558907869376328e-01	   1.7296876301502903e-01	   2.6722000032523824e-01	   1.7066601030419012e-01	   2.4919095254667079e-01	   2.7926826061984233e-01	   2.3399780872794113e-01	   4.5155897800912392e-01	   4.9441707249765132e-01	   5.6235201118726241e-01	   5.9865694573202477e-01	   2.8035465435539803e-01	   3.2318240596691128e-01	   1.7446416880802956e-01	   6.5134033914351477e-02	   6.8100876018520418e-01	   7.0671227554228588e-01	  -3.1358946241481617e-01	   5.6044878019733277e-02	  -9.4045599397334312e-02	   3.5661879427718438e-02	   3.2998015631087674e-01	   4.4226181837196737e-01	   2.3747187407833767e-01	   5.2380433415943684e-01	   5.6117983215776679e-01	   6.4705551295113783e-01	   5.4857129297367258e-01	   6.1703240968056794e-01	   4.6055189103892269e-01	   4.0337292710674150e-01	   3.5002553297253297e-01	   4.8966816832782412e-01	   5.3701361302774764e-01	   2.8601587683734142e-01	   4.4065308503053202e-01	   3.9043199096654257e-01	   1.6324308982563338e-01	   4.0513588869089023e-01	   1.5901149451147781e-01	   1.6639972662982863e-01	   1.8512944472206855e-01	   2.8233392700457949e-01	   2.5591174765402414e-01	  -1.5756752609881464e-01	   2.0935039354278498e-01	   7.0940363222282915e-03	   2.1195010194743086e-01	   3.8907846931557699e-01	   1.8315632332160614e-01	   2.8634085319734615e-01	   4.7904178212279580e-01	   3.3926444183749316e-01	   5.2833465066177077e-01	  -2.4756245428680441e-02	   5.4214418833050759e-01	   1.6005938592631511e-01	   1.4405042510677485e-01	  -1.4656395956688789e-01	   5.4048090054466891e-01	   4.0364222506588854e-01	   7.7781752538229235e-02	   2.6034129068395617e-01	   2.3649677097168065e-01	   2.0766785646377606e-01	   9.6966616342467088e-02	  -5.5194755283571546e-02	  -2.3453409843594275e-01	  -2.9375234985364596e-02	
   2.1329952782978606e-01	   2.3364981761294340e-01	   6.6462969465435406e-01	   7.6864758465045191e-01	   6.2780484634904676e-01	   4.6026695780029014e-01	   8.2330827091081882e-01	   7.7715551017212581e-01	   7.2591384067099007e-01	   5.3252423571786722e-01	   8.4204554799238895e-01	   3.7191885456616836e-01	   0.0000000000000000e+00	   7.6319747836787188e-01	   6.4227726297258148e-01	   7.2922939674026266e-01	  -2.4291330774014530e-01	  -1.7649135048365205e-01	   1.5964232383997681e-01	   1.7389449405282065e-01	   2.7284411677013820e-01	   4.0943114323615698e-01	   5.6524832772024469e-01	   7.2472571108207962e-01	   4.5078630134316455e-01	   4.5832247678327320e-01	   4.7755947391586029e-01	   4.9654528496309297e-01	  -1.0395533479204291e-01	   9.8350576527987885e-02	   1.5045988181736242e-01	   2.4599034146071166e-01	   5.1155856261942478e-01	   5.6068181887053015e-01	   3.9426419619576153e-01	   4.5962932207207052e-01	   5.0348185145242463e-01	   5.4278666435597878e-01	   5.1698562968939554e-01	   3.6612544905630967e-01	   2.4823545498505672e-01	   3.3926318336923555e-01	   4.1968025036315182e-01	   4.0309475909812725e-01	   4.1969361672203731e-01	   4.1322250489962198e-01	   3.5474556231957188e-01	   3.8077862860748968e-01	   4.1050089507802112e-01	   3.6291193048809722e-01	   4.8585642930749723e-01	   4.2605200828606909e-01	   5.5695142903144457e-01	   6.3662308739319795e-01	   5.9132927731323381e-01	   4.6021198812838326e-01	   1.4657325179970543e-01	   1.4581302834911009e-01	   5.9039636706534560e-01	   7.0504600689411845e-01	   8.2421080634859600e-01	   7.4845284112275068e-01	   7.8278109867644316e-02	   1.1869609723368249e-01	   5.4888847437001942e-01	   7.3864484989215073e-01	   5.8998903989289997e-01	   5.7804739739720579e-01	   6.0519677977129926e-01	   3.6303834396113926e-01	   1.7914967920991742e-01	   2.1722119606608153e-01	  -8.9021254767347776e-05	   1.2879390795221168e-01	   3.7859804964266219e-02	   1.6312548186155468e-01	   1.4205868708701053e-01	   1.6958885458403125e-01	  -1.3683147667111445e-01	   5.8078651691956543e-02	   2.2526648779628358e-02	   5.7318972835178039e-01	   4.0964358412057755e-01	   4.6439727572632239e-01	   7.0552514870473571e-01	   6.9984543331249693e-01	   2.2796222392315552e-01	   3.0910840557590091e-01	   7.8076464352826025e-01	   6.2547009682522781e-01	   4.8616787739149231e-01	   4.9089742077110621e-01	   2.9074908354855111e-01	   5.0518495031095267e-01	   2.1429387079993453e-01	   4.1025702419423266e-01	   1.7882459454447058e-01	   4.9312806421710438e-02	   2.0177724892918006e-01	   1.9888178422192462e-01	   3.7798529842277481e-02	   1.9089026123346620e-01	   4.1023162933947943e-01	   2.0935836960553855e-01	   1.0980250262201138e-01	  -1.8728245318285242e-01	   1.9185565789878001e-01	   3.1180903645257335e-01	   2.3592054536586293e-01	   3.0153065211970476e-01	   9.2409835112068947e-02	   2.0565366643646699e-01	   9.6556265241199479e-02	   4.0553457300628792e-01	   6.3592395198199564e-02	  -1.6223068984414854e-01	
