   0.0000000000000000e+00	   7.8519133126107987e-01	   5.2798121284494948e-01	   4.7293185890044565e-01	   1.9378699572921911e-02	  -7.5153207507811418e-02	   6.4378140060078370e-01	   5.2782455645391657e-01	   1.2713392761628106e-01	   3.4997135458187861e-02	   7.4275705204633913e-01	   5.0094244129071830e-01	   2.9673236243161283e-01	   3.9825390407365951e-01	   2.2821699897330536e-01	   2.2481336037590494e-01	   5.0521713988629857e-01	   5.4765526180056612e-01	   5.9501283934800309e-01	   6.0966580471129961e-01	   4.1093637453965104e-02	  -9.8592645452906767e-03	   3.0632537358035855e-01	   3.5790898808148142e-01	   6.9064320149586036e-02	  -3.4662943412777807e-02	   1.2873980334240603e-01	   1.0289645406368990e-01	   4.3564039827250262e-01	   1.3533689124338710e-01	   1.2312765706447737e-01	   7.6500737644135688e-02	   2.9991282505236511e-01	   4.0650002747583924e-01	   2.4367372122822928e-01	   2.9821201455721141e-01	   3.8996852283153360e-02	   1.4491762650539930e-01	   5.9343497617772978e-01	   6.5463980101839747e-01	  -1.9861698324494040e-03	   4.4270400240304786e-01	   1.9737614838049888e-01	   2.5728586420288813e-01	   2.5168312756407996e-01	   2.6953917064735222e-01	   5.0836396788611293e-01	   5.0007384765617258e-01	   2.3790351833477436e-01	   3.0078954810703379e-01	   2.8482418789156611e-01	   3.2324213110059324e-01	   4.2636595340238725e-01	   4.0789577460983018e-01	   5.7072375374314865e-01	   6.0965576550163925e-01	   8.1510020059334154e-01	   7.1815974352495127e-01	   5.6213222110365724e-01	   4.8220055782146287e-01	   6.7307013468190957e-01	   4.3746716708070460e-01	   6.6358282972915306e-01	   6.2711810545926916e-01	   4.0614259450151813e-01	   4.0785861768668263e-01	   3.1113005367779611e-01	   2.6262374373302755e-01	   5.6611654259391564e-01	   3.1056996272599424e-01	  -2.6439947903395190e-02	   1.2409278633880561e-01	   4.0027436503073560e-01	   2.4214461617619015e-01	   4.7613005611902104e-01	   4.0511404710471099e-01	   2.8100111249457943e-01	   1.6079006199081503e-01	   3.8532928834037061e-01	   4.4793214143837778e-01	   4.3630352805481304e-01	   4.0226760246569865e-01	   1.6537629715923727e-01	   4.3466451265968764e-01	   3.2627275444859938e-01	   3.3763552821998349e-01	   1.6834150468487422e-01	   1.2674418173703489e-01	   4.9361698002245635e-01	   5.2564068401201491e-01	  -2.4615184848956227e-02	   2.8909645524259980e-01	   2.8185952582984108e-01	   3.7101676569070896e-01	   4.0974927695197755e-02	   2.4503311676943712e-01	   3.2942300106912004e-01	   5.4793033503547672e-01	   4.5540473023869443e-01	   3.9475526626432683e-01	   2.2150821606348628e-01	   3.2523770633394267e-01	   2.4078360366689605e-01	   2.8573583144590520e-01	   3.9678094133689640e-01	   2.4337141467310874e-01	   2.7506660219534351e-01	  -7.2078689760045195e-02	   2.3623515212541046e-01	   3.2914852725797672e-01	   4.8119154626223681e-01	   3.8502867002013696e-01	   3.5656989656165872e-01	   2.7989922594424116e-01	   2.0335331415239483e-01	  -2.3410691510233039e-01	
   7.8519133126107987e-01	   0.0000000000000000e+00	   4.6278029136610566e-01	   4.4689103300071265e-01	  -1.2452385000835613e-02	  -7.6300438760920533e-02	   6.0934517280966682e-01	   5.8191406758611963e-01	   1.2860087577658733e-01	   1.1464912237849104e-01	   5.4829145435597393e-01	   4.4374980820427662e-01	   2.5103121252279988e-02	   1.4201631392569231e-01	  -3.9989176075405211e-02	   3.4034209269398590e-02	   4.9193542500521653e-01	   6.3145923539368298e-01	   5.7168882867548554e-01	   5.2674761895149258e-01	  -2.2824756343283462e-01	  -1.9402127906257707e-01	   2.2881974003264666e-01	   2.6594121873789367e-01	  -3.2995672029512681e-02	  -1.1873486748598068e-01	  -1.6144816004738133e-01	  -1.3268497176641914e-01	   4.2553066760118186e-01	   1.9198830000004663e-01	   2.1394628920204650e-01	   1.9168425369285863e-01	   3.2668601743576620e-01	   4.6077913382408464e-01	   2.8608065827249879e-01	   2.8808275192828686e-01	  -3.3743603722653982e-02	  -1.4734931084752746e-02	   4.4564169589042557e-01	   4.8685300548912741e-01	  -6.1013834797014901e-02	   2.9712958965170178e-01	   3.0579378527524687e-01	   4.0003667430193390e-01	   4.3325586551595874e-01	   4.4939141546900058e-01	   4.5211979163671212e-01	   4.9240865290323993e-01	   3.9671725810892217e-01	   4.8912332796824520e-01	   4.2102455669955441e-01	   4.6935133247903404e-01	   4.5377723530779168e-01	   4.4656923194028020e-01	   5.0522003526681236e-01	   5.1864695023537810e-01	   8.9805158762350579e-01	   8.8406275068545481e-01	   5.3361250035033847e-01	   4.4544425933632364e-01	   6.0450135142854389e-01	   4.8130595173160184e-01	   5.0592979970176533e-01	   5.9262453813142868e-01	   4.9653904193553505e-01	   3.6269695481543396e-01	   3.5419532277291510e-01	   3.2492039343899926e-01	   3.9535193219950715e-01	   1.7961259416151865e-01	  -4.6090382345223358e-03	   1.5515931154973178e-01	   3.0085938284702696e-01	   3.5860829864971333e-01	   6.0189985038203553e-01	   3.2914732867158780e-01	   4.6237349998622074e-01	   3.9811571531228063e-01	   6.0386513606669567e-01	   5.0913101856988563e-01	   3.9923644350828069e-01	   3.1138357951603052e-01	   7.4571020625632881e-02	   3.3462796056561206e-01	   2.4307886195689865e-01	   2.8164237377826473e-01	   1.1695160711108489e-01	   7.4352179848661742e-02	   3.9573650037661001e-01	   4.4071025475648984e-01	   1.7988192910896986e-02	   3.4037945852210361e-01	   3.9131027367279037e-01	   4.1545901189975354e-01	  -9.7478244985937049e-03	   2.5222721461382236e-01	   2.0230713080174142e-01	   4.4387002993349745e-01	   5.1051567344040394e-01	   4.8708069897027284e-01	   3.4966837514644522e-01	   4.2484673096445702e-01	   3.0927653896476870e-01	   3.9519898228249506e-01	   3.6205353181932831e-01	   2.9805410307215607e-01	   2.3845474736971933e-01	   6.5291488913845730e-02	   2.5867365551183014e-01	   2.6022977985809848e-01	   4.6129548143864335e-01	   4.0760700817098838e-01	   4.0153817335157432e-01	   3.0207935593204249e-01	   3.2718243753218085e-01	  -8.4522519759958489e-02	
   5.2798121284494948e-01	   4.6278029136610566e-01	   0.0000000000000000e+00	   6.6821662815358407e-01	   9.9322624404543147e-02	  -2.0714960156804896e-01	   8.8845132388546755e-01	   5.6047543441128922e-01	   8.1813463204515255e-02	  -1.3925597971738032e-01	   3.0710361967767746e-01	   2.3772554204518620e-01	  -1.1567592148451283e-01	   1.5496058031741064e-01	   4.6743112675310047e-02	   9.1818944519962364e-02	  -1.0799603385816973e-01	   8.3964241685644106e-02	   6.9877562932908233e-01	   6.4185344228752472e-01	  -1.6524982070608746e-01	  -1.3409652183439486e-01	   8.1110071474297674e-01	   6.9876990249399706e-01	   3.0991053115569156e-01	  -1.7597199472647349e-02	   2.2854429649816022e-01	   9.1669403318175163e-02	  -1.5225981696785906e-01	  -1.8937964310269684e-01	   4.0513823675472282e-01	   3.6541168771118465e-01	   3.6541160171763459e-01	   4.2110910740447538e-01	   5.2124955789540572e-01	   2.8078464876606474e-01	  -4.2824271021228610e-01	  -5.0552167773525247e-01	   4.2092925907418904e-01	   4.8710573393530188e-01	  -1.7401788170071825e-01	   1.1349968033674881e-01	   1.3222832854686517e-01	   1.2581405792395556e-01	   2.2567128583390045e-01	   2.4445931327977374e-01	   4.3550345463691031e-01	   4.0604829309626000e-01	   3.5876050908427715e-01	   4.1982513297623048e-01	   5.1493203862909398e-01	   5.2044573589940779e-01	   6.2382174107309507e-01	   6.0108523023040983e-01	   6.3578740681797763e-01	   6.3100448998492931e-01	   4.3066707360937478e-01	   4.7437188065601132e-01	   6.4859751614074579e-01	   5.1412637193944333e-01	   7.0264705179531428e-01	   4.2933837360349042e-01	   3.1593964592590251e-01	   3.3325121546655723e-01	   7.7185381048928869e-01	   3.6004437118383509e-01	   5.1333425650234099e-01	   3.5531124317414553e-01	   5.7341184846379134e-01	   3.8244734934748736e-01	   8.8458180979590229e-03	   6.7400231760838605e-02	   3.3559572499322110e-01	  -1.8158989560439148e-01	   4.4423834010416030e-01	   4.6994576351485101e-01	   2.7403135838100923e-01	   1.1956819997551493e-01	  -1.4209139908831690e-02	  -3.6972050152320822e-02	   1.3008772848565958e-01	   3.7838020928137469e-03	   5.5216360237698781e-01	   3.2736169711349300e-01	   5.1950039937902392e-01	   2.4646239959785352e-01	   5.3289448969015685e-01	   3.7875287774650945e-01	   6.2642074841918549e-01	   6.1578165429204679e-01	   1.9241052823456428e-01	   6.9399082661720435e-01	   2.5654230390198740e-01	   7.4570332172771048e-01	   1.5606465416260729e-01	   1.1850152062696663e-01	   3.9190679394080785e-01	   4.5882659108255563e-01	   5.5931397469335575e-01	   5.0366971493100965e-01	   3.0735286979578880e-01	   5.9662789632509483e-01	   3.6439240627634373e-01	   5.0729631629890326e-01	   3.9347916877520511e-01	   4.7558718642918241e-01	   2.7112931198086254e-01	   2.7682065879272100e-01	   2.0122223595691260e-01	   2.1534409660810755e-01	   4.9143096240122330e-01	   3.9380593343764969e-01	   4.7580944652353591e-01	   5.9579844550081040e-01	   4.5344013851439657e-01	  -7.1212457758075470e-02	
   4.7293185890044565e-01	   4.4689103300071265e-01	   6.6821662815358407e-01	   0.0000000000000000e+00	   4.1924381568186170e-01	   1.8736510399593947e-01	   5.2059467542190141e-01	   8.1405984888345984e-01	   2.6010852186905420e-01	   2.1535196784343569e-01	   1.6472572277271472e-01	   4.2786260301840084e-01	  -3.7759645147112164e-01	   2.7914453488183277e-01	  -2.8802659831178484e-01	   2.2951881691835563e-01	  -1.3086459462588826e-01	   6.9266727462169012e-02	   6.9927223560686280e-01	   7.5592304178992353e-01	  -5.0743282744277973e-02	   4.3316588604221440e-02	   5.3608171697603924e-01	   8.0285295606084395e-01	   3.7047596342828359e-01	   2.3720212326344881e-01	   2.8963598468702800e-01	   1.7761480030257920e-01	  -1.4503800311244602e-01	  -2.7845197478232037e-01	   3.3084677811940100e-01	   4.1283336074864119e-01	   3.5220037360835399e-01	   4.9597776501991947e-01	   5.4227342441447102e-01	   5.4629514654572020e-01	  -2.5205286049739994e-01	  -2.5958397810395634e-01	   3.1604966141087865e-01	   4.7409937898877585e-01	  -1.3080180457556312e-01	   3.1091559217448783e-01	   2.1427484581819947e-01	   2.7172096757608111e-01	   3.9767393931366024e-01	   4.5956765374691577e-01	   6.2160773718482587e-01	   4.8566527353353439e-01	   4.2368981339541423e-01	   4.5104323812014202e-01	   6.6132128257464173e-01	   5.6552278800592859e-01	   6.7772062876992190e-01	   4.8970490723640547e-01	   6.3742435327752522e-01	   6.3107426737300432e-01	   4.1892337397942853e-01	   5.2171332648684143e-01	   7.8860333047670594e-01	   6.8190418552303356e-01	   5.6310985661648882e-01	   6.6778286316132829e-01	   3.8573666618519359e-01	   3.2934577453739550e-01	   6.5419703284762076e-01	   7.4240095257886574e-01	   7.2240608641791171e-01	   7.3496372438021507e-01	   7.0606279307007758e-01	   6.2603503495786783e-01	   1.9981386196005416e-01	   3.1758953335036927e-01	   2.2987420378550638e-01	   1.6203655144221679e-01	   2.1370307181822376e-01	   4.5622617075439337e-01	   3.0471219061541227e-01	   3.4974881238598632e-01	  -1.3999377732968044e-02	  -6.8541176548260238e-02	   1.3155807558445212e-01	   1.7166929983793647e-01	   3.7968202412141772e-01	   3.3354588572667976e-01	   5.8911511180374121e-01	   5.3819845551292123e-01	   5.3341435317476149e-01	   2.8057414026934363e-01	   6.7809640292802931e-01	   6.7862348314204646e-01	   3.7931709211392539e-01	   7.2289721456073019e-01	   6.9605678783455738e-01	   5.9855190893877930e-01	   1.2905358373373249e-01	   2.2166921513195775e-01	   5.3125419902538784e-01	   6.7021995902389153e-01	   6.9639153829318645e-01	   6.4099454841454795e-01	   6.6486063403897244e-01	   5.6529213578586590e-01	   6.1560573043143874e-01	   5.4112420197500999e-01	   7.0060726631084813e-01	   6.2619126515835188e-01	   4.4593603787943559e-01	   3.1388647375561485e-01	   1.9642867277083581e-01	   2.7687811191866302e-01	   6.1516102809359874e-01	   6.4430661626119112e-01	   7.0797160462538300e-01	   7.4116350724946489e-01	   5.4658532976722862e-01	   4.7295197532527325e-02	
   1.9378699572921911e-02	  -1.2452385000835613e-02	   9.9322624404543147e-02	   4.1924381568186170e-01	   0.0000000000000000e+00	   8.1426169829762518e-01	  -5.1382156021281621e-02	   2.1753018865265078e-01	   8.5828228775168358e-01	   7.5770601081878175e-01	  -2.2360392458526504e-01	   4.3879515896252629e-03	  -2.6013097628458520e-01	  -7.9989673711608006e-02	  -6.5296255631302161e-02	   3.6524601331237938e-01	  -1.4308961972548934e-01	  -2.2522573695891357e-01	   3.0453132284328660e-01	   3.6827095201198812e-01	   1.9461622893136526e-01	   4.3538385930336254e-01	   1.1795639272005218e-01	   3.3614194314224566e-01	   7.1004140658026094e-01	   7.5007253158411302e-01	   4.7675618617967963e-01	   4.7482815974301928e-01	   6.5095200406469655e-02	  -2.5739258415718935e-01	   2.8203603245292957e-01	   3.2079894745857029e-01	   3.3718155722443299e-02	   4.1993636679092408e-02	   3.6716882190045047e-01	   4.8250255324719749e-01	  -1.4612988540721423e-02	   2.4600832297480509e-02	  -1.3068784184325244e-01	  -1.1616507358672014e-01	  -2.1302908047619924e-02	   1.0368294975141698e-01	   1.4106489198944316e-01	   2.5284060929233404e-01	   2.7377840187747482e-01	   3.0200468602690633e-01	   4.2089600100834862e-01	   2.4953018795480639e-01	   2.6542543029004867e-01	   2.5639559672067436e-01	   4.3207532840427904e-01	   3.4360014012025142e-01	   2.2166029699544326e-01	   7.6388349275974501e-02	   1.1491139191979580e-01	   3.4492358286787844e-02	  -1.1379073558246596e-02	   4.5327325340612921e-02	   2.2558559360306468e-01	   2.5653037075544038e-01	  -1.9968134214279402e-02	   2.2736283656307282e-01	  -4.2138374722003928e-02	  -4.9628618992947848e-02	   2.4809181616470985e-01	   4.7042564259084485e-01	   3.7825702608814382e-01	   4.1730573867008891e-01	   4.4514796788404071e-01	   4.0544573004770024e-01	   2.8204262477686565e-01	   2.9861763744530762e-01	  -2.1349757530606261e-01	   3.6070069849578801e-01	  -3.8094765888833626e-01	  -6.8215464169482889e-02	  -4.4401581588505393e-02	   2.3088716293456926e-01	  -9.4408457423498349e-02	  -1.4914844513660558e-01	  -2.7520868121546904e-01	  -5.8198256574040132e-02	  -2.0606852826332261e-02	  -9.5051364045192030e-02	   1.7522715039431425e-01	   2.6289906690527587e-01	   8.8260018188536710e-02	  -9.5716624795854299e-02	   1.8524047115447834e-01	   1.9224190305661831e-01	   1.2921727452289111e-01	   3.0837750612107995e-01	   3.8904390830723279e-01	   1.8476288034070648e-01	   1.3349309936887865e-01	   1.0561201255890944e-01	   2.0403572815748694e-01	   2.7015398908511240e-01	   2.7620840886338122e-01	   3.3252976827440728e-01	   3.0149164859406347e-01	   1.6183258806333650e-01	   3.3463193186885809e-01	   2.0751063573179615e-01	   3.4796419776678139e-01	   2.7485575700024784e-01	   2.2314868344791794e-01	   3.4052205859799033e-02	   7.2802510337228760e-02	  -3.5338275344666951e-03	   2.2640993022581274e-01	   4.0843533627004092e-01	   3.4862828654706968e-01	   3.0635414708833225e-01	   1.1479577023501364e-01	   1.9805730958780524e-02	
  -7.5153207507811418e-02	  -7.6300438760920533e-02	  -2.0714960156804896e-01	   1.8736510399593947e-01	   8.1426169829762518e-01	   0.0000000000000000e+00	  -2.9591867523831605e-01	   3.6079846889367877e-02	   7.4645289109143409e-01	   9.3472477552049837e-01	  -2.2745708015772920e-01	  -4.8172627780882701e-02	  -1.3783021395825265e-01	  -1.1408097751190155e-01	   5.9664057561448179e-03	   5.2121839814310733e-01	  -4.8415992592310893e-02	  -2.2972933722129862e-01	   5.6711361582834144e-02	   1.9651192581372245e-01	   3.3121181614363948e-01	   6.6148495197964363e-01	  -1.7420471602424831e-01	   8.3073774821029400e-02	   4.6244920748902218e-01	   7.1861822933665453e-01	   4.5928576564407797e-01	   5.7682204905483636e-01	   2.1274050779437094e-02	  -1.4398618314294209e-01	  -5.9011138622359887e-03	   5.4168727082578541e-02	  -1.8940730550600732e-01	  -1.3991823555548241e-01	   9.8380069127784825e-02	   3.6004941016637237e-01	   3.1429340090763974e-01	   2.4080553056483367e-01	  -7.7685807285345340e-02	  -7.8464992142506435e-02	   2.1307728763261430e-01	   3.7623062064499960e-02	   1.1469032059665640e-01	   2.4138183363840540e-01	   1.7029594687103222e-01	   2.0650272321251256e-01	   2.9422493223016677e-01	   2.3920390150499288e-01	   1.2608040395268794e-01	   9.5035511951373511e-02	   1.3980268577871474e-01	   1.2529679788968240e-01	   2.5049547119173031e-02	  -9.2254319971921475e-02	  -1.4047727243539044e-02	  -2.1480549597644338e-02	  -7.2213628715347061e-02	  -5.8085135071909294e-02	   5.2602891275761204e-02	   1.5261042527686280e-01	  -1.7580697732557546e-01	   1.7782963539124433e-01	  -9.9124695651423067e-02	  -7.2108894361416098e-02	  -1.7310996257551343e-02	   3.8848196674549085e-01	   1.5399273076494910e-01	   2.7219775792421902e-01	   2.3082245079264435e-01	   2.1476050279627701e-01	   3.0293253182216656e-01	   2.8333183033127324e-01	  -2.5354452882717288e-01	   3.6375931755826202e-01	  -5.1088687547960476e-01	  -2.3656631838180125e-01	  -4.4577633774524755e-02	   2.6846200406026743e-01	  -9.8129772036622251e-02	  -1.5137968968782214e-01	  -3.0546271125874447e-01	  -1.6847626066424692e-01	  -1.0229586293777954e-01	  -1.7130311377806468e-01	   4.1359743816317136e-02	   2.9965605341239748e-01	  -3.8731231091007692e-02	  -1.4793193182166792e-01	   1.2909783828382476e-01	   1.6999506154416918e-01	  -7.6781190923102651e-03	   9.1991054854392310e-02	   3.6827768122886428e-01	   3.7250748777879400e-02	  -1.3131612557081829e-02	   1.2883224491990190e-02	   2.3188540413935313e-01	   1.1272137693085793e-01	   1.4663037666416728e-01	   1.5523966951085205e-01	   2.4196720701334901e-01	   4.8707924163876849e-02	   1.9448459849247662e-01	   6.6839941099413908e-02	   2.4340510994498529e-01	   1.8803877404879599e-01	   2.3463304960219744e-01	   3.9708231719090020e-02	   4.3621979260293660e-02	  -1.4262476265967117e-01	   1.8076442735689865e-01	   2.4696086115274776e-01	   2.7726508884732615e-01	   1.4556521575393960e-01	   2.0627196591125746e-02	   5.3885754625089377e-02	
   6.4378140060078370e-01	   6.0934517280966682e-01	   8.8845132388546755e-01	   5.2059467542190141e-01	  -5.1382156021281621e-02	  -2.9591867523831605e-01	   0.0000000000000000e+00	   5.8400783334059170e-01	  -1.9993645432175553e-02	  -2.3255767384887926e-01	   5.8640963452064909e-01	   2.4745863719798508e-01	   1.3873524514320293e-01	   1.8907497837319448e-01	   1.3574986672152656e-01	   6.3444214068006100e-02	   1.4293762453298231e-01	   4.1294900517750055e-01	   6.8454564136265872e-01	   5.9457362184960239e-01	  -1.1763830784787406e-01	  -1.7425346546501486e-01	   7.1485170447632940e-01	   4.9431493188317599e-01	   1.1062736088723074e-01	  -2.1009993800519899e-01	   8.4505669394396049e-02	  -3.6513943978672206e-02	   1.3961694273623024e-01	   1.4172938964831697e-01	   4.1000026659511163e-01	   3.5917610905584740e-01	   4.8091204381849029e-01	   5.4780589125686807e-01	   4.0779332542745567e-01	   1.9677192659882906e-01	  -3.7250225151220823e-01	  -3.9644461547379417e-01	   5.0863304960017430e-01	   5.7367337072202440e-01	  -1.4301757156556760e-01	   2.1646336071237610e-01	   1.9074828844229513e-01	   1.8966038657670431e-01	   2.1250875179847478e-01	   2.3711898326857261e-01	   4.3701683050969764e-01	   4.0853140538241539e-01	   2.8610896145820763e-01	   3.6819352830706437e-01	   4.4293409098422343e-01	   4.6925864153063235e-01	   6.0652236835977458e-01	   6.3323809183751090e-01	   5.9618668362879446e-01	   6.1246773617401917e-01	   6.1124264330773981e-01	   5.9534772384524659e-01	   6.1458336280624759e-01	   4.9725634613959402e-01	   7.4192586849395381e-01	   4.3115434090698934e-01	   4.6112617715362980e-01	   4.4537060599118622e-01	   7.0282537024852143e-01	   2.0095298479467832e-01	   4.9076917083978833e-01	   3.2951071870371340e-01	   4.5529530920592415e-01	   2.4367990296705108e-01	   1.1397390544218742e-02	   5.6708492131900476e-02	   4.4326171959232918e-01	  -5.3517060143715656e-02	   6.5198142202880371e-01	   5.5990087958188495e-01	   3.6186514460899866e-01	   2.1995192107190609e-01	   2.3432430624980452e-01	   2.0682808961398697e-01	   3.3201507056612611e-01	   1.1381408122161432e-01	   5.1413391910840955e-01	   4.7716717863166874e-01	   3.9232306039159770e-01	   9.9906114853810846e-02	   3.6825666584259864e-01	   2.4137473442953739e-01	   5.2014096360887241e-01	   5.0302261671635229e-01	   4.3386271739819030e-02	   5.1306310212803119e-01	   1.2847330876479315e-01	   6.0562093095841607e-01	   1.7796177487875522e-01	   2.5445125807340624e-01	   3.2766755921352286e-01	   4.5750426733898641e-01	   5.0697990758810363e-01	   4.5888673918841388e-01	   1.6893291909128344e-01	   4.8857420774129873e-01	   2.2957741349750649e-01	   4.1035825762121342e-01	   2.6413437935764983e-01	   3.5005712085937657e-01	   1.1359072429370670e-01	   2.0393555607426306e-01	   3.0572572192317338e-01	   2.6753414683623977e-01	   4.3763251958673832e-01	   3.4031462429128945e-01	   3.5574610637294590e-01	   4.2014829118952152e-01	   3.5446752912888313e-01	  -1.0901870173527896e-01	
   5.2782455645391657e-01	   5.8191406758611963e-01	   5.6047543441128922e-01	   8.1405984888345984e-01	   2.1753018865265078e-01	   3.6079846889367877e-02	   5.8400783334059170e-01	   0.0000000000000000e+00	   1.8898042048664226e-01	   1.2542165883260908e-01	   3.7007196833803530e-01	   6.6621774741882989e-01	  -2.5255439908516553e-01	   4.9617338340286776e-01	  -2.8879502862342465e-01	   1.6056925333535255e-01	   2.8483351781209858e-02	   3.4274013695570593e-01	   6.1526180189979995e-01	   6.4508355494666525e-01	  -1.9608377081870285e-01	  -1.3084877972319434e-01	   3.4846346047359544e-01	   5.1645963951033769e-01	   3.9653922526229422e-02	  -7.2827048379218745e-02	   5.6449416009249213e-04	  -1.2221701447676545e-01	   1.2285895374335418e-01	   7.9727825516778511e-02	   2.0143405933100983e-01	   3.0635276683788643e-01	   4.5671494015905256e-01	   6.5003547905391612e-01	   3.9806761534437285e-01	   4.3819917162390631e-01	  -3.5855868701706650e-01	  -2.2638443032888489e-01	   2.7971651352667459e-01	   5.1749707073182583e-01	  -2.6153198780981318e-01	   3.4489163999910677e-01	   3.4279734803761641e-01	   2.3556015747236383e-01	   2.8672092303253482e-01	   3.9541593241204198e-01	   5.3745197399762934e-01	   4.1588285759735244e-01	   2.9711548325763554e-01	   3.7788570073299932e-01	   5.3240908844735635e-01	   4.7731613704567738e-01	   6.7791400538986046e-01	   6.0837403097952614e-01	   5.4056176314012849e-01	   5.6832375451709416e-01	   5.7462840383033453e-01	   5.8144299454777715e-01	   7.4779935676317755e-01	   6.4409464675295647e-01	   7.2455782960157311e-01	   8.0864088556353153e-01	   5.1729709571677840e-01	   4.0235953811968861e-01	   5.5618042989567096e-01	   6.2605292737964968e-01	   5.8838800584258366e-01	   6.1031875723063478e-01	   5.3672501602146827e-01	   4.0352875383815295e-01	   8.1190361093213426e-02	   2.0881294552842003e-01	   2.0778552043229409e-01	   2.6007168419260157e-01	   4.0976351584543003e-01	   4.7589999772031188e-01	   5.4492924672064391e-01	   5.3148603778753456e-01	   2.4497913390751661e-01	   1.1476915547693509e-01	   2.4781828546251503e-01	   1.6064984325373005e-01	   3.5916795202747248e-01	   5.1178417193725312e-01	   4.1351834144480992e-01	   3.9378302089724371e-01	   3.2932359599216404e-01	   6.2823148289873953e-02	   5.4236769092111281e-01	   5.2239039105019169e-01	   2.4088036754941905e-01	   4.4614898070613995e-01	   4.6824617184682654e-01	   3.5368025000561643e-01	   7.4694202472995769e-02	   2.7206721769493358e-01	   3.2079357900014338e-01	   6.1738208035384567e-01	   5.2604510833086804e-01	   5.0585328609154967e-01	   4.6367443252041801e-01	   4.5394948977939520e-01	   4.2814008162935108e-01	   4.1591852689598052e-01	   4.8215492111571556e-01	   4.3125128676753810e-01	   2.6186181315600271e-01	   2.0383038370162929e-01	   2.5724815777569376e-01	   2.8801577729734507e-01	   4.6943695433100002e-01	   5.5239832191206029e-01	   5.5726380410253551e-01	   5.1267691655892400e-01	   4.2971073835824075e-01	   1.2084319290664357e-01	
   1.2713392761628106e-01	   1.2860087577658733e-01	   8.1813463204515255e-02	   2.6010852186905420e-01	   8.5828228775168358e-01	   7.4645289109143409e-01	  -1.9993645432175553e-02	   1.8898042048664226e-01	   0.0000000000000000e+00	   8.0442971417866160e-01	  -8.8913575943157519e-02	   8.1975157087880376e-02	  -1.6369536144733221e-01	   1.6886264302606160e-02	   8.8643699559052852e-02	   3.4737743981635649e-01	   3.7272451933363787e-02	  -7.0650494045968848e-02	   1.6608534019403237e-01	   1.7183297180530782e-01	  -3.6889327321890306e-02	   3.2972991438361487e-01	   1.7894767804238008e-02	   1.9994397156450791e-01	   5.0649998636259552e-01	   6.2128706398054323e-01	   2.4542964301165870e-01	   2.8231335624267340e-01	   2.3187629642914070e-01	  -9.0549925335117160e-02	   2.3719291539226939e-01	   2.7342811274535717e-01	  -8.3244065561006220e-02	  -5.0321099931707344e-02	   3.6821051752670075e-01	   4.4502557957908950e-01	   1.0622811383998768e-02	   4.9920997782520821e-02	  -7.5435958570032269e-02	  -1.1267577609609353e-01	  -1.9619042122593625e-01	   9.4796128789820452e-03	   1.2305329608221120e-01	   1.8909903077481699e-01	   2.4235570817493468e-01	   2.5643222287790512e-01	   3.0722706859622406e-01	   1.7703884308217821e-01	   2.4515888346482873e-01	   2.8152783223368594e-01	   3.7633968046545707e-01	   3.4778402181240303e-01	   2.5049549748097766e-01	   1.7259918166961255e-01	   1.0222783798283783e-01	   1.0090331692165658e-03	   1.7279159134664351e-01	   1.5648377829914201e-01	   1.6281000039870225e-01	   1.7643588597616802e-01	   7.1684827947425533e-02	   2.1218187425693724e-01	  -4.2552539942946638e-02	  -5.1628627036470143e-02	   2.1764886336384312e-01	   4.1931496278099001e-01	   1.6522215156024631e-01	   1.8042116069923270e-01	   3.1063503374293738e-01	   2.2908603502890790e-01	   2.2114635241307518e-01	   2.8474814357181499e-01	  -4.1150031836404699e-01	   4.1319953254344099e-01	  -2.5053347084785632e-01	  -1.9798698667654049e-01	   9.2389809633484504e-02	   2.7019370323894631e-01	   7.1807766383902447e-02	   2.0902833850929517e-02	  -2.7359682937776431e-01	  -6.4417356637957723e-02	  -7.5869108377193337e-02	  -7.7420938056210128e-02	   6.0613992209167591e-02	   2.5596667636380982e-01	   2.5901848588440364e-02	  -9.8557211711259390e-02	   2.4122486840158264e-01	   2.0343786609140677e-01	   3.8309310341305199e-02	   2.0706615099041870e-01	   3.1849855021265405e-01	   1.6792374423699180e-01	   6.0914247854335357e-02	   1.0823918542983117e-01	   2.6698285854333779e-03	   1.6823028628754555e-01	   1.2385300501833979e-01	   1.9801662566187711e-01	   1.9338848530492289e-01	   1.2329713345511641e-01	   1.7328257796953511e-01	   1.4458721796606280e-01	   2.2731683218767235e-01	   1.8450770807001607e-01	   2.1831301581370149e-01	  -7.3289298949532830e-02	   1.5149459618575828e-01	  -6.3287739791203501e-03	   1.4385061125528567e-01	   2.3350413163423372e-01	   2.7336718941377725e-01	   2.0357395049997817e-01	   1.0594339762664823e-01	   1.7965016018445705e-03	
   3.4997135458187861e-02	   1.1464912237849104e-01	  -1.3925597971738032e-01	   2.1535196784343569e-01	   7.5770601081878175e-01	   9.3472477552049837e-01	  -2.3255767384887926e-01	   1.2542165883260908e-01	   8.0442971417866160e-01	   0.0000000000000000e+00	  -1.6114973052646425e-01	   1.3123436988891202e-01	  -1.6517208963976010e-01	  -3.8976432887445497e-02	  -5.8957854720403227e-02	   4.5522193523402155e-01	   2.5918117633683627e-02	  -1.3550224409287753e-01	   5.2775575570809363e-02	   1.8867828988385271e-01	   6.5935076400529966e-02	   4.8253534339567838e-01	  -2.0933793062330319e-01	   8.1882825616103050e-02	   3.7824021284579695e-01	   6.4315108595669690e-01	   2.5336708303843203e-01	   4.0172898485150210e-01	   9.2122165423110261e-02	  -9.5686434660218700e-02	   5.8360028033004547e-03	   5.9316886856949844e-02	  -1.9135816670040162e-01	  -1.2540370950385529e-01	   8.2040386234301238e-02	   3.1388800489606788e-01	   2.4764397702146013e-01	   1.6079031346023587e-01	  -7.0366979281231742e-02	  -8.1494230317489744e-02	   9.6340149546790779e-02	   1.0656810674614095e-02	   1.7945473911696375e-01	   2.8040245859525731e-01	   2.5869687888279724e-01	   2.6856288819948909e-01	   3.1096635054771388e-01	   2.9211311335232881e-01	   2.3238382215698311e-01	   2.1094628765453566e-01	   1.8741614227707054e-01	   2.0496258811661253e-01	   5.3834417749935838e-02	  -2.7580265891213405e-02	   5.5894144801077364e-02	   1.7764384445948887e-02	   8.3424055636790881e-02	   1.1070390940426114e-01	   8.9671914082580406e-02	   1.7171264376178588e-01	  -5.1138683153883688e-02	   2.7823796743888290e-01	  -4.1852746571898206e-02	   7.6686066849137480e-02	   2.1818899737922549e-02	   4.3650612092939378e-01	   7.6360151274747615e-02	   1.7555824890259486e-01	   1.9375995424735581e-01	   1.4421912269661083e-01	   2.2768596697351257e-01	   3.1056165301253535e-01	  -3.6253050186377977e-01	   4.7364907115542626e-01	  -3.9716350905389075e-01	  -2.8320420627320869e-01	   4.7428465757416174e-02	   3.2023898346010082e-01	   1.3125907868307189e-02	  -7.9713411998465364e-02	  -3.0102148831683062e-01	  -1.5367660979179160e-01	  -1.7392374748620559e-01	  -2.0653665645953159e-01	   4.2385446323123091e-02	   3.4752486170929348e-01	  -6.2730129028584866e-02	  -1.8331954927117741e-01	   1.7939082869857065e-01	   2.1545333620297208e-01	  -2.4570422814413712e-02	   1.1300009569266775e-01	   3.8801682762150130e-01	   6.6357446025107000e-02	  -5.3078250384928083e-02	   2.9074437057586631e-02	   9.5158770893741779e-02	   1.0964737654680057e-01	   1.6087611746081321e-01	   2.0483278109223385e-01	   2.6169251554281558e-01	   7.7766735566008091e-02	   1.9246224230766593e-01	   9.1333104592259878e-02	   2.4062120108405874e-01	   1.7836028954251415e-01	   2.4911968949306509e-01	  -2.2369804230368162e-02	   5.1836033561136252e-02	  -1.0952124182132503e-01	   1.5790388042655185e-01	   2.4475727604306763e-01	   3.1646102806408816e-01	   1.3662214326774047e-01	   7.6244112425018037e-02	   4.7560012678461119e-02	
   7.4275705204633913e-01	   5.4829145435597393e-01	   3.0710361967767746e-01	   1.6472572277271472e-01	  -2.2360392458526504e-01	  -2.2745708015772920e-01	   5.8640963452064909e-01	   3.7007196833803530e-01	  -8.8913575943157519e-02	  -1.6114973052646425e-01	   0.0000000000000000e+00	   4.5307023502515775e-01	   5.5171755927233845e-01	   4.4839372397000010e-01	   2.7884895109793356e-01	   1.6655142010865004e-01	   5.1457831465128034e-01	   6.5255708104310817e-01	   3.8964512394990292e-01	   3.0544667033105571e-01	   1.9463127754863439e-02	  -1.2197872210434428e-01	   9.6493919539671361e-02	   4.9645486321982235e-02	  -1.5221961066075501e-01	  -2.1132009914456656e-01	  -5.4261960857318978e-02	  -1.1301262568556086e-01	   4.4507342369282848e-01	   4.1179674797545146e-01	   6.6393919431109713e-02	   1.6409519019589133e-02	   3.5367008719892107e-01	   4.2179906808486350e-01	  -1.8568831383134657e-02	   2.6873908546284547e-02	  -2.5097504608117060e-02	   1.0523748678024411e-01	   4.3308096419155862e-01	   4.6436120287879218e-01	  -3.5405935029413291e-02	   2.6383581511625409e-01	   1.5097536228874761e-02	   9.2304109959755021e-02	   5.3660278041311099e-02	   3.2415943720339499e-02	   2.6687694350288005e-01	   2.5373094381085648e-01	  -3.1057426206065494e-02	   6.4530118867157787e-03	   1.5925041768886407e-02	   3.4801807921686453e-02	   2.5654798740682028e-01	   3.2707993609288433e-01	   2.7404784376415564e-01	   3.3239095676662100e-01	   5.9237466559448060e-01	   5.3858032860225769e-01	   2.5983300849817725e-01	   1.3022708484692525e-01	   5.4641671538310688e-01	   3.4799768253940477e-01	   6.3517882109229618e-01	   6.1742465071302866e-01	   1.9632412688519008e-01	   7.1662931402138724e-02	   1.2255466417038152e-01	   7.4603986827286084e-02	   2.8306010126502962e-01	   1.3179716824594878e-01	   8.5014047029473461e-02	   1.7895728698933969e-01	   4.5974790895085160e-01	   2.7982305192032242e-01	   5.6695839778048562e-01	   4.7080825413533961e-01	   2.7198397478956987e-01	   1.1101856747103497e-01	   3.4553242867197931e-01	   4.6691639681464497e-01	   5.3762864476786165e-01	   4.8718313660329987e-01	   1.9574955633128285e-01	   5.3562842848853676e-01	   1.9466924076304626e-01	   1.1407447696163071e-01	   2.2120226969608650e-02	  -5.1199695029296947e-03	   2.4106934269509497e-01	   2.0350680529951526e-01	  -6.4971025792386436e-02	   6.1770211230844155e-02	  -1.4747309974007255e-02	   7.2330595112676227e-02	  -1.3740672146694388e-01	   9.3315570566924327e-02	   1.4283227319908928e-01	   2.7090347678778343e-01	   2.0054619422982489e-01	   1.8049032893833697e-01	  -2.4287893649079677e-02	   9.5912031947611859e-02	   3.6642437520719030e-02	   7.4859171177256184e-02	   1.0876185595864517e-01	  -2.5801573049943866e-02	  -2.8565172677225460e-02	  -1.0031910524043915e-01	   3.9328528253658540e-02	   8.3624566422587226e-02	   3.2040139910838616e-01	   1.7669058798650147e-01	   8.4823972837492115e-02	  -8.3627402317075744e-02	  -1.1385479060243052e-01	  -2.7613688578216256e-01	
   5.0094244129071830e-01	   4.4374980820427662e-01	   2.3772554204518620e-01	   4.2786260301840084e-01	   4.3879515896252629e-03	  -4.8172627780882701e-02	   2.4745863719798508e-01	   6.6621774741882989e-01	   8.1975157087880376e-02	   1.3123436988891202e-01	   4.5307023502515775e-01	   0.0000000000000000e+00	  -8.7104385406620702e-02	   7.1061425144770862e-01	  -2.6356375125552201e-01	   9.7240022631684020e-02	   7.0831365032328314e-02	   2.3842954612230471e-01	   2.6843561817111183e-01	   3.2137639944973179e-01	  -3.5522214867812102e-01	  -2.7455619652352270e-01	  -8.1314230985965241e-02	   2.0645724409938276e-01	  -3.2030640220397727e-02	  -4.4725029205293455e-02	  -1.7633406483185349e-01	  -2.5311951548659983e-01	   1.6364710217508507e-01	   5.4581005912106087e-02	  -4.8093885946274062e-02	  -3.4104384299257747e-03	   3.6431048440202896e-01	   4.5694709583224785e-01	   9.6741485745590924e-02	   2.4515492979300174e-01	  -1.5173836290524334e-01	   4.8875316912269415e-02	   1.3871264267104227e-01	   3.4568853197247973e-01	  -1.7805148607853366e-01	   2.6058237952535102e-01	   2.7472366990987918e-01	   4.7730414654833866e-02	   1.8167260187305861e-01	   1.8782372544786746e-01	   2.7127858208704192e-01	   2.4442697442097208e-01	   1.4723074434630518e-01	   1.5339311260773933e-01	   1.8108481472938520e-01	   1.3857688377230637e-01	   2.4541971395981416e-01	   3.3371835204930922e-01	   2.8458759268214318e-01	   2.8288625811769741e-01	   4.3754790508350483e-01	   4.3696199317760753e-01	   3.4091295217807427e-01	   2.0703957345379614e-01	   5.9283413794983431e-01	   6.8259067913190652e-01	   4.7586452707119642e-01	   5.4632657885536418e-01	   1.9802052389534858e-01	   4.9293881737320716e-01	   1.8050636943731807e-01	   2.0539702613992250e-01	   3.0707414961964435e-01	   9.8919075718568159e-02	  -4.7154505197221801e-02	   1.6907573090527722e-01	   7.3379910512204077e-02	   3.4722876336572694e-01	   3.3685725048551568e-01	   2.2681471939133643e-01	   4.2198058035042707e-01	   3.3300842030451178e-01	   1.4907409653323331e-01	  -2.8893438178570260e-03	   1.5764372969573082e-01	   2.0351065967682352e-01	   1.1724266504706291e-01	   3.4344250273429522e-01	   2.9550028177450299e-01	   4.2045458656918355e-01	   5.9310592570441141e-02	  -1.6148748077846689e-01	   2.7340576506718001e-01	   2.6488807258062175e-01	   3.7491519967863055e-03	   6.6405294805951448e-02	   1.7770838430770464e-01	  -3.7542855388128953e-02	  -1.3341816538785913e-03	   1.0485728249239477e-01	   5.4280277695071398e-02	   3.1430681119666104e-01	   1.5922043244925005e-01	   2.2802576440732880e-01	   2.4657348475613597e-01	   1.6708648650236224e-01	   1.8443944541557086e-01	   1.6280265976833772e-01	   2.4455803415906502e-01	   1.4242115494569707e-01	   1.7039569763063683e-01	  -7.4495585462587541e-02	   1.0035715101220531e-01	   1.5696144958208538e-01	   2.6889619563820644e-01	   2.7448564591199176e-01	   2.6672030583485740e-01	   1.2309720150295429e-01	   1.3677875708354537e-01	   1.8007739752673266e-01	
   2.9673236243161283e-01	   2.5103121252279988e-02	  -1.1567592148451283e-01	  -3.7759645147112164e-01	  -2.6013097628458520e-01	  -1.3783021395825265e-01	   1.3873524514320293e-01	  -2.5255439908516553e-01	  -1.6369536144733221e-01	  -1.6517208963976010e-01	   5.5171755927233845e-01	  -8.7104385406620702e-02	   0.0000000000000000e+00	   2.1983979351982733e-01	   7.0067661582597562e-01	   3.0435060496238836e-01	   4.1283606340305234e-01	   3.2890720784620864e-01	  -1.5686093064608114e-01	  -6.2507616348464079e-02	   3.4338444736844131e-01	   9.9184189654082697e-02	   1.6098046941154062e-02	  -1.9482048042122002e-01	  -2.2210213272863277e-01	  -2.1694500851982124e-01	   1.3162906855895837e-01	   1.4947750324889156e-01	   3.1635651791214325e-01	   4.5575156193541011e-01	  -1.7520563087846641e-01	  -2.4407918740380241e-01	  -4.9366119497318832e-02	  -9.0673244108076742e-02	  -4.0665255023262664e-01	  -3.7568446467269201e-01	   1.6589337722113942e-01	   2.1442846592019416e-01	   2.8283887354275689e-01	   1.6320635673902775e-01	   1.4106061114493845e-01	   4.5418382793017339e-02	  -1.2264186449860556e-01	  -5.5883529976960174e-02	  -2.8635489703689293e-01	  -3.5004638854652903e-01	  -2.3265519649050055e-02	  -2.3059586495234066e-02	  -3.1416947304997228e-01	  -3.4159792096742686e-01	  -4.2208703501238026e-01	  -3.4970285185253430e-01	  -2.3414999889428678e-01	  -1.7531356517676125e-01	  -1.3781630461970426e-01	   1.4637075235296559e-02	   1.1490748499191247e-01	   5.3505807290972734e-02	  -3.0626589639465585e-01	  -2.0459692329604831e-01	  -8.7965916590148671e-02	  -2.8837128907060766e-01	   1.9629366251874636e-01	   1.7073875377701084e-01	  -2.8283389414037663e-01	  -3.5294462958264355e-01	  -3.9898110934286413e-01	  -4.0387436040566183e-01	  -1.2302234963425852e-01	  -2.0691654299819928e-01	  -2.5214618092570174e-01	  -2.6805547721575507e-01	   2.9241508683981732e-01	  -6.0022230038518996e-02	  -1.9802759795348058e-02	   4.4381112373156943e-02	  -2.5860721904999856e-01	  -3.2140781768910837e-01	   1.1657024186998638e-01	   3.6051004883881271e-01	   3.5465991693746513e-01	   3.5939074150146461e-01	   3.9923075190479414e-03	   2.7236158913031078e-01	  -1.3673099962542425e-02	  -1.2153284478886618e-01	  -1.8109813133983810e-01	   4.7030375579644908e-02	  -1.9273623252530717e-01	  -1.6678284638354962e-01	  -1.3261042330082368e-01	  -3.8651481734106363e-01	  -3.5010569072420794e-01	  -2.5022116598897326e-01	  -2.3045962975939566e-01	  -1.0244924970606765e-01	  -1.0872567454846334e-01	  -1.6564377053823695e-01	  -1.9992222465686688e-01	  -2.4828234913929687e-01	  -3.8611380160386205e-01	  -3.2691585463193706e-01	  -3.5122121556324404e-01	  -3.3575284426878643e-01	  -3.5788512256359450e-01	  -5.2955977860133918e-01	  -3.7129755921214846e-01	  -2.6418066949054603e-01	  -2.3036085061706268e-01	  -1.4565207016016563e-01	  -2.4485550702568731e-01	  -3.0119405857445297e-01	  -4.5382436745906390e-01	  -5.1299744367283251e-01	  -3.6996587550371651e-01	  -4.7086799989603489e-01	
