   0.0000000000000000e+00	   5.9449962910765963e-01	   1.2694493406428373e-01	   1.5967486942185949e-01	  -4.9522540846425392e-02	  -2.3373549181654553e-02	   1.9708214411097807e-01	   1.0537591388994727e-01	   1.2680491406384106e-01	   1.4383757520518947e-01	   6.4805220516068107e-01	   3.5820530000184653e-01	   5.0429314358693267e-01	   2.8204363833582868e-01	   2.1231832378659030e-01	   1.1095613105359708e-01	   7.3136264508655313e-01	   6.2317937773498200e-01	   6.2032211826343353e-01	   6.0549889314520944e-01	  -9.8932733819568033e-02	  -2.5612672337527842e-01	   3.6529407991751522e-01	   2.6402990802764648e-01	   3.1006635357323176e-01	   2.2604294016963944e-01	  -1.2064974249802904e-01	  -5.8245724229283946e-03	   3.1651891288357176e-01	   2.8732676147887970e-01	   2.4679432047865468e-01	   2.2380841431807513e-01	   2.7594407847132230e-01	   2.4700100193609847e-01	   3.8950107127987514e-03	  -5.6644275074410354e-02	  -2.2282175521318498e-01	  -2.1722633737884667e-01	  -7.7058357047676718e-02	  -1.8080318144519068e-02	  -3.0440740454455256e-02	  -2.0685660688431887e-01	   3.2749392657112164e-01	   3.0478856155175205e-01	   3.2642801477934180e-01	   1.9268615697402142e-01	   2.6288136785944349e-01	   2.7731170705183777e-01	   1.7275620864896657e-01	   2.2363828290259288e-01	   1.1017542049892805e-01	   1.0962081590432092e-01	   1.7265320932778122e-01	   2.4264161184173696e-01	   2.6238293645493072e-01	   2.1621258252448605e-01	   6.4349524719402640e-01	   5.2119432007912703e-01	   5.9274680398577820e-02	   1.1246142327900474e-01	  -1.6180576393418196e-02	  -6.0439199905425928e-02	   5.8987716831955450e-01	   1.1937090437322946e-01	   4.2484515815520166e-02	  -1.4956025483952884e-01	   4.6142545239349450e-02	   9.0469087917072755e-02	   3.7876970387062603e-01	   9.8975489113926785e-02	   2.7857825145383930e-01	   2.0859934913690498e-01	   4.4789156739500513e-01	   3.8120512145610286e-01	   3.3213030447321101e-01	   4.4899833961409807e-01	   3.6154260784577830e-01	   1.6338810926369760e-01	   5.3855301772253672e-01	   4.9939323112830691e-01	   5.9101002371945788e-01	   5.1620229339657153e-01	   2.0331430321713517e-01	   2.2973693892294908e-01	   3.0033657061716357e-01	   1.9533439612567838e-01	   2.2047155743828173e-01	   3.6533487696013589e-01	   1.8108901491323406e-01	   2.1830168564708069e-01	   6.5150409881416779e-02	   1.7720570045818637e-01	  -1.1963182546661896e-01	  -8.1267826739436277e-02	   1.9742208467024691e-01	   8.7813043030848123e-02	   2.9173000838647350e-01	   4.5186174373410054e-01	   3.8570045512023110e-01	   4.0092311202372050e-01	   8.0426812245295937e-02	   1.4861962558598241e-01	   4.6537249260208269e-01	   5.0177805515663254e-01	   3.9420868194295876e-02	   1.2166496799832134e-01	   2.4927596213392275e-01	   2.9956436803788467e-01	   6.5027379728623297e-02	   2.0152039389223206e-01	   3.3979556233410735e-01	   1.5717636173764599e-01	   1.3221904203921800e-01	   3.5094119079848196e-01	   1.5723834785810237e-01	  -1.4076101734878815e-01	
   5.9449962910765963e-01	   0.0000000000000000e+00	   3.5127213003391877e-01	   4.7857391632848645e-01	   1.9323097629920347e-01	   2.7620578954986325e-01	   3.3111819119137142e-01	   4.3911436638128576e-01	   2.1509594729830361e-01	   2.9855288580992606e-01	   3.7162167866885920e-01	   6.7037603066695162e-01	   3.6304738149221666e-01	   4.5179146915335933e-01	   2.0399299745599297e-01	   4.0203329993644099e-01	   3.6065888050542638e-01	   6.1454575148668245e-01	   7.1974421997826643e-01	   6.6766592058513130e-01	   1.3089953979886898e-01	   6.7910948487840517e-02	   3.0632579844183505e-01	   4.0963650736676055e-01	   2.5128482665400886e-01	   1.1689286833599673e-01	  -4.9893793102862391e-02	   8.1935690183001592e-02	   2.0323336261729272e-01	   2.7423993113789813e-01	   3.1543463175655839e-01	   1.9338356534757972e-01	   3.6296580849832505e-01	   4.2457257960379052e-01	   2.1612839140672302e-01	   2.0827334505008710e-01	  -1.1212843809307697e-02	  -1.1283080042495071e-01	   2.0578817853212478e-01	   1.8779304117025925e-01	   1.3492345316181453e-01	   4.1985068646148933e-02	   5.5712914167509542e-01	   5.2560560742647711e-01	   5.1524788336204852e-01	   5.4893629799157639e-01	   4.9317053336906597e-01	   4.6603663868284789e-01	   3.9019866725941565e-01	   4.5954425388035591e-01	   3.0642228135782773e-01	   3.7741836262705142e-01	   3.9454278009064442e-01	   5.2062715664500647e-01	   4.7666219874084603e-01	   3.8283268220069355e-01	   5.3026644030392156e-01	   7.6511307432233711e-01	   2.3507518352868650e-01	   3.7029284015714725e-01	   2.5533604299708773e-01	   1.7805641316079354e-01	   4.0691809968944170e-01	   2.6916098608725597e-01	   2.3834012761973225e-01	   2.0517503180107904e-01	   4.0560067982137882e-01	   4.6980649927383411e-01	   5.5851460545964282e-01	   2.9914583661326716e-01	   3.8134040197479313e-01	   2.5126395577463900e-01	   5.0336731198609186e-01	   6.1578397580301059e-01	   3.5111403708036454e-01	   5.8676831674749774e-01	   4.7425371427268848e-01	   4.2944436946439246e-01	   2.5505218495451992e-01	   4.7021946006614301e-01	   2.6389913205938520e-01	   3.9962909838787564e-01	   3.8280231776789231e-01	   3.2257399815136356e-01	   3.3155059912927753e-01	   2.2030400720590734e-01	   3.3990805965122212e-01	   3.6597932395266397e-01	   3.6827193736695790e-01	   3.0086029459436808e-01	   4.1995415637857220e-01	   2.5856077254659982e-01	   1.1357082475669401e-01	   1.0445708482094493e-01	  -1.1290719375633568e-01	  -1.2451851762910821e-01	   3.3071533273390619e-01	   2.0864324092976247e-01	   6.4839700837088443e-01	   4.6786599582544214e-01	   3.2462353301714342e-01	   3.1273800859515527e-01	   4.5073613725035988e-01	   4.7339887818855725e-01	   1.4237643537969141e-01	   2.8497748847856874e-01	   4.2117390206877170e-01	   2.4908688539388302e-01	  -2.2439079039080251e-01	  -3.5565300573106834e-02	   5.1072020468780011e-01	   4.1796721992437724e-01	   3.9437317953500123e-01	   6.5213569072424715e-01	   3.3658451861055833e-01	   1.2195387195456107e-01	
   1.2694493406428373e-01	   3.5127213003391877e-01	   0.0000000000000000e+00	   6.7937749436527484e-01	   7.8287704425301441e-01	   6.8368472686715798e-01	   8.6322423873448761e-01	   6.0925645767028447e-01	   5.8020845541018640e-01	   6.1556284200928668e-01	   2.0404167380480315e-01	   3.0462280024979616e-01	   2.9114851688754678e-01	   1.7265684753864968e-01	   6.9896392213503433e-01	   5.8429167051561881e-01	  -8.1141388294374395e-02	   1.0513193407782698e-01	   5.7450772280742324e-01	   4.5665331362413625e-01	   4.4387135158479862e-01	   4.7091645072344868e-01	   7.2722330290088821e-01	   6.8137024695771187e-01	   5.9958812323099475e-01	   4.8675488577179216e-01	   4.1531008133768249e-01	   4.1136026715442664e-01	  -6.0415038651930666e-02	  -1.0570327924098506e-01	   3.1943898222266942e-01	   2.4745184197306064e-01	   3.9482300392705039e-01	   4.9207132206843485e-01	   7.2204612441575655e-01	   5.9759820406318165e-01	   1.2980850826329543e-01	   1.7466934577523002e-01	   4.6301948348977989e-01	   3.7055846153640060e-01	   2.4529583090212326e-01	   1.9965198325618994e-01	   4.1382012578675459e-01	   2.1083414332311118e-01	   3.7598500730484730e-01	   3.0013631660050299e-01	   2.0887261540525170e-01	   1.9439737137129848e-01	   1.1725821676414555e-01	   9.3653860931584454e-02	   2.7413288896946403e-01	   1.2582907636055971e-01	   4.0965762116392779e-01	   2.5469407468383920e-01	   3.5477147281385274e-01	   3.0249186052359400e-01	   1.3115926648056864e-01	   3.0076703306704089e-01	   3.2035783090238684e-01	   2.7213852033845115e-01	   6.0060600707676270e-01	   2.4709977691960860e-01	   1.1907809459053262e-01	   6.4698563258700048e-02	   6.6447678323075743e-01	   4.9506432181638360e-01	   6.3078335533543417e-01	   6.3340839390603343e-01	   4.6531404078126198e-01	   4.2230364867580256e-01	   4.1762710553779092e-01	   4.3584464511267762e-01	   4.7075062993778638e-01	   3.5147482734531377e-01	   3.1656430644006817e-01	   2.5014237951878904e-01	   2.5132514500341169e-01	   4.3004068508760995e-01	  -1.8462009038280186e-02	   1.6434475843858365e-01	   2.4069774955722094e-02	   2.6265661450352135e-01	   5.5537506198272291e-01	   5.3342489955872829e-01	   6.3468320056975114e-01	   4.6337866924639559e-01	   4.5592753824878862e-01	   4.6056325643365426e-01	   4.7445763091733051e-01	   3.4912883469784378e-01	   5.1035674156802191e-01	   5.1303018741996997e-01	   4.5846270855202587e-01	   4.7616316305195761e-01	  -1.6374732492900335e-01	  -3.5742318519129984e-01	   3.3791495061013588e-01	  -5.2660261671281849e-02	   4.2794974863640162e-01	   3.0400832884558482e-01	   3.4445585774661880e-01	   3.5655727548725052e-01	   3.8291869580951141e-02	   9.5236566334099382e-02	   2.2641230419648543e-02	   2.4680335006321436e-01	   1.7798799380131866e-01	   1.1263196898975790e-01	  -2.7071408638075012e-01	  -2.9490939655116277e-01	   3.5445282520240401e-01	   4.0134057288299740e-01	   2.6545374926059462e-01	   4.0618674203785277e-01	   2.0206407245799723e-01	   3.2274167417500871e-01	
   1.5967486942185949e-01	   4.7857391632848645e-01	   6.7937749436527484e-01	   0.0000000000000000e+00	   4.5228932836280233e-01	   7.2730334243771633e-01	   7.4292012171254584e-01	   9.0500562218017633e-01	   6.0486230952643072e-01	   7.1500137228946292e-01	   2.1082229828352642e-01	   4.9210581451463087e-01	   2.5489006259769453e-01	   2.2283725780895280e-01	   4.4312616033477081e-01	   5.1031668726913770e-01	   2.3567435049095260e-02	   1.5810665850629529e-01	   5.8616344322997271e-01	   5.4533677768051592e-01	   5.5189694468192718e-01	   4.1483070909400233e-01	   5.2826127519650057e-01	   8.0200121409230052e-01	   5.1598228780293920e-01	   5.3467151930167889e-01	   7.8587730397977618e-02	   2.6499941390910720e-01	  -2.6550161965772451e-01	  -1.9241640208824548e-01	   6.3262323179288441e-02	   5.7400344167422096e-02	   2.0033559919751426e-01	   4.4342657258600637e-01	   6.0123527138676369e-01	   5.9159921004390459e-01	   2.2039059105728226e-01	   3.2715472863123640e-01	   4.2057936944599572e-01	   4.8242213013437185e-01	   4.0876131555129008e-01	   4.3831864354292049e-01	   5.2895439404701794e-01	   3.0935409961823379e-01	   3.7664453255351316e-01	   4.9384183162738049e-01	   3.0072305438541302e-01	   2.1858043432070978e-01	   3.4036996478355286e-01	   2.8369846120864051e-01	   4.6772072524954117e-01	   2.9511976247527105e-01	   6.5094073519773610e-01	   3.7405499540886811e-01	   3.9748645012893358e-01	   3.4082218378192408e-01	   1.2581654228203384e-01	   3.7743981353433304e-01	   4.0223502346968926e-01	   4.0555066713853505e-01	   3.8584140281192819e-01	   4.2475079149080280e-01	   1.4217118596562764e-01	   2.1884201288650462e-01	   4.8290326859578464e-01	   6.9731549041566310e-01	   6.2278148922467702e-01	   8.0419568906866412e-01	   5.5560895032423940e-01	   4.5544806922596814e-01	   2.7917814227856164e-01	   5.4359484778953937e-01	   3.1016594045350615e-01	   3.6003641715710477e-01	   2.8845177025683166e-01	   3.7181690839291320e-01	   4.3170236010952517e-01	   5.2121331578869701e-01	  -1.8533054644251112e-01	   1.1680249122897013e-01	   2.0545855746802493e-02	   3.4017331166017911e-01	   5.3674192782810348e-01	   4.5359588876237072e-01	   4.5186647131468494e-01	   5.7353264032520501e-01	   5.4768927505565412e-01	   6.0244013040155975e-01	   5.5062875890679175e-01	   5.5008569877913538e-01	   7.3097340432525149e-01	   5.5048632705438760e-01	   6.0995264822757789e-01	   5.5996632476621500e-01	  -2.4911776572633570e-01	  -5.0823470967443996e-01	   2.8177626494014102e-01	  -1.2828309429302101e-01	   6.3041545133632859e-01	   3.7118959951571917e-01	   4.5351286323463835e-01	   4.7568029111908350e-01	   1.5648302626470312e-01	   2.8141736588932098e-01	   2.2081718349148638e-01	   3.7198622969243489e-01	   2.4718312616708576e-01	   1.3205143326881488e-01	  -3.9093437051767432e-01	  -3.0457689106469110e-01	   4.1015471957042671e-01	   6.4784454482735543e-01	   6.0711226991982958e-01	   5.3747598676589436e-01	   3.1097913469332972e-01	   3.6222331116496759e-01	
  -4.9522540846425392e-02	   1.9323097629920347e-01	   7.8287704425301441e-01	   4.5228932836280233e-01	   0.0000000000000000e+00	   7.2177461174491786e-01	   7.1327229220272603e-01	   4.1799622416912779e-01	   7.0214297465174502e-01	   5.9195540367244481e-01	   9.5661004789618295e-03	   1.8570713932615351e-01	   3.5610692912576164e-01	   1.6438034371647306e-01	   7.6835752365662535e-01	   6.0972769332480614e-01	  -2.6210343361422667e-01	  -1.2914984661637105e-01	   3.2443506675215555e-01	   2.9646432616178164e-01	   4.5742756521789085e-01	   5.2570923641765477e-01	   4.0343643610684488e-01	   4.3378507478646755e-01	   5.0216978580928318e-01	   3.8758039659572452e-01	   6.4983925835664247e-01	   6.4111729999027689e-01	  -6.7938178738038812e-02	  -1.8660016797287532e-01	   6.8759473399313931e-02	  -2.2801512607133357e-02	   1.6995045399578046e-01	   2.4339353890937271e-01	   4.6634926813712319e-01	   4.0585044990318958e-01	   2.4843905028478130e-01	   3.3636193443590445e-01	   5.6109659341131279e-01	   5.2825698646820407e-01	   1.6805738461676253e-01	   2.1316846889582411e-01	   3.0371499885754938e-01	   9.1188329858092249e-02	   1.5729001070909271e-01	   1.4237391823338297e-01	   1.5812048617544866e-01	   1.3700008097126407e-01	  -1.6438617838900684e-02	   2.9444249629464535e-02	   1.9955183830277443e-01	   1.8690869913906105e-01	   3.9622248188156184e-01	   2.4431577615527536e-01	   4.7125938478359619e-01	   4.7645447452094808e-01	   5.2680377494658252e-02	   1.9361893360956670e-01	   3.8402141571375348e-01	   4.1371147960213722e-01	   6.0060852646852725e-01	   2.7203233276760319e-01	  -1.8798414963651738e-01	  -5.5775571891094722e-02	   4.7704974938866346e-01	   3.8796182665140988e-01	   4.8398253023101734e-01	   4.3366529940152904e-01	   4.0159438781653312e-01	   4.4590374085944373e-01	   2.7901963555932702e-01	   1.7189556569803116e-01	   3.0916834310342761e-01	   2.2738394284133343e-01	   1.2957196594957560e-01	   1.5438969904160604e-02	   8.6881858928623809e-02	   1.7777338879765453e-01	  -4.7874897069218637e-02	   4.5330168231857620e-02	  -1.4299966197364050e-01	  -1.1085857500440085e-02	   4.1726575959319911e-01	   3.1438256254115121e-01	   4.1537778286016008e-01	   4.0749153167555252e-01	   3.3915068525070269e-01	   2.4715261384354975e-01	   5.0319756216408507e-01	   3.9352101201772105e-01	   4.1844927829175527e-01	   4.2567343987439393e-01	   4.8496041512069182e-01	   3.7575829436598474e-01	  -3.1014134066431583e-03	  -1.3037444875775112e-01	   4.1506653840160201e-01	   2.6151232839412016e-02	   3.4082086731127381e-01	   2.6145841119459112e-01	   3.6176293978208318e-01	   9.0111348741240910e-02	   1.3041936101981535e-02	  -2.1445681251772369e-01	   1.4191785767454496e-02	   7.8576335614619561e-02	   4.5051935541999419e-02	  -8.0226729888696849e-02	  -1.4151256590260983e-01	  -9.5666168415395381e-02	   2.7454901811380766e-01	   2.2841850005485748e-01	   1.7079406942409558e-01	   2.0609183640015999e-01	   6.5019715029139474e-02	   1.5051787753016155e-01	
  -2.3373549181654553e-02	   2.7620578954986325e-01	   6.8368472686715798e-01	   7.2730334243771633e-01	   7.2177461174491786e-01	   0.0000000000000000e+00	   6.4912660916150222e-01	   6.8244045171385070e-01	   7.9029782511452495e-01	   8.7038762510450574e-01	   3.3561568790752977e-02	   2.6016101960506621e-01	   1.4042475751009470e-01	   1.0618713470353118e-01	   6.3717912051111969e-01	   7.0178318488274960e-01	  -2.0684261873132195e-01	  -3.9529053805604251e-02	   4.1775359359267195e-01	   4.1723973380376977e-01	   6.0637116013441772e-01	   5.1509275610900163e-01	   4.5021139439570756e-01	   6.4114965511583699e-01	   5.2733436519754429e-01	   5.4918262832631703e-01	   4.7873776567115384e-01	   6.9809408637339521e-01	  -1.6942079392388421e-01	  -1.5142440298601556e-01	   1.9438051664506392e-02	  -6.6569345905072602e-02	   1.5146819703705089e-01	   3.6451271831293330e-01	   5.6557638505194363e-01	   5.5587253265539505e-01	   2.4606994559469952e-01	   4.1607386669671675e-01	   5.3818795634838956e-01	   5.5899965053281853e-01	   2.8596230703355335e-01	   3.4631892850407131e-01	   3.6387509470712115e-01	   1.6418515280839607e-01	   2.9450698722230528e-01	   3.8466467301327600e-01	   1.9392130923723144e-01	   1.3918024454992783e-01	   1.2741071075501950e-01	   1.3094052306645576e-01	   2.5676673931366095e-01	   2.3372269338354937e-01	   5.5422005911216232e-01	   2.6261748858707634e-01	   4.4888523544487680e-01	   4.3541750544035185e-01	  -3.5621613406217646e-03	   2.3118639779500477e-01	   4.0246885229888824e-01	   5.0871573171244100e-01	   4.2448215889682728e-01	   4.3692384354551467e-01	  -8.6450942713472256e-02	   3.9451885364828868e-02	   4.7553366459377183e-01	   5.6028269927786534e-01	   5.5601024863828974e-01	   6.6687821512957046e-01	   4.7856434810377835e-01	   4.2310259584290377e-01	   3.2167229435149525e-01	   3.9564389453546339e-01	   2.7167339279926367e-01	   2.5563589450371843e-01	   9.6659403562392748e-02	   7.6636931235581324e-02	   2.3971857925823944e-01	   4.5679852047560154e-01	  -1.7679514735192253e-01	   4.5852106716454295e-02	  -1.4416792823040850e-01	   1.2606170309104889e-01	   5.1423476803883528e-01	   4.7243917015716569e-01	   3.9590627239860465e-01	   5.0868710058694688e-01	   4.7820651143238957e-01	   5.0605456378112290e-01	   5.6652555611937561e-01	   5.8252992942162729e-01	   6.3964924832705239e-01	   4.8067241944904981e-01	   6.4361089254442283e-01	   5.2259607267839858e-01	  -5.7850977058148650e-02	  -3.0595755273586872e-01	   4.1860363663362143e-01	  -3.3020474322348670e-02	   4.9812395735925580e-01	   2.9106229316740051e-01	   4.8929350498802049e-01	   3.4169833436576180e-01	   1.1532771020286028e-01	   5.0524308993117342e-02	   1.6429343015141440e-01	   2.8084261459572257e-01	   1.6759101278512051e-01	   7.6298041540938583e-02	  -2.3078069398547862e-01	  -1.2884061232498939e-01	   3.0733719602122944e-01	   4.3722962612345018e-01	   4.5215019598906492e-01	   3.7350278038972951e-01	   1.5483172770008199e-01	   2.7142070265536966e-01	
   1.9708214411097807e-01	   3.3111819119137142e-01	   8.6322423873448761e-01	   7.4292012171254584e-01	   7.1327229220272603e-01	   6.4912660916150222e-01	   0.0000000000000000e+00	   7.5986822275650345e-01	   6.6375475659390304e-01	   5.7999332797558800e-01	   3.6512764983232354e-01	   3.9534614139502727e-01	   4.8245720692080835e-01	   2.1261759951607834e-01	   6.1810626492809151e-01	   4.8424358119381239e-01	   5.1623153303043318e-02	   8.3875310321284147e-02	   5.2874256091694605e-01	   4.7100156199525489e-01	   4.3143272987330916e-01	   3.8227839433342853e-01	   6.4218522916865362e-01	   7.0637782810301342e-01	   6.1274745299398203e-01	   5.1190787600103671e-01	   3.3494121381171371e-01	   3.4121178086037290e-01	  -8.7917134156078991e-02	  -1.0551410500563513e-01	   1.6765678671467554e-01	   1.4495712348649376e-01	   3.5681660826151962e-01	   4.8244506487256789e-01	   6.3405843407717466e-01	   5.4970870868397581e-01	   9.6155274468054011e-02	   1.6838033177176903e-01	   4.4736849504623383e-01	   3.8343191547167821e-01	   2.0777410486441755e-01	   1.4092183075576714e-01	   4.4910345650084993e-01	   1.9240914238073412e-01	   3.3564316873207523e-01	   2.7006827664963962e-01	   1.8797459570781111e-01	   1.8077236878933195e-01	   1.0956590049983042e-01	   7.9614515914441242e-02	   3.4950366115918563e-01	   1.1894175340524532e-01	   5.1197780521333891e-01	   1.7377204769156074e-01	   4.4442279821528208e-01	   3.4235305230693525e-01	   1.0722895483784316e-01	   2.8743135371604306e-01	   3.5511981163717476e-01	   2.9594168576125057e-01	   6.3568191866118662e-01	   3.1448300799662016e-01	   1.9221154196176624e-01	   1.6810546285253031e-01	   6.1389391547447447e-01	   5.4053753858343034e-01	   6.0922880171254912e-01	   6.6013632380027709e-01	   4.0660841601560704e-01	   3.6998925625416168e-01	   3.6430211340105623e-01	   4.5990549430838834e-01	   4.5382613103630975e-01	   3.7858487993338064e-01	   2.9111519724817270e-01	   2.6358733292482783e-01	   2.7453343210614672e-01	   3.3853046293260108e-01	   1.3162783295647740e-02	   1.1122857980599302e-01	   1.7126683302351370e-01	   3.6013946729364588e-01	   4.6296904994012472e-01	   4.4315345772250669e-01	   6.1904573210582547e-01	   5.7294968070430718e-01	   5.0544678051280534e-01	   5.1162777404087212e-01	   5.7907314375923424e-01	   4.4922545304244738e-01	   5.9351984757204290e-01	   5.9111958866297121e-01	   5.4249884310434382e-01	   4.8185023988940384e-01	  -8.5791290955865754e-02	  -3.4723112751389229e-01	   3.8085832754783877e-01	  -1.9399136184142809e-02	   4.7383390741102477e-01	   3.5402928869129874e-01	   4.2754973862180268e-01	   3.8850884104425265e-01	   1.4631472944984222e-01	   8.7036358347375553e-02	   2.4194592152718273e-02	   2.0059248065180188e-01	   2.3270673490894200e-01	   1.4959281056610688e-01	  -2.0504822503346959e-01	  -2.1710657654557616e-01	   4.2595061930603290e-01	   4.3672139609610411e-01	   3.6175119666231648e-01	   4.1677974342461299e-01	   2.0203629334747358e-01	   2.0807594700360882e-01	
   1.0537591388994727e-01	   4.3911436638128576e-01	   6.0925645767028447e-01	   9.0500562218017633e-01	   4.1799622416912779e-01	   6.8244045171385070e-01	   7.5986822275650345e-01	   0.0000000000000000e+00	   6.2201912306469553e-01	   6.1940116416407331e-01	   2.3336718249461041e-01	   5.2745629963086027e-01	   2.7654481932914049e-01	   2.2752179925673011e-01	   3.7749250815991997e-01	   4.3582610896298868e-01	   9.5175621804020998e-03	   1.1017857319977653e-01	   4.6949467493297514e-01	   4.4777615479745098e-01	   4.5516581477427603e-01	   3.4300200663555924e-01	   4.7875683859576368e-01	   7.2068724771056170e-01	   4.7790999539560286e-01	   4.7966140860316708e-01	   1.3841504778929528e-01	   2.4800430136823542e-01	  -2.4318975296873557e-01	  -1.2047508309892542e-01	   2.8802659363699433e-02	   1.3306105613840435e-03	   1.9659960004775365e-01	   4.8085357676981078e-01	   5.2527705950562986e-01	   5.3761945546423517e-01	   1.4761207864121056e-01	   2.5512240331525660e-01	   4.0441106741056831e-01	   4.0243698546936657e-01	   3.0024134880818570e-01	   2.7816242730785423e-01	   4.9652041607633113e-01	   2.9958161673791750e-01	   3.2367884926791912e-01	   4.6157072048415371e-01	   2.8330232683918843e-01	   1.9787719225115852e-01	   3.4698617331338205e-01	   2.6979873270884741e-01	   5.2739587512953490e-01	   3.1554339073751703e-01	   6.9367113407642722e-01	   3.6312424418329226e-01	   4.5887053411000989e-01	   3.5948764334483840e-01	  -2.4249119360714739e-02	   3.3122712827567785e-01	   4.5305186630040395e-01	   4.6076233440382153e-01	   4.9520950939956443e-01	   5.5386741773793347e-01	   1.8102264710735372e-01	   3.2774266683681719e-01	   4.9364786015383921e-01	   6.8816248850273454e-01	   6.0320864441724864e-01	   7.6872739803275725e-01	   4.1195343789083982e-01	   3.1161850985756123e-01	   2.5833872031627148e-01	   4.8576287795138851e-01	   2.5216884816377799e-01	   3.9735741304371186e-01	   2.0509562828959249e-01	   2.8755740416930992e-01	   2.9939274466119520e-01	   3.9384944984617348e-01	  -1.6290844925506598e-01	   8.2730842575610544e-02	   4.6265204038295635e-02	   3.0501583616605243e-01	   4.3912576854653496e-01	   3.5953675213377623e-01	   4.6988565276455047e-01	   5.6395399969222415e-01	   5.2441746653490662e-01	   5.4143899625780056e-01	   5.7736789196752691e-01	   5.7808423681446897e-01	   6.9102114323328578e-01	   5.1335567240729718e-01	   5.9810317631300380e-01	   5.1736012815415389e-01	  -1.8006070073369532e-01	  -4.5203119964900462e-01	   2.6126950745585015e-01	  -1.1575325239995052e-01	   5.7495438767550000e-01	   3.7372974776598300e-01	   3.9933309010179474e-01	   4.4816845486094881e-01	   1.1839907046095877e-01	   2.2849835142280656e-01	   1.3999887775732872e-01	   3.0385656764781577e-01	   1.9707731601294912e-01	   1.9091288858360939e-01	  -3.2235763324580702e-01	  -3.0791750590165085e-01	   3.5526599433420225e-01	   5.6642520292599519e-01	   6.0137147502091515e-01	   4.7936968093526722e-01	   2.2471252989420304e-01	   3.0650130917834151e-01	
   1.2680491406384106e-01	   2.1509594729830361e-01	   5.8020845541018640e-01	   6.0486230952643072e-01	   7.0214297465174502e-01	   7.9029782511452495e-01	   6.6375475659390304e-01	   6.2201912306469553e-01	   0.0000000000000000e+00	   7.4678898635875235e-01	   2.8637136333415408e-01	   1.3033000093258573e-01	   3.5836975470748511e-01	   4.5653159880513779e-02	   6.9249327090012058e-01	   5.4755657082033826e-01	   9.0487728738334588e-03	  -6.1280522477759544e-02	   3.9119103320491316e-01	   4.7033115451513186e-01	   5.0342622923843172e-01	   3.8017116091789210e-01	   4.2764584970599706e-01	   5.8001641160908779e-01	   5.9043265033184666e-01	   5.8050147939929742e-01	   5.1809407854357281e-01	   6.4694093541981235e-01	  -1.9323428484004529e-01	  -2.6001758087801019e-01	  -1.0953131167609854e-01	  -1.4269407106541659e-01	   2.9246918196735080e-02	   2.3263971517523810e-01	   4.3949492155515857e-01	   3.8254504552977742e-01	   2.0018961203581806e-01	   4.0859382681628775e-01	   4.7804471470462018e-01	   5.6385080872368998e-01	   2.3854961345497203e-01	   2.6662308165350618e-01	   3.1223952586603870e-01	   1.1296364067366829e-01	   2.1766999488283215e-01	   2.6435780666087133e-01	   1.2387262895462946e-01	   1.4902823277474225e-01	   1.0528051200595674e-01	   1.4823219599424536e-01	   2.7705833614692688e-01	   2.6056762951888496e-01	   5.4063130004000126e-01	   2.8630219859775674e-01	   4.7247726141276158e-01	   5.3980862675865504e-01	  -6.5841290478473652e-03	   2.4892232271249803e-01	   4.7236149755032686e-01	   5.1002474975378442e-01	   4.3058329827461428e-01	   3.8773198582555957e-01	   3.8326022472909768e-02	   5.1627627819062237e-02	   3.8889034745565865e-01	   4.7754170494839532e-01	   4.8694743214582742e-01	   5.4711749989552583e-01	   4.4408484186682906e-01	   4.3441868078487805e-01	   1.8741582053999206e-01	   3.2968170985111123e-01	   2.3941887858067573e-01	   1.3590609816028595e-01	   9.6516196228541615e-02	   2.2989415262798601e-02	   1.7113358881546917e-01	   2.5666150192009185e-01	  -1.0981890021835297e-01	  -4.2466311326600656e-02	   5.9465568642038280e-02	   1.1447270019053858e-01	   5.6153356071467586e-01	   3.2621297164842905e-01	   4.5829120501752713e-01	   6.0896087498055629e-01	   5.2279774724336381e-01	   5.7123525244962592e-01	   5.8646935819733537e-01	   7.1037110798902314e-01	   5.1103498255016278e-01	   5.3724315196514372e-01	   5.5219668230954300e-01	   4.8553865115432704e-01	   9.1527215953402102e-02	  -2.4456358653071819e-01	   5.1842324179986032e-01	   1.2267732415384816e-01	   4.9988212879462635e-01	   4.0713433334375260e-01	   3.5627473863815429e-01	   2.7169376222187219e-01	   1.5313810991319379e-01	  -1.3638780270325923e-02	   5.5402851472770714e-02	   8.2387852506872944e-02	   9.9062011673587691e-02	   8.2238102364214222e-02	  -1.0584867702358002e-01	  -4.6837465232541828e-02	   2.9865080367968388e-01	   4.7991498233036761e-01	   4.1589167250260761e-01	   2.8396069272954760e-01	   1.4732966786435547e-02	   3.3110663641545524e-02	
   1.4383757520518947e-01	   2.9855288580992606e-01	   6.1556284200928668e-01	   7.1500137228946292e-01	   5.9195540367244481e-01	   8.7038762510450574e-01	   5.7999332797558800e-01	   6.1940116416407331e-01	   7.4678898635875235e-01	   0.0000000000000000e+00	   1.3848122657051121e-01	   2.3795546155394337e-01	   1.9974231310254287e-01	   1.5411664984068391e-01	   6.5110478066958311e-01	   7.5957658109269954e-01	   5.6834171708445526e-03	   9.9010323578755749e-02	   4.9899284043085801e-01	   4.9785803382681876e-01	   5.3740523628341597e-01	   4.0898437709967661e-01	   4.5332538324861837e-01	   6.5995925720108561e-01	   6.0848501569752611e-01	   6.0076000236326088e-01	   3.2743000395226662e-01	   5.7875651802426997e-01	  -1.5764445553427123e-01	  -1.4958718920079278e-01	  -3.3467361532147001e-02	  -1.2179554723648869e-01	   4.2527329148547871e-02	   2.4831499384136141e-01	   6.2328241388145622e-01	   5.9996596945890390e-01	   2.0468738265144543e-01	   3.7757596797838322e-01	   4.0849152645905568e-01	   5.3541434766956453e-01	   4.0345083784308933e-01	   4.1070372624237605e-01	   4.0791191808603200e-01	   2.0570859063665806e-01	   3.5886865835751081e-01	   4.1470045750336704e-01	   2.3250732784728534e-01	   1.5257922072940336e-01	   1.8767745712348199e-01	   1.8041941453983559e-01	   2.9387821052350366e-01	   2.2734274810184246e-01	   5.5517372035052381e-01	   3.2145226311862418e-01	   3.7652853288311505e-01	   4.3186355113810115e-01	   8.7415817754136121e-02	   2.3089976848274113e-01	   3.6487387497259582e-01	   4.0073731366957022e-01	   2.9733219787092796e-01	   2.6994889708005043e-01	  -4.1457731406399599e-02	  -4.4272434994205641e-02	   4.8281847672156175e-01	   5.5953129016622249e-01	   5.6933107757213397e-01	   6.8164288087554459e-01	   5.7629499886211977e-01	   5.0737847635484967e-01	   2.7459727684429319e-01	   4.3517720382132741e-01	   3.5787614365628795e-01	   2.6956237738313460e-01	   2.3893604722774137e-01	   2.3138074594906483e-01	   4.1699880718246013e-01	   5.3077248490878226e-01	  -2.4599637943465723e-02	   1.7385041209356972e-01	   3.2905579955091441e-02	   2.8750416267375206e-01	   5.7995065001330104e-01	   5.0425332552841939e-01	   3.9680041953188372e-01	   5.3960892843182517e-01	   3.9290463845291745e-01	   5.0316418376862837e-01	   4.6121431377789746e-01	   5.0064599799331577e-01	   5.9721884281370563e-01	   4.8176938040424089e-01	   5.9827689636115688e-01	   5.0730001521110690e-01	  -3.1520867448120618e-02	  -2.1644207001957508e-01	   3.8805021998648614e-01	   9.0776809519920648e-02	   5.2305961332405038e-01	   3.5321665207892272e-01	   4.0046924261939648e-01	   3.4814718112595078e-01	   9.4222022839951763e-02	   1.0617764881465526e-01	   2.3399074371902012e-01	   3.5367147785038072e-01	   1.1902670794231029e-01	   8.4807351526504614e-03	  -2.1762625003928782e-01	  -2.0361865321462908e-02	   2.7410775773308937e-01	   4.3119321546906220e-01	   5.1398609471516499e-01	   2.9054254168858495e-01	   1.9139591414650234e-01	   1.8646388860715474e-01	
   6.4805220516068107e-01	   3.7162167866885920e-01	   2.0404167380480315e-01	   2.1082229828352642e-01	   9.5661004789618295e-03	   3.3561568790752977e-02	   3.6512764983232354e-01	   2.3336718249461041e-01	   2.8637136333415408e-01	   1.3848122657051121e-01	   0.0000000000000000e+00	   2.6061370120703919e-01	   5.7680278635570081e-01	   2.4228005492173932e-01	   2.5107755067257626e-01	   2.0785701635443854e-01	   5.4115623398429413e-01	   4.2763767706168410e-01	   4.9684250919055983e-01	   4.6553607842635558e-01	   2.0549494431683996e-01	   2.4609986621098170e-02	   5.0552416396506517e-01	   4.2830868671571237e-01	   4.8078263181530834e-01	   3.5869682223510196e-01	  -1.0343897262694902e-01	  -3.1361697024094054e-02	   3.4293153322035785e-01	   2.2292100632543255e-01	   3.7768982351721220e-01	   3.2417166821954579e-01	   2.0325041174435493e-01	   2.2215298935058395e-01	   2.7120538394876825e-01	   3.0374251778312274e-02	   4.0765582963000251e-02	  -7.7399287209135650e-02	   1.5673091977350001e-01	   1.8371559859104497e-01	   1.3701533406727204e-01	  -1.3826131627450028e-02	   2.5368410631315297e-01	   9.4713089096094188e-02	   2.9099122584595583e-01	   1.0552426402163625e-01	   8.3806636393716244e-02	   1.4339228222644590e-01	  -1.1982588307522919e-01	  -6.4965010052533884e-02	   2.1019670723408795e-03	  -1.1770650281390405e-01	   4.7393930728972467e-02	  -3.2300170529056274e-02	   1.5168885120026851e-01	   1.3152158006402934e-01	   2.4940811419748338e-01	   3.3940896283811656e-01	  -6.8518100074789673e-02	  -5.6946300863048610e-02	   1.2486715744727264e-01	  -9.8620419689205624e-02	   6.6578098026619736e-01	   2.1698836370543051e-01	   3.9164863687143625e-01	   7.8525111300991268e-02	   1.5893493602183112e-01	   1.8002498109835649e-01	   3.3044133007952292e-01	   1.1189039628312124e-01	   2.8305257246491611e-01	   3.6967955973040545e-01	   5.5364238712024150e-01	   3.3739836641752607e-01	   5.2354293999126800e-01	   4.6413684266351452e-01	   4.8275292225724020e-01	   2.3712568624765959e-01	   2.1348174284354005e-01	   3.2088674956516272e-01	   6.9698969452557202e-01	   5.1168619877494326e-01	   5.3930119207686245e-01	   2.8835075979901265e-01	   6.1148343407352546e-01	   3.1881452538248667e-01	   4.5459002496486489e-01	   5.1761969308513822e-01	   3.6411332284276543e-01	   2.9393277633107917e-01	   7.2505130226279552e-03	   6.1344917125955821e-02	  -8.4489979899089102e-02	  -2.3948774835109897e-02	   7.2849031085142943e-02	  -9.2467398737061252e-02	   2.2460180615035102e-01	   2.3855122980571392e-01	   1.9325631771985163e-01	   9.9283621746214940e-02	   5.8607602514988977e-02	   4.8575259487015764e-02	   3.3267954339063366e-01	   1.7514082727106103e-01	   1.1030410628369228e-01	   2.2468266199486880e-01	   3.3341742086444698e-01	   1.0302188898863958e-01	  -1.4740479092099207e-01	   2.2858553904842785e-01	   3.2659042826265106e-01	   2.2744909329072527e-01	   3.7904968189325310e-02	   3.0262867471563493e-01	   1.2171561275342456e-01	  -1.4886033904671872e-01	
   3.5820530000184653e-01	   6.7037603066695162e-01	   3.0462280024979616e-01	   4.9210581451463087e-01	   1.8570713932615351e-01	   2.6016101960506621e-01	   3.9534614139502727e-01	   5.2745629963086027e-01	   1.3033000093258573e-01	   2.3795546155394337e-01	   2.6061370120703919e-01	   0.0000000000000000e+00	   4.0999809904950490e-01	   6.5157162208769681e-01	   1.7382156315511371e-01	   2.6219501518217220e-01	   2.8690985947316916e-01	   4.5980167407784334e-01	   4.1079574896168225e-01	   4.3708096168862837e-01	   1.0146459979859887e-01	   7.5370823486308913e-02	   2.6343536960179914e-01	   4.6622739835091842e-01	   2.2567334265828023e-01	   1.5013819384821728e-01	  -8.0142163818889139e-02	   1.3153799086836969e-02	   1.0010477199085452e-01	   3.3418926408052574e-01	   2.6898399409871726e-01	   1.9100658830521275e-01	   2.4824782901684816e-01	   3.7532912347742942e-01	   2.5533371596573362e-01	   2.4958319506444196e-01	  -1.1795737657090372e-01	  -1.3418826095470734e-01	   5.9186519892866093e-02	   5.0432593222399395e-02	   7.9253860686891386e-02	  -4.0971351447636264e-02	   3.6044002251589852e-01	   2.4091237537457078e-01	   2.1162851116073661e-01	   2.2076632701750748e-01	   2.6530340849821044e-01	   1.6832961767356247e-01	   1.6392977561723709e-01	   8.6348145301830062e-02	   2.8084273667931925e-01	   1.3833980883910116e-01	   4.2106068661680540e-01	   3.7321752408258568e-01	   2.8361123111507336e-01	   1.2083323053318634e-01	   2.1152352298798938e-01	   3.6773773336802817e-01	   1.1245645981722774e-01	   1.7920484676262871e-01	   3.0855537634968222e-01	   2.4466131128591162e-01	   3.3346102083179474e-01	   4.5411018135805836e-01	   2.6768658288251246e-01	   2.7004981935836825e-01	   2.5004869667443741e-01	   3.3444603380862137e-01	   2.7240277554376646e-01	   3.1807822951249259e-02	   3.4434483084497247e-01	   2.0739557145112497e-01	   3.3329892963490876e-01	   6.9663083203151244e-01	   3.3363988810388862e-01	   5.5626023055581564e-01	   4.4041252043777268e-01	   2.8430271258350742e-01	   2.8687582170167991e-01	   3.6318012362588326e-01	   2.4086523514488870e-01	   4.2025181512485171e-01	   1.9683286643798587e-01	   2.5934140516232163e-01	   3.0939846455043096e-01	   3.2756757109451468e-01	   1.9488944058635760e-01	   2.0728962436263859e-01	   2.4600144796506235e-01	   1.5374659662797110e-01	   2.6861195987843067e-01	   5.5413005553870937e-02	  -1.3456714162743140e-03	  -3.9944009541176745e-02	  -1.2279478521166530e-01	  -1.4002000957447519e-01	   9.1664638791671291e-02	   7.1530268690259829e-02	   3.2670308177422347e-01	   1.8493370292091604e-01	   1.0008116600374750e-01	   1.0561649153776824e-01	   1.5025796536227146e-01	   2.7694316526225249e-01	   9.8789272068853462e-02	   1.5727839790344178e-01	   1.7624638182893620e-01	   1.3077495357946758e-01	  -2.8804534809037091e-01	  -1.9329418412721240e-02	   3.1433456663135423e-01	   1.5019491250540559e-01	   1.8915823587466837e-01	   3.7680994735405249e-01	   2.6312602105601579e-01	   8.3619011947506122e-02	
   5.0429314358693267e-01	   3.6304738149221666e-01	   2.9114851688754678e-01	   2.5489006259769453e-01	   3.5610692912576164e-01	   1.4042475751009470e-01	   4.8245720692080835e-01	   2.7654481932914049e-01	   3.5836975470748511e-01	   1.9974231310254287e-01	   5.7680278635570081e-01	   4.0999809904950490e-01	   0.0000000000000000e+00	   5.4458620933280455e-01	   4.3097343728858128e-01	   2.1860188914674894e-01	   2.7375348127067944e-01	   2.1863152457769022e-01	   4.0210180032182186e-01	   3.9356075644771038e-01	   2.3305227218902963e-01	   1.6217752625094090e-01	   3.9247783266496872e-01	   4.0066929696688958e-01	   5.3728633089249456e-01	   4.0853326941599188e-01	   2.2415824449077484e-01	   1.6037048820038841e-01	   9.8585509270227467e-02	  -7.1464185731017454e-02	   1.3990121798698374e-01	   8.1525560027419036e-02	   2.3282934028208815e-02	   6.4349711046786634e-02	   1.6750960578347349e-01	   3.6956402504030476e-02	   1.2729815421308682e-01	   1.5157516117070044e-01	   2.0191074252347907e-01	   3.2160890670723097e-01	   1.4826832601123857e-01	   1.6119223365588692e-01	   2.8540705695398982e-01	  -9.0314666682428449e-03	   7.9217573745212766e-02	  -1.8681492382435959e-02	   6.1064753156083271e-02	   4.1844434452722332e-02	  -1.2599806207054379e-01	  -6.7232394126632150e-02	   1.2663998420963521e-01	   8.6713812079845104e-02	   2.4488008091511795e-01	   9.8954687992027390e-02	   3.0109273995111341e-01	   2.9815906822391225e-01	   1.7931381777306588e-01	   2.1605683613004950e-01	  -3.2203848029635697e-02	  -4.2026191092885135e-03	   1.7972875244560857e-01	  -1.2170991551776536e-01	   2.8320546897023990e-01	   2.3913070250343556e-02	   1.7115978976080209e-01	   1.3216284253575314e-01	   1.4153366175237506e-01	   1.5583279288610624e-01	   3.8524386252146958e-01	   3.1877653646266602e-01	   3.0645283127999712e-01	   2.0171191805374855e-01	   3.0256890387219665e-01	   4.1423053545648214e-01	   3.4348419906764116e-01	   4.8728950792896919e-01	   3.8826778390930322e-01	   6.4244236090977486e-02	   1.9100633242312748e-01	   2.9253356472795056e-01	   4.1764257717740333e-01	   3.4236053974888070e-01	   2.5750411138500207e-01	   8.5286670242565699e-02	   3.7907192639563481e-01	   4.0268965576794952e-01	   1.7143958910510687e-01	   1.7540485638932862e-01	   3.1155957191351918e-01	   2.3422263143203437e-01	   1.9117183271625629e-01	   1.7727904623699034e-01	   1.1514151257889138e-01	  -7.8858915515305841e-03	  -1.1584680107731479e-01	  -7.4128770920769818e-02	   1.7165081399469359e-01	   2.3085312646391176e-01	   2.6337470069686342e-01	   2.5677888056309001e-01	   1.8083296785292896e-01	  -2.0144164751947934e-02	   2.8506306992723190e-01	   6.3287788636036332e-02	   1.4709648010608514e-01	   1.5975179339199638e-01	   1.9025237339478024e-01	   4.4743532312845176e-02	  -1.5985000687202269e-01	   6.9082563634298960e-02	   3.1254826489504545e-01	   1.4297614274171519e-01	   1.5902324936556325e-01	   2.0195522514068315e-01	   2.3700418169126108e-01	   7.2119838742637943e-02	
