   0.0000000000000000e+00	   9.5994300865254512e-01	   8.8099759297607050e-01	   8.9154423203372013e-01	   8.2962745627141377e-01	   8.3383015965830320e-01	   8.8677918905301389e-01	   8.8305806160199340e-01	   7.1722711519169113e-01	   8.2074084194329167e-01	   8.4259021064410689e-01	   8.2944008172670758e-01	   8.0767013095641682e-01	   8.1641558865355890e-01	   7.7009697845708369e-01	   8.1148566081202544e-01	   8.7946690171719211e-01	   8.1926315402956373e-01	   9.3730517681344072e-01	   9.0748674498732340e-01	   7.4379202723083626e-01	   7.2063090456874712e-01	   8.4404571383124016e-01	   8.1555191788522496e-01	   8.0107751838639918e-01	   8.3365160846253294e-01	   7.7185509066338343e-01	   7.9165623919175698e-01	   8.3882023312426490e-01	   8.0076108278387359e-01	   8.4935235224807426e-01	   8.4261084870422320e-01	   8.9296472047121456e-01	   8.9373492449357284e-01	   6.9847047284991770e-01	   7.1090023942352620e-01	   4.8767911549695075e-01	   3.9532886591989547e-01	   7.3280513456785701e-01	   7.8112261276825801e-01	   8.1184817971385392e-01	   7.3974737201586960e-01	   8.6330554491710210e-01	   8.2171685914120141e-01	   7.6638624487714468e-01	   7.7422658135257583e-01	   8.6947293078176746e-01	   8.6995181902979868e-01	   7.3359679448913462e-01	   7.1148410431005404e-01	   8.2077344958851450e-01	   7.7403013046757652e-01	   8.3302159418223831e-01	   7.9105835167320704e-01	   8.5318031432735553e-01	   8.9869844954528788e-01	   9.4597637084806907e-01	   9.2031793686224894e-01	   8.9414109884207216e-01	   8.6071228286967116e-01	   8.4928021905354001e-01	   8.3438220721422895e-01	   7.9702777702584093e-01	   8.5271396307801661e-01	   6.3116165279733072e-01	   7.1782225552582812e-01	   8.3083359931983936e-01	   8.2652506370843470e-01	   8.8672192335827260e-01	   9.0924495359025936e-01	   8.0692306554819138e-01	   7.7696398499908881e-01	   7.8626905495092725e-01	   8.3497208345224261e-01	   8.4904986001703597e-01	   8.3535358082950095e-01	   8.6678945511410777e-01	   8.6104454236594608e-01	   8.5699683389574877e-01	   8.1051406984942354e-01	   8.9128763623575114e-01	   8.8948273572855019e-01	   8.7493395554961173e-01	   8.7020481593085064e-01	   8.7108330638596931e-01	   9.1632844761784682e-01	   5.2983021170719402e-01	   7.7805955981018071e-01	   8.0803327004970549e-01	   8.7244943790917251e-01	   7.6850404957345986e-01	   5.3347559838027658e-01	   7.4350020402588501e-01	   5.2285871518560689e-01	   4.6432545924456636e-01	   4.1811436416719650e-01	   8.5704476232247151e-01	   8.3956495156644673e-01	   8.6180973152413376e-01	   8.8769388753857092e-01	   8.1112683509910743e-01	   5.5280474755297515e-01	   8.1498809216548940e-01	   6.8811729370150387e-01	   6.2578636966206946e-01	   2.7078926621599714e-01	   5.7850856019114361e-01	   7.2466382283696862e-01	   1.5917195293552788e-01	   4.8826801738147635e-01	   7.2743573428967967e-01	   7.9738740530644958e-01	   7.6803342432885480e-01	   7.5258086098361898e-01	   6.2764556840591568e-01	  -2.0282733777037160e-01	
   9.5994300865254512e-01	   0.0000000000000000e+00	   8.8696710567570192e-01	   9.0241993952645472e-01	   8.4719647658325425e-01	   8.3795061704108020e-01	   8.8039424195997085e-01	   8.8927719553534601e-01	   7.4450022664324211e-01	   8.0514684971137185e-01	   8.6297727651600997e-01	   8.6377375482078500e-01	   8.3800386575509167e-01	   8.5493094510473533e-01	   8.0593092714629633e-01	   8.3761049031882151e-01	   9.0873634768853850e-01	   8.8835860544258782e-01	   9.4047594390663769e-01	   9.3026743435194070e-01	   7.9474938009849927e-01	   7.7439919927921341e-01	   8.8048216201553620e-01	   8.4507928640371621e-01	   8.3304515395002232e-01	   8.6130117920572880e-01	   7.8345734364559849e-01	   7.9902701759008843e-01	   8.8402594846294491e-01	   8.6352093065624391e-01	   8.8974450420925366e-01	   8.8340388099729217e-01	   9.1370033895990077e-01	   9.2920721560330088e-01	   7.2399339234383320e-01	   7.2252453542160200e-01	   5.1385316086032495e-01	   3.8734136618423731e-01	   7.0227583822013973e-01	   8.1972071582068229e-01	   8.4906227408804658e-01	   8.1023508788240872e-01	   8.5233878584107892e-01	   8.0943753586415823e-01	   7.4977203840489726e-01	   7.4758603552579106e-01	   8.4949784003314277e-01	   8.7006617136738762e-01	   6.9962692124769577e-01	   6.7368773028575879e-01	   7.9841822168403787e-01	   7.4970024582930317e-01	   8.2621237902616551e-01	   7.7534424783676825e-01	   8.3062100969084462e-01	   9.0589722064574030e-01	   9.3364451969967976e-01	   9.6514413961274614e-01	   8.5642366903774725e-01	   8.4072035497056496e-01	   8.5620494372550526e-01	   8.5949843529463354e-01	   8.3324052839343299e-01	   8.9984123648266690e-01	   6.6190256842146433e-01	   7.1976620784189116e-01	   8.2712412732377039e-01	   8.1136710410808011e-01	   8.8867239085294414e-01	   9.1112646989293811e-01	   8.2811345724223273e-01	   8.1272097962337408e-01	   8.2393291834644433e-01	   8.7753929015808985e-01	   8.6584271856190731e-01	   8.7588593089625089e-01	   8.8042970953562172e-01	   8.8791442981359792e-01	   9.0294601826672460e-01	   8.6949845189282071e-01	   9.2093304244869967e-01	   9.3871446384235535e-01	   8.8835407771413322e-01	   9.0016196416570782e-01	   9.0784596556648212e-01	   9.3451964201107207e-01	   4.6853396003053283e-01	   7.9377522525604394e-01	   7.9254717786946549e-01	   8.5302581534143274e-01	   7.6036818522101546e-01	   5.2457302454553700e-01	   7.1632268797937360e-01	   5.1077370251537246e-01	   5.1779704066198651e-01	   4.8907174655431435e-01	   8.5432476774883148e-01	   8.5163220610219659e-01	   8.5961494367937896e-01	   8.8521482184959521e-01	   7.8371639637510515e-01	   5.3864943826898259e-01	   8.0958676380019012e-01	   6.7608761008654561e-01	   6.2330229146692284e-01	   2.5444918546333800e-01	   5.6919822409971332e-01	   7.1147744909169530e-01	   2.2660686558742973e-01	   5.2001626865426209e-01	   7.1359346957461089e-01	   8.1858987078645762e-01	   7.6300137966994885e-01	   7.5926476715002122e-01	   6.3151489629757207e-01	  -2.4292164595881174e-01	
   8.8099759297607050e-01	   8.8696710567570192e-01	   0.0000000000000000e+00	   9.5546805000551238e-01	   9.2407505319103267e-01	   8.5839599824542079e-01	   9.7069436067977932e-01	   9.3074039404747588e-01	   8.3789157464456177e-01	   8.5003129244249909e-01	   8.3862336655598924e-01	   8.6276855444775424e-01	   8.7267311002442016e-01	   8.5846915900108978e-01	   8.5829836664786174e-01	   9.1867797636218151e-01	   8.2027145026082671e-01	   7.9421927104175305e-01	   9.0352774237432110e-01	   9.1084249223621860e-01	   7.8832526154904103e-01	   7.7726475621045066e-01	   9.5965929497460234e-01	   9.3965925128358074e-01	   8.8781904207567441e-01	   8.9656244210991520e-01	   7.9632326621666061e-01	   8.1559605856096695e-01	   8.5033224000520413e-01	   8.4028779799537523e-01	   9.0529064558288108e-01	   9.0254373163637724e-01	   9.2735337453194799e-01	   9.3096763321889253e-01	   8.3506324499890849e-01	   7.8745014668746294e-01	   5.0212457492043716e-01	   2.5881721889820875e-01	   7.3265547815984222e-01	   7.6390644323394441e-01	   8.0438392259603320e-01	   7.7134378101857748e-01	   8.7730680191711363e-01	   8.2215508800016490e-01	   7.9687744209351430e-01	   7.9366287451888140e-01	   8.5619706060849510e-01	   8.9037096323255616e-01	   7.5273396179701135e-01	   7.4794702790282308e-01	   8.6336706949389885e-01	   8.1599393291212952e-01	   7.8696220953746521e-01	   8.1636388871001364e-01	   8.4201153916218985e-01	   8.9502784325763007e-01	   7.8830059031903166e-01	   8.3041684616520295e-01	   8.5696682489177500e-01	   8.1677700769450978e-01	   8.3399483514030259e-01	   8.7146817155348955e-01	   7.6107716227957756e-01	   8.4572818613794043e-01	   8.3460727788043454e-01	   8.1401428867946435e-01	   9.0700678661969825e-01	   8.6758398404209847e-01	   8.5381947423452398e-01	   8.8905291957603705e-01	   8.0445095248997467e-01	   7.5059632357703410e-01	   8.1580322047690568e-01	   8.1438495973994862e-01	   8.4804056302541087e-01	   7.9934458606408665e-01	   8.4903789154805898e-01	   8.4663825303131524e-01	   8.3796669410457358e-01	   8.4124891035489524e-01	   8.9500180567250509e-01	   9.1096718864081350e-01	   9.0719008107381105e-01	   9.4330339801249907e-01	   9.3758352204508322e-01	   9.4300044189342325e-01	   4.5503369716002928e-01	   7.5915829419728742e-01	   8.2242332784860617e-01	   8.8340596316307396e-01	   8.2895784621479196e-01	   6.7673204375450724e-01	   8.2603998734464767e-01	   6.6430482188559581e-01	   5.4221872785478908e-01	   4.8124201079625611e-01	   8.5416815015748826e-01	   8.5842079311060471e-01	   8.5458895848467631e-01	   8.7379698211800472e-01	   8.0953564910493436e-01	   6.4645072375340140e-01	   8.2221182894577405e-01	   7.3544552412092234e-01	   7.2039744763417302e-01	   4.3566138281213695e-01	   6.3492777699591785e-01	   7.7628140824187963e-01	   2.2674464040970840e-01	   5.3687765642049401e-01	   7.7505604605659795e-01	   7.8615631205901160e-01	   7.6463977074479672e-01	   7.8750048211678969e-01	   7.4465486032294947e-01	  -1.9931988617172131e-01	
   8.9154423203372013e-01	   9.0241993952645472e-01	   9.5546805000551238e-01	   0.0000000000000000e+00	   8.8797317538070575e-01	   8.6637080590551996e-01	   9.3019372083807395e-01	   9.5824235148635739e-01	   8.1368776054430247e-01	   8.6371567945885741e-01	   8.0263325208977565e-01	   8.3491996443846705e-01	   8.1620821856063008e-01	   8.2129824628023052e-01	   8.5648646272250928e-01	   8.9379453868405112e-01	   8.4505511931204091e-01	   8.1757690061808153e-01	   9.2380875233512461e-01	   9.3039893344113000e-01	   7.7547293411666918e-01	   7.8447867790854220e-01	   9.3262599044282168e-01	   9.3646215175929803e-01	   8.7691009278156107e-01	   9.0530315793910421e-01	   7.6430606685370905e-01	   7.9721351839838683e-01	   8.4864928280205365e-01	   8.5441319077547973e-01	   9.0805207750496408e-01	   9.0131397053638729e-01	   9.3177117785998986e-01	   9.4449289274199255e-01	   8.3852952284366078e-01	   8.0282179000508935e-01	   4.9723825267775279e-01	   3.1848163684554748e-01	   7.1586927545112622e-01	   7.4956914559790144e-01	   8.1386151922309846e-01	   7.7137573605523957e-01	   9.0578884100426038e-01	   8.5195393710227063e-01	   8.2465607214974535e-01	   8.3383584332711091e-01	   8.8414657705600419e-01	   9.0083025005408990e-01	   7.7496219044888970e-01	   7.7821603686626428e-01	   8.8184983549041329e-01	   8.3422619268642184e-01	   8.4123792695267052e-01	   8.3219798938611689e-01	   8.6347546459119129e-01	   9.2067103603222411e-01	   8.1867110958063904e-01	   8.7456743157346906e-01	   8.6835572191489885e-01	   8.7040687051903021e-01	   8.3096475366010358e-01	   8.9400097427301162e-01	   7.8203989339648650e-01	   8.7728949441368886e-01	   7.8919015507385515e-01	   8.3720546564706511e-01	   9.2554817972071002e-01	   9.0978298687336889e-01	   8.7624630849043328e-01	   9.1029508834377915e-01	   8.1971223649440739e-01	   7.7932321340821009e-01	   8.0584587934826035e-01	   8.3090897000829944e-01	   8.2719363710761229e-01	   7.9026723128772058e-01	   8.6441762101829278e-01	   8.6168419879949842e-01	   8.7553731806525315e-01	   8.5975982250649674e-01	   9.0582936759754451e-01	   9.1039595165255349e-01	   9.1185068158689131e-01	   9.2843721551551006e-01	   9.3756982763536145e-01	   9.5287656944391674e-01	   5.0575492598710436e-01	   7.8095009282775085e-01	   7.8994734789112719e-01	   8.8304324627898900e-01	   8.3689100321018772e-01	   6.4415301146727222e-01	   8.3172908443932991e-01	   6.1432674795681019e-01	   5.9829631926178761e-01	   4.9244328035883228e-01	   8.8788297431277108e-01	   8.6503539773205662e-01	   8.7452420697346367e-01	   8.8902881480979090e-01	   8.3804515712438343e-01	   5.8754163509898749e-01	   8.3262680765429020e-01	   7.2350092653509390e-01	   7.2058656468329529e-01	   4.2941584767465946e-01	   6.3674755371670311e-01	   7.9178658328073603e-01	   2.5192864098145851e-01	   5.4532009331366438e-01	   7.8445076959176696e-01	   8.2275926598941607e-01	   7.9510060788693326e-01	   7.8084453603707971e-01	   7.2368409224744701e-01	  -2.0995396213971473e-01	
   8.2962745627141377e-01	   8.4719647658325425e-01	   9.2407505319103267e-01	   8.8797317538070575e-01	   0.0000000000000000e+00	   9.0514500329048242e-01	   9.0622276980250782e-01	   9.1323938613618072e-01	   9.0760179121598206e-01	   8.6515786708639175e-01	   8.2660237811100079e-01	   8.4941319296316919e-01	   8.6825357817220050e-01	   8.4504448171068181e-01	   8.3769001052389103e-01	   8.8614422159771944e-01	   7.9057842197178052e-01	   7.9722784947319336e-01	   8.3854207627897759e-01	   8.3038095096458653e-01	   8.8553923910743415e-01	   8.0176871559720686e-01	   9.2778008691166902e-01	   9.0716489515813525e-01	   9.1493548970097360e-01	   9.2563771348155011e-01	   8.7470631873536220e-01	   8.8580014732374857e-01	   8.2682352313068308e-01	   8.1801868532513866e-01	   9.0207724913740062e-01	   8.9852937404957556e-01	   8.9124281519598680e-01	   9.0082102259183550e-01	   8.2258551250529000e-01	   7.5853395651090016e-01	   5.1231872528535494e-01	   2.7438813858363792e-01	   7.1318160923279839e-01	   7.9477709111677863e-01	   8.0739096818569955e-01	   8.1922221259220951e-01	   8.2524346956075545e-01	   7.6184350544681911e-01	   7.7181783490381572e-01	   7.5186684790741154e-01	   7.9242477499887931e-01	   8.3877256823050095e-01	   7.3263898750125223e-01	   7.3712960175070630e-01	   8.0963992636097892e-01	   7.9027206793011096e-01	   7.4634064727745164e-01	   7.7816532064674182e-01	   7.9841901609288835e-01	   8.7054868761389026e-01	   7.7494061490095889e-01	   7.9063845569751900e-01	   7.9564346521730323e-01	   7.4230597148291633e-01	   8.2366429796224105e-01	   8.7597625883155039e-01	   7.0302209398202486e-01	   7.8597791826758900e-01	   8.7115416920294642e-01	   8.3029307755736326e-01	   8.5772521115090683e-01	   8.3492161747626470e-01	   7.8460316505930150e-01	   8.2339654014405328e-01	   7.6578722210680938e-01	   7.8479399084979584e-01	   8.3345808339141136e-01	   8.1311261866729423e-01	   8.4714271972302535e-01	   8.3007212344305703e-01	   8.2662798860784514e-01	   8.2736347632038920e-01	   7.8659922041627461e-01	   8.0000769271864614e-01	   8.1267837445259594e-01	   8.6804651865926752e-01	   8.5762150247777647e-01	   8.8734764158581170e-01	   8.8802776435748776e-01	   8.8258118916054928e-01	   3.8739440081583132e-01	   7.1870487759230239e-01	   7.6838836940346689e-01	   8.1788561308043128e-01	   7.8317614824661597e-01	   5.9635116332285343e-01	   7.7571917573594917e-01	   5.9371101632404222e-01	   5.8278284516360068e-01	   5.3967439380272153e-01	   8.4547363631911110e-01	   8.6317767072506935e-01	   8.2483162972257262e-01	   8.2937734708388000e-01	   8.1401990729555451e-01	   6.1866931874985753e-01	   8.1168124698964772e-01	   6.8766317681707356e-01	   6.8317147677801981e-01	   3.1234245181339404e-01	   6.2471087880411846e-01	   7.2507494035953957e-01	   3.0080888282745116e-01	   5.5189493457565864e-01	   7.1907863554617912e-01	   7.2274334467827117e-01	   6.8600292717135269e-01	   7.0649124072339475e-01	   7.0497118587258756e-01	  -1.7717338596182047e-01	
   8.3383015965830320e-01	   8.3795061704108020e-01	   8.5839599824542079e-01	   8.6637080590551996e-01	   9.0514500329048242e-01	   0.0000000000000000e+00	   8.4667134472628947e-01	   8.9627346392738683e-01	   8.0710155845365172e-01	   9.2177841653409676e-01	   7.9831235839995285e-01	   8.2598362894389354e-01	   8.3239253114358691e-01	   8.3181213431581591e-01	   7.6928792029157889e-01	   8.1567002355671958e-01	   8.2469732303589116e-01	   8.1793993998768877e-01	   8.3830362008877968e-01	   8.2534179592035029e-01	   8.2433958625099613e-01	   7.6008694527169185e-01	   8.5157298692623318e-01	   8.4020628730332647e-01	   8.1967606235059587e-01	   8.8326564773501337e-01	   8.4171951342641793e-01	   8.7129633288225672e-01	   8.0113067591828602e-01	   8.0119638330617038e-01	   8.2781082850017085e-01	   8.1259381433837607e-01	   8.7153266990950273e-01	   8.7781385441695203e-01	   7.8390403424913324e-01	   8.2257511830659036e-01	   5.8084264806077113e-01	   3.7930268114589061e-01	   6.7442740740657914e-01	   7.5396899309144605e-01	   8.0474931659351112e-01	   7.5973394218159074e-01	   8.4642288705689572e-01	   8.3215006022032312e-01	   8.0771517750229660e-01	   8.0388389290110229e-01	   8.0520057017219238e-01	   8.7024382772718156e-01	   8.0308422410103919e-01	   8.0794336762575747e-01	   8.4567450543237055e-01	   8.3294907983772770e-01	   7.6995813577942185e-01	   7.5477665956500029e-01	   7.9777009852251957e-01	   8.3622254651796868e-01	   7.5449526554669855e-01	   7.6982096345674333e-01	   8.0352968768786825e-01	   7.7775782902632074e-01	   7.9203723105244339e-01	   8.3803749180662201e-01	   7.0972845575693855e-01	   7.9401527575987785e-01	   7.3697346424429933e-01	   7.9329671049331263e-01	   8.4786893949000897e-01	   8.5980952581742409e-01	   8.1726522167030080e-01	   8.4377974449045834e-01	   7.0272941925442189e-01	   7.3798715246662616e-01	   7.9268775947800663e-01	   8.1117158450418780e-01	   8.0167958210551438e-01	   7.9918094172713305e-01	   8.2690184064543726e-01	   8.0734106542714867e-01	   8.1402157328136437e-01	   8.1831569247861813e-01	   8.4346579137227828e-01	   8.7259421759569122e-01	   8.1675238917034410e-01	   8.1750896416788654e-01	   8.4996845076420413e-01	   8.4373935779778242e-01	   3.9559988917012928e-01	   6.4084198001309189e-01	   6.9039288293548984e-01	   7.6121064817913664e-01	   8.2178565031537820e-01	   6.4258174794951062e-01	   7.9578359312383085e-01	   6.4013992266692843e-01	   5.6331337976106477e-01	   4.1125265599480859e-01	   8.2358601499277628e-01	   8.2497327272587917e-01	   8.3685363816147929e-01	   8.5421586823079987e-01	   8.4592510880240779e-01	   6.7643983291132537e-01	   8.1964063494615591e-01	   7.4929330756690460e-01	   6.5318252392144704e-01	   3.7372646930991904e-01	   6.6685293182987504e-01	   7.3947552877774403e-01	   3.4950396696212965e-01	   5.6814563733091028e-01	   7.7141873229027902e-01	   7.7451579681541494e-01	   7.6782724045624096e-01	   7.1881298947189654e-01	   7.0051982215613995e-01	  -1.0481727576593926e-01	
   8.8677918905301389e-01	   8.8039424195997085e-01	   9.7069436067977932e-01	   9.3019372083807395e-01	   9.0622276980250782e-01	   8.4667134472628947e-01	   0.0000000000000000e+00	   9.3376153322103206e-01	   7.8877675497741329e-01	   8.2086997618715274e-01	   8.5227443584323193e-01	   8.6649186963791403e-01	   8.8785456866576529e-01	   8.5158210850639271e-01	   8.2187677562222095e-01	   8.8504795728610453e-01	   7.9485496506579945e-01	   7.9356841790148924e-01	   8.6693776010621137e-01	   8.7345195411930254e-01	   7.6718460500822316e-01	   7.2757825297788870e-01	   9.3024223676611406e-01	   9.1781676134004586e-01	   8.3024608001986355e-01	   8.5316350933789331e-01	   7.7758029659156436e-01	   8.0547788866877446e-01	   8.4538231211403314e-01	   8.1435904690281558e-01	   8.7637536080542033e-01	   8.8736388434398628e-01	   9.1129665929237169e-01	   9.0934532291459302e-01	   7.8117745535645433e-01	   7.3027299373282550e-01	   4.3537726511370961e-01	   2.1557739618523908e-01	   7.0281211355072282e-01	   7.2626731388421051e-01	   7.6313994664008111e-01	   7.5605434319169196e-01	   8.5802090466873360e-01	   8.0894685701253843e-01	   7.6998723566385141e-01	   7.8217920035868493e-01	   8.4191792630031681e-01	   8.6577450431630654e-01	   7.4135532335309728e-01	   7.4646759088893322e-01	   8.4680037977546840e-01	   8.1534152039261620e-01	   7.9627944691117269e-01	   8.2591003225069215e-01	   8.2328578421078757e-01	   8.7710074446235065e-01	   7.7959357875021951e-01	   8.0968472107339884e-01	   8.4517755461284982e-01	   7.7806379627986511e-01	   8.2962150527703216e-01	   8.6070458171806985e-01	   7.8291927955322882e-01	   8.5125744753305366e-01	   8.0658931898562602e-01	   7.8553963644746672e-01	   8.8254991939249683e-01	   8.4118902645185578e-01	   7.9957214383802666e-01	   8.4391561159829442e-01	   7.9562939345365657e-01	   7.3297056212533684e-01	   8.1777337367300618e-01	   7.9233783577594896e-01	   8.2775839481478397e-01	   7.8363248950051945e-01	   8.1652025795286687e-01	   8.0516101276636332e-01	   8.0547353092360774e-01	   8.2410946582165812e-01	   8.6517212379010866e-01	   8.8364832635963142e-01	   8.7249269169595767e-01	   9.1252667005372756e-01	   9.0639002234084942e-01	   9.2775664638755995e-01	   4.5277291485774673e-01	   7.5230722511805137e-01	   8.1823597098056433e-01	   8.7694950610333611e-01	   8.0474455066578077e-01	   6.3819686070496340e-01	   7.8074398493942954e-01	   6.1088424727381407e-01	   5.4517279419233633e-01	   4.0127571785080579e-01	   8.1380525112618285e-01	   8.3287284623142122e-01	   8.3981298614007716e-01	   8.5841150059860194e-01	   7.7194246125793253e-01	   5.8105604149072354e-01	   7.8127252668808644e-01	   6.7758900295637203e-01	   6.4571283024130521e-01	   3.9761991995073120e-01	   5.6745605905074148e-01	   7.2677774007353213e-01	   2.1231646103292889e-01	   5.1275957086685864e-01	   7.1708728758025364e-01	   7.5960821946615387e-01	   7.5662881365179468e-01	   7.5729184892288259e-01	   6.8883901641942258e-01	  -2.3030475471507098e-01	
   8.8305806160199340e-01	   8.8927719553534601e-01	   9.3074039404747588e-01	   9.5824235148635739e-01	   9.1323938613618072e-01	   8.9627346392738683e-01	   9.3376153322103206e-01	   0.0000000000000000e+00	   8.0187453982645063e-01	   8.8953784666426894e-01	   8.6804097136184832e-01	   9.0113026551101494e-01	   8.7623541935713156e-01	   8.7079293150412673e-01	   8.1055525825971220e-01	   8.6923145890015951e-01	   8.4289946404452087e-01	   8.4166927840886563e-01	   8.8256538349849678e-01	   8.6815020285131816e-01	   7.9280625413609673e-01	   7.6279437252556404e-01	   9.2884713466593338e-01	   9.2480217909776263e-01	   8.5827865765520395e-01	   8.9255510995281739e-01	   7.7517567009755883e-01	   8.0595008827973147e-01	   8.6648848789623933e-01	   8.5950334298573350e-01	   8.9723187180884212e-01	   9.0462625755663351e-01	   9.3258099012371543e-01	   9.4013779153138466e-01	   8.2782662773487503e-01	   7.9695084085265167e-01	   4.8333878740311503e-01	   2.9866696661812242e-01	   6.9125762218532993e-01	   7.4389958615966489e-01	   7.9621351606668500e-01	   7.6455987446463414e-01	   8.9405364475089577e-01	   8.5546751087980621e-01	   8.3594795346758977e-01	   8.4898971945416757e-01	   8.6756374835910899e-01	   8.9633780937668561e-01	   8.0635837124950016e-01	   8.2431233291078032e-01	   8.9917457827881031e-01	   8.7175390824989429e-01	   8.1903908069532716e-01	   8.1069750622514625e-01	   8.4517955678356560e-01	   9.0872495787298546e-01	   7.9718295728054966e-01	   8.3076060031251386e-01	   8.4982591981237676e-01	   8.3477735906392725e-01	   8.5396236476587051e-01	   9.3393219050577170e-01	   7.8153065032664304e-01	   8.6353710990782051e-01	   8.2188349047249520e-01	   8.7711476194917004e-01	   9.1610851520222270e-01	   9.2114555110340612e-01	   8.0360441940747729e-01	   8.5087180759211689e-01	   8.2494202607396938e-01	   7.7826098954078970e-01	   8.4891677023256795e-01	   8.5098840930469499e-01	   8.3744232756944781e-01	   8.0546153827912459e-01	   8.8451086319867822e-01	   8.6660796226029202e-01	   8.5053051856149786e-01	   8.4511888117109746e-01	   8.8214016603486645e-01	   8.9856276791458634e-01	   8.6835017840083151e-01	   8.9832005000527082e-01	   9.2543247668343054e-01	   9.3648095422600397e-01	   4.3403863492651518e-01	   7.1940872276298973e-01	   7.3649958995867848e-01	   8.5233958075703886e-01	   8.1969414668681650e-01	   6.2789913041764323e-01	   8.1175803943972547e-01	   5.9828838092537617e-01	   5.6654500759986925e-01	   4.8975681367445445e-01	   8.5817708502015955e-01	   8.7453567722389702e-01	   8.5811063237872587e-01	   8.7530445003295254e-01	   8.1418206323346287e-01	   5.9137878803658595e-01	   7.9262836132554160e-01	   6.9673148185245004e-01	   6.8173007303066646e-01	   4.0406910862422463e-01	   5.9492116380608973e-01	   7.5117419451256318e-01	   2.0925110373048098e-01	   5.0730720800056073e-01	   7.6936447500578797e-01	   7.7354305715652616e-01	   7.8214115139036944e-01	   7.3775143688528799e-01	   7.1249680867933396e-01	  -1.8279980766969706e-01	
   7.1722711519169113e-01	   7.4450022664324211e-01	   8.3789157464456177e-01	   8.1368776054430247e-01	   9.0760179121598206e-01	   8.0710155845365172e-01	   7.8877675497741329e-01	   8.0187453982645063e-01	   0.0000000000000000e+00	   8.5129541789996299e-01	   6.8714368719114327e-01	   7.2113782418391492e-01	   7.7753894915313349e-01	   7.3113142681694909e-01	   8.4812590105126695e-01	   8.1336987144142414e-01	   6.7912734348991721e-01	   6.5665151517579579e-01	   7.4683508369092100e-01	   7.3703142965421831e-01	   7.5358286600165503e-01	   7.2094151092263092e-01	   8.5434498585578222e-01	   8.3237169810164047e-01	   8.9159938926444404e-01	   8.9109836700765532e-01	   7.5227914401072749e-01	   7.4305602159859052e-01	   6.8240001142423723e-01	   6.9678859810869442e-01	   8.0056222615603678e-01	   7.7855134923614455e-01	   7.8724692438939659e-01	   7.9915133638072433e-01	   8.3149036559927592e-01	   7.6516663257362061e-01	   5.4559017160314960e-01	   3.1825601096430722e-01	   6.3480434135135599e-01	   6.8538297138831195e-01	   7.4684731070539745e-01	   7.2091680258512714e-01	   7.5668697272958219e-01	   6.8290967436881422e-01	   7.4318308258631649e-01	   7.1220259335201885e-01	   7.0372791257888623e-01	   7.4955990344824242e-01	   7.1241603908398277e-01	   7.0470596246340966e-01	   7.6099558665416223e-01	   7.1865897781385069e-01	   6.8544586351539527e-01	   6.7721688338363051e-01	   7.2250260776174002e-01	   7.8610728311535871e-01	   6.7101899995411207e-01	   6.9299088870866510e-01	   7.2068785254871393e-01	   6.9210703978461952e-01	   7.4520894913515123e-01	   8.1285729659659867e-01	   5.5593530726598384e-01	   6.8797656613071434e-01	   8.6912677010939898e-01	   7.9379252060213012e-01	   7.9357014056553865e-01	   7.7951264643999285e-01	   7.0749746435298155e-01	   7.4597380055987428e-01	   6.2426172553507397e-01	   6.9054561205459009e-01	   6.9819257693946013e-01	   7.1038163355354933e-01	   7.3847757148814386e-01	   7.2377374291620666e-01	   7.6481767721310234e-01	   7.7651029298445695e-01	   7.0197539930449493e-01	   6.7934811019491481e-01	   7.2418666892091055e-01	   7.8120121283703792e-01	   8.3271552641345226e-01	   8.3601886129805170e-01	   8.4549426927584848e-01	   8.1067682363045257e-01	   3.8176688921525459e-01	   7.0007059233912583e-01	   6.8331994318763345e-01	   7.4471464349716743e-01	   7.5233557221128122e-01	   5.9763211260973415e-01	   7.8215200007885510e-01	   6.0289517710466178e-01	   4.9073306612638962e-01	   5.0902934136322520e-01	   7.8050178153726923e-01	   7.3840478511235241e-01	   7.5368167410397802e-01	   7.5429638755289008e-01	   7.9478452419508383e-01	   6.0313658725699948e-01	   7.5141978843125501e-01	   6.6631324644024836e-01	   6.6468957290791442e-01	   3.1249051178762760e-01	   6.5059219307510541e-01	   7.3778285147526912e-01	   2.7146467720811085e-01	   4.6041385674423835e-01	   6.9496857272033141e-01	   6.7355534583341425e-01	   5.8962686192729907e-01	   6.4336570649539992e-01	   6.7488789163801832e-01	  -1.0360854131819172e-01	
   8.2074084194329167e-01	   8.0514684971137185e-01	   8.5003129244249909e-01	   8.6371567945885741e-01	   8.6515786708639175e-01	   9.2177841653409676e-01	   8.2086997618715274e-01	   8.8953784666426894e-01	   8.5129541789996299e-01	   0.0000000000000000e+00	   7.6017763080472833e-01	   8.1038453785924114e-01	   8.1210163456530604e-01	   7.9316903920291704e-01	   7.9466232704863693e-01	   8.3568284320896846e-01	   7.6525579674295818e-01	   7.2265607729401038e-01	   8.1224277025653591e-01	   7.8899442282936005e-01	   7.3763036682385530e-01	   7.1081393321805331e-01	   8.4248340403176369e-01	   8.2981741225492955e-01	   8.2468259827632018e-01	   8.6957577629995675e-01	   7.6528695935230373e-01	   7.8522283000086435e-01	   7.1147736711662957e-01	   7.3277040341709576e-01	   7.5975454354146077e-01	   7.4622194360600091e-01	   8.2042228669119943e-01	   8.2127764553414662e-01	   8.1468403804895861e-01	   8.2422212382876148e-01	   6.1167280195212126e-01	   4.5313448226841047e-01	   6.5777436503547915e-01	   7.0334658920167037e-01	   7.6475308408504905e-01	   6.6879131830215865e-01	   8.3876199179113708e-01	   8.1057983449422299e-01	   8.1247410715331436e-01	   8.0841199127586871e-01	   8.0196933521503277e-01	   8.5711733287606662e-01	   8.0791882080231359e-01	   8.1367544732344244e-01	   8.5869316059923007e-01	   8.3974794317811452e-01	   7.8543278124751348e-01	   7.7188000899242848e-01	   7.9270066242758519e-01	   8.2413271732117921e-01	   7.3384750416282252e-01	   7.4993621766844631e-01	   7.9016199387115682e-01	   8.1902185907827563e-01	   7.5363262591441649e-01	   8.6667679024628574e-01	   6.0485114451773236e-01	   7.2451442727294668e-01	   7.5348598911480036e-01	   8.2647938130679810e-01	   8.4283129471063956e-01	   8.6919316676223968e-01	   8.0116377503126535e-01	   8.2147251520406805e-01	   6.8264148124379564e-01	   6.9148230872335659e-01	   7.1287845417757167e-01	   7.4683723373189748e-01	   7.3655716142133743e-01	   7.1532220497124865e-01	   8.2087382551625898e-01	   7.9839580877615979e-01	   7.6986890075362435e-01	   7.3080463055672074e-01	   8.0720123547573031e-01	   8.2638093683088165e-01	   8.1021272140957812e-01	   8.3128412258135209e-01	   8.4512484197492188e-01	   8.5496584141526499e-01	   3.8195493909843975e-01	   6.4885061347897421e-01	   6.8406161433513613e-01	   7.9504140720860705e-01	   8.7146139089359809e-01	   7.0425312167950427e-01	   8.7244430138978946e-01	   6.8753326614535781e-01	   4.8336512011905453e-01	   3.9774383840268757e-01	   8.2722438596852677e-01	   7.6501903884773947e-01	   8.3840833287568750e-01	   8.5661562728120244e-01	   8.9238330285199774e-01	   7.1089833562174487e-01	   8.2793812446682358e-01	   7.7559600725890476e-01	   7.2824680081315218e-01	   4.1633048364012493e-01	   7.5590479759023532e-01	   8.0260706785990821e-01	   2.3179299185118085e-01	   4.6464615537026543e-01	   7.9035641273886237e-01	   7.7454687907734165e-01	   7.7166173640654867e-01	   7.0586092418153468e-01	   7.3988735439867448e-01	   1.6513252260075700e-02	
   8.4259021064410689e-01	   8.6297727651600997e-01	   8.3862336655598924e-01	   8.0263325208977565e-01	   8.2660237811100079e-01	   7.9831235839995285e-01	   8.5227443584323193e-01	   8.6804097136184832e-01	   6.8714368719114327e-01	   7.6017763080472833e-01	   0.0000000000000000e+00	   8.9323978806338500e-01	   9.3043775457731781e-01	   9.0986192666952037e-01	   7.6038676659740556e-01	   8.0376746901611762e-01	   8.3109682703058674e-01	   8.3734639396445698e-01	   8.2751765111340159e-01	   8.0822487022203648e-01	   7.0977353719333269e-01	   6.7311257343810404e-01	   8.5816381048959245e-01	   8.1840050120262786e-01	   7.4987124209216671e-01	   7.7223912361523905e-01	   6.7901547307474319e-01	   6.9779562215460822e-01	   8.8908743299021742e-01	   8.5567170881918919e-01	   8.4601277914419826e-01	   8.6045054380977903e-01	   8.5984380427809970e-01	   8.7080780789415746e-01	   6.5982943430633889e-01	   6.5700740707722705e-01	   4.6828285851770879e-01	   2.6797767050140886e-01	   5.8147445441284695e-01	   6.8209436264215717e-01	   7.8341483664635803e-01	   7.4957285360131687e-01	   7.8945558214091327e-01	   7.3931762510199017e-01	   6.9978481673750703e-01	   6.9821250132240120e-01	   7.6820745328748263e-01	   7.8970839123749781e-01	   6.8083242423548018e-01	   6.8459391711596440e-01	   7.5956077807383859e-01	   7.3075460032990680e-01	   7.0001826124255728e-01	   6.6690339824665412e-01	   7.3779051327804079e-01	   8.1791283141115678e-01	   7.7041657730460511e-01	   7.8256599448957953e-01	   7.5890719612944157e-01	   6.8770842614799843e-01	   8.3103241746981737e-01	   8.4282015969779767e-01	   8.1639481329673624e-01	   8.3358979559638935e-01	   7.1698330273429978e-01	   7.1966336124548180e-01	   7.6038176431329396e-01	   7.5454021189678666e-01	   7.2599953868789147e-01	   7.6972321375236552e-01	   7.7254312680455905e-01	   6.9522251315666650e-01	   8.4684511754759573e-01	   8.7989318240450598e-01	   8.5367607784340604e-01	   8.4505458815008683e-01	   8.6455091254419592e-01	   8.6708344763731726e-01	   7.9922895618308620e-01	   8.0635250032567041e-01	   8.5258095239243703e-01	   8.7356598577786326e-01	   7.8579824993273095e-01	   8.4077546883361598e-01	   8.5320506702894339e-01	   8.6643095878121423e-01	   2.8616686347215314e-01	   6.9671997246364925e-01	   6.4362530409244911e-01	   7.2864383404987376e-01	   6.7396070514827033e-01	   5.1191663656807440e-01	   6.3691935092232965e-01	   4.8282945506455666e-01	   4.3230486780064303e-01	   3.9971182439079500e-01	   7.3196204548732635e-01	   7.6147937476262273e-01	   7.5819366115742404e-01	   7.7814148558213736e-01	   6.6910731037175442e-01	   5.1108419546885286e-01	   6.7946458106826957e-01	   6.0207083385619209e-01	   5.2452594659108498e-01	   2.1403291441675626e-01	   4.3591327643126276e-01	   5.7401001370302851e-01	   1.6628742252163820e-01	   4.6866665855311612e-01	   6.1875513967921791e-01	   6.8588194826179194e-01	   6.5140605872469304e-01	   5.9797006016658671e-01	   5.6369104078982823e-01	  -2.7674485169427882e-01	
   8.2944008172670758e-01	   8.6377375482078500e-01	   8.6276855444775424e-01	   8.3491996443846705e-01	   8.4941319296316919e-01	   8.2598362894389354e-01	   8.6649186963791403e-01	   9.0113026551101494e-01	   7.2113782418391492e-01	   8.1038453785924114e-01	   8.9323978806338500e-01	   0.0000000000000000e+00	   9.1819605912888536e-01	   9.5844577419502530e-01	   7.2784129978206002e-01	   8.4088147390742485e-01	   7.7612292890632817e-01	   8.0211309748692161e-01	   8.2611647497559182e-01	   7.9788012724992052e-01	   7.2478037419346064e-01	   6.8667575126796643e-01	   8.8887474359597274e-01	   8.6205522408465995e-01	   7.8223532000259155e-01	   8.1982919080619876e-01	   7.5812362938884970e-01	   7.6948075722890508e-01	   8.1711708532545613e-01	   8.2290484553184484e-01	   8.1162331560418211e-01	   8.4542302027504468e-01	   8.5291963929631920e-01	   8.6916583119012558e-01	   7.5941392093190629e-01	   7.4399520210354009e-01	   3.9104794276534766e-01	   2.1628967876410507e-01	   5.5440972352457807e-01	   6.7559251926791153e-01	   7.0262625076755270e-01	   7.2071592797565598e-01	   7.8524548612543343e-01	   7.6047988590737414e-01	   7.5294719111671804e-01	   7.5492977251733595e-01	   7.6162557827290012e-01	   7.8724077720863483e-01	   7.3199076096769988e-01	   7.3340630380548677e-01	   8.0969891701536945e-01	   7.7346299020721565e-01	   7.4223893683523401e-01	   7.0211488817259404e-01	   7.4272826636281875e-01	   8.2093952119107017e-01	   7.4866597545658164e-01	   7.7331882905684313e-01	   7.6200910696123225e-01	   7.2452105265628242e-01	   7.9780445878945083e-01	   8.6890630790109347e-01	   7.2802028952831566e-01	   7.8439482009446571e-01	   7.5496363123974242e-01	   7.9812229631577092e-01	   7.8999290741098260e-01	   8.0295255020933110e-01	   7.1373888437118138e-01	   7.4739631687445773e-01	   7.9883465140934606e-01	   7.3159568574202383e-01	   8.1346108427089048e-01	   8.4170044384490350e-01	   8.1887337541781813e-01	   8.1939981386060934e-01	   8.2716653981856347e-01	   8.3779849900256065e-01	   7.7650248137732458e-01	   7.7437178065157419e-01	   8.2302467184352368e-01	   8.6788009484763429e-01	   7.7862465104893808e-01	   8.6196444760874846e-01	   8.7188706649689518e-01	   8.7969575837627789e-01	   3.6686896305687228e-01	   6.8901869045276765e-01	   6.8145276154525647e-01	   7.6602952178986206e-01	   7.1159008787695643e-01	   5.0310564717237616e-01	   7.0198163093225441e-01	   4.9141019284098375e-01	   3.8566333067690994e-01	   3.6377407272884221e-01	   7.2951141658951513e-01	   7.5298021126726755e-01	   7.5609084621304257e-01	   7.6746004607308205e-01	   7.0296284502872886e-01	   5.0052500000792588e-01	   6.8284651471903457e-01	   5.9622620715543884e-01	   5.3842224436197894e-01	   2.7466164513236679e-01	   4.9000568845238646e-01	   6.3579653607663400e-01	   1.0268083051959287e-01	   3.6881846953836583e-01	   6.5267710588444772e-01	   6.6226728967250525e-01	   6.9094130135664911e-01	   6.0452528782421755e-01	   5.9837643307689370e-01	  -2.2251937765076718e-01	
   8.0767013095641682e-01	   8.3800386575509167e-01	   8.7267311002442016e-01	   8.1620821856063008e-01	   8.6825357817220050e-01	   8.3239253114358691e-01	   8.8785456866576529e-01	   8.7623541935713156e-01	   7.7753894915313349e-01	   8.1210163456530604e-01	   9.3043775457731781e-01	   9.1819605912888536e-01	   0.0000000000000000e+00	   9.4059346551557266e-01	   7.9003259961979300e-01	   8.4228171536859353e-01	   7.9100762671885927e-01	   8.1767434391425242e-01	   7.9432457731269190e-01	   7.8808609147549347e-01	   7.4704484194619414e-01	   6.9841709897956894e-01	   9.0849858169815700e-01	   8.6868156157242815e-01	   8.0175303019451394e-01	   8.3178119102369630e-01	   7.6245969023270355e-01	   7.6469203663649910e-01	   8.4186405362517103e-01	   8.2388402202004896e-01	   8.3222607025208917e-01	   8.4095420627063910e-01	   8.7227900182652318e-01	   8.7931146339845778e-01	   7.7518209898804968e-01	   7.5801390628617615e-01	   5.3559290607044407e-01	   2.8060711079436501e-01	   5.7558141702880861e-01	   7.0400191906991783e-01	   7.7931360401076788e-01	   7.7507862920110115e-01	   7.8391345022041370e-01	   7.4544204698612027e-01	   7.5414876905505235e-01	   7.3619709440519210e-01	   7.4479314397015806e-01	   8.0107572628998680e-01	   7.4093365515014953e-01	   7.5027292971382487e-01	   7.9772724766619763e-01	   7.7709399728738082e-01	   7.1163590650788033e-01	   6.9576928730356613e-01	   7.2453404215820272e-01	   8.2492851235565301e-01	   7.3703202000039270e-01	   7.5903437666586326e-01	   7.6448726571581727e-01	   6.9754425386526131e-01	   8.3837452795495793e-01	   8.8091648732503591e-01	   7.7351737952589872e-01	   8.3668159272055176e-01	   8.2214145876805422e-01	   7.9996468786317976e-01	   8.0040305592747663e-01	   7.8917306839385393e-01	   7.1071949351461761e-01	   7.5157841169416550e-01	   7.6486396284417579e-01	   7.2362220351747131e-01	   8.3454618719335649e-01	   8.3687665956784774e-01	   8.2977164453022223e-01	   8.0793116793963438e-01	   8.4393633257267098e-01	   8.4814741461895760e-01	   7.8885773338567822e-01	   8.0233036646117650e-01	   8.5335077434534923e-01	   8.9398936565757925e-01	   8.0956982459754234e-01	   8.6392770026972876e-01	   8.9042240369069514e-01	   8.9230050905082892e-01	   2.9853542976841457e-01	   7.1446591405860804e-01	   6.6988726674311072e-01	   7.6701670084407181e-01	   7.4433870863097740e-01	   5.8246510049008782e-01	   7.1417035940770057e-01	   5.7463903065142286e-01	   4.5442530615123738e-01	   3.3501302154028001e-01	   7.4128569631378460e-01	   7.5373378561734850e-01	   7.8746979631791048e-01	   8.0015483358502015e-01	   7.2545257485757586e-01	   5.9571571416197133e-01	   7.3422937202030081e-01	   6.7050854517671388e-01	   5.8305990227719562e-01	   2.9052607185392132e-01	   5.4447248834501860e-01	   6.5738060083525718e-01	   1.6732639002998434e-01	   4.4043884239176329e-01	   6.6115982969109655e-01	   6.9847479848666338e-01	   6.9149067725993163e-01	   6.3717806429045010e-01	   6.3191035836505161e-01	  -2.3859728044408957e-01	
