   0.0000000000000000e+00	   8.8662928244776695e-01	   5.7114629722835164e-01	   6.0330759510404341e-01	   3.1641686887229592e-01	   4.6766354942838123e-01	   5.8048464077627315e-01	   5.4970895911072948e-01	   1.3379622476197361e-01	   9.8789309784185042e-02	   3.2713034175726691e-01	   4.2314481217268674e-01	   2.8094092815689670e-01	   2.5029235588352361e-01	   3.0627021594053838e-01	   5.2490383249634587e-01	   3.2405656966416541e-01	   4.1924773414238015e-01	   6.9467523581003010e-01	   6.6734566022981678e-01	   6.3380856467009828e-05	   1.7007226372488601e-01	   4.2733772035971662e-01	   4.9260473867954069e-01	   6.2957720847824375e-02	   1.2923866007338475e-01	   4.3416670600406271e-01	   3.9565381530926996e-01	  -1.1218089944151524e-01	   9.3338378033522105e-03	   5.2730272551191247e-02	  -1.7803670530027902e-03	   2.1499956246410462e-01	   2.3045766017732500e-01	   3.4112486017055972e-02	   8.3881221745730900e-02	   5.0747095061210522e-02	  -1.2295120289369088e-01	   2.6760568687608871e-01	   2.3922242429086385e-01	   3.5761092426444197e-01	   3.2441604553739156e-01	   3.1031028732306831e-01	   2.8997636120960885e-01	   3.0134355355118997e-01	   3.6151099820052179e-01	   3.5428957833356867e-01	   4.6447124068175766e-01	   5.6219457679397888e-01	   6.0061721670895496e-01	   4.9278273348713686e-01	   4.5358674993275527e-01	   4.2574609243611738e-01	   4.1181166102478461e-01	   6.5380178344660200e-01	   6.1218274104459869e-01	   8.6513945120832447e-01	   7.2085884588165583e-01	   7.0839351219727109e-01	   6.7624676593616451e-01	   4.7585924013794562e-01	   2.9921396464938099e-01	   5.2169575506945531e-01	   3.5269912267354064e-01	   1.4651527873274839e-01	   6.1048030871258908e-02	   5.3079818910873189e-01	   3.4003598686536179e-01	   6.5894485203643804e-01	   3.7726508496039468e-01	   6.8913490568245764e-02	   4.6088027808969284e-02	   2.3609299625458388e-01	   1.5465062739742114e-01	   1.2983199555570904e-01	   1.7652263160199896e-01	   4.3205510575830497e-02	  -3.1657551569766351e-02	   3.3764542663575675e-01	   2.9495109041824569e-01	   3.9804427080584592e-01	   4.6991418813478364e-01	   3.8634553345222555e-01	   4.3820097896908961e-01	   3.2831210762677598e-01	   3.3723059884510170e-01	   5.8905877964892894e-01	   5.9003578164054094e-01	   7.2227015702748409e-01	   7.2405592290145382e-01	   5.4044836049068867e-01	   4.7946335423783792e-01	   3.6069861966415417e-01	   3.4492993088641721e-01	  -1.2666914656192968e-01	  -3.6926926280869660e-02	   2.5731049140961942e-01	   2.7381064244293235e-01	   6.8623809775162292e-01	   6.8812221809652585e-01	   3.8091020712475587e-01	   4.6666530203835321e-01	   3.5247844346162138e-01	   4.0056548392758518e-01	   1.0583483762837129e-01	  -3.7704784463721704e-03	   1.9152790013056947e-01	   1.8227080866855408e-01	   8.9138887918242867e-03	   1.6966605898582615e-01	   5.2139737784959417e-01	   4.9458390509566352e-01	   4.2738481511041826e-01	   1.7158606740366111e-01	  -1.5126301853752971e-01	  -2.3105999863478621e-01	
   8.8662928244776695e-01	   0.0000000000000000e+00	   4.8601769924923666e-01	   6.6364143489651262e-01	   2.5006288506530922e-01	   4.8130451280178599e-01	   5.0488600277980322e-01	   5.6357466328736150e-01	   3.8888393989604780e-02	   1.1553678493047714e-01	   2.8255634094340903e-01	   4.5891564500581278e-01	   1.8993697431649426e-01	   1.8633577878419871e-01	   2.5320680281175256e-01	   5.3465280770149437e-01	   3.0787751902665156e-01	   3.9109174197792068e-01	   7.1406122948055262e-01	   7.3471324285546213e-01	   8.7846780023250859e-02	   2.6974712157224856e-01	   3.5158960702774872e-01	   4.8151053121726861e-01	   1.4972659678274525e-01	   2.6638559546699458e-01	   4.3986093854485830e-01	   4.2762954173287954e-01	  -1.1470674079410446e-01	  -2.0681332145377082e-02	   1.2648982971004522e-01	   8.0739710997877731e-02	   3.1726107108545476e-01	   3.3821918907647508e-01	   1.1510875013534003e-01	   2.3378442762488558e-01	   8.9005418501666031e-02	  -2.4078314684157342e-02	   2.4301329597405669e-01	   2.8164839128683389e-01	   3.6847228734780929e-01	   3.7046321334080190e-01	   3.3413279419117420e-01	   2.9477655221203958e-01	   3.6451120113938384e-01	   4.1592066246769444e-01	   4.5617841935809800e-01	   5.5185446758142409e-01	   6.4178872375999108e-01	   6.9030293659125852e-01	   5.9564381836985136e-01	   6.1351845879072475e-01	   5.5442714601833532e-01	   5.6318666230675885e-01	   6.8984935518109558e-01	   6.5767045009523695e-01	   7.7152852897018653e-01	   7.4544871094132992e-01	   6.7836112494571033e-01	   6.6283350125133222e-01	   4.7104621714691142e-01	   3.4083635682656754e-01	   5.2335657418498083e-01	   3.9958073736108196e-01	   1.2460388950132384e-01	   1.3638034758378237e-01	   5.8154135887127090e-01	   4.3474468467735100e-01	   7.0182398296471327e-01	   4.8868293411714953e-01	   1.3915654044352138e-01	   1.7923977784845735e-01	   3.3333473917044487e-01	   2.9232740523430056e-01	   2.0439826940672748e-01	   2.4536268124290722e-01	   1.0205211849040201e-01	   7.9176005872011929e-02	   2.6766157606300722e-01	   2.6800328477614976e-01	   4.1985970985250581e-01	   4.8689004467380170e-01	   3.7881440962110319e-01	   4.8230369973207382e-01	   3.2449278382909075e-01	   3.9440959556116356e-01	   5.1783726657283680e-01	   5.5946756817375165e-01	   6.4124268014760555e-01	   6.7183707960723926e-01	   6.4909720142434990e-01	   4.5164832720570069e-01	   4.5247175245758176e-01	   3.5972624251111029e-01	  -1.7224895343646685e-01	  -1.0708759949689978e-01	   3.3077205631938400e-01	   3.4008707246727332e-01	   7.5632907222631585e-01	   7.3115496711220263e-01	   4.2835103222889459e-01	   5.1165785117009699e-01	   3.9196729966525645e-01	   3.9955951385086896e-01	   1.0689048380365071e-01	  -6.2096229534959899e-02	   2.7513084844478641e-01	   2.3945434137210880e-01	  -4.9124638778519109e-02	   1.9089010653648913e-01	   6.3046127237816063e-01	   5.7976819595723961e-01	   5.1841430793427601e-01	   2.7416559252712802e-01	  -5.6513456261690104e-02	  -1.7091028563318289e-01	
   5.7114629722835164e-01	   4.8601769924923666e-01	   0.0000000000000000e+00	   7.1355920580852694e-01	   6.3224801904641947e-01	   4.7244156309656826e-01	   8.4330039797297607e-01	   7.2075816754988342e-01	   3.2194161468866250e-01	   2.5120498952286541e-01	   4.2658745985018454e-01	   4.1873132599156943e-01	   3.8946040129582538e-01	   3.5587117825029180e-01	   5.2292461933748813e-01	   6.0846134038957134e-01	   2.0367378578753276e-01	   1.8874387057300820e-01	   6.3839486092969477e-01	   5.1818698721013545e-01	   2.1607190028639985e-02	   1.1583438597596551e-01	   7.4757346699249527e-01	   6.1304731488680564e-01	   5.2432797474029447e-01	   3.2140108259116462e-01	   3.8731084867501503e-01	   2.9163852826726905e-01	   1.1399216015894453e-01	   1.2366062968678815e-01	   4.7330469238353906e-01	   4.2264016139153626e-01	   4.8602647272602872e-01	   4.7348669582519548e-01	   5.3541537431923825e-01	   5.3393293495845739e-01	   2.4682489994735438e-01	   1.2286288360795014e-01	   4.6920800259271672e-01	   4.2342864786082723e-01	   4.0105374592322784e-01	   3.9350110713999209e-01	   3.2054235371372086e-01	   1.9893457336694698e-01	   3.5704218167901247e-01	   4.5240256078025848e-01	   3.3499027659606223e-01	   4.8059051989350654e-01	   2.8877578208452614e-01	   3.8866770273179529e-01	   4.1846044022839224e-01	   2.9693990685083943e-01	   1.2484307468797290e-01	   2.5019123538010718e-01	   5.7425376028295494e-01	   5.7014693551296647e-01	   3.7288749141620070e-01	   3.4241254719019332e-01	   3.1220251866455173e-01	   3.6034410033611008e-01	   3.9799473374290784e-01	   3.1892861064153744e-01	   3.0329320186560449e-01	   3.9265805595716197e-01	   6.6037052090989412e-01	   5.4421132824669949e-01	   5.7518016166025054e-01	   4.6131389158959157e-01	   3.9712524467379495e-01	   2.2949380128885369e-01	   6.5982199923358721e-03	   7.4428117301633748e-02	   2.7847975679712429e-02	   1.0581200626568298e-01	   4.5739634686150513e-02	   2.3640421026607883e-01	   1.1090902422729776e-01	   8.1573474481460961e-02	   5.0604450159174405e-02	   1.2225289039503001e-01	   2.4136351177080831e-01	   2.8188357413624243e-01	   6.5717916388134545e-01	   6.4098759514478720e-01	   3.1125294268842929e-01	   3.1805390404260514e-01	   5.9276299093858642e-01	   4.7202821537781470e-01	   6.5492744587225493e-01	   6.7651235092827788e-01	   4.4644293657812284e-01	   4.7659304785632639e-01	   4.9790831865567076e-01	   4.6972912535313094e-01	   8.9293277043068081e-03	  -3.5386132474117260e-02	   3.2537393776576429e-01	   3.4174801673168120e-01	   5.0336144375046787e-01	   5.6578972612333578e-01	   3.4161450064639542e-01	   2.9782074316123586e-01	   3.0940261195447083e-01	   2.5082878671603132e-01	   9.2032537245789678e-02	  -4.8299723971532510e-02	   3.0272076192148639e-01	   2.6028747756415321e-01	  -1.8239056887494026e-01	   4.6521197143586004e-02	   4.2421052872894893e-01	   4.5546198960133455e-01	   5.1792461574737714e-01	   3.2346342081677942e-01	   5.7482898709615059e-02	   1.4477144653670971e-02	
   6.0330759510404341e-01	   6.6364143489651262e-01	   7.1355920580852694e-01	   0.0000000000000000e+00	   4.1664712881754995e-01	   6.8062971797683225e-01	   6.2983314007861901e-01	   8.7438164465568546e-01	   1.3059080931680811e-01	   2.7079525851811737e-01	   3.4148063021206609e-01	   5.2232423751234691e-01	   1.5180471488949548e-01	   3.9790158355668870e-01	   3.4039753468416545e-01	   6.2932543127350071e-01	   1.3580541402525767e-01	   1.2376880936847731e-01	   7.0209783616844901e-01	   7.2682403589157685e-01	   4.5083580597350320e-02	   1.6278807676626034e-01	   6.0913274347638879e-01	   7.1702426432123856e-01	   3.6356533517599565e-01	   4.6416849641272723e-01	   4.2143965280781193e-01	   4.0010273302578919e-01	  -1.3168921250152296e-01	  -2.2509091152332603e-02	   3.3075191927688208e-01	   4.0414261217806163e-01	   4.5155225638979668e-01	   4.9637830944767575e-01	   4.1357152077873255e-01	   4.9240304075313762e-01	   9.0095786097979774e-02	  -1.0988953909645809e-02	   2.5706612879121016e-01	   3.7446841558490418e-01	   2.7670151058985215e-01	   3.9855356533090558e-01	   2.8633918259884761e-01	   2.5436759447376123e-01	   3.2755223829820324e-01	   4.5982669620247718e-01	   3.2729553378403292e-01	   4.8700459374801142e-01	   4.3947820190739889e-01	   5.9253694962849790e-01	   5.3382027287303879e-01	   5.7791619257257931e-01	   3.5754353029707064e-01	   4.5933854403447028e-01	   6.0660704288063383e-01	   6.4724286237422823e-01	   4.4835312175806485e-01	   4.6096815676763025e-01	   4.9026674023380701e-01	   5.3943889504967379e-01	   3.9243267518031938e-01	   4.4038139640882890e-01	   3.6317581699087265e-01	   4.0307946691848978e-01	   4.5743811241187715e-01	   6.4693666487079637e-01	   6.5574217220082953e-01	   6.5079518690540494e-01	   5.1382538979327219e-01	   3.8872164828080330e-01	   8.1788826369164597e-02	   7.4684463277693749e-02	   2.2440025139612127e-01	   2.6684468451554366e-01	   1.8347915436893714e-01	   3.0630834895926617e-01	   1.1374541626870885e-01	   7.3354508630121010e-02	  -2.5577954536730903e-02	   4.8404241014054217e-03	   3.0860032038895790e-01	   2.9502145315295109e-01	   6.3779559717089951e-01	   6.0325678092022894e-01	   5.3112177169536512e-01	   5.8669596960226589e-01	   7.1708129417677580e-01	   6.5500831602569287e-01	   7.2233663525855552e-01	   7.4370209918476593e-01	   7.5855428496598931e-01	   5.1269817572849308e-01	   7.5516533780332051e-01	   5.2303353835879518e-01	  -1.3989715146943582e-01	  -6.0911675560986478e-02	   2.6820323469232299e-01	   3.2150917849004512e-01	   6.3035141999415822e-01	   6.5007579603547827e-01	   6.1896793565372943e-01	   5.0178446012018030e-01	   5.3322619875592259e-01	   4.9615809481926992e-01	   2.8529959049677200e-01	  -4.7792205781780658e-02	   4.4592540557752547e-01	   4.6161272083554045e-01	  -1.7864415961089003e-01	   1.2088873744248635e-01	   6.3004910379112555e-01	   5.4072057909162186e-01	   6.3683596036268719e-01	   4.4104977057028394e-01	   1.3822783412226433e-01	   6.6934020214590703e-02	
   3.1641686887229592e-01	   2.5006288506530922e-01	   6.3224801904641947e-01	   4.1664712881754995e-01	   0.0000000000000000e+00	   1.8395166897951545e-01	   5.7549023301547475e-01	   4.7041942364746131e-01	   5.0312411856924588e-01	   1.1200339468405540e-01	   9.9774154774591020e-02	   2.2696990935048869e-01	   2.0454409943051671e-01	  -2.4399828228513949e-03	   2.0592456696084632e-01	   2.4542366159591905e-01	   4.2949371015840609e-01	   3.2889584747196227e-01	   4.8934406235231143e-01	   2.9662172698079547e-01	  -2.1989075612301542e-01	   2.4148472537904830e-01	   3.8997270225778874e-01	   2.8353431672552054e-01	   4.3203877319424616e-01	   4.8830030336259295e-02	   1.1373021398408834e-01	   8.0365437569135514e-02	   2.1708523281864484e-01	   2.0143121687526672e-01	   3.9262287029647763e-01	   3.1610844858528858e-01	   4.1365800860689772e-01	   3.7165423013343996e-01	   2.3293631128506909e-01	   3.5454502009211886e-01	   2.9407482877407298e-01	   1.6658680158442296e-01	   4.8141267906047247e-01	   4.5131517718839720e-01	   4.1498426422227819e-01	   3.0789065128128806e-01	   3.2038545359870174e-01	   1.2552973658605338e-01	   5.0698284421758699e-01	   4.6897451672816065e-01	   3.7455204000814885e-01	   2.9214111693236283e-01	   2.0090922067353467e-01	   1.7045129659325836e-01	   1.9666546938006130e-01	   1.2457839180601138e-01	   9.6333834275142111e-02	   5.9859049349918009e-02	   4.8441407468005249e-01	   4.4151521309475239e-01	   2.0614693130513989e-01	   7.9574125760790426e-02	   1.1650135558624679e-01	   1.3029947144873683e-01	   2.5271206466372581e-01	   9.7566086855199796e-02	   2.8805760194041552e-01	   2.6889581716216499e-01	   5.1433471806583453e-01	   2.8442040367574090e-01	   3.4291248491122678e-01	   2.4499018675126016e-01	   1.0682025735640495e-01	  -1.2274890030357985e-01	  -3.3551295376905965e-01	   5.9052639781566323e-02	  -2.4470462280051308e-01	   7.0154851172974875e-02	  -1.1331404359549707e-01	  -2.4300568723717605e-02	  -6.5072673808001830e-02	  -1.9018934830433681e-01	   2.2078830770113908e-01	   2.7483292124734027e-01	   1.3823605857494214e-01	   2.6147302436884734e-01	   3.3686122821047515e-01	   3.4700743211888818e-01	  -1.1522965667196261e-01	  -5.2856956453953163e-02	   3.8549664176546128e-01	   6.8417304578182944e-02	   3.1514494071769628e-01	   3.3845784747609592e-01	   1.6690515757492327e-01	   1.4890348029643391e-01	   1.8019214906301362e-01	   1.2657257443477946e-01	   1.7345125354311242e-01	   4.5965578760992195e-03	   4.4482458437352124e-01	   2.9042173800848131e-01	   4.4826640717668587e-01	   3.6966763334014796e-01	   3.5194440148509953e-01	   2.3123798846336341e-01	   4.2228681767449305e-01	   2.8156323220659796e-01	   2.3153683603475261e-01	   1.3513248247246379e-01	   1.4740176747657563e-01	   1.2010616565632773e-01	  -4.1419126748419646e-02	   1.2253113256014678e-01	   1.5513696794112036e-01	   3.6391292138185199e-01	   2.8392746296667232e-01	   2.5328262310754690e-01	  -8.2664675565221682e-02	  -3.9128016900310578e-02	
   4.6766354942838123e-01	   4.8130451280178599e-01	   4.7244156309656826e-01	   6.8062971797683225e-01	   1.8395166897951545e-01	   0.0000000000000000e+00	   4.6760019292894112e-01	   6.6269508320575277e-01	   1.7389695021761437e-01	   6.5219776128436213e-01	   1.6306765124759212e-01	   4.7142469633344086e-01	   6.0471459951759197e-02	   3.4060116425809878e-01	   9.7486613558150609e-02	   4.4814424422903454e-01	   4.3440924622995661e-02	   1.3977276728538873e-01	   3.9325304640778280e-01	   4.4593951111735541e-01	   1.5971276364236353e-01	  -7.6604389232720380e-02	   5.2261239133379644e-01	   5.9038628164939255e-01	   2.0041569134757647e-01	   5.9541824238209573e-01	   4.9169765769468210e-01	   5.3644097447809247e-01	  -1.1428723017989095e-01	   5.4459568614881215e-02	   2.0265224845979504e-01	   3.6692448169167513e-01	   3.2040744477851890e-01	   3.4232615841025565e-01	   3.1113751340772455e-01	   3.5822495259488990e-01	  -1.8638484438491010e-01	  -2.2519935652416853e-01	   3.6957459633621577e-02	   6.9714654005562815e-02	  -2.8655135963786174e-02	   1.5792375268618783e-01	   1.0530914090919788e-01	   9.8611563474884756e-02	   2.2698469841234908e-01	   2.9420509522134664e-01	   1.7994838416012410e-01	   2.9697454211127589e-01	   4.2004370811574693e-01	   5.3913796938718006e-01	   4.6738455352687958e-01	   5.6996651639692064e-01	   4.0413156792263211e-01	   4.5261207414168203e-01	   3.9235378715943214e-01	   3.8488465661516758e-01	   3.6939670361614463e-01	   2.4763817721837961e-01	   4.2847221549347925e-01	   3.8630784874756097e-01	   3.4759552467840760e-01	   3.4895395973215332e-01	   2.7149100366208234e-01	   1.8583620029238712e-01	   3.5704687779716410e-01	   4.6804167321634327e-01	   4.8626979926994895e-01	   4.7750044927939328e-01	   3.3779264093686145e-01	   3.3730016438074228e-01	   4.1913704475995872e-01	   1.7533887393712572e-01	   5.0869423264230751e-01	   3.6037437192731558e-01	   4.0289417828471480e-01	   4.5639673865678576e-01	   1.2024799181255627e-01	   1.4459644688130086e-01	   7.7609049544024714e-02	   1.8269510422835905e-01	   3.2070782299053302e-01	   3.2201780437182537e-01	   3.6249394324801959e-01	   3.2345344768113404e-01	   4.0061051742532572e-01	   4.5962987579285691e-01	   5.7128774159970452e-01	   5.3182532396654358e-01	   4.4289434884300838e-01	   4.2232091815492356e-01	   5.6819238268542904e-01	   2.4803953115514790e-01	   5.4995071276637597e-01	   2.9116237765188829e-01	  -2.2250560821278439e-01	  -6.6953546409796255e-02	   4.3709080769061250e-02	   3.0922790464468547e-01	   4.6668202045243445e-01	   4.8938126402294302e-01	   4.5704219506601118e-01	   2.8596928209150696e-01	   4.0676685914055405e-01	   3.8839842445885187e-01	   2.4900449976295808e-01	   1.7791093775227653e-03	   3.3117768889258642e-01	   3.8479991510629746e-01	  -5.7383989312158767e-02	   4.7489390472072034e-02	   5.1731085189479431e-01	   4.4309604891558019e-01	   5.1679206622669227e-01	   3.2734851625645928e-01	   1.3180202782147843e-01	   6.1140525174455569e-02	
   5.8048464077627315e-01	   5.0488600277980322e-01	   8.4330039797297607e-01	   6.2983314007861901e-01	   5.7549023301547475e-01	   4.6760019292894112e-01	   0.0000000000000000e+00	   7.7422360867422213e-01	   4.7989352517968820e-01	   3.2745708240332561e-01	   4.6283228524972825e-01	   4.5790990055611647e-01	   4.3102531470000655e-01	   2.0912308059741164e-01	   3.5840201175329267e-01	   5.7958098442616479e-01	   1.8271767665541677e-01	   1.2961079273022416e-01	   6.3384441624614785e-01	   4.8687246930618105e-01	  -1.1175797681671275e-01	  -2.6013008662244364e-02	   5.1507808331170679e-01	   4.3847768602432752e-01	   3.8492104419698847e-01	   2.3010843107759713e-01	   1.7136588835430669e-01	   1.0641166187957221e-01	   1.5360865838333909e-01	   1.6478860547203980e-01	   4.0531790838706505e-01	   3.1293018552466212e-01	   4.7239814518380374e-01	   5.1227714276533098e-01	   3.0239775050525569e-01	   3.6045112048429578e-01	   5.7372641392286422e-03	  -1.3028238199163272e-01	   2.7499372568312808e-01	   2.0369142907951795e-01	   1.6186573049517122e-01	   1.4893252968222043e-01	   3.4378680281271123e-01	   2.9067065218562393e-01	   4.0264069756925452e-01	   4.7523136224311191e-01	   2.9872260046932569e-01	   4.3192119565452103e-01	   4.3681919671557629e-01	   5.3542210163002379e-01	   4.5306830920653535e-01	   3.6687784007489554e-01	   1.5887770868653781e-01	   2.6637971574883040e-01	   5.2696577711756742e-01	   5.0299611502590424e-01	   3.6589919209019661e-01	   2.8803197655953783e-01	   4.2441507678192025e-01	   4.4199903409199376e-01	   6.7428758620803264e-01	   5.2761250361030232e-01	   3.2439562910612763e-01	   4.9955432223596996e-01	   5.5568538926387101e-01	   5.4396800699326353e-01	   6.1303714483746108e-01	   4.6456248056657151e-01	   4.2910661349519036e-01	   2.1262114579927574e-01	  -4.0154704638320937e-02	  -9.6153442502347503e-02	   8.3046448454208610e-02	   1.4335207076780795e-01	   4.9291675705264548e-02	   2.0844903160395556e-01	   1.3474426375406837e-01	   7.3382736431517756e-02	   8.0903132689327889e-02	   1.0234542641131988e-01	   2.7421393486511059e-01	   2.8926923871394816e-01	   4.1739321785407674e-01	   5.6606248228836131e-01	   1.4701142392369831e-01	   2.0110040672101726e-01	   4.9374420048134149e-01	   4.2082367443232849e-01	   5.9562356089262813e-01	   6.1557820829356835e-01	   5.3637924989751551e-01	   5.3946500458397051e-01	   3.9929366502106112e-01	   3.2327054249674242e-01	  -5.2720688302704769e-03	  -5.9130895402300231e-02	   2.4308679606353259e-01	   2.3888355722250737e-01	   5.3701047568418847e-01	   5.6346242824483583e-01	   4.4698982119116015e-01	   3.0198908828514570e-01	   3.6910648707366700e-01	   3.4530567325383832e-01	   8.4611867416429634e-02	  -4.3553487476863426e-02	   2.5946899231306836e-01	   3.4551361996614061e-01	  -3.8750899486405775e-02	   9.1355680044997029e-02	   4.8427605848226268e-01	   5.0914474231352980e-01	   4.9744230216727414e-01	   2.4471581315843943e-01	  -7.7552033452662886e-02	  -7.0353313888999347e-02	
   5.4970895911072948e-01	   5.6357466328736150e-01	   7.2075816754988342e-01	   8.7438164465568546e-01	   4.7041942364746131e-01	   6.6269508320575277e-01	   7.7422360867422213e-01	   0.0000000000000000e+00	   3.0780738471801461e-01	   3.0460280532346345e-01	   2.8662741286023974e-01	   4.5587527499690117e-01	   1.8281160836991564e-01	   3.7867570348829099e-01	   3.1847716692194233e-01	   5.0843983702242213e-01	   1.4970018952604264e-01	   1.1495740072037430e-01	   6.5711382266889018e-01	   6.0893184824717894e-01	  -7.9021862479217414e-02	   6.5065678396776100e-02	   5.2999832518151968e-01	   5.2890161623446297e-01	   3.3243697612047118e-01	   3.2165552920211432e-01	   2.4299767786446674e-01	   2.0728673846512746e-01	  -5.8704148096906161e-02	  -2.1310471415243691e-02	   2.9480199117780681e-01	   3.3545126146922088e-01	   4.6221578565810106e-01	   5.2396519635828342e-01	   3.4757913853955341e-01	   3.9889819297574758e-01	   3.0559782359389349e-02	  -1.0109628319879213e-01	   2.2061434584912595e-01	   2.7744406761054530e-01	   1.7873855848696502e-01	   2.5591996389036026e-01	   2.4926856062265840e-01	   2.0721086384085627e-01	   3.3613967447759463e-01	   4.2091692232441891e-01	   3.0042371514596367e-01	   4.3593062787341696e-01	   4.0020882217692749e-01	   5.7657620452631375e-01	   5.1038467858160619e-01	   5.2559913410639880e-01	   3.4350948366708917e-01	   4.3489405500715678e-01	   5.6927271614246699e-01	   5.6259427645770665e-01	   4.0954711897772333e-01	   3.2408995626264170e-01	   4.1986018762129240e-01	   4.8609934833852525e-01	   4.8851561223069162e-01	   5.2286613108259195e-01	   2.7149834952195651e-01	   3.6859861764139085e-01	   5.0713488253839190e-01	   6.4348492596410101e-01	   6.5623299391198264e-01	   6.1396188636336690e-01	   4.5750930489875130e-01	   3.1243379313043074e-01	   2.2450247093739318e-02	  -3.4962433247008956e-02	   1.8042268877882728e-01	   1.5822681665743998e-01	   1.1626655918095447e-01	   2.5390954847568842e-01	   6.7261257963855237e-02	  -3.2539164853061962e-03	   1.7699110879552300e-02	   3.9027660021912651e-02	   3.3571061486769282e-01	   2.7611495213120085e-01	   5.3690448182076356e-01	   5.0165397605346096e-01	   4.0547396528872903e-01	   3.7737756295221958e-01	   6.8293290362197534e-01	   4.8654830086198020e-01	   6.4852257521080325e-01	   6.2303923941811523e-01	   7.3768265202782757e-01	   5.4318548027305014e-01	   6.4439459575096003e-01	   4.6345901565849179e-01	  -8.5809360517985545e-02	  -3.1550548850682689e-02	   2.2653771244813387e-01	   2.3126594813495496e-01	   5.8047072526061538e-01	   5.9714291147979959e-01	   5.9302068206581726e-01	   4.2974790137254115e-01	   4.8560424027358162e-01	   4.8567227952999120e-01	   2.5456641604515612e-01	   6.8659818838339659e-02	   3.5001855258023312e-01	   4.2143017256831528e-01	  -5.6462564824794795e-02	   2.1969887088954615e-01	   6.1799608885494040e-01	   5.8182740818826606e-01	   6.0642847525841237e-01	   3.3766147930661122e-01	  -1.8052155669066768e-02	  -8.9339342249700471e-02	
   1.3379622476197361e-01	   3.8888393989604780e-02	   3.2194161468866250e-01	   1.3059080931680811e-01	   5.0312411856924588e-01	   1.7389695021761437e-01	   4.7989352517968820e-01	   3.0780738471801461e-01	   0.0000000000000000e+00	   5.3174190637676955e-01	   2.3320447348165624e-01	   2.3608485732376706e-02	   3.3167851366971601e-01	  -6.9727986945475844e-05	   2.0277373767081613e-01	   1.2810622716125797e-01	  -4.4334090797541505e-02	  -9.5084930818811322e-02	   1.8346263801377161e-01	   1.2651142900188830e-01	  -2.9670881044826808e-01	  -2.9784929692334078e-01	   1.0366178582744119e-01	  -8.2271964535964356e-03	   2.2768408092081464e-02	  -9.0218625688315901e-02	  -3.3375076994133679e-01	  -3.7167311716332657e-01	   1.1113758791311631e-01	   1.2933881427470351e-01	   4.3131358660654217e-03	   1.3211748144629363e-02	   1.2291927610666151e-01	   6.3239719949434364e-02	  -1.9444845726341069e-02	   1.1330734927944276e-02	  -1.6375616415237615e-01	  -3.2591031586264152e-01	  -8.1454538155752473e-02	  -1.7160922604452344e-01	  -2.1559902122325048e-01	  -2.5705217999923258e-01	   1.2789063611887974e-01	   1.5113588793961985e-01	   1.6954130469176676e-01	   8.8862005377923436e-02	   3.9284328965613596e-02	   5.2425646308254990e-02	   1.3512982576933613e-01	   8.1707035105097914e-02	   1.9776471075289923e-01	   1.8104828217460223e-02	   9.7507716001140582e-02	   1.8573709505147970e-01	   1.4703833884532927e-01	   6.7288445183061804e-02	   4.6690816485340854e-02	  -1.8102802987359309e-01	   1.0897886103466450e-02	   1.3641520465841531e-02	   4.0147929353991396e-01	   2.4112947268293478e-01	  -6.4780793098525163e-02	  -7.6267940878823798e-02	   2.1338412190967218e-01	   1.6599580345447176e-01	   1.2843867844599607e-01	   2.7404875252643103e-02	   6.1090447354709379e-02	  -8.2660777002629388e-02	  -2.2281988294075583e-01	  -2.7295902460997967e-01	  -1.8167530329690385e-01	  -1.1493226429933459e-01	  -2.2650610219554393e-01	  -1.5035480050497402e-01	  -9.2646919711597442e-02	  -6.5538204173995362e-02	  -6.0071307706113998e-02	  -6.7367316309073125e-02	   4.5859076704592994e-02	  -1.2243977439069437e-02	  -5.9248183153636377e-02	   8.2742832220411539e-02	  -7.1214214349977059e-02	  -9.9699505682613307e-02	   3.3413143007334417e-02	   2.2220772598828875e-02	   4.1112377068191527e-02	   4.9432467057323633e-02	   1.5617091244442521e-01	   3.3108242379709096e-01	  -1.2574862187276220e-01	  -3.1253016226701680e-02	   1.4798977441769473e-01	   1.8284095651910040e-01	  -6.8917723258270114e-02	  -4.3031592382479722e-02	   8.1236473670789108e-02	   6.6048737806694569e-02	  -7.3663723216234583e-04	  -1.0333039003186979e-01	  -2.5717298871286591e-02	   3.2554385053350815e-02	  -4.3693143956829772e-02	   7.1905700148136686e-02	  -1.7093962998966511e-01	  -5.9300225985021826e-02	   2.7651878652245743e-01	   1.1496877891589298e-01	   3.2137233439792717e-02	   1.6615367142151899e-01	   6.8494046667782568e-02	  -2.9529609840246909e-02	  -2.3276965639722486e-01	  -1.7166772803003910e-01	
   9.8789309784185042e-02	   1.1553678493047714e-01	   2.5120498952286541e-01	   2.7079525851811737e-01	   1.1200339468405540e-01	   6.5219776128436213e-01	   3.2745708240332561e-01	   3.0460280532346345e-01	   5.3174190637676955e-01	   0.0000000000000000e+00	   1.9635189908207090e-01	   3.2688896883430935e-01	   1.9017906625956829e-01	   2.0055366028443641e-01	   3.2424931519683738e-02	   2.9011803269608749e-01	  -2.2528117400817199e-01	  -1.7855837015233059e-01	   1.4806920763597670e-01	   2.0227996186218627e-01	   8.0481855837973904e-02	  -3.7180785613753886e-01	   2.7519126967560870e-01	   2.4155542672124297e-01	  -2.1164579793580799e-03	   3.7889030827815096e-01	   1.5292564554867567e-02	   6.5170363633692566e-02	   1.3304357232254663e-02	   8.3056896697563401e-02	   1.3164521515761560e-01	   2.5628756285811921e-01	   1.8755303468584794e-01	   1.9907985306815962e-01	   2.0645061351126864e-01	   2.4603831996120107e-01	  -3.0117433414329026e-01	  -3.0639156846875376e-01	  -1.5909787181401747e-01	  -1.9508153783375254e-01	  -3.4871684382806051e-01	  -1.6802363356271630e-01	   1.3150595334223273e-02	   2.6418148758685110e-02	   9.2894685448929676e-02	   7.4468915491306270e-02	   4.2335483973338764e-02	   8.9101231110955637e-02	   2.7634281184690013e-01	   2.6570013218301003e-01	   2.8312296788501112e-01	   3.1382083496222074e-01	   3.1945392721176180e-01	   3.5969547808675645e-01	   1.3586534197348413e-01	   7.3993534467284752e-02	  -3.2318794358623323e-02	  -1.2489788381550054e-01	   1.5852243908082542e-01	   1.1018545926077505e-01	   3.9138024331841814e-01	   3.2806819253129610e-01	   5.1265242227305892e-02	   3.5249848630625857e-02	   2.9656167991502907e-01	   3.1522532960622385e-01	   2.2792356235045041e-01	   2.6706491014221884e-01	   1.6733230650980249e-01	   2.0792875758513807e-01	   2.9248511149333256e-01	   1.2778015090602567e-02	   2.7478690449934629e-01	   1.8707380214480296e-01	   2.0460520970113044e-01	   2.2952543078383295e-01	   2.2097407288968446e-01	   2.6923865994693635e-01	  -1.1308402297857234e-01	   1.1423688663920840e-02	   8.1000024056352579e-02	   1.1191458352428577e-01	   2.3552902281849284e-02	   2.0121470755248438e-01	   1.5937737868036533e-01	   2.2672848190508388e-01	   1.0259298464234649e-01	   1.9102852368624082e-01	   3.1821385435032892e-02	   3.2135449989005728e-02	   2.7865585475518084e-01	   5.7784427073902161e-02	   1.9699594557043903e-01	   1.0334378311832310e-02	  -1.0243356240390236e-01	   6.4143062500114784e-02	  -7.8766160373526239e-02	   1.5211357048971436e-01	   1.7037122338957916e-01	   1.5192604409941129e-01	   1.0561745282206676e-01	  -9.7689522997635544e-02	   4.6248221314003753e-02	   3.3379380431764784e-02	   3.4855304959457982e-02	  -1.2006621864559651e-01	   7.9678914590977784e-02	   1.6578235514529929e-01	   6.7146474388378036e-02	   2.1970379066867268e-03	   1.9879093903340328e-01	   2.5166147706680003e-01	   3.2635241463928810e-01	   2.3676798634652307e-01	   1.1206715673491746e-01	   1.1258807616011296e-01	
   3.2713034175726691e-01	   2.8255634094340903e-01	   4.2658745985018454e-01	   3.4148063021206609e-01	   9.9774154774591020e-02	   1.6306765124759212e-01	   4.6283228524972825e-01	   2.8662741286023974e-01	   2.3320447348165624e-01	   1.9635189908207090e-01	   0.0000000000000000e+00	   5.0873339038606502e-01	   7.8142887268668226e-01	   5.4102303455463496e-01	   5.2374938766443102e-01	   5.0260122119119643e-01	   2.2765726406211717e-02	   4.5887845093236679e-02	   4.1650057542385310e-01	   3.9644583785183107e-01	  -4.6312680811536056e-02	  -2.3451419618784550e-01	   4.2780504568684291e-01	   4.7260134038700263e-01	  -7.6018420543751769e-02	  -6.7032389292441680e-02	   1.0885520972271487e-01	   9.0060278455384835e-02	   2.1078275693319179e-01	   1.6458369602711001e-01	   1.7725849979687702e-01	   2.0074195010013643e-01	   1.5097499902699349e-01	   2.3686163506476399e-01	   2.8644048343377670e-01	   2.9644753997898154e-01	  -1.6866191812706714e-02	  -3.3269783532020120e-02	   2.9598870195971939e-02	   1.6052747438969551e-02	   1.8210104631506524e-01	   3.2424811623489613e-01	   2.8794701792826882e-01	   2.4031679675530682e-01	   1.1804817400967355e-01	   2.5406454164239334e-01	   1.8909511891419423e-01	   3.0464779813505904e-01	   3.0015121901318581e-01	   3.3196756119911441e-01	   2.9971308879282021e-01	   1.7733343358962855e-01	   1.3072490047855279e-01	   2.3405057756967512e-01	   2.2712017950494562e-01	   2.3167124108873352e-01	   2.4157663937504664e-01	   3.6154945068475547e-01	   2.7173657585336447e-01	   1.9326125757749993e-01	   4.6123929548826320e-01	   2.2849132507869022e-01	   4.1989273818494410e-01	   2.8206960788643154e-01	   3.1745903237919737e-01	   2.9489610150610956e-01	   3.5097444009025036e-01	   2.5408425365853049e-01	   3.9522621254914658e-01	   4.0826887458137062e-01	   2.0464685869978361e-01	   9.3547492362428486e-02	   2.0331553926083878e-01	   1.0847936678690079e-01	   2.4830869763199939e-01	   2.7881729176352488e-01	   3.6807564057137859e-01	   2.3210130973320128e-01	  -2.8913450373964988e-02	  -8.8734051310594794e-02	   3.6922334729171635e-01	   2.7513211304281965e-01	   4.9805540349954525e-01	   4.6513955149539521e-01	   4.5337505623589702e-01	   4.3452469727990034e-01	   1.8414424452188216e-01	   3.6059719364048981e-01	   3.2245783917133630e-01	   3.7882955593789164e-01	   2.5251607022783767e-01	   3.7008346759669775e-01	   2.1731293634071505e-01	   2.3860975135137868e-01	  -5.1322234824818930e-02	  -1.5155640320402303e-01	   1.1539660318030723e-02	   1.2487383818817178e-01	   2.1149654203220750e-01	   4.3940421322286655e-01	   8.7347656508848764e-02	   1.4195176692894726e-01	   1.6155810370927164e-02	   3.0463909400863503e-02	  -2.2426689317195414e-01	  -3.5569410490597608e-01	   2.6735421843033869e-01	   2.1995414376731021e-01	  -2.3558363007935845e-01	  -1.3711774384572456e-01	   3.0977426445894357e-01	   2.6380812022271061e-01	   3.8751574790632215e-01	   2.9954621441067764e-01	   2.2840774912176015e-01	   1.9784879255939719e-01	
   4.2314481217268674e-01	   4.5891564500581278e-01	   4.1873132599156943e-01	   5.2232423751234691e-01	   2.2696990935048869e-01	   4.7142469633344086e-01	   4.5790990055611647e-01	   4.5587527499690117e-01	   2.3608485732376706e-02	   3.2688896883430935e-01	   5.0873339038606502e-01	   0.0000000000000000e+00	   4.0739604228240822e-01	   5.2333731845765263e-01	   2.6570567202102424e-01	   6.3261271578800149e-01	   2.1172880154754095e-01	   2.0064285228887999e-01	   5.2485245307833117e-01	   4.5885032275523802e-01	   1.3899284719616598e-01	  -1.0603742313871675e-02	   4.7961971094093570e-01	   6.0876512713719166e-01	  -1.8115668484138876e-02	   2.4039202864806947e-01	   3.1968701426937152e-01	   3.6414376763169254e-01	   1.6212156423678947e-01	   3.0689714306584093e-01	   3.8972355039585654e-01	   4.9661900758224808e-01	   4.9997455877856073e-01	   6.0044616275279805e-01	   2.7427210392151041e-01	   2.8953276280403650e-01	  -5.3419467921496502e-02	  -7.2676081393629313e-02	   1.5626740407147267e-02	   1.2829239499518286e-01	   1.2779623605299129e-01	   3.3657313497966351e-01	   3.3567557426637729e-01	   1.9495248789677566e-01	   2.9154559678977415e-01	   4.4391570453906803e-01	   3.6413872392562485e-01	   3.7046240817574777e-01	   4.8764152477084016e-01	   5.3889365185550941e-01	   3.3668173920760885e-01	   3.9757470906625431e-01	   2.3827126858993614e-01	   2.0677498451503529e-01	   3.0812863491300957e-01	   3.1467024782141806e-01	   2.7923906338125359e-01	   3.4748656486548235e-01	   3.4481427637350837e-01	   2.8655631107966795e-01	   5.0105533468172969e-01	   3.9818101789695587e-01	   4.7008362496569922e-01	   6.3011820166284038e-01	   4.8346610898125197e-01	   4.4652558629335681e-01	   4.0183708569089660e-01	   3.9531181126773618e-01	   3.8345659791063613e-01	   2.5692071841580388e-01	   4.0492530921844616e-01	   3.3103813562910889e-01	   4.1233568618765432e-01	   4.7437557362371530e-01	   4.2551911440265178e-01	   5.1980548686389616e-01	   4.6148729797025778e-01	   3.7808277558993142e-01	   1.6240598342337365e-01	   1.7376875215321563e-01	   4.7744377402908750e-01	   5.0339699574942465e-01	   5.2690621735944065e-01	   6.0329754982430361e-01	   3.8298873441799375e-01	   4.9689761120862663e-01	   3.4117327315582779e-01	   3.3817197381057928e-01	   3.1173888820063222e-01	   3.6392535664599729e-01	   3.9775376282456232e-01	   1.8249975269558630e-01	   5.4896686567819852e-01	   3.7292209096897433e-01	  -7.6169142283080374e-02	  -1.0662844014826699e-01	   1.7352537592273959e-01	   3.0595901964315492e-01	   5.1467483154262050e-01	   5.9013205825130943e-01	   5.3571681836090901e-01	   4.4989726044601658e-01	   4.3982185301359999e-01	   3.0839095869057065e-01	   9.4182570113994057e-02	  -2.6424743943192575e-01	   5.1201820389152342e-01	   5.3317994403478353e-01	  -2.2781624878160789e-01	   7.1136793348997487e-02	   3.6651892260795182e-01	   4.1866867343740621e-01	   5.9770040530363189e-01	   6.1029381596621934e-01	   3.6268428249850909e-01	   3.1344417183117523e-01	
   2.8094092815689670e-01	   1.8993697431649426e-01	   3.8946040129582538e-01	   1.5180471488949548e-01	   2.0454409943051671e-01	   6.0471459951759197e-02	   4.3102531470000655e-01	   1.8281160836991564e-01	   3.3167851366971601e-01	   1.9017906625956829e-01	   7.8142887268668226e-01	   4.0739604228240822e-01	   0.0000000000000000e+00	   5.1063584184036692e-01	   6.3037979561542956e-01	   5.2633303781510021e-01	  -3.6222515638459719e-02	  -4.2376488050459911e-02	   2.0247116002421606e-01	   1.3726335356675340e-01	   2.8605869625810250e-02	  -1.6954694533722861e-01	   3.5781054581045130e-01	   2.6964127099449009e-01	   1.8911843296676549e-02	  -1.3753868559381752e-01	   1.2891675450567466e-01	   4.7842062888044747e-02	   7.7645738622621682e-02	   6.4591777651448926e-02	   9.8412096632941148e-02	   1.6917778943621786e-02	  -7.0278444521668110e-03	   1.3323917814488878e-02	   2.8394939591318369e-01	   2.2594229382024622e-01	   1.8460431836469784e-01	   1.4126442040238776e-01	   2.0543451256533141e-01	   1.3255866664236232e-01	   2.3045431659291010e-01	   3.5745906907865727e-01	   3.4333820219730815e-01	   2.4894299772481346e-01	   1.8324473426970272e-01	   2.6334274922684425e-01	   2.3409068418730855e-01	   3.5350202803708508e-01	   2.3835532427714823e-01	   2.6351391048047096e-01	   1.9578801772787496e-01	   4.8141460546049827e-02	   6.0138062371804746e-02	   9.4854328012763583e-02	   2.3501266653187453e-01	   1.6792204456583104e-01	   1.9645939947995494e-01	   2.7343395720849278e-01	   2.3169026938908049e-01	   1.8702156237837303e-01	   4.2524002448976761e-01	   1.6746673419174365e-01	   2.5399995107793405e-01	   8.6101091691294776e-02	   3.2893560793774246e-01	   8.9960714066221789e-02	   3.1933097908643238e-01	   2.0636827994581786e-01	   1.7807771960043062e-01	   3.0609925599174231e-01	   8.5424034432971530e-02	   6.3203126072302926e-02	  -2.7661599307326843e-02	  -5.2812547861236021e-02	   7.4938652081419435e-02	   1.4405426986608780e-01	   2.6803494033377384e-01	   1.0475314786340414e-01	  -2.2282414028308765e-02	  -6.1022510017766082e-02	   2.0358726895343565e-01	   2.0283106287595951e-01	   4.4634174544597127e-01	   5.1729724294216328e-01	   3.2818338240277095e-01	   2.7500815061754941e-01	   1.6318456045897345e-01	   1.5613475747107330e-01	   2.6454789047773147e-01	   2.8375158495843389e-01	   1.5706155333474014e-01	   2.8703828552607796e-01	   1.4341938433656448e-01	   1.8009849935775385e-01	  -1.4942437342815476e-01	  -2.0077455890244988e-01	   2.6034876318372584e-02	   1.1346144934871152e-01	   1.8302593454010768e-01	   3.5373469616948444e-01	  -7.6487657917547816e-02	   7.6394508920203221e-03	  -1.1821701267519324e-01	  -1.0719441501324667e-01	  -2.9554874731643549e-01	  -3.4274402808347659e-01	   1.1181790158321071e-01	   7.8322519804906579e-02	  -3.1800248470966114e-01	  -2.1764840158239218e-01	   1.7598812171698555e-01	   2.3023594568158626e-01	   2.9314303627247257e-01	   1.9225705830219769e-01	   1.3086453829823860e-01	   9.1164611800219689e-02	
