   0.0000000000000000e+00	   9.2706038396663593e-01	   8.2136649368692494e-01	   8.3443996603586823e-01	   6.8337038398313354e-01	   4.9394686210414218e-01	   8.2416958501949389e-01	   8.8903114584544518e-01	   7.3449715264606352e-01	   5.1562301018262990e-01	   7.7323778567359458e-01	   8.6020130112950444e-01	   8.3577858886693224e-01	   8.0591103231738059e-01	   7.3712084448876047e-01	   6.5513260604792067e-01	   8.0686716969688910e-01	   5.1804182149071842e-01	   8.9098166614665830e-01	   9.2919203996733812e-01	   2.8119802621989487e-01	   4.6437673730058193e-01	   8.0585971417069335e-01	   7.6291030625018608e-01	   5.7027061230391096e-01	   5.0912812979841349e-01	   4.9802903428345041e-01	   4.2043625644011540e-01	   6.5128269000978833e-01	   6.9901993082064962e-01	   7.4625431305822687e-01	   7.1889977716185893e-01	   7.7226254612495704e-01	   7.4066310758084442e-01	   4.9968877849204507e-01	   5.9865152040561620e-01	   2.1685808240294352e-01	   2.2081060946706998e-01	   7.3275030798366125e-01	   7.8066017818411626e-01	   6.5980451153976760e-01	   6.8517421601646511e-01	   8.4995165291363706e-01	   7.7859245887368411e-01	   8.4731768101543847e-01	   8.3888766393484793e-01	   8.7239002166494051e-01	   8.5860784030890125e-01	   7.2619932445213242e-01	   7.3628418766622417e-01	   7.3868413372376718e-01	   6.5195744244977805e-01	   8.2946966275992351e-01	   8.0164357986119961e-01	   8.4971315137749648e-01	   8.7400548080911578e-01	   9.5584295712337108e-01	   9.3708268309885556e-01	   8.2196713791310316e-01	   7.0213157268974835e-01	   9.0400265763629073e-01	   6.9024669017834794e-01	   8.9319243860516639e-01	   7.3767910977123230e-01	   5.4840030669376305e-01	   5.5945992285205992e-01	   8.6718523918976476e-01	   8.7493649010046148e-01	   9.0136839634494781e-01	   8.1852415084810581e-01	   5.1892784934724445e-01	   4.0354703634194145e-01	   5.9602463426785102e-01	   4.7115041087670473e-01	   6.3831637828638554e-01	   6.8816163339648506e-01	   5.9717838895495079e-01	   6.1909273690824584e-01	   7.5882452941589795e-01	   5.6769707804376557e-01	   9.1070081938459602e-01	   8.2514786998141809e-01	   8.9494401018577174e-01	   9.0189878591994765e-01	   8.8391582048850104e-01	   8.6054256960276276e-01	   6.2534001950557572e-01	   6.4436389896392010e-01	   6.3493974440619438e-01	   6.2802903676791233e-01	   6.7863555450161117e-01	   4.8951509536488164e-01	   4.9829677445265297e-01	   5.0291985386499971e-01	   5.7790431413125354e-01	   2.3358352296759133e-01	   8.1603918849062951e-01	   8.2313764161022129e-01	   8.1031424414271314e-01	   8.4893349643776128e-01	   3.2077312863343327e-01	   5.5235830245251627e-01	   4.3986808485753343e-01	   5.0267876732800643e-01	  -2.2574570763543526e-02	  -2.7348617399393782e-01	  -1.2153944022734306e-01	   1.5595368231456668e-02	   1.5006724494435203e-01	   4.6584612935035241e-01	   8.2131284299262708e-01	   8.6185162152157702e-01	   7.5608674589265801e-01	   5.7370100156737369e-01	   1.4712014609698176e-01	  -4.5855627655983489e-01	
   9.2706038396663593e-01	   0.0000000000000000e+00	   8.0000801242243458e-01	   7.7964531686895278e-01	   6.4949666311481224e-01	   4.5178813963090481e-01	   7.7767722407503681e-01	   8.4868867095348055e-01	   6.9377030033248266e-01	   4.5986502773308602e-01	   6.8206202335445276e-01	   8.0432421511068131e-01	   7.8334299348010994e-01	   7.9112248634337301e-01	   6.9996368419431398e-01	   6.6582733203249211e-01	   7.0106258172899327e-01	   5.0196249481284361e-01	   8.3938805841689601e-01	   8.7619342474905582e-01	   1.8592992797260127e-01	   3.9646935728834576e-01	   7.5408226650370458e-01	   6.8834718025911767e-01	   4.7956326717823683e-01	   4.2848007283991896e-01	   4.8519038144436222e-01	   4.3719046883020685e-01	   5.5414214958103358e-01	   6.2494468826597871e-01	   6.8413266342063095e-01	   6.6134117589191899e-01	   7.0857916252627029e-01	   6.8494678657074437e-01	   4.4661109868231430e-01	   5.6699691684963616e-01	   2.2831534263181796e-01	   2.0993851220496218e-01	   7.4701010071687501e-01	   7.8502729988721343e-01	   5.5672857804230302e-01	   6.6978844579355123e-01	   8.0374209186704881e-01	   7.0008188323967235e-01	   8.2012621021775822e-01	   8.0745123173586775e-01	   8.4972215320970368e-01	   8.1470920524509716e-01	   7.3521144078930400e-01	   7.4422848298104305e-01	   7.2312860969544324e-01	   6.6385365934212304e-01	   8.2917721221540930e-01	   7.7192920187649139e-01	   8.6716256976307315e-01	   8.8089654939786732e-01	   9.1094910965257725e-01	   9.4628375267028764e-01	   7.9427955851291532e-01	   7.1521118140095252e-01	   8.7727812037234920e-01	   6.3033207296845994e-01	   8.4984084499048196e-01	   7.1459750191164162e-01	   5.1516142125238285e-01	   5.1131933697754062e-01	   8.1506379597908807e-01	   8.3259304085434038e-01	   8.7618389100014915e-01	   8.0272724335544132e-01	   4.6849187102665069e-01	   4.4553374336608131e-01	   5.8792819317083034e-01	   5.0704097909180779e-01	   6.7978076925524378e-01	   7.1982580714026168e-01	   5.9828869621575431e-01	   5.8358444060370951e-01	   6.8750846574533997e-01	   5.4382036706275194e-01	   8.3149811290199338e-01	   7.8746011805943894e-01	   8.5996034238801777e-01	   8.3302199944137179e-01	   8.3390141625513270e-01	   8.3642826359437294e-01	   6.6452582961585971e-01	   5.8538121150091160e-01	   6.4702164314626498e-01	   6.4869304724820376e-01	   6.7415408978103475e-01	   4.5419558870929666e-01	   4.9448326580602031e-01	   4.8300503227111480e-01	   6.2186595468200179e-01	   3.1196556640327067e-01	   8.2884673431363742e-01	   8.1729883090493072e-01	   8.0245113649492672e-01	   8.2102118289815151e-01	   3.5082549865145801e-01	   5.6857228880451660e-01	   4.7514346235795318e-01	   4.9195510097888318e-01	  -3.4032490272753450e-02	  -3.2023842107196798e-01	  -8.0548686370937511e-02	   1.4503311558376898e-02	   1.5124358345856417e-01	   4.2255372086716281e-01	   7.6246462808025794e-01	   8.2671271269540059e-01	   7.4526000275594795e-01	   6.0597789386294088e-01	   9.0099712172182128e-02	  -4.6796112593160355e-01	
   8.2136649368692494e-01	   8.0000801242243458e-01	   0.0000000000000000e+00	   8.8338522988788792e-01	   8.5619607068832992e-01	   6.9086484643134449e-01	   9.2164855818304969e-01	   8.1425543545784329e-01	   8.6212262775255266e-01	   6.6414020739618773e-01	   6.1861388815880702e-01	   5.7264526235571278e-01	   6.7856067709493484e-01	   5.8334183660624195e-01	   7.5549040256737587e-01	   7.7200669320128279e-01	   5.5516147864108523e-01	   3.2120940453172597e-01	   8.0716356005610490e-01	   7.9719306477685925e-01	   3.8219703287660273e-01	   5.6467268870680376e-01	   8.4267290067754175e-01	   8.0461519204372922e-01	   5.3568628026381060e-01	   5.3669251201680446e-01	   7.2689257476815028e-01	   7.0198746506263876e-01	   3.7724897878237945e-01	   3.9952678607866393e-01	   5.4034801271791100e-01	   5.1117746518503893e-01	   6.7456232151611706e-01	   6.4555885395943369e-01	   5.2567794617142105e-01	   6.5817505068369053e-01	   4.7458111493854226e-02	   1.1617304512610480e-01	   7.0213763521298533e-01	   7.0724124311475289e-01	   5.9022605559422037e-01	   6.3190038652250347e-01	   7.7276183452712222e-01	   5.8939003416893909e-01	   7.3787535880394062e-01	   7.1931276859845861e-01	   7.7998518671793216e-01	   8.1324943436541663e-01	   6.9114844305262080e-01	   6.6275862419326570e-01	   7.2003457659418035e-01	   6.4290031100491241e-01	   7.7799526688423626e-01	   8.5489562196238367e-01	   8.0490416601694093e-01	   8.3766086852579680e-01	   7.8599138424376558e-01	   7.6595758379713685e-01	   8.5128122065181488e-01	   7.4770330031653098e-01	   7.5808498497913968e-01	   5.1051951073771373e-01	   6.2251769052163108e-01	   5.0426155487617241e-01	   5.3348671633538791e-01	   5.4027370515754580e-01	   8.5922879646863248e-01	   8.3463669790905559e-01	   8.9048131482446913e-01	   8.8395869390791737e-01	   3.0123981674217715e-01	   2.0584556325744024e-01	   4.2086115322001627e-01	   3.0977148223734208e-01	   5.4020912044981961e-01	   5.3263053056481569e-01	   3.8497886656838076e-01	   4.2186473760452120e-01	   6.0264144362654326e-01	   3.9948965309757867e-01	   7.4328575441988876e-01	   6.5773751298620076e-01	   8.2159113855567312e-01	   8.0824705809037578e-01	   8.7050256298612250e-01	   9.1173262783381337e-01	   6.2498694509607322e-01	   7.1707191354032396e-01	   7.5327413397009979e-01	   7.3137706583688944e-01	   7.5582601077336209e-01	   6.1352431923487005e-01	   5.8321505796615303e-01	   5.3374471341823115e-01	   5.6833476246091053e-01	   1.8131334652818415e-01	   7.3325452082388776e-01	   7.3508554592399600e-01	   8.0108643963339965e-01	   8.1076570987151730e-01	   1.7804516799383868e-01	   4.9062537013171126e-01	   2.8742085394700140e-01	   4.0174517250822173e-01	  -1.6760940496157400e-01	  -3.0747125564984457e-01	  -2.1301686403297612e-01	  -1.1832302607421314e-02	   1.1887506339670223e-01	   3.7873370539610579e-01	   6.4321334538727792e-01	   7.7589695658891089e-01	   7.9779405650337365e-01	   3.9849853974540700e-01	  -1.3925818964413021e-02	  -5.1308028616360724e-01	
   8.3443996603586823e-01	   7.7964531686895278e-01	   8.8338522988788792e-01	   0.0000000000000000e+00	   8.2882417909987938e-01	   7.2537703407659015e-01	   9.0042704794273343e-01	   9.2221967773483038e-01	   8.3491914361911768e-01	   6.8505257309999623e-01	   6.5014570724017018e-01	   7.2222342057605993e-01	   7.2145312784509641e-01	   6.5060883401646241e-01	   7.2656066306387279e-01	   7.7590009438154051e-01	   6.2037604322286377e-01	   3.1242150012308745e-01	   7.8398354542764404e-01	   8.1932897617985534e-01	   3.2819831236034780e-01	   4.9548186675312544e-01	   8.1542107946314712e-01	   8.4968951043495611e-01	   6.1202436339707356e-01	   6.3889080154157085e-01	   6.0252385757478644e-01	   5.4371379905410833e-01	   4.6173482761645002e-01	   4.5810936265019109e-01	   6.3843040173712762e-01	   5.9266878109621368e-01	   7.5016123607276664e-01	   7.3127353820729590e-01	   5.7668659113068510e-01	   7.2411315830997580e-01	   1.4464860797905449e-01	   1.6047709272464233e-01	   6.4871016933269243e-01	   7.1188104127091700e-01	   6.2397478829487263e-01	   5.7890902893357277e-01	   7.8570837313358333e-01	   6.1226374431603237e-01	   7.7012526368845846e-01	   7.5333189693436065e-01	   8.0592650114868281e-01	   8.2398870478403552e-01	   7.6526786244274092e-01	   7.1509661445067174e-01	   8.3530268770417515e-01	   7.5400930394398313e-01	   8.5367386698085490e-01	   8.6873717617268809e-01	   7.9306993123663805e-01	   8.2908152110240407e-01	   7.5250772811467503e-01	   7.9180036528162956e-01	   8.4094784650379040e-01	   7.7822298063747131e-01	   7.7107321540465679e-01	   7.3284445856467628e-01	   6.4920833068634110e-01	   5.8156637837736236e-01	   5.6793163055436113e-01	   7.4107591636974313e-01	   8.5138037423022572e-01	   8.7508840716180814e-01	   8.6899989384181497e-01	   8.4793315169710815e-01	   2.6544981035122001e-01	   1.3014295723925981e-01	   4.0538398800796127e-01	   2.3127143251201390e-01	   4.9193928911459178e-01	   5.2230858415219850e-01	   4.0023065189427515e-01	   4.5946738791913233e-01	   6.1182702405127554e-01	   3.6227392321677820e-01	   7.8283357499489981e-01	   6.5513084882414396e-01	   7.9594057198032364e-01	   8.3866429169748502e-01	   8.4933346981685820e-01	   8.9739640320306924e-01	   5.3688478995986300e-01	   6.3465934305446647e-01	   6.7122633925593445e-01	   6.8560212261346321e-01	   8.2179870738086258e-01	   6.2512740682633738e-01	   6.8354698876733444e-01	   5.2965297533806233e-01	   5.1600982524212402e-01	   1.6365574626966514e-01	   7.5019040423412264e-01	   7.7911627930919969e-01	   8.5199330273164531e-01	   8.4531607573111567e-01	   3.2605102890015769e-01	   5.0086323771888430e-01	   3.7102427917207914e-01	   4.4620714528123340e-01	  -6.4537618607298786e-02	  -2.0729553522256358e-01	  -1.7348404266322040e-01	   2.2404695339891183e-02	   8.1463577491362377e-02	   3.4104229572640787e-01	   7.4044143420588338e-01	   8.2821596797414188e-01	   8.1640420019985482e-01	   5.2894862759632111e-01	   1.8553686133905251e-01	  -4.0737799200133107e-01	
   6.8337038398313354e-01	   6.4949666311481224e-01	   8.5619607068832992e-01	   8.2882417909987938e-01	   0.0000000000000000e+00	   8.7020681219456542e-01	   8.1664406373636433e-01	   7.5950903192292651e-01	   9.1291096108305703e-01	   8.4310275301000093e-01	   5.3580593602122906e-01	   4.6516688989275534e-01	   6.1529087391529758e-01	   3.5831718067254370e-01	   7.6995708766487070e-01	   8.0655383275294357e-01	   5.1707158933198727e-01	   3.8415307731441517e-01	   6.5335620437182751e-01	   6.2434630689803450e-01	   5.5781219824681849e-01	   6.2765975104508698e-01	   7.6920316922633303e-01	   7.7142156805758444e-01	   5.8654404591864795e-01	   6.9505397129649038e-01	   8.0254968310933794e-01	   7.3906368300700986e-01	   4.0073212243400158e-01	   2.7612129325151152e-01	   4.4694107106269754e-01	   3.3412279086296764e-01	   6.8302425288542423e-01	   6.3363577930114912e-01	   3.8922611341168861e-01	   6.1863658106381836e-01	   3.2203313384968832e-02	   1.2721922402399449e-01	   6.6716798661096488e-01	   6.8820967956436219e-01	   5.9585722986654543e-01	   5.6571802166231622e-01	   6.7993245533075142e-01	   4.6638325781537471e-01	   6.4562507707317485e-01	   5.9183874997117725e-01	   7.1559452815377811e-01	   7.5208769993832914e-01	   6.4269715070657563e-01	   5.8935357396119614e-01	   6.6959111251718406e-01	   6.5635635489565691e-01	   7.4505162534887681e-01	   8.1812139729838651e-01	   7.3991362489949863e-01	   7.6992419551447144e-01	   6.2424488083893315e-01	   6.7238809353586393e-01	   8.1892762153441812e-01	   7.8310453554925508e-01	   5.9112652462727466e-01	   5.2505963730845662e-01	   4.8331207046980884e-01	   4.7200506811719622e-01	   3.2917876474464597e-01	   4.8739189334404320e-01	   7.6307636156598624e-01	   7.2293005502520025e-01	   7.3845027754315895e-01	   7.2657958911327536e-01	   1.9726322181295419e-01	  -4.0070057733511820e-02	   2.4405827845117517e-01	  -3.7343575474587054e-02	   3.7016450520814059e-01	   3.2077687094371410e-01	   2.5640614455974003e-01	   3.3939573443080018e-01	   5.8101957648121672e-01	   4.2105269260352718e-01	   6.7416782246894491e-01	   5.7376489900827710e-01	   7.3352846842906649e-01	   7.2801343037009669e-01	   7.7923928213159410e-01	   8.3406864177629014e-01	   5.4904505814609528e-01	   6.6238102675962229e-01	   7.7895061809196986e-01	   7.6322480373802470e-01	   7.4219740987006300e-01	   5.8272567625890670e-01	   5.7946140099684440e-01	   4.6537177579555139e-01	   5.4029131260337693e-01	   7.5885400081483062e-02	   7.4150274540262595e-01	   7.4428481765215571e-01	   7.2568550942483423e-01	   7.2121170689103331e-01	   1.9838034954597739e-01	   4.1383519961157489e-01	   2.3788218904837868e-01	   3.5138724174916269e-01	  -1.5407283005615330e-01	  -1.8042022526723073e-01	  -1.8757365965003714e-01	  -4.1244715196334131e-02	  -1.0291829704950943e-01	   2.1418265590297061e-01	   6.2425215688267466e-01	   6.8325050804381937e-01	   7.1784736391552229e-01	   3.5775698151160018e-01	   8.0944762717323232e-02	  -3.8270408054676242e-01	
   4.9394686210414218e-01	   4.5178813963090481e-01	   6.9086484643134449e-01	   7.2537703407659015e-01	   8.7020681219456542e-01	   0.0000000000000000e+00	   6.3055018556518516e-01	   6.1664976620505163e-01	   7.6785734235547831e-01	   8.9738650830514244e-01	   4.7809419135849962e-01	   3.1735161568317538e-01	   4.8822368983855713e-01	   1.0087249341208632e-01	   6.5547140437093365e-01	   7.0471304628310405e-01	   4.0649829740741555e-01	   3.8490596158598445e-01	   4.4668722121442894e-01	   4.1210526642117440e-01	   5.1272183153074680e-01	   5.8412474583033003e-01	   6.4840464772425033e-01	   7.2890113127411293e-01	   4.4508775578600313e-01	   6.7632684842626656e-01	   7.5789084412783370e-01	   7.2957714842901056e-01	   3.3495314016685307e-01	   9.8505392886443804e-02	   2.5592201906072248e-01	   7.3699563714722943e-02	   6.4393920552092032e-01	   6.0796257146276900e-01	   1.5828249096422761e-01	   4.2862856006232614e-01	  -2.0206101051793840e-01	  -1.0721286735869345e-01	   4.8079563050271906e-01	   5.0133429989328127e-01	   5.1483967076476800e-01	   3.5908927572189209e-01	   5.1092626070751335e-01	   2.4981507028760325e-01	   4.9950827755606675e-01	   4.4654964583610107e-01	   5.5415041180814151e-01	   5.8714857066446424e-01	   5.4599912228157321e-01	   4.8565195269381911e-01	   5.1395921392054911e-01	   5.2125756417577029e-01	   6.1042194861057708e-01	   6.3972528013369423e-01	   6.0408387200641245e-01	   6.1606682072705532e-01	   4.4554894612317963e-01	   5.1457220475036536e-01	   6.5620527784417870e-01	   6.6665018313262669e-01	   4.3668473400570629e-01	   5.0193769358593054e-01	   3.3124105855542146e-01	   4.4614045382781581e-01	   1.6654154642404398e-01	   4.0849800704689809e-01	   5.5013904816987624e-01	   5.1316667573372809e-01	   5.5763764061780707e-01	   5.4559919752965069e-01	  -9.3721204034979813e-02	  -3.9250167470301212e-01	   3.6672920609370052e-02	  -2.9921433063804787e-01	   2.0227523233563352e-01	   1.4330846116665064e-01	   6.3137969425891782e-02	   9.6492898056986243e-02	   4.4994425317122277e-01	   3.3330002183728941e-01	   5.1654593233305290e-01	   3.9020905961703867e-01	   5.2964880260735048e-01	   5.7228341601837762e-01	   6.0214493125941471e-01	   6.8562273819597996e-01	   3.9863683928942395e-01	   5.1645283818370080e-01	   7.0407673210926325e-01	   6.7734282475990604e-01	   6.5682703301709622e-01	   4.3690061937374453e-01	   5.3454292274005610e-01	   2.6613186996784477e-01	   4.7192758400663137e-01	  -1.1525184199692706e-01	   5.9318316687804118e-01	   6.1958489647026371e-01	   5.8571699324763549e-01	   5.6440966915204349e-01	   1.2582644054708214e-01	   1.9402194020324232e-01	   1.3100595767135059e-01	   1.4273910133197232e-01	  -2.6681842893824803e-01	  -1.7673993700352883e-01	  -2.2352860008754011e-01	  -6.7407947206236205e-02	  -2.3350936646937520e-01	   9.3907897201392351e-02	   4.9521645230309524e-01	   5.0718319752355367e-01	   5.4294383860417472e-01	   1.6411785132717568e-01	  -3.3330244116120997e-02	  -3.5599959505136447e-01	
   8.2416958501949389e-01	   7.7767722407503681e-01	   9.2164855818304969e-01	   9.0042704794273343e-01	   8.1664406373636433e-01	   6.3055018556518516e-01	   0.0000000000000000e+00	   9.0356564361921532e-01	   8.8621319032376211e-01	   6.2214881084351670e-01	   5.5185925317617401e-01	   6.5510931976901943e-01	   7.0939988674702281e-01	   6.2151256120269449e-01	   6.8911386565452515e-01	   6.8530469041413355e-01	   6.0038743292916696e-01	   2.6598922536610931e-01	   7.7151521675244483e-01	   8.0252561845708759e-01	   3.0058910291442270e-01	   4.2743454642108863e-01	   7.4699466792555380e-01	   7.2026409235949784e-01	   4.5795774059654953e-01	   4.5756557537134723e-01	   5.3932482301482398e-01	   5.0175693725767001e-01	   4.1483597469061895e-01	   4.7259141799791882e-01	   5.5740737207578195e-01	   5.4903039238049012e-01	   6.5998784799978372e-01	   6.3008102373761754e-01	   5.0476608714457116e-01	   6.4560768605662000e-01	   1.0596237914348122e-01	   1.2721884601216202e-01	   6.6616839239842429e-01	   6.6880347830098663e-01	   5.5123162882117849e-01	   6.1619280548285404e-01	   7.2381576652410895e-01	   5.5355002410717424e-01	   7.2232790327732599e-01	   7.0836598994572608e-01	   7.5248245163365490e-01	   7.6848056433339662e-01	   7.2258862471364016e-01	   6.8207088050780840e-01	   7.5582524670796913e-01	   7.0318548761432464e-01	   7.6306316036040600e-01	   8.4773127500138956e-01	   7.3890384640112872e-01	   7.8134212241173362e-01	   7.5511349108934933e-01	   7.7306106045575818e-01	   8.4985056484919674e-01	   7.5992137080648081e-01	   8.0018765576036210e-01	   6.1457155416201181e-01	   6.5249038765396494e-01	   5.1564868347323922e-01	   5.2974306700944185e-01	   5.8749882886628657e-01	   8.4998553497042295e-01	   8.3208502028365017e-01	   8.6786009987411483e-01	   8.6923603797788895e-01	   3.0178190365908236e-01	   2.3609889206807411e-01	   4.2466668021190562e-01	   3.1661647083315764e-01	   4.8871273265474202e-01	   5.0369426689591990e-01	   3.9523257217592050e-01	   4.6214325466249107e-01	   5.8580269659796813e-01	   3.6387800936531783e-01	   7.3245757179547544e-01	   6.0114489142381622e-01	   7.8122939966256955e-01	   7.9676618201727001e-01	   7.9993379359947625e-01	   8.5192128008358248e-01	   5.2776989581265221e-01	   6.2597106090363974e-01	   6.6801063815895323e-01	   6.8989754433136841e-01	   7.8436338434988162e-01	   6.8037750852657797e-01	   6.3151924182738872e-01	   6.1000974239555750e-01	   5.1730591606394050e-01	   2.8249501999488280e-01	   7.0096924603885769e-01	   7.4790645151812218e-01	   8.3724703604975703e-01	   8.2105201582715970e-01	   3.2053861407467699e-01	   5.7547237062189083e-01	   4.2082873299507373e-01	   5.1428796085733075e-01	   1.1650179141553656e-02	  -1.7531251341774368e-01	  -1.1032229158994698e-01	   7.5501236010240752e-02	   1.4728760541080876e-01	   4.1362046287565590e-01	   6.5038894642983169e-01	   7.8493820302365191e-01	   8.0852232662845502e-01	   5.0067200475315032e-01	   1.3143348762634821e-01	  -3.6448566217968881e-01	
   8.8903114584544518e-01	   8.4868867095348055e-01	   8.1425543545784329e-01	   9.2221967773483038e-01	   7.5950903192292651e-01	   6.1664976620505163e-01	   9.0356564361921532e-01	   0.0000000000000000e+00	   8.1300559118090110e-01	   6.0744175607851059e-01	   6.1258458116245773e-01	   8.2698391459852938e-01	   7.7605240344035908e-01	   7.3092388225308391e-01	   6.9706652830857696e-01	   6.6840247898980909e-01	   7.1167573441300613e-01	   3.5842519514293941e-01	   8.1156534670246383e-01	   8.6721300957268799e-01	   2.3700463952384163e-01	   3.8757916788028474e-01	   7.5342891664916256e-01	   7.4186601837709332e-01	   5.1498557566241332e-01	   5.2542134542489105e-01	   4.3335940037922688e-01	   3.6063217534284053e-01	   5.8542392692242329e-01	   6.2146954770819440e-01	   7.1280340148481525e-01	   6.7352494473907321e-01	   7.5180259450465814e-01	   7.3875909926807171e-01	   4.7015145278527198e-01	   6.4500012065299983e-01	   1.8001879729994563e-01	   2.0384992901990850e-01	   6.7062761419536565e-01	   7.3138114833003021e-01	   6.0785219206160634e-01	   6.0793531062082562e-01	   7.8303918751146639e-01	   6.4544055871534245e-01	   8.1271580513643138e-01	   7.8761431856828179e-01	   8.3558413265322595e-01	   8.1514567672407034e-01	   7.8000308812088315e-01	   7.4810731678856390e-01	   7.9402793520241544e-01	   7.4855238493510212e-01	   8.3399105781482874e-01	   8.2023927814828257e-01	   7.8684577730159466e-01	   8.2100012660803179e-01	   8.1084051448684336e-01	   8.6388820961027024e-01	   8.1881723821352548e-01	   7.4356218380884453e-01	   8.4930634454271925e-01	   7.8107947905458908e-01	   7.7299661084680915e-01	   6.8172129814457916e-01	   5.0625352420710834e-01	   6.7051490677467362e-01	   8.1591666603193236e-01	   8.5037805257944687e-01	   8.5278620574721742e-01	   7.9441003166447510e-01	   3.8686967783529180e-01	   3.0197586943985749e-01	   5.1225995008532066e-01	   3.5355626115813726e-01	   5.5530568592069063e-01	   6.2381136909101065e-01	   5.0935148433008259e-01	   5.5907745051088298e-01	   6.6875595967277912e-01	   3.9233295591925277e-01	   8.2389690153811546e-01	   6.8204667669950181e-01	   8.2681391175550789e-01	   8.5091740116129011e-01	   7.9727295392140429e-01	   8.1447371679118197e-01	   5.0841860635080993e-01	   5.4273517126390181e-01	   5.8797963282684851e-01	   6.2422972913519537e-01	   7.9035130560313227e-01	   5.9494310739812051e-01	   6.2726449610578960e-01	   5.3305380600804686e-01	   5.6496212169101157e-01	   2.2399443200751706e-01	   7.8665335965922978e-01	   8.3438225275654831e-01	   8.7544976094008842e-01	   8.7192100464870514e-01	   4.3134979877504381e-01	   5.8572626133663330e-01	   4.9428772401584442e-01	   5.3053135851860189e-01	   1.8922864779840828e-02	  -2.1915195734423734e-01	  -1.1556121370638103e-01	   4.5326382534913404e-02	   8.4320134634014332e-02	   3.9623218894121226e-01	   7.9784873654515232e-01	   8.4864682867948127e-01	   7.9835096584916421e-01	   6.0050267556266101e-01	   1.9626987749473940e-01	  -3.9498699514453189e-01	
   7.3449715264606352e-01	   6.9377030033248266e-01	   8.6212262775255266e-01	   8.3491914361911768e-01	   9.1291096108305703e-01	   7.6785734235547831e-01	   8.8621319032376211e-01	   8.1300559118090110e-01	   0.0000000000000000e+00	   7.9362230657967570e-01	   5.5214694886683846e-01	   5.4750320035091571e-01	   6.8277203463154312e-01	   4.4339955526392216e-01	   7.8123271940574734e-01	   7.1263887529136483e-01	   6.1658099076510986e-01	   4.4204594053629237e-01	   7.2196059783188848e-01	   6.8111803609128940e-01	   4.8064973723235338e-01	   5.5717388299797044e-01	   7.5501008644417578e-01	   7.5453196911073717e-01	   5.3975454975692638e-01	   6.4064359861880205e-01	   6.6949758544104143e-01	   6.0976837914139193e-01	   4.7038240687192329e-01	   4.0298164844536388e-01	   5.0067657978916980e-01	   4.2129099742851239e-01	   7.1999371319474592e-01	   6.7582017108664583e-01	   4.4379370453645411e-01	   6.4598344550198838e-01	   9.8756244938854959e-02	   1.8934837301001850e-01	   5.8629922361305109e-01	   6.3325346440027297e-01	   6.2277020347841427e-01	   6.0067849991980615e-01	   7.0339860130425635e-01	   5.2587229960289528e-01	   6.9897637071270402e-01	   6.5477004305041031e-01	   7.4285987878874604e-01	   7.5579690428546886e-01	   6.7820065158261700e-01	   6.5546045751338822e-01	   7.1756683789419218e-01	   7.0157411826770055e-01	   7.3743555073303546e-01	   8.1757033679727298e-01	   6.4839912232897423e-01	   7.0336979185954840e-01	   6.6577471371883690e-01	   7.1491551297310529e-01	   7.8812131532510055e-01	   7.1570147908737725e-01	   6.6518435992333824e-01	   5.7081058572604904e-01	   5.6203982841759437e-01	   5.4527020344970378e-01	   4.1612358883174783e-01	   5.4366977547478590e-01	   7.7991596328804502e-01	   7.4783416992662632e-01	   7.8852708807485117e-01	   7.6233846801816008e-01	   2.9253197038409873e-01	   7.0588013741158806e-02	   3.2677990299534193e-01	   9.4887632985355880e-02	   4.2106553613506104e-01	   4.1157785255553747e-01	   3.8200439236618089e-01	   4.6571285695356501e-01	   6.3260430684859681e-01	   4.9554408540538436e-01	   7.1796489738555047e-01	   6.5370293457138806e-01	   7.7048684575332893e-01	   7.5682390839542391e-01	   7.6673651876196192e-01	   8.1373124038703071e-01	   4.2278352267901176e-01	   5.4097600042846827e-01	   6.3762245636846515e-01	   6.5524583623140420e-01	   7.2159374257814635e-01	   6.2618281620758998e-01	   5.9698204313950054e-01	   5.2291813467475690e-01	   5.1976865103331749e-01	   1.8464144167239618e-01	   7.0549263145016161e-01	   7.1881998322208551e-01	   7.5628774263509591e-01	   7.4288041337907162e-01	   2.2680172802079135e-01	   4.4967260724864766e-01	   2.9008360440195097e-01	   4.2171269268960487e-01	  -2.9298039081925496e-02	  -9.4383709866524335e-02	  -1.9931740274169329e-01	  -6.9309111352302638e-02	   6.5395160179242849e-03	   3.5040256942046744e-01	   6.5651797683631075e-01	   7.3224036187075692e-01	   7.5123534262042513e-01	   4.0385199326622195e-01	   1.6064678856811337e-01	  -3.4786824386334403e-01	
   5.1562301018262990e-01	   4.5986502773308602e-01	   6.6414020739618773e-01	   6.8505257309999623e-01	   8.4310275301000093e-01	   8.9738650830514244e-01	   6.2214881084351670e-01	   6.0744175607851059e-01	   7.9362230657967570e-01	   0.0000000000000000e+00	   4.6400017835573903e-01	   3.4571168885085535e-01	   5.0728281656863405e-01	   1.2558539620109901e-01	   6.5525905262089212e-01	   7.1105172201820477e-01	   4.6392221154217733e-01	   5.0933093854408007e-01	   4.7783160455497603e-01	   4.1770235285445201e-01	   5.6393690647522443e-01	   6.1303551068694873e-01	   6.0540308045696700e-01	   6.7972857541710263e-01	   4.5421975977269724e-01	   6.7096812714673904e-01	   6.9956906518382378e-01	   6.4777138914971710e-01	   3.6549128489421262e-01	   1.3039329567557392e-01	   2.3506981214407793e-01	   5.8386175092502532e-02	   6.6002835868048892e-01	   6.1882202869072600e-01	   1.5564598972615928e-01	   4.6795710920273170e-01	   2.2214116227283935e-03	   1.1359618406745235e-01	   4.9679903234538247e-01	   5.6971948196505351e-01	   6.4329904312110808e-01	   4.5582823354225022e-01	   6.2896496431109239e-01	   3.9302292849505949e-01	   5.9142972833576235e-01	   5.6461285605654254e-01	   6.6787009525745833e-01	   6.9410781160004142e-01	   6.7092608933168141e-01	   6.3632177172676951e-01	   6.3152162360919450e-01	   6.7645555487007814e-01	   7.0395869760676566e-01	   7.0502625579984568e-01	   5.9677553681876883e-01	   6.2824608765179302e-01	   4.3100384258497820e-01	   5.2870847573296198e-01	   7.1251476309420902e-01	   7.0699444711607096e-01	   4.7689542339293328e-01	   4.9502990265559799e-01	   3.8161266817529627e-01	   5.1192472820370960e-01	   1.3280307813421460e-01	   4.0267780598007635e-01	   6.0997660927212549e-01	   5.6372515524798938e-01	   5.9525942883888749e-01	   5.9826478498103097e-01	  -1.9286938491984353e-02	  -3.3224785342766328e-01	   1.7752573467604821e-01	  -2.4129414060197657e-01	   2.7112713956031126e-01	   2.2662908383364824e-01	   1.9355955503543615e-01	   2.5505409612056823e-01	   4.9962863152365178e-01	   4.0343610717197487e-01	   5.6049793131615910e-01	   4.8021686905583655e-01	   6.0687579547442716e-01	   6.1540391051347032e-01	   6.4161369685436875e-01	   6.9445569872176827e-01	   3.1344623780321818e-01	   4.0769901917175366e-01	   6.2986833612996884e-01	   6.2328845847099790e-01	   6.6827385717069721e-01	   5.3002772945440280e-01	   4.9750171815511812e-01	   3.2857189278792825e-01	   4.4903411981412023e-01	  -1.8223912171716494e-02	   6.1012518193331289e-01	   6.2177850546151203e-01	   6.4403365393393619e-01	   6.3493072441517429e-01	   8.7230336294560590e-02	   1.8386995175441534e-01	   1.3791519724209927e-01	   1.9883049062148608e-01	  -1.7054169478089792e-01	  -1.1259158295562585e-01	  -2.0348148934078486e-01	  -7.1090001011731824e-02	  -6.4094535886781268e-02	   2.5204822503491986e-01	   5.6068143346152310e-01	   6.0270221218903641e-01	   6.6735502638018362e-01	   2.6925225545332454e-01	   5.5282145354340693e-02	  -2.6539648458556553e-01	
   7.7323778567359458e-01	   6.8206202335445276e-01	   6.1861388815880702e-01	   6.5014570724017018e-01	   5.3580593602122906e-01	   4.7809419135849962e-01	   5.5185925317617401e-01	   6.1258458116245773e-01	   5.5214694886683846e-01	   4.6400017835573903e-01	   0.0000000000000000e+00	   7.1532800039271349e-01	   8.2361456144186729e-01	   6.2140001765844910e-01	   6.5017666249556461e-01	   5.4726508273156205e-01	   8.1308499204281670e-01	   6.7796161940484012e-01	   8.0089909611970034e-01	   7.6909348861974891e-01	   2.2425129941770661e-01	   4.2157087945029881e-01	   7.9512472148554392e-01	   8.0251244970459301e-01	   6.3136187570161395e-01	   6.3002392721667810e-01	   4.4292191745347020e-01	   3.6400046342303355e-01	   7.1637818811542864e-01	   5.8032840964340904e-01	   7.0141652578198888e-01	   5.9242113841563881e-01	   7.9041641317912903e-01	   7.8366087802070117e-01	   4.5344674686653330e-01	   5.4386256699536450e-01	   1.5279870043262112e-01	   1.1206581566047594e-01	   4.6833097127672063e-01	   5.7233141020315770e-01	   6.0432356031439904e-01	   5.5250185098238591e-01	   7.0000816419293077e-01	   6.5756547838789337e-01	   7.1769217006882968e-01	   6.9869523017407231e-01	   7.0342782173296059e-01	   6.6880134693930304e-01	   5.1923207791307091e-01	   5.4355685307731039e-01	   5.4585625074374988e-01	   4.2402461977027184e-01	   6.3218087467083794e-01	   5.4589986738329566e-01	   6.0735089736875647e-01	   6.3072951470677241e-01	   7.1646744539698803e-01	   7.5836237029654052e-01	   5.1778520112752224e-01	   4.1135361085262762e-01	   7.4461949975905872e-01	   7.0837755162447946e-01	   7.7008758116371923e-01	   8.0403989073605819e-01	   5.6584773917125553e-01	   6.1485422001489654e-01	   6.2692785294548381e-01	   6.3509792204147419e-01	   7.5130968147864274e-01	   6.3399439688488834e-01	   4.6125628358877491e-01	   1.3438915987893590e-01	   5.3793509377934701e-01	   2.3213878370519014e-01	   5.5010488684056691e-01	   5.8900298756424596e-01	   5.8732703667141206e-01	   5.9704965065415705e-01	   7.6743078538711107e-01	   6.6868480497614380e-01	   8.3960795070257366e-01	   8.1145218046573098e-01	   7.5172788740021868e-01	   7.9614406683698125e-01	   7.7504163775385826e-01	   7.2848061922642793e-01	   4.1101217123002887e-01	   5.6616506037528136e-01	   4.2361515604619338e-01	   3.7482142929313822e-01	   3.4730177768850684e-01	   2.0504951202139093e-01	   2.1625746605876286e-01	   2.2103823143669354e-01	   5.0775323582776244e-01	   2.6036215795544038e-02	   6.3397975784085858e-01	   5.8019523663645667e-01	   4.7621503582577113e-01	   5.5190640205055597e-01	  -3.4491640782204763e-02	   1.3852975669963288e-01	   5.5220664022519475e-02	   9.8558330264584049e-02	  -2.6318446148525593e-01	  -3.7956401945919388e-01	  -4.0735659240079691e-01	  -2.8749610272456666e-01	  -3.9051111813333789e-02	   3.4955808247183529e-01	   6.9719224097894905e-01	   6.9299617446647455e-01	   5.0938343769365491e-01	   3.0763147786620282e-01	   3.1118184927723967e-02	  -5.5061697770474183e-01	
   8.6020130112950444e-01	   8.0432421511068131e-01	   5.7264526235571278e-01	   7.2222342057605993e-01	   4.6516688989275534e-01	   3.1735161568317538e-01	   6.5510931976901943e-01	   8.2698391459852938e-01	   5.4750320035091571e-01	   3.4571168885085535e-01	   7.1532800039271349e-01	   0.0000000000000000e+00	   7.9781942485057611e-01	   8.7658254505317845e-01	   5.9085027863466566e-01	   5.3095362614443431e-01	   7.7492037214293863e-01	   4.5557426073926477e-01	   7.7536271436899773e-01	   8.5401020466917998e-01	   1.3623187305307058e-01	   3.0974395885254591e-01	   6.7895665037449771e-01	   6.5844330977055676e-01	   5.2826646367790464e-01	   4.3733840170388788e-01	   2.4032909091872812e-01	   1.3897019549548545e-01	   7.1386280452382622e-01	   8.0959498796762730e-01	   7.8969962770353375e-01	   7.8615416897136914e-01	   7.1809317687441465e-01	   7.2719483754134040e-01	   4.4486045294242077e-01	   5.1553996906135291e-01	   3.4036672094206100e-01	   2.5531398030859787e-01	   5.9122051368598771e-01	   6.6762190158712276e-01	   5.6026937505517616e-01	   5.1188439417858211e-01	   6.8922324791775291e-01	   6.5638353101233193e-01	   7.3286011074754676e-01	   7.2222652003405308e-01	   7.4276850358906199e-01	   6.9578913310645729e-01	   6.1146047407034909e-01	   6.1893184463894280e-01	   6.4839458695041485e-01	   5.5632743966777654e-01	   7.2172297869255819e-01	   5.7945612867512064e-01	   6.7496683584547035e-01	   6.9096886619164199e-01	   7.7391737530472471e-01	   8.3161387354645755e-01	   5.9403653115817212e-01	   5.1821305233235471e-01	   8.3021227467988967e-01	   8.0713716050504170e-01	   8.6016469939085238e-01	   7.6330080739360928e-01	   5.7818955991062493e-01	   6.3869082035587876e-01	   6.8158424885650881e-01	   7.3490618801686725e-01	   7.5059989993853260e-01	   6.3677650793092000e-01	   5.4017501851190852e-01	   4.6099813080004443e-01	   5.8910552030431451e-01	   4.5435650394288868e-01	   5.5723041153793185e-01	   6.6389930988973689e-01	   6.0558546140948943e-01	   6.4650275471138796e-01	   6.9698287100854694e-01	   5.2093416519077351e-01	   8.3063210083736350e-01	   7.5461867214595180e-01	   7.8200568653628832e-01	   8.0373429723170153e-01	   7.2000844694969235e-01	   6.7174032418935592e-01	   4.7446927602896938e-01	   4.5392155495843955e-01	   4.0193011547760105e-01	   4.1589109245831968e-01	   5.0607888335240547e-01	   3.2699084424700331e-01	   3.7350865320437932e-01	   3.5519654620481084e-01	   5.2733060621869710e-01	   2.0514493922561319e-01	   6.9759160187039460e-01	   7.2993229371013513e-01	   6.3336290135436935e-01	   6.8308790504305772e-01	   3.3868546276186312e-01	   4.4648565539203178e-01	   3.9433779041486305e-01	   3.9240485743828130e-01	  -2.4992441310962999e-02	  -2.2130045286102315e-01	  -1.8756192645642275e-01	  -1.1100501435956578e-01	   4.7730994621596176e-02	   4.0162389083946748e-01	   7.7685872225941699e-01	   7.6326718741370003e-01	   5.7114058774951559e-01	   5.4815666399302432e-01	   1.8274346760478669e-01	  -4.0166893416350030e-01	
   8.3577858886693224e-01	   7.8334299348010994e-01	   6.7856067709493484e-01	   7.2145312784509641e-01	   6.1529087391529758e-01	   4.8822368983855713e-01	   7.0939988674702281e-01	   7.7605240344035908e-01	   6.8277203463154312e-01	   5.0728281656863405e-01	   8.2361456144186729e-01	   7.9781942485057611e-01	   0.0000000000000000e+00	   7.0707835149687359e-01	   7.8362030077327904e-01	   6.1942473635871342e-01	   8.0183732166596533e-01	   6.5493658540244537e-01	   7.6693856644498448e-01	   7.7315214542104094e-01	   2.5531199081528366e-01	   3.9848950337681321e-01	   8.2534440159757816e-01	   8.0580378156572152e-01	   6.4845265465335999e-01	   6.1246637557422878e-01	   4.3400039915850075e-01	   3.2414077931714647e-01	   7.4637517957387456e-01	   6.6018491780081590e-01	   7.7844147916352779e-01	   6.6939672045234488e-01	   8.2878637692487911e-01	   8.0631077459930989e-01	   5.1585653772248319e-01	   6.2635099107112679e-01	   2.9828568374073750e-01	   2.4127968665211824e-01	   5.8174554290755354e-01	   6.7470815845924204e-01	   6.6671773513252430e-01	   6.0879239673117524e-01	   7.5426077519100598e-01	   6.7822638327531792e-01	   8.0014370658217815e-01	   7.6964201767305285e-01	   7.8608266262945325e-01	   7.5212739667479811e-01	   6.8031794744531271e-01	   6.5962201876759252e-01	   7.2057306833914514e-01	   6.4695679293673947e-01	   7.2914839878193904e-01	   6.7438934641239379e-01	   6.9410443577694902e-01	   7.1759141639715840e-01	   7.8106046682859942e-01	   8.6766799556461627e-01	   6.7396159982212467e-01	   5.4659567544613641e-01	   8.4519943663254082e-01	   7.2544556938903515e-01	   8.6073412006359651e-01	   8.4041521441112954e-01	   6.1835174570353424e-01	   6.4758218357096720e-01	   7.5378466434807323e-01	   7.4631754435311271e-01	   8.2199523160854826e-01	   7.0087210161146352e-01	   4.3136696676034558e-01	   2.4274730961087501e-01	   5.9025739172426861e-01	   2.6393334983350697e-01	   5.3498981538892809e-01	   6.2935235993531169e-01	   5.8796245666283631e-01	   6.5565080960838262e-01	   7.8389011794495989e-01	   6.9977302907796557e-01	   8.7003301577104797e-01	   8.2573811069737468e-01	   8.4755970455994001e-01	   8.0404857095794136e-01	   8.1807868484931578e-01	   7.7680952303948803e-01	   4.2468704291552384e-01	   4.9456003289278455e-01	   4.4755526440511123e-01	   4.5318191295671378e-01	   4.9348133782813530e-01	   3.9446129316916589e-01	   3.5908612872689383e-01	   4.1988127979527384e-01	   5.2815397267555686e-01	   1.6768086191614856e-01	   7.3389731664083679e-01	   6.8608771147988112e-01	   6.2351884275393477e-01	   6.9884436892131419e-01	   1.5819929432597060e-01	   3.7681756621581008e-01	   2.9022598394687837e-01	   3.5179406943592179e-01	  -7.9471199767936901e-02	  -2.6586182351625315e-01	  -2.4214926614532231e-01	  -9.5455599925412735e-02	   6.5689556584628800e-02	   4.3807681731746329e-01	   8.1128777001640362e-01	   8.1159043218032267e-01	   6.5348702911256529e-01	   4.6633489103621117e-01	   1.5853866667053187e-01	  -4.6963756540245893e-01	
