   0.0000000000000000e+00	   6.8004568607574201e-01	   4.0545423971698075e-01	   4.1806823761956835e-01	   3.8177907456224724e-01	   3.2642358217534689e-01	   6.0310054959559656e-01	   5.1095686752098390e-01	   3.3657242593670378e-01	   3.0936453579375434e-01	   1.8188979050829929e-01	   1.9000879024740774e-01	   3.9818821969509177e-01	   1.7467649778783223e-01	   3.1752509895741743e-01	   3.2677067390784481e-01	   2.7562959776394924e-01	   1.9076878623283949e-01	   6.1010178979236618e-01	   4.3866285504192803e-01	   4.5564718714078706e-01	   4.2687880104675185e-01	   2.5334350281848422e-01	   2.5926242501275387e-01	   1.6430175648875678e-01	   1.8914071248121345e-01	   3.0427114629307295e-01	   3.1585882190147191e-01	   1.0625349185030245e-01	   1.3964176591946859e-01	   2.0572383714772358e-01	   2.2743167712893775e-01	   5.7465844713816239e-01	   5.8747293537231371e-01	   2.3267555435595322e-01	   2.1193468775914326e-01	  -2.5601808752592492e-01	   1.6058548917575891e-01	   2.3709745636757162e-01	   4.0524625087321275e-01	   3.7147478297926440e-01	   4.1605485907905077e-01	   3.9831224252008701e-01	   2.4417251807107421e-01	   4.0454252578524930e-01	   4.2385639657521296e-01	   4.2262015299403183e-01	   3.6369593888512547e-01	   4.4695089387430753e-01	   4.2957090318719648e-01	   3.3260269968473133e-01	   3.3742068151608451e-01	   4.7018431816045281e-01	   3.0313876098604364e-01	   5.0792878365598459e-01	   5.4211306822315641e-01	   6.4729068710565174e-01	   6.5512202417555332e-01	   6.6215105831598886e-01	   6.0992723479332533e-01	   7.1112049932328980e-01	   5.4800311329648921e-01	   3.1531285460519554e-01	   2.9761340104549877e-01	   2.7374004627713988e-01	   2.6748649189507984e-01	   3.5603646234691799e-01	   2.9443028100397306e-01	   4.8305730095952726e-01	   3.5395856195442948e-01	   1.3861109486533874e-01	   1.9340452937539232e-01	   3.3059404751958332e-01	   1.6400649289363617e-01	   3.0765687333265335e-01	   1.0152792436258998e-01	   2.4685526021037979e-01	   3.4792912432055456e-01	   2.1253763155572342e-01	   1.5280677271956443e-02	   2.7849325237255845e-01	   2.7179953073467433e-01	   2.2346523889057887e-01	   3.5013321159283028e-01	   4.4470406083274561e-01	   3.1300785585165164e-01	   3.1428001984349574e-01	   2.5908182368971322e-01	   5.5099460741561634e-01	   5.8039194222145252e-01	   4.1905037807348633e-01	   3.0119147263131951e-01	   2.9306357823080742e-01	   2.3315793682998653e-01	   2.7153287675279303e-01	  -2.5742864411841811e-02	   4.0727139806540968e-01	   1.4141919067610800e-01	   5.6211425081961652e-01	   5.4539499135545422e-01	   5.2300624329841161e-01	   4.9344194197198343e-01	   5.1711185429400708e-01	   6.5166507752085012e-01	   3.0881553004417628e-01	   2.2793351682919061e-01	   2.7753850714177664e-01	   2.9862554406411623e-01	   2.4853825321016759e-01	   2.8135826709075745e-01	   3.9057307393614693e-01	   3.3750712993128235e-01	   3.5331346276155917e-01	   4.7538162990334815e-01	   7.2631874629254911e-02	  -1.3281989578343151e-01	
   6.8004568607574201e-01	   0.0000000000000000e+00	   3.3574016641500565e-01	   4.4293999044318605e-01	   2.8040054463222108e-01	   1.9748513382805366e-01	   4.1973819568902859e-01	   4.0636633049882759e-01	   1.6663119950242966e-01	   2.3218386563997861e-01	   2.7030106922042529e-01	   3.7537258005112367e-01	   7.7366125237551459e-02	   1.0785709082899544e-01	   1.5203461380308358e-01	   3.4897523205954500e-01	   2.5050422800740513e-01	   3.8493029413488378e-01	   4.8869311480443756e-01	   5.4106575282956215e-01	   2.7846951807016751e-01	   3.4610997653431902e-01	   3.4387342191761283e-01	   3.8809957556643815e-01	   2.1926223856813271e-01	   1.4345495062617511e-01	   2.9460570655306478e-01	   3.0280997169512258e-01	   9.8256803976189439e-02	   1.1561555930836148e-01	   2.9188648252627225e-01	   2.8340966770593384e-01	   4.9268557744901265e-01	   4.5724804027648980e-01	   2.1458619606292745e-01	   2.9533530616413167e-01	  -1.6100093724165143e-01	   3.2719247189933809e-01	   1.3038691694767510e-01	   3.1847139687346893e-01	   4.1359545330783826e-01	   4.9612770783381283e-01	   3.2725609810763318e-01	   2.6465950497339641e-01	   4.1611605064565355e-01	   4.1092358897247594e-01	   4.0861911930586364e-01	   4.4620037973297416e-01	   5.8332051738977309e-01	   4.9716805115465218e-01	   3.8583530412250733e-01	   4.2820018175972230e-01	   4.9415169529861369e-01	   3.7248976631623765e-01	   5.1722616356754814e-01	   5.5503613388990536e-01	   6.6101006776582616e-01	   8.0364416265355654e-01	   5.2870136860235695e-01	   6.3484271986748353e-01	   3.8608206878709617e-01	   4.0984035781414890e-01	   3.1327207125321754e-01	   3.5340140090025940e-01	   9.4909288239501080e-02	   2.1171518854020249e-01	   3.2277035966611745e-01	   4.0382918828400727e-01	   4.4731125347613293e-01	   4.7238811077039078e-01	   3.4946449803437224e-01	   4.0695105994963865e-01	   5.6070099124394424e-01	   4.6278478802889000e-01	   5.4494635275623204e-01	   3.3267547104821837e-01	   3.3439090946611200e-01	   5.4797626300870139e-01	   2.4298527089476801e-01	   1.4931928104410996e-01	   3.0190446887569178e-01	   2.3536750129433526e-01	   1.3172123233330493e-01	   3.4035773458677554e-01	   2.2101701074467239e-01	   2.6862813724811518e-01	   2.3227614388882445e-01	   2.0802818342893986e-01	   4.2514120836757924e-01	   5.2258413822691663e-01	   3.9564088700788747e-01	   1.8115608000969613e-01	   2.2515372273368572e-01	   1.0933555156826977e-01	   5.9746944524090510e-02	  -1.4092436520684742e-01	   2.7302444540713483e-01	   4.2082024905207002e-02	   5.7243744550854403e-01	   4.6791141294782024e-01	   5.1339925034733258e-01	   2.3461811867582896e-01	   5.3562126573075841e-01	   5.8774973547489062e-01	   1.7104016596461802e-01	   6.8293317567740680e-02	   3.6738749155479450e-01	   3.0612911389185238e-01	  -1.1546764351481331e-02	   6.6125283558097575e-02	   3.9630731660483365e-01	   3.6057962919411407e-01	   2.1534651797053372e-01	   3.6587148166800021e-01	   2.0640770043051346e-01	   5.2268140197183857e-02	
   4.0545423971698075e-01	   3.3574016641500565e-01	   0.0000000000000000e+00	   6.9987517718775705e-01	   8.0757766379738194e-01	   7.4452416982408443e-01	   8.3403316236799863e-01	   5.8515597962516730e-01	   6.0409870231001228e-01	   6.2176819165535335e-01	   1.1165901920851318e-01	  -1.8393967459400137e-01	   3.3463671220818267e-02	  -1.4698104621235908e-01	   5.5065791832541722e-01	   3.5574990876100221e-01	  -2.9965484120261654e-01	  -1.0606655109009891e-01	   6.8856179442459386e-01	   6.5965345029686062e-01	   5.8557448039996318e-01	   5.8854909722674553e-01	   9.1044008507308061e-01	   7.5848304364839947e-01	   8.0020158632943605e-01	   7.7417686207864678e-01	   8.3466852520514112e-01	   7.8726233866151507e-01	  -3.1304466305909701e-01	  -3.3726976650247792e-01	   6.0636528732684991e-01	   5.2092016812945230e-01	   3.6544101667580853e-01	   3.9608483308776077e-01	   7.0271734959721588e-01	   7.5378956262488694e-01	   9.4048428140333790e-02	   4.0650847098120224e-01	   6.1563286572402942e-01	   4.9166337016322248e-01	   4.1279593619256189e-01	   2.1037101563053284e-01	   4.8134108746716792e-01	   3.3261863596013719e-01	   6.8349256236306988e-01	   6.3883308354978818e-01	   5.2231081602756646e-01	   6.4055983784645965e-01	   5.4545239813124002e-01	   5.2306601262222319e-01	   6.2594709154204708e-01	   6.4795126970478778e-01	   3.1327742892197985e-01	   6.5100568317721375e-01	   5.9948885315903955e-01	   6.6925497582538673e-01	  -9.9565128205553379e-03	   2.5969024023027415e-01	   4.9106953214715354e-01	   4.8776951839857130e-01	   1.3672376758783539e-01	   3.0105312095789677e-01	  -1.6186630986356559e-01	  -1.9766175540014641e-01	   6.8592631967783846e-01	   5.7276665461710330e-01	   6.9407849070976346e-01	   6.9785562870804085e-01	   6.3212688630945735e-01	   7.2856890760003046e-01	   3.2352609223825557e-01	   3.8565905611377371e-01	   2.3189368326783930e-01	   2.0828200704953423e-01	   3.1239959819263913e-01	   4.4505089736190016e-02	   2.6082288572121093e-01	   4.0428058195727645e-01	  -5.5717087186332490e-02	   6.0235462786625248e-03	  -8.7527121799552576e-02	   1.1198764425091898e-01	   3.6889976570220445e-01	   1.9694716611834071e-01	   6.5085973884317649e-01	   6.7638779955442541e-01	   6.8274250969403871e-01	   5.2616852068050235e-01	   6.8705026675029335e-01	   7.4147322894603207e-01	   7.0507556146434791e-01	   7.3248150326782513e-01	   6.1477831803120708e-01	   6.7584786496919991e-01	  -3.1967419572467855e-02	  -1.1711940397762280e-01	   4.8431649427356072e-01	   8.4000226472428968e-02	   6.3187140172185952e-01	   7.3240629079992503e-01	   3.6552694021697285e-01	   6.2354851821243262e-01	   3.6040035228993983e-01	   4.0938117907587623e-01	   1.1518600091748582e-01	  -8.0295376257979150e-03	   1.8383484246966650e-01	   2.2418858551898854e-01	  -7.9884748230262620e-02	  -1.1045281714341941e-01	   6.7796789465060914e-01	   5.6337237951289421e-01	   4.9440592956431267e-01	   4.2296465272845835e-01	   3.5402795201865478e-01	   4.4409894539096419e-02	
   4.1806823761956835e-01	   4.4293999044318605e-01	   6.9987517718775705e-01	   0.0000000000000000e+00	   7.2684927200273708e-01	   8.0943585951326247e-01	   7.7345556975551732e-01	   8.5002643548979684e-01	   4.7851947377392201e-01	   6.9664215706624066e-01	  -3.0888634965603692e-02	   1.7822616917986511e-01	   3.0205804717950976e-02	   1.7985284360330983e-01	   2.2425398624734083e-01	   5.8370256999885095e-01	  -2.8180245616257782e-01	  -3.8090306059873319e-02	   7.2905512367463021e-01	   7.8843838136949307e-01	   5.4293246650617333e-01	   6.0209395643002639e-01	   7.2458322748176840e-01	   8.8247428532772165e-01	   6.6294848897605796e-01	   7.1410420084863935e-01	   6.7668828971948225e-01	   7.0475639711649785e-01	  -3.0202604443233838e-01	  -1.3287980602784594e-01	   6.0306668314912182e-01	   6.0538757298570245e-01	   5.8314540333499121e-01	   6.7238815022019982e-01	   5.9206996243932353e-01	   7.1255267815068080e-01	  -7.4280741526688607e-02	   4.2877201693701705e-01	   4.8501664154207341e-01	   6.3851503637896867e-01	   4.0271237473593763e-01	   3.4670274101561926e-01	   3.5493397119644865e-01	   2.4364835205318713e-01	   4.9514592158657172e-01	   5.3578030270050780e-01	   4.4002797230212842e-01	   5.8961175966116353e-01	   4.8288630558114598e-01	   4.9749733731946472e-01	   6.0749505918150637e-01	   6.2351783394247917e-01	   3.9533008211851906e-01	   6.4149041470116619e-01	   5.9614047651135815e-01	   7.3119217519961599e-01	   1.3036743138479931e-01	   2.5501243228644688e-01	   5.8016600346062175e-01	   6.2595631514079397e-01	   2.5079384204724198e-01	   6.4259085901819790e-01	  -8.7192594798396514e-02	   4.0798259285010130e-04	   4.7990390694831397e-01	   7.1838687046694361e-01	   6.3141751563856952e-01	   7.1433083831434641e-01	   7.3890655471662925e-01	   7.1040421998649717e-01	   2.2176891931369858e-01	   2.9765466273776436e-01	   1.5608224595946121e-01	   1.9843826503732384e-01	   3.3006936244035573e-01	   1.4944481533811699e-01	   2.7354232187295202e-01	   4.8261155789568067e-01	  -1.6666343767395694e-01	  -4.6490264942462778e-02	  -1.9277488663537748e-02	   6.5550703067760230e-02	   4.2188181425417864e-01	   4.2712592395879023e-01	   4.0617501881001983e-01	   6.6920765439965424e-01	   5.3150010866570185e-01	   5.1755544060776915e-01	   6.7115307856160211e-01	   7.8469669563033362e-01	   8.2971082641602778e-01	   6.3224333196860694e-01	   7.7445634455229029e-01	   5.5245159143778244e-01	   2.8142053633193366e-02	   7.3602819067153477e-02	   5.3172636761390468e-01	   2.7179749920183782e-01	   8.0086530368075914e-01	   7.9852191685809160e-01	   6.0050149973862943e-01	   5.5704109728777274e-01	   5.6124202091080588e-01	   5.5608536835940814e-01	   1.9753631805987759e-01	  -3.3925530022617348e-02	   6.3011469306722856e-02	   5.2067597752762179e-02	  -9.0150920937347417e-02	  -1.3177704771665277e-01	   5.4814585261532744e-01	   5.6069372198643208e-01	   7.0120488938012338e-01	   5.1332936861493939e-01	   3.5518816376438367e-01	   9.2417645411947205e-02	
   3.8177907456224724e-01	   2.8040054463222108e-01	   8.0757766379738194e-01	   7.2684927200273708e-01	   0.0000000000000000e+00	   8.5910003960972403e-01	   7.8659783212653123e-01	   7.2483849049623406e-01	   7.3198580477902508e-01	   7.8006349370769479e-01	   1.2468671827115434e-01	  -1.9008665817187468e-02	   1.1285059584240298e-01	   7.0832216440471635e-02	   4.4659761520039531e-01	   5.4801598360805337e-01	  -1.8562245084698409e-01	   8.4786200397498429e-02	   6.7981067940311735e-01	   7.0187726279449980e-01	   6.1049239229529473e-01	   6.7075277365107699e-01	   7.6052431064306969e-01	   7.4740742140389060e-01	   6.6917693496048103e-01	   6.9049177780877746e-01	   7.9750685434288582e-01	   7.6377425733317894e-01	  -2.1812632253859315e-01	  -1.7343552681662430e-01	   6.1417003955127836e-01	   5.3481624382310833e-01	   4.5078123393502267e-01	   4.8929393093632789e-01	   6.2215226536815815e-01	   7.4294358812409544e-01	   1.3812588465321173e-02	   3.9613578294824814e-01	   5.3928196524962224e-01	   4.2144533159034098e-01	   3.9643359353722629e-01	   2.8157582819314009e-01	   2.9570377401118170e-01	   1.2407196938491327e-01	   5.4417673408086153e-01	   5.6355011457394910e-01	   4.2613030366677601e-01	   5.2846564649126326e-01	   4.2368628702463385e-01	   4.2308254954448121e-01	   5.4388389762807154e-01	   5.4691420736165908e-01	   3.1595065547813933e-01	   5.5679204211442923e-01	   5.1367577523832608e-01	   5.8649548184768008e-01	   3.4096744329502000e-02	   2.3665910013771080e-01	   4.7313849170976985e-01	   5.1607437628858732e-01	   2.1141629744929458e-01	   4.4063029510467439e-01	  -7.1034605248116417e-02	  -5.6345060898496488e-02	   5.2357419439627884e-01	   5.1927154056814806e-01	   5.9787143748984695e-01	   6.3685120967270803e-01	   6.5529729351394583e-01	   7.1911577914337310e-01	   3.0300526727798111e-01	   3.6970526562532047e-01	   2.5615922939712676e-01	   2.7878311972577419e-01	   3.1761555983956596e-01	   1.0624548869425035e-01	   2.4512153508520301e-01	   4.2705964361434195e-01	   1.3215740043500512e-02	   5.9996617116214075e-02	   2.1520243529842172e-02	   1.0250094811455628e-01	   2.8493268365567198e-01	   2.7197169305016700e-01	   4.3735613624651348e-01	   5.1823421100932232e-01	   4.9506699696577927e-01	   3.3266841238123773e-01	   6.4281412365619850e-01	   6.7425792325453138e-01	   7.4762354477313475e-01	   6.3663046549494484e-01	   7.3362676536249682e-01	   5.6599592714724101e-01	  -1.0993181992013502e-01	  -1.0600250166367609e-01	   3.4962827764958099e-01	   4.1809830112920082e-02	   6.8599770651023428e-01	   6.4882257101436125e-01	   5.1378596242126195e-01	   5.1692860888769221e-01	   4.3271101205330720e-01	   4.2607676150530660e-01	   7.9566043826796107e-02	  -1.6543061050991320e-01	   1.0635779719561825e-01	   4.2718619745150094e-02	  -1.7122837006303518e-01	  -1.1862965504762384e-01	   5.7599961961432489e-01	   5.1293197879549213e-01	   5.4889593697768724e-01	   3.8218973827823544e-01	   2.7772564846018172e-01	   5.5353254694398987e-02	
   3.2642358217534689e-01	   1.9748513382805366e-01	   7.4452416982408443e-01	   8.0943585951326247e-01	   8.5910003960972403e-01	   0.0000000000000000e+00	   7.3126783914882620e-01	   7.7804789193493096e-01	   6.2043430604048966e-01	   8.5340683050962984e-01	  -3.3614079861803203e-02	  -4.9675543964495580e-03	   6.6402673194926626e-02	   1.1864511201586950e-01	   3.8886051002375921e-01	   5.9857542773593730e-01	  -2.0239849647118729e-01	   3.5821237533520907e-02	   6.9346632580297796e-01	   6.7433963708881284e-01	   6.1892176942162036e-01	   6.8371917213417888e-01	   7.0812713179743791e-01	   8.0166118795645813e-01	   6.4125216734884094e-01	   7.5414069652100024e-01	   7.3731003366586412e-01	   7.3505952973329447e-01	  -2.2061333263156968e-01	  -9.7881941278942161e-02	   6.3920012932531678e-01	   6.1960263143828176e-01	   4.5759163915434475e-01	   5.4677736871209781e-01	   5.4035490443195688e-01	   6.6186922278541149e-01	   2.9168254724195736e-02	   3.1635901643898379e-01	   5.8234226654099119e-01	   5.0922025361520507e-01	   3.6012302658700202e-01	   2.2803274205575572e-01	   2.6887865829489105e-01	   1.4444411188624059e-01	   4.4543114758736246e-01	   5.1201544629363849e-01	   3.6826138558692351e-01	   4.8981903556641193e-01	   3.5688521850678723e-01	   4.4330908758432258e-01	   4.4528743590287539e-01	   5.1688170493867580e-01	   2.3633963094319121e-01	   5.1560030355867248e-01	   4.6431205407683707e-01	   5.9163055443390966e-01	   9.4214737103240232e-03	   1.7015721152296626e-01	   4.2126216457579896e-01	   5.1334231106057659e-01	   1.4631181820093606e-01	   4.7504650207192889e-01	  -2.7494850221679291e-02	  -2.8362326428757411e-03	   4.4785771323219659e-01	   5.1033007175154499e-01	   5.0474796342068007e-01	   5.5771580204018434e-01	   6.5613238294283671e-01	   6.3845462706517853e-01	   2.3170749851924841e-01	   3.4857013568681983e-01	   1.9128662198094981e-01	   2.1750606439942227e-01	   3.0857851966392547e-01	   1.0147030096456426e-01	   2.4092265428655399e-01	   3.4831934184005742e-01	  -6.4050888131628625e-02	   6.6652003950774877e-02	   6.7597435870495701e-02	   1.6308189137105589e-01	   4.0737213429904684e-01	   3.7180814396386724e-01	   4.3105977293379727e-01	   5.0916336723224620e-01	   5.2433438847605152e-01	   4.0797493437059990e-01	   6.3029445559981256e-01	   6.9580170621314719e-01	   7.3643283125231285e-01	   6.2422408500656767e-01	   7.4322971943806015e-01	   5.0644299749180033e-01	  -8.0413132631618603e-02	  -9.4852832141751973e-03	   3.2636087273894943e-01	   9.5115881177036787e-02	   6.8984100870077181e-01	   6.6483039148938405e-01	   5.2032728049593491e-01	   4.9386624624408615e-01	   4.4129180102935595e-01	   4.4147633660389252e-01	   1.1418672793327724e-01	  -1.4961767062822912e-01	   7.9850519371835682e-02	   8.9224726078434763e-02	  -1.6098091137340675e-01	  -1.6894676752413385e-01	   4.4964162222330545e-01	   4.5001708525612710e-01	   5.5282882994612836e-01	   4.3683052588206073e-01	   3.0777542103622629e-01	   1.3314455809071260e-01	
   6.0310054959559656e-01	   4.1973819568902859e-01	   8.3403316236799863e-01	   7.7345556975551732e-01	   7.8659783212653123e-01	   7.3126783914882620e-01	   0.0000000000000000e+00	   8.1494697849807551e-01	   5.8161806822427564e-01	   6.0427502030015123e-01	   2.1330128991171447e-02	  -2.3622708649940850e-02	   1.9470988800232086e-01	   2.0247005699129905e-02	   3.1897453447707858e-01	   3.5466808582016629e-01	  -2.4423712475475706e-01	  -1.7395740845339100e-01	   6.9619976361145242e-01	   6.4971997626031064e-01	   6.5932757374087370e-01	   6.7329255431323998e-01	   6.8550470412127540e-01	   6.5396617567689674e-01	   5.7157184297415131e-01	   6.0948145110270180e-01	   7.1517829610264472e-01	   7.1864038759837356e-01	  -2.5844506539949041e-01	  -2.2361874400400006e-01	   4.7053721245793612e-01	   4.5496584713579624e-01	   5.6270714700804247e-01	   6.1812030796834949e-01	   5.5291327201062501e-01	   6.2121516518674724e-01	  -2.1274239357746216e-01	   2.4222514094956643e-01	   4.8308617990049063e-01	   5.2366839803106957e-01	   3.2288203795085363e-01	   2.5445584834848073e-01	   3.9027149423918461e-01	   2.1640727456700287e-01	   6.0572607276972945e-01	   6.0186731533571802e-01	   4.8763212686023172e-01	   5.5296437656664144e-01	   5.9965632539366487e-01	   5.4151659187771550e-01	   6.0803202824723102e-01	   6.1777477828693539e-01	   3.5679005696185295e-01	   5.7975242904322566e-01	   6.6925313791654206e-01	   7.6519567687180512e-01	   1.0516322873391770e-01	   2.7481014347837113e-01	   6.7146257229629724e-01	   6.5129174403163703e-01	   4.3296261986700535e-01	   5.9460137218680731e-01	  -1.4028612241083871e-01	  -7.5609242309286756e-02	   5.4223363971711136e-01	   5.9725603714431763e-01	   6.9369608877862299e-01	   6.8203683658318448e-01	   6.4594287468830447e-01	   6.6013874100016690e-01	   2.2686015151746092e-01	   3.1531140280221515e-01	   1.4080222473702536e-01	   1.1306049028750699e-01	   1.0410698686901311e-01	   4.5749029307140948e-02	   1.5432624339837953e-01	   3.3336056174458484e-01	  -1.6024259049205974e-01	  -1.8466505953110826e-01	  -1.1967058033134545e-01	  -9.6896052943394734e-03	   2.8993093845417484e-01	   2.0364654754985798e-01	   4.5898858399685105e-01	   5.9883902449702830e-01	   5.7215961790304259e-01	   5.0014814940961050e-01	   7.6951180207117098e-01	   8.0994893548803426e-01	   7.9371813352746112e-01	   7.1082493795424717e-01	   6.6039942398658313e-01	   6.0905657547705794e-01	   2.1713299453328136e-01	   1.7946329342414604e-02	   6.1154038139535305e-01	   2.3349644177598591e-01	   7.6708080216821117e-01	   8.1103160057049961e-01	   5.6292446405113938e-01	   6.4102572878880182e-01	   5.0513064743601988e-01	   6.2945329171452458e-01	   3.4670481993055835e-01	   1.5485983794036601e-01	   1.6337053456624484e-01	   2.0349345940922739e-01	   1.7007801984685622e-01	   1.5666328725288683e-01	   6.1040849233362460e-01	   5.3824099153192340e-01	   6.3796679185450400e-01	   4.9177962364942468e-01	   1.7052587601478328e-01	  -1.8716194314239143e-01	
   5.1095686752098390e-01	   4.0636633049882759e-01	   5.8515597962516730e-01	   8.5002643548979684e-01	   7.2483849049623406e-01	   7.7804789193493096e-01	   8.1494697849807551e-01	   0.0000000000000000e+00	   5.5139712183384149e-01	   7.7503257468132780e-01	   1.0249106579451134e-01	   3.7315678099468819e-01	   3.1814989918343661e-01	   4.1172794954508252e-01	   1.8074710628776097e-01	   6.4230793542412790e-01	  -1.4606873125484821e-01	   1.5316488798216722e-02	   6.5131428293341953e-01	   6.8438208030382996e-01	   5.8023477365241871e-01	   6.3151648634413582e-01	   5.5696093248471468e-01	   7.4161200236266223e-01	   3.9755108741171152e-01	   5.2409203304834051e-01	   5.5483715337853290e-01	   5.9761521718136179e-01	  -1.1344483486809678e-01	   1.8516319684082939e-02	   5.5148180262760560e-01	   5.9567694502275448e-01	   6.1777405992897960e-01	   7.1196205926532596e-01	   4.0407491238775151e-01	   5.7763284727824904e-01	  -2.7896014332745200e-01	   2.5749689216474692e-01	   3.9836744322054585e-01	   5.4001955065628859e-01	   2.9902942593870296e-01	   3.1974744081339856e-01	   2.0189307581280069e-01	   7.8063830347710278e-02	   3.8990500466693323e-01	   4.4627739193044075e-01	   3.4920901430918738e-01	   4.3567555280349568e-01	   4.4778547937930302e-01	   4.2467691944403863e-01	   4.8801905767828868e-01	   4.5395149357366721e-01	   3.1703491290096142e-01	   4.5616621770338700e-01	   5.4235373793030695e-01	   6.5795258783471045e-01	   1.1933716297575553e-01	   2.3224667516070896e-01	   5.4457441960127162e-01	   5.9677047629242863e-01	   4.6055817228542073e-01	   8.2540597108250557e-01	  -1.1936696916949022e-03	   1.8634389027557546e-01	   3.2260604801941861e-01	   6.3826660490787546e-01	   4.5529213383182032e-01	   5.4131292386206664e-01	   6.0984774710970147e-01	   5.8543169615584223e-01	   2.9794970627887651e-01	   2.9703058459423493e-01	   2.1594291294601964e-01	   2.1980636470680737e-01	   2.4669052612743797e-01	   1.4445802445783185e-01	   2.0427475689227009e-01	   4.2937659762976710e-01	  -1.8092304372171561e-01	  -7.9576806273557801e-02	   1.3500157247401393e-02	   1.0504869991680569e-02	   3.6578473276848111e-01	   3.7455107309751051e-01	   1.8969243356807639e-01	   4.4651908515188798e-01	   4.3911026709047352e-01	   3.8984450002955140e-01	   6.4973698576940730e-01	   7.3467679664743812e-01	   7.8276364179866831e-01	   5.0311473616872493e-01	   6.9855459503877060e-01	   3.5502341141127081e-01	   1.1988752733756287e-01	   1.4362212508696279e-01	   4.6717085891497317e-01	   2.8264144003139574e-01	   7.7556641391176240e-01	   7.1108391987004760e-01	   6.1817156410291041e-01	   4.0589322529500726e-01	   5.4908359520447103e-01	   6.1514592670872037e-01	   2.1345780981531526e-01	  -6.3721115546801529e-02	   5.4597853795519555e-02	   9.1010053889595231e-03	   1.3979524922522985e-02	   2.3546522675357923e-02	   4.4267883740698766e-01	   5.1834010413560794e-01	   7.2517783994283547e-01	   5.3344405965424913e-01	   2.1096448107838756e-01	  -6.6070930103807185e-02	
   3.3657242593670378e-01	   1.6663119950242966e-01	   6.0409870231001228e-01	   4.7851947377392201e-01	   7.3198580477902508e-01	   6.2043430604048966e-01	   5.8161806822427564e-01	   5.5139712183384149e-01	   0.0000000000000000e+00	   7.8215409057262197e-01	   3.7831257538584656e-01	   1.8626252917561453e-01	   5.5670655085097054e-01	   2.7287021503422182e-01	   7.4020391447451361e-01	   6.2094310295067046e-01	  -1.3525876796179410e-02	   1.5577271514054702e-01	   4.5185905846412827e-01	   4.6446809982568948e-01	   2.7179651296861329e-01	   2.9047173800783044e-01	   6.2587956188951677e-01	   5.5094508868720693e-01	   5.8777364624977646e-01	   5.8027961399046279e-01	   5.1022833029123738e-01	   4.7098699467686467e-01	  -6.8258776880058256e-02	  -8.0392145243398966e-02	   4.9644733296039401e-01	   4.4420752885821269e-01	   4.4025839314724502e-01	   4.0472533762642970e-01	   5.1633907057819750e-01	   5.4001745213603813e-01	   1.2790917000758431e-01	   3.1371654372234559e-01	   2.6733733389013103e-01	   1.5337263882379101e-01	   2.6277015795895231e-01	   1.8950179066760636e-01	   1.2538123476787716e-01	  -1.0533257467819315e-02	   3.8000401092269898e-01	   3.1819796046811055e-01	   2.2114456535030733e-01	   2.8792896325051542e-01	   3.0846734293811962e-01	   2.7184599824423816e-01	   3.9780477244648893e-01	   3.4397358037063974e-01	   1.7349872714649917e-01	   4.3183050998808947e-01	   1.5429134619892823e-01	   2.3465591694259313e-01	   5.6825674468823098e-02	   2.2307892724555151e-01	   2.2212868192603877e-01	   1.8828146791349046e-01	   3.2465995356445476e-01	   4.0101593009180964e-01	  -2.0912845116774718e-02	  -1.4978143770674514e-03	   5.6632728896079154e-01	   4.5584126724150892e-01	   3.3408930109192514e-01	   3.4102841221610913e-01	   4.4416701809505771e-01	   6.1842793156086084e-01	   3.3271306064662315e-01	   3.1335132970435453e-01	   3.6295777418643677e-01	   2.5126142692688125e-01	   3.9546313461036564e-01	   2.5989875662264134e-01	   4.0743551985315207e-01	   3.6985831442819495e-01	   1.1376200692073682e-01	   6.6580756799238000e-02	   4.1170356219341071e-02	   8.9375726396862032e-02	   3.5873510204186948e-01	   2.8826541663690353e-01	   3.9556204680154439e-01	   3.2967675806871410e-01	   4.3741816897013908e-01	   9.8714500542370548e-02	   3.1342109046496180e-01	   3.5943262770655104e-01	   5.0575796337798318e-01	   5.7066332425685462e-01	   5.0003565589851606e-01	   4.8515144976196500e-01	  -9.7051221443245100e-02	  -4.4220596249841336e-02	   1.0421297268278235e-01	  -2.7295848131836547e-03	   3.5885463323301658e-01	   4.2988063471046123e-01	   2.1378317582310202e-01	   3.7728226573155321e-01	   2.8639747998339543e-01	   2.9570788499471368e-01	  -3.2593970899995800e-02	  -1.8480846221510644e-01	   5.4611291326860786e-03	  -6.3127769272254580e-02	  -1.0018094795644568e-01	  -1.3977823394378749e-01	   4.4221799107882365e-01	   4.9352965714213543e-01	   4.0214733423068083e-01	   2.2072528275152981e-01	   2.0467667729374917e-01	   9.0081088149193925e-02	
   3.0936453579375434e-01	   2.3218386563997861e-01	   6.2176819165535335e-01	   6.9664215706624066e-01	   7.8006349370769479e-01	   8.5340683050962984e-01	   6.0427502030015123e-01	   7.7503257468132780e-01	   7.8215409057262197e-01	   0.0000000000000000e+00	   2.8361971213044501e-01	   3.1257196277889060e-01	   3.4193660193954784e-01	   3.8979226484572815e-01	   5.2171315313239175e-01	   8.3704055405144639e-01	   3.0253920493428276e-03	   2.5228140022153606e-01	   6.3256951430367947e-01	   6.6795704469533845e-01	   4.1624804801985105e-01	   4.8088033271700326e-01	   6.6573229883865959e-01	   7.7826890213621580e-01	   5.3547636211454386e-01	   6.4209511302737576e-01	   5.5643344821546525e-01	   5.4292548111147321e-01	   9.1182163265780720e-03	   7.9390516931260424e-02	   7.0215206576773692e-01	   6.9139787050682389e-01	   4.9987354168044323e-01	   5.3949035981905202e-01	   4.3340404252445952e-01	   5.8433994599548944e-01	   8.9438851569612315e-02	   4.0297236071348003e-01	   4.1620478167616481e-01	   3.5691344261823466e-01	   3.2175556052235665e-01	   2.7862933381935207e-01	   1.4687082144727365e-01	   3.4677674636983735e-02	   3.6709916357788774e-01	   3.6358507376134896e-01	   2.7681882835116634e-01	   4.1059266937108407e-01	   2.9369310578988861e-01	   3.2851646353259678e-01	   3.6349021474478360e-01	   3.6675753238136921e-01	   2.4064784818284185e-01	   4.7509047309716995e-01	   2.8844362243417787e-01	   4.0349070208302940e-01	   8.1094341047536544e-02	   2.5423044751634177e-01	   2.7588638764634715e-01	   3.5784394574632827e-01	   2.5343649090299680e-01	   5.2886958002483198e-01	   1.2498856756193283e-01	   1.8514824790526460e-01	   3.8750843769392107e-01	   4.8217345652454691e-01	   2.9500885668530885e-01	   3.8849980358103775e-01	   5.7876004282513249e-01	   6.5195474487028637e-01	   3.9536805517153073e-01	   4.2100388460622051e-01	   3.8002759741885755e-01	   3.4606952291203985e-01	   4.8371204091495512e-01	   3.0283579939028049e-01	   4.2964822038652706e-01	   5.1840330891644526e-01	   7.9691120260056383e-02	   1.4684517321892304e-01	   1.8565879296424825e-01	   1.5795985268192889e-01	   5.1198820732657302e-01	   4.7236991053554328e-01	   2.9398397135747478e-01	   3.4754629098720913e-01	   4.7350696221723154e-01	   1.9546349464813570e-01	   4.2860350769445610e-01	   5.2234272806816084e-01	   6.8643663613288308e-01	   5.2558957127554706e-01	   7.1108915615343360e-01	   3.8192454185056901e-01	  -1.5811925945758973e-01	  -2.4124688771293052e-02	   1.3664844244389007e-01	   3.0791131252460913e-02	   6.1816747997149113e-01	   5.6548450919561688e-01	   4.8561902862708994e-01	   3.5777047637721032e-01	   5.0574350339663976e-01	   4.3401668221704881e-01	  -2.2345112220256827e-02	  -3.1727281912750716e-01	   5.7335744842401337e-02	  -4.5644502276224568e-02	  -2.2730666795511281e-01	  -2.1862094364849696e-01	   4.5450946390515068e-01	   5.9367836400279028e-01	   5.8821292375004763e-01	   3.8896020522404168e-01	   2.7456324677345662e-01	   1.4322850515223426e-01	
   1.8188979050829929e-01	   2.7030106922042529e-01	   1.1165901920851318e-01	  -3.0888634965603692e-02	   1.2468671827115434e-01	  -3.3614079861803203e-02	   2.1330128991171447e-02	   1.0249106579451134e-01	   3.7831257538584656e-01	   2.8361971213044501e-01	   0.0000000000000000e+00	   5.0208870782422754e-01	   5.6003554558683799e-01	   3.2583103700658500e-01	   4.7118074046444780e-01	   4.9347135383990326e-01	   3.6665587057370513e-01	   6.0458692443379802e-01	   7.2238756565846690e-02	   1.0078595499086038e-01	  -3.0147916473059083e-01	  -2.6865506210498646e-01	   1.7796216327709799e-01	   1.3337104765456786e-01	   4.8774080368590399e-02	  -6.7830391207643725e-02	  -1.7718536057348785e-01	  -2.5728999849133793e-01	   5.2887909629162677e-01	   2.6396552637215143e-01	   3.6926986834568787e-01	   3.5342722532407744e-01	   2.4462716766940767e-01	   1.6815403707839138e-01	  -5.9660324914009411e-02	  -1.8210556199841719e-02	   1.7998448375215506e-01	   1.8365554528703998e-01	  -1.0534028056450611e-02	  -1.5901261934046540e-01	   1.7348043954942638e-01	   2.5928910615916329e-01	  -1.2466477392621339e-01	  -9.9594353459869736e-02	   4.0131115675598947e-02	  -8.6663549407278981e-02	  -1.2300290760764110e-01	  -9.6176066453957099e-03	   8.7634336760907539e-02	   5.1111910597918600e-02	  -4.1625265403227876e-02	  -5.2662285349976384e-02	  -1.1550310868396349e-01	   5.7510868695146086e-02	  -1.7985682066268205e-01	  -2.1119964890338602e-01	   2.1884616509208574e-01	   2.9609840309098173e-01	  -2.1133485770413538e-01	  -1.5420609703426666e-01	   7.1132872190356702e-02	   9.9483982605477042e-02	   2.3310194228354014e-01	   1.9155205742039128e-01	   1.3043900178277595e-01	  -1.7534807303554438e-02	  -2.1950004344067831e-01	  -1.5350606745737841e-01	  -2.4626208523860153e-02	   2.2604366670158410e-01	   3.8748831809860440e-01	   1.9882797670148739e-01	   7.1657835014361659e-01	   5.7029778643191009e-01	   4.8313223992301957e-01	   2.6010831347403240e-01	   3.6526852342148353e-01	   3.5505579960464595e-01	   4.0377269624372403e-01	   4.6702089755699405e-01	   2.6552533363407765e-01	   1.3530433878209719e-01	   3.6237552009203300e-01	   3.0132057712285210e-01	   5.5696300879264846e-02	  -1.9123414116570464e-01	   1.9356524187901067e-01	  -2.6503624989333524e-01	  -2.1856637902524959e-01	  -1.7770365118388687e-01	  -2.3657092961125357e-02	  -7.2167027513361279e-02	   4.1109657738479771e-02	  -1.5607797413161520e-01	  -2.0042164763961756e-01	  -5.4980354471221654e-02	  -1.8941796492704824e-01	  -1.1147285061359999e-01	  -4.9510026747749021e-02	  -1.0645588029198354e-01	   7.4831244618401085e-02	  -7.8387391386936595e-02	   1.6678675669013454e-01	   1.4081952146340224e-01	  -2.0044156983080622e-01	  -2.3782757687773276e-01	   5.4165661585113538e-02	  -2.2784640601385905e-02	  -1.9226370264888806e-01	  -2.0842099736950512e-01	   1.3744892185119550e-01	   2.2842026251076525e-01	   6.2317767835655527e-02	  -3.1176086178157508e-02	   1.7634978572843249e-01	   2.0516112067858877e-01	
   1.9000879024740774e-01	   3.7537258005112367e-01	  -1.8393967459400137e-01	   1.7822616917986511e-01	  -1.9008665817187468e-02	  -4.9675543964495580e-03	  -2.3622708649940850e-02	   3.7315678099468819e-01	   1.8626252917561453e-01	   3.1257196277889060e-01	   5.0208870782422754e-01	   0.0000000000000000e+00	   5.1985069864684852e-01	   8.2425834541556886e-01	   9.1680446482114319e-02	   6.4824483377264241e-01	   4.0422893899605394e-01	   4.8535594154306555e-01	   7.9394327314674829e-02	   2.1074252759497183e-01	  -2.0839825329634179e-01	  -1.3175894009559397e-01	  -1.9529886488616352e-02	   2.1385152270984509e-01	  -1.5344479289408702e-01	  -1.2402084153167685e-01	  -2.4105158730638065e-01	  -2.2533494631620679e-01	   4.7753152895950512e-01	   5.6683825198290139e-01	   3.5307712008830483e-01	   4.4394711029867628e-01	   4.5444432726131623e-01	   4.4115679016878967e-01	  -1.7474576615821624e-01	  -4.7888681218022831e-02	  -1.3411046763747980e-01	   1.6118588346731066e-01	  -1.4995967693137402e-01	   3.7907312218001699e-02	   1.9548342871136759e-01	   4.1510976156503382e-01	  -8.2073320081009288e-02	  -9.0396451432251695e-02	  -8.8801847378222248e-02	  -7.7159470633187136e-02	  -4.6441806930553831e-02	  -5.3844472118377120e-03	   5.1683359733436234e-02	  -5.7780208779167437e-03	  -2.1337983278089754e-02	  -8.9790564840153630e-02	   7.8263112376227240e-02	  -6.0460436472968442e-02	  -6.3002134946969546e-02	  -3.7527749738734045e-02	   2.8385821784488208e-01	   2.3859624977266525e-01	  -8.4294249806161098e-02	  -1.0439126504976085e-02	   3.1269027034652258e-01	   5.2366126063466056e-01	   4.0116386741805654e-01	   6.1589713147610792e-01	  -1.6317211827583572e-01	   7.8619046243168789e-02	  -2.8718640909102550e-01	  -1.4334841612516369e-01	  -1.0068117654188196e-02	   1.5081116409461895e-02	   3.8893824393528176e-01	   2.3183463729972503e-01	   4.7506042206953614e-01	   4.6414880637296196e-01	   4.5088327049570398e-01	   3.7018000180911836e-01	   4.2874216834366963e-01	   4.7551402759652245e-01	   1.3548142848648423e-01	   2.4765319262755464e-01	   3.4295716340095062e-01	   1.2785538462608720e-01	   3.7375319887071362e-01	   4.7933736320091269e-01	  -2.7967509182519734e-01	  -1.7944923652293943e-01	  -8.1723667996519492e-02	  -2.1450174329883592e-01	  -1.6794567985268943e-01	  -6.0598664008456038e-02	   3.9633893210072199e-02	  -3.2303488541716585e-01	   2.5992517573291463e-02	  -3.9625155281141816e-01	  -3.4973632301079957e-02	   2.1078488385884903e-01	  -6.0097192169402153e-02	   1.4877621644290362e-01	   1.6462903762193309e-01	  -1.2527655061723529e-02	   1.7831371892989825e-01	  -2.9049745090606982e-01	   2.7873771259818303e-01	   1.9924177930866599e-01	  -2.1745252995357991e-01	  -3.1707180503470817e-01	  -1.3937673737027051e-01	  -3.0664731227746783e-01	  -1.2562127475483234e-01	  -1.3814852860747795e-01	  -5.4524428996035976e-02	   2.5252251819588112e-01	   2.3829389441583410e-01	   2.0444470029176243e-01	   1.0500658122998122e-01	   1.5895081747840989e-01	
   3.9818821969509177e-01	   7.7366125237551459e-02	   3.3463671220818267e-02	   3.0205804717950976e-02	   1.1285059584240298e-01	   6.6402673194926626e-02	   1.9470988800232086e-01	   3.1814989918343661e-01	   5.5670655085097054e-01	   3.4193660193954784e-01	   5.6003554558683799e-01	   5.1985069864684852e-01	   0.0000000000000000e+00	   5.7457327403021052e-01	   5.1087078510586947e-01	   4.5148217079404240e-01	   3.1751494921345091e-01	   2.5819555176795728e-01	   9.7595752397912461e-02	   3.0739968877545244e-02	  -6.9084042759171183e-02	  -1.0013977798376865e-01	   3.4901062121988104e-02	   3.6736205188209442e-02	  -3.7497117156526276e-03	   2.1629861849525450e-02	  -1.1474582962270334e-01	  -1.4445608918899222e-01	   3.2705865690209751e-01	   3.0638749498106049e-01	   1.8951304041342182e-01	   2.5589672923750800e-01	   4.0637812308548638e-01	   3.9152510798331719e-01	  -1.9021536602765107e-02	  -3.7857155983052046e-02	  -6.9915568793284380e-02	  -4.1800220783812729e-02	  -1.0101954831874654e-01	  -2.8911516283900311e-02	   1.0156748330267662e-01	   2.4287597415979162e-01	  -1.6284951533699554e-01	  -2.0691327645726221e-01	  -5.0730566547904865e-02	  -9.2812570144165371e-02	  -1.5009323871776500e-01	  -1.7971279332203430e-01	   3.2701952660173436e-02	   2.7959364904163987e-02	  -2.2914292876129425e-02	  -1.1316968379697179e-01	  -7.9458275899444250e-02	  -6.8284919984399339e-02	  -1.8259298735835205e-01	  -1.6051023394882413e-01	   2.1820118491223373e-01	   1.6318201926799694e-01	  -3.7615737448091650e-02	  -1.3346202766045231e-01	   4.8780487579351106e-01	   4.1345919433327161e-01	   1.4325069013994574e-01	   1.9868645422598294e-01	   2.2623361055665595e-01	   1.5491907810761824e-01	  -1.9804813700985729e-01	  -2.4289303985886804e-01	  -3.3734459968423572e-02	   8.7939675645214543e-02	   1.3960239958156434e-01	  -5.5185372035545653e-02	   3.8868961813916225e-01	   1.3830011934919123e-01	   2.6334384772665564e-01	   9.2887184599226194e-02	   2.1803679923015712e-01	   1.3700359860295519e-01	   1.7242018390935826e-01	   1.0883557943198843e-01	   1.9657411859164939e-01	   1.3149589858620009e-01	   3.5303223974299081e-01	   3.1148339081411264e-01	   1.2608874059112546e-01	  -1.1945094411194332e-01	   7.4892126509363000e-02	  -2.1955525824423733e-01	  -9.5407384883725313e-02	  -6.0920505575202608e-02	   4.0490170778430021e-02	   1.0527043529602164e-02	   4.8836655894499842e-02	  -6.1865731677497378e-02	   1.8587084186737235e-01	   2.4864558737686454e-01	   2.1413402759277309e-02	   1.6214021408883306e-01	  -4.7887680728901018e-02	   3.5780499123948825e-03	  -1.0614924143176854e-02	  -1.5158815818327974e-02	   8.0044170921002578e-02	   1.5749720119667382e-01	  -4.9570717144875868e-02	  -6.5293088646069836e-02	  -1.9490562118893653e-01	  -2.6018744486231443e-01	   1.9976506165789565e-01	   1.0352564484368887e-01	  -2.8328903421491133e-02	   1.2820339801747097e-01	   1.5091105480225289e-01	   9.9804313187516536e-02	  -6.7686584067434552e-02	  -7.6459738511597458e-02	
