   0.0000000000000000e+00	   8.2807080599039851e-01	   5.9698544530265341e-01	   6.2522814997729870e-01	   5.2109762691367867e-01	   5.6137003146583431e-01	   7.7682103335642527e-01	   7.0707487257386537e-01	   4.6091625189485430e-01	   5.6148666406192760e-01	   7.1323107378966366e-01	   6.4935076398867764e-01	   4.2638821736976273e-01	   5.0764718451446134e-01	   4.4776198370847109e-01	   5.2372508299615650e-01	   5.3033689093630421e-01	   6.2423733438075990e-01	   8.6549108507546890e-01	   8.0740491536081627e-01	   1.2777159873293203e-01	   3.5547660598985231e-01	   4.8118901280119897e-01	   4.1482825483392949e-01	   2.1761985328989045e-01	   1.9064104188223813e-01	   4.8678493170029030e-01	   5.4897543449269515e-01	   5.5325811430608374e-01	   5.5496745543775217e-01	   4.0066449905147355e-01	   3.9592434090245099e-01	   6.1924826925926535e-01	   6.6017032379059204e-01	   1.4847825372737447e-01	   1.9372466702205257e-01	   3.0752904588808194e-02	  -1.3529663898916369e-01	   4.0269753799360186e-01	   5.2009381777279462e-01	   4.4942838116089662e-01	   4.8116441137774257e-01	   5.1241921792659584e-01	   4.8527746823014223e-01	   4.9180592576853194e-01	   4.6926600779698124e-01	   6.6944847773445959e-01	   6.0775091086231259e-01	   6.8082457356651083e-01	   5.6175333662667803e-01	   3.5411582929521251e-01	   5.3599337293426652e-01	   6.7538760172670675e-01	   5.4498215052858434e-01	   8.2344601817803187e-01	   7.8868616309279016e-01	   8.9504770652935584e-01	   7.8641266556964817e-01	   7.4505177531475708e-01	   7.6435993556305426e-01	   6.7955953425045013e-01	   5.7472894099630600e-01	   5.5461284804227295e-01	   5.9828968452069875e-01	   1.8088978352721860e-01	   3.4975850031838362e-01	   5.2365115643490279e-01	   5.3766337871959791e-01	   8.0539647864960717e-01	   7.5896797386286308e-01	   1.0699072776834204e-01	   2.6307370545780706e-01	   5.6631896043593044e-01	   5.6390498564805769e-01	   4.8713425239225372e-01	   4.3369317350920999e-01	   4.1873741420215638e-01	   3.0222106408227728e-01	   5.0551872022218158e-01	   5.6442757243597419e-01	   6.1602194291268675e-01	   5.5100642867184013e-01	   5.9024838105293864e-01	   5.8688976724490938e-01	   4.3469306684142006e-01	   4.2279368834326270e-01	   5.3120178648124594e-01	   2.0327268132079795e-01	   7.6528035734038857e-01	   7.7647244583448616e-01	   5.5987441846418051e-01	   4.9724626634930252e-01	   3.1832151002937109e-01	   3.9689628307019664e-01	   3.6107880844653217e-01	   4.1442519539044670e-01	   6.4102218012608714e-01	   6.4292977646745408e-01	   7.9305060946369976e-01	   7.8276497228708808e-01	   4.1335762851268532e-01	   5.8012209958231742e-01	   4.1975449880942628e-01	   5.1977136167123739e-01	   2.7363120375004102e-01	   1.5119567800469202e-01	   5.0174680546976114e-01	   5.8225290977852251e-01	  -1.0322336292652563e-01	  -1.4745718175049621e-01	   5.4340527068431999e-01	   5.3975353165648021e-01	   6.3112912684928035e-01	   5.6863298952106511e-01	   2.3482186515269515e-01	   2.1727373436623815e-01	
   8.2807080599039851e-01	   0.0000000000000000e+00	   4.8407512903767069e-01	   5.8509672960311054e-01	   5.1285457645624744e-01	   5.5897249635537793e-01	   6.1796025845850222e-01	   7.0683212682520047e-01	   4.8166385179262183e-01	   5.7193001033054713e-01	   5.5314963892548352e-01	   7.2653292575791850e-01	   3.1244342030981714e-01	   5.5583324965722092e-01	   4.0911607229783287e-01	   5.1684952648435867e-01	   5.4587380858572943e-01	   6.7203472374444939e-01	   7.5149561015960509e-01	   8.6603439983138941e-01	   2.6330194843059790e-01	   4.7961101836351228e-01	   4.4528155879048886e-01	   3.9753207679418145e-01	   2.7563373555038673e-01	   2.2358616938436748e-01	   4.8589373551596277e-01	   5.2340543909385817e-01	   5.4673499515158608e-01	   6.4615697737704580e-01	   4.0728786793476807e-01	   4.1809562880618889e-01	   6.0924196791419327e-01	   6.7688052269318411e-01	   1.8726588843945607e-01	   2.1049520313709302e-01	   1.9354612791637132e-01	   3.6702259491104283e-02	   4.4470824352545274e-01	   5.9813444932955528e-01	   4.8040983699852580e-01	   4.8768979934843959e-01	   4.4740459354861728e-01	   4.1487283560159316e-01	   4.5314736162679092e-01	   4.7694025977791099e-01	   6.0979384269957659e-01	   5.6755908023838453e-01	   6.1438362996159224e-01	   5.9038974329832361e-01	   4.7812664555941486e-01	   6.1755095701153873e-01	   6.9377036950851401e-01	   5.9619679241495016e-01	   7.7870747329058254e-01	   8.0093431164365481e-01	   7.5726697486658834e-01	   8.6489209794344157e-01	   6.4381942978588613e-01	   7.8458085983159798e-01	   5.2469304054337318e-01	   5.8305271945625448e-01	   4.5264176111041415e-01	   6.2181250095092933e-01	   2.0931891332670999e-01	   4.1656987987279998e-01	   5.0342037044387478e-01	   5.4761369827068895e-01	   7.1277647584057924e-01	   7.9316349049986001e-01	   2.9961773182074269e-01	   3.8747477826416810e-01	   5.7083546006072949e-01	   5.9946507289007189e-01	   4.4306687986371984e-01	   3.4768845976839680e-01	   3.6494754054949441e-01	   3.9523837737260015e-01	   5.7950424862822714e-01	   5.8188455153380314e-01	   6.2602124807372128e-01	   5.8665900690504869e-01	   5.0065392830581512e-01	   6.0929585311096346e-01	   4.4314437777335991e-01	   4.6083828453087927e-01	   4.7120648127658182e-01	   2.1699901652747572e-01	   6.5001068002626272e-01	   7.1835198392822341e-01	   5.8656042457169288e-01	   5.1866934624966299e-01	   2.8171136496198557e-01	   3.7280516904832262e-01	   3.1925926937198851e-01	   4.0337058415391513e-01	   6.8709284007812288e-01	   7.3093508848854960e-01	   7.9416251190672149e-01	   7.5181181450887746e-01	   4.5650248225344292e-01	   5.1797057679989933e-01	   5.5177226208991448e-01	   5.5002450247360901e-01	   4.3714314590582648e-01	   2.9686682233688272e-01	   5.1319345736209043e-01	   5.4445796026174087e-01	   2.7182862177132627e-02	   1.1928629614920069e-01	   5.8861428876120481e-01	   6.1543816920631833e-01	   6.5610908607998408e-01	   5.6322675535237421e-01	   2.9219703801693686e-01	   9.3787592227861538e-02	
   5.9698544530265341e-01	   4.8407512903767069e-01	   0.0000000000000000e+00	   8.0273872183572803e-01	   5.2314394872575765e-01	   5.8992657239213231e-01	   8.2980793765420158e-01	   6.5199177813252651e-01	   3.1034953568164741e-01	   4.7652792767910856e-01	   4.8032302796522064e-01	   2.5620010423296358e-01	   4.1998262241656498e-01	   2.4042090254849979e-01	   5.5536479094501678e-01	   5.3047085914997494e-01	   2.7868123187077432e-01	   3.8580507072556558e-01	   6.3424632315733320e-01	   4.9514712363584801e-01	   4.3963289911444559e-01	   4.7425110697449568e-01	   8.6381711670225125e-01	   7.5558047935827533e-01	   7.4595829510948741e-01	   6.6411120426449588e-01	   6.2927865339278022e-01	   6.7868274767860814e-01	   1.3428477021001600e-01	   1.5760083236684719e-01	   6.5350858189328465e-01	   6.4457347212092675e-01	   6.7048246313052307e-01	   6.8039024742402421e-01	   7.5230100004371314e-01	   7.3155026386417654e-01	   1.7131435568963163e-01	   3.6308525463009569e-02	   5.4771866518348378e-01	   6.0570638216250872e-01	   2.1878284093503192e-01	   3.7506059180995532e-01	   5.0204389882758438e-01	   3.8268018228235468e-01	   5.0860855252739301e-01	   5.0740513709070811e-01	   5.6640939483488517e-01	   5.2449571473366940e-01	   4.8106305741110539e-01	   4.0684474437661433e-01	   3.0653598043822611e-01	   3.7716501219812748e-01	   5.1845876033750593e-01	   5.3018711871038549e-01	   6.4821677415259804e-01	   5.8648308591267928e-01	   5.2947134979731569e-01	   5.7098122493356951e-01	   6.4481955485279263e-01	   5.7613615399680618e-01	   7.5812790509117023e-01	   7.1099144649270007e-01	   3.8811692677466647e-01	   3.6226884696567635e-01	   7.7814425671345500e-01	   7.8329685271163663e-01	   7.8520371735702299e-01	   7.2403260362060695e-01	   7.2533439600389915e-01	   7.1977310267101990e-01	   3.6313242803275958e-01	   3.9869530683792559e-01	   4.9166613762326855e-01	   4.0126454720926563e-01	   5.0450757772091226e-01	   3.4497971508155578e-01	   4.8728523440102012e-01	   4.3948888725188728e-01	   5.0789120696891443e-01	   5.9863055087297745e-01	   5.7943862873150431e-01	   6.0611064904459611e-01	   6.8062657581736785e-01	   5.3513818733083529e-01	   7.6598789009287538e-01	   6.1254389296091161e-01	   7.5206986156917066e-01	   4.3780954396276672e-01	   7.5647528801969810e-01	   7.0924901326025735e-01	   5.0116127487803808e-01	   5.7754805024852807e-01	   4.2336225360947088e-01	   5.7401906008983050e-01	   4.0540033138830661e-01	   4.1625340517708187e-01	   6.8622700427915451e-01	   4.9528005567351685e-01	   5.1786318750526827e-01	   5.7895727887652537e-01	   3.5054260315379770e-01	   6.4625685740315697e-01	   3.0195526218063284e-01	   5.0383309387738962e-01	   3.7867560964258740e-01	   3.3941189892098023e-01	   4.2112141439337303e-01	   5.4356564866998935e-01	   1.5485633113908515e-01	  -5.9819613910805491e-03	   6.5683627521232069e-01	   4.9476119524638246e-01	   4.9542627166162323e-01	   4.6503690228689876e-01	   4.4478095402914092e-01	   2.1194366506539419e-01	
   6.2522814997729870e-01	   5.8509672960311054e-01	   8.0273872183572803e-01	   0.0000000000000000e+00	   6.0059656251697913e-01	   7.7594385078483419e-01	   7.5547872026823648e-01	   8.8373048479627814e-01	   4.3406964194887659e-01	   6.6833390175791307e-01	   4.2556291335326729e-01	   4.7153998784267048e-01	   3.7818477169884734e-01	   4.0493989155264831e-01	   5.8771719614948270e-01	   7.1805040983272517e-01	   3.9893830897911287e-01	   4.5538718848986182e-01	   6.8914637193470030e-01	   6.6277591289190085e-01	   3.0088461879836814e-01	   4.1479866099558688e-01	   8.1037900391433126e-01	   9.0190623328377584e-01	   6.2255258556891668e-01	   6.7381243839160465e-01	   6.0866520295539761e-01	   7.1105288529299882e-01	   2.0839765188834383e-01	   3.8384205082071154e-01	   6.4037226544918169e-01	   7.2719255080504130e-01	   6.2282567017893864e-01	   7.0933765756764566e-01	   5.4552187493316528e-01	   6.2268749321413064e-01	   4.2470629216381520e-02	  -1.2020287160068771e-01	   4.0729444674001614e-01	   5.4492927479348596e-01	   1.4250213972270898e-01	   3.9412836589345568e-01	   4.4454251447573334e-01	   3.3338285897506337e-01	   4.7627048744890077e-01	   5.0815206620157027e-01	   5.5792918257376867e-01	   5.0077510688459603e-01	   4.6118390570386425e-01	   4.0946589018205282e-01	   2.3653216592009543e-01	   3.5778283882440765e-01	   4.7785978653168354e-01	   4.8653333893639383e-01	   6.3953033596396935e-01	   6.2396389795551854e-01	   5.0151163414496625e-01	   6.1040188684333807e-01	   4.9950234335015053e-01	   6.6485797127867419e-01	   6.5534531622042258e-01	   8.4479133571323373e-01	   3.5291244183010434e-01	   4.5858240588263188e-01	   6.0031971126306849e-01	   8.0260891319669070e-01	   6.4505241321377804e-01	   7.1651115783241492e-01	   7.7888298051062044e-01	   7.8803361603174815e-01	   3.4155588641026430e-01	   3.9753277214040961e-01	   5.0286075111702000e-01	   5.6156890145994098e-01	   4.6027662203937780e-01	   3.6965889800133034e-01	   3.3956272844133462e-01	   4.2717144338875424e-01	   6.4467468257027860e-01	   6.5378041425573763e-01	   6.7657761564963304e-01	   6.6248761091984376e-01	   6.9307862610361304e-01	   6.6045488000654495e-01	   6.5678393275888625e-01	   7.0245187668610698e-01	   6.5324441883006590e-01	   4.5697205005182362e-01	   7.3151972110322749e-01	   7.5467925073550990e-01	   7.2111843780762297e-01	   6.2239953002047443e-01	   6.7157528693374313e-01	   5.8478808620547418e-01	   4.6417844965966909e-01	   4.7700787837145975e-01	   7.0745350446342359e-01	   5.9758596845653322e-01	   6.5644878341436042e-01	   6.2702551659649830e-01	   5.9486369657580207e-01	   5.9233693316973657e-01	   4.3185935891186822e-01	   4.5771191477251294e-01	   3.7146546606702824e-01	   2.5501025288406426e-01	   4.4658461174855824e-01	   5.1181606562902915e-01	   1.7544038462977637e-01	  -4.0347928123474954e-03	   6.3050891657519070e-01	   5.8020599745926726e-01	   5.9971753154480589e-01	   4.6983807006592887e-01	   3.9866949922395467e-01	   1.1618371816866729e-01	
   5.2109762691367867e-01	   5.1285457645624744e-01	   5.2314394872575765e-01	   6.0059656251697913e-01	   0.0000000000000000e+00	   8.1342931881274338e-01	   6.0289906830912265e-01	   6.0294342311254190e-01	   8.8383289684686783e-01	   8.1679012478352786e-01	   2.2963710082919919e-01	   3.5606794754451399e-01	   3.2094583331914295e-01	   3.2782783412813971e-01	   5.4045984434713601e-01	   6.6388382473548258e-01	   2.8966295373300183e-01	   2.8931123785371204e-01	   4.7047621765621850e-01	   4.8326937024295491e-01	   2.7278080708535152e-01	   3.9862890760721936e-01	   4.9926765691448949e-01	   5.0218476239189580e-01	   5.0572308149173628e-01	   4.6779390530340248e-01	   6.4812289364623554e-01	   6.1426939800349156e-01	   2.3278921409887418e-01	   3.1979337123453294e-01	   3.6714078608221018e-01	   3.9537721626535394e-01	   3.9075823809419502e-01	   4.2174412313945314e-01	   2.6920909370832041e-01	   2.9492615704810915e-01	   1.3979453705416595e-01	  -2.7113157306001348e-02	   4.0151285397547742e-01	   4.3857957681662785e-01	   1.9632765376334926e-01	   2.8338254568035121e-01	   1.9239566200849068e-01	   7.4133403748297161e-02	   8.5971246942354973e-02	   1.5000043652482797e-01	   3.1798565905485071e-01	   2.6727250480562609e-01	   2.2584484380389550e-01	   2.2175799699548138e-01	   8.9560261935334923e-02	   2.3683091034670112e-01	   4.2069345248240886e-01	   3.6490446015561256e-01	   5.6505692787959261e-01	   5.2007608855684040e-01	   4.6562519315154965e-01	   4.7937799976801554e-01	   3.7965869285062420e-01	   5.1904979727725253e-01	   4.1836309237466346e-01	   5.1247917349407790e-01	   1.4641256105116296e-01	   2.4679324415254061e-01	   2.7968820334048006e-01	   4.1880197255974699e-01	   3.7201602632856856e-01	   3.9209249296957627e-01	   5.1450331420865814e-01	   5.2436906312473164e-01	   1.8077526456062001e-01	   2.1865937421634574e-01	   2.1161996020507456e-01	   2.3616002181263693e-01	   2.9208942601318066e-01	   6.5342596362707783e-02	   2.7638350161102110e-01	   2.9750342844395217e-01	   4.2303459540660715e-01	   3.3169639926351124e-01	   4.1225357621589021e-01	   3.8203073430723739e-01	   5.4136473262746154e-01	   5.8204119814144595e-01	   3.8337995783863510e-01	   4.1228863895151241e-01	   4.9514839197851035e-01	   2.9973480345047571e-01	   6.6825810518742368e-01	   6.5753241385092409e-01	   6.6215061560302879e-01	   6.2329842630221344e-01	   5.3477586925906739e-01	   6.1487144828699503e-01	   1.2008006492937420e-01	   1.1113674997447406e-01	   4.7800295635710333e-01	   4.0235486978310164e-01	   5.7874958747810445e-01	   5.7311487097263991e-01	   4.6819609266269496e-01	   5.2600547910930773e-01	   3.8228734253739538e-01	   4.4116140094636025e-01	   4.2983688555579275e-01	   3.0065206047331838e-01	   4.8677270974833969e-01	   4.9878714238517308e-01	   1.0974441143424747e-02	  -1.0185877894580486e-01	   4.6862548006552224e-01	   4.1702355730021712e-01	   5.8268697682919179e-01	   4.8115783634715747e-01	   3.2926639406277036e-01	   7.7058255766057432e-02	
   5.6137003146583431e-01	   5.5897249635537793e-01	   5.8992657239213231e-01	   7.7594385078483419e-01	   8.1342931881274338e-01	   0.0000000000000000e+00	   6.4323130318036892e-01	   7.7615570058812400e-01	   6.5049919705487391e-01	   9.2889719204932908e-01	   4.0277040602363579e-01	   4.9837107407000431e-01	   4.0844403934759560e-01	   4.4004120430382399e-01	   6.4522017850003732e-01	   8.0162266103559543e-01	   4.5138265162192814e-01	   4.6302240718624760e-01	   5.5593752582882894e-01	   5.5638666326798591e-01	   4.2564036586901699e-01	   5.7757242162132871e-01	   6.3097940547718978e-01	   6.7069921362754348e-01	   5.5622416046446355e-01	   6.0226454845788457e-01	   7.6541982858121882e-01	   8.1594292875269037e-01	   3.5747570697995018e-01	   5.1654080166522420e-01	   5.9049772807970524e-01	   6.2469842133934361e-01	   4.9720084554273791e-01	   5.5047195051826958e-01	   3.0690487225927704e-01	   3.4286140518697994e-01	   6.2608122248686393e-02	  -8.1707752348555263e-02	   4.4016773028439071e-01	   5.4180595906839735e-01	   2.1706200346705207e-01	   3.9547369347570499e-01	   1.3890570573674435e-01	   8.9445504160394762e-03	   1.7072427085959674e-01	   2.0715280255820459e-01	   2.9636303695481725e-01	   2.5951216802366783e-01	   2.2842192375678000e-01	   2.0490430928139350e-01	   2.8636324020481503e-02	   2.2083239248745934e-01	   3.7582227157855230e-01	   3.9053742986126322e-01	   5.8703540648739982e-01	   5.4858072076098663e-01	   4.8027845436909378e-01	   5.4193531002178863e-01	   4.0805190868715507e-01	   5.5605542557730969e-01	   5.3693982226102732e-01	   6.6150088943733754e-01	   2.7664646495143663e-01	   4.3170830415532380e-01	   3.0679609943175135e-01	   4.7733873393321152e-01	   4.1726056710948062e-01	   4.3904806154647891e-01	   5.1431871875992630e-01	   5.6702911743874640e-01	   2.7105963668311789e-01	   2.9857058452821517e-01	   3.4467014209876667e-01	   4.3647804956732217e-01	   3.1821799354923380e-01	   2.2751522997231913e-01	   2.2117260945456171e-01	   2.6574390520537566e-01	   6.4957448824493036e-01	   4.8911243937071586e-01	   6.1261967543025431e-01	   4.8481053223410087e-01	   6.4609710304379586e-01	   7.3217396295058390e-01	   4.4907523644229586e-01	   4.4268702330205512e-01	   5.5215725384518199e-01	   3.4762128968191452e-01	   7.3072534478686002e-01	   7.1310242757910891e-01	   7.2442714623652571e-01	   6.1319805200354205e-01	   6.4403439715677757e-01	   5.7633887945597762e-01	   3.1306164446769691e-01	   2.2001744231626325e-01	   5.5658316972978350e-01	   4.5648313298012877e-01	   6.1798661399986121e-01	   5.9883392240059707e-01	   6.0678976953524544e-01	   5.6651710737186645e-01	   4.8283161901437543e-01	   4.4030344260901588e-01	   3.6563452839770905e-01	   2.2270666110927975e-01	   4.7429132260439988e-01	   5.0586281654856291e-01	   1.6645987994966813e-01	  -4.9536844445493985e-02	   4.7846895536004197e-01	   4.5306434581845567e-01	   5.9989968769604385e-01	   4.6443022219150193e-01	   3.3178179032796951e-01	   9.1781448153632927e-02	
   7.7682103335642527e-01	   6.1796025845850222e-01	   8.2980793765420158e-01	   7.5547872026823648e-01	   6.0289906830912265e-01	   6.4323130318036892e-01	   0.0000000000000000e+00	   8.3792503101158633e-01	   4.7953958697223142e-01	   5.9431369919993271e-01	   5.9295248897121033e-01	   4.8133764281532720e-01	   4.7509573340146433e-01	   4.0168613186918589e-01	   5.0300554619916915e-01	   5.3930217962205029e-01	   3.4376783555978174e-01	   4.5191807264361666e-01	   7.6160354942642328e-01	   6.7647048102551166e-01	   2.3546190270177381e-01	   3.5725076480949491e-01	   6.5909858457183568e-01	   5.5760520906701883e-01	   4.0592552725663000e-01	   3.4705470934869415e-01	   4.7366938792381580e-01	   5.6235052086176829e-01	   4.1791758978517624e-01	   4.1275535017684167e-01	   5.6554714533567108e-01	   5.8190027223251273e-01	   7.1835743991059731e-01	   7.4408067710323256e-01	   4.3077233394217773e-01	   5.1452027259678923e-01	   1.0993434997276230e-01	  -6.3336583792343894e-03	   5.8515411407484197e-01	   6.2260515318047471e-01	   4.2856673967243986e-01	   4.9321077266141833e-01	   5.7715364998064278e-01	   4.7147221608123713e-01	   5.4931359650370337e-01	   5.5197443479359998e-01	   7.1157451349449641e-01	   6.6631558652516920e-01	   6.3105590762908415e-01	   5.2981318616109918e-01	   3.2373802648091726e-01	   4.7143049809269338e-01	   6.7530698671369582e-01	   5.9059189510155319e-01	   7.5268294042801798e-01	   7.0147436005336750e-01	   6.8121448628963566e-01	   6.4760775627161338e-01	   8.0200449956883024e-01	   7.1861489827488501e-01	   8.6809441488234840e-01	   7.4222756006755652e-01	   5.1339555022101524e-01	   5.8314609859632249e-01	   4.6766172563475816e-01	   5.7626549123035620e-01	   7.4942590054568858e-01	   7.1619403386696545e-01	   7.3080617548492399e-01	   7.7055488604606792e-01	   2.4918971214771984e-01	   3.4206408889791079e-01	   5.2337046441774615e-01	   4.6641409198134443e-01	   5.9720124946072972e-01	   4.4220318467355629e-01	   4.5522024348453277e-01	   3.7779831196037528e-01	   5.1670320037870643e-01	   5.7337081326494421e-01	   5.7164738375940938e-01	   5.9145457306574400e-01	   6.5797685367185499e-01	   6.7506002900205297e-01	   5.3986439417078413e-01	   4.9206350650376185e-01	   5.8369301258912221e-01	   2.7178659977883296e-01	   8.1830416477216938e-01	   7.8876996447504510e-01	   6.2624091532923565e-01	   6.2617699922491910e-01	   3.7952577936707932e-01	   4.9902499123328431e-01	   3.4887397247559881e-01	   3.3977889639628522e-01	   6.6144357203164628e-01	   4.9061578022776442e-01	   7.2686364063735354e-01	   7.6777299272147448e-01	   4.6243325546987712e-01	   7.2468365453196004e-01	   4.8990547283904801e-01	   6.5348455471443434e-01	   4.3112893183456535e-01	   3.2033990157572423e-01	   5.4397809816078302e-01	   6.2881567772753366e-01	  -8.0400031863929883e-02	  -1.5629724187175681e-01	   6.6085194444438733e-01	   6.0080011100588360e-01	   6.4043253917159471e-01	   6.3524200467446812e-01	   4.2055519477456799e-01	   2.7276727266122025e-01	
   7.0707487257386537e-01	   7.0683212682520047e-01	   6.5199177813252651e-01	   8.8373048479627814e-01	   6.0294342311254190e-01	   7.7615570058812400e-01	   8.3792503101158633e-01	   0.0000000000000000e+00	   4.9771066115572704e-01	   7.0835934132822986e-01	   5.2284144695909995e-01	   6.5682546313760160e-01	   4.4010217381123451e-01	   5.3188093825283578e-01	   5.5627896698408974e-01	   6.8184999813811475e-01	   4.4242119427248905e-01	   5.2600260433767310e-01	   7.2894874300243195e-01	   7.7309988170887323e-01	   2.1465688932369489e-01	   3.7420624641269373e-01	   6.7189256682854681e-01	   7.1202118917933654e-01	   4.0604487674775980e-01	   4.5530811481994177e-01	   4.8157663502336301e-01	   6.0694123996636495e-01	   4.6373485215650279e-01	   6.1953670876361822e-01	   6.1829751267457800e-01	   7.2123034028137711e-01	   7.1212640779167202e-01	   7.9749582130760621e-01	   3.4731484281401609e-01	   4.7358274214178198e-01	   6.9698127600856100e-02	  -5.4858410012251987e-02	   4.7446364656145190e-01	   6.0627728273789205e-01	   3.6097271103896333e-01	   5.1950919954441233e-01	   5.2327415181833525e-01	   4.2372467939264324e-01	   5.4532503611678462e-01	   5.7877502512538570e-01	   6.6839848094366583e-01	   6.3371668306869244e-01	   5.9241743873833219e-01	   5.4323505064806987e-01	   3.4149075398549322e-01	   4.8593872393276161e-01	   6.0986834741499374e-01	   5.7730101281015589e-01	   7.0241535058328308e-01	   7.0636177701810587e-01	   5.6851626552971757e-01	   6.6489280373206994e-01	   6.1249901567565090e-01	   7.6268205390928911e-01	   7.2316458254729654e-01	   8.6757664843742766e-01	   4.4626579523649879e-01	   6.5053330722386349e-01	   3.9843295693368119e-01	   6.4382466878959455e-01	   6.2563361483292335e-01	   7.0479290349562906e-01	   7.2247026446516249e-01	   8.0213570093268949e-01	   3.6290421322711280e-01	   4.3969903551248635e-01	   5.9111198024371658e-01	   6.4612370799606000e-01	   5.7034337348155661e-01	   4.7129115681525358e-01	   3.5877219840255403e-01	   4.3858663262384490e-01	   6.6083119358793652e-01	   6.5839257988245281e-01	   6.7684943092866789e-01	   6.5388966614954891e-01	   6.6551805505705186e-01	   7.6416422263261907e-01	   5.0928151232212060e-01	   5.7691430495824592e-01	   5.0278921251632469e-01	   2.9228349532827202e-01	   7.1561285765662641e-01	   7.5170644970866318e-01	   7.4731313232202323e-01	   6.1379153143942455e-01	   5.3469453597244543e-01	   4.5067040830130600e-01	   4.0073191819917386e-01	   4.2954998857232390e-01	   6.8760072307042119e-01	   5.9484920070978986e-01	   7.8691903470251401e-01	   7.5312726115309081e-01	   6.3006491315249347e-01	   6.2260598228330966e-01	   5.8045072721693747e-01	   5.7627597739801439e-01	   4.4342869700691412e-01	   2.8161347617881805e-01	   5.1444046381300124e-01	   5.5281891299555963e-01	   2.0915782329866944e-02	  -9.7364424398614396e-02	   6.4992878857359138e-01	   6.7493190126239389e-01	   6.7007753380987878e-01	   5.9339684934997916e-01	   4.3815673156197410e-01	   2.5012397914237289e-01	
   4.6091625189485430e-01	   4.8166385179262183e-01	   3.1034953568164741e-01	   4.3406964194887659e-01	   8.8383289684686783e-01	   6.5049919705487391e-01	   4.7953958697223142e-01	   4.9771066115572704e-01	   0.0000000000000000e+00	   7.0212111354589224e-01	   5.9973570910825280e-02	   2.5933765195942587e-01	   1.3584242561104420e-01	   1.6566361542440183e-01	   4.1413851350490005e-01	   5.0169375218463563e-01	   1.9956790974721622e-01	   1.7030624691506741e-01	   3.9993174881763949e-01	   4.3638275118615344e-01	   1.3741624834401545e-01	   2.3211460649801324e-01	   2.8065963852791004e-01	   2.6799447454980552e-01	   2.4988843482226325e-01	   1.8974564050618017e-01	   3.7896868152712715e-01	   3.3682497468300354e-01	   2.4649208043437001e-01	   3.1908051725108544e-01	   2.3774288343008185e-01	   2.6649465211819806e-01	   2.9555553897404102e-01	   3.4000908120170170e-01	   5.0594050301043234e-02	   1.0425159884300503e-01	   8.8256248368318968e-02	  -7.4048908999782059e-02	   3.1422382491080925e-01	   3.1301912264830273e-01	   1.5802318969405943e-01	   2.1435339828780664e-01	   9.8465151746413945e-02	   3.0945624562539090e-02	   1.8485467580288108e-02	   6.8236085329416205e-02	   2.3602139598616245e-01	   2.2002691071210354e-01	   1.6050779870004669e-01	   1.6758812742209803e-01	   5.2895410971258942e-03	   2.0912652636916873e-01	   3.4276586149268651e-01	   3.2159973892781646e-01	   4.3672001633777036e-01	   4.3712072536169588e-01	   3.8161768043288369e-01	   3.8019829093028146e-01	   2.3636928687956388e-01	   4.6516296052737816e-01	   2.7477451909676520e-01	   4.1439473466004073e-01	  -1.5865362980405345e-02	   1.5395939657611166e-01	   7.8002533719247855e-02	   2.3465895456157332e-01	   2.0035349807766883e-01	   2.3920529465087861e-01	   3.8957576844975456e-01	   3.8585864358101241e-01	   3.7844251576269333e-02	  -2.6249622505744368e-04	   1.2186131694479199e-01	   1.1496764557269798e-01	   1.6705630538049876e-01	  -8.3853991233271419e-02	   1.3345849613744329e-01	   1.6842893087746125e-01	   2.8996839169521277e-01	   1.4228555916300983e-01	   2.5603649617582358e-01	   1.8011487705004353e-01	   3.5604884988913721e-01	   4.1496623192157528e-01	   1.6360108678332314e-01	   1.9709952632236657e-01	   2.6038531638415241e-01	   3.9603924386015198e-02	   5.2615961990269156e-01	   5.1905826538495359e-01	   5.6147566897604828e-01	   4.8527643168922585e-01	   4.4771972499461987e-01	   4.9385513082671562e-01	   2.2622905674522763e-02	  -1.2258469439923524e-02	   3.5981714767179429e-01	   3.3819149990325309e-01	   5.0853409461127297e-01	   4.6544511956644091e-01	   4.5552843921119102e-01	   4.3842698026404758e-01	   3.6028258499392496e-01	   3.4883972893971887e-01	   2.6137110969547828e-01	   1.7420686032226346e-01	   4.4066337125670424e-01	   3.7580701468507027e-01	  -8.8657199541845810e-02	  -1.1376308602000106e-01	   3.3404427503276990e-01	   3.1913741536781703e-01	   4.9966568463090000e-01	   4.2592240188259978e-01	   1.5309313416222112e-01	  -1.0906440425903316e-02	
   5.6148666406192760e-01	   5.7193001033054713e-01	   4.7652792767910856e-01	   6.6833390175791307e-01	   8.1679012478352786e-01	   9.2889719204932908e-01	   5.9431369919993271e-01	   7.0835934132822986e-01	   7.0212111354589224e-01	   0.0000000000000000e+00	   4.1290281794496114e-01	   5.0560180057636250e-01	   4.2863345454562901e-01	   4.9951099182763525e-01	   6.8365040346875006e-01	   8.3718443965018530e-01	   3.8526066309051654e-01	   3.6314172964439906e-01	   5.4040214156817923e-01	   5.7624961567338506e-01	   3.3484141853397742e-01	   5.0992581756442967e-01	   5.1246062464563780e-01	   5.4688666172080136e-01	   4.1609120029872115e-01	   4.5154553918176049e-01	   6.8772134329719226e-01	   7.2949207214475598e-01	   3.8160299290304522e-01	   5.3264016871828146e-01	   4.5448689385964924e-01	   4.8562270735219043e-01	   4.1353422735021472e-01	   4.7524310033886324e-01	   1.4491352150456221e-01	   1.8254648297707982e-01	   3.0654816684621776e-03	  -1.5782272555026208e-01	   3.6546451004490510e-01	   4.5002820898653639e-01	   2.0726118784154773e-01	   2.9869484892200587e-01	   1.0713921750401133e-01	   8.2932528372550943e-03	   1.0241810111586622e-01	   1.4852174617924507e-01	   2.7622849629821855e-01	   2.2794231783583352e-01	   2.1445188208370985e-01	   1.7979712347842142e-01	  -2.5377960497071062e-03	   1.7384362924290497e-01	   3.4811077138739599e-01	   3.1521820868529982e-01	   5.7097981794096730e-01	   5.2885285435501417e-01	   4.7705781197683972e-01	   5.2739798814653427e-01	   3.7875653735719605e-01	   5.1691648441181715e-01	   4.6212411180470664e-01	   5.8382524923660784e-01	   2.4045829059990353e-01	   3.9260848887671851e-01	   1.7365326495460603e-01	   3.4001996541437457e-01	   3.1097910789598088e-01	   3.4026023895517299e-01	   5.1279313346274691e-01	   5.4990504026707443e-01	   1.6784487025566125e-01	   2.1896944609260444e-01	   2.5275586039065423e-01	   3.3003888487236011e-01	   2.5493099876963088e-01	   9.8533918420089933e-02	   1.4908021472973396e-01	   2.1255149560839720e-01	   5.6758113027651791e-01	   3.5438724343385664e-01	   5.6708038424309137e-01	   4.2849242848489544e-01	   6.0622129485775433e-01	   7.2510069477183181e-01	   3.8394188542468233e-01	   4.2190024073246035e-01	   4.8098177350814791e-01	   2.9789215937559427e-01	   6.9896125362155137e-01	   6.8152160000395245e-01	   6.8878998501331679e-01	   5.6795871386258268e-01	   5.9161686574199035e-01	   5.3724137487328194e-01	   2.8193350167196202e-01	   1.2989182673881808e-01	   5.2443862097133087e-01	   4.3846803282957658e-01	   5.8603631324969363e-01	   5.5866262621424656e-01	   5.5800507388270892e-01	   5.1780499585891604e-01	   4.5722178163478416e-01	   4.0432296833428744e-01	   3.0148482774835339e-01	   1.3808642729927126e-01	   4.2500708147158361e-01	   4.6283771072136842e-01	   6.6117081687380203e-02	  -6.5742785403630183e-02	   3.9462879365977077e-01	   3.9878254261767476e-01	   6.1097310143679506e-01	   4.6040481555740470e-01	   2.5564383396925999e-01	   1.1162991484404878e-02	
   7.1323107378966366e-01	   5.5314963892548352e-01	   4.8032302796522064e-01	   4.2556291335326729e-01	   2.2963710082919919e-01	   4.0277040602363579e-01	   5.9295248897121033e-01	   5.2284144695909995e-01	   5.9973570910825280e-02	   4.1290281794496114e-01	   0.0000000000000000e+00	   6.8183644728250459e-01	   6.8792966455882010e-01	   6.5448037643575918e-01	   5.4334408007463653e-01	   5.0934349023692471e-01	   6.2450917618872059e-01	   6.3820952999975189e-01	   7.7237967880108449e-01	   6.5888446438856496e-01	   3.1023348984318566e-01	   4.5883282500113043e-01	   4.5697293570306269e-01	   3.4223941211773440e-01	   2.5731056699715410e-01	   2.5117757241614169e-01	   3.9166584714896202e-01	   4.7118605362933358e-01	   6.7254078221621150e-01	   6.3886142436107207e-01	   4.4330062223870620e-01	   4.0811862606673099e-01	   6.6741848751124666e-01	   6.1901733086143773e-01	   2.1445846012098843e-01	   2.1782004927414533e-01	   1.7343818351599360e-01	   7.4910332212903996e-02	   3.6644698396202269e-01	   5.1999263880592839e-01	   6.0226566010315008e-01	   6.0822484305245594e-01	   5.0521860817033337e-01	   4.9689880703582373e-01	   5.4496728963769459e-01	   5.1314690567466170e-01	   5.9701141236958966e-01	   5.8836070458741141e-01	   6.7970554220485679e-01	   5.7784062434116246e-01	   4.2282919127230117e-01	   4.9468037632808576e-01	   5.0556642612036673e-01	   4.1754856118559158e-01	   6.6879347152386881e-01	   6.5137695494608827e-01	   6.3574965497315716e-01	   5.9511025971663023e-01	   6.6034809656191529e-01	   5.0314447978912535e-01	   6.5158085770125129e-01	   4.1811624839070571e-01	   7.8751276149388727e-01	   6.7855079307781963e-01	   2.2212774253898257e-01	   3.0663819141828103e-01	   5.1559269332780711e-01	   5.1511889099952923e-01	   6.1895819275650521e-01	   6.5117388269324916e-01	   3.0466625716230455e-01	   4.6577812970864452e-01	   6.1701347296029940e-01	   6.2582340754633226e-01	   5.0652589151473226e-01	   5.5752325483960385e-01	   4.8653104759037247e-01	   3.9043445806912680e-01	   5.5847429088641076e-01	   6.0352251587415606e-01	   7.3425320271931194e-01	   6.9802118553995784e-01	   6.9058107714923544e-01	   6.7373900137861398e-01	   5.9497265907416552e-01	   5.3324063613058059e-01	   5.3700597702596764e-01	   4.6046659933777878e-01	   5.3205130452949700e-01	   5.6925086475988296e-01	   4.2748357762945577e-01	   4.4577990008291224e-01	   1.3275154431571626e-01	   1.7560092428475049e-01	   5.0017633654107629e-01	   4.5840410136586135e-01	   6.6311994101125848e-01	   6.4496947749903977e-01	   5.9512070482586910e-01	   6.5820937998889417e-01	   1.6339746799749510e-01	   3.6056385165255900e-01	   2.8511743657547628e-01	   4.0783250327200349e-01	   3.3204347228765252e-01	   1.6387674871208679e-01	   2.0719214362712812e-01	   3.4017768445250574e-01	   4.7328143362424926e-02	   1.0000844336235698e-01	   5.8486045744403614e-01	   5.0311490087882982e-01	   4.3753141407712492e-01	   4.4005598205804075e-01	   3.6349459141269358e-01	   2.5434713005753118e-01	
   6.4935076398867764e-01	   7.2653292575791850e-01	   2.5620010423296358e-01	   4.7153998784267048e-01	   3.5606794754451399e-01	   4.9837107407000431e-01	   4.8133764281532720e-01	   6.5682546313760160e-01	   2.5933765195942587e-01	   5.0560180057636250e-01	   6.8183644728250459e-01	   0.0000000000000000e+00	   5.7653530523579444e-01	   8.9130039719122212e-01	   4.7253129658217818e-01	   6.1800509007708748e-01	   6.3151197647230084e-01	   7.1298500066445047e-01	   7.0471264862425975e-01	   8.1155355754070713e-01	   2.0840443813058634e-01	   4.2457182663696846e-01	   3.0695818321906887e-01	   3.3179404470339358e-01	   1.6210043770137855e-01	   2.0053940438328394e-01	   4.0318569474858879e-01	   4.8793067029147263e-01	   7.6380680031477510e-01	   8.1576045580925960e-01	   3.7985021277331765e-01	   4.0379029599967081e-01	   6.1601411120376537e-01	   6.3713123490804280e-01	   6.8778612865235872e-02	   1.2299445963429589e-01	   1.7898033691966814e-01	   9.9798619621368004e-02	   3.9592318576705671e-01	   5.8786808587414985e-01	   5.5843666460127239e-01	   5.9669936766850817e-01	   4.0769630880719332e-01	   4.2031357828963117e-01	   4.4363172254899708e-01	   4.7117545995831717e-01	   5.5913938860289825e-01	   5.7518675988579815e-01	   6.0183166698348478e-01	   5.8326162776324397e-01	   4.3250369134707151e-01	   5.6001053792179722e-01	   5.2708997788441758e-01	   4.6792194225459172e-01	   6.9802357462270348e-01	   7.4555578283055435e-01	   5.4660908155924159e-01	   6.1083363868463525e-01	   5.0849028751521108e-01	   5.7861521058862342e-01	   4.5835124497560742e-01	   4.2274373676240862e-01	   6.4098119480214888e-01	   7.8159367331122342e-01	   2.3380351171110623e-02	   2.5789525246265632e-01	   3.6340260809765368e-01	   4.6746247198396085e-01	   5.9399429119933345e-01	   6.8412737355212494e-01	   3.6760505640877805e-01	   4.9467927683097601e-01	   6.5299270260893394e-01	   7.8689420847729330e-01	   4.9847232169863276e-01	   6.0156643468842408e-01	   3.8202353940001377e-01	   4.2938003093378696e-01	   6.4111328131165757e-01	   6.1653320822298641e-01	   7.1126875201889073e-01	   7.2197150291896661e-01	   5.7496115842705997e-01	   7.6496988125394871e-01	   3.6894010176618697e-01	   5.2360202806551703e-01	   4.2682814909014954e-01	   4.3801496368985582e-01	   4.5757914696860436e-01	   5.5527625756288779e-01	   5.3477263495731164e-01	   4.2286906806692526e-01	   1.9709120998477944e-01	   1.2514054685771500e-01	   3.7672870308658629e-01	   3.7130514193294062e-01	   6.3075907180154500e-01	   6.7553816982290382e-01	   7.2975208690722770e-01	   6.5265423351666096e-01	   3.0132711992659350e-01	   2.4095806785987678e-01	   3.8006519782573273e-01	   3.2620500938742403e-01	   3.9189772218702495e-01	   2.2719823497029937e-01	   2.6215245807397747e-01	   2.8687072933621288e-01	  -2.1602627727124735e-02	   1.1789338088651152e-01	   5.5987651986016951e-01	   5.9728641250575798e-01	   4.7482537244468087e-01	   4.3276015097632525e-01	   3.5128182495769894e-01	   1.6279927234579084e-01	
   4.2638821736976273e-01	   3.1244342030981714e-01	   4.1998262241656498e-01	   3.7818477169884734e-01	   3.2094583331914295e-01	   4.0844403934759560e-01	   4.7509573340146433e-01	   4.4010217381123451e-01	   1.3584242561104420e-01	   4.2863345454562901e-01	   6.8792966455882010e-01	   5.7653530523579444e-01	   0.0000000000000000e+00	   7.1280471757692010e-01	   6.7920011689260207e-01	   6.3332284194539246e-01	   4.5140804601876516e-01	   4.2075884874754704e-01	   4.3205008808699613e-01	   4.0502370472236554e-01	   1.4877832544273425e-01	   2.8580306822880186e-01	   4.8839097745250537e-01	   4.1393361227271286e-01	   3.1921882234042409e-01	   3.2635328269172592e-01	   4.9925968925119774e-01	   5.2693661225350208e-01	   4.2465114586654873e-01	   4.2713965851778368e-01	   2.4884975553996136e-01	   2.6762463498625111e-01	   4.6430267253667479e-01	   4.3267513176045913e-01	   2.7087370842469172e-01	   2.3701857365469897e-01	   4.4132349944157254e-02	   7.9730686179216956e-02	   2.4229504217427883e-01	   4.1628264771894458e-01	   2.5859435767694916e-01	   3.5364954776021806e-01	   2.8372639213903850e-01	   2.3908282309274126e-01	   2.8889935354921797e-01	   2.6479501587903681e-01	   3.4650860158179281e-01	   3.4741641921254479e-01	   4.1549453558118304e-01	   3.5620462176051221e-01	   2.9471062499101763e-01	   3.1653945086131741e-01	   3.8310252314916599e-01	   3.4803754957795668e-01	   5.4168637058446167e-01	   4.9762607878602888e-01	   3.5042824908801973e-01	   2.7951462195263033e-01	   4.6997644327692378e-01	   3.2127797338019803e-01	   5.2993466848116111e-01	   3.6962226068170773e-01	   4.9975306678272324e-01	   4.1553149913246301e-01	   3.4161856171922161e-01	   2.9736026288920869e-01	   3.3968516966628015e-01	   3.1772518915264014e-01	   4.3894479460946467e-01	   4.7724996947803305e-01	   2.1351388740262242e-01	   4.1723553933637281e-01	   3.6201040690516173e-01	   4.7815000621097026e-01	   3.6841200855238637e-01	   4.8099538360785632e-01	   3.5910675039346018e-01	   2.8509193913316205e-01	   4.3067763640588624e-01	   4.6208589786567272e-01	   5.3380675802158661e-01	   5.5857315484468084e-01	   6.3277075304892827e-01	   5.7536274761699158e-01	   4.9343202990625179e-01	   4.8925464374840327e-01	   5.0805274820884794e-01	   5.1513147458736064e-01	   4.8195932284246634e-01	   4.7199613968467574e-01	   4.3270710206771301e-01	   4.4659763398410568e-01	   2.9217463991539716e-01	   2.7926075054124216e-01	   3.0868724778507195e-01	   2.6422240859600737e-01	   5.1054496794291826e-01	   4.8350348822489098e-01	   4.6672683940232995e-01	   4.9397894274899307e-01	   1.8416180078673652e-01	   3.1794392194725063e-01	   2.1431576152078030e-01	   3.3819640632104375e-01	   3.2434030261320429e-01	   1.5661756516008910e-01	   1.0031213221749261e-01	   2.1932942429884017e-01	   9.4518797496518037e-02	   5.2197090085819631e-02	   4.6978908395585450e-01	   4.2424462654688244e-01	   3.6591279454013992e-01	   2.6881174058704482e-01	   3.1088525777724019e-01	   3.7824823897678529e-02	
