   0.0000000000000000e+00	   8.7036548481773801e-01	   7.7477634976639176e-01	   7.5277615258672603e-01	   2.6056313527646635e-01	   4.9194387129753089e-02	   6.7217895929446203e-01	   5.8582676871925976e-01	   4.9874618497072552e-02	  -1.9342430823943036e-02	   7.2213884485812696e-01	   7.9620935014165339e-01	   7.0636640950053076e-01	   6.7841905285284243e-01	   6.7945286764503887e-01	   4.6354436219148465e-01	   6.3776531693866578e-01	   6.9885575673511791e-01	   7.8540394858275964e-01	   7.3872865348470951e-01	   3.6764912892806212e-01	   3.7041058888686457e-01	   7.3081471281066035e-01	   7.3470099177057813e-01	   4.8754368926972846e-01	   3.0151666627316664e-01	   2.4971885874670247e-01	   1.1122620693204358e-01	   6.4140042362819361e-01	   6.6141430128081091e-01	   7.4998897857755498e-01	   7.8757946776067767e-01	   8.3709263284676794e-01	   7.9893259039767628e-01	   4.9723412091279068e-01	   5.3158148785376058e-01	  -1.2740955963136819e-01	   4.9733080344053548e-02	   3.5601943319040780e-01	   2.9105201569515948e-01	   6.4816931715182002e-01	   4.2122653811149691e-01	   4.1604042230178517e-01	   3.1310402326265407e-01	   4.6382428716977520e-01	   4.3162191493280244e-01	   4.5323885573744016e-01	   4.9430194486158918e-01	   3.3970709509931668e-01	   3.2029526505183076e-01	   5.1546424045809647e-01	   3.9384226552099699e-01	   6.2910327443734138e-01	   3.7233925116240052e-01	   6.2970255370933548e-01	   6.0583911700063986e-01	   8.9676706849377597e-01	   8.9203538689984407e-01	   6.4921993967165137e-01	   4.4738684537577328e-01	   7.3817584463564012e-01	   6.8534086061190680e-01	   8.1031317586802565e-01	   8.0784345462302987e-01	   6.3987177320588895e-01	   6.5110879648600883e-01	   6.6864927809632801e-01	   5.8223015627051933e-01	   8.6144030967735408e-01	   7.8428466508613881e-01	   4.7787915729195229e-01	   2.8296711055050205e-01	   7.3453766161959755e-01	   7.2330570186653209e-01	   6.6550528400244413e-01	   6.0416461272473132e-01	   7.1376731884961897e-01	   6.5722054778388861e-01	   6.1759354585046489e-01	   6.3189633538454726e-01	   7.7333284826860516e-01	   7.8570703391588881e-01	   6.9991453576637752e-01	   7.4439740700367563e-01	   8.4226670682463822e-01	   8.2024361031587645e-01	   2.7195038646371894e-01	   5.4497085013959645e-01	   4.5592967337135126e-01	   6.4393438727740471e-01	   3.3028722391709531e-01	   2.2974014389634501e-01	   9.1226791810212898e-02	   1.9741641243483796e-01	   1.5375779207729987e-01	   1.8542876272472966e-01	   6.3738588345956904e-01	   5.6565681451469796e-01	   5.5103946523345182e-01	   6.1682623142549364e-01	   1.0537657153701555e-01	   3.2096546423681327e-01	   3.9067444230345849e-01	   3.3994520985492044e-01	   1.3341587929313942e-01	   9.1639116675779550e-02	   8.5367069180401753e-02	   3.1268814297073989e-02	  -3.5084891817209925e-02	   2.0273627021103838e-01	   6.6561508506520273e-01	   6.0386886377894078e-01	   4.3464287976748234e-01	   5.0728881570113260e-01	   4.4409740213446500e-02	  -3.3606950916869049e-01	
   8.7036548481773801e-01	   0.0000000000000000e+00	   7.0196810856934211e-01	   7.2876810680931892e-01	   2.2470701102209462e-01	  -1.0789376841512946e-01	   5.4555934495564540e-01	   5.4119994245108716e-01	   5.2279200548912544e-04	  -1.4879338478815951e-01	   7.0988357382499645e-01	   8.6158320087402251e-01	   6.5300637343170376e-01	   6.1569923087049572e-01	   6.8985544864433757e-01	   3.2664412055152153e-01	   6.6419334831989207e-01	   7.1405776803634269e-01	   7.0176539082211331e-01	   7.3554113333926696e-01	   2.4777719483607680e-01	   4.1523575447357863e-01	   7.0649587242960721e-01	   6.9993861522254663e-01	   4.1161650633512570e-01	   1.2227277994410757e-01	   1.4305673845667694e-01	  -5.9631408252692239e-02	   6.7870979295633482e-01	   6.6058043644615538e-01	   7.0617694877627424e-01	   7.4978432184188859e-01	   7.1533419605804582e-01	   7.1871560230604370e-01	   3.9200484784458950e-01	   4.4707833518162166e-01	  -2.7310421429234943e-01	  -6.6200961902611349e-02	   1.9798516349660827e-01	   1.9732963485130897e-01	   5.8459644561915480e-01	   4.0115651641448641e-01	   3.8733415691867468e-01	   2.7647538923141785e-01	   3.8744349752428747e-01	   3.6128518505042628e-01	   4.3148920615006958e-01	   4.7041080059495499e-01	   2.5531228316593835e-01	   2.0863104327830867e-01	   3.8603408942556122e-01	   2.7233150615080909e-01	   5.6604790867620469e-01	   3.1435139481781421e-01	   5.9317058528859035e-01	   5.8992977922215362e-01	   8.3042062690233920e-01	   9.0557171455163998e-01	   5.2595493512970126e-01	   3.0688485470047350e-01	   6.3632183605270931e-01	   6.9190326051452644e-01	   7.1021648968866069e-01	   8.2745844721878381e-01	   5.5394849643716593e-01	   5.5224774653937736e-01	   5.1704129538176979e-01	   4.2618965739585962e-01	   7.6996355348654522e-01	   8.1734167000387281e-01	   4.0720389373887117e-01	   2.7938323541683052e-01	   7.5804254445088692e-01	   7.3432024191631740e-01	   6.5696029316828775e-01	   7.6035213487177500e-01	   7.0584977827673800e-01	   6.6896942285374283e-01	   6.5845161644167238e-01	   6.9165488611398895e-01	   7.7258091486757152e-01	   8.2468311667334060e-01	   6.8403880063026823e-01	   7.5177492960694836e-01	   8.4155592924923028e-01	   8.1681430033759472e-01	   3.0704881966088160e-01	   5.7362836146863760e-01	   4.5435064562918398e-01	   6.1647785643556308e-01	   2.3559700522128899e-01	   1.0453046822443687e-01	   1.1624994571658612e-02	   7.1257361189872331e-02	   1.4151012661021206e-01	   2.3174012959973797e-01	   5.9743140731890931e-01	   5.9571205630941038e-01	   5.4662485897947111e-01	   5.7328716985376516e-01	   1.1286098273055434e-01	   2.2817672875843001e-01	   3.4003445616882078e-01	   1.7762596654847940e-01	  -5.6632553724263200e-02	  -1.0838780011696450e-01	  -4.6092476863610350e-02	  -6.8466368185389245e-02	  -1.3645143773610258e-01	   1.8363825990810684e-01	   6.4740878182279793e-01	   6.1047333474201770e-01	   4.7798502141515031e-01	   5.0241946838269147e-01	  -4.5657739846681013e-02	  -4.4884661109340318e-01	
   7.7477634976639176e-01	   7.0196810856934211e-01	   0.0000000000000000e+00	   8.7859832273155836e-01	   5.2019003840931233e-01	   1.9966039749730868e-01	   8.5579483343027196e-01	   6.4393021365914904e-01	   2.2031190125425898e-01	   1.0392000425888381e-01	   6.7722600692061929e-01	   6.7680356202019987e-01	   7.2829680765315263e-01	   6.0725240474486009e-01	   7.9290277887025129e-01	   5.2402756266630002e-01	   3.5859435451579458e-01	   5.9416339238325311e-01	   7.7684791877655557e-01	   7.4573439489403714e-01	   4.3202235765793362e-01	   2.3221402337551944e-01	   8.8692809765618097e-01	   8.8381308092151833e-01	   6.9340805113551562e-01	   4.7242002914383363e-01	   4.4208632056555275e-01	   2.3249664938079523e-01	   4.6492060243467564e-01	   5.5361946807353468e-01	   7.2003574818154825e-01	   7.3582120974769005e-01	   7.9537877521340616e-01	   7.6350716081092362e-01	   7.1861840642746033e-01	   6.7247399518964901e-01	  -1.1019738538988805e-01	  -1.7360138696203953e-02	   3.1611439456456703e-01	   1.7469450598600589e-01	   6.1214312052194075e-01	   3.3180781698382456e-01	   2.9351988721416084e-01	   1.4389931994073257e-01	   4.7414033602212335e-01	   4.4442568279837036e-01	   3.2259299639786582e-01	   3.8716827489804301e-01	   3.5538148457881130e-01	   3.9212448554464657e-01	   5.3468673350960372e-01	   4.3494241792626170e-01	   6.2443267145746428e-01	   5.2318546435416868e-01	   4.8472785007767599e-01	   4.2091860716140117e-01	   6.6877218944698491e-01	   7.5136521357197705e-01	   5.9120537973295906e-01	   4.7876030723938534e-01	   6.6707872847801353e-01	   6.4203561084424154e-01	   6.8217429959133280e-01	   7.2768754617851050e-01	   8.6828197562464593e-01	   7.6634629342208571e-01	   7.4747442647383366e-01	   6.6956747975695829e-01	   7.9664250115669544e-01	   7.5877232954945484e-01	   3.8082112095064158e-01	   2.9610255578259248e-01	   5.3271072357126148e-01	   5.0083956109868988e-01	   5.5636110306024045e-01	   4.1453186607898151e-01	   5.4818486305295844e-01	   4.9701276058598931e-01	   3.7882841372309745e-01	   4.8667312423721726e-01	   5.6593710300675704e-01	   6.7941987879587429e-01	   6.9356635011377377e-01	   7.3101488773099255e-01	   7.4465549992974145e-01	   7.8129342620460429e-01	   2.6124504765456924e-01	   5.2750495724311319e-01	   5.0267499717662467e-01	   7.3600610026129709e-01	   5.6197744373392911e-01	   5.5311437848175204e-01	   3.5146488204519560e-01	   5.2134231412526733e-01	   1.5140427496368719e-01	   1.8787561975752348e-01	   5.1474820487828410e-01	   4.3105051513711684e-01	   5.1594234367195679e-01	   6.2493810997576205e-01	   2.0887915518170330e-01	   4.9932973400798336e-01	   4.1158445984838787e-01	   4.3506002600372851e-01	   1.3938380590478899e-01	   1.4630005711622485e-01	   2.4519400868567864e-01	   2.5487102647615256e-01	   3.4871870537857189e-02	   1.3688428524297855e-01	   6.2233063600538063e-01	   6.2397515365938938e-01	   5.4883242272955002e-01	   6.0722672676925882e-01	   2.5632338678465971e-01	  -1.3354724602861223e-01	
   7.5277615258672603e-01	   7.2876810680931892e-01	   8.7859832273155836e-01	   0.0000000000000000e+00	   5.2832837866201565e-01	   3.5749991254554703e-01	   8.2337865674098198e-01	   7.9851239295811904e-01	   2.8145571312255369e-01	   2.6630614576968248e-01	   6.1485034408599737e-01	   7.0111698172979064e-01	   7.0481822950921136e-01	   6.8679151958327889e-01	   6.7510940576013678e-01	   5.7778468624896395e-01	   4.5788434392825972e-01	   6.5725838127689440e-01	   7.8261964823329855e-01	   8.0728422082930595e-01	   3.8674447601786444e-01	   9.9528167581615534e-02	   7.7344342264833976e-01	   8.2079619935216419e-01	   7.2518421241080477e-01	   5.4863248772115525e-01	   4.5354428939519476e-01	   2.8933742431319431e-01	   5.2853854968826353e-01	   6.2236041987522150e-01	   6.6908310318051678e-01	   6.9054494258762933e-01	   7.8574716686772139e-01	   7.9038599507356910e-01	   6.8263947060156027e-01	   6.7703935318271680e-01	  -1.3723405359197072e-01	  -3.5781499276620277e-02	   2.6697124897365943e-01	   1.9684133609010462e-01	   5.5857434568469999e-01	   3.4846377457680178e-01	   4.2183633176221436e-01	   2.7652670244747157e-01	   5.7249461299291127e-01	   5.5663088493081014e-01	   4.4049216186363382e-01	   4.9815789270379512e-01	   4.9907208718332707e-01	   5.2642298409016441e-01	   6.8859872618271312e-01	   5.9384460526609684e-01	   7.2527348227849808e-01	   6.4240029229543083e-01	   5.8723250403118987e-01	   5.4557765850709705e-01	   6.2557740956781793e-01	   7.3901398989520473e-01	   6.2629347982970385e-01	   5.7404780856313509e-01	   6.1741846312959225e-01	   6.8246153495722173e-01	   7.0253522184259443e-01	   7.2907935009323022e-01	   8.2605831542548103e-01	   7.9491997881910825e-01	   7.9753038807932952e-01	   7.3155279555281238e-01	   8.2729357575178142e-01	   7.4731369765563138e-01	   4.4965896645726533e-01	   3.6324319325669979e-01	   5.1623653502591127e-01	   4.6190371067847180e-01	   6.0354575513167552e-01	   3.7688227709249800e-01	   5.3695530663300139e-01	   5.1522297370700609e-01	   4.7633984700255949e-01	   5.9776468724272647e-01	   6.2650608098296034e-01	   6.8453004712596877e-01	   6.2594014392736996e-01	   7.0791734303533072e-01	   7.8454996944890931e-01	   7.6742752429101901e-01	   2.1931439025774124e-01	   4.3822406645895162e-01	   5.5480302865818532e-01	   7.5136881711314629e-01	   6.6398803885563984e-01	   5.3604244685001690e-01	   4.3310464674600735e-01	   4.4861685087003728e-01	   2.0798364516351578e-01	   3.1610740688511563e-01	   5.9869104361594550e-01	   5.3405601987994966e-01	   6.1946535049245766e-01	   6.9056673951501657e-01	   3.0168380437158498e-01	   4.6185100670140178e-01	   4.2354492996426168e-01	   3.7560046593524643e-01	   8.2421254747021638e-02	   5.9554939763156255e-02	   2.0076107504255353e-01	   2.7277779872111152e-01	   3.1934344201238279e-02	   1.9908314930634533e-01	   6.4285612436927742e-01	   7.1462136174514879e-01	   6.4508814440395335e-01	   5.8929315802297932e-01	   2.2966760847549589e-01	  -1.6418951874307208e-01	
   2.6056313527646635e-01	   2.2470701102209462e-01	   5.2019003840931233e-01	   5.2832837866201565e-01	   0.0000000000000000e+00	   6.1440252130713757e-01	   6.1954426478043156e-01	   5.2667175399359312e-01	   8.0344739883865690e-01	   5.4189381723347374e-01	   9.1587341448177081e-02	   1.8128108533778911e-01	   2.4363992303724655e-01	   2.8516623591761286e-01	   5.6331959082022742e-01	   5.1831356910967452e-01	   1.8291892016367897e-02	   2.0490552197128972e-01	   4.2783063463000753e-01	   4.4813294502595091e-01	   4.6863556500449410e-01	   4.6255152606809284e-02	   3.4130024513945817e-01	   3.6536992935371310e-01	   6.5265474305713700e-01	   6.0654183259280048e-01	   7.3263869298741457e-01	   5.9718470769386811e-01	   1.1325880928387304e-01	   3.0508075388886596e-01	   1.6615633053151779e-01	   1.3332000704939162e-01	   3.6408300741985200e-01	   3.3735344607619816e-01	   4.3908808514512854e-01	   4.6101929117504870e-01	  -8.6231330225079311e-02	  -2.9344915145479752e-02	   6.5634894962982970e-02	  -2.4376618271136869e-02	   2.3561874664700233e-01	   1.8504844492946054e-01	   1.9320137206049146e-01	   1.0214103994996562e-01	   3.4506470423633279e-01	   3.7776873690698159e-01	   2.2476227015197217e-01	   2.4434506519671761e-01	   4.2200958683498063e-01	   4.6853210787996835e-01	   5.3048106897450742e-01	   4.8019396220075500e-01	   5.1194438343747506e-01	   4.7302002142168376e-01	   1.3043261295915837e-01	   1.1328615078132376e-01	   9.3047689761681457e-02	   1.8813960270238483e-01	   4.6302946352738567e-01	   5.1670512648047084e-01	   2.1929080974237619e-01	   3.2229775729621135e-01	   2.4968731719929305e-01	   2.9168121266698088e-01	   4.6004524280343739e-01	   3.5239738955210814e-01	   5.4871683890131706e-01	   5.1374470432594799e-01	   3.0965649156470965e-01	   3.4287404900514606e-01	   6.8198230182350494e-02	   1.1601334743705616e-01	   5.6291976383944856e-02	   1.8653344642256348e-02	   3.8020410866144438e-01	   2.7657423791374425e-02	   2.3153862828470767e-01	   1.9189118360829582e-01	   1.7508915894739203e-03	   1.3577606893301822e-01	   2.1913189255159948e-01	   1.8266614402356796e-01	   1.6847085768596695e-01	   3.1123805686479156e-01	   3.3083479942025068e-01	   3.6486077816479656e-01	  -2.5539946682416559e-01	  -2.4802912017530106e-02	   3.2205349847972364e-01	   5.7576299992174285e-01	   4.6997851459761292e-01	   5.2376747296267323e-01	   3.9224261921908010e-01	   4.9409830996266901e-01	   5.4507238168121558e-02	   5.3532303481873475e-02	   1.9654021195040985e-01	   1.0918418753414932e-01	   3.1752140299953946e-01	   3.6853382984001154e-01	   1.8820819038295911e-01	   3.6933006529263041e-01	   1.5372230515579755e-01	   3.1237313872179362e-01	   4.0215900527419766e-02	   6.4510301378292792e-02	   1.1025890501875169e-01	   3.8587829459558115e-01	  -7.3127394606236573e-02	  -8.0480002325317823e-02	   2.8419453021020197e-01	   3.7623374237525553e-01	   4.6314170775126717e-01	   3.7025721858901756e-01	   3.1976681331575607e-01	   2.1731351965747417e-01	
   4.9194387129753089e-02	  -1.0789376841512946e-01	   1.9966039749730868e-01	   3.5749991254554703e-01	   6.1440252130713757e-01	   0.0000000000000000e+00	   3.5053206875292597e-01	   4.4785635025687465e-01	   5.9867191409056897e-01	   9.4860471322206152e-01	  -1.8411316882431644e-01	  -1.0747006779376096e-01	   6.8273227709010384e-02	   1.5783994121411671e-01	   8.7001061877366836e-02	   6.1079840380702033e-01	  -3.0444878830196653e-02	  -9.2323950171057899e-03	   1.7965313054230797e-01	   1.5940701188744488e-01	   1.8244112240843183e-01	  -4.3912954892487754e-01	  -4.5238984511780361e-03	   7.8459558950532637e-02	   6.4388953569290153e-01	   8.4387861588245960e-01	   6.8022948109868941e-01	   8.1740263914901468e-01	  -2.7503947723373293e-02	   2.5127166270144941e-01	  -4.9441622116922865e-02	  -9.1164757638896574e-02	   1.3474815481438318e-01	   1.2427236346592241e-01	   2.5407477237087500e-01	   2.6182009949630314e-01	  -6.5343609623488452e-02	  -1.2023908343025580e-01	  -9.9923780177495897e-02	  -9.3434915486936096e-02	  -1.1271354655195794e-01	   4.0005505113402680e-02	   3.1886566518620307e-01	   2.6317169610145630e-01	   4.5679209427643008e-01	   4.5251445477996449e-01	   3.0316371190654595e-01	   2.5242734122326549e-01	   5.7759497061679588e-01	   5.7106635989986554e-01	   5.4577102139395572e-01	   5.3220954247286867e-01	   3.7334006311881340e-01	   4.9026876399810815e-01	   7.9175377817867515e-02	   1.0793481139779007e-01	  -9.2254366081820249e-02	  -7.0238474895689823e-02	   2.0284118438330681e-01	   2.9065749083953163e-01	   2.0322427775560049e-03	   2.3383492762939238e-02	   6.4064725113534754e-02	  -4.7802923225289853e-02	   2.6167574585279130e-01	   2.2391654159636232e-01	   3.6979749092992931e-01	   3.8490261709625795e-01	   9.8114853299926100e-02	   2.4623641571633215e-02	   1.8504882159946619e-02	  -1.3791244742002659e-01	  -9.8149061462773524e-02	  -1.5526344515353863e-01	   2.3577635840800876e-01	  -3.5496615850664759e-01	   1.4789701673671631e-02	  -6.5629624910529913e-02	  -2.2276380867735857e-02	  -1.1603432379501294e-02	   6.6079381817328420e-02	  -6.7538912909873947e-02	  -1.4764037682615452e-01	  -7.8604823897749764e-03	   1.0835518259211875e-01	   5.9584975163074282e-02	  -3.5976709960195064e-01	  -2.7529761058568047e-01	   1.4162127699540000e-01	   2.1414119521105193e-01	   3.0758768015279714e-01	   3.2132403065346998e-01	   2.4028493843757684e-01	   2.3783038231827652e-01	   1.3418537079284368e-01	   1.0807146265703366e-01	   6.8740593219528717e-02	   4.1209239308253404e-02	   2.1760989541937922e-01	   1.5518950619737515e-01	  -3.5236988766654202e-02	   1.1483895259099161e-01	  -1.5285778540814399e-01	   3.4881216032755388e-02	  -1.0755190388236634e-01	  -5.4365324534629403e-02	   1.1834743778044091e-02	   2.2869461152805454e-01	   1.5023282195967734e-02	  -2.2187805145937416e-02	   5.5438084754511254e-03	   1.5829160235594253e-01	   2.6415970986596271e-01	   7.3523156866888581e-02	   2.4227692214986440e-01	   2.8003421381687038e-01	
   6.7217895929446203e-01	   5.4555934495564540e-01	   8.5579483343027196e-01	   8.2337865674098198e-01	   6.1954426478043156e-01	   3.5053206875292597e-01	   0.0000000000000000e+00	   8.1787537524419507e-01	   3.1481060693379131e-01	   2.6051970197821550e-01	   5.8349640628785271e-01	   6.2412578348339876e-01	   7.1479853041205810e-01	   6.8241021792145162e-01	   6.5913025582906970e-01	   5.3468783997872471e-01	   2.2017497491568738e-01	   4.8309294662440561e-01	   7.0690440506310881e-01	   6.7500009743298284e-01	   4.7197459020946386e-01	   1.6917296076663221e-01	   7.0876141799064507e-01	   6.8584504590866757e-01	   6.0871183235426995e-01	   5.0341673659922015e-01	   4.3114364634508329e-01	   2.7049036009813665e-01	   3.9775843328747590e-01	   5.0299437063550845e-01	   6.1680229697320577e-01	   5.9782306340315572e-01	   7.4584023401206601e-01	   7.5791743546990764e-01	   6.2161254757171236e-01	   6.2959604219497745e-01	  -1.3438232124696592e-01	  -9.3516708114726413e-02	   2.7251655593410495e-01	   1.1397737009004258e-01	   5.3597356709130439e-01	   2.4860320679504619e-01	   4.0939855306517831e-01	   2.9606569068363975e-01	   5.7737394784447582e-01	   5.8706112525900078e-01	   4.2357106776561826e-01	   4.6698853392827949e-01	   5.3642471543191550e-01	   6.0222403435153538e-01	   6.5849282305735635e-01	   5.9516673775423945e-01	   6.3981566300653725e-01	   5.9294138991502310e-01	   4.9175737312584961e-01	   4.1416919018822140e-01	   4.5092413824610206e-01	   5.1864770207437183e-01	   6.8991217733055787e-01	   6.2933092304266069e-01	   7.0727431534000718e-01	   6.6974058606361264e-01	   5.8672075751403585e-01	   5.8106440579706597e-01	   7.8935847372384460e-01	   6.9894769283997160e-01	   8.1437154150524405e-01	   7.3997748191824564e-01	   6.5234360817251846e-01	   5.3212893341175926e-01	   4.0737365649740093e-01	   3.2679877214308251e-01	   4.4941388517178671e-01	   3.7291338472094915e-01	   5.0552169108420153e-01	   2.4670839469552105e-01	   4.6078476083290620e-01	   4.4377588039726340e-01	   2.3258457224843260e-01	   3.4468227027435189e-01	   3.9114925750578616e-01	   4.7702288797107451e-01	   5.2540214503669891e-01	   5.3898799600901337e-01	   5.6201835317429438e-01	   6.4439323956297878e-01	   4.7492356389668602e-02	   2.4447754468891716e-01	   5.1371816165641415e-01	   6.8778027750548398e-01	   6.2355282967342551e-01	   5.9728043247937190e-01	   3.9694756864945957e-01	   5.5499840046396698e-01	   8.5421926476227511e-02	   1.1878179787067046e-01	   4.4263130006147972e-01	   3.0949624438279610e-01	   5.6419215105468523e-01	   6.3436537877147847e-01	   3.2064404881820585e-01	   5.1207119587998151e-01	   4.1456548661419063e-01	   4.8123268951704135e-01	   2.2482524067644608e-01	   2.2118312096614801e-01	   3.6736002268145879e-01	   4.1957748903652181e-01	   5.9663383203412766e-02	   4.2335064309365802e-02	   4.7306371250930562e-01	   6.1023061653340260e-01	   5.8422010555789439e-01	   5.5157529276713124e-01	   3.4392934621243437e-01	   1.2326439132747703e-02	
   5.8582676871925976e-01	   5.4119994245108716e-01	   6.4393021365914904e-01	   7.9851239295811904e-01	   5.2667175399359312e-01	   4.4785635025687465e-01	   8.1787537524419507e-01	   0.0000000000000000e+00	   4.0283905963749689e-01	   4.0841817660878099e-01	   4.2963308918969223e-01	   5.7030735348264572e-01	   5.2367778519394026e-01	   6.5251457138240543e-01	   5.4301917450611414e-01	   5.8959730386689224e-01	   3.1206576807596947e-01	   4.0844189779741119e-01	   5.9892468903823237e-01	   6.2183077521998498e-01	   4.2210532859303668e-01	   6.7559766375348745e-02	   5.0565343706290877e-01	   5.1339405712481223e-01	   5.1010583557315303e-01	   4.9499974796320745e-01	   4.5292741259761937e-01	   3.5596436089763395e-01	   4.1706421638666225e-01	   4.8279801088337398e-01	   4.7817928968832324e-01	   4.9241708321056454e-01	   6.6660111286499102e-01	   7.3981864449861257e-01	   5.0827383547386218e-01	   5.8471962463539040e-01	  -1.0742777387311436e-01	  -9.2761691459407131e-02	   2.6553596072720886e-01	   2.0596727081492944e-01	   4.8350668996112678e-01	   3.2485106663010332e-01	   4.5078251401663405e-01	   3.3857036130066137e-01	   5.4652723222781396e-01	   5.8676010014610025e-01	   4.9445638743486076e-01	   5.2671092118519514e-01	   5.1858616801624502e-01	   5.9076546609741720e-01	   6.1507710967076978e-01	   6.1384612926861148e-01	   6.7859644862801693e-01	   6.9733235004647942e-01	   5.1906208984128610e-01	   4.8604112824873547e-01	   4.0645225896600889e-01	   4.5303192355827271e-01	   6.4844354846529484e-01	   6.8849309312263385e-01	   6.5484176565386920e-01	   7.6934684520781649e-01	   5.0059963476674618e-01	   4.9880593832217246e-01	   6.1424700239101326e-01	   6.5196849570386717e-01	   7.4868900665549309e-01	   7.2614734000342285e-01	   5.8013984724791179e-01	   5.0112139590408011e-01	   4.1128119640842270e-01	   2.1741944123622542e-01	   3.9126644255587084e-01	   3.2221883411011620e-01	   5.0903535287587520e-01	   2.4977256963294894e-01	   4.9258604790539412e-01	   4.5837492064332608e-01	   3.1928531730667209e-01	   3.6994470299526511e-01	   4.2110702715194936e-01	   4.0387724795195912e-01	   4.8613432207518148e-01	   5.0386943019600283e-01	   5.5070352535892053e-01	   5.4906985253575868e-01	  -8.1717267235365560e-03	   1.6704922875843906e-01	   5.3393268294616014e-01	   6.5925624230250968e-01	   6.2469872168509277e-01	   4.4389251290953269e-01	   4.6550953112182680e-01	   3.7499118443985924e-01	   1.2755095740356942e-01	   2.4142485761844543e-01	   4.7149684937893444e-01	   3.5403291033871864e-01	   5.8913863963626156e-01	   5.7744616748826094e-01	   4.7424697511721653e-01	   4.1611229771187397e-01	   4.4114574206558399e-01	   3.7923045900947316e-01	   1.9202213420554817e-01	   1.2949352072820808e-01	   3.0863570672828333e-01	   3.9171789829933634e-01	   5.9338511801343745e-02	   3.0809302648741724e-02	   4.3040063407951462e-01	   5.9933338099759403e-01	   5.8733960724072665e-01	   5.4641082149759590e-01	   3.3262305202442782e-01	   4.9324786238409385e-02	
   4.9874618497072552e-02	   5.2279200548912544e-04	   2.2031190125425898e-01	   2.8145571312255369e-01	   8.0344739883865690e-01	   5.9867191409056897e-01	   3.1481060693379131e-01	   4.0283905963749689e-01	   0.0000000000000000e+00	   6.3729741234078663e-01	  -1.0549681750657496e-01	  -2.0145003092771525e-02	   4.0480919455522617e-02	   1.4656368546343210e-01	   3.6069109725118553e-01	   4.8940907494177421e-01	  -7.6715267974489408e-03	   4.8990090289005750e-02	   2.0350779127308630e-01	   2.4413183818447740e-01	   5.1357049734095539e-01	  -1.0324063949356996e-01	   3.3785782855861091e-02	   1.0102168212818619e-01	   4.3763991094561117e-01	   4.8008185362658906e-01	   6.4545008712811169e-01	   5.7679529068069002e-01	  -4.5279210841603204e-02	   1.7090247720974477e-01	  -8.8950342903659579e-02	  -1.3166077303464677e-01	   2.5996774722613747e-01	   2.2302742977412693e-01	   2.9274537689387209e-01	   3.4425064163214020e-01	   6.5982878256741664e-02	   6.4892269187295598e-02	   1.0150566012582610e-01	   5.6361057628769390e-02	   1.7002446694288539e-01	   2.5743380877707289e-01	   5.6487870137459206e-02	  -1.5329031647825335e-02	   2.1126496444525811e-01	   2.6880692070999646e-01	   8.1303519530783269e-02	   1.1424690997999173e-01	   2.8617939499835188e-01	   3.8285913717355247e-01	   3.7616345551181851e-01	   4.3820087041021710e-01	   3.9144149512413962e-01	   3.5697324952359016e-01	  -4.0155933886504180e-02	  -2.1099498242480717e-02	  -3.7006265298461464e-03	   1.7944828047456424e-02	   3.8957260218343814e-01	   5.4814952952111773e-01	   8.1240494687701698e-02	   2.3550836917026674e-01	   1.5827425821079105e-01	   1.7822722477639269e-01	   1.8560649380750380e-01	   1.8792890731268411e-01	   4.1579283060940075e-01	   4.3394465977334667e-01	   1.7124546785194067e-01	   2.0794153884299413e-01	  -8.3419982948552601e-02	  -1.9625186034021056e-02	  -1.6727219782274208e-01	  -1.5061397720547032e-01	   3.4364335922499001e-01	  -1.6711822387683711e-01	   1.6174127502648838e-01	   1.0216838190546580e-01	  -3.6143986048727490e-02	   2.4894510175559704e-02	   1.5643491199414311e-01	   8.2818502379937279e-04	   1.6323889849932140e-02	   1.3272653714504440e-01	   1.7688343719721897e-01	   1.6493189438570355e-01	  -4.6351142068426321e-01	  -1.6529411550892642e-01	   1.7962118626686085e-01	   4.2758525712121132e-01	   3.1865263756868101e-01	   4.1656393121541729e-01	   3.3001911543602952e-01	   4.1250580927505687e-01	  -4.9541386076459339e-02	  -7.1505992211955485e-02	   9.5855348998702752e-02	  -4.3360106809723638e-02	   1.2006352381615307e-01	   1.6348698796130248e-01	   2.0677476199562192e-01	   3.2538911022338174e-01	   1.3997066739467939e-01	   3.3929794543482261e-01	   1.3946379080706797e-01	   1.4936218774572968e-01	   6.9453642196415935e-02	   3.6383240183953341e-01	  -1.1881657377785998e-01	  -1.7540876554612417e-01	   2.2085620163018388e-01	   2.4656688147443190e-01	   3.2786954454440609e-01	   2.6608362748417302e-01	   2.8712547102372821e-01	   3.1441207211310368e-01	
  -1.9342430823943036e-02	  -1.4879338478815951e-01	   1.0392000425888381e-01	   2.6630614576968248e-01	   5.4189381723347374e-01	   9.4860471322206152e-01	   2.6051970197821550e-01	   4.0841817660878099e-01	   6.3729741234078663e-01	   0.0000000000000000e+00	  -2.3267714788186938e-01	  -1.6401251067945777e-01	  -1.8173332107486811e-03	   1.0022579716494509e-01	   5.1416238471819510e-02	   6.2760244961191602e-01	  -8.5876171186941533e-02	  -8.5231835461344524e-02	   6.2317239721903131e-02	   7.7203694722803640e-02	   1.2248106519739969e-01	  -4.9629348374745219e-01	  -1.1442838901501134e-01	  -2.5380593060669393e-02	   5.1303693491437130e-01	   7.2332518943402002e-01	   5.5622434505485285e-01	   7.2634577898128561e-01	  -1.1634178107801808e-01	   1.7645836187282260e-01	  -1.5607782819674343e-01	  -2.1352946258281885e-01	   5.8341309052921911e-02	   3.5375309076660616e-02	   1.7164100049117892e-01	   1.8412214501128749e-01	  -8.5404308481193653e-02	  -1.6794221105081084e-01	  -1.4657591801265474e-01	  -1.3785121120216787e-01	  -1.7787123250360992e-01	  -8.5171716842330561e-03	   2.6641700599775175e-01	   2.1619474953845971e-01	   3.9944584629721980e-01	   4.1414771727994748e-01	   2.5099736998129790e-01	   1.9906991955510545e-01	   5.5615683106853786e-01	   5.5583639633839810e-01	   5.0609054548514443e-01	   5.1746077902979160e-01	   3.4905243191762603e-01	   4.3631757915394132e-01	   1.6606155479824688e-02	   5.6802064639601281e-02	  -1.4494923045908475e-01	  -1.4137741370287249e-01	   1.9527101139814496e-01	   2.8608782130626409e-01	  -3.4080271086406974e-02	   3.6352966259181801e-02	  -7.8625048448702564e-03	  -1.1283302312622306e-01	   1.5791460124163736e-01	   1.5644979494167266e-01	   2.8857903338924329e-01	   3.0201002848776864e-01	   1.2476531778703491e-02	  -3.7381627491545687e-02	  -2.3086925557118609e-02	  -1.9030877090986406e-01	  -1.5642482686839845e-01	  -2.0100399239125105e-01	   1.8461175671449706e-01	  -3.9331023110813346e-01	  -4.4538787310895167e-02	  -1.1242864552840066e-01	  -8.3090950202221292e-02	  -7.3006657512829309e-02	   4.4624938950865532e-03	  -1.3276963206015252e-01	  -2.3846501166819367e-01	  -1.2894614437052090e-01	   3.3999351481739229e-02	  -1.0820138602350404e-02	  -4.6624501131553797e-01	  -3.5063992410318567e-01	   1.2568942922402704e-01	   1.6000070541832748e-01	   2.2532624347355573e-01	   2.3722790571979743e-01	   1.7129198326287570e-01	   2.0245095477609737e-01	   1.0824124110809183e-01	   7.2921743570558681e-02	   5.3228350095580945e-03	  -2.5607097962076716e-02	   1.4832383005293232e-01	   8.9285763295862713e-02	  -4.4932224751514475e-02	   9.9167227495004034e-02	  -1.6580889039756225e-01	   1.3536878209392599e-02	  -1.1461897917699936e-01	  -9.8291648701641310e-02	  -1.4750388327680860e-02	   1.9553607270702650e-01	   8.1805817277068489e-03	  -7.6160529094231946e-02	  -4.8919224895089201e-02	   1.1381807568848751e-01	   2.3999290247442473e-01	   5.5211526437439012e-02	   2.3180611745713242e-01	   2.9498283973336353e-01	
   7.2213884485812696e-01	   7.0988357382499645e-01	   6.7722600692061929e-01	   6.1485034408599737e-01	   9.1587341448177081e-02	  -1.8411316882431644e-01	   5.8349640628785271e-01	   4.2963308918969223e-01	  -1.0549681750657496e-01	  -2.3267714788186938e-01	   0.0000000000000000e+00	   8.5671424551793729e-01	   8.7380143949457856e-01	   7.9269567504848326e-01	   5.7600564412693878e-01	   3.0860817829055298e-01	   4.1367593913626299e-01	   7.1022958847098550e-01	   5.8445731905355014e-01	   6.0317758531066712e-01	   2.0352901696502468e-01	   2.5512240746377757e-01	   8.0040355247934514e-01	   7.7125298124943487e-01	   4.4707799911839047e-01	   1.9548744286365524e-01	  -1.4091205875731217e-02	  -1.7987020480547225e-01	   5.8036931953014470e-01	   6.2125587890824774e-01	   7.9484979008588641e-01	   7.7910301845731389e-01	   7.5243333942903212e-01	   7.6703894001185047e-01	   6.4430523234367376e-01	   6.5012137528459790e-01	  -1.9137666737057404e-01	  -7.9948098734080195e-02	   1.5777351866903028e-01	   6.6124949609189923e-02	   5.9030216654090994e-01	   2.8517295025236478e-01	   1.7306520904151446e-01	   7.7813808153291864e-02	   3.0259512572009978e-01	   3.1748220248319220e-01	   1.1609593071253035e-01	   2.3754561778338035e-01	   2.0366789599088345e-01	   2.6391978692967000e-01	   4.5527302906892508e-01	   4.2119907133549639e-01	   3.7503837702036014e-01	   1.4794863528554961e-01	   4.0058405072831993e-01	   3.4471000433713461e-01	   6.5887855821143249e-01	   7.5381937576905056e-01	   5.8870112143861286e-01	   4.2236740256168892e-01	   7.5617656942970002e-01	   5.7674254298794403e-01	   7.2134157447449831e-01	   7.5122172944503607e-01	   7.3235581836111985e-01	   6.7742440762854317e-01	   6.2284960410897672e-01	   5.8576811754898928e-01	   6.7263033035740394e-01	   7.2800465099284861e-01	   3.8915721963812711e-01	   2.7667813766614346e-01	   6.9672160433828823e-01	   6.3112175509545687e-01	   5.8923675134663778e-01	   5.9851761059109221e-01	   5.6183042975363773e-01	   6.0053225378090136e-01	   5.2191318230066608e-01	   6.6235085185299414e-01	   5.5583702118933698e-01	   7.4096933170166057e-01	   5.7222808113091761e-01	   6.2118611136974611e-01	   6.6025750822663698e-01	   7.6039457370269981e-01	   3.0528208356912417e-01	   4.1906951484787225e-01	   1.6913207960362570e-01	   4.3517613517745335e-01	   2.3399311580021032e-01	   2.3484865175498548e-01	   5.8689801723058488e-02	   1.9322627039631518e-01	   3.5821071931353241e-02	   1.3015674454329781e-01	   4.4128161039614122e-01	   4.5129276571591392e-01	   2.7364876469201893e-01	   3.9225057760503340e-01	   3.8104661649131955e-02	   1.5717674674341250e-01	   3.0616472335031453e-01	   2.0375777784661581e-01	   1.1196817680536283e-01	   1.0134366307798082e-01	   1.3200317974767253e-02	  -3.4860968640807274e-02	  -2.7691799939477058e-01	   1.2573007431240088e-01	   6.0246426450371016e-01	   4.6998483729223983e-01	   3.2239080999682551e-01	   3.0542533231695318e-01	  -1.0467006202610110e-01	  -3.9552219610152273e-01	
   7.9620935014165339e-01	   8.6158320087402251e-01	   6.7680356202019987e-01	   7.0111698172979064e-01	   1.8128108533778911e-01	  -1.0747006779376096e-01	   6.2412578348339876e-01	   5.7030735348264572e-01	  -2.0145003092771525e-02	  -1.6401251067945777e-01	   8.5671424551793729e-01	   0.0000000000000000e+00	   8.3209680964284516e-01	   8.4210766807886461e-01	   6.2841429817065975e-01	   3.8023307244188975e-01	   5.3005648388940929e-01	   7.1590483795280435e-01	   6.0305719936079316e-01	   6.3082109302372735e-01	   2.7922348685012682e-01	   3.2544992609265821e-01	   7.4650135090322522e-01	   7.2439074612929089e-01	   4.3654556414525425e-01	   1.8795649962093747e-01	   9.2895452704946008e-02	  -9.2276871800286597e-02	   6.6793694220705113e-01	   6.9631486518548480e-01	   7.8734924606970225e-01	   8.0776024120408796e-01	   7.7370521124843550e-01	   8.1034756758244675e-01	   5.1071217199060592e-01	   5.5813930471257400e-01	  -2.6366161302692515e-01	  -1.3284253731426707e-01	   1.6786405337446036e-01	   9.9841566773463897e-02	   6.2022990857680571e-01	   3.4263458812534314e-01	   2.7866615915955328e-01	   1.7508548517482025e-01	   3.5831878016967061e-01	   3.6444649633053122e-01	   2.6092469549488140e-01	   3.6069676860337058e-01	   2.7136452797093091e-01	   3.0745801564582997e-01	   4.6331011329322047e-01	   3.9666517251958860e-01	   4.8233860628231257e-01	   2.5660680936457553e-01	   4.6059029911295157e-01	   4.4385111336222466e-01	   7.4689952507105839e-01	   8.3441387764142605e-01	   5.8826303590775075e-01	   4.4618167676593923e-01	   7.3954021033906059e-01	   6.7082643098150618e-01	   7.7050797576537533e-01	   8.4233019392279396e-01	   6.5861526227427203e-01	   6.6424884505558557e-01	   5.8847679527462771e-01	   5.3941900604440041e-01	   7.1307531180997519e-01	   7.4296854968602744e-01	   3.9299007413718240e-01	   2.6003090953854913e-01	   7.1198253817935786e-01	   7.1528615255110217e-01	   6.6886045924067439e-01	   7.0028501621823303e-01	   6.6107644831338375e-01	   6.7188436691516440e-01	   5.4783231313580427e-01	   6.4834480341459555e-01	   6.7735053408297552e-01	   7.5539702195618585e-01	   6.3141731037655635e-01	   6.8728169235897130e-01	   7.3699834226204608e-01	   7.7546631447686765e-01	   2.0811928217758591e-01	   3.9480916512998271e-01	   2.5433952388485437e-01	   5.0533017930099844e-01	   2.2681211022519487e-01	   1.3911360767166456e-01	   1.8020592766866225e-02	   1.0033698731260488e-01	   3.3408760920599695e-03	   1.1962074161838035e-01	   4.6811799110232666e-01	   4.7217446072150393e-01	   3.9972311173858865e-01	   4.4091332015972939e-01	   1.2513251638559619e-01	   1.9288439646833749e-01	   3.4418896381168473e-01	   2.2128271337240610e-01	   1.2802331516880122e-01	   8.5676694618529031e-02	   8.2171720757779926e-02	   9.1838386107075901e-03	  -2.5442703147471962e-01	   8.2729812481075832e-02	   6.1357939364165115e-01	   5.2644700460060001e-01	   3.6909219312073110e-01	   3.9201930747341029e-01	  -2.4012594417135012e-02	  -3.5377360537341940e-01	
   7.0636640950053076e-01	   6.5300637343170376e-01	   7.2829680765315263e-01	   7.0481822950921136e-01	   2.4363992303724655e-01	   6.8273227709010384e-02	   7.1479853041205810e-01	   5.2367778519394026e-01	   4.0480919455522617e-02	  -1.8173332107486811e-03	   8.7380143949457856e-01	   8.3209680964284516e-01	   0.0000000000000000e+00	   8.7873549692586950e-01	   5.9404362272865718e-01	   4.3953823276556625e-01	   4.4627229445395056e-01	   7.3954632756461802e-01	   6.6588556648757835e-01	   6.5731775436658579e-01	   2.9758558563511506e-01	   1.5580412269039684e-01	   8.1084394535049986e-01	   7.8672557015795463e-01	   5.8386029151114127e-01	   3.9100592941806922e-01	   1.4419597795307598e-01	  -1.5809688936514032e-03	   6.1166411745193539e-01	   7.1497719247148805e-01	   7.8905280543750789e-01	   7.5618695594197161e-01	   7.8501885849049602e-01	   7.7840751824827015e-01	   6.0411786372844245e-01	   6.1799588739655009e-01	  -2.0529172734317763e-01	  -1.2483448961741188e-01	   1.2246590367721781e-01	   2.5081806849050651e-02	   5.5574295280119645e-01	   3.1129093238907196e-01	   3.0964967165485635e-01	   2.0607021973097356e-01	   4.8257925835181392e-01	   4.8571526313595142e-01	   2.3793644258221025e-01	   3.4033280100646823e-01	   4.1063645525022552e-01	   4.7522166924735110e-01	   5.8871003597357752e-01	   5.4110710266488793e-01	   4.8077735725665399e-01	   3.0156685425242696e-01	   4.1921777424340684e-01	   3.9215791307890924e-01	   6.3698698753157579e-01	   7.3061140892985210e-01	   6.0007010795104798e-01	   4.5520418153655112e-01	   6.9291581627041188e-01	   5.4290952362482758e-01	   7.5067084029592623e-01	   7.5125797104329650e-01	   7.7365705500466198e-01	   6.7755059259230943e-01	   6.9166020253987448e-01	   6.4525012188335773e-01	   6.9492359956894256e-01	   6.5147815545590471e-01	   3.4760180567874566e-01	   3.0892228201924754e-01	   6.7864988263129733e-01	   6.2324398517435953e-01	   6.4184660221271750e-01	   4.6530654476864086e-01	   5.3808873781828970e-01	   5.5041772211711337e-01	   5.0071983307247081e-01	   6.1559379376428525e-01	   5.8698578500977960e-01	   7.2627951008311309e-01	   5.2555319626490127e-01	   6.0847439374578305e-01	   6.8093561154179905e-01	   7.3770525870732806e-01	   1.7699583890435977e-01	   3.4290107695120681e-01	   1.7315218641870239e-01	   4.3283357170150777e-01	   3.2969644051340052e-01	   3.6172180545751026e-01	   5.7690423179232182e-02	   2.6044114158790621e-01	   5.6828433671945053e-02	   8.7795486933733985e-02	   4.2599715928601112e-01	   4.0865711437781360e-01	   3.7839110069963933e-01	   4.8132071477203253e-01	   2.0856938606384434e-02	   2.1655617611145761e-01	   2.8893130108616316e-01	   2.8304988813150883e-01	   1.1087645247500291e-01	   1.2785501179969141e-01	   1.4688592315389237e-01	   1.6277426059436606e-01	  -2.3089929945386178e-01	   9.6277106423667158e-02	   5.5275389111423812e-01	   5.1459146146410950e-01	   4.5084698123352418e-01	   3.3683785836479180e-01	   3.7666862793540666e-02	  -2.1736606398418618e-01	
