   0.0000000000000000e+00	   7.9300410773608154e-01	   6.3767694433577837e-01	   6.6409569880948349e-01	   5.1160830351464504e-01	   4.1743113945689519e-01	   5.9650316301279738e-01	   5.5531058767873831e-01	   4.0789147341628806e-01	   4.1264668075474070e-01	   5.9581284409416990e-01	   5.8390913328325067e-01	   5.0853993344939652e-01	   4.8545467728301750e-01	   6.9690732614466411e-01	   7.7601643402519571e-01	   5.4482081649255520e-01	   6.5037678663900822e-01	   7.5785141162958947e-01	   7.4624973632365388e-01	   5.1515212829147750e-01	   3.9453193992106284e-01	   6.2485823867205181e-01	   6.5185771475144372e-01	   4.5382413681849371e-01	   4.9650713428348608e-01	   2.9471955097054647e-01	   2.5427851849089156e-01	   4.5603592401217852e-01	   5.0119693105485474e-01	   4.7929411135551392e-01	   4.2606731473240045e-01	   5.5926299962959480e-01	   5.6805714890565306e-01	   3.8503511447358574e-01	   2.3687854166592598e-01	  -1.6921341574639335e-03	   2.0409817711580465e-02	   4.7881587183667640e-01	   5.0548414502280092e-01	   5.6273552988440700e-01	   4.9261419515249938e-01	   7.0495804533247930e-01	   6.3272913027654243e-01	   5.7604249953709652e-01	   6.3115922701087102e-01	   7.1818689279757986e-01	   7.2083254826958987e-01	   7.0303825452726754e-01	   6.1772843913594833e-01	   5.6905605552725835e-01	   5.3069465676762939e-01	   6.7975758436914213e-01	   6.1176890801239880e-01	   7.0722555929223896e-01	   7.5405573284904004e-01	   6.7853805448663218e-01	   6.9514565492396274e-01	   6.2271446923737828e-01	   5.8760766217323013e-01	   6.8284066053245618e-01	   5.0852938849996743e-01	   5.7099960634281022e-01	   6.0870471938359927e-01	   3.7526066835911143e-01	   2.3626081385817144e-01	   5.8168878834536475e-01	   5.5840782977630554e-01	   5.5209532339824152e-01	   5.2848063514418941e-01	   3.3995178172279289e-01	   3.9328509080507945e-01	   5.2593837005419575e-01	   5.3077642574661710e-01	   6.0852170924197535e-01	   6.6302778139135143e-01	   4.1094555602734539e-01	   2.4239411486449758e-01	   5.8439166968655565e-01	   5.9151375941233830e-01	   7.5842100022463077e-01	   7.2611832134523357e-01	   7.6499811648576432e-01	   8.0350022636690888e-01	   7.4978832171601206e-01	   6.2007084848724947e-01	   5.4579836865845910e-01	   5.5014614011098528e-01	   7.1983954258496374e-01	   6.9555409858338857e-01	   2.0944852415759474e-01	   4.5931379757696961e-01	   3.3476118786829268e-01	   3.5902527622296748e-01	   3.0191447978336746e-03	  -7.1175582871187068e-02	   6.2831050190258386e-01	   7.3617289419957532e-01	   7.5785890841800585e-01	   7.9964700619477114e-01	   2.1797744610934711e-01	   4.1342120699335827e-01	   4.2026869244244919e-01	   4.8068008448672306e-01	  -8.0807870382571242e-02	  -1.5814683561449341e-01	   6.6260940708276261e-02	   1.8337390174293877e-01	  -2.2685669170454753e-01	   2.2314519262629617e-01	   5.4045061912507875e-01	   5.4248695579025041e-01	   5.3936751464489441e-01	   4.0917923357276476e-01	   4.0801963820694997e-01	  -3.0211051328233524e-01	
   7.9300410773608154e-01	   0.0000000000000000e+00	   5.8145077288058689e-01	   7.0682138495456370e-01	   4.3050917684371909e-01	   3.6114053593033368e-01	   5.0526587136368373e-01	   5.0940979109409579e-01	   2.4857339733073555e-01	   3.3752109459486002e-01	   5.0150998208411557e-01	   5.6279682176365342e-01	   4.1446233581255509e-01	   3.5316548067384040e-01	   4.9980337340371855e-01	   6.5371893838428274e-01	   5.0900238814271070e-01	   6.4209889394886277e-01	   7.3473395094093719e-01	   7.8613851877953889e-01	   4.5899213886377327e-01	   4.1519572078156686e-01	   5.2604499263456006e-01	   6.0814214867748984e-01	   4.9242577922301767e-01	   5.0162689882363698e-01	   3.3072612689632669e-01	   2.6539416928349729e-01	   4.1554538513375383e-01	   4.9891069711074043e-01	   4.6937594693803275e-01	   3.7606368328976236e-01	   6.0968558565822117e-01	   6.1181698347115510e-01	   3.7012799408196950e-01	   2.1184069964997337e-01	   1.1440637094800690e-01	   1.1781673519339562e-01	   4.6362865015406374e-01	   5.1534229629348993e-01	   5.1858001044684332e-01	   5.4074895211527085e-01	   6.2512575071404608e-01	   5.3865455203599799e-01	   4.4452949956126298e-01	   4.7221686031112642e-01	   6.5470660149680837e-01	   6.3532057176012602e-01	   5.3985597694240361e-01	   4.2376119669951229e-01	   5.2195783035844223e-01	   4.1955166417459744e-01	   6.1141516014819874e-01	   4.4074913825466461e-01	   7.2514648177081087e-01	   7.3341610297753324e-01	   5.4883374135388308e-01	   8.6389310894948967e-01	   5.7097224233834731e-01	   6.3035406566880559e-01	   5.7300548869051626e-01	   3.9731669644930478e-01	   5.1955116972131965e-01	   5.2159163143486187e-01	   3.7314079521566651e-01	   2.7538076737284700e-01	   5.6364352697294129e-01	   5.3601728564603401e-01	   5.8274235873246449e-01	   5.2462556369849733e-01	   3.8306103559923166e-01	   3.2091090436813319e-01	   3.3292432204498201e-01	   5.3198908460811645e-01	   4.8466696424512540e-01	   5.9260350847043464e-01	   4.0388095115724959e-01	   4.0789807736000472e-01	   5.3363784927541069e-01	   6.2563173818885010e-01	   7.3227447159982761e-01	   7.4170073803122438e-01	   6.9325681196429811e-01	   7.8851590662797788e-01	   6.7922926958789798e-01	   7.0725091283011587e-01	   4.6179230074097122e-01	   5.9267433084295240e-01	   6.8428738074054696e-01	   7.1194823132400287e-01	   2.4407310192628962e-01	   4.0245408620012735e-01	   3.3189326924543439e-01	   3.1662905826022403e-01	   2.4486045663960648e-02	   9.6984309477285619e-04	   7.7896374294787285e-01	   6.8692669216999314e-01	   7.4515394528626344e-01	   6.9375061006307215e-01	   2.9173768286181029e-01	   4.1793506210551801e-01	   5.0513867891470854e-01	   5.0561506467829198e-01	   1.1897363146302894e-01	  -5.5496173728321295e-02	   1.6076147325405593e-01	   1.8093654706685716e-01	  -1.6653503566652988e-01	   3.2072759203129741e-01	   6.5878229024955970e-01	   5.3126643808435459e-01	   4.8594030894344842e-01	   4.9686917530707619e-01	   4.4769172623015918e-01	  -2.8643943425860707e-01	
   6.3767694433577837e-01	   5.8145077288058689e-01	   0.0000000000000000e+00	   7.5669261186894032e-01	   6.7570244420032755e-01	   4.5375770370589302e-01	   7.9700046137776837e-01	   6.0311440546409645e-01	   5.0115314345991768e-01	   3.6973371333273575e-01	   3.3912799482212252e-01	   3.5604478061189104e-01	   3.9973894194212672e-01	   2.7464944649303297e-01	   6.5148701612358995e-01	   6.2937834130774784e-01	   2.0047014887333295e-01	   3.1194345512014426e-01	   6.1328469838882804e-01	   5.6780903804804417e-01	   5.2042508313159053e-01	   4.9381498308610394e-01	   8.5209601493357212e-01	   7.9571875017689309e-01	   7.5038246282883980e-01	   7.2302639390441770e-01	   4.6041534432286590e-01	   4.0512266024129673e-01	   1.2060781379501803e-01	   1.5705316037522510e-01	   6.5627293098648121e-01	   6.0735577195196455e-01	   6.5785354630402160e-01	   6.4484044776179772e-01	   6.0090223892764694e-01	   4.1493558923932911e-01	   8.1546550081848967e-02	   1.3726331786759768e-01	   5.4138300416394647e-01	   5.3810825858676370e-01	   4.6415850032102779e-01	   5.7997394063105145e-01	   5.7463072731832665e-01	   4.9598839803686262e-01	   5.2795597757040769e-01	   5.2943159766819914e-01	   5.6394344394091289e-01	   6.1176901740503875e-01	   5.7078868173663644e-01	   4.6330248396819196e-01	   5.8594614772327269e-01	   4.9807213481824825e-01	   6.3310391751990525e-01	   5.9884985437814031e-01	   6.2450855359897006e-01	   6.5944257561532416e-01	   3.4010903680477789e-01	   4.3641939228359533e-01	   5.1586428629489656e-01	   4.3262210498922682e-01	   5.9023183148391301e-01	   2.3972789072951314e-01	   2.4326639283581541e-01	   2.5640522246051273e-01	   7.3692158697342225e-01	   4.2733004055721047e-01	   7.5440347229215465e-01	   6.2761480405848236e-01	   5.1360382798414794e-01	   4.6564434712530067e-01	   3.2981263523563831e-01	   4.1911510082340298e-01	   3.6520769298431127e-01	   3.6741063081353753e-01	   4.1892412332510170e-01	   4.6448217190023000e-01	   1.9438680973085903e-01	   1.5278963067447265e-01	   2.4805224705710924e-01	   3.5585048057067542e-01	   4.3524651150000315e-01	   5.1698800228719188e-01	   7.1555501859937110e-01	   6.3658428027007541e-01	   7.4776942434976723e-01	   6.2665641281559137e-01	   5.9258254588106196e-01	   5.9037666463326666e-01	   6.9916206885049381e-01	   6.3819710179492739e-01	   2.2713608489768450e-01	   5.0764566808840095e-01	   3.9066917164072046e-01	   5.4179960439752339e-01	   7.7808888115027161e-02	   7.3457519401719212e-02	   5.8427599996544866e-01	   6.4789015785768544e-01	   5.9134317990965579e-01	   6.8406216678239284e-01	   2.8223582574868367e-01	   4.9166211834810419e-01	   4.4162485926056316e-01	   4.4228266696210539e-01	   4.2193104185932855e-02	  -8.7701889049370055e-03	   1.8123001147506743e-01	   2.4697985508899944e-01	  -8.5017789033480402e-03	   1.7851528618974782e-01	   5.7634963369718206e-01	   4.6511534938604071e-01	   4.6859660030755740e-01	   3.8425485862124298e-01	   4.1970822320814455e-01	  -2.7691907783009995e-01	
   6.6409569880948349e-01	   7.0682138495456370e-01	   7.5669261186894032e-01	   0.0000000000000000e+00	   5.9840357449131520e-01	   6.1573137435311831e-01	   7.7354059861676394e-01	   8.3762788995566850e-01	   5.5378044938880988e-01	   5.9120349178182030e-01	   4.1184425762578125e-01	   6.1173775624060700e-01	   5.2035855870834968e-01	   3.9438160262359251e-01	   6.3628655433487413e-01	   7.1990248100111887e-01	   1.2246423205324461e-01	   2.6224275711089551e-01	   5.9287708755840485e-01	   6.7299454361121047e-01	   4.0967549364813682e-01	   4.4755911521512481e-01	   6.8705986025652854e-01	   8.8356339190625710e-01	   6.2947922745965323e-01	   7.3107539611047112e-01	   3.6378676688357037e-01	   3.3569326855417625e-01	   4.7583834222977350e-02	   1.7139495158930412e-01	   4.8156636386161911e-01	   5.1129072122723362e-01	   5.7392962274293913e-01	   6.6977639270742784e-01	   5.3941701757057525e-01	   5.7133584368956081e-01	   1.2525903551148196e-01	   1.7329040940122864e-01	   5.1950828636997926e-01	   6.1242485214588038e-01	   4.6661977284377865e-01	   5.6042033809156311e-01	   6.6837645183212113e-01	   6.1886366720521790e-01	   5.2080824887706045e-01	   6.0869629216207843e-01	   7.1374948088045098e-01	   6.9240846472752149e-01	   6.5925889854406361e-01	   5.7405579095318160e-01	   7.4100875271341593e-01	   6.9787575122831935e-01	   7.2181603042747278e-01	   6.0940541247800151e-01	   7.4422556319249888e-01	   7.3951071645039845e-01	   3.1277402377395447e-01	   4.9382809173319081e-01	   6.2969621441461288e-01	   6.5076934880435022e-01	   6.3911332056156622e-01	   4.8875727303429017e-01	   2.4361014303246875e-01	   3.4948609563731547e-01	   5.7534817251752091e-01	   6.7171730097261761e-01	   7.8660730455220551e-01	   7.9935709329735194e-01	   6.2789989902932408e-01	   5.9640247950866854e-01	   4.0610965161200541e-01	   4.1954548431295935e-01	   3.4695732632287735e-01	   4.5868713264356648e-01	   4.3648010259643055e-01	   5.1829946900683521e-01	   3.4516505642604511e-01	   2.8928131651904287e-01	   2.1906371176506970e-01	   2.8131569164906028e-01	   5.4019943388703673e-01	   6.6568349762852597e-01	   6.2696940549815028e-01	   7.4170868595467554e-01	   7.9256969969935276e-01	   8.6301983680488270e-01	   5.1738074195614425e-01	   5.9690011568093870e-01	   6.9306055429553048e-01	   7.1290587434292196e-01	   3.6974928049416428e-01	   5.6015451778258507e-01	   5.6417492209904330e-01	   5.1696811659954411e-01	   2.2176954467516263e-01	   2.1299109893172952e-01	   6.9598042652921299e-01	   7.2413384095863076e-01	   7.2749955072879247e-01	   7.3201951984960334e-01	   5.6825103808940547e-01	   6.4612559762833555e-01	   6.4836416711643730e-01	   5.9650625383961664e-01	   1.9222428603011033e-01	   1.3905282408430848e-02	   3.6281196560699452e-01	   3.8976560047688352e-01	   6.0049773309700356e-02	   3.3523934207058803e-01	   6.1741082792860724e-01	   5.4353562692857915e-01	   5.5369984104492431e-01	   4.3440897586487159e-01	   4.1685946727803924e-01	  -3.1853699783233363e-01	
   5.1160830351464504e-01	   4.3050917684371909e-01	   6.7570244420032755e-01	   5.9840357449131520e-01	   0.0000000000000000e+00	   7.5666111838148054e-01	   6.8756274919454163e-01	   4.5627253296154002e-01	   8.3207765781243537e-01	   7.0797023555758598e-01	   1.1242164362078091e-01	   1.1624329447828168e-01	   2.4738817484998168e-01	   1.0577458981221079e-01	   7.7753457872938903e-01	   6.5783672080595024e-01	  -4.0751837629720553e-02	   8.0371803836885788e-02	   4.3966782443960889e-01	   5.3945962062805652e-01	   5.1720718335008065e-01	   5.4505671378988563e-01	   5.7472012507638237e-01	   6.0592436228982915e-01	   7.2976494854462104e-01	   7.6165015720244900e-01	   6.0590807495937804e-01	   5.6931647208471814e-01	  -1.9662872106608692e-01	  -8.5771752090589876e-02	   2.0170411415746259e-01	   1.5880802251115839e-01	   1.8261508451944877e-01	   2.6902348643208046e-01	   4.6879676420496919e-01	   4.5975580022266371e-01	   1.3433159484983478e-01	   1.8972337848028475e-01	   5.0141948407546399e-01	   4.3180930704249343e-01	   4.2109289605430289e-01	   3.5169154123620561e-01	   4.7024149829434708e-01	   4.0246307850203056e-01	   4.1221023507511889e-01	   4.1584792522424763e-01	   5.9221011879622298e-01	   5.4946018918762363e-01	   4.6475975451724716e-01	   3.7667009545603863e-01	   5.4298941706543924e-01	   4.6423866468174113e-01	   6.9508612396595781e-01	   6.4901218086345647e-01	   5.9878830616399026e-01	   5.5809323108832332e-01	   1.4582505276525629e-01	   2.4247671123510595e-01	   4.5822481701716411e-01	   4.5291859143163593e-01	   4.3547544411594113e-01	   2.8383597874565641e-01	  -1.3339935719854079e-01	   1.9691246710169065e-02	   6.1666066919696916e-01	   5.3136354109699746e-01	   6.2402279573952091e-01	   5.6663757433209239e-01	   6.3847300789102857e-01	   6.6737777551151434e-01	   4.6461478490474178e-01	   6.2875434188845281e-01	   2.3218991497827574e-01	   1.5793341999000288e-01	   3.4422306425240279e-01	   3.8298227074123270e-01	   2.1533047337566730e-01	   1.1058940565509665e-01	  -7.2647762698363379e-03	   1.5760737990383686e-01	   2.6324101029615887e-01	   4.2005584006037444e-01	   5.4471882440745689e-01	   5.5323736170816207e-01	   6.7177615211142061e-01	   5.4402332382746033e-01	   5.1316728407934187e-01	   4.7361813417966236e-01	   7.2306113451715137e-01	   6.0866097542412323e-01	   4.9314987891310375e-01	   6.7460833747515769e-01	   5.9468550914088747e-01	   7.3821079952628765e-01	   1.6080584978804735e-01	   1.5478550761851562e-01	   4.5967341661697397e-01	   5.2487045503590757e-01	   5.8678265452240430e-01	   6.2769932749870894e-01	   5.3273766033908687e-01	   7.1997934190505219e-01	   5.4117007103263770e-01	   5.5063520686923240e-01	   2.7958924783448164e-01	   3.0100917105048353e-01	   4.2113327644400633e-01	   5.3034759130504605e-01	   1.4370029524848521e-01	   3.1395794967076179e-01	   4.9897891673466510e-01	   4.8582417525433930e-01	   5.9703578473629992e-01	   3.6683718926219605e-01	   4.3929197660671288e-01	  -2.1896984736021660e-01	
   4.1743113945689519e-01	   3.6114053593033368e-01	   4.5375770370589302e-01	   6.1573137435311831e-01	   7.5666111838148054e-01	   0.0000000000000000e+00	   4.6752961393119769e-01	   4.2025126791290768e-01	   6.5954953459608068e-01	   6.4322384099950969e-01	   6.9981074957736061e-02	   2.0721973701992863e-01	   1.2903865456931493e-01	   3.4711017283745864e-02	   6.5011168799671726e-01	   6.4665329903735147e-01	  -2.2730857826515552e-01	  -1.1774279254942079e-01	   2.3467216529784513e-01	   3.7740708077416874e-01	   4.9265920904689831e-01	   6.4152852542796779e-01	   4.4112301211025462e-01	   6.4599549433427161e-01	   5.6928574618988170e-01	   7.0483487667059830e-01	   7.2241016159681193e-01	   7.6800456351951640e-01	  -3.0277625960996962e-01	  -2.3972778706924602e-01	   6.9854541242792972e-02	   7.6232675542704798e-02	   5.0494692374825130e-02	   1.2296888826261169e-01	   4.5245107632250298e-01	   5.3200853533211057e-01	   1.6738608142313027e-01	   2.4373308593588755e-01	   6.1675991855424772e-01	   5.6287196946058349e-01	   5.2020451959971170e-01	   3.5102866471103411e-01	   3.1208987406744915e-01	   2.9447985397769194e-01	   2.6512998107029251e-01	   3.4197191580440889e-01	   4.6261534909799457e-01	   4.4401802043643496e-01	   3.1582940957949657e-01	   2.8124208754044111e-01	   4.1148450652365232e-01	   4.1605669489031993e-01	   5.9927042825084353e-01	   5.7031764865662204e-01	   6.0599766894495055e-01	   5.7838953059261400e-01	   1.0489332171186233e-01	   1.6819785666572551e-01	   3.1632811260855820e-01	   3.6623715479998686e-01	   1.9860925980422656e-01	   2.5718810231911132e-01	  -2.4731920039186409e-01	  -1.1329675054570471e-01	   5.2152650023975833e-01	   6.3036264466205072e-01	   4.8107051559813307e-01	   5.4109948109825579e-01	   5.0193409401559219e-01	   6.0337334140061460e-01	   3.9557552098409937e-01	   4.7294035974026766e-01	   6.9215123826505548e-02	   1.0967136424297849e-01	   1.9556295104936328e-01	   3.2770068312634071e-01	   8.8693765887922923e-02	   5.9935296524065249e-02	  -1.2856832525800471e-01	  -1.0729732293691938e-01	   1.0334594646944997e-01	   2.7512322588960098e-01	   4.8302553135200077e-01	   4.9617162131148795e-01	   5.8211881739551807e-01	   6.4163290905099790e-01	   5.0493926955144064e-01	   5.7229532237731162e-01	   7.1434520999710394e-01	   6.6696557143909874e-01	   3.5319938514727467e-01	   4.9207286704836573e-01	   5.3254008976113909e-01	   5.6842772278296416e-01	   2.4175820157777680e-01	   2.3300808078836444e-01	   3.3272507795825934e-01	   4.3435841064697656e-01	   3.8513990392202913e-01	   4.5234600823724347e-01	   4.9452515484091863e-01	   5.6150067531776193e-01	   3.5666719291195847e-01	   3.4278579710239965e-01	   1.7597331562297294e-01	   2.2328451926643361e-01	   3.0048525539219673e-01	   4.3041320388259696e-01	   2.3217105528917836e-01	   4.5816556887124682e-01	   3.3812022158920174e-01	   2.7738112630752226e-01	   4.0139805134385881e-01	   2.6129233896557597e-01	   2.9128159326618835e-01	  -3.1300808666298419e-01	
   5.9650316301279738e-01	   5.0526587136368373e-01	   7.9700046137776837e-01	   7.7354059861676394e-01	   6.8756274919454163e-01	   4.6752961393119769e-01	   0.0000000000000000e+00	   8.4595055637761107e-01	   6.8406351084398120e-01	   6.9959253797241572e-01	   5.5417546412628405e-01	   5.1805373416544842e-01	   7.2832422429728472e-01	   5.7927709128227223e-01	   7.4368840817463799e-01	   6.8874703825529393e-01	   1.4118692858820432e-02	   2.1645329948528247e-01	   6.3851161479894492e-01	   6.3478473041965533e-01	   3.8461047618914534e-01	   3.1974978213169070e-01	   6.8665784941513919e-01	   6.9178101426480643e-01	   5.8803181896954548e-01	   6.8864260731449334e-01	   1.7812197381934994e-01	   1.3125547253978276e-01	   1.3328129561320387e-01	   2.5007825315549398e-01	   5.6951190148350406e-01	   5.1160435564890594e-01	   6.1722569179070552e-01	   7.0737682453021367e-01	   3.7423739840417491e-01	   3.8210952684505406e-01	   9.1619559035871739e-02	   7.5222171042964220e-02	   2.7038349024306874e-01	   2.9922861942367573e-01	   3.3443909179644038e-01	   4.0970085883761137e-01	   6.7941157563388688e-01	   6.2248052398287967e-01	   5.6857643784716172e-01	   6.1675489562675223e-01	   6.7716006743174662e-01	   6.4357180940773517e-01	   6.8963744905963531e-01	   6.4483612899628673e-01	   7.8060477523773319e-01	   7.0550919120748690e-01	   6.5204254900763436e-01	   6.1492165686667488e-01	   4.9373981068176925e-01	   4.9922299071775200e-01	   1.1727426263468510e-01	   2.9080916641297144e-01	   4.9571039162091118e-01	   5.1229088608812989e-01	   7.1973241860358828e-01	   5.3625176801020125e-01	   2.0143565767373461e-01	   3.2000307338525719e-01	   5.0748469965286636e-01	   5.6305891379378359e-01	   7.5300265801394151e-01	   7.1790315449852971e-01	   5.2398920283453321e-01	   4.5345930343418495e-01	   4.7611485393159891e-01	   4.7175312343203812e-01	   5.3784305391531306e-01	   4.7398773216800877e-01	   6.0244859437225595e-01	   5.9166717839330041e-01	   2.7225387234248011e-01	   1.3816923388562816e-01	   1.3203399320013604e-01	   3.1857302919729830e-01	   4.4143865799195597e-01	   5.1090043409773855e-01	   5.0805166615646202e-01	   5.3636392731314797e-01	   6.7581970990367346e-01	   5.2267484629928407e-01	   2.9387994262693096e-01	   2.5314584656686179e-01	   5.0027683599602379e-01	   4.7228821610058797e-01	   3.9642166666404161e-01	   6.4835461279863138e-01	   4.4546360846101041e-01	   4.9297782855913974e-01	  -9.7147881125256644e-03	  -1.2068939597200783e-02	   5.3550124950156208e-01	   5.0417664512388694e-01	   6.7708274222302900e-01	   6.9318142508529346e-01	   4.2096810092859777e-01	   6.3626613497189977e-01	   6.3861211876955160e-01	   6.3350077709684138e-01	   1.6290429196534398e-01	  -1.0998540691674894e-02	   2.2845900084661477e-01	   2.4816716409458292e-01	  -9.0683071161446346e-02	   3.3793793303106860e-03	   5.4518895231327724e-01	   6.2355742716586926e-01	   6.2686673494231560e-01	   2.8960810608119603e-01	   2.4908716665115574e-01	  -2.0878728931637880e-01	
   5.5531058767873831e-01	   5.0940979109409579e-01	   6.0311440546409645e-01	   8.3762788995566850e-01	   4.5627253296154002e-01	   4.2025126791290768e-01	   8.4595055637761107e-01	   0.0000000000000000e+00	   5.6268675896997622e-01	   7.0827681690761657e-01	   5.4942954358750318e-01	   6.8937592357849065e-01	   7.3022865304633122e-01	   6.8607267932810689e-01	   5.3343968080152993e-01	   6.4222713860692837e-01	   7.0954422135501502e-02	   2.5379552442368564e-01	   5.9513657079167270e-01	   6.2329226556647088e-01	   2.2328936442646535e-01	   2.4169041659450444e-01	   5.8404717289779040e-01	   7.2895904284989799e-01	   4.0783613334775221e-01	   5.7686006792284406e-01	  -1.1506928506615647e-02	  -1.7036648931111800e-02	   1.8301864725927325e-01	   3.5458068957620364e-01	   5.5538720979364897e-01	   5.4999778325816640e-01	   6.1731773579280613e-01	   7.5804632888121781e-01	   2.5962592185238703e-01	   3.5725680196965548e-01	   9.4971376096540942e-04	   2.0115649654900650e-02	   1.5125780705295797e-01	   2.5196069399769283e-01	   2.1868981125510104e-01	   3.3909416399783632e-01	   6.6667208297800096e-01	   6.3312889680514450e-01	   5.2333296907218130e-01	   6.1634302914553152e-01	   6.5346244201132886e-01	   6.1180369524286138e-01	   6.9770550251065766e-01	   6.6373765773992233e-01	   7.6778318290176872e-01	   7.4228424457921549e-01	   6.2384081486548981e-01	   5.5864890787274735e-01	   4.5043685870485528e-01	   4.4458205290512953e-01	   1.6075216193695102e-01	   3.1306022501842556e-01	   4.9936410844508422e-01	   5.4955902719415506e-01	   7.0515486348091649e-01	   6.7857219924772916e-01	   3.1253037968376729e-01	   4.2603117359640752e-01	   3.2640099469061307e-01	   6.0051827957043458e-01	   6.8384906671903711e-01	   7.2199303889918631e-01	   4.2980346026135696e-01	   3.7045772614463535e-01	   4.1423117525495223e-01	   3.6754640307396286e-01	   4.6694571345070690e-01	   5.8676595638307827e-01	   5.9152872362816900e-01	   6.0032219257172437e-01	   3.2965215319891816e-01	   1.9915605802440661e-01	   1.9483557638664961e-01	   3.1746836597521644e-01	   5.0833976685269255e-01	   5.3626816376821562e-01	   3.9119533647592097e-01	   4.9998675679594634e-01	   5.8528365518040648e-01	   5.5631158530147740e-01	   1.9219260080501441e-01	   1.9076884934186281e-01	   3.6888471541596290e-01	   4.1649405585459109e-01	   3.4317292846452546e-01	   5.3859897279011426e-01	   4.3630529324005274e-01	   3.3542660760153109e-01	   8.4964794118603748e-02	   7.3103606403196242e-02	   4.8151782945968880e-01	   4.6914111716380325e-01	   6.5704400175944411e-01	   6.6481571576798437e-01	   4.9088105372369090e-01	   5.8353467963551076e-01	   6.3459154152125929e-01	   6.1201557460194345e-01	   1.3486066599097196e-01	  -9.2313195950925048e-02	   2.4557892145803895e-01	   2.5242921696829940e-01	   8.1048738462541022e-05	   6.5311478496614367e-02	   4.5652426025973281e-01	   5.5536350989674765e-01	   5.5104330925941736e-01	   2.6529089417408713e-01	   1.9328959873367868e-01	  -2.2869321819818980e-01	
   4.0789147341628806e-01	   2.4857339733073555e-01	   5.0115314345991768e-01	   5.5378044938880988e-01	   8.3207765781243537e-01	   6.5954953459608068e-01	   6.8406351084398120e-01	   5.6268675896997622e-01	   0.0000000000000000e+00	   8.2845251886525606e-01	   1.6248687993723820e-01	   1.1198852268875528e-01	   3.3110809666059393e-01	   1.4038484636145424e-01	   7.4507253613113267e-01	   6.0477463253983155e-01	  -1.0825662613724783e-01	  -1.9280429507900508e-02	   4.0723233805527637e-01	   5.2283633885205105e-01	   3.4949275878471414e-01	   3.8965811525875882e-01	   4.7547440914567185e-01	   5.3781852911833838e-01	   5.4897151955291434e-01	   7.0781740226142453e-01	   2.6798005559523735e-01	   3.0049812020008326e-01	  -1.1703891923891224e-01	  -4.1496228928105450e-02	   1.3979649269142955e-01	   1.0554012604958873e-01	   1.0185661897075030e-01	   2.2894697672946374e-01	   2.5354714063991968e-01	   4.3067778885279684e-01	   1.7582936059487697e-01	   1.8300578994599576e-01	   1.8812720414790085e-01	   1.7091635220494455e-01	   2.3947814932934511e-01	   1.9645652493633425e-01	   5.3097102485255343e-01	   4.7059723919949792e-01	   3.5617028660909100e-01	   3.9510132633629547e-01	   5.9437403306565995e-01	   5.3060305339558456e-01	   4.4011937513186855e-01	   3.9594144918339380e-01	   5.8117543305097763e-01	   5.5495609351494690e-01	   6.6665800148601906e-01	   6.9749502090746174e-01	   3.5128223292131833e-01	   3.4090670599088302e-01	   3.7694519953064304e-02	   7.6898540756115449e-02	   3.4049623594596512e-01	   3.9049012026452590e-01	   3.8317250087501092e-01	   2.8551305346460087e-01	  -1.5527378879301704e-01	  -6.4316819199786599e-03	   3.9353116110970332e-01	   4.5136398147671264e-01	   5.6199220521585946e-01	   5.7188749171424558e-01	   6.1161813861954539e-01	   6.5996535060253658e-01	   4.2494627515969557e-01	   5.0299278861637753e-01	   3.2604344955785092e-01	   2.1946326463512852e-01	   4.4569842002595894e-01	   3.8270646926517260e-01	   3.1101386651309593e-01	   1.1112459134390736e-01	   1.6183362329525657e-02	   1.2295112352407758e-01	   2.9615617437875641e-01	   3.9568830726098037e-01	   3.6849995257763957e-01	   4.5060594509716712e-01	   6.2311089864262137e-01	   4.5053455940312748e-01	   2.5676577733836203e-01	   2.1625690750809146e-01	   4.6207766561872998e-01	   3.5718150907209645e-01	   6.4523318089257176e-01	   8.1500664806864187e-01	   7.0685373566528731e-01	   7.5385914803075071e-01	   7.4037297151699780e-02	   3.6719639071614796e-02	   3.5615115739860637e-01	   4.0709767193728663e-01	   5.6797667873943847e-01	   6.0943966055562160e-01	   5.8193683120447870e-01	   7.0392350905138457e-01	   6.2038959990124232e-01	   5.9925689735743637e-01	   3.1138608124661410e-01	   3.1839261019767290e-01	   3.5650921059315804e-01	   4.3061216435148486e-01	   1.6465115547980061e-01	   1.9701734391568385e-01	   4.6293065227017799e-01	   6.1556193558785521e-01	   7.0713479824872483e-01	   3.6767045218123118e-01	   3.8938860439725920e-01	  -1.9016399369961329e-01	
   4.1264668075474070e-01	   3.3752109459486002e-01	   3.6973371333273575e-01	   5.9120349178182030e-01	   7.0797023555758598e-01	   6.4322384099950969e-01	   6.9959253797241572e-01	   7.0827681690761657e-01	   8.2845251886525606e-01	   0.0000000000000000e+00	   2.3154293224202122e-01	   2.4075979004273595e-01	   4.4947393352971676e-01	   3.4153827566136075e-01	   6.5612200857366698e-01	   6.7786971869551349e-01	  -8.8114481146165102e-02	   1.5763204656544173e-02	   4.6808211294790908e-01	   5.9630894725318395e-01	   3.1504085186623165e-01	   3.8221392057647041e-01	   2.9286854843941740e-01	   4.5209596342200897e-01	   4.1787644515927636e-01	   6.4321373542906957e-01	   2.1273205203696072e-01	   2.3583848209058914e-01	  -6.7558499798891197e-02	   9.1128500796838416e-02	   1.2317296326447355e-01	   8.5042287317676601e-02	   1.5779447486334530e-01	   3.5068473098069919e-01	   1.5723007900691666e-01	   3.7988285771552799e-01	   9.4857399708953960e-02	   1.5547848582000148e-01	   1.5579993170859285e-01	   1.7045973786435414e-01	   1.9817548307469574e-01	   1.3798563746658307e-01	   5.4068747874637579e-01	   4.9662861348596493e-01	   3.4720713864967717e-01	   4.2422867175024936e-01	   6.3003682187247934e-01	   5.1749161344752259e-01	   4.8910152355913905e-01	   5.0254704918249071e-01	   6.5555081893724576e-01	   6.4818710782367472e-01	   6.7727125280728218e-01	   6.2795349994164451e-01	   3.8897669419412761e-01	   3.6544844517234459e-01	   4.2031120154248466e-02	   1.4068461156529277e-01	   3.8580853332431497e-01	   5.3183903659142040e-01	   4.0284802411171122e-01	   5.0755116447827009e-01	  -3.6917654689256091e-02	   1.0766060554283241e-01	   1.8771088131777902e-01	   4.8118852229342884e-01	   5.1840849650468135e-01	   6.0059073321807310e-01	   5.4822169154081390e-01	   5.9312970497094075e-01	   5.0404777799724432e-01	   5.2459706348285406e-01	   2.6936261779408510e-01	   3.1786679194156087e-01	   4.4673247972530733e-01	   4.8123935127117390e-01	   3.0289899907885826e-01	   1.5790071205355244e-01	   2.3008717892509328e-02	   1.4074156230634038e-01	   3.3392669799961805e-01	   3.9471033900176755e-01	   2.8341384241953660e-01	   4.3646938727156642e-01	   4.9757116779354227e-01	   4.3173006388313984e-01	   1.4059295040442238e-01	   1.3201103551402929e-01	   4.1435529419836303e-01	   3.6859815424014741e-01	   6.4193191517424586e-01	   7.3291759050498628e-01	   6.4525572014725607e-01	   5.4055688651795508e-01	   1.5588363433129421e-01	   1.0488121982604373e-01	   3.7617957344857245e-01	   4.0524580761404849e-01	   5.8928937273689741e-01	   6.0499342967357539e-01	   6.3627667214248840e-01	   6.9756274392142870e-01	   6.7883105308541802e-01	   6.7147077636504859e-01	   3.1283114487274499e-01	   2.1180955945531965e-01	   4.0788723386813353e-01	   4.3889619323634299e-01	   1.3645073937927660e-01	   2.6103643099139423e-01	   4.1910389243662988e-01	   5.6250742960279132e-01	   6.4404982570368419e-01	   2.5203361593150830e-01	   1.8527680105755295e-01	  -2.5686881042607906e-01	
   5.9581284409416990e-01	   5.0150998208411557e-01	   3.3912799482212252e-01	   4.1184425762578125e-01	   1.1242164362078091e-01	   6.9981074957736061e-02	   5.5417546412628405e-01	   5.4942954358750318e-01	   1.6248687993723820e-01	   2.3154293224202122e-01	   0.0000000000000000e+00	   6.8649682638019238e-01	   8.7782634422050587e-01	   7.4259270764525909e-01	   3.9494198095933197e-01	   4.0910718431337956e-01	   2.7106532156852226e-01	   4.2807114860162393e-01	   4.7966918770644595e-01	   4.2124920643019814e-01	   1.9384424810980733e-01	  -6.0525987184921514e-03	   4.1191681681572728e-01	   3.8046679210865503e-01	   1.5100713206422897e-01	   1.8770782243342748e-01	  -1.8761121611394468e-01	  -2.4371519796232713e-01	   5.1559572588983382e-01	   5.5148334629029827e-01	   5.2711728810364444e-01	   4.5902778387124299e-01	   5.7562448316972836e-01	   5.7413755811708889e-01	   1.8488416297433075e-01	   6.9998496275775021e-02	   1.1643882055786989e-01	  -5.3053852253487119e-02	   3.9422730478010419e-02	   5.7763379505120366e-02	   3.2155585176326185e-01	   2.5781389566027474e-01	   5.2352924806903023e-01	   5.1062008023106142e-01	   3.8915732770862188e-01	   5.0654730209424526e-01	   4.7803193489295093e-01	   4.4245185372424756e-01	   5.3665107762964070e-01	   5.0669063961034533e-01	   4.9721582045858231e-01	   4.2958507379719130e-01	   3.3964755777935185e-01	   3.2114857094073557e-01	   2.7015730552635286e-01	   2.8871743578947906e-01	   2.4695245441608760e-01	   4.0617110184600025e-01	   1.9719825694466639e-01	   2.3111123856018964e-01	   6.2300499199704651e-01	   4.8519778981887540e-01	   4.4949557002205415e-01	   4.6599164075826832e-01	   1.8611546213538860e-01	   3.1264592975206573e-01	   3.1300095116661864e-01	   3.4058050230557962e-01	   1.5461713041736971e-01	   9.5909557320592198e-02	   3.0406921270526610e-01	   1.2701205691971987e-01	   6.3890873820271943e-01	   6.3834216617930106e-01	   7.0916907410676222e-01	   6.5705221149733795e-01	   2.3732269275645446e-01	   9.5173625089336106e-02	   4.2266732899265513e-01	   4.7126975423322448e-01	   5.2328629458540465e-01	   4.6310572682959905e-01	   3.8247535002593835e-01	   3.6474755966682876e-01	   4.3376698347701631e-01	   2.8708832516110155e-01	   4.7613666612645652e-03	   2.8314657509578019e-02	   1.7631852912852758e-01	   2.1163212501254058e-01	  -7.9938835818864656e-02	   1.8106738276861606e-01	  -1.6981762895954031e-02	  -6.7521270168104136e-02	  -2.5624608557035861e-01	  -2.5978168692447551e-01	   3.0269773067316702e-01	   2.2403528190498762e-01	   4.3908560511849470e-01	   3.9326699796611253e-01	  -1.0677119966791000e-01	   8.7776259747772090e-02	   1.8827334201858353e-01	   2.0462854495210714e-01	  -1.2598201688729865e-01	  -3.5145212747975973e-01	  -2.8720846232762226e-01	  -2.8647789716672323e-01	  -4.6025649819813363e-01	  -2.4968075891781111e-01	   2.8775782792844662e-01	   3.9048353570984629e-01	   2.7868030752236095e-01	  -1.8706602751250842e-02	   5.2559625322305764e-02	   7.5087559887235561e-02	
   5.8390913328325067e-01	   5.6279682176365342e-01	   3.5604478061189104e-01	   6.1173775624060700e-01	   1.1624329447828168e-01	   2.0721973701992863e-01	   5.1805373416544842e-01	   6.8937592357849065e-01	   1.1198852268875528e-01	   2.4075979004273595e-01	   6.8649682638019238e-01	   0.0000000000000000e+00	   6.8799563479092884e-01	   8.0237825955393172e-01	   3.7184863226523301e-01	   5.0169005065563954e-01	   1.7467734298629081e-01	   3.2717552168979686e-01	   5.1072777726006235e-01	   5.0330913341736527e-01	   1.1642853979353235e-01	  -4.9029086644685159e-03	   4.4116763429224648e-01	   5.2102675991700709e-01	   1.1491109041600223e-01	   1.9482267953403928e-01	  -7.1052460733155492e-02	  -1.2667322357519112e-01	   3.1586724082847145e-01	   4.4047315169230394e-01	   4.2852909676365952e-01	   4.0792839540422843e-01	   6.1062573098046591e-01	   6.2602106487375819e-01	   2.3721930734222352e-01	   1.5103742181171051e-01	  -1.1289991827057633e-02	  -1.1494982880599487e-01	   2.1703079184585214e-01	   3.2461887684857343e-01	   3.7365152500975007e-01	   3.7871101454603023e-01	   5.4267834618096700e-01	   5.3949378356540356e-01	   5.3671517465125118e-01	   6.5225397212475533e-01	   4.8378385866074541e-01	   5.0868572047621718e-01	   6.8569506170218553e-01	   6.3034194780397879e-01	   5.8539159984874378e-01	   5.9050568121137081e-01	   3.7824344616283023e-01	   3.4543482278604704e-01	   4.9634113962195281e-01	   5.0980370206422032e-01	   1.6048735891111121e-01	   3.0342495520707014e-01	   3.5549809858077563e-01	   3.7735104062445335e-01	   5.9525968472829971e-01	   6.4570292300828358e-01	   4.6198209153564346e-01	   5.6047949595405633e-01	   1.9739620475417724e-01	   5.0530100966191616e-01	   4.5329050430866569e-01	   5.3586311103556838e-01	   1.9650915939196478e-01	   1.2736612163575328e-01	   2.2377361442513860e-01	   1.4905312638199450e-01	   5.9275205318262747e-01	   5.1142636884808390e-01	   5.6217045633213469e-01	   5.6066303071375556e-01	   2.1754556136667963e-01	   1.0456221460715680e-01	   2.2899395116719967e-01	   2.9038367065832099e-01	   5.2286195084390052e-01	   5.7034994485525070e-01	   4.1409848076003558e-01	   4.5165041860060506e-01	   4.7536477504421026e-01	   5.3143065269218148e-01	   2.8916746261503562e-01	   2.6156089419246109e-01	   3.1546107002242563e-01	   4.6180088635848793e-01	  -8.0567729115516407e-02	   9.7770932099615349e-02	   1.1680259612427534e-02	  -8.6371229069474184e-02	  -1.3971510875158491e-01	  -7.2393583652020588e-02	   3.6339987155158915e-01	   3.7878340513548986e-01	   4.9789433340029760e-01	   4.4787743866177832e-01	   1.8473375127398511e-01	   1.9535983083956865e-01	   3.2650662122369178e-01	   2.5407065196480794e-01	  -1.2579385589034950e-01	  -4.3022374287884235e-01	  -8.0466080912553481e-04	  -7.6690037031288839e-03	  -2.5554384862374335e-01	  -1.6221726227826683e-01	   2.3804622396455610e-01	   2.7904636169688346e-01	   2.3867384970271399e-01	   1.1686352377617870e-01	   2.2974962785592402e-02	  -1.5662080239166112e-01	
   5.0853993344939652e-01	   4.1446233581255509e-01	   3.9973894194212672e-01	   5.2035855870834968e-01	   2.4738817484998168e-01	   1.2903865456931493e-01	   7.2832422429728472e-01	   7.3022865304633122e-01	   3.3110809666059393e-01	   4.4947393352971676e-01	   8.7782634422050587e-01	   6.8799563479092884e-01	   0.0000000000000000e+00	   8.2958678474299008e-01	   4.7264021281265201e-01	   4.8471251857998721e-01	   9.3896811082686188e-02	   2.7184086820313569e-01	   4.9115507260000579e-01	   4.7220585893829270e-01	   1.1177318362382672e-01	  -4.5510847269729718e-02	   4.0062737962902484e-01	   4.1027164975277397e-01	   2.0416768624083137e-01	   2.8397558768064801e-01	  -2.2765849649780096e-01	  -2.7912996854315364e-01	   3.6950234520708924e-01	   4.8169091078594611e-01	   5.1799740170279507e-01	   4.7636068239153084e-01	   5.7244784502839408e-01	   6.4741897736202203e-01	   1.6694219740635421e-01	   1.5690425654336634e-01	  -4.1892461967240092e-03	  -1.5124042886209488e-01	  -2.2095474583379390e-02	   1.3095778461467235e-02	   2.0395406139325328e-01	   1.5325440522913833e-01	   5.8331432206311074e-01	   5.9581247775845003e-01	   5.1422107881149182e-01	   6.0472235177118616e-01	   5.0584017921600999e-01	   4.7037980599046625e-01	   6.4138106595594802e-01	   6.2164630286678468e-01	   6.5138288325715066e-01	   5.9077027655342196e-01	   3.7945200749334362e-01	   3.2631950607921001e-01	   2.5733786981773910e-01	   2.6294034512060765e-01	   7.5119684306878876e-02	   2.3379257814732438e-01	   3.0917541951915628e-01	   3.4540497136854204e-01	   7.1847029541793206e-01	   6.1260786830307246e-01	   3.8157698483755953e-01	   4.3061182049504754e-01	   1.8448777830889224e-01	   4.5916536146844461e-01	   4.7493189067833785e-01	   4.9246759396420670e-01	   2.3723824197704166e-01	   1.5479371551225851e-01	   3.2326069858915307e-01	   1.4554038017459925e-01	   6.5556738544261917e-01	   6.4209183859799990e-01	   6.9659108836026740e-01	   6.3276871988058303e-01	   2.1771590375721173e-01	   5.7367161156387930e-02	   2.4268502558881966e-01	   3.5950787117824046e-01	   4.6358281187357231e-01	   4.6249476221187591e-01	   2.8650258759831326e-01	   3.0176118363720617e-01	   4.3098466229555399e-01	   3.0639057505658734e-01	   5.6111051498632346e-03	  -3.9652343693422527e-02	   1.4886265006867250e-01	   2.0143300891202157e-01	   1.8138946349367302e-02	   2.3908936071781711e-01	   3.2594643743698713e-02	  -1.0129348899020434e-02	  -2.2570595576880020e-01	  -2.1360153891129974e-01	   2.9325252085541986e-01	   2.0825600320546772e-01	   4.6295794729973883e-01	   4.2451700856249641e-01	   1.1306191657100360e-01	   3.0596443190543632e-01	   4.0806086076332299e-01	   4.0441349350981626e-01	  -1.2064972068255872e-01	  -3.9181668285919086e-01	  -7.2933885821815064e-02	  -7.4157678322134074e-02	  -3.5572122819761681e-01	  -3.0484190139984935e-01	   2.3726306139291109e-01	   3.7031500663166705e-01	   3.0146450807317993e-01	  -2.3179412679535639e-02	  -8.0863245930621955e-03	  -2.8688840029297356e-02	
