   0.0000000000000000e+00	   9.3164640993413173e-01	   7.5440470714007246e-01	   7.3182554149549750e-01	   4.5495282920332858e-01	   4.6107371375748873e-01	   6.7664969761715266e-01	   6.2176027140975054e-01	   5.6496844971167903e-01	   5.1166708386529258e-01	   7.3426544367273383e-01	   6.1195433747845829e-01	   7.2411938614990312e-01	   6.3967756162946876e-01	   6.6707257476773807e-01	   5.5643625412835429e-01	   6.3543976113852518e-01	   2.8318426417595732e-01	   8.6197911883476985e-01	   8.3182230633101861e-01	   4.6589490950164086e-01	   3.8324371397533452e-01	   6.3621375326024920e-01	   7.1565373597178183e-01	   3.6748805777286397e-01	   3.4536259523545576e-01	   4.8526491591843979e-01	   3.8016568817983337e-01	   3.7776976302234944e-01	   4.5529196509927017e-01	   6.5511212000891605e-01	   6.5965415304536945e-01	   7.8041442724444487e-01	   7.6283303282626680e-01	   3.0481815861129791e-01	   4.4328479802214216e-01	   1.3211667257382115e-01	   3.4735335468887563e-01	   3.6668919372179554e-01	   4.1949182934480445e-01	   4.8902457831957913e-01	   4.3958188998822229e-01	   5.4517373161584004e-01	   5.5396114364647575e-01	   5.3335741029464356e-01	   5.3599402653824202e-01	   6.0578653602802057e-01	   6.0423523689865410e-01	   7.3438236527925471e-01	   6.8665398678279610e-01	   7.5099680099631361e-01	   7.3242191247449551e-01	   6.9277115036286041e-01	   6.5985371438981488e-01	   7.3376129113984412e-01	   7.1493575917023255e-01	   8.8337756445627202e-01	   9.0737713144985199e-01	   8.0751875450419308e-01	   7.8576405841064167e-01	   7.9361843807101451e-01	   5.7690456958073399e-01	   5.4447593613848388e-01	   6.9201324142881393e-01	   4.3940227977716340e-01	   5.0882079627342724e-01	   7.5230978191598652e-01	   6.7781620457852143e-01	   8.9768119582600059e-01	   8.5989991837499469e-01	   5.8132677671443544e-01	   5.8905385717392755e-01	   7.3508078614530348e-01	   7.1811518598582103e-01	   6.2874855006134978e-01	   6.6272089191889316e-01	   7.1436479321623292e-01	   6.7311113918124721e-01	   5.3085724639142151e-01	   3.3288320092608320e-01	   8.2944901055109421e-01	   8.4608614143213012e-01	   6.6078506466464770e-01	   6.5139784058336092e-01	   7.7140651105036384e-01	   7.9394009555383493e-01	   4.9123623313247577e-01	   6.0705202001847158e-01	   6.0307804388385255e-01	   6.4028003356162344e-01	   4.5395829152881484e-01	   1.5589391186177343e-01	   3.0944653095098851e-01	   2.8809371586547161e-01	   4.0981373409206578e-01	   1.7798657464927173e-01	   6.4098728599575805e-01	   6.4263725756048262e-01	   6.3977058545655419e-01	   6.5564233257640547e-01	   5.9424378491326557e-01	   4.0765624688235724e-01	   5.5074556363800287e-01	   3.8969070107927350e-01	   3.4957747227360414e-01	  -2.6346850122476746e-02	   3.1882102197069262e-01	   3.9674050482873585e-01	   8.8192167206193647e-02	   4.5740735197982663e-01	   6.1674779913233535e-01	   5.5818522557648476e-01	   4.8216120823570202e-01	   5.8106038012933936e-01	   3.3660614085458029e-01	  -1.6311415798100184e-01	
   9.3164640993413173e-01	   0.0000000000000000e+00	   6.9871184366287253e-01	   7.3329530062467518e-01	   4.5868924537229971e-01	   5.0433705950071162e-01	   6.5293808671566245e-01	   6.6634397737593254e-01	   5.5133673637653513e-01	   5.9172556475962679e-01	   6.5885761271596310e-01	   6.7562329756425810e-01	   6.6962690018019666e-01	   6.5035009690999579e-01	   5.5138442265908483e-01	   5.1532830841989519e-01	   6.3136481726367699e-01	   3.3770779540431639e-01	   8.4504888966568903e-01	   8.2954515567363651e-01	   4.2906472387931810e-01	   3.9045820951788723e-01	   6.0414668060520071e-01	   7.0715090219691112e-01	   3.6136406592953302e-01	   3.4762110213646119e-01	   4.9011256218625493e-01	   3.9077371620736145e-01	   3.1546796865308746e-01	   4.2936113679531918e-01	   5.8256573707932402e-01	   6.3099671619774611e-01	   7.9329832278931223e-01	   7.8553379488992214e-01	   3.2788872645498401e-01	   4.6385773715764478e-01	   9.9215579612273480e-02	   3.1953353642611321e-01	   3.4958355959485049e-01	   3.7838670871656110e-01	   3.9415576429799504e-01	   3.8597045123069895e-01	   5.4511192988884472e-01	   5.7317652740413028e-01	   5.4726819410553329e-01	   5.7560833589546623e-01	   6.1426280801504807e-01	   6.2541114790756624e-01	   7.5875582214650317e-01	   7.1185287850567325e-01	   7.7535036631508647e-01	   7.5907604511202309e-01	   7.1895439513456139e-01	   6.5016885861825069e-01	   7.2865961276092683e-01	   7.1026422180074122e-01	   8.5172052025700595e-01	   9.3530970340205388e-01	   7.7410652978377503e-01	   7.9326789563825362e-01	   7.6914465124956166e-01	   6.4208080482465779e-01	   4.7753958295243770e-01	   7.1151427403239165e-01	   4.1141700421505834e-01	   5.5271561595336749e-01	   7.5499452726470828e-01	   7.1103230525590189e-01	   8.8682944523243690e-01	   8.6374681242784357e-01	   6.0521366094355478e-01	   5.4047323245514622e-01	   7.3245027377049110e-01	   7.3791548901976856e-01	   5.8574585435374138e-01	   6.9912531486355334e-01	   7.3581544110226216e-01	   7.1768862103266962e-01	   4.7422785904081283e-01	   3.2124124497214085e-01	   7.8350418382313214e-01	   8.1020484525582093e-01	   5.6793433168376584e-01	   5.9878874288173722e-01	   7.2304904215221377e-01	   7.7476188554149927e-01	   4.7094680668265654e-01	   5.6930238210454276e-01	   6.1423718815261363e-01	   6.3527424996104798e-01	   4.6111011952352277e-01	   1.7941614379570878e-01	   3.3657897134400699e-01	   2.3999214384158546e-01	   3.8682340277515737e-01	   1.3297667645916664e-01	   6.4643942521536502e-01	   6.2926319613994230e-01	   6.6190870616797437e-01	   6.6936145526896018e-01	   6.1597533421353889e-01	   3.8073462943958342e-01	   5.8155485266130102e-01	   4.0288839512269037e-01	   3.6334592897777673e-01	   1.0667628080859662e-03	   3.5039900598396517e-01	   4.0755676814676228e-01	   4.7335342496221518e-02	   4.2590117510590475e-01	   6.0940374172660672e-01	   5.5079177806066471e-01	   4.9164934265531052e-01	   5.3614296242451998e-01	   3.0141498527817095e-01	  -1.8274423273572415e-01	
   7.5440470714007246e-01	   6.9871184366287253e-01	   0.0000000000000000e+00	   8.5293780888172810e-01	   6.7053174840411911e-01	   5.1447662708553632e-01	   8.2640850988824166e-01	   6.6630859045254565e-01	   7.5737866380444030e-01	   4.1825650492872679e-01	   5.4686170981533044e-01	   6.3630772322157991e-01	   7.3809172796118938e-01	   6.1772745859660305e-01	   8.6208533162941980e-01	   6.9127342362315236e-01	   5.2125507886034106e-01	   2.2188036780512321e-01	   8.6108156161618743e-01	   8.5723948063605382e-01	   5.2630686320073750e-01	   3.3997350091257850e-01	   8.2822743177320501e-01	   7.5760566826117204e-01	   4.6730422020027318e-01	   2.5408015499312220e-01	   4.5853408690511027e-01	   3.1589947552850384e-01	   3.9047299206231506e-01	   5.1309688619994120e-01	   8.2167602513263971e-01	   7.5414341186011580e-01	   7.3259700824289786e-01	   7.1810273135808222e-01	   4.3057491218721561e-01	   5.3461377466274573e-01	   2.7566896124388819e-02	   1.5272504134878861e-01	   3.0789079113090717e-01	   3.0547933164634711e-01	   4.4507278919786530e-01	   2.4509066584091840e-01	   6.1286888852799581e-01	   5.8575604517856639e-01	   7.0550434916005367e-01	   6.5982396979190217e-01	   6.5532095410409619e-01	   6.6127811510056533e-01	   6.6261584478557789e-01	   6.4677901092214940e-01	   6.0750658491356724e-01	   6.0692996028255664e-01	   7.2232454755754882e-01	   7.4628767990393607e-01	   6.3320808505859838e-01	   6.5836054880550288e-01	   5.3163175660878526e-01	   6.3407923008578748e-01	   6.4428325865446068e-01	   6.3097085820452969e-01	   7.2124513235562304e-01	   4.9934108696649793e-01	   6.5220934146117970e-01	   7.7544661944012483e-01	   5.4275631089327359e-01	   3.5500848036526561e-01	   7.5910199117418686e-01	   6.6432863809285780e-01	   7.9845039101619186e-01	   7.3507834583334264e-01	   4.6266886782453376e-01	   4.8837755494207419e-01	   6.0593111903741281e-01	   5.5302670663028386e-01	   5.2534029850723507e-01	   5.4375970692008635e-01	   6.6882488403231966e-01	   5.7593769497231040e-01	   4.2310710143049718e-01	   3.5791840788457713e-01	   7.3931101732144400e-01	   7.9367677036587314e-01	   7.3116501382407195e-01	   6.7753749985243206e-01	   7.6748491516659234e-01	   7.2771912712396458e-01	   3.7526034692930366e-01	   4.4664549902210099e-01	   5.8608171892019556e-01	   6.1488772572132810e-01	   6.6084526970717072e-01	   4.3733308190411291e-01	   5.6968444925366435e-01	   6.5197942170430401e-01	   3.6200667296685807e-01	   6.3130388865680287e-02	   5.1841331788779543e-01	   4.7917966107261667e-01	   6.4519773606212238e-01	   6.4533603979055576e-01	   6.2707070171150225e-01	   5.5798358048176755e-01	   5.5857359227670056e-01	   3.8159899690430144e-01	   3.0708023444946209e-01	   5.7794731835220638e-02	   2.3840540581834441e-01	   4.3874531295890407e-01	   1.0145304805621128e-01	   3.1818159601777374e-01	   5.3884780224613171e-01	   6.7080091449185975e-01	   6.0770676399266099e-01	   6.3931875733523413e-01	   3.9285613618519494e-01	  -1.8396459169890320e-01	
   7.3182554149549750e-01	   7.3329530062467518e-01	   8.5293780888172810e-01	   0.0000000000000000e+00	   6.1073884652855293e-01	   5.9077782805803791e-01	   7.8549399486226423e-01	   8.1836740190191037e-01	   6.0834873285374913e-01	   4.5660669545647214e-01	   5.2465634444609555e-01	   8.4486589579218607e-01	   6.4964659328255780e-01	   7.1974168182431453e-01	   7.0133247989818304e-01	   7.1348099297115586e-01	   4.0690666655384233e-01	   1.7065888474018281e-01	   8.5040489793818141e-01	   9.0649872431852807e-01	   3.9305157241207961e-01	   2.9285812146159229e-01	   6.1477241502697466e-01	   7.3278074209561184e-01	   1.8277451988874946e-01	   8.6251372136360444e-02	   3.4963091351388109e-01	   2.7047408526240185e-01	   4.6984493520412995e-01	   6.3245936897752464e-01	   7.8524464239711500e-01	   8.2264854171644641e-01	   7.4010962803594327e-01	   7.9905866861256125e-01	   1.5147506253479626e-01	   3.2301678030097997e-01	  -5.0462193024869359e-02	   9.0496046532920441e-02	   2.7568006226074915e-01	   3.0189381759390754e-01	   4.4794101389289720e-01	   2.6960705904938731e-01	   6.4579283394351994e-01	   6.3348405019076504e-01	   7.1952674542008666e-01	   7.1861272132407827e-01	   6.8064073777617007e-01	   6.3633143949443460e-01	   7.7274756074232442e-01	   7.6301635974636173e-01	   6.9057278431847435e-01	   6.9190071428058531e-01	   6.8951895936540086e-01	   6.3301582471323092e-01	   6.5897723319356638e-01	   7.0294952472200189e-01	   5.6327990800821137e-01	   6.5233921360488700e-01	   6.8861189994772809e-01	   7.6784158247309409e-01	   7.1175853563242653e-01	   6.5857873998632155e-01	   5.6970839766417858e-01	   8.4987046281278711e-01	   3.1715860386045625e-01	   3.4564395433547340e-01	   7.7075008974138592e-01	   7.3674466095297642e-01	   8.2633679635672852e-01	   8.1582478000045933e-01	   5.7407453753375903e-01	   5.4744851076058809e-01	   5.9038134574290480e-01	   6.4820883851220645e-01	   4.9709733469783390e-01	   6.5879134189077482e-01	   6.8407038822097166e-01	   6.4584320559086705e-01	   3.9492643428679269e-01	   2.6613826604290114e-01	   6.7821706641133228e-01	   7.0416828818619448e-01	   6.7244347978983954e-01	   7.3733377361682817e-01	   6.1443108358749632e-01	   7.2475014598636811e-01	   3.6640180295260910e-01	   5.0191273085779686e-01	   4.9552571499461362e-01	   6.3621804908998880e-01	   6.5238723462227077e-01	   3.2604916961318164e-01	   5.2202283637177982e-01	   4.6206453442280138e-01	   4.4532966736106117e-01	   1.8569486283172232e-01	   5.3820116872220425e-01	   5.4383786514325061e-01	   6.7108064785518129e-01	   6.3516607901863276e-01	   7.5743377700743053e-01	   5.9948114406280739e-01	   6.5056581029617133e-01	   5.0119868985553850e-01	   3.2853735393935080e-01	  -1.3719165578621132e-02	   2.9687779626991434e-01	   4.6133095737918062e-01	   1.5786440025062967e-01	   3.9603719096794804e-01	   5.0587667621650578e-01	   6.3348055372029810e-01	   6.1038375788378652e-01	   5.8330827709435618e-01	   2.5041825291459030e-01	  -3.6396161867628252e-01	
   4.5495282920332858e-01	   4.5868924537229971e-01	   6.7053174840411911e-01	   6.1073884652855293e-01	   0.0000000000000000e+00	   8.7347591120478529e-01	   7.4525874236439149e-01	   5.5277075841905232e-01	   8.6355338390796332e-01	   6.1623167538813473e-01	   3.2537391263934491e-02	   4.0936449679647635e-01	   3.5210731306335796e-01	   2.7303373520563323e-01	   6.3996596090683444e-01	   7.3473643523234333e-01	   2.8354869673071992e-01	   2.5678731854768927e-01	   6.5774391917006769e-01	   6.6476256033248249e-01	   7.3013583486405853e-01	   5.7248579011869793e-01	   5.0470623830094885e-01	   4.5933275843285060e-01	   1.4646210148174932e-01	   5.9893405876834421e-02	   6.7471697951023557e-01	   5.9912307443405766e-01	   2.1074428978023702e-01	   4.4392343401655532e-01	   6.1253372513366922e-01	   5.6528753884532745e-01	   5.3273293522228482e-01	   5.4870725667774189e-01	   2.2490502871034493e-01	   3.3167505720021373e-01	   6.2874362543500706e-02	   1.5950947822813491e-01	   5.3382451255310337e-01	   4.6213318990177088e-01	   3.4004278935488952e-01	   3.2619039564694180e-01	   7.7008346739989997e-01	   7.4872717427373980e-01	   7.2312389687704415e-01	   7.0077828269890030e-01	   8.0297304322025576e-01	   8.0127216273848667e-01	   5.3988305095350797e-01	   5.9301169959187205e-01	   3.5014045884715828e-01	   4.2574991593161554e-01	   6.7673336802083561e-01	   6.9327696916922421e-01	   6.9451328538599610e-01	   7.0093311766764699e-01	   3.2568911624143598e-01	   4.1352195110594980e-01	   4.7972360182606349e-01	   4.6875980914962784e-01	   4.7549054868304985e-01	   3.3640676023387461e-01	   3.8638901351983684e-01	   5.1730861551446661e-01	   1.5818350069198892e-01	   7.3252649698015107e-02	   5.6807865441388361e-01	   5.1206773962609398e-01	   5.1887484349195112e-01	   4.9044960741020238e-01	   6.8322053565151031e-01	   7.0470444583243130e-01	   3.7572217371325922e-01	   4.4263839301231594e-01	   5.2591704483602730e-01	   5.7032255083538619e-01	   6.9274581492694010e-01	   6.1369668857015747e-01	   3.1230731125957245e-01	   3.8915152513140799e-01	   4.9128246684943588e-01	   6.0549107024883719e-01	   5.4724784562724438e-01	   6.5454830974612199e-01	   3.6815492027270647e-01	   4.5979715713889607e-01	   2.7214282654962424e-01	   3.0499951777080375e-01	   6.1527846665041352e-01	   5.5269489498653124e-01	   6.2839778526571477e-01	   3.9639723902174051e-01	   3.9991815827551397e-01	   4.6738286191543560e-01	   5.2824384021223003e-01	   1.5900192642526884e-01	   6.0371895563419598e-01	   6.1789331244551471e-01	   7.0561997305718238e-01	   7.2193388236418443e-01	   5.1617584670586880e-01	   4.0399010955381565e-01	   4.3317742063838405e-01	   2.4438399540843764e-01	   2.2977137922246765e-01	   1.2294989090657438e-01	   1.7854235829951964e-01	   3.7587063316123448e-01	   1.7222887217462568e-01	   3.0074748225022530e-01	   4.5781302008687408e-01	   6.3533628293194977e-01	   5.6879094390561868e-01	   7.2567529132388042e-01	   4.2384668525335389e-01	  -1.2302150825503669e-01	
   4.6107371375748873e-01	   5.0433705950071162e-01	   5.1447662708553632e-01	   5.9077782805803791e-01	   8.7347591120478529e-01	   0.0000000000000000e+00	   6.4409384028457140e-01	   6.3259262489750678e-01	   7.5685203640776511e-01	   8.0911773842947421e-01	   6.9496028601828158e-02	   4.5329047843482251e-01	   2.7832111421193956e-01	   2.4632285646260241e-01	   4.6454028633864219e-01	   6.4873249925677956e-01	   2.3458462155681248e-01	   1.1834788720437428e-01	   6.0548612714359584e-01	   6.4432939685975876e-01	   6.6233751590294021e-01	   6.1856075750257289e-01	   3.3209328060687399e-01	   3.8212718728477402e-01	  -2.1293838788908472e-02	   5.4163467134252054e-02	   6.2551802167310777e-01	   6.4696519537434993e-01	   2.0788340182938633e-01	   4.0586419512699118e-01	   4.8229372196826759e-01	   5.4263595970327250e-01	   4.9203690474516476e-01	   5.6761572088359036e-01	   1.5005376775592860e-01	   2.7233977440687956e-01	   1.1577522440836566e-01	   2.1068312753415319e-01	   5.5878901526646774e-01	   4.9858193315105576e-01	   2.7403430287702552e-01	   3.5981134689809857e-01	   7.1184162167002407e-01	   7.0518451046698860e-01	   6.2083072439280995e-01	   6.5707952466233510e-01	   7.5524290768964675e-01	   7.2531166542188830e-01	   5.2253325540677009e-01	   6.1379015176356677e-01	   3.7538229005073975e-01	   4.6695525699631013e-01	   6.2573238361319405e-01	   6.0046283857072147e-01	   6.9062956719780511e-01	   6.5974565957967068e-01	   3.3015693708528521e-01	   4.0878003294863507e-01	   4.7321414038915188e-01	   5.2790568658802284e-01	   4.3684587943235315e-01	   4.5502175934342093e-01	   2.2371303931709444e-01	   4.7295648033942217e-01	   7.3440416286490826e-02	   1.5423802337917236e-01	   5.3260572671528761e-01	   5.3455453813949172e-01	   5.0072080880960024e-01	   5.1337670750192999e-01	   7.1719658285847498e-01	   7.6518103221626665e-01	   3.1135766957575262e-01	   4.2249204584470373e-01	   4.9805731206982595e-01	   5.9520871850420376e-01	   6.8384249963101518e-01	   6.6106381541155956e-01	   3.0818843394814144e-01	   2.9231888438855130e-01	   4.3602756069681248e-01	   5.1798722355127524e-01	   4.7792383151454348e-01	   5.9761587529619420e-01	   2.8100788648186048e-01	   4.1242275438994869e-01	   2.8779699836774197e-01	   3.1701820258243557e-01	   5.8379972033911531e-01	   5.6439429372574401e-01	   5.9974852687415825e-01	   3.2593802043730236e-01	   3.5268286939217319e-01	   3.1914334366821751e-01	   6.1622066981125423e-01	   2.6882221155132563e-01	   6.4618735180187392e-01	   6.9093476799934861e-01	   7.0898608695892196e-01	   6.9545247797120957e-01	   5.5549400972593121e-01	   3.7696945072117116e-01	   4.7458254297986713e-01	   2.9933824577139423e-01	   2.9055571383590556e-01	   9.6857334979148446e-02	   2.3644600235963259e-01	   3.9094146872060265e-01	   1.6581802214404082e-01	   3.8977531280226796e-01	   5.0494140700071066e-01	   5.9921260700030299e-01	   5.5869682083256644e-01	   6.4113208429987134e-01	   3.7308605894859515e-01	  -1.2533256928970404e-01	
   6.7664969761715266e-01	   6.5293808671566245e-01	   8.2640850988824166e-01	   7.8549399486226423e-01	   7.4525874236439149e-01	   6.4409384028457140e-01	   0.0000000000000000e+00	   8.3664698743200649e-01	   8.1381252238738855e-01	   4.6941068575606104e-01	   5.3650140505062982e-01	   6.4842815507763074e-01	   7.8899825741991281e-01	   6.3295273628808535e-01	   6.4588859394702458e-01	   5.5620476576838551e-01	   5.0981729958339694e-01	   1.8275399229368797e-01	   8.2559381933723008e-01	   8.0360384749414049e-01	   4.6295233253627938e-01	   2.8643409516123075e-01	   6.4441469217044589e-01	   6.1738683137955752e-01	   2.7499125796465196e-01	   1.4897668127900865e-01	   3.4656795682811603e-01	   2.8828234439668143e-01	   5.1706092882460575e-01	   4.8647941776243092e-01	   7.2119730138409699e-01	   7.4003195823531742e-01	   7.5978301769216361e-01	   7.4250404473172671e-01	   3.2506840898810063e-01	   4.6609787344759213e-01	  -2.3461604301089886e-02	   1.1962263377505990e-01	   3.6155669425615611e-01	   3.4471163079492695e-01	   2.9706995900632427e-01	   2.5632917647323833e-01	   7.2934615055255403e-01	   6.7529920472839922e-01	   7.6344599919090839e-01	   7.2468491945066671e-01	   7.1769576671885016e-01	   7.1262215464197531e-01	   7.5610764592303870e-01	   6.9777207555624898e-01	   6.0445812822151301e-01	   5.5770999488929407e-01	   6.8568507241701893e-01	   6.3462835368272874e-01	   6.6776690063491184e-01	   6.4814973555139355e-01	   4.5570076834950268e-01	   5.2658966814062236e-01	   6.9381536250819187e-01	   6.3829613457372014e-01	   8.5157581831289186e-01	   6.3434421058400270e-01	   5.9804919919166788e-01	   7.2911024199342456e-01	   4.7495176857077648e-01	   4.0809567352716458e-01	   7.8643461210612586e-01	   7.0035022232149258e-01	   6.9942725939859129e-01	   6.6356299017984566e-01	   5.8293408200533403e-01	   5.7403959151907358e-01	   5.4957130870350912e-01	   6.1302285454218775e-01	   5.7297875155299660e-01	   6.0256667988506385e-01	   7.0240258859279625e-01	   6.0635546455774114e-01	   4.6349798997495267e-01	   3.3045625064519263e-01	   6.5749242262849672e-01	   7.0049853230053516e-01	   5.6039165310318384e-01	   5.8086832054925541e-01	   5.7139417759062372e-01	   5.9381888043067965e-01	   2.7473487631548454e-01	   3.3305043640580745e-01	   6.2367190905521297e-01	   6.1031079554288648e-01	   6.5304581337018730e-01	   4.5546118024624915e-01	   5.0781806985725286e-01	   6.0947106105443050e-01	   4.3405356983739884e-01	   1.4633301237145932e-01	   6.3483618648164986e-01	   5.1812459279844170e-01	   6.6710437280905788e-01	   6.9591384950998703e-01	   6.3813080040847692e-01	   6.0292985394435838e-01	   5.6179398960589511e-01	   4.5658342897014570e-01	   3.1080601717506939e-01	   6.6607673739298059e-02	   2.4858263669137515e-01	   4.3083755138018948e-01	   1.1577105158549605e-01	   3.1712919318512878e-01	   5.6424086222227721e-01	   6.6093804224523489e-01	   6.6612447341162939e-01	   6.2018480057286784e-01	   3.2396393375499033e-01	  -1.4188279757436040e-01	
   6.2176027140975054e-01	   6.6634397737593254e-01	   6.6630859045254565e-01	   8.1836740190191037e-01	   5.5277075841905232e-01	   6.3259262489750678e-01	   8.3664698743200649e-01	   0.0000000000000000e+00	   6.0674789161617981e-01	   5.4249796153947605e-01	   5.1322996102214324e-01	   8.0348580507874401e-01	   6.4966295250449990e-01	   6.3070863677377842e-01	   3.8815342330573860e-01	   4.0586133967986915e-01	   4.3209810413403238e-01	   5.0682822640524032e-02	   7.2238687394625112e-01	   7.6180857414436354e-01	   2.6829850356620649e-01	   1.9382535382050900e-01	   5.2855178398615388e-01	   6.0054546651491614e-01	   1.8040409266230975e-01	   1.2191615777887611e-01	   1.8683590787804849e-01	   2.0152393757433454e-01	   4.4814752072285013e-01	   3.9335447259999512e-01	   6.1862277486677586e-01	   7.8582448156382989e-01	   7.1931170694016733e-01	   7.9727486232348965e-01	   2.2972680855703365e-01	   3.2414404582993178e-01	  -9.7330929034137953e-02	   2.3315362205637701e-02	   2.4221840506687414e-01	   2.3810489864752377e-01	   1.6904003854068700e-01	   1.8640758108985034e-01	   6.5351039942079192e-01	   6.2961641492279030e-01	   6.8828508805513233e-01	   6.8982760798069853e-01	   6.2831538369016082e-01	   5.8398044717382780e-01	   7.4974094347003772e-01	   7.1122145842236018e-01	   6.4372174478101052e-01	   5.6536073649485763e-01	   5.6937135658897353e-01	   4.7814067694158990e-01	   5.5491591756828451e-01	   5.3689912317901256e-01	   4.2460612775371731e-01	   5.0517220062339896e-01	   6.5804379775553301e-01	   6.9336517148435473e-01	   7.9917110844970529e-01	   8.7459588427006463e-01	   4.6756446256568168e-01	   7.4102020775320532e-01	   4.5047990596299936e-01	   5.4543669704538622e-01	   7.2563325244613663e-01	   6.9801105007498843e-01	   6.2575399113164853e-01	   6.3170948382051462e-01	   5.8341566620241259e-01	   5.0925929904587908e-01	   4.8128556061969407e-01	   6.1702804191639549e-01	   4.8503849124793214e-01	   6.4945285986366041e-01	   6.3386820527446786e-01	   5.8072956172031565e-01	   4.7596474320542415e-01	   2.3505618057848693e-01	   5.7906169712804811e-01	   5.7267099130232846e-01	   4.3460663311102776e-01	   4.6473034990442003e-01	   5.0446344092640960e-01	   4.8053819096754824e-01	   3.0388364740723894e-01	   3.3276123531311397e-01	   4.6228902048511167e-01	   5.2651119381328304e-01	   5.2727028320235669e-01	   2.8085741203760872e-01	   4.3826555461074268e-01	   4.2322650483828977e-01	   4.5333152488574802e-01	   2.1676893498200314e-01	   5.3405731289956204e-01	   4.6617942106098764e-01	   5.7584940618095493e-01	   5.6292355863618371e-01	   6.4327871988217455e-01	   5.3274016472141927e-01	   5.4997994977481601e-01	   4.4318793927514566e-01	   2.5769145290965800e-01	  -1.2080974605895575e-01	   2.1038607140563131e-01	   3.3049130303999874e-01	   1.4265619221157319e-01	   3.4012294606789084e-01	   4.6980168057490185e-01	   5.2444656524856903e-01	   5.9285108643252060e-01	   4.9285761187838228e-01	   1.7375415850275355e-01	  -3.0054546454242803e-01	
   5.6496844971167903e-01	   5.5133673637653513e-01	   7.5737866380444030e-01	   6.0834873285374913e-01	   8.6355338390796332e-01	   7.5685203640776511e-01	   8.1381252238738855e-01	   6.0674789161617981e-01	   0.0000000000000000e+00	   6.7214525990542273e-01	   3.3082126732133010e-01	   4.6405661163822598e-01	   6.3209496431646439e-01	   4.8198942380061327e-01	   7.1034039769756219e-01	   6.5807254483125277e-01	   5.6820598590691651e-01	   3.2705405966705986e-01	   7.0296168527912439e-01	   6.8431907429189609e-01	   6.1969376453376890e-01	   4.4616501210742560e-01	   6.8499392166581796e-01	   5.9158472893754677e-01	   3.9649396959996486e-01	   2.9879442067061324e-01	   5.4049185248949727e-01	   4.7696469129869784e-01	   3.1583014441992108e-01	   3.7401367142781905e-01	   5.7869973919521767e-01	   5.6497156044756780e-01	   6.1616929798051445e-01	   6.0735522069477510e-01	   4.3505642746772621e-01	   5.4926215485217611e-01	   1.6129473355226315e-01	   2.6270103037937054e-01	   4.3134801771646603e-01	   3.6858192030753029e-01	   3.4967404569435678e-01	   3.4604057996041793e-01	   7.3835262118223743e-01	   6.8041860743464611e-01	   6.7936402438247678e-01	   6.5667258178877042e-01	   7.7655353526257409e-01	   7.6940052527867531e-01	   5.5150764765141747e-01	   5.5489481627717596e-01	   4.5434567672233905e-01	   4.3475795911864773e-01	   7.1928490094668751e-01	   7.2049358958879073e-01	   6.2736261615371380e-01	   5.9455030791726116e-01	   4.0323131393812189e-01	   5.0982023803336474e-01	   5.4705463034183821e-01	   4.6549740950661223e-01	   6.4681938601167210e-01	   4.6475852366841153e-01	   5.5802272176627676e-01	   6.1258267236221586e-01	   4.0616930776434734e-01	   2.9595661262486395e-01	   6.4935996470595014e-01	   5.5911121661838947e-01	   5.9746095381735898e-01	   5.4904486186510704e-01	   5.7154478942366449e-01	   5.9491032828601642e-01	   4.3381647528443512e-01	   4.3354117490852284e-01	   5.4935028275140918e-01	   5.2542402444236835e-01	   7.2218966252309547e-01	   6.2929823542768748e-01	   5.3717783483202075e-01	   4.9378279714844553e-01	   6.9761308913404352e-01	   7.0749132408277826e-01	   5.3467320358996484e-01	   5.3528148711157375e-01	   5.6273082664729090e-01	   5.1947684325409416e-01	   1.4459235815049182e-01	   1.8134492067832980e-01	   6.3786334207576767e-01	   5.1392166891019964e-01	   6.4004967769276233e-01	   4.8035567611676000e-01	   5.0066401942643202e-01	   5.7273406965782425e-01	   3.9830214503192196e-01	   5.8875992147888051e-02	   6.3645348997598861e-01	   4.8824709405480549e-01	   6.8338652190939286e-01	   7.1545636600714102e-01	   4.9310889332820385e-01	   3.9154051353128633e-01	   4.5091311890208940e-01	   2.7602126863295851e-01	   2.9842157824165555e-01	   1.7376131445963192e-01	   2.5285533655652320e-01	   3.7279875925624623e-01	   2.8746542162444835e-02	   2.2361626608930121e-01	   5.8556843188980345e-01	   7.0136024251904006e-01	   6.4263939037106532e-01	   6.6188690345256063e-01	   4.9861976238504341e-01	   6.4421666959601442e-02	
   5.1166708386529258e-01	   5.9172556475962679e-01	   4.1825650492872679e-01	   4.5660669545647214e-01	   6.1623167538813473e-01	   8.0911773842947421e-01	   4.6941068575606104e-01	   5.4249796153947605e-01	   6.7214525990542273e-01	   0.0000000000000000e+00	   2.2183873798739984e-01	   4.5427293690944071e-01	   3.3856843820593230e-01	   3.9655733730961074e-01	   3.5470175316812325e-01	   5.4349294883633481e-01	   3.5776234475248203e-01	   1.5629525526110682e-01	   5.1861508658874589e-01	   5.4121578606487353e-01	   5.8527587892448285e-01	   6.6407433883806966e-01	   4.1923194450505974e-01	   5.2432596566282563e-01	   3.0659053893335658e-01	   4.6901730598181313e-01	   6.2323459961357275e-01	   6.8584627497813888e-01	   6.4296129504812463e-02	   2.2388366919550912e-01	   2.8949072751302274e-01	   4.0987693692470112e-01	   4.5666242140762481e-01	   5.2756013434183524e-01	   3.5886059468420772e-01	   4.4515351945065318e-01	   3.0864989226900985e-01	   4.0350951401533519e-01	   4.8587237440521891e-01	   4.7798912855836828e-01	   2.5418666633034198e-01	   3.9003963837208594e-01	   5.9583101603326316e-01	   5.9742879142970429e-01	   4.7121172405500067e-01	   5.2496264340002485e-01	   6.4469441930142313e-01	   6.4204391729367305e-01	   4.6924021959779538e-01	   4.9875349359294058e-01	   4.5245951129889134e-01	   5.1477502366056938e-01	   5.5591022206841034e-01	   4.9301577314551681e-01	   6.3006564377995766e-01	   5.5397119127002981e-01	   4.3355135338261896e-01	   5.0892780551939099e-01	   4.1083553540101492e-01	   4.4703360585022733e-01	   4.2848091736435301e-01	   4.9547223243458266e-01	   1.4164828052958447e-01	   3.9752520923201107e-01	   2.6099272040495775e-01	   4.9263457438967917e-01	   5.2493695098849713e-01	   5.6131730695147763e-01	   5.2572294017544696e-01	   5.7873135066026504e-01	   5.7255248767394495e-01	   5.7748265016105660e-01	   2.6267563471691036e-01	   3.8065942099904798e-01	   3.6599638002778551e-01	   4.7282140903564956e-01	   6.4346429440006969e-01	   6.5667090011818652e-01	   3.3154973676236610e-01	   3.0962357071409130e-01	   5.3582515491527416e-01	   5.6130012565400189e-01	   3.5240778515430793e-01	   4.2665826368216875e-01	   4.4950715822598064e-01	   5.1271530677766153e-01	   2.6522925196996633e-01	   2.8359165749977611e-01	   5.7315601850785280e-01	   5.1962030805914272e-01	   5.0657896242094536e-01	   2.7815661337762909e-01	   3.8921391612056494e-01	   2.4279298460231502e-01	   4.8007016783573964e-01	   2.4417598724239253e-01	   6.5347068666018049e-01	   6.3614327270284199e-01	   6.2880230909136925e-01	   6.0335072125663536e-01	   4.5190446615743662e-01	   2.0273845792207101e-01	   4.0880570646327846e-01	   2.1351044417645787e-01	   3.8490679091297841e-01	   1.4597091680954105e-01	   2.9433318998727698e-01	   3.1624150551067065e-01	   8.0320650235519708e-02	   4.1887536184724233e-01	   6.5907233348083949e-01	   5.7859459326541973e-01	   5.5978490884910714e-01	   5.0238972624600720e-01	   4.4910958429970838e-01	   7.7013309007550684e-02	
   7.3426544367273383e-01	   6.5885761271596310e-01	   5.4686170981533044e-01	   5.2465634444609555e-01	   3.2537391263934491e-02	   6.9496028601828158e-02	   5.3650140505062982e-01	   5.1322996102214324e-01	   3.3082126732133010e-01	   2.2183873798739984e-01	   0.0000000000000000e+00	   4.6566346357302141e-01	   8.5777944979027199e-01	   6.5501107173934991e-01	   4.5498160004615318e-01	   1.8580546823687483e-01	   6.4060622697496417e-01	   1.8143991575640689e-01	   5.7402850292812235e-01	   5.3850296367681039e-01	  -6.5796657343304126e-03	  -6.9967742029863625e-02	   4.8510403482977332e-01	   5.3168288085781290e-01	   2.9622272171842284e-01	   2.9061757371263891e-01	  -8.3906918222937821e-03	  -4.2090222920263320e-02	   5.6836008852039877e-01	   3.2861894668391034e-01	   4.2943639164273756e-01	   4.8058484613631686e-01	   5.7605835897961188e-01	   5.6943645441575730e-01	   2.6683511302217594e-01	   3.6888045733534036e-01	   6.0614411034137047e-02	   1.7784561949678357e-01	   4.5173585108739964e-02	   8.1279031677646635e-02	   2.8679428092762299e-01	   2.4150805299955447e-01	   2.2395805490567833e-01	   1.8969186774758501e-01	   3.0320082076640964e-01	   2.6323958652084373e-01	   2.4921412912879615e-01	   2.3797748236813276e-01	   5.3208270836476235e-01	   4.3510257728775059e-01	   6.2572999989723777e-01	   4.9450507686713729e-01	   3.9643254938897521e-01	   3.2919485107608104e-01	   3.4851197855022098e-01	   3.2018090638022734e-01	   5.6635708215506586e-01	   6.0817013268222042e-01	   5.9591304119795374e-01	   5.5174724220125460e-01	   7.5725840217617590e-01	   5.3912832453547954e-01	   5.2560208984683487e-01	   5.8158714801998102e-01	   5.2829744158077097e-01	   5.4044310350289559e-01	   5.9565797156767863e-01	   5.1990553333193501e-01	   6.1831644891224657e-01	   5.7405779512156352e-01	   2.5481722771154763e-01	   2.5599500483549742e-01	   4.8317643777907265e-01	   4.6558792206337468e-01	   4.0893348222389242e-01	   3.7695413104744141e-01	   4.6930591324154219e-01	   4.2414311843733921e-01	   4.6457072806334732e-01	   2.4175939704664423e-01	   6.6121056134526224e-01	   5.6290884731226254e-01	   3.9336960051292663e-01	   2.8730755066031011e-01	   6.0697510256203380e-01	   5.2675014412149435e-01	   1.7844615180653572e-01	   2.8647070121280394e-01	   3.3262757036423590e-01	   3.5603300087959872e-01	   2.9527018499297003e-01	   1.7716183121389775e-01	   2.9758108671252259e-01	   2.5703502023727798e-01	   1.7316362179928346e-01	   5.7433304430336868e-02	   4.0249014765207303e-01	   2.0726460949134309e-01	   3.6349439442233938e-01	   3.8383177386975270e-01	   4.0673579225299250e-01	   3.1611302951149156e-01	   3.9827922320056147e-01	   3.0808480894396745e-01	   3.0791555160210904e-01	  -1.2566251625269233e-02	   3.0068979999387002e-01	   2.9943335571342067e-01	  -6.8377057137788466e-02	   1.9696547757668462e-01	   4.6634039148449241e-01	   3.8261034067370747e-01	   3.8466793093045992e-01	   2.2532010320338655e-01	   1.2794396052060047e-01	  -8.7911767666611507e-03	
   6.1195433747845829e-01	   6.7562329756425810e-01	   6.3630772322157991e-01	   8.4486589579218607e-01	   4.0936449679647635e-01	   4.5329047843482251e-01	   6.4842815507763074e-01	   8.0348580507874401e-01	   4.6405661163822598e-01	   4.5427293690944071e-01	   4.6566346357302141e-01	   0.0000000000000000e+00	   5.6990360636123194e-01	   8.1487929841540629e-01	   4.6378281331361837e-01	   5.7149379956065316e-01	   2.9056188164171948e-01	   6.7839296607239225e-02	   6.8093336442817287e-01	   7.3551527189746035e-01	   2.1902431487063706e-01	   1.9540203850256688e-01	   4.8666368582399822e-01	   6.5365099523210834e-01	   1.6576558291689375e-01	   1.3510122024355742e-01	   1.8780177522190963e-01	   1.5220432394146591e-01	   3.7697941040653338e-01	   4.7579133783506028e-01	   5.7759067473024672e-01	   6.7532129482265812e-01	   5.9995145667567873e-01	   6.8100890353999932e-01	   5.5475463098169212e-02	   2.1663954148645412e-01	  -4.1423988658023124e-02	   5.1360251902534210e-02	   6.7885490092947351e-02	   1.7255431281623757e-01	   2.9662363512089718e-01	   2.0222677700333402e-01	   5.4770478041201620e-01	   6.0868196693885035e-01	   5.7338636273882260e-01	   6.2347898297106930e-01	   5.6513938337608716e-01	   5.1789088299722408e-01	   7.5789423404889589e-01	   7.6139820300858840e-01	   7.2300183068041113e-01	   7.2352623538568794e-01	   6.2484835973375485e-01	   5.2969539805580557e-01	   5.3180385986033452e-01	   5.9199746940950915e-01	   4.5006167220122034e-01	   5.5970829938771427e-01	   5.9392583873547211e-01	   7.2729860312156347e-01	   6.2304075308436924e-01	   7.4769990817967880e-01	   3.3639461500166024e-01	   7.0897469778892441e-01	   2.2981835574473800e-01	   3.8331352176305472e-01	   6.0351294715206993e-01	   6.1892250768664114e-01	   7.2306120695046161e-01	   7.7499940884124607e-01	   4.9687615215531195e-01	   4.2309458532828087e-01	   5.5106982982623953e-01	   6.5317996400198686e-01	   3.7292881498742964e-01	   6.3372046716805031e-01	   6.1471738665673448e-01	   5.8124423132876601e-01	   3.1924240275745314e-01	   9.3587903414488305e-02	   5.5829723820522115e-01	   5.5451905546854441e-01	   4.8155454752287141e-01	   5.6008158038603706e-01	   4.6974933034307526e-01	   5.7784570281431891e-01	   2.8945793603400682e-01	   3.8506978442457573e-01	   3.2012083568553601e-01	   5.2136802166467344e-01	   4.9550699996081499e-01	   2.5895702281332167e-01	   4.1187244599465478e-01	   3.1055671833482390e-01	   3.1303795295066716e-01	   1.6935389041774826e-01	   4.3001896092347269e-01	   4.4143862758020203e-01	   5.2022652232710020e-01	   4.9999360771319135e-01	   6.6220876399703898e-01	   4.7788619908274399e-01	   5.7856645491714032e-01	   4.8629560597138022e-01	   3.0630979216961435e-01	  -2.8311401428379679e-02	   2.8124363364839289e-01	   3.6365058555347857e-01	   1.7801445744171937e-01	   3.5879677099087914e-01	   4.4074719515852590e-01	   5.4376497697712045e-01	   5.3993632580195106e-01	   4.4960515927082034e-01	   2.1191686306033547e-01	  -2.9529796485733451e-01	
   7.2411938614990312e-01	   6.6962690018019666e-01	   7.3809172796118938e-01	   6.4964659328255780e-01	   3.5210731306335796e-01	   2.7832111421193956e-01	   7.8899825741991281e-01	   6.4966295250449990e-01	   6.3209496431646439e-01	   3.3856843820593230e-01	   8.5777944979027199e-01	   5.6990360636123194e-01	   0.0000000000000000e+00	   7.5963423433593269e-01	   6.3439057178981195e-01	   4.0288248346203609e-01	   6.8728235789439229e-01	   2.4404150733875843e-01	   7.3661407633961984e-01	   6.9876334206624680e-01	   2.2627215284649974e-01	   1.1531464613309450e-01	   6.9407943676742634e-01	   6.6500449521474247e-01	   4.4272377947634367e-01	   3.4484053180124519e-01	   1.6774035151998601e-01	   1.0436922120679604e-01	   6.0439427268940249e-01	   3.9003438018745262e-01	   6.0601571644169294e-01	   6.2411902336887137e-01	   7.1424858711201145e-01	   6.6298585249495912e-01	   3.7921535242803101e-01	   4.8852779303450122e-01	   7.1621943566713392e-02	   1.9306375464824618e-01	   2.2210728426400181e-01	   2.2613042870732267e-01	   3.3730532223247545e-01	   2.7488094514632266e-01	   4.5303610235091951e-01	   4.0184493036756330e-01	   5.1173750871068080e-01	   4.6378878945193974e-01	   4.7448895039252614e-01	   4.7450197991646437e-01	   6.2586126325929414e-01	   5.1820834354924783e-01	   6.4500829034804341e-01	   5.0697476403250352e-01	   5.5213581493023067e-01	   5.0685065224206283e-01	   5.0582413074259236e-01	   4.8092852999615138e-01	   5.4606697179538988e-01	   6.0298881246112024e-01	   6.3302876916495632e-01	   5.4856596284390058e-01	   8.6285659156722694e-01	   5.8733142959276585e-01	   6.3340353606035193e-01	   6.7032282794726017e-01	   6.4231793894460265e-01	   5.5228854754863943e-01	   7.1229310923558753e-01	   6.0572490868509621e-01	   6.9670949307556462e-01	   6.3994230203153191e-01	   3.5874784861450326e-01	   3.4626912858112152e-01	   5.3560212916278283e-01	   5.0780764033809489e-01	   4.9543291734251516e-01	   4.0093325334644986e-01	   6.0940611765638941e-01	   5.0777576403088931e-01	   5.5843697516970514e-01	   3.7195732698848272e-01	   7.5423067544373534e-01	   7.1072597890504885e-01	   5.3552596355908222e-01	   4.3246509690936552e-01	   7.0422954966106488e-01	   6.2369895990201174e-01	   2.1503466959188627e-01	   2.8980015733653897e-01	   5.4285904806639618e-01	   5.0077996035730121e-01	   4.6682606126065085e-01	   3.1668601755675962e-01	   4.5459471180979000e-01	   4.8483634689484190e-01	   2.5817347052771322e-01	   7.3943475385352980e-02	   5.5371667336503116e-01	   3.5188431371815465e-01	   5.0916179664615535e-01	   5.4928098297666450e-01	   5.0624078004839679e-01	   4.4961162303322927e-01	   4.8698191210106712e-01	   3.7936831426419382e-01	   3.1584918443162613e-01	   3.8296554417243819e-02	   2.9686422560889525e-01	   3.7662885570081756e-01	  -2.9930674497397794e-02	   2.1538312028263490e-01	   5.8127768742805630e-01	   5.5257723045968432e-01	   5.4715704777341390e-01	   4.2761203444700613e-01	   2.7055776920748426e-01	  -3.0098386477599028e-02	
