   0.0000000000000000e+00	   8.5720943037040520e-01	   6.5368827493745918e-01	   6.4073317740885671e-01	   4.4433137093974429e-01	   7.4873935028834021e-02	   5.5604693089662804e-01	   6.3069039050159537e-01	   3.1867357066058966e-01	  -2.6985753303742956e-02	   6.9292959112962305e-01	   6.5660433163501664e-01	   5.3249378845076523e-01	   5.7382855573126301e-01	   5.8782939360167807e-01	   3.7485822807217961e-01	   6.1834401477940348e-01	   7.0045655268695983e-01	   8.1800132717762519e-01	   8.3571602204179685e-01	   2.8876894397519570e-01	   3.1372610575196330e-01	   5.5430291737590554e-01	   4.9399197916060794e-01	   2.8873792824569866e-01	   1.8550456008059629e-01	   6.1433691369601098e-02	   1.0946571120065224e-01	   5.7113090073871753e-01	   6.0150998142450152e-01	   4.5998943716473006e-01	   4.8221764021238378e-01	   4.6705104532397601e-01	   5.8195184450233017e-01	   2.0101140576342885e-01	   2.3915967580527236e-01	   2.2530384924584496e-01	   2.2683330656563633e-01	   2.5784911013054346e-01	   2.9802952497103929e-01	   2.6775857126720926e-01	   3.2508916742825483e-01	   7.2337491247687802e-01	   6.9180110864424471e-01	   5.9867532314533800e-01	   6.4193637251152380e-01	   7.1660210405092906e-01	   6.7710095673840720e-01	   5.0608262799300530e-01	   5.3296253547833183e-01	   4.2705080749766705e-01	   3.7039751555834904e-01	   5.2224949122192876e-01	   4.8744545927198357e-01	   5.4037957789100077e-01	   5.9521939398705537e-01	   8.8315559211699690e-01	   8.5630497850129461e-01	   5.6390020875605984e-01	   4.0885984668665964e-01	   5.5972643142201595e-01	   4.6421948380412570e-01	   6.9684987361955242e-01	   5.7608296253541635e-01	   2.7284613791067092e-01	   3.5709860443947700e-01	   4.1670601720225331e-01	   4.7047601975129266e-01	   6.8702752414382040e-01	   6.6333386390739579e-01	   6.3029239793438041e-01	   4.6001937610615218e-01	   5.6393001033486567e-01	   3.7142227750625711e-01	   4.5882169907141290e-01	   3.7563362811777268e-01	   6.1759332872775707e-01	   6.1003201145118657e-01	   6.9135617461700338e-01	   5.3756239448474519e-01	   6.6555510419134944e-01	   6.6597059669425063e-01	   6.2858541690198633e-01	   7.4328478142971655e-01	   6.3762843144724446e-01	   5.3495426826610326e-01	   5.1718227060216548e-01	   5.4129731347514731e-01	   4.5735894189061627e-01	   3.9801176796145582e-01	   3.8312092041553647e-01	   3.0219286401529977e-01	   3.4422626843819437e-01	   4.0322018911687851e-01	  -2.0200873029258232e-02	  -1.4968632225740677e-02	   4.6548436171118546e-01	   3.3091017001649992e-01	   7.2886882311610246e-01	   7.2185970853041770e-01	   4.1879844773629143e-01	   4.4997475624292649e-01	   2.9396648521625068e-01	   4.9072055104305945e-01	   1.5712219798291935e-01	   1.2636137132270939e-01	   1.5924392952828875e-01	   3.4006492504467312e-01	  -1.6268205160283328e-01	   1.6409523365063308e-02	   4.7547489657169634e-01	   6.4220988179323357e-01	   4.9597447313377829e-01	   3.9994931559204783e-01	   3.9815975775945922e-01	   2.3926650234395666e-01	
   8.5720943037040520e-01	   0.0000000000000000e+00	   6.5630472852186017e-01	   4.8449872711533759e-01	   2.3991142954895689e-01	  -2.5483214881199201e-01	   3.4072814766730386e-01	   5.5001996946639164e-01	   6.5133565780641958e-02	  -3.4045317405355069e-01	   5.8530897739677978e-01	   6.1326553693380581e-01	   4.1204497667672119e-01	   6.1348983425522430e-01	   5.4695498715161406e-01	   2.2222618088538559e-01	   4.4621202100895713e-01	   5.2452039921140869e-01	   7.4083258452595380e-01	   7.8048612223083591e-01	   1.8472396930653306e-01	   3.5875384423521745e-01	   6.0844844112864060e-01	   5.3575495028041153e-01	   2.2683341010088034e-01	   7.4875597873452757e-02	  -1.2809537247747613e-01	  -6.0874006391899202e-02	   4.3626354547065849e-01	   5.0599813149800654e-01	   3.8282446529782349e-01	   3.7033080350476261e-01	   3.8487350250838781e-01	   4.8834465310738645e-01	   1.7601009592781777e-01	   2.0483279064644891e-01	   3.2713048943138184e-01	   2.3315191842651664e-01	   4.0149420633627558e-01	   3.8700065288983149e-01	   3.5672613436606149e-01	   3.8067748468354806e-01	   5.6915134949646595e-01	   6.3909271477851104e-01	   5.6740684968657773e-01	   5.7458092691636264e-01	   5.7859851849361510e-01	   5.1989015046884224e-01	   5.1953604480014415e-01	   5.2141978313785398e-01	   4.3367481046686224e-01	   4.2022105439641355e-01	   3.2892615836444095e-01	   3.8996737121478686e-01	   5.6228309513174990e-01	   5.6461190268705042e-01	   7.1853386435697109e-01	   7.4222404903870343e-01	   4.9848726896218221e-01	   3.4182268549790806e-01	   4.3357863650518536e-01	   2.2071580657879186e-01	   5.8795362711107058e-01	   5.3689763862603679e-01	   1.8123316349593285e-01	   2.0756166227020795e-01	   3.2945945427798756e-01	   3.4760589514328699e-01	   6.1778129447958952e-01	   5.9084933411925289e-01	   5.3128842831988932e-01	   6.2913367745852311e-01	   6.9799452824469366e-01	   6.3137574264229224e-01	   3.4789696867889897e-01	   5.6907233950768354e-01	   5.7512036478023709e-01	   5.6288359357306894e-01	   5.3371495101991362e-01	   3.9552538917053093e-01	   5.6727025251373830e-01	   5.4361871110169124e-01	   6.1351786977226674e-01	   6.4821152200413001e-01	   5.6055017997021450e-01	   3.3462211194203251e-01	   6.5528641792226572e-01	   6.0933621317814957e-01	   3.5073952952878068e-01	   3.6559666779907174e-01	   1.8721880307153621e-01	   1.6624280901008950e-01	   1.5980307854877451e-01	   3.2815244069605587e-01	  -3.3903383913981330e-02	  -1.5024584668326080e-01	   5.2308713174276611e-01	   3.6293047131830847e-01	   6.3029172392274790e-01	   5.7808121666901924e-01	   3.7392502147392614e-01	   4.7439668527791579e-01	   3.3048468741796411e-01	   4.5003180752486882e-01	   1.8947001832926563e-01	   1.1996582953170404e-01	   2.6749209059427703e-01	   4.6884665920054358e-01	  -1.0040765369214924e-01	   1.2213834374670883e-01	   4.6467913601761401e-01	   5.2418278327857015e-01	   3.2435534924970505e-01	   3.9879277078757547e-01	   3.1242721499487458e-01	   1.9547823084387869e-01	
   6.5368827493745918e-01	   6.5630472852186017e-01	   0.0000000000000000e+00	   7.4997327694958238e-01	   4.7767080987466298e-01	   3.6595429510132130e-02	   6.5245129889838716e-01	   7.3055875837153361e-01	   2.4998138205839515e-01	  -2.1462725997515553e-01	   6.6061522293723474e-01	   5.0933326110390442e-01	   5.4677018455733983e-01	   6.7806660895491322e-01	   6.9079351728358651e-01	   3.9757523213733481e-01	   3.5786121476767152e-01	   4.1335812450380688e-01	   7.2008996428199823e-01	   7.2288670219973428e-01	   4.1184395621488340e-01	   5.4826245752569136e-01	   8.6022699873632247e-01	   8.0072799756150737e-01	   5.7389499796041488e-01	   5.0551169482181724e-01	   1.2990452100416944e-01	   2.2197960686774343e-01	   4.2763893221622507e-01	   4.6845836479797931e-01	   7.6346477570545102e-01	   7.5780645736367713e-01	   7.1081932717538532e-01	   7.7951361118361284e-01	   5.5682673284994066e-01	   6.5424209326833260e-01	   5.9405747724543490e-01	   4.6757745717836857e-01	   5.4499783622705444e-01	   5.5291070877309545e-01	   4.1573773208459808e-01	   4.6425429845887078e-01	   6.5640056018491477e-01	   6.1192394819343909e-01	   6.7932419167056812e-01	   6.9741955716669524e-01	   7.3529950722127824e-01	   6.9333394669108594e-01	   6.1603556366819157e-01	   5.8628339392638373e-01	   6.5933236047665433e-01	   5.6390707768070469e-01	   5.5768422080287228e-01	   6.0432366559161654e-01	   7.8066223367568999e-01	   7.2442399858067430e-01	   5.2868507320482072e-01	   5.1106486223759384e-01	   6.5233302794414239e-01	   4.0385965996835677e-01	   6.7697120906443109e-01	   3.7638215914977707e-01	   5.6845345581579554e-01	   5.2133583222426461e-01	   5.5871065981834989e-01	   5.3444971921937745e-01	   6.8617998560513715e-01	   6.9139099150313443e-01	   5.7112597696215639e-01	   5.9294259625913259e-01	   7.2051960304931373e-01	   6.7261220451333448e-01	   7.0717153224753015e-01	   5.3386042014638957e-01	   2.9774375269207692e-01	   5.5014344622728550e-01	   6.9470969194975463e-01	   6.2448064097198042e-01	   4.8903538139462099e-01	   4.9788764978649347e-01	   6.1531076451617617e-01	   6.8081976470950556e-01	   7.5181785102290322e-01	   7.5809169097130935e-01	   8.4347725162240450e-01	   6.2410596105167426e-01	   6.9001607200615200e-01	   7.0302049452507298e-01	   6.3644904258483126e-01	   5.5387458623365271e-01	   4.6508714690174746e-01	   4.4020630885629780e-01	   3.2528286098580100e-01	   5.5004519647947481e-01	   3.8003954952180993e-02	   6.8037367525096454e-02	   6.5531014518264730e-01	   4.8250157469751098e-01	   6.8149240875734485e-01	   6.4829736069138855e-01	   4.3572077165046974e-01	   5.1366032141108542e-01	   4.0441043251675379e-01	   6.0973319459295738e-01	   4.1090649226442300e-01	   3.9905180822384029e-01	   2.3500220560457522e-01	   4.4059809936406824e-01	  -9.0153559450999402e-03	   1.5055346831169933e-01	   5.8588711461961185e-01	   5.8398694822104680e-01	   4.0976320967253538e-01	   3.2939285679292202e-01	   2.2110154104087765e-01	   1.6457609330666194e-02	
   6.4073317740885671e-01	   4.8449872711533759e-01	   7.4997327694958238e-01	   0.0000000000000000e+00	   5.7603898869292069e-01	   3.1843629653883043e-01	   6.9171526247168458e-01	   7.8713544256769763e-01	   3.3590680743779688e-01	   9.1312363955998399e-02	   5.5799650241730614e-01	   5.7928151219299628e-01	   5.2216028412611082e-01	   5.6559484635294088e-01	   4.7566487438839300e-01	   5.6954978514708543e-01	   3.8012341326747467e-01	   4.4756774580124314e-01	   5.6671908244869806e-01	   5.8256851539948518e-01	   2.3538004549269334e-01	   3.3494893947660775e-01	   6.8600352032976430e-01	   7.3283582892837151e-01	   2.9774693466126789e-01	   4.2134242385669807e-01	   1.4060996958782571e-01	   2.6182935760910164e-01	   2.8973321705029620e-01	   4.0451508530135927e-01	   6.3198906498323248e-01	   7.0892535812370117e-01	   4.8527240771563629e-01	   6.2890754462618004e-01	   2.6004354372239663e-01	   4.4318625973643483e-01	   2.5302699691947722e-01	   2.4771973391856356e-01	   2.5943552990712210e-01	   2.2138654628388799e-01	   1.1260297241691994e-01	   1.8738909568406387e-01	   5.3437169023032427e-01	   4.2644615440044886e-01	   4.9682969510475983e-01	   5.2858654187949028e-01	   6.0012450154288022e-01	   5.7684860505603264e-01	   4.5917379039111017e-01	   4.2945184236918366e-01	   4.8226610360681449e-01	   4.5421508668388377e-01	   5.8460157322898576e-01	   5.2385978918065124e-01	   5.4773896174298620e-01	   5.5774439315551516e-01	   6.1167883504589271e-01	   5.9864768899241039e-01	   5.9658797594508994e-01	   4.5901233533734248e-01	   6.1604008775083052e-01	   6.6480493904651938e-01	   5.1844142242406721e-01	   5.4177524269091792e-01	   3.9598217395558116e-01	   6.0193997876296801e-01	   5.6941724609005673e-01	   6.0973153178948236e-01	   4.5298009278946272e-01	   5.3062383836386828e-01	   6.3325453335441517e-01	   3.9176388162041431e-01	   4.3248162691496961e-01	   2.2023454772473405e-01	   2.4639712774458700e-01	   2.7697290448758544e-01	   4.9512880468902309e-01	   5.0602671490025619e-01	   4.9573962934269955e-01	   4.8439762750079607e-01	   5.4089622594072551e-01	   5.7983184914880326e-01	   5.2279762686786269e-01	   6.8177077048893642e-01	   6.6104416646361908e-01	   6.9388510831749273e-01	   4.3247923947566325e-01	   5.2584794662746914e-01	   6.2784575596921011e-01	   6.8771141926273927e-01	   6.2990807579981312e-01	   5.3390179583483766e-01	   6.0305707812293674e-01	   5.0547739639792599e-01	   4.8433992563162546e-02	   2.3686650925797023e-01	   4.6025395555516657e-01	   3.5347517802515804e-01	   6.9528844567770598e-01	   6.7479812168132969e-01	   4.8904925560633672e-01	   4.4093772914850893e-01	   3.3650180024206644e-01	   5.2951184971526821e-01	   2.3323222112285960e-01	   2.6515703188293854e-01	   8.8439609031772892e-02	   2.8190440922563176e-01	   1.8395481525214634e-02	   4.7891740702998703e-02	   3.9914100604623193e-01	   6.1736458356737245e-01	   5.2618878492744059e-01	   3.0842734230640245e-01	   1.7878009687299218e-01	   2.3248982225070096e-02	
   4.4433137093974429e-01	   2.3991142954895689e-01	   4.7767080987466298e-01	   5.7603898869292069e-01	   0.0000000000000000e+00	   6.2292032395065478e-01	   6.5675003576193403e-01	   5.0915022668346333e-01	   6.6792855270676454e-01	   4.5772890428313007e-01	   3.1706721956088824e-01	   3.2968496197772879e-01	   3.6574435082379242e-01	   3.7609428239052212e-01	   2.8218274876231969e-01	   4.2050321240239130e-01	   3.7066260222530306e-01	   3.4311464098976713e-01	   3.9652260079238150e-01	   4.3412293969966093e-01	   5.3512212043980978e-01	   3.1587572607299974e-01	   3.3720005986690138e-01	   3.4406261265071236e-01	   3.9529467069681429e-01	   5.2991005643907019e-01	   3.6547675226952148e-01	   4.9616011795756221e-01	   3.8508491751265050e-01	   3.5920280369508717e-01	   5.0300193894629164e-01	   5.1636897601554566e-01	   5.3542348923018146e-01	   5.2283935815598592e-01	   3.5101886482438072e-01	   4.5227170643320347e-01	   1.0323043516067246e-01	   1.0651681121624101e-01	   2.4849682762466185e-01	   2.2883094685051442e-01	   1.2618498352838431e-02	   7.1763196199106198e-03	   4.9123790994002103e-01	   3.8713043603714337e-01	   4.3109521761916747e-01	   4.0459409742980351e-01	   5.9623617073239776e-01	   5.5878270922501605e-01	   3.7171168702132562e-01	   3.0917423823589119e-01	   5.1176597057549700e-01	   3.6819372348323964e-01	   7.0656126549236009e-01	   6.6742776483314925e-01	   4.9867295482575669e-01	   5.1508138160882522e-01	   4.3361217170585520e-01	   3.8150238564146649e-01	   6.0490120657122659e-01	   4.3261211619652462e-01	   5.9135012282086741e-01	   5.2601078781805632e-01	   2.5939504415060355e-01	   2.6309375520990252e-01	   2.7399393795776206e-01	   4.6254115668172463e-01	   6.1024041850660127e-01	   6.1539933850393069e-01	   4.6602803653346003e-01	   5.5937828754149477e-01	   5.2635707330660320e-01	   7.5974127311966122e-02	   1.1164683128141911e-01	  -1.1283822919059681e-01	   2.8789298067428692e-01	  -5.3516637672329885e-02	   3.4358958778821136e-01	   3.5812740626991085e-01	   4.6169829100132281e-01	   4.3673819022484289e-01	   3.9685784575469096e-01	   5.0073867522439897e-01	   2.6643414264592169e-01	   3.5611916952778733e-01	   4.6994580723249635e-01	   5.8774722681468983e-01	   1.1214866903673561e-01	   2.5832241851496762e-01	   5.2944331155598712e-01	   4.7028074669355446e-01	   5.1093184272938441e-01	   4.4484515540372127e-01	   4.8417858579251194e-01	   4.5534804523772032e-01	   1.6209380854945105e-01	   1.4628160209257610e-01	   3.7273431362762710e-01	   3.2086850468672973e-01	   4.6651803370699485e-01	   5.0567751815952278e-01	   2.1470978273737329e-01	   3.2190497767262261e-01	   7.8102050070890022e-02	   4.0572255801664847e-01	  -7.0084933115334536e-02	   2.5563185748434140e-02	  -2.3763720379152126e-01	   7.5392199045223207e-02	  -9.1089418459244439e-02	   1.6759666989404717e-01	   4.1997410807340163e-01	   6.3431363467225188e-01	   5.2952991979097941e-01	   3.5167166582988774e-01	   2.4019050339483844e-01	   5.1602348367376816e-02	
   7.4873935028834021e-02	  -2.5483214881199201e-01	   3.6595429510132130e-02	   3.1843629653883043e-01	   6.2292032395065478e-01	   0.0000000000000000e+00	   5.6565483628306723e-01	   1.4145987866721937e-01	   7.3499872824785317e-01	   8.3291036398641216e-01	   7.7956727951848964e-02	   1.4569458269320890e-01	   3.1577946706373689e-01	   9.5263472221600073e-02	   1.5461985799899858e-01	   4.8294220691716783e-01	   2.9890995167878553e-01	   3.8608691400163975e-01	   6.5575941205040733e-02	   4.4093589963016468e-02	   4.1522900164768817e-01	   4.5473827794323483e-02	  -6.2787932047463454e-02	   8.4167400990111836e-03	   3.6526397094979179e-01	   5.7178231746664543e-01	   7.1826876044784660e-01	   7.2284646486347925e-01	   1.8574579711366829e-01	   1.0576577781883953e-01	   2.4993966903538659e-01	   3.1244594630450351e-01	   3.6253173101517555e-01	   2.9271994728506218e-01	   3.2148349571601137e-01	   3.1825349943598941e-01	  -5.3464904247975384e-02	   1.1340337154715199e-01	  -8.9016512571816336e-03	   1.2849752213718360e-01	  -1.4056571003133522e-01	  -1.5977812743741698e-01	   1.9868006467554766e-01	   6.3467223073460005e-02	   8.9213590510719948e-02	   1.1236183872962663e-01	   2.8826125566537375e-01	   3.1937432379004188e-01	  -4.7170869868856016e-03	   7.2418230872872552e-03	   1.8655979460767130e-01	   7.3429968122567357e-02	   5.0059077245012795e-01	   3.8150553193652897e-01	   2.2007981313014369e-01	   2.8718042152126144e-01	   1.7800255959170952e-01	   1.5743519669776185e-01	   3.3522611285553261e-01	   2.6036133695350350e-01	   3.8861568787308098e-01	   4.3218870902045076e-01	   4.0713825364803384e-02	  -7.1223551659728213e-02	   4.0929486757227773e-01	   5.3049815710390269e-01	   3.9549581526894240e-01	   3.6891402112485927e-01	   1.9171229505058107e-01	   2.1509286186744392e-01	   2.0942146978213458e-01	  -4.8369247391458481e-01	  -2.9301637764970501e-01	  -6.9513159703904059e-01	   4.1198993677985396e-01	  -5.9808742753115030e-01	   8.7735269641685057e-03	   8.5035473753027141e-02	   2.8708962947304389e-01	   3.8190403186443583e-01	   1.1542450602373805e-01	   3.2528001659493877e-01	  -2.8725159790262633e-02	   1.0206764072572019e-01	   2.6643703769969029e-01	   5.7647077949058900e-01	  -2.4004633558296246e-01	  -8.5821804337839869e-02	   5.3467745349825402e-01	   4.0722053920712037e-01	   4.2405262918070974e-01	   4.2626410698951173e-01	   4.6521666236695480e-01	   3.1358040962481748e-01	   9.6792338545203888e-02	   2.8778371273550257e-01	   1.1730649523271497e-02	   1.7115724813976360e-01	   2.2034174147052316e-01	   3.2428709232122488e-01	  -4.8414509606988412e-02	  -3.3650820665926909e-02	  -1.7482673327398424e-01	   7.1637396991053204e-02	  -1.2871509906454875e-01	   1.0041145199670390e-01	  -2.4977777509036903e-01	  -1.6376166075241941e-01	  -4.5335457438816035e-02	  -5.8108437832959263e-02	   1.6618941838564413e-01	   2.9828201323809245e-01	   4.0925720478029293e-01	   8.8055415844405280e-02	   1.8718764776363686e-01	  -2.0725147059505178e-02	
   5.5604693089662804e-01	   3.4072814766730386e-01	   6.5245129889838716e-01	   6.9171526247168458e-01	   6.5675003576193403e-01	   5.6565483628306723e-01	   0.0000000000000000e+00	   7.3312872973074772e-01	   6.5632348277230168e-01	   3.4261419973708840e-01	   6.3900266261903860e-01	   5.0765835488717581e-01	   7.0179328865495083e-01	   5.7222121640107360e-01	   5.0187391071295462e-01	   4.5040251105508688e-01	   5.7402343337006834e-01	   6.2930440615673100e-01	   5.3380258209557174e-01	   5.4174498900835566e-01	   5.0076146759728124e-01	   3.2326650966287229e-01	   4.4231913778721665e-01	   4.0380989792840094e-01	   4.5934747553276067e-01	   5.7975818754050201e-01	   3.9720831648209948e-01	   4.5666280833041806e-01	   4.8422972474343950e-01	   3.6964847767676251e-01	   5.9886208726903123e-01	   6.5747963086145367e-01	   6.9390429673007570e-01	   6.8566564978942757e-01	   3.5801089842613792e-01	   4.7896300017417337e-01	   3.9363306143948118e-01	   3.5244503976827107e-01	   3.7720740156631849e-01	   4.1488269033645619e-01	   2.1495762017949777e-01	   1.6962365329436210e-01	   5.7228835471575012e-01	   4.8838469447480926e-01	   5.1246857914740751e-01	   5.3585675629954366e-01	   7.0890170085256632e-01	   6.6430038075435460e-01	   4.2309697294149479e-01	   4.1314606778766355e-01	   5.3912814985889290e-01	   4.0843955368399448e-01	   6.9115492632554332e-01	   6.1640536338394258e-01	   6.4063166449339337e-01	   6.4671119527409315e-01	   5.2582975390355768e-01	   5.4102670259377117e-01	   6.9978766570409179e-01	   4.6209168627368530e-01	   8.0270613399327484e-01	   6.0855149614472026e-01	   5.7540784688623270e-01	   4.7311435941478813e-01	   5.2636548091085755e-01	   6.5984406652308780e-01	   7.4065337585550828e-01	   7.7878929186101553e-01	   6.3922827853383679e-01	   6.7824611451854022e-01	   6.6354224510487747e-01	   2.0004648456262658e-01	   3.7281837671606094e-01	  -2.4215985914157682e-02	   4.9897892027072177e-01	   7.1841729122884931e-02	   4.4965496883166456e-01	   4.7824824066510141e-01	   5.9573579144428368e-01	   7.2271570884291925e-01	   5.7692679390489321e-01	   6.9047253887462101e-01	   4.7216927478081017e-01	   5.0731363010959152e-01	   7.2580744114032525e-01	   7.2879670291700305e-01	   2.8648493225292704e-01	   3.0133642161405871e-01	   7.3773363964095973e-01	   6.9879564868564803e-01	   6.5563425093302607e-01	   6.7794207504331250e-01	   5.5105079574433158e-01	   7.4220940964166626e-01	   2.0277652880711294e-01	   2.1920569724597633e-01	   5.6874463211031145e-01	   5.1592055384708202e-01	   6.3521490102966882e-01	   7.0944889860979110e-01	   3.8642690003033753e-01	   5.3486711362939476e-01	   3.4079158762142392e-01	   6.2269156604831921e-01	   1.9541848320815974e-01	   2.7966289573165620e-01	   5.0361664042804719e-02	   2.5471809589676586e-01	   5.4300982602873540e-02	   1.9769653438439350e-01	   6.3063743178729170e-01	   6.4789167067299136e-01	   6.4398352140218984e-01	   3.8524017847174885e-01	   2.7957121506466048e-01	  -8.9610972398223576e-03	
   6.3069039050159537e-01	   5.5001996946639164e-01	   7.3055875837153361e-01	   7.8713544256769763e-01	   5.0915022668346333e-01	   1.4145987866721937e-01	   7.3312872973074772e-01	   0.0000000000000000e+00	   2.6847044709259471e-01	  -7.4835764020408327e-02	   5.7814241222454166e-01	   5.9628650069985556e-01	   5.0028689416589500e-01	   5.9148400087255926e-01	   4.1467086088999328e-01	   1.7415943512624993e-01	   3.9989831159982020e-01	   4.0599028648331420e-01	   6.0844386964673625e-01	   6.5014896836036207e-01	   2.6437947302722653e-01	   3.9099007005387021e-01	   6.0024416382162071e-01	   4.9401411730320310e-01	   2.6154241088338126e-01	   3.1664410417678096e-01	  -9.1336797963652280e-02	   4.5417088395799013e-02	   4.4587433115537656e-01	   4.8458394572922547e-01	   5.9066120563997593e-01	   6.2468119446942527e-01	   5.4179952621979055e-01	   7.0174317576111966e-01	   1.9357299935981309e-01	   4.2742157201247866e-01	   3.6306741347372390e-01	   1.9539951434140795e-01	   3.9046030174353896e-01	   2.4318565265476738e-01	   2.2528698662606261e-01	   2.4203866686353587e-01	   5.4056564595349821e-01	   4.6168504543221389e-01	   5.7236595597936690e-01	   6.0430484615123659e-01	   6.5840458745739339e-01	   5.6907151515130616e-01	   5.2736508382815384e-01	   4.9612704496706095e-01	   4.7552919676982447e-01	   4.6215869104136442e-01	   5.1227976765632754e-01	   5.1426284428984059e-01	   5.6337470009294754e-01	   4.7844352993910794e-01	   5.3820684759881821e-01	   6.1030422831653830e-01	   6.4823767837619761e-01	   6.0573955552745506e-01	   6.8286500130755445e-01	   6.9985934053985854e-01	   6.1992574629176611e-01	   7.3549023977839489e-01	   2.3038329323073095e-01	   5.0559988006400713e-01	   6.4193657453563679e-01	   7.3756468526648700e-01	   5.2747964554550764e-01	   6.4197434582659829e-01	   6.9461319573711411e-01	   6.0029572064051939e-01	   6.6046861296231485e-01	   4.6354064104569503e-01	   2.1909500420274206e-01	   4.6390895430945256e-01	   6.6283099307023363e-01	   6.1146682629929883e-01	   4.8903837435178299e-01	   5.1722438358929823e-01	   6.5926670168934509e-01	   6.0774793025628648e-01	   5.7488939292949859e-01	   6.1068863602151657e-01	   6.0374362034806228e-01	   4.4115234061004582e-01	   4.9105396659822864e-01	   4.0945964798031381e-01	   4.5551102101113028e-01	   5.6058060977811408e-01	   5.5608985288003288e-01	   4.4483631237558685e-01	   4.9963808874401994e-01	   4.6539666821829412e-01	   6.5466661393084324e-02	   2.0020875785577058e-01	   5.5830163608757200e-01	   3.7737284506480601e-01	   6.4398700193664937e-01	   5.9525309922730618e-01	   6.8834114329822249e-01	   6.4927775163454571e-01	   5.7814072700390495e-01	   6.6688092630498286e-01	   2.5501491518544300e-01	   2.0046103598196230e-01	   2.5288904527374861e-01	   5.0163219162052441e-01	  -5.4458079814969425e-02	   7.7261073094713875e-02	   5.0836193563502596e-01	   5.5951958813966440e-01	   4.9103506879182018e-01	   4.1083877415881664e-01	   2.9229491377295952e-01	   1.4819112304906507e-01	
   3.1867357066058966e-01	   6.5133565780641958e-02	   2.4998138205839515e-01	   3.3590680743779688e-01	   6.6792855270676454e-01	   7.3499872824785317e-01	   6.5632348277230168e-01	   2.6847044709259471e-01	   0.0000000000000000e+00	   7.5663209406790366e-01	   3.9889908179554534e-01	   3.1327661572228627e-01	   3.9199927879649799e-01	   3.4410854960193760e-01	   4.2058293743420216e-01	   5.2954522352489919e-01	   4.1465262377006618e-01	   4.5077980979448734e-01	   3.3599759680729091e-01	   3.4698045227771074e-01	   3.3052614162888710e-01	  -1.3991287490288599e-02	   1.1585346789569725e-01	   8.3538874376850120e-02	   4.2498626131413164e-01	   4.0504697750585211e-01	   5.2611700820698371e-01	   4.7025904365651461e-01	   3.4767589473635002e-01	   2.9435584139212367e-01	   1.8324977090864708e-01	   2.9078251626866719e-01	   3.8890615524458261e-01	   3.4147638237483363e-01	   3.2093795883064891e-01	   2.5082361891136895e-01	   4.3770582714598397e-02	   1.4528109827124275e-01	   4.0141952613856509e-02	   1.4754419731872676e-01	  -1.3966251213086089e-01	  -1.4274488446131103e-01	   2.9939620569638276e-01	   2.0691728472405083e-01	   1.5739588912113933e-01	   1.2886648302081946e-01	   4.3591770657949014e-01	   3.6373546119214700e-01	   3.1830294374881093e-02	   6.4039285046570693e-02	   3.6335947688988041e-01	   1.4619559404198151e-01	   6.5791113276075053e-01	   5.8142246847891943e-01	   3.8500135477398373e-01	   4.5334848855218657e-01	   3.5986572569971342e-01	   3.2339605876126626e-01	   5.7569275745171100e-01	   3.7407564555504846e-01	   6.3779469172196990e-01	   5.1663094328510228e-01	   1.6515473831381697e-01	   4.9453060919087008e-02	   4.8636029959862920e-01	   5.4026391214440217e-01	   4.5414999364698216e-01	   4.5702908825336336e-01	   4.2307744170724859e-01	   4.4631312144734453e-01	   3.9631068650239015e-01	  -2.6730907448803792e-01	  -1.2664916498631701e-01	  -4.4732339635448259e-01	   3.5763861447949996e-01	  -4.0907672670353823e-01	   1.9250866313359632e-01	   2.2572032226401892e-01	   4.0827674738483366e-01	   4.3375426960995822e-01	   2.2557563300222941e-01	   4.5503456086119598e-01	   1.2122577853012738e-01	   2.0592955830328685e-01	   4.8210097493873827e-01	   6.5261422446731876e-01	  -8.6700750791108727e-02	   1.1588885298203119e-01	   6.0666601432907497e-01	   4.6277252994115436e-01	   4.8130843277181934e-01	   5.6515746938587641e-01	   5.2185944837286269e-01	   5.1718481289760476e-01	   2.4154422397246994e-02	   1.4591263906764410e-02	   1.2713810648360915e-01	   1.9883757462045371e-01	   3.7602187028920253e-01	   4.8006528774236157e-01	   9.0579888268544462e-02	   2.1863974563234922e-01	  -5.6287291363375999e-02	   2.1961248679097115e-01	  -1.1119652218213355e-01	   8.5105628493394453e-02	  -8.1324593319966262e-02	   6.6865479381218784e-02	  -1.4197169623972999e-01	   9.4313751803326087e-03	   3.3480012888054456e-01	   4.4511208084041726e-01	   5.5926836229146770e-01	   3.3936796508619038e-01	   3.5940096152304535e-01	   6.7176103420584818e-02	
  -2.6985753303742956e-02	  -3.4045317405355069e-01	  -2.1462725997515553e-01	   9.1312363955998399e-02	   4.5772890428313007e-01	   8.3291036398641216e-01	   3.4261419973708840e-01	  -7.4835764020408327e-02	   7.5663209406790366e-01	   0.0000000000000000e+00	   5.7487794678520596e-02	   1.4065793077881070e-01	   8.0184751080899938e-02	  -2.2656957382225437e-02	   2.7630730693897453e-02	   3.8837171684799304e-01	   2.6609908724449072e-01	   2.5852296113707379e-01	  -1.4052334433484359e-02	  -8.8951896858668611e-03	   5.9088630722170812e-02	  -3.8100217501267369e-01	  -2.1974332004783126e-01	  -1.9202525848596014e-01	   1.6331888232779582e-01	   1.7276116868906749e-01	   5.5598065774729355e-01	   4.6503667813151656e-01	   1.5811558736117107e-01	   1.9549156758646763e-01	  -2.0198662717866089e-02	   7.9573469654914103e-02	   9.5383547943802008e-02	   3.5808908244910176e-02	   1.1831970904281260e-01	  -1.2688989348856391e-02	  -3.0083801895515616e-01	  -1.0183748235438252e-01	  -2.9229300649059742e-01	  -1.8087932365701814e-01	  -4.3721777570328657e-01	  -3.9013213176926553e-01	   4.4761633715048793e-02	  -5.1270606821706158e-02	  -8.3403041935930095e-02	  -8.2120033406018894e-02	   8.9623362654980304e-02	   1.1664277240362628e-01	  -1.2980911226387545e-01	  -7.8331138535051983e-02	   1.3112087012650050e-01	   3.9601874899875003e-02	   3.8268032215476600e-01	   2.9317449782714539e-01	   2.2815162486727741e-02	   1.2536060646861968e-01	   7.4817687475694297e-02	   4.4768633188668840e-02	   2.9910576528923005e-01	   2.6937230554900704e-01	   2.8129651406922562e-01	   4.2018619562987003e-01	  -9.6514364633596153e-02	  -1.9283574182424287e-01	   2.6881516827578716e-01	   3.5245741406242770e-01	   2.0772193647321652e-01	   1.6657224202976567e-01	   1.5578075097442465e-01	   1.4164633942833449e-01	   7.4262914661312726e-02	  -7.1308880556819765e-01	  -5.6758448657584648e-01	  -8.2854061149436520e-01	   2.7384297595473589e-01	  -7.7015740408916888e-01	  -1.5230981958973061e-01	  -1.5758690893705662e-01	   1.9844955911244672e-01	   1.9835759552968832e-01	  -4.5907849759319774e-02	   1.6523904502760392e-01	  -2.6223975215509526e-01	  -1.0087285186685827e-01	   6.2294167139244044e-02	   4.5691805016703591e-01	  -4.1440324791735095e-01	  -1.7836923424674250e-01	   3.2710345842584054e-01	   2.1984385292286512e-01	   2.2880594602254400e-01	   3.2523936084288724e-01	   3.0557360538418599e-01	   1.5191563096067023e-01	   4.9714365246484787e-02	   1.8577115769690186e-01	  -1.7943872059093460e-01	   3.6558159399756998e-02	   7.6231464963496545e-02	   1.9715425758723915e-01	  -1.2997719157729384e-01	  -1.7753335271197887e-01	  -2.8670484401970853e-01	  -8.8094249019783008e-02	  -3.2189622624270092e-01	  -8.5754683415545693e-02	  -2.8403243639916770e-01	  -2.3492415740136324e-01	  -5.8839700533994399e-02	  -7.3785282888075371e-02	   2.0515554054455289e-02	   1.8879565267384646e-01	   3.7173328946615225e-01	   3.5454450211990854e-02	   1.1616898169203782e-01	  -4.8418211202150618e-02	
   6.9292959112962305e-01	   5.8530897739677978e-01	   6.6061522293723474e-01	   5.5799650241730614e-01	   3.1706721956088824e-01	   7.7956727951848964e-02	   6.3900266261903860e-01	   5.7814241222454166e-01	   3.9889908179554534e-01	   5.7487794678520596e-02	   0.0000000000000000e+00	   6.5029486740041820e-01	   6.7494327734697257e-01	   6.0914765251316949e-01	   6.2821799655422028e-01	   4.1961321068726287e-01	   6.6390316133523575e-01	   6.4962399970822204e-01	   7.8286207973655564e-01	   7.8928042711909674e-01	   2.3101983619150773e-01	   2.0495021773271130e-01	   5.6742091102592196e-01	   4.6737186390049634e-01	   4.2845533455517049e-01	   2.0850914497042944e-01	   1.2272762153589913e-01	   1.5620652790154477e-01	   7.0873282835193341e-01	   6.2645518872318440e-01	   5.1043341932225128e-01	   5.8283349055287847e-01	   5.8380247903208526e-01	   6.1881564451765847e-01	   2.1698101297195799e-01	   2.9907000485668478e-01	   3.0200676385952846e-01	   3.2305810112014582e-01	   2.5949567439135257e-01	   2.7427887107133186e-01	   2.1805201785064160e-01	   3.2916401864090239e-01	   5.3119639104041427e-01	   4.9633423138081778e-01	   4.0741339566150103e-01	   4.2207930864196680e-01	   5.8974500182270795e-01	   5.1381561841671042e-01	   3.5282512782167641e-01	   3.5588824395175456e-01	   4.6851321272915336e-01	   3.2417410105866179e-01	   4.8715989118354364e-01	   4.0222946775783530e-01	   5.0636358584750374e-01	   5.3016870089104928e-01	   5.9543965927493536e-01	   5.4118707313174064e-01	   5.0655061146837133e-01	   3.4925443051104477e-01	   6.4887296978857922e-01	   4.9599919286997529e-01	   6.2866293492867453e-01	   5.1022454807864615e-01	   3.7555214229389966e-01	   5.0957079331601318e-01	   4.1869957755937726e-01	   5.1560971159479752e-01	   6.3578200941180718e-01	   6.2123699409338595e-01	   6.4236640541626044e-01	   3.5572529263650032e-01	   5.5079884955216796e-01	   2.4035638173839852e-01	   3.5732912395367367e-01	   2.2475259083096988e-01	   5.2721547630872512e-01	   5.2412492384187981e-01	   7.1455565603131566e-01	   5.9433181564242177e-01	   6.8774954797016186e-01	   6.7992238278625261e-01	   6.6201058417958292e-01	   6.0556159186567937e-01	   6.2520621991304204e-01	   5.8666951508584719e-01	   4.4735314837076279e-01	   4.0889508671032293e-01	   4.7463996877475922e-01	   4.2378600821516732e-01	   3.8226362285839277e-01	   4.0221551762026325e-01	   2.9374222165796082e-01	   5.4382297133701540e-01	   3.0737699838242694e-02	   2.0903838598570444e-03	   5.0556718934428990e-01	   3.7196471102218764e-01	   6.1849639404911883e-01	   6.2541651645835039e-01	   3.7599214129591019e-01	   5.6544207423880410e-01	   3.3657147321453418e-01	   5.3823654436827573e-01	   2.8867573916412359e-01	   3.0682943431944881e-01	   1.8053859888485380e-01	   3.7481067197954943e-01	  -1.7801914712080452e-01	   1.2358413537891472e-01	   5.7687702959256515e-01	   5.9152028754690933e-01	   4.8526829054157117e-01	   5.5207162474511173e-01	   4.7579254101990864e-01	   2.0751250198372517e-01	
   6.5660433163501664e-01	   6.1326553693380581e-01	   5.0933326110390442e-01	   5.7928151219299628e-01	   3.2968496197772879e-01	   1.4569458269320890e-01	   5.0765835488717581e-01	   5.9628650069985556e-01	   3.1327661572228627e-01	   1.4065793077881070e-01	   6.5029486740041820e-01	   0.0000000000000000e+00	   5.3251417336411622e-01	   7.9104945616135047e-01	   6.2230186607991855e-01	   5.1953775271032598e-01	   5.0506967618317100e-01	   5.7461230946080422e-01	   7.1159601051864318e-01	   6.9285868159950748e-01	   1.2520847270280760e-01	   1.4061064619873734e-01	   5.6784926210984132e-01	   5.2735850849307653e-01	   2.4791327582107281e-01	   9.7465211031329921e-02	   1.7589986075153374e-01	   2.0823825453925654e-01	   4.8584826286593763e-01	   5.5648441944996319e-01	   3.9030818165626713e-01	   4.5675283754085771e-01	   4.1843253926342805e-01	   5.1375614958037741e-01	   1.4978823080702786e-01	   1.8883980227242031e-01	   2.7329627829388031e-01	   2.9226360756173558e-01	   2.2367399445461061e-01	   2.8886759248156013e-01	   1.9097712523781901e-01	   3.0422000627535362e-01	   4.6665083290444964e-01	   4.0913467810275417e-01	   4.1995472237965153e-01	   4.6619932249228796e-01	   5.6792093041362690e-01	   4.7499729081472075e-01	   3.6354418138864314e-01	   3.8928717576099336e-01	   4.8193907149964188e-01	   4.2693589529116399e-01	   5.1575405049454481e-01	   4.2292265294546283e-01	   5.2213275879270649e-01	   5.5469728528696072e-01	   5.7423432597338786e-01	   5.9811601058352282e-01	   6.0864274578843025e-01	   5.4558842964548193e-01	   5.6637166355289659e-01	   5.5257303625546661e-01	   5.4945724411364094e-01	   5.9043067293255258e-01	   2.1066858655780069e-01	   3.9920623234948682e-01	   3.5853415037477332e-01	   4.0404388391040724e-01	   4.9558533302424895e-01	   4.4549345512363686e-01	   6.1973200680963725e-01	   2.6118023084750469e-01	   4.7470889096212265e-01	   1.5745507298962919e-01	   3.6305332408853830e-01	   1.5170824562276267e-01	   5.2582367179226908e-01	   5.5359799152836930e-01	   5.3195414160266485e-01	   4.7246127766298873e-01	   5.6061028590563178e-01	   5.6395142122387021e-01	   5.4106451621991047e-01	   6.4210618071846004e-01	   5.5052133544441650e-01	   5.4506448967075127e-01	   4.1981695203535035e-01	   4.2225786229681350e-01	   4.6973281066697570e-01	   5.5081086247587563e-01	   3.4145671748650425e-01	   3.4418111075188473e-01	   2.9666584641249583e-01	   3.0796198903776073e-01	   5.5761757662152217e-02	   1.0697251320749163e-01	   3.8403310382497380e-01	   3.4211563436356829e-01	   6.4304039766545951e-01	   6.2231758354977751e-01	   4.3631325183090941e-01	   4.1504454629867660e-01	   2.8371730555879215e-01	   3.8241772550448172e-01	   9.8233096150277185e-02	   1.1449254699044012e-01	   2.4249259293256897e-01	   3.3606292941468385e-01	  -7.9052422267042413e-02	  -6.4803830341969459e-02	   4.4513090592841120e-01	   4.7533674732259601e-01	   4.1848725036759915e-01	   3.6321860980306897e-01	   3.8072713023777494e-01	   2.0558551930988328e-01	
   5.3249378845076523e-01	   4.1204497667672119e-01	   5.4677018455733983e-01	   5.2216028412611082e-01	   3.6574435082379242e-01	   3.1577946706373689e-01	   7.0179328865495083e-01	   5.0028689416589500e-01	   3.9199927879649799e-01	   8.0184751080899938e-02	   6.7494327734697257e-01	   5.3251417336411622e-01	   0.0000000000000000e+00	   6.6196545619863845e-01	   6.8820830403949862e-01	   5.2431002721283004e-01	   5.7405381129946265e-01	   6.5850393317710942e-01	   5.9607721195137020e-01	   5.4771727031026607e-01	   4.9722763087765443e-01	   4.9706919678080713e-01	   5.2383173652141424e-01	   4.4302073544187215e-01	   5.2176157462364714e-01	   4.8820444689960812e-01	   4.2730921343787709e-01	   4.7137645414329188e-01	   4.9887738615596666e-01	   2.7061254364230769e-01	   5.1249493532672463e-01	   5.5412622835193148e-01	   6.7800775714146377e-01	   6.2982546957816221e-01	   3.4940091413131735e-01	   4.3021952869268998e-01	   4.3141239013176935e-01	   4.2963396936545295e-01	   4.4000419732420815e-01	   5.0905526466211781e-01	   3.2442312550383867e-01	   3.2148814291106698e-01	   4.3533631620293278e-01	   4.2352660478743426e-01	   3.8760388276474878e-01	   4.4913007884096667e-01	   6.1117147873344990e-01	   5.8481866842010233e-01	   3.4396687986306135e-01	   4.0110137645644761e-01	   3.4790318566570799e-01	   2.3990815640162105e-01	   4.3295662794385426e-01	   3.3432097178671066e-01	   5.1890922353371793e-01	   5.3097978984380267e-01	   4.6991199915003090e-01	   4.2552442499371113e-01	   3.5901271244248067e-01	   2.7064598379121457e-01	   4.6043543676445520e-01	   3.4009500520578245e-01	   4.8445168708411229e-01	   2.9142777701068634e-01	   4.0422069913142211e-01	   5.2256077755544661e-01	   3.8987294509709502e-01	   4.5653808800705642e-01	   5.9291633662063559e-01	   5.5074816678566108e-01	   5.0421258560823734e-01	   2.1730206749299191e-01	   4.9793189743753025e-01	   5.8301327811143264e-02	   3.9669665467180870e-01	   9.7758124493720788e-02	   3.9104511146188897e-01	   4.8148195215661643e-01	   6.3896544791892063e-01	   6.6865156884101928e-01	   6.6340754647187616e-01	   6.7062367415318924e-01	   5.8605156406831016e-01	   5.0274636814176976e-01	   6.8353571932441270e-01	   6.0755979776762847e-01	   4.8880204597410337e-01	   2.5468641953338123e-01	   6.0533980065250836e-01	   4.8967862791362793e-01	   5.0162776161971490e-01	   4.8107518032243768e-01	   4.7464940770789754e-01	   6.4810731718342329e-01	   1.6797076275305645e-01	   1.4285639540113765e-01	   5.1173843936544761e-01	   4.0345242687720806e-01	   4.5363166981511027e-01	   4.8595057514313356e-01	   2.5525515284991501e-01	   4.4533630816482822e-01	   2.2582941983846236e-01	   4.0359996275199117e-01	   2.0063468390487302e-01	   2.1523824790562995e-01	   1.2154311376496680e-02	   1.4785007021376359e-01	  -4.7346034234103974e-02	   1.7859974971968179e-01	   5.1334141485708318e-01	   4.8654265824008003e-01	   4.4430080754718593e-01	   4.3425590845651513e-01	   4.0682947704291417e-01	   1.4144535283717183e-01	
