   0.0000000000000000e+00	   6.6165128568156217e-01	   6.4099082368620031e-01	   3.3590761097876914e-01	   4.6202861619981628e-01	   3.2113873883620353e-01	   5.8681609095283582e-01	   1.6140091793918332e-01	   4.2107530641410773e-01	   2.4114731522325800e-01	   5.0817470708175860e-01	   1.0546913635137316e-01	   3.3263273595378423e-01	   2.9455275433551052e-02	   4.9784117533257333e-01	   3.5124260230782017e-01	   2.9804354562610824e-01	   2.4138065534726593e-02	   7.9968102334492130e-01	   5.7485355492746248e-01	   2.5714269946319462e-01	   3.0247059078169269e-01	   4.8287306982863110e-01	   2.7449068551981426e-01	   4.1584922044739314e-01	   4.3124894809956676e-01	   5.6817080143554366e-01	   5.2360596168912987e-01	   3.2236711731167711e-01	  -3.6312380851625428e-02	   1.3703026188392214e-01	  -4.8895685404451630e-03	   3.2069019387342684e-01	   7.5961786450531532e-02	   1.9332704425377323e-01	   1.0420881318866929e-01	   4.1846890022071148e-02	   1.6306524064748013e-01	   2.6538032490422631e-01	   3.7934119571784325e-01	   2.6621571460529736e-01	   3.3860662733354385e-01	   2.2750566358982677e-01	   1.2116928834591124e-01	  -9.8281671418828723e-02	  -9.9932923271958463e-02	   3.9934062340756538e-01	   1.5731510188139036e-01	   7.7968024628951148e-03	   1.2152466198597697e-01	   3.5830802748656887e-01	   3.1973181418859908e-01	   5.7852797574546833e-01	   4.2821874799895732e-01	   5.7548038851335326e-01	   3.9402172471134450e-01	   5.9231428732821167e-01	   5.1258340062684715e-01	   6.9013067143660822e-01	   4.9538686213671229e-01	   6.1783712678162739e-01	   7.5322420536898915e-02	   3.7359108191579288e-01	   1.8511260676138419e-01	   2.4475472515383295e-01	   4.2487094107201782e-03	   4.3942386695748592e-01	   2.1703900879783306e-01	   6.5455489307600856e-01	   5.7294235434997542e-01	  -1.1891819561980910e-01	  -2.0801001590012225e-01	   4.8416032227993466e-01	   2.7240085792882007e-01	   5.3797788672927871e-01	   3.1624191866330587e-01	   3.2604541019906130e-01	   2.2639116044491131e-01	   2.0079072758139321e-01	   1.7865317764178257e-01	   3.2146752787830934e-01	   3.8470042721042985e-01	   5.3461311722035898e-01	   3.5372856494769311e-01	   5.5590387475613390e-01	   4.8707272185448724e-01	   4.5661324600947739e-01	   4.2395910044691143e-01	   6.0380369563534919e-01	   6.2688982851565234e-01	   3.3758938579331887e-01	   4.2819210732867086e-01	   1.3434090209271632e-01	   4.1542576305405543e-01	   2.4274705137387442e-02	   4.5027048186840037e-02	   3.6742997682713530e-01	   3.0101550097436403e-01	   3.5829297068032001e-01	   4.1049570722609763e-01	   2.6317622911179700e-01	   4.1267103591974541e-01	   4.7883774185551664e-01	   3.7360477124906599e-01	   4.0829786646934152e-02	   3.8415709660499057e-03	   4.6405061472693181e-02	   1.3565231775159145e-01	  -9.9688620521307073e-02	   2.0344869237397277e-02	   2.5630983769096455e-01	   3.8104773571016853e-01	   5.3226277093416341e-01	   3.2722797829246930e-01	   1.8712291283272828e-01	   6.3009755029264272e-02	
   6.6165128568156217e-01	   0.0000000000000000e+00	   3.0769113264087600e-01	   2.4532874145138656e-01	   2.2131813393794655e-01	   7.8273249678482329e-02	   2.4840249663736563e-01	   1.7053441873329761e-01	   1.5301124036428343e-01	   7.7805063830327564e-02	   1.0235702673631565e-01	   3.2072681959593219e-01	   6.4815436481772806e-02	   2.8278182259491264e-01	   1.9998226283749068e-01	   1.7888497126216768e-01	   2.7909648860041081e-01	   3.6418566681052056e-01	   5.2455681643406793e-01	   5.8442681264135588e-01	   1.1454203321101911e-01	   1.6414519285770773e-01	   2.2240213789723901e-01	   1.2934932588892595e-01	   2.8489395896588443e-01	   1.8061421759782825e-01	   4.0969677774369595e-01	   2.6872795028831536e-01	   2.5730665943092051e-01	   2.4096383646491867e-01	  -1.0505658475397368e-02	  -1.2227151141498785e-01	   2.0463430606656341e-01	   3.7564028099833932e-02	  -6.5232066038851233e-02	  -8.8607576341637309e-02	   6.0860520622212810e-02	   1.3023516498442711e-02	   1.1664746432200865e-01	   1.2880358352791901e-01	   1.9193180701407112e-01	   1.1331253416554242e-01	   1.4719201165884550e-02	  -1.0644920800012028e-01	  -9.9797672938516033e-02	  -9.6018654660881331e-02	   1.7344490710604271e-01	   2.7765995712987636e-02	   1.3366009865181216e-01	   2.9714053654771849e-01	   3.2924931996397783e-01	   3.8021711497203592e-01	   5.5892448454928756e-01	   4.2433325090268553e-01	   5.2920517676280832e-01	   3.4647240470414919e-01	   7.7931912114576063e-01	   7.0826317753628287e-01	   6.9007692228906770e-01	   6.0271491910706509e-01	   5.0976378957189306e-01	   8.1252740967420967e-02	   4.5539723211645855e-01	   5.7991161913731593e-01	  -1.1624010496603826e-01	  -1.8977929884130013e-01	   2.4886949513696158e-01	   8.4790707760668937e-02	   5.0137222247906865e-01	   5.5100290456420731e-01	  -4.0875588476839175e-01	  -3.6162770484663409e-01	   4.1055287187127332e-01	   4.2110646538910285e-01	   3.3089563359689345e-01	   4.0389855522934348e-01	   6.4469768883029271e-02	   1.6324900433073758e-01	   3.2343836714800800e-01	   3.9461973550980844e-01	   3.7623986132324821e-01	   4.5910400865845136e-01	   2.9557077077324523e-01	   3.2086745482935730e-01	   2.0663749938920717e-01	   2.4881288862777734e-01	   2.6924313545147405e-01	   3.2559225581252504e-01	   3.4808118942315280e-01	   5.2224268442643984e-01	   4.1859457856454696e-01	   3.1231052729514980e-01	   5.8984458771352437e-02	   1.9659112768068346e-01	  -1.0501928464884926e-01	  -2.4227394104545871e-02	   1.9749916622189445e-01	   2.2920175661257983e-01	   4.2684600472897072e-01	   2.6578940616056912e-01	   2.0116570636164632e-01	   2.3284932909460176e-01	   3.7804186900964309e-01	   1.9983917699070697e-01	   5.5349643362480931e-02	  -2.5228129480540006e-02	  -3.5070046276301413e-02	  -2.1026135633706998e-02	  -1.4662829874170125e-01	   1.6635153291904927e-02	   7.1501837703313628e-02	   3.0286797727902515e-01	   3.0409886690301613e-01	   7.6921395490451225e-02	  -1.6718311840546785e-02	  -6.7882044175620743e-02	
   6.4099082368620031e-01	   3.0769113264087600e-01	   0.0000000000000000e+00	   6.0327623030316258e-01	   5.7983819471970921e-01	   3.3259785855820356e-01	   7.0281522834392951e-01	   1.5253577030694861e-02	   4.9610443347567185e-01	   8.7895761131004640e-02	   5.1785644063952829e-01	   5.7810924302212047e-02	   3.8615068773938355e-01	  -1.3385195182040444e-01	   6.5181714619909581e-01	   4.9190147517109523e-01	   1.2438762354607305e-01	  -4.6143516599333148e-02	   6.4615464651267240e-01	   6.1123150890619815e-01	   3.1698532689412862e-01	   2.8602132014237053e-01	   8.9550188170095102e-01	   6.8561075692028584e-01	   6.3024489436754438e-01	   6.2054775320954469e-01	   6.5296107625514210e-01	   5.5396030229471216e-01	   6.0864396328411487e-02	  -2.3126563710397094e-01	   3.8701364965518281e-01	   2.6385374930016958e-01	   3.8439336005074631e-01	   1.5700851143250721e-01	   6.4637233067713007e-01	   4.1024799440731324e-01	   1.2242484739993575e-01	   2.3837308483409941e-01	   3.4733924015426515e-01	   3.7439841928644546e-01	   2.8170559344900048e-01	   3.1705759345408868e-01	   7.9953264684236233e-02	  -6.2485914941886891e-02	  -1.5702489357661842e-01	  -1.9340326716125261e-01	   2.3008116658598970e-01	  -4.5240837726614391e-03	  -1.5907268519513795e-01	  -9.4695073790708933e-02	   1.7053613371729515e-01	   1.6358164667558600e-01	   3.0432935862501115e-01	   3.4561283000617432e-01	   2.1680467633640810e-01	   1.0400589517452200e-01	   2.4159942376019022e-01	   2.5676095919918018e-01	   2.8152345794326950e-01	   1.5974751245961960e-01	   3.0420920833375303e-01	  -9.7725374701269727e-02	   1.3109780823441805e-01	  -9.8082683118271341e-02	   7.1112169042065076e-01	   3.2958010880800070e-01	   4.8167351442821033e-01	   2.7602629804809448e-01	   6.9127379703638847e-01	   5.9531411902313780e-01	   1.4645602612945696e-01	   1.4137787588588170e-02	   3.6766709303180312e-01	   2.1621469670830157e-01	   4.6154427878420906e-01	   3.9097614356452493e-01	   3.1180414480190322e-01	   1.5638860219274039e-01	   1.6458127156149291e-01	   9.3259695025551051e-02	   2.5481024028546562e-01	   4.0187429328669372e-01	   6.4233535303019174e-01	   4.8183401057292385e-01	   7.1836328348367218e-01	   5.4904446319973277e-01	   5.9383707559568266e-01	   5.2173071925689996e-01	   5.8909065758004653e-01	   5.1360629608615982e-01	   2.3373829508431981e-01	   5.3645754867063111e-01	   3.4230853929001759e-01	   7.5460593130664166e-01	  -3.7161953893764706e-02	  -5.8570890172881397e-02	   3.1729545916546886e-01	   9.8440292181487060e-02	   7.8071370440280563e-02	   2.0029823109241890e-01	   3.4483080119728915e-01	   4.9959128220531079e-01	   5.1134697283279473e-01	   4.5070360258892184e-01	   1.8738081251348526e-01	   1.5831486307962533e-01	   2.1489615563471415e-01	   2.6230373918100031e-01	  -1.5250036010761567e-01	  -7.0345765526636017e-02	   4.3966981017699019e-01	   2.8069579777116715e-01	   3.9342196749183156e-01	   5.5216195125992962e-01	   3.2347175348231660e-01	   1.4127295266698753e-01	
   3.3590761097876914e-01	   2.4532874145138656e-01	   6.0327623030316258e-01	   0.0000000000000000e+00	   3.6142882102934037e-01	   5.4764046578500480e-01	   4.9705272828847435e-01	   3.9918516105483420e-01	   2.6951209200862852e-01	   2.5413074261778801e-01	  -9.4100900046121205e-02	   3.8264182814002023e-01	  -1.7150155019233213e-01	   1.2574280213051531e-01	   1.5424995442069511e-01	   5.4929599658240957e-01	  -3.3339742270266683e-03	   1.0940546510833657e-04	   4.9963538278470909e-01	   7.5995723049424035e-01	   4.1796448239410999e-01	   4.2336434063152062e-01	   6.0780742105108576e-01	   8.6192444548884373e-01	   4.9291510785453563e-01	   5.9239333965897445e-01	   3.6995336224354258e-01	   4.2247292357554733e-01	  -2.5056977134974145e-01	   4.2199082860953349e-02	   4.2730763628302970e-01	   4.6079818442112541e-01	   4.4274654167520699e-01	   3.5671636922741806e-01	   4.2301144326340412e-01	   3.5339933788290073e-01	  -1.6479181456512423e-01	   1.2574759721530446e-01	   7.2964925974561404e-02	   1.9631766517784782e-01	   1.3515632731824703e-01	   8.2918048155740304e-02	  -6.6971139380385500e-02	  -2.1773671578662146e-01	  -6.8290650152481869e-02	  -7.7240498654307599e-02	   3.7818988184188718e-02	  -1.0841796700178959e-01	  -6.5888747972988396e-02	  -6.5457252293970730e-02	   1.1603163272179944e-01	   1.8210041663753035e-01	   1.3457959333451230e-01	   2.8937905672694264e-01	  -3.3725289112226546e-02	  -1.5952966357794560e-02	   2.7341972052000574e-01	   1.8230090505057822e-01	   1.7998797549815337e-01	   1.5002122349984814e-01	   1.5886115016079405e-01	  -5.0565616251505602e-02	   2.3166571061189145e-01	  -1.6624815174710122e-02	   5.2666023736418066e-01	   6.9693453025898955e-01	   5.4911059287701902e-01	   5.1437535099890552e-01	   5.9594699414899810e-01	   5.6942251396814736e-01	   1.1453332606786060e-01	   1.6289859965259051e-01	   1.6240951199957371e-01	   2.1823488739866642e-01	   1.5036680857294837e-01	   4.0256519367430088e-01	   1.5089004859963759e-01	   1.7025210146221162e-01	   1.9336187362105300e-01	   1.4227307524886615e-01	   3.2739898675464812e-01	   4.0393920669124445e-01	   1.7106286732153547e-01	   5.1020899872784509e-01	   3.6031874405386932e-01	   7.4222119331274350e-01	   2.8289841312940961e-01	   5.7633951194808719e-01	   3.5453406768409412e-01	   3.5866314436381452e-01	   3.1421365864556278e-01	   4.1487298349744828e-01	   6.4583362721109716e-01	   4.5865847618136990e-01	   1.0943942349969005e-02	   4.8596142585909247e-03	   2.3896192671806105e-01	   1.2765810285617962e-01	  -3.8648426816309270e-02	  -1.1819691205761178e-03	   4.5454586572146061e-01	   2.8141082110201054e-01	   3.2673333401582738e-01	   3.6104928797441893e-01	   2.5285708798613349e-01	   2.6251399114445317e-01	   1.8416250530679981e-01	   3.5755078928154416e-01	   1.1943096224062592e-01	   2.1606451955413974e-01	   2.9480815647101566e-01	   2.0939566243929861e-01	   1.3265100429400831e-01	   3.3676590240815885e-01	   2.4207348882451929e-01	   4.4842357431566768e-02	
   4.6202861619981628e-01	   2.2131813393794655e-01	   5.7983819471970921e-01	   3.6142882102934037e-01	   0.0000000000000000e+00	   7.1579049857832511e-01	   4.8905809047120108e-01	   2.0636838352425446e-01	   8.3734704780558822e-01	   6.2384637216119165e-01	   3.7663264735963642e-01	   1.4513065415745297e-01	   4.1446464363616486e-01	   6.9387807314632524e-02	   6.9854491500178839e-01	   6.2039005630878519e-01	   3.6621039374954397e-03	  -1.0940996640302150e-01	   5.1762019294887851e-01	   3.9171321548756488e-01	   4.4836013363154420e-01	   4.8186406482711819e-01	   4.9657161226981100e-01	   3.7390888059987382e-01	   5.7158600073759747e-01	   6.1904576534417299e-01	   7.2495220898696544e-01	   7.4696003904325203e-01	   1.8334230422297682e-01	  -1.1092452208652470e-01	   2.1645828630316072e-01	   1.7170544504821980e-01	   2.8675665470699752e-01	   1.5205538864538129e-01	   4.6650479491673913e-01	   3.4780634448507941e-01	   8.0965469112685387e-02	   1.1464648312878088e-01	   3.5397590669263601e-01	   3.1463314948655757e-01	   2.0155031740450724e-01	   1.9906704508724826e-01	   2.3478868612424653e-02	  -1.0733151745503951e-01	  -2.3242841147928073e-01	  -2.2863715024217818e-01	   1.8958913182788822e-01	  -1.3230777886934270e-01	  -1.7833998966770848e-01	  -1.3323281009638439e-02	   1.2278668472045019e-01	   1.8859113049700063e-01	   3.6146185187967800e-01	   3.9461781291014225e-01	   2.4309531273168405e-01	   1.2050352896104284e-01	   1.1173579229538694e-01	   1.0004851657501412e-01	   2.2239725878016761e-01	   1.2502459023300561e-01	   2.7588074959200570e-01	   1.5380924593712525e-01	  -1.2095606940407844e-01	  -1.6300364263787673e-01	   4.8861913080903363e-01	   2.7899409412817822e-01	   1.7515964532380282e-01	   5.3019654283379750e-02	   4.9542743337653927e-01	   3.5843430208513544e-01	   1.6213633479081380e-01	   1.4981234909135277e-01	   2.2734606445932259e-01	   7.2605357311494534e-02	   3.4899353401551841e-01	   7.0894274178603001e-02	   2.1671626232820795e-01	   1.2176390625141206e-01	   1.9480716384365987e-01	   1.2987744030825649e-01	   1.7238285950714377e-01	   3.3378023997026957e-01	   5.4667528064089121e-01	   4.6576584383199915e-01	   4.6613641849526222e-01	   3.9023000283767528e-01	   4.1999738046739865e-01	   2.9108370861229060e-01	   6.0949428340900214e-01	   4.9568422554553887e-01	   1.5464389398356937e-01	   3.2646429166422242e-01	   2.8142362776981578e-01	   5.1485365283431272e-01	  -8.9503907585491205e-02	  -6.7643970234498432e-02	   1.4860953426222240e-01	   4.0165927229286871e-02	   9.8771684307128196e-02	   1.6803423526890071e-01	   2.6552375254180471e-01	   3.1939580473258000e-01	   2.3591803097729452e-01	   1.4726728929704208e-01	   6.9879889971781073e-02	   1.7780096452572138e-02	   1.1569853770625418e-01	   1.0052429648961900e-01	  -1.7595003117009295e-01	  -1.3434234350550309e-01	   1.2175772779275423e-01	   2.1161555686473646e-01	   4.6403528962021279e-01	   3.7180363805595246e-01	   2.3759541682584556e-01	   8.8674733147811560e-02	
   3.2113873883620353e-01	   7.8273249678482329e-02	   3.3259785855820356e-01	   5.4764046578500480e-01	   7.1579049857832511e-01	   0.0000000000000000e+00	   4.0061845785614575e-01	   5.5076696799457325e-01	   7.3329679776042245e-01	   8.6696194670627125e-01	   2.7613028240471658e-03	   2.9724103309291422e-01	   1.3040503564944766e-01	   1.9324069180952286e-01	   3.9462839384144899e-01	   6.9190693899581146e-01	  -1.1941242661350526e-01	  -1.3088961374888564e-01	   4.9496617222380807e-01	   4.6634093057717635e-01	   4.1357855425502221e-01	   5.4279048176559774e-01	   2.8537145208949755e-01	   4.5135412084066440e-01	   2.8577985217547691e-01	   5.2082297824404855e-01	   4.0060147326366879e-01	   5.9737883172851580e-01	   2.9407002369961605e-02	   1.2219324129673653e-01	   2.6161665405875650e-01	   3.5045674976805269e-01	   3.2712381780704075e-01	   2.7650863190280700e-01	   2.7898279004036031e-01	   3.4347676959524953e-01	  -3.5540260448499832e-02	   1.5389152885951768e-01	   1.7542521699186497e-01	   2.4844407282861980e-01	   1.5821931453409122e-01	   9.9990083953072337e-02	   3.9119587246598864e-02	  -5.4236606042976074e-02	  -1.0401443147593518e-01	  -7.2160425682431084e-02	   1.2693263543512256e-01	  -8.0553714185948116e-02	  -1.4485741730166643e-01	  -7.0248870018719337e-02	   3.8906792464613538e-02	   1.2176678307280428e-01	   2.3426831966336270e-01	   3.4752970865742905e-01	   1.2254211120402989e-01	   9.2407672507969121e-02	   2.0602930013841409e-02	  -3.4521507749399730e-02	   9.2139456530827488e-02	   4.1691682077868081e-02	   1.8019588644905482e-01	   2.3409173657224594e-01	  -1.4210008831801029e-02	  -1.7913612709449306e-01	   2.8010039458107211e-01	   4.6941349502469304e-01	   1.2617000618508051e-01	   1.2527132367659086e-01	   3.4936104419921726e-01	   2.4626289487548597e-01	   1.5366506381804818e-01	   2.6869893653795496e-01	  -5.9975800049809305e-02	  -2.9755317644829396e-03	   5.0793603024115626e-02	   3.9559170335775481e-02	   1.7934651784806885e-01	   1.6551739797459553e-01	   1.4386610748172637e-01	   9.1459588120539781e-02	   2.7387532169780926e-01	   3.3991662249181620e-01	   2.7702377051865912e-01	   5.2835886320679770e-01	   2.3700563686612455e-01	   5.1576038033808924e-01	   1.9311958033754256e-01	   2.9892384916504311e-01	   5.3210313729178471e-01	   3.9564573945254927e-01	   2.7586934005389790e-01	   2.8892999145964288e-01	   5.6592997873946860e-01	   3.6082124586667608e-01	  -1.5731166427600762e-02	  -3.0127932421765719e-02	   1.3640293256732343e-02	   5.4246689910081441e-02	   1.2086064314348891e-01	   2.0342652123510974e-01	   4.3144667649005541e-01	   2.2251765430797377e-01	   1.5411871733846555e-01	   2.1513362126588415e-01	   7.2447837964543363e-02	   6.7367934952437189e-02	   1.2157810042740935e-01	   2.3190294175100834e-01	  -1.7004908653745789e-02	   3.6790893807046518e-02	  -2.1969768865205282e-04	   2.1102995263661389e-01	   2.5931800475739142e-01	   2.9285972898833007e-01	   3.1521637787932866e-01	   1.6904456193092146e-01	
   5.8681609095283582e-01	   2.4840249663736563e-01	   7.0281522834392951e-01	   4.9705272828847435e-01	   4.8905809047120108e-01	   4.0061845785614575e-01	   0.0000000000000000e+00	   5.5087326676351056e-01	   5.5565139452406287e-01	   2.9782745486896245e-01	   3.7511699950006028e-01	   3.0778788551827596e-01	   3.6478820024691649e-01	   1.3648859981272682e-01	   4.4825924661281247e-01	   3.6517217817225994e-01	   2.0791479852291994e-01	   7.5161337887269961e-02	   6.7511396050067662e-01	   5.6535686989655232e-01	   8.9933910705017718e-04	   2.4564479456720259e-02	   6.4583165399296449e-01	   5.1341177125232762e-01	   3.0034692102225602e-01	   3.2899892632387145e-01	   3.1674433765848414e-01	   2.6338285868168887e-01	   1.9245433807528650e-01	   2.7264642597371540e-02	   5.1707246067076995e-01	   5.0067116248496768e-01	   6.5394532971698682e-01	   5.4866200016284983e-01	   5.9852517041047881e-01	   5.1865102809442365e-01	  -3.5338218128187424e-02	   1.7033359849636809e-01	   2.1817884878332322e-01	   2.9911214379967965e-01	   2.3705967274615386e-01	   3.0288679733354618e-01	   1.6117851707039513e-01	  -2.1877276755892457e-02	   6.6885618582249728e-02	   1.2213550028379433e-02	   2.2933166619062090e-01	   8.9323926533049658e-02	   4.2313617496875566e-02	  -5.6773404994724927e-02	   1.5257703956181995e-01	   7.2546265079440425e-02	   1.4636528582486513e-01	   1.7810019932446136e-01	   1.8852590466157834e-01	   1.3352434869517449e-01	   8.1318647116493920e-02	   3.2561184486467346e-02	   2.8155064057512225e-01	   1.2261439846792054e-01	   4.6460654774066340e-01	   2.6969813452782065e-01	   3.6519718247118382e-01	   4.8987138771978744e-02	   5.4894707038655743e-01	   4.5890113433369056e-01	   5.7939861676311777e-01	   4.5783532308277242e-01	   3.5891434272609790e-01	   2.6416145301303684e-01	  -4.0837190083106885e-02	  -1.1350181886812460e-01	   3.3427032437033743e-01	   2.8295166874706312e-01	   4.2603480175790176e-01	   4.0694657441225296e-01	   3.8137425775987199e-01	   2.3774394585725334e-01	   7.1513107421785932e-02	   7.4756023894726312e-02	   2.9210578146830735e-01	   2.9154822480446008e-01	   4.4121544325944634e-01	   4.0490099006747676e-01	   5.0449212244007380e-01	   4.9057377796572116e-01	   4.1206703926996302e-01	   2.8866592854977247e-01	   6.2880411823865767e-01	   4.6723223699044392e-01	   2.6080083662043252e-01	   4.6785475903050577e-01	   2.5188632893457863e-01	   5.6822976555539384e-01	  -1.0735913377521153e-01	  -1.1017598058806954e-01	   5.2461026787745224e-02	  -3.3645103479987309e-02	   1.1432367319440445e-01	   3.0210460254234994e-01	   4.7244289981396875e-01	   7.0784008171999724e-01	   5.1245496516933475e-01	   5.0240356310587797e-01	   4.0959625907200925e-02	   1.8304907325725643e-02	   2.0025951282622090e-01	   2.5660055595936243e-01	  -1.6102771858293510e-01	  -9.8682258073027607e-02	   3.7232194439346455e-01	   2.7145380563792715e-01	   4.1746072988074212e-01	   3.4328527568947198e-01	   2.0875453356183613e-01	   1.7768665844462184e-01	
   1.6140091793918332e-01	   1.7053441873329761e-01	   1.5253577030694861e-02	   3.9918516105483420e-01	   2.0636838352425446e-01	   5.5076696799457325e-01	   5.5087326676351056e-01	   0.0000000000000000e+00	   3.8060457308516182e-01	   5.7713212093135169e-01	  -1.3742763901490226e-01	   5.5878545305404481e-01	  -1.3856478181360843e-02	   4.6227814472704654e-01	  -5.7696214933812245e-02	   2.1204054269488176e-01	   6.5417768784510694e-02	   1.6779344723895157e-01	   3.5676990817788906e-01	   3.8736597511814791e-01	  -1.7452453032069726e-01	  -2.6157931320860101e-02	   4.4132404966789406e-02	   2.3360762778428046e-01	  -9.7426549878524227e-02	   3.8391238389122215e-02	  -1.2937424087306632e-01	  -5.1182433010023100e-02	   6.6381969168462590e-02	   3.5376738645373512e-01	   3.9437802546183182e-01	   5.6495575700875422e-01	   5.4241918058198579e-01	   6.7599998406136463e-01	   1.8014208634274093e-01	   3.6720903212118261e-01	  -1.9516414773054283e-01	  -9.5752675782342792e-04	  -8.1526186186787364e-02	   1.7616624062489254e-02	  -9.8805171023379993e-04	   4.0576689966841190e-02	   7.2239375245839857e-02	  -2.8089236276164456e-02	   1.7941601999565304e-01	   1.9886750635879746e-01	   9.5979652946849472e-02	   9.4095882709108611e-02	   2.0274919812368966e-01	   1.0874872321288942e-01	   1.1031908030790939e-01	   7.8442538052617611e-02	   1.4956684849089618e-02	   9.6137101974481193e-02	   4.8766956285364010e-02	   1.1695873862151115e-01	  -3.4013451703259354e-02	  -1.1543257827665369e-01	   1.9539980737237134e-01	   1.3351298961063024e-01	   3.8060419921113353e-01	   6.1895505637063353e-01	   3.8207923331227062e-01	   3.1353250944475808e-01	   8.7328364623113164e-02	   5.5840769012774594e-01	   2.9479965929214452e-01	   3.6120671387838832e-01	  -5.3907404138276709e-02	  -3.4352413253014372e-02	  -1.1737775485617805e-01	   3.1342472030146847e-02	   6.0025863578439996e-02	   2.7595712196301403e-01	   8.7776150594114394e-02	   2.9616433802053610e-01	   1.8099986000602269e-01	   2.2701860201612023e-01	   6.4241229776692346e-03	   1.1927524689679010e-01	   2.6586554836435600e-01	   1.4137324842622007e-01	  -7.8769083950338215e-02	   2.1836220828994074e-01	  -1.4416759203658753e-02	   2.5812051620698473e-01	   1.7590817780170270e-02	   3.1217811349774319e-02	   3.2666742666392179e-01	   2.7839737620890570e-01	   2.7488553175122732e-01	   1.7124320062463899e-01	   3.2999376455289881e-01	   8.8690102019742006e-02	  -1.7451915166571350e-01	  -1.8443716062394916e-01	  -2.6638110077471727e-01	  -1.6225597064481015e-01	   1.1347537614509845e-01	   1.9713748951753368e-01	   5.0306089602984794e-01	   4.2187832858421259e-01	   1.7792446032503273e-01	   2.8542958669328422e-01	   9.2174627204691689e-02	   7.6864527885930997e-02	   2.4816490609035996e-01	   1.5891351796843162e-01	  -4.2114316776076424e-02	  -7.0127605566555992e-02	   7.0001867944539916e-03	   7.8053345117676837e-02	   8.9618840283077650e-02	  -2.8013822265006129e-02	   6.1049020045313859e-02	   2.3338566215630774e-01	
   4.2107530641410773e-01	   1.5301124036428343e-01	   4.9610443347567185e-01	   2.6951209200862852e-01	   8.3734704780558822e-01	   7.3329679776042245e-01	   5.5565139452406287e-01	   3.8060457308516182e-01	   0.0000000000000000e+00	   7.6919888817162774e-01	   3.8106498094419089e-01	   1.9044471730942730e-01	   4.6475491746872877e-01	   1.6568948172336978e-01	   7.4960069621817738e-01	   6.8803301342304835e-01	  -4.7065596462692205e-02	  -5.6918991810645442e-02	   4.8871732146248636e-01	   3.3559231827418812e-01	   2.1733518694823450e-01	   2.7420680052286728e-01	   4.0507861820227997e-01	   2.6466473285858494e-01	   3.3879744004122569e-01	   3.9788534529669528e-01	   5.8014750209250310e-01	   6.2343385041724741e-01	   1.9902006367394554e-01	  -8.3315372029772565e-03	   2.3162088025853048e-01	   2.6082802614415390e-01	   2.3504266747544258e-01	   1.3680697624071753e-01	   3.3713016038755161e-01	   2.5406936507887790e-01	   1.1360304263386325e-01	   1.2407297046759438e-01	   2.4906981984727700e-01	   2.7687733164449796e-01	   2.0534128883222630e-01	   2.3371133607064937e-01	  -2.0228938240041381e-02	  -8.5089608642257980e-02	  -2.2239259701875433e-01	  -2.1760924474500304e-01	   1.7211928843021265e-01	  -8.2758082569073910e-02	  -8.2951112571669511e-02	   3.3296354347621820e-02	   1.6208723852963905e-01	   1.8408377957878402e-01	   3.4446090821048425e-01	   4.3628704121628620e-01	   3.0549657129224345e-01	   2.3309282379853735e-01	   1.4646089435411643e-04	  -7.7775444407034173e-03	   2.1521843106843774e-01	   5.7260705783656107e-02	   3.4196253924059516e-01	   3.1826170868716902e-01	  -4.7168277773288365e-02	  -9.9220982568405502e-02	   4.5138051650281003e-01	   2.6159106566258900e-01	   6.8582148639159707e-02	  -6.8885797235044427e-02	   3.3917344982412223e-01	   2.1812499058660909e-01	   4.9514846631195021e-02	   2.7832301006503555e-02	   1.8777171790188862e-01	   1.1730372319980129e-01	   3.0983957896997438e-01	   9.3223307337122197e-02	   1.7356193504894191e-01	   4.4106925293316654e-02	   8.7796398451004454e-02	   4.9689446190519480e-02	   9.2730616849384814e-02	   2.3936591135335988e-01	   5.1972136557551907e-01	   4.6576305342948882e-01	   4.0408975358375726e-01	   3.3711388207365739e-01	   3.7956203313279524e-01	   2.4294623168619744e-01	   6.7804563823275732e-01	   5.4406761874162735e-01	   1.8985113932231767e-01	   3.1916456821586903e-01	   2.0406389757697152e-01	   4.5162666772276727e-01	  -1.1882045816335247e-01	  -1.2301308868123462e-01	  -1.7857754327554813e-02	  -6.5785808683589700e-02	   1.7650461299737225e-01	   2.8159323873005060e-01	   3.0186618319081165e-01	   3.6726437791838729e-01	   2.5017437299097189e-01	   2.1318777076030399e-01	   1.8689334307664892e-03	  -5.2773637264955348e-02	   1.5547891779721892e-01	   1.5113689348347115e-01	  -1.8907497635608911e-01	  -1.5397946749113026e-01	  -1.5721621169425701e-02	   1.0039908792089965e-01	   4.0856263132387116e-01	   3.0806982537872873e-01	   2.1321536122778675e-01	   1.9514700236154997e-01	
   2.4114731522325800e-01	   7.7805063830327564e-02	   8.7895761131004640e-02	   2.5413074261778801e-01	   6.2384637216119165e-01	   8.6696194670627125e-01	   2.9782745486896245e-01	   5.7713212093135169e-01	   7.6919888817162774e-01	   0.0000000000000000e+00	  -5.2377086062844868e-03	   2.5775637904940463e-01	   1.7412666143224653e-01	   3.3449104555548453e-01	   3.7549629090256242e-01	   6.3862948917165130e-01	  -1.8821495387845164e-01	  -1.2953861114849957e-01	   3.2461634630668895e-01	   2.6686057636269178e-01	   2.6967227547189915e-01	   3.6473877313887271e-01	   4.1058468592155908e-02	   1.5662919205115106e-01	   8.2984624416619343e-02	   2.3826662792389422e-01	   3.1768415333032080e-01	   4.8552497158504415e-01	   7.5863893096607876e-02	   1.7232781575222023e-01	   9.9325430896415684e-02	   2.1667585294032743e-01	   1.7043182448026908e-01	   1.6678548897813888e-01	   6.1523063931923805e-02	   1.3647303004904435e-01	  -2.7707074988083093e-02	   6.6942546532993932e-02	   1.5539999818709452e-01	   1.6632973999282830e-01	   6.5806533827761540e-02	   2.1753385122316227e-02	  -5.3920669305853798e-02	  -8.0749064557776667e-02	  -1.4128786093273060e-01	  -1.1269077137960642e-01	   6.3079664525066942e-02	  -1.0457879964211109e-01	  -9.3766163114382281e-02	   2.9146331868344293e-02	   3.8977001507539834e-02	   1.3151173047164003e-01	   2.8662695223116824e-01	   3.4902827956087501e-01	   2.3787422656497823e-01	   2.0949771344532103e-01	  -3.5801074043025724e-02	  -7.1254666728555321e-02	   1.3128037212831456e-01	   7.1143324189817475e-02	   2.7575641831014602e-01	   4.1621237186104199e-01	  -5.1397630774180064e-03	  -4.7725134635139228e-02	   6.7126281601909393e-02	   2.4404939010864535e-01	  -1.0155456591035295e-01	  -1.1402304513755179e-01	   1.3467709968391350e-01	   7.5667221281550429e-02	  -2.8345092548599411e-02	   1.7282764008724563e-01	  -1.2248771576079839e-01	  -4.5949338895376078e-02	  -2.0754230992449350e-02	  -1.0360739247946668e-01	   1.3590113917741455e-02	  -1.9628228806635110e-02	   1.7633328247679370e-02	  -4.7205228029341484e-03	   1.1724701668808066e-01	   1.5424706452932782e-01	   2.2551123282857194e-01	   4.1319551992136150e-01	   8.8064178701270479e-02	   2.8502531147257359e-01	   1.4713804884295731e-01	   1.3939093605008454e-01	   5.5676273558744716e-01	   4.3015907828383193e-01	   2.1644777037189442e-01	   1.1927127694704774e-01	   3.1771562582954871e-01	   1.8833947660324143e-01	  -7.8384537486190925e-02	  -8.6457246276147232e-02	  -1.3855232676560014e-01	  -2.4001399216022120e-02	   1.9172270173194828e-01	   2.1777132270764760e-01	   3.3942805823343192e-01	   1.9396486684306352e-01	   1.1506323540523947e-01	   1.3747131419849234e-01	  -2.3423299033670627e-02	  -5.4171653993496466e-02	   7.3748884413977256e-02	   1.5064053815984468e-01	  -8.3843427148518779e-02	   2.0877227020622741e-02	  -2.1299419299203720e-01	   7.6063748808885528e-02	   2.6114697325447261e-01	   1.9330992064810765e-01	   2.1530179819456652e-01	   1.2459336907844726e-01	
   5.0817470708175860e-01	   1.0235702673631565e-01	   5.1785644063952829e-01	  -9.4100900046121205e-02	   3.7663264735963642e-01	   2.7613028240471658e-03	   3.7511699950006028e-01	  -1.3742763901490226e-01	   3.8106498094419089e-01	  -5.2377086062844868e-03	   0.0000000000000000e+00	  -9.7465940583951624e-02	   6.9936258031933685e-01	  -1.4747873921510771e-01	   6.9381022009155802e-01	   1.8751538825002850e-01	   3.2653343775617560e-01	  -1.1032303226738108e-02	   4.2792907887662823e-01	   8.7897629897457807e-02	  -7.3035169457679530e-02	  -6.4364339784479502e-02	   4.5994965466100801e-01	   5.4289471984661025e-02	   2.9510357795246883e-01	   1.8788718539011268e-01	   3.5204216456430720e-01	   2.4045673165032161e-01	   3.1037710219587977e-01	  -2.7276847711394986e-01	   1.1317114411726142e-01	   6.0963965681261924e-02	   1.8293402164709871e-01	   8.6719584860161653e-03	   3.7414289521594374e-01	   1.8662366974642897e-01	   1.2725506994755517e-01	   8.9350677662194247e-02	   1.8491448384610684e-01	   1.5161932991885640e-01	   7.9740150860286602e-02	   2.7095955489886758e-01	   1.3052703452696696e-01	   5.4601527934110619e-02	  -1.4384149005459018e-01	  -1.7929011220750427e-01	   1.8427197097493081e-01	   1.2153044010389368e-02	  -1.7045290186743181e-01	  -1.1648827015185299e-01	   5.1990580611159964e-02	  -5.5629604218228192e-02	   1.7461853732020399e-01	   8.0149384533548695e-02	   1.9507769966118579e-01	   4.2971952338746483e-02	   2.0589624137619257e-02	   1.1577052592791365e-01	   2.1611977280610584e-01	   2.8041068055659923e-02	   3.2936695657455761e-01	   7.2051793855515009e-02	   7.0450611637053392e-02	  -5.4470585030332364e-02	   4.9697528600122581e-01	  -1.9889883823797645e-02	   1.7504589224463019e-01	  -3.3183411819339165e-03	   2.7534818933602939e-01	   1.0498570135419613e-01	   3.6309854662534349e-02	  -1.9107358085909643e-01	   4.4994486047627735e-01	   1.9906886615081712e-01	   5.6906587717219459e-01	   2.3977215183325645e-01	   3.2167747164411498e-01	   8.6481994470782766e-02	  -3.5412663681621395e-02	  -6.3532722684003978e-02	   2.3075961045638714e-02	   1.2809627168079793e-01	   6.2798476483873367e-01	   8.9093398172498478e-02	   6.9243577872259432e-01	   1.2383696873161038e-01	   5.7286311239074528e-01	   2.3297055106693748e-01	   3.0414032982633038e-01	   2.6673040028824002e-01	  -2.2785458690623484e-02	   2.6817207622848904e-01	  -1.2884785823301714e-01	   3.6942525926736119e-01	  -4.0863160267988100e-02	  -8.4567379461015502e-02	   9.0822753190021172e-02	  -8.5997469420401873e-02	   7.7952232979436667e-03	   1.8272276083519373e-01	  -1.2539022040948790e-02	   2.4964162045407690e-01	   2.0371988176431960e-01	   1.1815038134025910e-01	  -2.2403121992643736e-02	  -4.2798299994853288e-02	   1.1852697213916977e-01	  -7.1587785951652116e-03	  -2.4870898265591876e-01	  -2.6123466426063252e-01	   1.5174342034298061e-01	   8.7560359248687783e-02	   3.6819866310212318e-01	   2.4634247718214708e-01	   1.8589824574105762e-01	   2.0911334838111037e-01	
   1.0546913635137316e-01	   3.2072681959593219e-01	   5.7810924302212047e-02	   3.8264182814002023e-01	   1.4513065415745297e-01	   2.9724103309291422e-01	   3.0778788551827596e-01	   5.5878545305404481e-01	   1.9044471730942730e-01	   2.5775637904940463e-01	  -9.7465940583951624e-02	   0.0000000000000000e+00	  -4.4627345956908232e-02	   7.1969003440107193e-01	   2.1431788540830554e-02	   3.5887184197436284e-01	  -8.3018582838584910e-03	   9.3537953018997783e-02	   2.5756892299129402e-01	   3.8593921122597796e-01	  -7.9512761646105726e-02	   8.5707851874350274e-02	   2.0541400425490650e-01	   4.3230869532657057e-01	   7.3085216030345027e-03	   9.6960364277432404e-02	  -3.7684913630425379e-02	   7.7999928254500916e-02	   1.0290334931774257e-01	   4.4959029689581087e-01	   4.2042208755311994e-01	   4.4808660464811567e-01	   4.0701322115706495e-01	   4.2863999447882251e-01	   7.5289337700352441e-02	   3.1318302756525768e-01	  -6.6384963755454759e-02	  -8.2441131923538025e-02	   1.2964574806880552e-01	   9.2531628588460146e-02	   3.1576544795953454e-01	   2.0753963224012345e-01	  -9.4927032440270176e-02	  -1.7234908980566127e-01	   3.8296941945379248e-02	   2.9541568112208118e-02	  -2.8669538208054936e-02	  -3.6194484630606504e-02	   1.6219853124713557e-01	   1.3215819134575121e-01	   9.3553820424552347e-02	   1.7118149807121458e-01	   1.4299248940491049e-01	   1.7729245525840878e-01	   3.6034298341934362e-02	   6.2173721285022333e-02	   2.0561246433815631e-02	  -5.6436013828255027e-02	   2.7334229036539781e-01	   2.3299986438195619e-01	   3.5944863420584966e-01	   3.8216438140773268e-01	   4.2571650802943728e-01	   3.3723347276637700e-01	   9.6282845999036151e-02	   4.2573532342367515e-01	   2.7975337768103975e-01	   3.0406997470692421e-01	  -2.3673404066084243e-03	   5.7106251673828016e-03	   2.0588972898683888e-02	   2.1677583050921368e-02	   8.8170188644219619e-02	   2.8668309964742200e-01	   9.4860172463252235e-02	   4.0766119873969675e-01	   3.0559939620100485e-01	   3.0802361354222968e-01	   5.0102794886396324e-02	   5.7604875039122594e-02	   2.5385398671638915e-01	   2.3777542028386139e-01	   1.2127540170933152e-01	   4.8944604987729112e-01	  -7.4119773984335710e-02	   4.3384461777288319e-01	  -2.8584272333286439e-03	   2.6665540111545238e-01	   2.2965461498655751e-01	   2.5513132509562148e-01	   9.3507264647265456e-02	   5.6477669480277916e-02	   2.5846868713868987e-01	  -1.1821582796225806e-02	  -1.2350248228638608e-01	  -3.6136896032770101e-02	  -2.5696426946084627e-01	  -1.2306466765843935e-01	  -2.7342112233851287e-02	  -1.3305973070794416e-02	   4.0160551218265184e-01	   1.3185315988334492e-01	   1.1131370984726863e-01	   1.4472297899079897e-01	   1.3621097028864167e-02	   2.8945587355938097e-02	   2.4742553476124712e-01	   1.9503042058242163e-02	  -1.7761571214748437e-01	  -2.1593662467081037e-01	  -1.6739217865613371e-01	  -1.5107782455325069e-01	  -2.2923940127749960e-02	  -2.1549668074557797e-03	   1.3523846859100222e-01	   3.2081549767901618e-01	
   3.3263273595378423e-01	   6.4815436481772806e-02	   3.8615068773938355e-01	  -1.7150155019233213e-01	   4.1446464363616486e-01	   1.3040503564944766e-01	   3.6478820024691649e-01	  -1.3856478181360843e-02	   4.6475491746872877e-01	   1.7412666143224653e-01	   6.9936258031933685e-01	  -4.4627345956908232e-02	   0.0000000000000000e+00	   1.6109326460886525e-01	   6.6028377309853070e-01	   2.6922580426349518e-01	   1.8136006205274502e-01	   8.6261265712368196e-02	   3.2246131154244706e-01	   1.1074097806096908e-01	  -3.8733378165479643e-02	  -5.4686405785035967e-02	   2.5655310577157259e-01	  -5.7302789636363247e-02	   7.2857213081133021e-02	   8.2555945765028921e-02	   1.5570825856111886e-01	   1.2157902912185931e-01	   4.2183231289521045e-01	  -3.9059897811213634e-02	   7.2305331436623752e-02	   3.4133788172513287e-02	   1.4220440894696706e-01	   2.1109135134746999e-02	   2.0714293409066403e-01	   4.8375201209105781e-02	   1.2544902772911024e-01	   4.5541772068481934e-04	   1.6282088547634083e-01	   2.4951628289550484e-02	   1.4274895835781173e-01	   5.5587781123892996e-02	  -3.7326200759499016e-02	  -7.0501351364027603e-02	  -1.4532395273029711e-01	  -1.6562377241789381e-01	   2.3258855952089819e-02	  -7.5587570747271293e-02	  -2.7806732038279791e-01	  -1.9596758577455559e-01	  -1.4143578639223695e-01	  -1.3092261997471402e-01	   9.1555545495284468e-02	   4.0637179277675517e-02	   4.5437667018974788e-02	  -9.1287386526441555e-02	  -7.3817510104069145e-02	   3.4872289356533276e-02	  -2.2431891213501767e-02	  -1.5448922779889604e-01	   1.7343989756757930e-01	  -3.1160248187381619e-02	  -3.5704478673858946e-02	  -7.8698478135344460e-02	   1.7044804829334553e-01	  -1.8456975097622613e-01	  -1.2313981899095860e-01	  -2.3541416858222858e-01	   1.7774076245034648e-01	   1.3483709388290799e-01	  -1.5648890357190998e-01	  -2.3288119455350786e-01	   2.3555968930154775e-01	   1.1706932040306026e-01	   3.3715364888545296e-01	   1.3223367748158960e-01	   4.5744923313917128e-02	  -1.7862562945307719e-01	   1.3213956690856735e-02	   3.2191422236868814e-02	   4.3793928280286054e-02	   1.8000029728009978e-01	   5.2989486703399591e-01	   1.4609095598043859e-01	   3.8135946517706121e-01	  -6.7094874140617378e-02	   2.8415207670448117e-01	  -3.4763131052864299e-02	   2.8489168427482670e-01	   9.9388220629000629e-02	  -1.2564587833053220e-02	   1.9539629702403458e-01	  -9.0050912704130320e-02	   3.3572291228603646e-01	  -2.0522729861078648e-01	  -2.4781607641081060e-01	  -2.0352597446240867e-01	  -2.6847205327694035e-01	  -5.6788895219137020e-02	   7.7670671232405369e-02	   2.3361500907370748e-02	   2.2736327201245765e-01	   7.8909251292493515e-02	   1.4433820822958882e-01	  -1.9124279518739302e-02	  -6.7527383925675352e-02	   1.3384119871404715e-01	  -9.6482698862369182e-02	  -1.7351028753804471e-01	  -1.8398443157605629e-01	   3.4044424657824160e-02	   3.2954918250187946e-02	   2.6142985457660867e-01	   6.6207152598419791e-02	   2.6187089444079756e-02	   9.1835475263894573e-02	
