   0.0000000000000000e+00	   7.9462615483635646e-01	   4.5883679996821314e-01	   4.0311118714217770e-01	   1.4177174207473944e-01	   2.2803302188850511e-01	   3.2442353631968907e-01	   2.7007281937738581e-01	   1.1789338188260340e-01	   3.6407405190827924e-01	   5.1395302541554877e-01	   5.2951709554877924e-01	   3.6299173538655805e-01	   3.1523078757956402e-01	   3.1298794048990591e-01	   3.5203409050366191e-01	   1.4997594389614916e-01	   4.5425045859722191e-01	   6.7390223066415689e-01	   6.3563390090722105e-01	  -2.1025947020221131e-01	  -2.1534997361637453e-01	   3.8541056821983860e-01	   4.4677092538192409e-01	   1.6308041081812937e-02	  -5.8535200642192545e-02	   3.1308463059635289e-01	   2.5539121809460602e-01	  -1.2221759998506451e-01	   1.3346041405769954e-01	   1.7812166239203026e-02	   3.1368424984236337e-02	   5.2727385629246259e-01	   4.2063530274654981e-01	  -1.7792478388220226e-01	  -9.9741853382795204e-02	  -3.3750365939569138e-01	  -3.2856848268403488e-01	   1.0318276834577078e-01	   1.6889933149464981e-01	  -1.2072535870657633e-01	   4.2730606119759110e-02	   5.5330651541070260e-02	   1.6130423116195663e-01	   1.7187750335462998e-01	   1.5755019934186570e-01	   2.1745271583816544e-01	   3.9337456009275151e-01	   3.1994252205827212e-01	   3.6010372294171505e-01	   1.8763734405511412e-01	   2.2703994288027096e-01	   4.5960253876953994e-01	   4.0467149691861959e-01	   1.9629577036758644e-01	   3.1168743537896099e-01	   7.9294708992519469e-01	   7.4885476657737515e-01	   6.5607406587977390e-01	   6.1254853894920114e-01	   6.1850946367053561e-01	   3.2480540833914556e-01	   5.0242180110031054e-01	   4.2766970135306315e-01	   2.4303705769749384e-01	   2.5100646143959848e-01	   4.0876353098146812e-01	   2.7465190151294200e-01	   5.2235930379405970e-01	   2.2714118674449174e-01	   4.6780663953466438e-02	  -1.7469139446253029e-02	   2.2509254178825872e-01	   2.6873196528003246e-01	   3.9113473943644839e-01	   3.3896141897613541e-01	   4.6284039481328768e-02	  -1.4392949485825493e-02	   1.6777023559624288e-01	   3.8692158456843329e-01	   3.7315156827557139e-01	   5.3949856257116391e-01	   4.7137832857370682e-01	   5.0569917571210787e-01	   4.0348927516262217e-01	   4.1326958902686683e-01	   5.2390731923261791e-01	   5.2353547612855278e-01	   6.0779057663752922e-01	   6.8365672672707123e-01	   2.5324884650942331e-01	   2.1138098434207639e-01	   3.1371364805680080e-01	   1.0544482664566179e-01	  -1.7973507925490442e-01	  -1.6124529403815469e-01	   1.1447319256692912e-01	   2.9063220278156082e-01	   1.7105396667467559e-01	   4.4254068818536674e-01	   4.0046013485787474e-01	   4.6841944115272127e-01	   2.1590728052197350e-01	   4.7627962006471342e-01	   1.3363767027241999e-01	  -2.3616858489132980e-01	   5.6235575316655920e-02	   2.1267260603823130e-02	  -3.6709780331146569e-01	   1.2197885544604894e-01	   3.7859111407337742e-01	   3.6869171303282078e-01	   7.3713316647615545e-02	   1.1774306921515515e-01	  -2.0570520525720788e-02	   5.6588283267176166e-02	
   7.9462615483635646e-01	   0.0000000000000000e+00	   3.1271606421094228e-01	   1.8714949697566977e-01	  -1.7602559698094163e-02	   4.0211817112716652e-02	   7.3110752521664421e-02	  -3.5685975029561487e-02	  -6.2763010392527643e-02	   1.2193231491529899e-01	   3.2575935021930630e-01	   4.2816449050246053e-01	   1.6580206547120460e-01	   2.5090994890923851e-01	   3.3648979152070380e-01	   2.6255903786351231e-01	   1.2475608857726300e-01	   5.8316030025280252e-01	   5.4413147693731911e-01	   5.3256657955355258e-01	  -2.2492644054941430e-01	  -2.7508021215144723e-01	   3.5090256358299743e-01	   3.3263390567858214e-01	   1.6482082290534378e-01	   3.3378013109938362e-02	   2.6092071088434327e-01	   1.9920269400579571e-01	  -1.7875125820576468e-01	   1.8873134386908599e-01	   2.9709553416176520e-02	  -3.6745287601119472e-03	   5.7416420274760782e-01	   4.3197066197211820e-01	  -3.6830276889812996e-02	  -3.5687843779979342e-02	  -2.5886442395632309e-01	  -2.6189537650506756e-01	   3.4786690962556752e-02	   5.4883857490341817e-02	  -5.4015192852675219e-03	   7.6993154283177809e-02	   6.2415015761034739e-02	   1.7972542451241152e-01	   2.1112426910130522e-01	   2.4745160370986152e-01	   1.8832032650275676e-01	   4.0282359060255313e-01	   3.0135466666368377e-01	   4.6277035529806387e-01	   3.4141681344325170e-01	   4.6144490953085471e-01	   4.3523294963541115e-01	   4.7719669766363060e-01	   1.7752999510487111e-01	   2.8021228957250977e-01	   8.4057332259399198e-01	   8.7165938573393009e-01	   4.6521121714607105e-01	   5.4045965595300616e-01	   4.3941244189868756e-01	   1.6002881931840046e-01	   5.0867979927739460e-01	   4.9924237348908429e-01	   2.9947825764728953e-01	   2.0261934342881643e-01	   3.0103891231861624e-01	   2.6609318985496899e-01	   5.3084006296506636e-01	   2.0091071151820500e-01	  -4.7646201137364542e-02	  -1.0712591473408167e-01	   1.9498796399229543e-01	   2.1497444639893487e-01	   3.4408601494417596e-01	   2.6551737736394576e-01	  -5.2411989465349492e-03	  -5.1673254103017846e-02	   1.6739255567191255e-01	   4.4836341917415956e-01	   3.7966137397207117e-01	   5.6162505890884407e-01	   4.5971623910428866e-01	   5.5740304167833166e-01	   4.2378313991996031e-01	   4.5653216329040247e-01	   5.3602104218149671e-01	   5.6839322816883464e-01	   4.4194171242245911e-01	   5.1217195141302496e-01	   1.1185097654484208e-01	   4.2425665951639900e-02	   2.4117848897678353e-02	  -4.0168222960852547e-02	  -2.3571841496559301e-01	  -1.9196150288007896e-01	   1.4067820116512891e-01	   2.2893675832640459e-01	   8.6013500986887842e-02	   3.2685262078775046e-01	   2.0486676687103100e-01	   2.8469865565266861e-01	   7.1143607105498691e-02	   3.0550500143928516e-01	   1.5589955389700438e-02	  -2.2131006245211576e-01	  -1.1439740180284536e-02	  -6.2467307028783439e-03	  -3.5437559652944750e-01	  -2.3952520251760284e-02	   3.7700424757069317e-01	   2.3276110691030882e-01	  -7.9659817134532532e-02	   4.4365196371696988e-03	  -8.2261247339333460e-02	   1.8862285592020130e-02	
   4.5883679996821314e-01	   3.1271606421094228e-01	   0.0000000000000000e+00	   6.8128009449576532e-01	   5.4957740885604223e-01	   4.5989860830158291e-01	   6.7751105978220605e-01	   3.8174406415367923e-01	   2.5633143205522341e-01	   4.8216162059502982e-01	   3.3487897471944711e-01	   3.7161983842602503e-01	   1.9915977164615700e-01	   2.0637823896157162e-01	   4.9278577225481535e-01	   4.9068036059939579e-01	  -2.7624332811446095e-01	  -3.3262457659910434e-02	   5.7037441390965171e-01	   6.0052534271396163e-01	   7.8577224577433727e-02	  -9.1618251128742653e-02	   8.7573118524486859e-01	   8.6110732571672455e-01	   4.8909918337183977e-01	   4.5551515460226966e-01	   5.2880833537420679e-01	   4.3941073792385443e-01	  -3.5954821302790696e-01	  -1.9891763338230845e-01	   6.1125173707703551e-01	   6.1490790623418923e-01	   2.0072404302942232e-01	   2.4081981177877040e-01	   2.0340864214305368e-01	   2.2695847128830710e-01	  -2.2684815867474126e-01	  -2.3211794076043535e-01	   1.5004977500942177e-01	   2.2941196559053945e-01	  -1.3248013974378547e-01	  -4.5048466169760751e-03	   1.1083668560377333e-01	   1.0433390563098480e-01	   1.9077630835820389e-01	   1.3971267625263217e-01	   1.9953049171891379e-01	   2.3947132380245495e-01	   1.1780663862504046e-01	   1.1837901974095354e-01	   3.8096234755701730e-01	   2.0146490992043492e-01	   4.9151195381800161e-01	   4.3101722175528401e-01	   3.4776027526969233e-01	   3.6146704693688386e-01	   2.5436403311225597e-01	   2.4363966076703475e-01	   2.5703775532726342e-01	   1.9704665179010786e-01	   3.1515708505329298e-01	   2.2131489550737532e-01	   1.2602453219929755e-01	   2.5724746941477500e-01	   6.8913778303140671e-01	   5.0825773692374598e-01	   5.4539989690268287e-01	   3.2128276416231516e-01	   2.4195918518489529e-01	   9.8254306251234658e-02	   2.9871481457034610e-02	   4.5176862867798956e-02	  -1.9046798787036318e-01	   1.2457683403527037e-01	   1.0333576390693135e-01	   2.8024479593065166e-01	  -3.6677403502666177e-02	  -4.5672492253322067e-02	  -1.1573179926304908e-01	  -1.5145477537068652e-01	  -5.8113484479947713e-02	   2.9021708952212977e-01	   6.3529245655891309e-01	   5.7122380633249814e-01	   6.4727159871300177e-01	   5.7124428423833074e-01	   6.6272368921725977e-01	   6.2237008314404851e-01	   6.4635140714527817e-01	   6.1958533351254585e-01	   4.4583445266398597e-01	   4.3361417737971236e-01	   4.3401121400159737e-01	   5.2586594797138564e-01	  -3.6850849483246118e-01	  -3.5333336833347373e-01	   1.0963638132597650e-01	   1.0386510004155641e-01	   2.7069368891641193e-01	   3.5893343448967158e-01	   3.7953983945018777e-01	   5.5022946227188585e-01	   1.8792633603411113e-01	   3.9867206928532267e-01	   7.6849042554171521e-02	  -1.0515955879113115e-01	   3.6561267261236909e-02	  -4.1870963580949308e-03	  -2.6147842434906576e-01	  -5.0693847400046385e-02	   4.9630679560216595e-01	   4.6797880710136008e-01	   3.2234532163715268e-01	  -2.4968445744597098e-02	  -7.1789297484024434e-02	  -5.2510272775265945e-02	
   4.0311118714217770e-01	   1.8714949697566977e-01	   6.8128009449576532e-01	   0.0000000000000000e+00	   6.6723248066694363e-01	   6.7816721843137528e-01	   7.7737182299901730e-01	   7.8155179002142461e-01	   3.5455952411232328e-01	   6.8124613162309022e-01	   5.5483462757035772e-02	   3.6738684142951622e-01	   3.0535177800703910e-02	   5.9135051673665361e-02	   1.0101455555719122e-01	   4.0301690627170400e-01	  -4.5751598692559198e-01	  -1.3416927301892240e-01	   4.7225866921439358e-01	   6.6629675953067635e-01	   1.5775256744686417e-01	   3.8571405558546601e-02	   4.6996865355801243e-01	   6.1632409346864458e-01	   2.5533619012740227e-01	   2.2501848948354267e-01	   3.3485887040216245e-01	   3.6525244204844520e-01	  -3.7443760066185816e-01	  -1.2592376733633856e-01	   3.1976082920953036e-01	   2.7714643977853148e-01	   2.0265538265461375e-01	   2.4720133426210639e-01	  -2.5386267520641003e-02	   6.2997392610002576e-02	  -3.1359581129077901e-01	  -2.3288584203297491e-01	   1.8618497946304824e-01	   2.4386095711184516e-01	  -1.4152808633740052e-01	   4.0379457139325357e-03	   2.1473588285729167e-01	   1.9066329031436854e-01	   2.2291008872286550e-01	   2.0456374140941572e-01	   2.6688327299150327e-01	   2.9553495903235749e-01	   2.5421197469784795e-01	   1.1913561094735553e-01	   3.6794214708531092e-01	   1.3772443764476755e-01	   3.7314957599228366e-01	   2.2606827683940700e-01	   3.2298742068184705e-01	   3.6892873230425338e-01	   7.4878026981685053e-02	   9.8645192516050612e-02	   4.6433145852666863e-01	   4.0331664167287168e-01	   3.1168716047888667e-01	   3.3728245965182474e-01	  -5.5812101536112824e-02	   1.8385026186005760e-01	   1.4076214593347397e-01	   2.9433174087935787e-01	   5.1687303728297718e-01	   3.3297097099692757e-01	   1.3473110928971632e-01	   5.9662671029295442e-02	   2.4607606937392206e-02	   8.6678491876298724e-02	  -7.0262028549232830e-02	   1.5924770952144246e-01	   6.3840880219086155e-02	   2.3582013934044729e-01	  -2.3628269536535348e-02	   4.6539263344611961e-02	  -2.5791326783804658e-01	  -1.8649359599596099e-01	  -6.1429415754043940e-02	   7.8612957294122654e-02	   3.9790386086342594e-01	   3.7039757165513754e-01	   1.6790635155781053e-01	   3.2388845297783386e-01	   2.9220615255758897e-01	   2.6905306381056759e-01	   5.1401340770989168e-01	   5.8993719636472519e-01	   5.7064871091221547e-01	   4.4433927920239080e-01	   6.2150856747849925e-01	   3.7344013552581784e-01	  -1.6956702701842033e-01	  -2.3574544200687664e-01	   1.9017612696343672e-01	   1.6369246249113079e-01	   3.0067202339591415e-01	   3.9231092324555217e-01	   5.1208776483003060e-01	   3.8308163380301985e-01	   2.2167432011091748e-01	   4.1983117006190984e-01	  -2.1675042042850992e-02	  -1.6501124323469338e-01	   1.4377006403303283e-02	   7.9037399094198879e-02	  -9.3093995113636724e-02	   3.2442536584640258e-01	   4.1877509875416025e-01	   4.5846347566771761e-01	   2.8003837643033686e-01	   6.8024011007436797e-02	  -6.0858541574674282e-02	  -8.6036666796447669e-02	
   1.4177174207473944e-01	  -1.7602559698094163e-02	   5.4957740885604223e-01	   6.6723248066694363e-01	   0.0000000000000000e+00	   6.8739579812310547e-01	   6.5490747156809692e-01	   5.5145892625945780e-01	   7.0782707872235828e-01	   5.8671430572838423e-01	  -5.8103716170457967e-02	   1.4007269374989689e-01	  -2.6094698886070737e-02	   1.2639308264778173e-02	   1.6407974842650497e-01	   3.0617533367799188e-01	  -3.4051447325405443e-01	  -2.9081535905801592e-01	   3.9703961500771745e-01	   4.6671249155817340e-01	   2.8335308493406791e-01	   1.2734417142197887e-01	   3.4800833726920083e-01	   3.7927464512284348e-01	   3.9061026882703709e-01	   3.0781930944778535e-01	   3.6907116622576541e-01	   3.1899480590977303e-01	  -1.8036790320632795e-01	  -7.9528916274639705e-02	   2.0762159101566216e-01	   1.3593567141136279e-01	  -5.9263304134956882e-02	  -3.7865549641472200e-02	   1.6821294354203120e-01	   1.9224779346962978e-01	  -1.1472060200381025e-01	  -2.1739350506369803e-01	   8.2442043592940301e-02	   7.7735990397408000e-02	  -2.5530925224903127e-02	  -1.9867393931679550e-01	   4.8332005033864839e-02	  -4.0178964962716605e-02	   3.6118793070903869e-02	  -4.0148322926023335e-02	  -3.7407663515240414e-02	   5.2240363262009093e-02	  -7.0834499495683337e-02	  -1.3566098370180552e-01	   2.2608941347184996e-01	  -4.6041112117508234e-02	   1.1252336780951916e-01	   5.9430521517067222e-02	   1.6372591470059750e-01	   1.3021816298447020e-01	  -1.3801927562247840e-01	  -1.7064366704893302e-01	   2.2647558283850344e-01	   8.9412357075851295e-02	   1.3608558422906575e-01	   5.3601334312163490e-02	  -2.2899864960346389e-01	  -1.4300988522042815e-01	   1.8916932617572424e-01	   3.0993281065327616e-01	   4.7206897785985358e-01	   2.1065531024131037e-01	   1.9991275881854731e-01	   1.8744175553648204e-01	   1.2759678697454924e-01	   1.3725573749314660e-01	  -1.1870479269019681e-01	   1.0195872935455655e-01	  -5.3986376272776825e-02	   6.0122915233891613e-02	  -1.7784445754904954e-01	  -1.5229731740343588e-01	  -1.6976816351729002e-01	  -2.6014896225231754e-01	  -1.0187204500035427e-01	  -3.0978161338777770e-02	   1.7117678478719589e-01	   5.5495694060009766e-02	   1.3882697258203552e-02	   9.6204822610204604e-02	   3.7415606679051558e-03	   1.0544101549412573e-01	   2.1309148157416929e-01	   3.1066051653241766e-01	   4.7244493865250003e-01	   4.7768102016034347e-01	   5.8379751988832451e-01	   5.5128651044175614e-01	  -1.0268325013396731e-01	  -3.5341439272777775e-01	   1.5738443821622056e-01	   2.4646193802718892e-02	   1.7882746574271249e-01	   1.9535955999451926e-01	   3.6375550914283600e-01	   3.6432022378363238e-01	   8.1519403146814579e-02	   2.3610798914529654e-01	  -4.4803130905493899e-02	  -1.6835331125332680e-02	  -8.8418486390775347e-02	   9.3830831569334666e-02	  -6.8725223080516651e-02	   3.1544750796295828e-01	   3.2238249310679268e-01	   3.2572409779100631e-01	   4.4126433564701795e-01	  -6.4949655444635022e-03	  -1.1776685164171027e-01	  -2.7503152214439697e-01	
   2.2803302188850511e-01	   4.0211817112716652e-02	   4.5989860830158291e-01	   6.7816721843137528e-01	   6.8739579812310547e-01	   0.0000000000000000e+00	   5.7623487020186126e-01	   5.8067648769088431e-01	   4.2988653352333300e-01	   7.2261465709826078e-01	  -6.7126948461373501e-02	   9.3923418710235448e-02	   2.6492375040332580e-02	  -1.0805832058423856e-02	   1.5439720832252526e-01	   4.5109152778994688e-01	  -2.3536513039100426e-01	  -8.5020715440905323e-02	   4.0914369635768555e-01	   3.9311340182202725e-01	   2.7777312218554090e-01	   2.8475835628503898e-01	   4.3115168652199243e-01	   4.2443579479487248e-01	   4.9948297499825722e-01	   5.0315802080676975e-01	   5.3926157688780485e-01	   5.7778585737342181e-01	  -1.9893099161552347e-01	  -6.8021063185939618e-02	   2.2720266064242645e-01	   1.9620933546332270e-01	  -3.8290010151263119e-02	   5.0388641426343098e-02	   1.8740067680148215e-01	   1.5189315327266323e-01	  -1.8204509285115858e-01	  -2.0175440137781669e-01	   5.1268507091715543e-02	   7.2944614839889871e-02	  -4.3989534537040430e-02	  -2.2302201585800471e-01	   1.0153214559962984e-01	   1.1172729811593229e-02	   7.4896935447873569e-02	   9.4556638405665500e-03	  -3.3004274960929385e-02	   5.5394776694675969e-02	   1.4012597190791953e-01	  -1.0015905858015903e-01	   2.2840833187039528e-01	  -1.1121183574550229e-01	   1.8312087639180688e-01	   4.4112052574804890e-02	   2.8980154943535819e-01	   2.2259791912913451e-01	  -6.1879120019181069e-02	  -9.2202034142504247e-02	   1.5683440277839383e-01	   3.5027266954068284e-02	  -2.3536988903534520e-02	  -7.7557975099937240e-02	  -2.0212273565781069e-01	  -1.3902645020216836e-01	   1.3597773384516462e-01	   3.4004608600140923e-01	   2.8944785566982922e-01	   3.6235091129618001e-02	   2.0201879451361587e-01	   2.6021465522222276e-01	   2.2645485068532489e-01	   2.3750038465165407e-01	  -1.7107629360143184e-01	   4.6092933988524765e-02	  -7.6507678758107822e-02	   1.1260509667647946e-01	  -2.1083041854649920e-01	  -2.1709993018405682e-01	   6.2270489230039118e-02	   1.1777972965808474e-02	   1.0711458011453984e-02	   1.3020515843349731e-01	   2.3926864879934567e-01	   1.3939293187627499e-01	   8.2744747251918688e-02	   1.8691588694131700e-01	   1.0839316018352343e-01	   2.0325465727387770e-01	   2.5187751305880640e-01	   3.1784715841953881e-01	   3.2996405446472254e-01	   4.4159021893376260e-01	   4.4545298250204213e-01	   4.6149894653895229e-01	  -2.6088905602465629e-02	  -2.6174211809636921e-01	   2.8334682980593234e-01	   2.0840484700235973e-01	   9.7256563283187533e-02	   1.7930680155738077e-01	   2.7342330967190875e-01	   2.6122427381482854e-01	   6.5329108519251250e-02	   1.7772278204085123e-01	  -1.5719681351029696e-01	  -5.6316451756234211e-02	  -2.6854168441502790e-01	  -1.7429908060729304e-01	  -1.4992948341197443e-01	   3.8395802142100283e-01	   3.0716476501436640e-01	   1.4174615388566358e-01	   2.4850433808156991e-01	  -1.2546603356541169e-01	  -2.5425901655968797e-01	  -3.7405427940687991e-01	
   3.2442353631968907e-01	   7.3110752521664421e-02	   6.7751105978220605e-01	   7.7737182299901730e-01	   6.5490747156809692e-01	   5.7623487020186126e-01	   0.0000000000000000e+00	   7.3963045447573261e-01	   2.9367073242891184e-01	   4.7019096644966207e-01	   9.5077796586170743e-02	   2.1176209469692026e-01	   8.6026241292182407e-02	   6.0613529186522193e-02	  -4.5025847960716448e-03	   3.2076482153608110e-01	  -5.0221877451813479e-01	  -3.4543607145482924e-01	   2.5997890647226796e-01	   3.8207824886840641e-01	   2.3001764589024706e-01	   1.1366157633341818e-01	   3.8985163277736379e-01	   4.4910177517952199e-01	   2.0940672990272902e-01	   2.2757004045814178e-01	   3.5389195906389187e-01	   4.3206174356711335e-01	  -3.5523257597372776e-01	  -2.5937342086195209e-01	   4.0799329562264441e-01	   3.6862985304277773e-01	   1.2700223494312529e-01	   2.1463377363803846e-01	   9.7741710781684199e-02	   1.8296619309727657e-01	  -2.4295145818600355e-01	  -1.3653928998222126e-01	   3.5331133767289113e-01	   4.1024720184892921e-01	  -1.7430505441638267e-01	   2.1931235188984391e-02	   3.4346624991039709e-01	   2.9546928632088554e-01	   2.7394786010799266e-01	   2.4176951117131151e-01	   4.0421651049089002e-01	   4.2301260864964213e-01	   2.0725135140119616e-01	   1.6469408298432900e-01	   3.5071329264855267e-01	   1.6148749904615969e-01	   4.1169800287782488e-01	   3.4572135040133922e-01	   4.7636882120915530e-01	   5.4821335047384034e-01	   8.0219069407018069e-03	  -9.3763926140475514e-03	   4.3633706293054397e-01	   3.2577522387510499e-01	   3.5160181873721580e-01	   3.8820200819669626e-01	  -1.2509984465745155e-01	   1.1211993692875188e-01	   9.5948943086390986e-02	   1.9881068138027019e-01	   5.3833840122786158e-01	   3.4597672259105572e-01	  -5.6299867573513046e-02	  -4.3432011356465586e-02	   1.4705727299303886e-01	   1.6411841643668362e-01	  -1.3973497595219633e-01	   6.3730205898628323e-02	   4.4411293015798034e-02	   1.8003042259158217e-01	   7.2897753900836804e-02	   4.5294762320990216e-02	  -3.4286773211431470e-01	  -3.2759914597703677e-01	  -2.2503675999169881e-01	  -1.8388209610041550e-01	   3.3466455134475137e-01	   1.9071248349861070e-01	   1.3744339002318293e-02	   6.9777536159326553e-02	   1.7557916017566508e-01	   1.6518178678347240e-01	   5.6806083033681132e-01	   5.4588455141929804e-01	   6.3677858180606750e-01	   4.7175027979737499e-01	   6.2983490327996117e-01	   3.9720218317741884e-01	  -1.8583090613969611e-01	  -1.3224853123380012e-01	   2.7467343173096753e-01	   1.5483511122988969e-01	   5.0035200599336993e-01	   5.9778300117495065e-01	   5.2417093657303049e-01	   5.1777392708505654e-01	   3.0137234903669274e-01	   3.9900199318877844e-01	   1.5704122211890709e-01	  -1.0232780569790285e-01	   1.4726780745964863e-01	   1.5051253363649653e-01	   3.4497429412179793e-02	   1.6027540909451948e-01	   3.0451017437679440e-01	   5.7902464809003484e-01	   4.2123771737572013e-01	   1.9384253689896846e-01	   1.1359634536845971e-01	   4.6250261637985117e-02	
   2.7007281937738581e-01	  -3.5685975029561487e-02	   3.8174406415367923e-01	   7.8155179002142461e-01	   5.5145892625945780e-01	   5.8067648769088431e-01	   7.3963045447573261e-01	   0.0000000000000000e+00	   3.2663571467373265e-01	   5.9095680273191320e-01	   8.4508823622098911e-02	   2.2589960646679375e-01	   1.2748028310857221e-01	   3.5183767542840916e-02	  -2.6466480970463896e-01	   1.8509083505287816e-01	  -5.5935101836494505e-01	  -3.2491405637524784e-01	   1.5793729504028720e-01	   2.9982800259335368e-01	   1.6046710526148589e-01	   1.0558556984403554e-01	   1.2808096444869269e-01	   2.3122118998721863e-01	   1.0405445406425505e-02	   2.8453139695805783e-02	   1.8355360301741333e-01	   2.5298086212476173e-01	  -3.5863949348014934e-01	  -3.1762579992660250e-01	   1.6873225247581453e-01	   1.7622228549370622e-01	   9.2614156019669144e-02	   2.0687019414912081e-01	  -6.0288594433112422e-02	   1.0992599674184141e-01	  -2.0492025049477874e-01	  -4.8830744852932519e-02	   3.3932860106770868e-01	   3.9925898869885823e-01	  -1.8201975607593607e-01	   1.1422329851038023e-01	   2.4191746916731194e-01	   1.1187401652384579e-01	   1.4928436183390729e-02	   2.6316411741163358e-02	   2.5961145017049508e-01	   1.6897537118519995e-01	   1.2490076635543022e-01	   3.0575629110917990e-02	   1.5286998772456356e-01	  -6.0747316023359053e-02	   1.5086454091215659e-01	   3.1259439225220356e-02	   3.1419644595926477e-01	   3.4546729371560730e-01	  -1.4069649203289547e-01	  -1.2249454737361366e-01	   5.0696449649319753e-01	   4.5724464714634266e-01	   3.4936981823472546e-01	   5.3537165278442855e-01	  -2.2769967751117348e-01	  -2.8505478834783871e-02	  -1.3773727934417565e-01	   2.3504216642647935e-01	   3.4167972635726696e-01	   2.3928641583282861e-01	  -1.6066924530632209e-01	  -1.7476040317623640e-01	   1.7611332615068417e-01	   2.8021161831761254e-01	   2.1732466290622018e-02	   1.8057693744196149e-01	   1.2210307195652871e-01	   2.5735899575615401e-01	   1.1572808798993969e-01	   1.7605078501171054e-01	  -4.1690836569231826e-01	  -3.4482419548968402e-01	  -3.0265521447571203e-01	  -2.9624523588096002e-01	   3.6272179528772271e-02	  -4.5207678891197818e-02	  -2.0201585581969556e-01	  -9.9910302918090582e-02	  -1.8201531337693477e-02	  -9.2399847636848512e-02	   4.3501368450154226e-01	   5.0373696276510305e-01	   5.2350327903311666e-01	   3.0922793071661137e-01	   6.6949547083404648e-01	   3.2553141311081368e-01	  -6.0943388143032837e-02	   1.9361958520822051e-02	   9.4208070644372380e-02	   9.9031625816850904e-02	   3.6560686818429688e-01	   4.1092249209420778e-01	   6.0884085403127497e-01	   4.5231892660483014e-01	   4.1133077927347567e-01	   4.7159429152540699e-01	   1.9682759581770815e-01	  -2.3940044678410970e-02	   2.2116843943314582e-01	   1.5613758583307957e-01	   2.4175734521389458e-01	   2.3503618786364558e-01	   1.2279308892091473e-01	   3.8568279645773640e-01	   2.2186375819813847e-01	   3.1869615818652208e-01	   2.1654864125229895e-01	   1.2373498370580022e-01	
   1.1789338188260340e-01	  -6.2763010392527643e-02	   2.5633143205522341e-01	   3.5455952411232328e-01	   7.0782707872235828e-01	   4.2988653352333300e-01	   2.9367073242891184e-01	   3.2663571467373265e-01	   0.0000000000000000e+00	   6.6111202283201354e-01	   2.2952552323639441e-01	   4.4044367858152267e-01	   2.6756507440844773e-01	   2.1216362819279716e-01	   3.3937651133482527e-01	   3.0997595687197499e-01	  -2.0868810680700241e-02	  -2.6451074198710588e-02	   3.6122918923603525e-01	   4.2154340625056019e-01	  -1.1403241110935511e-02	  -1.4724287480416132e-01	   9.7713727720491875e-02	   1.5668541127715996e-01	   7.0284745016832975e-02	  -4.4380970976760109e-02	  -1.4504880469532702e-01	  -2.0828148765535798e-01	   1.8229727525975686e-01	   2.7569220518779458e-01	   4.8399274370247589e-02	  -5.8016344908398874e-05	  -1.0766515151269619e-02	   4.0327570039550904e-02	   6.2208440009429287e-02	   6.6581089180045280e-02	  -3.6445825136411514e-01	  -4.1862693069769924e-01	  -4.1928536229299929e-01	  -3.8994422059070183e-01	  -9.4795466143027821e-02	  -2.9899296435655554e-01	  -1.1284410012690910e-01	  -8.9097665077153915e-02	   2.1188138641014029e-02	  -3.2293561023072716e-02	  -1.6233636658431583e-01	  -1.2301277880313490e-01	  -8.1647236300920578e-02	  -7.1668548328992374e-02	   1.7786297796978608e-02	  -1.0317109566802030e-01	  -1.3340744345847369e-01	  -1.0320603113259924e-01	  -2.0172640118128105e-01	  -1.6458694453619072e-01	  -2.0949348060578016e-01	  -2.4321500596601858e-01	   1.7654470922389295e-01	  -5.9391696534733085e-02	   1.1274364752517092e-01	   6.2166848595590199e-02	  -5.1678274057591136e-02	  -1.7344186859149228e-02	   1.7029191705106111e-01	   1.6743227764211949e-01	   2.5489819795665591e-01	   1.7045882441887442e-02	   1.6345686254627409e-01	   1.3403425396432073e-01	   7.3510114650552294e-02	   7.6241842170852100e-02	   2.1567801530564659e-01	   3.2838786080916638e-01	   1.8847126941108711e-01	   2.5586457740483620e-01	  -7.6908269159539189e-02	  -1.5976549283535799e-01	  -6.4006691830386254e-03	  -2.8170069531063630e-02	   1.2916522641606135e-01	   1.1346631815626197e-01	   7.8814947390109524e-02	  -7.8443914229839887e-02	   1.9665838258397378e-03	   8.0223807541545983e-02	  -2.2766610125281300e-01	  -1.3463048173576869e-01	  -1.4306242087057092e-01	  -5.8335861848731137e-02	   1.2837924036260104e-01	   1.1520667759156655e-01	   3.2545573353558566e-01	   2.3247340614757089e-01	  -9.9469558621059440e-02	  -2.9926521420737717e-01	  -3.7847960409625930e-02	  -1.0870596628103453e-01	  -1.6218147223500345e-01	  -7.4743169718755498e-02	   1.6087901793913359e-01	   7.9401232371467886e-02	  -2.9415101691581319e-02	  -8.3987272716273251e-02	   1.9267613951247050e-03	  -7.2586091268784333e-02	  -1.9800742250673289e-01	  -4.3865305525965695e-02	  -1.7169379029767659e-01	   3.3998553630112416e-01	   1.5074653095358326e-01	   3.5443898374281489e-02	   2.7165378028331227e-01	  -9.6170487977964902e-02	  -7.2132815985109650e-02	  -2.2835713898633409e-01	
   3.6407405190827924e-01	   1.2193231491529899e-01	   4.8216162059502982e-01	   6.8124613162309022e-01	   5.8671430572838423e-01	   7.2261465709826078e-01	   4.7019096644966207e-01	   5.9095680273191320e-01	   6.6111202283201354e-01	   0.0000000000000000e+00	   2.0301334463846571e-01	   4.6556662655293635e-01	   1.9727882276753306e-01	   1.5248438203851614e-01	   3.2330023162871419e-01	   4.7572184712544191e-01	  -1.7389818080032485e-01	   6.7977575917519767e-02	   5.2621702540079363e-01	   5.6752705954463456e-01	  -2.9692575307457399e-02	  -1.0329359659683980e-01	   3.7711448584421203e-01	   4.5267161309617787e-01	   9.4751324406256512e-02	   7.9714236663155122e-02	   1.1606422632321786e-01	   1.0899703497289229e-01	  -1.2477018872401627e-01	   1.0111259717480350e-01	   9.2109774343454950e-02	   8.6379826953329159e-02	   2.6184993288831577e-02	   6.5445695620376915e-02	  -1.9028216355367983e-01	  -1.3599690128291031e-01	  -5.5367111698305516e-01	  -5.0633721915444208e-01	  -2.8438721197120370e-01	  -1.9167266272974059e-01	  -2.6395009396778568e-01	  -2.7959953525356118e-01	   3.8186507607923297e-02	   3.8985964718376849e-02	   1.3852708296247018e-01	   1.0654381355323457e-01	  -1.1086630741282629e-02	   1.3021868687543015e-02	   2.2825182000446848e-01	   9.5629933295666408e-02	   1.9997423514017720e-01	   1.3536578617064912e-02	   1.4330986304408264e-01	  -7.0285201477125712e-03	   5.1957018211787859e-02	   1.0686082808722459e-01	  -4.1843270357079257e-02	  -3.2739691664369415e-02	   3.5986446590014959e-01	   1.5638302623430167e-01	   9.3767487075200759e-02	   7.1169258688624698e-02	  -2.0479221270876244e-02	   7.7504949860886629e-02	   1.6253517091270248e-01	   1.9846216179645348e-01	   2.6950940693977160e-01	   2.2791026605466544e-02	   1.6101915143631454e-01	   1.4819389833692098e-01	   2.8352821124360314e-02	   1.8319337406235044e-02	   1.0349502545276554e-01	   2.1560586716203595e-01	   1.5313127738985891e-01	   2.8355916076336302e-01	  -1.9272603944287492e-01	  -1.7130295643939297e-01	  -1.9612361155633435e-02	   5.6613562547238344e-02	   7.3193989814826485e-02	   2.1661466763770706e-01	   2.6324599429912654e-01	   1.6494078549456787e-01	   1.5584205995595837e-01	   2.8524000640161584e-01	   7.6243187434171411e-02	   9.7338757544740029e-02	   1.5015754130323788e-01	   2.5030853158817007e-01	   2.9094163674754453e-01	   2.7971444792022049e-01	   4.3743788237924197e-01	   2.5980336543825366e-01	  -1.4301814642686539e-01	  -2.4530742450419676e-01	   6.8327206668456113e-03	   9.8266964920129124e-02	  -1.5267327824302880e-02	   1.1699488529085438e-01	   3.1221682103516274e-01	   1.8008532020273199e-01	   5.5808841892710154e-02	   1.3178759293615200e-01	  -6.3448768283624057e-02	  -1.4123308614618149e-01	  -2.3588285316579399e-01	  -1.0464417098335951e-01	  -2.0546870309313681e-01	   3.1656223733052630e-01	   2.2971283576362359e-01	  -1.0960131511586705e-03	   1.2681060673112399e-01	  -1.7628283740451789e-01	  -1.5150484642269951e-01	  -2.1407167521367806e-01	
   5.1395302541554877e-01	   3.2575935021930630e-01	   3.3487897471944711e-01	   5.5483462757035772e-02	  -5.8103716170457967e-02	  -6.7126948461373501e-02	   9.5077796586170743e-02	   8.4508823622098911e-02	   2.2952552323639441e-01	   2.0301334463846571e-01	   0.0000000000000000e+00	   6.4298484598321792e-01	   7.9305679985794975e-01	   6.7116102401110500e-01	   4.3214750465803253e-01	   1.7795759723589261e-01	   1.3960271031964738e-01	   2.4132170413285817e-01	   3.1337929205508419e-01	   3.8628744964873118e-01	  -3.6022029750881568e-01	  -4.5710226522506181e-01	   2.6516959359452269e-01	   3.4906182686633891e-01	  -1.0698981734656124e-01	  -1.8195183010231752e-01	  -8.8627304024168768e-02	  -1.4556405120914145e-01	  -1.6979283039697410e-02	   1.9633461123467012e-02	   1.6834466123419517e-01	   2.5292632449960917e-01	   4.8975229797586539e-01	   5.3221195332399085e-01	   8.3918841930698526e-02	   2.8013932219722903e-01	  -1.9099849970014421e-01	  -1.3433540505348829e-01	  -1.7768803312711995e-01	  -4.4190224266384671e-02	  -1.4015859814701986e-01	   9.2981313092177359e-02	  -1.1101028355589271e-01	  -1.2003504123428068e-02	   1.5760780271214241e-02	   3.1791326617361573e-02	   1.1476177383883515e-01	   7.8672177186270190e-02	   7.5712320666937102e-02	   2.3284326328428870e-01	   9.3290196726973043e-02	   1.1991698354883396e-01	   1.9298706891425330e-01	   2.5624906466749464e-01	   5.8331524229350727e-03	   9.2893680425874842e-02	   2.9686522087028633e-01	   2.8618698090009348e-01	   2.7943330874728922e-01	   2.6720168291247820e-01	   5.4195654635654023e-01	   4.3830271914458163e-01	   4.6889875800570335e-01	   4.0571514239574680e-01	   4.3667724979720501e-01	   3.7328089976146506e-01	   2.2943722238230357e-01	   2.5003712953326496e-01	   7.7703941483145522e-02	  -2.5587343949743452e-01	  -4.9748603776560069e-02	  -1.1078951196041784e-02	   4.0257167203364397e-01	   4.1379895855419252e-01	   5.9562883323941285e-01	   5.6960645103346563e-01	   2.9725122135666521e-01	   2.5095022974757747e-01	  -5.7764672708846068e-02	   9.1991382053022264e-02	   1.3567437117099221e-01	   3.5614636857043230e-01	   2.7199628200410791e-01	   2.4531204213607521e-01	   4.9262762825613615e-01	   3.7867700338432458e-01	   2.6897106629290340e-01	   2.5297279050175892e-01	   3.1363468074729550e-01	   3.0639158043983261e-01	   3.1859183748381550e-02	  -6.3327920945006499e-02	   1.3468616506080749e-01	   6.3415834956390152e-02	  -5.0181687768517125e-01	  -2.1796374158935827e-01	  -1.6305724316840484e-01	  -1.3786365042116785e-01	  -1.1965124563415089e-02	   1.3521122300597094e-01	   2.5634790615033926e-01	   2.7558789875219880e-01	   2.5040749834724668e-01	   2.2855197705288360e-01	   3.9893585671252652e-01	  -9.2358160385090683e-03	   1.3111840643930445e-01	  -5.6523063986397268e-02	  -3.1982855840621671e-01	  -2.5274267266019579e-01	   3.7625715884857486e-01	   1.9170165415061341e-01	  -3.5936032610697478e-02	   2.3433247004541410e-01	   2.8008358297911157e-01	   3.4245198479919170e-01	
   5.2951709554877924e-01	   4.2816449050246053e-01	   3.7161983842602503e-01	   3.6738684142951622e-01	   1.4007269374989689e-01	   9.3923418710235448e-02	   2.1176209469692026e-01	   2.2589960646679375e-01	   4.4044367858152267e-01	   4.6556662655293635e-01	   6.4298484598321792e-01	   0.0000000000000000e+00	   6.6947900351321366e-01	   7.4540754289105648e-01	   4.8579641464802870e-01	   3.8254743591466328e-01	   1.1330375914671872e-01	   3.6391098539396655e-01	   4.8771267408542385e-01	   6.9101675390878037e-01	  -3.3010790707052645e-01	  -5.0108070569582863e-01	   2.5245033621854146e-01	   4.1231379628142240e-01	  -1.2990702028330992e-01	  -2.4489131834145372e-01	  -1.8233101272540955e-01	  -2.2759666748337148e-01	   1.7186486262819659e-01	   4.2191249059998970e-01	   1.8106051145336371e-01	   1.9918273586438184e-01	   6.0971763033397697e-01	   6.2121720727049334e-01	   5.4688181882917627e-03	   9.7941080118913573e-02	  -4.4338752140841348e-01	  -3.8914396111448807e-01	  -3.1439325258254508e-01	  -1.8867194579320729e-01	   5.1340544867161914e-02	   1.2542318836659941e-01	   9.8274930123751270e-02	   2.1854049320453323e-01	   3.0707638247840985e-01	   3.7097040071234594e-01	   2.5297782997463797e-01	   2.3255484138409566e-01	   2.6209453961200446e-01	   3.9339393812921863e-01	   2.3402250308704356e-01	   2.7204225781219682e-01	   2.8762200028841511e-01	   3.0131746020442562e-01	   3.4046187298441798e-03	   1.2709421865457660e-01	   2.6677074047701277e-01	   3.2477207839347805e-01	   4.1539512792530914e-01	   3.3717245899774040e-01	   4.6391335759651059e-01	   4.3295756094193338e-01	   5.0775593864900637e-01	   6.2897067622068525e-01	   3.1903753377352728e-01	   1.7377867350104342e-01	   3.0555572710049433e-01	   2.1975393118829145e-01	   1.5488841057635711e-01	  -1.1133203944819768e-01	  -1.5536855780823769e-01	  -1.7116936309684239e-01	   4.2323766785650563e-01	   5.4871210271197901e-01	   5.7727483085514730e-01	   6.5000873179590157e-01	   1.2900043911213294e-01	   8.8882819261234397e-02	   7.8493758077354855e-02	   2.3009606862296236e-01	   4.3384520908844348e-01	   5.2185507721145508e-01	   5.2101348321640284e-01	   5.1582959786400717e-01	   4.1998581503005106e-01	   4.8352728152477720e-01	   2.5743404146347471e-01	   2.7115380389343430e-01	   1.7660983624454407e-01	   2.3117699971268574e-01	   1.2622630269388585e-01	  -7.6613813330198385e-02	   1.8666978381096067e-01	  -1.4028497374247489e-01	  -3.0814117190312379e-01	  -2.4999282818108454e-01	   4.0720007548181614e-02	   5.5037213217810341e-02	  -3.0486423134717375e-02	   1.8440481822191515e-01	   2.2820907633140092e-01	   1.1755330494243896e-01	   1.0257198186306782e-01	   1.2334247175619156e-01	   1.7829543202720738e-01	  -1.5761229257072601e-01	  -2.1521022104947333e-02	  -2.1216478062854721e-01	  -3.2062874025147514e-01	   1.3984911764447508e-01	   4.2042243609319802e-01	   2.2385223052643338e-01	   8.9418666202857156e-02	   1.0492009658304696e-02	   1.1140644825325627e-01	   1.3418423608448515e-01	
   3.6299173538655805e-01	   1.6580206547120460e-01	   1.9915977164615700e-01	   3.0535177800703910e-02	  -2.6094698886070737e-02	   2.6492375040332580e-02	   8.6026241292182407e-02	   1.2748028310857221e-01	   2.6756507440844773e-01	   1.9727882276753306e-01	   7.9305679985794975e-01	   6.6947900351321366e-01	   0.0000000000000000e+00	   7.5692895594000043e-01	   4.9689350384485242e-01	   3.6116749543509319e-01	   1.6312063565446025e-01	   1.7598570206485958e-01	   2.8235063769247781e-01	   3.6102231909034666e-01	  -3.6550418164405762e-01	  -2.9522245027009492e-01	   1.2261592891893508e-01	   1.6858107373147588e-01	  -1.2804857054836896e-01	  -2.1918043119392425e-01	  -7.9870069324295523e-02	  -1.3581342482270098e-01	   2.6149528477694772e-01	   1.9640395196728866e-01	   5.4877936732839805e-02	   8.2721958380926955e-02	   3.1203744536040745e-01	   4.0201706219742483e-01	   5.0846628735026156e-02	   1.6443884338051204e-01	  -1.1138409644870194e-01	  -7.1237936890579834e-02	  -2.4728284741900547e-01	  -1.2747658931176564e-01	  -5.0824743625974104e-02	   7.7242282873572293e-02	  -1.0120143334352222e-01	  -5.2134173707425208e-02	  -7.6796809741356609e-02	  -1.1232950257454898e-02	   1.9499069521455880e-03	  -1.9200096966548126e-02	   8.6275880428834523e-02	   1.3412342192118021e-01	   5.9030487000158789e-02	   5.6526909398497130e-03	   1.3251249069021281e-01	   1.2483498791145828e-01	   6.2492295935678413e-02	   2.0781560651919929e-02	   1.2942087900302326e-01	   1.3822468459185641e-01	   1.6981151048042631e-01	   1.2098778347375598e-01	   4.0289264324026353e-01	   3.4872615510350052e-01	   4.2612398974939303e-01	   2.9207557771254994e-01	   2.9402561241470621e-01	   3.0178385439442623e-01	   3.3493098327312218e-02	  -4.9982213706363521e-03	   8.7955345451538186e-02	  -1.2239739457720394e-01	  -2.8349386231337793e-02	   1.9621319992801391e-02	   2.9544075420966387e-01	   3.8905576418329246e-01	   5.0445016084316019e-01	   5.6299927906249381e-01	   1.1014015105207767e-01	   5.9649882775635113e-02	   7.2472695789801200e-02	   1.8569142732223595e-01	   2.5651365704941742e-01	   3.5702806836984241e-01	   2.6485347691537720e-01	   1.7753054270643617e-01	   3.3457693115148790e-01	   2.5269098332689566e-01	   5.6287064198262529e-02	   1.0069042416948563e-01	   1.7404373357171993e-01	   1.6327639631278987e-01	   6.8285211498728196e-02	  -1.1300017231936139e-02	   1.5175495340254239e-01	  -9.3479799247735140e-02	  -3.6920822870227799e-01	  -1.7984451986666894e-01	  -7.6184571666764650e-02	  -1.8587260435926872e-02	   1.3348816696904780e-03	   8.9328007254139349e-02	   1.2759769338853150e-01	   1.2607723028958842e-01	   8.6666813612719135e-02	   3.6320464237594240e-02	   1.6341771965646865e-01	  -1.9526310790857756e-02	  -1.0502849657117191e-01	  -2.8622857143625796e-01	  -3.3434550854276351e-01	  -3.6232130763593592e-02	   2.9221397613078348e-01	   9.2708400090723786e-02	   1.5951847632421362e-01	   1.0668113931037973e-01	   7.5879071244491780e-02	   7.9165580659435256e-02	
