   0.0000000000000000e+00	   5.3961485026000977e-01	   4.4746807219376034e-01	   3.8942540333700326e-01	   2.2665448252265941e-01	   3.4966302369218843e-01	   4.8075842368186994e-01	   3.2367824283717550e-01	   9.7762692845170251e-02	   2.8713109465869835e-01	   4.5450270580512919e-01	   3.0964719798754609e-01	   3.4293246788736098e-01	   3.0896114291187982e-01	   3.1811539060682270e-01	   5.0795455174411053e-01	   4.6511703925460701e-01	   3.3963624197325415e-01	   6.6621535820237465e-01	   6.3943290324788360e-01	   1.4194669870461329e-01	  -2.7972245242781885e-02	   3.7170931423164300e-01	   3.7242071105084945e-01	   3.1445762740114813e-01	   3.5388197439950264e-01	   2.5950468796116610e-01	   2.8437303453549295e-01	   2.5740334138124910e-01	   1.4118351256798922e-01	   1.6280384805727691e-01	   1.2584745405522496e-01	   5.1529066927484302e-01	   4.4339518969784930e-01	   2.6671365288802668e-01	   2.7860444896155934e-01	   1.7861616111131146e-01	   7.4881158320655172e-02	   5.3906596823534869e-01	   5.1608245309215306e-01	   3.7074059613426857e-01	   3.7181160073127961e-01	   5.2852100703146965e-01	   5.3689385276365575e-01	   5.3480399222549946e-01	   4.9897050859210107e-01	   6.0568693663043971e-01	   6.0106264026706313e-01	   5.9378194278179153e-01	   5.0467188153849785e-01	   5.9507312405540935e-01	   4.8554496486696341e-01	   5.7774923151263813e-01	   5.3733869342912344e-01	   6.7785839610149601e-01	   6.5710666979533960e-01	   7.1303114575662563e-01	   5.0263990748788190e-01	   6.7862592572347591e-01	   4.8438299710445420e-01	   3.0891691238958086e-01	   2.6736600473062500e-01	   2.7089440108245433e-01	   1.8522520678017146e-01	   1.6009553898885048e-01	   1.7844142740405947e-01	   5.9070246853010344e-01	   4.6997484917746440e-01	   5.4299038569179747e-01	   4.1556673491736218e-01	   1.0768498764339761e-01	   1.5099593087731994e-01	   4.1490323875986057e-01	   3.1861157234385729e-01	   3.8025809612191969e-01	   3.1606649155062466e-01	   2.7025811280763934e-01	   3.4862640237271936e-01	   3.7163153932624571e-01	   1.3203177867781654e-01	   4.5925148162773044e-01	   4.4176024616514109e-01	   4.8339181259756420e-01	   3.7473252341627877e-01	   3.2368764382641746e-01	   3.3871763199111871e-01	   5.6179267867725913e-01	   4.1229552826494881e-01	   6.0483808663313421e-01	   6.1678014596105368e-01	   3.2016323142718572e-01	   4.7883170063000002e-01	   1.7198848663926597e-01	   3.9966558991552709e-01	   2.4440203498935201e-01	   2.3080493460150406e-01	   5.5626922459681882e-01	   4.8912937401001244e-01	   6.1023501801380520e-01	   7.4796429461303149e-01	   1.1242175454413308e-01	   3.8246034122788486e-01	   2.5401384737411881e-01	   3.6487475759281135e-01	   4.0380060638697773e-01	   2.9027285050911267e-01	   2.8478189186458724e-01	   5.3381278965457635e-01	   2.6746915587312098e-02	  -2.1558284406981834e-02	   6.2167331199440001e-01	   6.4452999854226667e-01	   6.2891166760985107e-01	   6.0218312689882358e-01	   5.8201795616410545e-01	   4.9681973835333060e-01	
   5.3961485026000977e-01	   0.0000000000000000e+00	   1.7368824628940618e-01	   2.0234891680793632e-01	  -6.1262581895757215e-02	   1.4626352259276365e-01	   1.3186809290725754e-01	   2.9711294316048120e-01	   1.8015446882946182e-01	   1.6589962982862583e-01	   3.9240705597031222e-01	   2.9030955689577453e-01	   4.0142316299875014e-01	   3.6977917537145832e-01	   2.9539835425062022e-01	   4.0374551838671968e-01	   3.9702050309628512e-01	   4.9371818407427337e-01	   3.3566831522398349e-01	   6.5567244229881005e-01	   9.2625104972059349e-02	   5.9698507813009352e-02	   1.7728244310331784e-01	   1.5498597653191720e-01	   7.9718600106625223e-02	   1.1245196125559051e-01	   1.2787490507360921e-01	   1.3392250440426581e-01	   2.7790915148504436e-01	   3.1189324187907030e-01	   2.2556796228878895e-02	   4.6733519425795648e-03	   4.0176347984954380e-01	   5.9098750623632068e-01	   6.5317731096560652e-02	   2.1243247680234212e-01	   3.4568933715150024e-01	   2.2250516679326410e-01	   3.8644899212535821e-01	   5.7681652433068265e-01	   3.4786850832522931e-01	   4.7952634660682325e-01	   4.0442180108420966e-01	   4.6444379227066912e-01	   4.6373224136854208e-01	   5.1174549418505033e-01	   5.4705414601295077e-01	   4.8253200622290066e-01	   4.9770117012333909e-01	   4.6291290196888357e-01	   4.0402479855858814e-01	   3.5528928375545871e-01	   5.2047726793409788e-01	   5.4053690186047298e-01	   5.8125234576350948e-01	   5.6876113152383412e-01	   3.4945622096362006e-01	   6.6872835891801241e-01	   4.7928618462147743e-01	   5.6593763892477877e-01	  -5.4056217389059122e-02	   2.7728563408643414e-01	   1.7368041687095132e-01	   3.4186139554679285e-01	  -5.1761036377983613e-02	  -1.5319610114499499e-01	   3.2145309905519542e-01	   2.9963019690667836e-01	   4.0845921221176362e-01	   4.1074062124048843e-01	   2.8930104603561502e-01	   2.6422396233653733e-01	   3.1036306017345594e-01	   4.9811228354537118e-01	   2.3381907088292103e-01	   4.2904479576488452e-01	   2.1503691208660466e-01	   4.4994548516803956e-01	   2.5658538838561379e-01	   1.5934900598557508e-01	   3.7587019944015532e-01	   4.4456468169891128e-01	   5.8003969131809396e-01	   5.9293273252413392e-01	   1.5118798254828486e-01	   8.5327934546462869e-02	   4.8942685566719824e-01	   4.7283395163402109e-01	   3.4821755108585017e-01	   4.2010537444223151e-01	   2.4298064589133000e-01	   1.1916339356648893e-01	  -4.4238891260947551e-02	   3.0458697505102772e-02	  -8.4676695453011971e-03	   7.3996518838816375e-02	   5.7108523671750111e-01	   2.8132128299607273e-01	   5.8931654953467694e-01	   3.8798524258774347e-01	   5.1360254508476498e-03	   1.0686764141388671e-02	   2.5592909027430638e-01	   8.8936240678197716e-03	   3.9834896349699050e-01	  -2.9934191013238756e-02	   2.4357279740003512e-01	   1.5899009308935222e-01	  -1.0003285249212970e-01	  -6.8022345428360956e-02	   4.0237391324296978e-01	   4.4238340981557500e-01	   3.8167368985398964e-01	   2.3861149139695453e-01	   2.3374779808560672e-01	   2.5105944725991169e-01	
   4.4746807219376034e-01	   1.7368824628940618e-01	   0.0000000000000000e+00	   7.9724176577695560e-01	   6.4878020986603158e-01	   5.3525188855886452e-01	   7.2547219232114268e-01	   2.8145012332107361e-01	   4.2648646119138511e-01	   4.7088864394201446e-01	   4.2718637272477489e-01	   3.2657369832989440e-02	   9.4939123222569227e-02	  -1.5112417571619630e-01	   5.0347868942442187e-01	   3.7113038524349151e-01	  -4.7850978653601189e-02	  -1.8378217015264342e-01	   7.0121119601834725e-01	   5.0412827597198961e-01	   4.1573739227760698e-01	   1.2676824475943443e-01	   7.4235975460226045e-01	   7.0739532124573445e-01	   5.5432352193314838e-01	   5.8676543483330690e-01	   4.4705566044125172e-01	   4.2446041330947976e-01	  -1.0315460674859692e-01	  -3.2021316754278217e-01	   5.3137226797198545e-01	   4.6034139927018602e-01	   3.1792548771215001e-01	   1.7083234623362387e-01	   5.6230197525858838e-01	   4.9838152318246476e-01	   2.8122524542660982e-01	   1.5754627855358661e-01	   5.5494572068590364e-01	   4.1457209269921946e-01	   3.9779615728031575e-01	   2.3392043157509468e-01	   3.6664023121883715e-01	   3.4883635667489399e-01	   3.6081366296666689e-01	   2.8660337363019467e-01	   3.8092000398615850e-01	   3.5877655863447744e-01	   2.8491977581416100e-01	   1.7547405672557595e-01	   4.1842341364163294e-01	   2.4728862645384414e-01	   3.9703850544458302e-01	   4.1935005252806634e-01	   4.4616179554998281e-01	   4.3798743397855988e-01	   1.6861533970950060e-01	   9.9109536230600120e-02	   2.9345106461551340e-01	   1.3774826763519785e-01	   2.3215519591643435e-01	   5.8657377008017986e-02	  -2.5174123279300414e-01	  -2.9532073500311473e-01	   5.7641321323995420e-01	   3.7358040764953260e-01	   4.3504294680174038e-01	   3.5902913372673689e-01	   5.2827654396712709e-01	   4.1021821651877866e-01	  -7.7278668255503627e-02	   1.0767699545362833e-02	   2.4047439196148768e-01	  -2.8815379843004450e-03	   2.7692283167979215e-01	  -2.6029127793861890e-03	  -8.0223325938145879e-02	   1.7347054740378943e-02	  -4.6995677515458301e-02	  -2.3060012798484109e-01	  -1.5010562176151463e-02	   6.4791690567814128e-02	   4.5453645111797214e-01	   3.6926503170867314e-01	   5.6876887821866995e-01	   4.2916082944339162e-01	   5.4866018780679982e-01	   5.3299204787176357e-01	   6.7150367508420428e-01	   5.9979191084994654e-01	   2.4678781734445754e-01	   5.5480267393357308e-01	   2.8000276110847594e-01	   5.3372803110111600e-01	   1.9882645648274005e-01	   1.0915960492494643e-01	   3.0577255789711066e-01	   1.7116191028483330e-01	   3.3061038552407485e-01	   4.3766259264430818e-01	  -2.2624003476179214e-02	   3.0163137877107599e-01	  -8.3791579153564957e-02	   1.4598397682413822e-01	   3.0999463872925198e-01	   4.5644656259344130e-01	   5.2959970873331957e-02	   3.1487170705299639e-01	   3.6999652757213147e-02	  -1.0057414770188199e-02	   4.0406259079385354e-01	   3.9667077787545035e-01	   4.1854313368911006e-01	   3.1321743895460008e-01	   3.5428691297465087e-01	   1.6875380657023575e-01	
   3.8942540333700326e-01	   2.0234891680793632e-01	   7.9724176577695560e-01	   0.0000000000000000e+00	   5.8761215228679431e-01	   7.2991427107477347e-01	   5.1988317875685097e-01	   5.4499541369501703e-01	   4.5462758501273481e-01	   6.5397634104086366e-01	   2.9888387573566255e-01	   2.0922775222062501e-01	   2.5872160593226910e-02	   4.7742226739750954e-02	   3.8307207227812112e-01	   4.7377416663035155e-01	  -3.6350598387128612e-02	  -2.1172993881109270e-01	   7.0726935953891323e-01	   5.9068936058016119e-01	   4.0038062196165330e-01	   1.6331812243808602e-01	   5.7087416281942116e-01	   7.0471961511554171e-01	   4.5428399516039436e-01	   5.4781582395753037e-01	   4.2128150179057799e-01	   4.2493130951836600e-01	  -5.1369129225478462e-02	  -1.7738354087710098e-01	   4.8710753795658779e-01	   4.2277158101101886e-01	   1.8365831653426376e-01	   8.7462689149160930e-02	   3.3346479618006386e-01	   3.4513666176064972e-01	   2.2106717989087279e-01	   1.2261991269874933e-01	   4.7966558839656714e-01	   4.2423418248049155e-01	   3.8090724544774474e-01	   2.7955571242555849e-01	   3.4303883785706113e-01	   3.1857968494178973e-01	   2.9536130363764884e-01	   2.6571480311988505e-01	   4.2125682260677444e-01	   3.5318201641302710e-01	   2.6266046008261379e-01	   1.7148572512907093e-01	   3.8226870190702877e-01	   2.1770652087305131e-01	   4.8191608320968771e-01	   4.7354031102373872e-01	   4.3339139051748432e-01	   4.3673793418606000e-01	   2.0933879447419090e-01	   6.8914387778783823e-02	   2.0357524198094326e-01	   1.5182273700801507e-01	   7.3513296953218732e-02	   1.2550692996608348e-01	  -2.4931527572006096e-01	  -2.3268251252910255e-01	   3.7696141363250341e-01	   3.6167579638224712e-01	   2.9685077465742943e-01	   2.9510785322551253e-01	   6.0071746382111613e-01	   4.1299847389590089e-01	   9.3910176834097872e-02	   9.4196456867460726e-02	   3.4159667283213019e-01	   8.8488438660684288e-02	   3.7240881973494694e-01	   1.5432931788838289e-01	  -1.2068304044856498e-01	   6.8337273238135945e-02	   1.6298638512688389e-02	  -2.4914353801412092e-01	  -4.7027818246898674e-02	   3.2530168661527380e-02	   4.0815833474307334e-01	   4.0258580330380783e-01	   3.7605825896236889e-01	   4.3498159418397508e-01	   4.2502915278881587e-01	   5.2072841687430738e-01	   5.1079676687913189e-01	   5.8241118096937461e-01	   1.9373047707739691e-01	   2.8351025537560609e-01	   1.8476505474255334e-01	   2.1523861077339265e-01	   1.0118412976030416e-01	   2.4534708792680836e-02	   2.8723418956887148e-01	   1.6661508704589137e-01	   3.2751430861817638e-01	   3.1799371876581650e-01	  -9.0435521130846283e-02	   3.5627616108417498e-02	  -2.2049114833547723e-01	  -1.0693810201893528e-01	   5.7126596948879074e-02	   1.5269711124003177e-01	  -5.0617856496474378e-02	   1.7003132754599026e-01	   3.9647734741118143e-02	   6.8148139470396871e-02	   3.4718167623828217e-01	   3.3014404778528184e-01	   3.5015595405632460e-01	   2.1775642266138809e-01	   3.3296977402468320e-01	   2.0431403675832127e-01	
   2.2665448252265941e-01	  -6.1262581895757215e-02	   6.4878020986603158e-01	   5.8761215228679431e-01	   0.0000000000000000e+00	   5.6018299786572545e-01	   5.8244478789564258e-01	   2.1817863066126253e-01	   6.9314799999893251e-01	   5.2932348499458137e-01	   2.9072929608713971e-01	   2.2531555772811712e-01	   5.3285735455007983e-02	  -8.6414636419266076e-03	   4.6358280739517782e-01	   2.0995231614195725e-01	   7.6662519582751540e-02	  -7.7686296304941810e-02	   3.1461000654374405e-01	   1.7280219811229031e-01	   4.1659663457331553e-01	   3.3338470630552390e-02	   5.6029848353655243e-01	   5.6530447864695099e-01	   5.7265685994717919e-01	   5.6561098198871385e-01	   4.3333069269300412e-01	   4.2201326541855555e-01	  -2.2096647520579691e-02	  -2.1766021915157263e-01	   5.4598971185521594e-01	   4.8705444362898243e-01	   2.2287187927442276e-01	   3.9742612085312164e-02	   4.5287924895228726e-01	   3.7185236715683634e-01	   1.3113100088223906e-01	   2.2633481308189204e-02	   2.6557734808855354e-01	   1.6052228401670135e-01	   2.8443065452497690e-01	   6.8271761243485191e-02	   1.3117619029651312e-01	   1.2110548847804986e-01	   2.3536612120661241e-01	   1.6747300435698104e-01	   1.4544355379035601e-01	   1.3761176808577291e-01	   1.5463439816996627e-01	   6.6631528807057291e-02	   2.5303012362506683e-01	   1.4812570319621360e-01	   1.0999281875627606e-01	   3.1165028957095067e-02	   1.5009655704723973e-01	   9.6911893522470205e-02	   2.2216219704201226e-01	  -1.2148118003925155e-02	   1.7167753980243500e-01	  -6.2135466301858039e-02	   2.7169168564166568e-01	   2.6098060443750092e-02	  -1.8170446355667930e-01	  -2.8897199039453481e-01	   6.5784534558370034e-01	   5.2598879808684718e-01	   4.5731974591817398e-01	   3.3030929602889902e-01	   2.6659610720588611e-01	   2.1001105193733244e-01	   1.4955609941082956e-01	   2.2323983842749989e-01	   4.0964971542012940e-01	   5.9474631286508352e-02	   4.6448966465111174e-01	   1.7062357815183044e-01	  -1.0029782010886049e-01	  -5.5878043009325709e-02	   5.8235691042650820e-02	  -6.7436420231158534e-02	   1.7807718335758674e-02	   1.3641020124915521e-01	   8.8338286388432663e-02	   1.1005106866718545e-01	   5.8529487871884267e-01	   4.7861870301081455e-01	   2.4111330548622825e-01	   2.4887013464677091e-01	   3.7149673780871750e-01	   2.7036825798161029e-01	  -1.5821288905107020e-01	   2.0933668855473897e-01	   7.4539969203362172e-02	   3.3171602084874224e-01	   4.5000969818344463e-02	  -8.2253558576384930e-02	   1.2090862547849409e-02	   1.4509619978416932e-02	   4.0267891972538057e-02	   9.6045373502336717e-02	  -3.1676559106002464e-03	   2.7039312074472122e-01	  -7.7265791849534818e-02	   1.8522002131809606e-01	   1.3471358889350915e-01	   3.6736896384695833e-01	   2.6904782438971681e-02	   1.9577617243057374e-01	  -8.9213558096668949e-02	  -1.4111878500195088e-01	   1.4473913223066751e-01	   1.5264243597643123e-01	   9.1161508399408675e-02	   1.5901082811979664e-01	   2.3919649825832423e-01	   9.0056418904011393e-02	
   3.4966302369218843e-01	   1.4626352259276365e-01	   5.3525188855886452e-01	   7.2991427107477347e-01	   5.6018299786572545e-01	   0.0000000000000000e+00	   4.7997576494183547e-01	   6.9580519994177803e-01	   3.5451364502978910e-01	   8.1562697817673402e-01	   3.1572644375261710e-01	   3.3725511589138907e-01	   1.1673516712572153e-01	   2.7743244592172733e-01	   3.5088300174019760e-01	   5.2001192014227471e-01	  -2.6498906017119388e-02	  -1.9515416522131551e-01	   5.0110465875818044e-01	   4.0226074537053114e-01	   4.0756293499963947e-01	   2.5361638479744841e-01	   4.0004304408228475e-01	   5.1100986362366929e-01	   3.8592039017603730e-01	   5.0751069535319293e-01	   4.9526195222623104e-01	   5.3373535685364115e-01	   2.5541855774723531e-02	  -7.1285221682140312e-02	   4.7723992667407633e-01	   3.9509464009924739e-01	   1.8179869065091009e-01	   6.4460720545093220e-02	   1.9579333638464216e-01	   2.7000613410530694e-01	   1.0658251738508956e-01	   1.4759079499719072e-01	   4.1240415356915283e-01	   3.7084941912843206e-01	   3.7938843321094240e-01	   2.6029578205405535e-01	   2.0279877211987077e-01	   1.3130368944419574e-01	   2.1917480975095052e-01	   1.7441991709784760e-01	   2.3912177246280658e-01	   1.9231580726463465e-01	   2.1506189982827528e-01	   1.5146857672441888e-01	   3.0202079045845281e-01	   2.6225939154481259e-01	   3.6393288112085237e-01	   3.6425332261799459e-01	   3.5011017246963450e-01	   3.6893102245669640e-01	   2.0621677342515310e-01	   6.8124401288272129e-02	   2.5850326215103669e-01	   2.8429523048597505e-01	   1.5664279203010500e-01	   2.9612429688169084e-01	  -8.7773944202360191e-02	  -6.6994941290458576e-02	   2.4723882135406022e-01	   3.1118090780526020e-01	   3.0612501301236378e-01	   2.9900353522999756e-01	   4.6949240089944877e-01	   3.8563967186713732e-01	   2.7922721503087333e-01	   2.1103732749732262e-01	   4.4412108746112844e-01	   1.9064533158344196e-01	   3.8792058855523259e-01	   2.3115627438154113e-01	  -1.2050207495759033e-01	   8.1719422264831448e-02	  -2.2072817703525649e-03	  -2.2428965658558969e-01	  -4.5701462726189107e-03	   5.9214336828633418e-02	   3.2041835693044057e-01	   3.3923296753789833e-01	   3.4287725176494210e-01	   4.0720579465743473e-01	   2.1569811467196834e-01	   3.5559339131657219e-01	   4.0801951302245154e-01	   5.6809520766074162e-01	   1.7913009029166216e-01	   1.6847063827365141e-01	   2.5227711493808924e-01	   9.9080400244227651e-02	   9.3139687143574762e-02	  -3.2488630373862598e-02	   1.3695222810365953e-01	   1.9942616446231559e-01	   2.2574933133286790e-01	   2.3492172401098987e-01	   1.4381720284457297e-01	   1.3858018910305792e-01	  -5.2295916516337335e-03	   7.9791341582614431e-02	   1.9438769637990291e-02	   4.7032594613127657e-02	   9.2888521314633699e-03	   1.5968948025305907e-01	  -7.2357787593438666e-02	  -1.0490343488887020e-02	   1.3823813211381908e-01	   2.3918988352388934e-01	   2.4247108637506204e-01	   1.2333992733072015e-01	   2.2804022022336057e-01	   9.7439551436300703e-02	
   4.8075842368186994e-01	   1.3186809290725754e-01	   7.2547219232114268e-01	   5.1988317875685097e-01	   5.8244478789564258e-01	   4.7997576494183547e-01	   0.0000000000000000e+00	   4.5705861007491388e-01	   3.9617101946732175e-01	   3.6510344188351046e-01	   6.3873978298388356e-01	   3.6515403505028821e-01	   4.1683284291356865e-01	   2.2034269758097985e-01	   5.2286018575756477e-01	   3.3826438991514213e-01	   1.3356454601464807e-01	   3.3316970572823651e-02	   5.1228408359287902e-01	   2.9799710543694591e-01	   2.5629736576899924e-02	  -2.5636092056229004e-01	   6.4208167972841901e-01	   5.9056884691624745e-01	   4.3374903014298943e-01	   4.6721458073845701e-01	   1.3162216122457715e-01	   1.1367634406280272e-01	   1.6959377054513575e-01	  -4.7657097766149646e-02	   5.0823537211803194e-01	   5.0656013652819354e-01	   4.9507744151188565e-01	   3.7528317712700293e-01	   5.6828836389216597e-01	   5.4685663588188638e-01	   1.0372872151856105e-01	   1.6482175955326178e-01	   3.4824261941953705e-01	   2.9316374274197632e-01	   2.9406527895215867e-01	   2.0532417095051714e-01	   3.6590987154560622e-01	   4.0211462098911943e-01	   5.2277456990584259e-01	   4.0104674743925689e-01	   4.2296079429859323e-01	   4.1191639491307680e-01	   4.2175098339123174e-01	   2.7122832654556622e-01	   4.5482224485876965e-01	   3.4499062292027860e-01	   3.4621140478418627e-01	   3.2777781671339296e-01	   3.9665130425016387e-01	   4.0817280424581082e-01	   3.1679478290182195e-01	   1.6568220644091231e-01	   3.8126774648787731e-01	   1.4311701448002570e-01	   6.7341006839530393e-01	   2.6855986260588816e-01	   7.5524508715247421e-02	   1.4789605589857761e-02	   6.8736104468921910e-01	   5.8720398470971225e-01	   6.0834787525271472e-01	   5.5986853570435824e-01	   2.1821749106589627e-01	   1.9703604956938575e-01	   5.6339388940668089e-02	   4.8124022329143368e-02	   4.4719854501413137e-01	   2.4541563220862539e-01	   3.4250626891195213e-01	   2.0365393978316326e-01	   1.9361134994137524e-01	   2.0274657189997247e-01	   5.5944210922217893e-02	  -1.3866547277112073e-01	   2.4647943994555577e-01	   3.3392210739197581e-01	   3.3182353417145499e-01	   3.1122696409842693e-01	   7.0055569742176049e-01	   6.3253018722866050e-01	   4.4741427054844474e-01	   4.3862896482012304e-01	   5.0895640546648779e-01	   4.4676351542491222e-01	   1.5170190288740212e-01	   5.3201564490221076e-01	   2.4298683216773112e-01	   4.6921995389459514e-01	   1.3006068583099198e-01	   6.3968133704556313e-02	   2.9225814355963858e-01	   2.3755335148434692e-01	   3.5961443413451821e-01	   4.8888670149571972e-01	   2.5211707384128962e-01	   4.8429861281210751e-01	   2.0361660203970247e-01	   3.9601021853790136e-01	   3.0208971361819970e-01	   3.7831525416455269e-01	   3.7003505284185036e-02	   3.2976369490414348e-01	  -6.0936648764544771e-02	  -1.9554447011214932e-01	   4.2745321701394068e-01	   4.8342608092842104e-01	   3.9591699882410447e-01	   3.4282530612409512e-01	   3.9081030252248117e-01	   3.4687042497413739e-01	
   3.2367824283717550e-01	   2.9711294316048120e-01	   2.8145012332107361e-01	   5.4499541369501703e-01	   2.1817863066126253e-01	   6.9580519994177803e-01	   4.5705861007491388e-01	   0.0000000000000000e+00	   2.7033127950193908e-01	   6.0843986036520314e-01	   3.1241515835697131e-01	   5.1745253754653187e-01	   2.6634661943158566e-01	   5.1806737837828631e-01	   1.8047078391340673e-01	   4.1936195891677691e-01	   1.6670455368049511e-01	   9.9211088014271406e-02	   4.4616560590930554e-01	   4.5805743485361639e-01	  -4.8080445539498862e-02	  -7.1277321372239202e-02	   1.2372738345315545e-01	   2.3560953171751692e-01	  -4.4369263284417641e-03	   1.1670589099567630e-01	   4.1887475770476829e-02	   4.6118173745087018e-02	   3.1819729894234855e-01	   3.2377106037461739e-01	   2.1092333102651006e-01	   2.1170660600031765e-01	   2.5890263212744186e-01	   2.4669148314261624e-01	  -1.3641294312675616e-02	   1.0816437752494198e-01	   3.5863703248195065e-02	   1.6034084328967085e-01	   1.5883899497505288e-01	   3.9683945615552474e-01	   1.8879937568303251e-01	   3.2500773977032088e-01	   2.1821007796695183e-01	   2.0309216421549986e-01	   2.7792310866561859e-01	   2.5996063617926402e-01	   3.3710160669992206e-01	   2.6195489581782028e-01	   2.6206671638040180e-01	   2.1990949618915573e-01	   2.8916635001198920e-01	   2.8101686023435701e-01	   3.9816629950603266e-01	   3.7381035280580754e-01	   3.0885850156538724e-01	   3.6360189516805097e-01	   1.8307863496597249e-01	   1.5787517564764661e-01	   2.5566622806020423e-01	   3.6074675620937580e-01	   2.3119165929915714e-01	   4.4390970313069045e-01	   2.0118101472889957e-01	   3.7754476646776247e-01	   6.1650666128492959e-02	   2.2980659399837372e-01	   3.0911821716590238e-01	   3.5873354320144607e-01	   2.3006579555360926e-01	   1.7102049127273286e-01	   3.8657314418927713e-01	   2.2951143718732980e-01	   4.5644375994308672e-01	   3.5156840258312694e-01	   2.5591772881522329e-01	   3.5947321801849386e-01	   1.9905705683737790e-01	   3.5579476953101857e-01	   1.5704838961663783e-01	  -1.0834516644517150e-01	   2.6937541263538622e-01	   2.5698677326042041e-01	   3.1028447181552343e-01	   3.6290986464970887e-01	   1.9689813787782778e-01	   3.3074606255793776e-01	   6.0568621039550422e-02	   1.7890213031558264e-01	   1.8583091138985658e-01	   3.8589460989248736e-01	   1.6619496598660949e-01	   3.8749855150636697e-02	   8.0438446823784426e-02	  -1.0517776074496053e-01	   4.6426660908177542e-02	   5.7268935128936022e-02	   2.2039948840853335e-01	   1.9839859239850138e-01	   3.1132283122908250e-01	   2.4236543045602915e-01	   1.0335266473937810e-01	   1.2395746191972939e-03	   7.7441650918872784e-02	  -2.9680121643214818e-02	  -8.5211314870544883e-03	  -1.8163423334020959e-01	  -6.4589588453468655e-02	  -1.0853481669859485e-02	  -3.8466955798516812e-02	   1.7642546881620050e-02	   1.9455928415715948e-01	   2.8753315230426479e-01	   2.5529930530927392e-01	   1.2120330742529201e-01	   2.0892712792446463e-01	   2.2319411876967546e-01	
   9.7762692845170251e-02	   1.8015446882946182e-01	   4.2648646119138511e-01	   4.5462758501273481e-01	   6.9314799999893251e-01	   3.5451364502978910e-01	   3.9617101946732175e-01	   2.7033127950193908e-01	   0.0000000000000000e+00	   5.3356176226093810e-01	   3.0437785289560187e-01	   2.9276195104000879e-01	   1.7850018160957226e-01	   1.7572212361964556e-01	   6.2285601207945751e-01	   3.1764921456080530e-01	   1.9010500891668769e-01	   1.3401656794439207e-01	   2.6451446649726995e-01	   2.7316403573864090e-01	   2.8738131768753489e-01	  -9.5024196675595075e-03	   4.6118063328250181e-01	   4.8060142010242984e-01	   4.1099355408579308e-01	   3.9724163334807294e-01	   1.7283188026380930e-01	   1.2377468995004928e-01	   1.7943679534364357e-01	   7.2438239901475049e-02	   4.4792448577254623e-01	   4.1057243079388450e-01	   2.0420633306288238e-01	   1.7491858262371474e-01	   3.6253349838460386e-01	   3.7157351652799253e-01	   2.2392479835723983e-01	   1.3701565214670233e-01	   2.2732579240699585e-01	   2.6386151891578580e-01	   2.8833953870601897e-01	   2.3255441396264676e-01	   3.0335354180730434e-01	   3.1180202074789470e-01	   4.7960771904130861e-01	   4.1143427382472397e-01	   3.5635332712066969e-01	   2.9972715080892470e-01	   2.9291400565805520e-01	   2.4218088012367506e-01	   2.8962836368788902e-01	   2.6957283310436231e-01	   2.6356698008324114e-01	   2.1079358070688436e-01	   2.8871451041802892e-01	   2.3349120832068559e-01	   7.4705152763077112e-02	  -3.5148802344253591e-02	   1.4987334723228418e-01	   4.6612821725202827e-02	   8.6376441356636899e-02	   9.2339867225912517e-02	  -1.3593672846204038e-01	  -1.3568863390205713e-01	   5.1974990932305143e-01	   4.6020210024438324e-01	   3.4864060097412325e-01	   2.9314159937313922e-01	   2.1572678087507721e-01	   1.6525868531141630e-01	   3.1147260362267082e-01	   2.3033404329225837e-01	   3.5134626372528255e-01	   1.9180606127334138e-01	   3.3968338256112696e-01	   2.7595524426754431e-01	   3.2623363500216364e-02	   2.9252504392809322e-02	   2.9782229962682222e-01	   2.2096046096275362e-01	   2.0774800756459871e-01	   3.7101010477488200e-01	   2.6821610337356877e-01	   3.5419529047512327e-01	   4.7504273136878938e-01	   4.1887305200847025e-01	   2.5347313653755510e-01	   2.1834379084976113e-01	   2.2518343945643760e-01	   1.9140912703964580e-01	  -1.4278331357260238e-01	   1.0859502721392368e-02	  -2.2495171225874919e-01	  -5.1288436708419177e-02	  -2.9325621054589822e-02	  -7.5373930851327098e-02	   1.5277189475251018e-01	   1.0189148268424200e-01	   2.4014759470970426e-01	   9.6467685861270996e-02	  -9.7310933670940236e-02	  -7.7431479642142434e-02	  -5.9797607335447936e-02	  -9.5989363620468601e-02	   1.6936015253315045e-01	   1.4882622385798844e-01	   1.0870865088831276e-02	  -2.0173732686198216e-02	  -4.0187473484614773e-02	  -1.8973248462057052e-01	   1.6337519875656090e-01	   2.6701073620943777e-01	   1.0183601492522677e-01	   8.4078054869096402e-03	   1.3221937202703990e-01	   6.2599342388917359e-02	
   2.8713109465869835e-01	   1.6589962982862583e-01	   4.7088864394201446e-01	   6.5397634104086366e-01	   5.2932348499458137e-01	   8.1562697817673402e-01	   3.6510344188351046e-01	   6.0843986036520314e-01	   5.3356176226093810e-01	   0.0000000000000000e+00	   2.7033791594696915e-01	   2.8943469289822232e-01	   4.6610269484067005e-02	   2.6464487360635214e-01	   4.6575820346942121e-01	   5.9507007608687068e-01	  -6.6822955897153147e-02	  -2.2990726817444193e-01	   4.9450522798388719e-01	   4.1068556535326345e-01	   4.0935615414168969e-01	   2.7759644624041002e-01	   4.2753514475196730e-01	   5.2835402518170183e-01	   3.9203276339901144e-01	   5.0055365658750395e-01	   4.1527681057947941e-01	   4.2833127074628874e-01	  -8.8787504178872975e-02	  -1.3816974335391480e-01	   3.6319439390742936e-01	   2.9621787627746110e-01	  -9.1763369454963568e-03	  -1.3699686065140043e-01	   1.2527463251609733e-01	   1.9697775923895267e-01	   1.8283193851201468e-01	   1.5242934741977776e-01	   4.3551695895429371e-01	   4.0277282870374409e-01	   3.3833421205381425e-01	   2.3045168524748944e-01	   3.7614148838522499e-01	   2.6964826567495087e-01	   3.3055399491863724e-01	   2.7361672627648603e-01	   4.0136276488511835e-01	   3.6627166225371099e-01	   3.2706186013633237e-01	   2.7882305596534412e-01	   4.2895112866041496e-01	   3.9336546764603253e-01	   4.5395150640017556e-01	   4.0871717655673562e-01	   4.8381868759798186e-01	   4.6167514992246683e-01	   2.6201760722115476e-02	  -6.3902295208129012e-02	   2.8026807652187341e-01	   3.7127848740002606e-01	  -3.0406132005692137e-02	   2.7064810494090596e-01	  -2.3516406588932123e-01	  -1.7418056080813288e-01	   1.5962828624371805e-01	   3.6402452966747723e-01	   2.6831413404137860e-01	   3.0049595139740254e-01	   4.6515171304850012e-01	   4.4669135632646029e-01	   2.3375411766843085e-01	   1.7481254391140380e-01	   2.5049041945554051e-01	   2.4136233565214410e-02	   2.4648459187807953e-01	   8.2112322438063989e-02	  -1.3832144890967610e-01	   3.6150150335366386e-02	   2.4067947325822445e-02	  -1.0514009088173454e-01	  -1.6583643284844969e-02	   4.2822154229655185e-02	   3.5737518874079099e-01	   3.1870776836470727e-01	   3.1198276410453352e-01	   4.1001015765016835e-01	   2.5654429760689113e-01	   3.3674333399551731e-01	   4.0208278168910194e-01	   5.5540688963931828e-01	   2.7297872822729180e-01	   1.5839755231086441e-01	   1.3320573613169673e-01	  -1.1057667598365349e-02	   9.6467265237726418e-02	   2.6852823734219412e-02	   3.1575064330137559e-01	   3.1640437423371526e-01	   4.0493682634717215e-01	   3.1856936268989566e-01	   5.8001573906941314e-02	   6.9495040689083049e-03	  -3.7314698588511871e-02	  -7.7890772672192715e-02	   8.1710188181709720e-02	   3.8303852581535520e-02	   7.5766807914777884e-02	   8.9714192881773333e-02	  -3.8180456666219859e-02	   5.3969630150101727e-02	   2.8335337345294986e-01	   3.8194717448761606e-01	   3.6700323619020131e-01	   1.3237813810952143e-01	   2.1933985200720751e-01	   7.3025605506932351e-02	
   4.5450270580512919e-01	   3.9240705597031222e-01	   4.2718637272477489e-01	   2.9888387573566255e-01	   2.9072929608713971e-01	   3.1572644375261710e-01	   6.3873978298388356e-01	   3.1241515835697131e-01	   3.0437785289560187e-01	   2.7033791594696915e-01	   0.0000000000000000e+00	   6.7910763829728360e-01	   8.3687765215924559e-01	   5.7254096790241160e-01	   6.9285019828991445e-01	   5.6057543944686727e-01	   4.4425904961771734e-01	   3.5012698853787411e-01	   4.7285123006581353e-01	   3.4055060297504569e-01	  -4.2754676029151867e-02	  -2.9806560499270396e-01	   6.2060658928985846e-01	   6.0192700154344414e-01	   4.2402762439070624e-01	   4.5442920678962995e-01	   1.5742944888970940e-02	  -1.1925201132092288e-02	   5.3748879533670946e-01	   3.1517404038061297e-01	   6.0330275883908335e-01	   5.9176371417984430e-01	   6.4319192690702343e-01	   5.7390411406453401e-01	   5.4446756303623811e-01	   4.7607306998889543e-01	   3.1197630503875773e-01	   2.2612502903329965e-01	   4.0444745928991827e-01	   4.2766733591045114e-01	   4.8163825044737901e-01	   4.0847640589134404e-01	   4.9658262564392819e-01	   5.3299761755608110e-01	   6.4869970926203391e-01	   5.7776473365721204e-01	   5.4186941476939776e-01	   5.2311544170932689e-01	   5.2264658200022196e-01	   4.3475590823447474e-01	   4.2854491545168544e-01	   4.0974314356512759e-01	   3.1301924458058611e-01	   3.3431295634318486e-01	   4.9665544488500574e-01	   4.8114149872631873e-01	   3.0517951065503424e-01	   2.6655568474451430e-01	   2.2312377346529863e-01	   1.7387021300220268e-01	   3.6866945480765606e-01	   3.0753058198620548e-01	   2.5744005271274978e-01	   1.4268924998767349e-01	   4.7416637591113364e-01	   4.0363816481385695e-01	   5.2670039785935496e-01	   5.0301705048647039e-01	   2.0380296306023316e-01	   2.9755559936748954e-01	   2.9203310028983204e-01	   2.3340695437782738e-01	   5.9891009248530958e-01	   5.0554225266755548e-01	   5.3335276152499000e-01	   4.4265034592132058e-01	   4.1680209206423230e-01	   5.5766313577116389e-01	   3.8883135211067377e-01	   2.2975741327840515e-01	   5.6993572461751052e-01	   5.8447716117477744e-01	   5.5507907755580810e-01	   6.1261236431934107e-01	   7.1151890327473821e-01	   5.5471288510653727e-01	   5.3527397703882329e-01	   5.0381996774339388e-01	   2.1269968420682028e-01	   2.6362696465411450e-01	   3.1390410736066125e-02	   2.3324899306051400e-01	  -7.7078846574817145e-02	   8.9886718774899760e-02	   1.0817856157107569e-01	   1.8368970173277097e-01	   4.5000263458283335e-01	   3.4684620957208634e-01	   4.8832988306383007e-01	   4.4465422003146915e-01	   1.7151374511406314e-01	   2.3778782894023820e-01	   2.5930096255159640e-01	   2.8362082423302398e-01	   2.2283503604554955e-01	   1.0439653261322906e-01	   1.1143629966124369e-01	   1.8458973004415008e-01	  -2.3461157519269155e-01	  -1.5577138830369913e-01	   4.9410476572794976e-01	   5.4484332809938385e-01	   3.3009654363561769e-01	   3.0047016903901091e-01	   4.3957814598200262e-01	   2.8631912441109131e-01	
   3.0964719798754609e-01	   2.9030955689577453e-01	   3.2657369832989440e-02	   2.0922775222062501e-01	   2.2531555772811712e-01	   3.3725511589138907e-01	   3.6515403505028821e-01	   5.1745253754653187e-01	   2.9276195104000879e-01	   2.8943469289822232e-01	   6.7910763829728360e-01	   0.0000000000000000e+00	   6.8669584704405828e-01	   8.5413439934190083e-01	   3.9675268927002860e-01	   5.1632437171999257e-01	   4.5671456376415287e-01	   3.8029961447956317e-01	   2.4392335102439811e-01	   2.0597784236076358e-01	  -2.0034132146315523e-01	  -3.8059423212245636e-01	   2.3369393197145250e-01	   3.8793214953780009e-01	   1.9578682303227132e-01	   2.3082852124332248e-01	  -9.4307499178802809e-02	  -1.0561005728973566e-01	   5.5995501718421914e-01	   4.9782526963356988e-01	   4.0736413311313929e-01	   4.5118912012707890e-01	   4.3997284901167577e-01	   4.1452239500329247e-01	   2.0015057834303415e-01	   2.2313667811986510e-01	   1.7299280701786676e-01	   8.1011449573060015e-02	   1.3359891980088609e-01	   2.6956093092959355e-01	   3.4600861314847270e-01	   3.4035452688302337e-01	   2.4426007179263340e-01	   2.9016737583734881e-01	   4.2673746198334783e-01	   4.0973156998367888e-01	   3.4806781999822262e-01	   3.0513679227870705e-01	   3.3001512479724382e-01	   3.0469116656068440e-01	   2.0849948200210389e-01	   2.4073000256790267e-01	   1.4631537446785911e-01	   1.1740498570267507e-01	   2.4774937075641909e-01	   2.3469133982825124e-01	   2.8428009537404786e-01	   1.3258816074017329e-01	   9.3889467330701415e-02	   3.3326952238427465e-02	   2.8722429886799777e-01	   4.5594607561596778e-01	   3.2795809360207950e-01	   3.1029167967259685e-01	   2.8260464730949575e-01	   4.4054107018509858e-01	   3.3745967167672120e-01	   3.1269722734194605e-01	   5.7228954184295563e-02	   7.5510124165708778e-02	   4.9573355867727859e-01	   3.1713132531916649e-01	   6.7229782019386142e-01	   5.2889606011422508e-01	   5.6500036769916906e-01	   5.8477900073903977e-01	   3.6947507196605028e-01	   5.0054848685951780e-01	   3.9672922857146076e-01	   1.7297489924567680e-01	   5.4169479391476727e-01	   5.4281682111865059e-01	   3.1142860171398801e-01	   4.5963180298481943e-01	   4.6797115963921843e-01	   5.3169675005292882e-01	   2.9959800653286756e-01	   3.5605122416080548e-01	  -4.7686373715915525e-02	   2.8042508181683006e-02	  -1.4760489634347621e-01	  -1.6132885668876507e-01	  -1.8589443903378391e-01	  -2.2068588233136144e-01	  -9.7053154926035751e-02	  -6.8692485996162511e-02	   2.4654486825749605e-01	   1.7129629721584039e-01	   2.9928567666680267e-01	   1.6949711053680055e-01	   1.4877475297899459e-01	   4.8966701216867581e-02	   2.2336607271307257e-01	   1.7808246197572744e-01	   3.2947035025310281e-02	  -1.2852476069513860e-01	   5.3893234992325553e-02	   1.0865581796522029e-01	  -2.1140472956170536e-01	  -1.4011789839673019e-01	   2.9509538060788082e-01	   3.0528695593622979e-01	   1.5301481205675971e-01	   2.2242973135115982e-01	   3.2775092103032000e-01	   2.5946600507913120e-01	
   3.4293246788736098e-01	   4.0142316299875014e-01	   9.4939123222569227e-02	   2.5872160593226910e-02	   5.3285735455007983e-02	   1.1673516712572153e-01	   4.1683284291356865e-01	   2.6634661943158566e-01	   1.7850018160957226e-01	   4.6610269484067005e-02	   8.3687765215924559e-01	   6.8669584704405828e-01	   0.0000000000000000e+00	   7.3278239151919433e-01	   5.8469127427198819e-01	   4.5556029807031023e-01	   4.6360533331930659e-01	   4.9127178351569845e-01	   1.9985021926205276e-01	   2.1036296174232477e-01	  -2.5192715367654084e-01	  -3.9622010669822405e-01	   3.4922838964598057e-01	   3.2854133562183119e-01	   1.6778877456079477e-01	   1.8441977386401651e-01	  -1.4777359986563610e-01	  -1.5159915671143337e-01	   6.8612105153961689e-01	   5.2907937786549353e-01	   3.6574443644003873e-01	   4.0033301830451024e-01	   5.7039650421525223e-01	   6.2750476923618559e-01	   3.5387519805050804e-01	   3.4299866127521583e-01	   3.1476181452011565e-01	   1.2589747821352906e-01	   2.4558136353957560e-01	   3.2470661171698023e-01	   4.5390986025646429e-01	   4.3804149923409974e-01	   3.3668587617245954e-01	   4.0911980068810794e-01	   5.6528824634287944e-01	   5.5384188342021123e-01	   3.9984578024012263e-01	   3.7070309478691099e-01	   4.5048719762541700e-01	   4.3793861068989620e-01	   2.7284643018682525e-01	   3.2774901076124208e-01	   1.7202701534839299e-01	   2.4891870529317439e-01	   3.5404091223170980e-01	   3.3687965959714927e-01	   2.6112607692883039e-01	   2.7516145306095280e-01	   1.9741469749006801e-01	   1.6699666143349179e-01	   3.9082720936379339e-01	   3.1975993619039739e-01	   5.1179625898088754e-01	   3.6042657611935047e-01	   2.9426749110647910e-01	   2.3029493966474951e-01	   4.2720262060223990e-01	   3.8626669970965571e-01	  -4.3185903722065086e-02	   7.9275238172870743e-02	   4.1941375576167589e-01	   3.0158399291152904e-01	   5.8045306731980939e-01	   5.7169323635290437e-01	   4.8253247628571910e-01	   5.3401510731364432e-01	   4.7906043263228976e-01	   5.2716646784730958e-01	   4.3793261734152927e-01	   3.3517034790788286e-01	   6.3666061681144304e-01	   6.4279254949017794e-01	   4.4571679526049657e-01	   5.0971500799977276e-01	   5.4138501976554210e-01	   3.6170490784659137e-01	   3.7406568478509761e-01	   2.5805860565749172e-01	   5.5129939744777097e-02	   3.2929714952806711e-03	  -1.6544385310082765e-01	  -2.9389605941903173e-02	  -2.2012423611963061e-01	  -9.1017545776765824e-02	   4.7954235452912761e-02	   1.3475286480065521e-01	   2.9422287852285167e-01	   2.2125636433797879e-01	   3.2497563066261931e-01	   2.4544463331409577e-01	   1.1230914132297498e-01	   1.1269679980813599e-01	   2.8737540583045623e-01	   2.1494363703333330e-01	   7.7272462707079367e-02	  -8.6247441004788233e-02	   9.8726419844588575e-02	   1.2380580653341849e-01	  -3.4577517464698848e-01	  -3.2120415982300815e-01	   2.5825797875686485e-01	   3.7283071806457613e-01	   1.4105823918158250e-01	   1.7123014914474460e-01	   2.9736981124462503e-01	   3.1885287358701769e-01	
