   0.0000000000000000e+00	   7.9585038140978770e-01	   6.6876290524991333e-01	   6.0064988361996230e-01	   7.7524423705538859e-02	  -1.4437642814334212e-02	   6.3524188546111404e-01	   5.6000668648302154e-01	   5.8426827589621547e-02	   1.0217897901607814e-01	   5.4985731988894504e-01	   4.6625879119197555e-01	   4.2923785571007078e-01	   4.0387870013596139e-01	   5.0399306780821518e-01	   5.1546429064903454e-01	   6.2329553109995894e-01	   6.7108975981306596e-01	   8.0969677729084366e-01	   8.0738147896937718e-01	   3.4325498068859817e-01	   1.8080599719183887e-01	   5.1292825841127954e-01	   4.0151847319366718e-01	   6.5571755968504647e-02	   1.3309409448839672e-02	   9.6872029670132809e-02	   8.3379314010174010e-02	   5.1300074865008216e-01	   4.4442192552787679e-01	   3.4397491825758419e-01	   4.9324029219112886e-01	   7.5873166844027007e-01	   7.0249431438594789e-01	   4.1380322590670815e-01	   2.6345076110360782e-01	  -5.3627767933813672e-02	  -5.8220976120541883e-02	   3.6937082331724891e-01	   4.4925717403794446e-01	   1.3050255437065356e-01	   5.1532951476512512e-01	   4.3235013354146579e-01	   4.3696894471661940e-01	   1.9215867643930068e-01	   2.2989534632316036e-01	   4.6624369575528635e-01	   4.1054531438385367e-01	   2.2632908867827956e-01	   2.4994991032978536e-01	   1.9090722260852325e-01	   1.9158831628179024e-01	   4.7638924861696996e-01	   3.6024476069233241e-01	   5.2814964160206079e-01	   4.7411535132264049e-01	   9.4085406160715379e-01	   8.2724647204447488e-01	   5.8228124138497162e-01	   6.2998575785377908e-01	   5.8044147024129433e-01	   4.8802046748384353e-01	   6.1383201339905191e-01	   6.1954760160930744e-01	   3.0381688800174667e-01	   2.1908711170053397e-01	   5.3597017902624022e-01	   4.2406659894621485e-01	   7.7683183001056078e-01	   7.3468186996373053e-01	   3.6274645190509525e-01	   1.2479295572549186e-01	   5.8504568672481483e-01	   4.9251720874954785e-01	   5.9770684179682410e-01	   5.6735893709152174e-01	   6.9508912066053952e-01	   3.9314604582168217e-01	   6.1806728619848883e-01	   6.4912965078498708e-01	   6.2383022383998776e-01	   5.9151797325057964e-01	   7.2877487121767959e-01	   6.4294858927322085e-01	   5.6713182891187186e-01	   4.2525110073191263e-01	   5.2885927345821315e-01	   4.4633898988373294e-01	   6.7747562823689345e-01	   6.5385576007210644e-01	   4.0178162471134626e-01	   4.2586775605860100e-01	   1.3898787893416123e-01	   3.4181166216523517e-01	   2.5427868666586650e-01	   1.7529679522241298e-01	   6.0156732613856156e-01	   5.7151542850842496e-01	   5.0263662441670742e-01	   5.7115952927701896e-01	   4.3323854470751494e-01	   5.7314398381325204e-01	   6.3840195739279404e-01	   6.4793554628239658e-01	   8.6500879350158710e-02	  -1.7414108911504023e-02	   1.2923916896444759e-01	   2.4200358129708763e-01	   2.3567734864466486e-01	   3.4988350255665845e-01	   6.6290160904300566e-01	   5.2618726294234797e-01	   2.9488613851833967e-01	   5.4107490690769799e-01	   2.5489794323850345e-01	  -1.3837185736152069e-01	
   7.9585038140978770e-01	   0.0000000000000000e+00	   6.9967872503858086e-01	   7.3038083604918846e-01	   3.0416136394533611e-01	   2.3235597731940413e-01	   7.2187973868678990e-01	   7.1033891212340150e-01	   3.1442943158422731e-01	   3.1946944109838149e-01	   5.4700759132800958e-01	   5.8865327245254029e-01	   5.4295784562014815e-01	   5.3245758748804106e-01	   6.2008374124852383e-01	   5.6093360889208654e-01	   4.1139080429091734e-01	   5.8962774758319370e-01	   8.1031615647636634e-01	   8.6033688674468034e-01	   4.9576763396078877e-01	   2.7815891792265640e-01	   5.9634893377303277e-01	   5.8847201774900570e-01	   2.5939306339451229e-01	   2.1231603691287387e-01	   2.7885553590469070e-01	   2.4530295250964512e-01	   4.7739374429771542e-01	   4.4688335825653591e-01	   5.5525074101528094e-01	   5.4908877639171982e-01	   7.5232821266138328e-01	   7.4085073464280726e-01	   4.0486194354274541e-01	   3.5416281415468565e-01	  -1.1781849258007517e-01	  -7.9932999794724957e-02	   4.0838831590566127e-01	   5.1537281362015863e-01	   2.4725495655263476e-02	   5.1448768661521382e-01	   5.8586436543013798e-01	   5.6578709084622669e-01	   3.9327000995316269e-01	   4.3066863582483828e-01	   5.8244914278771232e-01	   5.3142173622427158e-01	   4.0071077531054899e-01	   4.5230029670993988e-01	   3.7977669349356619e-01	   4.0642709949148903e-01	   6.1810267097558458e-01	   4.6877917799266444e-01	   6.0631689910841313e-01	   6.2287250842307995e-01	   7.3790048850497980e-01	   8.7761551517115866e-01	   5.8611903227485185e-01	   6.7263042890823910e-01	   6.7256462541058837e-01	   5.8749865862654749e-01	   5.2524741347234849e-01	   5.5798291730304994e-01	   4.7293964518085430e-01	   4.6550693491763351e-01	   6.3338860421161070e-01	   5.8908655129392828e-01	   7.4228794434151979e-01	   7.8674053725850113e-01	   5.5190682404248270e-01	   2.8808872143558678e-01	   5.0202285313177608e-01	   4.3067072216456070e-01	   5.0822423260635807e-01	   4.5905522342019467e-01	   6.5788491118341330e-01	   4.1643570012667297e-01	   5.1054838124811808e-01	   6.1364863633469036e-01	   6.7487834354898690e-01	   7.2022602148897563e-01	   6.6206348590704600e-01	   6.9261523938498160e-01	   7.2383784295116693e-01	   6.4533925107390866e-01	   6.5526844254511762e-01	   5.8366530287544893e-01	   7.5671948206786011e-01	   7.6847059973560694e-01	   4.9340268270359983e-01	   4.6500528737732028e-01	   2.7401844492562838e-01	   3.9505847972554342e-01	   2.5828367895033394e-01	   1.6351222127812054e-01	   6.5176758982742289e-01	   5.6710471920318495e-01	   6.1798511954062418e-01	   6.0814615624851287e-01	   4.8474864023776165e-01	   5.1948317646867503e-01	   5.4567672118519484e-01	   4.1996991962032904e-01	   1.1242230238985110e-02	  -1.1295751832018394e-01	   1.0104138872360828e-01	   1.6298210861705825e-01	   2.3340281490098752e-01	   3.9423194326171562e-01	   6.9999689904201490e-01	   6.2767731603802801e-01	   4.0770264240684617e-01	   5.2050246941067679e-01	   3.4214682909887884e-01	  -1.8328543242289425e-01	
   6.6876290524991333e-01	   6.9967872503858086e-01	   0.0000000000000000e+00	   7.6321162800455788e-01	   1.5657100127009912e-01	   9.4844053656993041e-02	   7.6611865125918810e-01	   5.2292598362482168e-01	   1.7132807239099909e-01	   1.3750341336245508e-01	   4.3755291236636146e-01	   3.0567265600978538e-01	   3.7650279761342703e-01	   2.3008804975775382e-01	   5.3272627843419706e-01	   4.9362347656969607e-01	   3.1796582040804178e-01	   4.4299894935351941e-01	   8.1836195690949087e-01	   7.2529567439193388e-01	   3.4165170516593879e-01	   2.2446915241143409e-01	   8.3606072724365377e-01	   6.4605823359205528e-01	   1.3581183131816377e-01	   1.0355737350488761e-01	   1.9172318924714249e-01	   1.5915439426092284e-01	   3.3598215379983626e-01	   2.3314162262719976e-01	   6.0640981846206343e-01	   6.8422488404871940e-01	   6.7810658031761029e-01	   6.3378686584965038e-01	   5.4087096724169037e-01	   4.0565557706238631e-01	   2.1499926072617845e-02	   1.2041181346517499e-01	   4.2176350339157637e-01	   4.7523712639307114e-01	   1.5930465233792002e-01	   4.2108723248073143e-01	   5.0246203375584297e-01	   4.4722892339665965e-01	   2.6343300837183664e-01	   2.8911596297976755e-01	   4.8298919036325416e-01	   4.3946147254509077e-01	   2.5433960359377461e-01	   2.4053679817951501e-01	   2.3451809983572394e-01	   2.3599106173135503e-01	   4.2041490478788757e-01	   3.4977125916100538e-01	   4.9354163131316792e-01	   5.1105886110092236e-01	   6.1319247923759912e-01	   7.0193028522985235e-01	   3.4860311757179940e-01	   4.5460531860643250e-01	   4.4842779978774694e-01	   3.2719802184770264e-01	   4.1543896834456456e-01	   3.6816482691411534e-01	   5.6347374790114624e-01	   3.9040120467002465e-01	   5.8826315344815483e-01	   4.8494800348297484e-01	   6.3395470901663598e-01	   6.6916383840670757e-01	   4.6700231093126787e-01	   2.9675750681060420e-01	   3.7408305775470019e-01	   2.4257640353705245e-01	   4.6862632163789086e-01	   3.4041714646335636e-01	   6.4530878081930509e-01	   3.7575415623164188e-01	   4.1915720965316594e-01	   4.5784432517647211e-01	   5.4571637520877747e-01	   4.9827232043438890e-01	   6.7478596574356109e-01	   5.9740944275334518e-01	   6.9709464516260589e-01	   5.0742432067951115e-01	   6.1795221221129792e-01	   5.4084090372271443e-01	   6.2050960176438097e-01	   6.7183325614380607e-01	   4.2572298697901600e-01	   5.4199788804247218e-01	   2.6497103514898296e-01	   5.1302477342076624e-01	   2.4138816395817347e-01	   1.0626552250413585e-01	   5.2870640789521017e-01	   4.6868660979122556e-01	   5.2151080553732188e-01	   5.5125665340462515e-01	   4.0497051045894927e-01	   5.1041165048385895e-01	   4.6779043792100672e-01	   4.4934906854238610e-01	   1.3584102669789339e-01	   2.6238169385214061e-02	   1.8292994377920591e-01	   3.2430031037337315e-01	   2.5106187324352247e-01	   7.7639562643971538e-02	   5.9025981148241313e-01	   5.2414012056245640e-01	   2.2501659407571001e-01	   4.6204762410043082e-01	   3.7000544361012244e-01	  -1.3121904095851375e-01	
   6.0064988361996230e-01	   7.3038083604918846e-01	   7.6321162800455788e-01	   0.0000000000000000e+00	   4.0833920340439112e-01	   4.2550193112131590e-01	   7.5184151627723650e-01	   8.1703682446732451e-01	   4.1067480908290299e-01	   4.4438253486301249e-01	   3.9264154874460538e-01	   5.6377812415609174e-01	   3.5888406177985915e-01	   5.5547324387041130e-01	   4.5540262491059003e-01	   5.4410936517180486e-01	   3.1002323740700061e-01	   4.0700526153973438e-01	   7.2500457286842579e-01	   7.6165506776612146e-01	   4.7837089386085169e-01	   3.8200213906782110e-01	   6.5190954571833803e-01	   7.8343477349296708e-01	   3.6639864888231244e-01	   3.6881449563917529e-01	   3.4272919049590111e-01	   3.7003809901585877e-01	   4.0498786801013936e-01	   4.1032426772632713e-01	   6.7382578419756378e-01	   6.4560852294730742e-01	   6.4029180509995731e-01	   6.9288510691932359e-01	   3.9565113797573426e-01	   4.3276172608215735e-01	   5.1302232579365163e-02	   1.4487275135376954e-01	   4.2435298562871793e-01	   5.0685387154197148e-01	   1.2382463496315918e-01	   4.5654974242693303e-01	   5.9465499299282587e-01	   5.8498244785085252e-01	   4.1943504916576940e-01	   4.9388486320114716e-01	   6.0314124452703977e-01	   5.8365903723262091e-01	   3.7678939700961167e-01	   4.2591179256057099e-01	   3.9086635449652490e-01	   4.4647503862947446e-01	   5.7020378624596857e-01	   4.2438449843710424e-01	   5.7493213216610450e-01	   6.0884059766041820e-01	   5.0137997225842601e-01	   5.6840946256572233e-01	   4.9516394738470815e-01	   6.2288643075531702e-01	   5.4990759537609790e-01	   5.8592963887897032e-01	   4.9382672748140100e-01	   5.0853116396255027e-01	   4.9607738109567978e-01	   6.2409386903889985e-01	   6.8902564166664304e-01	   6.9640904241767809e-01	   6.1180364501243711e-01	   6.8611980153335672e-01	   4.7161871748143003e-01	   4.4008943585389060e-01	   3.6630161120461580e-01	   2.1031670921847451e-01	   3.3228300188408538e-01	   3.8305084229996700e-01	   6.6256949603857351e-01	   5.0814812997066827e-01	   4.3799068488824711e-01	   4.3935923498549923e-01	   6.1427474281985406e-01	   6.6243142091141172e-01	   6.2410537896723317e-01	   5.9007578453992549e-01	   6.5567022978684864e-01	   6.6810303519239000e-01	   4.7288227310190534e-01	   5.0676541430520550e-01	   6.1522663099575903e-01	   6.8405617107843320e-01	   5.9470539237996212e-01	   6.1829845438692388e-01	   4.5769581490646116e-01	   4.9092198940252452e-01	   2.1790057199169069e-01	   1.3430317805493538e-01	   5.9085860767306975e-01	   5.2194221420341624e-01	   6.2604934272307200e-01	   6.2225595837521697e-01	   5.1262674049709811e-01	   4.6785665438020368e-01	   4.7410965738044897e-01	   3.8282890678971082e-01	   1.9714389096880913e-01	   1.4209678892308606e-03	   1.2692048876314169e-01	   1.9182397832880793e-01	   2.0943073154353314e-01	   2.3753783569086878e-01	   6.8809598726067112e-01	   6.3728638681059868e-01	   4.9488034961258565e-01	   4.7735935627948334e-01	   4.7196759649430198e-01	  -1.2201990583572287e-02	
   7.7524423705538859e-02	   3.0416136394533611e-01	   1.5657100127009912e-01	   4.0833920340439112e-01	   0.0000000000000000e+00	   9.4274549637704008e-01	   1.8061669295324106e-01	   3.6742730899582227e-01	   8.3968807184345784e-01	   7.7009154310394656e-01	  -1.0891738398700064e-02	   2.1442292130929091e-01	   3.5166961684986414e-01	   4.2688284820475919e-01	   2.6407779601634995e-01	   2.6915756367997479e-01	   7.9358254868543671e-02	   2.0991448901668285e-02	   1.8527398536353881e-01	   2.7223327468086700e-01	   4.7642481498357714e-01	   4.5134472637475265e-01	   3.1415345716713639e-01	   5.8155835375725684e-01	   8.8916914211908382e-01	   8.9193411062269345e-01	   8.5157422797466409e-01	   8.6590479870837100e-01	  -2.2893990307478140e-02	   3.1353397998422981e-02	   3.9457627650760846e-01	   1.0913700682504737e-01	   2.9250658818552461e-02	   1.0214556468281788e-01	   1.4549422560234382e-01	   2.1693596353104527e-01	  -8.1428534981479422e-02	   1.6178971103131146e-01	   1.9088904476446544e-01	   2.0145900538009487e-01	  -5.9854309982633469e-02	   1.6122426225547209e-01	   4.3036717981229689e-01	   3.8583781412528617e-01	   3.7237982622387689e-01	   3.8951895910636780e-01	   4.0193746666081098e-01	   4.1924884719745531e-01	   3.2182133414656988e-01	   3.7283805731803987e-01	   4.2888526090580936e-01	   3.6119174469312626e-01	   4.4416706580452647e-01	   4.2090176825140058e-01	   2.7445995801378031e-01	   3.6383314803334366e-01	   4.9219129651944346e-02	   1.0208588117263886e-01	   3.0023823841406466e-01	   2.8027517550555392e-01	   3.7296520029350744e-01	   2.8537338140662255e-01	   1.4605993616197871e-01	   3.7888509339571171e-02	   4.6475726407621371e-01	   4.1430046716627522e-01	   3.5298722643627195e-01	   3.8660433543124034e-01	   3.5463135536067492e-01	   3.9435746702984575e-01	   1.8754281728465835e-01	   3.2083480723112973e-01	  -1.0588062292969926e-01	  -2.8870719918325560e-01	  -2.0179939659085136e-01	   2.3090299454622081e-02	   1.4558442595349244e-01	   8.3495340724115727e-02	   1.0679674205688611e-01	   1.4293621507012272e-01	   3.1096627765901153e-01	   3.7449216957417975e-01	   1.2814634385880672e-01	   1.6593314757445649e-01	   5.2672446140039353e-01	   4.7694093628736356e-01	   1.9569054403644881e-01	   7.3291655410323397e-02	   3.7043997491923708e-01	   4.2693108768120508e-01	   3.3946051932694665e-01	   4.3049343877519614e-01	   4.8109882041177199e-01	   4.4556878081702933e-01	   3.6836021660602229e-02	  -1.3165092229492320e-01	   2.4566086633848722e-01	   1.7813628591603339e-01	   2.7168886954368104e-01	   2.5086909240669286e-01	   2.1897388081408753e-01	   3.2879559829711691e-01	   6.9901900946720164e-02	   6.9188332185432452e-02	  -7.1560337482887676e-02	  -9.9595315492293640e-02	  -5.0800422174339582e-02	  -8.2710521546326188e-02	  -5.9242128274414455e-02	   1.0797170846479394e-01	   3.1086009260622099e-01	   3.1430694573187379e-01	   2.9084969675641525e-01	  -5.1027716562281188e-02	   1.4487642623417257e-01	   1.1796039878802614e-01	
  -1.4437642814334212e-02	   2.3235597731940413e-01	   9.4844053656993041e-02	   4.2550193112131590e-01	   9.4274549637704008e-01	   0.0000000000000000e+00	   9.7998598980416157e-02	   3.6770157991563623e-01	   7.7879317052835217e-01	   7.9541164922404306e-01	  -1.7361900830237920e-01	   1.9620128265241538e-01	   1.9481047026709747e-01	   4.1537695786978557e-01	   1.1410394230879393e-01	   2.4200725629960648e-01	   7.3357441519991906e-02	  -3.4652036719894211e-02	   1.0422705186717300e-01	   2.0796409424851156e-01	   4.9627374967079313e-01	   5.2828022514568473e-01	   2.3505179137893523e-01	   5.7941218104330861e-01	   8.8374337898797628e-01	   9.1620597363528411e-01	   8.3974316474716126e-01	   8.8372271451981876e-01	   1.7474489029846628e-02	   5.0263407889700407e-02	   4.1274581318800069e-01	   1.1427957564062768e-01	  -2.4127204791955077e-02	   8.3323810690620823e-02	   1.3719565103586673e-01	   3.0227321724542905e-01	  -7.3250426923864437e-03	   2.5152187296228956e-01	   1.9277882376897865e-01	   2.3425172733189512e-01	  -1.0201483136529745e-02	   1.6708472559127166e-01	   3.8873496468266933e-01	   3.5466266465035545e-01	   3.8891904428098101e-01	   4.0927563518673005e-01	   3.6837155885194078e-01	   3.9448580380563092e-01	   2.9754344836946117e-01	   3.4330633909744857e-01	   4.1217180426304567e-01	   3.8703187754393154e-01	   4.1181262364280613e-01	   4.2868371189499632e-01	   2.6224113204407801e-01	   3.4733308555591680e-01	  -5.2143760098425446e-02	  -1.0230467342348958e-02	   2.3721126553681599e-01	   2.2325947800383353e-01	   2.5844871092744370e-01	   2.4889870740440931e-01	   5.1779838754112760e-02	  -1.0597221660892787e-02	   3.7552945845852204e-01	   4.6741042999335691e-01	   3.3444313044199186e-01	   4.2942024981228022e-01	   2.5772148007499879e-01	   2.9251339329778975e-01	   1.6672321055674350e-01	   3.0540581395460609e-01	  -1.3589803918441110e-01	  -3.5700661758399577e-01	  -2.8351561526294922e-01	  -2.0436466942719080e-02	   1.3322922296325698e-01	   1.2657908758203026e-01	   1.0632488120716574e-01	   1.0120671099891893e-01	   2.8360018181031782e-01	   3.6134459678842823e-01	   7.9876015469409159e-02	   1.3286330951541642e-01	   4.2139441924155763e-01	   4.7056451007917421e-01	   1.4191832652048977e-01	   1.1665332361497749e-01	   3.0341382560451619e-01	   3.5680765711439721e-01	   3.5876276748008001e-01	   3.9912232169904627e-01	   5.2454510282035982e-01	   4.1624319417151101e-01	   7.7138323831246802e-02	  -1.3666062281670985e-01	   2.5339676646530523e-01	   1.8521002405508835e-01	   2.5658814087902393e-01	   2.4579398176395756e-01	   1.9661127695536890e-01	   2.3169369601459547e-01	   1.1492974793001999e-03	  -7.6933383262425738e-03	  -1.3134821532848097e-02	  -5.2832833912370876e-02	  -8.6816781993287045e-02	  -9.9624932378663850e-02	  -3.0307731834782130e-02	   1.4039012714397570e-01	   3.0692233453202522e-01	   2.9400382520963197e-01	   3.2813819510995523e-01	  -7.2455568431515738e-02	   1.8143913438788511e-01	   9.8529465326646207e-02	
   6.3524188546111404e-01	   7.2187973868678990e-01	   7.6611865125918810e-01	   7.5184151627723650e-01	   1.8061669295324106e-01	   9.7998598980416157e-02	   0.0000000000000000e+00	   8.0384825567598173e-01	   3.7224230101147132e-01	   3.3725727328335753e-01	   6.7952958035632416e-01	   5.2770451244248340e-01	   4.7772428036684567e-01	   3.8750064787744165e-01	   6.9473795815727235e-01	   5.6530326102616368e-01	   1.8288744822530534e-01	   4.4278850575198975e-01	   8.0287699284688063e-01	   7.8118441152815588e-01	   2.6598735439499416e-01	   1.2247287318567023e-01	   5.4132339364572579e-01	   4.5801692428666629e-01	  -7.2315498932773847e-03	  -2.3916395318862679e-02	   6.3013612706211844e-03	   2.2060307266468151e-02	   4.1516353183591970e-01	   4.3220226272149531e-01	   3.8886650184863480e-01	   4.4940344248269171e-01	   6.5262572147384101e-01	   6.4519691921034050e-01	   1.7159155575326990e-01	   7.8481159266540562e-02	  -9.3557142884238956e-02	  -1.2565914395392123e-02	   3.8259725793393734e-01	   4.8502798056969054e-01	  -3.5349249165024951e-02	   3.8254677545691662e-01	   3.6746092987885315e-01	   3.4935375176105110e-01	   1.7658115135215555e-01	   2.5857766758157452e-01	   4.1560823323631813e-01	   3.5803942393806182e-01	   1.9078884635016216e-01	   2.2824638806932696e-01	   1.4880475369547547e-01	   1.8425722158978886e-01	   3.6880025550325007e-01	   2.3010349002034725e-01	   4.2102005156773215e-01	   4.6663021930185933e-01	   5.5575976446814712e-01	   6.6353237910446028e-01	   4.3215091172372222e-01	   5.6699207966647758e-01	   6.8536283190683911e-01	   6.2262416736348281e-01	   6.0590103335935519e-01	   5.4558010480114572e-01	   5.1105909322753240e-01	   4.2565038851234971e-01	   5.9991494556628577e-01	   5.0545171842793646e-01	   6.3704398351047953e-01	   7.4905103685963703e-01	   5.3055405563862279e-01	   3.9185254879588571e-01	   4.5723412618702708e-01	   3.6728138142731870e-01	   4.3969838662385674e-01	   3.1285508018288544e-01	   5.1611020902495430e-01	   2.5683918721687671e-01	   2.7268806122761080e-01	   3.2064917197545240e-01	   5.0577921367782774e-01	   5.2293398163074312e-01	   6.1727034862244778e-01	   5.6654838285932518e-01	   5.6971858758062155e-01	   4.4256933339623683e-01	   4.9815462379227127e-01	   4.5590349881985359e-01	   5.5315766462150118e-01	   6.4576933373413370e-01	   5.3040852785130621e-01	   6.0076909401370115e-01	   3.6277832268944171e-01	   5.2493574871318938e-01	   4.0374771743116145e-01	   2.6015515490854607e-01	   5.3952719325106369e-01	   4.8517426132759256e-01	   4.8724344056675029e-01	   5.3087263356062953e-01	   5.6026502507592224e-01	   6.0493701336722949e-01	   5.8865496501285630e-01	   4.9908290058166543e-01	   1.2977330171829010e-01	  -3.0019422546985031e-02	   1.4263706537810333e-01	   2.5582122287278741e-01	   3.6987307396984098e-01	   3.3848301230327027e-01	   6.0373183025029564e-01	   5.1880983911339196e-01	   3.9596989054338194e-01	   6.0207695444299647e-01	   3.4622969835434347e-01	  -2.2593186409040336e-01	
   5.6000668648302154e-01	   7.1033891212340150e-01	   5.2292598362482168e-01	   8.1703682446732451e-01	   3.6742730899582227e-01	   3.6770157991563623e-01	   8.0384825567598173e-01	   0.0000000000000000e+00	   5.3259694927261458e-01	   5.9520497478303114e-01	   5.2745763404224766e-01	   7.3716575757172675e-01	   4.3503910178136762e-01	   6.6193215403842121e-01	   5.2537535500700461e-01	   5.8633923796332366e-01	   2.6081018815953827e-01	   4.4597821775944707e-01	   6.6506418412096269e-01	   7.2350333002877232e-01	   3.4379775892068348e-01	   2.2578866045063498e-01	   3.7650818066217240e-01	   5.4146260928680190e-01	   2.0857737179897595e-01	   2.0287892695972704e-01	   1.8186818485684084e-01	   2.2929969732872016e-01	   4.3425075902957772e-01	   5.0604469272992569e-01	   4.2134641785073135e-01	   4.1924817752204252e-01	   6.3040772225223463e-01	   7.0532209870569895e-01	   9.7453988116481177e-02	   1.3196516902013014e-01	  -1.3613430928425063e-01	  -1.5439113679584639e-02	   3.5469603282687323e-01	   4.8323332399180940e-01	  -3.5766484741681995e-02	   3.7512844467126760e-01	   4.4778424299271036e-01	   4.6190593183251727e-01	   3.2705530264893684e-01	   3.9809553239810991e-01	   4.9328899839239804e-01	   4.6170499532877857e-01	   3.0567400713914533e-01	   3.7910666111333824e-01	   2.8679641297025843e-01	   3.6770178390172337e-01	   5.6176622679260579e-01	   3.9068196999088245e-01	   5.0248367997504229e-01	   5.5910202684385357e-01	   4.8525068379929892e-01	   5.4231210899112425e-01	   4.9900256486666539e-01	   6.5646044360329048e-01	   7.3272390955933386e-01	   8.3977201244211308e-01	   5.8468842828295597e-01	   6.4787759776044496e-01	   4.2462906367858216e-01	   5.8154787422041843e-01	   5.5617019667592082e-01	   5.6373370086056629e-01	   5.0201556608392850e-01	   6.3282182860574465e-01	   4.5210843207620582e-01	   3.7977289365550831e-01	   4.4248808137857554e-01	   3.3082017752981940e-01	   3.5421367722948793e-01	   4.2256123039825771e-01	   5.0376794714263262e-01	   3.2678972466237782e-01	   3.5136153036080475e-01	   3.3900825063425311e-01	   5.5414574445860476e-01	   5.8710389826718234e-01	   5.2508414574914208e-01	   5.2548322269817338e-01	   4.8457456039679092e-01	   5.0578731375538588e-01	   3.8846210681969029e-01	   4.0069130053175850e-01	   5.8553684272107920e-01	   6.4547320780336226e-01	   6.1853255782852146e-01	   5.4389932764532500e-01	   4.9470485404106751e-01	   4.2910112519451782e-01	   3.4625452849416183e-01	   2.2539674526170558e-01	   5.3195837585619932e-01	   5.1897053073868693e-01	   5.6077790135442107e-01	   5.9305877069632928e-01	   6.5303581889716356e-01	   5.2601252268176180e-01	   5.7603003908661166e-01	   4.2893793742128872e-01	   1.2024882316142624e-01	  -1.1534203912344249e-01	   1.4721837350028077e-01	   1.5506716116640362e-01	   3.4807986330903801e-01	   3.9514127294432333e-01	   5.9621582025809006e-01	   5.6869750971441380e-01	   5.1585272672394211e-01	   5.5437404170981663e-01	   4.0578537504858442e-01	  -1.7232579375271123e-01	
   5.8426827589621547e-02	   3.1442943158422731e-01	   1.7132807239099909e-01	   4.1067480908290299e-01	   8.3968807184345784e-01	   7.7879317052835217e-01	   3.7224230101147132e-01	   5.3259694927261458e-01	   0.0000000000000000e+00	   8.7793544814902547e-01	   2.3704545598717952e-01	   3.7465469464200551e-01	   4.8660872000111866e-01	   4.8410622290148264e-01	   4.8518565624558030e-01	   3.5063491936276958e-01	   7.1703398958157250e-02	   1.0915942876175797e-01	   2.7065698103631630e-01	   3.2808974223148674e-01	   3.2477021513993481e-01	   2.2569383750972027e-01	   2.6114942280160153e-01	   4.8476579228240119e-01	   6.1138163818176572e-01	   6.2610666842968576e-01	   5.6971968756050451e-01	   5.9935130620061339e-01	   1.7358049546230069e-02	   1.1640789929784154e-01	   2.7130523064152912e-01	   1.0693025174281802e-01	   1.2014622771164760e-01	   1.7027090249612489e-01	   4.3217212783673624e-02	   7.4682411125499198e-02	  -1.9177909895231388e-01	   4.1929526008331761e-02	   1.0536352780287928e-01	   1.9845226518752307e-01	  -2.1956284025245951e-01	   5.1825347687450216e-02	   2.8245489019157954e-01	   2.1611632482413912e-01	   2.0375281672890205e-01	   2.1179128851515211e-01	   2.3602577448746656e-01	   2.6038929981063474e-01	   1.8777060642758611e-01	   2.3327649033672748e-01	   2.3929775953471494e-01	   2.1108372652003293e-01	   3.5434673845677922e-01	   3.5806893830494940e-01	   1.5459466450593712e-01	   2.7623919274089653e-01	   4.1924831132283374e-02	   1.5019410147639631e-01	   1.9816335902858320e-01	   2.3954246012215513e-01	   5.8293373721645247e-01	   5.1923807455228599e-01	   2.1460419295605829e-01	   1.1567059532065488e-01	   5.8593901127877490e-01	   5.4096818763805898e-01	   2.7167497848571320e-01	   2.7456753446290616e-01	   3.0992997801794764e-01	   3.8236635357416632e-01	   2.4767864340758500e-01	   2.9179459575602412e-01	   6.8430494751133261e-02	  -1.7758770362316628e-01	  -2.1922906012857783e-02	   8.4030260891057723e-02	   9.5219488331000524e-02	  -3.3439769108494159e-02	   7.3694293012385254e-02	   6.2649768486924440e-02	   2.7172437996919918e-01	   3.1984173795932297e-01	   1.2165568013395586e-01	   1.3245412973344600e-01	   4.3226974975974075e-01	   3.3773500463257100e-01	   1.7729933114855984e-01	   9.9558723850268357e-02	   3.1347922801726136e-01	   3.9674996362577153e-01	   3.4910070339770993e-01	   4.4441172745190877e-01	   4.8661569561293416e-01	   4.9376657820070341e-01	   9.9380202634234999e-02	  -1.1231678662062397e-01	   1.7191672195660465e-01	   1.0932360880067987e-01	   1.9630608011726897e-01	   2.0453170280404390e-01	   3.2254855139624589e-01	   3.9280300165894710e-01	   1.6582122416594963e-01	   1.1746159945366988e-01	  -1.3927704253739639e-01	  -1.7075705084714535e-01	  -4.5798644144980132e-02	  -7.4962946159250865e-02	   2.2728644877273267e-02	   1.1053279273343161e-01	   2.5945917564862830e-01	   2.4769656112909316e-01	   2.6979903416194717e-01	   1.2499464187381457e-01	   1.9631754014914413e-01	  -4.9313112404456141e-02	
   1.0217897901607814e-01	   3.1946944109838149e-01	   1.3750341336245508e-01	   4.4438253486301249e-01	   7.7009154310394656e-01	   7.9541164922404306e-01	   3.3725727328335753e-01	   5.9520497478303114e-01	   8.7793544814902547e-01	   0.0000000000000000e+00	   1.1486144847045679e-01	   3.4364117815832940e-01	   2.7274097960815807e-01	   4.5699225861184312e-01	   4.0303138693916168e-01	   4.8017693155007335e-01	   1.7361407338803317e-01	   1.2828276231014857e-01	   2.8403479554231942e-01	   3.9822994856523514e-01	   3.8653840448288745e-01	   3.5587677630677500e-01	   1.4986440018542180e-01	   4.3511605326534264e-01	   5.8237563445631346e-01	   6.0411412025903255e-01	   5.2504345102522165e-01	   6.0517373416055364e-01	   1.9295963303761732e-01	   2.7363655335686099e-01	   3.1912627869606935e-01	   1.3133380433913866e-01	   1.2425183737410589e-01	   1.8717650720815926e-01	  -6.2002183303657643e-02	   6.1080874199662370e-02	  -9.3499992923890385e-02	   1.4996566283296536e-01	   1.2268363740566027e-01	   2.8545972165752631e-01	  -1.2323544907357141e-01	   1.6524493758885866e-01	   2.3295429780374161e-01	   1.9804982572380980e-01	   1.5000765432513780e-01	   1.7795826025348105e-01	   2.2528181710421863e-01	   2.4585070443798351e-01	   6.7224895994713180e-02	   1.4869782020878078e-01	   1.3017727293950732e-01	   1.4611878015785199e-01	   3.9810019936104468e-01	   4.7275609811371722e-01	   1.2765930058927757e-01	   2.4499776610003271e-01	   8.9084931052904562e-02	   1.2626098725394419e-01	   1.7242244478350438e-01	   3.0244471956935470e-01	   4.5142952244919793e-01	   5.0770790698387602e-01	   2.7066683402606695e-01	   2.4423067984222185e-01	   3.4205319250387278e-01	   3.8591578551901429e-01	   2.0783430995886609e-01	   2.8763130889518790e-01	   3.0409425869956502e-01	   3.8761275389147049e-01	   3.3730272466587036e-01	   3.3452611373547081e-01	   1.8263496228429640e-01	  -4.9529015013200332e-02	   2.1813775778859606e-04	   1.7178063116352082e-01	   1.4205028624095661e-01	   4.9705046821974241e-02	   1.5824043011693523e-01	   7.9768962638601587e-02	   3.3707248819359575e-01	   3.8588635495839374e-01	   1.9452157809534637e-01	   2.2771642770143813e-01	   3.3283502356283146e-01	   2.9381922737157468e-01	   1.0009169863031567e-01	   1.5500035442270221e-01	   2.6383533721932878e-01	   3.8310674572729619e-01	   4.0561601654353885e-01	   4.4208909359991305e-01	   5.6163623428419629e-01	   4.9305441205762102e-01	   1.9271045041549462e-01	  -6.1628937216305683e-02	   1.9612156322926511e-01	   1.1597041692271759e-01	   1.7471513083290757e-01	   2.0680967166736608e-01	   3.7009627679075652e-01	   3.5786364449204694e-01	   1.6391019754471808e-01	   1.2908188047941646e-01	  -1.5527555107799107e-01	  -2.0249532498658729e-01	  -1.4323282125994358e-01	  -1.1153043818822911e-01	   8.4216815521652194e-02	   2.0108757471935534e-01	   2.9057323228738996e-01	   2.4634799850099862e-01	   2.8182420582865642e-01	   1.5751043222378214e-01	   1.5439105133537440e-01	  -5.6271537693579898e-02	
   5.4985731988894504e-01	   5.4700759132800958e-01	   4.3755291236636146e-01	   3.9264154874460538e-01	  -1.0891738398700064e-02	  -1.7361900830237920e-01	   6.7952958035632416e-01	   5.2745763404224766e-01	   2.3704545598717952e-01	   1.1486144847045679e-01	   0.0000000000000000e+00	   6.3864744047923760e-01	   7.4807368311240729e-01	   4.7137004007592243e-01	   5.9953597079551191e-01	   3.9453882046456190e-01	   3.1346746058218267e-01	   5.2263640838881309e-01	   6.3423051817753728e-01	   5.7285324236817703e-01	   2.0920975233309005e-02	  -2.6746924213699852e-01	   3.4176605543588945e-01	   1.9840516568953065e-01	  -2.1670152885370325e-01	  -2.4832335511142462e-01	  -2.4461641246594071e-01	  -2.5441063883830195e-01	   3.3350075552918418e-01	   4.1958077020931506e-01	   1.9818045106965104e-01	   3.4588971826202564e-01	   6.4119292813719164e-01	   5.8615891090848460e-01	   1.4916511976060663e-02	  -9.5699454489684005e-02	  -3.3813476067111736e-01	  -3.2509947361829339e-01	   5.2914420558356920e-02	   1.2927945621029691e-01	  -2.3445069236656796e-01	   1.4332790606139073e-01	   2.5196355865275455e-01	   2.8570779280761799e-01	   8.2448436826806581e-02	   6.5797953760210776e-02	   2.8382092190746733e-01	   2.2212229409921774e-01	   1.5140470853324750e-01	   1.5050492473483315e-01	   9.5371075021593338e-02	   1.1962549453598842e-01	   2.5218052135600083e-01	   1.1459002502288762e-01	   2.8221455312329802e-01	   3.1175746965646478e-01	   4.9889313808075275e-01	   5.5179581368364283e-01	   3.7145123418526438e-01	   3.8699784121385261e-01	   7.2130136205266826e-01	   5.6244390237055319e-01	   6.1545973567996215e-01	   5.4020632540483893e-01	   3.2844548382419891e-01	   1.9060184438643138e-01	   3.0251443785438281e-01	   1.6328587457210686e-01	   3.8162856903335041e-01	   4.6188222304415216e-01	   4.0135122218657399e-01	   1.4855576002169840e-01	   4.9667807538923148e-01	   6.0468585556573096e-01	   6.0729579424859936e-01	   4.6666748391210133e-01	   4.6962975874893564e-01	   1.7280637148585196e-01	   3.8286342697107256e-01	   4.1458547980357846e-01	   3.6393561373978506e-01	   3.6046286933141580e-01	   3.6958807283612893e-01	   3.3266661582208423e-01	   2.9909098852269622e-01	   2.4648223386690649e-01	   3.2401381507153287e-01	   1.8123774925610422e-01	   3.6634350186558751e-01	   3.7902162222479940e-01	   1.7204472870904752e-01	   1.9735714425125697e-01	  -1.7548442611867177e-01	   4.1561705289525484e-02	   8.9967616427759925e-02	   4.1013077568201092e-02	   3.4354757935460578e-01	   2.9508290415228267e-01	   3.4121717736070845e-01	   3.2186526520473235e-01	   2.1337056397981347e-01	   2.1969802433901711e-01	   3.3050540376110132e-01	   2.6172218612955128e-01	  -4.3656717529715096e-02	  -1.5595146754419609e-01	   1.2055789510209773e-01	   3.8357967725440215e-02	   1.4270190760240686e-01	   1.1048832242710044e-01	   3.5660729047956996e-01	   3.7579523736272019e-01	   1.5483364856902376e-01	   4.1623757488981261e-01	   1.5561133462089416e-01	  -2.5037352186180312e-01	
   4.6625879119197555e-01	   5.8865327245254029e-01	   3.0567265600978538e-01	   5.6377812415609174e-01	   2.1442292130929091e-01	   1.9620128265241538e-01	   5.2770451244248340e-01	   7.3716575757172675e-01	   3.7465469464200551e-01	   3.4364117815832940e-01	   6.3864744047923760e-01	   0.0000000000000000e+00	   5.6063688628570663e-01	   7.8011812618349785e-01	   3.2981012427008582e-01	   4.7902225813970833e-01	   3.4493472883437482e-01	   5.0681021870003984e-01	   5.0763050347131866e-01	   5.3570637639199004e-01	   1.9383766420055154e-01	   2.9958537014683432e-03	   2.9082767318139863e-01	   4.2739363274620590e-01	   1.0893980250012839e-01	   1.0059443363495298e-01	   3.3103284409203917e-02	   1.6225012073602201e-02	   4.5962590927074154e-01	   5.4716460415601531e-01	   4.1277274170160771e-01	   4.6168095059538805e-01	   6.5840109944875980e-01	   7.1093563252219294e-01	   1.7546660340194231e-01	   2.2991268962585354e-01	  -2.3769255922177773e-01	  -2.2485631522262214e-01	   1.4437759924607926e-01	   2.0544266941170522e-01	  -9.8470300838730096e-02	   2.3951054460462629e-01	   4.2144027461163114e-01	   4.4102864750233839e-01	   3.9112341309512194e-01	   3.6538528689868022e-01	   4.2757541837828683e-01	   4.0021102608567105e-01	   3.9002307069350095e-01	   4.2225256921685461e-01	   3.7473027216601962e-01	   4.5571914670088853e-01	   4.9970553433773579e-01	   2.9369175544030529e-01	   4.6798817879612564e-01	   4.7292138573118980e-01	   3.8521678893804823e-01	   4.2942042146819548e-01	   4.7329706039612002e-01	   5.1095015318331916e-01	   7.0784799914086260e-01	   8.0074624531490812e-01	   5.5545735594184498e-01	   6.1765321048502497e-01	   3.9885668752399228e-01	   5.4901029800617751e-01	   4.3994735622528164e-01	   4.3613974390184473e-01	   2.7724975063822077e-01	   3.7859049561067604e-01	   4.1940303014692715e-01	   1.7815770602186309e-01	   4.1824704940600599e-01	   4.5463200139102006e-01	   3.3367979728457353e-01	   5.9353784901252116e-01	   5.3361793921716871e-01	   3.8607530592502276e-01	   4.5653417507778754e-01	   4.1574446042947483e-01	   4.6718069774737769e-01	   5.2245293101439161e-01	   3.1458351991577199e-01	   4.2243225503263226e-01	   3.4722762339203334e-01	   4.8962763557872635e-01	   3.5558304757151310e-01	   3.1725410907339552e-01	   4.6341808972675813e-01	   4.4183980511431631e-01	   4.0925082552724068e-01	   2.6499924578600964e-01	   1.4777676602778148e-01	   1.0261983667985171e-01	   1.5099404350629195e-01	   5.4777634802023450e-03	   4.1783657851892020e-01	   3.8791983164748284e-01	   4.9305000193584553e-01	   4.5533602579995647e-01	   3.5038301543219885e-01	   2.1360136399987859e-01	   3.0575763349307383e-01	   1.8139187370776597e-01	   7.2417259367729539e-02	  -1.0286367356092703e-01	   1.3110131171857184e-01	   6.0477218433852425e-02	   8.2691476562951644e-02	   2.1994058841949246e-01	   4.4570299559845206e-01	   5.0963062064072950e-01	   4.4375443987722962e-01	   3.6195775081014597e-01	   4.0485099027483973e-01	  -1.1008168405602778e-01	
   4.2923785571007078e-01	   5.4295784562014815e-01	   3.7650279761342703e-01	   3.5888406177985915e-01	   3.5166961684986414e-01	   1.9481047026709747e-01	   4.7772428036684567e-01	   4.3503910178136762e-01	   4.8660872000111866e-01	   2.7274097960815807e-01	   7.4807368311240729e-01	   5.6063688628570663e-01	   0.0000000000000000e+00	   6.0927611489623434e-01	   5.8698062938860995e-01	   3.3135531489012587e-01	   3.4482705289950244e-01	   4.9011938564215807e-01	   5.4144569055424607e-01	   4.6930751103505919e-01	   1.7898913321791790e-01	  -9.1144240424486267e-02	   4.5430206187575162e-01	   3.8919979754272083e-01	   2.0981975176413178e-01	   1.6764318610842785e-01	   1.6256812789727859e-01	   1.2231223534614849e-01	   2.5091045541539342e-01	   2.5301941680209333e-01	   2.6623601531352376e-01	   2.5642230677703248e-01	   5.2529543208606944e-01	   4.7521686962671617e-01	   2.1175836800204895e-01	   1.1093976034561982e-01	  -2.8407455905487006e-01	  -1.4490420571430182e-01	   1.1591915183180863e-01	   1.6900167961801116e-01	  -1.7794189654048911e-01	   2.1172034231286274e-01	   3.6630073437344768e-01	   3.9172539828600716e-01	   2.5007437702798974e-01	   1.9476305761727913e-01	   3.4191654751639111e-01	   3.1750103593785428e-01	   3.0011538693903200e-01	   2.5955236153507821e-01	   3.5917336193587812e-01	   2.8225333082688070e-01	   3.8893385058120666e-01	   3.1751856203718237e-01	   3.6767155414497021e-01	   4.0315731587972614e-01	   3.7501459300327999e-01	   4.6599204659657978e-01	   3.4327386068035071e-01	   2.6964102247279659e-01	   7.1065448337519377e-01	   4.9100032284130524e-01	   4.4896137914949258e-01	   3.2739188853303058e-01	   5.3212262066815386e-01	   4.3272530936721837e-01	   3.2405234995831328e-01	   1.9700152964058798e-01	   3.8131479476379410e-01	   4.4023919979348702e-01	   2.5537841716726295e-01	   1.9368522651833667e-01	   4.0778254226214794e-01	   3.4826274889621267e-01	   4.9817020453685301e-01	   3.8682537031853270e-01	   4.2625728232716609e-01	   1.5464496833206262e-01	   4.4489861914773254e-01	   5.1027340007642086e-01	   4.6143595622230438e-01	   4.4844507376200760e-01	   3.1340847550244738e-01	   3.0267790883534246e-01	   5.2151278236733800e-01	   4.1661312737771317e-01	   4.2709855836924615e-01	   2.1123036341899026e-01	   4.7614291745992732e-01	   4.3345911227106032e-01	   1.4363117428289635e-01	   1.6188310656557192e-01	  -7.6682325079909797e-02	   1.3471828297083704e-01	  -1.5136882523644892e-02	  -7.8784996273530389e-02	   3.8053375480209140e-01	   2.9071975038785913e-01	   3.2415024190537323e-01	   2.6134656305499859e-01	   1.5669068426694857e-01	   2.4526109342033853e-01	   1.5989451079157418e-01	   1.2499298607553253e-01	  -1.0272300375785563e-01	  -1.7860306068801457e-01	   8.1746834324446932e-02	   4.2120693999288153e-02	   1.0399579918328967e-01	   9.2991919722013233e-02	   3.3814023387506298e-01	   3.3575281654107980e-01	   7.1329864371195512e-02	   1.6792023004442952e-01	   1.1439185407763816e-01	  -2.2678098142864983e-01	
