   0.0000000000000000e+00	   9.1036343351920967e-01	   7.2323003465750002e-01	   6.7950175543341329e-01	   3.4687745493462840e-01	   3.1271325624054025e-01	   6.8587663982468250e-01	   6.8911218947471209e-01	   1.2980753105278908e-01	   2.9739990447129627e-01	   5.4670803128816980e-01	   6.1622870953519071e-01	   4.5998209912307703e-01	   4.5846041516607949e-01	   3.0393331734689000e-01	   4.0309611508387982e-01	   5.1212959607233188e-01	   5.4521305560598088e-01	   8.6440711660534042e-01	   8.5997754601256526e-01	   3.2261668884157257e-01	   5.3512702541038304e-01	   6.2151091385830659e-01	   6.3423558408805636e-01	   2.8297075550160555e-01	   3.7578048304886780e-01	   2.6724243058453684e-01	   4.2220961355009168e-01	   3.3009576383332168e-01	   7.6528267427866004e-01	   5.2059894362255354e-01	   5.3247325272843160e-01	   7.7468301661448291e-01	   7.4111487375557439e-01	   5.6184227949911048e-01	   4.6552418656685612e-01	   4.0912733477359053e-01	   7.4209505298902279e-01	   5.5429121659942426e-01	   6.6377090132324568e-01	   3.2486760297891643e-01	   7.7177607200375242e-01	   4.3073709076155686e-01	   4.8570200690320148e-01	   3.1259581048949442e-01	   5.5788525921145571e-01	   3.2027630762870329e-01	   5.7171400790460059e-01	   2.6763102967193686e-01	   3.5897045166173480e-01	   5.6489355448635825e-01	   4.5559517660046567e-01	   5.8862323079168888e-01	   5.9384718761923028e-01	   5.7467628834038420e-01	   7.0335227309992265e-01	   7.5935047877521211e-01	   8.6235727238693438e-01	   3.8763530827107306e-01	   2.6672570943393825e-01	   6.0063283774070753e-01	   6.3588396878864017e-01	   6.2568785897766743e-01	   5.7903853781913261e-01	   6.1806315695093383e-01	   3.8605121510573859e-01	   5.0745139603248912e-01	   2.4561325558988450e-01	   7.3487642481101401e-01	   7.0995217931719079e-01	   3.3912341853882866e-01	   3.4957446228323014e-01	   5.4332709858852613e-01	   5.0545010162504611e-01	   4.2995657530577286e-01	   6.1936445237442206e-01	   7.3262474225925467e-01	   6.6760459833794084e-01	   2.8362120902757348e-01	   4.7550243616740662e-01	   7.4998372061496477e-01	   8.1056109980829771e-01	   5.2437629205407610e-01	   7.2674878297871870e-01	   8.3920041537036549e-01	   6.2052978658831426e-01	   5.8824942281753301e-01	   6.7216668798536205e-01	   7.2345987440383719e-01	   6.9198043355739225e-01	   5.3970227893681555e-01	   3.6524208699979127e-01	   3.8149210184658261e-01	   5.5107028131503455e-01	   4.4016393553370492e-01	   3.3831253586019860e-01	   3.2033211700980069e-01	   5.1301436239276077e-01	   5.1711412069824902e-01	   6.5577042875376024e-01	   2.2640337704809119e-01	   2.5413223936532658e-01	   1.7304438972301484e-01	   1.4754266228433063e-01	   3.3079936341743374e-02	   4.3446698442923748e-01	  -1.6375875215327176e-01	   8.4637738787983530e-02	   3.4550976866113409e-01	   3.2756256772122672e-01	   2.5567215343510002e-01	   5.0229557988714657e-01	   5.9589604620651160e-01	   6.7504683869623427e-01	   4.4049743386395868e-01	  -1.4037279165155386e-01	
   9.1036343351920967e-01	   0.0000000000000000e+00	   6.6484038021767011e-01	   8.5300698533893193e-01	   3.1446935917173241e-01	   5.0504430084951935e-01	   5.7417283326308510e-01	   8.4531235324655629e-01	   7.1472364421187082e-02	   3.4323389630885592e-01	   2.3968896958201613e-01	   5.3168352692646026e-01	   1.9478779163917476e-01	   4.5085849362091646e-01	   9.0779198987392978e-02	   3.9570203053500147e-01	   3.8377284493380764e-01	   5.5071488975989158e-01	   7.6398911937303859e-01	   8.5153468813159516e-01	   3.6905901330617435e-01	   4.9331599914240976e-01	   5.4326921471801271e-01	   6.6737016453631393e-01	   4.5277496555428154e-01	   5.5906514372323168e-01	   3.5496820228089504e-01	   5.7327800960355813e-01	   2.3570022065751865e-02	   6.7799055023074883e-01	   5.1241476703954025e-01	   5.5586294256395297e-01	   7.0406700397858635e-01	   7.2184122703524056e-01	   5.7137306503336527e-01	   5.1645916731899510e-01	   2.7011635693735903e-01	   6.3577014785842800e-01	   5.3121101685573990e-01	   7.2814042412907098e-01	   2.0396607233751898e-01	   7.3380105254469608e-01	   4.1541262139014501e-01	   4.3891507844559174e-01	   3.1978114884309505e-01	   5.3048610520939721e-01	   4.1100664940092307e-01	   6.0016582237807770e-01	   2.7954515534003216e-01	   3.5008146071176321e-01	   5.9499240612428750e-01	   5.2834743161592812e-01	   6.5833170767574722e-01	   5.9827392802013302e-01	   7.3627239720975635e-01	   7.0758903511497062e-01	   7.5667281643445150e-01	   8.3348279989473162e-01	   3.2287105006998673e-01	   3.3903078864954622e-01	   3.8171552524951180e-01	   6.7241740754537682e-01	   3.7525366311569192e-01	   4.4806248730451603e-01	   5.8652623680464933e-01	   6.0322335441643649e-01	   5.9389387355622425e-01	   4.5674443289862349e-01	   6.9496469425141738e-01	   6.5577347124043173e-01	   2.7514914575510219e-01	   3.5934494122841848e-01	   3.2904818257031376e-01	   4.1957313890653875e-01	   1.3458458360620695e-01	   5.4154769908814171e-01	   7.1331405778595613e-01	   6.0622561472910796e-01	   3.1458921712287918e-01	   5.1000604885911072e-01	   6.9416009761420405e-01	   8.1837801107052621e-01	   3.1519704427284301e-01	   7.0075067555098647e-01	   7.4436000392179880e-01	   7.3036232409102775e-01	   5.7762871237292279e-01	   6.9679254861813189e-01	   7.0047023398591868e-01	   6.9288747815443930e-01	   6.8923268639126678e-01	   3.9607750354772808e-01	   5.1303112468439627e-01	   4.9542135202038096e-01	   5.6089302491582826e-01	   5.4808995123797943e-01	   4.6749203464754197e-01	   5.8603998734311125e-01	   6.7173953119398511e-01	   7.6356957118049129e-01	   4.2615446689552466e-01	   3.0000264620156392e-01	   4.6138471683074622e-01	   2.6249425972777873e-01	   1.1078513367188159e-01	   4.4781197518989646e-01	  -1.8940909382026760e-01	   1.1692258030808725e-01	   2.9219898623304530e-01	   2.9769985577000135e-01	   3.1376281574602383e-01	   6.4783953416334039e-01	   7.0387945842352484e-01	   7.6664973848765305e-01	   5.6726876963973027e-01	   1.2348419194003979e-02	
   7.2323003465750002e-01	   6.6484038021767011e-01	   0.0000000000000000e+00	   7.5912168695081761e-01	   5.4554012538115859e-01	   1.7832347536657439e-01	   8.9101802647594708e-01	   6.9860777204696367e-01	   2.0812923538917290e-02	   5.2935600386677814e-02	   5.1302483573720248e-01	   7.2826162561648766e-01	   4.3640738002326662e-01	   3.9435260302984598e-01	   3.2771514604179552e-01	   3.4921628443115765e-01	   2.0079980230613040e-01	   1.4872985672235781e-01	   7.9567016423623538e-01	   6.7066385632576409e-01	   4.0757605261701851e-01	   5.4389308141414849e-01	   7.8693302703514201e-01	   7.4735904279262955e-01	   5.2559814019221751e-01	   4.5306495031503058e-01	   3.6623048155850513e-01	   3.6339678730898450e-01	   4.3388704593866528e-01	   7.6569202670196457e-01	   8.7326898891567528e-01	   9.1480800587922007e-01	   6.5540571531879699e-01	   6.8186707803365909e-01	   6.1896035076779443e-01	   5.0985609141662669e-01	   1.8918242920115524e-01	   4.9947918251993667e-01	   5.8921529102527259e-01	   4.9124296580240584e-01	   2.2707419015713806e-01	   7.6421593546918376e-01	   4.4288733625905818e-01	   4.4679592068986540e-01	   1.3124143411921776e-01	   5.7964538915675101e-01	   1.1693809654521538e-01	   4.3964058635558662e-01	   2.1306960681884857e-01	   3.5400678115051454e-01	   6.3393410301426900e-01	   5.7656760059485868e-01	   5.2080194388697321e-01	   6.7453155765549222e-01	   5.2923860122051525e-01	   6.2106767419841336e-01	   3.7536244978432537e-01	   5.2676551988040388e-01	   4.5304588869851037e-01	   2.9555374050617372e-01	   6.4675913595584034e-01	   7.1378817590742805e-01	   5.9937023596816363e-01	   6.7738337419391115e-01	   6.6779313502805526e-01	   6.0196151499722750e-01	   6.9562770458154777e-01	   4.5715745668581531e-01	   5.7033760688038404e-01	   4.6532156856591383e-01	   6.7573607811939329e-01	   6.8550550217213191e-01	   3.7971639296505166e-01	   5.1837711270983167e-01	   3.6131351874795314e-01	   8.7034287599243676e-01	   5.5929677238771403e-01	   7.3892020016763682e-01	  -5.3207465135299392e-02	   1.7361179894796652e-01	   6.5076090624677607e-01	   7.9228775624435199e-01	   6.0937074631920085e-01	   7.1985270225035425e-01	   7.0590768666317516e-01	   5.6171013641089163e-01	   6.2230445297578096e-01	   7.2974515069392965e-01	   5.1250737959681258e-01	   5.3142015108059382e-01	   4.5902987597728295e-01	   2.1861252722844954e-01	   2.5727384845534479e-01	   4.5647706381189529e-01	   4.0958715919826993e-01	   5.2322178391838658e-01	   2.1269369616492306e-01	   5.2481052510771864e-01	   3.5660476534555702e-01	   4.1431347675191138e-01	   2.0235092607340499e-01	   3.4130057739509512e-01	  -4.1050521385325750e-02	   2.2763334737895635e-01	  -1.5338145210288416e-02	   3.6782845871037878e-01	   1.6385565172526165e-02	  -3.5134033048946467e-02	  -6.4553007637303414e-02	   1.9415155479607721e-01	   4.6196865310607649e-01	   2.4198509316343580e-01	   1.2982943394683105e-01	   5.9861932034673726e-01	   4.9058231811945630e-01	   1.7074101673222453e-01	
   6.7950175543341329e-01	   8.5300698533893193e-01	   7.5912168695081761e-01	   0.0000000000000000e+00	   4.2837873977085417e-01	   5.3336807913450290e-01	   6.1043673752023597e-01	   9.1002302858227657e-01	   5.4111735475398234e-03	   2.6204704863462380e-01	   3.4256675905824319e-02	   5.2867964346980245e-01	  -7.3483288057673343e-03	   4.0970196300062423e-01	   3.4227468118676725e-02	   4.1990851175572685e-01	   1.1137611608119147e-01	   3.3064562935624925e-01	   6.4512724512027397e-01	   7.3954239893548612e-01	   5.2086012817160798e-01	   5.9467470181266091e-01	   6.0818000169634789e-01	   7.8311051723381364e-01	   6.6163059248040712e-01	   6.9799881705924438e-01	   4.5139436662104637e-01	   6.0375016663965919e-01	  -8.3960604701131494e-02	   6.7367125253176141e-01	   6.8898138538434395e-01	   7.5290050187497592e-01	   6.4109865967960822e-01	   6.9678755273018556e-01	   5.6719171286887071e-01	   5.5255737729481802e-01	   1.3687970781883063e-01	   5.2784350286385828e-01	   5.9423259169843279e-01	   7.5396607389641579e-01	   1.8244879310480255e-01	   7.7118119085054593e-01	   3.5864166729194441e-01	   4.0247489636452238e-01	   2.1209714282533509e-01	   5.6228161805127719e-01	   3.1577745256870310e-01	   5.3581037535968268e-01	   2.5929301060868326e-01	   3.5477849960784252e-01	   6.3816212008985118e-01	   6.4026451286684516e-01	   6.9375394957209602e-01	   6.8150956126706275e-01	   8.2809379842003028e-01	   7.1875996721293589e-01	   5.0261719538453575e-01	   6.5649099986780313e-01	   3.7447330743538798e-01	   4.1493889431858921e-01	   2.7796038901357134e-01	   7.4820333587935695e-01	   1.9287969763896440e-01	   4.1327245407246133e-01	   5.8240437932381905e-01	   8.0174238980073376e-01	   7.5628669938480164e-01	   6.7982100663252742e-01	   6.3052428808110228e-01	   5.7764641447665221e-01	   4.3761581464809401e-01	   5.7186917353412037e-01	   1.2205441700503031e-01	   3.4013994579239054e-01	   1.0161450747464339e-02	   6.1356566754305386e-01	   6.2224143463531534e-01	   5.7708236458276874e-01	   1.0783863285849626e-01	   3.5779310959159749e-01	   5.8357984312950073e-01	   7.9658982314962246e-01	   3.0925970288067273e-01	   7.4748678570171401e-01	   5.9312719480722631e-01	   7.9800867919938490e-01	   6.5585964643966910e-01	   8.0246222321409433e-01	   6.5112658145938951e-01	   6.9986951496878391e-01	   7.5559965117340155e-01	   3.9956269504398179e-01	   5.7600218903098566e-01	   4.2228108814194432e-01	   5.8901409283668138e-01	   7.9813170775443754e-01	   4.7026587069993919e-01	   6.7545608784262079e-01	   6.2487123785077059e-01	   6.6289542196817974e-01	   4.3137554247059717e-01	   3.7348681213578544e-01	   4.4459909072344606e-01	   3.2436653733333387e-01	   1.8113921952331025e-01	   5.0217653849378574e-01	  -8.8607877737707195e-03	   5.2630686719344774e-02	   1.4386456922971669e-01	   2.6819680483723840e-01	   4.4855589813515340e-01	   5.6660669886449133e-01	   4.9650215461432412e-01	   7.3196336569196296e-01	   6.6793556349815231e-01	   2.8188070224900036e-01	
   3.4687745493462840e-01	   3.1446935917173241e-01	   5.4554012538115859e-01	   4.2837873977085417e-01	   0.0000000000000000e+00	   6.5120015186221503e-01	   5.2613790363357249e-01	   3.8062584580494152e-01	   7.7817592579668382e-01	   7.1980022498134333e-01	   4.5306230756221111e-01	   7.8245077954025155e-01	   6.4004811346135848e-01	   8.9325972035911394e-01	   8.4194487668366302e-01	   8.6434074993393772e-01	   1.0871059830635828e-01	   6.5962348945811392e-02	   3.8361676418918050e-01	   3.9982760294539166e-01	   6.5902921484447796e-01	   7.0899069055470210e-01	   6.9629715993008756e-01	   7.6020887528862269e-01	   8.2537833136495808e-01	   7.9143337557694204e-01	   8.0557765351731980e-01	   6.9395571129281852e-01	   4.1523234948975507e-01	   7.1958130197117620e-01	   6.1867235849400803e-01	   4.7266761106082567e-01	   4.4619070682655548e-01	   4.8662600885474022e-01	   4.5626747534553980e-01	   3.9187900681582388e-01	   3.7605693135004431e-01	   4.3423132513625184e-01	   6.1868999362898691e-01	   5.4031568191505697e-01	   5.3785677700770007e-01	   5.6164374748617929e-01	   6.4037751061046011e-01	   6.2740747288480558e-01	   5.3876095265918889e-01	   6.9825374435947651e-01	   2.9288302232186769e-01	   6.1017120428378835e-01	   7.2021035385653531e-01	   6.9675138683397742e-01	   7.6193063763823177e-01	   7.8526292463484271e-01	   6.5607972916253599e-01	   7.7123894179649599e-01	   5.5191884052442419e-01	   6.5386043077608857e-01	  -2.0466980890276398e-01	   3.1204468769617738e-01	   6.8387468518973105e-01	   5.7442119080493426e-01	   6.2469982058447182e-01	   7.0333378570218241e-01	   3.9554578131332147e-01	   4.2485041308609717e-01	   6.9084426342357619e-01	   6.6681609961116095e-01	   7.3011516603316962e-01	   6.2887033826371663e-01	   3.6395174578334671e-01	   3.1301916878081398e-01	   8.7946498341702850e-01	   7.6396784101584181e-01	   4.3534795227238454e-01	   1.1004851308794303e-01	   3.7353587329080451e-01	   5.0834982081587121e-01	   5.5848358886784732e-01	   6.4398545417223552e-01	   2.3148000811610625e-01	   2.5164835175887879e-01	   5.6308117209604724e-01	   6.1917192123696629e-01	   7.1088452328504215e-01	   4.9622995867508624e-01	   6.9182632042105330e-01	   6.8892397766157598e-01	   4.8648782649268141e-01	   5.1159644251683423e-01	   5.8673550842397870e-01	   5.4073456666534980e-01	   6.5834351941671265e-01	   7.1577770827916032e-01	   7.4393362294236898e-01	   8.4271131571345670e-01	   6.1111530671586844e-01	   5.7677434295681396e-01	   5.9849775859391285e-01	   7.1773793360717375e-01	   4.8955393272104120e-01	   5.8553392572212126e-01	  -1.0921772982227436e-01	   1.1384359130636518e-01	   1.9340206595942749e-01	   5.0084844060781342e-01	   6.2416843929029331e-01	   7.5385463147642029e-01	   6.5283915089885636e-01	   4.8129335557025121e-01	  -2.6759829438780408e-01	   7.1945632847592433e-01	   4.4801303649499613e-01	   3.7169166318746250e-01	   3.9092161700906064e-01	   5.0422743128930647e-01	   6.6942869230762747e-01	   3.6164432108843680e-01	
   3.1271325624054025e-01	   5.0504430084951935e-01	   1.7832347536657439e-01	   5.3336807913450290e-01	   6.5120015186221503e-01	   0.0000000000000000e+00	   1.6526245192521055e-01	   5.5785853083960446e-01	   6.6117264277662890e-01	   8.0580830455298436e-01	  -3.0113798912683037e-02	   4.8924601040186438e-01	   1.7322106610326676e-01	   7.8853281116144758e-01	   4.2237599202081633e-01	   7.2478790919835978e-01	   1.6686792895883390e-01	   3.3960569651383815e-01	   1.9723504305469580e-01	   4.8357812774841591e-01	   6.1650288733691438e-01	   5.8643707353588503e-01	   3.0120954582090803e-01	   5.4212823653741049e-01	   7.6694604436368841e-01	   8.6018963349247635e-01	   7.8689610882047545e-01	   8.2179686334875135e-01	  -8.3158805055119273e-02	   4.1717195977817589e-01	   2.7916957126479014e-01	   1.4693728332806927e-01	   4.3063340621091550e-01	   4.5854110767995082e-01	   2.6499353909195644e-01	   3.5957966472249081e-01	   2.8014606587840768e-01	   3.6696129361309970e-01	   5.7365409189596384e-01	   6.7440460048627437e-01	   4.6929208723838250e-01	   4.0160476255422761e-01	   5.0031093878635025e-01	   4.9674668798510191e-01	   6.4509547392951827e-01	   5.4414895794782270e-01	   4.9885932288893153e-01	   6.3162574093617374e-01	   6.7637760021011639e-01	   6.2246426134966737e-01	   6.7130877263900401e-01	   7.1628538683628740e-01	   7.0825748299242020e-01	   5.5662743766895750e-01	   8.0336593291147607e-01	   6.5668826295430960e-01	   1.0697035473948868e-01	   4.8305587987772047e-01	   5.7246311631497104e-01	   6.7936492880022603e-01	   2.4978126356413591e-01	   6.3773189724368029e-01	   8.7357249101379389e-02	   9.4993138328939644e-02	   4.4742856186329188e-01	   7.0948973023443918e-01	   6.1402280273846011e-01	   6.7903428083461748e-01	   3.3728971427974996e-01	   4.2375175134706555e-01	   4.1956476500198292e-01	   4.1206918252925961e-01	   2.9034928921325109e-01	   1.7108996452621789e-02	   4.2093726367057910e-02	   9.7096766339981072e-02	   5.0501534594532360e-01	   2.9416458001611495e-01	   4.1461070373310083e-01	   4.2738121527125617e-01	   4.9612128395579380e-01	   5.1427605791232744e-01	   2.1052402996457004e-01	   2.8414149088336726e-01	   4.7522689025115289e-01	   7.4793112009653595e-01	   2.4901810197383842e-01	   3.6837608026007118e-01	   6.2240217206324633e-01	   6.3808714515511866e-01	   7.2493939296248844e-01	   6.8535925203191994e-01	   8.3992305147592117e-01	   6.3707987498133511e-01	   7.3418040242720572e-01	   7.2562522145742825e-01	   7.5964644458665709e-01	   7.2897884014238745e-01	   6.7517144240208504e-01	   7.6143293001811996e-01	   3.4008072277426815e-01	   3.5377333302492231e-01	   8.1116278949811482e-01	   6.7151717423078339e-01	   6.6799227278540163e-01	   7.6823679757630259e-01	   3.8195798572485856e-01	   5.9269508106047231e-01	   5.7414060152154202e-02	   7.0312968518924635e-01	   2.4738572551623222e-01	   5.9033186605500321e-01	   7.0922036449525416e-01	   4.4782501932770963e-01	   6.5143080669213838e-01	   3.1301311221565126e-01	
   6.8587663982468250e-01	   5.7417283326308510e-01	   8.9101802647594708e-01	   6.1043673752023597e-01	   5.2613790363357249e-01	   1.6526245192521055e-01	   0.0000000000000000e+00	   7.1819346336017209e-01	   1.7387005755847673e-01	   1.7812817793008831e-01	   6.3157277641660503e-01	   6.5589525070876253e-01	   5.6189033534866595e-01	   4.4623933362400858e-01	   3.9034189282954268e-01	   4.2778865559514334e-01	   5.1817674818159154e-01	   4.0833333928826337e-01	   7.5624658088156416e-01	   6.6607062807552941e-01	   4.3735457321793381e-01	   4.7048917705449589e-01	   7.3793180642498357e-01	   6.6880588941484742e-01	   4.3646022112854665e-01	   3.3371206355928484e-01	   2.9206200411093031e-01	   2.3620235821920282e-01	   6.2731554502066667e-01	   7.7807944684141450e-01	   7.3210824979188294e-01	   7.7732459544134191e-01	   6.8937148966152229e-01	   7.7657378388809517e-01	   6.3505114776159055e-01	   5.6187175478344198e-01	   2.0685534859366156e-01	   3.5350046983380101e-01	   6.6332364843891167e-01	   4.4268767106296658e-01	   3.2889542523807669e-01	   6.2566951615039201e-01	   4.3665197522078758e-01	   3.7982481512759514e-01	   5.7900550407339213e-02	   4.4384799936698016e-01	   1.4234742626581925e-01	   4.8607343811091008e-01	   1.4781888300075116e-01	   2.4859592350474935e-01	   5.4258667282236062e-01	   4.5564731366162481e-01	   4.6714368013724977e-01	   7.2978928304082880e-01	   4.4113713141095301e-01	   4.6169894508985987e-01	   4.6839928840182937e-01	   5.2697977919058858e-01	   2.9845819600327272e-01	   8.8515447381774331e-02	   6.6167853389576403e-01	   5.6493005800165053e-01	   5.1880226238723026e-01	   5.0889822765108750e-01	   7.0285738349578553e-01	   5.5367883124667605e-01	   6.4197547883969519e-01	   3.8614401664482101e-01	   4.9212538324535665e-01	   4.2844765084689274e-01	   6.1846349649978283e-01	   5.6874064788016065e-01	   5.2256428675518152e-01	   6.5203056278244231e-01	   4.8491613874820505e-01	   6.3852886876165027e-01	   7.2583468693614794e-01	   7.9466300658079458e-01	   1.6376432563762752e-01	   4.4267721632688217e-01	   7.3655516971604762e-01	   7.6335921060068612e-01	   5.7666870865699860e-01	   6.0473091907216148e-01	   6.9082415628772409e-01	   4.8941831296841198e-01	   5.9886517234903902e-01	   4.9424133055158082e-01	   5.9456514624003587e-01	   4.4450441395357854e-01	   4.4956982223435760e-01	   2.2956622858065423e-01	   2.2427919330543686e-01	   5.3905575058932542e-01	   4.7131059483169158e-01	   3.8280116425716376e-01	   2.8337395725430931e-01	   3.7625097838394189e-01	   4.5456538831243903e-01	   4.5029432648669521e-01	   1.7299988755992685e-01	   4.2019338027872233e-01	  -1.7042089703294887e-02	   2.9140448949988873e-01	  -1.6753894259094591e-02	   4.2756623271450789e-01	  -1.2094760899547545e-01	  -1.1910819311479287e-01	  -2.0326558679009171e-01	   2.8334788756783746e-01	   3.6192442843714379e-01	   3.6689376257337170e-01	   1.6588653028621086e-01	   5.7459009036381370e-01	   3.5263682707527383e-01	  -9.3697935491319606e-02	
   6.8911218947471209e-01	   8.4531235324655629e-01	   6.9860777204696367e-01	   9.1002302858227657e-01	   3.8062584580494152e-01	   5.5785853083960446e-01	   7.1819346336017209e-01	   0.0000000000000000e+00	   7.6994276530421957e-02	   3.3892545691625087e-01	   1.6467324692146651e-01	   5.0850264905574638e-01	   1.0083579356305383e-01	   4.4220223244109091e-01	   4.4596941789461081e-02	   4.6034979106817719e-01	   3.8475730405905129e-01	   5.7819284153902417e-01	   6.2123544710381284e-01	   7.5332879955819032e-01	   4.8865354378553827e-01	   4.9203500441477982e-01	   5.8603192778919988e-01	   7.2408435912100666e-01	   5.9095392684491066e-01	   6.0981180585718298e-01	   3.8918594753952740e-01	   5.2105483537759723e-01	   3.7221626966551249e-02	   6.4579263401398601e-01	   5.5414616237433234e-01	   6.2892391654786828e-01	   6.5764339336864275e-01	   7.6204237993782908e-01	   6.1652009560341026e-01	   6.3161155123925616e-01	   7.1834780528560072e-02	   3.6649375023069081e-01	   6.5201232614495352e-01	   7.0658743888000519e-01	   2.0163882573017344e-01	   6.2938495344990397e-01	   4.1315346912933887e-01	   3.9080979763792689e-01	   1.9399132759291707e-01	   4.6748533203596565e-01	   4.1158485966561875e-01	   6.1588278897968018e-01	   2.1909464502914797e-01	   3.0449801043718672e-01	   6.1796136445755567e-01	   5.8218165201024541e-01	   6.9203500997926970e-01	   7.1223095984063012e-01	   8.1641558982960660e-01	   6.0625413807696771e-01	   6.6101877020269506e-01	   6.9835044893908660e-01	   2.6104855581138386e-01	   2.6803574289670151e-01	   3.1735050878136051e-01	   6.5570242666545686e-01	   1.5648504298862381e-01	   2.7681047403744630e-01	   6.5404132439013474e-01	   7.8949282783226105e-01	   7.1160952038014957e-01	   6.1548399119417230e-01	   5.2739939473021269e-01	   5.3485227062498342e-01	   3.5888387832695223e-01	   4.1643344249133152e-01	   2.5516790758445090e-01	   4.5324686854797913e-01	   4.6699203589163671e-02	   4.2005193135279206e-01	   7.4525872506391511e-01	   6.0409937360852284e-01	   2.7306138414655606e-01	   5.7094141169837398e-01	   6.5420647182941605e-01	   7.9158760889748525e-01	   2.2407708172595348e-01	   6.1426833277073312e-01	   6.1234258772783534e-01	   7.3707906129587231e-01	   6.4238017103145473e-01	   6.1963955950189653e-01	   7.2742236210424305e-01	   6.3009802254379121e-01	   7.4029333987040491e-01	   3.5998673265991921e-01	   5.0895892053860159e-01	   4.8565011488789178e-01	   6.8107718183005606e-01	   7.0968481533691452e-01	   5.3832910071548845e-01	   5.3731345900982885e-01	   7.5648891152837838e-01	   7.2346987130348739e-01	   4.6904055152077101e-01	   4.9939989024704140e-01	   5.2458290916014394e-01	   3.7140934632205519e-01	   9.4894228447885060e-02	   4.8448956115070974e-01	  -2.3769944241767471e-01	  -5.0170813684816046e-02	   3.2475203236906322e-02	   2.9295652571336017e-01	   3.4487838289930739e-01	   6.9368202129383127e-01	   5.6231694220804262e-01	   6.9235206949723005e-01	   5.5781464721857932e-01	   2.8535412361134112e-02	
   1.2980753105278908e-01	   7.1472364421187082e-02	   2.0812923538917290e-02	   5.4111735475398234e-03	   7.7817592579668382e-01	   6.6117264277662890e-01	   1.7387005755847673e-01	   7.6994276530421957e-02	   0.0000000000000000e+00	   9.0451291337866946e-01	   3.3833621849950357e-01	   4.1116722808386130e-01	   5.8062656771664101e-01	   8.4829894062307631e-01	   8.0999162350909271e-01	   8.1208362304321324e-01	   3.1939414309673569e-01	   2.8192856287946599e-01	   1.1646257230368391e-01	   2.3355262700787927e-01	   4.7975664059559875e-01	   4.5247454039514279e-01	   2.7003649213981235e-01	   3.6733338628038448e-01	   5.3376766792418817e-01	   5.4811284722097542e-01	   6.5329358937488935e-01	   4.9947835373775645e-01	   3.6428815523327912e-01	   4.1579222796363147e-01	   1.2058353338607010e-01	  -5.2714829221551920e-02	   2.3822571610001103e-01	   2.8992773277813155e-01	   1.3263141245344537e-01	   1.2675066750798450e-01	   3.9589544669770216e-01	   2.1802457028974209e-01	   3.9520714336140539e-01	   3.1952582771495763e-01	   5.6656681796767783e-01	   2.0241633700380657e-01	   4.6764438438773326e-01	   4.0143853166382193e-01	   5.5651350703898794e-01	   3.9590694795648285e-01	   2.7563297757154648e-01	   4.6554664138146473e-01	   6.6273798045033094e-01	   5.3257370670653092e-01	   4.2009451964065447e-01	   4.3764827731538863e-01	   3.8019132725147375e-01	   5.0234627459762049e-01	   2.6112277128134520e-01	   3.2293879255537050e-01	  -2.3291574274548763e-01	   1.8894151753166216e-01	   4.2403023799758077e-01	   3.8719730026467969e-01	   3.8298537596069637e-01	   3.1882848649604389e-01	   1.7330223656653612e-01	   7.7269360882823435e-02	   4.0576595902208146e-01	   3.5647051570053223e-01	   3.8632137249312815e-01	   3.7892335878561989e-01	   1.5635534016162056e-01	   1.7941335307313816e-01	   5.5231731646908588e-01	   3.9893615455663156e-01	   4.8443529882894121e-01	   2.0805170211165111e-02	   3.9427419218642118e-01	  -8.9699861142729879e-03	   4.7083280386334930e-01	   3.7433028683364683e-01	   5.9667421569359846e-01	   4.7730275163069724e-01	   4.5111237375902591e-01	   3.0516740828933520e-01	   4.8195395618310011e-01	   1.3195003848682793e-01	   4.4859544360093984e-01	   4.2115995791199434e-01	   1.6965624382176187e-01	   4.3402823775642876e-02	   4.4880529260514962e-01	   2.9574903556360604e-01	   4.9177449792075534e-01	   7.2990306251351156e-01	   7.0680632767685303e-01	   7.9128366241356329e-01	   4.4862608371769019e-01	   1.8651769260672796e-01	   6.0446109591421293e-01	   4.4552091173714109e-01	   4.5116486615462886e-01	   5.2878373893759256e-01	  -1.8760191206184207e-01	  -3.3501755216402314e-02	   3.2159013709047912e-01	   5.4313717033937858e-01	   7.4980075341326180e-01	   7.3927235235039768e-01	   5.8932496883259100e-01	   6.2647570689221999e-01	  -2.8330428993457202e-01	   7.9585540135708632e-01	   1.8229959272940893e-01	   3.9444520185982929e-01	   4.8069238263033820e-01	   3.1857470760895212e-01	   4.2612026621151389e-01	   1.0739204715788769e-01	
   2.9739990447129627e-01	   3.4323389630885592e-01	   5.2935600386677814e-02	   2.6204704863462380e-01	   7.1980022498134333e-01	   8.0580830455298436e-01	   1.7812817793008831e-01	   3.3892545691625087e-01	   9.0451291337866946e-01	   0.0000000000000000e+00	   2.2086208252217970e-01	   4.1012288776109013e-01	   4.2740057386585872e-01	   8.7880196362151819e-01	   6.5288086610278784e-01	   9.0386307442582159e-01	   3.2301285407422842e-01	   4.6331890217840122e-01	   1.7443428901311217e-01	   3.6958974419872093e-01	   5.3703236138820576e-01	   5.4777444510859219e-01	   3.7120461442852604e-01	   5.4781613361615411e-01	   6.0965915454530073e-01	   7.0197224872748887e-01	   6.5481445012489081e-01	   6.6462183566478727e-01	   1.0657631417797264e-01	   4.9974661610191812e-01	   8.7319947207043128e-02	  -4.2483774584499250e-02	   3.3350715028901823e-01	   4.0595430491810319e-01	   3.1759768666471744e-01	   3.1705542941587167e-01	   3.9288721501460649e-01	   3.4236826917145036e-01	   4.6496802410823745e-01	   5.6969696357224731e-01	   4.9850637644698026e-01	   3.2409860723145001e-01	   5.2115267777181973e-01	   4.8548513258459447e-01	   5.9038808519192609e-01	   4.7264778655434669e-01	   4.8577088393607826e-01	   6.4948396828716826e-01	   6.8977419217890568e-01	   5.6031762853576061e-01	   5.3655335036773999e-01	   5.4742699851003329e-01	   6.0018151536766762e-01	   6.3600981730278949e-01	   4.9944563335337466e-01	   4.8002915872568264e-01	   7.6833866515821237e-03	   3.8920109219449933e-01	   3.7605308702703943e-01	   3.9484739795017731e-01	   2.8845929612209831e-01	   4.2007794135670140e-01	   2.5480882518254280e-02	   5.4980421707053525e-03	   5.5358106659003647e-01	   5.2136765507553695e-01	   4.9285955348943639e-01	   5.0319970719752871e-01	   2.8100808469483290e-01	   3.1363051559856830e-01	   4.4498056836913402e-01	   3.2565629485725789e-01	   3.6644832026972973e-01	  -3.4374777383854929e-02	   1.8054584871158771e-01	  -4.1593804792828884e-02	   6.5275152548703619e-01	   4.4497958816342487e-01	   6.4432691438135381e-01	   6.1972065178513769e-01	   4.8152179014520125e-01	   4.5749786793433767e-01	   4.1028794459917217e-01	   3.1502656536467988e-01	   5.7043146163167058e-01	   6.5285216548409930e-01	   3.8603269473548896e-01	   2.3469853398446636e-01	   6.6053640748370701e-01	   4.7977965291855151e-01	   7.4970764492950182e-01	   8.5455597177487042e-01	   8.7792162852803113e-01	   8.5857959908565107e-01	   6.0640486337555588e-01	   3.6667831796667016e-01	   7.6558433632616107e-01	   5.4657185563889432e-01	   7.0981397201721652e-01	   7.6116709481671163e-01	  -1.2683867803160059e-01	  -2.0130906753087388e-02	   4.9912532492971184e-01	   4.6093724191474672e-01	   7.2758300626244676e-01	   7.6684758022883548e-01	   4.5569841319015991e-01	   5.1011503923087220e-01	  -1.0310915261364069e-01	   8.1527718487350231e-01	   2.3196114638401671e-01	   6.9297155629034357e-01	   7.8421975525576526e-01	   4.9827038327784012e-01	   5.6648537526103759e-01	   6.4161475485408404e-02	
   5.4670803128816980e-01	   2.3968896958201613e-01	   5.1302483573720248e-01	   3.4256675905824319e-02	   4.5306230756221111e-01	  -3.0113798912683037e-02	   6.3157277641660503e-01	   1.6467324692146651e-01	   3.3833621849950357e-01	   2.2086208252217970e-01	   0.0000000000000000e+00	   6.8456617373576201e-01	   8.7356438558689764e-01	   4.3174770865365181e-01	   7.0760170607087036e-01	   4.1686175711539375e-01	   4.4378087225750307e-01	   2.2917721105531058e-01	   4.3588311232175125e-01	   2.8984185635208648e-01	   3.3758962907830856e-02	   2.5009885251510994e-01	   5.8742998385022727e-01	   3.9033690178185765e-01	  -2.7619036796010261e-03	  -1.0709703788552702e-03	   3.5827104240209649e-02	  -2.8983876699403013e-02	   7.4854069890584329e-01	   5.4146224491209249e-01	   2.4621298230647135e-01	   1.9965607968217802e-01	   3.2711608209830023e-01	   3.0155720683366499e-01	   2.9409236331244848e-01	   1.6696798841237884e-01	   1.2348246880112568e-01	   2.8549300217890405e-01	   2.6738767561355709e-01	   1.1421677875407271e-01	   2.1760734800991613e-01	   2.6197150222860771e-01	   4.8236441115316669e-01	   4.4051214856016480e-01	   2.6810160456015159e-01	   4.4062522654916780e-01	   1.3799346569962850e-01	   3.2067193921859038e-01	   3.2177480958381499e-01	   3.9603691946542718e-01	   4.3189118531497706e-01	   3.1390705316659939e-01	   3.3152638564736947e-01	   4.5519254928935793e-01	   1.0477605852055663e-01	   3.0590232191546401e-01	   2.7164467277846316e-01	   4.3470867595053819e-01	   4.1918525747667323e-01	   1.4948437405441184e-01	   8.6213856613044793e-01	   3.2231059893355501e-01	   7.0307010619520560e-01	   5.2527088700769098e-01	   5.2310970200079709e-01	  -1.4843440207625944e-02	   2.5900114677118602e-01	  -7.5660456481126639e-02	   1.6465611243839740e-01	   2.3492489589091714e-01	   5.0568137396891277e-01	   2.8557471042605320e-01	   6.2857476974272464e-01	   4.0672057113182059e-01	   6.8716176495668113e-01	   4.8401211494283081e-01	   4.1489499522479972e-01	   5.0167769084619729e-01	   1.2817226923564362e-01	   2.0253012873451048e-01	   4.4920108478539900e-01	   4.0494928355306103e-01	   5.5354957694880147e-01	   2.5775816778972593e-01	   6.4096351495793114e-01	   1.3442759950135497e-01	   4.2582428243511161e-01	   2.7104021775006937e-01	   4.1022302017191492e-01	   2.1872348511131273e-01	   1.0430714399230231e-01	   1.3719946710099948e-01	   8.0326149063342400e-02	   5.8381993703972235e-01	   1.0720056296413663e-01	  -7.1897248770802794e-02	  -4.5852749934240399e-02	   6.9478200501005782e-02	   1.7284725007719445e-01	   1.7362933993203605e-01	  -2.8417428871033407e-01	  -4.6529330748195277e-02	  -3.4956201751663540e-01	  -1.1162604665793488e-01	  -4.1455423842131418e-02	   1.8835508523875272e-01	  -1.0699695253679919e-02	   4.3049126143749797e-02	  -1.0495580439019087e-01	   1.8283978070212514e-01	  -9.5518098463446249e-02	   4.5046250183659889e-02	   1.2980168653234872e-01	   1.7494608858818361e-01	   2.2744540201116609e-01	  -1.9318672665753783e-01	
   6.1622870953519071e-01	   5.3168352692646026e-01	   7.2826162561648766e-01	   5.2867964346980245e-01	   7.8245077954025155e-01	   4.8924601040186438e-01	   6.5589525070876253e-01	   5.0850264905574638e-01	   4.1116722808386130e-01	   4.1012288776109013e-01	   6.8456617373576201e-01	   0.0000000000000000e+00	   7.4183018432600689e-01	   7.4311966999573564e-01	   7.3332240357323641e-01	   6.5697904092355786e-01	   1.7495561539274732e-01	   4.9503301631937585e-02	   4.8587919069050012e-01	   4.7898802984775501e-01	   5.0396670577723324e-01	   6.3696194697437847e-01	   8.0296666390571914e-01	   7.5718614860815336e-01	   5.8528848384159082e-01	   6.2090267526546006e-01	   5.2481117926179011e-01	   5.4848956936344617e-01	   5.0448362673629887e-01	   7.6847279443547878e-01	   6.5647941873247440e-01	   5.4146408166101145e-01	   5.7428875209429620e-01	   5.4446255043431691e-01	   5.1026843639882280e-01	   4.7578704924378434e-01	   2.5697484521213665e-01	   5.5647073047531082e-01	   5.8874872843990267e-01	   5.5137269625246366e-01	   3.8627429463270996e-01	   5.6924922011093992e-01	   7.3487044145704372e-01	   7.3105801793563097e-01	   5.6209789413669786e-01	   8.1938780632579566e-01	   3.9047712495479137e-01	   6.3013598434508333e-01	   6.8116319257270896e-01	   7.4744733216310011e-01	   8.9526336814797847e-01	   8.5624250891555675e-01	   7.8520623310174975e-01	   7.4662269078646948e-01	   6.5803108201100202e-01	   7.7576240541298358e-01	   1.7596373736320564e-01	   5.9700145271555327e-01	   8.3482990054918593e-01	   6.8110870099175269e-01	   9.0605691795869303e-01	   8.3574154119000654e-01	   7.0290656365821502e-01	   6.9420893980902498e-01	   6.9493949869498040e-01	   5.4703143164118873e-01	   7.4618988613482629e-01	   5.1591969274649874e-01	   4.2127098405588637e-01	   4.5531552645054107e-01	   7.9614661229822592e-01	   7.0493172534106008e-01	   4.3457977411120563e-01	   2.7085275433844136e-01	   4.4075887207447534e-01	   7.5170159182481644e-01	   5.3980669926274816e-01	   6.5534545851160653e-01	  -5.7168576675441132e-02	   7.1486047244686934e-02	   6.1052875852455080e-01	   7.2328284504566420e-01	   6.0507279251205504e-01	   5.3773045432583166e-01	   7.8861020457664610e-01	   6.3342168031776647e-01	   5.3830523139122644e-01	   6.6623037311652711e-01	   6.1863485779728333e-01	   6.2560468117291523e-01	   5.1000423199970446e-01	   4.0871845888114988e-01	   5.0460333885145614e-01	   6.9891435297773352e-01	   5.4928388327496525e-01	   6.2468165821665333e-01	   3.2391195320590571e-01	   6.3320524839719305e-01	   4.3274646462867078e-01	   5.0772015179330521e-01	   5.7624890397420518e-02	   2.2110598395441827e-01	   7.4569344222426934e-02	   2.4540902042043172e-01	   3.0918812019499853e-01	   5.4378542075518232e-01	   3.5317207195615363e-01	   3.4337388528838791e-01	   1.1073595682525087e-02	   4.3152660597569331e-01	   2.0028581314864954e-01	   2.4842700757532094e-01	   3.4017717217228238e-01	   4.4337096513630403e-01	   6.9133616153308219e-01	   3.4663621948932200e-01	
   4.5998209912307703e-01	   1.9478779163917476e-01	   4.3640738002326662e-01	  -7.3483288057673343e-03	   6.4004811346135848e-01	   1.7322106610326676e-01	   5.6189033534866595e-01	   1.0083579356305383e-01	   5.8062656771664101e-01	   4.2740057386585872e-01	   8.7356438558689764e-01	   7.4183018432600689e-01	   0.0000000000000000e+00	   6.8110897276881599e-01	   8.5985020134785017e-01	   5.8018960100748218e-01	   4.2944385302416155e-01	   1.4079699351358491e-01	   3.6765691412988538e-01	   2.6525801282117062e-01	   3.1794662429668780e-01	   4.0018827928679268e-01	   6.3131990494207635e-01	   4.3974252792453555e-01	   2.5782428134609831e-01	   2.5072967613919261e-01	   3.1278021732970918e-01	   2.3381974439934683e-01	   7.9375160280556978e-01	   6.0647641224869375e-01	   3.6176275329975077e-01	   2.2077984242526377e-01	   4.2152199592747841e-01	   4.1263726478387991e-01	   4.2881394303814196e-01	   3.6361787316094790e-01	   4.0236600131375899e-01	   3.7633267838936141e-01	   4.1169705398925338e-01	   2.1200727638875622e-01	   4.2336816399093585e-01	   2.6812854693043103e-01	   6.8324141236893621e-01	   5.8590286334958175e-01	   4.6871544131398296e-01	   5.4006631459531029e-01	   3.1973101230326439e-01	   5.1921409389630058e-01	   5.7768334577452585e-01	   5.4740603826913936e-01	   5.8117468543570383e-01	   4.8652588410081110e-01	   4.2444979362454516e-01	   5.6859949421503897e-01	   1.3668317532572377e-01	   3.8497940103377959e-01	   6.0722692836259348e-02	   3.4447864355693397e-01	   5.2795033263104862e-01	   2.8409872685519499e-01	   8.7870549602019654e-01	   4.2714705924718388e-01	   7.0197222437820184e-01	   5.0905823809781103e-01	   6.0105397873643418e-01	   1.8018847864138621e-01	   4.2630370514944255e-01	   1.7737448669400679e-01	   2.4050734060380841e-01	   2.2845350732202863e-01	   6.5203928093603269e-01	   4.2918580150868568e-01	   5.4086229131379659e-01	   2.2092035793505749e-01	   5.6294207578464472e-01	   4.2090897525376941e-01	   5.1017530173686487e-01	   6.5444573404162587e-01	   1.4403535186630997e-01	   1.7180267087934395e-01	   5.6458078332243922e-01	   5.0271806880674841e-01	   6.6968534521607181e-01	   3.0505646075049342e-01	   6.9629796806202837e-01	   2.6944708916176857e-01	   3.2048935895452613e-01	   2.1615533867459524e-01	   4.2887531737092111e-01	   2.7690835072211961e-01	   2.3224811219524297e-01	   3.7284545637589783e-01	   2.4658660159680074e-01	   6.9882525800314799e-01	   3.2212839841368213e-01	   5.6993349841849276e-02	   2.3393974865187242e-01	   2.7987543825438799e-01	   2.9209798763405703e-01	   3.4886007999171292e-01	  -2.8940867262463349e-01	   2.3301928994807763e-02	  -2.4306266647873648e-01	   1.5380060542057417e-01	   2.6593271150007436e-01	   4.0390020245912611e-01	   3.1184830556103116e-01	   2.8397710720501973e-01	  -1.6193573581071724e-01	   4.7721711403101752e-01	   1.1593340336340614e-01	   1.6777410007996651e-01	   2.0036785186159997e-01	   2.6951722346477452e-01	   3.1832874856090121e-01	  -2.3771432197647002e-02	
