   0.0000000000000000e+00	   7.9718550813488875e-01	   8.4572269150510371e-01	   8.1997108923335427e-01	   6.6060252102145167e-01	   6.4117473568984940e-01	   8.0637481190437010e-01	   8.3780555884345098e-01	   4.4110124342324558e-01	   1.1111453961011697e-01	   8.3356961431834309e-01	   9.1065707560771680e-01	   7.8082476102118936e-01	   6.4943005607557391e-01	   7.7507336905105695e-01	   2.8605186325140153e-01	   8.6555886442414298e-01	   8.0519036905720853e-01	   8.5601925865137540e-01	   7.4218810252879686e-01	   4.7710120564588748e-01	   6.1850608720661515e-01	   8.2631475045893632e-01	   6.9796461044415969e-01	   6.1292340629048159e-01	   6.7344181508324674e-01	   7.0631139801756060e-01	   7.4433962565524447e-01	   7.8297564980733081e-01	   7.4403694005605026e-01	   8.9235702444086451e-01	   7.2721836831830144e-01	   9.2209264695038451e-01	   8.5916698527824398e-01	   5.6734620036087291e-01	   3.4205756536465171e-01	  -2.7195679487448088e-01	  -3.7551605563293883e-01	  -1.8771688323112154e-01	  -1.7622433360198861e-01	  -1.9069029036932594e-01	   2.4829822173022498e-01	   6.9689652390567125e-01	   5.0317289890870520e-01	   6.4935744404858065e-01	   7.9075838755054695e-01	   8.2379552288495916e-01	   7.5725271229124291e-01	   6.9474514181749558e-01	   6.8142151776178506e-01	   6.3590560942591967e-01	   4.9597388113917318e-01	   7.6480928868680575e-02	   5.5722962159495748e-01	   6.6255754831417546e-01	   8.3878007472270943e-01	   7.3248555696006656e-01	   8.8355043504072617e-01	   5.0678739207299750e-01	   6.8061168484533752e-01	   7.7970952206295585e-01	   5.1118535474953863e-01	   6.4295364355777318e-01	   7.4091450317670882e-01	   7.4713751890803792e-01	   5.7060278345194981e-01	   6.7845804652032737e-01	   7.7537139737194505e-01	   6.3225091043816140e-01	   5.8203376751691460e-01	   3.2422380193571021e-02	   4.2542341249225868e-01	   7.7377976623143696e-01	   6.8983374231074768e-01	   7.7667202494964815e-01	   6.4772466906545956e-01	   5.5058820010125631e-01	   4.4138360090473233e-01	   9.0673486785727153e-01	   7.0477971166099906e-01	   7.6799291466027075e-01	   7.4996553112313447e-01	   7.7152754568758630e-01	   4.5974803940853926e-01	   6.0362371680142823e-01	   3.5066671531688837e-01	  -4.8167945467622868e-02	   2.4298117767411737e-01	  -1.7679896548783929e-02	   8.6753265494275111e-01	   6.6301773046864676e-01	   7.7437241411262014e-01	   2.3585378949205216e-01	   5.5435400848249949e-01	   4.5463055325186363e-01	   4.1400249827707331e-01	   7.2553907777190174e-01	   7.5263558386106544e-01	   5.3922229927046972e-01	   8.7435547207956033e-01	   1.0257973368039534e-01	   6.3486832881421928e-01	   2.2274765264120938e-01	   6.0605632396058406e-01	  -4.0611464649270435e-01	   4.1939946467726824e-01	  -7.7013347077464545e-01	   1.2022875510129594e-02	   4.2306414805428377e-01	   7.1538706691952592e-01	   8.2829621944195031e-01	   9.5767454511920747e-01	   8.0802721727194959e-01	   6.2170148428600713e-01	   6.2466675970580576e-01	   3.6221878581341138e-01	
   7.9718550813488875e-01	   0.0000000000000000e+00	   6.4806823518388779e-01	   6.9176364565244519e-01	   6.2527036713694495e-01	   3.5236437081913552e-01	   3.9280619894588453e-01	   5.5006719310032648e-01	   3.6347445892585067e-01	   1.1842521589269864e-01	   4.8479534931702500e-01	   6.4770523186736284e-01	   3.9721139783782961e-01	   3.3918910341898223e-01	   5.8907994863334789e-01	   3.9950442441211570e-01	   6.3236010970054002e-01	   7.7390148495811706e-01	   6.8234576856955576e-01	   6.5711550867018809e-01	   4.4291154944620448e-01	   6.9402094498774247e-01	   5.6441953867614192e-01	   5.3461826975104465e-01	   6.1103451780517659e-01	   6.2239923654076190e-01	   6.4473361268634188e-01	   4.1307594283252552e-01	   5.2733843923883206e-01	   7.8792594654830461e-01	   5.6089722724883984e-01	   4.2536622815066205e-01	   7.4357514855301221e-01	   7.5503316480841898e-01	   3.2485501214513024e-01	   1.9798809234091150e-01	   1.9565927904248964e-01	   1.1406552656943138e-01	   2.1935466201773074e-01	   2.4616462176742165e-01	   1.9185262391858338e-01	   4.5577394095235557e-01	   7.5548444362153910e-01	   6.9691950819117809e-01	   6.6876238824854917e-01	   7.7197780413613337e-01	   7.2110776133043264e-01	   7.5712300822117984e-01	   7.4652564576269098e-01	   7.1196219756128221e-01	   5.9627516347932996e-01	   5.1523286353980868e-01	   3.5945763808042663e-01	   5.0158527315607815e-01	   8.3790833653154728e-01	   7.5651882968791606e-01	   7.8287038088156569e-01	   7.9722553981047772e-01	   3.7200871881778280e-01	   4.8970442360490790e-01	   3.1991055626186626e-01	   1.5949816038086240e-01	   2.8189713429267999e-01	   4.1548541092053448e-01	   4.9495211774244097e-01	   3.3648058228066813e-01	   4.9697271682469291e-01	   6.7618584490910572e-01	   5.9975654200245154e-01	   5.9257535862974486e-01	   2.3414146268253766e-01	   2.0717586225452739e-01	   6.1910486055685321e-01	   4.3232741770781363e-01	   5.1865204414835553e-01	   3.5489954727641854e-01	   4.8597578190989232e-01	   5.4689046074016634e-01	   6.6137628509087176e-01	   6.3155267112265789e-01	   5.3072516531032787e-01	   5.8280485564767470e-01	   7.1787898835823050e-01	   6.0496398338838309e-01	   5.1066737110316229e-01	   2.2970829817439803e-01	   1.2561197296389434e-01	   5.3107445739417480e-01	   3.2404473597838013e-01	   6.6151475644347446e-01	   4.8263327516812138e-01	   6.4803643818227807e-01	   1.3912918897591969e-01	   3.8168622046625422e-01	   1.4710335831015720e-01	   5.0062270438022605e-01	   6.4339060386982228e-01	   7.8167851542673916e-01	   5.3191497232674512e-01	   8.2789722845040647e-01	   1.7230158202892309e-01	   6.7136274883245695e-01	   1.9784923598017873e-01	   6.8183113999843936e-01	  -2.6971928053284445e-02	   6.1910789177391823e-01	  -4.4102388255484359e-01	  -2.4412739711562617e-02	   1.8368185466751635e-01	   4.8421725801650511e-01	   6.3288074513210091e-01	   8.1901148863704987e-01	   6.5660896341627040e-01	   7.6708321268793622e-01	   7.8405041970337452e-01	   5.0759407841301518e-01	
   8.4572269150510371e-01	   6.4806823518388779e-01	   0.0000000000000000e+00	   9.1547421792076977e-01	   8.8228466282848361e-01	   8.9635263136882526e-01	   8.4383389299706169e-01	   8.6664826352291868e-01	   7.1749794912119880e-01	   4.8398682889052758e-01	   8.1233256898953710e-01	   7.8751169720205205e-01	   8.2670312676439639e-01	   7.4855500476400350e-01	   8.9841505814655442e-01	   4.3224448335012478e-01	   7.2800533459822159e-01	   5.1091415033943355e-01	   9.8488817357516056e-01	   9.3191863039543521e-01	   7.1619620723347155e-01	   7.3523010889806639e-01	   9.1297212479473444e-01	   7.6426895050932475e-01	   8.7452538474142127e-01	   8.8603449256159139e-01	   8.7464495284453381e-01	   9.1178119585217643e-01	   6.1246946131253643e-01	   3.9951035723574346e-01	   8.9886036363305966e-01	   8.6106190646359582e-01	   9.4022745234115901e-01	   8.9991312018863701e-01	   6.8574326790660289e-01	   6.6160140993709760e-01	  -3.7598900442971106e-01	  -5.2991541990568680e-01	  -4.7436829834851635e-01	  -3.9136384120363243e-01	  -2.1177574739312049e-01	   2.8399712743257555e-01	   5.8352564885696323e-01	   1.9568641682682744e-01	   3.8378620518651685e-01	   5.8698590759156033e-01	   7.3706927737092998e-01	   5.0871426322564117e-01	   5.1890259713043063e-01	   4.8924202811973327e-01	   7.0891701347283442e-01	   4.0650682654556586e-01	   3.5540317846827485e-01	   7.5575093085168743e-01	   6.0264179119143968e-01	   6.8750509935440951e-01	   7.8881318688362567e-01	   9.1358254601490829e-01	   7.1310789926769969e-01	   7.7051626171846710e-01	   7.8821498369825427e-01	   2.9359635375970083e-01	   8.2566604427880752e-01	   5.4797214358122071e-01	   8.3554730389139376e-01	   3.6017774977992933e-01	   9.1038528591786494e-01	   8.9255075801513795e-01	   7.5839378618002029e-01	   7.8779966656504019e-01	   1.8848487717041496e-02	   6.9174429652333103e-01	   7.4994106252795700e-01	   7.5372247104529799e-01	   7.2406031032342411e-01	   7.1446233561871919e-01	   7.9606822236433450e-01	   6.7461491183397915e-01	   7.6840503984624697e-01	   3.3607931561178894e-01	   8.7102094792240115e-01	   5.7029113185499947e-01	   8.4763726508339499e-01	   2.1712444933143149e-01	   8.8913205996851574e-01	   6.1212207700084609e-01	  -8.1012264636172893e-02	   1.4211131430396096e-01	   1.9202136131108566e-01	   9.6531150246979136e-01	   8.7716698187626285e-01	   9.4681202584840163e-01	   5.4176590764973698e-01	   8.6051722394270413e-01	   1.7374458560411157e-01	   8.5720008311515328e-02	   4.6133515821767213e-01	   4.7410502024289425e-01	   1.9380707092251451e-01	   8.8469144283020040e-01	  -1.0030602898035756e-01	   7.3071174035328157e-01	  -2.4840763282481568e-01	   3.6211955146140618e-01	  -6.8909826602920043e-01	   1.0657869431533556e-01	  -7.4898071894073648e-01	  -7.4330518006835142e-02	   3.8316290377919349e-01	   8.4690620187756083e-01	   8.9823735850150832e-01	   8.6755278657825108e-01	   8.8319597537878103e-01	   3.8674760757886717e-01	   3.9482598954016523e-01	   1.8490032524709064e-02	
   8.1997108923335427e-01	   6.9176364565244519e-01	   9.1547421792076977e-01	   0.0000000000000000e+00	   7.3403903632499468e-01	   8.7946152409030309e-01	   7.3681788288767447e-01	   8.8776520705011897e-01	   5.4030219566144166e-01	   2.7330848512816186e-01	   8.3059333807860058e-01	   8.3749592945657692e-01	   8.0329079544480964e-01	   8.4892757790422158e-01	   7.7960318698798714e-01	   1.7776739552659110e-01	   6.4043335849931005e-01	   5.0927175240839406e-01	   9.1888361856765921e-01	   9.3282519686272580e-01	   5.4810420549715033e-01	   8.2422172462441357e-01	   9.2988110692919412e-01	   8.9630955565527937e-01	   7.7133525814977655e-01	   9.1192578998300644e-01	   8.0704166620980033e-01	   8.9368905713006730e-01	   5.7520714274661633e-01	   4.4141278366310366e-01	   8.8759342007000464e-01	   9.2876203056586459e-01	   9.1923495379862263e-01	   9.7246167485588253e-01	   7.7997442560555563e-01	   6.2840327800793250e-01	  -4.3576223881717790e-01	  -4.9973437959238121e-01	  -4.0221852956941828e-01	  -3.8191315185664898e-01	  -2.7516765129819443e-01	   1.1047862198790175e-01	   7.0561879289541851e-01	   3.1793682044834420e-01	   3.4020910914862329e-01	   6.6626051229075578e-01	   8.3036150002548126e-01	   6.1110108827137954e-01	   6.4730641574046210e-01	   6.5011811993275381e-01	   8.2328410164039034e-01	   5.6434624720149629e-01	   4.7082483393232505e-01	   8.4446970581090164e-01	   6.5719030887031871e-01	   6.9018473902446265e-01	   6.6351430897279995e-01	   8.2543246416754457e-01	   6.2987592882152066e-01	   9.2246766325401275e-01	   6.9434963783977133e-01	   4.2604711567414355e-01	   7.6911395052736531e-01	   6.1284008477541985e-01	   7.5829028034833412e-01	   4.4777738259514233e-01	   7.4391029962524202e-01	   8.5171198327829400e-01	   5.8535368018314327e-01	   6.4755228293058620e-01	   2.8869225909845070e-01	   5.2314413218391842e-01	   8.5460555840881525e-01	   8.2490091057159298e-01	   8.7453207685060463e-01	   7.5625966359368024e-01	   6.7073865910456076e-01	   5.7028761270309025e-01	   6.7988330662725383e-01	   4.0572677975534521e-01	   8.1283884638240211e-01	   7.0560700642588337e-01	   7.3097383474901867e-01	   1.1880138666901366e-01	   8.8044411352025820e-01	   7.7192878467615100e-01	  -1.6870011583328820e-01	  -5.7479403160432593e-03	   1.7992987133731778e-01	   8.6121851585936071e-01	   6.4842220209912604e-01	   7.9290051148614538e-01	   2.1856674534554860e-01	   7.0382281178343498e-01	   2.1269401714576891e-01	   2.8013913759247244e-01	   5.4676656425913017e-01	   5.2084845803909019e-01	   2.0206567837814041e-01	   8.2541385820086688e-01	   1.6305714711353286e-01	   6.0409097005439516e-01	  -2.3197354770877013e-01	   3.5075938863871869e-01	  -5.0564950812601839e-01	   1.6452164104984521e-01	  -6.4115739526314797e-01	  -7.9566461134630326e-02	   3.1298923700020520e-01	   7.2072766286021439e-01	   8.3558857836257194e-01	   8.3264050301474057e-01	   7.7959892408681375e-01	   3.6714438295500296e-01	   5.0028445993461779e-01	   6.1615809246157630e-02	
   6.6060252102145167e-01	   6.2527036713694495e-01	   8.8228466282848361e-01	   7.3403903632499468e-01	   0.0000000000000000e+00	   7.6385082258789805e-01	   6.0905808978911202e-01	   6.1931247170544124e-01	   8.4779923797196022e-01	   6.2949007205568885e-01	   5.4429476522833853e-01	   5.7115161604795694e-01	   5.7674348168044054e-01	   4.9574025975411534e-01	   8.7170188196816922e-01	   6.0009675237532634e-01	   6.1739247747062254e-01	   3.9482064290864100e-01	   8.6706929180280079e-01	   8.1507715672472481e-01	   8.4562912873093077e-01	   7.6404903494952681e-01	   6.8312577662203644e-01	   4.8028979444166087e-01	   8.8658815926336143e-01	   7.7467374893524421e-01	   8.4830408057181106e-01	   7.1027043379763000e-01	   4.5436883780320314e-01	   3.4578147934665948e-01	   6.6541189414335333e-01	   6.1250690892049264e-01	   7.7470269383473067e-01	   7.4501992288759444e-01	   3.6569864009542341e-01	   5.9665675793302664e-01	  -1.0779464643299999e-01	  -3.0050424607528270e-01	  -4.3001006127936281e-01	  -1.9989273661568158e-01	  -1.8948136301435992e-02	   4.1396215554569654e-01	   3.8804415848726775e-01	   7.5671879591319713e-02	   2.5071332048128492e-01	   3.7917843583963090e-01	   4.9930761377574195e-01	   3.1982986551159265e-01	   3.2619310117342415e-01	   3.0708027129116466e-01	   5.4065502576015367e-01	   2.0738201740862522e-01	   4.3289237205477893e-01	   6.2470075543201287e-01	   4.7339002138390418e-01	   5.5089975846784567e-01	   8.3778592161835763e-01	   8.7359158683601001e-01	   7.4319251640411244e-01	   5.6413971350241054e-01	   5.6329799382825629e-01	  -5.7255622181198063e-02	   6.5167396984861781e-01	   2.5369174344619067e-01	   5.8664020598938005e-01	   1.5868899798148279e-02	   8.7632440694326219e-01	   7.9055355900835722e-01	   7.8851831032833020e-01	   8.2172513900547339e-01	  -4.7520706857942172e-02	   7.2198853469090074e-01	   4.9633231205989770e-01	   5.6775761663722757e-01	   4.3582124458471261e-01	   5.5359882452874709e-01	   8.7387783336969460e-01	   8.5515412909034949e-01	   5.7894687578703286e-01	   1.4421820941554103e-01	   7.5557248783157127e-01	   2.8983880332109813e-01	   8.8458050947958577e-01	   3.2352319193078682e-01	   8.1887394898375920e-01	   4.6504449280353155e-01	   2.6007121021408307e-02	   3.5956901207274378e-01	   3.2453756859910821e-01	   8.5040956180221161e-01	   8.8628054584939941e-01	   9.0795939793655855e-01	   7.4596033024931740e-01	   8.8391533478649809e-01	  -1.5796968552035442e-01	  -1.7013336667958071e-01	   1.8295057563160894e-01	   2.9523061875076473e-01	  -1.9688612303758814e-02	   7.9031327278008312e-01	  -1.4687683886859698e-01	   7.2734613253436908e-01	  -3.9664975719506601e-01	   2.1928569447516272e-01	  -6.7480921371256208e-01	   2.0785330680110563e-02	  -5.3085559236247359e-01	   1.8453275524781522e-02	   2.2385416050797091e-01	   7.5362638236185076e-01	   7.6771138140849093e-01	   6.9099985506763051e-01	   7.4730718017098330e-01	   2.7543378827135101e-01	   2.3429827909088227e-01	  -8.5388929495698415e-02	
   6.4117473568984940e-01	   3.5236437081913552e-01	   8.9635263136882526e-01	   8.7946152409030309e-01	   7.6385082258789805e-01	   0.0000000000000000e+00	   7.9169000727937844e-01	   8.3006656840961091e-01	   6.7606416913091205e-01	   4.4215857913058509e-01	   7.8904441798642844e-01	   7.0555771778286713e-01	   8.4137162429059920e-01	   8.6350692752699798e-01	   7.8184949251229474e-01	   1.7591370183099964e-01	   5.3776163000804589e-01	   2.1599125577484629e-01	   8.7546159265990631e-01	   8.7513056404643952e-01	   6.3660132635625777e-01	   6.7880918941890445e-01	   8.8509743161544741e-01	   7.6669311333948920e-01	   7.4915886703976065e-01	   8.4444059549773987e-01	   7.4913353238117719e-01	   9.4399074301794550e-01	   4.5801688217744041e-01	   1.0736595289232595e-01	   8.5506956518016808e-01	   9.2772540537369252e-01	   8.0464438917937364e-01	   8.1123998648390738e-01	   7.3741518258171368e-01	   7.5298370730766262e-01	  -5.8648493892656695e-01	  -7.1423664308472579e-01	  -6.9723353078771455e-01	  -6.2062292197512725e-01	  -4.0151651847122993e-01	   1.8588759786337674e-03	   3.9370266374249807e-01	  -7.8218647644843875e-02	   5.2608480225465395e-02	   3.6912739186642307e-01	   5.9194604717028332e-01	   2.9560075102438510e-01	   3.3446793540199476e-01	   3.6458918401982832e-01	   6.7345780380126274e-01	   3.5939736721158810e-01	   4.1018422197867616e-01	   7.9668330363944961e-01	   3.4911395125010491e-01	   4.9460376856326727e-01	   5.5233302386058325e-01	   7.2255407283235829e-01	   7.2260446349355090e-01	   8.6614378026258509e-01	   7.8774614356957007e-01	   3.7973124786715201e-01	   8.9012939524921364e-01	   5.2425778619896191e-01	   7.3859295647375012e-01	   3.1077615358331945e-01	   8.1594029995885653e-01	   7.6809114416678470e-01	   5.6135277056785160e-01	   6.3369342166636788e-01	   1.0127102185918210e-01	   7.0394493902821542e-01	   7.1824849689376369e-01	   8.1744378411344898e-01	   7.6721165081266374e-01	   8.0446151005885624e-01	   7.2213520804852871e-01	   5.8260255267207861e-01	   5.5255679743730524e-01	   1.2003548553059290e-01	   8.0828512089237925e-01	   4.8926247288396374e-01	   6.6065169272875468e-01	  -1.3706919721706412e-01	   8.8729633696674726e-01	   8.0922388346116048e-01	  -2.1377438325763362e-01	  -2.0608922083979980e-01	   6.7385994822244791e-02	   8.4208958834147951e-01	   7.3650447429494659e-01	   7.7817989195743986e-01	   4.5312472404185794e-01	   8.3074290568649478e-01	   1.1997582859782085e-01	  -4.5765583839404184e-02	   2.4291088216280743e-01	   2.0860046575353899e-01	  -9.2362895498217454e-02	   6.6879892218325887e-01	  -5.6132472864451166e-02	   4.9096527718515892e-01	  -4.6703221874804279e-01	   5.7189507502879683e-02	  -7.6784000617491244e-01	  -1.5937608894127983e-01	  -6.1381885802923075e-01	  -1.5207690885767440e-02	   3.6793981389130370e-01	   7.5381858805917568e-01	   7.5927861490165838e-01	   6.3719330916298056e-01	   7.2296095851005759e-01	   3.8789435495339301e-02	   1.2782859063537580e-01	  -2.1248298539398697e-01	
   8.0637481190437010e-01	   3.9280619894588453e-01	   8.4383389299706169e-01	   7.3681788288767447e-01	   6.0905808978911202e-01	   7.9169000727937844e-01	   0.0000000000000000e+00	   9.0981630633500865e-01	   5.3760915898460260e-01	   1.9325858771121232e-01	   9.2595246862065406e-01	   8.3957131465724588e-01	   9.5602223993918634e-01	   7.6246056794409489e-01	   7.9591775607911819e-01	   2.5246297225432945e-01	   7.9258359238899367e-01	   5.3443208224739625e-01	   8.0870457683067465e-01	   7.2143213831404762e-01	   3.7766887255385839e-01	   3.8244392853503295e-01	   9.0004649378195078e-01	   7.1579765202218859e-01	   6.2202462552821702e-01	   6.8660131667608437e-01	   6.0551487287525496e-01	   8.1678600739549712e-01	   7.2604671325011283e-01	   4.0788536245112172e-01	   9.1912698402640491e-01	   8.2021863856773281e-01	   7.9062145216933577e-01	   7.0602845856400420e-01	   6.4888224182071785e-01	   3.6904884634217378e-01	  -5.5419626022488533e-01	  -7.7631481273343173e-01	  -4.5428068358588958e-01	  -6.1307122377383028e-01	  -4.5839962216601049e-01	  -1.6323839896290514e-02	   5.4853320447713683e-01	   2.1182944944680099e-01	   4.5312084095158212e-01	   6.0759324567602302e-01	   7.1622216093374469e-01	   4.8990885004381685e-01	   4.9141199960547421e-01	   5.0504972715409291e-01	   5.7120616862102747e-01	   4.7255599006341076e-01	   2.8212226900219087e-02	   6.1241193458110277e-01	   4.2067000762519335e-01	   5.4755621552213363e-01	   5.0184036679704513e-01	   7.5996632363516847e-01	   4.6179249404699901e-01	   7.0084805728661448e-01	   9.0563928276535166e-01	   6.1532212391706331e-01	   9.0100324701811707e-01	   7.8355213495404719e-01	   9.0881660659647479e-01	   6.5157856421428773e-01	   7.2953237518640668e-01	   6.9054966328997758e-01	   5.0160372829379285e-01	   5.0292906065752407e-01	   7.9839082216181263e-03	   6.0424513239330646e-01	   6.9800250545503362e-01	   7.4924920078578172e-01	   7.4435940569902348e-01	   7.2152645907796520e-01	   4.4831775630580167e-01	   2.7524651151783136e-01	   8.7756874978416977e-01	   5.2023630684553179e-01	   8.4139562252551880e-01	   6.8112288138932520e-01	   6.1805782740788162e-01	   1.2939114767298826e-01	   6.5679821924539616e-01	   4.5464981512630831e-01	  -2.3207625399704460e-01	  -1.5227626661987076e-01	  -1.8897305250538152e-01	   8.7539706523921434e-01	   7.1794326059849523e-01	   7.5279300348909206e-01	   3.6454277041315375e-01	   6.2957437097367352e-01	   4.9330436600577232e-01	   1.0900098885347864e-01	   5.9554123658877378e-01	   4.3034486437789504e-01	   3.8364792708521989e-01	   6.8106158201359834e-01	  -1.1690882225840833e-01	   5.6966517426196073e-01	  -6.3007081510962626e-02	   3.6150533168608823e-01	  -7.0539971169664439e-01	   4.4891584166940598e-02	  -8.9578871733342169e-01	  -2.0442373301686262e-01	   3.4410084080335768e-01	   6.6638973856449457e-01	   7.3324476193292254e-01	   7.7486082317204308e-01	   7.5415430593695532e-01	   3.5729796342439923e-01	   2.5530603919700057e-01	   1.4874386410373006e-01	
   8.3780555884345098e-01	   5.5006719310032648e-01	   8.6664826352291868e-01	   8.8776520705011897e-01	   6.1931247170544124e-01	   8.3006656840961091e-01	   9.0981630633500865e-01	   0.0000000000000000e+00	   4.3373310720280073e-01	   9.8958557760080973e-02	   9.4942346233458152e-01	   9.3377393653778984e-01	   9.3574029862290498e-01	   8.2988349042700016e-01	   7.1899498349710311e-01	   5.6012980629099290e-02	   7.3400811608932715e-01	   5.3913805459333020e-01	   8.5742262025716809e-01	   8.5061647024935438e-01	   3.6413260186867469e-01	   5.6500331927895386e-01	   9.6512461927864179e-01	   8.5920123308402085e-01	   6.3601611402537894e-01	   7.8298401390887984e-01	   6.1506278663153036e-01	   8.5844648299053083e-01	   6.9106026698081191e-01	   4.8522045809382430e-01	   9.5961590861653678e-01	   9.1825236938288901e-01	   8.7736127581237300e-01	   8.5564452821435522e-01	   7.3137640506515256e-01	   4.4413886103134315e-01	  -5.0166138691879714e-01	  -6.7412409180334254e-01	  -4.4373967951010662e-01	  -5.5982976607590729e-01	  -4.8709696845918327e-01	   2.8488485296530629e-03	   7.0148889747010035e-01	   3.2843577895051485e-01	   4.4884848270806804e-01	   7.2213603511457247e-01	   8.0022649073799124e-01	   6.1095819170875343e-01	   6.6793984858701405e-01	   7.0442011517904790e-01	   7.4601312388997043e-01	   6.2198676380735674e-01	   2.6091752413472002e-01	   7.5162606716911684e-01	   5.7347921409754987e-01	   6.3820050996665256e-01	   5.7800699319886506e-01	   8.2255410382289296e-01	   5.7034079449507025e-01	   8.6343392115032469e-01	   8.4568456382179147e-01	   6.3379449891727524e-01	   8.5023028830030256e-01	   8.1484547213844682e-01	   8.5443125451798785e-01	   6.0697282653536255e-01	   7.3303108428968722e-01	   7.7905275323256595e-01	   5.3190992084165467e-01	   5.3858981079064350e-01	   2.6745355728892317e-01	   5.5751412761972896e-01	   8.4377405027967156e-01	   8.9009079219035103e-01	   8.9143736907279347e-01	   7.4227224807965975e-01	   5.1523725127872488e-01	   3.8323110980739833e-01	   8.1533863535612183e-01	   5.6521683254358868e-01	   8.0522261367659709e-01	   7.1698020194413703e-01	   5.9372888564037440e-01	   4.0804513362228553e-02	   7.6027275678116646e-01	   6.2878070614241321e-01	  -3.1857908957510672e-01	  -1.9796098248159541e-01	  -1.5630916355367308e-01	   8.7863947834540623e-01	   6.7133491619273045e-01	   7.3759988093374484e-01	   2.1673747173426822e-01	   6.2844959511584597e-01	   4.2442053775655797e-01	   2.8760791877562225e-01	   6.1165448600158534e-01	   4.9153422413754788e-01	   3.4516904220283340e-01	   7.3377791019074956e-01	  -7.0881677489936243e-03	   5.1861800924365475e-01	  -1.1902172390340157e-01	   3.5667403046040702e-01	  -6.2886318415224685e-01	   8.6808778845934104e-02	  -8.0395066294367756e-01	  -1.3540066819559046e-01	   3.3258087339612930e-01	   6.3486652723670511e-01	   7.4697012716284561e-01	   8.1190128890317070e-01	   8.1238591005770888e-01	   3.8534569409346270e-01	   3.6322854721022424e-01	   1.5533623033546856e-01	
   4.4110124342324558e-01	   3.6347445892585067e-01	   7.1749794912119880e-01	   5.4030219566144166e-01	   8.4779923797196022e-01	   6.7606416913091205e-01	   5.3760915898460260e-01	   4.3373310720280073e-01	   0.0000000000000000e+00	   7.9677691094675451e-01	   4.8453545538087972e-01	   3.6752968001714537e-01	   5.5427529601429837e-01	   3.9616212758269420e-01	   8.1061993087797091e-01	   6.8580804166479026e-01	   5.9254570490387759e-01	   3.2302928432595007e-01	   6.7678383037103096e-01	   6.0165259040711927e-01	   6.6325751527208399e-01	   5.5859365852188025e-01	   5.2358337209911276e-01	   2.7123244820214665e-01	   8.1305779799811306e-01	   6.6929154676467539e-01	   7.2329188313447068e-01	   5.8748084197955897e-01	   4.7089727498777867e-01	   1.8270378446922497e-01	   5.1618862711981217e-01	   4.7877800755278083e-01	   5.0088551829570438e-01	   5.6956106706941712e-01	   1.9375995807927041e-01	   4.5704296388919952e-01	  -1.9994274707723705e-01	  -4.6151573628555104e-01	  -4.0120251193696838e-01	  -3.7332536623579610e-01	  -2.0796713208287465e-02	   1.8530906357677707e-01	   1.4937638365415093e-01	  -1.5866873775830695e-01	  -6.0650512877313068e-03	   8.2440233309336142e-02	   2.9486867234405700e-01	  -1.7862725129842525e-02	  -1.5108134378824301e-02	  -1.2452786073397988e-02	   2.4080046373016012e-01	   1.8671540091504128e-02	   2.7799117877923701e-01	   5.4110379807339448e-01	   1.7318938439464621e-01	   1.6283111715803966e-01	   5.3031850996658148e-01	   6.7819224700992775e-01	   4.7332610961257954e-01	   3.9076306801854555e-01	   4.1232993339507606e-01	  -8.1231955327347505e-02	   7.0634670561111679e-01	   1.5446519171770953e-01	   5.4373107948404331e-01	   5.0838431099186975e-02	   6.5008497514739205e-01	   4.7281694514768169e-01	   4.4123511949500194e-01	   5.3486540200293009e-01	   5.1174457785093655e-03	   6.7554322853538440e-01	   3.5944792290702465e-01	   4.7166838098011021e-01	   2.7484932828822561e-01	   4.7871583710091792e-01	   6.7233793910822759e-01	   7.0542901384527834e-01	   4.9895778652073902e-01	   1.4827675462995859e-02	   7.9841758778218230e-01	   2.6227801837553755e-01	   7.6616095144976315e-01	   1.7549682835387548e-01	   7.1462060748492295e-01	   3.7241897450468847e-01	  -1.6240892691660902e-01	   2.0703657089818017e-01	   2.2288268633296068e-01	   6.4188970348222929e-01	   6.8426360063394120e-01	   7.1619762336163229e-01	   6.7587034555543768e-01	   7.9654608550975348e-01	  -1.7984531897834316e-01	  -4.6229221038654666e-01	   6.3873402733591989e-02	  -3.3594778805712308e-02	  -1.8812999281935891e-01	   5.4577621958878431e-01	  -3.6292353976926900e-02	   6.4801092991478937e-01	  -4.7153907531904127e-01	   1.6060267584946386e-02	  -6.4504454161192992e-01	  -1.9077821383154239e-01	  -3.6262867538725896e-01	  -1.0162229644148960e-01	   1.5147552759789826e-02	   4.9000039137564927e-01	   5.0344965830365207e-01	   4.1900749037138635e-01	   4.4452843018223331e-01	   2.0264982204732749e-02	  -4.6245001195844529e-02	  -2.0866059405480181e-01	
   1.1111453961011697e-01	   1.1842521589269864e-01	   4.8398682889052758e-01	   2.7330848512816186e-01	   6.2949007205568885e-01	   4.4215857913058509e-01	   1.9325858771121232e-01	   9.8958557760080973e-02	   7.9677691094675451e-01	   0.0000000000000000e+00	   1.2014865727695366e-01	  -5.5502093068826169e-02	   1.8968728363482251e-01	   6.3255121799933367e-02	   4.7103858535352483e-01	   6.8664085010147180e-01	   2.2771189853401508e-01	   1.0810870247101647e-02	   4.7121772196352868e-01	   3.8265975570874339e-01	   6.6602127014648183e-01	   3.5929941718671077e-01	   1.7943841513997447e-01	  -1.9914866581776068e-02	   6.6874576258546492e-01	   4.3702625790662841e-01	   5.4230779486014735e-01	   3.9382443219445457e-01	   1.4431161766021949e-01	  -1.8365399381012371e-01	   1.9001487102227727e-01	   1.9644824545915113e-01	   2.4960419946609647e-01	   2.8726516706054539e-01	   6.2112944935693457e-02	   6.0378074907504820e-01	   2.9307518099038754e-02	  -1.6545170768999040e-01	  -3.4470326330429435e-01	  -1.5667598565922725e-01	   2.6669848294348930e-01	   4.6492067353962063e-01	  -1.7530685699422643e-01	  -4.4394085300225666e-01	  -2.4657160475351012e-01	  -2.6364321961171616e-01	  -6.8141927138617803e-02	  -3.1249422999697862e-01	  -3.4168402199603032e-01	  -4.0498828271017023e-01	  -3.1498538122301710e-02	  -3.0730070772446283e-01	   2.1586576158116849e-01	   3.0482496572853490e-01	  -4.9125817248801638e-03	  -3.2260712618357987e-02	   4.3578299108876872e-01	   3.9117140193218342e-01	   4.7682980828490162e-01	   6.7864467765063136e-02	   1.4050502607500712e-01	  -3.9523632527155333e-01	   3.5422051691388834e-01	  -2.6056754894054934e-01	   2.9708598158557331e-01	  -2.6904440422433068e-01	   5.5435105420047959e-01	   2.8689317469525100e-01	   3.8681853628306945e-01	   4.4152883700195866e-01	  -1.9133648466320785e-01	   4.8382058226056296e-01	   9.3639181402643254e-02	   1.6991223518442006e-01	  -7.5288486009533861e-02	   1.1932830542210407e-01	   6.9288355184590422e-01	   6.7800894149051449e-01	   1.2692584823756223e-01	  -4.0866477041219701e-01	   4.6918561071696896e-01	  -1.5164347191853794e-01	   5.7186701195293210e-01	  -6.6667578480937894e-03	   5.1875815355666988e-01	   2.2463852904397413e-01	  -6.5367816995064248e-02	   2.7045549084299175e-01	   3.1870116386123248e-01	   3.5597148161303649e-01	   5.9909135799409063e-01	   5.4936871516903107e-01	   7.2028879838620785e-01	   7.4542894964388307e-01	  -4.0117252993990155e-01	  -5.9455819313725322e-01	  -3.0316580432816220e-01	  -2.6551815638853254e-01	  -4.3099742568242444e-01	   3.5627213979718231e-01	  -2.2837732535338767e-01	   5.1300837027450097e-01	  -4.7803200708581517e-01	  -1.4272746295660096e-01	  -4.7914955185586183e-01	  -2.7558161192957592e-01	  -1.9641421775649901e-02	   9.2636035576356954e-02	   1.0449745556869791e-01	   3.9375353393813145e-01	   3.3012849546164796e-01	   1.3849977933055230e-01	   3.1450095809634487e-01	  -1.8880735824953715e-01	  -2.0170659041420214e-01	  -4.3129043969647107e-01	
   8.3356961431834309e-01	   4.8479534931702500e-01	   8.1233256898953710e-01	   8.3059333807860058e-01	   5.4429476522833853e-01	   7.8904441798642844e-01	   9.2595246862065406e-01	   9.4942346233458152e-01	   4.8453545538087972e-01	   1.2014865727695366e-01	   0.0000000000000000e+00	   9.2338463626480216e-01	   9.7258364098606487e-01	   8.0993428622639274e-01	   7.3553437442195391e-01	   9.9548212490181365e-02	   8.3598330523958364e-01	   6.4642253618718071e-01	   7.8924771970745455e-01	   7.2559105351854003e-01	   2.5362373070661481e-01	   5.1032334806808399e-01	   9.1050792631175137e-01	   7.7885032045105773e-01	   5.8870211075516865e-01	   7.2830388147708647e-01	   5.9268247044792166e-01	   8.3761398403423881e-01	   8.3364072304827408e-01	   5.4094728383603119e-01	   9.3859961149401627e-01	   8.7306893537305807e-01	   7.8552998154830034e-01	   8.1560226793885526e-01	   6.5700454909575490e-01	   3.2680391228260325e-01	  -5.6383926990542121e-01	  -7.5163961854215577e-01	  -4.1408613097191560e-01	  -6.1917627293821298e-01	  -4.8953298647812959e-01	  -7.3662122348162398e-02	   6.4423135470296289e-01	   2.9721941233956733e-01	   4.1821080464832239e-01	   6.6372623389878571e-01	   7.9039122241180892e-01	   5.3381967899691929e-01	   5.4559465197622870e-01	   5.9777979672213433e-01	   5.9309606829038675e-01	   5.2340759643561807e-01	   7.7898936916965145e-02	   6.7986291993173886e-01	   4.4406001830543557e-01	   5.1896508956729059e-01	   4.4140212135291190e-01	   7.6960170042524467e-01	   4.2540236901735073e-01	   8.2044142013028354e-01	   8.2572296711659332e-01	   7.0136960693804418e-01	   8.8384744432401707e-01	   8.4364209135799428e-01	   8.5870058608136524e-01	   7.0857828094651776e-01	   6.0817215030448168e-01	   6.4039693465096525e-01	   3.5121415085248381e-01	   3.6987392289143994e-01	   3.0482862830961494e-01	   5.1940659697579061e-01	   7.9204251820517857e-01	   8.6425801897899301e-01	   8.5854012657297862e-01	   7.2971948895868399e-01	   4.1297534474565539e-01	   2.8041355991434147e-01	   8.7252144819292687e-01	   6.0191051511816629e-01	   8.8462756175323887e-01	   8.1024956471403597e-01	   6.0096242072129991e-01	   7.7032925611400446e-02	   6.8524251784869294e-01	   5.4301741817720450e-01	  -4.5383709475061490e-01	  -2.5837740895730466e-01	  -2.4414117513777045e-01	   8.0166462871459376e-01	   5.6283449521439732e-01	   6.5918128934742337e-01	   1.2775520983401906e-01	   5.7160092702450183e-01	   4.8311578514191061e-01	   1.8615044768180058e-01	   6.3723932003013672e-01	   4.1695243358199341e-01	   3.5845557757897689e-01	   6.7137639979439478e-01	   1.4818971948531370e-01	   5.1574473789521202e-01	  -7.2758722153771382e-02	   3.1917106434436981e-01	  -6.0555719909641770e-01	   3.3110985412151850e-02	  -7.6625552938707986e-01	  -1.7700513369556414e-01	   2.4663218020745981e-01	   5.2439219228210232e-01	   6.8030197258471026e-01	   7.6683793261772426e-01	   6.8283269802221036e-01	   3.0891084401798274e-01	   2.9809450121917486e-01	   1.1817961268266725e-01	
   9.1065707560771680e-01	   6.4770523186736284e-01	   7.8751169720205205e-01	   8.3749592945657692e-01	   5.7115161604795694e-01	   7.0555771778286713e-01	   8.3957131465724588e-01	   9.3377393653778984e-01	   3.6752968001714537e-01	  -5.5502093068826169e-02	   9.2338463626480216e-01	   0.0000000000000000e+00	   8.8152206630248853e-01	   7.8754717930046869e-01	   6.9693405132340569e-01	   1.2136505518017690e-02	   8.2702177903006380e-01	   6.9175524951102874e-01	   7.8455769789102370e-01	   7.4891134654041558e-01	   3.1869327586885932e-01	   6.0241009862142814e-01	   8.9137310238699863e-01	   7.7823716676295129e-01	   5.3147226724971197e-01	   6.8214960854558004e-01	   5.7585935901251473e-01	   7.6154912590243773e-01	   7.7591772970370654e-01	   6.9386850895108987e-01	   9.3326773138753993e-01	   8.1965193067598230e-01	   8.5930369978967613e-01	   8.5989035023587723e-01	   5.7129100703755153e-01	   2.7379191304459183e-01	  -4.4342416147976177e-01	  -5.5768726524607559e-01	  -3.4477847605752932e-01	  -4.0632737013473164e-01	  -4.6288243908975846e-01	  -2.2514592847908660e-02	   7.0353579097281371e-01	   4.4505825712346009e-01	   5.1558905194846649e-01	   7.6559412630192047e-01	   8.1111375379234585e-01	   7.0530588543419048e-01	   7.0654394175510071e-01	   7.6510797027031030e-01	   6.9079604484143520e-01	   6.0307042012814149e-01	   1.4151366358362089e-01	   6.4669419479307388e-01	   5.4951082813049212e-01	   7.0907259143733836e-01	   5.7182921593207614e-01	   8.2446639361849561e-01	   4.9355258180931028e-01	   8.2028307981564552e-01	   8.1419535613936800e-01	   6.6392618053559738e-01	   7.5566874301301934e-01	   8.6352110576192809e-01	   7.2263562078005328e-01	   6.1685673746358960e-01	   5.9872005687984631e-01	   7.0125457245488110e-01	   4.7376333000409843e-01	   4.4207077116829141e-01	   2.6217940126796974e-01	   4.5099444301744518e-01	   8.2894256789304865e-01	   8.6660481277428314e-01	   8.9749814179251952e-01	   7.6420956509167759e-01	   4.5169173782195560e-01	   3.7061563787884305e-01	   8.5070532010431832e-01	   7.2338935287992623e-01	   7.7038393424503737e-01	   7.7987472057462615e-01	   6.2248437923004651e-01	   2.1399671851581009e-01	   6.3109630040102416e-01	   5.0215327989660241e-01	  -2.9056193070775860e-01	  -7.5175678878611985e-02	  -2.2895971658701714e-01	   8.1175018103682373e-01	   5.5577878827477756e-01	   6.5350000990418478e-01	   1.0921918853043004e-01	   5.1001235849075843e-01	   4.5179035496625936e-01	   3.8657338557337834e-01	   6.8183615589468671e-01	   5.9826017272472187e-01	   4.1730776631014171e-01	   7.2659774101002472e-01	   1.7455867413543380e-01	   4.7083501970328745e-01	   4.9642270396306157e-02	   4.2692253094688959e-01	  -5.0809960275834332e-01	   2.1841200034633704e-01	  -7.3431228506040136e-01	  -4.2429340391907877e-02	   3.0913264793166523e-01	   5.7893542908604456e-01	   7.2083796074245110e-01	   8.3546032824815875e-01	   7.2981320896369561e-01	   4.4413854913029094e-01	   4.5300752595353777e-01	   2.6837005969229016e-01	
   7.8082476102118936e-01	   3.9721139783782961e-01	   8.2670312676439639e-01	   8.0329079544480964e-01	   5.7674348168044054e-01	   8.4137162429059920e-01	   9.5602223993918634e-01	   9.3574029862290498e-01	   5.5427529601429837e-01	   1.8968728363482251e-01	   9.7258364098606487e-01	   8.8152206630248853e-01	   0.0000000000000000e+00	   8.3735237117182937e-01	   7.5436732718295230e-01	   1.3147460604527267e-01	   7.9674834037204545e-01	   5.2708154248901695e-01	   8.0206734935600532e-01	   7.4994411389728688e-01	   3.2234721793692178e-01	   4.5957045575109690e-01	   9.2092657910491371e-01	   7.5350096011456003e-01	   6.0826481502025886e-01	   7.3093767080321581e-01	   5.7767745949275728e-01	   8.3800777231454726e-01	   7.5481656438505906e-01	   4.1256929184364816e-01	   9.4099315921843585e-01	   8.7740393425565344e-01	   7.7308610910013031e-01	   7.7816506140191888e-01	   6.4075383026807975e-01	   3.8945738666696811e-01	  -6.1790735496004701e-01	  -8.2346940945176628e-01	  -4.9458306273102848e-01	  -6.8768507044269489e-01	  -5.3596201328849413e-01	  -1.1754394063284024e-01	   5.4071471111682379e-01	   1.6439239223775012e-01	   3.1186926111472024e-01	   5.5942357743149396e-01	   7.0620160466274884e-01	   4.4049504262513045e-01	   4.6453294378969268e-01	   5.2170740113836822e-01	   5.7851720932563766e-01	   5.0390065123353089e-01	   9.9485907186928180e-02	   7.0210929618457429e-01	   3.7093897771159018e-01	   4.8062108905999540e-01	   4.3939008343109798e-01	   7.5717242502251403e-01	   4.6839611796772251e-01	   8.0765830120497450e-01	   8.7803902917737364e-01	   6.9579757944395537e-01	   9.4663920184640538e-01	   8.3735525854396031e-01	   8.7632653449917552e-01	   6.7526899541471375e-01	   6.5033158829463278e-01	   6.2625890757320568e-01	   3.7847695645276086e-01	   3.9717938048427492e-01	   2.1634641545780497e-01	   5.8785868977736289e-01	   8.0371828285487190e-01	   8.7137864088250161e-01	   8.4357787913775129e-01	   7.9243647691805252e-01	   4.4401473406006475e-01	   3.1623723307617269e-01	   8.3231042946552891e-01	   5.1199911344908267e-01	   8.8513507185674223e-01	   7.3080651603600200e-01	   5.9075975107495116e-01	  -8.5086702605279563e-03	   6.9948371993107217e-01	   5.7731015900949778e-01	  -3.8629328806221025e-01	  -2.8510485599610430e-01	  -2.6461758457044687e-01	   8.2222328057388683e-01	   6.1614419585567481e-01	   6.7434219504565118e-01	   2.3761433341088695e-01	   6.1799815404581193e-01	   4.6784779580651520e-01	   1.2929107720198163e-01	   5.6559901426324155e-01	   3.4977795013445079e-01	   2.6401832906720790e-01	   6.3148647910759481e-01	   2.1037575830212589e-02	   5.0130223700154453e-01	  -1.5711899896630427e-01	   2.6060155357335796e-01	  -6.8717502082957616e-01	  -2.0653836719130580e-02	  -7.6978869397273630e-01	  -1.5522445136773108e-01	   3.1269083858761926e-01	   5.8159376285544118e-01	   6.6255917783664686e-01	   7.0912620678385696e-01	   6.8326598892820045e-01	   2.4438926680812126e-01	   2.0575873762389427e-01	   9.9069092893551619e-02	
