   0.0000000000000000e+00	   9.5506297340083049e-02	   7.0293403721784231e-01	   5.3811603825228427e-01	   5.4086620830123677e-01	   2.9725748513041872e-01	   5.8791156087382812e-01	   4.6125819596577977e-01	   1.7977342402042024e-01	   1.4845871399623167e-01	   5.1320058601352625e-01	   1.7469311700829465e-01	   2.7160191256699151e-01	  -7.9264792571357420e-02	   4.3003931794370442e-01	   3.0158616851657549e-01	  -2.8154218069062870e-01	   1.4059305858452656e-01	   7.8828874670425908e-01	   7.3276285464265745e-01	   3.4042586744984815e-01	  -3.9528330564053393e-01	   3.8390308279176993e-01	  -8.3485003328627960e-02	  -4.9387660540453314e-02	  -1.8271633538325956e-02	   4.8168770751795750e-03	   3.8004922749935277e-02	   2.0573527309709916e-01	   4.8179080291032650e-01	   5.6007205932956383e-01	   5.3059761733467170e-01	   5.1888928424852787e-01	   5.1919726658457566e-01	  -9.7790035609150450e-02	   8.9726387423146883e-02	  -1.2655711518574236e-01	  -2.3444035132096994e-01	   1.3733180784246915e-01	   8.6997015004343592e-02	   2.0225136038565722e-01	  -6.9745261803646638e-02	   2.9679452264862721e-01	  -1.8322096237662282e-02	   7.3864428875930810e-02	  -6.4704400712544546e-02	   1.1433801505716397e-01	   2.3485772236439367e-02	   3.8081059593509148e-01	   1.4666519214909987e-01	   4.5005992514053328e-01	   3.6602094732846507e-01	   4.1968125162268749e-01	   9.4439506453232319e-02	  -3.6513481418323224e-03	  -9.6651305570626428e-02	   1.7870093240216001e-01	   3.8185398891259170e-01	   6.7309457710095888e-01	   6.1183158097286905e-01	   6.7662637124362202e-01	   4.6581151617321392e-01	   5.3947988524505175e-01	   4.4026694000733591e-01	   2.9989112743979346e-01	  -1.9085386387203132e-01	   5.0110111743180918e-01	   4.4302889056811873e-01	   6.3107319354185865e-01	   4.0377245234526088e-01	  -1.4080004066369881e-01	   9.7733155735483246e-02	   6.4629596542640999e-01	   3.3922008831839867e-01	   2.2511546123396242e-01	   4.8232963533031603e-01	   7.7261774438310493e-01	  -3.4952703856728336e-02	  -5.2416396008645050e-01	  -3.4065672368127803e-01	  -1.0040586649708030e-01	   8.0531063529587971e-02	   5.0167629126704349e-01	   8.0446909161163316e-01	  -1.8246862820669194e-01	  -1.8001463191050440e-01	  -3.2672824409261336e-01	  -6.0396064854821449e-02	   5.7251455919150096e-01	   3.7002330633882108e-01	   6.0941459710104207e-01	   6.0176059012506866e-01	  -1.6739655592693489e-01	   2.0000828027621537e-01	   1.4942556707295587e-01	   6.5691309215395871e-02	   1.1642114158793893e-01	   2.7298074400172656e-01	   3.2864824523678920e-01	   4.7055484979841578e-01	  -1.6419844419707959e-02	   5.7814828331277468e-01	   2.6363055693560389e-01	   5.9122411458844615e-01	   4.8942361385207506e-01	   2.4332213831993013e-01	   7.4730102407543034e-02	   3.2534935531253045e-01	   1.4516598408218731e-01	   9.3071692964462854e-02	   1.9918958089412508e-01	   4.8105627459808686e-01	   5.6341597347759509e-01	   5.4841204296494062e-01	   4.6239624704761234e-01	   1.4222916350882556e-01	
   9.5506297340083049e-02	   0.0000000000000000e+00	  -2.9488313327268323e-01	  -2.9685978758582504e-01	  -4.0669538198570260e-01	  -3.1593164220799774e-01	  -3.4776398601800546e-01	  -3.5826558003249170e-01	  -4.9714527611845383e-01	  -4.2356305670028804e-01	   5.8629124784704216e-02	   6.0498086882253377e-01	   3.8223604943383716e-01	   6.4562753815032348e-01	  -2.2640812427425844e-01	  -3.0811094167156751e-02	   7.4985086675962298e-01	   8.0451407344804382e-01	   6.5073970443229767e-02	   1.7884251020735595e-01	   2.5433469200637077e-02	   4.6994004270354589e-01	  -2.3243199127264674e-01	   3.3097906774467550e-01	   1.1106722235406388e-01	  -4.8159259583932723e-03	  -1.8038967941286753e-02	  -1.3295196038023109e-02	   3.8146639371234747e-01	   3.7800270862736329e-01	  -3.6434605217455993e-02	  -1.9385042539004871e-01	   1.4193239521220508e-01	  -2.7333877222606362e-01	   1.7393069686111368e-01	   3.1574342109138132e-01	   3.6723968085138775e-01	   5.8898424527868198e-01	   5.5637652427688955e-01	   6.7299243694167576e-01	   4.1193965670865007e-01	   5.8309783460683895e-01	  -5.4465893344556690e-02	   9.2026107071430607e-02	  -1.3771246127600067e-01	  -1.4956919263392715e-01	   4.1832441556395150e-02	   1.1838877691762026e-01	  -4.2125932604828876e-03	   4.7122905722045597e-02	   7.7584780193383301e-02	   2.3306981575614660e-01	   2.8022392993836470e-01	   2.3250174901561482e-01	   4.5496863304656310e-01	   5.4875172944125383e-01	   5.4623482550509106e-01	   5.8830736836839781e-01	  -1.1551214443879976e-01	  -1.6123692197986900e-01	  -2.1096856938682076e-01	  -4.7845635210554555e-01	   1.7412457381068128e-01	   2.0612473162199413e-01	  -3.9295349216504716e-01	  -4.3784523130377872e-03	  -2.6276595624825971e-01	  -1.0545424982546049e-01	   2.1047914238902121e-01	   1.5747642657163533e-01	   1.1238355501699115e-01	  -4.4361408278334324e-01	  -1.4736127570475349e-01	   6.8324292235091233e-01	  -1.2422872527482792e-01	  -2.6740930798008000e-01	   3.3097012111044509e-02	   7.1737254717336152e-01	   6.1772339177420277e-01	   6.7054693732947301e-01	   7.8614515065852530e-01	   8.6796166332940350e-01	   3.6870258625039537e-01	   1.4214806281164680e-01	   5.3482677303299941e-01	   7.6314936993900928e-01	   2.1529475445782664e-01	   4.4272735174077227e-01	  -3.0567408656322179e-03	   2.8976263297715804e-01	   1.3326653482987966e-01	  -1.4550498734708520e-01	   4.4762510840902225e-01	  -4.2418142420170633e-02	   3.0399258346919078e-01	   6.0122349074549186e-01	   5.9369876832825041e-01	   5.6495499335174959e-01	   3.4435103480090945e-01	   2.3499745884723916e-01	   3.1020595478080731e-01	  -2.8799614909044602e-01	   1.6054286962202188e-01	   1.4568547329993453e-01	   4.0006108341918228e-01	  -4.1610010395488936e-02	   1.6781029930073379e-02	  -4.9192065900773865e-02	   5.6209062373739760e-01	   6.7970641772227058e-01	   2.7931072969139437e-01	  -3.4209168828105285e-01	   2.4756969190820491e-01	   3.2552177896402840e-01	   2.3101920992062286e-01	   3.5776931895657416e-01	
   7.0293403721784231e-01	  -2.9488313327268323e-01	   0.0000000000000000e+00	   7.4207794982812769e-01	   6.1822262233574443e-01	   4.0336945370394428e-01	   8.4455333455060422e-01	   6.7001452245466231e-01	   3.2269343958754004e-01	   1.5550515802542947e-01	   4.3593226005507529e-01	  -2.2337992619463176e-01	   1.5638560113679070e-01	  -3.9231449622220604e-01	   5.3413155807282464e-01	   1.9698516597053392e-01	  -5.4704731012380425e-01	  -2.2233845989269119e-01	   8.1165197443196813e-01	   6.5206324926971837e-01	   4.2499654936111719e-01	  -5.5043138579467588e-01	   5.5855283711591430e-01	  -1.5478718091863175e-01	  -3.8180942846298423e-02	   5.1741610302233065e-02	   3.3500067217254398e-01	   1.5270294948958485e-01	   1.6640875404995842e-01	   3.1577170760766099e-01	   7.1918507056158953e-01	   7.3063376631114185e-01	   5.1978180763245485e-01	   6.4038455951997042e-01	  -9.1021829337823053e-03	   1.7751878416358360e-01	  -1.4730071044939852e-01	  -3.1900204578316560e-01	   8.2637567943747887e-03	  -1.1934244681173198e-01	   1.3044562533738691e-02	  -4.6609206190272334e-01	   3.6387089387604088e-01	  -1.7086951906335274e-02	   2.8553472265463464e-01	   5.9139149753064141e-02	   1.5128319650899710e-01	   4.6494875659064711e-02	   3.7577865817041567e-01	   1.1544845270132173e-01	   4.4044056510288215e-01	   2.5937872507288051e-01	   1.9965871765908244e-01	   1.0300272971159408e-01	  -2.5878368603660795e-01	  -3.9177635064377037e-01	  -2.1536815732431225e-01	   8.7060138067800552e-02	   7.1724013045329527e-01	   6.1648845190816404e-01	   7.4465796959820918e-01	   6.7926949201939690e-01	   5.0807898482396141e-01	   4.1507149600100623e-01	   6.9049723315781808e-01	  -2.0405604721612972e-02	   8.1611740571884528e-01	   6.6690643400327243e-01	   5.1293409737041629e-01	   3.9554576443533401e-01	  -2.0717378089792546e-01	   3.9802364285084807e-01	   7.9113631371497239e-01	   1.1097224746517054e-01	   2.9601741908280266e-01	   4.8874862055022589e-01	   8.2094415170932211e-01	  -1.6903214325363991e-01	  -7.0228542072794009e-01	  -4.5440400536155873e-01	  -3.6297508538740425e-01	  -2.3681007264235210e-01	   3.3282914336124636e-01	   6.0900435860432212e-01	  -2.0558354200962925e-01	  -4.7636066696069440e-01	  -4.7054171991239913e-01	  -2.1549523369326989e-01	   5.5296447775883173e-01	   2.4066003766873173e-01	   7.1579323293592567e-01	   8.6136238514846541e-01	  -1.1894326569494706e-01	   5.2812098278799080e-01	   2.0134554101520194e-01	  -2.6414613649240026e-01	   2.0164690583318726e-01	  -1.0464268144528381e-02	   2.2115770763731160e-01	   4.4420979549974288e-01	   1.0251358167432031e-01	   8.0821503428374930e-01	   2.7567933864418059e-01	   7.5211124860837997e-01	   5.0092271368675589e-01	   4.6721234996534600e-01	   2.9134305701774993e-01	   5.4016199573795089e-03	   1.7791519040931517e-01	   5.8429956093716512e-02	   3.5628868678347814e-01	   5.8975991840922048e-01	   5.7172109616004763e-01	   4.1222801871109771e-01	   3.1082765958155273e-01	   1.3237770584264377e-01	
   5.3811603825228427e-01	  -2.9685978758582504e-01	   7.4207794982812769e-01	   0.0000000000000000e+00	   8.9599015941621007e-01	   8.0495439425177229e-01	   8.8170466325714691e-01	   9.5165240171304655e-01	   6.7086990136138358e-01	   6.0735954546144844e-01	   7.0636179616830630e-01	   1.3816208802281660e-01	   3.9550449988570269e-01	  -3.2422203544428052e-01	   7.9620530611703599e-01	   5.3508709322968362e-01	  -6.7401875984889659e-01	  -3.1333989992568811e-01	   7.1129200846308049e-01	   6.0421905563185674e-01	   4.8168460420594761e-01	  -4.2961144166128945e-01	   4.1022370928038882e-01	  -2.8118019377577219e-01	   4.2982773682781583e-02	   1.7719295970296339e-02	   5.1025568285194400e-01	   5.0267641223526272e-01	   4.1338015407736439e-01	   3.5802145928609530e-01	   6.4342552841166500e-01	   7.8387973008947975e-01	   5.0218621795211527e-01	   7.2235849943965946e-01	  -1.9006335922256926e-02	   1.6521223195662738e-01	  -4.0291413160511680e-01	  -6.1871978434300645e-01	  -2.4785391975337789e-01	  -3.4193220618412762e-01	  -8.5714817715911953e-02	  -5.4518436930394587e-01	   5.9672086846388295e-01	   2.4640650590866564e-01	   5.3323369122185804e-01	   4.8487126932576402e-01	   3.6763977293676592e-01	   2.0835816083475453e-01	   6.9477003375284130e-01	   5.4764036730563925e-01	   6.3097444779251011e-01	   6.3243555141056396e-01	   1.1773663007671742e-01	  -9.0547249674212932e-02	   5.4225968467195726e-02	  -2.0744417516385980e-01	  -5.6776006943557566e-01	  -2.2979696214578862e-01	   7.3092962151272223e-01	   8.3156765610452843e-01	   7.2764721677337763e-01	   7.9308677038693265e-01	   1.4827089069714805e-01	   1.9508611166069617e-01	   5.3451370535543408e-01	   1.7416858256827761e-01	   8.3247364624738540e-01	   8.4458020777851284e-01	   2.1407686764650757e-01	   1.7467657888029869e-01	   1.3341612882415821e-01	   1.7527137419562311e-01	   8.0756785112137319e-01	   1.0455226171318759e-01	   5.0632670727004503e-01	   7.3386103977917438e-01	   5.4037852572777034e-01	  -2.5230613343082442e-01	  -6.4031866759433309e-01	  -5.7410364863216024e-01	  -4.1526779262691127e-01	  -2.7915778936868080e-01	   3.3121714529463153e-01	   5.4882052340011045e-01	  -2.2051946687771018e-01	  -5.1201648135309341e-01	  -5.1945217546190436e-01	  -6.6377641195312909e-01	   6.1536316961737447e-01	   2.3241855104205666e-01	   5.7830179400450599e-01	   6.5283261006539739e-01	  -2.4531108218107034e-01	   1.2847587712639125e-01	  -3.3420204183503208e-02	  -4.6535209553393664e-01	   6.7955077035144321e-02	   1.3582595023997279e-01	   3.7944617928431368e-01	   5.6932943288939464e-01	   1.2985280424570887e-02	   8.4103727242227344e-01	   4.2544340254125512e-02	   4.7234470948966950e-01	   2.0050959633047849e-01	   1.0748169031314317e-01	   5.7987888541208077e-01	   2.2667985565135745e-01	  -1.5254176253094939e-02	  -8.8410551284830524e-02	   2.7442615643629820e-01	   6.1398358958506360e-01	   4.9713433281482627e-01	   3.8082769362443064e-01	   2.5963242246233320e-01	   4.0010861810024438e-02	
   5.4086620830123677e-01	  -4.0669538198570260e-01	   6.1822262233574443e-01	   8.9599015941621007e-01	   0.0000000000000000e+00	   8.8586810330360688e-01	   8.7720403330012720e-01	   9.1774526953845048e-01	   8.6175088833720648e-01	   8.0544505618075990e-01	   7.7624290313145439e-01	   1.3663899936074717e-01	   2.6997038205469903e-01	  -4.5389354004009375e-01	   8.3979544324010169e-01	   5.6712238702576057e-01	  -7.5822743562062234e-01	  -2.8892691575355117e-01	   6.9315696088902012e-01	   6.1921400750514699e-01	   4.3280417912446900e-01	  -4.9695590534226297e-01	   2.3546948959936151e-01	  -5.0462439305209039e-01	  -1.9447772137418343e-01	  -2.1945666972953282e-01	   2.6591934188206251e-01	   4.5039568459068630e-01	   3.2189461060186980e-01	   4.1359627907811458e-01	   4.9616454311876501e-01	   7.3692134567779921e-01	   5.8597944841272176e-01	   8.5323529997723302e-01	  -3.0010635653264878e-01	  -7.7498943542423204e-02	  -6.3643403508484719e-01	  -8.2033669862623904e-01	  -3.2025157197622106e-01	  -5.4762215067427078e-01	  -2.4751087650232281e-01	  -5.9272993613804348e-01	   4.4094056113133384e-01	   4.2497887258295078e-02	   4.1234240709283926e-01	   4.4055504303780757e-01	   2.1330585413609437e-01	   2.8735579272673784e-02	   6.7738381446589080e-01	   4.9996537531532614e-01	   5.8798199328693301e-01	   5.3766847194744127e-01	   1.9400765186555591e-01	  -8.9824546685113027e-02	   3.5705518155249902e-02	  -2.7313250681125217e-01	  -6.1077456330510715e-01	  -2.2051512135612011e-01	   7.7856571104429739e-01	   8.4933674169196993e-01	   7.9337674714488182e-01	   8.4939262984694830e-01	   2.5158952735503037e-01	   2.5819338465340780e-01	   3.1913315296827122e-01	  -8.3428435643632698e-02	   7.6012171977328813e-01	   6.8055176483972868e-01	   1.6199912398595828e-01	   2.4892523171136885e-01	   8.2931968066271566e-02	   1.8081891250324617e-01	   7.1746694015128143e-01	  -1.2437575545036200e-01	   3.3592370822395501e-01	   6.8132857882459652e-01	   3.2449690060014486e-01	  -4.6528154375704200e-01	  -6.4003910868447578e-01	  -6.2424869959144358e-01	  -4.1529484193449440e-01	  -3.2762288038602083e-01	   3.2750979374825095e-01	   6.5873173164607290e-01	  -4.9808185031403396e-01	  -6.9671005987366974e-01	  -6.4632642122361050e-01	  -7.5944389485654917e-01	   5.0859855390712527e-01	   4.2649640760232685e-02	   3.5903289629455509e-01	   5.5706813933771393e-01	  -5.8371254638009584e-01	  -9.2529504264355938e-02	  -5.9069007211857288e-02	  -4.6369441463937244e-01	  -2.2015741434065561e-01	  -1.4518520103878013e-03	   1.9972691238873386e-01	   5.0600487051295284e-01	  -2.0332940684203363e-01	   8.2134323907605178e-01	  -2.3012347502483859e-02	   2.9742803689584130e-01	  -6.0409712872099126e-02	  -9.7606447020483836e-02	   3.4420217162415140e-01	   3.8923967019096584e-01	  -2.0873947689425185e-01	  -2.5399684013653867e-01	  -7.6171949451181289e-02	   5.2874646306808337e-01	   2.6611953234691255e-01	   2.4930377143417878e-01	   2.6716519495349089e-02	   5.8648610324620442e-03	
   2.9725748513041872e-01	  -3.1593164220799774e-01	   4.0336945370394428e-01	   8.0495439425177229e-01	   8.8586810330360688e-01	   0.0000000000000000e+00	   7.2849202234744548e-01	   8.9739535149500871e-01	   8.7318458761049156e-01	   8.9406753019414487e-01	   7.9312618336462537e-01	   3.6193034606334412e-01	   4.0658573519638219e-01	  -2.3485881325400160e-01	   7.9578297881673055e-01	   6.5863162076949033e-01	  -6.0596637885160254e-01	  -2.4540368997112597e-01	   5.5977348797278537e-01	   5.2413812445977359e-01	   4.2914936307404034e-01	  -2.0955707214415642e-01	   2.9104742445025722e-01	  -3.4244173268997463e-01	  -1.3040541892976748e-01	  -1.2207419290717803e-01	   1.8768437901702617e-01	   6.5746318485044952e-01	   4.0047250817654378e-01	   3.3880551586193186e-01	   4.4892231814395517e-01	   7.5318333992793507e-01	   4.6745316326109415e-01	   7.4559673165390628e-01	  -3.5644351666036500e-01	  -4.1942724153948502e-03	  -5.8061705666620345e-01	  -7.2847064496005642e-01	  -3.7951270047690855e-01	  -4.7041639672208180e-01	  -3.1947745188849380e-01	  -4.1675392800766209e-01	   4.7719722192347058e-01	   2.1289268353932977e-01	   4.7540872206717716e-01	   5.6449044203998988e-01	   2.7879584861210949e-01	   1.7861271351970098e-01	   6.7796736435158511e-01	   5.7025402947581205e-01	   4.9583754144309167e-01	   5.8935898202717429e-01	   1.2292051867064047e-01	  -1.3323811276146330e-01	   2.2404204198695699e-01	  -8.9482364554662880e-02	  -6.2188807802928570e-01	  -2.3997982039091886e-01	   5.1390883841761059e-01	   7.2790020274260137e-01	   6.8393097367435840e-01	   7.5493449012060576e-01	   1.3930377955243181e-01	   9.5875313484082250e-02	   2.3690121921596097e-01	   5.5641405154506073e-02	   5.2319306574198177e-01	   5.4533011072082027e-01	  -4.5148020449611345e-02	   8.9546043264602943e-02	   2.3108019204799388e-01	   1.6469171705062385e-01	   5.8242389945949880e-01	  -7.4974004157956714e-02	   2.9996100576275420e-01	   7.8189887003800940e-01	   7.9532482640844310e-02	  -2.4949331459911350e-01	  -4.3710828694656245e-01	  -4.8406463029043983e-01	  -3.1126518724612739e-01	  -2.6816329425411456e-01	   3.0137180492599813e-01	   5.3058075722678733e-01	  -3.5051081621010827e-01	  -5.8504775142389120e-01	  -5.2311429350394012e-01	  -8.6393288118136646e-01	   5.9236311620479909e-01	   1.9606664378542144e-01	   2.7844787833001083e-01	   4.0921156265232161e-01	  -4.6864757856552552e-01	  -1.3766692054656540e-01	  -1.4309460061571802e-01	  -5.4210523480298622e-01	  -1.7796072574038541e-01	   5.9469785040928563e-02	   3.0519527214103903e-01	   5.2674477240489348e-01	   4.9242555152764506e-03	   7.0387211022004992e-01	   1.7531450730644334e-02	   1.8187965198528092e-01	  -2.1453997522243748e-01	  -2.8814128166472797e-01	   5.1132725124691869e-01	   3.6887637197229495e-01	  -2.8477366643509250e-01	  -2.2279256998850758e-01	   2.1733188026673770e-03	   5.0888296434101943e-01	   2.4699499073036157e-01	   2.8318863865697175e-01	  -1.2144370922554198e-01	  -2.2440382850765334e-01	
   5.8791156087382812e-01	  -3.4776398601800546e-01	   8.4455333455060422e-01	   8.8170466325714691e-01	   8.7720403330012720e-01	   7.2849202234744548e-01	   0.0000000000000000e+00	   8.9661376391297765e-01	   7.2226682117148722e-01	   5.7063108816032926e-01	   7.0194873953045012e-01	  -7.5026309957463536e-04	   2.3073591219142556e-01	  -4.6352708625432704e-01	   7.7243138155930957e-01	   4.5544212578630228e-01	  -7.5787524984947585e-01	  -2.8403022080038876e-01	   7.9189303358547658e-01	   7.2061808780794934e-01	   3.6646404092476448e-01	  -6.7356346282263402e-01	   3.3137971113175702e-01	  -4.3615001402759107e-01	  -2.9567052056968873e-01	  -2.8081579859029793e-01	   2.8646579373495268e-01	   3.1488051977962012e-01	   2.4189962462133013e-01	   4.2121057399039352e-01	   5.3649366050821889e-01	   7.5039188141535029e-01	   6.1594929205413995e-01	   8.5882695257323427e-01	  -3.1141906144632614e-01	   6.2881536683511464e-03	  -5.1625139401279996e-01	  -6.2309890293023751e-01	  -1.9036111291902147e-01	  -4.1960465153814952e-01	  -2.4246522472035228e-01	  -6.3628101505936596e-01	   3.4858655816108541e-01	  -5.8066021374182014e-02	   3.3402551278184528e-01	   2.4491492952606697e-01	   1.3691973455387441e-01	  -3.5032237195123314e-02	   5.4893731928947953e-01	   3.2171508661448811e-01	   4.6981147621278696e-01	   3.8256370859304023e-01	   1.3733475582756954e-01	  -1.3801968512016819e-02	  -2.0697983043787999e-01	  -4.1785226546828835e-01	  -5.6860865409582151e-01	  -1.4244239603916600e-01	   8.4782986202295807e-01	   8.0425784634807729e-01	   9.0097985996845353e-01	   8.4452963994217978e-01	   4.0956298168084038e-01	   3.2242790142528566e-01	   4.5829498947594560e-01	  -7.2918268105058207e-02	   8.4517108980766187e-01	   6.9599838203912734e-01	   2.3991778501969674e-01	   3.3464752987578456e-01	  -1.3069804880406455e-01	   2.6853160866245251e-01	   7.3785455304040182e-01	  -1.0702011185474140e-01	   2.7399887975279341e-01	   5.8237084063935796e-01	   5.6704331320080725e-01	  -3.4842917150011549e-01	  -7.3855975915901206e-01	  -5.9313685213464573e-01	  -4.6273476781215162e-01	  -3.3228061120972369e-01	   3.4099444107757881e-01	   7.0856678438295517e-01	  -4.9229277031572272e-01	  -6.5553172150089889e-01	  -7.6389700966625607e-01	  -6.3614934181308358e-01	   5.6391956541085309e-01	   1.3243640210266916e-01	   5.7872394222066803e-01	   7.6842610741152884e-01	  -3.9393248057555452e-01	   1.9577002677667515e-01	   1.4458225939236527e-01	  -3.3601119754639064e-01	  -8.3730886685727639e-03	  -6.2948037536862192e-02	   1.5542105831336123e-01	   4.8822805564671035e-01	  -1.5935582732885315e-02	   8.7316824503351387e-01	   1.9059404812181452e-01	   5.4731690204014427e-01	   1.8074983027542529e-01	   1.4279585077024290e-01	   3.8798086118398811e-01	   1.4943820874017422e-01	   3.8830500088910876e-02	  -7.0989999514210964e-02	   5.2629057534472348e-02	   5.0570515636002988e-01	   4.7132873381994506e-01	   2.7907984098603417e-01	   7.1907225048931057e-03	   1.0753620045273479e-01	
   4.6125819596577977e-01	  -3.5826558003249170e-01	   6.7001452245466231e-01	   9.5165240171304655e-01	   9.1774526953845048e-01	   8.9739535149500871e-01	   8.9661376391297765e-01	   0.0000000000000000e+00	   7.6939542616769319e-01	   7.3781365661607057e-01	   7.6335105520566271e-01	   2.0303833184165193e-01	   3.4808533972678402e-01	  -3.3972421423939220e-01	   7.9001823028142260e-01	   5.8877525621701554e-01	  -7.5420327182229419e-01	  -3.5499555788974851e-01	   6.6471979416635663e-01	   5.8435443666280873e-01	   4.0870789390328105e-01	  -4.3961807076323989e-01	   3.7019903181008573e-01	  -3.8306258553367961e-01	  -1.0605879664384504e-01	  -9.3758074960830884e-02	   3.8996836705775983e-01	   5.2013380657367170e-01	   3.4667400185675262e-01	   2.7157049357112767e-01	   5.5948028156736895e-01	   7.7791704831434649e-01	   4.7322633852587381e-01	   7.5986606022808290e-01	  -2.0033529731171784e-01	   1.4565755272180439e-01	  -5.4848912440455411e-01	  -6.9971700205347309e-01	  -4.0783416518592008e-01	  -4.6666888300677667e-01	  -2.7842545043241923e-01	  -5.6282999280577195e-01	   4.8976493859815723e-01	   1.7822634980089766e-01	   4.9954767508737796e-01	   4.9639659284405790e-01	   2.7417616674080841e-01	   1.3324116044029224e-01	   6.9959039515375721e-01	   5.6651677885566509e-01	   5.4854930573036087e-01	   6.2256753628167671e-01	   9.9178641206164764e-02	  -1.5285233170826232e-01	  -1.4881339825455728e-02	  -2.7622080666235715e-01	  -6.6613215073342191e-01	  -2.9288527020005667e-01	   7.0531965771799043e-01	   8.5437604526055488e-01	   7.9675573608836703e-01	   8.3423368600399495e-01	   1.2691323592631809e-01	   9.4751441049278518e-02	   4.5288072978752725e-01	   1.3370151968202018e-01	   7.4163603551870616e-01	   7.5826046780945033e-01	   7.4105046353253823e-02	   9.2771632177888363e-02	   1.2598417785796429e-01	   2.3511042768705004e-01	   7.2414181596360361e-01	  -1.8653930133701729e-02	   4.0627819030402446e-01	   7.9950689467599645e-01	   4.0825044013732470e-01	  -2.4949690634839145e-01	  -6.7654997895476476e-01	  -6.4590029813879979e-01	  -5.0258384425106584e-01	  -3.8355343927954227e-01	   2.6510318803141381e-01	   5.4955704798459148e-01	  -3.5966175479955931e-01	  -5.9483579598903491e-01	  -5.9650556583561887e-01	  -7.8847762208606154e-01	   6.6755736086226602e-01	   2.7429467468543711e-01	   5.0905484831819814e-01	   5.9977483781796270e-01	  -3.2727393287773188e-01	   7.0964428545843714e-02	  -1.3337146655012622e-01	  -5.5877974307092659e-01	  -1.0278996727864233e-01	  -5.9912006582227024e-04	   2.8860341916213450e-01	   4.8361702893476222e-01	   2.5815153737109336e-02	   8.2141390663003466e-01	   5.1424262199476926e-02	   3.7100702520394352e-01	   1.7421168739618843e-02	  -9.2529810043537261e-02	   5.4700901151169745e-01	   1.7493830098038465e-01	  -1.4885430166324881e-01	  -2.2183222301809996e-01	   1.2517698322356038e-01	   5.9801196644336985e-01	   4.4897102722758253e-01	   3.3705306023484549e-01	   3.8351737795745786e-02	  -1.2158427396750980e-01	
   1.7977342402042024e-01	  -4.9714527611845383e-01	   3.2269343958754004e-01	   6.7086990136138358e-01	   8.6175088833720648e-01	   8.7318458761049156e-01	   7.2226682117148722e-01	   7.6939542616769319e-01	   0.0000000000000000e+00	   8.8536790005865207e-01	   7.0196127653297702e-01	   1.0727137112422105e-01	   1.7083855658237024e-01	  -4.4959217194797974e-01	   8.2192059841597742e-01	   5.9054901610143107e-01	  -7.2321429835097673e-01	  -3.8002662903218676e-01	   4.2458215985253606e-01	   3.9492052999431931e-01	   2.3385762066514887e-01	  -4.4037194143563596e-01	   1.1742071956726018e-01	  -5.0486449991829829e-01	  -3.4582784825131557e-01	  -3.7844142855296836e-01	   2.6079021501836806e-02	   4.6448028815134140e-01	   2.1993514117037893e-01	   3.2817496538215768e-01	   1.9968602657487744e-01	   5.6019917708391676e-01	   4.6045949765674199e-01	   7.9422809904136682e-01	  -4.9743568698349605e-01	  -2.8648483485893711e-01	  -6.8726166187413118e-01	  -8.1320794794954998e-01	  -3.3069481854782368e-01	  -6.3199635656343622e-01	  -3.8733783685573286e-01	  -5.6323999531328151e-01	   2.7656688413066127e-01	  -2.8877178422635444e-02	   3.1140352145798167e-01	   4.3562047967446133e-01	   9.2139993351521537e-02	  -5.6893757828653704e-02	   4.6336601830784718e-01	   3.6081341757861118e-01	   2.7651879792089168e-01	   2.7938397839572537e-01	  -1.9577527802235564e-02	  -1.7395246203609122e-01	  -2.8749555032513953e-02	  -2.8633377368140522e-01	  -7.3868069057646402e-01	  -3.9222311286240080e-01	   5.0734097086701735e-01	   5.7744764919500002e-01	   6.5424573735281388e-01	   7.5634362440312797e-01	   1.8594148096896135e-01	   1.3039304338361715e-01	   1.4844512946699839e-01	  -4.5486241103521105e-02	   4.8918610101804927e-01	   3.5281367876737346e-01	  -1.8370116527846728e-01	   1.2616029493984826e-01	   1.0807721840370413e-02	   1.6457143586721407e-01	   4.6194038877001919e-01	  -4.4740372376161608e-01	   2.0472182947019907e-01	   5.2667182616689301e-01	  -6.4737478449435587e-02	  -5.9583558913535861e-01	  -4.3359737831485134e-01	  -4.9612962330289556e-01	  -4.0363384910997047e-01	  -4.1783986088563857e-01	   2.5012228116797786e-01	   4.9396754053784497e-01	  -6.1119653757421433e-01	  -7.7947348755042489e-01	  -6.2388264067636523e-01	  -8.8653573962849452e-01	   3.4446393994652086e-01	  -1.6241716729412839e-01	   5.7971869451648389e-03	   3.3703769286538693e-01	  -6.8481612757263832e-01	  -2.4523332823539257e-01	   1.6712895123256914e-02	  -4.1738693669659749e-01	  -3.3177484609678898e-01	  -1.1770519738932339e-01	  -6.0347435309935929e-02	   3.4691351589966990e-01	  -2.4661975178475723e-01	   6.3590157215437615e-01	  -9.7102515203739498e-02	  -9.0447298941549979e-03	  -4.2389550188765690e-01	  -2.8719030344937696e-01	   2.6307538120820079e-01	   3.8000303361430293e-01	  -2.8411477266368385e-01	  -2.8976611257068208e-01	  -3.4333734852400100e-01	   2.9324241804326245e-01	  -2.8752964446461023e-02	  -5.4099031038148893e-02	  -3.7447979122479436e-01	  -6.1187369720226190e-02	
   1.4845871399623167e-01	  -4.2356305670028804e-01	   1.5550515802542947e-01	   6.0735954546144844e-01	   8.0544505618075990e-01	   8.9406753019414487e-01	   5.7063108816032926e-01	   7.3781365661607057e-01	   8.8536790005865207e-01	   0.0000000000000000e+00	   6.4976243465056382e-01	   3.0785854545829239e-01	   2.3836718801938267e-01	  -2.8429370835956069e-01	   6.5976570893190334e-01	   5.7314052765535017e-01	  -6.1760980972379942e-01	  -2.7552821224519153e-01	   3.2278502498372891e-01	   3.6480877931732375e-01	   2.8984226010237790e-01	  -2.6730925445626241e-01	   4.8661976758251402e-02	  -4.4404710780587819e-01	  -2.9771637612986895e-01	  -2.9034984695346872e-01	   1.5268695582797791e-02	   5.1415710573199747e-01	   1.6263182923849523e-01	   2.3603465019508810e-01	   1.2197615561204159e-01	   4.7422045966371307e-01	   3.6274706401382523e-01	   6.6205837912580723e-01	  -5.2208261231484643e-01	  -2.8261083662280678e-01	  -7.8447552183243263e-01	  -8.6531291923522702e-01	  -5.5092008854985930e-01	  -6.8848425784620981e-01	  -4.9051835432607066e-01	  -4.6971186745375459e-01	   2.8315788897507754e-01	   8.1669113601171434e-02	   3.5324399148274782e-01	   5.2952102880022078e-01	   1.7324921041571417e-01	   5.6277334051587705e-02	   6.1052086513694137e-01	   5.4291123366766647e-01	   4.1413129832367945e-01	   4.4524149769424298e-01	   1.4758882069264720e-01	  -1.0264290507175777e-01	   1.5794121112240325e-01	  -1.2713745576255406e-01	  -5.9573624771765110e-01	  -2.9689241566688196e-01	   4.4950072063189750e-01	   6.7871359961575495e-01	   5.5162110126590291e-01	   6.8452287919699795e-01	  -9.8718858081960140e-03	   2.0389091789171365e-02	   3.7829097681832797e-03	  -1.4902319865539798e-01	   3.4190818166479553e-01	   3.5068480091811599e-01	  -1.1694775324275519e-01	   6.2717135799113505e-02	   2.0760491143984072e-01	   6.4839989137996601e-02	   2.9609625535695172e-01	  -3.2126556857564970e-01	   1.5046673431942442e-01	   6.2859231470385613e-01	  -1.7796221467334020e-01	  -4.6290770092916333e-01	  -4.2479236679433108e-01	  -5.1696572224756387e-01	  -3.7234682099293465e-01	  -3.3281988053717937e-01	   8.1598830407463241e-02	   3.8281031384828623e-01	  -5.0460875928972437e-01	  -5.7688889574786295e-01	  -5.1412997396912086e-01	  -8.4851844497936191e-01	   3.4610773159065011e-01	   6.5334745020802790e-02	   3.5408706991250559e-02	   1.9362109737850741e-01	  -6.6152211951815376e-01	  -3.6804713570779179e-01	  -2.6980006304131526e-01	  -5.2966879819097290e-01	  -4.6698264703392861e-01	  -1.6511086940585748e-01	   1.6225076676647882e-01	   3.3430840947523671e-01	  -1.7532010352588984e-01	   5.0688470917096529e-01	  -1.2304648638339881e-01	  -5.3591986330827478e-02	  -4.8041194868183557e-01	  -4.6945454792912655e-01	   3.5821125177851587e-01	   4.3824654479290082e-01	  -5.1739884406998415e-01	  -4.3487365935991179e-01	  -3.1803320891319931e-01	   3.4227672191933362e-01	  -3.5133315649607019e-02	   1.5181911878204413e-01	  -3.3042333683727138e-01	  -3.4899958873146486e-01	
   5.1320058601352625e-01	   5.8629124784704216e-02	   4.3593226005507529e-01	   7.0636179616830630e-01	   7.7624290313145439e-01	   7.9312618336462537e-01	   7.0194873953045012e-01	   7.6335105520566271e-01	   7.0196127653297702e-01	   6.4976243465056382e-01	   0.0000000000000000e+00	   5.7244106194307365e-01	   6.5711301573955916e-01	   3.8264412446239945e-02	   8.3948820157221982e-01	   7.3412005785493895e-01	  -3.9387452016100000e-01	  -7.5507213425530196e-03	   7.4998831976607594e-01	   6.9351247693346396e-01	   4.4156735778543332e-01	  -1.6380978899431053e-01	   1.9470160157623073e-01	  -2.6402954381603383e-01	  -1.8437907932926770e-01	  -2.6834133996383691e-01	   1.6397458086133299e-01	   5.7203179384697245e-01	   6.5930983529513831e-01	   6.2607129078049550e-01	   5.1294717336979800e-01	   7.1639373374020221e-01	   6.4204780786683369e-01	   7.3652636241220737e-01	  -3.0194878368562861e-01	   4.9443062907055649e-02	  -4.9128976223088577e-01	  -5.6607125009859238e-01	  -1.3547281323814470e-01	  -2.4693170081674079e-01	  -6.4105161071125849e-02	  -2.3667424346799182e-01	   4.5531258787438778e-01	   2.0666220364559662e-01	   3.5064696129923778e-01	   4.0988798545066174e-01	   2.4403056649666677e-01	   1.2144968040760365e-01	   6.7807299863974180e-01	   5.8629150030624022e-01	   5.3894483427050754e-01	   7.1355782700424553e-01	   2.8706385163052006e-01	  -1.4932511485760569e-01	   3.0689433024032797e-01	   3.2969645220543339e-02	  -4.5248785519324730e-01	  -3.3384225653875943e-02	   5.9569447066735126e-01	   7.0728774601699751e-01	   6.9424142353903207e-01	   5.6045163361979233e-01	   3.2221395118334628e-01	   3.1209139169668221e-01	   8.4051266135573136e-02	  -5.8194362797471477e-02	   5.0358846469572227e-01	   5.4194064714149459e-01	   1.2489294337220823e-01	   1.8122702538196228e-01	   2.7823986563314168e-01	   2.1125547468404871e-01	   6.5364483450545707e-01	   1.9930280936740435e-01	   3.6742755578859132e-01	   6.8522728707472536e-01	   3.0488057201265739e-01	  -4.8911364575088920e-02	  -2.7205568685444742e-01	  -2.6251096881660207e-01	  -3.7227757876382279e-02	   9.1993705465263323e-02	   5.5037049321847342e-01	   6.9476045907652118e-01	  -2.2179737502244107e-01	  -3.0606794386468450e-01	  -4.7407490960425464e-01	  -6.5640916087278400e-01	   6.2008313919928493e-01	   2.5126874938116672e-01	   2.6631038860314804e-01	   3.8918753681885976e-01	  -4.2250590375119490e-01	  -2.1236221399046212e-01	   3.0582809987037420e-02	  -2.4971266120240071e-01	   4.1873374363081396e-02	   3.4350721742563478e-01	   3.2264053215651611e-01	   6.0039123709319686e-01	  -3.1469094837846767e-02	   6.5033877978505461e-01	  -1.9338299485037003e-03	   2.6916001246696414e-01	  -6.5996370197026061e-02	  -3.2980488094587285e-01	   4.0834857961625975e-01	   3.9965664224130892e-01	  -4.2690054739418573e-02	  -1.4821169086433679e-03	  -1.3108697001378934e-02	   3.5886909003278061e-01	   3.8631423355390615e-01	   3.8464969641181884e-01	  -1.2287260089786606e-01	   2.8547441866920376e-02	
   1.7469311700829465e-01	   6.0498086882253377e-01	  -2.2337992619463176e-01	   1.3816208802281660e-01	   1.3663899936074717e-01	   3.6193034606334412e-01	  -7.5026309957463536e-04	   2.0303833184165193e-01	   1.0727137112422105e-01	   3.0785854545829239e-01	   5.7244106194307365e-01	   0.0000000000000000e+00	   7.4227199068323380e-01	   6.9643247407549480e-01	   2.2899932806663859e-01	   5.5110817080904484e-01	   2.7547782043707808e-01	   3.6455140656891138e-01	   2.4582820984993714e-01	   3.8961218095143896e-01	   1.9409493400932679e-01	   3.9681877133804577e-01	  -9.9951317824126765e-02	   1.9243040312844156e-01	  -1.8425578004689781e-02	  -1.1528544650817932e-01	  -1.1018204327463723e-02	   4.7802980824625546e-01	   4.9128464495679314e-01	   4.2972718661554482e-01	   4.4456559432638432e-02	   1.7832775811640156e-01	   2.3173040420588226e-01	   1.1260956638313403e-01	  -1.7087383146957591e-01	   1.1206882725094694e-01	  -1.1440946960746595e-01	  -1.9797564421179879e-02	  -5.4533133540425292e-03	   1.6645931031244462e-01	   3.9694673863286595e-02	   3.5208285870695671e-01	   2.4278538018872006e-01	   3.4754919255549044e-01	   1.0757247363486953e-01	   2.3918834121964369e-01	   2.5382234803308112e-01	   2.6666030261802087e-01	   4.5008121501319664e-01	   5.1195681272990157e-01	   2.9399854384977753e-01	   6.3003150642054762e-01	   3.0897424066725288e-01	  -5.5849032907079800e-02	   6.8025229760834882e-01	   5.2480022956452588e-01	   6.9094584334364439e-02	   2.0778390774623173e-01	   5.8236992117566916e-02	   2.8859818825715899e-01	   1.2652140566757369e-01	  -9.6059934340577996e-02	  -3.2259118185281321e-02	   2.4403489879226269e-02	  -4.4088821468893974e-01	  -9.5192717590716000e-03	  -1.5637887028510095e-01	   1.3742430177953940e-01	   4.1466325510759149e-02	  -4.0031580823754201e-02	   5.0799410345321516e-01	  -2.6295134468963455e-01	  -2.2322048259912006e-02	   5.0669289440762744e-01	   1.6058570409726683e-01	   3.8151981217346725e-01	  -5.6298764935154566e-02	   4.3649072070857953e-01	   2.5617407767677092e-01	   1.5941955539258740e-01	   3.8294259670144659e-01	   5.2819898171216062e-01	   3.1218613960355068e-01	   2.8168490418855896e-01	   2.1575443601225855e-01	   4.6358635460421438e-01	  -4.3148872274792617e-02	  -2.4959918349744853e-01	   3.7519811698698691e-01	   4.9542903592946808e-01	   1.4883773996146693e-01	  -1.4094335760583837e-01	   8.1835740913793684e-02	  -3.8367836629124963e-01	  -6.2051286578923205e-02	   9.6189791306483044e-02	   2.0381172011139345e-01	   5.3736286782007581e-01	   5.3035164258940592e-01	   3.7426771984526724e-01	   2.4693887205848181e-01	  -8.4931966709225655e-03	   4.8549855605762582e-02	   2.3274913249219750e-02	   1.4025240632497797e-02	  -4.4191686377862771e-01	   4.0403514659353312e-01	   3.4622372430613957e-01	   2.2832409404904497e-02	   2.2994393935143292e-01	   1.1644654424941178e-01	  -2.4570977230019230e-02	   3.4501111969319848e-01	   3.9562265949371711e-01	  -1.8900708738083853e-02	  -1.3458429976072436e-01	
   2.7160191256699151e-01	   3.8223604943383716e-01	   1.5638560113679070e-01	   3.9550449988570269e-01	   2.6997038205469903e-01	   4.0658573519638219e-01	   2.3073591219142556e-01	   3.4808533972678402e-01	   1.7083855658237024e-01	   2.3836718801938267e-01	   6.5711301573955916e-01	   7.4227199068323380e-01	   0.0000000000000000e+00	   6.1947931944290069e-01	   5.2636452121639365e-01	   6.6031351489653090e-01	   9.9537349434245290e-02	   1.2458341708184126e-01	   4.3817194191746145e-01	   4.0616100073158129e-01	   4.9329476316776166e-01	   2.9994887308611762e-01	   3.0142166301278106e-01	   4.2293714199311888e-01	   3.1787431345654243e-01	   1.6510903365146345e-01	   2.3310830480499106e-01	   4.9073983069833743e-01	   7.3698495515487128e-01	   6.2050437415302628e-01	   4.5043828970739641e-01	   4.8752048061073305e-01	   2.1980534602198204e-01	   1.6925226596768159e-01	   5.7701602882801559e-02	   9.6479077650952011e-02	   8.8708219591008386e-02	  -4.2699459346637977e-02	   1.6503733877738555e-01	   2.7983526014028576e-01	   4.0566960042595568e-01	   1.8042368056175370e-01	   6.4874700793015072e-01	   6.0820268915344444e-01	   2.7617201999023910e-01	   2.7578617247102732e-01	   5.3269338362580354e-01	   4.6016017926241948e-01	   4.5494695119256967e-01	   4.7616367139970817e-01	   4.0988035130241884e-01	   6.2251188263435397e-01	   1.3067705786057818e-01	  -1.5452198368895925e-01	   7.3895901683246468e-01	   4.9530333482956068e-01	  -6.5061974738201162e-02	   6.4565655285835133e-02	   1.1264150305393107e-01	   2.9217704815957313e-01	   1.4251652788966074e-01	   1.4607308104437328e-02	  -2.6034391934028570e-03	   1.1206186235114227e-01	  -1.0338343766433998e-02	   1.8854057119744427e-01	   1.4298874521796121e-01	   3.8342062999440335e-01	   1.5614402158911866e-01	  -6.7008969473741674e-03	   4.6798774352996847e-01	  -7.0863585871309004e-02	   3.5527307800802299e-01	   5.9267597458008148e-01	   4.5877124647955947e-01	   5.2307775589642314e-01	   2.7944772296172865e-01	   3.0730449739307991e-01	   1.0349966495259286e-01	   1.1866838921826112e-01	   2.7388827210212807e-01	   4.5170463785678044e-01	   5.3172352070480344e-01	   3.3376480536517078e-01	   4.1930786270473486e-01	   3.4450387051551157e-01	   5.0874954343526999e-02	  -2.9480643787229732e-01	   5.4436534073310072e-01	   3.8877320023127959e-01	   2.2056311548681792e-01	   8.0536955116948916e-02	   3.0650300713121491e-02	  -1.7133100341007837e-01	   4.2400528337774072e-02	   7.7998276650398393e-02	   4.8540150960592299e-01	   7.4965628207347379e-01	   5.9852730247724950e-01	   5.5607800520796102e-01	   1.6933962246634268e-01	   2.5499637523197310e-01	   6.7157007005861885e-02	   2.6711950428320613e-01	   1.5922666823916343e-01	  -9.9351024901561377e-02	   6.3353506221279754e-01	   4.8661791115217079e-01	   1.5356215431979278e-01	   2.8924903410443265e-01	   4.3810415225944871e-01	   2.2699640722523218e-01	   4.9625741256793654e-01	   4.9694991526053678e-01	   2.1768280158850775e-01	   6.2106989546913995e-03	
