   0.0000000000000000e+00	   8.4846173659670576e-01	   1.2406662935247271e-02	   4.5648145853547861e-01	  -3.8643544754128140e-01	  -4.1304207486605160e-01	  -4.0122009413619131e-01	   4.5805597455246434e-03	  -2.2986540170079228e-01	  -2.5199512467910212e-01	   5.4273303856969335e-01	   7.0508131020521847e-01	   3.1838851388919492e-01	   2.6602277589823253e-01	   3.5236808383181339e-01	   1.8349423229739104e-01	   7.9643211187731089e-01	   7.5458055643624822e-01	   7.6069599548004863e-01	   7.7021708303421166e-01	   2.4331514217235749e-02	  -2.8167400203076114e-03	   1.9604489251557855e-01	   2.9039723127993355e-01	   3.1707485468842000e-01	   5.1033737061568318e-01	   1.8367686347400322e-01	   4.8856046000888043e-01	   5.4387343100556107e-01	   6.7807764432126438e-01	  -1.5953915283476316e-01	   4.2311565593526231e-02	   4.0416327298156512e-01	   6.9458292596747928e-01	   3.2298546683784746e-01	   5.0936995851136180e-01	  -5.4656163915354980e-02	   1.8118545972627015e-01	   1.5712219434559183e-01	   7.2958654262822320e-01	   7.4668707364212050e-01	   4.0985797059770701e-01	   3.0549929761555089e-01	   7.4186504839013556e-01	   2.5958742275555968e-01	   7.6744007526528524e-01	   5.4659625909528564e-01	   6.4628068042807185e-01	   1.5440375987507118e-01	   6.0896552841981211e-01	   5.8994791572318878e-02	   4.9310880467056561e-01	   8.1568065533215472e-01	   4.2005825447568224e-01	   3.9153850735158624e-01	   7.0899298595860483e-01	   8.4629250027710179e-01	   8.3749524472074655e-01	   7.2612670061410811e-01	   8.8347357089104128e-01	   6.4203979116441684e-02	   3.8602128385745244e-01	   7.0768447757838115e-01	   7.3170766683671395e-01	  -1.1153804553225172e-01	   2.2130503334847387e-01	   4.0658579292786767e-01	   5.9220315405154245e-01	   6.8968060605804915e-01	   6.1859634593318158e-01	  -8.4004328244008560e-03	  -3.6766673229273439e-01	   7.0824910263104623e-01	   7.4972878821780553e-01	   7.4026680503162667e-01	   4.6564805241457147e-01	   3.9395795221202623e-01	   6.4539262192013924e-01	   8.7562828207882393e-01	   7.8144634878393948e-01	   8.0849357970791380e-01	   8.5391960278853829e-01	   4.4502393486961483e-01	   6.2420197325099658e-01	   3.9513916738818433e-01	   5.6272976347137771e-01	   4.4909872576434251e-01	   5.0847279089047503e-01	   3.5397795767349793e-01	   6.3108174814730078e-01	   4.7781441014447590e-01	   5.1658085794131936e-01	   3.8302408190410459e-01	   3.5064000194698225e-01	  -1.8899055262257755e-01	  -1.6406821044077774e-01	   1.7914948441608897e-01	   1.3224872155350514e-01	   8.6929111703602735e-01	   9.0409425360190876e-01	   3.6820561183769601e-01	   2.6773444956715037e-01	   5.6994126263309941e-01	   5.9796044954511407e-01	   6.8622516137694434e-01	   3.2354899396954540e-01	   6.6599499738840351e-01	   4.5732735700900951e-01	  -4.3443006688676922e-01	  -4.0439120527100830e-02	   2.1164424330243517e-01	   6.5311559893697324e-01	   3.8354411042384218e-01	   3.0893476068475556e-01	   1.0766829631032870e-01	   4.8533927402073551e-01	
   8.4846173659670576e-01	   0.0000000000000000e+00	  -1.7411066907171591e-01	   4.5822719358400177e-01	  -7.0723346205408510e-01	  -4.4897929346082538e-01	  -7.0509432527948501e-01	  -1.6955727667538589e-01	  -5.6247271064065696e-01	  -3.9482423463343075e-01	   3.1247394696920111e-01	   6.7540963674263654e-01	   3.6835913560299138e-02	   2.0407713453083834e-01	   2.0730000165803109e-01	   1.8757097760342484e-01	   9.4410870509787714e-01	   9.3295586192888869e-01	   8.9412527055564839e-01	   9.5259590193860266e-01	  -2.8868488733769328e-02	   1.5251095755879889e-02	   1.9253634426770883e-01	   3.1455058904204269e-01	   3.2310022157950868e-01	   3.8469242171577900e-01	   6.3637078668213443e-02	   5.0110598151485630e-01	   5.5302947559109938e-01	   8.1556366092895793e-01	  -1.8044047701248381e-01	  -4.0393832491893746e-02	   4.0433549337612307e-01	   6.8686710267316675e-01	   3.4948323027975714e-01	   5.2681103695932774e-01	  -9.9467918497893160e-02	   3.8202789241402524e-01	  -2.8012642157644596e-01	   7.0553262302341579e-01	   8.1885638491579626e-01	   7.0878745348008820e-01	   2.9393102355674987e-02	   5.7051451426641775e-01	   5.1408731534309152e-02	   6.7655560351971411e-01	   3.6782644214737775e-01	   4.5798820018488973e-01	  -1.5303017175722977e-01	   3.4009458899161632e-01	  -3.2974352090963788e-01	   1.3944710087460171e-01	   5.8578883726724695e-01	   2.3484361866600423e-01	  -5.0743177043196835e-02	   5.1508106607832138e-01	   9.3300487234092389e-01	   9.3842393194672846e-01	   4.2746163787983565e-01	   8.5657859244705425e-01	  -3.1489812478135076e-01	   2.9180747705371368e-01	   7.5916853249789662e-01	   7.1094642757907744e-01	  -7.0215278482105348e-02	   1.6475271774241856e-01	   2.6272307103841697e-01	   5.0320137007153076e-01	   7.6140957526227704e-01	   5.9249407058186687e-01	  -1.4728809034322085e-01	  -4.8946392804812555e-01	   8.5207506287051116e-01	   9.0389218488093870e-01	   6.0527587306077635e-01	   7.1416732300166286e-01	   2.5447835673324176e-01	   6.8702445893425812e-01	   9.2895067262080855e-01	   9.1712350558776867e-01	   9.1905014442370003e-01	   9.5153648650765432e-01	   5.7202177264454945e-01	   8.1882880753913545e-01	   4.8610786746895213e-01	   5.9869987287828963e-01	   5.5033407284716929e-01	   6.3389709043852738e-01	   3.6187558232109601e-01	   6.3977866399876526e-01	   5.0894775809338899e-01	   4.8624160888638113e-01	   4.9757039486398680e-01	   2.9814064415651126e-01	  -3.5173757312574949e-01	  -2.5190030124459317e-01	  -1.0814173132086441e-01	  -6.4447581754280184e-02	   8.2552127534295583e-01	   7.9835774505292822e-01	   4.6628479328700795e-01	   1.7276053620488088e-01	   7.2857494968621794e-01	   5.5397636632901293e-01	   6.3047930145684350e-01	   2.0343583882462618e-01	   4.9607213624616497e-01	   6.5662216487001976e-02	  -5.6316012325627474e-01	  -1.1058802204728507e-01	   2.6816171388139493e-01	   4.9794101064670976e-01	   6.9181787522055893e-02	   3.7296661605674247e-01	   3.3104019174920049e-02	   5.1576509819945038e-01	
   1.2406662935247271e-02	  -1.7411066907171591e-01	   0.0000000000000000e+00	   3.9451038509731895e-01	   5.1161358679742808e-01	   1.1601451535394799e-01	   4.7931516572272703e-01	   5.7078246251462364e-02	   5.3370367249019668e-01	   5.0927706768011216e-01	   3.1201045738974298e-01	   2.9214860996986880e-01	   6.8897483135453330e-01	   4.2658896005097613e-01	   7.8550850256120586e-01	   7.6161103411359110e-01	  -3.4038775657752007e-01	  -3.0771104520694353e-01	   8.5559628337025018e-02	  -1.4275896486428619e-01	   3.5792445898973335e-01	   1.4642201464323609e-01	   7.6794602156724201e-01	   6.5970501997431685e-01	   6.6712208053981115e-01	   6.2613369109867478e-01	   6.7830398894882471e-01	   5.0543330848548373e-01	  -3.7186201604499836e-01	  -2.7162678959862852e-01	   5.9921046723267624e-01	   6.7575663164730249e-01	  -3.3365024708479107e-01	  -2.2486761981308723e-01	   6.4755971811535096e-01	   4.6878319912267297e-01	   7.5495303324950427e-02	  -2.1769992982087080e-01	   7.1921054014423613e-01	   1.3868453919493010e-01	  -1.2651309532763813e-01	  -1.6864961124704164e-01	  -9.1355590124644490e-02	  -5.8124217439868162e-02	   1.8609325554027190e-01	  -9.7951814982260216e-02	  -8.5962719891153436e-02	   2.4955570267168329e-02	   1.9414745146414442e-01	   1.7051173699858607e-01	   4.7413647330047781e-01	   2.7019928230667278e-01	   1.0549158279348181e-01	   2.4923655359297134e-01	   6.8994038412633596e-01	   4.3011092239620585e-01	  -2.1742675426464261e-01	  -3.0300908971260543e-01	   2.3870294223299846e-01	  -1.2488861094924202e-01	   3.6549186386456073e-01	   8.4795310740344465e-02	  -3.8935090719548765e-01	  -3.2809063700776508e-01	   7.7820503381504724e-01	   5.1390937408880577e-01	   3.0821475428561118e-01	   1.8640951524845940e-02	  -1.5800163638455156e-01	  -2.1422407705576502e-01	   2.9531705173790718e-01	   4.1243407616004713e-01	   6.9861682262844352e-02	  -6.5139523438444660e-02	   3.3614063662214194e-01	   5.1346641895497744e-02	   4.9139121170204347e-01	   8.9943335242424316e-02	  -2.9339106812964766e-01	  -1.7815543190784744e-01	  -3.4183821681113402e-01	  -8.3577325448648376e-02	   1.8489374298492339e-01	   1.4247413407338635e-01	   5.0294153029071853e-01	   4.4308684701792328e-01	   4.3987893408788870e-01	   2.6007858309772197e-01	   5.8417603786964467e-01	   3.8925286335250336e-01	   2.1210687175584964e-01	   4.5633518940994361e-01	   3.0505544754836078e-01	   6.8205376423930297e-01	   6.5146714112812393e-02	  -1.9677871440703165e-01	   4.4548241265717980e-01	  -7.6331896119573639e-02	   1.0751055308546301e-01	   1.1320774070047011e-01	   1.1021332954417408e-01	   8.0143064849710610e-01	  -3.6427559138013632e-01	  -1.8898967040442832e-01	   9.9509156801249860e-02	   3.8904917879010525e-01	   3.6117549008191413e-01	  -1.4683128436520368e-01	   3.3680853330016919e-01	   9.1580783791483517e-02	   2.1692602559774288e-01	   1.6292446085248030e-01	   1.8827321132946812e-01	   1.6344599834003304e-01	   1.0082873225537176e-01	  -9.6994095911844408e-02	
   4.5648145853547861e-01	   4.5822719358400177e-01	   3.9451038509731895e-01	   0.0000000000000000e+00	  -1.8819173707307005e-01	  -1.3180948177908960e-01	  -1.6674058835885983e-01	   4.6720476102497271e-01	  -6.8060581207784132e-02	   4.8068446013430494e-01	   2.5268695411252440e-01	   7.3246626157969152e-01	   2.5346836919287274e-01	   2.4097986044886238e-01	   4.7938180729308222e-01	   7.6219276672818193e-01	   2.8429433621662925e-01	   4.3437811604702692e-01	   6.9581223837651340e-01	   6.3975359115016439e-01	  -1.5762691850484978e-01	   3.3352171680553661e-01	   6.8075267794929906e-01	   8.6274189494222975e-01	   6.9548148874366567e-01	   6.9064914540292799e-01	   6.0533111561244379e-01	   6.8234824239878200e-01	  -3.1852889996742045e-02	   3.5012750150833172e-01	   4.7584194437503044e-02	   4.9664169522004714e-01	  -2.0824932559627807e-02	   2.9779654701065239e-01	   7.7955941861038180e-01	   8.8902358566557749e-01	   1.5081648831739128e-01	   1.7598858725702199e-01	   2.0720829608291508e-01	   3.1336612035387856e-01	   3.7976581688651700e-01	   3.1642148027856148e-01	  -3.5127260965043927e-01	   3.0840510470231631e-03	  -1.9204115149160794e-01	   1.8707146336342217e-01	   7.8177579136558928e-02	   7.4573043102499209e-02	  -3.5785522214631976e-01	   7.6163000587857618e-02	  -2.3484527042076788e-02	   1.8909468408261762e-01	   5.9708276287561779e-01	   1.5502242054382304e-01	   4.5218661315660935e-01	   6.5244562277908735e-01	   3.5004230027660976e-01	   3.6278082495093761e-01	   3.8356056219314233e-01	   5.1207888506309118e-01	  -2.2165181184596441e-02	   5.8256194586911081e-01	   1.6968622679001283e-01	   3.8712673083470422e-01	   5.2154212062973249e-01	   8.8559249326396849e-01	   5.7695791698086640e-01	   6.8573293320435469e-01	   3.4930296090816526e-01	   2.3918593543603542e-01	   1.4750415535946465e-01	  -1.7776118457556153e-02	   4.6015328911980424e-01	   4.9105352558946430e-01	   5.6285403386656985e-01	   5.1423785435232827e-01	   7.3626713588319315e-01	   8.2698617980245703e-01	   3.1850328855735516e-01	   3.8385125359563665e-01	   2.0888089412716573e-01	   5.0499688173115365e-01	   6.9735159782683520e-01	   7.4081723137729383e-01	   7.1657499492652832e-01	   8.2253308314485007e-01	   8.8999724597308771e-01	   8.2600831024871391e-01	   8.7561663645680510e-01	   8.9381216745455561e-01	   8.3122315753699072e-01	   8.4982216964843327e-01	   8.3101690053851129e-01	   7.6869324970319908e-01	  -5.9516671277992102e-02	  -1.0878874748371874e-01	   4.4116466453422287e-01	  -7.6337483825779165e-02	   5.7854864596459277e-01	   5.9449154479212329e-01	   8.9738627155509199e-01	   7.3999492787620325e-01	   6.0531246830686292e-01	   6.1910223179796864e-01	   7.8538434510144817e-01	   7.0781470800094803e-01	   7.2019415222847294e-01	   2.9005218683826662e-03	  -2.5020482952018885e-01	   5.0194710300257669e-02	   4.0399334292601108e-01	   3.2066023138798466e-01	   1.7703200968476357e-01	   5.1786434838248219e-01	   4.1980880839102180e-01	  -9.5564276825672978e-02	
  -3.8643544754128140e-01	  -7.0723346205408510e-01	   5.1161358679742808e-01	  -1.8819173707307005e-01	   0.0000000000000000e+00	   5.3582691412786487e-01	   9.1722165981366732e-01	   3.1373847136036770e-01	   9.3628432884493074e-01	   5.8128222418567277e-01	   2.6682627171073003e-01	  -2.3911650857253283e-01	   4.5064039409699175e-01	  -2.3694393927541787e-03	   2.8878055327989549e-01	   7.0995384970087810e-02	  -7.2981957561741861e-01	  -7.5139306438960518e-01	  -5.4528936988361365e-01	  -7.0545384988250659e-01	   2.1808472518658409e-01	  -3.8790506563297876e-02	   1.3928477281096280e-01	  -3.5171259900777782e-02	   5.0249766670703536e-02	   3.8112936000923997e-02	   3.3067672433960960e-01	  -7.3644896805137972e-02	  -2.4706489975546161e-01	  -5.9366840011934652e-01	   3.7697657863671458e-01	   3.3119128463613590e-01	  -2.1589141571401405e-01	  -4.3475406633813185e-01	  -6.2464541237920564e-02	  -2.1730772021440481e-01	  -9.1966036306990462e-02	  -5.2480056777819784e-01	   6.2041252917550094e-01	  -4.8411819613705281e-01	  -5.3848062300342925e-01	  -5.7982255762471002e-01	   1.3333679034332829e-01	  -3.1343369630697238e-01	   4.7241790363845897e-02	  -4.9507355819343385e-01	  -1.7350129325331970e-01	  -2.2071002662061356e-01	   1.9733125910341034e-01	  -1.1763141991552697e-01	   4.3106478927015590e-01	   1.8285361138862300e-02	  -2.1309977463315596e-01	  -1.3878219329031424e-01	   4.6196518023262589e-01	  -2.1900506012536144e-01	  -6.3666304839736854e-01	  -7.2328719591787283e-01	  -5.6671472101614941e-03	  -6.0729395454626112e-01	   6.9662421958941845e-01	  -6.1579938554194066e-02	  -4.7064887638416847e-01	  -4.1493800202190556e-01	   2.1928786466406033e-01	   5.1245943532727337e-02	   1.0427140559274748e-02	  -2.8023425494762133e-01	  -5.1921326446308880e-01	  -3.7415262908195740e-01	   3.4852699000550724e-01	   4.5270081937530599e-01	  -4.5938153866069942e-01	  -6.0363300604623094e-01	  -6.9364470990706598e-02	  -4.6640310193915624e-01	   1.2672066407142923e-01	  -4.9043573106388372e-01	  -5.8807121192797085e-01	  -7.2561833861740477e-01	  -6.8467216220417249e-01	  -6.1493447533445122e-01	  -3.2886141106563893e-01	  -5.3310766106248164e-01	  -1.9207332610005678e-01	  -2.4039317078495498e-01	  -2.7288162875950073e-01	  -3.9411390087058229e-01	  -3.5737023460593639e-02	  -3.5657258290953242e-01	  -2.4564781104543915e-01	  -1.0733772002191089e-01	  -2.9454767694319517e-01	   7.0577909780571366e-02	   4.4898303162222991e-01	   2.7275834406203375e-01	   4.4887586406968150e-01	   2.2967122588332567e-01	  -4.7424897327473192e-01	  -3.8307006155349071e-01	  -2.9959705588308394e-01	   2.1739558349613786e-01	  -6.3257962389489875e-01	  -2.5404302782956190e-01	  -3.9290944552781537e-01	   1.3075095644283563e-01	  -6.5217288660053496e-02	   1.9490898661544548e-01	   5.1673387831623896e-01	   3.2607606266859768e-01	  -9.9974823940049404e-02	  -1.0915459254190511e-01	   2.8152831777735343e-01	  -1.6595359148104455e-01	   8.9862954465546471e-02	  -4.1119251470575280e-01	
  -4.1304207486605160e-01	  -4.4897929346082538e-01	   1.1601451535394799e-01	  -1.3180948177908960e-01	   5.3582691412786487e-01	   0.0000000000000000e+00	   5.2738112165969575e-01	   3.8560620349641611e-01	   3.6223517403243444e-01	   5.3568483105039999e-01	   2.9917123053988536e-02	  -1.7941476798619352e-01	  -1.7156327130378407e-01	  -1.5621343604292395e-01	  -7.3733063731095408e-02	   2.2430113886755629e-02	  -3.2356861655757191e-01	  -2.8612242754476791e-01	  -2.2964554675546495e-01	  -3.6348798490450185e-01	   2.3407509487498102e-01	   3.7711000997561506e-01	  -7.0131804142830934e-02	  -1.4754785229848380e-01	  -1.6368891225340002e-01	  -1.1403603337140765e-01	   1.5146051101730201e-01	  -2.7466846327920502e-01	  -6.8839005565911899e-03	  -1.1943619003693880e-01	   4.8797111355000450e-01	   3.6134348807146188e-01	   2.4770811405235038e-01	   5.8927147708956004e-02	  -2.5366335398834650e-01	  -2.5660486978400115e-01	  -4.6334905506435475e-01	  -5.5893405122517004e-01	   1.8130801321125600e-01	  -5.9592347837915915e-01	  -3.7583364100880412e-01	  -7.4841209714721413e-02	  -2.3343460517946071e-01	  -6.1085512931547858e-01	  -4.7203343353404614e-01	  -6.7835878627097546e-01	  -4.6896857039728040e-01	  -6.5212541507212007e-01	  -4.5258942773386690e-01	  -7.1095141462328049e-01	  -3.3939685120394403e-01	  -6.2703147247957802e-01	  -4.1869734547305870e-01	  -6.1550932192402674e-01	  -7.4335875969304591e-02	  -5.2028671474484967e-01	  -3.5163451965682990e-01	  -3.8390849362768698e-01	  -4.0517578807324334e-01	  -5.5648162155204717e-01	   2.4894986635964625e-01	   1.0463201593104928e-02	  -3.4589830440821027e-03	  -4.9403748164176101e-02	  -6.1498464743213480e-02	  -8.2210126453088755e-02	   1.5214685570254574e-01	  -1.0720013992104896e-01	   5.9872206306231664e-04	   1.3815742924229489e-02	   2.9564521251795350e-01	   5.4576161017870639e-01	  -4.8459840399529291e-01	  -3.3983349545808916e-01	  -5.2635118957179539e-01	  -6.6874348461688632e-02	   5.9090619409414562e-02	  -2.7571584681523692e-01	  -2.7304443557028041e-01	  -4.0842736617777070e-01	  -3.5122952004373076e-01	  -4.4339493104075745e-01	  -3.7930738541237763e-01	  -3.8892022107897062e-01	  -2.7619269145434061e-01	  -3.3615753236995649e-01	  -2.3680935871147679e-01	  -2.5158212344614050e-01	  -1.5543789512278502e-01	  -4.2883887213781535e-01	  -1.0310667071545626e-01	  -2.9809516886710263e-01	  -2.1881123407892986e-01	  -1.4271692160987476e-01	   4.8693493567806267e-01	   8.9757107809762995e-02	   3.8304003298066946e-01	   1.2628912877928314e-01	  -5.5030251159817523e-01	  -5.3197508754756695e-01	  -1.6349808793056475e-01	  -4.1329736785563637e-03	  -1.9983714170107805e-01	   8.0260857299949445e-02	  -2.8044780484157661e-01	   1.8642622582959362e-01	  -3.6900506547522188e-01	   1.9887246967896707e-01	   1.2683814931893372e-01	   2.4340943801959811e-01	  -4.5541449479892387e-02	  -3.3591433992856190e-01	   3.0390813627841862e-01	   3.1296549399733553e-01	   5.3432366850888491e-01	  -7.0144854278622670e-01	
  -4.0122009413619131e-01	  -7.0509432527948501e-01	   4.7931516572272703e-01	  -1.6674058835885983e-01	   9.1722165981366732e-01	   5.2738112165969575e-01	   0.0000000000000000e+00	   4.6574728941504695e-01	   8.4627402881368674e-01	   6.0773976253035977e-01	   3.1052460708537111e-01	  -3.5274059861640017e-01	   4.5363324201976685e-01	  -1.3280744640215517e-01	   2.1399363535067883e-01	   9.5894372910567439e-03	  -6.9475755502837644e-01	  -6.7636254900991166e-01	  -5.1596407033405634e-01	  -6.9301660844363044e-01	   1.8906427720865454e-01	  -1.3071970428809371e-01	   9.9731667754076631e-02	  -8.9418418176767892e-02	  -5.2618610146408465e-02	  -6.5282569231940507e-02	   2.0937038919221435e-01	  -1.8674536302218045e-01	  -1.5131194495435399e-01	  -6.0930451988126000e-01	   2.9520005066448668e-01	   2.3014220936119248e-01	  -2.4012939315047560e-01	  -3.7666253327067756e-01	  -1.0371659334450162e-01	  -2.5479249969452666e-01	  -2.1466235092764041e-01	  -6.5911358069842207e-01	   5.8471489267391175e-01	  -6.0238292277112004e-01	  -5.7747814620099835e-01	  -7.0234945973371488e-01	   2.2147924916296735e-01	  -3.0178354402771884e-01	   1.7271578386156158e-01	  -4.3264932860178662e-01	  -6.8251014779633551e-02	  -1.9550905296725590e-01	   2.0610755055339469e-01	  -6.1337580036380658e-02	   3.5713165444995154e-01	  -2.4667330215055384e-02	  -2.1985510281986104e-01	  -2.2253936063453170e-01	   4.6842040383758460e-01	  -2.2783123214605325e-01	  -6.2277925465270256e-01	  -6.4861724202059745e-01	  -2.8574818437648426e-02	  -5.5096514898698479e-01	   8.4123189416698951e-01	   1.8457667183960974e-01	  -4.2713686964663317e-01	  -2.6551857609947632e-01	   2.7965289020022976e-01	   7.9127295779738122e-02	  -1.2638160162750223e-01	  -3.9106916042790907e-01	  -5.3843624403527679e-01	  -3.6006211879907846e-01	   3.0846278225174312e-01	   4.3307671412561410e-01	  -4.1250734594483995e-01	  -6.4106404890877999e-01	  -1.5653322932123304e-01	  -5.2089340219986036e-01	  -1.5983341162086450e-02	  -4.9543723167693432e-01	  -6.1167839568104709e-01	  -7.1940902863479705e-01	  -6.2711614220237255e-01	  -5.7821220078659230e-01	  -3.3389483131045539e-01	  -5.0626306406384758e-01	  -1.6144945545346709e-01	  -3.0842156902107115e-01	  -2.6714108982891382e-01	  -4.2751470783620016e-01	   1.6810110107826196e-02	  -3.4497430540915808e-01	  -2.5385244431197951e-01	  -1.2446607019166364e-01	  -3.4133040977034490e-01	  -2.4514116684764324e-02	   4.5331524575892018e-01	   2.6455581332004668e-01	   5.1500736980569517e-01	   2.2662945155582054e-01	  -3.6858433308826771e-01	  -3.2199194518342128e-01	  -2.8022611752229931e-01	   1.6605325749817718e-01	  -5.5947063197283153e-01	  -1.9776952934059008e-01	  -4.7054535361904137e-01	   3.9933961402590437e-02	  -1.3776019385694088e-02	   2.1037820917228583e-01	   5.1165535440336751e-01	   3.4285954991033657e-01	  -1.3301665048975937e-02	   3.9157889415248658e-03	   3.9015326525868821e-01	  -1.3726380019624088e-01	   7.4571785398020091e-02	  -3.3570008028270437e-01	
   4.5805597455246434e-03	  -1.6955727667538589e-01	   5.7078246251462364e-02	   4.6720476102497271e-01	   3.1373847136036770e-01	   3.8560620349641611e-01	   4.6574728941504695e-01	   0.0000000000000000e+00	   2.9032797303000613e-01	   6.8391849714367403e-01	   2.1656730800623777e-01	   8.5119196525193008e-02	   2.0277968648025030e-02	  -4.0326845867548333e-01	  -3.3847484826100969e-02	   7.8153922791878369e-02	  -1.6906256277617154e-01	   1.6207818278781413e-02	   3.7553441401224165e-02	  -1.5334845509983989e-02	  -2.7245058191032279e-01	   5.0279561589450884e-02	   8.6287741474080693e-02	   1.3126086222075622e-01	   1.3650978720911720e-02	   4.9022360388109289e-02	   1.2348053970287298e-01	  -5.7092722529504300e-02	   2.0879130612771546e-01	   5.2832064236036883e-02	  -1.3446725204673882e-01	   2.5358093857161812e-01	   1.5678597613352527e-01	   2.2979928569574531e-01	   4.0829951490636479e-02	   1.4416274809143015e-01	  -1.6480226353175786e-01	  -3.1569315534421571e-01	   2.6967556158860229e-01	  -3.9756550470138025e-01	  -7.3208925540607997e-02	  -3.5231131696217893e-01	   5.1960263844264012e-02	  -2.1262696321691960e-01	  -1.7502088512843184e-01	  -1.5261457837133827e-01	   1.6452913117759965e-01	  -7.8216776209615077e-02	  -2.5262596759314615e-01	  -1.3508445764251786e-01	  -7.1994849504253208e-02	  -1.4621162172263084e-02	   1.9115306681838770e-01	  -3.3464927064696443e-01	   3.9208857989822282e-01	   3.5642687242879709e-02	  -1.3031241836726404e-01	  -3.1995556014603327e-02	   5.5829487405958916e-02	   5.8646898286101007e-02	   4.8787122194083699e-01	   7.9744366199491912e-01	   4.5524299276733883e-02	   4.0945524369353148e-01	   1.3191496905508798e-01	   5.1272516371832300e-01	   1.6214513400973249e-01	   2.7247035707322187e-01	  -8.6355180147179605e-02	   1.6711802411505144e-02	   6.3291055185326628e-02	   6.0432112887976591e-02	  -1.2527253917982639e-01	  -1.1558620767132760e-01	   2.7903387701051996e-02	  -8.9901484568350731e-02	   2.2150533545221612e-01	   2.0983854854949069e-01	  -6.9449163999611888e-02	  -1.3929954479327475e-01	  -1.6081907447090887e-01	  -3.9700998640544827e-02	   7.6440373192669997e-02	   3.0482603952305232e-02	   9.2131912258867688e-02	   2.7866439421567978e-02	   1.3906333674962326e-01	   2.3731385142745559e-02	   3.0508225113191795e-01	   1.1889122679888427e-01	   2.3877913898065670e-01	   1.8289914300143262e-01	   5.7184699201710376e-02	   5.1338382684564948e-02	   5.8634439493157142e-01	   5.0488941098291895e-01	   7.6471036396069947e-01	   4.3368476872491218e-01	   9.2746544051583071e-02	   1.4738755710876564e-01	   3.8452787586457149e-01	   2.0387824004143013e-01	   2.4183567366874376e-01	   5.9884134628571850e-01	   1.5956478810549279e-01	   3.7121155247264748e-01	   2.8188231102903721e-01	   4.1011083986316488e-01	   1.8837556089728674e-01	   4.9628888437702612e-01	   3.6079080299152810e-01	   2.6323848199013861e-01	   3.2679485278612264e-01	   1.7786299542970113e-01	   4.5167783555179036e-01	  -4.5852444274126092e-01	
  -2.2986540170079228e-01	  -5.6247271064065696e-01	   5.3370367249019668e-01	  -6.8060581207784132e-02	   9.3628432884493074e-01	   3.6223517403243444e-01	   8.4627402881368674e-01	   2.9032797303000613e-01	   0.0000000000000000e+00	   5.6013837427742086e-01	   3.2159094818923389e-01	  -1.3908145421978413e-01	   5.7122830369357480e-01	   1.9711862479265096e-01	   3.7676424923592572e-01	   1.5373187808425115e-01	  -6.3651647514094623e-01	  -6.4641385117045980e-01	  -4.2309048797862675e-01	  -5.7130237807377282e-01	   3.0731460889470430e-01	  -1.0114105645504049e-02	   1.9702376933052723e-01	   9.7152073498190189e-02	   1.6964899005452605e-01	   1.9417162125737358e-01	   4.4120990013397199e-01	   1.5373453700728804e-01	  -2.4788579443405701e-01	  -5.4905698583609130e-01	   3.0843077695180310e-01	   2.5004341785693041e-01	  -3.2564381613151738e-01	  -4.4750971109269549e-01	   5.7195399837350655e-02	  -5.1784654976810528e-02	   4.5947967375094892e-02	  -3.7473841549002068e-01	   6.2431677083186932e-01	  -3.1989656399453242e-01	  -3.5834163057738505e-01	  -5.1143855319434373e-01	   9.8490587809017441e-02	  -2.3819791145214564e-01	  -1.4129571646630842e-03	  -4.5503867966476852e-01	  -1.7726787877845274e-01	  -1.5734763099934657e-01	   2.1059496762203628e-01	   1.2239104913267226e-02	   5.6548653340453425e-01	   1.5370491322412666e-01	   1.8446243669170213e-02	   9.3000376030739962e-02	   5.5410680305758486e-01	  -5.0545018306615327e-02	  -4.9466841953037066e-01	  -6.1970313217733075e-01	   1.4002780518696925e-01	  -5.0141380397782398e-01	   7.1214837209127979e-01	  -1.2288904786312765e-02	  -4.5358125440198416e-01	  -3.6024911703851803e-01	   2.5057941234361680e-01	   1.4530930386577909e-01	  -2.7095180884325276e-02	  -2.5322051170555354e-01	  -4.8817439242670674e-01	  -3.9042288309847289e-01	   4.0940140678015258e-01	   4.3835006642089047e-01	  -2.7142106299266000e-01	  -4.6944118473871677e-01	   1.6375671805316061e-01	  -4.1568528634227597e-01	   1.7847471072035848e-01	  -3.1536552773446941e-01	  -4.8756661323312317e-01	  -6.4127720437348568e-01	  -5.7810675140215584e-01	  -4.6288132326604797e-01	  -1.7734867276664720e-01	  -3.7070171152106191e-01	  -1.3033371939248883e-01	  -9.7960693089110179e-02	  -1.1643447141814336e-01	  -2.3392954593572482e-01	   1.0722650894250760e-01	  -1.6286541423215206e-01	  -1.0031934964328443e-01	   7.6744293160474306e-02	  -1.5976861379527829e-01	   1.6038305164339656e-01	   2.9474793362270635e-01	   1.6566818375690390e-01	   3.8766710060858189e-01	   1.7838646526061086e-01	  -3.2713957749967726e-01	  -2.1119565001298699e-01	  -1.5717573546316677e-01	   2.6446871526587501e-01	  -5.2692025407165211e-01	  -2.2612083531625321e-01	  -2.8297180251441989e-01	   1.5809235852624012e-01	   1.1104530733304629e-01	   1.9912679008204062e-01	   3.8948125862286959e-01	   2.6031484346825234e-01	  -2.0175479197640123e-01	  -8.9000986624508810e-02	   2.6008258420835001e-01	  -2.6837577677317631e-01	  -2.1066620118722575e-02	  -2.6553545033205128e-01	
  -2.5199512467910212e-01	  -3.9482423463343075e-01	   5.0927706768011216e-01	   4.8068446013430494e-01	   5.8128222418567277e-01	   5.3568483105039999e-01	   6.0773976253035977e-01	   6.8391849714367403e-01	   5.6013837427742086e-01	   0.0000000000000000e+00	   3.1418540376800674e-01	   2.1863973143212989e-01	   3.5772300419852521e-01	  -8.1415523729666626e-03	   4.1534152236203925e-01	   5.4006074567762030e-01	  -4.7794506843049323e-01	  -3.6217935035682353e-01	  -8.1774933008962394e-03	  -1.8439059756740847e-01	   3.5017199056703308e-02	   3.7750898919948234e-01	   5.5726881382567761e-01	   5.0605194601551085e-01	   4.0997458195859371e-01	   3.2267979718934503e-01	   5.4088026366653164e-01	   1.7377306637333179e-01	  -3.2166040067207124e-01	  -3.2033057088786365e-01	   2.9805460347897961e-01	   5.5679519103690334e-01	  -2.1579803216576632e-01	  -2.0281121179037992e-01	   4.3634842870791668e-01	   3.9468226709275800e-01	  -1.3027682147176703e-01	  -3.5766134559629681e-01	   4.4884749622997100e-01	  -3.3468622887836919e-01	  -3.1217621524935002e-01	  -1.5609153523992464e-01	  -4.0160502609968962e-01	  -5.8406279748033629e-01	  -2.9945277057395225e-01	  -4.8634753649394186e-01	  -3.1646387816736948e-01	  -4.3436851372788987e-01	  -4.1859174781595565e-01	  -3.4273142947987689e-01	   1.3996116016120216e-01	  -1.0831366708379223e-01	   7.2118680900299575e-02	  -2.8059937289686149e-01	   4.6753020583591309e-01	   9.1951526596547761e-02	  -4.9367273866016681e-01	  -4.3658192809778917e-01	  -1.6982110775676387e-01	  -3.5879772271682403e-01	   4.3231821496217759e-01	   4.2090483397516021e-01	  -2.4768845611275098e-01	  -5.0692433497509660e-02	   5.8815020289504472e-01	   7.1027941143082829e-01	   2.9622778160882363e-01	   1.6317365156027369e-01	  -2.1810971760661763e-01	  -8.9902992690882824e-02	   3.2979243863633650e-01	   4.5031814295837158e-01	  -1.8258600189055529e-01	  -2.5104742089607224e-01	   5.7572182812220006e-02	   6.3685487729946311e-02	   4.4578625971746666e-01	   4.4423099109442171e-02	  -4.3574715031813638e-01	  -4.7768583447215907e-01	  -5.3166219070231557e-01	  -2.7363212015827615e-01	   2.5766141184544517e-01	   8.4958317799470918e-03	   3.4251190071458593e-01	   2.8237282879651476e-01	   3.6186451293895028e-01	   2.6313462056812198e-01	   5.4654897108257405e-01	   2.0140419913188903e-01	   4.2480289115969483e-01	   3.5518635445817653e-01	   3.3893852699987315e-01	   4.3472901663456742e-01	   3.3998028184595674e-01	   1.6556681049817729e-01	   5.7440026446762893e-01	  -4.6207644374309853e-02	  -1.7784373951577720e-01	  -1.4626058108722298e-01	   3.9873029496225743e-01	   4.6050394676791340e-01	  -3.7803458136553572e-02	   1.8862016455246186e-01	   1.4592786305942440e-01	   6.6152712690936244e-01	   1.9855213010776895e-01	  -3.9398194693528454e-03	   2.2735205751074755e-01	   2.2281606058153364e-01	   8.3077191638546530e-02	  -1.6359889058810684e-01	   2.8879575486653597e-01	   3.0539351189406094e-01	   6.0469660900537836e-01	  -7.2023613820566124e-01	
   5.4273303856969335e-01	   3.1247394696920111e-01	   3.1201045738974298e-01	   2.5268695411252440e-01	   2.6682627171073003e-01	   2.9917123053988536e-02	   3.1052460708537111e-01	   2.1656730800623777e-01	   3.2159094818923389e-01	   3.1418540376800674e-01	   0.0000000000000000e+00	   5.4620477218437125e-01	   7.7674720809168485e-01	   1.1645940807444963e-01	   6.7966751032335471e-01	   2.5842684033398389e-01	   2.7262258469499734e-01	   1.7998593920657247e-01	   4.7007826387374857e-01	   3.0963349282375230e-01	   2.4885675128824453e-01	   3.4810948827577688e-02	   4.9005473270083472e-01	   2.9171380276650766e-01	   4.2665735403773120e-01	   4.2246943187913449e-01	   3.5783199287015344e-01	   3.2061327186505295e-01	   4.1066753849699023e-01	   1.7501376987758757e-01	   1.9206980274404140e-01	   3.0398522574650833e-01	   2.5248765158173447e-01	   3.2432117659094528e-01	   3.9911880570041885e-01	   3.8013720651517346e-01	  -3.6870198689689443e-01	  -2.9843889164923154e-01	   3.8513360096338789e-01	   2.4588783593665298e-01	   2.8011806301443332e-01	   1.4505233111405519e-01	   1.8162225888588618e-01	   2.7275322457500345e-01	   3.4158877422764233e-01	   3.5148862776603351e-01	   2.7003399605194878e-01	   2.6893418795344459e-01	   8.7123242301967105e-04	   3.3787297323495463e-01	   1.7342982224891673e-01	   2.2605789446249319e-01	   5.2987045338348038e-01	   2.2261824374067312e-03	   4.9687355901606101e-01	   3.8866649261101255e-01	   1.9618797208637184e-01	   2.6967606453578441e-01	   3.2413776930954141e-01	   2.6662857586556010e-01	   5.7989967808545240e-01	   4.4844001755856211e-01	   5.0651910959636415e-01	   5.1889851156986100e-01	   2.7817778557348660e-01	   3.5064310150852873e-01	   3.0777317554520645e-01	   2.3410309190824627e-01	   3.6404079336281570e-01	   5.2122109357258484e-01	   2.6748570261212434e-01	  -3.9463781474451023e-02	   5.3495723615675983e-01	   3.2771633209890538e-01	   5.6220879706891724e-01	   3.9233207834429040e-01	   3.9481446528893860e-01	   1.0828480785080455e-01	   3.1618744241134727e-01	   1.3722360715889989e-01	   2.9535917848887544e-01	   4.4909084214152362e-01	   4.8172874069830318e-01	   3.4603173487079314e-01	   4.9460756117907712e-01	   4.5588892386299806e-01	   2.9885880570871182e-01	   3.1962306453985789e-01	   4.1018888844023771e-01	   3.1581486788918373e-01	   4.3301876616419493e-01	   4.1642746491599425e-01	   2.6358756559044016e-01	   3.6220846840389159e-01	   1.1625654613910866e-02	  -4.2102685797742054e-02	   3.2763874889102407e-01	  -3.3152914780517129e-02	   4.6530325774773651e-01	   4.7981772122881483e-01	   1.9089533389056884e-01	   2.6664404229095551e-01	   1.9103705417728606e-01	   3.6330861113724450e-01	   2.9697599848417294e-01	   5.4523920148222171e-01	   4.5074304851209490e-01	   2.7063929572917683e-01	  -8.5691952266281651e-02	   4.6476974090096698e-02	   1.4264178010265216e-01	   4.3222669783378387e-01	   6.2203614657589790e-01	   4.0044814847990895e-01	   3.8251001994338918e-01	   7.0582948369173615e-02	
   7.0508131020521847e-01	   6.7540963674263654e-01	   2.9214860996986880e-01	   7.3246626157969152e-01	  -2.3911650857253283e-01	  -1.7941476798619352e-01	  -3.5274059861640017e-01	   8.5119196525193008e-02	  -1.3908145421978413e-01	   2.1863973143212989e-01	   5.4620477218437125e-01	   0.0000000000000000e+00	   4.1405087652440425e-01	   3.7589294344958313e-01	   6.7815028245763664e-01	   6.5134560497127236e-01	   5.0255290920678042e-01	   5.1836956474542883e-01	   8.2908666802613784e-01	   7.6125998815345397e-01	   8.3611917944004369e-02	   3.7452486873840840e-01	   6.9368932585983456e-01	   7.3750819566707826e-01	   7.9264003729548693e-01	   8.0096120039574137e-01	   5.7068159198512258e-01	   7.1364361628432893e-01	   2.1460341073178987e-01	   5.8516543044049452e-01	   1.9441138691151308e-01	   5.5642441487072702e-01	   3.3776838644075985e-01	   5.1037549002259452e-01	   7.7597599831547137e-01	   8.6188528166680678e-01	  -5.1028254551983773e-02	   1.6243188186741370e-01	   2.2475963063297297e-01	   6.7319013061871069e-01	   6.2545156549683645e-01	   6.6713921853875791e-01	  -2.4769080655277470e-01	   2.7421597178268725e-01	  -9.3823366900524813e-02	   3.9689494882824700e-01	   1.2083779184604389e-01	   2.5117595847740459e-01	  -3.1049915616121948e-01	   1.5372300897943494e-01	  -1.9469394216802473e-02	   2.5914183509589195e-01	   6.4023590550642928e-01	   1.7678918034838925e-01	   4.0024977795664635e-01	   7.0290587818902228e-01	   5.2401087986531913e-01	   5.1323159795276974e-01	   3.8370471367219694e-01	   5.6943742724841773e-01	  -1.5452988640842583e-01	   3.1625229662801030e-01	   5.2793752344823575e-01	   4.7811428204429751e-01	   3.3465387357293336e-01	   6.6877768422211648e-01	   7.3929067098623558e-01	   8.1129120257433418e-01	   6.1582298946479641e-01	   5.1554500657701396e-01	   2.1570484170307935e-01	  -6.8617523879003869e-02	   6.5437240808287567e-01	   7.9453636330328181e-01	   7.1978697550167547e-01	   8.1130805399211137e-01	   7.9142111141502813e-01	   6.8479683636648037e-01	   5.8924214793839425e-01	   5.4378117210885524e-01	   4.4509576208918439e-01	   7.1557728196020842e-01	   7.5110153277684377e-01	   7.8417859564506398e-01	   7.6593447527757408e-01	   9.0905470004589617e-01	   7.3992950611994035e-01	   8.0460329952216658e-01	   6.6309954283260220e-01	   7.7089967881277877e-01	   7.5878880551545458e-01	   7.0575843294064911e-01	   7.5291008433238971e-01	   7.3975003859230792e-01	  -1.8301125443125535e-01	  -1.6928507768666129e-01	   2.8846698886978173e-01	  -2.9821062708714964e-02	   6.0740534300712079e-01	   6.0595250887694074e-01	   6.3325652250815445e-01	   6.0161318934302366e-01	   5.4131926031325217e-01	   5.4778324352709107e-01	   8.7670786082835694e-01	   8.0728608981286942e-01	   5.7232493610085955e-01	   4.6105411560079003e-02	  -2.9537766873581944e-01	  -1.5057735827656329e-01	   3.4834885404542604e-01	   3.3616758829734650e-01	   1.7912823277589709e-01	   6.1982329230331668e-01	   5.3119756462828038e-01	  -4.4660837741024320e-02	
   3.1838851388919492e-01	   3.6835913560299138e-02	   6.8897483135453330e-01	   2.5346836919287274e-01	   4.5064039409699175e-01	  -1.7156327130378407e-01	   4.5363324201976685e-01	   2.0277968648025030e-02	   5.7122830369357480e-01	   3.5772300419852521e-01	   7.7674720809168485e-01	   4.1405087652440425e-01	   0.0000000000000000e+00	   4.6275782583756159e-01	   8.5470761753699753e-01	   5.0032315386247406e-01	  -1.2634717683183921e-01	  -1.9123886986581073e-01	   2.0937875132986211e-01	   1.7429970046384628e-02	   4.0789828578346027e-01	  -2.5119448705215066e-02	   6.6903082466671160e-01	   5.0207041425223020e-01	   6.2605490128343000e-01	   5.8938422362577425e-01	   5.7940097620330555e-01	   5.0956712659300785e-01	  -6.5228950546776826e-02	  -2.1422573399507855e-01	   3.1033584794877966e-01	   3.5465830363267448e-01	  -2.3917378640714473e-01	  -1.4633897816574454e-01	   6.0564280340723964e-01	   4.7249076228949294e-01	  -3.8443724628762256e-02	  -2.2728723097766157e-01	   6.3664588338327766e-01	   2.8300106564318300e-01	   8.3844346175809131e-02	  -8.1507079854731740e-02	   1.1269890931294524e-01	   2.1356712183307849e-01	   4.2477200108825242e-01	   1.9938056787246744e-01	   1.3155641899521570e-01	   2.7229375905889308e-01	   2.7517161806259249e-01	   4.6594445443092836e-01	   6.0589350968128708e-01	   4.7081186715143658e-01	   4.6581479573964435e-01	   3.7411569006600265e-01	   7.2407589073786816e-01	   5.6139885557274316e-01	  -6.9339466732229002e-02	  -1.0872780767951429e-01	   4.2163456387683229e-01	   5.0944938530489446e-02	   5.8810904039315715e-01	   1.9782524062536594e-01	  -3.4205328015547133e-02	   5.2306843999858710e-03	   5.8389852353446370e-01	   4.5548078094911515e-01	   2.1641315803765443e-01	   4.5073406608705319e-02	  -4.5873273846599040e-02	   2.7628080300647822e-02	   3.9324929731549796e-01	   1.9040144531073011e-01	   4.0353950405150896e-01	   1.0112267882167922e-01	   6.3724653556693578e-01	   1.3077306754482904e-01	   4.3102351675083667e-01	   2.1326654593462356e-02	  -6.3606266126374933e-02	  -1.4366414859128737e-01	  -6.9925045825445065e-02	   1.8551830168048808e-01	   4.0039203600159673e-01	   2.5198095656532704e-01	   5.3024471075294777e-01	   5.1161986427787820e-01	   3.6520171014443426e-01	   2.9876662444784718e-01	   5.4498691685935530e-01	   4.1007440823746577e-01	   3.3286815976665607e-01	   5.3598538886894032e-01	   3.1134983001222943e-01	   5.8212941017543662e-01	  -1.8990450045487764e-01	  -2.0275522174122979e-01	   2.6230560305530792e-01	  -1.2686026420771704e-01	   3.2377879159307632e-01	   3.4557628418972530e-01	   1.2999468371544198e-01	   5.2391464392979747e-01	  -1.7128107696546477e-01	  -8.2467820429959982e-02	   1.9170655282177210e-01	   4.3880282251855418e-01	   4.9600823741876116e-01	  -4.7504267306206225e-03	   9.7654400030387195e-02	  -1.2087889913550201e-01	   3.5016196369913488e-02	   2.8037047821255162e-01	   4.0891193724975261e-01	   1.2881851367582350e-01	   6.9565649835051341e-02	   1.4336098750558948e-01	
