   0.0000000000000000e+00	   7.7314566404303986e-01	   2.6098625664205616e-01	   5.9338571482041713e-01	  -3.4207293127058603e-03	   1.9368855351968078e-01	   2.7594849713083602e-01	   5.9825737603557094e-01	   4.6989065320513487e-02	   1.3468131685833198e-01	   6.6450327679405241e-01	   6.6419005851886392e-01	   4.4015378397043392e-01	   7.3453874675837982e-01	   1.7718116350220431e-01	   3.8365660735079199e-01	   5.6694520553899341e-01	  -1.8620592635762492e-01	   5.1455117546080253e-01	   7.9194831528352994e-01	   6.5617457989442785e-01	   4.9262639727199953e-01	   2.8047393875776516e-01	   4.9982205140748781e-01	   2.9099200647868745e-01	   3.2203588206244016e-01	   3.9691519296371436e-01	   2.8877139523096440e-01	   5.7646063991017704e-01	   6.1359983493897274e-01	   3.3209677125770903e-01	   3.3850935287540534e-01	   7.3900898117236802e-01	   6.8037826269599389e-01	   1.1813940329169198e-01	   1.9791927820405203e-01	   1.4602735750075441e-01	   1.7442117876645408e-01	   4.6827295697458371e-01	   4.8004335468428849e-01	   3.6678887770739221e-01	   3.8374380759243643e-01	   1.0038472042705855e-01	   1.1541830801405148e-01	   4.9158048185975849e-03	   1.3804379373703618e-01	   1.3319281989156337e-01	   2.6565873232878551e-01	   3.4077792480862612e-01	   4.5344895110999278e-01	   4.3239325228907055e-01	   6.2173638400143272e-01	   3.2160862119310567e-02	   1.0607806142894149e-01	   2.3916444960130390e-01	   1.5988200668720609e-01	   7.5275047600130329e-01	   7.6478691019351386e-01	   3.1725919919834422e-01	   3.7276565208845203e-01	   2.7354189681529839e-01	   6.9621186074852437e-01	   2.2465817932320858e-01	   6.4470269084373277e-01	   2.3527109031930873e-01	   5.0256464394519074e-01	   1.0880055406789618e-01	   5.1969287311296797e-02	   7.7280337201224336e-01	   5.4627296467812825e-01	   7.7712656968202454e-01	   1.9309021992415032e-01	   8.6824850255452513e-01	   6.0798611418951776e-01	   8.2113826779344778e-01	   5.6870252919401576e-01	   7.5329612999398765e-01	   5.4233166658815679e-01	   5.4154436038470066e-01	  -9.7488754076929269e-03	   6.4571841889869752e-01	   6.6964989265514463e-01	  -1.6350181658434013e-01	   5.5376037371441367e-01	   2.1284937566314714e-02	   4.9103324735470133e-01	  -6.3185651006441662e-02	   1.8905160492737144e-01	   1.2005086963155405e-01	   3.1419973254007372e-01	   7.0974466678708187e-02	  -2.6247804547874232e-02	   2.4939597639954519e-01	   2.7844971965105647e-01	   2.7059901138991094e-01	   9.9184337771848152e-02	   5.3725202169802277e-01	   5.8221980676704532e-01	   1.8169732672133118e-01	   2.8129273945677968e-01	   1.8810234440748674e-01	  -1.0251611672315053e-01	   1.0090042171557037e-01	   1.0078018819878902e-01	   6.0077119916745447e-01	  -1.1496926999928947e-03	   3.6123619888868863e-01	   1.1692186914983790e-02	  -1.1478406200574244e-01	   4.2932240149934398e-01	   5.1375279319134437e-01	   1.7000761639146311e-01	   1.4291601966558504e-01	  -1.7467358467724653e-01	   9.5207817822681090e-02	  -1.1416237884135387e-01	
   7.7314566404303986e-01	   0.0000000000000000e+00	   4.1870669066568678e-01	   5.1131148452972974e-01	  -3.6871216855278477e-01	  -1.9575947648160527e-01	   5.4512070786504885e-01	   6.9533545124904439e-01	  -2.5010861033213400e-01	  -2.3109980491338625e-01	   6.5584082031352853e-01	   7.3884669955084770e-01	   3.2329318953511366e-01	   6.7533858486846765e-01	  -2.0405150042545553e-01	  -5.0238947607626698e-02	   9.9933887023193432e-02	  -1.1472568949815677e-01	   4.5383782351700153e-01	   8.3527338538027351e-01	   4.4636186304013359e-01	   2.2871172881542126e-01	   2.2129220097172636e-01	   3.7349007703788040e-01	   3.6464621372495093e-02	  -8.2663704302683872e-03	  -5.6723645960295534e-02	  -1.6238569215425711e-01	   3.1629478034582686e-01	   7.0257488383998390e-01	   4.1372988257960586e-01	   2.8026514036776823e-01	   8.2409360878692051e-01	   7.8857330249437818e-01	  -5.2703997661197530e-02	  -3.7775407768497159e-02	   1.3673839885725214e-01	   1.1330107496076389e-01	   5.0916465853146575e-01	   4.1218476278497213e-01	   2.5744572801327120e-01	   2.1525923588352278e-01	   2.5411352642959284e-01	   3.4180606817566200e-01	   2.4704449455472466e-01	   3.7687250057886074e-01	   3.4702515306097620e-01	   4.9067202372004437e-01	   6.4004284538831513e-01	   7.3960102804630357e-01	   6.0696354851174550e-01	   7.5061857689788336e-01	   3.1823705161294419e-01	   4.2167228432669568e-01	   2.2677155137599062e-01	   2.0532226066445503e-01	   8.3863565691412989e-01	   8.6241406089953676e-01	   6.1114145820559074e-01	   6.8944892508389999e-01	   3.4559792810631673e-01	   5.7783137311866639e-01	   2.9495347006852413e-01	   5.8782278361611584e-01	   8.7812248934399165e-02	   3.3320462678452856e-01	   1.9486660852561172e-01	   1.9521075908552968e-01	   6.2582668080439940e-01	   4.5830959887040523e-01	   4.4847684366802798e-01	  -1.3050789741576596e-01	   7.3292626266573357e-01	   6.1992213791653594e-01	   7.0193327576144926e-01	   5.1188728605542111e-01	   7.2432171645271448e-01	   5.9771425187755378e-01	   2.2593311328438775e-01	  -3.4332583391215993e-01	   3.9491381323811792e-01	   5.1760586396217645e-01	  -2.5326823688176253e-01	   5.9424564300819072e-01	   4.3135713252750257e-02	   4.0586884244800792e-01	  -4.6670715735300544e-02	   4.1146156877610440e-01	   4.9309144066647922e-02	   3.7841886535230318e-01	   1.4368287420844367e-01	  -7.2442455016949207e-03	   2.1016520723582602e-01	  -5.4888823955211484e-03	   3.0853295234578321e-01	   3.0394361265578419e-02	   4.9783223332633608e-01	   4.4808295141239185e-01	   2.8844000160460648e-01	   4.7436100343741938e-01	   3.4062316142381788e-01	  -2.7353895564831249e-01	   2.3777485194835993e-01	   3.5580108743335531e-01	   6.3922469860198539e-01	  -5.8432312997820771e-02	   2.0300155208624457e-01	  -1.8771954396058321e-01	  -1.4009413663633408e-01	   6.1270300550303122e-02	   5.0116546700135767e-01	   2.8859264890547320e-01	   2.2485749304990882e-01	   1.9772563531641327e-01	   3.7247765946769235e-01	  -4.3511482816101710e-01	
   2.6098625664205616e-01	   4.1870669066568678e-01	   0.0000000000000000e+00	   7.7428766451737385e-01	   8.4987445216511817e-02	   1.6261188857021286e-01	   7.2191582063009319e-01	   4.8855773817348197e-01	   1.8046830278738610e-01	   2.1713169254387318e-01	   3.6395378717357485e-01	   5.9816155065485210e-01	   6.9072413215467510e-01	   5.3799286900164656e-01	   3.1011319112027652e-01	   2.6283611575599164e-01	  -1.5017323507287940e-02	  -7.9190066757788516e-02	   6.6551294858374521e-01	   6.4257409437916602e-01	   2.1087242552943528e-01	   3.0425753670186262e-01	   8.0581502086352641e-01	   7.1616947056737923e-01	   3.8958104778776437e-01	   3.3261220165714317e-01	   1.2421449627782943e-01	  -1.9377961038656889e-02	   2.6990184971716991e-01	   4.1944388437706442e-01	   7.4597650424565953e-01	   7.0461199892359239e-01	   5.6102821773684575e-01	   4.8405186627109520e-01	   3.9832747983812394e-01	   3.5391956096990479e-01	   5.8710852441569528e-01	   7.0341500730621620e-01	   4.3416155620743696e-01	   4.3012051277461327e-01	   6.0778385161557924e-01	   6.1161321259632673e-01	   4.2711872859988731e-01	   4.0871749245438460e-01	   4.8327416419899988e-01	   5.9224042644927954e-01	   4.7723177965719632e-01	   5.6727070184858830e-01	   6.7782059426354502e-01	   6.4031943192473995e-01	   8.2008828956157753e-01	   6.2643069361497716e-01	   8.4460878749883139e-01	   9.0013396134059442e-01	   5.3049539427030057e-01	   6.4574388863280063e-01	   4.6021781961397856e-01	   4.0171926650968359e-01	   5.1203931030730976e-01	   4.0422108475169360e-01	   1.7296880427938049e-01	   4.2740543138458903e-01	   7.8967760488014993e-01	   4.1585827276370357e-01	   7.1847611472331341e-01	   5.4910799836391744e-01	   7.5902857993391704e-01	   6.0931664962862819e-01	   4.2687853602676390e-01	   3.0992889213268215e-01	   3.5577435599949525e-01	   2.5401702510826341e-01	   4.0720702734125402e-01	   4.6956077508681993e-01	  -2.0131291434094107e-02	   3.2839128442536572e-02	   1.3502840054427009e-01	   6.0734768937196315e-01	  -2.9504189721800422e-01	  -5.4946228742023706e-01	  -1.0915330678281046e-04	   6.0272765526154681e-01	   5.2334846249008482e-01	   6.0229871454515327e-01	   7.3160590179422247e-01	   7.6221717310575188e-01	   5.3497441986550265e-01	   3.6125343553838635e-01	   6.2793049415095514e-01	   7.4419454302950405e-01	   6.1345794955887289e-01	   7.1066649781680868e-01	   4.9532050230648139e-01	   4.1956807364436222e-01	   1.5148717769463343e-01	   2.1593866602961559e-01	   2.0405235127225654e-01	   4.0446367032898262e-01	   6.3246591826220977e-01	   7.5682002046079144e-01	   1.9028133388215712e-01	   2.4009095871736605e-01	   5.0991723940126998e-01	   5.2759120690376604e-01	   4.7996075635301888e-01	  -1.2925441783226832e-01	   1.8286804563261073e-02	  -4.2159621345145404e-01	   2.8332692889748473e-01	  -2.6804836967085904e-01	   4.5328954247823600e-01	   5.7136608995436355e-01	   5.9288358141758624e-01	   6.0584854369599006e-01	   2.6795441962511612e-01	   2.7306267620849003e-03	
   5.9338571482041713e-01	   5.1131148452972974e-01	   7.7428766451737385e-01	   0.0000000000000000e+00	   2.9758296974401344e-01	   4.9973110849792007e-01	   4.4987137380523068e-01	   5.6920665816158511e-01	   3.7754674171170377e-01	   4.6585986373824173e-01	   4.9941500004212830e-01	   7.7076969859259570e-01	   7.7674534166107945e-01	   8.5256326318703679e-01	   5.0961693139246167e-01	   6.1570061033236700e-01	   2.2484319717066859e-01	  -4.2022948908477697e-01	   7.5708929592945762e-01	   8.3299647418039258e-01	   4.7230836042551255e-01	   4.9717825676609678e-01	   7.1251253193191444e-01	   8.1218879026739954e-01	   6.5307118938947184e-01	   6.3794494922642753e-01	   4.9227603931410530e-01	   3.4477274959102422e-01	   4.1710587251778686e-01	   3.1420503858101678e-01	   6.3974503453459131e-01	   6.3103034783768830e-01	   7.8574116247231696e-01	   7.6545692572795954e-01	   5.6990858719968718e-01	   6.2737133398788636e-01	   5.7200918910580312e-01	   7.5872755412287562e-01	   6.3724650245612846e-01	   7.1432515069303804e-01	   7.4024164142662652e-01	   6.9408864087923128e-01	   4.2703556297255996e-01	   4.4101011441801496e-01	   3.9058767580697779e-01	   5.1791047741402130e-01	   4.8057729789682335e-01	   5.5545868739223514e-01	   5.7937047641684591e-01	   6.0608221741835444e-01	   8.3659873647883520e-01	   7.9010376701197438e-01	   6.6945356582204296e-01	   5.9610912262432247e-01	   7.6094174521820401e-01	   7.8413320767511863e-01	   4.9677956662652539e-01	   5.0951677009068685e-01	   3.4343669057582493e-01	   3.8636953039866728e-01	   6.3638584654149011e-02	   6.7867866203712102e-01	   6.0456319422255134e-01	   5.0512235312147247e-01	   7.3244794023518378e-01	   8.6983188163280745e-01	   7.3792028197250836e-01	   6.9106997786896984e-01	   8.2772031444448624e-01	   5.7380121679979357e-01	   6.6243136210720455e-01	   2.6386155754417318e-01	   7.0512605261934513e-01	   3.0811395490351590e-01	   2.0948574103199771e-01	   5.0867060325125620e-02	   5.0428436537131538e-01	   7.5682475081351408e-01	  -2.5163871557155645e-02	  -4.2702238641655699e-01	   2.1747359177416301e-01	   7.3935523482944498e-01	   4.5297162488660947e-01	   6.1041651212422887e-01	   7.3008081934415014e-01	   9.4307856527105416e-01	   4.7738430020978190e-01	   4.0351539626361566e-01	   6.4554508812041334e-01	   7.3367817910752420e-01	   5.9111208158235340e-01	   5.3528568964492229e-01	   5.4322018521532356e-01	   4.8049434150456266e-01	   2.4994003721351682e-01	   1.7218451001856044e-01	   5.2950082993471015e-01	   7.5599019004833878e-01	   6.6968394618473415e-01	   7.2035083390703436e-01	   2.0914363444211007e-01	   2.6173591119898637e-01	   4.6935793539180493e-01	   3.7767785424695310e-01	   4.6934095083201699e-01	  -2.4619461115150182e-01	   1.1668260132258072e-01	  -3.2801830143752869e-01	   3.5077788133120730e-01	   2.0538377017780113e-01	   6.8288505792519238e-01	   6.1358398607109654e-01	   6.7286294978539285e-01	   3.3371768050131811e-01	   1.4366885090901796e-01	  -1.3427684242349691e-01	
  -3.4207293127058603e-03	  -3.6871216855278477e-01	   8.4987445216511817e-02	   2.9758296974401344e-01	   0.0000000000000000e+00	   9.2289475338768279e-01	  -4.4075128802130194e-02	   1.0623433323137675e-01	   9.6647309557658256e-01	   9.5239289208357836e-01	   1.2166190664564119e-01	   8.9409228666664939e-02	   4.3219025618366902e-01	   1.7884082914219113e-01	   8.8346220423816302e-01	   8.0586464236909772e-01	   2.6962266259995832e-01	   1.5590026127489687e-01	   2.5313081443087793e-01	  -1.3043317223255871e-01	  -4.8555079846181945e-02	   2.8406092581548520e-01	   4.8370165796875725e-01	   5.0373633468230883e-01	   6.0778527004481564e-01	   7.1623740736705344e-01	   7.6098512898952453e-01	   7.3727678057343671e-01	   5.4772685821303713e-01	   1.7734554046648143e-02	   2.3778244613362465e-01	   4.3936983190771872e-01	  -3.4827753436560423e-02	   2.3158857746628451e-02	   3.3270448335046277e-01	   3.5847717429810078e-01	   3.2897146554668144e-01	   5.2069841389722493e-01	   3.3484625859035716e-01	   3.8928070266146758e-01	   5.4698261743443144e-01	   5.1976521877660709e-01	   2.8694539749669190e-01	   1.5557277638053685e-01	   3.0222182424072930e-01	   2.5353851195457161e-01	   1.8397210546359388e-01	   1.1387979991826894e-01	  -1.6795728231074752e-02	  -2.1618193727871324e-01	   1.0426608284189333e-01	  -9.3229183299154972e-02	   1.3980491377631279e-01	  -1.6421310162629427e-01	   5.0580358381157842e-01	   4.5749490639930612e-01	  -2.9632794208647742e-02	  -5.9235060677951333e-02	  -4.3320792795721430e-02	  -1.9418838880280626e-01	   1.3448392645211626e-01	   3.5788438049778776e-01	   1.0814305191509760e-01	   3.9430857138783498e-02	   5.7662251877745430e-01	   2.0347064676853993e-01	   3.5088410491492461e-01	   1.5147171832655970e-01	   1.5160520517527706e-01	   8.4729406617789993e-02	   4.2596590204495283e-01	   5.9375715221047598e-01	   2.2413537937496109e-01	  -1.5837893835722774e-02	  -9.2974144994280916e-02	  -1.1392376723321332e-01	  -2.3845033106146753e-02	   5.3910555029661827e-02	   2.4279394465968646e-01	   3.0739106063229760e-01	   8.6977010480414396e-02	   3.7076861176133175e-01	   5.7542570068315213e-01	   1.5000034236190399e-01	   3.2222899197642624e-01	   2.2290757722227816e-01	   4.5164084264115323e-01	   4.6941964504995423e-02	   5.9344205522961591e-01	   2.6257960988873641e-01	   2.4894230653292637e-01	   3.0285334226073291e-01	   2.7558990849033793e-01	   6.8381897636908406e-01	  -7.0765463000471443e-02	   2.9010172086596009e-01	   3.4896635574415170e-02	   2.4228098527442921e-01	   3.3588288698824997e-01	   1.0041141268062143e-01	  -2.2718988460662917e-01	   6.2561286775062230e-01	   9.1222272151942965e-02	  -2.7586883472817965e-02	  -2.3398486290076181e-01	  -9.5898715612451516e-02	   2.3831182308911703e-01	   3.3891046945604053e-01	   5.4581851411155535e-01	   3.4256810401903459e-01	   5.2326007545510670e-03	   1.7984390553096807e-01	   3.3442621850214915e-01	  -2.0533922784965247e-01	  -3.7797003585570021e-01	   2.3290336115199040e-01	
   1.9368855351968078e-01	  -1.9575947648160527e-01	   1.6261188857021286e-01	   4.9973110849792007e-01	   9.2289475338768279e-01	   0.0000000000000000e+00	  -7.4637797563029490e-02	   1.1928364403566601e-01	   9.1537891372207536e-01	   9.5961880150680878e-01	   3.1687375104721538e-01	   3.0708520799821848e-01	   6.1015086355786574e-01	   4.4462397444707752e-01	   9.2764333932276299e-01	   9.2696347166558790e-01	   3.3400297002750023e-01	  -6.0966434650541954e-02	   4.9123463217578411e-01	   1.1268998983713618e-01	   2.4195554996154789e-01	   5.4591548391871103e-01	   5.0718682912344537e-01	   5.8512201468379588e-01	   8.2756000413380593e-01	   9.1211543479141599e-01	   9.1723647255826746e-01	   8.9190978100605467e-01	   5.4433222146764926e-01	   2.9559949787889835e-02	   3.6938627392175932e-01	   5.3327631777716766e-01	   1.8731265862114105e-01	   1.9051170585583338e-01	   4.2980772436313536e-01	   4.8937733745652745e-01	   4.8870091863471465e-01	   6.7255993309390016e-01	   5.1791037892378211e-01	   6.4618715143649486e-01	   7.2051611092392565e-01	   6.4698124771773413e-01	   4.2275296982798660e-01	   3.1382500279730763e-01	   3.3754966636006345e-01	   2.4760648916255132e-01	   3.5053065691673901e-01	   2.5091455361620407e-01	   4.9751976939400956e-02	  -1.1065673967741980e-01	   2.6198236210698383e-01	   6.7247384019714279e-02	   1.8781096696099389e-01	  -1.2673355726993196e-01	   6.7775685862433455e-01	   6.1069563481102485e-01	  -2.6991043661692679e-02	  -3.0364161912438570e-02	  -1.4553608275911870e-01	  -2.3452166542683156e-01	  -5.7036117549917401e-02	   3.7907986548897521e-01	   4.0502418325500590e-02	   1.1012021009081467e-01	   6.2415060039462589e-01	   3.8384494715686662e-01	   3.8928305516647821e-01	   2.3127818550605136e-01	   3.8524365709238628e-01	   1.6690669145566775e-01	   5.9079813812803050e-01	   4.9934388538048008e-01	   4.3087095362973643e-01	   2.0620269061243233e-02	   9.8933720848946739e-03	   1.9770344630018630e-02	   2.2638954579324899e-01	   3.1785219640543488e-01	   2.1549927827439214e-01	   1.3595541179233919e-01	   1.8901564144377361e-01	   5.6627370498640495e-01	   6.2806491051954927e-01	   3.2406553436057073e-01	   4.6485001239385076e-01	   4.3724970823565668e-01	   5.7213956264906130e-01	   1.6320927842427715e-01	   6.6130782821548206e-01	   2.7758230610450596e-01	   3.6891619121830144e-01	   3.0268222344081508e-01	   3.8262654238690647e-01	   6.4001719403211166e-01	   1.1107934415948512e-01	   2.5131099512234067e-01	   3.1168456999162258e-01	   4.7310794783502386e-01	   4.7687986544040351e-01	   2.6031834305836765e-01	  -3.9674971865998922e-02	   5.8974929707603418e-01	   2.6923230482744376e-01	   1.1833098778915507e-01	  -1.8770322669596309e-01	  -2.0540669058094421e-01	   2.0085369712929696e-01	   2.3909798792602843e-01	   5.8918355837493752e-01	   5.1347172422635601e-01	   2.4530566193016765e-01	   3.0148424935732632e-01	   5.2194323042475066e-01	  -9.4287601019126477e-02	  -3.8839021279082275e-01	   1.4634666213148001e-01	
   2.7594849713083602e-01	   5.4512070786504885e-01	   7.2191582063009319e-01	   4.4987137380523068e-01	  -4.4075128802130194e-02	  -7.4637797563029490e-02	   0.0000000000000000e+00	   8.0086239878635279e-01	   1.1278384581943288e-01	   7.1056975994991667e-02	   5.8226335280014019e-01	   3.8875354303228549e-01	   5.3161627776206899e-01	   4.3518700970154189e-01	   8.2756254106655464e-02	  -4.9391545846932755e-02	  -2.8414675676079648e-01	   2.8529996589182510e-01	   3.9297274956327438e-01	   5.2328520310644799e-01	   5.0342132968842150e-02	  -2.8885539171759334e-02	   5.5711465801052473e-01	   4.7472827582445809e-01	  -8.5130410275928423e-02	  -4.4562810988649976e-02	  -1.4967425386430244e-01	  -2.6253963296538041e-01	   2.6429087335231372e-01	   6.0990039631114512e-01	   4.4357115758536708e-01	   4.6605753118025095e-01	   4.6546570368754364e-01	   5.0591640781851088e-01	  -1.7154242003577447e-01	  -1.9087299816797335e-01	   7.8360142309721090e-02	   2.6647559056513437e-01	   2.7767308411934033e-01	   1.1430087538970642e-01	   3.7918318998168082e-01	   3.7722156799931011e-01	   2.3238650351782542e-01	   2.3938718092682215e-01	   5.0638107353201445e-01	   5.7836370799356152e-01	   3.0673656688120776e-01	   4.1168618515042699e-01	   7.1342063168257086e-01	   6.4413852691456142e-01	   5.7398526129245442e-01	   5.2054381149750417e-01	   6.4901862531846821e-01	   6.2285435722402327e-01	   2.4637068770017215e-01	   3.0598364033390624e-01	   6.1825465468559226e-01	   6.1814006558927082e-01	   8.5464723115249908e-01	   6.5689191479533227e-01	   6.9671791439815001e-01	   5.9982850549678079e-01	   5.9839865111080970e-01	   1.9242671354955460e-01	   5.1699034991204473e-01	   2.3565464918757045e-01	   6.0253989369310745e-01	   3.8392617129607870e-01	   2.5176754495905435e-01	   4.6581481266270408e-01	   1.1954262059306578e-01	   4.8668647209706879e-03	   3.8940630578175989e-01	   5.1327181148331880e-01	   2.2057871701951104e-01	   1.9323897360519848e-01	   2.5033448389597263e-01	   3.8945237064729138e-01	  -1.6566202694697613e-01	  -3.4006386532296495e-01	  -1.1668056244409894e-01	   4.7542309913327774e-01	   2.0948682393878131e-02	   3.9822102133831272e-01	   2.5137532177911459e-01	   3.4187493728245372e-01	   2.5105349957738121e-01	   3.5953226962313412e-01	   4.4070373615039848e-01	   7.5035799529894198e-01	   2.8999457107868654e-01	   5.4934784792542835e-01	   4.1260769396677266e-01	   4.3254926320694786e-01	  -3.5297816334978804e-02	   2.7524756796855808e-02	   4.2089902670374914e-02	   1.0534550838336354e-01	   3.7541398262417425e-01	   5.2029816525793160e-01	   6.8058612056253839e-02	  -4.9456684199071836e-02	   2.4407410266821847e-01	   3.8016154894339615e-01	   6.0529625100791207e-01	   3.8587904431357331e-04	  -4.4790272639728138e-02	  -3.0174975696081779e-01	   1.1801943322975594e-01	  -1.8679949244466909e-01	   9.9045705095454850e-02	   3.8177478391359360e-01	   3.3178537696787658e-01	   2.7276363249625929e-01	   4.1461966726746546e-01	  -3.2906475614789155e-01	
   5.9825737603557094e-01	   6.9533545124904439e-01	   4.8855773817348197e-01	   5.6920665816158511e-01	   1.0623433323137675e-01	   1.1928364403566601e-01	   8.0086239878635279e-01	   0.0000000000000000e+00	   2.4941692201070298e-01	   2.4458084902320260e-01	   6.4602316887627520e-01	   5.4726924000714550e-01	   4.7231234457215232e-01	   6.5084700068460433e-01	   1.5547549948127937e-01	   1.8556874415879737e-01	  -1.7189610148955325e-03	   7.3633148367988885e-02	   4.2186308633051994e-01	   6.9467109435194652e-01	   2.1099784509866737e-01	   3.3305072231993388e-02	   4.9223950642536590e-01	   5.9602415473136072e-01	   2.1894486165786554e-03	   8.0739260865539703e-02	   4.7528725853165608e-02	  -9.0231780533109318e-02	   4.7500869922002942e-01	   6.9430096658606366e-01	   3.5414094586016776e-01	   4.1773275611882094e-01	   6.1433218613158769e-01	   7.4542168184774871e-01	  -5.4180475166371742e-02	  -1.5096049054139977e-02	   6.0255098328222045e-03	   2.5647304481948813e-01	   4.3810493596491662e-01	   3.0511201356638612e-01	   3.7188970907989727e-01	   4.0373371302852545e-01	   2.6412223098192472e-01	   3.0768020275721009e-01	   4.6791702962704629e-01	   6.2751835973340020e-01	   3.1742933273752605e-01	   4.9094879078476272e-01	   6.6994104202819049e-01	   6.6470745950131771e-01	   5.5637438646720161e-01	   6.7261396426915998e-01	   4.7831770943213592e-01	   4.0112249271321032e-01	   3.9845736381729491e-01	   3.7324655905118120e-01	   8.0303294205705567e-01	   8.2489981964134462e-01	   8.7410460975588156e-01	   8.1000542067867409e-01	   7.7854222898706893e-01	   9.1052203994942649e-01	   4.7398592331382983e-01	   3.6128400849141495e-01	   4.7057960660345738e-01	   4.4996592647315287e-01	   5.8530643330481569e-01	   4.1789105127546911e-01	   5.4832816781979954e-01	   7.1796314873776157e-01	   4.3171725999482263e-01	   1.3599590991058597e-01	   6.4874936470588795e-01	   4.6624247451620349e-01	   4.8561187449971732e-01	   2.1212887918066664e-01	   6.0316118324514056e-01	   5.3144597134182925e-01	   2.0542536433152628e-01	  -2.1326330053455494e-01	   2.1314566256699410e-01	   5.5282301260845035e-01	  -1.4159313495164377e-01	   4.4501385796108467e-01	   1.8324309315580029e-01	   4.2921285489680427e-01	   1.0161086037120118e-01	   3.5989179532346816e-01	   4.2344037902187126e-01	   7.6587138382909137e-01	   2.9593153315109577e-01	   4.1844706283505795e-01	   5.0708149487986220e-01	   5.3239887318158974e-01	   7.3912853154973479e-02	   1.7240318540689303e-01	   3.8326754892368814e-01	   4.1132125205542602e-01	   4.3902936800507919e-01	   5.1702161481441333e-01	   1.3687522149883982e-01	   4.4400933625337320e-02	   2.2229560404104118e-01	   2.7219761897200950e-01	   6.6635676270888666e-01	  -1.2251763021901070e-01	   1.5392776476552972e-01	  -1.6875790856298295e-01	   2.2648082324224242e-01	   2.5641647351392410e-01	   2.8421385141221189e-01	   4.7854000206817743e-01	   3.3532247669409732e-01	   2.0567856127941903e-02	   3.3063087313252215e-01	  -3.4434731734729834e-01	
   4.6989065320513487e-02	  -2.5010861033213400e-01	   1.8046830278738610e-01	   3.7754674171170377e-01	   9.6647309557658256e-01	   9.1537891372207536e-01	   1.1278384581943288e-01	   2.4941692201070298e-01	   0.0000000000000000e+00	   9.7024358703150126e-01	   2.6525405678952202e-01	   1.9024827868279059e-01	   5.6110351605793796e-01	   3.1751125904015270e-01	   8.8771599871297646e-01	   8.2244055609042710e-01	   1.5722470869384778e-01	   1.4568226808896123e-01	   3.1562814634391323e-01	  -9.7340158658173088e-03	  -6.4093751765948614e-02	   2.5589905874425789e-01	   5.5409935580019165e-01	   5.3923594554077470e-01	   6.0871002391932505e-01	   7.1684826960104875e-01	   7.2991439004450220e-01	   6.8248155381331943e-01	   5.3988832670575548e-01	   9.0292651912976460e-02	   2.5908225340560159e-01	   4.6223730337300173e-01	   9.2901973230938628e-02	   1.6264913943953430e-01	   2.7793506172132310e-01	   3.6181895071831471e-01	   3.0883784065558600e-01	   5.8477533383304725e-01	   3.5769407180228252e-01	   4.2430523653833413e-01	   6.1329063296583963e-01	   5.7897300790151429e-01	   4.0724127791360998e-01	   3.0008826510166842e-01	   4.5104233302526853e-01	   4.0470488873802440e-01	   3.2003698866642272e-01	   2.6188066740816934e-01	   1.8190505253790062e-01	  -3.4265912443621378e-02	   2.5933855517414217e-01	   6.2825209579422281e-02	   2.9620823992385403e-01	  -5.9393503617606300e-02	   6.2492334148686857e-01	   5.7888204286142075e-01	   4.4337028793486361e-02	   4.7281133086315132e-02	   9.6438015372287522e-02	  -4.1926696634953964e-02	   2.2658475701569664e-01	   4.5948341130086418e-01	   1.5815655170181372e-01	   3.0313383953199217e-02	   6.7631037328616483e-01	   2.8584346739442573e-01	   4.8983459070901308e-01	   2.7469958287148921e-01	   1.9634260025793024e-01	   2.1383948289356264e-01	   4.0430484340873574e-01	   5.0339811531032874e-01	   2.8859415376874042e-01	   7.9783052961354215e-03	  -1.0010902826370038e-01	  -7.1001294901008566e-02	   8.3200993820365804e-02	   1.8361299967461828e-01	   1.7962921440963661e-01	   2.2247640310113520e-01	   3.5096557246267958e-02	   4.6214365441682281e-01	   5.7730748709712587e-01	   1.9666314676466484e-01	   4.0905662327594883e-01	   3.1400887738954131e-01	   5.5176645328519613e-01	   1.6510003707951412e-01	   7.0612381422977522e-01	   4.0726249180642560e-01	   3.0989451455071715e-01	   3.8075467635466426e-01	   3.5654193276652990e-01	   7.0838247601201831e-01	  -1.3713627114310206e-01	   2.7476000601915501e-01	   1.1106876115501818e-01	   3.5004739078070524e-01	   4.3684847980425945e-01	   2.2360755359242476e-01	  -2.0853298859035058e-01	   5.4351986069876945e-01	   1.4455787707945675e-01	   1.0099898785264646e-02	  -1.4099697888123847e-01	  -1.6751015952040094e-01	   1.3616862142666825e-01	   2.0386200727210613e-01	   6.5383777063228921e-01	   3.7743470361020393e-01	   8.9711034237177967e-02	   2.6473550355960107e-01	   4.3985886473518238e-01	  -1.6435319807647505e-01	  -2.8078100584693350e-01	   1.3761884543162878e-01	
   1.3468131685833198e-01	  -2.3109980491338625e-01	   2.1713169254387318e-01	   4.6585986373824173e-01	   9.5239289208357836e-01	   9.5961880150680878e-01	   7.1056975994991667e-02	   2.4458084902320260e-01	   9.7024358703150126e-01	   0.0000000000000000e+00	   2.9418253513722670e-01	   2.2506232889181477e-01	   6.0096629462561224e-01	   3.9481697193773185e-01	   9.2030573900203949e-01	   8.8453695526640475e-01	   2.8016918211676134e-01	   4.7058209122621604e-02	   4.4334284598699503e-01	   8.3423457800500062e-02	   1.3498644758498807e-01	   4.1294600291023498e-01	   5.7304676926811193e-01	   6.1518992547530738e-01	   7.0953041501773240e-01	   8.1910265756231682e-01	   8.2491108018886605e-01	   7.7059818596926766e-01	   5.4462604119204649e-01	   9.6598096069061695e-02	   3.3762038976595909e-01	   5.4907786074709442e-01	   1.0343559212007511e-01	   1.5923472225022534e-01	   3.6558800000101804e-01	   4.2150350149509835e-01	   4.0556758375398105e-01	   6.6334010997832282e-01	   4.3773240462592850e-01	   5.3694264745314579e-01	   6.8042936554449929e-01	   6.5143835671611217e-01	   4.1797890490709388e-01	   3.0525558285180376e-01	   4.1086640123122431e-01	   3.5651050583822208e-01	   3.4228687235527111e-01	   2.8396215443405942e-01	   1.1142110058451173e-01	  -7.2126772220731550e-02	   2.5432690644482664e-01	   6.6222091876557643e-02	   2.6153607168887100e-01	  -5.7128365560067298e-02	   6.7089601543357724e-01	   6.1221270321399401e-01	   1.9805729804729031e-02	   6.3976738391116608e-03	   2.2587222643723960e-02	  -1.2235715117364906e-01	   1.4569581745966573e-01	   4.6745950149999804e-01	   1.3660163829128652e-01	   7.0610847733256363e-02	   6.9984897933624945e-01	   3.7147579879082088e-01	   5.0252592151124942e-01	   2.7811803681086017e-01	   2.9086624925012450e-01	   2.3934563958781618e-01	   5.2593904963119942e-01	   5.4802401123410160e-01	   3.7131653500625367e-01	   2.5561860046617011e-02	  -4.7435849804215037e-02	  -6.3524115205530252e-02	   1.7348930086655567e-01	   2.9962573133231751e-01	   2.0599125566390261e-01	   1.4018200891755514e-01	   1.4328152623237161e-01	   5.3549255351137581e-01	   5.9486596941273173e-01	   2.7679517308149049e-01	   4.8208833151000996e-01	   4.0654099725436599e-01	   5.7283265375939973e-01	   1.4539241200130565e-01	   7.3119805720869602e-01	   4.1243606795518761e-01	   4.0368995564295740e-01	   4.4287044033295742e-01	   4.6773730441249872e-01	   7.5693574988267487e-01	  -3.7481210567543192e-03	   3.1259822081293059e-01	   2.5131441822923639e-01	   4.1721563456001587e-01	   5.0986430003879779e-01	   2.8941118967941282e-01	  -8.1875469289611369e-02	   6.3056404318298753e-01	   2.5822769695815939e-01	   9.1661691356029196e-02	  -1.0885201244398657e-01	  -2.1136529788538463e-01	   1.7925851403630230e-01	   1.8912064750580437e-01	   6.6240315072375178e-01	   5.0154526640670838e-01	   1.6223270426649625e-01	   3.5950258123404844e-01	   5.0195560122526439e-01	  -1.1301361275782873e-01	  -3.3444354284614763e-01	   2.0931216848065570e-01	
   6.6450327679405241e-01	   6.5584082031352853e-01	   3.6395378717357485e-01	   4.9941500004212830e-01	   1.2166190664564119e-01	   3.1687375104721538e-01	   5.8226335280014019e-01	   6.4602316887627520e-01	   2.6525405678952202e-01	   2.9418253513722670e-01	   0.0000000000000000e+00	   6.3733965313733298e-01	   7.3929502964780214e-01	   7.8288169857286438e-01	   3.0352804140017686e-01	   3.4935295042728609e-01	   6.1064903831487376e-02	   1.6934514825913702e-01	   6.1643816266725260e-01	   6.2709586690558683e-01	   4.9495245223764128e-01	   4.5575124255163202e-01	   3.7003025591207156e-01	   4.4573222500639720e-01	   3.7272719190659609e-01	   4.2225388301342465e-01	   4.0475036914676138e-01	   3.5311023132491876e-01	   4.3670872160203777e-01	   6.1312856456870357e-01	   4.5997357846251469e-01	   4.9607174732980086e-01	   6.8161070202649610e-01	   6.3524679396381867e-01	  -1.9010845788504913e-01	  -8.8945059674443924e-02	   2.2073616628784160e-01	   3.3510970903705267e-01	   5.6406847095301527e-01	   5.7262678063754147e-01	   5.7286096365126571e-01	   4.6979424736718728e-01	   3.9781813404038274e-01	   3.7787001762929351e-01	   3.9426317050489101e-01	   3.0278964443625345e-01	   4.1780115108601518e-01	   4.3254195045262367e-01	   5.0580886934602531e-01	   4.3805634017206424e-01	   5.0483896546869933e-01	   4.7897580232787706e-01	   3.0496536692656256e-01	   1.2870148286635624e-01	   4.3448254615866566e-01	   3.5605353813461704e-01	   5.3064208530421120e-01	   6.0841431738138674e-01	   4.4370230522418713e-01	   3.3740067882602076e-01	   3.9428894629220557e-01	   6.0380077678904231e-01	   4.9278618440520047e-02	   2.3169427041654767e-01	   4.1644365343133005e-01	   2.5070209994697629e-01	   3.1234314063886320e-01	   1.5251340325006874e-01	   5.9474288974532774e-01	   5.1652769017873190e-01	   5.1833586814481891e-01	  -4.9189657534109220e-02	   7.8043388401856029e-01	   5.7180927229500944e-01	   6.0763802330007488e-01	   6.4253651153228553e-01	   7.7260640703819128e-01	   6.3541814228040516e-01	   2.1327244206321880e-01	  -1.2562726188986154e-01	   3.0612817567785100e-01	   7.9235399317743838e-01	  -2.5074177007359173e-03	   5.8522194780245673e-01	   1.6547145109573053e-01	   3.8728754169153401e-01	   3.8922822043245214e-01	   5.3326140245310505e-01	   4.5852068039305038e-01	   4.6279901488233777e-01	   2.2960522408678422e-01	   2.2693599253704561e-01	   4.5396570951082005e-01	   4.3514918639993694e-01	   2.0378428688097822e-01	  -8.0890703935959526e-02	   4.5509612760155316e-01	   4.4671626957264915e-01	   3.9229075217211901e-01	   4.5536757126014205e-01	   2.5197122428453367e-01	  -9.4571285289556495e-02	   2.9984423362030926e-01	   4.2535179335278006e-01	   4.4253239256045396e-01	  -2.0670981935318092e-02	   8.6385663767624271e-03	  -8.0484574106551826e-02	   1.7050449890728536e-01	   4.0610202612160101e-01	   4.1423648527594364e-01	   3.3795729007965641e-01	   5.1529977750230127e-01	   8.0234632694028807e-02	   1.4518083213853045e-01	  -4.1278423752118143e-01	
   6.6419005851886392e-01	   7.3884669955084770e-01	   5.9816155065485210e-01	   7.7076969859259570e-01	   8.9409228666664939e-02	   3.0708520799821848e-01	   3.8875354303228549e-01	   5.4726924000714550e-01	   1.9024827868279059e-01	   2.2506232889181477e-01	   6.3733965313733298e-01	   0.0000000000000000e+00	   6.3591729418220599e-01	   8.2336108200299352e-01	   3.1185741059773331e-01	   4.8684524750550345e-01	   2.5104304737990968e-01	  -1.9507528161613835e-01	   7.1767922364653458e-01	   8.3314575992331585e-01	   4.0242611107852128e-01	   5.0421449088996884e-01	   6.3289025999524584e-01	   7.1501850530710309e-01	   5.3010207259358033e-01	   4.6710968808795950e-01	   3.3519861677731022e-01	   2.4521936685324597e-01	   5.3350374304505210e-01	   5.7735441118604669e-01	   6.7214749618995562e-01	   5.8919418304421356e-01	   8.9430626096989285e-01	   7.9283207514879495e-01	   4.2924955939180776e-01	   4.8478214671425435e-01	   5.8988692171290902e-01	   6.4337115492333141e-01	   6.6643247608172118e-01	   7.3231735962176026e-01	   5.9589781446638512e-01	   6.0556701761955478e-01	   6.6424196300739113e-01	   6.6716120795326517e-01	   4.7761779145778105e-01	   5.7143345502762655e-01	   6.4834258711804582e-01	   7.4136338891786735e-01	   7.0237996666446412e-01	   7.0271593999737780e-01	   8.6007451196191864e-01	   7.8474544649523459e-01	   5.9395701596244055e-01	   5.6537119970834615e-01	   6.4266773331607641e-01	   6.5940951743298926e-01	   6.5169079745175273e-01	   6.4336984563003841e-01	   3.6196772787312514e-01	   4.9645831969159848e-01	   5.8720590021815233e-02	   5.6505691498974620e-01	   4.0196913452716715e-01	   6.2735952159566299e-01	   4.9321344303094322e-01	   5.4104139087790504e-01	   4.6801748275010180e-01	   4.3968757310519818e-01	   7.3475690570388075e-01	   3.8591175063197447e-01	   6.9025260555926915e-01	   2.3032820590799830e-01	   7.8638264127341462e-01	   5.8687036052787633e-01	   3.8471901948292830e-01	   4.4716700047510061e-01	   6.3967553090673857e-01	   7.9422530228644517e-01	   1.4240298098625637e-01	  -3.4230179596686749e-01	   4.3387023392029767e-01	   7.9581102299259099e-01	   3.5843167087791183e-01	   8.1744946208300440e-01	   5.1906489096261499e-01	   7.6475303895901692e-01	   4.1530460656666540e-01	   5.1275751642978740e-01	   4.9508345781611884e-01	   4.9285898733864919e-01	   4.8347800290369103e-01	   2.6534282030346018e-01	   3.8583288007064492e-01	   2.8774582982282532e-01	   4.4658226845923360e-01	   3.2451210170821143e-01	   6.7242501658442977e-01	   8.0175446106794701e-01	   6.2970027738180090e-01	   7.0422985465952304e-01	   3.0040077157588857e-01	   1.0625913415254537e-01	   4.6900601959889976e-01	   5.2581070056879398e-01	   4.3049084821819433e-01	  -2.0048791067780672e-01	   1.8911653532379566e-01	  -1.4131351839557155e-01	   3.2116573383010294e-01	   2.0361527143307018e-01	   8.1618368108121375e-01	   5.1158338868092701e-01	   6.7143168829057820e-01	   4.0715936795125612e-01	   1.8433982539108518e-01	  -1.7826747946812638e-01	
   4.4015378397043392e-01	   3.2329318953511366e-01	   6.9072413215467510e-01	   7.7674534166107945e-01	   4.3219025618366902e-01	   6.1015086355786574e-01	   5.3161627776206899e-01	   4.7231234457215232e-01	   5.6110351605793796e-01	   6.0096629462561224e-01	   7.3929502964780214e-01	   6.3591729418220599e-01	   0.0000000000000000e+00	   7.8954287540336887e-01	   6.5657610626822493e-01	   6.6906364416326958e-01	   2.9753074667754915e-02	  -1.0491863146039018e-01	   7.5031475377598511e-01	   5.7123044071607232e-01	   3.2559636235983397e-01	   4.9675040088183881e-01	   7.3278176163184772e-01	   6.5928935451042459e-01	   6.9081901375673005e-01	   6.9779470914106045e-01	   5.7707011656795215e-01	   4.9217677234276352e-01	   4.3040404599022819e-01	   3.2989152913864006e-01	   6.2558179988574891e-01	   6.8960774297249161e-01	   6.5082098865941063e-01	   5.5889223581515990e-01	   2.4158250687856425e-01	   3.9730495119479214e-01	   4.6465625583292713e-01	   7.2585550764706197e-01	   5.0517502496856426e-01	   6.2801818103820994e-01	   7.5604713613750119e-01	   6.8129413524260807e-01	   4.9996093812752695e-01	   4.7729401510509289e-01	   5.2595251049601444e-01	   4.7588931481005536e-01	   5.0615394374095835e-01	   5.0689386709271700e-01	   5.9041034414459770e-01	   4.9168809416303816e-01	   7.2370667780651243e-01	   5.4551278615133525e-01	   6.3593814322946929e-01	   4.2912001382197745e-01	   7.2993627920055359e-01	   7.3710522475493789e-01	   3.0610291627072145e-01	   3.5796274265652678e-01	   3.0010292244962222e-01	   2.1319078522261689e-01	   1.2753827073437957e-01	   5.4883845378352925e-01	   3.6966743887525477e-01	   1.5929984880589293e-01	   8.4207945067774537e-01	   6.0548878438849296e-01	   7.1618182760182303e-01	   5.5694279174504113e-01	   6.1562946011200692e-01	   5.0440180989766992e-01	   5.3710549647116879e-01	   2.2146839101017160e-01	   5.7776362706921836e-01	   3.5451171947819049e-01	   1.1393789251308417e-01	   3.0506340503825269e-01	   4.4685832185763696e-01	   6.9482136700477515e-01	  -1.3589414154532714e-01	  -2.8404138425390113e-01	   5.4107455652832925e-02	   8.1700481978567718e-01	   5.1998200336753642e-01	   5.1458571668684694e-01	   6.7067768236732861e-01	   7.5645932445326614e-01	   7.7329523026648217e-01	   4.4745369307840371e-01	   8.3430198463426108e-01	   6.6631044895208891e-01	   5.6264916428040523e-01	   6.1356425079112675e-01	   6.1523497320794540e-01	   6.2963418216905898e-01	   4.3035144619809201e-02	   4.7584366741903680e-02	   3.5780337322107819e-01	   6.3658427048720945e-01	   6.2365077810552860e-01	   6.6877402907504369e-01	   1.7200040353783327e-01	   1.8659124610403743e-01	   4.6567479424015046e-01	   4.2871357578377578e-01	   2.9988125336183080e-01	  -1.8522017840663629e-01	  -9.7877211527845842e-02	  -2.9317494227390029e-01	   4.9542564782302456e-01	   2.4904681169347190e-01	   5.3842839817204202e-01	   5.2756432570688094e-01	   7.3163980611998791e-01	   2.4667441704127951e-01	   2.9435686425992914e-02	  -1.2608001776324471e-01	
