   0.0000000000000000e+00	   5.7342436370216510e-01	   8.5041585774166095e-01	   8.3327214120971993e-01	   1.3917354921186378e-01	   3.5628901785183087e-01	   7.1727729790799943e-01	   7.6426010560185265e-01	  -2.3147186798708036e-01	  -1.6519255457020349e-01	   6.3205027159506422e-01	   5.4151508774664281e-01	   4.8572481740868473e-01	   7.6044802494512354e-01	   1.6773212067255122e-01	   1.4361881868824886e-01	   7.2224708827918294e-01	   1.8456393957602063e-01	   7.8011265882822289e-01	   6.2375091552702333e-01	   3.1439527859449690e-01	   6.6395308497741157e-01	   7.2465118741454326e-01	   7.9507885711940063e-01	   8.0117637608798897e-01	   6.7791184686506023e-01	   7.0890755409619055e-01	   5.9792186775476319e-01	   1.6573829738215212e-01	   2.3992854327989924e-01	   3.0981012020242960e-01	   3.7146755414255622e-01	   8.5447005246532104e-01	   6.7381547354674576e-01	   5.4214572640242109e-01	   4.3048245056110712e-01	   2.5734522355797984e-01	   6.3874145996103959e-01	   4.7478933195047579e-01	   4.9849068683990261e-01	   4.9710099506598704e-01	   7.3317602560144535e-01	   6.8323399260348316e-01	   5.2916457327502320e-01	   5.0363620849966950e-01	   6.0163640327315715e-01	   7.7036033325774533e-01	   6.9314301232919417e-01	   6.0616061491504580e-01	   5.8720490028937244e-01	   7.0142872755554486e-01	   7.0391182371862393e-01	   7.0907609993500320e-01	   6.7479639036124106e-01	   9.0685184913738437e-01	   8.2117073575870203e-01	   8.4994929093888294e-01	   6.8006281980274363e-01	   5.7899882757115073e-01	   5.5880363813559186e-01	   6.9433482238812405e-01	   4.3334767390549073e-01	   5.5734217740352854e-01	   5.1929475631059496e-01	   5.6109807605684958e-01	   6.2854592154960520e-01	   5.4499789588419645e-01	   5.1941960546758825e-01	   4.9459754717853771e-01	   4.1699457186633221e-01	   2.2182066078336909e-01	   3.1471580477455630e-01	   5.4550112272255258e-01	   6.6697654488400915e-01	   6.8316687148817667e-01	   5.3850511692242020e-01	   8.4453525938740714e-01	   6.2577048385140066e-01	   3.9844277018884200e-01	   3.6212401576509889e-01	   7.4902904647619972e-01	   3.4879614678721743e-01	   6.0487341859372101e-01	   5.4936172657269677e-01	   6.4396657534105917e-01	   7.3917956299947707e-01	   4.5230795578833494e-01	   2.4183003574435463e-01	   7.2420900582189374e-01	   3.3717260201000210e-01	   4.6991680352950049e-01	   2.8244316979188494e-01	   3.5647744131815579e-01	   3.4577421809049158e-01	   2.0142167610537698e-01	  -4.4101926321925977e-01	   7.4228591222366580e-01	   6.2718192360465586e-01	   6.4784213665386736e-01	   7.4369394890419938e-01	   2.9426730293941950e-01	   3.3081056407926424e-01	   3.5731105959341425e-01	   2.8272111992119603e-01	   5.7733135768670868e-02	  -3.1402133937857990e-01	   1.3779641962934494e-01	   5.1812885983948764e-01	   4.4326007641561449e-01	   1.5778544229558772e-01	   6.2308906256005447e-01	   5.7367198764639693e-01	   4.7386837843091578e-01	   2.4291410483860890e-01	  -2.9859084232005334e-01	  -5.1494725494607885e-01	
   5.7342436370216510e-01	   0.0000000000000000e+00	   5.7971517866624067e-01	   7.4494814984115387e-01	   4.8155356318359993e-01	   4.1333712689208202e-01	   5.5690995732202719e-01	   6.4999764056260734e-01	  -2.5309109779703942e-01	  -2.8854278098147368e-01	   3.4958297701230473e-01	   5.7475865704676099e-01	   2.6972109447130632e-01	   3.6099818055064647e-01	   2.1208578370465925e-01	  -1.3041635144820270e-03	   5.0703060855276005e-01	   5.0804242109453213e-01	   6.5822789628455325e-01	   8.4804276522778965e-01	   8.2388838473490905e-02	   2.1788852790916957e-01	   5.8018777231483454e-01	   4.5971899330059002e-01	   6.4947544647607125e-01	   3.3300760051012201e-01	   6.3422437661761732e-01	   4.5138948102194087e-01	   8.4830122840749936e-02	   3.1951621040979816e-01	   4.9570801945751075e-01	   6.2214138709128464e-01	   6.0759976049536057e-01	   7.4317624171980357e-01	   7.2626110737993488e-01	   8.5356573554147364e-01	   9.2340685260955208e-02	   6.8242589126939168e-01	   4.8141137376328819e-01	   6.5045215713429860e-01	   1.2293228675087631e-01	   3.6402909795711863e-01	   7.9611370719968866e-01	   7.1745636118330602e-01	   7.5002229933557096e-01	   8.5290926174717496e-01	   7.8345441363600554e-01	   8.4321041695826182e-01	   6.5780794853248992e-01	   7.8895710791609297e-01	   7.4786692003513333e-01	   7.2604005537572291e-01	   7.2419314741481799e-01	   8.1018537304252503e-01	   6.1794390009795686e-01	   7.2222432581760376e-01	   8.0851146807338936e-01	   8.9129543003113976e-01	   5.4297392810434286e-01	   5.4748221666688224e-01	   5.6817023203750017e-01	   4.1761497400615265e-02	   3.2937316746029111e-01	   6.9264897862490404e-01	   5.1268519675961099e-01	   1.4127991909892162e-01	   8.1342648899097147e-01	   8.6093548983098334e-01	   5.0985361166337506e-01	   7.2842999175222667e-01	   1.4063567866945462e-01	   1.3522311492743869e-01	   2.4873974362791074e-01	   3.1623553975777452e-01	   3.7648636151224640e-01	   3.7543563269409325e-01	   4.8035148543950013e-01	   8.3471777791965374e-01	   3.7492243127772013e-01	   4.4583992127309630e-01	   4.9885802073797947e-01	   3.9696202766469857e-01	   4.3466479498581823e-01	   4.9433879205525533e-01	   4.7790537480686818e-01	   3.9539652900259858e-01	   5.3690070450559735e-01	   4.7079839739133078e-01	   5.7209275901885315e-01	   3.9755226714760505e-01	   5.9448686941464746e-01	   5.9934525644303371e-01	   5.0751715212218951e-01	   3.6332933109169968e-01	  -1.6127920973997428e-01	  -5.2244103164829758e-01	   7.4722183337498915e-01	   3.5791021460410660e-01	   7.9658994576989184e-01	   8.2069502938562799e-01	   1.4318554365647365e-01	   9.6359886479876148e-03	   2.9551976948659775e-01	   3.8257398146097082e-01	   3.6634575841823991e-01	   2.0079395084044649e-01	  -2.4258368187931764e-01	   3.7375244928601942e-01	   2.4961517114478587e-01	  -2.8028444562316812e-01	   8.1096592187546601e-01	   7.8205508503441323e-01	   6.3707623999180751e-01	   3.2245411970295101e-01	  -6.9595872735219583e-02	  -9.5724268771746251e-02	
   8.5041585774166095e-01	   5.7971517866624067e-01	   0.0000000000000000e+00	   8.7634834024190444e-01	   3.7056628335735975e-01	   5.8786430759694752e-01	   8.0564419127616849e-01	   7.7713116440249053e-01	  -1.0252916144318124e-01	  -2.7465450647425046e-02	   5.7404766379031380e-01	   5.2409622799111133e-01	   4.5412095452240342e-01	   8.2058794636751564e-01	   2.2246381319476677e-01	   3.8261981296398229e-01	   3.9078302166183038e-01	  -2.7896670662628981e-02	   9.2590936558594727e-01	   7.1555909292810649e-01	   4.2835306967908549e-01	   7.1891491404557062e-01	   8.1497856376859468e-01	   9.0066775857825543e-01	   8.7483496451503728e-01	   7.4910323096912901e-01	   7.8974191760279522e-01	   7.7774181637508399e-01	  -1.9170402211970849e-01	  -8.2561504394144641e-02	   1.4619310108975317e-01	   2.0709448420809373e-01	   7.3833933855455092e-01	   6.1487109832057141e-01	   5.9561223158200649e-01	   5.0502693208633831e-01	   1.7682857307282265e-01	   7.1011029643883017e-01	   5.1459053040805169e-01	   5.6956366735806807e-01	   4.6746065815299465e-01	   7.3397811451722128e-01	   7.0801325540981663e-01	   5.5808716448542139e-01	   5.4934404301137363e-01	   6.3370394495840454e-01	   8.4004627377806673e-01	   7.3351677097028578e-01	   6.1244935603565809e-01	   5.8413582151319976e-01	   7.4397939878710695e-01	   6.7541331340846544e-01	   8.3870368186910382e-01	   7.2617955573629089e-01	   8.5755920177759126e-01	   8.4735165061600015e-01	   6.9851562114429600e-01	   6.5064584172719553e-01	   6.0864770267895163e-01	   5.8388814639015818e-01	   7.9056809930861449e-01	   4.9371222463230846e-01	   7.2378875193758518e-01	   6.0609515793111468e-01	   7.9083884285867612e-01	   6.6153073858635336e-01	   7.0038602492005464e-01	   6.6333870301789588e-01	   7.5655769631344727e-01	   6.4886481516732641e-01	   2.4384356998003842e-01	   1.2140293327154485e-01	   2.1609773566683871e-01	   4.8530319892173096e-01	   5.0824877155222603e-01	   3.7946836425818564e-01	   7.0364812715805236e-01	   6.3009422488345468e-01	   4.9082964551819784e-02	   3.0971019802039323e-02	   7.1725855342860689e-01	   3.2389153535426463e-01	   6.3801499532578076e-01	   7.2139375523404148e-01	   8.6042543425601725e-01	   8.8786229745376966e-01	   6.9910610300038345e-01	   5.0878439754853488e-01	   8.3234139624468595e-01	   5.7532042269549655e-01	   6.9733997660750924e-01	   5.4719966941266696e-01	   6.3375018871302446e-01	   5.9469215592050562e-01	   3.0678333205984587e-01	  -3.9744295244904881e-01	   7.5123298203805455e-01	   4.0806580339623205e-01	   7.4253594407628265e-01	   7.7667796908342612e-01	   3.7529361852330456e-01	   4.4076893723839505e-01	   4.3261835454635800e-01	   4.1703945451011504e-01	   2.7661491350685485e-01	  -5.7560737769041581e-02	   4.6424041702277909e-02	   5.6564544372443493e-01	   3.6197019508314898e-01	   1.5434202259259946e-01	   7.7836319510314156e-01	   7.1019188328106020e-01	   5.4767014937361158e-01	   1.0169403315947324e-02	  -3.1639946388224971e-01	  -3.6903073504616352e-01	
   8.3327214120971993e-01	   7.4494814984115387e-01	   8.7634834024190444e-01	   0.0000000000000000e+00	   4.9710082027398994e-01	   5.9731770967962716e-01	   8.0146406032762552e-01	   9.1903653113771255e-01	  -7.0212669823778551e-02	  -4.5026049963943961e-03	   6.4071630026425130e-01	   7.8697302753843179e-01	   4.0559008190705231e-01	   8.0999934660138562e-01	   3.7961367255054368e-01	   3.6984530069313920e-01	   6.1468602896424074e-01	   1.8598418671100259e-01	   8.3644346856204232e-01	   7.6603146605959993e-01	   2.8074310480029224e-01	   6.4909358497128555e-01	   8.4901827316981926e-01	   8.6940462524357698e-01	   9.0536843107519571e-01	   7.5582632380856629e-01	   8.4186859687490267e-01	   7.6720308899423451e-01	  -1.1671258434822373e-02	   1.7652278638494834e-01	   3.2179660774087865e-01	   4.5210016315020635e-01	   8.2611738277547375e-01	   7.9525163154924794e-01	   7.9357163785235008e-01	   7.4688397949144003e-01	   1.8489135452306188e-01	   7.8276988502694345e-01	   5.0164725440908242e-01	   6.1473120661128711e-01	   2.6067303999216812e-01	   7.0914414305817908e-01	   7.1221153029780060e-01	   5.2210016006407256e-01	   5.3097016811900966e-01	   6.7685517786038885e-01	   8.2732191103278852e-01	   8.2162758013642234e-01	   5.5369354096748535e-01	   6.0915756391882281e-01	   7.3352363530597997e-01	   7.0073858202664985e-01	   7.9466259266137174e-01	   7.5056976031142641e-01	   8.8171555779521837e-01	   8.7859033846498924e-01	   7.4982976594033335e-01	   7.4405647009115905e-01	   6.0378371477128123e-01	   5.6003769539280701e-01	   6.9208750375222927e-01	   3.8598197041764759e-01	   6.1752888518612981e-01	   7.3203828575267205e-01	   8.3082155416108994e-01	   6.2226393438831273e-01	   6.9974481826250701e-01	   7.4312600549956997e-01	   5.8073995202083706e-01	   6.5455378128018593e-01	   1.4304656899215826e-01	   2.5559583834844779e-01	   2.2288660393508314e-01	   6.2385006756211858e-01	   3.5435243708746678e-01	   5.4690547306689163e-01	   7.8316156090543165e-01	   8.1748921439098021e-01	   4.1526319058771588e-01	   3.3482119486471185e-01	   7.8077497962546150e-01	   5.4567702195652090e-01	   6.0172955134505179e-01	   6.2922224636843627e-01	   8.0074641004437974e-01	   8.1126466222274951e-01	   5.8260274573596038e-01	   5.3690333167504112e-01	   8.2806564333240118e-01	   5.8696912023568359e-01	   5.8453647229283501e-01	   4.6493494093193444e-01	   4.8841947250170759e-01	   3.5621514679327476e-01	   1.9336245446386252e-01	  -4.1404495888851278e-01	   7.9715845739390101e-01	   3.8408881708235915e-01	   6.8866187345663255e-01	   7.9403967335624026e-01	   1.8264416898134048e-01	   1.6061440597304855e-01	   2.5188427749979903e-01	   3.4011364025113588e-01	   2.2124281529917478e-01	  -4.5588546670619630e-02	  -1.8940666570156905e-01	   5.4814753473857913e-01	   2.7283266176049925e-01	  -4.6306335511538760e-02	   7.3339986439010363e-01	   6.9132935471143875e-01	   4.7837423902893145e-01	   8.6178401287721140e-02	  -2.7068398824304329e-01	  -4.4884474510096395e-01	
   1.3917354921186378e-01	   4.8155356318359993e-01	   3.7056628335735975e-01	   4.9710082027398994e-01	   0.0000000000000000e+00	   8.8024917567951222e-01	   5.4028336594196025e-01	   3.5238874508916124e-01	   5.2703310173863471e-01	   5.1665415516215951e-01	   3.8151161139955847e-01	   3.1103445561151266e-01	   4.4649269472857134e-01	   2.3591088803244337e-01	   8.1510157631402858e-01	   6.7116762402697328e-01	  -1.0329519616900899e-02	   1.3051388856768404e-03	   4.9594674757190094e-01	   4.2127168678014154e-01	   2.8773329337341569e-01	   3.0768481304548262e-01	   4.2253536968752992e-01	   3.3926152025448597e-01	   3.2046260544624078e-01	   2.4123220979477733e-01	   6.5267077511153626e-01	   7.4396320850329967e-01	  -6.4915679672095661e-02	  -1.7321375004029801e-01	  -1.8844235815543120e-01	   8.1623026119086173e-02	   2.2427861377287323e-01	   3.6783367558722124e-01	   4.6910771128078610e-01	   5.1042661647643883e-01	  -7.4168249235961770e-02	   3.6628298229327899e-01	   4.4210351826725941e-01	   4.7390170937036030e-01	  -8.9467229007765117e-02	   1.5754803385963623e-01	   7.7412288063853057e-02	  -3.6235364139431764e-02	   6.2700991906335648e-03	   1.5793571063936857e-01	   2.0360555036292685e-01	   2.7673715004894067e-01	  -1.4095994268796036e-01	   2.5750110162005957e-02	   1.2197071308197741e-01	   7.6871905422511216e-03	   2.1166117030971845e-01	   1.6567287563755970e-01	   1.9948176946456275e-01	   2.9860094866927289e-01	   1.7942314013860797e-01	   2.6450570450522909e-01	   1.8628146433403356e-01	   2.0130983749912557e-01	   4.4365834290216155e-01	   1.6000735831246055e-01	   4.0776888613855961e-01	   4.3122378918558163e-01	   6.7627360699065187e-01	   1.8554665887742414e-01	   3.2779321088694435e-01	   4.1095341831871135e-01	   2.8001695250695557e-01	   4.0821323505385532e-01	  -2.1826520868191221e-01	  -2.2701439153674319e-01	  -2.1422299145425575e-01	  -7.1665489373635843e-03	  -7.1496499055090007e-02	   1.7785032560151942e-01	   1.4042480498872895e-01	   4.7626580103242522e-01	   5.0294760495622169e-02	  -1.7071116216932327e-02	   2.9777534175820086e-01	   3.7583021555323953e-01	   6.4314430326524485e-01	   6.5030350387058533e-01	   6.0486834721423566e-01	   3.9188303606227470e-01	   4.5057201845638273e-01	   8.7870816621490944e-01	   6.7660954368219128e-01	   8.7418855125881900e-01	   3.1122666108214692e-01	   6.1436802886608932e-01	   4.0262195448477794e-01	   2.5648453303260638e-01	  -8.9392213740907764e-02	  -3.6709382694557308e-01	   3.6327764565292930e-01	  -2.3648895673400033e-01	   2.4816520463832248e-01	   3.1355202803427024e-01	  -9.9474046638078420e-02	  -4.2098072648091706e-02	  -7.3512617558037299e-02	   2.8538891272051597e-01	   1.0315050988192792e-01	   1.4475328280658689e-01	  -5.3306340805673302e-01	   2.7839184661335781e-01	  -5.6469903774291161e-02	  -2.0557145766288318e-01	   4.6759123579927575e-01	   3.2476270579808186e-01	   6.3871181210659239e-02	   2.4935982286020335e-02	  -1.1974139558086391e-01	  -3.2899712763774125e-02	
   3.5628901785183087e-01	   4.1333712689208202e-01	   5.8786430759694752e-01	   5.9731770967962716e-01	   8.8024917567951222e-01	   0.0000000000000000e+00	   6.3424878953603592e-01	   4.9061816212088794e-01	   5.1749648902633905e-01	   5.6500688879918459e-01	   3.3997377090396436e-01	   2.7457413865735492e-01	   5.9373146757590067e-01	   5.3360947481164189e-01	   7.3049249765058211e-01	   8.4956918932677072e-01	  -1.1352961193035964e-02	  -8.5236613704687994e-04	   7.1497103154039010e-01	   5.2535739227114209e-01	   3.7322553883124726e-01	   4.6143865003681339e-01	   4.4336723837465974e-01	   4.8166440550268236e-01	   4.1204364985514169e-01	   2.8860132720656595e-01	   6.7819261754769600e-01	   8.7517996130071429e-01	  -2.0949754441802640e-01	  -2.5556039099179345e-01	  -2.6188370822180435e-01	  -6.7379072744970916e-02	   3.4340933188577427e-01	   3.6023654353977852e-01	   3.8895586018596218e-01	   3.9974268051887801e-01	   1.9611663507239879e-01	   5.9066133345949001e-01	   5.2678623144727676e-01	   6.1916026372209299e-01	   2.1718568101246422e-01	   4.4264402537112357e-01	   2.1654698889359425e-01	   6.5658709456242442e-02	   7.8025407899339400e-02	   2.1316383300447336e-01	   3.7069192774284460e-01	   3.7125130175598564e-01	   2.1349244739737486e-02	   1.0666741999016152e-01	   2.7738776103982632e-01	   1.7449797506046166e-01	   3.9919566851842253e-01	   2.7927786869304838e-01	   4.1720430407129333e-01	   5.0262990044966671e-01	   2.6150590474367297e-01	   3.4879881931769496e-01	   3.8850465030874437e-01	   4.1547182958315859e-01	   6.8379111704399609e-01	   4.3949872254031674e-01	   6.5322597933067350e-01	   5.1371079570814526e-01	   6.9038748294759822e-01	   4.0317413855855000e-01	   4.4148100071526697e-01	   4.7491918567411673e-01	   5.1047678723890111e-01	   5.1838114752909581e-01	  -4.3877708882932701e-02	  -3.2290854205277714e-01	  -1.3370148729205827e-01	   1.0758351050029227e-01	   6.5700356222084394e-02	   3.4199432348850270e-02	   2.8957780276300882e-01	   4.6740344343512918e-01	  -8.8933712641487098e-02	  -4.2171439791591485e-02	   4.3500413037476637e-01	   4.0144393945790507e-01	   7.2718237453263024e-01	   8.5947823187297845e-01	   7.1749999517673824e-01	   5.8914579453533067e-01	   6.0647638631165113e-01	   8.5459788872719655e-01	   8.2211266188862220e-01	   9.1495497638687362e-01	   5.5981547029459411e-01	   7.4725072336080056e-01	   6.0524792023882690e-01	   4.9599819361679626e-01	   1.0871651295434864e-01	  -4.2078845887213456e-01	   4.9892597697228713e-01	  -7.0146876153880114e-02	   4.2558824422234109e-01	   4.9152421754482289e-01	   2.3654734519357073e-01	   2.5497087432014698e-01	   2.4116317696633627e-01	   4.6649449233165352e-01	   1.1285668217670471e-01	   1.0437860526692622e-01	  -3.8231706898791740e-01	   4.0490459753182784e-01	   2.4331551596251139e-01	  -4.1461090991427460e-02	   6.0738952724286532e-01	   4.7000583023818093e-01	   2.2248563742441879e-01	   1.0319186868579210e-01	  -6.7953344734196397e-02	  -2.9692192347606935e-02	
   7.1727729790799943e-01	   5.5690995732202719e-01	   8.0564419127616849e-01	   8.0146406032762552e-01	   5.4028336594196025e-01	   6.3424878953603592e-01	   0.0000000000000000e+00	   7.1644320055232447e-01	   2.7851077023500709e-01	   2.8564427928254366e-01	   6.7307169584591198e-01	   6.7517776127419782e-01	   5.6575591142870274e-01	   6.6559838373836011e-01	   5.5842532359408970e-01	   5.0849588204561691e-01	   4.3899306675091337e-01	   1.6608138650220194e-01	   7.3752788458149876e-01	   6.3363269570336589e-01	   4.4846884562080014e-01	   7.4314646826294606e-01	   8.0502673684625092e-01	   8.1859373464432217e-01	   7.9487537763839755e-01	   6.9941244553436621e-01	   7.5284311239356994e-01	   8.0978653315421445e-01	   1.6344828696468761e-01	   1.4392065284395386e-01	   1.5873351906941760e-01	   1.8305669017468390e-01	   6.5625512015590715e-01	   6.2930710584068239e-01	   7.0061184291769318e-01	   5.4243460047858005e-01	   2.3612348058161259e-01	   6.0579539721244213e-01	   4.7968001788154413e-01	   4.8041407440501915e-01	   3.0556764799575542e-01	   5.5404890843893373e-01	   5.0013037873419508e-01	   4.1084230839068042e-01	   3.5830416920506714e-01	   4.7419326774701009e-01	   6.2165712795888395e-01	   6.1341537971723736e-01	   3.8176313424076752e-01	   3.9394696144776598e-01	   5.1778975166608832e-01	   4.0304941158579144e-01	   6.0589578207805173e-01	   5.4652079930467479e-01	   6.6740941056675673e-01	   6.5175227137982961e-01	   6.2691403746336205e-01	   4.5993475322238225e-01	   2.3145430475161607e-01	   2.5764091809352963e-01	   5.5555950337369120e-01	   4.0179662397086457e-01	   6.0728202067188852e-01	   6.1445422252508008e-01	   8.3916497639683585e-01	   5.5479769180560656e-01	   4.7638312685066675e-01	   5.2758607207016650e-01	   4.3855437271446440e-01	   4.1647749248244126e-01	   2.2732216610704348e-01	   2.4520304295649981e-01	   2.4916565227994192e-01	   3.1647726951997368e-01	   5.0273298089841501e-01	   4.2472703540684853e-01	   6.3041503535334897e-01	   6.6207144237242488e-01	   2.8181368474701890e-01	   2.4620422284687624e-01	   6.8261818110710304e-01	   5.3031855505417413e-01	   6.9570458804729185e-01	   7.5605703382902067e-01	   7.8861959844231833e-01	   6.8535698487003271e-01	   4.1170790550404557e-01	   6.1322809612255025e-01	   7.5540734835008527e-01	   6.4706720442141319e-01	   5.0662490562025653e-01	   4.9983909198884791e-01	   4.8652787933355096e-01	   4.7125047187443880e-01	   3.6883116262439219e-01	  -2.8011505981012552e-01	   6.9946216345351275e-01	   3.4497419943675911e-01	   5.4126564119397447e-01	   5.9930904688884423e-01	   1.9338636356657203e-02	   1.9740714239486298e-01	   1.2725087643486477e-01	   1.4084991568944796e-01	   3.4245591660987250e-02	  -1.5424146812605638e-01	  -2.2552853073311940e-01	   8.2124165753484180e-01	   1.5687163988029995e-01	   1.2833848546223811e-01	   6.6756570728272402e-01	   6.4849679638507518e-01	   3.8524293560785083e-01	   2.0231840617390118e-01	  -3.2638838449779328e-01	  -5.0462252898436888e-01	
   7.6426010560185265e-01	   6.4999764056260734e-01	   7.7713116440249053e-01	   9.1903653113771255e-01	   3.5238874508916124e-01	   4.9061816212088794e-01	   7.1644320055232447e-01	   0.0000000000000000e+00	  -8.7681910204324573e-02	  -7.2367049675621953e-03	   4.1141326191508315e-01	   7.5069653276109027e-01	   2.6305689386019943e-01	   8.6447543341525157e-01	   2.3907277123334969e-01	   3.6236182012656437e-01	   6.0351767074148965e-01	   2.5057817800023285e-01	   7.2076906071340108e-01	   6.9830820613810141e-01	   1.0033044394365509e-01	   5.5715662404380550e-01	   6.8885956418313488e-01	   7.4781549404202696e-01	   8.2891671075914930e-01	   6.1656969640781867e-01	   6.8727909301269141e-01	   6.1133803726209535e-01	  -6.1686371682232177e-02	   2.0024203108695815e-01	   4.4299553679359965e-01	   5.1718323892967555e-01	   6.8789205388868369e-01	   6.8441115582734091e-01	   6.6288512243861275e-01	   6.4875608910313298e-01	   2.3728202810026094e-01	   8.2357391837557925e-01	   4.0366597446119601e-01	   5.9223257869886770e-01	   1.7926266624126563e-01	   6.6879502076241271e-01	   7.2405359489325483e-01	   5.9000855277010789e-01	   5.3833602312481965e-01	   6.8460329675730225e-01	   8.0953911083303309e-01	   8.4922091675831868e-01	   6.3420471122691724e-01	   6.5311918323477713e-01	   7.7718531844059879e-01	   7.5525005162110248e-01	   8.1951814800835876e-01	   7.5258099806991097e-01	   8.7261006578229139e-01	   9.0062510513470051e-01	   7.2263492517633687e-01	   7.6370448795016532e-01	   6.5693694814222603e-01	   6.1641880217656897e-01	   6.4165514227818155e-01	   3.7353233851997181e-01	   5.6773282075833187e-01	   6.7151491434408594e-01	   6.9467178655806483e-01	   6.0947654101728177e-01	   6.8475921132273410e-01	   7.2127512129158533e-01	   5.5625709371002907e-01	   6.7920605430511971e-01	   1.2901252510718336e-01	   2.5847296308576700e-01	   9.1520823897002695e-02	   6.0097096400401928e-01	   1.9345769009914882e-01	   4.7168898315728747e-01	   7.6934137805830105e-01	   8.0767627287308963e-01	   4.3303110538009371e-01	   4.3817003181789693e-01	   6.8163619859345037e-01	   5.4568035178882524e-01	   3.5161483446823827e-01	   5.3118305062298221e-01	   5.9918572327313990e-01	   7.0633695867415480e-01	   4.3089636774652912e-01	   4.5930046067671271e-01	   7.3603955665421472e-01	   4.8543628574963377e-01	   6.5349911177027475e-01	   4.5176307267405136e-01	   5.3555555543223465e-01	   3.6169434410860302e-01	   3.2475888273304809e-01	  -2.4475075603223639e-01	   7.7260701491858064e-01	   5.1884143943650685e-01	   6.7980707840176846e-01	   8.1516032070034572e-01	   2.6121218743404701e-01	   2.2595765792487643e-01	   3.1312305991343131e-01	   4.2909231553443794e-01	   3.8198335841650166e-01	   1.6293508616732053e-01	   2.6487483106481271e-02	   5.4687541669667861e-01	   4.2541737421764991e-01	   9.2677964160530882e-02	   6.7379471857526640e-01	   7.1464593672846155e-01	   6.1372389038715136e-01	   1.9400997464163627e-01	  -8.9549110725124684e-02	  -3.6194936923282955e-01	
  -2.3147186798708036e-01	  -2.5309109779703942e-01	  -1.0252916144318124e-01	  -7.0212669823778551e-02	   5.2703310173863471e-01	   5.1749648902633905e-01	   2.7851077023500709e-01	  -8.7681910204324573e-02	   0.0000000000000000e+00	   9.5931435294828760e-01	   9.5474339124127700e-02	  -6.7953507607938043e-02	   3.9537982267561672e-01	   1.5794789549406336e-02	   7.1543762311957149e-01	   7.7063971518230678e-01	  -2.5103958654383657e-01	  -1.2544847319111053e-02	  -1.8896674164178007e-03	  -8.0107251379003638e-02	   1.4096386178139828e-01	   1.0823237011543003e-01	  -1.0753817432508278e-01	  -7.7505742468083477e-02	  -2.1634489574958998e-01	  -1.5447317803493751e-01	  -1.5483435682798299e-02	   3.4573861333425265e-01	   1.2264441121669639e-01	  -1.9733745682061238e-01	  -6.1271012015092385e-01	  -5.3733257442895443e-01	  -2.1639038385049403e-01	  -1.4764535229765546e-01	  -1.2891185856608628e-01	  -1.8333222191547874e-01	  -1.8390882174407444e-02	  -1.0041310501729209e-01	  -1.6581988638301068e-01	  -1.5597585586896223e-01	  -1.9128065875162600e-01	  -5.4863749047972740e-02	  -5.4499164155598512e-01	  -5.0835518869072671e-01	  -5.6655310884462518e-01	  -4.7457070304641974e-01	  -4.3927223870389148e-01	  -3.5000546352347184e-01	  -5.8923644050606194e-01	  -5.5590739256513788e-01	  -4.4306055366383112e-01	  -5.5862582393952276e-01	  -3.6706667501593215e-01	  -4.5712279485955348e-01	  -3.3287006556652560e-01	  -2.8431954452398206e-01	  -3.8386671467302830e-01	  -3.9978397320875247e-01	  -4.0327126787308298e-01	  -3.2632180504780478e-01	  -1.3264626177204855e-01	   5.4210983389653369e-02	   1.4359919574332800e-01	   6.5547661939635115e-04	   1.8970469007828394e-01	  -4.9707363966634013e-02	  -3.4794290928248439e-01	  -2.6625213702593764e-01	  -3.6471033613570528e-02	  -1.0543787941919038e-01	  -2.3182983318842604e-01	  -3.1734328818979252e-01	  -2.9699606515490518e-01	  -2.0124791022845101e-01	  -2.9296550117439041e-01	  -2.1444904321671832e-01	  -1.8984165327657809e-01	  -7.5078189558881611e-02	  -6.5042025238615131e-02	  -5.5560300091420711e-02	   4.1230798065438251e-02	   3.4615509391611055e-01	   2.5279507601095902e-01	   3.5504248949192979e-01	   1.6215226469602273e-01	  -6.9938332911484817e-03	  -1.9138252545032772e-01	   4.7232221840222560e-01	   1.6442661517477902e-01	   5.4669552561793266e-01	  -7.3162100155346785e-02	   2.2129201738987647e-01	   1.3383457775884197e-01	   1.0439067709154211e-01	   2.4987711985168953e-01	   2.5417504656792844e-01	  -1.6977148552092219e-01	  -3.6634943648092516e-01	  -3.6715724363920055e-01	  -3.1128866387834064e-01	  -2.5607194631575247e-01	  -6.8632190934847688e-04	  -3.6273319470076304e-01	  -1.3608371287728060e-01	  -3.1688643192145449e-01	  -8.5217366851971371e-02	  -4.6579804976878347e-01	   1.8008431496882549e-01	  -2.3615484693040750e-01	   2.2956760167098816e-01	  -1.1280748727198023e-01	  -1.5948457432541649e-01	  -2.6173346113144452e-01	   4.5661697216845876e-02	   1.1269661208382027e-02	  -5.2793226513903585e-02	
  -1.6519255457020349e-01	  -2.8854278098147368e-01	  -2.7465450647425046e-02	  -4.5026049963943961e-03	   5.1665415516215951e-01	   5.6500688879918459e-01	   2.8564427928254366e-01	  -7.2367049675621953e-03	   9.5931435294828760e-01	   0.0000000000000000e+00	   4.8583964496409483e-02	  -2.6961999000056074e-02	   2.9821538277875315e-01	   1.5043615127940457e-01	   6.7521322763035618e-01	   8.4009099285028321e-01	  -2.7534114780602487e-01	  -1.0559738875355894e-01	   2.5668516504474270e-02	  -1.3230167878134380e-01	   2.8349189761301424e-01	   2.2965883020488020e-01	  -7.3629716780941323e-02	   3.7907803957561857e-03	  -1.1648872408201499e-01	  -7.1188238908778179e-02	   8.7254263858152020e-02	   4.4673261745069692e-01	  -1.2042363086660918e-02	  -3.2143105237045955e-01	  -6.2200179471899320e-01	  -4.9677906742993216e-01	  -2.2244948472995527e-01	  -2.2112044224106409e-01	  -1.1267277590728519e-01	  -1.9713748224461569e-01	   6.7247512980074226e-02	  -5.6328076592552147e-03	  -8.2944245680953196e-02	  -5.3318727469007662e-02	  -8.1097114796984171e-02	   8.9959187283091435e-02	  -5.2720959749106500e-01	  -5.4706303242372167e-01	  -6.3240950992630296e-01	  -5.2555057070113753e-01	  -3.7503189059081871e-01	  -3.3386503526227285e-01	  -6.0041351940684773e-01	  -5.8738950887763131e-01	  -4.2746092918947448e-01	  -5.0503020938324483e-01	  -3.0343801540847815e-01	  -4.3663138285963710e-01	  -2.2234300048965072e-01	  -1.6790580276540296e-01	  -3.9006096802122014e-01	  -3.5603651694179611e-01	  -2.8240787801539929e-01	  -2.3940788139065122e-01	  -5.6405913110174559e-02	   1.1046105850569977e-01	   2.2822439815919923e-01	   1.6537630068516832e-03	   2.4164294147934517e-01	   1.1674137651938460e-01	  -3.2961881696307882e-01	  -2.7390238089034585e-01	  -1.1177598518406374e-02	  -7.8196779142369457e-02	  -1.1412772118996189e-01	  -2.6973011283399656e-01	  -2.5419719491004750e-01	  -1.4745443467769515e-01	  -3.5182564879188433e-01	  -1.8341720491117253e-01	  -3.2626386359569479e-02	  -4.3533217983460451e-02	  -1.3284996986852307e-01	  -1.1800921051524724e-01	   3.9448469217564466e-02	   3.0842520285439373e-01	   2.8973636482464682e-01	   3.6742705809470100e-01	   2.4139879376665757e-01	   1.5327130628088695e-01	  -7.7709848890794603e-02	   5.1123655884060781e-01	   2.7399876947206014e-01	   6.1755879379964074e-01	  -1.3476106568177069e-02	   2.3322010080933325e-01	   1.8303478454595046e-01	   1.8461606156762378e-01	   3.1118231866500012e-01	   2.6251613958466785e-01	  -1.2891577696883999e-01	  -3.1111031865427075e-01	  -3.3001593422016962e-01	  -2.6469125910624580e-01	  -1.3657071139322494e-01	   1.5014406862966623e-01	  -2.4621441443831993e-01	   1.2235599509966963e-02	  -2.6016672077399217e-01	  -2.6717513209795214e-02	  -3.7709579528837045e-01	   2.0465488123440034e-01	  -1.2923558645356056e-01	   2.4241618927387484e-01	  -1.4273978613427518e-01	  -1.7947397844625360e-01	  -2.7928035890095898e-01	  -6.9877299474724708e-02	   9.2354092373703803e-02	  -4.1677509400846892e-02	
   6.3205027159506422e-01	   3.4958297701230473e-01	   5.7404766379031380e-01	   6.4071630026425130e-01	   3.8151161139955847e-01	   3.3997377090396436e-01	   6.7307169584591198e-01	   4.1141326191508315e-01	   9.5474339124127700e-02	   4.8583964496409483e-02	   0.0000000000000000e+00	   5.7408681804632700e-01	   5.5684354313782891e-01	   3.6168600788581867e-01	   5.1985054954539400e-01	   1.5915687319115002e-01	   5.9042821580438676e-01	  -6.3647110404874391e-02	   5.2975504595700929e-01	   3.7459483832100138e-01	   2.3637163997473515e-01	   5.5929636640332658e-01	   7.6559016979429284e-01	   7.2185257299185246e-01	   5.9091238342831420e-01	   7.6084873765132188e-01	   6.1495742662564301e-01	   5.4970601985427292e-01	   3.6080242527181622e-01	   2.3099323558805540e-01	   5.5836806175321935e-03	   7.9662012845985966e-02	   7.6505046697956725e-01	   6.9795515635079775e-01	   6.2853806261594591e-01	   4.4335318001179780e-01	  -1.1049195217924961e-01	   1.1932041206684441e-01	   2.2402287227815421e-01	   4.0684874822643782e-02	   4.9220189025221045e-02	   2.8826387934278008e-01	   2.1132548314546618e-01	   4.7951054005828539e-02	   1.8347195719874759e-01	   2.6081051804476973e-01	   3.0568258669323617e-01	   2.9251981790858383e-01	   1.0523113577640789e-01	   1.8183024152043342e-01	   2.6005496543727802e-01	   1.7393891142947335e-01	   2.4298294055167660e-01	   2.7777107219536828e-01	   4.7576781615624897e-01	   3.0575445891143205e-01	   4.4965989672037454e-01	   1.5897554435147629e-01	   3.8917428799721938e-02	   4.3483198178647584e-02	   2.7076245076945643e-01	   2.6939599738674397e-01	   2.6007063867068264e-01	   3.4597806261548314e-01	   6.9664636065077135e-01	   3.9821893210019388e-01	   1.7897294304827813e-01	   2.4886818173735553e-01	   1.0236541648524838e-01	   2.1945209752795694e-02	  -1.7626193522868600e-01	   2.6597990534926597e-01	   3.2025747202755811e-01	   5.0714939633535605e-01	   5.3820262191128476e-01	   6.4075823055080816e-01	   4.5137451605242707e-01	   3.9053159797057635e-01	   4.8286954375272789e-01	   1.3357391409096039e-01	   6.7467442421985691e-01	   3.6460557953161876e-01	   6.5370780680570562e-01	   3.5300144827563706e-01	   6.6773029320448984e-01	   5.1061431561050397e-01	   2.2122673524308603e-01	   2.6282375299505883e-01	   4.9175018935560222e-01	   3.3523825005676899e-01	  -6.4529815903547727e-02	  -3.2143580791737868e-02	  -6.6172332049804133e-02	  -9.7300313564363652e-02	  -5.4049857994018707e-02	  -4.1535474278641715e-01	   3.3131658769190697e-01	  -7.0581495674988215e-04	   1.3294212078733228e-01	   2.1482985727942960e-01	  -2.7934594819115810e-01	  -2.1087888590307230e-01	  -2.7840826810698227e-01	  -3.4628197732311439e-01	  -3.8351984697071861e-01	  -6.6540705921954413e-01	  -3.4187027323737873e-01	   3.8939306974408633e-01	  -3.0028997046388411e-01	  -1.0591537095486546e-01	   3.1923211346582420e-01	   2.0026335101008244e-01	  -5.8531986185758521e-02	  -1.7854996513050961e-02	  -6.9422363169509560e-01	  -7.4725772336723140e-01	
   5.4151508774664281e-01	   5.7475865704676099e-01	   5.2409622799111133e-01	   7.8697302753843179e-01	   3.1103445561151266e-01	   2.7457413865735492e-01	   6.7517776127419782e-01	   7.5069653276109027e-01	  -6.7953507607938043e-02	  -2.6961999000056074e-02	   5.7408681804632700e-01	   0.0000000000000000e+00	   9.5037811133000999e-02	   5.4444454937237929e-01	   2.9631372918314464e-01	   1.6804748034538738e-01	   6.0974638204249421e-01	   2.9525013860106009e-01	   4.2367604305423845e-01	   5.2689765963700141e-01	   2.0944301830018180e-01	   5.8604454803586026e-01	   7.7986105205478295e-01	   7.2959576578769780e-01	   8.0656128767663737e-01	   7.3850787574315668e-01	   6.3176769922616949e-01	   5.1315002861601777e-01	   1.6470066044076798e-01	   4.2161306774822904e-01	   5.4004614705977505e-01	   5.4233078679034985e-01	   6.6762253833356755e-01	   7.2092825049445652e-01	   9.0127158117570061e-01	   7.8977345911748775e-01	   2.4391705038462125e-01	   5.6782242694672158e-01	   3.4126990568597665e-01	   3.9249216453444136e-01	   3.7730790742826870e-02	   4.8323391278067401e-01	   5.4873963912212109e-01	   4.0410308083768176e-01	   4.0008306075641376e-01	   5.0496673166094164e-01	   6.1003643302055921e-01	   6.6920018913084234e-01	   3.9217934584001019e-01	   4.4710040476753476e-01	   4.6255781393436984e-01	   4.5275101692808517e-01	   5.4883573109899286e-01	   5.8151669004176099e-01	   6.3333957929385976e-01	   6.0760062677223869e-01	   5.3908989575276878e-01	   4.7199859703711944e-01	   1.8670425537331664e-01	   1.3748907200790286e-01	   2.1773340449936640e-01	   1.8412432362309103e-01	   3.3348864917988780e-01	   6.6230405601347320e-01	   7.3385996456693270e-01	   4.8082570746540387e-01	   4.4575907521443270e-01	   5.6176392006174969e-01	   1.2088855292531370e-01	   3.3330095831985546e-01	   2.5309442659081155e-01	   5.5586932865934469e-01	   2.0100272378284958e-01	   5.1027656547179545e-01	   2.0583331291141205e-01	   5.9827777338419919e-01	   6.6522900071915281e-01	   7.3368300814719589e-01	   5.8801000636664935e-01	   4.6987149823450380e-01	   6.1333926938421424e-01	   6.0696971502253771e-01	   3.3538167063478352e-01	   3.0910203471197495e-01	   5.6580008579382979e-01	   4.9738185766478593e-01	   2.7794621202258107e-01	   3.2103600576117464e-01	   4.5282127651331744e-01	   2.8806086164812039e-01	   2.6351240762736217e-01	   1.1876579497177371e-01	   1.1039254478221847e-01	   1.8451929244237844e-02	   2.6362413036872556e-01	  -1.5338281686312866e-01	   5.7844336018366316e-01	   2.6414301612236740e-01	   4.0636973092578166e-01	   4.9394466435747658e-01	  -1.8079837244813790e-01	  -2.5244501260011043e-01	  -2.0103035038175267e-02	  -6.5919123697400744e-02	   8.7086923039419450e-02	  -4.0468924942999099e-02	  -3.2293989328909078e-01	   6.1218676589032028e-01	  -5.0961023783958330e-02	  -2.2592285126601180e-01	   4.4117322803293668e-01	   5.1301832378920686e-01	   2.2555807221085131e-01	   1.6691273851244939e-02	  -2.7892744570306277e-01	  -5.7300555192345304e-01	
   4.8572481740868473e-01	   2.6972109447130632e-01	   4.5412095452240342e-01	   4.0559008190705231e-01	   4.4649269472857134e-01	   5.9373146757590067e-01	   5.6575591142870274e-01	   2.6305689386019943e-01	   3.9537982267561672e-01	   2.9821538277875315e-01	   5.5684354313782891e-01	   9.5037811133000999e-02	   0.0000000000000000e+00	   3.8602611572203832e-01	   6.7758711679071570e-01	   4.9907704876966669e-01	   2.9408703768919642e-01	   1.9316163613237575e-01	   5.8992284030524489e-01	   4.3712916961499992e-01	   1.0793588576479433e-01	   2.7916551425355263e-01	   3.1720243545925797e-01	   3.5324415031224449e-01	   1.5856318093673433e-01	   1.9396950459311707e-01	   3.2658952710194955e-01	   5.0687022997462849e-01	   3.6043654028725886e-01	   2.3166096216515208e-01	  -2.1472430532161507e-01	  -2.4529333288982150e-01	   5.3892332160807221e-01	   4.8852666091820890e-01	   2.0846183193119716e-01	   1.5641176971303825e-01	   2.4844155716615215e-01	   3.1769644739487130e-01	   3.6282094220029465e-01	   3.0579839700943068e-01	   3.6015312161115970e-01	   3.2447215985723499e-01	   1.3926741106698004e-01	   6.0902200597881290e-02	   1.2401414748554139e-01	   1.9024522963744167e-01	   1.8676528719414467e-01	   1.7499087655416667e-01	   7.3455403828571214e-02	   1.0390346635070766e-01	   2.4731215126867240e-01	   1.5064276032529650e-01	   1.5867495180445401e-01	   1.4152148931838368e-01	   3.4413772133827591e-01	   2.3930041556876597e-01	   3.5606941904072409e-01	   1.5432834036242021e-01	   1.7552875121745046e-01	   2.7570881436086225e-01	   5.7260369564779501e-01	   6.1454590500085338e-01	   4.4818801674207709e-01	   3.9988485551464525e-01	   3.5997212504151893e-01	   3.1242198043068004e-01	   2.0164287718212853e-01	   2.4881299397416445e-01	   3.0491217613926125e-01	   1.2267736896925416e-01	  -1.1729729127466082e-01	  -2.8101414049665185e-01	   2.5839484789920286e-01	   1.7827906245895450e-01	   5.3522288893942549e-01	  -3.0454998138069168e-02	   1.0426494302061755e-01	   1.1103957294341293e-01	   2.3940263579347415e-01	   2.2339058015349747e-01	   5.3065927758387499e-01	   3.4978472787750403e-01	   6.9520519272865333e-01	   6.9288903647667588e-01	   4.4338016578262845e-01	   3.1332280921429895e-01	   1.9192392094960875e-01	   2.8051904070575395e-01	   5.1069557905917984e-01	   4.2547962374320991e-01	   2.2732737971324321e-01	   3.8572205575717089e-01	   2.4286563790916590e-01	   2.0835841908371971e-01	   2.3070384087372293e-02	  -4.0776341448514763e-01	   4.6345238629042323e-01	   1.4462060065976962e-01	   2.5794578689433612e-01	   3.0914858323867006e-01	   1.4758966722663239e-01	   1.0253076967251658e-01	   9.7542705167049049e-02	   3.3317286982073799e-02	  -3.8869027952935920e-01	  -5.0534201347283147e-01	  -3.0453824372872917e-01	   3.1311667765510492e-01	   2.2085238572595356e-01	   1.0863375617484150e-01	   4.5182480968379313e-01	   2.8751905698745733e-01	   8.1431072916235220e-02	   4.7375905382514438e-01	  -2.2199153703277480e-01	  -1.4912996230342768e-01	
