   0.0000000000000000e+00	   8.0925682923495190e-01	   8.0204142056735872e-01	   2.6763872973287323e-01	   6.9256254523093597e-01	   4.4486186721005150e-01	   6.0062170553956817e-01	  -1.1269762509464892e-01	   6.9859252130324734e-01	   3.0539165192060619e-01	   6.0428240287562407e-01	  -5.6710398488796943e-02	   3.4537696918383265e-01	   4.6008821401001126e-02	   8.0829253535739931e-01	   4.1501869922081541e-01	   5.2496388985528597e-01	   3.4347892253433931e-01	   9.3911255501093804e-01	   6.6535638978150158e-01	   6.3460607145541670e-01	   3.0899946024030867e-01	   6.4421486984732135e-01	   2.7398986266429715e-01	   7.0662528323765128e-01	   7.9525385271538918e-01	   6.5925785244716872e-01	   7.2230124346545987e-01	   6.1489073936479255e-01	   1.7876598283994577e-01	   7.5826398842601117e-01	   8.0274518960170327e-01	   5.4003314653213541e-01	   7.1770040473077579e-01	   3.5208415980999463e-01	   4.0031928166092901e-01	   3.9241843470768850e-01	   6.9497515858534564e-01	   6.2916580611211126e-01	   5.5123736993367034e-01	   7.4308717962590387e-01	   6.6344678966320414e-01	   1.2339930056365350e-01	   3.5043178593039714e-01	   1.9011986455360685e-01	   1.2499530692954930e-01	   6.0695995457422947e-01	   5.7717265823265995e-01	   2.6579431795484021e-01	   1.3659790826093915e-01	   4.8459742742723722e-01	   1.9671519928034725e-01	   6.3121440284188668e-01	   7.6316129540912736e-01	   6.8983268600976988e-01	   7.2465368989998891e-01	   6.9118586161938400e-01	   4.1897192514966086e-01	   4.1136296960589586e-01	   1.5552214895920334e-02	   1.1009788650270667e-01	  -2.2778163914358784e-01	   1.2680125197113898e-01	  -3.4287454099752390e-01	   4.1395803135205428e-01	  -1.9483938969070794e-01	   7.5439777893528692e-01	   5.1316758255314332e-01	   6.8972514221341541e-01	   2.6355426107495905e-01	   6.5965891897122342e-01	   2.6298569652144954e-01	   5.2333141832541763e-01	   4.0103028175399291e-02	   5.8373484689396926e-01	  -3.3948341685373584e-01	   5.1091184776045617e-01	   4.5205665973573722e-01	   4.0902015249655627e-01	   6.4475662295158620e-01	   4.0761611806314557e-01	   5.1595488487399987e-01	   6.4915266294321317e-01	   6.0781097956806884e-01	   7.3412663391629829e-01	   2.5516873654571759e-01	   5.9338141499352259e-01	   3.9844721978462068e-02	   5.6995846303557840e-01	   3.6159339802681184e-01	   4.9843758320177817e-01	   6.8849634564704787e-01	   3.5648516362850785e-01	   6.5740183551597475e-01	  -1.5573434081340942e-01	  -2.8198402905457076e-01	   4.7699261893001366e-01	   3.3576953504875179e-01	   5.8797711094242500e-01	   6.8666935100463633e-01	  -1.6909288045774556e-01	   5.6774971995891810e-01	   4.9624142766022006e-01	   5.1407106838682792e-01	   3.5453469573295748e-01	   7.6811433135821483e-01	   5.7844640855423346e-01	   6.7759515761824551e-01	  -2.4695839984588222e-01	   2.8971220035160522e-01	   4.5886101318139633e-01	   4.9892030007824750e-01	   5.7295058632963003e-01	   5.3596893956287653e-02	   7.1518366865587083e-03	   1.8079541662410371e-02	
   8.0925682923495190e-01	   0.0000000000000000e+00	   6.3782706789719690e-01	  -3.1654801883872846e-02	   4.9267722809665743e-01	   1.8991734181319930e-01	   3.4383329372498306e-01	  -2.3836657171273704e-01	   4.1650218816964063e-01	   4.8895004768849337e-02	   4.5285627622838032e-01	   1.1334330648926857e-01	   1.3658642710365962e-01	   4.9960576342826919e-02	   6.4954193642837466e-01	   2.2827459098692190e-01	   7.8984323831560843e-01	   6.4630314998294791e-01	   8.2599608982372752e-01	   6.6922290278364638e-01	   7.0526757441168075e-01	   5.0509444072521570e-01	   4.3618975640852409e-01	   4.0460557066893693e-02	   6.9705132560029603e-01	   6.7897939001261765e-01	   5.6618186652089975e-01	   5.8301606001514839e-01	   8.1418155056116626e-01	   4.4024595531727623e-01	   6.4818614295918864e-01	   6.7295799602006467e-01	   6.3968459542061595e-01	   7.4209212576037031e-01	   1.7330152485367828e-01	   1.3213238548321321e-01	   4.1863086439845842e-01	   6.4470046883399046e-01	   6.0630695889600672e-01	   4.9560596937905882e-01	   7.6640619146223676e-01	   7.5089072173581828e-01	   5.8600974615632250e-03	   1.9200518224671853e-01	   9.0552363655521995e-02	  -6.9656160491564020e-02	   5.0249600053336785e-01	   5.2329565122668042e-01	   1.7243012824917986e-01	   1.5660484320577442e-02	   5.0937945248149019e-01	   1.8999550365351628e-01	   6.8681500966793430e-01	   8.9072632167021448e-01	   8.1858447264374445e-01	   7.5505323943282954e-01	   8.2487624319407815e-01	   7.0403194813134351e-01	   3.1323835284976592e-01	  -5.8476578276980386e-03	   1.1181562743429746e-01	  -3.1201712324938391e-01	   3.3788924883951710e-01	  -6.8877748078207790e-02	   7.2535756146608177e-02	  -5.6977296602628624e-01	   6.5786616228753991e-01	   3.8474316984632406e-01	   5.8902894000847572e-01	   3.9094607969679240e-01	   6.4947711281553810e-01	   3.5238082674416160e-01	   6.2696107067471751e-01	   2.8031337316379035e-01	   6.3309046374457634e-01	  -1.6539563812214161e-01	   7.0936213622028332e-01	   5.0896831112797125e-01	   6.7714997220103856e-01	   6.9599289799611586e-01	   5.2187289828358796e-01	   5.1786439766392156e-01	   6.0346350042452546e-01	   5.4175335451270956e-01	   4.9650620093405778e-01	  -3.5801106066003147e-02	   4.5596100684019769e-01	  -1.3264227547140295e-01	   2.1780406665138607e-01	   1.9328115156347481e-01	   5.5663150651693993e-01	   5.4645352237427569e-01	   1.5558566682825892e-01	   4.8494986687141683e-01	  -9.9475934849414985e-02	  -3.4436718096929247e-01	   5.4088419364596585e-01	   4.5560984972193530e-01	   6.2578683654458267e-01	   6.3902252581586350e-01	  -2.5993317429945850e-01	   4.4310352841020073e-01	   2.9480749071820966e-01	   5.7007139669909135e-01	   3.5675227014323296e-01	   5.7324443774570244e-01	   4.6898741965402413e-01	   4.6332963236804081e-01	   2.0752936223516677e-02	   2.7114360171858809e-01	   4.5013578140674504e-01	   4.8277804719318862e-01	   4.2232001099451866e-01	   1.4640900410216162e-01	  -3.9106308945865274e-02	   8.9781709012062699e-03	
   8.0204142056735872e-01	   6.3782706789719690e-01	   0.0000000000000000e+00	   5.0498052719481390e-01	   7.4973242937111628e-01	   3.1666947490096736e-01	   9.0304741804140731e-01	   2.1924711233802346e-01	   7.6075337960666434e-01	  -8.6550596579137329e-02	   7.5845367446647549e-01	  -6.2318221944377347e-02	   6.2807984237877568e-01	   1.4761801158137344e-01	   8.0833873432854508e-01	   2.7699954357445788e-01	   2.5943038157725234e-01	   1.4225882941880114e-01	   8.7186048543609362e-01	   5.9028420638090395e-01	   5.1010595570939832e-01	   3.1554616215539266e-01	   9.2474939124746680e-01	   6.4593662231538240e-01	   9.0892628452935331e-01	   9.2063568014014097e-01	   6.6065628628703199e-01	   5.7732355082953635e-01	   5.8746250431618963e-01	   9.7406296428739061e-02	   8.9679972562491106e-01	   9.0541398786542948e-01	   5.9190017838761044e-01	   6.9772725605678898e-01	   5.7419012101189215e-01	   5.3621264725367568e-01	   5.6454031941143457e-01	   7.0699272696659965e-01	   6.4894981774943039e-01	   6.6961218269803446e-01	   4.8772084465114462e-01	   6.8543892493634473e-01	   5.0131683631319646e-01	   6.8413029444392781e-01	   5.3583538327576086e-01	   4.7382045847917204e-01	   7.0327499167705898e-01	   7.6940247144286034e-01	   4.3942687979101425e-01	   4.1034653271521371e-01	   8.0151309065042764e-01	   5.2565270264884389e-01	   5.5922217081382997e-01	   7.3475332015597394e-01	   5.8322486065368373e-01	   7.0210867902707741e-01	   5.0908399249986791e-01	   4.3592762480863423e-01	   6.8939459595252739e-01	   2.4321210895974818e-01	   2.9744518611773196e-01	  -4.2302476735595625e-02	   1.1820615868124582e-01	  -2.2869645557991686e-01	   7.0228122262793957e-01	   2.5663222730697745e-02	   9.4883752772424312e-01	   8.0629608457648294e-01	   8.4781396303190748e-01	   6.2810410432779074e-01	   7.0915219528734463e-01	   4.9946281350727073e-01	   6.1674596525636383e-01	   3.0675689835968134e-01	   4.5931305438717684e-01	   7.2828088808179078e-02	   4.6078061538963933e-01	   2.0806681237664909e-01	   3.5926925213670324e-01	   4.9796149321196115e-01	   3.5338240506146124e-01	   3.4511567963235157e-01	   5.7426292523666567e-01	   5.7536498254489765e-01	   9.1837982903388204e-01	   5.2293512071082660e-01	   6.6205802893029364e-01	   4.8847486421146447e-01	   7.2862781006488853e-01	   6.8234810795295986e-01	   5.0511986970926448e-01	   7.9185114393777034e-01	   4.7748218117663022e-01	   8.3002430394249327e-01	   1.1749582981455067e-01	  -1.6101583305481243e-01	   5.6156135994584244e-01	   3.2057342545541906e-01	   5.0512473867739560e-01	   8.2809219976331239e-01	  -3.9111693583914267e-02	   8.4799423225990800e-01	   5.1374861534547334e-01	   6.7352288924166837e-01	   4.2521045141246550e-01	   7.0051793345705038e-01	   3.8721554668231550e-01	   5.2385726473190952e-01	  -1.7801683003660537e-01	   2.2523561224192373e-01	   6.2672578667416801e-01	   5.0264733535268524e-01	   7.4877768241312503e-01	   2.1022058152865275e-01	   3.5072076812315051e-01	   1.1250914380822855e-02	
   2.6763872973287323e-01	  -3.1654801883872846e-02	   5.0498052719481390e-01	   0.0000000000000000e+00	   2.4569669954221077e-01	   3.9460747605977298e-01	   6.1397636824241641e-01	   6.9138229966728515e-01	   1.4867682349948139e-01	   3.8243702891500191e-02	   7.1068646788534007e-01	   2.7320173639340484e-01	   6.9065206147350477e-01	   6.4663290782904903e-01	   2.8565686279469737e-01	   5.7859922279307441e-01	  -4.2804468852411021e-01	  -3.2058214754347003e-01	   3.0119777298128925e-01	   2.6701152849724419e-01	   1.1138811618861713e-01	   1.4009174512487532e-01	   6.1949515209502237e-01	   7.8563828694668048e-01	   3.9588216446921853e-01	   4.5969196320716005e-01	   2.8404872148528093e-01	   1.6633253546483984e-01	  -1.4389033360877942e-01	  -1.8876909109487736e-01	   5.6277401090140078e-01	   4.2260081653674109e-01	   1.7741801483853548e-01	   3.2086405014904118e-01	   5.2043285700694430e-01	   4.3078278917656954e-01	   2.4273918538879691e-01	   3.3100314411388537e-01	   1.8601282863102797e-01	   3.7706108222088497e-01	   4.8659360465586429e-02	   2.5405056689446988e-02	   6.4041852265511801e-01	   5.7327228907041938e-01	   2.8936235633824364e-01	   3.5759978154595767e-01	   5.2625493615878149e-01	   2.8583347958830052e-01	   9.8596396044955709e-02	   1.2171960061105860e-01	   4.4494499762441975e-01	   2.6326665826685236e-01	   2.4047293128567887e-01	   2.1689678371993766e-02	   2.5049784736621206e-01	   2.5312959859563589e-01	  -9.9064768312384192e-03	   1.9093901597555377e-02	   7.8522549703320710e-01	   7.5948992523522119e-01	   4.9969986316540560e-01	   5.1388394052424291e-01	  -8.0373842022645955e-02	   1.3736002327731026e-01	   4.7935600814680474e-01	   6.1642546743140147e-01	   5.1716356796301766e-01	   7.4360058231724280e-01	   1.4601577003747346e-01	   3.0502095999225470e-01	   4.4641815577127342e-01	   3.1003945685919315e-01	   1.3039268846441310e-01	   8.5258778388531992e-02	   1.9740476487872255e-01	   4.1210660648050590e-01	   1.3796195820017310e-01	  -7.9081670745307794e-02	  -3.1182790373600111e-01	  -8.9814990855351468e-02	  -2.1511903674191916e-02	  -2.5308506639772063e-02	   1.8065556244964037e-01	   2.2989822965021522e-01	   5.6497669550351437e-01	   7.2262527153157441e-01	   4.4058588011256350e-01	   6.5581684864612655e-01	   7.7785465905809925e-01	   8.3265312237001665e-01	   4.7593503281967803e-01	   4.2755863209441203e-01	   5.6544028008610736e-01	   4.4049790926788113e-01	  -1.7853491868766455e-01	  -1.5211704940504978e-01	   1.6536087473065122e-01	   1.7564434316211797e-01	   1.5772359681871406e-01	   5.7646198168764684e-01	   7.5599420637226289e-01	   7.4213316719265754e-01	   6.7229842461994238e-01	   5.1468331395915412e-01	   3.8988219663965634e-01	   2.9900126015673312e-01	   2.1201202896783922e-01	   4.6324697758283406e-01	  -3.0278040302951237e-01	   1.1201574969753744e-01	   3.8922109957270790e-01	   1.5209505846413512e-01	   4.3070303886466343e-01	   5.9214393810433341e-01	   5.4066591004355702e-01	  -9.1390904456150640e-02	
   6.9256254523093597e-01	   4.9267722809665743e-01	   7.4973242937111628e-01	   2.4569669954221077e-01	   0.0000000000000000e+00	   5.5726102451804704e-01	   6.8673243844228682e-01	   4.1375698339575995e-02	   8.7522186284510139e-01	   1.6367816184429068e-01	   4.1851173131563046e-01	  -5.9081517863692461e-03	   4.3552585504403352e-01	   4.0087637594084506e-02	   9.1253759642975685e-01	   3.2659321252694418e-01	   2.7277126034833588e-01	   1.1442305348895331e-01	   7.4905545212024904e-01	   5.9502555753017017e-01	   5.1695100969114349e-01	   3.4307425967579308e-01	   6.9489346354290593e-01	   3.8677525290031184e-01	   6.6119933730733460e-01	   6.9870390760536716e-01	   8.9347549581674479e-01	   7.5634242514335137e-01	   6.1711863193394634e-01	   1.7832448428499353e-01	   5.9538683715814478e-01	   7.0132984049356550e-01	   1.2118008442713170e-01	   3.5373754469958302e-01	   5.0737203682741050e-01	   5.2417725843459717e-01	   5.5724308240349774e-01	   6.8112608011994169e-01	   5.8636651384260696e-01	   6.5898907592454314e-01	   5.2459970120438970e-01	   4.3543819656847627e-01	   2.1397664604382646e-01	   3.4847974740837750e-01	   5.6716266553941641e-01	   5.6010102473554346e-01	   7.5811691690270155e-01	   6.7103838975980945e-01	   7.1457948878965294e-01	   5.0521726128659206e-01	   6.7360266629090426e-01	   2.3617980883141707e-01	   3.9373708706241289e-01	   6.1330923905627854e-01	   5.2662960610371246e-01	   7.6256984177375609e-01	   2.9431036846804237e-01	   1.5955337735526157e-01	   3.7429806665972132e-01	  -4.1899700560860814e-02	  -3.3419756596412852e-02	  -3.0761110797176544e-01	  -9.4063318085392377e-03	  -4.7124490213457948e-01	   6.3425785557504111e-01	  -5.4097076008049104e-02	   7.1005725717571366e-01	   4.9904494144907618e-01	   8.3350783148743202e-01	   5.1932413534413280e-01	   3.2176290752583159e-01	   1.8816999692941150e-01	   5.9407791873298255e-01	   6.3158675839291981e-02	   4.9306196793029156e-01	  -2.0337928447414744e-01	   4.3851218103163908e-01	   3.4306966755920371e-01	   5.6758121071055068e-01	   3.9167768237127276e-01	   4.8424272495625348e-01	   5.2603767674465574e-01	   7.6876307379678099e-01	   6.3797037485084762e-01	   6.9172519335991722e-01	   5.4532095616652321e-01	   6.9745589894818161e-01	   4.8569918688033320e-01	   5.7303210666115501e-01	   4.7298469584885761e-01	   4.6122716823822052e-01	   5.4259016671948213e-01	   3.8642358896472684e-01	   7.2265208623919752e-01	  -5.1327500727680428e-02	  -1.0301500619778903e-02	   5.1444077399936039e-01	   4.2313911191212211e-01	   6.6969466839227554e-01	   6.7615474159966305e-01	  -1.0621133342429601e-01	   5.8741163200537039e-01	   4.4449392236982399e-01	   4.4187080819035446e-01	   3.0122300191875506e-01	   5.8951466503998995e-01	   3.3640459997503380e-01	   4.0714652304599147e-01	  -1.5934451020159984e-01	   1.5724469667715660e-01	   6.0420554641037683e-01	   5.9558789108098231e-01	   6.9947253294707101e-01	  -4.2557209506329779e-03	   8.8979613008685024e-02	  -3.9166564510809701e-02	
   4.4486186721005150e-01	   1.8991734181319930e-01	   3.1666947490096736e-01	   3.9460747605977298e-01	   5.5726102451804704e-01	   0.0000000000000000e+00	   2.4549533565126080e-01	  -8.6012478503635151e-03	   3.4426073242461780e-01	   2.3485901614855859e-01	   3.1403475095848443e-01	   1.2978710407952054e-01	   4.2631372822690966e-01	   3.4440700764166721e-01	   6.4885552239787714e-01	   5.0032201074904825e-01	   4.4980830510999159e-02	   2.4497229100269184e-02	   4.7497004183042751e-01	   5.7157221612179232e-01	   2.2116136646447793e-01	   2.6372842199929447e-01	   1.9251542215527312e-01	   1.6388294095026894e-02	   1.9159710084717607e-01	   4.1956276527076297e-01	   6.8387788067096222e-01	   6.7809246761260478e-01	   2.7008427111609629e-01	   8.9398555494416443e-02	   3.0424728425668535e-01	   2.7986657278567734e-01	  -1.0637279418018070e-01	   2.1402297660049954e-01	   3.1818719702999787e-01	   5.4824624587333759e-01	   4.4509390860756459e-01	   5.3688276459292072e-01	   5.2669601770697017e-01	   4.2892879052670552e-01	   5.9229301168205739e-01	   9.6228218557171362e-03	   1.4648773372856494e-01	   2.0421925954156561e-01	   3.1695860102543927e-01	   4.7357293181783311e-01	   7.2238155737710352e-01	   3.7364738904772588e-01	   5.7553746531807026e-01	   2.1206553319399471e-01	   2.9061087305969385e-01	  -6.0199316971190076e-03	   2.2186672486184800e-01	   2.6150948208468106e-01	   5.0145716754917546e-01	   5.8120179846814390e-01	   1.4178969794345520e-01	  -2.5754115576884318e-01	   1.4001873727864134e-01	  -1.6936901641962449e-02	  -2.1509236184772404e-01	  -3.1536350341556241e-01	   9.3312223212996995e-02	  -3.4698722959630351e-01	   1.5335544768037374e-01	   4.9758236115761051e-02	   4.2471714619138529e-01	   3.5980268389054249e-01	   3.2716042462987593e-01	   2.8965780502473792e-01	   1.5831417879696608e-01	  -9.7823473394110724e-02	   1.0367573454243600e-01	  -2.0690572466456120e-01	   3.5253896450857580e-01	  -7.3107835385711473e-02	   1.7460723017962473e-01	   4.6607792511194301e-01	   1.7333440612357343e-01	   3.1021236463769442e-01	   4.6703367982164756e-01	   5.0077559178341657e-01	   7.7218061921213610e-01	   6.2150135361788839e-01	   3.7829727447132577e-01	   6.5476854574732846e-01	   7.5743998466787221e-01	   2.4625589547013316e-01	   3.3280741482985882e-01	   2.5932540105419055e-01	   4.9073564013199800e-01	   2.1456479435490783e-01	   4.2495766015028297e-01	   4.1923128759332740e-01	  -1.5203508326618737e-01	   6.9300028860240837e-02	   4.6152880217179892e-01	   5.3029604810727293e-01	   7.3179076758904460e-01	   5.2489983798246453e-01	   3.0075958550780124e-01	   3.1102956796352765e-01	   4.0214807807669406e-01	   1.5599643458951865e-01	   4.4374387503653079e-01	   4.9727888070751092e-01	   1.6678937319730813e-01	   2.3695616899955219e-01	  -9.3261867047144092e-02	   1.6996705690871627e-01	   3.9121599754585340e-01	   5.5046864043004473e-01	   2.6794072604864905e-01	   2.9608449137013021e-01	   6.4863678294693972e-02	  -1.7182791161693917e-01	
   6.0062170553956817e-01	   3.4383329372498306e-01	   9.0304741804140731e-01	   6.1397636824241641e-01	   6.8673243844228682e-01	   2.4549533565126080e-01	   0.0000000000000000e+00	   4.4473854039688743e-01	   7.2677070974470714e-01	  -6.2175353726781568e-02	   6.8197714082289795e-01	  -1.0587320082841208e-01	   5.9795571283982685e-01	   1.3665581116573075e-01	   6.5523683727176518e-01	   2.6070827757045056e-01	   3.3521425050664286e-02	  -1.1905281593096016e-01	   6.6953884862595259e-01	   3.5854154306197067e-01	   3.1447432963159871e-01	   9.6128252971554307e-02	   9.2116491215522633e-01	   8.0266270265785244e-01	   7.8934200914722197e-01	   7.9330290851482288e-01	   5.5873118414350187e-01	   4.8483920831698096e-01	   3.4162021919648183e-01	  -8.4490400471560395e-02	   8.0050756654813315e-01	   8.0366628162560838e-01	   4.5786302016215863e-01	   5.2012027484053958e-01	   6.0477001481503423e-01	   5.2462979860039316e-01	   3.8712460294752249e-01	   6.4720181848892189e-01	   4.5582933975899526e-01	   6.7034117271652960e-01	   1.7522702613672414e-01	   5.0654848142371600e-01	   6.0390381280626693e-01	   7.4268889226171675e-01	   5.6776675053015269e-01	   5.6719328947888226e-01	   5.9256110312028953e-01	   6.9292782916440676e-01	   4.7101627062399054e-01	   5.5569061411730136e-01	   7.9161943302185067e-01	   6.6061806311938676e-01	   3.8908068133727325e-01	   5.4841319943642097e-01	   2.8858765376593598e-01	   5.2206796844848291e-01	   2.9099799558543527e-01	   3.6409674536362763e-01	   7.0708918531534293e-01	   4.0922564434200126e-01	   4.0987745134768572e-01	   2.3602665937191622e-01	   5.0806246817600306e-02	  -1.8236346576342929e-01	   8.8881985688865062e-01	   3.9765777842018563e-01	   8.2346446839260024e-01	   7.8966408127720356e-01	   7.3484471615413960e-01	   5.9547312118835949e-01	   5.9013888236101142e-01	   5.8835593589732449e-01	   4.3673132711199131e-01	   2.2643708038491964e-01	   2.6002102341866967e-01	   1.4731498185638833e-01	   3.2158484985544683e-01	   1.3392523483559312e-02	   1.3346625383009725e-01	   2.7651080465169320e-01	   1.7363289844888419e-01	   1.6390823453128919e-01	   3.5975393869163486e-01	   3.9102414378217798e-01	   8.3048005810190073e-01	   6.4045097621786329e-01	   4.9124204308136243e-01	   6.3887535921978289e-01	   7.7074956322472077e-01	   7.9353269334172971e-01	   4.1932727455433427e-01	   6.9192669341901403e-01	   5.7063431024611422e-01	   7.6339460721011898e-01	   1.2043624998632242e-01	   8.0689679495190431e-02	   3.6139083315963383e-01	   2.2426806265955021e-01	   2.8852955908481670e-01	   6.7674610969667914e-01	   9.8855652685424844e-02	   7.8895406421836256e-01	   5.4328277789139889e-01	   6.8484552063622817e-01	   3.5842697613955538e-01	   6.0916458014677222e-01	   2.9927539110920287e-01	   5.3808286490765944e-01	  -1.1750726808294545e-01	   1.7813837072222016e-01	   5.7226157743274453e-01	   4.2959027594387272e-01	   8.1476421552535494e-01	   1.3547625247408973e-01	   4.1181122885719723e-01	   2.2037860683777354e-02	
  -1.1269762509464892e-01	  -2.3836657171273704e-01	   2.1924711233802346e-01	   6.9138229966728515e-01	   4.1375698339575995e-02	  -8.6012478503635151e-03	   4.4473854039688743e-01	   0.0000000000000000e+00	   5.1433128180408363e-02	  -1.1036101404565268e-01	   4.1190200699317603e-01	   5.5841066579983889e-01	   4.4202116829902616e-01	   6.5839581170093908e-01	  -9.9276152672974183e-02	   1.4899870983349639e-01	  -3.0004811756047184e-01	  -1.6913940385766119e-01	  -2.7080456173995307e-02	  -6.6426803007810301e-02	  -1.3730359418692584e-01	  -2.0696893853411336e-01	   3.8389574216416622e-01	   6.9335599070191201e-01	   8.3257988921598330e-02	   3.1170976382997852e-02	  -5.5187167056426352e-02	  -2.0451502299606891e-01	  -8.1123303434740904e-02	   1.0149587211964516e-01	   4.0006805894542463e-01	   2.7423503558469614e-01	   2.7952175978049942e-01	   1.6011336072495108e-01	   1.0071008709507202e-01	  -3.7420285741293642e-02	  -8.4243229305953543e-02	  -2.1951453824702174e-02	  -2.5533764938700726e-01	   6.5042490734331118e-02	  -2.6825605127044216e-01	  -1.7818969096617820e-01	   4.1520428391223996e-01	   3.6636757189075064e-01	   7.3882734550665574e-02	   2.1161232883872672e-01	   5.5310626464316406e-02	   7.2452890137995704e-02	   2.4775026930950812e-02	   1.8259316252091179e-01	   3.7512464753114938e-01	   3.6459068916742438e-01	   1.7615917761293257e-01	  -5.4718146457125083e-02	  -1.0257214658559644e-01	   8.5278670057416836e-02	   7.9948917341553932e-03	   2.5232450475979262e-01	   6.2112513594854180e-01	   7.4092307255932366e-01	   7.2720161522583837e-01	   8.1054249632747277e-01	   2.3459301782466407e-01	   5.9807069145588143e-01	   3.7745939792950317e-01	   6.4688424545837808e-01	   1.7733689528612129e-01	   4.0012336331963216e-01	  -1.3000548731568701e-01	   7.7390282881908690e-02	   4.6872038641817444e-02	   2.7306925944148708e-01	   2.1912474959071171e-01	   3.1038275570911728e-01	   1.7633374519207759e-01	   5.7738053486159435e-01	  -3.0278215900314744e-02	  -2.8858707940175987e-01	  -2.3840656748490563e-01	  -9.4177492754358202e-02	   1.2759788408544351e-01	   9.6265061855051876e-02	  -1.6303384493388198e-01	  -4.2415808286305742e-02	   2.3859067658714350e-01	   5.3011874112754942e-01	  -1.2407854528553895e-02	   5.4811587602087219e-01	   5.5035701184604380e-01	   6.3845055547982654e-01	   2.6914376512262567e-01	   9.3948124727532251e-02	   2.4084322940974856e-01	   1.9224216850493768e-02	  -3.4686145335470799e-02	   1.7738233021732047e-01	  -1.4573317792965135e-01	   2.2891332666637926e-01	  -3.5334833689691120e-02	   2.4609716039718210e-01	   6.3923126517755879e-01	   3.9871299761245749e-01	   6.6216713506462577e-01	   4.6972702199664185e-01	   2.5402183312243742e-01	  -3.1220840940406759e-02	   2.5530290662356614e-01	   2.7330868887429238e-01	   8.8704239812553098e-02	   3.3901076337116942e-01	   1.4136775771042043e-01	  -1.3161636284954854e-02	   2.8541385060210789e-01	   3.6831311566654595e-01	   5.3839009793374093e-01	   2.5254667534473074e-01	
   6.9859252130324734e-01	   4.1650218816964063e-01	   7.6075337960666434e-01	   1.4867682349948139e-01	   8.7522186284510139e-01	   3.4426073242461780e-01	   7.2677070974470714e-01	   5.1433128180408363e-02	   0.0000000000000000e+00	   1.7353086850324070e-01	   3.9470356802508566e-01	  -2.2585185374604450e-01	   4.2354274959357224e-01	  -1.3108851849107855e-01	   7.6152984050797889e-01	   1.6070492245393680e-01	   2.7602626426964277e-01	   1.2420671004300371e-01	   6.9725728360855344e-01	   3.9647263322140475e-01	   3.2248617807695568e-01	   6.7819543015977424e-02	   6.9083267407057081e-01	   4.0311474879287512e-01	   5.9178418876968419e-01	   6.2205370642726199e-01	   6.0029635824354766e-01	   5.5274899380911169e-01	   5.5285406421269245e-01	   1.1771371607437839e-01	   6.1902909334994582e-01	   7.4507084964565817e-01	   2.8797328904001807e-01	   4.2625506983526706e-01	   4.6302488431783961e-01	   5.3699480724368709e-01	   3.8480852678132210e-01	   5.2877231214018938e-01	   4.9903781238208833e-01	   4.7180039032214716e-01	   4.1655250603790406e-01	   4.5495933644964925e-01	   1.9924578832388423e-01	   4.1439436843150090e-01	   5.3487968551208842e-01	   5.3866583547149727e-01	   5.2446985697795667e-01	   6.6435523056481449e-01	   6.2043715649749409e-01	   5.2934973770830862e-01	   6.2160981349881239e-01	   3.7364535880096278e-01	   4.0162564854950833e-01	   5.7823212707594251e-01	   3.1604657758282134e-01	   5.6189639493121435e-01	   3.0080600678933306e-01	   1.5719702817834758e-01	   2.9926875717305035e-01	  -1.7780153603523027e-01	   3.5036349327783198e-02	  -2.3890167184366531e-01	   3.2519892543648025e-03	  -4.8316364875307727e-01	   7.2580972781769981e-01	   2.8417021681826009e-03	   6.5418248381963573e-01	   4.4885498066967372e-01	   8.1288718954643502e-01	   3.1833408592003304e-01	   2.8782697822446318e-01	   2.5762877841279369e-01	   5.6981005679982344e-01	   1.1416990906826310e-01	   3.4530677941468579e-01	  -2.2345121813289259e-01	   1.8169490893544665e-01	   2.0921763570397259e-01	   4.5440863835935408e-01	   4.6310328540697321e-01	   4.3934783214560269e-01	   5.1385802951771642e-01	   5.3446514261035594e-01	   5.0643804251863533e-01	   7.3651998744988445e-01	   4.3858303903124585e-01	   4.7052232337910527e-01	   3.5900877076722920e-01	   5.3512147821358624e-01	   3.8121966280863051e-01	   1.5856860280402585e-01	   5.5275552397311001e-01	   2.7153361648346130e-01	   6.4435165663435057e-01	   1.9172715732518675e-01	   1.2018499785404146e-01	   4.4580964880183271e-01	   2.6697409858591786e-01	   4.4638693668991991e-01	   5.0001038787333385e-01	  -3.3430412225361883e-01	   4.8204151511599924e-01	   3.7318276292225983e-01	   3.0796423521104455e-01	   2.4213185318298605e-01	   5.8500808007968219e-01	   3.1252245467936601e-01	   3.3439277059288158e-01	  -1.3133257956272948e-01	   2.7582926405595043e-01	   4.6571531468124938e-01	   4.7032840520101393e-01	   6.5701979903695895e-01	  -2.1264866876193667e-01	   4.1923577194593956e-02	   2.2029972617396948e-01	
   3.0539165192060619e-01	   4.8895004768849337e-02	  -8.6550596579137329e-02	   3.8243702891500191e-02	   1.6367816184429068e-01	   2.3485901614855859e-01	  -6.2175353726781568e-02	  -1.1036101404565268e-01	   1.7353086850324070e-01	   0.0000000000000000e+00	   3.8222827764841115e-02	   3.3895419383368607e-03	  -5.1589691420544752e-02	  -1.1819988368637535e-01	   9.5004492175979810e-02	   5.2893360152638846e-01	   1.4291983875524342e-01	   1.2332299612836722e-01	   4.5567792699651506e-02	   6.6483766966728794e-02	   2.7754482499590472e-01	   9.4840594136501553e-03	  -4.1227938348177718e-03	  -6.1960002945567513e-02	  -1.1207394850659674e-01	  -1.0135117686660823e-01	   1.6149602371208394e-01	   1.2298842066514495e-01	  -1.3225921274432695e-01	   4.4861005285345146e-02	   9.4741991619896604e-02	   1.6675520500826613e-01	  -1.8495067484192559e-01	  -2.8419559693693166e-02	   1.6560873829606160e-01	   5.0741551700072010e-02	  -1.1640394892052243e-01	   1.7289643556383530e-01	  -3.0536359360973874e-03	   1.5338499599532943e-01	   2.3445699920145621e-01	  -2.2726266734865712e-02	  -2.0899235008393263e-01	  -2.0248698997947431e-01	  -3.1154652930904181e-01	  -3.2504613548396094e-01	   8.4804609382533092e-02	   2.4520016741981766e-02	  -1.4318706679309889e-01	  -4.1847357354995418e-01	  -1.7576402970484578e-01	  -5.1579516532065106e-01	   3.3150259209798261e-01	  -2.3432378836319004e-02	   7.2357303855961397e-02	   3.4023888625906870e-02	   8.1061013503320997e-02	  -6.8352150680592749e-02	   4.0566729146426450e-02	  -4.9756118175511453e-04	   1.4074642158840556e-01	   1.1100385360751236e-01	  -2.1983567197350073e-01	  -2.2671361357431408e-01	  -8.4778725976928135e-02	   6.8049123774195960e-02	  -8.7453044710302574e-02	  -9.5312925525013276e-02	  -1.8797387344698754e-02	  -4.3412115942731938e-01	  -1.3799497607571036e-02	   7.3152720894975563e-03	   3.7298043892364394e-02	  -5.4623235852852781e-01	   2.2710224738770388e-01	  -6.0407342265155173e-01	   2.6832321533381331e-01	   3.8803009008771239e-01	   2.6199093285361446e-03	  -3.6707159140092767e-02	   1.7367490163835856e-03	   1.1513925267224337e-01	   3.5740802898601612e-02	  -4.4845917091702776e-02	  -4.7114454025528149e-02	  -1.2788179936983882e-01	  -1.0539024044693457e-01	  -1.5890359913381083e-01	   1.2899562719790486e-01	  -6.3282725811490803e-02	   1.6404493900344253e-02	  -4.8680974432414106e-02	  -7.5777521251302118e-02	  -1.2137011022068003e-01	  -2.2828160438788297e-01	   1.7416102234842093e-01	   1.3478181979783259e-02	   1.6171569843040118e-01	   3.0875422644429829e-02	   5.5611618195729037e-03	   1.6398193118483270e-01	  -8.6394116950439082e-02	   4.0917886595136521e-01	   8.6443023184477191e-02	   2.1185211496041859e-01	   8.0853459242122824e-02	   8.5971497428238342e-02	   3.6380400714605782e-01	  -1.6203225251409031e-01	   3.3941704924280985e-01	   2.1197398876026663e-01	   3.1877183977086587e-01	   1.7247988082891524e-01	   2.7511315863165707e-02	  -4.0038242175123889e-01	   4.7208276855864928e-02	
   6.0428240287562407e-01	   4.5285627622838032e-01	   7.5845367446647549e-01	   7.1068646788534007e-01	   4.1851173131563046e-01	   3.1403475095848443e-01	   6.8197714082289795e-01	   4.1190200699317603e-01	   3.9470356802508566e-01	   3.8222827764841115e-02	   0.0000000000000000e+00	   2.3022275829619568e-01	   7.9484567311411292e-01	   5.5762980570884046e-01	   5.4569927574001642e-01	   5.7562856551749808e-01	   8.3676978617730657e-02	   1.6934007270313356e-01	   6.3263214322438355e-01	   6.8022124257971028e-01	   3.3628949032802513e-01	   3.6675644863112622e-01	   8.1187330579139649e-01	   7.3486610400956609e-01	   7.6126978227061426e-01	   7.6121159514150560e-01	   4.0330576837932036e-01	   2.2835304394737715e-01	   3.6778489421427718e-01	   1.8070449781272407e-01	   8.4967669328666751e-01	   7.7252682762163616e-01	   5.5468051878892988e-01	   6.8356385795744012e-01	   6.3016625311910190e-01	   5.6448611388886771e-01	   5.8225497810361615e-01	   6.2388926863111738e-01	   6.3546259472253097e-01	   6.6596525911067572e-01	   4.9253784056779126e-01	   4.5121235139768673e-01	   6.4277436228423324e-01	   7.4464242568813566e-01	   3.2894079929735964e-01	   3.1536033346219605e-01	   5.9610334021735312e-01	   6.7404918677835757e-01	   7.2371768519279678e-02	   6.3058961637875277e-02	   6.5452402492605311e-01	   3.9229902070313005e-01	   6.1483151807574998e-01	   5.3108384631315264e-01	   5.0494883640561339e-01	   5.6743010913814418e-01	   3.3321518754433826e-01	   3.0719709019365199e-01	   8.2552227455825911e-01	   4.5568003179164296e-01	   4.8387633567480248e-01	   2.5187453107984548e-01	   1.3002323606733085e-02	  -1.8145515718257798e-02	   4.0621226325942250e-01	   2.0603854511481662e-01	   7.9585517843433062e-01	   8.8333213037662417e-01	   4.9924252048191542e-01	   4.4745050871064707e-01	   7.6789546558276012e-01	   4.8362572797891734e-01	   3.9803682875028190e-01	   1.6127298220557557e-01	   2.6513452769288248e-01	   1.7363241023429155e-01	   4.6008718300874796e-01	   2.2922047166161505e-01	   5.7763635298788238e-02	   4.1088538830525967e-01	   3.4629445348853699e-01	   3.0880347483469056e-01	   4.4949980355492680e-01	   6.3830050127457449e-01	   8.4402158980687825e-01	   5.8809613816272555e-01	   5.5930809800494519e-01	   5.2241478307373834e-01	   8.0660494205184885e-01	   7.8711106112740459e-01	   5.9409636165251944e-01	   7.4286864272791098e-01	   5.4884256466770542e-01	   7.0951055595967749e-01	   1.7700317674004751e-01	  -2.3025372313538578e-01	   5.9025258648785583e-01	   2.9284519964253086e-01	   3.2400777200081488e-01	   8.0183954230444188e-01	   3.3277739218705871e-01	   8.5663792415550888e-01	   6.0094834220997129e-01	   7.1820369461765954e-01	   5.7130700080035857e-01	   5.9124488847225631e-01	   4.3292757132098614e-01	   5.5917182989075287e-01	  -2.3799030514009729e-02	   3.3555004106044350e-01	   6.7663855010349794e-01	   4.1201174659861317e-01	   6.1707928604612539e-01	   4.1234003739643083e-01	   2.2119236870327777e-01	  -1.1124680378755700e-01	
  -5.6710398488796943e-02	   1.1334330648926857e-01	  -6.2318221944377347e-02	   2.7320173639340484e-01	  -5.9081517863692461e-03	   1.2978710407952054e-01	  -1.0587320082841208e-01	   5.5841066579983889e-01	  -2.2585185374604450e-01	   3.3895419383368607e-03	   2.3022275829619568e-01	   0.0000000000000000e+00	   8.8398401713034994e-02	   7.6288190540803558e-01	  -3.6223174109290872e-02	   2.4280876323129075e-01	   1.8337492773142722e-01	   4.1089129196227736e-01	  -8.2581277449999112e-03	   2.7299444301840575e-01	   2.5523317906751741e-01	   2.7231729395157439e-01	  -2.1770625391014826e-02	   1.1861525268649822e-01	  -6.3878806616119707e-02	  -8.4833660918061687e-02	   9.1317400006819996e-02	  -3.0646390542454299e-02	   2.2798568914281067e-01	   6.5870738940395868e-01	   2.1280680030896471e-01	   1.2365806728661499e-01	   2.4652392595667411e-01	   2.5157861236288936e-01	  -2.8989708750837750e-01	  -3.4646109340455927e-01	   4.8033685893142643e-02	  -4.8672943960424736e-02	  -1.0674218206868011e-01	   3.0825297572638161e-02	   2.0974265868667133e-01	  -7.7051650054432513e-02	  -1.2557825963000185e-01	  -1.9546922736305744e-01	  -3.7303801751504612e-01	  -2.6712773418243058e-01	   1.0854998240787130e-01	  -1.7499594479953062e-01	  -1.5329054504232248e-01	  -3.3337292987670186e-01	   1.4186265502169748e-01	  -1.5920052522169503e-01	   4.0123502904652653e-01	   9.5679257895137773e-02	   3.3690458283600022e-01	   3.5662303740496404e-01	   3.0010415537552521e-01	   3.5245421226677087e-01	   3.8460718326790488e-01	   4.3708283790960994e-01	   5.3182808400391035e-01	   4.1743286292681214e-01	   4.8696186780325557e-01	   7.3917297016232097e-01	  -3.1334857633040014e-01	  -2.2549109477111223e-02	   1.2898605086793039e-02	   9.0942837771717633e-02	  -2.8541449464085522e-01	  -4.1633383392165366e-02	  -1.2706966150124777e-01	  -1.4648115914916668e-01	   2.9085613736211180e-01	   3.2468318495427739e-01	   4.5574889465726443e-01	   2.4086575443356373e-01	   3.0929547173750455e-01	   2.6827992042979204e-01	   2.1702741163938113e-01	   1.6354633407457561e-01	   4.5125954359103587e-01	   4.5559253083881862e-01	   1.6671018292374334e-01	   1.5032963403360056e-01	  -5.1084055650598856e-02	   1.3734458220253754e-01	   5.9015681149452354e-02	   3.2275412788228194e-02	   2.0212112072023924e-01	   1.9435244192827755e-01	   4.6816937605414344e-01	  -1.5141187599827033e-01	  -9.8751628222689361e-02	  -2.2369659429977196e-01	  -2.7635301931269818e-01	  -8.7043441565160903e-02	  -1.8886862618088057e-02	   4.7481493892613885e-01	   3.3782557348447373e-01	   2.8511757027160378e-01	   5.0282100653292860e-01	   1.3435166392750392e-01	   5.1843205626775524e-01	   4.0882326145582443e-01	   1.8692866570049316e-01	  -9.9145304248195787e-02	   3.3211387422276606e-01	   1.8841009311742585e-01	   2.7733417118148257e-01	   4.6010911245554764e-01	   7.7035928594825984e-02	   9.9491752495711266e-02	  -4.5756526470569159e-02	   4.7114868534125343e-01	   3.1344680445182938e-01	   9.1271060406447294e-02	
   3.4537696918383265e-01	   1.3658642710365962e-01	   6.2807984237877568e-01	   6.9065206147350477e-01	   4.3552585504403352e-01	   4.2631372822690966e-01	   5.9795571283982685e-01	   4.4202116829902616e-01	   4.2354274959357224e-01	  -5.1589691420544752e-02	   7.9484567311411292e-01	   8.8398401713034994e-02	   0.0000000000000000e+00	   5.5500140983400936e-01	   4.3153292144869160e-01	   3.8273659651265757e-01	  -2.2240870311908456e-01	  -1.2163354154627966e-01	   4.4576426772323607e-01	   5.2787228556908550e-01	  -4.2443283177169416e-02	   1.0233972361278786e-01	   7.2344677874473629e-01	   7.0013626387324512e-01	   6.0920487159981018e-01	   5.6284176393279095e-01	   3.6602006705646412e-01	   7.3722385980787147e-02	   2.1776244465025005e-01	  -3.8246643338531679e-02	   6.4267055376217264e-01	   5.5768705475956637e-01	   2.2337226235269272e-01	   3.5841363156462386e-01	   7.4491236400959238e-01	   7.0766270205885529e-01	   6.4743405594132253e-01	   5.0700877962361357e-01	   5.1139245164130454e-01	   4.8109912597517962e-01	   2.6837949395052385e-01	   7.8688501020379456e-02	   8.2730619808147143e-01	   8.4638126409370074e-01	   6.2623132757459010e-01	   6.3794255914212961e-01	   6.0454311155867257e-01	   7.3259399630925759e-01	   2.9306011713608909e-01	   2.8371971046291955e-01	   6.1630541691810281e-01	   3.2782267327967324e-01	   3.3174846684081655e-01	   2.6864235830082239e-01	   2.8230144625929365e-01	   3.4011617037596192e-01	  -1.4680221266599722e-02	  -4.1075838537686003e-02	   6.6977556714303388e-01	   3.4681197363995814e-01	   2.5377539546833772e-01	   1.1200039777349804e-01	  -1.8124525319600937e-01	  -1.5812601695955467e-01	   4.5047210712193075e-01	   2.7529419201455640e-01	   6.7587183372440873e-01	   8.2479592795708001e-01	   4.8125514953361848e-01	   4.9029126135801426e-01	   5.6550549414097728e-01	   3.3831693473855373e-01	   3.3861462956441635e-01	  -4.7019670520993852e-03	   1.1980870370214511e-01	   3.8605743931250219e-01	   1.2487830633327679e-01	  -1.6194473509902087e-02	  -1.8571990605833363e-02	   2.4727180355630640e-01	   3.5175799225907034e-01	   2.4671776754522834e-01	   3.6965320671848667e-01	   5.1308440583233805e-01	   7.2838069258229954e-01	   7.2578385457401251e-01	   5.4232539716805095e-01	   7.3436479749132444e-01	   7.0448705560150571e-01	   7.6353993406350740e-01	   4.5565228443389294e-01	   6.6923823552012973e-01	   6.1879234434866026e-01	   6.8156671443065098e-01	   3.2418190397715368e-01	  -7.1253347156515507e-03	   6.2188370138570259e-01	   2.9863161141435257e-01	   2.6326070720680150e-01	   6.5130085132328364e-01	   4.1122953148896901e-01	   8.2773910543416185e-01	   5.0348422287720129e-01	   4.1330329838428803e-01	   7.2203440356679904e-01	   4.9180479816216982e-01	   1.6246628666335144e-01	   2.8551142340484559e-01	  -2.6294645740101340e-02	   3.1906144582987023e-01	   7.0971595286833600e-01	   4.3028512610253472e-01	   6.0359259339396287e-01	   3.7574565383881775e-01	   1.6674484080595894e-01	  -8.2500322026737599e-02	
