   0.0000000000000000e+00	   8.6170199240722023e-01	   4.6611007919882119e-01	   2.9172558745895100e-01	   1.4030459641026116e-01	  -1.5161000598243948e-01	   6.8606497620076767e-01	   4.9592742137660173e-01	   3.1978506959224429e-01	  -1.2588698491855843e-01	   8.6851319235413704e-01	   8.9567602505294308e-01	   7.9832550002570613e-01	   7.3211667027138960e-01	   5.7729844712695277e-01	   7.4682601621965183e-01	   8.0780853024196919e-01	   8.7702840639504864e-01	   6.1990816535419357e-01	   7.1001056246717464e-01	  -2.2214084494440114e-01	  -2.4711136050391894e-01	  -1.9136086154269649e-01	   1.3911347954638259e-01	  -4.5214166872428840e-01	  -6.5602307100215129e-01	  -3.0697658215819307e-01	  -4.7679731340408515e-01	   7.0864887269435961e-01	   5.5195989782190036e-01	  -7.9274177010132355e-02	  -1.1965357135901553e-02	   4.8129760742471178e-01	   3.7735000340230451e-01	  -6.6563189168284020e-01	  -6.8034331163918915e-01	   6.5506610195954929e-03	  -2.8911026704750498e-01	  -2.6620440730088024e-01	  -5.3469311027214095e-01	   1.2198736617319031e-02	  -6.0807887026472232e-02	   2.7501951874254255e-01	  -4.1813156191851675e-01	   6.3884917928902885e-02	  -1.7261994343021630e-01	  -1.0240385329173621e-01	  -3.7432681762280096e-01	   3.2519272863412418e-01	   3.8846045116711597e-01	  -3.1423739234236303e-01	   2.8358159340200523e-01	  -1.6945989325299424e-01	   2.6560981048827342e-01	  -2.1942427943826787e-01	  -2.0538896108636440e-01	   8.9573332453756849e-01	   8.1460398051298144e-01	   5.5000904054963839e-01	   5.3366154445249989e-02	   7.0345657241062565e-01	  -1.9187285110617530e-01	   8.0217942067890036e-01	   6.9540654297394178e-01	  -6.2729582486149393e-01	  -6.5718923683408148e-01	  -6.3233630030456545e-01	  -6.7840312353903331e-01	   5.0832930709991386e-01	   2.5397547774038165e-01	   1.7911056087768312e-01	   3.0684639939164848e-01	   2.3253030136954361e-01	   4.8435891452108637e-01	   8.6608883765867478e-02	  -6.1420069519468323e-02	  -5.5165558575423906e-02	   2.0806348366003782e-01	   1.7079037286076446e-01	   3.8875351000697772e-01	   5.8541206744814700e-01	   7.3265147111005846e-01	   1.6133813154091797e-01	   4.7784392605361053e-01	  -1.8012985041552940e-01	   2.4506614220806733e-01	  -2.1180082373846576e-01	  -4.3024471935154678e-02	   3.6400055840103301e-01	   1.2884838238428803e-01	   5.3012270916178439e-01	   2.4187247123634492e-01	   2.8653325537112734e-01	   3.2475598303756908e-01	   3.7510854285906386e-01	  -6.9563875387588930e-02	  -1.6676790181712059e-01	  -2.5346485509344208e-01	   3.5716316854499974e-01	   2.4505784612308595e-01	   2.0578100007219008e-01	   5.5792449431437718e-01	   6.1875589468641223e-01	   1.6979203772055787e-01	  -3.8078837950904754e-01	  -4.3979691735320020e-01	   1.1517241131240927e-01	  -2.9011289595163725e-01	   4.0449912514936726e-01	   4.6054002141184780e-01	  -9.0531034872897084e-02	   1.7957835127952981e-01	   3.7630469870328231e-01	  -2.0121763443280136e-02	   2.9374990222404984e-01	   1.8581459281672100e-01	
   8.6170199240722023e-01	   0.0000000000000000e+00	   3.3166644299381393e-01	   2.3258492284866050e-01	  -1.6758048691559416e-01	  -3.3847330238840856e-01	   3.2343781099108637e-01	   2.0188759726168110e-01	  -9.2321409349707659e-02	  -3.8555075230835223e-01	   5.9161541437685905e-01	   7.0759505789169519e-01	   5.1354873676711932e-01	   5.8730417547846525e-01	   3.4999217473136168e-01	   6.2934869477944799e-01	   7.0183061572827543e-01	   8.4806580792196806e-01	   5.2221625508199221e-01	   7.0236669025984577e-01	   1.8342487232609433e-01	   1.2957773439627879e-01	  -1.6215825413698323e-01	   2.1030958847904815e-01	  -2.4572551352289690e-01	  -4.2985959393654505e-01	  -6.2659797933229650e-02	  -4.3977715288024188e-01	   6.1947911206110395e-01	   5.5406045526482961e-01	  -1.0237448423549350e-01	  -1.6837077649999260e-01	   4.9951567131425767e-01	   3.3322717106811328e-01	  -5.1804772110470521e-01	  -5.3459293481872372e-01	   1.7534355050751219e-01	  -3.9114054812939099e-03	  -1.4945265833028534e-01	  -3.3170491905867394e-01	   2.0890654001206876e-01	   2.6941111722622413e-01	   3.7991997002329947e-01	  -2.4076351808159466e-01	   5.5582144536653250e-02	  -2.7944891425425111e-01	   4.3294761479754564e-02	  -3.1531362279825181e-01	   2.5692614241079598e-01	   1.8730624267027618e-01	  -1.7733192167432066e-01	   1.8462680611329713e-01	  -1.8522356722002131e-01	   2.9315109815940604e-01	   4.2789044762411001e-02	  -6.7381000530382387e-02	   8.1032087306526579e-01	   7.9579149797637216e-01	   3.0321165885672485e-01	   2.0973026385013225e-02	   3.7355562539892911e-01	  -4.6292011432957625e-01	   5.4591454398534245e-01	   4.6096800063210830e-01	  -6.0613813352077339e-01	  -4.6832655398281658e-01	  -4.9191681576782442e-01	  -4.7215187197031155e-01	   5.3680711998223574e-01	   2.8515642877495417e-01	   3.0239438037459182e-01	   4.9405383820163484e-01	   2.0168334067458876e-01	   6.7832600624967010e-01	  -5.8245175098608520e-02	  -7.1483081459360664e-02	   2.2252159624103035e-01	   5.6307738645772620e-01	   3.0976126314838737e-01	   2.9011535263708632e-01	   5.6930082571212404e-01	   7.8065874397012447e-01	   1.9902699046261829e-01	   7.1193561908264136e-01	  -4.7912486550968497e-02	   3.7478873485934860e-01	  -6.0384914609940596e-02	   1.7910577816599611e-02	   3.6885192678345535e-01	   2.0783584354459717e-01	   5.5856703981655564e-01	   1.9212329554080776e-01	   2.2394896420624136e-01	   2.7856237361633684e-01	   1.7780835181422891e-01	  -1.5246387255109645e-01	  -4.1759369578805008e-02	  -2.0757120289353831e-01	   3.8535336449470509e-01	   2.8262360535206293e-01	   3.9351148903952826e-01	   5.7015560126105580e-01	   7.7018426241353066e-01	   3.1908286159059651e-01	  -1.0423552849886887e-01	  -2.0386212756437264e-01	   8.9065932428211092e-02	  -2.4181441958531105e-01	   4.0600585725122257e-01	   6.3913684420190364e-01	   2.5706106882068580e-01	   2.4933295923650267e-01	   2.7037389775727910e-01	  -6.1967985218278204e-02	   3.1067366536734764e-01	   8.4796059432080226e-02	
   4.6611007919882119e-01	   3.3166644299381393e-01	   0.0000000000000000e+00	   7.1152779660480059e-01	   5.4580968967373344e-01	   9.3513451512470175e-02	   7.3373873331084893e-01	   6.7821968988098691e-01	   3.5471087794840062e-01	   1.1498838658818548e-01	   3.2585276946254715e-01	   4.3242780152640170e-01	   3.5566582202969454e-01	   3.9931421123969219e-01	   4.3999500116149814e-01	   5.9631156575123268e-01	   5.4461198463470417e-01	   3.7073237931291825e-01	   5.1291856949437642e-01	   4.1643021340915959e-01	   1.2548894087130169e-01	  -8.3586295744331213e-02	   5.2965330012283274e-01	   5.5753117965484400e-01	   4.3811333944376420e-03	  -2.4511746518704733e-01	  -8.9078381924127814e-02	   1.1996797197502665e-01	   3.2597372229447347e-01	   2.7501038085071705e-01	   3.2032027991814216e-01	   4.0489123890764689e-01	   7.3051244130957182e-01	   7.1166635958484115e-01	   3.8682574469016420e-02	  -8.8374667123832205e-03	   6.9490098223492988e-02	   6.1229889815451952e-02	   7.4899181767193498e-02	  -1.6010815550665275e-01	   7.3996480323953326e-02	   1.6682712325958668e-01	   4.5014707636095019e-01	  -6.1942279042750625e-02	   4.1794780165522782e-01	   3.6739967042530319e-01	   4.0442657604110999e-01	   1.3056994544501177e-01	   5.8289929719432598e-01	   6.1718867859798487e-01	   2.8944793692805154e-01	   6.6277454860126506e-01	   3.6195486097177298e-01	   6.5167507955571780e-01	   2.7238444821766261e-01	   5.8840705104474744e-01	   6.5752255101029056e-01	   4.7132292178903412e-01	   4.4115337191708492e-01	   2.2709775212002345e-01	   5.7095670454638014e-01	   1.1871365907724771e-01	   6.7531414439492332e-01	   6.1599844718035857e-01	   1.5859500909750709e-01	  -1.2316104169971834e-01	   1.6496032481120362e-01	   6.1988585940408403e-02	   6.0451835150539635e-01	   5.9984304466264826e-01	   5.2381144642276378e-01	   6.3147859051160216e-01	   3.8304704575470006e-01	   3.1561420205043722e-01	   4.0552617600512930e-01	   4.3075328398159796e-01	   3.7228290797804858e-01	   2.6445249355892231e-01	   2.9045192824475440e-03	   9.5054280671009489e-02	   4.4595525985922052e-01	   4.0820763227583329e-01	   2.1266290824356499e-01	   3.6675718968525772e-01	   1.3086415007086627e-01	   4.0425926352398844e-01	   4.0291941144145516e-01	   2.6975896499659990e-01	   6.3126248500493043e-01	   5.3196960217497669e-01	   6.3412583472683970e-01	   2.7068600029762729e-01	   5.1118288612371821e-01	   2.3343216567932434e-01	   1.8502655962240741e-01	  -1.1515988161009810e-01	   2.1829232140612512e-01	  -9.2446286665679247e-04	   5.8100733680926131e-01	   5.6011958728610767e-01	   6.3601335980826534e-01	   5.8471510317176034e-01	   5.4619225884109424e-01	   4.5022211127622247e-01	  -1.5224196471015009e-01	  -1.3855022740578066e-01	   3.7928639031394518e-01	   1.9390458235601787e-01	   4.9577742573482797e-01	   3.6280522739826371e-01	   3.5530928270059903e-01	   2.4070061277835636e-01	   3.7171510289843858e-03	   2.5096917870602886e-01	   1.2948753963176263e-01	  -1.9047625824979569e-01	
   2.9172558745895100e-01	   2.3258492284866050e-01	   7.1152779660480059e-01	   0.0000000000000000e+00	   6.6352335399137352e-01	   2.6559184392064045e-01	   4.5725164435967269e-01	   6.4114939736115872e-01	   7.3847786481702204e-02	   2.6041737389668795e-01	   1.1610936657184956e-01	   2.8600421415989397e-01	   1.0454635101559043e-01	   2.2280081813647049e-01	  -4.1583224572991788e-02	   3.7817740929890720e-01	   2.9747741282238427e-01	   2.5045654888099284e-01	   4.8360975187018063e-01	   4.8541366565082672e-01	   2.8421491337297755e-01	   5.7452576372624221e-02	   7.1800984738589713e-01	   8.6248411769768984e-01	   2.9479389302148862e-01	   1.4088053843572998e-01	   1.3881302980852384e-01	  -6.9174583813363735e-02	   1.9989265532865891e-01	   4.1598951471948664e-01	   7.5273105675981711e-01	   7.6571694174573457e-01	   7.2081437682908378e-01	   7.3894725506220649e-01	   3.2238089539376175e-01	   1.6115743148329051e-01	   3.3293683940336827e-01	   3.8386711572137489e-01	   3.1411565987446982e-01	   1.2700621860382183e-01	   2.8760783690178193e-01	   3.1059327110344015e-01	   7.7529966274971107e-01	   3.3279650013653317e-01	   7.4720758219976668e-01	   6.0003110070483801e-01	   5.9791344172128280e-01	   3.9603309949814020e-01	   8.5749704525172854e-01	   7.0362856630202886e-01	   2.4580513759765266e-01	   6.9242605216926922e-01	   4.1804673428846240e-01	   6.6870121331366983e-01	   5.0867232916356586e-01	   5.7551645279854147e-01	   3.5695728371623930e-01	   2.7569342511765021e-01	  -3.7822354867775833e-02	  -7.7479484833327006e-02	   3.8143957845820958e-01	   1.7173058753616394e-01	   4.6206985656753136e-01	   3.3085076465908525e-01	   1.4218238132465355e-01	  -1.4300781165623294e-01	   2.6519467935738417e-01	   1.0892151120832388e-01	   6.0521873262111470e-01	   6.0672431897945556e-01	   7.6127958766591497e-01	   6.9142680903493969e-01	   5.6558857039381982e-01	   2.3248844597806223e-01	   5.5935267043775649e-01	   3.1350381238901726e-01	   5.2123626897282593e-01	   5.0357423716525418e-01	   4.9084975839405298e-01	   2.6051217173170232e-01	   3.6905477520404140e-01	   2.3281406031252666e-01	   2.4993931668456329e-01	   3.3990243392676034e-01	   1.6784964184232656e-01	   1.8702495023090293e-01	   5.4383673637673369e-01	   5.5673378385059069e-01	   6.7383997635507797e-01	   5.8300982929095702e-01	   7.7580941466080344e-01	   4.7939770395558295e-01	   7.4212380865265659e-01	   4.0102497807845294e-01	   1.8099172552185008e-01	   3.1131247553591312e-02	   4.0026232210346890e-01	   1.3233476147501633e-01	   7.4953514339884575e-01	   7.7410630016432735e-01	   6.7467445335658383e-01	   7.5110280988601841e-01	   4.2651331573456280e-01	   1.0980504069098154e-01	   2.3722695109467612e-01	   2.3878530804502324e-01	   5.1365797274882263e-01	   3.6193354435878033e-01	   5.2542079134913344e-01	   3.8249220707051629e-01	   4.4151506005878888e-01	   3.9919667952982529e-01	   8.6170822276007905e-02	   4.5195641712624646e-01	   5.8441239757508945e-01	  -4.2002020940964474e-02	
   1.4030459641026116e-01	  -1.6758048691559416e-01	   5.4580968967373344e-01	   6.6352335399137352e-01	   0.0000000000000000e+00	   7.1233022960054992e-01	   5.1074472764530165e-01	   8.0733562787954516e-01	   5.7166582832172996e-01	   6.7696402189864635e-01	   7.4514798527884021e-02	   2.1443894778497530e-01	   7.8049728764887194e-02	   2.1971017649296481e-01	   1.2920789483815698e-01	   1.2280125235391265e-01	   1.6800976744325913e-01	  -3.5211310031675047e-02	   2.2802762838757540e-02	  -1.3137874039480770e-02	  -1.8793358979009209e-01	  -2.1296212770088024e-01	   6.1128667351495758e-01	   5.7260427910822131e-01	   1.0476022879091809e-01	  -3.0924847125248206e-02	  -5.3066298934814383e-02	   1.1592551112005481e-01	  -5.1311429024791253e-03	   9.6673934022351221e-02	   5.8351984521289524e-01	   7.6202571824365473e-01	   2.2245782701700662e-01	   4.5715328019495166e-01	   2.8812950467745058e-01	   1.5887440042406947e-01	   4.0321188923179174e-01	   2.5679203688976060e-01	   3.5300492244401738e-01	   1.0980357630895826e-01	   2.6448310516164847e-01	   4.3577922040294072e-02	   4.1489231745975991e-01	   1.4320039867871542e-01	   6.9733120739981280e-01	   6.5799233732693552e-01	   4.9394215564399202e-01	   4.4635890161569430e-01	   6.9007376907650242e-01	   6.6098719094474778e-01	   1.4245962864227207e-01	   5.4973500876226833e-01	   5.5174976844626222e-01	   5.2486451518676591e-01	   2.7233492121613967e-01	   3.3451420328630554e-01	   1.2164355903639651e-01	  -7.0453054545498869e-02	  -1.1450990810673609e-02	  -1.5714409714044805e-02	   3.6179223776759922e-01	   5.6450123235318617e-01	   2.9323477073028892e-01	   2.8374554003989760e-01	   2.9540848006210052e-01	  -1.3046260460852951e-01	   1.2961034778810104e-01	  -4.3800712149524461e-02	   2.4127987048895466e-01	   2.5699019426188352e-01	   1.9207151264458963e-01	   2.4309591691364252e-01	   2.2744381233589223e-01	  -3.0191857329512362e-01	   5.0477388685114244e-01	   2.0873631256385056e-01	   1.1229099487673994e-01	  -1.1379289604919805e-01	   1.8809679127957879e-01	  -1.6419784041783993e-02	   2.7916900785472232e-01	  -1.1190596157908786e-01	   3.0899864697492496e-01	  -1.1887597752500234e-01	  -1.4376570677339248e-01	  -1.3218208617657551e-01	   2.2650607619725555e-01	   3.3345919048665845e-01	   4.0017156898947626e-01	   5.0618064535639484e-01	   5.3564851847807038e-01	   6.3843135422761677e-01	   6.5365350819447754e-01	   3.5433994540351599e-01	   4.8067028452610938e-01	   3.7550145042695426e-01	   4.3635692165693374e-01	   1.9894402111290943e-01	   5.9430583637072898e-01	   6.6515272041652662e-01	   3.4668588813026918e-01	   4.7525833577157028e-01	   3.8749622889576965e-02	  -1.4624636491640672e-01	   9.9800536099989470e-02	   1.2888896140261497e-01	   2.1515630411135608e-01	   3.2687358957707152e-01	   4.9550016722740464e-01	   6.5098755524476776e-02	   4.7130909503635021e-02	   4.3504760519836516e-01	   1.1563802595284563e-02	   5.3435397115691563e-01	   5.0684757679440418e-01	   1.2779717475307517e-01	
  -1.5161000598243948e-01	  -3.3847330238840856e-01	   9.3513451512470175e-02	   2.6559184392064045e-01	   7.1233022960054992e-01	   0.0000000000000000e+00	   1.2395073490133392e-01	   5.6062194543097998e-01	   3.5583631183585906e-01	   8.7955654895651536e-01	  -1.9944726055551718e-01	   8.2775004498765056e-02	  -1.8631058987320481e-01	   2.2290456353912441e-01	  -6.6686806905284779e-02	  -4.4205699126723008e-02	  -1.3614234506809908e-01	  -1.9226367593166027e-01	  -3.8631187336089240e-01	  -4.1544617987333438e-01	  -2.8872660362713792e-01	  -1.7916951127168074e-01	   5.0674087542655266e-01	   3.4724308634449597e-01	   8.2219339471558850e-02	   7.4525005071354025e-02	  -2.0600158729685686e-01	   2.2712865112899111e-01	  -2.1092308835202642e-01	  -1.2118946173243719e-01	   4.1428919943427378e-01	   5.6175332028323544e-01	  -5.2066512318247132e-02	   2.1558181631911255e-01	   4.5074341888672259e-01	   4.3495042850918841e-01	   4.3424927657429518e-01	   4.1059868979868891e-01	   5.3118260894057734e-01	   3.7443395381425637e-01	   3.0933361851810798e-01	   7.7190686005273361e-04	   3.4745975677240670e-01	   3.5563800128819534e-01	   6.5178503126030551e-01	   7.1931127468803713e-01	   5.2256511148529028e-01	   6.1399903196911665e-01	   3.3360833842463283e-01	   4.8792507647310046e-01	  -7.5457765284233994e-02	   1.7761675823280454e-01	   6.0017424598273550e-01	   3.3069518731811454e-01	   1.8061341970807523e-01	   1.0710686088011434e-01	  -1.4807635838147143e-01	  -2.7188421141339381e-01	  -2.1330335540696049e-01	   1.7212076234667137e-01	   1.1712046929234161e-01	   7.4599842754836754e-01	  -2.6330933402506067e-03	   2.1502165892449454e-01	   3.7612056491518658e-01	   3.2243096971078231e-03	   1.5282367188313220e-01	   6.6270630016343202e-02	   3.7491642464618946e-02	  -1.3861573330835831e-02	  -1.0052604194355741e-01	  -8.4249384354905476e-04	  -1.8117116488777752e-03	  -4.8799281300055364e-01	   2.5534023396063499e-01	   1.7984099111543492e-01	   1.3055003796457870e-01	  -2.2268490328828813e-01	   6.5808002015973602e-02	  -2.4699592171022930e-01	   1.2555595917766260e-01	  -2.5786683847894121e-01	   3.4256528776183059e-01	  -3.6642173212834583e-01	  -3.6163236924332187e-01	  -2.2657391256799653e-01	  -4.9322922755139831e-02	   1.6877361554350920e-02	   3.8143846918898161e-02	   3.7575667848673266e-01	   1.7562835023717704e-01	   3.0571144212985163e-01	   2.8171259524496467e-01	  -1.8251028137343618e-02	   3.7209916939362059e-01	   6.4182533684058518e-01	   2.9870107953269875e-01	   1.5057637918306507e-01	   2.8748247715305569e-01	   4.1232173951967160e-01	   3.6651620054386311e-02	   2.6320112902818749e-01	  -2.3199288481048352e-01	   3.8504741317567572e-02	   2.8149454966320916e-02	   2.5331724317505172e-01	  -1.3029820619754134e-01	   5.3802862868582091e-01	   2.0064058484805256e-01	  -3.3291006166163450e-01	  -2.0275652052070431e-01	   3.1975421251679148e-01	  -6.0317542613902569e-02	   6.0180481849338463e-01	   3.9550959736123031e-01	   2.2804107743835406e-01	
   6.8606497620076767e-01	   3.2343781099108637e-01	   7.3373873331084893e-01	   4.5725164435967269e-01	   5.1074472764530165e-01	   1.2395073490133392e-01	   0.0000000000000000e+00	   8.1388937452791810e-01	   7.4010211418411798e-01	   2.6988685414078101e-01	   7.5104468719823281e-01	   7.5005635021111394e-01	   7.9923343728954732e-01	   6.7696411549620117e-01	   6.7884019881218038e-01	   6.9434135908757955e-01	   5.6723614548999701e-01	   4.5097665514966911e-01	   5.5383684627210095e-01	   4.0795725685166911e-01	  -3.9472739536792856e-01	  -5.1563402752778842e-01	   1.1219442755237991e-01	   2.0523381895918671e-01	  -4.2656463280815160e-01	  -6.1285238336007264e-01	  -4.2807022458084987e-01	  -2.0440529055789022e-01	   4.4738625214614836e-01	   2.1104677588843149e-01	   4.5660688969584085e-02	   2.2780619837442634e-01	   5.0356743959334316e-01	   4.3812239227229388e-01	  -3.8083438401826997e-01	  -3.5715303860683772e-01	  -1.4920166970004772e-01	  -3.8394632966729642e-01	  -5.2394058007736791e-02	  -4.1759324027375888e-01	  -1.2152039373724485e-01	  -2.6535959355180383e-01	   1.9317285829745554e-01	  -3.5672873124488080e-01	   2.4411290820298731e-01	   2.6006004841465824e-01	   2.5947662204206745e-02	  -1.4945262137950305e-01	   4.2693737828406930e-01	   6.6031540701307501e-01	  -9.6290960251428359e-02	   5.4469525836773192e-01	   1.7025744246456270e-01	   3.4612004905281119e-01	  -1.8653856958751552e-01	   8.5541073017159741e-02	   6.9407990815604315e-01	   5.2474826384277184e-01	   7.2650888946993364e-01	   3.3155358817636083e-01	   8.7527310290357629e-01	   3.1102466458229200e-01	   8.2463807996508653e-01	   7.6364216007692676e-01	  -1.3449709253057418e-01	  -3.9919261903017045e-01	  -3.0495016369979266e-01	  -3.7690805255920434e-01	   2.9228389956810014e-01	   1.9161923301671119e-01	   1.8631429200961963e-01	   1.2428274726095845e-01	   2.2021550779139998e-01	   1.1737983643274728e-01	   2.6528769620465009e-01	   2.1229371687734722e-01	  -1.4669137065367938e-01	  -1.7441605946464664e-01	  -1.8494996815134168e-01	   2.1433424096247444e-01	   3.5191505489977143e-01	   3.9616853296082366e-01	   1.1769376170376791e-01	   1.3202363090812849e-01	  -2.0155632078204533e-01	   1.6320440059561009e-01	  -9.4346362182968033e-02	  -8.1354964480881684e-02	   2.9365088295480124e-01	   6.9884294657193702e-02	   4.0848456364261287e-01	   1.1208344053477889e-01	   3.8830794446064015e-01	   2.6591389883475286e-01	   4.2062422449862624e-01	  -5.3417016490558161e-02	  -5.1227314390978995e-02	  -4.6659653514713718e-02	   3.1317124363718118e-01	   2.7382370880951840e-01	   1.3807459931072069e-01	   4.3443865214008159e-01	   2.4925610213470362e-01	   1.5565221556255782e-01	  -5.2350157013667098e-01	  -4.1331131192386183e-01	   9.2303289919162534e-02	  -1.2272904792471476e-01	   3.6813771214297752e-01	   1.2004574471689369e-01	  -2.3782794070773325e-01	   1.3655671988882251e-01	   4.0597853795475636e-01	   6.1779260185251449e-02	   8.4628478053570433e-02	   1.4396523006312645e-01	
   4.9592742137660173e-01	   2.0188759726168110e-01	   6.7821968988098691e-01	   6.4114939736115872e-01	   8.0733562787954516e-01	   5.6062194543097998e-01	   8.1388937452791810e-01	   0.0000000000000000e+00	   7.3450184229919713e-01	   6.3047866040102052e-01	   4.1592976998299930e-01	   6.5984043662418101e-01	   4.7042106964982278e-01	   6.3941239736840116e-01	   4.8069767219925408e-01	   5.1211647366352553e-01	   3.9907519061844432e-01	   2.4968745718698993e-01	   2.4611469947893455e-01	   1.8862738301291848e-01	  -2.0787551958777437e-01	  -2.6106508176519416e-01	   4.2035272879373842e-01	   5.1221510354246302e-01	  -2.3230434854379456e-01	  -4.2137261734568066e-01	  -3.0182654304934731e-01	  -9.8514280287840011e-02	   2.4954109837586916e-01	   1.9150381175668785e-01	   3.3510228250981622e-01	   5.3311862082520189e-01	   4.6360340234176933e-01	   5.2708057756074334e-01	  -1.5647088782391835e-02	  -5.1184024946659815e-02	   3.6148546743497234e-01	   1.1033584132481261e-01	   4.1869064324615224e-01	  -7.2201310117694803e-02	   3.0444771597263920e-01	  -8.1433424492740360e-03	   4.7622120925225497e-01	  -4.9892498724562320e-02	   6.8025479860603633e-01	   6.1848951820103049e-01	   4.8577661936459304e-01	   2.6474531117615924e-01	   6.9265627285981257e-01	   8.2854747080567126e-01	   4.7265960302165190e-03	   6.8232195675885143e-01	   5.8225017913787547e-01	   6.1691735805581860e-01	   2.0474686052492355e-01	   2.5390635503864950e-01	   4.5905919735449996e-01	   2.4268059207061871e-01	   3.6670190004605879e-01	   3.2396267374556659e-01	   6.8965721003032587e-01	   5.9836578618809111e-01	   5.6813108955308012e-01	   6.3376111710587812e-01	   1.0193814153010128e-01	  -2.9713345699415500e-01	  -1.4863515403022901e-01	  -2.3943582145479764e-01	   2.6098931394027769e-01	   1.5018230288631906e-01	   2.2930926873231638e-01	   2.7035461448170922e-01	   1.7880753373994310e-01	  -1.1398705022128863e-01	   3.1229187083871895e-01	   2.8125116374402714e-01	   8.9862595182800278e-02	  -7.1214498097176948e-02	   3.7243221723187739e-02	   7.5801461028113443e-02	   5.0560482983456634e-01	   2.4194553643939920e-01	   4.6668865512220659e-01	   1.3350123861214769e-01	  -2.5012455742811779e-01	   4.8222573176534667e-02	   4.7868442012037389e-02	   4.1080968054778455e-02	   3.4851346666560534e-01	   3.8299733827145660e-01	   6.4230715989700105e-01	   4.3283989085792191e-01	   6.6844192209117803e-01	   4.2309072607300602e-01	   6.0998517244897332e-01	   2.9553079166317187e-01	   3.4603026552253058e-01	   2.1411723754455284e-01	   6.4154810434540566e-01	   6.7349522850846089e-01	   3.0604747548749051e-01	   6.5699975364769547e-01	   2.2637019601370845e-01	   1.0056830654418833e-01	  -2.0502535156874294e-01	  -4.7779956712869484e-02	   2.0724840924814393e-02	   1.2132986286461489e-01	   6.6125498499597868e-01	   1.7271360195395941e-01	  -3.2614883598297201e-02	   5.5003759749196635e-01	   3.6512981857451576e-01	   3.9753964706723244e-01	   4.5810843682861674e-01	   2.2937845917313660e-01	
   3.1978506959224429e-01	  -9.2321409349707659e-02	   3.5471087794840062e-01	   7.3847786481702204e-02	   5.7166582832172996e-01	   3.5583631183585906e-01	   7.4010211418411798e-01	   7.3450184229919713e-01	   0.0000000000000000e+00	   5.1178059396866615e-01	   4.3394989863571548e-01	   5.1425920074380249e-01	   5.7916103899252414e-01	   4.9630938771254884e-01	   5.6609266008330905e-01	   2.8382600734157859e-01	   2.4902428349842187e-01	  -2.5229317970159065e-02	   2.3084776291398518e-02	  -7.7154338108826825e-02	  -5.3557994319322055e-01	  -5.0373402628370745e-01	  -1.0478623538284665e-01	  -1.2818181456213551e-01	  -5.8551113155674739e-01	  -6.3082364736345209e-01	  -4.9913512744559019e-01	  -1.7606294383021492e-01	   1.4811256297155861e-01	  -9.0480841978764062e-02	  -1.4716264971191084e-01	   1.1811214798391076e-01	  -8.6650675534800312e-02	   3.3162942773889174e-03	  -3.2652171563671445e-01	  -2.7880036714025158e-01	   2.8536682836428788e-02	  -3.3706753707557768e-01	   1.8852722584424675e-01	  -3.3377137684035607e-01	  -2.3522353476152870e-02	  -2.7940542090317444e-01	  -1.4828765266120872e-01	  -4.8483145785732468e-01	   1.2915102786107205e-01	   2.0431862030337333e-01	  -2.5345258097572120e-02	  -1.3059612721977976e-01	   1.7243872146357508e-01	   3.8060224391190089e-01	  -1.8702509240980403e-01	   2.9117056488995130e-01	   2.4598228780520559e-01	   1.1166713764159335e-01	  -2.4530988633736467e-01	  -1.0157643883264679e-01	   2.0411169359498205e-01	   2.3963785735089040e-02	   5.7098939152476946e-01	   3.6618339114034248e-01	   6.0877217876114575e-01	   5.9630177855641286e-01	   3.5264025371844054e-01	   4.1979345472613816e-01	   1.4880270984890680e-02	  -2.8550471787327936e-01	  -3.9373692716720177e-01	  -4.0923073490566259e-01	  -2.1984201439989109e-01	  -2.4674954720455439e-01	  -2.1306941097462781e-01	  -2.7032534226697430e-01	  -8.0617996246577367e-02	  -2.9543474608780240e-01	   8.9238725915562478e-02	   2.1738038773147800e-01	  -4.2118397973107674e-01	  -5.7492188328504856e-01	  -3.6837850367352787e-01	  -7.7147094096401955e-02	   1.8567505120361627e-01	  -6.6196793715754820e-02	   2.6123447124732885e-01	  -1.6286474461623612e-01	  -3.5311750873474845e-01	  -2.2704575030902019e-01	  -2.0635210661922251e-01	  -2.5386590087095018e-01	  -3.8924511660182681e-02	  -8.0597645854954172e-02	   1.4609358925406801e-01	   2.3887254465964608e-01	   3.0610408528452926e-01	   3.0349960551279487e-01	   6.9642901996488238e-01	   2.2710711015002863e-01	   1.5949892856033571e-01	   1.4160843950220339e-01	   1.4105202590288252e-01	   1.7232476072790043e-01	  -1.7603025543995282e-01	   1.3686062970421042e-01	  -1.5979533499042409e-01	  -1.7786170776430860e-01	  -4.7689131459197531e-01	  -3.7328304726709827e-01	  -3.2723222742113528e-01	  -1.7987950299469041e-01	   3.7699190379502678e-01	  -1.4647334739668388e-01	  -3.9314112683483071e-01	   2.9966427098730036e-01	   3.5609333011387367e-01	   4.6317778926609730e-02	   1.0597241348373987e-01	   3.8838425460885395e-01	
  -1.2588698491855843e-01	  -3.8555075230835223e-01	   1.1498838658818548e-01	   2.6041737389668795e-01	   6.7696402189864635e-01	   8.7955654895651536e-01	   2.6988685414078101e-01	   6.3047866040102052e-01	   5.1178059396866615e-01	   0.0000000000000000e+00	  -7.8136469106564604e-02	   1.5708868129415943e-01	  -7.3264264393247847e-02	   2.0017248973868798e-01	   5.3542182876202889e-02	  -3.3081417091736912e-02	  -1.5488604535763090e-01	  -1.8363664905090807e-01	  -2.0508908723674349e-01	  -3.0875154670442928e-01	  -2.5944066380700626e-01	  -1.7777240046733001e-01	   4.2167138807012183e-01	   2.3855143857578437e-01	  -3.6463745290135699e-02	  -5.6176628432781775e-02	  -3.6528604262232678e-01	   1.6226508470558842e-01	  -1.9367993261050326e-01	  -1.2246404220608335e-01	   4.2605729083430866e-01	   5.9594753520135424e-01	   2.2318972891172701e-02	   2.1189160714604049e-01	   3.8057596007399563e-01	   3.7803588968876722e-01	   2.9201651762460956e-01	   2.7356389119469882e-01	   5.0816960778980191e-01	   2.4450304734984030e-01	   2.3983740083215421e-01	  -1.9161167680749180e-01	   3.1477390905590319e-01	   3.0532820863426335e-01	   5.7067464589774719e-01	   7.3358206735853670e-01	   4.7893812930405311e-01	   5.8534526405304121e-01	   3.9440148436976730e-01	   6.1188109761824805e-01	  -9.0403493051436079e-02	   3.6558035667000599e-01	   6.2566400473225692e-01	   4.3226542964498621e-01	   1.1866496427276940e-01	   9.8402803065911787e-02	  -1.9212963870397193e-01	  -3.6220846467551782e-01	  -1.4847503696354503e-01	   1.4374668587335035e-01	   3.0672795780574780e-01	   8.4929646559251770e-01	   9.1888700053207095e-02	   2.5779846147730268e-01	   3.8415454831040252e-01	  -6.3418967997742132e-02	   9.5443029378900868e-02	  -4.1534760626992153e-03	  -3.2955455398026585e-02	  -7.7626270740697570e-02	  -7.8656382567704214e-02	  -1.4174866849473294e-01	   2.6633596764280734e-03	  -6.2052174819108485e-01	   1.6724277771027546e-01	   1.4277665395426911e-01	   4.4668799797811957e-02	  -3.8504744109892430e-01	   3.5372247760661849e-02	  -1.3040165912050344e-01	   1.4130834378898408e-01	  -3.4884325000671967e-01	   3.6937858028945236e-01	  -3.7639438504563499e-01	  -3.1673679368006236e-01	  -3.6150044403815140e-01	  -3.3190710079724725e-02	  -1.2998577347823223e-01	  -7.7399072558190771e-02	   3.0653643722372514e-01	   1.8753666521752788e-01	   2.3160387156279721e-01	   3.6858754941419680e-01	   1.3010982382824554e-01	   4.3763314897525818e-01	   5.9971788618802391e-01	   2.3092592971957429e-01	   2.6509742046730389e-01	   2.8771276348810160e-01	   4.0526108306233410e-01	  -4.8669055749092360e-02	   2.9813490613626048e-01	  -3.8676042773278685e-01	  -1.4903091148808592e-01	  -1.8347077348908383e-01	   1.3981691054525519e-01	  -1.4901831430077700e-01	   3.0705274333407906e-01	   2.9686982305866644e-01	  -3.5642529401710432e-01	  -3.1795526392664419e-01	   3.6857500683017563e-01	   1.3309541216639018e-01	   6.0069603670525695e-01	   3.5617972534965353e-01	   2.7292064627684687e-01	
   8.6851319235413704e-01	   5.9161541437685905e-01	   3.2585276946254715e-01	   1.1610936657184956e-01	   7.4514798527884021e-02	  -1.9944726055551718e-01	   7.5104468719823281e-01	   4.1592976998299930e-01	   4.3394989863571548e-01	  -7.8136469106564604e-02	   0.0000000000000000e+00	   8.0867291190284063e-01	   9.0204274605820878e-01	   6.1727980551480688e-01	   6.6834165285117353e-01	   7.2607374309507944e-01	   6.7386375261406517e-01	   7.2708802956992824e-01	   6.1482173669115747e-01	   5.8658519628207262e-01	  -4.9158724940377874e-01	  -4.7377367501924955e-01	  -3.2572719123065258e-01	  -8.5457847214965493e-02	  -5.1699780668168893e-01	  -6.5924363606954806e-01	  -3.8285311659008647e-01	  -3.9101226148036805e-01	   6.6502262673736190e-01	   3.8934015326348892e-01	  -2.0575484379880826e-01	  -7.8771394709904741e-02	   3.2251319159009750e-01	   1.8608460363843721e-01	  -7.7536514858233108e-01	  -7.6063994233239174e-01	  -3.4745322083373981e-01	  -6.2172162861245672e-01	  -4.4719449984877091e-01	  -6.9025546293076656e-01	  -2.7220633088762924e-01	  -3.3871298981802650e-01	   1.4296674623852573e-02	  -5.0102552106550391e-01	  -1.5028436164198117e-01	  -2.5283317548565132e-01	  -4.0586230056237410e-01	  -5.3247869600061559e-01	   1.3164102164218955e-01	   3.1830557738992676e-01	  -3.6723640603588192e-01	   2.0964846827362810e-01	  -2.9599739038803979e-01	   3.0041150866408607e-02	  -4.8442960481534225e-01	  -4.1246361149562266e-01	   7.3185987309186562e-01	   6.6563796284271048e-01	   6.5351720998585860e-01	   3.6017813339626219e-02	   7.3770718431908933e-01	  -1.2249764392144084e-01	   7.9930489809257332e-01	   6.5259856034113062e-01	  -5.7067477457541038e-01	  -6.5311857434649334e-01	  -6.5951830156960511e-01	  -7.0502365197715122e-01	   2.8801857567578226e-01	   1.2244794833658443e-01	  -1.3415516414295608e-03	   2.2300282878269864e-02	   7.9089138862342118e-02	   2.6138575342193116e-01	  -2.8632471747234586e-02	  -2.0883736322202978e-01	  -4.1106064317226571e-01	  -1.3399025978637782e-01	  -4.1355259969448471e-02	   5.1194738173606447e-01	   3.7137772591146967e-01	   5.5492486129016316e-01	   4.6581957584397879e-03	   2.5215855728676712e-01	  -1.8228264748948184e-01	   1.5959233489893765e-01	  -3.7544698875481808e-01	  -1.5721278020336268e-01	   1.3318886183380851e-01	  -2.1439001835775351e-01	   2.1730103745713328e-01	  -4.7915205511861694e-02	   1.0213202677675913e-01	   2.1344788148112434e-01	   2.8419604505062712e-01	  -2.1364048716520018e-01	  -4.0646235641939277e-01	  -3.4624071050213018e-01	   3.1902571391941227e-02	  -6.2273783556727996e-02	  -1.4249993611448236e-01	   2.4529197163466104e-01	   2.8405944566823343e-01	   7.4345537064923165e-04	  -6.0299230355382338e-01	  -5.7543260115995110e-01	   1.4660551312146475e-01	  -4.8171897909143252e-01	   1.2393987326686949e-01	   2.1059355588695311e-01	  -4.2492667698430242e-01	  -5.3152785241608998e-02	   4.5161571784388699e-01	  -2.1614850946376216e-01	   3.0439900976971249e-02	   2.0037081152109515e-01	
   8.9567602505294308e-01	   7.0759505789169519e-01	   4.3242780152640170e-01	   2.8600421415989397e-01	   2.1443894778497530e-01	   8.2775004498765056e-02	   7.5005635021111394e-01	   6.5984043662418101e-01	   5.1425920074380249e-01	   1.5708868129415943e-01	   8.0867291190284063e-01	   0.0000000000000000e+00	   8.5604058204422695e-01	   8.7324472122375107e-01	   5.6776432889531447e-01	   8.1821263148407675e-01	   6.7852891077320554e-01	   7.1237983039723374e-01	   4.9655261596403394e-01	   5.5749995501096827e-01	  -3.1510266141206522e-01	  -3.1477648912181833e-01	  -1.9608026754799135e-01	   8.9071456682208644e-02	  -6.3167743367833995e-01	  -7.5733425777727370e-01	  -5.1136533273288420e-01	  -5.4514039372309853e-01	   6.2970806885823571e-01	   4.6430240431261927e-01	  -1.1099954188467470e-01	   2.5915580133774638e-02	   4.1598853300167443e-01	   3.2438551945659699e-01	  -5.9375835870257365e-01	  -5.6009557965923717e-01	   3.6805977356174344e-02	  -2.6935184192434214e-01	  -6.1421759392164916e-03	  -4.9522886441087932e-01	   9.2400947610854822e-02	  -6.7859467254962072e-02	   3.2223139006875057e-01	  -4.1465929108941391e-01	   1.7742104088384480e-01	   2.1499263396771710e-02	   1.3722383880386780e-03	  -2.8350944768601533e-01	   2.9869105664650980e-01	   4.9303616724295912e-01	  -4.6108268480199305e-01	   3.0637323548733564e-01	  -1.2398751598766487e-02	   2.7053173707341394e-01	  -2.3181152266394489e-01	  -2.4473393372425115e-01	   7.6485440618475542e-01	   6.8379285614438812e-01	   6.1160978969951918e-01	   2.8967670209728041e-01	   8.2587658420169086e-01	   1.6566420974182269e-01	   7.6851056832519316e-01	   7.8278900760469494e-01	  -5.2698454806720962e-01	  -6.8394461883755198e-01	  -6.7932142727576816e-01	  -6.9213217896780566e-01	   3.5487381159753167e-01	   1.1245691824916375e-01	   1.9765145008919816e-01	   2.2999661745212183e-01	   1.9473328947204324e-01	   3.2670339309140717e-01	   3.0845287714069483e-02	   1.1980046938659716e-01	  -6.3546717038144407e-02	   4.7624935525876905e-02	   3.5314329715632503e-02	   2.9995732412230508e-01	   5.7447793980916873e-01	   5.8283478742190697e-01	   3.3165976493232285e-01	   3.9563151258044760e-01	  -3.2875061652940146e-01	   1.0927064537227854e-01	  -2.1885329663172659e-01	  -1.8681784418130426e-01	   2.5804039787693223e-01	   6.1561221056913890e-02	   4.9117688939364557e-01	   1.6530869821138827e-01	   3.4699960669190522e-01	   3.4739520242246336e-01	   5.4668957441958288e-01	   5.9485093620780943e-02	  -1.0026943858615997e-01	  -1.8126874273192650e-01	   3.5364794564969493e-01	   2.7790537381059266e-01	   5.3853564465469822e-02	   6.0613083646654964e-01	   4.2584906894922259e-01	   1.9010206883275310e-01	  -5.2474531814706837e-01	  -4.6954612030806114e-01	  -6.8335118444149009e-02	  -1.9866621610172347e-01	   4.6301872890360218e-01	   2.6386971905351608e-01	  -2.2872545774032652e-01	   3.0808239178681995e-01	   5.3766979083776278e-01	   1.6738992754216472e-02	   3.6501838851777357e-01	   3.6468588636398369e-01	
   7.9832550002570613e-01	   5.1354873676711932e-01	   3.5566582202969454e-01	   1.0454635101559043e-01	   7.8049728764887194e-02	  -1.8631058987320481e-01	   7.9923343728954732e-01	   4.7042106964982278e-01	   5.7916103899252414e-01	  -7.3264264393247847e-02	   9.0204274605820878e-01	   8.5604058204422695e-01	   0.0000000000000000e+00	   7.3923182602084081e-01	   5.7980635530257729e-01	   7.5760959006086837e-01	   5.8819677602131104e-01	   5.7465544675878533e-01	   5.5656061522292055e-01	   5.2350763235977116e-01	  -5.0484055919172321e-01	  -5.5694291377329996e-01	  -4.0012538412269250e-01	  -1.8336271706812624e-01	  -7.0185724019021811e-01	  -7.7356622021858634e-01	  -4.9688321923552148e-01	  -5.7540590191957153e-01	   5.7699185202644321e-01	   3.0114761191077599e-01	  -3.2580224996435420e-01	  -1.8112200276189927e-01	   2.3129997902453842e-01	   1.0248471820537419e-01	  -7.5983936160963139e-01	  -7.0484279805858119e-01	  -3.5643459635140790e-01	  -6.6861703443890974e-01	  -3.1994615738129456e-01	  -6.9310475056115783e-01	  -2.1736433239460379e-01	  -2.5572640033536725e-01	  -1.5304049180919491e-02	  -6.4025129761565447e-01	  -1.4936193821523117e-01	  -2.1086251797080913e-01	  -3.8167181694134777e-01	  -5.6287709798134067e-01	   3.7094222691619334e-02	   2.7034032625760340e-01	  -4.8482156465626453e-01	   1.3870351600099015e-01	  -3.1691167796248937e-01	  -7.5808373975464791e-02	  -5.2386811028410141e-01	  -3.8525145245508996e-01	   6.8938650729949158e-01	   6.7236545267633452e-01	   7.7861217604170896e-01	   2.3938922761245701e-01	   8.2570812436032592e-01	   2.9200261517189255e-02	   7.6148943050400941e-01	   6.6937711326553284e-01	  -5.8109170377777419e-01	  -6.4465256279088246e-01	  -7.2084069426099728e-01	  -7.2437565040847129e-01	   1.4904371253330029e-01	   9.0132856188897218e-03	   9.6698784679425123e-02	  -2.7637909862618437e-02	   1.4839410918251716e-01	   3.0978229945123636e-01	   4.0850420235402793e-02	   3.5717776490861927e-02	  -3.4881950556401958e-01	  -1.8293547013438810e-01	  -2.0994346799926678e-01	   2.9241571990745069e-01	   2.5095636290806750e-01	   4.3868248196837034e-01	  -2.7442556070373270e-02	   2.1631795489121014e-01	  -3.3648114145275254e-01	   4.1267086958816507e-02	  -2.9941343652566882e-01	  -2.3175418815779936e-01	   1.1662312874455515e-01	  -2.9856534507946275e-01	   1.8252706695099075e-01	  -2.9148334897427609e-02	   1.4353752134701447e-01	   2.3141187137647276e-01	   3.7060542393226448e-01	  -2.5087689356636250e-01	  -3.1874350414352615e-01	  -3.2317834800264350e-01	   2.2329432254900607e-02	  -8.4521889406476425e-02	  -1.6378139913199791e-01	   2.6238316762210173e-01	   2.2481889086570012e-01	   4.3469242649784627e-02	  -6.2577837837317296e-01	  -6.8451560721458793e-01	  -4.7616668376440546e-02	  -3.6017041514886494e-01	   1.4695408498113635e-01	   1.2818986511251468e-01	  -4.0500567252986402e-01	  -3.2810120851302020e-02	   5.3462622521457703e-01	  -3.1621952562465938e-01	   4.5656266428868074e-02	   2.9939809491177982e-01	
