   0.0000000000000000e+00	   7.7301406978681220e-01	   7.3255003817236675e-01	   7.2935639468621938e-01	   3.3022437994390691e-01	   4.6205210351489745e-01	   8.1653974198421331e-01	   6.8038297696730310e-01	   1.3992720029434041e-01	  -2.0210387732617194e-01	   5.5198807239773828e-01	   5.1416860912329121e-01	   5.1466535330089547e-01	   3.1986926599770682e-01	   3.8762991421238946e-01	  -6.0217608708154832e-02	   4.0837890478489025e-01	   4.1067391842586098e-01	   1.3480896128333317e-01	   1.7478233475585236e-01	   3.2758195740736329e-01	   2.6927553253875519e-01	   6.4361258315869485e-01	   4.8200769222053519e-01	   5.9825248513763651e-01	   3.7444388832950043e-01	   4.6380839807860008e-01	   4.5374715896386686e-01	   2.9070829113222640e-01	   6.3694709702010621e-01	   5.7215944058401069e-01	   6.2689463727172590e-01	   6.7999282984096721e-01	   7.4425905532912218e-01	   7.2856459143726038e-01	   6.8861670434210231e-01	   2.0022422670901538e-01	   2.4866059360111331e-01	   1.6714596546748661e-01	   8.3071441603832438e-02	   3.0379832692392905e-01	  -1.0699758489416825e-01	   2.4355133500208503e-01	  -1.0827865325399724e-01	   5.7930823580121504e-01	   5.1090700087334462e-01	   5.4204995608406392e-01	   6.2494964123754260e-01	   4.3535610909198635e-01	   6.4608551616597965e-01	   7.9790460769006710e-01	   5.4313736341927499e-01	   3.7289315379696525e-01	   4.9863239410810012e-01	   3.3209795843955270e-01	   2.5505442367703574e-01	   6.9619866229872618e-01	   5.8909828664346964e-01	   4.2870450813896488e-01	   7.2230659043921364e-01	   6.0488300640597759e-01	   8.4667251854441394e-01	   4.1389218070055478e-01	   4.0494932264480515e-01	   6.9871343784327256e-01	   8.2800509767091213e-01	   7.4511875594800181e-01	   7.7785363366587412e-01	   1.4205565614357596e-01	   4.8714658622997642e-01	   1.4783088290575488e-01	   2.5265218130700506e-01	   3.8885086677037287e-02	   3.6374086454394866e-01	   2.9697246460700133e-01	   4.5248986329155838e-01	   5.4558589906703592e-01	   5.7195993897267949e-01	  -1.1960459651047421e-01	  -3.3373415092090720e-02	   4.1953931117201737e-01	   6.4417253238657168e-01	   2.9382687473100677e-01	   1.8436146607713227e-01	   4.6756946254424514e-01	   6.4549809558536686e-01	  -2.9286352999088505e-01	  -4.3989379046403659e-01	   1.8569583471919027e-01	   3.2024171346481978e-01	   6.5671997267903637e-01	   3.7818711103792646e-01	   6.0902671275249776e-01	   1.2154151517795220e-01	   3.7084889579765534e-01	   4.1368834281440275e-01	   6.4852836546221559e-01	   6.9775496963609307e-01	   5.9750680445990278e-01	   6.0147739725527749e-01	   6.3728922779962416e-01	   1.8572671550092679e-01	   5.8032775531756620e-01	   4.8333549006494519e-01	   6.0026058013809214e-01	   6.4062352159264080e-01	   4.7743838009057760e-01	   1.6632507680364000e-01	   5.0152470357397805e-01	   1.6201277310622908e-01	   5.5489115700549774e-01	   4.6441862417286828e-01	   5.0999183245646806e-01	   3.9869787123430628e-01	   1.0398658504264269e-01	   6.2394734495391430e-02	
   7.7301406978681220e-01	   0.0000000000000000e+00	   7.6829450623936746e-01	   7.8992826622009293e-01	   3.2654047163312677e-01	   4.0508060088786274e-01	   7.4428723643759365e-01	   7.7725383314933039e-01	   2.6589998038885687e-01	  -1.1728285913467899e-01	   5.5572814607197485e-01	   6.6595458607775582e-01	   6.5671848895096585e-01	   5.4860591508860934e-01	   5.9715139352662450e-01	   4.0591219322855809e-02	   3.6430746139400794e-01	   1.2312635649013179e-01	   3.6644118460372432e-01	   4.8231904520969815e-01	   1.3485218963475132e-01	   5.7189239853404933e-02	   5.5033077401339792e-01	   5.1550321372242247e-01	   5.4766262439219915e-01	   2.8021193984897136e-01	   2.7140760586713808e-01	   3.3863678909307254e-01	   3.0599533056905598e-01	   5.9009904603633057e-01	   4.4094651602210622e-01	   4.3023792613113965e-01	   7.5562664489289122e-01	   7.9036545864811836e-01	   7.3902598961224686e-01	   8.0019604844126935e-01	  -5.7507730988675398e-02	   8.4685326091673951e-02	  -8.1819564280122305e-03	   1.6992887986892516e-01	   3.1633511991110280e-01	  -1.2952001904969873e-01	   4.8278794569171235e-01	  -3.9455325514512508e-02	   5.6022621765839498e-01	   5.2470862685175590e-01	   5.1400554836747514e-01	   6.2882705402500894e-01	   3.1856925614098891e-01	   4.8555990676047023e-01	   7.5225816473124962e-01	   6.5079297421701354e-01	   4.1608985285949951e-01	   6.0860481189712323e-01	   2.8748569155811965e-01	   4.6654970603791646e-01	   7.3683181095550110e-01	   7.8486768225894321e-01	   7.3076061833244599e-01	   8.4979459086233455e-01	   7.7738047873420446e-01	   7.9531870595366794e-01	   7.3857370088303842e-01	   7.2846909939784410e-01	   6.1204846350635922e-01	   7.3026120874662404e-01	   7.8804752872986139e-01	   7.8397763137075227e-01	   3.5850745844545651e-01	   7.2853066156473090e-01	   7.1206890924703725e-02	   3.2654410783809423e-01	  -2.4784428766607452e-02	   4.0487910160117380e-01	   3.2790751195252870e-03	   4.0925731782439245e-01	   3.8521289926223157e-01	   6.5642842527809819e-01	  -3.3716290380830349e-01	  -6.2049427391862874e-03	   6.6945599458377525e-01	   7.6548887666926646e-01	   1.1766792946584509e-01	   3.0791630333208792e-01	   6.7538544893061558e-01	   6.9460630885735086e-01	  -2.6647738630764417e-01	  -2.9148877832483094e-01	   2.4861412808569905e-01	   3.8915793411056565e-01	   6.7558507936626944e-01	   3.9555539579371840e-01	   6.0290119351761895e-01	   2.9149236948623913e-01	   1.7980844517534217e-01	   2.3358917888722144e-02	   5.5903342611198137e-01	   4.0305840794047809e-01	   6.9898051300989261e-01	   7.4514745544523175e-01	   6.7081757440023471e-01	   3.8829612813872427e-01	   5.7707560993955487e-01	   5.5347504621902299e-01	   4.0875343521865937e-01	   3.2444383333047538e-01	   2.9604871799101240e-01	   6.1980839486911743e-02	   2.8019485621607465e-01	   3.4040141605517299e-01	   5.9169902185450185e-01	   4.3009730360685011e-01	   5.9721381175579125e-01	   4.0531461671100122e-01	   2.3405521026561085e-01	  -1.5053003589990677e-01	
   7.3255003817236675e-01	   7.6829450623936746e-01	   0.0000000000000000e+00	   7.9595340623645294e-01	   1.6643513373925967e-01	   3.1824429011633548e-01	   9.1386325235412391e-01	   6.7803353267346944e-01	   1.5251971155488689e-01	  -1.3975516767219520e-01	   6.4667238295323026e-01	   5.2381487237828028e-01	   5.9814859547787291e-01	   3.2400191470265405e-01	   4.8997740942087942e-01	   6.4966550556005420e-03	   3.2707377564940590e-02	   2.3170911725131238e-01	   3.1064932039705373e-01	   2.9320357809683367e-01	   3.4730290228540062e-01	   3.8282289080305237e-01	   7.3877289796876033e-01	   6.1336686638411431e-01	   6.9800738679788621e-01	   5.7161315666859203e-01	   3.1459082259269477e-01	   3.8230635952291114e-01	   5.4601805189387165e-01	   7.0946196807340967e-01	   7.5878645543800516e-01	   7.0539049728535219e-01	   6.2527056226923161e-01	   5.4429817131471836e-01	   6.8674045708240972e-01	   6.4301385762237517e-01	   3.7066843128680504e-01	   3.7422308471935972e-01	   3.4323465023221400e-01	   3.5089917421688332e-01	   5.6227855253355064e-01	   3.8972330825699972e-03	   2.0660240422927517e-01	  -1.2621241746404568e-01	   3.7379196404565629e-01	   2.7026443314375248e-01	   5.7860419153104248e-01	   6.1585195070023646e-01	   3.4765390853391887e-01	   4.0619475578412745e-01	   7.6722328088791170e-01	   5.9106205755396191e-01	   5.6567958111386796e-01	   3.4352732682480980e-01	   5.8286934555401426e-01	   6.4615639501279221e-01	   4.5166617482783133e-01	   6.5247136118987292e-01	   6.7216780903671935e-01	   7.3735797945621961e-01	   5.8653035270053033e-01	   6.3886542545432823e-01	   4.1365628327884030e-01	   5.2570589632826237e-01	   7.0686134987669635e-01	   7.0480187969879982e-01	   7.8079167701337204e-01	   7.5475173205789181e-01	   3.6427768736366345e-01	   4.4441998740617572e-01	   3.7332275557024319e-01	   4.7026857266619393e-01	   1.6782491382177928e-01	   5.5637706084539218e-01	   4.0887625724061355e-01	   3.8756103165687755e-01	   5.5827635861474290e-01	   8.0833279879790376e-01	  -4.5266592566676422e-01	   6.4778088203077483e-02	   4.4417220476776292e-01	   7.2331453256269995e-01	   4.1914894188891744e-01	   5.1575444457044917e-01	   5.5038084754072325e-01	   7.6138880682427124e-01	  -1.2338238997253778e-01	  -8.4361868661536055e-02	   4.6529537146507083e-01	   5.0953550323344365e-01	   6.6462750729817666e-01	   4.6837910857493303e-01	   6.5598702793350760e-01	   2.5719142420439689e-01	   1.1207814648102174e-01	   1.9847509849140060e-01	   6.5959967282871768e-01	   6.2855487492733986e-01	   6.2003023462025308e-01	   6.7222341594265689e-01	   5.7582602770517033e-01	   3.2692288278854276e-01	   5.3752195944409609e-01	   3.2795461871639114e-01	   5.2478292049474085e-01	   3.8314517468503018e-01	   5.2958308191735148e-01	   3.3357831135849908e-01	   2.7605942806049161e-01	   3.3668060066696331e-01	   6.9693091620091241e-01	   3.6862583452092712e-01	   5.4727487272901354e-01	   1.5155419339331438e-01	  -1.0319913472507544e-01	  -1.3415620962024227e-02	
   7.2935639468621938e-01	   7.8992826622009293e-01	   7.9595340623645294e-01	   0.0000000000000000e+00	   3.8867054631442255e-01	   6.8483451434740139e-01	   7.9195249439182747e-01	   8.7171987835856712e-01	   3.4795821555433626e-01	  -5.3805702015603807e-03	   4.8208750208330892e-01	   7.4059342479754431e-01	   5.5026786685891671e-01	   4.5907274586620972e-01	   7.0463204409181812e-01	   2.2673883499971209e-01	   3.0077975285903197e-01	   1.9884350328557771e-01	   2.8902175773998035e-01	   5.0215164974444559e-01	   5.4508737933285722e-01	   4.6189483459844005e-01	   7.5610737278563422e-01	   7.4140550486587276e-01	   6.9265089917569145e-01	   6.7033398905675223e-01	   5.5594169740786359e-01	   7.0704666568680707e-01	   1.0960964489470938e-01	   4.0483085314936718e-01	   6.6822104260828663e-01	   6.1707281747794507e-01	   7.2617298720950707e-01	   6.1316228558863439e-01	   8.7962708200761996e-01	   8.4828310239084370e-01	   3.8164535765227309e-01	   5.1086825060472818e-01	   4.3591738035984867e-01	   3.6813444242244281e-01	   5.5777241215179962e-01	  -7.0112203806337176e-02	   5.6911798533380253e-01	   1.7701063082945973e-01	   3.9684954938977512e-01	   3.8429392867162637e-01	   8.0042949481404380e-01	   8.6333448851125916e-01	   9.9157956363441574e-02	   4.9880455995652728e-01	   8.2592810002388095e-01	   7.4722302958037501e-01	   4.3435208181520624e-01	   7.0127671770628730e-01	   4.5972757716250234e-01	   6.3417860504289369e-01	   4.5350456370856795e-01	   5.5706955319674756e-01	   5.3724183697897510e-01	   8.0913382466641037e-01	   5.3723828615589597e-01	   8.5358353837291623e-01	   3.9842513773806409e-01	   3.8244901887729488e-01	   7.4872043616030926e-01	   8.9580339972662726e-01	   8.4962601165407459e-01	   8.9588276878091699e-01	   3.4496101142507629e-01	   6.0837533180932435e-01	   2.7154351556492029e-01	   5.0948450193001704e-01	   2.4645455077943745e-01	   4.4831738276133093e-01	   3.4642304661112600e-01	   3.9585525334863958e-01	   6.0241383632886469e-01	   6.9476918100712348e-01	  -2.2413968142788321e-01	   1.8735397488759958e-01	   5.6182242857253895e-01	   7.1556532670417805e-01	   2.6351592772540661e-01	   5.4305029509519986e-01	   7.5665358643910507e-01	   8.7643672743003576e-01	  -3.7481168076890259e-01	  -1.7592442689961471e-01	   3.1210954382663603e-01	   6.5957279761368592e-01	   7.9914526828655374e-01	   5.1422353871928461e-01	   8.1783505342879970e-01	   3.5331503020939869e-01	   3.4750896846525048e-01	   2.1156009598885012e-01	   5.6981350477123471e-01	   5.5999863392191518e-01	   6.3576074282518258e-01	   7.3649386051730770e-01	   5.7330995802957863e-01	   1.9828646105541753e-01	   4.7963423398695981e-01	   4.7248099502274143e-01	   5.0078275853151011e-01	   5.0962432384469192e-01	   5.7027700281831517e-01	   2.3458973390146504e-01	   5.1159794183995955e-01	   3.9862430764814172e-01	   8.5056058102659104e-01	   7.3815299980619375e-01	   7.3262912687343185e-01	   2.6280807250291705e-01	   6.7615792752546075e-02	   2.7854868648638016e-02	
   3.3022437994390691e-01	   3.2654047163312677e-01	   1.6643513373925967e-01	   3.8867054631442255e-01	   0.0000000000000000e+00	   7.7739814891515124e-01	   2.5005474986711951e-01	   2.7678725682123689e-01	   7.2241951450121156e-01	   5.5039309760070032e-01	   1.4082249701441779e-01	   3.4859334733590319e-01	   4.5511310149509709e-01	   1.7160996877689477e-01	   5.3000427245775694e-01	   5.1328950029970011e-01	   3.6904775523905053e-01	   1.1966384015347263e-01	  -2.7688538678952643e-02	   8.7538850698755832e-02	   5.2943746699464045e-01	   5.9802923575957023e-01	   5.0081181238440775e-01	   3.2928672387890018e-02	   6.2392592610192266e-01	   5.3946932557786109e-01	   5.5380867918179977e-01	   5.5905604299012501e-01	  -3.2005797322524149e-01	   1.3615782579006122e-01	   1.6246971532688875e-01	   1.9392908515263038e-01	   2.7708043862207110e-01	   1.5662363470448021e-01	   3.3691643827552181e-01	   4.4468858827299806e-01	   3.7978703536301295e-01	   5.4120945629806394e-01	  -6.9571404285440105e-02	   3.1080792487873798e-01	   5.3288781498071769e-01	  -1.8309879833106874e-01	   5.5746705906945537e-01	   5.4798273342901915e-01	   4.5653030649066023e-01	   5.9833725647963121e-01	   5.4159620529636832e-01	   5.5479221234643161e-01	   3.5591384528589720e-01	   4.2143757556204442e-01	   5.2889483145681737e-01	   4.2201185275949282e-01	   3.7420472619145662e-01	   5.5429903684323489e-01	   3.6613874391856827e-01	   4.6527987025928408e-01	   3.8252611398079467e-01	   3.9806242748715659e-01	   3.4397238209600645e-01	   3.8068817898720975e-01	   5.2733609499328338e-01	   4.2346671273584918e-01	   3.3157939348646742e-01	   3.1825293353013651e-01	   1.8993555882749882e-01	   3.2448777421546182e-01	   5.9308669626041322e-01	   6.2088090775722793e-01	   7.1509846636687593e-02	   4.8367255154269861e-01	   4.6668042006442600e-01	   4.7219285722855353e-01	  -3.9154499467005333e-01	   2.4661012379935479e-01	  -2.6447976471787316e-01	  -9.7508781145040968e-02	  -6.6751721199024033e-02	   3.6782858505021179e-02	   1.9604626955352761e-01	   1.9057309311105031e-01	   4.8923070392948775e-01	   5.1619712866507750e-01	   3.7861216428551739e-02	   3.9235712904189390e-01	   4.6192733215969828e-01	   4.4505308922513981e-01	  -3.4175679375306178e-01	  -1.3525377461393229e-01	   1.4222024123039698e-01	   6.1654580576921691e-01	   6.2350074875550510e-01	   4.4199035839909934e-01	   4.0992026298264828e-01	   4.6469490117581680e-01	   3.5316220809721893e-01	   2.0299614188098256e-01	   3.3079937422576444e-01	   3.7825601995480074e-01	   7.0108742558677783e-01	   7.1413152269019664e-01	   2.7990186561120645e-01	   3.0256419427803005e-01	   2.3211592269139028e-01	   5.4659025995486943e-01	   2.4895214258421128e-01	   2.2815462695383948e-01	   4.6156008861325915e-01	   3.5096939045675701e-01	   5.8257279325849121e-01	   4.8574748175299148e-01	   4.8549078110423216e-01	   6.2661542385103419e-01	   4.4176873652554183e-01	   1.1317383769559133e-01	  -1.1066618543573925e-01	  -2.2817344972405762e-01	
   4.6205210351489745e-01	   4.0508060088786274e-01	   3.1824429011633548e-01	   6.8483451434740139e-01	   7.7739814891515124e-01	   0.0000000000000000e+00	   3.3767199159263472e-01	   4.6453180753345036e-01	   5.2425247919192919e-01	   3.8632492249068084e-01	   1.0047329057690156e-01	   4.4326964840485683e-01	   3.8380002640482941e-01	   1.2063425446434693e-01	   6.8693644885986271e-01	   4.7727969586278995e-01	   4.3084163388129681e-01	   5.9438275007494018e-02	   2.9775217178283486e-01	   4.6565516569128151e-01	   7.2243658684387890e-01	   6.7170121335050070e-01	   5.9298096146345247e-01	   3.7798910843713107e-01	   5.9702386341564484e-01	   6.9226704741360623e-01	   8.4493377161360672e-01	   9.1763335483461550e-01	  -3.9516858607614863e-01	   3.3143347267774140e-02	   3.0125846767851672e-01	   3.4961151783519173e-01	   4.1961455153995209e-01	   3.5833053359633349e-01	   6.0328092318981696e-01	   6.0452250028286469e-01	   5.2145954150191631e-01	   6.5033582381238064e-01	   2.3650936414880586e-01	   3.7568118171272513e-01	   6.5992915052636647e-01	  -2.3393997496878219e-01	   7.5613984696435288e-01	   6.2154201851034052e-01	   2.6076831712556481e-01	   3.9614522432280314e-01	   7.9339206647433214e-01	   7.7943697738112827e-01	   9.5075446213684467e-02	   3.5892692963187689e-01	   5.7863680028113640e-01	   4.4537963994378871e-01	   3.6167551015119159e-01	   7.2552579768368242e-01	   3.3795433101842853e-01	   4.7603633464044021e-01	   3.6467411664212457e-01	   3.7904515718772763e-01	   3.5355129148334602e-01	   5.5996901327308046e-01	   4.4356172788004611e-01	   6.2692878602150692e-01	   3.0251782332813071e-01	   9.5830428923094152e-02	   2.4580550488479841e-01	   5.1468183558575464e-01	   6.6291932782566487e-01	   7.0753934886686587e-01	   1.6841230005284197e-01	   4.7645215492146775e-01	   3.3868763858555961e-01	   6.5016584894712615e-01	  -3.6585476822429228e-02	   5.1672275431116677e-01	   1.0091694432135762e-01	   2.2599364643723176e-02	   2.9819421070090524e-01	   1.8792857278435460e-01	   1.8321285938964102e-01	   2.1947915957216446e-01	   5.1225272861807858e-01	   4.4725865324873471e-01	  -4.7670194368118098e-03	   4.2823186964628712e-01	   5.0541442041272533e-01	   5.0924683252549974e-01	  -5.2920753279228017e-01	  -3.0515865982956192e-01	   1.8823668569946428e-01	   6.1855533734464085e-01	   7.0538333799491815e-01	   4.8938910357568199e-01	   6.0555437849027682e-01	   4.4818775946882305e-01	   6.3009298872629094e-01	   3.3812895161428952e-01	   5.3909038592011638e-01	   4.2049369861611963e-01	   6.8035757864046986e-01	   6.8137434735660085e-01	   3.5295589558954793e-01	   1.8572395413860984e-01	   3.0208054119276084e-01	   5.1762197970473511e-01	   4.0930390712514803e-01	   4.8673710221146893e-01	   5.3842472260760876e-01	   4.1100626435942389e-01	   7.0846202582752849e-01	   4.7148650891507948e-01	   6.1074106391405503e-01	   8.6049061214414957e-01	   6.2721588431908037e-01	   3.2102415732128620e-01	   1.3299063540275269e-01	   1.0129054148196871e-01	
   8.1653974198421331e-01	   7.4428723643759365e-01	   9.1386325235412391e-01	   7.9195249439182747e-01	   2.5005474986711951e-01	   3.3767199159263472e-01	   0.0000000000000000e+00	   7.8979029811944523e-01	   2.5614345943385469e-01	  -7.4908646523769162e-02	   7.7881263770423614e-01	   5.5720912757746777e-01	   7.1035129459972235e-01	   4.4319390645942691e-01	   4.4417898982828019e-01	   5.9763477677152149e-02	   1.2794742783963767e-01	   3.2429764202831679e-01	   7.8745480006253490e-03	   6.9078374661952574e-02	   3.0955889513534796e-01	   3.2467421067061075e-01	   8.1510225635349021e-01	   6.3994417241434132e-01	   7.6968181116604484e-01	   5.4386390254387673e-01	   2.8774344070560259e-01	   3.3282416641512336e-01	   5.5451580144420298e-01	   7.1377951438638820e-01	   7.5012151850160358e-01	   7.2720732038948244e-01	   7.1102160992117602e-01	   6.3716484981852606e-01	   6.9361207855894058e-01	   6.2490866310598825e-01	   2.8160439362160206e-01	   3.5049007411238509e-01	   2.1441481050359318e-01	   2.5357611462794571e-01	   3.9283693164217015e-01	   2.9108261613894296e-02	   1.7947140227926209e-01	  -1.9027835965350476e-01	   5.9079801093858508e-01	   4.6893943315722564e-01	   5.1215866550237865e-01	   6.0816512243200727e-01	   4.9589609895861908e-01	   5.9945236606986818e-01	   8.3853867901172052e-01	   6.0856485457478093e-01	   4.3504535296143698e-01	   3.5351234783941921e-01	   5.4750211056038955e-01	   5.3051686666220887e-01	   4.9757554882064436e-01	   6.1338353955413427e-01	   5.6308869372059744e-01	   6.8252461472920212e-01	   6.7286186588199948e-01	   7.5414021911821150e-01	   4.0068913181426929e-01	   5.8136688602462583e-01	   8.4630680474222497e-01	   8.0377545737395828e-01	   7.8159789893979570e-01	   7.7462362614289004e-01	   1.5653089802360376e-01	   4.2840987462060309e-01	   3.4193342769474300e-01	   3.3244495069789987e-01	   6.6699336577180302e-02	   3.9628156943014614e-01	   3.7312211983565446e-01	   4.7032015495879642e-01	   5.2558350355622696e-01	   7.7122445534729844e-01	  -3.3219095455905834e-01	   1.1651450180863281e-01	   3.8229265099252319e-01	   7.5118139967943520e-01	   4.1453932222968870e-01	   4.5730738228434153e-01	   5.6902000478291392e-01	   7.6945963233211956e-01	  -1.2735514808735432e-01	  -1.4495117624029205e-01	   3.7139058501645639e-01	   5.3986774891868783e-01	   6.9989060140043113e-01	   4.7026115622405651e-01	   6.7772932225822491e-01	   2.4451539462715444e-01	   9.0162184893081684e-02	   2.3782551969622925e-01	   5.7060031520952703e-01	   6.2131373716361971e-01	   6.1472366369628384e-01	   6.1282933968887110e-01	   6.0200293352422496e-01	   2.8334215641048288e-01	   5.1585971214392812e-01	   3.8571972773126334e-01	   5.0590168589489126e-01	   3.9423574307843501e-01	   5.4877827408542879e-01	   2.6469321438734988e-01	   3.4348246544693017e-01	   2.0932337321150601e-01	   7.0732695393853617e-01	   3.5767506081805278e-01	   4.8648338165567162e-01	   1.2489048630816676e-01	  -2.1055687539249607e-01	  -9.1009094324787695e-02	
   6.8038297696730310e-01	   7.7725383314933039e-01	   6.7803353267346944e-01	   8.7171987835856712e-01	   2.7678725682123689e-01	   4.6453180753345036e-01	   7.8979029811944523e-01	   0.0000000000000000e+00	   4.6060896302861937e-01	   9.6058989926415456e-02	   5.8295798452848047e-01	   7.8886328024598817e-01	   6.4748211667243505e-01	   7.3150930534415326e-01	   6.1411421760575657e-01	   3.2388000781629966e-01	   2.2186932518014693e-01	   6.0557614062674861e-02	   9.2766176519279347e-02	   2.9159818446680474e-01	   2.5045298917837161e-01	   1.6045144650588580e-01	   6.7216411419183864e-01	   7.0750170683503755e-01	   6.7875395732113408e-01	   5.0773968080276533e-01	   2.3406131070449976e-01	   4.1312627731324048e-01	   2.6916496279240326e-01	   3.3419574023844589e-01	   5.8806038965996388e-01	   4.6518122057791994e-01	   8.7130487113697130e-01	   7.2310742738247091e-01	   7.8208262826767250e-01	   7.4175146139943171e-01	   2.4087785416252290e-02	   2.6997934452072503e-01	   2.0187668374623516e-01	   3.2653532686757503e-01	   1.8147237718111783e-01	   1.6274111373771327e-01	   4.9035309285579165e-01	   4.1143804337298112e-02	   5.3097633495351593e-01	   4.7004768596252389e-01	   5.8039665703327725e-01	   7.3943268747214130e-01	   2.2264589124186576e-01	   5.8117225951091589e-01	   8.0281932210183848e-01	   6.6919602222065377e-01	   3.0012588983438271e-01	   6.2303214289242326e-01	   4.4576423183662500e-01	   5.0926740212005850e-01	   4.3611910652716684e-01	   4.1752758781608512e-01	   4.3891405848641923e-01	   6.7635094814455043e-01	   5.9307151565827776e-01	   8.3751006518685156e-01	   4.3458025967569514e-01	   5.1232230150032543e-01	   8.4801966283667540e-01	   8.6394950075647503e-01	   7.4127317387144076e-01	   7.5529425322043753e-01	   2.5852378504007212e-01	   5.4583751708203099e-01	   7.3888597880866755e-02	   2.3387181115702266e-01	   2.3427614196130198e-01	   2.2084724735160827e-01	   1.8335644905274229e-01	   4.4071815503118056e-01	   6.2658774345628210e-01	   7.2575639310060891e-01	  -2.3975526071621348e-01	   4.7141077129654679e-02	   3.7747436989020799e-01	   5.7998547916007326e-01	   2.4939049667450469e-01	   5.1484833085692516e-01	   6.9199705693587721e-01	   7.6431452260600286e-01	  -1.3817510573685723e-01	  -5.4948683522220841e-02	   3.0066229793548704e-01	   6.2827036696532357e-01	   6.9357626199747946e-01	   5.0833631232559395e-01	   7.2722822480789007e-01	   2.6250223766487774e-01	   1.2900552172400465e-01	  -3.3138100750367559e-06	   3.8585930811527330e-01	   4.1439676909390472e-01	   4.9896858038190894e-01	   5.4249431278888527e-01	   4.8564478866635802e-01	   7.9059237171253641e-02	   3.2463609033027474e-01	   3.9653521464372121e-01	   2.8756031706784768e-01	   2.6571110689534005e-01	   4.2705908816134908e-01	   1.3016804504950832e-01	   3.1994325571178933e-01	   1.9045553380277430e-01	   7.8497275517966481e-01	   5.6563247978432174e-01	   5.9451251230994551e-01	   1.8846576993671971e-01	  -1.2798809300059139e-01	  -1.0508745132593070e-01	
   1.3992720029434041e-01	   2.6589998038885687e-01	   1.5251971155488689e-01	   3.4795821555433626e-01	   7.2241951450121156e-01	   5.2425247919192919e-01	   2.5614345943385469e-01	   4.6060896302861937e-01	   0.0000000000000000e+00	   6.8013184991675502e-01	   1.9712280063551518e-01	   5.9512953727261930e-01	   5.4303287820018542e-01	   6.2148160358609039e-01	   6.7717943737681707e-01	   7.3176809954535127e-01	   2.2280306783108782e-02	  -3.5644383566746762e-01	  -4.1314493554681128e-02	  -6.1774177773262478e-03	   1.9668694866925740e-01	   4.0373272457079745e-01	   4.2358344244987289e-01	   1.0299491800528839e-01	   5.5889652959315772e-01	   5.7525225083076692e-01	   5.2846611961353450e-02	   2.7088142304115514e-01	  -7.3202666558134760e-02	  -2.2592666446052529e-02	   2.3764119344429346e-01	   5.2362815282132727e-02	   3.7432080827181069e-01	   1.0091227047264961e-01	   1.7269786913990509e-01	   3.4633869055079108e-01	   1.7158965632672693e-01	   5.5492009492430083e-01	  -1.2173919975992729e-01	   6.2444099548701071e-01	   3.1053154132882838e-01	   1.7405354717837682e-01	   4.0713408560433301e-01	   4.1924268467236880e-01	   3.1389891559520400e-01	   3.5248142752238965e-01	   3.0053921575333220e-01	   4.0086513309637972e-01	   1.9246318687806052e-01	   1.8991181789503306e-01	   3.8860991719353710e-01	   1.9908856225467780e-01	   2.5203973532645785e-01	   3.2286233480169835e-01	   6.2940932575272257e-01	   6.1912458712774776e-01	   6.4166961656682397e-02	   4.7792994838764480e-02	   2.0887219885985958e-01	   1.3068230214877014e-01	   4.1554778229461387e-01	   2.7379761584646539e-01	   1.6691566214893899e-01	   3.4780148929461074e-01	   3.1930885895636552e-01	   3.1084064217353002e-01	   4.6253710103523732e-01	   4.2667426175109424e-01	   1.2588800714775880e-01	   3.6790822883385188e-01	   3.7034225014688993e-01	   3.5774463518889754e-01	  -9.0944526518507832e-02	   7.1387876328237940e-02	  -4.1365971614139363e-01	  -3.0498875932318870e-01	   2.6316833887615665e-01	   1.6702520840194826e-01	   3.5036185755556261e-02	   1.1800913450244815e-01	   2.8025893479821407e-01	   2.4404175835257291e-01	   2.4308624718446650e-01	   7.1199814419724183e-01	   4.1982421731208969e-01	   3.5946374834502348e-01	   1.9031227469727496e-01	   4.0026381786703202e-01	   4.4343470514323430e-01	   8.2939679517477571e-01	   4.9631153555580787e-01	   6.5699165604188359e-01	   4.2313546668842578e-01	   5.4873407605323388e-01	   1.4889334867542597e-01	   5.6433806343738152e-02	   1.2143018433003647e-01	   2.1392993105812486e-01	   4.0366893446746932e-01	   4.9656572982575170e-01	  -3.9174028707065309e-02	   1.5071501550082750e-01	  -1.6841131837765572e-01	   2.6321427031988431e-01	  -1.6769490398106440e-01	  -1.9187464952994487e-01	   2.0078124182528451e-01	   3.0186635429812081e-01	   4.7548149549477470e-01	   5.2780582332450154e-01	   5.1522319481112655e-01	   4.8633207130688305e-01	   4.1789575458864758e-01	  -2.2393400105679950e-01	  -3.8541119649928329e-01	  -2.1858980486372079e-01	
  -2.0210387732617194e-01	  -1.1728285913467899e-01	  -1.3975516767219520e-01	  -5.3805702015603807e-03	   5.5039309760070032e-01	   3.8632492249068084e-01	  -7.4908646523769162e-02	   9.6058989926415456e-02	   6.8013184991675502e-01	   0.0000000000000000e+00	  -8.2305303251221096e-02	   9.3704479350341097e-02	   2.0018591664248361e-01	   1.5747641721194078e-01	   3.2894547859570117e-01	   9.0824771820131156e-01	  -2.3714434714692420e-01	  -3.3898148325176525e-01	   2.2606192883899097e-02	  -1.1027656046317330e-01	   1.8160338102027296e-01	   3.4499197993567521e-01	   2.9598734077219524e-01	  -9.9030563768031918e-02	   4.5371867940228738e-01	   3.8298866910883134e-01	   1.6617561995340679e-01	   2.3224263998521941e-01	  -3.0466787341641721e-01	  -4.3799315640731185e-01	  -6.3111723573219709e-03	  -4.1354051662921540e-02	   1.6152258087724289e-01	  -8.3918340952369497e-02	  -6.4551887455737256e-02	  -6.2226567495538739e-02	   1.4199678463550858e-01	   3.5063063331524708e-01	  -1.2676864335603227e-01	   5.9665214556007584e-01	   1.8970293936260513e-01	   3.8175160558744414e-01	   3.9575367949287199e-01	   6.5039318014548386e-01	   5.6595331109785901e-02	   3.1673140615082529e-01	   2.9679618657843432e-01	   3.2405344805552000e-01	   2.4510084984709318e-01	   2.3781134193558362e-01	   2.1871626934810551e-01	   1.0781643740773292e-01	   3.9399321232280138e-01	   2.9609736300820916e-01	   4.8553498727389588e-01	   4.3763406620472139e-01	  -4.7430867555641486e-02	  -1.6583025157590620e-01	   9.6063437369564048e-02	  -3.8357265348835518e-02	   2.0150597139755994e-01	  -3.9114534885791120e-02	   9.1985732767878147e-03	  -4.1982742894201347e-03	  -7.0465151730961476e-02	  -1.9033528217908227e-01	   1.9296230055774721e-01	   1.3056102269777370e-01	  -3.6632067217614014e-02	  -1.1612181671609031e-02	   2.2019556602694873e-01	   1.8939919720523032e-01	  -2.1393584222968595e-01	   2.4718777732703384e-01	  -2.1538298926202346e-01	  -3.0746002522854587e-01	  -1.2457383550159430e-01	  -9.1385864047930726e-02	   1.4435037756888341e-01	  -1.7232866851697437e-01	  -1.2996203757312794e-01	  -1.1693796834232248e-01	   1.6391021960275345e-01	   5.6528244710615860e-01	   7.4961366567131302e-02	   3.3247473261405404e-02	   2.8306418191142757e-01	   3.6353169112588746e-01	   5.4893049287849849e-01	   5.7617666398895373e-01	   1.9371048302795657e-01	   3.1575185524637428e-01	   3.2564778346342249e-02	   3.0011638602207136e-01	   7.0698132777019418e-02	  -1.8113432478328542e-01	   2.3671789756879218e-02	   8.9667948060675280e-04	   2.8237569911967242e-01	   1.8183602386522732e-01	  -3.2667566893631078e-01	  -8.1834022113378035e-02	  -3.8151032568304033e-01	  -3.5414530401493477e-02	  -2.0121459023641797e-01	  -3.4023907348369886e-01	   3.3066005122659492e-01	   5.8235122296199937e-01	   3.1361208300856216e-02	   2.3288480116576592e-02	   2.7812566750416856e-01	   3.6674311645638069e-01	   1.4894059189195302e-01	  -1.1164204633930164e-01	  -4.9627626632628596e-01	  -7.1443023854907584e-02	
   5.5198807239773828e-01	   5.5572814607197485e-01	   6.4667238295323026e-01	   4.8208750208330892e-01	   1.4082249701441779e-01	   1.0047329057690156e-01	   7.7881263770423614e-01	   5.8295798452848047e-01	   1.9712280063551518e-01	  -8.2305303251221096e-02	   0.0000000000000000e+00	   2.4881633958238353e-01	   7.3682458186405431e-01	   4.2593625469380259e-01	   2.3472812958102604e-01	  -3.5700301047051006e-02	   1.2199589124556609e-01	   2.0999404476185807e-01	  -1.7014687915730425e-01	  -7.5713390928213553e-02	   3.3031804175390728e-02	   4.3109136412681687e-02	   6.3391319021654025e-01	   6.9435169029343946e-01	   4.8687047476737216e-01	   2.7967376026882562e-01	   8.1323900964778345e-02	  -3.6560950872062965e-02	   7.3663691089695105e-01	   6.7926557586256497e-01	   5.3622089780939630e-01	   4.9182897015312943e-01	   5.1355513758994487e-01	   5.8964692489104964e-01	   2.7783008541861692e-01	   1.8361230530429429e-01	  -3.8983992558366085e-02	   1.2408232613465645e-02	  -1.6049984046947563e-01	  -7.7293683855345578e-03	   2.1483827729126123e-01	   1.2349154442611694e-01	   2.0336485389475131e-01	  -1.8100834601280855e-01	   6.6614299816027533e-01	   4.6210827423427048e-01	   1.8173382304894023e-01	   2.6819953023607712e-01	   6.1358142974058438e-01	   4.9659106383216117e-01	   6.4815229704218558e-01	   4.4585967730521225e-01	   1.2469432924934298e-01	   1.6958701419539160e-01	   2.7050870515949188e-01	   3.0722579427395136e-01	   3.2045655733609357e-01	   5.6126261741599970e-01	   4.3171561987684115e-01	   4.7515512883029787e-01	   6.4730154560879061e-01	   6.0956385033674787e-01	   4.6444172507191106e-01	   6.7382109136174395e-01	   6.7675868085751012e-01	   5.2504558392844913e-01	   4.0485030505193631e-01	   4.0987121562945206e-01	  -1.6606376083503804e-01	   1.9209163822193881e-01	   3.8202474044772544e-01	   1.5382014039780106e-01	  -2.8540128804313711e-02	   1.5016472081176824e-01	   3.2502917574807311e-01	   4.1459558899356891e-01	   2.4312918460119221e-01	   6.3068899600929873e-01	  -1.9094618372217495e-01	   2.6970096265818666e-01	   4.7789648901739978e-01	   7.0374700780692401e-01	   1.3186927374151175e-01	   2.7352959956922074e-01	   5.8249097008030548e-01	   5.5607422179537080e-01	  -9.0178240325722220e-02	  -1.2794275348103729e-01	   1.2905856085262946e-01	   3.1256835718184034e-01	   4.1439962809315334e-01	   2.3570508863866818e-01	   3.2954486503920888e-01	   1.2989748729800260e-01	  -5.8944663594771629e-02	  -2.6035076756503829e-02	   4.3488084073754596e-01	   2.9270934706114005e-01	   4.7475121056309499e-01	   3.4252880721262224e-01	   4.7826256633708297e-01	   2.8256272283598921e-01	   4.2255735514903608e-01	   3.3076399711341165e-01	   3.1925018026726826e-01	   6.5132542419669842e-02	   3.7153255463639312e-01	   1.2348515766330058e-01	   7.3241499932767143e-02	   1.3990064717824230e-01	   3.7043967541986539e-01	  -8.1404274700528190e-02	   1.5698003790345802e-01	   1.8789490294361594e-01	  -1.7106207031071047e-01	  -2.7264179747915507e-01	
   5.1416860912329121e-01	   6.6595458607775582e-01	   5.2381487237828028e-01	   7.4059342479754431e-01	   3.4859334733590319e-01	   4.4326964840485683e-01	   5.5720912757746777e-01	   7.8886328024598817e-01	   5.9512953727261930e-01	   9.3704479350341097e-02	   2.4881633958238353e-01	   0.0000000000000000e+00	   5.3904307743523561e-01	   8.0848116529393055e-01	   6.8482512593555023e-01	   3.5168503723605449e-01	   3.1993441526843203e-01	  -5.6663641567680681e-02	   1.7985093939868727e-01	   1.9349876281840597e-01	   3.2252820623525930e-01	   3.3419800483643580e-01	   4.3156973793973641e-01	   3.8581216940298452e-01	   4.7712114309386033e-01	   5.7325055798023450e-01	   1.1204112603921626e-01	   3.5360751445063759e-01	   6.1136607859871267e-02	   2.5850111618970223e-01	   5.9864425977476610e-01	   4.1285286170641722e-01	   7.0004470342374370e-01	   4.2918833786642391e-01	   6.3653867408819020e-01	   7.7084954245477932e-01	   1.3221343428135482e-01	   4.6676011231779652e-01	   3.2344636445809671e-01	   4.2264027900476508e-01	   2.2177204743976087e-01	   1.4687362126438819e-01	   3.8513245939522889e-01	   1.9403321539566470e-01	   4.1966415322191658e-01	   3.6875200875622371e-01	   4.7498933838043966e-01	   6.2782805638295280e-01	   6.7872424433224721e-02	   3.4953980245035238e-01	   5.5066072779947572e-01	   4.7549949692121529e-01	   4.3462422129716544e-01	   4.4953551973580003e-01	   4.8205356389860299e-01	   5.3490734958495700e-01	   2.1042049145820535e-01	   2.0950466074652979e-01	   2.0687448497356037e-01	   3.9404297061332472e-01	   4.2057829116055145e-01	   6.1499284761152084e-01	   3.1609053484107141e-01	   3.1841110191493438e-01	   6.5619105069590000e-01	   7.5334254732127537e-01	   6.0625720582001763e-01	   6.5070988528618945e-01	   1.6978488879544970e-01	   4.4188615214386628e-01	   2.4360344874122186e-01	   4.3691945552146627e-01	   3.5948905484678223e-01	   2.2467057557037440e-01	  -1.6233540803024873e-01	   1.9771506771707165e-01	   6.2032619127711164e-01	   5.8935663283220019e-01	  -5.7459172682789272e-02	   7.4420020377520782e-02	   3.3722609350631716e-01	   4.2612111518966117e-01	   4.6988793824463937e-01	   5.2387646212870886e-01	   5.4128085724850106e-01	   6.2083471779419830e-01	   8.8750564552106614e-02	   2.0091588893219803e-01	   3.6720015549752005e-01	   6.8133817332991731e-01	   4.8676159370575955e-01	   4.1000695993333436e-01	   5.3882358247818063e-01	   2.2614509785028042e-01	   5.8433716897542485e-03	   2.4851382988125927e-02	   7.8615331966208735e-02	   3.2699261443229205e-01	   2.8382905037412853e-01	   5.0935604690174130e-01	   1.6477017921669870e-01	  -8.3473365010292927e-02	  -1.1821289975220079e-02	   1.2662117139965751e-01	  -1.0483442724909453e-01	   4.4610400767066752e-02	   1.5632146712961015e-01	  -1.3289556848921719e-01	   4.8681827939067912e-01	   3.5176302835197854e-01	   6.2029574585093827e-01	   5.7365391833794588e-01	   4.4370814912736090e-01	  -2.3192988536779013e-01	  -1.4913037838730847e-01	  -4.7755770702475386e-02	
   5.1466535330089547e-01	   6.5671848895096585e-01	   5.9814859547787291e-01	   5.5026786685891671e-01	   4.5511310149509709e-01	   3.8380002640482941e-01	   7.1035129459972235e-01	   6.4748211667243505e-01	   5.4303287820018542e-01	   2.0018591664248361e-01	   7.3682458186405431e-01	   5.3904307743523561e-01	   0.0000000000000000e+00	   6.7097518002029455e-01	   6.4716950374088589e-01	   3.4160798771902967e-01	   1.7188277724485387e-01	  -1.0168327222297491e-01	   7.0965759937159895e-02	   6.0500806759418123e-02	   1.9677200685667567e-01	   1.7607417616520646e-01	   5.2980877986387276e-01	   4.4239912265677067e-01	   5.6857671556563938e-01	   4.7461768304340585e-01	   1.7044535509144765e-01	   1.8008317497375984e-01	   4.3620412314880319e-01	   4.8003998557059402e-01	   4.4098978682335310e-01	   3.0461653682707435e-01	   5.6387040476052419e-01	   5.7600856058865613e-01	   3.4175560604326183e-01	   3.9439544748905869e-01	  -1.4069016041224510e-02	   2.7721045502427988e-01	  -1.7734653705391815e-01	   2.8347651600270596e-01	   3.5420225278646073e-01	   7.8281196653693166e-02	   3.8767095423752224e-01	   1.0656266691088073e-01	   6.1949023469134856e-01	   4.9924017819316441e-01	   2.2514048867846603e-01	   3.7657233352665404e-01	   5.5734965129089409e-01	   3.7188465783390723e-01	   6.5190622102392359e-01	   3.0751755831622590e-01	   3.6718793285208778e-01	   2.0378888665306691e-01	   4.7147811520569116e-01	   5.2434509707891952e-01	   3.1262202317130361e-01	   5.8061252347743242e-01	   5.3169962656604108e-01	   4.8599676959913940e-01	   8.7320770815711390e-01	   5.8126790605570178e-01	   6.4813293753583190e-01	   7.4638358623644585e-01	   5.1546936706343116e-01	   5.3046887905847262e-01	   5.3565667133389616e-01	   5.0199714456826117e-01	  -9.3484058791613381e-02	   3.4914047358316230e-01	   4.3611931243732915e-01	   4.9587500335365420e-01	  -9.7155021729101537e-02	   3.6084797133861934e-01	  -1.5078385613410633e-01	   8.3901173874488172e-02	   2.5931506546600852e-01	   4.6179253696070977e-01	  -1.9167751494616997e-01	   3.4365218865275882e-01	   5.4485175165315924e-01	   6.0504380956511228e-01	   5.0623288504920469e-02	   3.7958582719837752e-01	   5.9945326701641344e-01	   4.5159466724298630e-01	  -6.5581339331741415e-02	  -5.0450997292542012e-03	   3.0140450863197210e-01	   5.7003267632874177e-01	   4.7391918402341804e-01	   4.1688338019257282e-01	   3.7479013478949130e-01	   3.3911720547764923e-01	  -1.7794760683353044e-02	  -5.7879480526802904e-02	   3.4855125688119704e-01	   1.6117902186566710e-01	   5.5857049542646942e-01	   4.9516576167243442e-01	   3.2705417271228177e-01	   3.4146081636574294e-01	   2.0905853482430314e-01	   3.1083079305629080e-01	   9.3987365682108637e-02	  -2.1866104495087309e-02	   1.5408885050892801e-01	   1.6565604496990419e-01	   2.1656149665465890e-01	   2.5617664567831055e-01	   3.7760614577489310e-01	   1.7910313688539958e-01	   2.2447498621025336e-01	   1.3885608790612543e-02	  -1.5222798682585692e-01	  -1.2233039768276502e-01	
