   0.0000000000000000e+00	   6.9735860136235650e-01	   5.9579670218628489e-01	   7.6814169854888092e-01	   6.3964795565573218e-01	   6.3351359052836287e-01	   5.7193187724376426e-01	   7.6752456086972898e-01	   5.4332420223759437e-01	   5.5834214058704501e-01	   5.5346024835071927e-01	   8.0146192165435215e-01	   6.5606812139134230e-01	   8.7973115598777740e-01	   6.3439914009427922e-01	   3.3958627835901567e-01	   5.6074369129943469e-01	   5.9905233980506312e-01	   5.7491695982070257e-01	   6.9192692825564761e-01	   3.9174827006104951e-01	   1.0608869046315611e-01	   5.9536395290886746e-01	   7.4933117521748160e-01	   5.0074108394362848e-01	   5.2735336414227141e-01	   4.2267580054998810e-01	   4.5617468025342900e-01	   7.6144316140936774e-01	   8.1599156740153478e-01	   5.6379349189888417e-01	   5.3370796832313361e-01	   5.4669883860343271e-01	   3.9691268075820091e-01	   2.5568775064383042e-01	   1.4506878051449917e-01	  -3.5554311144353257e-02	   1.2931826690214474e-01	   5.1224814767824922e-01	   5.7790360721181921e-01	   8.0902619108948626e-01	   6.3743586279011488e-01	   6.3762605757893798e-01	   6.6084937518146669e-01	   3.4293836376139553e-01	   5.4809561786439975e-01	   7.4792593019720188e-01	   6.9612336567886413e-01	   7.9063113214690550e-01	   7.7931714739410229e-01	   8.7790517469879470e-01	   8.1805240524326051e-01	   7.3197995911673153e-01	   7.6805141014212075e-01	   8.4777176636907159e-01	   9.0247007692292480e-01	   7.3404387131743520e-01	   4.7328020914483770e-01	   7.5332811343025463e-01	   8.0380072018923965e-01	   6.1275526079431875e-01	   3.5986587079751703e-01	   7.3011893691102525e-01	   5.3602620827563840e-01	   2.1667216483366597e-01	   5.6057941410484105e-02	   4.8186095296333675e-01	   4.4669191347019077e-01	   9.4828050786355991e-02	   2.3931802077368475e-01	   4.9218399876475316e-01	  -4.6833189213490736e-02	   7.8375094499343234e-01	   6.9137254446642116e-01	   7.0433785712398000e-01	   2.9356309837783789e-01	   4.7389491642533249e-01	   3.7473622198450129e-01	   7.3664707130509610e-01	   5.1967875654130347e-01	   8.7588641562262426e-01	   7.8625243720439952e-01	   5.2596012245127155e-01	   8.0056782017063721e-01	   8.1354776343338697e-01	   8.4932401690095749e-01	   5.6741961246018402e-01	   7.8723445749225673e-01	   6.5715305013230130e-01	   5.9197016954311132e-01	   2.0083289191043441e-01	  -1.7041770497720521e-01	   1.6816470487736940e-01	  -1.8071242105425048e-01	  -2.0963647986152770e-01	   4.6679269670823947e-02	   5.6501949670012397e-01	   6.5600513007251537e-01	   7.4706549689173862e-01	   6.2623369123802752e-01	   4.4013566515210245e-01	   2.8842771579722526e-01	   5.0794221890340108e-01	   2.8259176610490033e-01	   3.7118606475582537e-02	  -1.7295159011804490e-01	  -5.8661324224827852e-02	  -1.2320856508435107e-01	  -6.6030493667135692e-01	   2.3811427706810041e-02	   5.0524111078238299e-01	   4.9817155305955385e-01	   2.9187909829522762e-01	   6.7629285463378674e-01	   5.4790798241379712e-01	  -3.2946962189826290e-01	
   6.9735860136235650e-01	   0.0000000000000000e+00	   2.5373250433733979e-01	   7.0207487416730385e-01	   4.6372614569278969e-01	   2.8285195640451766e-01	   3.8486194564282228e-01	   8.6407959532126655e-01	   2.9702710688211492e-01	   2.8737596290800810e-01	   3.7673241424510961e-01	   8.2253104071488092e-01	   4.2084346748821921e-01	   7.4669717413723924e-01	   4.8962299420845162e-01	   5.7465405729027019e-01	   6.0144642834491080e-01	   7.5049113860189798e-01	   5.2386480391469470e-01	   7.0855408668923159e-01	  -5.6739024715780503e-02	  -1.0170314890252828e-01	   3.0245438147789305e-01	   6.2680872238257879e-01	  -1.9145638576366652e-02	   4.7816348972879848e-02	   1.6967460789676564e-01	   9.7300998146468115e-02	   5.9695915448953507e-01	   7.7937986996812658e-01	   1.8786104617521487e-01	   1.9923847939055267e-01	   2.6945988529560244e-01	   3.2392297203397696e-01	  -1.3220553430953275e-01	  -1.0688602108998135e-01	  -1.4606006781000402e-01	   2.4271702139952644e-03	   3.6801979629764558e-01	   3.9185867655771045e-01	   4.7854817403300498e-01	   6.1816446680608850e-01	   4.6377813811574953e-01	   4.3454034479357656e-01	   6.0119221310072479e-01	   6.3261073234749809e-01	   4.6200374095627894e-01	   4.5747461437276171e-01	   7.3238583523201239e-01	   7.0761602266573997e-01	   7.2426008413921728e-01	   6.8930737771541883e-01	   5.9250821670106191e-01	   5.9641022299808599e-01	   5.8721273922047124e-01	   7.4009076710083854e-01	   8.3518574711128557e-01	   8.0303332108612224e-01	   6.9168985502294755e-01	   8.0350685827258428e-01	   5.3352715123152117e-01	   6.3178672124901680e-01	   7.2734085745844368e-01	   7.7748591842350789e-01	  -1.7821343313830149e-02	  -1.6161580681261889e-02	   3.3946131995195783e-01	   3.3406129694411785e-01	   3.3305852272673508e-01	   5.5115830330143478e-01	   3.4778348968661099e-01	  -3.2874630133401750e-01	   6.9269742653863986e-01	   5.8515116056568783e-01	   4.7292751028906510e-01	   1.5742772538479544e-01	   2.5272479961495214e-01	   1.8627475317955849e-01	   5.5434485224920071e-01	   5.9397365620803189e-01	   8.3735566508528825e-01	   8.5525083383538081e-01	   4.3676582591583157e-01	   7.7920396426385519e-01	   6.8529908979235421e-01	   7.3980621901450161e-01	   2.7382268529321019e-01	   6.6355476167219951e-01	   6.4691393034148437e-01	   7.2722478901948695e-01	   3.8237900271978437e-01	   2.0158881743019896e-01	   4.5216133996347574e-01	   1.7071559193976216e-01	  -7.5454088335159861e-02	   3.5473818180962846e-02	   4.5011670578443375e-01	   5.5579675652596394e-01	   6.0690090239449190e-01	   5.5858673965385286e-01	   5.8380499700192168e-01	   3.9827236235786090e-01	   6.2104020279429106e-01	   4.3261599424118585e-01	   3.5139982414006549e-01	   1.9740176132080259e-01	   3.1030715874771564e-01	   3.3732358634458109e-01	  -4.3505315096913322e-01	  -1.7068117012864092e-01	   3.7416384962917693e-01	   5.5691487626185654e-01	   3.9358431085338563e-01	   3.1386760353561199e-01	   1.3165822594383950e-01	  -2.7988702511836772e-01	
   5.9579670218628489e-01	   2.5373250433733979e-01	   0.0000000000000000e+00	   7.5618532051868392e-01	   5.1896538036351880e-01	   2.7346144248829457e-01	   8.7794181666392657e-01	   5.3062229162472541e-01	   2.6239116616931951e-01	   1.6697124389823970e-01	   4.4832805727944675e-01	   3.3677505420952247e-01	   6.0280563044190838e-01	   4.5410761846529740e-01	   5.2869849200399499e-01	   2.6340676892051212e-01	   2.0625835856436561e-01	   1.9868555391127685e-01	   7.1802463787133641e-01	   7.3838301521733674e-01	   4.2124957737532626e-01	   1.0926150626746051e-01	   8.8231432165739299e-01	   8.4218052992551751e-01	   5.2122486755224295e-01	   5.0500052879320245e-01	   2.7269195187427547e-01	   3.3115113016361425e-01	   3.6557149056516086e-01	   4.2100858382427409e-01	   6.1400576874686097e-01	   6.8287195257686961e-01	   6.2336330599363987e-01	   5.2520808774921313e-01	   7.4608638413957851e-01	   6.3191446261686057e-01	   3.3011868399664435e-01	   5.0263691067002825e-01	   4.9955891943946062e-01	   7.6231135727214405e-01	   4.0786318984319647e-01	   4.9597760899056043e-01	   4.8870051572215595e-01	   4.8016004522222361e-01	   3.1385933362032631e-01	   5.3063154646721522e-01	   6.3927052234632620e-01	   6.0709620122400487e-01	   4.3465991172548274e-01	   5.1846143940135092e-01	   6.0823942024264077e-01	   6.0616625757966558e-01	   6.5628530825864440e-01	   6.7084823522260351e-01	   7.4067524551716291e-01	   6.2365994858802631e-01	   3.8729473478572451e-01	   3.4156045926604822e-01	   7.2833183933414425e-01	   5.1656307575393068e-01	   5.8747812984449499e-01	   3.4812632857971376e-01	   4.1218209488035379e-01	   2.4472844173539982e-01	   8.7162467407296362e-01	   6.2315996536259433e-01	   9.0090037302745696e-01	   8.1689597977383577e-01	   4.7588799660093439e-01	   5.1170671669557155e-01	   4.4423485887917852e-01	   1.1661592930765696e-01	   4.7286988928009022e-01	   2.6734105464332081e-01	   5.0896293536459003e-01	   1.3525579247792952e-01	   6.8342528854212659e-01	   4.1258667842515162e-01	   6.4738783903136921e-01	   3.7145891267428993e-01	   4.5942412953959655e-01	   4.9229533492992950e-01	   7.6573782830853787e-01	   5.8740215536089946e-01	   6.7393718078104914e-01	   6.6827881657373500e-01	   4.7558078282154537e-01	   7.3126802350874742e-01	   6.8100618595205420e-01	   6.1989768971321890e-01	   4.1829442235690645e-01	   2.8818523240607397e-01	   3.2720675134718746e-01	   2.6733761287350533e-01	  -1.5113836577166813e-02	   4.0682580974277849e-01	   7.5664971974533590e-01	   8.1793021972491298e-01	   5.9221713442287605e-01	   5.2304915122091478e-01	   5.1208907107703139e-01	   1.9216163271281889e-01	   4.0106235289493369e-01	   3.0850765692845983e-01	   3.5099098255882666e-01	   3.5741237332017067e-01	  -9.1415873758605853e-02	  -1.3710810882671318e-02	  -2.1599836249371202e-01	   3.7873476577398185e-01	   6.7279172875611959e-01	   4.9168218575145073e-01	   4.6168795853453681e-01	   6.7272610594653304e-01	   4.3417350758031914e-01	  -3.0375775150007978e-01	
   7.6814169854888092e-01	   7.0207487416730385e-01	   7.5618532051868392e-01	   0.0000000000000000e+00	   6.3433022967584829e-01	   4.9104159529532793e-01	   7.8664949293990927e-01	   9.2050977293409353e-01	   4.8034498557630462e-01	   4.4291907670159275e-01	   3.6460106104690099e-01	   6.7605489218274051e-01	   5.2090052866182268e-01	   6.7748363866217820e-01	   5.6526308033402584e-01	   3.0695787917492096e-01	   4.1027843713329248e-01	   5.8380094269158134e-01	   6.6350503611767508e-01	   8.4611489292822906e-01	   2.0484865352129908e-01	  -5.3771119632664774e-02	   7.7614800584089416e-01	   9.4102128285619147e-01	   4.9809660088525154e-01	   5.3429142941836272e-01	   2.9107503961254022e-01	   2.4599379071162775e-01	   5.9687158213853375e-01	   6.8298903039958914e-01	   6.3748492618861452e-01	   6.2728633435102177e-01	   5.8039345106095852e-01	   5.3706489162102411e-01	   5.2098767566216198e-01	   4.5576118875128990e-01	  -4.1320341163823646e-02	   1.8595856211064948e-01	   5.0881976357053738e-01	   7.4502028060140724e-01	   5.6376944215187130e-01	   7.0174828978556558e-01	   7.7499452906888266e-01	   7.1738719182050747e-01	   6.5493688934286109e-01	   7.9209924023143219e-01	   7.9246797194844376e-01	   7.9038513112795727e-01	   7.7271556184332790e-01	   7.9290828130626623e-01	   8.7171271587254506e-01	   8.4737443251725297e-01	   8.5705300971268272e-01	   8.7818613577698490e-01	   8.3337667657411529e-01	   8.7883997740181030e-01	   7.2047741950375199e-01	   6.1985218719819790e-01	   7.8776254230716924e-01	   7.4000864135301314e-01	   5.3125396728457841e-01	   5.1086877475534020e-01	   6.6479656034520884e-01	   5.7005592654613790e-01	   5.0537695514386494e-01	   2.9822453120884523e-01	   7.6803976450480904e-01	   7.6592851481038382e-01	   3.6791609119350144e-01	   6.2257555880298865e-01	   4.9586872633376250e-01	  -9.1278118150481313e-02	   7.1018270402637906e-01	   5.7876299018902533e-01	   6.9932595701398870e-01	   4.0744128074492780e-01	   6.1361554322070966e-01	   4.5178331481430611e-01	   7.3106575162838805e-01	   6.8982490153772513e-01	   8.1048648863412653e-01	   8.1384511605377319e-01	   6.9632052112230103e-01	   8.2983827942716781e-01	   8.5902440741800867e-01	   9.2826078659705580e-01	   6.2368017792500607e-01	   9.2389931678036707e-01	   7.5209806835099136e-01	   7.0581492075445285e-01	   4.6622507783837364e-01	   1.2710662731414463e-01	   4.8514562436633368e-01	   1.8424504259228663e-01	  -1.0720803637574636e-01	   1.4302861031957123e-01	   7.1431299352814182e-01	   8.8902752812710617e-01	   7.7405138194832013e-01	   6.8280376971876100e-01	   7.6488047802543679e-01	   4.4172678177259228e-01	   7.8439238444483295e-01	   4.0433561430410070e-01	   3.8005640911972804e-01	   2.4683210157574798e-01	   8.7281168558567601e-02	   1.4785826799160989e-01	  -4.7034892236856429e-01	   1.3736289176369509e-01	   7.1946349143951371e-01	   7.1764412120287280e-01	   5.3132001526387729e-01	   7.0785808191100275e-01	   5.4318465692582674e-01	  -3.1140905240840616e-01	
   6.3964795565573218e-01	   4.6372614569278969e-01	   5.1896538036351880e-01	   6.3433022967584829e-01	   0.0000000000000000e+00	   6.2366396905131771e-01	   6.3937412114428005e-01	   5.8154585369906087e-01	   6.6650103112530379e-01	   4.8917160975777219e-01	   5.6375257990911043e-01	   7.0727710780308706e-01	   6.5146453526896830e-01	   7.5838146894466874e-01	   6.7392184914208819e-01	   3.4357781830916989e-01	   4.3651399648524702e-01	   7.2462932695597027e-01	   6.0938113313332987e-01	   7.1709110028825118e-01	   1.7453778006935050e-01	  -1.7929119288051920e-01	   5.7150974291370427e-01	   6.8597039849210473e-01	   5.3639414983074596e-01	   5.7538360843642111e-01	   7.0881589540472412e-01	   5.3303306085289803e-01	   6.4405550521579191e-01	   7.9162190191767623e-01	   7.1254263926713790e-01	   6.2283880619504828e-01	   2.2378484133618526e-01	   1.5919336532467387e-01	   1.6579536805571563e-01	   2.7565479095979561e-01	  -2.3807847176331642e-01	  -1.0419933028353492e-02	   1.9869892819328352e-01	   5.8109161707936541e-01	   3.3185032371209033e-01	   6.3105052811875761e-01	   5.2276065339880073e-01	   6.2928905816383462e-01	   5.5260684567417484e-01	   7.1201082539778626e-01	   7.4688665335961524e-01	   7.1284766727514848e-01	   8.2164817126612943e-01	   7.5859023917036228e-01	   8.0046568267609652e-01	   7.6616456483937301e-01	   7.4921886640473834e-01	   6.4780682987571792e-01	   8.4382647171447878e-01	   7.9930720082493856e-01	   6.0377418826587526e-01	   5.3565633376629018e-01	   7.8247943727074376e-01	   6.8334783923326814e-01	   6.9722041606943097e-01	   3.9727830384729423e-01	   7.5668028114431263e-01	   5.7172240279246578e-01	   1.9229710920740536e-01	   2.1488663189999202e-01	   5.2236114585182847e-01	   4.8567605960924731e-01	   2.2188247100643194e-01	   3.1514060354128171e-01	   3.0409053254135987e-01	  -2.1137065176632597e-01	   3.1414373742844581e-01	   3.4785475997790927e-01	   6.5411011754430870e-01	   1.5755632815314186e-01	   4.7059235747678972e-02	   1.6379335847954749e-01	   7.5671587195610113e-01	   7.8947107269884431e-01	   6.7660807152125246e-01	   6.8626709951485276e-01	   4.0507369875275978e-01	   7.3828147295871960e-01	   6.1661481932957996e-01	   7.0113527013912624e-01	   6.3959535484759267e-01	   7.1435357514311160e-01	   5.0004529220658744e-01	   5.7901748421899135e-01	   1.4274593962578824e-01	  -6.1600646004192121e-02	  -9.4131046325873255e-02	  -2.2110632374977474e-01	  -2.3066602975944631e-01	  -2.0552874239090640e-01	   2.4239061338525247e-01	   5.6273069720751312e-01	   6.2320066044375722e-01	   4.5797106595221426e-01	   1.8084901739691220e-01	  -9.8249217180590376e-02	   3.7792681913644938e-01	  -1.0148854429264083e-01	  -5.6327946864486764e-02	  -1.2974520673156054e-01	  -2.7207326356892370e-01	  -1.5826416299884444e-01	  -4.0748548684211583e-01	   1.2268320561636288e-01	   3.2784279099575175e-01	   3.3266474957496056e-01	  -4.0183039923368781e-02	   4.0003016169467620e-01	   2.7365648892133432e-01	  -6.4795857409494939e-01	
   6.3351359052836287e-01	   2.8285195640451766e-01	   2.7346144248829457e-01	   4.9104159529532793e-01	   6.2366396905131771e-01	   0.0000000000000000e+00	   2.4214905554719435e-01	   3.9000896133593271e-01	   9.5193454597145499e-01	   9.7728451052094745e-01	   3.1911772778131503e-01	   5.7125233001738129e-01	   4.6812912952474789e-01	   6.1320491645369124e-01	   5.4361547065751947e-01	  -2.1070469022374397e-01	   1.6473829685493049e-01	   4.9063846458090249e-01	   2.7437582690053963e-01	   2.8230150438461266e-01	   1.1772408323286963e-01	  -8.7540479663193477e-02	   5.5409484355447658e-01	   4.7610054759399734e-01	   8.2847990571700303e-01	   8.8074145863189446e-01	   3.4231316606027601e-01	   4.8259302956209460e-01	   6.8179497469423489e-01	   5.1566214996361459e-01	   7.7112245014736081e-01	   5.8886691225631249e-01	   2.1383967751553273e-01	  -6.0085280355285757e-03	   1.0927082917808284e-01	   1.0746438359865216e-02	  -3.7080050312486568e-01	  -2.6022288877922617e-01	   2.9829030775914350e-01	   2.7811591979863115e-01	   6.0871297309871863e-01	   3.8519327736941789e-01	   4.9621288295989896e-01	   5.5015030023383460e-01	   6.3154956219683436e-02	   2.5800866265967592e-01	   5.2096998805542016e-01	   5.5875897953487719e-01	   6.7288165087052765e-01	   5.8485902453163385e-01	   6.0819965480445148e-01	   5.7051073881373027e-01	   5.3365267522629445e-01	   5.3601289737498459e-01	   5.9954789433096178e-01	   6.2723316442117549e-01	   2.3662139485716646e-01	   1.6421358128597609e-02	   2.8572364714244369e-01	   4.0082931223073043e-01	   1.6866569782110036e-01	  -9.5176042441666248e-02	   3.3659288698555301e-01	   1.5507213686151028e-01	  -1.3067155151960405e-01	  -2.0250603459067512e-01	   9.6937437553897832e-02	   1.1558897163750570e-01	  -3.7386332046731102e-01	  -2.0265675955202428e-01	   2.9821199678784494e-01	   1.5523101944716378e-01	   2.6757464880581655e-01	   6.7279724079829029e-01	   5.9645803490182914e-01	   4.7650349121998237e-01	  -2.5550051732594534e-02	   7.6425181475172993e-02	   4.5223657477862322e-01	   3.4546789036461117e-01	   5.1207850053245862e-01	   3.5001703488553870e-01	   2.1084686343069517e-01	   3.7454040123782961e-01	   5.0464061571015439e-01	   5.2043039972001404e-01	   7.8570392203562944e-01	   5.7114043128958314e-01	   2.9549532138937717e-01	   9.6780134363878237e-02	  -2.6786388153081336e-01	  -6.4570140646931917e-01	  -2.1405268466568855e-01	  -4.6583981472736780e-01	  -1.6871867573585239e-01	  -3.6678491413507802e-01	   6.8447112726320716e-02	   2.3510641300392005e-01	   3.2967558988062262e-01	   1.9759000720912365e-01	   1.1709685566708355e-01	   7.8751277467418515e-03	   3.1227204298985289e-01	  -2.1370284018345292e-01	  -4.5754915800351009e-01	  -5.9331381202929478e-01	  -2.4319750787976491e-01	  -4.0529098031509181e-01	  -5.8883724431913653e-01	  -2.5927733980452769e-02	   1.1988799652761606e-01	   8.0343407353668989e-02	  -2.7461852761281935e-01	   3.3773398116336123e-01	   6.0177237014566165e-01	  -2.7796124353299217e-01	
   5.7193187724376426e-01	   3.8486194564282228e-01	   8.7794181666392657e-01	   7.8664949293990927e-01	   6.3937412114428005e-01	   2.4214905554719435e-01	   0.0000000000000000e+00	   6.1018353713685747e-01	   3.2576359580036574e-01	   1.4376363100240308e-01	   6.0193853403268593e-01	   4.3911478828556449e-01	   7.1121541727251858e-01	   5.3613819861845446e-01	   6.5653096624997587e-01	   4.5014740833218087e-01	   3.1775298047147499e-01	   4.8606616980526773e-01	   6.4745354781683739e-01	   7.3557642837643999e-01	   3.4507116028690321e-01	   4.8316693041719740e-02	   7.7188694500012767e-01	   8.0546120768654095e-01	   3.2921597654112489e-01	   3.7213829415596589e-01	   2.6234075292416303e-01	   2.1332822607049967e-01	   3.9882542124003945e-01	   5.3247958868559209e-01	   4.9813691964361440e-01	   5.2809893829329002e-01	   5.1965475736933331e-01	   5.0149517948438627e-01	   5.4353186615405957e-01	   4.9018986894947980e-01	   3.4608677056111953e-02	   3.6417862205579066e-01	   4.6413436735223967e-01	   7.7796573662629442e-01	   3.0237555646085335e-01	   5.5923555199407460e-01	   5.3579351263989894e-01	   4.3751625665373139e-01	   6.5377437643263958e-01	   7.4001348173612080e-01	   6.1016919319954166e-01	   5.6634591429292958e-01	   6.2239821859084421e-01	   6.3181731149328524e-01	   6.3604150636757129e-01	   6.3226335658561639e-01	   6.2058829982766872e-01	   6.1743294173006635e-01	   7.6339271219560778e-01	   6.5426159639810078e-01	   5.5868992061188105e-01	   5.3433281103475139e-01	   8.2811130213583128e-01	   6.0933317048260682e-01	   7.4775153826955665e-01	   5.1821515184470990e-01	   5.8966709161070452e-01	   5.1664210508042041e-01	   7.4840031202253376e-01	   6.3464495488268069e-01	   7.9953340086824043e-01	   6.8462922556036676e-01	   6.4988387045876550e-01	   6.9565056889912091e-01	   1.9834310862652005e-01	  -2.5099177531877936e-01	   4.5627007439615891e-01	   1.0033082682461364e-01	   4.2526832070777376e-01	   1.7797123617915956e-02	   4.5932239826741661e-01	   1.4136483596836141e-01	   6.2225122591779836e-01	   6.2300522071758857e-01	   5.7080629209134581e-01	   6.8219755935876925e-01	   8.0604812786066171e-01	   7.4595410841298171e-01	   7.3128316792738890e-01	   6.8525283972944084e-01	   4.6355620125530672e-01	   7.5948750408920829e-01	   7.9490302766539744e-01	   7.5335837163807451e-01	   4.2778440215786967e-01	   3.8218190027070664e-01	   3.5714099158375717e-01	   3.2958208172117709e-01	   8.8392439767345427e-02	   3.7186701833283314e-01	   6.6627630007728955e-01	   8.3716207676803944e-01	   6.1062466569320817e-01	   4.9735407904218265e-01	   5.0721049336200741e-01	   2.0407763604683671e-01	   4.7953293743617553e-01	   2.4035111280116617e-01	   3.5604033523367751e-01	   3.1819742058633782e-01	  -3.4221332252646071e-02	   1.1382692765716822e-01	  -3.6289068873792601e-02	   4.2800874872889305e-01	   5.0655307123077908e-01	   4.8096508737993043e-01	   3.6860721729072776e-01	   4.8629429705669347e-01	   2.1657752655976686e-01	  -4.5052417937969125e-01	
   7.6752456086972898e-01	   8.6407959532126655e-01	   5.3062229162472541e-01	   9.2050977293409353e-01	   5.8154585369906087e-01	   3.9000896133593271e-01	   6.1018353713685747e-01	   0.0000000000000000e+00	   3.7473518106334991e-01	   3.4691184973219080e-01	   3.8179951628029846e-01	   8.1158705778936269e-01	   4.6652740548861832e-01	   7.6654475368436759e-01	   5.2590534621251117e-01	   4.9504527807921717e-01	   6.0435254207692790e-01	   6.8375093913532270e-01	   6.4153807997008017e-01	   8.4490282012042428e-01	   1.6288859917754936e-01	   1.3375830277574632e-02	   5.2706747831113210e-01	   8.3355720104900421e-01	   2.8113919960289169e-01	   3.3024045145828501e-01	   3.4465168208292490e-01	   2.4214368433864555e-01	   6.7696685727464390e-01	   7.7313424174165268e-01	   4.6556693659541148e-01	   4.7979131542499265e-01	   5.4690173237597062e-01	   5.7035820505860602e-01	   3.0338840493310371e-01	   3.2549972738295130e-01	  -6.7757569266119200e-02	   1.4074467902819796e-01	   4.5145192657823635e-01	   6.4298887670626348e-01	   5.7151397093280054e-01	   7.5564284295377671e-01	   7.4086157380738782e-01	   6.8696381069149259e-01	   7.0306869975822828e-01	   7.7516036237801544e-01	   7.5253926388355064e-01	   7.1925774283563004e-01	   7.5132222898410195e-01	   7.4856778828051240e-01	   8.6505066096138050e-01	   8.1508291828143387e-01	   7.9111300006739416e-01	   7.8516689347516322e-01	   7.8432480554414741e-01	   8.6870962742171121e-01	   8.1773827797669996e-01	   7.0411661698189887e-01	   7.7792826604533372e-01	   7.7191708023540984e-01	   5.6174046224701135e-01	   6.7416227792855243e-01	   7.8984513421278324e-01	   6.9433674362630859e-01	   2.9501903377940220e-01	   1.9055711842119727e-01	   6.4068334984463537e-01	   6.7113701272637405e-01	   3.6512409580271360e-01	   6.1312091331763452e-01	   4.8113044607932409e-01	  -2.1882600863265039e-01	   7.7013338576955892e-01	   5.9861046723472011e-01	   6.6206531629229959e-01	   3.3011613471246054e-01	   5.4485283921152317e-01	   4.5052998478715001e-01	   7.2916772466542490e-01	   7.3367981839728524e-01	   9.1149867653102656e-01	   8.9122699451025200e-01	   5.7998574005391079e-01	   8.6461763732417674e-01	   7.6644581895849051e-01	   8.8783049265000136e-01	   4.4345369122968081e-01	   8.1191888943641732e-01	   6.5743099580186337e-01	   7.1091516014546396e-01	   4.5208962989739271e-01	   1.1602200689904957e-01	   4.8257385779964396e-01	   8.5098025885913947e-02	  -1.6254726505163430e-01	   3.2202187056645952e-02	   6.5321262473535180e-01	   8.0821822441102209e-01	   7.7244636364697072e-01	   6.7605889397235353e-01	   7.3745245800912762e-01	   4.0630031822737411e-01	   7.4405653600002819e-01	   4.5119471942521561e-01	   3.6382964471567347e-01	   2.2159995241516561e-01	   1.6463416018110860e-01	   1.7236815213013298e-01	  -5.5342319458490608e-01	  -4.8428037153025336e-02	   6.6365519076577906e-01	   7.1482584075576494e-01	   5.3528235715783679e-01	   6.4528646591155592e-01	   4.0763979454626359e-01	  -3.2058862544807221e-01	
   5.4332420223759437e-01	   2.9702710688211492e-01	   2.6239116616931951e-01	   4.8034498557630462e-01	   6.6650103112530379e-01	   9.5193454597145499e-01	   3.2576359580036574e-01	   3.7473518106334991e-01	   0.0000000000000000e+00	   9.3094614241610718e-01	   4.4684915655889856e-01	   5.5906713820873455e-01	   5.6873088191763133e-01	   6.0573280558075004e-01	   6.9064506560491790e-01	  -8.4405222941535823e-02	   1.1729363744960075e-01	   5.7372054626501878e-01	   2.8829715572430126e-01	   2.7653896954910240e-01	   1.1579071653669676e-01	  -5.7488520657505857e-02	   5.4188944450536114e-01	   4.4623147463506979e-01	   7.2912634120841746e-01	   8.1508021559593724e-01	   2.7992296907707181e-01	   4.2485786651607010e-01	   6.6632315572434131e-01	   5.2435353267438511e-01	   7.1968576927529793e-01	   5.1353860281398545e-01	   1.9427085986468326e-01	   3.8693209349783333e-02	   3.6103710009738540e-02	  -2.3083600163133912e-02	  -4.1884982391779663e-01	  -2.1522058892818829e-01	   3.3909789159826154e-01	   3.1617902214273091e-01	   4.8005656316568024e-01	   4.1120128916536175e-01	   4.7818924724637657e-01	   4.6866882781187652e-01	   1.8705275944294253e-01	   3.4276605315549669e-01	   4.5302294390770897e-01	   4.9017525984258631e-01	   6.9896483388078745e-01	   5.9408401458426119e-01	   5.5650927927824534e-01	   5.3386799479379465e-01	   4.6754133659237740e-01	   4.4686887933893238e-01	   5.9572594630599163e-01	   5.7995377382371682e-01	   2.0890736812159777e-01	   6.6229270847767682e-02	   3.2181527202282495e-01	   4.0304417201835369e-01	   2.5031503377272707e-01	   7.4470065603603648e-03	   3.6422808663572981e-01	   1.9693601140583125e-01	  -1.0043406333673525e-01	  -1.1289064120431055e-01	   8.7790308138792725e-02	   6.9966518444555800e-02	  -2.1674011281575231e-01	  -7.6490892001430860e-02	   1.6130583171619806e-01	   3.4940521869518418e-02	   1.3425005126784520e-01	   5.0529175644286584e-01	   4.3794798711988747e-01	   3.1693225624853927e-01	  -1.4951739424672908e-01	  -1.2249652786950369e-01	   3.7974067350282747e-01	   4.0889814059607732e-01	   4.8262734066419721e-01	   3.6391757754428328e-01	   3.3002621402239696e-01	   4.0916588863881798e-01	   4.8762914679747948e-01	   4.4919494770943974e-01	   7.4133247118035717e-01	   5.7314618260608707e-01	   3.8200404243082198e-01	   1.5343055125414554e-01	  -2.6515589202197670e-01	  -5.2900943148368840e-01	  -2.0137201241959923e-01	  -3.5950314319097187e-01	  -1.2667537392416994e-02	  -2.8214237271188958e-01	   6.8664371989996947e-02	   2.6403449892332048e-01	   2.8590336417672491e-01	   1.2219375404921133e-01	   1.0783693848963394e-01	  -4.4544055454779991e-02	   2.7208810848748055e-01	  -2.4022518269664189e-01	  -4.4559826981656592e-01	  -5.1732775716869583e-01	  -2.0219906787793823e-01	  -3.2783617410448962e-01	  -4.1104716779923700e-01	   1.2868796928844004e-02	   1.1596769164944549e-02	   3.4075826528501607e-02	  -3.4684181753018484e-01	   1.7624091693876401e-01	   4.0956686752048810e-01	  -3.6090279205804338e-01	
   5.5834214058704501e-01	   2.8737596290800810e-01	   1.6697124389823970e-01	   4.4291907670159275e-01	   4.8917160975777219e-01	   9.7728451052094745e-01	   1.4376363100240308e-01	   3.4691184973219080e-01	   9.3094614241610718e-01	   0.0000000000000000e+00	   2.1063884467908983e-01	   5.1063293262593856e-01	   3.6846516992286582e-01	   5.2008574337146352e-01	   4.5782403707243041e-01	  -3.0064884770834233e-01	   8.6900635646251348e-02	   4.5331784672919290e-01	   1.7400563039506212e-01	   1.7737655970301563e-01	  -9.1280619872843253e-03	  -1.5014808653224954e-01	   5.0290124269926806e-01	   4.0406387892402373e-01	   7.6350805660810073e-01	   8.2615912993152230e-01	   1.7050876590828631e-01	   3.4860354643859159e-01	   6.0572043459591374e-01	   4.1562448284158610e-01	   6.8814538862749308e-01	   5.0291768594801478e-01	   1.2652030876166218e-01	  -8.7717346722158973e-02	   3.1494736062047307e-02	  -1.1041952093820975e-01	  -4.4381539018856098e-01	  -3.6031195797018234e-01	   2.6616416451320840e-01	   1.6417920867714481e-01	   5.7091863663233899e-01	   2.8319599063266165e-01	   4.3124512951773308e-01	   4.5478855815062064e-01	   2.5968869272719700e-02	   1.7571912643573084e-01	   3.9264718089172140e-01	   4.5283478361871876e-01	   6.2765322387058609e-01	   5.2803074598138477e-01	   5.1663235715993672e-01	   4.8639213659389591e-01	   4.4560488222154304e-01	   4.7355853019207433e-01	   4.6971696650183747e-01	   5.3964556309367950e-01	   1.8169477244064552e-01	  -2.0182920131324673e-02	   1.6526005767156909e-01	   3.2881785379643302e-01	   3.8855706769672052e-02	  -1.6893799452853742e-01	   2.1930496020644569e-01	   1.1905188944663156e-01	  -2.2102283295213054e-01	  -2.8426792031753156e-01	  -1.8940443357035937e-02	   6.2307945923947804e-03	  -4.2786695038789629e-01	  -2.2821171904122284e-01	   2.3136161171541730e-01	   1.5554346330277766e-01	   2.4858768893694785e-01	   6.8886306169405520e-01	   5.2995280713579107e-01	   5.3208159363416430e-01	  -8.5272285161772446e-02	   4.1435111424312351e-04	   3.2931330663444547e-01	   2.5083826710585577e-01	   4.4289193720951658e-01	   2.8561432055202357e-01	   1.4490707018888202e-01	   2.8169703057050066e-01	   4.7611939419715710e-01	   4.6093952536404970e-01	   7.6516587070599817e-01	   5.1072237137042753e-01	   2.6552615026981363e-01	   3.3025954502210408e-02	  -3.0814848716628318e-01	  -6.5763784515385104e-01	  -1.6932632270452724e-01	  -4.0092753629629069e-01	  -1.1905954853428023e-01	  -3.7363656156977043e-01	  -5.1031565515357398e-04	   1.4013946787279030e-01	   2.2407301193197060e-01	   1.2485344385593047e-01	   1.2793021864481949e-01	   8.5267537892333226e-02	   3.3687571469288780e-01	  -2.0996542178281777e-01	  -4.3499770141620686e-01	  -5.9466098467175610e-01	  -1.5250410283072677e-01	  -3.2997900636999872e-01	  -5.2524017721611083e-01	  -6.3644114821970188e-02	   3.4866815518895512e-02	   3.2923908919258602e-02	  -2.9617374753281100e-01	   2.3700671844754240e-01	   5.8278660025996565e-01	  -1.6562886304668833e-01	
   5.5346024835071927e-01	   3.7673241424510961e-01	   4.4832805727944675e-01	   3.6460106104690099e-01	   5.6375257990911043e-01	   3.1911772778131503e-01	   6.0193853403268593e-01	   3.8179951628029846e-01	   4.4684915655889856e-01	   2.1063884467908983e-01	   0.0000000000000000e+00	   6.3747182092151844e-01	   9.4945018511141921e-01	   7.4916862759985303e-01	   9.0010593275489326e-01	   7.3096440760129244e-01	   5.5774647856178472e-01	   6.3426702672958679e-01	   6.0532198679752702e-01	   4.7281979907715177e-01	   4.8277695680919408e-01	   4.5497194908645722e-01	   3.7906536342835606e-01	   4.0132925812256076e-01	   1.2049754007432373e-01	   2.1579087274302267e-01	   3.1600053041052240e-01	   4.1379344301337123e-01	   6.7803929062952917e-01	   6.3136066739451446e-01	   2.6871243639863573e-01	   2.7802724086046726e-01	   5.0363162082504842e-01	   4.6798917858808425e-01	   3.0664831539197004e-03	   3.5575731291334928e-02	   3.4065189298287654e-02	   3.3830171126125042e-01	   5.2563313663642686e-01	   4.6461054789821282e-01	   4.3554893588161392e-01	   5.3590461058203021e-01	   2.3231233868827394e-01	   1.1884626518072604e-01	   3.3417984633668274e-01	   3.4837294448059175e-01	   2.8510084071465230e-01	   1.8084749079406817e-01	   4.9435571336689915e-01	   3.9327682307653961e-01	   4.0916118639568594e-01	   3.5364772492782276e-01	   1.8874110369193769e-01	   1.4555630067164513e-01	   6.3480791245915569e-01	   4.5926378786082611e-01	   3.8050033629438174e-01	   2.9767175519062483e-01	   6.8524978964318506e-01	   5.3251216822380698e-01	   8.5467262815237222e-01	   6.2445309472383226e-01	   6.3981398152374136e-01	   4.8416782010387849e-01	   2.8916218695033641e-01	   4.5834425550032293e-01	   3.1461057851481999e-01	   1.6245024983780534e-01	   5.0939292305699879e-01	   3.4610638812133110e-01	  -1.2351639135314372e-02	  -3.9370191870350413e-01	   2.6412352067973760e-01	   8.5910298484981856e-02	   1.5883271789889550e-01	  -3.7708509235821469e-01	   2.1836539099315010e-02	  -2.9708653472874058e-01	   4.7415311016315265e-01	   4.3866466025352840e-01	   5.8445108146816538e-01	   5.7775853514012654e-01	   7.0870750003157168e-01	   6.3895715985056367e-01	   4.1324295944165412e-01	   3.1048620162623575e-01	   2.0318850739963371e-01	   4.1422386579449155e-01	   6.1781965712499054e-01	   5.7608535905844671e-01	  -6.3804855871371247e-02	   7.4435670515672958e-02	  -2.4104627450549358e-02	  -8.5556399685414924e-02	   2.2881547912307498e-01	   2.2842499051256371e-01	   3.9970502215691950e-01	   4.4179056404880246e-01	   2.9371210359200156e-01	   9.5963980454208092e-02	   7.6572371903825820e-02	  -2.8410770335729607e-01	  -5.2804346289126787e-02	  -1.6487960622555654e-03	  -1.8232651870366884e-01	  -1.3270485896848649e-01	  -9.7863000183699787e-04	  -2.4461395057113614e-01	  -1.0717568522603652e-01	   2.1303868959526587e-01	   6.9320079665630870e-03	  -1.8937889148193793e-02	  -1.4403084537728444e-01	   8.9088433141383302e-02	  -1.3857876216191092e-01	  -4.9575389082170279e-01	
   8.0146192165435215e-01	   8.2253104071488092e-01	   3.3677505420952247e-01	   6.7605489218274051e-01	   7.0727710780308706e-01	   5.7125233001738129e-01	   4.3911478828556449e-01	   8.1158705778936269e-01	   5.5906713820873455e-01	   5.1063293262593856e-01	   6.3747182092151844e-01	   0.0000000000000000e+00	   6.8553224928034662e-01	   9.5510589062826590e-01	   6.6610153535750805e-01	   5.8329309726384038e-01	   8.0270892169573238e-01	   8.7896912475050382e-01	   6.9675947616184342e-01	   7.4982780263359827e-01	   7.3991488675739833e-02	   4.1851488217629733e-02	   4.2664418867059806e-01	   6.7264591480295444e-01	   2.9432407795195203e-01	   3.7725607470852807e-01	   4.8270526463159491e-01	   4.3157184080300959e-01	   8.9008145201061772e-01	   8.8399898632511897e-01	   4.9760362721586299e-01	   5.1417111069371624e-01	   4.0389007706255553e-01	   3.4232861541110787e-01	  -2.7827758759665519e-02	   1.7097841043005591e-02	  -2.2098826027579929e-01	  -5.0098043878647316e-02	   3.8041561963725073e-01	   4.2222838220272813e-01	   6.4849986363724943e-01	   6.7032231368043371e-01	   4.7229845360462447e-01	   4.7674221259754856e-01	   5.0879987873999366e-01	   5.1621987086156873e-01	   5.7233985188971004e-01	   5.0702475871347419e-01	   7.8617736520846271e-01	   6.5846757893497831e-01	   7.8044925896037909e-01	   6.8137745971992225e-01	   6.0512777947383234e-01	   5.5395987505844557e-01	   7.6835189049117980e-01	   8.0329289225454925e-01	   7.4660863375190245e-01	   5.9298788240443456e-01	   7.6105946974752015e-01	   7.4195214726913461e-01	   7.0360707762625041e-01	   6.6144271250244335e-01	   8.2343651882591773e-01	   7.4691987890563305e-01	   9.2898043274127762e-03	   1.4299770019158564e-01	   3.7351100289794115e-01	   3.6305356303539948e-01	   2.5261093379572264e-01	   3.5101425998514241e-01	   3.4752687506282154e-01	  -3.2281365500642900e-01	   6.6930279632117129e-01	   6.7079686239934133e-01	   6.9262683748752707e-01	   2.0769124533586775e-01	   1.6121020151075247e-01	   1.4249164021106275e-01	   7.8353091337730563e-01	   6.9189088862455284e-01	   9.3187291144393880e-01	   8.6435587970964223e-01	   4.4447995322559081e-01	   8.0086948470236841e-01	   6.4451214878084762e-01	   7.3578364823819775e-01	   4.7564425227965956e-01	   6.3642517012701660e-01	   5.4606205461847446e-01	   6.6086491439390738e-01	   4.2762234434481912e-02	  -1.2047744708888702e-01	   1.1543932172012047e-01	  -2.3086594666948573e-01	  -1.8210721605198793e-01	  -2.1893044957094648e-01	   3.5340120848747902e-01	   4.9884950566884168e-01	   5.2558404767785527e-01	   3.8581207897008940e-01	   3.4791195286307625e-01	   9.4181811628646656e-03	   4.2836838732454074e-01	   1.0758176967615400e-01	   3.6371093246565216e-03	  -1.6047545138292391e-01	   7.5579065470582019e-02	  -1.4206538100550081e-01	  -5.9145091221445045e-01	  -1.0338596691825946e-01	   2.9558461849090845e-01	   2.9943240191392062e-01	   6.2420418343048567e-02	   3.8176136127378490e-01	   2.4835234166743803e-01	  -4.6604689237332086e-01	
   6.5606812139134230e-01	   4.2084346748821921e-01	   6.0280563044190838e-01	   5.2090052866182268e-01	   6.5146453526896830e-01	   4.6812912952474789e-01	   7.1121541727251858e-01	   4.6652740548861832e-01	   5.6873088191763133e-01	   3.6846516992286582e-01	   9.4945018511141921e-01	   6.8553224928034662e-01	   0.0000000000000000e+00	   7.9590980950330947e-01	   9.2524883749699138e-01	   6.1502861417335808e-01	   5.5811500298753325e-01	   6.7005900597515433e-01	   6.5458752700239198e-01	   5.7457685640896572e-01	   4.2285197601129748e-01	   3.6659118444949523e-01	   5.7776463715576143e-01	   5.6442596455141336e-01	   3.1760215826844740e-01	   4.0788271634937068e-01	   3.5962131234190470e-01	   5.0064279081676188e-01	   7.5549065232776802e-01	   6.7422429984229904e-01	   4.6224290392503797e-01	   4.6330686077477712e-01	   5.3680401948978740e-01	   4.5644510811862476e-01	   1.5867731189739759e-01	   1.4333503272984630e-01	  -4.5029687031450973e-03	   3.2458884409527272e-01	   6.2801053672188956e-01	   6.0115474640032951e-01	   5.2022831350568477e-01	   5.8798907225510189e-01	   3.2911444218472879e-01	   2.2871807531850633e-01	   3.4144415717318366e-01	   3.9469311227183551e-01	   3.9274463453122549e-01	   3.1084541026975238e-01	   5.9276990288793141e-01	   4.8553692453063835e-01	   5.2644417140686794e-01	   4.5411811956977322e-01	   3.4756551736394969e-01	   3.0404215418807801e-01	   7.4902818226398860e-01	   5.8064044091806299e-01	   4.4355390753746965e-01	   3.2534945496702666e-01	   7.3868720208500527e-01	   5.7434371895893788e-01	   8.5361413292261590e-01	   5.6937515184850862e-01	   6.4308831666607924e-01	   5.0163107278942731e-01	   3.8242762294268612e-01	   5.2311861520950442e-01	   4.2348089918927151e-01	   2.8310640705590029e-01	   4.6005229393831293e-01	   3.5204424993497557e-01	   1.6154056764857833e-01	  -2.4363003949178016e-01	   3.5111272030564977e-01	   2.5962900582034021e-01	   3.3703775593003016e-01	  -2.2213320753442159e-01	   1.1642406815569838e-01	  -2.0485903960847360e-01	   6.0218032142374200e-01	   5.0682105416400680e-01	   6.4564621161437696e-01	   6.4217699863235955e-01	   7.5798223484205751e-01	   6.7192350849805704e-01	   5.3306756228725594e-01	   4.4797924242284654e-01	   3.7071181702156619e-01	   5.5142707132395896e-01	   6.9620165940679657e-01	   6.2793955406821989e-01	  -5.2739147773322254e-02	   2.2970285128266009e-02	   5.8688160252467715e-03	  -5.0782181276824927e-02	   2.2702881962647356e-01	   2.0911855680677774e-01	   4.9361032768785984e-01	   5.1864877190663772e-01	   3.5224107766489404e-01	   1.5223984133143104e-01	   1.4214270592624373e-01	  -2.1755040237988760e-01	   5.1312539487129431e-02	  -4.5529516803288643e-02	  -1.6627926986506486e-01	  -1.5408952648943974e-01	  -7.6076750776849694e-02	  -2.9530164349944238e-01	  -1.8684621953788449e-01	   2.9038288400964124e-01	   1.1504201912064781e-01	   3.4527246666122252e-02	  -1.0986023949273484e-01	   2.0525589646923992e-01	   1.1526051662341850e-02	  -5.7096446005309642e-01	
