   0.0000000000000000e+00	   8.2783865224755560e-01	   8.2890732751041607e-01	   4.1633380782010354e-01	   3.2100400591802847e-01	   1.5408062796241728e-01	   3.9323669368864789e-01	   5.5434722769215117e-01	   4.9151283347684928e-03	  -1.9641990144935742e-01	   7.1177513026228112e-01	   7.2020785511282726e-01	   5.9410578381692258e-01	   4.2299976538514705e-01	   3.6790051235606697e-01	   3.9321332000106912e-01	   6.5455180797914847e-01	   7.7870067997860604e-01	   7.1467207797376453e-01	   7.2403517487736435e-01	   8.3199235792146345e-02	   3.4515295448567207e-01	   8.2770865921082681e-01	   6.5013429514218468e-01	   5.4309238135533600e-01	   4.0915377202012193e-01	   3.4640676322380293e-01	   2.4563458160386703e-01	   5.0563234573450910e-01	   6.1272049353711744e-01	   3.1786578249972214e-01	   6.9838823178577325e-01	   6.7843032699651651e-01	   7.1624353604571511e-01	   4.6586368389961486e-01	   6.3094368045272353e-01	  -4.5218743652175564e-01	   1.7684622850919671e-01	  -3.7930833753575588e-01	   2.6258561485646326e-01	   4.4803861567872577e-01	   2.6464255578519913e-01	   7.6658584077769176e-01	   8.2111106077490836e-01	   8.4035114318366322e-01	   7.9420947872925263e-01	   8.0013015834956580e-01	   7.6772052310447625e-01	   5.7639977856269253e-01	   6.0183008312774533e-01	   5.4974268127428949e-01	   6.7212825701461598e-01	   5.9361047023793367e-01	   6.8411405209277909e-01	   4.7066664048928808e-01	   6.7952001345073754e-01	   9.4099788785190652e-01	   8.7337791864947256e-01	   6.5531552478868560e-01	   6.7955586064791507e-01	   5.1933964825300027e-01	   3.7431451925744119e-01	   5.9311180329514113e-01	   7.3179790089772279e-01	   2.4503050776748522e-01	   5.8484550695256421e-01	   7.2340520700330724e-01	   6.5878710553300435e-01	   8.0070733333148270e-01	   7.6965391615950096e-01	  -3.1592998281188456e-01	   1.5701760022094421e-01	   3.6208196405066484e-01	   3.3649180511821464e-01	   2.8186837191508141e-01	   5.9068793556051280e-01	   1.3554149772850875e-02	  -4.3751399762309007e-01	  -2.6232452346333063e-02	   7.3172836336612437e-02	   5.3996706093725377e-01	   6.9734744704854579e-01	   6.8960651646767956e-02	   2.7169411110399777e-01	   6.9945398190686858e-01	   7.7273021715588330e-01	   6.7899138284373221e-03	   1.7635505272131580e-01	  -4.4480221435870423e-02	   6.3151392306510221e-02	   3.2215342672612063e-01	   2.6516018439891185e-02	  -7.1351835920936579e-02	   1.8776881383434302e-01	  -1.2133909396972838e-01	   2.2192090269028369e-01	   6.7310548418914551e-01	   6.7922879300864047e-01	   6.7251603578110752e-01	   5.9836193928758907e-01	  -6.8674228369954137e-03	   2.2795372593692112e-01	   2.4599312873200174e-01	  -3.8296573776806245e-02	  -9.2704281638694666e-02	  -1.3553144195379876e-01	   2.1191037217050368e-01	   3.7983695421236634e-02	  -6.4548875115542170e-01	  -2.8282660988345754e-01	   6.9567975023390782e-01	   6.6915639175411240e-02	   3.1414987317262055e-01	   3.8028859223626671e-01	   2.1240364245293947e-01	  -3.3634411376790085e-01	
   8.2783865224755560e-01	   0.0000000000000000e+00	   7.5224534855852543e-01	   2.9580157804321505e-01	   2.8771836774658444e-01	   2.4646214185513826e-01	   3.8243239284858122e-01	   5.4920219173236684e-01	   1.0426406360763554e-01	  -8.4234234209802375e-02	   6.0287325359477650e-01	   5.2809483252361145e-01	   5.2530079070104196e-01	   3.4965326564258126e-01	   2.8170491197750536e-01	   1.3078046569077101e-01	   5.4344040287389839e-01	   6.9719730390185908e-01	   4.9824636999829108e-01	   5.7626901364702732e-01	  -1.5157995257794768e-01	   2.7487293478452313e-01	   7.0847624368478912e-01	   5.1759933350767628e-01	   4.5581616076166481e-01	   3.3350648959527357e-01	   2.6085277575767984e-01	   2.6526394369693318e-01	   2.7116370033618115e-01	   3.2990162421202257e-01	   1.8870330443120567e-01	   5.1784466342956892e-01	   5.8022721994933213e-01	   6.2719517270993319e-01	   3.8868850855622533e-01	   5.5919627705485442e-01	  -3.8366284875873002e-01	   1.8344905343799897e-01	  -4.1459171122837923e-01	   1.9399339788096312e-01	   2.2128930547863518e-01	   1.0664194813056585e-01	   7.8493838875206157e-01	   8.2897671395317807e-01	   8.6474882174624801e-01	   8.4538823887743075e-01	   7.7111965972101526e-01	   7.4348857514922551e-01	   5.6173699600514626e-01	   6.7217334013436647e-01	   6.1777126284310468e-01	   7.3434512214025272e-01	   6.9319171942181590e-01	   8.0988661925698202e-01	   5.3334497093263089e-01	   7.1579849400482076e-01	   8.2325960295075684e-01	   8.2940363381229787e-01	   6.4247940337168130e-01	   6.8843694591165894e-01	   3.7350937819929630e-01	   1.7401289769612100e-02	   5.0409512342911944e-01	   5.4837700682454771e-01	   1.5653211265646857e-01	   3.5669693468880048e-01	   6.0454671171687613e-01	   6.0338489851034127e-01	   6.2491956453139141e-01	   6.3415311152013631e-01	  -2.6717519053990968e-01	   9.0123613053906593e-02	   9.1523414062169628e-02	   8.8914175517342028e-02	   1.5263279669346749e-02	   3.9672266387274746e-01	   2.2889715242750283e-01	  -3.4973039935119427e-01	  -2.2860459321223617e-01	   9.4485597179967240e-02	   4.2566001824567690e-01	   6.4135880198626316e-01	  -2.0210584720113198e-02	   2.6434582290601232e-02	   5.9019378318546178e-01	   7.4982124168416675e-01	  -2.2612883495382523e-02	   1.7384247326424293e-01	   8.0958496997247942e-02	   8.6150355705581799e-02	   5.6519300683390661e-01	   2.2970180737782855e-01	   1.2903510621399472e-01	   3.7527135942522066e-01	  -1.1723207612188091e-01	   2.5152900239669301e-01	   6.0643482661753634e-01	   5.3345830610592571e-01	   7.8036346128685485e-01	   7.3000174095051606e-01	   2.5896425462738992e-01	   3.8173433165915521e-01	   4.2852656567724612e-01	  -1.0495029893203858e-01	  -1.6116417028153876e-01	  -1.8222029469250142e-01	   3.4484225155811432e-01	   1.0360758030117871e-01	  -6.3495885957576481e-01	  -2.4202361435367806e-01	   6.7132326911711393e-01	   2.4637221497403589e-01	   4.6691732355572646e-01	   2.9886617866916232e-01	  -1.6354691006386451e-02	  -3.1969489738404394e-01	
   8.2890732751041607e-01	   7.5224534855852543e-01	   0.0000000000000000e+00	   7.2436511344868060e-01	   5.5255438866365159e-01	   3.0222175129543083e-01	   6.4193412595492028e-01	   7.6990633474984249e-01	   1.2659215936841334e-01	  -1.4585123719184817e-01	   7.0114881896223435e-01	   7.7435947486748347e-01	   6.9409168226273876e-01	   5.8550286668522977e-01	   3.6123621950931245e-01	   3.3313298308747352e-01	   6.6854688010307495e-01	   7.6208767792882515e-01	   5.9736306299705588e-01	   6.4627962029063113e-01	   6.5204460260846736e-05	   3.6620846860664685e-01	   7.6299365279883469e-01	   7.4758094673596942e-01	   5.6776406368648591e-01	   4.4669937542490817e-01	   3.9991159984394992e-01	   2.5977578197226570e-01	   4.6036113645863930e-01	   6.3327360598140203e-01	   4.1775184034208906e-01	   7.9027867228364235e-01	   8.1936538781072343e-01	   8.4244999665599551e-01	   5.7711185928213082e-01	   7.2141949224203006e-01	  -4.0195878243392880e-01	   7.3688886499580927e-02	  -3.7253575017270568e-01	   1.1854520468300348e-02	   2.9503428537390530e-01	   2.9356967080006413e-01	   6.9567480363722423e-01	   7.4364009980728718e-01	   7.6301301554580780e-01	   6.9252261607742738e-01	   7.2337213412877521e-01	   7.1317155092169204e-01	   4.6179233278093723e-01	   4.9862268495923340e-01	   6.1906392789164078e-01	   6.9197144364711205e-01	   6.3637404521405971e-01	   6.7928424852146807e-01	   5.5433388964274277e-01	   6.8496867514850479e-01	   8.2764960691278266e-01	   8.4861925988803555e-01	   5.5612612657134197e-01	   5.5329488354150269e-01	   6.3265006901281962e-01	   2.7040884590579278e-01	   7.2639541571682142e-01	   7.2096029961024755e-01	   4.1970481103939661e-01	   7.3833864911845359e-01	   7.1981717759020736e-01	   6.7157024952326849e-01	   6.5062638361679770e-01	   6.8274054539382401e-01	  -9.0464460216524489e-02	   2.6602173124963763e-01	   4.5432963745643701e-01	   5.6212816069665783e-01	   2.4821571276155416e-01	   6.6968455689956441e-01	   1.6585249306141431e-01	  -3.9595294758480160e-01	  -3.0701730278617455e-02	   3.1088890329700575e-01	   5.3092466792998105e-01	   6.5315162901473700e-01	  -9.8822631812778602e-02	   2.2867214074053233e-01	   5.0820674645370056e-01	   7.0158750928049329e-01	  -6.3121277538361609e-02	  -7.4944149842517904e-02	   3.2546949629434233e-02	   2.0841632604969601e-02	   4.1067737292235412e-01	   1.7922610654166182e-01	   6.4047910741023048e-02	   3.8040399021011223e-01	  -2.9562958218368862e-01	   4.9392535991034237e-01	   6.5187200811729762e-01	   7.1868582127458003e-01	   6.6830365431490057e-01	   5.6255860530993429e-01	   4.3184521476859493e-02	   3.6730870038007246e-01	   2.6507636266885837e-01	  -2.2702074538101413e-01	  -1.1556795079301749e-02	   7.4592971385760168e-02	   2.1558342250024379e-01	   3.5825928521422662e-01	  -6.5403110759457961e-01	  -1.3759312740583501e-01	   7.3437013038203325e-01	   1.6416017993543011e-01	   4.2451257545955057e-01	   3.4681027333351577e-01	   2.3785799005044758e-01	  -4.0481947241622573e-01	
   4.1633380782010354e-01	   2.9580157804321505e-01	   7.2436511344868060e-01	   0.0000000000000000e+00	   4.5269117935937919e-01	   2.7565411543952728e-01	   6.3727466734198956e-01	   8.0875408065073051e-01	   3.6168654105709913e-01	  -1.9332319456550021e-02	   4.1204065402121043e-01	   5.4176378288009364e-01	   4.9997991059086655e-01	   6.3737979894020103e-01	   3.4340842524792803e-01	   2.7695076698524274e-01	   4.3314857859561040e-01	   4.7389464896946043e-01	   5.4491692133940495e-01	   4.9873571848512877e-01	   1.9882294683228913e-01	   3.4989843053886738e-01	   3.0371453275202948e-01	   4.5727562987832282e-01	   4.2431006716070641e-01	   3.4418567418856727e-01	   5.9778394871897012e-02	  -1.6095182888694537e-01	   3.1987873660953098e-01	   4.9181625108102939e-01	   3.4409610776395683e-01	   5.6478449419195154e-01	   6.8800045564834877e-01	   5.9747855675115191e-01	   6.4336590243377012e-01	   6.4124025275850860e-01	  -1.4469490460124348e-01	   1.4663263238155089e-01	  -1.1724697049399225e-02	   6.4641290682390135e-02	  -4.7840384140780089e-03	   4.1765587324337494e-01	   2.0900194845137571e-01	   2.2161893397976834e-01	   2.6887756628145454e-01	   2.2763360657829274e-01	   2.8087144170754536e-01	   2.6748976404267477e-01	   2.7087700635927731e-01	   2.8108886641705294e-01	   3.8878003570747943e-01	   4.3055285566058576e-01	   3.0039031193414595e-01	   2.2461778955639727e-01	   1.5215733386803384e-01	   2.2651388228242209e-01	   3.6591502456715236e-01	   4.0693509530166327e-01	   9.1850386756158531e-02	   2.0232853877938570e-01	   3.1478391167311259e-01	   2.3956649701012231e-01	   4.6371163508673796e-01	   5.7291644804738695e-01	   3.8677454518575921e-01	   8.0330485321732636e-01	   4.8492423351800412e-01	   4.0242472783063254e-01	   5.8425194262681657e-01	   5.0802675766043648e-01	   1.4581590030033589e-01	   3.5841707839703939e-02	   4.0107104621723499e-01	   6.5656898154422871e-01	   1.3714340453812207e-01	   5.4795915993682676e-01	   2.2529993188322445e-01	  -1.0337077673308097e-02	   6.9066117622098341e-02	   2.7036792373229146e-01	   3.2549497377163283e-01	   2.8342876843287623e-01	  -2.3541937136877011e-01	   2.6007800751524945e-01	   4.4027705125386618e-02	   3.3109329107763719e-01	  -3.6027036991619930e-02	  -2.6386550562099242e-01	  -1.0880779077770189e-01	  -2.4745166067520158e-01	   2.3693088633993781e-01	   4.9784240069050911e-02	   2.4738288756572635e-01	   3.4844578170947182e-01	  -4.2724809935340402e-01	   5.0316884200021172e-01	   2.9684218957979291e-01	   4.1766338222865274e-01	   3.4148092379083295e-01	   1.6750470966764983e-01	  -1.4717716419081467e-01	   1.7605204991579632e-01	   1.5006022021205063e-02	  -2.8957373606672049e-01	   1.3647169718170610e-01	   5.6738064717096892e-01	   1.5646511824510548e-01	   5.3364382052207660e-01	  -2.4009019596291281e-01	  -5.8102638650084790e-02	   4.4889124231557131e-01	   1.8224196553856314e-01	   3.3141967509786707e-01	  -2.7406556970275036e-02	   7.6075551738415723e-02	  -9.2325546471180936e-02	
   3.2100400591802847e-01	   2.8771836774658444e-01	   5.5255438866365159e-01	   4.5269117935937919e-01	   0.0000000000000000e+00	   8.0011502116356348e-01	   8.6530331447860431e-01	   7.7624587406978640e-01	   6.4394436983410741e-01	   5.7752592639750511e-01	   6.7235626681991001e-01	   3.6221137644422186e-01	   7.8870220364018406e-01	   6.8666840420152586e-01	   7.4472519097606460e-01	   6.2287824513763701e-01	  -2.4888087345529324e-02	   1.9049104330423661e-01	  -1.1129938856917916e-01	  -1.7631132460175775e-01	   2.7098883110216165e-01	   4.2946149043554482e-01	   5.1508263063013793e-01	   5.2194861499425149e-01	   5.7061702311293983e-01	   5.1040881690204121e-01	   6.9581410966601820e-01	   5.1710345014378511e-01	  -1.8548805690721915e-01	   6.8958390585282747e-02	   6.1745236356966871e-01	   4.4276808412591911e-01	   2.7478410369006717e-01	   2.6926980798957378e-01	   2.2655613389425000e-01	   3.9840091825018886e-01	   5.1807919842801725e-02	  -4.7598314093209693e-02	   2.0464822552484505e-01	  -1.4236688999508684e-01	   4.3946458259496868e-01	  -4.2574394527123416e-02	   2.7490989612564959e-01	   2.3628156116476304e-01	   3.6165394106772014e-01	   3.7778166894046461e-01	   1.5712721295880708e-01	   2.6156219182317825e-01	   2.1144368876087571e-01	   2.8669060154522036e-01	   5.4774424881072825e-01	   5.0562039651880442e-01	   6.8951353500513035e-01	   4.2247863761026350e-01	   5.4071655177591349e-01	   4.3968611700546700e-01	   3.3320613099790880e-01	   2.7803948959953051e-01	   3.8451666887847713e-01	   1.3596698430600515e-01	   3.1067577124109169e-01	   3.0748817194381693e-02	   3.5229645702792273e-01	   5.1291536245819030e-02	   3.4058703556421155e-01	   6.8712939298845899e-01	   4.6568320092973720e-01	   5.4189838285192138e-01	   2.0235656634954391e-01	   5.5695850101588817e-01	   9.2147683817701651e-02	   4.0611574989806587e-01	   3.0188734040022025e-01	   3.0260567313180164e-01	   1.2024164695852813e-01	   1.9994375599982228e-01	   4.0651054737870318e-01	  -1.7117346527276284e-01	  -3.7056735463010487e-01	   1.4163664737512323e-02	   3.4772108161325910e-01	   3.8347522112480892e-01	   5.1900675711047817e-01	   3.0004539198246338e-01	   3.1297654604941288e-01	   3.7359865215780030e-01	   4.6012927026943218e-01	   6.0572369049989847e-02	   6.5112093524994041e-01	   5.9274776467833279e-01	   5.0991501656358562e-01	   7.2161877937322427e-01	   6.0301648228483851e-01	   7.7000039079283289e-01	  -1.9866605610850563e-01	   2.8454338703608134e-01	   8.5340896220113927e-02	   4.6145756521425552e-01	   3.6650793009046279e-01	   3.7420861671871647e-01	   4.6522910774520121e-01	   7.1235456193680080e-01	   5.3866013384703493e-01	   3.6006356710552589e-01	   5.2966563025948821e-01	   1.6149853474275971e-01	  -7.7734517927759372e-02	   5.5768233552399904e-01	  -6.3946815866357687e-01	  -6.1760901838752047e-02	   7.4559003977368254e-01	   1.5612890997051798e-01	   2.9754335549011063e-01	  -9.1682852675028570e-02	   1.6864053943344343e-01	  -4.8050436646352314e-02	
   1.5408062796241728e-01	   2.4646214185513826e-01	   3.0222175129543083e-01	   2.7565411543952728e-01	   8.0011502116356348e-01	   0.0000000000000000e+00	   7.1515103625978205e-01	   6.7963812964911863e-01	   6.6715501536441268e-01	   7.9484533995367745e-01	   4.6895519766260740e-01	   3.0453680896807622e-01	   5.9626666664670447e-01	   4.4571294404852407e-01	   6.3261179048220206e-01	   5.6185798820533828e-01	  -2.0966636965607954e-01	  -1.9109357108386293e-02	  -3.2035074026908161e-01	  -3.8575957028336094e-01	   4.1266683389405523e-01	   4.6948220584268718e-01	   2.6427966915544759e-01	   3.2988301708040529e-01	   6.5490186174524823e-01	   6.3026267513761569e-01	   6.0871334321362380e-01	   5.7963321635290410e-01	  -3.7295027049534896e-01	  -1.4428617044673120e-01	   4.8243740160674820e-01	   3.0120490840200265e-01	   1.0380956844383835e-01	   2.1995803738092217e-02	   1.3389165104747794e-01	   3.2592814939126874e-01	   5.0010121316370768e-02	  -2.0536909315120797e-01	   1.8180606067074523e-01	  -1.9026388053389293e-01	   4.3472998848789651e-01	  -3.3909225044378244e-01	  -6.0973213064321324e-02	  -4.3895002925587297e-02	   9.2588486790052105e-02	   1.1753026112613463e-01	  -1.7532637410762181e-01	  -8.1255425924571328e-02	  -6.3906227830334728e-02	   6.9184959042372457e-02	   2.6554212476676292e-01	   2.7548315176969751e-01	   4.2652461783969331e-01	   1.5540013339921202e-01	   1.8615272461669549e-01	   1.2723808104555340e-01	   1.9773645371748677e-01	   1.8565715675444860e-01	   1.6225196090987440e-01	  -1.0717813105910744e-01	   1.7824201146682805e-01	   1.2461221446761697e-01	   1.3856174362507234e-01	  -4.1401738718789577e-02	   4.0827374971226188e-01	   6.0515031820796827e-01	   1.8803762581556729e-01	   2.7139272964323102e-01	   1.7380355036400791e-01	   5.3127246610953904e-01	  -1.9163327440743771e-01	   8.0179561333941288e-02	   1.6426196026487572e-01	   8.4047959160016714e-02	   5.3400645491253507e-02	  -2.1478124391124523e-01	   3.0544356701292197e-01	  -2.4617879872995932e-01	  -4.3343615774251670e-01	  -3.2802127247121216e-01	   7.9494036835506182e-02	   1.1344217780315768e-01	   2.6649992862944732e-01	  -4.0104388132190735e-02	   7.8961667574752079e-02	   9.4608993004554956e-02	   4.2559233621355824e-01	   1.0517217864728159e-01	   6.2344653242182091e-01	   4.9450888911597635e-01	   2.7942669486754201e-01	   5.6457307247666644e-01	   7.6997609227707020e-01	   6.5940457059303204e-01	  -2.2478858396732770e-01	   2.4564491891911799e-01	  -1.3944297472166184e-01	   1.6844619923255516e-01	   8.2570452892618093e-02	   1.2690503327078664e-01	   6.2560701420511855e-01	   6.8111650977096461e-01	   2.9993721409083729e-01	   3.2889557683661286e-01	   3.3707861432920988e-01	   1.6735924454011353e-01	  -2.5345781171849352e-01	   3.0630835840455800e-01	  -4.4689608831950656e-01	  -2.4201761466516097e-01	   5.5837360778282963e-01	  -8.3095618078476347e-02	   2.5049786538522900e-01	  -3.4714061282738118e-01	   3.0678523407343443e-02	   6.5521354194213760e-02	
   3.9323669368864789e-01	   3.8243239284858122e-01	   6.4193412595492028e-01	   6.3727466734198956e-01	   8.6530331447860431e-01	   7.1515103625978205e-01	   0.0000000000000000e+00	   8.5423094730472315e-01	   5.9396125015449119e-01	   4.6949825345792628e-01	   5.9865654755829412e-01	   3.5448185041943903e-01	   6.9226340157322186e-01	   5.6268044663139649e-01	   6.8086531886656343e-01	   5.7546323339454697e-01	   2.8605216675657325e-02	   1.9867945256309266e-01	   1.1026787314200535e-01	   1.3600835520099271e-03	   3.2175141037005150e-01	   6.2080719724080125e-01	   5.3069108965088130e-01	   6.6084051768877261e-01	   4.4549196771530969e-01	   3.3466419335729103e-01	   4.8325981751154157e-01	   3.0664683430150508e-01	  -1.6247189509905380e-01	   4.8653633648072792e-02	   3.1907594297951042e-01	   3.3815359583910842e-01	   2.9772953873856900e-01	   2.9530712738066939e-01	   3.4425781839014247e-01	   4.4227279182406620e-01	   5.2895323800005577e-02	   4.8640807014460573e-02	   1.3879961216425379e-01	   1.4383285728739570e-02	   1.7576543058039756e-01	   4.2215995363503497e-02	   2.7430160912551838e-01	   2.5394554362642585e-01	   3.4938253600262215e-01	   3.8321006147362013e-01	   1.7667278761868524e-01	   2.6262177823360550e-01	   2.8288171093199477e-01	   3.3469214811385878e-01	   5.4063632150200447e-01	   4.9888677879424598e-01	   6.0959224978612014e-01	   3.8118372682711288e-01	   4.3360019220404250e-01	   3.4686771262066735e-01	   3.7994884587247280e-01	   2.8121991038463445e-01	   4.2709074204981723e-01	   1.9360189625599819e-01	   2.7990026938063817e-01	   1.1314270695208274e-01	   2.4878287236351537e-01	   1.2219017886720551e-01	   3.9341033704224787e-01	   8.0894147700154417e-01	   5.1272445466605299e-01	   5.5740206796005287e-01	   3.5593004140285728e-01	   5.4688125270918575e-01	   2.4910542833408839e-01	   4.8801967821799802e-01	   2.6781348047440617e-01	   2.9527375982012344e-01	  -6.5930780516560566e-02	   2.1568611136491828e-01	   4.4079043206477830e-01	  -1.3345454168519927e-01	  -3.5090574927211976e-01	  -5.6256796605971774e-03	   2.9514445177978765e-01	   3.6646788460065660e-01	   2.9287619924119779e-01	   1.5678726257989192e-01	   3.6260629185818272e-01	   4.5082159889355955e-01	   3.0647597601570686e-01	   1.2084507728870281e-01	   4.6183356279820192e-01	   4.9123082300309395e-01	   4.8565213850266276e-01	   6.3865380153040174e-01	   6.4832895942291247e-01	   8.0740782434062264e-01	  -9.4782318825333584e-02	   3.8229060097277895e-01	   2.7129988437617697e-01	   4.6976201731187472e-01	   4.0829321367635463e-01	   3.9472086759276959e-01	   4.4227585526920754e-01	   7.0669868015645587e-01	   5.4715878284307884e-01	   3.4617217533758604e-01	   5.2204812186703053e-01	   4.5546501259084871e-01	   4.0400220152586395e-02	   5.8132839822371307e-01	  -4.7021103300174505e-01	   1.0628293281783661e-01	   6.7953224447291549e-01	   2.8047225662802361e-01	   4.8431480922974990e-01	  -2.7199089845435032e-03	   2.1050885900585992e-01	   1.0858256994195606e-01	
   5.5434722769215117e-01	   5.4920219173236684e-01	   7.6990633474984249e-01	   8.0875408065073051e-01	   7.7624587406978640e-01	   6.7963812964911863e-01	   8.5423094730472315e-01	   0.0000000000000000e+00	   6.2193868584982770e-01	   3.5184848326787033e-01	   6.1410822504069262e-01	   5.2291470906113202e-01	   7.1872238698293045e-01	   7.4506604169708945e-01	   5.8513724922216670e-01	   4.3039684277552914e-01	   2.0837798226370449e-01	   4.0016511409558775e-01	   2.9944231287253664e-01	   2.3131521993014653e-01	   1.9143189248742112e-01	   5.3039437206497020e-01	   5.1794578996693663e-01	   5.2976524277556103e-01	   6.4562056277295121e-01	   5.6157248277615990e-01	   3.4808695030156395e-01	   1.9296150208588528e-01	   6.8029935707777118e-03	   2.7453317480951578e-01	   4.6615008528328916e-01	   5.6890309923665439e-01	   5.5413735835916866e-01	   4.9282157913922264e-01	   5.8288773983833708e-01	   7.1391426522808066e-01	  -4.1227411791574450e-02	   1.3757352560585659e-01	   4.1227866532602325e-02	   1.0325465604584880e-01	   2.7550571411028296e-01	   1.8197254964268511e-01	   3.3205792039770127e-01	   3.1881754103637450e-01	   4.6021652027089294e-01	   4.7073975619922104e-01	   2.9802714185419227e-01	   3.3082520681534144e-01	   3.8203557527947574e-01	   4.5743024290019796e-01	   6.1220554642394842e-01	   6.4373389531648151e-01	   5.9526469751630884e-01	   4.3121724527300515e-01	   3.6585574474836424e-01	   4.0296882485445945e-01	   4.8988700367670046e-01	   5.0163211734870972e-01	   3.7633562315267255e-01	   3.2841953821831493e-01	   3.0081264743032798e-01	   1.8994698505300234e-01	   4.1014295592749017e-01	   4.0534000717118712e-01	   3.9298561736366500e-01	   8.6595327491276564e-01	   5.9381529477906136e-01	   5.9409064395514610e-01	   5.7298524569472620e-01	   6.9907998177344532e-01	   1.4914578271609157e-02	   9.4338053203350342e-02	   2.4664657356471889e-01	   3.8808317602234299e-01	   1.2160879481311034e-02	   3.6793258244638244e-01	   3.7154988396715122e-01	  -2.2204153128732204e-01	  -3.2721099681466664e-01	  -4.8000682627828330e-03	   3.0847304810993575e-01	   3.5469521974723395e-01	   1.2889359047574930e-01	   2.9415478967230352e-01	   2.1063883384833276e-01	   4.2329337064140127e-01	   1.4261290629024309e-01	  -1.2780851762953471e-01	   2.7405802036502214e-01	   1.3393518379664995e-01	   4.9919665651774525e-01	   4.4692584383323669e-01	   6.0133843917477359e-01	   7.0989042611158604e-01	  -3.6089947520999377e-01	   5.4070720364189850e-01	   2.3984540811790658e-01	   5.3219366912207500e-01	   5.1075166813857298e-01	   4.1654600165067179e-01	   2.6020053192168235e-01	   5.5500507264851517e-01	   3.2731249783957661e-01	   5.5164444380824077e-03	   3.3641130324474133e-01	   4.0461112200862237e-01	   1.5425915954442626e-01	   6.1521774095882797e-01	  -5.5825208842538188e-01	  -1.6756172750784784e-01	   7.3788020729808279e-01	   2.4196013865379862e-01	   5.2162450472291710e-01	  -6.5390186238770409e-02	   9.0021137491119146e-02	  -2.0683724409518000e-02	
   4.9151283347684928e-03	   1.0426406360763554e-01	   1.2659215936841334e-01	   3.6168654105709913e-01	   6.4394436983410741e-01	   6.6715501536441268e-01	   5.9396125015449119e-01	   6.2193868584982770e-01	   0.0000000000000000e+00	   8.0984084867171258e-01	   4.1816015551241492e-01	  -7.7571648808873656e-02	   6.0098909452453708e-01	   6.7929200158704994e-01	   7.1184766494860119e-01	   4.6238489271968231e-01	  -2.5667214283165507e-01	  -1.3661228150861010e-01	  -1.0818419145912501e-01	  -2.6299994673078408e-01	   1.9529922596103122e-01	   1.1964817380844958e-01	   6.5571488426513766e-02	  -5.2466449911449269e-02	   4.9892211762359384e-01	   4.6623164405250089e-01	   2.6496850788667908e-01	   1.9055052758382862e-01	  -4.8672940793799935e-01	  -3.2543069642327016e-01	   4.3037257974550303e-01	   1.9684484634707407e-02	  -2.3824972593869349e-02	  -1.5978176634824540e-01	   3.6529801098169046e-01	   2.8858181298978319e-01	   3.7250114479763008e-01	   1.4817126231658123e-01	   6.6935509279230498e-01	   1.2674816159073030e-01	   5.6328884452258157e-02	  -2.1708850468946914e-01	  -1.2030154163872067e-01	  -1.8757718095356699e-01	   3.5647023814636947e-03	   6.2649281544191443e-02	  -1.9647254100734596e-01	  -1.2842694364986157e-01	   1.3114692972406872e-01	   2.6884636151102381e-01	   3.6984845129049992e-01	   3.4646607827294823e-01	   4.2656935349821007e-01	   9.1114630188936063e-02	   1.8613377167637324e-01	   8.3417339616372155e-02	  -8.4841177852422664e-02	  -4.9969425722289421e-02	   6.1171254827517028e-02	   3.3961287795302504e-02	  -3.9414612998454376e-02	  -9.0479374326218151e-02	  -3.6516261494921320e-03	  -1.8919984882669649e-01	   2.8350134019036549e-01	   4.4175038509911480e-01	   1.0600101416179666e-01	   1.9769360337655273e-01	   1.4471151359308634e-01	   3.8612133272615423e-01	   1.4856007106510452e-01	  -9.5274827560562297e-02	  -1.4864322103138122e-01	  -4.1914036322903019e-02	  -1.3487646032311709e-01	  -2.4468246447099554e-01	   7.1721679995352117e-01	   3.8207754485317102e-01	  -4.5516969806089869e-01	  -2.0458451368784558e-01	  -9.8761327590507798e-03	  -1.4496879271311398e-02	   4.7381013876961431e-01	   1.4804274629475703e-01	  -7.3835464880421864e-02	   8.2268690313560947e-02	   4.5912405528069655e-01	   6.4965393035547547e-02	   6.4749712764575795e-01	   3.3269712362183856e-01	   5.1419306907287587e-01	   6.0438418184738052e-01	   8.4712179285039269e-01	   8.0370587000738458e-01	  -5.1429805661807097e-02	   2.2038621732564635e-02	  -2.2989757860719212e-01	   3.7329665892373576e-02	   1.5486617687325741e-01	   1.3269407118668830e-01	   5.0531784729804174e-01	   6.3909464831409635e-01	   4.7678602403488429e-01	   4.2843061570857910e-01	   6.1392024484359475e-01	   3.6533460743011226e-01	   8.0056636598739100e-02	   4.7580560512157088e-01	  -4.2048133465323057e-01	  -1.0879494940422427e-01	   5.3892931717345482e-01	   2.5388423853156422e-01	   2.1938833556846027e-01	  -4.1976465896833492e-01	  -1.9066644644466513e-01	   3.3038337090517733e-01	
  -1.9641990144935742e-01	  -8.4234234209802375e-02	  -1.4585123719184817e-01	  -1.9332319456550021e-02	   5.7752592639750511e-01	   7.9484533995367745e-01	   4.6949825345792628e-01	   3.5184848326787033e-01	   8.0984084867171258e-01	   0.0000000000000000e+00	   3.0230066674620892e-01	  -1.1932145312150751e-01	   4.1875119191071131e-01	   3.5034769348425293e-01	   5.9821216141518407e-01	   5.0748633308508406e-01	  -4.7543962820756569e-01	  -3.7034447187290909e-01	  -4.7209266116384746e-01	  -6.0773519370161666e-01	   3.7137237069046625e-01	   8.4428220486989058e-02	  -1.0226940501555457e-01	  -6.6112284068120891e-02	   4.7835502564131555e-01	   4.9934940906087366e-01	   5.0382210186703991e-01	   5.3288985110819553e-01	  -5.9698163310220942e-01	  -4.5079667440051274e-01	   3.8133096273983286e-01	  -1.0985569514971905e-01	  -2.8818494942520484e-01	  -3.8561714362843169e-01	  -2.8186857729264513e-02	  -1.9585554753136922e-02	   2.8922738143825211e-01	  -2.6985313780595221e-01	   5.3221170730319511e-01	  -2.0248745286566594e-01	   1.4966455627113948e-01	  -6.4212748556164267e-01	  -3.3753021891683199e-01	  -3.6897924429338147e-01	  -2.3549289932544493e-01	  -1.8711978792369793e-01	  -4.5264362823685972e-01	  -3.5514791634481219e-01	  -2.6408940947541870e-01	  -1.0097527837962580e-01	   5.5220462521734417e-02	   1.2209907842804837e-02	   2.5120218212961182e-01	  -1.1157500635217464e-01	   8.7907512359533549e-02	  -9.4531831357195284e-02	  -2.1940331922442480e-01	  -1.9625691990433780e-01	  -5.6300048255341094e-02	  -2.8290699597029345e-01	  -3.7917347953171079e-03	  -1.5361053632260122e-02	  -1.3756847527391708e-01	  -3.9956245679895075e-01	   3.6423175850070916e-01	   2.8952387667539037e-01	  -1.4848906212745366e-01	  -2.4705495711560707e-02	  -1.5323399958239042e-01	   2.5798216245567362e-01	  -9.5302371729163921e-02	  -3.8594035749775719e-02	  -1.4782426094347728e-01	  -2.1513907347493227e-01	  -6.6251446224830715e-02	  -6.0742900679998557e-01	   4.0434310815071195e-01	   1.7365102483086398e-01	  -3.6767156965875614e-01	  -3.3594063541860686e-01	  -6.8240822708428850e-02	  -1.2085408510006623e-01	   4.4356768342564534e-01	  -7.0947514830356356e-02	  -3.9376999988613527e-02	  -1.4914475225737645e-01	   4.7939972561459676e-01	   1.9509337323872022e-01	   8.2028150992155846e-01	   5.8093398504075244e-01	   2.1578621928610089e-01	   5.7779841340625770e-01	   7.9103814037970044e-01	   6.3058948972407658e-01	   1.9815142344644440e-01	  -1.3616829796361785e-01	  -2.9786101022941602e-01	  -1.5048484885017058e-01	  -1.5475671330753574e-01	  -6.6822574438537216e-02	   7.6850762939753858e-01	   7.2341588933729473e-01	   3.8667715058973579e-01	   6.0250298123202906e-01	   4.6032276215107504e-01	   1.0681039522778385e-01	  -3.3864502231688254e-01	   1.2170021220299400e-01	  -2.5249172001224601e-01	   3.5142732928623605e-02	   3.1816730079416067e-01	  -1.1019261068025769e-01	  -1.3589537590499473e-02	  -4.1424527413544593e-01	  -6.3919929790742271e-03	   2.4409687509206857e-01	
   7.1177513026228112e-01	   6.0287325359477650e-01	   7.0114881896223435e-01	   4.1204065402121043e-01	   6.7235626681991001e-01	   4.6895519766260740e-01	   5.9865654755829412e-01	   6.1410822504069262e-01	   4.1816015551241492e-01	   3.0230066674620892e-01	   0.0000000000000000e+00	   7.1073415256421624e-01	   9.2164131457642884e-01	   7.6562354216202477e-01	   6.9539057795748616e-01	   7.7777944162460400e-01	   5.2965424814996653e-01	   6.6523135097602359e-01	   3.3863901146367259e-01	   3.6855048904615828e-01	   3.3346721214058583e-01	   1.0112200183600825e-01	   5.9433192485006325e-01	   5.0310985391062235e-01	   7.7887984282977984e-01	   6.6291462657726463e-01	   6.9851079825624329e-01	   5.6723267868662575e-01	   3.1111162381250212e-01	   4.3064975051380716e-01	   7.5418523835655815e-01	   7.1023017388886944e-01	   6.1987874001866294e-01	   5.8667327307272976e-01	   2.1720068558644978e-01	   3.4031914170558841e-01	  -5.0602296649855805e-01	  -1.9213503468918497e-01	  -4.2313054318045801e-02	  -1.6144849418259369e-01	   3.1839773361696272e-01	  -4.6293045614304418e-02	   5.6408585752451512e-01	   6.1564162065635397e-01	   6.0312558943251493e-01	   5.3396736181023696e-01	   5.6134155721553092e-01	   5.8299929397396189e-01	   1.9906123404488918e-01	   3.2293611569905389e-01	   4.3178863976312565e-01	   4.9019833242572530e-01	   7.6984134829274975e-01	   6.1923101438332717e-01	   6.2990424887245977e-01	   6.5950939295805899e-01	   7.3980036621677236e-01	   6.7777861880888923e-01	   3.3224467544903991e-01	   2.5899067923930297e-01	   6.7444467414981779e-01	   2.7440306504218581e-01	   7.1501573005373975e-01	   5.3658069671146669e-01	   5.4675692258271713e-01	   6.2668354607035126e-01	   4.5723402836029625e-01	   4.3993943973278371e-01	   5.7941384692754938e-01	   8.2128246821461037e-01	  -3.0025094145402320e-01	   2.4339825367056936e-01	   5.5034204797724418e-01	   5.0614228528342398e-01	   5.2691752416115345e-01	   3.3068124612774663e-01	   3.4199166589992830e-01	  -8.9870886844450826e-02	   8.3922642150215360e-02	   2.8571325709597206e-01	   7.2484645111598334e-01	   7.2760063203092429e-01	   3.1870302344491719e-01	   1.4640427170885462e-01	   6.5093009526255563e-01	   6.9952965633020425e-01	   4.9404689288598191e-01	   1.9659246758142812e-01	   5.4290238150100123e-01	   4.0007692930790872e-01	   3.7449809292948255e-01	   3.0334770992637444e-01	   1.6380846622382111e-01	   4.4971222186267723e-01	  -7.2991958359565151e-02	   1.7540087790360964e-02	   4.2228516590694903e-01	   3.8567259875398419e-01	   4.7352056307943191e-01	   4.0452616901360244e-01	   3.7600548579852433e-01	   6.0829703444723660e-01	   4.7032913281291477e-01	   2.0475841508294523e-01	   6.8317026161491504e-02	  -2.3535624747634037e-01	  -1.5633633085037002e-01	   3.9999920808531819e-02	  -7.8067231650236424e-01	  -1.8871122553874783e-01	   7.5900094032562138e-01	  -1.4173335929698830e-01	  -5.8936921929353292e-02	   5.4465631386258387e-02	   2.2139204563764215e-02	  -4.6465466976449965e-01	
   7.2020785511282726e-01	   5.2809483252361145e-01	   7.7435947486748347e-01	   5.4176378288009364e-01	   3.6221137644422186e-01	   3.0453680896807622e-01	   3.5448185041943903e-01	   5.2291470906113202e-01	  -7.7571648808873656e-02	  -1.1932145312150751e-01	   7.1073415256421624e-01	   0.0000000000000000e+00	   6.0207131762065236e-01	   4.9916685687604390e-01	   2.3489891897076329e-01	   5.0320733630431724e-01	   7.4179816088206507e-01	   7.9974494954916531e-01	   4.3588143261962187e-01	   5.6281571334312663e-01	   3.3313798069707135e-01	   1.7051087394418676e-01	   4.7230858774464024e-01	   5.5807315428464399e-01	   7.2642851545312648e-01	   6.5865927387381951e-01	   4.9138666277989362e-01	   4.0394902117701981e-01	   6.7175876819544555e-01	   8.0714645923931028e-01	   6.2120211205727438e-01	   9.3119469174479708e-01	   8.7029354920755109e-01	   8.2556690518282161e-01	   2.1837185419014327e-01	   4.3345486299675012e-01	  -7.8997427439450452e-01	  -3.6884093918890448e-01	  -5.1385452490158823e-01	  -3.2495456464273953e-01	   3.9317186286381234e-01	   1.3458956005839057e-01	   4.3714889923338801e-01	   5.6829584764997909e-01	   4.7810732924248223e-01	   3.4556619193850163e-01	   5.2804727994690615e-01	   4.9379556099436750e-01	  -5.8972532187493952e-03	   4.5252729465692476e-02	   1.5382192004774037e-01	   2.6926302262304352e-01	   3.6929409496404625e-01	   4.0647525242058735e-01	   2.9616689684556358e-01	   4.5569444135663928e-01	   8.0827841265975442e-01	   8.1665350988309215e-01	   1.1772207523716471e-01	   1.0547613620534695e-01	   7.7710441165528410e-01	   5.5337759169446299e-01	   8.2231431713099168e-01	   8.7155132511038458e-01	   5.7126701961456050e-01	   6.5455082052733915e-01	   4.0376712303466411e-01	   2.9269987791849583e-01	   6.5572630827704481e-01	   7.4206660742905250e-01	  -5.4210468128979772e-01	   6.8428166545461125e-03	   7.7793274734953977e-01	   7.6269165241547299e-01	   6.9844155430374477e-01	   5.2003705021878377e-01	  -1.8789724738733027e-01	  -4.8265854734921310e-01	   3.9100403401217787e-01	   3.3428770095748117e-01	   6.5340447172253857e-01	   6.0339020079985806e-01	  -2.7129969129646747e-01	   5.9242636367571461e-02	   4.1115637915001946e-01	   4.7816014742925050e-01	   7.9930811000046814e-02	  -1.2706661473620151e-01	   5.4660996265859796e-03	  -9.2300306097304080e-02	  -8.6410020727741996e-02	  -2.1133955702260987e-01	  -2.1066853155708914e-01	  -5.2775410845006546e-02	  -3.9617019965979039e-01	   3.3714345124133399e-01	   4.4361610107390426e-01	   3.8134046197740762e-01	   2.6186139070439091e-01	   1.4220208279900215e-01	  -2.5884698898738054e-02	   1.6778171283895529e-01	  -1.4324729859322710e-01	  -3.6550833038346775e-01	  -3.9740750765759458e-01	  -2.3128855531129958e-01	  -2.9825861661814546e-01	  -1.3002930233165463e-01	  -4.9299488902289529e-01	  -3.3276686338792816e-01	   4.4452389417746718e-01	  -4.4318488650262622e-01	  -1.0797849124437642e-01	   1.3371283685348770e-01	   1.4702301680138086e-01	  -6.9151911983899661e-01	
   5.9410578381692258e-01	   5.2530079070104196e-01	   6.9409168226273876e-01	   4.9997991059086655e-01	   7.8870220364018406e-01	   5.9626666664670447e-01	   6.9226340157322186e-01	   7.1872238698293045e-01	   6.0098909452453708e-01	   4.1875119191071131e-01	   9.2164131457642884e-01	   6.0207131762065236e-01	   0.0000000000000000e+00	   8.1336307856293666e-01	   7.8450993316405659e-01	   7.6345294632742378e-01	   4.3601555830277511e-01	   5.4247566477318376e-01	   2.6739408550289417e-01	   2.4922091946501201e-01	   2.7446228577662912e-01	   1.0861074038351996e-01	   5.7865003607885268e-01	   4.5968882669397304e-01	   8.0218692733764663e-01	   6.8836958751632626e-01	   6.6478934204236462e-01	   5.2980064073555944e-01	   1.5475794237130527e-01	   3.3546601796291259e-01	   7.3875797383427289e-01	   6.3288058803829828e-01	   5.4915558247727725e-01	   4.8211715896536123e-01	   3.1558854176470930e-01	   3.9186154028505776e-01	  -2.6860417946922105e-01	  -9.2887777686968306e-02	   1.3538121716150825e-01	  -1.5566922981929868e-01	   3.2423166295590689e-01	  -4.1090320391717727e-02	   4.0711811343706639e-01	   4.5269255934993391e-01	   5.0600711372180207e-01	   4.4888003876135307e-01	   3.9922994860283695e-01	   4.2398422775471672e-01	   2.0354506889713031e-01	   3.2782425636082313e-01	   4.3900744791249524e-01	   5.0846478252644445e-01	   7.1062904527511472e-01	   5.2394891649587561e-01	   5.2073594905812426e-01	   5.4478297911141493e-01	   6.3114883314307924e-01	   6.1614191136008789e-01	   3.0798088261268947e-01	   2.3095353719492337e-01	   6.1130845965862046e-01	   2.0943505686861896e-01	   6.4681432255335725e-01	   4.0844662541612586e-01	   5.4279105008306772e-01	   6.8123429270789870e-01	   3.7730420107164642e-01	   4.1229263608885725e-01	   5.2361272677122372e-01	   7.8107494667988209e-01	  -1.5182227046635893e-01	   1.7181369690435888e-01	   4.6482572196973027e-01	   5.1073002710622251e-01	   4.2144195357647213e-01	   2.5320452208673305e-01	   4.7451632806505417e-01	   1.2721931215646829e-02	  -4.6669318281517644e-02	   2.5064972218809217e-01	   5.2916288900573849e-01	   5.6587647820517750e-01	   3.4832342719470688e-01	   1.4098723730025967e-01	   4.3527669569423671e-01	   6.0277272929181691e-01	   4.6969680107862866e-01	   7.2003914580638873e-02	   5.5345933663461988e-01	   3.3431714933654760e-01	   4.2399782932323649e-01	   3.7281221713163715e-01	   3.5992036466569138e-01	   5.9689809051172527e-01	  -1.6058111302093719e-01	   1.9251505319773857e-01	   2.7029064949095294e-01	   3.5786372815333423e-01	   3.9242210769776620e-01	   3.1830841795058518e-01	   3.6586364047843373e-01	   6.1582480365752446e-01	   4.8682173995333466e-01	   1.8414895130564796e-01	   2.7914242145008422e-01	  -6.5448632151278024e-02	   1.9843710238933053e-03	   2.6586008215780815e-01	  -7.5846984652056104e-01	  -1.9618104322357968e-01	   7.8159717436437670e-01	  -2.7045833453524223e-02	   9.5337956235276078e-02	  -1.1729900072457747e-01	   1.6374674955966773e-02	  -2.7890580473126797e-01	
