   0.0000000000000000e+00	   9.4529284115448886e-01	   6.6395933690031050e-01	   8.7673108595618876e-01	   5.9384984696816501e-01	   3.3642520150819072e-01	   4.7398501988711350e-01	   3.5657571839890823e-01	  -3.8337409810128092e-02	   1.9972527070734936e-01	   4.4204055694666045e-01	   6.7197027851301949e-01	   7.9059846984594895e-01	   3.5597275866856121e-01	   7.7423628205677719e-01	   5.7054742628636257e-01	   6.5683111358459367e-01	   8.2604181663557186e-01	   8.9304358726599542e-01	   9.5727464652224281e-01	   6.2020490244326432e-01	   4.8962339570043578e-01	   8.3834717390133406e-01	   7.9043477354501779e-01	   8.9456030374607698e-01	   8.2047597670134254e-01	   8.0696990734644669e-01	   7.8333050731283715e-01	   5.2243467882967798e-01	   6.9650998497959393e-01	   7.5662331852947973e-01	   8.1646457157959507e-01	   7.8786595235373502e-01	   9.2446377936714541e-01	   8.2623044606042950e-01	   6.8906854267802720e-01	   1.4441643533947818e-01	   6.6526543689764028e-01	   6.7302627240738189e-01	   8.2888237783956820e-01	   5.4236431934103624e-01	   8.3982492551033372e-01	   7.9309561360504177e-01	   7.9881168601731334e-01	   8.2558751370654548e-01	   8.8212694588306773e-01	   7.4685101960223643e-01	   8.5677697320269375e-01	   7.7266316595492779e-01	   8.5704489679342832e-01	   8.9577301162222034e-01	   9.1378903856167915e-01	   9.0834700667988999e-01	   8.9621086629173818e-01	   8.9370935384321748e-01	   8.6140654843451026e-01	   9.0292635470365057e-01	   9.1404090885668465e-01	   6.6485951489805106e-01	   8.4689719447863587e-01	   2.0593117168671307e-01	   3.0811098351320276e-01	   2.0300350109904175e-01	   4.2750175807409146e-01	   4.1681892875198362e-01	   3.5886971932751544e-01	   7.2879173967151889e-01	   8.1757255303101173e-01	   9.5089249971226275e-01	   9.3157217307301332e-01	   3.7357311323516884e-01	  -1.5265442959353623e-01	   8.5175007808903658e-01	   8.0256486206978728e-01	   6.8329671170403006e-01	   7.1412224688995685e-01	   4.5551390032068678e-01	   5.6199652764207098e-01	   4.4932208110195343e-01	   6.3862159164120924e-01	   8.0858203436762022e-01	   8.7354283594949522e-01	   8.4894102088266354e-01	   7.3695091351993502e-01	   8.9347233507366608e-01	   8.7169892547930572e-01	   8.2243284307637610e-01	   7.8484783802355551e-01	   8.2341479221010427e-01	   8.3068660639625869e-01	   8.7271659531552448e-01	   6.3929158441589851e-01	   5.5683428415761915e-01	   3.1698258205663221e-01	   2.7717440945345556e-01	   6.7688090273552959e-01	   7.2899439129501875e-01	   7.1058716010151002e-01	   8.5148002160827041e-01	   7.2918369207349254e-01	   5.8910543492120637e-01	   6.1961167447302157e-01	   8.9784106427180932e-01	   7.8751085383332431e-01	   9.2575845797457271e-02	   1.1166751819190043e-01	   2.1753191140139533e-01	   6.6454455026688064e-01	  -5.3775886356369740e-01	   5.2919457042389373e-02	   6.1259445390264977e-01	   7.4003977312083857e-01	   7.4706042274357631e-01	   8.2678386602420673e-01	   4.8790987636360028e-01	  -5.1990824119997026e-01	
   9.4529284115448886e-01	   0.0000000000000000e+00	   5.6062043953304674e-01	   8.7576394234887078e-01	   5.4567901360870374e-01	   3.6282447843651877e-01	   4.6705992173184518e-01	   4.6746462427181990e-01	  -4.7987804980296492e-02	   2.7812993959736804e-01	   5.1639308062830791e-01	   7.9067323297433956e-01	   7.1945617770169779e-01	   5.0722577204517671e-01	   7.3389021093248563e-01	   6.3698323966237980e-01	   6.6918060872329477e-01	   8.3559846853414044e-01	   7.9469778426068882e-01	   9.4619374878550877e-01	   7.4472509824051325e-01	   4.6585729451562874e-01	   7.4454929272052350e-01	   7.4329380769005760e-01	   8.2325136262979870e-01	   7.2531978369815553e-01	   7.5413628262919841e-01	   6.8359237954192109e-01	   5.3479542356167387e-01	   7.2417023167491990e-01	   6.2304115786025160e-01	   6.7823312672786296e-01	   8.5830706383402255e-01	   9.6512755606520217e-01	   7.5032455217977856e-01	   7.4146483041643496e-01	   1.5824844193643078e-01	   6.7016804701677857e-01	   7.0096993373092242e-01	   8.5972034709259426e-01	   6.2943519739812448e-01	   8.8784770795716295e-01	   7.1040790213235716e-01	   7.4497324171610169e-01	   8.3258358784677011e-01	   8.4921832395890406e-01	   6.4468076752085035e-01	   7.7574711595536616e-01	   6.7045827742673358e-01	   7.5942426498627569e-01	   8.5141505804552664e-01	   8.9487741441154611e-01	   8.4848317765768977e-01	   8.2699986270574088e-01	   8.5656785494725918e-01	   8.1910731805445502e-01	   8.8670283441931308e-01	   8.9827155543541881e-01	   6.9427520175066704e-01	   9.0741497627289858e-01	   3.3656021889974019e-01	   4.5450858736366245e-01	   3.5053612478080853e-01	   5.2815955682065563e-01	   4.7396850168922522e-01	   5.3113373146952270e-01	   7.1832924416093569e-01	   8.4462603545061876e-01	   8.7926365033151499e-01	   9.1192444999479894e-01	   3.0084003314462404e-01	  -6.9961088307865085e-02	   7.9273297628963624e-01	   8.4110797642933854e-01	   5.8696383737257074e-01	   6.7986149700967413e-01	   2.9601668811483872e-01	   5.5070932602601252e-01	   3.6831847019547592e-01	   5.6749858163216649e-01	   8.4520218506259837e-01	   8.6814094484884818e-01	   8.2989513889946798e-01	   7.3653405543460204e-01	   8.6667305445626686e-01	   8.6231035823364866e-01	   8.0810441433916069e-01	   7.7048893167157795e-01	   8.4823135243582082e-01	   8.6925046488868318e-01	   8.2115878991933844e-01	   4.5445652920757451e-01	   5.6163626500203390e-01	   9.5091181591433926e-02	   3.1943103483484109e-01	   6.7418614641485353e-01	   5.8549635199128058e-01	   6.3931780509300751e-01	   7.9512827708773415e-01	   6.2786428499012636e-01	   6.7692725756330141e-01	   5.5979630035460093e-01	   8.6776474066937648e-01	   7.7816714323838632e-01	  -1.0185773762077485e-01	  -1.0751572619828562e-01	   2.9473904760624187e-01	   7.3533967254703292e-01	  -5.8442892530289736e-01	  -1.1306561601584712e-02	   5.0747748088071465e-01	   6.8332898387080543e-01	   6.9867596014314803e-01	   7.0191707731784603e-01	   2.8631464383738764e-01	  -6.8166755417026348e-01	
   6.6395933690031050e-01	   5.6062043953304674e-01	   0.0000000000000000e+00	   7.1825642072279339e-01	   5.3354349925397515e-01	  -9.1706372634570238e-02	   6.8912509259143473e-01	   4.3828330886998669e-03	  -2.1852496419206524e-01	  -2.0200949032350199e-01	  -8.2442687860091152e-02	   3.1125350711169386e-01	   2.9391192902311242e-01	   4.5182633609373343e-02	   3.8809662348483465e-01	   1.4440808809871641e-02	   2.9388598375492897e-01	   3.8328630576443473e-01	   6.9533397288135812e-01	   6.6310490240386810e-01	   4.7244760995558488e-01	   4.9067989849165700e-01	   9.0756048967622549e-01	   8.2045482521594082e-01	   8.4059507946099954e-01	   7.4012040429471804e-01	   7.4110499225616833e-01	   7.7291718820116051e-01	   9.5420053349398348e-02	   2.4549981725954340e-01	   9.0712873506038805e-01	   8.5357312940777297e-01	   6.8349436344614434e-01	   6.3172115337591883e-01	   7.3951904753154873e-01	   5.3681958136268659e-01	   3.3878328708648703e-01	   7.7715937239740240e-01	   5.3179063243904745e-01	   6.2828056639455487e-01	   4.9339324797704764e-01	   4.3568958002652597e-01	   7.9810945999133764e-01	   6.9537672527346150e-01	   6.7015403817262631e-01	   5.6759459177289795e-01	   7.9500532451503880e-01	   8.0155628432591630e-01	   6.6102220824768765e-01	   7.0912410551510541e-01	   8.1446845829036929e-01	   6.5120666015088402e-01	   6.3269623136950315e-01	   7.2483102636174090e-01	   7.9994205822076336e-01	   7.7213276369822914e-01	   5.3817256628355092e-01	   6.1712377928390316e-01	   2.2811724995658034e-01	   4.9980968923565938e-01	  -1.1643147687523982e-01	  -1.1408268230066149e-01	   7.9877310467420859e-02	   4.1960115173788137e-01	   4.4610657827940603e-01	  -9.2260045405342370e-02	   7.3812146737113271e-01	   6.7832726475023652e-01	   7.1015617965798228e-01	   7.2143850605228543e-01	   2.8279932018118864e-01	   4.3220436278247981e-02	   4.2814864149827747e-01	   4.6535623219155986e-01	   3.3153317107322972e-01	   6.2788984268361114e-01	   4.2701293638478405e-01	   5.6041854637473132e-01	   5.0836647313454941e-01	   3.4125563078313703e-01	   5.2889397357792556e-01	   6.1370907737936542e-01	   5.4981887370174398e-01	   4.1674364924506402e-01	   7.6211978728070329e-01	   7.4330806495413349e-01	   2.2338702202741417e-01	   6.9237287157105420e-01	   5.5615779002910304e-01	   5.6809288402688674e-01	   8.3084659478052547e-01	   7.5527641209361507e-01	   4.7093179674406926e-01	   6.1635336428103771e-01	   6.0460000707530370e-01	   5.1665964592522051e-01	   7.7250299877857498e-01	   7.7553571677179001e-01	   8.5854411636737515e-01	   8.3624698717394597e-01	   1.1354038332678171e-01	   5.1439080930834069e-01	   6.6583521016161451e-01	   4.7289377632368407e-01	   4.6353669734788078e-01	   5.6114134786053482e-01	   5.2196866466285541e-01	   7.1496318254509916e-01	   9.0965830886716004e-02	   8.9874558666828835e-02	   6.5372145867323872e-01	   8.3011032630565351e-01	   4.9269743299260416e-01	   6.5270887949882839e-01	   6.2935859012099526e-01	  -3.6835358169495097e-01	
   8.7673108595618876e-01	   8.7576394234887078e-01	   7.1825642072279339e-01	   0.0000000000000000e+00	   5.2400269116069464e-01	   4.1257292912631555e-01	   6.1511010245745223e-01	   5.6041913007744837e-01	  -2.6485537605004800e-02	   3.3131348144464823e-01	   4.7766057581584048e-01	   7.0799600536153195e-01	   6.5375571929103615e-01	   4.7288047029120750e-01	   5.3785379875626371e-01	   5.8846939176731361e-01	   6.0385809649984801e-01	   7.5731132716431082e-01	   7.4963623366254872e-01	   8.5371005154481994e-01	   7.4611306467076477e-01	   4.9339771766603918e-01	   7.5280056570606335e-01	   8.4386240903347287e-01	   8.9773438592278720e-01	   8.7100120550454463e-01	   7.3994289284394932e-01	   7.6847775418904574e-01	   3.5819851924523982e-01	   6.2783744670167319e-01	   7.6066331002873067e-01	   8.3021718514209142e-01	   8.1251889451072146e-01	   9.0939192321580564e-01	   6.5193205168636414e-01	   7.6527012843676467e-01	   8.4963898175982711e-02	   6.6318652009158896e-01	   7.9725200469989410e-01	   7.8841890374845547e-01	   5.7066093876441848e-01	   7.4847496579743500e-01	   6.6190331359116583e-01	   7.1795538477643750e-01	   7.9406063798173343e-01	   7.4496306301475523e-01	   5.9482702099655116e-01	   7.4237724335766875e-01	   5.7775371751217675e-01	   6.3840665467764135e-01	   8.8801527382614653e-01	   8.5459462397022390e-01	   7.4833415113212154e-01	   8.2592087008907711e-01	   8.3349254433838027e-01	   7.6568154700456736e-01	   8.4355478876517664e-01	   8.7353234205620944e-01	   5.7883894490494836e-01	   8.7599498335874992e-01	   3.4575999316310690e-01	   4.8051267354666072e-01	   2.7551540385836382e-01	   5.0799859259449320e-01	   6.3524955361476598e-01	   5.5788206543219088e-01	   7.8888213568464838e-01	   9.0358830113168476e-01	   8.2146373341999168e-01	   8.5966691292658770e-01	   1.9201574644198444e-01	   1.0095860409688533e-01	   7.0959609132396229e-01	   7.9090929232388785e-01	   4.9295721333652931e-01	   7.3122284015862671e-01	   3.4197069747183484e-01	   8.0174661435111461e-01	   6.0305505308264817e-01	   7.1115682531657876e-01	   7.2627970580740020e-01	   8.0537564219089575e-01	   6.4115063392467242e-01	   5.6750185376028661e-01	   7.9232632017450944e-01	   8.7646447940630812e-01	   5.6489111005448556e-01	   7.7309782101380708e-01	   7.5718018231294426e-01	   8.4860781330304147e-01	   9.0647758838219017e-01	   4.9054968189850734e-01	   7.5725137015674993e-01	   1.8377109194917557e-01	   3.2507983279512098e-01	   5.8372074416777464e-01	   6.6623250550423940e-01	   8.1264089888119606e-01	   8.0964793882775088e-01	   6.2405795426520616e-01	   6.0548073666983115e-01	   4.3127029227968894e-01	   7.7407955150654884e-01	   6.5532193911552805e-01	   2.8937459826875060e-02	   1.1307483956543522e-02	   2.1343742596495602e-01	   7.4256639777222277e-01	  -3.1625998715705711e-01	   9.6202283037534225e-02	   6.2282648225936488e-01	   6.8396865649054384e-01	   6.4058446810447711e-01	   7.1601992017870875e-01	   5.0732245005529653e-01	  -7.7100327493259302e-01	
   5.9384984696816501e-01	   5.4567901360870374e-01	   5.3354349925397515e-01	   5.2400269116069464e-01	   0.0000000000000000e+00	   3.7731924422017432e-01	   5.9583186301043900e-01	   3.1664713306567766e-01	   2.6504763536771137e-01	   2.7972610523584218e-01	   1.7129202744381083e-01	   3.0204763559478206e-02	   3.4948762991029414e-01	  -8.0344616115757383e-02	   3.9780128634943057e-01	   4.5821038970816486e-01	   1.5535336656876447e-01	   1.9616020004123552e-01	   7.7046116679180310e-01	   6.2154151704396954e-01	   3.0090783258135578e-01	   4.4758192859561829e-01	   7.2398207053774011e-01	   7.5067126302870568e-01	   6.5813070259179973e-01	   5.8652911430493371e-01	   8.1501476078387558e-01	   6.4372510007727990e-01	  -2.6075281136648757e-03	   7.5256721956875078e-02	   6.4590418342541756e-01	   6.6702179507042003e-01	   4.4767432159946041e-01	   5.5122167280867185e-01	   6.7577221507102236e-01	   7.2111485582632795e-01	   5.1384351458778746e-02	   5.5087945383962889e-01	   3.3909801763902819e-01	   4.8041606564531092e-01	   3.0789224610271223e-03	   3.3380067495606774e-01	   4.3167679995423558e-01	   4.1537018609942600e-01	   3.4239949884200510e-01	   2.8119672072328550e-01	   4.3331488006030855e-01	   4.5355101099637385e-01	   2.2378893209463871e-01	   4.3113343598103282e-01	   4.6151807275430534e-01	   5.1245678686288065e-01	   6.4140190491540816e-01	   6.7529973680225241e-01	   4.5089642650906347e-01	   3.8425397667843197e-01	   4.1426580000403274e-01	   4.6888540070657853e-01	   1.5903788319944767e-01	   3.8943229092364373e-01	  -1.3331123738546460e-02	   5.7286383129078883e-02	  -1.1103333608747369e-01	  -3.4997364433652436e-02	   6.2931783848334566e-01	   2.3496195025209871e-01	   2.2885256316113350e-01	   3.1233922431334454e-01	   6.9232602848467639e-01	   4.6687303812302916e-01	   6.6057694435567327e-01	   3.0715213005004505e-01	   6.8142695090790117e-01	   4.7739265706723011e-01	   7.2490905590323629e-01	   4.5914230394912914e-01	   7.3788204650828970e-01	   5.5072997353421238e-01	   2.5816150933832233e-01	   1.5755454472599148e-01	   3.5857877984527586e-01	   3.5463346404398199e-01	   3.9219439223813091e-01	   2.2819365879753756e-01	   6.9629753727979438e-01	   5.3592164651277285e-01	   4.4837369169628216e-01	   3.2495901431377738e-01	   5.9306483517388509e-01	   5.0498169232737555e-01	   4.5939925248052588e-01	   5.1316248559392486e-01	   5.4734709181154817e-01	   5.4392501638206947e-01	   2.6840883773704272e-01	   2.6455805363378765e-01	   4.0786307790379994e-01	   3.1503366689994450e-01	   4.4255479063407110e-01	   3.4930562641137952e-01	   5.4965006059315491e-01	   7.9690773142800408e-01	   5.6623677842640774e-01	   5.5916196081425684e-01	   9.7363560047097911e-02	   1.4230932296159879e-01	   3.1091006837797014e-01	   2.9960548993298375e-01	  -2.6823347771048012e-01	   1.0496086133941890e-01	   6.2470915290205098e-01	   5.0786504346141448e-01	   5.6723347114732015e-01	   6.3487664525254772e-01	   1.0925185021896108e-01	  -3.3328406083063300e-01	
   3.3642520150819072e-01	   3.6282447843651877e-01	  -9.1706372634570238e-02	   4.1257292912631555e-01	   3.7731924422017432e-01	   0.0000000000000000e+00	   1.8477283904909941e-01	   8.5614498934371164e-01	   8.0802632151694331e-01	   9.6932280695502293e-01	   7.9154580841917122e-01	   2.1706799749287503e-01	   5.2037716684162361e-01	   3.0381633677347736e-01	   2.6136185623274222e-01	   8.8448422537909255e-01	   2.7653480372455669e-01	   4.1963229170944061e-01	   2.3864279585064441e-01	   2.3792347889209836e-01	   1.4182082368538235e-01	  -6.1236733156293618e-02	   9.7327716972380240e-02	   4.1251129940134135e-01	   3.4478759422187255e-01	   5.1224099473054052e-01	   3.6370114159319716e-01	   3.9101998626610535e-01	   7.0365317861347157e-02	   2.5761413821291601e-01	   4.0494359276037423e-02	   1.8067198345830582e-01	   8.7569166994598838e-02	   3.8604894493448783e-01	   1.7282421194771594e-01	   5.6988089751752691e-01	  -5.4854957102209534e-01	  -1.9388690834974526e-01	   4.4060616005535347e-01	   2.3263037352164939e-01	  -1.1944227398725228e-01	   1.6740316126429555e-01	  -1.9840760325808182e-01	  -8.4118942855220008e-02	   3.0514835872170690e-03	   6.6225613079464229e-02	  -3.0540560718733445e-01	  -8.8716173183929686e-02	  -2.2878733900507753e-01	  -1.0273337586034686e-01	   2.1457201259476080e-01	   2.8685485377619269e-01	   3.1964956490888785e-01	   3.9405156524520324e-01	   1.0444712276834166e-01	   2.1583398826303300e-02	   4.7159744333994963e-01	   4.1225466982559716e-01	   4.1721122035320490e-01	   4.7173714413064977e-01	   6.1964030176626683e-01	   8.2548705178814852e-01	   2.5880264651928178e-02	  -6.7999173544081276e-02	   6.1374707879763224e-01	   7.7450955400276478e-01	   2.6804821682726884e-03	   2.1405504502207323e-01	   3.0550221791759047e-01	   2.2346123051203259e-01	  -1.5148028721717338e-01	  -8.6334067096894423e-02	   6.0765229903290641e-01	   3.4706887583654789e-01	   5.3966510687356950e-01	   2.4063380731389400e-01	   1.2442276666416127e-01	   5.3347180251636872e-01	   2.6809229647998301e-01	   4.9920409430326185e-01	   2.1249145835593838e-01	   2.1593266350810553e-01	   3.5322341751351322e-02	  -4.8448943562935304e-02	   1.8746737840560324e-01	   1.7460032771359391e-01	   5.1253779284310419e-01	   1.4338273232304244e-01	   5.3835015770836903e-01	   4.9010998743239281e-01	   2.2193916538788172e-01	  -1.0617087631521463e-01	   7.7426408562266569e-01	  -1.1545723919566926e-01	  -2.5160101379057426e-01	   5.3679532664713724e-02	   4.7493261062935260e-03	   2.7699673507075750e-01	  -2.3378771135767609e-02	  -2.5551135035968731e-01	   8.1521593997598840e-01	   2.1360535790284013e-01	   1.4433505392380719e-01	   3.9617915860252984e-01	  -5.5717567793997125e-01	  -3.6941247657576437e-01	  -1.0350311617042410e-01	   1.2270159332402590e-01	  -5.8282739000342532e-01	  -7.1321307590941647e-03	   3.8496001787834577e-01	   4.0027686212441377e-02	   4.7860614553890879e-01	   4.0306420782417568e-01	  -2.4905118357911233e-03	  -4.3048749099558681e-01	
   4.7398501988711350e-01	   4.6705992173184518e-01	   6.8912509259143473e-01	   6.1511010245745223e-01	   5.9583186301043900e-01	   1.8477283904909941e-01	   0.0000000000000000e+00	   3.7762743165199192e-01	   1.0446377258733849e-01	   1.5617274712041945e-01	   2.8165669049804953e-01	   2.2826640684616470e-01	   3.4029817476734098e-01	   4.7386692431114034e-02	   2.8942102094768102e-01	   2.6251756995495340e-01	   3.9621540092428054e-01	   2.7128384940373518e-01	   5.7052898396178620e-01	   4.3443105956806183e-01	   3.7245243764407265e-01	   3.0045893023686254e-01	   6.4296954716204002e-01	   5.9383722506975190e-01	   5.6655533300126681e-01	   4.7444700552516994e-01	   5.7374053416026283e-01	   4.2649890191861067e-01	   1.9855812593644978e-01	   3.2889228936703596e-01	   6.4471602865600297e-01	   5.4915204441579157e-01	   5.0228922504340345e-01	   4.6058893655244654e-01	   4.5967583414218294e-01	   4.7446179332185279e-01	   1.3548312215810926e-01	   5.4367973303778139e-01	   6.0604508971667803e-01	   5.5967633162090047e-01	   3.9589223629318671e-01	   3.7359307562212568e-01	   4.0372047982763481e-01	   3.8292435052777729e-01	   3.8326639636784537e-01	   2.7233293888263355e-01	   3.9068109725229661e-01	   4.5659029618943225e-01	   2.4188747509427239e-01	   4.1454305279225828e-01	   5.5869717337632308e-01	   5.4627495095528555e-01	   4.8917944807780395e-01	   6.0794989993726634e-01	   5.7857050532536403e-01	   5.1594018923657825e-01	   3.7656190642664689e-01	   4.5426277492142292e-01	   2.7503681714892181e-01	   4.9432463072629029e-01	   1.6140330684387627e-01	   1.7535844516195567e-01	   2.0108583653472090e-01	   3.2226208344146845e-01	   6.9182707440780389e-01	   2.4960720619596455e-01	   4.4001860800354309e-01	   4.5467632911829681e-01	   4.2686778012536253e-01	   4.6290721306250937e-01	   2.0240290965736402e-01	   1.7498415432425765e-01	   4.7433569543214071e-01	   4.1716063554112776e-01	   3.8532677022634609e-01	   2.9422996342959618e-01	   1.2007838752726988e-01	   4.0726576078210375e-01	   5.3947198440171573e-01	   3.6206894977746501e-01	   4.9307966863832109e-01	   4.2523351232210849e-01	   3.7560420129984912e-01	   2.5088180899586709e-01	   6.0477038103275049e-01	   4.5637486214405748e-01	   1.9074466035936458e-01	   3.6357661518399881e-01	   5.7058280889813195e-01	   5.8161370751885821e-01	   5.4054650303408347e-01	   3.9606832190496832e-01	   5.6074178757300297e-01	   2.8285395967330862e-01	   2.1404588426850107e-01	   2.0998565179621245e-01	   2.8129719264062064e-01	   5.4692301728160231e-01	   5.4490092376431265e-01	   4.4254606714643741e-01	   3.5065141995545213e-01	   4.7009457565727281e-01	   4.5457985572626436e-01	   3.1419027631201180e-01	  -5.6034981078916295e-02	   7.8054987668125658e-02	   1.9778395120291420e-01	   4.9933636591732522e-01	   4.4769829175058794e-03	   1.0436293997276225e-01	   3.5769953695371198e-01	   5.8362383825464237e-01	   3.3277711302907165e-01	   4.3217902703446881e-01	   9.2412599411165933e-02	  -5.5522806388639789e-01	
   3.5657571839890823e-01	   4.6746462427181990e-01	   4.3828330886998669e-03	   5.6041913007744837e-01	   3.1664713306567766e-01	   8.5614498934371164e-01	   3.7762743165199192e-01	   0.0000000000000000e+00	   5.7558139128241859e-01	   9.0245681967208191e-01	   7.3125575187870828e-01	   3.4267159669803754e-01	   4.1630287666189092e-01	   3.0556907960152291e-01	   8.3898266893341331e-02	   8.0177097775742467e-01	   3.0987023471015046e-01	   4.3025572109813187e-01	   2.4335268896285933e-01	   2.9391664002151224e-01	   2.5241437004191952e-01	  -3.3023708219473209e-02	   8.1635437969084360e-02	   4.1099082884267379e-01	   3.2225454743141052e-01	   4.4527888761763490e-01	   3.2613422461579455e-01	   2.5795936195114988e-01	   7.1987092627538357e-02	   3.6926636465768625e-01	   6.1987151054824247e-02	   1.8160145468931593e-01	   2.0161318565438935e-01	   4.6854935945169335e-01	   1.4007875914183865e-01	   6.1369414842268233e-01	  -5.1167155590805935e-01	  -7.6872687611060406e-02	   5.4003789708371741e-01	   3.2124407854526310e-01	   4.9446811497710852e-02	   2.8767215991390305e-01	  -1.5796165829743344e-01	  -4.0712276893524572e-02	   8.5339808853696436e-02	   9.4535956494732482e-02	  -2.1234432550522558e-01	  -4.1997278681963998e-02	  -1.8837598611236517e-01	  -3.7793041689211548e-02	   3.1977842418468955e-01	   4.3796385169613872e-01	   3.2084685139141245e-01	   3.8883912489855044e-01	   1.8295876283174461e-01	   9.1407362540382647e-02	   4.1007589710276393e-01	   3.7158317406455599e-01	   3.3257051017437489e-01	   5.3142881963858102e-01	   5.1226747613735524e-01	   8.5780170275718315e-01	   3.1354812687961017e-02	  -7.9757696948947344e-03	   7.7586364579633682e-01	   9.3649668529250418e-01	   5.7567443021455625e-02	   3.0939667311610702e-01	   2.6178573615453704e-01	   2.3986833908418176e-01	  -1.6798349928313588e-01	   1.2817784745944111e-01	   4.8217442777862074e-01	   4.6798054874410966e-01	   4.0950074456671415e-01	   2.9261228593017008e-01	  -6.1208729483709839e-02	   5.7018301211359534e-01	   2.3491313762366450e-01	   5.5269495590403128e-01	   2.4301241379280411e-01	   2.1059669130823247e-01	   3.9652206082927619e-02	  -6.4982268367479487e-02	   1.7307812351653681e-01	   2.0330343534033357e-01	   4.0794416317655857e-01	   1.0005750912560818e-01	   4.8114119488945184e-01	   4.9714689826178160e-01	   2.7943749827683162e-01	  -2.4172128830427853e-01	   8.2700842603582614e-01	  -2.2709198080811399e-01	  -2.4653841786024078e-01	  -6.7230941910131292e-02	  -8.0048027617957332e-02	   2.6981230624889929e-01	   4.5713598416904803e-02	  -2.1481248842703904e-01	   8.7064815142828866e-01	   1.3321274952270434e-01	   1.0935516630775033e-01	   2.2494064398105440e-01	  -7.0715279980796120e-01	  -5.7115768758438512e-01	  -6.7627519462464675e-02	   2.2512156042374420e-01	  -4.9404138909594891e-01	  -1.6049680312471803e-01	   1.9701907611680206e-01	   3.9005984076666805e-02	   4.0136512327158397e-01	   2.0202072673593624e-01	  -1.5223844162242142e-01	  -6.7530649428440392e-01	
  -3.8337409810128092e-02	  -4.7987804980296492e-02	  -2.1852496419206524e-01	  -2.6485537605004800e-02	   2.6504763536771137e-01	   8.0802632151694331e-01	   1.0446377258733849e-01	   5.7558139128241859e-01	   0.0000000000000000e+00	   7.8508110121949692e-01	   5.2472838067439675e-01	  -1.8410886297140674e-01	   1.7170495382699080e-01	  -5.6526965664173520e-02	   2.3935310504986612e-03	   5.7712749734267677e-01	  -7.9946263438507359e-02	  -2.6583460357955363e-02	  -5.9659605711715212e-02	  -1.5392246698602299e-01	  -2.7139055131891637e-01	  -3.2776033937889149e-01	  -7.8903360977954487e-02	   1.9690019842658307e-01	   3.0643844408914107e-02	   2.0935221371128707e-01	   1.1671354241110359e-01	   1.5471837818116596e-01	  -1.9032041904026012e-01	  -1.4935911484171696e-01	  -2.3191265902628128e-01	  -1.4819015011746262e-01	  -3.1645456014811219e-01	  -2.8216613131026087e-02	   8.0094238497144792e-03	   3.2217182119434856e-01	  -6.2486001285009274e-01	  -4.7233400928145486e-01	   7.4533868412850590e-02	  -1.2110570315192697e-01	  -3.7482421660309950e-01	  -2.5509442157970541e-01	  -4.6835706905179325e-01	  -4.6938357555531579e-01	  -4.2407004960849448e-01	  -3.5626863128973008e-01	  -5.2587702942313852e-01	  -3.8889831167816147e-01	  -4.9515124090872448e-01	  -3.3449640298734840e-01	  -1.1156334101643245e-01	  -6.3704467641454335e-02	   5.3362361325933944e-02	   1.0393344794868897e-01	  -1.9579774286083881e-01	  -2.4007542998512171e-01	   7.6924623378849435e-02	   1.8213125618978775e-02	   1.2219400323797874e-01	   5.3485066505848167e-02	   3.8704808613111985e-01	   5.4303392763342606e-01	  -1.5328279283709989e-01	  -3.2789392055039501e-01	   4.4267796985640812e-01	   4.1379341645870660e-01	  -3.6076373513168558e-01	  -2.3703222902367080e-01	  -4.1089137463730538e-02	  -1.3575067839927213e-01	  -2.1037277789181008e-01	  -2.5334551623831647e-01	   2.8306090582498983e-01	  -1.2898937375198977e-01	   2.9555658831511838e-01	  -1.1708765896293340e-01	  -1.4314781684026542e-02	   2.0078381906522452e-01	  -6.0287890556530964e-03	   1.1800902050991560e-01	  -1.1361112781056901e-01	  -1.8758724495153956e-01	  -2.7722850018851508e-01	  -3.9628049630974327e-01	  -1.1202870331746514e-01	  -2.1726222176802201e-01	   2.5846075458523465e-01	  -1.5717278296865597e-01	   2.9578466191778086e-01	   1.4335841936544730e-01	  -1.1967454493689722e-01	  -2.3845893091243847e-01	   5.2411864243890027e-01	  -6.8970613438302415e-03	  -3.7459085231244610e-01	  -2.6892630756467950e-01	  -2.5614984776863892e-01	  -2.2571425036652992e-02	  -3.2127115414250818e-01	  -4.2394212753392013e-01	   5.4618354947437631e-01	   2.2894265232651798e-01	  -1.8428010665123495e-01	   1.8441637025528551e-01	  -5.5808125499498940e-01	  -1.6861785499723692e-01	   4.2181013202202640e-02	  -1.1514129324498185e-01	  -4.8029569230886954e-01	  -1.6104915523310420e-01	   2.3322333001516193e-01	  -9.3739475412538464e-02	   3.5645605333034408e-01	   1.2554941751224860e-01	  -2.1987540747327783e-01	  -7.4686922801120326e-02	
   1.9972527070734936e-01	   2.7812993959736804e-01	  -2.0200949032350199e-01	   3.3131348144464823e-01	   2.7972610523584218e-01	   9.6932280695502293e-01	   1.5617274712041945e-01	   9.0245681967208191e-01	   7.8508110121949692e-01	   0.0000000000000000e+00	   7.6473558316154122e-01	   1.7821464082083141e-01	   3.9199927427911085e-01	   3.0141729045140342e-01	   1.2398840083085469e-01	   8.4785285445103376e-01	   2.1036277270120327e-01	   3.3425278795761587e-01	   9.1779605066687864e-02	   1.1222580302415580e-01	   9.6350311851294584e-02	  -1.7935364203982770e-01	  -4.9806955849769081e-02	   2.9726144686376049e-01	   2.0011251423761933e-01	   3.7062615545206185e-01	   2.3617476296416451e-01	   2.2825735991691154e-01	   7.5678081258183077e-03	   2.2035522737597457e-01	  -8.7023416059151426e-02	   3.4474010549884242e-02	   1.9279617073520005e-02	   2.9177113675809896e-01	   1.4915019355852255e-02	   4.9232820879979589e-01	  -6.1608881667225912e-01	  -2.9159166247715457e-01	   3.8480467460682233e-01	   1.4300198282691465e-01	  -1.5033717201240382e-01	   9.4075459048026194e-02	  -3.4147715460571620e-01	  -2.2019277939011372e-01	  -1.0460439476668258e-01	  -5.8411486881080568e-02	  -4.3646592225027436e-01	  -2.3267661273803336e-01	  -3.6716083860688553e-01	  -2.3632423849582918e-01	   9.7523212725598912e-02	   1.8748280223900227e-01	   1.8593043650426427e-01	   2.5962934956332512e-01	  -1.6339727111064916e-02	  -1.0368146388875658e-01	   3.4440284311701735e-01	   2.8549036088437452e-01	   3.1563346070716147e-01	   3.9416080161016265e-01	   6.1459996438273601e-01	   8.5899995069553348e-01	   3.2457955885203907e-02	  -9.8760251764437812e-02	   6.1649776998048089e-01	   8.3678863433696182e-01	  -1.0354527339584019e-01	   1.2476412801229894e-01	   1.4938219263525779e-01	   9.0659656635836749e-02	  -2.4993223116259972e-01	  -5.6104305297085683e-03	   4.7793390041981237e-01	   2.9821591833880634e-01	   4.2809189957837424e-01	   1.4840671649158721e-01	  -1.9460897861212294e-02	   4.5704374658203195e-01	   1.9992723238698246e-01	   4.6100369125028390e-01	   1.2297870802238529e-01	   1.0061658279260111e-01	  -8.9923539569225427e-02	  -1.5449444133944995e-01	   5.4688430538703328e-02	   5.4718551847156342e-02	   4.0217208148431138e-01	   1.8829085134322895e-02	   4.3815319954759696e-01	   4.0036051633648739e-01	   1.0228959009760387e-01	  -2.8599753783941889e-01	   7.3231154621269079e-01	  -2.5529542940710737e-01	  -2.9626637063146727e-01	  -6.6642075663411432e-02	  -1.4760843306816765e-01	   1.6885926586417521e-01	  -1.5245847495641573e-01	  -4.0226368601474927e-01	   7.9004375267341598e-01	   6.8273685037075552e-02	  -7.7967283775364112e-03	   2.4023934018230642e-01	  -6.8917917945319318e-01	  -5.1279324562768980e-01	  -1.3953698392395705e-01	   7.5704917516037890e-02	  -5.0553822994796838e-01	  -7.7576651447925013e-02	   2.1952393074809035e-01	  -8.5300609411975509e-02	   3.3973943507341048e-01	   2.2392969661258971e-01	  -1.6189306077685353e-01	  -4.5306873055845553e-01	
   4.4204055694666045e-01	   5.1639308062830791e-01	  -8.2442687860091152e-02	   4.7766057581584048e-01	   1.7129202744381083e-01	   7.9154580841917122e-01	   2.8165669049804953e-01	   7.3125575187870828e-01	   5.2472838067439675e-01	   7.6473558316154122e-01	   0.0000000000000000e+00	   5.4782394921186650e-01	   7.5893462587280047e-01	   5.3616511885073448e-01	   5.2657484679118771e-01	   8.7169876742438002e-01	   6.7349054851472301e-01	   6.3919829631886604e-01	   2.6770692481502378e-01	   3.1936204646175564e-01	   3.8474363862343353e-01	  -4.0203535655988942e-02	   1.2463845849793295e-01	   2.6818035345306596e-01	   3.3290021619177318e-01	   4.0699732070838329e-01	   2.5811427675465293e-01	   2.8126132843008617e-01	   5.2712111435301812e-01	   6.4418666335150743e-01	   4.9604130568407609e-02	   1.0369043629955763e-01	   2.8471538398492729e-01	   4.6353053261214033e-01	   1.5655500177136505e-01	   4.2903816952065987e-01	  -2.4525852475662221e-01	  -2.4789474622646961e-02	   6.1511776318875788e-01	   4.4529923988288062e-01	   3.1911488021710188e-01	   4.7331645422935253e-01	  -1.4505367076918005e-02	   1.0414079881715069e-01	   2.5450651200221203e-01	   3.2395496135155721e-01	  -1.5763415036506878e-01	   1.1784829215292109e-01	   5.8683436926742893e-03	   1.0208380221416734e-01	   3.0506790720457844e-01	   4.1818464640294006e-01	   4.0317854733351738e-01	   4.4217774888977734e-01	   3.2228144297809547e-01	   2.7484012541584163e-01	   6.4754329072445083e-01	   5.9887212760061825e-01	   7.6731440835624176e-01	   7.0041588919101894e-01	   8.2587123762214698e-01	   8.4403481589093299e-01	   4.3988518711834934e-01	   3.2772017674755860e-01	   3.9439743254886966e-01	   7.2806889269508879e-01	   2.6706629073042110e-01	   4.2461614553585270e-01	   3.1127404330856534e-01	   4.1711123663594141e-01	  -2.2576375773319873e-01	  -2.7508685147591638e-01	   6.0865580632880767e-01	   3.9493012655116416e-01	   3.8623507532558926e-01	   6.4832564903428147e-02	  -1.1160993352983260e-01	   3.1781478704340832e-01	   4.7115672008033310e-01	   6.2180414473416523e-01	   5.3787186971407774e-01	   4.6927340481595575e-01	   3.2099867835623480e-01	   3.3480073640154295e-01	   3.1435143500779539e-01	   2.7416308843480269e-01	   6.0673749638488217e-01	   3.2252005775184001e-01	   6.5436401214372031e-01	   6.8077864181849468e-01	   3.3180838811449198e-01	  -4.1268993642833110e-02	   5.4791823689820662e-01	  -3.7909093230778701e-01	  -2.8122626960773162e-01	   3.0026422592505836e-01	   4.6304104385494295e-02	   4.0093730788678128e-01	   1.7989426112342788e-01	  -2.7042045463313100e-02	   6.4346234607713093e-01	   1.5339864221978891e-01	   3.2631817881728598e-01	   5.0693887569670038e-01	  -5.5024190176112930e-01	  -3.9137167232804243e-01	  -2.4914078167082571e-01	   3.2603288565231597e-01	  -6.1270707206410147e-01	   1.3508756458868879e-01	   2.4584071124674528e-01	   2.1052523710303689e-01	   4.2348664297751148e-01	   4.3302729316607091e-01	  -4.9650523336869975e-03	  -5.6103897884633003e-01	
   6.7197027851301949e-01	   7.9067323297433956e-01	   3.1125350711169386e-01	   7.0799600536153195e-01	   3.0204763559478206e-02	   2.1706799749287503e-01	   2.2826640684616470e-01	   3.4267159669803754e-01	  -1.8410886297140674e-01	   1.7821464082083141e-01	   5.4782394921186650e-01	   0.0000000000000000e+00	   5.7501903865959880e-01	   8.5015077203813560e-01	   6.3662029480437932e-01	   5.2723569246610069e-01	   6.9544937419207420e-01	   8.0973039970929839e-01	   3.6034189181996323e-01	   6.8751950927529304e-01	   8.4750844432699290e-01	   3.1943190284647621e-01	   4.0219633634480217e-01	   4.1494591070915676e-01	   5.4402696127614303e-01	   4.7454560591678491e-01	   3.1631036019404274e-01	   3.9344601378330596e-01	   6.6643226987518378e-01	   7.6702281258237026e-01	   3.0548870300174269e-01	   3.5517155491126218e-01	   7.8669897345419204e-01	   7.7631185572363437e-01	   3.1862588111139922e-01	   3.9934414457998402e-01	   1.8848607676055693e-01	   4.7105207371422614e-01	   6.3885341477322688e-01	   6.7443692955575485e-01	   7.8807031052529308e-01	   7.9900357375385755e-01	   4.9273693097000287e-01	   6.0242565887990152e-01	   7.6135947163156725e-01	   7.6375933380482319e-01	   3.8092252435147689e-01	   5.6195880854782820e-01	   5.3252735790411065e-01	   4.7229436451070073e-01	   6.3980478344656389e-01	   6.0468080678870750e-01	   4.7380626618113830e-01	   4.6190610344645794e-01	   6.9877766994110502e-01	   6.7418951375670000e-01	   7.8480352558966304e-01	   7.7701024411592146e-01	   7.5084876309356219e-01	   8.6413976064412645e-01	   5.9501104232993685e-01	   5.7755273966823473e-01	   7.2138342627989260e-01	   8.1295634252859306e-01	   1.4089165744474708e-01	   5.1818448206210865e-01	   7.5797122883739809e-01	   8.3765090170758061e-01	   5.2175399515445775e-01	   7.5116687109647640e-01	  -4.7753066699858709e-02	  -1.5136866452314632e-01	   5.0184886662607031e-01	   6.6987196606948807e-01	   1.1972485152685626e-01	   4.7947177152640008e-01	  -1.2614269052113447e-01	   3.9360387234365779e-01	   4.1530766658118112e-01	   5.4659665169302207e-01	   8.1337061117758591e-01	   8.2360013163465562e-01	   6.9745534638427475e-01	   7.6358418743626444e-01	   6.0084122976105458e-01	   7.4997917422821048e-01	   6.0475078380673242e-01	   7.9693639945203265e-01	   6.4862746635037871e-01	   7.6121171079167183e-01	   6.6153552256206949e-01	   1.5374167997540067e-01	   3.0978974832147954e-01	  -3.8061412883798057e-01	   2.4429815819236383e-01	   6.7085355951058845e-01	   3.7831319143470388e-01	   5.6091654985877182e-01	   6.4814366494618336e-01	   4.8861981970871637e-01	   4.0437828365537931e-01	   1.1524884551983189e-01	   7.2346974679612508e-01	   6.5217708027828925e-01	  -1.3866988173927508e-01	  -2.6676701797899055e-01	   1.2849929052222825e-01	   6.8553354209723283e-01	  -4.5837199726956790e-01	   1.2361357965839658e-02	   2.1372982927418005e-01	   4.7935979090330377e-01	   4.2996896076195718e-01	   4.1839365218669811e-01	   2.7539113692297468e-01	  -7.1000445297675185e-01	
   7.9059846984594895e-01	   7.1945617770169779e-01	   2.9391192902311242e-01	   6.5375571929103615e-01	   3.4948762991029414e-01	   5.2037716684162361e-01	   3.4029817476734098e-01	   4.1630287666189092e-01	   1.7170495382699080e-01	   3.9199927427911085e-01	   7.5893462587280047e-01	   5.7501903865959880e-01	   0.0000000000000000e+00	   3.7712810033766420e-01	   8.2418872647931141e-01	   6.7071076091643900e-01	   8.1972696156795699e-01	   8.4076415305498631e-01	   7.0545782617676456e-01	   6.6080294501592873e-01	   4.1859029002771703e-01	   2.4852416057370480e-01	   5.2878304214626104e-01	   4.6039528618120829e-01	   6.3865688605564563e-01	   6.5389009934141074e-01	   5.6544799801445889e-01	   5.7953910183741186e-01	   6.7642962812148189e-01	   7.9649223940704561e-01	   5.0127478550098126e-01	   5.3571912186955417e-01	   5.0987266157923083e-01	   6.5689210433515988e-01	   5.6898049097994918e-01	   4.3699456041096024e-01	   7.5706904919236345e-02	   3.5795761207144838e-01	   6.9998380332690957e-01	   7.0526757625569547e-01	   4.6404305448238359e-01	   7.5894496231354602e-01	   5.2607562148692688e-01	   5.7899186495746513e-01	   6.3045939872167156e-01	   7.4759350909116984e-01	   4.1251390029498947e-01	   6.2288630190731420e-01	   5.7180417248809956e-01	   6.2998963256719731e-01	   6.5088360022815062e-01	   7.1537814976715419e-01	   7.5920723921800382e-01	   7.6588008668087815e-01	   6.7622312696286691e-01	   6.5450774974666093e-01	   8.5438341192325185e-01	   8.3177809014467974e-01	   8.4800697774239808e-01	   7.8648390317299288e-01	   4.8488910099231763e-01	   4.6069593755875765e-01	   2.6681736420905067e-01	   3.6435417173248164e-01	   2.7958800300172315e-01	   3.8022674334732387e-01	   5.7417225666516392e-01	   6.5155864041757328e-01	   7.1842912310414753e-01	   7.4849702416059394e-01	   8.9550486564564921e-02	  -4.0372937395457675e-01	   8.2268406632465862e-01	   5.6914548495935247e-01	   6.4701392689165727e-01	   3.3367377897755146e-01	   2.2898562787566712e-01	   3.1275637707428633e-01	   5.5868610753854775e-01	   6.8688692038169985e-01	   7.3083924269009337e-01	   7.5902968963510897e-01	   7.1423453013235805e-01	   6.7528534310566046e-01	   6.5964090446195112e-01	   5.6892120314871253e-01	   7.5768670656844606e-01	   5.6428494234127002e-01	   7.3746945621794890e-01	   7.6864006956133579e-01	   6.5186355160378318e-01	   5.1318891058314176e-01	   4.6640893947707418e-01	   9.1350781011878324e-02	  -5.6381783721667085e-02	   6.0983774797338874e-01	   5.1664488770261507e-01	   6.4996953433819338e-01	   5.9638900042466847e-01	   4.6487920270939254e-01	   5.0454178951126094e-01	   4.0306533216843626e-01	   6.7320441857790581e-01	   6.7724481836338835e-01	  -6.1659454835034530e-02	   2.8546790480215391e-02	  -2.1664551578305352e-01	   4.4219546863531489e-01	  -5.2984693666630278e-01	   3.2427617364276723e-01	   4.8659829206625527e-01	   5.2697517446426856e-01	   5.4640065310668395e-01	   7.7837087173716035e-01	   4.0777153857523335e-01	  -3.5275185740065906e-01	
