   0.0000000000000000e+00	   6.8637436832162546e-01	   1.8934159808573425e-01	  -4.3983525890052788e-01	   5.4319407031708244e-01	   3.2961139268268203e-01	   7.5914626524500162e-01	   1.3508685899706530e-01	   6.9631969044278663e-01	   2.2453602012934568e-01	   8.6267452004558098e-01	   4.5994790735478264e-01	   9.0346557472482780e-01	   6.5004704894461662e-01	   7.6772927434848137e-01	  -6.8285172737759484e-02	   9.1178490378001931e-01	   5.7002394322775063e-01	   8.5430521997456477e-01	   7.9772911306460070e-01	  -2.1613095893616241e-01	  -2.6071375419601883e-01	   1.4972906099139396e-02	  -3.5446234225328088e-01	  -3.9013833385450103e-01	  -3.8159070328414058e-01	   2.1950702783426981e-01	  -1.0686680131768815e-01	   8.2819388895642920e-01	   3.1516694555962066e-01	  -4.8699758119865771e-01	  -5.6896535546726401e-01	   3.5026289006247235e-01	   1.2739809266283364e-01	  -4.2652987975631984e-01	  -3.7000347822429602e-01	   2.8057174814251171e-02	  -2.9881502785976971e-01	  -1.1449158027099407e-01	  -2.3005455189901339e-01	  -4.3451421172013519e-02	   2.0152890057774842e-01	   3.8539799855897400e-01	   9.1042817367160175e-02	   3.9226677009094088e-02	  -3.3653740185900109e-02	   4.6002530946032560e-01	   1.2428381945710112e-01	   1.2385443389971260e-01	  -9.6160603472947387e-02	  -5.7702899711568317e-03	  -3.9626081663569851e-01	   8.2872080633947756e-02	  -1.6929851328817291e-01	   3.4617056683684078e-01	   7.4883582897268403e-02	   6.4243300575036677e-01	   3.6657585441808810e-01	   7.8994324445600861e-01	   1.2480561212459745e-02	   7.7966734369452906e-01	   8.2510060911525851e-02	   8.1219239735340842e-01	   4.2548742239777693e-01	  -3.3372954138241545e-01	  -5.3799354202166116e-01	   3.5468007698912257e-02	  -1.7566451347080270e-01	   5.2117012860987855e-01	   1.1199360099007050e-01	   4.6797891487287337e-02	   1.2902473243186782e-01	   5.1842386501779292e-01	  -1.7589413862845232e-01	   4.0477309434123621e-01	   1.2723227644267848e-01	   7.8763605721392582e-01	   2.2447499589818165e-01	   5.6294012129497140e-01	   6.0120877364422631e-01	   5.2422714164039030e-01	   4.5383843602814578e-01	   3.8013734982581815e-01	   4.7110911250962687e-02	   1.2467261542050224e-01	  -8.9732912535097631e-02	  -1.4341020983687627e-01	  -2.7378323599203686e-01	   5.8160281136910930e-01	   3.8428094107323441e-01	   5.8165633271968131e-01	   7.4415036340566587e-01	  -4.5942814868302922e-01	   4.5157433827787474e-01	   2.1227631320265890e-02	  -1.0889861962478298e-01	   2.7862531628358178e-01	   1.7952137254782627e-01	   5.1958671068049744e-01	   6.8086762074372031e-01	  -4.6147120167459105e-01	   7.0667389669230107e-01	  -4.9262758426047333e-02	   6.5733151088380648e-01	  -1.5008440945292170e-01	  -2.9819841279448722e-01	  -9.9331404838924747e-02	   9.2999444597610878e-02	  -3.2371169531313151e-02	   2.0717395287076718e-01	   7.0549939667308867e-02	   2.3848273475703713e-01	   4.0982895544698555e-01	  -1.7351684805162859e-01	  -4.1463145273735680e-01	   1.4510742928087383e-01	
   6.8637436832162546e-01	   0.0000000000000000e+00	   1.5130034008173637e-01	  -9.1313119493004496e-02	   6.1957086869949463e-01	   1.4989527894637963e-01	   7.6611868595772958e-01	   5.6149894167664538e-01	   6.9958147093333389e-01	   1.6484731879852071e-01	   4.0275897837371644e-01	   8.1643253122655257e-01	   6.8231986482762130e-01	   8.9593325382927924e-01	   5.9630049496139248e-01	   2.5472041816289503e-01	   7.1953771182695059e-01	   7.1389835567304183e-01	   6.5763284955286239e-01	   9.0669533472741159e-01	  -2.4653891875138723e-01	  -1.3706423970102477e-01	  -1.8922471811305536e-02	  -5.2459067964984556e-02	  -3.3672399506175787e-01	  -2.1705624532352547e-01	   7.1245825827378470e-02	  -1.8898671709226222e-01	   8.8119162662323225e-01	   8.1640369820501246e-01	  -2.1110216041043922e-01	  -2.7040991911097073e-01	   5.4727303940854799e-01	   4.0360445206336765e-01	  -3.5310940203958613e-01	  -6.6139351626559153e-03	   1.4561939426090398e-01	  -2.0895886706129635e-01	   1.4537233653167753e-01	  -5.5535026003388763e-02	   6.9624215604110432e-02	   2.3675542631130188e-03	   7.0313360346931142e-01	   4.5130421757079059e-01	   1.7368305365462847e-01	   1.8813428609248853e-01	   6.7479262177127330e-01	   4.7869129750005279e-01	   2.1312131929038486e-01	   1.1194830665165578e-01	  -2.1558358651850261e-02	  -1.0845695915222561e-01	   4.2436049125693670e-01	   1.1681359741389539e-02	   3.6576607476649736e-01	   2.6080926401868038e-01	   6.8333230984291105e-01	   7.6506964397799659e-01	   5.5556552640163903e-01	   3.1692770161295364e-01	   8.0461939431687068e-01	   5.8525707186024278e-01	   5.0839007356135713e-01	   6.9000193865268367e-01	  -3.6111867614984527e-01	  -1.3663475601189395e-01	  -1.9422332755014732e-02	   6.6586897350655889e-03	   5.0855333158092808e-01	   4.2070481118305902e-01	   5.8094369390605291e-02	   2.5625037623382785e-01	   3.4285645829017364e-01	   4.8553803182404703e-01	  -1.0254596092474889e-01	   3.2113999892652106e-01	   5.2619736735119549e-01	   2.4569853215785536e-01	   5.5745157933330480e-01	   4.9087678429400278e-01	   5.6808138431305777e-01	   5.3242276131628152e-01	   3.7812347740920693e-01	   5.4825876072691071e-01	  -8.4585465829324608e-02	   7.1193703120528175e-03	   2.1304681906754164e-01	  -6.9501474146758363e-02	   4.3404687426835786e-01	   5.9182926975475036e-01	   7.1170172756070205e-01	   4.8005066009465880e-01	   6.3759142940740560e-02	   3.7063601300752674e-01	  -1.4335851491919976e-01	  -2.2343629196815007e-01	   2.0830423843202914e-01	   1.5285636951597631e-01	   6.8722681883427583e-01	   6.5164084223796670e-01	  -3.1043847164731631e-02	   5.3466640237547525e-01	   4.8520634843382621e-01	   7.2373003267838587e-01	  -2.7138131792543363e-01	  -6.5782165698622064e-01	   9.2377092589070231e-02	  -2.1356795005632151e-01	  -2.9437136838185674e-01	  -4.6590680898819896e-02	   2.6056527912127064e-01	   4.3387327726305924e-01	   3.3182371579472231e-01	   2.8542920422250367e-01	  -2.7453067241766260e-01	   9.9297148222757314e-02	
   1.8934159808573425e-01	   1.5130034008173637e-01	   0.0000000000000000e+00	   7.0146332018023971e-01	   4.6828300406163992e-01	   3.3860617187846376e-01	   4.9539826743186754e-01	   5.0980252555706618e-01	   2.3938971600386186e-01	   2.6664961504025214e-01	   3.7889508502382818e-02	  -3.7415525261784981e-02	   1.0489603076051260e-01	   1.2035366843288500e-01	   4.6848366751760839e-01	   3.1071823639657775e-01	   1.8687168732994841e-01	   4.0330032785482119e-02	   3.3640977329388899e-01	   1.6476998378734578e-01	   5.2795795205001839e-01	   4.0989675315698199e-01	   8.7115422402849485e-01	   6.5983427691987151e-01	   7.0063555918568832e-01	   6.7975004829618213e-01	   6.5126650675986042e-01	   2.8618172495793629e-02	   1.7133271417679917e-02	   8.2857694064861591e-03	   5.7432694124444195e-01	   4.9968796219718403e-01	   5.1713113097651520e-01	   4.0639361730544676e-01	   6.3103100834126058e-01	   5.9407525004660666e-01	   2.4046336342836472e-01	   4.0689036038721338e-01	   6.7622619711683873e-01	   6.5188114880143477e-01	   5.8203387008991761e-02	   3.1894626435262824e-01	   4.4106188024483295e-01	   3.9870270026507776e-01	   7.0436219372018838e-01	   4.4699095282830248e-01	   4.9688883800648587e-01	   5.6559212778902845e-01	   2.4004049944527112e-01	   2.8733812951008203e-01	   6.4148337747812045e-01	   5.5308018489995814e-01	   3.8563913182631726e-01	   6.2810297086631195e-01	   7.0070463546993433e-01	   4.9014969558846710e-01	   2.6379978875193866e-01	   1.8871198990477905e-03	   2.9659901047561782e-01	   7.6888030841886307e-02	   8.1020781193690480e-03	  -3.9353848505803250e-02	  -1.4454543086558670e-02	  -1.0574022174331033e-01	   6.4758683348527868e-01	   3.7151499600984483e-01	   7.6152503114130932e-01	   5.9134875304291312e-01	   5.8177200372312843e-01	   4.5897602069099519e-01	   4.9269952100039649e-01	   3.0946622428893455e-01	   7.6167860519895408e-02	  -1.7210772884013548e-01	  -2.0730334133775988e-03	  -1.3345059563802403e-01	   3.6211741956593646e-01	   6.0100764584534727e-01	   5.0325191646198686e-01	   4.9515814735779318e-01	   3.6634120970502099e-01	   3.7412511824988171e-01	   9.9151254868758074e-02	   1.0527448607118751e-01	   4.6011679614356954e-01	   1.1744200503389490e-01	   7.9428420497018107e-02	   4.4382474407255545e-01	   6.0017793915133344e-01	   5.2853850418536730e-01	   5.3610940831773291e-01	   5.1570280058574214e-01	   4.2446116805338829e-01	   7.4752492706384255e-01	   5.6201500098331880e-01	   2.0784708907416699e-01	   7.1763642200314215e-01	   6.5210554858681746e-01	   4.6194596004970717e-01	   5.0098465558763983e-01	   2.4024724183992860e-01	   6.4712333094792851e-01	  -2.6667306517919631e-01	   1.9929801947179365e-01	   5.1546844244584178e-01	   3.0149552426525061e-01	  -3.4491122561099360e-02	  -2.1767210236983239e-01	   1.5260092709183665e-01	   4.7652278505355838e-01	   6.2050395110742729e-01	   5.5125416711329578e-01	   7.4767404296155271e-01	   5.5298401258365226e-01	   4.3903356008526362e-01	   3.4983218322594606e-01	
  -4.3983525890052788e-01	  -9.1313119493004496e-02	   7.0146332018023971e-01	   0.0000000000000000e+00	   1.8445236743167365e-01	   2.0949082393849999e-01	   2.3929139135313693e-02	   5.8250866740384677e-01	  -1.1403923359823068e-01	   2.6989181555006270e-01	  -5.7951199923802021e-01	  -8.9055327551976801e-02	  -4.5272353180713909e-01	  -1.2068819889168439e-01	  -4.3261420572548767e-02	   4.6834304224799705e-01	  -3.2838693306499678e-01	  -1.0481138824665294e-01	  -2.7866404114311982e-01	  -2.3293537065566705e-01	   5.0707124016043337e-01	   4.0895496750533994e-01	   7.6428856118704114e-01	   9.0111040859236802e-01	   8.7143511232026749e-01	   8.6467414339871795e-01	   3.3948272972701449e-01	   1.0138343909936742e-01	  -3.3363470186496325e-01	   1.2097390940006782e-01	   8.4129281950694312e-01	   8.4208178239349707e-01	   3.2349693605516494e-01	   4.1235585247455397e-01	   8.5149561281816810e-01	   9.1456412388538411e-01	   1.9647339413367798e-01	   4.8856586379038297e-01	   6.9527955125993635e-01	   6.9744659677149401e-01	   1.5076907662914441e-01	   4.3864206832786329e-02	   1.8658137236866404e-01	   3.1074545921735586e-01	   4.8741648521224890e-01	   3.3138395060205500e-01	   1.5567755858726318e-01	   4.3605887855069703e-01	   7.8405706177780782e-02	   2.5050181214187334e-01	   4.7775238267253639e-01	   7.2016801755924065e-01	   3.5519990338667196e-01	   6.7465148022242416e-01	   3.5905733398374673e-01	   3.8174143632039359e-01	  -6.6066535753549316e-02	   4.1176912571175926e-03	  -2.2480454597949334e-01	   1.0171992981248761e-01	  -3.3641936869039052e-01	   1.9338865166723174e-01	  -5.0460201213654632e-01	  -1.7105017667529149e-01	   7.4465783673406372e-01	   8.3580569911303482e-01	   5.5251533127018626e-01	   5.9930597767393801e-01	   2.0872564079039460e-01	   4.4224927188735513e-01	   3.2590779084624505e-01	   2.2655380454143645e-01	  -2.5035297502251969e-01	   2.2072774818632923e-01	  -4.9126227056645433e-01	  -7.7219510441118230e-02	  -1.8835533438926894e-01	   4.2428155057799100e-01	   2.5801348447246164e-01	   1.9206359694144964e-01	   1.5815134544337903e-01	   1.9169895836790735e-01	  -7.8992535003603578e-02	   2.7425960337371758e-01	   2.5182526286168799e-01	   1.7898409530075143e-01	   2.2011126848539717e-01	   5.4694772149437076e-01	   2.3490277485929148e-01	   3.8130166473739768e-01	   1.6754243702679492e-01	  -4.1850590136680722e-02	   7.9538953355239372e-01	   3.5163416329602876e-01	   3.9858045121820634e-01	   2.2278311323922884e-01	   3.2588013915654568e-01	   4.6612625744852970e-01	   1.1475609133884904e-01	   7.0310452200418844e-02	   5.9161731730033540e-01	   1.0590703769569532e-01	  -2.9749930554245081e-02	  -1.5940414299589398e-01	   3.3481971245955172e-01	   1.4037674190629090e-01	   1.2513335634784759e-01	  -4.2166051638597885e-01	   3.1181477400997998e-02	   1.7372827414638792e-01	   4.6856622438997275e-01	   3.2148786627742887e-01	   3.6346594590953163e-01	   7.1161566590762715e-01	   5.4935661699740723e-01	   7.1702197742953860e-02	
   5.4319407031708244e-01	   6.1957086869949463e-01	   4.6828300406163992e-01	   1.8445236743167365e-01	   0.0000000000000000e+00	   6.1909608641621061e-01	   6.8033885574831876e-01	   6.6238886395700736e-01	   6.7140150267359822e-01	   5.1669365107897591e-01	   2.8622754283636381e-01	   3.1216326716250542e-01	   3.7783528786452869e-01	   4.2966348203343052e-01	   4.7895936588710697e-01	   7.2245872692051613e-02	   6.1383904322865823e-01	   6.3479228168178969e-01	   5.9219731624039840e-01	   5.1427581752670593e-01	   2.9392513662018238e-01	   6.5634099983832128e-02	   2.6232495308356440e-01	   8.0273884828452102e-02	   6.2492389653541730e-02	   2.1698912695380546e-01	   3.6138674178819591e-01	  -1.2501585006199747e-01	   6.3748381738479454e-01	   6.2256162943615345e-01	   2.4719888726086087e-01	   1.7009524752999333e-01	   8.3159564669093389e-01	   7.6635174235754766e-01	   3.8041295935046515e-02	   3.0507712083697613e-01	   1.0820969708530512e-01	  -1.0085915233092294e-01	   4.7652777303585891e-01	   1.8913523334243146e-01	  -2.1928663501082757e-01	  -1.7064283746706532e-01	   3.9151761755118031e-01	   1.1833347206154698e-01	   3.2901103204605303e-01	   7.6098109589737492e-02	   3.6580566524032765e-01	   2.4731553358233299e-01	  -1.0424418161643390e-01	  -2.1332462760835413e-01	  -6.1736501001381498e-02	  -1.9360122526103657e-01	   1.7540917105071913e-01	  -5.3800629693677632e-02	   2.4015003722948913e-01	  -7.5612870454640768e-02	   7.3970408665448495e-01	   6.7593780987204943e-01	   5.1386566735138273e-01	   1.6382732883740894e-01	   5.5300300005789882e-01	   5.9285645596910586e-01	   4.6419778803897954e-01	   4.0863198188710348e-01	   1.7565805205592672e-02	   1.8445117149635131e-02	   4.3475845886540732e-01	   3.0432033032398209e-01	   7.7862468671639151e-01	   5.8502311326747891e-01	   4.3594253369583186e-01	   4.6426596365895628e-01	   5.0073611162100939e-01	   1.6701137744641870e-01	  -4.5350212698312166e-03	   1.0401587976151366e-01	   5.3320216262141673e-01	   4.4313445729460810e-01	   7.6874864302525858e-01	   8.1510468873691200e-01	   7.6183771662337629e-01	   7.4425446022889641e-01	   1.4946858418600212e-01	   1.3552701895550928e-01	   3.9889657395279866e-02	  -2.5686444848997175e-01	  -8.4854748549948678e-02	  -6.7901018779241887e-02	   4.2354251133246379e-01	   4.0444250946892496e-01	   5.0633406691364435e-01	   6.3513254866573421e-01	   8.8255920873144406e-02	   3.3907066530774138e-01	   1.8959030053091255e-01	   6.2368064307885534e-03	   4.6445571579292699e-01	   3.4662162806992136e-01	   3.2846998286544948e-01	   5.2686787272580415e-01	   2.1513156321293814e-01	   5.9685945356046333e-01	   2.3468527675464906e-01	   7.3261682449181742e-01	  -2.0070155092669195e-01	  -3.7628593525473042e-01	  -2.6681090395861956e-01	  -2.6143525598972067e-01	   8.0628776165386773e-03	   1.3278122278595511e-01	   5.9679688446221191e-01	   4.0504660687328509e-01	   2.4706201491637431e-01	   5.8559065298351676e-01	   3.1858374737889210e-02	   2.0032652376921624e-02	
   3.2961139268268203e-01	   1.4989527894637963e-01	   3.3860617187846376e-01	   2.0949082393849999e-01	   6.1909608641621061e-01	   0.0000000000000000e+00	   2.9987595437980658e-01	   2.6461403864480360e-01	   3.7199275917495322e-01	   6.8774908384572364e-01	   1.9241676404948074e-01	  -1.6520019730291136e-01	   1.6531522821479505e-01	  -6.6272296066536757e-02	   3.1535386795557752e-01	  -6.7712145282478167e-02	   4.8148343027206231e-01	   4.7867547273626809e-01	   2.3801640679870056e-01	   1.2482357377496905e-01	   3.2239717751339264e-01	  -1.8982034972573558e-02	   4.0895861158629593e-01	   9.6619216884129971e-02	   3.7285967694611655e-01	   4.3908323250243364e-01	   4.9087130999076889e-01	   4.6445570904145217e-01	   3.1138585695683613e-01	   2.3154332959978960e-01	   2.6614268400680174e-01	   2.8673539019413163e-01	   4.5645873970802436e-01	   3.4636447101362172e-01	   3.3107437083559582e-01	   2.5473656134221173e-01	   1.2970369377822960e-01	  -3.6806727768667440e-02	   3.2270255468573100e-01	   1.8137538076415516e-01	   1.5357459770705090e-01	   1.5677490999210203e-01	  -2.1380318875036236e-01	  -3.6245240734642081e-01	  -1.4089715918561055e-01	  -3.9093673324592859e-01	  -1.5141787272620000e-01	  -2.6207125173897855e-01	  -4.2189004531162222e-01	  -4.4947199842708663e-01	  -7.4994559175848741e-02	  -2.3858460203236503e-01	  -3.5203773416163114e-01	  -1.6232348395494506e-01	  -3.1848551638039541e-02	  -2.7597308102317619e-01	   5.0057158683942160e-01	   3.2992470418799125e-01	   3.4307640032473097e-01	  -2.4790119791044440e-01	   3.5374752026812828e-01	   2.6203753100022337e-01	   5.0750232409642182e-01	   2.4181251828057296e-01	   1.2243326045241729e-01	   3.1477856004989806e-02	   2.5888148820835760e-01	  -3.5283536368366467e-02	   5.8544925161635897e-01	   7.6447577715697226e-02	   2.1876088859542461e-01	   2.5958666305669253e-01	   3.5450331690580095e-01	  -2.4149374852690281e-01	   4.9002644696875361e-02	  -3.4030738430118189e-02	   4.6116958281593906e-01	   2.8067166116841880e-01	   7.7509319462960891e-01	   7.6536630498722413e-01	   7.4197820225718591e-01	   5.9259064063976652e-01	   2.4336210768157424e-01	  -1.4695021345393022e-01	   8.6523098609878890e-02	  -3.4101526003001847e-01	  -3.1576039554018892e-01	  -2.6017589855765688e-01	   5.3555687920136374e-01	   1.0416179132769612e-01	   1.5408763126839051e-01	   4.5277205503099072e-01	  -1.3023748188551407e-01	   3.7044397393454226e-01	   2.9770286459067785e-01	   1.5787384480988687e-01	   8.9873640984213438e-02	   2.4394712839913280e-01	  -3.3970630588509881e-02	   2.1652276405520612e-01	   7.6715441333566517e-02	   4.5677952002722955e-01	  -2.2108250291125225e-01	   4.2775992130734330e-01	  -3.0825425086637936e-01	  -8.9455263552402353e-02	  -2.4951724257695765e-01	  -1.4824723661807884e-01	   2.0846402483278886e-01	   3.4993598462346215e-01	   1.4781731394390898e-01	   5.3695125302339129e-02	   1.5743944921394359e-01	   3.4940985583428119e-01	   1.9660820943785257e-02	  -2.6889055967695236e-01	
   7.5914626524500162e-01	   7.6611868595772958e-01	   4.9539826743186754e-01	   2.3929139135313693e-02	   6.8033885574831876e-01	   2.9987595437980658e-01	   0.0000000000000000e+00	   6.4186419790381311e-01	   6.7268443602697781e-01	   2.2423306128418061e-01	   5.2566784406504197e-01	   5.8065419406810048e-01	   8.1842500433531029e-01	   7.6818436672124701e-01	   5.7453111869824014e-01	   4.5233137002560465e-02	   7.5046208529616187e-01	   6.2588187246115712e-01	   8.0177135846565417e-01	   7.9413471609928066e-01	  -1.6286301657012600e-01	  -2.1842389538677259e-01	   2.4264101559131668e-01	  -1.6096222067041671e-02	  -1.6077488554934061e-01	  -9.1144522324483571e-02	   3.0812841450934858e-01	  -3.0570638815338552e-01	   7.9929389073352453e-01	   4.8626816347601987e-01	  -1.8563142753553141e-01	  -2.6371387348423281e-01	   6.3484504247919316e-01	   3.4476444561656483e-01	  -1.9159294698490814e-01	  -2.6252091253364127e-02	  -8.6019215819735567e-02	  -3.0988730463389058e-01	   1.3169757092026593e-01	   8.7382578806957600e-02	   1.9345511823940301e-01	   2.0675169017795414e-01	   7.4655549735011262e-01	   5.6562183158121793e-01	   3.5452203206890320e-01	   3.7507507157185832e-01	   7.0054291374803301e-01	   5.8362944816603790e-01	   2.9805422246098801e-01	   2.7741484720577803e-01	   2.4019549939922358e-01	   5.0543728231094431e-02	   4.5423361653427419e-01	   2.7133041024215726e-01	   6.2540375625220390e-01	   4.8766904680370593e-01	   5.5752152782412789e-01	   4.4960872374983046e-01	   6.8986790212739990e-01	   3.2167634613645413e-01	   7.8259986406314264e-01	   3.5061457708408023e-01	   6.2734136966685150e-01	   5.5929591466098705e-01	  -1.8210823639794244e-01	  -2.0908067604420733e-01	   2.7434586623950785e-01	   2.0628925692638367e-01	   7.0667506463554264e-01	   4.5411805005635952e-01	   5.1801968125832543e-02	   1.5180028792102240e-01	   2.3324636723579098e-01	   7.9213897332021221e-02	   1.4171223136049318e-01	  -9.5481951705617796e-02	   6.6706727025852897e-01	   5.9716075454517425e-01	   5.8041432189982078e-01	   5.8248767957388714e-01	   5.1840073113559892e-01	   4.7959866771527865e-01	   2.3982525803575805e-01	   2.0547094420409523e-01	  -5.2753994085777862e-02	  -3.6885157302271820e-02	  -1.8214323135976490e-01	  -6.2099313671432732e-02	   5.7460771177437420e-01	   6.4280111333417689e-01	   8.9342072141919615e-01	   7.9561884328523136e-01	  -5.8426351453740116e-02	   4.8692790889344617e-01	   4.1661639926554493e-02	   1.6367225137463576e-01	   4.7938266784170330e-01	   5.7744030509041000e-01	   7.2899585930426225e-01	   8.8149711659624019e-01	  -1.3462870015283788e-02	   6.7261286322565006e-01	  -1.5757718563424655e-02	   8.0085826308761354e-01	  -3.0687480839069713e-02	  -2.4310092051159898e-01	   1.1205408719303497e-01	   7.2835876178868372e-02	  -1.9490557738845699e-01	   1.3632425768646406e-01	   3.8275408548465184e-01	   3.1807259518950187e-01	   6.3844890716399316e-01	   2.9404214660722933e-01	  -2.6880076355978266e-01	   2.0226775791853704e-01	
   1.3508685899706530e-01	   5.6149894167664538e-01	   5.0980252555706618e-01	   5.8250866740384677e-01	   6.6238886395700736e-01	   2.6461403864480360e-01	   6.4186419790381311e-01	   0.0000000000000000e+00	   4.4134015198487120e-01	   3.9019804895761701e-01	  -1.6289484182066802e-01	   5.4222108908319255e-01	   2.0341482243675349e-01	   5.7477451500999155e-01	   1.9069364042618833e-01	   4.3270282266729454e-01	   2.5546435390518119e-01	   5.3447728203105849e-01	   2.7705166859132724e-01	   4.2571234329356272e-01	   3.3300860804080484e-02	  -1.8231584218058053e-02	   4.1055622538559522e-01	   5.0919709396403012e-01	   2.3222485429154627e-01	   3.1889343686643251e-01	   9.8151583569092177e-02	  -3.7212107505419612e-01	   4.2914984460375838e-01	   6.8408797247267372e-01	   3.7376127233083184e-01	   3.3631561239456509e-01	   7.3936006993745718e-01	   7.0125643045558661e-01	   2.0720171299971718e-01	   5.2894166130125142e-01	  -9.2358343832646586e-02	  -3.4681997988308635e-02	   4.3548099578692712e-01	   3.7660021228840057e-01	   1.2437326263262546e-01	  -1.5143734776263051e-01	   6.4239436773635372e-01	   6.0650544251182814e-01	   4.3462151737961774e-01	   4.5089023386133564e-01	   4.7481104020123777e-01	   6.4442388281254959e-01	   8.5678803228515732e-02	   2.5874569187878671e-01	   9.6416485515397193e-02	   2.9327747158146783e-01	   4.9783869809094061e-01	   4.3730577344230614e-01	   4.1458180977220438e-01	   4.4279781140218077e-01	   2.9677265545834169e-01	   5.2956941418800907e-01	   1.1577010858036582e-01	   3.9086548242701502e-01	   3.7259730983850436e-01	   7.3028503692520619e-01	   7.4785537934218049e-02	   4.7651996023503818e-01	   1.8366319305086198e-01	   4.8607793467102905e-01	   3.2827794986359865e-01	   4.7982693010596955e-01	   5.6658243139712050e-01	   7.7177252439798794e-01	   1.1117923115955579e-01	   1.5811243727110505e-01	  -9.2391062523425438e-02	   5.3567912512826277e-01	  -4.6902778320729893e-01	  -7.0198022064096449e-02	   1.2567398241390471e-01	   6.0679236098458389e-01	   4.4226195469189411e-01	   4.5487590366324088e-01	   4.6027250581475393e-01	   4.7880307058149618e-01	   6.9673227842149882e-02	   5.1170820277528128e-01	  -1.3151534096097733e-01	   2.8613036583785192e-02	   5.8647791348810541e-02	   2.9530452500011589e-01	   2.9762225692920752e-01	   6.7910199590529841e-01	   6.1751469387695557e-01	   4.1638605223342301e-01	   5.7006814137369111e-01	   2.5921744521241674e-01	   3.3490359534557035e-02	   2.9133278950755115e-01	   4.3823827559511752e-01	   6.3045467010312184e-01	   4.3337556664075838e-01	   5.5478673757058006e-01	   5.3412600801563848e-01	   2.4745546621598863e-01	   2.0921642308171290e-01	   4.6493834050641858e-01	  -7.6496296017326562e-02	  -3.1877200390522537e-01	   1.5792147109263954e-01	  -2.9802725690997023e-01	  -2.8963208547688674e-01	  -1.2617106438085748e-01	   5.9490046655229567e-01	   3.0825612602546903e-01	   4.2738001057557096e-01	   7.4333788138821066e-01	  -8.4454251503911348e-03	  -3.3489189544567172e-02	
   6.9631969044278663e-01	   6.9958147093333389e-01	   2.3938971600386186e-01	  -1.1403923359823068e-01	   6.7140150267359822e-01	   3.7199275917495322e-01	   6.7268443602697781e-01	   4.4134015198487120e-01	   0.0000000000000000e+00	   6.3124259198838872e-01	   3.4548782562583169e-01	   4.5542183077470211e-01	   6.7933055353211558e-01	   6.4508862238822018e-01	   7.0632654426267816e-01	   3.9470404303978868e-01	   7.2927826010529628e-01	   8.5126267467542616e-01	   5.2877721912527376e-01	   5.9525931457888970e-01	  -2.3602319926929524e-01	  -3.9649040401097702e-01	   1.7035622930303806e-01	   3.1168044057111694e-03	  -1.2834563101295882e-01	  -4.6750189156446943e-02	  -1.7585810241258222e-02	  -3.3724564055630951e-01	   6.9339276030079500e-01	   5.7793762314992358e-01	  -1.4576433724286814e-01	  -2.4272938389547841e-01	   3.9105357936800350e-01	   3.0548219167756441e-01	  -1.1086964057369170e-01	  -6.5434580707189174e-02	   3.2738873106755467e-01	  -2.2860226252024174e-01	   2.1308965697566395e-01	   4.2708626461949117e-02	  -7.9107398056696032e-02	  -1.4814492732681173e-01	   3.3523995393654715e-01	   1.1597587229178224e-01	  -8.8055246723029529e-02	  -1.3542674908173366e-01	   2.4984542718083871e-01	   1.9287230079570350e-01	  -2.5058898349414438e-01	  -2.1532910346240569e-01	  -2.3513560292016994e-01	  -3.4345077322683426e-01	   3.8775977636694936e-02	  -1.8657676039475032e-01	   1.3158365223859655e-01	   9.4129292472069533e-03	   5.2790599700480545e-01	   6.8496740939563105e-01	   4.1395473581792147e-01	  -1.0444138553604286e-01	   7.1686593859992342e-01	   4.9336967751106220e-01	   5.0074165113414948e-01	   5.4516080822714064e-01	  -1.1068872365824104e-02	   8.1297014930833047e-03	  -1.0425898038130038e-01	  -1.8467129424372092e-01	   4.3043615844049110e-01	   3.0837525720770803e-01	  -1.1979927623259912e-02	  -1.1779981861144939e-01	   9.5800945927547981e-02	  -1.1128086846850252e-02	  -1.8816741237211332e-01	   2.0973187726143391e-01	   3.7904431418882356e-01	  -1.0585723096530104e-04	   5.3590204415494902e-01	   6.9582057318689938e-01	   4.7088980406581532e-01	   3.2623593156414632e-01	   2.5474702506824654e-01	   4.2723832512638515e-01	  -2.2277152939369863e-01	  -4.5448184837216959e-01	  -1.1103119187822882e-01	  -3.1960921953221333e-01	   7.0326031768671204e-01	   3.9279155516323583e-01	   4.6855622245297324e-01	   5.3329605904663846e-01	  -4.0077182406998292e-02	   3.9021236637688195e-01	  -3.0222663594133357e-02	  -1.8380486016446546e-01	   2.5375308923329976e-01	   4.5607813401565522e-01	   3.3233857664573546e-01	   4.6500430898748102e-01	  -3.1886063287441468e-01	   4.1678053496670003e-01	   9.7977935411902500e-02	   4.5038491451466789e-01	  -3.1624751148412256e-01	  -4.4485745992338543e-01	  -2.3194705012156025e-01	   3.9954259775706125e-03	   1.0072172585210194e-01	   1.2672129156928512e-03	   2.7806095949691023e-01	   2.1309364975002107e-01	   3.0142789060375441e-01	   1.7821340694265930e-01	  -5.2140166365589857e-01	   2.9800741361143547e-03	
   2.2453602012934568e-01	   1.6484731879852071e-01	   2.6664961504025214e-01	   2.6989181555006270e-01	   5.1669365107897591e-01	   6.8774908384572364e-01	   2.2423306128418061e-01	   3.9019804895761701e-01	   6.3124259198838872e-01	   0.0000000000000000e+00	  -1.1785351319253690e-01	   3.6473182829192236e-02	   1.2777747167991654e-01	   9.5437655142978778e-02	   3.5080460417042209e-01	   3.7217429018269066e-01	   3.4361833414301757e-01	   6.0435246948718779e-01	  -6.4828726536770104e-02	  -8.3252882731097225e-03	  -1.3089546333888979e-02	  -2.8895959688205114e-01	   3.7485371068240436e-01	   2.9269429265026964e-01	   3.6168694683330294e-01	   3.6633453615116396e-01	  -6.2809265820767957e-03	  -4.3769833328215275e-02	   2.3450139937111189e-01	   3.5453306037880294e-01	   2.2908337875515983e-01	   1.6831587112856480e-01	   1.6909964474107880e-01	   2.2123404003907127e-01	   3.9688780427158721e-01	   3.1664943050353583e-01	   3.9137744368143168e-01	  -3.2683846154204381e-02	   3.7708946086161599e-01	   2.8930796302993850e-01	  -1.1309668200973749e-01	  -1.0763453139014070e-01	  -1.4150908772670512e-01	  -2.0443312584068885e-01	  -2.5345964327647652e-01	  -3.5223662622858487e-01	  -1.8833137345492099e-01	  -8.7866709784958419e-02	  -4.5288494082768915e-01	  -3.5475976029570788e-01	  -1.5541600214189277e-01	  -1.6495389573324037e-01	  -1.5812268927696999e-01	  -1.5649103375854362e-01	  -8.7337335745948375e-02	  -1.7300644906337145e-01	   3.2454277161354983e-01	   4.1542869855808007e-01	   8.7989911535423876e-02	  -3.0518913838118716e-01	   2.8926383237985664e-01	   4.6199687266401779e-01	   1.3126937080465276e-01	   2.1614146722797412e-01	   3.4434613096511901e-01	   4.3283317993025694e-01	  -2.1385444597723229e-02	  -1.1818153593182058e-01	   1.8865251263849056e-01	   4.8431663495355923e-02	  -5.8530405801741930e-02	  -2.5677278098905931e-01	  -1.7173204519555646e-02	  -1.9416950127797850e-01	  -3.0333606700478616e-01	   7.3966465708754064e-02	   2.7016306219251329e-02	   6.6396178459171881e-02	   5.3008988224431886e-01	   6.5491604643225121e-01	   3.6165444490270399e-01	   1.9816328812333545e-01	  -1.7205004445469980e-02	   1.8165808527031393e-01	  -1.9444958579235685e-01	  -4.7709752900634539e-01	  -3.6859983697164844e-01	  -3.2586506142709531e-01	   6.0902651516061801e-01	   9.8925081801281817e-02	   5.5393298511579203e-02	   1.6244623785188919e-01	   1.0960592607208362e-01	   2.3959738342939196e-01	   2.5415893771272563e-01	   5.5046968396379216e-03	   2.5995202180207955e-02	   4.7244601591148649e-01	  -8.9014586100158999e-02	   8.9110217670060193e-02	  -1.3737474781924780e-01	   1.3086275648016538e-01	  -9.7456829875997630e-02	   5.5708880946428369e-02	  -2.5527413154913525e-01	  -2.4833327461847393e-01	  -4.5840053397898795e-01	  -8.6495905103326734e-02	   3.2457241686116151e-01	   1.1026285162788994e-01	   6.3010642429687153e-02	  -3.9231782012601503e-02	   3.5924858961423632e-02	   3.2686864164225060e-01	  -2.5418816754847673e-01	  -1.5886158959790586e-01	
   8.6267452004558098e-01	   4.0275897837371644e-01	   3.7889508502382818e-02	  -5.7951199923802021e-01	   2.8622754283636381e-01	   1.9241676404948074e-01	   5.2566784406504197e-01	  -1.6289484182066802e-01	   3.4548782562583169e-01	  -1.1785351319253690e-01	   0.0000000000000000e+00	   2.7700091021569506e-01	   7.8009131458563408e-01	   4.3059746912064756e-01	   5.9400522700564318e-01	  -3.1087672787619614e-01	   7.0697916758966572e-01	   2.2140423994496711e-01	   7.9909548191354296e-01	   6.1578855442769209e-01	  -1.6263215051933164e-01	  -1.5733328813954689e-01	  -1.0773054548772949e-01	  -5.3483215867046952e-01	  -4.6495015733825318e-01	  -5.0069142595337202e-01	   3.0440542165130546e-01	   7.4683832861527036e-02	   6.0233563207074614e-01	  -1.8645422090204082e-02	  -6.1611575971516730e-01	  -6.2529090424245626e-01	   1.8343137326314946e-01	   1.9477364599734731e-02	  -5.0275985408077783e-01	  -5.2278486145460934e-01	  -2.6752118456682128e-01	  -3.3872287537909573e-01	  -4.0810743823085660e-01	  -4.8489761306390633e-01	  -5.7992945707071537e-02	   1.5917464946256429e-01	   1.7770750011178371e-01	  -7.3852547307292044e-02	   3.5348960719095240e-02	  -3.3130221969189390e-02	   2.6826945938889396e-01	  -8.2377930450564282e-02	   1.6546284882799811e-01	  -1.1418981060909050e-01	  -3.1513718719344101e-02	  -4.3295537159098063e-01	  -8.2891457206290431e-02	  -1.6872692507701342e-01	   2.4853990456632752e-01	  -2.5657029954428662e-02	   4.0073182852637124e-01	   4.4747491849186236e-02	   7.1805756969218937e-01	   9.0154712945514993e-05	   5.3353248797639607e-01	  -2.7778832706957279e-01	   8.0233806658952023e-01	   2.0644192486835630e-01	  -3.6675192505611254e-01	  -7.4008363443940994e-01	   1.1292413613242509e-01	  -1.0813994198425604e-01	   3.9710920773565817e-01	   3.7335787617192778e-02	   6.8546552335710151e-02	   2.3487073547585030e-01	   5.8401192182111006e-01	  -2.5775527525739622e-01	   5.6650326456915923e-01	   3.1493947323070490e-03	   7.9383678570493554e-01	   9.4026566096121936e-02	   3.2434446863100463e-01	   4.1402177475997792e-01	   4.1631321175561742e-01	   4.3066405172930533e-01	   3.5821156513203489e-01	  -2.5167377806422431e-01	   3.7018793089066615e-01	   1.5163663984512549e-01	  -1.0082470854443348e-01	  -2.1611040086806671e-01	   2.9532737160127720e-01	   2.7890427558937020e-01	   3.9116669289513084e-01	   7.1869755511203348e-01	  -6.1882070416977353e-01	   2.9423842604648187e-01	  -8.9707191690794497e-02	  -9.5462553413416334e-02	   2.3741778867439658e-01	  -1.8656979233317418e-02	   3.1344950588161602e-01	   5.9912682392871952e-01	  -3.9921250732451707e-01	   6.3030618662008775e-01	  -1.3522247155804235e-01	   5.4009297695724856e-01	  -5.9176237436636553e-02	  -7.7651234545761255e-02	   9.2978397501392085e-02	   7.3076579930805158e-02	  -1.3504763861175395e-01	   1.2383795651143986e-01	   2.3365293008927840e-02	   1.5246004920320969e-01	   3.7079881425837918e-01	  -3.8825913476438390e-01	  -2.5325055838500404e-01	   1.5576053084949135e-01	
   4.5994790735478264e-01	   8.1643253122655257e-01	  -3.7415525261784981e-02	  -8.9055327551976801e-02	   3.1216326716250542e-01	  -1.6520019730291136e-01	   5.8065419406810048e-01	   5.4222108908319255e-01	   4.5542183077470211e-01	   3.6473182829192236e-02	   2.7700091021569506e-01	   0.0000000000000000e+00	   5.2692745620008774e-01	   9.2617155857306277e-01	   3.0902918909540228e-01	   3.0945936268405827e-01	   4.3323901690302363e-01	   4.8451902024891236e-01	   3.7791966645870750e-01	   7.5058708706735389e-01	  -5.3704797269183113e-01	  -2.1662577960634971e-01	  -1.5751500887849368e-01	  -3.5731893450936608e-02	  -4.0630724469172547e-01	  -3.8847717364238932e-01	  -1.4857341837092444e-01	  -3.7039263310929382e-01	   6.6379589551646134e-01	   6.5807478858506363e-01	  -3.7746390809034353e-01	  -3.9318860778950782e-01	   2.7963744075923136e-01	   2.8920004892123530e-01	  -4.0243945751367538e-01	  -2.1710069497087515e-02	  -1.6605382136337465e-01	  -3.8063871081188044e-01	  -1.7999031767721657e-01	  -2.4902995717399060e-01	   3.6110706384587334e-02	  -1.3993102004392663e-01	   6.9517860114608454e-01	   5.9236995976833662e-01	   2.0550972984872146e-01	   4.1287601654805706e-01	   5.9304274921415256e-01	   5.3339428739140415e-01	   4.1193538191936740e-01	   3.5137533734621212e-01	  -2.9567078563240021e-02	   4.2324436288193011e-02	   5.0443555418608321e-01	   1.0051572453241281e-01	   4.1046650684193342e-01	   4.4813318209884351e-01	   3.3552104238635183e-01	   5.0286719173526517e-01	   3.4080430845881038e-01	   4.7966998712847381e-01	   5.7194981688478785e-01	   5.0120853516173569e-01	   2.6741530205205044e-01	   5.8061720570119335e-01	  -3.1886923626348901e-01	   5.3210886953519651e-03	  -7.5278828638573977e-02	   1.5991174887540083e-01	   1.3942573556196580e-01	   3.8444293775273369e-01	  -2.3578357057783883e-01	  -2.0853978261767259e-02	   1.1776310486930390e-01	   5.9925134281249082e-01	  -1.9218826892992508e-01	   2.4567658971131517e-01	   2.1326980656261138e-01	   2.1108595523684531e-01	   1.6391225338479173e-01	   1.8140569836731657e-01	   2.1788929400604473e-01	   3.1209768488629119e-01	   1.7453238976026414e-01	   5.3356208154642815e-01	  -5.1664142625053977e-02	   3.8116969724429062e-01	   1.6739847441169203e-01	   5.6983272674327679e-02	   1.5824428792664685e-01	   5.9212201100423167e-01	   6.0619719894511015e-01	   2.6624981906455303e-01	   1.4702529891349320e-01	   7.9498899364570969e-02	  -3.4194387345334387e-01	  -1.4839578059211975e-01	   6.4703305097968039e-02	   1.9355710742287391e-01	   5.8397259350301278e-01	   6.2294204583286361e-01	   9.5442355231769554e-02	   2.5444487892544920e-01	   5.2123323707792857e-01	   4.7464940099388425e-01	  -1.2417448019473586e-01	  -5.8887927001255258e-01	   3.1205437229185179e-01	  -2.2767352832133309e-01	  -4.5861447072621464e-01	  -3.4096094671492333e-01	   7.3207310682674193e-02	   2.3966145964038199e-01	   2.6288970715770554e-01	   1.6374636100856688e-01	  -3.1786311440600490e-01	   2.1378786309926290e-01	
   9.0346557472482780e-01	   6.8231986482762130e-01	   1.0489603076051260e-01	  -4.5272353180713909e-01	   3.7783528786452869e-01	   1.6531522821479505e-01	   8.1842500433531029e-01	   2.0341482243675349e-01	   6.7933055353211558e-01	   1.2777747167991654e-01	   7.8009131458563408e-01	   5.2692745620008774e-01	   0.0000000000000000e+00	   7.4983673507534632e-01	   6.6027610032890094e-01	  -2.4711212571393193e-02	   8.1600743436036893e-01	   5.9412320070798252e-01	   8.0871821894533868e-01	   7.7702404585822049e-01	  -4.4308089150217278e-01	  -4.5840497323158436e-01	  -3.3813278058484816e-02	  -3.5389983061507146e-01	  -4.8960103444332093e-01	  -4.9476016527527267e-01	   5.2118336753341786e-02	  -2.5915051954906088e-01	   8.2712734560505896e-01	   3.0390220264470635e-01	  -6.0806473493060142e-01	  -6.6810082341370847e-01	   2.6568613600521462e-01	  -3.5199487178362750e-02	  -5.1484660627470658e-01	  -5.0872892593780827e-01	  -8.3832821476285763e-02	  -4.0103236205557280e-01	  -2.5116854752168855e-01	  -2.2909171445159099e-01	   1.8880674269156372e-01	   2.3597864218865314e-01	   4.8644901181941247e-01	   2.8462845325142294e-01	  -6.2068086397156996e-02	   4.6806754932039979e-02	   4.5668486554367910e-01	   2.4169863316030060e-01	   1.3590559198957194e-01	   6.3066314107142751e-02	  -2.0943081242322522e-02	  -3.1207562789692578e-01	   1.4985828490663863e-01	  -2.1690259332737681e-02	   3.2551457245685755e-01	   2.5219241486559713e-01	   4.0209199840638665e-01	   3.0823637255349295e-01	   6.4009824122355230e-01	   2.6124450425344427e-02	   8.1154822554548744e-01	   8.7322545831239468e-02	   7.8118924091356234e-01	   5.1681795878607406e-01	  -4.1943788531636134e-01	  -5.3042587146207520e-01	  -1.4471465026894975e-01	  -2.5407207603684490e-01	   4.5994012205222590e-01	   1.2671296747935498e-01	  -2.2950491342210530e-01	  -9.4202436359089314e-02	   2.1400221875650483e-01	  -1.0283194933053016e-01	   2.5807714149301669e-01	   6.0958275342649776e-03	   7.0377422722709615e-01	   2.0969137475694472e-01	   3.6210282367608382e-01	   4.3250949366502928e-01	   3.7788462438640152e-01	   2.6093875031096270e-01	   3.9386202780056251e-01	   1.2633975260614780e-01	  -8.9274131138820212e-02	  -1.1353293493677610e-01	  -1.8525087890515776e-01	  -3.0588523746177415e-01	   5.4661896187961001e-01	   4.3358996350008966e-01	   6.4237384973042921e-01	   7.2695154841178666e-01	  -4.4852617372195175e-01	   3.6028478322995006e-01	  -1.0684306170183690e-01	   3.5574241101700918e-02	   2.7106725558262856e-01	   3.4123066310798944e-01	   5.2463165606188866e-01	   7.2922726746918543e-01	  -4.6226734140473036e-01	   5.2258486958776151e-01	  -1.2852546267938153e-01	   6.1774950778348703e-01	  -2.2165997820650341e-01	  -2.3706736975836404e-01	   6.0018414421221578e-02	   2.6896117032344313e-01	  -1.3109021166379961e-01	   8.2264180581222396e-02	   4.7897175401621916e-02	   8.7524980021605456e-02	   4.8675093948245640e-01	  -2.1512389872298421e-01	  -5.7806359466290558e-01	   8.5406440755329258e-02	
