   0.0000000000000000e+00	   7.5753189693295608e-01	   8.4906419837551025e-02	  -1.9241875557044427e-02	   3.6152222390370703e-01	   1.7223799767556530e-01	   3.6889923515399370e-01	   1.5460727277092765e-01	   1.0622657946359018e-01	  -2.2611398788883103e-01	   7.3637053698342536e-01	   5.5683092027887793e-01	   7.2916201457356300e-01	   6.7744216636508758e-01	   4.3393653036694102e-01	   1.4279342703685874e-01	   6.5780801087847540e-01	   5.4057010299921415e-01	   8.2102713673800221e-01	   6.6977631689756234e-01	   3.8445432239469501e-01	   1.1914047042021907e-02	  -2.3150535823376915e-02	   2.8790498747953384e-02	   2.8779698538505977e-01	   3.1118214999923299e-01	   5.0584659697536183e-01	   3.9946333957261815e-01	   6.3065921270048597e-01	   2.8818930408304133e-02	   1.2626092629101476e-01	   9.3056002416554012e-02	   4.2625949209130215e-01	   5.4914630962134237e-01	   3.4176944524832947e-01	   2.6937044421838507e-01	   2.5932014139995518e-01	   3.0335383732961807e-01	   5.1727623275131906e-01	   5.3722353894008779e-01	   4.9552851247717883e-01	   5.9103592505350311e-01	   3.5468588857604766e-01	   1.9258315463449310e-01	   5.4500042143614402e-01	   3.6481138344380981e-01	   1.5722503705186092e-01	   2.0285431842461346e-01	   5.1317902679571270e-01	   2.5318755201775112e-01	   2.5965752437985817e-01	   3.8039124008607295e-01	  -3.3924863262325800e-02	  -1.4150417267231352e-01	   6.8730380849526540e-01	   2.0198098907306988e-01	   6.6374371335239624e-01	   6.0820970657514273e-01	   4.4152417688877915e-01	   4.6277192234955639e-01	   4.3292177941049387e-01	   1.7967709510636107e-01	   6.2206509813023736e-01	   2.2009004011831018e-01	   1.6505245610435665e-01	   4.2805975837075849e-01	   3.2015914490479108e-01	   2.0736772462892017e-01	   7.1229245578432621e-01	   5.6404961447093849e-01	   1.2918199016341875e-01	   7.0182630875894755e-02	   6.4568701713305132e-01	   2.3301349978006045e-01	   6.8773700267142002e-01	   7.2029545297543351e-02	   2.8651951321691643e-01	   5.3655411187489466e-01	   6.6906245086358271e-03	   2.2990603507223503e-01	   6.1798155717907266e-01	   5.5205528630176359e-01	   6.6993744407516242e-01	   2.3921870931824660e-01	   7.9533672293681645e-01	   6.1082253133533848e-01	   4.5239264282679947e-01	   3.7236050935976317e-01	   5.8664661983215494e-01	   3.8816072417063280e-01	  -3.5020431437543331e-01	  -3.9302015236228832e-01	   2.2108579859974165e-01	  -4.5644702280605694e-02	   3.5070426970149138e-01	   4.2958171475140999e-02	   2.3374966099246447e-01	   3.4286528084962109e-01	   5.8950002094665437e-02	   3.5824006633548022e-01	   2.6657611545703408e-01	   2.6169766244203396e-01	   3.8059971917362800e-01	   4.1406341797171953e-01	   1.1748458918540206e-01	  -9.3064159730718021e-02	  -1.3978180610610452e-01	   1.2335194574336175e-01	  -2.0378343754014011e-02	   1.4392782411905186e-01	   4.4209111180849955e-02	   5.2421494587848017e-01	   4.1409836503722375e-01	   3.5957491670270264e-01	   4.5908713393884404e-01	   4.1123181201889358e-01	
   7.5753189693295608e-01	   0.0000000000000000e+00	  -1.7324494517253425e-01	  -3.6093145875045606e-02	   1.3268537489710361e-01	   2.4408410612894160e-01	  -5.3194755330675955e-02	  -3.8198520150707210e-02	  -1.2140795045273249e-01	  -2.0312846277663021e-01	   3.3146741053733719e-01	   4.7388197842790286e-01	   4.3968611045957895e-01	   5.0223242574237803e-01	   3.2602296617667459e-01	   1.2838629283411648e-01	   6.8815741201135394e-01	   8.4117194237275394e-01	   6.3731800089813573e-01	   8.1553882730968108e-01	   2.2242856267762445e-01	  -8.9954241952763012e-02	  -1.2439227674877083e-01	  -8.5681412029826473e-02	   1.6604398722969044e-01	   3.1784783993279553e-01	   2.9948010873523639e-01	   4.4736910310648476e-01	   3.5156164754771480e-01	   3.9827598031262407e-01	   6.0600041564938978e-02	   6.3621780912514317e-02	   3.4347939755285045e-01	   6.4323515542082543e-01	   1.7058459400650089e-01	   2.8837485700017224e-01	   1.0953177395400858e-01	   4.5436435653208151e-01	   2.8619184592100161e-01	   3.0841154473746429e-01	   5.0010135316687732e-01	   5.9195860471004513e-01	   5.5284998978562072e-01	   3.8485905742076171e-01	   6.5954262963311583e-01	   5.6105295483252393e-01	   4.4254330342434073e-01	   2.3344876032395323e-01	   7.9600512712218796e-01	   4.8284152908261319e-01	   5.2365024025654161e-01	   5.3663468054508623e-01	   2.4472754756603063e-01	   1.7085571218096701e-01	   7.8737237814077754e-01	   3.5088805453628230e-01	   7.9138596255699434e-01	   7.9449589994946479e-01	   5.0686787758249141e-01	   4.2631403991712524e-01	   1.7246001408038469e-01	   1.9756854038493324e-02	   5.7020897842964668e-01	   5.0269375626195711e-01	  -1.4351307837686877e-01	   2.8767104084675987e-01	   2.8728645444799000e-01	   3.1737186938656814e-01	   7.0117088902800662e-01	   6.7716750165698802e-01	   2.7012050277105781e-01	   8.1319927531853797e-02	   7.0019996648471694e-01	   3.6642833251294271e-01	   6.9177517447412806e-01	   2.5053164263456051e-01	  -1.1615781868792840e-01	   3.4754757293886779e-01	   2.3847652693624199e-01	   5.9185057662589169e-01	   5.7172945028601030e-01	   7.9795685278991424e-01	   5.4634176733169715e-01	   2.2601123564327230e-01	   5.4717469728333845e-01	   5.6435709412444202e-01	   6.9181339204903924e-01	   4.7784511003109220e-01	   4.3322797798819929e-01	   4.2647748016970982e-01	  -1.1784917268255901e-02	  -2.7034174451588100e-01	   1.8820437933536538e-01	  -1.4384939875439814e-01	   1.0678119700787542e-01	  -8.6588222813906754e-02	   1.7437823496142854e-01	   2.9316005922894489e-01	   3.9097426760061699e-01	   5.6263489143865797e-01	   3.1490525882225862e-01	   1.2296077085994304e-01	   3.7910133066450968e-01	   1.4827152632510782e-01	  -6.0099588071487110e-02	   2.6257553929043657e-02	   3.5853312628918547e-03	   4.8567539471102916e-01	  -1.5776005925649508e-01	   1.1972973845491165e-03	  -1.1475255205656881e-02	   5.5881974556197078e-01	   4.9307188992693540e-01	   3.6186373929143523e-01	   1.8531469020496288e-01	   4.8252352968277468e-01	
   8.4906419837551025e-02	  -1.7324494517253425e-01	   0.0000000000000000e+00	   7.9680206600604198e-01	   1.7753765733052373e-01	   2.5070222659398200e-01	   7.6670690233884620e-01	   4.8445827866479707e-01	   3.3008025930658225e-01	   2.1209444444168901e-01	   1.3443680337708899e-01	  -4.8147151934442918e-02	   2.8163054607432181e-01	   7.2069116126037669e-02	   3.5810499581624822e-01	   6.8021547068467569e-01	  -4.2251632607415823e-01	  -3.6443450029568142e-01	   2.6906489242058867e-01	  -7.9510245319051515e-02	   1.2983129129512094e-01	   4.3765311079009150e-01	   6.3965423550586709e-01	   6.0316405060068878e-01	   3.5163258173955392e-01	   2.2732138257298432e-01	   1.8627509096385772e-01	   4.8253901189597648e-01	   3.3936582820467975e-01	   1.1520249341973611e-01	   5.2942444108370057e-01	   5.9321981934921930e-01	   9.6215551411959185e-02	   1.4207235460224846e-01	   4.1698432848470385e-01	   1.8661933968385575e-01	   2.6000397739564235e-01	   5.3751102343259527e-02	   1.0808926538592975e-01	   2.8459035062879051e-01	  -3.8733863892325537e-01	  -1.0570986712285474e-01	   1.2002753747698189e-01	   5.1135408350776665e-03	   2.6873003369143922e-01	   1.5285870580614341e-01	   4.9026706483339166e-01	   3.2056146074857483e-01	   1.0022516423341882e-01	   1.3334853743180455e-01	   9.7840066128952213e-02	   1.2739697607392325e-01	   2.7718478039077565e-02	  -1.7731787337058999e-01	  -2.6279087608221641e-01	  -8.1721419379387240e-03	   9.8306793478063370e-02	   6.4367096122172118e-02	   8.4047128857131101e-02	   1.7312772906353388e-01	   3.8696530980037891e-01	   1.2932572538252990e-01	  -1.3860798982454592e-02	  -2.2155794772066992e-01	   4.4541558262171699e-01	   3.4194174195613264e-01	   5.2193215737436938e-01	   4.2973223095662005e-01	  -1.2233344100836657e-01	  -7.6277904724873224e-02	   3.4944614895982073e-01	   4.8436151234039310e-01	  -1.8277944511319305e-01	  -2.6906661101097645e-01	  -3.3282792109425308e-01	   2.6704870490729893e-01	   1.0450578784004359e-01	   1.9999318875084832e-01	   4.2874574419186099e-03	   2.2388829773564503e-02	   1.1386446263745970e-01	  -1.0554660650616740e-01	   1.5557876701217827e-01	   2.8230776506884286e-01	   2.9376517383035367e-01	   1.4830678979226608e-01	  -8.0894925406462467e-02	   2.1299573442718017e-01	   2.6207813246247585e-01	   3.5407606012483661e-01	   3.2275675629463008e-01	   2.6509466545588689e-01	   4.6222008964308792e-01	   3.2070808817287334e-02	   4.5702293270756461e-01	   4.9423366937997770e-01	   4.9027350034208372e-01	   2.3563979575963356e-01	  -8.9555070224346181e-02	  -3.0499455870393188e-01	   1.4493239826868767e-01	   1.0568089366803418e-01	   2.4626543128452111e-01	   1.2795813461136352e-01	   3.4048837922796626e-01	  -1.8130005830874221e-01	  -3.5682686128150254e-01	  -2.1260320357419776e-01	   5.1563833571960338e-01	   5.3210929212109759e-01	   3.6045923475465369e-01	   1.2697172663983386e-01	  -1.4537837896342573e-01	   2.3689988394302836e-01	   2.5357708357219078e-01	  -2.1903473669451801e-01	
  -1.9241875557044427e-02	  -3.6093145875045606e-02	   7.9680206600604198e-01	   0.0000000000000000e+00	  -7.5493321105831332e-02	   3.3454567573107674e-01	   6.8414524713897884e-01	   7.4241605808265798e-01	   4.5367225778123366e-01	   4.9372496438642965e-01	   7.7570575574089556e-02	   9.9768683845353714e-02	   2.7966884178392293e-01	   1.0927704708260448e-01	   3.5189494090645840e-01	   5.5690510637558432e-01	  -4.4898144580443933e-01	  -1.8824558623725746e-01	   7.9223060158660166e-02	   5.4279637809449784e-02	  -3.2107725842622759e-01	   3.0000782418655191e-02	   5.5824826160671459e-01	   5.5288654907833257e-01	   2.8861917422811023e-01	   1.2636151466863718e-01	  -1.0324519752876204e-01	   3.9659121281696053e-01	   2.6339498596332755e-01	   2.8514545333947805e-01	   3.3853613123912785e-01	   4.8710068177015148e-01	  -4.5487468873036965e-02	   3.0399584765991655e-01	   4.2050585391304635e-01	   4.1373692828364816e-01	  -2.1502451002446139e-02	   1.1654512913938393e-02	  -1.9856143187897762e-01	   1.3154591411358524e-01	  -6.0373785008491532e-01	  -1.4247728952216976e-01	   2.0738045116548220e-01	  -1.9350857910558149e-02	   2.3913017963030658e-01	   2.0692486351794676e-01	   4.7251160084508237e-01	   2.1025297368777246e-01	   7.1995496574649098e-02	   3.8284751217078267e-01	   2.1028448356610149e-01	   9.4575264926367003e-02	  -8.0222048926604811e-02	  -2.7056453946042419e-01	  -3.1678745834184224e-01	  -1.3362295344813283e-01	  -4.3852493965287918e-02	   1.6927621998519063e-03	   2.4990365531812490e-02	   1.2950325697772880e-01	   3.5670903962292111e-01	   2.9185718715888853e-01	   7.0540068684097623e-03	   4.0566892377970828e-02	   4.5998331538010190e-01	   4.8113237956402827e-01	   6.0136492237961214e-01	   6.8455004641725936e-01	  -2.3067621532203769e-01	  -7.4508237524944952e-03	   5.6256844673864437e-01	   5.9916205458408056e-01	  -2.2287671981439014e-01	  -4.7629170790796378e-02	  -1.3194701880059703e-01	   6.2003222656221180e-01	  -9.3195463016751794e-03	   1.0574412024618610e-01	   2.5061432402673428e-01	   2.6105288579054853e-01	   4.3516120315079759e-02	  -8.3502217239546012e-02	  -1.3116670800380120e-01	   7.9541556688957474e-02	   1.3912457956164320e-01	  -7.4461714483115837e-02	   2.4662673144150879e-01	   1.7012333519188239e-01	   3.0880896183449352e-01	   2.7872164445381775e-01	   4.0682585276794858e-01	   6.9171704993594998e-02	   4.8523748260583782e-01	  -5.1723762915104228e-02	   1.0604215617302383e-01	   1.6034759070972493e-01	   3.9769167921972653e-01	   1.0878626740652927e-02	  -2.4883134535481299e-01	  -4.3324157060078361e-01	   5.5688249418463798e-01	   3.6503483999222985e-01	   4.7112765736095896e-01	   1.3484138542547469e-01	   1.6105783578822144e-01	  -2.1394291077405422e-01	  -3.5564133733589987e-01	  -1.3727417576471584e-01	   2.3343824556199438e-01	   2.4906290180314120e-01	   3.2795199217823523e-01	  -1.6202193272898338e-01	  -4.2895281070073865e-01	   1.0012880621530065e-01	   4.5962629204033358e-02	  -2.3467576812112145e-01	
   3.6152222390370703e-01	   1.3268537489710361e-01	   1.7753765733052373e-01	  -7.5493321105831332e-02	   0.0000000000000000e+00	   7.3953987361725970e-01	   2.4526554817950447e-01	  -1.6390665494512241e-01	   4.6241370691109063e-01	   2.6224057576321991e-01	   2.8589618386212978e-01	   1.5740143220012898e-01	   2.0639387347170568e-01	   2.8443831829113213e-03	   4.2668509199743354e-01	   6.2149841414176921e-01	   2.7099435217265139e-01	   2.3757483475909674e-01	   5.1321783254135245e-01	   3.4277940382658312e-01	   4.2519485894357689e-01	   3.6427876157735412e-01	   3.5145568753281820e-01	   2.6958324631845781e-01	   5.9272995972624420e-01	   6.8600711642557699e-01	   8.8424447524778371e-01	   5.6872109554494232e-01	   8.8044249337188851e-02	   2.7251675134498604e-01	   6.9650927414675501e-01	   6.1361610677130152e-01	   5.3488364897860552e-01	   2.6985571959483051e-01	   1.9371208056578532e-01	  -1.5854757345220297e-02	   5.3391608526997025e-01	   2.9308033411963341e-01	   7.0811878008835116e-01	   5.4256659715957567e-01	   4.2192734644472962e-01	   2.3413602411947648e-01	   2.7308664997097831e-01	   4.2012368830833291e-01	   5.6531049779497855e-01	   4.5284586849697284e-01	   1.5416782445667748e-01	   3.5089513574604259e-01	   2.6142910181995344e-01	  -9.0873042866856268e-02	  -4.6362999290738241e-02	   1.4893917379205618e-01	   4.2147349669464257e-01	   3.6276963147903324e-01	   5.0624160054156442e-01	   6.9198174378548605e-01	   3.3194851112144130e-01	   2.9002108931332127e-01	   3.7857614900881759e-01	   9.0306479349383351e-02	   3.8794507667692857e-01	   1.8978191941985151e-01	   4.9431340149034497e-01	   2.6659229871843509e-01	   3.4630712954519183e-01	   7.2543677244231955e-02	   1.8549121400260724e-01	   1.4507066571766408e-02	   3.6544216968056353e-01	   4.3920779773411800e-01	   2.3638540646488404e-01	   1.1555683704849962e-02	   4.0574810682103568e-01	   1.8985004614867110e-01	   1.1689629188169265e-01	  -5.0766729448218939e-01	   6.4537754883035714e-01	   6.4744659270370741e-01	   1.1025930249351591e-02	  -7.4645654163407547e-03	   3.4711332321700555e-01	   4.3055093362494856e-01	   4.0037728565687603e-01	   3.6310220046635355e-01	   5.6422877608395006e-01	   6.6816375201485845e-01	   1.2298448964791962e-02	   2.5762185700678408e-01	   4.0553777917714529e-01	   5.2503579692962232e-01	  -7.6295043891879463e-03	   2.5281223351564813e-01	  -3.3352920398864283e-01	   8.9052270940361250e-02	   4.5302720109650474e-01	   8.4634290202022594e-02	   1.7426618746990641e-01	   3.4833810543808097e-01	   2.9293403373354576e-01	   4.5614264019620121e-01	  -3.2886445480021514e-01	  -3.5079046735793801e-01	  -5.4080760670133288e-02	  -2.0458698738202349e-01	   3.3907587642327980e-01	   2.0065710832323025e-01	   4.6232799633758359e-01	   3.2197876450783541e-01	   2.0495971578396760e-01	   4.5636595215657726e-03	   2.4482939318393473e-01	   2.3785372542732966e-01	   2.2068812430047630e-01	   3.2196668448670190e-01	   2.6178515956597742e-01	  -1.7762130534845177e-01	
   1.7223799767556530e-01	   2.4408410612894160e-01	   2.5070222659398200e-01	   3.3454567573107674e-01	   7.3953987361725970e-01	   0.0000000000000000e+00	   2.7316317197452888e-01	   9.1673184269206204e-02	   6.7415143671956335e-01	   5.2436668401749098e-01	   4.1411504637056146e-02	   1.3097959528567449e-01	   7.5983898513879988e-02	  -1.4677980820197414e-01	   3.2991786251026922e-01	   7.1120160421450196e-01	   1.2223824177743442e-01	   3.0945307150375234e-01	   2.2195844859884198e-01	   3.2785102468516802e-01	  -4.8772577085456494e-02	   1.1191699322215315e-01	   4.7486159806865713e-01	   3.9514601047836106e-01	   6.9980832974862694e-01	   7.2509868117692389e-01	   6.3234486190514028e-01	   6.6712233332816639e-01	   4.6152072602535468e-02	   6.2852075414262976e-01	   7.6619708807856679e-01	   7.6814940860483594e-01	   2.4095651243826890e-01	   2.6817774040663367e-01	   2.3094572013723347e-01	   3.0730530172883419e-01	   2.5306368169812221e-01	   3.6700257161449057e-01	   3.8429068554971579e-01	   4.2663846166993913e-01	   7.9873648067422268e-02	   2.2159315899660537e-01	   3.6480515961712179e-01	   4.5701173967345743e-01	   6.0396971173943959e-01	   5.2061895488544274e-01	   4.4717194351408163e-01	   4.0157858504460592e-01	   3.2245189314048706e-01	   8.9053660812624627e-02	   8.0939843071470952e-02	   1.7527896954600453e-01	   4.2118503799833723e-01	   3.9711542554481588e-01	   3.9459552032555606e-01	   7.1717576794968774e-01	   2.6670452787384025e-01	   3.0761371004693183e-01	   2.4970954475821500e-01	  -4.1819567592209762e-02	   3.5319900055066938e-01	   2.9486534045309348e-01	   3.5017080611065182e-01	   4.7091619778671712e-01	   3.8916163515401947e-01	   2.7972738608985170e-01	   2.4631672449885889e-01	   2.9540044191801701e-01	   1.0848423201003538e-01	   3.5894514637952890e-01	   5.3135142005277314e-01	   2.0520196587503572e-01	   3.0276788126891058e-01	   3.6377040137017408e-01	   1.1181625508688772e-01	  -6.7362808092625445e-02	   4.5146152529277150e-01	   4.5436709814004128e-01	   3.6502400507068544e-01	   3.0261665541713006e-01	   2.5182567447053383e-01	   4.2439101366273663e-01	   7.9974027109016216e-02	   4.3237596544906087e-01	   3.0595535692538534e-01	   4.4741250951339684e-01	   1.9994141140958138e-01	   2.3788195083546365e-01	   3.1465196880581492e-01	   5.7720852679940149e-01	   2.7952100387921575e-01	   2.9204454991373557e-01	  -1.1971241815815167e-01	  -5.1988024991818635e-02	   2.1065532192408393e-01	  -1.4933003903309300e-01	   2.0361031936114482e-01	   9.6881158205448195e-02	   2.3339242942510172e-01	   3.8337925722353872e-01	   4.6009741682912095e-02	  -2.9214972239469239e-01	   1.7913670273934426e-01	  -3.6724942779224901e-01	   2.2098865016755692e-01	   3.6200541999457814e-01	   5.3509459224464995e-01	   3.7879193211125312e-01	  -1.2951355964625627e-02	  -1.2326661671484029e-01	   2.1388353051632825e-01	   1.8121327600338383e-02	  -1.0988099148355289e-02	   3.3499532533493742e-01	   1.5216599425919142e-01	  -2.7243588263352042e-01	
   3.6889923515399370e-01	  -5.3194755330675955e-02	   7.6670690233884620e-01	   6.8414524713897884e-01	   2.4526554817950447e-01	   2.7316317197452888e-01	   0.0000000000000000e+00	   7.0016946080520104e-01	   6.2096201881699753e-01	   1.9110463067340483e-01	   6.1139882761646158e-01	   3.3034950208828673e-01	   6.0152744980263551e-01	   3.2011072153937248e-01	   3.4385104176812548e-01	   4.2583864282669126e-01	  -1.4135593645921779e-01	  -2.5132085044339003e-01	   3.3135617949671958e-01	   6.3477806090854669e-03	   3.9079987038557043e-02	  -3.5495817205322862e-02	   4.2264287338596285e-01	   4.1087828192058634e-01	   3.2851155887134487e-01	   1.1804885635693420e-01	   1.6987099836933367e-01	   2.6087422000215710e-01	   5.5256422038640407e-01	  -1.4847474908075647e-02	   3.4534214253674922e-01	   3.3958868212072757e-01	   1.7807872112469580e-01	   2.3266622580089213e-01	   4.3101071034426047e-01	   3.3505808833618478e-01	  -8.3968594505293807e-03	  -1.7502074086493605e-01	   1.2011316769133264e-01	   2.9437813189706541e-01	  -3.5145179518963504e-01	  -1.1722082170160861e-01	  -7.9831828701271618e-02	  -1.8305079135824176e-01	   1.5382205551852890e-01	  -4.0224622641659664e-02	   1.0551314491348418e-01	   1.0603760640619825e-02	  -1.1332397790284576e-01	   3.0129774808518184e-02	  -1.3128856881422868e-01	  -3.0513781929941367e-02	  -2.6107025289627717e-01	  -4.9854148985322638e-01	  -1.4174030708111268e-01	  -1.7403265572501800e-01	  -4.0049718385231636e-02	  -9.7912076169324597e-02	  -1.4677390506787055e-02	   1.6391615072987295e-01	   6.9450100754150790e-01	   4.7857328465956139e-01	   2.4511785535037903e-01	  -8.1407291348070260e-02	   7.1250886181219819e-01	   5.8391424412012605e-01	   3.9021851242570393e-01	   3.5568007520741557e-01	  -1.5326288087304960e-01	  -5.8465260566185034e-02	   2.9308676901529401e-01	   3.1556446497265700e-01	  -5.7770414963777404e-02	  -3.3982706304831058e-02	   2.6228556922165840e-02	   2.2320738224727804e-01	   3.8105353397896213e-01	   2.3340055446697339e-01	   4.3929797399370613e-02	  -1.0482690624695319e-01	   1.6143805456116442e-01	  -1.6612852486387328e-01	   1.4285560878648348e-01	   1.7942133432179203e-01	   4.7967693107373999e-01	   1.3378427533101558e-01	   3.8684005198680101e-02	  -3.6519385010018663e-03	   3.6102093370245525e-01	   2.0115169724439461e-01	  -1.1981530854919561e-01	  -1.7971523858214108e-01	   2.9518524968874166e-01	   2.0040435939488260e-02	   2.0674868650607275e-01	   1.3918367361536563e-01	   2.8305459451088888e-01	   2.5260521514709238e-02	  -3.7976878217377258e-01	  -3.3050308115199989e-01	   3.7937406401096108e-01	   3.5980182235623204e-01	   4.2140942067395148e-01	   3.4628416276033952e-01	   3.8204531124882785e-02	  -2.5159919780860968e-01	  -2.3513937022739498e-01	  -3.1311598055998580e-01	   1.7579579258789679e-01	   3.4366473438612333e-01	   1.8123013005869418e-01	  -1.6446397376702676e-01	  -3.2664083636506025e-01	   1.0659432897885229e-01	   3.8918697125589308e-01	  -1.4133304434448135e-01	
   1.5460727277092765e-01	  -3.8198520150707210e-02	   4.8445827866479707e-01	   7.4241605808265798e-01	  -1.6390665494512241e-01	   9.1673184269206204e-02	   7.0016946080520104e-01	   0.0000000000000000e+00	   5.4307474566036862e-01	   5.4998856114335559e-01	   4.8539183708795464e-01	   3.5810131183041993e-01	   4.3780668342777407e-01	   3.7406265412299666e-01	   2.3773653257292149e-01	   2.1074258295713758e-01	  -2.4542347154491279e-01	  -1.1632399599652019e-01	   9.0616717189182627e-02	   6.7222297776444381e-02	  -3.7175596946704303e-01	  -2.5580680013072943e-01	   2.7331185312735023e-01	   3.0082087220670251e-01	  -7.2845469218084546e-02	  -2.7305978012956633e-01	  -2.7811004651986759e-01	   1.5782005415826545e-02	   2.6656894175147444e-01	  -1.2427920198809939e-01	  -6.2818390598645399e-02	   1.2747792191200896e-01	  -1.6020377162913288e-01	   2.7882344020901562e-01	   3.6830902861299020e-01	   4.1695979412567569e-01	  -2.9989262077335221e-01	  -2.3674150275080363e-01	  -2.8640031775696534e-01	   3.0598953212690336e-02	  -5.5456331657874258e-01	  -1.9052999765275616e-01	  -1.0649146749430106e-01	  -3.7043773149284809e-01	  -3.0088736544330474e-02	  -1.1567648448712324e-02	  -2.4200863391277624e-02	  -2.3146322923762697e-01	  -1.4846643836403725e-01	   4.5023473734921504e-01	   1.4371631958350850e-01	  -9.7193933831702578e-02	  -2.7290039994869719e-01	  -4.9736107878627905e-01	  -2.7724420665484223e-01	  -3.7091355485302507e-01	  -2.8464228069672748e-01	  -2.0781357115042742e-01	   1.2306467691958921e-01	   2.6649283215870756e-01	   5.4894904301023062e-01	   6.7683435638104827e-01	   2.0686532212513603e-01	   1.2308342862938093e-01	   6.7048752448494531e-01	   6.4449811768423892e-01	   4.5958069649023137e-01	   5.0822192487259410e-01	  -2.2748842885868242e-01	  -7.7824241541777750e-02	   3.2034374994995490e-01	   3.1229670665765291e-01	  -1.0806578479074161e-01	   1.6137097987971566e-01	   1.6102756476066035e-01	   6.1278525079192114e-01	   1.6248353625716583e-01	   2.1090902476206075e-01	  -7.1736721753259906e-03	  -5.4380499371395663e-02	   1.6926033456003138e-02	  -2.4385703988673296e-01	  -1.9977857015473494e-01	  -1.2067530693691081e-01	   2.2947809505500119e-01	  -2.0285947535912313e-01	   3.3423528961175814e-01	  -1.1475376267722449e-02	   4.5221646265780785e-01	   2.1149714775291412e-01	   2.7817291263701679e-02	  -2.3397199759626133e-01	   4.0290870889503394e-01	   1.4486897545700550e-01	  -1.8387523829942826e-01	  -2.1332902043352669e-01	  -2.8299145247301538e-02	  -3.4845534898217745e-01	  -6.6259646347831536e-01	  -5.6062876288310470e-01	   6.8164076353895586e-01	   7.1436379153730034e-01	   5.3025567405313190e-01	   4.9348977664816218e-01	   1.7225078556880324e-01	  -2.4098974263887624e-01	  -4.8925315625806204e-01	  -4.0380226375316824e-01	  -1.3809249358434261e-01	  -1.9278003762711918e-01	   5.1451681038749461e-02	  -3.0390546430196858e-01	  -5.7203720737997066e-01	  -1.7486591609063021e-01	  -3.5459753823181950e-02	  -3.2051406315240705e-01	
   1.0622657946359018e-01	  -1.2140795045273249e-01	   3.3008025930658225e-01	   4.5367225778123366e-01	   4.6241370691109063e-01	   6.7415143671956335e-01	   6.2096201881699753e-01	   5.4307474566036862e-01	   0.0000000000000000e+00	   6.3862605608312351e-01	   2.8499025827756763e-01	   1.3491164698102676e-01	   2.1379364439232457e-01	  -4.1696642274869494e-02	   1.8470087685790365e-01	   3.5632336185279678e-01	  -2.0709862409767835e-01	  -1.6995168628638674e-01	  -3.6104413653629212e-03	  -8.8312074013502620e-02	  -1.5306928683960486e-01	  -1.2689216259096148e-01	   3.3094178060742474e-01	   3.3075012664930770e-01	   3.6058933319035397e-01	   1.8932116867086946e-01	   2.8765314554795673e-01	   2.2858646976763108e-01	   7.1427663962039964e-02	   1.1518185654519103e-01	   3.8562274593313356e-01	   4.1525915715565198e-01	   2.3333419935384219e-02	  -1.6991284687919054e-02	   1.6353933865707154e-01	   3.1099089998131063e-01	  -9.0736986689924456e-02	   2.4904685870169981e-02	   1.0876686884886566e-01	   2.6534548164353522e-01	  -2.6972110739496857e-01	  -7.9093429412194424e-02	  -1.4827431079723105e-01	  -1.8340449013826379e-02	   8.3400618968871215e-02	  -1.4331708683543208e-02	  -3.0012687997182135e-02	   1.5303610371504597e-02	  -2.5363924654795605e-01	  -8.1574206792431658e-02	  -2.6316181728654725e-01	  -2.4291871344107735e-01	  -2.0625901611628646e-02	  -1.6298416713195496e-01	  -6.5107494057451726e-02	   9.5745491700908042e-02	  -2.7377686370286175e-01	  -1.6002832005366596e-01	  -4.2738629169365681e-02	  -8.8292390896150527e-02	   5.9098557929480533e-01	   7.0947367516670223e-01	   1.1533463754085298e-01	   1.7588086723798302e-01	   7.1658364872648517e-01	   4.7012220611615552e-01	   9.1497575478972110e-02	   1.5054507818302459e-01	  -1.9140413131312259e-01	  -1.3482536103970504e-02	   4.1574017924706519e-01	   2.7557840572521330e-01	  -3.1451092706579760e-02	   2.4066258146196653e-01	  -8.2117464847113159e-02	   4.2362457505533649e-02	   6.3451047864125409e-01	   3.3419244510760732e-01	  -8.3490322533372047e-03	  -2.6440521948786283e-01	  -3.9455102763962649e-02	  -1.8321864242075336e-01	  -1.0978963373352302e-01	   1.9564380326672581e-01	   2.0448671383112937e-01	   6.3881819357255697e-03	   2.4696426825955742e-02	  -2.7872103735627096e-01	   2.1431866929757229e-01	   2.7314886351356965e-01	   3.7804066592315652e-02	   1.1560256835466015e-01	  -1.8417763508194934e-02	   1.2060981300919557e-01	   3.2252983883275493e-02	  -2.6378622626253395e-01	   1.9982859117163979e-02	  -2.6517524791905311e-01	  -3.7212260723984930e-01	  -1.0750235407263212e-01	   2.6739030777875916e-01	   9.7498904998397876e-02	   2.9588998599332611e-01	   6.2374903585924596e-03	   1.3776517993560036e-01	   2.2533386045794679e-01	   3.0957092035679623e-01	  -1.9664137078603264e-01	  -1.4948345986907316e-01	  -1.2564805073164539e-01	   1.0755186137735395e-01	  -3.4931316576961513e-01	  -3.2753599172325620e-01	  -5.3471443397226544e-02	   1.2627475378824937e-01	  -4.9464414985329447e-01	
  -2.2611398788883103e-01	  -2.0312846277663021e-01	   2.1209444444168901e-01	   4.9372496438642965e-01	   2.6224057576321991e-01	   5.2436668401749098e-01	   1.9110463067340483e-01	   5.4998856114335559e-01	   6.3862605608312351e-01	   0.0000000000000000e+00	  -4.9125974301607367e-02	   5.5345171030136656e-02	  -7.8446222495380025e-02	  -5.5820203943212549e-02	   3.7120521919555860e-01	   4.4653233480963433e-01	  -3.8651462544981435e-01	  -4.4915618435522248e-02	  -9.1815779605997447e-02	   3.4971429690405426e-02	  -3.2484597529255860e-01	   9.8009638215556819e-02	   3.4102180796476211e-01	   3.4008948606671685e-01	   8.3148330876449406e-02	   4.8276245635018596e-02	   3.0733070241362723e-02	   1.7899226642880139e-01	  -1.8975216783050147e-01	   2.4110550852367443e-01	   2.7917096136973840e-01	   4.9728165745891567e-01	  -2.7306409016947683e-02	   1.7165364496215618e-01	   8.8422277119776113e-02	   1.1935983478170187e-01	   9.3538662442237033e-02	   7.0883545363694900e-02	  -1.1131967510393186e-01	   6.5948948859469697e-02	  -3.0721811037317914e-01	  -1.8792687321447760e-01	   7.8716492309375913e-02	  -4.0513033896537827e-02	   1.1520060708907427e-01	   2.6458525227157109e-01	   3.4227041099956453e-02	   1.1217875842111187e-02	  -5.4473519031405099e-02	   3.7279309836281904e-01	   9.5239061462581570e-02	  -1.9438240339346174e-01	   2.0358047651561270e-01	   1.4614367902454004e-01	  -2.0955842693870877e-01	   1.0815437693036592e-01	  -3.3626113000532248e-01	  -1.6280325624571018e-01	   2.8969660764839478e-01	   1.3779382986182578e-01	   3.4566731954076857e-01	   5.8908146668670247e-01	   1.2764870634299080e-01	   3.8244025168499962e-01	   4.3075994143643137e-01	   2.0283667098776159e-01	   3.4615468879646594e-01	   3.4756564624408076e-01	  -1.5256616691564312e-01	   7.2963232588962840e-02	   4.2105277085072801e-01	   3.4578902038725529e-01	  -8.7192128987954545e-02	   2.1139852221721586e-01	  -8.1532574984233830e-02	   2.4345841857941419e-01	   4.1166225317900751e-01	   4.6656876426023164e-01	  -1.5738655462694071e-02	  -1.1673729314431957e-02	  -3.3330276010696790e-02	  -3.5868635074495947e-02	  -3.4907137980142533e-01	  -1.0922840783733473e-01	   6.5545424592145851e-02	  -1.3611159692016733e-01	   2.3323837470551112e-01	  -2.6371936377625860e-02	   4.3157986552976524e-01	   3.9716375619783656e-01	   4.8650285249264213e-01	   3.4083383862312744e-01	   5.0691571101445843e-02	   2.6678441265489122e-01	  -1.1831603231883314e-01	  -2.7432420719619494e-01	  -1.1642148590151100e-01	  -2.8906598350302098e-01	  -2.5288242377454251e-01	  -2.1220259934801974e-01	   3.6120931540910367e-01	   2.3608610891123141e-01	   3.3402921704918787e-01	   1.6644492447663140e-02	   4.3654507412616839e-01	   4.1043755048136552e-02	   5.6843280341902350e-02	  -1.9392121097476150e-02	  -3.0675300780184815e-02	  -4.5158300479315272e-01	   1.4531513286500264e-01	  -2.6390493277725602e-01	  -3.8104292680337720e-01	  -7.5454843957697817e-02	  -2.6069415132981755e-01	  -6.2032941303016242e-01	
   7.3637053698342536e-01	   3.3146741053733719e-01	   1.3443680337708899e-01	   7.7570575574089556e-02	   2.8589618386212978e-01	   4.1411504637056146e-02	   6.1139882761646158e-01	   4.8539183708795464e-01	   2.8499025827756763e-01	  -4.9125974301607367e-02	   0.0000000000000000e+00	   7.7312306302344180e-01	   8.1924534969091134e-01	   7.4731097759061915e-01	   3.9236797509647264e-01	   8.6145966336819757e-02	   4.2395962255051484e-01	   2.3200183611938324e-01	   5.9141841716319687e-01	   4.4651716210585496e-01	   1.4470995397429595e-01	  -2.9121777185176390e-01	   6.8114726864513295e-02	   8.3586446164693337e-02	   5.5038455190678001e-02	   9.6950931771969673e-03	   1.6908604973499203e-01	   1.4715588033919457e-02	   5.5854049116063809e-01	  -1.9535360563942231e-01	  -1.4369777416168090e-02	  -7.0005488908647870e-02	   2.9698439517133429e-01	   4.8604030204043169e-01	   4.2823384460358832e-01	   3.4340580023964040e-01	  -9.1033756694644252e-02	  -2.0422648747815245e-01	   2.3189296420947159e-01	   2.8810422211854525e-01	   6.8163448747584052e-02	   9.8474917888871680e-02	  -5.6963340896604389e-02	  -2.4805272466491779e-01	   1.8651831090538779e-01	   7.6446550102977101e-02	  -2.7833388207980159e-01	  -2.3476579992983060e-01	   7.1829056079411466e-02	   1.9522804823376325e-01	   9.9972152941128784e-03	   9.7120804546854525e-02	  -2.9660583638525340e-01	  -4.7574448110147127e-01	   3.8111744838360140e-01	  -1.1783523738596627e-01	   1.4281629299413845e-01	   1.0272593987134288e-01	   3.4113431489321638e-01	   3.5829398201346707e-01	   6.3812388841113110e-01	   4.8257301729713475e-01	   6.7746734451723145e-01	   1.4179280591818730e-01	   5.8395395548611884e-01	   5.5777869396722513e-01	   3.4976352534362110e-01	   2.2833851676799913e-01	   2.4783056909093301e-01	   3.3547416256284412e-01	  -7.4946649050996308e-02	  -1.4613652598511034e-01	   2.9753450413157290e-01	   1.4318772912278935e-01	   5.8998314672939312e-01	  -3.3952545652416219e-02	   4.2233805517959006e-01	   4.2596624181213388e-01	  -6.3046170046647740e-03	  -1.3506691329024843e-02	   2.7591665740517818e-01	   1.3951991143215581e-01	   3.2535618731503935e-01	  -9.0426438823050265e-02	   7.3964182555742175e-01	   3.7683242046055593e-01	   3.9047922814457880e-01	   1.8111424564816025e-01	   6.2868573348767864e-01	   2.4393318678003256e-01	  -4.8385209491350684e-01	  -4.8600321327992857e-01	   9.6447071929587166e-02	   1.9139121306831958e-01	   1.2058011205947655e-02	  -1.4528792025728132e-01	  -4.1975763702613578e-02	   3.8968932538686420e-02	  -3.4257231543180250e-01	  -7.1769859550324777e-02	   3.5012408202703249e-01	   5.6693939699287421e-01	   4.2846095523462474e-01	   6.5400048841048353e-01	  -3.0742318014117295e-02	  -3.1281209916776331e-01	  -2.7420049274431019e-01	  -1.8751093243421257e-01	  -7.1052503833597416e-02	  -9.1023233704005224e-02	  -6.7838167074120409e-02	   7.2557602120139841e-02	  -5.9502380169937599e-02	   3.1783158281290087e-02	   4.0319182642344092e-01	   1.7343234365621746e-01	
   5.5683092027887793e-01	   4.7388197842790286e-01	  -4.8147151934442918e-02	   9.9768683845353714e-02	   1.5740143220012898e-01	   1.3097959528567449e-01	   3.3034950208828673e-01	   3.5810131183041993e-01	   1.3491164698102676e-01	   5.5345171030136656e-02	   7.7312306302344180e-01	   0.0000000000000000e+00	   7.0986845712460811e-01	   8.2278538607197027e-01	   5.2259736091063680e-01	   1.2900959418952779e-01	   3.7782226933519691e-01	   3.5918870283796700e-01	   3.7848748338159410e-01	   5.4606997091247345e-01	  -1.3347670029391939e-01	  -4.3369213567484421e-01	   1.5717200608102125e-01	   2.2478004860757100e-01	   2.0493616570675131e-02	   1.1227406676851256e-01	  -3.0697258243377358e-02	  -8.2514489527512086e-02	   5.3898782132323830e-01	   2.0120038273548679e-01	   1.0012757058902366e-01	   2.9658665417079143e-02	   1.8289243439134686e-01	   5.7388649774746181e-01	   4.2027133201978495e-01	   4.9947397978033770e-01	  -2.3380710466194149e-01	  -1.7080055698527236e-01	  -1.0194419494929532e-01	   5.8776983101943382e-02	  -9.0682591617011865e-02	  -4.3983924605178512e-02	  -1.8753278137515671e-02	  -3.3464199400773559e-01	   2.0472782823440316e-01	   1.8103920024166287e-01	  -2.2440002837255091e-01	  -2.5990653121483309e-01	   2.6217434758131192e-01	   2.6062034498126907e-01	   2.3736996956950977e-02	   7.3718866632929397e-02	  -3.3106311405532185e-01	  -3.3631320411332122e-01	   4.3079270628789840e-01	  -7.9892771816272135e-02	   1.4151796619332793e-01	   2.4970852556983747e-01	   4.3834363031063261e-01	   2.1376129944547481e-01	   4.9130666899102698e-01	   4.0072820791450758e-01	   6.9081054822965338e-01	   3.5452093752286756e-01	   4.1378690389296374e-01	   4.7220581177559395e-01	   4.2601410845400012e-01	   3.4187409615472475e-01	   1.6797650464508668e-01	   4.8982461874850369e-01	  -2.0161046807646832e-01	  -2.5676041186285420e-01	   1.1538727931820186e-01	  -6.9505534409193999e-03	   6.2402340267807932e-01	  -6.4795367978908641e-02	   3.3663830548271073e-01	   3.9342967187539263e-01	   3.6344823267304749e-01	   4.3409110748801560e-01	   1.4413417059700528e-01	   3.2542404331306690e-01	   5.8717882591810724e-02	  -3.4957480889276449e-01	   6.3401912325455001e-01	   3.6337920500779375e-01	   5.8450548410443126e-01	   2.5870063253071479e-01	   7.1200402214461311e-01	   3.7361961981795738e-01	  -1.5474650645508517e-01	  -3.2676849513541628e-01	   1.5046133067351239e-01	   1.8989550030153710e-01	  -2.3752211981704940e-01	  -2.5078861476539294e-01	  -9.0523753141409619e-02	   2.0922439058835285e-02	  -7.7540172808314795e-02	   1.4277079539482093e-03	   4.8689463719893594e-01	   5.3123285269484599e-01	   5.9938841530159481e-01	   6.5286944241856781e-01	  -1.5917124076456660e-01	  -3.4721632500635269e-01	  -2.4841045768543640e-01	  -7.5173239785440243e-02	   8.6572366966422065e-02	  -1.9503271749440523e-01	  -2.7610250558113109e-01	   1.2766596876125469e-01	   8.9168787400430272e-02	   2.2174154883630282e-01	   5.2195719148508235e-01	   3.5444841913863956e-01	
   7.2916201457356300e-01	   4.3968611045957895e-01	   2.8163054607432181e-01	   2.7966884178392293e-01	   2.0639387347170568e-01	   7.5983898513879988e-02	   6.0152744980263551e-01	   4.3780668342777407e-01	   2.1379364439232457e-01	  -7.8446222495380025e-02	   8.1924534969091134e-01	   7.0986845712460811e-01	   0.0000000000000000e+00	   8.4978812708250373e-01	   5.8157574997503336e-01	   2.4860579536719024e-01	   1.9581282823730078e-01	   1.4679529742554248e-01	   6.6430083712781041e-01	   5.6515641085282575e-01	   1.0640307803706114e-01	  -2.6240283422968941e-01	   3.4686337207547774e-01	   3.9274772980845363e-01	   2.7213874416481160e-01	   2.4949219031667991e-01	   1.8824000216141507e-01	   2.7453908770078167e-01	   5.4850657827470184e-01	  -4.3151540570819921e-02	   6.1470848306570559e-03	  -5.4017341953721862e-02	   2.6454954801435471e-01	   6.1911451597333034e-01	   6.8645220145986818e-01	   5.5332401147501942e-01	   2.9274224947248691e-02	   1.0226551066972223e-01	   2.4369981251860440e-01	   4.9069811917345940e-01	  -4.2273737551870916e-02	   2.0342820897659508e-01	   2.5827682754565517e-01	   2.1811991045703902e-02	   3.7987314918496712e-01	   3.0473632490986841e-01	  -1.0759237409186155e-02	   1.3390207121336109e-01	   2.1194381061651213e-01	   2.6788719112600634e-01	   1.7452116521018946e-01	   3.8126038168362220e-01	  -4.1062953079332831e-01	  -6.3503146730653515e-01	   4.1178456401937447e-01	  -1.3895051137502909e-01	   3.5854067843651005e-01	   3.3740923252060168e-01	   2.3721278956535660e-01	   2.0568405336533047e-01	   3.8100690790993164e-01	   1.7129013836880719e-01	   4.3848191819031612e-01	  -1.0445984944484574e-01	   5.0530040019432032e-01	   6.7096913462735119e-01	   6.4142088037696721e-01	   5.6636366484959633e-01	   4.1139832924864483e-01	   5.7766083018798320e-01	   7.5193092949244783e-02	  -1.6165919476753523e-02	   1.2026322478963833e-01	  -1.7910810463637938e-01	   4.7437344075716625e-01	   8.4720275240801599e-02	   1.6714843976168212e-01	   2.8107666212474036e-01	   1.5160663343701372e-01	   1.9596551769148324e-01	   1.2610774730898255e-01	   1.9642978690110835e-01	   4.5418183225112874e-01	  -1.9218556802834127e-01	   7.4675858525325089e-01	   4.7631967541911224e-01	   5.9214086246444320e-01	   4.2878215010515630e-01	   6.5587142338188742e-01	   2.3151816754185561e-01	  -3.1454444352456895e-01	  -4.4881078871587943e-01	   3.6877984183092349e-01	   1.9993104431212169e-01	   2.8881277008092926e-01	   2.4503796888353613e-01	   4.4087042548498478e-01	   4.5554962601735749e-01	  -2.5192524438221825e-01	  -2.3535219913489022e-01	   4.0869458350991361e-01	   6.3567192409412776e-01	   4.4306490245057595e-01	   6.7037314967986028e-01	  -9.0472131974179165e-02	  -3.4718842923557991e-01	  -4.5086543309204863e-01	  -1.5573516196927958e-01	   2.2430885828926977e-01	   2.3308863346767172e-01	   2.4424021899950354e-01	   2.3285526474285329e-01	   6.3734646819468291e-02	  -1.1166848019940131e-02	   3.7727821386086474e-01	   4.4375256938309798e-01	
