   0.0000000000000000e+00	   8.2314533237255505e-01	   6.6002328738067162e-01	   7.9692082474479375e-01	   3.2757202942170072e-01	   2.8014003473750837e-01	   5.0130598022440109e-01	   6.4546657384923845e-01	   1.4113343635941772e-01	   3.0717623895208596e-01	   5.1453310786148854e-01	   5.3892022027576325e-01	   2.3244137635799778e-01	   7.0643488212550465e-01	   2.9970238942174943e-01	   6.4613253142554727e-01	   5.2148895600599610e-01	   4.7883380523467817e-01	   7.3628823643240970e-01	   7.9338140411224334e-01	   6.1673599048627403e-02	   5.1827823691984953e-01	   4.1055017639356661e-01	   5.3326907498897225e-01	   3.0354374660353553e-02	   3.2135274979861805e-01	   2.7227037841147084e-01	   1.5939532249002444e-01	   4.1186134969431087e-01	   4.3703666722252588e-01	   4.0288797523423525e-01	   4.1569784484396138e-01	   7.3197181310712511e-01	   7.4203532167756414e-01	   4.1546964340483689e-01	   4.5033040009651237e-01	  -3.7170342471866358e-01	  -1.0149044581906301e-01	   5.0500827313825547e-01	   6.1034935598196505e-01	   5.6499135056485073e-01	   4.3545236753404948e-01	   2.3301844007865657e-01	  -1.6736796906774573e-01	   2.2990194515177143e-01	   4.5514799471807010e-01	   5.0254422102592411e-01	   6.1652452748798314e-01	   5.3988432261005725e-01	   6.6974281118452206e-01	   5.8379349953725690e-01	   6.4186080124567058e-01	   5.5403800237784195e-01	   6.8519543749449097e-01	   7.4214912750615103e-01	   6.2420463617315247e-01	   8.4054441188467055e-01	   7.9168066832987827e-01	   8.1501305212994302e-01	   7.7349206856875807e-01	   6.7504716576426982e-01	   6.2470279819028796e-01	   4.4107621564420940e-01	   6.3443491528667584e-01	   1.2106866735117944e-01	   5.2701261695354518e-01	   7.5052014853195659e-01	   6.9728784384242670e-01	   6.2218894652125356e-01	   5.0989712895230310e-01	   3.4612223997106001e-01	   4.9333270358406317e-02	  -2.3543696959360177e-02	   6.9598830820180946e-01	   3.5960324491280377e-01	   5.7660524953030423e-01	   3.2740192570442639e-01	   6.8714328174409656e-01	   3.6746818525624536e-01	   3.2401207920693875e-01	   7.0577090792640895e-01	   7.2023390258818987e-01	   5.5425740277665181e-01	   2.0791970362561796e-01	   7.0258468758714265e-01	   7.8260850384214442e-01	   2.7011651863484393e-01	  -1.3857770254477575e-01	   7.6391002973889810e-01	   6.9161518397023303e-01	   8.5306424427464189e-01	  -2.2000061890818068e-01	   6.7482466882038727e-01	   4.9784852316394501e-01	  -2.9107471735975166e-01	  -9.2415958917905092e-02	   3.0981578109837959e-01	   5.2706940615347697e-01	   7.7611597323361137e-01	   7.4853076902307503e-01	   6.1904438474009504e-01	   7.6668626279275220e-01	   5.3535150442997470e-01	   6.0422884434711466e-01	  -7.9888432972696391e-02	  -1.1669472945256353e-02	   5.9609024624648144e-01	   3.0371685016466121e-01	  -1.0376046655695151e-01	  -5.0673575895092471e-01	   5.4657700293794409e-01	   5.3261692573662467e-01	   7.4148298087970121e-01	  -1.6961383747328895e-01	  -1.7546649542460080e-01	  -5.0180236549233825e-01	
   8.2314533237255505e-01	   0.0000000000000000e+00	   6.0882973987975975e-01	   8.5376694486584970e-01	   5.5989640516401717e-01	   5.0683773488341366e-01	   3.7700786333668107e-01	   8.3318718114954327e-01	   2.5971911517412832e-01	   4.5499755748904969e-01	   1.9684932115146939e-01	   6.6482403860012407e-01	  -7.2645503146295018e-02	   8.0678011598883148e-01	   9.5363702266079112e-02	   6.5885095087958501e-01	   5.0258660541769040e-01	   7.0528032777898164e-01	   7.2601168482798983e-01	   9.0580415058528208e-01	   6.4790143120728033e-02	   4.5912178923907310e-01	   1.8777007324111333e-01	   4.9817857731956211e-01	   9.6689542031701589e-02	   3.4619193858066455e-01	   5.4365173844030767e-01	   3.6627327121337555e-01	   1.4279055054735859e-01	   4.5470374737060015e-01	   2.0094647316492256e-01	   3.4026768098099125e-01	   9.1304425962130997e-01	   8.8151739930579187e-01	   2.4864598141733690e-01	   5.6734153057395242e-01	  -3.0283338210941596e-01	  -2.3955583667552000e-01	   3.4518630152952623e-01	   6.8302291068341203e-01	   4.4249094940769063e-01	   5.0567249600320796e-01	   1.5158656739650131e-01	  -2.6672845582459737e-01	   1.7221346178216024e-01	   4.1891078091665107e-01	   6.0688625796024209e-01	   6.6569627428638700e-01	   6.4356130545115209e-01	   7.8090866583910346e-01	   4.6212667759131504e-01	   6.3346432459782287e-01	   7.7813861997696609e-01	   7.7554334301163952e-01	   7.7891784871839165e-01	   7.7165827350828542e-01	   9.2029384244781698e-01	   9.3394558500199598e-01	   7.4769787629486772e-01	   8.4497710661082648e-01	   7.5742900873041719e-01	   7.2668470173021349e-01	   6.3334704035441569e-01	   8.3128786033742563e-01	  -9.9081308789928935e-02	   4.4826116464347715e-01	   7.1669089100613914e-01	   7.1508726491497399e-01	   8.5403620447338380e-01	   7.5312142424148032e-01	   1.3116663159385072e-01	  -3.6143394240116655e-01	  -1.6312998799856674e-03	   7.3557335612287233e-01	   3.0926807916586091e-01	   6.0682148267180769e-01	   1.8164829423028073e-01	   4.6905813505794997e-01	   2.3187520999422317e-01	   3.0092393553764152e-01	   8.8459754417037983e-01	   8.7978858962144946e-01	   4.4375827644733523e-01	   2.4863672205593160e-01	   5.3176140106416170e-01	   8.2952193755549430e-01	   2.7531327657639298e-01	   1.4416579278822048e-02	   8.8266507816590134e-01	   8.5542885983926553e-01	   8.4358294033484160e-01	  -3.2729825271950669e-01	   7.1399031044105055e-01	   3.4029978442558528e-01	  -4.4899794844975216e-01	  -1.1267525958621410e-01	   9.0331842707206622e-02	   5.5916163753725623e-01	   8.8339899387943910e-01	   7.7404190552575491e-01	   7.0880545496937175e-01	   6.5810783344211221e-01	   7.7042485999109378e-01	   6.4482735913391354e-01	   3.0017258740516976e-02	   8.4790488120205509e-02	   3.9998998266385982e-01	   3.0767863307932020e-01	  -2.0714382900443098e-01	  -3.9313430524892845e-01	   4.7353357121536366e-01	   7.1015826479669864e-01	   8.3939641502331952e-01	   2.8675538356246510e-01	  -6.5763372904600464e-03	  -3.6539598095856235e-01	
   6.6002328738067162e-01	   6.0882973987975975e-01	   0.0000000000000000e+00	   7.7838982250895283e-01	   4.9503803887002812e-01	   3.3736570681514438e-01	   7.5614208193839616e-01	   5.8692150294701473e-01	   4.0770880776221929e-01	   1.9854522310475664e-01	   4.5483998708568896e-01	   1.1570275152254995e-01	   1.2043702581722621e-01	   3.8799737417785424e-01	   3.8087702783885513e-01	   6.1773408789890516e-01	   8.7013954891030532e-02	   2.6366784247463643e-01	   8.1704436337537190e-01	   7.8080831211918578e-01	   1.1387810708062393e-01	   5.4870657762639108e-01	   6.9875792226146749e-01	   8.6662824066582722e-01	   5.2683521436673830e-01	   6.9479276694526204e-01	   2.6534347535708885e-01	   2.0229391960138982e-01	  -1.1834473230462750e-01	   8.0782460783576759e-02	   3.2428316889929620e-01	   6.9658958009335592e-01	   7.7150116589828532e-01	   8.1289443382191451e-01	   8.5170747574697603e-01	   7.7511337153937709e-01	   6.7160584606066970e-02	   1.1679847347485964e-02	   3.6266258162051562e-01	   5.1493079722999835e-01	   5.1453831667378225e-01	   6.7242852661252228e-01	   3.5107356145775936e-01	  -1.4124942700784524e-01	   5.8215140995515557e-01	   5.9492468070372884e-01	   7.4492656947509905e-01	   8.0284171221797074e-01	   7.1877844938209701e-01	   6.4541562716524958e-01	   5.1125405894318265e-01	   5.0691742370409099e-01	   6.0015239503078699e-01	   5.9240127330825398e-01	   7.1450810800842446e-01	   7.8013861211179369e-01	   6.9185926970738465e-01	   5.1104103190842443e-01	   6.4968250399401373e-01	   5.7459323191783462e-01	   4.1804336254417962e-01	   4.4363490143642859e-01	   1.9835510388100167e-01	   2.6196782303144406e-01	   3.0415883619692924e-01	   6.4599926118478590e-01	   8.4233993371236981e-01	   6.7408011801488654e-01	   6.4114112176023996e-01	   4.5309006543265196e-01	   4.6278658293696151e-01	  -1.1399644111199830e-01	   1.3930931721041592e-01	   5.0148274396887105e-01	   4.6735282173175574e-01	   6.5462334728324034e-01	   4.7866744962987001e-01	   6.2059487487931442e-01	  -4.8574867352087540e-02	   6.4998702246714980e-03	   5.5519282249360458e-01	   6.4025171277494775e-01	   7.8520057259536857e-01	   4.2682170711955303e-01	   8.7603985131385242e-01	   8.0629860177877877e-01	   6.9048637026699300e-01	   1.3077513590172896e-01	   5.9443349541695112e-01	   6.0400458847355976e-01	   7.8052440033480996e-01	   1.7250513464913247e-01	   6.8956715390565881e-01	   8.3951206501274400e-01	  -3.6888915245638532e-01	  -4.4455704235770921e-01	   1.4648425058362505e-01	   4.6200343666793531e-01	   7.3760910217160069e-01	   8.5207201183113546e-01	   3.5432775103734060e-01	   8.8495616224096540e-01	   3.9003790835762520e-01	   7.2342594493938917e-01	  -3.4103410908879073e-01	  -4.2244087330068714e-01	   6.3525511243497745e-01	   1.9128267520559239e-01	  -1.0685007180797618e-01	  -5.2153653400254818e-01	   6.0535414410557087e-01	   6.5406276073539016e-01	   5.7242663628231794e-01	  -2.5896446424527259e-01	  -4.0232823168150439e-01	  -6.8973513821239452e-01	
   7.9692082474479375e-01	   8.5376694486584970e-01	   7.7838982250895283e-01	   0.0000000000000000e+00	   5.2859099496083062e-01	   4.2716052098517987e-01	   4.8248326797548680e-01	   7.8962366355715319e-01	   1.9301065122650604e-01	   3.2628106785887578e-01	   3.2850586903218792e-01	   4.3477260011244923e-01	  -1.9100937496589324e-02	   6.3024521730366412e-01	   1.0790515878178450e-01	   6.7478183812448833e-01	   1.7273199516618115e-01	   3.4067663229842021e-01	   8.3403253351631479e-01	   9.3369674756297538e-01	  -1.3727947947548313e-01	   4.9894682245758770e-01	   5.3186469377274359e-01	   8.2117916651797407e-01	   4.3501521464413723e-01	   5.9211721878052992e-01	   4.2041684953687541e-01	   2.3796122958987953e-01	  -1.0606640452426394e-01	   2.1630998194845258e-01	   3.6929080006412207e-01	   5.1276162986589391e-01	   8.7890514589376156e-01	   8.5358111372620615e-01	   6.2125830519242231e-01	   7.8002052199545524e-01	  -3.5965725651008712e-01	  -3.4082275357088310e-01	   1.9307006772457175e-01	   5.6099794820030691e-01	   3.9026109468436798e-01	   4.8483668755064802e-01	   5.5073049298548182e-01	   3.4594193540550155e-02	   5.2427195953798733e-01	   7.1730757237603227e-01	   7.7092687908836899e-01	   8.2614418362218134e-01	   7.8827719867788981e-01	   8.9799270174579693e-01	   6.3029345967023920e-01	   8.1566449331547575e-01	   7.7844431797774138e-01	   8.0096678002682431e-01	   8.2803387477354251e-01	   8.6774998523906266e-01	   9.0099291800158532e-01	   7.8024553962338827e-01	   6.8073982858804249e-01	   8.4880304188271505e-01	   5.6444680253871793e-01	   5.1489440811281595e-01	   2.8429348528741794e-01	   4.9446101602227643e-01	   1.3142495189727732e-01	   6.4870565844141026e-01	   9.2844836395062058e-01	   9.0782386637475176e-01	   8.5378734289206171e-01	   7.7235504869436511e-01	   3.5256026729360290e-01	  -2.6729103798493531e-01	  -1.2059322565328931e-01	   6.3468349758869680e-01	   3.5889149444201529e-01	   5.6124502560667699e-01	   2.5876061879169526e-01	   5.0146214060132754e-01	  -1.0215250455881397e-01	  -4.4952241162336190e-03	   6.5718746854558696e-01	   7.3971327295347922e-01	   4.7703316985200195e-01	   2.5630470689863477e-01	   6.8056739337733707e-01	   9.1196774199814601e-01	   3.5849581196063907e-01	  -8.8565816845662532e-02	   7.2032669702377294e-01	   7.8408300705664846e-01	   9.0674509016699956e-01	  -9.6085873388664533e-02	   8.7257610602348823e-01	   5.4739350205374548e-01	  -5.5541571746494267e-01	  -2.3241639067741135e-01	   1.0793864619054303e-01	   5.7993098234304741e-01	   9.4283701010902066e-01	   8.7350116794076738e-01	   6.3854800379534660e-01	   7.9572804664224406e-01	   6.3678008317213608e-01	   6.4004389586005817e-01	  -5.9926316990513137e-02	  -1.5574214131791841e-01	   4.1814218113404011e-01	   2.0721829999161123e-01	  -2.0128310155436835e-01	  -4.0488994161191577e-01	   4.7230799296642373e-01	   8.2529925254707681e-01	   8.5020716250550787e-01	   1.8361345674745479e-02	  -2.5038644388148029e-01	  -4.7872046446799776e-01	
   3.2757202942170072e-01	   5.5989640516401717e-01	   4.9503803887002812e-01	   5.2859099496083062e-01	   0.0000000000000000e+00	   9.2595669993402874e-01	   4.2060803413439801e-01	   7.7882618225806699e-01	   6.9773698482080726e-01	   7.2536650952409720e-01	  -1.5491153945261435e-01	   2.2097024300624790e-01	  -2.6186544070972323e-01	   3.4324958450246928e-01	  -3.7113529203715030e-02	   6.5502906046959497e-01	   8.2266876253603224e-02	   4.5711960549031005e-01	   6.5643672478051984e-01	   5.7988278471142896e-01	   3.7354493236573461e-01	   4.2732147790993469e-01	  -8.4576444930368769e-02	   3.8754303369941223e-01	   4.0812822852064903e-02	   4.2390167796041706e-01	   5.9526505538314545e-01	   1.9993690977691347e-01	  -1.4383097692206603e-01	   4.5419521800437468e-01	   1.7302034041728070e-01	   2.1391195120835990e-01	   7.2949007642874919e-01	   6.3435594800382777e-01	   1.5882065921982311e-01	   2.8346428788847150e-01	   6.7640554811846165e-02	   2.3065658065618555e-01	   3.2051813549113856e-01	   5.9278941903210725e-01	   5.8610252875081148e-01	   7.4756631761717673e-01	  -6.0749385396466370e-02	  -3.6488135920378961e-01	  -7.1866223673159452e-02	   1.9370601042986632e-01	   3.5540003559687289e-01	   4.0814089810967857e-01	   4.3655730859606651e-01	   4.6985482987650040e-01	  -1.5798715943422612e-01	   1.4815816173480217e-01	   6.2463554923254472e-01	   4.7373151589357315e-01	   4.0946465598148357e-01	   4.2843937798867848e-01	   4.5443275387217213e-01	   4.4239075781513904e-01	   5.6178816009918853e-01	   3.9243028068585961e-01	   6.6030684839350640e-01	   6.0071773807238704e-01	   5.1150315192559348e-01	   4.0927179324982216e-01	  -1.7283566870059111e-01	   4.3517541393984560e-01	   3.8558413745524900e-01	   3.0934633300854275e-01	   6.4126616161542538e-01	   4.8171993256720924e-01	   1.7313838857638683e-01	  -5.5085914562685988e-02	   3.0660681883507351e-01	   7.4450747542924367e-01	   4.4201984330181776e-01	   6.5349201708186333e-01	   5.9094411910817712e-01	   5.3043224747313089e-01	  -5.9369392609559618e-02	   1.1258579436369447e-01	   6.2570458363174597e-01	   6.4520063330270627e-01	   3.1206842931086803e-01	   4.6335330135268787e-01	   2.0149317841788397e-01	   3.3573602967142085e-01	   8.2326516569719954e-02	   3.9016036736517129e-02	   3.2574419449077791e-01	   2.5148251446498393e-01	   5.5846520563411806e-01	  -3.6510199996553788e-01	   5.2208340296224676e-01	   4.5112162414445911e-01	  -4.2486746778931500e-01	  -5.6309173664345735e-01	  -5.1464943443729164e-02	   3.9714268825441090e-01	   5.2705204830703978e-01	   7.1563090002171514e-01	   7.4635118008052082e-01	   6.0236759043069354e-01	   6.4672262348692844e-01	   6.7765291614640621e-01	   7.8715144573774737e-02	   6.0371058500012315e-02	   3.0424269439751933e-01	   3.7511381140457328e-01	  -3.1010818691193742e-01	  -5.6230477454218819e-01	   6.1674828494937517e-01	   5.4597229263152447e-01	   4.6411772140707047e-01	   2.0049331783078364e-01	  -2.7883271520654956e-01	  -4.7190099545710840e-01	
   2.8014003473750837e-01	   5.0683773488341366e-01	   3.3736570681514438e-01	   4.2716052098517987e-01	   9.2595669993402874e-01	   0.0000000000000000e+00	   2.4867035141796090e-01	   6.8820001614690030e-01	   6.3976827859718755e-01	   7.9114751657295113e-01	  -3.9420430868505096e-01	   8.5719050943597191e-02	  -3.9098701292853755e-01	   2.4550396221680035e-01	  -4.7344060975936901e-02	   6.9188466860393749e-01	   2.9752030224936041e-02	   4.8720545079422140e-01	   6.6334045929938978e-01	   5.2913666091232081e-01	   4.2484758719903670e-01	   3.1296267416137330e-01	  -2.4145787889254242e-01	   2.7964133527984752e-01	  -7.1644223057017731e-02	   4.0995430546612072e-01	   5.6281815562387882e-01	   3.2890004271425416e-01	  -1.0945787029930329e-01	   5.9414111060661901e-01	   3.3170266431380924e-01	   2.5860676579175407e-01	   6.4036487325246938e-01	   5.3301739317440255e-01	  -1.9011915644714883e-02	   5.6893773863020837e-02	  -4.1393633907524818e-02	   2.1560205417646278e-01	   3.3789924749422928e-01	   5.3840543444571831e-01	   4.5447748661479836e-01	   5.9185954680535258e-01	  -1.3663630384204289e-01	  -3.9727790559708098e-01	  -1.8539246463323944e-01	   1.1804558802072868e-01	   2.1158602976684693e-01	   2.3984144969420051e-01	   3.8753767060685917e-01	   3.9148798485887415e-01	  -1.2728613150941059e-01	   8.8017344550008425e-02	   4.7830528156214008e-01	   3.6704505324978698e-01	   1.8921353337040558e-01	   2.4376508571802491e-01	   3.4434997057684713e-01	   3.4190245090982324e-01	   5.3664313786194362e-01	   3.0030222075105684e-01	   6.5239708633561999e-01	   5.1591927916713398e-01	   5.7208062911149304e-01	   3.8029026710014713e-01	  -1.0569666603983030e-01	   3.7147442756864368e-01	   2.4205887608048529e-01	   1.5520085903616412e-01	   5.4298629160144185e-01	   3.7865272193499683e-01	   1.6274656162958784e-01	   2.3419603752670506e-02	   4.8819296300717357e-01	   7.6100340941725197e-01	   5.7252751925150869e-01	   7.0149897908644610e-01	   5.5891085979133825e-01	   4.6245465677193343e-01	  -6.2219875710155831e-02	   3.1904889869585062e-01	   5.3410353118191045e-01	   5.8780229324689404e-01	   1.1318586483324172e-01	   3.5818728661121857e-01	   8.7902065151090614e-02	   2.6973257247576898e-01	  -9.6577642033173428e-02	   1.4804437651204719e-01	   2.5908868743936342e-01	   1.6330773975699683e-01	   4.1536492635308775e-01	  -5.1270036835821897e-01	   3.9144310997952869e-01	   2.3141360779484355e-01	  -2.3089146318239107e-01	  -3.6054551192971057e-01	   5.7054019683851339e-03	   3.9657873530903986e-01	   4.3342872475245314e-01	   5.9445501327450956e-01	   7.9372471675901501e-01	   4.9140244543556139e-01	   7.6998782181252701e-01	   7.2895117717041247e-01	   1.7015764442170986e-01	   2.5931560072433091e-01	   1.8326978027823326e-01	   4.9904208823665591e-01	  -8.3087768796450190e-02	  -4.6793362602504196e-01	   4.1252435888561056e-01	   4.2523968459893369e-01	   2.9005012822237042e-01	   2.6782595236938361e-01	  -2.7286636920867295e-02	  -2.6479389478783089e-01	
   5.0130598022440109e-01	   3.7700786333668107e-01	   7.5614208193839616e-01	   4.8248326797548680e-01	   4.2060803413439801e-01	   2.4867035141796090e-01	   0.0000000000000000e+00	   5.3006001729796304e-01	   6.0824475177952630e-01	   3.3323544488802453e-01	   6.0088043333790908e-01	  -1.1065578844752844e-02	   4.3891334163752016e-01	   6.8107685318976693e-02	   4.0510946519642110e-01	   3.1618325946222264e-01	   3.1052082121979285e-01	   1.3770868569151912e-01	   5.7027411221542335e-01	   4.8404188045580643e-01	   2.6115008671207063e-01	   4.3001895293585413e-01	   5.8305923973521379e-01	   5.8444887209226248e-01	   1.6292519236984349e-01	   1.9103179285659483e-01	   3.6717846040701073e-02	   7.1694971959123804e-02	   1.3459660409070645e-01	   1.2125983867525683e-01	  -9.9111587117735444e-03	   3.4927422213682102e-01	   5.3232747259418756e-01	   5.2722982372829863e-01	   5.6862705045425999e-01	   4.3984076116024212e-01	   1.8955646771857101e-01	   6.0128314146844594e-02	   2.5061197855729395e-01	   1.3885203247494668e-01	   6.7588536564385404e-01	   4.3185226725198800e-01	   1.3814837598095545e-01	  -2.6778048916487440e-01	   3.6691946707188938e-01	   2.2553928720861138e-01	   6.4196826999026357e-01	   6.0528929716841973e-01	   4.1586648104768109e-01	   3.1697449760942487e-01	   2.7866649950853611e-01	   2.2236245440921279e-01	   4.9061322250965822e-01	   5.1613880766119180e-01	   5.4305172715131844e-01	   4.3488827862650659e-01	   3.2362893239190416e-01	   2.3815974631062950e-01	   5.4259178766823268e-01	   1.7968851281176698e-01	   5.2545491858239135e-01	   3.6236685766506394e-01	   3.2247605609228303e-01	   1.2263643239320768e-01	   3.0757752464857502e-01	   4.3677232401604721e-01	   4.9093090885458179e-01	   3.2941552121637802e-01	   3.9048342851574230e-01	   2.5384219186860646e-01	   1.4024618329431943e-01	   1.9535724900225948e-01	   3.5502817943819642e-01	   5.0407391191036144e-01	   5.7771215671276122e-01	   3.3320008570241710e-01	   6.1358800655136247e-01	   6.4164001991032427e-01	  -9.1267189511926500e-02	   1.5966025092323144e-01	   5.3805050247716069e-01	   4.2001447054122287e-01	   7.3582530453480133e-01	   4.4038415327072206e-01	   5.7225978924932575e-01	   3.8762315459085778e-01	   3.4451272880137174e-01	   3.3301586189245302e-01	   4.2772494692535090e-01	   4.2143535011809952e-01	   7.1539623309541700e-01	   9.1196393956836749e-02	   6.6936572599155064e-01	   9.3052863414482045e-01	  -4.9874363114187359e-01	  -7.6122345777347489e-01	  -2.1480463498187358e-01	  -5.5299444161518260e-02	   5.5531619788658459e-01	   6.7512910423957551e-01	   2.5642600767107560e-01	   7.0912338761107807e-01	   8.6754549200148995e-02	   5.2681632568310455e-01	  -3.7187907930632375e-01	  -3.1525941280638259e-01	   3.0947937140077497e-01	  -1.0561434743417739e-01	  -4.0093197185749546e-01	  -7.5249711075676329e-01	   5.4324286990035420e-01	   3.5722113605380335e-01	   4.5868593307911948e-01	  -3.8162741091393804e-01	  -4.3375160530900925e-01	  -6.0245422382815716e-01	
   6.4546657384923845e-01	   8.3318718114954327e-01	   5.8692150294701473e-01	   7.8962366355715319e-01	   7.7882618225806699e-01	   6.8820001614690030e-01	   5.3006001729796304e-01	   0.0000000000000000e+00	   4.8572402090634270e-01	   6.4022275390703332e-01	   2.0793885833992987e-01	   4.6503581455648119e-01	  -1.3179243445133526e-01	   5.5976829979797138e-01	  -1.7764660218550812e-01	   5.1414208701527175e-01	   4.3117043440382397e-01	   6.1865220170836333e-01	   7.7929645139644776e-01	   7.8336550771643942e-01	  -2.7543322487417789e-02	   3.4092846938865673e-01	   1.1060314674433397e-01	   4.8135130737231568e-01	   5.3281213856481761e-02	   3.2997429193212957e-01	   4.3934595340048765e-01	   5.4191408451099800e-02	   8.8605777534267835e-02	   5.5001275343638190e-01	   4.6200106429956336e-04	   2.1569705853916646e-01	   8.8683688251030768e-01	   8.4769470826717463e-01	   2.7947001979340463e-01	   5.4508225612193928e-01	  -7.6866516442463229e-02	  -5.3889087798008939e-02	   7.2333835032132227e-02	   5.6359470115556953e-01	   5.3748935542272602e-01	   6.1150692603509726e-01	   1.7701771049782458e-01	  -2.9391144331006974e-01	   1.1020611529613911e-01	   4.1336086287637197e-01	   6.3523363755797257e-01	   6.0360876201536140e-01	   6.2966149093768764e-01	   7.7417916010295107e-01	   2.5145486570002690e-01	   5.7002191599859464e-01	   7.2837001905165388e-01	   6.3982578736863482e-01	   6.2027194862672497e-01	   5.9800511297447834e-01	   7.0416108516904707e-01	   6.8403029609190913e-01	   7.2617053439933577e-01	   6.1884858539392373e-01	   8.7597296653825363e-01	   8.2313768866848291e-01	   6.7568770282562896e-01	   6.8262905109118277e-01	  -1.4524015666474354e-02	   6.3150815216969947e-01	   5.9826081817976373e-01	   5.6367443280828899e-01	   7.5319106631111732e-01	   6.0983476837005157e-01	   2.8889472745748623e-01	  -1.1996198272860911e-01	   1.1816454876351358e-01	   8.1513936077858107e-01	   4.2300008605285377e-01	   6.1250428679608271e-01	   4.7073527157876682e-01	   5.2726234116661663e-01	   1.5351502713334608e-02	   2.5312093283508352e-01	   7.8114296648093517e-01	   8.1945856226192493e-01	   2.8183274658574098e-01	   2.2757367345948498e-01	   3.3736545133439716e-01	   6.0146451605201312e-01	   9.5773895767318887e-02	  -5.9258476983791816e-02	   5.9568972359378525e-01	   5.6676291610065377e-01	   8.0901370574821252e-01	  -4.4393483525074717e-01	   7.9400373574973937e-01	   5.0587748570012903e-01	  -5.8324790930026427e-01	  -4.4678815783489323e-01	  -6.6145170808864812e-02	   4.8733696927115155e-01	   8.7250392056690151e-01	   8.5723854029149738e-01	   7.7558772220510419e-01	   7.3216984613654934e-01	   6.8936628009742140e-01	   6.7709359140668735e-01	  -8.1466250572794954e-02	  -5.6038679236696531e-02	   2.2335827485337684e-01	   1.7456739052800027e-01	  -2.8358811383745980e-01	  -5.2068359273707843e-01	   5.6468652089265592e-01	   7.8389553961624414e-01	   8.4991300829574057e-01	   2.8229243856145492e-01	  -2.3931126068018238e-01	  -4.9373987895838184e-01	
   1.4113343635941772e-01	   2.5971911517412832e-01	   4.0770880776221929e-01	   1.9301065122650604e-01	   6.9773698482080726e-01	   6.3976827859718755e-01	   6.0824475177952630e-01	   4.8572402090634270e-01	   0.0000000000000000e+00	   8.0651600741333218e-01	   1.8582798902790548e-02	  -4.7636086665131055e-02	   8.2505667962760876e-02	  -6.0507169795457772e-03	   3.1875036761088327e-01	   4.0737679141692862e-01	   2.6400859300280238e-01	   3.5708832195671053e-01	   4.2227966915818815e-01	   2.3845319013081223e-01	   4.7371302591511377e-01	   2.8608704001285401e-01	   6.5076958505553617e-02	   3.0372110470053204e-01	   6.7060332659856933e-02	   2.9168566701759918e-01	   4.8279313618511233e-01	   2.5112276518760107e-01	   2.0074258688709146e-01	   4.9669387532447956e-01	   2.4785277523959801e-02	   1.4466736494000057e-01	   3.5703455720262878e-01	   3.3915374529947573e-01	   1.0319233667573774e-01	   6.6555843683901023e-02	   3.4378268953533853e-01	   2.2928427220963249e-01	   3.1574724035528057e-01	   1.9651662031966372e-01	   6.5144343904610125e-01	   4.4461249542491893e-01	  -1.2106423680614442e-01	  -2.3597934815220062e-01	  -4.8115032914204563e-03	  -6.2991168716922424e-02	   3.3183397508134782e-01	   3.1115233232883577e-01	   2.8845731477673592e-01	   1.6025524110139427e-01	  -3.1537368191594958e-02	   2.0019400034106356e-02	   4.2007171898115409e-01	   2.6189331610425132e-01	   1.3462504037290768e-01	   9.9490535302770827e-02	   1.5690628000622137e-01	   1.4288313976879199e-01	   5.5526232930205599e-01	   7.9507058674281830e-02	   5.9029203306701283e-01	   4.0776327408802671e-01	   5.0430900950226665e-01	   2.1056159690706397e-01	   3.1386733427661129e-01	   3.8534722775103192e-01	   1.7480843222494868e-01	  -2.1918541479835907e-02	   2.8533932570583465e-01	   4.9344615011207918e-02	   3.5477321175369947e-02	   1.2058092626847708e-01	   4.8037292136560122e-01	   5.5326264719122742e-01	   5.2905427729948018e-01	   3.5969695407403968e-01	   5.9023317562798705e-01	   5.7409318913880214e-01	   4.8095200860182874e-02	   2.2582204226248542e-01	   4.0373442044438779e-01	   2.6522970876815360e-01	   3.1973807963511297e-01	   1.5688716695337404e-01	   2.4664446494976103e-01	   1.3133542036476253e-01	   1.7760541371089338e-02	   2.6815490962631566e-01	   2.7498976463781155e-01	   1.3316629935485028e-01	   3.5646185984147982e-01	  -1.0701143298492043e-01	   4.2859307503666522e-01	   5.7287892551203168e-01	  -1.6124066073659987e-01	  -5.6759157274838956e-01	  -3.9961469894860102e-01	  -1.1864405744360168e-01	   2.0870791345710080e-01	   3.8528317528729816e-01	   5.1177701399652276e-01	   5.5237402193862306e-01	   3.5700774654455680e-01	   6.2767073031578835e-01	   1.6994977368481773e-01	   2.6707539091111354e-01	   1.7472247972238136e-01	   4.3969031449498419e-01	  -1.6782206930660776e-01	  -4.4551114478201659e-01	   3.5993175475814748e-01	   3.7821738860536372e-02	   1.2997608153612891e-01	   3.5597045967615239e-02	  -1.8465088538006638e-01	  -1.9666385860680891e-01	
   3.0717623895208596e-01	   4.5499755748904969e-01	   1.9854522310475664e-01	   3.2628106785887578e-01	   7.2536650952409720e-01	   7.9114751657295113e-01	   3.3323544488802453e-01	   6.4022275390703332e-01	   8.0651600741333218e-01	   0.0000000000000000e+00	  -1.6367877184526766e-01	   1.7371140804111013e-01	  -1.0317468721600043e-01	   1.6958472127084873e-01	   4.9869461881696921e-02	   5.0225304341685317e-01	   3.2822973909600961e-01	   4.9809266404905306e-01	   5.0193157319796811e-01	   3.6232375325274646e-01	   3.1189122274358932e-01	   1.6273641196906519e-01	  -1.5620991342155413e-01	   2.1224675938614357e-01	  -9.5374316605420228e-02	   1.9494668499719092e-01	   6.0668452136635043e-01	   2.8691586882844189e-01	   2.9895711858597518e-01	   8.0526375064223354e-01	   1.5374751466679690e-01	   4.9585616679103340e-03	   4.4963776898770313e-01	   3.7530397983685226e-01	  -1.3970866403780854e-01	  -6.0785150367595436e-02	  -9.9879776013627311e-02	   3.6488035039361516e-02	   2.6329984870372924e-01	   2.4524941699942387e-01	   5.5610917830890527e-01	   3.2116517861247995e-01	  -4.5299561135564007e-02	  -1.9810687190834389e-01	  -1.9714902882551241e-01	  -4.2909018321470531e-02	   1.7505377780098030e-01	   1.6275874573493881e-01	   2.9227476870496394e-01	   2.8973987352890551e-01	   5.9452173579879898e-02	   2.0951382472966504e-01	   4.1060501582176601e-01	   3.7608571848043720e-01	   1.0018505162272076e-01	   4.0671855694875039e-02	   2.9001697577817465e-01	   3.2350405806290417e-01	   6.3922369393256484e-01	   2.5970369665618026e-01	   7.6061110003941912e-01	   4.8891332042137137e-01	   6.5884928497373774e-01	   4.2497295128608414e-01	   1.7543569974183643e-01	   3.5080936761416104e-01	   1.8918152449420164e-01	   6.5397191053147175e-02	   4.2021432150800503e-01	   2.2431611351378161e-01	   1.1526387886690592e-02	   6.8692865303472170e-02	   4.2116269716468835e-01	   7.7229453861758146e-01	   5.3929243195728149e-01	   4.1504831267646025e-01	   4.0883801304786305e-01	   4.9081581256104662e-01	   4.4066924898920876e-02	   4.2430942759026213e-01	   4.8462756906856574e-01	   3.7640344576329410e-01	  -2.9176189279690257e-03	  -5.9503619403641572e-02	   4.2948626850470489e-02	   1.8844713794531093e-01	  -3.1790620907446171e-01	   7.0561409429090449e-02	   3.4183251062158410e-01	   2.0773815075787083e-01	   4.0168622813771182e-01	  -4.7044734654898679e-01	   5.0931459720973238e-01	   2.5867822362020537e-01	  -2.0147471455792901e-01	  -3.2664170243327401e-01	  -3.7223267975998076e-01	   1.0771577287428495e-02	   3.3456536960712679e-01	   3.8004503889104368e-01	   8.2266704107199717e-01	   4.9902238037565461e-01	   6.0273929925588110e-01	   6.5451382499558985e-01	   3.2552357092434758e-01	   5.1768480600445099e-01	  -1.7771427005305731e-02	   5.4956302497308351e-01	  -6.0092656923668844e-02	  -4.0670902099458361e-01	   1.8261059440387123e-01	   1.2513004020256432e-01	   3.0412769448444565e-01	   2.1708197890608968e-01	  -1.7958336486030547e-03	   3.8516213261896803e-02	
   5.1453310786148854e-01	   1.9684932115146939e-01	   4.5483998708568896e-01	   3.2850586903218792e-01	  -1.5491153945261435e-01	  -3.9420430868505096e-01	   6.0088043333790908e-01	   2.0793885833992987e-01	   1.8582798902790548e-02	  -1.6367877184526766e-01	   0.0000000000000000e+00	   3.4558256179166141e-01	   7.3415448240671421e-01	   2.7111760224609538e-01	   2.8934901318652417e-01	  -5.0021140997452369e-02	   4.4654522810006414e-01	  -1.0857454896406860e-01	   1.5991503910231911e-01	   1.6773670384802425e-01	  -2.3061983713659562e-01	   3.0013884350468850e-01	   6.6232061341055615e-01	   3.3472040607422615e-01	   1.8387403718376580e-01	  -2.6858855483919957e-02	  -1.2948455552576868e-01	  -3.9741882315552157e-01	   4.1627573878122215e-01	  -1.0122499006455693e-01	  -1.7077063239917606e-01	  -3.0855951283971162e-02	   1.5592540886198161e-01	   2.2727137974510758e-01	   5.3582708078265706e-01	   4.3250585117431506e-01	   4.7499931015931002e-02	   1.1022131428334241e-02	   6.2583407137956348e-02	   9.8393397076939365e-02	   4.0025439813339947e-01	   1.3508711151767938e-01	   3.8175253742180448e-01	   2.0708635925818064e-01	   3.6478159689666156e-01	   2.7842629436781985e-01	   4.3471461389715316e-01	   4.7111745225036883e-01	   1.6807500208090964e-01	   2.5893564302511840e-01	   3.7310004618370207e-01	   4.2426896313762713e-01	   2.1490821659858955e-01	   3.4076342494775569e-01	   5.4703449593586106e-01	   3.3849440790898805e-01	   3.2536253740038046e-01	   2.7615646918949532e-01	   3.3107259223610813e-01	   2.7631814351282913e-01	   2.0198418703856147e-01	   2.6136622036088342e-01	  -8.9440645323306645e-02	   1.0170095422346510e-01	   2.8470838105165475e-01	   3.5457752537165732e-01	   4.7081043109397114e-01	   4.3980787448492986e-01	   1.1547701075533139e-01	   9.1862514403273893e-02	   2.6542588790798205e-01	   2.2280503211710473e-01	  -3.8454468683493609e-01	   1.4194270927486158e-01	  -1.2786521034735399e-01	  -1.1749652772901442e-01	   2.1169854680823275e-01	   4.7581123256253838e-01	   2.4520849710373160e-01	  -1.9037035710735833e-01	   1.8625113892217815e-01	   8.7264872694875262e-02	   5.2236773024111416e-01	   2.2853993135401873e-02	   5.3813729626945028e-01	   3.0147516393616086e-01	   3.8438579760585667e-01	  -2.9199200990580298e-01	   3.4512038093468189e-01	   2.9629844580944942e-01	   5.0743228391929540e-01	   3.5348309642977738e-01	   4.4461289254500613e-01	   6.5824153916505868e-01	  -3.3413546187290782e-01	  -2.8412449955843117e-01	   4.1677561251099969e-03	  -3.1819308752846615e-03	   3.2436815285896331e-01	   3.1197978752335104e-01	  -1.3546598287705203e-02	   4.5967216013627926e-01	  -3.0639510391054781e-01	  -4.0840022269511909e-02	  -2.5745697657918243e-01	  -3.7992508391161317e-01	   3.5897613643378773e-01	  -2.7908007896491860e-01	  -3.1502080064111559e-01	  -2.9735785263235809e-01	   4.3320668755977598e-01	   1.6017747880438832e-01	   4.9514119477392338e-01	  -4.6771381448304250e-01	  -5.8551910145924924e-01	  -5.0817929028678999e-01	
   5.3892022027576325e-01	   6.6482403860012407e-01	   1.1570275152254995e-01	   4.3477260011244923e-01	   2.2097024300624790e-01	   8.5719050943597191e-02	  -1.1065578844752844e-02	   4.6503581455648119e-01	  -4.7636086665131055e-02	   1.7371140804111013e-01	   3.4558256179166141e-01	   0.0000000000000000e+00	   2.3394733741837448e-01	   8.5344905754612199e-01	  -2.2988901511075278e-02	   2.6849614901125612e-01	   6.0594099897679565e-01	   4.3764098355312409e-01	   1.1930429049194041e-01	   3.7941241619244692e-01	  -7.2098122887316554e-02	   3.3518284203518617e-01	  -1.8973735524537461e-02	   1.5809548033718125e-02	  -5.1258917107863268e-02	  -9.7372730006344305e-02	   5.6502463794546265e-01	  -2.8167762981560790e-02	   3.1539635391625065e-01	   2.2801825085831839e-01	  -1.1386581467462645e-01	  -3.3529602999908115e-01	   4.3692525800499460e-01	   3.8543185884616127e-01	  -9.9257050129861094e-02	   2.8563344092405890e-01	  -3.1880095550221621e-01	  -1.2647842798980541e-01	   2.6233011919550486e-01	   5.5605014234909411e-01	   2.9964760602504342e-01	   2.5979626426979963e-01	   7.6958135202021577e-02	   3.0564113787610453e-02	  -1.6078374529129166e-01	   7.7593945183139057e-02	   1.5651619723471699e-01	   2.9671803796782292e-01	   1.1732405448199984e-01	   3.8644147674752249e-01	   7.6521548983817148e-02	   4.1703957184373808e-01	   4.6407939904019596e-01	   5.5860526948531719e-01	   6.5284182197881480e-01	   4.7945773863475627e-01	   6.6747903274606157e-01	   8.1836858280356883e-01	   3.9084031969173660e-01	   6.7056367308719000e-01	   4.2505148056489639e-01	   5.3187760898924330e-01	   2.8228699005272651e-01	   7.2200166772885388e-01	  -4.0913962852302310e-01	   5.5317854550606123e-02	   4.0542179909346171e-01	   5.3484515796811605e-01	   5.3595246156843046e-01	   5.6746956998499698e-01	  -9.6572505003852421e-02	  -3.1969502394300997e-01	  -5.4149065095473592e-01	   4.1409520691407642e-01	  -4.2548457797156308e-01	   4.5314518827235431e-02	  -1.6873257722481250e-01	   2.6724396146237850e-01	   5.1012250139361648e-01	  -5.6478440593684606e-02	   5.8127831186104340e-01	   4.5182944927233437e-01	   2.3316164048960675e-01	   1.3337195630844028e-02	   1.8934369075387628e-01	   4.0292740288948864e-01	   1.8549607175782373e-01	  -4.4035066642349385e-01	   6.6015121498907137e-01	   5.3985315875218376e-01	   4.9577989041136733e-01	  -7.7300756495325640e-02	   3.4944567188792908e-01	   2.8782768400867256e-02	  -4.1387217617694594e-01	   9.2478970594117235e-02	   3.7191286970477876e-02	   3.0171011697427663e-01	   4.0436516436356174e-01	   2.6111964983419717e-01	   4.7278529607722586e-01	   2.0970839499472163e-01	   2.9210585063961891e-01	  -9.5050350841187209e-03	   2.7223038283413326e-01	   1.8170578630534928e-01	   2.6146814339135632e-01	   1.0611213830597266e-01	  -3.7212979450839445e-01	  -1.1085588876094034e-01	   3.9277825359484442e-01	   2.8992238954706750e-01	   6.9306952598335747e-01	   2.8671488610693552e-01	  -1.9230410427265410e-01	  -1.6369328616639872e-01	
   2.3244137635799778e-01	  -7.2645503146295018e-02	   1.2043702581722621e-01	  -1.9100937496589324e-02	  -2.6186544070972323e-01	  -3.9098701292853755e-01	   4.3891334163752016e-01	  -1.3179243445133526e-01	   8.2505667962760876e-02	  -1.0317468721600043e-01	   7.3415448240671421e-01	   2.3394733741837448e-01	   0.0000000000000000e+00	  -1.8162562788059479e-02	   5.6262474709204668e-01	  -5.7147051427395124e-02	   3.3453780219244078e-01	  -3.6433626236135003e-01	  -1.0818857129439848e-01	  -1.8046032411256613e-01	   1.4953654509536959e-01	   4.0079680085903990e-01	   5.3023787909632303e-01	   1.0293680193686550e-01	   7.5826625443323109e-02	  -2.4781467953495376e-01	   7.0942980153798109e-03	  -1.9452667011978567e-01	   4.0365405697163370e-01	  -2.0053064737965004e-01	  -6.2622814853152492e-02	  -2.9280215435243317e-01	  -1.8693791743700716e-01	  -2.4255890003324801e-01	   1.4608620815457529e-01	  -5.2343760019852387e-02	  -3.6967107733127086e-02	   6.1502342097736015e-02	   2.6590074098623362e-01	  -1.1608602125404285e-01	   3.9387640005168278e-01	  -1.3393049027719284e-01	   1.7462016418599036e-01	   2.6006887516776767e-01	   3.8771597629989066e-02	  -2.1818717638111371e-01	   1.0826297138742554e-01	   1.6661355786088611e-01	  -2.9632237107511639e-01	  -2.0651024261291598e-01	   8.5762208363625428e-02	   7.4991683616735610e-02	  -1.7718221550564741e-03	   2.8911223196075558e-01	   2.9139014959189724e-01	   1.7289422222073719e-02	  -2.0574286935012502e-02	   1.5677238647090679e-02	   1.6411909425766785e-01	   3.0676966275287553e-02	   1.5939071011768113e-02	  -1.3189366873969313e-01	  -2.1115541359576404e-01	  -2.0834066365144949e-01	   2.3537174901605251e-01	  -8.7890361085253069e-02	   1.4240430347585453e-01	   1.1228171361047561e-01	  -1.4012987685076711e-01	  -6.5906386908712727e-02	  -1.1369243573718975e-01	   3.9512409494828404e-01	  -2.4074036645854396e-01	   8.4995507615221927e-02	  -1.6919409440983138e-01	  -4.0983799641276247e-01	   1.8796692299922962e-01	   4.5241573071892310e-01	   2.2290432618192760e-01	  -2.0531750733795404e-01	  -2.4696365503274031e-02	  -2.9163925243058486e-01	   4.4275209472794308e-01	   1.2145414233633273e-01	   2.8759020538403635e-01	  -1.9993067248793045e-02	   1.5137501344319382e-01	  -5.9109975537634763e-03	   2.4989651556147308e-01	   1.1819828569369405e-01	   2.5765294518966336e-01	   4.1902614282902068e-01	   1.4251919907750116e-01	   4.1868994519570457e-01	  -2.9660336095709294e-01	  -2.6477467904663737e-01	  -2.4753029572344520e-01	  -4.2400260080428220e-01	  -7.9869685784882849e-02	  -6.6718481996868875e-02	  -3.4206272160151853e-02	   1.2513648604147926e-01	  -3.8679025544188400e-01	  -2.3431356065131492e-01	   7.9211879812034730e-02	   2.0140282567331257e-02	   9.6306321165985920e-02	  -2.4965505015006911e-01	  -3.3635440085217866e-01	  -3.0541851061704128e-01	   2.3044292170355388e-01	  -3.5572875665863612e-01	   6.9816990042982335e-02	  -6.3117313898123295e-01	  -5.0415643471884930e-01	  -1.7425370436703128e-01	
