   0.0000000000000000e+00	   9.4353413108127837e-01	   8.5956807088653320e-01	   9.2339792724379866e-01	   8.8592201636720314e-01	   8.6026422994062590e-01	   8.9469547962678631e-01	   9.2268248291210564e-01	   9.0596728340433863e-01	   7.0275405270305102e-01	   9.7699714925949066e-01	   9.3611097444586155e-01	   9.4185000942589903e-01	   9.0248711093010092e-01	   7.4732029038301429e-01	   8.4523372422430931e-01	   7.7180099483304798e-01	   7.4307723253517743e-01	   9.4523242914307981e-01	   8.4949144692236611e-01	   7.7387042604448464e-01	   4.4360326085850726e-01	   8.5321570066617392e-01	   9.0402149445289548e-01	   6.8405822705641495e-01	   8.2670021495016222e-01	   7.2041526531515476e-01	   7.2570246084969559e-01	   8.1471816406634257e-01	   6.8964845003652864e-01	   7.9602580557281699e-01	   8.9657741788752410e-01	   9.1214683312847522e-01	   9.2934814387758535e-01	   8.3625467243346785e-01	   7.2172300618824892e-01	  -3.6465361287012210e-01	   3.6628640868810858e-01	   5.3996757703190867e-01	   3.3443273671589258e-01	   3.4554579867030294e-01	  -5.4142636680622316e-02	   4.8266131471111429e-01	   5.2290674225417055e-01	   3.6877284040689351e-01	   5.4310925599134530e-01	   8.0982101656600036e-01	   7.6734218706554858e-01	  -3.0104097993689561e-02	   6.2771774489997756e-01	   6.0239627700365672e-01	   8.3180579067450466e-01	   7.8870653930970491e-01	   8.5476548949901499e-01	   7.8064964632578593e-01	   9.0366112968806067e-01	   7.0204314036258697e-01	   8.6170963024193314e-01	   1.9742470999959530e-01	   5.0700271281559883e-01	   9.3357902369545220e-01	   7.5293808520375949e-01	   8.3529188688389677e-01	   7.3458874135645535e-01	   8.5138737825558730e-01	   8.1341403586582184e-01	   7.8510934224526263e-01	   7.7284045394046863e-01	   7.6955996042495933e-01	   6.0860370489533211e-01	   8.4147850619469344e-01	  -3.4150730784517754e-02	   8.7707859742653260e-01	   8.8155461085890119e-01	   8.4628422283970339e-01	   1.8279189080133029e-01	   8.0842710955293784e-01	   6.9314675581009033e-01	   3.9588700359845824e-01	   8.2070206788606825e-01	   7.4361837386947671e-01	   8.4622676051569945e-01	   5.8780801128076965e-01	   5.6788052945178391e-01	   8.2343183314964996e-01	   8.8155019520495592e-01	   3.7032654017586769e-01	   5.1374951070781272e-01	   8.6837205661174888e-01	   7.5414069697017250e-01	   4.4163532758998975e-01	   1.7589528598191090e-01	   6.7246166189105061e-01	   5.3350193319667705e-01	   5.5612618790960536e-02	  -9.6631303587923711e-02	   8.3834809647839825e-01	   6.6474159901673990e-01	   8.3261990659942198e-01	   8.2898818453026735e-01	   6.8473511782132346e-01	   4.7616608284686618e-01	   5.3942577603451725e-02	   1.8379250424775537e-01	   4.4218905262284736e-01	   7.1311777230792828e-01	   3.9617255078954622e-01	  -4.2910173521778117e-01	  -1.4762527550002877e-01	   4.3090799284397591e-01	   9.1255744596221744e-01	   7.4242068043572962e-01	   5.9185780916741304e-01	   5.8817758204657078e-01	   6.0661255710288309e-01	   6.6814668585646597e-01	
   9.4353413108127837e-01	   0.0000000000000000e+00	   7.4649073670313548e-01	   8.9642090400644725e-01	   8.6355472280884471e-01	   8.9325433427062084e-01	   7.7725532043776546e-01	   9.0405387563496886e-01	   8.6110046783280114e-01	   6.8257037865557657e-01	   9.1867810467976452e-01	   9.5243984031403639e-01	   8.9607277512314920e-01	   9.0709419832730442e-01	   6.9542518819300858e-01	   8.3520119341738996e-01	   8.7428820555700826e-01	   8.3383853834780708e-01	   8.5744060693567392e-01	   8.1305378045262544e-01	   7.5582405061473534e-01	   6.0799600092890493e-01	   7.8958020416601837e-01	   8.6165817921973897e-01	   7.2904468272121448e-01	   8.6744338552816525e-01	   7.7746450931851008e-01	   8.0211229847089782e-01	   8.8012775276264210e-01	   8.0276162377295945e-01	   8.3709127634604308e-01	   9.1711718137252529e-01	   9.3257548829301440e-01	   9.3078391170549923e-01	   8.1265436642188815e-01	   7.3624863969221299e-01	  -4.3874235845761000e-01	   2.5294103760406172e-01	   5.9002307562021261e-01	   4.2478225231909245e-01	   4.3350930154118106e-01	   1.6956185219361597e-01	   4.0729286035043044e-01	   4.3163360431889258e-01	   2.9503749906875620e-01	   4.8340277068542087e-01	   7.4326397141600864e-01	   6.6962440909456300e-01	  -8.9048078108974527e-02	   6.0695824414851973e-01	   5.9258719700297946e-01	   8.3813419730339200e-01	   8.6124919115992149e-01	   7.9163593781371477e-01	   7.2380196064888280e-01	   8.4438853823279159e-01	   8.3305377518150681e-01	   9.5479481938657351e-01	   2.7271044674192096e-01	   5.1155971466340511e-01	   8.9464769419000800e-01	   7.2026748815432007e-01	   7.7986611684008478e-01	   7.6171873007067870e-01	   8.0847288159978348e-01	   8.1014004672511097e-01	   8.1411931740604782e-01	   7.9765067629683895e-01	   8.8604060548698271e-01	   6.9476036425058341e-01	   7.7853465091245444e-01	  -1.1134717035278846e-01	   7.9920351711642135e-01	   8.4428130353603725e-01	   8.3206674453778307e-01	   2.7871557805027047e-01	   7.4939814667719928e-01	   6.7615545605610716e-01	   5.5822002486881039e-01	   9.4151151968296887e-01	   8.6570306307861622e-01	   9.5722818174604440e-01	   6.3782486630166302e-01	   7.4154684920663372e-01	   8.4548818191022379e-01	   9.6575263649341969e-01	   4.2904157995907521e-01	   6.3399328914917485e-01	   8.3347510498981559e-01	   7.9682757136311344e-01	   2.8145806531083289e-01	  -4.3121405272683988e-02	   4.5513384336440998e-01	   3.1955979292667608e-01	  -1.2084118791688830e-02	  -9.2337591161098131e-02	   7.7277179394131945e-01	   6.6430134343641678e-01	   7.3793402805014585e-01	   7.0516225473571148e-01	   5.3580497701530549e-01	   2.9365800025573618e-01	   2.8211564381406453e-03	   6.8591597640921625e-02	   5.2698016722573160e-01	   6.7023956293432518e-01	   5.1254088538493836e-01	  -4.4034271295349192e-01	  -2.2998479516141979e-01	   3.1248650822850893e-01	   8.2023307472021356e-01	   6.2118754665716736e-01	   3.8437446953700805e-01	   4.2682257466194340e-01	   5.4047819548751141e-01	   7.1102502301164971e-01	
   8.5956807088653320e-01	   7.4649073670313548e-01	   0.0000000000000000e+00	   7.7333015130564209e-01	   9.4529538902000942e-01	   7.3546557310330052e-01	   9.8788855180470159e-01	   7.0260477705365765e-01	   9.1189440872718075e-01	   5.5344153410942587e-01	   8.4898053677713248e-01	   6.7938604141614078e-01	   8.9439766828568179e-01	   6.6435589351132562e-01	   8.7312732946943949e-01	   7.1468682971446362e-01	   4.6166963336242228e-01	   4.2745210667818895e-01	   9.0274005888697229e-01	   6.1295177790443434e-01	   6.7845610849470761e-01	   3.3600270247868075e-01	   9.5683724648013113e-01	   9.2347558367530658e-01	   7.9121447646553933e-01	   8.6082269146127210e-01	   7.4934580307498777e-01	   6.8834873898020010e-01	   5.2297158081241113e-01	   3.1871746576216281e-01	   7.7851895372324453e-01	   8.1012576014214022e-01	   7.8963621183434141e-01	   8.1127214707480588e-01	   8.8633458004832899e-01	   6.5425330150886474e-01	  -2.1433746067882270e-01	   3.2663518540194608e-01	   6.1476517629158223e-01	   3.6824721664389271e-01	   1.3745832848473510e-01	  -2.2178406672926587e-01	   4.6670826178516522e-01	   5.8221002506788155e-01	   3.3171815280247641e-01	   4.2703174804536792e-01	   7.4208100323167991e-01	   7.2790809489240982e-01	   1.0280027870578268e-01	   5.8803663550032637e-01	   6.4734274530497760e-01	   6.4591440684965473e-01	   7.1661461768119039e-01	   8.5909240621521743e-01	   7.3636776339847620e-01	   7.4037414104710908e-01	   3.7368452676359620e-01	   6.3911849721166747e-01	  -1.1468897053336449e-01	   2.5394365599714142e-01	   7.5604291243461663e-01	   5.1316503409852454e-01	   5.9267573175474375e-01	   4.3782097690122834e-01	   8.9030686096209255e-01	   5.7520106312569785e-01	   6.2400769205534368e-01	   5.5368734886789639e-01	   5.7504107666079129e-01	   2.6555951352955554e-01	   7.0028709706105885e-01	  -7.2240300015792042e-02	   7.0971327743060009e-01	   6.9974179459352936e-01	   7.1565295418865882e-01	   7.2063524023838449e-02	   7.6422280667094333e-01	   5.2397320819595694e-01	   5.1280244069693628e-02	   5.8721889273411720e-01	   4.4432621155970287e-01	   5.7263153419183843e-01	   7.0394885213698166e-01	   4.3475644635675081e-01	   8.0204032110714141e-01	   6.6403601960380321e-01	   3.9614696119376103e-01	   4.1422370917534407e-01	   8.9135971644006562e-01	   5.1285161763466014e-01	   4.9538925218004681e-01	   3.2617669155728202e-01	   7.2447295596889716e-01	   8.1083233940414634e-01	   1.4778503821757266e-01	  -4.5600248782679646e-03	   8.0763701709959757e-01	   6.3840851440815150e-01	   7.6114673233313646e-01	   7.5678149312069798e-01	   5.7457452949148113e-01	   7.1280193824437943e-01	   2.6567077046542979e-02	   1.0147677944482260e-01	   3.7750123389003121e-01	   7.3962944291327437e-01	   1.3798717260183077e-01	  -3.6391473545854119e-01	   4.8086353649219524e-02	   6.2888944491130605e-01	   8.7790032698419151e-01	   8.1246665863664891e-01	   7.1454336303921329e-01	   6.3944610829521920e-01	   5.8692361097420509e-01	   6.4485993798272245e-01	
   9.2339792724379866e-01	   8.9642090400644725e-01	   7.7333015130564209e-01	   0.0000000000000000e+00	   7.8444734412116213e-01	   9.1795386515220134e-01	   8.2398739768657903e-01	   9.5891550457686514e-01	   8.7444015221007954e-01	   8.5324651339546631e-01	   9.3479723686471283e-01	   9.3108245002887036e-01	   8.2263167971564444e-01	   8.3231623036207214e-01	   6.9541252171368617e-01	   9.3634840399281605e-01	   7.1655800451689378e-01	   6.5470339885031070e-01	   8.7603015813289431e-01	   7.9222784243610778e-01	   6.4990896012365917e-01	   2.7743143505532053e-01	   7.7624343001671869e-01	   9.1080320895042521e-01	   5.6129219666621033e-01	   7.7821753538615557e-01	   6.0298365854987968e-01	   6.6944065716376866e-01	   7.1029047552306235e-01	   6.3331538540983567e-01	   7.4547668544354295e-01	   8.7316317515914732e-01	   8.4028254270131875e-01	   8.9399581434406339e-01	   8.1742979418943484e-01	   8.2917860113454456e-01	  -2.5517341321962139e-01	   2.1447268867191699e-01	   5.0000714996801643e-01	   2.8928985466157642e-01	   4.0108002357064498e-01	  -1.7185253412348556e-01	   4.2687154790190152e-01	   5.1029117516833566e-01	   4.8711124913232906e-01	   6.4552032348782684e-01	   8.1088002034793427e-01	   7.5196409381730012e-01	   8.2692725920357646e-02	   7.6654077814682875e-01	   5.7810783180358605e-01	   8.6044791491777350e-01	   7.2291912775407663e-01	   7.5157004001094863e-01	   7.6586774386195722e-01	   8.6227343255083755e-01	   7.0953894505463033e-01	   8.8967540576388360e-01	   3.8699761367349678e-01	   7.2774912658729141e-01	   9.4258333502657843e-01	   8.7713932929751848e-01	   8.2631047600443419e-01	   7.4900134402142116e-01	   7.9712295064533145e-01	   8.8034757675854669e-01	   8.6396653961456615e-01	   8.6150999903207648e-01	   8.1519246518703936e-01	   6.8954533616663605e-01	   7.5608621918576202e-01	  -1.0929062947494546e-01	   7.9159263729191076e-01	   8.3473145631841605e-01	   7.5181000510584550e-01	   2.7538681500973095e-01	   7.8642403981442777e-01	   5.7657573368235360e-01	   3.8366090366458860e-01	   7.8387292747627846e-01	   7.3935281636785399e-01	   8.4280223164720591e-01	   5.5980369786150486e-01	   5.2034102198699683e-01	   7.8965534141263727e-01	   8.5199780002161685e-01	   4.3769680842155900e-01	   4.0353085178436165e-01	   8.7202365896925960e-01	   8.5803352907974795e-01	   4.5213042249471036e-01	   2.1520494225994721e-01	   7.3585656358692964e-01	   5.0492994698827220e-01	   1.1855503929360134e-01	   1.5557164374347726e-03	   8.5769236347873901e-01	   7.6610683168192795e-01	   8.3873423650389556e-01	   8.1815433113028724e-01	   7.7713690854676576e-01	   4.9334159816285617e-01	   1.3487498242456933e-01	   2.5677864024569252e-01	   4.2155863704323671e-01	   7.2428843396958054e-01	   2.7876459424183891e-01	  -5.6479929130611917e-01	  -1.3114328173175055e-01	   3.8478995748214501e-01	   9.1015222258550299e-01	   7.9712673719283422e-01	   6.6900400039543784e-01	   6.8677177739593331e-01	   5.4418310764022038e-01	   5.5894296404936139e-01	
   8.8592201636720314e-01	   8.6355472280884471e-01	   9.4529538902000942e-01	   7.8444734412116213e-01	   0.0000000000000000e+00	   8.2133978870653479e-01	   9.3036006860799447e-01	   7.2957852134315271e-01	   9.3172407464305629e-01	   5.5841001565221859e-01	   8.6151656075458449e-01	   7.5361104172249260e-01	   9.3129815627260681e-01	   7.4254820060850357e-01	   8.7792836760169946e-01	   7.4383763690312987e-01	   6.2587545904267095e-01	   5.6524130237258696e-01	   8.8657534214816791e-01	   6.4414920389977182e-01	   6.9129086171375465e-01	   5.2426343933011543e-01	   9.3775870073908496e-01	   9.1315200912172012e-01	   8.8876025672745440e-01	   9.4227122867902646e-01	   8.8827524415218351e-01	   8.3853542130774983e-01	   6.3881490175980327e-01	   4.7533212471194897e-01	   8.4429029767154562e-01	   8.5594849732602740e-01	   8.5718321845412226e-01	   8.6013184431525125e-01	   8.9321446941818039e-01	   6.5527683056107422e-01	  -3.5194075703509442e-01	   2.9483054390190183e-01	   6.7228201129272747e-01	   4.5817261741430443e-01	   1.9976456184080754e-01	  -3.9156750504991483e-02	   4.3234435209651945e-01	   5.2336915838878295e-01	   2.7466894435539724e-01	   3.7723843625749859e-01	   7.2770987709490353e-01	   6.8571850170060067e-01	   5.8593014393094500e-02	   6.1126492203856508e-01	   6.8816686717433107e-01	   7.0897715060976485e-01	   8.5804784753182139e-01	   8.8078725233846611e-01	   7.2917569692766504e-01	   7.6119686734299929e-01	   5.6906848252224784e-01	   7.7005293195404767e-01	  -5.0809627293703211e-02	   2.4939129377918651e-01	   7.6510547738473211e-01	   4.9168246040230462e-01	   6.0077805396388306e-01	   5.0812832564772636e-01	   9.0437659507152779e-01	   6.0544701836241188e-01	   6.7890652254245631e-01	   5.9690898358477140e-01	   7.3709341937189010e-01	   3.9505553985462549e-01	   6.9908611149074784e-01	  -1.3271419867739992e-01	   7.0067535995872521e-01	   7.3570856984497324e-01	   7.6967713959469575e-01	   1.5005987804072632e-01	   7.3959966969736768e-01	   5.4524311720821705e-01	   2.0826432598784639e-01	   7.6301391031366905e-01	   6.2719646158328257e-01	   7.3935492372500000e-01	   7.6188847408678595e-01	   6.1973843069185386e-01	   8.6730921699854602e-01	   8.0043812523027658e-01	   4.5058900269797308e-01	   6.0155421584920565e-01	   8.9214560077181471e-01	   5.8052287524612622e-01	   3.8806077139380790e-01	   1.1402427244847360e-01	   5.5583541386656810e-01	   6.4289092449299678e-01	   1.9635952020111772e-02	  -6.6346929164516136e-02	   7.6035303621047867e-01	   6.4250812211010866e-01	   7.1889205245994292e-01	   6.9245942448439113e-01	   4.4388284309970666e-01	   5.3936049313807444e-01	  -4.0786718090075245e-02	  -3.7054431210978315e-03	   4.8045887574344315e-01	   7.6241970798626757e-01	   3.2649769361739411e-01	  -3.3576918469761263e-01	  -8.7350736170501694e-02	   4.8269435170715513e-01	   8.2612698766236603e-01	   7.1153706576810594e-01	   5.4075267565726792e-01	   4.9137672935273691e-01	   5.7744666774787878e-01	   7.5120312556317748e-01	
   8.6026422994062590e-01	   8.9325433427062084e-01	   7.3546557310330052e-01	   9.1795386515220134e-01	   8.2133978870653479e-01	   0.0000000000000000e+00	   7.7938471438570867e-01	   8.9228324592772224e-01	   8.1733632708252202e-01	   7.3289352403376173e-01	   8.4460194877781647e-01	   8.6530680057804121e-01	   8.1270914212599887e-01	   8.2470194239084049e-01	   6.3989045503060682e-01	   8.3795632643207685e-01	   7.6461431129681234e-01	   6.5126178336027418e-01	   8.0485404290227114e-01	   7.3063978226725512e-01	   6.0040570383594949e-01	   3.9919370699409851e-01	   7.2248041195135970e-01	   8.4560847971659525e-01	   6.0790240794716555e-01	   7.9262199000648159e-01	   7.5436091474479205e-01	   8.5333813645075685e-01	   6.9810434925161025e-01	   6.3343885813673328e-01	   7.8969907985385457e-01	   8.4932211816928938e-01	   8.5970736011124171e-01	   8.9799150693057195e-01	   7.8574137954772905e-01	   7.6827767631133892e-01	  -2.0110794453319122e-01	   3.1106416836083878e-01	   6.3843706418222534e-01	   4.5390744942019534e-01	   4.6443467849765030e-01	  -1.0039150987177631e-01	   4.1045162857340978e-01	   5.5260506695016476e-01	   5.2497718040553509e-01	   6.5424305196573351e-01	   7.8372701593696803e-01	   7.4929133691744410e-01	   1.7691108564633706e-01	   7.7498200657438621e-01	   6.1513265426925690e-01	   8.2590589333410125e-01	   7.4759574275631635e-01	   7.1321818638813861e-01	   7.9156469817614417e-01	   8.4937622525917544e-01	   7.6432115709498494e-01	   8.7234118429484409e-01	   4.3378322997198882e-01	   6.2023401716778981e-01	   8.6295298033469736e-01	   7.4887747448974107e-01	   7.4901742471511079e-01	   7.2686747783956185e-01	   7.8901454178169650e-01	   8.2768484662709485e-01	   8.8422161409766831e-01	   8.5919231616279634e-01	   8.2139040321297940e-01	   6.8843716695705526e-01	   7.5977517166879704e-01	  -1.5660579362359026e-02	   7.5954847876407949e-01	   8.4475438924715873e-01	   7.8302052935583355e-01	   3.8136998418423840e-01	   7.4943993086695060e-01	   5.5189939573937852e-01	   3.9214644824680789e-01	   8.4627341582080962e-01	   7.2594603163766358e-01	   8.6630716413314368e-01	   5.0154867760881439e-01	   5.2123503628094059e-01	   7.3516074901622253e-01	   8.2633318692697455e-01	   3.1578523309335094e-01	   4.7973617747819164e-01	   8.3650559858900564e-01	   8.2098915322358179e-01	   3.8710836288248807e-01	   9.8370323076400618e-02	   5.8977928724003781e-01	   4.4680791121579033e-01	   6.2894125678082724e-02	   1.4059049025610670e-01	   7.7439581209535013e-01	   7.7250389120499985e-01	   8.0868098320167692e-01	   7.6736191752491378e-01	   6.2634966613578757e-01	   4.4715851372404458e-01	   2.0013737568543194e-01	   2.8134840245787401e-01	   5.4412453429969232e-01	   8.1795060782177009e-01	   4.1150754207998391e-01	  -3.5192111500680184e-01	  -1.0560400002983521e-01	   2.8954541317158444e-01	   8.1962855770953047e-01	   7.5902771335100871e-01	   5.9387086989844651e-01	   5.5850485626653146e-01	   5.8407633005518100e-01	   6.1219228422692895e-01	
   8.9469547962678631e-01	   7.7725532043776546e-01	   9.8788855180470159e-01	   8.2398739768657903e-01	   9.3036006860799447e-01	   7.7938471438570867e-01	   0.0000000000000000e+00	   7.6469887978510676e-01	   9.0591223036268842e-01	   6.0204708610315616e-01	   8.8814319936018160e-01	   7.3861400287085677e-01	   9.0626444111548099e-01	   7.1691460044106403e-01	   8.2573513379912467e-01	   7.4171443137478243e-01	   5.1610457753317618e-01	   4.9782721957708831e-01	   9.3031253359618060e-01	   6.8646184163120594e-01	   7.1017466698810483e-01	   3.2374458914081644e-01	   9.3058188463137181e-01	   9.2721943792791928e-01	   7.2369138697067370e-01	   8.3459024869907950e-01	   7.1581975398165387e-01	   6.7648048497991364e-01	   5.7619479635241544e-01	   3.7175531629324865e-01	   7.9308307649694221e-01	   8.3452411330406973e-01	   8.1834775847762908e-01	   8.5426897856697159e-01	   8.8753192013019433e-01	   7.0859268056111746e-01	  -1.8418572676837661e-01	   3.5643792976014627e-01	   6.0664776216033833e-01	   3.3453830407723451e-01	   1.9093476430542017e-01	  -2.4783220407800313e-01	   4.8789651818519808e-01	   6.0522775266574624e-01	   3.7148661767026325e-01	   5.0456023165875119e-01	   7.7894682902124035e-01	   7.7496031541168642e-01	   6.5624914919078584e-02	   6.1046750919895421e-01	   6.2209621324543218e-01	   6.8389429418028957e-01	   6.9571363640656259e-01	   8.7005540499395628e-01	   7.5717515316815098e-01	   7.8356885192716152e-01	   4.2728016789928069e-01	   6.7498083384046870e-01	  -7.7161932426779217e-04	   3.4299915204487819e-01	   8.1743052361829327e-01	   5.9386842318327548e-01	   6.8334146082387681e-01	   5.2286646318272723e-01	   8.8323554284721140e-01	   6.4897392671023635e-01	   6.8479969269348362e-01	   6.3946005013142271e-01	   5.9682523896790540e-01	   3.4853711301476875e-01	   7.6636176565081204e-01	  -4.0771842167279422e-02	   7.8075385166945810e-01	   7.6107935076279076e-01	   7.4054649810759610e-01	   7.8819674974511714e-02	   8.1972255501931723e-01	   5.7355217097148858e-01	   1.2285836981980430e-01	   6.2212788379411510e-01	   4.6821059819406680e-01	   6.1771319875313924e-01	   6.3066876417623607e-01	   4.1049637738447842e-01	   7.8040380509157359e-01	   6.8192242712799001e-01	   3.1618978656246488e-01	   3.5233456995220169e-01	   8.8954325421880487e-01	   5.5963147939838453e-01	   5.2381097408725097e-01	   3.5698210495386018e-01	   7.7668619219131663e-01	   8.0535206522829617e-01	   1.7079293921620775e-01	   5.0260202398394509e-02	   8.3991218921019950e-01	   6.6027108636228782e-01	   7.9490736426788688e-01	   8.0094162204869845e-01	   6.7693650792640292e-01	   7.3839854113375414e-01	   1.2730919205939123e-01	   2.1414003794295597e-01	   4.2189699436451833e-01	   7.6550634834405307e-01	   1.6219408299444901e-01	  -3.7485117474083973e-01	   3.8606358077850053e-02	   5.9386128146969475e-01	   9.1854515191861985e-01	   8.6215312301997549e-01	   7.5785767977760155e-01	   6.9526010730212162e-01	   6.5812143000837464e-01	   6.4458249463732764e-01	
   9.2268248291210564e-01	   9.0405387563496886e-01	   7.0260477705365765e-01	   9.5891550457686514e-01	   7.2957852134315271e-01	   8.9228324592772224e-01	   7.6469887978510676e-01	   0.0000000000000000e+00	   7.9530585985106195e-01	   8.0921819991581900e-01	   9.0657423258060676e-01	   9.4222914490804865e-01	   7.8426424074164758e-01	   8.4868492693357989e-01	   5.6562307891194430e-01	   8.3044475816196606e-01	   7.7439581200352436e-01	   7.6818774954173030e-01	   8.8075605589920736e-01	   8.9637474429338604e-01	   6.8972694860257611e-01	   3.8232152455467572e-01	   7.0432936188420014e-01	   8.3295505693860694e-01	   4.9322317756068212e-01	   7.1058728922993541e-01	   5.9093076403335876e-01	   6.6450364754027280e-01	   7.7473869040488641e-01	   7.5302172387641086e-01	   7.3106604086802229e-01	   8.6333465632413553e-01	   8.5197732378597180e-01	   9.0597433179847031e-01	   7.1151105939761605e-01	   7.2655673419568267e-01	  -3.6867737768066294e-01	   3.1082024020894738e-01	   4.1369592991685455e-01	   3.2786967195745254e-01	   4.5011143697492051e-01	  -4.8312885209016755e-02	   3.9010031107515036e-01	   4.5419560619372557e-01	   4.6427813670022389e-01	   6.6207730333632075e-01	   7.6117660112086449e-01	   7.1578544326126381e-01	  -2.7676644663182981e-02	   6.2227179920329800e-01	   4.3874667244788446e-01	   8.0075585092010437e-01	   6.2637311569593601e-01	   6.6764579425412052e-01	   7.3774177711836464e-01	   8.9407849394120453e-01	   7.5079448960562445e-01	   8.8789489508668673e-01	   3.9082923807756353e-01	   6.7453408913148682e-01	   9.3415905458512971e-01	   8.8449867282574535e-01	   8.4215463734697871e-01	   7.7167488277023699e-01	   7.2459069450465097e-01	   9.0540080134179579e-01	   8.6397985142315925e-01	   8.8127522566576111e-01	   7.8803163198244952e-01	   7.8579711743811176e-01	   8.1289877057464466e-01	   2.6854354157031225e-02	   8.4948138924165661e-01	   8.9567697674175906e-01	   8.1247644821067244e-01	   3.4381243005937473e-01	   7.4082767020780294e-01	   6.5460995084051199e-01	   4.0060779194296481e-01	   7.9241916092091580e-01	   7.2987613403743967e-01	   8.5071987156289874e-01	   4.1786966605934134e-01	   5.2355023752498941e-01	   6.7659643773081868e-01	   8.3907831602932559e-01	   3.4571961661718598e-01	   4.3103012201687219e-01	   7.9091577581743155e-01	   8.5314110863865733e-01	   4.9152377198103009e-01	   2.4040037261546598e-01	   6.7712868787628744e-01	   4.0080769508281100e-01	   2.1712074588461834e-03	  -4.0929910391394167e-02	   8.0371538502930484e-01	   6.8360669484849357e-01	   8.6032154887654178e-01	   8.3730885804917143e-01	   7.7116636937099559e-01	   4.2201810054104716e-01	   1.8631135648560335e-01	   3.0183264301520546e-01	   4.0200897808276814e-01	   6.1770502699648011e-01	   4.4365588275436851e-01	  -4.5425567377528309e-01	  -1.7738986367033421e-01	   3.2163367877513416e-01	   8.7956371703367631e-01	   7.4660919913450940e-01	   6.1329041379125693e-01	   5.8961744602118771e-01	   4.6895454328097674e-01	   4.6155475017627456e-01	
   9.0596728340433863e-01	   8.6110046783280114e-01	   9.1189440872718075e-01	   8.7444015221007954e-01	   9.3172407464305629e-01	   8.1733632708252202e-01	   9.0591223036268842e-01	   7.9530585985106195e-01	   0.0000000000000000e+00	   7.6736572815899473e-01	   9.2560500625696041e-01	   8.3823639730769361e-01	   8.9789486568418664e-01	   7.6310984577781038e-01	   9.3194681617314346e-01	   8.9473490526483612e-01	   6.5276473066581120e-01	   5.5885070881424559e-01	   9.0960279272375999e-01	   6.8640172173183900e-01	   5.8401853377258650e-01	   3.5618022253959292e-01	   8.9234579261625790e-01	   9.1547081442485312e-01	   7.7642628030533933e-01	   8.8028364560848726e-01	   7.4326375936569722e-01	   7.0715897651603199e-01	   6.5568461396086686e-01	   5.2164830000818618e-01	   7.2149224540982515e-01	   7.9424135447243727e-01	   7.8165104575524147e-01	   7.9885530481698641e-01	   8.4003377965437176e-01	   6.5384735774444336e-01	  -3.4152951735381387e-01	   1.7609229812182989e-01	   5.9101241732216026e-01	   2.7227268755289413e-01	   1.7048053304696364e-01	  -1.3076388051589252e-01	   3.2151628986401692e-01	   3.9863574434447946e-01	   2.1483364182681322e-01	   3.4053593341908006e-01	   6.9272816478852572e-01	   6.2023142672160669e-01	   3.5600569763379122e-02	   6.9464432528532782e-01	   6.3516891728586766e-01	   7.4646566338431608e-01	   8.4957339746315375e-01	   9.1401420947581591e-01	   6.5898922818910544e-01	   7.3964324616021515e-01	   6.3272589096685772e-01	   8.2171146541330531e-01	   3.6075490016877591e-02	   3.8468528797625912e-01	   7.9004247657024251e-01	   5.6467556679268860e-01	   6.9198917091737233e-01	   5.8042921853684271e-01	   8.2474551077090474e-01	   6.0659813811741436e-01	   6.3255683564553600e-01	   5.7663506900431738e-01	   7.9241166320526280e-01	   4.5762031314339391e-01	   6.7332113251852554e-01	  -1.9663547110169843e-01	   6.5588361691209018e-01	   7.1410202851116200e-01	   6.6846774536522868e-01	   1.9329670714282010e-01	   6.8853822192185632e-01	   4.3004411200152343e-01	   2.2257587841967194e-01	   7.2288099261812522e-01	   7.3147942608781236e-01	   7.7368018658967408e-01	   7.7309731457257036e-01	   6.3265536140687750e-01	   8.6634648456321295e-01	   8.1825606513116123e-01	   5.6805265293995655e-01	   5.5932572553458149e-01	   8.6036542152380580e-01	   6.4951235753862491e-01	   4.5856167317840513e-01	   1.5989466178179679e-01	   6.7581767600594311e-01	   6.3719662407474875e-01	   3.0211374590509800e-02	  -2.0412707834885135e-01	   7.5862043737325335e-01	   5.9634862193767357e-01	   7.3073022231219453e-01	   6.9443869052862417e-01	   5.4624890285540906e-01	   4.8746018661523310e-01	  -1.1249784844904609e-01	  -1.4587828876063792e-02	   3.7625466610361102e-01	   7.3134756917532018e-01	   2.6901154783332487e-01	  -4.9064168899009369e-01	  -1.3074457611700258e-01	   4.3988323096256454e-01	   8.2031856347223608e-01	   7.1406209624158734e-01	   5.9220671758254073e-01	   5.1514250343180978e-01	   4.5820557104037990e-01	   6.9340472554274413e-01	
   7.0275405270305102e-01	   6.8257037865557657e-01	   5.5344153410942587e-01	   8.5324651339546631e-01	   5.5841001565221859e-01	   7.3289352403376173e-01	   6.0204708610315616e-01	   8.0921819991581900e-01	   7.6736572815899473e-01	   0.0000000000000000e+00	   7.6094304379974742e-01	   7.9634889681712706e-01	   5.4185272244091343e-01	   5.5221541678539454e-01	   6.3141488741826102e-01	   8.5141439008245423e-01	   5.4563351779997904e-01	   5.2283906393114987e-01	   7.4552350624884189e-01	   7.1160930164978109e-01	   2.6844642307570243e-01	   1.2014437132590891e-01	   5.3688925756230588e-01	   6.8252838768345758e-01	   3.4183745270272020e-01	   5.7260195863803232e-01	   3.8733970223685554e-01	   4.3401679117572328e-01	   4.8807359399055400e-01	   4.8628611946082689e-01	   4.6068935733580418e-01	   5.6998189730176674e-01	   4.8437786377247916e-01	   5.9438258320851256e-01	   5.1651393073016882e-01	   5.6483916074482343e-01	  -3.4036806996739988e-01	  -8.2937922193726366e-02	   2.0769301855747091e-01	  -1.1496688843382476e-02	   1.7305797029130110e-01	  -2.5766058549197784e-01	  -2.5387158360935663e-02	   7.1964189821921015e-02	   1.7718565956406412e-01	   3.2962786586368781e-01	   4.4033499667483744e-01	   3.6592857036446902e-01	  -1.0720224948536689e-01	   6.0363683376610022e-01	   2.0667534201824350e-01	   5.6846054177746330e-01	   5.1997986655447548e-01	   6.2234354934592617e-01	   3.7990198749624748e-01	   5.6737551819436050e-01	   7.0943077920268838e-01	   7.9830870574525581e-01	   3.0963975035804958e-01	   5.9630722489578281e-01	   6.7250213570733797e-01	   6.7536786714073394e-01	   6.5277437651440784e-01	   5.5481371271391966e-01	   4.7328020631163881e-01	   6.1408492684182103e-01	   5.9463066880368998e-01	   5.9799002550048486e-01	   7.8064040742062302e-01	   6.9854782683452621e-01	   4.6577738412439640e-01	  -2.9546242493282981e-01	   4.7462358368834801e-01	   5.6462847221426926e-01	   3.9059815896409411e-01	   2.1532366503889547e-01	   4.5264791598854393e-01	   1.6698044881705937e-01	   1.9017639403247874e-01	   5.4664421976322031e-01	   6.9400973822619261e-01	   7.0962923536333511e-01	   4.4094057224551131e-01	   4.4065489030292648e-01	   5.3745882938535883e-01	   6.3391944512145260e-01	   5.1666694715252692e-01	   3.1784966373453549e-01	   5.8111813208965335e-01	   6.5374896439486085e-01	   5.6206212166299396e-01	   2.6921735221712773e-01	   7.0861154874760746e-01	   4.1151200481184141e-01	  -9.1571461557487854e-02	  -1.8813622108482456e-01	   5.6452263146485093e-01	   4.6695991544497006e-01	   6.0829147484050639e-01	   5.5470405545118917e-01	   6.7222165122056388e-01	   3.3900680371874659e-01	   9.9362383150626649e-02	   1.6588681206701794e-01	   2.7808031562135227e-01	   4.9808363906313780e-01	   2.8737641357649973e-01	  -5.7758733989662847e-01	  -2.5306590043682153e-01	   1.0064962791958557e-01	   6.4531698966218687e-01	   6.4642211054671106e-01	   5.8632589652040057e-01	   4.7982624382917571e-01	   1.9972195737684470e-01	   3.3077154386995733e-01	
   9.7699714925949066e-01	   9.1867810467976452e-01	   8.4898053677713248e-01	   9.3479723686471283e-01	   8.6151656075458449e-01	   8.4460194877781647e-01	   8.8814319936018160e-01	   9.0657423258060676e-01	   9.2560500625696041e-01	   7.6094304379974742e-01	   0.0000000000000000e+00	   9.4873670491545736e-01	   9.3911123821063391e-01	   8.9730896300070728e-01	   7.6775008339365847e-01	   8.9086447335173302e-01	   7.7148734121998497e-01	   7.1538386658246456e-01	   9.2949051263404914e-01	   8.1526399746336375e-01	   7.1323614553519421e-01	   3.6359965925822191e-01	   8.3202945040789222e-01	   8.9910080063872577e-01	   6.3508232633512707e-01	   8.0075427845434066e-01	   6.4318103856339537e-01	   6.5222238142791522e-01	   8.0518887254843297e-01	   6.6356455939846926e-01	   7.1763307510591012e-01	   8.5064836449696146e-01	   8.5913744558424665e-01	   8.7901153583331504e-01	   8.3846324104396364e-01	   7.4432330875121155e-01	  -3.0611200927555804e-01	   3.2284016826074069e-01	   5.2168680473165696e-01	   2.3164665134556367e-01	   2.5921552059745062e-01	  -1.1527430487652963e-01	   4.7055841797308195e-01	   4.9817175996960283e-01	   3.2825102010357277e-01	   5.1388961463999572e-01	   8.0738821979427144e-01	   7.4831252383866265e-01	  -4.3670309302187960e-02	   6.5759223590601490e-01	   5.9061555282408029e-01	   8.2234113555878396e-01	   7.7833045120193356e-01	   8.5507473298751568e-01	   7.3467603511724255e-01	   8.5014748337982549e-01	   6.9473323177618052e-01	   8.6114726901679384e-01	   2.2919294712798194e-01	   5.5270303955307887e-01	   9.3140681432387407e-01	   7.4609296433748495e-01	   8.7730127065341112e-01	   7.4372119537537396e-01	   8.2356845011592494e-01	   7.9383777629105157e-01	   7.5262419580219775e-01	   7.5652991831826455e-01	   7.7407203494479282e-01	   5.9328199084567934e-01	   8.4366277807260170e-01	  -5.3572083388233598e-02	   8.4662018744309642e-01	   8.6306378219911195e-01	   7.8830213779215685e-01	   2.1799339810762441e-01	   8.3626763675256588e-01	   6.4520765180702055e-01	   4.2108405930877502e-01	   7.9827215489687131e-01	   7.5705575874847797e-01	   8.3791707414766159e-01	   5.9026443684046348e-01	   5.6899005736044272e-01	   8.3070442420938440e-01	   8.6380970590121287e-01	   3.9720762181580110e-01	   4.2750462247884236e-01	   8.5729937277124280e-01	   7.4728043854096193e-01	   4.1642099454901488e-01	   1.6039767915246500e-01	   6.9328032497410241e-01	   5.2746169132293330e-01	   9.2146040729047141e-02	  -1.2238965853214936e-01	   8.4333472957698430e-01	   6.0953708278992091e-01	   7.9077869858659644e-01	   7.8673256284448212e-01	   6.9921357613080248e-01	   4.5450667157499047e-01	   1.1965363419364189e-02	   1.5764528516656706e-01	   3.6294699534442865e-01	   6.9893720198329867e-01	   2.9020812871076562e-01	  -5.2302356761792534e-01	  -1.5293510496562629e-01	   3.9425437861568419e-01	   9.0261501258118604e-01	   7.3193281083503303e-01	   5.8875902107083722e-01	   5.7995109532303823e-01	   5.9769727198906475e-01	   6.8429721122446430e-01	
   9.3611097444586155e-01	   9.5243984031403639e-01	   6.7938604141614078e-01	   9.3108245002887036e-01	   7.5361104172249260e-01	   8.6530680057804121e-01	   7.3861400287085677e-01	   9.4222914490804865e-01	   8.3823639730769361e-01	   7.9634889681712706e-01	   9.4873670491545736e-01	   0.0000000000000000e+00	   8.5017209088332912e-01	   9.2300019139229694e-01	   6.3488341613762467e-01	   8.8238357348935981e-01	   8.8813150519091810e-01	   8.4059368417198765e-01	   8.5335716098979697e-01	   8.6738808530501210e-01	   6.6774183481649341e-01	   4.3932901345054387e-01	   6.8736035797064143e-01	   8.0311403649563107e-01	   5.3635492721004996e-01	   7.3358361087058499e-01	   6.0217597877216122e-01	   6.5236205568164363e-01	   8.8971055273970889e-01	   8.2137427067843838e-01	   7.0054556143414737e-01	   8.2884486381733402e-01	   8.4787592700421643e-01	   8.6672935797763828e-01	   7.2569157107523807e-01	   7.2114536264582807e-01	  -3.6243823118045676e-01	   2.4773700431496587e-01	   4.7754320214927248e-01	   2.2098234420003116e-01	   3.9685546082020873e-01	   3.8897606826095804e-02	   3.4485778315365245e-01	   3.5890452918150040e-01	   2.7365311219573030e-01	   5.0051419089678506e-01	   7.1425136900748609e-01	   6.4201169704771732e-01	  -1.4584890348903204e-01	   6.1363314753782394e-01	   4.7981074139719271e-01	   8.2244182138424815e-01	   7.5913659083881457e-01	   7.7099696785981853e-01	   6.5658434330591853e-01	   8.2337844132932703e-01	   8.5481828759972678e-01	   9.3642354683461160e-01	   3.9816130080898993e-01	   6.1995994017315992e-01	   9.1068087655138608e-01	   7.8160249020874817e-01	   8.9312406720991677e-01	   8.3554304521956779e-01	   7.0459225586486984e-01	   8.2484533404804106e-01	   7.7774875624552853e-01	   8.0692375759024992e-01	   8.5691513313238832e-01	   7.5566699539860149e-01	   8.0957281287977301e-01	  -7.2000477424957326e-02	   8.1247602760438564e-01	   8.5250132648676535e-01	   7.5469945624071211e-01	   2.8425599963061232e-01	   7.4017833597942417e-01	   6.2271925406989015e-01	   5.8707170969348121e-01	   8.7639884416214187e-01	   8.7694533639612970e-01	   9.4238171869118492e-01	   4.9771861905593007e-01	   6.4350389556034937e-01	   7.5417746435834265e-01	   9.1392086249916016e-01	   3.6184289370755118e-01	   4.8419667475097267e-01	   7.5088075042112989e-01	   8.0847418022190487e-01	   3.4603504052891998e-01	   3.2763009651870768e-02	   5.6629622268922231e-01	   3.0758255853867322e-01	   1.0873500276580570e-02	  -1.2651436223454299e-01	   7.4702762856152671e-01	   5.7566637122427344e-01	   7.2882818839218388e-01	   7.0972073686253867e-01	   6.6754425470333523e-01	   2.7473503821207962e-01	   5.8226115231122921e-02	   1.7864266629745268e-01	   4.4811678477062461e-01	   6.3220926522723697e-01	   4.6103344132832358e-01	  -4.9234150243075625e-01	  -2.5393773142916121e-01	   2.2303588059548529e-01	   8.0540320236036445e-01	   6.2975628263097461e-01	   4.4303536416094091e-01	   4.5616587709735790e-01	   5.2029134909829911e-01	   6.3641319545902841e-01	
   9.4185000942589903e-01	   8.9607277512314920e-01	   8.9439766828568179e-01	   8.2263167971564444e-01	   9.3129815627260681e-01	   8.1270914212599887e-01	   9.0626444111548099e-01	   7.8426424074164758e-01	   8.9789486568418664e-01	   5.4185272244091343e-01	   9.3911123821063391e-01	   8.5017209088332912e-01	   0.0000000000000000e+00	   8.9036167820250889e-01	   7.9161653313982383e-01	   7.8449296304790161e-01	   7.4390934198953240e-01	   6.3939941565699954e-01	   8.6752371040830756e-01	   6.8350677031156315e-01	   7.3630577646605389e-01	   4.4828041668657082e-01	   8.8858255569508582e-01	   8.8909612586100972e-01	   7.7459975616603227e-01	   8.6165212379888934e-01	   7.7279126395855569e-01	   7.6253753252465462e-01	   7.9056272959136020e-01	   5.9010317383420152e-01	   7.6182547445495130e-01	   8.5254595594247395e-01	   8.9635352691145687e-01	   8.6949444639556872e-01	   8.8980332863178369e-01	   7.0915680378755297e-01	  -2.6978893188128317e-01	   3.9406001179602712e-01	   6.3133336897309267e-01	   3.2666404259757498e-01	   2.0361181044602933e-01	  -6.1279807382263081e-02	   5.5483646551752330e-01	   5.8622786909448688e-01	   3.1089678392445941e-01	   4.4572735907459715e-01	   8.1792746196456401e-01	   7.7120096057876564e-01	   1.8998762993457284e-02	   6.0211067271958285e-01	   7.0110622163176917e-01	   7.8025445160346285e-01	   8.5116802826561455e-01	   8.6119260402868292e-01	   7.7107579606758403e-01	   8.1358878802066814e-01	   6.1180935170460504e-01	   7.8345592106000250e-01	   8.4035603312310775e-02	   3.6643280149977936e-01	   8.6017063083024969e-01	   5.9002782830874945e-01	   7.6957897051262081e-01	   6.4140290710788406e-01	   9.0185963299509175e-01	   7.0695834286127357e-01	   7.0064058088614856e-01	   6.7627375888474484e-01	   6.9721239429445403e-01	   4.2160705400721576e-01	   8.3025640034245762e-01	  -3.0219759133930130e-02	   8.1183658003432546e-01	   8.1915554000274038e-01	   8.2458309409756847e-01	   1.5050974646137499e-01	   8.4987870721482295e-01	   6.6960448624835600e-01	   4.1407861840829441e-01	   8.0685984431347890e-01	   6.9125992919927626e-01	   7.9061931645432748e-01	   6.4531214025959760e-01	   5.4833438377147081e-01	   8.8044587533358987e-01	   8.4470652943070634e-01	   3.5204382348395191e-01	   4.9080550042522342e-01	   8.8093560970335871e-01	   6.3024035382805377e-01	   2.6262804718166466e-01	   1.6494141396960735e-02	   5.5458233521070532e-01	   5.3102539746835498e-01	   1.3735951144048811e-01	  -7.0024200106508533e-02	   8.1419750664105028e-01	   5.9564163850342577e-01	   7.1892531235128498e-01	   7.1905584433173164e-01	   5.1760383498843576e-01	   4.3574242566376054e-01	  -7.9278286052943708e-02	   4.5146090272647675e-02	   4.1393813059814855e-01	   7.5550293311505556e-01	   2.6486392854738822e-01	  -4.0391577276968726e-01	  -1.0969751947543555e-01	   4.4363926111679308e-01	   8.5650299518791129e-01	   6.5417756741200583e-01	   4.8672723741603463e-01	   4.9092751639440646e-01	   6.8369581669764001e-01	   8.1894600074318191e-01	
