   0.0000000000000000e+00	   8.0730036523364124e-01	   3.1650755643494594e-01	   2.2161539720758516e-01	   2.2788675342311765e-01	   4.8119541035622848e-01	   2.7988054509193672e-01	   1.7470024127822484e-01	   3.6290384508804285e-01	   4.1724581372910208e-01	   9.7252511329813340e-01	   7.5072488277278415e-01	   8.8516639318140033e-01	   7.2134612620402716e-01	   6.8531380288842647e-01	   5.5055306559328876e-01	   7.4503430816089500e-01	   7.0437520508372009e-01	   8.7871697893197587e-01	   8.5982516538623543e-01	   4.8666386097326386e-01	   2.9476553343205125e-01	   2.2741861296512639e-01	   2.0135926704523760e-01	   3.2163641410444932e-01	   3.0793642292734824e-01	   5.3069609280161578e-01	   5.2297447053034096e-01	   6.7519939087549796e-01	   3.3228353743752254e-01	   5.1197368807861821e-01	   3.9335574718004651e-01	   6.9889402372939136e-01	   6.3257896916335110e-01	   1.8443052776297339e-01	   8.6757604888485385e-02	   5.6633257925986846e-01	   5.1503311569776999e-01	   7.4398858826898184e-01	   5.6604328871125342e-01	   7.0610569837782833e-01	   5.5906878248117020e-01	   4.4774257315065891e-01	   5.9172631391398522e-01	   3.0944460069465141e-01	   5.2033994874470291e-01	   7.4589304727197814e-01	   5.6638423070907051e-01	   6.5142525666794482e-01	   6.9683399238566968e-01	   6.7676057201464146e-01	   7.2555910213045249e-01	   5.3678779232805363e-01	   3.8870570752423905e-01	   7.1400535986919922e-01	   7.2985199873425022e-01	   7.3983918823917727e-01	   7.3123349632428636e-01	   6.4372978214819399e-01	   4.8197175507883561e-01	   7.5834114303968114e-01	   4.2001802210334516e-01	   7.8723763825096937e-01	   6.2790973868401156e-01	   2.6040245163805403e-01	   2.6120886100001600e-02	   2.7605185798914211e-01	   1.5690829935872924e-01	   6.7240958646511206e-01	   6.4673539521009538e-01	   2.4746019839612893e-01	   3.7824905176283785e-01	   8.3097081176473808e-01	   5.0372493665517970e-01	   4.6247303045417137e-01	   2.6010823045160120e-01	   6.6684207606773871e-01	   5.8610004944232719e-01	   7.0244903934157943e-01	   6.5273341686277619e-01	   8.1128024112269015e-01	   7.9579739085506163e-01	   6.5098568577872762e-01	   6.2076253870544584e-01	   8.2376222731385362e-01	   4.7868064427345358e-01	   4.3270488324355161e-01	   4.7802306779432224e-01	   4.9420670705026998e-01	   6.0920501155623596e-01	   7.9975179183759598e-02	   2.0472818555021775e-02	  -7.8916393937957435e-02	  -5.1413310060183983e-03	   4.4643242013991291e-01	   5.5427627779750666e-01	   6.8066023813149612e-01	   7.8677994569653031e-01	   4.4944280987759672e-01	   3.9327215052741060e-01	  -8.1047395826203253e-02	   1.0321241696565950e-01	   1.4027199664329856e-01	   1.2976602840259832e-01	   4.5981369044093096e-01	   3.4964919616016821e-01	  -4.2130549183931687e-01	  -2.7581164248868029e-01	  -1.8283216754600187e-01	  -2.0680219962653304e-02	   4.0645043584375845e-01	   4.6600804513352787e-02	   6.1793865252407820e-02	   1.1365454099799820e-01	   2.5332228339751117e-01	   2.0349209491530362e-01	
   8.0730036523364124e-01	   0.0000000000000000e+00	  -7.3998010877762921e-02	   1.0286882775431058e-01	   1.7994892640852556e-01	   5.1231599765577407e-01	  -1.6612172686793428e-01	  -6.9224375029860091e-02	   2.0831838244356671e-01	   3.2636391017987204e-01	   7.5482717125737875e-01	   4.6373850925189358e-01	   5.4033538876353782e-01	   4.7920072961738658e-01	   4.9059513944597749e-01	   4.6176244730115706e-01	   8.6006055027260597e-01	   8.3357201517222790e-01	   7.3649626856757122e-01	   8.2531447082790232e-01	   4.3923368134174579e-01	   4.4947107920651919e-01	  -2.2015685956784681e-01	  -6.8335389408119063e-02	   2.2344528242289974e-01	   3.3200493644081164e-01	   6.1406123455825379e-01	   6.0737979043939916e-01	   6.8780622023712845e-01	   8.7689831573546484e-02	   2.8133807477846917e-01	   1.8151851841564462e-01	   5.3612724536254586e-01	   6.6286822330924988e-01	   2.0643170429716702e-02	   3.1648428804707508e-02	   6.5286561137107191e-01	   4.7937373100349262e-01	   8.1562967100336392e-01	   6.1757129386752263e-01	   6.3525181130080921e-01	   6.9218585656752940e-01	   1.2776848801891388e-01	   2.5557500236151237e-01	   1.2958108746552569e-02	   3.1663486684153214e-01	   4.7434436858029005e-01	   2.9261364115227845e-01	   3.4012671506336201e-01	   6.0136597570030403e-01	   4.2488295828619727e-01	   5.6427550308877117e-01	   2.8660141330483907e-01	   1.9680060479700295e-01	   5.7628991463001478e-01	   6.6470428464500619e-01	   9.3224143761014289e-01	   9.1288043868149837e-01	   4.7140891758065961e-01	   4.5815634693359752e-01	   5.4035888826081335e-01	   2.7185645731005226e-01	   8.8857203313343347e-01	   7.5534466428389291e-01	  -4.4482829006890809e-02	  -1.0411483635001234e-01	  -4.6498276318633014e-02	  -6.9814949598834687e-04	   8.3416890892569984e-01	   7.1550311495246843e-01	   8.8727966060503094e-02	   5.7745021286862895e-02	   4.8624961964235131e-01	   1.6577458909331405e-01	   1.1254070746957158e-01	   2.4846103924152560e-01	   4.1155659070124540e-01	   4.3718580745936730e-01	   8.7617657305845154e-01	   9.1703165479973592e-01	   8.5762082606898926e-01	   8.2268944960014279e-01	   4.3680858034589759e-01	   5.7802433933767661e-01	   5.8953921340630300e-01	   3.6486277739566708e-01	   4.5930582998545505e-01	   5.0977450655262857e-01	   4.2768493399017282e-01	   4.8033244134218767e-01	  -1.7999797983597762e-01	  -2.9900820669514194e-01	  -2.5730855631937888e-01	  -3.7882425256243246e-01	   4.9630130915113346e-01	   5.1825312404133339e-01	   5.8402027187386707e-01	   6.3466366507494110e-01	   2.0958066163339489e-01	   1.8125302482132682e-01	  -8.2686675169647603e-02	  -1.0965451752411917e-01	   1.6991071026327087e-01	   5.7174002704151503e-02	   2.2872295966311887e-01	   1.1223518117457509e-01	  -2.1398385176161261e-01	  -2.9373139380142999e-01	  -1.0122153426525973e-01	   1.3818932567076531e-01	   2.9484454390758807e-01	  -1.3400342517952721e-01	  -1.9634734623737093e-01	   6.0768919631883467e-02	   1.0383845217045802e-01	   3.7223486802578332e-01	
   3.1650755643494594e-01	  -7.3998010877762921e-02	   0.0000000000000000e+00	   7.5860512003653757e-01	   6.8237852430171508e-01	   5.4715224350157476e-01	   9.5886989186667371e-01	   7.9516574577548338e-01	   8.0400594712741236e-01	   7.5420820801760347e-01	   3.5817667327840103e-01	   6.0347497277773055e-01	   3.9134624623925984e-01	   6.9980514235151414e-01	   7.2401106414912642e-01	   6.7848262085521927e-01	  -7.7287999248445108e-02	  -1.4106342460881433e-01	   3.7832609055778138e-01	   2.2490651867374709e-01	   4.6566373443961362e-01	   2.7541132954013470e-01	   9.6113279978314381e-01	   8.4830402057949428e-01	   7.8218203614693838e-01	   6.9627677615809846e-01	   5.2889267870598589e-01	   5.3962969759365242e-01	  -1.3634712537324095e-01	   6.3028621875498181e-02	   7.4597991542359554e-01	   7.5338496775756325e-01	   6.1498006148327677e-01	   4.3674159124164991e-01	   7.9675078137577893e-01	   6.3526290467341684e-01	   3.6989992231982216e-01	   3.1862125651033135e-01	   1.8096825081689163e-01	   2.2032654959009773e-01	   5.9014048677636832e-01	   3.6644386163367113e-02	   7.3313632060051082e-01	   6.9959527503714658e-01	   6.5404574500857882e-01	   4.2801418908758171e-01	   6.2343295669369647e-01	   6.1301310309856816e-01	   5.3264683372020893e-01	   1.9653346238584735e-01	   5.6963790141676518e-01	   4.2015149457294959e-01	   3.6667051506602999e-01	   3.1734976572636531e-01	   3.6269528191196748e-01	   3.0284469621004206e-01	  -1.2929648288002948e-01	  -1.4924879259569515e-01	   2.4930675119472803e-01	  -4.1920932828016566e-02	   3.2092341521637213e-01	   4.5298153314311551e-01	  -9.5012301716287745e-02	  -1.3380947442462188e-01	   8.9699158119004330e-01	   6.6724393165553075e-01	   7.1544925883856614e-01	   5.6565673680448980e-01	  -1.4751654975504877e-01	  -9.4126958198194069e-02	   7.3521807015337304e-01	   8.8952546717405501e-01	   6.1714331996661631e-01	   4.4740708384939354e-01	   6.3056965919659258e-01	  -1.2286095893185850e-01	   7.0533601550083025e-01	   5.8853313130540186e-01	   5.8298719408357680e-02	  -1.0760343021394514e-01	   6.0341044666013005e-02	   1.7630617898282239e-01	   4.8017221128805815e-01	   3.4834042252370001e-01	   6.3318011846556199e-01	   7.1877305737399277e-01	   2.3593991892343782e-01	   3.7386576009351014e-01	   4.7868575420021020e-01	   4.4513126262403341e-01	   3.9045154322155712e-01	   4.0814936185347872e-01	   5.7665816559219452e-01	   6.5458358932575900e-01	   1.1134357366017375e-01	  -1.0217120123671718e-01	   3.9469727763873624e-01	   2.7885755636155718e-01	   4.1353599265409857e-01	   3.8198493184318094e-01	  -4.9730388635554373e-02	   1.0540652882160086e-01	  -3.2022711921992808e-01	  -2.4317408087336811e-01	   4.2095948287221019e-01	   6.5211836534202972e-01	  -7.8920070119765517e-01	  -2.9853247069423910e-01	  -2.2988041151255270e-01	  -1.2821670909122390e-01	   4.8052831437603999e-01	   2.1717823930156782e-01	   2.7729473011563577e-01	  -1.6422339366374500e-01	   7.1292901689982269e-01	   4.2906959034795711e-01	
   2.2161539720758516e-01	   1.0286882775431058e-01	   7.5860512003653757e-01	   0.0000000000000000e+00	   6.3003289499493265e-01	   7.3856494454668242e-01	   7.1309926870270091e-01	   9.2604050544565730e-01	   6.7888090148888414e-01	   7.6498717195158428e-01	   2.5754719738007575e-01	   5.6107421668517532e-01	   2.0826486970605423e-01	   6.0310955881548933e-01	   6.0313628980462908e-01	   7.2552640055427409e-01	   1.1134048048013769e-01	  -7.8739532217033739e-02	   3.1484270690812799e-01	   2.4816109901861891e-01	   4.3073382089856460e-01	   3.5080532032275291e-01	   7.1969153538646702e-01	   9.4261687185504417e-01	   7.6401017353821432e-01	   8.2926863326652955e-01	   6.2655056439140877e-01	   7.2813781617953155e-01	  -2.1113951216568291e-01	  -1.2837749186874456e-01	   6.5331649980671613e-01	   7.3097807723764652e-01	   6.1312044841360880e-01	   6.7464716147828319e-01	   9.6572521218594076e-01	   8.5711411099982415e-01	   4.7410457426398972e-01	   5.2104792431966174e-01	   3.8178998252310586e-01	   3.7202816548428091e-01	   5.2949308361290781e-01	   1.0005041839001258e-01	   6.0870868944834022e-01	   5.7716184175584606e-01	   6.4125365020139236e-01	   4.3017497871153398e-01	   5.3339416092762892e-01	   5.1980907488782879e-01	   4.0234681919331472e-01	   2.2835405337039347e-01	   4.9491054276953128e-01	   4.0865565828916262e-01	   3.3348518882892614e-01	   2.9640768022102859e-01	   4.0122810702706918e-01	   4.2484045565744472e-01	   4.7452480546994844e-02	   2.7477651101899966e-02	   2.2911395854704789e-01	   2.0105644552372917e-03	   2.8897789035762522e-01	   6.3822938379267791e-01	   3.3963283425040985e-02	   2.5036715766672313e-02	   7.8806039535188910e-01	   9.0550615420004343e-01	   7.3601145891791375e-01	   7.5002501815694389e-01	  -1.5112143384237091e-03	  -2.8580492631538067e-02	   7.2416712169526309e-01	   7.7105877524277200e-01	   3.8673405445472170e-01	   5.4328885083544366e-02	   3.2494436096733847e-01	  -2.6966193700554419e-01	   5.7290350124928702e-01	   5.5651822800728390e-01	   2.6897612516361780e-01	   2.9556146369394661e-03	   2.4251302041786771e-01	   3.5823717499782104e-01	   4.6872492991203940e-01	   5.5971725395001104e-01	   6.0715423341545194e-01	   9.0689490990843502e-01	   4.5057497381209116e-01	   6.7644310430218102e-01	   6.2243669880135455e-01	   4.9198908398635705e-01	   3.5758184967262774e-01	   2.4261214698376776e-01	   6.7486821945605135e-01	   4.0990092681454848e-01	   2.0054314759465591e-01	   1.4851850111983533e-01	   3.6911111523729484e-01	   2.8619061302402027e-01	   3.7999585080035686e-01	   3.5913463903333470e-01	   3.8575478321778082e-03	  -4.0750850971795163e-02	  -2.4965196390487870e-01	  -2.2598005350641220e-01	   4.4707781015789239e-01	   5.7085301655135767e-01	  -7.4366920161656069e-01	  -4.4979119099034093e-01	  -2.3535618331258756e-01	  -2.6095972208336504e-01	   4.5300522000061882e-01	   5.1650667120468965e-02	   1.6068370362739173e-01	  -1.4282801933223421e-01	   6.0437337086262644e-01	   5.5664542808165229e-01	
   2.2788675342311765e-01	   1.7994892640852556e-01	   6.8237852430171508e-01	   6.3003289499493265e-01	   0.0000000000000000e+00	   8.5162506295884355e-01	   6.0754930413295061e-01	   5.7463789913379593e-01	   9.6586199838935172e-01	   9.5527364848678098e-01	   2.6178494789396878e-01	   4.2940970820667412e-01	   8.7135630436076320e-02	   6.7519324855111618e-01	   7.7184527203851716e-01	   8.3172498316933297e-01	   9.5548143305898225e-02	  -3.1689253411916515e-02	   4.3254090413508184e-01	   3.3812985394396744e-01	   5.0675377861826143e-01	   7.6719428455830496e-01	   5.8286330226886851e-01	   5.7334708859150119e-01	   9.5939071999030889e-01	   8.4024166948800993e-01	   8.0864977670862936e-01	   7.9690424351871159e-01	  -1.2351999475237022e-01	  -3.1000884556898006e-01	   5.5885875222649584e-01	   4.8370894817689958e-01	   5.1949056756831768e-01	   5.1478922622267631e-01	   7.0467729486018005e-01	   7.8057815815588305e-01	   7.0133534993980318e-01	   6.2907999630480560e-01	   5.2290070070858807e-01	   6.1429286472298827e-01	   7.4484797535861524e-01	   4.8526114497239103e-01	   5.5671147126589415e-01	   5.0798206239266785e-01	   5.3757679342653875e-01	   4.0624322894431042e-01	   5.4751780785844995e-01	   5.8363312316127303e-01	   4.8107647585135815e-01	   4.1465754511098318e-01	   5.7152656811662927e-01	   5.5366970178284391e-01	   3.0546884891789977e-01	   3.3539872941402860e-01	   5.0213429279496702e-01	   4.6979667696815819e-01	   1.2378955020357235e-01	   1.5046966076597512e-01	   3.8380033292701560e-01	   2.9131747528447033e-01	   2.0295507865416490e-01	   4.2602752175903513e-01	   4.5547039760455002e-02	   1.1443030273282909e-01	   6.6908265123525090e-01	   5.0058820852102237e-01	   5.9896491181387823e-01	   5.9712402470081316e-01	   1.8919578642713478e-01	   2.0867676579590827e-01	   7.4441145452887258e-01	   7.7808760820626299e-01	   3.8275771423344140e-01	   3.7698102557184016e-01	   4.7446242736669730e-01	   1.5563330249987739e-01	   6.3074423704837312e-01	   6.4960324353134857e-01	   3.6794346680561207e-01	   2.2536204440940080e-01	   9.4552542735866635e-02	   2.5524107841797872e-01	   4.7556280318469163e-01	   5.0637670139828439e-01	   5.4405161814307701e-01	   6.3877971436998471e-01	   5.5669186040458341e-01	   6.9275718637189265e-01	   7.6740866088701720e-01	   6.5381600197965062e-01	   4.7655825993566747e-01	   4.0564269550274978e-01	   6.4021741668627974e-01	   5.4350913898368014e-01	   3.7173351853664538e-01	  -1.4786340334536505e-01	   5.7426162573111483e-01	   2.1103619834135171e-01	   4.7960041040537982e-01	   4.5944263360896220e-01	   3.1205136909692632e-01	   2.1407233805914688e-01	   6.2881373255721899e-03	  -3.0073872296469538e-02	   4.7348632672871049e-01	   7.3456962554918404e-01	  -5.8225061564221114e-01	  -2.0596943809065668e-01	   2.0453109654432899e-01	   2.6476535758528874e-01	   7.2012481975987819e-01	   3.7779016578656033e-01	   3.7719494040986257e-01	  -3.2833600988762736e-02	   6.9648234060788250e-01	   5.0529108139650303e-01	
   4.8119541035622848e-01	   5.1231599765577407e-01	   5.4715224350157476e-01	   7.3856494454668242e-01	   8.5162506295884355e-01	   0.0000000000000000e+00	   4.8194709336595709e-01	   6.2954891765150112e-01	   8.3777165030520084e-01	   9.2268315470697859e-01	   4.7010456691220082e-01	   5.4401757168333376e-01	   2.5438256740029952e-01	   7.3373167828626717e-01	   7.9134714806887385e-01	   8.8203046482759717e-01	   4.2558185117277503e-01	   2.3286713793524613e-01	   6.0323184334908797e-01	   5.5836775643680903e-01	   4.8573642036009734e-01	   6.9007075280174712e-01	   4.4233606894072497e-01	   6.0441820588453743e-01	   8.8220648204428465e-01	   8.6668191528268479e-01	   8.8142635868208508e-01	   9.4233893953528369e-01	   5.4101325114061335e-02	  -2.9667876839104418e-01	   6.1065347668719938e-01	   5.3680776399889496e-01	   6.6648252447252510e-01	   7.5935754157964208e-01	   7.5776057567471833e-01	   7.9480221243711779e-01	   7.7484219490273409e-01	   7.7260680167780793e-01	   7.7860228754748662e-01	   7.7429722791346633e-01	   7.7141257005382213e-01	   6.3559972765520456e-01	   5.1566355190012758e-01	   5.2286035653789631e-01	   5.6994245241514174e-01	   5.1993918766369795e-01	   6.3943088641564871e-01	   5.9762140014496623e-01	   5.4084836952489534e-01	   5.8073803364898480e-01	   6.4430781929141900e-01	   6.5756161154411075e-01	   3.8589973059205740e-01	   3.5891714684309217e-01	   6.7432749837417350e-01	   7.0102749201406711e-01	   4.4744399008623337e-01	   4.5734709295848219e-01	   4.8798423163959270e-01	   4.1083525500159623e-01	   3.7548888569876382e-01	   5.7088194687808180e-01	   3.5938693127240562e-01	   3.6866598325081046e-01	   6.1154122433006153e-01	   5.8567449035629759e-01	   6.2910358721612369e-01	   6.7249041446327140e-01	   4.5867221473951270e-01	   4.1950619074761464e-01	   6.2339799232567672e-01	   6.8376895250668579e-01	   4.3391915408578008e-01	   2.5355863584438831e-01	   3.1434440102692951e-01	   1.8850301366421762e-01	   6.6708518130828154e-01	   7.0329261265701248e-01	   6.4612363665134231e-01	   4.3324024787514492e-01	   4.5711922332073718e-01	   5.9104036913388869e-01	   6.0648396903111401e-01	   7.3883362795414009e-01	   7.0120878252775709e-01	   7.7417527553070409e-01	   7.8283749140538894e-01	   9.1127215692526220e-01	   8.7866594533692433e-01	   7.4545694117791994e-01	   3.9512724943455402e-01	   2.2867278270119190e-01	   5.3987059567149975e-01	   2.8996015452386686e-01	   5.3221908501490212e-01	   2.4652251710867584e-01	   6.5560423712481009e-01	   4.1111064141359593e-01	   5.0990528814251035e-01	   4.8542443556069453e-01	   2.5837344325873279e-01	   1.0395166512274075e-01	   8.6973522834489031e-02	   4.2209063989089114e-02	   5.9561155474775196e-01	   6.5929452035094305e-01	  -5.7137243618763822e-01	  -3.1360828885377867e-01	   7.1478951825049750e-02	   6.1932625436548594e-02	   7.2057234312275664e-01	   1.9628899996624793e-01	   2.5596321562446239e-01	   1.6606300055636458e-02	   5.6205689008883208e-01	   5.3370898892150742e-01	
   2.7988054509193672e-01	  -1.6612172686793428e-01	   9.5886989186667371e-01	   7.1309926870270091e-01	   6.0754930413295061e-01	   4.8194709336595709e-01	   0.0000000000000000e+00	   8.3773878889266928e-01	   7.3620134679523386e-01	   6.8971574256441981e-01	   3.3255399616305092e-01	   6.4701883849166619e-01	   3.9914348953508572e-01	   7.2313463463946193e-01	   6.5668675047204617e-01	   6.4070766156289216e-01	  -5.9054604490411750e-02	  -1.3481444443737178e-01	   3.6530876448816402e-01	   1.9603530246398720e-01	   3.8282678125866110e-01	   1.5425506146940435e-01	   9.7993909623676301e-01	   8.4616569853648849e-01	   6.7860199509287411e-01	   5.5727722926251633e-01	   3.9669073435289570e-01	   4.4440672040381773e-01	  -1.2599480734784135e-01	   1.8940720668005945e-01	   7.2541377177871280e-01	   7.1559043754910645e-01	   5.9604495747749109e-01	   4.0191495533891686e-01	   7.4657985581564024e-01	   5.8147811109964642e-01	   2.2313095317808754e-01	   3.6714442996049468e-01	   1.5337652218709430e-01	   2.5815783757875221e-01	   5.0212653730882451e-01	   5.9885893917640737e-02	   7.9193441648552942e-01	   7.4538071423686159e-01	   7.6337988057446893e-01	   5.2348895616135194e-01	   6.6391554953524923e-01	   6.8462153674849036e-01	   6.3730982262693714e-01	   2.5684723500774087e-01	   6.3230761801856372e-01	   4.5093186818412684e-01	   4.7618270996268974e-01	   4.3627475274930422e-01	   4.2481386232748047e-01	   3.5450092439025860e-01	  -1.6565239846147914e-01	  -1.7323310377418571e-01	   2.9058728423520874e-01	   3.0037724611694402e-02	   3.8257440040798030e-01	   5.1667194249552995e-01	  -1.0060248319442670e-01	  -1.0278590639845020e-01	   8.8306765015263511e-01	   6.8136380817297371e-01	   8.1565541551331067e-01	   6.5740626147786096e-01	  -1.5368030431255833e-01	  -5.5701855683891750e-02	   6.1741675642298233e-01	   8.5524256878851079e-01	   6.0397883849463319e-01	   5.4282950348265946e-01	   5.9069084357088453e-01	   6.1210213205059559e-03	   7.2540080527587336e-01	   6.2987344400506728e-01	   2.2724707931334666e-02	  -2.0557616367273390e-01	   6.2981490266994969e-02	   1.9730710348192826e-01	   5.8628295891498450e-01	   4.2437846515341304e-01	   6.4912006075083073e-01	   6.9133219573476734e-01	   2.9421958857626967e-01	   3.7059712403730688e-01	   4.9131547891629501e-01	   5.0373972686474811e-01	   5.0716518050537707e-01	   5.2815098246236003e-01	   5.7497447741759267e-01	   6.7924859081865963e-01	   1.3352980189422189e-01	   5.9209948484445843e-03	   4.3696000813182245e-01	   3.1330215423182528e-01	   5.1594825481143336e-01	   4.9746132464555237e-01	   6.3936945861803013e-02	   2.0199155256261503e-01	  -1.8989298559804701e-01	  -6.1946252398106930e-02	   5.3992993792811672e-01	   6.8967551759940027e-01	  -7.3236289082836425e-01	  -1.9263959531448216e-01	  -2.3772007009041038e-01	  -1.2875801011422072e-01	   5.6001216769951467e-01	   3.3434708198763313e-01	   4.1892115705822908e-01	  -2.2741417280595515e-02	   6.7670258078278578e-01	   2.6393486274926048e-01	
   1.7470024127822484e-01	  -6.9224375029860091e-02	   7.9516574577548338e-01	   9.2604050544565730e-01	   5.7463789913379593e-01	   6.2954891765150112e-01	   8.3773878889266928e-01	   0.0000000000000000e+00	   6.2994539191236609e-01	   7.1127607907100121e-01	   2.1054543609606996e-01	   6.2841952944380286e-01	   1.9975597444362880e-01	   6.4992839681525272e-01	   5.1264705043479553e-01	   6.6484952184472013e-01	   7.9276178731525579e-02	  -1.0136793204148208e-01	   2.8845538982802982e-01	   1.8435014274211681e-01	   3.5749695545076116e-01	   1.9579041106301245e-01	   8.1263468179086473e-01	   9.3458374437052816e-01	   6.6670780590846779e-01	   6.7929201020001895e-01	   4.7618763864169783e-01	   6.0208837668365411e-01	  -1.6896730182726943e-01	   8.0611276957905292e-02	   7.0616937278718528e-01	   7.4346305567514970e-01	   6.4716245924316329e-01	   6.1667133427177057e-01	   8.9584464969421695e-01	   7.5269338987794232e-01	   2.9128575560590214e-01	   5.3809271873102027e-01	   2.6584013091203568e-01	   3.9587422827360719e-01	   4.4013727509827927e-01	   5.0301408799784786e-02	   7.7202330595319502e-01	   7.2017352391938216e-01	   8.4441642811698758e-01	   6.1542631817808990e-01	   6.2566413532426302e-01	   6.5887398909197614e-01	   5.8220292651965844e-01	   3.0307197711500944e-01	   6.1140711073610177e-01	   4.4981145388616017e-01	   4.8303454021672865e-01	   4.5078418910079054e-01	   4.7805279932718364e-01	   4.5561332722725384e-01	  -2.8587410093230778e-02	  -4.4026788065001730e-02	   2.7419148828360823e-01	   7.7921542070666316e-02	   3.9817473194027531e-01	   7.4413453754067660e-01	  -1.2211344638196734e-02	   5.1968778748245306e-02	   7.9435628566161509e-01	   8.9394720348766721e-01	   8.7913199039742818e-01	   8.5696711846431639e-01	  -3.9856161144652721e-02	  -1.3107935899165429e-03	   5.9608152109319590e-01	   8.0293128272666014e-01	   4.4088445414589172e-01	   2.8716170570521160e-01	   3.0677935539900725e-01	  -7.5849205911186574e-02	   6.5395027628960190e-01	   6.0314696640275733e-01	   1.7638472674376238e-01	  -1.6925458319100362e-01	   1.8872479235891379e-01	   3.2737958019637425e-01	   5.6048278959611753e-01	   5.8736763863896768e-01	   6.1161917927333120e-01	   8.5426078926589100e-01	   4.4844182799098997e-01	   6.1136722320598136e-01	   5.7500873591888468e-01	   5.3684405569412141e-01	   4.9728018447789674e-01	   3.8886660928327310e-01	   6.6180181637938840e-01	   4.7386097808496230e-01	   2.5578703877482611e-01	   1.5832778146191290e-01	   4.3000663106447690e-01	   2.8168797059539757e-01	   5.0292770354371275e-01	   4.8399707001248715e-01	   1.4389936016350002e-01	   9.3680587715559982e-02	  -1.2627272492593955e-01	  -1.5978681520981593e-02	   5.5933480861262164e-01	   6.0859351703926345e-01	  -7.1177848665581878e-01	  -3.7268699974580854e-01	  -2.7853974269475362e-01	  -2.3475969978921693e-01	   5.7216632166167425e-01	   1.9485102362383838e-01	   3.3024133586990262e-01	   1.0390668293742404e-02	   5.7031474300978113e-01	   3.2782845978221475e-01	
   3.6290384508804285e-01	   2.0831838244356671e-01	   8.0400594712741236e-01	   6.7888090148888414e-01	   9.6586199838935172e-01	   8.3777165030520084e-01	   7.3620134679523386e-01	   6.2994539191236609e-01	   0.0000000000000000e+00	   9.6444783072715135e-01	   4.0771375504291818e-01	   5.5294872211428014e-01	   2.8324196483982900e-01	   7.7816851869513215e-01	   8.8122614784713593e-01	   8.7488173262255875e-01	   1.4108475929933026e-01	   3.0014848326860154e-02	   5.4449189393696562e-01	   4.3021897998033531e-01	   5.5509594518717920e-01	   6.9715298012001892e-01	   7.1612189910829993e-01	   6.6888347475445198e-01	   9.6855684862134939e-01	   8.3834039035319052e-01	   8.0122395879041886e-01	   7.9436417456040331e-01	  -6.4267271454682015e-02	  -1.9558421540401955e-01	   6.4810432105791971e-01	   5.7703371626280686e-01	   5.9627075697470056e-01	   5.5453788185349595e-01	   7.4357620737399088e-01	   7.6267292927678887e-01	   6.6989095794693687e-01	   6.0659906309835299e-01	   5.4814071889653604e-01	   5.8192096060038256e-01	   7.9579900670764503e-01	   4.7856360164849521e-01	   6.3245757608330577e-01	   5.9769585002046843e-01	   5.6797373410896312e-01	   4.3250364729757507e-01	   6.4968033832111083e-01	   6.5701650508700760e-01	   5.5753690740114847e-01	   4.3406592033867142e-01	   6.4497784106991884e-01	   6.0915790333652886e-01	   3.8985987151133183e-01	   3.9203303881712942e-01	   5.4899445336623531e-01	   5.2156436314063759e-01	   1.3453149272169440e-01	   1.5599033691304703e-01	   4.2961655146622951e-01	   2.6485269977864700e-01	   2.9621743977505821e-01	   4.3360168584398501e-01	   1.0088422860353449e-01	   1.0737487438030822e-01	   7.7253919144344829e-01	   5.3315329198433181e-01	   6.5683649488547768e-01	   6.0366290432452385e-01	   1.8135432777951160e-01	   2.1572311827884438e-01	   7.8374597849528993e-01	   8.3627369703827314e-01	   5.2764477206648874e-01	   4.4368075969432702e-01	   5.9197883175475796e-01	   9.7296170013349004e-02	   7.2883639208785089e-01	   7.3513235514937136e-01	   3.7992311524398736e-01	   2.4447054206466673e-01	   1.8150291839719587e-01	   3.3720167878421609e-01	   5.8592137308360659e-01	   5.5370266663791101e-01	   6.7547092243016604e-01	   7.1200890650781457e-01	   5.4794692546217916e-01	   6.6144073562068617e-01	   7.8457737316328635e-01	   6.9276706453411285e-01	   4.8250143851400107e-01	   4.5270045003197068e-01	   6.1985089983887254e-01	   6.0407575295905502e-01	   3.1052703628621015e-01	  -4.6581642831948940e-02	   6.2379739281431912e-01	   3.5382851066195697e-01	   5.3776083837994049e-01	   5.2011568331824154e-01	   2.1395869441567930e-01	   2.1450017354474316e-01	  -4.9066859028375029e-02	  -7.5707290835854035e-02	   5.4942839056335369e-01	   8.0383691286080350e-01	  -7.0165493947028146e-01	  -2.2135984218683816e-01	   1.0795544812586125e-01	   1.6650900662662890e-01	   7.1782368314895861e-01	   3.9801018194093096e-01	   3.9286762883898979e-01	  -3.6104780179169044e-02	   7.8748866323839928e-01	   5.3051617941694262e-01	
   4.1724581372910208e-01	   3.2636391017987204e-01	   7.5420820801760347e-01	   7.6498717195158428e-01	   9.5527364848678098e-01	   9.2268315470697859e-01	   6.8971574256441981e-01	   7.1127607907100121e-01	   9.6444783072715135e-01	   0.0000000000000000e+00	   4.5027421585316929e-01	   6.3418973582044225e-01	   2.7995241378471503e-01	   8.1910524722722999e-01	   8.5773220096891256e-01	   9.2708990009713688e-01	   2.7836655822919143e-01	   1.2959057795866138e-01	   5.8106984396467598e-01	   4.9221240613061368e-01	   6.0300813867040925e-01	   7.3008144551549226e-01	   6.5185215619577952e-01	   7.0172701835519224e-01	   9.6944827857351734e-01	   9.0023785297141568e-01	   8.7689523113932188e-01	   8.9819149778975604e-01	   2.1996033208895288e-02	  -1.6069185981619480e-01	   6.9791144490764556e-01	   6.2802133670819771e-01	   7.0238780963002057e-01	   7.0595611628281030e-01	   7.9638180124676206e-01	   8.0381310803383199e-01	   7.5440851904179240e-01	   7.2343230343586296e-01	   6.4128955867847726e-01	   7.0079713023701029e-01	   8.3321514749112624e-01	   5.1118187878382204e-01	   6.9150401856111787e-01	   6.7036553365702856e-01	   6.5135832677840821e-01	   5.5531453726814994e-01	   7.1355722109296604e-01	   7.1288442047342404e-01	   6.1868100480683441e-01	   5.3631101657853919e-01	   7.1522868896711511e-01	   6.8472846302102630e-01	   4.5029717966049326e-01	   4.4066179846485848e-01	   6.4346254210636822e-01	   6.3288793072079674e-01	   2.7846270090451769e-01	   2.8966875558348337e-01	   4.9014089253271581e-01	   3.4024356381375959e-01	   4.0717235678194102e-01	   5.9853239397057989e-01	   2.2401546221687091e-01	   2.5757705124757346e-01	   7.4585349382617050e-01	   6.1289243321064268e-01	   7.0590517069820669e-01	   6.9302661567202284e-01	   2.9436206592845815e-01	   3.0053981624009868e-01	   7.8032715029552879e-01	   8.5618826262138148e-01	   5.5296317604325906e-01	   4.1565555271019322e-01	   5.1182212032022900e-01	   1.2980589230645528e-01	   7.7639549261910323e-01	   7.6780141107237443e-01	   5.1412736803103687e-01	   3.1984713879820620e-01	   3.1293459025268988e-01	   4.6588377134339393e-01	   6.2245305989144473e-01	   6.7749735804920164e-01	   7.3329406227365446e-01	   8.1621438183589212e-01	   6.2775506784843360e-01	   7.9545786666327611e-01	   8.3235007857310905e-01	   7.5845479321489195e-01	   4.6977315561034000e-01	   3.6824953215292006e-01	   6.2271118860715269e-01	   4.8905303012760903e-01	   4.4414795439293508e-01	   3.9394343962714282e-02	   6.9484168423821457e-01	   4.0589379508058315e-01	   5.6518692239530077e-01	   5.3669403369755675e-01	   2.4170343032611591e-01	   1.8224716279819875e-01	  -2.6948388992189464e-03	  -2.3348831881025996e-02	   5.7577831140666691e-01	   7.7284728913206424e-01	  -7.2507357093457636e-01	  -3.4684416280084374e-01	   4.4135399600048669e-02	   1.5537955538645459e-01	   7.6471006915345863e-01	   3.2444391058959399e-01	   3.4528837013380509e-01	  -1.5208246490226611e-02	   7.2939076188369067e-01	   5.5512573613664917e-01	
   9.7252511329813340e-01	   7.5482717125737875e-01	   3.5817667327840103e-01	   2.5754719738007575e-01	   2.6178494789396878e-01	   4.7010456691220082e-01	   3.3255399616305092e-01	   2.1054543609606996e-01	   4.0771375504291818e-01	   4.5027421585316929e-01	   0.0000000000000000e+00	   8.1041899970492948e-01	   9.2789010528709448e-01	   7.6446329352118025e-01	   7.3836294532046076e-01	   6.0487897267284518e-01	   7.1190961109484652e-01	   6.5737747944318858e-01	   8.7142252792890385e-01	   8.4340608531308847e-01	   5.7609947670633332e-01	   3.6032802618805815e-01	   2.8302346388784910e-01	   2.7290766828921070e-01	   3.5949915723430170e-01	   3.2211917212020147e-01	   5.3106743757047736e-01	   5.0575980197761927e-01	   6.3426682053690642e-01	   3.5873313243881710e-01	   4.9349267656069634e-01	   3.8544270903257954e-01	   6.7826869733985040e-01	   6.2656434011148665e-01	   2.2383560134468977e-01	   1.3724480038715398e-01	   5.8304112222740367e-01	   5.3171828917247121e-01	   7.4065321109957671e-01	   5.4687697333861651e-01	   7.2881111597474679e-01	   5.3493426385500020e-01	   4.8236264261839346e-01	   6.1701200994663608e-01	   2.9821850700706187e-01	   4.9191145869895703e-01	   7.5285142389441373e-01	   6.0285549425110818e-01	   6.5590495695073137e-01	   6.9422392759653273e-01	   6.9203756381258419e-01	   7.5839785042721497e-01	   5.7379832405643005e-01	   4.3676950704385237e-01	   7.0283876105233811e-01	   7.2637476454465699e-01	   6.7520634445670380e-01	   6.7853623733533375e-01	   6.7807855726865474e-01	   4.7550560758081317e-01	   7.7569087419797178e-01	   4.4592183423035581e-01	   7.4800725402083978e-01	   5.8788339981605220e-01	   3.2123213349138074e-01	   7.1411420169158718e-02	   3.1466000966013452e-01	   1.8268944976369947e-01	   5.9979328905840534e-01	   5.9438184658935056e-01	   3.6118936185404338e-01	   4.4907071513080560e-01	   8.4428361710084876e-01	   4.7824904468829876e-01	   5.7289697110151305e-01	   1.9398664233818597e-01	   7.0259532291518556e-01	   6.2691948566434874e-01	   6.7905451422258489e-01	   6.2135269546227878e-01	   7.7849427582586450e-01	   7.7111796234607377e-01	   6.8736216955425133e-01	   6.5279847777483480e-01	   8.6044699146931780e-01	   5.2769904230421660e-01	   3.9656450994889664e-01	   4.7624084021652924e-01	   5.3261345145304118e-01	   6.4888015095671936e-01	   1.4136285845952068e-01	   1.1060074414567794e-01	   5.2984727264772588e-03	   8.9872542969684194e-02	   3.9391131444270489e-01	   5.2151663620466804e-01	   7.0548377625399383e-01	   8.2623347422271365e-01	   4.9787824600081731e-01	   4.4253613151245741e-01	  -8.5744211887771954e-02	   1.5318280209325152e-01	   1.3355391226825139e-01	   1.1731582646464360e-01	   4.8487847663241329e-01	   4.3755023844972452e-01	  -5.0902072366588824e-01	  -3.1194690161463112e-01	  -1.2433062314617968e-01	   2.9292075917278865e-02	   4.1083976257679222e-01	   1.2308109716598001e-01	   1.2629391332519299e-01	   9.9482946103076675e-02	   3.2633775455007835e-01	   2.0197697894003649e-01	
   7.5072488277278415e-01	   4.6373850925189358e-01	   6.0347497277773055e-01	   5.6107421668517532e-01	   4.2940970820667412e-01	   5.4401757168333376e-01	   6.4701883849166619e-01	   6.2841952944380286e-01	   5.5294872211428014e-01	   6.3418973582044225e-01	   8.1041899970492948e-01	   0.0000000000000000e+00	   7.8094050891682742e-01	   9.1504373125908911e-01	   7.1500133866449089e-01	   7.4276677190317830e-01	   5.9677703057270670e-01	   5.0577156656031363e-01	   7.4163388025561461e-01	   6.7238938758515343e-01	   6.5108215692052906e-01	   3.6723617032703265e-01	   5.5787362171908295e-01	   5.9021477504295372e-01	   4.9675143636772690e-01	   4.7237002173595122e-01	   5.5702998702084372e-01	   6.0575448774332485e-01	   4.9644574081240134e-01	   5.4325486485627972e-01	   6.7317120091704652e-01	   6.0190874491586244e-01	   8.2546934006750750e-01	   7.4538338776760771e-01	   5.0575473865295606e-01	   3.6685696097469256e-01	   5.2238151776903063e-01	   7.0259297280243715e-01	   6.3873660808743060e-01	   6.5371438122303960e-01	   7.2756836055084062e-01	   3.8074708323366835e-01	   8.5166924147090195e-01	   9.0452442662582078e-01	   6.8500589534731748e-01	   7.6502594955116487e-01	   9.1377408903097201e-01	   8.5550461552465018e-01	   8.7007603829035740e-01	   7.2822737031833407e-01	   8.9936255889043593e-01	   8.5778834759696132e-01	   7.6208272810258104e-01	   6.7777075704389222e-01	   7.8518105842603769e-01	   8.0054473181257946e-01	   4.9171354474731588e-01	   4.8006228055613165e-01	   7.1720438086980842e-01	   4.6688280962874618e-01	   8.8573709926078537e-01	   8.0515685281687355e-01	   5.6700042250785399e-01	   5.3551485852095326e-01	   5.8713968508039294e-01	   4.6166492717617225e-01	   6.8583435704200246e-01	   5.7485771964278976e-01	   4.1032476129807827e-01	   4.4994739603343148e-01	   5.0348435138389536e-01	   7.0094411562782244e-01	   8.6305898580600238e-01	   5.9519021083359613e-01	   5.8854952982415532e-01	   1.6631424325247615e-01	   8.6480384931484366e-01	   7.7065466258041004e-01	   6.1093278244542404e-01	   3.7396216519936237e-01	   6.5513166756048946e-01	   7.2525373124947379e-01	   8.0144457321531759e-01	   8.0198984143311591e-01	   9.3268033709814402e-01	   8.0521054855951035e-01	   4.3516740704242263e-01	   6.0423692041340948e-01	   6.1259344167031560e-01	   8.0784922698920103e-01	   3.6875145373060447e-01	   2.8840609001189010e-01	   2.7170588759128944e-01	   2.5928873237289402e-01	   4.9765519528307844e-01	   4.0514926298496401e-01	   8.1105463981444781e-01	   7.8680432489519714e-01	   6.5224539481657273e-01	   6.1060351560807558e-01	   1.0606312467332939e-01	   2.3297884626973611e-01	   1.4147476503033687e-01	   2.0494076735127095e-01	   6.1797605362376651e-01	   6.2267135306701715e-01	  -7.0728776751527000e-01	  -4.0711874658947123e-01	  -2.2855860649778384e-01	   1.0419283969451983e-01	   6.5045810360310607e-01	   2.5751848887332507e-01	   2.9179927662670685e-01	   1.2173628933400334e-01	   4.8064673826229309e-01	   2.2089690064310555e-01	
   8.8516639318140033e-01	   5.4033538876353782e-01	   3.9134624623925984e-01	   2.0826486970605423e-01	   8.7135630436076320e-02	   2.5438256740029952e-01	   3.9914348953508572e-01	   1.9975597444362880e-01	   2.8324196483982900e-01	   2.7995241378471503e-01	   9.2789010528709448e-01	   7.8094050891682742e-01	   0.0000000000000000e+00	   6.8521216108193705e-01	   6.5102239771549508e-01	   4.7796974791755731e-01	   5.2295591117134244e-01	   5.0984197374099172e-01	   7.1437088807569649e-01	   6.6527064370792111e-01	   4.9181389419142063e-01	   1.5604628926455238e-01	   3.5998543671023653e-01	   3.0423495501380265e-01	   2.1131801339612610e-01	   1.5773230523155857e-01	   3.1296285083286057e-01	   2.8678778035479652e-01	   5.3723894678245221e-01	   4.7398904737767589e-01	   4.2863686926482747e-01	   3.8242566731287719e-01	   5.6469334267428839e-01	   4.3532227401743584e-01	   1.9224613155086259e-01	   5.4114733586278066e-02	   3.8723911395464611e-01	   3.7608306486014925e-01	   5.4296482300717552e-01	   3.2109251664643823e-01	   5.8007746299688634e-01	   3.3189221391495666e-01	   4.4079407465475284e-01	   5.6106280260028174e-01	   2.3860114649450673e-01	   3.6451289250237917e-01	   6.5031435271070037e-01	   4.9355878234466494e-01	   5.8411991796439233e-01	   5.0232460043980631e-01	   5.8663936084198465e-01	   6.1268213802432947e-01	   4.8600484650523046e-01	   3.4298593009571754e-01	   5.2645972740257818e-01	   5.5396394076981137e-01	   4.4693524692422476e-01	   4.2498957107902313e-01	   5.6608428129599087e-01	   2.9043850615837463e-01	   6.9458929173794037e-01	   3.5122694069454496e-01	   5.6430632222402122e-01	   3.5493564590482413e-01	   3.8637188217641694e-01	   1.1756059457611141e-01	   2.8944878293961718e-01	   8.9217796873662408e-02	   3.4867234429414395e-01	   3.6501213881765215e-01	   2.9020913707108986e-01	   3.9915675100043824e-01	   8.1266392195426529e-01	   4.2917432844763187e-01	   6.6597679113280861e-01	   9.8981547595394584e-02	   6.0601725505856052e-01	   5.1175781466560510e-01	   4.5131200162499879e-01	   4.0405872878398541e-01	   6.3987065439460233e-01	   6.1302508982258019e-01	   5.9468384270085883e-01	   4.8673035508459606e-01	   7.8640089128303370e-01	   4.5373160838192939e-01	   1.9061028072302524e-01	   2.7210166856150703e-01	   3.6147242759311660e-01	   5.1042448274138041e-01	   9.3566021486547205e-02	   1.1934248405689071e-01	  -2.3812125006914958e-02	   1.4771369459333167e-01	   2.7122376739099263e-01	   4.9083386403495899e-01	   5.2034879627051411e-01	   7.4074908326019351e-01	   3.8350256470229183e-01	   3.3529341727274919e-01	  -2.0872042400347596e-01	   1.0514224551408308e-01	   8.2235272045426897e-03	   4.1209036423768518e-02	   3.9967647380860571e-01	   3.5180758188110595e-01	  -4.5449253551389324e-01	  -2.0237108222014216e-01	  -1.9740297664334766e-01	  -2.7159279634776441e-02	   2.5709327867543807e-01	   5.6815915495287327e-02	   9.0326260699769734e-02	  -2.0285423075354719e-02	   2.3134834080080147e-01	   8.3705080584150077e-02	
