   0.0000000000000000e+00	   4.0660007064878223e-01	   4.2035739945259026e-01	   1.5098388471393326e-01	   5.4063902917075940e-02	  -6.8199294403418251e-02	   5.5472313316641464e-01	   6.1394207971557382e-02	   1.5502385111715003e-01	   2.3954697480453507e-02	   7.9751351293628092e-01	   2.6935543251276628e-01	   6.2444184914432976e-01	   1.4480448413287980e-01	   4.1918667160704093e-01	  -1.5180568969031779e-02	   4.7898589318941232e-01	   4.9137631248503572e-01	   7.0890851286582557e-01	   4.5031414728505470e-01	  -5.2443588623200837e-02	  -8.8274360731848897e-02	   2.0690096933940302e-01	   1.1666679106105474e-02	  -1.0355513860922201e-01	  -8.1305012295027138e-02	   1.5248838753958321e-01	   1.0763073087136237e-01	   4.3498411061649700e-01	   2.4423264473424428e-01	   7.8313236353792837e-02	   6.2138446557088722e-02	   3.9984081228293783e-01	   2.9096038426749010e-01	  -6.9329999543547433e-02	   5.0813348934772948e-02	   9.4677773753795214e-02	   1.7649742327631127e-01	   1.4817890272833706e-01	   1.2531900464701698e-01	   5.0868166639466680e-02	   7.8818474902792562e-02	   2.3079808605533869e-01	   2.3064854281675451e-01	   5.6145158709076964e-02	   1.0427795263337197e-01	   3.9818102548377049e-01	   4.1936851233651168e-01	   1.4385072155861373e-02	  -4.2652309550587977e-02	   2.9571405556631725e-02	  -1.1907133238436068e-03	   4.0200689393117806e-01	   3.0012740607810584e-01	   3.7906938617833497e-01	   2.8766104389759939e-01	   8.5080568993638117e-01	   4.3910845065129711e-01	   1.2783952761050832e-01	  -7.0655902599390766e-02	   5.0203114305589513e-01	   2.1253170436604787e-01	   4.8624122839458722e-01	   2.9235057158769617e-01	   2.4751319048528328e-01	   1.5362884875660374e-01	   3.6529241982726751e-02	  -1.6120110075612846e-02	   4.7421095841798555e-01	   3.5865908748967557e-01	   2.3501125765133873e-01	   3.6770944545751472e-02	   3.3323385056288096e-01	   1.7991139429818537e-01	   5.0488803489114753e-01	   2.9796143200730096e-01	   3.5962188804463019e-01	   1.8574189459520582e-01	   2.5440420664263341e-01	   3.8287258523135376e-01	   2.1742276232844088e-01	   4.1122914919885611e-01	   4.2833614775088852e-01	   3.4493868527195232e-01	   2.8948941714515414e-01	   1.4908683499137590e-01	   2.3408475541219895e-01	  -5.4756006025521657e-02	   4.3130566745604410e-01	   6.2114768416073651e-01	   4.7989987485178742e-01	   5.3269273979229159e-01	   2.2470148224230821e-01	   4.3716701084785370e-01	  -1.1813336361306466e-01	  -2.1066619427771799e-01	   2.5811260019310350e-01	   2.6635014242031774e-01	   5.1694955680968779e-01	   4.9296554166685469e-01	   1.7553730700480211e-01	   4.0381582859512927e-01	   1.6516441353013203e-01	   1.5715072805401226e-01	  -1.0677017267469772e-02	   5.6931347164139695e-02	  -1.2329832675900562e-01	   1.8348683284050021e-01	  -4.0267443539418572e-02	   9.1876809544938140e-02	   3.9528752523715321e-01	   4.8049473319202834e-01	   4.1532488942033807e-01	   1.2026314984187447e-01	  -2.4123990689108465e-01	  -3.0189451613871077e-01	
   4.0660007064878223e-01	   0.0000000000000000e+00	  -2.3994103176318698e-01	  -2.0937621138484952e-01	  -2.3464893031342071e-01	  -6.8719854849381534e-02	  -2.0001209685250998e-01	  -3.0411068373755135e-01	  -2.5225774975284454e-01	  -1.3290960679034450e-01	   1.1627184346320544e-02	   9.6140675021379227e-02	  -1.2128563159979722e-01	  -1.1043395445721714e-01	  -3.8371851323077001e-02	  -1.3794662590926343e-01	   5.9372298846668048e-01	   7.6453287700505335e-01	   2.6317271249168445e-01	   6.0361987409983942e-01	   2.6022518149839208e-01	   2.6217045272356687e-01	  -2.5347188656730851e-01	  -3.5877755505117553e-01	  -1.6983484667885268e-01	  -9.6128892534849839e-02	   2.9798824483633096e-01	   3.1443904329537636e-01	   3.1468249570814949e-01	   4.7323751681650905e-01	  -1.2010884634668598e-01	  -1.6330057778319151e-01	   4.4901214899864128e-01	   4.5674095297452100e-01	  -4.8205009035535401e-02	   4.4287559238650666e-02	   2.7540828344052522e-02	   1.4818603486301307e-01	   3.9319238249361982e-02	   3.4187613458130844e-02	   1.4095136830927846e-01	   2.5864883844524383e-01	   1.6075225251410377e-01	   2.0602359131397813e-01	   8.0520738802791189e-02	   4.9720433305449535e-02	   1.8264747836193843e-01	   2.3573890303236406e-01	   5.6334268409919043e-02	  -5.8769263547416309e-02	  -4.3037863117270002e-02	  -2.3322598812539846e-01	   8.4643559453224201e-02	  -9.4837128018283451e-02	   2.2921896878483702e-01	   4.7578252046932400e-03	   5.4841786776549872e-01	   1.5013799669489054e+00	   2.9214529829411784e-01	   2.5074595344303297e-01	   1.5346568408612471e-01	   1.1041228915937253e-01	   3.8656195293420925e-01	   4.2908071143502696e-01	  -1.2567623971386549e-01	  -1.1234223394008509e-01	   1.1791369816805373e-02	   9.2659809899366761e-03	   4.1438859877326401e-01	   3.0071493297843549e-01	   4.8759425534236914e-02	   5.8512238101556972e-02	   4.3191248044836950e-01	   5.2455110738205468e-01	   4.6309656784208242e-01	   4.4327766487984910e-01	   2.1797662923824346e-01	   3.0281479986418475e-01	   3.2430130885568964e-01	   7.8643080529832687e-01	   2.5288998490040321e-01	   2.5490923933620208e-01	   1.0326327024631939e-01	   2.7606010045433599e-01	   3.5583339702647349e-02	  -1.3836982207575221e-01	   1.4104725082966310e-01	   4.8344556815047353e-02	   2.2341608680345743e-01	   2.7269700016250209e-01	   3.7315141384744101e-02	   1.0554908279773666e-02	  -2.6585454863114694e-01	  -1.5535132701623314e-01	  -3.2001805574798309e-01	  -3.3673530658385559e-01	   2.7205672173760298e-01	   1.1247427492773394e-01	   5.0793211701486907e-01	   2.5718680827845852e-01	   1.2950287276853567e-01	   1.8151455811603012e-01	   4.2442415919901350e-01	   2.6710444950476619e-01	   2.3237143438569283e-02	  -1.2628985184108002e-01	  -4.8393039797277666e-02	   2.6282067891597349e-01	   1.3695476788301676e-02	  -1.6161854656304109e-01	   3.0321420108578007e-01	   4.3476878254441798e-01	  -5.2572584224779034e-02	  -2.2903386697311578e-02	  -1.8028568922791410e-01	  -3.2788205399374437e-01	
   4.2035739945259026e-01	  -2.3994103176318698e-01	   0.0000000000000000e+00	   8.0030617390864900e-01	   5.3263418748386993e-01	   1.9693196669931340e-01	   1.1992308346145315e+00	   5.3486655110151315e-01	   5.9151749617173777e-01	   3.0370870598884475e-01	   6.1731040265461201e-01	  -3.3405673645670361e-02	   7.2148521911521069e-01	   2.0190329213622407e-01	   6.8969853053916397e-01	   4.0354751462865779e-01	  -1.7943144901405528e-01	  -2.4404940711145498e-01	   5.4149345495233658e-01	   8.6586254892053988e-02	   1.0644737810012869e-01	   1.0358691242077844e-02	   1.1183164948222162e+00	   8.6768499136334631e-01	   5.8769914610740082e-01	   3.9569917275411476e-01	   1.9847002454942700e-01	   7.7754432017342959e-02	  -8.8781141588593224e-02	  -1.8564547074356677e-01	   5.7235980612437165e-01	   5.1125647459525614e-01	  -2.7436300117769628e-02	  -6.5559286829326546e-02	   5.5661171811664456e-01	   4.4684784191475019e-01	   3.1904491187367656e-01	   1.2281879361686474e-01	   2.0910802066360229e-01	   1.3568674274868239e-01	   2.0026800134032366e-01	   1.7928170986565784e-02	   3.7842051893334151e-02	  -1.4397663579237883e-02	   2.9569284517963002e-01	   1.6504766194911016e-01	  -3.8668549775089711e-02	  -9.8398518359232606e-02	   2.6937496556028351e-01	   1.2059657564046047e-01	   5.2071639120431856e-01	   2.9244789087256257e-01	   3.5391431123598577e-01	   4.3115722662054468e-01	   2.4062558942256573e-01	   8.3695552759957895e-02	   4.1552821304601167e-02	  -2.7798062790695194e-01	   9.9137247143252116e-02	  -2.6916056676137112e-01	   1.8456495335504478e-01	  -1.0191215903947820e-01	  -1.1946431792235788e-02	  -3.2105639264442498e-01	   7.5008572498818005e-01	   3.1075768328979791e-01	   6.2768307013419478e-01	   3.6727203712655399e-01	   9.7684830551759610e-02	   1.9190426863598664e-01	   3.7400567185250005e-01	   1.7780755853956853e-01	  -1.4708090690924133e-01	  -3.1535316336502328e-01	  -6.9238426044978263e-03	  -1.1650989245659429e-01	   1.8715529376716702e-01	  -3.3436613380876730e-02	  -1.3088082579180441e-01	  -1.3023261008111367e-01	   1.6086213868006176e-02	   2.0433039255686558e-01	   5.5557639677645343e-01	   3.4273725844163355e-01	   7.6081210661540344e-01	   5.3372850483023115e-01	   3.3506403994708944e-01	   3.5829929791289766e-01	   5.4440274710628300e-01	   3.1273139286024620e-01	   4.7516590370117301e-01	   5.5309127050649998e-01	   5.4923959070210804e-01	   8.5935109763884998e-01	   3.5206353024651277e-02	  -7.1509451804258689e-02	  -4.5464550472342061e-02	  -7.3081172441634132e-02	  -3.5998069293291662e-02	   1.2294938421798408e-01	   2.2120969991030615e-01	   3.0721161229240079e-01	   3.0180558656642386e-02	   3.3356271972066406e-02	   1.2300132023931819e-01	   2.2350170666590272e-01	  -1.5830875277851317e-01	   2.8881428185960661e-01	  -4.0104120837698910e-02	   3.4793123242215798e-02	   5.8182254564514035e-02	  -1.1416127148861301e-01	   3.3462350843052435e-01	   1.0734341171928764e-01	   1.0671547574895231e-01	  -1.9396908596780743e-01	
   1.5098388471393326e-01	  -2.0937621138484952e-01	   8.0030617390864900e-01	   0.0000000000000000e+00	   6.1929276995147164e-01	   4.4339095110636206e-01	   7.3808002480553336e-01	   1.1529495968229193e+00	   6.5985111905041205e-01	   5.0511971064485994e-01	   3.8049866266008281e-01	   2.8040744509696336e-01	   4.8570648081368106e-01	   5.2204325017593112e-01	   7.2740614225702382e-01	   7.1134072224414713e-01	  -1.5482654193192610e-01	  -1.0076072973120034e-01	   5.2881792863651123e-01	   3.5309798287841698e-01	   1.9073895318242626e-01	   1.9762383419560431e-01	   8.1937401792133180e-01	   9.7005511867174965e-01	   4.0748252300180027e-01	   4.9535501789384573e-01	   2.5806853151863873e-01	   1.7722034883162521e-01	   5.5130482480517150e-03	   8.7925596881126694e-02	   5.0171389626489094e-01	   6.2950357472955087e-01	   3.0514803124089575e-02	   1.4323536902019521e-01	   4.3362213596595245e-01	   5.0236537232306466e-01	   9.6710313335585690e-02	   1.4385116100637665e-01	   2.0904591609677600e-02	  -6.8967274727871550e-03	  -1.0735550821714847e-01	  -8.7864383151657260e-02	   7.8178405936340067e-02	  -6.1948493065867739e-03	   4.1406924962800051e-01	   2.8261819813100864e-01	   4.8709400918653181e-02	  -2.1170949174144204e-02	   2.6661549480568242e-01	   9.1835706743038120e-02	   4.3389322652772983e-01	   2.6676700856617874e-01	   2.0418123823856582e-01	   2.9550072825169049e-01	   4.0991975225400601e-02	   8.5528312345878391e-02	   6.2077376676239318e-02	  -1.8572939311538050e-01	   1.1955030604811541e-01	  -1.0229220534688269e-01	   2.1080372817455770e-01	   2.3168655358585860e-01	   6.8707878777277603e-02	  -8.4806812474505638e-02	   7.3565172648690591e-01	   5.1364974336134694e-01	   7.2592153543692384e-01	   7.0892490545622566e-01	   8.3790496227395761e-02	   5.0840257079964546e-01	   2.9173462793170490e-01	   4.2589586523553391e-01	  -7.8299490482366785e-02	  -6.0902531035733551e-02	   8.1358766479200068e-02	   1.1420447495967619e-01	   1.2211594543828538e-01	   1.9340725669016556e-01	  -7.8471238030044230e-02	  -5.5725873508008436e-02	   2.0024577174226430e-02	   1.3963292587929571e-01	   5.2046294669475635e-01	   4.0964841861231216e-01	   6.5360480521526865e-01	   6.4663768407711075e-01	   1.2337715133024957e-01	   2.2305715786708580e-01	   3.5095662219016732e-01	   5.3908598637811433e-01	   6.8473314528400531e-01	   6.4552719979309414e-01	   8.7765315437995661e-01	   6.5822505159871070e-01	   1.8321879061162918e-01	   1.9793427925493481e-01	   7.0191481769048894e-02	   1.6002474512636500e-01	   1.6490680036003130e-01	   2.8180218187104689e-01	   4.7232876934447621e-01	   3.2722378991920037e-01	   2.7824129715048457e-01	   2.3889607179330899e-01	   3.6770736632048417e-01	   2.5421747226477742e-01	   1.1775364274246715e-01	   4.0142158813783646e-01	  -8.9144420655892665e-03	   2.0371869382858321e-01	   2.4705542750166970e-01	   1.0482739019991542e-01	   4.0231517786028281e-01	   3.0117031651785098e-01	   2.0433980736549182e-01	  -1.6104869341613598e-01	
   5.4063902917075940e-02	  -2.3464893031342071e-01	   5.3263418748386993e-01	   6.1929276995147164e-01	   0.0000000000000000e+00	   1.2461197589583182e+00	   6.7432874611329252e-01	   7.0536384948403452e-01	   1.4928915929210000e+00	   1.2214935936310609e+00	   1.1350893609666829e-01	   7.2525687649769160e-02	   4.6635441366512426e-01	   4.6653218887924319e-01	   6.7294062214494743e-01	   6.4645212106455052e-01	  -1.2854355423138225e-01	  -2.6305905221802084e-01	   3.4401880640133314e-01	   1.8272527005576078e-01	   4.3203038731531063e-01	   4.9760073220061773e-01	   2.7948523206483356e-01	   2.8123439512101844e-01	   7.4268639020272764e-01	   8.2584700553911972e-01	   5.7344349006201512e-01	   6.3085641476702992e-01	   9.5354733996814850e-03	   7.5737878347300960e-02	   2.1685019768681582e-01	   1.3426975597198110e-01	  -5.6680636777699842e-02	  -8.3771151182296236e-02	   3.9465574508895977e-02	   1.3477837697412457e-02	   1.4242533942642865e-01	  -8.2737100897363816e-03	   2.0243335783160993e-01	  -5.3031647722594853e-02	   1.0499035352836976e-01	   9.8619025435544960e-02	   8.5570954467173194e-02	   5.3861395925044270e-02	   3.6185155833750915e-01	   2.1242859712959758e-01	  -1.6144136581144965e-02	  -7.6782312294540633e-02	   4.2228442254791460e-01	   2.5326055161102357e-01	   4.8868821252306216e-01	   4.2929155380407286e-01	   1.6429504368638156e-01	   1.1021363964197699e-01	   4.1899607638686255e-02	   4.2652765645669740e-03	  -9.1509112694835013e-02	  -2.5714715287254608e-01	   5.2408350367047418e-01	   1.2508175080473835e-01	   5.4511070021794994e-01	   4.2037600806358716e-01	   5.6967005297993152e-02	   3.1705449593436533e-02	   5.0586612708159351e-01	   4.3691696057869017e-01	   5.7862046727243110e-01	   3.6101589965843428e-01	   3.0052141426940948e-01	   4.7836804392776588e-01	   4.1658199815836111e-01	   3.9742999167532822e-01	   1.5310419748817236e-01	   1.3112570106057408e-01	   5.7843526820425123e-02	   1.1977420221366747e-01	   1.2851335884585324e-01	   1.2039972052246590e-02	  -3.4145032099645478e-02	  -1.9705207976691408e-01	  -1.1221654081596078e-02	  -7.4217327365198107e-02	   2.5453053591721453e-01	   3.4573538104440742e-02	   3.8196683635452383e-01	   2.2043972808021839e-01	   1.8989930513404751e-02	  -7.6560401705830214e-02	   3.7654831134027045e-01	   4.6921914739831838e-01	   4.2619095966227516e-01	   3.5497207444953904e-01	   4.7454220750779841e-01	   2.9002727449062865e-01	   2.6373725940642445e-01	   2.7085662381615822e-01	   4.1874131216478302e-02	   6.0446429809972238e-02	   3.0619885754269209e-02	   5.5314028925218160e-02	   7.3977271151321056e-01	   4.9020571388688761e-01	   5.6004207981669385e-01	   4.7283838586322435e-01	   6.3895629167827650e-01	   3.3164896394863547e-01	   2.8767145444090753e-01	   7.3342068535452909e-01	   1.6800264914259377e-01	   2.6433585779078905e-01	   1.7215907852303612e-02	  -9.9295620580516775e-02	   1.6009909954278559e-01	   3.0242777668043175e-01	   3.4668832012751727e-01	  -3.7776098091323325e-02	
  -6.8199294403418251e-02	  -6.8719854849381534e-02	   1.9693196669931340e-01	   4.4339095110636206e-01	   1.2461197589583182e+00	   0.0000000000000000e+00	   2.8858348269726386e-01	   4.6474085329276510e-01	   7.4695668766374113e-01	   1.5974079804920240e+00	  -1.4908311534737428e-01	   4.3505561542266188e-02	   1.9532046544587797e-01	   4.5810337863167261e-01	   3.1474307683455605e-01	   4.8168704321755573e-01	  -1.6389810895318241e-01	  -1.7126332445781456e-01	   1.3206318635790470e-01	   1.5085873091886967e-01	   5.7563886235922024e-01	   7.5453649646153409e-01	  -2.0546589712809669e-02	   3.9390886985193420e-02	   6.8984008431823529e-01	   9.2092960390762446e-01	   7.8758062027387010e-01	   9.5615249390037760e-01	  -8.3715894383789791e-02	   1.3566610774767610e-01	   5.3706076940913589e-02	   1.7587270474208851e-02	  -5.6262657867466745e-02	  -4.6646294185694416e-02	  -6.5657016722516712e-02	  -6.4174163690036021e-02	   6.9388658180078389e-02	  -1.8971848220765610e-02	   2.2328844370895329e-01	  -5.4064951839653395e-02	   1.1496379168807531e-01	   1.5194238707398630e-01	   8.8538092449028119e-02	   6.0255194772881049e-02	   2.7066637721748510e-01	   1.6727773557977693e-01	   3.0369441111371097e-03	  -3.4217211152296263e-02	   3.5772960393210884e-01	   2.3441618962221530e-01	   3.4829372497542921e-01	   3.4820653921732619e-01	   9.4167296791643151e-02	  -2.3754310074822541e-02	   3.2754095819050186e-02	  -3.9781731961922633e-02	  -9.3819449227715401e-02	  -2.6820842888908413e-02	   7.9070077856600052e-01	   4.6939891964074809e-01	   5.6500404764672507e-01	   6.0515587718904806e-01	  -4.1731313623033735e-02	   1.4120918265002247e-01	   2.5267573123167969e-01	   3.8102084232067829e-01	   4.9978948953153435e-01	   3.4564472596663554e-01	   2.9033438473604950e-01	   5.0189569044889903e-01	   2.9976760639950711e-01	   4.3817730275112948e-01	   1.2739557510511085e-01	   2.5747930843038613e-01	  -3.4902556377811013e-02	   1.5063458481153977e-01	   3.1837334950911331e-02	   8.0183255615882298e-02	  -2.2497083378365243e-02	  -7.9762093953558530e-02	  -8.6454669808432388e-02	  -2.7220582615636640e-01	   4.6950428132710699e-02	  -9.8840527025506428e-02	   1.4306311030232227e-01	  -3.0176171295434796e-02	   2.6702970948897703e-02	  -1.2817092598555588e-01	   2.8804145934058500e-01	   4.0476840547129173e-01	   2.4391525625025878e-01	   9.4575631067556759e-02	   3.2831285787573833e-01	  -4.1277704795275129e-02	   2.7231319646307189e-01	   2.6880083724711346e-01	   1.8951394962755574e-01	   4.3534639688259484e-02	   1.1431272528557242e-01	  -1.9948746885691749e-02	   8.1476888014650262e-01	   3.9882394965358964e-01	   7.8844027164498764e-01	   5.6724171912422949e-01	   8.4487344324976021e-01	   3.6823589960056796e-01	   4.0075976478444780e-01	   8.5463755887773118e-01	   1.1664567654626989e-01	   2.0080612264385317e-01	   7.8941002759135449e-03	  -5.0970311567404371e-02	  -8.3774929581422984e-03	   3.9444695538689412e-01	   4.5145646137664741e-01	  -3.6533728666753300e-02	
   5.5472313316641464e-01	  -2.0001209685250998e-01	   1.1992308346145315e+00	   7.3808002480553336e-01	   6.7432874611329252e-01	   2.8858348269726386e-01	   0.0000000000000000e+00	   7.5620432895970080e-01	   7.7799146123412066e-01	   4.2130800751366271e-01	   8.4266708520170297e-01	   2.2009522932166126e-01	   1.0153913098496781e+00	   4.0614183524222691e-01	   9.6056649490445534e-01	   4.5180711914799293e-01	   2.5466720817694511e-02	  -2.6687968187866992e-02	   9.4538969423481478e-01	   3.4815351841717024e-01	   2.6147410686429048e-02	  -2.6435542776707437e-02	   7.9664950518562017e-01	   5.5002035726836074e-01	   3.0731233439932626e-01	   2.5261174278996634e-01	   1.6062278800196905e-01	   5.8438643502316957e-02	   1.8748900320928988e-01	   6.4280273689775250e-02	   4.1868668810571752e-01	   3.5923986424660559e-01	   1.9908553029026643e-01	   1.3662618970271817e-01	   2.3847261940973069e-01	   2.3971004085444891e-01	   1.8816956621973724e-01	   4.3778202429516772e-02	   1.7440641393632850e-01	   1.5233250972563537e-02	   6.7900139360540512e-02	  -8.3148358010229628e-02	   8.3341084533658558e-02	  -9.3739682525385438e-03	   3.1675654940754588e-01	   2.1447855264188759e-01	   1.0639473843534200e-01	   1.8432364880242760e-02	   2.2867755524620437e-01	   6.5612780488517930e-02	   3.2273117142241070e-01	   1.6572657922380524e-01	   2.7777300754595668e-01	   3.0543420144345618e-01	   1.4746617997380795e-01	   5.5933775093897464e-02	   1.4016160695591079e-01	  -2.4171525289245693e-01	   5.0075022869349374e-02	  -2.8664942390182918e-01	   4.3795285641035964e-01	   1.8832319587606250e-01	   2.4742263691815200e-01	   1.3056836576067531e-02	   8.0256755056140006e-01	   4.0840702001949220e-01	   4.2384104138794521e-01	   2.7771427309236674e-01	   3.3439840728010217e-01	   4.3809490716952726e-01	   4.3653509304007004e-01	   2.5675600357550632e-01	   5.5088209780104966e-02	  -8.3754218625632856e-02	   1.6343310013853207e-01	   5.0623176369930911e-02	   2.4961745882311609e-01	   4.2578112256686972e-02	  -6.7942884646292362e-02	  -1.6877340286070339e-02	   4.7782236146115410e-02	   2.3233335099026697e-01	   5.7912717998542496e-01	   3.4361243724883955e-01	   6.7942836423474473e-01	   4.2772510517876094e-01	   1.4364594305978701e-01	   6.6306081194764499e-02	   4.7951399585036292e-01	   5.2718183641779714e-01	   8.0355667245224094e-01	   8.4125897287052109e-01	   8.2383393271311256e-01	   1.0474268433225966e+00	   1.3375686671279735e-01	   6.6890301558901119e-02	   3.1108709492909319e-02	   7.5836096888592913e-02	   1.8811628789390569e-01	   2.8933117228627514e-01	   5.0186033994015455e-01	   5.2786370089522006e-01	   2.3913595192598794e-01	   2.0054960529107960e-01	   2.6997689454157675e-01	   3.6961702383104200e-01	   2.0911239458415009e-02	   4.1677621047218727e-01	  -1.7148324208854274e-02	   1.9215565701105888e-01	   1.4241796861065054e-01	   7.3500031658773085e-02	   5.5396647671542976e-01	   2.5995856583839799e-01	   9.8381197464899581e-02	  -7.0181357100336406e-02	
   6.1394207971557382e-02	  -3.0411068373755135e-01	   5.3486655110151315e-01	   1.1529495968229193e+00	   7.0536384948403452e-01	   4.6474085329276510e-01	   7.5620432895970080e-01	   0.0000000000000000e+00	   7.9304631358857092e-01	   5.1715513115327261e-01	   5.1146268918963300e-01	   5.1151733743383598e-01	   5.8664007291411380e-01	   9.3076509162790533e-01	   8.0132594124182599e-01	   8.7809069765882863e-01	   3.7085762034968120e-02	   6.9082496320794417e-03	   6.4336272371142000e-01	   4.5795774479584223e-01	   8.3257823766369657e-02	   7.1312308395348162e-02	   6.3890598114531261e-01	   6.1203849065949911e-01	   1.7165403812557523e-01	   2.7382743552015348e-01	   7.3779683118199407e-02	   1.9739176369654620e-02	   2.4251467360361328e-01	   3.4980313876135744e-01	   5.5354942909260640e-01	   5.9208417410592218e-01	   2.1902157879951728e-01	   2.8952068662439850e-01	   2.7303926792447009e-01	   3.1639415879158878e-01	  -1.2380860225527322e-01	  -4.5209588573847159e-02	  -2.0873152050611052e-01	  -3.3912113943530919e-01	  -3.5403590946000568e-01	  -2.4886585617923260e-01	   1.6608970776239915e-01	   3.0510919588014468e-02	   5.8034987335051524e-01	   4.2025625992365145e-01	   1.2738221691243559e-01	  -2.3353559092903362e-02	   3.6594885970988189e-01	   1.7245214555681343e-01	   4.1572040956530859e-01	   2.5353431579185015e-01	   7.7749717624777143e-02	   1.1963028945599746e-01	  -1.5281902206967202e-01	  -6.6919939149559404e-02	  -4.4222900368151331e-03	  -3.4619451758903180e-01	   1.1269273570601780e-01	  -1.5720530317402007e-01	   3.9770772563601786e-01	   3.5627150248632133e-01	   3.8926249788389422e-01	   1.5491800266383729e-01	   8.0005693382947218e-01	   4.8777700472704449e-01	   6.7548937170242818e-01	   6.3947799775548086e-01	   1.3145148654029248e-01	   5.1622838164056140e-01	   3.7973010376225891e-01	   4.9957040534281216e-01	   7.6094734105826914e-03	   7.6028351017576323e-02	   1.6078442554935718e-01	   2.5557993477270197e-01	   2.0353783352442426e-01	   2.1581672416774203e-01	  -5.8151712822898820e-02	   1.7365642573966963e-04	   8.9124655521533258e-02	   2.6198892652107902e-01	   4.3762927028722709e-01	   2.5456880858168235e-01	   6.4985578594855409e-01	   5.6422333020039395e-01	  -1.9549648683549170e-01	  -1.3737182945208024e-01	   2.0599878987600609e-01	   5.0710979668390632e-01	   6.3852538570152972e-01	   6.4656525986557045e-01	   7.5037150357027016e-01	   6.1071136357640099e-01	   4.7000610930758677e-02	   9.2630175251456906e-02	  -8.0297988062999898e-02	   1.2535548805540203e-01	   1.4182310695563718e-01	   2.5067369713247462e-01	   5.1405560022198737e-01	   4.4848189892320289e-01	   2.7377173284786971e-01	   2.9146264794940246e-01	   3.5749951141066882e-01	   4.1134129970223099e-01	   1.0665958698071193e-01	   3.1623132213222799e-01	  -1.8710361053702690e-02	   1.6475256922739198e-01	   1.6825915061757241e-01	   8.6143792851880438e-02	   4.1844892308383974e-01	   3.0572188214775803e-01	   2.2188326127520228e-01	   4.7812053386009773e-03	
   1.5502385111715003e-01	  -2.5225774975284454e-01	   5.9151749617173777e-01	   6.5985111905041205e-01	   1.4928915929210000e+00	   7.4695668766374113e-01	   7.7799146123412066e-01	   7.9304631358857092e-01	   0.0000000000000000e+00	   8.3271659065349590e-01	   3.3939497343177416e-01	   2.2099917978345404e-01	   6.7195603571901552e-01	   5.1369479379056093e-01	   9.3085807589850045e-01	   6.3951210028471384e-01	  -2.5306381520979002e-02	  -2.0888874786539310e-01	   4.5940432638687456e-01	   2.3394787344703649e-01	   3.2353030136776795e-01	   3.0411656989849978e-01	   4.2041427038719204e-01	   3.9442003148294630e-01	   5.3835451426655256e-01	   5.8644524804406284e-01	   4.1876553464919897e-01	   4.2006281742026080e-01	   8.9696463805020110e-02	   9.4039283522948422e-02	   1.9514905485007272e-01	   1.3371704844085244e-01	  -1.4700404163922339e-02	  -3.0522457637224873e-02	   1.2451139759704254e-01	   1.0945402687412926e-01	   1.6630988689272094e-01	   8.9393632961019723e-02	   1.2780760459272175e-01	  -4.6755618859450773e-02	   4.9277754109334944e-02	   7.5039227757913440e-02	   3.9898328145706145e-02	   9.9289254701505451e-03	   3.4290615097642013e-01	   2.1376598402462321e-01	  -2.5137049041379308e-02	  -8.5342712322067707e-02	   3.6928726578922016e-01	   2.1218489144887315e-01	   4.5940190957963867e-01	   4.0572164278128425e-01	   2.5272565243959955e-01	   2.0480520250329692e-01	   8.4440293509794873e-02	   9.9197512381378986e-02	  -9.0944197294126478e-02	  -3.3218190033168321e-01	   3.4429939605874849e-01	  -3.9996348002628808e-02	   5.0397002212729425e-01	   3.5580272022037118e-01	   1.8631563756750563e-01	   5.6093663547381094e-02	   6.7342934482473649e-01	   4.9488755839173187e-01	   4.8682686237787476e-01	   3.0677450030262982e-01	   2.6600663848406930e-01	   4.3368864789403733e-01	   4.3604341907358080e-01	   3.5668815953615485e-01	   2.3581206895310669e-01	   1.2306766560195764e-01	   2.3824720386597942e-01	   2.3485195511169199e-01	   2.2125830480517758e-01	   4.0338518499637446e-02	  -7.7379300507870563e-02	  -1.7847282801134767e-01	   3.1325134315381593e-02	   1.1352066459898630e-01	   4.1577114986705538e-01	   9.7842862514188333e-02	   5.5162614014403411e-01	   4.4456496634097409e-01	   7.0427400037679014e-02	  -2.7953176256684226e-02	   5.1541887818708165e-01	   5.8161263582567257e-01	   5.0210863438517528e-01	   5.2230890046529865e-01	   5.3512190192310116e-01	   4.9078512771236771e-01	   1.8207629170688658e-01	   2.2560360265686952e-01	  -4.8794008811754490e-02	   9.6206897575804681e-02	   2.1519908881071102e-02	   1.3493086091146703e-01	   6.1061698706592815e-01	   4.7220363941930288e-01	   3.7314027821502338e-01	   3.2157336343123821e-01	   4.4244590390591620e-01	   2.4014707293537799e-01	   2.5746628849457975e-01	   4.9293705316315639e-01	   1.7436855587852512e-01	   2.7697831730153466e-01	   4.3023343604952059e-02	  -6.3469726957209219e-02	   2.1160294721505299e-01	   2.4488642488076814e-01	   2.4907591899748038e-01	  -4.8861951758187812e-02	
   2.3954697480453507e-02	  -1.3290960679034450e-01	   3.0370870598884475e-01	   5.0511971064485994e-01	   1.2214935936310609e+00	   1.5974079804920240e+00	   4.2130800751366271e-01	   5.1715513115327261e-01	   8.3271659065349590e-01	   0.0000000000000000e+00	   2.0070250635064697e-02	   1.1479933248793966e-01	   3.9485686876841669e-01	   5.6596959703666394e-01	   4.7955507094904726e-01	   6.5839692886794099e-01	  -1.1961071121452885e-01	  -1.6220376433715566e-01	   2.2211469086729635e-01	   1.3562476282806124e-01	   4.6199553852993275e-01	   6.2529720156674118e-01	   9.2783127739543350e-02	   1.3307456146998059e-01	   6.9734551601613437e-01	   8.1223024042864045e-01	   6.1904963512386701e-01	   7.1111536172111012e-01	  -7.9822188148595569e-02	   1.2050137233065167e-01	   6.5224312722721972e-02	   3.4082241623249930e-02	  -1.5189901386614657e-01	  -1.6349704665892573e-01	  -6.8968221658793613e-02	  -1.0609826368442592e-01	   1.5875200822013977e-01	  -5.7127913178632334e-02	   2.5276361224422228e-01	  -2.3074762254629216e-02	   1.2620079723927435e-01	   1.4712751183720468e-01	   2.0729693856586118e-01	   1.6545057416848935e-01	   3.3183569720153272e-01	   1.9354149722610242e-01	   1.0144185716025647e-01	   5.5821297474751896e-02	   5.2128031483462700e-01	   3.0551817452477337e-01	   5.3644488494533071e-01	   4.8261184631874254e-01	   1.9771892143013178e-01	   1.2956717697549974e-01	   1.3098445230324979e-01	   6.4645731892626040e-02	  -5.5434723772113240e-02	  -7.8982245527867367e-02	   6.1891690609252847e-01	   3.2124361073711644e-01	   5.3504070168415230e-01	   5.2815995605042887e-01	  -8.7248610341323363e-03	   5.4687718672893355e-02	   3.5321602184387807e-01	   3.3399138187870403e-01	   3.7433109617143223e-01	   1.7858351583694709e-01	   2.9528313231491010e-01	   4.6107106460214692e-01	   2.1788686206200486e-01	   3.5249639474899541e-01	   1.5625914957588288e-02	   1.5630509601580908e-01	  -7.9336510650253975e-02	   9.7585199305749576e-02	   3.3770939362467563e-02	  -1.4471225101122158e-02	   2.3290853773791587e-02	  -1.1047522047598324e-01	   5.6069557693974099e-02	  -2.4486573155368907e-01	   1.7318312345731540e-01	   3.3153066184749072e-02	   2.5582631201332745e-01	  -1.7185431179353634e-02	   4.7923195293365188e-02	  -8.4134758777832955e-02	   3.0445505747364743e-01	   4.3848794117331152e-01	   3.3243101671027175e-01	   1.7408103437878999e-01	   4.1119000886734275e-01	   7.0958889713347198e-02	   3.4751092683218676e-01	   2.9711189310898506e-01	   1.8190937293345266e-01	   1.2604201915571264e-01	   1.5528600397111983e-01	   8.3733819885965219e-02	   8.3513203437094574e-01	   4.9086584418594792e-01	   7.4124785277222771e-01	   5.4554363130950034e-01	   8.1921788261131434e-01	   3.7834514537513120e-01	   4.5652013712044093e-01	   7.3958508887607999e-01	   8.8620536040289896e-02	   2.8078871919960624e-01	   1.0269439851408903e-02	  -5.4919707453827959e-02	   9.3116480263677678e-02	   4.6156509041441995e-01	   4.9067057574367640e-01	   5.4458674563967406e-02	
   7.9751351293628092e-01	   1.1627184346320544e-02	   6.1731040265461201e-01	   3.8049866266008281e-01	   1.1350893609666829e-01	  -1.4908311534737428e-01	   8.4266708520170297e-01	   5.1146268918963300e-01	   3.3939497343177416e-01	   2.0070250635064697e-02	   0.0000000000000000e+00	   5.1555571499194675e-01	   1.2024254411876885e+00	   4.8258469451507041e-01	   7.8424597994033662e-01	   2.9614368907897826e-01	   3.5355767190560372e-01	   2.7953239134897090e-01	   1.0033240885876293e+00	   4.2837960741361342e-01	  -1.8595985245287122e-01	  -3.5943563678826318e-01	   7.2903675341736141e-01	   4.3372979273555723e-01	  -7.5639082975694119e-02	  -9.7559684063940194e-02	  -1.0371985039346136e-01	  -2.0881882333695692e-01	   4.0296729591418406e-01	   2.2203785800763204e-01	   4.1373950917712660e-01	   4.2635546255443446e-01	   3.8363154142416023e-01	   3.2035012816591624e-01	   2.7087963558648909e-01	   2.7522684184718960e-01	   1.9369481907524830e-02	   1.9021159412686818e-02	  -8.2291022570659705e-02	  -1.3529735110538973e-01	  -2.0035797845153924e-01	  -2.6899874457943157e-01	   2.1165777249750950e-01	   1.5591090846719291e-01	   2.7652501827886089e-01	   2.5940942114805554e-01	   3.0554973341171354e-01	   2.4976942551890247e-01	   1.8694717096684929e-01	   6.1295354561894000e-02	   1.9727922609932785e-01	   5.6891594870698406e-02	   2.8977892330088723e-01	   2.5374905524315983e-01	   2.0461649299719381e-01	   1.2135201556725460e-01	   3.0162218346322706e-01	  -3.4669859046751988e-02	  -1.3354129468332773e-01	  -4.0703787524281632e-01	   3.3072354613402172e-01	   1.4656347056789734e-01	   6.2254280873709034e-01	   2.1216361672840978e-01	   6.2657630923591701e-01	   2.8134325120159454e-01	   1.4618474660756262e-01	   5.5799192890258649e-02	   2.6900124373991102e-01	   2.7375982297029827e-01	   4.2857804683158074e-01	   1.8023759790316346e-01	   1.2175046692418293e-01	  -3.0400679303103546e-02	   4.2617471151771569e-01	   2.6771083903923759e-01	   3.8151809289426197e-01	   1.6138013601270823e-01	  -1.7147714731951189e-02	   2.0962463708589235e-01	   2.8442270797128344e-01	   5.7995398933350151e-01	   6.9028669612118820e-01	   3.2654218458654666e-01	   7.0488359002170986e-01	   4.7230134617197916e-01	   9.4782286042940533e-02	  -1.2222201909952220e-02	   4.0262909440051553e-01	   4.7859363057093107e-01	   5.2043255089311902e-01	   6.6094923112577297e-01	   4.1646042428238350e-01	   8.1390669442030472e-01	  -2.2406130564919424e-01	  -2.2838534271014405e-01	  -4.2706523576827228e-02	   1.3978132134367119e-01	   2.4039062390059135e-01	   3.5874789106154187e-01	   7.4517116757035637e-02	   3.8452336324992914e-01	  -9.2673656789620612e-02	  -2.3090480490303392e-02	  -1.5036063055233015e-01	   1.5378287220695333e-01	  -1.5267173707761492e-01	   1.3544019045861080e-02	  -1.7372897710099913e-01	   1.5062536105600693e-02	   2.6412671925911296e-01	   2.2682910408827447e-01	   4.2295283265392614e-01	   4.5614505228560698e-02	  -1.4158016195987302e-01	  -1.0287001737704553e-01	
   2.6935543251276628e-01	   9.6140675021379227e-02	  -3.3405673645670361e-02	   2.8040744509696336e-01	   7.2525687649769160e-02	   4.3505561542266188e-02	   2.2009522932166126e-01	   5.1151733743383598e-01	   2.2099917978345404e-01	   1.1479933248793966e-01	   5.1555571499194675e-01	   0.0000000000000000e+00	   5.2952186882313568e-01	   9.3826161048349088e-01	   4.6817814788394713e-01	   3.8771200331483413e-01	   1.9677349965419055e-01	   3.4560513432154577e-01	   4.6830661294201870e-01	   4.6708048692905985e-01	   4.8079039631110567e-03	  -2.1652748143723157e-03	   1.2291963190017469e-01	   9.6936502561302443e-02	  -2.5303287409237651e-01	  -8.2947669060745730e-02	  -9.3040249294291957e-02	  -1.8163915958650920e-01	   5.4072983723635548e-01	   6.9409018625768337e-01	   1.8313983114319707e-01	   2.8318512235174159e-01	   3.9761342454270804e-01	   5.1530068605099077e-01	   1.5713426752201300e-02	   1.2214909419137429e-01	  -2.1571368406326089e-01	   7.6354907875490041e-02	  -8.2113388306184296e-02	  -9.1031866807327305e-02	  -2.7480031031743329e-01	  -7.6937436366285875e-02	   9.5255652126269172e-02	   6.5314008209130983e-02	   1.3104188409753861e-01	   1.5103671434411564e-01	   3.0440007358577642e-01	   2.1789547719426219e-01	   3.8312184823894417e-02	   6.6589021574552737e-02	  -2.0750710955335327e-02	   9.8602303079660572e-02	   2.2761018596260379e-01	   1.7073092441021748e-01	   1.1399630912677022e-01	   2.7308204012967946e-01	   6.3002496597432858e-02	   7.4803442770764145e-02	   8.6712092299214588e-02	   1.1555716236900876e-01	   3.7947158184139773e-01	   6.6986105187047418e-01	   4.8722411687830391e-01	   6.8774556062723813e-01	   2.2493789235812850e-01	   3.1744941907508206e-01	  -8.2307432780214865e-03	   8.7042166703392806e-02	   6.1827832503484337e-02	   2.5789105987572081e-01	   1.8422155781611238e-01	   3.5540418132290275e-01	   2.0622496289767125e-01	   3.6251583382935709e-01	   3.9251333244980280e-01	   4.7000889284339775e-01	   1.6030432498918756e-01	   3.2249566726464080e-01	  -8.7604269580232375e-02	   2.8191529136395754e-01	  -2.2437226334482148e-02	   1.9936697804569992e-01	   2.7710614994908611e-01	   1.5279023126294197e-01	   1.2571374799392585e-01	   1.5709928562298620e-01	  -1.3391107723759360e-01	  -1.4712114489757633e-01	   4.1816456326911902e-02	   5.7713787047589404e-01	   4.1798300567054392e-01	   4.1978097837822159e-01	   3.6569849336913868e-01	   2.5953870750268082e-01	  -1.1727699532076635e-01	  -1.0840583563597075e-01	   1.6363129223411946e-02	   2.1232365963510683e-01	   3.5774519970936181e-01	   3.8778455386222621e-01	   2.9113288422625949e-01	   1.8519121891646778e-01	   1.3761622540008495e-01	   5.5853432743325163e-03	   6.4307887793087132e-02	   1.3218957853160507e-01	   1.3550373115572140e-01	  -6.1143536080333891e-02	  -1.4852552381978540e-01	  -1.0920860742955446e-01	   1.1854792574071371e-01	   2.4830941859016004e-01	   3.6194125097347557e-01	   3.3441221426921430e-01	   1.4759179842246428e-01	   7.2269609339339541e-02	
   6.2444184914432976e-01	  -1.2128563159979722e-01	   7.2148521911521069e-01	   4.8570648081368106e-01	   4.6635441366512426e-01	   1.9532046544587797e-01	   1.0153913098496781e+00	   5.8664007291411380e-01	   6.7195603571901552e-01	   3.9485686876841669e-01	   1.2024254411876885e+00	   5.2952186882313568e-01	   0.0000000000000000e+00	   7.1374495491630696e-01	   1.1663922080226932e+00	   5.8142343764520754e-01	   1.4677982064473466e-01	   5.0368491617161171e-02	   8.1622600328640182e-01	   2.8918580964233620e-01	   2.4786949792191492e-02	  -7.1469821862505889e-02	   7.3048958781151740e-01	   4.4953951171160156e-01	   2.4065367642479896e-01	   2.0140099966253300e-01	   1.2165861552284395e-01	   1.0021609378241866e-02	   3.2573922980812892e-01	   2.3298484677214032e-01	   3.9721709164325408e-01	   3.4967065641974271e-01	   1.4812239296141777e-01	   9.8264002410458143e-02	   2.1476524811931014e-01	   1.5840732880120095e-01	   1.7862775911325557e-01	   5.2228652982137289e-02	   5.9409155874626800e-02	  -8.1672401692331684e-02	  -3.4897827057838150e-02	  -7.2395925659152552e-02	   2.2653490990985831e-01	   1.9085284167877636e-01	   3.0629869745695304e-01	   2.4539248140186673e-01	   2.8206837877768454e-01	   1.7548317392828947e-01	   3.5150059569156633e-01	   1.8118254560428618e-01	   4.0951609642116032e-01	   2.8101925858501448e-01	   4.9772678161912887e-01	   4.0887645192479111e-01	   2.8844514417435679e-01	   2.0399465706790193e-01	   8.5462103811942608e-02	  -1.4539074328514912e-01	   1.4189041487950291e-01	  -1.5417487688086406e-01	   5.0126188555555018e-01	   3.0282710041803573e-01	   3.8578669216326633e-01	   1.5857539727447489e-01	   6.6940405338330133e-01	   2.7992041579401994e-01	   2.1074886322595876e-01	   3.4382152968902256e-02	   2.9162203629883748e-01	   3.1648210678763439e-01	   5.4854404927375588e-01	   3.2169401130594932e-01	   1.3582961171009039e-01	   5.2456389403143851e-02	   3.2533832746319202e-01	   2.4313499423040180e-01	   3.4279628990960387e-01	   7.0994746693337552e-02	  -6.6117415705062799e-02	   2.9256070168656667e-02	   1.7559121098805194e-01	   2.4267819508126648e-01	   6.1960041644935937e-01	   2.8449633450180939e-01	   7.2263484658470922e-01	   3.2050599188910861e-01	   7.8116183887233723e-02	  -5.4266983104413150e-02	   5.3556629076902951e-01	   6.2285126904911792e-01	   5.5116582240497103e-01	   7.0182580781291071e-01	   5.1744708758689040e-01	   8.2348100618276021e-01	  -8.6852421785022907e-02	  -8.9975789801818584e-02	   2.0358654527341449e-02	   1.4884030404819698e-01	   1.9793172265275999e-01	   3.3525112802120244e-01	   3.3825193975026252e-01	   6.0118167368745390e-01	   1.3816212213109763e-01	   1.4451859727217373e-01	   1.9367295027210391e-01	   3.2626617408956277e-01	   6.5727989999852993e-02	   2.0059624148048488e-01	  -9.6188733404672822e-02	   1.1825555842973012e-01	   1.5717440459777024e-01	   9.2785096556123992e-02	   4.2066536655757714e-01	   2.4155041213925110e-01	   1.3605337238142926e-01	  -4.5674551735254157e-02	
