   0.0000000000000000e+00	   1.8622087970200984e+00	   1.3512523509428445e+00	   9.8556460400464019e-01	   1.1573939718487309e+00	   1.1452335869438020e+00	   1.2254437270601015e+00	   1.1476140913762523e+00	   8.4662949500362628e-01	   9.6483961771331628e-01	   1.4554078482844373e+00	   1.4039133340827006e+00	   1.0184836286187997e+00	   1.2840816841433629e+00	   1.3282477236025445e+00	   1.1533589586678163e+00	   1.6632615532806314e+00	   1.4918386733290903e+00	   1.6197260616913782e+00	   1.6212662369243749e+00	   1.0365876141084145e+00	   9.5587287832074097e-01	   1.0973608472383702e+00	   9.5822546327631519e-01	   8.5868435020955203e-01	   8.3772864766583355e-01	   9.0312370444174983e-01	   9.1464970637325882e-01	   1.2404236082931004e+00	   1.1655912498598806e+00	   1.0911033412641113e+00	   9.6129639337538220e-01	   1.5303783691700756e+00	   1.3365184173590119e+00	   7.5813380047213230e-01	   7.3394428894098884e-01	   1.1654724811378703e+00	   1.0380987208585719e+00	   7.6877950609875367e-01	   1.0082267043229391e+00	   8.9723116418689730e-01	   9.3931836204241614e-01	   1.1431775342234110e+00	   1.0055582252163660e+00	   1.1952869738254133e+00	   1.1794132276836211e+00	   1.3488488464190445e+00	   1.2690009706928911e+00	   1.3420180269698199e+00	   1.3240454754621824e+00	   1.3765156823985047e+00	   1.2290475958007971e+00	   1.1033202550158654e+00	   1.0376195989127057e+00	   1.3607502548044363e+00	   1.2822020540110810e+00	   1.4662192181550062e+00	   1.3836443554457709e+00	   1.3605290780031642e+00	   1.1163397618412785e+00	   1.2163641417369062e+00	   1.0476780338159073e+00	   1.4685531265700231e+00	   1.3408465555355615e+00	   9.3071846137868564e-01	   8.0766304198795746e-01	   1.3724363974160161e+00	   1.1803854807383540e+00	   1.3950771849897416e+00	   1.2288189306883914e+00	   1.2833521451993892e+00	   1.1880171339694081e+00	   1.1986797753183382e+00	   1.1927287160502020e+00	   1.3003283736861861e+00	   1.2740984867295444e+00	   1.4310711763612460e+00	   1.3286714554208843e+00	   9.9994513891597891e-01	   1.2842847563400566e+00	   1.4524308105951145e+00	   1.4951311291477458e+00	   1.3659683860984346e+00	   1.0487398348160921e+00	   1.3764284698754787e+00	   1.2821247675353911e+00	   1.0446862172192464e+00	   7.5241142060464850e-01	   1.2640698493044156e+00	   1.2684503974378223e+00	   7.8917340516250489e-01	   4.5820840421488607e-01	   3.6432688917316802e-01	   4.9686723611242578e-01	   7.7789856693415371e-01	   1.8838838437594060e-01	   1.1524330139854198e+00	   5.9494790754172355e-01	   1.3221652864610565e+00	   1.1283618126291437e+00	   9.9563776187188258e-01	   8.6314011889794107e-01	   1.1074365512349393e+00	   9.2080836372211594e-01	   6.7070179256862084e-01	   3.5827546176525160e-01	   4.0390052148894739e-01	   5.3552572492844486e-01	   5.2989210382966057e-01	   4.1452711336133641e-01	   7.6503884285858714e-01	   9.6391053019953643e-01	   8.4474563435365013e-01	   1.1666901340035034e+00	   3.7515812063761128e-01	  -1.6267516298916568e-02	
   1.8622087970200984e+00	   0.0000000000000000e+00	   1.2437513574896584e+00	   9.6971006421617834e-01	   1.0422270107697027e+00	   1.0711682467274677e+00	   1.0194540593379191e+00	   1.0979570687757323e+00	   6.9696246741613688e-01	   8.5647876589307692e-01	   1.1326064509530795e+00	   1.4033927275408660e+00	   8.3720147870845607e-01	   1.2056504062974540e+00	   1.1513036573330442e+00	   1.1327035595589554e+00	   1.5852749516074576e+00	   1.7798477337341345e+00	   1.6520052231559919e+00	   1.6385905496839737e+00	   1.2081378582901834e+00	   1.1160826039263876e+00	   1.1515430535572486e+00	   9.4555175422552074e-01	   9.4047865186823665e-01	   9.2389497072433358e-01	   9.2916748397964188e-01	   9.5391287475617514e-01	   1.2913013657325105e+00	   1.3336313207702259e+00	   1.2684791867713001e+00	   1.0857391644420114e+00	   1.4880861933408693e+00	   1.3364953798750305e+00	   7.1545054367579619e-01	   6.3705153017575422e-01	   1.2069151443498647e+00	   1.1300335116534448e+00	   8.1989345260259505e-01	   1.0858627103647673e+00	   9.6978381122422286e-01	   1.1422284860552221e+00	   1.0130540189026136e+00	   8.9393457157198808e-01	   1.0089570723164860e+00	   9.8959044684483943e-01	   1.1867873844163717e+00	   1.1575500252519029e+00	   1.1078434816028728e+00	   1.1585123869105618e+00	   1.2135815282800306e+00	   1.0966279045611005e+00	   1.0483151158655388e+00	   1.0174303982454826e+00	   1.2943737720036403e+00	   1.2500787847283430e+00	   1.6614205812181351e+00	   1.7256442244571160e+00	   1.0967595392968783e+00	   1.0366775757540136e+00	   1.0369094457509243e+00	   9.8257760251364046e-01	   1.4590212464764114e+00	   1.3104279279260589e+00	   8.5939569030462226e-01	   7.3020623285895925e-01	   1.0893508953608497e+00	   1.0276059277290335e+00	   1.3396040375539096e+00	   1.2261928537378461e+00	   1.3135645446061264e+00	   1.2784192112869894e+00	   1.2629104796919073e+00	   1.3610514146503359e+00	   1.3065270330739507e+00	   1.3529029509513448e+00	   1.4841945213917322e+00	   1.4343658266876407e+00	   1.0356887862747415e+00	   1.4674468248625294e+00	   1.5777236408953268e+00	   1.6429009282753666e+00	   1.3520428551778028e+00	   1.2482840877120220e+00	   1.3280132999755121e+00	   1.1923454313805595e+00	   1.0324861056282457e+00	   8.4455745385864034e-01	   1.0882317952993148e+00	   1.2122264478056000e+00	   7.6747302412484486e-01	   4.2772355153575492e-01	   3.5377243399030167e-01	   4.5720644764094193e-01	   8.2704168125822963e-01	   2.6854028156624754e-01	   1.1462181502537527e+00	   6.7108030975569855e-01	   1.2566367035943420e+00	   1.0635079547169679e+00	   9.1376749838346594e-01	   7.0910377578039474e-01	   1.0022656106324472e+00	   8.0705914733669049e-01	   6.1338992111410084e-01	   3.0275914377836377e-01	   4.0050760982899131e-01	   6.0194606325186106e-01	   5.5812101866160069e-01	   4.0824711154988791e-01	   7.2467728770211048e-01	   9.2352890604092930e-01	   8.2511495338435226e-01	   1.1556137581926667e+00	   3.8629253687651594e-01	  -3.5672520354513078e-02	
   1.3512523509428445e+00	   1.2437513574896584e+00	   0.0000000000000000e+00	   1.3775676088515951e+00	   1.3740138420757533e+00	   1.2333055820335459e+00	   1.3400432949465757e+00	   1.1916693111509582e+00	   8.9566445746678502e-01	   1.0137543281723285e+00	   1.1918782795810965e+00	   1.2454708914067634e+00	   9.2238744468810796e-01	   1.0785789813076061e+00	   1.3340136777004292e+00	   1.2494707941596017e+00	   1.2542127843642716e+00	   1.1475684833635993e+00	   1.5181564144321538e+00	   1.4314549488324206e+00	   1.0719519716376835e+00	   9.2981564309196263e-01	   1.6333070116658204e+00	   1.2727036157095302e+00	   1.1049048543043236e+00	   9.9354878172181427e-01	   1.1238971944350646e+00	   1.0490637891022629e+00	   1.1419918121535031e+00	   1.0574648792831387e+00	   1.3764963525547504e+00	   1.1218415382604257e+00	   1.5172526177180790e+00	   1.3721298825246531e+00	   8.6368232942191558e-01	   8.0224216275355587e-01	   1.0829662433068243e+00	   9.8557498689451351e-01	   7.5427703376995880e-01	   1.0020289498415942e+00	   8.3994254400822255e-01	   8.5768044679610977e-01	   1.0129715923006384e+00	   8.9650312253499442e-01	   1.0378449489007644e+00	   1.0640769577168507e+00	   1.1212699253072260e+00	   1.1074457302709306e+00	   1.1332706637225196e+00	   1.2200509475392640e+00	   1.2176065546566595e+00	   1.1705677142563147e+00	   8.8607068497102703e-01	   9.3728225545049126e-01	   1.1054681226911987e+00	   1.1166644098607017e+00	   9.5565011812449430e-01	   1.0405883503852060e+00	   1.1103275260248369e+00	   9.9971349909198193e-01	   1.1256701250500252e+00	   1.1048636883917671e+00	   1.1933784358068555e+00	   1.2171763225855665e+00	   1.4092894778167246e+00	   1.0151439270457092e+00	   1.4128137708155868e+00	   1.2732629184627313e+00	   1.1566106952325304e+00	   1.0198124023478985e+00	   1.3007810769146553e+00	   1.1527821923933248e+00	   1.0521281719217612e+00	   1.0150745771116774e+00	   1.1107220240614213e+00	   1.0729993026679032e+00	   1.2379225611285951e+00	   1.1656987723503971e+00	   9.0595653859859904e-01	   1.1093993410470366e+00	   1.2041139626269575e+00	   1.3655201676307349e+00	   1.4316870997865594e+00	   1.0298586542089907e+00	   1.6898881943392148e+00	   1.4579778355514750e+00	   1.1461357373171150e+00	   8.0888117203979493e-01	   1.1900832290794829e+00	   1.1956027587312086e+00	   7.5203755290696606e-01	   4.7785663560185160e-01	   3.8358123445530629e-01	   4.8817165611805069e-01	   6.7702219118397633e-01	   2.4922197901731108e-01	   1.0405879596703840e+00	   5.4958147003062707e-01	   1.0384844176678401e+00	   1.0049254256066436e+00	   8.7433959447567733e-01	   7.9204118229267406e-01	   9.6879872376106679e-01	   8.6777154923816990e-01	   6.2516525333573769e-01	   3.8544161583480407e-01	   4.0257133583419341e-01	   5.0926137496468149e-01	   4.0806301208880974e-01	   3.2472542191348502e-01	   6.7628619931575984e-01	   8.4266550085088254e-01	   7.6008986763944564e-01	   9.7956110681501718e-01	   3.7751129012359336e-01	  -1.0582449756585999e-02	
   9.8556460400464019e-01	   9.6971006421617834e-01	   1.3775676088515951e+00	   0.0000000000000000e+00	   1.0578912809124184e+00	   1.1553836543921316e+00	   8.9174972371512118e-01	   1.1745509585847769e+00	   6.1487868833781689e-01	   8.6522017877175661e-01	   8.7902745018832040e-01	   1.1218434957795949e+00	   6.1312908813269429e-01	   8.0640028648346374e-01	   8.7751011652786315e-01	   1.1878349777529889e+00	   9.2196862936221669e-01	   8.2502334554323409e-01	   1.0928531945345628e+00	   1.1776689096964648e+00	   9.0746600302593317e-01	   9.2809049703615965e-01	   1.3880975597955925e+00	   1.6590345704097482e+00	   1.0582339703552170e+00	   1.1654247201534735e+00	   1.0903435920564706e+00	   1.2173093444672778e+00	   8.3097312837417703e-01	   8.3571507520035471e-01	   1.2520464642645073e+00	   1.3122441918296057e+00	   1.2147878030554533e+00	   1.3282151016344299e+00	   1.0546369710034726e+00	   1.0136905225153481e+00	   9.2493234593586149e-01	   9.7457051175984089e-01	   6.3433176454756024e-01	   8.5548655289784969e-01	   6.7749008602709260e-01	   7.7522407506171387e-01	   8.0610749782682212e-01	   7.2128844219004717e-01	   8.5857806313761564e-01	   8.4806086039303918e-01	   8.8382079034718741e-01	   8.6947680754600098e-01	   7.9612157738142120e-01	   8.9293397307436906e-01	   9.6545145154231748e-01	   9.1682046502189340e-01	   6.7020496715465261e-01	   6.9272479038105528e-01	   8.2211292229385646e-01	   8.4301779184680703e-01	   8.0252166177192441e-01	   8.5887089732455690e-01	   7.8344609088453054e-01	   8.5209862414594117e-01	   8.1409429680866130e-01	   1.0955351415252963e+00	   9.0397892442977756e-01	   9.1972773294930743e-01	   1.4011024086660606e+00	   1.4949637623356360e+00	   1.1871475511866199e+00	   1.4355430232916848e+00	   9.0882143051537057e-01	   8.1527875954859397e-01	   1.0857701662782171e+00	   1.1428061967366394e+00	   8.9984127729343866e-01	   9.0046987085599939e-01	   9.0524150505156198e-01	   9.3499910731193392e-01	   1.0139929789054658e+00	   1.0563112978507894e+00	   7.9241858194983994e-01	   9.0029272914590175e-01	   1.0002129914322178e+00	   1.0917578425289736e+00	   9.7993805460917394e-01	   8.8108349816178355e-01	   1.2875434467123634e+00	   1.4607563584248435e+00	   9.3727915731835165e-01	   8.6871991436992269e-01	   8.4098056395035026e-01	   9.9391050668221559e-01	   6.5682260084840061e-01	   3.7670240248137715e-01	   4.0985879373723827e-01	   4.0403322905875216e-01	   6.0874723216012572e-01	   2.1966340150633007e-01	   9.0612897715163743e-01	   4.3501327285488706e-01	   7.9781783046120092e-01	   7.2056981216368488e-01	   7.5789816751838746e-01	   6.3584439690504713e-01	   7.9134256682627147e-01	   7.3758294025751181e-01	   5.8921756435824768e-01	   3.5773929262279819e-01	   3.0889763737163051e-01	   4.6439660391977777e-01	   3.9383999449234275e-01	   3.8074294499201783e-01	   6.7504219423722822e-01	   6.3524913013951345e-01	   5.5267937001637035e-01	   1.0026509199169285e+00	   4.0612511912280885e-01	   3.9424956897449057e-02	
   1.1573939718487309e+00	   1.0422270107697027e+00	   1.3740138420757533e+00	   1.0578912809124184e+00	   0.0000000000000000e+00	   1.7037977574396288e+00	   1.5344741791361844e+00	   1.4275980700352935e+00	   1.2996129271012082e+00	   1.2729669318300325e+00	   1.2393135875698205e+00	   1.1453013219986190e+00	   1.0547138466887074e+00	   1.1011931152116432e+00	   1.2943508535685808e+00	   9.2666927647180053e-01	   9.3336780704126121e-01	   9.1063793013205308e-01	   1.2587665117625531e+00	   1.2316346690560975e+00	   7.3816484135198945e-01	   6.2386135727087777e-01	   1.0041286027286194e+00	   9.1042610475830354e-01	   7.2346812565961538e-01	   7.0210702894956145e-01	   7.4119541512019438e-01	   7.5716327775200609e-01	   9.4069444650040990e-01	   9.1494837065997692e-01	   9.3263275509120358e-01	   7.8750670224908603e-01	   1.1144793670409210e+00	   1.0397025811887497e+00	   6.5242106036056735e-01	   7.7128887771908428e-01	   8.7434843224728853e-01	   8.1052503947528631e-01	   6.1008615038815484e-01	   8.0933798011331304e-01	   5.8923887244840911e-01	   6.6245436998420482e-01	   9.4231644465584297e-01	   7.9715126935147140e-01	   9.6047464153930140e-01	   1.0397492830792652e+00	   1.1006814844627295e+00	   1.1086864810694164e+00	   1.2284022396401268e+00	   1.2971952034511567e+00	   1.2011110704889414e+00	   1.1528357121183834e+00	   1.0278904612564514e+00	   1.0019697860214776e+00	   1.1135883836743559e+00	   1.1638270158561375e+00	   7.9105891832700670e-01	   9.1961656350069787e-01	   1.2688389551164274e+00	   1.1879489231159652e+00	   1.2184471880948200e+00	   1.0937070790605166e+00	   8.5674267179519448e-01	   9.4948514814763385e-01	   8.7935960536895807e-01	   7.8295143225827923e-01	   1.3608036371577295e+00	   1.1894272811101532e+00	   1.1631363655854772e+00	   1.1786250553528064e+00	   9.5786104586565890e-01	   8.7406108510605895e-01	   7.4001928835055675e-01	   7.4767796606462555e-01	   7.9644724733009564e-01	   7.8896405712002682e-01	   8.6818701200209425e-01	   8.2311765114212698e-01	   7.1019818726550776e-01	   9.5259518638902885e-01	   9.7613453155703389e-01	   1.0416900353473091e+00	   1.3492185816969229e+00	   9.3858116440957917e-01	   1.0595798806666226e+00	   1.0579318507068292e+00	   8.3750416048064968e-01	   4.8846451846905625e-01	   1.2532309497420280e+00	   1.3228898825439426e+00	   1.1199425172542083e+00	   8.2841214073821412e-01	   6.0887103041102830e-01	   7.3603570303547339e-01	   6.9724437061567446e-01	   3.6954062583818587e-01	   1.1254659464287120e+00	   6.3522561473402817e-01	   1.2906413610086744e+00	   1.2715804228546459e+00	   1.2517530886867037e+00	   1.1820098409002908e+00	   1.3358127190934108e+00	   1.2971323344979377e+00	   8.7719575073926925e-01	   5.5376506849149743e-01	   5.3087138826532132e-01	   6.4901158320532726e-01	   3.6301507226893531e-01	   3.7172492826178516e-01	   9.1239044397341906e-01	   9.9094357957189549e-01	   7.7703727484353691e-01	   8.6191488218644474e-01	   4.2389820258784117e-01	   6.8902408137146529e-02	
   1.1452335869438020e+00	   1.0711682467274677e+00	   1.2333055820335459e+00	   1.1553836543921316e+00	   1.7037977574396288e+00	   0.0000000000000000e+00	   1.2861388033642935e+00	   1.7788089429747918e+00	   9.8777274135292525e-01	   1.2395822175217104e+00	   1.1131874787709162e+00	   1.1543663618184512e+00	   9.1569932231507678e-01	   1.0386730293446420e+00	   1.1079100340414110e+00	   8.7366144584665473e-01	   9.9255226290541509e-01	   9.0351225062862239e-01	   1.2294558120985135e+00	   1.2262849988340887e+00	   7.5433283559108011e-01	   6.9160212519306052e-01	   9.2834584165642042e-01	   9.1147428213141457e-01	   6.2740769648484040e-01	   7.3058420509688493e-01	   6.8126416662076406e-01	   7.9824268702274404e-01	   9.6962556793422727e-01	   1.0666601877302682e+00	   1.0050511049634283e+00	   9.5892911551593962e-01	   1.2721016184605456e+00	   1.2739233656442679e+00	   6.7616004132263752e-01	   8.4526897431104397e-01	   8.6656603257833176e-01	   8.5641916612076474e-01	   6.1379597705049493e-01	   8.0038888714140910e-01	   6.4589821253235646e-01	   7.1427113274162046e-01	   7.7734358385984736e-01	   6.4425741073485066e-01	   8.6090134967103071e-01	   9.1575211578745574e-01	   9.3030385132213100e-01	   9.3850444653660081e-01	   1.0015099139569468e+00	   1.1895340970666104e+00	   9.6409952322473380e-01	   9.1409302774964030e-01	   9.0299043485583552e-01	   8.1099633792612802e-01	   1.0493097380569039e+00	   1.0523067079640451e+00	   8.9956373941971102e-01	   1.0409867782400333e+00	   1.2977632050601962e+00	   1.3491640110755172e+00	   1.3472194154662063e+00	   1.4065264273199340e+00	   8.3696956067363015e-01	   8.9666841033036804e-01	   8.2937019367140086e-01	   8.5438151754088210e-01	   1.2932754636872623e+00	   1.2854113451814422e+00	   1.2764640660314264e+00	   1.3059617888446804e+00	   9.7197109453172947e-01	   9.6891629360397646e-01	   8.1201702446246837e-01	   8.3451396651547538e-01	   8.5971635725197959e-01	   8.5708111702753076e-01	   9.1123709087786198e-01	   9.0164658057821057e-01	   7.8099992112661454e-01	   1.0945042973232957e+00	   1.0352118506465329e+00	   1.0373817989055012e+00	   1.1800011254726630e+00	   9.0679562866571695e-01	   9.8474841026489890e-01	   9.6680859853062173e-01	   7.2492552663525889e-01	   4.9525776994483317e-01	   1.2112688072904330e+00	   1.3241751922701663e+00	   1.0015272247211819e+00	   7.3673154639042304e-01	   6.0175287501659358e-01	   7.0599271762615934e-01	   7.2836764698565160e-01	   3.3545634309769201e-01	   1.0644550634658256e+00	   5.6309998059105593e-01	   1.1311750420588582e+00	   1.0943597111369279e+00	   1.2189251678257167e+00	   1.1873044633016243e+00	   1.2259884267903509e+00	   1.2423023373233648e+00	   8.8083522770929890e-01	   5.3219887517453790e-01	   5.2302352058856239e-01	   7.2665137176143457e-01	   4.2448170514410882e-01	   3.7040586514953872e-01	   8.2309881696412579e-01	   8.3444665551377850e-01	   6.9412687681789131e-01	   9.5706524192840292e-01	   5.0363724735483895e-01	   7.8038165671892951e-02	
   1.2254437270601015e+00	   1.0194540593379191e+00	   1.3400432949465757e+00	   8.9174972371512118e-01	   1.5344741791361844e+00	   1.2861388033642935e+00	   0.0000000000000000e+00	   1.3652854370185066e+00	   1.5437248716671663e+00	   1.3251638777094172e+00	   1.4406259710347813e+00	   1.2296522031989219e+00	   1.4914605885077106e+00	   1.3310419769662485e+00	   1.5210119908738975e+00	   9.9025108037747722e-01	   1.0016087449511946e+00	   9.2419999514635820e-01	   1.3624029574404863e+00	   1.2382427266464742e+00	   6.2120417950611384e-01	   4.8553293983453960e-01	   8.8584580235389887e-01	   7.8098749205035523e-01	   5.9751320148283182e-01	   5.3310554826145551e-01	   6.1688817725564959e-01	   5.6823973536382677e-01	   9.5859220713887283e-01	   9.0119115435383201e-01	   8.0861718274074601e-01	   6.4795467405427409e-01	   1.1112435423887750e+00	   9.6599860305389540e-01	   4.9635639564160805e-01	   5.6354776415509811e-01	   7.6060265919665548e-01	   6.4005222861082589e-01	   4.9682325064327754e-01	   6.4224062059367815e-01	   5.7796134022620982e-01	   5.8201783476675917e-01	   9.1540485114212955e-01	   7.8404117649691152e-01	   9.2958161030079345e-01	   9.9443585623899755e-01	   1.0442754511906853e+00	   1.0250607251481787e+00	   1.3383432573509837e+00	   1.2396762489060615e+00	   1.1618069004453708e+00	   1.0797590390179830e+00	   1.0829748488105364e+00	   9.9918664273455782e-01	   1.0411467475313134e+00	   9.9281017090891110e-01	   7.5291027647652564e-01	   8.8183974591820613e-01	   1.4678181306765372e+00	   1.0711415746287545e+00	   1.3743195089557880e+00	   1.0393465292416952e+00	   9.6095973784377020e-01	   1.0202221408445744e+00	   8.2220098075712722e-01	   7.0583687474687185e-01	   1.3724558699944689e+00	   1.0491658269711883e+00	   1.1437433532736856e+00	   1.2158896246827842e+00	   9.1087093325113933e-01	   8.2581075759418643e-01	   7.0696890515518596e-01	   7.1143781424651198e-01	   7.6368185761979102e-01	   7.3943205214038521e-01	   8.2370895559347135e-01	   7.5651537033885219e-01	   6.3243897010242622e-01	   8.9475846429643324e-01	   9.1007071472148737e-01	   1.0166844093488319e+00	   1.4593403498339399e+00	   9.3216333890075220e-01	   1.1585211579706449e+00	   1.0277757038637074e+00	   8.6171521926978922e-01	   5.1717509360859282e-01	   1.4694514800769229e+00	   1.2243687585845082e+00	   9.4072111184114326e-01	   7.2187616405533717e-01	   4.8984322817338621e-01	   6.5793899833045222e-01	   5.6367591616654344e-01	   1.8092837974260587e-01	   9.0188478737337374e-01	   4.2104801542112374e-01	   1.1398104934766053e+00	   1.1278822831249640e+00	   1.0864795849188003e+00	   1.2020511541653427e+00	   1.1642011919599842e+00	   1.1752592654957423e+00	   7.4152386368307877e-01	   5.2434139082922104e-01	   3.7341106518553469e-01	   4.5894350903905667e-01	   2.6795233643791488e-01	   2.7034834670029223e-01	   6.9012344420346439e-01	   1.0323798723129403e+00	   8.5886758384896555e-01	   7.6940101189169396e-01	   3.2755073725213346e-01	   2.6435445207315375e-02	
   1.1476140913762523e+00	   1.0979570687757323e+00	   1.1916693111509582e+00	   1.1745509585847769e+00	   1.4275980700352935e+00	   1.7788089429747918e+00	   1.3652854370185066e+00	   0.0000000000000000e+00	   1.0865854095346452e+00	   1.3525555790361941e+00	   1.2172693485646782e+00	   1.4964204997497963e+00	   1.0492394944096735e+00	   1.3226632144499109e+00	   1.2630302144685088e+00	   9.9190988181059636e-01	   9.8362858006856280e-01	   8.5486722138997107e-01	   1.2851095151430689e+00	   1.2945165674146686e+00	   7.4430930864725586e-01	   6.5487901391392955e-01	   9.1082974448789289e-01	   9.1404737512191292e-01	   5.9181287542007666e-01	   6.4230935004299949e-01	   6.6352199435514259e-01	   7.4239758717307180e-01	   1.0357740898421974e+00	   1.0916116314434832e+00	   9.5386211257157671e-01	   8.9443444974744002e-01	   1.2153898354474615e+00	   1.2076093309024776e+00	   5.6685481822774730e-01	   6.6540196525074158e-01	   8.4487490011974620e-01	   8.2792010480361478e-01	   5.4339441176966208e-01	   7.3982828691760738e-01	   6.3049061469037437e-01	   7.1004402012934520e-01	   6.9255627270969988e-01	   5.8171580967311243e-01	   7.7798578166471455e-01	   8.2705867635003005e-01	   8.6462135994808054e-01	   8.2432389805706563e-01	   1.0023794093325227e+00	   1.1298204856048919e+00	   9.9806384123760594e-01	   9.2291585076643090e-01	   1.0248445881647075e+00	   9.0369537831720481e-01	   1.0531925285863968e+00	   1.0455370738622725e+00	   8.8230569245112389e-01	   1.0466705110131118e+00	   1.3129526421891051e+00	   1.4229177607020465e+00	   1.4963255568807905e+00	   1.7193163818176582e+00	   9.1551571909568197e-01	   9.8651696439667591e-01	   8.2948450752708092e-01	   8.9954243397116407e-01	   1.1695140522081617e+00	   1.1367662075606115e+00	   1.2279399087858849e+00	   1.2962583426570431e+00	   9.7778047011964797e-01	   1.0256431218611111e+00	   8.4972158562274669e-01	   8.9738302276744575e-01	   8.5930436965139978e-01	   9.0840934603842427e-01	   9.1884462756447671e-01	   9.0329576489544328e-01	   7.4653321429681530e-01	   9.8435751569275198e-01	   1.0198345360975820e+00	   1.0061398381172861e+00	   1.2475197243576983e+00	   9.5050630349137788e-01	   1.0822210427470798e+00	   1.0745886237865723e+00	   7.5041244608802837e-01	   5.3761197667310456e-01	   1.2871929026078437e+00	   1.4825150087413550e+00	   9.3159744904333286e-01	   6.3853706124608944e-01	   5.7946123852967690e-01	   6.1384007904765348e-01	   6.4358874249090281e-01	   2.6080502102260550e-01	   9.2547915229749034e-01	   4.4347695720334368e-01	   1.0965760434458673e+00	   9.8922252314040049e-01	   1.1709739477538674e+00	   1.0642969367647912e+00	   1.1016025017101785e+00	   1.0742140779453317e+00	   7.3104250522993708e-01	   4.3403948399340286e-01	   4.4153542971285831e-01	   6.9870482368913922e-01	   4.1066624600304452e-01	   3.9633015568255248e-01	   6.4616957978249279e-01	   7.5787097312696639e-01	   6.4623964140554624e-01	   9.3672294267768264e-01	   4.0342412795861099e-01	   9.7789091179905974e-02	
   8.4662949500362628e-01	   6.9696246741613688e-01	   8.9566445746678502e-01	   6.1487868833781689e-01	   1.2996129271012082e+00	   9.8777274135292525e-01	   1.5437248716671663e+00	   1.0865854095346452e+00	   0.0000000000000000e+00	   1.4781112766093605e+00	   1.1469202203111830e+00	   9.8663213378367642e-01	   1.3930032815659010e+00	   1.1532252051193204e+00	   1.3076370662651520e+00	   7.8943520690985036e-01	   6.4584589086158650e-01	   5.8227708103980624e-01	   9.0904029796718278e-01	   8.5776825068002882e-01	   3.6977197974678061e-01	   2.3769602500030015e-01	   6.1979795118363723e-01	   5.8132132584819862e-01	   3.9093482947762537e-01	   2.8486837886304284e-01	   4.4502181818255160e-01	   3.6303660746472050e-01	   6.6465179507889316e-01	   5.8765453696002057e-01	   4.7809655734290329e-01	   3.4505161461206790e-01	   6.8576697408671028e-01	   5.8467346521866981e-01	   2.6373532808494982e-01	   3.5620332731967463e-01	   5.1699072269084811e-01	   4.1570736592835561e-01	   3.0580327523139583e-01	   4.2975979321164048e-01	   3.2346302103029623e-01	   3.3723783532382529e-01	   6.7644945789654587e-01	   5.8854961746647350e-01	   6.7309633969768934e-01	   7.7348492700162108e-01	   7.9302496891773178e-01	   7.8205970347065035e-01	   1.0796289471431351e+00	   1.0162557359839686e+00	   9.1846326004853662e-01	   9.2296427361825895e-01	   9.6835947941419909e-01	   8.9823732797552602e-01	   8.3590807450254601e-01	   8.5943421345870774e-01	   5.1020247142867370e-01	   6.3580602614257065e-01	   1.1545361455753769e+00	   1.0041383203222745e+00	   1.0995028509215525e+00	   8.6821658991262085e-01	   6.4720263994434057e-01	   7.4196235072521655e-01	   5.5560401863736442e-01	   5.0615446427421751e-01	   9.2199703964104573e-01	   7.0948405229635925e-01	   8.7284079204369225e-01	   9.7368282788146787e-01	   5.8117505180894136e-01	   5.3050306100884093e-01	   4.3691878966471820e-01	   4.4183654121350113e-01	   4.8397954471772919e-01	   4.6989209244994912e-01	   5.1149174897992067e-01	   4.6148978634979504e-01	   4.2115906850503232e-01	   5.6033733975762534e-01	   6.0994955733496381e-01	   6.6431701241199947e-01	   1.0473953453065261e+00	   6.6049187031885115e-01	   8.1128071891498976e-01	   7.9547265641881415e-01	   6.5302858234898919e-01	   2.9247390785357824e-01	   1.1959652437480870e+00	   1.0825890222724199e+00	   1.0146569884853494e+00	   9.0713078887279852e-01	   6.0859356601232817e-01	   7.4390867347151879e-01	   4.5870016603640551e-01	   2.3355012533926464e-01	   6.9911616983747904e-01	   3.8701175887107681e-01	   1.0029023355049704e+00	   1.0746344776827943e+00	   1.0226891055536673e+00	   1.1849125042438364e+00	   1.0747402869773546e+00	   1.1688001346021601e+00	   7.4207954955508393e-01	   5.6700914045691320e-01	   4.4692092718009757e-01	   4.4032881372365762e-01	   1.4820921223336647e-01	   2.8836130311144004e-01	   6.1332278290341569e-01	   8.6548118564553378e-01	   6.7361379838252100e-01	   5.5109214643156712e-01	   2.5578077248730319e-01	   1.0168039683914072e-01	
   9.6483961771331628e-01	   8.5647876589307692e-01	   1.0137543281723285e+00	   8.6522017877175661e-01	   1.2729669318300325e+00	   1.2395822175217104e+00	   1.3251638777094172e+00	   1.3525555790361941e+00	   1.4781112766093605e+00	   0.0000000000000000e+00	   1.1599881577705355e+00	   1.2826324831997236e+00	   1.1170573282571412e+00	   1.1768721680686980e+00	   1.3496486406333423e+00	   1.0940780752907389e+00	   7.5312187246741880e-01	   6.5178236598438777e-01	   9.9967682367113830e-01	   9.6647060752406688e-01	   5.2542106270620414e-01	   4.3073867979003283e-01	   8.4784281768490688e-01	   9.1257770514339875e-01	   5.7247381051543655e-01	   5.0129785989265851e-01	   6.5013392550857008e-01	   6.4003840048366034e-01	   6.9522978940800018e-01	   6.7629296090047053e-01	   6.4834586722463527e-01	   5.6814804587057044e-01	   8.2263549701673044e-01	   7.5562416349898409e-01	   4.4837598365828363e-01	   5.1403101647230420e-01	   5.8990363314536054e-01	   5.2578822690220184e-01	   3.4469936977384541e-01	   4.9259290714434756e-01	   3.8659920068249243e-01	   4.1559792430963516e-01	   6.5142109408918547e-01	   5.5112931441335156e-01	   6.6888689309125604e-01	   7.3668521655144648e-01	   7.5128598026553539e-01	   7.5174969089290489e-01	   9.6643115079426722e-01	   1.0332831646695733e+00	   8.8950181435770470e-01	   8.8505596481724391e-01	   8.8843289059901953e-01	   8.2230814833288779e-01	   8.2716812379536397e-01	   8.2036003749283837e-01	   6.7896390875558388e-01	   8.0222162600486646e-01	   1.1301559554708838e+00	   1.1602361357631681e+00	   1.1152572598020056e+00	   1.1149885943126077e+00	   6.7015860111676850e-01	   7.0934167062708686e-01	   7.6237482308723781e-01	   7.8019606401434438e-01	   9.6872484997332609e-01	   8.6192218006053256e-01	   9.8572525454678872e-01	   1.0524380209675777e+00	   7.0980564246461963e-01	   7.2655602028842858e-01	   5.4460444846690925e-01	   5.5715068318237182e-01	   5.9019336226309338e-01	   5.9505453548667286e-01	   6.3346363269985173e-01	   6.1896818284477584e-01	   5.2010355108400486e-01	   6.9449108560578254e-01	   7.2912676310016389e-01	   8.0444657174524059e-01	   1.0538198212447356e+00	   7.8097200576813475e-01	   9.6472125889633831e-01	   9.7536826111472708e-01	   7.2174387880506519e-01	   4.5586820641392567e-01	   1.2786579234121400e+00	   1.2036914054665000e+00	   1.0093353350908914e+00	   8.1763376290350154e-01	   6.3784948105506800e-01	   7.4801109815238143e-01	   5.2938442658663987e-01	   2.5202174880846312e-01	   7.6187596873543528e-01	   3.9973226932970896e-01	   9.4194002507594021e-01	   9.7522957072109340e-01	   9.8517179284746537e-01	   1.1577567807506512e+00	   1.0774937017130486e+00	   1.2147246513940424e+00	   8.4418349892296507e-01	   6.4972554187920639e-01	   5.2186960493545942e-01	   6.0073836995772611e-01	   2.1592755414272299e-01	   3.0362097730881515e-01	   6.2775207465766825e-01	   7.8214257443012181e-01	   6.4213172004116437e-01	   7.8304061847082018e-01	   4.4778113598550318e-01	   1.9691352784098490e-01	
   1.4554078482844373e+00	   1.1326064509530795e+00	   1.1918782795810965e+00	   8.7902745018832040e-01	   1.2393135875698205e+00	   1.1131874787709162e+00	   1.4406259710347813e+00	   1.2172693485646782e+00	   1.1469202203111830e+00	   1.1599881577705355e+00	   0.0000000000000000e+00	   1.4288886424965561e+00	   1.5515801746013884e+00	   1.3710295776150441e+00	   1.6922651372869062e+00	   1.0724829756256202e+00	   1.2163235556666343e+00	   9.8506363631644933e-01	   1.3230493616041108e+00	   1.1795534810220514e+00	   7.3377116146293353e-01	   6.4261343391353432e-01	   9.0382125897732135e-01	   8.1817290946538979e-01	   6.1907021393957606e-01	   5.7862736951398952e-01	   6.6610849700206487e-01	   6.5861671973949831e-01	   1.0461590910067837e+00	   9.5699199260011314e-01	   8.3543510640562224e-01	   7.2663398128289292e-01	   1.1599505144803330e+00	   1.0491380318284578e+00	   5.7506841590117752e-01	   6.2249941567624301e-01	   8.7915199031842528e-01	   7.8473013884827736e-01	   5.3281232322745620e-01	   7.0770023368383572e-01	   6.1655404255419211e-01	   6.5402289784850909e-01	   8.9434829267600024e-01	   7.9109618329596432e-01	   9.9301400425027786e-01	   1.0385986251748673e+00	   1.1141660416258572e+00	   1.0458166097524573e+00	   1.4320456253113747e+00	   1.3574647807256937e+00	   1.2289701534807618e+00	   1.2049181983258765e+00	   1.0341296435715581e+00	   1.0067820203774536e+00	   1.1496316483763238e+00	   1.0953763779927830e+00	   9.1283943776889998e-01	   1.0414749719825351e+00	   1.5005606086660070e+00	   1.2546618368262250e+00	   1.3925419164718260e+00	   1.1457145619229026e+00	   1.0830158656002142e+00	   1.1004867646107466e+00	   8.1874606603705358e-01	   8.0958373826216312e-01	   1.3105198377962297e+00	   1.0787745322858957e+00	   1.1111376151147945e+00	   1.1216284569750889e+00	   1.1035399088361653e+00	   9.7199385627315282e-01	   9.1103171410191297e-01	   8.9019670120007133e-01	   9.7961750193186592e-01	   9.4933302556157195e-01	   1.0519040125221371e+00	   9.6826841229219018e-01	   6.9061505255777966e-01	   9.3761666715109537e-01	   1.0159599842603781e+00	   1.1057681762063769e+00	   1.2883548619826266e+00	   8.2609672599609085e-01	   1.2563234509573729e+00	   1.1150929756901675e+00	   9.1370963190358390e-01	   5.4864242654584883e-01	   1.2727411051011885e+00	   1.2409790415002688e+00	   8.3263035280562403e-01	   5.6148017956661200e-01	   4.0632732139808919e-01	   5.5993818170718324e-01	   5.5294895639843378e-01	   9.0731043068167372e-02	   9.0055479641627489e-01	   4.1037449468680848e-01	   1.1756413598731033e+00	   1.0800360004676746e+00	   9.6968512575887345e-01	   1.0376418958470646e+00	   1.1033847145245803e+00	   1.0815724007434644e+00	   8.0757570483821950e-01	   5.4883469663507622e-01	   4.5036380572116846e-01	   5.2713422663489018e-01	   3.5169417908257905e-01	   3.3653636378710472e-01	   6.6479554030921262e-01	   8.5458454275007978e-01	   7.0753354013817005e-01	   9.6907284741667377e-01	   3.4369458706059147e-01	   1.2893024322640259e-01	
   1.4039133340827006e+00	   1.4033927275408660e+00	   1.2454708914067634e+00	   1.1218434957795949e+00	   1.1453013219986190e+00	   1.1543663618184512e+00	   1.2296522031989219e+00	   1.4964204997497963e+00	   9.8663213378367642e-01	   1.2826324831997236e+00	   1.4288886424965561e+00	   0.0000000000000000e+00	   1.0817658719655747e+00	   1.6296876190772460e+00	   1.4159239982425746e+00	   1.5094910573623510e+00	   1.2128770218018308e+00	   1.0678208179992223e+00	   1.4857476546747057e+00	   1.5086268727305769e+00	   8.4600104427698142e-01	   7.9076383454015786e-01	   1.1137827396657585e+00	   1.1097611033906682e+00	   7.9460849205119455e-01	   7.4598178159645012e-01	   8.3313817158726311e-01	   8.5549169250432078e-01	   1.1242555026828249e+00	   1.1128692794805897e+00	   1.0362442636279425e+00	   9.2210774896134551e-01	   1.2704674169257977e+00	   1.2200798358164062e+00	   6.5481487869934174e-01	   6.3047523756735446e-01	   8.9511434652351107e-01	   8.5232036296104674e-01	   5.4094024948783848e-01	   7.6689043386678279e-01	   6.5933794753032204e-01	   7.5856460101870860e-01	   8.4297399269624140e-01	   7.2252347653063442e-01	   9.0560926482020587e-01	   9.1309535108464557e-01	   1.0087200707645068e+00	   9.2885920741164263e-01	   1.1204451475933386e+00	   1.1601820740785254e+00	   1.1618148886839075e+00	   1.0716083974009738e+00	   1.0740679846852572e+00	   9.8821511427214637e-01	   1.0511670300340847e+00	   1.0167262044788528e+00	   1.0461924708707744e+00	   1.1998773454631295e+00	   1.2135671900416827e+00	   1.2353787327642967e+00	   1.2441564287068496e+00	   1.3488619011026344e+00	   1.1981098557270526e+00	   1.1763212812265986e+00	   9.5135363507165416e-01	   9.8066228080388118e-01	   1.1156989025445951e+00	   1.0758877093447792e+00	   1.2239247520578684e+00	   1.2077281749932425e+00	   1.1654419930331437e+00	   1.2032697018109491e+00	   1.0164446350292982e+00	   1.0590371738483737e+00	   1.0385125535763120e+00	   1.0914349753053780e+00	   1.1244742098643183e+00	   1.1142470502999464e+00	   8.3711222375545469e-01	   1.0369793781187793e+00	   1.1590367491993050e+00	   1.2674513191739920e+00	   1.3662586609027252e+00	   1.1030883330101531e+00	   1.4130019026292828e+00	   1.3829574591352856e+00	   9.6684146950172611e-01	   7.5744348158340347e-01	   1.2157570334523444e+00	   1.3305384882905376e+00	   7.8235719746095578e-01	   4.8128576130772738e-01	   3.8432067402965014e-01	   4.6365018710264722e-01	   5.8448735915778260e-01	   1.6816609846180988e-01	   8.8415041322602483e-01	   4.0662088537986613e-01	   1.0760855709924284e+00	   9.2988474967364010e-01	   9.0225518297829610e-01	   8.2788990195111134e-01	   9.5074584374530546e-01	   9.0656992345383691e-01	   6.4808736676519019e-01	   4.0451438636977732e-01	   3.7593430209066847e-01	   5.9297748660103333e-01	   3.3849223300495945e-01	   3.2850860166666845e-01	   5.8286837633048516e-01	   7.8010354278769611e-01	   6.6382752688805569e-01	   9.8712762774218055e-01	   3.3401178537272874e-01	   1.3707312195265764e-01	
   1.0184836286187997e+00	   8.3720147870845607e-01	   9.2238744468810796e-01	   6.1312908813269429e-01	   1.0547138466887074e+00	   9.1569932231507678e-01	   1.4914605885077106e+00	   1.0492394944096735e+00	   1.3930032815659010e+00	   1.1170573282571412e+00	   1.5515801746013884e+00	   1.0817658719655747e+00	   0.0000000000000000e+00	   1.4018992930326113e+00	   1.5836893931351150e+00	   8.7798317997570230e-01	   8.9076566324861373e-01	   7.5458540104007110e-01	   1.0847922176160829e+00	   9.1975077626691015e-01	   5.0668130397108979e-01	   3.8053583743344266e-01	   6.5222889615740387e-01	   5.3100152724239880e-01	   4.1019823462635058e-01	   3.4129158242194441e-01	   4.5759601256163479e-01	   3.9012564911827269e-01	   8.7242020807721343e-01	   7.4675030238898654e-01	   6.1074869214958849e-01	   4.6323216781119170e-01	   8.6765069557253971e-01	   7.4126952885972619e-01	   2.6289579715404432e-01	   3.1735388916096757e-01	   6.6478825360303206e-01	   5.5685814780518283e-01	   3.7418804442245290e-01	   4.9211945675041174e-01	   5.0335467647951626e-01	   4.9923366492830090e-01	   7.2224024903070982e-01	   6.6986120651149361e-01	   7.6808152619613312e-01	   8.7175941572335824e-01	   8.5790061799924688e-01	   8.3338691547249943e-01	   1.2487928151454757e+00	   1.1737096733057060e+00	   9.4734513886007421e-01	   9.8684986904508087e-01	   9.9252767621105853e-01	   9.1109065683624513e-01	   9.6235013031890926e-01	   9.2120648531501848e-01	   6.7602473451454848e-01	   8.4221283323914653e-01	   1.2630868952872969e+00	   1.0794356303786856e+00	   1.2586952032455465e+00	   9.4114512205077405e-01	   8.7811671250505152e-01	   9.7493174035870511e-01	   5.2903343145653081e-01	   5.2241638599857954e-01	   9.9507127183966482e-01	   7.5362588062037106e-01	   9.6052686057781644e-01	   1.0768607653842215e+00	   8.0974544353213829e-01	   6.8765251412638173e-01	   6.6982123429229568e-01	   6.5286430393176864e-01	   7.0077975598432807e-01	   6.6523967279474050e-01	   7.3066491951013557e-01	   6.5293131213213362e-01	   4.7722301297286718e-01	   6.8447746413267929e-01	   7.2862736391209548e-01	   8.1496981639094768e-01	   1.1186996110656140e+00	   7.0254025551388766e-01	   9.5897854155945494e-01	   8.4979435766274203e-01	   7.0117372495431085e-01	   3.8184473911006450e-01	   1.1729207033377849e+00	   1.0452589180262157e+00	   7.7548160734464366e-01	   6.1615229980473729e-01	   4.1631829527361885e-01	   5.9339847078448904e-01	   4.4422331657698799e-01	   9.7974667539869206e-02	   7.2486810591784601e-01	   3.4893863167658518e-01	   1.0157302655698315e+00	   1.0237497138685068e+00	   9.2343756860023762e-01	   1.0814015190980315e+00	   9.8754341823445702e-01	   1.0209688430269255e+00	   6.6095070046630977e-01	   4.7177208019662487e-01	   3.4057061403622851e-01	   4.0345867323134244e-01	   2.7194846497593689e-01	   3.3740264239243978e-01	   5.7670624522267233e-01	   9.2178314627124469e-01	   7.9805984821843001e-01	   7.0067274287312742e-01	   2.4358862806885234e-01	   1.0316669290662762e-01	
