   0.0000000000000000e+00	   1.0880443558785218e+00	   3.8831926808270922e-01	   4.6760674584656520e-01	   4.4754499840017148e-01	   4.1481503492810551e-01	   5.8403276689048034e-01	   4.3623241009364044e-01	   4.9711812497683100e-01	   3.9411196479289656e-01	   8.8425818095269182e-01	   6.9815806378332124e-01	   7.3795217476912534e-01	   4.5002000937128617e-01	   7.8682005478652162e-01	   5.9793514390690305e-01	   4.1752026874357984e-01	   3.5725018004862880e-01	   8.8214972775296185e-01	   8.2849654631590730e-01	   3.7682219641497355e-01	   3.8126094172060604e-01	   3.5625322042678631e-01	   3.3880904018595076e-01	   1.5119010999025126e-01	   1.5445136611314408e-01	   3.3762425500404403e-01	   3.4934760715845647e-01	   3.0889863571790410e-01	  -1.9103583592252709e-02	   3.4119321507986394e-01	   3.1873491886985700e-01	   6.9704165790178141e-01	   6.5067472231677204e-01	   9.7513585117014745e-02	   8.6681625384304656e-02	   3.6754006869971290e-01	   5.9279131598674473e-01	   5.1350539809131679e-01	   1.0230568067396163e-01	   9.8087632928790594e-02	   1.3460035254492624e-03	   1.2253050300410673e-01	  -5.1843146753443994e-02	   1.8663726108726176e-02	  -2.8954504382644800e-02	   1.7530810127729812e-01	   9.8282268274980281e-02	   1.9438002214431113e-01	   9.6338036841852801e-04	   3.3293604077388828e-01	   7.2367909947934253e-02	   2.2086795597704029e-01	   9.8184253491327894e-02	   5.1237817571338451e-01	   3.6163244506834230e-01	   8.7291259567054269e-01	   9.8552969690769054e-01	   6.9882465931157345e-01	   5.7431937274084555e-01	   8.5899935276606187e-01	   3.8702946590669862e-01	   7.8400843068445114e-01	   6.2346811806909641e-01	   2.0632360836810176e-01	   3.1746211792211537e-01	   3.9031874282984258e-01	   3.0848340105259264e-01	   8.2969327613052879e-01	   7.8672639577839254e-01	   2.5872586699841854e-01	   1.5086719644301752e-01	   5.2808161945168752e-01	   5.1588591417369722e-01	   5.8551610822918321e-01	   5.2571000178472183e-01	   2.9558276211421330e-01	   4.2442450446998237e-01	  -8.7352566401470613e-02	  -2.1469330846999042e-02	   8.2387756919933691e-02	   1.1909088390790035e-01	   1.2815380114905106e-02	  -9.5461204340050176e-02	   7.1655390337500324e-01	   7.3496731803438375e-01	   2.4659691614732798e-01	   1.9175164243420051e-01	   5.9025749876560640e-01	   7.0987614519340880e-01	   3.2813087593035639e-01	   3.8886824061324793e-01	   2.9326511647514120e-01	   3.8122024700968576e-01	   3.9607992830901204e-02	   2.6762302961823914e-01	   4.0384208940014077e-01	   2.7800870902512903e-01	   3.4547746363335147e-01	   4.2206627414260650e-01	   3.2624300677189816e-01	   6.0113400328559663e-01	   5.3764525624159976e-01	   4.4865913393883217e-01	   4.2150385343301605e-01	   3.0883964478820397e-01	   2.7517982941568059e-01	   7.4896957441768025e-02	   7.9048417816596189e-02	  -2.0364909172394907e-01	   3.5809521872362741e-02	   2.7395892368635577e-01	   3.4709186546580051e-01	   4.3150825420617134e-01	   2.0645298375699664e-01	   1.8319236357994198e-01	
   1.0880443558785218e+00	   0.0000000000000000e+00	   3.5159859915051822e-01	   3.6149456310087030e-01	   5.9643884119060231e-01	   4.1046217875939994e-01	   4.6296976256345801e-01	   3.0339542510764500e-01	   6.7596336771542875e-01	   3.5081299182898312e-01	   5.7395425028971281e-01	   3.4503870248168272e-01	   5.4259146201994790e-01	   1.6354052147133460e-01	   7.6709699865271430e-01	   3.5504100087620705e-01	   4.3361416820735521e-01	   4.7617807952421531e-01	   7.7791768073705225e-01	   9.8758349375959364e-01	   6.4497825909257078e-01	   5.9926616860001625e-01	   4.1367669857733147e-01	   2.6433020409968944e-01	   2.9727599274760835e-01	   2.6734916335468401e-01	   4.6802021448629838e-01	   4.1783031467650411e-01	   2.4988509483721494e-01	  -1.2072603875006666e-02	   3.4902456752161071e-01	   2.9847177323555074e-01	   6.1678695556355412e-01	   6.2117342787871754e-01	   1.3703856026510045e-01	   1.1551237365857965e-01	   4.0957233099811080e-01	   5.8438625653783327e-01	   6.4201809260395382e-01	   7.2691478830530787e-02	   1.9268105093059870e-01	  -8.3042526048597964e-02	   1.3581591573634114e-01	   1.9290022429237219e-02	   2.9232998246080399e-02	  -2.4557719506287240e-02	   2.3270542297364522e-01	   2.4871822585739556e-01	   1.8036326915000331e-01	   8.9315810626574038e-02	   2.7905462188806252e-01	   1.4900551175967824e-01	   2.2881096196153827e-01	   3.8907646942161106e-01	   4.3094037299140775e-01	   3.7197604503702092e-01	   8.4950250686389217e-01	   1.4903594736769314e+00	   5.5298476992891699e-01	   5.1204468361629829e-01	   6.3446687287481163e-01	   1.0361178543342389e-01	   4.9691075329073325e-01	   2.9120111980878643e-01	   2.0485279507115348e-01	   1.5985478279382584e-01	   2.9768148737587868e-01	   2.0923006358207819e-01	   7.9539660343430807e-01	   8.9284693579678076e-01	   3.5346575428139798e-01	   1.9640689233387415e-01	   6.2585958717581891e-01	   5.8902611468814314e-01	   6.3226896469231830e-01	   5.7775800039329628e-01	   3.6570399717032026e-01	   4.1836833662989981e-01	   1.6027848123630634e-02	   1.2775859679150384e-01	   1.3529512808087144e-01	   1.2307979681293876e-01	  -5.9492914293600409e-02	  -8.1640052075212327e-02	   4.2899080215786289e-01	   4.0724174292913928e-01	   2.3097370388045929e-01	   1.1820318488028010e-01	   4.1663430385887079e-01	   4.8385355124282925e-01	   4.7275983339243899e-01	   4.9793637263365609e-01	   2.4818625275963838e-01	   3.8948890732871849e-01	   1.6948268295154612e-01	   3.3894713045827946e-01	   4.6132840799746722e-01	   3.6846239629578026e-01	   5.2127768593578894e-01	   6.1596489873144900e-01	   3.2358079808036105e-01	   4.7433025268433182e-01	   6.1972197706948706e-01	   5.2485724732335826e-01	   3.2934665594246332e-01	   2.9404667563439341e-01	   1.5940962057274438e-01	   1.9807352319774371e-01	   1.2545960712389231e-01	  -4.9647148899604671e-02	   1.7763734377892998e-01	   4.4939954362440848e-01	   4.5099451516936934e-01	   3.8086477143089642e-01	   2.2675339663066676e-01	   1.4039598928112179e-01	
   3.8831926808270922e-01	   3.5159859915051822e-01	   0.0000000000000000e+00	   6.3082479767530664e-01	   6.9334384675029581e-01	   6.8625044738811358e-01	   1.1134475153130166e+00	   3.9995053370918965e-01	   8.2988738891502911e-01	   5.5079767630826548e-01	   3.1128331128455872e-01	   3.7055450459517872e-02	   4.0109322952035481e-01	   1.8349182690805536e-02	   7.8809682522227420e-01	   6.4895591079280712e-01	   1.0878137316344068e-01	   3.3605605865070443e-01	   6.6280080600337765e-01	   5.1725478467005692e-01	   3.2851210623997690e-01	   3.8435753562116814e-01	   1.4109424753624265e+00	   9.1457868738603043e-01	   8.2323282568695477e-01	   7.8540852456636201e-01	   1.0263369840811378e+00	   9.0598778651835321e-01	   1.6713601972706954e-01	   2.2476215845525738e-01	   5.4578100399609641e-01	   5.5646040372789107e-01	   7.1785600867961907e-01	   6.2355478794781505e-01	   7.9378101773432441e-01	   5.6626708669252146e-01	   4.7219838956010557e-01	   7.6382309445074881e-01	   6.5235476684960347e-01	   5.8573807994695881e-01	   7.8983662640484023e-02	   1.7545935148766792e-01	   4.9328185755246984e-01	   3.7733330815163024e-01	   2.9946615168558693e-01	   2.7947245812164656e-01	   5.4024348521625087e-01	   6.1200982971809625e-01	   1.9462643986566025e-01	   9.6180084641409050e-02	   4.5376389933682687e-01	   1.3228984933993099e-01	   9.3920997685637470e-02	   2.8298544005146686e-01	   5.4414106705435406e-01	   3.6030054363700775e-01	   3.1972986687646382e-01	   3.9986861975044752e-01	   3.0571584093922427e-01	   1.6061088998485501e-01	   6.1960779295370194e-01	   3.6917841854059365e-02	   1.6850408121579047e-01	   1.0599835767971848e-02	   1.1179232277480549e+00	   5.8999856241684290e-01	   5.8459000019036111e-01	   3.8980635338106973e-01	   7.3227872352301004e-01	   6.7314246804686639e-01	   2.6532155557274995e-01	   2.2685934065150842e-01	   3.8379373718992006e-02	   6.1778493898108064e-02	   1.1171381389251778e-01	   2.2317948767241291e-01	  -1.9405596006350643e-02	   5.7476669012321083e-02	   4.0066672727980274e-01	   4.2381442127259916e-01	   3.6667808812051678e-01	   4.5997749759948564e-01	   3.3672658068707439e-01	   2.6778431070073233e-01	   7.4736728781582507e-01	   6.5430236358576099e-01	   8.7978979580905226e-01	   5.8521330282489159e-01	   7.2640337264738764e-01	   6.6746867838484991e-01	   4.9995826532771975e-01	   6.5270718313684328e-01	   5.5939623181122533e-01	   7.6368355522894726e-01	  -1.1452516270058061e-01	  -7.6419705311462249e-02	   3.6122895003383393e-01	   1.9266850030375579e-01	   4.0814282136651797e-01	   3.8873505154738647e-01	   1.3037598817982751e-01	   5.1028831226808657e-01	   3.6489215300230660e-01	   3.3648005229299943e-01	   4.6630617970256494e-01	   4.8848864550110754e-01	   3.2771648650203922e-01	   2.5256852249328754e-01	  -2.2697520170300450e-01	  -2.3477502271754619e-01	   4.2974810084466347e-01	   3.8508152427320197e-01	   4.2820535321368558e-01	   3.0395615433104328e-01	   8.9475437450075510e-02	   7.8355636040910767e-02	
   4.6760674584656520e-01	   3.6149456310087030e-01	   6.3082479767530664e-01	   0.0000000000000000e+00	   6.8990322559795547e-01	   8.6013684308007332e-01	   7.1799214115962340e-01	   1.2316824027030036e+00	   6.1400938495685231e-01	   8.6540743366584261e-01	   3.2708277579850825e-01	   4.5298867718216929e-01	   2.7561345477163712e-01	   3.7096587277089088e-01	   5.9900858077455887e-01	   7.3391285339277046e-01	  -9.0607413641467845e-03	   1.0567210019924392e-01	   8.2900998325592390e-01	   8.1944576358920684e-01	   3.7347798437363106e-01	   4.1522398564545515e-01	   7.0965008845934607e-01	   1.0871230607577680e+00	   5.2688170178142180e-01	   7.3664314763585748e-01	   4.7812198021939001e-01	   4.6431804097597645e-01	   1.5398548348967253e-01	   4.6135155483834130e-02	   6.9773271043864316e-01	   9.7084113398258942e-01	   5.3687879473287137e-01	   7.2544678285928310e-01	   3.1614789930740472e-01	   3.9804456026625840e-01	   2.7038480476129118e-01	   7.6683378729218044e-01	   5.1569244753449173e-01	   4.0873024642574307e-01	  -9.8259348089668186e-02	   1.1655358012421872e-01	   2.2244959807379427e-01	   1.2649280673959887e-01	   2.5550493927346701e-01	   2.9653136127937507e-01	   3.4051790559135914e-01	   3.2671966682914044e-01	   4.0580538557185675e-01	   3.3475543603585572e-01	   4.4785730923935296e-01	   3.9538324843206429e-01	   2.0060804722732495e-01	   1.1241077896621196e-01	   6.1048016307866260e-01	   5.3882548669995545e-01	   2.4729406444954655e-01	   3.3644966240374696e-01	   5.4536522568434276e-01	   7.6795481046754732e-01	   5.0264037309701293e-01	   5.8350090320237458e-01	   2.6851434315532091e-01	   4.7004915274592163e-01	   4.5002549364374833e-01	   9.7282576829508938e-01	   4.6284444892599874e-01	   6.0736715369949135e-01	   5.2417432893192051e-01	   6.1196655149844581e-01	   3.9648378173183502e-01	   4.0664776522055457e-01	   1.5631468551321831e-01	   3.2394603591364390e-01	   2.6316833285957553e-01	   5.1684630363810369e-01	   1.2512255752450974e-01	   3.6038814095545008e-01	   5.7281152433079963e-02	  -1.3716748599818885e-02	   1.5749702149704986e-01	   1.3323848780364164e-01	   2.9672863334061350e-01	   1.3230897830599767e-01	   6.7341569786671851e-01	   7.4478727307625159e-01	   5.0309097201484043e-01	   4.7226989998383895e-01	   7.3075874976904309e-01	   9.0762682979845033e-01	   5.7998791244438785e-01	   4.8804508959338649e-01	   5.4802501901814593e-01	   4.5909942179180169e-01	  -2.6154773356134325e-01	   3.8099427485527811e-02	   2.3080134428037574e-01	   1.2132088436508906e-01	   5.1831105599390925e-01	   3.5652252460077494e-01	   4.1264526049204597e-01	   4.7964750327894734e-01	   5.9975991982484467e-01	   5.0992437192403328e-01	   7.8329087908498995e-01	   6.0085396033691685e-01	   4.7916901913045962e-01	   4.7566711177678252e-02	  -1.3123702418034985e-01	  -4.3339021938681160e-01	   8.9373922551128471e-02	   2.4285698307565901e-01	   5.0399580950468892e-01	   4.9721671252376021e-01	   2.2036749669515232e-01	   2.3374327552522578e-01	
   4.4754499840017148e-01	   5.9643884119060231e-01	   6.9334384675029581e-01	   6.8990322559795547e-01	   0.0000000000000000e+00	   9.9586065273216684e-01	   8.4713900274763065e-01	   6.8525169588512980e-01	   1.0300106756059995e+00	   7.8300908207847109e-01	   2.9889466451551611e-01	   1.5522194563140124e-01	   3.7464871002028660e-01	   1.9670946068958492e-01	   5.7284329555468083e-01	   3.2797433997683956e-01	   4.0591762617695350e-02	   1.3217452155578541e-01	   8.0820919715122286e-01	   8.0234262733251072e-01	   6.9812351174818654e-01	   7.7681245757134876e-01	   6.9583730779236386e-01	   5.9440335544154321e-01	   8.4476318649906745e-01	   6.7936740175216492e-01	   7.2672444520900359e-01	   6.1830629373659673e-01	  -1.3349543733339093e-02	  -1.4826054697760935e-01	   5.8936173059987951e-01	   5.4681873355509969e-01	   5.7438935995917706e-01	   5.6078022785864956e-01	   5.2823967027241991e-01	   5.8922977791789488e-01	   5.0848638011255165e-01	   7.0045371163133197e-01	   7.9659059136932897e-01	   2.9096762103177204e-01	   9.5532969324243586e-02	  -5.4562026498075466e-03	   2.9177888564328658e-01	   1.2391043301862409e-01	   2.8114351409231669e-01	   2.5590390925362594e-01	   3.5868136393901628e-01	   3.3970150624620421e-01	   2.1024069305873619e-01	   2.4937561091034657e-01	   4.6837276818030038e-01	   2.7380048628652731e-01	   2.2814502184385560e-01	   4.4674907397493413e-01	   4.2091557092529164e-01	   3.4447769177887338e-01	   3.5366970528729336e-01	   4.5225262868130556e-01	   3.7400483262822415e-01	   4.4609598651429971e-01	   5.3919423407956724e-01	   3.3436692182605643e-01	   2.6351093686882317e-02	   5.5314700598146291e-02	   6.1660218655200572e-01	   7.7261983588243943e-01	   5.5241730037297310e-01	   5.0956376076026388e-01	   6.3722744849303292e-01	   7.8338199644290896e-01	   3.6997996118328291e-01	   3.1902969622646771e-01	   4.1394035952851377e-01	   4.7805170835936572e-01	   4.7683982540551861e-01	   5.6402760287724818e-01	   2.4444156496139663e-01	   3.4287551904437252e-01	  -5.7040234719405350e-02	  -3.1799446706733132e-02	   3.3491587777898506e-02	  -8.8278316189770098e-03	   1.8842958527944563e-02	  -4.3967877119512909e-02	   3.6779389251253775e-01	   3.7564138346254833e-01	   4.0499149904474208e-01	   2.3766961316125237e-01	   4.1920294067877495e-01	   5.2891427600644048e-01	   6.3793204636442069e-01	   7.1376135195422208e-01	   4.8974160800864602e-01	   6.1573196165728739e-01	   1.4369671920220067e-01	   2.5803759924039332e-01	   4.1091287767732498e-01	   2.6498331446844803e-01	   4.7306486187282792e-01	   4.7451084317539216e-01	   3.5078922360837661e-01	   5.4027002839427318e-01	   4.9397831122839292e-01	   5.5071588894930723e-01	   4.0219777688160452e-01	   4.3669206181931930e-01	   1.4147630522655125e-01	   3.9165674605646050e-01	   9.2891740118908717e-02	  -1.0366071715482272e-02	   3.8270383272423475e-01	   4.4545246671239869e-01	   6.1867607158069582e-01	   2.1367636231915757e-01	   1.2072275011539002e-01	   1.5061380306144822e-02	
   4.1481503492810551e-01	   4.1046217875939994e-01	   6.8625044738811358e-01	   8.6013684308007332e-01	   9.9586065273216684e-01	   0.0000000000000000e+00	   6.2121920857936463e-01	   6.9924049372587282e-01	   7.5586337553548777e-01	   9.2105365451380705e-01	   2.5597214856684231e-01	   1.7239910482604826e-01	   2.8320703205286935e-01	   1.8635988694127531e-01	   5.7190261972801659e-01	   4.2971733082438207e-01	  -1.2046452948755077e-02	   5.4055188629572072e-02	   5.8970318102213237e-01	   5.5500842143152673e-01	   6.9399460719468908e-01	   7.5180105548665443e-01	   7.1059641473722290e-01	   7.2415585832467078e-01	   6.0709197932438008e-01	   7.3369329036423914e-01	   8.0397165848575014e-01	   8.5884050793395239e-01	  -8.4330528513498950e-03	  -1.3411286978066694e-01	   5.9440679809173291e-01	   7.6176497224405992e-01	   4.5206293378304463e-01	   5.0082443247623532e-01	   5.1859814184781472e-01	   5.3593336043250694e-01	   4.6597355147907682e-01	   6.0827042580202739e-01	   6.6450299075209529e-01	   3.8169023908732558e-01	   9.0398900528890370e-03	  -7.5748671282859850e-03	   2.8310358564879778e-01	   9.6428789782715699e-02	   2.1040486540704378e-01	   2.4447488154389935e-01	   3.1729208682328952e-01	   3.4385791611070254e-01	   1.8155928053526807e-01	   1.7539303952465424e-01	   3.6486967353791988e-01	   1.8989292805487284e-01	   5.7001065236875439e-02	   9.6914431789941233e-02	   5.0293893867174400e-01	   3.6236227386541808e-01	   1.9935367791566777e-01	   3.8690019285296112e-01	   3.6659923971106506e-01	   5.0336965706881320e-01	   4.5823069684568069e-01	   4.4210662980622634e-01	   5.9154924077909149e-02	   1.6324617816247017e-01	   7.0018590560555927e-01	   1.0315901604950124e+00	   5.7123793377367083e-01	   6.4081291155739373e-01	   5.4514856419190594e-01	   6.3099816353165805e-01	   3.1548198293558138e-01	   3.7759520304236283e-01	   2.6278578121392543e-01	   3.9053465067289794e-01	   4.6841762158242717e-01	   5.9732180911725286e-01	   1.5217623492729743e-01	   3.8189217671232917e-01	  -7.0278065613265748e-03	  -2.4440134351219747e-02	   6.2925178543342633e-02	  -1.7502269140980263e-02	   6.7044708390979660e-02	  -1.2230343966168596e-01	   4.8730768204440167e-01	   4.7165633836158022e-01	   5.6575805415525493e-01	   1.6310951983348698e-01	   6.0020065353867791e-01	   5.2830192052280256e-01	   3.6298520968384984e-01	   4.2113896902963494e-01	   3.2656619995323127e-01	   4.3199261842852227e-01	  -4.1113481441856545e-02	   1.6588652266031034e-01	   4.4128700128760689e-01	   2.4679214012333250e-01	   3.8229590244120276e-01	   2.7291761775997253e-01	   1.4943947516218029e-01	   3.2284796396491189e-01	   3.2315652373302134e-01	   2.7618465132753084e-01	   5.0768829510460289e-01	   4.5173060483964811e-01	   2.7357682594780947e-01	   1.8510327345080912e-01	   4.6634287284202373e-02	  -1.8172260982489991e-01	   2.8116583944336032e-01	   2.8757564927229501e-01	   3.7416285675331679e-01	   2.0336674217731437e-01	   8.1555239862593984e-02	   6.0910631066619973e-02	
   5.8403276689048034e-01	   4.6296976256345801e-01	   1.1134475153130166e+00	   7.1799214115962340e-01	   8.4713900274763065e-01	   6.2121920857936463e-01	   0.0000000000000000e+00	   7.8968435813017090e-01	   8.4394334784707881e-01	   6.5327820478809773e-01	   5.7683327585189526e-01	   2.7963755818119468e-01	   6.5369465119568604e-01	   3.8449017154557957e-01	   8.8371740951074185e-01	   8.0902330342145035e-01	   2.4349478390100754e-01	   3.6931915918480240e-01	   9.7410219468356873e-01	   7.5691403916461897e-01	   4.5415963622667010e-01	   5.0770895816550976e-01	   8.2628849924998637e-01	   7.0633975903853830e-01	   5.5126108494557191e-01	   5.0232960620125966e-01	   5.8316718605359807e-01	   5.1801372346557717e-01	   3.5575508777710380e-01	   2.5401456112605408e-01	   5.6248034098270994e-01	   5.0436371658906121e-01	   8.2535424688450965e-01	   7.7700065967841270e-01	   4.7063394655923280e-01	   4.1740863560200225e-01	   5.3013741616450638e-01	   8.0262232909265174e-01	   6.3435881345840839e-01	   3.4898600624396831e-01	   1.4104210646378632e-01	   2.6580607032444298e-01	   5.0999424838971996e-01	   3.7291000873006258e-01	   4.1829940773609603e-01	   3.6662512961533050e-01	   5.4258564735324766e-01	   5.1080246310350508e-01	   3.0478114355627045e-01	   1.6566266387902381e-01	   5.6268891611117300e-01	   1.7260804217537964e-01	   1.9097866959178378e-01	   3.0870672293866708e-01	   5.4717025143579601e-01	   3.2063731013342361e-01	   4.6975550886515927e-01	   4.1924746533442636e-01	   4.2476590364762706e-01	   2.3891513746041174e-01	   7.9667709757384098e-01	   2.5968592968181659e-01	   3.2872779709037808e-01	   1.7941889434762406e-01	   7.1832307245766847e-01	   6.3329726138611764e-01	   6.1637257511050003e-01	   4.2783705977346048e-01	   7.5111706837038517e-01	   7.1875015467221692e-01	   3.6219789246174888e-01	   2.8563650146551955e-01	   2.9498050828669847e-01	   2.9672567249782072e-01	   2.7169196985699595e-01	   3.6725575974387265e-01	   5.7053205913093874e-02	   1.6375990216994951e-01	   2.7639440599001874e-01	   3.0304512430976899e-01	   3.6659821326292508e-01	   3.9562898847938438e-01	   3.3725954719157042e-01	   2.5240404328881194e-01	   8.0223257755167510e-01	   6.1534317938525129e-01	   6.2184660797869729e-01	   4.3011942290372812e-01	   6.7544570258876346e-01	   6.4309086152190187e-01	   7.8458566386428930e-01	   8.2619209177359920e-01	   7.9985022230895320e-01	   8.7115630967596125e-01	   4.9311651442923592e-02	   1.0614174864906503e-01	   4.2221864280384314e-01	   2.4788757989228660e-01	   6.0762393038752127e-01	   5.8760637732767840e-01	   4.2977672929797972e-01	   8.6537727456929459e-01	   5.4697131604558180e-01	   5.6117933691682564e-01	   4.7995801825535406e-01	   5.0589579213740743e-01	   2.5227713905158600e-01	   3.5875034942766809e-01	  -2.3053694472493332e-02	  -1.7903546379991769e-01	   2.7874437389829310e-01	   6.0533381377731654e-01	   7.7432543730214254e-01	   4.2173963946877191e-01	   1.7588611945989391e-01	   1.3436755824677074e-01	
   4.3623241009364044e-01	   3.0339542510764500e-01	   3.9995053370918965e-01	   1.2316824027030036e+00	   6.8525169588512980e-01	   6.9924049372587282e-01	   7.8968435813017090e-01	   0.0000000000000000e+00	   5.6364268544828233e-01	   1.0144309820401343e+00	   4.5904600384504352e-01	   4.9728314590609829e-01	   3.8505135203574881e-01	   6.7515320481333474e-01	   5.3218370110785673e-01	   7.6738076079641548e-01	   1.8198585399347134e-01	   1.6082117916007121e-01	   8.4945423206155457e-01	   7.8740129329584052e-01	   3.6360512739579098e-01	   4.5882062673710200e-01	   3.8746435169455218e-01	   7.0347243951059979e-01	   2.6690262124616793e-01	   3.6984374099672579e-01	   1.5901556374676684e-01	   1.6496114128166639e-01	   3.3027980340414148e-01	   1.5271316066846113e-01	   5.9089429063813881e-01	   7.2607570188915616e-01	   3.9483045532576244e-01	   5.6942181796926516e-01	   6.5457537475836727e-02	   1.5186629803707619e-01	   2.7339308356826103e-01	   5.8320267815956706e-01	   3.6712370153158835e-01	   2.7398227046241003e-01	   2.4572502164080258e-03	   2.4768786942346666e-01	   2.8341823030512331e-01	   1.9495501716756131e-01	   3.3846134085803642e-01	   3.7878851082920306e-01	   3.8996889063154755e-01	   3.0762605490584838e-01	   4.9024106431089892e-01	   4.0635689957540860e-01	   4.7194999219575945e-01	   3.7839812426364877e-01	   2.9890148376533010e-01	   2.3056666677270723e-01	   4.9590209023411636e-01	   4.3060395602092316e-01	   3.3938097055448468e-01	   2.4620305059480405e-01	   5.2562778549546330e-01	   6.2746976099512630e-01	   5.5254161417427961e-01	   8.0350709659668018e-01	   3.5982284836364092e-01	   4.9741311792353327e-01	   2.4580903851591823e-01	   7.5364984120561651e-01	   3.0180928467345430e-01	   3.8360032158536184e-01	   3.7464841850112374e-01	   4.6663298717856316e-01	   3.3249901423070555e-01	   3.3609804249095399e-01	   3.5501188108118986e-01	   4.1232905231262101e-01	   3.0572374776404720e-01	   4.5552404200483054e-01	   1.0625383442679436e-01	   2.8507480714380701e-01	   9.8818877773369895e-02	  -2.5610823377415011e-03	   2.4360290874889048e-01	   1.1974784038814575e-01	   3.6346653009361796e-01	   1.9139662033604710e-01	   4.7707024543703408e-01	   4.0442912105793966e-01	   3.0080513563139755e-01	   1.8998275339981041e-01	   5.3610175855618469e-01	   6.0764552732451582e-01	   7.8146287155658900e-01	   5.5048429381141584e-01	   7.3033408443293846e-01	   5.0345120371433927e-01	  -1.0570409152400327e-01	   1.0914471934300149e-01	   2.1587463233312443e-01	   1.8840944789941977e-01	   6.4828860896061191e-01	   4.9067433641706037e-01	   6.7263038448275669e-01	   6.7398422151729265e-01	   5.9076396947122845e-01	   5.9583453488321381e-01	   5.2825302722947987e-01	   4.1226883497116246e-01	   2.9191778900360305e-01	   2.0340058839475519e-01	   4.6646109627895088e-02	  -2.9855237908588439e-01	   6.6626024065275765e-03	   3.9866302966129408e-01	   6.5331351314353747e-01	   3.6784443699749941e-01	   1.2890594762783197e-01	   1.4014338797280429e-01	
   4.9711812497683100e-01	   6.7596336771542875e-01	   8.2988738891502911e-01	   6.1400938495685231e-01	   1.0300106756059995e+00	   7.5586337553548777e-01	   8.4394334784707881e-01	   5.6364268544828233e-01	   0.0000000000000000e+00	   9.9403907922177603e-01	   5.6154082044065556e-01	   2.6659256469383186e-01	   7.0629446692426423e-01	   2.8851790934951727e-01	   9.6108934514961752e-01	   6.4965352880183458e-01	   6.2307547123051331e-02	   1.3332331596610306e-01	   7.5245125055315376e-01	   7.8725898252117721e-01	   6.3414985883139208e-01	   6.9822754491927341e-01	   7.7944252244472023e-01	   6.7072205334246204e-01	   4.4079067110089654e-01	   4.2600824824111089e-01	   6.2154193910647515e-01	   5.1697607644298116e-01	  -4.4514479510802091e-02	  -1.4599496870056386e-01	   2.8254315847488320e-01	   3.7636471519502324e-01	   5.1240236580456555e-01	   4.6017879336784528e-01	   3.0491641442695350e-01	   2.7522602057364076e-01	   3.6903263137522835e-01	   7.0733039979376922e-01	   7.0330994067523134e-01	   2.3698291419908996e-01	  -1.1186604304900005e-01	  -7.8154066109443476e-02	   1.8920544675862361e-01	   1.1339275438259833e-01	   7.2903045174746939e-02	   6.5494922201511888e-02	   3.2719565860837641e-01	   3.1949412534935956e-01	   2.2031004445834593e-01	   1.8378647960049405e-01	   5.0256599537320201e-01	   2.7813832742943723e-01	   3.0839756489630310e-01	   6.1863658736405891e-01	   5.2588796643668489e-01	   2.6872637397860699e-01	   5.5585569696304782e-01	   5.5792929755398468e-01	   4.8752466398273198e-01	   4.1645249351513780e-01	   7.9976634971943716e-01	   3.7518008611453407e-01	   2.0455950456698124e-01	   1.4200422199807639e-01	   6.9366624075283323e-01	   5.2834325304991425e-01	   3.9868865219519861e-01	   2.5095776821652049e-01	   8.0503699379719929e-01	   8.7775458425201924e-01	   3.5204883268194487e-01	   3.0430054241134952e-01	   3.1719148869080560e-01	   3.3401242564552652e-01	   4.1630441804567836e-01	   4.9839855590780652e-01	   3.4466392325724952e-02	   1.6345315805569510e-01	   2.3914336494880533e-03	   1.4670370542485907e-02	   2.1322899722382323e-02	   8.8759744467162213e-03	  -7.2615309410302198e-02	  -1.6477181955678885e-01	   4.1933125737045562e-01	   3.7849372395369152e-01	   4.5381102806723728e-01	   2.2057311913510125e-01	   7.0534573488372121e-01	   5.9299639322100572e-01	   7.4987525249513509e-01	   8.2313624618191794e-01	   6.1997625637591625e-01	   8.3107330861962803e-01	   1.3314165334675330e-02	   2.1335188239034761e-01	   3.4546422083392181e-01	   1.7279423908533759e-01	   4.4041808441888330e-01	   4.3448094586269653e-01	   3.0088496601047510e-01	   6.4495121212660445e-01	   4.5059596445983002e-01	   5.3231264704218351e-01	   6.1660828053777161e-01	   6.1762921674586735e-01	   3.5388564209776302e-01	   2.4189764222143184e-01	   9.1781731138079983e-02	  -1.2171588358992054e-01	   1.3738570225956420e-01	   4.5833937222490839e-01	   7.2863916258246864e-01	   4.4806770671519591e-01	   2.1205181768587936e-01	   2.1494691848784947e-01	
   3.9411196479289656e-01	   3.5081299182898312e-01	   5.5079767630826548e-01	   8.6540743366584261e-01	   7.8300908207847109e-01	   9.2105365451380705e-01	   6.5327820478809773e-01	   1.0144309820401343e+00	   9.9403907922177603e-01	   0.0000000000000000e+00	   5.4039456449839141e-01	   4.4974855946465520e-01	   5.1356154762806094e-01	   5.5296990830558634e-01	   6.9881831740113221e-01	   8.9175867685022636e-01	   6.9420789652212517e-02	   4.5063714914748268e-02	   7.5566385680953130e-01	   6.8888870720296480e-01	   4.5946063877246113e-01	   5.5534451548133223e-01	   5.4704018461251103e-01	   8.2498258086988308e-01	   3.6170902781955799e-01	   4.4896727456327656e-01	   3.6553751652766459e-01	   3.2319202701439026e-01	   9.6564423801719201e-02	  -4.8675557986704608e-02	   4.2626716919112695e-01	   6.1505200269648141e-01	   2.9253431467582741e-01	   3.3223452074750620e-01	   1.3317610417639628e-01	   1.5577250677722623e-01	   2.3446266743127619e-01	   5.1644745255510660e-01	   3.8414888546839132e-01	   2.4259453891311589e-01	  -1.7881797002503058e-01	   3.1246087715163715e-02	   1.8301771339947748e-01	   7.4145310679798793e-02	   1.0599787004757383e-01	   1.5994472092576656e-01	   3.2374944173253722e-01	   2.7567761503461380e-01	   3.6843726926779913e-01	   3.2032365020621079e-01	   4.7699916780978036e-01	   3.1618726006513231e-01	   3.1470141216377234e-01	   3.9692030766027475e-01	   4.2971312980976029e-01	   3.3452310832942650e-01	   3.9953670980585121e-01	   3.1189339810465677e-01	   4.7126330220363455e-01	   5.4212559563727469e-01	   6.4943751596983279e-01	   8.4593284438037741e-01	   2.6636537115146475e-01	   3.8792102329431366e-01	   4.6202293297216046e-01	   7.1984424124388990e-01	   2.1886335376086785e-01	   2.0111543703989651e-01	   4.7200756753880579e-01	   5.5171228508274961e-01	   2.8831423758939267e-01	   3.4168897106437041e-01	   2.7551597712582077e-01	   3.5130439620479326e-01	   3.8124414918236843e-01	   5.7757039276240119e-01	  -6.5159819929403607e-03	   2.5674302469662047e-01	   2.2504379920763505e-02	  -9.4663264443075171e-02	   7.3151729706294438e-02	  -7.4805988553729358e-02	   9.9489998257820331e-02	  -8.4647990796151734e-02	   3.9827426769526020e-01	   3.0929048546980087e-01	   3.0771927537256449e-01	   1.3952965820973842e-01	   5.8381673146362545e-01	   6.5991283374868581e-01	   7.0497561966339639e-01	   6.0964982501195941e-01	   7.5093627598841406e-01	   6.3722243513037047e-01	  -1.7805992508479709e-01	   5.0883438567308169e-02	   1.7612212599601837e-01	   7.0645972705127943e-02	   4.4167182192007787e-01	   3.4466615029376635e-01	   4.3529353929620707e-01	   6.0969073208239499e-01	   4.2442118062886031e-01	   4.6778189505597811e-01	   6.1645409302458798e-01	   4.7314018291318516e-01	   3.5357850126182944e-01	   1.5936887339814335e-01	   2.9716269603805238e-02	  -2.3296852961990266e-01	  -1.7354738325093301e-02	   3.2962089030156577e-01	   6.1758535719723451e-01	   2.9202411252629090e-01	  -1.8375304302455188e-02	   5.2292122643121601e-02	
   8.8425818095269182e-01	   5.7395425028971281e-01	   3.1128331128455872e-01	   3.2708277579850825e-01	   2.9889466451551611e-01	   2.5597214856684231e-01	   5.7683327585189526e-01	   4.5904600384504352e-01	   5.6154082044065556e-01	   5.4039456449839141e-01	   0.0000000000000000e+00	   9.2172841185280940e-01	   1.7536263458087067e+00	   1.0376665981371946e+00	   8.8224631339548476e-01	   8.0511888523230879e-01	   2.4464801261838665e-01	   8.8520204395581600e-02	   7.5865485982136460e-01	   6.0768732103626011e-01	   1.6473958448551856e-01	   1.7554929905653555e-01	   2.3940453088620811e-01	   2.9861392660785602e-01	  -6.2190556072248535e-02	  -6.7414255926417921e-02	   5.1591350339734381e-02	   4.0760626725592990e-02	   3.1271629421740854e-01	   1.2069455352105794e-02	   2.0870036804334771e-01	   1.9579752714661525e-01	   3.8223838157593265e-01	   3.2059244116573510e-01	  -1.9555304601104401e-01	  -1.8638510849693438e-01	   2.3632354604086905e-01	   4.0727671401635407e-01	   3.7375175986176051e-01	   1.5057850806823644e-01	  -1.3704110369821779e-02	   6.8718900536561919e-02	   7.3695429441632238e-02	   3.5543341501584898e-02	  -6.5653158284304500e-02	  -3.7451673600911478e-02	   2.1434428476975953e-01	   1.2468099400602453e-01	   2.9677654231513068e-01	   1.1804682824192080e-01	   4.6094359889519954e-01	   1.7210045602996582e-01	   3.5224553002156878e-01	   2.6038952752736433e-01	   5.7743102502864230e-01	   3.7873430345311221e-01	   5.8519666459130715e-01	   4.6703738853564852e-01	   5.2149730546329354e-01	   3.3091247829722709e-01	   8.2074738874873332e-01	   6.2096708395055988e-01	   6.2155569770219654e-01	   4.4362454108066413e-01	   6.4964520580904850e-02	   2.1019375279079944e-01	   1.2323972662626183e-01	   1.0682071677899791e-02	   5.6953458351329012e-01	   5.1719356447457787e-01	   1.6757940855368320e-01	   9.0270903289346421e-02	   3.2110628408538938e-01	   2.1608748325767976e-01	   3.3801521463951140e-01	   2.9378573358765758e-01	   6.5856721186606140e-02	   2.1816937886897680e-01	  -6.3894921469706489e-02	  -7.1737360795405158e-02	   6.4054435067784132e-02	   5.8230262788845244e-02	   1.1559911897497771e-01	  -3.7365082587887531e-02	   4.9179827178912860e-01	   5.2240163027306030e-01	   1.9125413621254178e-01	   8.7342966750579162e-02	   5.7133190280211998e-01	   5.8469595806905295e-01	   3.4827490578445047e-01	   4.2119735469288011e-01	   4.0956592884755211e-01	   4.3700903801677560e-01	  -3.6783474273929015e-02	   1.5678444221175661e-01	   2.8246893834182307e-01	   2.7643545340491532e-01	   2.9539808426476710e-01	   3.7621140385804863e-01	   3.1240349461779499e-01	   6.3915739998260068e-01	   3.2446519860816581e-01	   3.2819135854713760e-01	   4.0014494976021708e-01	   3.3557041170160545e-01	   3.0071455444148287e-01	   1.6456035087659934e-01	   2.5595457196898583e-02	  -2.5244372779230950e-01	  -8.9170434667209350e-02	   2.8221485113014172e-01	   4.8775129932290429e-01	   4.6979188257713161e-01	   1.6669072967672230e-01	   2.3188137249774460e-01	
   6.9815806378332124e-01	   3.4503870248168272e-01	   3.7055450459517872e-02	   4.5298867718216929e-01	   1.5522194563140124e-01	   1.7239910482604826e-01	   2.7963755818119468e-01	   4.9728314590609829e-01	   2.6659256469383186e-01	   4.4974855946465520e-01	   9.2172841185280940e-01	   0.0000000000000000e+00	   6.6278168672046067e-01	   1.1752520695986632e+00	   5.4796111981850637e-01	   7.3434902489968334e-01	   1.2752547941036441e-01	  -7.9177648010073480e-03	   6.0333040921589509e-01	   5.0719356952026262e-01	   1.8958973920728256e-01	   1.8848914067481551e-01	   1.0381568559867903e-02	   2.3575169089073919e-01	  -8.6639342615335305e-02	   1.0822219060611909e-02	  -7.2580547251151206e-02	  -6.1054864980420474e-02	   3.4676445243302290e-01	   1.4391147576843524e-02	   2.1258502553069211e-01	   2.6227985175905344e-01	   2.6321978065442819e-01	   2.6267867063524725e-01	  -3.9452914315964172e-01	  -3.0405516165055591e-01	   7.5217997363261041e-02	   3.8405688598665028e-01	   2.1608905403059020e-01	  -2.9613844232189337e-02	  -1.0624817322297275e-01	   1.4043783731856720e-02	  -8.6119112050152394e-02	  -1.0120827342019952e-01	  -1.3535898832958759e-01	   3.0428225799682485e-03	   1.5474486413036798e-01	  -5.9141964693126818e-02	   5.8769725699078956e-01	   3.9348617660659529e-01	   6.7032104421577232e-01	   5.0812315242753281e-01	   7.6226897113639047e-01	   2.0481232224259488e-01	   5.8692847790071689e-01	   4.5903891987992840e-01	   3.0477840541784113e-01	   2.1387705253740757e-01	   5.2828566368567353e-01	   6.0465724466496384e-01	   3.6686520350234864e-01	   8.2831395276860786e-01	   5.0928404050653253e-01	   7.7207167205124150e-01	  -2.2620656793789493e-01	   2.1962178201690369e-01	  -9.4200471024798255e-02	  -1.9549694905509809e-02	   2.9959670320542314e-01	   2.7836509681185906e-01	   1.6364263038200896e-01	   1.7667974347809068e-01	   3.8628914250761492e-01	   4.1760363793084881e-01	   4.1815133349713030e-01	   4.6483446360467978e-01	   4.6935637049836797e-02	   2.9022350430863048e-01	  -1.7391923795095432e-01	  -2.7353263911143894e-01	  -3.6838223343261825e-02	  -4.1033655184166441e-02	   8.9445973638560314e-02	  -1.2154318566391686e-01	   3.5609977526601561e-01	   4.6638960617497066e-01	   1.7226992091662709e-02	   5.9258019989709483e-02	   2.4268316948250501e-01	   5.3849276676140279e-01	   2.7151289261099393e-01	   1.2102181807364548e-01	   2.6906757320258634e-01	   1.2864459018329927e-01	  -7.4827683619332092e-02	   2.2323105302809937e-01	   1.2531515603143006e-01	   1.4950889329566167e-01	   1.8089292546516753e-01	   1.8229993920993692e-01	   4.3589939098274433e-01	   3.9386274147293576e-01	   3.2578427694609607e-01	   2.0823873056999678e-01	   4.4170632246956176e-01	   2.5094081102293292e-01	   2.7109715515338773e-01	   8.5893208953064376e-03	   1.2957115669611199e-01	  -2.2733697311546530e-01	  -3.3400762085006375e-01	   8.6526692567763727e-02	   4.1748465975554333e-01	   5.0923991246760192e-01	   2.6889438188833303e-01	   3.3149470775428008e-01	
   7.3795217476912534e-01	   5.4259146201994790e-01	   4.0109322952035481e-01	   2.7561345477163712e-01	   3.7464871002028660e-01	   2.8320703205286935e-01	   6.5369465119568604e-01	   3.8505135203574881e-01	   7.0629446692426423e-01	   5.1356154762806094e-01	   1.7536263458087067e+00	   6.6278168672046067e-01	   0.0000000000000000e+00	   8.5151400628672058e-01	   9.4440760894923814e-01	   7.0453876779701230e-01	   2.1542448998093666e-01	   7.5515220492450255e-02	   6.5216361606492335e-01	   5.6531838729153128e-01	   2.3465071520388187e-01	   2.3350376014321231e-01	   3.1008759434098448e-01	   2.8893336864511138e-01	  -1.9276583489524043e-02	  -5.9017846923537107e-02	   1.5144341123354682e-01	   1.3431608369543069e-01	   2.1759325462871454e-01	  -4.0802944526525622e-02	   1.1849949342298192e-01	   9.0182179001045429e-02	   4.4619527613725124e-01	   3.2141592143245129e-01	  -6.1401378298062387e-02	  -7.6979559525979693e-02	   3.5550056236856920e-01	   4.5885015743393687e-01	   5.2394953221687268e-01	   2.0040671711043306e-01	   2.1745995887601729e-02	   6.9760807570009284e-02	   1.3724760713910583e-01	   1.2675494397356230e-01	  -1.7996015399058197e-02	   1.0604220815840025e-02	   2.3131589028550781e-01	   1.9029996964299412e-01	   2.3298717737510596e-01	   9.5711670921871800e-02	   4.7538186143979622e-01	   1.4478061363548805e-01	   2.9556143542223845e-01	   3.3286887840070800e-01	   5.7168283517805873e-01	   2.8210992563808379e-01	   5.8768174963952569e-01	   4.3689548265767325e-01	   5.2360794944932565e-01	   2.7528088863931266e-01	   8.7704813107615009e-01	   5.0572729802647376e-01	   4.8786076904359466e-01	   3.0205053326526710e-01	   2.1177211086664394e-01	   2.4544405813406509e-01	   2.3165002788818856e-01	   6.8930427860149093e-02	   6.4924139250174273e-01	   5.8716845082704661e-01	   9.5132659597428448e-02	   1.8605963083347863e-03	   2.4673507708737002e-01	   1.4898897835119321e-01	   2.8294319257965006e-01	   2.0939960478233938e-01	  -1.3079464709468342e-02	   1.1108319474058662e-01	  -4.4702328346637094e-02	  -2.7985396557038935e-02	   6.3643546615784363e-02	   7.8856935515685608e-02	   5.9582427350441156e-02	  -6.8343068194919948e-02	   5.0786726446374286e-01	   5.0131894543797251e-01	   3.2418429627663303e-01	   1.4420263491061258e-01	   6.3160526572710363e-01	   5.1220556186629296e-01	   3.7486799531870696e-01	   4.9664361301441240e-01	   4.2042150246411680e-01	   5.2217779474026105e-01	   2.3534677348608459e-03	   1.7054892036073818e-01	   3.0726001863816210e-01	   2.6158427019669034e-01	   2.6190521961679425e-01	   3.6768764719895963e-01	   2.7666885404223690e-01	   6.5481535974139748e-01	   3.0361633496992202e-01	   3.4717701874761642e-01	   3.9345183407481388e-01	   4.0555020592854973e-01	   3.1143558827044038e-01	   2.0126991597138535e-01	   5.4034145140908742e-02	  -2.3291753710037671e-01	  -3.3525487607674598e-02	   3.4273067217711628e-01	   5.2703397996355361e-01	   4.9262408390402079e-01	   1.6202489292238192e-01	   2.3007803219948109e-01	
