   0.0000000000000000e+00	   1.4419535526894522e+00	   9.8746033631255226e-01	   7.8276472376930717e-01	   5.2226119680744687e-01	   8.2631049679615798e-01	   1.1213335246289513e+00	   7.8804171948759894e-01	   4.0825722921946694e-01	   6.9908199317607722e-01	   1.1202309590755566e+00	   9.4235288803643047e-01	   8.8403671752396917e-01	   8.9055586420396859e-01	   9.0190378706527330e-01	   9.8602304108525685e-01	   1.4425224623788828e+00	   1.2329485893592935e+00	   1.4089620051501761e+00	   1.5075931299710383e+00	   1.3095743844765365e-01	   2.6127695258833417e-01	   7.9067350527331048e-01	   6.0869882649822205e-01	   7.8885848559416349e-01	   7.3769111445140745e-01	   3.0488956535103423e-01	   2.7310226949304867e-01	   8.3893267886091993e-01	   9.3317085361415586e-01	   6.1132081077950595e-01	   5.2449933396527237e-01	   1.3163957258939647e+00	   1.1334151598439060e+00	   1.9083730147366890e-01	   1.8331681294124619e-01	   5.1754075435576008e-01	   8.3820590521083760e-01	   5.3406154423120611e-01	   6.9635369346538312e-01	   5.7690846625165171e-01	   6.5329582071082115e-01	   8.1053074671807679e-01	   6.4306616583272802e-01	   7.7545226539854162e-01	   7.9862281595419371e-01	   9.5208820075350087e-01	   9.2312720863371123e-01	   8.6924653386735495e-01	   9.7879296352388467e-01	   8.7999485858452209e-01	   8.3192966162103954e-01	   1.0701614861257218e+00	   9.9997279452428867e-01	   7.6035634788135231e-01	   8.4484547320741066e-01	   1.5936302137622922e+00	   1.3247189236679788e+00	   7.3474620743028152e-01	   7.8754015540922406e-01	   1.0800156880208041e+00	   6.6416088787703031e-01	   1.1154959683497179e+00	   8.9903436285330174e-01	   2.1615028931491742e-01	   5.1997864938006966e-01	   4.2465487147248698e-01	   3.3699316312080074e-01	   1.2222941072808959e+00	   1.0073292228934101e+00	   5.8762243299273242e-01	   4.7989659597906131e-01	   7.8277056165980841e-01	   9.5202700358454972e-01	   8.0812208783183959e-01	   8.5284166519154758e-01	   5.9049313172698137e-01	   6.1496285667656170e-01	   1.0664592823611447e+00	   7.2979953585852209e-01	   1.4191926168094913e+00	   1.2095613837380255e+00	   4.8324870860261671e-01	   8.5028267256177681e-01	   9.5115399212649854e-01	   9.1505355897135576e-01	   4.4390473674606445e-01	   6.1888130144573861e-01	   8.8158716466678988e-01	   9.1260903691381279e-01	   5.0359500786004596e-01	   2.2606129053976010e-01	   2.3481956799226011e-01	   1.5322429457693637e-01	  -2.7969462575557880e-02	  -3.6226520260833706e-01	   3.2646651163435370e-01	   1.9311595973024834e-01	   6.0763886698978375e-01	   6.3526891540065844e-01	   4.3482212284757682e-01	   5.3781161374727333e-02	   4.5708694931335425e-01	   3.4208931502562334e-01	   1.7651003574877872e-01	   1.4594157673154820e-01	  -6.0510236169764822e-02	  -1.2318959717787153e-01	  -2.7893960485397573e-01	  -2.7835417790710504e-01	   1.7575406946777009e-01	   3.8073536498118832e-01	   1.7413234716667558e-01	   2.5235124421521121e-01	  -8.4368055222148616e-02	  -1.3764061246840975e-01	
   1.4419535526894522e+00	   0.0000000000000000e+00	   6.9267688143579065e-01	   7.2316812968865907e-01	   5.0404718906020940e-01	   6.8674338792277001e-01	   8.0580846345077328e-01	   6.9160092388134220e-01	   4.4568486398314877e-01	   5.1525108525378394e-01	   8.4323731226052723e-01	   8.6594228793013328e-01	   7.2379020464965471e-01	   7.0440195524823068e-01	   6.9478230692447962e-01	   8.3012226186151028e-01	   1.4796207475745562e+00	   1.5234105061991634e+00	   1.1409636793434179e+00	   1.7412434609770557e+00	   1.5356844373226730e-01	   3.0690091112194973e-01	   6.7378836474291215e-01	   5.8970338064301830e-01	   8.2543864788900645e-01	   7.1300365300727742e-01	   3.6534385455446566e-01	   3.0213965857669950e-01	   9.1345687318267843e-01	   1.0056791025703129e+00	   6.4245368406835490e-01	   5.7282099740285508e-01	   1.3125264067725932e+00	   1.1566578466856965e+00	   1.5167627819211973e-01	   1.3745267141435594e-01	   6.2375261426165296e-01	   7.8962042738091509e-01	   6.3130437930967298e-01	   7.3485594714732549e-01	   7.1022966084411221e-01	   7.6913366861197696e-01	   7.3213101986686135e-01	   5.9330378524715210e-01	   7.5844316566872627e-01	   8.0299176259018523e-01	   9.2925864539833614e-01	   9.1320567816190690e-01	   7.6956594006414991e-01	   9.8432931633659548e-01	   7.9754599817291305e-01	   6.8561375339348141e-01	   1.0232126271453261e+00	   9.3830170222950104e-01	   8.7674096960736603e-01	   8.9413020225952544e-01	   1.8760816679019618e+00	   1.7549587438770038e+00	   7.1192172267033416e-01	   8.9314514473326256e-01	   9.4069159627911381e-01	   6.6378275611132087e-01	   1.0501660003079329e+00	   8.9218708025218363e-01	   1.1542398647408274e-01	   4.6545524212699435e-01	   4.8139354850957050e-01	   4.1228813517321772e-01	   1.4350045269669920e+00	   1.3352302315139455e+00	   4.7113229862243683e-01	   4.9775652500225970e-01	   7.8343206227196960e-01	   9.6163399453317400e-01	   8.2560381135083138e-01	   8.6548839355831864e-01	   6.4077402579823950e-01	   6.7782119407180597e-01	   1.2021680354210627e+00	   8.0506319654693803e-01	   1.3969926271601283e+00	   1.1349361207795454e+00	   5.3003003458326714e-01	   9.2772876248241554e-01	   7.6589211007413449e-01	   7.3061396846579196e-01	   4.7859543438020591e-01	   5.5650650470434404e-01	   7.8597326920334321e-01	   7.9942911408290351e-01	   5.5058497045278465e-01	   1.7645414434286469e-01	   2.6766361670536065e-01	   9.6153961242405397e-02	   6.5130979457525690e-02	  -2.1663153917273267e-01	   4.4064154044945669e-01	   2.5525985388389161e-01	   6.8809379714550423e-01	   6.5066181076483232e-01	   5.6342252813255500e-01	   5.7467681339251050e-02	   5.6923934842138191e-01	   3.5101614872738840e-01	   1.9388690321886984e-01	   1.4713054831943892e-01	  -2.7063880880331868e-02	  -3.4575287198005546e-02	  -1.7565683551138492e-01	  -2.8946710874385384e-01	   1.8341045529098907e-01	   3.5085590509695735e-01	   1.7304075549930981e-01	   3.1088147303154923e-01	  -3.4141214009651470e-02	  -1.1435581758718692e-01	
   9.8746033631255226e-01	   6.9267688143579065e-01	   0.0000000000000000e+00	   1.1611285027055840e+00	   3.1640895290944604e-01	   7.8085120655698259e-01	   1.5051144279832145e+00	   8.1328206102700429e-01	   2.4430710276117346e-01	   8.1613698662062550e-01	   1.0279293565261907e+00	   8.6984985076287524e-01	   9.1928165778937521e-01	   8.8538022096490410e-01	   1.3353891718556024e+00	   1.2764789829644567e+00	   8.0588100464153856e-01	   7.7263715588587467e-01	   1.0819671222783949e+00	   8.6586022417052377e-01	   2.0832268613827495e-01	   3.5566144000825345e-01	   1.4185170047432054e+00	   1.0320928571681820e+00	   8.9507302356022733e-01	   8.5277784492792463e-01	   1.8882421594039500e-01	   2.0056879513048542e-01	   6.7446419970002613e-01	   7.2580277666176296e-01	   7.0619244500773115e-01	   5.9572715330176118e-01	   7.9784759504105796e-01	   7.7423730471286323e-01	   5.1799429728565805e-01	   4.2206155910371290e-01	   5.9245602928990149e-01	   8.6376843374596812e-01	   6.4650240082294896e-01	   7.8830245888283335e-01	   6.1012997642998923e-01	   6.7912618223053600e-01	   7.4021561598735297e-01	   5.7249926551028307e-01	   6.9596529928824225e-01	   6.6132139172925986e-01	   7.9796501926736463e-01	   7.6641819426216462e-01	   5.4740322465814595e-01	   6.0725602657529332e-01	   8.4816854206907022e-01	   7.2216508978134375e-01	   8.6125755498615653e-01	   8.4919710240615032e-01	   7.6846123744032635e-01	   7.8919268251960228e-01	   6.9526814654417624e-01	   6.9767573204298894e-01	   5.0967056040546110e-01	   6.5992905017517045e-01	   9.1610940350422154e-01	   7.2813975444999679e-01	   8.7837529172438167e-01	   7.6962394609556883e-01	   7.0972266047068433e-01	   8.0234256681618421e-01	   4.0686606008703441e-01	   3.7047043679220248e-01	   7.5196107391752620e-01	   6.3190708083775537e-01	   6.5325095151197476e-01	   6.1840511063596715e-01	   7.1413194021049442e-01	   8.1085413444069077e-01	   7.6398797926473550e-01	   7.6425309177441170e-01	   6.2572795295144246e-01	   5.9457928485623979e-01	   6.5221278268542338e-01	   5.2662460653950305e-01	   9.6282733232268580e-01	   9.1171379074026959e-01	   7.3213718252330173e-01	   9.1833597639271980e-01	   1.3283670666923728e+00	   1.2266084836237408e+00	   5.9527177042534607e-01	   8.9270182422735300e-01	   1.1732561404955502e+00	   1.1134303969025507e+00	   5.4971122858403665e-01	   3.2106794846808434e-01	   3.2142529278046433e-01	   2.9749551113047240e-01	   1.2167522687516624e-01	  -1.7769974455010240e-01	   4.2728296921782200e-01	   2.8091194479309445e-01	   5.7494842618602526e-01	   6.1004497390467083e-01	   2.6593718566222180e-01	   3.1075969060877142e-02	   3.5991528372820275e-01	   2.5109485914418966e-01	   1.5773317674405704e-01	   1.8743130996042820e-01	  -3.4182072284769321e-01	  -3.4435235022173588e-01	  -5.6897938214442355e-02	  -1.2358100954565319e-01	   3.9533450550634192e-01	   4.5952492076839013e-01	   2.0538684506734334e-01	   2.2492301543939747e-01	  -1.0976957367210201e-01	  -1.9142421083560882e-01	
   7.8276472376930717e-01	   7.2316812968865907e-01	   1.1611285027055840e+00	   0.0000000000000000e+00	   2.0657032492251892e-01	   7.5350686420296242e-01	   1.1690213636265325e+00	   1.0869134809124108e+00	   1.8241414396397862e-01	   7.6918660687439167e-01	   8.8390852619725524e-01	   1.0991411027077622e+00	   8.7546945922970831e-01	   9.2626945615437706e-01	   9.1589244006172488e-01	   1.3301905780653296e+00	   7.4237875925899421e-01	   7.5930813007289633e-01	   8.5568704091562675e-01	   8.4874399170872161e-01	   3.1099315388319915e-01	   5.2578252069415676e-01	   1.0814880221009189e+00	   1.3343819931588490e+00	   8.7462798843213263e-01	   8.5455678705696436e-01	   1.4288398404890096e-01	   1.9047031381563051e-01	   7.8746611508362807e-01	   7.6493968883870223e-01	   8.2175540906905886e-01	   8.0698599893001255e-01	   8.2880802182195445e-01	   9.2766187552311785e-01	   4.1632068875583722e-01	   4.0674947277900975e-01	   8.5240402575987462e-01	   8.9211543754915534e-01	   8.5961127025431727e-01	   9.6944941261740947e-01	   8.3638963046375425e-01	   9.5809248347818621e-01	   6.9882584084541000e-01	   6.1756453311886861e-01	   6.0349005150868318e-01	   6.3310434652311032e-01	   8.5025984256179399e-01	   8.5760011745091991e-01	   4.8797989245923823e-01	   5.6202720201142986e-01	   7.5773049150885308e-01	   5.8354550632243674e-01	   8.1704997827983572e-01	   7.6720799508624604e-01	   9.2801542806264015e-01	   8.9855883469796904e-01	   6.2126399090857554e-01	   6.3499146775506765e-01	   5.7805657361942619e-01	   8.2423088844237047e-01	   9.2658306428584325e-01	   1.0895223588753378e+00	   9.2293142027405661e-01	   9.3152282816625365e-01	   5.6259673447976266e-01	   1.0316142880914834e+00	   5.1029501553059675e-01	   5.6369100422163743e-01	   6.2494204370328621e-01	   6.1461958440384967e-01	   4.5993061613151709e-01	   7.2317122675916701e-01	   7.7573779241198981e-01	   8.8618447084980378e-01	   8.3934628913624998e-01	   8.5408866014362117e-01	   7.9936749104776195e-01	   7.6391960440241369e-01	   6.1346226620799849e-01	   4.9383778846864057e-01	   8.6032699514232447e-01	   8.6097215939679306e-01	   8.0028584989838913e-01	   9.6407816533774149e-01	   9.8983597725000250e-01	   1.2731349225942963e+00	   6.6945221444162673e-01	   8.0450161378089469e-01	   1.0915778639502638e+00	   1.0082874432481224e+00	   6.4451759135429554e-01	   3.3656629337782462e-01	   5.3876844228841114e-01	   2.7036383575452766e-01	   2.6351835653486555e-01	  -6.9375756406860833e-02	   5.9961605458635658e-01	   4.0383236246091697e-01	   7.9041306580184179e-01	   7.1098402752255385e-01	   4.2263063136785395e-01	   8.4890049591562877e-02	   4.4564042413202887e-01	   2.8641152118717855e-01	   3.0648714304344443e-01	   3.6362286854803033e-01	  -3.1404137636195278e-01	  -1.1159765961312700e-01	   1.3342690830751960e-01	  -5.4014999226683874e-02	   5.1903477871881787e-01	   5.7508985231680554e-01	   3.6663807301785878e-01	   4.5924846647433504e-01	   1.0792624593563546e-01	  -6.8855658200347350e-02	
   5.2226119680744687e-01	   5.0404718906020940e-01	   3.1640895290944604e-01	   2.0657032492251892e-01	   0.0000000000000000e+00	   7.0095429331958525e-01	   5.5124779961844972e-01	   6.1761836004511406e-01	   1.6575240113019414e+00	   6.2663970723169382e-01	   4.0790384523998918e-01	   4.6870102668327684e-01	   4.1226611144573228e-01	   5.2830524186654637e-01	   3.5120592889662627e-01	   3.1909928501451107e-01	   2.7302487344775966e-01	   4.3664098097595516e-01	   4.6643123805906994e-01	   5.4428702733872725e-01	   1.8120500752216742e-01	   1.7924629083700658e-01	   2.8701497176760132e-01	   2.4806888443684136e-01	   6.7936767973844014e-01	   6.8093733691573022e-01	   7.3936149293975584e-01	   5.6168764319573383e-01	   2.6082002843456992e-01	   4.4054749215910699e-01	   3.0943760698026906e-01	   2.2716937409052734e-01	   5.0054088131756203e-01	   5.3521271059615061e-01	   2.2558367669068807e-01	   4.2213687538656319e-01	   4.6207820352154413e-02	   2.6163707918858459e-01	   6.4830201482375616e-02	   2.7392616925397745e-01	   2.1545683168014296e-01	   1.3646520394523048e-01	   3.5257323680610086e-01	   3.5865489477421042e-01	   4.8187174599025362e-01	   5.5074721143555039e-01	   4.8526146582465135e-01	   5.6181049033352515e-01	   6.7211009787777121e-01	   7.2434253883268118e-01	   7.1946319820209470e-01	   7.4871844405667132e-01	   7.3088461683468020e-01	   7.9205736344391675e-01	   4.6676257787652148e-01	   6.1605574730968626e-01	   4.6130476076106014e-01	   3.5853268306115432e-01	   9.1406058174242011e-01	   6.5350650729654880e-01	   6.4522699806466832e-01	   3.7741135833351241e-01	   5.3253786589171603e-01	   4.9486310762337749e-01	   1.1431703916566084e-01	   4.8783829865122064e-01	   5.0317688864811549e-01	   4.8150258559253034e-01	   5.1629730193341683e-01	   5.6420608798986172e-01	   2.8501466885119997e-01	   1.8527323103090135e-01	   1.6244094503034798e-01	   3.3619794877123294e-01	   1.9311770858083513e-01	   4.1718434376855551e-01	   2.7043565729677232e-01	   3.7786084739117964e-01	   2.4462645754967921e-01	   2.9804805323772371e-01	   3.5856131979316469e-01	   5.5161014664726082e-01	   1.9740187387017694e-01	   4.9680773380512622e-01	   3.1846576714979713e-01	   4.9027374967485216e-01	   7.7049308537896544e-02	   6.0296904927288661e-02	   4.4701673487845389e-01	   5.2810035228443664e-01	   5.9267235926320139e-01	   2.4239333792894702e-01	   4.2367390189329157e-01	   3.2217136237086547e-01	   5.6907999253874630e-02	  -1.7701967614432396e-01	   2.7656405833756414e-01	   1.3945207136484147e-01	   5.4062217619386765e-01	   6.1631900239599802e-01	   5.8136042764570683e-01	   2.1819662392007586e-01	   4.2441886540357798e-01	   3.4269879746801402e-01	   3.3708488271298839e-02	   1.5431005466328551e-01	  -1.7357113188395237e-01	   1.5663868000691403e-01	  -1.4555587138530776e-01	  -1.2409390326152842e-01	   2.4648728440216700e-01	   3.1893357552472479e-01	   2.5555624185550974e-01	   3.1712083781638695e-01	   9.9210533889801569e-02	  -2.0783718281610650e-01	
   8.2631049679615798e-01	   6.8674338792277001e-01	   7.8085120655698259e-01	   7.5350686420296242e-01	   7.0095429331958525e-01	   0.0000000000000000e+00	   1.0926829228863986e+00	   1.0620463936468862e+00	   5.5902296815562313e-01	   1.1047667864792503e+00	   8.5080430860955392e-01	   8.2284160326398403e-01	   9.8461426446353628e-01	   9.0028177432092282e-01	   8.2428828455408043e-01	   7.9199127751938214e-01	   6.0648856053243949e-01	   7.2498465826812142e-01	   7.5534750959319008e-01	   7.1040276256668644e-01	   4.0406898565338578e-01	   5.0217128132354361e-01	   6.4413497449531243e-01	   5.5429631332813600e-01	   6.9917249441982132e-01	   6.1909829429699270e-01	   4.7108556543936742e-01	   5.8313643647515856e-01	   5.9722134533988891e-01	   6.0106253457755199e-01	   6.1148954662285526e-01	   5.8421800091517129e-01	   6.6077180188444107e-01	   7.1692199502464593e-01	   2.3610847553511161e-01	   2.6115617665938362e-01	   3.7227359314609482e-01	   4.3907781796182144e-01	   3.9524539012212656e-01	   4.8880896839075616e-01	   5.4429337032246861e-01	   4.7816886162521527e-01	   7.0898809190678569e-01	   5.8446681870103312e-01	   6.8750176675360086e-01	   7.0289210988300788e-01	   8.3904135221161447e-01	   8.9452173117462930e-01	   8.1613684799377184e-01	   9.4311563626805039e-01	   9.2374699930502402e-01	   7.7563505567978597e-01	   1.0299808666224144e+00	   1.1006534050254742e+00	   6.6538252105317619e-01	   8.1146327642399596e-01	   6.1519963754500451e-01	   5.7783539423001928e-01	   8.2890085674733927e-01	   7.8528343951408941e-01	   9.0557846933945652e-01	   7.3441578721793710e-01	   8.5719142454075681e-01	   8.4395586494124841e-01	   2.1134075144890010e-01	   7.0127272963642362e-01	   5.7015318701124240e-01	   4.8566346991094889e-01	   6.3310809598395867e-01	   6.6221743930990351e-01	   5.5693860442082310e-01	   5.3288910425299907e-01	   5.6112172980302288e-01	   5.8341449939461376e-01	   5.8420143833972982e-01	   6.4406426380748238e-01	   3.5770211024331694e-01	   3.6346886045073590e-01	   4.9068126373200205e-01	   4.1331289430704665e-01	   7.3092198540010411e-01	   7.9343591874154273e-01	   4.9085227939214182e-01	   7.7542644146101836e-01	   6.8362691389596075e-01	   7.5345409831354082e-01	   3.5777167408263860e-01	   4.6297737803667999e-01	   8.7454952914209838e-01	   9.5888111533308329e-01	   7.0882912145655452e-01	   5.3068089598545298e-01	   5.7863814975167427e-01	   6.1513578975717043e-01	   7.7204048171065548e-02	  -1.1878001096836753e-01	   4.3058607329714421e-01	   3.9563406160506331e-01	   8.5192696128375112e-01	   8.6546326683212726e-01	   6.2912111680887872e-01	   5.1315795654674612e-01	   5.6331098884064734e-01	   7.0865381044492703e-01	   2.5016589998687161e-01	   3.5994400819820388e-01	  -1.6904737145709892e-01	   1.1454528025846615e-01	  -4.2785827753069841e-02	  -3.3371666623768820e-01	   2.0086686577419721e-01	   4.9206691389018037e-01	   3.2316894667090046e-01	   3.4562020589875114e-01	   9.2630207136344900e-02	  -1.0093610707119147e-01	
   1.1213335246289513e+00	   8.0580846345077328e-01	   1.5051144279832145e+00	   1.1690213636265325e+00	   5.5124779961844972e-01	   1.0926829228863986e+00	   0.0000000000000000e+00	   1.3019252750176593e+00	   4.7466779843078100e-01	   1.0822172818941662e+00	   1.1696991430081520e+00	   1.1060430146934623e+00	   1.1534947188337448e+00	   1.1560401393063591e+00	   1.2043692685237890e+00	   1.3150987210562939e+00	   8.4278186540898514e-01	   8.6898950967143374e-01	   1.1969289638064642e+00	   9.5607421429244255e-01	   1.9442689117730305e-01	   3.4783733234946951e-01	   1.1390578692747255e+00	   9.4162843761173842e-01	   1.0082385930470021e+00	   9.5898187466393847e-01	   3.0612293641300448e-01	   3.2182541343938786e-01	   7.2218130717672113e-01	   8.2713912676175094e-01	   7.9646780953702623e-01	   6.9174469630130841e-01	   9.3322816617571613e-01	   9.8137172601652645e-01	   3.7201517534090717e-01	   3.5711630209444939e-01	   5.4134615163377964e-01	   7.9407485101822428e-01	   5.9389735567914470e-01	   7.2361675551182536e-01	   6.3201067503344366e-01	   6.3067877227989033e-01	   8.3603674906799019e-01	   6.7817834286095346e-01	   7.3235908711700071e-01	   7.5402640112581720e-01	   9.9727896101254876e-01	   9.9874752530642175e-01	   7.6184715570457207e-01	   8.4985962043027230e-01	   1.0710856789618368e+00	   9.2108260056584768e-01	   1.1013091841963618e+00	   1.0865085633085279e+00	   8.4629086535221765e-01	   9.4016913064466423e-01	   7.6769907912475133e-01	   7.1512279441157656e-01	   7.3748517924478585e-01	   8.2717390655709733e-01	   1.1857231196232334e+00	   9.5260688558200035e-01	   1.1239792323322952e+00	   9.8217975361644827e-01	   5.6465543719295952e-01	   1.0236248424292622e+00	   4.9511799708561066e-01	   4.6328310236459297e-01	   7.4060668471175972e-01	   6.8949127747864036e-01	   7.6492104300277741e-01	   7.1460860342220223e-01	   7.4690390434777498e-01	   8.7072642755080953e-01	   8.1312125757051079e-01	   8.6866301261637913e-01	   6.7510161385156131e-01	   6.5117117268828162e-01	   6.3910396039629846e-01	   5.3639259493851166e-01	   1.0145761575791721e+00	   1.0439704720945369e+00	   6.3130556215490397e-01	   9.4872585689821909e-01	   1.1552502346000848e+00	   1.2948936623099010e+00	   5.2774774532197144e-01	   6.9465130437599687e-01	   1.1042307331158494e+00	   1.1055265697681622e+00	   6.4773864614063748e-01	   3.8980991915423102e-01	   4.3437389813242810e-01	   3.3519208964767538e-01	   1.3291354051475165e-01	  -2.2360203120630431e-01	   4.8193058019497803e-01	   3.0719073879325320e-01	   7.5825116175327989e-01	   7.9840431745060991e-01	   4.6652253841652463e-01	   1.5710489244964781e-01	   5.0626750015395938e-01	   4.0092097238738139e-01	   2.6939016632284640e-01	   3.0313015534468701e-01	  -2.8322114331406978e-01	  -2.1052820849382103e-01	  -6.2546025952607720e-02	  -1.6729591307821554e-01	   3.6167030217156065e-01	   5.4305909594064672e-01	   2.9389403190796792e-01	   3.7083111941671731e-01	   1.4917403678289321e-02	  -8.6511282749137344e-02	
   7.8804171948759894e-01	   6.9160092388134220e-01	   8.1328206102700429e-01	   1.0869134809124108e+00	   6.1761836004511406e-01	   1.0620463936468862e+00	   1.3019252750176593e+00	   0.0000000000000000e+00	   5.7523951984390975e-01	   1.3520026469515221e+00	   9.0336431889849300e-01	   1.2742055488618873e+00	   9.2337305833167449e-01	   1.3231599022432803e+00	   6.8805714800859397e-01	   1.1563662755277044e+00	   6.0246706602576949e-01	   7.0020991066778671e-01	   7.7487890840312168e-01	   8.2436079554616593e-01	   1.5390458065017629e-01	   3.3904794539053207e-01	   6.6366777319597003e-01	   7.9042487513232484e-01	   8.6120382076301349e-01	   9.0107878784418893e-01	   2.9671262063876858e-01	   2.9114659172447882e-01	   6.1486589829683957e-01	   7.5840721056256521e-01	   6.3481484780627118e-01	   6.3684698210960078e-01	   7.9614041484502318e-01	   9.8424821695863862e-01	   1.5562683859384088e-01	   2.9771421064747661e-01	   4.9084558869606032e-01	   6.6754091495875090e-01	   5.0920132080023928e-01	   7.1324156365226321e-01	   5.8063786130859785e-01	   5.7385125189766861e-01	   5.9312346742168098e-01	   5.0064650038746428e-01	   5.1704020261385719e-01	   6.0662795028625316e-01	   7.8582809050964719e-01	   8.9323761466043816e-01	   6.8493484846299468e-01	   7.6122430668129037e-01	   9.2305940369762940e-01	   8.5034581836252943e-01	   9.9708872860703501e-01	   9.6432818846532953e-01	   7.8958730318069537e-01	   9.2602468770969160e-01	   6.2045493241239436e-01	   5.1323269786753134e-01	   8.5194064645362766e-01	   9.3574376836888673e-01	   1.0778172239573911e+00	   1.1420443098685256e+00	   1.0379498889092744e+00	   1.1157913545781859e+00	   3.0834912474895521e-01	   1.1053520510537813e+00	   4.2616884250566928e-01	   4.7934709277799742e-01	   5.4746246896743256e-01	   5.7390215741103379e-01	   5.1055533552867027e-01	   6.8895716207766300e-01	   5.1688570403542022e-01	   7.1272183751680696e-01	   5.7616357955919451e-01	   7.8053897122803151e-01	   6.0791853125742878e-01	   6.8893879044600592e-01	   4.3816832227239955e-01	   3.7144868098647132e-01	   7.1219952965630828e-01	   8.2704260543083419e-01	   5.2117785782281967e-01	   8.9977379928869772e-01	   7.1199817635671125e-01	   1.0635854529503757e+00	   4.0087306237577902e-01	   4.4804926952696295e-01	   8.7653216424958935e-01	   9.4597917022080047e-01	   7.1102150860376012e-01	   2.7349080378775992e-01	   5.3146141011495462e-01	   2.5647268226626851e-01	   1.3631686594905909e-01	  -2.4106853747743812e-01	   4.3773328198879846e-01	   2.1757821651732459e-01	   7.5903930293678745e-01	   7.8065562897938345e-01	   5.3283425065349288e-01	   1.1935201462342276e-01	   3.9132146726099454e-01	   3.0043051842610713e-01	   1.9028015565253004e-01	   2.7098900160163764e-01	  -2.7938311850022540e-01	   3.3467351347593057e-03	  -5.6590606793006086e-02	  -1.8366037218310033e-01	   3.3773452469204135e-01	   4.7143317135617313e-01	   2.8741451695050324e-01	   3.9266711082207389e-01	   5.3896074223247381e-02	  -1.4714101868222179e-01	
   4.0825722921946694e-01	   4.4568486398314877e-01	   2.4430710276117346e-01	   1.8241414396397862e-01	   1.6575240113019414e+00	   5.5902296815562313e-01	   4.7466779843078100e-01	   5.7523951984390975e-01	   0.0000000000000000e+00	   5.6994045129674120e-01	   3.8359644281475730e-01	   4.6263597214095886e-01	   3.9999898587013388e-01	   5.2223736389901587e-01	   3.6809359290889071e-01	   2.9642424396190881e-01	   2.0156962123704153e-01	   3.6776565613471129e-01	   3.9207049462712007e-01	   4.9683821225537939e-01	   9.6450521954124444e-02	   1.1210798168375040e-01	   2.6051820463303421e-01	   2.2334682140149315e-01	   6.3566606634408751e-01	   6.5109022985444120e-01	   6.7633197571308468e-01	   5.0091969546050064e-01	   2.5669099827129616e-01	   4.4575707643000911e-01	   3.2067724883341775e-01	   2.3271104059415409e-01	   4.5311160771714837e-01	   4.9992966774974956e-01	   1.6652191679687664e-01	   3.6651408300713822e-01	   5.7509878405341788e-02	   2.3869368298923679e-01	   8.7000700986600080e-02	   2.4104694087478734e-01	   1.7586985411501915e-01	   6.5725790842674631e-02	   2.7868855719871966e-01	   3.0451808585990525e-01	   3.7361095712052317e-01	   4.5559823399979410e-01	   4.2562324258584699e-01	   5.0664616596924039e-01	   5.8496215567445842e-01	   6.1788520160426152e-01	   6.3691617652341403e-01	   7.0273822946176823e-01	   6.3237267542203446e-01	   7.2081037972357498e-01	   4.4642192353750831e-01	   5.6378566391446916e-01	   3.7105343975238075e-01	   2.7777181959611297e-01	   7.6604896097707142e-01	   5.8344474069913821e-01	   5.8530200802058729e-01	   3.9050521061890242e-01	   4.8405208049390497e-01	   4.4862926598029956e-01	   1.5330616997169205e-01	   5.1045921835920915e-01	   4.3661483606625234e-01	   4.1383968559964046e-01	   4.5282968448029787e-01	   4.9201841377204819e-01	   2.4093804249078490e-01	   1.8342392273198893e-01	   1.2279902970279880e-01	   2.9965431717328483e-01	   1.4982116777222476e-01	   3.7741960501643979e-01	   2.8766044746011721e-01	   3.9454432433036890e-01	   1.9668384094081667e-01	   2.7831483464976781e-01	   2.8699006277518430e-01	   4.6593208241256007e-01	   1.8436902761056367e-01	   4.3520842612522670e-01	   2.6069351008708541e-01	   4.2102804916740810e-01	   4.9533370612652720e-02	  -3.9515088751447915e-02	   3.3964796343567827e-01	   3.8347829386828453e-01	   5.1680297189494817e-01	   1.5044321926090759e-01	   3.2192288693805160e-01	   1.9167132718358687e-01	  -4.6994528912352347e-03	  -2.3513097274458039e-01	   2.1376438361421954e-01	   5.7665242367916140e-02	   4.5545134348648009e-01	   5.2491890269937502e-01	   4.9316113963613972e-01	   9.3783280441801953e-02	   3.2873745150805533e-01	   1.8511174449581005e-01	   1.4958986054994119e-02	   1.1094034163751487e-01	  -7.8641720358905501e-02	   1.5767525697922161e-01	  -7.6926295726963731e-02	  -1.3608788206197944e-01	   2.3357666676226746e-01	   2.4702699763647668e-01	   1.9602672887983472e-01	   3.0061757719447996e-01	   9.4237493519319787e-02	  -1.9024880632190885e-01	
   6.9908199317607722e-01	   5.1525108525378394e-01	   8.1613698662062550e-01	   7.6918660687439167e-01	   6.2663970723169382e-01	   1.1047667864792503e+00	   1.0822172818941662e+00	   1.3520026469515221e+00	   5.6994045129674120e-01	   0.0000000000000000e+00	   8.1048101861965627e-01	   9.0338767749350013e-01	   7.3087707205146690e-01	   1.0678513814655048e+00	   6.8217358791067750e-01	   9.4158137086628846e-01	   5.0210711000289121e-01	   5.3600241185696651e-01	   7.2938608440527608e-01	   6.5235921741899450e-01	   2.4126956312930204e-02	   1.9563513396477056e-01	   5.6287454197943876e-01	   5.3522792944357556e-01	   6.4454762876879401e-01	   7.1838214544572487e-01	   1.8233494990576787e-01	   1.8484297768807453e-01	   4.6749460807109111e-01	   6.2973583075153527e-01	   3.8641563425327174e-01	   3.4102421396486104e-01	   5.7856481433280882e-01	   6.6572617432896120e-01	   1.4206603980680210e-01	   3.1560240280803104e-01	   3.4003172596170794e-01	   5.2194301132486698e-01	   3.8317389431608595e-01	   6.3566189940029127e-01	   4.7063896773889946e-01	   4.6112754489456559e-01	   5.8550128704806204e-01	   4.6417352908663573e-01	   4.9993567475314132e-01	   5.9807761013807559e-01	   7.6155264869966455e-01	   8.0732552746784025e-01	   7.1359695211303986e-01	   6.6819502615659998e-01	   9.5511118603909084e-01	   8.4205943916556514e-01	   9.9396965522218861e-01	   9.2089635751439958e-01	   7.2511332118544769e-01	   8.9314273195881877e-01	   5.0249922783431211e-01	   3.6385229905382521e-01	   7.2151428574086218e-01	   6.9311848607290261e-01	   9.7454573116303811e-01	   7.5349512679159636e-01	   9.2961306498975260e-01	   8.1931736870590388e-01	   3.6119881652498237e-01	   8.7299262092621854e-01	   3.6358226015717293e-01	   4.0303504808833734e-01	   5.5336556955130123e-01	   5.4152639558733351e-01	   4.6561854800289360e-01	   4.8837377454587333e-01	   3.4911469922350424e-01	   5.7359873923337135e-01	   4.1039004962247200e-01	   6.2131918399755670e-01	   4.8342074525494977e-01	   5.1627916422097142e-01	   3.6569796491895890e-01	   3.3772547368645528e-01	   6.1076029323665426e-01	   6.7046837441422136e-01	   4.6746209054819654e-01	   8.2604655447421527e-01	   7.0558709312566625e-01	   9.1830518273072115e-01	   3.8844038579023343e-01	   4.8678339069398308e-01	   9.3056437824927019e-01	   1.0264015542099649e+00	   7.2755431856873176e-01	   2.8786372699274382e-01	   4.7862675657165782e-01	   3.2538933529980973e-01	   1.0805722224574535e-01	  -1.8063444417651200e-01	   3.6464280717795988e-01	   2.2443997663911325e-01	   6.3327633732686517e-01	   7.4374273532977708e-01	   3.7252695600330665e-01	   9.4657279602867406e-02	   2.4541180796371015e-01	   2.6361547749885700e-01	   8.9349630079850986e-02	   1.9256728631766290e-01	  -3.1666182274448684e-01	  -9.4514901940868548e-02	  -3.0611604340706925e-02	  -1.5718754565773449e-01	   3.3148979490636121e-01	   4.4062632897051263e-01	   2.1228467581312313e-01	   2.5658931074271613e-01	  -5.6333703301022241e-02	  -3.1513656013962460e-01	
   1.1202309590755566e+00	   8.4323731226052723e-01	   1.0279293565261907e+00	   8.8390852619725524e-01	   4.0790384523998918e-01	   8.5080430860955392e-01	   1.1696991430081520e+00	   9.0336431889849300e-01	   3.8359644281475730e-01	   8.1048101861965627e-01	   0.0000000000000000e+00	   1.3923104361275569e+00	   1.6301567269124029e+00	   1.4185833339315623e+00	   1.1694595555850400e+00	   1.3721585825689195e+00	   1.1022892767868937e+00	   1.0305033473371437e+00	   1.1052488589909080e+00	   1.0797441735125086e+00	   2.1542489060475109e-01	   4.0297084037369685e-01	   9.1754563686554369e-01	   7.5312339652230054e-01	   8.2582015901569561e-01	   6.6309443491240694e-01	   3.3534798150824419e-01	   3.0110734594369798e-01	   9.5810150703018060e-01	   1.0519018503756035e+00	   8.6951708146333817e-01	   7.8944271642299002e-01	   1.0120371798538741e+00	   1.0045026378629913e+00	   1.4304983973393653e-01	   1.0997698888919685e-01	   5.4228817710090138e-01	   7.9796959120892130e-01	   5.5644343985563560e-01	   6.2783096981602049e-01	   4.3623963800990856e-01	   5.4927740718696616e-01	   5.6599255542964999e-01	   5.2205925964320954e-01	   5.4551964498733319e-01	   6.1035101384959678e-01	   7.8513538907309477e-01	   7.9313019797896034e-01	   6.5045636633924342e-01	   8.4573618984860055e-01	   7.6121285887495871e-01	   8.4508327980858122e-01	   8.0581805149851238e-01	   8.3754601069312251e-01	   7.5834611169316546e-01	   8.0364643300262184e-01	   7.9874979277038527e-01	   7.7975032393596178e-01	   6.2895606453911124e-01	   8.7976843991343889e-01	   1.2236125035460015e+00	   1.1096493108288410e+00	   1.3261040489266656e+00	   1.3302213262268276e+00	   4.1482038403914040e-01	   8.5013083317426097e-01	   2.9871275002124503e-01	   2.4156916083235497e-01	   7.0002948668170373e-01	   5.8570648816715920e-01	   7.2937383617678975e-01	   6.4236117003621485e-01	   8.9786228486159170e-01	   1.0307354105952979e+00	   8.6226177703564022e-01	   9.5457206934367322e-01	   6.1561160609395293e-01	   6.5424089233939720e-01	   8.5498120487722185e-01	   6.6345506248786645e-01	   1.1091969040245302e+00	   1.1443129189173240e+00	   5.3277971083328790e-01	   8.9210484073629592e-01	   1.1493475166163150e+00	   9.1581737440000754e-01	   3.4608280785493967e-01	   5.5461687417239069e-01	   8.5470390351710579e-01	   7.9533511084717412e-01	   4.4903189051525011e-01	   1.7884552144187316e-01	   2.0386981136967980e-01	   1.0772018985902401e-01	  -6.1473543420759266e-02	  -4.2173599012467533e-01	   3.2336394834113996e-01	   1.7093999475454497e-01	   6.1794429895090819e-01	   6.3123859175963448e-01	   4.2918149781058901e-01	   7.1963946225980888e-02	   4.8792129477970320e-01	   3.3167043229056070e-01	   2.8285158225324736e-01	   2.6358922739346763e-01	  -1.2496393468570878e-01	   3.3457189773355121e-02	  -1.8427935158196784e-01	  -3.5816622504850137e-01	   2.3544733516184696e-01	   4.3219347916906353e-01	   2.0600491765104376e-01	   3.0763735926662061e-01	   1.1635929089660180e-01	   4.3434678978445315e-02	
   9.4235288803643047e-01	   8.6594228793013328e-01	   8.6984985076287524e-01	   1.0991411027077622e+00	   4.6870102668327684e-01	   8.2284160326398403e-01	   1.1060430146934623e+00	   1.2742055488618873e+00	   4.6263597214095886e-01	   9.0338767749350013e-01	   1.3923104361275569e+00	   0.0000000000000000e+00	   1.1448218818817104e+00	   1.8814453371180075e+00	   8.8485747906435186e-01	   1.6111971801814802e+00	   8.4162578420314826e-01	   9.2325185141386901e-01	   9.3746827829611845e-01	   1.1250103213119136e+00	   2.2148103589958987e-01	   4.4434915606060876e-01	   7.8237043726966560e-01	   9.3692164886785911e-01	   9.1003390867747735e-01	   8.4166207607591659e-01	   3.3103536107181963e-01	   2.6717503522857189e-01	   9.6659601488598679e-01	   1.0825495075635518e+00	   8.5929564327980779e-01	   8.8981383940510994e-01	   9.7168831323422900e-01	   1.1050643124871480e+00	   7.2467158988954353e-02	   1.3333645892591911e-01	   5.9707760874984339e-01	   8.4082026066270521e-01	   6.2008016342412209e-01	   7.8593352926964266e-01	   5.7048663788526044e-01	   6.7279311406781306e-01	   4.7031906752357960e-01	   4.5089993230787734e-01	   4.2198765944406946e-01	   5.4366872247449738e-01	   7.4895754795384784e-01	   8.3994892274383970e-01	   5.8989363410074480e-01	   7.8507125072532857e-01	   7.9879534750639225e-01	   8.2025583547686653e-01	   8.7789946950945685e-01	   8.9645504745492866e-01	   8.6158007506195200e-01	   9.3718469355337430e-01	   7.0790304968277007e-01	   6.6005310349686086e-01	   7.0661163838981833e-01	   1.0159321484511148e+00	   1.1433718996896065e+00	   1.4465971983306567e+00	   1.2600916190757283e+00	   1.6727944600721201e+00	   2.8390930736866993e-01	   1.0447252545268833e+00	   3.1016319543910376e-01	   3.3579152655480199e-01	   6.6286871325717278e-01	   6.0177782214988018e-01	   5.3515979086642040e-01	   7.2755332959477625e-01	   7.4165567006097588e-01	   9.4936056656980827e-01	   7.8187898922410237e-01	   9.0081455846972425e-01	   7.3918027674645015e-01	   8.4775596481922544e-01	   6.4460178744699581e-01	   5.1835934398431760e-01	   8.8031659559339936e-01	   1.0104363767579450e+00	   6.4880786115154387e-01	   1.0922649935977495e+00	   8.5519145886570636e-01	   1.0428105311180169e+00	   4.7286160293658797e-01	   5.5721541423661869e-01	   8.8747700601445689e-01	   8.7988792352251965e-01	   6.2274396576863245e-01	   1.6376076815899243e-01	   3.7537761933934632e-01	   9.2013738036784129e-02	  -1.2598970719349659e-02	  -3.5830257097274010e-01	   3.5276252407525688e-01	   1.5616990231705472e-01	   7.1037942996755654e-01	   6.9531113815342771e-01	   5.5876470912917076e-01	   2.1843781952686117e-02	   4.8954692755585849e-01	   2.6398828594741730e-01	   2.3545124483827060e-01	   2.3027655577960901e-01	  -2.6629277184656108e-01	   6.8519033048082822e-02	  -1.4607559602613465e-01	  -3.0082308105427286e-01	   2.7309537229549524e-01	   3.8846418146770295e-01	   1.8814416969545733e-01	   3.2371416964977756e-01	   1.0321915427512676e-01	  -5.5058740629926876e-02	
   8.8403671752396917e-01	   7.2379020464965471e-01	   9.1928165778937521e-01	   8.7546945922970831e-01	   4.1226611144573228e-01	   9.8461426446353628e-01	   1.1534947188337448e+00	   9.2337305833167449e-01	   3.9999898587013388e-01	   7.3087707205146690e-01	   1.6301567269124029e+00	   1.1448218818817104e+00	   0.0000000000000000e+00	   1.2753003211174760e+00	   1.1572230300779958e+00	   1.1429808669033630e+00	   8.6699025963336207e-01	   9.1439347697192841e-01	   8.0696088378697350e-01	   8.5119112204204372e-01	   3.7568139274126588e-01	   5.5539386456490347e-01	   8.7590322737171777e-01	   7.4206213856806247e-01	   8.4203559541075756e-01	   6.1757014958406553e-01	   4.7996288131862241e-01	   5.1810268033161311e-01	   8.1395486003387540e-01	   8.1781114552824130e-01	   9.6404240862286505e-01	   9.1384403359432476e-01	   8.8711334207936043e-01	   9.5404599566192727e-01	   2.2847390752243082e-01	   1.5766323228198340e-01	   4.9112793633185059e-01	   6.1670406125298638e-01	   4.7766083036304441e-01	   4.4358338523043073e-01	   3.9546817806809842e-01	   4.2713897775262899e-01	   6.0736144778617773e-01	   5.4118569080740353e-01	   6.1698083568129414e-01	   6.2095801385203353e-01	   7.0595363444891346e-01	   7.0844384957956330e-01	   6.5086166738469620e-01	   8.7831342426748260e-01	   7.5186256584928579e-01	   8.2348541199009251e-01	   7.2786887053973370e-01	   7.9837871186081455e-01	   6.3200230452493011e-01	   6.5193063256830042e-01	   6.5328644638879441e-01	   6.9225156365775897e-01	   6.2787970868418930e-01	   8.0182343639416154e-01	   1.0691450454055291e+00	   1.0353505939847720e+00	   1.0693844722088854e+00	   1.0944806245915990e+00	   4.2610500867513479e-01	   8.3417486083770975e-01	   3.4463910094746303e-01	   2.6728761292850156e-01	   5.0644122801013314e-01	   4.5000170542727097e-01	   8.0743971054374331e-01	   7.3172506316573438e-01	   9.8125018995580726e-01	   9.3404081341030198e-01	   8.9684351535671836e-01	   9.7664908377886195e-01	   5.1718443241934753e-01	   5.4752475907879228e-01	   6.9851949731530105e-01	   5.3573093210382317e-01	   9.2390637022428623e-01	   1.0224287471256837e+00	   4.4586012821153337e-01	   7.0079640075115668e-01	   9.6900122865395832e-01	   7.9076411532240509e-01	   2.3989260522491238e-01	   4.2808971855014527e-01	   7.0390744893318291e-01	   6.5417987246813203e-01	   3.6118147784756927e-01	   2.3243443027041424e-01	   2.7414107208517330e-01	   2.2341359683867090e-01	  -4.8102074831275668e-02	  -4.1094024105476934e-01	   3.5916673732142573e-01	   2.0736933928827078e-01	   6.3565028926260392e-01	   5.9687370792507488e-01	   4.9672548783898474e-01	   2.6447802845361501e-01	   6.0613920760703643e-01	   4.5452715654278919e-01	   3.7769244182276784e-01	   3.3760475439784660e-01	  -6.6645485404151855e-02	   1.1644863803838058e-01	  -1.8339145163092474e-01	  -4.1596667885723776e-01	   2.0622687415522836e-01	   4.0413575074835795e-01	   2.5037643895268663e-01	   3.4582632891041060e-01	   1.7964900047935367e-01	   1.7329531967126527e-01	
