   0.0000000000000000e+00	   6.8719152332767663e-01	   5.9176157610490709e-01	   4.8934300904402694e-01	   5.9656048723669175e-01	   6.1109500401921646e-01	   7.6786469178150940e-01	   6.7300750887350502e-01	   4.8234361904149969e-01	   7.7748741302043367e-01	   8.5152592535527039e-01	   7.3030272199611823e-01	   7.8728674467522219e-01	   8.4327043163837234e-01	   6.5766157390986724e-01	   5.7272161694265078e-01	   5.4660045723218942e-01	   3.6023985636769362e-01	   7.4868318345048024e-01	   5.4460001129951230e-01	   5.1451894920291530e-01	   4.5160150543041472e-01	   4.3802470942779986e-01	   3.2812068129439337e-01	   3.6604578791062869e-01	   2.2766072149400202e-01	   3.6232429972469815e-01	   4.1215911939712441e-01	   7.8407845919270558e-01	   5.8624141453775436e-01	   4.8402249840839762e-01	   3.6527862295656061e-01	   6.3093394301349059e-01	   5.2996244123009828e-01	   1.3563037001502662e-01	   1.2357871972463433e-01	   6.2142263896924799e-01	   4.0072082180240792e-01	   6.1824801479098856e-01	   4.7363027688826670e-01	   8.0224483833517291e-01	   5.6000507750465289e-01	   6.0178504958827450e-01	   5.4058961582915943e-01	   7.0650981144528668e-01	   5.8159437337527131e-01	   8.1184533388472158e-01	   6.4081718420630929e-01	   8.0727436373003858e-01	   8.0920587047388914e-01	   6.6503100182626040e-01	   6.2625056477573393e-01	   5.9518943613030273e-01	   6.6305258646348364e-01	   8.3965471383868628e-01	   6.8092269924903603e-01	   6.3806738072410907e-01	   3.8058095850233031e-01	   7.7046662657432730e-01	   3.7504051724659571e-01	   8.0796060986932905e-01	   7.2707424361463746e-01	   3.4640054576821594e-01	   4.4629257943162304e-01	   2.0318816456997441e-01	   2.9090473332605632e-01	   4.8405806708096683e-01	   3.9457980766276035e-01	   5.8317690957082968e-01	   4.9153773435087111e-01	   3.7641876985198897e-01	   2.1289202844238345e-01	   7.4984313579593120e-01	   5.8134053614609693e-01	   6.1755002182106788e-01	   5.5837713568385761e-01	   3.0381832133845138e-01	   2.5986321943717555e-01	   5.1468187383358277e-01	   3.0013515614024272e-01	   5.0609625620671550e-01	   3.3715240439493765e-01	   5.4781816245633141e-01	   4.2119856275708012e-01	   5.6630025132932127e-01	   2.3212938715915196e-01	   2.7807871609925461e-01	   1.3907126883562099e-01	   6.8569118520780326e-01	   5.3000368099595629e-01	   8.4143910911495146e-01	   6.9136308318748874e-01	   5.7227053031052733e-01	   4.2799283551586181e-01	   9.6845782798563415e-02	   1.6179359940117491e-01	   4.2969437262112253e-01	   2.1381565057833465e-01	   8.9697311889082942e-01	   8.1308529001054841e-01	   4.8907675488384345e-01	   2.6686760154378741e-01	   4.6932493545844323e-01	   5.4013248957685800e-01	   3.0613736914141232e-01	   2.8254591288856423e-01	   3.3834779456187164e-01	   2.9638666723590323e-01	   2.8003477416098321e-01	  -9.6816369918725428e-02	   1.9839894565453148e-01	   6.5808827596960096e-01	   7.9162296945116228e-01	   3.1377400684905560e-01	   1.5248529756891918e-01	  -6.1166963334056343e-02	
   6.8719152332767663e-01	   0.0000000000000000e+00	   3.5699968003175586e-01	   4.6232564419645572e-01	   6.1075882846970786e-01	   4.6361833178592232e-01	   6.2881490202670520e-01	   4.5587001173192843e-01	   5.4020692576107454e-01	   3.9926590352914021e-01	   5.8997566909585997e-01	   8.3089904936511894e-01	   5.2724973669068087e-01	   6.0085868954120658e-01	   5.4941897545829377e-01	   5.3074278333538383e-01	   8.0074736176253269e-01	   8.5062110557524773e-01	   6.9855841155338250e-01	   9.9442743274165946e-01	   5.2044432212493874e-01	   4.4791755542108624e-01	   3.4698482752591242e-01	   3.0180351557501939e-01	   3.2527761724181076e-01	   2.4721451979558995e-01	   3.7440268699957818e-01	   4.4285533542724292e-01	   9.6791585219459630e-01	   8.2896966216538515e-01	   5.0775691756443886e-01	   4.4955398261331903e-01	   9.3844994225233647e-01	   1.0745253283265530e+00	   1.8975728614464368e-01	   2.4244865566143006e-01	   5.8866123466885800e-01	   6.1299377091443441e-01	   5.1457511849322057e-01	   5.1898496716488840e-01	   7.4682677023584865e-01	   7.2305791237355677e-01	   4.6479227473265533e-01	   4.0359473333005008e-01	   4.3210268744552266e-01	   4.6682044843459952e-01	   5.9910439862143405e-01	   5.4225367334150110e-01	   3.7016285240539926e-01	   4.0293701169007179e-01	   5.1665687885278011e-01	   4.2399055229976357e-01	   3.1039973309487240e-01	   4.5300352440862868e-01	   6.4587623710443731e-01	   5.7018669888450701e-01	   6.9480935840735092e-01	   9.6854775672936699e-01	   3.1727781820171175e-01	   4.8804422771123390e-01	   7.4675385706239550e-01	   8.1705735480259323e-01	   7.2665285917017342e-01	   8.3232195919940255e-01	   2.3835233451359800e-01	   1.7029249435461224e-01	   5.8364068788805290e-01	   5.6000427071409953e-01	   5.9747024617265010e-01	   5.0989819008960391e-01	   3.2718361588262512e-01	   3.4489396449471682e-01	   7.5983605779710817e-01	   8.7306262006278212e-01	   6.7148072133512648e-01	   8.3034716246306906e-01	   3.3823517976985146e-01	   4.8718473314234068e-01	   4.9841524839534496e-01	   5.5667955656648405e-01	   7.0699331837570745e-01	   5.6992656640879757e-01	   4.2617999934244166e-01	   5.3693515176638251e-01	   6.0908893768397887e-01	   4.5497532409073571e-01	   4.3442862688818418e-02	   1.0356577928112652e-01	   4.8382990153146654e-01	   3.6062943223259758e-01	   6.3419451764285850e-01	   4.3047767986648794e-01	   3.0408031339630187e-01	   1.0550395468319128e-01	  -2.3252559031334869e-03	   1.1696410024004582e-01	   4.6683200839650008e-01	   1.6788231637421178e-01	   8.1987178074883171e-01	   5.8137899464053344e-01	   2.9114196170778511e-01	  -1.8434914774957293e-02	   6.2036475552996251e-01	   2.7006064201469659e-01	   3.7494005458232554e-01	   2.7311280093504947e-01	   3.6625539476265451e-01	   1.6472226332341761e-01	   8.8605682732694147e-02	  -1.5544838135180036e-01	   2.8301779588011133e-01	   6.4006284178331041e-01	   5.2154445417166562e-01	   2.8118020683917216e-01	   1.3028712425823122e-01	   5.1007120935471981e-02	
   5.9176157610490709e-01	   3.5699968003175586e-01	   0.0000000000000000e+00	   1.0279252949283706e+00	   7.8525040523041489e-01	   6.1116918736697512e-01	   1.0469877304135511e+00	   6.1420545403829330e-01	   4.3175917482257176e-01	   4.5919580681716848e-01	   5.4035446861305181e-01	   2.9333765754593866e-01	   4.8709855249220546e-01	   4.2905571010429311e-01	   9.5765470926393192e-01	   6.4118668312606086e-01	   1.6953119350620746e-01	   7.7920654964045169e-02	   8.0955938260279980e-01	   6.0362406209047814e-01	   7.2187705714869255e-01	   7.5012384230049478e-01	   1.0574590925016252e+00	   7.9313117667248634e-01	   1.0675195400646831e+00	   7.3863324701590183e-01	   9.2513030036942034e-01	   7.1719710544740922e-01	   3.6314192292425579e-01	   2.5807766797462711e-01	   7.7142859775065598e-01	   5.7778862058010494e-01	   5.9980618506363637e-01	   5.1504206506427941e-01	   7.1453595616756449e-01	   6.1278607911153138e-01	   3.9572136825598486e-01	   4.4322086664793403e-01	   4.6973963822441234e-01	   4.4952606039998744e-01	   6.7498229568349288e-01	   5.2280643532643278e-01	   4.8739484190837734e-01	   5.8035317744172199e-01	   5.9237408646321799e-01	   5.0647902405373380e-01	   9.4305143471931707e-01	   8.0524696235935755e-01	   7.0622508215716706e-01	   6.2628644943881728e-01	   8.3346095568977541e-01	   6.6183830859842752e-01	   5.0915690928334623e-01	   4.9823080762594907e-01	   6.1323320128422898e-01	   6.0469348686470592e-01	   5.1541736849532060e-02	   2.1670376372832931e-01	   5.8498278080278765e-01	   4.5965679219563005e-01	   6.2922458275797111e-01	   3.3130681146447150e-01	   1.4921472876982286e-01	   2.5044970739875083e-01	   7.6600347748743247e-01	   5.0436826009155555e-01	   5.5452979735211727e-01	   5.5356273355278796e-01	   4.7897653016393860e-01	   7.3387830687381439e-01	   4.7336633841398273e-01	   2.8862145725130495e-01	   4.6776210669982154e-01	   3.1628720520857218e-01	   3.7846883071174697e-01	   3.2621135744204938e-01	   2.9846193317112324e-01	   3.0015922702792902e-01	   2.9849465608510445e-01	   3.1841253943840120e-01	   3.4738694732366954e-01	   3.7847444895107335e-01	   7.8688286400928320e-01	   5.5788796265810991e-01	   8.8031218367384523e-01	   6.1464003948357071e-01	   5.7931843575443975e-01	   3.2396368487925870e-01	   1.0239597026460827e+00	   9.4446716721400215e-01	   9.5398226105882400e-01	   1.0182945397986505e+00	   7.5260795086903509e-01	   4.3805274092196061e-01	   8.1639280941590689e-02	   2.3222885025819734e-01	   4.7989147605902682e-01	   3.9439636709568937e-01	   7.7176360854269266e-01	   8.1731929879870957e-01	   2.7755254404176766e-01	   4.4106231375929207e-02	   3.6789835246571401e-01	   3.0608843508922901e-01	   3.5507533822854054e-01	   3.5017151209912645e-01	   4.1071258960185902e-01	   4.7097437453988716e-01	  -1.5182226427612355e-01	  -2.8573990947117094e-02	   4.9772879012481458e-01	   7.3294149813427079e-01	   7.4894379368514985e-01	   4.2254076237582527e-01	   4.5004489878606502e-01	  -8.8594679524813692e-03	
   4.8934300904402694e-01	   4.6232564419645572e-01	   1.0279252949283706e+00	   0.0000000000000000e+00	   4.5585336879110283e-01	   8.9760670662748687e-01	   8.9321175999602942e-01	   1.1855583288608584e+00	   1.8524626710335010e-01	   6.8515715398764199e-01	   5.2065002957824968e-01	   5.4123846027982137e-01	   4.7461636704580445e-01	   6.4417620867439984e-01	   8.9450193848486215e-01	   7.4032128795389729e-01	   1.2698807171576643e-01	  -3.8773817926577637e-03	   7.1915956805325842e-01	   6.5863313095591747e-01	   7.8636397580905548e-01	   8.9842397123246254e-01	   1.0340922908889882e+00	   1.1939403937542576e+00	   9.2976224592993884e-01	   1.0076724103149053e+00	   9.0389431836906109e-01	   9.1147787955036919e-01	   3.9021675090704022e-01	   2.7425084821950713e-01	   8.4525733191369490e-01	   9.4125328246460827e-01	   6.1274286363920516e-01	   7.2442695698392068e-01	   7.3171741976667870e-01	   7.1010949810427038e-01	   6.9406841157630117e-01	   7.9483662263692434e-01	   7.2225502595527546e-01	   8.9703286933798698e-01	   9.1157186851619565e-01	   7.6690934717910153e-01	   4.4122142440091100e-01	   5.0948361492959660e-01	   5.3652026034498190e-01	   4.5930908710994200e-01	   9.5434489712806780e-01	   9.4996639073046785e-01	   5.7153177235439534e-01	   5.0149015085327786e-01	   6.7326863988795915e-01	   6.3833650374390172e-01	   4.0444851510107627e-01	   4.7944959978322305e-01	   9.2968101035022310e-01	   8.5384815810556047e-01	   1.1945176612675386e-01	   1.5700285315947540e-01	   2.9796094996038769e-01	   2.2652532273854264e-01	   4.7324222066929555e-01	   3.2109309173950362e-01	   4.0802553687771040e-02	   7.7493992551570842e-02	   6.5345299224372511e-01	   8.8091251279728411e-01	   5.2368711790133826e-01	   5.9488175366719109e-01	   4.3025995176608178e-01	   6.0622026627687187e-01	   5.1739682682355959e-01	   5.7136888021381016e-01	   5.8838997288373707e-01	   3.3947362481766763e-01	   5.0379454359240383e-01	   4.8522875882536853e-01	   4.0866926141764448e-01	   5.2392499305471163e-01	   2.6908372044663925e-01	   1.0293886050076786e-01	   2.2016763332502950e-01	   1.8392619372293259e-01	   6.3819573918015793e-01	   5.0544268906120826e-01	   7.5312489432151697e-01	   7.3030460974260603e-01	   5.4622222659330211e-01	   4.4394164129504426e-01	   1.2699877030139817e+00	   7.4113168437100352e-01	   1.0038402207967674e+00	   1.0783740296006645e+00	   9.2341840187033164e-01	   5.9119936529197581e-01	   7.2645424045998233e-02	   3.7584588719671352e-01	   6.0416867170612010e-01	   4.6255775558859025e-01	   9.8777904645009595e-01	   9.2715674561199468e-01	   4.6422347300126315e-01	   2.3633006082257801e-01	   4.4504742670793473e-01	   4.3793607558252234e-01	   4.5073753383571719e-01	   4.2174620129503393e-01	   4.5865341208649979e-01	   3.4945764865222639e-01	   8.9333417711413080e-02	  -5.2736420724260144e-02	   5.9725703894267013e-01	   1.0327709039851083e+00	   8.6578522240620137e-01	   5.9596169634910801e-01	   6.2849295873966893e-01	   5.5796238605396384e-02	
   5.9656048723669175e-01	   6.1075882846970786e-01	   7.8525040523041489e-01	   4.5585336879110283e-01	   0.0000000000000000e+00	   5.6039328036170810e-01	   6.8730020366865718e-01	   3.1653216636693909e-01	   1.1815571317515186e+00	   3.4860056182827598e-01	   7.3453763841941377e-01	   3.4856936053701948e-01	   6.8654709207073594e-01	   3.7784459046364438e-01	   8.6289356790451821e-01	   4.4935672299571566e-01	   2.6680209185350839e-01	   4.1432703648545155e-01	   5.3053071962654574e-01	   5.6343021091701118e-01	   6.6846289078466770e-01	   4.7105542037917386e-01	   4.8994541720153845e-01	   3.1592847530570495e-01	   6.5324178454498827e-01	   4.3617921640157747e-01	   6.6842587456420632e-01	   6.6041079681561632e-01	   4.8466789491382783e-01	   3.4090725445323722e-01	   5.1499759267847001e-01	   3.4254935753892651e-01	   5.6391911905177672e-01	   5.2489470969723417e-01	   3.5142584411389105e-01	   3.3738764573593555e-01	   3.3520814696786905e-01	   2.3041148009040532e-01	   2.9983732219254766e-01	   2.4746765883937749e-01	   4.7849097207571512e-01	   4.4573374465437426e-01	   4.3076593995584095e-01	   4.2341320972425173e-01	   4.9487656082245546e-01	   4.7670059131035347e-01	   5.3725692582540441e-01	   5.2575761302796997e-01	   5.8214474493508173e-01	   5.0726810674060963e-01	   6.4765539092966951e-01	   4.8093561237919824e-01	   3.6900091588832995e-01	   4.1678223284729060e-01	   4.2139865338910731e-01	   4.5284939689555370e-01	   1.9437965481507824e-01	   5.5241891003252142e-01	   6.2842127529286240e-01	   6.9676352585412926e-01	   7.1461473593407987e-01	   5.3042347399247158e-01	   3.6157445498882518e-01	   5.1188548334158357e-01	   5.0099404200807962e-01	   1.4900540512615257e-01	   5.6830952052164962e-01	   5.4160910409231966e-01	   3.8023236653827319e-01	   4.7202336377086485e-01	   4.0680627629973332e-01	   1.8511440646605215e-01	   4.4372240340958269e-01	   4.5124189378654461e-01	   5.5277341144094649e-01	   4.6975341986349745e-01	   9.3834720226991172e-02	   1.0031648770898208e-01	   9.5368676522672960e-02	   2.9535224225783130e-01	   2.7628899672178309e-01	   3.8158573197399254e-01	   4.2253910377880965e-01	   3.7956565399000286e-01	   6.1672838459520518e-01	   3.0340465151709678e-01	   2.0186012851781865e-01	   7.2340116036202717e-02	   5.5475232262268903e-01	   5.9232415753005074e-01	   7.2305982547050940e-01	   6.3144332878475362e-01	   5.4136335814839587e-01	   1.8264266994115663e-01	  -1.3243261211910409e-01	   3.5387373695572093e-02	   2.5040677066867090e-01	   6.9903411143343572e-02	   6.1990498896460078e-01	   5.8428080747024358e-01	   4.0067843476515197e-01	  -4.6443989349967817e-02	   6.7621779067214816e-01	   3.1690131392899173e-01	   5.0265993457502223e-01	   4.1221294496048755e-01	   5.6042021597402991e-01	   5.4334181101968904e-01	  -7.0860180904579462e-02	  -2.5490306492431986e-01	   1.9635497572833319e-01	   4.9349653607253485e-01	   4.6097515108331810e-01	   1.9319774293367059e-01	   2.3870311694121849e-01	   1.4863252139429073e-01	
   6.1109500401921646e-01	   4.6361833178592232e-01	   6.1116918736697512e-01	   8.9760670662748687e-01	   5.6039328036170810e-01	   0.0000000000000000e+00	   5.0300083882678082e-01	   8.5281842544333264e-01	   2.5142234061961843e-01	   1.1326369944506391e+00	   5.4621188413490807e-01	   6.3670811201603628e-01	   4.7507644999858967e-01	   6.7680137689031350e-01	   6.8730698640759358e-01	   4.7820561944081424e-01	   1.2342714912154598e-01	   1.5211274756486179e-01	   4.7139977372620989e-01	   4.4375655471686282e-01	   6.2517841289422049e-01	   6.3816778456829348e-01	   5.3040641901139429e-01	   6.1160157924326597e-01	   5.3720219688427706e-01	   8.7896633902804422e-01	   6.3215464414395373e-01	   8.7645935050123203e-01	   2.8635024888293797e-01	   1.2199395903275868e-01	   3.9945173827214187e-01	   4.7282563816952544e-01	   4.4883557926341988e-01	   5.7669996211016039e-01	   5.0689430345952435e-01	   5.7545909482075541e-01	   6.7216717476075638e-01	   6.6852107941958661e-01	   6.2658858099443338e-01	   6.8725808944025346e-01	   6.8617748914657051e-01	   5.0692095658567871e-01	   4.2985202725915855e-01	   4.3792001810743342e-01	   2.8226068349906647e-01	   2.9298723751383809e-01	   5.9710969760628174e-01	   6.1733994083384958e-01	   4.7198028091951094e-01	   3.8967185773788138e-01	   5.3974047457058449e-01	   5.7914138177335961e-01	   3.3852961429591200e-01	   3.6807597375540840e-01	   6.3022415514823116e-01	   5.2636624829712775e-01	   2.4739311868523850e-01	   3.4890626559128063e-01	   3.3586977642838139e-01	   2.3505268021324269e-01	   5.3794105378274293e-01	   4.8165108897917430e-01	   9.7900729503303488e-02	   9.8651654910039896e-02	   5.6297102367370722e-01	   7.7662384511059313e-01	   4.0090309625696396e-01	   5.5028123717750888e-01	   4.7480829287484871e-01	   5.1504289932110847e-01	   4.2250781031192353e-01	   4.2481633600014956e-01	   4.3691141840987441e-01	   3.0407994084090906e-01	   4.1397494129859602e-01	   3.5642238115585589e-01	   1.7766163393558243e-01	   3.1949983451460595e-01	   1.4911542447465803e-01	   2.0327619476525677e-01	   1.3134391880654694e-01	   1.0012041094487988e-01	   3.7122663010112938e-01	   1.7948889655218514e-01	   6.2655716104763626e-01	   5.9919643978039949e-01	   3.5406798750156415e-01	   2.3271876395608371e-01	   9.1736009130457863e-01	   7.1747542474754955e-01	   7.5162401033333515e-01	   7.1758577707635907e-01	   7.2113541849507223e-01	   4.6392348795685490e-01	  -1.6534620963620926e-02	   3.7787703615784118e-01	   4.8418642363858211e-01	   2.7736555453738088e-01	   7.4760974057446561e-01	   6.6236491284737065e-01	   3.7970586337545564e-01	   2.0881713729717560e-01	   3.7457270938618809e-01	   4.0177456368128855e-01	   4.6828034076726477e-01	   3.2096613093772819e-01	   3.9289412571608329e-01	   3.5867839966799886e-01	   9.9092445925732339e-02	  -1.8673053285196370e-01	   3.9925826078696253e-01	   6.7754487976362920e-01	   5.3929688663042030e-01	   3.5334701073307739e-01	   4.4118660745746840e-01	   6.6265015480466899e-02	
   7.6786469178150940e-01	   6.2881490202670520e-01	   1.0469877304135511e+00	   8.9321175999602942e-01	   6.8730020366865718e-01	   5.0300083882678082e-01	   0.0000000000000000e+00	   9.3338833499048957e-01	   5.7030264683853094e-01	   5.9070327740248474e-01	   6.0059352704419766e-01	   5.3972902404111989e-01	   5.7131427676951829e-01	   6.2492438420640628e-01	   6.7530030691209120e-01	   7.3914317302258037e-01	   3.0650775701307403e-01	   1.8611697344932371e-01	   1.1485386816875125e+00	   8.2390893906897866e-01	   6.9373666679436508e-01	   6.6574290369811084e-01	   8.2849184897979022e-01	   6.4618862642464148e-01	   7.8185444806581128e-01	   4.5572280750086369e-01	   5.1281330902909039e-01	   4.7486409788759876e-01	   8.6315287548473552e-01	   6.3733867222451079e-01	   1.1609783174623929e+00	   8.0880986814163580e-01	   1.0732683480359968e+00	   8.8520991529969073e-01	   3.9915838468437570e-01	   3.2785655640807793e-01	   4.9407630032369398e-01	   4.7141863608246559e-01	   5.4274821930516337e-01	   5.1206097600595601e-01	   6.9248141523768292e-01	   5.9639030853565866e-01	   6.6980786831788064e-01	   7.0784958156973710e-01	   1.0126627207394880e+00	   9.1285457265445891e-01	   1.1168344633348248e+00	   9.3394955169886273e-01	   8.2991919173369866e-01	   8.0766680243514277e-01	   9.2902887194854256e-01	   7.6434514346031401e-01	   3.8419128207450998e-01	   4.9089015310313744e-01	   8.4516485628328630e-01	   8.6979782027341146e-01	   1.2671631879033859e-01	   2.1609145724270346e-01	   5.8750590360999067e-01	   4.1288162617659863e-01	   6.6460503813805394e-01	   4.9249552114058226e-01	   2.7524746613321122e-01	   3.7917974193549142e-01	   3.4282452585162293e-01	   4.3774921029375580e-01	   7.7031707956582030e-01	   6.7159533551014183e-01	   3.3203160023522049e-01	   5.1443873553887010e-01	   5.4535582486670364e-01	   3.6821326108442742e-01	   6.2742677284147874e-01	   5.0001313378865386e-01	   5.4848645613171088e-01	   5.1800438157489148e-01	   4.6267886336461239e-01	   4.3927541930919189e-01	   3.9973714197119087e-01	   2.4581859752702098e-01	   4.6580966091873471e-01	   3.6473023773475538e-01	   7.3297319312166764e-01	   6.8207854552672897e-01	   7.4486600064430841e-01	   4.6924125924817739e-01	   3.2274821988088243e-01	   2.8299519660907729e-01	   7.3361634478782278e-01	   5.8423396010017692e-01	   9.3684982050699350e-01	   9.1087763819856016e-01	   6.6022868403062618e-01	   3.7360410428477697e-01	   9.1593178277667026e-02	   1.8224073154269516e-01	   4.9229449304365658e-01	   3.7233107446663705e-01	   9.8942238054581377e-01	   1.0217749187174054e+00	   3.8397635227486354e-01	   1.1024641485048971e-01	   4.7215282635758715e-01	   3.9269270314218979e-01	   3.7412258967740120e-01	   3.7946464083362713e-01	   4.3176359673165038e-01	   3.5952606985495089e-01	   7.3412796746556180e-02	   8.8967073182925713e-03	   4.8923484735193745e-01	   8.8526371116919145e-01	   8.6340893862240087e-01	   5.6365640561143215e-01	   4.3063132730652476e-01	  -2.8411554172633007e-02	
   6.7300750887350502e-01	   4.5587001173192843e-01	   6.1420545403829330e-01	   1.1855583288608584e+00	   3.1653216636693909e-01	   8.5281842544333264e-01	   9.3338833499048957e-01	   0.0000000000000000e+00	   2.3026486180587122e-01	   9.5678743597835025e-01	   4.5258647645052119e-01	   7.8177233956202263e-01	   4.3829889951003009e-01	   9.6762491707321996e-01	   4.7800206716046612e-01	   5.9171989811435510e-01	   1.6752198193656248e-01	   2.3440030142736525e-02	   5.9885714204062668e-01	   4.7337821380614520e-01	   5.1634925856287950e-01	   6.2980080430925178e-01	   5.7978370880661800e-01	   7.3442693670781045e-01	   5.5033659259826762e-01	   6.4518897627880112e-01	   4.2287790925184787e-01	   4.6301249256882715e-01	   5.4991974069982874e-01	   3.5064720012482437e-01	   6.8104554905211445e-01	   7.6579558408381154e-01	   6.4412772934198459e-01	   7.6225846600722313e-01	   3.7113614908256942e-01	   3.8498924380699778e-01	   7.7630561631337613e-01	   7.3550960987251734e-01	   7.5792428607493256e-01	   8.2769569565854317e-01	   8.2989005305372110e-01	   6.3352323283436063e-01	   5.7986648772697746e-01	   6.1934423170386566e-01	   6.5067515387590258e-01	   5.6325616152498803e-01	   9.0736463945504675e-01	   9.4914082385656340e-01	   7.2374522156591914e-01	   6.7124518038276293e-01	   7.4160155353450874e-01	   9.0461656971383220e-01	   3.9819106152656492e-01	   4.2914986203979599e-01	   1.0695289262680259e+00	   9.2622996026228566e-01	   1.9633996779488963e-01	   5.0664529652737322e-02	   3.9733240161337890e-01	   1.3322797296140573e-01	   5.1441718219904387e-01	   4.3623430675708696e-01	   6.9221399055943073e-02	   5.5780640088709400e-02	   2.6020966151329561e-01	   8.2898205507413292e-01	   5.4203063755252090e-01	   5.7003617245881832e-01	   2.5011865799384236e-01	   3.2800649719746722e-01	   4.4733359109301596e-01	   4.9545742015479666e-01	   6.4699383942690503e-01	   4.3568716021651155e-01	   5.5363395572427077e-01	   5.6620408318611237e-01	   4.7184608119500848e-01	   5.8069472606436556e-01	   3.2254346036765158e-01	  -1.1034803561215136e-02	   2.2688458653148852e-01	   3.3868667754668416e-02	   3.9585667054774243e-01	   2.9931516175025707e-01	   4.8165311603467742e-01	   5.0675725176235553e-01	   2.9777325426900658e-01	   2.6051129742281764e-01	   8.3144335287428228e-01	   5.5501165766636162e-01	   8.0275788059611553e-01	   8.1422194177777307e-01	   7.8329825983715928e-01	   4.8630742938205695e-01	   5.4502476569500989e-02	   3.3870262145100771e-01	   5.6235735568802570e-01	   4.0608150089024525e-01	   8.9707134678739342e-01	   9.2648209919113267e-01	   5.3210278958944401e-01	   3.0556678643526419e-01	   3.5685910361096962e-01	   4.4779488177712790e-01	   3.8102866595355422e-01	   3.4037429862845048e-01	   3.4043091908586087e-01	   3.1452685291479537e-01	   3.0773372123532561e-01	  -2.2127491645044545e-02	   5.2942349028973912e-01	   9.0637970709702542e-01	   8.3971946022603183e-01	   5.9612258507537574e-01	   5.7415322564227844e-01	  -5.5736836369359742e-02	
   4.8234361904149969e-01	   5.4020692576107454e-01	   4.3175917482257176e-01	   1.8524626710335010e-01	   1.1815571317515186e+00	   2.5142234061961843e-01	   5.7030264683853094e-01	   2.3026486180587122e-01	   0.0000000000000000e+00	   1.9719596495819411e-01	   5.1988672960835969e-01	   3.3711950940447433e-01	   6.1241560573897991e-01	   3.8463709427619075e-01	   4.3976539282360061e-01	   2.7069684457728593e-01	   3.4517612482187321e-01	   5.0921295494399088e-01	   3.7436502397546240e-01	   3.6966247238636329e-01	   3.5720455423842296e-01	   2.1900955898143440e-01	   1.7181434995687228e-01	   4.1920606721684857e-02	   3.1063714899314937e-01	   1.1988365321082507e-01	   2.1617084777178830e-01	   2.1954531154513293e-01	   6.1319227171911850e-01	   3.9585116999642134e-01	   3.6580013656008009e-01	   1.5788902616408490e-01	   4.9653628528158655e-01	   4.3410158803672771e-01	  -9.3589489852325652e-02	  -6.4585128874960471e-02	   2.3631962223026801e-01	   1.2563226580371695e-01	   1.2546873142599166e-01	   7.2773894865122549e-02	   3.2821063710529641e-01	   3.1221878457669205e-01	   4.0724218802511053e-01	   3.3920583780426367e-01	   4.9201278608872934e-01	   4.7330816669058118e-01	   3.8167022824531499e-01	   3.5278471475806622e-01	   5.8183566688259425e-01	   6.0067875040269159e-01	   5.7333564300230533e-01	   5.6275510056455702e-01	   2.9641727477484542e-01	   3.8207575774710001e-01	   2.9961063780612879e-01	   3.8534000378648237e-01	   2.1685904976583761e-01	   4.4283633933100092e-01	   6.3543360405227356e-01	   5.8723555710385689e-01	   6.6746810562048620e-01	   5.4007168790285731e-01	   4.3554681634920339e-01	   5.9065580219156599e-01	   4.8469121113631893e-02	  -8.4504579804626473e-02	   4.5920205926490187e-01	   3.5770178983440470e-01	   1.7746310149463240e-01	   1.4957637725561823e-01	   2.9436465104385690e-01	   5.2384563083801107e-02	   4.1239849193573874e-01	   5.2577939142137020e-01	   5.8867585639580911e-01	   5.2512478512505367e-01	   5.4465098413554680e-02	   2.3947777822701313e-02	   9.1857606899029928e-02	   2.0476155145031125e-01	   2.6235246243329069e-01	   2.5199562439350798e-01	   1.9872060667879876e-01	   2.1356699576594781e-01	   2.3092585386371758e-01	   2.3510820622845954e-02	  -7.9310239413972514e-02	  -1.4931816004507090e-01	   2.1471352262029567e-01	   3.1258616439433429e-01	   4.0289180440086469e-01	   3.4083413999302187e-01	   3.2914847562004174e-01	   1.6353383259177314e-02	  -1.6142926905250757e-01	  -1.1731852738171909e-01	   9.1039448796247410e-02	  -7.2860665857607143e-02	   3.7231479537610340e-01	   3.6734752107010699e-01	   3.6764798620843386e-01	  -7.1847621065649375e-02	   4.7328531819586822e-01	   2.0400815419903165e-01	   3.9443385248262985e-01	   3.7333728745342210e-01	   4.0734751208727327e-01	   4.8799413364745614e-01	  -4.4226147505487510e-04	  -2.5542017947155038e-01	   2.2870526482634875e-02	   2.5307280398771337e-01	   2.2212533503433843e-01	   1.0654515691263988e-01	   1.6786091321794722e-01	   1.1068227731458613e-01	
   7.7748741302043367e-01	   3.9926590352914021e-01	   4.5919580681716848e-01	   6.8515715398764199e-01	   3.4860056182827598e-01	   1.1326369944506391e+00	   5.9070327740248474e-01	   9.5678743597835025e-01	   1.9719596495819411e-01	   0.0000000000000000e+00	   5.1059217282127856e-01	   7.1233712739535238e-01	   4.2355423131642367e-01	   7.0689013531137368e-01	   4.7497954644997464e-01	   6.4821599234611949e-01	   1.3758494677883973e-01	   4.9407911326785979e-02	   4.2389342868760066e-01	   3.0202774999609561e-01	   4.5844388127227625e-01	   5.0817343344862886e-01	   4.9442048244270548e-01	   5.7608772629801808e-01	   3.3352215167440419e-01	   4.4097970632512773e-01	   3.4570516256169925e-01	   4.3332097218934973e-01	   3.9630887723921909e-01	   2.0055134644330871e-01	   4.3397335817600186e-01	   4.8593803511377009e-01	   3.8775092250429821e-01	   4.4365841496966818e-01	   3.2784933693174434e-01	   3.6141024106380676e-01	   4.4580478010571839e-01	   4.2503626302278491e-01	   4.8512709945566812e-01	   5.2229579701956119e-01	   5.1725557187163940e-01	   4.0580382242719626e-01	   4.4953799946366207e-01	   4.6729262720939324e-01	   5.7075438503411513e-01	   5.4193786843306457e-01	   5.6254950280640370e-01	   5.0395061228980997e-01	   6.8852287793074740e-01	   6.4458234566743333e-01	   6.0025309145470873e-01	   6.5238894675166526e-01	   3.7921747890847535e-01	   4.3451119492144075e-01	   6.0149851153918432e-01	   5.8475554053256174e-01	   2.6820312945208435e-01	   1.9321518633805890e-01	   5.3549022419305459e-01	   2.6534460399270271e-01	   5.4495336177068054e-01	   5.5452649135903942e-01	   8.9350037166222321e-02	   8.0308479582998707e-02	   3.5629575177008316e-01	   7.8891001577285347e-01	   4.2790175787059798e-01	   4.9264475838976185e-01	   3.5273757015455737e-01	   4.1489258766074094e-01	   3.6864307482705799e-01	   3.0528004297637057e-01	   3.4317105587433711e-01	   2.2092350403427793e-01	   3.2386250680886014e-01	   3.0355919726248437e-01	   1.4058119233854249e-01	   2.0536579354104720e-01	   1.7106860727517900e-01	   6.0543623570890284e-02	   1.6248531446187212e-01	   7.3691568665857602e-04	   3.9676963843696772e-01	   1.9244083061105019e-01	   5.6107012354997376e-01	   4.3246933605476801e-01	   3.0816639984043770e-01	   2.3802488377995920e-01	   7.4177013054727114e-01	   5.5848792149512227e-01	   6.2205994134323217e-01	   5.8443775682160215e-01	   5.4537122530816129e-01	   3.7088847147171278e-01	  -8.1826223846572357e-02	   2.2763805913172655e-01	   2.7318795027159404e-01	   1.8204373729378881e-01	   6.3568886067533026e-01	   6.3859666426842820e-01	   3.2294242154173025e-01	   1.8540010099506904e-01	   2.1980212865005863e-01	   3.0229426173549134e-01	   2.4573286993480317e-01	   2.0208124480360748e-01	   1.5660767634803141e-01	   2.4245277293092055e-01	   2.2396857589957028e-01	  -1.8332115935794727e-01	   2.1302758137454425e-01	   5.0674185751801692e-01	   4.7672425320951906e-01	   2.8130071251411476e-01	   3.2679324001141513e-01	  -4.4320104322068440e-02	
   8.5152592535527039e-01	   5.8997566909585997e-01	   5.4035446861305181e-01	   5.2065002957824968e-01	   7.3453763841941377e-01	   5.4621188413490807e-01	   6.0059352704419766e-01	   4.5258647645052119e-01	   5.1988672960835969e-01	   5.1059217282127856e-01	   0.0000000000000000e+00	   7.4725920169204330e-01	   1.3771001121415258e+00	   6.2208309714678778e-01	   9.6486571433530344e-01	   7.3043136057169145e-01	   2.6848037590620355e-01	   3.0219205449186692e-01	   6.1958341493924984e-01	   5.4151054602447179e-01	   4.9172235952019089e-01	   4.5022906823001269e-01	   5.1039725914455847e-01	   4.8303187020238336e-01	   3.9479908100979333e-01	   3.2296347661941371e-01	   4.1845943122940854e-01	   4.9701949228209480e-01	   5.7963153408360524e-01	   4.8458327402057738e-01	   4.8312429937403145e-01	   4.3629605993201703e-01	   4.6634927003320681e-01	   4.5184936971111817e-01	   2.3124158410695805e-01	   2.8705401792188123e-01	   3.7753522124322170e-01	   2.5653137457141872e-01	   3.8699796849958479e-01	   4.2171872721187142e-01	   4.5667556448292235e-01	   5.5619813604461665e-01	   2.6181317364427992e-01	   2.7024364841888771e-01	   4.2865400621666760e-01	   4.2530429160035760e-01	   4.9077590548544892e-01	   4.0874824918747138e-01	   4.2619179145551089e-01	   3.5923315323456606e-01	   3.0631108854122135e-01	   3.1010555818761443e-01	   1.9683676496144678e-01	   3.1937465568602352e-01	   5.9876555077911275e-01	   4.6175312475017288e-01	   2.3513634040100403e-01	   3.4898207977742224e-01	   3.0428295168196895e-01	   2.0277342719513317e-01	   5.1327529689853924e-01	   3.1086037734779787e-01	   1.4771462051080256e-01	   2.6367972500206810e-01	   3.8129453011898168e-01	   3.3062831646865842e-01	   3.5167808439796333e-01	   4.3203129690596681e-01	   2.5742441222756923e-01	   3.6335785033938889e-01	   4.0488512803785631e-01	   2.7327539702659687e-01	   5.3403231713332855e-01	   3.1204597380676585e-01	   4.4853427564462567e-01	   3.7972881454052887e-01	   1.6696289493782207e-01	   1.6790188542375545e-01	   1.4890082848555997e-01	   1.5296757952915788e-01	   2.4424959900192272e-01	   3.2507261178246344e-01	   4.0871685504687377e-01	   4.9272432875798738e-01	   5.7404995574449491e-01	   2.9729159848014747e-01	   1.4800561583033220e-01	   2.3566614784553641e-01	   6.3097084255203384e-01	   2.5203402134165348e-01	   5.9241898662849191e-01	   5.4131285171598886e-01	   6.6924092429255833e-01	   4.7644061464703447e-01	  -4.3085354141264479e-02	   2.7148857629829148e-01	   3.2143440377668886e-01	   1.7177125207135807e-01	   6.4824165350657692e-01	   4.8533422017420469e-01	   6.6189589474819310e-01	   3.2180066330236745e-01	   6.2095076021977946e-01	   5.6121373594798807e-01	   3.6599996475940144e-01	   3.4053980874714118e-01	   4.8032285145015541e-01	   3.6303542958451968e-01	   2.8201195753988991e-02	  -1.6142438798202663e-01	   2.2951795690720278e-01	   5.0220622688533867e-01	   4.5494177359110444e-01	   2.5786231645370183e-01	   2.4018904170790834e-01	   2.0473464435974476e-01	
   7.3030272199611823e-01	   8.3089904936511894e-01	   2.9333765754593866e-01	   5.4123846027982137e-01	   3.4856936053701948e-01	   6.3670811201603628e-01	   5.3972902404111989e-01	   7.8177233956202263e-01	   3.3711950940447433e-01	   7.1233712739535238e-01	   7.4725920169204330e-01	   0.0000000000000000e+00	   6.2051158736020573e-01	   1.1211007380546145e+00	   4.6224347840275837e-01	   7.4199641068269717e-01	   3.9169900149646497e-01	   4.4990660614462019e-01	   4.7000867543397079e-01	   5.2047680330424440e-01	   3.8261659678012000e-01	   4.7744066397956186e-01	   3.5705681922634575e-01	   4.9904150140952580e-01	   2.0644873992237817e-01	   3.1489671027682831e-01	   2.1219382774580187e-01	   3.0218340762135332e-01	   6.4828644261936996e-01	   6.1603552601158662e-01	   4.1422487177134348e-01	   5.2889293612921673e-01	   5.2880115542107320e-01	   6.7186597717537122e-01	   1.5774163832739169e-01	   2.7346686737300996e-01	   6.4786030169264619e-01	   6.3496498520411915e-01	   6.7502804733927702e-01	   7.2546756813809354e-01	   7.1404828651666485e-01	   6.6392544361386496e-01	   3.2775321675297264e-01	   3.2884929099623528e-01	   4.1805378820224298e-01	   4.2334800351892810e-01	   5.8314422864025628e-01	   4.9013939340917739e-01	   4.1476956494237788e-01	   4.1228379800160336e-01	   3.8117315772804516e-01	   5.6081387472548871e-01	   2.8118346942732009e-01	   3.4471943307512637e-01	   9.2284656779987873e-01	   6.4031646226998784e-01	   4.3538274639862473e-01	   3.3390632212554022e-01	   2.1862558309732141e-01	   6.0584302964596909e-02	   4.9103042237489547e-01	   5.1603770065878896e-01	   1.8993666936605949e-01	   2.4794904602994294e-01	   1.9606830069876180e-01	   5.5814058990726700e-01	   3.6886331619978596e-01	   4.9271350817013404e-01	   2.4972536662340059e-01	   2.4096610340641955e-01	   3.0712933729616754e-01	   3.1642176907091052e-01	   6.4207165399749477e-01	   4.3975433458756530e-01	   4.4621522683202863e-01	   4.7053885999648581e-01	   4.1867253156883355e-01	   5.2851310212369584e-01	   3.9683524670472503e-01	   1.6245761815081267e-01	   3.2465523711398730e-01	   2.5068804896119679e-01	   3.1031674128416920e-01	   4.1071104289092053e-01	   4.1324987825303561e-01	   5.4865958554743732e-01	   1.1617613535415419e-01	   2.6398718081058281e-01	   5.9406026887193142e-01	   2.6303075421017647e-01	   5.4478741409877762e-01	   4.6982561640637710e-01	   5.3625462383722877e-01	   3.7212360275092887e-01	   1.4518500483394822e-01	   4.5883880935284760e-01	   5.1326743309370559e-01	   3.9541987903335590e-01	   6.9601881551939182e-01	   5.7176468667632352e-01	   6.1884304591112305e-01	   3.1384760150081253e-01	   4.8756712777624783e-01	   4.2665971316785556e-01	   2.5339291464209640e-01	   2.4687336718560476e-01	   3.3306115182796697e-01	   2.1805272323171448e-01	   2.9052147405427237e-01	   5.7663929748933564e-02	   3.8965420312223131e-01	   5.3876833186298057e-01	   4.5947210479785755e-01	   4.0756502425971519e-01	   2.8084450774120362e-01	   4.7856542133163794e-02	
   7.8728674467522219e-01	   5.2724973669068087e-01	   4.8709855249220546e-01	   4.7461636704580445e-01	   6.8654709207073594e-01	   4.7507644999858967e-01	   5.7131427676951829e-01	   4.3829889951003009e-01	   6.1241560573897991e-01	   4.2355423131642367e-01	   1.3771001121415258e+00	   6.2051158736020573e-01	   0.0000000000000000e+00	   7.6590929423159126e-01	   8.5236590909434717e-01	   6.2291025584565562e-01	   4.6721993657894290e-01	   4.2635278811352184e-01	   5.5053151097391873e-01	   5.5509719716771833e-01	   5.4219707771026648e-01	   5.0563021943145003e-01	   2.9961072093936997e-01	   2.8114388450223748e-01	   3.2585210743685061e-01	   2.4285656943408115e-01	   3.6240144814655839e-01	   4.7153287211806894e-01	   6.7218501908311390e-01	   5.8130316661069115e-01	   3.7911110799690040e-01	   2.7425826206489878e-01	   4.4695668995615934e-01	   3.9514427974291877e-01	   2.1638213166530439e-02	   8.2277093313374072e-02	   4.5030890857759881e-01	   2.8612239186628563e-01	   4.2943989773404628e-01	   4.3880855289262166e-01	   5.5785099135547878e-01	   5.4096063640122816e-01	   2.7408598017343316e-01	   2.4065173989023758e-01	   4.0437058598371090e-01	   4.5507396322199561e-01	   4.5995845827789500e-01	   3.7166148180919323e-01	   4.3189765636218480e-01	   3.9400331782777659e-01	   2.6293091375575001e-01	   3.3964258318105511e-01	   2.0315360434127280e-01	   3.7193656026807115e-01	   5.1264800769793628e-01	   3.8848891050263090e-01	   3.0996372300856884e-01	   3.8118113078648430e-01	   3.9544029141523851e-01	   3.0526020436956269e-01	   7.2336276020776125e-01	   4.5017765499477258e-01	   3.2489200081313230e-01	   4.7649298832468384e-01	   1.7160120771183607e-01	   1.8139328372940458e-01	   4.0554553987782432e-01	   4.2344543034421089e-01	   2.6758441633636099e-01	   2.9840311555237575e-01	   3.3265209904057885e-01	   1.8487266233696478e-01	   5.2779018451003301e-01	   3.9696356903634300e-01	   4.1755392656909468e-01	   3.8939852742835812e-01	   2.0708608570735150e-02	   2.2266777261955792e-02	   1.3237138556467631e-01	   1.6485410902395267e-01	   3.5481412483581926e-01	   4.3058372061781519e-01	   4.2785740944523165e-01	   5.1396119536508456e-01	   4.2660452057585874e-01	   1.7305524440939146e-01	   1.3398811646965061e-01	   1.0094295553877405e-01	   6.5569691697071231e-01	   3.1646609829116723e-01	   6.2153175990327647e-01	   5.0114575859750909e-01	   6.9482240410270524e-01	   3.7125774407188084e-01	   6.7387650773130092e-03	   2.5012199991711670e-01	   3.2916985710574181e-01	   1.2681079780222043e-01	   5.7719841074466205e-01	   4.2986660781474939e-01	   7.5427846470533844e-01	   2.7492710141291293e-01	   7.1440660613174711e-01	   5.8073689086486158e-01	   5.5133970051860159e-01	   5.2521761925416333e-01	   5.8790852022341045e-01	   5.0792085710067403e-01	   5.8933063713650480e-02	  -1.9122035828883430e-01	   1.2428142860366706e-01	   4.0526229692795435e-01	   4.4459411618824385e-01	   2.4497417020071560e-01	   2.3802053425127540e-01	   3.1224109475819095e-01	
