   0.0000000000000000e+00	   6.3059666155737337e-01	   8.1352132384257403e-01	   5.6664075179502671e-01	   3.3914707950689482e-01	   3.7448674302175194e-01	   8.0647347479130649e-01	   7.8483426690031266e-01	   5.4656949962467993e-01	   3.4184914227810276e-01	   6.4253368395773258e-01	   9.7292929271225548e-01	   7.7819927217799933e-01	   8.1093851489299196e-01	   5.4781108252831234e-01	   6.2866969756505786e-01	   7.5045642957920322e-01	   5.7630745288416885e-01	   1.0787946375660695e+00	   5.7608898453094948e-01	   6.3837329191561487e-01	   6.4780127324847703e-01	   4.4159432112270386e-01	   3.8563816432295300e-01	   1.8742903444480241e-01	   1.4951421889558697e-01	   2.0552569788111869e-01	   1.7144542262908130e-01	   8.3073178838410089e-01	   7.1615274954725294e-01	   6.0265281818737715e-01	   5.0421331208949149e-01	   9.2930536847686573e-01	   8.7378198932942841e-01	   3.7583191178724762e-01	   3.6768127586469690e-01	   4.7775083987491279e-01	   4.1568055054932251e-01	   5.6312294675300345e-01	   6.1917099766602279e-01	   7.0621462111722411e-01	   5.7231643364227081e-01	   6.6678095397606962e-01	   6.2631625233471566e-01	   5.3438153825736001e-01	   4.3559891503942916e-01	   5.7580446320186029e-01	   4.8097396749745697e-01	   4.3460300878204539e-01	   3.6973858952874367e-01	   6.9063152379459269e-01	   5.4206890885595693e-01	   6.2743582130490760e-01	   5.1329504462210451e-01	   6.8762751098864083e-01	   5.1636048579573912e-01	   8.9573578728271341e-01	   4.7867210558858669e-01	   1.0052244923361340e+00	   7.2686848362088885e-01	   1.0187911440708028e+00	   7.8836115902649051e-01	   7.3606396838315458e-01	   7.4804431951910921e-01	   3.9761722468644095e-01	   4.9226119306113575e-01	   8.2041947149455241e-01	   7.0759199962527375e-01	   5.3040662797035731e-01	   5.1070002985219154e-01	   8.5789671805912981e-01	   6.8987266978150508e-01	   7.3054669025842078e-01	   5.9913400811128759e-01	   7.4037203517675532e-01	   7.4662083512153232e-01	   9.0120240687863662e-01	   7.0509907032686625e-01	   7.4972661586246703e-01	   7.3026628553456474e-01	   8.5237288975495495e-01	   8.5714600408156794e-01	   4.9211981663522808e-01	   3.6385570978650306e-01	   8.6828619140953112e-01	   8.3519370087868561e-01	   3.7069120217611912e-01	   3.9439574007367384e-01	   7.4843694434389973e-01	   7.2642559210472724e-01	   4.7548317169084220e-01	   3.7632909559461875e-01	   2.4859953140029073e-01	   6.0166498956792314e-01	  -4.0497504476049571e-02	  -5.3316835451481213e-03	   3.6333156630501051e-01	   3.3280739784647534e-01	   5.0750472613266051e-01	   6.1023947659163291e-01	   4.3372204427088579e-01	   6.3696256255324435e-01	   4.4072275639570913e-01	   6.4012726918540097e-01	   5.3688299342112500e-02	  -6.1318100914831621e-02	   3.9560536438304772e-01	   3.3103788210258028e-01	  -5.7677196964025276e-02	  -3.4047356172547755e-02	   2.9530874552043751e-01	   5.6321056387122148e-01	   6.6465859515998416e-01	   4.0479656103966127e-01	  -1.5072316433143185e-01	  -1.7747936027121575e-01	
   6.3059666155737337e-01	   0.0000000000000000e+00	   3.9202575373318582e-01	   4.5076099049095009e-01	   2.5940919787523709e-01	   2.4128975313032408e-01	   4.0569534513324074e-01	   5.2157408872665167e-01	   3.3346354784068077e-01	   1.9251722237392041e-01	   5.6937170718717089e-01	   6.6070076330992711e-01	   4.4565672535980272e-01	   5.7169427152049190e-01	   3.7785494879962023e-01	   6.5852907838362129e-01	   9.3014170450071887e-01	   1.1726838650191453e+00	   6.2408717720318541e-01	   6.9003740040950146e-01	   7.0989324155806821e-01	   6.4864817914870110e-01	   3.5356457044948703e-01	   3.1450743648590790e-01	   2.7646771058242992e-01	   2.9376190359731263e-01	   2.0549158856381075e-01	   1.6939056631106081e-01	   8.5112519019572375e-01	   1.0330748683296584e+00	   6.1625262857542329e-01	   4.8262514390963729e-01	   7.9814088475648692e-01	   8.7904300876376507e-01	   3.3142593693299127e-01	   3.5107119086930549e-01	   6.2406235216248096e-01	   5.8829161756681236e-01	   6.0553671712554280e-01	   6.8671892470555418e-01	   7.2544075177765288e-01	   7.2554368180332329e-01	   7.7695237713037657e-01	   7.5281255068540698e-01	   5.9451679871323881e-01	   5.0941421133024634e-01	   8.1741722106858405e-01	   6.8114041684878524e-01	   4.9401678464592641e-01	   3.6580926653263618e-01	   6.3620965613893399e-01	   5.0743009437571995e-01	   6.7936546645145068e-01	   5.2826964456757541e-01	   8.0452105287697917e-01	   6.8853504980591262e-01	   8.3778257988879179e-01	   1.0656943486761505e+00	   4.3883253121150417e-01	   5.5090584042531199e-01	   5.8628277418557262e-01	   6.5141032132631860e-01	   7.6896389428372502e-01	   1.0361891229067859e+00	   2.9080066680864475e-01	   3.7211765562682025e-01	   5.4892122231711760e-01	   6.0919500359518031e-01	   5.5490565651469725e-01	   5.7405322975114870e-01	   8.2422623020229135e-01	   9.5086140979698064e-01	   7.5568758762141985e-01	   9.6051424071747882e-01	   7.7660401037347215e-01	   9.8591269576437846e-01	   8.3543627155418054e-01	   9.5385257173918503e-01	   9.2659983230953558e-01	   1.1029480121288893e+00	   1.1126070120749363e+00	   1.2101631381293905e+00	   5.3013059904333382e-01	   5.9476136599046125e-01	   8.4214636714957791e-01	   8.5242894427048255e-01	   4.0908295883888546e-01	   5.9493563740293853e-01	   6.4001656240780902e-01	   7.6452797902092240e-01	   5.6892611038160057e-01	   2.5361078505994239e-01	   2.6976127770912922e-01	   3.5030581792859117e-01	  -5.5560639745341506e-02	  -3.9799112890006134e-03	   5.9895529690692784e-01	   3.6395544036982991e-01	   8.9132231114277261e-01	   5.5162295657124616e-01	   4.8000772121509017e-01	   3.7099683024207253e-01	   3.8284292791420743e-01	   3.9068218748529671e-01	  -1.7656008619958970e-02	  -2.3771051883767311e-01	   3.1140744400200349e-01	   2.3505141740537933e-01	  -1.3801584001276093e-01	  -1.2934220049215794e-01	   4.5775125810724582e-01	   6.8447445075614965e-01	   6.2465438627789527e-01	   4.0441662729105515e-01	  -3.4227768167317574e-01	  -4.4766254532986544e-01	
   8.1352132384257403e-01	   3.9202575373318582e-01	   0.0000000000000000e+00	   1.2770212344508829e+00	   3.5333526520660585e-01	   6.7039433396959047e-01	   1.3759234477536051e+00	   1.2186175578874039e+00	   8.7051342911009622e-01	   6.1284071316786415e-01	   3.7104096682774340e-01	   7.3468590570210246e-01	   1.0892964560125062e+00	   9.9782703001053219e-01	   7.7156542374930570e-01	   7.9066275717798318e-01	   3.6414785929902593e-01	   2.7022766715831947e-01	   7.2416954352806817e-01	   3.6786096674199131e-01	   5.9861013754012682e-01	   6.0508413267636740e-01	   1.1400891290098105e+00	   1.0384242321062418e+00	   4.7029494969937857e-01	   5.2387530496634915e-01	   2.3185609677112651e-01	   1.5168368647812311e-01	   5.6897753311451005e-01	   4.9915428220805680e-01	   9.8616670287854846e-01	   9.8991517113382066e-01	   7.9454335476903104e-01	   7.7156848554230528e-01	   6.0280605435196022e-01	   5.6896681706636021e-01	   3.2433509809666666e-01	   3.6457246247711855e-01	   4.5877775494511513e-01	   3.8661556660201435e-01	   4.9334094172023157e-01	   4.4092584806594026e-01	   5.0112236178288605e-01	   4.0446579133251392e-01	   3.7420611867694054e-01	   2.4636181906815677e-01	   3.5850297039151702e-01	   2.9559606351237450e-01	   2.1330839370715782e-01	   1.2184280617254031e-01	   4.6670596255934571e-01	   4.1812890250429885e-01	   3.8197672844860597e-01	   2.9744917839675261e-01	   4.6487912875901116e-01	   3.8530266294034538e-01	   4.4654850930872170e-01	   2.1379502885553128e-01	   6.3304007451160771e-01	   4.9625539889259440e-01	   8.9935623091501826e-01	   7.1904881050859459e-01	   2.7230467108814993e-01	   3.1298341159433629e-01	   7.5958220752711014e-01	   8.0200917104956826e-01	   8.7409862565884300e-01	   7.7826313703953065e-01	   3.2614073149714989e-01	   4.0000778709400120e-01	   8.8032434205767007e-01	   8.1822269435116279e-01	   5.8809613828904816e-01	   6.0920965505265934e-01	   5.3051035023599280e-01	   6.4539023744135393e-01	   4.4584667992305965e-01	   4.2507184228209066e-01	   5.3803649110579999e-01	   4.4299791572429043e-01	   5.2638459404746274e-01	   4.9555772851587576e-01	   4.5151680240030456e-01	   3.0707185163645734e-01	   8.8058250009597894e-01	   7.7705303129468961e-01	   5.2685131146874631e-01	   5.5701524084173459e-01	   7.7147726984996401e-01	   5.1998388815405416e-01	   3.4808739286007651e-01	   2.6711175738169446e-01	   2.4767753948072752e-01	   4.6430819719744276e-01	  -1.1138822512005150e-02	   3.4433435903748484e-02	   2.5555898159372809e-01	   1.0960241026485570e-01	   2.2195451686903839e-01	   2.0913441610244343e-01	   2.8039384934254408e-01	   4.2998417464458083e-01	   3.1112635363285152e-01	   4.4728318830791375e-01	  -1.9576641177856246e-02	  -5.5339342266724358e-02	   1.7507073823326674e-01	   3.4498776001151849e-01	   1.3427277125383710e-02	  -1.0006362633854209e-01	   2.7811448499117741e-01	   3.2579692675645255e-01	   3.3524328519963109e-01	   2.0888023910528014e-01	  -1.7015405946562481e-01	  -2.4684385757234389e-01	
   5.6664075179502671e-01	   4.5076099049095009e-01	   1.2770212344508829e+00	   0.0000000000000000e+00	   1.8564832553132429e-01	   7.5184181476223622e-01	   8.9880237378706673e-01	   1.1688116790751411e+00	   9.4100288356856665e-01	   8.9710320000305843e-01	   2.4354557121694045e-01	   6.7628976183848710e-01	   8.1508891116167137e-01	   9.5529062397885800e-01	   7.0442256807824966e-01	   8.1354130643245925e-01	   3.2438231189732158e-01	   3.1494334165517740e-01	   5.4795925501211662e-01	   3.8622145951403292e-01	   5.1718863504877621e-01	   5.9169755442421690e-01	   1.2982905298951783e+00	   1.5443948101988656e+00	   4.0719116912305170e-01	   6.4876952630731488e-01	   9.2853308153024477e-02	   2.4093638406656747e-02	   4.6126962198953581e-01	   5.4579351457941949e-01	   9.4452092937381260e-01	   1.1827040165406288e+00	   7.4339767325482264e-01	   7.7885055193220054e-01	   5.3882018760247075e-01	   5.7259271562692859e-01	   3.9910223775300685e-01	   5.2328104585346413e-01	   5.1265591478987904e-01	   4.5717640452783487e-01	   4.8946842863728568e-01	   5.1933545652345281e-01	   4.0690048082657265e-01	   3.5854271709332114e-01	   3.4472705457757080e-01	   2.8587189531673535e-01	   4.0865918594975820e-01	   3.5542725556820198e-01	   2.4047090662417331e-01	   1.4779409562001269e-01	   4.8692086854840522e-01	   4.8733212779430912e-01	   3.8312314290118843e-01	   3.0520284969800793e-01	   5.2661498831342146e-01	   5.1808903389391503e-01	   3.9112537051330087e-01	   2.8987200322604911e-01	   5.6903576888162211e-01	   5.7348827459561114e-01	   6.3738074527781285e-01	   7.4755812846723646e-01	   2.2848894163315467e-01	   3.3341214723604962e-01	   7.0739958366753530e-01	   9.6463500209187625e-01	   8.1404803405521942e-01	   8.2154824710234819e-01	   3.4988553260402150e-01	   4.8604945536652655e-01	   7.6168325841068507e-01	   8.1117428753168841e-01	   4.7106547088035211e-01	   6.4837916963437192e-01	   3.9086524959219732e-01	   5.9785469900148491e-01	   4.3378876455715221e-01	   4.8022227778476279e-01	   5.4241562404173960e-01	   5.1346229357096795e-01	   5.4909440824674494e-01	   5.1120362965794219e-01	   5.2542917396689770e-01	   4.2322557726074878e-01	   8.7472288101426665e-01	   7.4446120604476984e-01	   6.8204638291113062e-01	   7.4024313049455415e-01	   8.4096329426129546e-01	   6.1294987883410246e-01	   3.6211554336456614e-01	   2.0439816975094824e-01	   2.7744376365264378e-01	   3.8718611913554846e-01	  -1.2390671731017393e-02	   1.0588622034129271e-01	   3.5330078543001109e-01	   1.0520101836416670e-01	   2.8330777958227432e-01	   1.8427973122871050e-01	   2.5910686414546236e-01	   3.2561262680410091e-01	   3.1982920487475064e-01	   3.9390623139976427e-01	   5.6525328893414391e-02	  -7.4704306644583301e-02	   2.5942844797450731e-01	   4.3665253320433767e-01	   4.9513231770009786e-03	  -2.1101852893583439e-01	   3.7308167980170565e-01	   3.4697175576387862e-01	   2.9204885631631028e-01	   2.1237096402408137e-01	  -1.6715112479682692e-01	  -3.4931613252027094e-01	
   3.3914707950689482e-01	   2.5940919787523709e-01	   3.5333526520660585e-01	   1.8564832553132429e-01	   0.0000000000000000e+00	   6.7459468071829443e-01	   3.7367113421067316e-01	   3.5623958379962717e-01	   2.2697870499896089e-01	  -1.6129570124434905e-01	   4.7635661021753162e-01	   4.1548334164843875e-01	   5.2267177228768813e-01	   4.3054725214104667e-01	   3.3914264942515904e-01	   2.3416888272647413e-01	   2.1170883149242450e-01	   1.9484438600851101e-01	   3.6745966994215440e-01	   2.5486945224321822e-01	   6.5410781304039367e-01	   6.3878877631079778e-01	   1.4846256856400214e-01	   2.1810839938350503e-02	   8.5260247463691219e-01	   5.1999165274210180e-01	   1.3329331959901345e+00	   1.3545941403995696e+00	   1.4800851203139681e-01	   3.8582697241147039e-02	   2.7461307781586369e-01	   1.0279907098826686e-01	   2.5472480393024055e-01	   2.0936924698613002e-01	   2.4229845877526765e-01	   2.4216206522099859e-01	   4.4465398924561160e-02	  -8.4626583124557814e-02	   1.2554757511823289e-01	   1.3288026553035254e-01	   2.6454865301652086e-01	   1.1200180141754959e-02	   3.3321417731499531e-01	   2.7092619316976091e-01	   1.5700785683736110e-01	   1.6897884809115138e-01	   2.8683594538329155e-01	   2.6100544143634935e-01	   2.8296295095622970e-01	   3.0139340243699964e-01	   3.6450656529983799e-01	   3.7768627726920118e-01	   3.4494151916325266e-01	   4.7637878904653103e-01	   2.3790772491775578e-01	   1.1529918503626441e-01	   9.1630766114778134e-02	   3.1615588844880076e-02	   1.9994211845331547e-01	   1.9863384870295817e-01	   3.0658573026849956e-01	   1.4862759248497556e-01	   4.6429503734119866e-02	   1.9957777503367796e-01	   2.7976565153104449e-01	   3.9830008947952822e-01	   3.1204305114461828e-01	   3.8010459151966880e-01	   1.8340230674109959e-01	   1.9995588950762599e-01	   4.6400770176033351e-01	   3.8564697790624519e-01	   5.7084046353764328e-01	   2.8945416661770396e-01	   7.5255934331179053e-01	   3.7983724813252073e-01	   1.0330253879873985e-01	   1.2235489251632453e-01	   1.3331286353800970e-01	   1.2903281042398812e-01	   1.1847296024568872e-01	   1.6404604894493080e-01	  -5.6570425912214395e-02	  -1.6011028076979639e-01	   1.9755018069207475e-01	   4.1580468215764810e-01	  -4.6950133268602229e-02	   2.3742674129078541e-02	   2.4788024777099699e-01	   2.9796428938279396e-01	   2.8149974498807739e-01	   3.3093130395087594e-01	   2.0185209491624040e-01	   4.7754006076433825e-01	   1.1372033350400462e-01	  -1.6757787738536650e-01	   9.8513176793989632e-02	   3.8666861423002095e-02	   1.3157187114994934e-01	   8.4579799219333215e-02	   2.1944435796300171e-01	   3.6734431492089326e-01	   2.0478599773336675e-01	   2.3645677478010663e-01	   2.2114621603547911e-02	   1.0788273609772850e-01	  -3.3130745856141050e-02	   5.1901588130072424e-02	   1.6595631547504520e-03	   1.0394301703826452e-01	  -1.3607184312078929e-01	   1.3820877398810180e-01	   1.6107264075966024e-01	   1.0253203544018261e-01	  -4.5780441562948401e-02	  -3.8868236498238388e-02	
   3.7448674302175194e-01	   2.4128975313032408e-01	   6.7039433396959047e-01	   7.5184181476223622e-01	   6.7459468071829443e-01	   0.0000000000000000e+00	   5.6705910976136009e-01	   6.0608242675083090e-01	   9.4706850407834642e-01	   6.6025273612531965e-01	   3.0702761890715285e-01	   4.7361241242333019e-01	   7.4985226669448846e-01	   5.8236814995340891e-01	   8.6851582604758937e-01	   5.6662978731066338e-01	   2.9850394703823696e-01	   2.2129512601343401e-01	   4.6011169464298263e-01	   3.0999230946026013e-01	   6.4807443857869007e-01	   6.7273862166342369e-01	   6.3101898636322573e-01	   6.5336783671279641e-01	   7.1183937468885783e-01	   9.9363546105158662e-01	   5.5047342303681535e-01	   5.1388578277880925e-01	   3.5750605907130822e-01	   3.4020295329454903e-01	   5.6204682564288111e-01	   5.4307700452034968e-01	   4.5936247164073923e-01	   4.3965238326724099e-01	   4.0483203601227019e-01	   4.3050279326288438e-01	   3.2179863787393331e-01	   2.7635914355435487e-01	   3.6682007438311476e-01	   2.6594731447074382e-01	   6.3745000118251649e-01	   3.7103315715415480e-01	   3.0721960886006472e-01	   2.7552944287378672e-01	   3.0121897091620714e-01	   2.9246734643447214e-01	   3.0289245983358071e-01	   2.5111101688716275e-01	   2.2662521284269399e-01	   2.1943743026045029e-01	   3.2382821468977196e-01	   3.2962314524521913e-01	   2.9365352793207367e-01	   2.9258656660629795e-01	   3.6559607709933145e-01	   3.1548905556114165e-01	   2.5108781092779242e-01	   1.4865919622604323e-01	   3.6144090428811121e-01	   3.5274851783437328e-01	   4.5364504482096363e-01	   4.7680837069996063e-01	   1.1602780388620540e-01	   2.2187547612931197e-01	   4.5567037413021416e-01	   6.0960383755510039e-01	   5.1744476719860866e-01	   5.1887706527195343e-01	   3.6439255551078492e-01	   4.3812115642599819e-01	   5.2179916446281194e-01	   4.4291819490134221e-01	   4.9401087656789289e-01	   4.7609948328504725e-01	   4.6500264222739618e-01	   4.3319086259018685e-01	   1.3411925664574731e-01	   1.3571758688796379e-01	   3.6011113346341178e-01	   3.1386558766067935e-01	   3.8727627544839011e-01	   3.0508492563451212e-01	   3.5829501209544379e-01	   2.3624470370078771e-01	   5.0110475358427675e-01	   3.9179646601987916e-01	   4.0029706079462962e-01	   4.6652367229459335e-01	   6.0063772261594695e-01	   4.3546053192861234e-01	   3.4011692218414846e-01	   3.2611873604719810e-01	   3.1907743500634866e-01	   6.2270601772455225e-01	   1.2867371447691428e-01	   2.1614879787689725e-01	   3.7527018089696018e-01	   1.1229039242068579e-01	   2.2052920812321836e-01	   2.1718320790990131e-01	   3.1013158865877871e-01	   4.8938211827666994e-01	   3.1600545566683003e-01	   4.6560534358191091e-01	   1.4570576330463639e-01	   1.2872360021344584e-01	   1.5384235621631875e-01	   4.2164758927823764e-01	   1.4279218551309458e-01	  -1.4655737121163470e-01	   3.0212251272686103e-01	   2.1831311713358315e-01	   2.3990656732920879e-01	   2.6077584134454035e-01	   6.4060803214697037e-02	  -8.6254563643374568e-02	
   8.0647347479130649e-01	   4.0569534513324074e-01	   1.3759234477536051e+00	   8.9880237378706673e-01	   3.7367113421067316e-01	   5.6705910976136009e-01	   0.0000000000000000e+00	   1.3401436174662251e+00	   8.4234159688757215e-01	   5.4632362076487662e-01	   5.6161476808913990e-01	   9.0824438607041191e-01	   1.1201845764198086e+00	   9.4378442989706091e-01	   7.3634225293512678e-01	   8.6904614559444648e-01	   4.9445279300553269e-01	   3.4846790598775174e-01	   8.1811622052213062e-01	   4.1831963755493695e-01	   6.8536167369045720e-01	   6.0681212297039855e-01	   6.1699543605469453e-01	   6.1745012512101050e-01	   2.4150551790014230e-01	   3.3536138338967991e-01	   1.6833519951633036e-01	   1.5688993421605141e-01	   7.5680242904407957e-01	   5.8384575105734449e-01	   9.6557268652869577e-01	   8.0202919180707033e-01	   8.5937353191399624e-01	   8.0584492003995534e-01	   3.3715340857285037e-01	   3.4488274930926116e-01	   1.2447015581200885e-01	   2.0155964941535112e-01	   2.7740068612817076e-01	   2.6226861129766565e-01	   4.6637684901522863e-01	   3.2629873281537769e-01	   4.2539790931521620e-01	   3.7327170672837978e-01	   4.3220087267104845e-01	   3.3712005497499120e-01	   4.2153631061917485e-01	   2.8327510677277890e-01	   3.4666031728103164e-01	   1.9047749087133151e-01	   4.9320319101445165e-01	   4.3747067753246788e-01	   4.4455326037735771e-01	   3.2271141616654259e-01	   4.6277508083322605e-01	   3.4393099390224074e-01	   3.6636853321881957e-01	   2.0476898642334465e-01	   7.1291708454543945e-01	   5.5096972425355173e-01	   1.1016217506809900e+00	   7.3387597749592282e-01	   4.9414173501913417e-01	   5.4429880655998830e-01	   3.9241937899591495e-01	   5.0679436072782491e-01	   9.5713804317856832e-01	   7.7573110791213129e-01	   3.5273394314351569e-01	   4.1579218562326048e-01	   9.1044406563866920e-01	   8.1373432023761005e-01	   6.6124787869720703e-01	   5.6370407455489913e-01	   6.0047860846301848e-01	   6.1473266055649589e-01	   5.0959525704432052e-01	   4.9027455575571510e-01	   4.4333901790399721e-01	   4.2436822659807966e-01	   5.4404252660559016e-01	   5.5370524815550382e-01	   4.5811010188397611e-01	   3.1456397979924411e-01	   7.6466898532687655e-01	   8.1454000260813830e-01	   2.5779374748836487e-01	   3.9197661078131396e-01	   6.2135204745357053e-01	   5.2320206940810288e-01	   3.8442447763187165e-01	   2.8183026924644072e-01	   1.9330552643470800e-01	   5.0576198598446731e-01	  -1.6380869994915156e-01	  -8.1850759633229214e-02	   1.7124059257986246e-01	   8.6116632252222075e-02	   3.0776349036709938e-01	   2.4650977548712161e-01	   3.8606782470165907e-01	   6.5921522494944262e-01	   3.5941024957859130e-01	   5.5449644626037398e-01	   8.7379450486442228e-03	  -3.0568089421658985e-03	   1.1795348706423059e-01	   2.1863030889712204e-01	  -1.1156841405602816e-01	  -1.8090794025674301e-01	   9.6166749679158961e-02	   2.5627308520972547e-01	   3.5526457910697695e-01	   2.1764776069287090e-01	  -3.1385970173381800e-01	  -2.2072949906615200e-01	
   7.8483426690031266e-01	   5.2157408872665167e-01	   1.2186175578874039e+00	   1.1688116790751411e+00	   3.5623958379962717e-01	   6.0608242675083090e-01	   1.3401436174662251e+00	   0.0000000000000000e+00	   6.9331243338894377e-01	   5.9775655088636448e-01	   4.0534860835246356e-01	   1.2482691204902234e+00	   9.3459493361790080e-01	   1.2661694131564316e+00	   6.8467651698306198e-01	   9.2521037882421719e-01	   4.5549947481901443e-01	   3.8593227378667561e-01	   8.8394802175696807e-01	   5.8200772050874638e-01	   7.3312371105457796e-01	   7.5419391264627045e-01	   6.9325360631978550e-01	   7.2305289343967760e-01	   3.2467612252762185e-01	   3.6695940160874002e-01	   2.5714340427766869e-01	   2.3670070408880128e-01	   6.0678258244264216e-01	   5.9851992196160775e-01	   8.5775213207763812e-01	   8.2695054543974666e-01	   9.8334800825218438e-01	   9.9102091464002051e-01	   3.9852656886559951e-01	   4.8134261034768527e-01	   2.8692838418735928e-01	   3.3498707098744063e-01	   4.1140155947798190e-01	   5.0896106750546877e-01	   5.6766170680369410e-01	   4.5961207370952550e-01	   6.4052014278530023e-01	   6.4205291079160376e-01	   5.7742643682062078e-01	   5.0712845967153342e-01	   6.8960015045924439e-01	   5.8040445736758606e-01	   5.4116028922139225e-01	   4.4984132500727936e-01	   7.6183909195027566e-01	   7.9264526168284632e-01	   6.6113158468312971e-01	   5.0718041786334900e-01	   7.4225429632786244e-01	   6.7453264496142551e-01	   3.4359472133375102e-01	   1.8222086573377241e-01	   8.6315656860460077e-01	   9.3051937107979354e-01	   9.7899321744860002e-01	   1.0004829265940300e+00	   3.7126501998273498e-01	   5.8296344616546736e-01	   4.5183852383351714e-01	   7.7727349558486225e-01	   1.0520465152736624e+00	   1.1236060773781469e+00	   4.4902475726406360e-01	   5.6524135440002876e-01	   8.7745363965991707e-01	   9.4476933709155109e-01	   5.8718267961504467e-01	   5.5074728177447441e-01	   6.1983556019102126e-01	   6.5653501213771359e-01	   6.1453322437984126e-01	   6.6307533436081090e-01	   4.9540646166912056e-01	   5.0846332893328217e-01	   5.6581923655102095e-01	   5.6348785930705603e-01	   4.7400248345973095e-01	   3.6474725464564250e-01	   7.9997352819517797e-01	   9.5989698114600808e-01	   3.8440352216820983e-01	   4.7708055589789544e-01	   8.3182948793799216e-01	   8.3425337836627711e-01	   6.2506271547514924e-01	   4.5634551533370354e-01	   4.0847854506464720e-01	   6.0335771454106724e-01	  -2.9113173021816898e-02	   3.2560950828488806e-03	   3.5491463775255000e-01	   2.8767013589134932e-01	   5.2201104670894516e-01	   4.0680794497706874e-01	   5.4623394408687798e-01	   6.8131380847780354e-01	   5.5125747046532214e-01	   6.4880069556931064e-01	   1.5828595216321667e-01	   4.5646154482543957e-02	   2.9640454070952127e-01	   3.9533086715228849e-01	  -9.9420181942855540e-02	   4.1911728248196098e-02	   2.7033000542246705e-01	   4.9418837877797178e-01	   4.8161054865436109e-01	   2.9300306875573501e-01	  -2.6624994807908209e-01	  -3.4375691087012605e-01	
   5.4656949962467993e-01	   3.3346354784068077e-01	   8.7051342911009622e-01	   9.4100288356856665e-01	   2.2697870499896089e-01	   9.4706850407834642e-01	   8.4234159688757215e-01	   6.9331243338894377e-01	   0.0000000000000000e+00	   1.2206079262289360e+00	   3.7750598336444424e-01	   5.4156626348860093e-01	   9.0142950956170531e-01	   5.8818478770389970e-01	   1.0263552059500596e+00	   7.2625225493137646e-01	   3.1773239215611288e-01	   2.2787637769016700e-01	   5.2050180702000481e-01	   3.1810226757893700e-01	   4.6859967700537752e-01	   4.0307676801008446e-01	   8.0820634077740006e-01	   8.8766474866844891e-01	   2.1961054006539968e-01	   5.1971329374691089e-01	   1.5831218828303048e-03	  -5.1875493439484437e-02	   5.5037441443799673e-01	   5.1921448098885004e-01	   6.8311609739611046e-01	   6.9386063095971007e-01	   5.0111997689481358e-01	   4.9906381084913842e-01	   2.7982460673963411e-01	   2.5485027649669167e-01	   2.7577972327409400e-01	   3.0612808850083084e-01	   3.1213110722634757e-01	   1.5999353318523346e-01	   6.0904936296225032e-01	   3.9693533685891524e-01	   1.5490763036211741e-01	   1.4847894837776093e-01	   2.9842617603702876e-01	   3.0970772988664369e-01	   1.9911739868746600e-01	   1.4065174154003474e-01	   1.7188144342578476e-01	   1.4237790446193144e-01	   2.6748782546587091e-01	   2.7109723707621314e-01	   2.5831143841486193e-01	   2.3371624176697803e-01	   3.1157612893940279e-01	   2.9917054052419573e-01	   3.6132901583656152e-01	   2.6569444189923691e-01	   4.8987538675834852e-01	   3.8678081295457789e-01	   6.2112767148016668e-01	   5.7001068045833736e-01	   2.9445954313283557e-01	   3.3259522516600709e-01	   4.1771472306367852e-01	   4.6516581592754153e-01	   5.6939538985607752e-01	   4.7360027304673985e-01	   3.4712959201918409e-01	   4.3251240850166672e-01	   5.9423529955963317e-01	   4.6577911382039433e-01	   4.3999706080350487e-01	   4.9612888374235042e-01	   2.8702730352335598e-01	   3.9691536016154072e-01	   2.5809682775458859e-01	   2.4408879988547738e-01	   3.8095735370171308e-01	   3.5451209198695716e-01	   5.0461359849108711e-01	   4.5205855439121234e-01	   6.0803639880687488e-01	   4.7786722033768458e-01	   6.8450131449406049e-01	   4.3868103653596563e-01	   5.8962752457511203e-01	   5.3879240895795855e-01	   5.9314589804548690e-01	   4.4212419776099110e-01	   2.5919685284702332e-01	   2.6513700719111954e-01	   1.9805853331438109e-01	   5.6466874215671092e-01	  -7.5037504758528994e-02	   1.8283484440841863e-01	   2.7943629720226915e-01	   5.8341842947661884e-02	   1.9921184094639544e-01	   2.1334363474648324e-01	   3.1106798422917648e-01	   5.2767523711600783e-01	   3.0513388104389055e-01	   5.1837076458829878e-01	   1.1805812348472811e-01	   1.3651324120534392e-01	   1.3441511537595074e-01	   3.7273661838173350e-01	   7.6764256007573931e-02	  -3.9030380331941605e-01	   3.3543302525706009e-01	   1.7301704502357429e-01	   2.7298959275526835e-01	   3.1053818920177284e-01	  -2.0265787795584876e-02	  -1.5405217098274002e-01	
   3.4184914227810276e-01	   1.9251722237392041e-01	   6.1284071316786415e-01	   8.9710320000305843e-01	  -1.6129570124434905e-01	   6.6025273612531965e-01	   5.4632362076487662e-01	   5.9775655088636448e-01	   1.2206079262289360e+00	   0.0000000000000000e+00	   8.0522137612612593e-02	   4.0186756209971841e-01	   4.7142667739745447e-01	   4.1323632058460091e-01	   7.0572816571349928e-01	   6.5261987830269008e-01	   2.1810287131425299e-01	   1.4337659047876261e-01	   4.2983029544595297e-01	   3.2745846971290388e-01	   2.3464630298669209e-01	   2.5138980256586396e-01	   6.7434897754160106e-01	   8.9549005852390007e-01	   1.2369052059311185e-02	   3.4960402274049729e-01	  -2.6034522621891759e-01	  -3.1825862602143734e-01	   4.0220895311348620e-01	   4.9725042252096918e-01	   4.3646546642277323e-01	   5.7106255589636912e-01	   4.5302623120818930e-01	   4.7619534169097810e-01	   2.7028024233547243e-01	   2.9782708539174724e-01	   3.1631307023270533e-01	   3.9493532356138089e-01	   3.2877570643065523e-01	   2.5374075595403578e-01	   5.0612592449685068e-01	   4.5964019560853442e-01	   1.7117341932460425e-01	   1.7269085935187731e-01	   3.3103859292321619e-01	   2.9893933180860677e-01	   2.2974886160206454e-01	   1.8016825682456830e-01	   1.7866489485166695e-01	   1.5926451164305666e-01	   2.7176121764573780e-01	   2.6815675985239834e-01	   2.7061079365821900e-01	   1.6646376995262524e-01	   3.6159353842616682e-01	   3.9525072630146524e-01	   2.5685385163629365e-01	   1.9881598126823138e-01	   4.7772145304066305e-01	   4.7495288487332787e-01	   4.6775093309834403e-01	   6.2509825516122863e-01	   2.4798518692819438e-01	   2.6526085800589783e-01	   3.7340295878637464e-01	   4.5670481068940899e-01	   5.4406465688109518e-01	   4.7699753533575573e-01	   3.9756950754566256e-01	   5.0966129022303530e-01	   3.1395065969856073e-01	   3.0652422638694810e-01	   1.2873129783912840e-01	   2.8483752049428646e-01	   1.3588858837605182e-02	   1.6987172332485623e-01	   2.1667172541642621e-01	   2.3585760728440708e-01	   3.2908789377193920e-01	   3.2418524454303205e-01	   4.7194843309559081e-01	   3.5641913112935536e-01	   6.8723457002574084e-01	   5.9644525422638672e-01	   6.0731692859124142e-01	   3.1131884519444181e-01	   6.3294973799227372e-01	   5.7841724971422537e-01	   5.6791947017544331e-01	   4.4964736850344733e-01	   3.5406371900343842e-01	   2.8354414448509474e-01	   3.3594579416792170e-01	   4.2962603299025420e-01	  -5.6837197364410619e-02	   3.0140874424421760e-01	   3.2236990374314772e-01	   8.4797893625437673e-02	   2.7195675845699646e-01	   2.7902003816571236e-01	   3.5160856911904381e-01	   3.7786442297874800e-01	   3.8776995327385616e-01	   4.8424278778651147e-01	   2.5599616858125462e-01	   1.3098143822596139e-01	   3.3084602315994560e-01	   5.5732073182118358e-01	   4.4234262779600811e-02	  -3.1598780187981523e-01	   4.7379812220596662e-01	   2.3650997536877288e-01	   2.3301100081036324e-01	   2.5409040462956184e-01	   8.7356214348468869e-04	  -2.1098371330066878e-01	
   6.4253368395773258e-01	   5.6937170718717089e-01	   3.7104096682774340e-01	   2.4354557121694045e-01	   4.7635661021753162e-01	   3.0702761890715285e-01	   5.6161476808913990e-01	   4.0534860835246356e-01	   3.7750598336444424e-01	   8.0522137612612593e-02	   0.0000000000000000e+00	   7.7315664316143629e-01	   8.7781764538245466e-01	   7.1690463354255052e-01	   4.2801903834668603e-01	   4.6459050145965464e-01	   7.1858543569412348e-01	   6.3657678396231454e-01	   4.3842250444109737e-01	   2.2662045370670203e-01	   5.3624844664131710e-01	   3.9737580295951458e-01	   2.1380574499356561e-01	   1.4814186320423195e-01	   2.5949189816204860e-01	   3.1970372985270690e-01	   2.2785110787381790e-01	   2.6181987385427552e-01	   7.1194899375789167e-01	   5.1875563991170082e-01	   6.4731264454179316e-01	   4.5603413757331307e-01	   4.4869677152657250e-01	   4.2033272742724714e-01	   3.0632021399376874e-02	  -5.2682164261780927e-02	   1.1418516396884007e-01	   1.3601519326755374e-01	   2.2771213273902768e-01	   1.8728542421170813e-01	   3.5841603467476901e-01	   1.8650336715779450e-01	   2.7685428979425253e-01	   2.7770027976653772e-01	   2.2619293224207332e-01	   2.5207988210926302e-01	   3.3881837926676095e-01	   2.8788477419249409e-01	   3.3565887580317100e-01	   2.1070552938827525e-01	   3.7064193314135419e-01	   3.4883240243047053e-01	   3.0467721280333260e-01	   3.7898836215644682e-01	   3.3891991413681777e-01	   1.8775708922614553e-01	   4.7060774049873422e-01	   3.8758706789886566e-01	   3.0394146318614867e-01	   1.8405517258438037e-01	   4.3099486843796886e-01	   3.3406714281181171e-01	   5.7100082671111263e-01	   5.5567391267762312e-01	   1.1849842928837856e-01	   1.4968394013951633e-01	   3.0971616480667974e-01	   2.3668418697464957e-01	   2.3468533784559703e-01	   1.4624230406021962e-01	   6.3478665538853818e-01	   4.6988966479577821e-01	   7.8115690518151004e-01	   5.6798100999428902e-01	   7.2907518566366425e-01	   5.9042015298722494e-01	   3.8098298761809507e-01	   3.3231718714917785e-01	   5.3639207800465349e-01	   5.7167973021574370e-01	   5.3536186869597280e-01	   6.5102957486674662e-01	   3.3441979849207565e-01	   2.2678701321811684e-01	   4.9071997130105738e-01	   5.2305661660134461e-01	   1.3424689867606490e-01	   2.6202942379003291e-01	   2.8616199040751500e-01	   2.6022890615000865e-01	   1.0209658909650157e-01	  -1.4853426023455078e-02	  -1.3419640629300567e-01	   2.3359492121752723e-01	  -3.2167674470351620e-01	  -3.8614416793928613e-01	   2.5883087768831067e-02	  -4.9885037928986256e-02	   2.0292052594544030e-01	   1.5185111294237766e-01	   7.3912635653588549e-02	   3.2723394714841647e-01	  -1.5050491277844216e-02	   1.5817067733410420e-01	  -1.9089966262729252e-01	  -1.8503604122206074e-01	  -8.3809652335881377e-02	  -1.5459188879049299e-01	  -2.3716427122887257e-01	  -3.6226598005576499e-01	  -6.0108572834619969e-02	   5.8269077047046682e-02	   1.9328090638063142e-01	   1.2961348675211515e-01	  -3.4497234087760870e-01	  -1.4745700035166157e-01	
   9.7292929271225548e-01	   6.6070076330992711e-01	   7.3468590570210246e-01	   6.7628976183848710e-01	   4.1548334164843875e-01	   4.7361241242333019e-01	   9.0824438607041191e-01	   1.2482691204902234e+00	   5.4156626348860093e-01	   4.0186756209971841e-01	   7.7315664316143629e-01	   0.0000000000000000e+00	   8.9313779333871524e-01	   1.2751667990632247e+00	   6.1285548417864477e-01	   8.1399628720860961e-01	   6.4442563602252545e-01	   5.6403275272491782e-01	   9.0777171208371898e-01	   6.2044360474942772e-01	   7.0791138241698437e-01	   7.6368151204527657e-01	   3.9126384389449381e-01	   3.8071681813668995e-01	   2.6898010229264152e-01	   2.5048651109308573e-01	   2.8168432224578138e-01	   2.9548723504460139e-01	   7.2252135502415660e-01	   6.8851941533944594e-01	   6.8430627495578944e-01	   5.7115985294086680e-01	   8.5165014397247774e-01	   8.7235491826492773e-01	   1.8219808637699592e-01	   2.3407532564261357e-01	   3.1768832403076075e-01	   3.4406577897731505e-01	   4.3873215190857490e-01	   5.4073453586887066e-01	   5.9802900590253993e-01	   4.5643891013283555e-01	   6.0088578547334137e-01	   6.3095402108865972e-01	   4.6202511846908684e-01	   4.3517506435320258e-01	   6.7753671841267837e-01	   6.0064144506438488e-01	   5.4749142929193684e-01	   5.0726323779423010e-01	   7.6058502410513995e-01	   8.0723362655347164e-01	   6.5812250055632593e-01	   5.7281438469580848e-01	   7.3445655056148473e-01	   6.0828582437242296e-01	   4.3542675184155533e-01	   2.4847402946432887e-01	   8.3552614691052984e-01	   9.5163877593584090e-01	   8.9817389854482332e-01	   1.0018832061171741e+00	   5.0678911792059989e-01	   7.9182097625774772e-01	   2.6206787684075084e-01	   5.5407497526259941e-01	   7.9124615846255830e-01	   8.5251760865362769e-01	   4.9795093250288697e-01	   5.1571695249678673e-01	   8.4954214952646689e-01	   8.5116393847730221e-01	   6.6896878919319780e-01	   5.6676752155324872e-01	   6.7357502579791284e-01	   6.8111013432956036e-01	   6.4649768483879722e-01	   6.6942676256177891e-01	   5.8902652100512276e-01	   6.4049785038398055e-01	   6.6968383117994357e-01	   7.1905206827481094e-01	   4.3920378316548048e-01	   3.6663911436213231e-01	   6.9763903191311549e-01	   8.9703050657713235e-01	   2.7841610169977593e-01	   3.7428797840674544e-01	   6.9753418015997770e-01	   7.9622267444487393e-01	   5.9974607303915728e-01	   4.5004000515639625e-01	   3.4469097956824118e-01	   6.3321098841848877e-01	  -3.0276642641432990e-02	  -3.9147846056155962e-02	   3.5261437691820774e-01	   3.1278502470856140e-01	   6.0019911828237948e-01	   5.3018449214900454e-01	   5.9034143413588047e-01	   7.9529780697615104e-01	   5.2009767453172029e-01	   6.4633368924308587e-01	   1.8888478682126889e-01	   3.7193503877319622e-02	   3.1037507060017494e-01	   3.1753827693348557e-01	  -1.0452246429350394e-01	   8.3798212685424353e-02	   2.3153401749371061e-01	   4.6947845291645601e-01	   5.0618278428671659e-01	   3.2206839689821737e-01	  -2.3586718669310108e-01	  -2.2477985346103155e-01	
   7.7819927217799933e-01	   4.4565672535980272e-01	   1.0892964560125062e+00	   8.1508891116167137e-01	   5.2267177228768813e-01	   7.4985226669448846e-01	   1.1201845764198086e+00	   9.3459493361790080e-01	   9.0142950956170531e-01	   4.7142667739745447e-01	   8.7781764538245466e-01	   8.9313779333871524e-01	   0.0000000000000000e+00	   1.1700512016432014e+00	   9.4134119711310538e-01	   7.1435396076830759e-01	   4.5953588090307884e-01	   3.6409195739633921e-01	   5.4806899062146375e-01	   2.0539284685241546e-01	   6.3701043947632230e-01	   5.1207067604843493e-01	   7.7338839825602124e-01	   6.7819059534762682e-01	   4.5792279748935638e-01	   5.6666192584265429e-01	   2.8992091510173673e-01	   2.5413878519667266e-01	   6.7905262049214710e-01	   5.0325707501710903e-01	   9.9712192628830920e-01	   8.8517360279038504e-01	   6.2333700634730793e-01	   5.6378339561449631e-01	   2.7617520715776811e-01	   2.0096442120813407e-01	   2.7324735422254837e-01	   2.5799052470436240e-01	   4.0614112562520921e-01	   2.7389736555978211e-01	   6.0798892281670847e-01	   3.0725737696980243e-01	   3.7957335409339549e-01	   3.8133338105206493e-01	   3.2094307973516223e-01	   3.2283205999096198e-01	   3.5716573446491701e-01	   2.9704482428445139e-01	   3.1021281053832117e-01	   2.2712012383814650e-01	   4.4111672526579138e-01	   4.3943149550774224e-01	   3.2003928269121223e-01	   3.1640196001807758e-01	   4.6956587603904643e-01	   3.5454101190005111e-01	   4.1661059245925025e-01	   2.4299925657921673e-01	   5.6541751374645477e-01	   3.9569431140628541e-01	   7.4431039690347045e-01	   5.5958273446205453e-01	   3.1065063303755075e-01	   3.6649958814810701e-01	   4.3094186730049078e-01	   4.9163738395769446e-01	   5.6513645197159168e-01	   4.6387360854561899e-01	   2.7017519304688919e-01	   2.4523980626074032e-01	   7.9941049877632120e-01	   6.0092350820800822e-01	   7.8421698232015613e-01	   6.7178715627843133e-01	   6.9783062527260764e-01	   7.3160858678079954e-01	   4.0085938677236199e-01	   3.2344099967675072e-01	   5.2714744856647222e-01	   4.8193237443135162e-01	   4.9296401601187573e-01	   5.3465657382804532e-01	   4.2104086729147316e-01	   2.6036754989627758e-01	   6.8274856334783385e-01	   6.2901278827426077e-01	   4.3119799661323127e-01	   4.5597457735034491e-01	   6.4083307145101021e-01	   4.5021235390706593e-01	   2.0066480024265690e-01	   1.2070827400880658e-01	   9.7198245798722216e-03	   4.2990172394327264e-01	  -9.8334062172055370e-02	  -7.0336488620714885e-02	   2.1567382061286203e-01	   1.2788568406716266e-01	   1.9383676278907966e-01	   1.8825702693447779e-01	   1.8547560430019461e-01	   5.1066424910524577e-01	   1.5629997976111754e-01	   3.8132219179175536e-01	  -9.7355542718366814e-02	  -6.2299356292866828e-02	   1.9528360164112343e-02	   1.7082807946401646e-01	   2.6968572573056505e-02	  -1.8056405370228829e-01	   1.4892783352168781e-01	   1.8013924488657068e-01	   2.8611793117717876e-01	   2.5637478960907695e-01	  -1.3389000757028813e-01	  -1.3039957232430407e-01	
