   0.0000000000000000e+00	   1.0099730629664210e+00	   6.8893992235994750e-01	   5.2976303881603837e-01	   4.6957995767652672e-01	   7.3390885194072353e-01	   5.7371264278997391e-01	   4.8306981695457485e-01	   3.7106640240167355e-01	   6.2556319303168773e-01	   1.0728171854144595e+00	   5.7129501935036409e-01	   5.1294978803505353e-01	   3.1991829217040324e-01	   7.9110294215729304e-01	   6.3610745297655535e-01	   8.4432728679637159e-01	   6.4676057823974498e-01	   1.2442169633108351e+00	   9.1666907152115973e-01	   5.5122493554070517e-01	   6.0905927413679273e-01	   6.5451161351834530e-01	   4.6636356940403273e-01	   3.7423530947349953e-01	   3.2733945827632210e-01	   5.6542232332800557e-01	   5.5604164443131054e-01	   3.6439220081925994e-01	   4.1933390624600098e-01	   4.6683175055529880e-01	   4.7338855199561625e-01	   7.0216175403461234e-01	   7.1318444892125066e-01	   2.4930694181955365e-01	   2.5555797963343074e-01	   6.1717584526479874e-01	   7.1387970023343295e-01	   4.9818020012952313e-01	   2.4110858969998844e-01	   3.5597663386087069e-01	   4.8751819667880725e-01	   6.4181063382353998e-01	   5.6324637070450723e-01	   3.4169118177627800e-01	   2.5469345472830046e-01	   6.7662768510956706e-01	   6.3790740709157079e-01	   5.9236329396224352e-01	   5.9552189103386610e-01	   8.8705382340250094e-01	   7.7320625753960526e-01	   1.0745395901642258e+00	   9.1927298222083220e-01	   6.9458554666336547e-01	   6.0133319855753620e-01	   1.1616036738122342e+00	   7.6585807239094250e-01	   6.9207457959734398e-01	   5.7205480972676903e-01	   8.6717804422948752e-01	   5.0026816578810218e-01	   8.6649138066944942e-01	   6.0474748545702672e-01	   5.2669303663189893e-01	   4.1586228998246799e-01	   4.5376468492305910e-01	   4.0559659074396515e-01	   6.7214852084011167e-01	   5.3680410924014343e-01	   6.3861583494930518e-01	   6.1460614188415019e-01	   9.1362085280228689e-01	   8.8374109797722056e-01	   9.6677609821545352e-01	   8.8395285517488520e-01	   7.8316315114636648e-01	   7.6849345168357619e-01	   4.6331669669513120e-01	   3.3354773028698126e-01	   6.3933585112931934e-01	   8.7466489018147442e-01	   5.5533400721901960e-01	   4.6970224964796964e-01	   8.9597952989571727e-01	   8.9605208388639090e-01	   4.4580714257040133e-01	   7.2320160333996009e-01	   7.6467329178711696e-01	   9.1426449190889358e-01	   8.1542738479968813e-01	   5.6557274899542032e-01	   5.8098390010759748e-01	   5.4737000155462323e-01	   1.2868940512668819e-01	  -1.2465871328201000e-01	   4.0245187102525226e-01	   3.9404214194458809e-01	   6.8784893250664958e-01	   8.3384214497923725e-01	   4.8298836776000181e-01	   5.9851275721400421e-01	   6.2123781931880462e-01	   7.8523085119285141e-01	   3.7077781216610256e-01	   3.1877280277560632e-01	   3.1890644871701102e-01	   4.3106964009276011e-01	   4.1419299968652407e-01	   5.4308503869130065e-01	   4.3548308994138013e-01	   7.4282882403413375e-01	   6.6524288993780978e-01	   6.2730708489163445e-01	   4.6919719644944569e-01	  -2.3722838246171463e-01	
   1.0099730629664210e+00	   0.0000000000000000e+00	   3.8013736746056220e-01	   3.4097926735949913e-01	   3.3403432768627045e-01	   5.3303406994990099e-01	   3.7613222244205136e-01	   3.5160789704751916e-01	   1.8899221302058283e-01	   3.4435761839284040e-01	   6.3438666509729380e-01	   6.9211024782911323e-01	   3.7204426666118190e-01	   3.4069196915305944e-01	   4.8840545589546680e-01	   5.2460995510436270e-01	   9.0073149394140239e-01	   8.8196289510702541e-01	   8.6005834381134449e-01	   1.0078209019467752e+00	   5.2468958561524004e-01	   5.1524293811124833e-01	   3.6622854993481690e-01	   2.1406741524390996e-01	   2.7382442877552016e-01	   2.6068795990121896e-01	   3.2838717473572138e-01	   2.8990619594378741e-01	   6.4764938100645508e-01	   7.2156495772127049e-01	   4.6376211091184116e-01	   3.9164742379394130e-01	   4.8737781895943877e-01	   6.0299498945094332e-01	   1.5786393321944150e-01	   1.3564919590592517e-01	   4.5749903846078999e-01	   6.3555901671880255e-01	   4.0898644554858082e-01	   3.6959344855701531e-01	   3.8373860952416561e-01	   7.0308868469274255e-01	   4.1358290250949975e-01	   4.5118193943067919e-01	   2.5575501564248893e-01	   2.2295080811721196e-01	   5.1655785693360945e-01	   4.4582359230685442e-01	   5.0559228919901411e-01	   6.3032059099692295e-01	   8.2945111037206343e-01	   7.5583132442370127e-01	   1.1849511956750363e+00	   1.0166063089679540e+00	   5.9285999159443636e-01	   5.2984204476695107e-01	   9.4535154024092571e-01	   1.0337476695637784e+00	   5.4915768043503754e-01	   7.0085859432885356e-01	   6.3222167621755154e-01	   4.6404544989992647e-01	   7.0674927238652607e-01	   7.3340891892817028e-01	   2.7918252511327890e-01	   2.2079352393133928e-01	   2.9031038359939931e-01	   3.0212995951099847e-01	   5.2683440396367676e-01	   5.4399460078172590e-01	   4.9754319723399976e-01	   5.6557347901085731e-01	   9.0513194794435481e-01	   1.0725896663433443e+00	   7.7516592152596830e-01	   9.9209608284054407e-01	   6.9957464406985315e-01	   8.2934104534523145e-01	   5.1174248166519176e-01	   3.5793415381946980e-01	   6.8597597402149835e-01	   8.2532905693228154e-01	   5.8747212252080516e-01	   6.7918713271418119e-01	   6.1702838374238389e-01	   6.6983130144097891e-01	   4.4498028686296343e-01	   5.3771328818600539e-01	   5.0509522018669850e-01	   8.4644554762134172e-01	   6.2790172812697831e-01	   3.9549540725015675e-01	   4.1360280506757841e-01	   3.9934100539889839e-01	   2.2790294421985491e-01	   1.2257792118291350e-01	   5.0544632513870336e-01	   4.5905624075550022e-01	   6.5402773924764634e-01	   7.1941545233266946e-01	   6.9034049659548247e-01	   5.7550843459746592e-01	   7.8592783366138752e-01	   7.3044837059461631e-01	   4.2068988026858750e-01	   3.3400871376980634e-01	   2.8831940332386380e-01	   4.4962835161328329e-01	   4.2103135854309398e-01	   4.4826437274387432e-01	   3.7114083366129663e-01	   5.6559240327787985e-01	   6.9229816143849632e-01	   6.5913636699182310e-01	   2.9792956908625284e-01	  -2.4263636266960759e-01	
   6.8893992235994750e-01	   3.8013736746056220e-01	   0.0000000000000000e+00	   1.1228874589489739e+00	   1.0151377851339198e+00	   1.0012800006835116e+00	   1.1625454258834969e+00	   6.3979689071217627e-01	   7.7350811762435245e-01	   7.7489656137621088e-01	   7.8371449145655780e-01	   3.0509418506016273e-01	   7.5598401396812842e-01	   3.0700928911146980e-01	   8.6353331511859810e-01	   5.9344796691181656e-01	   4.2642949111047890e-01	   1.9863287757215708e-01	   8.4642491319194935e-01	   6.4781443065515321e-01	   7.9356371636379253e-01	   9.8597830629300787e-01	   1.3825821747608236e+00	   1.1634332986207085e+00	   1.1801551327464461e+00	   1.0224182506584090e+00	   1.0467477812854571e+00	   1.0729123691936715e+00	   1.9895569921998041e-03	   5.6012163794483427e-02	   7.5711518045702031e-01	   6.7069233774203063e-01	   1.0638201533256177e+00	   8.0561383705146328e-01	   8.5908463086952236e-01	   8.2429934376605352e-01	   7.2910863110297641e-01	   8.9664228537692126e-01	   8.1682972838242296e-01	   3.7554567110964648e-01	   3.2643351751022603e-01	   2.4535887254511385e-01	   8.1752078382439508e-01	   4.1295049320602428e-01	   5.3224242342638273e-01	   2.9379272048424016e-01	   5.7418414835787146e-01	   5.3013697628167422e-01	   4.5412784300204156e-01	   3.3019670217466029e-01	   5.8277924382678592e-01	   5.0958694576278551e-01	   4.9639592844350655e-01	   4.8776208216872713e-01	   6.6969882611562681e-01	   4.4780002730747059e-01	   4.5641938734731763e-01	   4.1303348416438096e-01	   6.2576988164219149e-01	   4.0252465106529411e-01	   8.3839540594848239e-01	   3.3592366792821343e-01	   5.5082081883618805e-01	   2.1486787711665714e-01	   1.4126166302544654e+00	   8.8942349236971963e-01	   1.0147476892791987e+00	   7.1797186318241868e-01	   7.7945419986507458e-01	   6.1104091768406577e-01	   7.0564128324945852e-01	   6.6618891706998129e-01	   5.9406540119589013e-01	   6.0033255072401137e-01	   8.0663171514599974e-01	   6.5483505367681261e-01	   7.8947745043206208e-01	   6.7608480728135978e-01	   2.5851162992868149e-01	   2.8604401207647173e-01	   4.3884785888071620e-01	   6.8518730650769188e-01	   4.3437118054469831e-01	   3.5949987684287293e-01	   1.1861337482592866e+00	   1.1594032757045107e+00	   5.4780683650442485e-01	   9.8394726470564420e-01	   1.1861129807177415e+00	   8.4436385586886353e-01	   7.1300051206380866e-01	   6.6367466719593415e-01	   7.4220015092188041e-01	   7.9171847245074412e-01	   1.4938441930302443e-01	  -3.4737577546255288e-01	   5.5234098598706527e-01	   1.8522408249103847e-01	   5.7366681726345770e-01	   5.6124622783625921e-01	   3.6750452571764047e-01	   7.4338706129656018e-01	   5.1805376901813616e-01	   6.0570159988727057e-01	   4.6425362921754743e-01	   5.1173858504115355e-01	   2.4102435304751105e-01	   2.3417503092378400e-01	   2.6790274187856655e-01	   5.0390334176731943e-01	   7.1160586557205385e-01	   8.3103003183610258e-01	   6.0610101793450788e-01	   3.4383297523147188e-01	   5.8307456603678587e-01	  -1.7634852796724246e-01	
   5.2976303881603837e-01	   3.4097926735949913e-01	   1.1228874589489739e+00	   0.0000000000000000e+00	   7.7440917465762393e-01	   1.1689426441193937e+00	   1.0804362041817068e+00	   1.2757907205044814e+00	   5.7685840909950448e-01	   9.7203531009209720e-01	   7.1440439210480111e-01	   5.3487215268707489e-01	   7.7556938068297554e-01	   5.8447996064861318e-01	   8.0007942708921165e-01	   8.4114857694791823e-01	   2.1891238907885013e-01	   2.8466293381386364e-02	   6.9552206104516323e-01	   6.8332528780187007e-01	   7.1171975974192858e-01	   9.3701282715102008e-01	   1.0704644588212369e+00	   1.3705401610911818e+00	   8.2285730653065592e-01	   9.6361361471436136e-01	   6.9275182307040861e-01	   7.6744523698067557e-01	   7.9731141455265261e-02	   6.7987446022580098e-02	   8.6399163026345105e-01	   1.0904973603554782e+00	   1.0238588755551128e+00	   1.0553402329635995e+00	   6.3647221462322068e-01	   6.7374342658046482e-01	   5.9158223094374152e-01	   8.5050163982542415e-01	   6.5405330378517934e-01	   4.9930243547875874e-01	   2.5453294980858820e-01	   3.1923652712205169e-01	   7.8639963520134493e-01	   6.1257442828962361e-01	   6.1078529187344099e-01	   4.8876873388669861e-01	   6.5820958538256968e-01	   6.3666270310876882e-01	   4.4787770080345851e-01	   4.8515240383798702e-01	   5.6678404151354467e-01	   6.8471058533953988e-01	   4.6244608296845702e-01	   5.3055582090550768e-01	   5.7889509870703648e-01	   4.7673385354243902e-01	   2.2979931440397994e-01	   1.9913663600502285e-01	   4.6476657912258357e-01	   5.8514102089827524e-01	   7.3796827480040683e-01	   5.8696335447036418e-01	   4.1192905743379910e-01	   1.7552335417346293e-01	   9.5785160642767642e-01	   1.2315310589341668e+00	   8.1792751208599523e-01	   8.3677620862987978e-01	   6.3551381320994227e-01	   5.9796121755663312e-01	   6.0684044503977685e-01	   8.5297993104032710e-01	   5.6399228405527824e-01	   6.1877644160864431e-01	   7.1462517732422359e-01	   6.3534526064003483e-01	   5.9896409220182933e-01	   7.1517535524003983e-01	   1.0761861792539439e-01	   6.5332523100230258e-02	   3.1795893680074278e-01	   5.1031160586703805e-01	   3.7449763675295261e-01	   3.6810949537625592e-01	   8.9294146329959201e-01	   1.1353940084334517e+00	   4.8640691569354644e-01	   9.6064471010257513e-01	   9.0145105484288601e-01	   7.2672529452943602e-01	   6.2309306330704106e-01	   4.3191392927493022e-01	   6.9661716873556723e-01	   4.5571752432207424e-01	   1.7104739654289000e-01	  -2.1114736822263028e-01	   5.5917324846846739e-01	   3.0136695869145513e-01	   4.9453247156272095e-01	   4.5503585431640448e-01	   4.1591358110997539e-01	   5.4280359796764932e-01	   4.2170514720098912e-01	   4.3161039165614096e-01	   5.1410798927982371e-01	   5.0300067817670679e-01	   2.1752389811615810e-01	   3.7930688747216246e-01	   1.7964151275692686e-01	   3.0257402462653166e-01	   5.6304277637653111e-01	   5.9774308612631200e-01	   4.4971009974022164e-01	   2.3897327334424689e-01	   4.7638064101232969e-01	  -1.2857341791922405e-01	
   4.6957995767652672e-01	   3.3403432768627045e-01	   1.0151377851339198e+00	   7.7440917465762393e-01	   0.0000000000000000e+00	   9.8269703090759397e-01	   6.9141506405496422e-01	   4.9489976540877401e-01	   1.4642398431973485e+00	   4.8969393862175092e-01	   4.7316964090891944e-01	   1.9626282944258258e-01	   4.2571046715348693e-01	   1.5044886544884559e-01	   7.7909474330827966e-01	   4.7457592530454273e-01	   3.3199214291510426e-01	   6.2976588107605647e-02	   7.2275244894404789e-01	   6.4778098891244662e-01	   8.9227257843212748e-01	   9.6204446207645977e-01	   9.4916407609424180e-01	   9.4965433423163692e-01	   1.1624007928585791e+00	   1.1024555964215705e+00	   1.2572332483409268e+00	   1.0706874770613126e+00	   6.3274829471724733e-02	   1.2203471909328434e-01	   7.0514826839766798e-01	   6.6265148218673131e-01	   9.4560972254765041e-01	   7.8262117835183376e-01	   9.8526181871759777e-01	   9.6706414139552299e-01	   5.2975943532234782e-01	   8.0697157877839021e-01	   7.4015943476047563e-01	   4.4417136245466737e-01	   2.4701342736079718e-01	   3.1347906490153926e-01	   6.9609346403059758e-01	   3.6278393036712814e-01	   6.1052655306522530e-01	   3.2774891920362770e-01	   5.6263135616528848e-01	   5.4699560836677108e-01	   3.7995422673453694e-01	   2.2822803379732226e-01	   4.7583335282396805e-01	   4.0219566568023990e-01	   4.0406349022828575e-01	   4.4968475844939015e-01	   6.1753708363575865e-01	   4.7359290571763946e-01	   2.9413878829505063e-01	   3.3123759761104793e-01	   3.5850417327939532e-01	   2.3121152844090456e-01	   3.7119728815025621e-01	   4.4271090017706398e-02	   2.6708597576972393e-01	   2.5034339688013718e-02	   8.0898588124219362e-01	   5.7170649547085883e-01	   8.4885914416018105e-01	   6.5639695182090119e-01	   8.4608117295718999e-01	   6.0697671310687873e-01	   5.8144615145757006e-01	   6.0854738823445509e-01	   5.1776167682343721e-01	   5.3237988671600245e-01	   6.5460258022161755e-01	   4.7136915828315562e-01	   6.5729809261567973e-01	   5.5807557409419550e-01	   3.0002276756994967e-01	   2.2228366136685129e-01	   5.4675746073868070e-01	   5.8567622682276710e-01	   3.6456673688326818e-01	   4.7407938405099043e-01	   8.5286431917385519e-01	   8.5244562172055161e-01	   2.6454788900531462e-01	   8.5337454403509405e-01	   6.4411360204255785e-01	   6.3983333545269327e-01	   5.9492590124603262e-01	   5.9595512939050488e-01	   5.9327271840874829e-01	   6.5287316525931094e-01	   1.7741881333272672e-01	  -1.5558923404513142e-01	   7.1129722864738998e-01	   3.2352848530145584e-01	   5.4063432743980910e-01	   5.7519908256892827e-01	   2.7121722318500768e-01	   5.4581759499586746e-01	   4.8466014227981935e-01	   5.2341278251962198e-01	   3.9818721400033247e-01	   5.1974595964518944e-01	   1.4772024822893384e-01	   2.3906230000338419e-01	   3.4559460473955028e-01	   4.0995130466800001e-01	   8.0833866253927422e-01	   8.5484741706800560e-01	   6.5506822398204301e-01	   3.4844414264101864e-01	   4.2799944984289018e-01	  -1.8263440924800353e-01	
   7.3390885194072353e-01	   5.3303406994990099e-01	   1.0012800006835116e+00	   1.1689426441193937e+00	   9.8269703090759397e-01	   0.0000000000000000e+00	   8.7546870525679932e-01	   8.8231504666239124e-01	   6.7026156295165695e-01	   1.3047464834527225e+00	   7.2776762379228277e-01	   5.1112271746120475e-01	   6.4879233610659015e-01	   5.8341773934797903e-01	   8.7319630331785236e-01	   8.1210449454316569e-01	   3.7592391182928880e-01	   1.6315214832307551e-01	   8.3158551575165274e-01	   8.0569253643103911e-01	   8.6313371102100267e-01	   9.7223407200551426e-01	   9.5137359895105378e-01	   1.1082640879511179e+00	   8.7961498980998198e-01	   1.0110678100879218e+00	   8.8508642014405692e-01	   9.4596615092029623e-01	   1.2555428284382128e-01	   1.4838027782823734e-01	   7.2585164901296095e-01	   8.7848801482422734e-01	   1.0147053549222669e+00	   1.0421664373917794e+00	   7.4414720070734464e-01	   7.6397513219421931e-01	   7.7094543012776617e-01	   9.6193548636655246e-01	   8.8316682145007430e-01	   5.8677100173721652e-01	   3.0680081308352836e-01	   3.6420499957243480e-01	   1.1433427652546115e+00	   8.0491272381503254e-01	   8.0426660695698604e-01	   5.7101072430119093e-01	   9.5715184984906476e-01	   9.4541363241926302e-01	   7.5079374047877745e-01	   6.0359385521862141e-01	   8.8847715686824125e-01	   8.6365101680882506e-01	   6.5364375770078320e-01	   7.2166988342864880e-01	   9.2924633676242951e-01	   8.5261231247387692e-01	   4.7672615840716193e-01	   3.7596312637268903e-01	   5.7860258719939273e-01	   5.2774262629733448e-01	   6.9756709802576156e-01	   4.8745351514109370e-01	   3.8473460642328888e-01	   1.0550368250544101e-01	   9.6687523445146395e-01	   1.0454781611709247e+00	   9.1917599277460726e-01	   8.3635393320272988e-01	   9.6775539502071950e-01	   7.6331616206081310e-01	   6.3721774755700733e-01	   7.6798221730009864e-01	   7.6346215466195144e-01	   7.6938706413042024e-01	   9.4023493689080417e-01	   7.7255440326893521e-01	   7.5346435788630717e-01	   7.9604888977285548e-01	   3.1082784976506300e-01	   2.0487490881361839e-01	   5.7526760949038569e-01	   6.9281433929387837e-01	   4.8072487994131885e-01	   4.4214115438716317e-01	   1.1799245873281365e+00	   1.3182008141833144e+00	   6.1676199622285366e-01	   1.1251855940152351e+00	   9.4093477740827081e-01	   8.0871710222973547e-01	   8.4511180674124620e-01	   5.4473359061426763e-01	   7.5777447299757272e-01	   5.2263833189673936e-01	   2.4454084390181149e-01	  -9.3597574485924762e-02	   7.1839316532901731e-01	   5.3676302382481400e-01	   7.4589506527823102e-01	   7.7364591416903605e-01	   4.6429614192144048e-01	   6.1197875036078064e-01	   5.3940123847043342e-01	   5.4728866774289109e-01	   5.0449578763653136e-01	   5.2058475959785677e-01	   3.2364737419821865e-01	   4.8099460554684148e-01	   3.6087937833099437e-01	   4.3235480845057711e-01	   7.4236466570030324e-01	   8.4280956712397870e-01	   5.9351504247388220e-01	   4.1900060149733243e-01	   5.2157256328976764e-01	  -3.6533393499126132e-01	
   5.7371264278997391e-01	   3.7613222244205136e-01	   1.1625454258834969e+00	   1.0804362041817068e+00	   6.9141506405496422e-01	   8.7546870525679932e-01	   0.0000000000000000e+00	   1.0644302776792454e+00	   5.3236057403823800e-01	   7.7625283072708073e-01	   9.2640905878709423e-01	   6.4056905492517191e-01	   1.0183259654571386e+00	   4.8341512490643879e-01	   8.4379039534458600e-01	   8.3415984411726030e-01	   3.2444612052626975e-01	   2.2546402642261809e-01	   6.6202705590153854e-01	   6.5928552443004629e-01	   6.0703084545766550e-01	   7.0375997956458736e-01	   9.0057989982439512e-01	   8.5093115267692410e-01	   5.9236236229539285e-01	   6.1653125355821703e-01	   5.0816923204713604e-01	   5.6022635877167826e-01	   2.2266596100004230e-01	   2.8204135563054233e-01	   8.1176480019559882e-01	   7.5254557709178127e-01	   9.0736958341127583e-01	   8.7242627195773281e-01	   5.0905715003554941e-01	   4.9183412902247808e-01	   4.8951322918435725e-01	   7.4179806901210943e-01	   5.5859371811559577e-01	   3.5855625884926656e-01	   2.5886279583876537e-01	   3.3604299417441552e-01	   6.7545979980730664e-01	   5.3875343158497979e-01	   5.8278787485019712e-01	   4.7530162078344718e-01	   4.8974504710787009e-01	   5.1103799078289303e-01	   5.7164035367106270e-01	   4.6838493237404188e-01	   6.8130028434895651e-01	   5.7128621361366794e-01	   5.3915591472568025e-01	   5.2976212997902117e-01	   4.9115357688074218e-01	   3.7194926625133573e-01	   2.5688284914448972e-01	   1.8668491482968991e-01	   6.0288950264547048e-01	   4.7950648646129534e-01	   8.6255425440788036e-01	   4.4590633541371721e-01	   4.4175910306452915e-01	   2.6760780570075943e-01	   8.7503842022022493e-01	   7.2562230525430049e-01	   7.9506988856481842e-01	   6.8774765116067293e-01	   4.9977651820392366e-01	   5.1072564801193199e-01	   5.6996333963630452e-01	   6.1706289523238755e-01	   5.4978499979993201e-01	   5.8204297261941018e-01	   6.4778467835980413e-01	   5.9594991752184912e-01	   6.0238691382350107e-01	   5.6017972937162308e-01	   1.7487187305446431e-01	   2.9049479101205417e-01	   2.3469211763121622e-01	   6.4727346635689853e-01	   4.2411357759611185e-01	   4.7623203564213734e-01	   8.4672267204223117e-01	   1.1224939935762306e+00	   4.4447223748123826e-01	   7.6005591984806875e-01	   8.1346254536286255e-01	   7.0853551517420810e-01	   6.2215822785631458e-01	   3.9845348572151879e-01	   6.3846582754721692e-01	   4.4310863117456056e-01	   1.8607760422275621e-01	  -3.0071722944249402e-01	   3.1713649087228146e-01	   1.3204034667275244e-01	   4.2490757102772569e-01	   4.0530605220231292e-01	   5.7456751295660224e-01	   6.4731279908692596e-01	   5.5064704903904715e-01	   4.5203967543801393e-01	   5.1429917825830329e-01	   3.8330033377191641e-01	   3.8496180020379545e-01	   2.5152994405513535e-01	  -7.0528615750288983e-03	   3.1983235537207366e-01	   3.7453862362324952e-01	   4.8710892085355117e-01	   5.1459021524361936e-01	   3.5595519111564194e-01	   4.5018950769404598e-01	  -1.1626398840083398e-01	
   4.8306981695457485e-01	   3.5160789704751916e-01	   6.3979689071217627e-01	   1.2757907205044814e+00	   4.9489976540877401e-01	   8.8231504666239124e-01	   1.0644302776792454e+00	   0.0000000000000000e+00	   3.7927280428958865e-01	   8.5424969127444328e-01	   7.3605612000242648e-01	   8.5825336673026265e-01	   8.5539107969716643e-01	   7.6201153826893275e-01	   7.6110394256290370e-01	   1.0548284985455318e+00	   1.5451251377902495e-01	   6.4272393589716439e-02	   5.7798706023823987e-01	   7.0975263523066479e-01	   5.5108530962113822e-01	   6.5975595891401539e-01	   7.1107956192891841e-01	   8.4894453232602107e-01	   4.0402513283265923e-01	   5.2198677581462749e-01	   3.2509647586398688e-01	   3.5178166496328628e-01	   2.6557883520432879e-01	   2.5412681715666979e-01	   7.9825314510546463e-01	   1.0692886239420838e+00	   7.4699754735198121e-01	   9.4029874490195353e-01	   3.2054431205544787e-01	   3.1650885707818571e-01	   4.4813863389714337e-01	   6.6462596875870905e-01	   4.3566077933255531e-01	   4.3289465954781980e-01	   2.1113037325604778e-01	   3.7013298248053700e-01	   5.6249757114024401e-01	   6.1949999255145360e-01	   5.1503831641502251e-01	   5.4607315795064615e-01	   5.3045186646363662e-01	   5.6627644784030751e-01	   4.6123937743225252e-01	   5.8594415466387473e-01	   5.6908363344591606e-01	   6.8713725149243621e-01	   5.4449332089827085e-01	   5.7090797021111617e-01	   3.8603315726003951e-01	   3.6614252408447850e-01	   1.1910627667519516e-01	   7.4551183204552549e-02	   3.8038654941390632e-01	   6.5095350863803159e-01	   7.0053674301202351e-01	   7.8800815999554474e-01	   3.4254992381742505e-01	   2.5134932016609746e-01	   5.6530146559566208e-01	   8.2089271370977401e-01	   4.8526187817056443e-01	   5.9874174609088560e-01	   4.3184304336047008e-01	   4.6220485380680498e-01	   4.8443511201366302e-01	   7.7003708879273014e-01	   5.0700554447291557e-01	   5.6669471640703240e-01	   5.6028957928385659e-01	   5.4913071531181712e-01	   4.0424530786184520e-01	   5.4311248980101945e-01	   4.7220035898277571e-02	   3.6757033773608110e-02	   2.0289410920674450e-01	   4.2514303696956485e-01	   3.7772909016277839e-01	   4.6817250319600706e-01	   6.5237433991995408e-01	   8.7148187628434837e-01	   3.8792289835164734e-01	   6.7704681657996402e-01	   6.5450954135589046e-01	   6.6280662957542280e-01	   5.6893220325368121e-01	   2.5657950953783304e-01	   5.8425476649649721e-01	   2.5150607459467977e-01	   1.6026488485769511e-01	  -1.2119233550008802e-01	   3.0379442766897674e-01	   2.3623279856353255e-01	   3.3220518025768936e-01	   2.9993833798167946e-01	   5.5747118967179221e-01	   4.1359270252523495e-01	   3.8395753532802190e-01	   3.1155390357071777e-01	   3.8617266253911608e-01	   2.8383740667715301e-01	   3.2241039597075050e-01	   3.7943728074606659e-01	  -3.2821585045958980e-02	   1.6120921293106494e-01	   2.8099989190813662e-01	   3.5395197231054809e-01	   3.6671611046344327e-01	   2.8137894667689384e-01	   3.9904317795435307e-01	  -1.0383180437756298e-01	
   3.7106640240167355e-01	   1.8899221302058283e-01	   7.7350811762435245e-01	   5.7685840909950448e-01	   1.4642398431973485e+00	   6.7026156295165695e-01	   5.3236057403823800e-01	   3.7927280428958865e-01	   0.0000000000000000e+00	   4.0601534434075953e-01	   3.1543829355333675e-01	   5.3488116559544621e-02	   3.1056539760714208e-01	   3.1777588218915243e-02	   6.9339564975615753e-01	   3.9419357674407179e-01	   2.7561547860419244e-01	   1.8465860063788520e-02	   5.7409627255075646e-01	   5.0464098049721684e-01	   6.4221850593974550e-01	   7.5824485612672032e-01	   7.4045873302440912e-01	   7.4436779326462776e-01	   8.5591486556532792e-01	   7.8021122473929072e-01	   1.0836288956044648e+00	   9.9431923128664124e-01	  -5.1316692969385749e-02	   5.4967161952410359e-02	   5.1005991479980439e-01	   4.9360437265831236e-01	   7.8146655215134841e-01	   6.2337055814856535e-01	   6.4601819985799092e-01	   7.0272113991195151e-01	   4.7167264273612131e-01	   6.4916352474980055e-01	   5.7758433793123332e-01	   2.5001816303545177e-01	   1.8830957024446718e-01	   1.7313995134757504e-01	   5.4418721327902786e-01	   2.1375675984484935e-01	   4.6508051938603018e-01	   1.6994419687337778e-01	   4.3814091508118863e-01	   4.3343324206845024e-01	   2.9693366405342220e-01	   6.4134304132339157e-02	   3.6916810692983409e-01	   2.2163674637785469e-01	   2.9070728702435233e-01	   2.9339712133445345e-01	   4.7400900329201884e-01	   3.3994432126685070e-01	   2.3753567376135470e-01	   2.7707044132672565e-01	   2.8068579093046714e-01	   9.4059838473930263e-02	   2.8942907006444007e-01	  -6.7842925102345464e-02	   2.4795744625371685e-01	   3.5971438443872641e-02	   5.8979223263750158e-01	   3.4788205844825115e-01	   6.8715622976224056e-01	   5.1292223024370909e-01	   7.1422532055611765e-01	   5.1700123020034172e-01	   4.5820457693151440e-01	   4.6711840391066944e-01	   3.2737763793601299e-01	   3.5900545703947528e-01	   4.4666968898448345e-01	   3.0599786536535961e-01	   5.0480861891810025e-01	   3.9218035596896905e-01	   2.7085971969967937e-01	   1.4723944758902047e-01	   4.4198110239222527e-01	   4.6851184165449150e-01	   2.3928044127706033e-01	   3.7303595220827152e-01	   7.1811778469375276e-01	   6.7982424729798629e-01	   4.1351091204566107e-02	   6.1852513952879806e-01	   5.7360497015343592e-01	   5.3436490061390951e-01	   5.8890616728256595e-01	   6.5204320702066787e-01	   6.0722478789630863e-01	   7.1206243929345625e-01	   7.7078068608862349e-02	  -2.1701403956657689e-01	   4.6790314559805457e-01	   1.7671322126288799e-01	   4.6796897486626293e-01	   4.8361965383750671e-01	   2.0307437562808486e-01	   5.3744525955741429e-01	   4.1058566977099992e-01	   5.2276355968697263e-01	   3.6173223337733290e-01	   4.6342596156585236e-01	   1.4908662496287395e-01	   1.8740712670550363e-01	   2.8551704385729110e-01	   3.1899540536011112e-01	   6.0592817179847736e-01	   7.8142988664169011e-01	   6.3582909134667465e-01	   3.7923540711061698e-01	   4.1964043944382867e-01	  -7.4923129916481201e-02	
   6.2556319303168773e-01	   3.4435761839284040e-01	   7.7489656137621088e-01	   9.7203531009209720e-01	   4.8969393862175092e-01	   1.3047464834527225e+00	   7.7625283072708073e-01	   8.5424969127444328e-01	   4.0601534434075953e-01	   0.0000000000000000e+00	   7.1409697390634619e-01	   4.7495304279003969e-01	   7.0534318868491408e-01	   7.0350562975123143e-01	   8.2163782144018749e-01	   8.9070381816685229e-01	   2.4490261842381583e-01	   1.1618202999353845e-01	   6.2997986780930493e-01	   5.7924135213433681e-01	   6.1503194457707744e-01	   7.3613628599611047e-01	   7.7079076456850604e-01	   9.1591662340042157e-01	   5.8138946428782745e-01	   6.5917250924136528e-01	   5.9816071805415172e-01	   7.3863089917431324e-01	   1.9722677200768781e-02	   3.0427154383624491e-02	   5.1421255676557431e-01	   6.9383231501556408e-01	   6.9342545704565139e-01	   7.3326396759997869e-01	   3.9646815968409710e-01	   4.2706198730458611e-01	   7.7481772377079972e-01	   7.4544197909896115e-01	   7.5843022126828663e-01	   4.7778023453417823e-01	   3.2860961717099058e-01	   2.2095106292561120e-01	   9.1686812118038108e-01	   7.7408396020995163e-01	   6.1459015227345026e-01	   4.9321168583314884e-01	   8.5571951231110699e-01	   8.8479581300869059e-01	   7.1145324667844845e-01	   6.0506505184231330e-01	   7.5495943128333109e-01	   7.4670751984291173e-01	   5.1122687086764240e-01	   5.4093213379754879e-01	   7.7214724103119092e-01	   7.6546976896275198e-01	   3.6326310769432479e-01	   2.0159903013214359e-01	   4.8665398647308644e-01	   4.7869226341217397e-01	   7.0827237559803202e-01	   6.5811583585326727e-01	   3.2549114788606731e-01	   6.9867879064320487e-02	   8.4440855878384691e-01	   9.8081099979219011e-01	   6.3413687629533610e-01	   6.1344777590127697e-01	   6.8346461410495452e-01	   5.6465396879505381e-01	   5.6668342439255048e-01	   6.5687694449743983e-01	   5.9840260416919056e-01	   5.7283342523688829e-01	   7.6372858727424242e-01	   6.5710459832005985e-01	   5.3572575931715538e-01	   5.9484639747172907e-01	   2.0533409396354521e-01	   1.0277932862359128e-01	   3.7036032831480314e-01	   4.9237756348185180e-01	   4.2880869943904359e-01	   3.1741701894339697e-01	   1.0132861284810870e+00	   1.0452825223441433e+00	   6.7336341645771325e-01	   8.5912327854463744e-01	   9.9426781377146256e-01	   6.6898583854056148e-01	   8.0816085222413725e-01	   4.7212464651597247e-01	   7.4004338172703776e-01	   4.0109461807894253e-01	   1.6448870877598853e-01	  -1.6078791468244749e-01	   4.4039838617146659e-01	   4.2318101319790835e-01	   6.3638551604814775e-01	   6.0277728400417918e-01	   4.3592770461045843e-01	   5.3619964491860983e-01	   3.8291055166297705e-01	   4.1323208860037142e-01	   4.2627651366078506e-01	   3.5645675125102216e-01	   3.9026794413692889e-01	   5.1220143907235405e-01	   2.3277209186194017e-01	   3.7618607062572174e-01	   4.8202033496463764e-01	   6.3295906482158826e-01	   4.1844975797055206e-01	   3.2692054403650828e-01	   5.1948690241013673e-01	  -3.0694692120097999e-01	
   1.0728171854144595e+00	   6.3438666509729380e-01	   7.8371449145655780e-01	   7.1440439210480111e-01	   4.7316964090891944e-01	   7.2776762379228277e-01	   9.2640905878709423e-01	   7.3605612000242648e-01	   3.1543829355333675e-01	   7.1409697390634619e-01	   0.0000000000000000e+00	   8.9873559819807336e-01	   1.0283375010846598e+00	   6.0149652688909450e-01	   1.1802008151202661e+00	   1.0374800363430283e+00	   6.0182832847944034e-01	   4.6931776918992146e-01	   9.0885176719937344e-01	   7.2963559214341855e-01	   6.6775271727160945e-01	   6.6999451518479258e-01	   8.4188640792453306e-01	   6.7967242046200904e-01	   4.1774250359551579e-01	   3.9290829040038344e-01	   4.2106457359619742e-01	   4.1563904943613406e-01	   4.7288701951507739e-01	   4.4438006513789369e-01	   6.4821300966026429e-01	   6.2221658376008671e-01	   7.4056512014528508e-01	   7.5266358006213485e-01	   3.2426452990281684e-01	   3.0974457953811896e-01	   6.0396461943906066e-01	   7.7936816755910676e-01	   5.6428049832833416e-01	   3.8550407205445547e-01	   4.8127173302917503e-01	   4.8949562178443107e-01	   6.7027659048177335e-01	   6.7164209025492116e-01	   4.0720896343141111e-01	   3.9288595278993077e-01	   6.6549908640482736e-01	   6.1973829065518249e-01	   4.8674237292964112e-01	   5.3966737155527555e-01	   6.5050407937932098e-01	   6.4780401390858811e-01	   6.6408513287264137e-01	   6.5035723021471581e-01	   4.7342729259152200e-01	   4.1481091990717928e-01	   4.9101452571734233e-01	   3.8034540897363200e-01	   4.4956833264176282e-01	   5.1299395395885294e-01	   8.2926247766770700e-01	   6.3182603958253214e-01	   6.3165478930736185e-01	   4.4880295645892432e-01	   6.7577017728730637e-01	   6.1603879084180346e-01	   4.8147460002739767e-01	   4.7684723652473227e-01	   5.3188180429658061e-01	   4.8903690435084723e-01	   6.6932778566606654e-01	   7.1438601771351973e-01	   8.3681909713763925e-01	   7.5342299948452141e-01	   9.0269939384080711e-01	   7.4862735867394559e-01	   6.3935722284886520e-01	   6.1059081059241727e-01	   4.6584430794632409e-01	   4.0054547066669688e-01	   4.9770311480680252e-01	   8.8815506726554783e-01	   6.3708157009328603e-01	   6.1620154750324430e-01	   9.5473134568853590e-01	   1.0651598307598236e+00	   6.5044017746593452e-01	   8.6879400941392082e-01	   7.3556496474632460e-01	   7.4615937326206061e-01	   6.5495754661291694e-01	   4.5603532093773164e-01	   5.9196636626557175e-01	   4.3439685084927043e-01	   1.6585412042859218e-01	  -1.4067926987495719e-01	   3.3812697763853855e-01	   2.7867284313137802e-01	   4.6291634479364818e-01	   4.8789689241417888e-01	   4.8552873784393957e-01	   5.7809393809999599e-01	   4.8225954441304736e-01	   5.0726337366578367e-01	   3.6009780261430324e-01	   2.4838750569818233e-01	   3.0818181726826344e-01	   4.0161524387177561e-01	   2.1725700007273777e-01	   5.2795375381266485e-01	   4.1419480599562591e-01	   5.7843146954142399e-01	   5.3210915001548731e-01	   4.5299462997015882e-01	   4.3012297180360726e-01	  -2.2670819481598892e-01	
   5.7129501935036409e-01	   6.9211024782911323e-01	   3.0509418506016273e-01	   5.3487215268707489e-01	   1.9626282944258258e-01	   5.1112271746120475e-01	   6.4056905492517191e-01	   8.5825336673026265e-01	   5.3488116559544621e-02	   4.7495304279003969e-01	   8.9873559819807336e-01	   0.0000000000000000e+00	   7.4688911731836061e-01	   1.0675772701817514e+00	   5.6455969951493223e-01	   9.5984627001451139e-01	   3.3224599317757014e-01	   3.4214071288361303e-01	   4.4941945274309397e-01	   6.0114634411749401e-01	   4.5718222370231976e-01	   4.3501915274810787e-01	   3.8235614484322755e-01	   3.8209590433247487e-01	   9.7421218472332621e-02	   1.4554050974893870e-01	   2.6894491550411830e-03	  -1.9204443792482536e-02	   6.8809037960591679e-01	   5.6988222884827056e-01	   5.5142799702826673e-01	   6.7834876925512511e-01	   4.4128688485850454e-01	   6.6096333579667321e-01	   6.3236553603285936e-02	   4.2682836559761322e-02	   3.4564444803501992e-01	   5.4465416047925197e-01	   3.1648832743321670e-01	   4.3381571383231293e-01	   4.1298302120210079e-01	   5.5040520999480569e-01	   4.6782431268023489e-01	   6.6319727386330496e-01	   3.2582801767550268e-01	   4.5010468976425355e-01	   5.2236881763177934e-01	   5.4470544943902999e-01	   4.3955069298803118e-01	   6.0306709132077729e-01	   5.5223956082758729e-01	   6.6438567132687898e-01	   5.8892085494706592e-01	   6.6097127905197883e-01	   3.0956811267280576e-01	   3.2948324250792976e-01	   2.1322656418292774e-01	   2.1134875969764449e-01	   2.9454516367137001e-01	   6.8515698180792095e-01	   6.4409832654960975e-01	   9.2692150821722941e-01	   3.7931801860203823e-01	   4.8888125217783807e-01	   2.7676558517494854e-01	   4.6108527095899871e-01	   2.1716683814853618e-01	   3.4634403168049904e-01	   1.7588826309862077e-01	   2.4589509248246658e-01	   3.7678791756547597e-01	   6.2598897875280424e-01	   6.7222703341861201e-01	   7.0229972154916198e-01	   5.8681891067388814e-01	   6.0466311090514768e-01	   3.7979273134295510e-01	   5.5554759241932727e-01	   2.8229630658122384e-01	   1.3945271513563548e-01	   3.1909967013935359e-01	   5.0593757197217859e-01	   3.8287829954625374e-01	   5.7529113776980678e-01	   4.6658286641233093e-01	   6.6027326557545307e-01	   4.5608484720690567e-01	   4.7902400548615526e-01	   3.7701404047592124e-01	   4.9380050833590694e-01	   4.5054540752232874e-01	   1.4372512852085903e-01	   2.9651370942073385e-01	   8.7027649114858038e-02	   9.5561600316348569e-02	   3.5193468743176026e-02	   2.5819129958547282e-01	   3.0645496687342011e-01	   3.2319353799675682e-01	   2.9244713697215580e-01	   6.0802561169909475e-01	   3.2811833255959483e-01	   4.6601021219557426e-01	   2.8543289305492331e-01	   3.8383468599931536e-01	   1.8910484875133660e-01	   2.1207321439765672e-01	   5.1536698991271412e-01	   3.8303640534421396e-02	   2.5957608944401273e-01	   2.3301550049409248e-01	   2.7441326560036311e-01	   3.6844613637824120e-01	   3.7840866086316677e-01	   2.1256690245957699e-01	  -8.9395587772119658e-02	
   5.1294978803505353e-01	   3.7204426666118190e-01	   7.5598401396812842e-01	   7.7556938068297554e-01	   4.2571046715348693e-01	   6.4879233610659015e-01	   1.0183259654571386e+00	   8.5539107969716643e-01	   3.1056539760714208e-01	   7.0534318868491408e-01	   1.0283375010846598e+00	   7.4688911731836061e-01	   0.0000000000000000e+00	   8.4045769362177836e-01	   9.0674925800914496e-01	   9.1495426400414093e-01	   4.1696962673778148e-01	   3.0780065279427071e-01	   5.9949775713481590e-01	   5.9647683222533288e-01	   6.6482649847246911e-01	   7.1525183286879657e-01	   6.1253236761598084e-01	   6.0920112469097365e-01	   4.8131452655218199e-01	   4.6779182214422155e-01	   3.1704626253564916e-01	   3.3751162643250604e-01	   3.3421975060706571e-01	   3.1736483129942639e-01	   6.5330073719543258e-01	   5.9383508210108227e-01	   7.4851493261499891e-01	   7.3050446320286422e-01	   3.0816551969489236e-01	   3.2111363075351607e-01	   5.5088314990641640e-01	   7.4370271141002453e-01	   6.5289125433853923e-01	   5.2175121589206819e-01	   4.9731041868416054e-01	   4.2493046990118560e-01	   4.8483028899888242e-01	   4.5318740037172633e-01	   3.2719379187723385e-01	   3.1971137770980562e-01	   4.2493131248404703e-01	   4.0691900550548993e-01	   3.0190391682622730e-01	   4.1732679714310106e-01	   3.8856911692399404e-01	   4.8012543495061238e-01	   4.0082394331374549e-01	   3.7827362506746365e-01	   3.5620611632035715e-01	   2.5739173053740239e-01	   2.1921314834956640e-01	   2.5312661321966667e-01	   4.5540672569984525e-01	   5.7202983401722096e-01	   1.0534749739430977e+00	   7.1689379490082983e-01	   5.5521441050740783e-01	   3.9954704510744876e-01	   5.8348082314099303e-01	   6.7906082743469520e-01	   4.8610804585372619e-01	   5.0426568827616758e-01	   3.7289237401733361e-01	   5.0872257869906101e-01	   6.2617013779074049e-01	   7.2180114325122069e-01	   6.2448154477341045e-01	   6.0956950039050239e-01	   6.7015665022766824e-01	   6.5343770215764696e-01	   4.3812203581643100e-01	   4.6245099747726853e-01	   3.1867227044819663e-01	   3.3141215839605354e-01	   3.5242392730452471e-01	   6.3299546908092386e-01	   4.4534582778414283e-01	   5.7259682763389907e-01	   6.8436170741195479e-01	   8.5759025043278525e-01	   6.0777183911936339e-01	   6.1737948811112087e-01	   8.1702478128665146e-01	   6.6788449174455022e-01	   4.8640584445909729e-01	   3.5284877304222201e-01	   4.8777176920078680e-01	   3.5176340930485378e-01	   1.2417989227616399e-01	  -2.7362200920082003e-01	   2.6266911301299789e-01	   9.4250127687150159e-02	   3.1614623779261231e-01	   2.8423187387241722e-01	   5.1686038607594431e-01	   6.0286900140480426e-01	   4.3212679990540143e-01	   4.0759976209397608e-01	   4.2913041231601295e-01	   2.8604679979595993e-01	   3.4929459951078357e-01	   3.3608970091317952e-01	   1.6608352963351763e-03	   2.5666758548956564e-01	   3.3519440718546512e-01	   4.3259948701585627e-01	   4.2708227391598486e-01	   2.4787644315843696e-01	   2.4230560033708295e-01	  -2.4356619001056334e-01	
