   0.0000000000000000e+00	   7.5588752045395735e-01	   7.8480514352056574e-01	   7.7249038981419305e-01	   5.9038561327063799e-01	   6.5761392617625802e-01	   6.8596771717166649e-01	   7.5518179610083880e-01	   8.3849457543514772e-01	   5.1485556852384151e-01	   8.9596142784637089e-01	   9.7255878460677470e-01	   8.1645684107097127e-01	   8.6218546627220261e-01	   8.6944677440248286e-01	   8.9330520983714135e-01	   5.9844038091137541e-01	   3.4837383767128866e-01	   1.0344764693938877e+00	   6.3275218824587376e-01	   6.5800587569872560e-01	   4.8079625279491511e-01	   5.5992050344092259e-01	   7.1875016931593427e-01	   3.2793780121782984e-01	   4.4406761006882922e-01	   3.9147320117478757e-01	   5.0701571140243984e-01	   6.2708236911997139e-01	   5.0264198073983901e-01	   4.2459578992547820e-01	   4.3115194446540517e-01	   6.1625808552328487e-01	   5.7596376134543392e-01	   2.5592509604057490e-01	   4.1522764497198733e-01	   5.3694625785579819e-01	   6.7155201490583116e-01	   3.5817097676558440e-01	   3.8441751241602906e-01	   4.9477714291166958e-01	   4.7428693110293219e-01	   7.3408007762932137e-01	   6.7894209571889108e-01	   5.9668493635424080e-01	   5.7647231659643483e-01	   9.1311493632733920e-01	   7.7891406979119959e-01	   8.0048235465516393e-01	   6.6478911165991483e-01	   1.0005580172669859e+00	   7.5309005264713447e-01	   6.8474817414892308e-01	   5.5768555671850961e-01	   9.3890307743952595e-01	   8.4932127070507502e-01	   6.2138093473293154e-01	   4.0243459509170149e-01	   4.9365682617023465e-01	   4.1361555739428757e-01	   6.4712759737037839e-01	   5.7764511094184678e-01	   4.4737328802397397e-01	   3.7842841209215250e-01	   4.1957652437219456e-01	   5.2557804250597173e-01	   5.0583830943845265e-01	   5.4202724015257242e-01	   5.7435951475627534e-01	   5.8735679614479075e-01	   3.5173309329075347e-01	   5.0744807020692861e-01	   4.8745060903333426e-01	   3.9222110941589683e-01	   6.3228868131300675e-01	   6.3812942204032463e-01	   4.6663614849058732e-01	   4.8105531343405894e-01	   5.8511073046459183e-01	   6.3355447208221416e-01	   6.2671610286088808e-01	   6.8602921256783655e-01	   8.0808412685618525e-01	   8.4022185361957602e-01	   9.8836859414973210e-01	   1.0080342667992190e+00	   3.8221207268389645e-01	   7.1316383987887177e-01	   9.8688867540005487e-01	   8.2140284827208987e-01	   6.7228604163068395e-01	   6.8627148828892626e-01	   3.7465146595306981e-01	   5.2964616748463511e-01	   6.3966737106707180e-02	   2.1961511432747610e-01	   4.1669910646639174e-01	   6.9372250475293507e-01	   7.8754079378226050e-01	   1.0343462162863633e+00	   1.2321521202863833e-01	   7.1777592117374189e-01	   2.6035039743119837e-01	   6.0761785402971269e-01	   2.0267862386689395e-01	   1.7465432429111041e-01	   4.3542704653835751e-01	   5.1973125022869271e-01	   3.4236391405387444e-02	   4.6352245064491572e-02	   5.4584904456201067e-01	   8.3075578689359864e-01	   7.1544256344892254e-01	   3.5715923114859066e-01	  -7.6426399323576893e-02	  -2.5866586128028374e-01	
   7.5588752045395735e-01	   0.0000000000000000e+00	   3.4524802902912782e-01	   5.7560556022335940e-01	   5.7526319594566333e-01	   5.7358807347565133e-01	   4.1070565581826562e-01	   6.4964067137400361e-01	   4.8661861195004652e-01	   4.7064716295224418e-01	   4.0990064854562419e-01	   7.1618538290541200e-01	   3.8297538626796213e-01	   5.4461739904620976e-01	   5.1139010931895412e-01	   5.8846218586476229e-01	   7.3401463184886806e-01	   6.7373535158522879e-01	   7.7572899831788922e-01	   1.0706311678013760e+00	   6.4614451157237540e-01	   6.6934254324053499e-01	   4.1077988382920388e-01	   5.0930136569965068e-01	   3.5217934662785705e-01	   4.7148918173901222e-01	   3.6876932371409687e-01	   4.6811433524872664e-01	   7.1581203887924683e-01	   6.8779613218508073e-01	   4.6289052849438700e-01	   3.7892079044404731e-01	   6.5002865246804253e-01	   7.2307658152161614e-01	   1.7595093967962788e-01	   4.1022869523014660e-01	   6.5211945649183001e-01	   7.0866229828934091e-01	   5.4417616606448682e-01	   5.0340990126934226e-01	   5.3664921058713011e-01	   7.6245386013080529e-01	   8.7145624977097103e-01	   8.4310931345041196e-01	   6.7277221228850148e-01	   6.3861645468883543e-01	   8.3696193514865413e-01	   8.2039281251706742e-01	   6.4996176250861193e-01	   7.5909536158813340e-01	   8.3814174880596171e-01	   8.3167574833783198e-01	   7.9476957462222919e-01	   7.0254611508621212e-01	   8.5379564840487876e-01	   8.3212302774196278e-01	   7.8426030007714664e-01	   1.0137383276058041e+00	   4.3083595020186216e-01	   6.9385261321153968e-01	   4.4404560851072455e-01	   5.0839890060597870e-01	   6.2954902987351202e-01	   6.7730768665985153e-01	   1.6839646117882820e-01	   2.9121205042362580e-01	   5.3198723760487143e-01	   7.4386617790310572e-01	   7.2727595030826497e-01	   1.0129233991876556e+00	   1.1936183231377967e-01	   3.1583474943242706e-01	   4.2692353548263429e-01	   5.9466551093785858e-01	   4.7580304795692385e-01	   5.7188340782143054e-01	   3.4222297326182644e-01	   5.0062146794704332e-01	   7.6329252517250235e-01	   8.0341073077156355e-01	   8.0556348113559539e-01	   7.6863269676348256e-01	   7.6791933340765650e-01	   7.4857492480663379e-01	   6.8197752465019224e-01	   7.2834293046437637e-01	   4.1994844791711305e-01	   5.3016463992220397e-01	   6.4543876616950258e-01	   7.7823408737455246e-01	   8.4930976378203160e-01	   6.6335944461808438e-01	   5.5055201234289630e-01	   3.6101376597678830e-01	   8.4751727883820835e-02	   4.8691190764020242e-01	   6.6512936880701312e-01	   6.6291048958157228e-01	   1.1105207219630748e+00	   9.7577245865009943e-01	   5.3536874382394273e-01	   5.4934672177592603e-01	   6.2559182902149346e-01	   6.8628690361220268e-01	   4.4279755595320353e-01	   3.7857063433016136e-01	   5.8696512453745142e-01	   5.7930001670420850e-01	   1.7444817622878472e-01	   1.5241175509194854e-01	   6.8576589015263101e-01	   1.0970271000151572e+00	   9.4664238292842051e-01	   7.4550328493057638e-01	   1.9052803788048955e-01	   1.9884923048106597e-02	
   7.8480514352056574e-01	   3.4524802902912782e-01	   0.0000000000000000e+00	   9.2472956333614675e-01	   9.6498015757155597e-01	   7.2746504146035185e-01	   1.0438857868193074e+00	   6.1395792300270369e-01	   9.2554455385386758e-01	   4.6171596035876861e-01	   6.5864181065216343e-01	   5.4461149662370800e-01	   6.5710042500588761e-01	   4.8316200499252837e-01	   1.0046338875414851e+00	   7.9925697163574472e-01	   3.5943160846970212e-01	   1.5846869350349441e-01	   8.4981716604806867e-01	   3.9046154854942200e-01	   8.4826563516125486e-01	   5.4569983149787882e-01	   1.1988619282115176e+00	   1.0387325341338369e+00	   7.2987274191176488e-01	   7.8481717658730332e-01	   7.5622079374810958e-01	   7.8967873734429528e-01	   4.1274100941077285e-01	   2.4411617399733920e-01	   7.5921730340971383e-01	   6.3510528716916859e-01	   6.1458478321031318e-01	   4.9932465498013168e-01	   4.0002976399469775e-01	   5.3264262155395459e-01	   6.1387966881045042e-01	   4.8018201149729850e-01	   4.2735027941109954e-01	   2.7387871831935490e-01	   4.2685766677569958e-01	   2.5201591622941960e-01	   6.9375851275438016e-01	   5.6117893106513239e-01	   5.3023478597760354e-01	   4.7221495078819942e-01	   5.9284639041103460e-01	   5.9146087650519996e-01	   4.4260282146820940e-01	   3.5048317385275962e-01	   7.7921993222157071e-01	   4.6704390558902137e-01	   3.7688672548033053e-01	   4.1600378552251477e-01	   6.1493420432660528e-01	   3.7817563528576970e-01	   2.8159879333864907e-01	   2.4449025895874027e-01	   5.2464640503378146e-01	   2.7998713883420645e-01	   6.5064229170643151e-01	   4.6340535691665502e-01	   4.5259446799917435e-01	   2.9246686891885926e-01	   8.5459823016266023e-01	   5.7714819951882257e-01	   7.2295661532986200e-01	   5.1359300836145383e-01	   4.3403208819041966e-01	   3.8360019200300854e-01	   4.0693710914485542e-01	   4.6432748147923464e-01	   3.8887439247984090e-01	   2.2441214357009723e-01	   5.8400814798022860e-01	   4.6402342914168648e-01	   2.2690971258030213e-01	   2.6796188274088623e-01	   3.5804227248635778e-01	   3.1893818371717808e-01	   3.3321866612998735e-01	   3.5689336369877800e-01	   6.4642888301154178e-01	   4.8090274385836074e-01	   7.1167573049462152e-01	   8.4646426171033329e-01	   4.9076629830124840e-01	   7.0365742003296072e-01	   1.0169221530270938e+00	   7.5720941018588617e-01	   3.6625125127841263e-01	   4.8469341130963683e-01	   1.4607774971433302e-01	   6.0777938181726410e-01	  -8.1348257142767860e-02	   1.1042142283513809e-01	   3.0982280804077145e-01	   4.1093822172940231e-01	   4.1160746724050334e-01	   4.8615438795408938e-01	  -6.0516250034245954e-03	   4.8686129985100535e-01	   2.4368355864287544e-01	   4.8621906431821116e-01	   3.3894832183735996e-01	   3.5685120420016858e-01	   4.5409489273924031e-01	   5.0794834520638288e-01	   1.5698634910222109e-01	   1.5688674699298263e-01	   3.4933014178913274e-01	   4.6063754128486067e-01	   3.8045338473028650e-01	   2.1837887025431202e-01	  -1.8660413665559494e-02	  -7.4080328655905275e-02	
   7.7249038981419305e-01	   5.7560556022335940e-01	   9.2472956333614675e-01	   0.0000000000000000e+00	   8.9522699264661587e-01	   1.1921469559952671e+00	   1.0302871642073697e+00	   1.3054644603762307e+00	   9.1082757950516069e-01	   8.2638147998870937e-01	   5.2909386243037448e-01	   9.0485378933054383e-01	   5.5005264366476458e-01	   7.7463803639697038e-01	   7.1266366619098021e-01	   1.0789281816136853e+00	   4.8909355675316402e-01	   3.4803464748108159e-01	   7.8250202362987431e-01	   7.3905653704760477e-01	   7.0349415324260600e-01	   5.7567236747555173e-01	   7.5436627224428732e-01	   1.1580486541534525e+00	   4.0195830085668482e-01	   7.9014694860640344e-01	   4.5096881058764543e-01	   6.1223468238313727e-01	   5.8430140536439590e-01	   4.8302468936675425e-01	   6.8011434893510070e-01	   7.8339668483532277e-01	   8.6096510031902884e-01	   9.2007659520966378e-01	   5.7801923218568774e-01	   8.5603009409214237e-01	   5.4619920603822303e-01	   7.5298344836384101e-01	   4.2813642728836665e-01	   4.9393931174417316e-01	   5.3187341343501537e-01	   5.6759379160242707e-01	   8.2709741413953697e-01	   8.2076060337608248e-01	   7.5559983082043658e-01	   7.8503872691328003e-01	   9.5207702797688609e-01	   1.0002524845532215e+00	   7.7939470671583333e-01	   7.5176055018960319e-01	   1.1473403561395297e+00	   7.6480320341071473e-01	   6.2553495304173179e-01	   6.0405292129044441e-01	   8.8173069546066229e-01	   7.5374852640475565e-01	   3.7825928054432895e-01	   4.2150657213231851e-01	   6.6419199522120820e-01	   6.9936312794730937e-01	   7.6978099147575751e-01	   8.8829761209830660e-01	   6.3419885626807526e-01	   5.6372478112356372e-01	   6.0692118292763553e-01	   1.0291076823490422e+00	   9.7135383479911064e-01	   9.8506096938429544e-01	   5.8462720762086051e-01	   6.8233232452476933e-01	   3.2948539154867279e-01	   6.5316036655824816e-01	   4.3458369547432862e-01	   4.5320448272989222e-01	   5.9222545213926170e-01	   6.8025934882391315e-01	   4.3941136413199455e-01	   6.5662024171857414e-01	   4.7577436937415857e-01	   4.5557192145805459e-01	   5.3900835013460080e-01	   5.1590885232916495e-01	   7.5711772206870998e-01	   7.4703744825449714e-01	   8.3061930190267830e-01	   1.0819190339271572e+00	   4.2480240011506964e-01	   7.3961336847216452e-01	   1.1084702773327200e+00	   1.1097399771980136e+00	   7.7071127232376879e-01	   5.5817958506552812e-01	   4.0074423650941837e-01	   4.3863121081158946e-01	  -2.1081389452735486e-01	   2.0657364434894970e-01	   3.7518261435935918e-01	   5.1059330184559415e-01	   7.9092007818265075e-01	   7.8352617081092446e-01	   2.4224038614576385e-01	   5.4778625848826101e-01	   4.0892908583117588e-01	   6.7105655066481351e-01	   3.7429976645474478e-01	   2.9476777769018281e-01	   5.8442045511057072e-01	   6.1706687083048362e-01	  -2.9052834030976814e-02	  -1.3213975275043017e-02	   5.4723172389158303e-01	   7.8379238687826125e-01	   6.2228992311288112e-01	   3.3618684193998294e-01	  -7.9538079891264282e-02	  -2.4035950543893253e-01	
   5.9038561327063799e-01	   5.7526319594566333e-01	   9.6498015757155597e-01	   8.9522699264661587e-01	   0.0000000000000000e+00	   1.3125772568882732e+00	   1.2225923087675590e+00	   8.9876332404189763e-01	   1.0958292596738870e+00	   8.2851130728010625e-01	   6.1468888324116144e-01	   7.9666629038964587e-01	   7.6459749580507075e-01	   7.2834525993946952e-01	   9.1342712474031762e-01	   1.0195895410124947e+00	   6.1771475474118431e-01	   3.9306141441414444e-01	   7.4910386005547791e-01	   6.0008872232745780e-01	   1.0482031443296700e+00	   8.7746409192343156e-01	   7.7568771032466755e-01	   9.3851106701890796e-01	   5.2181335378145066e-01	   7.9912443747946993e-01	   5.9976351983331821e-01	   6.7265736379753971e-01	   6.8422907173476022e-01	   4.6523206282136320e-01	   7.8572027274989309e-01	   6.2541867985930866e-01	   7.2477693693782352e-01	   6.9283526110706573e-01	   3.5206690526354800e-01	   5.6541341200745787e-01	   4.4778710216430972e-01	   4.2243054095757626e-01	   3.5359798864689013e-01	   2.2094839906236441e-01	   3.8231729387342728e-01	   3.4946718462721660e-01	   7.9483252553419825e-01	   6.6931847564654712e-01	   6.5752184530466395e-01	   5.9975840272329106e-01	   6.7933877357133921e-01	   7.1920650089446958e-01	   6.7245813382347652e-01	   5.4996404449265979e-01	   7.7040176587091735e-01	   5.3709905053695506e-01	   6.0205765501980479e-01	   5.6895935153010124e-01	   6.4190788353517336e-01	   4.3626578628038076e-01	   3.9172834450344818e-01	   4.9380162042792419e-01	   7.3712660406929065e-01	   5.6170279978125126e-01	   8.6732630854236492e-01	   7.7184684328263820e-01	   7.6527963452080450e-01	   6.4629349100896916e-01	   4.7898669383248166e-01	   5.4312937894162439e-01	   6.5599713493906686e-01	   6.2667157893813641e-01	   3.5218633559877194e-01	   5.1998509335265197e-01	   3.4522434447252598e-01	   5.6755744908227190e-01	   4.7683628856063648e-01	   4.7963597945253489e-01	   6.2695670299595629e-01	   5.9481544461967273e-01	   1.4340897560015792e-01	   2.7713307983694768e-01	   5.9129130608688318e-01	   4.7729884555502444e-01	   5.8007031838766587e-01	   5.1118080621896866e-01	   6.1951498813303674e-01	   4.9009059055606463e-01	   6.6051843630390572e-01	   7.9634320092505317e-01	   2.6586771869502046e-01	   4.8422555990424199e-01	   9.4310155135166773e-01	   8.3418925485064865e-01	   7.1597990573119885e-01	   7.2012195684194691e-01	   4.7894668136938934e-01	   7.7214884538260253e-01	  -2.0504101029922875e-01	   2.0434306936041413e-01	   2.5366759984593723e-01	   3.6310669802547313e-01	   7.3018928402036121e-01	   6.7726528659665386e-01	   3.9098544588743056e-01	   7.5463318368123022e-01	   5.0928605523704862e-01	   7.4991720790436278e-01	   5.5614032496107313e-01	   5.3211339977696326e-01	   6.1572837655207591e-01	   5.7735625291679771e-01	   2.0509319433081616e-01	   1.4383457572013181e-01	   3.0841474098968324e-01	   7.8476925971911005e-01	   7.4140590807280671e-01	   5.8536805175350659e-01	   2.1961994751738198e-01	   1.1675179627845737e-01	
   6.5761392617625802e-01	   5.7358807347565133e-01	   7.2746504146035185e-01	   1.1921469559952671e+00	   1.3125772568882732e+00	   0.0000000000000000e+00	   1.0604022154485613e+00	   1.3937093668608087e+00	   1.1445989793640883e+00	   1.4091378134667893e+00	   5.8924067756867882e-01	   9.8116192920679957e-01	   7.6005027668776459e-01	   1.0207010888580479e+00	   7.8013693561302411e-01	   1.3099677800086813e+00	   5.3507234952455140e-01	   3.1687566979072712e-01	   5.6757277697596842e-01	   5.6349820652664984e-01	   8.6959094530069592e-01	   8.4199345652417046e-01	   5.7005386239010303e-01	   9.3810748797839327e-01	   3.4938813031694477e-01	   6.7804902340953721e-01	   4.3647406567135250e-01	   5.7549116070696504e-01	   5.8289373557825797e-01	   4.4315643636948659e-01	   5.1969688384187052e-01	   5.1930564912798427e-01	   6.5991700850368096e-01	   7.4700948161114622e-01	   4.5467871711425312e-01	   6.9489865409289220e-01	   3.7028781632102226e-01	   5.4186505271614505e-01	   2.8448918530761969e-01	   3.1318828589578629e-01	   4.2202907858431427e-01	   4.5793326809398932e-01	   8.3376248971715639e-01	   7.6014474098687757e-01	   7.3509231399124531e-01	   6.9610386788282963e-01	   8.0779480027439643e-01	   8.5456123201404122e-01	   8.8294949017404933e-01	   7.8007420194415211e-01	   9.8319028560292909e-01	   6.7647166075667131e-01	   7.8986808996826119e-01	   6.1955460539621021e-01	   7.6060231256983502e-01	   6.0060081807459587e-01	   3.5312704408965429e-01	   4.5721074797672212e-01	   8.5888010813862059e-01	   8.3147119718728191e-01	   9.9417522220272647e-01	   1.1334831167632888e+00	   7.2764206705694556e-01	   6.5247577886204389e-01	   4.1205859514311294e-01	   8.0264186125698100e-01	   6.8748266131961777e-01	   7.9811620718605458e-01	   3.2370466162032580e-01	   5.8175831224493479e-01	   2.0311015984772160e-01	   5.7435699617698754e-01	   2.9457280634579674e-01	   3.7949993431331547e-01	   4.3506857650504371e-01	   5.2080928091726020e-01	   1.1677223588091143e-01	   3.2944330703057323e-01	   5.4312969338142170e-01	   4.6323447600041451e-01	   6.0907418839742278e-01	   5.2812716048080155e-01	   5.7866292772720962e-01	   5.3081282602619062e-01	   6.7662518570840957e-01	   8.4420198695134041e-01	   2.3170088601113431e-01	   5.3448863651299627e-01	   1.0996245712599777e+00	   1.1138768606471270e+00	   9.9347527339975317e-01	   7.8183713548454747e-01	   6.8764671277936240e-01	   7.4115660643061620e-01	  -2.9176781730813173e-01	   2.9595013189506014e-01	   2.1015140325650661e-01	   3.7779639106038337e-01	   8.8212589432031396e-01	   8.1669856528573492e-01	   4.7079760266019116e-01	   8.3079353628870467e-01	   5.5840969205634472e-01	   8.4567540397017527e-01	   6.0717675538669602e-01	   5.3246177812756856e-01	   7.5348151018553000e-01	   6.6069537852729521e-01	   9.4908274519855895e-02	   2.9681491699381453e-02	   2.8994785420886571e-01	   9.3176330570378463e-01	   9.2100101680119906e-01	   5.5080193152117307e-01	   1.6404366781914329e-01	   2.4156752439117506e-02	
   6.8596771717166649e-01	   4.1070565581826562e-01	   1.0438857868193074e+00	   1.0302871642073697e+00	   1.2225923087675590e+00	   1.0604022154485613e+00	   0.0000000000000000e+00	   1.1330782204383851e+00	   1.1042577958332227e+00	   7.6011669147895422e-01	   5.3735087646721214e-01	   7.8885935874395607e-01	   8.2959738853801768e-01	   7.3280121410183530e-01	   6.9430515330960041e-01	   8.8216259429747867e-01	   5.5381371258269929e-01	   3.2860325723382078e-01	   7.4496340128704663e-01	   5.7797204166061122e-01	   6.5200239463513354e-01	   4.8882049586361598e-01	   5.4258166081171555e-01	   7.1130878955805477e-01	   3.0048638506225012e-01	   5.7517448235329727e-01	   3.2497491062016037e-01	   4.2088108715305173e-01	   7.0337204505657847e-01	   4.8550762669285707e-01	   6.2500340476910421e-01	   5.5886517543746905e-01	   7.8503693418115750e-01	   7.1514687906662544e-01	   2.7932614661227612e-01	   4.8113178266526324e-01	   4.3104297746277842e-01	   4.5360074355156377e-01	   2.9100738109584917e-01	   2.7409364389323815e-01	   3.6847441634754124e-01	   3.1826031140669714e-01	   7.1441028478921120e-01	   6.6782270959794332e-01	   5.3927516354518090e-01	   5.7712786059550458e-01	   7.8338713099628010e-01	   8.2424415278588903e-01	   7.9587817666404936e-01	   5.5722983082348621e-01	   8.6458578953537712e-01	   4.8483781407592208e-01	   5.6432550958949601e-01	   4.6993735858553931e-01	   7.3185899679695698e-01	   5.5177331421797593e-01	   2.9818793746234462e-01	   2.7242984964257549e-01	   8.2265615015400040e-01	   5.0223355703204731e-01	   1.0394993355859876e+00	   7.7961816789035154e-01	   6.9151972793461169e-01	   5.5844812684408296e-01	   3.9916294732640922e-01	   5.8824387994336935e-01	   6.2923114036571492e-01	   5.2939992707946992e-01	   4.2464311268764565e-01	   4.6911237805452866e-01	   3.3765148185467070e-01	   5.3322628065068445e-01	   5.5841972383997873e-01	   4.8102247504998630e-01	   7.3583387841217562e-01	   7.2871487221987274e-01	   3.1902494802095432e-01	   4.0744916032557155e-01	   4.6462264091400807e-01	   4.3667652317821015e-01	   5.0534678676134304e-01	   4.5097620944696820e-01	   5.8806974113699173e-01	   4.9931852661449483e-01	   5.9697510881580529e-01	   8.0194277223839228e-01	   1.8360305821686587e-01	   4.5612302842426239e-01	   9.7885432497270874e-01	   7.8855002865756330e-01	   5.6473591554997293e-01	   5.8418864044060537e-01	   3.3892429939206381e-01	   5.9749661917723995e-01	  -1.5673974713794836e-01	   1.1511437636727635e-01	   3.3108329158357819e-01	   4.6695082136303334e-01	   6.5648629642944545e-01	   6.6294541667575935e-01	   2.0978895908525663e-01	   6.8407360509370019e-01	   3.3550975582011533e-01	   6.8017106226682322e-01	   3.0181528121351053e-01	   2.9812617657117368e-01	   4.4260758703488223e-01	   4.8123120587910384e-01	   9.9768808748291957e-02	   1.7595711741428721e-01	   4.5938824501235842e-01	   6.9131083299230578e-01	   5.7737011394910165e-01	   3.2409998009659396e-01	  -1.0889162341323703e-01	  -1.6463355903781471e-01	
   7.5518179610083880e-01	   6.4964067137400361e-01	   6.1395792300270369e-01	   1.3054644603762307e+00	   8.9876332404189763e-01	   1.3937093668608087e+00	   1.1330782204383851e+00	   0.0000000000000000e+00	   9.7189472436837632e-01	   1.0821967964299724e+00	   5.3362275246903190e-01	   1.0268915367683746e+00	   7.5384966234773187e-01	   1.0355642035872259e+00	   6.3325037926946759e-01	   1.0705397511026677e+00	   5.8051612592236390e-01	   3.7064959649937107e-01	   6.5408310882660570e-01	   7.5888032169514341e-01	   6.2441779826002575e-01	   5.9158984167440032e-01	   4.1304446309045972e-01	   7.3117303029053582e-01	   1.7434351144435248e-01	   5.1321774832316969e-01	   2.7235102131677280e-01	   4.2401833998248845e-01	   6.9768949502242239e-01	   5.5894560961415407e-01	   4.2258778315486717e-01	   4.8586757625900662e-01	   7.5763948361349742e-01	   8.7861865459449440e-01	   4.2533764290635434e-01	   6.7898056031932175e-01	   4.1030054980689884e-01	   6.4284782538945839e-01	   3.1567618734598835e-01	   4.3082668773581367e-01	   4.5045197498815098e-01	   5.2513566881203844e-01	   7.4778503467497559e-01	   7.4571202756666011e-01	   7.0298551998736725e-01	   7.1922281267464583e-01	   9.0772558113005541e-01	   9.4149025337760017e-01	   1.1102077902105889e+00	   9.1212461090603636e-01	   1.2001067599669843e+00	   7.8671382736728934e-01	   8.2973548024023391e-01	   5.9686782427899188e-01	   9.3696770369850135e-01	   8.4563293583790866e-01	   3.8615006079216796e-01	   4.0381019310965977e-01	   9.1619304960500270e-01	   9.0212835544282388e-01	   9.6267435424402603e-01	   1.0798108990328996e+00	   6.6280538776845244e-01	   6.4035004645387683e-01	   2.8596906845129960e-01	   8.0993309409381642e-01	   7.3298331200075073e-01	   8.7766320059159153e-01	   4.7992715499631577e-01	   6.8170344979555686e-01	   2.4220403747427016e-01	   6.1259726267754289e-01	   4.1418361430840295e-01	   4.7776140955924640e-01	   5.4861477072062015e-01	   7.0076688879280513e-01	   3.4779088758664684e-01	   5.5154662895251594e-01	   5.7039659354314565e-01	   5.1577079179074159e-01	   6.5085661197833289e-01	   5.3773561815600346e-01	   6.5561077655261879e-01	   6.2062327607419188e-01	   6.6538954620064927e-01	   8.4082577442153017e-01	   1.8665821426643536e-01	   4.8449123208007716e-01	   1.0026478602382451e+00	   1.0336649526027557e+00	   9.6731439295636501e-01	   6.9646577146298472e-01	   6.0854573872268225e-01	   5.4880370169443204e-01	  -1.8365505607170549e-01	   2.9620117499435711e-01	   3.5109089665528354e-01	   5.2324328626878203e-01	   1.0022247093238443e+00	   9.3312421012640434e-01	   4.6840054667817776e-01	   7.8428078658773726e-01	   5.1923400737752967e-01	   8.7412164449000906e-01	   3.9347296391390746e-01	   3.1325223061969099e-01	   5.9672460446069964e-01	   6.3145345899410288e-01	   1.9226368173792252e-02	   3.0533727316239340e-02	   4.9943982160957512e-01	   9.6833357982398727e-01	   8.9860102070027637e-01	   4.7356314250197862e-01	   1.5641175554508523e-02	  -1.5680641858011887e-01	
   8.3849457543514772e-01	   4.8661861195004652e-01	   9.2554455385386758e-01	   9.1082757950516069e-01	   1.0958292596738870e+00	   1.1445989793640883e+00	   1.1042577958332227e+00	   9.7189472436837632e-01	   0.0000000000000000e+00	   1.1414933561593699e+00	   7.5526963060413543e-01	   8.8245456519589704e-01	   9.3165177486378536e-01	   7.8955508463689716e-01	   9.4752117329728636e-01	   1.0853340478521776e+00	   6.2420779454642839e-01	   3.2735037730875000e-01	   6.6196162813933990e-01	   4.8860172844527411e-01	   6.7375417650930158e-01	   5.0862705417504850e-01	   6.2565849475398549e-01	   7.8758710690606182e-01	   4.2827538649051156e-01	   5.3788415909846998e-01	   4.2606174595311663e-01	   4.7179452471649819e-01	   5.5146342399617909e-01	   3.9114510591411022e-01	   4.4889805924688797e-01	   4.1258937311483507e-01	   6.2760624587646741e-01	   6.0820509703681935e-01	   4.8628975446673645e-01	   6.3429375669105736e-01	   4.7377918997505541e-01	   4.9259811403019049e-01	   2.5553941139953856e-01	   2.0998581534526639e-01	   4.0481232787756516e-01	   3.5061607851248289e-01	   6.3968844084696819e-01	   5.2582811302221488e-01	   5.2911234274277730e-01	   4.3121588337727407e-01	   6.4824112008165902e-01	   6.8024944639417861e-01	   6.5515387522397717e-01	   5.5456042832661301e-01	   8.1737454474838955e-01	   4.9736072533208642e-01	   6.8423873937096247e-01	   6.6183706183812874e-01	   6.3953643535861293e-01	   4.8968936856898326e-01	   3.5986710040314662e-01	   3.7308916610193515e-01	   5.9297340665621101e-01	   5.1353615025373966e-01	   1.0189608542323629e+00	   8.7990745147338678e-01	   5.8732508389217453e-01	   5.0576887426315564e-01	   5.3057583622267424e-01	   6.8238625842845446e-01	   5.4034304302678382e-01	   4.9116863302705394e-01	   3.5014368013673131e-01	   4.8248365211021016e-01	   3.2690325069658638e-01	   5.6007858726710846e-01	   4.3555510308699075e-01	   3.6982948769750784e-01	   6.4183329525951538e-01	   6.1054963744575619e-01	   2.6692376123082590e-01	   3.5802388357206955e-01	   5.3237732182173392e-01	   4.9094675534670285e-01	   5.0306015161387707e-01	   4.7968786446968997e-01	   5.3505297891534276e-01	   4.6965233173110676e-01	   6.9167915761678689e-01	   7.2069257928996722e-01	   2.0738647810736993e-01	   4.5169411118420377e-01	   1.1175647235590453e+00	   9.1899062565866174e-01	   6.5192441853713257e-01	   6.4943573539560262e-01	   5.0712484533591495e-01	   7.0182505358449931e-01	  -1.9214825505854097e-01	   4.1293960843708150e-02	   1.4721927554763112e-01	   3.2175191182336704e-01	   6.1620219328079051e-01	   6.7035703888277864e-01	   2.3930748193220233e-01	   7.2015485592099915e-01	   2.9905675464706916e-01	   6.1248366994434977e-01	   3.1804283569323255e-01	   3.3568749128543895e-01	   5.1848996240732714e-01	   5.7751006069650102e-01	   2.4159452642049689e-02	   2.5128504468697150e-02	   3.1148772408403946e-01	   6.7597508024452235e-01	   6.1506376698488718e-01	   3.7438606297751048e-01	   1.6021060842760938e-02	  -1.6503212093940212e-01	
   5.1485556852384151e-01	   4.7064716295224418e-01	   4.6171596035876861e-01	   8.2638147998870937e-01	   8.2851130728010625e-01	   1.4091378134667893e+00	   7.6011669147895422e-01	   1.0821967964299724e+00	   1.1414933561593699e+00	   0.0000000000000000e+00	   4.3493324311435311e-01	   7.8365520436703429e-01	   6.0066790228243472e-01	   7.6750017648701818e-01	   5.8205085976717996e-01	   1.0206762614020155e+00	   5.3408444266396904e-01	   3.1807023343316387e-01	   4.1957103187332428e-01	   4.8208529332243244e-01	   4.8700827006976655e-01	   5.3528349874805614e-01	   3.5168224710398205e-01	   6.0782638597472682e-01	   2.1922502604702432e-01	   4.1350793743241998e-01	   1.8226021467126247e-01	   2.7821838278792360e-01	   4.6575294363914643e-01	   3.8822502998445663e-01	   2.7276531055618480e-01	   2.8054533565208312e-01	   5.3144813457016216e-01	   6.1726773173773064e-01	   4.4845218570713596e-01	   5.7452390111929486e-01	   2.3230254466690492e-01	   4.3126850866217736e-01	   1.7793701507485343e-01	   2.7643775229916778e-01	   3.0615815193317364e-01	   4.1327556485185490e-01	   6.4285597215700574e-01	   5.5468004243857116e-01	   5.9022434259212220e-01	   4.8031560483153568e-01	   6.3548427194435730e-01	   6.6818532342730497e-01	   7.1320777416196812e-01	   6.8030903582452951e-01	   6.8562767292384741e-01	   4.8835824123225491e-01	   7.8061661248587522e-01	   5.8791399152465273e-01	   5.7155910168070301e-01	   4.6796702273788732e-01	   3.7290243634070164e-01	   4.8589268796683671e-01	   7.4078134579459654e-01	   8.1627165502130850e-01	   9.9597795746413620e-01	   1.1266763128740260e+00	   7.2889434269871689e-01	   6.4626346224520759e-01	   2.6467756499728945e-01	   6.5321103912336287e-01	   4.9915382747059400e-01	   5.9771148058890888e-01	   2.7193328773085673e-01	   5.6034844324813737e-01	  -1.1707659018733010e-02	   3.6335973772757635e-01	   1.5963333528740145e-01	   2.8451514551390678e-01	   2.9264588776169115e-01	   3.9769128649208058e-01	   4.3005804656720673e-02	   2.1103507962169885e-01	   4.8105375684067664e-01	   4.1158114602731494e-01	   5.2353960521420140e-01	   4.1496766677831765e-01	   4.1112926580687120e-01	   3.5213898754200840e-01	   4.3524499054213855e-01	   4.8268069132248592e-01	   1.4216528790257227e-01	   3.0600682206904378e-01	   8.6879186886238491e-01	   9.0445097772286331e-01	   9.3600467601210036e-01	   6.7811699651118185e-01	   7.8879857961235944e-01	   6.3839782594869621e-01	  -3.1963618892094364e-01	   2.5701126898974491e-01	   1.1108764707086063e-01	   2.5455355663850510e-01	   7.8518516921025383e-01	   7.0214203254435303e-01	   5.3991345717330741e-01	   7.6879533839313718e-01	   5.4756414363892092e-01	   7.6887315305312720e-01	   5.1930792046414842e-01	   5.0480724356892681e-01	   7.3923414578771374e-01	   6.5168963708777794e-01	   5.2681274154929972e-02	  -3.2854416539485676e-02	   2.0141193026500873e-01	   8.3158095927384146e-01	   8.0251855507001812e-01	   4.5723944024056790e-01	   1.1210894359995384e-01	  -2.4383192712853684e-02	
   8.9596142784637089e-01	   4.0990064854562419e-01	   6.5864181065216343e-01	   5.2909386243037448e-01	   6.1468888324116144e-01	   5.8924067756867882e-01	   5.3735087646721214e-01	   5.3362275246903190e-01	   7.5526963060413543e-01	   4.3493324311435311e-01	   0.0000000000000000e+00	   1.0075996509115508e+00	   1.3518057927719156e+00	   1.0278673988478111e+00	   1.3322294629600639e+00	   1.0108155105732817e+00	   3.1286164947623513e-01	   1.2761835201208338e-01	   6.3515578175033871e-01	   3.6946576027928624e-01	   7.1264035622625299e-01	   5.8362982302261246e-01	   5.9486202407159550e-01	   8.1987540260602820e-01	   2.2937519275372079e-01	   3.1590192372333631e-01	   3.9647120107344042e-01	   4.3251050693445836e-01	   4.7640460489777037e-01	   3.2134768236090283e-01	   3.1716247389660773e-01	   3.1031488231155896e-01	   4.2558780051643907e-01	   3.9155165912220641e-01	   4.3143518634323325e-01	   4.1291876331689770e-01	   4.2245707641281705e-01	   4.3932792272558252e-01	   1.8979521189413553e-01	   1.1074974730794274e-01	   3.3093961276325456e-01	   2.9506816430299865e-01	   4.8309325685860594e-01	   4.2247415422675705e-01	   5.6500049210957426e-01	   5.0799857867064979e-01	   4.6580378426129720e-01	   4.3803181541994834e-01	   6.2548104580390906e-01	   4.4576946604513989e-01	   5.9630580860442506e-01	   4.6979272928156313e-01	   4.4575863863390397e-01	   5.2695492267095134e-01	   5.5763386357093436e-01	   3.7645204329222015e-01	   1.0491348831250297e-01	   1.1054201526834830e-01	   4.1103018183748186e-01	   2.4543228530612604e-01	   4.3869156859486669e-01	   4.9825398430566115e-01	   1.9832429456768219e-01	   1.9856165412332247e-01	   4.9492019108466123e-01	   4.8256045816576987e-01	   3.8025514950344996e-01	   3.3285683645886210e-01	   2.6710614041062120e-01	   3.0005823430043171e-01	   4.2625950580562644e-01	   5.8157229174693270e-01	   2.7154254494001262e-01	   2.4207589611380700e-01	   4.3507690293306567e-01	   4.2605063226967976e-01	   2.0462708999310772e-01	   2.7852813192819642e-01	   3.9122027497423961e-01	   3.5223724765423731e-01	   4.3773385056467340e-01	   4.9176632935980691e-01	   7.1213652215571233e-01	   6.1734702507496486e-01	   9.8109037285195233e-01	   7.5078244256402782e-01	   3.1138852384143412e-01	   6.6749623508315603e-01	   7.7227503238480466e-01	   5.7110100079522641e-01	   3.7413487830005587e-01	   4.6191609111989274e-01	   1.8417242696105512e-01	   4.1953777105417323e-01	   1.8678983182300886e-02	   2.1766576344794994e-02	   1.0420791047209371e-01	   1.8246821546855899e-01	   3.4216863578706463e-01	   4.4074814348058972e-01	  -4.0759491873845907e-02	   4.6893298568208686e-01	   8.0758090112071537e-02	   2.5411056783301011e-01	   1.7092955925985703e-01	   1.4763856213792059e-01	   2.4693488573526384e-01	   2.4771454142848909e-01	   2.0018054489674381e-01	   1.3516590172717105e-01	   1.7937820204779040e-01	   4.6726382248758364e-01	   5.4770129188773520e-01	   2.2610529923549499e-01	   7.0614654016199513e-02	  -4.6780768568082456e-02	
   9.7255878460677470e-01	   7.1618538290541200e-01	   5.4461149662370800e-01	   9.0485378933054383e-01	   7.9666629038964587e-01	   9.8116192920679957e-01	   7.8885935874395607e-01	   1.0268915367683746e+00	   8.8245456519589704e-01	   7.8365520436703429e-01	   1.0075996509115508e+00	   0.0000000000000000e+00	   1.0063796870468511e+00	   1.6715929399084923e+00	   9.0913445139705940e-01	   1.3935581571135276e+00	   7.1235253861157177e-01	   5.3097322327024221e-01	   8.2369528806598824e-01	   8.4030610672977635e-01	   7.7616121131268079e-01	   7.3279211927783394e-01	   4.8267275751037297e-01	   8.8517523137502119e-01	   2.2111508394185497e-01	   5.2753381879636985e-01	   2.5088516412223039e-01	   4.0955292758818695e-01	   9.6691715288314228e-01	   8.5377760108791900e-01	   5.2718982737190767e-01	   5.6947130430944426e-01	   8.5725393573080466e-01	   8.8311868089953138e-01	   4.8138509342876046e-01	   5.8554099931993486e-01	   4.7725937801086066e-01	   7.6866439042833068e-01	   3.5273315878531458e-01	   4.9068686476187595e-01	   6.8732005022628839e-01	   7.4880136299158995e-01	   8.4770437268887155e-01	   8.4606339476571213e-01	   8.8018765410259370e-01	   9.2832585997240324e-01	   1.0715909181093006e+00	   9.9599229315629090e-01	   1.0221014679908393e+00	   8.1324642651996126e-01	   8.3887878768031920e-01	   6.1044058327640827e-01	   7.0293476291597290e-01	   6.0506322307472493e-01	   9.4566151368502271e-01	   9.2066117594648611e-01	   4.7378120585902611e-01	   4.3959364217119234e-01	   5.9699371069197937e-01	   5.5664662523168174e-01	   7.4539474204578837e-01	   9.7735723986839451e-01	   6.3223007752080895e-01	   7.3777441511112196e-01	   3.0105876511647423e-01	   6.0364773452980369e-01	   5.7507915509713603e-01	   6.3732337163798203e-01	   4.9612888359783769e-01	   6.0947231359958842e-01	   4.0787681932501973e-01	   7.9225982776944825e-01	   5.2050763292051638e-01	   6.4371090664243813e-01	   5.9772094192962921e-01	   7.2031628751642307e-01	   4.3045384203324472e-01	   6.0666754551816815e-01	   7.5939019352951753e-01	   6.9574993785370354e-01	   8.9817952081882724e-01	   9.0536091209591263e-01	   9.7055980576044210e-01	   1.0875097370681934e+00	   1.0298230994274520e+00	   9.8195606766068622e-01	   4.1280373149062000e-01	   7.1532878868676353e-01	   9.9738519528875591e-01	   8.1637186239488746e-01	   8.3015854671149136e-01	   5.9305703313293345e-01	   4.9114486737253660e-01	   4.5922289923104570e-01	  -1.9055588896523909e-01	   2.6372394900049789e-01	   2.9569699437736385e-01	   5.1979171387594114e-01	   9.1140946030461711e-01	   1.0140871261600173e+00	   3.1111447996648794e-01	   6.5712243516682367e-01	   4.3024600830279985e-01	   6.2366847224588595e-01	   3.5059975289400996e-01	   2.7202396986902677e-01	   6.1390846680035227e-01	   5.8288623254764360e-01	  -3.0413746040659231e-02	  -5.5765621260710357e-02	   4.9542868685939023e-01	   9.6852483079320983e-01	   8.3477927432416166e-01	   5.1461494017917775e-01	   1.5782530269872998e-02	  -1.7745247880680559e-01	
   8.1645684107097127e-01	   3.8297538626796213e-01	   6.5710042500588761e-01	   5.5005264366476458e-01	   7.6459749580507075e-01	   7.6005027668776459e-01	   8.2959738853801768e-01	   7.5384966234773187e-01	   9.3165177486378536e-01	   6.0066790228243472e-01	   1.3518057927719156e+00	   1.0063796870468511e+00	   0.0000000000000000e+00	   1.2111164275409725e+00	   1.1153763983439795e+00	   1.0834456931245164e+00	   3.8519645525939206e-01	   1.4990483929906503e-01	   5.5105908032136308e-01	   3.5520957804061032e-01	   6.6544664920582774e-01	   5.6896076289147468e-01	   4.0205408303663442e-01	   6.1867849318600920e-01	   1.5503809782538808e-01	   2.7593798503594391e-01	   3.2925631203164279e-01	   3.8746825959264192e-01	   5.3684256453899148e-01	   3.7078343399560343e-01	   2.4042703219491152e-01	   2.1625840248759828e-01	   4.7011214528377171e-01	   4.0051475337809983e-01	   3.1048695525565950e-01	   3.4583316826449251e-01	   4.3605231774188874e-01	   4.5975880886638421e-01	   2.4375794994385391e-01	   2.1143639530320177e-01	   3.7251305474512597e-01	   3.3837356583982681e-01	   5.4237962765187786e-01	   4.7906346430267510e-01	   5.1336129123545526e-01	   4.7448251113460904e-01	   5.6006501963661159e-01	   5.5696350522301319e-01	   7.7367404173549015e-01	   5.0096637693890345e-01	   7.1640583274011338e-01	   4.6458958354596946e-01	   5.8345873940273096e-01	   4.5945677719010947e-01	   7.1081149585757086e-01	   5.0782711724877061e-01	   1.1792162132810280e-01	   1.2565125224298079e-01	   6.8055272863686422e-01	   4.0750527676200177e-01	   7.8043458842359459e-01	   6.5004376878903947e-01	   3.4171208836418315e-01	   3.1927204157782185e-01	   3.4630712374212425e-01	   4.2409849092132085e-01	   3.5671799443717717e-01	   3.0924762448816090e-01	   2.8978656808726116e-01	   3.3972647976018400e-01	   3.8472874627815939e-01	   5.4533920764523414e-01	   3.0619500318410731e-01	   3.0835992584646854e-01	   4.4931694846677389e-01	   5.0985386618493966e-01	   2.0535441060490223e-01	   2.9593902026029750e-01	   3.8958538161830225e-01	   3.6522453432552771e-01	   4.6078805439469717e-01	   4.7187073005572489e-01	   6.1455834693943501e-01	   5.5556042030163311e-01	   7.3161078819897685e-01	   6.9802332580693816e-01	   2.0369832745050925e-01	   5.3239175245453318e-01	   9.0414937967829245e-01	   6.8455757956320507e-01	   4.5338872646259065e-01	   5.2362527706366047e-01	   2.7246281469570038e-01	   5.3115054830098130e-01	   2.8285147865246510e-02	   1.3769035223935336e-01	   2.2045761488771129e-01	   3.5289767556048207e-01	   4.6605583961742486e-01	   5.5343650497118380e-01	   1.3129603361158754e-01	   6.7323999538567980e-01	   2.1619891802234686e-01	   4.7398138211083485e-01	   2.3532431924378333e-01	   1.9602015748218343e-01	   3.6744863199501154e-01	   4.1718309461563263e-01	   1.7801647045419122e-01	   1.3491667133913313e-01	   2.6121071877044238e-01	   5.3183729157262305e-01	   5.9385755709309085e-01	   3.2363463459299147e-01	   6.3697061234469499e-02	  -6.0759107739831175e-02	
