   0.0000000000000000e+00	   9.3617241904062243e-01	   8.6218790805151979e-01	   8.2818985709102766e-01	   7.3882455558799198e-01	   7.7895518495080895e-01	   8.9218709191776702e-01	   8.7913545112359970e-01	   7.8898028600603709e-01	   8.2669461158128299e-01	   8.9957332210641416e-01	   8.0538067921068701e-01	   8.7893429079086760e-01	   8.7385706929241702e-01	   8.7291057177197384e-01	   8.5821887698024768e-01	   6.2853303250705483e-01	   2.6250139205547962e-01	   8.9248631788580302e-01	   8.3020847846454826e-01	   5.6501999947393677e-01	   5.4973623147894979e-01	   7.7572694990691193e-01	   8.2402681011698209e-01	   7.6736306405396870e-01	   8.2780067153856118e-01	   6.9247664631553030e-01	   7.9810990442818930e-01	   5.1403427576194660e-01	   3.7049909625755495e-01	   7.4143101328878147e-01	   6.7511858486769982e-01	   7.9666853437872975e-01	   7.9206511950056868e-01	   3.5439754203664903e-01	   3.7104105385742081e-01	   1.0305079582229361e-01	  -1.3391014252504049e-02	   3.1164214383074418e-01	   2.4847295111678602e-01	   5.6064082640491963e-01	   7.3698633926009283e-01	   8.6195988972653736e-02	   5.5529799739208213e-02	   5.7419851291592527e-01	   4.9827057331408159e-01	  -4.1698597817322075e-02	   4.8899536947332123e-02	   4.9504724280986195e-01	   3.9574769734975868e-01	   2.2286653386875629e-01	   1.1742501140299241e-01	  -6.6178500363248266e-02	  -1.4342889861348390e-01	  -1.1920102748666712e-01	  -3.2198361070527919e-02	   8.8499084407647488e-01	   8.4245023961102838e-01	   8.6643601561500172e-01	   8.3801360154656113e-01	   8.7770864874627341e-01	   7.0300693974826345e-01	   7.4966240826847375e-01	   6.2891733144145034e-01	   6.7911480370252164e-01	   6.5492292933000007e-01	   8.1744941878024147e-01	   6.1465732925767547e-01	   8.5615303528323605e-01	   6.5564393583807346e-01	   2.0782955756445903e-01	   2.9072395540704599e-01	   3.9899227661956310e-01	   2.3918654397881589e-01	   6.1683606890438236e-01	   6.0377861054824655e-01	   3.3518344222614843e-01	   3.0233133488991709e-01	   3.2474362500234566e-01	   5.6351290752848053e-02	   6.3730379997263864e-01	   4.8013350059141580e-01	   8.7020808602734079e-01	   8.6861699486142574e-01	   3.2499125327085504e-01	   2.3472802178343971e-01	   7.8555354944584177e-01	   7.0579594833435411e-01	   5.3420767083720166e-01	   4.2599716519356040e-01	   3.0043046489201070e-01	   3.6770431708828388e-01	   5.1394182553458356e-01	   1.1781873800665367e-01	  -2.2039193242940172e-01	   1.7601758663353712e-01	   2.9046210221943858e-01	   1.2408801214174053e-01	   1.3895004109508377e-01	   2.6740117324358992e-01	   3.9676026982515555e-01	   2.3712395351082491e-01	   3.0233842907207475e-01	   2.0534082318965621e-01	   6.8524514574229492e-02	   8.7329639055154229e-02	   2.5251736397850483e-01	   2.8755188307332769e-01	   1.9492709008363296e-01	  -5.5366026979114254e-02	   1.9667191970318298e-01	   2.1803301322683216e-01	  -3.1707036669663388e-02	  -9.8182346532739315e-02	  -1.4249687958414439e-01	  -2.7377122740237969e-01	
   9.3617241904062243e-01	   0.0000000000000000e+00	   7.9746895420709252e-01	   8.3900944314587167e-01	   6.8696123006371546e-01	   7.3018897942578165e-01	   8.4150562977332732e-01	   8.5218920391029507e-01	   7.4748731924401568e-01	   8.0215686712635093e-01	   8.1561567885212605e-01	   7.6343242850615423e-01	   7.6655863076810737e-01	   8.0504197448033210e-01	   8.0758907317944306e-01	   8.2592839366984894e-01	   5.5222512071118901e-01	   2.4657642840679506e-01	   8.8689688039356462e-01	   8.2749319761647766e-01	   4.8583420432160523e-01	   5.1000446491140594e-01	   7.2479860731252888e-01	   7.8194474197186881e-01	   7.3650343193603696e-01	   7.9185874374159138e-01	   6.2369876157096560e-01	   7.4430306779893507e-01	   4.6221331687433109e-01	   3.6819210720751339e-01	   7.2505875718957913e-01	   6.7881536129272746e-01	   7.9515354022373597e-01	   8.2658992686599930e-01	   3.3789986480763712e-01	   3.2788658108412849e-01	   6.6626937019670207e-02	  -5.1608344935197351e-02	   3.1397660290120427e-01	   2.1296088470965222e-01	   5.9591453519693782e-01	   7.5045560656308041e-01	   2.2332121418232147e-02	   2.9184336998953393e-04	   5.2883120457640675e-01	   4.4748707961152057e-01	  -1.0609585957137097e-01	  -8.7657232838481165e-03	   4.2821999826492696e-01	   3.3517105438380340e-01	   1.4497418297758147e-01	   4.5315987473807717e-02	  -1.5497725589240124e-01	  -2.2881215360632912e-01	  -1.7536022891764591e-01	  -9.4821611046645687e-02	   9.1127036791068083e-01	   9.2951989245876188e-01	   8.5174349122465676e-01	   8.5106943823766490e-01	   8.3630062213914402e-01	   7.1100929794430101e-01	   7.2624284441955711e-01	   6.4110198803422913e-01	   6.8224531497625973e-01	   6.5885043676926014e-01	   8.0346668451021008e-01	   5.4626250407374677e-01	   8.6886126841957645e-01	   6.6185539600047127e-01	   1.1693352818529229e-01	   2.2035062731444260e-01	   3.6129265539139971e-01	   2.2987464744049918e-01	   5.8426967913953065e-01	   5.7030910001020962e-01	   3.0695086906060831e-01	   2.7357658880755070e-01	   2.7500800902234046e-01	   2.8005848463893063e-02	   5.5995851591258872e-01	   4.1166464082894583e-01	   8.7003400464742242e-01	   8.4845614314598627e-01	   2.6726855175281350e-01	   1.6284298273445297e-01	   8.3034835360858839e-01	   6.8094934506378935e-01	   5.4831125049896845e-01	   3.4954353567235480e-01	   2.1047799330602465e-01	   2.7701180786966340e-01	   4.0658687424567308e-01	   5.4049334749543487e-02	  -3.0033345284504565e-01	   1.0505282272550881e-01	   2.3157798854250908e-01	   6.4417846815450860e-02	   6.0148087565468342e-02	   2.0845990926390615e-01	   2.7635670406404589e-01	   1.7323372956716371e-01	   1.9958983555450019e-01	   1.5653282267023233e-01	  -5.9268975301699847e-02	  -9.2199481211606947e-03	   2.1435557696212554e-01	   2.6389735527946001e-01	   1.5904808549545474e-01	  -1.3346371859800080e-01	   1.0776353094726460e-01	   1.1013772930473718e-01	  -1.5050844752918852e-01	  -1.6556544941420800e-01	  -2.1933566157364393e-01	  -3.5699951275461833e-01	
   8.6218790805151979e-01	   7.9746895420709252e-01	   0.0000000000000000e+00	   8.3590455484797577e-01	   7.7280533980251631e-01	   7.7332924004939030e-01	   9.6660093033108030e-01	   8.1778485057246086e-01	   7.7220803884858902e-01	   7.4780799292256761e-01	   7.6595858484874557e-01	   6.0695331578516598e-01	   7.5399015644126643e-01	   7.0656536095273048e-01	   7.5788813624654483e-01	   7.3178852694853869e-01	   4.8133992121847680e-01	   1.5100347760157970e-01	   7.6854077972693136e-01	   7.0593558264997336e-01	   5.7867830390389574e-01	   5.1867771457892642e-01	   9.1848499567573860e-01	   9.3891211513486661e-01	   8.7755770834900582e-01	   8.9284018187453063e-01	   6.9672387682534154e-01	   7.6121576578685457e-01	   3.7703285137199127e-01	   2.2703549476237544e-01	   8.2313563558902314e-01	   7.5933594159615070e-01	   7.0595985327938227e-01	   6.8637106011940185e-01	   4.7550630174443786e-01	   5.2275744012551806e-01	   3.9188723566571659e-02	  -4.2357111268296901e-02	   2.4124800058921364e-01	   1.8347611095913213e-01	   4.4127052212202134e-01	   6.5658807875538405e-01	   1.0203867713211018e-01	   7.7131780273767020e-02	   5.7657275658873575e-01	   4.4263419728199765e-01	  -4.1407593608447466e-02	   4.5585978697614202e-02	   4.5340104368181189e-01	   2.7142953533853986e-01	   2.1946039585002536e-01	   8.1887237950512434e-02	  -7.7090839590105403e-02	  -9.4142960769131701e-02	  -1.2947150948747782e-01	  -3.2568161021051652e-02	   7.7296284428134976e-01	   7.1498464535508321e-01	   7.7043594322703479e-01	   6.7401182902577217e-01	   7.0445430901179573e-01	   5.3252893930407175e-01	   6.3240871754971395e-01	   4.7013159882669942e-01	   7.0048936018194308e-01	   6.0402955674428627e-01	   8.0372269679175257e-01	   6.2941430850026925e-01	   7.1215312399998276e-01	   6.4071236780033658e-01	   2.7928787686561884e-01	   3.1604178586046444e-01	   3.1800335998513640e-01	   1.7173310650560328e-01	   5.2560529142794166e-01	   4.9725144404652244e-01	   2.7309313522083478e-01	   2.4077692699678543e-01	   3.0742832085318939e-01	   2.6761599060923406e-02	   5.4977524806239564e-01	   4.3872124800059220e-01	   8.1045855956603874e-01	   7.8740479602041691e-01	   3.4980082289969056e-01	   2.6298231087224516e-01	   7.3278773324757085e-01	   6.5358952580265273e-01	   4.8257424843843832e-01	   4.1886833302865423e-01	   2.5751301116903369e-01	   4.0569865030639091e-01	   5.5050231891975354e-01	   1.6564035323296616e-01	  -1.9694548650071386e-01	   1.6919069443771101e-01	   2.5225217587397963e-01	   9.6819209782394389e-02	   1.0483263452388532e-01	   2.5721065206365834e-01	   3.2731213209186083e-01	   2.2930283565886772e-01	   2.2528039745282502e-01	   2.0437356637939266e-01	   4.1983106055419397e-02	   5.6225852043181437e-02	   2.5425169725802305e-01	   1.9293729527326955e-01	   1.6042918680755056e-01	  -2.5161791321956267e-02	   2.0264476665330378e-01	   1.8763545192193015e-01	   9.9941829640573417e-03	  -9.6686036390185859e-02	  -1.4297040633501537e-01	  -2.5860684829097830e-01	
   8.2818985709102766e-01	   8.3900944314587167e-01	   8.3590455484797577e-01	   0.0000000000000000e+00	   6.6614217438669543e-01	   8.6502902015571204e-01	   8.7565980809648691e-01	   9.3437521809614510e-01	   7.1021945009793497e-01	   7.9362686385244541e-01	   6.6933043211495435e-01	   6.0465251506703599e-01	   6.9940002816022617e-01	   6.8939448956376825e-01	   6.7701846953585254e-01	   6.4299158294211356e-01	   2.6085297959037290e-01	  -3.4578873453721834e-02	   8.2218224123281414e-01	   8.5420104331279190e-01	   3.5792276674307039e-01	   3.2094262506569121e-01	   6.9748176043472754e-01	   8.0617694037445531e-01	   7.9121987472082189e-01	   8.4432150620087443e-01	   6.3828809236667106e-01	   6.6840958694159591e-01	   1.2481756549804685e-01	   3.1671599857995031e-02	   5.8833638697057866e-01	   5.4144227234542996e-01	   5.9017545476181810e-01	   6.5284772772256738e-01	   2.4181851736744020e-01	   3.6066244624330113e-01	  -1.7796760796842148e-01	  -2.4808078333176484e-01	   1.0790223387468045e-01	   2.0467432744466045e-02	   2.8505432888692250e-01	   4.8640320119577218e-01	  -1.8966061846224821e-01	  -2.0611061075864132e-01	   3.1949683548903945e-01	   2.2570978017201515e-01	  -2.9300949548892824e-01	  -2.1346066444795481e-01	   2.7874068444716382e-01	   1.2956832959312142e-01	   4.9993268191568095e-02	  -7.1636725230023235e-02	  -2.5248350990079516e-01	  -2.8203218102612870e-01	  -2.7798364071487702e-01	  -2.1441617939786373e-01	   7.2053569375773452e-01	   6.9071412341259641e-01	   8.3066074288229208e-01	   8.4668985424573040e-01	   6.9587053483884631e-01	   5.6678822065483359e-01	   4.6271159620612035e-01	   3.9402038162200198e-01	   4.9357142379021046e-01	   5.3738388616710941e-01	   7.4255349105153290e-01	   6.3692733372674437e-01	   8.0619224527819155e-01	   8.1148839497329195e-01	  -3.3437506346544230e-02	   1.2923572347828552e-01	   8.1161408279981834e-02	  -2.4579679319739617e-02	   3.0536245532076545e-01	   3.3639426317747112e-01	   5.9839731438466520e-02	   3.6229747970145776e-02	   2.4899051373530476e-02	  -2.1186731676414738e-01	   3.1755358398953415e-01	   1.8290355994558624e-01	   6.3814285287450101e-01	   6.2984875010912422e-01	   4.9092232761761771e-02	   1.5293428817169934e-02	   6.4103488816980336e-01	   5.2776107057954280e-01	   4.5082475242926379e-01	   3.5713625461869902e-01	   1.2107833094115528e-01	   3.1934895364086685e-01	   4.8228179905095248e-01	   8.1904570270351709e-02	  -3.3950938747071091e-01	   4.2512890814380630e-02	   2.6427756436488928e-02	  -1.0368649733062682e-01	  -9.6409743996743208e-02	   2.1019657501533045e-02	   2.8963161512114494e-01	   2.0564246278905376e-01	   1.9715670344488495e-01	   1.7874131746714020e-01	  -4.7353281844443082e-02	  -5.5833180226898378e-02	   2.0351306413011294e-01	   3.1493016691801079e-01	   6.5301858492808201e-02	  -1.5704911580674097e-01	  -1.0121183360201746e-02	   7.5591952201221856e-03	  -1.5526866648518872e-01	  -2.2541746880948499e-01	  -3.0624252750514197e-01	  -4.1172550560869825e-01	
   7.3882455558799198e-01	   6.8696123006371546e-01	   7.7280533980251631e-01	   6.6614217438669543e-01	   0.0000000000000000e+00	   7.7756801579551205e-01	   7.6629843948035914e-01	   6.6382734851604352e-01	   8.4670659602676057e-01	   7.4226443566435041e-01	   6.0852456822962986e-01	   5.1277337269515499e-01	   6.5821603349866320e-01	   5.6693249986061844e-01	   7.7843457208506872e-01	   6.7645100237731115e-01	   3.6397786202856930e-01	   1.2125347004273561e-01	   6.1739168711083159e-01	   5.4908895177631323e-01	   6.4781634371680719e-01	   4.9466585991795076e-01	   7.1167998416442491e-01	   7.0581516579589509e-01	   8.2539700266902427e-01	   8.5526225648075505e-01	   8.8669269934098238e-01	   9.1450516395218584e-01	   2.9704301070977024e-01	   2.0460878208622196e-01	   6.7459770252279094e-01	   6.1025601271009489e-01	   5.6071659175248956e-01	   4.9659159065575442e-01	   3.0076357901681400e-01	   2.8572814201656455e-01	  -3.8062752824236504e-02	  -4.8463997836837941e-02	   9.1131121565492496e-02	   9.3029864998154438e-02	   2.6908695620000989e-01	   5.1951532930873001e-01	   1.3757544926640752e-01	   1.2642262290691580e-01	   5.0242847377296429e-01	   3.9520802684683365e-01	  -4.3210780824335217e-03	   6.0830535113144804e-02	   3.8584861374441326e-01	   2.7943678807359318e-01	   1.4146026230960460e-01	   5.3554150030490466e-02	  -7.4401201298716538e-02	  -7.9995714201966800e-02	  -1.6292802438237244e-01	  -3.2378606261967958e-02	   7.5238710843800871e-01	   6.1426100385022187e-01	   7.0052089852989263e-01	   5.9192184172441331e-01	   6.9498418058349942e-01	   5.8861992851176381e-01	   4.8878080736470486e-01	   3.9058425514264661e-01	   6.8179420767121934e-01	   5.6749395174339234e-01	   6.1883737105810266e-01	   4.0629405128000684e-01	   6.3346556824645062e-01	   4.9232652780217523e-01	   3.6676594951579794e-01	   3.9792785791951801e-01	   2.9999348177945628e-01	   1.5203983463886542e-01	   4.6088147800967927e-01	   4.3207467949967626e-01	   2.7803072686643499e-01	   2.6108102651808152e-01	   1.9172254097680919e-01	   4.6897697993272099e-02	   4.3105486241753965e-01	   3.7448862443896430e-01	   7.2013548161203311e-01	   6.5944549590168799e-01	   3.2764153410392005e-01	   2.4902818516061931e-01	   5.8749277963334556e-01	   6.6994992388626629e-01	   3.7446979198175112e-01	   4.6993951894205199e-01	   2.2155085964452015e-01	   2.6881322040070799e-01	   3.6713545728006447e-01	   1.2893621697941863e-02	  -1.9298525885054726e-01	  -3.3483482114494062e-02	   2.0159109456903476e-01	   5.2435089883382593e-02	   9.9838188015599599e-02	   2.0611948266182992e-01	   2.9829240140559610e-01	   8.7428954882251247e-02	   2.2331910650712039e-01	   1.0635750438628483e-01	  -4.2199833363882694e-02	  -1.1644864978044286e-02	   2.9636194562260848e-01	   2.5172765686354587e-01	   1.0331383518846687e-01	  -1.3566391473487135e-01	   1.2756894277939401e-01	   1.0418919556784673e-01	  -5.2312886917137411e-02	  -9.5130202200749109e-02	  -1.8893459896608308e-01	  -2.6881381144791416e-01	
   7.7895518495080895e-01	   7.3018897942578165e-01	   7.7332924004939030e-01	   8.6502902015571204e-01	   7.7756801579551205e-01	   0.0000000000000000e+00	   8.2804434448921305e-01	   8.3384673380585839e-01	   8.4329605954425557e-01	   9.0800295600317082e-01	   6.2832919573600221e-01	   5.4105708319501433e-01	   7.4513506677824171e-01	   6.5276296229382780e-01	   7.4999353915036959e-01	   7.3920391109834249e-01	   2.4643999865011651e-01	   5.8716668403224824e-04	   6.9596891421279139e-01	   7.4580950187818285e-01	   4.1002142930427077e-01	   3.9176497561095130e-01	   6.4367621594151303e-01	   7.0346349419554643e-01	   7.7837883975352284e-01	   8.3322048582042618e-01	   6.4237614168487278e-01	   7.4650515809545004e-01	   1.5126049861006857e-01	   6.2653129578048458e-02	   4.9288034958458227e-01	   4.4209638564973625e-01	   4.6959477102850933e-01	   4.9150708938481091e-01	   2.1821218009669327e-01	   3.0989762258765424e-01	  -9.6508715751308635e-02	  -1.3148857321052862e-01	   6.1866937805841647e-02	   1.0210721914443784e-01	   2.7650083429916417e-01	   4.5329695621723332e-01	  -6.8482375297931525e-02	  -7.7692323765440136e-02	   3.7071950796371267e-01	   2.8247631480177704e-01	  -1.6872413142263887e-01	  -9.2087169542888897e-02	   3.2139468375312646e-01	   1.7186524043394055e-01	   1.1532622528430927e-01	   9.6696872393359119e-03	  -1.1442667934586023e-01	  -1.6501896012597886e-01	  -1.8844413381326913e-01	  -1.0265318194547896e-01	   6.9641653486379629e-01	   5.9398796436575119e-01	   7.9566935048642906e-01	   7.5367443805773460e-01	   6.5909946986136281e-01	   5.0415485549163086e-01	   3.6802054112565263e-01	   3.0472951559896333e-01	   4.7607234891812666e-01	   5.0469363880931906e-01	   6.7091581953099055e-01	   5.7085565661563109e-01	   7.0289124407568915e-01	   7.4334024576809199e-01	   6.6816316050849880e-02	   2.1123429628760448e-01	   1.1484589945809928e-01	   2.4124150865839356e-03	   2.9678329083831151e-01	   3.2917615054534227e-01	   1.1361743888039513e-01	   9.2101176000630947e-02	   2.1588505391057226e-02	  -1.4922486138330110e-01	   3.0651590088254188e-01	   2.0614955391286857e-01	   6.2659587608882861e-01	   6.2591509484220831e-01	   1.5268710803170499e-01	   9.7503037742789372e-02	   6.1889838874786485e-01	   6.4131988588498445e-01	   4.7748978081305915e-01	   5.0202680892429519e-01	   2.3244615823758052e-01	   3.9934051509709578e-01	   5.3175331415153237e-01	   1.5638227616855199e-01	  -2.2539046144402741e-01	   9.1642080805370771e-02	   1.2034274440652742e-01	   1.2530012599313911e-02	   1.2834973328972186e-02	   1.1523855030732133e-01	   4.0966083064000092e-01	   2.3861779668539093e-01	   3.0955188319062038e-01	   2.1928868133400717e-01	   7.2232204835248989e-02	   4.6721913055649975e-02	   3.5356611266090654e-01	   3.6103327201643498e-01	   1.1051556772394883e-01	  -9.5537914086247677e-02	   1.0926434327744988e-01	   8.6225307900392165e-02	  -3.4065252744761042e-02	  -1.0382485684472190e-01	  -1.9606479172731708e-01	  -3.1544247590315805e-01	
   8.9218709191776702e-01	   8.4150562977332732e-01	   9.6660093033108030e-01	   8.7565980809648691e-01	   7.6629843948035914e-01	   8.2804434448921305e-01	   0.0000000000000000e+00	   8.8701902295611168e-01	   7.9284407750361541e-01	   8.2011594170108015e-01	   7.9898261606641274e-01	   6.4300565874666360e-01	   8.0610663174676334e-01	   7.4479442944917151e-01	   7.8966039945316191e-01	   7.8026707511627436e-01	   5.1017987845554513e-01	   1.5675719005915403e-01	   8.0037990858238273e-01	   7.5642397304583542e-01	   5.3966780049089325e-01	   5.0891572630087856e-01	   8.7006017780627931e-01	   8.9886324245362159e-01	   8.6790111171975270e-01	   9.0699675029054527e-01	   6.7801221293698055e-01	   7.6000744936140241e-01	   4.0052985734091628e-01	   2.5845226348147099e-01	   7.7564588595456252e-01	   7.1412840317232873e-01	   7.0871142754412420e-01	   7.0963171259293301e-01	   4.2357563693866968e-01	   4.8590006791091322e-01	   7.5406046205495222e-02	  -1.0878770576967246e-02	   2.9417002424210992e-01	   2.4290535052943757e-01	   4.8638094719573721e-01	   6.7866957397147720e-01	   8.1681597548515561e-02	   5.1655355165918196e-02	   5.4585227449614671e-01	   4.2464798975836149e-01	  -3.7028351486198562e-02	   4.7227234392123972e-02	   4.3868773755187696e-01	   2.7844999656445635e-01	   2.3446699736329685e-01	   8.2548774500183247e-02	  -4.5560147017058530e-02	  -8.3003992132702625e-02	  -8.2120815723493945e-02	  -1.0987769568951465e-03	   7.9609235536465084e-01	   7.4067634089049506e-01	   8.1968399331718289e-01	   7.3201944716963729e-01	   7.4768154728872449e-01	   5.7990674988833846e-01	   6.3619987428488189e-01	   4.9680998069976451e-01	   6.9263336780758822e-01	   6.2227101205106861e-01	   8.0350210767951658e-01	   6.0058087052832554e-01	   7.4619440548296656e-01	   6.7591058710687391e-01	   2.2499429855340569e-01	   2.7813646165583039e-01	   3.1453080270666173e-01	   1.7160981151665550e-01	   5.2327288516194848e-01	   5.1334096577010357e-01	   2.9869228961492666e-01	   2.6250208299100275e-01	   2.9298762606854084e-01	   1.4724383833702890e-02	   5.5763663976319633e-01	   4.2552799622676518e-01	   8.2131845046273777e-01	   8.0223059210299485e-01	   3.4340431565727503e-01	   2.3906965981121497e-01	   7.8682324771617917e-01	   6.9017770658503030e-01	   5.8842254409908001e-01	   4.6927624716858207e-01	   3.0965183099223492e-01	   4.6128633678517766e-01	   5.7793031050404708e-01	   2.0939471157852527e-01	  -1.6651492787769420e-01	   2.3111699211755288e-01	   2.9165380878314867e-01	   1.3564599982463960e-01	   1.4744826328055455e-01	   2.9037007088154743e-01	   3.8977666012766926e-01	   3.0586673919203167e-01	   3.0365726783383012e-01	   3.0042616587111826e-01	   9.5152877952632386e-02	   1.0809493142152185e-01	   2.9217031325436466e-01	   3.1551168747812314e-01	   1.9299202547767286e-01	   2.3657923688091363e-02	   2.3462363584338419e-01	   2.3118505189180788e-01	   5.5617198987491290e-02	  -4.0885258277231183e-02	  -1.0383197028708312e-01	  -2.2698409847708040e-01	
   8.7913545112359970e-01	   8.5218920391029507e-01	   8.1778485057246086e-01	   9.3437521809614510e-01	   6.6382734851604352e-01	   8.3384673380585839e-01	   8.8701902295611168e-01	   0.0000000000000000e+00	   7.0630968289357887e-01	   8.1077407131560897e-01	   7.9371417856485271e-01	   7.8239906580917484e-01	   8.1692248168660342e-01	   8.3445140122364125e-01	   7.2675805785461112e-01	   7.2623038498699199e-01	   4.5959094017612051e-01	   1.9464513516568274e-01	   8.0808935915959068e-01	   7.9658853306313981e-01	   4.2140700857863717e-01	   4.0789934700114394e-01	   7.1543594152401169e-01	   8.0023030952644625e-01	   7.5096854149671755e-01	   8.3501426008674851e-01	   6.5142154071945679e-01	   6.9921848051811519e-01	   2.8595676611016041e-01	   2.3085185510877476e-01	   5.7876082350208957e-01	   5.2296069474637141e-01	   6.4251196033013602e-01	   6.8321981951562727e-01	   3.1075450357853973e-01	   4.0360120948007439e-01	   7.5582393112013950e-03	  -4.6854206911555521e-02	   2.6024251041317775e-01	   2.3792183543372350e-01	   3.6005600314016800e-01	   5.8361792531142265e-01	   9.4800201558190213e-03	  -1.0827958535031653e-02	   4.2520061800692099e-01	   3.6891958329061314e-01	  -8.7420945790656679e-02	  -2.1700065306944536e-03	   3.7204698354129939e-01	   2.7483940341754598e-01	   2.0950643900023719e-01	   1.1198811749362264e-01	  -7.1923270652059529e-02	  -1.1670176413367128e-01	  -1.0391145965644474e-01	  -6.4836652502654156e-03	   7.2016067682453988e-01	   7.1426467856583042e-01	   7.9370325662950525e-01	   8.1078422033162934e-01	   7.9148625188208799e-01	   6.9057286785199390e-01	   5.7765250049972849e-01	   5.3864639212932963e-01	   5.8621985546357736e-01	   6.4988547870752200e-01	   7.3611223849545326e-01	   6.5810139261454403e-01	   7.6953404161019179e-01	   7.3110846201892121e-01	   8.8184050117415799e-02	   2.5339403724364257e-01	   2.1078325291139122e-01	   1.3286401188250216e-01	   4.1557453726558025e-01	   4.6646334309018644e-01	   2.4447897636928820e-01	   2.4567061072550136e-01	   1.8961813042619063e-01	   3.8229515777622814e-03	   4.6124030145054629e-01	   3.6768012016477869e-01	   6.9408864978416773e-01	   7.0697056724940255e-01	   2.1412250693917187e-01	   2.0873246532626633e-01	   6.7819689636871894e-01	   6.1995999170584393e-01	   5.4873148529932392e-01	   5.0264637158967373e-01	   3.1077541914939794e-01	   4.4154098348497312e-01	   5.8268201289030208e-01	   2.3594953194102414e-01	  -1.8169779661553137e-01	   2.0822704851941193e-01	   2.2840661243111296e-01	   1.0843990958854241e-01	   1.0369302280855119e-01	   2.2454612498116197e-01	   4.0186851565394971e-01	   3.3451741360604414e-01	   3.2302343483607132e-01	   3.2338470901990979e-01	   1.2716269115643997e-01	   1.3115524297624978e-01	   2.7084318622173348e-01	   4.1519167223249798e-01	   1.6796419857496120e-01	   4.2128878553895549e-02	   2.0005810539827346e-01	   2.2686066255117915e-01	   2.9377331920648651e-02	  -6.9950134853684190e-02	  -1.4052172852953199e-01	  -2.4303865597421723e-01	
   7.8898028600603709e-01	   7.4748731924401568e-01	   7.7220803884858902e-01	   7.1021945009793497e-01	   8.4670659602676057e-01	   8.4329605954425557e-01	   7.9284407750361541e-01	   7.0630968289357887e-01	   0.0000000000000000e+00	   8.9246005174006116e-01	   6.5165480906308704e-01	   5.3397009533705309e-01	   7.2007679948145453e-01	   6.1754286782632040e-01	   8.4095932367983151e-01	   7.9487930288796427e-01	   3.6648727008925147e-01	   9.0904757951666804e-02	   6.9506730666529659e-01	   6.3840786278123718e-01	   4.5225515380528913e-01	   3.9924289914757760e-01	   7.3131120822090800e-01	   7.2610494487431798e-01	   7.6035266771677867e-01	   7.7306394983448357e-01	   6.0918543590544449e-01	   7.3703554085707124e-01	   3.0888311347769215e-01	   1.6955238622887692e-01	   6.1010234149861475e-01	   5.6495863565069671e-01	   5.2703013633984142e-01	   4.9606372901270818e-01	   2.4068624059285876e-01	   2.4948133906693173e-01	  -1.2454613756466802e-02	  -1.0244922509070109e-01	   1.2691780984566781e-01	   1.2296137700606780e-01	   3.7568506914872568e-01	   5.1593849636122413e-01	   4.9519164638123579e-02	   2.8981828693283203e-02	   4.4721932456316299e-01	   3.7974644671453572e-01	  -8.3067640638252283e-02	  -8.1338802923151300e-03	   3.2938303005156933e-01	   2.7286949727715148e-01	   6.8416748743950720e-02	   1.8540506866140609e-02	  -8.3463399340577477e-02	  -1.2720919750299300e-01	  -1.6904853706185025e-01	  -9.1822956766817898e-02	   7.3691908769774495e-01	   6.1138014149484665e-01	   6.8620967846473868e-01	   5.8083381024908798e-01	   6.5318295666285586e-01	   4.9542260740314592e-01	   4.5666189436970361e-01	   3.2484210618209963e-01	   6.0209479081916506e-01	   5.1250771359432723e-01	   5.6335899732582706e-01	   3.6219896571652588e-01	   6.5480452003308354e-01	   5.7830568364178370e-01	   1.4740669304393317e-01	   2.2541090716625689e-01	   2.1114508738977317e-01	   5.4026497043261401e-02	   3.9543278225936757e-01	   3.6019770578761268e-01	   1.5521305564387344e-01	   1.2226878461672094e-01	   1.0495860466584503e-01	  -6.9720902652272751e-02	   3.6040815754649813e-01	   2.7304886430404562e-01	   7.6018690668547073e-01	   7.2298511575087832e-01	   2.5734453149833025e-01	   1.5295592789636633e-01	   7.1934300626736347e-01	   6.8668639462252079e-01	   4.9642163440929243e-01	   4.1246280406399460e-01	   2.6216580453849203e-01	   3.4075581070461181e-01	   4.1490080321813327e-01	   1.2668046860993509e-01	  -2.6685369562841749e-01	  -6.4840207930648985e-03	   1.6156035878278296e-01	   2.5115486274537736e-02	   7.4818393397504179e-02	   1.9563023554005668e-01	   3.1127520803395753e-01	   1.3995220920452120e-01	   2.5845435060317190e-01	   1.3275318786940796e-01	   4.1699967103576110e-02	   3.0734267757628810e-02	   3.7583009817414503e-01	   2.1696479070107103e-01	   6.9660215141473358e-02	  -1.5075792494707954e-01	   1.0217092442987598e-01	   1.0579574311175098e-01	  -8.8112083460564733e-02	  -1.5832584160579649e-01	  -1.8721242859751513e-01	  -2.7799295397118906e-01	
   8.2669461158128299e-01	   8.0215686712635093e-01	   7.4780799292256761e-01	   7.9362686385244541e-01	   7.4226443566435041e-01	   9.0800295600317082e-01	   8.2011594170108015e-01	   8.1077407131560897e-01	   8.9246005174006116e-01	   0.0000000000000000e+00	   6.9100830584038031e-01	   6.1804612877339904e-01	   7.8836318704693020e-01	   7.0922432192872131e-01	   7.9725353671758781e-01	   8.6144573071107966e-01	   3.8869463162692225e-01	   1.3452395907279929e-01	   6.8693629941709755e-01	   6.9765727940709721e-01	   4.1064595107716428e-01	   4.5514100099899235e-01	   6.4977094281242265e-01	   6.9144546712671096e-01	   7.0596194599913176e-01	   7.7182121151638949e-01	   5.6042459657115562e-01	   7.2998714006341137e-01	   3.3058291104565929e-01	   2.5370304177976244e-01	   5.2905455415323566e-01	   4.9284197432498600e-01	   5.2726281090373650e-01	   5.5449993077092530e-01	   2.7185435936033786e-01	   3.2316478738572441e-01	   7.6412786650368464e-02	   2.6728908511547265e-02	   2.3590486403808741e-01	   2.6616935713200990e-01	   4.5200133654689112e-01	   5.8164065867642045e-01	   6.7241189947974983e-02	   4.7130228071122465e-02	   4.4152742912096321e-01	   3.6823150036011415e-01	  -3.3513564139219437e-02	   5.0326721946299717e-02	   3.7045361548097527e-01	   2.6084440464974856e-01	   1.6919364650634783e-01	   7.8955257229656295e-02	  -1.5784478336917901e-02	  -7.8180769264473843e-02	  -7.1134307926394288e-02	   1.6784015653687312e-02	   7.9023068857851586e-01	   6.7903798295280215e-01	   7.6308271129678151e-01	   7.0087082865980288e-01	   7.1600481884571043e-01	   5.5310775213347396e-01	   4.6729511594819567e-01	   3.8898120774293365e-01	   5.7345710529525262e-01	   5.8912290919059118e-01	   6.2930225541369811e-01	   4.2562929928037890e-01	   7.0339112135660398e-01	   6.2703741043806116e-01	   1.0255548818884797e-01	   2.3104585170893896e-01	   2.3781040154111863e-01	   1.3249492647604211e-01	   4.2634373722100005e-01	   4.5094805021999151e-01	   2.2791622636355857e-01	   1.9639834664542738e-01	   1.4340810598413173e-01	  -4.6183498688658418e-02	   3.9891257052856954e-01	   2.9632456093426551e-01	   7.2317290138336299e-01	   7.2671735874684407e-01	   2.6998769301506642e-01	   1.9671918409327155e-01	   7.2254604293759395e-01	   7.1077820276314463e-01	   5.8344379435205806e-01	   5.3792699931795862e-01	   3.3780359129885051e-01	   4.1081600356390724e-01	   5.1281465123416703e-01	   2.0280634652472615e-01	  -1.4458591391634687e-01	   1.5440113857142237e-01	   2.5705204268834858e-01	   1.4264265907012680e-01	   1.2964763429393381e-01	   2.6812354886348216e-01	   4.2760382845136657e-01	   2.5425456075568942e-01	   3.6889047768117633e-01	   2.6300740730282657e-01	   1.4738289499995766e-01	   1.2687938062600274e-01	   4.1848733967247886e-01	   3.3588358281790459e-01	   2.5005962212217780e-01	  -1.7536709647581250e-02	   1.9012709218198681e-01	   1.8706397400188435e-01	   2.4708722987181162e-02	  -3.2829687153670704e-02	  -1.0439746850294486e-01	  -2.1511573235815881e-01	
   8.9957332210641416e-01	   8.1561567885212605e-01	   7.6595858484874557e-01	   6.6933043211495435e-01	   6.0852456822962986e-01	   6.2832919573600221e-01	   7.9898261606641274e-01	   7.9371417856485271e-01	   6.5165480906308704e-01	   6.9100830584038031e-01	   0.0000000000000000e+00	   8.3465961418768975e-01	   9.4065138794486136e-01	   8.9404116339530249e-01	   8.4587524311170326e-01	   8.0017946839846599e-01	   7.6451146751847410e-01	   3.9059714582144750e-01	   7.8209636217131373e-01	   6.5136917150956397e-01	   5.6800850347376275e-01	   5.7527707993487931e-01	   7.9588514389487419e-01	   7.9190400155809415e-01	   6.6630753629818473e-01	   7.3579164011753151e-01	   6.3701770458439944e-01	   7.0492281948089941e-01	   6.5444291901808160e-01	   4.8281997532305848e-01	   7.2261701439728854e-01	   6.6244460179471232e-01	   7.2398712957847722e-01	   7.1375841666790130e-01	   3.9909169127436805e-01	   3.7307847571488373e-01	   3.0206667704200962e-01	   1.6875110488909439e-01	   4.2049941406436631e-01	   4.1019958482125174e-01	   6.2368172502907471e-01	   7.8130792184576348e-01	   2.4965892460051109e-01	   2.1842754406223758e-01	   6.1192209474393566e-01	   5.2801472215891254e-01	   1.4847473107371631e-01	   2.2464462305641705e-01	   4.8048103319375085e-01	   4.1091748441998410e-01	   2.9215259177519365e-01	   2.1685387608944290e-01	   9.1335049956555392e-02	  -7.0127093457665150e-03	   5.5928504965963202e-02	   1.3287082698999364e-01	   7.4114258509054365e-01	   7.3037526399061203e-01	   7.0718160622518800e-01	   6.9385870726998755e-01	   7.8489366020625051e-01	   6.7435261404099178e-01	   7.4751353440530988e-01	   6.1505064237468110e-01	   6.9852764470906237e-01	   6.7789357994475596e-01	   7.0728787290777162e-01	   5.4118156219692903e-01	   7.2522528614510251e-01	   4.9690444078425311e-01	   3.5013072153110797e-01	   3.8205642010572044e-01	   5.4149028799960952e-01	   3.9078016334642524e-01	   7.1864213503305230e-01	   6.9708109953573971e-01	   5.0514301802343242e-01	   4.7441461970208049e-01	   5.0057817019810313e-01	   2.3392179171040187e-01	   7.3625694016571552e-01	   5.8533352608937450e-01	   8.4764280271430625e-01	   8.4470919013454826e-01	   4.9410689648324274e-01	   3.6143431316720709e-01	   7.8255130986601062e-01	   7.3238216082368079e-01	   5.8809606271370440e-01	   4.5839377597729603e-01	   3.7305543271145586e-01	   4.0737526317855416e-01	   5.1799624811632194e-01	   2.1070697274572853e-01	  -6.6063151988087598e-02	   2.9654712441557657e-01	   4.2466981104235801e-01	   2.7041179126184806e-01	   2.5784887257317990e-01	   3.7645391642237735e-01	   4.1881445953241853e-01	   2.9612717809806510e-01	   3.3553528227510732e-01	   2.6034136206594760e-01	   2.0265601410702580e-01	   2.1555316951406578e-01	   2.5297968063428811e-01	   3.2267360371508880e-01	   2.1785360195786735e-01	   1.4715323551968390e-01	   3.7667424705584196e-01	   3.1678880383246688e-01	   9.8545106883289491e-02	   1.0848285316719761e-02	   3.4422797880124728e-02	  -9.3843415925046442e-02	
   8.0538067921068701e-01	   7.6343242850615423e-01	   6.0695331578516598e-01	   6.0465251506703599e-01	   5.1277337269515499e-01	   5.4105708319501433e-01	   6.4300565874666360e-01	   7.8239906580917484e-01	   5.3397009533705309e-01	   6.1804612877339904e-01	   8.3465961418768975e-01	   0.0000000000000000e+00	   7.8845471715759241e-01	   9.4871500076932025e-01	   6.9179844946329516e-01	   7.6573713692915812e-01	   7.6746226086068359e-01	   6.4574459886400715e-01	   6.6748284444135808e-01	   5.7652646934965779e-01	   5.6700800253917671e-01	   5.8593197432536515e-01	   6.0259346902195532e-01	   6.5755300503951175e-01	   4.7135749130221893e-01	   6.0659894305743900e-01	   5.2096961528226704e-01	   6.0377139904194232e-01	   6.4787545659880852e-01	   6.4229416444212895e-01	   6.0468046238967554e-01	   5.7468941139835616e-01	   7.0868393954487363e-01	   6.9452325443368845e-01	   3.5685260304829997e-01	   2.9803230949764831e-01	   2.9926347735329695e-01	   2.7354376412564424e-01	   3.8990280472328953e-01	   4.7397909253984660e-01	   5.2295686205049319e-01	   7.4618312576173884e-01	   3.9760227644353063e-01	   3.8256968752082099e-01	   6.5867346470924493e-01	   6.3667967443291440e-01	   2.7684780335532394e-01	   3.6788057735585522e-01	   5.4896790579358334e-01	   5.3748753249327064e-01	   4.2763686824010527e-01	   4.0024737457980364e-01	   2.1094221511712125e-01	   1.0747437062463100e-01	   1.3196850860407106e-01	   2.5628812080165841e-01	   6.6901296865532967e-01	   7.3535642128725853e-01	   5.9930412802155753e-01	   6.5793010029341392e-01	   8.0340701369219014e-01	   7.8079633971160711e-01	   7.7621894641852385e-01	   7.7112294475307031e-01	   6.3345934300188778e-01	   6.8145487633138746e-01	   6.6785522301450695e-01	   5.9479581243776125e-01	   6.4848583490026113e-01	   3.7730204774434761e-01	   3.6015365933187621e-01	   4.8584891026815791e-01	   5.6806249399330844e-01	   5.2962640800255933e-01	   6.6132962324828948e-01	   7.2960415755532848e-01	   5.2775173514378892e-01	   5.8675233531705717e-01	   5.4779743251995461e-01	   4.4962315394571511e-01	   7.5078601825893077e-01	   7.2861295844742224e-01	   7.4993432831269813e-01	   8.0090288224769135e-01	   4.8783402329561304e-01	   5.2453028324660655e-01	   6.2354448093247017e-01	   6.9505588454817269e-01	   4.6432437983518404e-01	   5.0871845354207346e-01	   4.7192741658265913e-01	   3.5777209370524693e-01	   4.8514935550965266e-01	   1.8896587401327503e-01	   1.9948960399344164e-02	   3.0462848704732398e-01	   4.9455086900754630e-01	   3.7572144455011847e-01	   3.5531407900495621e-01	   4.6487221723395844e-01	   4.3006683966431625e-01	   2.1038461314218165e-01	   4.1128579779103519e-01	   2.7861826130617728e-01	   2.6474506472016734e-01	   2.5179201320312972e-01	   3.6556419943997243e-01	   3.7015360778893103e-01	   2.5505904277493219e-01	   2.4075222836784818e-01	   4.7084755555778868e-01	   4.4679187398566089e-01	   1.5830267639866497e-01	   7.9103503692962679e-02	   5.7946841465022228e-02	  -5.3855162921294698e-02	
   8.7893429079086760e-01	   7.6655863076810737e-01	   7.5399015644126643e-01	   6.9940002816022617e-01	   6.5821603349866320e-01	   7.4513506677824171e-01	   8.0610663174676334e-01	   8.1692248168660342e-01	   7.2007679948145453e-01	   7.8836318704693020e-01	   9.4065138794486136e-01	   7.8845471715759241e-01	   0.0000000000000000e+00	   8.6944423496498047e-01	   8.8705725273854041e-01	   8.3435623746330234e-01	   6.7087773478855850e-01	   3.1007167038262595e-01	   7.2290671603464418e-01	   6.4581741625267397e-01	   5.8473069593657667e-01	   6.0526657219595748e-01	   7.5862411702476107e-01	   7.5739592497334829e-01	   6.7285482356221693e-01	   7.6210930255750431e-01	   6.5284441285816852e-01	   7.3686604173524484e-01	   5.8621906155508863e-01	   4.1738344847100828e-01	   6.3677986442751666e-01	   5.8194336090708720e-01	   6.2623363502759566e-01	   6.2454506108624397e-01	   3.6090920836514023e-01	   3.6639124431868197e-01	   2.6381570690818301e-01	   1.7173713375533289e-01	   3.6945404488692501e-01	   4.1951856242216884e-01	   5.6915741289062127e-01	   7.0703164679310315e-01	   2.1781293187667483e-01	   1.8898098318607040e-01	   5.5658218159768635e-01	   4.8983971542974269e-01	   1.3004037835518800e-01	   2.0639368050359663e-01	   4.5626099162350486e-01	   3.8087052801242144e-01	   2.9194388466694782e-01	   2.1265306119285893e-01	   1.1222642559630304e-01	   2.7287238295016478e-02	   7.6198292327089689e-02	   1.7062677087260031e-01	   7.0064693295749914e-01	   6.5184747129393961e-01	   7.3227388820105277e-01	   7.0513315010421573e-01	   7.6250103013195225e-01	   6.3753247533866242e-01	   6.3097069034319686e-01	   5.1597931912344341e-01	   6.1638577789181093e-01	   6.4281657888550958e-01	   6.6730614697314816e-01	   5.4596009502593312e-01	   7.0909332674612835e-01	   5.4575317900735820e-01	   3.4778653931985848e-01	   4.1852182981845421e-01	   4.9316024946746595e-01	   3.5215000566446641e-01	   6.5931419265707270e-01	   6.5723561175759793e-01	   4.7016191722745798e-01	   4.2855324697068636e-01	   4.0416888919377164e-01	   1.6429433376507430e-01	   6.2705236427447075e-01	   4.9137439210406048e-01	   7.8251564519079886e-01	   7.7555303006679588e-01	   4.4038220567678787e-01	   3.1940128942679774e-01	   7.2375338753875096e-01	   7.8634481851901061e-01	   6.0066024213848745e-01	   5.5414959935780428e-01	   4.0717526858213543e-01	   4.5463473029220414e-01	   5.5064845378562743e-01	   2.3395457797748137e-01	  -1.3686740169210869e-02	   3.3341530330972913e-01	   4.2378167177839549e-01	   3.0032524623455170e-01	   2.6778204744775647e-01	   3.7490718476378238e-01	   4.9948795818413971e-01	   3.1767387107058320e-01	   4.3609762471569219e-01	   3.0355709058793223e-01	   3.0465094067135073e-01	   2.8793851207770549e-01	   3.2223165613529464e-01	   4.4517610257041690e-01	   2.4263027458197753e-01	   1.4421164254537117e-01	   3.6774948593066742e-01	   3.0763635604842665e-01	   1.5368397816355975e-01	   6.6929278464891967e-02	   7.1806500187915123e-02	  -5.5611325827566095e-02	
