   0.0000000000000000e+00	   3.5266325335066651e-01	   6.5983082050162112e-01	   6.0135958955034385e-01	   4.3434663413718633e-01	   4.9689333801889879e-01	   7.0280220671092253e-01	   5.9145558677602128e-01	   2.1141193306509656e-01	   2.4261771326094131e-01	   6.9444455542763861e-01	   4.1837640850466173e-01	   7.1416770688319953e-01	   2.9569461353424664e-01	   1.6776370080543682e-01	   2.8497385231067061e-02	   3.6700679887275045e-01	  -5.4037703370982224e-02	   6.9093212154444905e-01	   5.8477169014647934e-01	   3.3227961120650695e-01	   1.2959802895161970e-01	   4.0698381537805123e-01	   3.3390268595869954e-01	   3.2789024292120184e-01	   2.8399401703490318e-01	   2.0559361640704110e-01	   3.6916890800550328e-02	   3.4811615586702910e-01	   6.1534197115850300e-02	   9.8069755947432585e-02	   1.3507008084388139e-01	   5.3673701612044256e-01	   4.2863389526151818e-01	   9.5349061942488836e-02	  -7.6353314798471350e-02	  -1.4503031639693154e-01	  -2.9531294106558265e-01	  -1.2308557934192287e-01	  -1.5103300825042032e-01	   7.0156714286650573e-02	  -2.4693755165217629e-01	   1.5439637263015443e-01	   1.3945955165759844e-01	   2.9004935481437205e-02	  -2.1198492049369508e-02	   9.2634323620023329e-03	   1.6619650940995367e-01	   1.1354379699916185e-01	   4.1716613308297616e-02	   1.3466959719191038e-01	   3.4620168469175532e-02	   3.6996884403432384e-01	   2.9701914570240306e-01	   2.6159881080332781e-01	   1.4853319973769941e-01	   3.7926987257116462e-01	   2.5441606965057295e-01	   5.6936845356424926e-01	   1.5174068515847655e-01	   7.9615196767441343e-01	   1.9856222327675591e-01	   5.4362625946401111e-01	   1.9267986376853627e-01	   1.8555135228223196e-01	   8.9619296420569816e-02	   1.2309304347823585e-01	  -4.2012993589537397e-02	   1.3141553909833822e-01	  -5.4396742727708287e-02	   3.1781017321035826e-01	   2.8960596228191865e-01	   3.8152897070790709e-01	  -1.7636733486520693e-02	   2.5435050136235188e-01	   1.2961682025516880e-01	   7.8395237453502027e-03	  -1.3711455248831054e-02	   8.1866455243511119e-02	  -1.4385868177504321e-01	   2.3401862644755639e-01	  -7.0257876387652005e-02	   2.1084194110139946e-02	   6.5089663563234271e-02	   4.0551881791426481e-01	   1.0511271197686961e-01	  -5.7488158016948523e-02	   9.6971869715644834e-03	   3.7177813573358487e-01	   3.6010031402026377e-01	   3.0526366499313690e-01	   1.8966177065365214e-01	   3.6385714696962679e-01	   2.0385563080476765e-01	  -3.1680887609418734e-01	  -3.0870202510622879e-01	  -1.4825511161818972e-01	  -3.1920277386463088e-02	   2.1185148332903625e-01	   2.4848348890548966e-01	   3.8136815454888828e-01	   7.8237068579751379e-02	   3.4786962398755322e-01	   1.9992490988370493e-01	   1.3408215197825951e-01	  -4.5363468739926506e-02	  -1.6667618012281582e-01	   1.6542607316851990e-01	  -4.2265200109520767e-01	  -3.6529773852571162e-01	  -9.5277136314692978e-02	  -5.2454398917135877e-03	  -7.4421817940959600e-03	   1.7243023138772220e-01	   1.6333826708750185e-01	  -3.0448348554225851e-01	
   3.5266325335066651e-01	   0.0000000000000000e+00	   2.2372443754729207e-01	   5.5335081396207830e-01	   4.4712436499676639e-01	   5.0222631459409195e-01	   2.3184220002433403e-01	   4.5753178294025676e-01	   3.5190712486121617e-01	   3.4906972132274844e-01	   1.6888184887720059e-01	   5.0086953282756053e-01	   1.8240203252071885e-01	   2.9111472209724853e-01	   3.5484671032252829e-01	   2.2513690562495853e-01	   1.3323030624115961e-01	   4.8995794750228983e-01	   5.1666501523257358e-01	   6.8350324746333380e-01	   4.0893617184945363e-01	   2.6623262844302537e-01	   3.1488316521144383e-01	   2.5564869462097228e-01	   3.4207486004407828e-01	   3.4468252432095209e-01	   1.9803524045556711e-01	   1.3911059052062613e-01	   3.0461251840774299e-02	   1.7443812315197882e-01	   1.0286219855392748e-01	   1.1259147208426343e-01	   2.9494294681095762e-01	   3.2856341045123716e-01	   1.2540683696368021e-01	   2.1037464398305450e-01	  -3.9948779276764657e-02	  -9.0757243633592194e-02	  -4.4080682577443644e-02	  -1.4385644478202283e-02	  -8.1787692722547611e-03	  -2.2819020658373049e-01	   3.3690581603998532e-01	   3.9436937195250887e-01	   3.6232398985207087e-01	   3.8965043179760839e-01	   2.9585662053818873e-01	   2.3872974986661621e-01	   3.8344492291275534e-01	   4.0207690239588045e-01	   3.1429921147178724e-01	   3.3379034653638767e-01	   2.4050258288599141e-01	   2.6002076858085055e-01	   2.5533405456459568e-01	   1.9598915508193709e-01	   3.2228102599234465e-01	   8.2071255124335685e-01	   2.0308349718102187e-01	   3.8124540434491605e-01	   4.2140839035742694e-01	   4.7179243276545507e-01	   2.4997534749502962e-01	   5.6892759557948969e-01	   3.0669408848874208e-01	   3.2826720822484373e-01	   2.1526466305514605e-01	   2.7841614350006294e-01	   2.5666890089739808e-01	   5.6626804161050581e-01	   1.3808279692566483e-01	   1.7671254779098244e-01	   1.1251519002848159e-01	   2.2570547769132243e-01	   6.5064792915571851e-02	   3.3957158309063307e-01	  -6.4760816437283625e-02	   4.2125381434674904e-02	   3.0770320428125048e-01	   2.7530015940472269e-01	   1.8411007723832118e-01	   2.1298173641931789e-01	  -1.3160827174157039e-01	   3.1785828185553981e-03	   2.5713148113396089e-01	   2.8482332325465937e-01	  -8.7596209777246803e-02	   2.0871065692704537e-03	   2.9770715824293570e-01	   3.4065733357612799e-01	   1.4227393893792978e-01	  -1.6484888240365380e-02	   3.8107689826405405e-01	   5.7261810639414101e-02	  -2.7265135459483886e-01	  -2.9764437219463036e-01	   1.7287327696852067e-02	  -1.2172244994005377e-01	   2.3446938344222384e-01	   1.4815026262459496e-01	   3.8749388092414827e-01	   2.4759207066073426e-02	   4.5826550690475498e-01	   2.2276896185773332e-01	   3.5733940562651456e-01	   1.9453306860938932e-01	   3.0926094484571513e-03	   1.7850427798458304e-01	  -4.3345674659623701e-01	  -3.1982219153338309e-01	  -7.0432623123361043e-02	   9.9950157256464750e-02	   9.5824320855031606e-02	   3.6913452435202732e-01	   4.1592966346634630e-01	  -1.4180485021637662e-01	
   6.5983082050162112e-01	   2.2372443754729207e-01	   0.0000000000000000e+00	   7.0187915062677519e-01	   3.6407431920085909e-01	   4.0038024658669591e-01	   8.3829707730959457e-01	   5.7121931777267576e-01	   2.5470428808636397e-01	   2.1712625169772320e-01	   6.1086181561844255e-01	   3.3758207518101802e-01	   6.9749017553815951e-01	   3.7295414964658746e-01	   3.1488405820934323e-01	   3.4914336484095410e-01	   3.0959927313989694e-01	   8.2934761529360329e-02	   3.7775497545932857e-01	   3.7366643266375077e-01	   3.3674612309873064e-01	   1.7859549394322255e-01	   7.7686453921870402e-01	   7.6215233046816844e-01	   4.9721491531338835e-01	   4.1496805837065742e-01	   2.7461591821795062e-01	   5.3191576501217863e-02	   4.8244851565800018e-01	   2.8779364029512333e-01	   5.2955279883841277e-01	   5.6433114231566228e-01	   5.9992841107673689e-01	   4.8347236652694220e-01	   2.9478205096253429e-01	   1.1871200002223178e-01	  -1.4680063915317643e-01	  -2.4596723287239469e-01	  -1.6568998212345196e-01	  -1.6121833899546989e-01	  -9.0337824109223142e-02	  -2.8217263303747597e-01	   2.2670060048379875e-01	   1.9876692857005204e-01	   1.0753593715273593e-01	   7.3157838387352028e-02	   1.1130712442508670e-01	   1.7991132625669981e-01	   5.0663445886736679e-02	  -2.2625779221543213e-02	   1.6951496812000236e-01	   3.1812695471250638e-02	   3.3281373252996610e-01	   2.4710249763226938e-01	   1.5313665830339285e-01	   3.5329253406164288e-02	   2.0384090489942128e-01	   2.7262683881097088e-01	   2.2892430306622699e-01	  -6.6968423067258392e-02	   5.2986157453167959e-01	   1.7159041736545966e-01	   3.1028693708096672e-01	  -9.5800387399989251e-02	   3.6462379321075999e-01	   2.9409739347285063e-01	   3.5299418010167949e-01	   2.3357686478315193e-01	  -1.0484739475963850e-02	  -3.5959373532871930e-02	   5.6335886387765066e-01	   4.6738064997783513e-01	   4.9237365118193899e-01	   2.7702367757686658e-01	   3.6120500294302982e-01	   3.1961267144320149e-01	   8.4867595974317880e-02	   4.2300002296828655e-02	   2.7567542128099143e-01	   1.4283192585894555e-01	   3.5703819049907448e-01	   8.9199513291362137e-02	   3.4320527422318575e-01	   3.0917198016871178e-01	   5.0767175846500379e-01	   2.9801867234157248e-01	   1.8266082304902409e-01	   1.0010251979801346e-01	   2.6947911105684119e-01	   2.6576692460937601e-01	   2.8456603046758949e-01	   2.2678481506354808e-01	   3.3259758399320594e-01	   1.4979287223851812e-01	  -2.2496246113192961e-01	  -3.5246317529027038e-01	  -1.2083172710078674e-01	  -1.3073587335044082e-01	   2.2370423107157161e-01	   2.0677842945925934e-01	   2.9223346884755552e-01	   2.7885421843060074e-02	   1.4572502182163868e-01	   5.0682317539952115e-02	   1.2829523867108225e-01	  -4.2004344017739365e-02	  -3.5836184428519151e-02	   3.2471549242956793e-01	  -2.8435524434108500e-01	  -2.9917880751885229e-01	  -1.1836373394680269e-01	   3.9342089359145585e-02	   1.0862112453425710e-01	   1.6076813092001993e-01	   1.7795129661156681e-01	  -3.4209089082221439e-01	
   6.0135958955034385e-01	   5.5335081396207830e-01	   7.0187915062677519e-01	   0.0000000000000000e+00	   5.4619160175096315e-01	   5.9803672331644964e-01	   7.8350770498129474e-01	   8.5225700587474540e-01	   4.3591133676926630e-01	   3.7141060654228747e-01	   4.9998646784669665e-01	   5.5132467547339048e-01	   6.0476741431642311e-01	   4.3166212377302937e-01	   4.1546693177045457e-01	   3.9654660151505006e-01	   3.8455049227502447e-01	   1.8488363795545354e-01	   5.2897909011397926e-01	   6.4280374137577356e-01	   3.0876209384733855e-01	   2.5915314129460160e-01	   6.6111556356261458e-01	   7.6513404709295996e-01	   4.9424310454899767e-01	   4.4785614950035779e-01	   4.7530145430119886e-01	   2.9290136246481602e-01	   3.4262256351503501e-01	   2.8742019392920848e-01	   3.9478707048730288e-01	   4.4176648744584052e-01	   5.1071159575486569e-01	   5.0708338554594590e-01	   7.8590437916805658e-02	  -5.7137390182725192e-02	  -2.3585955912836706e-01	  -3.6436613081013103e-01	  -1.9792984142708736e-01	  -2.2066714336191484e-01	  -8.7023085237873415e-02	  -3.3645905163781969e-01	   2.6535731875378987e-01	   2.8670454003398199e-01	   2.1966038903004165e-01	   2.2543786491972556e-01	   7.0232154493606203e-02	   1.1148071932991713e-01	   2.5065977551078145e-01	   2.6300381951656882e-01	   2.2887511147575523e-01	   2.5407603818099367e-01	   2.6711368416134129e-01	   1.5061944834128585e-01	   1.1470947897485836e-01	  -5.5177801695415404e-02	   7.0961255226257874e-02	   3.7537986101524756e-01	   1.3829001916194883e-01	   1.1520095209084279e-01	   5.4374900533205539e-01	   5.4957400520534105e-01	   2.5926393916224777e-01	   2.5841468912929155e-01	   3.2645942173163056e-01	   5.1004261315277954e-01	   1.9396456229006573e-01	   2.2418339499700107e-01	  -2.1099423144321752e-03	   1.5687217163606101e-01	   4.5919302415034297e-01	   4.6328438588336274e-01	   3.1968992205310814e-01	   2.3857214751045835e-01	   1.8103556053666489e-01	   2.6927783334150257e-01	  -1.8342341667585110e-01	  -1.1516878225996580e-01	   2.0014528979413651e-01	   1.0177660309258099e-01	   1.8747898696032536e-01	   6.3774008706542443e-02	   9.8362200229103192e-03	   1.8771417810195300e-03	   3.4579533280457381e-01	   2.9756014919925244e-01	   2.6269947379479928e-02	   1.4049761634729324e-01	   3.5261486703866785e-01	   3.1618194881221529e-01	   2.0890852986632066e-01	   3.3062969468801745e-02	   4.3586290589839860e-01	   1.2491029346804199e-01	  -3.7115642006808580e-01	  -4.1081497743759959e-01	  -1.8109016290024454e-01	  -2.6404655208124395e-01	   9.2261714267106915e-02	   4.8191848021745656e-02	   3.7987893012573232e-01	   5.8238416978404914e-02	   2.8969789030619836e-01	   1.4910626498830210e-01	   2.0221850118055784e-01	  -7.6553420581331050e-02	  -3.8902250537466834e-02	   2.3349294256439659e-01	  -3.6901249773504247e-01	  -3.1476930751491294e-01	  -2.4772246457237918e-01	  -7.6540531052936622e-02	  -4.5850594791463473e-02	   2.0147924376171145e-01	   1.6055784820288016e-01	  -3.0984960047554988e-01	
   4.3434663413718633e-01	   4.4712436499676639e-01	   3.6407431920085909e-01	   5.4619160175096315e-01	   0.0000000000000000e+00	   8.3340502559996377e-01	   4.2401295638045844e-01	   4.4244326898750186e-01	   7.5923565748167887e-01	   7.3303349950602126e-01	   3.2704294531354805e-01	   2.8194060723286574e-01	   1.7531655716062594e-01	  -1.4783259249152636e-02	   1.7223324936525325e-01	   5.4834840464386539e-02	   5.1369304741069557e-02	  -7.1273811275084184e-02	   3.9472752248454923e-01	   5.0277324518875610e-01	   1.3835479990236846e-01	   1.4826025357521611e-01	   2.9758813393851796e-01	   2.0142212762588277e-01	   5.4949683867845600e-01	   5.5333641416412671e-01	   5.2936385681750042e-01	   3.7995112898350369e-01	   6.4375187072404014e-02	  -8.9552480850441457e-02	  -5.3856433904519909e-03	   1.0329199186116175e-01	   1.5406424378496453e-01	   1.0758657130183540e-01	   1.5081102501519112e-02	  -3.8594776862404069e-02	  -1.7482409413141298e-01	  -1.9395745329783856e-01	  -1.9986945180294230e-01	  -8.2508708429612304e-02	  -7.3997815745600493e-02	  -2.1807226954614073e-01	   2.8035189787663622e-01	   3.1076331334393309e-01	   2.1694827888114504e-01	   1.9313482485093875e-01	   1.6406709301492689e-01	   2.6636280498293163e-01	   3.4285904496658626e-01	   2.6681689390408658e-01	   1.9532272736137468e-01	   1.6585543395756103e-01	   1.7991873290276353e-01	   2.4997537415819671e-01	   2.4025918136646968e-01	   1.8897280201310312e-01	   2.2186825984629693e-01	   3.0160832884911121e-01	   1.7906349092248328e-01	   1.4119040634518959e-01	   3.6808126675299491e-01	   3.0426016016969243e-01	   1.2790031090984494e-01	   2.2300405512735533e-01	   2.6813616993259171e-02	   1.0055671969044963e-01	   1.3836394550415568e-01	   6.1337644709197725e-02	   1.1874307691973512e-01	   1.7475824014890068e-01	   1.3423194580162978e-01	   2.4601403117598861e-01	   6.1965146848350895e-02	   3.2484068274496319e-02	   2.3049828181679020e-02	   1.1210529682718826e-01	  -1.7440104639909421e-01	  -1.0295101805139489e-01	  -1.6803815477039994e-02	   8.2564882216604424e-04	   7.9572026973447313e-02	  -4.2230098811633643e-02	  -1.8501182780816874e-01	  -1.0734100765677133e-02	   1.3821557547853017e-01	   2.0039736275182135e-01	  -1.1885668268675011e-02	   2.1014854452969289e-01	   3.5887607567115376e-01	   4.6450050661110598e-01	   1.9178107548982287e-01	   3.1021519007458459e-01	   4.2598183518540106e-01	   2.8928336270231514e-01	  -1.4654730633634053e-01	  -2.5460068599910196e-01	  -1.9082118452228133e-01	  -1.6320572102230041e-01	   8.9016320143567529e-02	   2.0972354229382359e-01	   4.0335429685674079e-01	   2.3627745928966171e-01	   5.1932618008165488e-01	   4.5271179206621515e-01	   4.5116176870089675e-01	   2.7415595860913750e-01	  -6.4925732039943711e-04	   1.2538971233106150e-01	  -2.9578758208205852e-01	  -3.8083564883162896e-01	  -2.1310404944082137e-01	   7.6633378105915390e-02	   7.8278971426323715e-02	   3.4826739729760486e-01	   2.7496269818426000e-01	  -2.4585644548330887e-01	
   4.9689333801889879e-01	   5.0222631459409195e-01	   4.0038024658669591e-01	   5.9803672331644964e-01	   8.3340502559996377e-01	   0.0000000000000000e+00	   4.3895047654511449e-01	   5.4926949932802716e-01	   6.8090008640474742e-01	   8.4581182358201001e-01	   4.2210268365897763e-01	   4.1994811628701567e-01	   3.2894008575094191e-01	   1.7895282515061800e-01	   1.5078155601546478e-01	  -3.8617759427251016e-03	   1.8780844923248852e-01	   1.0447942032773522e-01	   4.2059723800459220e-01	   4.9844866919223774e-01	   2.5694790242852950e-01	   3.8877203796399321e-02	   3.9139706862255930e-01	   2.9157509548401134e-01	   5.2560476193720218e-01	   5.7142291551535396e-01	   2.6534192882542201e-01	   1.0333643649644877e-01	   1.1068669894176336e-01	   5.3479379752182393e-02	   6.8550901339431120e-02	   1.3886763787577089e-01	   2.5819857305650740e-01	   2.2072122255731558e-01	   4.8236032883076284e-02	   2.6841087930952499e-02	  -2.0529000410311860e-01	  -1.8987471600561198e-01	  -2.0933374716060954e-01	  -1.2270054433982058e-01	  -1.4213203992716777e-01	  -2.9152532160902955e-01	   2.8036042457963850e-01	   3.5927288692240433e-01	   2.1581248466463032e-01	   1.8414171943856314e-01	   1.7242160269583506e-01	   2.5749747427607950e-01	   3.2450945881168108e-01	   2.8641874243836157e-01	   2.2159546841846736e-01	   2.0563413751260720e-01	   3.0556553618908389e-01	   3.0708769752560983e-01	   1.5369476762436274e-01	   1.5159053016080301e-01	   2.1419572138093390e-01	   4.0173979106941660e-01	   2.7919756684815489e-01	   1.3525169244508845e-01	   4.7663348081695400e-01	   3.5952756210084658e-01	   2.8575238478026532e-01	   2.9037044745914642e-01	   1.1095802497711096e-02	   1.4285681259501407e-01	   1.2349510631603795e-01	   5.7827541665154920e-02	   8.8377557563213444e-02	   2.1424929403457932e-01	   8.7056511780501333e-02	   2.1122687913480476e-01	   1.1140128492866216e-01	   1.0919706883585842e-01	   1.4257415838494389e-02	   1.2858247968126363e-01	  -1.5182565637240147e-01	  -6.3807676214776760e-02	   1.3351372807552309e-01	   1.4854228294337635e-01	   9.5560035394562315e-02	   6.1372317194155424e-02	  -2.2228795200984958e-01	  -9.6017714001729940e-03	   1.8393171998453875e-01	   2.9842014905138875e-01	  -1.5119544767271473e-01	  -5.1683462789392412e-02	   2.4569600468131425e-01	   4.1415926061015212e-01	   9.5858794785755236e-02	   1.7468897102074829e-01	   3.5863365493176008e-01	   1.5135151270207525e-01	  -2.0481017963674317e-01	  -2.6945980133728692e-01	  -2.3079877872475635e-01	  -1.5387875909484733e-01	   1.2527469236881352e-02	   1.7303055460042160e-01	   3.3123089948028661e-01	   8.5123185282282188e-02	   2.5813458017300894e-01	   1.7681799959269462e-01	   3.0460648642299809e-01	   1.1295348355870870e-01	  -2.8399532820424261e-01	   3.0217878181096553e-03	  -3.4207708080711857e-01	  -3.1012836606009181e-01	  -1.4284002360238415e-01	   5.7706254418949408e-02	  -4.4374203326076351e-03	   2.9529447182468294e-01	   2.6622767093717575e-01	  -3.3003992061239007e-01	
   7.0280220671092253e-01	   2.3184220002433403e-01	   8.3829707730959457e-01	   7.8350770498129474e-01	   4.2401295638045844e-01	   4.3895047654511449e-01	   0.0000000000000000e+00	   6.9521453683543544e-01	   3.1850862564291549e-01	   2.4115340708913560e-01	   6.9739832493885068e-01	   4.6576161971727370e-01	   7.7356052215332349e-01	   3.3861901056538241e-01	   2.5754203630014544e-01	   2.1453527233777192e-01	   3.9255398206389097e-01	  -5.6255080843353449e-02	   4.6209414599799836e-01	   3.9465633897844687e-01	   2.2868129109030735e-01	   1.1109486060796925e-01	   5.8999117198742734e-01	   6.4614572933963210e-01	   2.5788208665079704e-01	   2.0391456735765057e-01	   3.6365310636858389e-01	   1.8054923009082952e-01	   5.1418733015720974e-01	   2.5558719278088499e-01	   3.7653450425298718e-01	   3.9888369641894339e-01	   5.5613325430178961e-01	   4.8335304138780766e-01	   1.2690289629466095e-01	  -3.7037549337875744e-02	  -2.0300379103383825e-01	  -3.2965193755772265e-01	  -1.8338892893798325e-01	  -1.8872979079040844e-01	  -7.5149581244571481e-02	  -2.7869060828746506e-01	   1.8188131196750709e-01	   1.5315862138613195e-01	   1.3558400638610471e-01	   1.0565922351240425e-01	  -4.9535067446309106e-03	   3.7318391145723689e-02	   1.6680712733851399e-01	   1.3395183975768943e-01	   2.0332942590295747e-01	   1.7942286680999014e-01	   3.6309032936231073e-01	   2.2869005970324180e-01	   1.7178747814029441e-01	  -3.1340618467641634e-02	   9.8429922295746416e-02	   1.3974879134220441e-01	   3.2241071678107081e-01	   1.0402353864437786e-01	   5.9508269587521834e-01	   3.5242644719228117e-01	   1.8461115489949537e-01	  -2.1360693840836047e-02	   3.3804855916154375e-01	   3.1689045737802835e-01	   3.1452239390665582e-01	   2.0906228948484851e-01	   1.8267878863592692e-02	   1.3865613583401510e-02	   4.3552980772715533e-01	   3.5315111439860802e-01	   3.4513460862576839e-01	   1.4968742281631384e-01	   1.4998079843061546e-01	   7.9693945746709086e-02	  -5.6303738970765078e-02	  -5.6803473221274492e-02	   7.1191093756898180e-02	  -8.0868926282787093e-02	   2.0433701006370197e-01	  -2.1069225029762363e-02	   1.3088787759400644e-01	   8.6785730772736075e-02	   3.3049966968264477e-01	   2.1469428861799728e-01	   3.0627238514446941e-02	   7.1287930516875070e-02	   3.2791896122834552e-01	   2.8890143131375567e-01	   2.9481102034076390e-01	   2.2027474650245921e-01	   3.1174901723492743e-01	   1.6019379029078556e-01	  -2.4973784976727006e-01	  -3.3801781819720444e-01	  -1.3249928394020216e-01	  -1.8137304135077370e-01	   1.6930638225055977e-01	   1.2299397405986115e-01	   2.0328348434633561e-01	   7.3334007126747175e-02	   1.5914043618635781e-01	   1.0430800432074484e-01	   6.6246956705197604e-02	  -1.3727392979091002e-01	   3.9493609616955777e-02	   3.6343661916751918e-01	  -3.1877900326957415e-01	  -2.7299933213961852e-01	  -2.3216189234161566e-01	  -6.1941195144530975e-02	   5.8560770336198074e-02	   5.2905810584675236e-02	   4.8813454639852052e-02	  -3.5096320894434174e-01	
   5.9145558677602128e-01	   4.5753178294025676e-01	   5.7121931777267576e-01	   8.5225700587474540e-01	   4.4244326898750186e-01	   5.4926949932802716e-01	   6.9521453683543544e-01	   0.0000000000000000e+00	   3.7681376116935983e-01	   3.5167763858705020e-01	   5.1254956968122523e-01	   6.2357560301513304e-01	   6.2952642707098716e-01	   5.5123420633919706e-01	   3.9576846916635156e-01	   3.5840406250878415e-01	   3.5033598166121965e-01	   1.2076735407243769e-01	   5.6241641587005342e-01	   5.9999748679929099e-01	   3.4569519099670287e-01	   1.5653782136258654e-01	   5.5123664716448550e-01	   6.3575845458397895e-01	   4.2287355144910543e-01	   4.0469106954296191e-01	   3.2895547655239260e-01	   1.9735846358249470e-01	   2.7871468241291636e-01	   2.5896189360959898e-01	   3.1411406733925135e-01	   3.8442574373312505e-01	   4.4267553899683015e-01	   5.0140594272385020e-01	  -2.7879452143866577e-02	  -1.9757539468389629e-01	  -4.1614548033815574e-01	  -5.0257413401795159e-01	  -3.5728751142770709e-01	  -3.8680852202599786e-01	  -2.1942184944446813e-01	  -4.0203262943729368e-01	   6.2778942644995742e-02	   1.1790891492325391e-01	   1.1156805342462325e-01	   1.0184367135944319e-01	  -9.5305044881164952e-02	  -8.6240113973492238e-03	   1.4646192234504454e-01	   1.6186308081225567e-01	   3.1869548521860309e-02	   7.2282538839884961e-02	   1.1929170804218218e-01	   6.2656305932044853e-02	  -1.4504811165020587e-01	  -2.1777435321065577e-01	   6.1914424150314715e-02	   2.5936951621342030e-01	   7.6001614975696283e-02	   5.0577893653745980e-02	   5.5177628618033525e-01	   5.9063033127160369e-01	   2.9975991938352409e-01	   2.6662499905786263e-01	   2.4083881815340230e-01	   3.8116940608562438e-01	   6.2557398916700313e-02	   6.7902652197540034e-02	   8.0106867384548586e-02	   1.1372458328029300e-01	   4.3463248849179204e-01	   5.3308419609097690e-01	   3.1930335596366932e-01	   2.2742807327384465e-01	   1.6733521327827647e-01	   2.5647395585947674e-01	  -2.6251925039541191e-01	  -2.1210876163254855e-01	   6.8124189717351402e-02	  -4.8076926383519292e-03	  -9.5394438018828430e-03	   5.1054075939122156e-03	  -7.9401554647782105e-02	  -4.5351886706457498e-02	   1.8260587993581429e-01	   1.4806878156429990e-01	  -7.1512652876832047e-02	   6.0930523016343663e-02	   1.8311226834935498e-01	   1.8799001256920858e-01	   2.2145973781922238e-02	  -4.9306491078937989e-02	   4.4837607618473752e-01	   1.2093440036536068e-01	  -5.1576517600393679e-01	  -4.9561050404728918e-01	  -3.2653103747059742e-01	  -2.4260228538824885e-01	  -8.3255545498006039e-02	  -3.7730166345229278e-02	   4.3950464637624592e-01	   6.9816004611550880e-02	   1.5312447724090433e-01	   8.9384510932712408e-02	   6.5643471730871483e-02	  -1.3910570196651195e-01	  -1.9071174975770830e-01	   2.4975106355178620e-02	  -5.3725631154432574e-01	  -3.3376072755658681e-01	  -2.6730003063406377e-01	  -1.5347513754511533e-01	  -1.1179734993846188e-01	   3.0106589238884407e-01	   1.8981132510688656e-02	  -4.1002680258409940e-01	
   2.1141193306509656e-01	   3.5190712486121617e-01	   2.5470428808636397e-01	   4.3591133676926630e-01	   7.5923565748167887e-01	   6.8090008640474742e-01	   3.1850862564291549e-01	   3.7681376116935983e-01	   0.0000000000000000e+00	   8.4019237738095143e-01	   2.5974258014868701e-01	   4.1769172516655750e-01	   1.1573238621822951e-01	   6.2103581331676233e-02	   3.2411907705717224e-01	   1.7942827121530208e-01	  -4.5884997657925100e-02	   7.2458938707966269e-02	   2.7981176243994133e-01	   3.7790167458768553e-01	   1.6660171325565926e-01	  -1.1863988261842498e-02	   2.5311411795260430e-01	   2.1374315136847261e-01	   3.9931148050087217e-01	   5.2345043069479269e-01	   2.4157489608925997e-01	   2.1505298842240100e-01	  -1.6540190341633367e-02	  -1.1110295872997250e-02	   8.2743671144432346e-02	   1.6053860113218044e-01	   1.1151811512496293e-01	   6.6959068236290289e-02	   3.0904319932446438e-04	   3.8395909693207650e-02	  -3.0630763161685653e-01	  -2.3469191746075257e-01	  -3.2026079003164620e-01	  -1.9458535656093878e-01	  -3.9270946780110139e-01	  -3.1988882297646198e-01	   1.6839819390692037e-01	   2.2046858587683915e-01	   1.3253888149356474e-01	   1.0491521141492002e-01	   7.4517709090716616e-02	   1.1988243694928943e-01	   2.2187844754565908e-01	   1.6210198710649676e-01	   1.2166472640950605e-01	   1.2779250631423850e-01	   8.0369586466472229e-02	   2.2752435985804015e-01	   1.9591728242446094e-02	   8.2798142767855423e-03	   1.0849712067398234e-02	   2.0533659117468883e-01	   2.9267600500867946e-03	   1.3834829652139859e-03	   2.4527502492914405e-01	   3.0445905945412527e-01	   7.7681739359283554e-03	   2.1285026074789409e-01	   1.9387051090770935e-02	   9.6203541399398976e-02	   4.6215665725479291e-02	   6.2084797973945708e-03	  -3.0286579877429231e-02	   9.0535794179416262e-02	  -4.2337909517126994e-02	   1.8501920111349454e-01	  -5.8743284152357335e-02	   1.3158427947924767e-01	  -1.9343811535085387e-01	   6.7035786093879002e-02	  -3.2633043392354488e-01	  -2.0657775294270742e-01	  -4.2373559662397062e-03	   4.7109651415010091e-02	  -1.3143716359240101e-01	   1.4584013820066846e-02	  -1.9371959300989622e-01	  -4.0748320746227931e-02	   5.8999516368170475e-02	   3.1294498592826142e-01	  -4.2588098053998422e-02	  -3.1330427707498276e-02	   8.6472138968297418e-02	   2.2260769040048001e-01	   1.1558854565837329e-01	   2.5721838381079859e-01	   2.6107251243462692e-01	   2.5127350229636569e-01	  -1.5266997573971966e-01	  -2.9783980246700370e-01	  -2.7152915792591009e-01	  -2.9744681443235671e-01	   4.4376250692685790e-02	   1.2198501726857806e-01	   2.6189763087684426e-01	   2.8318065936246195e-01	   2.8303047797985248e-01	   2.2601953307784153e-01	   2.5982456663215414e-01	   1.8757080175977003e-01	  -2.8763930013362422e-02	   6.8441989445211071e-02	  -2.7824069841733567e-01	  -4.0830004607987863e-01	  -3.2846393738512630e-01	   3.8973449978870735e-02	  -5.7643620400342224e-02	   2.0625399792570290e-01	   2.2281452740557345e-01	  -2.9566425804222107e-01	
   2.4261771326094131e-01	   3.4906972132274844e-01	   2.1712625169772320e-01	   3.7141060654228747e-01	   7.3303349950602126e-01	   8.4581182358201001e-01	   2.4115340708913560e-01	   3.5167763858705020e-01	   8.4019237738095143e-01	   0.0000000000000000e+00	   2.7011603770608417e-01	   3.7836549565287048e-01	   1.3630022931984026e-01	   1.0331787638592005e-01	   1.2074714454474501e-01	   5.5679881585662380e-02	   3.5193213542850190e-03	   6.4626082025182330e-02	   2.3615255228142154e-01	   3.0232682076621925e-01	   2.2777720601952717e-01	  -8.6388711297111065e-02	   2.5201129711393888e-01	   1.2823602172402740e-01	   4.4075798013059164e-01	   5.4035890201375514e-01	   6.9137814537543391e-02	   7.6879513022377333e-03	  -5.4791826138806059e-02	  -2.4400327540518116e-02	  -1.4492186597052046e-02	   4.5826566468189278e-02	   1.1549558064211389e-01	   5.8965639051826030e-02	   6.0690590463362601e-02	   9.7618907248058023e-02	  -2.4164671918407801e-01	  -1.3214794322674428e-01	  -2.3902428430273348e-01	  -1.2712514175403550e-01	  -3.1016165129955903e-01	  -3.0535502645382040e-01	   2.6628819527333303e-01	   3.2404019268713491e-01	   1.8357908147380755e-01	   1.4969241213354528e-01	   1.7912596537991515e-01	   2.5280224996898631e-01	   2.8177314430487616e-01	   2.5085756740690279e-01	   2.2650314463056498e-01	   1.9746187376318652e-01	   2.4122512918424752e-01	   3.4676667604894296e-01	   7.0177777739324002e-02	   1.1940097845693953e-01	   1.7072501219361369e-01	   3.0721252111490177e-01	   2.1466205229278187e-01	   8.1989118257432672e-02	   3.3707393973438465e-01	   2.8978666776513456e-01	   1.6784863501737701e-01	   2.3697971457441741e-01	  -4.5573575957181860e-02	   9.0247844576593420e-02	   1.1618181526864126e-01	   3.2647945358489645e-02	   1.0416061233263167e-01	   1.8951789997618262e-01	  -1.4621782065033717e-01	   6.7276699325077405e-02	  -7.2794214353116130e-02	   9.0340302570089986e-02	  -1.5937532715865152e-01	   6.6263849489974311e-02	  -2.4206653581163246e-01	  -1.4438060256113794e-01	   3.1587702080406177e-02	   7.8896505586694129e-02	  -4.1184954834547760e-02	   7.4282344591866209e-02	  -2.2282387550059155e-01	   3.8448531649981091e-02	   1.0259876807302756e-01	   4.0415551044035763e-01	  -1.8175319225775310e-01	  -1.9911341484856399e-01	   5.1754727068335865e-02	   3.0962513656128632e-01	   1.3749571675225200e-01	   2.8121495971193644e-01	   3.0197559224633852e-01	   2.0564962360478511e-01	  -1.4383603842367798e-01	  -2.0738512769913076e-01	  -2.8302244369187191e-01	  -2.0156826931324240e-01	   1.1231854171223146e-02	   1.8105487284814104e-01	   2.3792583247200721e-01	   1.6235888814051430e-01	   1.7659916800955533e-01	   1.6229204353256443e-01	   2.5063287213986063e-01	   1.7158011021272596e-01	  -1.8278111932180682e-01	  -1.4341115451277435e-04	  -2.9973933780355688e-01	  -3.6802671946142240e-01	  -1.9029107208758717e-01	   7.6499170150412160e-02	  -4.6843884813351833e-02	   2.5453861357519264e-01	   2.9978841054840366e-01	  -2.9436377018584980e-01	
   6.9444455542763861e-01	   1.6888184887720059e-01	   6.1086181561844255e-01	   4.9998646784669665e-01	   3.2704294531354805e-01	   4.2210268365897763e-01	   6.9739832493885068e-01	   5.1254956968122523e-01	   2.5974258014868701e-01	   2.7011603770608417e-01	   0.0000000000000000e+00	   6.0481908076978175e-01	   8.1210703788740024e-01	   4.1130253811766931e-01	   2.9366794260947338e-01	   7.5528309872599231e-02	   6.0927251684016781e-01	   2.6932707744298623e-02	   6.1331216635740438e-01	   3.6678350217047928e-01	   2.9600209298700719e-01	  -1.4357738313332678e-03	   4.6604037771719264e-01	   3.7110005916224253e-01	   1.5673438180442079e-01	   2.0394443636480181e-01	   9.0773736298526420e-02	  -2.8702520197820755e-02	   6.2094287551895355e-01	   3.2564453576978153e-01	   2.6737240835006604e-01	   2.6016831888719777e-01	   5.1622259331420872e-01	   3.5230005905176642e-01	   1.1132192510118909e-01	   2.8822860083288958e-02	  -3.0019714603890535e-01	  -4.0284856149922721e-01	  -2.9799396369800324e-01	  -3.4025232406446743e-01	  -1.5650288145446181e-01	  -3.2059500905226690e-01	   1.4154669816641968e-01	   1.3698253042213909e-01	   7.1302720034441998e-03	  -3.6476971932157015e-02	  -2.6425187687049830e-02	   1.6457557967837787e-02	   6.5698720566230329e-02	  -4.6876297707436988e-02	   1.3611587211047843e-01	  -8.8639127966453138e-02	   3.2598320297517352e-01	   2.4109823569958835e-01	   1.4483401297998424e-01	  -8.9365880918866394e-02	   1.2737506692767292e-01	   8.9726966271297837e-02	   4.1502252376825310e-01	   1.3790623852598263e-02	   5.6817276136621764e-01	   1.3350712206701729e-01	   4.2054267167827419e-01	   2.2134833804697839e-02	   1.8689900958423170e-01	   5.0119209847488716e-02	   1.7607736763418955e-01	  -5.6668865083509372e-03	   1.3408142288144565e-02	  -5.3130262308416096e-02	   2.9621697115812373e-01	   2.3880770939085499e-01	   4.6664698010632055e-01	   1.6134063611876845e-01	   2.5151765074515819e-01	   9.5743302894530535e-02	   1.8998446321066387e-02	  -5.5614420471447233e-02	   1.8168027209852564e-01	  -1.3986122033080950e-01	   3.2217181604152534e-01	   2.5998087633283172e-02	   1.2593736759723129e-01	   1.0166458118304351e-01	   4.7949140089933584e-01	   1.9176062395446244e-01	  -1.9144848923562641e-01	  -8.7725912204185505e-02	   1.4990172444239788e-01	   1.3691521534587880e-01	   1.5877797021300000e-01	   1.1663994903323888e-01	   7.9236969130839885e-02	   1.5610121869042343e-01	  -3.8606061502270506e-01	  -4.1822137968939221e-01	  -1.9885383876621510e-01	  -3.2881307938772641e-01	   1.4352679827861164e-01	   1.7382504554170574e-02	   1.1761120390958603e-01	   6.9015035387986437e-02	   1.0323073100581748e-01	   6.5303341888068828e-02	  -1.7388017746587731e-01	  -3.3309607168722466e-01	   7.3279847369047177e-02	   1.4389298256783609e-01	  -3.4828887526200858e-01	  -3.7903009582902825e-01	  -3.3523968903328694e-01	  -1.9807170442639205e-01	  -1.6694891207368523e-01	  -1.3474050230282216e-02	  -1.6983303033434000e-01	  -5.3987804945196460e-01	
   4.1837640850466173e-01	   5.0086953282756053e-01	   3.3758207518101802e-01	   5.5132467547339048e-01	   2.8194060723286574e-01	   4.1994811628701567e-01	   4.6576161971727370e-01	   6.2357560301513304e-01	   4.1769172516655750e-01	   3.7836549565287048e-01	   6.0481908076978175e-01	   0.0000000000000000e+00	   5.6518228392729974e-01	   6.4740463438854401e-01	   4.3099168055278902e-01	   2.8382743280598532e-01	   4.8873856586409004e-01	   4.2028978426356689e-01	   5.5504628822531010e-01	   5.0127517774856323e-01	   5.8719212019789802e-01	   2.0509145143378654e-01	   4.8590352805303855e-01	   4.4330356147225725e-01	   2.7852327607025096e-01	   3.3047619875281165e-01	  -4.8759977861487697e-02	  -8.3805218163917866e-02	   4.8852130927864096e-01	   5.7411813940721101e-01	   4.2443728574022671e-01	   4.0968152455829193e-01	   5.5126695174443552e-01	   4.8059027657398556e-01	   1.6924713230333518e-01	   1.7813228581489815e-01	  -3.3564256436976880e-01	  -4.0869127604989630e-01	  -3.0602610036221589e-01	  -3.5809793059281270e-01	  -2.4032633030286898e-01	  -3.1667457092365581e-01	   3.0157524088334131e-01	   3.6108515536298535e-01	   2.8612620490361385e-01	   2.2564243692842595e-01	   2.2178232447076573e-01	   1.3416886279200221e-01	   3.7786184979444637e-01	   2.1181268937036996e-01	   2.9678655622105765e-01	   1.3156122010644541e-01	   3.7140998745838233e-01	   2.4270535141412553e-01	   1.0181343642043987e-01	  -6.1485897742898782e-02	   8.2406761163050901e-02	   3.2054394592021435e-01	   2.4703735595252455e-01	   1.3819604627564780e-01	   3.5505634117202212e-01	   3.4774020584804716e-01	   2.1477068538955224e-01	   4.2672049682523683e-01	   2.2266836020041494e-01	   1.2263328126438680e-01	   1.6284528376027166e-01	   9.7629902893183546e-02	   1.0794891610327143e-01	   1.8094413089297678e-01	   3.1269767458323533e-01	   4.0284020132345860e-01	   4.0251277324628854e-01	   3.9093809743076491e-01	   1.3892842832471067e-01	   3.1268604000628830e-01	  -2.0311900611048667e-01	  -1.7412044053393214e-01	   3.2580786097295489e-01	   1.8794020346463947e-01	   1.3967514180771473e-01	   2.8699319674696938e-01	   6.9273005825249256e-02	   2.6349664889158929e-02	   3.2654995555930255e-01	   4.2261677374399120e-01	  -2.3556818000229632e-01	  -1.9542203197710106e-01	   4.3989307057225979e-02	   1.3873903090071910e-01	   1.2029479565479669e-01	  -1.5265139473009126e-01	   2.7771289925265497e-01	  -9.5611387976926809e-02	  -4.1854884158100125e-01	  -5.0495674461270124e-01	  -1.3624007110291592e-01	  -3.1621364185731499e-01	   2.0691470183553470e-01	  -6.8643204174528613e-02	   3.3241093698985064e-01	  -1.1807592679488629e-01	   1.3732865099562794e-01	  -1.3150420435701743e-01	  -9.1360001507140076e-02	  -2.3276499536177586e-01	   2.3461979814728418e-03	   2.2719318102837605e-01	  -5.1059007477254004e-01	  -3.3340686982139756e-01	  -2.5778814568643704e-01	  -4.1118997153030993e-03	  -8.4573006599609729e-02	   1.7526362435694842e-01	   5.7476110490250074e-02	  -5.5003061679305332e-01	
   7.1416770688319953e-01	   1.8240203252071885e-01	   6.9749017553815951e-01	   6.0476741431642311e-01	   1.7531655716062594e-01	   3.2894008575094191e-01	   7.7356052215332349e-01	   6.2952642707098716e-01	   1.1573238621822951e-01	   1.3630022931984026e-01	   8.1210703788740024e-01	   5.6518228392729974e-01	   0.0000000000000000e+00	   5.8791219986220011e-01	   2.9696425789394926e-01	   2.1977940862362996e-01	   4.4679037863655247e-01	   9.0548799586719422e-02	   4.1424284111625054e-01	   2.9555764854343225e-01	   3.7639931214567240e-01	   1.2959504396499111e-01	   5.1034019697789312e-01	   5.3672918417699733e-01	   2.0788860032197520e-01	   1.9848924813376898e-01	   1.5565368485737580e-01	  -1.9800399110896934e-02	   5.6536234940658159e-01	   3.6759000737179659e-01	   4.0731342124012460e-01	   4.3368860477309268e-01	   4.9659069316031740e-01	   4.1188344995838733e-01	   9.5755138788211874e-02	  -4.7890146468479070e-02	  -2.3923012926510062e-01	  -3.6259140279355112e-01	  -2.1933725710821889e-01	  -3.0565785564508585e-01	  -6.7750637380106213e-02	  -3.1084963631855833e-01	   9.0436434908019142e-02	   8.0557418556617869e-02	  -3.1010016002681648e-02	  -4.0507855209483135e-02	  -1.9927976367648276e-02	   1.2133474206180186e-02	  -9.8946167488987886e-03	  -2.4067285555140976e-02	   9.1834205268969182e-02	   2.4645929989155529e-02	   3.7763353985642456e-01	   1.5097544564054216e-01	   8.3822923870220042e-02	  -1.3752195393075783e-01	   5.2265368602405368e-02	   1.3606570424371484e-01	   3.2352007483581097e-01	   5.1912420856030525e-02	   6.0938779276987376e-01	   1.8445577743396824e-01	   4.6742554669274183e-01	   4.1486883897696530e-02	   2.3730887262264780e-01	   2.1284772782417255e-01	   1.8837807996407824e-01	   1.0245182701479724e-01	  -1.0289893277779605e-01	  -1.2806198149031500e-01	   5.0898457625557159e-01	   4.1662301342204222e-01	   5.0326990037613684e-01	   2.4367534274744998e-01	   3.1219512075922745e-01	   1.8304309388521922e-01	  -4.4874062531089789e-02	  -1.2663800089318669e-01	   1.4051725443683799e-01	  -1.1334094750818116e-01	   2.6228333190313263e-01	   4.0491678122739919e-02	   1.4797204080256060e-01	   8.0264693393127737e-02	   4.1010023292401743e-01	   1.9495060873741532e-01	  -1.5891449467440427e-01	  -1.4970585537891093e-01	   6.8234311420336244e-02	   9.4198513874556800e-02	   1.9532092510853463e-01	   9.1548948188214352e-02	   2.2804402343591251e-01	   1.6071859571562014e-01	  -4.0100653587599333e-01	  -4.1401000100650687e-01	  -1.9411958044253583e-01	  -2.1507402287480984e-01	   1.6233367891905048e-01	   1.1029683637231807e-01	   2.2014089156513039e-01	   3.6179950676046652e-02	  -3.1534446444284395e-02	  -7.2099499178675364e-02	  -1.9919589760401674e-01	  -3.7716274056616939e-01	  -1.8488252901619324e-02	   2.7357431883306460e-01	  -3.5077481716349335e-01	  -2.7490356539876148e-01	  -2.2200091827112653e-01	  -8.1135855673607954e-02	  -8.7279886838662321e-02	  -1.6748118344553808e-02	  -1.2978684944836952e-01	  -4.4957926730382058e-01	
