   0.0000000000000000e+00	   5.8889283961982364e-01	   8.5966285782597474e-01	   7.1177825399705341e-01	   6.8444402015924533e-01	   5.6874646555442476e-01	   8.0055407876723639e-01	   5.3437525611970471e-01	   7.1503378392713901e-01	   5.7281773986192264e-01	   4.0674757376913551e-01	   1.1394783335969964e-01	   4.8003476094053998e-01	   1.4121639841413039e-01	   6.8663519959736874e-01	   6.8454868432100369e-01	  -3.3319680512039501e-01	  -3.3422834494368303e-01	   7.5230604571217086e-01	   5.5719760724226142e-01	   4.6521730246123372e-01	   5.0079662740601316e-01	   6.2754676172162993e-01	   5.5956891197901570e-01	   6.9173587563577055e-01	   6.6322357013893996e-01	   7.2618174181744888e-01	   6.3746202699601018e-01	   2.6410011184045945e-01	  -9.3923498774106717e-02	   5.4306045387485968e-01	   4.3863350124323919e-01	   5.8389747109356926e-01	   4.8964078384290544e-01	   3.9048564842719991e-01	   3.2101498443592857e-01	   3.0541231790806711e-01	   1.2608923252776660e-01	   5.3188298006940637e-01	   3.7519497276819647e-01	   2.6079624116244315e-01	   2.4696018953744436e-01	   2.4759808479582490e-01	   1.8624860380041763e-01	  -2.0393158225631619e-02	  -6.8900003403667157e-02	   1.7564331886212772e-01	   1.3096530634237971e-01	   2.4799215218166906e-01	   1.0850317884899092e-01	   5.2404523048507201e-01	   3.1010253223077666e-01	   3.9344642354658133e-01	   3.6144089988586758e-01	   3.5093578857621988e-01	   3.1599627811683084e-01	   4.6428585952748291e-01	   4.1099167526007430e-01	   4.1066192847957139e-01	   1.8846066269585487e-01	   7.4587898510885675e-01	   3.5649824286921661e-01	   1.8185787598857206e-01	  -9.1028163796059325e-02	   5.1753352077372006e-01	   4.6280496711533503e-01	   3.5494082204392996e-01	   9.0447571866319007e-02	   5.3634777819070489e-01	   4.8907342575084922e-01	   3.0865201932314112e-01	   2.4170547261228265e-01	   4.5453234798520575e-01	  -9.3699673151530632e-03	   3.1379209018723264e-01	   6.7244029289307949e-02	   3.4700957417434486e-01	   2.5550177226546111e-01	   5.2699399768318951e-02	   1.4362189897548809e-02	   1.1011871983323851e-01	   1.3972046049536943e-01	   6.6646666052642245e-01	   3.1186794109974025e-01	   5.9095502986260529e-01	   3.6446575956697569e-01	   6.2351881738121728e-01	   6.4304481591414075e-01	   6.5474913329083884e-01	   5.8746038143227297e-01	   5.5530203477478612e-01	   4.7983215826551662e-01	   4.5618878913262634e-01	   5.2218070093538116e-01	  -4.7058719572751997e-02	  -1.1935672455492987e-02	   1.3472430635298155e-01	   5.6081371854104133e-02	   1.4290602216154730e-01	   2.1816586649731068e-01	   1.9624806263033601e-01	   6.2128794099158025e-01	   1.2883400770314160e-01	   5.1460032636643538e-01	   1.5530921057820712e-01	   3.5422248360001524e-01	   2.7134728620246085e-01	   1.3157724277002592e-01	   2.6283207620183290e-02	   3.2419318890871324e-02	   8.8128960401843287e-02	   2.0162241263251041e-01	   3.3687201039974862e-01	   2.9228660938031648e-01	   2.6662306889214571e-01	  -8.8890113631310760e-03	
   5.8889283961982364e-01	   0.0000000000000000e+00	   3.8972574480510369e-01	   4.8551934795441176e-01	   5.5213320015722978e-01	   4.7946905129858741e-01	   3.0717799303282706e-01	   4.2738416758601239e-01	   5.2226664688143132e-01	   3.8784835965671000e-01	   2.4922304680049298e-01	   3.3961203780042504e-01	   3.3833654383006806e-01	   3.6990635728408605e-01	   4.4653631712586150e-01	   5.6761244267182986e-01	   1.1760508687901981e-01	   1.2406170891396109e-03	   6.1383976537266216e-01	   7.1364398280305119e-01	   3.7855270751142300e-01	   3.9080434538535547e-01	   1.9623266821569685e-01	   1.9618822210045395e-01	   4.6369539032431673e-01	   4.6848056683929606e-01	   4.1949702890167317e-01	   4.0107096870022707e-01	   4.1982599366697809e-01	   3.3700957283801503e-01	   3.9109133590143697e-01	   2.8173392331228458e-01	   3.8533807505753881e-01	   4.6158476230114193e-01	   9.7096264495688089e-02	   1.9533823486239216e-01	   1.2966682911274729e-01	   7.4355689032393119e-02	   2.3374178673088147e-01	   3.3691330062527569e-01	   2.9585831228580006e-01	   3.4276236450244302e-01	   3.1993168160794949e-01	   3.4864253387117361e-01	   2.1944518591504544e-01	   1.7334451603167689e-01	   2.8292534348881637e-01	   2.5579977740792009e-01	   1.5094196025900170e-01	   3.1262694333699842e-01	   3.0458663481698400e-01	   3.4514651998731760e-01	   2.1065668011957628e-01	   2.1340100906912934e-01	   1.9640765904292026e-01	   2.4054382819201434e-01	   6.2974226018668544e-01	   6.4779177210833461e-01	   8.5900395455337814e-02	   8.9591534252450922e-02	   2.1338357915605027e-01	   1.5473493373768943e-01	   1.0066840948723427e-03	   1.8474303901430988e-01	  -1.1267455307121281e-02	   7.1232933225427494e-02	   3.2576075247229171e-02	   6.0926358436727786e-02	   4.5814527267034116e-01	   4.3581444001363712e-01	   2.4630952581211474e-01	   2.6572824924918192e-01	   3.6231008622914895e-01	   1.8735403836042075e-01	   2.7267776437643670e-01	   1.6411675471625553e-01	   2.4842021334344147e-01	   2.8455103438678592e-01	   9.1916243262142913e-02	   3.6373451142158508e-02	   4.8621937704180285e-01	   2.7122222158024062e-01	   4.8446784924324116e-01	   4.8469252535833252e-01	   2.0809922161401875e-01	   2.5594037216922988e-01	   4.1512587864169315e-01	   4.6852627068638131e-01	   1.5569653290384056e-01	   2.3439660688465291e-01	   2.8765769536622304e-01	   1.6906675629251158e-02	   2.0699612306242832e-01	   8.9506158995139584e-02	  -1.3384874526266738e-01	  -8.1493407439464753e-03	   9.4094826758019667e-02	   1.2211558395682728e-01	   2.0624771678390325e-01	   7.8477452084297572e-02	   1.8870378086789721e-01	   5.8363055090605527e-02	   2.2105290047218429e-01	   1.4291331470724952e-01	   1.3523542554959497e-01	   1.1447481343288267e-02	   3.1033538741390110e-01	  -1.1677635225053502e-01	  -9.0622270413169670e-02	  -8.7345757470112001e-02	   8.5191604325886516e-02	   2.2076614617456689e-01	   7.7883943876220760e-02	   2.9248468487883827e-01	   1.7307200819739729e-01	  -1.0801130538565594e-01	
   8.5966285782597474e-01	   3.8972574480510369e-01	   0.0000000000000000e+00	   8.2303699853286960e-01	   7.8850573125054291e-01	   6.9027893840975307e-01	   8.6416231806085064e-01	   6.0858522098753154e-01	   8.0153157547786047e-01	   7.0325255419338306e-01	   1.6304915501472594e-01	  -1.1063445959893260e-01	   3.9703123928524181e-01	   7.4493292318329130e-02	   7.4681470272616202e-01	   6.7689865031049923e-01	  -5.0720702218709457e-01	  -5.1535499696563458e-01	   7.1618906985409725e-01	   4.6979487268101394e-01	   5.2928636347918956e-01	   5.4603971118629069e-01	   7.2395457922054629e-01	   6.3961288277366946e-01	   7.8017361037944610e-01	   7.5814610148231087e-01	   8.3645840029997887e-01	   7.4829433207597340e-01	   1.7101810349768531e-01	  -2.1310477617352686e-01	   6.0858872971592137e-01	   5.2454062846052896e-01	   5.6817966125759278e-01	   4.6045011030278160e-01	   3.8095285323084460e-01	   2.6629380795801094e-01	   2.3956971367674937e-01	   5.5302182159415361e-02	   5.1619163992246686e-01	   2.8891035679003613e-01	   1.1694685045756892e-01	   9.8610279937390230e-02	   1.6837620737289727e-01	   8.7453583310839536e-02	  -7.8079727093675902e-02	  -1.0354525756622675e-01	   6.1042066319216479e-02	   2.4043004355492968e-02	   1.9263770618808199e-01	   3.7952147606449424e-02	   4.8276695472138642e-01	   3.2338242056942479e-01	   2.8427599994328334e-01	   3.1584203365505015e-01	   2.5230937884841809e-01	   2.0832461347589881e-01	   2.4288522199868012e-01	   2.1233453706642069e-01	   3.3441233189100694e-01	   1.3440018210655388e-01	   7.3427948340336391e-01	   4.1518937036701975e-01	   9.6959627044058555e-02	  -2.3329966348233105e-01	   6.7132247076569485e-01	   5.9919086894345552e-01	   4.1034034816461451e-01	   1.5602967302832832e-01	   4.1971854044214230e-01	   4.3475472293712825e-01	   3.1136812435667360e-01	   2.6333998510759493e-01	   3.4887964054221304e-01	  -1.0272746118366655e-01	   2.3245776636829130e-01	  -1.1294370235727691e-01	   1.8317987201313929e-01	   1.3102899624788755e-01	  -4.6258058620259959e-02	  -1.0941549607919981e-01	  -9.9835285194358261e-02	  -2.4831626392695809e-02	   6.5100556290462797e-01	   1.5917428568467284e-01	   6.3871855623945983e-01	   3.6767559674367750e-01	   7.0853028160839582e-01	   6.8080353843256525e-01	   6.5831688518376852e-01	   5.9606071214000855e-01	   4.2645789437338366e-01	   4.5553107821719074e-01	   4.6955885943183540e-01	   5.6313393438545556e-01	  -2.3120407777156356e-02	   3.3934399307477242e-02	   4.6536602286666146e-02	  -1.7966572072109633e-03	   4.0141170107681437e-02	   1.1313773811801178e-01	   1.7730550481056095e-01	   6.4775747278232854e-01	  -4.0935123475339473e-02	   4.5157796982632570e-01	   1.3511987095405367e-01	   3.7061767144436936e-01	   1.6413107834815635e-01	   9.8666159154905425e-02	   4.2666246890939688e-02	  -3.7565683471465779e-02	  -1.3377392371474752e-02	   1.0555817029083164e-01	   3.0208915630259003e-01	   2.6489389211801800e-01	   2.1839033190697993e-01	   4.0529906799213547e-02	
   7.1177825399705341e-01	   4.8551934795441176e-01	   8.2303699853286960e-01	   0.0000000000000000e+00	   7.7321632809668484e-01	   7.8987195863194493e-01	   7.7034490311144876e-01	   8.6460624720226276e-01	   7.8026949368249809e-01	   7.6146496787116047e-01	   3.7542710746685200e-02	   1.0308978806573582e-01	   3.0939394567621226e-01	   2.0655451930855800e-01	   7.2081193558666268e-01	   6.9916042463303474e-01	  -4.1975318437317088e-01	  -4.4335785226527452e-01	   6.1462433695607510e-01	   5.3476267625646723e-01	   5.6878641132667929e-01	   6.7933412409439398e-01	   6.6198618451823710e-01	   6.9413651235547513e-01	   6.9943339993265441e-01	   8.3893158808793600e-01	   7.8084562663958634e-01	   7.2732637202552741e-01	   2.3974127672331577e-01	   1.8660046329932706e-02	   6.5146803596422453e-01	   6.5685646316554158e-01	   6.6957052049377719e-01	   6.7140801354305268e-01	   4.5238915772646848e-01	   4.5028674816521863e-01	   2.9513569026931058e-01	   1.8321906624976164e-01	   5.5066692115852822e-01	   4.6014787432442428e-01	   2.8746496535314497e-01	   2.7146474633489903e-01	   3.8212058867292131e-01	   3.4459004263650528e-01	   1.9262290307763824e-01	   2.4087281292569226e-01	   2.4071260087827212e-01	   2.6995576814164168e-01	   4.1487723962018419e-01	   3.1001255798766103e-01	   6.3768006793961651e-01	   5.7915720988517227e-01	   2.5887395717902406e-01	   1.8677972630924797e-01	   3.6700309186779656e-01	   2.9295101503376175e-01	   1.6582416499183633e-01	   1.4626694319189815e-01	   3.7665357755596229e-01	   2.7864255118870096e-01	   7.0009176313348309e-01	   6.1204955920020221e-01	   2.1939474111890200e-01	   9.5779094328166614e-02	   5.2178053900944033e-01	   6.4984152130744621e-01	   5.9608169687038304e-01	   5.0618094042024853e-01	   4.8083836072801611e-01	   5.6636688093486487e-01	   3.5510270717345271e-01	   3.2948106553837597e-01	   4.0816451886717808e-01	   1.7041159853605767e-01	   2.5181067034904947e-01	   5.9214587323026424e-02	   3.2156004224071622e-01	   3.3163062146346511e-01	  -8.8880504655428245e-03	  -1.6276842579740497e-01	   3.7758906976781526e-02	   2.1262047268310311e-02	   6.0878293003692885e-01	   3.4988989127984416e-01	   5.5735931078850964e-01	   4.7759759108547084e-01	   6.9257762348150587e-01	   7.3656093278799384e-01	   6.3382652769436909e-01	   6.8885478985813076e-01	   5.1163784274360602e-01	   4.5391323000234529e-01	   6.2074955908167306e-01	   4.6674246699428423e-01	   6.0139454557014860e-02	   1.6237257851990589e-01	   2.3583028803552902e-01	   2.1776144401563208e-01	   1.9426115257973769e-01	   1.7426150885534716e-01	   4.8348308442263710e-01	   6.3339073794003187e-01	   2.4992770505532325e-01	   5.3785835774240542e-01	   3.7929024830536495e-01	   3.9834301856360343e-01	   3.2764486835832651e-01	   2.2429419715402782e-01	   1.6563225866954129e-01	   8.8213367831358788e-02	   1.9866441615914876e-01	   1.4226245411936994e-01	   3.0524202214975554e-01	   3.3324313140875261e-01	   2.9863664441789700e-01	  -5.0305901662442101e-02	
   6.8444402015924533e-01	   5.5213320015722978e-01	   7.8850573125054291e-01	   7.7321632809668484e-01	   0.0000000000000000e+00	   9.4386250766990332e-01	   6.1225458777246500e-01	   5.6558103160977402e-01	   9.5254801173172665e-01	   8.8724709209480357e-01	  -8.0569294646664097e-02	  -1.3474985216983548e-01	   1.2666547382050258e-01	  -1.2685127975631743e-02	   7.2455664259902108e-01	   8.0529656741718436e-01	  -2.3799779848309244e-01	  -3.5330878895496337e-01	   7.1900953357067587e-01	   6.4359147409674566e-01	   5.2868395287627590e-01	   5.9610307289434483e-01	   4.1239913811299989e-01	   3.7926631236126296e-01	   7.2871957907504048e-01	   7.4712765609124887e-01	   8.6374036331508464e-01	   8.1699407764619547e-01	   2.6858980358948747e-01	   7.9492261677190039e-05	   4.9604004211996000e-01	   3.6000246080605947e-01	   4.0142003319029668e-01	   3.7252146279816756e-01	   1.1156685707446493e-01	   6.8244818191405376e-02	   1.4107075760827892e-01	   5.7652304650931276e-02	   4.2087877846194849e-01	   3.1459979347049011e-01	   1.3771467398663978e-01	   1.7229426254973040e-01	   6.5849404223209451e-02	   1.5604774158596613e-02	  -4.9565242010838832e-02	  -1.7429352180020077e-02	  -4.6975005889379570e-02	  -7.8098103202941180e-02	   1.6524411376989628e-01	   1.1355510583906478e-01	   3.0184453172783476e-01	   3.1458430647914204e-01	   1.0716246106759739e-01	   1.4073266030058063e-01	   1.6655781902156372e-01	   1.2560040033285047e-01	   3.8104335209924356e-01	   3.5678299270354458e-01	   2.8029750657482461e-01	   1.1767282632139195e-01	   4.9904985196153057e-01	   3.6040095027299091e-01	  -8.8474616649825144e-03	  -1.0513364401641383e-01	   3.0535177275010184e-01	   3.0622168818770745e-01	   2.2180707700567709e-01	   1.1427671369060667e-01	   4.0006815482237101e-01	   3.9726883180711947e-01	   1.7358838266840523e-01	   1.8219033375738161e-01	   2.6156939007585167e-01	  -9.7623160539453746e-02	   7.5631582690342175e-02	  -2.0413960298428924e-01	   1.9623339177344296e-02	   3.0618572414373997e-02	  -2.2320639880575133e-02	  -1.0490527651741180e-01	  -2.6486888726493414e-02	  -1.4894920501773967e-01	   4.5410900428128270e-01	   1.0140993916265043e-01	   3.1338046748238635e-01	   1.6018270518205571e-01	   5.8944265090017989e-01	   5.4352115829184100e-01	   4.3908964626215535e-01	   4.4014452578093699e-01	   2.3277635288022319e-01	   1.6478787019469235e-01	   2.8487850274965754e-01	   3.1982336806499873e-01	  -2.0846074512848839e-02	   1.5947821644262561e-01	  -9.0116060767351625e-02	  -4.8523129820994000e-02	  -2.5672988277722318e-02	  -7.6470829998705442e-02	   1.3427805172566806e-01	   3.5759111411664352e-01	  -5.8891214177566376e-02	   3.1732917422731893e-01	   5.9950866873787242e-02	   1.7818290927344160e-01	   1.5608932812311938e-01	   7.1505560564318962e-03	   1.6233561916538179e-02	  -1.3437638423855927e-01	  -1.1236917214753429e-01	   1.5145443065357252e-02	   1.1495062555741201e-01	   2.2787675313974323e-01	   2.5655125140922913e-01	   6.6648044600640596e-02	
   5.6874646555442476e-01	   4.7946905129858741e-01	   6.9027893840975307e-01	   7.8987195863194493e-01	   9.4386250766990332e-01	   0.0000000000000000e+00	   5.5968003489433349e-01	   6.4143222575466963e-01	   9.0758002838373253e-01	   9.4612110813398509e-01	  -1.1748494592363946e-01	  -7.7476107750851939e-02	   1.1865322519510743e-01	  -2.3815985388741544e-02	   7.2933870350592289e-01	   7.2856731640937533e-01	  -1.8051322903942069e-01	  -2.8190861641927789e-01	   5.8064842323597488e-01	   5.4045982356386335e-01	   5.1485797630504471e-01	   6.1792627930775890e-01	   3.6224310860165665e-01	   3.6690400108065530e-01	   6.4914383960939082e-01	   7.5430005832339675e-01	   8.1912823141680269e-01	   8.0159628391788629e-01	   2.6281331170495764e-01	   4.7834055956619034e-02	   4.6303060625691994e-01	   3.7159049226759444e-01	   3.7252175475862953e-01	   3.8481025215029269e-01	   1.3415806699594671e-01	   1.2622693820871064e-01	   1.6922791973426901e-01	   9.2450730423726396e-02	   4.3780614033938842e-01	   3.5740920149946909e-01	   1.9902602912584344e-01	   1.6033822362757338e-01	   1.3403158845301094e-01	   7.0210113522579887e-02	   2.2969490975363788e-02	   8.9213128143787901e-02	   3.1411639350472614e-02	   4.2633583912697033e-03	   2.4486767729149195e-01	   1.8420131993062627e-01	   3.3480600390105059e-01	   3.5987393469457607e-01	   1.0967646209962503e-01	   1.2236129535249116e-01	   2.0739303500086351e-01	   1.4724341975675176e-01	   3.0565011894359728e-01	   3.1617806407563315e-01	   2.8798689280705181e-01	   2.0121792421135279e-01	   4.8203128644806498e-01	   4.5289627748491046e-01	   6.8881728452936289e-02	   7.8127846781601527e-03	   2.5099570434664409e-01	   3.0076163738888601e-01	   3.0291860246435443e-01	   2.4416943960625884e-01	   3.0073268143967141e-01	   3.5826864647958212e-01	   2.1314056328079903e-01	   2.0009124941707418e-01	   2.9349003106167904e-01	  -1.8679686807366886e-02	   1.1239939119567169e-01	  -1.4834652378121338e-01	   7.0239860901885734e-02	   7.8909510828268026e-02	   2.0238679774549496e-02	  -1.0277541774092205e-01	  -1.1694276367673817e-03	  -1.1978711114986068e-01	   3.7856278061399762e-01	   7.9324940947604311e-02	   2.6439852417809540e-01	   1.6600348893362171e-01	   5.1786247912238237e-01	   5.0381936572250385e-01	   3.9770447805778414e-01	   4.6407568039853264e-01	   2.4773702108378223e-01	   1.5505281312001146e-01	   3.4499859205589012e-01	   2.7769565971811894e-01	   2.3251402059201613e-02	   2.1105793808750034e-01	  -1.4940096081289874e-02	   4.5931062712677967e-02	   3.1414978076039171e-02	  -1.9690251463740413e-02	   2.3091357156605069e-01	   3.4207429249683147e-01	   4.5781396439407526e-02	   3.1980315138539173e-01	   1.2136197641438673e-01	   2.0940141843826876e-01	   2.0615200924933025e-01	   4.9304506632394912e-02	   1.3687478685708049e-01	  -1.0682871326787310e-01	   1.0792769529402717e-03	   4.6834394748407310e-02	   1.5217840956600792e-01	   2.1614292361144258e-01	   2.8908443471819889e-01	   7.5823515617259696e-02	
   8.0055407876723639e-01	   3.0717799303282706e-01	   8.6416231806085064e-01	   7.7034490311144876e-01	   6.1225458777246500e-01	   5.5968003489433349e-01	   0.0000000000000000e+00	   7.1922988744530114e-01	   6.5954337283724884e-01	   6.0359161307102327e-01	   3.4354195861831521e-01	   1.5345315072953020e-01	   4.5709651796079398e-01	   1.5376283129046334e-01	   6.2295709427798318e-01	   4.6695566966372565e-01	  -4.5591286248298607e-01	  -4.1852550249068443e-01	   4.4179459413647332e-01	   2.4218259332499470e-01	   4.9051366920189376e-01	   5.1655922834614054e-01	   5.7601019209688298e-01	   5.1379684604349229e-01	   5.5259028509524799e-01	   6.3028467235630659e-01	   6.5294660813771932e-01	   5.5674352089883161e-01	   2.8590547887126638e-01	  -2.1393671079156639e-02	   5.3946424548520078e-01	   5.6297304572289919e-01	   5.0108708413706760e-01	   4.5607597224619800e-01	   4.1888189881539090e-01	   3.5170094475413782e-01	   3.6799716792403597e-01	   1.8257802918279686e-01	   5.3924281873391078e-01	   3.8252689757209918e-01	   3.3422683126066483e-01	   2.3527839306894854e-01	   3.3880321658766505e-01	   2.4190259694817998e-01	   5.4610686508765938e-02	   7.9025318230609168e-02	   2.3026744988850673e-01	   2.0377623442901230e-01	   4.7662036573164368e-01	   1.9708595404892093e-01	   6.3189456716157144e-01	   4.0977180565452281e-01	   4.0732728692897635e-01	   2.4128442870223049e-01	   4.4052773356070563e-01	   3.5262236713080447e-01	   3.7284632944445978e-02	   3.0488445277355850e-02	   5.3102747445198206e-01	   2.6717381992293543e-01	   8.5219144655430235e-01	   4.9275758514367263e-01	   2.9867586849956090e-01	   3.2271781719962860e-02	   5.3604478374717668e-01	   4.6810009027676697e-01	   5.6626247498191029e-01	   3.0685085809961904e-01	   3.0187006973800079e-01	   3.5053270473783749e-01	   4.6086978681567814e-01	   3.9018877746317765e-01	   5.1234930376058385e-01	   1.6968286010209119e-01	   4.2466259324833355e-01	   1.3919417731926614e-01	   3.8218041482716658e-01	   2.4334520844150812e-01	   6.2738362417675608e-02	  -1.0007179418412490e-01	  -1.1058074722261471e-01	  -8.9524004095008977e-02	   4.9890860629028488e-01	   1.4631775810421535e-01	   4.9279938657313721e-01	   2.7317723068676031e-01	   5.0123148052556232e-01	   5.1323494107233292e-01	   7.1099852863134216e-01	   6.3604420336753908e-01	   5.0418777383581492e-01	   5.3111032110527490e-01	   4.5364907684491573e-01	   5.6482266885124877e-01	   4.8379855291295140e-02	   9.1163420529782463e-02	   2.4665525926456741e-01	   1.9406816683214123e-01	   1.9235634239676544e-01	   3.1740156462305463e-01	   2.4923540826371587e-01	   7.6829122009463213e-01	   1.5869069446734207e-01	   5.6820127105739382e-01	   2.3939011636729379e-01	   5.4361628765033665e-01	   3.5696170706490515e-01	   3.4048842903988974e-01	   1.0046000851953364e-01	   6.6926391987221667e-02	   1.3262637128900978e-01	   1.1650125308467515e-01	   4.5902475488895100e-01	   2.7810346844545164e-01	   3.0834347409987439e-01	   4.1945549914802545e-02	
   5.3437525611970471e-01	   4.2738416758601239e-01	   6.0858522098753154e-01	   8.6460624720226276e-01	   5.6558103160977402e-01	   6.4143222575466963e-01	   7.1922988744530114e-01	   0.0000000000000000e+00	   5.4068489307322809e-01	   5.9903590964885511e-01	   1.8405765972541083e-01	   4.2761463653865711e-01	   3.4866707462100771e-01	   3.4644437460574551e-01	   5.7570775413498021e-01	   4.7770721576217301e-01	  -3.0615107920853002e-01	  -3.4922583693470943e-01	   3.6188692685834195e-01	   3.7564577449671865e-01	   4.3638527715918157e-01	   5.2063691567613035e-01	   5.3076783775330916e-01	   5.7506128164153214e-01	   4.4245559833548415e-01	   6.4942102334126695e-01	   5.0779510923538729e-01	   4.1816587235590541e-01	   3.7506829791748242e-01	   2.4006485306527603e-01	   6.3255384580238838e-01	   6.9244415410206273e-01	   6.3630962771575494e-01	   7.0090664175146589e-01	   4.5838036804749699e-01	   5.0036223662550383e-01	   3.3218124429940860e-01	   2.0996433608207293e-01	   4.5280014005113123e-01	   4.6727720087316660e-01	   3.2935994560963544e-01	   2.9651945113273703e-01	   5.4655972015900711e-01	   4.8972562944440468e-01	   4.2084498390537073e-01	   4.5703775886704323e-01	   4.2979238276720300e-01	   4.4433045636284707e-01	   5.9213926246345605e-01	   4.6316890701819291e-01	   7.0444244126210998e-01	   6.4013581788434082e-01	   3.5615949070760533e-01	   1.9497468124408213e-01	   4.4619972161533678e-01	   3.3816620534622821e-01	  -1.6417018338201893e-04	  -1.2365128674415875e-02	   3.9340272854434033e-01	   3.5252242827694841e-01	   6.7827845161379385e-01	   7.4722152541720122e-01	   3.6365269142043072e-01	   3.8687475500133806e-01	   4.3031703040131530e-01	   5.4100435518330592e-01	   6.8161791196208910e-01	   6.5508775096339478e-01	   3.0721440352511786e-01	   5.4322071512126568e-01	   4.6532366160202021e-01	   3.9075032501612705e-01	   4.8270495021873627e-01	   4.0710892290920520e-01	   4.2300427422810327e-01	   3.0697741995817834e-01	   5.1843213798193577e-01	   4.9414072616414800e-01	   1.5611295725455564e-02	  -2.0420030914305098e-01	   1.6556080862880648e-01	   8.8821297242952513e-02	   4.1880955352722582e-01	   3.4177521701548208e-01	   4.5061950090876179e-01	   4.5056868366251945e-01	   4.5772752868692468e-01	   5.2248109644163976e-01	   5.3706719525901125e-01	   6.3638740669010951e-01	   5.6728925196434643e-01	   4.4872297848068937e-01	   6.2825512973552700e-01	   4.0229480069908907e-01	   6.7051852291732189e-02	   1.5434673752068015e-01	   3.7948650529573968e-01	   3.2909112088776915e-01	   3.4365617524876296e-01	   2.9378120427653664e-01	   5.7431735344335899e-01	   6.0224585715595924e-01	   3.9650588762316219e-01	   5.2537473192414763e-01	   3.5630505049200939e-01	   4.1639141582033945e-01	   4.1571569081358950e-01	   2.6787872384535411e-01	   2.2795388891693252e-01	   8.6022856104567100e-02	   3.4234374253963118e-01	   1.3299466024333784e-01	   3.4592278324623654e-01	   3.4995146479288042e-01	   2.7603860810208930e-01	  -1.2504847916411571e-01	
   7.1503378392713901e-01	   5.2226664688143132e-01	   8.0153157547786047e-01	   7.8026949368249809e-01	   9.5254801173172665e-01	   9.0758002838373253e-01	   6.5954337283724884e-01	   5.4068489307322809e-01	   0.0000000000000000e+00	   8.8986837275639263e-01	  -2.7862254322045060e-02	  -1.6255517742253681e-01	   1.8402835595291453e-01	   3.2199063980416082e-02	   7.1439683892775796e-01	   8.2104154829662834e-01	  -2.9978437231852129e-01	  -3.5929462045431182e-01	   7.1055421347365932e-01	   6.0066749216471582e-01	   5.7585055188173295e-01	   6.3752053657272234e-01	   4.3946011736006152e-01	   4.0728635775065780e-01	   7.5848248172470867e-01	   7.7136162851546908e-01	   9.0212194613191810e-01	   8.7542326766108203e-01	   1.7542512747661110e-01	  -7.7303127021908696e-02	   4.8154409854465008e-01	   3.7560399560819940e-01	   3.5794131068432655e-01	   3.2423025017212420e-01	   1.4405069773667903e-01	   5.8683189383268844e-02	   2.0187768466829092e-01	   1.2885782684626368e-01	   4.7700318092915084e-01	   3.3592804114619468e-01	   1.9317141838062843e-01	   1.8023207244444106e-01	   1.3534448947537185e-02	  -5.9998015286569048e-02	  -1.7212401192677906e-01	  -1.2368931068204604e-01	  -7.9668242967331368e-02	  -1.4181678357560304e-01	   1.5352815718114768e-01	   7.6627020808145749e-02	   3.4437460951710741e-01	   3.0026565767375740e-01	   1.2986785410400398e-01	   1.6004738355124490e-01	   2.0180796926446148e-01	   1.6936930006141532e-01	   3.7723868886270889e-01	   3.8924644560246796e-01	   3.2486193055577950e-01	   1.5596744237023100e-01	   5.3468335684191304e-01	   3.1920752633188215e-01	  -1.3396122284793352e-02	  -1.4763800172306307e-01	   3.2988759456141148e-01	   3.2772743140746807e-01	   2.1865908234276085e-01	   5.1178921560257710e-02	   4.3696737666611307e-01	   3.6880459207485217e-01	   2.2531440110445575e-01	   2.0932873501227772e-01	   3.1306711528991849e-01	  -6.5560006685114011e-02	   1.0573896932291857e-01	  -1.7990064558034438e-01	   3.6963163501586044e-02	   4.2111036780329944e-02	  -2.8805082428438294e-02	  -8.9932802859837679e-02	  -8.0335298244915851e-02	  -1.4103962274836362e-01	   4.9327535106331655e-01	   1.1188489547335934e-01	   3.5340485412531120e-01	   1.9342542703103979e-01	   6.3070545281582246e-01	   5.9423159740555931e-01	   5.3350685439583678e-01	   5.0785702517007769e-01	   2.4231326564950217e-01	   2.2386137119876115e-01	   2.7115911355013200e-01	   3.9086547755400136e-01	  -4.2636197961082520e-02	   1.1688365872574179e-01	  -1.1255223762322464e-01	  -6.3333063756409805e-02	  -4.8899089463136890e-02	  -7.1050850385137435e-02	   7.9949068795226702e-02	   3.9623429099198049e-01	  -5.5096272860302650e-02	   3.3119381513110907e-01	   8.7608482110946920e-02	   2.3367681727764802e-01	   1.7885942757532156e-01	   5.6676032456955718e-03	   4.3420837006902989e-02	  -1.1880102383268165e-01	  -1.4580251992799564e-01	   2.2079710132620757e-02	   1.5877155688543179e-01	   1.9408279913449267e-01	   2.7777781364930704e-01	   9.7031139630251367e-02	
   5.7281773986192264e-01	   3.8784835965671000e-01	   7.0325255419338306e-01	   7.6146496787116047e-01	   8.8724709209480357e-01	   9.4612110813398509e-01	   6.0359161307102327e-01	   5.9903590964885511e-01	   8.8986837275639263e-01	   0.0000000000000000e+00	  -8.0494988697686370e-02	  -1.2047844344049345e-01	   1.9598319826293231e-01	  -6.7080178399404902e-02	   8.1607099571600505e-01	   6.6046000589963116e-01	  -2.4259704121224121e-01	  -3.7213494210249765e-01	   5.7513961588476792e-01	   4.8814699159986286e-01	   4.8816030357209461e-01	   6.1097857375430709e-01	   3.4285817137879909e-01	   3.3670682545604669e-01	   6.2457444897040104e-01	   7.4633485078401807e-01	   8.3544022595750933e-01	   8.1464137034118278e-01	   1.8623395153856032e-01	  -7.0917167355784599e-02	   4.0361129247295058e-01	   3.2862710119936028e-01	   3.2537367644678872e-01	   3.0227940893906213e-01	   1.5400893995042514e-01	   1.2546733661927301e-01	   2.2327421253892302e-01	   1.4804844118777472e-01	   4.9812887537530803e-01	   3.8734679069408606e-01	   2.0505990941056779e-01	   1.2241703144153829e-01	   7.4769233215477071e-02	   2.4256163600980804e-02	  -7.2004131133910049e-02	   2.1788993381576100e-02	  -1.5312408520681227e-02	  -2.9404217460566439e-02	   2.3464909028255448e-01	   1.2464496624439912e-01	   3.4625977581636014e-01	   3.3586810492191849e-01	   6.0317805009092250e-02	   8.0975326405272413e-02	   2.5347547942097937e-01	   1.6648336653840815e-01	   1.9016136313984588e-01	   2.1734998963951505e-01	   3.1325360505230759e-01	   1.9327410296288966e-01	   5.0773703100707590e-01	   4.4174456249702931e-01	   1.0819368306955159e-01	  -1.7843821545223893e-02	   3.0033720839871120e-01	   3.3207083675450033e-01	   3.1118894182967988e-01	   2.1591857703964951e-01	   2.7841859278262920e-01	   3.2476372414419136e-01	   1.9822062242110330e-01	   2.1211063332907187e-01	   2.8969067795791259e-01	  -4.9319235801834796e-02	   1.1951092882170107e-01	  -1.8366699672787756e-01	   7.8209680276867061e-02	   5.8341306958583798e-02	  -9.5637585669329922e-02	  -2.1704663498941762e-01	  -8.6116107548628404e-02	  -1.7559580041741121e-01	   4.3319387319852454e-01	   1.5067046058005001e-02	   3.2665539555949169e-01	   1.9592238283252061e-01	   5.2524365477346191e-01	   5.0066722250554307e-01	   4.7128301268363154e-01	   5.1077999884632264e-01	   2.1929443436000629e-01	   2.1507962123950464e-01	   3.2706032732329821e-01	   3.4434980971332319e-01	   4.5167316892107491e-02	   2.1482358690692555e-01	  -1.3102892045720821e-02	   6.1329794028211169e-02	   1.3218279139042503e-02	   1.5958544596810280e-02	   1.9311891085670665e-01	   3.7671248023481596e-01	   1.0870172208285307e-02	   3.3936734644393912e-01	   1.5023849849628745e-01	   2.8042210329520512e-01	   1.3971614141240266e-01	   1.5700089983313295e-01	   1.3469201223248001e-01	  -8.0448036560323094e-02	  -2.9389230530681310e-02	   6.9978813731322337e-02	   1.9416985178876620e-01	   1.5909130269343852e-01	   3.0048809801132625e-01	   8.1232877056058070e-02	
   4.0674757376913551e-01	   2.4922304680049298e-01	   1.6304915501472594e-01	   3.7542710746685200e-02	  -8.0569294646664097e-02	  -1.1748494592363946e-01	   3.4354195861831521e-01	   1.8405765972541083e-01	  -2.7862254322045060e-02	  -8.0494988697686370e-02	   0.0000000000000000e+00	   5.4218282129994289e-01	   7.6686714672065714e-01	   4.2104742077783569e-01	   1.8009808453400333e-01	   4.0261972029318777e-02	   1.3615496930366486e-01	   1.4802129735407127e-01	   9.4991502141880513e-02	   4.0779655214091804e-04	   1.4940888953345299e-01	   1.1411428486427196e-01	   2.6110210793369959e-01	   2.0635429160237917e-01	   1.6257455547430266e-01	   1.2964693027202034e-01	  -5.7065529860104731e-03	  -2.4123733829224146e-02	   3.6828547469282436e-01	   2.1555830871895959e-01	   2.6486962385205115e-01	   3.1011426577887957e-01	   9.2711622222752643e-02	   9.6633862109431867e-02	   2.4092455018217440e-01	   2.2228866012895412e-01	   4.0176425344753636e-01	   2.7146004832460141e-01	   2.7700643353728721e-01	   2.8986236887453859e-01	   3.7421898985165447e-01	   3.3382204440604990e-01	   2.4936952807303811e-01	   1.8584315749139305e-01	   6.6560013307316257e-02	  -2.9691212516298138e-02	   2.8671664803214070e-01	   2.4732445057555430e-01	   1.8402247223113355e-01	   3.4287731003692909e-02	   3.1350725013431008e-01	   7.4798124255808604e-02	   3.7366089461350910e-01	   2.3235821093263739e-01	   3.4345599292956336e-01	   2.5970185254410549e-01	   2.1228470409894107e-01	   1.9983489118685821e-01	   1.5696042303390884e-01	   6.6620763755462109e-02	   2.1280768089275184e-01	  -1.0503717016926920e-01	   2.2556836659237034e-01	   5.9966978207329769e-02	   7.9143590448878906e-02	   7.4343844792288075e-02	   1.4016512372934667e-01	  -1.7014501367437103e-02	   1.5967271055857762e-01	   1.5634665912878937e-01	   5.6018428580791335e-01	   4.3903962935731899e-01	   5.2682723224516703e-01	   3.7393996829006526e-01	   5.8699768948692388e-01	   5.2537713005487285e-01	   4.0967793250940698e-01	   3.1419984456522876e-01	   1.2908589039942323e-01	   1.6274383524885735e-01	   3.6857419066234826e-01	   3.8817005013512740e-01	   3.2645935428003259e-01	   3.4069466444281327e-01	   3.0713597431908979e-01	   2.5789785170526247e-01	   9.4531088862962770e-02	   1.6176822915884920e-01	   2.6824570946170329e-01	   1.2614443293340466e-01	   3.2672557376076844e-01	   2.8203157892171338e-01	   2.0134909936733481e-01	   3.5335796314286028e-01	  -1.1998008840270682e-01	  -1.0490225475018602e-01	   2.3825131233742303e-01	   1.3760801089111507e-01	   2.0922175722244016e-01	   2.9449683771736052e-01	   4.7911436465749122e-02	   2.5544404754014216e-01	   2.2573479014441161e-01	   1.5350249629363139e-01	   1.1902814069222434e-02	   2.3800597509502541e-01	   1.9694932036205015e-01	   1.1300700398718048e-01	   4.6121899970799331e-02	   9.3487558500624277e-02	   2.2263666689543327e-01	   1.9269685033082512e-01	   3.5828243754985994e-01	   2.3971184067987483e-02	   1.4470221111856410e-01	  -9.4909427155078163e-02	
   1.1394783335969964e-01	   3.3961203780042504e-01	  -1.1063445959893260e-01	   1.0308978806573582e-01	  -1.3474985216983548e-01	  -7.7476107750851939e-02	   1.5345315072953020e-01	   4.2761463653865711e-01	  -1.6255517742253681e-01	  -1.2047844344049345e-01	   5.4218282129994289e-01	   0.0000000000000000e+00	   4.4294097190991844e-01	   6.7285904281268338e-01	   3.0737793433771282e-02	   3.9941157738783893e-02	   1.9937144016548772e-01	   1.6791031990540453e-01	  -1.3810502903397129e-01	  -3.2186892202810298e-03	   1.5200464267655678e-01	   1.6497994700011956e-01	   1.5469404599293590e-01	   1.7063946461008614e-01	  -5.2007719441234931e-02	   7.4975341491692132e-02	  -1.8591694363641481e-01	  -2.0844232927041886e-01	   4.3262189914603710e-01	   5.5713843902857008e-01	   3.0414009661598268e-01	   4.0389523052797061e-01	   1.8431450217704526e-01	   3.2632975217609661e-01	   3.9817545964642731e-01	   5.4788459598721329e-01	   3.5416958141762145e-01	   3.2492848583257899e-01	   1.8658411199533947e-01	   4.0067480126409594e-01	   3.6672892470250307e-01	   4.2715646798290663e-01	   5.9274233251684805e-01	   5.6167862374811395e-01	   5.0139470735472302e-01	   4.7477890830178038e-01	   5.8625415049097973e-01	   6.0983173790006995e-01	   3.8614768849505454e-01	   4.5439165379753071e-01	   4.5192832501553604e-01	   3.7919916078758276e-01	   3.8362081277595417e-01	   1.7382137163599309e-01	   3.7401482227069721e-01	   3.2973728111217004e-01	   8.2688430758469406e-02	   6.6421092032964757e-02	   9.3351147673447682e-02	   2.5916217784923612e-01	   5.5712903241128889e-02	   2.6590985878061923e-01	   1.9950683479879577e-02	   3.2912198108047097e-01	  -1.0784555473008185e-01	   6.7836275476029023e-02	   2.0816191769797138e-01	   3.3627925386291291e-01	   9.6346852725384430e-02	   2.8674382922600633e-01	   4.9122243448201980e-01	   3.9184041371121731e-01	   4.4579583613897489e-01	   6.0457589368412878e-01	   5.4973671675599056e-01	   6.9456671321160646e-01	   5.5792801642052381e-01	   5.5694808717888056e-01	   1.9473689595857535e-01	   8.9432166020277620e-02	   4.9742820691966760e-01	   3.7192433442809902e-01	   7.5381009422334069e-02	   4.6968520040609224e-01	  -3.7981084742627256e-03	   1.8993073345865541e-01	  -1.1641611450314675e-01	  -2.4698360370415073e-02	   1.0211988219766691e-01	   2.2114236723547281e-01	   4.5939800222480570e-01	   2.5308542743326207e-01	   3.4474644122804837e-01	   1.0947371813643147e-01	   3.7326278488231980e-02	   7.4688454171639690e-02	   4.9410160854686574e-01	   4.4819210109496382e-01	   4.7834601404324539e-01	   3.8814470723316546e-01	   5.0625762580076994e-01	   1.5107928921846103e-01	   5.1636827973539778e-01	   1.3391950724185270e-01	   2.4414243945394995e-01	   1.0657373158817299e-01	   3.8614811496377649e-01	   1.8293174984885460e-01	   6.1886778116486754e-02	   2.2488541703653711e-01	   5.1497563292047965e-01	   2.9937529344057823e-01	   2.5897906517089847e-01	   1.2396268983507672e-01	   1.2387300108819532e-01	  -1.7572695681270048e-01	
   4.8003476094053998e-01	   3.3833654383006806e-01	   3.9703123928524181e-01	   3.0939394567621226e-01	   1.2666547382050258e-01	   1.1865322519510743e-01	   4.5709651796079398e-01	   3.4866707462100771e-01	   1.8402835595291453e-01	   1.9598319826293231e-01	   7.6686714672065714e-01	   4.4294097190991844e-01	   0.0000000000000000e+00	   5.6337381273789466e-01	   5.6403561780742351e-01	   2.4822789169291415e-01	  -8.8881985182852466e-02	  -9.7426208547305979e-02	   3.1244274882197270e-01	   2.0728234347508026e-01	   4.0866726367069850e-01	   4.1325248167365003e-01	   5.3835040132246625e-01	   4.6842116177646048e-01	   4.8250881978928462e-01	   4.7504447358426138e-01	   3.2984367404748272e-01	   2.9770970588035117e-01	   3.6013769541425911e-01	   1.5038863254500717e-01	   4.9371188706208147e-01	   5.1827264005274143e-01	   3.1907004135876199e-01	   3.0591609922263430e-01	   5.0513990605065950e-01	   4.3488336993791515e-01	   5.2159759444181519e-01	   3.8480428212298629e-01	   5.1136606350077496e-01	   4.6707471109588944e-01	   3.8008098512432376e-01	   3.5337835575401555e-01	   2.8954139408058405e-01	   2.1249237067300109e-01	   1.3522443863006264e-02	  -7.8639042356044686e-02	   3.2157580885307668e-01	   2.9849894310558345e-01	   7.7539536421733252e-02	   3.2391352376339215e-02	   4.5778298161253839e-01	   2.5069564889683421e-01	   4.0425512146406517e-01	   3.9899828742983923e-01	   4.3817071847772487e-01	   3.7227475679978966e-01	   2.5495805449611730e-01	   2.3792597280443312e-01	  -1.3271757229845865e-02	   4.2908072087761248e-02	   2.6078126121196710e-01	   8.4539255532895458e-02	   3.1716363443404429e-02	  -8.2042790517400682e-02	   3.7615728638416235e-01	   4.2815394512532923e-01	   1.5132381564258451e-01	   2.0318931563129770e-02	   3.0953073720324992e-01	   3.4009175348525600e-01	   6.0680883888279746e-01	   5.6202591562614479e-01	   4.9753728179859591e-01	   3.1949547924653904e-01	   5.5004171734991303e-01	   3.7495647405569688e-01	   3.9749044735422595e-01	   3.7739308062572074e-01	   4.7877535811335026e-02	   6.0946087039203428e-02	   3.7149510750538989e-01	   4.5319505271126170e-01	   6.1819129651660343e-01	   4.6214587944692564e-01	   5.8165095272737610e-01	   4.8227306643948670e-01	   3.9205015624048634e-01	   4.3977065281253880e-01	   4.1952476207788408e-01	   3.5235590308207210e-01	   3.6051257868661279e-01	   3.5897455314563714e-01	   3.9056746141284460e-01	   4.2780728320073491e-01	  -6.3449541972218595e-02	  -2.9560286734411363e-02	   2.8718925055728084e-01	   2.5923829653442121e-01	   2.3159205815095027e-01	   2.7191851855007981e-01	   1.7769809202590434e-01	   2.5715650323959649e-01	   8.5596654355229895e-02	   6.0338659318264196e-02	   1.1042421660850534e-01	   3.0110160258522095e-01	   1.1029886254810617e-01	   6.6365069856492209e-02	   7.0492649365768378e-02	   1.5318424038403666e-01	   2.2424057925620805e-01	   2.6766743751623834e-01	   3.2875467073500952e-01	   8.4650863727215100e-02	   2.1991261960079889e-01	   5.6749649225577764e-02	
