   0.0000000000000000e+00	   8.4554932948726469e-01	   4.5538778897318433e-01	   6.2427938649475212e-01	   4.8919806247626352e-01	   5.3617901228730946e-01	   7.1923335693735047e-01	   7.1385108915194995e-01	   5.9553943284432220e-01	   5.3696485483981116e-01	   6.4901965109417314e-01	   6.5476276288173652e-01	   4.8150945045179583e-01	   4.6225627012936860e-01	   5.9839004291232467e-01	   5.4502963010352157e-01	   5.7323575599394638e-01	   5.8324906424402323e-01	   7.4885736503580991e-01	   6.8280499513322079e-01	   8.1756145633710572e-02	   9.9291462026419225e-02	   3.1084724877571895e-01	   3.4211509969634879e-01	   1.4351994074489377e-01	   1.8157554576983714e-01	   2.2271779847651779e-01	   3.4436543197947922e-01	   6.2277181179472207e-01	   5.2333011884632263e-01	   2.0827401083498970e-01	   2.1334600808902010e-01	   5.8943693281924503e-01	   6.1790897706589964e-01	   1.1809727413740329e-01	   1.4027635462792870e-01	   1.5457592993088947e-02	   1.4210737934493450e-01	   2.9516437526670974e-01	   3.0904868172862981e-01	   2.5671371860588649e-01	   1.5414230706103609e-02	   1.2534705881664324e-01	   1.7206809560085781e-01	   1.8065409954521333e-01	   4.1164014919587877e-01	   2.3382715644905294e-01	   2.0107256146929761e-01	   4.9029130675068799e-01	   5.2318682012210649e-01	   6.8993831123853344e-01	   7.1464739472567695e-01	   6.0273628961771009e-01	   4.6163249525798367e-01	   5.3614356005792041e-01	   5.7735396865415656e-01	   6.0235066681427174e-01	   7.1379729023921790e-01	   7.0656800903994299e-01	   6.8471990479656897e-01	   7.8893252164421734e-01	   6.4837655005306882e-01	   7.6126972476834953e-01	   7.0437147202738948e-01	   3.8754905788278854e-01	   6.3922893602957243e-01	   4.5218382990739736e-01	   4.1513187436542387e-01	   5.0855813941792216e-01	   2.9518984815674248e-01	   2.6773523573682034e-01	   4.1101478126671565e-01	   6.1808004179217069e-01	   6.1895468781307472e-01	   6.1964508371679627e-01	   5.7960892047184820e-01	   5.3170388493064968e-01	   6.0867969308851144e-01	   5.1048228234847504e-01	   5.8032335718886663e-01	   5.0770955361954373e-01	   5.6322132966975247e-01	   4.2335836409832434e-01	   4.4833570996822125e-01	   3.4034619311785308e-01	   4.0452510460365348e-01	   5.0997015175885152e-01	   2.7700212346309411e-01	   6.7576137104130074e-01	   6.7325631651569817e-01	   5.8924837939345198e-01	   4.9024542222503864e-01	   3.4033008019783445e-01	   3.6985020452387363e-01	   7.1974726412087353e-02	   2.3846656727699206e-01	   2.0603416760971066e-01	   3.5944527757743783e-01	   3.6730039091573430e-01	   4.1087263163509569e-01	   3.6973343084182775e-01	   4.1724965373366668e-01	   3.6650220645561016e-01	   4.4645510808661554e-01	   4.5719119055897472e-01	   3.7214305789336249e-01	   4.8886398191188873e-01	   3.3679319874996538e-01	   1.9388831833025921e-01	   3.2246722433628761e-01	   2.4528105565362338e-01	   2.7904784202725974e-01	   3.3656377100829593e-01	   4.6066482539820752e-01	   4.7342271223477739e-01	   3.8909631816667373e-01	
   8.4554932948726469e-01	   0.0000000000000000e+00	   5.3728239208909623e-01	   6.7456471392651418e-01	   5.0629794609634704e-01	   4.3046495869910034e-01	   7.0756504810056720e-01	   7.4015076822908554e-01	   5.8682346218239578e-01	   5.2833112452723263e-01	   7.1528758854278807e-01	   7.3166649742703693e-01	   5.4628715838652608e-01	   5.1500263405556734e-01	   6.1812599725040829e-01	   5.3681701195145537e-01	   6.1839015126059049e-01	   7.1002747936777166e-01	   7.7264233431921103e-01	   7.6925025336091712e-01	   2.3295289623166865e-01	   2.3060625465463336e-01	   4.2092665218991615e-01	   4.4516770858077864e-01	   2.4362151666087223e-01	   2.5922934309930346e-01	   2.6679864525453745e-01	   3.1187851649095127e-01	   7.6978059407035182e-01	   6.8131897267627095e-01	   4.3235002866670769e-01	   4.1633835229153648e-01	   6.7905953083461446e-01	   6.9116677519274194e-01	   2.3065574071933159e-01	   1.5321242045180503e-01	   9.8358864308358301e-02	   2.0911080028194889e-01	   2.3206645366290435e-01	   3.1560778023652386e-01	   2.8142668530418097e-01	   1.0549594269450389e-01	   1.9588169258210736e-01	   2.2045962464537489e-01	   1.3710390044784243e-01	   3.8462302275745208e-01	   3.1588027661339912e-01	   2.8445537973107715e-01	   4.4810469679769638e-01	   5.4599789311958880e-01	   6.5998704574917166e-01	   6.7581555939877724e-01	   6.1684767179985545e-01	   5.8020801594848792e-01	   5.1502959432418804e-01	   5.5873053921474969e-01	   6.8578644529929667e-01	   8.3284036807817863e-01	   4.1695233234262841e-01	   5.0140697179204874e-01	   6.0973772991323794e-01	   5.3632772511094751e-01	   6.5479182250459633e-01	   6.1830921445741083e-01	   3.9756733867250749e-01	   5.3365086110019055e-01	   3.4194608848640473e-01	   2.7631585261560931e-01	   5.4615155019597905e-01	   2.7590974733461887e-01	   5.0804040020697361e-01	   6.5463061619038665e-01	   7.8015483446279710e-01	   7.6774041654701397e-01	   7.4778136812051210e-01	   7.3114730370265324e-01	   6.7116470188160382e-01	   7.3070063815626318e-01	   6.6293023090126413e-01	   6.7410733345064866e-01	   5.4271504169109341e-01	   6.7052461108835015e-01	   5.0209141583982708e-01	   5.7163071035472623e-01	   4.4380489858786321e-01	   5.0213123856987518e-01	   4.9803844408088016e-01	   3.3564344577226807e-01	   5.7335110859266392e-01	   6.4916375179696351e-01	   4.6276768157507431e-01	   3.8498578081206042e-01	   3.4108814146743482e-01	   3.0753948492356126e-01	  -7.1944006909058725e-03	   1.3261315815659153e-01	   2.4453126946954015e-01	   3.7439746537535884e-01	   3.6633239661039346e-01	   3.9216168465952228e-01	   2.8646846516618363e-01	   3.3440958177569363e-01	   2.5875168983340541e-01	   3.6760443519181712e-01	   4.6012929908955313e-01	   4.1422351270487445e-01	   3.1943956394874828e-01	   6.3678297336017847e-02	   1.6705583873192806e-01	   3.3113150896084687e-01	   2.7146636574866306e-01	   2.6741745264036904e-01	   3.6351854568290931e-01	   4.1873089383932716e-01	   4.7445133274880524e-01	   5.0759901339448565e-01	
   4.5538778897318433e-01	   5.3728239208909623e-01	   0.0000000000000000e+00	   7.9911840827540359e-01	   6.5136577755617231e-01	   4.0472689354702140e-01	   8.1732071715320920e-01	   4.6480925990919736e-01	   6.3278793482357776e-01	   3.4979602546395117e-01	   5.7395392962695568e-01	   3.8934705937150438e-01	   7.3385656092553464e-01	   2.3048682476056920e-01	   8.6538406738729790e-01	   6.2422401547149597e-01	   5.8213485407166854e-01	   5.9279277062918490e-01	   5.7186834297253220e-01	   5.1019037819905289e-01	   6.9151252610633784e-01	   7.0164388294924607e-01	   9.3680638471678745e-01	   8.5232742074246648e-01	   7.2813175859946822e-01	   6.7391356638899946e-01	   6.2588103794731864e-01	   6.0436448222004535e-01	   5.4293919783223199e-01	   4.5391580441440410e-01	   8.4134568820825351e-01	   8.2168859155779606e-01	   7.2908448419821270e-01	   6.2118358895838777e-01	   5.9583695828735617e-01	   4.1234316238229973e-01	   3.3296155404675709e-01	   4.7072649614578099e-01	   2.4076202703365229e-01	   3.7849436439593592e-01	   1.8894789888977026e-01	   1.3733983754210199e-01	   5.8668974249727324e-01	   5.5866934806968027e-01	   5.7714837448987333e-01	   5.0581084995243852e-01	   5.3269731768252415e-01	   5.5322689337259368e-01	   4.7827640105297253e-01	   5.1984939549589093e-01	   6.4720945863135959e-01	   5.5168708114126130e-01	   5.3432206840839158e-01	   7.3623421008566536e-01	   5.5235118756240043e-01	   6.0859114121767588e-01	   4.9255979511283648e-01	   6.2512364071984794e-01	   2.7897171255317504e-01	   3.7131673103059243e-01	   2.6277472277098407e-01	   7.4322834239751334e-02	   5.4799110811740115e-01	   5.0485640308288704e-01	   6.9808127903277595e-01	   2.3952755422806890e-01	   6.6662409033486447e-01	   4.7550311829090297e-01	   6.0185097753031047e-01	   3.7383902356705068e-01	   7.3956634429335766e-01	   7.6981220749007884e-01	   6.7132985955228430e-01	   5.2339577679024041e-01	   4.5171562144674482e-01	   3.8546278827765112e-01	   6.0077054886899917e-01	   5.3375224385882469e-01	   5.6728826920006659e-01	   6.2359748370933965e-01	   6.6973853297758945e-01	   7.7310344157071509e-01	   7.7614652313710231e-01	   8.2504207191914813e-01	   8.6138331424825543e-01	   7.9804382771876559e-01	   8.1684177212826170e-01	   6.7460468525796369e-01	   6.8354271744454342e-01	   7.5362547853445816e-01	   5.0472817336043174e-01	   7.4573153522269742e-01	   5.0344250550088410e-01	   7.4121910653266965e-01	   2.2933075100611688e-01	   3.7809822124901482e-01	   5.7456393455804988e-01	   6.0587741698597353e-01	   6.8369087158665920e-01	   6.4874166278382972e-01	   2.9401821203322925e-01	   7.1327250319066082e-01	   4.3074725448875539e-01	   6.8832004034856853e-01	   6.6789332385065669e-01	   7.1158129854135210e-01	   5.5503690141665607e-01	   2.1011728447812658e-01	   2.4463343668340334e-01	   5.2583803617360192e-01	   6.3364240161860885e-01	   6.2335356191209990e-01	   7.1607267431846622e-01	   6.8981360638039146e-01	   5.5229963264557602e-01	   4.2398849471764499e-01	
   6.2427938649475212e-01	   6.7456471392651418e-01	   7.9911840827540359e-01	   0.0000000000000000e+00	   7.0237851852102884e-01	   6.0772515124872217e-01	   8.3836785004074477e-01	   8.0280307325184319e-01	   7.1174022891649125e-01	   5.7852284481857941e-01	   6.2635625776886306e-01	   6.0545555128127826e-01	   5.9005035072862833e-01	   4.3723181125694188e-01	   7.6318536634819611e-01	   7.2305962102979104e-01	   5.5354316186707342e-01	   5.8634516638002010e-01	   6.3838854162319281e-01	   6.7797868693518326e-01	   5.1987438574382616e-01	   5.1004841087130026e-01	   7.4350679509620665e-01	   8.3719119576561285e-01	   5.3980953326894232e-01	   6.2760095284233719e-01	   5.9359084581646016e-01	   6.7434011630666357e-01	   5.8276023765303664e-01	   5.1185887086738069e-01	   6.1984161028854801e-01	   6.5695116781017415e-01	   7.0023255861723599e-01	   6.9683771688080143e-01	   3.5883120915694666e-01	   2.9253974784471698e-01	   2.3486923996203862e-01	   3.4275603005645161e-01	   2.8692912981224072e-01	   4.0966940793374629e-01	   1.2435363055978915e-01	   5.7753310122983820e-02	   4.6965289889502582e-01	   4.7131631118954548e-01	   5.3108933037977635e-01	   6.2614859512724608e-01	   4.5949800158065202e-01	   4.5379409816982458e-01	   6.0256327571264068e-01	   6.1901763522255915e-01	   7.4089850259060630e-01	   6.4515616119868302e-01	   6.4838404698829488e-01	   6.5835706321305398e-01	   6.4678822197554497e-01	   6.3526251676294720e-01	   4.6043511943661153e-01	   6.1964804965033982e-01	   4.8986297863490291e-01	   5.5605808825827607e-01	   4.6790632846618663e-01	   3.6234354143758118e-01	   6.5543535636033734e-01	   6.5818992241629037e-01	   5.9757976773481158e-01	   4.9974765861590126e-01	   6.3711937756282067e-01	   5.4914849243198338e-01	   5.5801355198085778e-01	   3.6445441313921334e-01	   5.8421407022199068e-01	   6.4604312517986950e-01	   5.9057302987002358e-01	   5.1101342666468619e-01	   4.5389249622794087e-01	   3.9427272833374183e-01	   6.2722132459495772e-01	   6.4283847119310988e-01	   6.0275264259031180e-01	   6.0848021542495634e-01	   6.0138614460402906e-01	   6.7038473887323491e-01	   6.3380440444205521e-01	   6.2995580285139430e-01	   6.2480061878750914e-01	   6.9738384210779802e-01	   6.8173274014706542e-01	   4.6367167707825419e-01	   7.8417684275818300e-01	   8.0843811454407244e-01	   6.7085645575016928e-01	   7.2476112125655601e-01	   6.2592106434305039e-01	   6.1624972312796100e-01	   1.5612934762303804e-01	   3.6453094659496982e-01	   5.1652178473682753e-01	   5.7326902984010442e-01	   6.8940189052766465e-01	   6.1571010458420194e-01	   4.5268777963402351e-01	   6.1565253478220971e-01	   5.1844702445583923e-01	   6.3507531208048851e-01	   6.8910172466192043e-01	   6.2716980771130515e-01	   5.9894931091120851e-01	   3.0429273957629432e-01	   2.7163256380207468e-01	   4.1950757096991076e-01	   5.7141076439022831e-01	   5.6803324268609801e-01	   5.8947366130187873e-01	   5.8450200970840593e-01	   5.3800679676523666e-01	   3.5253836045996878e-01	
   4.8919806247626352e-01	   5.0629794609634704e-01	   6.5136577755617231e-01	   7.0237851852102884e-01	   0.0000000000000000e+00	   8.0971478378583295e-01	   6.3528608694664135e-01	   4.8812968863584394e-01	   8.9823531912835441e-01	   7.0700544588094116e-01	   3.5664525655143225e-01	   3.7177214549699505e-01	   3.6015731697939157e-01	   1.2295885130173703e-01	   7.0476506594255417e-01	   5.7325079682174962e-01	   3.7944603529473930e-01	   4.1759742003689326e-01	   4.7712937732265537e-01	   5.1524267040522131e-01	   5.2355800986600576e-01	   5.6893486815445871e-01	   6.4042516867824262e-01	   6.6139383229725224e-01	   7.0771424806564942e-01	   7.5278292578977535e-01	   8.1905944875152581e-01	   8.6405406224576220e-01	   3.6745885453682220e-01	   2.7888998999099646e-01	   5.0312378366235178e-01	   4.7952606372677609e-01	   4.4353161759314980e-01	   4.4771034433113699e-01	   3.4695909994143342e-01	   3.4330810647905774e-01	   8.5318926991426139e-02	   1.6996006735724498e-01	   2.1332037331774989e-01	   3.0743464670717946e-01	  -2.3042626611950703e-01	   1.2972481253060664e-02	   2.8368169056098452e-01	   2.7036974305252270e-01	   4.1749601744245152e-01	   4.9350643304882125e-01	   2.3813239451438575e-01	   2.5495637267041182e-01	   4.8510060404663713e-01	   5.8029641825193845e-01	   5.8033036431482121e-01	   6.7750495098789687e-01	   4.6218936962354629e-01	   5.9632214519031701e-01	   5.8025548001872895e-01	   5.2648911827136424e-01	   3.8586150537473951e-01	   5.4533991867994625e-01	   4.4231141564540977e-01	   5.4903048950687472e-01	   3.7569444516394501e-01	   3.1589059443772582e-01	   4.0717789902830992e-01	   5.1154481747358749e-01	   5.8016716858709649e-01	   5.0876597150123681e-01	   5.7155610723552230e-01	   4.8231783271608131e-01	   5.2584615691198078e-01	   4.6918723029615506e-01	   4.0584724223405122e-01	   4.2477560872714870e-01	   3.8069244457166812e-01	   2.7567121383874943e-01	   1.6941387260920199e-01	   1.7113901986425772e-01	   2.5867360014760021e-01	   2.9590416275891973e-01	   3.8578059126114855e-01	   4.0818574881541714e-01	   4.5848368697501773e-01	   5.3102573115542406e-01	   5.4850166015831148e-01	   5.4864689998530014e-01	   5.0734175503157486e-01	   4.9117458816611104e-01	   5.5013863161663612e-01	   5.0373900144838513e-01	   7.5161642438442866e-01	   7.5202822725060392e-01	   6.1332539813324383e-01	   6.5796225041703904e-01	   6.1841256749017992e-01	   6.2573149631719294e-01	   1.5711381705597749e-01	   2.9866876334420289e-01	   4.4387851542869255e-01	   4.6733091804912552e-01	   5.2440229950233763e-01	   4.3623348028263609e-01	   5.5632047405314156e-01	   6.5616969922130730e-01	   6.7634313281856506e-01	   6.8379535869499386e-01	   6.5279567352008749e-01	   5.6279501334096804e-01	   5.3090064568076101e-01	   9.2749108756733145e-02	   2.6832785953668503e-01	   3.6881649563347518e-01	   4.8816593269821412e-01	   4.6903842571098853e-01	   5.5232873487066925e-01	   6.2941663962048566e-01	   4.2963840280312504e-01	   2.9865839534131844e-01	
   5.3617901228730946e-01	   4.3046495869910034e-01	   4.0472689354702140e-01	   6.0772515124872217e-01	   8.0971478378583295e-01	   0.0000000000000000e+00	   4.6087295941045114e-01	   4.9929594814927264e-01	   8.2795064420340125e-01	   8.0285317738664286e-01	   3.3852305029193014e-01	   4.2850505230427327e-01	   2.0555220469752847e-01	   1.9782964734420727e-01	   5.1471735378626859e-01	   5.4578489952104770e-01	   3.6148347949820819e-01	   3.8603636205944003e-01	   4.5541492166151876e-01	   4.8895942110907942e-01	   1.8766073068832756e-01	   2.2825325206632324e-01	   4.0662274501253404e-01	   5.1165178628846197e-01	   3.7918590519839890e-01	   4.6745426811849833e-01	   5.5284899584429870e-01	   6.9619144429956958e-01	   2.9784434708847879e-01	   2.9848998013007921e-01	   2.4789791192505664e-01	   2.5091647380882770e-01	   3.7502505034568323e-01	   4.6175246622567112e-01	   1.9459071744045078e-01	   3.1875269787016730e-01	   2.3703070992552450e-02	   1.4373727008810189e-01	   2.0414487333332532e-01	   2.8876021433849131e-01	  -1.8773617564619394e-01	   4.8841523328939124e-02	   1.8214611334234568e-01	   1.7782009674478386e-01	   4.2954401546311444e-01	   5.3710736986358254e-01	   1.7114641279709789e-01	   1.4285433764664929e-01	   5.4403521466256322e-01	   5.6485111494215889e-01	   5.3066646443688992e-01	   6.2136585187418980e-01	   4.4395664524271572e-01	   3.5466790932397896e-01	   5.2781864255723565e-01	   4.8306530202801312e-01	   3.0617661808110064e-01	   3.9342785735789060e-01	   5.0865908508552427e-01	   5.4645347330796701e-01	   3.8089087922397385e-01	   3.7913900878312651e-01	   3.4684257931319329e-01	   4.6108723082760017e-01	   3.7539461525926221e-01	   5.4431363327657145e-01	   4.9429053085046082e-01	   4.7491796154246252e-01	   4.5442641125944516e-01	   3.9018793538363294e-01	   9.5822167487153914e-02	   1.5996730697262274e-01	   2.1559837473801968e-01	   1.9073427885732125e-01	   8.5679758436250447e-02	   1.4149049807247630e-01	   2.4171605073380029e-01	   2.9566419239964481e-01	   3.4628274742076803e-01	   3.4403384662860120e-01	   3.4889034416933595e-01	   3.5159655125292755e-01	   3.0022672932681194e-01	   3.2133422619477908e-01	   2.5463740784389721e-01	   2.3649817105776666e-01	   2.9829747448459887e-01	   2.3470413072107216e-01	   6.6838523011633999e-01	   6.4746810234922614e-01	   7.0431788712321919e-01	   5.8882697902751913e-01	   6.1476671093616031e-01	   4.6501715595985760e-01	   5.5300466724507086e-02	   2.6133030457588047e-01	   3.6506308022647427e-01	   4.2574071039525357e-01	   5.1458723916483506e-01	   4.3157773005173405e-01	   6.3383938630307646e-01	   5.0152599262340170e-01	   6.8791685877339126e-01	   5.3440694152036294e-01	   5.1837013636547202e-01	   3.5246245181327879e-01	   5.1697300785894829e-01	   3.5664509143578460e-01	   1.7773682699566654e-01	   2.4845745954006598e-01	   4.2866694881317313e-01	   4.6118997344692253e-01	   4.0416214359863356e-01	   5.2085862679008432e-01	   3.2861835388724753e-01	   9.5221046469232642e-02	
   7.1923335693735047e-01	   7.0756504810056720e-01	   8.1732071715320920e-01	   8.3836785004074477e-01	   6.3528608694664135e-01	   4.6087295941045114e-01	   0.0000000000000000e+00	   7.7051427160617247e-01	   6.9449113865160605e-01	   4.6396541008698894e-01	   6.5395503731289029e-01	   5.6578482746690906e-01	   7.0177538003359219e-01	   3.8841474783870023e-01	   7.9301996395011276e-01	   5.9568795085256054e-01	   6.1249535695105539e-01	   6.2705826703805245e-01	   6.8537916317641390e-01	   6.2609375257662325e-01	   4.4396598859626979e-01	   4.6865560036470444e-01	   7.1381189476223794e-01	   6.7145505937060990e-01	   4.5470915266933021e-01	   4.7911597546437829e-01	   4.4584484659712376e-01	   5.2383682634158146e-01	   6.5632882525245284e-01	   5.2944822057982133e-01	   6.1056555254216804e-01	   6.1220631507640721e-01	   7.2978818593947270e-01	   6.8017702167017058e-01	   3.3143448975847700e-01	   2.7246906961593559e-01	   1.3612576063136905e-01	   2.7165627655613678e-01	   2.2139753327412093e-01	   3.3391597945631157e-01	   1.5505782292728670e-01	  -4.4202655964627224e-04	   3.6783046725426494e-01	   3.5540866660733816e-01	   3.7931932223587783e-01	   4.4279972205736001e-01	   4.2314368138140457e-01	   4.1474946219909559e-01	   4.5825768868476968e-01	   4.8933861898921344e-01	   6.7331027445645164e-01	   5.9422968937649645e-01	   5.7444670456041358e-01	   6.9761615671307986e-01	   5.6650399612827651e-01	   6.1700216864014501e-01	   5.4589009536170385e-01	   6.7398152277166701e-01	   4.8483190086894401e-01	   4.9919828275751604e-01	   5.7455578267540053e-01	   4.3494225601195319e-01	   7.6729055476976593e-01	   6.4409904585802613e-01	   6.5265635449844739e-01	   5.2300405393700455e-01	   5.6717458185039071e-01	   4.7635895176165799e-01	   5.1815132596183422e-01	   3.0260714256441190e-01	   5.7571531432705880e-01	   6.7879448143017851e-01	   6.9883520772827823e-01	   6.4135363805098766e-01	   5.7978459853944619e-01	   5.1406144067818338e-01	   6.3278995048485198e-01	   6.4280375001778933e-01	   5.7027082990176614e-01	   6.4676876995502264e-01	   6.4417661764822620e-01	   7.1580747900207053e-01	   6.6033274386723018e-01	   6.2399770873820626e-01	   6.3852023739681552e-01	   6.9494299306866969e-01	   6.9769316143413751e-01	   5.0799068124243951e-01	   7.4768131468285259e-01	   7.7349899263879296e-01	   5.8581873447174537e-01	   7.1307372254253398e-01	   4.7815101660378295e-01	   6.2905131618500620e-01	   1.3906294245786160e-01	   3.1997197210366890e-01	   4.2654281938301425e-01	   5.4761548706717711e-01	   6.0066430839736951e-01	   5.8652346472361516e-01	   3.7623452893313686e-01	   6.7330303233770827e-01	   4.4696616244111836e-01	   6.9779707478125630e-01	   6.5878283866934206e-01	   6.6941695041079807e-01	   5.5167491480407915e-01	   2.2792711555935247e-01	   2.1517689520427030e-01	   4.5455082777920719e-01	   5.1403346484803403e-01	   5.1950701467090032e-01	   5.4878856026629130e-01	   6.1183801356729306e-01	   5.6634787814319676e-01	   4.8893349679171372e-01	
   7.1385108915194995e-01	   7.4015076822908554e-01	   4.6480925990919736e-01	   8.0280307325184319e-01	   4.8812968863584394e-01	   4.9929594814927264e-01	   7.7051427160617247e-01	   0.0000000000000000e+00	   5.7516563763885109e-01	   5.8389009910002687e-01	   5.4940553237693679e-01	   6.9801787336385102e-01	   4.1121510585185761e-01	   5.5298716613667209e-01	   5.2225389543592426e-01	   5.6082997365945975e-01	   3.9550403569886639e-01	   4.8964978075220061e-01	   6.0198536291352645e-01	   6.4989797463541654e-01	   1.7489203967385428e-01	   1.8138601725006540e-01	   4.1202968590237427e-01	   5.0109578713897152e-01	   1.6847147206312824e-01	   3.2268527027429844e-01	   2.8046259859366507e-01	   4.2681228570042129e-01	   5.8994031971531524e-01	   5.5381679716378873e-01	   3.5201341134013930e-01	   3.6607019614917469e-01	   5.6883826408394378e-01	   6.2291079091086810e-01	   8.7249963365371774e-02	   1.0467032625782866e-01	   8.9455568527357990e-02	   1.5620175965476155e-01	   2.4955017526784706e-01	   3.4351937374844110e-01	   1.5131541214933381e-01	   3.8101927405480934e-02	   2.1343945265055189e-01	   2.2532147041622397e-01	   2.2592658773827706e-01	   4.5885204840450644e-01	   3.3432460727403018e-01	   3.2054854556252388e-01	   5.2333016787416564e-01	   5.3439609123327414e-01	   6.5186635623348277e-01	   5.9726605628981255e-01	   6.1679914020871285e-01	   5.2496242558877093e-01	   5.8911930895426357e-01	   5.6860023733769338e-01	   4.6374136858671156e-01	   5.2073965458614357e-01	   4.8544819368474112e-01	   5.0468253828480536e-01	   6.2168217131054659e-01	   6.7863332390460906e-01	   6.3293999383515942e-01	   6.0511031746043797e-01	   3.7856833515430527e-01	   6.8574828059951243e-01	   3.7214332762968505e-01	   4.0585879215253218e-01	   3.5642186235308398e-01	   1.8894648802192557e-01	   3.7468930242113302e-01	   4.9158578342549131e-01	   5.4137899431693048e-01	   5.6894332107547130e-01	   5.4362770143153161e-01	   5.0910028192576051e-01	   6.2407950277291135e-01	   6.7641878941964395e-01	   5.4945509921765434e-01	   4.8641880817660033e-01	   3.9606846706718435e-01	   4.6226951833540042e-01	   4.2239944003988278e-01	   3.7210054632108608e-01	   3.0475609441105300e-01	   4.3550460987654482e-01	   4.1988919271927211e-01	   1.9738712952312390e-01	   6.4389799528643377e-01	   6.5333045038038029e-01	   5.3978870187567196e-01	   4.9163986026688772e-01	   4.3089957800224055e-01	   3.2288878610870714e-01	   3.9593332950908555e-02	   2.3768551712034061e-01	   3.4171057726817688e-01	   4.6760264335385587e-01	   4.6486456972077606e-01	   4.6348745684120263e-01	   3.6775750016519032e-01	   3.6585542579690533e-01	   3.4289355140289990e-01	   4.1327888770388910e-01	   4.7500864686868183e-01	   4.0535048953761638e-01	   3.7652272517724356e-01	   2.1523635500427601e-01	   1.4646354376453929e-01	   3.2066245172386432e-01	   4.0652566191227335e-01	   3.5987850899424328e-01	   3.0467232123682619e-01	   3.0534346104913379e-01	   4.0131722971291756e-01	   3.4140328216396043e-01	
   5.9553943284432220e-01	   5.8682346218239578e-01	   6.3278793482357776e-01	   7.1174022891649125e-01	   8.9823531912835441e-01	   8.2795064420340125e-01	   6.9449113865160605e-01	   5.7516563763885109e-01	   0.0000000000000000e+00	   7.6094323913464823e-01	   4.6451134338115485e-01	   4.4686932351514930e-01	   4.4977711672237264e-01	   2.3298002965047376e-01	   7.5538770617212081e-01	   6.5195089247123006e-01	   4.4333311003457332e-01	   4.6457110538611490e-01	   5.5189514601581369e-01	   6.0012605111636652e-01	   3.9347300168154153e-01	   4.1594574681178537e-01	   6.0238741130119244e-01	   6.2925594000851415e-01	   5.6010813765446954e-01	   5.9611108424654180e-01	   6.1941445821844165e-01	   7.0054932150613625e-01	   4.4032291378104182e-01	   3.7702507812278718e-01	   4.2789765879463226e-01	   3.8958833845521207e-01	   5.1393414266520365e-01	   5.4688524567341656e-01	   3.1341500053524474e-01	   3.6800328135526217e-01	   4.8126155852943359e-02	   2.0186946702924480e-01	   1.8801031526909975e-01	   3.1530379164316347e-01	  -1.2112775135651876e-01	   6.6875146391667473e-02	   2.5025155639558516e-01	   2.6819619826014512e-01	   3.8197479525407552e-01	   5.1593666046954501e-01	   2.7993385622854394e-01	   2.7188823688940433e-01	   5.2963936763135355e-01	   6.0681202907873621e-01	   6.3385065720041678e-01	   7.0069800563133822e-01	   5.0943110635145206e-01	   5.9939535006552225e-01	   5.8771452673431357e-01	   5.5099362011296960e-01	   4.7220102903393529e-01	   5.9845291224508768e-01	   4.5191356425726775e-01	   4.9700863957476127e-01	   3.9436219374580095e-01	   3.5231409619291759e-01	   4.3937019311580483e-01	   4.9610180605335402e-01	   5.2928187372664737e-01	   5.5692948516525909e-01	   5.6966589856871819e-01	   4.8762570599513066e-01	   5.9060648019386952e-01	   4.7368147673670269e-01	   3.4225249179432266e-01	   4.1904540604602880e-01	   4.5437283497397540e-01	   3.6500607993719042e-01	   2.7264262020080665e-01	   3.0117207566542148e-01	   3.4252206509083821e-01	   3.5896323558949528e-01	   4.5487086935973298e-01	   4.4065888318174773e-01	   4.8674587442220718e-01	   5.3771226310248299e-01	   5.1553242751826400e-01	   5.2710056463484301e-01	   4.8119253788171434e-01	   4.8114664337559931e-01	   5.1798417484252257e-01	   3.9376468609793874e-01	   7.2074074692378831e-01	   7.5001715476628505e-01	   6.6974345883493513e-01	   6.5637945476143256e-01	   6.0181683407972586e-01	   6.1065696550773696e-01	   8.1795979916954586e-02	   2.7537205890581379e-01	   4.0904647582048281e-01	   4.7617449871654249e-01	   5.6362659607248178e-01	   4.9031099783859988e-01	   5.6267147830475917e-01	   6.6891639591425844e-01	   6.1433810316099835e-01	   6.7044418208708911e-01	   5.8543975707025897e-01	   5.1909460789670048e-01	   5.1575509123040930e-01	   1.3816216428643813e-01	   2.0800324130562275e-01	   3.2130016503574571e-01	   4.6974405862735291e-01	   4.8325390080321795e-01	   5.2275193077271864e-01	   6.2234222077141088e-01	   4.1173747640519376e-01	   2.9426635219719233e-01	
   5.3696485483981116e-01	   5.2833112452723263e-01	   3.4979602546395117e-01	   5.7852284481857941e-01	   7.0700544588094116e-01	   8.0285317738664286e-01	   4.6396541008698894e-01	   5.8389009910002687e-01	   7.6094323913464823e-01	   0.0000000000000000e+00	   2.2660428670481683e-01	   4.2749457031541238e-01	   9.4845199174780057e-02	   2.3924519911090203e-01	   4.6198921521516290e-01	   6.3366171020384177e-01	   3.0290562715041819e-01	   2.9865524981158514e-01	   4.5511559405538349e-01	   5.4525905122552065e-01	   1.4312066332121823e-01	   2.1598405214542277e-01	   3.1180966801180310e-01	   4.0592371107453151e-01	   2.7984124687582013e-01	   3.4737508774580617e-01	   4.7882703264400778e-01	   6.1193938846582530e-01	   2.7149601071301804e-01	   2.9538471584212084e-01	   1.5456873209235056e-01	   1.3553581532919673e-01	   3.1968858612462525e-01	   4.0614376651411010e-01	   1.2516517935767607e-01	   2.1567117111300732e-01	   1.0459068045429715e-01	   1.5061314252060942e-01	   2.1206646662292408e-01	   3.0470620078014971e-01	  -7.4796623213642305e-02	   1.4951438321283217e-01	   2.2069825846923818e-01	   2.2349386440032165e-01	   2.9816140234135341e-01	   4.3811978914167637e-01	   2.4870956451264159e-01	   2.5999373774092677e-01	   5.4412612825186679e-01	   5.5705081823222247e-01	   5.6430823766160376e-01	   6.3759481268237850e-01	   4.6870509648739545e-01	   4.0736910149401268e-01	   5.3002812212707806e-01	   5.0582355550435110e-01	   3.0448203194237172e-01	   4.0269392313597069e-01	   5.1091882775712483e-01	   5.7773898547393898e-01	   4.6373095286764310e-01	   5.0770230991792453e-01	   3.9197241444453751e-01	   5.4913077134427146e-01	   2.9991135747019210e-01	   5.5780843929712287e-01	   4.3534443219877039e-01	   4.1061803368331223e-01	   4.1459762813668338e-01	   3.6646986033353596e-01	   1.1407178200115030e-01	   2.1668950496427516e-01	   2.2543366645136706e-01	   2.4553923237334230e-01	   8.7764726054085113e-02	   1.5760665684116137e-01	   2.0918386332080419e-01	   2.6564625276567927e-01	   3.6045162509670842e-01	   2.7055354132736814e-01	   2.8230595151265170e-01	   3.4700015459391487e-01	   2.8680625304682261e-01	   3.8202238967150465e-01	   2.0815249027023416e-01	   2.5487745940799045e-01	   3.1746214871159056e-01	   2.6592328484331518e-01	   6.6333331988088262e-01	   6.8006136136636708e-01	   6.7616062682871725e-01	   4.8222268384148681e-01	   5.7511721385957104e-01	   3.4314325302080173e-01	   3.8553368836628528e-02	   1.8486347106245049e-01	   3.9775022945148325e-01	   4.2982474586595043e-01	   4.6384823416961030e-01	   4.4138832719088955e-01	   5.5827840857957700e-01	   3.7895107744263234e-01	   5.1353300234385291e-01	   3.9166161250947029e-01	   3.8144708702476926e-01	   2.4417280840407274e-01	   3.7515730996815300e-01	   2.2125444583843396e-01	   1.7022266702535185e-01	   2.7027087395864657e-01	   4.5461781989440564e-01	   3.8710427924479240e-01	   3.2416318798923061e-01	   3.3675697419381045e-01	   2.3731815674494022e-01	   5.7440902460357164e-02	
   6.4901965109417314e-01	   7.1528758854278807e-01	   5.7395392962695568e-01	   6.2635625776886306e-01	   3.5664525655143225e-01	   3.3852305029193014e-01	   6.5395503731289029e-01	   5.4940553237693679e-01	   4.6451134338115485e-01	   2.2660428670481683e-01	   0.0000000000000000e+00	   8.0075309405528761e-01	   7.9725875573610638e-01	   6.4835596760944914e-01	   6.1112310350026500e-01	   4.7210849845922548e-01	   7.6379839269059024e-01	   7.6998268907976630e-01	   7.2229629238942339e-01	   7.1447124023766428e-01	   2.7218875511369445e-01	   2.0091845310894541e-01	   5.5718112924836505e-01	   5.2114854792172594e-01	   2.5764099574551552e-01	   2.5416107574001201e-01	   1.8589699279186639e-01	   2.1055663913363676e-01	   8.2446322746070444e-01	   7.6944328346183788e-01	   4.9185255960012042e-01	   4.3701642933768647e-01	   8.2002971315706241e-01	   7.9721001905444844e-01	   1.8731748654277966e-01	   1.1456422532626306e-01	   8.2158133993550680e-02	   2.9551080849931521e-01	   1.7791915768545699e-01	   3.0907939483539415e-01	   3.3854817888281974e-01	   8.4984723773021728e-02	   2.0122101808149806e-01	   2.5992749321307873e-01	   1.8183747276446030e-01	   3.7231388675290172e-01	   3.1602687422447084e-01	   2.5787991877474681e-01	   3.6740333639478873e-01	   4.8260363194092354e-01	   4.8075804432411678e-01	   5.1870349618994138e-01	   5.7183019897097420e-01	   5.6350146699006476e-01	   5.1326885471520600e-01	   5.3267320829050346e-01	   4.9106798531720242e-01	   6.4194006542765547e-01	   2.7909199331955475e-01	   3.2891721745814240e-01	   3.0114571448453409e-01	   2.1443768124117843e-01	   5.6676848266854973e-01	   4.9024546401290625e-01	   2.6513722903315695e-01	   1.5724470547982158e-01	   3.9307082772379243e-01	   3.1918270328724152e-01	   6.0871597688654011e-01	   3.5076927965220922e-01	   4.4760103415350083e-01	   5.9074337976787317e-01	   7.6554868327843439e-01	   7.4300398924572142e-01	   7.4903924541757005e-01	   7.7534898568266564e-01	   6.1119064784064436e-01	   6.4983753459656646e-01	   6.4002351897524890e-01	   7.6265729251188707e-01	   7.8784719814675108e-01	   7.8876743197387922e-01	   5.8138915443486361e-01	   5.5683809070250923e-01	   5.6298719291591215e-01	   5.3889172769157767e-01	   4.8470117713709443e-01	   3.4060158164355114e-01	   4.9431023350361419e-01	   5.5111007133194456e-01	   4.8256462140844580e-01	   4.5771700220110645e-01	   2.7241235893931459e-01	   3.4063405147857656e-01	  -1.4173312042785927e-01	   1.4406397911447283e-01	   1.7915086171963479e-01	   3.4354538359370462e-01	   4.6970063784556959e-01	   4.1365644726715023e-01	   1.8092771941748553e-01	   3.7042201218215370e-01	   2.5686125301640211e-01	   4.3027317937352039e-01	   4.6866136389414875e-01	   4.5315840379324135e-01	   3.3831934814294362e-01	   1.0028709687414769e-01	   6.6898234322523967e-02	   1.3735689950818603e-01	   2.0252873124608836e-01	   3.4140895194646070e-01	   3.3710120542854938e-01	   4.3953567848637687e-01	   5.0571787079600805e-01	   4.9367986928026036e-01	
   6.5476276288173652e-01	   7.3166649742703693e-01	   3.8934705937150438e-01	   6.0545555128127826e-01	   3.7177214549699505e-01	   4.2850505230427327e-01	   5.6578482746690906e-01	   6.9801787336385102e-01	   4.4686932351514930e-01	   4.2749457031541238e-01	   8.0075309405528761e-01	   0.0000000000000000e+00	   5.3059653804008300e-01	   7.3800686985962904e-01	   4.7192527409495710e-01	   4.8295802638050145e-01	   6.1674473789228024e-01	   7.2285225552166210e-01	   5.9041710620426513e-01	   7.1353205985570678e-01	   1.1905472294009295e-01	   9.9824226251163745e-02	   4.1004735477542598e-01	   4.4950189132205476e-01	   1.7326090619300838e-01	   1.9278302021536453e-01	   2.2154633794831669e-01	   3.1484859918329633e-01	   7.0584826286361790e-01	   7.6453654744582256e-01	   3.8447954696675135e-01	   3.0595459906439249e-01	   6.6174291046804434e-01	   7.4306243487813017e-01	   5.9246538525880174e-02	   5.6498642455325154e-02	   1.2650603194455887e-01	   3.0788014553830689e-01	   2.9044654500485323e-01	   4.6636046333972925e-01	   2.9052130932548381e-01	   2.2753152932307666e-01	   1.6020116705239548e-01	   2.3021506610867731e-01	   1.3957059263065794e-01	   4.4001481757973038e-01	   2.9182532047255627e-01	   2.6261987753293581e-01	   5.0237990589111758e-01	   6.1036120276751427e-01	   5.4292715976921435e-01	   6.0994420977345498e-01	   6.1292347816216708e-01	   4.9753233260780483e-01	   5.8562797923134746e-01	   6.4084171955217495e-01	   3.3077288679930739e-01	   4.6649771209514002e-01	   4.0727981729515828e-01	   4.9345996530081093e-01	   4.4007209103297606e-01	   4.6005809124842240e-01	   5.4971105622407457e-01	   5.9264915724319012e-01	   1.1873694894955900e-01	   3.1791921085837732e-01	   4.0802622652300091e-01	   4.2600522291476361e-01	   5.4675406064834042e-01	   4.0696110083016379e-01	   2.7097607784420707e-01	   4.5028277533659145e-01	   6.1229028211815262e-01	   7.0629867881295327e-01	   6.3974796417532287e-01	   7.1743983157908620e-01	   5.4781159610348451e-01	   6.6190494412491963e-01	   5.9816625715081462e-01	   7.0023879307245473e-01	   6.4590228060386334e-01	   6.7735122613790555e-01	   3.9564854768274604e-01	   4.2351874791366129e-01	   3.3110329823128859e-01	   4.0787500428860435e-01	   3.6492325940675879e-01	   2.9273574037204503e-01	   5.2476759067544165e-01	   5.8724613519181024e-01	   5.5209007407002331e-01	   4.1625860542955462e-01	   3.4911517056746344e-01	   2.1966876255645038e-01	  -1.6302987168800737e-01	   1.6914103975550648e-01	   2.2079236911598704e-01	   4.2841002339403389e-01	   4.2192049711366114e-01	   4.4359484187940290e-01	   2.3982369118910163e-01	   2.3474990185739308e-01	   2.2816470508413692e-01	   2.6379294540760923e-01	   3.6764102407401084e-01	   2.6247606539152879e-01	   3.4806201424717181e-01	   1.6229332614191172e-01	   5.5329023218697065e-02	   1.5206320008368523e-01	   2.7146238616643759e-01	   3.4822047894672514e-01	   1.7659056200932607e-01	   2.4074082447394396e-01	   3.8056804419996021e-01	   4.2928236434760791e-01	
   4.8150945045179583e-01	   5.4628715838652608e-01	   7.3385656092553464e-01	   5.9005035072862833e-01	   3.6015731697939157e-01	   2.0555220469752847e-01	   7.0177538003359219e-01	   4.1121510585185761e-01	   4.4977711672237264e-01	   9.4845199174780057e-02	   7.9725875573610638e-01	   5.3059653804008300e-01	   0.0000000000000000e+00	   5.4811403382943380e-01	   7.9131990452576229e-01	   5.6756050075814879e-01	   5.6706975182956976e-01	   5.7612477284679620e-01	   5.5990769440246502e-01	   5.4561755300856729e-01	   4.2165288599479123e-01	   4.2192253918863493e-01	   7.3450020316215325e-01	   6.0884765167578503e-01	   4.3083324249659127e-01	   3.6100680810375807e-01	   2.9368003737643594e-01	   2.6271339588908504e-01	   6.8816948337209771e-01	   5.9460903955036182e-01	   5.8211395869161042e-01	   5.5272419008534102e-01	   7.2144162724245986e-01	   6.3619729813103809e-01	   4.0672232642298056e-01	   2.9272877885850984e-01	   1.4906458468000777e-01	   3.9194590541783875e-01	   1.6806613351284472e-01	   3.3486216040461947e-01	   2.8766574600350803e-01	   1.7884098542128019e-01	   3.3388877989471288e-01	   3.6199220305940455e-01	   2.6646509597419687e-01	   2.8611754316126214e-01	   3.9673324548868394e-01	   3.8510661529547585e-01	   3.7525792982769435e-01	   4.4009200995726983e-01	   5.0198789487190199e-01	   4.6836268934955438e-01	   4.9354873031588364e-01	   6.1501982800647226e-01	   4.7015008798238278e-01	   5.4269017276721887e-01	   4.3099453483984451e-01	   6.0518457188889563e-01	   1.6701024507619838e-01	   2.6374820691887518e-01	   2.8967261758051532e-01	   1.1131434720808978e-01	   5.3280261310938026e-01	   3.6562446929691367e-01	   5.0258936177587832e-01	   8.3016199950350478e-02	   4.4713292031480856e-01	   3.3704105382747779e-01	   6.3145068176656571e-01	   4.6150073404163566e-01	   5.0154037990905409e-01	   6.0406315804621691e-01	   7.1557550285956539e-01	   6.2533945652361556e-01	   6.4499595512203500e-01	   6.1222823189360420e-01	   5.3924970422422747e-01	   5.0718515616365234e-01	   4.4798339063386405e-01	   5.6836104299037848e-01	   6.6969090697156308e-01	   7.3024209756905034e-01	   6.6986510509141040e-01	   6.6490602309070246e-01	   7.0707354415087798e-01	   6.3338144518744643e-01	   5.7755852027723442e-01	   4.4955453118909083e-01	   4.8011252274550509e-01	   6.0021555783828284e-01	   3.6860010307003144e-01	   5.4439601915281888e-01	   2.6870055703008677e-01	   4.9566048164801191e-01	  -4.7312503499114228e-02	   1.2640440339468101e-01	   2.7083343471470323e-01	   3.9846309205369057e-01	   4.8981248124958326e-01	   4.8005089590342409e-01	   1.0262802655021061e-01	   5.2065821508323973e-01	   1.5997253670033051e-01	   4.3864348428653310e-01	   3.8244851366312776e-01	   4.4585412693548021e-01	   2.5009956324888760e-01	   4.9278400461315847e-02	  -2.9720359467272008e-02	   1.5361982961461235e-01	   3.0947017681162764e-01	   3.6095690830002841e-01	   3.9682925809023428e-01	   4.1550435718920875e-01	   3.4449446021217767e-01	   3.9352223138562514e-01	
