   0.0000000000000000e+00	   4.9989184771752992e-01	   3.5181765660173020e-01	   2.9196660578556627e-01	   2.9456673060659000e-01	   1.9949248140991696e-01	   4.2647138698434978e-01	   1.7674195218383820e-01	   2.1015719376888839e-01	   3.4869394028682943e-01	   4.0759406169276069e-01	   2.6087340612424598e-01	   5.0108890251443483e-01	   2.1703655828428692e-01	   3.6924967173785544e-01	   1.3941270384377730e-01	   3.3451191708443517e-01	   3.0747244742470881e-01	   3.8328644876447610e-01	   2.6196362354816083e-01	  -2.7793957812111093e-03	   2.2644051604737037e-01	   1.2081013626704078e-01	   1.0087142527199718e-01	   3.1948382160675720e-01	   3.6414073470883868e-01	   3.9801150694237353e-01	   3.9459903250741751e-01	   3.4035407350678934e-02	   5.2777533142456666e-02	   5.7764287294723507e-03	  -1.6627448672907750e-02	   4.0548323368618300e-01	   4.0878139424557691e-01	   2.2924835500237806e-01	   2.5653783632411686e-01	   9.8395496035876672e-03	   9.8939687221241274e-02	  -7.2510224809834684e-02	   8.3129485162162176e-02	   1.3900081556750005e-01	   1.1253297874558812e-01	   3.8761972219400659e-01	   3.4178862388398845e-01	   3.3310880880826699e-01	   4.8256363190901730e-01	   4.5662627085703011e-01	   4.2560014281530778e-01	   3.4125232559589364e-01	   4.6597702258205165e-01	   3.9632167215714348e-01	   3.7119557554344434e-01	   4.0657424446739521e-01	   5.0249375501737754e-02	   3.7122074758975937e-01	   3.1817126435008752e-01	   6.5089260989202080e-01	   4.8377681377362058e-01	   7.1989230915104974e-01	   5.6407196451142871e-01	   7.3604917459145547e-01	   3.1308873319324204e-01	   4.0111133818012140e-01	   2.7326296467216410e-01	   3.2638737134436435e-01	   4.2419545719047791e-01	   5.6148071037254033e-01	   5.1569023705072792e-01	   6.2793195786457090e-01	   4.4180014685468116e-01	   1.4164105895815751e-01	   1.7810702465836228e-01	   4.7459211502179161e-01	   4.4641450084580797e-01	   4.3934409445314954e-01	   3.2611915323317470e-01	   2.0868097048061318e-01	   2.5570598420434199e-01	   4.9543666957929910e-01	   5.4336453289321729e-01	   4.4794937711510963e-01	   5.5935218724774016e-01	   1.4481514211474319e-01	   3.0493319025844168e-01	   5.4631683403278974e-01	   4.3641139527566608e-01	   4.2591513889242411e-01	   3.5951156133112433e-01	   5.5732160895418636e-01	   4.2094156283066297e-01	   2.6070945511731602e-01	   4.2800851037523574e-01	   2.2346090106664407e-01	   3.5997824302747322e-01	   6.3728417837448023e-02	  -2.5545002203082412e-01	   3.8798039597342882e-01	   2.5901667368538761e-01	   4.1353261126852253e-01	   5.3481095012462387e-01	   2.9233072966023355e-01	   4.3379573012030559e-01	   3.5217813028931771e-01	   4.4389960347891416e-01	   1.5961966724259904e-01	   1.4337808188320744e-01	   2.6122457564882406e-01	   3.2345207672789861e-01	   1.6078876613663468e-01	   1.9285827149541049e-01	   2.6105135661304518e-01	   3.0353760488893161e-01	   2.4694637082247661e-01	   4.2760371809791059e-01	   1.2919195489129848e-01	  -1.0532299148177333e-01	
   4.9989184771752992e-01	   0.0000000000000000e+00	  -6.5644138618264444e-02	   2.6033655242100110e-02	   7.3584681455144019e-02	   1.5027977920953256e-01	  -4.7440933380253391e-03	   1.1290260109138769e-01	  -4.8318262138234397e-02	   1.3334649994186687e-01	   2.1547320993294797e-01	   4.2421803939520547e-01	   8.2308853643341756e-02	   1.5523453039957238e-01	  -1.4303335551753515e-01	  -6.3222961736009317e-02	   6.1090897316222992e-01	   7.1665585302700086e-01	   2.1711643994663615e-01	   4.4850846334100281e-01	   9.4552179777061901e-02	   6.4968993838828260e-02	  -2.2158399513427485e-01	  -2.7707220694985774e-01	   1.4423686958156567e-01	   5.1794705212910817e-02	   3.2977655775267944e-01	   3.2340267005115486e-01	   1.3584041816371797e-01	   1.7594964525098311e-01	  -3.1705783174957958e-01	  -3.6430275273273327e-01	   7.5381856853574986e-02	   1.6491909330336169e-01	  -2.1516857472876655e-01	  -1.1098677347686348e-01	   5.3986719639708497e-02	   1.2954048992002931e-01	   1.3071102788475750e-01	   2.0741693476914691e-01	   9.6901674551890124e-02	   1.1117536975245143e-01	   1.7358277137506276e-01	   1.7711826473836897e-01	  -1.5107680766121942e-02	   8.2391253062247150e-02	   1.6225776892918151e-01	   2.0480131074106112e-01	   2.0633420023566862e-01	   3.7879730881943408e-01	   2.4105785490079273e-01	   3.1052181647134880e-01	   2.7404587492232496e-01	   4.1638896937686909e-02	   2.7399299490981388e-01	   3.3855106306271576e-01	   6.2018801985409444e-01	   8.3831309751252348e-01	   2.5371374347148834e-01	   4.6818915385577642e-01	   3.7360550618122940e-01	   3.2796204972983395e-01	   4.1065379514189249e-01	   4.4296553563630986e-01	  -7.6608494770105368e-02	  -2.7481799741813336e-03	   1.8290082583460521e-01	   2.1819946888421030e-01	   4.5262360258570267e-01	   4.5612020266551878e-01	  -1.6972218319534932e-01	  -1.7595345958669004e-01	   3.0746553748850181e-01	   3.9949900540227234e-01	   3.3160344383515200e-01	   3.6650821107916876e-01	   8.8154769409372002e-02	   2.5925837677537644e-01	   3.2999076372952513e-01	   4.8014004173977176e-01	   6.8290516439060289e-01	   5.6052981641133159e-01	  -6.9952443952811649e-03	   3.8744562560874057e-01	   2.0974212771144721e-01	   1.4693931520176995e-01	   1.9615095356214235e-01	   1.2080452820343371e-01	   2.1829125845537822e-01	   3.3681587514157163e-01	   2.6368061802638121e-01	   1.1207613804310601e-01	   7.5271669861326461e-03	  -7.4953812880798998e-02	   1.1295795669154562e-02	  -2.6574791978326029e-01	   5.1563605252439762e-02	   1.0455112572934658e-01	   2.6510885845101934e-01	   1.2225818949222667e-01	   4.3029976007510809e-02	  -4.2654557056260388e-02	   2.5164597821570905e-01	   8.0534043537468333e-02	   1.3271626581504051e-01	  -4.9116595571596186e-02	  -3.7928705458027401e-02	   2.8282906482580946e-03	   7.2877604705332104e-03	  -5.2170642592492406e-02	   4.5493922501865569e-02	   7.0958256770922240e-02	   2.8605596785897379e-02	   1.2027779346843190e-01	  -6.6989778908503883e-02	  -7.7180920638779696e-02	
   3.5181765660173020e-01	  -6.5644138618264444e-02	   0.0000000000000000e+00	   7.9443059337312816e-01	   5.4905253929325526e-01	   5.3749229572683133e-01	   8.8882556092588283e-01	   5.5867820730162898e-01	   4.0821993255506073e-01	   4.6147371170694274e-01	   3.3073071377930890e-01	  -9.8218001528640936e-02	   4.5793995363873236e-01	   1.7997358417031573e-01	   7.9782810126090076e-01	   6.1410716118871300e-01	  -1.0167961877714782e-01	  -1.3508627425915060e-01	   4.9523088734815646e-01	   2.3287792024662995e-01	   1.9322860669355685e-01	   3.5781441184532542e-01	   8.1973981454693245e-01	   7.0422020922929340e-01	   4.6891760850242792e-01	   6.3833752695493051e-01	   2.5630233447628059e-01	   3.7794233543758637e-01	   1.2962499882511760e-01	  -1.8314255315754320e-02	   4.8006191143939270e-01	   5.3252050877839896e-01	   5.9418555082513835e-01	   4.8112114257131344e-01	   4.7679365658221207e-01	   4.2255960884633326e-01	   3.4211183795928696e-01	   3.5752528055414123e-01	   2.9536226850957370e-01	   3.8743983026378487e-01	   4.0884104306988733e-01	   2.0700855788580894e-01	   5.4518969454028299e-01	   4.4211584877976556e-01	   4.7865573822601076e-01	   5.9312139050384594e-01	   5.6800497031225339e-01	   5.0429421760513571e-01	   3.2812947391170189e-01	   3.5878715555181978e-01	   6.2273053289994496e-01	   4.2012514921131822e-01	   6.4855074027470805e-01	   2.8678350186995649e-01	   6.2072840474734148e-01	   4.1054881011984939e-01	  -6.6854208476093080e-02	  -9.5308331248299821e-02	   5.3472233640149858e-01	   2.7919965693273890e-01	   2.7936975466308683e-01	  -3.2860548393989650e-02	  -2.8998084516910987e-02	  -1.2011352385411561e-01	   5.2633843984305595e-01	   4.4300066034562158e-01	   7.3232212109746397e-01	   6.6658750506808739e-01	   4.6527685890814208e-01	   3.0506749744713030e-01	   2.7158082030029052e-01	   3.3001406126459698e-01	   4.3666947387949989e-01	   1.8837476358974248e-01	   3.8595245156970903e-01	   2.5638750115848108e-01	   3.2699897480095697e-01	   2.1689039582482475e-01	   3.4235516242121883e-01	   2.4052875827571421e-01	   4.1856806911806710e-02	   2.6939918316270178e-01	   4.4500612507348974e-01	   2.9860349853923401e-01	   5.7817702800111892e-01	   6.4093778261538070e-01	   4.1859383584084275e-01	   5.3044785515341175e-01	   7.0128459915342267e-01	   5.2881522950302517e-01	   5.4210255258436391e-01	   8.1097768584136520e-01	   7.3473921345429027e-01	   7.4623105937666889e-01	   1.4821511473301818e-01	   4.2426243665435091e-02	   4.1254872838405426e-01	   2.4679244160009356e-01	   5.8933822894049404e-01	   6.0058326251199823e-01	   6.5723812782005797e-01	   7.1384069628198210e-01	   3.7503471779762010e-01	   6.6653536696547488e-01	   3.6293368787788882e-01	   5.7053772387325608e-01	   5.2464653157914110e-01	   5.4433856915251555e-01	   6.9221433450509740e-02	   2.2209277800144317e-01	   3.8536916549615208e-01	   3.5863531634725776e-01	   4.5064768465944327e-01	   4.0833079163496672e-01	   3.4995129205693193e-01	   4.8559578802545464e-04	
   2.9196660578556627e-01	   2.6033655242100110e-02	   7.9443059337312816e-01	   0.0000000000000000e+00	   5.1058103013887357e-01	   6.3841918837300859e-01	   7.0878214146578022e-01	   7.8363878284468846e-01	   2.0717228253797240e-01	   4.6784886907005974e-01	   2.0359271693271855e-01	   1.0453747693427110e-01	   1.7992991356218391e-01	   2.1047097316936936e-01	   5.4069645630881646e-01	   6.9145881784859731e-01	  -9.9293203476395961e-03	  -2.9356963532299475e-02	   4.3522806458445101e-01	   3.6909115406375848e-01	   2.3440021977257142e-01	   3.9512387422539941e-01	   6.1275040159788996e-01	   7.2995981453186665e-01	   4.2892543163107644e-01	   5.9986964409714560e-01	   3.2024017515396414e-01	   4.0974223537600490e-01	   2.3226652770394404e-01	   1.5802387966076556e-01	   4.0664113886339803e-01	   5.1602648541290674e-01	   6.2269663067311809e-01	   6.0564206059269232e-01	   2.3270680146872907e-01	   3.0321868345953407e-01	   2.2105370313385714e-01	   3.6013462183109635e-01	   3.0344292209990287e-01	   5.3327426847199222e-01	   2.9887474745003739e-01	   1.8373220992094821e-01	   5.5640291381960671e-01	   4.7503314507056227e-01	   3.5821629725318438e-01	   5.4196819326179757e-01	   5.0155859256371493e-01	   5.2716434237658139e-01	   3.1966697642541431e-01	   4.4973285055794426e-01	   6.0735593210634886e-01	   4.9193447814429997e-01	   5.5963323445719282e-01	   2.2836104314603919e-01	   5.0613351670077344e-01	   4.3419300921354348e-01	   8.0003003135002110e-02	   6.5059973345806238e-02	   5.4682420864453540e-01	   4.8768762515243491e-01	   3.5371888073855529e-01	   2.9503228485589905e-01	   1.5064032383599041e-01	   1.5386070357529075e-01	   3.6031039678536309e-01	   5.7489370029918652e-01	   6.6187827023320300e-01	   6.7547012665423067e-01	   4.4694503210391934e-01	   1.9659570297947088e-01	   1.2699185916159700e-01	   2.1269262863824390e-01	   3.7898987209364954e-01	   2.3794052536940377e-01	   3.3895760073012948e-01	   2.9328032052009034e-01	   3.5321562207736079e-01	   3.2832368205931567e-01	   4.4597999685481293e-01	   3.0164266846234816e-01	   1.6791870664149794e-01	   3.8840888635914556e-01	   3.0822280685778553e-01	   3.3063842819425782e-01	   3.8468705190972197e-01	   6.6093970178396444e-01	   2.4435689769410890e-01	   5.0519479348675933e-01	   5.9946423342784294e-01	   6.4806430553891214e-01	   5.7028133105684220e-01	   6.5571898447697419e-01	   7.6383215261631476e-01	   4.6563043489705358e-01	   2.1269277362752165e-01	   7.8685443746280864e-02	   2.9380857416514966e-01	   2.7695516831864275e-01	   5.8264290874824831e-01	   5.7242239674620055e-01	   7.0952183669020530e-01	   4.9987518782339657e-01	   5.0334127949769958e-01	   6.7359001985208367e-01	   5.0534552850593517e-01	   6.2174013537013828e-01	   5.1041704704336166e-01	   5.4030331458299496e-01	   1.1523335658739960e-01	   2.4933263392814109e-01	   3.6362413225650231e-01	   4.1526447428326518e-01	   4.1504924045620822e-01	   5.0948845330922277e-01	   3.6771028233048852e-01	   2.3685375629616069e-02	
   2.9456673060659000e-01	   7.3584681455144019e-02	   5.4905253929325526e-01	   5.1058103013887357e-01	   0.0000000000000000e+00	   4.3202982256455397e-01	   5.2373835331884133e-01	   3.4838959784201973e-01	   8.1281526980435670e-01	   1.3920946640609977e-01	   2.4158217171603654e-02	  -5.5020315518074421e-04	   9.6444480570828772e-02	   2.1198695278896049e-01	   5.2351876607541259e-01	   3.9029046878160117e-01	   7.0465517324139956e-02	  -6.7021396711877179e-02	   2.8198242365210047e-01	   2.0968688066629812e-01	   4.4162215401848698e-01	   4.7271633800892721e-01	   3.9496256453051948e-01	   3.3241217246879839e-01	   2.9300778151752516e-01	   5.0782532311692896e-01	   3.7053599741059828e-01	   3.7222923058012003e-01	  -5.9760028899252776e-02	  -6.1799545765546471e-02	  -2.5658197544940788e-02	   1.7405241416144242e-02	   2.6795350056560402e-01	   2.1985308601848366e-01	   1.9024703028182555e-01	   1.6653338587091887e-01	  -6.2361744039274459e-03	  -3.7209386702413572e-03	   4.7856232108598573e-02	   9.8785173129068107e-02	  -5.5014985129442102e-03	   4.2138757878140565e-01	   2.9153181224799457e-01	   2.1483331634865957e-01	   2.4602009734991470e-01	   4.3285482615397064e-01	   3.5108831907014038e-01	   2.2641608585914283e-01	   2.7730943071968711e-01	   3.1097591941206909e-01	   3.4967050318427839e-01	   2.4200730704274434e-01	   4.1185181696950435e-01	   1.1671906434683277e-01	   2.9281994699451974e-01	   2.0877663224562693e-01	  -1.4672191665085536e-02	   3.7089666450957293e-02	   3.5116909641710936e-01	   1.9779475969399754e-01	   2.0250901360821522e-01	   6.7218178209037013e-02	   1.3259969381870579e-01	  -2.2643159868296427e-02	   1.5826875891067305e-01	   3.2154104199696432e-01	   4.8489621242520387e-01	   4.7944161371391270e-01	   3.3871727011706498e-01	   2.7758844995751797e-01	   8.5785765689903506e-03	   7.4435799320295121e-02	   6.4610783892140394e-02	  -6.0916888126993196e-02	   1.4387370922490664e-01	   7.9573343120160150e-02	  -1.0259970025898726e-01	  -8.4950265353574070e-02	   3.3188261384845030e-01	   2.3582939554665966e-01	   2.1093180740281253e-01	   3.5578001847660051e-01	   7.1587752870600235e-02	   4.3446909479049745e-01	   2.7344366814306975e-01	   4.6350118020122771e-01	   2.7159138989472476e-01	   3.8123975659717163e-01	   3.5695958591042337e-01	   3.2026109026169425e-01	   5.4693068461893479e-01	   6.7940277057772169e-01	   5.4223079566048538e-01	   5.6285308664579237e-01	   3.9531958528959514e-02	   3.9862896627720287e-02	   1.2464509253949355e-01	   7.6313181522641382e-02	   4.2899316206707949e-01	   4.1168020282121043e-01	   4.7174458058087265e-01	   3.7350570375225878e-01	   2.8339648835370540e-01	   4.9995991833586600e-01	   1.5020882536079785e-01	   1.9493278908527384e-01	   5.5664267962077485e-01	   4.0442906637774112e-01	  -1.2377133681165198e-01	   3.3598374318473345e-02	   1.6048061015385406e-01	   3.3153249738626184e-01	   3.8068599884082388e-01	   1.1937870436440240e-01	   7.7130102781657772e-02	  -9.3937879127187249e-02	
   1.9949248140991696e-01	   1.5027977920953256e-01	   5.3749229572683133e-01	   6.3841918837300859e-01	   4.3202982256455397e-01	   0.0000000000000000e+00	   4.7766633146458343e-01	   5.0808927036420148e-01	   8.3031348424557824e-02	   8.3097916646389480e-01	   4.4660044259956712e-02	  -1.6641953320959735e-01	   1.1186903251069658e-02	  -2.3525996979921124e-01	   4.4337807845626104e-01	   5.7662104471255615e-01	   9.0498261383269094e-02	   7.7275307435779095e-02	   2.6299209277233998e-01	   3.2567584786930798e-01	   6.5672524403389665e-02	   2.8043079299156015e-01	   3.3631063115568821e-01	   3.8775670768883741e-01	   4.7369263861495042e-01	   5.1025022502896145e-01	   5.3490022186384556e-01	   6.6127837796312894e-01	   1.0366580010207467e-01	  -5.3195646793291328e-02	   5.5714001250143759e-02	   1.8042514459107944e-01	   2.9197276472919692e-01	   3.4535851598128520e-01	   1.4990204073898483e-01	   1.6535409159631165e-01	   3.7906550861917215e-01	   2.6702681643723597e-01	   4.9922492179452299e-01	   3.9228637167535529e-01	   4.5510938821706592e-01	   2.6285584032374933e-02	   2.4057551456276796e-01	   1.9338372714402577e-01	   2.0371620693935785e-01	   3.2320865726005882e-01	   1.6030908802993382e-01	   2.4684096701394198e-01	   8.7687054168371567e-02	   2.8473621930045639e-01	   2.4441918770299953e-01	   3.1311129120860320e-01	   2.9593519155782066e-01	   4.2368179207042854e-02	   4.3330903927460240e-01	   3.3328950533174062e-01	   1.9264668546722974e-01	   1.9640620193693467e-01	   3.5568318158912771e-01	   4.4459228363058223e-01	   2.9467133949564889e-01	   1.9024505385110679e-01	   1.4859626569083906e-01	   1.5725987079693612e-01	   1.5466892065667154e-01	   3.7092939735115477e-01	   4.2320885518914264e-01	   5.2799623554035979e-01	   4.0493700092797807e-01	   3.1284112771086958e-01	   4.3152550634880105e-02	  -2.2787676753633041e-02	   2.4060785068414356e-01	   1.1745510256560275e-01	   1.5940022387547137e-01	   1.3107452156612040e-01	   1.8498692843056264e-01	   1.1142282899378565e-01	   3.3326810263762119e-01	   2.5064473475804649e-01	   1.2949868156820121e-01	   1.5511053155352184e-01	   2.3242079368669480e-01	   9.9436680635598546e-02	   7.6399002920043507e-02	   2.5097004157045510e-01	   1.9535264159131749e-01	   2.1375382113296593e-01	   5.0241005432009289e-01	   6.3101940610048213e-01	   3.4346542347283704e-01	   5.0021372782262596e-01	   5.5867755305790934e-01	   4.6473233731044805e-01	   5.5900488582661792e-02	   7.0981755336396012e-03	   3.1647302256693575e-03	   1.3311079501642248e-01	   3.8786362327598517e-01	   2.9536877401401512e-01	   5.2889311835640052e-01	   5.6131983365833360e-01	   4.4667366854410950e-01	   6.1491199829627929e-01	   2.1020818012287945e-01	   3.2341896347328863e-01	   3.1348687897165706e-01	   1.9676834878121174e-01	  -8.8789980777253339e-03	   2.4968765180892522e-01	   3.0601700406564691e-01	   2.9775183967198487e-01	   2.5721009783213744e-01	   3.0063981809680590e-01	   1.1770594677362287e-01	  -1.7279382732424950e-01	
   4.2647138698434978e-01	  -4.7440933380253391e-03	   8.8882556092588283e-01	   7.0878214146578022e-01	   5.2373835331884133e-01	   4.7766633146458343e-01	   0.0000000000000000e+00	   6.5434823729191105e-01	   4.5169740056879404e-01	   4.0027111233660789e-01	   4.8366794217623993e-01	   1.2327240433140679e-01	   6.0275371044047654e-01	   3.3954232206307189e-01	   7.3137801970652527e-01	   5.1208290989233574e-01	  -3.4133929466692692e-02	  -1.4048860027377041e-01	   4.0777600888922649e-01	   2.0229424520845063e-01	   2.4737541370101149e-01	   3.6714754535361865e-01	   6.2842360775220141e-01	   4.8449415832581155e-01	   2.5893303237447141e-01	   4.5430146116337361e-01	   1.3477001761983767e-01	   2.3733895960984744e-01	   2.8140628340836660e-01	   1.2919678105045734e-01	   4.7255061112595853e-01	   4.7138288371131132e-01	   6.1616818109170268e-01	   5.2164782110592989e-01	   4.3052902002726345e-01	   3.7262727987803690e-01	   2.3499963367357071e-01	   2.6176906252210519e-01	   2.0996885132223747e-01	   3.3123447129232358e-01	   3.2647998626545155e-01	   2.3906651168981058e-01	   4.2439500708487343e-01	   3.3675374492652138e-01	   4.1404426733822697e-01	   5.0180901828784641e-01	   4.7688923515726656e-01	   3.9861282560173100e-01	   3.5132784309553267e-01	   3.3051086433099142e-01	   5.8815623910117376e-01	   3.9393055657851550e-01	   6.0252769697348674e-01	   2.9765643699602562e-01	   5.3531679924662734e-01	   3.3950256350088726e-01	  -4.1586432839996815e-02	  -1.2097132229380961e-01	   5.6507657741043071e-01	   2.9423349950482564e-01	   4.1948955953985334e-01	   6.9717998300706824e-02	   1.0742231064929915e-01	  -2.9125759386165170e-02	   4.3264185242974867e-01	   3.9140902630800961e-01	   6.7894304426509100e-01	   5.5981623112936307e-01	   3.6836603382091038e-01	   1.2951954024617707e-01	   3.3868621406613608e-01	   3.5879790430521996e-01	   3.8848490326406054e-01	   1.9792072574892317e-01	   4.1173959395593823e-01	   3.2259123683101631e-01	   3.6911800807206124e-01	   3.2056068134315741e-01	   3.4358187690944397e-01	   2.0964107523549752e-01	   1.1918768566368125e-01	   2.6492685587619402e-01	   3.5165953939914474e-01	   2.1332858581564873e-01	   4.6411840173207530e-01	   5.1578455817080826e-01	   2.4953426178632526e-01	   3.1249829343223612e-01	   7.0753061303299258e-01	   3.9910122029745076e-01	   5.6713501447852865e-01	   7.1757677881000359e-01	   6.3648838832090748e-01	   6.7935417211960569e-01	   1.9823628104342567e-01	   6.3860108972789237e-02	   4.4464151814303532e-01	   2.9809688965793935e-01	   5.2804971459970940e-01	   5.3666252153952843e-01	   6.5727266030055598e-01	   6.6615045890121349e-01	   4.0283317770016580e-01	   6.3719498726396173e-01	   3.3880388505195552e-01	   4.5301600101687117e-01	   4.6044178515074241e-01	   5.6929727900881644e-01	   2.0362302235656940e-01	   2.8372445744721830e-01	   3.8382451490084590e-01	   3.6067516279078216e-01	   4.1734752969511413e-01	   4.1256766271671474e-01	   3.0758008316406849e-01	  -2.8474777857555554e-02	
   1.7674195218383820e-01	   1.1290260109138769e-01	   5.5867820730162898e-01	   7.8363878284468846e-01	   3.4838959784201973e-01	   5.0808927036420148e-01	   6.5434823729191105e-01	   0.0000000000000000e+00	   2.1051278017909711e-01	   2.5243941578009155e-01	   3.3462340832891402e-01	   4.5474369705681034e-01	   1.6666353147596571e-01	   3.7261602231686075e-01	   3.4509854649730765e-01	   5.0693787853191241e-01	   1.4108875336212687e-01	   1.6007262401116630e-03	   3.9904148954434016e-01	   4.1491632762954311e-01	   1.9894336525983181e-01	   2.1425469064940739e-01	   2.8895885009037714e-01	   3.8041583478982399e-01	   1.5924907067178699e-02	   1.7466972633787109e-01	   1.0078370229068739e-02	   9.0193333756076577e-02	   4.4102598007409471e-01	   4.5546905566653817e-01	   4.1776343109257519e-01	   4.5071036682382953e-01	   6.2627162500551670e-01	   6.4883082543141446e-01	   8.7575410027052020e-02	   1.6389225117646963e-01	   1.1660052706249212e-01	   1.7253855723583431e-01	   2.0628985226909660e-01	   4.6459843634283760e-01	   1.4984479687484736e-01	   5.3212585937854565e-02	   3.0091995283437351e-01	   2.0900174113580602e-01	   2.1270088512618202e-01	   2.7053147126766552e-01	   2.9795755380821259e-01	   3.4791163402023539e-01	   3.0008691417781619e-01	   3.4467875218099042e-01	   4.6352092151429081e-01	   3.9670188029949727e-01	   4.0665004119071774e-01	   1.8959727854451025e-01	   3.5598747203960918e-01	   3.4804195968550533e-01	  -3.0317319241103473e-02	   1.7880980530253117e-02	   3.5757842342002982e-01	   4.0157554508754412e-01	   3.7359194112069771e-01	   4.1077884611838467e-01	   2.6536975179778555e-01	   3.0199808949771034e-01	   7.5649553099320740e-02	   3.9570546126989475e-01	   3.9105481445298174e-01	   3.6100382119117902e-01	   1.6921615667713469e-01	  -4.8850152048297846e-02	   2.3393916383617857e-02	   1.5589413918917250e-01	   2.1693672108381343e-01	   1.5162247812924440e-01	   3.1105460965688991e-01	   2.4549781397564019e-01	   4.2282922120243877e-01	   4.4409261337153083e-01	   4.3507497690242053e-01	   1.3491788276741917e-01	   2.9900287041847845e-01	   2.7082142988283031e-01	   1.0935326227838277e-01	   3.0725674733814168e-01	   7.3558235357405882e-02	   3.1488805238090001e-01	  -1.3991498896946505e-01	   4.4004841920484997e-02	   4.1249592819389280e-01	   3.6608091273836119e-01	   4.9258096675941460e-01	   3.8877927340261376e-01	   5.5871928148182604e-01	   2.0898949950077270e-01	   1.4989495019639162e-01	   7.0587624290028572e-02	   2.0068021851918594e-01	   2.8869482787417322e-01	   4.9869800137561227e-01	   4.2915673753862449e-01	   6.9291336963169126e-01	   2.7112527211405790e-01	   6.2296586631412509e-01	   5.5812232185147770e-01	   4.6601174046321786e-01	   5.5551814321968451e-01	   4.5467872785787150e-01	   3.7617915653171274e-01	   5.9009220805638807e-02	   2.2295490115000213e-01	   1.8799287307788437e-01	   2.3485838121964336e-01	   3.6457350002013889e-01	   5.1288448904615302e-01	   4.4973692840213458e-01	   1.1880084040080174e-01	
   2.1015719376888839e-01	  -4.8318262138234397e-02	   4.0821993255506073e-01	   2.0717228253797240e-01	   8.1281526980435670e-01	   8.3031348424557824e-02	   4.5169740056879404e-01	   2.1051278017909711e-01	   0.0000000000000000e+00	  -1.5400031746581200e-01	  -4.3544858641289562e-02	   2.6842768799239601e-02	   9.7865918428405529e-02	   2.5680703376984537e-01	   4.5662946822608652e-01	   1.4669464368218676e-01	  -1.9234580327251623e-02	  -2.2815383500285813e-01	   2.7277938535034046e-01	   8.9521278514950425e-02	   3.1068608336402126e-01	   2.2986979397805948e-01	   1.9396657163309347e-01	   9.1837128786043359e-02	  -9.9879194205777386e-02	   1.3912499721424065e-01	  -5.4010105290023924e-02	  -5.8724551729826796e-02	  -6.3748461721462438e-02	   2.1193952791575477e-02	   2.3133385557206699e-03	  -4.1327481047160303e-02	   1.9853890444823724e-01	   9.3637068490844660e-02	   1.6863144048190509e-01	   1.2135113038291380e-01	  -8.0515720181034894e-02	  -1.0110507325501394e-01	  -3.4204797974655796e-02	   3.5476415059437780e-03	  -1.9431321651307445e-01	   4.3220883843277424e-01	   1.1014271858007901e-01	  -1.8992976705174234e-05	   1.6711520904670368e-01	   2.3095221490159215e-01	   2.7315038046074425e-01	   8.2036663770306301e-02	   2.2313693688892405e-01	   1.3598115560875840e-01	   2.0497244039032625e-01	   1.1363558857098156e-01	   2.5143712483017755e-01	   6.2492478913883084e-02	   2.0255543504098128e-01	   1.2888821520241017e-01	  -1.9631505977425365e-01	  -1.9382793950526928e-01	   1.4215246287966346e-01	  -4.8829755265717693e-02	   8.9923139978480518e-02	  -2.3611689790939833e-02	   3.5843963430210402e-02	  -1.2949183263944278e-01	   3.9082325037857787e-02	   1.6844237890210606e-01	   2.5932326514322523e-01	   2.3536475764671350e-01	   6.8981210421027186e-02	   1.1283584811887792e-01	  -5.6040714555271112e-02	   8.3878752509052135e-02	  -7.4444021460650808e-02	  -1.9032321559842244e-01	   1.1572721385817672e-01	   1.7370154941644324e-02	  -7.7172701605423111e-02	  -5.6613287430268208e-02	   1.3144286485663587e-01	  -1.1724770515472946e-02	   6.8929341241499742e-02	   1.3448751830403527e-01	  -1.0878342849461983e-01	   4.0758399040804183e-01	   1.1046067869256485e-01	   2.1243405949880817e-01	   2.9809979914070836e-03	   1.2006166616972475e-01	   1.1415724944711619e-01	  -3.1161681539205670e-02	   3.1756845495252728e-01	   4.3410817970334081e-01	   2.9204623825197629e-01	   3.7907722514017306e-01	   7.0090507158177065e-03	   1.1645472811230798e-01	   1.7722259110250499e-01	   1.2102638778346034e-01	   2.7546559859510594e-01	   3.1959073693827567e-01	   2.6250184929611375e-01	   1.9127987710549954e-01	   9.7168432852451331e-02	   3.1482838917919631e-01	   1.8324744758737577e-02	   1.3133605634568699e-01	   3.9851791103144274e-01	   2.4897666004207414e-01	  -8.2817432583637760e-02	   1.3340834532623493e-03	  -6.3389490607787154e-03	   1.2722054153180290e-01	   3.0471772072163983e-01	   5.5738546759923929e-02	   1.4932904683667050e-01	  -5.0845540422235234e-02	
   3.4869394028682943e-01	   1.3334649994186687e-01	   4.6147371170694274e-01	   4.6784886907005974e-01	   1.3920946640609977e-01	   8.3097916646389480e-01	   4.0027111233660789e-01	   2.5243941578009155e-01	  -1.5400031746581200e-01	   0.0000000000000000e+00	   1.3616519807102723e-01	  -3.2146900620265106e-01	   1.8525477404971097e-01	  -3.9001739244478500e-01	   4.9242719177873390e-01	   4.5849544413091564e-01	   8.2206141272047548e-03	   7.6576207982397171e-02	   2.2846312078251579e-01	   2.1340136287676634e-01	  -5.5952001397196333e-02	   2.0314706198902477e-01	   3.2614353696287124e-01	   3.1122212360591583e-01	   5.5259926312724272e-01	   5.3506580633017853e-01	   5.2910371224655783e-01	   6.3325235139637392e-01	  -7.3235430716122379e-03	  -1.9713236101522102e-01	   8.9127596368681311e-02	   1.7730614266777761e-01	   2.4132206390358560e-01	   2.9657925708774874e-01	   2.7162660071802958e-01	   2.9237367410085091e-01	   3.7227855051803632e-01	   3.0326035930012152e-01	   4.2919092806998727e-01	   2.8408011262111266e-01	   5.5745028031718413e-01	  -7.7465966785749185e-02	   3.2395433713405597e-01	   3.1793338363767848e-01	   2.9234059739698814e-01	   3.6558944094769741e-01	   2.0897641636808886e-01	   3.0534721560481359e-01	   5.2414221156620082e-02	   2.0769998437622794e-01	   1.8865235035752731e-01	   2.0300421287468584e-01	   2.1641439161235787e-01	   9.1340373748503206e-02	   3.9310992983209697e-01	   2.5043964823766951e-01	   3.4543774168642316e-01	   2.1554266343383088e-01	   4.0216120505723874e-01	   4.1733412364995881e-01	   3.5076477222934493e-01	   4.8707157576865105e-02	   6.0763254591787080e-02	   4.2746083986140410e-02	   3.3587397964992827e-01	   4.0626453345857805e-01	   4.0347227305829303e-01	   4.6775374938187131e-01	   5.2010845376539883e-01	   3.5107651498584358e-01	   1.6824904210944450e-01	   8.0741001089340181e-02	   3.0582365886491925e-01	   2.1070932705801507e-01	   9.4800712625770917e-02	   1.0680354881772550e-01	   1.4436928761412382e-01	   7.3228694595516897e-02	   2.2977826393016176e-01	   3.2785675880291787e-01	   3.0924072156997225e-02	   7.1432797949046084e-02	   3.2088868858414205e-01	  -8.5919520017317536e-02	   2.1003176659412473e-01	   2.0502818186256333e-01	   3.1357400428503274e-01	   2.6758093212482592e-01	   5.3127772431780873e-01	   5.8080387595433125e-01	   2.2143863524809515e-01	   4.5449254600557865e-01	   4.8192622900362170e-01	   4.9919014034154818e-01	   1.2376057562217432e-02	  -2.0282262171097445e-01	   5.0986479669119157e-02	   6.1393080713431282e-02	   3.0618592555443785e-01	   2.5893194060495694e-01	   4.0303140792024672e-01	   6.5973255688742760e-01	   2.8513935084824238e-01	   4.7980976270736497e-01	   1.0658337327483935e-01	   2.1864652054076453e-01	   1.3269434484515621e-01	   8.4516359332342583e-02	   5.5600475347665698e-02	   1.4985576534897119e-01	   3.6839029672194334e-01	   2.9479475975325281e-01	   1.5979214674062528e-01	   2.6640975048845783e-01	  -1.5230844438017036e-02	  -2.5530035610187291e-01	
   4.0759406169276069e-01	   2.1547320993294797e-01	   3.3073071377930890e-01	   2.0359271693271855e-01	   2.4158217171603654e-02	   4.4660044259956712e-02	   4.8366794217623993e-01	   3.3462340832891402e-01	  -4.3544858641289562e-02	   1.3616519807102723e-01	   0.0000000000000000e+00	   4.5284497564175530e-01	   7.3582995411956587e-01	   4.1444965992468585e-01	   3.8756796572370067e-01	   2.2276435711309950e-01	   3.2446465808551994e-01	   2.2113880068517197e-01	   2.5834696931704770e-01	   1.5491331143801507e-01	   2.6727929327103987e-02	   8.4531047395852571e-02	   2.3401084586910681e-01	   1.2083536861792968e-01	   1.8632992407879156e-01	   1.4979581269059483e-01	   1.3242679213412695e-01	   8.5663073040632975e-02	   3.3871830646725520e-01	   2.7391319212419196e-01	   3.0331537946991338e-01	   2.6223086878352520e-01	   4.3939021357177588e-01	   4.2436854698806564e-01	   2.8662787458158406e-01	   2.1863139279605026e-01	  -4.5524061804283582e-02	  -9.8586637056076315e-03	  -2.0054126986721854e-01	  -3.1156168896505219e-02	   3.7423806364955886e-01	  -1.7200597559500225e-01	   2.9719664108950877e-01	   2.9812160502531571e-01	   3.3671794805870914e-01	   3.1308365020372542e-01	   2.4819897576513536e-01	   2.7358699492700944e-01	   2.7635459453498412e-01	   2.4802457469596062e-01	   3.0572520478501380e-01	   1.8484759106234866e-01	   3.6269451877724873e-01	   3.4103593703103577e-02	   2.1011708362656842e-01	   1.0550589405202772e-01	   2.0470820850022076e-01	   2.0352631443060304e-01	   4.3785713270972598e-01	   2.0394279819662747e-01	   5.1883413184850491e-01	  -4.7673372225467928e-02	   4.1992600132163455e-01	   2.0274456249412451e-01	   2.6856660109912972e-01	   2.0041360254467434e-02	   3.6834176894389675e-01	   1.9889798291938618e-01	   2.9574550984404158e-01	   4.4058564042550055e-02	   2.6223565279695471e-01	   2.7176360575759201e-01	   3.6735613523002603e-01	   4.3421771994168945e-01	   3.4248327050477800e-01	   3.0247065481399849e-01	   3.7703401830173738e-01	   3.5221087203379375e-01	   2.3942558382363452e-01	   3.5257753269257902e-01	   3.4336100583645973e-01	   3.2899568810753294e-01	   2.0709956782342909e-01	   9.2867905782341775e-02	   4.2133375506551007e-01	   3.5779564169854455e-01	   1.9629994010351798e-01	   1.1753291205897787e-01	   5.2309040255561756e-01	   2.3878856766239942e-01	   2.4365875029510370e-01	   2.7308779246440429e-01	   1.7348087792015307e-01	   3.1225726523009006e-01	  -1.6093916691273513e-01	  -3.4136731378737895e-01	   1.5847423587911902e-01	  -3.0991110972592557e-02	   3.1210312975725196e-01	   2.4966860046370018e-01	   3.8490532005144795e-01	   4.1729255391811243e-01	   4.1582495650079637e-01	   3.3267338562017529e-01	   2.2152412309768052e-01	   1.6318115498011995e-01	   2.4791094061187044e-01	   2.6455070845472350e-01	   9.6718689743857181e-02	   2.4031990195693971e-02	   2.3044832568112467e-01	   1.2199058708660290e-01	   2.8013914842357152e-01	   3.2435635537906604e-01	   9.5270111066826035e-02	   9.7070684997153059e-02	
   2.6087340612424598e-01	   4.2421803939520547e-01	  -9.8218001528640936e-02	   1.0453747693427110e-01	  -5.5020315518074421e-04	  -1.6641953320959735e-01	   1.2327240433140679e-01	   4.5474369705681034e-01	   2.6842768799239601e-02	  -3.2146900620265106e-01	   4.5284497564175530e-01	   0.0000000000000000e+00	   1.4073480342335642e-01	   7.2125001376968179e-01	  -2.0237622454007254e-01	   1.4485583122914902e-01	   5.0789211745664098e-01	   3.6209301874928929e-01	   1.9644765241729717e-01	   3.0148340374311444e-01	   5.5725625251317523e-02	  -1.1557286040419419e-02	  -2.9506405496354204e-01	  -1.4940981686094809e-01	  -3.4633326633733169e-01	  -2.8867644352124472e-01	  -1.4300391163166126e-01	  -1.7567410767510733e-01	   4.6742796698380634e-01	   6.7825668326167521e-01	   4.8672635190592894e-02	   5.9501462291514391e-03	   2.4976226407659116e-01	   3.2089259004080167e-01	  -4.0395679128943218e-01	  -3.2030408191721538e-01	  -2.5302834429810445e-01	  -1.6994522516458874e-01	  -1.8426122954873519e-01	   5.9525800946484408e-02	  -2.1552063020292214e-01	   5.3079550160628514e-02	  -7.8132513604075859e-02	  -1.1322935324912503e-01	  -1.9165894503792630e-01	  -1.5172459043440753e-01	  -2.6466949735896618e-02	  -8.5797448793204292e-03	   2.6761653005346031e-01	   2.9720737571760425e-01	   1.3017245902179583e-01	   2.9885180622974783e-01	   1.4055477682940562e-01	  -1.2151511245423888e-01	   1.1080450668882941e-02	   1.9592858448608477e-01	   1.8508282696453296e-01	   2.9073644908702423e-01	   1.8191895808211078e-01	   2.8962932342905429e-01	   4.0203437608860121e-01	   4.8258880138620580e-01	   6.2320824984742873e-01	   6.2150742795630254e-01	  -2.8814841385918044e-01	  -9.1954418376253177e-02	  -4.2088951059921768e-02	  -7.5297851631862797e-02	  -1.0753163464408892e-01	  -2.1887570755358210e-01	  -1.1092385998361289e-01	   4.6908706556300160e-02	   8.5048088676693251e-02	   3.1405076718864433e-01	   3.0788204338287112e-01	   3.4646065529881520e-01	   3.0367030992410088e-01	   4.1365073618149162e-01	   3.4512040243033304e-01	   1.4898604410106953e-01	   5.2050755074400556e-01	   4.0368423700845230e-01	  -1.3439117521742305e-01	   3.9604553309796242e-01	  -5.8434651345357788e-02	   1.2865847319144977e-01	  -2.0118194676132189e-01	  -1.6923974580997481e-01	   1.0776872946132671e-01	   8.2476385019275428e-02	   1.4979662162621651e-01	  -1.5141799092974745e-01	  -1.6663801048032845e-01	  -3.4248089074916505e-01	  -6.6418543725323617e-03	  -8.6503214704387460e-02	   3.2280825376956618e-02	   1.1707155624364958e-01	   1.2981316602680196e-01	   1.8358564406954461e-01	   1.0343184419179371e-01	  -3.3442261504457593e-01	   4.0566102268201965e-01	   8.9497028208500473e-02	   2.7054067281081690e-01	   9.7271348730941870e-02	   9.7699329633245555e-02	   9.9262856104109093e-02	   8.0627052220540368e-02	   1.3549646769180492e-02	  -2.7386351548046056e-01	  -6.7343572814945407e-02	   2.5549339973430091e-02	   2.1776444731342348e-01	   2.0597454839146323e-01	   1.2927202677731486e-01	
   5.0108890251443483e-01	   8.2308853643341756e-02	   4.5793995363873236e-01	   1.7992991356218391e-01	   9.6444480570828772e-02	   1.1186903251069658e-02	   6.0275371044047654e-01	   1.6666353147596571e-01	   9.7865918428405529e-02	   1.8525477404971097e-01	   7.3582995411956587e-01	   1.4073480342335642e-01	   0.0000000000000000e+00	   4.1404510380021320e-01	   5.5161855887248190e-01	   1.7253646252988794e-01	  -6.1240041228049096e-02	  -4.2082626053182873e-02	   1.2833198897611225e-01	  -9.2483759890200579e-02	   2.2416866247562434e-01	   3.1892001475702503e-01	   4.5201747413859017e-01	   2.4010374377176444e-01	   3.6238204034104488e-01	   3.5010185578327585e-01	   2.1790139932590158e-01	   1.8208623707612756e-01	   1.7428174853389594e-01	   4.2739840891681660e-02	   3.2865870299312172e-01	   2.9699133771717801e-01	   3.6209025612775547e-01	   3.3183212246071186e-01	   5.8854557712376843e-01	   4.8788482204175632e-01	   1.1109193715079460e-01	   1.8915556475355366e-01	  -4.8790717077094647e-02	   1.9825397491059528e-02	   4.1979304106711129e-01	   1.9301293184698115e-01	   2.8025352438331663e-01	   2.7398648449741680e-01	   4.4201460331624848e-01	   4.0205996613419115e-01	   3.2815459219419357e-01	   2.2518224168071754e-01	   2.8503066581033093e-01	   1.2840164743084498e-01	   3.4873026234855453e-01	   8.9809390614727397e-02	   3.6160421408505194e-01	   6.4598045753209626e-02	   2.9961980896964280e-01	   2.2333554671850990e-02	  -2.8815931686215242e-04	  -2.2895929517107196e-02	   4.7769682060012719e-01	   1.9756614209738912e-01	   3.7339297676738747e-01	  -1.5120122086449012e-01	   7.3392995047299930e-02	  -8.9157569182196222e-02	   5.3567084271008325e-01	   1.8197539169686883e-01	   4.4982157488015062e-01	   2.7571006039758772e-01	   2.5222431717027238e-01	   4.0976489764981035e-02	   4.2849065926001711e-01	   3.4884639270681078e-01	   3.5107616796837926e-01	   3.0209569327829450e-01	   3.0174650203091846e-01	   2.7138382941998418e-01	   3.0836954480682616e-01	   2.6011948913126753e-01	   2.7774656451566748e-02	   1.5889756951038098e-01	   2.3733036625061116e-02	   1.9605204197639539e-01	   5.1857322651318094e-01	   8.4088718528863668e-02	   5.4724695342916263e-01	   3.2084517371898136e-01	   4.4666546665046025e-01	   2.5768578086362992e-01	   5.5949538950152555e-01	   1.4035901982513302e-01	   3.4206295144628285e-01	   3.9119591266860676e-01	   2.9298631376685874e-01	   5.5008411625515719e-01	   1.2746790186277712e-01	  -1.2091819669699699e-01	   4.2578651310413562e-01	   3.9724835409654206e-02	   2.5485664621048354e-01	   2.4385004553746809e-01	   2.8112863793380966e-01	   5.5282624965254323e-01	   9.0611218948801156e-02	   2.1587526231132992e-01	   1.6826726177823564e-01	   1.4011028879175652e-01	   1.6469464253960292e-01	   2.9544264352775962e-01	   1.5751097424784641e-01	   2.2215572060271638e-01	   4.2390587398090857e-01	   2.5442613038396528e-01	   1.1031755373365622e-01	   1.1775899884571384e-01	  -4.2087335780413564e-02	  -2.0160693053604517e-01	
