   0.0000000000000000e+00	   7.6273845616812574e-01	   5.3600308860933366e-01	   3.6710414609699832e-01	   3.1056288159112255e-01	   1.4183811697715623e-01	   4.1942916138235253e-01	   1.4314890816323206e-01	   3.2002050190207965e-01	   2.6222130713045688e-01	   6.4955881343102995e-01	   4.8722091092965958e-01	   4.1796458165441730e-01	   1.7098285904866928e-01	   5.0203133438109171e-01	   3.1588717662528532e-01	   5.4313945459954882e-01	   6.4016072126944223e-01	   7.9625919790193600e-01	   7.6099556305732885e-01	   1.5201283498752474e-01	   1.0663436278030264e-01	   2.5948999379627891e-01	   1.2436711988123156e-01	   2.2692833337970736e-01	   1.4834585021844462e-01	   3.5271109879856077e-01	   3.6533782216628979e-01	   5.9022135880822091e-01	   4.6286904092758974e-01	   3.6469879941909167e-01	   2.6438853721151545e-01	   4.1762935582264304e-01	   5.0790258597800808e-01	  -3.8906087209117271e-02	  -1.5986150023422838e-01	   1.2977708951469707e-01	  -1.5233760301325110e-03	   3.6259488699757547e-01	   1.6034449275633106e-01	   3.3313346838711128e-01	   1.6511671900936370e-01	   2.7925778783861088e-01	   3.0651301400248926e-01	   3.1553470467074340e-01	   4.2768528821225199e-01	   5.2352823295548490e-01	   5.7418855824806447e-01	   4.9516051640295644e-01	   4.7475336045480043e-01	   5.3674372920196178e-01	   5.2425959121535248e-01	   5.1072002429531949e-01	   6.2551265031761571e-01	   4.7352829641316951e-01	   4.6343058461402137e-01	   7.4804064388067704e-01	   6.3675952233220134e-01	   4.6328342979407755e-01	   4.0967858548445624e-01	   1.9701354670938559e-01	   8.5884498256134353e-02	   3.7359525801434734e-01	   2.7572835725625960e-01	   2.3310130178296071e-02	  -1.3241776357340546e-01	   2.5533912398478620e-01	   5.4819188395319490e-02	   5.9242491425637045e-01	   3.6493688184625139e-01	   4.0058159448747921e-01	   6.8973787937276529e-02	   5.8523053234739453e-01	   4.3156447702934470e-01	   5.0098099601497403e-01	   3.5268655505551794e-01	  -9.0575530674978477e-02	  -3.9043680621625276e-02	   4.8660326667808107e-01	   5.9046230027366609e-01	   5.0723453176523547e-01	   6.1691994167380892e-01	   3.4819159586293380e-01	   3.3617492959034867e-01	   6.0512314798932898e-01	   4.2137775945637723e-01	   2.7909733759377198e-01	   3.9446278382127581e-01	   3.6428308114047070e-01	   5.9844464372408246e-01	   8.3691111864230033e-02	   1.9815025955541038e-01	  -1.4918997971907547e-01	   8.5370045384711088e-02	   1.8173314125835877e-01	   2.3183745109949899e-01	   5.3698833770459264e-01	   3.9663240020769369e-01	   4.9201604045602559e-01	   5.7707640166405028e-01	   9.0913892134261542e-02	   2.1085133614788859e-01	   2.0746379274608248e-01	   3.2279663377047352e-01	   1.7055178360293741e-01	   4.4681002747809909e-02	   9.4208854132720662e-02	   9.5047509240370032e-02	  -6.6546742715682380e-02	   2.0065222225053192e-01	   2.1979656941216630e-01	   4.9850778980297755e-01	   5.5689165023833198e-02	   1.7165526633340600e-01	  -7.4924128640871113e-02	   1.9252156819514271e-01	
   7.6273845616812574e-01	   0.0000000000000000e+00	   1.7664952266039766e-01	   2.0073692704585971e-01	   2.5642661395685704e-02	  -7.2258959279908341e-04	   9.8529911988027748e-03	  -1.2320502567311546e-01	  -7.4026473975206647e-02	   1.2854128056457514e-01	   2.4718536816378284e-01	   2.9642553040322017e-01	   4.6778755890492886e-02	  -5.2973332827380863e-02	   2.0284710469617151e-01	   1.4917881588092829e-01	   7.5957611998651742e-01	   8.3820000595525923e-01	   5.5194478449829865e-01	   8.0706240846285482e-01	   9.3419294564300995e-02	   2.2848006522249209e-01	   6.7293603108547456e-02	   8.9505964155388341e-03	   2.6167563928586002e-01	   7.1293192693124327e-02	   2.8365952188337379e-01	   2.9864902750593736e-01	   5.4806832109659620e-01	   3.6641149498683206e-01	   1.1803327545824582e-01	   7.7964735804828225e-02	   2.6159620446595955e-01	   3.6602325580511286e-01	   6.1447682868142200e-02	  -8.6267025843542178e-02	   1.9579319848803606e-01	   4.6410892568103254e-02	   1.6298515202902963e-01	   1.1014616775614160e-01	   3.3780105097958346e-01	   1.6918149811801475e-01	   4.1464722317516811e-01	   3.9373163110822629e-01	   5.1660919684962081e-01	   6.7566120407643937e-01	   7.0473745491092066e-01	   6.9031510515679306e-01	   6.2585567038202261e-01	   5.5036174391796910e-01	   6.7157989752854719e-01	   4.8177781428169653e-01	   5.3396521407818454e-01	   6.2262939592465294e-01	   4.3420334801027621e-01	   5.4011163595915046e-01	   9.0239052785570328e-01	   9.0307336572678221e-01	   4.4411477790525122e-01	   4.6800202279214326e-01	  -1.5870919364913655e-01	  -1.0790512579539829e-01	   2.2876076048774008e-01	   1.2849480224353274e-01	  -5.5459086047021100e-02	  -2.4773645294485297e-01	   3.9727736022117044e-01	   1.9075653924211261e-01	   7.5709205035627747e-01	   6.2237263958805455e-01	   1.7554301910718056e-01	  -9.0570236570547913e-02	   4.7861658910794314e-01	   3.3262484525559421e-01	   4.1753143196588771e-01	   5.0061671473785846e-02	  -4.2212369340144351e-01	  -2.5137858844893290e-01	   6.1562973042807712e-01	   6.5192134214410769e-01	   7.3985839085811733e-01	   6.7401408897306103e-01	   3.8340388793758029e-01	   5.1643621218645830e-01	   6.7341902580089719e-01	   4.4876427887115544e-01	   4.3492728056214974e-01	   4.7456621589294729e-01	   3.7796581724558176e-01	   6.0531282765721561e-01	  -7.4639988532395327e-02	  -8.9098777420988845e-02	  -3.5139713372878428e-01	  -2.4886614709658014e-01	   4.5949544468522847e-02	   8.6697144026293027e-02	   5.5956295273786416e-01	   3.6814857940049928e-01	   6.2397604945836949e-01	   5.4021821381543067e-01	  -1.2979359419603642e-01	  -1.0024955763713742e-01	   4.0549614299178222e-02	   1.3942918800425216e-01	  -1.6609984661813573e-01	  -2.2846456974159929e-01	  -3.4163764677735298e-02	  -1.2669834763451165e-01	  -2.9575418634649858e-01	   1.1114670898229065e-01	   3.6545193620026606e-01	   2.9759644315726730e-01	  -3.1231632998844661e-01	  -5.7797784731636714e-02	  -4.5005914073809705e-01	  -7.0193024332040454e-03	
   5.3600308860933366e-01	   1.7664952266039766e-01	   0.0000000000000000e+00	   5.3962574496099258e-01	   6.3487003529949615e-01	   2.1078326246817070e-01	   8.0630445991138977e-01	   2.5829837272828976e-01	   4.7797992858367411e-01	   3.6518179424819650e-02	   6.1002266227428104e-01	   2.5826259060819490e-01	   5.9125447766004302e-01	   2.4580930347813348e-01	   8.2592157038996583e-01	   5.0330148966201427e-01	   3.8733994239157687e-02	   1.3577198589287001e-01	   5.7105357235902210e-01	   2.1869317917017417e-01	   4.9250082278449286e-01	   1.7725279934906088e-01	   8.3004920555651307e-01	   5.7245772261511418e-01	   5.4524540929267029e-01	   4.6460162745992406e-01	   7.5343384668000501e-01	   6.0029603093445250e-01	   3.2243924360741710e-01	   2.5929222053274559e-01	   7.9353968546289644e-01	   6.4033572782688741e-01	   7.4986448456799404e-01	   6.6559497239026155e-01	   4.3204989138440075e-01	   3.5782828673418277e-01	   7.8402842274509499e-02	   1.2638735004115143e-01	   3.6726906275784854e-01	   2.2020544546810239e-01	   2.7952352982196493e-01	   3.7605941540293580e-01	   2.5230990493075822e-01	   2.6878369041941397e-01	   3.5197876401032135e-01	   1.8466945136154869e-01	   2.4512811824742731e-01	   2.8702162909058532e-01	   2.7057183763726467e-01	   1.6683650505659850e-01	   4.2053192524123123e-01	   3.1682562305475975e-01	   3.2469487957700782e-01	   3.2023171443342524e-01	   4.1858399622487552e-01	   2.9869307908331455e-01	   1.4050120954885897e-01	   1.3336739002799350e-01	   4.5226866219917561e-01	   2.8720014110882691e-01	   3.3505022762086178e-01	   7.4060114808179756e-02	   3.8908434616570930e-01	   1.3508003123458426e-01	   5.7193876860049120e-01	   2.9231746476332632e-01	   4.9641940704873244e-01	   3.3215534856674367e-01	   9.3090918237765247e-02	   3.1258112663627869e-03	   6.5178938245849594e-01	   3.8169245873764934e-01	   4.8388907085816385e-01	   2.4071568228490339e-01	   5.7928523080858096e-01	   5.2227674520121803e-01	   3.3146641387141929e-01	   3.0462926492494630e-01	   1.1907300079109863e-01	   3.3341653141885819e-01	   2.3520273797109931e-01	   4.8433702767675835e-01	   5.4856271439498339e-01	   3.4852781675547889e-01	   5.9402188660093558e-01	   5.4759761625008829e-01	   4.3982369445410585e-01	   5.2163413383814117e-01	   4.6282949226078918e-01	   4.5545007101694490e-01	   3.9504049823282594e-01	   7.0509628328389118e-01	   2.7535299803326757e-01	   6.3263376468236243e-01	   1.2041676301890544e-01	   2.5692361156455867e-01	   2.2870676997731670e-01	   3.0491828743230087e-01	   2.4730811304885231e-01	   4.3269328456795503e-01	   2.9613779177622412e-01	   5.7891237698399667e-01	   4.9550149108875002e-01	   5.1521455942664696e-01	   5.3871187378529295e-01	   4.8196373866294762e-01	   3.1700385010298288e-01	   2.8545083944287419e-01	   4.5672262079126828e-02	   7.7557310570748356e-02	   2.5313355453508157e-01	   4.2854613811032827e-01	   2.6245802707608468e-01	   3.6491440548536097e-01	   3.4803299901786311e-01	   1.1537434062728125e-01	
   3.6710414609699832e-01	   2.0073692704585971e-01	   5.3962574496099258e-01	   0.0000000000000000e+00	   4.8772764157464477e-01	   4.9202788559734623e-01	   5.7905315111653510e-01	   7.7853998958088300e-01	   4.2125813464386375e-01	   5.6151203302701902e-01	   3.7677969082251489e-01	   4.6713605196331126e-01	   2.2729148762379342e-01	   5.0791000813290843e-01	   5.8029206388414967e-01	   6.7596489391716441e-01	   1.0497773731342835e-01	   1.6507468003775927e-01	   3.0150437864094254e-01	   2.6019617443650317e-01	   5.2563128286164484e-01	   1.3533485713913032e-01	   4.8464562189788885e-01	   7.2278018607944705e-01	   3.3556839649055764e-01	   3.7754000880509064e-01	   4.2040844324995391e-01	   3.4477326889103965e-01	   2.4666695057779242e-01	   2.8362062492132983e-01	   6.1336779603505520e-01	   7.2618487966855272e-01	   4.4750979075206743e-01	   7.2678504640590591e-01	   1.2279311073839874e-01	   2.9142377176373757e-01	  -8.7048002619546344e-02	   2.1957655814873503e-01	   2.8874767840444360e-01	   3.1450035900748197e-01	   3.9659790217856311e-01	   2.2742663620799028e-01	   5.3106909776322139e-02	   5.7667984129679557e-02	   9.6315646413256392e-02	   1.2268209657257839e-01	   1.2398436826876902e-01	   2.0330992498922687e-01	   1.5982409852587537e-01	   2.1981197618307588e-01	   2.3529994203252100e-01	   3.3000240272369574e-01	   3.3075908641232660e-01	   2.7183892156290002e-01	   2.6365956575307076e-01	   2.4047983102301781e-01	   1.0340521400495012e-01	   7.6782899174899846e-02	   2.9408608251117874e-01	   5.9361441647297319e-01	   4.7278592513309503e-01	   5.7071310803871145e-01	   4.2230482211145481e-01	   4.8399515040447538e-01	   3.3328497671190277e-01	   4.8260770138295883e-01	   3.0064714840803164e-01	   3.5008115819987518e-01	  -6.2981556171862706e-03	  -2.8779642485870796e-02	   4.3193744257022360e-01	   3.9353804239536072e-01	   2.9555147873122101e-01	   3.1854546490451879e-01	   4.8769709316264981e-01	   4.9080294406597647e-01	   1.4973651837188785e-02	   1.5384425635841709e-01	   2.3246434605945421e-01	   3.2444849499265072e-01	   1.9920095181046721e-01	   3.9228376978918533e-01	   4.0553848755469962e-01	   3.3085721503095983e-01	   4.0391749150290013e-01	   4.1611017735410505e-01	   3.1341957990547931e-01	   2.7604864849510241e-01	   4.6998011620131769e-01	   5.2450268158737012e-01	   6.5924776722768474e-01	   5.3234940218476545e-01	   5.8924192765968453e-01	   5.3426665783548200e-01	   2.6464172900969546e-01	   2.8023672116066062e-01	   2.2742389768976781e-01	   1.8470277833772270e-01	   3.1693857246253260e-01	   2.9080444807594547e-01	   5.9529425939924896e-01	   5.5232069374177750e-01	   5.4210650271142002e-01	   5.5613973789512494e-01	   4.8882197365700508e-01	   4.4281870313374372e-01	   3.7193426139416186e-01	   2.5115174444754196e-01	   8.4584214718542688e-02	   3.8220828575306232e-02	  -3.5259945318356509e-02	   3.7035487233050857e-01	   3.4778312070395412e-01	   4.2107553259553893e-01	   2.8732140994538014e-01	   1.7657309176336722e-01	
   3.1056288159112255e-01	   2.5642661395685704e-02	   6.3487003529949615e-01	   4.8772764157464477e-01	   0.0000000000000000e+00	   2.9051994856250674e-01	   6.2050372360056505e-01	   3.9116378873737112e-01	   4.1869992148021423e-01	   1.8718859597819271e-01	   4.8404215471244438e-01	   4.2124438033630007e-01	   3.9493474889424152e-01	   3.5717826283491072e-01	   6.6544716161574169e-01	   3.7407813272791840e-01	  -1.8656160153742821e-01	  -6.6356308907074876e-02	   3.8587142021686971e-01	   1.4674311174290827e-01	   2.8634406015258146e-01	  -1.0014093289533781e-02	   4.7484393119389301e-01	   4.1397510939639159e-01	   3.5403229257134294e-01	   2.7536085000644422e-01	   5.2390225226775733e-01	   4.5079848952654494e-01	   2.4760144266148060e-01	   3.7059195697877878e-01	   4.3136897511157313e-01	   4.3018993278126494e-01	   3.5374584478232457e-01	   3.8207361104248078e-01	  -2.0326509604488333e-03	   1.7580562203895832e-02	  -1.3620509817985910e-01	   5.5140275011983930e-02	   2.5365460907098969e-01	   1.6040556432227751e-01	   2.0118356974140872e-01	   3.6190864794422495e-01	   3.3559855864103699e-01	   3.5742221603004254e-01	   3.4843603141884194e-01	   2.4507175624528171e-01	   2.4502748956874945e-01	   2.7153004767214700e-01	   2.4831480625747249e-01	   2.0665251398441564e-01	   1.1685973524118082e-01	   2.3193775653740697e-01	   2.2954360535098756e-01	   1.0432244361873473e-01	   3.5907698792705400e-01	   2.6954427355148336e-01	  -4.1464168921399674e-02	  -2.8567349180527557e-02	   3.7613780622977899e-01	   4.0719023106560465e-01	   4.1531128886033686e-01	   2.3901558042002263e-01	   4.2495915990010658e-01	   2.5001968124231122e-01	   2.5892419282630241e-01	   1.5874473890096014e-01	   2.9009716621011516e-01	   2.6942338806888139e-01	  -8.3287049589402307e-02	  -1.2521558512957032e-01	   4.9682311891953024e-01	   4.9711427568972610e-01	   3.6289703439921517e-01	   3.2484152446496706e-01	   5.6241687738681689e-01	   5.0672737931476619e-01	   1.7674444738525402e-01	   2.0462287095550331e-02	  -8.9432163854664154e-02	   1.7116597430318048e-01	   7.4086724321895350e-02	   2.4229289055755987e-01	   4.3827503585974736e-01	   2.3815354192069355e-01	   3.4984951650427754e-01	   2.7327129824552399e-01	   3.3168553261888761e-01	   2.6065850876891206e-01	   2.0301830594240483e-01	   3.2795617287692574e-01	   5.0919817176246596e-01	   5.7885810744594179e-01	   2.3676160181772501e-01	   4.3882363864125534e-01	   1.8451678567679713e-01	   5.7219502097627294e-02	   3.0490305798493039e-01	   3.3458943011606213e-01	   4.6419615519803925e-01	   4.9449214073673892e-01	   3.7048673590326836e-01	   4.0881453212352337e-01	   5.2019073421572759e-01	   5.2294831423920751e-01	   3.7250540426830719e-01	   3.3059379288183016e-01	   1.1588697584305480e-01	   2.0948276897296686e-01	  -6.0635125759868076e-02	  -1.5878451127399321e-01	  -6.4701778791806747e-02	   3.8401735351017596e-01	   2.2167215328329704e-01	   2.3794013943517572e-01	   1.7112687766538381e-01	  -5.6571525510416137e-02	
   1.4183811697715623e-01	  -7.2258959279908341e-04	   2.1078326246817070e-01	   4.9202788559734623e-01	   2.9051994856250674e-01	   0.0000000000000000e+00	   4.0072527007346093e-01	   5.8741503386149430e-01	   2.1356110572547329e-01	   5.5916976422772247e-01	   2.0763123618195672e-01	   4.9137321290721947e-01	   3.3835442285140149e-01	   5.7373658009336648e-01	   2.9880529758837593e-01	   6.1694792438831458e-01	  -9.4844831998989673e-02	   1.5792963325977911e-02	   1.7975954262450658e-01	  -6.4391072699988700e-03	   2.8191495073603889e-01	   8.7219561152045752e-02	   1.8475872176297864e-01	   3.8238123185213924e-01	   3.0136150827085173e-01	   4.5952827273649566e-01	   2.1853962866631682e-01	   3.3986506746699863e-01	  -5.9263787413494293e-03	   2.1898331242679631e-01	   2.9145021147530181e-01	   4.5471676833913743e-01	   2.6517952355475161e-01	   3.0471762308661660e-01	   4.6290569784144059e-02	   1.7238951510921158e-01	  -1.2935425515929488e-01	   5.3419049002756326e-02	   1.9503613683747847e-01	   1.1881797897583385e-01	   1.9841408390834922e-01	   1.3915414087650891e-03	   2.0113324086599554e-01	   1.8712574296919943e-01	  -2.5155463850763050e-02	  -3.3687165497410777e-02	   6.7623956334457752e-02	   2.3101837665717002e-02	   7.9124673448253940e-02	   2.0242926985382859e-01	   1.3383951206651226e-01	   3.4215682518829260e-01	   2.1084595237593012e-01	   2.5287526399192639e-01	   1.6220471577847401e-01	   1.0810674024058368e-01	  -5.6496125926695680e-02	  -4.6004444351832735e-02	   2.3657596698098554e-01	   3.6935290779495367e-01	   4.2211440137544409e-01	   5.3518319833579797e-01	   9.5681308177077970e-02	   2.6891596661244865e-01	   1.9616233278994821e-01	   3.5513662286267278e-01	   9.7662597622346359e-02	   2.1487370235660203e-01	  -1.3918142142769457e-01	  -1.0179456177199100e-01	   4.5015658564287886e-01	   4.2926195431327163e-01	   1.9068706222482695e-01	   3.1843923529386770e-01	   3.4476652089928472e-01	   3.7541107241969768e-01	   5.0929410654681095e-02	   1.3035190597699325e-01	   8.0522487284668834e-02	   2.1010586524929867e-01	   7.6515578049356006e-02	   1.6749102446031999e-01	   3.1086813886164166e-01	   2.5275722903832160e-01	   1.3008100655540072e-01	   2.0297688157508942e-01	   8.5134075160867670e-02	   1.3235220604463691e-01	   3.2826576348147551e-01	   2.5110876719831754e-01	   5.3808836706471486e-01	   3.3025398356249258e-01	   4.0026220296436660e-01	   2.6514181009982024e-01	   6.6379104836369968e-02	   1.6786146145865621e-01	  -1.2847214725568157e-02	   1.4183358100965932e-01	   1.9449608601643964e-01	   9.2544594529456237e-02	   3.3610319948728068e-01	   3.4240177404720051e-01	   2.8983831873646165e-01	   2.2413494374475079e-01	   2.0482699500820670e-01	   1.2801968056506965e-01	   2.9044850286164846e-02	  -1.6811399795801322e-02	   2.3706375350990430e-04	  -1.4133486935600906e-01	  -2.0400596182545971e-01	   5.7383938955873608e-03	   1.0769020951153582e-02	   2.1689967855145909e-01	   2.1608590568006364e-01	  -1.5681913414712384e-01	
   4.1942916138235253e-01	   9.8529911988027748e-03	   8.0630445991138977e-01	   5.7905315111653510e-01	   6.2050372360056505e-01	   4.0072527007346093e-01	   0.0000000000000000e+00	   5.6096342236120988e-01	   6.8979159226589459e-01	   2.8231002430506114e-01	   7.0830548661660808e-01	   3.5664230010428882e-01	   7.5507709843390147e-01	   3.9273530256447786e-01	   6.5931944762469663e-01	   4.0379677624015808e-01	  -1.0869264990466157e-01	   4.4118994769826118e-03	   5.0419194583213889e-01	   6.5394196285532641e-02	   4.3753266534542096e-01	   1.0164185750437155e-01	   6.2891331666844419e-01	   5.1735064974998779e-01	   3.2265750125610315e-01	   3.7395877936098604e-01	   5.4639389861534537e-01	   4.5401379687336713e-01	   2.0704749194462074e-01	   2.6867989361091271e-01	   6.2284153784840568e-01	   5.9679469020499565e-01	   5.6391833152865067e-01	   5.6887840615264196e-01	   1.9855345144018519e-01	   2.5148100838579746e-01	  -6.6249088560856220e-02	   8.3635557265351851e-02	   2.4139380422586937e-01	   1.6216227985031889e-01	   1.6461002508446215e-01	   3.3030324907435005e-01	   1.1373853647346359e-01	   1.0134131478278352e-01	   8.9858563882906195e-02	  -3.0979825994792265e-02	   2.5425494035580483e-02	   4.5631402534212176e-02	   1.3327461575212465e-01	   6.7257995777497318e-02	   2.3692609319164759e-01	   1.9093394538130559e-01	   1.5618543530104345e-01	   1.3748251164709704e-01	   3.0163345465899355e-01	   9.3795185766612443e-02	  -7.0821427028366774e-02	  -5.8707423771778761e-02	   3.6517438453739526e-01	   1.9961204868384300e-01	   5.8933660295118950e-01	   3.5407388983344346e-01	   2.1736291335261104e-01	   1.1303849246403040e-01	   4.8987485566941658e-01	   4.4042319518028206e-01	   2.5602949891101195e-01	   1.4484542593841135e-01	  -1.6924442358569416e-01	  -2.4846898897174310e-01	   6.9622477149125506e-01	   4.9217437092286709e-01	   4.1388997825902862e-01	   2.8510195122387627e-01	   5.7692187739287348e-01	   4.7639026004918195e-01	   3.6229199043173782e-01	   3.2991850480239238e-01	   1.0965830989469055e-01	   3.1568166726956681e-01	   2.8396438435497762e-02	   3.0126150976173494e-01	   3.4322462744576299e-01	   1.9934876254211015e-01	   3.9403408959460073e-01	   4.1533114758176332e-01	   2.0423384635522901e-01	   2.5897555952116108e-01	   4.0066770413515956e-01	   3.5847141502545754e-01	   4.6562433345068333e-01	   6.5085174570931648e-01	   4.4796445662617318e-01	   6.0918484991536703e-01	   2.8759493163293140e-02	   1.2532242846585195e-01	   4.4655066237127117e-02	   7.5690051717233503e-02	   1.1627598640732786e-01	   1.9545542077409755e-01	   4.3320235285627062e-01	   6.2474854783629719e-01	   4.3507603413874102e-01	   4.1132456426499187e-01	   5.1097320819987424e-01	   4.3991247971225877e-01	   2.3088053571905032e-01	   1.1105746043298452e-01	   7.1415118114762435e-02	  -3.6394009271939053e-02	   7.2368315985885306e-02	   3.4450158514029128e-01	   3.5354179550540138e-01	   3.6842145593692688e-01	   3.9179259943648670e-01	   1.3206513586501847e-01	
   1.4314890816323206e-01	  -1.2320502567311546e-01	   2.5829837272828976e-01	   7.7853998958088300e-01	   3.9116378873737112e-01	   5.8741503386149430e-01	   5.6096342236120988e-01	   0.0000000000000000e+00	   5.3060053361759396e-01	   7.8875531898790063e-01	   3.6734568097800446e-01	   5.4704434902295218e-01	   2.3689872824646618e-01	   6.3650028851908735e-01	   3.1989081351345350e-01	   4.7705443410113235e-01	  -1.8143831299388691e-01	  -1.0720059760872171e-01	   4.0469268261006629e-02	  -7.7541177135234951e-02	   2.7248803162128782e-01	   8.6775383015442714e-02	   1.4391945107331400e-01	   4.8772224975275535e-01	  -3.8400379598617501e-02	   1.4696394454830064e-01	   4.2893659031316367e-02	   5.6562087942533423e-02	   2.8096031617560552e-02	   1.7351162658282709e-01	   3.1541472811411359e-01	   4.8535261346675829e-01	   5.8380588511600578e-02	   3.4962048281711139e-01	  -2.0568020802636638e-01	   3.5328393721684503e-02	  -2.7915043438679388e-01	  -7.5492931425193199e-02	   5.4927807883437110e-02	   8.0615074480540450e-02	   3.8905881513065066e-02	   1.0363959245108505e-02	  -2.7218974010454944e-01	  -2.6793092728940909e-01	  -3.0750936432718678e-01	  -2.6750978020124605e-01	  -2.2774663882210949e-01	  -1.8480605801894004e-01	  -1.2284256858532429e-01	  -1.4843196137729196e-02	  -1.6217760837878287e-01	   6.8952290858951326e-02	   6.3325767585746845e-02	  -1.7665056023564461e-02	  -3.9224330668777927e-03	  -9.5993872496910604e-02	  -1.7193656007559840e-01	  -2.1512536274036578e-01	   6.0096071004464215e-02	   3.8791828817988694e-01	   6.6501470571215193e-01	   8.3479517955662019e-01	   2.9875663758427384e-01	   5.8258330341369335e-01	   1.0298559881450500e-01	   4.6819624829085482e-01	  -1.0964480649483986e-01	   3.5882843150761572e-04	  -3.3060306994409389e-01	  -2.6771124788012413e-01	   3.1116719225453132e-01	   4.0449522511538971e-01	   4.9731079379121558e-02	   2.0598418620172135e-01	   2.2383098631749013e-01	   3.3635224228139793e-01	  -7.2528772844062429e-03	   7.1787940557660579e-02	   4.5260966253634238e-02	   6.4306872964330727e-02	  -1.2956306151021640e-01	   2.2241751610270949e-02	   9.2056855189241414e-03	  -7.6000436457435996e-02	  -3.1777042796323155e-03	   3.2399125348692999e-02	  -1.1141296304006412e-01	  -1.5973507844803916e-01	   2.1795105087084338e-01	   2.0133118714663650e-01	   6.7117961078965871e-01	   3.5938685639132806e-01	   7.1901855863030539e-01	   4.1696408547050812e-01	   1.4424061215767764e-01	   1.5567131159899539e-01	  -5.2285433797369718e-02	  -4.4189378768109369e-02	   7.0271690970016162e-02	  -2.9448384223453441e-02	   6.8630297931377582e-01	   5.4237481850559655e-01	   3.7760473062697614e-01	   3.3033826571776770e-01	   3.7399586135678092e-01	   2.8512042826928874e-01	   1.8770632038492152e-01	   9.8948578626899458e-02	   8.2865423850336309e-02	  -9.1175504745886066e-02	  -4.0491369627815232e-01	   2.2609584807956917e-01	   4.0488621084954757e-01	   3.7540603519631605e-01	   3.1600737444020571e-01	   9.5159649152064235e-02	
   3.2002050190207965e-01	  -7.4026473975206647e-02	   4.7797992858367411e-01	   4.2125813464386375e-01	   4.1869992148021423e-01	   2.1356110572547329e-01	   6.8979159226589459e-01	   5.3060053361759396e-01	   0.0000000000000000e+00	   3.9378877524018141e-01	   6.6531132501690493e-01	   3.5336147084034708e-01	   5.2044438809092908e-01	   4.2330271425703797e-01	   4.6658640790606010e-01	   2.6933310063163474e-01	  -9.7121287778496310e-02	   3.5804255816613874e-02	   3.6036685155412451e-01	   1.0756087623138555e-01	   1.9942740942581993e-01	   4.9899808673284944e-03	   3.8017456345598621e-01	   2.7517952538181567e-01	  -5.5461954758118270e-02	   1.0917897369707556e-02	   1.5319523228583537e-01	   7.8505467621748787e-02	   2.1919068143124054e-01	   1.7381287275179505e-01	   4.4034724115043922e-01	   3.8765813943378175e-01	   2.2216998091468049e-01	   3.0366313571146425e-01	  -1.4636019780425924e-01	  -7.1445185374973158e-02	  -1.5966366564599460e-01	  -9.9174250893818844e-02	   4.3570304098855192e-02	  -4.5069893016387683e-02	  -4.3485769108182803e-02	   2.0189619904884143e-01	  -1.6250366514357395e-01	  -8.7031662451316966e-02	  -1.1434616787739627e-01	  -8.5041087943251270e-02	  -1.1396764372071735e-01	  -6.3511282059331778e-02	  -2.8966228832991131e-02	   2.6352562902448727e-03	   4.7844877092513768e-03	   2.6204816378458944e-02	   3.7375177770104816e-02	   7.9135187154961203e-03	   3.0882558136923428e-02	  -4.4099582656240074e-02	  -1.3215533806987925e-01	  -1.9445045607252662e-01	   1.4922776866775755e-01	   1.4019797524454441e-01	   5.4051492733637674e-01	   3.7826434473925408e-01	   2.5747093209463917e-01	   2.6441734975401265e-01	   1.4601635163903018e-01	   2.2255848580242060e-01	  -6.1757162368825905e-02	  -1.2838332007144934e-01	  -1.6896370915398506e-01	  -1.3370926286128293e-01	   5.3592654725830347e-01	   2.6536759383290626e-01	   2.7417241410000692e-01	   1.7958592212769936e-01	   3.0702900456908766e-01	   2.8195671557642354e-01	   2.1135847123174861e-01	   2.0565154587028309e-01	   8.6293051780839888e-03	   1.4595203524278866e-01	  -1.2617204512239646e-01	   1.9319740063594784e-01	   1.5779053989254238e-01	  -1.0355921953603467e-01	   5.7498188248473789e-02	   1.1972042405587596e-01	  -1.1169959233688348e-01	  -3.9381592312670279e-02	   1.0541533526912564e-01	   3.9901537246387224e-02	   3.9403101691389242e-01	   4.7031688256718635e-01	   3.9230634683196952e-01	   5.2895738293500350e-01	   2.4854143568528320e-01	   2.4085545118142909e-01	   1.7283125332238740e-02	   6.6874260529871110e-02	   1.6340658221671571e-02	   1.3028041920565617e-01	   4.0467827873380691e-01	   5.1567441321425567e-01	   4.0503952802527343e-01	   2.7036580814588823e-01	   5.0906918529590039e-01	   3.8530649634065406e-01	   3.1435849575688907e-01	   2.2958858538321963e-01	   2.0786151970900452e-01	   1.3174104259978595e-02	  -2.8686205565925038e-01	   3.2949625689647133e-01	   4.3347361836134946e-01	   3.3902131566692500e-01	   4.0056618093284757e-01	   2.3568134321959500e-01	
   2.6222130713045688e-01	   1.2854128056457514e-01	   3.6518179424819650e-02	   5.6151203302701902e-01	   1.8718859597819271e-01	   5.5916976422772247e-01	   2.8231002430506114e-01	   7.8875531898790063e-01	   3.9378877524018141e-01	   0.0000000000000000e+00	   2.5036924925052439e-01	   4.9920537988419389e-01	   2.8016628737706824e-02	   4.9022224983519413e-01	   1.7136278267440283e-01	   3.9828722900141506e-01	   2.9334407755193269e-02	   1.4456173389624438e-01	   1.3973020681319709e-01	   1.5725874532450718e-01	   8.4896316813616646e-02	   1.8686728644688758e-01	  -4.3572111486059537e-02	   3.1218070178150753e-01	  -1.3336015979058083e-01	  -1.3155704322495097e-02	  -1.5608221390142971e-01	  -1.2421028970310558e-02	   1.3989539175813220e-01	   1.4976589830268752e-01	   1.6865590393870072e-01	   2.9547201140146584e-01	  -9.8693437358658043e-02	   1.6905455906037017e-01	  -4.3181516041786311e-01	  -2.7374929062712133e-01	  -2.4605186192488654e-01	  -1.8833524062950902e-01	  -1.1632531180970773e-01	  -7.8768607434904409e-02	   4.8365000218192830e-02	  -1.1913336434788269e-01	  -2.2956720300816788e-01	  -2.1534324911846855e-01	  -2.8942968046592099e-01	  -1.1655919097596729e-01	  -5.4553766557304310e-02	  -8.3312995227634620e-02	  -8.6837187940800642e-02	   3.0097453037064053e-02	  -1.1760949765804618e-01	   1.1719945235693202e-01	   1.3623649538899879e-01	   1.2373644681227666e-01	  -9.4440868479863993e-02	  -7.4921015502462343e-02	   9.0508582004078492e-02	   6.4326657705634643e-02	  -3.9245996612322649e-02	   4.5552836131658525e-01	   4.4229709879795409e-01	   7.0776369491757540e-01	   3.0894238358729392e-01	   5.4144879240163513e-01	  -1.7734669101012890e-01	   1.0356304525584320e-01	  -2.0195627725682302e-01	  -1.2179569377214387e-01	  -7.4025075246155050e-02	  -3.2595589521590015e-02	   2.1014899040285895e-01	   2.2860192760039488e-01	   4.7970247577790281e-02	   2.0854918327622241e-01	   1.1042960186105058e-01	   1.1907506110743156e-01	  -2.8301351877751885e-01	  -1.3524460355558249e-01	   1.3257802455542952e-01	   1.0262675851916363e-01	  -1.1158782791013165e-02	   3.7077761354033581e-02	  -6.8767741509217243e-03	  -1.0632271684468034e-01	  -4.0923379002266669e-02	  -6.7824039676260384e-02	  -1.6481128238441453e-01	  -1.1502523847327199e-01	   1.1853755791689627e-01	   2.4835340484784552e-01	   4.6257882843723408e-01	   1.1869363958374321e-01	   4.4946427492146745e-01	   1.4697915863773536e-01	   2.6081096080850530e-01	   1.6459402485516528e-01	   2.7322321398694047e-02	  -2.6181124358248802e-03	   1.5737753222751988e-01	   1.1661973851333142e-02	   4.7914250144063814e-01	   2.7106165937244192e-01	   1.5541706798426758e-01	   1.7817846347368499e-01	   2.0001750735385543e-01	   1.1240888628957853e-01	   1.3928167390890742e-01	   5.7254404798599778e-02	   1.9174268648156648e-02	  -5.9147421269962745e-02	  -5.0081448745542279e-01	   2.5425380113892609e-01	   2.6656317232661930e-01	   3.2817938482556630e-01	   1.9892383454831808e-01	   1.5062173564161865e-01	
   6.4955881343102995e-01	   2.4718536816378284e-01	   6.1002266227428104e-01	   3.7677969082251489e-01	   4.8404215471244438e-01	   2.0763123618195672e-01	   7.0830548661660808e-01	   3.6734568097800446e-01	   6.6531132501690493e-01	   2.5036924925052439e-01	   0.0000000000000000e+00	   4.3740547722703305e-01	   7.3282417860259375e-01	   3.4765636260867028e-01	   5.0484384475141231e-01	   1.8688046920224718e-01	   1.4561725564848371e-01	   2.0161394841627278e-01	   5.2257961708331147e-01	   2.8397619439212929e-01	   3.1405860121479368e-01	   2.9415365637053156e-02	   2.5933923571727646e-01	   1.1708222876159038e-01	   1.0210890205739584e-01	   9.2904133400310840e-02	   2.4988361095141409e-01	   2.0920529632815776e-01	   5.4013189544006268e-01	   4.2644793371905432e-01	   3.8333692514337603e-01	   2.4308574631866947e-01	   3.1346763025526553e-01	   3.6539754599954022e-01	  -7.4370128553367054e-02	  -1.2495743235403117e-01	  -1.0545443337717675e-01	  -1.3464711029138327e-01	   2.4824299094739344e-01	   6.1973804838917852e-02	   6.4743815166653007e-02	   2.6270976158280224e-01	   1.5682845596215791e-01	   1.3806160239777859e-01	   1.6964671096634915e-01	   1.4378875195625473e-01	   2.1164305932544752e-01	   2.6767050705527595e-01	   3.9302902725834798e-01	   3.0011771484601951e-01	   2.8170776948337328e-01	   3.3340252152716243e-01	   3.5930763053340609e-01	   3.3173882507322527e-01	   4.7237889775162167e-01	   2.5407156393464642e-01	   1.7122078737505689e-01	   1.9893128050876063e-01	   5.2499255989911930e-01	   2.8117499795055079e-01	   5.4456613824292821e-01	   3.2312470816740052e-01	   4.8059929772053922e-01	   3.3397222437439356e-01	   1.0070178301977786e-01	   6.4681530552613609e-02	   2.0303535817465915e-01	   1.7634538881882884e-02	  -6.3689487250779733e-02	  -4.5581461338377274e-02	   6.0826901501232489e-01	   2.8560662470965559e-01	   4.7863462229730053e-01	   4.5463020660576448e-01	   4.6839967554372253e-01	   3.7043886781752322e-01	   7.1656734618410545e-02	   4.5335362373665949e-02	   2.2832451996940689e-01	   3.0472194075698988e-01	   9.2341897420419178e-02	   3.0024220848777394e-01	   2.1851692984288984e-01	   9.2047771960969041e-02	   3.2159052812293437e-01	   2.4622709033285156e-01	   4.5154982170301748e-02	   1.6320189592596890e-01	   1.8680937600710340e-01	   3.4459449098638473e-01	   2.6920372271428561e-01	   3.9568762448038286e-01	   7.6244260941275510e-02	   2.9863825678975392e-01	   2.7924617658517108e-02	   1.5192355047561487e-01	   3.2488275269739114e-01	   2.6652687093144156e-01	   3.2339168872505392e-01	   3.7331608000565647e-01	   3.1208298185444622e-01	   4.1614532850974528e-01	   3.2506620670298414e-01	   2.6853017589069217e-01	   2.1765783849881223e-01	   7.3820709243835644e-02	   8.8363157205810661e-03	   1.7272863632292162e-01	   7.7326662700130267e-03	   1.3938025405038257e-01	   4.0336438461781580e-02	   3.2519498556083287e-01	   2.2965991631295990e-01	   1.7307504481738675e-01	   6.4776497251291920e-02	   1.6433799831531237e-01	
   4.8722091092965958e-01	   2.9642553040322017e-01	   2.5826259060819490e-01	   4.6713605196331126e-01	   4.2124438033630007e-01	   4.9137321290721947e-01	   3.5664230010428882e-01	   5.4704434902295218e-01	   3.5336147084034708e-01	   4.9920537988419389e-01	   4.3740547722703305e-01	   0.0000000000000000e+00	   2.7660531629309387e-01	   7.7301202787717260e-01	   3.1613403150784258e-01	   5.0066562757132704e-01	   9.8873832072398388e-02	   2.5041218265746429e-01	   3.0838590148832146e-01	   3.1934364649215380e-01	   1.3818026368895137e-01	  -9.4399388518713271e-03	   7.4128039605499962e-02	   1.7713258056643738e-01	   5.7573835669350953e-02	   9.8567708479724611e-02	   8.6679881199276027e-02	   1.5095238073055089e-01	   3.5531562719074972e-01	   5.4579666104365887e-01	   2.4092161696143022e-01	   2.4458673726381280e-01	   9.3300540662575870e-02	   2.4925074080596796e-01	  -1.9141337231513073e-01	  -1.4708095278171507e-01	  -8.1587327804030461e-03	   2.7024354573706073e-02	   1.8851467139149272e-01	   1.5267889293435688e-01	   1.6635345536821219e-01	   1.6163238158760138e-01	   9.0428807516097817e-02	   1.3819726248353020e-01	   2.0377879036670255e-02	   1.3107095367417809e-01	   1.8427023357640288e-01	   2.4059841913019939e-01	   3.0895756923215362e-01	   4.7893996152803486e-01	   1.9625413891970517e-01	   4.7915861887649014e-01	   3.9605756940213704e-01	   3.9605620513121592e-01	   3.5042990514052319e-01	   4.2092298165160436e-01	   1.7398490804915887e-01	   1.2343926892508020e-01	   2.1751020420132122e-01	   5.0829723431998797e-01	   2.2710660237167565e-01	   5.6240977869814845e-01	   3.5370009772628741e-01	   6.0610401117393642e-01	  -1.5188764798753976e-01	   4.1244845911124400e-02	   2.5187232489736935e-02	   3.0969127820171763e-02	   1.2578299193815329e-01	   7.8387108443472506e-02	   3.7453979453784858e-01	   3.5905859406905966e-01	   3.0947676672924129e-01	   5.0369675193470642e-01	   3.8952253293226446e-01	   4.4206334340468956e-01	  -6.7692734744924682e-02	   2.1891103302456496e-02	   1.9187438193148232e-01	   3.0006220126817218e-01	   2.8521335122537078e-01	   3.7672261975486820e-01	   2.1072119495122940e-01	   2.3463319987590142e-01	   2.4111102457864458e-01	   1.7372010561959961e-01	   7.0154925905008048e-02	   1.0048852254525145e-01	   1.5678886889867760e-01	   4.1960897024483740e-01	   5.4660918065566566e-01	   2.9587119556014285e-01	   3.1854869676851616e-01	   1.1677968723804708e-01	   1.2808474980806261e-01	   1.1973312825659785e-01	   2.5659009344183825e-01	   3.3411685480241288e-01	   4.7820839341251620e-01	   4.7669457059024206e-01	   5.2395341452482169e-01	   3.1543589597647814e-01	   4.1815263644818745e-01	   3.2168515868358472e-01	   1.3536930229059541e-01	  -4.1085523711681698e-02	   9.0577067065232816e-02	   1.2537046161799256e-01	  -9.3418049671302836e-02	  -8.2078592221875274e-02	  -1.5331222124917548e-01	   2.0734114434971529e-01	   1.7766083315202652e-01	   2.0245455917420457e-01	  -6.7341397818209719e-02	  -1.4896057835778109e-01	
   4.1796458165441730e-01	   4.6778755890492886e-02	   5.9125447766004302e-01	   2.2729148762379342e-01	   3.9493474889424152e-01	   3.3835442285140149e-01	   7.5507709843390147e-01	   2.3689872824646618e-01	   5.2044438809092908e-01	   2.8016628737706824e-02	   7.3282417860259375e-01	   2.7660531629309387e-01	   0.0000000000000000e+00	   3.3829715911339264e-01	   4.9342403672199409e-01	   2.5761161111441239e-01	  -2.0703243463719628e-02	   7.3402359340386830e-02	   4.3955692110408995e-01	   5.9090901636308507e-02	   3.5222844040267232e-01	   2.6947443178439764e-02	   4.4013240119069164e-01	   2.3473625651473576e-01	   2.5085754756852990e-01	   3.1022562321097868e-01	   4.3003972460178930e-01	   4.0744565015342621e-01	   1.9066212660627263e-01	   2.7463998931359451e-01	   4.2834285817146384e-01	   3.3606728708400369e-01	   4.5481962844696872e-01	   3.2977501548337251e-01	   3.1424492904368179e-01	   2.4267034666469012e-01	  -3.0259023036022258e-02	   1.1913458319807566e-01	   2.4645804266206117e-01	   1.6409308036980766e-01	   1.5032254136874099e-02	   2.3572489078661801e-01	   2.2270228785128043e-01	   2.2441813593515622e-01	   2.1267857326300710e-01	   5.9872727359417233e-02	   9.9882040616743689e-02	   1.6443439932355328e-01	   2.4653791497494856e-01	   1.5564793654445880e-01	   2.9028765589412664e-01	   2.2020526043542521e-01	   1.5907625424948432e-01	   1.7974673114328021e-01	   4.6660739297097176e-01	   2.2551424579148871e-01	   4.2414719378321376e-03	   8.4589011231850312e-03	   5.5106443519438841e-01	   8.0747221179542750e-02	   5.0396248342822703e-01	   1.7723907667931293e-01	   9.7679545883413474e-02	  -1.5991424969755665e-02	   4.6720488701735818e-01	   3.0393228555581964e-01	   3.5319270824739035e-01	   2.1495785656112021e-01	  -1.6489934654368438e-01	  -2.3976680560433172e-01	   5.3267844480396620e-01	   3.3244074376035510e-01	   2.9038323856246306e-01	   3.1850428555983035e-01	   4.2600062427480695e-01	   4.3617003766438212e-01	   3.1925983692408472e-01	   2.6353296366756135e-01	   1.7810464838473483e-01	   2.4827135132001366e-01	   5.1694169358694669e-02	   2.7045335320543762e-01	   2.0891582075141954e-01	   2.5263918146484676e-01	   3.7861961422564627e-01	   4.5772844200261037e-01	   1.6806915512008627e-01	   2.9088308188560935e-01	   3.7911070005000752e-01	   2.3396805273517896e-01	   2.4188925556594840e-01	   4.4583457396343279e-01	   1.2675405861327896e-01	   3.7924852499885398e-01	  -1.6525240901923205e-01	  -9.0449588406979458e-03	   3.4057563684312800e-02	   1.3582262961042202e-01	   1.1762416336066728e-01	   2.0378994286659802e-01	   1.9972034017248874e-01	   3.4502723576327227e-01	   2.7704115371444915e-01	   1.5509544226326943e-01	   2.1865681340018786e-01	   9.3643280250509373e-02	  -6.0335484866619139e-02	   3.6951526949328441e-03	  -7.6006419024254201e-02	   1.4730672350353708e-02	   2.3809677374770433e-01	   1.1432780754780333e-01	   1.7692479312283449e-01	   3.7170902095524809e-02	   1.5055062944847517e-01	   1.2164091638739531e-01	
