   0.0000000000000000e+00	   8.5953101576365887e-01	   2.6492251971722169e-01	  -1.7168731050533304e-01	   3.3878365668414262e-01	   3.2822052057547391e-01	   2.7671473411601322e-01	   1.7334182493714045e-02	   4.5330192740476671e-01	   6.6668214403961784e-02	   3.9806029108396257e-01	   4.3725402352257137e-01	   5.6030803768596449e-01	   1.7084594602724104e-01	   4.4583754360751010e-01	   2.0924247710598887e-01	   7.1747461049914463e-01	   6.8518410784042183e-01	   7.5271793258370423e-01	   7.6296168888205940e-01	  -3.3437211806855127e-01	  -2.7229175510478876e-01	  -7.6743506993157962e-02	  -3.2966777856453250e-01	  -1.2067180364344170e-01	  -1.7611421233622210e-01	   9.8641453658131262e-02	   1.4566440980771422e-01	   7.2380114035481036e-01	   5.8055262864399837e-01	  -2.2738984129366593e-01	  -3.7810787683550312e-01	   5.5098734432443175e-01	   4.2775129509576704e-01	   8.6635360506581740e-05	  -1.3288591567056571e-01	  -2.7777114420863058e-01	   1.4642441430852682e-02	  -2.0623581087531082e-01	   5.6210709530440876e-02	   5.4961180776982954e-01	   4.0004708871446826e-01	   1.2457878711617576e-01	   2.8977339695459203e-01	   1.1407186690314905e-01	   2.0338742450486241e-01	   3.2983206903152201e-01	   2.8127234389663158e-01	   3.7458110293368879e-01	   2.4491185249547065e-01	   2.4910380935069149e-01	   1.2589550612577965e-01	   4.5449483377616084e-01	   5.5657640239696354e-02	   2.1884729972002645e-01	   3.6591716400011887e-01	   6.9146729955377129e-01	   7.0862922517823290e-01	   7.7533414806415191e-01	   6.4382616931429226e-01	   6.7640733684934307e-01	   3.9153317285361405e-01	   6.1071236139354579e-01	   6.2457492666163150e-01	   3.4688014159499889e-02	  -9.4304029440351378e-02	   4.1495328374557006e-01	   2.0050934923047062e-01	   7.0007562918640398e-01	   4.8736142071921429e-01	   1.9768774419102586e-01	   3.0387981875065091e-03	   7.4335103473215514e-01	   6.3288897142592715e-01	   7.8488622366310024e-01	   6.8579107307603526e-01	   6.5078984295062758e-01	   3.4460762458754080e-01	   6.3039226118085279e-01	   5.0239762451843595e-01	   7.0750475897015974e-01	   6.2735450976025919e-01	   5.9184573179903055e-01	   4.4197353243088289e-01	   1.0908139540606424e-01	  -1.6686459930872664e-02	   3.0657002772909378e-02	   3.7569963871997292e-02	   4.2671462831596557e-01	   5.8538022896706066e-01	   4.9473371434329355e-01	   4.9690620877468317e-01	   4.4076316169250659e-02	   4.0663637918388018e-01	  -2.9617828257097779e-02	  -8.4987947456634086e-02	   2.0827353334590132e-01	   2.2441106446682249e-01	   5.3089983611410718e-01	   6.2402299654900817e-01	   2.2676523938937374e-01	   7.2109611308940735e-01	   6.5599304532337932e-01	   7.5432019513809845e-01	   9.8715080335820646e-02	   1.4228609887434307e-01	  -3.8267473137352334e-02	   1.7408821371948602e-01	  -1.3128486774128079e-01	  -2.3391815011465150e-01	   2.4147578299004888e-01	   4.4498886155438777e-01	   4.2549247453210293e-01	   3.4145069665442013e-01	   1.8852264693061208e-01	  -4.1557799054920668e-03	
   8.5953101576365887e-01	   0.0000000000000000e+00	   1.8831344698502381e-01	  -6.8037528912725104e-03	   2.3629972112004327e-01	   4.3911209345420454e-01	   2.0155832041669758e-01	   2.1137380826449922e-01	   3.1171937623955998e-01	   2.2007976161437223e-01	   3.2864017391185779e-01	   5.6748653896058232e-01	   4.3509595725437861e-01	   3.1014341361925923e-01	   3.2378892262623860e-01	   3.2036453336613596e-01	   6.8143571215210053e-01	   6.2584030472101371e-01	   6.7588431840679897e-01	   8.2933581025958347e-01	  -3.2014394600932661e-01	  -3.2843597775000636e-04	  -7.9966578894971274e-02	  -1.8973353034163001e-01	  -1.2277694351668728e-01	  -9.4888463200394901e-02	   5.3812328339308241e-02	   1.0858641288355181e-01	   6.3717456107999748e-01	   5.6165849261838185e-01	  -1.4194456035910363e-01	  -2.0012264382824835e-01	   5.1725524596330064e-01	   4.8498646491442166e-01	  -7.0014556743283093e-02	  -6.8967957287940029e-02	  -8.4348798093024369e-02	   2.0436024324251753e-01	  -9.9342502967085883e-02	   1.3659984909160303e-01	   6.3892306032425628e-01	   6.1296350493451646e-01	   1.4118424874640176e-01	   3.6721501883901320e-01	   2.0549172312396652e-01	   3.4553287165930080e-01	   4.4284555869154940e-01	   3.5604380089893400e-01	   4.5003828898504428e-01	   4.2190555557364107e-01	   3.3854302961653404e-01	   2.7776667230205027e-01	   5.1238626060860248e-01	   9.2670782915961758e-02	   3.3164184200056440e-01	   4.6478744599893174e-01	   6.8734096841757064e-01	   7.1349816592587556e-01	   7.3069525395138379e-01	   7.1392328649486514e-01	   5.8504789527563006e-01	   5.1597866403239223e-01	   5.3659843952570563e-01	   5.9827819119117254e-01	   1.9734498078074113e-02	   7.6363010269973983e-02	   4.1900886399796583e-01	   3.1601511122208004e-01	   5.8488565306773721e-01	   4.7880720220200057e-01	   1.5149019292874946e-01	   1.4467914943155474e-01	   7.1363821218796175e-01	   7.4537696252652386e-01	   7.4162460583396306e-01	   7.6583591523286754e-01	   6.2900503033989086e-01	   5.1939998577335111e-01	   6.5021717509066779e-01	   3.7744753008582521e-01	   6.5966345405011584e-01	   6.0995930341682414e-01	   5.4746451489736525e-01	   4.9822323976373095e-01	   1.6852450536704006e-01	   8.0504036621170283e-02	   9.0519019980628043e-02	   8.7962652711972802e-02	   4.4238330401659531e-01	   6.4697309615205256e-01	   6.3973579682647763e-01	   4.7165753944380839e-01	   2.2067897868259884e-01	   2.8754502123026315e-01	   1.2821671909039700e-01	  -1.0395538167020756e-01	   3.6289980113358922e-01	   3.1236168882232157e-01	   6.1581198519561742e-01	   7.0366085182087423e-01	   4.5435660411582801e-01	   6.2672246186496072e-01	   8.0069924563167194e-01	   7.2904915725536878e-01	   2.3143589520184704e-01	   1.6890553167026079e-01	   2.0717106466239432e-01	   2.1884295880182952e-01	  -7.0721349893881680e-02	  -3.2571518076051409e-02	   2.3499096570379224e-01	   4.7747003559348261e-01	   5.3198979853061412e-01	   4.5242780226611623e-01	   2.3391600791961867e-01	   1.5119626147051249e-02	
   2.6492251971722169e-01	   1.8831344698502381e-01	   0.0000000000000000e+00	   5.6846237151178147e-01	   5.8885528718214553e-01	   3.0017201464895060e-01	   8.0914744798562155e-01	   3.7247513876130034e-01	   7.7673115010363336e-01	   3.7245059293315663e-01	   3.8526868515846019e-01	   6.8513433490943909e-02	   4.4108619503410984e-01	   2.7396332153199288e-01	   7.2846876479769884e-01	   4.6013153587974787e-01	   1.1959404222769007e-01	  -2.6753572354822437e-03	   2.3202330415682387e-01	   1.7483109702371186e-01	   1.0815445447157844e-02	   1.7517472448160623e-01	   8.1022438906371985e-01	   5.2189759772924060e-01	   4.1267472796139187e-01	   4.7228769759491307e-01	   4.5549435746418776e-01	   3.2857616672622014e-01	   7.3274784646598645e-02	  -1.9551625419118257e-02	   5.7603443495187912e-01	   3.8218258796590876e-01	   4.3699104536510835e-01	   3.4833239218488887e-01	   6.0106114949244882e-01	   4.4545850139205356e-01	  -1.4226007894121140e-01	  -4.8289552639171160e-02	   1.7316122365277704e-02	   1.7079708976374408e-01	   1.4588305772871235e-01	   1.6639798502822079e-01	   1.6149976125737694e-01	   1.6561373973353616e-01	   3.3281661414988528e-01	   2.8032272405791708e-01	   1.4665502601460612e-01	   1.6607253165137106e-01	   1.9726944203240226e-01	   1.5578268504231435e-01	   4.2548220141420212e-01	   3.5726003222481395e-01	   1.7799231297972157e-01	   5.6982200188298610e-02	   1.7416825258139090e-02	   2.0268388238734150e-01	   1.1003174685848306e-01	   1.3817849684187622e-01	  -1.7309837829332826e-02	  -8.8455731719557090e-02	  -1.3222977167373839e-01	  -7.8227706644517239e-02	  -1.5246265551404803e-01	  -1.3765447192781777e-01	   7.0254237721410706e-01	   2.8173518166872058e-01	   4.6482867968034197e-01	   4.1193971139849273e-01	   3.8421373700780576e-01	   7.2234162190852036e-01	   3.2011988579963180e-01	   1.7099078529532843e-01	   1.6311192781858819e-01	   5.3893861272750386e-02	   1.9626468372259609e-01	   9.3859990869722104e-02	   2.0644917131981852e-01	   1.5288261600128350e-01	   1.5624874589919657e-01	   6.1915937854736383e-02	  -8.8802817317790148e-02	  -4.1483465312507725e-02	   2.6377555590467905e-01	   1.4955608821948632e-01	   4.4406461033162076e-01	   5.4587192364394510e-01	   2.1085690346145555e-01	   2.4324345319799079e-01	   5.3016727291454224e-01	   4.1960307886644810e-01	   2.7707742100223776e-01	   6.1094473005364647e-01	   4.6753152286608513e-01	   7.5616465383287434e-01	   1.8879567380972348e-01	   1.3722291224983602e-01	   1.3569246753870490e-01	   1.1088777512931469e-01	   5.5052593370724781e-02	   1.5538948530033694e-01	   2.3764695544164197e-01	   4.7830466378137426e-01	   1.7450254993457048e-01	   2.4344793629005546e-01	   2.7821673950063208e-01	   3.1654076031518075e-01	   1.1399474387118171e-01	   2.2118809383935560e-02	  -9.6649654855012715e-02	  -1.7575020690394128e-01	   3.3120188757019664e-01	   1.7607513595735746e-01	   5.3759451095900912e-02	  -2.7672843655611040e-02	   7.4068151212026825e-02	  -8.5078560150939106e-02	
  -1.7168731050533304e-01	  -6.8037528912725104e-03	   5.6846237151178147e-01	   0.0000000000000000e+00	   3.1053020119738439e-01	   4.2824756610267101e-01	   5.7163855192797119e-01	   7.5372070889344767e-01	   2.3351697952408815e-01	   4.7780033017816026e-01	  -3.4356539926763158e-02	   1.6039184779800630e-01	   1.6097235541238056e-02	   3.5467711286504233e-01	   1.2121369033858120e-01	   4.7383196787962295e-01	  -1.0037266935390318e-01	  -2.9031490161859602e-01	  -1.3929407338563143e-01	   8.2715468285053065e-02	   1.7512679703005261e-02	   4.0781822799838496e-01	   5.5047210429708149e-01	   7.4129889640543922e-01	   2.7347276473408577e-01	   5.6464709673528013e-01	   1.7175127175636934e-01	   2.1734936415738604e-01	  -1.4448357401979084e-01	  -2.9027335750483919e-02	   6.0618190879284684e-01	   6.9241012131605728e-01	   4.2306552860027002e-01	   5.2345667649306171e-01	   3.6472496983993580e-01	   6.3386835877770165e-01	  -2.4484276011091440e-02	   1.4279887409907008e-01	   1.5881386882706747e-01	   2.4854531830690108e-01	   1.6857209912013635e-01	   2.8659062768510823e-01	   1.7552899173342429e-01	   2.0342986554313225e-01	   3.8971191302401348e-01	   3.7585261944617820e-01	   1.5996672125306563e-01	   1.6919628095367562e-01	   1.3912192381122956e-01	   2.2106321905783713e-01	   2.4770061435934126e-01	   2.5342988557828294e-01	  -2.3881501790949111e-02	  -2.1293015089212239e-01	  -8.9760151200918736e-02	   3.0281707222509557e-02	  -1.8580988055751388e-01	  -1.6624691399901242e-01	  -1.3916101711053921e-01	   5.1995052656356157e-02	  -1.7267851308016835e-01	   2.3148512618345207e-01	  -1.3053035743142377e-01	  -1.2731800400963186e-01	   4.5972903516450464e-01	   6.3834443487622372e-01	   5.7555250079171594e-01	   7.0159687962729789e-01	   8.2211674568104173e-02	   5.2653858435647194e-01	   1.4792754414964421e-01	   4.1344084753481708e-01	   9.6905788375474550e-03	   1.2076110472373719e-01	   2.4915446075620483e-02	   5.9225795895049109e-02	  -5.9740897347621315e-02	   2.9735346664335538e-01	  -2.9053517443096418e-02	  -1.1828202328394491e-01	  -1.1459366607122386e-01	  -1.0040443145696271e-01	  -5.9741538042205479e-02	   6.4261501300384535e-02	   3.7158469535541222e-01	   6.9766006718343787e-01	   7.9149960562834215e-02	   1.9330500221015290e-01	   2.2908154036566802e-01	   3.1369051972616868e-01	   3.4603325150513009e-01	   2.0718711725531552e-01	   6.8238019167642261e-01	   2.4646089511069286e-01	   1.2894082235207804e-01	   1.7848509730865442e-01	   1.2651073373976168e-01	  -7.5191270287857589e-02	  -6.8605620491507147e-02	   4.1984660041471483e-04	   5.1635695509744062e-01	   1.2979797526886891e-01	   1.3941782249271678e-01	   1.4117492325986757e-02	   2.7832926251947271e-01	   6.1295852645119588e-02	   1.6020801119976613e-01	   1.1138571648303461e-01	  -8.0321333186509913e-02	  -1.3359258005762209e-01	   2.1973134636828293e-01	   1.6879684614120230e-01	  -1.4431587562548179e-01	  -2.4879739085872304e-01	  -1.8952200198325359e-01	  -1.6883805994840342e-01	
   3.3878365668414262e-01	   2.3629972112004327e-01	   5.8885528718214553e-01	   3.1053020119738439e-01	   0.0000000000000000e+00	   4.9350392156021761e-01	   5.5809248645741594e-01	   1.1492167217789306e-01	   7.7947972572272317e-01	   4.7461031788678509e-01	   4.9934542971234935e-01	  -2.8310331450513253e-02	   3.9104078003764609e-01	   2.2571425975200604e-01	   6.1030588191666579e-01	   4.8758185355025896e-01	   2.4271575233978360e-01	   8.9582126795160408e-02	   3.4806686744255816e-01	   2.9235614693146356e-01	  -3.1192303190495319e-01	  -9.5800771105691920e-02	   5.5142923343434103e-01	   4.2541831853108775e-01	   2.8831194669167726e-01	   2.3541484461232060e-01	   5.2898037099605544e-01	   4.8417563829423443e-01	   1.8955772234004734e-01	   7.0724001974203740e-02	   1.7425440458304414e-01	   8.0656041019236221e-02	   2.3476105344028431e-01	   1.0087895940738165e-01	   2.0102948397415898e-01	   3.7385378315002910e-02	  -3.9509093733235540e-01	  -1.0242137521318587e-01	  -3.5233396820346929e-01	   1.4076965144953612e-02	   1.1307445256986987e-01	   1.4954338779163276e-01	   2.2582609038361984e-01	   2.0194083549261133e-01	   3.0281670305802000e-01	   2.3667600977512349e-01	   2.6623608532788623e-01	   2.5769787600893046e-01	   2.8674265665845411e-01	   2.2034985774183391e-01	   3.0933866519739128e-01	   1.8623896883984700e-01	   3.3933933087103296e-01	   3.0535421844667243e-01	   1.1889537217312649e-02	   3.0958159506245170e-01	   2.3847282740068179e-01	   2.9468284051087856e-01	   9.0499459006834260e-02	   4.1728995127803023e-02	  -5.4850978675337010e-02	  -4.5678433907663012e-02	   2.6014162137342951e-03	  -9.7870452662194921e-03	   3.8844266828946461e-01	   7.9706266734021008e-02	   2.4914182215802610e-01	   1.3237535576437365e-01	   4.1223185519345429e-01	   5.7023734776807578e-01	   3.2383263484238023e-01	   9.2461114132950745e-02	   2.0706135138379619e-01	   5.7162394494847626e-02	   2.5780407028211239e-01	   5.7165086122725910e-02	   1.6403226160439108e-01	  -5.7634178612278611e-02	   1.2389088793888155e-01	   1.2365901101484121e-01	  -2.8624939691097508e-02	  -1.5416654906456190e-02	   3.0464166871358694e-01	   5.2612344276600143e-01	   3.2774637158691855e-01	   3.8886757479766565e-01	   2.3289479766469201e-01	   6.4409028354793496e-01	   2.0667541518103283e-01	   4.9747342712111542e-01	   3.1546122897742107e-01	   6.3085563172847503e-01	   3.1680220060744169e-01	   6.3897168098755019e-01	   8.0475473882340776e-02	   2.1252180931321314e-02	   4.3362399520153042e-02	  -7.0202152866867484e-02	   1.0316975163037634e-01	   2.4087436496721304e-01	   9.4008703418238443e-02	   6.2194242394426147e-01	   2.5474375414602146e-01	   4.2164835004420570e-01	   2.3829447095386869e-01	   2.6767505837883354e-01	   4.2273722230984717e-02	   3.7350795592968805e-02	  -4.0524673135545053e-01	  -2.7227125157908511e-01	  -5.8780278690649279e-02	   9.3305093069108253e-02	   1.4980115623733348e-01	   1.7683806002041752e-01	   1.5905487390465947e-01	   1.6728998139605277e-02	
   3.2822052057547391e-01	   4.3911209345420454e-01	   3.0017201464895060e-01	   4.2824756610267101e-01	   4.9350392156021761e-01	   0.0000000000000000e+00	   3.9174465388944618e-01	   5.8476153140526965e-01	   2.8659020942338981e-01	   8.0441377439913941e-01	   1.9700435018321288e-01	   4.7089170984265605e-01	   3.3319400477761263e-01	   4.9828262769552123e-01	   3.2843579492468311e-01	   7.3502088767390727e-01	   2.5556636298692614e-01	   6.2247248504123415e-02	   3.3957506736825316e-01	   4.9063500266191945e-01	  -3.4738683319271696e-01	   2.0176498653750885e-01	   2.8661231684897703e-01	   3.5661398452954030e-01	  -4.7131861473017810e-02	   2.0008341846064709e-01	   1.0431355538309653e-01	   3.0950826969936873e-01	   3.7281714189534759e-01	   4.1945210824838941e-01	   2.6324022369489991e-01	   2.9926506230142846e-01	   3.8509166816763729e-01	   3.9691691998366929e-01	   1.4786370585972652e-01	   2.5520010377325453e-01	  -2.4336653261512586e-01	   1.6997008578515410e-01	  -1.8333659598264901e-01	   1.3174523878397046e-01	   3.7080540659792133e-01	   5.4221566721750758e-01	   4.4166204047861056e-02	   1.3785705369243548e-01	   2.4032323760912072e-01	   2.8063911471358866e-01	   2.1849674173230851e-01	   1.5298668607487304e-01	   2.7900255069795371e-01	   2.8808582486322898e-01	   2.1423537880611782e-01	   1.1189074621972138e-01	   1.9758616814937416e-01	   7.8089088173127860e-02	   2.1681851566633444e-02	   2.5039991734248607e-01	   2.1016328262321649e-01	   1.2584437090623224e-01	   3.0276421622001171e-01	   3.5137719180605137e-01	   1.6337677404865625e-01	   4.8819169478424629e-01	   1.8995056125656085e-01	   1.8551839536051279e-01	   3.5008799131598489e-01	   4.5961616747361145e-01	   3.1621811732741961e-01	   3.3888077946564077e-01	   1.7923637265809236e-01	   3.8880073494270734e-01	  -4.3409647846491442e-02	   3.3061813688710667e-01	   3.3229241851514568e-01	   4.5024745298530156e-01	   3.9918204785159705e-01	   3.6627745342465912e-01	   1.9923163957524315e-01	   3.3701020456785086e-01	   1.9511900068365373e-01	   2.5435000916474392e-02	   2.2151315909716041e-01	   1.9581534181841756e-01	   2.4635491751186597e-01	   4.8988155498134678e-01	   1.6067477316743001e-01	   2.9836057060845622e-01	   8.0505424512776119e-02	   3.6268135628030868e-01	   2.0178956242599644e-01	   4.8054583355903280e-01	   4.8905810354986101e-01	   2.2864060994152385e-01	   4.8853252163984762e-01	   1.8879181439615561e-01	  -9.8301589251203383e-03	  -6.4240776320136639e-02	   6.3293648128789570e-02	  -1.3328852090902721e-01	   1.6166109966418696e-01	   2.4170541481893906e-01	   4.6756007622587903e-01	   5.0832269041732159e-01	   4.7636891327885172e-01	   3.6088064759811750e-01	   2.0518689686994943e-01	   1.0894147795608164e-01	   9.2597770559788489e-02	   1.9515276750400606e-01	  -3.3677753781549813e-01	  -2.0801448540516759e-01	  -9.8457470058170737e-02	   1.3984796586891979e-01	   2.9273507509962249e-01	   9.3632132251201816e-02	   5.4605397859927476e-02	   1.3136879659269973e-02	
   2.7671473411601322e-01	   2.0155832041669758e-01	   8.0914744798562155e-01	   5.7163855192797119e-01	   5.5809248645741594e-01	   3.9174465388944618e-01	   0.0000000000000000e+00	   5.8366585169915852e-01	   6.3627828117665808e-01	   4.0122943086723500e-01	   3.1092287986466122e-01	   3.3339979756246052e-01	   6.0682191397521845e-01	   4.2616245398919739e-01	   5.5456081600014939e-01	   4.2003908964602821e-01	   1.3405408178822054e-01	   4.0201123562548000e-02	   1.5394437987910251e-01	   1.9292903072201101e-01	  -1.6933064187208902e-01	   1.9303209561926972e-02	   4.8757208582997613e-01	   3.0390019812030078e-01	   3.8049342867735987e-02	   1.5146339650001572e-01	   1.0969722282277447e-01	   1.1230792045392020e-01	   2.5235444385129102e-01	   1.1905074932216360e-01	   2.7935890723106110e-01	   1.7015418639778146e-01	   5.4347394260571680e-01	   4.7500191798500768e-01	   3.7144547292581931e-01	   3.4055776623513789e-01	  -3.0647521644690501e-01	  -2.1930623467509364e-01	  -6.4366034764959848e-02	   9.4104348355413939e-02	   2.1565669483081451e-01	   1.5044140896320646e-01	   5.5507980964120913e-02	   1.5803422539269263e-01	   3.7551544846814255e-01	   3.4923683593579302e-01	   1.4958585674046737e-01	   1.7935007652795029e-01	   3.6554937760476197e-01	   2.5855174576302214e-01	   3.5332230113722435e-01	   3.1428228345761944e-01	   1.6797251671718105e-01	   3.4052246436000869e-02	  -5.9765439600793800e-02	   1.4205620469166100e-01	  -3.4680265752316933e-02	   6.8504870103007320e-02	   1.3085848350059862e-01	   6.8138833234681020e-02	   6.3037525849326164e-03	   2.0670688820489497e-01	   6.0715688949233446e-02	   1.2396345522450912e-02	   7.4798025615523156e-01	   4.6376316661925121e-01	   5.6874639037910724e-01	   5.1128311414373118e-01	   2.2687456709845927e-01	   5.9128949286696175e-01	   1.0629426272578665e-01	   1.3529501138871092e-01	   2.0290542831105268e-01	   1.4605301177713426e-01	   2.5606344478506654e-01	   1.5015135048952485e-01	   1.0457079257096963e-01	   1.1369683890294527e-01	   7.5831973828549254e-02	   6.6091939082622370e-02	  -2.3738758245638917e-03	  -5.7369267260796710e-03	   1.7827114152027229e-01	   1.5899451247384744e-01	   1.5479136771463275e-01	   4.6604508351236595e-01	  -1.0813453936500367e-01	   1.2292866635571739e-01	   3.5150159935123376e-01	   3.8328314890972992e-01	   1.9247245635728572e-01	   4.8869087712101367e-01	   4.1839612355961631e-01	   5.9652633497644247e-01	   5.8982817304715045e-02	   1.9005644937167893e-01	   1.0614296723559298e-01	  -5.1477930592791626e-02	  -3.9275698082057459e-03	   1.0762889871998391e-01	   3.6052500439221297e-01	   5.9729809650327415e-01	   1.8546750777300841e-01	   2.5487583724274804e-01	   1.7966261168825509e-01	   8.7169204185775812e-02	  -5.5253714540590318e-02	   5.7982438609238768e-02	  -1.4882908487165442e-01	  -3.2994045784969273e-01	   1.6519114779942798e-01	   1.0285041036792000e-01	  -6.3113555597617360e-02	  -1.9463076617158487e-01	  -1.2879984350700274e-01	  -1.6818956992078071e-01	
   1.7334182493714045e-02	   2.1137380826449922e-01	   3.7247513876130034e-01	   7.5372070889344767e-01	   1.1492167217789306e-01	   5.8476153140526965e-01	   5.8366585169915852e-01	   0.0000000000000000e+00	   8.6842716344964682e-02	   5.3051824562182692e-01	  -4.5871315012969364e-02	   6.3366334954614201e-01	   2.6504280811126646e-01	   6.2009599085114586e-01	   7.2587623417647573e-02	   5.2522679645796910e-01	  -3.0260734427537343e-02	  -1.2991977914249547e-01	  -1.0793349403273086e-02	   2.2253270215871437e-01	  -1.5772772199553814e-01	   3.4651234984068652e-01	   2.3173971846428354e-01	   4.0101900437757781e-01	  -1.6907476115348974e-01	   2.2527617775920852e-01	  -2.5048681855056826e-01	  -1.0771138044617798e-01	   1.7570450234291463e-01	   2.6994900611610373e-01	   3.6424345253666512e-01	   4.6318227727096983e-01	   4.9036781815072078e-01	   6.3577739282058054e-01	   2.5950087555394219e-01	   6.0204925464296721e-01	  -4.5713334363271844e-02	   3.2302694139066168e-02	   1.8924501011065209e-01	   1.9494245688196743e-01	   4.1674797497700411e-01	   3.6425578620668719e-01	  -2.6152093627905319e-02	   1.8157942017353693e-01	   3.5586068777414059e-01	   4.4279265239877857e-01	   1.3138146720520408e-01	   1.5711753125100525e-01	   2.5627475917150361e-01	   3.0488746026399538e-01	   2.0361868332653887e-01	   2.6347127411019372e-01	  -5.4583307215503064e-02	  -2.7557494646565334e-01	  -7.4900850571116659e-02	   6.6075952100371205e-02	  -1.5077562042183631e-01	  -1.7199734836999936e-01	   9.2556899022967598e-02	   2.0788416096286641e-01	   1.3477472670185571e-02	   5.6884074339172630e-01	   6.6990135234055975e-02	   1.6115193065873744e-02	   5.3907041035378422e-01	   8.4626547581006262e-01	   5.3992659284523958e-01	   7.1504642769170024e-01	  -9.0754488033131020e-02	   3.3486171178810364e-01	  -1.1924660085359944e-01	   4.1333913415491724e-01	   1.3457487076633953e-01	   3.2471853675942408e-01	   1.7593467319343736e-01	   2.9072289873488572e-01	  -1.1882018729394660e-02	   4.1294555572277852e-01	   3.7646905838575684e-03	  -1.6705983527211726e-01	   4.8036333446238651e-02	   2.4647435560331020e-02	   3.3349635077479144e-02	  -4.7715167113341495e-03	   6.7887372040578514e-02	   4.4018385782683750e-01	  -1.2267313559722096e-01	  -8.7221584225613630e-02	   2.7365248694997502e-01	   2.2999745628728024e-01	   3.1964202737171910e-01	   7.9112274126485860e-02	   6.3927926471124019e-01	   8.6509106942402020e-02	  -1.2098262449658620e-02	   1.2110428676557519e-01	   8.7673245179219844e-02	  -7.9416822709177895e-02	  -1.9222698222549038e-02	   7.6183344559996535e-02	   7.1219412440392094e-01	   2.8380881871211588e-01	   2.2908030693613385e-01	   6.9901731766059266e-02	   8.2454788052013867e-02	  -1.1926789455824571e-01	   5.1724761561457694e-02	   1.3597358189736930e-01	  -1.0727753129396303e-01	  -2.5293339830316858e-01	   8.9105368893026546e-02	   1.2284384071099724e-01	  -7.6758037430366050e-02	  -3.1335628043219688e-01	  -2.7511986493768886e-01	  -2.3640610037202639e-01	
   4.5330192740476671e-01	   3.1171937623955998e-01	   7.7673115010363336e-01	   2.3351697952408815e-01	   7.7947972572272317e-01	   2.8659020942338981e-01	   6.3627828117665808e-01	   8.6842716344964682e-02	   0.0000000000000000e+00	   3.2637708323522985e-01	   5.6708480386296523e-01	  -1.4558966694196806e-03	   5.3672814956617509e-01	   2.2603612876453211e-01	   7.8702071279528585e-01	   3.9095989755026750e-01	   2.6027478800457154e-01	   1.6466413761326887e-01	   3.6291912477246624e-01	   2.6370650873803997e-01	  -1.4960500164323887e-01	  -7.0569492708139225e-02	   6.4506270008822475e-01	   3.2999507934157002e-01	   4.2594837086612913e-01	   3.4805039621195433e-01	   5.5872050705698884e-01	   4.2694260474150769e-01	   1.5991184866369673e-01	   4.0677094177117203e-03	   2.9364129813141365e-01	   5.9126520149275094e-02	   3.3663356567222275e-01	   1.6809972265820683e-01	   5.0627925726423761e-01	   2.1746212416017965e-01	  -2.0494030351182507e-01	  -4.9993557247871814e-02	  -1.4973609877341262e-01	   7.6578450568799958e-02	   1.8774819061313408e-01	   1.0987627053695531e-01	   1.1247415370374897e-01	   1.2963177885702831e-01	   2.1167071319968039e-01	   1.8127921507183203e-01	   1.7732109712254482e-01	   1.8049988339225467e-01	   1.7174071590597764e-01	   1.7650433049241973e-01	   3.8811235409682937e-01	   3.2902663285714517e-01	   3.9218728780057049e-01	   2.5577924778541783e-01	   6.8001002322677834e-02	   2.6792299945756426e-01	   2.7539813646858435e-01	   3.5141813711791237e-01	   1.4052387196797320e-01	   4.0035577575286571e-02	  -2.6603056434710424e-02	  -1.3457309229231604e-01	  -7.4125804882524363e-02	  -2.9588040298784798e-02	   5.1285842031008644e-01	   9.6346150525907906e-02	   3.5220860892353623e-01	   2.3281878615036494e-01	   5.4570387984659685e-01	   6.6833509004487723e-01	   4.2608868006201550e-01	   9.1301738663670723e-02	   3.0761854877540401e-01	   9.8198446665904077e-02	   2.9148713160856377e-01	   9.8354569887062634e-02	   2.8322428384992715e-01	   1.6554130105226581e-02	   2.0217163565569130e-01	   1.9462227485006101e-01	   9.2271524432405577e-03	   2.6077714812017795e-02	   3.3182134691839327e-01	   2.8480074815934853e-01	   4.1510714025596057e-01	   4.1783152383408706e-01	   2.1864478579010022e-01	   3.7939228334834829e-01	   4.8808314517409535e-01	   4.9356721809173709e-01	   2.7137395475507803e-01	   7.7326509652606168e-01	   3.7942931496276500e-01	   8.9809168723932586e-01	   2.1501668822187148e-01	   1.0583150782925378e-01	   1.4177938785194200e-01	   1.6062646562369312e-01	   1.7166645930307209e-01	   2.6503029219809499e-01	   1.0477975953236401e-01	   6.5793559802712365e-01	   2.6750515294050858e-01	   4.5114323918374788e-01	   2.8550245417219305e-01	   4.2572809338883705e-01	   9.1844725045429773e-02	   4.1672360991436112e-02	  -8.7974571299416521e-02	  -2.0029795778351278e-01	   2.8274515149255081e-01	   2.8632629470741133e-01	   2.3580984549678280e-01	   1.7155403069774638e-01	   1.9078378514723524e-01	   4.6138576450065708e-02	
   6.6668214403961784e-02	   2.2007976161437223e-01	   3.7245059293315663e-01	   4.7780033017816026e-01	   4.7461031788678509e-01	   8.0441377439913941e-01	   4.0122943086723500e-01	   5.3051824562182692e-01	   3.2637708323522985e-01	   0.0000000000000000e+00	   2.5938814544429395e-01	   3.2301404568245279e-01	   2.5910704507063964e-01	   4.8031052098569432e-01	   3.7059380165348021e-01	   7.2993754436955305e-01	   3.5471855208757570e-02	  -1.7510107265129654e-01	   1.7896654170969023e-01	   2.1130622912976021e-01	  -2.7861332971213981e-01	   1.9646576966028695e-01	   4.6764733992605217e-01	   5.2062505126581871e-01	  -1.9302268885904757e-02	   1.4439425312535747e-01	   1.2675984319943998e-01	   1.3939775921671255e-01	   1.2715774541255984e-01	   1.9317266978801625e-01	   3.4449561957953523e-01	   3.9410608659763829e-01	   2.4618975641401558e-01	   2.2761832277173091e-01	   2.5064076128921070e-01	   2.9654567046262953e-01	  -2.1554280211536525e-01	   2.3762833098138241e-02	  -1.9618361521435274e-01	  -3.0225729190140254e-02	   1.1062507225400950e-01	   3.2826347443016463e-01	  -1.1481954047974566e-01	  -9.5240688428258807e-02	   7.9724151398774590e-02	   6.1062870831170332e-02	   1.0979016938881023e-02	  -2.1620926605816118e-02	   6.9136302430346172e-02	   1.1688298383156372e-01	   6.8540346399171392e-02	   5.3930247456754579e-02	   4.4443761562921832e-02	   2.5422464633967388e-02	  -1.0109673412141232e-01	   3.1326912503628151e-02	  -6.2004453991986438e-02	  -1.0835877969721844e-01	   1.9123669195358932e-03	   9.7363256761931277e-02	  -1.5160591923527794e-01	   2.9675419181495766e-01	  -7.7539756336380494e-02	  -5.9845675583290070e-02	   4.7446574474800407e-01	   4.6583531401832479e-01	   1.5878791508549858e-01	   2.2802876212037049e-01	   4.9531211764562197e-02	   3.4874222474183902e-01	  -2.9914935521980643e-02	   2.6319896504104751e-01	   1.3648650101985063e-01	   2.4063424547053563e-01	   1.7915847375778640e-01	   1.2794552423149871e-01	   3.4800738608948792e-02	   1.3815379661587113e-01	  -5.7537545956659886e-02	  -1.8663571533184425e-01	  -1.1025268098528308e-01	  -8.2318591444366679e-02	   6.5397727505236328e-02	   3.2619080316406768e-01	   2.4949715340734524e-01	   3.5058909012994233e-01	  -2.2689740424880853e-02	   3.0814752312890747e-01	   1.9742184635523682e-01	   2.8414700410246896e-01	   2.6472393208028594e-01	   1.6335136732254718e-01	   5.2428868418147390e-01	   2.5212753240197333e-01	   4.7231263770100146e-02	  -1.6775647015903471e-02	  -4.6245178040824571e-02	  -2.6010620753860525e-01	  -1.4868631264399884e-01	  -4.7817852472745156e-02	   3.2293256700002271e-01	   3.3681475280161888e-01	   1.7799619896685809e-01	   5.9575782160059647e-02	   1.9114649972956094e-01	   8.6043741964742404e-02	   8.8000859676119675e-02	   3.5554497909247567e-03	  -2.1008424171350262e-01	  -1.2159367304516608e-01	  -1.5083929894573042e-01	  -2.4703152432390199e-02	   1.0178488770314831e-01	   7.9641545042070526e-04	   7.6945621430747568e-02	   2.2859098478884773e-02	
   3.9806029108396257e-01	   3.2864017391185779e-01	   3.8526868515846019e-01	  -3.4356539926763158e-02	   4.9934542971234935e-01	   1.9700435018321288e-01	   3.1092287986466122e-01	  -4.5871315012969364e-02	   5.6708480386296523e-01	   2.5938814544429395e-01	   0.0000000000000000e+00	   2.1200975595289556e-01	   4.6080262258351473e-01	   3.8484255276556462e-01	   4.9621372213505421e-01	   3.2508274887968625e-01	   3.3628152821806456e-01	   3.0555156179610510e-01	   5.5688591177159674e-01	   3.5858096604597839e-01	  -3.4847726515747318e-01	  -2.5021952397158026e-01	   3.5271121965528535e-01	   9.2136082500152053e-02	   4.1997265319934710e-02	  -1.1239701004313662e-02	   2.8643810640509970e-01	   1.4178256735300421e-01	   3.8088264953259665e-01	   3.1723518368020731e-01	   1.7286789786240514e-01	   6.9786196343001533e-03	   2.5528726112465167e-01	   1.2078633642227991e-01	   1.0865814827418706e-01	  -1.2136196743772874e-01	  -3.5855443356075112e-01	  -2.1732526717177064e-01	  -4.6989003224817849e-01	  -2.8164458113143592e-01	   4.3465282563771527e-03	  -1.6798698782955961e-02	   3.0130374292919126e-01	   3.1211268468124898e-01	   3.0468883168924860e-01	   2.5653220560676437e-01	   3.4314449449931117e-01	   4.1925108752231993e-01	   2.9082195761108087e-01	   3.0834198428127846e-01	   2.7002950229605521e-01	   1.7058300308370655e-01	   4.6028497149748537e-01	   4.3627128312993213e-01	   5.5998618962792436e-02	   3.6627540435455236e-01	   9.4485718060627444e-02	   3.0724182834899177e-01	   9.1437146908635011e-02	   1.6836160329247052e-01	  -3.0595762905527749e-02	   6.5958320223282914e-03	   3.7348425256411119e-02	   1.4826757833155069e-01	   1.6845527607671595e-01	  -1.5106053359145122e-01	   1.9210519567456288e-01	   4.3136122229552092e-02	   2.9694555927570959e-01	   3.7386613774046701e-01	   2.9083242567255468e-01	   4.9991550747774866e-02	   3.8389236385071301e-01	   2.0261419047051274e-01	   3.7124353998859083e-01	   1.5310150013874538e-01	   2.9663902321031443e-01	  -2.4567808958731500e-02	   1.2160801853693684e-01	   3.4538237848028963e-01	   1.0722831988932703e-01	   1.8992012784517717e-01	   5.1802768709277403e-01	   5.4216207855059673e-01	   5.9431409051926043e-01	   2.4930204985480353e-01	   3.2550379693895981e-01	   4.3693934498477394e-01	   1.2436697257046891e-01	   3.0068672590766843e-01	   3.6054147321156915e-01	   5.9598091320125313e-01	   2.4496905178342396e-02	   4.7178177993155551e-01	   5.6033700036979092e-02	   1.0409510766824456e-01	   9.0628607789474097e-02	   1.4744209483052945e-01	   3.9291472912852765e-01	   4.3122858436668443e-01	  -4.5605987578789718e-02	   4.0602828450702499e-01	   2.1066878550180451e-01	   2.7667800416396826e-01	   5.9685560320471322e-02	   1.5293605246864123e-01	  -1.3266659594842059e-01	   1.2041553077088074e-01	  -3.0497154087448575e-01	  -2.8624460943564273e-01	  -1.0875964238362038e-01	   2.7777722012328904e-01	   1.7842906276208959e-01	   7.0424078287984276e-02	   1.0691529696592175e-01	  -4.8902668508264604e-03	
   4.3725402352257137e-01	   5.6748653896058232e-01	   6.8513433490943909e-02	   1.6039184779800630e-01	  -2.8310331450513253e-02	   4.7089170984265605e-01	   3.3339979756246052e-01	   6.3366334954614201e-01	  -1.4558966694196806e-03	   3.2301404568245279e-01	   2.1200975595289556e-01	   0.0000000000000000e+00	   4.7295600318573172e-01	   7.1608220926822364e-01	   2.7885856612157395e-02	   4.2651366349254155e-01	   3.1105807865188961e-01	   3.3265167400266382e-01	   3.6147910303300002e-01	   5.5972916865396305e-01	  -2.9353545979228390e-01	   1.0015254699961189e-01	  -1.8675419800466370e-01	  -1.3527482992805032e-01	  -4.9847360421023457e-01	  -2.5155009122598770e-01	  -4.0624322666766677e-01	  -2.4406585350433316e-01	   5.5257280035977940e-01	   6.0171837807805395e-01	  -7.2207765940842161e-02	  -3.1513584819035136e-02	   5.4629788435304782e-01	   6.1783844655843456e-01	  -3.8038191028410981e-02	   1.7459022231316612e-01	  -1.6076732466161586e-01	   6.9034413513777530e-03	  -1.1662402114715655e-01	   7.0487415307613106e-03	   5.6689675303650211e-01	   3.8806353000532129e-01	  -7.5757776282679365e-02	   2.0597020207535596e-01	   2.1838792540219193e-01	   3.6475830443115703e-01	   1.9369090821265394e-01	   2.0401665804488123e-01	   3.5748462134908709e-01	   3.4033901091126983e-01	   1.3864177380605114e-01	   1.3086604033584059e-01	   1.8578317081932771e-01	  -1.1120950861851941e-01	  -3.2141569570424529e-02	   1.9172342961044458e-01	   1.3747845974725881e-01	   1.5653805442285676e-01	   4.0109208480819647e-01	   4.4786921509644756e-01	   3.4828507661273567e-01	   7.1595499609499713e-01	   4.3804165374271964e-01	   3.7784657023076623e-01	   2.4487505296945614e-01	   5.0469443348224663e-01	   4.3753185353610818e-01	   4.9529299977118540e-01	   3.3377312849434335e-02	   2.2695106115083935e-01	  -1.4009905190041258e-01	   2.5456241468620922e-01	   4.9935650984724600e-01	   5.9232200084705067e-01	   5.0630180376348777e-01	   5.5920070553864742e-01	   2.6634678088950386e-01	   5.0787300380126910e-01	   2.6185393300006027e-01	   1.4368258289480890e-01	   4.2538692123279731e-01	   4.2730249604058856e-01	   2.6357025728351702e-01	   2.0781240969211370e-01	   1.5765735393423144e-02	   1.6751501567071589e-01	  -1.9121573568419561e-01	  -1.2909631411601413e-01	   1.9066226142899026e-01	   2.8356129456658391e-01	   3.6972236259008023e-01	   1.1598751957776904e-01	   2.7428409914637819e-01	  -1.4549371279719217e-02	  -1.9278437479856883e-01	  -1.0250652525368885e-01	   7.3272928062852072e-02	  -3.4228324277031791e-02	   2.8696994536008524e-01	   3.8166915252755096e-01	   5.6092181559560794e-01	   4.5846792609114700e-01	   4.3073686923992155e-01	   3.3790031467472370e-01	  -1.2629251975708483e-01	  -2.4010990752392747e-01	  -9.4462360769870607e-02	   1.2762523580126020e-01	  -1.1470959257881413e-01	  -3.4749503199061910e-01	  -7.5632884837521005e-03	   2.0786056627034349e-01	   1.2323990504382880e-01	  -6.9049434372272511e-02	  -2.2155010940213804e-01	  -3.1987161806026548e-01	
   5.6030803768596449e-01	   4.3509595725437861e-01	   4.4108619503410984e-01	   1.6097235541238056e-02	   3.9104078003764609e-01	   3.3319400477761263e-01	   6.0682191397521845e-01	   2.6504280811126646e-01	   5.3672814956617509e-01	   2.5910704507063964e-01	   4.6080262258351473e-01	   4.7295600318573172e-01	   0.0000000000000000e+00	   5.2106196220706780e-01	   6.9965767454967476e-01	   4.5590073850165708e-01	   1.7597673570420180e-01	   2.2128378544055072e-01	   2.6695171792936595e-01	   3.0714391762866755e-01	  -9.4055818767253219e-02	  -5.9846575316238507e-02	   2.4176196885183870e-01	  -2.4668273551093405e-02	  -1.1090413420137922e-01	  -1.3513020708899109e-01	   7.0730815896784607e-02	   4.1841182319502374e-02	   4.3246005006480126e-01	   3.1266091646626215e-01	  -1.2392830872228859e-01	  -2.4817912150548593e-01	   3.2365265999938769e-01	   2.3123445860855021e-01	   2.1153257855685645e-01	  -9.0544078382054482e-03	  -3.4144381104961213e-01	  -2.5212769474694247e-01	  -2.4867431624329528e-01	   7.4522600062838937e-02	   2.9624561990898390e-01	   3.0997293393690454e-02	   4.1281335916169962e-02	   1.6936847651355275e-01	   2.3501220721526775e-01	   2.1572842238485279e-01	   1.8047332382748088e-01	   1.8609873141533206e-01	   4.1041274089948432e-01	   2.3441863548491493e-01	   3.2700561565133968e-01	   2.0249260862941076e-01	   2.9444162641128435e-01	   5.1727023163585566e-02	   1.0859041803669922e-01	   2.5444541029260376e-01	   1.0320450215619256e-01	   3.3004898010662509e-01	   4.5701600131390246e-01	   2.8857148587205994e-01	   2.3598123856403996e-01	   2.3093097951639741e-01	   1.8445199209905114e-01	   1.8284631084720465e-01	   3.6487106819267850e-01	   9.8984873137400495e-02	   3.4322917242255879e-01	   2.2562912294876517e-01	   3.1820695206032168e-01	   4.6760701674526278e-01	  -5.9091861233439888e-02	  -9.7368588354032393e-02	   2.6526921309068074e-01	   2.1282834637447207e-01	   2.8575386923538559e-01	   2.1148270025492541e-01	   6.4444235526930890e-02	  -7.6373092682234078e-02	   2.1502465395888872e-02	   2.0855528164191212e-01	   1.8403879085065089e-01	   1.2913776648808248e-01	   4.3026576929022897e-01	   2.4528802897937640e-01	   1.7373030914624360e-02	   1.3698718035670443e-01	  -9.6335514217561341e-02	   2.4363968124532585e-02	   4.3141353959709161e-01	   3.9512486611551378e-01	   1.3228259266315356e-01	   3.3576473857286721e-01	   8.9587758677205295e-02	   4.7968098785496416e-01	  -1.3445066154836260e-01	   5.9651532511996674e-02	   5.3793221280796763e-02	   8.9588112605876610e-02	   1.3291931505489663e-01	   1.6677277212689579e-01	   1.6605272713793343e-01	   6.3369638744161727e-01	   1.0946541945726571e-01	   2.3590664255249799e-01	  -1.9840281276329694e-01	  -8.3022865669185417e-02	  -2.3934548453959076e-01	  -7.3538547332443541e-02	  -1.9711917209545582e-01	  -5.0730062450333824e-01	   3.3242494805200154e-02	   5.1902908456125406e-02	  -8.2652921717012426e-02	  -1.3079826582455739e-01	  -1.9996369407702930e-01	  -2.6670332436540567e-01	
