   0.0000000000000000e+00	   9.4164230488136025e-01	   7.9603924126654135e-01	   7.4695180020822605e-01	   3.6550805313147178e-01	   3.9256408848988333e-01	   7.1987345548046100e-01	   6.7575966600186566e-01	   4.2450674914645359e-01	   4.4907099058392580e-01	   7.4529070762054861e-01	   6.3294843487818642e-01	   6.4899927191909135e-01	   5.8521571443711073e-01	   7.2755758753349009e-01	   7.3272064712634477e-01	   6.8910192720653396e-01	   5.9829747800713773e-01	   8.4730672671156726e-01	   8.3957908283260263e-01	   6.3865428310205685e-01	   4.8709842317348573e-01	   5.8845300210902707e-01	   5.7739843115096290e-01	   4.4119501048631438e-01	   4.2020144803316750e-01	   4.3203170523042350e-01	   5.2398109129085557e-01	   5.3117416566779774e-01	   4.9288521208583047e-01	   6.7159757226317651e-01	   5.4166433796225011e-01	   8.7140393623129508e-01	   8.9434644594933621e-01	   5.3638484689315991e-01	   5.5744153211075864e-01	   2.6469135661881821e-01	   3.4651636667035879e-01	   7.1491930368563406e-01	   6.7851763238189711e-01	   7.1242520127016662e-01	   6.2140778453708967e-01	   3.9745192234071702e-01	   3.5083656678130293e-01	   5.3514827846636603e-01	   6.3925138076248378e-01	   2.6973588382350489e-01	   5.0937883118757599e-01	   5.4481213401879192e-01	   6.4952864556605139e-01	   4.2812458121504038e-01	   5.6681082757052015e-01	   3.9846930920884860e-01	   3.2149919778532043e-01	   5.1159588264397060e-01	   7.5912513981227514e-01	   9.3937943487438802e-01	   8.8528487612681439e-01	   7.0186061207629435e-01	   8.1363062247470841e-01	   7.0984003430982767e-01	   6.8733829122742951e-01	   6.8311271701106402e-01	   7.8679855519563768e-01	   2.7486080491923337e-01	   5.6067497227448193e-01	   6.6358574239469437e-01	   7.2680292543904224e-01	   7.6180603258389978e-01	   7.7312853066201714e-01	   3.1077876005692867e-01	   2.7085183418969577e-01	   4.4625874220390477e-01	   4.4267650795780694e-01	   5.8448124920629718e-01	   5.9182381090287728e-01	   6.4553428657625134e-01	   5.8600268843774972e-01	   5.5150108972182954e-01	   5.8272863429363264e-01	   6.9796669868086836e-01	   6.8542697181736401e-01	   8.3942822544979467e-01	   7.9024988176172950e-01	   5.3154173360857393e-01	   7.1020708158743817e-01	   7.0469326158278189e-01	   6.4455419395135616e-01	   6.9201740396077516e-01	   8.1449924935883811e-01	   4.1625704541958242e-01	   3.4710494660439090e-01	   1.9278768733256535e-01	   2.2791311688205290e-01	   3.7587562584768680e-01	   4.7563712717501883e-01	   6.6802748913130128e-01	   5.8950105895331573e-01	   6.2626370537565712e-01	   6.3019076157839693e-01	   2.5134673314276046e-01	   4.3055383783846179e-01	   4.1809590429030213e-01	   5.9769337416059498e-01	   6.6114887216641050e-01	   7.8321942937362754e-01	   3.6536500035518815e-01	   4.2154839323437449e-01	   4.6240611932723058e-01	   6.1232271860461140e-01	   4.5951187308528829e-01	   5.8730935635993309e-01	   2.2269676297286090e-01	   6.0141490181964075e-01	   6.5371940962079333e-01	   3.7287077199993496e-02	
   9.4164230488136025e-01	   0.0000000000000000e+00	   8.0084641887999375e-01	   7.6458944049728372e-01	   4.3117827335001035e-01	   4.0970131253087061e-01	   6.8002896924054645e-01	   6.8765211516225433e-01	   4.4377665753579199e-01	   4.7186965263639580e-01	   7.6372972307512477e-01	   6.5720419594087043e-01	   6.9035330965797448e-01	   6.3558400535119464e-01	   7.1948547758925219e-01	   7.3871148069453574e-01	   6.7726294281540589e-01	   6.2294801398046451e-01	   7.9357770260321914e-01	   8.0807769456405132e-01	   6.3677545356427723e-01	   4.9137293057958858e-01	   6.5942276673128120e-01	   6.2432507300293560e-01	   5.2827743701492136e-01	   4.8980959004393815e-01	   5.5203204434079156e-01	   6.1375244266041973e-01	   4.9797087587665795e-01	   4.7138884252831215e-01	   7.1084307245791822e-01	   6.0865400259742064e-01	   8.3822976748957001e-01	   8.9338604007043143e-01	   5.8108850773460496e-01	   5.6568614415828877e-01	   2.4797790700100242e-01	   3.2114320213450764e-01	   6.4720684131601680e-01	   5.9767953840759880e-01	   6.4899213967374347e-01	   5.3971662182713698e-01	   4.4457065811814706e-01	   3.8642944847062782e-01	   5.3617719038897271e-01	   6.2915018430003677e-01	   3.3957749328487430e-01	   5.2154118587557929e-01	   5.6329691003691928e-01	   6.5266458298627883e-01	   4.9281477532884438e-01	   5.7955398859444907e-01	   4.7607746224947484e-01	   3.4723896216019334e-01	   5.8405584935491250e-01	   7.2508003925474074e-01	   9.2460540307621253e-01	   9.3108598462806158e-01	   6.4880079825015691e-01	   7.8541484593585931e-01	   7.3743042602916531e-01	   7.4521218166839243e-01	   7.1291206880923641e-01	   8.0408206061948739e-01	   3.9636175383291450e-01	   6.7384079032906252e-01	   6.3287053601579513e-01	   6.8348333804362971e-01	   7.1552154037341298e-01	   7.3355809646487469e-01	   3.7535668957623403e-01	   3.3950845322813394e-01	   4.7770180278233720e-01	   4.8323753043920187e-01	   6.2098612708190526e-01	   6.4543784751794242e-01	   6.7293284097329509e-01	   6.0997205825015888e-01	   5.7533030929664253e-01	   6.2335148094588955e-01	   7.0842598722190198e-01	   6.8807890159698060e-01	   7.7327049234586831e-01	   7.4208217982545810e-01	   6.1419239110116730e-01	   7.3088542726326589e-01	   7.4206444401146232e-01	   6.4944413254710220e-01	   7.5428193114635778e-01	   8.2968067579045690e-01	   3.2863443090994982e-01	   2.4105345838708037e-01	   1.4801338640471276e-01	   2.0740667724811598e-01	   3.6643865627349992e-01	   4.2234671179859151e-01	   7.2696802017032724e-01	   5.5513312653097202e-01	   6.2873691791684416e-01	   5.2036585213409592e-01	   1.6327413867695825e-01	   3.8928143369620660e-01	   3.2766604705724062e-01	   5.0233644977401981e-01	   6.1299191405344822e-01	   7.1628371779686562e-01	   2.7436556465386958e-01	   3.3998408080362774e-01	   4.3301376072651576e-01	   5.4912733258482938e-01	   4.1343137590676987e-01	   5.4413065836086094e-01	   2.3030899973955099e-01	   5.8217428360458312e-01	   6.3600666765542357e-01	  -2.0479485412032428e-02	
   7.9603924126654135e-01	   8.0084641887999375e-01	   0.0000000000000000e+00	   9.3108898454770384e-01	   5.9052969400421307e-01	   5.3748423695087866e-01	   9.3800240508510357e-01	   8.8713240055487019e-01	   5.8833928710021821e-01	   5.3706445673314718e-01	   7.3038442811579352e-01	   5.1475904333687672e-01	   7.4003258789582449e-01	   5.6932876132854315e-01	   8.3829427499407982e-01	   7.7290962095953453e-01	   4.6952756882196300e-01	   4.0858837870418735e-01	   8.3240064836869276e-01	   8.0288371584857599e-01	   7.0066122313282475e-01	   5.4100921093236320e-01	   8.2623066286560309e-01	   8.3201256405174129e-01	   6.6690281661917772e-01	   6.3506866035326026e-01	   6.3669632285629729e-01	   7.4254413452859258e-01	   3.1731747092363988e-01	   3.4097412935823967e-01	   7.2241068686838172e-01	   6.0141074101164316e-01	   8.4391113478273594e-01	   8.7612825636703007e-01	   7.6440679134861556e-01	   7.3593674348458615e-01	   2.3191416413595645e-01	   3.2834694064930964e-01	   6.5152600005763495e-01	   5.6780838850615345e-01	   5.6483406076763865e-01	   5.5701328317800292e-01	   5.0668088824824908e-01	   4.6384346567933166e-01	   5.6863027881149431e-01	   6.4668694558584594e-01	   3.6428850673425434e-01	   6.0704213756753400e-01	   6.0811206129324979e-01	   6.9745395729019832e-01	   5.7335807206354195e-01	   6.9992113152492652e-01	   5.7464734428187714e-01	   6.2461126345654205e-01	   5.5625601757351995e-01	   6.8984033897053576e-01	   7.7516138395204703e-01	   6.8920259883763957e-01	   5.9613906693068652e-01	   6.8960265608424387e-01	   7.1222782114011252e-01	   6.7454936314526703e-01	   6.2895444346904794e-01	   6.6788466227117516e-01	   5.3845976476538271e-01	   7.3934556136913654e-01	   7.8703812832042042e-01	   7.5366583343584925e-01	   6.9496387548959460e-01	   6.5574035898205252e-01	   3.3970277386336378e-01	   2.3936378388179891e-01	   3.3622855604750829e-01	   3.0737666524060381e-01	   4.3324684654463164e-01	   4.2236763513599784e-01	   4.2826703572981517e-01	   3.8260477780431035e-01	   4.9633381782765995e-01	   4.5852624291362121e-01	   5.9053573707300311e-01	   5.9978503738268985e-01	   7.8230212402036892e-01	   7.5301100838945156e-01	   6.4679753945394158e-01	   7.6964489769228406e-01	   7.8898938066353286e-01	   7.0407209293177331e-01	   8.2562623554266423e-01	   8.7130472967785155e-01	   5.3215245603743366e-01	   5.2567070475371802e-01	   3.7942042213924976e-01	   5.3757799612496204e-01	   3.2560300251160385e-01	   4.7962714947873308e-01	   6.4615813307289649e-01	   5.1611701249194486e-01	   6.2526633522134067e-01	   6.1204693827522161e-01	   2.2737011894445958e-01	   6.2035680983216768e-01	   2.6843953000155002e-01	   5.0926988360302938e-01	   5.5476748380404839e-01	   6.6087490787567449e-01	   3.3481911130168679e-01	   4.2744239048198263e-01	   3.1424220764471622e-01	   5.8150498835668052e-01	   6.4440871434476532e-01	   6.6974945356668003e-01	   4.6228958992368396e-01	   6.0182835349928598e-01	   5.1285383846432553e-01	  -7.6174533099977931e-02	
   7.4695180020822605e-01	   7.6458944049728372e-01	   9.3108898454770384e-01	   0.0000000000000000e+00	   6.5884000170371149e-01	   6.5342575088505950e-01	   9.2308162061299570e-01	   8.9917084760728860e-01	   6.4179921800215101e-01	   6.4416794712744596e-01	   5.4947732884817113e-01	   3.6515088493339914e-01	   5.6388520051179714e-01	   4.5067101340900573e-01	   7.6753153960677856e-01	   7.4241765691518213e-01	   3.2608104993868098e-01	   2.6184635549727553e-01	   8.5460398133165805e-01	   8.6994797352632014e-01	   7.0750414384261795e-01	   5.8601692404138528e-01	   6.7827160439943546e-01	   7.5858066208140429e-01	   6.2230799527906011e-01	   6.5563869335345704e-01	   6.2842552516386574e-01	   7.2335088850006768e-01	   1.8022742240520612e-01	   2.1568167465826257e-01	   6.2270821517911945e-01	   4.8602376455120899e-01	   7.9817092605025997e-01	   8.1404336652725351e-01	   7.4194890064239583e-01	   7.6563776354288904e-01	   1.0360453063260910e-01	   2.5734842813558967e-01	   5.4414979982029332e-01	   5.0341615552031360e-01	   4.8070030801674452e-01	   5.3807445350086125e-01	   4.5988693257400060e-01	   4.0546310724994905e-01	   5.8233228519735469e-01	   6.7036890730305099e-01	   3.0818890974469337e-01	   5.4247574245072006e-01	   6.1581743173533554e-01	   7.2800010349484734e-01	   5.4674904242005606e-01	   6.7549272664864923e-01	   5.5108245530025779e-01	   6.2852417021685070e-01	   4.8156013040294632e-01	   6.2982550234122558e-01	   7.1755360904058896e-01	   5.9625965626017452e-01	   6.8583023799462539e-01	   7.3363920759825996e-01	   6.5266554496186591e-01	   5.5655936688911267e-01	   5.2134065820326669e-01	   5.2744023443346988e-01	   4.2289990820400819e-01	   6.1550424354813327e-01	   8.2727798290641541e-01	   8.0645843595841693e-01	   7.2641481220377568e-01	   6.7324965142085191e-01	   1.6798226779294112e-01	   1.3703604853115370e-01	   1.4328653422915374e-01	   1.6507810108620730e-01	   2.5858107666241270e-01	   2.8206760306423001e-01	   2.7415083166324294e-01	   2.3225683375586542e-01	   3.2313800637315715e-01	   2.8156653262034687e-01	   4.4358986719260479e-01	   4.4589964387489228e-01	   7.2229234681788235e-01	   7.1407843370600765e-01	   4.8372124469664157e-01	   6.4969494000713168e-01	   7.8254635797774830e-01	   7.0523723875533961e-01	   7.8821590113498075e-01	   8.5954594973192378e-01	   5.9381885805875578e-01	   5.7756530514252180e-01	   4.6461515040467666e-01	   5.6357595897458668e-01	   2.2474133869864429e-01	   3.6512998054907053e-01	   5.8197092125744088e-01	   4.2997542521230120e-01	   6.5149472330755032e-01	   6.4291886518767605e-01	   3.5740090921061668e-01	   6.5333210476055714e-01	   3.9617335367790912e-01	   5.7801741132361228e-01	   5.7641262953067030e-01	   6.3315058266103530e-01	   4.4692900699405758e-01	   5.5998613237774397e-01	   1.7599657063317450e-01	   4.9963093180680673e-01	   6.2235877088676372e-01	   6.8256120314112168e-01	   4.9537999002533561e-01	   5.4740507550599526e-01	   4.4773082766307903e-01	  -1.4296547315920449e-01	
   3.6550805313147178e-01	   4.3117827335001035e-01	   5.9052969400421307e-01	   6.5884000170371149e-01	   0.0000000000000000e+00	   7.8867453775038610e-01	   5.3017554460712313e-01	   5.4012982849841218e-01	   8.6080336495806564e-01	   7.6610600493910841e-01	   2.6526493947106133e-01	   1.1092891568243092e-01	   3.2429893293840439e-01	   1.6576646570718323e-01	   6.4206903304822949e-01	   6.4275556530400357e-01	   1.3036425044000494e-01	   1.5765565691039002e-01	   4.8627580408201254e-01	   5.3779945433112608e-01	   6.4971977314237872e-01	   6.1427901001976015e-01	   4.3176737611628668e-01	   4.7177082683567034e-01	   6.5259211701025488e-01	   7.1387199785223965e-01	   7.9449823317680879e-01	   7.0545061357191696e-01	   9.1726390963772525e-02	   1.9095795748078012e-01	   4.2447736073886999e-01	   3.4216204759824387e-01	   3.4030093370262227e-01	   3.5093017483635180e-01	   3.6456671354522008e-01	   3.7575615492384862e-01	  -2.2750999657365208e-02	   1.5322542845327627e-01	   2.3736109348511752e-01	   2.4121613706175732e-01	   3.3324910858990919e-01	   4.2494872412214990e-01	   1.1721965889631041e-01	   1.0488914191922338e-01	   1.6168035024990990e-01	   2.4714588670173343e-01	   4.6510161210302582e-02	   2.2074167487022117e-01	   2.2705751157496751e-01	   3.1352824719433992e-01	   1.9428410873874297e-01	   2.9134481023605407e-01	   2.5699887557678752e-01	   4.3139465929732534e-01	   1.5551997333570794e-01	   3.0860379292084916e-01	   3.6319390955409958e-01	   3.6702035520964016e-01	   3.4974845477285488e-01	   4.2409485723799423e-01	   2.2438501928694105e-01	   3.3091391435828499e-01	   1.8397419115857827e-01	   2.4181870614762044e-01	   2.5129692930093894e-01	   3.8688671103049599e-01	   4.2277367719412462e-01	   3.6224938503345983e-01	   5.5095318633051316e-01	   5.5901582756152202e-01	   2.5609133178119065e-01	   3.4688618201527954e-01	   1.4863484891874681e-01	   1.9222501726157357e-01	   1.8034594160610751e-01	   2.0978615800361630e-01	   5.1414115492814876e-02	   6.8411961533278914e-02	   1.7374652141701458e-01	   1.0081269257780962e-01	   1.8383393176675958e-01	   1.9905724777013437e-01	   4.5507813921369999e-01	   5.2630653834002372e-01	   2.0565419548040359e-01	   3.2990789870573378e-01	   5.4272776829691027e-01	   5.4432180792038198e-01	   4.8174481609860853e-01	   4.9183919281333016e-01	   3.9146846336806640e-01	   3.8371045782070562e-01	   3.5835791061726607e-01	   4.7878124094057661e-01	   1.0436402864435483e-01	   1.6596785889598864e-01	   2.2981050115570342e-01	   1.8653339100422234e-01	   3.2522507211512564e-01	   3.7296689175470144e-01	   2.8520926701810034e-01	   4.1464530502696545e-01	   2.5406601498361192e-01	   3.4864772493893170e-01	   3.5196571024600853e-01	   3.4165068947827881e-01	   2.5014934419133250e-01	   3.0911788450712502e-01	  -6.6940780033209850e-03	   2.5048024155325493e-01	   3.3606844238884692e-01	   3.3675179553081314e-01	   2.6392128704142520e-01	   3.3139597355307560e-01	   2.7801177518474673e-01	   1.3571876367018693e-03	
   3.9256408848988333e-01	   4.0970131253087061e-01	   5.3748423695087866e-01	   6.5342575088505950e-01	   7.8867453775038610e-01	   0.0000000000000000e+00	   5.4681862202931231e-01	   5.0482480067065993e-01	   6.9745802164344484e-01	   9.3166945432009030e-01	   8.7964396992550445e-02	  -3.1233191611674635e-02	   1.4522053120624040e-01	   5.2548058681703549e-02	   5.3247501510617423e-01	   5.9133563948748669e-01	  -3.4000468932461440e-02	  -4.3642533316646699e-02	   5.6795075194788147e-01	   5.9322245383641192e-01	   5.1969307219248562e-01	   5.2697261255088490e-01	   2.8767246077557079e-01	   3.8034816450479081e-01	   5.0442616395103779e-01	   6.0226077053552629e-01	   6.2354802826763878e-01	   7.1068286488459620e-01	  -1.1075840269994833e-01	   2.4822730127417570e-03	   2.8183900104715565e-01	   2.1395025235137424e-01	   3.6958920820160523e-01	   3.3859773253502035e-01	   3.0946086442175419e-01	   3.8296150052954081e-01	  -2.2413582448859073e-01	  -3.8207777732410964e-02	   1.4898198393676165e-01	   1.2317561761764383e-01	   1.8733120518903157e-01	   2.6551602932835922e-01	  -2.0899499317307245e-02	   2.4625072390747266e-02	   1.2941206133198035e-01	   2.4794000600516025e-01	  -1.5465067321595355e-01	   9.2928848621131072e-02	   1.8467682190001411e-01	   3.2264721660253870e-01	   6.3508173067411550e-02	   1.9225773062084411e-01	   1.0385976744999276e-01	   3.3315018000556956e-01	   4.4935556557130198e-02	   2.5934991216999675e-01	   3.9726979103676918e-01	   3.2174607130782229e-01	   5.0193117574660839e-01	   4.4545124847105566e-01	   1.2111427374200961e-01	   1.6275215914391863e-01	  -4.9094345914604031e-03	   7.8830878947999380e-02	   1.1560277332989899e-02	   1.5356730709475674e-01	   4.6304961238752612e-01	   4.2502344093833322e-01	   6.5366611385751172e-01	   6.5791929217712397e-01	  -3.0248442560903673e-03	   1.1413472050263820e-01	  -1.2414711344997453e-01	  -5.8946457305741863e-02	  -4.8015110167223159e-02	  -1.8852835792696192e-02	  -7.6474018445632660e-02	  -7.8067090279043919e-02	  -9.7822223962989702e-02	  -1.1519460178770978e-01	  -4.7709742466002097e-02	   4.9821836554496055e-02	   3.8183984384926284e-01	   4.3243553194223183e-01	  -2.9495773943836068e-02	   1.6769954207895454e-01	   5.5965605042967392e-01	   6.1568071001348468e-01	   4.2457810924820411e-01	   4.7202823999459431e-01	   4.6269290248820200e-01	   4.0827108932198330e-01	   5.0805741508877111e-01	   4.8080461371145766e-01	  -1.1835221617137751e-01	  -1.7763943965341457e-02	   8.5920615664572014e-02	   3.5031677183379781e-02	   3.4425656834797996e-01	   4.2887395457183819e-01	   5.1722276488335450e-01	   4.9613367359063387e-01	   5.0727535695365411e-01	   5.2863013184957919e-01	   4.7150770832493694e-01	   4.0214778191689682e-01	   4.0716127531994128e-01	   4.7095612113444629e-01	  -1.9668922622886731e-01	   6.9243746738876746e-02	   2.3786437676722610e-01	   2.9003388442801592e-01	   1.9436791003970982e-01	   2.8616778278104216e-01	   1.9789868493404766e-01	  -1.9660621880190382e-01	
   7.1987345548046100e-01	   6.8002896924054645e-01	   9.3800240508510357e-01	   9.2308162061299570e-01	   5.3017554460712313e-01	   5.4681862202931231e-01	   0.0000000000000000e+00	   8.7791760403731223e-01	   5.8413333492318142e-01	   5.0361397334147073e-01	   5.8831001176890707e-01	   3.4407741017522786e-01	   6.0589877340808385e-01	   4.1499512442550723e-01	   7.3844142793967149e-01	   6.4994526592380686e-01	   3.4590361598219466e-01	   2.2626266691750735e-01	   8.5775444154683911e-01	   8.2440622559313526e-01	   6.1787271907191843e-01	   4.6269334000999468e-01	   6.9414014276495628e-01	   7.3855847762154281e-01	   5.6480413548390407e-01	   5.4969900993816856e-01	   4.8735861007282361e-01	   6.0800923824223829e-01	   1.8748637263594542e-01	   1.9373213116525811e-01	   6.2925089158193981e-01	   4.6471930845527487e-01	   8.3308032622429107e-01	   8.1956289227758083e-01	   7.7685265974819706e-01	   7.9728424367272022e-01	   1.8072364301674798e-01	   3.0390331787945213e-01	   5.9722186987936254e-01	   5.3307161633304556e-01	   4.6140996267080292e-01	   5.4346662739305551e-01	   4.3706516078936986e-01	   3.8450024120884380e-01	   5.4680344457729879e-01	   6.1791621877557223e-01	   2.7806648765012315e-01	   5.4609088292444863e-01	   5.8030929253600516e-01	   6.7390671723016560e-01	   5.1696201800770236e-01	   6.6372377684916439e-01	   5.2530068734011182e-01	   6.5178735776329988e-01	   4.5595818627214024e-01	   6.3087283896100166e-01	   6.8692036101096687e-01	   5.1237564617065856e-01	   6.1100090278737829e-01	   6.5560407674047672e-01	   6.3374710011227342e-01	   5.2276103488462622e-01	   5.0259981166667655e-01	   5.0593194757738591e-01	   4.1403170274103318e-01	   5.6773908492903435e-01	   8.3303827474174197e-01	   7.8701789300207747e-01	   6.9046142593325222e-01	   6.2766483021788266e-01	   1.5829705608697936e-01	   7.0482436379063124e-02	   1.1406788895671574e-01	   1.0633540400385447e-01	   2.2624813715498768e-01	   2.0610607095204558e-01	   2.6832428594439262e-01	   2.3463207741651956e-01	   3.4216069623697087e-01	   2.7808907646747616e-01	   4.4374451534633214e-01	   4.6077828119608127e-01	   7.3592591839523136e-01	   6.7658496706269333e-01	   5.0455998837207749e-01	   6.6540554104479066e-01	   7.4385284809486085e-01	   6.4038934351999477e-01	   7.7322506727896134e-01	   8.2784388150673593e-01	   6.5261020563768468e-01	   6.7146501342047737e-01	   4.7964424155238516e-01	   6.0282726573861178e-01	   2.9458970812154661e-01	   4.6745351193899626e-01	   5.5871063736625648e-01	   4.6453682929222717e-01	   6.3462244102598264e-01	   6.9842863909434239e-01	   3.4135215068228442e-01	   6.8071661782461756e-01	   3.7247512857341220e-01	   5.8628005713624098e-01	   5.7712885244149559e-01	   6.5758135827644493e-01	   4.6914637290848643e-01	   5.8858403069484155e-01	   1.9871795575508233e-01	   5.7318653277049503e-01	   6.8364588418290861e-01	   7.2135078358674620e-01	   5.3889716710257229e-01	   5.6867133461301855e-01	   4.7548072049084067e-01	  -9.8722380073874946e-02	
   6.7575966600186566e-01	   6.8765211516225433e-01	   8.8713240055487019e-01	   8.9917084760728860e-01	   5.4012982849841218e-01	   5.0482480067065993e-01	   8.7791760403731223e-01	   0.0000000000000000e+00	   5.7350015156231715e-01	   4.8941312949165755e-01	   6.6779558645436610e-01	   5.5776289935116830e-01	   6.5451139477076503e-01	   6.0045939756894384e-01	   7.8426281440600643e-01	   7.0781477380124269e-01	   4.8895266346126620e-01	   4.1453549243204302e-01	   6.9281402683755544e-01	   6.7662036916862078e-01	   6.6205190107068712e-01	   5.7844907392621825e-01	   7.4577299897211069e-01	   7.9864674974856675e-01	   5.8272188001530811e-01	   6.2216620968827308e-01	   5.2349028428429567e-01	   6.0927245265507990e-01	   3.4094226538731220e-01	   3.3890123125950200e-01	   7.1862559823477146e-01	   6.3600297372026893e-01	   8.0802205348503264e-01	   8.3073715044056917e-01	   7.5404887866162795e-01	   7.2562167826784973e-01	   2.4344313977241416e-01	   2.9976659323503962e-01	   5.8044608635026906e-01	   4.9834779960444003e-01	   5.1888091049817342e-01	   5.2871161881406614e-01	   5.5538685182578962e-01	   4.6796440479351747e-01	   6.1912706878781587e-01	   6.9236270225788621e-01	   4.1436682773528860e-01	   5.7894613567580289e-01	   6.4570683842016507e-01	   7.1353158132322914e-01	   6.3565566185475086e-01	   7.0967049132685067e-01	   6.1001111437221600e-01	   5.9632022197713985e-01	   5.6894396507127243e-01	   5.9237532669612358e-01	   6.3933294050329070e-01	   5.9953174077569515e-01	   5.6557706791743745e-01	   6.9906824412340396e-01	   7.5128829583891965e-01	   6.4153243657351666e-01	   6.6445104403974509e-01	   6.4524434513719808e-01	   5.3169619295587700e-01	   6.4896717078615918e-01	   7.6103257670970859e-01	   7.7568826935232016e-01	   5.1102292478747280e-01	   5.4958026199058918e-01	   2.8685707644048847e-01	   2.3005955914541582e-01	   2.8898793597669609e-01	   2.8878370837731215e-01	   3.6374278349262767e-01	   3.5834345673871570e-01	   3.8396742998198380e-01	   3.3710376660914260e-01	   4.4209693986711968e-01	   4.0419329215566524e-01	   5.8091623980512186e-01	   5.2914928859578680e-01	   7.0695707874761760e-01	   6.9593768871752082e-01	   6.1112380915595232e-01	   6.8156977163584997e-01	   6.7091134181653833e-01	   5.7575483828110352e-01	   7.5594204166328371e-01	   7.7861011139336866e-01	   5.8206720532402212e-01	   4.9863859795793486e-01	   4.4193168058287080e-01	   4.7170367619482301e-01	   1.9788246632038448e-01	   3.0199239105393155e-01	   6.3637082955774016e-01	   4.4775742551732639e-01	   6.4696451052554660e-01	   5.7467188521387402e-01	   3.2161902814365784e-01	   5.7091786936558730e-01	   3.7076105133665571e-01	   5.0134965129317122e-01	   5.8791948724618281e-01	   5.7205665624105162e-01	   4.2359941616095975e-01	   4.3607608371005679e-01	   1.7247607905938095e-01	   4.8034078761650784e-01	   6.5845453532253229e-01	   6.9793349742854549e-01	   4.8919335719712287e-01	   6.1108779684872283e-01	   5.2628359616184262e-01	  -1.9486989310493938e-01	
   4.2450674914645359e-01	   4.4377665753579199e-01	   5.8833928710021821e-01	   6.4179921800215101e-01	   8.6080336495806564e-01	   6.9745802164344484e-01	   5.8413333492318142e-01	   5.7350015156231715e-01	   0.0000000000000000e+00	   7.1281725209404068e-01	   3.3957514297065805e-01	   1.6270558159280191e-01	   3.6582432585850588e-01	   1.3617158881875510e-01	   6.5492647392929093e-01	   6.5281014469395005e-01	   2.4604513729636554e-01	   2.3301647756574395e-01	   5.3273225271636204e-01	   5.8486949565147106e-01	   5.8447009389135340e-01	   5.7259418740670298e-01	   3.5612193763646738e-01	   3.5421755053780835e-01	   5.2853396282032317e-01	   6.1880170491455544e-01	   5.5122975993059287e-01	   4.9612858702208745e-01	   2.2178492229059715e-01	   3.0098445108240868e-01	   4.7125026361764510e-01	   3.6310224251985468e-01	   4.3348608146763767e-01	   4.3751228027553729e-01	   3.8053418403595285e-01	   4.4472763945361365e-01	   1.0974527448290944e-01	   3.1106466174115804e-01	   3.6768121520581837e-01	   4.0600022403743452e-01	   4.9656120499195677e-01	   6.0587713589966541e-01	   1.2211588841504123e-01	   1.3035390096007929e-01	   1.5183031351707005e-01	   2.7767447080689200e-01	   3.3308265468591135e-02	   2.8299987345971001e-01	   2.0884533927581750e-01	   3.1671626926176660e-01	   1.2405160734371444e-01	   2.9340142560908933e-01	   2.1621512125302014e-01	   4.5545798807390830e-01	   1.5233999975771628e-01	   3.9308041494141444e-01	   3.4089703817638806e-01	   3.8467985176083164e-01	   3.6672707066879939e-01	   4.7893196180828257e-01	   2.0014775488287079e-01	   4.2886463502458072e-01	   1.3871514056643186e-01	   3.5639375998192169e-01	   7.8477179002696296e-02	   3.2176173107840267e-01	   4.6479607194422573e-01	   4.2541109016974132e-01	   5.6331385077923146e-01	   5.8707919391858354e-01	   2.5776246876886705e-01	   3.8434448985214453e-01	   2.1192582831338058e-01	   2.7266482648282636e-01	   2.6938942543024086e-01	   2.9324808855500761e-01	   1.2527043049250480e-01	   1.9741308187302506e-01	   2.3754351658101763e-01	   1.5995383130272650e-01	   2.5293614205330606e-01	   3.2989377679559284e-01	   5.5933489850334694e-01	   5.9842287762280977e-01	   1.6894661411534073e-01	   3.8648230553191015e-01	   4.6816533736829591e-01	   4.0189243709559425e-01	   4.6488802763754833e-01	   4.7082331822557066e-01	   5.2431280640589439e-01	   4.9058362379180892e-01	   4.3708307546979847e-01	   4.9496732128078297e-01	   2.0014697578927293e-01	   3.0617678936979659e-01	   3.2353972878817283e-01	   3.2897329153830474e-01	   4.1744749682499649e-01	   5.1894665087274272e-01	   3.8140858506207964e-01	   4.5761967990923214e-01	   3.6127806144585933e-01	   4.2446983024450147e-01	   4.8544190488899880e-01	   4.4712846814628449e-01	   3.3518663086325073e-01	   3.7054304334904997e-01	   3.3824457467527123e-02	   3.8397488967462678e-01	   4.3699120361625088e-01	   4.7532716776378203e-01	   3.4660671253847575e-01	   4.7133202486039594e-01	   4.6562332929933814e-01	   1.5043228132722658e-01	
   4.4907099058392580e-01	   4.7186965263639580e-01	   5.3706445673314718e-01	   6.4416794712744596e-01	   7.6610600493910841e-01	   9.3166945432009030e-01	   5.0361397334147073e-01	   4.8941312949165755e-01	   7.1281725209404068e-01	   0.0000000000000000e+00	   1.4055972171627981e-01	   6.8744956814275074e-02	   1.5896558720685428e-01	   9.4131760342260284e-02	   5.1487750630595785e-01	   6.3865597444186961e-01	   3.8131316274250621e-02	   6.6423471235305578e-02	   5.5149243633111311e-01	   5.9562914683028234e-01	   4.8797387467107034e-01	   4.9162156161356546e-01	   2.5207552002809303e-01	   3.2530169345601212e-01	   4.3184318189813831e-01	   5.4505051336768839e-01	   5.5301557531387635e-01	   6.4031572663728931e-01	  -2.1276128818948636e-02	   1.0703766469017462e-01	   3.0564419593206177e-01	   2.4778850299154598e-01	   3.6660508147528037e-01	   3.6859490162571562e-01	   2.1658266771006301e-01	   3.2067565629581390e-01	  -2.4577274850835196e-01	  -5.7912852710333543e-02	   1.5773307012228932e-01	   1.3979209803266196e-01	   2.3982309761683288e-01	   3.0807213165845304e-01	  -1.8802539765799466e-02	   2.8892860946161246e-02	   1.3551106690691572e-01	   2.6973203997099571e-01	  -1.3716687929556626e-01	   8.7216719435017298e-02	   2.0426968250785346e-01	   3.3308189335578336e-01	   4.8631601163457633e-02	   1.7367998485048139e-01	   7.3236625182552154e-02	   2.4961386625497783e-01	   3.8844056404452584e-02	   2.5618992005966351e-01	   4.4548645866618991e-01	   4.1164272903959975e-01	   5.6020598680622191e-01	   5.1149537076468954e-01	   1.7420241593938091e-01	   2.6629347469294717e-01	   1.7682930881493187e-02	   1.7964212307017124e-01	  -1.7708460880137212e-02	   1.7721554830616609e-01	   4.1978471894210989e-01	   4.0367907838299244e-01	   6.5045719673866231e-01	   6.6301331256104534e-01	  -2.0283003486059816e-03	   1.1713231027825535e-01	  -3.8722920905089823e-02	   2.6502197983276375e-02	   4.6958883300097079e-02	   9.3250361880980653e-02	  -2.2771284164601290e-02	  -2.1202095776811508e-02	  -3.0120479763845680e-02	  -1.9462383670519352e-02	   1.0719622143379926e-02	   9.7546770091583607e-02	   3.6082512493754604e-01	   4.4121773727401992e-01	  -6.5168932946758698e-02	   1.5823071686069495e-01	   4.5031336004637246e-01	   5.0383181047556291e-01	   3.7887645981540458e-01	   4.5153726044069215e-01	   3.7776872711205645e-01	   3.0333326149647105e-01	   4.2750202305073087e-01	   3.8735098267761370e-01	  -4.7977482913299632e-02	   3.8566470459983392e-03	   1.3982275209467451e-01	   4.7496589376132131e-02	   3.4173597578296916e-01	   3.6537837107560356e-01	   4.7745669534186547e-01	   4.3889710546443383e-01	   4.8183199968120144e-01	   4.7850746312391607e-01	   4.4626355975300225e-01	   3.7727412014643913e-01	   3.4362211644241425e-01	   3.9593990583108296e-01	  -1.3185649516203310e-01	   6.8244658914111730e-02	   1.6735549935129543e-01	   2.3190554419633425e-01	   1.1857742823293688e-01	   2.8037003699397517e-01	   2.2827657770290571e-01	  -1.1776870433584076e-01	
   7.4529070762054861e-01	   7.6372972307512477e-01	   7.3038442811579352e-01	   5.4947732884817113e-01	   2.6526493947106133e-01	   8.7964396992550445e-02	   5.8831001176890707e-01	   6.6779558645436610e-01	   3.3957514297065805e-01	   1.4055972171627981e-01	   0.0000000000000000e+00	   8.6242460206042948e-01	   9.5892589059841593e-01	   8.3006984051135202e-01	   7.9811284392943993e-01	   6.9436618144412532e-01	   8.3797846200077464e-01	   7.9236103467669261e-01	   4.9311181543269733e-01	   4.3299306923109993e-01	   5.8114298932708763e-01	   4.9104954984560967e-01	   8.3211939696644088e-01	   7.1818771311051277e-01	   6.0080283787639965e-01	   5.1135504131414666e-01	   4.4941720836408067e-01	   4.6784603053335350e-01	   7.2251914298817355e-01	   6.6560268825048585e-01	   8.5009837076938977e-01	   7.9547257339261557e-01	   7.7949571355870861e-01	   8.3250551251382676e-01	   6.1038355959044421e-01	   5.2284781610775921e-01	   5.9652363540498610e-01	   5.7215409989782773e-01	   7.7600071022082728e-01	   6.9877387997096418e-01	   7.5415655976063811e-01	   6.1399528118009750e-01	   5.6973302902261258e-01	   4.9752288260853206e-01	   5.1558488579965212e-01	   5.7859430575846127e-01	   5.0185393743454842e-01	   6.3661586683322768e-01	   5.2977487672367529e-01	   5.6684714162593086e-01	   5.5757162132999072e-01	   6.6998190243081568e-01	   5.5074177450292139e-01	   3.8515737659114374e-01	   7.1958802043224901e-01	   7.4374104710241440e-01	   7.0088524167597344e-01	   8.0438564398779988e-01	   2.7897800649478338e-01	   5.5421885591137088e-01	   6.9884025348257839e-01	   7.9301913221482301e-01	   8.0973531311507063e-01	   8.9212254984276995e-01	   5.5777446404921716e-01	   7.9368202946473276e-01	   5.0697771099096689e-01	   5.4300865696502942e-01	   4.0552554195809354e-01	   4.7349164745781408e-01	   6.8197906034540279e-01	   5.2709526292409259e-01	   7.4907996504051577e-01	   6.9359341969734756e-01	   8.1596895209778908e-01	   7.8797232823655006e-01	   8.4040084382426805e-01	   7.9765673186019603e-01	   7.9268969075484064e-01	   8.3209323716869910e-01	   8.8850720142606310e-01	   8.6639376614480934e-01	   7.7681272008815294e-01	   6.9408225371311238e-01	   8.6434573576598361e-01	   8.7883379789956018e-01	   6.0071257774594722e-01	   4.8423476520072151e-01	   7.3745705563724173e-01	   7.2594095903791556e-01	   3.0001589888275509e-01	   1.9393348204646255e-01	   7.5274372329494424e-02	   1.3800335985900009e-01	   4.8256767810934931e-01	   5.4301181096229922e-01	   8.1904723608290930e-01	   6.8554741705303401e-01	   5.4654934832798541e-01	   4.3483056207713899e-01	  -2.1660496059518142e-02	   2.4925857130866835e-01	   9.9553870710965858e-02	   2.7516771075776963e-01	   5.0797357300443091e-01	   6.2185652694808879e-01	   1.1749692009271931e-01	   8.0978053165184555e-02	   5.1176693572950160e-01	   7.1434908131024977e-01	   5.8714761797754300e-01	   5.9633778800579806e-01	   2.7220635710867280e-01	   6.4382812175205162e-01	   7.0840238911610509e-01	   5.9549831309663639e-02	
   6.3294843487818642e-01	   6.5720419594087043e-01	   5.1475904333687672e-01	   3.6515088493339914e-01	   1.1092891568243092e-01	  -3.1233191611674635e-02	   3.4407741017522786e-01	   5.5776289935116830e-01	   1.6270558159280191e-01	   6.8744956814275074e-02	   8.6242460206042948e-01	   0.0000000000000000e+00	   7.8482768024174143e-01	   9.3272547184700172e-01	   6.3161727241075649e-01	   6.4281656096922635e-01	   8.9865305752970770e-01	   8.9613034650721868e-01	   2.7661497690040882e-01	   2.3849337478969324e-01	   4.9621289500033378e-01	   5.0429258291610790e-01	   6.8848672052076998e-01	   6.2360580178724589e-01	   4.6350280130809246e-01	   4.3869016200186112e-01	   3.3764138760691420e-01	   3.4771289286681983e-01	   8.2857044253502454e-01	   8.1231908605868519e-01	   7.8524217132989205e-01	   8.5062032062058868e-01	   6.2862997534198195e-01	   7.0417280144350303e-01	   3.8263558773146378e-01	   2.6843208485774794e-01	   5.9153376610156938e-01	   5.2707801190699588e-01	   6.8322803309271474e-01	   6.4170998303100335e-01	   7.2316016601456257e-01	   5.5166108249310164e-01	   5.5904330413607428e-01	   5.0027111004248737e-01	   5.0433257026566747e-01	   5.6351438190627012e-01	   5.2932037796575226e-01	   5.4895396142147002e-01	   5.0983619996518315e-01	   5.1829139862961493e-01	   5.3532133271598958e-01	   5.5690687967925645e-01	   4.7220024610914091e-01	   1.5900683004165087e-01	   6.5671928435334104e-01	   6.2878772989438947e-01	   5.9925481676602366e-01	   7.6805032585496924e-01	   2.1490799242454373e-01	   4.7729974592471019e-01	   6.6610528752829701e-01	   7.4559361813209224e-01	   8.0271618259455302e-01	   8.8278890549186717e-01	   4.9734555941801895e-01	   6.7727795778432565e-01	   2.7132758171889115e-01	   3.8023404343523615e-01	   1.8620937369424481e-01	   3.3432204534409582e-01	   6.8164044653938594e-01	   5.7909467836134110e-01	   8.2141016814898160e-01	   8.1907521300277120e-01	   8.4811824678150227e-01	   8.6074145486732356e-01	   8.3254941097221646e-01	   8.0935959929875734e-01	   8.1172518113568026e-01	   9.0859266201826938e-01	   8.9971130910221953e-01	   8.4715097854617227e-01	   6.0884349997022313e-01	   6.1952925879060461e-01	   7.5075716795524583e-01	   7.2331253697271869e-01	   3.4485862935472100e-01	   3.0029600298844517e-01	   4.7694827724129307e-01	   4.9344092824469710e-01	   2.6782802229809877e-02	  -1.2472764022220376e-01	  -1.6765308493215578e-01	  -2.1649024662523328e-01	   3.8917674568702054e-01	   4.1226857008316919e-01	   7.3418553656517616e-01	   6.2423589737077967e-01	   3.9491897226009054e-01	   2.0712579694518116e-01	  -1.4723035832005704e-01	  -6.2377161877000015e-02	   1.3449047379177060e-02	   7.7151696236030048e-02	   3.6564944855608872e-01	   4.2341857826570439e-01	  -6.5861823657764246e-02	  -1.3334027909214768e-01	   4.7625387877415182e-01	   5.4910218243347808e-01	   3.4685072777504500e-01	   3.8395660388116304e-01	   4.6515339119180293e-02	   4.6330835927350672e-01	   5.9489246008623820e-01	   9.0090777333418831e-02	
   6.4899927191909135e-01	   6.9035330965797448e-01	   7.4003258789582449e-01	   5.6388520051179714e-01	   3.2429893293840439e-01	   1.4522053120624040e-01	   6.0589877340808385e-01	   6.5451139477076503e-01	   3.6582432585850588e-01	   1.5896558720685428e-01	   9.5892589059841593e-01	   7.8482768024174143e-01	   0.0000000000000000e+00	   8.2351010474277420e-01	   8.2817513159018163e-01	   6.8525021665915609e-01	   7.4368409393853996e-01	   6.9526358791787191e-01	   4.6901577354306934e-01	   4.0453221497684161e-01	   5.8901094811835564e-01	   5.2998325541281610e-01	   8.8855517811092066e-01	   7.9319395831133399e-01	   7.0467407373540958e-01	   6.0585718442742353e-01	   5.2197241199003208e-01	   5.3590722536879332e-01	   6.4846620728117865e-01	   6.0220155150865606e-01	   8.5333159936996084e-01	   8.1015816079641256e-01	   7.3354917517940976e-01	   7.7778888606983487e-01	   6.4286465719056540e-01	   5.3858909951134271e-01	   6.1200107144745375e-01	   6.0958729309656190e-01	   7.4092953171532860e-01	   6.8320212308958195e-01	   6.9224981816323405e-01	   5.9365967040808099e-01	   5.4490312257846862e-01	   4.8144837992757877e-01	   4.5927504497972066e-01	   5.2888977482812971e-01	   4.7779379598791372e-01	   6.2531448986743388e-01	   4.7493438188995452e-01	   5.2396646061800622e-01	   5.4285359086894713e-01	   6.7900683970034081e-01	   5.6028856613375622e-01	   4.6045219067893972e-01	   7.2966188539376087e-01	   7.4606387682482989e-01	   6.1706109025366351e-01	   7.0090239626550543e-01	   1.7272716340451208e-01	   4.3004703447157699e-01	   5.9775321766734979e-01	   7.2218309728579710e-01	   7.1963377551267582e-01	   7.9050684154434370e-01	   5.7884223934080770e-01	   8.2361331461336174e-01	   5.0238640818601221e-01	   4.8892893064317366e-01	   3.9372398564283334e-01	   4.1975348655599298e-01	   7.0201808027750301e-01	   5.2810355548471399e-01	   7.0118463178435153e-01	   6.4046333054850857e-01	   7.5798925718644738e-01	   7.2751108217935523e-01	   7.7379080120171828e-01	   7.3674146777068217e-01	   7.2584424675368631e-01	   7.7355481096566570e-01	   8.0803546537351179e-01	   8.4125423027671409e-01	   7.3357201464232036e-01	   6.5633434164924187e-01	   8.7718513669165310e-01	   9.0307421281189093e-01	   6.1990595259211101e-01	   5.1787473776903648e-01	   7.6917848495109920e-01	   7.3272259219936042e-01	   3.1312705202033631e-01	   2.2153824784761683e-01	   1.1199849862507541e-01	   2.0637542616271295e-01	   4.4741716806953979e-01	   5.3574330150582739e-01	   7.8489914650317694e-01	   6.5280212346693411e-01	   5.0885335415612976e-01	   4.1250616923361960e-01	  -5.3145039570710623e-02	   2.5033888238599544e-01	   1.6234325932302836e-02	   2.1005951398041603e-01	   4.6181207514375899e-01	   5.9868931517986490e-01	   6.4182319447831565e-02	   4.5717821060824441e-02	   4.5946246324107604e-01	   7.1590876414591709e-01	   6.3687500285732312e-01	   5.9384433038212059e-01	   3.1538556205851181e-01	   6.1940543812268767e-01	   6.4632316291941705e-01	   4.4055629605128065e-02	
